Frame Number;Main Thread;System Used Memory;GC Reserved Memory;Total Reserved Memory;ServerFixedUpdate;TerrainGeneration;PlayerTerrainGenCheck;StructureGeneration;TerrainLogicSystem;GetUpdates;ReevaluatePropagateMarker;PropagateLogicState;PropInputBlocks;PropActiveLogicBlocks;CheckGateState;StatisticsSystem;GhostSimulationSystemGroup;PredictedSimulationSystemGroup;Number of Terrain Areas (Client);Number of Terrain Areas (Server);Number of Players (Client);Number of Players (Server);
1;0;472215552;7143424;394739712;0;0;0;0;0;0;0;0;0;0;0;0;0;0;
2;70076330;477569024;9527296;397123584;0;0;0;0;0;0;0;0;0;0;0;125645;0;0;0;0;0;0;
3;7471502;478363648;9527296;397123584;0;0;0;0;0;0;0;0;0;0;0;2555;0;0;0;0;0;0;
4;3180595;478363648;9527296;397123584;0;0;0;0;0;0;0;0;0;0;0;2004;0;0;0;0;0;0;
5;4522972;487325696;9527296;430678016;0;0;0;0;0;0;0;0;0;0;0;1984;0;0;0;0;0;0;
6;2069251;487866368;9527296;430678016;0;0;0;0;0;0;0;0;0;0;0;1963;0;0;0;0;0;0;
7;1860910;487866368;9527296;430678016;0;0;0;0;0;0;0;0;0;0;0;1232;0;0;0;0;0;0;
8;2564991;487866368;9527296;430678016;0;0;0;0;0;0;0;0;0;0;0;2394;0;0;0;0;0;0;
9;18551791;490508288;9527296;430678016;0;0;0;0;0;0;0;0;0;0;0;2615;0;0;0;0;0;0;
10;1631740;490508288;9527296;430678016;0;0;0;0;0;0;0;0;0;0;0;2154;0;0;0;0;0;0;
11;2780635;490508288;9527296;430678016;0;0;0;0;0;0;0;0;0;0;0;1903;0;0;0;0;0;0;
12;3860300;490508288;9527296;430678016;0;0;0;0;0;0;0;0;0;0;0;2906;0;0;0;0;0;0;
13;2078849;490508288;9527296;430678016;0;0;0;0;0;0;0;0;0;0;0;1442;0;0;0;0;0;0;
14;2725652;490508288;9527296;430678016;0;0;0;0;0;0;0;0;0;0;0;1512;0;0;0;0;0;0;
15;1321018;490508288;9527296;430678016;0;0;0;0;0;0;0;0;0;0;0;1703;0;0;0;0;0;0;
16;3083463;490508288;9527296;430678016;0;0;0;0;0;0;0;0;0;0;0;2294;0;0;0;0;0;0;
17;1383275;490508288;9527296;430678016;0;0;0;0;0;0;0;0;0;0;0;1593;0;0;0;0;0;0;
18;3803283;490823680;9527296;430678016;0;0;0;0;0;0;0;0;0;0;0;2355;0;0;0;0;0;0;
19;6943762;491208704;9527296;430678016;0;0;0;0;0;0;0;0;0;0;0;2214;0;0;0;0;0;0;
20;14615800;491958272;9588736;430739456;0;0;0;0;0;0;0;0;0;0;0;2254;0;0;0;0;0;0;
21;2333026;491958272;9588736;430739456;0;0;0;0;0;0;0;0;0;0;0;2915;0;0;0;0;0;0;
22;2263826;491958272;9588736;430739456;0;0;0;0;0;0;0;0;0;0;0;1744;0;0;0;0;0;0;
23;1781972;491958272;9588736;430739456;0;0;0;0;0;0;0;0;0;0;0;1733;0;0;0;0;0;0;
24;2732895;491958272;9588736;430739456;0;0;0;0;0;0;0;0;0;0;0;1964;0;0;0;0;0;0;
25;2113694;491958272;9588736;430739456;0;0;0;0;0;0;0;0;0;0;0;2354;0;0;0;0;0;0;
26;1941411;491958272;9588736;430739456;0;0;0;0;0;0;0;0;0;0;0;1993;0;0;0;0;0;0;
27;1655205;491958272;9588736;430739456;0;0;0;0;0;0;0;0;0;0;0;1733;0;0;0;0;0;0;
28;2559199;491958272;9588736;430739456;0;0;0;0;0;0;0;0;0;0;0;2405;0;0;0;0;0;0;
29;2559780;491958272;9588736;430739456;0;0;0;0;0;0;0;0;0;0;0;2073;0;0;0;0;0;0;
30;2261311;491958272;9588736;430739456;0;0;0;0;0;0;0;0;0;0;0;2735;0;0;0;0;0;0;
31;1555227;492285952;9588736;430739456;0;0;0;0;0;0;0;0;0;0;0;2354;0;0;0;0;0;0;
32;2159309;492285952;9588736;430739456;0;0;0;0;0;0;0;0;0;0;0;1884;0;0;0;0;0;0;
33;2181141;492285952;9588736;430739456;0;0;0;0;0;0;0;0;0;0;0;2515;0;0;0;0;0;0;
34;1847775;492285952;9588736;430739456;0;0;0;0;0;0;0;0;0;0;0;1964;0;0;0;0;0;0;
35;2316985;492285952;9588736;430739456;0;0;0;0;0;0;0;0;0;0;0;1853;0;0;0;0;0;0;
36;1809424;492285952;9588736;430739456;0;0;0;0;0;0;0;0;0;0;0;1833;0;0;0;0;0;0;
37;1954496;492285952;9588736;430739456;0;0;0;0;0;0;0;0;0;0;0;1704;0;0;0;0;0;0;
38;2468770;492285952;9588736;430739456;0;0;0;0;0;0;0;0;0;0;0;2635;0;0;0;0;0;0;
39;3229897;492285952;9588736;430739456;0;0;0;0;0;0;0;0;0;0;0;2314;0;0;0;0;0;0;
40;1824542;492285952;9588736;430739456;0;0;0;0;0;0;0;0;0;0;0;1894;0;0;0;0;0;0;
41;2509978;492285952;9588736;430739456;0;0;0;0;0;0;0;0;0;0;0;3046;0;0;0;0;0;0;
42;2342233;492285952;9588736;430739456;0;0;0;0;0;0;0;0;0;0;0;1873;0;0;0;0;0;0;
43;1996154;492285952;9588736;430739456;0;0;0;0;0;0;0;0;0;0;0;1984;0;0;0;0;0;0;
44;2732855;492285952;9588736;430739456;0;0;0;0;0;0;0;0;0;0;0;2455;0;0;0;0;0;0;
45;2153038;492285952;9588736;430739456;0;0;0;0;0;0;0;0;0;0;0;2044;0;0;0;0;0;0;
46;2304512;492556288;9588736;430739456;0;0;0;0;0;0;0;0;0;0;0;1794;0;0;0;0;0;0;
47;3338951;492556288;9588736;430739456;0;0;0;0;0;0;0;0;0;0;0;2064;0;0;0;0;0;0;
48;1661055;492556288;9588736;430739456;0;0;0;0;0;0;0;0;0;0;0;3497;0;0;0;0;0;0;
49;3242822;492556288;9588736;430739456;0;0;0;0;0;0;0;0;0;0;0;2595;0;0;0;0;0;0;
50;2393058;492556288;9588736;430739456;0;0;0;0;0;0;0;0;0;0;0;2164;0;0;0;0;0;0;
51;2334488;492556288;9588736;430739456;0;0;0;0;0;0;0;0;0;0;0;2354;0;0;0;0;0;0;
52;2485983;492945408;9588736;430739456;0;0;0;0;0;0;0;0;0;0;0;2404;0;0;0;0;0;0;
53;4388560;492945408;9588736;430739456;0;0;0;0;0;0;0;0;0;0;0;2935;0;0;0;0;0;0;
54;2735480;492945408;9588736;430739456;0;0;0;0;0;0;0;0;0;0;0;2645;0;0;0;0;0;0;
55;3167831;492945408;9588736;430739456;0;0;0;0;0;0;0;0;0;0;0;3035;0;0;0;0;0;0;
56;2619613;493215744;9588736;430739456;0;0;0;0;0;0;0;0;0;0;0;2164;0;0;0;0;0;0;
57;1998308;493944832;9588736;430739456;0;0;0;0;0;0;0;0;0;0;0;1764;0;0;0;0;0;0;
58;3280973;498393088;9588736;447516672;0;0;0;0;0;0;0;0;0;0;0;2114;0;0;0;0;0;0;
59;2760437;498921472;9588736;447516672;0;0;0;0;0;0;0;0;0;0;0;2204;0;0;0;0;0;0;
60;2580539;498921472;9588736;447516672;0;0;0;0;0;0;0;0;0;0;0;2084;0;0;0;0;0;0;
61;2492965;498921472;9588736;447516672;0;0;0;0;0;0;0;0;0;0;0;2575;0;0;0;0;0;0;
62;5772005;499458048;9588736;447516672;0;0;0;0;0;0;0;0;0;0;0;4689;0;0;0;0;43;0;
63;2758583;499728384;9588736;447516672;0;0;0;0;0;0;0;0;0;0;0;2615;0;0;0;0;43;0;
64;3143746;499728384;9588736;447516672;0;0;0;0;0;0;0;0;0;0;0;2054;0;0;0;0;43;0;
65;2452370;499728384;9588736;447516672;0;0;0;0;0;0;0;0;0;0;0;2375;0;0;0;0;43;0;
66;3127525;499728384;9588736;447516672;0;0;0;0;0;0;0;0;0;0;0;2294;0;0;0;0;43;0;
67;5425234;502972416;9588736;447516672;0;0;0;0;0;0;0;0;0;0;0;3136;0;0;0;0;87;0;
68;4151094;507428864;9588736;464293888;0;0;0;0;0;0;0;0;0;0;0;3246;0;0;0;0;87;0;
69;1661095;507428864;9588736;464293888;0;0;0;0;0;0;0;0;0;0;0;1623;0;0;0;0;87;0;
70;1356845;507428864;9588736;464293888;0;0;0;0;0;0;0;0;0;0;0;2033;0;0;0;0;87;0;
71;1254532;507428864;9588736;464293888;0;0;0;0;0;0;0;0;0;0;0;1663;0;0;0;0;87;0;
72;2506261;507428864;9588736;464293888;0;0;0;0;0;0;0;0;0;0;0;1613;0;0;0;0;87;0;
73;7250878;513105920;9588736;464293888;0;0;0;0;0;0;0;0;0;0;0;4288;0;0;0;0;133;0;
74;3111094;513376256;9588736;464293888;0;0;0;0;0;0;0;0;0;0;0;3667;0;0;0;0;133;0;
75;3038939;513376256;9588736;464293888;0;0;0;0;0;0;0;0;0;0;0;2946;0;0;0;0;133;0;
76;3204840;513376256;9588736;464293888;0;0;0;0;0;0;0;0;0;0;0;2404;0;0;0;0;133;0;
77;2786456;513376256;9588736;464293888;0;0;0;0;0;0;0;0;0;0;0;1974;0;0;0;0;133;0;
78;4625375;514187264;9588736;464293888;0;0;0;0;0;0;0;0;0;0;0;4278;0;0;0;0;169;0;
79;2156845;514187264;9588736;464293888;0;0;0;0;0;0;0;0;0;0;0;1893;0;0;0;0;169;0;
80;3462965;514187264;9588736;464293888;0;0;0;0;0;0;0;0;0;0;0;2695;0;0;0;0;169;0;
81;2858020;514453504;9588736;464293888;0;0;0;0;0;0;0;0;0;0;0;2374;0;0;0;0;169;0;
82;4308680;514453504;9588736;464293888;0;0;0;0;0;0;0;0;0;0;0;2244;0;0;0;0;169;0;
83;2013065;514453504;9588736;464293888;0;0;0;0;0;0;0;0;0;0;0;2124;0;0;0;0;169;0;
84;2372810;514453504;9588736;464293888;0;0;0;0;0;0;0;0;0;0;0;1894;0;0;0;0;169;0;
85;1847826;514453504;9588736;464293888;0;0;0;0;0;0;0;0;0;0;0;1853;0;0;0;0;169;0;
86;2867338;514453504;9588736;464293888;0;0;0;0;0;0;0;0;0;0;0;2124;0;0;0;0;169;0;
87;1617453;514453504;9588736;464293888;0;0;0;0;0;0;0;0;0;0;0;1843;0;0;0;0;169;0;
88;2377920;514453504;9588736;464293888;0;0;0;0;0;0;0;0;0;0;0;1754;0;0;0;0;169;0;
89;3272137;514719744;9588736;464293888;0;0;0;0;0;0;0;0;0;0;0;2094;0;0;0;0;169;0;
90;3213807;514719744;9588736;464293888;0;0;0;0;0;0;0;0;0;0;0;3156;0;0;0;0;169;0;
91;2440937;518914048;9588736;481071104;0;0;0;0;0;0;0;0;0;0;0;2134;0;0;0;0;169;0;
92;2180690;518914048;9588736;481071104;0;0;0;0;0;0;0;0;0;0;0;1764;0;0;0;0;169;0;
93;1964163;518914048;9588736;481071104;0;0;0;0;0;0;0;0;0;0;0;1653;0;0;0;0;169;0;
94;2615846;519180288;9588736;481071104;0;0;0;0;0;0;0;0;0;0;0;2915;0;0;0;0;169;0;
95;2684775;519180288;9588736;481071104;0;0;0;0;0;0;0;0;0;0;0;51166;0;0;0;0;169;0;
96;5776093;523161600;9588736;481071104;0;0;0;0;0;0;0;0;0;0;0;2755;0;0;1;0;169;0;
97;2659046;523161600;9588736;481071104;0;0;0;0;0;0;0;0;0;0;0;3125;0;0;1;0;169;0;
98;2345859;523161600;9588736;481071104;0;0;0;0;0;0;0;0;0;0;0;2084;0;0;1;0;169;0;
99;2344486;523161600;9588736;481071104;0;0;0;0;0;0;0;0;0;0;0;1984;0;0;1;0;169;0;
100;2644139;523161600;9588736;481071104;0;0;0;0;0;0;0;0;0;0;0;2354;0;0;1;0;169;0;
101;3088793;523161600;9588736;481071104;0;0;0;0;0;0;0;0;0;0;0;2595;0;0;1;0;169;0;
102;5841184;531697664;9588736;497848320;0;0;0;0;0;0;0;0;0;0;0;2375;0;0;2;0;169;0;
103;2271110;531697664;9588736;497848320;0;0;0;0;0;0;0;0;0;0;0;2364;0;0;2;0;169;0;
104;1978921;531697664;9588736;497848320;0;0;0;0;0;0;0;0;0;0;0;1483;0;0;2;0;169;0;
105;1909982;531697664;9588736;497848320;0;0;0;0;0;0;0;0;0;0;0;1363;0;0;2;0;169;0;
106;2057399;531963904;9588736;497848320;0;0;0;0;0;0;0;0;0;0;0;1373;0;0;2;0;169;0;
107;2151946;531963904;9588736;497848320;0;0;0;0;0;0;0;0;0;0;0;1794;0;0;2;0;169;0;
108;5396401;536010752;9588736;497848320;0;0;0;0;0;0;0;0;0;0;0;2675;0;0;3;0;169;0;
109;2468459;536010752;9588736;497848320;0;0;0;0;0;0;0;0;0;0;0;1954;0;0;3;0;169;0;
110;1663039;536010752;9588736;497848320;0;0;0;0;0;0;0;0;0;0;0;1413;0;0;3;0;169;0;
111;2230003;536281088;9588736;497848320;0;0;0;0;0;0;0;0;0;0;0;1694;0;0;3;0;169;0;
112;2021301;536281088;9588736;497848320;0;0;0;0;0;0;0;0;0;0;0;1723;0;0;3;0;169;0;
113;2895180;536281088;9588736;497848320;0;0;0;0;0;0;0;0;0;0;0;2324;0;0;3;0;169;0;
114;4101753;540475392;9588736;514625536;0;0;0;0;0;0;0;0;0;0;0;3056;0;0;3;0;169;0;
115;4894278;544710656;9588736;514625536;0;0;0;0;0;0;0;0;0;0;0;3356;0;0;4;0;169;0;
116;3270353;544710656;9588736;514625536;0;0;0;0;0;0;0;0;0;0;0;3146;0;0;4;0;169;0;
117;2879360;544710656;9588736;514625536;0;0;0;0;0;0;0;0;0;0;0;2535;0;0;4;0;169;0;
118;2309111;544710656;9588736;514625536;0;0;0;0;0;0;0;0;0;0;0;2134;0;0;4;0;169;0;
119;2945764;544710656;9588736;514625536;0;0;0;0;0;0;0;0;0;0;0;2455;0;0;4;0;169;0;
120;5296353;548958208;9588736;514625536;0;0;0;0;0;0;0;0;0;0;0;3106;0;0;5;0;169;0;
121;2676971;548958208;9588736;514625536;0;0;0;0;0;0;0;0;0;0;0;3126;0;0;5;0;169;0;
122;2552487;548958208;9588736;514625536;0;0;0;0;0;0;0;0;0;0;0;1854;0;0;5;0;169;0;
123;3364028;548958208;9588736;514625536;0;0;0;0;0;0;0;0;0;0;0;2425;0;0;5;0;169;0;
124;4126359;553422848;9588736;531402752;0;0;0;0;0;0;0;0;0;0;0;4177;0;0;5;0;169;0;
125;5188671;557395968;9588736;531402752;0;0;0;0;0;0;0;0;0;0;0;3086;0;0;6;0;169;0;
126;2593344;557662208;9588736;531402752;0;0;0;0;0;0;0;0;0;0;0;2886;0;0;6;0;169;0;
127;3689990;557662208;9588736;531402752;0;0;0;0;0;0;0;0;0;0;0;2033;0;0;6;0;169;0;
128;2620355;557662208;9588736;531402752;0;0;0;0;0;0;0;0;0;0;0;3096;0;0;6;0;169;0;
129;2785434;557662208;9588736;531402752;0;0;0;0;0;0;0;0;0;0;0;1833;0;0;6;0;169;0;
130;5994021;561713152;9588736;531402752;0;0;0;0;0;0;0;0;0;0;0;2846;0;0;7;0;169;0;
131;2950454;561713152;9588736;531402752;0;0;0;0;0;0;0;0;0;0;0;2525;0;0;7;0;169;0;
132;2288642;561713152;9588736;531402752;0;0;0;0;0;0;0;0;0;0;0;2094;0;0;7;0;169;0;
133;2044855;561713152;9588736;531402752;0;0;0;0;0;0;0;0;0;0;0;2144;0;0;7;0;169;0;
134;2315533;561713152;9588736;531402752;0;0;0;0;0;0;0;0;0;0;0;1783;0;0;7;0;169;0;
135;3449740;561713152;9588736;531402752;0;0;0;0;0;0;0;0;0;0;0;2695;0;0;7;0;169;0;
136;3362225;561713152;9588736;531402752;0;0;0;0;0;0;0;0;0;0;0;2695;0;0;7;0;169;0;
137;3034802;561713152;9588736;531402752;0;0;0;0;0;0;0;0;0;0;0;2725;0;0;7;0;169;0;
138;2189266;561713152;9588736;531402752;0;0;0;0;0;0;0;0;0;0;0;2053;0;0;7;0;169;0;
139;2151445;561713152;9588736;531402752;0;0;0;0;0;0;0;0;0;0;0;1893;0;0;7;0;169;0;
140;2595417;561713152;9588736;531402752;0;0;0;0;0;0;0;0;0;0;0;2404;0;0;7;0;169;0;
141;3020695;561713152;9588736;531402752;0;0;0;0;0;0;0;0;0;0;0;2695;0;0;7;0;169;0;
142;2421050;561713152;9588736;531402752;0;0;0;0;0;0;0;0;0;0;0;2795;0;0;7;0;169;0;
143;2182653;561713152;9588736;531402752;0;0;0;0;0;0;0;0;0;0;0;2185;0;0;7;0;169;0;
144;3343049;561713152;9588736;531402752;0;0;0;0;0;0;0;0;0;0;0;2084;0;0;7;0;169;0;
145;2404519;561713152;9588736;531402752;0;0;0;0;0;0;0;0;0;0;0;2635;0;0;7;0;169;0;
146;2395603;561713152;9588736;531402752;0;0;0;0;0;0;0;0;0;0;0;2685;0;0;7;0;169;0;
147;2759425;561713152;9588736;531402752;0;0;0;0;0;0;0;0;0;0;0;2324;0;0;7;0;169;0;
148;3642742;561713152;9588736;531402752;0;0;0;0;0;0;0;0;0;0;0;2845;0;0;7;0;169;0;
149;3522466;561713152;9588736;531402752;0;0;0;0;0;0;0;0;0;0;0;2815;0;0;7;0;169;0;
150;2708830;561713152;9588736;531402752;0;0;0;0;0;0;0;0;0;0;0;2996;0;0;7;0;169;0;
151;2746872;561713152;9588736;531402752;0;0;0;0;0;0;0;0;0;0;0;2114;0;0;7;0;169;0;
152;2204755;561713152;9588736;531402752;0;0;0;0;0;0;0;0;0;0;0;2335;0;0;7;0;169;0;
153;2477265;561713152;9588736;531402752;0;0;0;0;0;0;0;0;0;0;0;2705;0;0;7;0;169;0;
154;2541617;561713152;9588736;531402752;0;0;0;0;0;0;0;0;0;0;0;2304;0;0;7;0;169;0;
155;2615916;561713152;9588736;531402752;0;0;0;0;0;0;0;0;0;0;0;1954;0;0;7;0;169;0;
156;1738511;561713152;9588736;531402752;0;0;0;0;0;0;0;0;0;0;0;2585;0;0;7;0;169;0;
157;2391095;561713152;9588736;531402752;0;0;0;0;0;0;0;0;0;0;0;2705;0;0;7;0;169;0;
158;2749537;561713152;9588736;531402752;0;0;0;0;0;0;0;0;0;0;0;1783;0;0;7;0;169;0;
159;2280868;561713152;9588736;531402752;0;0;0;0;0;0;0;0;0;0;0;1944;0;0;7;0;169;0;
160;2400051;561713152;9588736;531402752;0;0;0;0;0;0;0;0;0;0;0;1984;0;0;7;0;169;0;
161;3114371;561713152;9588736;531402752;0;0;0;0;0;0;0;0;0;0;0;3156;0;0;7;0;169;0;
162;2888988;561713152;9588736;531402752;0;0;0;0;0;0;0;0;0;0;0;2004;0;0;7;0;169;0;
163;2496522;561713152;9588736;531402752;0;0;0;0;0;0;0;0;0;0;0;2695;0;0;7;0;169;0;
164;2101130;561713152;9588736;531402752;0;0;0;0;0;0;0;0;0;0;0;2094;0;0;7;0;169;0;
165;2935996;561713152;9588736;531402752;0;0;0;0;0;0;0;0;0;0;0;1964;0;0;7;0;169;0;
166;2542899;561713152;9588736;531402752;0;0;0;0;0;0;0;0;0;0;0;2475;0;0;7;0;169;0;
167;2169067;561713152;9588736;531402752;0;0;0;0;0;0;0;0;0;0;0;2194;0;0;7;0;169;0;
168;2652454;561713152;9588736;531402752;0;0;0;0;0;0;0;0;0;0;0;2345;0;0;7;0;169;0;
169;2923763;561713152;9588736;531402752;0;0;0;0;0;0;0;0;0;0;0;2755;0;0;7;0;169;0;
170;2728537;561713152;9588736;531402752;0;0;0;0;0;0;0;0;0;0;0;2044;0;0;7;0;169;0;
171;1339472;561713152;9588736;531402752;0;0;0;0;0;0;0;0;0;0;0;1853;0;0;7;0;169;0;
172;3192558;561713152;9588736;531402752;0;0;0;0;0;0;0;0;0;0;0;2835;0;0;7;0;169;0;
173;2104206;561713152;9588736;531402752;0;0;0;0;0;0;0;0;0;0;0;2014;0;0;7;0;169;0;
174;3173681;561713152;9588736;531402752;0;0;0;0;0;0;0;0;0;0;0;2104;0;0;7;0;169;0;
175;4887175;568389632;9588736;548179968;0;0;0;0;0;0;0;0;0;0;0;2765;0;0;8;0;169;0;
176;12335042;572620800;9588736;548179968;0;0;0;0;0;0;0;0;0;0;0;3948;0;0;9;0;170;0;
177;6826523;572620800;9588736;548179968;0;0;0;0;0;0;0;0;0;0;0;4969;0;0;9;0;170;0;
178;1518087;573505536;9588736;548179968;0;0;0;0;0;0;0;0;0;0;0;1502;0;0;9;0;170;0;
179;2679064;573505536;9588736;548179968;0;0;0;0;0;0;0;0;0;0;0;1964;0;0;9;0;170;0;
180;3462804;573505536;9588736;548179968;0;0;0;0;0;0;0;0;0;0;0;1843;0;0;9;0;170;0;
181;2969499;573505536;9588736;548179968;0;0;0;0;0;0;0;0;0;0;0;1522;0;0;9;0;170;0;
182;1611813;573505536;9588736;548179968;0;0;0;0;0;0;0;0;0;0;0;1723;0;0;9;0;170;0;
183;3525962;573505536;9588736;548179968;0;0;0;0;0;0;0;0;0;0;0;1573;0;0;9;0;170;0;
184;2654949;573505536;9588736;548179968;0;0;0;0;0;0;0;0;0;0;0;2645;0;0;9;0;170;0;
185;3440712;573505536;9588736;548179968;0;0;0;0;0;0;0;0;0;0;0;2344;0;0;9;0;170;0;
186;3728202;573505536;9588736;548179968;0;0;0;0;0;0;0;0;0;0;0;2414;0;0;9;0;170;0;
187;2745900;573505536;9588736;548179968;0;0;0;0;0;0;0;0;0;0;0;1924;0;0;9;0;170;0;
188;3322732;573505536;9588736;548179968;0;0;0;0;0;0;0;0;0;0;0;2014;0;0;9;0;170;0;
189;2045466;573505536;9588736;548179968;0;0;0;0;0;0;0;0;0;0;0;1783;0;0;9;0;170;0;
190;1741957;573505536;9588736;548179968;0;0;0;0;0;0;0;0;0;0;0;1924;0;0;9;0;170;0;
191;1948535;573505536;9588736;548179968;0;0;0;0;0;0;0;0;0;0;0;1884;0;0;9;0;170;0;
192;3710278;573505536;9588736;548179968;0;0;0;0;0;0;0;0;0;0;0;2024;0;0;9;0;170;0;
193;4196500;573505536;9588736;548179968;0;0;0;0;0;0;0;0;0;0;0;2144;0;0;9;0;170;0;
194;2949451;573505536;9588736;548179968;0;0;0;0;0;0;0;0;0;0;0;3336;0;0;9;0;170;0;
195;2538000;573505536;9588736;548179968;0;0;0;0;0;0;0;0;0;0;0;2064;0;0;9;0;170;0;
196;3238985;573505536;9588736;548179968;0;0;0;0;0;0;0;0;0;0;0;2355;0;0;9;0;170;0;
197;3435232;573505536;9588736;548179968;0;0;0;0;0;0;0;0;0;0;0;2294;0;0;9;0;170;0;
198;4713730;577757184;9588736;548179968;0;0;0;0;0;0;0;0;0;0;0;2735;0;0;10;0;170;0;
199;2434025;577757184;9588736;548179968;0;0;0;0;0;0;0;0;0;0;0;2014;0;0;10;0;170;0;
200;3044901;577757184;9588736;548179968;0;0;0;0;0;0;0;0;0;0;0;2444;0;0;10;0;170;0;
201;1920090;577757184;9588736;548179968;0;0;0;0;0;0;0;0;0;0;0;1473;0;0;10;0;170;0;
202;1623816;577757184;9588736;548179968;0;0;0;0;0;0;0;0;0;0;0;1403;0;0;10;0;170;0;
203;2162265;577757184;9588736;548179968;0;0;0;0;0;0;0;0;0;0;0;1563;0;0;10;0;170;0;
204;2927260;577757184;9588736;548179968;0;0;0;0;0;0;0;0;0;0;0;1994;0;0;10;0;170;0;
205;2458260;577757184;9588736;548179968;0;0;0;0;0;0;0;0;0;0;0;1714;0;0;10;0;170;0;
206;3085206;577757184;9588736;548179968;0;0;0;0;0;0;0;0;0;0;0;2034;0;0;10;0;170;0;
207;3349802;577757184;9588736;548179968;0;0;0;0;0;0;0;0;0;0;0;2265;0;0;10;0;170;0;
208;2875412;577757184;9588736;548179968;0;0;0;0;0;0;0;0;0;0;0;1883;0;0;10;0;170;0;
209;1495685;577757184;9588736;548179968;0;0;0;0;0;0;0;0;0;0;0;1743;0;0;10;0;170;0;
210;2318178;577757184;9588736;548179968;0;0;0;0;0;0;0;0;0;0;0;1814;0;0;10;0;170;0;
211;2295645;577757184;9588736;548179968;0;0;0;0;0;0;0;0;0;0;0;2074;0;0;10;0;170;0;
212;3545570;577757184;9588736;548179968;0;0;0;0;0;0;0;0;0;0;0;2614;0;0;10;0;170;0;
213;1838839;577757184;9588736;548179968;0;0;0;0;0;0;0;0;0;0;0;1914;0;0;10;0;170;0;
214;1926994;577757184;9588736;548179968;0;0;0;0;0;0;0;0;0;0;0;1563;0;0;10;0;170;0;
215;1803783;577757184;9588736;548179968;0;0;0;0;0;0;0;0;0;0;0;1673;0;0;10;0;170;0;
216;2981832;577757184;9588736;548179968;0;0;0;0;0;0;0;0;0;0;0;2545;0;0;10;0;170;0;
217;2041328;577757184;9588736;548179968;0;0;0;0;0;0;0;0;0;0;0;1623;0;0;10;0;170;0;
218;2030408;577757184;9588736;548179968;0;0;0;0;0;0;0;0;0;0;0;1693;0;0;10;0;170;0;
219;1634045;577757184;9588736;548179968;0;0;0;0;0;0;0;0;0;0;0;1633;0;0;10;0;170;0;
220;2369513;577757184;9588736;548179968;0;0;0;0;0;0;0;0;0;0;0;1913;0;0;10;0;170;0;
221;1920702;577757184;9588736;548179968;0;0;0;0;0;0;0;0;0;0;0;1583;0;0;10;0;170;0;
222;2266130;577757184;9588736;548179968;0;0;0;0;0;0;0;0;0;0;0;2235;0;0;10;0;170;0;
223;2479099;577757184;9588736;548179968;0;0;0;0;0;0;0;0;0;0;0;2054;0;0;10;0;170;0;
224;2506761;577757184;9588736;548179968;0;0;0;0;0;0;0;0;0;0;0;2034;0;0;10;0;170;0;
225;2920678;577757184;9588736;548179968;0;0;0;0;0;0;0;0;0;0;0;1993;0;0;10;0;170;0;
226;2214994;577757184;9588736;548179968;0;0;0;0;0;0;0;0;0;0;0;405530;0;0;10;0;170;0;
227;3450681;578027520;9588736;548179968;0;0;0;0;0;0;0;0;0;0;0;2084;0;0;10;0;170;0;
228;3062965;578027520;9588736;548179968;0;0;0;0;0;0;0;0;0;0;0;2084;0;0;10;0;170;0;
229;2566523;578027520;9588736;548179968;0;0;0;0;0;0;0;0;0;0;0;114575;0;0;10;0;170;0;
230;3822819;578027520;9588736;548179968;0;0;0;0;0;0;0;0;0;0;0;2284;0;0;10;0;170;0;
231;3559055;578027520;9588736;548179968;0;0;0;0;0;0;0;0;0;0;0;3006;0;0;10;0;170;0;
232;2131848;578027520;9588736;548179968;0;0;0;0;0;0;0;0;0;0;0;1914;0;0;10;0;170;0;
233;2000071;578027520;9588736;548179968;0;0;0;0;0;0;0;0;0;0;0;1482;0;0;10;0;170;0;
234;1399284;578027520;9588736;548179968;0;0;0;0;0;0;0;0;0;0;0;1423;0;0;10;0;170;0;
235;2612420;578027520;9588736;548179968;0;0;0;0;0;0;0;0;0;0;0;1823;0;0;10;0;170;0;
236;2016512;578027520;9588736;548179968;0;0;0;0;0;0;0;0;0;0;0;1533;0;0;10;0;170;0;
237;3918759;578027520;9588736;548179968;0;0;0;0;0;0;0;0;0;0;0;2204;0;0;10;0;170;0;
238;2203332;578027520;9588736;548179968;0;0;0;0;0;0;0;0;0;0;0;2515;0;0;10;0;170;0;
239;2886743;578027520;9588736;548179968;0;0;0;0;0;0;0;0;0;0;0;1803;0;0;10;0;170;0;
240;3029421;578027520;9588736;548179968;0;0;0;0;0;0;0;0;0;0;0;2384;0;0;10;0;170;0;
241;1563963;578027520;9588736;548179968;0;0;0;0;0;0;0;0;0;0;0;2094;0;0;10;0;170;0;
242;2589366;578027520;9588736;548179968;0;0;0;0;0;0;0;0;0;0;0;2514;0;0;10;0;170;0;
243;3154215;578027520;9588736;548179968;0;0;0;0;0;0;0;0;0;0;0;2394;0;0;10;0;170;0;
244;2537438;578027520;9588736;548179968;0;0;0;0;0;0;0;0;0;0;0;2044;0;0;10;0;170;0;
245;2525647;578027520;9588736;548179968;0;0;0;0;0;0;0;0;0;0;0;2365;0;0;10;0;170;0;
246;2347092;578027520;9588736;548179968;0;0;0;0;0;0;0;0;0;0;0;1763;0;0;10;0;170;0;
247;2357381;578027520;9588736;548179968;0;0;0;0;0;0;0;0;0;0;0;1753;0;0;10;0;170;0;
248;2035818;578027520;9588736;548179968;0;0;0;0;0;0;0;0;0;0;0;2144;0;0;10;0;170;0;
249;2761970;578027520;9588736;548179968;0;0;0;0;0;0;0;0;0;0;0;2404;0;0;10;0;170;0;
250;2835327;578027520;9588736;548179968;0;0;0;0;0;0;0;0;0;0;0;2355;0;0;10;0;170;0;
251;2216357;578027520;9588736;548179968;0;0;0;0;0;0;0;0;0;0;0;2204;0;0;10;0;170;0;
252;2135625;578297856;9588736;548179968;0;0;0;0;0;0;0;0;0;0;0;2054;0;0;10;0;170;0;
253;1798393;578297856;9588736;548179968;0;0;0;0;0;0;0;0;0;0;0;1774;0;0;10;0;170;0;
254;2004169;578297856;9588736;548179968;0;0;0;0;0;0;0;0;0;0;0;1573;0;0;10;0;170;0;
255;2324178;578297856;9588736;548179968;0;0;0;0;0;0;0;0;0;0;0;1473;0;0;10;0;170;0;
256;1708103;578297856;9588736;548179968;0;0;0;0;0;0;0;0;0;0;0;1463;0;0;10;0;170;0;
257;1195833;578297856;9588736;548179968;0;0;0;0;0;0;0;0;0;0;0;1423;0;0;10;0;170;0;
258;1390157;578568192;9588736;548179968;0;0;0;0;0;0;0;0;0;0;0;1794;0;0;10;0;170;0;
259;1546921;578568192;9588736;548179968;0;0;0;0;0;0;0;0;0;0;0;1593;0;0;10;0;170;0;
260;1192566;578568192;9588736;548179968;0;0;0;0;0;0;0;0;0;0;0;1353;0;0;10;0;170;0;
261;1013931;578568192;9588736;548179968;0;0;0;0;0;0;0;0;0;0;0;1432;0;0;10;0;170;0;
262;883136;578568192;9588736;548179968;0;0;0;0;0;0;0;0;0;0;0;1503;0;0;10;0;170;0;
263;2428334;578568192;9588736;548179968;0;0;0;0;0;0;0;0;0;0;0;1803;0;0;10;0;170;0;
264;2568768;578568192;9588736;548179968;0;0;0;0;0;0;0;0;0;0;0;1823;0;0;10;0;170;0;
265;1387923;578568192;9588736;548179968;0;0;0;0;0;0;0;0;0;0;0;2043;0;0;10;0;170;0;
266;1796840;578568192;9588736;548179968;0;0;0;0;0;0;0;0;0;0;0;1784;0;0;10;0;170;0;
267;2054342;578568192;9588736;548179968;0;0;0;0;0;0;0;0;0;0;0;1433;0;0;10;0;170;0;
268;1876970;578568192;9588736;548179968;0;0;0;0;0;0;0;0;0;0;0;27201;0;0;10;0;170;0;
269;1678177;578568192;9588736;548179968;0;0;0;0;0;0;0;0;0;0;0;1894;0;0;10;0;170;0;
270;1673839;578568192;9588736;548179968;0;0;0;0;0;0;0;0;0;0;0;1362;0;0;10;0;170;0;
271;1284189;578568192;9588736;548179968;0;0;0;0;0;0;0;0;0;0;0;1874;0;0;10;0;170;0;
272;1877080;578568192;9588736;548179968;0;0;0;0;0;0;0;0;0;0;0;1993;0;0;10;0;170;0;
273;2651873;578568192;9588736;548179968;0;0;0;0;0;0;0;0;0;0;0;1923;0;0;10;0;170;0;
274;2484970;578568192;9588736;548179968;0;0;0;0;0;0;0;0;0;0;0;2054;0;0;10;0;170;0;
275;773581;578568192;9588736;548179968;0;0;0;0;0;0;0;0;0;0;0;1573;0;0;10;0;170;0;
276;1937023;578568192;9588736;548179968;0;0;0;0;0;0;0;0;0;0;0;1403;0;0;10;0;170;0;
277;1228775;578568192;9588736;548179968;0;0;0;0;0;0;0;0;0;0;0;1483;0;0;10;0;170;0;
278;2137278;578568192;9588736;548179968;0;0;0;0;0;0;0;0;0;0;0;1653;0;0;10;0;170;0;
279;2126398;578568192;9588736;548179968;0;0;0;0;0;0;0;0;0;0;0;2174;0;0;10;0;170;0;
280;743614;578568192;9588736;548179968;0;0;0;0;0;0;0;0;0;0;0;1473;0;0;10;0;170;0;
281;2118884;578568192;9588736;548179968;0;0;0;0;0;0;0;0;0;0;0;1452;0;0;10;0;170;0;
282;1883953;578568192;9588736;548179968;0;0;0;0;0;0;0;0;0;0;0;1623;0;0;10;0;170;0;
283;1856392;578568192;9588736;548179968;0;0;0;0;0;0;0;0;0;0;0;1904;0;0;10;0;170;0;
284;1220148;578568192;9588736;548179968;0;0;0;0;0;0;0;0;0;0;0;1412;0;0;10;0;170;0;
285;2034054;578568192;9588736;548179968;0;0;0;0;0;0;0;0;0;0;0;1633;0;0;10;0;170;0;
286;2887925;578568192;9588736;548179968;0;0;0;0;0;0;0;0;0;0;0;2144;0;0;10;0;170;0;
287;2025719;578568192;9588736;548179968;0;0;0;0;0;0;0;0;0;0;0;1563;0;0;10;0;170;0;
288;882294;578568192;9588736;548179968;0;0;0;0;0;0;0;0;0;0;0;1412;0;0;10;0;170;0;
289;1943735;578568192;9588736;548179968;0;0;0;0;0;0;0;0;0;0;0;2074;0;0;10;0;170;0;
290;1499092;578568192;9588736;548179968;0;0;0;0;0;0;0;0;0;0;0;1653;0;0;10;0;170;0;
291;1483402;578568192;9588736;548179968;0;0;0;0;0;0;0;0;0;0;0;1532;0;0;10;0;170;0;
292;1907628;578568192;9588736;548179968;0;0;0;0;0;0;0;0;0;0;0;1403;0;0;10;0;170;0;
293;1426314;578568192;9588736;548179968;0;0;0;0;0;0;0;0;0;0;0;1713;0;0;10;0;170;0;
294;1737960;578568192;9588736;548179968;0;0;0;0;0;0;0;0;0;0;0;1492;0;0;10;0;170;0;
295;2459112;578568192;9588736;548179968;0;0;0;0;0;0;0;0;0;0;0;1954;0;0;10;0;170;0;
296;1284018;578568192;9588736;548179968;0;0;0;0;0;0;0;0;0;0;0;1352;0;0;10;0;170;0;
297;2002144;578568192;9588736;548179968;0;0;0;0;0;0;0;0;0;0;0;1553;0;0;10;0;170;0;
298;2517842;578568192;9588736;548179968;0;0;0;0;0;0;0;0;0;0;0;2194;0;0;10;0;170;0;
299;2207179;578568192;9588736;548179968;0;0;0;0;0;0;0;0;0;0;0;1823;0;0;10;0;170;0;
300;2547728;578568192;9588736;548179968;0;0;0;0;0;0;0;0;0;0;0;2033;0;0;10;0;170;0;
301;2123783;578568192;9588736;548179968;0;0;0;0;0;0;0;0;0;0;0;2004;0;0;10;0;170;0;
302;3419012;578568192;9588736;548179968;0;0;0;0;0;0;0;0;0;0;0;1734;0;0;10;0;170;0;
303;2089599;578568192;9588736;548179968;0;0;0;0;0;0;0;0;0;0;0;2284;0;0;10;0;170;0;
304;2101912;578568192;9588736;548179968;0;0;0;0;0;0;0;0;0;0;0;1874;0;0;10;0;170;0;
305;1183951;578568192;9588736;548179968;0;0;0;0;0;0;0;0;0;0;0;1873;0;0;10;0;170;0;
306;2833464;578568192;9588736;548179968;0;0;0;0;0;0;0;0;0;0;0;1383;0;0;10;0;170;0;
307;1922114;578568192;9588736;548179968;0;0;0;0;0;0;0;0;0;0;0;1993;0;0;10;0;170;0;
308;1520652;578568192;9588736;548179968;0;0;0;0;0;0;0;0;0;0;0;1713;0;0;10;0;170;0;
309;2112502;578568192;9588736;548179968;0;0;0;0;0;0;0;0;0;0;0;1833;0;0;10;0;170;0;
310;1760642;578568192;9588736;548179968;0;0;0;0;0;0;0;0;0;0;0;1643;0;0;10;0;170;0;
311;1857774;578568192;9588736;548179968;0;0;0;0;0;0;0;0;0;0;0;1573;0;0;10;0;170;0;
312;3563373;578568192;9588736;548179968;0;0;0;0;0;0;0;0;0;0;0;1843;0;0;10;0;170;0;
313;2512011;582762496;9588736;564957184;0;0;0;0;0;0;0;0;0;0;0;2926;0;0;10;0;170;0;
314;3072182;582762496;9588736;564957184;0;0;0;0;0;0;0;0;0;0;0;2806;0;0;10;0;170;0;
315;732654;582762496;9588736;564957184;0;0;0;0;0;0;0;0;0;0;0;1463;0;0;10;0;170;0;
316;1942183;582762496;9588736;564957184;0;0;0;0;0;0;0;0;0;0;0;1593;0;0;10;0;170;0;
317;1588930;582762496;9588736;564957184;0;0;0;0;0;0;0;0;0;0;0;1533;0;0;10;0;170;0;
318;3440823;582762496;9588736;564957184;0;0;0;0;0;0;0;0;0;0;0;2094;0;0;10;0;170;0;
319;2802025;582762496;9588736;564957184;0;0;0;0;0;0;0;0;0;0;0;2284;0;0;10;0;170;0;
320;2121759;582762496;9588736;564957184;0;0;0;0;0;0;0;0;0;0;0;2164;0;0;10;0;170;0;
321;1300138;582762496;9588736;564957184;0;0;0;0;0;0;0;0;0;0;0;1663;0;0;10;0;170;0;
322;938079;582762496;9588736;564957184;0;0;0;0;0;0;0;0;0;0;0;1553;0;0;10;0;170;0;
323;1507196;582762496;9588736;564957184;0;0;0;0;0;0;0;0;0;0;0;2004;0;0;10;0;170;0;
324;3137964;582762496;9588736;564957184;0;0;0;0;0;0;0;0;0;0;0;1673;0;0;10;0;170;0;
325;2038242;583016448;9588736;564957184;0;0;0;0;0;0;0;0;0;0;0;1593;0;0;10;0;170;0;
326;2039275;583016448;9588736;564957184;0;0;0;0;0;0;0;0;0;0;0;2043;0;0;10;0;170;0;
327;3538266;583016448;9588736;564957184;0;0;0;0;0;0;0;0;0;0;0;1402;0;0;10;0;170;0;
328;1336967;583016448;9588736;564957184;0;0;0;0;0;0;0;0;0;0;0;2354;0;0;10;0;170;0;
329;871785;583016448;9588736;564957184;0;0;0;0;0;0;0;0;0;0;0;1563;0;0;10;0;170;0;
330;3673268;583016448;9588736;564957184;0;0;0;0;0;0;0;0;0;0;0;2044;0;0;10;0;170;0;
331;2137137;583016448;9588736;564957184;0;0;0;0;0;0;0;0;0;0;0;1954;0;0;10;0;170;0;
332;2456687;583016448;9588736;564957184;0;0;0;0;0;0;0;0;0;0;0;1883;0;0;10;0;170;0;
333;1842285;583016448;9588736;564957184;0;0;0;0;0;0;0;0;0;0;0;1993;0;0;10;0;170;0;
334;2999355;583016448;9588736;564957184;0;0;0;0;0;0;0;0;0;0;0;1893;0;0;10;0;170;0;
335;2549280;583016448;9588736;564957184;0;0;0;0;0;0;0;0;0;0;0;2224;0;0;10;0;170;0;
336;2895610;583016448;9588736;564957184;0;0;0;0;0;0;0;0;0;0;0;1904;0;0;10;0;170;0;
337;4047490;586997760;9588736;564957184;0;0;0;0;0;0;0;0;0;0;0;2344;0;0;11;0;170;0;
338;2567495;586997760;9588736;564957184;0;0;0;0;0;0;0;0;0;0;0;1583;0;0;11;0;170;0;
339;2452931;586997760;9588736;564957184;0;0;0;0;0;0;0;0;0;0;0;1813;0;0;11;0;170;0;
340;3147643;586997760;9588736;564957184;0;0;0;0;0;0;0;0;0;0;0;1863;0;0;11;0;170;0;
341;2640481;586997760;9588736;564957184;0;0;0;0;0;0;0;0;0;0;0;1854;0;0;11;0;170;0;
342;3408602;586997760;9588736;564957184;0;0;0;0;0;0;0;0;0;0;0;3136;0;0;11;0;170;0;
343;6985230;591319040;9588736;564957184;0;0;0;0;0;0;0;0;0;0;0;3406;0;0;12;0;170;0;
344;4684756;595513344;9588736;581734400;0;0;0;0;0;0;0;0;0;0;0;3055;0;0;12;0;170;0;
345;2590168;595513344;9588736;581734400;0;0;0;0;0;0;0;0;0;0;0;2084;0;0;12;0;170;0;
346;4484440;599748608;9588736;581734400;0;0;0;0;0;0;0;0;0;0;0;2284;0;0;13;0;170;0;
347;3977559;599748608;9588736;581734400;0;0;0;0;0;0;0;0;0;0;0;2976;0;0;13;0;170;0;
348;4534764;599748608;9588736;581734400;0;0;0;0;0;0;0;0;0;0;0;2805;0;0;13;0;170;0;
349;3083313;599748608;9588736;581734400;0;0;0;0;0;0;0;0;0;0;0;2374;0;0;13;0;170;0;
350;5387323;603725824;9588736;581734400;0;0;0;0;0;0;0;0;0;0;0;2936;0;0;14;0;170;0;
351;1575004;603725824;9588736;581734400;0;0;0;0;0;0;0;0;0;0;0;1803;0;0;14;0;170;0;
352;1776562;603725824;9588736;581734400;0;0;0;0;0;0;0;0;0;0;0;1512;0;0;14;0;170;0;
353;2335049;603725824;9588736;581734400;0;0;0;0;0;0;0;0;0;0;0;1512;0;0;14;0;170;0;
354;3605241;603967488;9572352;581718016;0;0;0;0;0;0;0;0;0;0;0;2134;0;0;14;0;170;0;
355;3418131;603967488;9572352;581718016;0;0;0;0;0;0;0;0;0;0;0;3406;0;0;14;0;170;0;
356;3697485;603967488;9572352;581718016;0;0;0;0;0;0;0;0;0;0;0;2615;0;0;14;0;170;0;
357;3067713;603967488;9572352;581718016;0;0;0;0;0;0;0;0;0;0;0;2254;0;0;14;0;170;0;
358;3560107;603967488;9572352;581718016;0;0;0;0;0;0;0;0;0;0;0;1734;0;0;14;0;170;0;
359;1880216;603967488;9572352;581718016;0;0;0;0;0;0;0;0;0;0;0;1533;0;0;14;0;170;0;
360;2302919;603967488;9572352;581718016;0;0;0;0;0;0;0;0;0;0;0;1673;0;0;14;0;170;0;
361;2099117;603967488;9572352;581718016;0;0;0;0;0;0;0;0;0;0;0;1503;0;0;14;0;170;0;
362;2744296;603967488;9572352;581718016;0;0;0;0;0;0;0;0;0;0;0;1563;0;0;14;0;170;0;
363;2310493;603967488;9572352;581718016;0;0;0;0;0;0;0;0;0;0;0;1523;0;0;14;0;170;0;
364;1974453;603967488;9572352;581718016;0;0;0;0;0;0;0;0;0;0;0;1483;0;0;14;0;170;0;
365;2453942;603967488;9572352;581718016;0;0;0;0;0;0;0;0;0;0;0;1472;0;0;14;0;170;0;
366;2536447;603967488;9572352;581718016;0;0;0;0;0;0;0;0;0;0;0;1393;0;0;14;0;170;0;
367;4007546;603967488;9572352;581718016;0;0;0;0;0;0;0;0;0;0;0;2725;0;0;14;0;170;0;
368;2945635;603967488;9572352;581718016;0;0;0;0;0;0;0;0;0;0;0;1873;0;0;14;0;170;0;
369;2766579;603967488;9572352;581718016;0;0;0;0;0;0;0;0;0;0;0;1663;0;0;14;0;170;0;
370;2904367;603967488;9572352;581718016;0;0;0;0;0;0;0;0;0;0;0;1673;0;0;14;0;170;0;
371;4635093;603967488;9572352;581718016;0;0;0;0;0;0;0;0;0;0;0;2044;0;0;14;0;170;0;
372;2818265;603967488;9572352;581718016;0;0;0;0;0;0;0;0;0;0;0;454252;0;0;14;0;170;0;
373;2351269;603967488;9572352;581718016;0;0;0;0;0;0;0;0;0;0;0;1573;0;0;14;0;170;0;
374;2319199;603967488;9572352;581718016;0;0;0;0;0;0;0;0;0;0;0;1503;0;0;14;0;170;0;
375;1793083;603967488;9572352;581718016;0;0;0;0;0;0;0;0;0;0;0;1333;0;0;14;0;170;0;
376;1446793;603967488;9572352;581718016;0;0;0;0;0;0;0;0;0;0;0;1583;0;0;14;0;170;0;
377;3134198;603967488;9572352;581718016;0;0;0;0;0;0;0;0;0;0;0;1603;0;0;14;0;170;0;
378;3342428;603967488;9572352;581718016;0;0;0;0;0;0;0;0;0;0;0;1513;0;0;14;0;170;0;
379;2075863;603967488;9572352;581718016;0;0;0;0;0;0;0;0;0;0;0;1593;0;0;14;0;170;0;
380;6066968;607903744;9285632;598208512;0;0;0;0;0;0;0;0;0;0;0;3376;0;0;14;0;170;0;
381;3819453;607903744;9285632;598208512;0;0;0;0;0;0;0;0;0;0;0;2365;0;0;14;0;170;0;
382;3002721;607903744;9285632;598208512;0;0;0;0;0;0;0;0;0;0;0;1543;0;0;14;0;170;0;
383;3084565;607903744;9285632;598208512;0;0;0;0;0;0;0;0;0;0;0;1723;0;0;14;0;170;0;
384;2976312;607903744;9285632;598208512;0;0;0;0;0;0;0;0;0;0;0;1543;0;0;14;0;170;0;
385;3511416;607903744;9285632;598208512;0;0;0;0;0;0;0;0;0;0;0;1823;0;0;14;0;170;0;
386;2541837;607903744;9285632;598208512;0;0;0;0;0;0;0;0;0;0;0;1533;0;0;14;0;170;0;
387;3087991;607903744;9285632;598208512;0;0;0;0;0;0;0;0;0;0;0;1573;0;0;14;0;170;0;
388;4395573;612147200;9285632;598208512;0;0;0;0;0;0;0;0;0;0;0;2505;0;0;15;0;170;0;
389;2934844;612147200;9285632;598208512;0;0;0;0;0;0;0;0;0;0;0;1803;0;0;15;0;170;0;
390;3536913;612147200;9285632;598208512;0;0;0;0;0;0;0;0;0;0;0;1673;0;0;15;0;170;0;
391;2853391;612147200;9285632;598208512;0;0;0;0;0;0;0;0;0;0;0;1604;0;0;15;0;170;0;
392;2360797;612147200;9285632;598208512;0;0;0;0;0;0;0;0;0;0;0;1644;0;0;15;0;170;0;
393;4180410;618438656;9285632;614985728;0;0;0;0;0;0;0;0;0;0;0;2815;0;0;16;0;170;0;
394;3147543;618438656;9285632;614985728;0;0;0;0;0;0;0;0;0;0;0;1823;0;0;16;0;170;0;
395;2858791;618438656;9285632;614985728;0;0;0;0;0;0;0;0;0;0;0;1683;0;0;16;0;170;0;
396;2631094;618438656;9285632;614985728;0;0;0;0;0;0;0;0;0;0;0;1553;0;0;16;0;170;0;
397;2196349;618438656;9285632;614985728;0;0;0;0;0;0;0;0;0;0;0;1432;0;0;16;0;170;0;
398;2794521;618438656;9285632;614985728;0;0;0;0;0;0;0;0;0;0;0;1593;0;0;16;0;170;0;
399;2513884;618438656;9285632;614985728;0;0;0;0;0;0;0;0;0;0;0;1533;0;0;16;0;170;0;
400;2165601;618438656;9285632;614985728;0;0;0;0;0;0;0;0;0;0;0;1523;0;0;16;0;170;0;
401;2710012;618438656;9285632;614985728;0;0;0;0;0;0;0;0;0;0;0;1412;0;0;16;0;170;0;
402;3155839;618438656;9285632;614985728;0;0;0;0;0;0;0;0;0;0;0;1674;0;0;16;0;170;0;
403;3055861;618438656;9285632;614985728;0;0;0;0;0;0;0;0;0;0;0;1533;0;0;16;0;170;0;
404;6201680;622833664;12472320;618172416;0;0;0;0;0;0;0;0;0;0;0;2424;0;0;17;0;170;0;
405;2523362;622833664;12472320;618172416;0;0;0;0;0;0;0;0;0;0;0;1663;0;0;17;0;170;0;
406;2894468;622833664;12472320;618172416;0;0;0;0;0;0;0;0;0;0;0;1313;0;0;17;0;170;0;
407;2711545;622833664;12472320;618172416;0;0;0;0;0;0;0;0;0;0;0;1483;0;0;17;0;170;0;
408;2565762;622833664;12472320;618172416;0;0;0;0;0;0;0;0;0;0;0;1512;0;0;17;0;170;0;
409;3658782;624721920;12472320;618172416;0;0;0;0;0;0;0;0;0;0;0;2615;0;0;18;0;170;0;
410;3088872;624721920;12472320;618172416;0;0;0;0;0;0;0;0;0;0;0;1583;0;0;18;0;170;0;
411;2833053;624721920;12472320;618172416;0;0;0;0;0;0;0;0;0;0;0;1502;0;0;18;0;170;0;
412;2217769;624721920;12472320;618172416;0;0;0;0;0;0;0;0;0;0;0;1583;0;0;18;0;170;0;
413;2173687;624721920;12472320;618172416;0;0;0;0;0;0;0;0;0;0;0;1363;0;0;18;0;170;0;
414;3316089;626880512;12472320;618172416;0;0;0;0;0;0;0;0;0;0;0;2634;0;0;19;0;170;0;
415;2577073;626880512;12472320;618172416;0;0;0;0;0;0;0;0;0;0;0;1533;0;0;19;0;170;0;
416;2901000;626880512;12472320;618172416;0;0;0;0;0;0;0;0;0;0;0;1442;0;0;19;0;170;0;
417;2411293;626880512;12472320;618172416;0;0;0;0;0;0;0;0;0;0;0;1392;0;0;19;0;170;0;
418;2815410;631074816;12472320;634949632;0;0;0;0;0;0;0;0;0;0;0;1634;0;0;19;0;170;0;
419;2496482;631074816;12472320;634949632;0;0;0;0;0;0;0;0;0;0;0;1473;0;0;19;0;170;0;
420;3173482;631074816;12472320;634949632;0;0;0;0;0;0;0;0;0;0;0;1462;0;0;19;0;170;0;
421;2334769;631074816;12472320;634949632;0;0;0;0;0;0;0;0;0;0;0;1433;0;0;19;0;170;0;
422;2735140;631074816;12472320;634949632;0;0;0;0;0;0;0;0;0;0;0;1553;0;0;19;0;170;0;
423;2816803;631074816;12472320;634949632;0;0;0;0;0;0;0;0;0;0;0;1593;0;0;19;0;170;0;
424;1642711;631332864;12472320;634949632;0;0;0;0;0;0;0;0;0;0;0;1543;0;0;19;0;170;0;
425;2923513;631332864;12472320;634949632;0;0;0;0;0;0;0;0;0;0;0;1363;0;0;19;0;170;0;
426;2419077;631332864;12472320;634949632;0;0;0;0;0;0;0;0;0;0;0;1583;0;0;19;0;170;0;
427;2511280;631451648;12369920;634847232;0;0;0;0;0;0;0;0;0;0;0;1804;0;0;19;0;170;0;
428;2731393;631451648;12369920;634847232;0;0;0;0;0;0;0;0;0;0;0;1623;0;0;19;0;170;0;
429;1820124;631451648;12369920;634847232;0;0;0;0;0;0;0;0;0;0;0;1553;0;0;19;0;170;0;
430;2700465;631451648;12369920;634847232;0;0;0;0;0;0;0;0;0;0;0;24406;0;0;19;0;170;0;
431;2892816;631451648;12369920;634847232;0;0;0;0;0;0;0;0;0;0;0;1663;0;0;19;0;170;0;
432;3696512;631451648;12369920;634847232;0;0;0;0;0;0;0;0;0;0;0;1453;0;0;19;0;170;0;
433;4609094;635432960;12369920;634847232;0;0;0;0;0;0;0;0;0;0;0;2654;0;0;20;0;170;0;
434;2587062;635691008;12369920;634847232;0;0;0;0;0;0;0;0;0;0;0;1583;0;0;20;0;170;0;
435;2862378;639885312;12369920;651624448;0;0;0;0;0;0;0;0;0;0;0;24206;0;0;20;0;170;0;
436;2777719;639885312;12369920;651624448;0;0;0;0;0;0;0;0;0;0;0;1493;0;0;20;0;170;0;
437;2014899;639885312;12369920;651624448;0;0;0;0;0;0;0;0;0;0;0;1432;0;0;20;0;170;0;
438;1949796;639885312;12369920;651624448;0;0;0;0;0;0;0;0;0;0;0;1393;0;0;20;0;170;0;
439;2338646;639885312;12369920;651624448;0;0;0;0;0;0;0;0;0;0;0;1412;0;0;20;0;170;0;
440;2690796;639885312;12369920;651624448;0;0;0;0;0;0;0;0;0;0;0;1373;0;0;20;0;170;0;
441;2680096;639885312;12369920;651624448;0;0;0;0;0;0;0;0;0;0;0;1282;0;0;20;0;170;0;
442;3408382;639885312;12369920;651624448;0;0;0;0;0;0;0;0;0;0;0;1463;0;0;20;0;170;0;
443;2837491;639885312;12369920;651624448;0;0;0;0;0;0;0;0;0;0;0;1413;0;0;20;0;170;0;
444;2403698;639885312;12369920;651624448;0;0;0;0;0;0;0;0;0;0;0;1743;0;0;20;0;170;0;
445;3846374;644116480;12369920;651624448;0;0;0;0;0;0;0;0;0;0;0;2064;0;0;21;0;170;0;
446;2923182;644116480;12369920;651624448;0;0;0;0;0;0;0;0;0;0;0;1422;0;0;21;0;170;0;
447;2447410;644116480;12369920;651624448;0;0;0;0;0;0;0;0;0;0;0;1192;0;0;21;0;170;0;
448;2777208;644116480;12369920;651624448;0;0;0;0;0;0;0;0;0;0;0;1613;0;0;21;0;170;0;
449;3304688;644374528;12328960;651583488;0;0;0;0;0;0;0;0;0;0;0;1502;0;0;21;0;170;0;
450;3814463;650665984;12328960;668360704;0;0;0;0;0;0;0;0;0;0;0;2946;0;0;22;0;170;0;
451;3784668;650665984;12328960;668360704;0;0;0;0;0;0;0;0;0;0;0;1573;0;0;22;0;170;0;
452;2744227;650665984;12328960;668360704;0;0;0;0;0;0;0;0;0;0;0;1603;0;0;22;0;170;0;
453;2255991;650665984;12328960;668360704;0;0;0;0;0;0;0;0;0;0;0;1663;0;0;22;0;170;0;
454;6570271;650665984;12328960;668360704;0;0;0;0;0;0;0;0;0;0;0;1432;0;0;22;0;170;0;
455;3612134;650665984;12328960;668360704;0;0;0;0;0;0;0;0;0;0;0;2084;0;0;22;0;170;0;
456;2395332;650665984;12328960;668360704;0;0;0;0;0;0;0;0;0;0;0;1453;0;0;22;0;170;0;
457;2026802;650665984;12328960;668360704;0;0;0;0;0;0;0;0;0;0;0;1443;0;0;22;0;170;0;
458;2345108;650665984;12328960;668360704;0;0;0;0;0;0;0;0;0;0;0;1543;0;0;22;0;170;0;
459;3587959;650665984;12328960;668360704;0;0;0;0;0;0;0;0;0;0;0;1773;0;0;22;0;170;0;
460;3744873;654884864;12328960;668360704;0;0;0;0;0;0;0;0;0;0;0;1963;0;0;23;0;170;0;
461;3145690;654884864;12328960;668360704;0;0;0;0;0;0;0;0;0;0;0;1242;0;0;23;0;170;0;
462;3020063;654884864;12328960;668360704;0;0;0;0;0;0;0;0;0;0;0;1473;0;0;23;0;170;0;
463;2492985;654884864;12328960;668360704;0;0;0;0;0;0;0;0;0;0;0;1493;0;0;23;0;170;0;
464;2409349;654884864;12328960;668360704;0;0;0;0;0;0;0;0;0;0;0;1463;0;0;23;0;170;0;
465;4049835;657047552;12328960;668360704;0;0;0;0;0;0;0;0;0;0;0;1863;0;0;24;0;170;0;
466;2631014;657047552;12328960;668360704;0;0;0;0;0;0;0;0;0;0;0;1473;0;0;24;0;170;0;
467;3305660;657047552;12328960;668360704;0;0;0;0;0;0;0;0;0;0;0;1463;0;0;24;0;170;0;
468;2009789;657047552;12328960;668360704;0;0;0;0;0;0;0;0;0;0;0;1493;0;0;24;0;170;0;
469;1177628;657047552;12328960;668360704;0;0;0;0;0;0;0;0;0;0;0;1433;0;0;24;0;170;0;
470;1838207;657203200;12283904;668315648;0;0;0;0;0;0;0;0;0;0;0;1343;0;0;24;0;170;0;
471;2176642;657203200;12283904;668315648;0;0;0;0;0;0;0;0;0;0;0;1573;0;0;24;0;170;0;
472;2360647;657203200;12283904;668315648;0;0;0;0;0;0;0;0;0;0;0;1654;0;0;24;0;170;0;
473;2367230;657203200;12283904;668315648;0;0;0;0;0;0;0;0;0;0;0;1593;0;0;24;0;170;0;
474;2400552;657203200;12283904;668315648;0;0;0;0;0;0;0;0;0;0;0;1263;0;0;24;0;170;0;
475;2827933;657203200;12283904;668315648;0;0;0;0;0;0;0;0;0;0;0;1493;0;0;24;0;170;0;
476;2794200;657203200;12283904;668315648;0;0;0;0;0;0;0;0;0;0;0;1513;0;0;24;0;170;0;
477;2178716;657203200;12283904;668315648;0;0;0;0;0;0;0;0;0;0;0;1543;0;0;24;0;170;0;
478;4227418;661250048;12283904;668315648;0;0;0;0;0;0;0;0;0;0;0;1683;0;0;25;0;170;0;
479;2135315;661250048;12283904;668315648;0;0;0;0;0;0;0;0;0;0;0;1653;0;0;25;0;170;0;
480;1642641;661250048;12283904;668315648;0;0;0;0;0;0;0;0;0;0;0;1453;0;0;25;0;170;0;
481;1535099;661250048;12283904;668315648;0;0;0;0;0;0;0;0;0;0;0;1432;0;0;25;0;170;0;
482;2232697;661250048;12283904;668315648;0;0;0;0;0;0;0;0;0;0;0;1373;0;0;25;0;170;0;
483;1844419;661250048;12283904;668315648;0;0;0;0;0;0;0;0;0;0;0;1553;0;0;25;0;170;0;
484;2465654;661250048;12283904;668315648;0;0;0;0;0;0;0;0;0;0;0;1422;0;0;25;0;170;0;
485;3093972;661250048;12283904;668315648;0;0;0;0;0;0;0;0;0;0;0;1453;0;0;25;0;170;0;
486;1917115;661250048;12283904;668315648;0;0;0;0;0;0;0;0;0;0;0;1222;0;0;25;0;170;0;
487;2872808;661250048;12283904;668315648;0;0;0;0;0;0;0;0;0;0;0;1282;0;0;25;0;170;0;
488;2159530;661250048;12283904;668315648;0;0;0;0;0;0;0;0;0;0;0;1372;0;0;25;0;170;0;
489;2421441;661250048;12283904;668315648;0;0;0;0;0;0;0;0;0;0;0;1533;0;0;25;0;170;0;
490;5476340;661250048;12283904;668315648;0;0;0;0;0;0;0;0;0;0;0;1503;0;0;25;0;170;0;
491;3104662;661360640;12230656;668262400;0;0;0;0;0;0;0;0;0;0;0;1382;0;0;25;0;170;0;
492;2597381;661360640;12230656;668262400;0;0;0;0;0;0;0;0;0;0;0;1402;0;0;25;0;170;0;
493;2672522;661360640;12230656;668262400;0;0;0;0;0;0;0;0;0;0;0;1353;0;0;25;0;170;0;
494;2772710;661360640;12230656;668262400;0;0;0;0;0;0;0;0;0;0;0;1623;0;0;25;0;170;0;
495;2248457;661360640;12230656;668262400;0;0;0;0;0;0;0;0;0;0;0;1403;0;0;25;0;170;0;
496;2169068;661360640;12230656;668262400;0;0;0;0;0;0;0;0;0;0;0;2104;0;0;25;0;170;0;
497;2003838;661360640;12230656;668262400;0;0;0;0;0;0;0;0;0;0;0;1452;0;0;25;0;170;0;
498;2201980;661360640;12230656;668262400;0;0;0;0;0;0;0;0;0;0;0;1643;0;0;25;0;170;0;
499;2119305;661360640;12230656;668262400;0;0;0;0;0;0;0;0;0;0;0;1512;0;0;25;0;170;0;
500;3271946;661360640;12230656;668262400;0;0;0;0;0;0;0;0;0;0;0;1664;0;0;25;0;170;0;
501;3045100;661360640;12230656;668262400;0;0;0;0;0;0;0;0;0;0;0;1413;0;0;25;0;170;0;
502;2079600;661360640;12230656;668262400;0;0;0;0;0;0;0;0;0;0;0;1463;0;0;25;0;170;0;
503;2950774;661360640;12230656;668262400;0;0;0;0;0;0;0;0;0;0;0;1372;0;0;25;0;170;0;
504;1865399;661360640;12230656;668262400;0;0;0;0;0;0;0;0;0;0;0;1232;0;0;25;0;170;0;
505;2760296;661360640;12230656;668262400;0;0;0;0;0;0;0;0;0;0;0;1733;0;0;25;0;170;0;
506;2694523;661360640;12230656;668262400;0;0;0;0;0;0;0;0;0;0;0;1443;0;0;25;0;170;0;
507;1779968;661360640;12230656;668262400;0;0;0;0;0;0;0;0;0;0;0;1263;0;0;25;0;170;0;
508;2055014;661360640;12230656;668262400;0;0;0;0;0;0;0;0;0;0;0;1572;0;0;25;0;170;0;
509;3132475;661360640;12230656;668262400;0;0;0;0;0;0;0;0;0;0;0;1513;0;0;25;0;170;0;
510;3600702;661360640;12230656;668262400;0;0;0;0;0;0;0;0;0;0;0;1864;0;0;25;0;170;0;
511;2846749;661360640;12230656;668262400;0;0;0;0;0;0;0;0;0;0;0;1433;0;0;25;0;170;0;
512;2366629;661360640;12230656;668262400;0;0;0;0;0;0;0;0;0;0;0;1483;0;0;25;0;170;0;
513;1493140;661360640;12230656;668262400;0;0;0;0;0;0;0;0;0;0;0;1423;0;0;25;0;170;0;
514;3721129;661360640;12230656;668262400;0;0;0;0;0;0;0;0;0;0;0;1542;0;0;25;0;170;0;
515;2900159;661360640;12230656;668262400;0;0;0;0;0;0;0;0;0;0;0;1362;0;0;25;0;170;0;
516;2576271;661360640;12230656;668262400;0;0;0;0;0;0;0;0;0;0;0;1473;0;0;25;0;170;0;
517;2430899;661360640;12230656;668262400;0;0;0;0;0;0;0;0;0;0;0;1513;0;0;25;0;170;0;
518;3271956;661360640;12230656;668262400;0;0;0;0;0;0;0;0;0;0;0;1523;0;0;25;0;170;0;
519;2848392;661360640;12230656;668262400;0;0;0;0;0;0;0;0;0;0;0;1643;0;0;25;0;170;0;
520;3145328;661360640;12230656;668262400;0;0;0;0;0;0;0;0;0;0;0;1533;0;0;25;0;170;0;
521;2166232;661360640;12230656;668262400;0;0;0;0;0;0;0;0;0;0;0;1483;0;0;25;0;170;0;
522;2580960;661360640;12230656;668262400;0;0;0;0;0;0;0;0;0;0;0;1413;0;0;25;0;170;0;
523;3426266;661360640;12230656;668262400;0;0;0;0;0;0;0;0;0;0;0;1543;0;0;25;0;170;0;
524;2796475;661360640;12230656;668262400;0;0;0;0;0;0;0;0;0;0;0;1423;0;0;25;0;170;0;
525;2753053;661360640;12230656;668262400;0;0;0;0;0;0;0;0;0;0;0;1663;0;0;25;0;170;0;
526;2213762;661360640;12230656;668262400;0;0;0;0;0;0;0;0;0;0;0;1443;0;0;25;0;170;0;
527;2463620;665554944;12230656;685039616;0;0;0;0;0;0;0;0;0;0;0;2184;0;0;25;0;170;0;
528;2747202;665554944;12230656;685039616;0;0;0;0;0;0;0;0;0;0;0;1343;0;0;25;0;170;0;
529;2355156;665554944;12230656;685039616;0;0;0;0;0;0;0;0;0;0;0;202119;0;0;25;0;170;0;
530;2791625;665554944;12230656;685039616;0;0;0;0;0;0;0;0;0;0;0;2014;0;0;25;0;170;0;
531;2017603;665554944;12230656;685039616;0;0;0;0;0;0;0;0;0;0;0;1422;0;0;25;0;170;0;
532;2899577;665554944;12230656;685039616;0;0;0;0;0;0;0;0;0;0;0;1633;0;0;25;0;170;0;
533;2900740;665554944;12230656;685039616;0;0;0;0;0;0;0;0;0;0;0;1393;0;0;25;0;170;0;
534;2450265;665554944;12230656;685039616;0;0;0;0;0;0;0;0;0;0;0;1473;0;0;25;0;170;0;
535;2482225;665554944;12230656;685039616;0;0;0;0;0;0;0;0;0;0;0;283311;0;0;25;0;170;0;
536;3642962;665554944;12230656;685039616;0;0;0;0;0;0;0;0;0;0;0;1603;0;0;25;0;170;0;
537;2165201;665554944;12230656;685039616;0;0;0;0;0;0;0;0;0;0;0;1623;0;0;25;0;170;0;
538;2419808;665554944;12230656;685039616;0;0;0;0;0;0;0;0;0;0;0;1553;0;0;25;0;170;0;
539;2382649;665554944;12230656;685039616;0;0;0;0;0;0;0;0;0;0;0;1553;0;0;25;0;170;0;
540;2460124;665554944;12230656;685039616;0;0;0;0;0;0;0;0;0;0;0;1563;0;0;25;0;170;0;
541;2207660;665554944;12230656;685039616;0;0;0;0;0;0;0;0;0;0;0;1543;0;0;25;0;170;0;
542;2534603;665554944;12230656;685039616;0;0;0;0;0;0;0;0;0;0;0;1473;0;0;25;0;170;0;
543;2718528;665554944;12230656;685039616;0;0;0;0;0;0;0;0;0;0;0;1593;0;0;25;0;170;0;
544;1678338;665554944;12230656;685039616;0;0;0;0;0;0;0;0;0;0;0;1262;0;0;25;0;170;0;
545;2742493;665554944;12230656;685039616;0;0;0;0;0;0;0;0;0;0;0;1553;0;0;25;0;170;0;
546;2870153;665554944;12230656;685039616;0;0;0;0;0;0;0;0;0;0;0;1483;0;0;25;0;170;0;
547;3477642;665554944;12230656;685039616;0;0;0;0;0;0;0;0;0;0;0;2114;0;0;25;0;170;0;
548;2996680;665554944;12230656;685039616;0;0;0;0;0;0;0;0;0;0;0;1633;0;0;25;0;170;0;
549;3044410;665554944;12230656;685039616;0;0;0;0;0;0;0;0;0;0;0;1502;0;0;25;0;170;0;
550;1892559;665554944;12230656;685039616;0;0;0;0;0;0;0;0;0;0;0;1493;0;0;25;0;170;0;
551;5392183;671846400;12230656;701816832;0;0;0;0;0;0;0;0;0;0;0;3326;0;0;26;0;170;0;
552;3300369;671846400;12230656;701816832;0;0;0;0;0;0;0;0;0;0;0;1944;0;0;26;0;170;0;
553;2598112;671846400;12230656;701816832;0;0;0;0;0;0;0;0;0;0;0;1583;0;0;26;0;170;0;
554;3627503;671846400;12230656;701816832;0;0;0;0;0;0;0;0;0;0;0;1783;0;0;26;0;170;0;
555;2910007;671846400;12230656;701816832;0;0;0;0;0;0;0;0;0;0;0;1723;0;0;26;0;170;0;
556;2033844;671846400;12230656;701816832;0;0;0;0;0;0;0;0;0;0;0;1553;0;0;26;0;170;0;
557;1920983;671846400;12230656;701816832;0;0;0;0;0;0;0;0;0;0;0;1462;0;0;26;0;170;0;
558;2769073;671846400;12230656;701816832;0;0;0;0;0;0;0;0;0;0;0;1432;0;0;26;0;170;0;
559;3173341;671846400;12230656;701816832;0;0;0;0;0;0;0;0;0;0;0;1563;0;0;26;0;170;0;
560;2472436;671846400;12230656;701816832;0;0;0;0;0;0;0;0;0;0;0;1854;0;0;26;0;170;0;
561;4820791;676057088;12230656;701816832;0;0;0;0;0;0;0;0;0;0;0;3176;0;0;27;0;170;0;
562;3228194;676057088;12230656;701816832;0;0;0;0;0;0;0;0;0;0;0;1784;0;0;27;0;170;0;
563;3722011;676192256;12161024;701747200;0;0;0;0;0;0;0;0;0;0;0;1533;0;0;27;0;170;0;
564;3327571;676192256;12161024;701747200;0;0;0;0;0;0;0;0;0;0;0;1613;0;0;27;0;170;0;
565;2434446;676192256;12161024;701747200;0;0;0;0;0;0;0;0;0;0;0;1423;0;0;27;0;170;0;
566;4900971;680165376;12161024;701747200;0;0;0;0;0;0;0;0;0;0;0;2736;0;0;28;0;170;0;
567;2366288;680165376;12161024;701747200;0;0;0;0;0;0;0;0;0;0;0;1724;0;0;28;0;170;0;
568;3520953;680165376;12161024;701747200;0;0;0;0;0;0;0;0;0;0;0;1693;0;0;28;0;170;0;
569;2343445;680165376;12161024;701747200;0;0;0;0;0;0;0;0;0;0;0;1432;0;0;28;0;170;0;
570;2765506;680165376;12161024;701747200;0;0;0;0;0;0;0;0;0;0;0;1864;0;0;28;0;170;0;
571;3292655;680165376;12161024;701747200;0;0;0;0;0;0;0;0;0;0;0;1643;0;0;28;0;170;0;
572;2481644;680165376;12161024;701747200;0;0;0;0;0;0;0;0;0;0;0;1743;0;0;28;0;170;0;
573;2291066;680165376;12161024;701747200;0;0;0;0;0;0;0;0;0;0;0;2304;0;0;28;0;170;0;
574;2655340;680165376;12161024;701747200;0;0;0;0;0;0;0;0;0;0;0;1463;0;0;28;0;170;0;
575;2470994;680165376;12161024;701747200;0;0;0;0;0;0;0;0;0;0;0;1283;0;0;28;0;170;0;
576;2501381;680165376;12161024;701747200;0;0;0;0;0;0;0;0;0;0;0;2014;0;0;28;0;170;0;
577;2217539;680165376;12161024;701747200;0;0;0;0;0;0;0;0;0;0;0;1623;0;0;28;0;170;0;
578;2963638;680165376;12161024;701747200;0;0;0;0;0;0;0;0;0;0;0;1764;0;0;28;0;170;0;
579;3021216;680165376;12161024;701747200;0;0;0;0;0;0;0;0;0;0;0;1553;0;0;28;0;170;0;
580;4232357;680165376;12161024;701747200;0;0;0;0;0;0;0;0;0;0;0;1913;0;0;28;0;170;0;
581;3638744;680165376;12161024;701747200;0;0;0;0;0;0;0;0;0;0;0;2033;0;0;28;0;170;0;
582;6755910;684490752;12161024;701747200;0;0;0;0;0;0;0;0;0;0;0;3176;0;0;29;0;170;0;
583;3976156;684490752;12161024;701747200;0;0;0;0;0;0;0;0;0;0;0;2414;0;0;29;0;170;0;
584;2872938;684490752;12161024;701747200;0;0;0;0;0;0;0;0;0;0;0;1563;0;0;29;0;170;0;
585;3698767;684490752;12161024;701747200;0;0;0;0;0;0;0;0;0;0;0;1563;0;0;29;0;170;0;
586;2440718;684490752;12161024;701747200;0;0;0;0;0;0;0;0;0;0;0;1513;0;0;29;0;170;0;
587;2987633;684490752;12161024;701747200;0;0;0;0;0;0;0;0;0;0;0;1533;0;0;29;0;170;0;
588;3045652;684490752;12161024;701747200;0;0;0;0;0;0;0;0;0;0;0;1683;0;0;29;0;170;0;
589;2380645;684490752;12161024;701747200;0;0;0;0;0;0;0;0;0;0;0;2023;0;0;29;0;170;0;
590;2444555;684490752;12161024;701747200;0;0;0;0;0;0;0;0;0;0;0;1654;0;0;29;0;170;0;
591;2068971;684490752;12161024;701747200;0;0;0;0;0;0;0;0;0;0;0;1884;0;0;29;0;170;0;
592;3121835;684490752;12161024;701747200;0;0;0;0;0;0;0;0;0;0;0;1774;0;0;29;0;170;0;
593;2708920;684490752;12161024;701747200;0;0;0;0;0;0;0;0;0;0;0;1693;0;0;29;0;170;0;
594;2745780;684490752;12161024;701747200;0;0;0;0;0;0;0;0;0;0;0;1583;0;0;29;0;170;0;
595;3525281;686587904;12161024;703844352;0;0;0;0;0;0;0;0;0;0;0;1934;0;0;29;0;170;0;
596;3924921;686632960;9637888;701321216;0;0;0;0;0;0;0;0;0;0;0;2946;0;0;29;0;170;0;
597;1775009;686632960;9637888;701321216;0;0;0;0;0;0;0;0;0;0;0;1393;0;0;29;0;170;0;
598;3190032;686632960;9637888;701321216;0;0;0;0;0;0;0;0;0;0;0;1482;0;0;29;0;170;0;
599;3201704;686632960;9637888;701321216;0;0;0;0;0;0;0;0;0;0;0;1523;0;0;29;0;170;0;
600;3148826;686632960;9637888;701321216;0;0;0;0;0;0;0;0;0;0;0;1633;0;0;29;0;170;0;
601;3472862;686632960;9637888;701321216;0;0;0;0;0;0;0;0;0;0;0;1663;0;0;29;0;170;0;
602;2414187;686632960;9637888;701321216;0;0;0;0;0;0;0;0;0;0;0;1823;0;0;29;0;170;0;
603;3474025;690827264;9637888;718098432;0;0;0;0;0;0;0;0;0;0;0;2645;0;0;29;0;170;0;
604;3481699;690827264;9637888;718098432;0;0;0;0;0;0;0;0;0;0;0;1443;0;0;29;0;170;0;
605;3575956;690827264;9637888;718098432;0;0;0;0;0;0;0;0;0;0;0;2385;0;0;29;0;170;0;
606;3228335;690827264;9637888;718098432;0;0;0;0;0;0;0;0;0;0;0;1774;0;0;29;0;170;0;
607;1977369;690827264;9637888;718098432;0;0;0;0;0;0;0;0;0;0;0;1703;0;0;29;0;170;0;
608;2706396;690827264;9637888;718098432;0;0;0;0;0;0;0;0;0;0;0;1532;0;0;29;0;170;0;
609;3740194;690827264;9637888;718098432;0;0;0;0;0;0;0;0;0;0;0;1693;0;0;29;0;170;0;
610;2401845;690827264;9637888;718098432;0;0;0;0;0;0;0;0;0;0;0;1583;0;0;29;0;170;0;
611;3379378;690827264;9637888;718098432;0;0;0;0;0;0;0;0;0;0;0;1743;0;0;29;0;170;0;
612;5750033;694939648;9515008;717975552;0;0;0;0;0;0;0;0;0;0;0;3597;0;0;30;0;170;0;
613;3438088;694939648;9515008;717975552;0;0;0;0;0;0;0;0;0;0;0;3096;0;0;30;0;170;0;
614;2675327;694939648;9515008;717975552;0;0;0;0;0;0;0;0;0;0;0;2134;0;0;30;0;170;0;
615;2176442;694939648;9515008;717975552;0;0;0;0;0;0;0;0;0;0;0;1703;0;0;30;0;170;0;
616;2177474;694939648;9515008;717975552;0;0;0;0;0;0;0;0;0;0;0;1593;0;0;30;0;170;0;
617;6615056;698986496;9515008;717975552;0;0;0;0;0;0;0;0;0;0;0;2675;0;0;31;0;170;0;
618;2993724;698986496;9515008;717975552;0;0;0;0;0;0;0;0;0;0;0;2855;0;0;31;0;170;0;
619;2626837;698986496;9515008;717975552;0;0;0;0;0;0;0;0;0;0;0;1784;0;0;31;0;170;0;
620;3447906;698986496;9515008;717975552;0;0;0;0;0;0;0;0;0;0;0;1703;0;0;31;0;170;0;
621;3170466;698986496;9515008;717975552;0;0;0;0;0;0;0;0;0;0;0;1442;0;0;31;0;170;0;
622;1759720;698986496;9515008;717975552;0;0;0;0;0;0;0;0;0;0;0;1463;0;0;31;0;170;0;
623;3431405;698986496;9515008;717975552;0;0;0;0;0;0;0;0;0;0;0;2164;0;0;31;0;170;0;
624;2811322;698986496;9515008;717975552;0;0;0;0;0;0;0;0;0;0;0;2284;0;0;31;0;170;0;
625;2132570;698986496;9515008;717975552;0;0;0;0;0;0;0;0;0;0;0;1423;0;0;31;0;170;0;
626;2513284;698986496;9515008;717975552;0;0;0;0;0;0;0;0;0;0;0;1563;0;0;31;0;170;0;
627;2541256;698986496;9515008;717975552;0;0;0;0;0;0;0;0;0;0;0;1693;0;0;31;0;170;0;
628;3162841;699027456;9482240;717942784;0;0;0;0;0;0;0;0;0;0;0;1633;0;0;31;0;170;0;
629;2230473;699027456;9482240;717942784;0;0;0;0;0;0;0;0;0;0;0;1463;0;0;31;0;170;0;
630;3595773;699027456;9482240;717942784;0;0;0;0;0;0;0;0;0;0;0;2144;0;0;31;0;170;0;
631;5696944;705318912;9482240;734720000;0;0;0;0;0;0;0;0;0;0;0;3336;0;0;32;0;170;0;
632;3238964;705318912;9482240;734720000;0;0;0;0;0;0;0;0;0;0;0;1793;0;0;32;0;170;0;
633;3210060;705318912;9482240;734720000;0;0;0;0;0;0;0;0;0;0;0;1814;0;0;32;0;170;0;
634;3332089;705318912;9482240;734720000;0;0;0;0;0;0;0;0;0;0;0;2164;0;0;32;0;170;0;
635;2947217;705318912;9482240;734720000;0;0;0;0;0;0;0;0;0;0;0;1623;0;0;32;0;170;0;
636;2504266;705318912;9482240;734720000;0;0;0;0;0;0;0;0;0;0;0;1483;0;0;32;0;170;0;
637;2403848;705318912;9482240;734720000;0;0;0;0;0;0;0;0;0;0;0;1553;0;0;32;0;170;0;
638;2094127;705318912;9482240;734720000;0;0;0;0;0;0;0;0;0;0;0;1763;0;0;32;0;170;0;
639;3254283;705318912;9482240;734720000;0;0;0;0;0;0;0;0;0;0;0;1513;0;0;32;0;170;0;
640;2665999;705318912;9482240;734720000;0;0;0;0;0;0;0;0;0;0;0;1593;0;0;32;0;170;0;
641;2316183;705318912;9482240;734720000;0;0;0;0;0;0;0;0;0;0;0;1634;0;0;32;0;170;0;
642;3418361;705318912;12005376;737243136;0;0;0;0;0;0;0;0;0;0;0;2104;0;0;32;0;170;0;
643;2597852;705560576;12005376;737243136;0;0;0;0;0;0;0;0;0;0;0;1994;0;0;32;0;170;0;
644;2445917;705560576;12005376;737243136;0;0;0;0;0;0;0;0;0;0;0;1493;0;0;32;0;170;0;
645;2298280;705560576;12005376;737243136;0;0;0;0;0;0;0;0;0;0;0;1663;0;0;32;0;170;0;
646;2418316;705560576;12005376;737243136;0;0;0;0;0;0;0;0;0;0;0;1914;0;0;32;0;170;0;
647;3012930;705560576;12005376;737243136;0;0;0;0;0;0;0;0;0;0;0;1593;0;0;32;0;170;0;
648;3457444;705560576;12005376;737243136;0;0;0;0;0;0;0;0;0;0;0;2304;0;0;32;0;170;0;
649;3291213;705560576;12005376;737243136;0;0;0;0;0;0;0;0;0;0;0;2294;0;0;32;0;170;0;
650;2404570;705560576;12005376;737243136;0;0;0;0;0;0;0;0;0;0;0;1984;0;0;32;0;170;0;
651;2924204;705560576;12005376;737243136;0;0;0;0;0;0;0;0;0;0;0;1643;0;0;32;0;170;0;
652;3084405;705560576;12005376;737243136;0;0;0;0;0;0;0;0;0;0;0;2224;0;0;32;0;170;0;
653;1559114;705560576;12005376;737243136;0;0;0;0;0;0;0;0;0;0;0;1673;0;0;32;0;170;0;
654;1514861;705560576;12005376;737243136;0;0;0;0;0;0;0;0;0;0;0;1613;0;0;32;0;170;0;
655;2036068;705560576;12005376;737243136;0;0;0;0;0;0;0;0;0;0;0;1653;0;0;32;0;170;0;
656;2630964;705560576;12005376;737243136;0;0;0;0;0;0;0;0;0;0;0;1583;0;0;32;0;170;0;
657;3179132;705560576;12005376;737243136;0;0;0;0;0;0;0;0;0;0;0;1773;0;0;32;0;170;0;
658;4742675;705830912;12005376;737243136;0;0;0;0;0;0;0;0;0;0;0;2695;0;0;32;0;170;0;
659;6162597;709816320;12005376;737243136;0;0;0;0;0;0;0;0;0;0;0;2565;0;0;33;0;170;0;
660;5722682;714063872;12005376;737243136;0;0;0;0;0;0;0;0;0;0;0;3096;0;0;34;0;170;0;
661;2349496;714063872;12005376;737243136;0;0;0;0;0;0;0;0;0;0;0;1743;0;0;34;0;170;0;
662;2073529;714063872;12005376;737243136;0;0;0;0;0;0;0;0;0;0;0;1763;0;0;34;0;170;0;
663;2482155;714063872;12005376;737243136;0;0;0;0;0;0;0;0;0;0;0;1713;0;0;34;0;170;0;
664;2326483;714063872;12005376;737243136;0;0;0;0;0;0;0;0;0;0;0;1933;0;0;34;0;170;0;
665;2340570;714063872;12005376;737243136;0;0;0;0;0;0;0;0;0;0;0;2474;0;0;34;0;170;0;
666;3145198;714063872;12005376;737243136;0;0;0;0;0;0;0;0;0;0;0;1854;0;0;34;0;170;0;
667;2723528;714063872;12005376;737243136;0;0;0;0;0;0;0;0;0;0;0;2465;0;0;34;0;170;0;
668;3486058;714063872;12005376;737243136;0;0;0;0;0;0;0;0;0;0;0;1884;0;0;34;0;170;0;
669;2799430;714063872;12005376;737243136;0;0;0;0;0;0;0;0;0;0;0;1903;0;0;34;0;170;0;
670;3392482;714063872;12005376;737243136;0;0;0;0;0;0;0;0;0;0;0;2144;0;0;34;0;170;0;
671;2757522;714063872;12005376;737243136;0;0;0;0;0;0;0;0;0;0;0;1593;0;0;34;0;170;0;
672;2583595;714334208;12005376;737243136;0;0;0;0;0;0;0;0;0;0;0;1503;0;0;34;0;170;0;
673;3792953;714334208;12005376;737243136;0;0;0;0;0;0;0;0;0;0;0;1804;0;0;34;0;170;0;
674;3036294;714334208;12005376;737243136;0;0;0;0;0;0;0;0;0;0;0;3016;0;0;34;0;170;0;
675;3095486;714334208;12005376;737243136;0;0;0;0;0;0;0;0;0;0;0;1764;0;0;34;0;170;0;
676;3100765;714334208;12005376;737243136;0;0;0;0;0;0;0;0;0;0;0;2224;0;0;34;0;170;0;
677;3626872;714334208;12005376;737243136;0;0;0;0;0;0;0;0;0;0;0;2394;0;0;34;0;170;0;
678;3444560;714334208;12005376;737243136;0;0;0;0;0;0;0;0;0;0;0;2224;0;0;34;0;170;0;
679;3635938;714334208;12005376;737243136;0;0;0;0;0;0;0;0;0;0;0;1893;0;0;34;0;170;0;
680;1481268;714334208;12005376;737243136;0;0;0;0;0;0;0;0;0;0;0;1703;0;0;34;0;170;0;
681;2258555;714334208;12005376;737243136;0;0;0;0;0;0;0;0;0;0;0;1463;0;0;34;0;170;0;
682;2177995;714334208;12005376;737243136;0;0;0;0;0;0;0;0;0;0;0;1513;0;0;34;0;170;0;
683;2404890;714334208;12005376;737243136;0;0;0;0;0;0;0;0;0;0;0;1734;0;0;34;0;170;0;
684;1926713;714334208;12005376;737243136;0;0;0;0;0;0;0;0;0;0;0;2595;0;0;34;0;170;0;
685;3056292;714334208;12005376;737243136;0;0;0;0;0;0;0;0;0;0;0;1743;0;0;34;0;170;0;
686;2108675;714604544;12005376;737243136;0;0;0;0;0;0;0;0;0;0;0;1573;0;0;34;0;170;0;
687;2823596;714604544;12005376;737243136;0;0;0;0;0;0;0;0;0;0;0;1472;0;0;34;0;170;0;
688;3309727;714604544;12005376;737243136;0;0;0;0;0;0;0;0;0;0;0;2595;0;0;34;0;170;0;
689;2146685;714604544;12005376;737243136;0;0;0;0;0;0;0;0;0;0;0;1603;0;0;34;0;170;0;
690;2619673;714604544;12005376;737243136;0;0;0;0;0;0;0;0;0;0;0;1823;0;0;34;0;170;0;
691;2199706;714604544;12005376;737243136;0;0;0;0;0;0;0;0;0;0;0;1543;0;0;34;0;170;0;
692;2520396;714604544;12005376;737243136;0;0;0;0;0;0;0;0;0;0;0;1633;0;0;34;0;170;0;
693;1662798;714604544;12005376;737243136;0;0;0;0;0;0;0;0;0;0;0;1513;0;0;34;0;170;0;
694;2099958;714604544;12005376;737243136;0;0;0;0;0;0;0;0;0;0;0;1543;0;0;34;0;170;0;
695;2010700;714604544;12005376;737243136;0;0;0;0;0;0;0;0;0;0;0;1694;0;0;34;0;170;0;
696;2914325;714604544;12005376;737243136;0;0;0;0;0;0;0;0;0;0;0;1974;0;0;34;0;170;0;
697;3783015;714604544;12005376;737243136;0;0;0;0;0;0;0;0;0;0;0;2304;0;0;34;0;170;0;
698;3767435;714604544;12005376;737243136;0;0;0;0;0;0;0;0;0;0;0;2003;0;0;34;0;170;0;
699;2584928;714604544;12005376;737243136;0;0;0;0;0;0;0;0;0;0;0;2033;0;0;34;0;170;0;
700;2742614;714604544;12005376;737243136;0;0;0;0;0;0;0;0;0;0;0;2464;0;0;34;0;170;0;
701;2691607;714604544;12005376;737243136;0;0;0;0;0;0;0;0;0;0;0;1814;0;0;34;0;170;0;
702;2591440;714604544;12005376;737243136;0;0;0;0;0;0;0;0;0;0;0;1572;0;0;34;0;170;0;
703;2664056;714604544;12005376;737243136;0;0;0;0;0;0;0;0;0;0;0;1714;0;0;34;0;170;0;
704;3272577;714604544;12005376;737243136;0;0;0;0;0;0;0;0;0;0;0;1653;0;0;34;0;170;0;
705;3056011;714604544;12005376;737243136;0;0;0;0;0;0;0;0;0;0;0;2104;0;0;34;0;170;0;
706;2534423;714604544;12005376;737243136;0;0;0;0;0;0;0;0;0;0;0;2094;0;0;34;0;170;0;
707;2399891;714604544;12005376;737243136;0;0;0;0;0;0;0;0;0;0;0;1593;0;0;34;0;170;0;
708;3272747;714604544;12005376;737243136;0;0;0;0;0;0;0;0;0;0;0;1984;0;0;34;0;170;0;
709;4465073;714604544;12005376;737243136;0;0;0;0;0;0;0;0;0;0;0;2164;0;0;34;0;170;0;
710;2346020;714874880;12005376;737243136;0;0;0;0;0;0;0;0;0;0;0;1624;0;0;34;0;170;0;
711;3350383;714874880;12005376;737243136;0;0;0;0;0;0;0;0;0;0;0;1223;0;0;34;0;170;0;
712;2467067;714874880;12005376;737243136;0;0;0;0;0;0;0;0;0;0;0;1713;0;0;34;0;170;0;
713;3167841;714874880;12005376;737243136;0;0;0;0;0;0;0;0;0;0;0;1633;0;0;34;0;170;0;
714;4311886;714874880;12005376;737243136;0;0;0;0;0;0;0;0;0;0;0;2655;0;0;34;0;170;0;
715;5578402;721530880;11993088;754008064;0;0;0;0;0;0;0;0;0;0;0;3416;0;0;35;0;170;0;
716;3123568;721530880;11993088;754008064;0;0;0;0;0;0;0;0;0;0;0;2325;0;0;35;0;170;0;
717;2517942;721530880;11993088;754008064;0;0;0;0;0;0;0;0;0;0;0;1453;0;0;35;0;170;0;
718;3091718;721530880;11993088;754008064;0;0;0;0;0;0;0;0;0;0;0;1793;0;0;35;0;170;0;
719;3001019;721530880;11993088;754008064;0;0;0;0;0;0;0;0;0;0;0;1673;0;0;35;0;170;0;
720;3524309;721530880;11993088;754008064;0;0;0;0;0;0;0;0;0;0;0;2295;0;0;35;0;170;0;
721;3430845;721530880;11993088;754008064;0;0;0;0;0;0;0;0;0;0;0;2014;0;0;35;0;170;0;
722;4122591;721530880;11993088;754008064;0;0;0;0;0;0;0;0;0;0;0;2515;0;0;35;0;170;0;
723;3260144;721530880;11993088;754008064;0;0;0;0;0;0;0;0;0;0;0;2505;0;0;35;0;170;0;
724;3605462;721530880;11993088;754008064;0;0;0;0;0;0;0;0;0;0;0;2465;0;0;35;0;170;0;
725;3017669;721530880;11993088;754008064;0;0;0;0;0;0;0;0;0;0;0;1873;0;0;35;0;170;0;
726;2439144;721530880;11993088;754008064;0;0;0;0;0;0;0;0;0;0;0;1773;0;0;35;0;170;0;
727;4143280;721530880;11993088;754008064;0;0;0;0;0;0;0;0;0;0;0;2134;0;0;35;0;170;0;
728;4502644;721530880;11993088;754008064;0;0;0;0;0;0;0;0;0;0;0;2775;0;0;35;0;170;0;
729;4634832;721674240;11890688;753905664;0;0;0;0;0;0;0;0;0;0;0;2385;0;0;35;0;170;0;
730;2906721;721674240;11890688;753905664;0;0;0;0;0;0;0;0;0;0;0;26440;0;0;35;0;170;0;
731;2949661;721674240;11890688;753905664;0;0;0;0;0;0;0;0;0;0;0;1703;0;0;35;0;170;0;
732;3598368;721674240;11890688;753905664;0;0;0;0;0;0;0;0;0;0;0;1703;0;0;35;0;170;0;
733;2184597;721674240;11890688;753905664;0;0;0;0;0;0;0;0;0;0;0;1833;0;0;35;0;170;0;
734;3845822;721674240;11890688;753905664;0;0;0;0;0;0;0;0;0;0;0;2725;0;0;35;0;170;0;
735;2853741;721674240;11890688;753905664;0;0;0;0;0;0;0;0;0;0;0;1743;0;0;35;0;170;0;
736;3903321;721674240;11890688;753905664;0;0;0;0;0;0;0;0;0;0;0;2625;0;0;35;0;170;0;
737;3021958;721674240;11890688;753905664;0;0;0;0;0;0;0;0;0;0;0;2425;0;0;35;0;170;0;
738;3480027;721674240;11890688;753905664;0;0;0;0;0;0;0;0;0;0;0;124433;0;0;35;0;170;0;
739;2593313;721674240;11890688;753905664;0;0;0;0;0;0;0;0;0;0;0;1684;0;0;35;0;170;0;
740;2077897;721674240;11890688;753905664;0;0;0;0;0;0;0;0;0;0;0;1633;0;0;35;0;170;0;
741;2079469;721674240;11890688;753905664;0;0;0;0;0;0;0;0;0;0;0;1723;0;0;35;0;170;0;
742;1802159;721674240;11890688;753905664;0;0;0;0;0;0;0;0;0;0;0;1593;0;0;35;0;170;0;
743;3419704;721674240;11890688;753905664;0;0;0;0;0;0;0;0;0;0;0;1723;0;0;35;0;170;0;
744;3635779;721674240;11890688;753905664;0;0;0;0;0;0;0;0;0;0;0;2885;0;0;35;0;170;0;
745;2763462;721674240;11890688;753905664;0;0;0;0;0;0;0;0;0;0;0;2645;0;0;35;0;170;0;
746;2882205;721674240;11890688;753905664;0;0;0;0;0;0;0;0;0;0;0;1924;0;0;35;0;170;0;
747;4486493;721674240;11890688;753905664;0;0;0;0;0;0;0;0;0;0;0;2174;0;0;35;0;170;0;
748;2661080;721674240;11890688;753905664;0;0;0;0;0;0;0;0;0;0;0;2405;0;0;35;0;170;0;
749;1727540;721674240;11890688;753905664;0;0;0;0;0;0;0;0;0;0;0;1943;0;0;35;0;170;0;
750;4123573;721674240;11890688;753905664;0;0;0;0;0;0;0;0;0;0;0;1864;0;0;35;0;170;0;
751;3432688;721674240;11890688;753905664;0;0;0;0;0;0;0;0;0;0;0;1934;0;0;35;0;170;0;
752;3030984;721674240;11890688;753905664;0;0;0;0;0;0;0;0;0;0;0;388598;0;0;35;0;170;0;
753;3144096;721674240;11890688;753905664;0;0;0;0;0;0;0;0;0;0;0;2334;0;0;35;0;170;0;
754;1846463;721674240;11890688;753905664;0;0;0;0;0;0;0;0;0;0;0;1924;0;0;35;0;170;0;
755;5537244;725917696;11890688;753905664;0;0;0;0;0;0;0;0;0;0;0;2765;0;0;36;0;170;0;
756;6342875;726188032;11890688;753905664;0;0;0;0;0;0;0;0;0;0;0;2956;0;0;36;0;170;0;
757;4006995;726188032;11890688;753905664;0;0;0;0;0;0;0;0;0;0;0;1933;0;0;36;0;170;0;
758;5838189;730238976;11890688;753905664;0;0;0;0;0;0;0;0;0;0;0;3666;0;0;37;0;170;0;
759;3113178;730238976;11890688;753905664;0;0;0;0;0;0;0;0;0;0;0;2104;0;0;37;0;170;0;
760;2188124;730238976;11890688;753905664;0;0;0;0;0;0;0;0;0;0;0;1803;0;0;37;0;170;0;
761;2265488;730238976;11890688;753905664;0;0;0;0;0;0;0;0;0;0;0;1563;0;0;37;0;170;0;
762;2759305;730238976;11890688;753905664;0;0;0;0;0;0;0;0;0;0;0;1693;0;0;37;0;170;0;
763;1939217;730238976;11890688;753905664;0;0;0;0;0;0;0;0;0;0;0;1673;0;0;37;0;170;0;
764;2858931;730238976;11890688;753905664;0;0;0;0;0;0;0;0;0;0;0;1983;0;0;37;0;170;0;
765;2178175;730238976;11890688;753905664;0;0;0;0;0;0;0;0;0;0;0;1182;0;0;37;0;170;0;
766;2396013;730509312;11890688;753905664;0;0;0;0;0;0;0;0;0;0;0;2103;0;0;37;0;170;0;
767;2941907;730509312;11890688;753905664;0;0;0;0;0;0;0;0;0;0;0;6542;0;0;37;0;170;0;
768;2841048;730779648;11890688;753905664;0;0;0;0;0;0;0;0;0;0;0;2384;0;0;37;0;170;0;
769;3586797;730779648;11890688;753905664;0;0;0;0;0;0;0;0;0;0;0;1914;0;0;37;0;170;0;
770;3189161;730779648;11890688;753905664;0;0;0;0;0;0;0;0;0;0;0;2234;0;0;37;0;170;0;
771;2259528;734973952;11890688;770682880;0;0;0;0;0;0;0;0;0;0;0;2454;0;0;37;0;170;0;
772;1850270;734973952;11890688;770682880;0;0;0;0;0;0;0;0;0;0;0;1583;0;0;37;0;170;0;
773;1639144;734973952;11890688;770682880;0;0;0;0;0;0;0;0;0;0;0;1563;0;0;37;0;170;0;
774;1384727;734973952;11890688;770682880;0;0;0;0;0;0;0;0;0;0;0;1512;0;0;37;0;170;0;
775;1906886;734973952;11890688;770682880;0;0;0;0;0;0;0;0;0;0;0;1884;0;0;37;0;170;0;
776;3223095;734973952;11890688;770682880;0;0;0;0;0;0;0;0;0;0;0;1824;0;0;37;0;170;0;
777;2515347;734973952;11890688;770682880;0;0;0;0;0;0;0;0;0;0;0;1843;0;0;37;0;170;0;
778;2754916;734973952;11890688;770682880;0;0;0;0;0;0;0;0;0;0;0;1954;0;0;37;0;170;0;
779;2026902;734973952;11890688;770682880;0;0;0;0;0;0;0;0;0;0;0;1583;0;0;37;0;170;0;
780;2913133;734973952;11890688;770682880;0;0;0;0;0;0;0;0;0;0;0;2195;0;0;37;0;170;0;
781;2692940;734973952;11890688;770682880;0;0;0;0;0;0;0;0;0;0;0;1533;0;0;37;0;170;0;
782;2461146;734973952;11890688;770682880;0;0;0;0;0;0;0;0;0;0;0;2205;0;0;37;0;170;0;
783;3944377;734973952;11890688;770682880;0;0;0;0;0;0;0;0;0;0;0;3296;0;0;37;0;170;0;
784;3840282;734973952;11890688;770682880;0;0;0;0;0;0;0;0;0;0;0;2103;0;0;37;0;170;0;
785;2620855;735227904;11890688;770682880;0;0;0;0;0;0;0;0;0;0;0;1543;0;0;37;0;170;0;
786;2357742;735227904;11890688;770682880;0;0;0;0;0;0;0;0;0;0;0;1713;0;0;37;0;170;0;
787;1914470;735227904;11890688;770682880;0;0;0;0;0;0;0;0;0;0;0;2164;0;0;37;0;170;0;
788;6776749;739475456;11890688;770682880;0;0;0;0;0;0;0;0;0;0;0;3637;0;0;38;0;170;0;
789;3341086;739475456;11890688;770682880;0;0;0;0;0;0;0;0;0;0;0;2064;0;0;38;0;170;0;
790;1918468;739475456;11890688;770682880;0;0;0;0;0;0;0;0;0;0;0;1833;0;0;38;0;170;0;
791;2173676;739475456;11890688;770682880;0;0;0;0;0;0;0;0;0;0;0;1613;0;0;38;0;170;0;
792;3002100;739475456;11890688;770682880;0;0;0;0;0;0;0;0;0;0;0;2505;0;0;38;0;170;0;
793;4383170;745766912;11890688;787460096;0;0;0;0;0;0;0;0;0;0;0;2726;0;0;39;0;170;0;
794;7407642;745766912;11890688;787460096;0;0;0;0;0;0;0;0;0;0;0;2885;0;0;39;0;170;0;
795;3541682;745766912;11890688;787460096;0;0;0;0;0;0;0;0;0;0;0;2074;0;0;39;0;170;0;
796;3072101;745766912;11890688;787460096;0;0;0;0;0;0;0;0;0;0;0;2464;0;0;39;0;170;0;
797;3349462;745766912;11890688;787460096;0;0;0;0;0;0;0;0;0;0;0;2505;0;0;39;0;170;0;
798;2355177;745766912;11890688;787460096;0;0;0;0;0;0;0;0;0;0;0;1563;0;0;39;0;170;0;
799;2494708;745766912;11890688;787460096;0;0;0;0;0;0;0;0;0;0;0;1503;0;0;39;0;170;0;
800;1849890;745766912;11890688;787460096;0;0;0;0;0;0;0;0;0;0;0;1914;0;0;39;0;170;0;
801;2984537;745766912;11890688;787460096;0;0;0;0;0;0;0;0;0;0;0;2335;0;0;39;0;170;0;
802;4826883;745766912;11890688;787460096;0;0;0;0;0;0;0;0;0;0;0;2244;0;0;39;0;170;0;
803;4020089;745766912;11890688;787460096;0;0;0;0;0;0;0;0;0;0;0;2956;0;0;39;0;170;0;
804;2807204;745766912;11890688;787460096;0;0;0;0;0;0;0;0;0;0;0;1863;0;0;39;0;170;0;
805;3607796;745766912;11890688;787460096;0;0;0;0;0;0;0;0;0;0;0;1984;0;0;39;0;170;0;
806;3777024;745766912;11890688;787460096;0;0;0;0;0;0;0;0;0;0;0;2725;0;0;39;0;170;0;
807;4011523;745766912;11890688;787460096;0;0;0;0;0;0;0;0;0;0;0;1613;0;0;39;0;170;0;
808;3417710;745766912;11890688;787460096;0;0;0;0;0;0;0;0;0;0;0;2224;0;0;39;0;170;0;
809;2754917;745766912;11890688;787460096;0;0;0;0;0;0;0;0;0;0;0;1643;0;0;39;0;170;0;
810;2968557;745766912;11890688;787460096;0;0;0;0;0;0;0;0;0;0;0;2515;0;0;39;0;170;0;
811;2130957;745766912;11890688;787460096;0;0;0;0;0;0;0;0;0;0;0;1603;0;0;39;0;170;0;
812;2759445;745766912;11890688;787460096;0;0;0;0;0;0;0;0;0;0;0;1944;0;0;39;0;170;0;
813;3079024;745766912;11890688;787460096;0;0;0;0;0;0;0;0;0;0;0;2244;0;0;39;0;170;0;
814;2904256;745766912;11890688;787460096;0;0;0;0;0;0;0;0;0;0;0;2505;0;0;39;0;170;0;
815;2887164;745766912;11890688;787460096;0;0;0;0;0;0;0;0;0;0;0;2304;0;0;39;0;170;0;
816;3088592;745766912;11890688;787460096;0;0;0;0;0;0;0;0;0;0;0;1643;0;0;39;0;170;0;
817;1653871;745766912;11890688;787460096;0;0;0;0;0;0;0;0;0;0;0;1583;0;0;39;0;170;0;
818;4056558;745766912;11890688;787460096;0;0;0;0;0;0;0;0;0;0;0;2204;0;0;39;0;170;0;
819;3395257;745766912;11890688;787460096;0;0;0;0;0;0;0;0;0;0;0;2464;0;0;39;0;170;0;
820;3468455;745766912;11890688;787460096;0;0;0;0;0;0;0;0;0;0;0;2084;0;0;39;0;170;0;
821;3367075;745766912;11890688;787460096;0;0;0;0;0;0;0;0;0;0;0;2354;0;0;39;0;170;0;
822;2039374;745766912;11890688;787460096;0;0;0;0;0;0;0;0;0;0;0;2054;0;0;39;0;170;0;
823;2927359;745766912;11890688;787460096;0;0;0;0;0;0;0;0;0;0;0;1803;0;0;39;0;170;0;
824;2707938;745766912;11890688;787460096;0;0;0;0;0;0;0;0;0;0;0;1593;0;0;39;0;170;0;
825;3521975;745766912;11890688;787460096;0;0;0;0;0;0;0;0;0;0;0;2474;0;0;39;0;170;0;
826;2618781;745766912;11890688;787460096;0;0;0;0;0;0;0;0;0;0;0;1964;0;0;39;0;170;0;
827;2933321;745766912;11890688;787460096;0;0;0;0;0;0;0;0;0;0;0;1503;0;0;39;0;170;0;
828;4768142;749993984;11890688;787460096;0;0;0;0;0;0;0;0;0;0;0;2515;0;0;40;0;170;0;
829;2351530;749993984;11890688;787460096;0;0;0;0;0;0;0;0;0;0;0;1994;0;0;40;0;170;0;
830;3422168;749993984;11890688;787460096;0;0;0;0;0;0;0;0;0;0;0;2004;0;0;40;0;170;0;
831;2050646;749993984;11890688;787460096;0;0;0;0;0;0;0;0;0;0;0;1843;0;0;40;0;170;0;
832;2363393;749993984;11890688;787460096;0;0;0;0;0;0;0;0;0;0;0;1563;0;0;40;0;170;0;
833;4200438;752152576;11890688;787460096;0;0;0;0;0;0;0;0;0;0;0;2184;0;0;41;0;170;0;
834;2823696;752152576;11890688;787460096;0;0;0;0;0;0;0;0;0;0;0;2304;0;0;41;0;170;0;
835;2659267;752152576;11890688;787460096;0;0;0;0;0;0;0;0;0;0;0;2004;0;0;41;0;170;0;
836;3090155;752152576;11890688;787460096;0;0;0;0;0;0;0;0;0;0;0;2755;0;0;41;0;170;0;
837;4285727;752152576;11890688;787460096;0;0;0;0;0;0;0;0;0;0;0;2795;0;0;41;0;170;0;
838;2964851;756346880;11890688;804237312;0;0;0;0;0;0;0;0;0;0;0;3086;0;0;41;0;170;0;
839;2429045;756346880;11890688;804237312;0;0;0;0;0;0;0;0;0;0;0;1633;0;0;41;0;170;0;
840;2218620;756346880;11890688;804237312;0;0;0;0;0;0;0;0;0;0;0;1633;0;0;41;0;170;0;
841;2563838;756346880;11890688;804237312;0;0;0;0;0;0;0;0;0;0;0;2074;0;0;41;0;170;0;
842;3864467;756359168;11800576;804147200;0;0;0;0;0;0;0;0;0;0;0;1773;0;0;41;0;170;0;
843;3121694;756359168;11800576;804147200;0;0;0;0;0;0;0;0;0;0;0;2454;0;0;41;0;170;0;
844;2883057;756359168;11800576;804147200;0;0;0;0;0;0;0;0;0;0;0;2364;0;0;41;0;170;0;
845;2705814;756359168;11800576;804147200;0;0;0;0;0;0;0;0;0;0;0;2344;0;0;41;0;170;0;
846;2219402;756359168;11800576;804147200;0;0;0;0;0;0;0;0;0;0;0;2575;0;0;41;0;170;0;
847;2093246;756359168;11800576;804147200;0;0;0;0;0;0;0;0;0;0;0;1693;0;0;41;0;170;0;
848;1704616;756359168;11800576;804147200;0;0;0;0;0;0;0;0;0;0;0;1563;0;0;41;0;170;0;
849;2662353;756359168;11800576;804147200;0;0;0;0;0;0;0;0;0;0;0;1643;0;0;41;0;170;0;
850;2208252;756359168;11800576;804147200;0;0;0;0;0;0;0;0;0;0;0;1913;0;0;41;0;170;0;
851;4709532;760598528;11800576;804147200;0;0;0;0;0;0;0;0;0;0;0;2926;0;0;42;0;170;0;
852;3207254;760598528;11800576;804147200;0;0;0;0;0;0;0;0;0;0;0;2585;0;0;42;0;170;0;
853;3095285;760598528;11800576;804147200;0;0;0;0;0;0;0;0;0;0;0;2384;0;0;42;0;170;0;
854;3375340;760659968;11796480;804143104;0;0;0;0;0;0;0;0;0;0;0;1693;0;0;42;0;170;0;
855;2258236;760659968;11796480;804143104;0;0;0;0;0;0;0;0;0;0;0;1773;0;0;42;0;170;0;
856;1866450;760659968;11796480;804143104;0;0;0;0;0;0;0;0;0;0;0;1863;0;0;42;0;170;0;
857;2334999;760659968;11796480;804143104;0;0;0;0;0;0;0;0;0;0;0;1513;0;0;42;0;170;0;
858;2906000;760659968;11796480;804143104;0;0;0;0;0;0;0;0;0;0;0;1813;0;0;42;0;170;0;
859;1897889;760659968;11796480;804143104;0;0;0;0;0;0;0;0;0;0;0;1933;0;0;42;0;170;0;
860;2087935;760659968;11796480;804143104;0;0;0;0;0;0;0;0;0;0;0;1383;0;0;42;0;170;0;
861;2144382;760659968;11796480;804143104;0;0;0;0;0;0;0;0;0;0;0;1483;0;0;42;0;170;0;
862;3141512;760659968;11796480;804143104;0;0;0;0;0;0;0;0;0;0;0;1693;0;0;42;0;170;0;
863;2810911;764854272;11796480;820920320;0;0;0;0;0;0;0;0;0;0;0;2314;0;0;42;0;170;0;
864;2326322;764854272;11796480;820920320;0;0;0;0;0;0;0;0;0;0;0;1673;0;0;42;0;170;0;
865;2385203;764854272;11796480;820920320;0;0;0;0;0;0;0;0;0;0;0;1864;0;0;42;0;170;0;
866;4505289;764854272;11796480;820920320;0;0;0;0;0;0;0;0;0;0;0;1593;0;0;42;0;170;0;
867;2672562;764854272;11796480;820920320;0;0;0;0;0;0;0;0;0;0;0;3156;0;0;42;0;170;0;
868;2767560;764854272;11796480;820920320;0;0;0;0;0;0;0;0;0;0;0;1713;0;0;42;0;170;0;
869;4771779;768823296;11796480;820920320;0;0;0;0;0;0;0;0;0;0;0;2775;0;0;43;0;170;0;
870;2523763;769081344;11796480;820920320;0;0;0;0;0;0;0;0;0;0;0;1733;0;0;43;0;170;0;
871;2973837;769081344;11796480;820920320;0;0;0;0;0;0;0;0;0;0;0;1903;0;0;43;0;170;0;
872;2559770;769081344;11796480;820920320;0;0;0;0;0;0;0;0;0;0;0;1393;0;0;43;0;170;0;
873;3860090;769081344;11796480;820920320;0;0;0;0;0;0;0;0;0;0;0;1933;0;0;43;0;170;0;
874;2536948;769081344;11796480;820920320;0;0;0;0;0;0;0;0;0;0;0;1694;0;0;43;0;170;0;
875;2389391;769081344;11796480;820920320;0;0;0;0;0;0;0;0;0;0;0;2344;0;0;43;0;170;0;
876;1935991;769081344;11796480;820920320;0;0;0;0;0;0;0;0;0;0;0;1593;0;0;43;0;170;0;
877;2520547;769081344;11796480;820920320;0;0;0;0;0;0;0;0;0;0;0;1673;0;0;43;0;170;0;
878;3390618;769081344;11796480;820920320;0;0;0;0;0;0;0;0;0;0;0;1663;0;0;43;0;170;0;
879;3214318;769081344;11796480;820920320;0;0;0;0;0;0;0;0;0;0;0;2996;0;0;43;0;170;0;
880;5070068;777510912;11796480;837697536;0;0;0;0;0;0;0;0;0;0;0;2605;0;0;44;0;170;0;
881;2141085;777510912;11796480;837697536;0;0;0;0;0;0;0;0;0;0;0;1743;0;0;44;0;170;0;
882;2380764;777510912;11796480;837697536;0;0;0;0;0;0;0;0;0;0;0;1683;0;0;44;0;170;0;
883;3612866;777510912;11796480;837697536;0;0;0;0;0;0;0;0;0;0;0;2184;0;0;44;0;170;0;
884;3191976;777510912;11796480;837697536;0;0;0;0;0;0;0;0;0;0;0;1803;0;0;44;0;170;0;
885;4290016;783802368;11796480;854474752;0;0;0;0;0;0;0;0;0;0;0;2495;0;0;45;0;170;0;
886;2830048;783802368;11796480;854474752;0;0;0;0;0;0;0;0;0;0;0;1532;0;0;45;0;170;0;
887;2649108;783802368;11796480;854474752;0;0;0;0;0;0;0;0;0;0;0;1433;0;0;45;0;170;0;
888;2681168;783802368;11796480;854474752;0;0;0;0;0;0;0;0;0;0;0;1984;0;0;45;0;170;0;
889;3137084;783802368;11796480;854474752;0;0;0;0;0;0;0;0;0;0;0;2405;0;0;45;0;170;0;
890;4718328;788033536;11796480;854474752;0;0;0;0;0;0;0;0;0;0;0;2534;0;0;46;0;170;0;
891;2552637;788033536;11796480;854474752;0;0;0;0;0;0;0;0;0;0;0;1613;0;0;46;0;170;0;
892;2395312;788033536;11796480;854474752;0;0;0;0;0;0;0;0;0;0;0;1683;0;0;46;0;170;0;
893;2365927;788033536;11796480;854474752;0;0;0;0;0;0;0;0;0;0;0;2084;0;0;46;0;170;0;
894;2214563;788033536;11796480;854474752;0;0;0;0;0;0;0;0;0;0;0;1382;0;0;46;0;170;0;
895;3579974;790183936;11796480;854474752;0;0;0;0;0;0;0;0;0;0;0;2655;0;0;47;0;170;0;
896;1895054;790183936;11796480;854474752;0;0;0;0;0;0;0;0;0;0;0;1363;0;0;47;0;170;0;
897;1601243;790183936;11796480;854474752;0;0;0;0;0;0;0;0;0;0;0;1423;0;0;47;0;170;0;
898;1844830;790183936;11796480;854474752;0;0;0;0;0;0;0;0;0;0;0;1413;0;0;47;0;170;0;
899;2794812;790183936;11796480;854474752;0;0;0;0;0;0;0;0;0;0;0;1764;0;0;47;0;170;0;
900;5112248;790122496;11526144;854204416;0;0;0;0;0;0;0;0;0;0;0;2244;0;0;47;0;170;0;
901;4664979;796413952;11526144;870981632;0;0;0;0;0;0;0;0;0;0;0;2966;0;0;48;0;170;0;
902;3408994;796413952;11526144;870981632;0;0;0;0;0;0;0;0;0;0;0;3006;0;0;48;0;170;0;
903;2836470;796413952;11526144;870981632;0;0;0;0;0;0;0;0;0;0;0;1844;0;0;48;0;170;0;
904;2395503;796413952;11526144;870981632;0;0;0;0;0;0;0;0;0;0;0;1643;0;0;48;0;170;0;
905;1854949;796413952;11526144;870981632;0;0;0;0;0;0;0;0;0;0;0;101881;0;0;48;0;170;0;
906;3887721;800641024;11526144;870981632;0;0;0;0;0;0;0;0;0;0;0;2404;0;0;49;0;170;0;
907;1981085;800641024;11526144;870981632;0;0;0;0;0;0;0;0;0;0;0;1593;0;0;49;0;170;0;
908;2449213;800641024;11526144;870981632;0;0;0;0;0;0;0;0;0;0;0;1583;0;0;49;0;170;0;
909;2557095;800641024;11526144;870981632;0;0;0;0;0;0;0;0;0;0;0;1383;0;0;49;0;170;0;
910;3194110;800641024;11526144;870981632;0;0;0;0;0;0;0;0;0;0;0;1633;0;0;49;0;170;0;
911;7122097;800641024;11526144;870981632;0;0;0;0;0;0;0;0;0;0;0;2645;0;0;49;0;170;0;
912;5461683;804691968;11534336;870989824;0;0;0;0;0;0;0;0;0;0;0;2985;0;0;50;0;170;0;
913;2906190;804691968;11534336;870989824;0;0;0;0;0;0;0;0;0;0;0;1994;0;0;50;0;170;0;
914;2731402;804691968;11534336;870989824;0;0;0;0;0;0;0;0;0;0;0;1583;0;0;50;0;170;0;
915;1547002;804691968;11534336;870989824;0;0;0;0;0;0;0;0;0;0;0;1794;0;0;50;0;170;0;
916;2736923;804691968;11534336;870989824;0;0;0;0;0;0;0;0;0;0;0;1533;0;0;50;0;170;0;
917;2923072;804691968;11534336;870989824;0;0;0;0;0;0;0;0;0;0;0;1793;0;0;50;0;170;0;
918;2100359;804691968;11534336;870989824;0;0;0;0;0;0;0;0;0;0;0;1473;0;0;50;0;170;0;
919;2692048;804691968;11534336;870989824;0;0;0;0;0;0;0;0;0;0;0;1563;0;0;50;0;170;0;
920;2763032;804691968;11534336;870989824;0;0;0;0;0;0;0;0;0;0;0;1392;0;0;50;0;170;0;
921;4245261;810983424;11534336;887767040;0;0;0;0;0;0;0;0;0;0;0;3436;0;0;51;0;170;0;
922;2616397;810983424;11534336;887767040;0;0;0;0;0;0;0;0;0;0;0;1583;0;0;51;0;170;0;
923;2829897;810983424;11534336;887767040;0;0;0;0;0;0;0;0;0;0;0;1613;0;0;51;0;170;0;
924;3160938;810983424;11534336;887767040;0;0;0;0;0;0;0;0;0;0;0;1904;0;0;51;0;170;0;
925;3855491;810983424;11534336;887767040;0;0;0;0;0;0;0;0;0;0;0;2405;0;0;51;0;170;0;
926;2484319;810983424;11534336;887767040;0;0;0;0;0;0;0;0;0;0;0;2214;0;0;51;0;170;0;
927;3174003;810983424;11534336;887767040;0;0;0;0;0;0;0;0;0;0;0;1783;0;0;51;0;170;0;
928;2719781;810983424;11534336;887767040;0;0;0;0;0;0;0;0;0;0;0;297017;0;0;51;0;170;0;
929;2513414;810983424;11534336;887767040;0;0;0;0;0;0;0;0;0;0;0;1623;0;0;51;0;170;0;
930;2674797;811229184;11534336;887767040;0;0;0;0;0;0;0;0;0;0;0;2134;0;0;51;0;170;0;
931;2459713;811229184;11534336;887767040;0;0;0;0;0;0;0;0;0;0;0;2094;0;0;51;0;170;0;
932;4588445;815480832;11534336;887767040;0;0;0;0;0;0;0;0;0;0;0;3747;0;0;52;0;170;0;
933;3442086;815480832;11534336;887767040;0;0;0;0;0;0;0;0;0;0;0;1713;0;0;52;0;170;0;
934;2958759;815480832;11534336;887767040;0;0;0;0;0;0;0;0;0;0;0;1512;0;0;52;0;170;0;
935;3931312;815480832;11534336;887767040;0;0;0;0;0;0;0;0;0;0;0;3507;0;0;52;0;170;0;
936;4658627;821772288;11534336;904544256;0;0;0;0;0;0;0;0;0;0;0;2585;0;0;53;0;170;0;
937;3385329;821772288;11534336;904544256;0;0;0;0;0;0;0;0;0;0;0;2295;0;0;53;0;170;0;
938;3430383;821772288;11534336;904544256;0;0;0;0;0;0;0;0;0;0;0;2245;0;0;53;0;170;0;
939;2984898;821772288;11534336;904544256;0;0;0;0;0;0;0;0;0;0;0;1533;0;0;53;0;170;0;
940;2608862;821772288;11534336;904544256;0;0;0;0;0;0;0;0;0;0;0;1653;0;0;53;0;170;0;
941;4752392;826003456;11534336;904544256;0;0;0;0;0;0;0;0;0;0;0;2224;0;0;54;0;170;0;
942;2010691;826003456;11534336;904544256;0;0;0;0;0;0;0;0;0;0;0;1673;0;0;54;0;170;0;
943;2525686;826003456;11534336;904544256;0;0;0;0;0;0;0;0;0;0;0;1673;0;0;54;0;170;0;
944;3104512;826003456;11534336;904544256;0;0;0;0;0;0;0;0;0;0;0;2024;0;0;54;0;170;0;
945;3529299;826003456;11534336;904544256;0;0;0;0;0;0;0;0;0;0;0;1844;0;0;54;0;170;0;
946;4736362;830054400;11534336;904544256;0;0;0;0;0;0;0;0;0;0;0;3006;0;0;55;0;170;0;
947;2908435;830054400;11534336;904544256;0;0;0;0;0;0;0;0;0;0;0;1864;0;0;55;0;170;0;
948;2523082;830054400;11534336;904544256;0;0;0;0;0;0;0;0;0;0;0;1924;0;0;55;0;170;0;
949;3000217;830054400;11534336;904544256;0;0;0;0;0;0;0;0;0;0;0;1773;0;0;55;0;170;0;
950;3133957;830054400;11534336;904544256;0;0;0;0;0;0;0;0;0;0;0;2124;0;0;55;0;170;0;
951;4055335;836345856;11534336;921321472;0;0;0;0;0;0;0;0;0;0;0;2605;0;0;56;0;170;0;
952;2573456;836345856;11534336;921321472;0;0;0;0;0;0;0;0;0;0;0;1533;0;0;56;0;170;0;
953;2332775;836345856;11534336;921321472;0;0;0;0;0;0;0;0;0;0;0;1483;0;0;56;0;170;0;
954;2815109;836345856;11534336;921321472;0;0;0;0;0;0;0;0;0;0;0;1643;0;0;56;0;170;0;
955;2228148;836345856;11534336;921321472;0;0;0;0;0;0;0;0;0;0;0;2063;0;0;56;0;170;0;
956;4751300;840650752;11534336;921321472;0;0;0;0;0;0;0;0;0;0;0;2916;0;0;57;0;170;0;
957;3006267;840650752;11534336;921321472;0;0;0;0;0;0;0;0;0;0;0;1704;0;0;57;0;170;0;
958;3294939;840650752;11534336;921321472;0;0;0;0;0;0;0;0;0;0;0;1954;0;0;57;0;170;0;
959;2940835;840650752;11534336;921321472;0;0;0;0;0;0;0;0;0;0;0;2104;0;0;57;0;170;0;
960;3236290;840650752;11534336;921321472;0;0;0;0;0;0;0;0;0;0;0;1683;0;0;57;0;170;0;
961;1634816;840650752;11534336;921321472;0;0;0;0;0;0;0;0;0;0;0;1684;0;0;57;0;170;0;
962;2201569;840650752;11534336;921321472;0;0;0;0;0;0;0;0;0;0;0;1823;0;0;57;0;170;0;
963;1598909;840650752;11534336;921321472;0;0;0;0;0;0;0;0;0;0;0;1442;0;0;57;0;170;0;
964;3446273;840650752;11534336;921321472;0;0;0;0;0;0;0;0;0;0;0;1803;0;0;57;0;170;0;
965;2544752;840650752;11534336;921321472;0;0;0;0;0;0;0;0;0;0;0;1973;0;0;57;0;170;0;
966;1648803;840650752;11534336;921321472;0;0;0;0;0;0;0;0;0;0;0;1933;0;0;57;0;170;0;
967;3269211;840650752;11534336;921321472;0;0;0;0;0;0;0;0;0;0;0;1943;0;0;57;0;170;0;
968;3917397;844632064;11534336;921321472;0;0;0;0;0;0;0;0;0;0;0;3086;0;0;58;0;170;0;
969;2701566;844632064;11534336;921321472;0;0;0;0;0;0;0;0;0;0;0;2094;0;0;58;0;170;0;
970;4178125;844632064;11534336;921321472;0;0;0;0;0;0;0;0;0;0;0;1473;0;0;58;0;170;0;
971;1888892;844632064;11534336;921321472;0;0;0;0;0;0;0;0;0;0;0;1643;0;0;58;0;170;0;
972;2135545;844632064;11534336;921321472;0;0;0;0;0;0;0;0;0;0;0;1473;0;0;58;0;170;0;
973;1808201;844632064;11534336;921321472;0;0;0;0;0;0;0;0;0;0;0;1563;0;0;58;0;170;0;
974;2833964;844632064;11534336;921321472;0;0;0;0;0;0;0;0;0;0;0;2064;0;0;58;0;170;0;
975;1607945;844632064;11534336;921321472;0;0;0;0;0;0;0;0;0;0;0;1483;0;0;58;0;170;0;
976;1782493;844632064;11534336;921321472;0;0;0;0;0;0;0;0;0;0;0;1493;0;0;58;0;170;0;
977;3100675;844632064;11534336;921321472;0;0;0;0;0;0;0;0;0;0;0;1793;0;0;58;0;170;0;
978;2867227;844632064;11534336;921321472;0;0;0;0;0;0;0;0;0;0;0;122810;0;0;58;0;170;0;
979;2479951;844894208;11534336;921321472;0;0;0;0;0;0;0;0;0;0;0;1432;0;0;58;0;170;0;
980;3779158;851185664;11534336;938098688;0;0;0;0;0;0;0;0;0;0;0;2866;0;0;59;0;170;0;
981;2288822;851185664;11534336;938098688;0;0;0;0;0;0;0;0;0;0;0;2214;0;0;59;0;170;0;
982;2857679;851185664;11534336;938098688;0;0;0;0;0;0;0;0;0;0;0;1493;0;0;59;0;170;0;
983;1951049;851185664;11534336;938098688;0;0;0;0;0;0;0;0;0;0;0;1412;0;0;59;0;170;0;
984;2984608;849690624;9949184;936513536;0;0;0;0;0;0;0;0;0;0;0;1413;0;0;59;0;170;0;
985;3303436;849690624;9949184;936513536;0;0;0;0;0;0;0;0;0;0;0;2745;0;0;59;0;171;0;
986;2452629;849690624;9949184;936513536;0;0;0;0;0;0;0;0;0;0;0;1623;0;0;59;0;171;0;
987;2140865;849690624;9949184;936513536;0;0;0;0;0;0;0;0;0;0;0;1533;0;0;59;0;171;0;
988;1753398;849690624;9949184;936513536;0;0;0;0;0;0;0;0;0;0;0;1412;0;0;59;0;171;0;
989;2645492;849690624;9949184;936513536;0;0;0;0;0;0;0;0;0;0;0;6572;0;0;59;0;171;0;
990;2981051;849690624;9949184;936513536;0;0;0;0;0;0;0;0;0;0;0;1633;0;0;59;0;171;0;
991;2114305;849690624;9949184;936513536;0;0;0;0;0;0;0;0;0;0;0;1493;0;0;59;0;171;0;
992;3416658;853934080;9949184;936513536;0;0;0;0;0;0;0;0;0;0;0;2374;0;0;60;0;171;0;
993;2564329;853934080;11227136;937791488;0;0;0;0;0;0;0;0;0;0;0;1954;0;0;60;0;171;0;
994;3665905;854204416;11227136;937791488;0;0;0;0;0;0;0;0;0;0;0;1493;0;0;60;0;171;0;
995;1437356;854204416;11227136;937791488;0;0;0;0;0;0;0;0;0;0;0;1653;0;0;60;0;171;0;
996;2476234;854204416;11227136;937791488;0;0;0;0;0;0;0;0;0;0;0;1402;0;0;60;0;171;0;
997;1799795;854204416;11227136;937791488;0;0;0;0;0;0;0;0;0;0;0;1543;0;0;60;0;171;0;
998;4947609;858255360;11227136;937791488;0;0;0;0;0;0;0;0;0;0;0;2034;0;0;61;0;171;0;
999;3025494;858255360;11227136;937791488;0;0;0;0;0;0;0;0;0;0;0;1433;0;0;61;0;171;0;
1000;3052064;858255360;11227136;937791488;0;0;0;0;0;0;0;0;0;0;0;1863;0;0;61;0;171;0;
1001;2715753;858255360;11227136;937791488;0;0;0;0;0;0;0;0;0;0;0;1694;0;0;61;0;171;0;
1002;2490231;862449664;11227136;954568704;0;0;0;0;0;0;0;0;0;0;0;1633;0;0;61;0;171;0;
1003;3874696;866959360;11227136;954568704;0;0;0;0;0;0;0;0;0;0;0;1754;0;0;62;0;171;0;
1004;3123378;866959360;11227136;954568704;0;0;0;0;0;0;0;0;0;0;0;1834;0;0;62;0;171;0;
1005;3080707;866959360;11227136;954568704;0;0;0;0;0;0;0;0;0;0;0;2134;0;0;62;0;171;0;
1006;2127310;866959360;11227136;954568704;0;0;0;0;0;0;0;0;0;0;0;1402;0;0;62;0;171;0;
1007;2746130;866959360;11227136;954568704;0;0;0;0;0;0;0;0;0;0;0;2064;0;0;62;0;171;0;
1008;4760578;871010304;11227136;954568704;0;0;0;0;0;0;0;0;0;0;0;2706;0;0;63;0;171;0;
1009;1642129;871010304;11227136;954568704;0;0;0;0;0;0;0;0;0;0;0;1512;0;0;63;0;171;0;
1010;2928392;871010304;11227136;954568704;0;0;0;0;0;0;0;0;0;0;0;1583;0;0;63;0;171;0;
1011;2877647;871010304;11227136;954568704;0;0;0;0;0;0;0;0;0;0;0;1833;0;0;63;0;171;0;
1012;2947217;871010304;11227136;954568704;0;0;0;0;0;0;0;0;0;0;0;1723;0;0;63;0;171;0;
1013;2855545;871010304;11227136;954568704;0;0;0;0;0;0;0;0;0;0;0;1673;0;0;63;0;171;0;
1014;4986331;877821952;11227136;971345920;0;0;0;0;0;0;0;0;0;0;0;2725;0;0;64;0;171;0;
1015;2123002;877821952;11227136;971345920;0;0;0;0;0;0;0;0;0;0;0;1613;0;0;64;0;171;0;
1016;2719581;877821952;11227136;971345920;0;0;0;0;0;0;0;0;0;0;0;1543;0;0;64;0;171;0;
1017;2607089;877821952;11227136;971345920;0;0;0;0;0;0;0;0;0;0;0;1353;0;0;64;0;171;0;
1018;2238869;877821952;11227136;971345920;0;0;0;0;0;0;0;0;0;0;0;1473;0;0;64;0;171;0;
1019;4721004;881872896;11227136;971345920;0;0;0;0;0;0;0;0;0;0;0;2454;0;0;65;0;171;0;
1020;2154421;881872896;11227136;971345920;0;0;0;0;0;0;0;0;0;0;0;1754;0;0;65;0;171;0;
1021;2318198;882143232;11227136;971345920;0;0;0;0;0;0;0;0;0;0;0;1573;0;0;65;0;171;0;
1022;3096036;882143232;11227136;971345920;0;0;0;0;0;0;0;0;0;0;0;1623;0;0;65;0;171;0;
1023;2159420;882143232;11227136;971345920;0;0;0;0;0;0;0;0;0;0;0;1704;0;0;65;0;171;0;
1024;2654418;882249728;11751424;971870208;0;0;0;0;0;0;0;0;0;0;0;1683;0;0;65;0;171;0;
1025;2316685;882249728;11751424;971870208;0;0;0;0;0;0;0;0;0;0;0;1573;0;0;65;0;171;0;
1026;2368582;882249728;11751424;971870208;0;0;0;0;0;0;0;0;0;0;0;1563;0;0;65;0;171;0;
1027;2461055;882249728;11751424;971870208;0;0;0;0;0;0;0;0;0;0;0;1643;0;0;65;0;171;0;
1028;2254207;882511872;11751424;971870208;0;0;0;0;0;0;0;0;0;0;0;1423;0;0;65;0;171;0;
1029;3677636;882782208;11751424;971870208;0;0;0;0;0;0;0;0;0;0;0;1563;0;0;65;0;171;0;
1030;2576191;882782208;11751424;971870208;0;0;0;0;0;0;0;0;0;0;0;1483;0;0;65;0;171;0;
1031;5842918;887029760;11751424;971870208;0;0;0;0;0;0;0;0;0;0;0;2385;0;0;66;0;171;0;
1032;3191686;887029760;11751424;971870208;0;0;0;0;0;0;0;0;0;0;0;1924;0;0;66;0;171;0;
1033;3361745;887029760;11751424;971870208;0;0;0;0;0;0;0;0;0;0;0;1793;0;0;66;0;171;0;
1034;6987073;887029760;11755520;971874304;0;0;0;0;0;0;0;0;0;0;0;1984;0;0;66;0;171;0;
1035;4489259;887029760;11755520;971874304;0;0;0;0;0;0;0;0;0;0;0;2254;0;0;66;0;171;0;
1036;3244945;887029760;11755520;971874304;0;0;0;0;0;0;0;0;0;0;0;1653;0;0;66;0;171;0;
1037;2601769;887029760;11755520;971874304;0;0;0;0;0;0;0;0;0;0;0;146464;0;0;66;0;171;0;
1038;2458421;887029760;11755520;971874304;0;0;0;0;0;0;0;0;0;0;0;1643;0;0;66;0;171;0;
1039;5016788;893321216;11755520;988651520;0;0;0;0;0;0;0;0;0;0;0;2735;0;0;67;0;171;0;
1040;2628860;893321216;11755520;988651520;0;0;0;0;0;0;0;0;0;0;0;1753;0;0;67;0;171;0;
1041;3149767;893321216;11755520;988651520;0;0;0;0;0;0;0;0;0;0;0;29085;0;0;67;0;171;0;
1042;2509396;893321216;11755520;988651520;0;0;0;0;0;0;0;0;0;0;0;1423;0;0;67;0;171;0;
1043;1885436;893321216;11755520;988651520;0;0;0;0;0;0;0;0;0;0;0;1694;0;0;67;0;171;0;
1044;6226848;897548288;11755520;988651520;0;0;0;0;0;0;0;0;0;0;0;2876;0;0;68;0;171;0;
1045;2806964;897548288;11755520;988651520;0;0;0;0;0;0;0;0;0;0;0;2505;0;0;68;0;171;0;
1046;2657394;897548288;11755520;988651520;0;0;0;0;0;0;0;0;0;0;0;1893;0;0;68;0;171;0;
1047;2572875;897548288;11755520;988651520;0;0;0;0;0;0;0;0;0;0;0;1603;0;0;68;0;171;0;
1048;2588725;897548288;11755520;988651520;0;0;0;0;0;0;0;0;0;0;0;1603;0;0;68;0;171;0;
1049;3513439;897548288;11755520;988651520;0;0;0;0;0;0;0;0;0;0;0;2505;0;0;68;0;173;0;
1050;9087513;897548288;11755520;988651520;0;0;0;0;0;0;0;0;0;0;0;1663;0;0;68;0;173;0;
1051;2940084;897548288;11755520;988651520;0;0;0;0;0;0;0;0;0;0;0;1874;0;0;68;0;173;0;
1052;2678814;897548288;11755520;988651520;0;0;0;0;0;0;0;0;0;0;0;1442;0;0;68;0;173;0;
1053;5361525;901599232;11755520;988651520;0;0;0;0;0;0;0;0;0;0;0;2134;0;0;69;0;173;0;
1054;2998072;901599232;11755520;988651520;0;0;0;0;0;0;0;0;0;0;0;1873;0;0;69;0;173;0;
1055;3563884;901599232;11755520;988651520;0;0;0;0;0;0;0;0;0;0;0;1493;0;0;69;0;173;0;
1056;2618951;901599232;11755520;988651520;0;0;0;0;0;0;0;0;0;0;0;1643;0;0;69;0;173;0;
1057;1911474;901599232;11755520;988651520;0;0;0;0;0;0;0;0;0;0;0;1403;0;0;69;0;173;0;
1058;4115909;901599232;11755520;988651520;0;0;0;0;0;0;0;0;0;0;0;2184;0;0;69;0;173;0;
1059;2915287;901599232;11755520;988651520;0;0;0;0;0;0;0;0;0;0;0;1833;0;0;69;0;173;0;
1060;5712273;910036992;11755520;1005428736;0;0;0;0;0;0;0;0;0;0;0;38582;0;0;70;0;173;0;
1061;1713493;910036992;11755520;1005428736;0;0;0;0;0;0;0;0;0;0;0;1903;0;0;70;0;173;0;
1062;3446744;910036992;11755520;1005428736;0;0;0;0;0;0;0;0;0;0;0;1443;0;0;70;0;173;0;
1063;2127320;910036992;11755520;1005428736;0;0;0;0;0;0;0;0;0;0;0;1713;0;0;70;0;173;0;
1064;2290666;910036992;11755520;1005428736;0;0;0;0;0;0;0;0;0;0;0;1563;0;0;70;0;173;0;
1065;2744677;910036992;11755520;1005428736;0;0;0;0;0;0;0;0;0;0;0;1673;0;0;70;0;173;0;
1066;2618611;910036992;11755520;1005428736;0;0;0;0;0;0;0;0;0;0;0;1603;0;0;70;0;173;0;
1067;3202476;910036992;11755520;1005428736;0;0;0;0;0;0;0;0;0;0;0;2144;0;0;70;0;173;0;
1068;1932023;910036992;11755520;1005428736;0;0;0;0;0;0;0;0;0;0;0;1843;0;0;70;0;173;0;
1069;1522825;910036992;11755520;1005428736;0;0;0;0;0;0;0;0;0;0;0;1373;0;0;70;0;173;0;
1070;2021350;910036992;11755520;1005428736;0;0;0;0;0;0;0;0;0;0;0;1363;0;0;70;0;173;0;
1071;3335275;910036992;11755520;1005428736;0;0;0;0;0;0;0;0;0;0;0;1582;0;0;70;0;173;0;
1072;3021987;910036992;11755520;1005428736;0;0;0;0;0;0;0;0;0;0;0;1543;0;0;70;0;173;0;
1073;2322105;910036992;11755520;1005428736;0;0;0;0;0;0;0;0;0;0;0;1653;0;0;70;0;173;0;
1074;2601830;910036992;11755520;1005428736;0;0;0;0;0;0;0;0;0;0;0;1893;0;0;70;0;173;0;
1075;2529103;910036992;11755520;1005428736;0;0;0;0;0;0;0;0;0;0;0;1513;0;0;70;0;173;0;
1076;1611232;910036992;11755520;1005428736;0;0;0;0;0;0;0;0;0;0;0;1433;0;0;70;0;173;0;
1077;1751565;910036992;11755520;1005428736;0;0;0;0;0;0;0;0;0;0;0;1343;0;0;70;0;173;0;
1078;2711946;910036992;11755520;1005428736;0;0;0;0;0;0;0;0;0;0;0;1373;0;0;70;0;173;0;
1079;2456587;910036992;11755520;1005428736;0;0;0;0;0;0;0;0;0;0;0;103564;0;0;70;0;173;0;
1080;2366498;910036992;11755520;1005428736;0;0;0;0;0;0;0;0;0;0;0;1473;0;0;70;0;173;0;
1081;2070864;910036992;11755520;1005428736;0;0;0;0;0;0;0;0;0;0;0;1893;0;0;70;0;173;0;
1082;2197972;910036992;11755520;1005428736;0;0;0;0;0;0;0;0;0;0;0;1683;0;0;70;0;173;0;
1083;2471896;910036992;11755520;1005428736;0;0;0;0;0;0;0;0;0;0;0;1202;0;0;70;0;173;0;
1084;3150348;910036992;11755520;1005428736;0;0;0;0;0;0;0;0;0;0;0;1523;0;0;70;0;173;0;
1085;2418315;910036992;11755520;1005428736;0;0;0;0;0;0;0;0;0;0;0;1563;0;0;70;0;173;0;
1086;3112107;910036992;11755520;1005428736;0;0;0;0;0;0;0;0;0;0;0;1894;0;0;70;0;173;0;
1087;2655470;910036992;11755520;1005428736;0;0;0;0;0;0;0;0;0;0;0;1723;0;0;70;0;173;0;
1088;3296061;910036992;11755520;1005428736;0;0;0;0;0;0;0;0;0;0;0;2064;0;0;70;0;173;0;
1089;4630334;916570112;11755520;1022205952;0;0;0;0;0;0;0;0;0;0;0;3226;0;0;71;0;173;0;
1090;2401704;916570112;11755520;1022205952;0;0;0;0;0;0;0;0;0;0;0;1693;0;0;71;0;173;0;
1091;3159505;916570112;11755520;1022205952;0;0;0;0;0;0;0;0;0;0;0;1533;0;0;71;0;173;0;
1092;1613346;916570112;11755520;1022205952;0;0;0;0;0;0;0;0;0;0;0;1383;0;0;71;0;173;0;
1093;2247304;916570112;11755520;1022205952;0;0;0;0;0;0;0;0;0;0;0;1613;0;0;71;0;173;0;
1094;2080602;916570112;11755520;1022205952;0;0;0;0;0;0;0;0;0;0;0;1292;0;0;71;0;173;0;
1095;1734764;916570112;11755520;1022205952;0;0;0;0;0;0;0;0;0;0;0;1513;0;0;71;0;173;0;
1096;2788760;916570112;11755520;1022205952;0;0;0;0;0;0;0;0;0;0;0;1683;0;0;71;0;173;0;
1097;2613381;916570112;11755520;1022205952;0;0;0;0;0;0;0;0;0;0;0;1573;0;0;71;0;173;0;
1098;3414644;916570112;11751424;1022201856;0;0;0;0;0;0;0;0;0;0;0;1593;0;0;71;0;173;0;
1099;2969770;916570112;11751424;1022201856;0;0;0;0;0;0;0;0;0;0;0;1734;0;0;71;0;173;0;
1100;2217759;916570112;11751424;1022201856;0;0;0;0;0;0;0;0;0;0;0;1593;0;0;71;0;173;0;
1101;1805646;916570112;11751424;1022201856;0;0;0;0;0;0;0;0;0;0;0;1513;0;0;71;0;173;0;
1102;2139713;916570112;11751424;1022201856;0;0;0;0;0;0;0;0;0;0;0;1412;0;0;71;0;173;0;
1103;1688256;916570112;11751424;1022201856;0;0;0;0;0;0;0;0;0;0;0;1413;0;0;71;0;173;0;
1104;2274405;916570112;11751424;1022201856;0;0;0;0;0;0;0;0;0;0;0;1533;0;0;71;0;173;0;
1105;2705424;916570112;11751424;1022201856;0;0;0;0;0;0;0;0;0;0;0;3617;0;0;71;0;173;0;
1106;2290065;916570112;11751424;1022201856;0;0;0;0;0;0;0;0;0;0;0;1413;0;0;71;0;173;0;
1107;2485011;916430848;11612160;1022062592;0;0;0;0;0;0;0;0;0;0;0;1153;0;0;71;0;173;0;
1108;1563482;916430848;11612160;1022062592;0;0;0;0;0;0;0;0;0;0;0;1603;0;0;71;0;173;0;
1109;2425659;916430848;11612160;1022062592;0;0;0;0;0;0;0;0;0;0;0;1422;0;0;71;0;173;0;
1110;2042150;916430848;11612160;1022062592;0;0;0;0;0;0;0;0;0;0;0;1583;0;0;71;0;173;0;
1111;2371918;916430848;11612160;1022062592;0;0;0;0;0;0;0;0;0;0;0;1493;0;0;71;0;173;0;
1112;2410961;916430848;11612160;1022062592;0;0;0;0;0;0;0;0;0;0;0;1883;0;0;71;0;173;0;
1113;3211803;916430848;11612160;1022062592;0;0;0;0;0;0;0;0;0;0;0;1523;0;0;71;0;173;0;
1114;2558989;916430848;11612160;1022062592;0;0;0;0;0;0;0;0;0;0;0;1332;0;0;71;0;173;0;
1115;2518744;916430848;11612160;1022062592;0;0;0;0;0;0;0;0;0;0;0;1623;0;0;71;0;173;0;
1116;2269937;916430848;11612160;1022062592;0;0;0;0;0;0;0;0;0;0;0;1503;0;0;71;0;173;0;
1117;2355117;916430848;11612160;1022062592;0;0;0;0;0;0;0;0;0;0;0;1533;0;0;71;0;173;0;
1118;2771828;916430848;11612160;1022062592;0;0;0;0;0;0;0;0;0;0;0;1683;0;0;71;0;173;0;
1119;2703390;916430848;11612160;1022062592;0;0;0;0;0;0;0;0;0;0;0;1543;0;0;71;0;173;0;
1120;1947252;916430848;11612160;1022062592;0;0;0;0;0;0;0;0;0;0;0;1473;0;0;71;0;173;0;
1121;2475372;916430848;11612160;1022062592;0;0;0;0;0;0;0;0;0;0;0;1503;0;0;71;0;173;0;
1122;2588254;916430848;11612160;1022062592;0;0;0;0;0;0;0;0;0;0;0;1293;0;0;71;0;173;0;
1123;2557967;916430848;11612160;1022062592;0;0;0;0;0;0;0;0;0;0;0;1483;0;0;71;0;173;0;
1124;2657875;916430848;11612160;1022062592;0;0;0;0;0;0;0;0;0;0;0;1553;0;0;71;0;173;0;
1125;3120712;916254720;11436032;1021886464;0;0;0;0;0;0;0;0;0;0;0;1483;0;0;71;0;173;0;
1126;2595537;916254720;11436032;1021886464;0;0;0;0;0;0;0;0;0;0;0;1553;0;0;71;0;173;0;
1127;1579863;916254720;11436032;1021886464;0;0;0;0;0;0;0;0;0;0;0;1493;0;0;71;0;173;0;
1128;2014929;916254720;11436032;1021886464;0;0;0;0;0;0;0;0;0;0;0;1603;0;0;71;0;173;0;
1129;3102659;916254720;11436032;1021886464;0;0;0;0;0;0;0;0;0;0;0;1433;0;0;71;0;173;0;
1130;2650912;916254720;11436032;1021886464;0;0;0;0;0;0;0;0;0;0;0;1763;0;0;71;0;173;0;
1131;2955031;916254720;11436032;1021886464;0;0;0;0;0;0;0;0;0;0;0;1383;0;0;71;0;173;0;
1132;2974658;916254720;11436032;1021886464;0;0;0;0;0;0;0;0;0;0;0;1533;0;0;71;0;173;0;
1133;3208467;916254720;11436032;1021886464;0;0;0;0;0;0;0;0;0;0;0;1523;0;0;71;0;173;0;
1134;6168087;916254720;11436032;1021886464;0;0;0;0;0;0;0;0;0;0;0;1603;0;0;71;0;173;0;
1135;3663741;916254720;11440128;1021890560;0;0;0;0;0;0;0;0;0;0;0;2585;0;0;71;0;173;0;
1136;2384922;916254720;11440128;1021890560;0;0;0;0;0;0;0;0;0;0;0;2024;0;0;71;0;173;0;
1137;3034942;916254720;11440128;1021890560;0;0;0;0;0;0;0;0;0;0;0;1873;0;0;71;0;173;0;
1138;2692459;916254720;11440128;1021890560;0;0;0;0;0;0;0;0;0;0;0;1764;0;0;71;0;173;0;
1139;3283528;916254720;11440128;1021890560;0;0;0;0;0;0;0;0;0;0;0;1824;0;0;71;0;173;0;
1140;3798323;916254720;11440128;1021890560;0;0;0;0;0;0;0;0;0;0;0;1683;0;0;71;0;173;0;
1141;3412980;916254720;11440128;1021890560;0;0;0;0;0;0;0;0;0;0;0;1713;0;0;71;0;173;0;
1142;2802586;916254720;11440128;1021890560;0;0;0;0;0;0;0;0;0;0;0;1663;0;0;71;0;173;0;
1143;3032317;916254720;11440128;1021890560;0;0;0;0;0;0;0;0;0;0;0;1923;0;0;71;0;173;0;
1144;4285617;916254720;11440128;1021890560;0;0;0;0;0;0;0;0;0;0;0;1673;0;0;71;0;173;0;
1145;3408994;916254720;11440128;1021890560;0;0;0;0;0;0;0;0;0;0;0;1893;0;0;71;0;173;0;
1146;2480903;916254720;11440128;1021890560;0;0;0;0;0;0;0;0;0;0;0;1633;0;0;71;0;173;0;
1147;3207175;916254720;11440128;1021890560;0;0;0;0;0;0;0;0;0;0;0;1282;0;0;71;0;173;0;
1148;3554786;916254720;11440128;1021890560;0;0;0;0;0;0;0;0;0;0;0;1593;0;0;71;0;173;0;
1149;3004885;916254720;11440128;1021890560;0;0;0;0;0;0;0;0;0;0;0;1523;0;0;71;0;173;0;
1150;3245446;916254720;11440128;1021890560;0;0;0;0;0;0;0;0;0;0;0;1743;0;0;71;0;173;0;
1151;3718043;916254720;11440128;1021890560;0;0;0;0;0;0;0;0;0;0;0;1643;0;0;71;0;173;0;
1152;3051633;916254720;11440128;1021890560;0;0;0;0;0;0;0;0;0;0;0;2004;0;0;71;0;173;0;
1153;3436334;916254720;11440128;1021890560;0;0;0;0;0;0;0;0;0;0;0;1993;0;0;71;0;173;0;
1154;2618781;916254720;11440128;1021890560;0;0;0;0;0;0;0;0;0;0;0;1763;0;0;71;0;173;0;
1155;2431200;916254720;11440128;1021890560;0;0;0;0;0;0;0;0;0;0;0;1854;0;0;71;0;173;0;
1156;2804920;916254720;11440128;1021890560;0;0;0;0;0;0;0;0;0;0;0;1923;0;0;71;0;173;0;
1157;2369574;916254720;11440128;1021890560;0;0;0;0;0;0;0;0;0;0;0;1593;0;0;71;0;173;0;
1158;3230989;916254720;11440128;1021890560;0;0;0;0;0;0;0;0;0;0;0;1764;0;0;71;0;173;0;
1159;2466255;916254720;11440128;1021890560;0;0;0;0;0;0;0;0;0;0;0;1784;0;0;71;0;173;0;
1160;2249378;916254720;11440128;1021890560;0;0;0;0;0;0;0;0;0;0;0;1653;0;0;71;0;173;0;
1161;2478148;916254720;11440128;1021890560;0;0;0;0;0;0;0;0;0;0;0;1643;0;0;71;0;173;0;
1162;2924745;916254720;11440128;1021890560;0;0;0;0;0;0;0;0;0;0;0;1633;0;0;71;0;173;0;
1163;2492253;916254720;11440128;1021890560;0;0;0;0;0;0;0;0;0;0;0;2194;0;0;71;0;173;0;
1164;2462097;916254720;11440128;1021890560;0;0;0;0;0;0;0;0;0;0;0;1633;0;0;71;0;173;0;
1165;2705103;916254720;11440128;1021890560;0;0;0;0;0;0;0;0;0;0;0;1603;0;0;71;0;173;0;
1166;3076169;916254720;11440128;1021890560;0;0;0;0;0;0;0;0;0;0;0;1683;0;0;71;0;173;0;
1167;2225744;916254720;11440128;1021890560;0;0;0;0;0;0;0;0;0;0;0;1593;0;0;71;0;173;0;
1168;3428850;916254720;11440128;1021890560;0;0;0;0;0;0;0;0;0;0;0;2926;0;0;71;0;175;0;
1169;2762701;916254720;11440128;1021890560;0;0;0;0;0;0;0;0;0;0;0;1743;0;0;71;0;175;0;
1170;2539623;916254720;11440128;1021890560;0;0;0;0;0;0;0;0;0;0;0;1944;0;0;71;0;175;0;
1171;4087926;916254720;11440128;1021890560;0;0;0;0;0;0;0;0;0;0;0;2074;0;0;71;0;175;0;
1172;2753574;916254720;11440128;1021890560;0;0;0;0;0;0;0;0;0;0;0;1743;0;0;71;0;175;0;
1173;1876519;916254720;11440128;1021890560;0;0;0;0;0;0;0;0;0;0;0;1332;0;0;71;0;175;0;
1174;2353254;916254720;11440128;1021890560;0;0;0;0;0;0;0;0;0;0;0;1313;0;0;71;0;175;0;
1175;2586981;916254720;11440128;1021890560;0;0;0;0;0;0;0;0;0;0;0;1583;0;0;71;0;175;0;
1176;3038499;916254720;11440128;1021890560;0;0;0;0;0;0;0;0;0;0;0;1553;0;0;71;0;175;0;
1177;2903385;916254720;11440128;1021890560;0;0;0;0;0;0;0;0;0;0;0;1362;0;0;71;0;175;0;
1178;2288472;916254720;11440128;1021890560;0;0;0;0;0;0;0;0;0;0;0;2114;0;0;71;0;175;0;
1179;2578746;916254720;11440128;1021890560;0;0;0;0;0;0;0;0;0;0;0;1633;0;0;71;0;175;0;
1180;2446498;916254720;11440128;1021890560;0;0;0;0;0;0;0;0;0;0;0;1533;0;0;71;0;175;0;
1181;2427793;916254720;11440128;1021890560;0;0;0;0;0;0;0;0;0;0;0;2375;0;0;71;0;175;0;
1182;2824837;916254720;11440128;1021890560;0;0;0;0;0;0;0;0;0;0;0;1573;0;0;71;0;175;0;
1183;2958969;916254720;11440128;1021890560;0;0;0;0;0;0;0;0;0;0;0;1823;0;0;71;0;175;0;
1184;2754045;916254720;11440128;1021890560;0;0;0;0;0;0;0;0;0;0;0;1673;0;0;71;0;175;0;
1185;2788550;916254720;11440128;1021890560;0;0;0;0;0;0;0;0;0;0;0;1542;0;0;71;0;175;0;
1186;2289273;916254720;11440128;1021890560;0;0;0;0;0;0;0;0;0;0;0;1613;0;0;71;0;175;0;
1187;2652504;916254720;11440128;1021890560;0;0;0;0;0;0;0;0;0;0;0;1513;0;0;71;0;175;0;
1188;2408056;916254720;11440128;1021890560;0;0;0;0;0;0;0;0;0;0;0;1894;0;0;71;0;175;0;
1189;3990173;916312064;11415552;1021865984;0;0;0;0;0;0;0;0;0;0;0;1824;0;0;71;0;175;0;
1190;2896582;916312064;11415552;1021865984;0;0;0;0;0;0;0;0;0;0;0;1733;0;0;71;0;175;0;
1191;2506401;916312064;11415552;1021865984;0;0;0;0;0;0;0;0;0;0;0;1823;0;0;71;0;175;0;
1192;2901461;916312064;11415552;1021865984;0;0;0;0;0;0;0;0;0;0;0;1563;0;0;71;0;175;0;
1193;3202035;916312064;11415552;1021865984;0;0;0;0;0;0;0;0;0;0;0;2545;0;0;71;0;175;0;
1194;2266029;916312064;11415552;1021865984;0;0;0;0;0;0;0;0;0;0;0;1573;0;0;71;0;175;0;
1195;2410821;916312064;11415552;1021865984;0;0;0;0;0;0;0;0;0;0;0;1372;0;0;71;0;175;0;
1196;2096071;916312064;11415552;1021865984;0;0;0;0;0;0;0;0;0;0;0;2044;0;0;71;0;175;0;
1197;2262664;916312064;11415552;1021865984;0;0;0;0;0;0;0;0;0;0;0;1613;0;0;71;0;175;0;
1198;3752918;916131840;11235328;1021685760;0;0;0;0;0;0;0;0;0;0;0;1764;0;0;71;0;175;0;
1199;2725521;916131840;11235328;1021685760;0;0;0;0;0;0;0;0;0;0;0;1653;0;0;71;0;175;0;
1200;2762841;916131840;11235328;1021685760;0;0;0;0;0;0;0;0;0;0;0;50184;0;0;71;0;175;0;
1201;2661291;916131840;11235328;1021685760;0;0;0;0;0;0;0;0;0;0;0;254267;0;0;71;0;175;0;
1202;2741932;916131840;11235328;1021685760;0;0;0;0;0;0;0;0;0;0;0;1723;0;0;71;0;175;0;
1203;2477837;916131840;11235328;1021685760;0;0;0;0;0;0;0;0;0;0;0;1683;0;0;71;0;175;0;
1204;2650721;916131840;11235328;1021685760;0;0;0;0;0;0;0;0;0;0;0;2164;0;0;71;0;175;0;
1205;3084705;916131840;11235328;1021685760;0;0;0;0;0;0;0;0;0;0;0;1994;0;0;71;0;175;0;
1206;2924505;916131840;11235328;1021685760;0;0;0;0;0;0;0;0;0;0;0;1974;0;0;71;0;175;0;
1207;4696748;916131840;11235328;1021685760;0;0;0;0;0;0;0;0;0;0;0;1873;0;0;71;0;175;0;
1208;3297154;916131840;11235328;1021685760;0;0;0;0;0;0;0;0;0;0;0;1983;0;0;71;0;175;0;
1209;2960372;916131840;11235328;1021685760;0;0;0;0;0;0;0;0;0;0;0;1573;0;0;71;0;175;0;
1210;3087871;916131840;11235328;1021685760;0;0;0;0;0;0;0;0;0;0;0;1643;0;0;71;0;175;0;
1211;2888898;916131840;11235328;1021685760;0;0;0;0;0;0;0;0;0;0;0;1673;0;0;71;0;175;0;
1212;3329965;916131840;11235328;1021685760;0;0;0;0;0;0;0;0;0;0;0;1763;0;0;71;0;175;0;
1213;3004865;916131840;11235328;1021685760;0;0;0;0;0;0;0;0;0;0;0;1733;0;0;71;0;175;0;
1214;3940229;916131840;11235328;1021685760;0;0;0;0;0;0;0;0;0;0;0;1824;0;0;71;0;175;0;
1215;2147657;916131840;11235328;1021685760;0;0;0;0;0;0;0;0;0;0;0;1924;0;0;71;0;175;0;
1216;4199666;915824640;11186176;1021636608;0;0;0;0;0;0;0;0;0;0;0;1873;0;0;71;0;175;0;
1217;3088312;915824640;11186176;1021636608;0;0;0;0;0;0;0;0;0;0;0;1913;0;0;71;0;175;0;
1218;2900700;915824640;11186176;1021636608;0;0;0;0;0;0;0;0;0;0;0;1793;0;0;71;0;175;0;
1219;3239205;915824640;11186176;1021636608;0;0;0;0;0;0;0;0;0;0;0;1713;0;0;71;0;175;0;
1220;2617078;915824640;11186176;1021636608;0;0;0;0;0;0;0;0;0;0;0;1673;0;0;71;0;175;0;
1221;3186435;915824640;11186176;1021636608;0;0;0;0;0;0;0;0;0;0;0;1493;0;0;71;0;175;0;
1222;3037266;915824640;11186176;1021636608;0;0;0;0;0;0;0;0;0;0;0;1663;0;0;71;0;175;0;
1223;3561690;915824640;11186176;1021636608;0;0;0;0;0;0;0;0;0;0;0;1704;0;0;71;0;175;0;
1224;3181928;915824640;11186176;1021636608;0;0;0;0;0;0;0;0;0;0;0;1793;0;0;71;0;175;0;
1225;7286655;916090880;12038144;1022488576;0;0;0;0;0;0;0;0;0;0;0;28393;0;0;71;0;176;0;
1226;3175014;916357120;12042240;1022492672;0;0;0;0;0;0;0;0;0;0;0;1553;0;0;71;0;176;0;
1227;2662674;916357120;12042240;1022492672;0;0;0;0;0;0;0;0;0;0;0;1703;0;0;71;0;176;0;
1228;2736702;916357120;12042240;1022492672;0;0;0;0;0;0;0;0;0;0;0;1773;0;0;71;0;176;0;
1229;3788234;916357120;12042240;1022492672;0;0;0;0;0;0;0;0;0;0;0;1723;0;0;71;0;176;0;
1230;2812795;916357120;12042240;1022492672;0;0;0;0;0;0;0;0;0;0;0;1623;0;0;71;0;176;0;
1231;2201138;916357120;12042240;1022492672;0;0;0;0;0;0;0;0;0;0;0;1533;0;0;71;0;176;0;
1232;2470533;916357120;12042240;1022492672;0;0;0;0;0;0;0;0;0;0;0;1884;0;0;71;0;176;0;
1233;2363523;916357120;12042240;1022492672;0;0;0;0;0;0;0;0;0;0;0;1653;0;0;71;0;176;0;
1234;5184182;920608768;12042240;1022492672;0;0;0;0;0;0;0;0;0;0;0;2995;0;0;72;0;176;0;
1235;2981101;920608768;12042240;1022492672;0;0;0;0;0;0;0;0;0;0;0;1993;0;0;72;0;176;0;
1236;2090140;920608768;12042240;1022492672;0;0;0;0;0;0;0;0;0;0;0;1533;0;0;72;0;176;0;
1237;2705333;920608768;12042240;1022492672;0;0;0;0;0;0;0;0;0;0;0;1803;0;0;72;0;176;0;
1238;2635312;920608768;12042240;1022492672;0;0;0;0;0;0;0;0;0;0;0;1734;0;0;72;0;176;0;
1239;3265153;920608768;12042240;1022492672;0;0;0;0;0;0;0;0;0;0;0;1432;0;0;72;0;176;0;
1240;5970377;924659712;12042240;1022492672;0;0;0;0;0;0;0;0;0;0;0;2114;0;0;73;0;176;0;
1241;3580364;924659712;12042240;1022492672;0;0;0;0;0;0;0;0;0;0;0;1432;0;0;73;0;176;0;
1242;4710494;924659712;12042240;1022492672;0;0;0;0;0;0;0;0;0;0;0;2214;0;0;73;0;176;0;
1243;3570767;924659712;12042240;1022492672;0;0;0;0;0;0;0;0;0;0;0;2174;0;0;73;0;176;0;
1244;3870419;924659712;12042240;1022492672;0;0;0;0;0;0;0;0;0;0;0;2264;0;0;73;0;176;0;
1245;3201073;924659712;12042240;1022492672;0;0;0;0;0;0;0;0;0;0;0;2084;0;0;73;0;176;0;
1246;2403397;924659712;12042240;1022492672;0;0;0;0;0;0;0;0;0;0;0;1714;0;0;73;0;176;0;
1247;2775314;924659712;12042240;1022492672;0;0;0;0;0;0;0;0;0;0;0;1764;0;0;73;0;176;0;
1248;2596359;924659712;12042240;1022492672;0;0;0;0;0;0;0;0;0;0;0;1854;0;0;73;0;176;0;
1249;3024051;924659712;12042240;1022492672;0;0;0;0;0;0;0;0;0;0;0;1573;0;0;73;0;176;0;
1250;5442076;924930048;12042240;1022492672;0;0;0;0;0;0;0;0;0;0;0;2184;0;0;73;0;176;0;
1251;3472472;924930048;12042240;1022492672;0;0;0;0;0;0;0;0;0;0;0;1793;0;0;73;0;176;0;
1252;4080121;929124352;12042240;1039269888;0;0;0;0;0;0;0;0;0;0;0;2675;0;0;73;0;176;0;
1253;3023931;929124352;12042240;1039269888;0;0;0;0;0;0;0;0;0;0;0;1864;0;0;73;0;176;0;
1254;3904993;929124352;12042240;1039269888;0;0;0;0;0;0;0;0;0;0;0;1764;0;0;73;0;176;0;
1255;2573847;929124352;12042240;1039269888;0;0;0;0;0;0;0;0;0;0;0;1723;0;0;73;0;176;0;
1256;3083332;929124352;12042240;1039269888;0;0;0;0;0;0;0;0;0;0;0;2054;0;0;73;0;176;0;
1257;3407420;929382400;12042240;1039269888;0;0;0;0;0;0;0;0;0;0;0;2054;0;0;73;0;176;0;
1258;3402901;929382400;12042240;1039269888;0;0;0;0;0;0;0;0;0;0;0;1773;0;0;73;0;176;0;
1259;3418360;929382400;12042240;1039269888;0;0;0;0;0;0;0;0;0;0;0;2415;0;0;73;0;176;0;
1260;2536858;929382400;12042240;1039269888;0;0;0;0;0;0;0;0;0;0;0;1703;0;0;73;0;176;0;
1261;1758788;929382400;12042240;1039269888;0;0;0;0;0;0;0;0;0;0;0;1623;0;0;73;0;176;0;
1262;3619047;929382400;12042240;1039269888;0;0;0;0;0;0;0;0;0;0;0;1713;0;0;73;0;176;0;
1263;2451518;929382400;12042240;1039269888;0;0;0;0;0;0;0;0;0;0;0;1683;0;0;73;0;176;0;
1264;2239339;929382400;12042240;1039269888;0;0;0;0;0;0;0;0;0;0;0;1563;0;0;73;0;176;0;
1265;2388679;929382400;12042240;1039269888;0;0;0;0;0;0;0;0;0;0;0;1462;0;0;73;0;176;0;
1266;3197546;929382400;12042240;1039269888;0;0;0;0;0;0;0;0;0;0;0;1693;0;0;73;0;176;0;
1267;2766058;929382400;12042240;1039269888;0;0;0;0;0;0;0;0;0;0;0;1523;0;0;73;0;176;0;
1268;5076290;933629952;12042240;1039269888;0;0;0;0;0;0;0;0;0;0;0;2625;0;0;74;0;176;0;
1269;3152442;933629952;12042240;1039269888;0;0;0;0;0;0;0;0;0;0;0;1844;0;0;74;0;176;0;
1270;2849725;933629952;12042240;1039269888;0;0;0;0;0;0;0;0;0;0;0;1854;0;0;74;0;176;0;
1271;3097298;933629952;12042240;1039269888;0;0;0;0;0;0;0;0;0;0;0;1603;0;0;74;0;176;0;
1272;3492780;933896192;12042240;1039269888;0;0;0;0;0;0;0;0;0;0;0;1873;0;0;74;0;176;0;
1273;5328052;940187648;12042240;1056047104;0;0;0;0;0;0;0;0;0;0;0;3647;0;0;75;0;177;0;
1274;4011323;940376064;12021760;1056026624;0;0;0;0;0;0;0;0;0;0;0;1863;0;0;75;0;177;0;
1275;3182819;940376064;12021760;1056026624;0;0;0;0;0;0;0;0;0;0;0;1834;0;0;75;0;177;0;
1276;3175725;940376064;12021760;1056026624;0;0;0;0;0;0;0;0;0;0;0;1362;0;0;75;0;177;0;
1277;2228028;940376064;12021760;1056026624;0;0;0;0;0;0;0;0;0;0;0;1302;0;0;75;0;177;0;
1278;1917035;940376064;12021760;1056026624;0;0;0;0;0;0;0;0;0;0;0;1473;0;0;75;0;177;0;
1279;2203432;940376064;12021760;1056026624;0;0;0;0;0;0;0;0;0;0;0;1392;0;0;75;0;177;0;
1280;2896251;940376064;12021760;1056026624;0;0;0;0;0;0;0;0;0;0;0;1553;0;0;75;0;177;0;
1281;2787337;940376064;12021760;1056026624;0;0;0;0;0;0;0;0;0;0;0;1623;0;0;75;0;177;0;
1282;3007640;940167168;11812864;1055817728;0;0;0;0;0;0;0;0;0;0;0;1593;0;0;75;0;177;0;
1283;3101216;940167168;11812864;1055817728;0;0;0;0;0;0;0;0;0;0;0;1623;0;0;75;0;177;0;
1284;3195183;940167168;11812864;1055817728;0;0;0;0;0;0;0;0;0;0;0;1443;0;0;75;0;177;0;
1285;2964509;940167168;11812864;1055817728;0;0;0;0;0;0;0;0;0;0;0;1643;0;0;75;0;177;0;
1286;3071370;940167168;11812864;1055817728;0;0;0;0;0;0;0;0;0;0;0;1603;0;0;75;0;177;0;
1287;3557382;940167168;11812864;1055817728;0;0;0;0;0;0;0;0;0;0;0;1713;0;0;75;0;177;0;
1288;2831730;940167168;11812864;1055817728;0;0;0;0;0;0;0;0;0;0;0;1533;0;0;75;0;177;0;
1289;3104032;940167168;11812864;1055817728;0;0;0;0;0;0;0;0;0;0;0;2194;0;0;75;0;177;0;
1290;9317504;940167168;11812864;1055817728;0;0;0;0;0;0;0;0;0;0;0;1793;0;0;75;0;177;0;
1291;3878554;940167168;11812864;1055817728;0;0;0;0;0;0;0;0;0;0;0;2976;0;0;75;0;177;0;
1292;4370366;946458624;11812864;1072594944;0;0;0;0;0;0;0;0;0;0;0;3817;0;0;76;0;177;0;
1293;4146707;946458624;11812864;1072594944;0;0;0;0;0;0;0;0;0;0;0;2214;0;0;76;0;177;0;
1294;2460574;946458624;11812864;1072594944;0;0;0;0;0;0;0;0;0;0;0;1753;0;0;76;0;177;0;
1295;3335646;946458624;11812864;1072594944;0;0;0;0;0;0;0;0;0;0;0;1383;0;0;76;0;177;0;
1296;3469126;946458624;11812864;1072594944;0;0;0;0;0;0;0;0;0;0;0;1663;0;0;76;0;177;0;
1297;5648013;950480896;11812864;1072594944;0;0;0;0;0;0;0;0;0;0;0;3186;0;0;77;0;177;0;
1298;7511938;950480896;11812864;1072594944;0;0;0;0;0;0;0;0;0;0;0;3086;0;0;77;0;177;0;
1299;3535941;950751232;11829248;1072611328;0;0;0;0;0;0;0;0;0;0;0;1723;0;0;77;0;177;0;
1300;4727326;954732544;11829248;1072611328;0;0;0;0;0;0;0;0;0;0;0;2865;0;0;78;0;177;0;
1301;3108449;954732544;11829248;1072611328;0;0;0;0;0;0;0;0;0;0;0;1943;0;0;78;0;177;0;
1302;3617364;954732544;11829248;1072611328;0;0;0;0;0;0;0;0;0;0;0;2134;0;0;78;0;177;0;
1303;3371764;954732544;11829248;1072611328;0;0;0;0;0;0;0;0;0;0;0;1473;0;0;78;0;177;0;
1304;3190643;954732544;11829248;1072611328;0;0;0;0;0;0;0;0;0;0;0;2184;0;0;78;0;177;0;
1305;4520427;954732544;11829248;1072611328;0;0;0;0;0;0;0;0;0;0;0;2274;0;0;78;0;177;0;
1306;3858376;954732544;11829248;1072611328;0;0;0;0;0;0;0;0;0;0;0;2084;0;0;78;0;177;0;
1307;3211413;954732544;11829248;1072611328;0;0;0;0;0;0;0;0;0;0;0;1943;0;0;78;0;177;0;
1308;3322891;954732544;11829248;1072611328;0;0;0;0;0;0;0;0;0;0;0;1914;0;0;78;0;177;0;
1309;3075468;954732544;11829248;1072611328;0;0;0;0;0;0;0;0;0;0;0;2284;0;0;78;0;177;0;
1310;2483107;954732544;11829248;1072611328;0;0;0;0;0;0;0;0;0;0;0;1964;0;0;78;0;177;0;
1311;3406138;954732544;11829248;1072611328;0;0;0;0;0;0;0;0;0;0;0;2274;0;0;78;0;177;0;
1312;3297414;954732544;11829248;1072611328;0;0;0;0;0;0;0;0;0;0;0;2004;0;0;78;0;177;0;
1313;2781767;954732544;11829248;1072611328;0;0;0;0;0;0;0;0;0;0;0;1814;0;0;78;0;177;0;
1314;3002090;954732544;11829248;1072611328;0;0;0;0;0;0;0;0;0;0;0;1843;0;0;78;0;177;0;
1315;3130240;954732544;11829248;1072611328;0;0;0;0;0;0;0;0;0;0;0;1823;0;0;78;0;177;0;
1316;2525807;954732544;11829248;1072611328;0;0;0;0;0;0;0;0;0;0;0;2054;0;0;78;0;177;0;
1317;4094789;954732544;11829248;1072611328;0;0;0;0;0;0;0;0;0;0;0;24386;0;0;78;0;177;0;
1318;1935730;954732544;11829248;1072611328;0;0;0;0;0;0;0;0;0;0;0;1613;0;0;78;0;177;0;
1319;3319986;954732544;11829248;1072611328;0;0;0;0;0;0;0;0;0;0;0;1964;0;0;78;0;177;0;
1320;2685567;954732544;11829248;1072611328;0;0;0;0;0;0;0;0;0;0;0;1643;0;0;78;0;177;0;
1321;3423150;954732544;11829248;1072611328;0;0;0;0;0;0;0;0;0;0;0;1613;0;0;78;0;177;0;
1322;3312492;954732544;11829248;1072611328;0;0;0;0;0;0;0;0;0;0;0;1784;0;0;78;0;177;0;
1323;4179068;954732544;11829248;1072611328;0;0;0;0;0;0;0;0;0;0;0;2435;0;0;78;0;177;0;
1324;2385263;954732544;11829248;1072611328;0;0;0;0;0;0;0;0;0;0;0;1684;0;0;78;0;177;0;
1325;3269602;954732544;11829248;1072611328;0;0;0;0;0;0;0;0;0;0;0;1563;0;0;78;0;177;0;
1326;3037907;954732544;11829248;1072611328;0;0;0;0;0;0;0;0;0;0;0;1623;0;0;78;0;177;0;
1327;3322040;954732544;11829248;1072611328;0;0;0;0;0;0;0;0;0;0;0;1653;0;0;78;0;177;0;
1328;3474837;954732544;11829248;1072611328;0;0;0;0;0;0;0;0;0;0;0;1934;0;0;78;0;177;0;
1329;3459898;954732544;11829248;1072611328;0;0;0;0;0;0;0;0;0;0;0;1593;0;0;78;0;177;0;
1330;3285151;954732544;11829248;1072611328;0;0;0;0;0;0;0;0;0;0;0;1192;0;0;78;0;177;0;
1331;3394065;954732544;11829248;1072611328;0;0;0;0;0;0;0;0;0;0;0;1553;0;0;78;0;177;0;
1332;2438783;954732544;11829248;1072611328;0;0;0;0;0;0;0;0;0;0;0;1583;0;0;78;0;177;0;
1333;4593183;954732544;11829248;1072611328;0;0;0;0;0;0;0;0;0;0;0;2023;0;0;78;0;177;0;
1334;2375675;954732544;11829248;1072611328;0;0;0;0;0;0;0;0;0;0;0;1683;0;0;78;0;177;0;
1335;3017048;954732544;11829248;1072611328;0;0;0;0;0;0;0;0;0;0;0;1563;0;0;78;0;177;0;
1336;3084084;954732544;11829248;1072611328;0;0;0;0;0;0;0;0;0;0;0;1834;0;0;78;0;177;0;
1337;2876755;954732544;11829248;1072611328;0;0;0;0;0;0;0;0;0;0;0;1683;0;0;78;0;177;0;
1338;2674797;954732544;11829248;1072611328;0;0;0;0;0;0;0;0;0;0;0;1734;0;0;78;0;177;0;
1339;3272698;954732544;11829248;1072611328;0;0;0;0;0;0;0;0;0;0;0;1883;0;0;78;0;177;0;
1340;2441810;954732544;11829248;1072611328;0;0;0;0;0;0;0;0;0;0;0;1613;0;0;78;0;177;0;
1341;2406483;954732544;11829248;1072611328;0;0;0;0;0;0;0;0;0;0;0;1593;0;0;78;0;177;0;
1342;3156630;954732544;11829248;1072611328;0;0;0;0;0;0;0;0;0;0;0;1964;0;0;78;0;177;0;
1343;3335245;954732544;11829248;1072611328;0;0;0;0;0;0;0;0;0;0;0;1352;0;0;78;0;177;0;
1344;3310859;954994688;11829248;1072611328;0;0;0;0;0;0;0;0;0;0;0;1804;0;0;78;0;177;0;
1345;3375030;954994688;11829248;1072611328;0;0;0;0;0;0;0;0;0;0;0;1583;0;0;78;0;177;0;
1346;2971563;954994688;11829248;1072611328;0;0;0;0;0;0;0;0;0;0;0;1463;0;0;78;0;177;0;
1347;3356504;954994688;11829248;1072611328;0;0;0;0;0;0;0;0;0;0;0;1753;0;0;78;0;177;0;
1348;3117727;954994688;11829248;1072611328;0;0;0;0;0;0;0;0;0;0;0;1823;0;0;78;0;177;0;
1349;2669486;954994688;11829248;1072611328;0;0;0;0;0;0;0;0;0;0;0;1683;0;0;78;0;177;0;
1350;2537750;954994688;11829248;1072611328;0;0;0;0;0;0;0;0;0;0;0;27992;0;0;78;0;177;0;
1351;3162952;954994688;11829248;1072611328;0;0;0;0;0;0;0;0;0;0;0;1633;0;0;78;0;177;0;
1352;2592252;954994688;11829248;1072611328;0;0;0;0;0;0;0;0;0;0;0;1593;0;0;78;0;177;0;
1353;4283944;954994688;11829248;1072611328;0;0;0;0;0;0;0;0;0;0;0;1633;0;0;78;0;177;0;
1354;3246037;954994688;11829248;1072611328;0;0;0;0;0;0;0;0;0;0;0;1924;0;0;78;0;177;0;
1355;3391400;955035648;11812864;1072594944;0;0;0;0;0;0;0;0;0;0;0;1863;0;0;78;0;177;0;
1356;2504447;955035648;11812864;1072594944;0;0;0;0;0;0;0;0;0;0;0;1893;0;0;78;0;177;0;
1357;4332465;955035648;11812864;1072594944;0;0;0;0;0;0;0;0;0;0;0;1572;0;0;78;0;177;0;
1358;2807836;955035648;11812864;1072594944;0;0;0;0;0;0;0;0;0;0;0;1563;0;0;78;0;177;0;
1359;5670014;959082496;11812864;1072594944;0;0;0;0;0;0;0;0;0;0;0;2565;0;0;79;0;177;0;
1360;2220043;959082496;11812864;1072594944;0;0;0;0;0;0;0;0;0;0;0;1433;0;0;79;0;177;0;
1361;3049108;959082496;11812864;1072594944;0;0;0;0;0;0;0;0;0;0;0;1653;0;0;79;0;177;0;
1362;2623430;959082496;11812864;1072594944;0;0;0;0;0;0;0;0;0;0;0;1593;0;0;79;0;177;0;
1363;3313995;959082496;11812864;1072594944;0;0;0;0;0;0;0;0;0;0;0;1433;0;0;79;0;177;0;
1364;2014508;959082496;11812864;1072594944;0;0;0;0;0;0;0;0;0;0;0;2274;0;0;79;0;177;0;
1365;2154290;959082496;11812864;1072594944;0;0;0;0;0;0;0;0;0;0;0;1653;0;0;79;0;177;0;
1366;2432312;959082496;11812864;1072594944;0;0;0;0;0;0;0;0;0;0;0;1843;0;0;79;0;177;0;
1367;3323352;959082496;11812864;1072594944;0;0;0;0;0;0;0;0;0;0;0;1503;0;0;79;0;177;0;
1368;2771277;959082496;11812864;1072594944;0;0;0;0;0;0;0;0;0;0;0;1803;0;0;79;0;177;0;
1369;2806664;959082496;11812864;1072594944;0;0;0;0;0;0;0;0;0;0;0;2084;0;0;79;0;177;0;
1370;4850055;963137536;11812864;1072594944;0;0;0;0;0;0;0;0;0;0;0;3166;0;0;80;0;177;0;
1371;6337325;963137536;11812864;1072594944;0;0;0;0;0;0;0;0;0;0;0;2064;0;0;80;0;177;0;
1372;3656868;963137536;11825152;1072607232;0;0;0;0;0;0;0;0;0;0;0;2615;0;0;80;0;177;0;
1373;2754506;963137536;11825152;1072607232;0;0;0;0;0;0;0;0;0;0;0;84248;0;0;80;0;177;0;
1374;3085677;963137536;11825152;1072607232;0;0;0;0;0;0;0;0;0;0;0;1904;0;0;80;0;177;0;
1375;3147163;963137536;11825152;1072607232;0;0;0;0;0;0;0;0;0;0;0;1843;0;0;80;0;177;0;
1376;2354386;963137536;11825152;1072607232;0;0;0;0;0;0;0;0;0;0;0;1753;0;0;80;0;177;0;
1377;2886473;963137536;11825152;1072607232;0;0;0;0;0;0;0;0;0;0;0;1714;0;0;80;0;177;0;
1378;3109542;963674112;11825152;1072607232;0;0;0;0;0;0;0;0;0;0;0;2023;0;0;80;0;177;0;
1379;3052264;963674112;11825152;1072607232;0;0;0;0;0;0;0;0;0;0;0;1783;0;0;80;0;177;0;
1380;2257904;963674112;11825152;1072607232;0;0;0;0;0;0;0;0;0;0;0;1704;0;0;80;0;177;0;
1381;3327611;963674112;11825152;1072607232;0;0;0;0;0;0;0;0;0;0;0;1774;0;0;80;0;177;0;
1382;2825499;963674112;11825152;1072607232;0;0;0;0;0;0;0;0;0;0;0;1934;0;0;80;0;177;0;
1383;3442777;963674112;11825152;1072607232;0;0;0;0;0;0;0;0;0;0;0;1854;0;0;80;0;177;0;
1384;3023741;963674112;11825152;1072607232;0;0;0;0;0;0;0;0;0;0;0;1753;0;0;80;0;177;0;
1385;2459493;963674112;11825152;1072607232;0;0;0;0;0;0;0;0;0;0;0;1844;0;0;80;0;177;0;
1386;4302599;963674112;11825152;1072607232;0;0;0;0;0;0;0;0;0;0;0;2124;0;0;80;0;177;0;
1387;2507783;963674112;11825152;1072607232;0;0;0;0;0;0;0;0;0;0;0;1443;0;0;80;0;177;0;
1388;2482105;963674112;11825152;1072607232;0;0;0;0;0;0;0;0;0;0;0;106239;0;0;80;0;177;0;
1389;2896422;963674112;11825152;1072607232;0;0;0;0;0;0;0;0;0;0;0;1643;0;0;80;0;177;0;
1390;2972384;963674112;11825152;1072607232;0;0;0;0;0;0;0;0;0;0;0;1483;0;0;80;0;177;0;
1391;2148799;963674112;11825152;1072607232;0;0;0;0;0;0;0;0;0;0;0;1543;0;0;80;0;177;0;
1392;2568757;963674112;11825152;1072607232;0;0;0;0;0;0;0;0;0;0;0;1553;0;0;80;0;177;0;
1393;3910513;963674112;11825152;1072607232;0;0;0;0;0;0;0;0;0;0;0;1833;0;0;80;0;177;0;
1394;2995708;963674112;11825152;1072607232;0;0;0;0;0;0;0;0;0;0;0;1764;0;0;80;0;177;0;
1395;3177659;963674112;11825152;1072607232;0;0;0;0;0;0;0;0;0;0;0;1673;0;0;80;0;177;0;
1396;3587548;963674112;11825152;1072607232;0;0;0;0;0;0;0;0;0;0;0;1633;0;0;80;0;177;0;
1397;2796906;963674112;11825152;1072607232;0;0;0;0;0;0;0;0;0;0;0;1694;0;0;80;0;177;0;
1398;3352608;963674112;11825152;1072607232;0;0;0;0;0;0;0;0;0;0;0;1473;0;0;80;0;177;0;
1399;2052049;963674112;11825152;1072607232;0;0;0;0;0;0;0;0;0;0;0;1654;0;0;80;0;177;0;
1400;2329889;963584000;11599872;1072381952;0;0;0;0;0;0;0;0;0;0;0;1583;0;0;80;0;177;0;
1401;3118398;963584000;11599872;1072381952;0;0;0;0;0;0;0;0;0;0;0;23855;0;0;80;0;177;0;
1402;3566268;963584000;11599872;1072381952;0;0;0;0;0;0;0;0;0;0;0;1713;0;0;80;0;177;0;
1403;3818481;963584000;11599872;1072381952;0;0;0;0;0;0;0;0;0;0;0;1994;0;0;80;0;177;0;
1404;3743390;963584000;11599872;1072381952;0;0;0;0;0;0;0;0;0;0;0;1753;0;0;80;0;177;0;
1405;3576006;963584000;11599872;1072381952;0;0;0;0;0;0;0;0;0;0;0;1804;0;0;80;0;177;0;
1406;2980970;963584000;11599872;1072381952;0;0;0;0;0;0;0;0;0;0;0;1813;0;0;80;0;177;0;
1407;3679751;963584000;11599872;1072381952;0;0;0;0;0;0;0;0;0;0;0;372719;0;0;80;0;177;0;
1408;3996575;963584000;11599872;1072381952;0;0;0;0;0;0;0;0;0;0;0;1473;0;0;80;0;177;0;
1409;3753099;967778304;11599872;1089159168;0;0;0;0;0;0;0;0;0;0;0;2525;0;0;80;0;177;0;
1410;3872051;967778304;11599872;1089159168;0;0;0;0;0;0;0;0;0;0;0;1673;0;0;80;0;177;0;
1411;2906952;967778304;11599872;1089159168;0;0;0;0;0;0;0;0;0;0;0;1723;0;0;80;0;177;0;
1412;3243252;967778304;11599872;1089159168;0;0;0;0;0;0;0;0;0;0;0;1483;0;0;80;0;177;0;
1413;2718208;967778304;11599872;1089159168;0;0;0;0;0;0;0;0;0;0;0;1683;0;0;80;0;177;0;
1414;3661476;967778304;11599872;1089159168;0;0;0;0;0;0;0;0;0;0;0;1693;0;0;80;0;177;0;
1415;2974468;967778304;11599872;1089159168;0;0;0;0;0;0;0;0;0;0;0;1633;0;0;80;0;177;0;
1416;2971262;967778304;11599872;1089159168;0;0;0;0;0;0;0;0;0;0;0;1573;0;0;80;0;177;0;
1417;3374819;967778304;11599872;1089159168;0;0;0;0;0;0;0;0;0;0;0;1693;0;0;80;0;177;0;
1418;3388134;967778304;11599872;1089159168;0;0;0;0;0;0;0;0;0;0;0;1312;0;0;80;0;177;0;
1419;3328693;967778304;11599872;1089159168;0;0;0;0;0;0;0;0;0;0;0;1472;0;0;80;0;177;0;
1420;3511124;967778304;11599872;1089159168;0;0;0;0;0;0;0;0;0;0;0;1713;0;0;80;0;177;0;
1421;3704517;967856128;11587584;1089146880;0;0;0;0;0;0;0;0;0;0;0;24766;0;0;80;0;177;0;
1422;3662478;967856128;11587584;1089146880;0;0;0;0;0;0;0;0;0;0;0;1713;0;0;80;0;177;0;
1423;4853412;971829248;11587584;1089146880;0;0;0;0;0;0;0;0;0;0;0;2926;0;0;81;0;177;0;
1424;3335526;976023552;11587584;1105924096;0;0;0;0;0;0;0;0;0;0;0;2014;0;0;81;0;177;0;
1425;2595698;976023552;11587584;1105924096;0;0;0;0;0;0;0;0;0;0;0;1463;0;0;81;0;177;0;
1426;3170897;976023552;11587584;1105924096;0;0;0;0;0;0;0;0;0;0;0;1443;0;0;81;0;177;0;
1427;2710714;976023552;11587584;1105924096;0;0;0;0;0;0;0;0;0;0;0;1523;0;0;81;0;177;0;
1428;7068756;976023552;11636736;1105973248;0;0;0;0;0;0;0;0;0;0;0;2024;0;0;81;0;177;0;
1429;3361384;976281600;16166912;1110503424;0;0;0;0;0;0;0;0;0;0;0;43863;0;0;81;0;177;0;
1430;2332364;976281600;16166912;1110503424;0;0;0;0;0;0;0;0;0;0;0;1923;0;0;81;0;177;0;
1431;2727615;976281600;16166912;1110503424;0;0;0;0;0;0;0;0;0;0;0;1653;0;0;81;0;177;0;
1432;4822494;980537344;16166912;1110503424;0;0;0;0;0;0;0;0;0;0;0;2815;0;0;82;0;177;0;
1433;3593068;980537344;16166912;1110503424;0;0;0;0;0;0;0;0;0;0;0;1743;0;0;82;0;177;0;
1434;3304677;980795392;16166912;1110503424;0;0;0;0;0;0;0;0;0;0;0;1843;0;0;82;0;177;0;
1435;3121294;980795392;16166912;1110503424;0;0;0;0;0;0;0;0;0;0;0;1462;0;0;82;0;177;0;
1436;6682833;982683648;16166912;1110503424;0;0;0;0;0;0;0;0;0;0;0;3066;0;0;83;0;177;0;
1437;3159947;982683648;16166912;1110503424;0;0;0;0;0;0;0;0;0;0;0;1834;0;0;83;0;177;0;
1438;4561004;986877952;16166912;1127280640;0;0;0;0;0;0;0;0;0;0;0;2214;0;0;83;0;177;0;
1439;3314185;986877952;16166912;1127280640;0;0;0;0;0;0;0;0;0;0;0;1533;0;0;83;0;177;0;
1440;1484324;986877952;16166912;1127280640;0;0;0;0;0;0;0;0;0;0;0;2425;0;0;83;0;178;0;
1441;2862558;986877952;16166912;1127280640;0;0;0;0;0;0;0;0;0;0;0;1613;0;0;83;0;178;0;
1442;2204845;986877952;16166912;1127280640;0;0;0;0;0;0;0;0;0;0;0;1623;0;0;83;0;178;0;
1443;3609579;986877952;16166912;1127280640;0;0;0;0;0;0;0;0;0;0;0;1833;0;0;83;0;178;0;
1444;2704391;986877952;16166912;1127280640;0;0;0;0;0;0;0;0;0;0;0;1723;0;0;83;0;178;0;
1445;3338962;986877952;16166912;1127280640;0;0;0;0;0;0;0;0;0;0;0;1623;0;0;83;0;178;0;
1446;4693523;991117312;16166912;1127280640;0;0;0;0;0;0;0;0;0;0;0;2034;0;0;84;0;178;0;
1447;2672462;991117312;16166912;1127280640;0;0;0;0;0;0;0;0;0;0;0;1723;0;0;84;0;178;0;
1448;3977489;991117312;16166912;1127280640;0;0;0;0;0;0;0;0;0;0;0;1764;0;0;84;0;178;0;
1449;2772178;991117312;16166912;1127280640;0;0;0;0;0;0;0;0;0;0;0;1242;0;0;84;0;178;0;
1450;3507227;991117312;16166912;1127280640;0;0;0;0;0;0;0;0;0;0;0;1653;0;0;84;0;178;0;
1451;4981502;995360768;16166912;1127280640;0;0;0;0;0;0;0;0;0;0;0;2344;0;0;85;0;178;0;
1452;3132194;995360768;16166912;1127280640;0;0;0;0;0;0;0;0;0;0;0;2524;0;0;85;0;178;0;
1453;2008096;995360768;16166912;1127280640;0;0;0;0;0;0;0;0;0;0;0;1653;0;0;85;0;178;0;
1454;2917652;995360768;16166912;1127280640;0;0;0;0;0;0;0;0;0;0;0;1783;0;0;85;0;178;0;
1455;3015566;995360768;16166912;1127280640;0;0;0;0;0;0;0;0;0;0;0;1593;0;0;85;0;178;0;
1456;3520462;995360768;16166912;1127280640;0;0;0;0;0;0;0;0;0;0;0;1553;0;0;85;0;178;0;
1457;3068434;995360768;16166912;1127280640;0;0;0;0;0;0;0;0;0;0;0;192060;0;0;85;0;178;0;
1458;2716835;995360768;16166912;1127280640;0;0;0;0;0;0;0;0;0;0;0;1964;0;0;85;0;178;0;
1459;2965251;995360768;16166912;1127280640;0;0;0;0;0;0;0;0;0;0;0;1663;0;0;85;0;178;0;
1460;2501762;995360768;16166912;1127280640;0;0;0;0;0;0;0;0;0;0;0;1753;0;0;85;0;178;0;
1461;2679575;995360768;16166912;1127280640;0;0;0;0;0;0;0;0;0;0;0;1593;0;0;85;0;178;0;
1462;7041095;1001652224;16166912;1144057856;0;0;0;0;0;0;0;0;0;0;0;4148;0;0;86;0;178;0;
1463;2260309;1001652224;16166912;1144057856;0;0;0;0;0;0;0;0;0;0;0;1853;0;0;86;0;178;0;
1464;2998013;1001652224;16166912;1144057856;0;0;0;0;0;0;0;0;0;0;0;1644;0;0;86;0;178;0;
1465;1509951;1001652224;16166912;1144057856;0;0;0;0;0;0;0;0;0;0;0;1543;0;0;86;0;178;0;
1466;2379622;1001652224;16166912;1144057856;0;0;0;0;0;0;0;0;0;0;0;1854;0;0;86;0;178;0;
1467;3565146;1001652224;16166912;1144057856;0;0;0;0;0;0;0;0;0;0;0;1753;0;0;86;0;178;0;
1468;3417779;1001652224;16166912;1144057856;0;0;0;0;0;0;0;0;0;0;0;1313;0;0;86;0;178;0;
1469;3442336;1001652224;16166912;1144057856;0;0;0;0;0;0;0;0;0;0;0;1623;0;0;86;0;178;0;
1470;3078653;1001652224;16166912;1144057856;0;0;0;0;0;0;0;0;0;0;0;1663;0;0;86;0;178;0;
1471;3380860;1001807872;11874304;1139765248;0;0;0;0;0;0;0;0;0;0;0;1703;0;0;86;0;178;0;
1472;3990544;1001807872;11874304;1139765248;0;0;0;0;0;0;0;0;0;0;0;1884;0;0;86;0;178;0;
1473;3118599;1001807872;11874304;1139765248;0;0;0;0;0;0;0;0;0;0;0;1763;0;0;86;0;178;0;
1474;3227683;1001807872;11874304;1139765248;0;0;0;0;0;0;0;0;0;0;0;2084;0;0;86;0;178;0;
1475;2752632;1001807872;11874304;1139765248;0;0;0;0;0;0;0;0;0;0;0;1833;0;0;86;0;178;0;
1476;2607881;1001807872;11874304;1139765248;0;0;0;0;0;0;0;0;0;0;0;1764;0;0;86;0;178;0;
1477;3862844;1001807872;11874304;1139765248;0;0;0;0;0;0;0;0;0;0;0;1663;0;0;86;0;178;0;
1478;3599921;1001799680;11866112;1139757056;0;0;0;0;0;0;0;0;0;0;0;1953;0;0;86;0;178;0;
1479;3016978;1001799680;11866112;1139757056;0;0;0;0;0;0;0;0;0;0;0;1894;0;0;86;0;178;0;
1480;3540931;1001799680;11866112;1139757056;0;0;0;0;0;0;0;0;0;0;0;1663;0;0;86;0;178;0;
1481;3987348;1001799680;11866112;1139757056;0;0;0;0;0;0;0;0;0;0;0;1413;0;0;86;0;178;0;
1482;3421687;1001799680;11866112;1139757056;0;0;0;0;0;0;0;0;0;0;0;1924;0;0;86;0;178;0;
1483;4102134;1001799680;11866112;1139757056;0;0;0;0;0;0;0;0;0;0;0;1774;0;0;86;0;178;0;
1484;2884290;1001799680;11866112;1139757056;0;0;0;0;0;0;0;0;0;0;0;1683;0;0;86;0;178;0;
1485;6152879;1001799680;11866112;1139757056;0;0;0;0;0;0;0;0;0;0;0;2204;0;0;86;0;178;0;
1486;4313800;1001799680;11866112;1139757056;0;0;0;0;0;0;0;0;0;0;0;2154;0;0;86;0;178;0;
1487;2790684;1001799680;11866112;1139757056;0;0;0;0;0;0;0;0;0;0;0;2164;0;0;86;0;178;0;
1488;2992021;1001799680;11866112;1139757056;0;0;0;0;0;0;0;0;0;0;0;1302;0;0;86;0;178;0;
1489;3270784;1001799680;11866112;1139757056;0;0;0;0;0;0;0;0;0;0;0;1513;0;0;86;0;178;0;
1490;2687409;1001799680;11866112;1139757056;0;0;0;0;0;0;0;0;0;0;0;1363;0;0;86;0;178;0;
1491;2812475;1001799680;11866112;1139757056;0;0;0;0;0;0;0;0;0;0;0;1613;0;0;86;0;178;0;
1492;3767605;1001799680;11866112;1139757056;0;0;0;0;0;0;0;0;0;0;0;1573;0;0;86;0;178;0;
1493;3792062;1001799680;11866112;1139757056;0;0;0;0;0;0;0;0;0;0;0;1513;0;0;86;0;178;0;
1494;3407791;1001799680;11866112;1139757056;0;0;0;0;0;0;0;0;0;0;0;3667;0;0;86;0;178;0;
1495;3252489;1001799680;11866112;1139757056;0;0;0;0;0;0;0;0;0;0;0;3236;0;0;86;0;178;0;
1496;3596815;1001799680;11866112;1139757056;0;0;0;0;0;0;0;0;0;0;0;2625;0;0;86;0;178;0;
1497;2951535;1001799680;11866112;1139757056;0;0;0;0;0;0;0;0;0;0;0;2454;0;0;86;0;178;0;
1498;3907939;1001799680;11866112;1139757056;0;0;0;0;0;0;0;0;0;0;0;2003;0;0;86;0;178;0;
1499;3186266;1001799680;11866112;1139757056;0;0;0;0;0;0;0;0;0;0;0;1893;0;0;86;0;178;0;
1500;3873083;1001799680;11866112;1139757056;0;0;0;0;0;0;0;0;0;0;0;2495;0;0;86;0;178;0;
1501;3429863;1001799680;11866112;1139757056;0;0;0;0;0;0;0;0;0;0;0;2344;0;0;86;0;178;0;
1502;3357407;1001799680;11866112;1139757056;0;0;0;0;0;0;0;0;0;0;0;3066;0;0;86;0;178;0;
1503;1849359;1001799680;11866112;1139757056;0;0;0;0;0;0;0;0;0;0;0;1773;0;0;86;0;178;0;
1504;2566604;1001799680;11866112;1139757056;0;0;0;0;0;0;0;0;0;0;0;1653;0;0;86;0;178;0;
1505;2927831;1001799680;11866112;1139757056;0;0;0;0;0;0;0;0;0;0;0;1232;0;0;86;0;178;0;
1506;2563077;1001799680;11866112;1139757056;0;0;0;0;0;0;0;0;0;0;0;1543;0;0;86;0;178;0;
1507;2723207;1001799680;11866112;1139757056;0;0;0;0;0;0;0;0;0;0;0;1573;0;0;86;0;178;0;
1508;1707923;1001799680;11866112;1139757056;0;0;0;0;0;0;0;0;0;0;0;1563;0;0;86;0;178;0;
1509;1892039;1001799680;11866112;1139757056;0;0;0;0;0;0;0;0;0;0;0;1392;0;0;86;0;178;0;
1510;3404755;1001799680;11866112;1139757056;0;0;0;0;0;0;0;0;0;0;0;1413;0;0;86;0;178;0;
1511;2963568;1001799680;11866112;1139757056;0;0;0;0;0;0;0;0;0;0;0;1313;0;0;86;0;178;0;
1512;3112748;1001799680;11866112;1139757056;0;0;0;0;0;0;0;0;0;0;0;1563;0;0;86;0;178;0;
1513;2988314;1001799680;11866112;1139757056;0;0;0;0;0;0;0;0;0;0;0;1934;0;0;86;0;178;0;
1514;4168588;1001799680;11866112;1139757056;0;0;0;0;0;0;0;0;0;0;0;1633;0;0;86;0;178;0;
1515;2704101;1001799680;11866112;1139757056;0;0;0;0;0;0;0;0;0;0;0;1963;0;0;86;0;178;0;
1516;2787598;1001799680;11866112;1139757056;0;0;0;0;0;0;0;0;0;0;0;1603;0;0;86;0;178;0;
1517;2692770;1001799680;11866112;1139757056;0;0;0;0;0;0;0;0;0;0;0;1563;0;0;86;0;178;0;
1518;2982102;1001799680;11866112;1139757056;0;0;0;0;0;0;0;0;0;0;0;1933;0;0;86;0;178;0;
1519;2890911;1001799680;11866112;1139757056;0;0;0;0;0;0;0;0;0;0;0;1583;0;0;86;0;178;0;
1520;2609634;1001799680;11866112;1139757056;0;0;0;0;0;0;0;0;0;0;0;1363;0;0;86;0;178;0;
1521;3072673;1001799680;11866112;1139757056;0;0;0;0;0;0;0;0;0;0;0;1744;0;0;86;0;178;0;
1522;2740901;1001799680;11866112;1139757056;0;0;0;0;0;0;0;0;0;0;0;1603;0;0;86;0;178;0;
1523;2454413;1001799680;11866112;1139757056;0;0;0;0;0;0;0;0;0;0;0;1423;0;0;86;0;178;0;
1524;2825088;1001799680;11866112;1139757056;0;0;0;0;0;0;0;0;0;0;0;1603;0;0;86;0;178;0;
1525;8921281;1001799680;11866112;1139757056;0;0;0;0;0;0;0;0;0;0;0;1913;0;0;86;0;178;0;
1526;4660140;1005780992;11866112;1139757056;0;0;0;0;0;0;0;0;0;0;0;3547;0;0;87;0;178;0;
1527;2213752;1005780992;11866112;1139757056;0;0;0;0;0;0;0;0;0;0;0;1723;0;0;87;0;178;0;
1528;3058435;1005780992;11866112;1139757056;0;0;0;0;0;0;0;0;0;0;0;1382;0;0;87;0;178;0;
1529;3214678;1005780992;11866112;1139757056;0;0;0;0;0;0;0;0;0;0;0;2024;0;0;87;0;178;0;
1530;2336322;1005780992;11866112;1139757056;0;0;0;0;0;0;0;0;0;0;0;2134;0;0;87;0;178;0;
1531;2592822;1005780992;11866112;1139757056;0;0;0;0;0;0;0;0;0;0;0;1483;0;0;87;0;178;0;
1532;2444995;1005780992;11866112;1139757056;0;0;0;0;0;0;0;0;0;0;0;1533;0;0;87;0;178;0;
1533;2093867;1005780992;11866112;1139757056;0;0;0;0;0;0;0;0;0;0;0;1704;0;0;87;0;178;0;
1534;1524048;1005780992;11866112;1139757056;0;0;0;0;0;0;0;0;0;0;0;1443;0;0;87;0;178;0;
1535;3398614;1005752320;11620352;1139511296;0;0;0;0;0;0;0;0;0;0;0;1613;0;0;87;0;178;0;
1536;2065504;1005752320;11620352;1139511296;0;0;0;0;0;0;0;0;0;0;0;1804;0;0;87;0;178;0;
1537;2133020;1005752320;11620352;1139511296;0;0;0;0;0;0;0;0;0;0;0;1553;0;0;87;0;178;0;
1538;1196163;1005752320;11620352;1139511296;0;0;0;0;0;0;0;0;0;0;0;1473;0;0;87;0;178;0;
1539;849673;1005752320;11620352;1139511296;0;0;0;0;0;0;0;0;0;0;0;1402;0;0;87;0;178;0;
1540;947687;1005752320;11620352;1139511296;0;0;0;0;0;0;0;0;0;0;0;1442;0;0;87;0;178;0;
1541;2009108;1005752320;15904768;1143795712;0;0;0;0;0;0;0;0;0;0;0;1523;0;0;87;0;178;0;
1542;4888378;1006018560;15908864;1143799808;0;0;0;0;0;0;0;0;0;0;0;1674;0;0;87;0;178;0;
1543;2063439;1006288896;15908864;1143799808;0;0;0;0;0;0;0;0;0;0;0;1533;0;0;87;0;178;0;
1544;2234401;1006288896;15908864;1143799808;0;0;0;0;0;0;0;0;0;0;0;1943;0;0;87;0;178;0;
1545;2293982;1006288896;15908864;1143799808;0;0;0;0;0;0;0;0;0;0;0;1653;0;0;87;0;178;0;
1546;2129213;1006288896;15908864;1143799808;0;0;0;0;0;0;0;0;0;0;0;1502;0;0;87;0;178;0;
1547;1860689;1006288896;15908864;1143799808;0;0;0;0;0;0;0;0;0;0;0;1603;0;0;87;0;178;0;
1548;2378821;1006288896;15908864;1143799808;0;0;0;0;0;0;0;0;0;0;0;1653;0;0;87;0;178;0;
1549;1810204;1006288896;15908864;1143799808;0;0;0;0;0;0;0;0;0;0;0;1222;0;0;87;0;178;0;
1550;2814699;1006288896;15908864;1143799808;0;0;0;0;0;0;0;0;0;0;0;1493;0;0;87;0;178;0;
1551;2242666;1006288896;15908864;1143799808;0;0;0;0;0;0;0;0;0;0;0;2575;0;0;87;0;178;0;
1552;2530045;1006288896;15908864;1143799808;0;0;0;0;0;0;0;0;0;0;0;1643;0;0;87;0;178;0;
1553;2080111;1006288896;15908864;1143799808;0;0;0;0;0;0;0;0;0;0;0;1613;0;0;87;0;178;0;
1554;2729579;1006288896;15908864;1143799808;0;0;0;0;0;0;0;0;0;0;0;1723;0;0;87;0;178;0;
1555;1525551;1006288896;15908864;1143799808;0;0;0;0;0;0;0;0;0;0;0;1503;0;0;87;0;178;0;
1556;2319470;1006288896;15908864;1143799808;0;0;0;0;0;0;0;0;0;0;0;1634;0;0;87;0;178;0;
1557;2582603;1006288896;15908864;1143799808;0;0;0;0;0;0;0;0;0;0;0;1924;0;0;87;0;178;0;
1558;2056417;1006288896;15908864;1143799808;0;0;0;0;0;0;0;0;0;0;0;1483;0;0;87;0;178;0;
1559;2487836;1006288896;15908864;1143799808;0;0;0;0;0;0;0;0;0;0;0;1423;0;0;87;0;178;0;
1560;1887791;1006288896;15908864;1143799808;0;0;0;0;0;0;0;0;0;0;0;1453;0;0;87;0;178;0;
1561;1614127;1006288896;15908864;1143799808;0;0;0;0;0;0;0;0;0;0;0;1452;0;0;87;0;178;0;
1562;2387548;1006288896;15908864;1143799808;0;0;0;0;0;0;0;0;0;0;0;1573;0;0;87;0;178;0;
1563;2425168;1006288896;15908864;1143799808;0;0;0;0;0;0;0;0;0;0;0;1463;0;0;87;0;178;0;
1564;4243318;1006555136;15908864;1143799808;0;0;0;0;0;0;0;0;0;0;0;1854;0;0;87;0;178;0;
1565;1280452;1006555136;15908864;1143799808;0;0;0;0;0;0;0;0;0;0;0;2615;0;0;87;0;180;0;
1566;900699;1006555136;15908864;1143799808;0;0;0;0;0;0;0;0;0;0;0;1473;0;0;87;0;180;0;
1567;919685;1006555136;15908864;1143799808;0;0;0;0;0;0;0;0;0;0;0;1513;0;0;87;0;180;0;
1568;1027387;1006555136;15908864;1143799808;0;0;0;0;0;0;0;0;0;0;0;1653;0;0;87;0;180;0;
1569;1107688;1006555136;15908864;1143799808;0;0;0;0;0;0;0;0;0;0;0;1463;0;0;87;0;180;0;
1570;1175144;1006555136;15908864;1143799808;0;0;0;0;0;0;0;0;0;0;0;1503;0;0;87;0;180;0;
1571;1593949;1006555136;15908864;1143799808;0;0;0;0;0;0;0;0;0;0;0;1533;0;0;87;0;180;0;
1572;1910373;1006555136;15908864;1143799808;0;0;0;0;0;0;0;0;0;0;0;1563;0;0;87;0;180;0;
1573;1547041;1006555136;15908864;1143799808;0;0;0;0;0;0;0;0;0;0;0;1583;0;0;87;0;180;0;
1574;1740595;1006555136;15908864;1143799808;0;0;0;0;0;0;0;0;0;0;0;1703;0;0;87;0;180;0;
1575;1896186;1006555136;15908864;1143799808;0;0;0;0;0;0;0;0;0;0;0;1693;0;0;87;0;180;0;
1576;1516824;1006555136;15908864;1143799808;0;0;0;0;0;0;0;0;0;0;0;1633;0;0;87;0;180;0;
1577;1624717;1006555136;15908864;1143799808;0;0;0;0;0;0;0;0;0;0;0;1463;0;0;87;0;180;0;
1578;2292720;1006555136;15908864;1143799808;0;0;0;0;0;0;0;0;0;0;0;1493;0;0;87;0;180;0;
1579;1581325;1006555136;15908864;1143799808;0;0;0;0;0;0;0;0;0;0;0;1432;0;0;87;0;180;0;
1580;2094167;1006555136;15908864;1143799808;0;0;0;0;0;0;0;0;0;0;0;1703;0;0;87;0;180;0;
1581;2121709;1006555136;15908864;1143799808;0;0;0;0;0;0;0;0;0;0;0;1623;0;0;87;0;180;0;
1582;1925060;1006555136;15908864;1143799808;0;0;0;0;0;0;0;0;0;0;0;1242;0;0;87;0;180;0;
1583;1851743;1006555136;15908864;1143799808;0;0;0;0;0;0;0;0;0;0;0;1583;0;0;87;0;180;0;
1584;2025158;1006555136;15908864;1143799808;0;0;0;0;0;0;0;0;0;0;0;1714;0;0;87;0;180;0;
1585;2767992;1006809088;12410880;1140301824;0;0;0;0;0;0;0;0;0;0;0;1794;0;0;87;0;180;0;
1586;2100128;1006809088;12410880;1140301824;0;0;0;0;0;0;0;0;0;0;0;1563;0;0;87;0;180;0;
1587;2254979;1006809088;12410880;1140301824;0;0;0;0;0;0;0;0;0;0;0;1543;0;0;87;0;180;0;
1588;2146015;1006809088;12410880;1140301824;0;0;0;0;0;0;0;0;0;0;0;1463;0;0;87;0;180;0;
1589;2514065;1006809088;12410880;1140301824;0;0;0;0;0;0;0;0;0;0;0;1483;0;0;87;0;180;0;
1590;2403948;1006809088;12410880;1140301824;0;0;0;0;0;0;0;0;0;0;0;1493;0;0;87;0;180;0;
1591;1609489;1006809088;12410880;1140301824;0;0;0;0;0;0;0;0;0;0;0;1853;0;0;87;0;180;0;
1592;2256201;1006809088;12410880;1140301824;0;0;0;0;0;0;0;0;0;0;0;1743;0;0;87;0;180;0;
1593;1113037;1006809088;12410880;1140301824;0;0;0;0;0;0;0;0;0;0;0;1764;0;0;87;0;180;0;
1594;1784747;1006809088;12410880;1140301824;0;0;0;0;0;0;0;0;0;0;0;1503;0;0;87;0;180;0;
1595;1640586;1006809088;12410880;1140301824;0;0;0;0;0;0;0;0;0;0;0;1563;0;0;87;0;180;0;
1596;2318408;1006809088;12410880;1140301824;0;0;0;0;0;0;0;0;0;0;0;115386;0;0;87;0;180;0;
1597;2596890;1006809088;12410880;1140301824;0;0;0;0;0;0;0;0;0;0;0;5761;0;0;87;0;180;0;
1598;1663660;1006809088;12410880;1140301824;0;0;0;0;0;0;0;0;0;0;0;1533;0;0;87;0;180;0;
1599;5595764;1006809088;12410880;1140301824;0;0;0;0;0;0;0;0;0;0;0;1452;0;0;87;0;180;0;
1600;2783690;1006809088;12410880;1140301824;0;0;0;0;0;0;0;0;0;0;0;2544;0;0;87;0;180;0;
1601;2377649;1006809088;12410880;1140301824;0;0;0;0;0;0;0;0;0;0;0;1944;0;0;87;0;180;0;
1602;1962100;1006809088;12410880;1140301824;0;0;0;0;0;0;0;0;0;0;0;1543;0;0;87;0;180;0;
1603;1960416;1006809088;12410880;1140301824;0;0;0;0;0;0;0;0;0;0;0;1453;0;0;87;0;180;0;
1604;1249212;1006809088;12410880;1140301824;0;0;0;0;0;0;0;0;0;0;0;1543;0;0;87;0;180;0;
1605;2351991;1006809088;12410880;1140301824;0;0;0;0;0;0;0;0;0;0;0;1262;0;0;87;0;180;0;
1606;3478744;1006809088;12410880;1140301824;0;0;0;0;0;0;0;0;0;0;0;1753;0;0;87;0;180;0;
1607;1571858;1006809088;12410880;1140301824;0;0;0;0;0;0;0;0;0;0;0;1783;0;0;87;0;180;0;
1608;2348094;1006809088;12410880;1140301824;0;0;0;0;0;0;0;0;0;0;0;27782;0;0;87;0;180;0;
1609;2093607;1006809088;12410880;1140301824;0;0;0;0;0;0;0;0;0;0;0;1352;0;0;87;0;180;0;
1610;2135004;1006809088;12410880;1140301824;0;0;0;0;0;0;0;0;0;0;0;1693;0;0;87;0;180;0;
1611;2301606;1006809088;12410880;1140301824;0;0;0;0;0;0;0;0;0;0;0;1683;0;0;87;0;180;0;
1612;3122506;1006809088;12410880;1140301824;0;0;0;0;0;0;0;0;0;0;0;1533;0;0;87;0;180;0;
1613;2444885;1006809088;12410880;1140301824;0;0;0;0;0;0;0;0;0;0;0;1974;0;0;87;0;180;0;
1614;1844619;1006809088;12410880;1140301824;0;0;0;0;0;0;0;0;0;0;0;26670;0;0;87;0;180;0;
1615;1719495;1006809088;12410880;1140301824;0;0;0;0;0;0;0;0;0;0;0;1543;0;0;87;0;180;0;
1616;2109817;1006809088;12410880;1140301824;0;0;0;0;0;0;0;0;0;0;0;1653;0;0;87;0;180;0;
1617;2029847;1006809088;12410880;1140301824;0;0;0;0;0;0;0;0;0;0;0;1422;0;0;87;0;180;0;
1618;2692931;1006809088;12410880;1140301824;0;0;0;0;0;0;0;0;0;0;0;1693;0;0;87;0;180;0;
1619;2218610;1006809088;12410880;1140301824;0;0;0;0;0;0;0;0;0;0;0;2174;0;0;87;0;180;0;
1620;1827577;1006809088;12410880;1140301824;0;0;0;0;0;0;0;0;0;0;0;1693;0;0;87;0;180;0;
1621;2370215;1006809088;12410880;1140301824;0;0;0;0;0;0;0;0;0;0;0;1462;0;0;87;0;180;0;
1622;3808432;1006809088;12410880;1140301824;0;0;0;0;0;0;0;0;0;0;0;2275;0;0;87;0;180;0;
1623;2935806;1006809088;12410880;1140301824;0;0;0;0;0;0;0;0;0;0;0;2104;0;0;87;0;180;0;
1624;8485574;1006809088;12410880;1140301824;0;0;0;0;0;0;0;0;0;0;0;7915;0;0;87;0;180;0;
1625;2112742;1006809088;12410880;1140301824;0;0;0;0;0;0;0;0;0;0;0;1823;0;0;87;0;180;0;
1626;2730931;1006809088;12410880;1140301824;0;0;0;0;0;0;0;0;0;0;0;2174;0;0;87;0;180;0;
1627;3718393;1006809088;12410880;1140301824;0;0;0;0;0;0;0;0;0;0;0;1974;0;0;87;0;180;0;
1628;3060710;1006809088;12410880;1140301824;0;0;0;0;0;0;0;0;0;0;0;1713;0;0;87;0;180;0;
1629;3357416;1006809088;12410880;1140301824;0;0;0;0;0;0;0;0;0;0;0;1823;0;0;87;0;180;0;
1630;4344789;1006809088;12410880;1140301824;0;0;0;0;0;0;0;0;0;0;0;2154;0;0;87;0;180;0;
1631;2443091;1006809088;12410880;1140301824;0;0;0;0;0;0;0;0;0;0;0;2314;0;0;87;0;180;0;
1632;2844965;1006809088;12410880;1140301824;0;0;0;0;0;0;0;0;0;0;0;1613;0;0;87;0;180;0;
1633;2377209;1006809088;12410880;1140301824;0;0;0;0;0;0;0;0;0;0;0;1493;0;0;87;0;180;0;
1634;2091342;1006809088;12410880;1140301824;0;0;0;0;0;0;0;0;0;0;0;1503;0;0;87;0;180;0;
1635;2650831;1006809088;12410880;1140301824;0;0;0;0;0;0;0;0;0;0;0;1422;0;0;87;0;180;0;
1636;2828725;1006809088;12410880;1140301824;0;0;0;0;0;0;0;0;0;0;0;1603;0;0;87;0;180;0;
1637;1976597;1006809088;12410880;1140301824;0;0;0;0;0;0;0;0;0;0;0;1743;0;0;87;0;180;0;
1638;5327671;1010786304;12410880;1140301824;0;0;0;0;0;0;0;0;0;0;0;2836;0;0;88;0;180;0;
1639;3221080;1010786304;12410880;1140301824;0;0;0;0;0;0;0;0;0;0;0;1693;0;0;88;0;180;0;
1640;2442120;1010786304;12410880;1140301824;0;0;0;0;0;0;0;0;0;0;0;1964;0;0;88;0;180;0;
1641;3456021;1010786304;12410880;1140301824;0;0;0;0;0;0;0;0;0;0;0;1603;0;0;88;0;180;0;
1642;3511645;1010753536;12156928;1140047872;0;0;0;0;0;0;0;0;0;0;0;1683;0;0;88;0;180;0;
1643;3532414;1010753536;12156928;1140047872;0;0;0;0;0;0;0;0;0;0;0;2134;0;0;88;0;180;0;
1644;2990248;1010753536;12156928;1140047872;0;0;0;0;0;0;0;0;0;0;0;2063;0;0;88;0;180;0;
1645;1992637;1010753536;12156928;1140047872;0;0;0;0;0;0;0;0;0;0;0;1543;0;0;88;0;180;0;
1646;2689113;1010753536;12156928;1140047872;0;0;0;0;0;0;0;0;0;0;0;1483;0;0;88;0;180;0;
1647;2951655;1010753536;12156928;1140047872;0;0;0;0;0;0;0;0;0;0;0;1794;0;0;88;0;180;0;
1648;5815697;1010753536;12156928;1140047872;0;0;0;0;0;0;0;0;0;0;0;2475;0;0;88;0;180;0;
1649;4417294;1010753536;12173312;1140064256;0;0;0;0;0;0;0;0;0;0;0;2535;0;0;88;0;180;0;
1650;1721999;1010753536;12173312;1140064256;0;0;0;0;0;0;0;0;0;0;0;2184;0;0;88;0;180;0;
1651;2424547;1010753536;12173312;1140064256;0;0;0;0;0;0;0;0;0;0;0;1803;0;0;88;0;180;0;
1652;2179738;1010753536;12173312;1140064256;0;0;0;0;0;0;0;0;0;0;0;1403;0;0;88;0;180;0;
1653;1841474;1010753536;12173312;1140064256;0;0;0;0;0;0;0;0;0;0;0;1443;0;0;88;0;180;0;
1654;2450075;1010753536;12173312;1140064256;0;0;0;0;0;0;0;0;0;0;0;1633;0;0;88;0;180;0;
1655;2916450;1010753536;12173312;1140064256;0;0;0;0;0;0;0;0;0;0;0;1774;0;0;88;0;180;0;
1656;1944156;1010753536;12173312;1140064256;0;0;0;0;0;0;0;0;0;0;0;1723;0;0;88;0;180;0;
1657;3450230;1010753536;12173312;1140064256;0;0;0;0;0;0;0;0;0;0;0;1593;0;0;88;0;180;0;
1658;2051007;1010753536;12173312;1140064256;0;0;0;0;0;0;0;0;0;0;0;1583;0;0;88;0;180;0;
1659;2718318;1010753536;12173312;1140064256;0;0;0;0;0;0;0;0;0;0;0;1473;0;0;88;0;180;0;
1660;2769384;1010753536;12173312;1140064256;0;0;0;0;0;0;0;0;0;0;0;1532;0;0;88;0;180;0;
1661;3952342;1010753536;12173312;1140064256;0;0;0;0;0;0;0;0;0;0;0;1583;0;0;88;0;180;0;
1662;2322395;1010753536;12173312;1140064256;0;0;0;0;0;0;0;0;0;0;0;52899;0;0;88;0;180;0;
1663;2201459;1010753536;12173312;1140064256;0;0;0;0;0;0;0;0;0;0;0;1623;0;0;88;0;180;0;
1664;3168142;1010753536;12173312;1140064256;0;0;0;0;0;0;0;0;0;0;0;1754;0;0;88;0;180;0;
1665;2003798;1010753536;12173312;1140064256;0;0;0;0;0;0;0;0;0;0;0;1913;0;0;88;0;180;0;
1666;2994566;1010753536;12173312;1140064256;0;0;0;0;0;0;0;0;0;0;0;1573;0;0;88;0;180;0;
1667;2835308;1010753536;12173312;1140064256;0;0;0;0;0;0;0;0;0;0;0;1823;0;0;88;0;180;0;
1668;3803223;1010753536;12173312;1140064256;0;0;0;0;0;0;0;0;0;0;0;3076;0;0;88;0;180;0;
1669;2614423;1010753536;12173312;1140064256;0;0;0;0;0;0;0;0;0;0;0;1553;0;0;88;0;180;0;
1670;2521088;1010753536;12173312;1140064256;0;0;0;0;0;0;0;0;0;0;0;9338;0;0;88;0;180;0;
1671;2265428;1010753536;12173312;1140064256;0;0;0;0;0;0;0;0;0;0;0;1593;0;0;88;0;180;0;
1672;2147207;1010753536;12173312;1140064256;0;0;0;0;0;0;0;0;0;0;0;1744;0;0;88;0;180;0;
1673;3306271;1010753536;12173312;1140064256;0;0;0;0;0;0;0;0;0;0;0;2044;0;0;88;0;180;0;
1674;2295545;1010753536;12173312;1140064256;0;0;0;0;0;0;0;0;0;0;0;1893;0;0;88;0;180;0;
1675;1777564;1010753536;12173312;1140064256;0;0;0;0;0;0;0;0;0;0;0;1532;0;0;88;0;180;0;
1676;1914530;1010753536;12173312;1140064256;0;0;0;0;0;0;0;0;0;0;0;1613;0;0;88;0;180;0;
1677;3907048;1010753536;12173312;1140064256;0;0;0;0;0;0;0;0;0;0;0;1803;0;0;88;0;180;0;
1678;2400201;1010753536;12173312;1140064256;0;0;0;0;0;0;0;0;0;0;0;1974;0;0;88;0;180;0;
1679;3000207;1010753536;12173312;1140064256;0;0;0;0;0;0;0;0;0;0;0;1743;0;0;88;0;180;0;
1680;2058871;1010753536;12173312;1140064256;0;0;0;0;0;0;0;0;0;0;0;2104;0;0;88;0;180;0;
1681;1421856;1010753536;12173312;1140064256;0;0;0;0;0;0;0;0;0;0;0;1493;0;0;88;0;180;0;
1682;2646833;1010753536;12173312;1140064256;0;0;0;0;0;0;0;0;0;0;0;1973;0;0;88;0;180;0;
1683;2490771;1010753536;12173312;1140064256;0;0;0;0;0;0;0;0;0;0;0;1573;0;0;88;0;180;0;
1684;2039155;1010753536;12173312;1140064256;0;0;0;0;0;0;0;0;0;0;0;1563;0;0;88;0;180;0;
1685;3125041;1010753536;12173312;1140064256;0;0;0;0;0;0;0;0;0;0;0;1593;0;0;88;0;180;0;
1686;2053641;1010753536;12173312;1140064256;0;0;0;0;0;0;0;0;0;0;0;1854;0;0;88;0;180;0;
1687;2055104;1010753536;12173312;1140064256;0;0;0;0;0;0;0;0;0;0;0;1733;0;0;88;0;180;0;
1688;2676499;1010753536;12173312;1140064256;0;0;0;0;0;0;0;0;0;0;0;1863;0;0;88;0;180;0;
1689;2307026;1010753536;12173312;1140064256;0;0;0;0;0;0;0;0;0;0;0;1754;0;0;88;0;180;0;
1690;3088832;1010753536;12173312;1140064256;0;0;0;0;0;0;0;0;0;0;0;1874;0;0;88;0;180;0;
1691;5966269;1010753536;12173312;1140064256;0;0;0;0;0;0;0;0;0;0;0;1673;0;0;88;0;180;0;
1692;4440077;1010753536;12173312;1140064256;0;0;0;0;0;0;0;0;0;0;0;3085;0;0;88;0;180;0;
1693;3105884;1010753536;12173312;1140064256;0;0;0;0;0;0;0;0;0;0;0;2935;0;0;88;0;180;0;
1694;4207771;1017044992;12173312;1156841472;0;0;0;0;0;0;0;0;0;0;0;3257;0;0;89;0;180;0;
1695;1569713;1017044992;12173312;1156841472;0;0;0;0;0;0;0;0;0;0;0;1573;0;0;89;0;180;0;
1696;2108023;1017044992;12173312;1156841472;0;0;0;0;0;0;0;0;0;0;0;1613;0;0;89;0;180;0;
1697;2633078;1017044992;12173312;1156841472;0;0;0;0;0;0;0;0;0;0;0;1563;0;0;89;0;180;0;
1698;3116945;1017044992;12173312;1156841472;0;0;0;0;0;0;0;0;0;0;0;1453;0;0;89;0;180;0;
1699;2053421;1017044992;12173312;1156841472;0;0;0;0;0;0;0;0;0;0;0;1453;0;0;89;0;180;0;
1700;1740794;1017044992;12173312;1156841472;0;0;0;0;0;0;0;0;0;0;0;1643;0;0;89;0;180;0;
1701;1699197;1017044992;12173312;1156841472;0;0;0;0;0;0;0;0;0;0;0;1372;0;0;89;0;180;0;
1702;1830593;1017044992;12173312;1156841472;0;0;0;0;0;0;0;0;0;0;0;1393;0;0;89;0;180;0;
1703;2422914;1017044992;12173312;1156841472;0;0;0;0;0;0;0;0;0;0;0;1673;0;0;89;0;180;0;
1704;2808097;1017044992;12173312;1156841472;0;0;0;0;0;0;0;0;0;0;0;1634;0;0;89;0;180;0;
1705;1567840;1017044992;12173312;1156841472;0;0;0;0;0;0;0;0;0;0;0;1543;0;0;89;0;180;0;
1706;1792261;1017044992;12173312;1156841472;0;0;0;0;0;0;0;0;0;0;0;1363;0;0;89;0;180;0;
1707;2441279;1017044992;12173312;1156841472;0;0;0;0;0;0;0;0;0;0;0;1543;0;0;89;0;180;0;
1708;2166503;1017044992;12173312;1156841472;0;0;0;0;0;0;0;0;0;0;0;1603;0;0;89;0;180;0;
1709;1762154;1017044992;12173312;1156841472;0;0;0;0;0;0;0;0;0;0;0;1452;0;0;89;0;180;0;
1710;3207435;1017044992;12173312;1156841472;0;0;0;0;0;0;0;0;0;0;0;1472;0;0;89;0;180;0;
1711;2056998;1017044992;12173312;1156841472;0;0;0;0;0;0;0;0;0;0;0;1483;0;0;89;0;180;0;
1712;2168968;1017044992;12173312;1156841472;0;0;0;0;0;0;0;0;0;0;0;1503;0;0;89;0;180;0;
1713;2002365;1017044992;12173312;1156841472;0;0;0;0;0;0;0;0;0;0;0;1463;0;0;89;0;180;0;
1714;2522471;1017044992;12173312;1156841472;0;0;0;0;0;0;0;0;0;0;0;1463;0;0;89;0;180;0;
1715;2246162;1017044992;12173312;1156841472;0;0;0;0;0;0;0;0;0;0;0;1403;0;0;89;0;180;0;
1716;1988689;1017044992;12173312;1156841472;0;0;0;0;0;0;0;0;0;0;0;1492;0;0;89;0;180;0;
1717;2625203;1017044992;12173312;1156841472;0;0;0;0;0;0;0;0;0;0;0;1512;0;0;89;0;180;0;
1718;1710037;1017044992;12173312;1156841472;0;0;0;0;0;0;0;0;0;0;0;1463;0;0;89;0;180;0;
1719;2026591;1017044992;12173312;1156841472;0;0;0;0;0;0;0;0;0;0;0;1423;0;0;89;0;180;0;
1720;4402927;1017044992;12173312;1156841472;0;0;0;0;0;0;0;0;0;0;0;1543;0;0;89;0;180;0;
1721;1572930;1017044992;12173312;1156841472;0;0;0;0;0;0;0;0;0;0;0;1503;0;0;89;0;180;0;
1722;2288922;1017044992;12173312;1156841472;0;0;0;0;0;0;0;0;0;0;0;1663;0;0;89;0;180;0;
1723;2393429;1017044992;12173312;1156841472;0;0;0;0;0;0;0;0;0;0;0;1493;0;0;89;0;180;0;
1724;3269221;1017044992;12173312;1156841472;0;0;0;0;0;0;0;0;0;0;0;1914;0;0;89;0;180;0;
1725;2592322;1017044992;12173312;1156841472;0;0;0;0;0;0;0;0;0;0;0;1533;0;0;89;0;180;0;
1726;1993008;1017044992;12173312;1156841472;0;0;0;0;0;0;0;0;0;0;0;1653;0;0;89;0;180;0;
1727;1473543;1017044992;12173312;1156841472;0;0;0;0;0;0;0;0;0;0;0;1463;0;0;89;0;180;0;
1728;2719820;1017044992;12173312;1156841472;0;0;0;0;0;0;0;0;0;0;0;1513;0;0;89;0;180;0;
1729;2907182;1017044992;12173312;1156841472;0;0;0;0;0;0;0;0;0;0;0;1452;0;0;89;0;180;0;
1730;1964664;1017044992;12173312;1156841472;0;0;0;0;0;0;0;0;0;0;0;1904;0;0;89;0;180;0;
1731;3082060;1017044992;12173312;1156841472;0;0;0;0;0;0;0;0;0;0;0;1593;0;0;89;0;180;0;
1732;1301501;1017044992;12173312;1156841472;0;0;0;0;0;0;0;0;0;0;0;1443;0;0;89;0;180;0;
1733;2189736;1017044992;12173312;1156841472;0;0;0;0;0;0;0;0;0;0;0;1473;0;0;89;0;180;0;
1734;5507709;1017044992;12173312;1156841472;0;0;0;0;0;0;0;0;0;0;0;1453;0;0;89;0;180;0;
1735;2073849;1017044992;12173312;1156841472;0;0;0;0;0;0;0;0;0;0;0;1764;0;0;89;0;180;0;
1736;1300810;1017044992;12173312;1156841472;0;0;0;0;0;0;0;0;0;0;0;1703;0;0;89;0;180;0;
1737;1616913;1017044992;12173312;1156841472;0;0;0;0;0;0;0;0;0;0;0;1523;0;0;89;0;180;0;
1738;1191855;1017044992;12173312;1156841472;0;0;0;0;0;0;0;0;0;0;0;1322;0;0;89;0;180;0;
1739;1291843;1017044992;12173312;1156841472;0;0;0;0;0;0;0;0;0;0;0;1363;0;0;89;0;180;0;
1740;3273438;1017044992;12173312;1156841472;0;0;0;0;0;0;0;0;0;0;0;1563;0;0;89;0;180;0;
1741;2157346;1017044992;12173312;1156841472;0;0;0;0;0;0;0;0;0;0;0;1613;0;0;89;0;180;0;
1742;2037671;1017044992;12173312;1156841472;0;0;0;0;0;0;0;0;0;0;0;1513;0;0;89;0;180;0;
1743;2059442;1017044992;12173312;1156841472;0;0;0;0;0;0;0;0;0;0;0;1383;0;0;89;0;180;0;
1744;2049844;1017044992;12173312;1156841472;0;0;0;0;0;0;0;0;0;0;0;1403;0;0;89;0;180;0;
1745;1992026;1017044992;12173312;1156841472;0;0;0;0;0;0;0;0;0;0;0;1403;0;0;89;0;180;0;
1746;3762506;1017044992;12173312;1156841472;0;0;0;0;0;0;0;0;0;0;0;1593;0;0;89;0;180;0;
1747;1933135;1017044992;12173312;1156841472;0;0;0;0;0;0;0;0;0;0;0;1833;0;0;89;0;180;0;
1748;1563702;1017044992;12173312;1156841472;0;0;0;0;0;0;0;0;0;0;0;1774;0;0;89;0;180;0;
1749;1990393;1017044992;12173312;1156841472;0;0;0;0;0;0;0;0;0;0;0;1593;0;0;89;0;180;0;
1750;2530225;1017044992;12173312;1156841472;0;0;0;0;0;0;0;0;0;0;0;1383;0;0;89;0;180;0;
1751;2712717;1017044992;12173312;1156841472;0;0;0;0;0;0;0;0;0;0;0;1453;0;0;89;0;180;0;
1752;2310774;1017044992;12173312;1156841472;0;0;0;0;0;0;0;0;0;0;0;1393;0;0;89;0;180;0;
1753;2022173;1017044992;12173312;1156841472;0;0;0;0;0;0;0;0;0;0;0;1673;0;0;89;0;180;0;
1754;1787913;1017044992;12173312;1156841472;0;0;0;0;0;0;0;0;0;0;0;1412;0;0;89;0;180;0;
1755;2196860;1017044992;12173312;1156841472;0;0;0;0;0;0;0;0;0;0;0;1533;0;0;89;0;180;0;
1756;1719555;1017044992;12173312;1156841472;0;0;0;0;0;0;0;0;0;0;0;1172;0;0;89;0;180;0;
1757;1809794;1017044992;12173312;1156841472;0;0;0;0;0;0;0;0;0;0;0;1423;0;0;89;0;180;0;
1758;2043974;1017044992;12173312;1156841472;0;0;0;0;0;0;0;0;0;0;0;1433;0;0;89;0;180;0;
1759;2498235;1017044992;12173312;1156841472;0;0;0;0;0;0;0;0;0;0;0;83536;0;0;89;0;180;0;
1760;1323432;1017044992;12173312;1156841472;0;0;0;0;0;0;0;0;0;0;0;1593;0;0;89;0;180;0;
1761;1358308;1017044992;12173312;1156841472;0;0;0;0;0;0;0;0;0;0;0;1403;0;0;89;0;180;0;
1762;1627362;1017044992;12173312;1156841472;0;0;0;0;0;0;0;0;0;0;0;1413;0;0;89;0;180;0;
1763;1811277;1017044992;12173312;1156841472;0;0;0;0;0;0;0;0;0;0;0;1493;0;0;89;0;180;0;
1764;2684434;1017044992;12173312;1156841472;0;0;0;0;0;0;0;0;0;0;0;1542;0;0;89;0;180;0;
1765;1718442;1017044992;12173312;1156841472;0;0;0;0;0;0;0;0;0;0;0;1453;0;0;89;0;180;0;
1766;3014203;1017044992;12173312;1156841472;0;0;0;0;0;0;0;0;0;0;0;1433;0;0;89;0;180;0;
1767;1855690;1017044992;12173312;1156841472;0;0;0;0;0;0;0;0;0;0;0;1453;0;0;89;0;180;0;
1768;2790363;1017044992;12173312;1156841472;0;0;0;0;0;0;0;0;0;0;0;1553;0;0;89;0;180;0;
1769;2409479;1017044992;12173312;1156841472;0;0;0;0;0;0;0;0;0;0;0;1433;0;0;89;0;180;0;
1770;3427878;1016893440;11976704;1156644864;0;0;0;0;0;0;0;0;0;0;0;1593;0;0;89;0;180;0;
1771;2203953;1016893440;11976704;1156644864;0;0;0;0;0;0;0;0;0;0;0;1433;0;0;89;0;180;0;
1772;1715968;1016893440;11976704;1156644864;0;0;0;0;0;0;0;0;0;0;0;3085;0;0;89;0;180;0;
1773;1632551;1016893440;11976704;1156644864;0;0;0;0;0;0;0;0;0;0;0;1583;0;0;89;0;180;0;
1774;1760922;1016893440;11976704;1156644864;0;0;0;0;0;0;0;0;0;0;0;1393;0;0;89;0;180;0;
1775;1881598;1016893440;11976704;1156644864;0;0;0;0;0;0;0;0;0;0;0;1423;0;0;89;0;180;0;
1776;4307739;1016893440;11976704;1156644864;0;0;0;0;0;0;0;0;0;0;0;1533;0;0;89;0;180;0;
1777;2576642;1016893440;11980800;1156648960;0;0;0;0;0;0;0;0;0;0;0;1533;0;0;89;0;180;0;
1778;1788124;1016893440;11980800;1156648960;0;0;0;0;0;0;0;0;0;0;0;1513;0;0;89;0;180;0;
1779;2173987;1016893440;11980800;1156648960;0;0;0;0;0;0;0;0;0;0;0;1473;0;0;89;0;180;0;
1780;1979903;1016893440;11980800;1156648960;0;0;0;0;0;0;0;0;0;0;0;1403;0;0;89;0;180;0;
1781;1459978;1016893440;11980800;1156648960;0;0;0;0;0;0;0;0;0;0;0;1423;0;0;89;0;180;0;
1782;2640933;1016893440;11980800;1156648960;0;0;0;0;0;0;0;0;0;0;0;1522;0;0;89;0;180;0;
1783;2138941;1016893440;11980800;1156648960;0;0;0;0;0;0;0;0;0;0;0;1393;0;0;89;0;180;0;
1784;1949016;1016893440;11980800;1156648960;0;0;0;0;0;0;0;0;0;0;0;1603;0;0;89;0;180;0;
1785;1155377;1016893440;11980800;1156648960;0;0;0;0;0;0;0;0;0;0;0;1493;0;0;89;0;180;0;
1786;2635463;1016893440;11980800;1156648960;0;0;0;0;0;0;0;0;0;0;0;1523;0;0;89;0;180;0;
1787;2187462;1016893440;11980800;1156648960;0;0;0;0;0;0;0;0;0;0;0;1203;0;0;89;0;180;0;
1788;1644434;1016893440;11980800;1156648960;0;0;0;0;0;0;0;0;0;0;0;1403;0;0;89;0;180;0;
1789;1915733;1016893440;11980800;1156648960;0;0;0;0;0;0;0;0;0;0;0;1573;0;0;89;0;180;0;
1790;2145785;1016893440;11980800;1156648960;0;0;0;0;0;0;0;0;0;0;0;1443;0;0;89;0;180;0;
1791;1815385;1016893440;11980800;1156648960;0;0;0;0;0;0;0;0;0;0;0;1222;0;0;89;0;180;0;
1792;1863575;1016893440;11980800;1156648960;0;0;0;0;0;0;0;0;0;0;0;1513;0;0;89;0;180;0;
1793;1458646;1016893440;11980800;1156648960;0;0;0;0;0;0;0;0;0;0;0;1433;0;0;89;0;180;0;
1794;1327009;1016893440;11980800;1156648960;0;0;0;0;0;0;0;0;0;0;0;1493;0;0;89;0;180;0;
1795;3618566;1016893440;11980800;1156648960;0;0;0;0;0;0;0;0;0;0;0;1893;0;0;89;0;180;0;
1796;1880697;1016893440;11980800;1156648960;0;0;0;0;0;0;0;0;0;0;0;2114;0;0;89;0;180;0;
1797;2370556;1016893440;11980800;1156648960;0;0;0;0;0;0;0;0;0;0;0;1673;0;0;89;0;180;0;
1798;2187312;1016893440;11980800;1156648960;0;0;0;0;0;0;0;0;0;0;0;1393;0;0;89;0;180;0;
1799;1381671;1016893440;11980800;1156648960;0;0;0;0;0;0;0;0;0;0;0;1343;0;0;89;0;180;0;
1800;2355899;1016893440;11980800;1156648960;0;0;0;0;0;0;0;0;0;0;0;1403;0;0;89;0;180;0;
1801;6645263;1016893440;11980800;1156648960;0;0;0;0;0;0;0;0;0;0;0;1844;0;0;89;0;180;0;
1802;1466620;1016893440;11980800;1156648960;0;0;0;0;0;0;0;0;0;0;0;1763;0;0;89;0;180;0;
1803;2311165;1016893440;11980800;1156648960;0;0;0;0;0;0;0;0;0;0;0;1854;0;0;89;0;180;0;
1804;2635783;1016893440;11980800;1156648960;0;0;0;0;0;0;0;0;0;0;0;1603;0;0;89;0;180;0;
1805;1712652;1016893440;11980800;1156648960;0;0;0;0;0;0;0;0;0;0;0;1433;0;0;89;0;180;0;
1806;4536978;1016893440;11980800;1156648960;0;0;0;0;0;0;0;0;0;0;0;2084;0;0;89;0;180;0;
1807;1876219;1016893440;11980800;1156648960;0;0;0;0;0;0;0;0;0;0;0;1653;0;0;89;0;180;0;
1808;1649163;1016893440;11980800;1156648960;0;0;0;0;0;0;0;0;0;0;0;1543;0;0;89;0;180;0;
1809;2124905;1016893440;11980800;1156648960;0;0;0;0;0;0;0;0;0;0;0;1403;0;0;89;0;180;0;
1810;972974;1016893440;11980800;1156648960;0;0;0;0;0;0;0;0;0;0;0;1503;0;0;89;0;180;0;
1811;1820114;1016893440;11980800;1156648960;0;0;0;0;0;0;0;0;0;0;0;1713;0;0;89;0;180;0;
1812;2280537;1016893440;11980800;1156648960;0;0;0;0;0;0;0;0;0;0;0;2023;0;0;89;0;180;0;
1813;3767696;1016893440;11980800;1156648960;0;0;0;0;0;0;0;0;0;0;0;1994;0;0;89;0;180;0;
1814;1522245;1016893440;11980800;1156648960;0;0;0;0;0;0;0;0;0;0;0;1894;0;0;89;0;180;0;
1815;1645676;1016893440;11980800;1156648960;0;0;0;0;0;0;0;0;0;0;0;1483;0;0;89;0;180;0;
1816;2041388;1016893440;11980800;1156648960;0;0;0;0;0;0;0;0;0;0;0;1633;0;0;89;0;180;0;
1817;2047149;1016893440;11980800;1156648960;0;0;0;0;0;0;0;0;0;0;0;1874;0;0;89;0;180;0;
1818;2412043;1016893440;11980800;1156648960;0;0;0;0;0;0;0;0;0;0;0;1543;0;0;89;0;180;0;
1819;6551747;1018990592;15478784;1160146944;0;0;0;0;0;0;0;0;0;0;0;1844;0;0;89;0;180;0;
1820;6476506;1018990592;15478784;1160146944;0;0;0;0;0;0;0;0;0;0;0;2645;0;0;89;0;180;0;
1821;2854703;1018990592;15478784;1160146944;0;0;0;0;0;0;0;0;0;0;0;2585;0;0;89;0;180;0;
1822;1895935;1018990592;15478784;1160146944;0;0;0;0;0;0;0;0;0;0;0;1472;0;0;89;0;180;0;
1823;2822112;1018990592;15478784;1160146944;0;0;0;0;0;0;0;0;0;0;0;1423;0;0;89;0;180;0;
1824;2641364;1018990592;15478784;1160146944;0;0;0;0;0;0;0;0;0;0;0;1733;0;0;89;0;180;0;
1825;2832261;1018990592;15478784;1160146944;0;0;0;0;0;0;0;0;0;0;0;1784;0;0;89;0;180;0;
1826;3650697;1018990592;15478784;1160146944;0;0;0;0;0;0;0;0;0;0;0;1693;0;0;89;0;180;0;
1827;1843027;1018990592;15478784;1160146944;0;0;0;0;0;0;0;0;0;0;0;1993;0;0;89;0;180;0;
1828;2819648;1018990592;15478784;1160146944;0;0;0;0;0;0;0;0;0;0;0;1583;0;0;89;0;180;0;
1829;3298837;1018990592;15478784;1160146944;0;0;0;0;0;0;0;0;0;0;0;2164;0;0;89;0;180;0;
1830;1854087;1019256832;15478784;1160146944;0;0;0;0;0;0;0;0;0;0;0;1613;0;0;89;0;180;0;
1831;2019117;1019256832;15478784;1160146944;0;0;0;0;0;0;0;0;0;0;0;1543;0;0;89;0;180;0;
1832;2303750;1019256832;15478784;1160146944;0;0;0;0;0;0;0;0;0;0;0;1513;0;0;89;0;180;0;
1833;2127440;1019256832;15478784;1160146944;0;0;0;0;0;0;0;0;0;0;0;1984;0;0;89;0;180;0;
1834;2152446;1019256832;15478784;1160146944;0;0;0;0;0;0;0;0;0;0;0;1453;0;0;89;0;180;0;
1835;2449043;1019256832;15478784;1160146944;0;0;0;0;0;0;0;0;0;0;0;1473;0;0;89;0;180;0;
1836;3784427;1019256832;15478784;1160146944;0;0;0;0;0;0;0;0;0;0;0;62928;0;0;89;0;180;0;
1837;2272922;1019256832;15478784;1160146944;0;0;0;0;0;0;0;0;0;0;0;1512;0;0;89;0;180;0;
1838;2263946;1019256832;15478784;1160146944;0;0;0;0;0;0;0;0;0;0;0;1714;0;0;89;0;180;0;
1839;1715948;1019256832;15478784;1160146944;0;0;0;0;0;0;0;0;0;0;0;2114;0;0;89;0;180;0;
1840;2713338;1019256832;15478784;1160146944;0;0;0;0;0;0;0;0;0;0;0;1653;0;0;89;0;180;0;
1841;3237081;1019256832;15478784;1160146944;0;0;0;0;0;0;0;0;0;0;0;2144;0;0;89;0;180;0;
1842;1718994;1019256832;15478784;1160146944;0;0;0;0;0;0;0;0;0;0;0;1513;0;0;89;0;180;0;
1843;1695329;1019256832;15478784;1160146944;0;0;0;0;0;0;0;0;0;0;0;1754;0;0;89;0;180;0;
1844;3510493;1019256832;15478784;1160146944;0;0;0;0;0;0;0;0;0;0;0;2164;0;0;89;0;180;0;
1845;2318568;1019256832;15478784;1160146944;0;0;0;0;0;0;0;0;0;0;0;2064;0;0;89;0;180;0;
1846;1433869;1019256832;15478784;1160146944;0;0;0;0;0;0;0;0;0;0;0;1764;0;0;89;0;180;0;
1847;1089203;1019256832;15478784;1160146944;0;0;0;0;0;0;0;0;0;0;0;1523;0;0;89;0;180;0;
1848;2244750;1019256832;15478784;1160146944;0;0;0;0;0;0;0;0;0;0;0;1653;0;0;89;0;180;0;
1849;1831465;1019256832;15478784;1160146944;0;0;0;0;0;0;0;0;0;0;0;2074;0;0;89;0;180;0;
1850;2339437;1019256832;15478784;1160146944;0;0;0;0;0;0;0;0;0;0;0;1362;0;0;89;0;180;0;
1851;3029601;1019256832;15478784;1160146944;0;0;0;0;0;0;0;0;0;0;0;2013;0;0;89;0;180;0;
1852;1945378;1019256832;15478784;1160146944;0;0;0;0;0;0;0;0;0;0;0;1173;0;0;89;0;180;0;
1853;2576773;1019256832;15478784;1160146944;0;0;0;0;0;0;0;0;0;0;0;2625;0;0;89;0;180;0;
1854;3360172;1019256832;15478784;1160146944;0;0;0;0;0;0;0;0;0;0;0;2014;0;0;89;0;180;0;
1855;1773425;1019256832;15478784;1160146944;0;0;0;0;0;0;0;0;0;0;0;1873;0;0;89;0;180;0;
1856;2967025;1019518976;15478784;1160146944;0;0;0;0;0;0;0;0;0;0;0;1343;0;0;89;0;180;0;
1857;1559815;1019518976;15478784;1160146944;0;0;0;0;0;0;0;0;0;0;0;1413;0;0;89;0;180;0;
1858;1464176;1019518976;15478784;1160146944;0;0;0;0;0;0;0;0;0;0;0;1392;0;0;89;0;180;0;
1859;2692299;1019789312;15478784;1160146944;0;0;0;0;0;0;0;0;0;0;0;1953;0;0;89;0;180;0;
1860;2847860;1020059648;15478784;1160146944;0;0;0;0;0;0;0;0;0;0;0;1863;0;0;89;0;180;0;
1861;2265498;1020600320;15478784;1160146944;0;0;0;0;0;0;0;0;0;0;0;1623;0;0;89;0;180;0;
1862;5417330;1020600320;15478784;1160146944;0;0;0;0;0;0;0;0;0;0;0;1463;0;0;89;0;180;0;
1863;4447911;1017565184;12419072;1157087232;0;0;0;0;0;0;0;0;0;0;0;2535;0;0;89;0;180;0;
1864;2317286;1017565184;12419072;1157087232;0;0;0;0;0;0;0;0;0;0;0;2324;0;0;89;0;180;0;
1865;1568322;1017565184;12419072;1157087232;0;0;0;0;0;0;0;0;0;0;0;1413;0;0;89;0;180;0;
1866;3686253;1017565184;12419072;1157087232;0;0;0;0;0;0;0;0;0;0;0;2425;0;0;89;0;180;0;
1867;3785710;1017565184;12419072;1157087232;0;0;0;0;0;0;0;0;0;0;0;2565;0;0;89;0;180;0;
1868;3064507;1017831424;15478784;1160146944;0;0;0;0;0;0;0;0;0;0;0;2044;0;0;89;0;180;0;
1869;3017860;1017831424;15478784;1160146944;0;0;0;0;0;0;0;0;0;0;0;1774;0;0;89;0;180;0;
1870;2905229;1017831424;15478784;1160146944;0;0;0;0;0;0;0;0;0;0;0;1433;0;0;89;0;180;0;
1871;1335214;1017831424;15478784;1160146944;0;0;0;0;0;0;0;0;0;0;0;1443;0;0;89;0;180;0;
1872;814828;1017831424;15478784;1160146944;0;0;0;0;0;0;0;0;0;0;0;1493;0;0;89;0;180;0;
1873;3135000;1018101760;15478784;1160146944;0;0;0;0;0;0;0;0;0;0;0;1904;0;0;89;0;180;0;
1874;2896342;1018372096;15478784;1160146944;0;0;0;0;0;0;0;0;0;0;0;1993;0;0;89;0;180;0;
1875;1569092;1018372096;15478784;1160146944;0;0;0;0;0;0;0;0;0;0;0;1593;0;0;89;0;180;0;
1876;1895164;1018372096;15478784;1160146944;0;0;0;0;0;0;0;0;0;0;0;1523;0;0;89;0;180;0;
1877;1506937;1018372096;15478784;1160146944;0;0;0;0;0;0;0;0;0;0;0;1653;0;0;89;0;180;0;
1878;2181030;1018372096;15478784;1160146944;0;0;0;0;0;0;0;0;0;0;0;1503;0;0;89;0;180;0;
1879;1578811;1018372096;15478784;1160146944;0;0;0;0;0;0;0;0;0;0;0;1402;0;0;89;0;180;0;
1880;2846709;1018642432;15478784;1160146944;0;0;0;0;0;0;0;0;0;0;0;1994;0;0;89;0;180;0;
1881;2146656;1018642432;15478784;1160146944;0;0;0;0;0;0;0;0;0;0;0;1553;0;0;89;0;180;0;
1882;2104065;1018642432;15478784;1160146944;0;0;0;0;0;0;0;0;0;0;0;1393;0;0;89;0;180;0;
1883;3324184;1018642432;15478784;1160146944;0;0;0;0;0;0;0;0;0;0;0;1423;0;0;89;0;180;0;
1884;2781196;1018642432;15478784;1160146944;0;0;0;0;0;0;0;0;0;0;0;2204;0;0;89;0;180;0;
1885;2492855;1018642432;15478784;1160146944;0;0;0;0;0;0;0;0;0;0;0;1893;0;0;89;0;180;0;
1886;2985439;1018912768;15478784;1160146944;0;0;0;0;0;0;0;0;0;0;0;2124;0;0;89;0;180;0;
1887;3025154;1018912768;15478784;1160146944;0;0;0;0;0;0;0;0;0;0;0;1893;0;0;89;0;180;0;
1888;1890936;1018912768;15478784;1160146944;0;0;0;0;0;0;0;0;0;0;0;1463;0;0;89;0;180;0;
1889;2235562;1018912768;15478784;1160146944;0;0;0;0;0;0;0;0;0;0;0;1673;0;0;89;0;180;0;
1890;1937334;1018912768;15478784;1160146944;0;0;0;0;0;0;0;0;0;0;0;2054;0;0;89;0;180;0;
1891;3600162;1018912768;15478784;1160146944;0;0;0;0;0;0;0;0;0;0;0;2535;0;0;89;0;180;0;
1892;2950213;1019453440;15478784;1160146944;0;0;0;0;0;0;0;0;0;0;0;1984;0;0;89;0;180;0;
1893;2501932;1019453440;15478784;1160146944;0;0;0;0;0;0;0;0;0;0;0;1503;0;0;89;0;180;0;
1894;2503545;1019453440;15478784;1160146944;0;0;0;0;0;0;0;0;0;0;0;2084;0;0;89;0;180;0;
1895;2394391;1019453440;15478784;1160146944;0;0;0;0;0;0;0;0;0;0;0;1493;0;0;89;0;180;0;
1896;3373717;1019453440;15478784;1160146944;0;0;0;0;0;0;0;0;0;0;0;2224;0;0;89;0;180;0;
1897;1906476;1019723776;15478784;1160146944;0;0;0;0;0;0;0;0;0;0;0;1783;0;0;89;0;180;0;
1898;2727966;1019994112;15478784;1160146944;0;0;0;0;0;0;0;0;0;0;0;1523;0;0;89;0;180;0;
1899;3429041;1019994112;15478784;1160146944;0;0;0;0;0;0;0;0;0;0;0;2525;0;0;89;0;180;0;
1900;2280547;1020264448;15478784;1160146944;0;0;0;0;0;0;0;0;0;0;0;1633;0;0;89;0;180;0;
1901;2283202;1020264448;15478784;1160146944;0;0;0;0;0;0;0;0;0;0;0;1473;0;0;89;0;180;0;
1902;2348044;1020264448;15478784;1160146944;0;0;0;0;0;0;0;0;0;0;0;1413;0;0;89;0;180;0;
1903;4562696;1020264448;15478784;1160146944;0;0;0;0;0;0;0;0;0;0;0;186710;0;0;89;0;180;0;
1904;6923665;1020264448;15478784;1160146944;0;0;0;0;0;0;0;0;0;0;0;2444;0;0;89;0;180;0;
1905;6119156;1020264448;15478784;1160146944;0;0;0;0;0;0;0;0;0;0;0;2325;0;0;89;0;180;0;
1906;3779649;1020264448;15478784;1160146944;0;0;0;0;0;0;0;0;0;0;0;2986;0;0;89;0;180;0;
1907;2481253;1020264448;15478784;1160146944;0;0;0;0;0;0;0;0;0;0;0;2245;0;0;89;0;180;0;
1908;3181166;1020264448;15478784;1160146944;0;0;0;0;0;0;0;0;0;0;0;1824;0;0;89;0;180;0;
1909;3051923;1020264448;15478784;1160146944;0;0;0;0;0;0;0;0;0;0;0;1943;0;0;89;0;180;0;
1910;3191776;1020264448;15478784;1160146944;0;0;0;0;0;0;0;0;0;0;0;1664;0;0;89;0;180;0;
1911;2696497;1020264448;15478784;1160146944;0;0;0;0;0;0;0;0;0;0;0;1553;0;0;89;0;180;0;
1912;3565597;1020264448;15478784;1160146944;0;0;0;0;0;0;0;0;0;0;0;566923;0;0;89;0;180;0;
1913;4266211;1020264448;15478784;1160146944;0;0;0;0;0;0;0;0;0;0;0;1853;0;0;89;0;180;0;
1914;3129038;1020264448;15478784;1160146944;0;0;0;0;0;0;0;0;0;0;0;1793;0;0;89;0;180;0;
1915;4188706;1020264448;15478784;1160146944;0;0;0;0;0;0;0;0;0;0;0;1793;0;0;89;0;180;0;
1916;3705359;1020264448;15478784;1160146944;0;0;0;0;0;0;0;0;0;0;0;2896;0;0;89;0;180;0;
1917;3639335;1020264448;15478784;1160146944;0;0;0;0;0;0;0;0;0;0;0;2404;0;0;89;0;180;0;
1918;1942012;1020264448;15478784;1160146944;0;0;0;0;0;0;0;0;0;0;0;1202;0;0;89;0;180;0;
1919;1611021;1020264448;15478784;1160146944;0;0;0;0;0;0;0;0;0;0;0;1403;0;0;89;0;180;0;
1920;3300449;1020264448;15478784;1160146944;0;0;0;0;0;0;0;0;0;0;0;1603;0;0;89;0;180;0;
1921;3270814;1020264448;15478784;1160146944;0;0;0;0;0;0;0;0;0;0;0;3096;0;0;89;0;180;0;
1922;2566824;1020264448;15478784;1160146944;0;0;0;0;0;0;0;0;0;0;0;1382;0;0;89;0;180;0;
1923;2094328;1020264448;15478784;1160146944;0;0;0;0;0;0;0;0;0;0;0;1513;0;0;89;0;180;0;
1924;1883212;1020264448;15478784;1160146944;0;0;0;0;0;0;0;0;0;0;0;1392;0;0;89;0;180;0;
1925;4480112;1020264448;15478784;1160146944;0;0;0;0;0;0;0;0;0;0;0;2174;0;0;89;0;180;0;
1926;1536421;1020264448;15478784;1160146944;0;0;0;0;0;0;0;0;0;0;0;2225;0;0;89;0;180;0;
1927;2645562;1020264448;15478784;1160146944;0;0;0;0;0;0;0;0;0;0;0;2064;0;0;89;0;180;0;
1928;2252485;1020264448;15478784;1160146944;0;0;0;0;0;0;0;0;0;0;0;1392;0;0;89;0;180;0;
1929;3199871;1020264448;15478784;1160146944;0;0;0;0;0;0;0;0;0;0;0;1663;0;0;89;0;180;0;
1930;3687846;1020264448;15478784;1160146944;0;0;0;0;0;0;0;0;0;0;0;1713;0;0;89;0;180;0;
1931;3904231;1020264448;15478784;1160146944;0;0;0;0;0;0;0;0;0;0;0;2294;0;0;89;0;180;0;
1932;3170276;1020264448;15478784;1160146944;0;0;0;0;0;0;0;0;0;0;0;1684;0;0;89;0;180;0;
1933;3703856;1020264448;15478784;1160146944;0;0;0;0;0;0;0;0;0;0;0;1903;0;0;89;0;180;0;
1934;3219418;1020264448;15478784;1160146944;0;0;0;0;0;0;0;0;0;0;0;1573;0;0;89;0;180;0;
1935;3443638;1020264448;15478784;1160146944;0;0;0;0;0;0;0;0;0;0;0;2384;0;0;89;0;180;0;
1936;3211763;1017298944;12275712;1156943872;0;0;0;0;0;0;0;0;0;0;0;259246;0;0;89;0;180;0;
1937;4066316;1017298944;12275712;1156943872;0;0;0;0;0;0;0;0;0;0;0;2685;0;0;89;0;180;0;
1938;2911430;1017298944;12275712;1156943872;0;0;0;0;0;0;0;0;0;0;0;2404;0;0;89;0;180;0;
1939;3771092;1017298944;12275712;1156943872;0;0;0;0;0;0;0;0;0;0;0;1844;0;0;89;0;180;0;
1940;2228369;1017298944;12275712;1156943872;0;0;0;0;0;0;0;0;0;0;0;1523;0;0;89;0;180;0;
1941;2463129;1017298944;12275712;1156943872;0;0;0;0;0;0;0;0;0;0;0;1533;0;0;89;0;180;0;
1942;5626282;1017298944;12275712;1156943872;0;0;0;0;0;0;0;0;0;0;0;1984;0;0;89;0;180;0;
1943;3948606;1017364480;12271616;1156939776;0;0;0;0;0;0;0;0;0;0;0;2765;0;0;89;0;180;0;
1944;3043778;1017364480;12271616;1156939776;0;0;0;0;0;0;0;0;0;0;0;1844;0;0;89;0;180;0;
1945;2769383;1017364480;12271616;1156939776;0;0;0;0;0;0;0;0;0;0;0;1693;0;0;89;0;180;0;
1946;2609724;1017364480;12271616;1156939776;0;0;0;0;0;0;0;0;0;0;0;1813;0;0;89;0;180;0;
1947;3007881;1017364480;12271616;1156939776;0;0;0;0;0;0;0;0;0;0;0;1393;0;0;89;0;180;0;
1948;2557386;1017364480;12271616;1156939776;0;0;0;0;0;0;0;0;0;0;0;1913;0;0;89;0;180;0;
1949;4036931;1017364480;12271616;1156939776;0;0;0;0;0;0;0;0;0;0;0;2264;0;0;89;0;180;0;
1950;2677952;1017364480;12271616;1156939776;0;0;0;0;0;0;0;0;0;0;0;2144;0;0;89;0;180;0;
1951;3751315;1017364480;12271616;1156939776;0;0;0;0;0;0;0;0;0;0;0;1993;0;0;89;0;180;0;
1952;4156475;1017364480;12271616;1156939776;0;0;0;0;0;0;0;0;0;0;0;2315;0;0;89;0;180;0;
1953;2851067;1017364480;12271616;1156939776;0;0;0;0;0;0;0;0;0;0;0;1883;0;0;89;0;180;0;
1954;3099262;1017364480;12271616;1156939776;0;0;0;0;0;0;0;0;0;0;0;1924;0;0;89;0;180;0;
1955;2313288;1017364480;12271616;1156939776;0;0;0;0;0;0;0;0;0;0;0;1893;0;0;89;0;180;0;
1956;2846358;1017364480;12271616;1156939776;0;0;0;0;0;0;0;0;0;0;0;1693;0;0;89;0;180;0;
1957;3070699;1017364480;12271616;1156939776;0;0;0;0;0;0;0;0;0;0;0;2154;0;0;89;0;180;0;
1958;2711225;1017364480;12271616;1156939776;0;0;0;0;0;0;0;0;0;0;0;1743;0;0;89;0;180;0;
1959;1452193;1017364480;12271616;1156939776;0;0;0;0;0;0;0;0;0;0;0;1543;0;0;89;0;180;0;
1960;2744016;1017364480;12271616;1156939776;0;0;0;0;0;0;0;0;0;0;0;1443;0;0;89;0;180;0;
1961;2557927;1017364480;12271616;1156939776;0;0;0;0;0;0;0;0;0;0;0;1532;0;0;89;0;180;0;
1962;2265699;1017364480;12271616;1156939776;0;0;0;0;0;0;0;0;0;0;0;1853;0;0;89;0;180;0;
1963;2400612;1017364480;12271616;1156939776;0;0;0;0;0;0;0;0;0;0;0;1453;0;0;89;0;180;0;
1964;2869000;1017364480;12271616;1156939776;0;0;0;0;0;0;0;0;0;0;0;2094;0;0;89;0;180;0;
1965;2205857;1017364480;12271616;1156939776;0;0;0;0;0;0;0;0;0;0;0;1452;0;0;89;0;180;0;
1966;2923863;1017364480;12271616;1156939776;0;0;0;0;0;0;0;0;0;0;0;1483;0;0;89;0;180;0;
1967;3062584;1017364480;12271616;1156939776;0;0;0;0;0;0;0;0;0;0;0;1352;0;0;89;0;180;0;
1968;3501096;1017364480;12271616;1156939776;0;0;0;0;0;0;0;0;0;0;0;1773;0;0;89;0;180;0;
1969;4256643;1017364480;12271616;1156939776;0;0;0;0;0;0;0;0;0;0;0;1984;0;0;89;0;180;0;
1970;2079530;1017364480;12271616;1156939776;0;0;0;0;0;0;0;0;0;0;0;1503;0;0;89;0;180;0;
1971;3043929;1017364480;12271616;1156939776;0;0;0;0;0;0;0;0;0;0;0;1674;0;0;89;0;180;0;
1972;6746853;1017364480;12271616;1156939776;0;0;0;0;0;0;0;0;0;0;0;2414;0;0;89;0;180;0;
1973;4000953;1017364480;12271616;1156939776;0;0;0;0;0;0;0;0;0;0;0;2495;0;0;89;0;180;0;
1974;2904717;1017364480;12271616;1156939776;0;0;0;0;0;0;0;0;0;0;0;2054;0;0;89;0;180;0;
1975;2225374;1017364480;12271616;1156939776;0;0;0;0;0;0;0;0;0;0;0;1603;0;0;89;0;180;0;
1976;3648452;1017364480;12271616;1156939776;0;0;0;0;0;0;0;0;0;0;0;1603;0;0;89;0;180;0;
1977;1411016;1017364480;12271616;1156939776;0;0;0;0;0;0;0;0;0;0;0;1372;0;0;89;0;180;0;
1978;4028735;1017085952;11943936;1156612096;0;0;0;0;0;0;0;0;0;0;0;1863;0;0;89;0;180;0;
1979;3032978;1017085952;11943936;1156612096;0;0;0;0;0;0;0;0;0;0;0;2114;0;0;89;0;180;0;
1980;2554861;1017085952;11943936;1156612096;0;0;0;0;0;0;0;0;0;0;0;2204;0;0;89;0;180;0;
1981;3286634;1017085952;11943936;1156612096;0;0;0;0;0;0;0;0;0;0;0;1874;0;0;89;0;180;0;
1982;2806092;1017085952;11943936;1156612096;0;0;0;0;0;0;0;0;0;0;0;2294;0;0;89;0;180;0;
1983;4262423;1017085952;11943936;1156612096;0;0;0;0;0;0;0;0;0;0;0;1703;0;0;89;0;180;0;
1984;2679596;1017085952;11943936;1156612096;0;0;0;0;0;0;0;0;0;0;0;1693;0;0;89;0;180;0;
1985;2637245;1017085952;11943936;1156612096;0;0;0;0;0;0;0;0;0;0;0;1894;0;0;89;0;180;0;
1986;2649118;1017085952;11943936;1156612096;0;0;0;0;0;0;0;0;0;0;0;1332;0;0;89;0;180;0;
1987;3779608;1017085952;11943936;1156612096;0;0;0;0;0;0;0;0;0;0;0;2114;0;0;89;0;180;0;
1988;3105544;1017085952;11943936;1156612096;0;0;0;0;0;0;0;0;0;0;0;1633;0;0;89;0;180;0;
1989;2740209;1017085952;11943936;1156612096;0;0;0;0;0;0;0;0;0;0;0;1673;0;0;89;0;180;0;
1990;2340269;1017085952;11943936;1156612096;0;0;0;0;0;0;0;0;0;0;0;1623;0;0;89;0;180;0;
1991;2393017;1017085952;11943936;1156612096;0;0;0;0;0;0;0;0;0;0;0;1833;0;0;89;0;180;0;
1992;2076795;1017085952;11943936;1156612096;0;0;0;0;0;0;0;0;0;0;0;1563;0;0;89;0;180;0;
1993;4209995;1017085952;11943936;1156612096;0;0;0;0;0;0;0;0;0;0;0;1803;0;0;89;0;180;0;
1994;1835032;1017085952;11943936;1156612096;0;0;0;0;0;0;0;0;0;0;0;1613;0;0;89;0;180;0;
1995;2520827;1017085952;11943936;1156612096;0;0;0;0;0;0;0;0;0;0;0;1513;0;0;89;0;180;0;
1996;3005937;1017085952;11943936;1156612096;0;0;0;0;0;0;0;0;0;0;0;1502;0;0;89;0;180;0;
1997;2016932;1017085952;11943936;1156612096;0;0;0;0;0;0;0;0;0;0;0;1533;0;0;89;0;180;0;
1998;2657624;1017085952;11943936;1156612096;0;0;0;0;0;0;0;0;0;0;0;1453;0;0;89;0;180;0;
1999;1629426;1017085952;11943936;1156612096;0;0;0;0;0;0;0;0;0;0;0;1543;0;0;89;0;180;0;
2000;1735876;1017085952;11943936;1156612096;0;0;0;0;0;0;0;0;0;0;0;1733;0;0;89;0;180;0;
2001;2888016;1017085952;11943936;1156612096;0;0;0;0;0;0;0;0;0;0;0;1553;0;0;89;0;180;0;
2002;3379258;1017085952;11943936;1156612096;0;0;0;0;0;0;0;0;0;0;0;1834;0;0;89;0;180;0;
2003;7221944;1017085952;11943936;1156612096;0;0;0;0;0;0;0;0;0;0;0;1482;0;0;89;0;180;0;
2004;3347919;1017352192;15118336;1159786496;0;0;0;0;0;0;0;0;0;0;0;2484;0;0;89;0;180;0;
2005;2387678;1017352192;15118336;1159786496;0;0;0;0;0;0;0;0;0;0;0;1643;0;0;89;0;180;0;
2006;2793338;1017352192;15118336;1159786496;0;0;0;0;0;0;0;0;0;0;0;1633;0;0;89;0;180;0;
2007;2130115;1017352192;15118336;1159786496;0;0;0;0;0;0;0;0;0;0;0;1894;0;0;89;0;180;0;
2008;2967385;1017352192;15118336;1159786496;0;0;0;0;0;0;0;0;0;0;0;1603;0;0;89;0;180;0;
2009;2862828;1017622528;15118336;1159786496;0;0;0;0;0;0;0;0;0;0;0;1753;0;0;89;0;180;0;
2010;1919550;1017622528;15118336;1159786496;0;0;0;0;0;0;0;0;0;0;0;1443;0;0;89;0;180;0;
2011;3728963;1017622528;15118336;1159786496;0;0;0;0;0;0;0;0;0;0;0;1833;0;0;89;0;180;0;
2012;2357862;1017622528;15118336;1159786496;0;0;0;0;0;0;0;0;0;0;0;1693;0;0;89;0;180;0;
2013;2297799;1017622528;15118336;1159786496;0;0;0;0;0;0;0;0;0;0;0;1483;0;0;89;0;180;0;
2014;2950574;1017892864;15118336;1159786496;0;0;0;0;0;0;0;0;0;0;0;1483;0;0;89;0;180;0;
2015;3032467;1017892864;15118336;1159786496;0;0;0;0;0;0;0;0;0;0;0;1723;0;0;89;0;180;0;
2016;3107508;1017892864;15118336;1159786496;0;0;0;0;0;0;0;0;0;0;0;1543;0;0;89;0;180;0;
2017;2817073;1017892864;15118336;1159786496;0;0;0;0;0;0;0;0;0;0;0;1543;0;0;89;0;180;0;
2018;2297338;1017892864;15118336;1159786496;0;0;0;0;0;0;0;0;0;0;0;1443;0;0;89;0;180;0;
2019;2378801;1018433536;15118336;1159786496;0;0;0;0;0;0;0;0;0;0;0;1563;0;0;89;0;180;0;
2020;2329278;1018433536;15118336;1159786496;0;0;0;0;0;0;0;0;0;0;0;2054;0;0;89;0;180;0;
2021;4651043;1018433536;15118336;1159786496;0;0;0;0;0;0;0;0;0;0;0;2244;0;0;89;0;180;0;
2022;2124775;1018433536;15118336;1159786496;0;0;0;0;0;0;0;0;0;0;0;1743;0;0;89;0;180;0;
2023;2282461;1018433536;15118336;1159786496;0;0;0;0;0;0;0;0;0;0;0;1653;0;0;89;0;180;0;
2024;4147698;1018703872;15118336;1159786496;0;0;0;0;0;0;0;0;0;0;0;2184;0;0;89;0;180;0;
2025;1820233;1018703872;15118336;1159786496;0;0;0;0;0;0;0;0;0;0;0;1573;0;0;89;0;180;0;
2026;1726117;1018703872;15118336;1159786496;0;0;0;0;0;0;0;0;0;0;0;1463;0;0;89;0;180;0;
2027;3081439;1018703872;15118336;1159786496;0;0;0;0;0;0;0;0;0;0;0;1633;0;0;89;0;180;0;
2028;3022679;1018703872;15118336;1159786496;0;0;0;0;0;0;0;0;0;0;0;1493;0;0;89;0;180;0;
2029;2593314;1018974208;15118336;1159786496;0;0;0;0;0;0;0;0;0;0;0;1583;0;0;89;0;180;0;
2030;2706787;1018974208;15118336;1159786496;0;0;0;0;0;0;0;0;0;0;0;1694;0;0;89;0;180;0;
2031;1878804;1019244544;15118336;1159786496;0;0;0;0;0;0;0;0;0;0;0;2014;0;0;89;0;180;0;
2032;2314150;1019785216;15118336;1159786496;0;0;0;0;0;0;0;0;0;0;0;1373;0;0;89;0;180;0;
2033;2812585;1020055552;15118336;1159786496;0;0;0;0;0;0;0;0;0;0;0;1553;0;0;89;0;180;0;
2034;4970572;1020055552;15118336;1159786496;0;0;0;0;0;0;0;0;0;0;0;1433;0;0;89;0;180;0;
2035;3300299;1020055552;15118336;1159786496;0;0;0;0;0;0;0;0;0;0;0;2394;0;0;89;0;180;0;
2036;2021982;1020055552;15118336;1159786496;0;0;0;0;0;0;0;0;0;0;0;1993;0;0;89;0;180;0;
2037;1803352;1020055552;15118336;1159786496;0;0;0;0;0;0;0;0;0;0;0;1583;0;0;89;0;180;0;
2038;1949566;1020055552;15118336;1159786496;0;0;0;0;0;0;0;0;0;0;0;1423;0;0;89;0;180;0;
2039;1620439;1020055552;15118336;1159786496;0;0;0;0;0;0;0;0;0;0;0;1482;0;0;89;0;180;0;
2040;3126172;1020055552;15118336;1159786496;0;0;0;0;0;0;0;0;0;0;0;2004;0;0;89;0;180;0;
2041;3651939;1020055552;15118336;1159786496;0;0;0;0;0;0;0;0;0;0;0;1623;0;0;89;0;180;0;
2042;2283592;1020055552;15118336;1159786496;0;0;0;0;0;0;0;0;0;0;0;1733;0;0;89;0;180;0;
2043;1774948;1020055552;15118336;1159786496;0;0;0;0;0;0;0;0;0;0;0;1413;0;0;89;0;180;0;
2044;2268434;1020055552;15118336;1159786496;0;0;0;0;0;0;0;0;0;0;0;1794;0;0;89;0;180;0;
2045;3820325;1020055552;15118336;1159786496;0;0;0;0;0;0;0;0;0;0;0;1813;0;0;89;0;180;0;
2046;2659438;1020055552;15118336;1159786496;0;0;0;0;0;0;0;0;0;0;0;1763;0;0;89;0;180;0;
2047;2678433;1020055552;15118336;1159786496;0;0;0;0;0;0;0;0;0;0;0;1994;0;0;89;0;180;0;
2048;2897114;1020055552;15118336;1159786496;0;0;0;0;0;0;0;0;0;0;0;1824;0;0;89;0;180;0;
2049;2422634;1020055552;15118336;1159786496;0;0;0;0;0;0;0;0;0;0;0;1983;0;0;89;0;180;0;
2050;2378671;1020055552;15118336;1159786496;0;0;0;0;0;0;0;0;0;0;0;1613;0;0;89;0;180;0;
2051;1774848;1020055552;15118336;1159786496;0;0;0;0;0;0;0;0;0;0;0;1583;0;0;89;0;180;0;
2052;3186465;1020055552;15118336;1159786496;0;0;0;0;0;0;0;0;0;0;0;2866;0;0;89;0;180;0;
2053;2790272;1020055552;15118336;1159786496;0;0;0;0;0;0;0;0;0;0;0;1693;0;0;89;0;180;0;
2054;2140925;1020055552;15118336;1159786496;0;0;0;0;0;0;0;0;0;0;0;1513;0;0;89;0;180;0;
2055;3018732;1020055552;15118336;1159786496;0;0;0;0;0;0;0;0;0;0;0;1463;0;0;89;0;180;0;
2056;3231110;1020055552;15118336;1159786496;0;0;0;0;0;0;0;0;0;0;0;1883;0;0;89;0;180;0;
2057;3257429;1020055552;15118336;1159786496;0;0;0;0;0;0;0;0;0;0;0;27050;0;0;89;0;180;0;
2058;1943595;1020055552;15118336;1159786496;0;0;0;0;0;0;0;0;0;0;0;1533;0;0;89;0;180;0;
2059;2601179;1020055552;15118336;1159786496;0;0;0;0;0;0;0;0;0;0;0;1753;0;0;89;0;180;0;
2060;2955763;1020055552;15118336;1159786496;0;0;0;0;0;0;0;0;0;0;0;2024;0;0;89;0;180;0;
2061;3061371;1020055552;15118336;1159786496;0;0;0;0;0;0;0;0;0;0;0;2314;0;0;89;0;180;0;
2062;2330911;1020055552;15118336;1159786496;0;0;0;0;0;0;0;0;0;0;0;1633;0;0;89;0;180;0;
2063;1933306;1020055552;15118336;1159786496;0;0;0;0;0;0;0;0;0;0;0;24396;0;0;89;0;180;0;
2064;4358755;1020055552;15118336;1159786496;0;0;0;0;0;0;0;0;0;0;0;1914;0;0;89;0;180;0;
2065;8406656;1020055552;15118336;1159786496;0;0;0;0;0;0;0;0;0;0;0;1673;0;0;89;0;180;0;
2066;3697514;1020055552;15118336;1159786496;0;0;0;0;0;0;0;0;0;0;0;2695;0;0;89;0;180;0;
2067;3845602;1020055552;15118336;1159786496;0;0;0;0;0;0;0;0;0;0;0;2705;0;0;89;0;180;0;
2068;3319976;1020055552;15118336;1159786496;0;0;0;0;0;0;0;0;0;0;0;1853;0;0;89;0;180;0;
2069;2847000;1020055552;15118336;1159786496;0;0;0;0;0;0;0;0;0;0;0;1513;0;0;89;0;180;0;
2070;2138561;1020055552;15118336;1159786496;0;0;0;0;0;0;0;0;0;0;0;1543;0;0;89;0;180;0;
2071;4253497;1020055552;15118336;1159786496;0;0;0;0;0;0;0;0;0;0;0;1863;0;0;89;0;180;0;
2072;3240978;1020055552;15118336;1159786496;0;0;0;0;0;0;0;0;0;0;0;1844;0;0;89;0;180;0;
2073;1952903;1020055552;15118336;1159786496;0;0;0;0;0;0;0;0;0;0;0;1373;0;0;89;0;180;0;
2074;2832572;1020055552;15118336;1159786496;0;0;0;0;0;0;0;0;0;0;0;1412;0;0;89;0;180;0;
2075;2583865;1020055552;15118336;1159786496;0;0;0;0;0;0;0;0;0;0;0;1753;0;0;89;0;180;0;
2076;3379447;1020055552;15118336;1159786496;0;0;0;0;0;0;0;0;0;0;0;2094;0;0;89;0;180;0;
2077;2104827;1020055552;15118336;1159786496;0;0;0;0;0;0;0;0;0;0;0;8837;0;0;89;0;180;0;
2078;2192642;1020055552;15118336;1159786496;0;0;0;0;0;0;0;0;0;0;0;1673;0;0;89;0;180;0;
2079;2184466;1020055552;15118336;1159786496;0;0;0;0;0;0;0;0;0;0;0;1403;0;0;89;0;180;0;
2080;3056583;1020055552;15118336;1159786496;0;0;0;0;0;0;0;0;0;0;0;2023;0;0;89;0;180;0;
2081;4096713;1020055552;15118336;1159786496;0;0;0;0;0;0;0;0;0;0;0;1573;0;0;89;0;180;0;
2082;3586727;1020055552;15118336;1159786496;0;0;0;0;0;0;0;0;0;0;0;2394;0;0;89;0;180;0;
2083;2195127;1020055552;15118336;1159786496;0;0;0;0;0;0;0;0;0;0;0;1523;0;0;89;0;180;0;
2084;3319426;1020055552;15118336;1159786496;0;0;0;0;0;0;0;0;0;0;0;1853;0;0;89;0;180;0;
2085;4272222;1020055552;15118336;1159786496;0;0;0;0;0;0;0;0;0;0;0;2164;0;0;89;0;180;0;
2086;3242000;1020055552;15118336;1159786496;0;0;0;0;0;0;0;0;0;0;0;1943;0;0;89;0;180;0;
2087;3236690;1020055552;15118336;1159786496;0;0;0;0;0;0;0;0;0;0;0;1793;0;0;89;0;180;0;
2088;3644104;1020055552;15118336;1159786496;0;0;0;0;0;0;0;0;0;0;0;1864;0;0;89;0;180;0;
2089;3052865;1020055552;15118336;1159786496;0;0;0;0;0;0;0;0;0;0;0;1914;0;0;89;0;180;0;
2090;3504002;1020055552;15118336;1159786496;0;0;0;0;0;0;0;0;0;0;0;2254;0;0;89;0;180;0;
2091;4187093;1020055552;15118336;1159786496;0;0;0;0;0;0;0;0;0;0;0;1773;0;0;89;0;180;0;
2092;2704131;1020055552;15118336;1159786496;0;0;0;0;0;0;0;0;0;0;0;1743;0;0;89;0;180;0;
2093;3433048;1020055552;15118336;1159786496;0;0;0;0;0;0;0;0;0;0;0;2154;0;0;89;0;180;0;
2094;4971553;1020055552;15118336;1159786496;0;0;0;0;0;0;0;0;0;0;0;1854;0;0;89;0;180;0;
2095;2472256;1020055552;15118336;1159786496;0;0;0;0;0;0;0;0;0;0;0;2054;0;0;89;0;180;0;
2096;6182114;1020055552;15118336;1159786496;0;0;0;0;0;0;0;0;0;0;0;1452;0;0;89;0;180;0;
2097;3233725;1020055552;15118336;1159786496;0;0;0;0;0;0;0;0;0;0;0;3116;0;0;89;0;180;0;
2098;2521078;1020055552;15118336;1159786496;0;0;0;0;0;0;0;0;0;0;0;1633;0;0;89;0;180;0;
2099;2756539;1020055552;15118336;1159786496;0;0;0;0;0;0;0;0;0;0;0;1563;0;0;89;0;180;0;
2100;2423264;1020055552;15118336;1159786496;0;0;0;0;0;0;0;0;0;0;0;1693;0;0;89;0;180;0;
2101;3199710;1020055552;15118336;1159786496;0;0;0;0;0;0;0;0;0;0;0;1673;0;0;89;0;180;0;
2102;2684986;1020055552;15118336;1159786496;0;0;0;0;0;0;0;0;0;0;0;2124;0;0;89;0;180;0;
2103;2555803;1020055552;15118336;1159786496;0;0;0;0;0;0;0;0;0;0;0;1282;0;0;89;0;180;0;
2104;2228640;1020055552;15118336;1159786496;0;0;0;0;0;0;0;0;0;0;0;1472;0;0;89;0;180;0;
2105;2119595;1020055552;15118336;1159786496;0;0;0;0;0;0;0;0;0;0;0;1403;0;0;89;0;180;0;
2106;1706039;1020055552;15118336;1159786496;0;0;0;0;0;0;0;0;0;0;0;1222;0;0;89;0;180;0;
2107;2261030;1020055552;15118336;1159786496;0;0;0;0;0;0;0;0;0;0;0;2003;0;0;89;0;180;0;
2108;2195267;1020055552;15118336;1159786496;0;0;0;0;0;0;0;0;0;0;0;1513;0;0;89;0;180;0;
2109;1752437;1020055552;15118336;1159786496;0;0;0;0;0;0;0;0;0;0;0;1824;0;0;89;0;180;0;
2110;3326388;1020055552;15118336;1159786496;0;0;0;0;0;0;0;0;0;0;0;2004;0;0;89;0;180;0;
2111;2920958;1020055552;15118336;1159786496;0;0;0;0;0;0;0;0;0;0;0;1302;0;0;89;0;180;0;
2112;2354365;1020055552;15118336;1159786496;0;0;0;0;0;0;0;0;0;0;0;1453;0;0;89;0;180;0;
2113;2260279;1020055552;15118336;1159786496;0;0;0;0;0;0;0;0;0;0;0;1533;0;0;89;0;180;0;
2114;1849258;1020055552;15118336;1159786496;0;0;0;0;0;0;0;0;0;0;0;1393;0;0;89;0;180;0;
2115;1650264;1020055552;15118336;1159786496;0;0;0;0;0;0;0;0;0;0;0;1633;0;0;89;0;180;0;
2116;2714401;1020055552;15118336;1159786496;0;0;0;0;0;0;0;0;0;0;0;1503;0;0;89;0;180;0;
2117;2672402;1020055552;15118336;1159786496;0;0;0;0;0;0;0;0;0;0;0;1543;0;0;89;0;180;0;
2118;3088923;1020055552;15118336;1159786496;0;0;0;0;0;0;0;0;0;0;0;2154;0;0;89;0;180;0;
2119;1412309;1020055552;15118336;1159786496;0;0;0;0;0;0;0;0;0;0;0;1603;0;0;89;0;180;0;
2120;1810084;1020055552;15118336;1159786496;0;0;0;0;0;0;0;0;0;0;0;1463;0;0;89;0;180;0;
2121;2227347;1020055552;15118336;1159786496;0;0;0;0;0;0;0;0;0;0;0;1262;0;0;89;0;180;0;
2122;2386526;1020055552;15118336;1159786496;0;0;0;0;0;0;0;0;0;0;0;1974;0;0;89;0;180;0;
2123;3260505;1020055552;15118336;1159786496;0;0;0;0;0;0;0;0;0;0;0;1753;0;0;89;0;180;0;
2124;2502443;1020055552;15118336;1159786496;0;0;0;0;0;0;0;0;0;0;0;1984;0;0;89;0;180;0;
2125;2883016;1020055552;15118336;1159786496;0;0;0;0;0;0;0;0;0;0;0;1613;0;0;89;0;180;0;
2126;2263314;1020055552;15118336;1159786496;0;0;0;0;0;0;0;0;0;0;0;1523;0;0;89;0;180;0;
2127;6447592;1020055552;15118336;1159786496;0;0;0;0;0;0;0;0;0;0;0;1512;0;0;89;0;180;0;
2128;2840668;1020055552;15118336;1159786496;0;0;0;0;0;0;0;0;0;0;0;2505;0;0;89;0;180;0;
2129;2450265;1020055552;15118336;1159786496;0;0;0;0;0;0;0;0;0;0;0;1743;0;0;89;0;180;0;
2130;1880116;1020055552;15118336;1159786496;0;0;0;0;0;0;0;0;0;0;0;1523;0;0;89;0;180;0;
2131;2891292;1020055552;15118336;1159786496;0;0;0;0;0;0;0;0;0;0;0;1633;0;0;89;0;180;0;
2132;2566804;1020055552;15118336;1159786496;0;0;0;0;0;0;0;0;0;0;0;2024;0;0;89;0;180;0;
2133;1957161;1020055552;15118336;1159786496;0;0;0;0;0;0;0;0;0;0;0;1783;0;0;89;0;180;0;
2134;2411983;1020055552;15118336;1159786496;0;0;0;0;0;0;0;0;0;0;0;1653;0;0;89;0;180;0;
2135;1946550;1020055552;15118336;1159786496;0;0;0;0;0;0;0;0;0;0;0;1643;0;0;89;0;180;0;
2136;1539888;1020055552;15118336;1159786496;0;0;0;0;0;0;0;0;0;0;0;1422;0;0;89;0;180;0;
2137;2041208;1020055552;15118336;1159786496;0;0;0;0;0;0;0;0;0;0;0;1633;0;0;89;0;180;0;
2138;4698421;1020055552;15118336;1159786496;0;0;0;0;0;0;0;0;0;0;0;1794;0;0;89;0;180;0;
2139;1830212;1020055552;15118336;1159786496;0;0;0;0;0;0;0;0;0;0;0;8536;0;0;89;0;180;0;
2140;1997266;1020055552;15118336;1159786496;0;0;0;0;0;0;0;0;0;0;0;1473;0;0;89;0;180;0;
2141;1498841;1020055552;15118336;1159786496;0;0;0;0;0;0;0;0;0;0;0;1563;0;0;89;0;180;0;
2142;1744712;1020055552;15118336;1159786496;0;0;0;0;0;0;0;0;0;0;0;1724;0;0;89;0;180;0;
2143;2845516;1020055552;15118336;1159786496;0;0;0;0;0;0;0;0;0;0;0;1703;0;0;89;0;180;0;
2144;3501577;1020055552;15118336;1159786496;0;0;0;0;0;0;0;0;0;0;0;1833;0;0;89;0;180;0;
2145;2204825;1020055552;15118336;1159786496;0;0;0;0;0;0;0;0;0;0;0;1613;0;0;89;0;180;0;
2146;2257764;1020055552;15118336;1159786496;0;0;0;0;0;0;0;0;0;0;0;1453;0;0;89;0;180;0;
2147;2320853;1020055552;15118336;1159786496;0;0;0;0;0;0;0;0;0;0;0;1824;0;0;89;0;180;0;
2148;2898876;1020055552;15118336;1159786496;0;0;0;0;0;0;0;0;0;0;0;1443;0;0;89;0;180;0;
2149;2877937;1020055552;15118336;1159786496;0;0;0;0;0;0;0;0;0;0;0;2435;0;0;89;0;180;0;
2150;1902047;1020055552;15118336;1159786496;0;0;0;0;0;0;0;0;0;0;0;1292;0;0;89;0;180;0;
2151;1883903;1020055552;15118336;1159786496;0;0;0;0;0;0;0;0;0;0;0;1472;0;0;89;0;180;0;
2152;1940579;1020055552;15118336;1159786496;0;0;0;0;0;0;0;0;0;0;0;1633;0;0;89;0;180;0;
2153;2555573;1020055552;15118336;1159786496;0;0;0;0;0;0;0;0;0;0;0;1733;0;0;89;0;180;0;
2154;1432717;1020055552;15118336;1159786496;0;0;0;0;0;0;0;0;0;0;0;1723;0;0;89;0;180;0;
2155;3251839;1020055552;15118336;1159786496;0;0;0;0;0;0;0;0;0;0;0;1694;0;0;89;0;180;0;
2156;2201459;1020055552;15118336;1159786496;0;0;0;0;0;0;0;0;0;0;0;1473;0;0;89;0;180;0;
2157;1900634;1020055552;15118336;1159786496;0;0;0;0;0;0;0;0;0;0;0;1583;0;0;89;0;180;0;
2158;6419699;1020055552;15118336;1159786496;0;0;0;0;0;0;0;0;0;0;0;1513;0;0;89;0;180;0;
2159;3403092;1020055552;15118336;1159786496;0;0;0;0;0;0;0;0;0;0;0;2766;0;0;89;0;180;0;
2160;1849479;1020055552;15118336;1159786496;0;0;0;0;0;0;0;0;0;0;0;1592;0;0;89;0;180;0;
2161;2157316;1020055552;15118336;1159786496;0;0;0;0;0;0;0;0;0;0;0;1533;0;0;89;0;180;0;
2162;1611622;1020055552;15118336;1159786496;0;0;0;0;0;0;0;0;0;0;0;1493;0;0;89;0;180;0;
2163;1933787;1020055552;15118336;1159786496;0;0;0;0;0;0;0;0;0;0;0;1593;0;0;89;0;180;0;
2164;4223261;1020055552;15118336;1159786496;0;0;0;0;0;0;0;0;0;0;0;1843;0;0;89;0;180;0;
2165;1264231;1020055552;15118336;1159786496;0;0;0;0;0;0;0;0;0;0;0;1683;0;0;89;0;180;0;
2166;1329373;1020055552;15118336;1159786496;0;0;0;0;0;0;0;0;0;0;0;1763;0;0;89;0;180;0;
2167;1456912;1020055552;15118336;1159786496;0;0;0;0;0;0;0;0;0;0;0;175399;0;0;89;0;180;0;
2168;1417949;1020055552;15118336;1159786496;0;0;0;0;0;0;0;0;0;0;0;1262;0;0;89;0;180;0;
2169;1919109;1020055552;15118336;1159786496;0;0;0;0;0;0;0;0;0;0;0;1452;0;0;89;0;180;0;
2170;1601272;1020055552;15118336;1159786496;0;0;0;0;0;0;0;0;0;0;0;1663;0;0;89;0;180;0;
2171;1503971;1020055552;15118336;1159786496;0;0;0;0;0;0;0;0;0;0;0;1433;0;0;89;0;180;0;
2172;2584427;1020055552;15118336;1159786496;0;0;0;0;0;0;0;0;0;0;0;1503;0;0;89;0;180;0;
2173;1454928;1020055552;15118336;1159786496;0;0;0;0;0;0;0;0;0;0;0;1913;0;0;89;0;180;0;
2174;3638624;1020055552;15118336;1159786496;0;0;0;0;0;0;0;0;0;0;0;1994;0;0;89;0;180;0;
2175;1899152;1020055552;15118336;1159786496;0;0;0;0;0;0;0;0;0;0;0;1743;0;0;89;0;180;0;
2176;1912928;1020055552;15118336;1159786496;0;0;0;0;0;0;0;0;0;0;0;1493;0;0;89;0;180;0;
2177;1589672;1020055552;15118336;1159786496;0;0;0;0;0;0;0;0;0;0;0;1373;0;0;89;0;180;0;
2178;2305314;1020055552;15118336;1159786496;0;0;0;0;0;0;0;0;0;0;0;1753;0;0;89;0;180;0;
2179;2826631;1020055552;15118336;1159786496;0;0;0;0;0;0;0;0;0;0;0;1673;0;0;89;0;180;0;
2180;2634331;1020055552;15118336;1159786496;0;0;0;0;0;0;0;0;0;0;0;2995;0;0;89;0;182;0;
2181;2308079;1020055552;15118336;1159786496;0;0;0;0;0;0;0;0;0;0;0;1593;0;0;89;0;182;0;
2182;1660714;1020055552;15118336;1159786496;0;0;0;0;0;0;0;0;0;0;0;1502;0;0;89;0;182;0;
2183;1947943;1020055552;15118336;1159786496;0;0;0;0;0;0;0;0;0;0;0;1513;0;0;89;0;182;0;
2184;3300439;1020055552;15118336;1159786496;0;0;0;0;0;0;0;0;0;0;0;1683;0;0;89;0;182;0;
2185;1946720;1020055552;15118336;1159786496;0;0;0;0;0;0;0;0;0;0;0;1543;0;0;89;0;182;0;
2186;1853766;1020055552;15118336;1159786496;0;0;0;0;0;0;0;0;0;0;0;1383;0;0;89;0;182;0;
2187;2150123;1020055552;15118336;1159786496;0;0;0;0;0;0;0;0;0;0;0;1483;0;0;89;0;182;0;
2188;2239741;1020055552;15118336;1159786496;0;0;0;0;0;0;0;0;0;0;0;1553;0;0;89;0;182;0;
2189;5805788;1020055552;15118336;1159786496;0;0;0;0;0;0;0;0;0;0;0;2044;0;0;89;0;182;0;
2190;2984597;1020055552;15118336;1159786496;0;0;0;0;0;0;0;0;0;0;0;2786;0;0;89;0;182;0;
2191;2096161;1020055552;15118336;1159786496;0;0;0;0;0;0;0;0;0;0;0;1703;0;0;89;0;182;0;
2192;2138260;1020055552;15118336;1159786496;0;0;0;0;0;0;0;0;0;0;0;1513;0;0;89;0;182;0;
2193;2013436;1020055552;15118336;1159786496;0;0;0;0;0;0;0;0;0;0;0;1724;0;0;89;0;182;0;
2194;2221096;1020055552;15118336;1159786496;0;0;0;0;0;0;0;0;0;0;0;1493;0;0;89;0;182;0;
2195;2891362;1020055552;15118336;1159786496;0;0;0;0;0;0;0;0;0;0;0;2004;0;0;89;0;182;0;
2196;1594079;1020055552;15118336;1159786496;0;0;0;0;0;0;0;0;0;0;0;1633;0;0;89;0;182;0;
2197;1965206;1020055552;15118336;1159786496;0;0;0;0;0;0;0;0;0;0;0;1462;0;0;89;0;182;0;
2198;1772394;1020055552;15118336;1159786496;0;0;0;0;0;0;0;0;0;0;0;1443;0;0;89;0;182;0;
2199;1958893;1020055552;15118336;1159786496;0;0;0;0;0;0;0;0;0;0;0;1443;0;0;89;0;182;0;
2200;3309396;1020055552;15118336;1159786496;0;0;0;0;0;0;0;0;0;0;0;1964;0;0;89;0;182;0;
2201;2891332;1020055552;15118336;1159786496;0;0;0;0;0;0;0;0;0;0;0;1724;0;0;89;0;182;0;
2202;3427558;1020055552;15118336;1159786496;0;0;0;0;0;0;0;0;0;0;0;2034;0;0;89;0;182;0;
2203;2024046;1020055552;15118336;1159786496;0;0;0;0;0;0;0;0;0;0;0;1723;0;0;89;0;182;0;
2204;1615720;1020055552;15118336;1159786496;0;0;0;0;0;0;0;0;0;0;0;1222;0;0;89;0;182;0;
2205;2353473;1020055552;15118336;1159786496;0;0;0;0;0;0;0;0;0;0;0;1713;0;0;89;0;182;0;
2206;1715387;1020055552;15118336;1159786496;0;0;0;0;0;0;0;0;0;0;0;1562;0;0;89;0;182;0;
2207;2272212;1020055552;15118336;1159786496;0;0;0;0;0;0;0;0;0;0;0;1513;0;0;89;0;182;0;
2208;2407805;1020055552;15118336;1159786496;0;0;0;0;0;0;0;0;0;0;0;2225;0;0;89;0;183;0;
2209;2394821;1020055552;15118336;1159786496;0;0;0;0;0;0;0;0;0;0;0;1553;0;0;89;0;183;0;
2210;3163052;1020055552;15118336;1159786496;0;0;0;0;0;0;0;0;0;0;0;1472;0;0;89;0;183;0;
2211;1708083;1020055552;15118336;1159786496;0;0;0;0;0;0;0;0;0;0;0;1483;0;0;89;0;183;0;
2212;1207084;1020055552;15118336;1159786496;0;0;0;0;0;0;0;0;0;0;0;1442;0;0;89;0;183;0;
2213;1610560;1020055552;15118336;1159786496;0;0;0;0;0;0;0;0;0;0;0;1633;0;0;89;0;183;0;
2214;1838078;1020055552;15118336;1159786496;0;0;0;0;0;0;0;0;0;0;0;1503;0;0;89;0;183;0;
2215;3074445;1020055552;15118336;1159786496;0;0;0;0;0;0;0;0;0;0;0;1603;0;0;89;0;183;0;
2216;2467077;1020055552;15118336;1159786496;0;0;0;0;0;0;0;0;0;0;0;1563;0;0;89;0;183;0;
2217;1547272;1020055552;15118336;1159786496;0;0;0;0;0;0;0;0;0;0;0;1533;0;0;89;0;183;0;
2218;1845641;1020055552;15118336;1159786496;0;0;0;0;0;0;0;0;0;0;0;1513;0;0;89;0;183;0;
2219;2130996;1020055552;15118336;1159786496;0;0;0;0;0;0;0;0;0;0;0;1533;0;0;89;0;183;0;
2220;6692692;1020055552;15118336;1159786496;0;0;0;0;0;0;0;0;0;0;0;1493;0;0;89;0;183;0;
2221;3626461;1020055552;15118336;1159786496;0;0;0;0;0;0;0;0;0;0;0;3096;0;0;89;0;183;0;
2222;2432371;1020055552;15118336;1159786496;0;0;0;0;0;0;0;0;0;0;0;1773;0;0;89;0;183;0;
2223;2700534;1020055552;15118336;1159786496;0;0;0;0;0;0;0;0;0;0;0;1583;0;0;89;0;183;0;
2224;2514416;1020055552;15118336;1159786496;0;0;0;0;0;0;0;0;0;0;0;1764;0;0;89;0;183;0;
2225;2903826;1020055552;15118336;1159786496;0;0;0;0;0;0;0;0;0;0;0;1432;0;0;89;0;183;0;
2226;2791836;1020055552;15118336;1159786496;0;0;0;0;0;0;0;0;0;0;0;1844;0;0;89;0;183;0;
2227;2050585;1020055552;15118336;1159786496;0;0;0;0;0;0;0;0;0;0;0;1623;0;0;89;0;183;0;
2228;2928101;1020055552;15118336;1159786496;0;0;0;0;0;0;0;0;0;0;0;1643;0;0;89;0;183;0;
2229;2871234;1020055552;15118336;1159786496;0;0;0;0;0;0;0;0;0;0;0;1634;0;0;89;0;183;0;
2230;2349196;1020055552;15118336;1159786496;0;0;0;0;0;0;0;0;0;0;0;1633;0;0;89;0;183;0;
2231;4595959;1020055552;15118336;1159786496;0;0;0;0;0;0;0;0;0;0;0;2274;0;0;89;0;183;0;
2232;2746470;1020055552;15118336;1159786496;0;0;0;0;0;0;0;0;0;0;0;1703;0;0;89;0;183;0;
2233;2760116;1020055552;15118336;1159786496;0;0;0;0;0;0;0;0;0;0;0;2054;0;0;89;0;183;0;
2234;3217234;1020055552;15118336;1159786496;0;0;0;0;0;0;0;0;0;0;0;1663;0;0;89;0;183;0;
2235;3535641;1020055552;15118336;1159786496;0;0;0;0;0;0;0;0;0;0;0;1763;0;0;89;0;183;0;
2236;3723813;1020055552;15118336;1159786496;0;0;0;0;0;0;0;0;0;0;0;1483;0;0;89;0;183;0;
2237;2969279;1020055552;15118336;1159786496;0;0;0;0;0;0;0;0;0;0;0;1522;0;0;89;0;183;0;
2238;3722201;1020055552;15118336;1159786496;0;0;0;0;0;0;0;0;0;0;0;1503;0;0;89;0;183;0;
2239;3555228;1020055552;15118336;1159786496;0;0;0;0;0;0;0;0;0;0;0;1914;0;0;89;0;183;0;
2240;1728081;1020055552;15118336;1159786496;0;0;0;0;0;0;0;0;0;0;0;1713;0;0;89;0;183;0;
2241;3523548;1020055552;15118336;1159786496;0;0;0;0;0;0;0;0;0;0;0;1763;0;0;89;0;183;0;
2242;2721995;1020055552;15118336;1159786496;0;0;0;0;0;0;0;0;0;0;0;1633;0;0;89;0;183;0;
2243;2395152;1020055552;15118336;1159786496;0;0;0;0;0;0;0;0;0;0;0;1583;0;0;89;0;183;0;
2244;2392386;1020055552;15118336;1159786496;0;0;0;0;0;0;0;0;0;0;0;1463;0;0;89;0;183;0;
2245;2402095;1020055552;15118336;1159786496;0;0;0;0;0;0;0;0;0;0;0;1933;0;0;89;0;183;0;
2246;3739513;1020055552;15118336;1159786496;0;0;0;0;0;0;0;0;0;0;0;2585;0;0;89;0;184;0;
2247;2473659;1020055552;15118336;1159786496;0;0;0;0;0;0;0;0;0;0;0;1833;0;0;89;0;184;0;
2248;2007485;1020055552;15118336;1159786496;0;0;0;0;0;0;0;0;0;0;0;1552;0;0;89;0;184;0;
2249;2536977;1020055552;15118336;1159786496;0;0;0;0;0;0;0;0;0;0;0;1453;0;0;89;0;184;0;
2250;2025269;1020055552;15118336;1159786496;0;0;0;0;0;0;0;0;0;0;0;1833;0;0;89;0;184;0;
2251;6595639;1020055552;15118336;1159786496;0;0;0;0;0;0;0;0;0;0;0;1794;0;0;89;0;184;0;
2252;4922892;1020055552;15118336;1159786496;0;0;0;0;0;0;0;0;0;0;0;3987;0;0;89;0;185;0;
2253;2797457;1020055552;15118336;1159786496;0;0;0;0;0;0;0;0;0;0;0;2745;0;0;89;0;185;0;
2254;1751384;1020055552;15118336;1159786496;0;0;0;0;0;0;0;0;0;0;0;1603;0;0;89;0;185;0;
2255;1779897;1020055552;15118336;1159786496;0;0;0;0;0;0;0;0;0;0;0;1563;0;0;89;0;185;0;
2256;3259553;1020055552;15118336;1159786496;0;0;0;0;0;0;0;0;0;0;0;1523;0;0;89;0;185;0;
2257;2767329;1020055552;15118336;1159786496;0;0;0;0;0;0;0;0;0;0;0;1824;0;0;89;0;185;0;
2258;2427462;1020055552;15118336;1159786496;0;0;0;0;0;0;0;0;0;0;0;1804;0;0;89;0;185;0;
2259;2755357;1020055552;15118336;1159786496;0;0;0;0;0;0;0;0;0;0;0;1562;0;0;89;0;185;0;
2260;2038643;1020055552;15118336;1159786496;0;0;0;0;0;0;0;0;0;0;0;1783;0;0;89;0;185;0;
2261;2702849;1020055552;15118336;1159786496;0;0;0;0;0;0;0;0;0;0;0;1714;0;0;89;0;185;0;
2262;2729368;1020055552;15118336;1159786496;0;0;0;0;0;0;0;0;0;0;0;1533;0;0;89;0;185;0;
2263;2914085;1020055552;15118336;1159786496;0;0;0;0;0;0;0;0;0;0;0;1442;0;0;89;0;185;0;
2264;2282240;1020055552;15118336;1159786496;0;0;0;0;0;0;0;0;0;0;0;1763;0;0;89;0;185;0;
2265;1717320;1020055552;15118336;1159786496;0;0;0;0;0;0;0;0;0;0;0;1512;0;0;89;0;185;0;
2266;2485331;1020055552;15118336;1159786496;0;0;0;0;0;0;0;0;0;0;0;1443;0;0;89;0;185;0;
2267;2300845;1020055552;15118336;1159786496;0;0;0;0;0;0;0;0;0;0;0;1793;0;0;89;0;185;0;
2268;2081243;1020055552;15118336;1159786496;0;0;0;0;0;0;0;0;0;0;0;1593;0;0;89;0;185;0;
2269;1505804;1020055552;15118336;1159786496;0;0;0;0;0;0;0;0;0;0;0;1312;0;0;89;0;185;0;
2270;1413060;1020055552;15118336;1159786496;0;0;0;0;0;0;0;0;0;0;0;1403;0;0;89;0;185;0;
2271;1096076;1020055552;15118336;1159786496;0;0;0;0;0;0;0;0;0;0;0;1342;0;0;89;0;185;0;
2272;1990082;1020055552;15118336;1159786496;0;0;0;0;0;0;0;0;0;0;0;1573;0;0;89;0;185;0;
2273;1687956;1020055552;15118336;1159786496;0;0;0;0;0;0;0;0;0;0;0;1392;0;0;89;0;185;0;
2274;1024371;1020055552;15118336;1159786496;0;0;0;0;0;0;0;0;0;0;0;1583;0;0;89;0;185;0;
2275;1055930;1020055552;15118336;1159786496;0;0;0;0;0;0;0;0;0;0;0;1423;0;0;89;0;185;0;
2276;880933;1020055552;15118336;1159786496;0;0;0;0;0;0;0;0;0;0;0;1703;0;0;89;0;185;0;
2277;2315562;1020055552;15118336;1159786496;0;0;0;0;0;0;0;0;0;0;0;1603;0;0;89;0;185;0;
2278;2326253;1020055552;15118336;1159786496;0;0;0;0;0;0;0;0;0;0;0;1603;0;0;89;0;185;0;
2279;1717200;1020055552;15118336;1159786496;0;0;0;0;0;0;0;0;0;0;0;1583;0;0;89;0;185;0;
2280;1290280;1020055552;15118336;1159786496;0;0;0;0;0;0;0;0;0;0;0;1423;0;0;89;0;185;0;
2281;1574142;1020055552;15118336;1159786496;0;0;0;0;0;0;0;0;0;0;0;1473;0;0;89;0;185;0;
2282;4771459;1020055552;15118336;1159786496;0;0;0;0;0;0;0;0;0;0;0;1573;0;0;89;0;185;0;
2283;2601930;1020055552;15118336;1159786496;0;0;0;0;0;0;0;0;0;0;0;2054;0;0;89;0;185;0;
2284;1796208;1020055552;15118336;1159786496;0;0;0;0;0;0;0;0;0;0;0;1793;0;0;89;0;185;0;
2285;1854267;1020055552;15118336;1159786496;0;0;0;0;0;0;0;0;0;0;0;1493;0;0;89;0;185;0;
2286;2027362;1020055552;15118336;1159786496;0;0;0;0;0;0;0;0;0;0;0;1492;0;0;89;0;185;0;
2287;2110157;1020055552;15118336;1159786496;0;0;0;0;0;0;0;0;0;0;0;1563;0;0;89;0;185;0;
2288;2643568;1020055552;15118336;1159786496;0;0;0;0;0;0;0;0;0;0;0;1984;0;0;89;0;185;0;
2289;1328582;1020055552;15118336;1159786496;0;0;0;0;0;0;0;0;0;0;0;1443;0;0;89;0;185;0;
2290;2554070;1020055552;15118336;1159786496;0;0;0;0;0;0;0;0;0;0;0;1783;0;0;89;0;185;0;
2291;1950438;1020055552;15118336;1159786496;0;0;0;0;0;0;0;0;0;0;0;1432;0;0;89;0;185;0;
2292;2097594;1020055552;15118336;1159786496;0;0;0;0;0;0;0;0;0;0;0;1473;0;0;89;0;185;0;
2293;3030704;1020055552;15118336;1159786496;0;0;0;0;0;0;0;0;0;0;0;1503;0;0;89;0;185;0;
2294;1681603;1020055552;15118336;1159786496;0;0;0;0;0;0;0;0;0;0;0;1402;0;0;89;0;185;0;
2295;2264106;1020055552;15118336;1159786496;0;0;0;0;0;0;0;0;0;0;0;1523;0;0;89;0;185;0;
2296;2615265;1020055552;15118336;1159786496;0;0;0;0;0;0;0;0;0;0;0;1553;0;0;89;0;185;0;
2297;1647549;1020055552;15118336;1159786496;0;0;0;0;0;0;0;0;0;0;0;1422;0;0;89;0;185;0;
2298;2521328;1020055552;15118336;1159786496;0;0;0;0;0;0;0;0;0;0;0;1583;0;0;89;0;185;0;
2299;1804664;1020055552;15118336;1159786496;0;0;0;0;0;0;0;0;0;0;0;1954;0;0;89;0;185;0;
2300;2509085;1020055552;15118336;1159786496;0;0;0;0;0;0;0;0;0;0;0;1813;0;0;89;0;185;0;
2301;2041118;1020055552;15118336;1159786496;0;0;0;0;0;0;0;0;0;0;0;1583;0;0;89;0;185;0;
2302;1970796;1020055552;15118336;1159786496;0;0;0;0;0;0;0;0;0;0;0;1493;0;0;89;0;185;0;
2303;1984401;1020055552;15118336;1159786496;0;0;0;0;0;0;0;0;0;0;0;1292;0;0;89;0;185;0;
2304;2460364;1020055552;15118336;1159786496;0;0;0;0;0;0;0;0;0;0;0;1473;0;0;89;0;185;0;
2305;1948083;1020055552;15118336;1159786496;0;0;0;0;0;0;0;0;0;0;0;1493;0;0;89;0;185;0;
2306;2013807;1020055552;15118336;1159786496;0;0;0;0;0;0;0;0;0;0;0;1573;0;0;89;0;185;0;
2307;2120006;1020055552;15118336;1159786496;0;0;0;0;0;0;0;0;0;0;0;1673;0;0;89;0;185;0;
2308;3325056;1020055552;15118336;1159786496;0;0;0;0;0;0;0;0;0;0;0;1653;0;0;89;0;185;0;
2309;2264267;1020055552;15118336;1159786496;0;0;0;0;0;0;0;0;0;0;0;1763;0;0;89;0;185;0;
2310;2635242;1020055552;15118336;1159786496;0;0;0;0;0;0;0;0;0;0;0;1513;0;0;89;0;185;0;
2311;2115277;1020055552;15118336;1159786496;0;0;0;0;0;0;0;0;0;0;0;1773;0;0;89;0;185;0;
2312;2272743;1020055552;15118336;1159786496;0;0;0;0;0;0;0;0;0;0;0;1583;0;0;89;0;185;0;
2313;5608948;1020055552;15118336;1159786496;0;0;0;0;0;0;0;0;0;0;0;1553;0;0;89;0;185;0;
2314;4310023;1020055552;15118336;1159786496;0;0;0;0;0;0;0;0;0;0;0;3266;0;0;89;0;185;0;
2315;3615881;1020055552;15118336;1159786496;0;0;0;0;0;0;0;0;0;0;0;2645;0;0;89;0;185;0;
2316;2181101;1020055552;15118336;1159786496;0;0;0;0;0;0;0;0;0;0;0;1583;0;0;89;0;185;0;
2317;2103826;1020055552;15118336;1159786496;0;0;0;0;0;0;0;0;0;0;0;1442;0;0;89;0;185;0;
2318;2010500;1020055552;15118336;1159786496;0;0;0;0;0;0;0;0;0;0;0;1523;0;0;89;0;185;0;
2319;3203378;1020055552;15118336;1159786496;0;0;0;0;0;0;0;0;0;0;0;2174;0;0;89;0;185;0;
2320;3439611;1020055552;15118336;1159786496;0;0;0;0;0;0;0;0;0;0;0;2284;0;0;89;0;185;0;
2321;3798313;1020055552;15118336;1159786496;0;0;0;0;0;0;0;0;0;0;0;2034;0;0;89;0;185;0;
2322;2613431;1020055552;15118336;1159786496;0;0;0;0;0;0;0;0;0;0;0;1763;0;0;89;0;185;0;
2323;2205185;1020055552;15118336;1159786496;0;0;0;0;0;0;0;0;0;0;0;2034;0;0;89;0;185;0;
2324;3645416;1020055552;15118336;1159786496;0;0;0;0;0;0;0;0;0;0;0;1874;0;0;89;0;185;0;
2325;3557101;1020055552;15118336;1159786496;0;0;0;0;0;0;0;0;0;0;0;2665;0;0;89;0;185;0;
2326;2906210;1020055552;15118336;1159786496;0;0;0;0;0;0;0;0;0;0;0;1613;0;0;89;0;185;0;
2327;2493786;1020055552;15118336;1159786496;0;0;0;0;0;0;0;0;0;0;0;1413;0;0;89;0;185;0;
2328;2228289;1020055552;15118336;1159786496;0;0;0;0;0;0;0;0;0;0;0;1613;0;0;89;0;185;0;
2329;2694774;1020055552;15118336;1159786496;0;0;0;0;0;0;0;0;0;0;0;1413;0;0;89;0;185;0;
2330;2998543;1020055552;15118336;1159786496;0;0;0;0;0;0;0;0;0;0;0;2234;0;0;89;0;185;0;
2331;2066876;1020055552;15118336;1159786496;0;0;0;0;0;0;0;0;0;0;0;2033;0;0;89;0;185;0;
2332;2195357;1020055552;15118336;1159786496;0;0;0;0;0;0;0;0;0;0;0;1503;0;0;89;0;185;0;
2333;2254017;1020055552;15118336;1159786496;0;0;0;0;0;0;0;0;0;0;0;1633;0;0;89;0;185;0;
2334;2844174;1020055552;15118336;1159786496;0;0;0;0;0;0;0;0;0;0;0;2044;0;0;89;0;185;0;
2335;2733456;1020055552;15118336;1159786496;0;0;0;0;0;0;0;0;0;0;0;1933;0;0;89;0;185;0;
2336;1672356;1020055552;15118336;1159786496;0;0;0;0;0;0;0;0;0;0;0;1463;0;0;89;0;185;0;
2337;2003216;1020055552;15118336;1159786496;0;0;0;0;0;0;0;0;0;0;0;1813;0;0;89;0;185;0;
2338;1188138;1020055552;15118336;1159786496;0;0;0;0;0;0;0;0;0;0;0;1543;0;0;89;0;185;0;
2339;2220905;1020055552;15118336;1159786496;0;0;0;0;0;0;0;0;0;0;0;1774;0;0;89;0;185;0;
2340;1610260;1020055552;15118336;1159786496;0;0;0;0;0;0;0;0;0;0;0;1513;0;0;89;0;185;0;
2341;2733937;1020055552;15118336;1159786496;0;0;0;0;0;0;0;0;0;0;0;1433;0;0;89;0;185;0;
2342;1674961;1020055552;15118336;1159786496;0;0;0;0;0;0;0;0;0;0;0;1482;0;0;89;0;185;0;
2343;2242576;1020055552;15118336;1159786496;0;0;0;0;0;0;0;0;0;0;0;1423;0;0;89;0;185;0;
2344;7464269;1020055552;15118336;1159786496;0;0;0;0;0;0;0;0;0;0;0;2024;0;0;89;0;185;0;
2345;3599961;1020055552;15118336;1159786496;0;0;0;0;0;0;0;0;0;0;0;2665;0;0;89;0;185;0;
2346;4219914;1020055552;15118336;1159786496;0;0;0;0;0;0;0;0;0;0;0;2305;0;0;89;0;185;0;
2347;2286478;1020055552;15118336;1159786496;0;0;0;0;0;0;0;0;0;0;0;1603;0;0;89;0;185;0;
2348;2319921;1020055552;15118336;1159786496;0;0;0;0;0;0;0;0;0;0;0;1303;0;0;89;0;185;0;
2349;2845326;1020055552;15118336;1159786496;0;0;0;0;0;0;0;0;0;0;0;1733;0;0;89;0;185;0;
2350;2721754;1020055552;15118336;1159786496;0;0;0;0;0;0;0;0;0;0;0;2294;0;0;89;0;185;0;
2351;2118823;1020055552;15118336;1159786496;0;0;0;0;0;0;0;0;0;0;0;1263;0;0;89;0;185;0;
2352;1886087;1020055552;15118336;1159786496;0;0;0;0;0;0;0;0;0;0;0;1573;0;0;89;0;185;0;
2353;1543916;1020055552;15118336;1159786496;0;0;0;0;0;0;0;0;0;0;0;1473;0;0;89;0;185;0;
2354;1913619;1020055552;15118336;1159786496;0;0;0;0;0;0;0;0;0;0;0;1212;0;0;89;0;185;0;
2355;2397496;1020055552;15118336;1159786496;0;0;0;0;0;0;0;0;0;0;0;1964;0;0;89;0;185;0;
2356;1434139;1020055552;15118336;1159786496;0;0;0;0;0;0;0;0;0;0;0;1282;0;0;89;0;185;0;
2357;1876980;1020055552;15118336;1159786496;0;0;0;0;0;0;0;0;0;0;0;1452;0;0;89;0;185;0;
2358;2022332;1020055552;15118336;1159786496;0;0;0;0;0;0;0;0;0;0;0;1503;0;0;89;0;185;0;
2359;2698000;1020055552;15118336;1159786496;0;0;0;0;0;0;0;0;0;0;0;1362;0;0;89;0;185;0;
2360;2294833;1020055552;15118336;1159786496;0;0;0;0;0;0;0;0;0;0;0;1543;0;0;89;0;185;0;
2361;2080833;1020055552;15118336;1159786496;0;0;0;0;0;0;0;0;0;0;0;1342;0;0;89;0;185;0;
2362;1915743;1020055552;15118336;1159786496;0;0;0;0;0;0;0;0;0;0;0;1413;0;0;89;0;185;0;
2363;2604795;1020055552;15118336;1159786496;0;0;0;0;0;0;0;0;0;0;0;1603;0;0;89;0;185;0;
2364;2325261;1020055552;15118336;1159786496;0;0;0;0;0;0;0;0;0;0;0;1533;0;0;89;0;185;0;
2365;1654733;1020055552;15118336;1159786496;0;0;0;0;0;0;0;0;0;0;0;1833;0;0;89;0;185;0;
2366;1364138;1020055552;15118336;1159786496;0;0;0;0;0;0;0;0;0;0;0;1513;0;0;89;0;185;0;
2367;2547627;1020055552;15118336;1159786496;0;0;0;0;0;0;0;0;0;0;0;1593;0;0;89;0;185;0;
2368;2617789;1020055552;15118336;1159786496;0;0;0;0;0;0;0;0;0;0;0;1302;0;0;89;0;185;0;
2369;2228590;1020055552;15118336;1159786496;0;0;0;0;0;0;0;0;0;0;0;1463;0;0;89;0;185;0;
2370;2517711;1020055552;15118336;1159786496;0;0;0;0;0;0;0;0;0;0;0;1583;0;0;89;0;185;0;
2371;2220544;1020055552;15118336;1159786496;0;0;0;0;0;0;0;0;0;0;0;1483;0;0;89;0;185;0;
2372;2305173;1020055552;15118336;1159786496;0;0;0;0;0;0;0;0;0;0;0;1332;0;0;89;0;185;0;
2373;2307197;1020055552;15118336;1159786496;0;0;0;0;0;0;0;0;0;0;0;1493;0;0;89;0;185;0;
2374;5832118;1020055552;15118336;1159786496;0;0;0;0;0;0;0;0;0;0;0;2254;0;0;89;0;185;0;
2375;5258011;1020055552;15118336;1159786496;0;0;0;0;0;0;0;0;0;0;0;1723;0;0;89;0;185;0;
2376;2349737;1020055552;15118336;1159786496;0;0;0;0;0;0;0;0;0;0;0;1653;0;0;89;0;185;0;
2377;2555182;1020055552;15118336;1159786496;0;0;0;0;0;0;0;0;0;0;0;1543;0;0;89;0;185;0;
2378;2019778;1020055552;15118336;1159786496;0;0;0;0;0;0;0;0;0;0;0;1693;0;0;89;0;185;0;
2379;3102568;1020223488;15114240;1159782400;0;0;0;0;0;0;0;0;0;0;0;1583;0;0;89;0;185;0;
2380;2254618;1020223488;15114240;1159782400;0;0;0;0;0;0;0;0;0;0;0;1844;0;0;89;0;185;0;
2381;2654267;1020223488;15114240;1159782400;0;0;0;0;0;0;0;0;0;0;0;1843;0;0;89;0;185;0;
2382;2420389;1020223488;15114240;1159782400;0;0;0;0;0;0;0;0;0;0;0;1352;0;0;89;0;185;0;
2383;2490030;1020223488;15114240;1159782400;0;0;0;0;0;0;0;0;0;0;0;1583;0;0;89;0;185;0;
2384;3496047;1020223488;15114240;1159782400;0;0;0;0;0;0;0;0;0;0;0;1843;0;0;89;0;185;0;
2385;2492254;1020223488;15114240;1159782400;0;0;0;0;0;0;0;0;0;0;0;1713;0;0;89;0;185;0;
2386;2241374;1020223488;15114240;1159782400;0;0;0;0;0;0;0;0;0;0;0;1422;0;0;89;0;185;0;
2387;2011022;1020223488;15114240;1159782400;0;0;0;0;0;0;0;0;0;0;0;1573;0;0;89;0;185;0;
2388;1678488;1020223488;15114240;1159782400;0;0;0;0;0;0;0;0;0;0;0;1794;0;0;89;0;185;0;
2389;1495745;1020223488;15114240;1159782400;0;0;0;0;0;0;0;0;0;0;0;1603;0;0;89;0;185;0;
2390;1805696;1020223488;15114240;1159782400;0;0;0;0;0;0;0;0;0;0;0;1542;0;0;89;0;185;0;
2391;2365056;1020223488;15114240;1159782400;0;0;0;0;0;0;0;0;0;0;0;1663;0;0;89;0;185;0;
2392;2554160;1020223488;15114240;1159782400;0;0;0;0;0;0;0;0;0;0;0;1623;0;0;89;0;185;0;
2393;2259638;1020223488;15114240;1159782400;0;0;0;0;0;0;0;0;0;0;0;1563;0;0;89;0;185;0;
2394;1266996;1020223488;15114240;1159782400;0;0;0;0;0;0;0;0;0;0;0;1573;0;0;89;0;185;0;
2395;2158718;1020223488;15114240;1159782400;0;0;0;0;0;0;0;0;0;0;0;1422;0;0;89;0;185;0;
2396;2135435;1020223488;15114240;1159782400;0;0;0;0;0;0;0;0;0;0;0;1854;0;0;89;0;185;0;
2397;2902824;1020223488;15114240;1159782400;0;0;0;0;0;0;0;0;0;0;0;1994;0;0;89;0;185;0;
2398;2867167;1020223488;15114240;1159782400;0;0;0;0;0;0;0;0;0;0;0;1282;0;0;89;0;185;0;
2399;2297218;1020223488;15114240;1159782400;0;0;0;0;0;0;0;0;0;0;0;1553;0;0;89;0;185;0;
2400;1851051;1020223488;15114240;1159782400;0;0;0;0;0;0;0;0;0;0;0;1563;0;0;89;0;185;0;
2401;2331052;1020223488;15114240;1159782400;0;0;0;0;0;0;0;0;0;0;0;1984;0;0;89;0;185;0;
2402;5830474;1020223488;15114240;1159782400;0;0;0;0;0;0;0;0;0;0;0;1563;0;0;89;0;185;0;
2403;2717136;1020223488;15122432;1159790592;0;0;0;0;0;0;0;0;0;0;0;3056;0;0;89;0;185;0;
2404;2042460;1020223488;15122432;1159790592;0;0;0;0;0;0;0;0;0;0;0;1824;0;0;89;0;185;0;
2405;1334403;1020223488;15122432;1159790592;0;0;0;0;0;0;0;0;0;0;0;1493;0;0;89;0;185;0;
2406;1755342;1020223488;15122432;1159790592;0;0;0;0;0;0;0;0;0;0;0;1413;0;0;89;0;185;0;
2407;1936902;1020223488;15122432;1159790592;0;0;0;0;0;0;0;0;0;0;0;1512;0;0;89;0;185;0;
2408;2334068;1020223488;15122432;1159790592;0;0;0;0;0;0;0;0;0;0;0;1292;0;0;89;0;185;0;
2409;1714426;1020223488;15122432;1159790592;0;0;0;0;0;0;0;0;0;0;0;1543;0;0;89;0;185;0;
2410;1802691;1020223488;15122432;1159790592;0;0;0;0;0;0;0;0;0;0;0;1633;0;0;89;0;185;0;
2411;2070904;1020223488;15122432;1159790592;0;0;0;0;0;0;0;0;0;0;0;50073;0;0;89;0;185;0;
2412;1552902;1020223488;15122432;1159790592;0;0;0;0;0;0;0;0;0;0;0;1854;0;0;89;0;185;0;
2413;2100249;1020223488;15122432;1159790592;0;0;0;0;0;0;0;0;0;0;0;1453;0;0;89;0;185;0;
2414;2602100;1020223488;15122432;1159790592;0;0;0;0;0;0;0;0;0;0;0;1653;0;0;89;0;185;0;
2415;1770621;1020223488;15122432;1159790592;0;0;0;0;0;0;0;0;0;0;0;1483;0;0;89;0;185;0;
2416;1675252;1020223488;15122432;1159790592;0;0;0;0;0;0;0;0;0;0;0;1493;0;0;89;0;185;0;
2417;1827026;1020223488;15122432;1159790592;0;0;0;0;0;0;0;0;0;0;0;1513;0;0;89;0;185;0;
2418;1482520;1020223488;15122432;1159790592;0;0;0;0;0;0;0;0;0;0;0;1473;0;0;89;0;185;0;
2419;3003202;1020223488;15122432;1159790592;0;0;0;0;0;0;0;0;0;0;0;1613;0;0;89;0;185;0;
2420;1882831;1020223488;15122432;1159790592;0;0;0;0;0;0;0;0;0;0;0;1893;0;0;89;0;185;0;
2421;1507788;1020223488;15122432;1159790592;0;0;0;0;0;0;0;0;0;0;0;1483;0;0;89;0;185;0;
2422;2145333;1020223488;15122432;1159790592;0;0;0;0;0;0;0;0;0;0;0;1583;0;0;89;0;185;0;
2423;1897859;1020223488;15122432;1159790592;0;0;0;0;0;0;0;0;0;0;0;1683;0;0;89;0;185;0;
2424;2526448;1020223488;15122432;1159790592;0;0;0;0;0;0;0;0;0;0;0;1513;0;0;89;0;185;0;
2425;2205366;1020223488;15122432;1159790592;0;0;0;0;0;0;0;0;0;0;0;2104;0;0;89;0;185;0;
2426;1554466;1020223488;15122432;1159790592;0;0;0;0;0;0;0;0;0;0;0;1333;0;0;89;0;185;0;
2427;2408878;1020223488;15122432;1159790592;0;0;0;0;0;0;0;0;0;0;0;1654;0;0;89;0;185;0;
2428;1764088;1020223488;15122432;1159790592;0;0;0;0;0;0;0;0;0;0;0;1423;0;0;89;0;185;0;
2429;5219158;1020223488;15122432;1159790592;0;0;0;0;0;0;0;0;0;0;0;2324;0;0;89;0;185;0;
2430;2826951;1020223488;15122432;1159790592;0;0;0;0;0;0;0;0;0;0;0;1733;0;0;89;0;185;0;
2431;2414999;1020223488;15122432;1159790592;0;0;0;0;0;0;0;0;0;0;0;1784;0;0;89;0;185;0;
2432;1303655;1020223488;15122432;1159790592;0;0;0;0;0;0;0;0;0;0;0;1543;0;0;89;0;185;0;
2433;1784035;1020223488;15122432;1159790592;0;0;0;0;0;0;0;0;0;0;0;1583;0;0;89;0;185;0;
2434;2178215;1020227584;15118336;1159786496;0;0;0;0;0;0;0;0;0;0;0;1453;0;0;89;0;185;0;
2435;1244975;1020227584;15118336;1159786496;0;0;0;0;0;0;0;0;0;0;0;1422;0;0;89;0;185;0;
2436;1633513;1020227584;15118336;1159786496;0;0;0;0;0;0;0;0;0;0;0;1433;0;0;89;0;185;0;
2437;1556118;1020227584;15118336;1159786496;0;0;0;0;0;0;0;0;0;0;0;1553;0;0;89;0;185;0;
2438;2186921;1020227584;15118336;1159786496;0;0;0;0;0;0;0;0;0;0;0;1613;0;0;89;0;185;0;
2439;2258887;1020227584;15118336;1159786496;0;0;0;0;0;0;0;0;0;0;0;1974;0;0;89;0;185;0;
2440;2012634;1020227584;15118336;1159786496;0;0;0;0;0;0;0;0;0;0;0;1573;0;0;89;0;185;0;
2441;2296046;1020227584;15118336;1159786496;0;0;0;0;0;0;0;0;0;0;0;1203;0;0;89;0;185;0;
2442;2931878;1020227584;15118336;1159786496;0;0;0;0;0;0;0;0;0;0;0;1583;0;0;89;0;185;0;
2443;2861156;1020227584;15118336;1159786496;0;0;0;0;0;0;0;0;0;0;0;1543;0;0;89;0;185;0;
2444;2286197;1020227584;15118336;1159786496;0;0;0;0;0;0;0;0;0;0;0;1233;0;0;89;0;185;0;
2445;1824863;1020227584;15118336;1159786496;0;0;0;0;0;0;0;0;0;0;0;1533;0;0;89;0;185;0;
2446;2992753;1020227584;15118336;1159786496;0;0;0;0;0;0;0;0;0;0;0;1413;0;0;89;0;185;0;
2447;1727700;1020227584;15118336;1159786496;0;0;0;0;0;0;0;0;0;0;0;1483;0;0;89;0;185;0;
2448;2193513;1020227584;15118336;1159786496;0;0;0;0;0;0;0;0;0;0;0;1633;0;0;89;0;185;0;
2449;2597021;1020227584;15118336;1159786496;0;0;0;0;0;0;0;0;0;0;0;1212;0;0;89;0;185;0;
2450;5175736;1020227584;15118336;1159786496;0;0;0;0;0;0;0;0;0;0;0;1192;0;0;89;0;185;0;
2451;1774147;1020227584;15122432;1159790592;0;0;0;0;0;0;0;0;0;0;0;1674;0;0;89;0;185;0;
2452;2143951;1020227584;15122432;1159790592;0;0;0;0;0;0;0;0;0;0;0;1543;0;0;89;0;185;0;
2453;1830022;1020227584;15122432;1159790592;0;0;0;0;0;0;0;0;0;0;0;1433;0;0;89;0;185;0;
2454;1929899;1020227584;15122432;1159790592;0;0;0;0;0;0;0;0;0;0;0;1532;0;0;89;0;185;0;
2455;1617674;1020227584;15122432;1159790592;0;0;0;0;0;0;0;0;0;0;0;1453;0;0;89;0;185;0;
2456;1990423;1020227584;15122432;1159790592;0;0;0;0;0;0;0;0;0;0;0;1453;0;0;89;0;185;0;
2457;2119134;1020227584;15122432;1159790592;0;0;0;0;0;0;0;0;0;0;0;1473;0;0;89;0;185;0;
2458;1240035;1020227584;15122432;1159790592;0;0;0;0;0;0;0;0;0;0;0;1413;0;0;89;0;185;0;
2459;2626686;1020227584;15122432;1159790592;0;0;0;0;0;0;0;0;0;0;0;1664;0;0;89;0;185;0;
2460;2580229;1020227584;15122432;1159790592;0;0;0;0;0;0;0;0;0;0;0;1663;0;0;89;0;185;0;
2461;2226906;1020227584;15122432;1159790592;0;0;0;0;0;0;0;0;0;0;0;1553;0;0;89;0;185;0;
2462;2609865;1020497920;15122432;1159790592;0;0;0;0;0;0;0;0;0;0;0;1553;0;0;89;0;185;0;
2463;1917516;1020497920;15122432;1159790592;0;0;0;0;0;0;0;0;0;0;0;1463;0;0;89;0;185;0;
2464;2314110;1020497920;15122432;1159790592;0;0;0;0;0;0;0;0;0;0;0;1443;0;0;89;0;185;0;
2465;2622097;1020497920;15122432;1159790592;0;0;0;0;0;0;0;0;0;0;0;1764;0;0;89;0;185;0;
2466;2292099;1020497920;15122432;1159790592;0;0;0;0;0;0;0;0;0;0;0;1463;0;0;89;0;185;0;
2467;2947779;1020497920;15122432;1159790592;0;0;0;0;0;0;0;0;0;0;0;1423;0;0;89;0;185;0;
2468;2745649;1020497920;15122432;1159790592;0;0;0;0;0;0;0;0;0;0;0;2094;0;0;89;0;185;0;
2469;1617444;1020497920;15122432;1159790592;0;0;0;0;0;0;0;0;0;0;0;1583;0;0;89;0;185;0;
2470;2607299;1020497920;15122432;1159790592;0;0;0;0;0;0;0;0;0;0;0;1894;0;0;89;0;185;0;
2471;5215411;1020497920;15122432;1159790592;0;0;0;0;0;0;0;0;0;0;0;1453;0;0;89;0;185;0;
2472;3586937;1020497920;15122432;1159790592;0;0;0;0;0;0;0;0;0;0;0;2575;0;0;89;0;185;0;
2473;2373642;1020497920;15122432;1159790592;0;0;0;0;0;0;0;0;0;0;0;1773;0;0;89;0;185;0;
2474;2636655;1020497920;15122432;1159790592;0;0;0;0;0;0;0;0;0;0;0;1463;0;0;89;0;185;0;
2475;2146275;1020497920;15122432;1159790592;0;0;0;0;0;0;0;0;0;0;0;1452;0;0;89;0;185;0;
2476;2706646;1020497920;15122432;1159790592;0;0;0;0;0;0;0;0;0;0;0;1683;0;0;89;0;185;0;
2477;2017815;1020497920;15122432;1159790592;0;0;0;0;0;0;0;0;0;0;0;1943;0;0;89;0;185;0;
2478;2114927;1020497920;15122432;1159790592;0;0;0;0;0;0;0;0;0;0;0;1693;0;0;89;0;185;0;
2479;2194526;1020497920;15122432;1159790592;0;0;0;0;0;0;0;0;0;0;0;1533;0;0;89;0;185;0;
2480;2946917;1020497920;15122432;1159790592;0;0;0;0;0;0;0;0;0;0;0;1663;0;0;89;0;185;0;
2481;2192182;1020497920;15122432;1159790592;0;0;0;0;0;0;0;0;0;0;0;1432;0;0;89;0;185;0;
2482;2759826;1020497920;15122432;1159790592;0;0;0;0;0;0;0;0;0;0;0;2014;0;0;89;0;185;0;
2483;1471600;1020497920;15122432;1159790592;0;0;0;0;0;0;0;0;0;0;0;1523;0;0;89;0;185;0;
2484;3435383;1020497920;15122432;1159790592;0;0;0;0;0;0;0;0;0;0;0;1242;0;0;89;0;185;0;
2485;2378080;1020497920;15122432;1159790592;0;0;0;0;0;0;0;0;0;0;0;1744;0;0;89;0;185;0;
2486;2020650;1020497920;15122432;1159790592;0;0;0;0;0;0;0;0;0;0;0;1533;0;0;89;0;185;0;
2487;2692569;1020497920;15122432;1159790592;0;0;0;0;0;0;0;0;0;0;0;1843;0;0;89;0;185;0;
2488;2511621;1020497920;15122432;1159790592;0;0;0;0;0;0;0;0;0;0;0;1432;0;0;89;0;185;0;
2489;2024536;1020497920;15122432;1159790592;0;0;0;0;0;0;0;0;0;0;0;1443;0;0;89;0;185;0;
2490;2678684;1020497920;15122432;1159790592;0;0;0;0;0;0;0;0;0;0;0;1643;0;0;89;0;185;0;
2491;2529113;1020497920;15122432;1159790592;0;0;0;0;0;0;0;0;0;0;0;1392;0;0;89;0;185;0;
2492;5874046;1020497920;15122432;1159790592;0;0;0;0;0;0;0;0;0;0;0;1934;0;0;89;0;185;0;
2493;3967090;1020497920;15122432;1159790592;0;0;0;0;0;0;0;0;0;0;0;116368;0;0;89;0;185;0;
2494;1704606;1020497920;15122432;1159790592;0;0;0;0;0;0;0;0;0;0;0;1903;0;0;89;0;185;0;
2495;2056367;1020497920;15122432;1159790592;0;0;0;0;0;0;0;0;0;0;0;1543;0;0;89;0;185;0;
2496;1696712;1020497920;15122432;1159790592;0;0;0;0;0;0;0;0;0;0;0;1323;0;0;89;0;185;0;
2497;2323147;1020497920;15122432;1159790592;0;0;0;0;0;0;0;0;0;0;0;1653;0;0;89;0;185;0;
2498;1613085;1020497920;15122432;1159790592;0;0;0;0;0;0;0;0;0;0;0;1683;0;0;89;0;185;0;
2499;2149812;1020497920;15122432;1159790592;0;0;0;0;0;0;0;0;0;0;0;1473;0;0;89;0;185;0;
2500;1921423;1020497920;15122432;1159790592;0;0;0;0;0;0;0;0;0;0;0;1383;0;0;89;0;185;0;
2501;2413997;1020497920;15122432;1159790592;0;0;0;0;0;0;0;0;0;0;0;1663;0;0;89;0;185;0;
2502;2070202;1020497920;15122432;1159790592;0;0;0;0;0;0;0;0;0;0;0;1413;0;0;89;0;185;0;
2503;3073183;1020497920;15122432;1159790592;0;0;0;0;0;0;0;0;0;0;0;1623;0;0;89;0;185;0;
2504;1263510;1020497920;15122432;1159790592;0;0;0;0;0;0;0;0;0;0;0;1693;0;0;89;0;185;0;
2505;3218326;1020497920;15122432;1159790592;0;0;0;0;0;0;0;0;0;0;0;1713;0;0;89;0;185;0;
2506;2669046;1020497920;15122432;1159790592;0;0;0;0;0;0;0;0;0;0;0;1724;0;0;89;0;185;0;
2507;2013837;1020497920;15122432;1159790592;0;0;0;0;0;0;0;0;0;0;0;1383;0;0;89;0;185;0;
2508;2096572;1020497920;15122432;1159790592;0;0;0;0;0;0;0;0;0;0;0;1463;0;0;89;0;185;0;
2509;2809248;1020497920;15122432;1159790592;0;0;0;0;0;0;0;0;0;0;0;1713;0;0;89;0;185;0;
2510;3147442;1020497920;15122432;1159790592;0;0;0;0;0;0;0;0;0;0;0;1803;0;0;89;0;185;0;
2511;1955377;1020497920;15122432;1159790592;0;0;0;0;0;0;0;0;0;0;0;1423;0;0;89;0;185;0;
2512;2412284;1020497920;15122432;1159790592;0;0;0;0;0;0;0;0;0;0;0;1443;0;0;89;0;185;0;
2513;6792459;1020497920;15122432;1159790592;0;0;0;0;0;0;0;0;0;0;0;1563;0;0;89;0;185;0;
2514;3351095;1020497920;15122432;1159790592;0;0;0;0;0;0;0;0;0;0;0;2725;0;0;89;0;187;0;
2515;2766999;1020497920;15122432;1159790592;0;0;0;0;0;0;0;0;0;0;0;1753;0;0;89;0;187;0;
2516;2722696;1020497920;15122432;1159790592;0;0;0;0;0;0;0;0;0;0;0;1713;0;0;89;0;187;0;
2517;1882320;1020497920;15122432;1159790592;0;0;0;0;0;0;0;0;0;0;0;1483;0;0;89;0;187;0;
2518;1716229;1020497920;15122432;1159790592;0;0;0;0;0;0;0;0;0;0;0;1493;0;0;89;0;187;0;
2519;976421;1020497920;15122432;1159790592;0;0;0;0;0;0;0;0;0;0;0;1412;0;0;89;0;187;0;
2520;2736602;1020497920;15122432;1159790592;0;0;0;0;0;0;0;0;0;0;0;1443;0;0;89;0;187;0;
2521;2166403;1020497920;15122432;1159790592;0;0;0;0;0;0;0;0;0;0;0;1433;0;0;89;0;187;0;
2522;2815760;1020497920;15122432;1159790592;0;0;0;0;0;0;0;0;0;0;0;1663;0;0;89;0;187;0;
2523;1443698;1020497920;15122432;1159790592;0;0;0;0;0;0;0;0;0;0;0;1603;0;0;89;0;187;0;
2524;1737529;1020497920;15122432;1159790592;0;0;0;0;0;0;0;0;0;0;0;1462;0;0;89;0;187;0;
2525;1528977;1020497920;15122432;1159790592;0;0;0;0;0;0;0;0;0;0;0;1553;0;0;89;0;187;0;
2526;1929138;1020497920;15122432;1159790592;0;0;0;0;0;0;0;0;0;0;0;1382;0;0;89;0;187;0;
2527;3498501;1020497920;15122432;1159790592;0;0;0;0;0;0;0;0;0;0;0;1613;0;0;89;0;187;0;
2528;2400963;1020497920;15122432;1159790592;0;0;0;0;0;0;0;0;0;0;0;1573;0;0;89;0;187;0;
2529;2356459;1020497920;15122432;1159790592;0;0;0;0;0;0;0;0;0;0;0;1603;0;0;89;0;187;0;
2530;2794340;1020497920;15122432;1159790592;0;0;0;0;0;0;0;0;0;0;0;1563;0;0;89;0;187;0;
2531;2153258;1020497920;15122432;1159790592;0;0;0;0;0;0;0;0;0;0;0;1783;0;0;89;0;187;0;
2532;2221756;1020497920;15122432;1159790592;0;0;0;0;0;0;0;0;0;0;0;1472;0;0;89;0;187;0;
2533;1698766;1020497920;15122432;1159790592;0;0;0;0;0;0;0;0;0;0;0;180448;0;0;89;0;187;0;
2534;5387354;1020497920;15122432;1159790592;0;0;0;0;0;0;0;0;0;0;0;1493;0;0;89;0;187;0;
2535;3586556;1020497920;15122432;1159790592;0;0;0;0;0;0;0;0;0;0;0;2034;0;0;89;0;187;0;
2536;2844585;1020497920;15122432;1159790592;0;0;0;0;0;0;0;0;0;0;0;1633;0;0;89;0;187;0;
2537;2747122;1020497920;15122432;1159790592;0;0;0;0;0;0;0;0;0;0;0;1884;0;0;89;0;187;0;
2538;1859508;1020497920;15122432;1159790592;0;0;0;0;0;0;0;0;0;0;0;1904;0;0;89;0;187;0;
2539;3436344;1020497920;15122432;1159790592;0;0;0;0;0;0;0;0;0;0;0;1533;0;0;89;0;187;0;
2540;1931993;1020497920;15122432;1159790592;0;0;0;0;0;0;0;0;0;0;0;1693;0;0;89;0;187;0;
2541;1291492;1020497920;15122432;1159790592;0;0;0;0;0;0;0;0;0;0;0;1452;0;0;89;0;187;0;
2542;2702247;1020497920;15122432;1159790592;0;0;0;0;0;0;0;0;0;0;0;1713;0;0;89;0;187;0;
2543;3170306;1017380864;11948032;1156616192;0;0;0;0;0;0;0;0;0;0;0;1683;0;0;89;0;187;0;
2544;2342213;1017380864;11948032;1156616192;0;0;0;0;0;0;0;0;0;0;0;1723;0;0;89;0;187;0;
2545;2667863;1017380864;11948032;1156616192;0;0;0;0;0;0;0;0;0;0;0;1583;0;0;89;0;187;0;
2546;2197571;1017380864;11948032;1156616192;0;0;0;0;0;0;0;0;0;0;0;1532;0;0;89;0;187;0;
2547;2664277;1017380864;11948032;1156616192;0;0;0;0;0;0;0;0;0;0;0;1694;0;0;89;0;187;0;
2548;1230398;1017380864;11948032;1156616192;0;0;0;0;0;0;0;0;0;0;0;1302;0;0;89;0;187;0;
2549;2210615;1017380864;11948032;1156616192;0;0;0;0;0;0;0;0;0;0;0;1974;0;0;89;0;187;0;
2550;1731417;1017380864;11948032;1156616192;0;0;0;0;0;0;0;0;0;0;0;1422;0;0;89;0;187;0;
2551;3008813;1017380864;11948032;1156616192;0;0;0;0;0;0;0;0;0;0;0;1463;0;0;89;0;187;0;
2552;1840331;1017380864;11948032;1156616192;0;0;0;0;0;0;0;0;0;0;0;1623;0;0;89;0;187;0;
2553;1365671;1017380864;11948032;1156616192;0;0;0;0;0;0;0;0;0;0;0;1453;0;0;89;0;187;0;
2554;2918162;1017380864;11948032;1156616192;0;0;0;0;0;0;0;0;0;0;0;1613;0;0;89;0;187;0;
2555;6100010;1017647104;15122432;1159790592;0;0;0;0;0;0;0;0;0;0;0;1513;0;0;89;0;187;0;
2556;3063455;1018187776;15122432;1159790592;0;0;0;0;0;0;0;0;0;0;0;1974;0;0;89;0;187;0;
2557;2653887;1018187776;15122432;1159790592;0;0;0;0;0;0;0;0;0;0;0;1934;0;0;89;0;187;0;
2558;2736171;1018187776;15122432;1159790592;0;0;0;0;0;0;0;0;0;0;0;1383;0;0;89;0;187;0;
2559;1615249;1018187776;15122432;1159790592;0;0;0;0;0;0;0;0;0;0;0;1533;0;0;89;0;187;0;
2560;1744813;1018187776;15122432;1159790592;0;0;0;0;0;0;0;0;0;0;0;1483;0;0;89;0;187;0;
2561;1159545;1018187776;15122432;1159790592;0;0;0;0;0;0;0;0;0;0;0;1453;0;0;89;0;187;0;
2562;1207344;1018187776;15122432;1159790592;0;0;0;0;0;0;0;0;0;0;0;1422;0;0;89;0;187;0;
2563;1070297;1018187776;15122432;1159790592;0;0;0;0;0;0;0;0;0;0;0;1353;0;0;89;0;187;0;
2564;2215836;1018458112;15122432;1159790592;0;0;0;0;0;0;0;0;0;0;0;1493;0;0;89;0;187;0;
2565;3262558;1018458112;15122432;1159790592;0;0;0;0;0;0;0;0;0;0;0;1754;0;0;89;0;187;0;
2566;2066716;1018458112;15122432;1159790592;0;0;0;0;0;0;0;0;0;0;0;2585;0;0;89;0;188;0;
2567;1670463;1018458112;15122432;1159790592;0;0;0;0;0;0;0;0;0;0;0;1463;0;0;89;0;188;0;
2568;1811838;1018998784;15122432;1159790592;0;0;0;0;0;0;0;0;0;0;0;1572;0;0;89;0;188;0;
2569;1894994;1018998784;15122432;1159790592;0;0;0;0;0;0;0;0;0;0;0;1663;0;0;89;0;188;0;
2570;1489323;1018998784;15122432;1159790592;0;0;0;0;0;0;0;0;0;0;0;1543;0;0;89;0;188;0;
2571;1963983;1019539456;15122432;1159790592;0;0;0;0;0;0;0;0;0;0;0;1433;0;0;89;0;188;0;
2572;2219302;1019809792;15122432;1159790592;0;0;0;0;0;0;0;0;0;0;0;1232;0;0;89;0;188;0;
2573;1800407;1019809792;15122432;1159790592;0;0;0;0;0;0;0;0;0;0;0;1703;0;0;89;0;188;0;
2574;2051126;1020350464;15122432;1159790592;0;0;0;0;0;0;0;0;0;0;0;1603;0;0;89;0;188;0;
2575;1774288;1020350464;15122432;1159790592;0;0;0;0;0;0;0;0;0;0;0;1383;0;0;89;0;188;0;
2576;4934283;1020350464;15122432;1159790592;0;0;0;0;0;0;0;0;0;0;0;1332;0;0;89;0;188;0;
2577;2490450;1020350464;15122432;1159790592;0;0;0;0;0;0;0;0;0;0;0;2054;0;0;89;0;188;0;
2578;1514921;1020350464;15122432;1159790592;0;0;0;0;0;0;0;0;0;0;0;1513;0;0;89;0;188;0;
2579;2030468;1020350464;15122432;1159790592;0;0;0;0;0;0;0;0;0;0;0;1593;0;0;89;0;188;0;
2580;2314460;1020350464;15122432;1159790592;0;0;0;0;0;0;0;0;0;0;0;1443;0;0;89;0;188;0;
2581;2427603;1020350464;15122432;1159790592;0;0;0;0;0;0;0;0;0;0;0;1573;0;0;89;0;188;0;
2582;1934969;1020350464;15122432;1159790592;0;0;0;0;0;0;0;0;0;0;0;1964;0;0;89;0;188;0;
2583;1851212;1020350464;15122432;1159790592;0;0;0;0;0;0;0;0;0;0;0;1422;0;0;89;0;188;0;
2584;2535996;1020350464;15122432;1159790592;0;0;0;0;0;0;0;0;0;0;0;1804;0;0;89;0;188;0;
2585;2657725;1020350464;15122432;1159790592;0;0;0;0;0;0;0;0;0;0;0;1673;0;0;89;0;188;0;
2586;1291492;1020350464;15122432;1159790592;0;0;0;0;0;0;0;0;0;0;0;1333;0;0;89;0;188;0;
2587;2719139;1020350464;15122432;1159790592;0;0;0;0;0;0;0;0;0;0;0;1493;0;0;89;0;188;0;
2588;2115607;1020350464;15122432;1159790592;0;0;0;0;0;0;0;0;0;0;0;1593;0;0;89;0;188;0;
2589;2854273;1020350464;15122432;1159790592;0;0;0;0;0;0;0;0;0;0;0;1412;0;0;89;0;188;0;
2590;2179497;1020350464;15122432;1159790592;0;0;0;0;0;0;0;0;0;0;0;1613;0;0;89;0;188;0;
2591;1882290;1020350464;15122432;1159790592;0;0;0;0;0;0;0;0;0;0;0;1473;0;0;89;0;188;0;
2592;1410786;1020350464;15122432;1159790592;0;0;0;0;0;0;0;0;0;0;0;1212;0;0;89;0;188;0;
2593;3409384;1020350464;15122432;1159790592;0;0;0;0;0;0;0;0;0;0;0;1683;0;0;89;0;188;0;
2594;3667047;1020350464;15122432;1159790592;0;0;0;0;0;0;0;0;0;0;0;2154;0;0;89;0;188;0;
2595;2193273;1020350464;15122432;1159790592;0;0;0;0;0;0;0;0;0;0;0;1623;0;0;89;0;188;0;
2596;3313384;1020350464;15122432;1159790592;0;0;0;0;0;0;0;0;0;0;0;1553;0;0;89;0;188;0;
2597;6697892;1020350464;15122432;1159790592;0;0;0;0;0;0;0;0;0;0;0;1873;0;0;89;0;188;0;
2598;3252159;1020350464;15122432;1159790592;0;0;0;0;0;0;0;0;0;0;0;3306;0;0;89;0;188;0;
2599;2609344;1020350464;15122432;1159790592;0;0;0;0;0;0;0;0;0;0;0;3105;0;0;89;0;188;0;
2600;2433564;1020350464;15122432;1159790592;0;0;0;0;0;0;0;0;0;0;0;1503;0;0;89;0;188;0;
2601;2344958;1020350464;15122432;1159790592;0;0;0;0;0;0;0;0;0;0;0;1693;0;0;89;0;188;0;
2602;2486995;1020350464;15122432;1159790592;0;0;0;0;0;0;0;0;0;0;0;2124;0;0;89;0;188;0;
2603;2367269;1020350464;15122432;1159790592;0;0;0;0;0;0;0;0;0;0;0;1893;0;0;89;0;188;0;
2604;2225073;1020350464;15122432;1159790592;0;0;0;0;0;0;0;0;0;0;0;1483;0;0;89;0;188;0;
2605;2767440;1020350464;15122432;1159790592;0;0;0;0;0;0;0;0;0;0;0;1553;0;0;89;0;188;0;
2606;2954060;1020350464;15122432;1159790592;0;0;0;0;0;0;0;0;0;0;0;1683;0;0;89;0;188;0;
2607;2241543;1020350464;15122432;1159790592;0;0;0;0;0;0;0;0;0;0;0;1973;0;0;89;0;188;0;
2608;1884895;1020350464;15122432;1159790592;0;0;0;0;0;0;0;0;0;0;0;1583;0;0;89;0;188;0;
2609;2144382;1020350464;15122432;1159790592;0;0;0;0;0;0;0;0;0;0;0;1573;0;0;89;0;188;0;
2610;2169579;1020350464;15122432;1159790592;0;0;0;0;0;0;0;0;0;0;0;1583;0;0;89;0;188;0;
2611;3001098;1020350464;15122432;1159790592;0;0;0;0;0;0;0;0;0;0;0;2455;0;0;89;0;189;0;
2612;2051838;1020350464;15122432;1159790592;0;0;0;0;0;0;0;0;0;0;0;1623;0;0;89;0;189;0;
2613;2580689;1020350464;15122432;1159790592;0;0;0;0;0;0;0;0;0;0;0;1753;0;0;89;0;189;0;
2614;2893587;1020350464;15122432;1159790592;0;0;0;0;0;0;0;0;0;0;0;1623;0;0;89;0;189;0;
2615;2332755;1020350464;15122432;1159790592;0;0;0;0;0;0;0;0;0;0;0;1623;0;0;89;0;189;0;
2616;1976908;1020350464;15122432;1159790592;0;0;0;0;0;0;0;0;0;0;0;1623;0;0;89;0;189;0;
2617;1406768;1020350464;15122432;1159790592;0;0;0;0;0;0;0;0;0;0;0;1924;0;0;89;0;189;0;
2618;5282958;1020350464;15122432;1159790592;0;0;0;0;0;0;0;0;0;0;0;1363;0;0;89;0;189;0;
2619;3112647;1020350464;15122432;1159790592;0;0;0;0;0;0;0;0;0;0;0;383109;0;0;89;0;189;0;
2620;1429130;1020350464;15122432;1159790592;0;0;0;0;0;0;0;0;0;0;0;1503;0;0;89;0;189;0;
2621;2501291;1020350464;15122432;1159790592;0;0;0;0;0;0;0;0;0;0;0;1543;0;0;89;0;189;0;
2622;1836484;1020350464;15122432;1159790592;0;0;0;0;0;0;0;0;0;0;0;1423;0;0;89;0;189;0;
2623;2268173;1020350464;15122432;1159790592;0;0;0;0;0;0;0;0;0;0;0;1873;0;0;89;0;189;0;
2624;2741772;1020350464;15122432;1159790592;0;0;0;0;0;0;0;0;0;0;0;1683;0;0;89;0;189;0;
2625;3064437;1020350464;15122432;1159790592;0;0;0;0;0;0;0;0;0;0;0;1864;0;0;89;0;189;0;
2626;2714180;1020526592;15118336;1159786496;0;0;0;0;0;0;0;0;0;0;0;1643;0;0;89;0;189;0;
2627;3447536;1020526592;15118336;1159786496;0;0;0;0;0;0;0;0;0;0;0;2003;0;0;89;0;189;0;
2628;3252290;1020526592;15118336;1159786496;0;0;0;0;0;0;0;0;0;0;0;1994;0;0;89;0;189;0;
2629;2223370;1020526592;15118336;1159786496;0;0;0;0;0;0;0;0;0;0;0;1473;0;0;89;0;189;0;
2630;2668314;1020526592;15118336;1159786496;0;0;0;0;0;0;0;0;0;0;0;1634;0;0;89;0;189;0;
2631;2765376;1020526592;15118336;1159786496;0;0;0;0;0;0;0;0;0;0;0;1973;0;0;89;0;189;0;
2632;3951281;1020526592;15118336;1159786496;0;0;0;0;0;0;0;0;0;0;0;2404;0;0;89;0;189;0;
2633;2197541;1020526592;15118336;1159786496;0;0;0;0;0;0;0;0;0;0;0;1453;0;0;89;0;189;0;
2634;1866120;1020526592;15118336;1159786496;0;0;0;0;0;0;0;0;0;0;0;1533;0;0;89;0;189;0;
2635;3472272;1020526592;15118336;1159786496;0;0;0;0;0;0;0;0;0;0;0;2505;0;0;89;0;189;0;
2636;2176311;1020526592;15118336;1159786496;0;0;0;0;0;0;0;0;0;0;0;1814;0;0;89;0;189;0;
2637;2250010;1020526592;15118336;1159786496;0;0;0;0;0;0;0;0;0;0;0;1643;0;0;89;0;189;0;
2638;7267359;1020526592;15118336;1159786496;0;0;0;0;0;0;0;0;0;0;0;1863;0;0;89;0;189;0;
2639;4153409;1020526592;15122432;1159790592;0;0;0;0;0;0;0;0;0;0;0;2385;0;0;89;0;189;0;
2640;2772049;1020526592;15122432;1159790592;0;0;0;0;0;0;0;0;0;0;0;2364;0;0;89;0;189;0;
2641;3238103;1020526592;15122432;1159790592;0;0;0;0;0;0;0;0;0;0;0;2114;0;0;89;0;189;0;
2642;2000732;1020526592;15122432;1159790592;0;0;0;0;0;0;0;0;0;0;0;1804;0;0;89;0;189;0;
2643;3605772;1020526592;15122432;1159790592;0;0;0;0;0;0;0;0;0;0;0;1903;0;0;89;0;189;0;
2644;2109967;1020526592;15122432;1159790592;0;0;0;0;0;0;0;0;0;0;0;2044;0;0;89;0;189;0;
2645;2395833;1020526592;15122432;1159790592;0;0;0;0;0;0;0;0;0;0;0;1573;0;0;89;0;189;0;
2646;2686218;1020526592;15122432;1159790592;0;0;0;0;0;0;0;0;0;0;0;1473;0;0;89;0;189;0;
2647;4348375;1017405440;11948032;1156616192;0;0;0;0;0;0;0;0;0;0;0;1763;0;0;89;0;189;0;
2648;2495510;1017405440;11948032;1156616192;0;0;0;0;0;0;0;0;0;0;0;2053;0;0;89;0;189;0;
2649;2893466;1017405440;11948032;1156616192;0;0;0;0;0;0;0;0;0;0;0;2174;0;0;89;0;189;0;
2650;1905173;1017405440;11948032;1156616192;0;0;0;0;0;0;0;0;0;0;0;1573;0;0;89;0;189;0;
2651;3751596;1017405440;11948032;1156616192;0;0;0;0;0;0;0;0;0;0;0;1944;0;0;89;0;189;0;
2652;2172675;1017405440;11948032;1156616192;0;0;0;0;0;0;0;0;0;0;0;1572;0;0;89;0;189;0;
2653;1943304;1017405440;11948032;1156616192;0;0;0;0;0;0;0;0;0;0;0;1623;0;0;89;0;189;0;
2654;1632712;1017405440;11948032;1156616192;0;0;0;0;0;0;0;0;0;0;0;1233;0;0;89;0;189;0;
2655;2188464;1017405440;11948032;1156616192;0;0;0;0;0;0;0;0;0;0;0;1563;0;0;89;0;189;0;
2656;1367244;1017405440;11948032;1156616192;0;0;0;0;0;0;0;0;0;0;0;1443;0;0;89;0;189;0;
2657;1914410;1017405440;11948032;1156616192;0;0;0;0;0;0;0;0;0;0;0;2294;0;0;89;0;189;0;
2658;2205145;1017405440;11948032;1156616192;0;0;0;0;0;0;0;0;0;0;0;1322;0;0;89;0;189;0;
2659;8091755;1017671680;15122432;1159790592;0;0;0;0;0;0;0;0;0;0;0;2064;0;0;89;0;189;0;
2660;3447325;1018212352;15122432;1159790592;0;0;0;0;0;0;0;0;0;0;0;3206;0;0;89;0;189;0;
2661;2107462;1018212352;15122432;1159790592;0;0;0;0;0;0;0;0;0;0;0;6723;0;0;89;0;189;0;
2662;2151705;1018212352;15122432;1159790592;0;0;0;0;0;0;0;0;0;0;0;1854;0;0;89;0;189;0;
2663;2074350;1018212352;15122432;1159790592;0;0;0;0;0;0;0;0;0;0;0;1613;0;0;89;0;189;0;
2664;3506275;1018212352;15122432;1159790592;0;0;0;0;0;0;0;0;0;0;0;1764;0;0;89;0;189;0;
2665;2400522;1018212352;15122432;1159790592;0;0;0;0;0;0;0;0;0;0;0;1703;0;0;89;0;189;0;
2666;1951960;1018212352;15122432;1159790592;0;0;0;0;0;0;0;0;0;0;0;1653;0;0;89;0;189;0;
2667;3231530;1018753024;15122432;1159790592;0;0;0;0;0;0;0;0;0;0;0;1593;0;0;89;0;189;0;
2668;3221361;1019023360;15122432;1159790592;0;0;0;0;0;0;0;0;0;0;0;1282;0;0;89;0;189;0;
2669;2446418;1019023360;15122432;1159790592;0;0;0;0;0;0;0;0;0;0;0;1853;0;0;89;0;189;0;
2670;1652269;1019023360;15122432;1159790592;0;0;0;0;0;0;0;0;0;0;0;1623;0;0;89;0;189;0;
2671;2616236;1019023360;15122432;1159790592;0;0;0;0;0;0;0;0;0;0;0;1573;0;0;89;0;189;0;
2672;4733056;1019564032;15122432;1159790592;0;0;0;0;0;0;0;0;0;0;0;2806;0;0;89;0;189;0;
2673;3192587;1019830272;15122432;1159790592;0;0;0;0;0;0;0;0;0;0;0;2926;0;0;89;0;190;0;
2674;2011873;1019830272;15122432;1159790592;0;0;0;0;0;0;0;0;0;0;0;1603;0;0;89;0;190;0;
2675;2941155;1020370944;15122432;1159790592;0;0;0;0;0;0;0;0;0;0;0;1874;0;0;89;0;190;0;
2676;3322581;1020370944;15122432;1159790592;0;0;0;0;0;0;0;0;0;0;0;1593;0;0;89;0;190;0;
2677;2637807;1020370944;15122432;1159790592;0;0;0;0;0;0;0;0;0;0;0;2074;0;0;89;0;190;0;
2678;1405676;1020370944;15122432;1159790592;0;0;0;0;0;0;0;0;0;0;0;1533;0;0;89;0;190;0;
2679;3637852;1020370944;15122432;1159790592;0;0;0;0;0;0;0;0;0;0;0;1894;0;0;89;0;190;0;
2680;6983567;1020370944;15122432;1159790592;0;0;0;0;0;0;0;0;0;0;0;3847;0;0;89;0;190;0;
2681;3332229;1020370944;15130624;1159798784;0;0;0;0;0;0;0;0;0;0;0;1814;0;0;89;0;190;0;
2682;1993138;1020370944;15130624;1159798784;0;0;0;0;0;0;0;0;0;0;0;1593;0;0;89;0;190;0;
2683;2286518;1020370944;15130624;1159798784;0;0;0;0;0;0;0;0;0;0;0;1543;0;0;89;0;190;0;
2684;2670247;1020370944;15130624;1159798784;0;0;0;0;0;0;0;0;0;0;0;1944;0;0;89;0;190;0;
2685;2259077;1020370944;15130624;1159798784;0;0;0;0;0;0;0;0;0;0;0;1703;0;0;89;0;190;0;
2686;2800592;1020370944;15130624;1159798784;0;0;0;0;0;0;0;0;0;0;0;2084;0;0;89;0;190;0;
2687;2077626;1020370944;15130624;1159798784;0;0;0;0;0;0;0;0;0;0;0;1202;0;0;89;0;190;0;
2688;1508509;1020370944;15130624;1159798784;0;0;0;0;0;0;0;0;0;0;0;1613;0;0;89;0;190;0;
2689;3184842;1020370944;15130624;1159798784;0;0;0;0;0;0;0;0;0;0;0;1924;0;0;89;0;190;0;
2690;1681333;1020370944;15130624;1159798784;0;0;0;0;0;0;0;0;0;0;0;2174;0;0;89;0;190;0;
2691;2542088;1020370944;15130624;1159798784;0;0;0;0;0;0;0;0;0;0;0;1734;0;0;89;0;190;0;
2692;1730375;1020370944;15130624;1159798784;0;0;0;0;0;0;0;0;0;0;0;1373;0;0;89;0;190;0;
2693;3161289;1020370944;15130624;1159798784;0;0;0;0;0;0;0;0;0;0;0;1453;0;0;89;0;190;0;
2694;2127059;1020370944;15130624;1159798784;0;0;0;0;0;0;0;0;0;0;0;2114;0;0;89;0;190;0;
2695;1218896;1020370944;15130624;1159798784;0;0;0;0;0;0;0;0;0;0;0;1503;0;0;89;0;190;0;
2696;1526352;1020370944;15130624;1159798784;0;0;0;0;0;0;0;0;0;0;0;1713;0;0;89;0;190;0;
2697;1906636;1020370944;15130624;1159798784;0;0;0;0;0;0;0;0;0;0;0;1513;0;0;89;0;190;0;
2698;1750092;1020370944;15130624;1159798784;0;0;0;0;0;0;0;0;0;0;0;1603;0;0;89;0;190;0;
2699;3097579;1020370944;15130624;1159798784;0;0;0;0;0;0;0;0;0;0;0;2004;0;0;89;0;190;0;
2700;1845080;1020370944;15130624;1159798784;0;0;0;0;0;0;0;0;0;0;0;1944;0;0;89;0;190;0;
2701;6201921;1020370944;15130624;1159798784;0;0;0;0;0;0;0;0;0;0;0;1533;0;0;89;0;190;0;
2702;4007636;1020370944;15130624;1159798784;0;0;0;0;0;0;0;0;0;0;0;2875;0;0;89;0;190;0;
2703;1629185;1020370944;15130624;1159798784;0;0;0;0;0;0;0;0;0;0;0;1894;0;0;89;0;190;0;
2704;1776301;1020370944;15130624;1159798784;0;0;0;0;0;0;0;0;0;0;0;1493;0;0;89;0;190;0;
2705;1359319;1020370944;15130624;1159798784;0;0;0;0;0;0;0;0;0;0;0;1382;0;0;89;0;190;0;
2706;1699637;1020370944;15130624;1159798784;0;0;0;0;0;0;0;0;0;0;0;1473;0;0;89;0;190;0;
2707;1926243;1020370944;15130624;1159798784;0;0;0;0;0;0;0;0;0;0;0;1222;0;0;89;0;190;0;
2708;1464095;1020370944;15130624;1159798784;0;0;0;0;0;0;0;0;0;0;0;1613;0;0;89;0;190;0;
2709;1973441;1020370944;15130624;1159798784;0;0;0;0;0;0;0;0;0;0;0;1874;0;0;89;0;190;0;
2710;3454899;1020416000;15122432;1159790592;0;0;0;0;0;0;0;0;0;0;0;2043;0;0;89;0;190;0;
2711;1765972;1020416000;15122432;1159790592;0;0;0;0;0;0;0;0;0;0;0;1944;0;0;89;0;190;0;
2712;1246547;1020416000;15122432;1159790592;0;0;0;0;0;0;0;0;0;0;0;1552;0;0;89;0;190;0;
2713;1500914;1020416000;15122432;1159790592;0;0;0;0;0;0;0;0;0;0;0;1533;0;0;89;0;190;0;
2714;2417845;1020416000;15122432;1159790592;0;0;0;0;0;0;0;0;0;0;0;1483;0;0;89;0;190;0;
2715;1832627;1020416000;15122432;1159790592;0;0;0;0;0;0;0;0;0;0;0;2174;0;0;89;0;190;0;
2716;1703866;1020416000;15122432;1159790592;0;0;0;0;0;0;0;0;0;0;0;1703;0;0;89;0;190;0;
2717;3064107;1020416000;15122432;1159790592;0;0;0;0;0;0;0;0;0;0;0;2063;0;0;89;0;190;0;
2718;2520827;1020416000;15122432;1159790592;0;0;0;0;0;0;0;0;0;0;0;1623;0;0;89;0;190;0;
2719;1515022;1020416000;15122432;1159790592;0;0;0;0;0;0;0;0;0;0;0;1333;0;0;89;0;190;0;
2720;2085481;1020416000;15122432;1159790592;0;0;0;0;0;0;0;0;0;0;0;1533;0;0;89;0;190;0;
2721;2968908;1020416000;15122432;1159790592;0;0;0;0;0;0;0;0;0;0;0;1322;0;0;89;0;190;0;
2722;5815587;1020416000;15122432;1159790592;0;0;0;0;0;0;0;0;0;0;0;1964;0;0;89;0;190;0;
2723;3819112;1020416000;15122432;1159790592;0;0;0;0;0;0;0;0;0;0;0;2765;0;0;89;0;190;0;
2724;2512472;1020416000;15122432;1159790592;0;0;0;0;0;0;0;0;0;0;0;2194;0;0;89;0;190;0;
2725;2619021;1020416000;15122432;1159790592;0;0;0;0;0;0;0;0;0;0;0;1813;0;0;89;0;190;0;
2726;2260429;1020416000;15122432;1159790592;0;0;0;0;0;0;0;0;0;0;0;1773;0;0;89;0;190;0;
2727;3071019;1020416000;15122432;1159790592;0;0;0;0;0;0;0;0;0;0;0;1793;0;0;89;0;190;0;
2728;2119826;1020416000;15122432;1159790592;0;0;0;0;0;0;0;0;0;0;0;1913;0;0;89;0;190;0;
2729;1634094;1020416000;15122432;1159790592;0;0;0;0;0;0;0;0;0;0;0;1643;0;0;89;0;190;0;
2730;2467407;1020416000;15122432;1159790592;0;0;0;0;0;0;0;0;0;0;0;1763;0;0;89;0;190;0;
2731;2791585;1020416000;15122432;1159790592;0;0;0;0;0;0;0;0;0;0;0;1563;0;0;89;0;190;0;
2732;2745379;1020416000;15122432;1159790592;0;0;0;0;0;0;0;0;0;0;0;1943;0;0;89;0;190;0;
2733;1582638;1020416000;15122432;1159790592;0;0;0;0;0;0;0;0;0;0;0;1663;0;0;89;0;190;0;
2734;1387242;1020416000;15122432;1159790592;0;0;0;0;0;0;0;0;0;0;0;1654;0;0;89;0;190;0;
2735;2700905;1020416000;15122432;1159790592;0;0;0;0;0;0;0;0;0;0;0;1593;0;0;89;0;190;0;
2736;1202154;1020416000;15122432;1159790592;0;0;0;0;0;0;0;0;0;0;0;1583;0;0;89;0;190;0;
2737;2435147;1020416000;15122432;1159790592;0;0;0;0;0;0;0;0;0;0;0;1483;0;0;89;0;190;0;
2738;2269707;1020416000;15122432;1159790592;0;0;0;0;0;0;0;0;0;0;0;1653;0;0;89;0;190;0;
2739;2287620;1020416000;15122432;1159790592;0;0;0;0;0;0;0;0;0;0;0;1523;0;0;89;0;190;0;
2740;1839180;1020416000;15122432;1159790592;0;0;0;0;0;0;0;0;0;0;0;1463;0;0;89;0;190;0;
2741;1939246;1020416000;15122432;1159790592;0;0;0;0;0;0;0;0;0;0;0;1493;0;0;89;0;190;0;
2742;1394405;1020416000;15122432;1159790592;0;0;0;0;0;0;0;0;0;0;0;1593;0;0;89;0;190;0;
2743;5876280;1020416000;15122432;1159790592;0;0;0;0;0;0;0;0;0;0;0;1432;0;0;89;0;190;0;
2744;3553855;1020416000;15122432;1159790592;0;0;0;0;0;0;0;0;0;0;0;2906;0;0;89;0;190;0;
2745;1960757;1020416000;15122432;1159790592;0;0;0;0;0;0;0;0;0;0;0;1863;0;0;89;0;190;0;
2746;1432556;1020416000;15122432;1159790592;0;0;0;0;0;0;0;0;0;0;0;2154;0;0;89;0;190;0;
2747;2008156;1020416000;15122432;1159790592;0;0;0;0;0;0;0;0;0;0;0;1403;0;0;89;0;190;0;
2748;4511060;1020416000;15122432;1159790592;0;0;0;0;0;0;0;0;0;0;0;1373;0;0;89;0;190;0;
2749;2654057;1020416000;15122432;1159790592;0;0;0;0;0;0;0;0;0;0;0;1703;0;0;89;0;190;0;
2750;2776066;1020416000;15122432;1159790592;0;0;0;0;0;0;0;0;0;0;0;1463;0;0;89;0;190;0;
2751;3069366;1020416000;15122432;1159790592;0;0;0;0;0;0;0;0;0;0;0;1843;0;0;89;0;190;0;
2752;2381466;1020416000;15122432;1159790592;0;0;0;0;0;0;0;0;0;0;0;1703;0;0;89;0;190;0;
2753;2271971;1020416000;15122432;1159790592;0;0;0;0;0;0;0;0;0;0;0;2885;0;0;89;0;190;0;
2754;2375105;1020416000;15122432;1159790592;0;0;0;0;0;0;0;0;0;0;0;2265;0;0;89;0;190;0;
2755;1936001;1020416000;15122432;1159790592;0;0;0;0;0;0;0;0;0;0;0;1573;0;0;89;0;190;0;
2756;3252860;1020416000;15122432;1159790592;0;0;0;0;0;0;0;0;0;0;0;1673;0;0;89;0;190;0;
2757;2674797;1020416000;15122432;1159790592;0;0;0;0;0;0;0;0;0;0;0;2996;0;0;89;0;190;0;
2758;3185824;1020416000;15122432;1159790592;0;0;0;0;0;0;0;0;0;0;0;1683;0;0;89;0;190;0;
2759;2717958;1020416000;15122432;1159790592;0;0;0;0;0;0;0;0;0;0;0;1623;0;0;89;0;190;0;
2760;3561049;1020416000;15122432;1159790592;0;0;0;0;0;0;0;0;0;0;0;1593;0;0;89;0;190;0;
2761;2364324;1020416000;15122432;1159790592;0;0;0;0;0;0;0;0;0;0;0;2104;0;0;89;0;190;0;
2762;2020379;1020416000;15122432;1159790592;0;0;0;0;0;0;0;0;0;0;0;1232;0;0;89;0;190;0;
2763;3150959;1020416000;15122432;1159790592;0;0;0;0;0;0;0;0;0;0;0;1263;0;0;89;0;190;0;
2764;5949678;1020416000;15122432;1159790592;0;0;0;0;0;0;0;0;0;0;0;2004;0;0;89;0;190;0;
2765;3739904;1020416000;15122432;1159790592;0;0;0;0;0;0;0;0;0;0;0;2254;0;0;89;0;190;0;
2766;1693616;1020416000;15122432;1159790592;0;0;0;0;0;0;0;0;0;0;0;1923;0;0;89;0;190;0;
2767;2273604;1020416000;15122432;1159790592;0;0;0;0;0;0;0;0;0;0;0;1543;0;0;89;0;190;0;
2768;2000462;1020416000;15122432;1159790592;0;0;0;0;0;0;0;0;0;0;0;1442;0;0;89;0;190;0;
2769;2579848;1020416000;15122432;1159790592;0;0;0;0;0;0;0;0;0;0;0;1583;0;0;89;0;190;0;
2770;2018336;1020416000;15122432;1159790592;0;0;0;0;0;0;0;0;0;0;0;1823;0;0;89;0;190;0;
2771;2232787;1020416000;15122432;1159790592;0;0;0;0;0;0;0;0;0;0;0;1623;0;0;89;0;190;0;
2772;1848907;1020416000;15122432;1159790592;0;0;0;0;0;0;0;0;0;0;0;1693;0;0;89;0;190;0;
2773;9575888;1020416000;15122432;1159790592;0;0;0;0;0;0;0;0;0;0;0;1603;0;0;89;0;190;0;
2774;2403036;1020416000;15122432;1159790592;0;0;0;0;0;0;0;0;0;0;0;2194;0;0;89;0;190;0;
2775;2531548;1020416000;15122432;1159790592;0;0;0;0;0;0;0;0;0;0;0;1473;0;0;89;0;190;0;
2776;2183074;1020416000;15122432;1159790592;0;0;0;0;0;0;0;0;0;0;0;2074;0;0;89;0;190;0;
2777;2601419;1020416000;15122432;1159790592;0;0;0;0;0;0;0;0;0;0;0;1643;0;0;89;0;190;0;
2778;1475768;1020416000;15122432;1159790592;0;0;0;0;0;0;0;0;0;0;0;1743;0;0;89;0;190;0;
2779;2929774;1020416000;15122432;1159790592;0;0;0;0;0;0;0;0;0;0;0;1864;0;0;89;0;190;0;
2780;2150413;1020416000;15122432;1159790592;0;0;0;0;0;0;0;0;0;0;0;1492;0;0;89;0;190;0;
2781;2230563;1020416000;15122432;1159790592;0;0;0;0;0;0;0;0;0;0;0;1383;0;0;89;0;190;0;
2782;2214253;1020416000;15122432;1159790592;0;0;0;0;0;0;0;0;0;0;0;1623;0;0;89;0;190;0;
2783;2939443;1020416000;15122432;1159790592;0;0;0;0;0;0;0;0;0;0;0;1674;0;0;89;0;190;0;
2784;2185759;1020416000;15122432;1159790592;0;0;0;0;0;0;0;0;0;0;0;1333;0;0;89;0;190;0;
2785;5784208;1020416000;15122432;1159790592;0;0;0;0;0;0;0;0;0;0;0;1563;0;0;89;0;190;0;
2786;3202035;1020416000;15122432;1159790592;0;0;0;0;0;0;0;0;0;0;0;2335;0;0;89;0;190;0;
2787;1957751;1020416000;15122432;1159790592;0;0;0;0;0;0;0;0;0;0;0;1543;0;0;89;0;190;0;
2788;2316324;1020416000;15122432;1159790592;0;0;0;0;0;0;0;0;0;0;0;1893;0;0;89;0;190;0;
2789;1868434;1020416000;15122432;1159790592;0;0;0;0;0;0;0;0;0;0;0;1814;0;0;89;0;190;0;
2790;4189988;1020416000;15122432;1159790592;0;0;0;0;0;0;0;0;0;0;0;1593;0;0;89;0;190;0;
2791;2504046;1020416000;15122432;1159790592;0;0;0;0;0;0;0;0;0;0;0;1943;0;0;89;0;190;0;
2792;1428599;1020416000;15122432;1159790592;0;0;0;0;0;0;0;0;0;0;0;1422;0;0;89;0;190;0;
2793;2555352;1020416000;15122432;1159790592;0;0;0;0;0;0;0;0;0;0;0;1874;0;0;89;0;190;0;
2794;1941010;1020416000;15122432;1159790592;0;0;0;0;0;0;0;0;0;0;0;1493;0;0;89;0;190;0;
2795;2179247;1020416000;15122432;1159790592;0;0;0;0;0;0;0;0;0;0;0;1744;0;0;89;0;190;0;
2796;2675868;1020416000;15122432;1159790592;0;0;0;0;0;0;0;0;0;0;0;1493;0;0;89;0;190;0;
2797;2830879;1020416000;15122432;1159790592;0;0;0;0;0;0;0;0;0;0;0;1483;0;0;89;0;190;0;
2798;3210230;1020416000;15122432;1159790592;0;0;0;0;0;0;0;0;0;0;0;1433;0;0;89;0;190;0;
2799;2819317;1020416000;15122432;1159790592;0;0;0;0;0;0;0;0;0;0;0;1813;0;0;89;0;190;0;
2800;2054302;1020416000;15122432;1159790592;0;0;0;0;0;0;0;0;0;0;0;1463;0;0;89;0;190;0;
2801;1950538;1020416000;15122432;1159790592;0;0;0;0;0;0;0;0;0;0;0;1633;0;0;89;0;190;0;
2802;2672091;1020416000;15122432;1159790592;0;0;0;0;0;0;0;0;0;0;0;1272;0;0;89;0;190;0;
2803;1844890;1020416000;15122432;1159790592;0;0;0;0;0;0;0;0;0;0;0;1853;0;0;89;0;190;0;
2804;2430898;1020416000;15122432;1159790592;0;0;0;0;0;0;0;0;0;0;0;1242;0;0;89;0;190;0;
2805;2635052;1020416000;15122432;1159790592;0;0;0;0;0;0;0;0;0;0;0;1864;0;0;89;0;190;0;
2806;5738111;1020416000;15122432;1159790592;0;0;0;0;0;0;0;0;0;0;0;1623;0;0;89;0;190;0;
2807;2746901;1020416000;15122432;1159790592;0;0;0;0;0;0;0;0;0;0;0;2034;0;0;89;0;190;0;
2808;1564504;1020416000;15122432;1159790592;0;0;0;0;0;0;0;0;0;0;0;1613;0;0;89;0;190;0;
2809;2233488;1020416000;15122432;1159790592;0;0;0;0;0;0;0;0;0;0;0;1724;0;0;89;0;190;0;
2810;2489389;1020416000;15122432;1159790592;0;0;0;0;0;0;0;0;0;0;0;1593;0;0;89;0;190;0;
2811;3307393;1020416000;15122432;1159790592;0;0;0;0;0;0;0;0;0;0;0;1463;0;0;89;0;190;0;
2812;2748765;1020416000;15122432;1159790592;0;0;0;0;0;0;0;0;0;0;0;1563;0;0;89;0;190;0;
2813;2655109;1020416000;15122432;1159790592;0;0;0;0;0;0;0;0;0;0;0;2124;0;0;89;0;190;0;
2814;2002816;1020416000;15122432;1159790592;0;0;0;0;0;0;0;0;0;0;0;1513;0;0;89;0;190;0;
2815;3414283;1020416000;15122432;1159790592;0;0;0;0;0;0;0;0;0;0;0;1613;0;0;89;0;190;0;
2816;4245382;1020416000;15122432;1159790592;0;0;0;0;0;0;0;0;0;0;0;2134;0;0;89;0;190;0;
2817;2956996;1020416000;15122432;1159790592;0;0;0;0;0;0;0;0;0;0;0;1603;0;0;89;0;190;0;
2818;2898095;1020416000;15122432;1159790592;0;0;0;0;0;0;0;0;0;0;0;1693;0;0;89;0;190;0;
2819;3072151;1020416000;15122432;1159790592;0;0;0;0;0;0;0;0;0;0;0;1573;0;0;89;0;190;0;
2820;3416667;1020416000;15122432;1159790592;0;0;0;0;0;0;0;0;0;0;0;2585;0;0;89;0;190;0;
2821;2839475;1020416000;15122432;1159790592;0;0;0;0;0;0;0;0;0;0;0;1613;0;0;89;0;190;0;
2822;3071259;1020416000;15122432;1159790592;0;0;0;0;0;0;0;0;0;0;0;1573;0;0;89;0;190;0;
2823;3488893;1020416000;15122432;1159790592;0;0;0;0;0;0;0;0;0;0;0;1463;0;0;89;0;190;0;
2824;2545755;1020416000;15122432;1159790592;0;0;0;0;0;0;0;0;0;0;0;1653;0;0;89;0;190;0;
2825;3508931;1020416000;15122432;1159790592;0;0;0;0;0;0;0;0;0;0;0;1993;0;0;89;0;190;0;
2826;2120878;1020416000;15122432;1159790592;0;0;0;0;0;0;0;0;0;0;0;1693;0;0;89;0;190;0;
2827;6317939;1020416000;15122432;1159790592;0;0;0;0;0;0;0;0;0;0;0;1663;0;0;89;0;190;0;
2828;3578681;1020416000;15122432;1159790592;0;0;0;0;0;0;0;0;0;0;0;2094;0;0;89;0;190;0;
2829;2951004;1020416000;15122432;1159790592;0;0;0;0;0;0;0;0;0;0;0;2054;0;0;89;0;190;0;
2830;2882886;1020416000;15122432;1159790592;0;0;0;0;0;0;0;0;0;0;0;2054;0;0;89;0;190;0;
2831;2699563;1020416000;15122432;1159790592;0;0;0;0;0;0;0;0;0;0;0;1704;0;0;89;0;190;0;
2832;2980670;1020416000;15122432;1159790592;0;0;0;0;0;0;0;0;0;0;0;1463;0;0;89;0;190;0;
2833;1687494;1020416000;15122432;1159790592;0;0;0;0;0;0;0;0;0;0;0;1472;0;0;89;0;190;0;
2834;2430388;1020416000;15122432;1159790592;0;0;0;0;0;0;0;0;0;0;0;1443;0;0;89;0;190;0;
2835;3395307;1020416000;15122432;1159790592;0;0;0;0;0;0;0;0;0;0;0;1703;0;0;89;0;190;0;
2836;2924174;1020416000;15122432;1159790592;0;0;0;0;0;0;0;0;0;0;0;1683;0;0;89;0;190;0;
2837;3152242;1020416000;15122432;1159790592;0;0;0;0;0;0;0;0;0;0;0;1813;0;0;89;0;190;0;
2838;2014288;1020416000;15122432;1159790592;0;0;0;0;0;0;0;0;0;0;0;1754;0;0;89;0;190;0;
2839;1609689;1020416000;15122432;1159790592;0;0;0;0;0;0;0;0;0;0;0;1783;0;0;89;0;190;0;
2840;3369218;1020416000;15122432;1159790592;0;0;0;0;0;0;0;0;0;0;0;1824;0;0;89;0;190;0;
2841;2429286;1020416000;15122432;1159790592;0;0;0;0;0;0;0;0;0;0;0;1804;0;0;89;0;190;0;
2842;3057925;1020416000;15122432;1159790592;0;0;0;0;0;0;0;0;0;0;0;1653;0;0;89;0;190;0;
2843;2123543;1020416000;15122432;1159790592;0;0;0;0;0;0;0;0;0;0;0;1573;0;0;89;0;190;0;
2844;4050196;1020416000;15122432;1159790592;0;0;0;0;0;0;0;0;0;0;0;1613;0;0;89;0;190;0;
2845;2471375;1020416000;15122432;1159790592;0;0;0;0;0;0;0;0;0;0;0;1553;0;0;89;0;190;0;
2846;2370706;1020416000;15122432;1159790592;0;0;0;0;0;0;0;0;0;0;0;1452;0;0;89;0;190;0;
2847;5020094;1020416000;15122432;1159790592;0;0;0;0;0;0;0;0;0;0;0;1452;0;0;89;0;190;0;
2848;6250462;1020416000;15122432;1159790592;0;0;0;0;0;0;0;0;0;0;0;1373;0;0;89;0;190;0;
2849;4172735;1020416000;15122432;1159790592;0;0;0;0;0;0;0;0;0;0;0;2655;0;0;89;0;190;0;
2850;3229046;1020416000;15122432;1159790592;0;0;0;0;0;0;0;0;0;0;0;1723;0;0;89;0;190;0;
2851;2522270;1020416000;15122432;1159790592;0;0;0;0;0;0;0;0;0;0;0;1643;0;0;89;0;190;0;
2852;2034335;1020416000;15122432;1159790592;0;0;0;0;0;0;0;0;0;0;0;1553;0;0;89;0;190;0;
2853;3351826;1020416000;15122432;1159790592;0;0;0;0;0;0;0;0;0;0;0;177352;0;0;89;0;190;0;
2854;2440737;1020416000;15122432;1159790592;0;0;0;0;0;0;0;0;0;0;0;1803;0;0;89;0;190;0;
2855;1711489;1020416000;15122432;1159790592;0;0;0;0;0;0;0;0;0;0;0;1543;0;0;89;0;190;0;
2856;2848251;1020416000;15122432;1159790592;0;0;0;0;0;0;0;0;0;0;0;1443;0;0;89;0;190;0;
2857;3429571;1020416000;15122432;1159790592;0;0;0;0;0;0;0;0;0;0;0;1513;0;0;89;0;190;0;
2858;3267578;1020416000;15122432;1159790592;0;0;0;0;0;0;0;0;0;0;0;1563;0;0;89;0;190;0;
2859;2798528;1020416000;15122432;1159790592;0;0;0;0;0;0;0;0;0;0;0;2134;0;0;89;0;190;0;
2860;2517170;1020416000;15122432;1159790592;0;0;0;0;0;0;0;0;0;0;0;1653;0;0;89;0;190;0;
2861;2382728;1020416000;15122432;1159790592;0;0;0;0;0;0;0;0;0;0;0;1452;0;0;89;0;190;0;
2862;2761249;1020416000;15122432;1159790592;0;0;0;0;0;0;0;0;0;0;0;1423;0;0;89;0;190;0;
2863;3069116;1020416000;15122432;1159790592;0;0;0;0;0;0;0;0;0;0;0;1513;0;0;89;0;190;0;
2864;3267588;1020416000;15122432;1159790592;0;0;0;0;0;0;0;0;0;0;0;1513;0;0;89;0;190;0;
2865;3860389;1020416000;15122432;1159790592;0;0;0;0;0;0;0;0;0;0;0;1673;0;0;89;0;190;0;
2866;2608672;1020416000;15122432;1159790592;0;0;0;0;0;0;0;0;0;0;0;1643;0;0;89;0;190;0;
2867;2191780;1020416000;15122432;1159790592;0;0;0;0;0;0;0;0;0;0;0;23735;0;0;89;0;190;0;
2868;2091512;1020416000;15122432;1159790592;0;0;0;0;0;0;0;0;0;0;0;1422;0;0;89;0;190;0;
2869;5472493;1020416000;15122432;1159790592;0;0;0;0;0;0;0;0;0;0;0;1593;0;0;89;0;190;0;
2870;3045191;1020416000;15122432;1159790592;0;0;0;0;0;0;0;0;0;0;0;2164;0;0;89;0;190;0;
2871;3087139;1020416000;15122432;1159790592;0;0;0;0;0;0;0;0;0;0;0;1482;0;0;89;0;190;0;
2872;2509927;1020416000;15122432;1159790592;0;0;0;0;0;0;0;0;0;0;0;1663;0;0;89;0;190;0;
2873;3393525;1020416000;15122432;1159790592;0;0;0;0;0;0;0;0;0;0;0;1563;0;0;89;0;190;0;
2874;3088842;1020416000;15122432;1159790592;0;0;0;0;0;0;0;0;0;0;0;1663;0;0;89;0;190;0;
2875;1836144;1020416000;15122432;1159790592;0;0;0;0;0;0;0;0;0;0;0;23414;0;0;89;0;190;0;
2876;1648802;1020416000;15122432;1159790592;0;0;0;0;0;0;0;0;0;0;0;1653;0;0;89;0;190;0;
2877;2665489;1020416000;15122432;1159790592;0;0;0;0;0;0;0;0;0;0;0;1353;0;0;89;0;190;0;
2878;2735580;1020416000;15122432;1159790592;0;0;0;0;0;0;0;0;0;0;0;1473;0;0;89;0;190;0;
2879;2205546;1020416000;15122432;1159790592;0;0;0;0;0;0;0;0;0;0;0;1654;0;0;89;0;190;0;
2880;3067362;1020416000;15122432;1159790592;0;0;0;0;0;0;0;0;0;0;0;1703;0;0;89;0;190;0;
2881;1683617;1020416000;15122432;1159790592;0;0;0;0;0;0;0;0;0;0;0;1503;0;0;89;0;190;0;
2882;2609624;1020416000;15122432;1159790592;0;0;0;0;0;0;0;0;0;0;0;1553;0;0;89;0;190;0;
2883;1997826;1020416000;15122432;1159790592;0;0;0;0;0;0;0;0;0;0;0;1763;0;0;89;0;190;0;
2884;2027683;1020416000;15122432;1159790592;0;0;0;0;0;0;0;0;0;0;0;1613;0;0;89;0;190;0;
2885;1808732;1020416000;15122432;1159790592;0;0;0;0;0;0;0;0;0;0;0;1483;0;0;89;0;190;0;
2886;2591270;1020416000;15122432;1159790592;0;0;0;0;0;0;0;0;0;0;0;1483;0;0;89;0;190;0;
2887;2433153;1020416000;15122432;1159790592;0;0;0;0;0;0;0;0;0;0;0;1312;0;0;89;0;190;0;
2888;1807681;1020416000;15122432;1159790592;0;0;0;0;0;0;0;0;0;0;0;1552;0;0;89;0;190;0;
2889;2913273;1020416000;15122432;1159790592;0;0;0;0;0;0;0;0;0;0;0;1683;0;0;89;0;190;0;
2890;5035353;1020416000;15122432;1159790592;0;0;0;0;0;0;0;0;0;0;0;1443;0;0;89;0;190;0;
2891;2506220;1020416000;15122432;1159790592;0;0;0;0;0;0;0;0;0;0;0;1893;0;0;89;0;190;0;
2892;2034345;1020416000;15122432;1159790592;0;0;0;0;0;0;0;0;0;0;0;2034;0;0;89;0;190;0;
2893;2058320;1020416000;15122432;1159790592;0;0;0;0;0;0;0;0;0;0;0;1493;0;0;89;0;190;0;
2894;2034676;1020416000;15122432;1159790592;0;0;0;0;0;0;0;0;0;0;0;1553;0;0;89;0;190;0;
2895;3361254;1020416000;15122432;1159790592;0;0;0;0;0;0;0;0;0;0;0;1674;0;0;89;0;190;0;
2896;2232016;1020416000;15122432;1159790592;0;0;0;0;0;0;0;0;0;0;0;1703;0;0;89;0;190;0;
2897;1683888;1020416000;15122432;1159790592;0;0;0;0;0;0;0;0;0;0;0;1533;0;0;89;0;190;0;
2898;1751264;1020416000;15122432;1159790592;0;0;0;0;0;0;0;0;0;0;0;1523;0;0;89;0;190;0;
2899;3426236;1020416000;15122432;1159790592;0;0;0;0;0;0;0;0;0;0;0;1443;0;0;89;0;190;0;
2900;2756890;1020416000;15122432;1159790592;0;0;0;0;0;0;0;0;0;0;0;1623;0;0;89;0;190;0;
2901;1666686;1020416000;15122432;1159790592;0;0;0;0;0;0;0;0;0;0;0;1533;0;0;89;0;190;0;
2902;1868745;1020416000;15122432;1159790592;0;0;0;0;0;0;0;0;0;0;0;1332;0;0;89;0;190;0;
2903;2134072;1020416000;15122432;1159790592;0;0;0;0;0;0;0;0;0;0;0;1492;0;0;89;0;190;0;
2904;1831856;1020416000;15122432;1159790592;0;0;0;0;0;0;0;0;0;0;0;1603;0;0;89;0;190;0;
2905;2062929;1020416000;15122432;1159790592;0;0;0;0;0;0;0;0;0;0;0;1533;0;0;89;0;190;0;
2906;2786997;1020416000;15122432;1159790592;0;0;0;0;0;0;0;0;0;0;0;1774;0;0;89;0;190;0;
2907;2471675;1020416000;15122432;1159790592;0;0;0;0;0;0;0;0;0;0;0;1483;0;0;89;0;190;0;
2908;2679154;1020416000;15122432;1159790592;0;0;0;0;0;0;0;0;0;0;0;1593;0;0;89;0;190;0;
2909;3018491;1020416000;15122432;1159790592;0;0;0;0;0;0;0;0;0;0;0;1532;0;0;89;0;190;0;
2910;2429506;1020416000;15122432;1159790592;0;0;0;0;0;0;0;0;0;0;0;1643;0;0;89;0;190;0;
2911;5494615;1020416000;15122432;1159790592;0;0;0;0;0;0;0;0;0;0;0;1683;0;0;89;0;190;0;
2912;3033479;1020416000;15122432;1159790592;0;0;0;0;0;0;0;0;0;0;0;2455;0;0;89;0;190;0;
2913;4361179;1020416000;15122432;1159790592;0;0;0;0;0;0;0;0;0;0;0;1654;0;0;89;0;190;0;
2914;2671470;1020416000;15122432;1159790592;0;0;0;0;0;0;0;0;0;0;0;1744;0;0;89;0;190;0;
2915;3644354;1020416000;15122432;1159790592;0;0;0;0;0;0;0;0;0;0;0;23434;0;0;89;0;190;0;
2916;3608217;1020416000;15122432;1159790592;0;0;0;0;0;0;0;0;0;0;0;1633;0;0;89;0;190;0;
2917;1828108;1020416000;15122432;1159790592;0;0;0;0;0;0;0;0;0;0;0;1683;0;0;89;0;190;0;
2918;4104648;1020416000;15122432;1159790592;0;0;0;0;0;0;0;0;0;0;0;1853;0;0;89;0;190;0;
2919;3272577;1020633088;15118336;1159786496;0;0;0;0;0;0;0;0;0;0;0;1973;0;0;89;0;190;0;
2920;3179784;1020633088;15118336;1159786496;0;0;0;0;0;0;0;0;0;0;0;1493;0;0;89;0;190;0;
2921;2215485;1020633088;15118336;1159786496;0;0;0;0;0;0;0;0;0;0;0;1654;0;0;89;0;190;0;
2922;3296462;1020633088;15118336;1159786496;0;0;0;0;0;0;0;0;0;0;0;1573;0;0;89;0;190;0;
2923;4468570;1020633088;15118336;1159786496;0;0;0;0;0;0;0;0;0;0;0;1994;0;0;89;0;190;0;
2924;2639741;1020633088;15118336;1159786496;0;0;0;0;0;0;0;0;0;0;0;1753;0;0;89;0;190;0;
2925;2879551;1020633088;15118336;1159786496;0;0;0;0;0;0;0;0;0;0;0;1563;0;0;89;0;190;0;
2926;1862793;1020633088;15118336;1159786496;0;0;0;0;0;0;0;0;0;0;0;1693;0;0;89;0;190;0;
2927;3477642;1020633088;15118336;1159786496;0;0;0;0;0;0;0;0;0;0;0;1934;0;0;89;0;190;0;
2928;2415901;1020633088;15118336;1159786496;0;0;0;0;0;0;0;0;0;0;0;1963;0;0;89;0;190;0;
2929;1924900;1020633088;15118336;1159786496;0;0;0;0;0;0;0;0;0;0;0;1313;0;0;89;0;190;0;
2930;2698120;1020633088;15118336;1159786496;0;0;0;0;0;0;0;0;0;0;0;1583;0;0;89;0;190;0;
2931;4769294;1020633088;15118336;1159786496;0;0;0;0;0;0;0;0;0;0;0;1443;0;0;89;0;190;0;
2932;4602701;1020633088;15122432;1159790592;0;0;0;0;0;0;0;0;0;0;0;2284;0;0;89;0;190;0;
2933;3178941;1020633088;15122432;1159790592;0;0;0;0;0;0;0;0;0;0;0;1914;0;0;89;0;190;0;
2934;1986055;1020633088;15122432;1159790592;0;0;0;0;0;0;0;0;0;0;0;1493;0;0;89;0;190;0;
2935;2772810;1020633088;15122432;1159790592;0;0;0;0;0;0;0;0;0;0;0;1633;0;0;89;0;190;0;
2936;4309592;1020633088;15122432;1159790592;0;0;0;0;0;0;0;0;0;0;0;1914;0;0;89;0;190;0;
2937;2960903;1020633088;15122432;1159790592;0;0;0;0;0;0;0;0;0;0;0;1773;0;0;89;0;190;0;
2938;3391911;1020633088;15122432;1159790592;0;0;0;0;0;0;0;0;0;0;0;1463;0;0;89;0;190;0;
2939;2874501;1020633088;15122432;1159790592;0;0;0;0;0;0;0;0;0;0;0;1823;0;0;89;0;190;0;
2940;3236540;1020633088;15122432;1159790592;0;0;0;0;0;0;0;0;0;0;0;1724;0;0;89;0;190;0;
2941;2208622;1020633088;15122432;1159790592;0;0;0;0;0;0;0;0;0;0;0;1783;0;0;89;0;190;0;
2942;3226541;1020633088;15122432;1159790592;0;0;0;0;0;0;0;0;0;0;0;1784;0;0;89;0;190;0;
2943;3360261;1020633088;15122432;1159790592;0;0;0;0;0;0;0;0;0;0;0;1713;0;0;89;0;190;0;
2944;3929439;1020633088;15122432;1159790592;0;0;0;0;0;0;0;0;0;0;0;2084;0;0;89;0;190;0;
2945;2295064;1020633088;15122432;1159790592;0;0;0;0;0;0;0;0;0;0;0;1613;0;0;89;0;190;0;
2946;4126028;1020633088;15122432;1159790592;0;0;0;0;0;0;0;0;0;0;0;1693;0;0;89;0;190;0;
2947;2765387;1020633088;15122432;1159790592;0;0;0;0;0;0;0;0;0;0;0;63659;0;0;89;0;190;0;
2948;4402837;1020633088;15122432;1159790592;0;0;0;0;0;0;0;0;0;0;0;1994;0;0;89;0;190;0;
2949;2417323;1020633088;15122432;1159790592;0;0;0;0;0;0;0;0;0;0;0;1753;0;0;89;0;190;0;
2950;2982753;1020633088;15122432;1159790592;0;0;0;0;0;0;0;0;0;0;0;1763;0;0;89;0;190;0;
2951;3732971;1020633088;15122432;1159790592;0;0;0;0;0;0;0;0;0;0;0;2044;0;0;89;0;190;0;
2952;6636446;1020633088;15122432;1159790592;0;0;0;0;0;0;0;0;0;0;0;1733;0;0;89;0;190;0;
2953;3578721;1020633088;15122432;1159790592;0;0;0;0;0;0;0;0;0;0;0;2605;0;0;89;0;190;0;
2954;2652755;1020633088;15122432;1159790592;0;0;0;0;0;0;0;0;0;0;0;2334;0;0;89;0;190;0;
2955;3724585;1020633088;15122432;1159790592;0;0;0;0;0;0;0;0;0;0;0;1744;0;0;89;0;190;0;
2956;3110072;1020633088;15122432;1159790592;0;0;0;0;0;0;0;0;0;0;0;1363;0;0;89;0;190;0;
2957;3882391;1020633088;15122432;1159790592;0;0;0;0;0;0;0;0;0;0;0;1433;0;0;89;0;190;0;
2958;3599691;1020633088;15122432;1159790592;0;0;0;0;0;0;0;0;0;0;0;1853;0;0;89;0;190;0;
2959;4011282;1020633088;15122432;1159790592;0;0;0;0;0;0;0;0;0;0;0;2024;0;0;89;0;190;0;
2960;3743080;1020633088;15122432;1159790592;0;0;0;0;0;0;0;0;0;0;0;2094;0;0;89;0;190;0;
2961;3885988;1020633088;15122432;1159790592;0;0;0;0;0;0;0;0;0;0;0;1894;0;0;89;0;190;0;
2962;2226565;1020633088;15122432;1159790592;0;0;0;0;0;0;0;0;0;0;0;2454;0;0;89;0;190;0;
2963;3208888;1020633088;15122432;1159790592;0;0;0;0;0;0;0;0;0;0;0;1753;0;0;89;0;190;0;
2964;1841583;1020633088;15122432;1159790592;0;0;0;0;0;0;0;0;0;0;0;1723;0;0;89;0;190;0;
2965;3924480;1020633088;15122432;1159790592;0;0;0;0;0;0;0;0;0;0;0;1844;0;0;89;0;190;0;
2966;3815917;1020633088;15122432;1159790592;0;0;0;0;0;0;0;0;0;0;0;2245;0;0;89;0;190;0;
2967;2857920;1020633088;15122432;1159790592;0;0;0;0;0;0;0;0;0;0;0;1573;0;0;89;0;190;0;
2968;2591881;1020633088;15122432;1159790592;0;0;0;0;0;0;0;0;0;0;0;1603;0;0;89;0;190;0;
2969;2555493;1020633088;15122432;1159790592;0;0;0;0;0;0;0;0;0;0;0;1502;0;0;89;0;190;0;
2970;3311510;1020633088;15122432;1159790592;0;0;0;0;0;0;0;0;0;0;0;2154;0;0;89;0;190;0;
2971;3747007;1020633088;15122432;1159790592;0;0;0;0;0;0;0;0;0;0;0;2345;0;0;89;0;190;0;
2972;3493892;1020633088;15122432;1159790592;0;0;0;0;0;0;0;0;0;0;0;1834;0;0;89;0;190;0;
2973;6102445;1020633088;15122432;1159790592;0;0;0;0;0;0;0;0;0;0;0;1563;0;0;89;0;190;0;
2974;4576332;1020633088;15122432;1159790592;0;0;0;0;0;0;0;0;0;0;0;2825;0;0;89;0;190;0;
2975;3986156;1020633088;15122432;1159790592;0;0;0;0;0;0;0;0;0;0;0;2624;0;0;89;0;190;0;
2976;2511350;1020633088;15122432;1159790592;0;0;0;0;0;0;0;0;0;0;0;1963;0;0;89;0;190;0;
2977;3084475;1020633088;15122432;1159790592;0;0;0;0;0;0;0;0;0;0;0;2003;0;0;89;0;190;0;
2978;3033910;1020633088;15122432;1159790592;0;0;0;0;0;0;0;0;0;0;0;2305;0;0;89;0;190;0;
2979;2175951;1020633088;15122432;1159790592;0;0;0;0;0;0;0;0;0;0;0;2044;0;0;89;0;190;0;
2980;3338792;1020633088;15122432;1159790592;0;0;0;0;0;0;0;0;0;0;0;2043;0;0;89;0;190;0;
2981;5424734;1020682240;15118336;1159786496;0;0;0;0;0;0;0;0;0;0;0;2425;0;0;89;0;190;0;
2982;2813997;1020682240;15118336;1159786496;0;0;0;0;0;0;0;0;0;0;0;2174;0;0;89;0;190;0;
2983;2543731;1020682240;15118336;1159786496;0;0;0;0;0;0;0;0;0;0;0;1904;0;0;89;0;190;0;
2984;2900169;1020682240;15118336;1159786496;0;0;0;0;0;0;0;0;0;0;0;2996;0;0;89;0;190;0;
2985;3872653;1020682240;15118336;1159786496;0;0;0;0;0;0;0;0;0;0;0;2325;0;0;89;0;190;0;
2986;4081203;1020682240;15118336;1159786496;0;0;0;0;0;0;0;0;0;0;0;2896;0;0;89;0;190;0;
2987;3660846;1020682240;15118336;1159786496;0;0;0;0;0;0;0;0;0;0;0;24396;0;0;89;0;190;0;
2988;3146000;1020682240;15118336;1159786496;0;0;0;0;0;0;0;0;0;0;0;2976;0;0;89;0;190;0;
2989;4420700;1020682240;15118336;1159786496;0;0;0;0;0;0;0;0;0;0;0;2304;0;0;89;0;190;0;
2990;5286505;1020952576;15118336;1159786496;0;0;0;0;0;0;0;0;0;0;0;3617;0;0;89;0;190;0;
2991;5278499;1020952576;15118336;1159786496;0;0;0;0;0;0;0;0;0;0;0;3376;0;0;89;0;190;0;
2992;4528112;1020952576;15118336;1159786496;0;0;0;0;0;0;0;0;0;0;0;2264;0;0;89;0;190;0;
2993;6638159;1020952576;15118336;1159786496;0;0;0;0;0;0;0;0;0;0;0;2765;0;0;89;0;190;0;
2994;5081990;1020952576;15122432;1159790592;0;0;0;0;0;0;0;0;0;0;0;3076;0;0;89;0;190;0;
2995;5263551;1020952576;15122432;1159790592;0;0;0;0;0;0;0;0;0;0;0;4698;0;0;89;0;190;0;
2996;3248151;1020952576;15122432;1159790592;0;0;0;0;0;0;0;0;0;0;0;2885;0;0;89;0;190;0;
2997;2673224;1020952576;15122432;1159790592;0;0;0;0;0;0;0;0;0;0;0;2856;0;0;89;0;190;0;
2998;4754226;1020952576;15122432;1159790592;0;0;0;0;0;0;0;0;0;0;0;2435;0;0;89;0;190;0;
2999;3036926;1020952576;15122432;1159790592;0;0;0;0;0;0;0;0;0;0;0;2625;0;0;89;0;190;0;
3000;2035628;1020952576;15122432;1159790592;0;0;0;0;0;0;0;0;0;0;0;2184;0;0;89;0;190;0;
3001;2583545;1020952576;15122432;1159790592;0;0;0;0;0;0;0;0;0;0;0;2004;0;0;89;0;190;0;
3002;3412449;1020952576;15122432;1159790592;0;0;0;0;0;0;0;0;0;0;0;2325;0;0;89;0;190;0;
3003;2150153;1020952576;15122432;1159790592;0;0;0;0;0;0;0;0;0;0;0;2014;0;0;89;0;190;0;
3004;3546081;1020952576;15122432;1159790592;0;0;0;0;0;0;0;0;0;0;0;2525;0;0;89;0;190;0;
3005;2953829;1020952576;15122432;1159790592;0;0;0;0;0;0;0;0;0;0;0;2024;0;0;89;0;190;0;
3006;4123844;1020952576;15122432;1159790592;0;0;0;0;0;0;0;0;0;0;0;2414;0;0;89;0;190;0;
3007;3116986;1020952576;15122432;1159790592;0;0;0;0;0;0;0;0;0;0;0;2625;0;0;89;0;190;0;
3008;2627968;1020952576;15122432;1159790592;0;0;0;0;0;0;0;0;0;0;0;2494;0;0;89;0;190;0;
3009;2531498;1020952576;15122432;1159790592;0;0;0;0;0;0;0;0;0;0;0;1723;0;0;89;0;190;0;
3010;3595192;1020952576;15122432;1159790592;0;0;0;0;0;0;0;0;0;0;0;2505;0;0;89;0;190;0;
3011;2092724;1020952576;15122432;1159790592;0;0;0;0;0;0;0;0;0;0;0;2074;0;0;89;0;190;0;
3012;3189301;1020952576;15122432;1159790592;0;0;0;0;0;0;0;0;0;0;0;2315;0;0;89;0;190;0;
3013;3214639;1020952576;15122432;1159790592;0;0;0;0;0;0;0;0;0;0;0;2164;0;0;89;0;190;0;
3014;5750345;1020952576;15122432;1159790592;0;0;0;0;0;0;0;0;0;0;0;2365;0;0;89;0;190;0;
3015;3013381;1020952576;15122432;1159790592;0;0;0;0;0;0;0;0;0;0;0;3126;0;0;89;0;190;0;
3016;3457564;1021218816;15122432;1159790592;0;0;0;0;0;0;0;0;0;0;0;2384;0;0;89;0;190;0;
3017;2905959;1021218816;15122432;1159790592;0;0;0;0;0;0;0;0;0;0;0;2524;0;0;89;0;190;0;
3018;3126724;1021218816;15122432;1159790592;0;0;0;0;0;0;0;0;0;0;0;2614;0;0;89;0;190;0;
3019;4032914;1021218816;15122432;1159790592;0;0;0;0;0;0;0;0;0;0;0;2585;0;0;89;0;190;0;
3020;3126424;1021218816;15122432;1159790592;0;0;0;0;0;0;0;0;0;0;0;2905;0;0;89;0;190;0;
3021;4131748;1021218816;15122432;1159790592;0;0;0;0;0;0;0;0;0;0;0;2314;0;0;89;0;190;0;
3022;2669767;1021218816;15122432;1159790592;0;0;0;0;0;0;0;0;0;0;0;2124;0;0;89;0;190;0;
3023;2886673;1021218816;15122432;1159790592;0;0;0;0;0;0;0;0;0;0;0;1964;0;0;89;0;190;0;
3024;1818200;1021218816;15122432;1159790592;0;0;0;0;0;0;0;0;0;0;0;1854;0;0;89;0;190;0;
3025;1916825;1021218816;15122432;1159790592;0;0;0;0;0;0;0;0;0;0;0;1573;0;0;89;0;190;0;
3026;3019212;1021218816;15122432;1159790592;0;0;0;0;0;0;0;0;0;0;0;1833;0;0;89;0;190;0;
3027;3614559;1021218816;15122432;1159790592;0;0;0;0;0;0;0;0;0;0;0;1854;0;0;89;0;190;0;
3028;3355944;1021218816;15122432;1159790592;0;0;0;0;0;0;0;0;0;0;0;2846;0;0;89;0;190;0;
3029;3334834;1021218816;15122432;1159790592;0;0;0;0;0;0;0;0;0;0;0;2194;0;0;89;0;190;0;
3030;3450410;1021218816;15122432;1159790592;0;0;0;0;0;0;0;0;0;0;0;2495;0;0;89;0;190;0;
3031;1989271;1021218816;15122432;1159790592;0;0;0;0;0;0;0;0;0;0;0;2134;0;0;89;0;190;0;
3032;2627929;1021218816;15122432;1159790592;0;0;0;0;0;0;0;0;0;0;0;1894;0;0;89;0;190;0;
3033;2293992;1021218816;15122432;1159790592;0;0;0;0;0;0;0;0;0;0;0;2054;0;0;89;0;190;0;
3034;2557987;1021218816;15122432;1159790592;0;0;0;0;0;0;0;0;0;0;0;2024;0;0;89;0;190;0;
3035;5903481;1021218816;15122432;1159790592;0;0;0;0;0;0;0;0;0;0;0;1784;0;0;89;0;190;0;
3036;4502223;1021218816;15122432;1159790592;0;0;0;0;0;0;0;0;0;0;0;3066;0;0;89;0;190;0;
3037;2564419;1021218816;15122432;1159790592;0;0;0;0;0;0;0;0;0;0;0;2695;0;0;89;0;190;0;
3038;3655375;1021218816;15122432;1159790592;0;0;0;0;0;0;0;0;0;0;0;2856;0;0;89;0;190;0;
3039;2790473;1021218816;15122432;1159790592;0;0;0;0;0;0;0;0;0;0;0;2505;0;0;89;0;190;0;
3040;3525872;1021218816;15122432;1159790592;0;0;0;0;0;0;0;0;0;0;0;3005;0;0;89;0;190;0;
3041;2599245;1021218816;15122432;1159790592;0;0;0;0;0;0;0;0;0;0;0;2464;0;0;89;0;190;0;
3042;2278483;1021218816;15122432;1159790592;0;0;0;0;0;0;0;0;0;0;0;2144;0;0;89;0;190;0;
3043;3516595;1021218816;15122432;1159790592;0;0;0;0;0;0;0;0;0;0;0;2394;0;0;89;0;190;0;
3044;3106266;1021218816;15122432;1159790592;0;0;0;0;0;0;0;0;0;0;0;2686;0;0;89;0;190;0;
3045;2716444;1021218816;15122432;1159790592;0;0;0;0;0;0;0;0;0;0;0;2334;0;0;89;0;190;0;
3046;3193439;1021218816;15122432;1159790592;0;0;0;0;0;0;0;0;0;0;0;2274;0;0;89;0;190;0;
3047;2439946;1021218816;15122432;1159790592;0;0;0;0;0;0;0;0;0;0;0;1874;0;0;89;0;190;0;
3048;3036384;1021218816;15122432;1159790592;0;0;0;0;0;0;0;0;0;0;0;1864;0;0;89;0;190;0;
3049;3227883;1021218816;15122432;1159790592;0;0;0;0;0;0;0;0;0;0;0;2986;0;0;89;0;190;0;
3050;2531347;1021218816;15122432;1159790592;0;0;0;0;0;0;0;0;0;0;0;2644;0;0;89;0;190;0;
3051;2553068;1021218816;15122432;1159790592;0;0;0;0;0;0;0;0;0;0;0;2234;0;0;89;0;190;0;
3052;3545389;1021218816;15122432;1159790592;0;0;0;0;0;0;0;0;0;0;0;1934;0;0;89;0;190;0;
3053;2887265;1021218816;15122432;1159790592;0;0;0;0;0;0;0;0;0;0;0;2524;0;0;89;0;190;0;
3054;2472356;1021218816;15122432;1159790592;0;0;0;0;0;0;0;0;0;0;0;1763;0;0;89;0;190;0;
3055;2916139;1021218816;15122432;1159790592;0;0;0;0;0;0;0;0;0;0;0;1553;0;0;89;0;190;0;
3056;6087736;1021218816;15122432;1159790592;0;0;0;0;0;0;0;0;0;0;0;2194;0;0;89;0;190;0;
3057;5041955;1021218816;15122432;1159790592;0;0;0;0;0;0;0;0;0;0;0;3527;0;0;89;0;190;0;
3058;2552206;1021218816;15122432;1159790592;0;0;0;0;0;0;0;0;0;0;0;2274;0;0;89;0;190;0;
3059;1700319;1021218816;15122432;1159790592;0;0;0;0;0;0;0;0;0;0;0;1743;0;0;89;0;190;0;
3060;3462815;1021218816;15122432;1159790592;0;0;0;0;0;0;0;0;0;0;0;1754;0;0;89;0;190;0;
3061;2774142;1021218816;15122432;1159790592;0;0;0;0;0;0;0;0;0;0;0;1633;0;0;89;0;190;0;
3062;3470288;1021218816;15122432;1159790592;0;0;0;0;0;0;0;0;0;0;0;3447;0;0;89;0;190;0;
3063;3466602;1021218816;15122432;1159790592;0;0;0;0;0;0;0;0;0;0;0;2485;0;0;89;0;190;0;
3064;3672888;1021218816;15122432;1159790592;0;0;0;0;0;0;0;0;0;0;0;2635;0;0;89;0;190;0;
3065;4326715;1021218816;15122432;1159790592;0;0;0;0;0;0;0;0;0;0;0;2685;0;0;89;0;190;0;
3066;3014323;1021218816;15122432;1159790592;0;0;0;0;0;0;0;0;0;0;0;2004;0;0;89;0;190;0;
3067;2410711;1021218816;15122432;1159790592;0;0;0;0;0;0;0;0;0;0;0;2304;0;0;89;0;190;0;
3068;2736522;1021218816;15122432;1159790592;0;0;0;0;0;0;0;0;0;0;0;1994;0;0;89;0;190;0;
3069;3189622;1021218816;15122432;1159790592;0;0;0;0;0;0;0;0;0;0;0;1733;0;0;89;0;190;0;
3070;3194111;1021218816;15122432;1159790592;0;0;0;0;0;0;0;0;0;0;0;2364;0;0;89;0;190;0;
3071;2650491;1021218816;15122432;1159790592;0;0;0;0;0;0;0;0;0;0;0;2274;0;0;89;0;190;0;
3072;2050817;1021218816;15122432;1159790592;0;0;0;0;0;0;0;0;0;0;0;2295;0;0;89;0;190;0;
3073;3987027;1021218816;15122432;1159790592;0;0;0;0;0;0;0;0;0;0;0;1894;0;0;89;0;190;0;
3074;3747238;1021218816;15122432;1159790592;0;0;0;0;0;0;0;0;0;0;0;2996;0;0;89;0;190;0;
3075;2781015;1021218816;15122432;1159790592;0;0;0;0;0;0;0;0;0;0;0;2665;0;0;89;0;190;0;
3076;4222188;1021218816;15122432;1159790592;0;0;0;0;0;0;0;0;0;0;0;2185;0;0;89;0;190;0;
3077;5445412;1021218816;15122432;1159790592;0;0;0;0;0;0;0;0;0;0;0;1794;0;0;89;0;190;0;
3078;4545385;1021218816;15122432;1159790592;0;0;0;0;0;0;0;0;0;0;0;3236;0;0;89;0;190;0;
3079;3924100;1021218816;15122432;1159790592;0;0;0;0;0;0;0;0;0;0;0;2164;0;0;89;0;190;0;
3080;2934042;1021218816;15122432;1159790592;0;0;0;0;0;0;0;0;0;0;0;1563;0;0;89;0;190;0;
3081;2190017;1021218816;15122432;1159790592;0;0;0;0;0;0;0;0;0;0;0;1924;0;0;89;0;190;0;
3082;4339438;1021218816;15122432;1159790592;0;0;0;0;0;0;0;0;0;0;0;1914;0;0;89;0;190;0;
3083;3007961;1021218816;15122432;1159790592;0;0;0;0;0;0;0;0;0;0;0;2375;0;0;89;0;190;0;
3084;2021451;1021218816;15122432;1159790592;0;0;0;0;0;0;0;0;0;0;0;1664;0;0;89;0;190;0;
3085;2840697;1021218816;15122432;1159790592;0;0;0;0;0;0;0;0;0;0;0;1643;0;0;89;0;190;0;
3086;2745338;1021218816;15122432;1159790592;0;0;0;0;0;0;0;0;0;0;0;1573;0;0;89;0;190;0;
3087;2254949;1021218816;15122432;1159790592;0;0;0;0;0;0;0;0;0;0;0;2004;0;0;89;0;190;0;
3088;1871360;1021218816;15122432;1159790592;0;0;0;0;0;0;0;0;0;0;0;1573;0;0;89;0;190;0;
3089;2721413;1021218816;15122432;1159790592;0;0;0;0;0;0;0;0;0;0;0;2124;0;0;89;0;190;0;
3090;3096758;1021218816;15122432;1159790592;0;0;0;0;0;0;0;0;0;0;0;2405;0;0;89;0;190;0;
3091;2605907;1021218816;15122432;1159790592;0;0;0;0;0;0;0;0;0;0;0;3216;0;0;89;0;190;0;
3092;2447480;1021218816;15122432;1159790592;0;0;0;0;0;0;0;0;0;0;0;2355;0;0;89;0;190;0;
3093;4203904;1021218816;15122432;1159790592;0;0;0;0;0;0;0;0;0;0;0;2294;0;0;89;0;190;0;
3094;9367238;1021218816;15122432;1159790592;0;0;0;0;0;0;0;0;0;0;0;2815;0;0;89;0;190;0;
3095;3365692;1021218816;15122432;1159790592;0;0;0;0;0;0;0;0;0;0;0;2725;0;0;89;0;190;0;
3096;2704352;1021218816;15122432;1159790592;0;0;0;0;0;0;0;0;0;0;0;2364;0;0;89;0;190;0;
3097;1777945;1021218816;15122432;1159790592;0;0;0;0;0;0;0;0;0;0;0;1783;0;0;89;0;190;0;
3098;6096052;1021218816;15122432;1159790592;0;0;0;0;0;0;0;0;0;0;0;1763;0;0;89;0;190;0;
3099;3705289;1021218816;15122432;1159790592;0;0;0;0;0;0;0;0;0;0;0;3226;0;0;89;0;190;0;
3100;3020765;1021218816;15122432;1159790592;0;0;0;0;0;0;0;0;0;0;0;2975;0;0;89;0;190;0;
3101;3787122;1021218816;15122432;1159790592;0;0;0;0;0;0;0;0;0;0;0;1894;0;0;89;0;190;0;
3102;2548980;1021218816;15122432;1159790592;0;0;0;0;0;0;0;0;0;0;0;1563;0;0;89;0;190;0;
3103;3828680;1021218816;15122432;1159790592;0;0;0;0;0;0;0;0;0;0;0;2124;0;0;89;0;190;0;
3104;3231210;1021218816;15122432;1159790592;0;0;0;0;0;0;0;0;0;0;0;2365;0;0;89;0;190;0;
3105;2766869;1021218816;15122432;1159790592;0;0;0;0;0;0;0;0;0;0;0;2334;0;0;89;0;190;0;
3106;2441719;1021218816;15122432;1159790592;0;0;0;0;0;0;0;0;0;0;0;1993;0;0;89;0;190;0;
3107;2587402;1021218816;15122432;1159790592;0;0;0;0;0;0;0;0;0;0;0;2074;0;0;89;0;190;0;
3108;2116800;1021218816;15122432;1159790592;0;0;0;0;0;0;0;0;0;0;0;2245;0;0;89;0;190;0;
3109;3371172;1021218816;15122432;1159790592;0;0;0;0;0;0;0;0;0;0;0;2525;0;0;89;0;190;0;
3110;3510033;1021218816;15122432;1159790592;0;0;0;0;0;0;0;0;0;0;0;2425;0;0;89;0;190;0;
3111;3664944;1021218816;15122432;1159790592;0;0;0;0;0;0;0;0;0;0;0;2385;0;0;89;0;190;0;
3112;2966273;1021218816;15122432;1159790592;0;0;0;0;0;0;0;0;0;0;0;2395;0;0;89;0;190;0;
3113;1838268;1021218816;15122432;1159790592;0;0;0;0;0;0;0;0;0;0;0;1533;0;0;89;0;190;0;
3114;3254573;1021218816;15122432;1159790592;0;0;0;0;0;0;0;0;0;0;0;1603;0;0;89;0;190;0;
3115;3033550;1021218816;15122432;1159790592;0;0;0;0;0;0;0;0;0;0;0;1873;0;0;89;0;190;0;
3116;3341206;1021218816;15122432;1159790592;0;0;0;0;0;0;0;0;0;0;0;2194;0;0;89;0;190;0;
3117;3889535;1021218816;15122432;1159790592;0;0;0;0;0;0;0;0;0;0;0;2645;0;0;89;0;190;0;
3118;2936777;1021218816;15122432;1159790592;0;0;0;0;0;0;0;0;0;0;0;2535;0;0;89;0;190;0;
3119;6883439;1021218816;15122432;1159790592;0;0;0;0;0;0;0;0;0;0;0;2835;0;0;89;0;190;0;
3120;3149166;1021218816;15122432;1159790592;0;0;0;0;0;0;0;0;0;0;0;2946;0;0;89;0;190;0;
3121;2871736;1021218816;15122432;1159790592;0;0;0;0;0;0;0;0;0;0;0;1813;0;0;89;0;190;0;
3122;1732028;1021218816;15122432;1159790592;0;0;0;0;0;0;0;0;0;0;0;1743;0;0;89;0;190;0;
3123;2250991;1021218816;15122432;1159790592;0;0;0;0;0;0;0;0;0;0;0;1864;0;0;89;0;190;0;
3124;4127881;1021218816;15122432;1159790592;0;0;0;0;0;0;0;0;0;0;0;2314;0;0;89;0;190;0;
3125;3524920;1021218816;15122432;1159790592;0;0;0;0;0;0;0;0;0;0;0;1503;0;0;89;0;190;0;
3126;2716805;1021218816;15122432;1159790592;0;0;0;0;0;0;0;0;0;0;0;1824;0;0;89;0;190;0;
3127;2840146;1021218816;15122432;1159790592;0;0;0;0;0;0;0;0;0;0;0;1753;0;0;89;0;190;0;
3128;2379713;1021218816;15122432;1159790592;0;0;0;0;0;0;0;0;0;0;0;2565;0;0;89;0;190;0;
3129;3358349;1021218816;15122432;1159790592;0;0;0;0;0;0;0;0;0;0;0;2255;0;0;89;0;190;0;
3130;4183716;1021218816;15122432;1159790592;0;0;0;0;0;0;0;0;0;0;0;2495;0;0;89;0;190;0;
3131;3777775;1021218816;15122432;1159790592;0;0;0;0;0;0;0;0;0;0;0;2545;0;0;89;0;190;0;
3132;3237201;1021218816;15122432;1159790592;0;0;0;0;0;0;0;0;0;0;0;2825;0;0;89;0;190;0;
3133;3651869;1021218816;15122432;1159790592;0;0;0;0;0;0;0;0;0;0;0;3095;0;0;89;0;190;0;
3134;3203157;1021218816;15122432;1159790592;0;0;0;0;0;0;0;0;0;0;0;2435;0;0;89;0;190;0;
3135;3939499;1021218816;15122432;1159790592;0;0;0;0;0;0;0;0;0;0;0;2585;0;0;89;0;190;0;
3136;3677667;1021218816;15122432;1159790592;0;0;0;0;0;0;0;0;0;0;0;2354;0;0;89;0;190;0;
3137;4110018;1021218816;15122432;1159790592;0;0;0;0;0;0;0;0;0;0;0;3487;0;0;89;0;190;0;
3138;3325617;1021218816;15122432;1159790592;0;0;0;0;0;0;0;0;0;0;0;2464;0;0;89;0;190;0;
3139;5695241;1021218816;15122432;1159790592;0;0;0;0;0;0;0;0;0;0;0;2304;0;0;89;0;190;0;
3140;3904983;1021218816;15122432;1159790592;0;0;0;0;0;0;0;0;0;0;0;3005;0;0;89;0;190;0;
3141;3873454;1021218816;15122432;1159790592;0;0;0;0;0;0;0;0;0;0;0;2665;0;0;89;0;190;0;
3142;4059624;1021218816;15122432;1159790592;0;0;0;0;0;0;0;0;0;0;0;91602;0;0;89;0;190;0;
3143;2999004;1021218816;15122432;1159790592;0;0;0;0;0;0;0;0;0;0;0;2064;0;0;89;0;190;0;
3144;3374177;1021218816;15122432;1159790592;0;0;0;0;0;0;0;0;0;0;0;1914;0;0;89;0;190;0;
3145;4648498;1021362176;15118336;1159786496;0;0;0;0;0;0;0;0;0;0;0;1623;0;0;89;0;190;0;
3146;2943039;1021362176;15118336;1159786496;0;0;0;0;0;0;0;0;0;0;0;2695;0;0;89;0;190;0;
3147;2335850;1021362176;15118336;1159786496;0;0;0;0;0;0;0;0;0;0;0;1893;0;0;89;0;190;0;
3148;3500505;1021362176;15118336;1159786496;0;0;0;0;0;0;0;0;0;0;0;2365;0;0;89;0;190;0;
3149;4331694;1021362176;15118336;1159786496;0;0;0;0;0;0;0;0;0;0;0;1312;0;0;89;0;190;0;
3150;2818606;1021362176;15118336;1159786496;0;0;0;0;0;0;0;0;0;0;0;2575;0;0;89;0;190;0;
3151;4858813;1021362176;15118336;1159786496;0;0;0;0;0;0;0;0;0;0;0;2665;0;0;89;0;190;0;
3152;3872923;1021362176;15118336;1159786496;0;0;0;0;0;0;0;0;0;0;0;3757;0;0;89;0;190;0;
3153;3514582;1021362176;15118336;1159786496;0;0;0;0;0;0;0;0;0;0;0;2324;0;0;89;0;190;0;
3154;3458356;1021362176;15118336;1159786496;0;0;0;0;0;0;0;0;0;0;0;3096;0;0;89;0;190;0;
3155;4063571;1021362176;15118336;1159786496;0;0;0;0;0;0;0;0;0;0;0;3046;0;0;89;0;190;0;
3156;4215836;1021362176;15118336;1159786496;0;0;0;0;0;0;0;0;0;0;0;2785;0;0;89;0;190;0;
3157;7568885;1021362176;15118336;1159786496;0;0;0;0;0;0;0;0;0;0;0;3818;0;0;89;0;190;0;
3158;4219764;1021362176;15122432;1159790592;0;0;0;0;0;0;0;0;0;0;0;10159;0;0;89;0;190;0;
3159;2788800;1021362176;15122432;1159790592;0;0;0;0;0;0;0;0;0;0;0;3647;0;0;89;0;190;0;
3160;3818571;1021362176;15122432;1159790592;0;0;0;0;0;0;0;0;0;0;0;3065;0;0;89;0;190;0;
3161;5041755;1021362176;15122432;1159790592;0;0;0;0;0;0;0;0;0;0;0;2795;0;0;89;0;190;0;
3162;2695535;1021362176;15122432;1159790592;0;0;0;0;0;0;0;0;0;0;0;2314;0;0;89;0;190;0;
3163;2851408;1021362176;15122432;1159790592;0;0;0;0;0;0;0;0;0;0;0;2575;0;0;89;0;190;0;
3164;4043253;1021362176;15122432;1159790592;0;0;0;0;0;0;0;0;0;0;0;2414;0;0;89;0;190;0;
3165;5631882;1021362176;15122432;1159790592;0;0;0;0;0;0;0;0;0;0;0;2855;0;0;89;0;190;0;
3166;2539192;1021362176;15122432;1159790592;0;0;0;0;0;0;0;0;0;0;0;2284;0;0;89;0;190;0;
3167;2530796;1021362176;15122432;1159790592;0;0;0;0;0;0;0;0;0;0;0;2104;0;0;89;0;190;0;
3168;2958478;1021362176;15122432;1159790592;0;0;0;0;0;0;0;0;0;0;0;2545;0;0;89;0;190;0;
3169;3610181;1021362176;15122432;1159790592;0;0;0;0;0;0;0;0;0;0;0;3427;0;0;89;0;190;0;
3170;3520732;1021362176;15122432;1159790592;0;0;0;0;0;0;0;0;0;0;0;3086;0;0;89;0;190;0;
3171;2460926;1021362176;15122432;1159790592;0;0;0;0;0;0;0;0;0;0;0;1613;0;0;89;0;190;0;
3172;3394516;1021362176;15122432;1159790592;0;0;0;0;0;0;0;0;0;0;0;1533;0;0;89;0;190;0;
3173;3663461;1021362176;15122432;1159790592;0;0;0;0;0;0;0;0;0;0;0;2354;0;0;89;0;190;0;
3174;3124279;1021362176;15122432;1159790592;0;0;0;0;0;0;0;0;0;0;0;3136;0;0;89;0;190;0;
3175;3450100;1021362176;15122432;1159790592;0;0;0;0;0;0;0;0;0;0;0;3146;0;0;89;0;190;0;
3176;7639637;1021362176;15122432;1159790592;0;0;0;0;0;0;0;0;0;0;0;2344;0;0;89;0;190;0;
3177;5491288;1021362176;15122432;1159790592;0;0;0;0;0;0;0;0;0;0;0;3075;0;0;89;0;190;0;
3178;2724800;1021362176;15122432;1159790592;0;0;0;0;0;0;0;0;0;0;0;4399;0;0;89;0;190;0;
3179;3307152;1021362176;15122432;1159790592;0;0;0;0;0;0;0;0;0;0;0;1993;0;0;89;0;190;0;
3180;5441796;1021362176;15122432;1159790592;0;0;0;0;0;0;0;0;0;0;0;3767;0;0;89;0;190;0;
3181;5186817;1021362176;15122432;1159790592;0;0;0;0;0;0;0;0;0;0;0;3326;0;0;89;0;190;0;
3182;3279280;1021362176;15122432;1159790592;0;0;0;0;0;0;0;0;0;0;0;2605;0;0;89;0;190;0;
3183;4086113;1021362176;15122432;1159790592;0;0;0;0;0;0;0;0;0;0;0;2014;0;0;89;0;190;0;
3184;4684274;1021362176;15122432;1159790592;0;0;0;0;0;0;0;0;0;0;0;3737;0;0;89;0;190;0;
3185;4473589;1021362176;15122432;1159790592;0;0;0;0;0;0;0;0;0;0;0;3757;0;0;89;0;190;0;
3186;3028921;1021362176;15122432;1159790592;0;0;0;0;0;0;0;0;0;0;0;2735;0;0;89;0;190;0;
3187;3555819;1021362176;15122432;1159790592;0;0;0;0;0;0;0;0;0;0;0;2285;0;0;89;0;190;0;
3188;3591175;1021362176;15122432;1159790592;0;0;0;0;0;0;0;0;0;0;0;2515;0;0;89;0;190;0;
3189;5393565;1021362176;15122432;1159790592;0;0;0;0;0;0;0;0;0;0;0;3547;0;0;89;0;190;0;
3190;3687245;1021362176;15122432;1159790592;0;0;0;0;0;0;0;0;0;0;0;3557;0;0;89;0;190;0;
3191;5159817;1021362176;15122432;1159790592;0;0;0;0;0;0;0;0;0;0;0;3697;0;0;89;0;190;0;
3192;5566549;1021362176;15122432;1159790592;0;0;0;0;0;0;0;0;0;0;0;3166;0;0;89;0;190;0;
3193;4768773;1021362176;15122432;1159790592;0;0;0;0;0;0;0;0;0;0;0;4138;0;0;89;0;190;0;
3194;3629416;1021362176;15122432;1159790592;0;0;0;0;0;0;0;0;0;0;0;3917;0;0;89;0;190;0;
3195;7724075;1021362176;15122432;1159790592;0;0;0;0;0;0;0;0;0;0;0;3707;0;0;89;0;190;0;
3196;4783110;1021362176;15122432;1159790592;0;0;0;0;0;0;0;0;0;0;0;2695;0;0;89;0;190;0;
3197;3052725;1021362176;15122432;1159790592;0;0;0;0;0;0;0;0;0;0;0;3296;0;0;89;0;191;0;
3198;2506371;1021362176;15122432;1159790592;0;0;0;0;0;0;0;0;0;0;0;2444;0;0;89;0;191;0;
3199;4280337;1021362176;15122432;1159790592;0;0;0;0;0;0;0;0;0;0;0;3106;0;0;89;0;191;0;
3200;3280442;1021362176;15122432;1159790592;0;0;0;0;0;0;0;0;0;0;0;2134;0;0;89;0;191;0;
3201;2778911;1021362176;15122432;1159790592;0;0;0;0;0;0;0;0;0;0;0;2515;0;0;89;0;191;0;
3202;3356414;1021362176;15122432;1159790592;0;0;0;0;0;0;0;0;0;0;0;1814;0;0;89;0;191;0;
3203;2659408;1021362176;15122432;1159790592;0;0;0;0;0;0;0;0;0;0;0;2284;0;0;89;0;191;0;
3204;2728898;1021362176;15122432;1159790592;0;0;0;0;0;0;0;0;0;0;0;2554;0;0;89;0;191;0;
3205;4806524;1021362176;15122432;1159790592;0;0;0;0;0;0;0;0;0;0;0;3066;0;0;89;0;191;0;
3206;5183091;1021362176;15122432;1159790592;0;0;0;0;0;0;0;0;0;0;0;2715;0;0;89;0;191;0;
3207;2982303;1021362176;15122432;1159790592;0;0;0;0;0;0;0;0;0;0;0;2986;0;0;89;0;191;0;
3208;2800021;1021362176;15122432;1159790592;0;0;0;0;0;0;0;0;0;0;0;2625;0;0;89;0;191;0;
3209;5909081;1021362176;15122432;1159790592;0;0;0;0;0;0;0;0;0;0;0;164389;0;0;89;0;191;0;
3210;4895331;1021362176;15122432;1159790592;0;0;0;0;0;0;0;0;0;0;0;2985;0;0;89;0;191;0;
3211;2967415;1021362176;15122432;1159790592;0;0;0;0;0;0;0;0;0;0;0;2605;0;0;89;0;191;0;
3212;3262148;1021362176;15122432;1159790592;0;0;0;0;0;0;0;0;0;0;0;2304;0;0;89;0;191;0;
3213;4291248;1021362176;15122432;1159790592;0;0;0;0;0;0;0;0;0;0;0;2675;0;0;89;0;191;0;
3214;8337596;1021362176;15122432;1159790592;0;0;0;0;0;0;0;0;0;0;0;3777;0;0;89;0;191;0;
3215;4026301;1021362176;15122432;1159790592;0;0;0;0;0;0;0;0;0;0;0;4328;0;0;89;0;191;0;
3216;3532765;1021362176;15122432;1159790592;0;0;0;0;0;0;0;0;0;0;0;2605;0;0;89;0;191;0;
3217;2993364;1021362176;15122432;1159790592;0;0;0;0;0;0;0;0;0;0;0;2395;0;0;89;0;191;0;
3218;2883328;1021362176;15122432;1159790592;0;0;0;0;0;0;0;0;0;0;0;2084;0;0;89;0;191;0;
3219;2606668;1021362176;15122432;1159790592;0;0;0;0;0;0;0;0;0;0;0;1623;0;0;89;0;191;0;
3220;3588860;1021362176;15122432;1159790592;0;0;0;0;0;0;0;0;0;0;0;3656;0;0;89;0;191;0;
3221;5289650;1021362176;15122432;1159790592;0;0;0;0;0;0;0;0;0;0;0;3326;0;0;89;0;191;0;
3222;4744758;1021362176;15122432;1159790592;0;0;0;0;0;0;0;0;0;0;0;3948;0;0;89;0;191;0;
3223;2848112;1021362176;15122432;1159790592;0;0;0;0;0;0;0;0;0;0;0;2385;0;0;89;0;191;0;
3224;1769960;1021362176;15122432;1159790592;0;0;0;0;0;0;0;0;0;0;0;2254;0;0;89;0;191;0;
3225;1455619;1021362176;15122432;1159790592;0;0;0;0;0;0;0;0;0;0;0;1703;0;0;89;0;191;0;
3226;2112652;1021362176;15122432;1159790592;0;0;0;0;0;0;0;0;0;0;0;1573;0;0;89;0;191;0;
3227;1950538;1021362176;15122432;1159790592;0;0;0;0;0;0;0;0;0;0;0;1743;0;0;89;0;191;0;
3228;7168604;1021362176;15122432;1159790592;0;0;0;0;0;0;0;0;0;0;0;3065;0;0;89;0;191;0;
3229;2940805;1021362176;15122432;1159790592;0;0;0;0;0;0;0;0;0;0;0;3486;0;0;89;0;191;0;
3230;3156129;1021362176;15122432;1159790592;0;0;0;0;0;0;0;0;0;0;0;3135;0;0;89;0;191;0;
3231;3782143;1021362176;15122432;1159790592;0;0;0;0;0;0;0;0;0;0;0;3216;0;0;89;0;191;0;
3232;7634558;1021362176;15122432;1159790592;0;0;0;0;0;0;0;0;0;0;0;2605;0;0;89;0;191;0;
3233;10969692;1021362176;15122432;1159790592;0;0;0;0;0;0;0;0;0;0;0;7344;0;0;89;0;192;0;
3234;3252299;1021362176;15122432;1159790592;0;0;0;0;0;0;0;0;0;0;0;2465;0;0;89;0;192;0;
3235;2523462;1021362176;15122432;1159790592;0;0;0;0;0;0;0;0;0;0;0;1653;0;0;89;0;192;0;
3236;3321329;1021362176;15122432;1159790592;0;0;0;0;0;0;0;0;0;0;0;2925;0;0;89;0;192;0;
3237;2352963;1021362176;15122432;1159790592;0;0;0;0;0;0;0;0;0;0;0;1864;0;0;89;0;192;0;
3238;2845807;1021362176;15122432;1159790592;0;0;0;0;0;0;0;0;0;0;0;1723;0;0;89;0;192;0;
3239;4620455;1021362176;15118336;1159786496;0;0;0;0;0;0;0;0;0;0;0;1904;0;0;89;0;192;0;
3240;2605066;1021362176;15118336;1159786496;0;0;0;0;0;0;0;0;0;0;0;1803;0;0;89;0;192;0;
3241;1986465;1021362176;15118336;1159786496;0;0;0;0;0;0;0;0;0;0;0;1873;0;0;89;0;192;0;
3242;4300505;1021362176;15118336;1159786496;0;0;0;0;0;0;0;0;0;0;0;3617;0;0;89;0;192;0;
3243;3803743;1021362176;15118336;1159786496;0;0;0;0;0;0;0;0;0;0;0;123502;0;0;89;0;192;0;
3244;4088407;1021362176;15118336;1159786496;0;0;0;0;0;0;0;0;0;0;0;2725;0;0;89;0;192;0;
3245;2791154;1021362176;15118336;1159786496;0;0;0;0;0;0;0;0;0;0;0;3547;0;0;89;0;193;0;
3246;3690942;1021362176;15118336;1159786496;0;0;0;0;0;0;0;0;0;0;0;1744;0;0;89;0;193;0;
3247;3412440;1021362176;15118336;1159786496;0;0;0;0;0;0;0;0;0;0;0;3487;0;0;89;0;193;0;
3248;3283858;1021362176;15118336;1159786496;0;0;0;0;0;0;0;0;0;0;0;1933;0;0;89;0;193;0;
3249;2027031;1021362176;15118336;1159786496;0;0;0;0;0;0;0;0;0;0;0;2375;0;0;89;0;193;0;
3250;8068702;1021362176;15118336;1159786496;0;0;0;0;0;0;0;0;0;0;0;3106;0;0;89;0;193;0;
3251;6529605;1021362176;15118336;1159786496;0;0;0;0;0;0;0;0;0;0;0;2985;0;0;89;0;193;0;
3252;3691453;1021362176;15118336;1159786496;0;0;0;0;0;0;0;0;0;0;0;3667;0;0;89;0;193;0;
3253;3765823;1021362176;15118336;1159786496;0;0;0;0;0;0;0;0;0;0;0;29155;0;0;89;0;193;0;
3254;5637953;1021362176;15118336;1159786496;0;0;0;0;0;0;0;0;0;0;0;2815;0;0;89;0;193;0;
3255;4061898;1021362176;15118336;1159786496;0;0;0;0;0;0;0;0;0;0;0;2515;0;0;89;0;193;0;
3256;2291698;1021362176;15118336;1159786496;0;0;0;0;0;0;0;0;0;0;0;1704;0;0;89;0;193;0;
3257;5260896;1021358080;15114240;1159782400;0;0;0;0;0;0;0;0;0;0;0;2375;0;0;89;0;193;0;
3258;4540855;1021358080;15114240;1159782400;0;0;0;0;0;0;0;0;0;0;0;3466;0;0;89;0;193;0;
3259;3478513;1021358080;15114240;1159782400;0;0;0;0;0;0;0;0;0;0;0;2084;0;0;89;0;193;0;
3260;2708209;1021358080;15114240;1159782400;0;0;0;0;0;0;0;0;0;0;0;2004;0;0;89;0;193;0;
3261;4822464;1021358080;15114240;1159782400;0;0;0;0;0;0;0;0;0;0;0;2274;0;0;89;0;193;0;
3262;4478529;1021358080;15114240;1159782400;0;0;0;0;0;0;0;0;0;0;0;2685;0;0;89;0;193;0;
3263;3966880;1021358080;15114240;1159782400;0;0;0;0;0;0;0;0;0;0;0;2395;0;0;89;0;193;0;
3264;2995377;1021358080;15114240;1159782400;0;0;0;0;0;0;0;0;0;0;0;3466;0;0;89;0;194;0;
3265;2527910;1021358080;15114240;1159782400;0;0;0;0;0;0;0;0;0;0;0;1734;0;0;89;0;194;0;
3266;3331638;1021358080;15114240;1159782400;0;0;0;0;0;0;0;0;0;0;0;320441;0;0;89;0;194;0;
3267;12476769;1021358080;15114240;1159782400;0;0;0;0;0;0;0;0;0;0;0;1974;0;0;89;0;194;0;
3268;5220811;1021358080;15114240;1159782400;0;0;0;0;0;0;0;0;0;0;0;2584;0;0;89;0;194;0;
3269;5368498;1021358080;15114240;1159782400;0;0;0;0;0;0;0;0;0;0;0;3576;0;0;89;0;194;0;
3270;4170120;1021358080;15114240;1159782400;0;0;0;0;0;0;0;0;0;0;0;2214;0;0;89;0;194;0;
3271;3189161;1021358080;15114240;1159782400;0;0;0;0;0;0;0;0;0;0;0;1934;0;0;89;0;194;0;
3272;2979738;1021358080;15114240;1159782400;0;0;0;0;0;0;0;0;0;0;0;1453;0;0;89;0;194;0;
3273;3091618;1021358080;15114240;1159782400;0;0;0;0;0;0;0;0;0;0;0;2294;0;0;89;0;194;0;
3274;5556922;1021358080;15114240;1159782400;0;0;0;0;0;0;0;0;0;0;0;2485;0;0;89;0;194;0;
3275;3292705;1021358080;15114240;1159782400;0;0;0;0;0;0;0;0;0;0;0;2184;0;0;89;0;194;0;
3276;3587718;1021358080;15114240;1159782400;0;0;0;0;0;0;0;0;0;0;0;2274;0;0;89;0;194;0;
3277;5178391;1021358080;15114240;1159782400;0;0;0;0;0;0;0;0;0;0;0;2494;0;0;89;0;194;0;
3278;4809300;1021358080;15114240;1159782400;0;0;0;0;0;0;0;0;0;0;0;2885;0;0;89;0;194;0;
3279;3999470;1021358080;15114240;1159782400;0;0;0;0;0;0;0;0;0;0;0;2345;0;0;89;0;194;0;
3280;10418118;1021358080;15114240;1159782400;0;0;0;0;0;0;0;0;0;0;0;2564;0;0;89;0;194;0;
3281;5193450;1021358080;15114240;1159782400;0;0;0;0;0;0;0;0;0;0;0;2856;0;0;89;0;194;0;
3282;3472822;1021358080;15114240;1159782400;0;0;0;0;0;0;0;0;0;0;0;2685;0;0;89;0;194;0;
3283;4592432;1021358080;15114240;1159782400;0;0;0;0;0;0;0;0;0;0;0;2425;0;0;89;0;194;0;
3284;4373562;1021358080;15114240;1159782400;0;0;0;0;0;0;0;0;0;0;0;2244;0;0;89;0;194;0;
3285;3288557;1021358080;15114240;1159782400;0;0;0;0;0;0;0;0;0;0;0;2535;0;0;89;0;194;0;
3286;3660605;1021358080;15114240;1159782400;0;0;0;0;0;0;0;0;0;0;0;2665;0;0;89;0;194;0;
3287;4695245;1021358080;15114240;1159782400;0;0;0;0;0;0;0;0;0;0;0;2394;0;0;89;0;194;0;
3288;4693923;1021358080;15114240;1159782400;0;0;0;0;0;0;0;0;0;0;0;2836;0;0;89;0;194;0;
3289;3471160;1021358080;15114240;1159782400;0;0;0;0;0;0;0;0;0;0;0;1823;0;0;89;0;194;0;
3290;2855235;1021358080;15114240;1159782400;0;0;0;0;0;0;0;0;0;0;0;2214;0;0;89;0;194;0;
3291;1990302;1021358080;15114240;1159782400;0;0;0;0;0;0;0;0;0;0;0;1914;0;0;89;0;194;0;
3292;3229757;1021358080;15114240;1159782400;0;0;0;0;0;0;0;0;0;0;0;2615;0;0;89;0;194;0;
3293;10548612;1021358080;15114240;1159782400;0;0;0;0;0;0;0;0;0;0;0;2514;0;0;89;0;194;0;
3294;5127986;1021358080;15114240;1159782400;0;0;0;0;0;0;0;0;0;0;0;2846;0;0;89;0;194;0;
3295;4900450;1021358080;15114240;1159782400;0;0;0;0;0;0;0;0;0;0;0;2846;0;0;89;0;194;0;
3296;6288944;1021358080;15114240;1159782400;0;0;0;0;0;0;0;0;0;0;0;3667;0;0;89;0;194;0;
3297;3709777;1021358080;15114240;1159782400;0;0;0;0;0;0;0;0;0;0;0;2825;0;0;89;0;194;0;
3298;2478007;1021358080;15114240;1159782400;0;0;0;0;0;0;0;0;0;0;0;1293;0;0;89;0;194;0;
3299;2251412;1021358080;15114240;1159782400;0;0;0;0;0;0;0;0;0;0;0;1744;0;0;89;0;194;0;
3300;4119135;1021358080;15114240;1159782400;0;0;0;0;0;0;0;0;0;0;0;2295;0;0;89;0;194;0;
3301;4346311;1021358080;15114240;1159782400;0;0;0;0;0;0;0;0;0;0;0;2856;0;0;89;0;194;0;
3302;3066251;1021358080;15114240;1159782400;0;0;0;0;0;0;0;0;0;0;0;2314;0;0;89;0;194;0;
3303;5674481;1021358080;15114240;1159782400;0;0;0;0;0;0;0;0;0;0;0;2976;0;0;89;0;194;0;
3304;4527391;1021358080;15114240;1159782400;0;0;0;0;0;0;0;0;0;0;0;3517;0;0;89;0;197;0;
3305;3067072;1021358080;15114240;1159782400;0;0;0;0;0;0;0;0;0;0;0;1753;0;0;89;0;197;0;
3306;7774510;1021358080;15114240;1159782400;0;0;0;0;0;0;0;0;0;0;0;2003;0;0;89;0;197;0;
3307;4521850;1021358080;15114240;1159782400;0;0;0;0;0;0;0;0;0;0;0;3267;0;0;89;0;197;0;
3308;4051868;1021358080;15114240;1159782400;0;0;0;0;0;0;0;0;0;0;0;2505;0;0;89;0;197;0;
3309;2217950;1021358080;15114240;1159782400;0;0;0;0;0;0;0;0;0;0;0;1724;0;0;89;0;197;0;
3310;5038690;1021358080;15114240;1159782400;0;0;0;0;0;0;0;0;0;0;0;3867;0;0;89;0;197;0;
3311;4057339;1021358080;15114240;1159782400;0;0;0;0;0;0;0;0;0;0;0;2544;0;0;89;0;197;0;
3312;3688116;1021358080;15114240;1159782400;0;0;0;0;0;0;0;0;0;0;0;2003;0;0;89;0;197;0;
3313;3927946;1021358080;15114240;1159782400;0;0;0;0;0;0;0;0;0;0;0;1603;0;0;89;0;197;0;
3314;2880833;1021358080;15114240;1159782400;0;0;0;0;0;0;0;0;0;0;0;1883;0;0;89;0;197;0;
3315;3162762;1021358080;15114240;1159782400;0;0;0;0;0;0;0;0;0;0;0;1884;0;0;89;0;197;0;
3316;4796465;1021358080;15114240;1159782400;0;0;0;0;0;0;0;0;0;0;0;2274;0;0;89;0;197;0;
3317;3073735;1021358080;15114240;1159782400;0;0;0;0;0;0;0;0;0;0;0;2274;0;0;89;0;197;0;
3318;1277566;1021358080;15114240;1159782400;0;0;0;0;0;0;0;0;0;0;0;1633;0;0;89;0;197;0;
3319;5231912;1021358080;15114240;1159782400;0;0;0;0;0;0;0;0;0;0;0;1843;0;0;89;0;197;0;
3320;5874938;1021358080;15114240;1159782400;0;0;0;0;0;0;0;0;0;0;0;3597;0;0;89;0;199;0;
3321;4463410;1021358080;15114240;1159782400;0;0;0;0;0;0;0;0;0;0;0;3908;0;0;89;0;199;0;
3322;2683784;1021358080;15114240;1159782400;0;0;0;0;0;0;0;0;0;0;0;2886;0;0;89;0;199;0;
3323;8040790;1021358080;15114240;1159782400;0;0;0;0;0;0;0;0;0;0;0;4528;0;0;89;0;199;0;
3324;5299869;1021358080;15114240;1159782400;0;0;0;0;0;0;0;0;0;0;0;47168;0;0;89;0;199;0;
3325;2603863;1021358080;15114240;1159782400;0;0;0;0;0;0;0;0;0;0;0;2776;0;0;89;0;199;0;
3326;3149908;1021358080;15114240;1159782400;0;0;0;0;0;0;0;0;0;0;0;1933;0;0;89;0;199;0;
3327;2620264;1021358080;15114240;1159782400;0;0;0;0;0;0;0;0;0;0;0;2444;0;0;89;0;199;0;
3328;5305960;1021358080;15114240;1159782400;0;0;0;0;0;0;0;0;0;0;0;2806;0;0;89;0;199;0;
3329;3403162;1021358080;15114240;1159782400;0;0;0;0;0;0;0;0;0;0;0;2495;0;0;89;0;199;0;
3330;2600998;1021358080;15114240;1159782400;0;0;0;0;0;0;0;0;0;0;0;2194;0;0;89;0;199;0;
3331;3924279;1021358080;15114240;1159782400;0;0;0;0;0;0;0;0;0;0;0;2404;0;0;89;0;199;0;
3332;10537932;1021358080;15114240;1159782400;0;0;0;0;0;0;0;0;0;0;0;2395;0;0;89;0;199;0;
3333;6134234;1021358080;15114240;1159782400;0;0;0;0;0;0;0;0;0;0;0;2915;0;0;89;0;199;0;
3334;4527010;1021358080;15114240;1159782400;0;0;0;0;0;0;0;0;0;0;0;3637;0;0;89;0;199;0;
3335;3658420;1021358080;15114240;1159782400;0;0;0;0;0;0;0;0;0;0;0;3025;0;0;89;0;199;0;
3336;4611628;1021358080;15114240;1159782400;0;0;0;0;0;0;0;0;0;0;0;2485;0;0;89;0;199;0;
3337;4835559;1021358080;15114240;1159782400;0;0;0;0;0;0;0;0;0;0;0;2214;0;0;89;0;199;0;
3338;6288473;1021358080;15114240;1159782400;0;0;0;0;0;0;0;0;0;0;0;2956;0;0;89;0;199;0;
3339;4240232;1021358080;15114240;1159782400;0;0;0;0;0;0;0;0;0;0;0;2825;0;0;89;0;199;0;
3340;3549527;1021358080;15114240;1159782400;0;0;0;0;0;0;0;0;0;0;0;2645;0;0;89;0;199;0;
3341;4412665;1021358080;15114240;1159782400;0;0;0;0;0;0;0;0;0;0;0;2906;0;0;89;0;199;0;
3342;7574555;1021358080;15114240;1159782400;0;0;0;0;0;0;0;0;0;0;0;3506;0;0;89;0;199;0;
3343;2382599;1021358080;15114240;1159782400;0;0;0;0;0;0;0;0;0;0;0;1853;0;0;89;0;199;0;
3344;1427256;1021358080;15114240;1159782400;0;0;0;0;0;0;0;0;0;0;0;1743;0;0;89;0;199;0;
3345;7428771;1021358080;15114240;1159782400;0;0;0;0;0;0;0;0;0;0;0;1823;0;0;89;0;199;0;
3346;6452030;1021358080;15114240;1159782400;0;0;0;0;0;0;0;0;0;0;0;4008;0;0;89;0;199;0;
3347;3670804;1021358080;15114240;1159782400;0;0;0;0;0;0;0;0;0;0;0;3206;0;0;89;0;199;0;
3348;2533151;1021358080;15114240;1159782400;0;0;0;0;0;0;0;0;0;0;0;2103;0;0;89;0;199;0;
3349;6120098;1021358080;15114240;1159782400;0;0;0;0;0;0;0;0;0;0;0;3156;0;0;89;0;199;0;
3350;5730227;1021358080;15114240;1159782400;0;0;0;0;0;0;0;0;0;0;0;2986;0;0;89;0;199;0;
3351;2843903;1021358080;15114240;1159782400;0;0;0;0;0;0;0;0;0;0;0;2575;0;0;89;0;199;0;
3352;2864122;1021358080;15114240;1159782400;0;0;0;0;0;0;0;0;0;0;0;2304;0;0;89;0;199;0;
3353;2725802;1021358080;15114240;1159782400;0;0;0;0;0;0;0;0;0;0;0;1934;0;0;89;0;199;0;
3354;5721790;1021358080;15114240;1159782400;0;0;0;0;0;0;0;0;0;0;0;3276;0;0;89;0;199;0;
3355;6215907;1021358080;15114240;1159782400;0;0;0;0;0;0;0;0;0;0;0;3146;0;0;89;0;199;0;
3356;5134819;1021358080;15114240;1159782400;0;0;0;0;0;0;0;0;0;0;0;153868;0;0;89;0;199;0;
3357;4378331;1021358080;15114240;1159782400;0;0;0;0;0;0;0;0;0;0;0;3587;0;0;89;0;199;0;
3358;9962273;1021358080;15114240;1159782400;0;0;0;0;0;0;0;0;0;0;0;2826;0;0;89;0;199;0;
3359;8415873;1021358080;15114240;1159782400;0;0;0;0;0;0;0;0;0;0;0;3155;0;0;89;0;199;0;
3360;4540064;1021358080;15114240;1159782400;0;0;0;0;0;0;0;0;0;0;0;3356;0;0;89;0;199;0;
3361;4187924;1021358080;15114240;1159782400;0;0;0;0;0;0;0;0;0;0;0;3106;0;0;89;0;199;0;
3362;2747973;1021358080;15114240;1159782400;0;0;0;0;0;0;0;0;0;0;0;2144;0;0;89;0;199;0;
3363;2860424;1021358080;15114240;1159782400;0;0;0;0;0;0;0;0;0;0;0;2034;0;0;89;0;199;0;
3364;1540108;1021358080;15114240;1159782400;0;0;0;0;0;0;0;0;0;0;0;2034;0;0;89;0;199;0;
3365;2183004;1021358080;15114240;1159782400;0;0;0;0;0;0;0;0;0;0;0;1423;0;0;89;0;199;0;
3366;5921786;1021358080;15114240;1159782400;0;0;0;0;0;0;0;0;0;0;0;2856;0;0;89;0;199;0;
3367;3833169;1021358080;15114240;1159782400;0;0;0;0;0;0;0;0;0;0;0;2875;0;0;89;0;199;0;
3368;5542094;1021358080;15114240;1159782400;0;0;0;0;0;0;0;0;0;0;0;3657;0;0;89;0;199;0;
3369;4205146;1021358080;15114240;1159782400;0;0;0;0;0;0;0;0;0;0;0;3757;0;0;89;0;199;0;
3370;4196631;1021358080;15114240;1159782400;0;0;0;0;0;0;0;0;0;0;0;2916;0;0;89;0;199;0;
3371;10625347;1021358080;15114240;1159782400;0;0;0;0;0;0;0;0;0;0;0;3707;0;0;89;0;200;0;
3372;7768720;1021358080;15114240;1159782400;0;0;0;0;0;0;0;0;0;0;0;3507;0;0;89;0;200;0;
3373;4682592;1021358080;15114240;1159782400;0;0;0;0;0;0;0;0;0;0;0;3246;0;0;89;0;200;0;
3374;6765117;1021358080;15114240;1159782400;0;0;0;0;0;0;0;0;0;0;0;2625;0;0;89;0;200;0;
3375;5557623;1021358080;15114240;1159782400;0;0;0;0;0;0;0;0;0;0;0;2755;0;0;89;0;200;0;
3376;3904583;1021358080;15114240;1159782400;0;0;0;0;0;0;0;0;0;0;0;2084;0;0;89;0;200;0;
3377;4149592;1021358080;15114240;1159782400;0;0;0;0;0;0;0;0;0;0;0;2354;0;0;89;0;200;0;
3378;5250426;1021358080;15114240;1159782400;0;0;0;0;0;0;0;0;0;0;0;3025;0;0;89;0;200;0;
3379;5009805;1021358080;15114240;1159782400;0;0;0;0;0;0;0;0;0;0;0;2915;0;0;89;0;200;0;
3380;2968707;1021358080;15114240;1159782400;0;0;0;0;0;0;0;0;0;0;0;2595;0;0;89;0;200;0;
3381;4858191;1021358080;15114240;1159782400;0;0;0;0;0;0;0;0;0;0;0;2214;0;0;89;0;200;0;
3382;2922360;1021358080;15114240;1159782400;0;0;0;0;0;0;0;0;0;0;0;2835;0;0;89;0;200;0;
3383;4641475;1021358080;15114240;1159782400;0;0;0;0;0;0;0;0;0;0;0;2134;0;0;89;0;200;0;
3384;9012502;1021358080;15114240;1159782400;0;0;0;0;0;0;0;0;0;0;0;3467;0;0;89;0;200;0;
3385;6432904;1021358080;15114240;1159782400;0;0;0;0;0;0;0;0;0;0;0;3357;0;0;89;0;200;0;
3386;5964375;1021358080;15114240;1159782400;0;0;0;0;0;0;0;0;0;0;0;3256;0;0;89;0;200;0;
3387;5116325;1021358080;15114240;1159782400;0;0;0;0;0;0;0;0;0;0;0;2685;0;0;89;0;200;0;
3388;5090817;1021358080;15114240;1159782400;0;0;0;0;0;0;0;0;0;0;0;3146;0;0;89;0;200;0;
3389;3447085;1021358080;15114240;1159782400;0;0;0;0;0;0;0;0;0;0;0;3186;0;0;89;0;200;0;
3390;4222259;1021358080;15114240;1159782400;0;0;0;0;0;0;0;0;0;0;0;3446;0;0;89;0;200;0;
3391;5621613;1021685760;15114240;1159782400;0;0;0;0;0;0;0;0;0;0;0;3416;0;0;89;0;200;0;
3392;4905901;1021685760;15114240;1159782400;0;0;0;0;0;0;0;0;0;0;0;2976;0;0;89;0;200;0;
3393;4934484;1021685760;15114240;1159782400;0;0;0;0;0;0;0;0;0;0;0;2624;0;0;89;0;200;0;
3394;5578331;1021685760;15114240;1159782400;0;0;0;0;0;0;0;0;0;0;0;443502;0;0;89;0;200;0;
3395;6625275;1021685760;15114240;1159782400;0;0;0;0;0;0;0;0;0;0;0;3266;0;0;89;0;200;0;
3396;5468766;1021685760;15114240;1159782400;0;0;0;0;0;0;0;0;0;0;0;3787;0;0;89;0;200;0;
3397;9861955;1021685760;15114240;1159782400;0;0;0;0;0;0;0;0;0;0;0;3897;0;0;89;0;200;0;
3398;6813709;1021685760;15114240;1159782400;0;0;0;0;0;0;0;0;0;0;0;3266;0;0;89;0;200;0;
3399;5241830;1021685760;15114240;1159782400;0;0;0;0;0;0;0;0;0;0;0;3126;0;0;89;0;200;0;
3400;5485257;1021685760;15114240;1159782400;0;0;0;0;0;0;0;0;0;0;0;3597;0;0;89;0;200;0;
3401;6414339;1021685760;15114240;1159782400;0;0;0;0;0;0;0;0;0;0;0;2434;0;0;89;0;200;0;
3402;4417975;1021685760;15114240;1159782400;0;0;0;0;0;0;0;0;0;0;0;3136;0;0;89;0;200;0;
3403;5427649;1021685760;15114240;1159782400;0;0;0;0;0;0;0;0;0;0;0;3386;0;0;89;0;200;0;
3404;5676004;1021685760;15114240;1159782400;0;0;0;0;0;0;0;0;0;0;0;2826;0;0;89;0;200;0;
3405;4347793;1021685760;15114240;1159782400;0;0;0;0;0;0;0;0;0;0;0;2785;0;0;89;0;200;0;
3406;3905094;1021685760;15114240;1159782400;0;0;0;0;0;0;0;0;0;0;0;2284;0;0;89;0;200;0;
3407;5230369;1021681664;15110144;1159778304;0;0;0;0;0;0;0;0;0;0;0;3466;0;0;89;0;200;0;
3408;4429797;1021681664;15110144;1159778304;0;0;0;0;0;0;0;0;0;0;0;2505;0;0;89;0;200;0;
3409;4181281;1021681664;15110144;1159778304;0;0;0;0;0;0;0;0;0;0;0;2585;0;0;89;0;200;0;
3410;6241896;1021681664;15110144;1159778304;0;0;0;0;0;0;0;0;0;0;0;2144;0;0;89;0;200;0;
3411;6174790;1021681664;15110144;1159778304;0;0;0;0;0;0;0;0;0;0;0;2965;0;0;89;0;200;0;
3412;4984507;1021681664;15110144;1159778304;0;0;0;0;0;0;0;0;0;0;0;3356;0;0;89;0;200;0;
3413;5186336;1021681664;15110144;1159778304;0;0;0;0;0;0;0;0;0;0;0;2725;0;0;89;0;200;0;
3414;5359562;1021681664;15110144;1159778304;0;0;0;0;0;0;0;0;0;0;0;3386;0;0;89;0;200;0;
3415;5586386;1021681664;15110144;1159778304;0;0;0;0;0;0;0;0;0;0;0;3146;0;0;89;0;200;0;
3416;5724095;1021681664;15110144;1159778304;0;0;0;0;0;0;0;0;0;0;0;3546;0;0;89;0;200;0;
3417;4719771;1021681664;15110144;1159778304;0;0;0;0;0;0;0;0;0;0;0;3006;0;0;89;0;200;0;
3418;4044686;1021681664;15110144;1159778304;0;0;0;0;0;0;0;0;0;0;0;2465;0;0;89;0;200;0;
3419;5702704;1021681664;15110144;1159778304;0;0;0;0;0;0;0;0;0;0;0;3236;0;0;89;0;200;0;
3420;8934595;1021681664;15110144;1159778304;0;0;0;0;0;0;0;0;0;0;0;3927;0;0;89;0;200;0;
3421;4736823;1021681664;15110144;1159778304;0;0;0;0;0;0;0;0;0;0;0;2605;0;0;89;0;200;0;
3422;5665114;1021681664;15110144;1159778304;0;0;0;0;0;0;0;0;0;0;0;3056;0;0;89;0;200;0;
3423;10516572;1021681664;15110144;1159778304;0;0;0;0;0;0;0;0;0;0;0;3106;0;0;89;0;200;0;
3424;8340942;1022218240;15114240;1159782400;0;0;0;0;0;0;0;0;0;0;0;3447;0;0;89;0;200;0;
3425;4564621;1022218240;15114240;1159782400;0;0;0;0;0;0;0;0;0;0;0;3326;0;0;89;0;200;0;
3426;3700459;1022218240;15114240;1159782400;0;0;0;0;0;0;0;0;0;0;0;2786;0;0;89;0;200;0;
3427;6023697;1022218240;15114240;1159782400;0;0;0;0;0;0;0;0;0;0;0;3006;0;0;89;0;200;0;
3428;3591345;1022218240;15114240;1159782400;0;0;0;0;0;0;0;0;0;0;0;1964;0;0;89;0;200;0;
3429;2227167;1022218240;15114240;1159782400;0;0;0;0;0;0;0;0;0;0;0;1542;0;0;89;0;200;0;
3430;6013728;1022218240;15114240;1159782400;0;0;0;0;0;0;0;0;0;0;0;1543;0;0;89;0;200;0;
3431;4187373;1022218240;15114240;1159782400;0;0;0;0;0;0;0;0;0;0;0;2725;0;0;89;0;200;0;
3432;2118593;1022218240;15114240;1159782400;0;0;0;0;0;0;0;0;0;0;0;2304;0;0;89;0;200;0;
3433;5242541;1022218240;15114240;1159782400;0;0;0;0;0;0;0;0;0;0;0;3216;0;0;89;0;200;0;
3434;2979448;1022218240;15114240;1159782400;0;0;0;0;0;0;0;0;0;0;0;2474;0;0;89;0;200;0;
3435;3627242;1022218240;15114240;1159782400;0;0;0;0;0;0;0;0;0;0;0;2796;0;0;89;0;200;0;
3436;10821315;1022218240;15114240;1159782400;0;0;0;0;0;0;0;0;0;0;0;2013;0;0;89;0;200;0;
3437;5949327;1022218240;15114240;1159782400;0;0;0;0;0;0;0;0;0;0;0;2555;0;0;89;0;200;0;
3438;4798710;1022218240;15114240;1159782400;0;0;0;0;0;0;0;0;0;0;0;2755;0;0;89;0;200;0;
3439;2461516;1022218240;15114240;1159782400;0;0;0;0;0;0;0;0;0;0;0;1663;0;0;89;0;200;0;
3440;5788536;1022218240;15114240;1159782400;0;0;0;0;0;0;0;0;0;0;0;2776;0;0;89;0;200;0;
3441;3642742;1022218240;15114240;1159782400;0;0;0;0;0;0;0;0;0;0;0;2755;0;0;89;0;200;0;
3442;3324766;1022218240;15114240;1159782400;0;0;0;0;0;0;0;0;0;0;0;3536;0;0;89;0;200;0;
3443;4817825;1022218240;15114240;1159782400;0;0;0;0;0;0;0;0;0;0;0;1974;0;0;89;0;200;0;
3444;4480092;1022218240;15114240;1159782400;0;0;0;0;0;0;0;0;0;0;0;2705;0;0;89;0;200;0;
3445;4264648;1022218240;15114240;1159782400;0;0;0;0;0;0;0;0;0;0;0;2445;0;0;89;0;200;0;
3446;4934775;1022218240;15114240;1159782400;0;0;0;0;0;0;0;0;0;0;0;2565;0;0;89;0;200;0;
3447;3791521;1022218240;15114240;1159782400;0;0;0;0;0;0;0;0;0;0;0;1754;0;0;89;0;200;0;
3448;2620644;1022480384;15114240;1159782400;0;0;0;0;0;0;0;0;0;0;0;2325;0;0;89;0;200;0;
3449;7369230;1022480384;15114240;1159782400;0;0;0;0;0;0;0;0;0;0;0;2866;0;0;89;0;200;0;
3450;6516812;1022480384;15114240;1159782400;0;0;0;0;0;0;0;0;0;0;0;3366;0;0;89;0;200;0;
3451;3410886;1022480384;15114240;1159782400;0;0;0;0;0;0;0;0;0;0;0;2374;0;0;89;0;200;0;
3452;4560513;1022480384;15114240;1159782400;0;0;0;0;0;0;0;0;0;0;0;2365;0;0;89;0;200;0;
3453;6034477;1022480384;15114240;1159782400;0;0;0;0;0;0;0;0;0;0;0;2875;0;0;89;0;200;0;
3454;3400086;1022480384;15114240;1159782400;0;0;0;0;0;0;0;0;0;0;0;2024;0;0;89;0;200;0;
3455;4120658;1022480384;15114240;1159782400;0;0;0;0;0;0;0;0;0;0;0;2435;0;0;89;0;200;0;
3456;5840543;1022480384;15114240;1159782400;0;0;0;0;0;0;0;0;0;0;0;2455;0;0;89;0;200;0;
3457;4058962;1022480384;15114240;1159782400;0;0;0;0;0;0;0;0;0;0;0;2304;0;0;89;0;200;0;
3458;4646864;1022480384;15114240;1159782400;0;0;0;0;0;0;0;0;0;0;0;1934;0;0;89;0;200;0;
3459;5920043;1022480384;15114240;1159782400;0;0;0;0;0;0;0;0;0;0;0;2675;0;0;89;0;200;0;
3460;4679075;1022480384;15114240;1159782400;0;0;0;0;0;0;0;0;0;0;0;2414;0;0;89;0;200;0;
3461;2586331;1022480384;15114240;1159782400;0;0;0;0;0;0;0;0;0;0;0;1753;0;0;89;0;200;0;
3462;8017535;1022480384;15114240;1159782400;0;0;0;0;0;0;0;0;0;0;0;1623;0;0;89;0;200;0;
3463;6451048;1021894656;14524416;1159192576;0;0;0;0;0;0;0;0;0;0;0;3677;0;0;89;0;200;0;
3464;3946982;1021894656;14524416;1159192576;0;0;0;0;0;0;0;0;0;0;0;2975;0;0;89;0;200;0;
3465;2166904;1021894656;14524416;1159192576;0;0;0;0;0;0;0;0;0;0;0;1723;0;0;89;0;200;0;
3466;5131023;1021894656;14524416;1159192576;0;0;0;0;0;0;0;0;0;0;0;2234;0;0;89;0;200;0;
3467;5506728;1021894656;14524416;1159192576;0;0;0;0;0;0;0;0;0;0;0;2945;0;0;89;0;200;0;
3468;3628956;1021894656;14524416;1159192576;0;0;0;0;0;0;0;0;0;0;0;1924;0;0;89;0;200;0;
3469;3174905;1021894656;14524416;1159192576;0;0;0;0;0;0;0;0;0;0;0;2004;0;0;89;0;200;0;
3470;4191651;1021894656;14524416;1159192576;0;0;0;0;0;0;0;0;0;0;0;2966;0;0;89;0;200;0;
3471;3241899;1021894656;14524416;1159192576;0;0;0;0;0;0;0;0;0;0;0;2915;0;0;89;0;200;0;
3472;3350213;1021894656;14524416;1159192576;0;0;0;0;0;0;0;0;0;0;0;1954;0;0;89;0;200;0;
3473;2547668;1021894656;14524416;1159192576;0;0;0;0;0;0;0;0;0;0;0;1683;0;0;89;0;200;0;
3474;2693442;1021894656;14524416;1159192576;0;0;0;0;0;0;0;0;0;0;0;1914;0;0;89;0;200;0;
3475;7610072;1021894656;14524416;1159192576;0;0;0;0;0;0;0;0;0;0;0;2665;0;0;89;0;200;0;
3476;6412436;1021894656;14524416;1159192576;0;0;0;0;0;0;0;0;0;0;0;3517;0;0;89;0;200;0;
3477;2780424;1021894656;14524416;1159192576;0;0;0;0;0;0;0;0;0;0;0;3447;0;0;89;0;200;0;
3478;2589346;1021894656;14524416;1159192576;0;0;0;0;0;0;0;0;0;0;0;2204;0;0;89;0;200;0;
3479;4022845;1021894656;14524416;1159192576;0;0;0;0;0;0;0;0;0;0;0;2054;0;0;89;0;200;0;
3480;4895692;1021894656;14524416;1159192576;0;0;0;0;0;0;0;0;0;0;0;2896;0;0;89;0;200;0;
3481;4557747;1022164992;14524416;1159192576;0;0;0;0;0;0;0;0;0;0;0;2624;0;0;89;0;200;0;
3482;3813091;1022164992;14524416;1159192576;0;0;0;0;0;0;0;0;0;0;0;1873;0;0;89;0;200;0;
3483;4917482;1022164992;14524416;1159192576;0;0;0;0;0;0;0;0;0;0;0;3337;0;0;89;0;200;0;
3484;3835834;1022164992;14524416;1159192576;0;0;0;0;0;0;0;0;0;0;0;3506;0;0;89;0;200;0;
3485;5605072;1022164992;14524416;1159192576;0;0;0;0;0;0;0;0;0;0;0;2554;0;0;89;0;200;0;
3486;5509423;1022164992;14524416;1159192576;0;0;0;0;0;0;0;0;0;0;0;2836;0;0;89;0;200;0;
3487;3653041;1022164992;14524416;1159192576;0;0;0;0;0;0;0;0;0;0;0;2495;0;0;89;0;200;0;
3488;9148156;1022164992;14524416;1159192576;0;0;0;0;0;0;0;0;0;0;0;2485;0;0;89;0;200;0;
3489;7554878;1022164992;14524416;1159192576;0;0;0;0;0;0;0;0;0;0;0;3818;0;0;89;0;200;0;
3490;4280227;1022164992;14524416;1159192576;0;0;0;0;0;0;0;0;0;0;0;3407;0;0;89;0;200;0;
3491;3461251;1022164992;14524416;1159192576;0;0;0;0;0;0;0;0;0;0;0;2304;0;0;89;0;200;0;
3492;5008543;1022164992;14524416;1159192576;0;0;0;0;0;0;0;0;0;0;0;152576;0;0;89;0;200;0;
3493;4065384;1022164992;14524416;1159192576;0;0;0;0;0;0;0;0;0;0;0;2945;0;0;89;0;200;0;
3494;3648302;1022164992;14524416;1159192576;0;0;0;0;0;0;0;0;0;0;0;4048;0;0;89;0;200;0;
3495;4553340;1022164992;14524416;1159192576;0;0;0;0;0;0;0;0;0;0;0;2645;0;0;89;0;200;0;
3496;3525993;1022164992;14524416;1159192576;0;0;0;0;0;0;0;0;0;0;0;2955;0;0;89;0;200;0;
3497;3289629;1022164992;14524416;1159192576;0;0;0;0;0;0;0;0;0;0;0;3417;0;0;89;0;200;0;
3498;2905629;1022164992;14524416;1159192576;0;0;0;0;0;0;0;0;0;0;0;2855;0;0;89;0;200;0;
3499;3425895;1022164992;14524416;1159192576;0;0;0;0;0;0;0;0;0;0;0;2485;0;0;89;0;200;0;
3500;2345529;1022164992;14524416;1159192576;0;0;0;0;0;0;0;0;0;0;0;2264;0;0;89;0;200;0;
3501;5655496;1022164992;14524416;1159192576;0;0;0;0;0;0;0;0;0;0;0;1914;0;0;89;0;200;0;
3502;5068966;1022164992;14524416;1159192576;0;0;0;0;0;0;0;0;0;0;0;3337;0;0;89;0;200;0;
3503;5511566;1022164992;14524416;1159192576;0;0;0;0;0;0;0;0;0;0;0;3888;0;0;89;0;200;0;
3504;4529684;1022164992;14524416;1159192576;0;0;0;0;0;0;0;0;0;0;0;2995;0;0;89;0;200;0;
3505;2781266;1022164992;14524416;1159192576;0;0;0;0;0;0;0;0;0;0;0;2846;0;0;89;0;200;0;
3506;3774188;1022164992;14524416;1159192576;0;0;0;0;0;0;0;0;0;0;0;2735;0;0;89;0;200;0;
3507;2896151;1022164992;14524416;1159192576;0;0;0;0;0;0;0;0;0;0;0;2384;0;0;89;0;200;0;
3508;4336352;1022164992;14524416;1159192576;0;0;0;0;0;0;0;0;0;0;0;2374;0;0;89;0;200;0;
3509;3472342;1022164992;14524416;1159192576;0;0;0;0;0;0;0;0;0;0;0;2515;0;0;89;0;200;0;
3510;2686228;1022164992;14524416;1159192576;0;0;0;0;0;0;0;0;0;0;0;2144;0;0;89;0;200;0;
3511;5417500;1022164992;14524416;1159192576;0;0;0;0;0;0;0;0;0;0;0;3095;0;0;89;0;200;0;
3512;3216241;1022164992;14524416;1159192576;0;0;0;0;0;0;0;0;0;0;0;2134;0;0;89;0;200;0;
3513;1643712;1022164992;14524416;1159192576;0;0;0;0;0;0;0;0;0;0;0;2004;0;0;89;0;200;0;
3514;5252731;1022164992;14524416;1159192576;0;0;0;0;0;0;0;0;0;0;0;1593;0;0;89;0;200;0;
3515;5243824;1022164992;14524416;1159192576;0;0;0;0;0;0;0;0;0;0;0;2915;0;0;89;0;200;0;
3516;3919901;1022164992;14524416;1159192576;0;0;0;0;0;0;0;0;0;0;0;3577;0;0;89;0;200;0;
3517;2840637;1022164992;14524416;1159192576;0;0;0;0;0;0;0;0;0;0;0;2174;0;0;89;0;200;0;
3518;2727455;1022164992;14524416;1159192576;0;0;0;0;0;0;0;0;0;0;0;2415;0;0;89;0;200;0;
3519;3045892;1022164992;14524416;1159192576;0;0;0;0;0;0;0;0;0;0;0;2455;0;0;89;0;200;0;
3520;2067788;1022164992;14524416;1159192576;0;0;0;0;0;0;0;0;0;0;0;1723;0;0;89;0;200;0;
3521;4613462;1022164992;14524416;1159192576;0;0;0;0;0;0;0;0;0;0;0;3337;0;0;89;0;200;0;
3522;2890070;1022164992;14524416;1159192576;0;0;0;0;0;0;0;0;0;0;0;2554;0;0;89;0;200;0;
3523;3592717;1022164992;14524416;1159192576;0;0;0;0;0;0;0;0;0;0;0;2766;0;0;89;0;200;0;
3524;4556845;1022164992;14524416;1159192576;0;0;0;0;0;0;0;0;0;0;0;2585;0;0;89;0;200;0;
3525;2799099;1022164992;14524416;1159192576;0;0;0;0;0;0;0;0;0;0;0;3126;0;0;89;0;200;0;
3526;3636540;1022164992;14524416;1159192576;0;0;0;0;0;0;0;0;0;0;0;2655;0;0;89;0;200;0;
3527;8658889;1022164992;14524416;1159192576;0;0;0;0;0;0;0;0;0;0;0;3145;0;0;89;0;200;0;
3528;5437698;1022435328;14524416;1159192576;0;0;0;0;0;0;0;0;0;0;0;2895;0;0;89;0;200;0;
3529;1087659;1022435328;14524416;1159192576;0;0;0;0;0;0;0;0;0;0;0;3096;0;0;89;0;200;0;
3530;1144146;1022435328;14524416;1159192576;0;0;0;0;0;0;0;0;0;0;0;1643;0;0;89;0;200;0;
3531;3770141;1022435328;14524416;1159192576;0;0;0;0;0;0;0;0;0;0;0;2093;0;0;89;0;200;0;
3532;3936453;1022435328;14524416;1159192576;0;0;0;0;0;0;0;0;0;0;0;3066;0;0;89;0;200;0;
3533;2363082;1022435328;14524416;1159192576;0;0;0;0;0;0;0;0;0;0;0;2445;0;0;89;0;200;0;
3534;4580029;1022435328;14524416;1159192576;0;0;0;0;0;0;0;0;0;0;0;2475;0;0;89;0;200;0;
3535;3014172;1022435328;14524416;1159192576;0;0;0;0;0;0;0;0;0;0;0;2846;0;0;89;0;200;0;
3536;2724830;1022435328;14524416;1159192576;0;0;0;0;0;0;0;0;0;0;0;1864;0;0;89;0;200;0;
3537;4155483;1022435328;14524416;1159192576;0;0;0;0;0;0;0;0;0;0;0;2756;0;0;89;0;200;0;
3538;3696652;1022435328;14524416;1159192576;0;0;0;0;0;0;0;0;0;0;0;2705;0;0;89;0;200;0;
3539;2021311;1022435328;14524416;1159192576;0;0;0;0;0;0;0;0;0;0;0;2655;0;0;89;0;200;0;
3540;8038565;1022435328;14524416;1159192576;0;0;0;0;0;0;0;0;0;0;0;1813;0;0;89;0;200;0;
3541;3683788;1022435328;14524416;1159192576;0;0;0;0;0;0;0;0;0;0;0;3366;0;0;89;0;200;0;
3542;4498627;1022435328;14524416;1159192576;0;0;0;0;0;0;0;0;0;0;0;3407;0;0;89;0;200;0;
3543;3718473;1022435328;14524416;1159192576;0;0;0;0;0;0;0;0;0;0;0;2374;0;0;89;0;200;0;
3544;4153930;1022435328;14524416;1159192576;0;0;0;0;0;0;0;0;0;0;0;3297;0;0;89;0;200;0;
3545;4297409;1022435328;14524416;1159192576;0;0;0;0;0;0;0;0;0;0;0;3066;0;0;89;0;200;0;
3546;3996735;1022435328;14524416;1159192576;0;0;0;0;0;0;0;0;0;0;0;3075;0;0;89;0;200;0;
3547;5880999;1022435328;14524416;1159192576;0;0;0;0;0;0;0;0;0;0;0;3717;0;0;89;0;200;0;
3548;3310809;1022435328;14524416;1159192576;0;0;0;0;0;0;0;0;0;0;0;2494;0;0;89;0;200;0;
3549;3712242;1022435328;14524416;1159192576;0;0;0;0;0;0;0;0;0;0;0;2896;0;0;89;0;200;0;
3550;4310103;1022435328;14524416;1159192576;0;0;0;0;0;0;0;0;0;0;0;3156;0;0;89;0;200;0;
3551;4278233;1022435328;14524416;1159192576;0;0;0;0;0;0;0;0;0;0;0;4468;0;0;89;0;200;0;
3552;3289920;1022435328;14524416;1159192576;0;0;0;0;0;0;0;0;0;0;0;2755;0;0;89;0;200;0;
3553;9735658;1022435328;14524416;1159192576;0;0;0;0;0;0;0;0;0;0;0;2986;0;0;89;0;200;0;
3554;5825825;1022435328;14524416;1159192576;0;0;0;0;0;0;0;0;0;0;0;3657;0;0;89;0;200;0;
3555;3402411;1022435328;14524416;1159192576;0;0;0;0;0;0;0;0;0;0;0;2214;0;0;89;0;200;0;
3556;2305314;1022435328;14524416;1159192576;0;0;0;0;0;0;0;0;0;0;0;1423;0;0;89;0;200;0;
3557;12467421;1022435328;14524416;1159192576;0;0;0;0;0;0;0;0;0;0;0;3817;0;0;89;0;200;0;
3558;4399571;1022435328;14524416;1159192576;0;0;0;0;0;0;0;0;0;0;0;2755;0;0;89;0;200;0;
3559;3630138;1022435328;14524416;1159192576;0;0;0;0;0;0;0;0;0;0;0;2856;0;0;89;0;200;0;
3560;4865745;1022701568;14524416;1159192576;0;0;0;0;0;0;0;0;0;0;0;2976;0;0;89;0;200;0;
3561;5310299;1022701568;14524416;1159192576;0;0;0;0;0;0;0;0;0;0;0;3908;0;0;89;0;200;0;
3562;3508409;1022701568;14524416;1159192576;0;0;0;0;0;0;0;0;0;0;0;3426;0;0;89;0;200;0;
3563;6217359;1022701568;14524416;1159192576;0;0;0;0;0;0;0;0;0;0;0;3216;0;0;89;0;200;0;
3564;2850034;1022701568;14524416;1159192576;0;0;0;0;0;0;0;0;0;0;0;2234;0;0;89;0;200;0;
3565;4429617;1022701568;14524416;1159192576;0;0;0;0;0;0;0;0;0;0;0;2455;0;0;89;0;200;0;
3566;8043885;1022701568;14524416;1159192576;0;0;0;0;0;0;0;0;0;0;0;2454;0;0;89;0;200;0;
3567;4560834;1022701568;14524416;1159192576;0;0;0;0;0;0;0;0;0;0;0;3487;0;0;89;0;200;0;
3568;3686093;1022701568;14524416;1159192576;0;0;0;0;0;0;0;0;0;0;0;3096;0;0;89;0;200;0;
3569;3073264;1022701568;14524416;1159192576;0;0;0;0;0;0;0;0;0;0;0;2184;0;0;89;0;200;0;
3570;3746606;1022701568;14524416;1159192576;0;0;0;0;0;0;0;0;0;0;0;2675;0;0;89;0;200;0;
3571;3934018;1022701568;14524416;1159192576;0;0;0;0;0;0;0;0;0;0;0;2645;0;0;89;0;200;0;
3572;3815726;1022701568;14524416;1159192576;0;0;0;0;0;0;0;0;0;0;0;2785;0;0;89;0;200;0;
3573;3494824;1022701568;14524416;1159192576;0;0;0;0;0;0;0;0;0;0;0;1793;0;0;89;0;200;0;
3574;2129253;1022701568;14524416;1159192576;0;0;0;0;0;0;0;0;0;0;0;2094;0;0;89;0;200;0;
3575;2976392;1022701568;14524416;1159192576;0;0;0;0;0;0;0;0;0;0;0;2094;0;0;89;0;200;0;
3576;3924931;1022701568;14524416;1159192576;0;0;0;0;0;0;0;0;0;0;0;2785;0;0;89;0;200;0;
3577;4600809;1022701568;14524416;1159192576;0;0;0;0;0;0;0;0;0;0;0;3066;0;0;89;0;200;0;
3578;3798102;1022701568;14524416;1159192576;0;0;0;0;0;0;0;0;0;0;0;2775;0;0;89;0;200;0;
3579;11571401;1022701568;14524416;1159192576;0;0;0;0;0;0;0;0;0;0;0;323627;0;0;89;0;200;0;
3580;5272167;1022701568;14524416;1159192576;0;0;0;0;0;0;0;0;0;0;0;3557;0;0;89;0;200;0;
3581;4580039;1022701568;14524416;1159192576;0;0;0;0;0;0;0;0;0;0;0;2776;0;0;89;0;200;0;
3582;4467147;1022701568;14524416;1159192576;0;0;0;0;0;0;0;0;0;0;0;3257;0;0;89;0;200;0;
3583;6196120;1022701568;14524416;1159192576;0;0;0;0;0;0;0;0;0;0;0;3176;0;0;89;0;200;0;
3584;2799600;1022701568;14524416;1159192576;0;0;0;0;0;0;0;0;0;0;0;2424;0;0;89;0;200;0;
3585;3204279;1022701568;14524416;1159192576;0;0;0;0;0;0;0;0;0;0;0;2846;0;0;89;0;200;0;
3586;4740951;1022701568;14524416;1159192576;0;0;0;0;0;0;0;0;0;0;0;2504;0;0;89;0;200;0;
3587;3527966;1022701568;14524416;1159192576;0;0;0;0;0;0;0;0;0;0;0;3046;0;0;89;0;200;0;
3588;2153599;1022701568;14524416;1159192576;0;0;0;0;0;0;0;0;0;0;0;2194;0;0;89;0;200;0;
3589;6317457;1022701568;14524416;1159192576;0;0;0;0;0;0;0;0;0;0;0;2936;0;0;89;0;200;0;
3590;2352442;1022701568;14524416;1159192576;0;0;0;0;0;0;0;0;0;0;0;2014;0;0;89;0;200;0;
3591;3314857;1022701568;14524416;1159192576;0;0;0;0;0;0;0;0;0;0;0;3186;0;0;89;0;200;0;
3592;7092190;1022701568;14524416;1159192576;0;0;0;0;0;0;0;0;0;0;0;2424;0;0;89;0;200;0;
3593;4434196;1022701568;14524416;1159192576;0;0;0;0;0;0;0;0;0;0;0;2956;0;0;89;0;200;0;
3594;2351230;1022701568;14524416;1159192576;0;0;0;0;0;0;0;0;0;0;0;2855;0;0;89;0;200;0;
3595;2716575;1022701568;14524416;1159192576;0;0;0;0;0;0;0;0;0;0;0;2855;0;0;89;0;200;0;
3596;5587849;1022701568;14524416;1159192576;0;0;0;0;0;0;0;0;0;0;0;2685;0;0;89;0;200;0;
3597;3612966;1022701568;14524416;1159192576;0;0;0;0;0;0;0;0;0;0;0;2756;0;0;89;0;200;0;
3598;4596660;1022701568;14524416;1159192576;0;0;0;0;0;0;0;0;0;0;0;2906;0;0;89;0;200;0;
3599;4727687;1022701568;14524416;1159192576;0;0;0;0;0;0;0;0;0;0;0;2976;0;0;89;0;200;0;
3600;4281169;1022701568;14524416;1159192576;0;0;0;0;0;0;0;0;0;0;0;3316;0;0;89;0;200;0;
3601;3181507;1022701568;14524416;1159192576;0;0;0;0;0;0;0;0;0;0;0;3035;0;0;89;0;200;0;
3602;5200653;1022701568;14524416;1159192576;0;0;0;0;0;0;0;0;0;0;0;2945;0;0;89;0;200;0;
3603;4909888;1022701568;14524416;1159192576;0;0;0;0;0;0;0;0;0;0;0;3026;0;0;89;0;200;0;
3604;3757627;1022701568;14524416;1159192576;0;0;0;0;0;0;0;0;0;0;0;3116;0;0;89;0;200;0;
3605;9105887;1022701568;14524416;1159192576;0;0;0;0;0;0;0;0;0;0;0;2394;0;0;89;0;200;0;
3606;6577936;1022701568;14524416;1159192576;0;0;0;0;0;0;0;0;0;0;0;2755;0;0;89;0;200;0;
3607;4109928;1022701568;14524416;1159192576;0;0;0;0;0;0;0;0;0;0;0;3857;0;0;89;0;200;0;
3608;3171468;1022701568;14524416;1159192576;0;0;0;0;0;0;0;0;0;0;0;2385;0;0;89;0;200;0;
3609;4956976;1022701568;14524416;1159192576;0;0;0;0;0;0;0;0;0;0;0;2945;0;0;89;0;200;0;
3610;4385845;1022701568;14524416;1159192576;0;0;0;0;0;0;0;0;0;0;0;2996;0;0;89;0;200;0;
3611;2651743;1022701568;14524416;1159192576;0;0;0;0;0;0;0;0;0;0;0;2074;0;0;89;0;200;0;
3612;4031190;1022701568;14524416;1159192576;0;0;0;0;0;0;0;0;0;0;0;2134;0;0;89;0;200;0;
3613;1374357;1022701568;14524416;1159192576;0;0;0;0;0;0;0;0;0;0;0;2284;0;0;89;0;200;0;
3614;2891152;1022701568;14524416;1159192576;0;0;0;0;0;0;0;0;0;0;0;2194;0;0;89;0;200;0;
3615;4062539;1022701568;14524416;1159192576;0;0;0;0;0;0;0;0;0;0;0;2294;0;0;89;0;200;0;
3616;2958889;1022701568;14524416;1159192576;0;0;0;0;0;0;0;0;0;0;0;2044;0;0;89;0;200;0;
3617;3298406;1022701568;14524416;1159192576;0;0;0;0;0;0;0;0;0;0;0;3306;0;0;89;0;200;0;
3618;7459129;1022701568;14524416;1159192576;0;0;0;0;0;0;0;0;0;0;0;2825;0;0;89;0;200;0;
3619;6200338;1022701568;14524416;1159192576;0;0;0;0;0;0;0;0;0;0;0;3466;0;0;89;0;200;0;
3620;3151521;1022701568;14524416;1159192576;0;0;0;0;0;0;0;0;0;0;0;2625;0;0;89;0;200;0;
3621;2286538;1022701568;14524416;1159192576;0;0;0;0;0;0;0;0;0;0;0;1924;0;0;89;0;200;0;
3622;4300535;1022701568;14524416;1159192576;0;0;0;0;0;0;0;0;0;0;0;3206;0;0;89;0;200;0;
3623;3660986;1022701568;14524416;1159192576;0;0;0;0;0;0;0;0;0;0;0;2404;0;0;89;0;200;0;
3624;3132454;1022701568;14524416;1159192576;0;0;0;0;0;0;0;0;0;0;0;3006;0;0;89;0;200;0;
3625;4352001;1022701568;14524416;1159192576;0;0;0;0;0;0;0;0;0;0;0;2425;0;0;89;0;200;0;
3626;3431175;1022701568;14524416;1159192576;0;0;0;0;0;0;0;0;0;0;0;2805;0;0;89;0;200;0;
3627;3737088;1022701568;14524416;1159192576;0;0;0;0;0;0;0;0;0;0;0;2996;0;0;89;0;200;0;
3628;4379053;1022701568;14524416;1159192576;0;0;0;0;0;0;0;0;0;0;0;3306;0;0;89;0;200;0;
3629;1734663;1022701568;14524416;1159192576;0;0;0;0;0;0;0;0;0;0;0;2244;0;0;89;0;200;0;
3630;2459322;1022701568;14524416;1159192576;0;0;0;0;0;0;0;0;0;0;0;2525;0;0;89;0;200;0;
3631;7818382;1022701568;14524416;1159192576;0;0;0;0;0;0;0;0;0;0;0;3236;0;0;89;0;200;0;
3632;3946201;1022701568;14524416;1159192576;0;0;0;0;0;0;0;0;0;0;0;3427;0;0;89;0;200;0;
3633;3308464;1022701568;14524416;1159192576;0;0;0;0;0;0;0;0;0;0;0;3637;0;0;89;0;200;0;
3634;5512057;1022701568;14524416;1159192576;0;0;0;0;0;0;0;0;0;0;0;3446;0;0;89;0;200;0;
3635;4990309;1022701568;14524416;1159192576;0;0;0;0;0;0;0;0;0;0;0;2995;0;0;89;0;200;0;
3636;5181407;1022701568;14524416;1159192576;0;0;0;0;0;0;0;0;0;0;0;3326;0;0;89;0;200;0;
3637;4390473;1022701568;14524416;1159192576;0;0;0;0;0;0;0;0;0;0;0;4198;0;0;89;0;200;0;
3638;3633875;1022701568;14524416;1159192576;0;0;0;0;0;0;0;0;0;0;0;3466;0;0;89;0;200;0;
3639;4662905;1022701568;14524416;1159192576;0;0;0;0;0;0;0;0;0;0;0;3156;0;0;89;0;200;0;
3640;3536673;1022701568;14524416;1159192576;0;0;0;0;0;0;0;0;0;0;0;3176;0;0;89;0;200;0;
3641;6031111;1022701568;14524416;1159192576;0;0;0;0;0;0;0;0;0;0;0;3446;0;0;89;0;200;0;
3642;3771383;1022701568;14524416;1159192576;0;0;0;0;0;0;0;0;0;0;0;3025;0;0;89;0;200;0;
3643;3131562;1022701568;14524416;1159192576;0;0;0;0;0;0;0;0;0;0;0;2605;0;0;89;0;200;0;
3644;7065450;1022701568;14524416;1159192576;0;0;0;0;0;0;0;0;0;0;0;3226;0;0;89;0;200;0;
3645;5641871;1022701568;14524416;1159192576;0;0;0;0;0;0;0;0;0;0;0;2876;0;0;89;0;200;0;
3646;2695886;1022701568;14524416;1159192576;0;0;0;0;0;0;0;0;0;0;0;168626;0;0;89;0;200;0;
3647;1747367;1022701568;14524416;1159192576;0;0;0;0;0;0;0;0;0;0;0;1633;0;0;89;0;200;0;
3648;4355248;1022701568;14524416;1159192576;0;0;0;0;0;0;0;0;0;0;0;3316;0;0;89;0;200;0;
3649;3599270;1022701568;14524416;1159192576;0;0;0;0;0;0;0;0;0;0;0;2745;0;0;89;0;200;0;
3650;1699116;1022701568;14524416;1159192576;0;0;0;0;0;0;0;0;0;0;0;2414;0;0;89;0;200;0;
3651;4112252;1022701568;14524416;1159192576;0;0;0;0;0;0;0;0;0;0;0;2184;0;0;89;0;200;0;
3652;4907824;1022701568;14524416;1159192576;0;0;0;0;0;0;0;0;0;0;0;3917;0;0;89;0;200;0;
3653;1456983;1022701568;14524416;1159192576;0;0;0;0;0;0;0;0;0;0;0;2945;0;0;89;0;200;0;
3654;4041359;1022701568;14524416;1159192576;0;0;0;0;0;0;0;0;0;0;0;2525;0;0;89;0;200;0;
3655;4281019;1022701568;14524416;1159192576;0;0;0;0;0;0;0;0;0;0;0;3677;0;0;89;0;200;0;
3656;3462634;1022701568;14524416;1159192576;0;0;0;0;0;0;0;0;0;0;0;3958;0;0;89;0;200;0;
3657;11475731;1022701568;14524416;1159192576;0;0;0;0;0;0;0;0;0;0;0;3116;0;0;89;0;200;0;
3658;4871757;1022701568;14524416;1159192576;0;0;0;0;0;0;0;0;0;0;0;4118;0;0;89;0;200;0;
3659;3807010;1022701568;14524416;1159192576;0;0;0;0;0;0;0;0;0;0;0;2815;0;0;89;0;200;0;
3660;3397031;1022701568;14524416;1159192576;0;0;0;0;0;0;0;0;0;0;0;120186;0;0;89;0;200;0;
3661;4247396;1022701568;14524416;1159192576;0;0;0;0;0;0;0;0;0;0;0;2805;0;0;89;0;200;0;
3662;4760939;1022701568;14524416;1159192576;0;0;0;0;0;0;0;0;0;0;0;3036;0;0;89;0;200;0;
3663;5727160;1022701568;14524416;1159192576;0;0;0;0;0;0;0;0;0;0;0;3407;0;0;89;0;200;0;
3664;6357372;1022701568;14524416;1159192576;0;0;0;0;0;0;0;0;0;0;0;2685;0;0;89;0;200;0;
3665;7897100;1022701568;14524416;1159192576;0;0;0;0;0;0;0;0;0;0;0;3938;0;0;89;0;200;0;
3666;5370962;1022701568;14524416;1159192576;0;0;0;0;0;0;0;0;0;0;0;3587;0;0;89;0;200;0;
3667;4929836;1022701568;14524416;1159192576;0;0;0;0;0;0;0;0;0;0;0;2955;0;0;89;0;200;0;
3668;2543280;1022701568;14524416;1159192576;0;0;0;0;0;0;0;0;0;0;0;2464;0;0;89;0;200;0;
3669;1131832;1022701568;14524416;1159192576;0;0;0;0;0;0;0;0;0;0;0;1543;0;0;89;0;200;0;
3670;8653328;1022701568;14524416;1159192576;0;0;0;0;0;0;0;0;0;0;0;1653;0;0;89;0;200;0;
3671;6540866;1022701568;14524416;1159192576;0;0;0;0;0;0;0;0;0;0;0;2885;0;0;89;0;200;0;
3672;3572159;1022701568;14524416;1159192576;0;0;0;0;0;0;0;0;0;0;0;3457;0;0;89;0;200;0;
3673;4507023;1022701568;14524416;1159192576;0;0;0;0;0;0;0;0;0;0;0;3676;0;0;89;0;200;0;
3674;6561957;1022701568;14524416;1159192576;0;0;0;0;0;0;0;0;0;0;0;3496;0;0;89;0;200;0;
3675;3028450;1022701568;14524416;1159192576;0;0;0;0;0;0;0;0;0;0;0;2174;0;0;89;0;200;0;
3676;3580785;1022701568;14524416;1159192576;0;0;0;0;0;0;0;0;0;0;0;3196;0;0;89;0;200;0;
3677;4466586;1022701568;14524416;1159192576;0;0;0;0;0;0;0;0;0;0;0;2826;0;0;89;0;200;0;
3678;5156340;1022701568;14524416;1159192576;0;0;0;0;0;0;0;0;0;0;0;3366;0;0;89;0;200;0;
3679;4484710;1022701568;14524416;1159192576;0;0;0;0;0;0;0;0;0;0;0;3046;0;0;89;0;200;0;
3680;4898046;1022701568;14524416;1159192576;0;0;0;0;0;0;0;0;0;0;0;3717;0;0;89;0;200;0;
3681;5196555;1022701568;14524416;1159192576;0;0;0;0;0;0;0;0;0;0;0;3216;0;0;89;0;200;0;
3682;4890722;1022701568;14524416;1159192576;0;0;0;0;0;0;0;0;0;0;0;3566;0;0;89;0;200;0;
3683;9432550;1022701568;14524416;1159192576;0;0;0;0;0;0;0;0;0;0;0;1883;0;0;89;0;200;0;
3684;5110444;1022701568;14524416;1159192576;0;0;0;0;0;0;0;0;0;0;0;3817;0;0;89;0;200;0;
3685;4056888;1022701568;14524416;1159192576;0;0;0;0;0;0;0;0;0;0;0;3586;0;0;89;0;200;0;
3686;3443087;1022701568;14524416;1159192576;0;0;0;0;0;0;0;0;0;0;0;2725;0;0;89;0;200;0;
3687;5162702;1022701568;14524416;1159192576;0;0;0;0;0;0;0;0;0;0;0;3035;0;0;89;0;200;0;
3688;4644991;1022701568;14524416;1159192576;0;0;0;0;0;0;0;0;0;0;0;2845;0;0;89;0;200;0;
3689;4138110;1022701568;14524416;1159192576;0;0;0;0;0;0;0;0;0;0;0;3346;0;0;89;0;200;0;
3690;3526834;1022701568;14524416;1159192576;0;0;0;0;0;0;0;0;0;0;0;2514;0;0;89;0;200;0;
3691;5070459;1022701568;14524416;1159192576;0;0;0;0;0;0;0;0;0;0;0;3356;0;0;89;0;200;0;
3692;5104053;1022701568;14524416;1159192576;0;0;0;0;0;0;0;0;0;0;0;2745;0;0;89;0;200;0;
3693;5866101;1022701568;14524416;1159192576;0;0;0;0;0;0;0;0;0;0;0;3597;0;0;89;0;200;0;
3694;3812590;1022701568;14524416;1159192576;0;0;0;0;0;0;0;0;0;0;0;3096;0;0;89;0;200;0;
3695;4337945;1022701568;14524416;1159192576;0;0;0;0;0;0;0;0;0;0;0;3316;0;0;89;0;200;0;
3696;8754447;1022701568;14524416;1159192576;0;0;0;0;0;0;0;0;0;0;0;3456;0;0;89;0;200;0;
3697;6547028;1022701568;14524416;1159192576;0;0;0;0;0;0;0;0;0;0;0;3106;0;0;89;0;200;0;
3698;6614184;1022701568;14524416;1159192576;0;0;0;0;0;0;0;0;0;0;0;3787;0;0;89;0;200;0;
3699;5399837;1022701568;14524416;1159192576;0;0;0;0;0;0;0;0;0;0;0;3216;0;0;89;0;200;0;
3700;3846834;1022701568;14524416;1159192576;0;0;0;0;0;0;0;0;0;0;0;2334;0;0;89;0;200;0;
3701;4020610;1022701568;14524416;1159192576;0;0;0;0;0;0;0;0;0;0;0;2594;0;0;89;0;200;0;
3702;4247054;1022701568;14524416;1159192576;0;0;0;0;0;0;0;0;0;0;0;2705;0;0;89;0;200;0;
3703;4185499;1022701568;14524416;1159192576;0;0;0;0;0;0;0;0;0;0;0;2535;0;0;89;0;200;0;
3704;4736813;1022701568;14524416;1159192576;0;0;0;0;0;0;0;0;0;0;0;4077;0;0;89;0;200;0;
3705;4609133;1022701568;14524416;1159192576;0;0;0;0;0;0;0;0;0;0;0;4238;0;0;89;0;200;0;
3706;4099829;1022701568;14524416;1159192576;0;0;0;0;0;0;0;0;0;0;0;2495;0;0;89;0;200;0;
3707;2863941;1022701568;14524416;1159192576;0;0;0;0;0;0;0;0;0;0;0;3236;0;0;89;0;200;0;
3708;4370276;1022701568;14524416;1159192576;0;0;0;0;0;0;0;0;0;0;0;2705;0;0;89;0;200;0;
3709;8786909;1022701568;14524416;1159192576;0;0;0;0;0;0;0;0;0;0;0;2605;0;0;89;0;200;0;
3710;3165316;1022701568;14524416;1159192576;0;0;0;0;0;0;0;0;0;0;0;2816;0;0;89;0;200;0;
3711;4362041;1022701568;14524416;1159192576;0;0;0;0;0;0;0;0;0;0;0;4218;0;0;89;0;200;0;
3712;3091548;1022701568;14524416;1159192576;0;0;0;0;0;0;0;0;0;0;0;2775;0;0;89;0;200;0;
3713;6085423;1022701568;14524416;1159192576;0;0;0;0;0;0;0;0;0;0;0;64461;0;0;89;0;200;0;
3714;4300244;1022701568;14524416;1159192576;0;0;0;0;0;0;0;0;0;0;0;3386;0;0;89;0;200;0;
3715;4365387;1022701568;14524416;1159192576;0;0;0;0;0;0;0;0;0;0;0;3307;0;0;89;0;200;0;
3716;5370111;1022701568;14524416;1159192576;0;0;0;0;0;0;0;0;0;0;0;3587;0;0;89;0;200;0;
3717;3415214;1022701568;14524416;1159192576;0;0;0;0;0;0;0;0;0;0;0;3938;0;0;89;0;200;0;
3718;2176091;1022701568;14524416;1159192576;0;0;0;0;0;0;0;0;0;0;0;2605;0;0;89;0;200;0;
3719;5527696;1022701568;14524416;1159192576;0;0;0;0;0;0;0;0;0;0;0;3657;0;0;89;0;200;0;
3720;3900725;1022701568;14524416;1159192576;0;0;0;0;0;0;0;0;0;0;0;2575;0;0;89;0;200;0;
3721;4191441;1022701568;14524416;1159192576;0;0;0;0;0;0;0;0;0;0;0;3386;0;0;89;0;200;0;
3722;8452732;1022701568;14524416;1159192576;0;0;0;0;0;0;0;0;0;0;0;2905;0;0;89;0;200;0;
3723;6401385;1022701568;14524416;1159192576;0;0;0;0;0;0;0;0;0;0;0;2835;0;0;89;0;200;0;
3724;3883292;1022701568;14524416;1159192576;0;0;0;0;0;0;0;0;0;0;0;3196;0;0;89;0;200;0;
3725;3587308;1022701568;14524416;1159192576;0;0;0;0;0;0;0;0;0;0;0;2725;0;0;89;0;200;0;
3726;4601720;1022701568;14524416;1159192576;0;0;0;0;0;0;0;0;0;0;0;3566;0;0;89;0;200;0;
3727;3862264;1022701568;14524416;1159192576;0;0;0;0;0;0;0;0;0;0;0;2665;0;0;89;0;200;0;
3728;4061887;1022701568;14524416;1159192576;0;0;0;0;0;0;0;0;0;0;0;3366;0;0;89;0;200;0;
3729;4462920;1022701568;14524416;1159192576;0;0;0;0;0;0;0;0;0;0;0;2695;0;0;89;0;200;0;
3730;4610085;1022701568;14524416;1159192576;0;0;0;0;0;0;0;0;0;0;0;3015;0;0;89;0;200;0;
3731;3586286;1022701568;14524416;1159192576;0;0;0;0;0;0;0;0;0;0;0;3787;0;0;89;0;200;0;
3732;4487416;1022701568;14524416;1159192576;0;0;0;0;0;0;0;0;0;0;0;3246;0;0;89;0;200;0;
3733;4625114;1022701568;14524416;1159192576;0;0;0;0;0;0;0;0;0;0;0;3857;0;0;89;0;200;0;
3734;3494153;1022701568;14524416;1159192576;0;0;0;0;0;0;0;0;0;0;0;3617;0;0;89;0;200;0;
3735;9090468;1022701568;14524416;1159192576;0;0;0;0;0;0;0;0;0;0;0;2635;0;0;89;0;200;0;
3736;6986382;1022701568;14524416;1159192576;0;0;0;0;0;0;0;0;0;0;0;3317;0;0;89;0;200;0;
3737;5254415;1022701568;14524416;1159192576;0;0;0;0;0;0;0;0;0;0;0;2976;0;0;89;0;200;0;
3738;5284771;1022701568;14524416;1159192576;0;0;0;0;0;0;0;0;0;0;0;3436;0;0;89;0;200;0;
3739;6715665;1022701568;14524416;1159192576;0;0;0;0;0;0;0;0;0;0;0;4018;0;0;89;0;200;0;
3740;4341532;1022701568;14524416;1159192576;0;0;0;0;0;0;0;0;0;0;0;3226;0;0;89;0;200;0;
3741;3120692;1022701568;14524416;1159192576;0;0;0;0;0;0;0;0;0;0;0;3266;0;0;89;0;200;0;
3742;6195218;1022701568;14524416;1159192576;0;0;0;0;0;0;0;0;0;0;0;3577;0;0;89;0;200;0;
3743;4670840;1022701568;14524416;1159192576;0;0;0;0;0;0;0;0;0;0;0;3016;0;0;89;0;200;0;
3744;5193440;1022701568;14524416;1159192576;0;0;0;0;0;0;0;0;0;0;0;3046;0;0;89;0;200;0;
3745;5959687;1022701568;14524416;1159192576;0;0;0;0;0;0;0;0;0;0;0;2675;0;0;89;0;200;0;
3746;4350088;1022701568;14524416;1159192576;0;0;0;0;0;0;0;0;0;0;0;3025;0;0;89;0;200;0;
3747;3973381;1022701568;14524416;1159192576;0;0;0;0;0;0;0;0;0;0;0;2935;0;0;89;0;200;0;
3748;7514563;1022701568;14524416;1159192576;0;0;0;0;0;0;0;0;0;0;0;2745;0;0;89;0;200;0;
3749;11298900;1022701568;14524416;1159192576;0;0;0;0;0;0;0;0;0;0;0;3276;0;0;89;0;200;0;
3750;6297079;1022701568;14524416;1159192576;0;0;0;0;0;0;0;0;0;0;0;2835;0;0;89;0;200;0;
3751;5658352;1022701568;14524416;1159192576;0;0;0;0;0;0;0;0;0;0;0;3737;0;0;89;0;200;0;
3752;5532766;1022701568;14524416;1159192576;0;0;0;0;0;0;0;0;0;0;0;3646;0;0;89;0;200;0;
3753;3728893;1022701568;14524416;1159192576;0;0;0;0;0;0;0;0;0;0;0;2955;0;0;89;0;200;0;
3754;5109382;1022701568;14524416;1159192576;0;0;0;0;0;0;0;0;0;0;0;3697;0;0;89;0;200;0;
3755;5871701;1022701568;14524416;1159192576;0;0;0;0;0;0;0;0;0;0;0;3446;0;0;89;0;200;0;
3756;2484520;1022701568;14524416;1159192576;0;0;0;0;0;0;0;0;0;0;0;3446;0;0;89;0;200;0;
3757;3900715;1022701568;14524416;1159192576;0;0;0;0;0;0;0;0;0;0;0;2765;0;0;89;0;200;0;
3758;3410165;1022701568;14524416;1159192576;0;0;0;0;0;0;0;0;0;0;0;3296;0;0;89;0;200;0;
3759;3929579;1022701568;14524416;1159192576;0;0;0;0;0;0;0;0;0;0;0;3036;0;0;89;0;200;0;
3760;3541482;1022701568;14524416;1159192576;0;0;0;0;0;0;0;0;0;0;0;2785;0;0;89;0;200;0;
3761;7857887;1022701568;14524416;1159192576;0;0;0;0;0;0;0;0;0;0;0;1923;0;0;89;0;200;0;
3762;5500375;1022701568;14524416;1159192576;0;0;0;0;0;0;0;0;0;0;0;3607;0;0;89;0;200;0;
3763;7158896;1022701568;14524416;1159192576;0;0;0;0;0;0;0;0;0;0;0;3857;0;0;89;0;200;0;
3764;6326755;1022701568;14524416;1159192576;0;0;0;0;0;0;0;0;0;0;0;3937;0;0;89;0;200;0;
3765;6632419;1022701568;14524416;1159192576;0;0;0;0;0;0;0;0;0;0;0;3727;0;0;89;0;200;0;
3766;5324295;1022701568;14524416;1159192576;0;0;0;0;0;0;0;0;0;0;0;2444;0;0;89;0;200;0;
3767;3906296;1022701568;14524416;1159192576;0;0;0;0;0;0;0;0;0;0;0;3076;0;0;89;0;200;0;
3768;10220918;1022701568;14524416;1159192576;0;0;0;0;0;0;0;0;0;0;0;2514;0;0;89;0;200;0;
3769;4647576;1022701568;14524416;1159192576;0;0;0;0;0;0;0;0;0;0;0;3317;0;0;89;0;200;0;
3770;3799626;1022701568;14524416;1159192576;0;0;0;0;0;0;0;0;0;0;0;2705;0;0;89;0;200;0;
3771;6183186;1022701568;14524416;1159192576;0;0;0;0;0;0;0;0;0;0;0;2935;0;0;89;0;200;0;
3772;3139457;1022701568;14524416;1159192576;0;0;0;0;0;0;0;0;0;0;0;3086;0;0;89;0;200;0;
3773;5902970;1022701568;14524416;1159192576;0;0;0;0;0;0;0;0;0;0;0;2965;0;0;89;0;200;0;
3774;8523214;1022701568;14524416;1159192576;0;0;0;0;0;0;0;0;0;0;0;2615;0;0;89;0;200;0;
3775;5496408;1022701568;14524416;1159192576;0;0;0;0;0;0;0;0;0;0;0;2805;0;0;89;0;200;0;
3776;4299533;1022701568;14524416;1159192576;0;0;0;0;0;0;0;0;0;0;0;3236;0;0;89;0;200;0;
3777;5515985;1022701568;14524416;1159192576;0;0;0;0;0;0;0;0;0;0;0;2995;0;0;89;0;200;0;
3778;7124732;1022701568;14524416;1159192576;0;0;0;0;0;0;0;0;0;0;0;2605;0;0;89;0;200;0;
3779;2949892;1022701568;14524416;1159192576;0;0;0;0;0;0;0;0;0;0;0;2635;0;0;89;0;200;0;
3780;1173241;1022701568;14524416;1159192576;0;0;0;0;0;0;0;0;0;0;0;2024;0;0;89;0;200;0;
3781;5877803;1022701568;14524416;1159192576;0;0;0;0;0;0;0;0;0;0;0;2615;0;0;89;0;200;0;
3782;2392236;1022701568;14524416;1159192576;0;0;0;0;0;0;0;0;0;0;0;3426;0;0;89;0;200;0;
3783;3666747;1022701568;14524416;1159192576;0;0;0;0;0;0;0;0;0;0;0;2295;0;0;89;0;200;0;
3784;5678309;1022701568;14524416;1159192576;0;0;0;0;0;0;0;0;0;0;0;3076;0;0;89;0;200;0;
3785;3481559;1022701568;14524416;1159192576;0;0;0;0;0;0;0;0;0;0;0;2695;0;0;89;0;200;0;
3786;7066132;1022701568;14524416;1159192576;0;0;0;0;0;0;0;0;0;0;0;3347;0;0;89;0;200;0;
3787;10400525;1022701568;14524416;1159192576;0;0;0;0;0;0;0;0;0;0;0;3627;0;0;89;0;200;0;
3788;7571379;1022701568;14524416;1159192576;0;0;0;0;0;0;0;0;0;0;0;3366;0;0;89;0;200;0;
3789;4357792;1022701568;14524416;1159192576;0;0;0;0;0;0;0;0;0;0;0;2685;0;0;89;0;200;0;
3790;5053587;1022701568;14524416;1159192576;0;0;0;0;0;0;0;0;0;0;0;3657;0;0;89;0;200;0;
3791;4231746;1022701568;14524416;1159192576;0;0;0;0;0;0;0;0;0;0;0;2455;0;0;89;0;200;0;
3792;4713169;1022701568;14524416;1159192576;0;0;0;0;0;0;0;0;0;0;0;2605;0;0;89;0;200;0;
3793;4991050;1022701568;14524416;1159192576;0;0;0;0;0;0;0;0;0;0;0;2856;0;0;89;0;200;0;
3794;5611323;1022701568;14524416;1159192576;0;0;0;0;0;0;0;0;0;0;0;2515;0;0;89;0;200;0;
3795;4206259;1022701568;14524416;1159192576;0;0;0;0;0;0;0;0;0;0;0;2675;0;0;89;0;200;0;
3796;3908680;1022701568;14524416;1159192576;0;0;0;0;0;0;0;0;0;0;0;3046;0;0;89;0;200;0;
3797;5372135;1022701568;14524416;1159192576;0;0;0;0;0;0;0;0;0;0;0;2866;0;0;89;0;200;0;
3798;3552081;1022701568;14524416;1159192576;0;0;0;0;0;0;0;0;0;0;0;4107;0;0;89;0;200;0;
3799;6518605;1022701568;14524416;1159192576;0;0;0;0;0;0;0;0;0;0;0;3808;0;0;89;0;200;0;
3800;9595676;1022701568;14524416;1159192576;0;0;0;0;0;0;0;0;0;0;0;3176;0;0;89;0;200;0;
3801;5787284;1022701568;15015936;1159684096;0;0;0;0;0;0;0;0;0;0;0;3166;0;0;89;0;200;0;
3802;4660811;1022701568;15015936;1159684096;0;0;0;0;0;0;0;0;0;0;0;2905;0;0;89;0;200;0;
3803;6514958;1023508480;16367616;1161035776;0;0;0;0;0;0;0;0;0;0;0;3036;0;0;89;0;200;0;
3804;6182575;1024049152;16367616;1161035776;0;0;0;0;0;0;0;0;0;0;0;2966;0;0;89;0;200;0;
3805;4951997;1024049152;16367616;1161035776;0;0;0;0;0;0;0;0;0;0;0;2865;0;0;89;0;200;0;
3806;6213543;1024049152;16367616;1161035776;0;0;0;0;0;0;0;0;0;0;0;3897;0;0;89;0;200;0;
3807;4587744;1024049152;16367616;1161035776;0;0;0;0;0;0;0;0;0;0;0;2986;0;0;89;0;200;0;
3808;3467032;1024049152;16367616;1161035776;0;0;0;0;0;0;0;0;0;0;0;2885;0;0;89;0;200;0;
3809;6012336;1024049152;16367616;1161035776;0;0;0;0;0;0;0;0;0;0;0;3276;0;0;89;0;200;0;
3810;6095381;1024049152;16367616;1161035776;0;0;0;0;0;0;0;0;0;0;0;362990;0;0;89;0;200;0;
3811;4948680;1024049152;16367616;1161035776;0;0;0;0;0;0;0;0;0;0;0;4759;0;0;89;0;200;0;
3812;5882142;1024049152;16367616;1161035776;0;0;0;0;0;0;0;0;0;0;0;3497;0;0;89;0;200;0;
3813;7275514;1024049152;16367616;1161035776;0;0;0;0;0;0;0;0;0;0;0;2585;0;0;89;0;200;0;
3814;10757795;1024049152;16367616;1161035776;0;0;0;0;0;0;0;0;0;0;0;3547;0;0;89;0;200;0;
3815;2910869;1024049152;16367616;1161035776;0;0;0;0;0;0;0;0;0;0;0;3787;0;0;89;0;200;0;
3816;2758222;1024049152;16367616;1161035776;0;0;0;0;0;0;0;0;0;0;0;4719;0;0;89;0;200;0;
3817;4055044;1024049152;16367616;1161035776;0;0;0;0;0;0;0;0;0;0;0;2905;0;0;89;0;200;0;
3818;2171402;1024049152;16367616;1161035776;0;0;0;0;0;0;0;0;0;0;0;2885;0;0;89;0;200;0;
3819;1057834;1024049152;16367616;1161035776;0;0;0;0;0;0;0;0;0;0;0;1893;0;0;89;0;200;0;
3820;2653596;1024049152;16367616;1161035776;0;0;0;0;0;0;0;0;0;0;0;1653;0;0;89;0;200;0;
3821;4223240;1024049152;16367616;1161035776;0;0;0;0;0;0;0;0;0;0;0;3787;0;0;89;0;200;0;
3822;4553399;1024049152;16367616;1161035776;0;0;0;0;0;0;0;0;0;0;0;2324;0;0;89;0;200;0;
3823;4344298;1024049152;16367616;1161035776;0;0;0;0;0;0;0;0;0;0;0;2104;0;0;89;0;200;0;
3824;3503851;1024049152;16367616;1161035776;0;0;0;0;0;0;0;0;0;0;0;3176;0;0;89;0;200;0;
3825;3411508;1024049152;16367616;1161035776;0;0;0;0;0;0;0;0;0;0;0;1573;0;0;89;0;200;0;
3826;11562003;1024049152;16367616;1161035776;0;0;0;0;0;0;0;0;0;0;0;3296;0;0;89;0;200;0;
3827;7009055;1024049152;16367616;1161035776;0;0;0;0;0;0;0;0;0;0;0;3847;0;0;89;0;200;0;
3828;2646203;1024049152;16367616;1161035776;0;0;0;0;0;0;0;0;0;0;0;2765;0;0;89;0;200;0;
3829;2152867;1024049152;16367616;1161035776;0;0;0;0;0;0;0;0;0;0;0;1473;0;0;89;0;200;0;
3830;6757132;1024049152;16367616;1161035776;0;0;0;0;0;0;0;0;0;0;0;3156;0;0;89;0;200;0;
3831;3990333;1024049152;16367616;1161035776;0;0;0;0;0;0;0;0;0;0;0;3847;0;0;89;0;200;0;
3832;2912753;1024049152;16367616;1161035776;0;0;0;0;0;0;0;0;0;0;0;2504;0;0;89;0;200;0;
3833;3739704;1024049152;16367616;1161035776;0;0;0;0;0;0;0;0;0;0;0;2024;0;0;89;0;200;0;
3834;3060039;1024049152;16367616;1161035776;0;0;0;0;0;0;0;0;0;0;0;2325;0;0;89;0;200;0;
3835;2717236;1024049152;16367616;1161035776;0;0;0;0;0;0;0;0;0;0;0;1683;0;0;89;0;200;0;
3836;5515012;1024049152;16367616;1161035776;0;0;0;0;0;0;0;0;0;0;0;2945;0;0;89;0;200;0;
3837;5461973;1024049152;16367616;1161035776;0;0;0;0;0;0;0;0;0;0;0;2625;0;0;89;0;200;0;
3838;3119911;1024049152;16367616;1161035776;0;0;0;0;0;0;0;0;0;0;0;2174;0;0;89;0;200;0;
3839;9333894;1024049152;16367616;1161035776;0;0;0;0;0;0;0;0;0;0;0;1643;0;0;89;0;200;0;
3840;6209636;1024049152;16367616;1161035776;0;0;0;0;0;0;0;0;0;0;0;3196;0;0;89;0;200;0;
3841;2767250;1024049152;16367616;1161035776;0;0;0;0;0;0;0;0;0;0;0;2435;0;0;89;0;200;0;
3842;2135915;1024049152;16367616;1161035776;0;0;0;0;0;0;0;0;0;0;0;2114;0;0;89;0;200;0;
3843;3263720;1024049152;16367616;1161035776;0;0;0;0;0;0;0;0;0;0;0;2194;0;0;89;0;200;0;
3844;1012038;1024049152;16367616;1161035776;0;0;0;0;0;0;0;0;0;0;0;1572;0;0;89;0;200;0;
3845;7103853;1024049152;16367616;1161035776;0;0;0;0;0;0;0;0;0;0;0;1944;0;0;89;0;200;0;
3846;4565622;1024049152;16367616;1161035776;0;0;0;0;0;0;0;0;0;0;0;2625;0;0;89;0;200;0;
3847;4248177;1024049152;16367616;1161035776;0;0;0;0;0;0;0;0;0;0;0;2565;0;0;89;0;200;0;
3848;3905725;1024049152;16367616;1161035776;0;0;0;0;0;0;0;0;0;0;0;2084;0;0;89;0;200;0;
3849;4284265;1024049152;16367616;1161035776;0;0;0;0;0;0;0;0;0;0;0;2825;0;0;89;0;200;0;
3850;5167100;1024049152;16367616;1161035776;0;0;0;0;0;0;0;0;0;0;0;2905;0;0;89;0;200;0;
3851;3338190;1024049152;16367616;1161035776;0;0;0;0;0;0;0;0;0;0;0;2284;0;0;89;0;200;0;
3852;6682632;1024049152;16367616;1161035776;0;0;0;0;0;0;0;0;0;0;0;1563;0;0;89;0;200;0;
3853;3907889;1024049152;16367616;1161035776;0;0;0;0;0;0;0;0;0;0;0;2604;0;0;89;0;200;0;
3854;1726948;1024049152;16367616;1161035776;0;0;0;0;0;0;0;0;0;0;0;1803;0;0;89;0;200;0;
3855;2771758;1024049152;16367616;1161035776;0;0;0;0;0;0;0;0;0;0;0;2575;0;0;89;0;200;0;
3856;4652405;1024049152;16367616;1161035776;0;0;0;0;0;0;0;0;0;0;0;2946;0;0;89;0;200;0;
3857;1151760;1024049152;16367616;1161035776;0;0;0;0;0;0;0;0;0;0;0;1734;0;0;89;0;200;0;
3858;2710743;1024049152;16367616;1161035776;0;0;0;0;0;0;0;0;0;0;0;2385;0;0;89;0;200;0;
3859;3544898;1024049152;16367616;1161035776;0;0;0;0;0;0;0;0;0;0;0;1723;0;0;89;0;200;0;
3860;3110243;1024049152;16367616;1161035776;0;0;0;0;0;0;0;0;0;0;0;2515;0;0;89;0;200;0;
3861;2924034;1024049152;16367616;1161035776;0;0;0;0;0;0;0;0;0;0;0;2745;0;0;89;0;200;0;
3862;3860369;1024049152;16367616;1161035776;0;0;0;0;0;0;0;0;0;0;0;2365;0;0;89;0;200;0;
3863;4094478;1024049152;16367616;1161035776;0;0;0;0;0;0;0;0;0;0;0;2464;0;0;89;0;200;0;
3864;3014744;1024049152;16367616;1161035776;0;0;0;0;0;0;0;0;0;0;0;2945;0;0;89;0;200;0;
3865;7765002;1024049152;16367616;1161035776;0;0;0;0;0;0;0;0;0;0;0;2124;0;0;89;0;200;0;
3866;5083443;1024049152;16367616;1161035776;0;0;0;0;0;0;0;0;0;0;0;3166;0;0;89;0;200;0;
3867;2406873;1024049152;16367616;1161035776;0;0;0;0;0;0;0;0;0;0;0;2274;0;0;89;0;200;0;
3868;1950218;1024049152;16367616;1161035776;0;0;0;0;0;0;0;0;0;0;0;1643;0;0;89;0;200;0;
3869;4286468;1024049152;16367616;1161035776;0;0;0;0;0;0;0;0;0;0;0;2545;0;0;89;0;200;0;
3870;3793264;1024049152;16367616;1161035776;0;0;0;0;0;0;0;0;0;0;0;3045;0;0;89;0;200;0;
3871;2937790;1024049152;16367616;1161035776;0;0;0;0;0;0;0;0;0;0;0;2565;0;0;89;0;200;0;
3872;4233209;1024049152;16367616;1161035776;0;0;0;0;0;0;0;0;0;0;0;2504;0;0;89;0;200;0;
3873;3515813;1024049152;16367616;1161035776;0;0;0;0;0;0;0;0;0;0;0;2825;0;0;89;0;200;0;
3874;2502573;1024049152;16367616;1161035776;0;0;0;0;0;0;0;0;0;0;0;2184;0;0;89;0;200;0;
3875;3707303;1024049152;16367616;1161035776;0;0;0;0;0;0;0;0;0;0;0;2294;0;0;89;0;200;0;
3876;1496868;1024049152;16367616;1161035776;0;0;0;0;0;0;0;0;0;0;0;1222;0;0;89;0;200;0;
3877;1635697;1024049152;16367616;1161035776;0;0;0;0;0;0;0;0;0;0;0;1603;0;0;89;0;200;0;
3878;8514408;1024049152;16367616;1161035776;0;0;0;0;0;0;0;0;0;0;0;2335;0;0;89;0;200;0;
3879;3186275;1024049152;16367616;1161035776;0;0;0;0;0;0;0;0;0;0;0;3527;0;0;89;0;200;0;
3880;2203563;1024049152;16367616;1161035776;0;0;0;0;0;0;0;0;0;0;0;2845;0;0;89;0;200;0;
3881;1709516;1024049152;16367616;1161035776;0;0;0;0;0;0;0;0;0;0;0;1703;0;0;89;0;200;0;
3882;3418401;1024049152;16367616;1161035776;0;0;0;0;0;0;0;0;0;0;0;1794;0;0;89;0;200;0;
3883;2601178;1024049152;16367616;1161035776;0;0;0;0;0;0;0;0;0;0;0;1793;0;0;89;0;200;0;
3884;1422738;1024049152;16367616;1161035776;0;0;0;0;0;0;0;0;0;0;0;1984;0;0;89;0;200;0;
3885;2408477;1024049152;16367616;1161035776;0;0;0;0;0;0;0;0;0;0;0;1433;0;0;89;0;200;0;
3886;2145464;1024049152;16367616;1161035776;0;0;0;0;0;0;0;0;0;0;0;1674;0;0;89;0;200;0;
3887;2924395;1024049152;16367616;1161035776;0;0;0;0;0;0;0;0;0;0;0;1523;0;0;89;0;200;0;
3888;4354657;1024049152;16367616;1161035776;0;0;0;0;0;0;0;0;0;0;0;2325;0;0;89;0;200;0;
3889;2734087;1024049152;16367616;1161035776;0;0;0;0;0;0;0;0;0;0;0;1744;0;0;89;0;200;0;
3890;2790564;1024049152;16367616;1161035776;0;0;0;0;0;0;0;0;0;0;0;1673;0;0;89;0;200;0;
3891;5866101;1024049152;16367616;1161035776;0;0;0;0;0;0;0;0;0;0;0;1563;0;0;89;0;200;0;
3892;2739538;1024049152;16367616;1161035776;0;0;0;0;0;0;0;0;0;0;0;3076;0;0;89;0;200;0;
3893;2143309;1024049152;16367616;1161035776;0;0;0;0;0;0;0;0;0;0;0;2304;0;0;89;0;200;0;
3894;1462502;1024049152;16367616;1161035776;0;0;0;0;0;0;0;0;0;0;0;1733;0;0;89;0;200;0;
3895;2213952;1024049152;16367616;1161035776;0;0;0;0;0;0;0;0;0;0;0;1543;0;0;89;0;200;0;
3896;1097568;1024049152;16367616;1161035776;0;0;0;0;0;0;0;0;0;0;0;1522;0;0;89;0;200;0;
3897;2876244;1024049152;16367616;1161035776;0;0;0;0;0;0;0;0;0;0;0;1603;0;0;89;0;200;0;
3898;2607971;1024049152;16367616;1161035776;0;0;0;0;0;0;0;0;0;0;0;1553;0;0;89;0;200;0;
3899;2118574;1024049152;16367616;1161035776;0;0;0;0;0;0;0;0;0;0;0;1884;0;0;89;0;200;0;
3900;2262132;1024049152;16367616;1161035776;0;0;0;0;0;0;0;0;0;0;0;1693;0;0;89;0;200;0;
3901;2488847;1024049152;16367616;1161035776;0;0;0;0;0;0;0;0;0;0;0;1573;0;0;89;0;200;0;
3902;1652459;1024049152;16367616;1161035776;0;0;0;0;0;0;0;0;0;0;0;1453;0;0;89;0;200;0;
3903;2703861;1024049152;16367616;1161035776;0;0;0;0;0;0;0;0;0;0;0;1653;0;0;89;0;200;0;
3904;6972616;1024049152;16367616;1161035776;0;0;0;0;0;0;0;0;0;0;0;1683;0;0;89;0;200;0;
3905;3347588;1024049152;16367616;1161035776;0;0;0;0;0;0;0;0;0;0;0;2144;0;0;89;0;200;0;
3906;3498020;1024049152;16367616;1161035776;0;0;0;0;0;0;0;0;0;0;0;1793;0;0;89;0;200;0;
3907;1668569;1024049152;16367616;1161035776;0;0;0;0;0;0;0;0;0;0;0;1663;0;0;89;0;200;0;
3908;2316955;1024049152;16367616;1161035776;0;0;0;0;0;0;0;0;0;0;0;1693;0;0;89;0;200;0;
3909;1658681;1024049152;16367616;1161035776;0;0;0;0;0;0;0;0;0;0;0;1663;0;0;89;0;200;0;
3910;2444254;1024049152;16367616;1161035776;0;0;0;0;0;0;0;0;0;0;0;1523;0;0;89;0;200;0;
3911;3117797;1024049152;16367616;1161035776;0;0;0;0;0;0;0;0;0;0;0;1553;0;0;89;0;200;0;
3912;2072687;1024049152;16367616;1161035776;0;0;0;0;0;0;0;0;0;0;0;1593;0;0;89;0;200;0;
3913;2280897;1024049152;16367616;1161035776;0;0;0;0;0;0;0;0;0;0;0;1623;0;0;89;0;200;0;
3914;3578211;1024049152;16367616;1161035776;0;0;0;0;0;0;0;0;0;0;0;1603;0;0;89;0;200;0;
3915;2626115;1024049152;16367616;1161035776;0;0;0;0;0;0;0;0;0;0;0;1783;0;0;89;0;200;0;
3916;2633890;1024049152;16367616;1161035776;0;0;0;0;0;0;0;0;0;0;0;1523;0;0;89;0;200;0;
3917;5108260;1024049152;16367616;1161035776;0;0;0;0;0;0;0;0;0;0;0;1562;0;0;89;0;200;0;
3918;4396335;1024049152;16367616;1161035776;0;0;0;0;0;0;0;0;0;0;0;2454;0;0;89;0;200;0;
3919;2104587;1024049152;16367616;1161035776;0;0;0;0;0;0;0;0;0;0;0;1553;0;0;89;0;200;0;
3920;2113393;1024049152;16367616;1161035776;0;0;0;0;0;0;0;0;0;0;0;1674;0;0;89;0;200;0;
3921;2773010;1024049152;16367616;1161035776;0;0;0;0;0;0;0;0;0;0;0;1623;0;0;89;0;200;0;
3922;3139678;1024049152;16367616;1161035776;0;0;0;0;0;0;0;0;0;0;0;1252;0;0;89;0;200;0;
3923;3242561;1024049152;16367616;1161035776;0;0;0;0;0;0;0;0;0;0;0;1703;0;0;89;0;200;0;
3924;5305650;1024049152;16367616;1161035776;0;0;0;0;0;0;0;0;0;0;0;1613;0;0;89;0;200;0;
3925;2115618;1024049152;16367616;1161035776;0;0;0;0;0;0;0;0;0;0;0;1683;0;0;89;0;200;0;
3926;2648998;1024049152;16367616;1161035776;0;0;0;0;0;0;0;0;0;0;0;1573;0;0;89;0;200;0;
3927;2717687;1024049152;16367616;1161035776;0;0;0;0;0;0;0;0;0;0;0;1573;0;0;89;0;200;0;
3928;2351330;1024049152;16367616;1161035776;0;0;0;0;0;0;0;0;0;0;0;1663;0;0;89;0;200;0;
3929;1947602;1024049152;16367616;1161035776;0;0;0;0;0;0;0;0;0;0;0;1613;0;0;89;0;200;0;
3930;5867324;1024049152;16367616;1161035776;0;0;0;0;0;0;0;0;0;0;0;1443;0;0;89;0;200;0;
3931;2654448;1024049152;16367616;1161035776;0;0;0;0;0;0;0;0;0;0;0;1964;0;0;89;0;200;0;
3932;2299783;1024049152;16367616;1161035776;0;0;0;0;0;0;0;0;0;0;0;1714;0;0;89;0;200;0;
3933;3654613;1024049152;16367616;1161035776;0;0;0;0;0;0;0;0;0;0;0;1783;0;0;89;0;200;0;
3934;3776572;1024049152;16367616;1161035776;0;0;0;0;0;0;0;0;0;0;0;150823;0;0;89;0;200;0;
3935;2402836;1024049152;16367616;1161035776;0;0;0;0;0;0;0;0;0;0;0;1773;0;0;89;0;200;0;
3936;1999720;1024049152;16367616;1161035776;0;0;0;0;0;0;0;0;0;0;0;1593;0;0;89;0;200;0;
3937;2250110;1024049152;16367616;1161035776;0;0;0;0;0;0;0;0;0;0;0;1843;0;0;89;0;200;0;
3938;3632272;1024049152;16367616;1161035776;0;0;0;0;0;0;0;0;0;0;0;2184;0;0;89;0;200;0;
3939;2278303;1024049152;16367616;1161035776;0;0;0;0;0;0;0;0;0;0;0;1603;0;0;89;0;200;0;
3940;4609194;1024049152;16367616;1161035776;0;0;0;0;0;0;0;0;0;0;0;2405;0;0;89;0;200;0;
3941;4387408;1024049152;16367616;1161035776;0;0;0;0;0;0;0;0;0;0;0;1954;0;0;89;0;200;0;
3942;2791766;1024049152;16367616;1161035776;0;0;0;0;0;0;0;0;0;0;0;1813;0;0;89;0;200;0;
3943;5703355;1024049152;16367616;1161035776;0;0;0;0;0;0;0;0;0;0;0;1873;0;0;89;0;200;0;
3944;3845502;1024049152;16367616;1161035776;0;0;0;0;0;0;0;0;0;0;0;2063;0;0;89;0;200;0;
3945;3044539;1024049152;16367616;1161035776;0;0;0;0;0;0;0;0;0;0;0;2555;0;0;89;0;200;0;
3946;2717686;1024049152;16367616;1161035776;0;0;0;0;0;0;0;0;0;0;0;24286;0;0;89;0;200;0;
3947;3073253;1024049152;16367616;1161035776;0;0;0;0;0;0;0;0;0;0;0;2054;0;0;89;0;200;0;
3948;849984;1024049152;16367616;1161035776;0;0;0;0;0;0;0;0;0;0;0;1553;0;0;89;0;200;0;
3949;2526778;1024049152;16367616;1161035776;0;0;0;0;0;0;0;0;0;0;0;1753;0;0;89;0;200;0;
3950;2595708;1024049152;16367616;1161035776;0;0;0;0;0;0;0;0;0;0;0;1453;0;0;89;0;200;0;
3951;2779643;1024049152;16367616;1161035776;0;0;0;0;0;0;0;0;0;0;0;1703;0;0;89;0;200;0;
3952;2838063;1024049152;16367616;1161035776;0;0;0;0;0;0;0;0;0;0;0;1643;0;0;89;0;200;0;
3953;3673339;1024049152;16367616;1161035776;0;0;0;0;0;0;0;0;0;0;0;1723;0;0;89;0;200;0;
3954;3266356;1024049152;16367616;1161035776;0;0;0;0;0;0;0;0;0;0;0;1804;0;0;89;0;200;0;
3955;3155839;1024049152;16367616;1161035776;0;0;0;0;0;0;0;0;0;0;0;1573;0;0;89;0;200;0;
3956;7217325;1024049152;16367616;1161035776;0;0;0;0;0;0;0;0;0;0;0;1683;0;0;89;0;200;0;
3957;3647140;1024049152;16367616;1161035776;0;0;0;0;0;0;0;0;0;0;0;2895;0;0;89;0;200;0;
3958;2591480;1024049152;16367616;1161035776;0;0;0;0;0;0;0;0;0;0;0;64511;0;0;89;0;200;0;
3959;2873769;1024049152;16367616;1161035776;0;0;0;0;0;0;0;0;0;0;0;1543;0;0;89;0;200;0;
3960;3794155;1024049152;16367616;1161035776;0;0;0;0;0;0;0;0;0;0;0;22963;0;0;89;0;200;0;
3961;4408317;1024049152;16367616;1161035776;0;0;0;0;0;0;0;0;0;0;0;2134;0;0;89;0;200;0;
3962;2934403;1024049152;16367616;1161035776;0;0;0;0;0;0;0;0;0;0;0;1813;0;0;89;0;200;0;
3963;4049825;1024049152;16367616;1161035776;0;0;0;0;0;0;0;0;0;0;0;63569;0;0;89;0;200;0;
3964;1632502;1024049152;16367616;1161035776;0;0;0;0;0;0;0;0;0;0;0;1573;0;0;89;0;200;0;
3965;1214117;1024049152;16367616;1161035776;0;0;0;0;0;0;0;0;0;0;0;1453;0;0;89;0;200;0;
3966;3513860;1024049152;16367616;1161035776;0;0;0;0;0;0;0;0;0;0;0;1653;0;0;89;0;200;0;
3967;2874631;1024049152;16367616;1161035776;0;0;0;0;0;0;0;0;0;0;0;1503;0;0;89;0;200;0;
3968;2223670;1024049152;16367616;1161035776;0;0;0;0;0;0;0;0;0;0;0;1663;0;0;89;0;200;0;
3969;6804211;1024049152;16367616;1161035776;0;0;0;0;0;0;0;0;0;0;0;1743;0;0;89;0;200;0;
3970;4193524;1024049152;16367616;1161035776;0;0;0;0;0;0;0;0;0;0;0;2355;0;0;89;0;200;0;
3971;4513083;1024049152;16367616;1161035776;0;0;0;0;0;0;0;0;0;0;0;2034;0;0;89;0;200;0;
3972;3324424;1024049152;16367616;1161035776;0;0;0;0;0;0;0;0;0;0;0;1834;0;0;89;0;200;0;
3973;2910108;1024049152;16367616;1161035776;0;0;0;0;0;0;0;0;0;0;0;1483;0;0;89;0;200;0;
3974;2204454;1024049152;16367616;1161035776;0;0;0;0;0;0;0;0;0;0;0;1643;0;0;89;0;200;0;
3975;1793313;1024049152;16367616;1161035776;0;0;0;0;0;0;0;0;0;0;0;1623;0;0;89;0;200;0;
3976;3373136;1024049152;16367616;1161035776;0;0;0;0;0;0;0;0;0;0;0;1953;0;0;89;0;200;0;
3977;2648847;1024049152;16367616;1161035776;0;0;0;0;0;0;0;0;0;0;0;1663;0;0;89;0;200;0;
3978;2799350;1024049152;16367616;1161035776;0;0;0;0;0;0;0;0;0;0;0;1512;0;0;89;0;200;0;
3979;3156851;1024049152;16367616;1161035776;0;0;0;0;0;0;0;0;0;0;0;1633;0;0;89;0;200;0;
3980;2610206;1024049152;16367616;1161035776;0;0;0;0;0;0;0;0;0;0;0;2044;0;0;89;0;200;0;
3981;2529735;1024049152;16367616;1161035776;0;0;0;0;0;0;0;0;0;0;0;1593;0;0;89;0;200;0;
3982;5859339;1024049152;16367616;1161035776;0;0;0;0;0;0;0;0;0;0;0;1803;0;0;89;0;200;0;
3983;3313634;1024049152;16367616;1161035776;0;0;0;0;0;0;0;0;0;0;0;2555;0;0;89;0;200;0;
3984;3212324;1024049152;16367616;1161035776;0;0;0;0;0;0;0;0;0;0;0;1523;0;0;89;0;200;0;
3985;1800226;1024049152;16367616;1161035776;0;0;0;0;0;0;0;0;0;0;0;1483;0;0;89;0;200;0;
3986;2704632;1024049152;16367616;1161035776;0;0;0;0;0;0;0;0;0;0;0;1303;0;0;89;0;200;0;
3987;3288517;1024049152;16367616;1161035776;0;0;0;0;0;0;0;0;0;0;0;1884;0;0;89;0;200;0;
3988;4202712;1024049152;16367616;1161035776;0;0;0;0;0;0;0;0;0;0;0;1583;0;0;89;0;200;0;
3989;6118705;1024049152;16367616;1161035776;0;0;0;0;0;0;0;0;0;0;0;2504;0;0;89;0;200;0;
3990;2407044;1024049152;16367616;1161035776;0;0;0;0;0;0;0;0;0;0;0;1833;0;0;89;0;200;0;
3991;2570180;1024049152;16367616;1161035776;0;0;0;0;0;0;0;0;0;0;0;1342;0;0;89;0;200;0;
3992;2484599;1024049152;16367616;1161035776;0;0;0;0;0;0;0;0;0;0;0;1633;0;0;89;0;200;0;
3993;1980504;1024049152;16367616;1161035776;0;0;0;0;0;0;0;0;0;0;0;1783;0;0;89;0;200;0;
3994;6055516;1024049152;16367616;1161035776;0;0;0;0;0;0;0;0;0;0;0;1793;0;0;89;0;200;0;
3995;4798379;1024049152;16375808;1161043968;0;0;0;0;0;0;0;0;0;0;0;3256;0;0;89;0;200;0;
3996;1923477;1024049152;16375808;1161043968;0;0;0;0;0;0;0;0;0;0;0;2074;0;0;89;0;200;0;
3997;2905910;1024049152;16375808;1161043968;0;0;0;0;0;0;0;0;0;0;0;1774;0;0;89;0;200;0;
3998;3546732;1024049152;16375808;1161043968;0;0;0;0;0;0;0;0;0;0;0;1413;0;0;89;0;200;0;
3999;2992983;1024049152;16375808;1161043968;0;0;0;0;0;0;0;0;0;0;0;2154;0;0;89;0;200;0;
4000;3285732;1024049152;16375808;1161043968;0;0;0;0;0;0;0;0;0;0;0;1723;0;0;89;0;200;0;
4001;4185890;1024049152;16375808;1161043968;0;0;0;0;0;0;0;0;0;0;0;1774;0;0;89;0;200;0;
4002;2572905;1024049152;16375808;1161043968;0;0;0;0;0;0;0;0;0;0;0;1463;0;0;89;0;200;0;
4003;3618647;1024049152;16375808;1161043968;0;0;0;0;0;0;0;0;0;0;0;2275;0;0;89;0;200;0;
4004;3749532;1024049152;16375808;1161043968;0;0;0;0;0;0;0;0;0;0;0;1593;0;0;89;0;200;0;
4005;3385238;1024049152;16375808;1161043968;0;0;0;0;0;0;0;0;0;0;0;1843;0;0;89;0;200;0;
4006;3612495;1024049152;16375808;1161043968;0;0;0;0;0;0;0;0;0;0;0;23574;0;0;89;0;200;0;
4007;6019639;1024049152;16375808;1161043968;0;0;0;0;0;0;0;0;0;0;0;1673;0;0;89;0;200;0;
4008;4354156;1024049152;16375808;1161043968;0;0;0;0;0;0;0;0;0;0;0;2955;0;0;89;0;200;0;
4009;2422012;1024049152;16375808;1161043968;0;0;0;0;0;0;0;0;0;0;0;1663;0;0;89;0;200;0;
4010;2584467;1024049152;16375808;1161043968;0;0;0;0;0;0;0;0;0;0;0;1453;0;0;89;0;200;0;
4011;2262743;1024049152;16375808;1161043968;0;0;0;0;0;0;0;0;0;0;0;1944;0;0;89;0;200;0;
4012;4230374;1024049152;16375808;1161043968;0;0;0;0;0;0;0;0;0;0;0;2034;0;0;89;0;200;0;
4013;2877767;1024049152;16375808;1161043968;0;0;0;0;0;0;0;0;0;0;0;1613;0;0;89;0;200;0;
4014;2868790;1024049152;16375808;1161043968;0;0;0;0;0;0;0;0;0;0;0;70072;0;0;89;0;200;0;
4015;2717566;1024049152;16375808;1161043968;0;0;0;0;0;0;0;0;0;0;0;1643;0;0;89;0;200;0;
4016;4333737;1024049152;16375808;1161043968;0;0;0;0;0;0;0;0;0;0;0;1773;0;0;89;0;200;0;
4017;4283754;1024266240;16367616;1161035776;0;0;0;0;0;0;0;0;0;0;0;2124;0;0;89;0;200;0;
4018;2428214;1024266240;16367616;1161035776;0;0;0;0;0;0;0;0;0;0;0;1733;0;0;89;0;200;0;
4019;2052329;1024266240;16367616;1161035776;0;0;0;0;0;0;0;0;0;0;0;1794;0;0;89;0;200;0;
4020;7117418;1024266240;16367616;1161035776;0;0;0;0;0;0;0;0;0;0;0;1603;0;0;89;0;200;0;
4021;5830224;1024266240;16367616;1161035776;0;0;0;0;0;0;0;0;0;0;0;3696;0;0;89;0;200;0;
4022;2639410;1024266240;16367616;1161035776;0;0;0;0;0;0;0;0;0;0;0;2575;0;0;89;0;200;0;
4023;3072372;1024266240;16367616;1161035776;0;0;0;0;0;0;0;0;0;0;0;2234;0;0;89;0;200;0;
4024;2359094;1024266240;16367616;1161035776;0;0;0;0;0;0;0;0;0;0;0;1743;0;0;89;0;200;0;
4025;3848898;1024266240;16367616;1161035776;0;0;0;0;0;0;0;0;0;0;0;2064;0;0;89;0;200;0;
4026;3289980;1024266240;16367616;1161035776;0;0;0;0;0;0;0;0;0;0;0;1873;0;0;89;0;200;0;
4027;3867683;1024266240;16367616;1161035776;0;0;0;0;0;0;0;0;0;0;0;1603;0;0;89;0;200;0;
4028;2892865;1024266240;16367616;1161035776;0;0;0;0;0;0;0;0;0;0;0;1874;0;0;89;0;200;0;
4029;2596790;1024266240;16367616;1161035776;0;0;0;0;0;0;0;0;0;0;0;1633;0;0;89;0;200;0;
4030;5402622;1024266240;16367616;1161035776;0;0;0;0;0;0;0;0;0;0;0;1773;0;0;89;0;200;0;
4031;3867373;1024266240;16367616;1161035776;0;0;0;0;0;0;0;0;0;0;0;2294;0;0;89;0;200;0;
4032;2225253;1024266240;16367616;1161035776;0;0;0;0;0;0;0;0;0;0;0;1683;0;0;89;0;200;0;
4033;9118631;1024266240;16367616;1161035776;0;0;0;0;0;0;0;0;0;0;0;1753;0;0;89;0;200;0;
4034;5317232;1024266240;16367616;1161035776;0;0;0;0;0;0;0;0;0;0;0;3677;0;0;89;0;200;0;
4035;3748410;1024266240;16367616;1161035776;0;0;0;0;0;0;0;0;0;0;0;2885;0;0;89;0;200;0;
4036;4080683;1024266240;16367616;1161035776;0;0;0;0;0;0;0;0;0;0;0;2735;0;0;89;0;200;0;
4037;4559721;1024266240;16367616;1161035776;0;0;0;0;0;0;0;0;0;0;0;2625;0;0;89;0;200;0;
4038;3282226;1024266240;16367616;1161035776;0;0;0;0;0;0;0;0;0;0;0;2384;0;0;89;0;200;0;
4039;4199045;1024266240;16367616;1161035776;0;0;0;0;0;0;0;0;0;0;0;2314;0;0;89;0;200;0;
4040;3646369;1024266240;16367616;1161035776;0;0;0;0;0;0;0;0;0;0;0;81893;0;0;89;0;200;0;
4041;5627514;1024266240;16367616;1161035776;0;0;0;0;0;0;0;0;0;0;0;3155;0;0;89;0;200;0;
4042;2805311;1024266240;16367616;1161035776;0;0;0;0;0;0;0;0;0;0;0;1603;0;0;89;0;200;0;
4043;5253091;1024266240;16367616;1161035776;0;0;0;0;0;0;0;0;0;0;0;2575;0;0;89;0;200;0;
4044;3054739;1024266240;16367616;1161035776;0;0;0;0;0;0;0;0;0;0;0;2444;0;0;89;0;200;0;
4045;5156531;1024266240;16367616;1161035776;0;0;0;0;0;0;0;0;0;0;0;3337;0;0;89;0;200;0;
4046;5915073;1024266240;16367616;1161035776;0;0;0;0;0;0;0;0;0;0;0;2174;0;0;89;0;200;0;
4047;6239862;1024266240;16367616;1161035776;0;0;0;0;0;0;0;0;0;0;0;3106;0;0;89;0;200;0;
4048;4301858;1024266240;16367616;1161035776;0;0;0;0;0;0;0;0;0;0;0;2796;0;0;89;0;200;0;
4049;3439701;1024266240;16367616;1161035776;0;0;0;0;0;0;0;0;0;0;0;2595;0;0;89;0;200;0;
4050;4435428;1024266240;16367616;1161035776;0;0;0;0;0;0;0;0;0;0;0;2465;0;0;89;0;200;0;
4051;3424963;1024266240;16367616;1161035776;0;0;0;0;0;0;0;0;0;0;0;2204;0;0;89;0;200;0;
4052;3302413;1024266240;16367616;1161035776;0;0;0;0;0;0;0;0;0;0;0;2295;0;0;89;0;200;0;
4053;4762121;1024266240;16367616;1161035776;0;0;0;0;0;0;0;0;0;0;0;2414;0;0;89;0;200;0;
4054;3679260;1024266240;16367616;1161035776;0;0;0;0;0;0;0;0;0;0;0;2675;0;0;89;0;200;0;
4055;3113259;1024266240;16367616;1161035776;0;0;0;0;0;0;0;0;0;0;0;2585;0;0;89;0;200;0;
4056;4807315;1024266240;16367616;1161035776;0;0;0;0;0;0;0;0;0;0;0;2876;0;0;89;0;200;0;
4057;3102939;1024266240;16367616;1161035776;0;0;0;0;0;0;0;0;0;0;0;1794;0;0;89;0;200;0;
4058;2713199;1024266240;16367616;1161035776;0;0;0;0;0;0;0;0;0;0;0;1794;0;0;89;0;200;0;
4059;6003279;1024266240;16367616;1161035776;0;0;0;0;0;0;0;0;0;0;0;1583;0;0;89;0;200;0;
4060;3489313;1024266240;16367616;1161035776;0;0;0;0;0;0;0;0;0;0;0;3055;0;0;89;0;200;0;
4061;3251588;1024266240;16367616;1161035776;0;0;0;0;0;0;0;0;0;0;0;2124;0;0;89;0;200;0;
4062;3531352;1024266240;16367616;1161035776;0;0;0;0;0;0;0;0;0;0;0;1954;0;0;89;0;200;0;
4063;3474386;1024266240;16367616;1161035776;0;0;0;0;0;0;0;0;0;0;0;2003;0;0;89;0;200;0;
4064;2762742;1024266240;16367616;1161035776;0;0;0;0;0;0;0;0;0;0;0;2024;0;0;89;0;200;0;
4065;2154841;1024266240;16367616;1161035776;0;0;0;0;0;0;0;0;0;0;0;1623;0;0;89;0;200;0;
4066;4063391;1024266240;16367616;1161035776;0;0;0;0;0;0;0;0;0;0;0;1843;0;0;89;0;200;0;
4067;3025153;1024266240;16367616;1161035776;0;0;0;0;0;0;0;0;0;0;0;1854;0;0;89;0;200;0;
4068;2816442;1024266240;16367616;1161035776;0;0;0;0;0;0;0;0;0;0;0;1433;0;0;89;0;200;0;
4069;4067868;1024266240;16367616;1161035776;0;0;0;0;0;0;0;0;0;0;0;2945;0;0;89;0;200;0;
4070;2154721;1024266240;16367616;1161035776;0;0;0;0;0;0;0;0;0;0;0;1763;0;0;89;0;200;0;
4071;2633018;1024266240;16367616;1161035776;0;0;0;0;0;0;0;0;0;0;0;1593;0;0;89;0;200;0;
4072;6344538;1024266240;16367616;1161035776;0;0;0;0;0;0;0;0;0;0;0;1502;0;0;89;0;200;0;
4073;3548545;1024266240;16367616;1161035776;0;0;0;0;0;0;0;0;0;0;0;3046;0;0;89;0;200;0;
4074;2503595;1024266240;16367616;1161035776;0;0;0;0;0;0;0;0;0;0;0;2615;0;0;89;0;200;0;
4075;3189391;1024266240;16367616;1161035776;0;0;0;0;0;0;0;0;0;0;0;1513;0;0;89;0;200;0;
4076;3449880;1024266240;16367616;1161035776;0;0;0;0;0;0;0;0;0;0;0;1953;0;0;89;0;200;0;
4077;3546541;1024266240;16367616;1161035776;0;0;0;0;0;0;0;0;0;0;0;2305;0;0;89;0;200;0;
4078;2193724;1024266240;16367616;1161035776;0;0;0;0;0;0;0;0;0;0;0;1903;0;0;89;0;200;0;
4079;2975250;1024266240;16367616;1161035776;0;0;0;0;0;0;0;0;0;0;0;1794;0;0;89;0;200;0;
4080;2643668;1024266240;16367616;1161035776;0;0;0;0;0;0;0;0;0;0;0;1403;0;0;89;0;200;0;
4081;2800742;1024266240;16367616;1161035776;0;0;0;0;0;0;0;0;0;0;0;1623;0;0;89;0;200;0;
4082;5457194;1024266240;16367616;1161035776;0;0;0;0;0;0;0;0;0;0;0;2595;0;0;89;0;200;0;
4083;2996820;1024266240;16367616;1161035776;0;0;0;0;0;0;0;0;0;0;0;1953;0;0;89;0;200;0;
4084;2124364;1024266240;16367616;1161035776;0;0;0;0;0;0;0;0;0;0;0;1863;0;0;89;0;200;0;
4085;6237738;1024266240;16367616;1161035776;0;0;0;0;0;0;0;0;0;0;0;1563;0;0;89;0;200;0;
4086;4906441;1024266240;16367616;1161035776;0;0;0;0;0;0;0;0;0;0;0;2635;0;0;89;0;200;0;
4087;3328693;1024266240;16367616;1161035776;0;0;0;0;0;0;0;0;0;0;0;2535;0;0;89;0;200;0;
4088;3194741;1024266240;16367616;1161035776;0;0;0;0;0;0;0;0;0;0;0;1924;0;0;89;0;200;0;
4089;4150193;1024266240;16367616;1161035776;0;0;0;0;0;0;0;0;0;0;0;3065;0;0;89;0;200;0;
4090;3103350;1024266240;16367616;1161035776;0;0;0;0;0;0;0;0;0;0;0;1913;0;0;89;0;200;0;
4091;2337834;1024266240;16367616;1161035776;0;0;0;0;0;0;0;0;0;0;0;1993;0;0;89;0;200;0;
4092;3266376;1024266240;16367616;1161035776;0;0;0;0;0;0;0;0;0;0;0;1513;0;0;89;0;200;0;
4093;4735932;1024266240;16367616;1161035776;0;0;0;0;0;0;0;0;0;0;0;2305;0;0;89;0;200;0;
4094;3328523;1024266240;16367616;1161035776;0;0;0;0;0;0;0;0;0;0;0;1963;0;0;89;0;200;0;
4095;4162737;1024266240;16367616;1161035776;0;0;0;0;0;0;0;0;0;0;0;2274;0;0;89;0;200;0;
4096;2890741;1024266240;16367616;1161035776;0;0;0;0;0;0;0;0;0;0;0;1774;0;0;89;0;200;0;
4097;3592708;1024266240;16367616;1161035776;0;0;0;0;0;0;0;0;0;0;0;1953;0;0;89;0;200;0;
4098;6039296;1024266240;16367616;1161035776;0;0;0;0;0;0;0;0;0;0;0;2084;0;0;89;0;200;0;
4099;3934909;1024266240;16367616;1161035776;0;0;0;0;0;0;0;0;0;0;0;2364;0;0;89;0;200;0;
4100;2307568;1024266240;16367616;1161035776;0;0;0;0;0;0;0;0;0;0;0;1924;0;0;89;0;200;0;
4101;2342192;1024266240;16367616;1161035776;0;0;0;0;0;0;0;0;0;0;0;1543;0;0;89;0;200;0;
4102;3508349;1024266240;16367616;1161035776;0;0;0;0;0;0;0;0;0;0;0;1653;0;0;89;0;200;0;
4103;3327109;1024266240;16367616;1161035776;0;0;0;0;0;0;0;0;0;0;0;1894;0;0;89;0;200;0;
4104;3349261;1024266240;16367616;1161035776;0;0;0;0;0;0;0;0;0;0;0;1664;0;0;89;0;200;0;
4105;3757116;1024266240;16367616;1161035776;0;0;0;0;0;0;0;0;0;0;0;1703;0;0;89;0;200;0;
4106;2680828;1024266240;16367616;1161035776;0;0;0;0;0;0;0;0;0;0;0;2104;0;0;89;0;200;0;
4107;2887525;1024266240;16367616;1161035776;0;0;0;0;0;0;0;0;0;0;0;1784;0;0;89;0;200;0;
4108;4070885;1024266240;16367616;1161035776;0;0;0;0;0;0;0;0;0;0;0;1994;0;0;89;0;200;0;
4109;2503886;1024266240;16367616;1161035776;0;0;0;0;0;0;0;0;0;0;0;1984;0;0;89;0;200;0;
4110;3294749;1024266240;16367616;1161035776;0;0;0;0;0;0;0;0;0;0;0;1973;0;0;89;0;200;0;
4111;6304203;1024266240;16367616;1161035776;0;0;0;0;0;0;0;0;0;0;0;2074;0;0;89;0;200;0;
4112;4831751;1024266240;16367616;1161035776;0;0;0;0;0;0;0;0;0;0;0;2474;0;0;89;0;200;0;
4113;3387733;1024266240;16367616;1161035776;0;0;0;0;0;0;0;0;0;0;0;2475;0;0;89;0;200;0;
4114;2644519;1024266240;16367616;1161035776;0;0;0;0;0;0;0;0;0;0;0;1723;0;0;89;0;200;0;
4115;2536147;1024266240;16367616;1161035776;0;0;0;0;0;0;0;0;0;0;0;2024;0;0;89;0;200;0;
4116;2795492;1024266240;16367616;1161035776;0;0;0;0;0;0;0;0;0;0;0;1583;0;0;89;0;200;0;
4117;2562435;1024266240;16367616;1161035776;0;0;0;0;0;0;0;0;0;0;0;1703;0;0;89;0;200;0;
4118;2980880;1024266240;16367616;1161035776;0;0;0;0;0;0;0;0;0;0;0;1884;0;0;89;0;200;0;
4119;2192271;1024266240;16367616;1161035776;0;0;0;0;0;0;0;0;0;0;0;2164;0;0;89;0;200;0;
4120;2593944;1024266240;16367616;1161035776;0;0;0;0;0;0;0;0;0;0;0;1743;0;0;89;0;200;0;
4121;3869266;1024266240;16367616;1161035776;0;0;0;0;0;0;0;0;0;0;0;1773;0;0;89;0;200;0;
4122;3228495;1024266240;16367616;1161035776;0;0;0;0;0;0;0;0;0;0;0;2134;0;0;89;0;200;0;
4123;3423581;1024266240;16367616;1161035776;0;0;0;0;0;0;0;0;0;0;0;1603;0;0;89;0;200;0;
4124;6683334;1024266240;16367616;1161035776;0;0;0;0;0;0;0;0;0;0;0;1863;0;0;89;0;200;0;
4125;4557607;1024266240;16367616;1161035776;0;0;0;0;0;0;0;0;0;0;0;2765;0;0;89;0;200;0;
4126;3154566;1024266240;16367616;1161035776;0;0;0;0;0;0;0;0;0;0;0;2735;0;0;89;0;200;0;
4127;2806493;1024266240;16367616;1161035776;0;0;0;0;0;0;0;0;0;0;0;1733;0;0;89;0;200;0;
4128;3743650;1024266240;16367616;1161035776;0;0;0;0;0;0;0;0;0;0;0;3276;0;0;89;0;200;0;
4129;2684174;1024266240;16367616;1161035776;0;0;0;0;0;0;0;0;0;0;0;1844;0;0;89;0;200;0;
4130;3573612;1024266240;16367616;1161035776;0;0;0;0;0;0;0;0;0;0;0;2615;0;0;89;0;200;0;
4131;3021817;1024266240;16367616;1161035776;0;0;0;0;0;0;0;0;0;0;0;1653;0;0;89;0;200;0;
4132;5152864;1024266240;16367616;1161035776;0;0;0;0;0;0;0;0;0;0;0;3316;0;0;89;0;200;0;
4133;3453036;1024266240;16367616;1161035776;0;0;0;0;0;0;0;0;0;0;0;2685;0;0;89;0;200;0;
4134;4053542;1024266240;16367616;1161035776;0;0;0;0;0;0;0;0;0;0;0;2995;0;0;89;0;200;0;
4135;4854855;1024266240;16367616;1161035776;0;0;0;0;0;0;0;0;0;0;0;2855;0;0;89;0;200;0;
4136;5311722;1024266240;16367616;1161035776;0;0;0;0;0;0;0;0;0;0;0;2965;0;0;89;0;200;0;
4137;8289315;1024266240;16367616;1161035776;0;0;0;0;0;0;0;0;0;0;0;2816;0;0;89;0;200;0;
4138;5087831;1024266240;16367616;1161035776;0;0;0;0;0;0;0;0;0;0;0;3206;0;0;89;0;200;0;
4139;4918725;1024266240;16367616;1161035776;0;0;0;0;0;0;0;0;0;0;0;3336;0;0;89;0;200;0;
4140;4461948;1024266240;16367616;1161035776;0;0;0;0;0;0;0;0;0;0;0;3646;0;0;89;0;200;0;
4141;5100515;1024266240;16367616;1161035776;0;0;0;0;0;0;0;0;0;0;0;3086;0;0;89;0;200;0;
4142;3534358;1024266240;16367616;1161035776;0;0;0;0;0;0;0;0;0;0;0;2294;0;0;89;0;200;0;
4143;3354682;1024266240;16367616;1161035776;0;0;0;0;0;0;0;0;0;0;0;3286;0;0;89;0;200;0;
4144;4928873;1024266240;16367616;1161035776;0;0;0;0;0;0;0;0;0;0;0;2966;0;0;89;0;200;0;
4145;4886915;1024266240;16367616;1161035776;0;0;0;0;0;0;0;0;0;0;0;2955;0;0;89;0;200;0;
4146;4471025;1024266240;16367616;1161035776;0;0;0;0;0;0;0;0;0;0;0;2765;0;0;89;0;200;0;
4147;3618195;1024266240;16367616;1161035776;0;0;0;0;0;0;0;0;0;0;0;2495;0;0;89;0;200;0;
4148;4081945;1024266240;16367616;1161035776;0;0;0;0;0;0;0;0;0;0;0;3006;0;0;89;0;200;0;
4149;5515323;1024266240;16367616;1161035776;0;0;0;0;0;0;0;0;0;0;0;3386;0;0;89;0;200;0;
4150;7943026;1024266240;16367616;1161035776;0;0;0;0;0;0;0;0;0;0;0;3116;0;0;89;0;200;0;
4151;6239482;1024266240;16367616;1161035776;0;0;0;0;0;0;0;0;0;0;0;3677;0;0;89;0;200;0;
4152;4997783;1024266240;16367616;1161035776;0;0;0;0;0;0;0;0;0;0;0;3436;0;0;89;0;200;0;
4153;4827103;1024266240;16367616;1161035776;0;0;0;0;0;0;0;0;0;0;0;2755;0;0;89;0;200;0;
4154;5332060;1024266240;16367616;1161035776;0;0;0;0;0;0;0;0;0;0;0;3106;0;0;89;0;200;0;
4155;5294780;1024266240;16367616;1161035776;0;0;0;0;0;0;0;0;0;0;0;3497;0;0;89;0;200;0;
4156;4947298;1024266240;16367616;1161035776;0;0;0;0;0;0;0;0;0;0;0;3076;0;0;89;0;200;0;
4157;5966730;1024266240;16367616;1161035776;0;0;0;0;0;0;0;0;0;0;0;3437;0;0;89;0;200;0;
4158;4912924;1024266240;16367616;1161035776;0;0;0;0;0;0;0;0;0;0;0;2996;0;0;89;0;200;0;
4159;4949102;1024266240;16367616;1161035776;0;0;0;0;0;0;0;0;0;0;0;2675;0;0;89;0;200;0;
4160;4602051;1024266240;16367616;1161035776;0;0;0;0;0;0;0;0;0;0;0;2645;0;0;89;0;200;0;
4161;4569209;1024266240;16367616;1161035776;0;0;0;0;0;0;0;0;0;0;0;2795;0;0;89;0;200;0;
4162;3441203;1024266240;16367616;1161035776;0;0;0;0;0;0;0;0;0;0;0;2795;0;0;89;0;200;0;
4163;8863573;1024266240;16367616;1161035776;0;0;0;0;0;0;0;0;0;0;0;3096;0;0;89;0;200;0;
4164;7620321;1024266240;16367616;1161035776;0;0;0;0;0;0;0;0;0;0;0;2785;0;0;89;0;200;0;
4165;2719510;1024266240;16367616;1161035776;0;0;0;0;0;0;0;0;0;0;0;3026;0;0;89;0;200;0;
4166;3321579;1024266240;16367616;1161035776;0;0;0;0;0;0;0;0;0;0;0;2805;0;0;89;0;200;0;
4167;5388185;1024266240;16367616;1161035776;0;0;0;0;0;0;0;0;0;0;0;3206;0;0;89;0;200;0;
4168;4175420;1024266240;16367616;1161035776;0;0;0;0;0;0;0;0;0;0;0;2825;0;0;89;0;200;0;
4169;3835814;1024266240;16367616;1161035776;0;0;0;0;0;0;0;0;0;0;0;2385;0;0;89;0;200;0;
4170;5258902;1024266240;16367616;1161035776;0;0;0;0;0;0;0;0;0;0;0;2926;0;0;89;0;200;0;
4171;5456263;1024266240;16367616;1161035776;0;0;0;0;0;0;0;0;0;0;0;3426;0;0;89;0;200;0;
4172;4933923;1024266240;16367616;1161035776;0;0;0;0;0;0;0;0;0;0;0;4538;0;0;89;0;200;0;
4173;6299414;1024266240;16367616;1161035776;0;0;0;0;0;0;0;0;0;0;0;3426;0;0;89;0;200;0;
4174;4439576;1024266240;16367616;1161035776;0;0;0;0;0;0;0;0;0;0;0;2925;0;0;89;0;200;0;
4175;4275668;1024266240;16367616;1161035776;0;0;0;0;0;0;0;0;0;0;0;3597;0;0;89;0;200;0;
4176;12551399;1024266240;16367616;1161035776;0;0;0;0;0;0;0;0;0;0;0;3116;0;0;89;0;200;0;
4177;7528880;1024266240;16367616;1161035776;0;0;0;0;0;0;0;0;0;0;0;3356;0;0;89;0;200;0;
4178;6138342;1024266240;16367616;1161035776;0;0;0;0;0;0;0;0;0;0;0;2655;0;0;89;0;200;0;
4179;3327240;1024266240;16367616;1161035776;0;0;0;0;0;0;0;0;0;0;0;3456;0;0;89;0;200;0;
4180;5497049;1024266240;16367616;1161035776;0;0;0;0;0;0;0;0;0;0;0;3106;0;0;89;0;200;0;
4181;4800092;1024266240;16367616;1161035776;0;0;0;0;0;0;0;0;0;0;0;3236;0;0;89;0;200;0;
4182;3548896;1024266240;16367616;1161035776;0;0;0;0;0;0;0;0;0;0;0;1914;0;0;89;0;200;0;
4183;4497655;1024266240;16367616;1161035776;0;0;0;0;0;0;0;0;0;0;0;1874;0;0;89;0;200;0;
4184;4161454;1024266240;16367616;1161035776;0;0;0;0;0;0;0;0;0;0;0;3406;0;0;89;0;200;0;
4185;3241950;1024266240;16367616;1161035776;0;0;0;0;0;0;0;0;0;0;0;2565;0;0;89;0;200;0;
4186;4888879;1024266240;16367616;1161035776;0;0;0;0;0;0;0;0;0;0;0;3887;0;0;89;0;200;0;
4187;3240217;1024266240;16367616;1161035776;0;0;0;0;0;0;0;0;0;0;0;1773;0;0;89;0;200;0;
4188;3294058;1024266240;16367616;1161035776;0;0;0;0;0;0;0;0;0;0;0;1913;0;0;89;0;200;0;
4189;10356002;1024266240;16367616;1161035776;0;0;0;0;0;0;0;0;0;0;0;2345;0;0;89;0;200;0;
4190;5873525;1024266240;16367616;1161035776;0;0;0;0;0;0;0;0;0;0;0;3497;0;0;89;0;200;0;
4191;3512637;1024266240;16367616;1161035776;0;0;0;0;0;0;0;0;0;0;0;2735;0;0;89;0;200;0;
4192;5207436;1024266240;16367616;1161035776;0;0;0;0;0;0;0;0;0;0;0;2655;0;0;89;0;200;0;
4193;4098747;1024266240;16367616;1161035776;0;0;0;0;0;0;0;0;0;0;0;2775;0;0;89;0;200;0;
4194;3562511;1024266240;16367616;1161035776;0;0;0;0;0;0;0;0;0;0;0;2465;0;0;89;0;200;0;
4195;5430003;1024266240;16367616;1161035776;0;0;0;0;0;0;0;0;0;0;0;2194;0;0;89;0;200;0;
4196;5392042;1024266240;16367616;1161035776;0;0;0;0;0;0;0;0;0;0;0;2665;0;0;89;0;200;0;
4197;4631335;1024266240;16367616;1161035776;0;0;0;0;0;0;0;0;0;0;0;2725;0;0;89;0;200;0;
4198;3521574;1024266240;16367616;1161035776;0;0;0;0;0;0;0;0;0;0;0;2575;0;0;89;0;200;0;
4199;5891439;1024266240;16367616;1161035776;0;0;0;0;0;0;0;0;0;0;0;2875;0;0;89;0;200;0;
4200;3290251;1024266240;16367616;1161035776;0;0;0;0;0;0;0;0;0;0;0;2284;0;0;89;0;200;0;
4201;3132525;1024266240;16367616;1161035776;0;0;0;0;0;0;0;0;0;0;0;2364;0;0;89;0;200;0;
4202;6674267;1024266240;16367616;1161035776;0;0;0;0;0;0;0;0;0;0;0;2214;0;0;89;0;200;0;
4203;5403634;1024266240;16367616;1161035776;0;0;0;0;0;0;0;0;0;0;0;3186;0;0;89;0;200;0;
4204;3463946;1024266240;16367616;1161035776;0;0;0;0;0;0;0;0;0;0;0;3236;0;0;89;0;200;0;
4205;4506651;1024266240;16367616;1161035776;0;0;0;0;0;0;0;0;0;0;0;2324;0;0;89;0;200;0;
4206;4009369;1024266240;16367616;1161035776;0;0;0;0;0;0;0;0;0;0;0;2445;0;0;89;0;200;0;
4207;4212240;1024266240;16367616;1161035776;0;0;0;0;0;0;0;0;0;0;0;2595;0;0;89;0;200;0;
4208;2826621;1024266240;16367616;1161035776;0;0;0;0;0;0;0;0;0;0;0;2554;0;0;89;0;200;0;
4209;3532555;1024266240;16367616;1161035776;0;0;0;0;0;0;0;0;0;0;0;1944;0;0;89;0;200;0;
4210;3422498;1024266240;16367616;1161035776;0;0;0;0;0;0;0;0;0;0;0;2525;0;0;89;0;200;0;
4211;2568366;1024266240;16367616;1161035776;0;0;0;0;0;0;0;0;0;0;0;2033;0;0;89;0;200;0;
4212;2963718;1024266240;16367616;1161035776;0;0;0;0;0;0;0;0;0;0;0;1573;0;0;89;0;200;0;
4213;3069145;1024266240;16367616;1161035776;0;0;0;0;0;0;0;0;0;0;0;1983;0;0;89;0;200;0;
4214;1791510;1024266240;16367616;1161035776;0;0;0;0;0;0;0;0;0;0;0;2053;0;0;89;0;200;0;
4215;8306528;1024266240;16367616;1161035776;0;0;0;0;0;0;0;0;0;0;0;2265;0;0;89;0;200;0;
4216;4046418;1024266240;16375808;1161043968;0;0;0;0;0;0;0;0;0;0;0;2785;0;0;89;0;200;0;
4217;3532465;1024266240;16375808;1161043968;0;0;0;0;0;0;0;0;0;0;0;2134;0;0;89;0;200;0;
4218;5933177;1024266240;16375808;1161043968;0;0;0;0;0;0;0;0;0;0;0;3086;0;0;89;0;200;0;
4219;6039126;1024266240;16375808;1161043968;0;0;0;0;0;0;0;0;0;0;0;3447;0;0;89;0;200;0;
4220;2693722;1024266240;16375808;1161043968;0;0;0;0;0;0;0;0;0;0;0;2635;0;0;89;0;200;0;
4221;4709672;1024266240;16375808;1161043968;0;0;0;0;0;0;0;0;0;0;0;1913;0;0;89;0;200;0;
4222;2990408;1024266240;16375808;1161043968;0;0;0;0;0;0;0;0;0;0;0;1743;0;0;89;0;200;0;
4223;4467809;1024266240;16375808;1161043968;0;0;0;0;0;0;0;0;0;0;0;2405;0;0;89;0;200;0;
4224;3990985;1024266240;16375808;1161043968;0;0;0;0;0;0;0;0;0;0;0;3026;0;0;89;0;200;0;
4225;2490851;1024266240;16375808;1161043968;0;0;0;0;0;0;0;0;0;0;0;1673;0;0;89;0;200;0;
4226;2240682;1024266240;16375808;1161043968;0;0;0;0;0;0;0;0;0;0;0;1453;0;0;89;0;200;0;
4227;1572028;1024266240;16375808;1161043968;0;0;0;0;0;0;0;0;0;0;0;1663;0;0;89;0;200;0;
4228;6647407;1024266240;16375808;1161043968;0;0;0;0;0;0;0;0;0;0;0;2114;0;0;89;0;200;0;
4229;4295215;1024266240;16375808;1161043968;0;0;0;0;0;0;0;0;0;0;0;3366;0;0;89;0;200;0;
4230;3516565;1024266240;16375808;1161043968;0;0;0;0;0;0;0;0;0;0;0;89588;0;0;89;0;200;0;
4231;1790487;1024266240;16375808;1161043968;0;0;0;0;0;0;0;0;0;0;0;1823;0;0;89;0;200;0;
4232;2319921;1024266240;16375808;1161043968;0;0;0;0;0;0;0;0;0;0;0;1623;0;0;89;0;200;0;
4233;1602184;1024266240;16375808;1161043968;0;0;0;0;0;0;0;0;0;0;0;1603;0;0;89;0;200;0;
4234;4199215;1024266240;16375808;1161043968;0;0;0;0;0;0;0;0;0;0;0;2234;0;0;89;0;200;0;
4235;3755132;1024266240;16375808;1161043968;0;0;0;0;0;0;0;0;0;0;0;2274;0;0;89;0;200;0;
4236;2099547;1024266240;16375808;1161043968;0;0;0;0;0;0;0;0;0;0;0;2134;0;0;89;0;200;0;
4237;1318102;1024266240;16375808;1161043968;0;0;0;0;0;0;0;0;0;0;0;1503;0;0;89;0;200;0;
4238;2070763;1024266240;16367616;1161035776;0;0;0;0;0;0;0;0;0;0;0;1393;0;0;89;0;200;0;
4239;3870168;1024266240;16367616;1161035776;0;0;0;0;0;0;0;0;0;0;0;2936;0;0;89;0;200;0;
4240;4098506;1024266240;16367616;1161035776;0;0;0;0;0;0;0;0;0;0;0;2284;0;0;89;0;200;0;
4241;7753901;1024266240;16367616;1161035776;0;0;0;0;0;0;0;0;0;0;0;2295;0;0;89;0;200;0;
4242;4209334;1024266240;16367616;1161035776;0;0;0;0;0;0;0;0;0;0;0;2675;0;0;89;0;200;0;
4243;5043578;1024266240;16367616;1161035776;0;0;0;0;0;0;0;0;0;0;0;4348;0;0;89;0;200;0;
4244;2757361;1024266240;16367616;1161035776;0;0;0;0;0;0;0;0;0;0;0;2715;0;0;89;0;200;0;
4245;5071031;1024266240;16367616;1161035776;0;0;0;0;0;0;0;0;0;0;0;2405;0;0;89;0;200;0;
4246;2017103;1024266240;16367616;1161035776;0;0;0;0;0;0;0;0;0;0;0;2144;0;0;89;0;200;0;
4247;3595212;1024266240;16367616;1161035776;0;0;0;0;0;0;0;0;0;0;0;2093;0;0;89;0;200;0;
4248;3839711;1024266240;16367616;1161035776;0;0;0;0;0;0;0;0;0;0;0;1973;0;0;89;0;200;0;
4249;1122525;1024266240;16367616;1161035776;0;0;0;0;0;0;0;0;0;0;0;2354;0;0;89;0;200;0;
4250;861005;1024266240;16367616;1161035776;0;0;0;0;0;0;0;0;0;0;0;1523;0;0;89;0;200;0;
4251;2334408;1024266240;16367616;1161035776;0;0;0;0;0;0;0;0;0;0;0;1703;0;0;89;0;200;0;
4252;1581657;1024266240;16367616;1161035776;0;0;0;0;0;0;0;0;0;0;0;1482;0;0;89;0;200;0;
4253;1536021;1024266240;16367616;1161035776;0;0;0;0;0;0;0;0;0;0;0;1833;0;0;89;0;200;0;
4254;6622210;1024266240;16367616;1161035776;0;0;0;0;0;0;0;0;0;0;0;1663;0;0;89;0;200;0;
4255;3116665;1024266240;16367616;1161035776;0;0;0;0;0;0;0;0;0;0;0;2946;0;0;89;0;200;0;
4256;2759345;1024266240;16367616;1161035776;0;0;0;0;0;0;0;0;0;0;0;1693;0;0;89;0;200;0;
4257;1846203;1024266240;16367616;1161035776;0;0;0;0;0;0;0;0;0;0;0;1533;0;0;89;0;200;0;
4258;2048963;1024266240;16367616;1161035776;0;0;0;0;0;0;0;0;0;0;0;2665;0;0;89;0;200;0;
4259;1587437;1024266240;16367616;1161035776;0;0;0;0;0;0;0;0;0;0;0;1693;0;0;89;0;200;0;
4260;2154080;1024266240;16367616;1161035776;0;0;0;0;0;0;0;0;0;0;0;1563;0;0;89;0;200;0;
4261;3675453;1024266240;16367616;1161035776;0;0;0;0;0;0;0;0;0;0;0;1463;0;0;89;0;200;0;
4262;2435377;1024266240;16367616;1161035776;0;0;0;0;0;0;0;0;0;0;0;2204;0;0;89;0;200;0;
4263;2349536;1024266240;16367616;1161035776;0;0;0;0;0;0;0;0;0;0;0;2124;0;0;89;0;200;0;
4264;4122802;1024266240;16367616;1161035776;0;0;0;0;0;0;0;0;0;0;0;2565;0;0;89;0;200;0;
4265;1753128;1024266240;16367616;1161035776;0;0;0;0;0;0;0;0;0;0;0;1763;0;0;89;0;200;0;
4266;2320051;1024266240;16367616;1161035776;0;0;0;0;0;0;0;0;0;0;0;2204;0;0;89;0;200;0;
4267;7292376;1024266240;16367616;1161035776;0;0;0;0;0;0;0;0;0;0;0;2304;0;0;89;0;200;0;
4268;3191064;1024266240;16367616;1161035776;0;0;0;0;0;0;0;0;0;0;0;2364;0;0;89;0;200;0;
4269;2940134;1024266240;16367616;1161035776;0;0;0;0;0;0;0;0;0;0;0;1884;0;0;89;0;200;0;
4270;2711044;1024266240;16367616;1161035776;0;0;0;0;0;0;0;0;0;0;0;2064;0;0;89;0;200;0;
4271;4976493;1024266240;16367616;1161035776;0;0;0;0;0;0;0;0;0;0;0;2094;0;0;89;0;200;0;
4272;2643588;1024266240;16367616;1161035776;0;0;0;0;0;0;0;0;0;0;0;2385;0;0;89;0;200;0;
4273;3094193;1024266240;16367616;1161035776;0;0;0;0;0;0;0;0;0;0;0;1532;0;0;89;0;200;0;
4274;2780274;1024266240;16367616;1161035776;0;0;0;0;0;0;0;0;0;0;0;1503;0;0;89;0;200;0;
4275;2325993;1024266240;16367616;1161035776;0;0;0;0;0;0;0;0;0;0;0;1663;0;0;89;0;200;0;
4276;2825639;1024266240;16367616;1161035776;0;0;0;0;0;0;0;0;0;0;0;1563;0;0;89;0;200;0;
4277;4812285;1024266240;16367616;1161035776;0;0;0;0;0;0;0;0;0;0;0;1683;0;0;89;0;200;0;
4278;3106907;1024266240;16367616;1161035776;0;0;0;0;0;0;0;0;0;0;0;1854;0;0;89;0;200;0;
4279;2103806;1024266240;16367616;1161035776;0;0;0;0;0;0;0;0;0;0;0;1573;0;0;89;0;200;0;
4280;10288315;1024266240;16367616;1161035776;0;0;0;0;0;0;0;0;0;0;0;1623;0;0;89;0;200;0;
4281;6036371;1024266240;16367616;1161035776;0;0;0;0;0;0;0;0;0;0;0;2665;0;0;89;0;200;0;
4282;3713003;1024266240;16367616;1161035776;0;0;0;0;0;0;0;0;0;0;0;2665;0;0;89;0;200;0;
4283;2913173;1024266240;16367616;1161035776;0;0;0;0;0;0;0;0;0;0;0;2064;0;0;89;0;200;0;
4284;1256696;1024266240;16367616;1161035776;0;0;0;0;0;0;0;0;0;0;0;1443;0;0;89;0;200;0;
4285;1379247;1024266240;16367616;1161035776;0;0;0;0;0;0;0;0;0;0;0;1483;0;0;89;0;200;0;
4286;2476144;1024266240;16367616;1161035776;0;0;0;0;0;0;0;0;0;0;0;1593;0;0;89;0;200;0;
4287;2018966;1024266240;16367616;1161035776;0;0;0;0;0;0;0;0;0;0;0;1342;0;0;89;0;200;0;
4288;3750734;1024266240;16367616;1161035776;0;0;0;0;0;0;0;0;0;0;0;2064;0;0;89;0;200;0;
4289;2663065;1024266240;16367616;1161035776;0;0;0;0;0;0;0;0;0;0;0;2705;0;0;89;0;200;0;
4290;2848983;1024266240;16367616;1161035776;0;0;0;0;0;0;0;0;0;0;0;1543;0;0;89;0;200;0;
4291;1695249;1024266240;16367616;1161035776;0;0;0;0;0;0;0;0;0;0;0;1443;0;0;89;0;200;0;
4292;2389341;1024266240;16367616;1161035776;0;0;0;0;0;0;0;0;0;0;0;1653;0;0;89;0;200;0;
4293;7784409;1024266240;16367616;1161035776;0;0;0;0;0;0;0;0;0;0;0;1372;0;0;89;0;200;0;
4294;3351997;1024266240;16367616;1161035776;0;0;0;0;0;0;0;0;0;0;0;3506;0;0;89;0;200;0;
4295;2366959;1024266240;16367616;1161035776;0;0;0;0;0;0;0;0;0;0;0;1593;0;0;89;0;200;0;
4296;2600437;1024266240;16367616;1161035776;0;0;0;0;0;0;0;0;0;0;0;1333;0;0;89;0;200;0;
4297;3454238;1024266240;16367616;1161035776;0;0;0;0;0;0;0;0;0;0;0;2365;0;0;89;0;200;0;
4298;3821757;1024266240;16367616;1161035776;0;0;0;0;0;0;0;0;0;0;0;2775;0;0;89;0;200;0;
4299;2235162;1024266240;16367616;1161035776;0;0;0;0;0;0;0;0;0;0;0;1763;0;0;89;0;200;0;
4300;2206519;1024266240;16367616;1161035776;0;0;0;0;0;0;0;0;0;0;0;1543;0;0;89;0;200;0;
4301;2531608;1024266240;16367616;1161035776;0;0;0;0;0;0;0;0;0;0;0;1683;0;0;89;0;200;0;
4302;2393699;1024266240;16367616;1161035776;0;0;0;0;0;0;0;0;0;0;0;1843;0;0;89;0;200;0;
4303;4094950;1024266240;16367616;1161035776;0;0;0;0;0;0;0;0;0;0;0;2685;0;0;89;0;200;0;
4304;2603693;1024266240;16367616;1161035776;0;0;0;0;0;0;0;0;0;0;0;2245;0;0;89;0;200;0;
4305;2094518;1024266240;16367616;1161035776;0;0;0;0;0;0;0;0;0;0;0;1172;0;0;89;0;200;0;
4306;5000699;1024266240;16367616;1161035776;0;0;0;0;0;0;0;0;0;0;0;1493;0;0;89;0;200;0;
4307;4174469;1024266240;16367616;1161035776;0;0;0;0;0;0;0;0;0;0;0;2535;0;0;89;0;200;0;
4308;2686699;1024266240;16367616;1161035776;0;0;0;0;0;0;0;0;0;0;0;160711;0;0;89;0;200;0;
4309;2801133;1024266240;16367616;1161035776;0;0;0;0;0;0;0;0;0;0;0;1723;0;0;89;0;200;0;
4310;2102623;1024266240;16367616;1161035776;0;0;0;0;0;0;0;0;0;0;0;1833;0;0;89;0;200;0;
4311;1157881;1024266240;16367616;1161035776;0;0;0;0;0;0;0;0;0;0;0;1513;0;0;89;0;200;0;
4312;2214172;1024266240;16367616;1161035776;0;0;0;0;0;0;0;0;0;0;0;1383;0;0;89;0;200;0;
4313;3873004;1024266240;16367616;1161035776;0;0;0;0;0;0;0;0;0;0;0;1903;0;0;89;0;200;0;
4314;2577684;1024266240;16367616;1161035776;0;0;0;0;0;0;0;0;0;0;0;2074;0;0;89;0;200;0;
4315;2832022;1024266240;16367616;1161035776;0;0;0;0;0;0;0;0;0;0;0;2054;0;0;89;0;200;0;
4316;3168172;1024266240;16367616;1161035776;0;0;0;0;0;0;0;0;0;0;0;1533;0;0;89;0;200;0;
4317;1695309;1024266240;16367616;1161035776;0;0;0;0;0;0;0;0;0;0;0;1533;0;0;89;0;200;0;
4318;2009559;1024266240;16367616;1161035776;0;0;0;0;0;0;0;0;0;0;0;1623;0;0;89;0;200;0;
4319;7136333;1024266240;16367616;1161035776;0;0;0;0;0;0;0;0;0;0;0;1493;0;0;89;0;200;0;
4320;4620165;1024266240;16367616;1161035776;0;0;0;0;0;0;0;0;0;0;0;3105;0;0;89;0;200;0;
4321;2128221;1024266240;16367616;1161035776;0;0;0;0;0;0;0;0;0;0;0;1694;0;0;89;0;200;0;
4322;2916499;1024266240;16367616;1161035776;0;0;0;0;0;0;0;0;0;0;0;2144;0;0;89;0;200;0;
4323;4483829;1024266240;16367616;1161035776;0;0;0;0;0;0;0;0;0;0;0;1353;0;0;89;0;200;0;
4324;2311235;1024266240;16367616;1161035776;0;0;0;0;0;0;0;0;0;0;0;167885;0;0;89;0;200;0;
4325;3162000;1024266240;16367616;1161035776;0;0;0;0;0;0;0;0;0;0;0;1473;0;0;89;0;200;0;
4326;2484159;1024266240;16367616;1161035776;0;0;0;0;0;0;0;0;0;0;0;1723;0;0;89;0;200;0;
4327;2773471;1024266240;16367616;1161035776;0;0;0;0;0;0;0;0;0;0;0;1653;0;0;89;0;200;0;
4328;2008527;1024266240;16367616;1161035776;0;0;0;0;0;0;0;0;0;0;0;1553;0;0;89;0;200;0;
4329;3238493;1024266240;16367616;1161035776;0;0;0;0;0;0;0;0;0;0;0;2074;0;0;89;0;200;0;
4330;3413211;1024266240;16367616;1161035776;0;0;0;0;0;0;0;0;0;0;0;1523;0;0;89;0;200;0;
4331;3605502;1024266240;16367616;1161035776;0;0;0;0;0;0;0;0;0;0;0;106530;0;0;89;0;200;0;
4332;5633185;1024266240;16367616;1161035776;0;0;0;0;0;0;0;0;0;0;0;1553;0;0;89;0;200;0;
4333;3710919;1024266240;16367616;1161035776;0;0;0;0;0;0;0;0;0;0;0;3126;0;0;89;0;200;0;
4334;4515007;1024266240;16367616;1161035776;0;0;0;0;0;0;0;0;0;0;0;2374;0;0;89;0;200;0;
4335;2596960;1024266240;16367616;1161035776;0;0;0;0;0;0;0;0;0;0;0;1513;0;0;89;0;200;0;
4336;2656381;1024266240;16367616;1161035776;0;0;0;0;0;0;0;0;0;0;0;1673;0;0;89;0;200;0;
4337;888657;1024266240;16367616;1161035776;0;0;0;0;0;0;0;0;0;0;0;1512;0;0;89;0;200;0;
4338;2550253;1024266240;16367616;1161035776;0;0;0;0;0;0;0;0;0;0;0;1753;0;0;89;0;200;0;
4339;3102609;1024266240;16367616;1161035776;0;0;0;0;0;0;0;0;0;0;0;1383;0;0;89;0;200;0;
4340;2387498;1024266240;16367616;1161035776;0;0;0;0;0;0;0;0;0;0;0;2174;0;0;89;0;200;0;
4341;3075077;1024266240;16367616;1161035776;0;0;0;0;0;0;0;0;0;0;0;1733;0;0;89;0;200;0;
4342;2557827;1024266240;16367616;1161035776;0;0;0;0;0;0;0;0;0;0;0;1673;0;0;89;0;200;0;
4343;2156414;1024266240;16367616;1161035776;0;0;0;0;0;0;0;0;0;0;0;1573;0;0;89;0;200;0;
4344;4128232;1024266240;16367616;1161035776;0;0;0;0;0;0;0;0;0;0;0;2435;0;0;89;0;200;0;
4345;7650638;1024266240;16367616;1161035776;0;0;0;0;0;0;0;0;0;0;0;1923;0;0;89;0;200;0;
4346;3239175;1024266240;16367616;1161035776;0;0;0;0;0;0;0;0;0;0;0;2755;0;0;89;0;200;0;
4347;4893257;1024266240;16367616;1161035776;0;0;0;0;0;0;0;0;0;0;0;3136;0;0;89;0;200;0;
4348;4594957;1024266240;16367616;1161035776;0;0;0;0;0;0;0;0;0;0;0;3095;0;0;89;0;200;0;
4349;2936217;1024266240;16367616;1161035776;0;0;0;0;0;0;0;0;0;0;0;1734;0;0;89;0;200;0;
4350;2786396;1024266240;16367616;1161035776;0;0;0;0;0;0;0;0;0;0;0;2114;0;0;89;0;200;0;
4351;3131001;1024266240;16367616;1161035776;0;0;0;0;0;0;0;0;0;0;0;1773;0;0;89;0;200;0;
4352;4550785;1024266240;16367616;1161035776;0;0;0;0;0;0;0;0;0;0;0;43882;0;0;89;0;200;0;
4353;3328562;1024266240;16367616;1161035776;0;0;0;0;0;0;0;0;0;0;0;2515;0;0;89;0;200;0;
4354;2372289;1024266240;16367616;1161035776;0;0;0;0;0;0;0;0;0;0;0;1603;0;0;89;0;200;0;
4355;3353238;1024266240;16367616;1161035776;0;0;0;0;0;0;0;0;0;0;0;1563;0;0;89;0;200;0;
4356;2045436;1024266240;16367616;1161035776;0;0;0;0;0;0;0;0;0;0;0;1483;0;0;89;0;200;0;
4357;3047225;1024266240;16367616;1161035776;0;0;0;0;0;0;0;0;0;0;0;1764;0;0;89;0;200;0;
4358;8859325;1024266240;16367616;1161035776;0;0;0;0;0;0;0;0;0;0;0;1974;0;0;89;0;200;0;
4359;5376032;1024266240;16367616;1161035776;0;0;0;0;0;0;0;0;0;0;0;3306;0;0;89;0;200;0;
4360;3594842;1024266240;16367616;1161035776;0;0;0;0;0;0;0;0;0;0;0;3236;0;0;89;0;200;0;
4361;2033935;1024266240;16367616;1161035776;0;0;0;0;0;0;0;0;0;0;0;1833;0;0;89;0;200;0;
4362;2178285;1024266240;16367616;1161035776;0;0;0;0;0;0;0;0;0;0;0;1794;0;0;89;0;200;0;
4363;2910719;1024266240;16367616;1161035776;0;0;0;0;0;0;0;0;0;0;0;1563;0;0;89;0;200;0;
4364;2323938;1024266240;16367616;1161035776;0;0;0;0;0;0;0;0;0;0;0;1803;0;0;89;0;200;0;
4365;4282290;1024266240;16367616;1161035776;0;0;0;0;0;0;0;0;0;0;0;1854;0;0;89;0;200;0;
4366;4415070;1024266240;16367616;1161035776;0;0;0;0;0;0;0;0;0;0;0;2975;0;0;89;0;200;0;
4367;2162005;1024266240;16367616;1161035776;0;0;0;0;0;0;0;0;0;0;0;1723;0;0;89;0;200;0;
4368;1886478;1024266240;16367616;1161035776;0;0;0;0;0;0;0;0;0;0;0;1523;0;0;89;0;200;0;
4369;2804940;1024266240;16367616;1161035776;0;0;0;0;0;0;0;0;0;0;0;1483;0;0;89;0;200;0;
4370;3476870;1024266240;16367616;1161035776;0;0;0;0;0;0;0;0;0;0;0;1934;0;0;89;0;200;0;
4371;6001145;1024266240;16367616;1161035776;0;0;0;0;0;0;0;0;0;0;0;1643;0;0;89;0;200;0;
4372;2826912;1024266240;16367616;1161035776;0;0;0;0;0;0;0;0;0;0;0;3086;0;0;89;0;200;0;
4373;2119916;1024266240;16367616;1161035776;0;0;0;0;0;0;0;0;0;0;0;2014;0;0;89;0;200;0;
4374;3523428;1024266240;16367616;1161035776;0;0;0;0;0;0;0;0;0;0;0;1883;0;0;89;0;200;0;
4375;4305093;1024266240;16367616;1161035776;0;0;0;0;0;0;0;0;0;0;0;2194;0;0;89;0;200;0;
4376;3318563;1024266240;16367616;1161035776;0;0;0;0;0;0;0;0;0;0;0;1653;0;0;89;0;200;0;
4377;2340419;1024266240;16367616;1161035776;0;0;0;0;0;0;0;0;0;0;0;1693;0;0;89;0;200;0;
4378;3280833;1024266240;16367616;1161035776;0;0;0;0;0;0;0;0;0;0;0;1553;0;0;89;0;200;0;
4379;3288437;1024266240;16367616;1161035776;0;0;0;0;0;0;0;0;0;0;0;2455;0;0;89;0;200;0;
4380;3337970;1024266240;16367616;1161035776;0;0;0;0;0;0;0;0;0;0;0;1813;0;0;89;0;200;0;
4381;3004275;1024266240;16367616;1161035776;0;0;0;0;0;0;0;0;0;0;0;1593;0;0;89;0;200;0;
4382;2077516;1024266240;16367616;1161035776;0;0;0;0;0;0;0;0;0;0;0;1463;0;0;89;0;200;0;
4383;1893821;1024266240;16367616;1161035776;0;0;0;0;0;0;0;0;0;0;0;1773;0;0;89;0;200;0;
4384;6742384;1024266240;16367616;1161035776;0;0;0;0;0;0;0;0;0;0;0;1833;0;0;89;0;200;0;
4385;3927847;1024266240;16367616;1161035776;0;0;0;0;0;0;0;0;0;0;0;3016;0;0;89;0;200;0;
4386;2929484;1024266240;16367616;1161035776;0;0;0;0;0;0;0;0;0;0;0;2274;0;0;89;0;200;0;
4387;2645631;1024266240;16367616;1161035776;0;0;0;0;0;0;0;0;0;0;0;1673;0;0;89;0;200;0;
4388;3986206;1024266240;16367616;1161035776;0;0;0;0;0;0;0;0;0;0;0;2134;0;0;89;0;200;0;
4389;2516900;1024266240;16367616;1161035776;0;0;0;0;0;0;0;0;0;0;0;1713;0;0;89;0;200;0;
4390;2166714;1024266240;16367616;1161035776;0;0;0;0;0;0;0;0;0;0;0;1513;0;0;89;0;200;0;
4391;2872918;1024266240;16367616;1161035776;0;0;0;0;0;0;0;0;0;0;0;1533;0;0;89;0;200;0;
4392;3965046;1024266240;16367616;1161035776;0;0;0;0;0;0;0;0;0;0;0;3166;0;0;89;0;200;0;
4393;2541607;1024266240;16367616;1161035776;0;0;0;0;0;0;0;0;0;0;0;1934;0;0;89;0;200;0;
4394;2574568;1024266240;16367616;1161035776;0;0;0;0;0;0;0;0;0;0;0;1523;0;0;89;0;200;0;
4395;1555668;1024266240;16367616;1161035776;0;0;0;0;0;0;0;0;0;0;0;1403;0;0;89;0;200;0;
4396;2500569;1024266240;16367616;1161035776;0;0;0;0;0;0;0;0;0;0;0;1473;0;0;89;0;200;0;
4397;7052937;1024266240;16367616;1161035776;0;0;0;0;0;0;0;0;0;0;0;1453;0;0;89;0;200;0;
4398;4610767;1024266240;16367616;1161035776;0;0;0;0;0;0;0;0;0;0;0;2585;0;0;89;0;200;0;
4399;2605637;1024266240;16367616;1161035776;0;0;0;0;0;0;0;0;0;0;0;1764;0;0;89;0;200;0;
4400;2924134;1024266240;16367616;1161035776;0;0;0;0;0;0;0;0;0;0;0;2886;0;0;89;0;200;0;
4401;4189668;1024266240;16367616;1161035776;0;0;0;0;0;0;0;0;0;0;0;3357;0;0;89;0;200;0;
4402;2663765;1024266240;16367616;1161035776;0;0;0;0;0;0;0;0;0;0;0;1503;0;0;89;0;200;0;
4403;2452039;1024266240;16367616;1161035776;0;0;0;0;0;0;0;0;0;0;0;1713;0;0;89;0;200;0;
4404;1755813;1024266240;16367616;1161035776;0;0;0;0;0;0;0;0;0;0;0;1553;0;0;89;0;200;0;
4405;3052594;1024266240;16367616;1161035776;0;0;0;0;0;0;0;0;0;0;0;1774;0;0;89;0;200;0;
4406;3496717;1024266240;16367616;1161035776;0;0;0;0;0;0;0;0;0;0;0;2966;0;0;89;0;200;0;
4407;4113184;1024266240;16367616;1161035776;0;0;0;0;0;0;0;0;0;0;0;2094;0;0;89;0;200;0;
4408;2772519;1024266240;16367616;1161035776;0;0;0;0;0;0;0;0;0;0;0;1543;0;0;89;0;200;0;
4409;2378260;1024266240;16367616;1161035776;0;0;0;0;0;0;0;0;0;0;0;1492;0;0;89;0;200;0;
4410;6464213;1024266240;16367616;1161035776;0;0;0;0;0;0;0;0;0;0;0;1683;0;0;89;0;200;0;
4411;4696628;1024266240;16367616;1161035776;0;0;0;0;0;0;0;0;0;0;0;2445;0;0;89;0;200;0;
4412;2888867;1024266240;16367616;1161035776;0;0;0;0;0;0;0;0;0;0;0;1933;0;0;89;0;200;0;
4413;2166393;1024266240;16367616;1161035776;0;0;0;0;0;0;0;0;0;0;0;1723;0;0;89;0;200;0;
4414;5515283;1024266240;16367616;1161035776;0;0;0;0;0;0;0;0;0;0;0;2515;0;0;89;0;200;0;
4415;2905179;1024266240;16367616;1161035776;0;0;0;0;0;0;0;0;0;0;0;1694;0;0;89;0;200;0;
4416;2261260;1024266240;16367616;1161035776;0;0;0;0;0;0;0;0;0;0;0;1573;0;0;89;0;200;0;
4417;3497119;1024266240;16367616;1161035776;0;0;0;0;0;0;0;0;0;0;0;1383;0;0;89;0;200;0;
4418;2103775;1024266240;16367616;1161035776;0;0;0;0;0;0;0;0;0;0;0;1974;0;0;89;0;200;0;
4419;3380510;1024266240;16367616;1161035776;0;0;0;0;0;0;0;0;0;0;0;1853;0;0;89;0;200;0;
4420;3740475;1024266240;16367616;1161035776;0;0;0;0;0;0;0;0;0;0;0;2575;0;0;89;0;200;0;
4421;2323377;1024266240;16367616;1161035776;0;0;0;0;0;0;0;0;0;0;0;1663;0;0;89;0;200;0;
4422;3098461;1024266240;16367616;1161035776;0;0;0;0;0;0;0;0;0;0;0;1302;0;0;89;0;200;0;
4423;6615907;1024266240;16367616;1161035776;0;0;0;0;0;0;0;0;0;0;0;1502;0;0;89;0;200;0;
4424;4175260;1024266240;16367616;1161035776;0;0;0;0;0;0;0;0;0;0;0;2716;0;0;89;0;200;0;
4425;2653607;1024266240;16367616;1161035776;0;0;0;0;0;0;0;0;0;0;0;2755;0;0;89;0;200;0;
4426;2765746;1024266240;16367616;1161035776;0;0;0;0;0;0;0;0;0;0;0;1683;0;0;89;0;200;0;
4427;3796931;1024266240;16367616;1161035776;0;0;0;0;0;0;0;0;0;0;0;2154;0;0;89;0;200;0;
4428;4122902;1024266240;16367616;1161035776;0;0;0;0;0;0;0;0;0;0;0;2625;0;0;89;0;200;0;
4429;1761965;1024266240;16367616;1161035776;0;0;0;0;0;0;0;0;0;0;0;1353;0;0;89;0;200;0;
4430;2219662;1024266240;16367616;1161035776;0;0;0;0;0;0;0;0;0;0;0;1302;0;0;89;0;200;0;
4431;1170035;1024266240;16367616;1161035776;0;0;0;0;0;0;0;0;0;0;0;1473;0;0;89;0;200;0;
4432;1860229;1024266240;16367616;1161035776;0;0;0;0;0;0;0;0;0;0;0;1543;0;0;89;0;200;0;
4433;1444530;1024266240;16367616;1161035776;0;0;0;0;0;0;0;0;0;0;0;1503;0;0;89;0;200;0;
4434;1567530;1024266240;16367616;1161035776;0;0;0;0;0;0;0;0;0;0;0;1523;0;0;89;0;200;0;
4435;3201474;1024266240;16367616;1161035776;0;0;0;0;0;0;0;0;0;0;0;2124;0;0;89;0;200;0;
4436;5617014;1024266240;16367616;1161035776;0;0;0;0;0;0;0;0;0;0;0;1523;0;0;89;0;200;0;
4437;4665780;1024266240;16367616;1161035776;0;0;0;0;0;0;0;0;0;0;0;2364;0;0;89;0;200;0;
4438;2134814;1024266240;16367616;1161035776;0;0;0;0;0;0;0;0;0;0;0;2044;0;0;89;0;200;0;
4439;2817474;1024266240;16367616;1161035776;0;0;0;0;0;0;0;0;0;0;0;1553;0;0;89;0;200;0;
4440;4232097;1024266240;16367616;1161035776;0;0;0;0;0;0;0;0;0;0;0;2796;0;0;89;0;200;0;
4441;2490901;1024266240;16367616;1161035776;0;0;0;0;0;0;0;0;0;0;0;1784;0;0;89;0;200;0;
4442;2636554;1024266240;16367616;1161035776;0;0;0;0;0;0;0;0;0;0;0;1924;0;0;89;0;200;0;
4443;3940981;1024266240;16367616;1161035776;0;0;0;0;0;0;0;0;0;0;0;1663;0;0;89;0;200;0;
4444;3099903;1024266240;16367616;1161035776;0;0;0;0;0;0;0;0;0;0;0;2435;0;0;89;0;200;0;
4445;2628119;1024266240;16367616;1161035776;0;0;0;0;0;0;0;0;0;0;0;7434;0;0;89;0;200;0;
4446;2974499;1024266240;16367616;1161035776;0;0;0;0;0;0;0;0;0;0;0;1493;0;0;89;0;200;0;
4447;2561554;1024266240;16367616;1161035776;0;0;0;0;0;0;0;0;0;0;0;1433;0;0;89;0;200;0;
4448;2143219;1024266240;16367616;1161035776;0;0;0;0;0;0;0;0;0;0;0;1502;0;0;89;0;200;0;
4449;5664363;1024266240;16367616;1161035776;0;0;0;0;0;0;0;0;0;0;0;1473;0;0;89;0;200;0;
4450;2638518;1024266240;16367616;1161035776;0;0;0;0;0;0;0;0;0;0;0;1733;0;0;89;0;200;0;
4451;2828895;1024266240;16367616;1161035776;0;0;0;0;0;0;0;0;0;0;0;1663;0;0;89;0;200;0;
4452;2073699;1024266240;16367616;1161035776;0;0;0;0;0;0;0;0;0;0;0;1312;0;0;89;0;200;0;
4453;2074421;1024266240;16367616;1161035776;0;0;0;0;0;0;0;0;0;0;0;23474;0;0;89;0;200;0;
4454;2062558;1024266240;16367616;1161035776;0;0;0;0;0;0;0;0;0;0;0;1513;0;0;89;0;200;0;
4455;3001639;1024266240;16367616;1161035776;0;0;0;0;0;0;0;0;0;0;0;1653;0;0;89;0;200;0;
4456;2891813;1024266240;16367616;1161035776;0;0;0;0;0;0;0;0;0;0;0;1713;0;0;89;0;200;0;
4457;2277291;1024266240;16367616;1161035776;0;0;0;0;0;0;0;0;0;0;0;2034;0;0;89;0;200;0;
4458;2776878;1024266240;16367616;1161035776;0;0;0;0;0;0;0;0;0;0;0;1643;0;0;89;0;200;0;
4459;2829507;1024266240;16367616;1161035776;0;0;0;0;0;0;0;0;0;0;0;1533;0;0;89;0;200;0;
4460;1585002;1024266240;16367616;1161035776;0;0;0;0;0;0;0;0;0;0;0;1462;0;0;89;0;200;0;
4461;1916073;1024266240;16367616;1161035776;0;0;0;0;0;0;0;0;0;0;0;1503;0;0;89;0;200;0;
4462;6052982;1024266240;16367616;1161035776;0;0;0;0;0;0;0;0;0;0;0;1503;0;0;89;0;200;0;
4463;3268860;1024266240;16367616;1161035776;0;0;0;0;0;0;0;0;0;0;0;1894;0;0;89;0;200;0;
4464;2601438;1024266240;16367616;1161035776;0;0;0;0;0;0;0;0;0;0;0;1593;0;0;89;0;200;0;
4465;2272031;1024266240;16367616;1161035776;0;0;0;0;0;0;0;0;0;0;0;1503;0;0;89;0;200;0;
4466;2115157;1024266240;16367616;1161035776;0;0;0;0;0;0;0;0;0;0;0;1453;0;0;89;0;200;0;
4467;1664662;1024266240;16367616;1161035776;0;0;0;0;0;0;0;0;0;0;0;1463;0;0;89;0;200;0;
4468;2426190;1024266240;16367616;1161035776;0;0;0;0;0;0;0;0;0;0;0;1273;0;0;89;0;200;0;
4469;3625880;1024266240;16367616;1161035776;0;0;0;0;0;0;0;0;0;0;0;1623;0;0;89;0;200;0;
4470;1917666;1024266240;16367616;1161035776;0;0;0;0;0;0;0;0;0;0;0;1533;0;0;89;0;200;0;
4471;2710703;1024266240;16367616;1161035776;0;0;0;0;0;0;0;0;0;0;0;1532;0;0;89;0;200;0;
4472;2128020;1024266240;16367616;1161035776;0;0;0;0;0;0;0;0;0;0;0;1593;0;0;89;0;200;0;
4473;2522431;1024266240;16367616;1161035776;0;0;0;0;0;0;0;0;0;0;0;1453;0;0;89;0;200;0;
4474;2218491;1024266240;16367616;1161035776;0;0;0;0;0;0;0;0;0;0;0;1493;0;0;89;0;200;0;
4475;4740600;1024266240;16367616;1161035776;0;0;0;0;0;0;0;0;0;0;0;1543;0;0;89;0;200;0;
4476;3329604;1024266240;16367616;1161035776;0;0;0;0;0;0;0;0;0;0;0;1843;0;0;89;0;200;0;
4477;2137659;1024266240;16367616;1161035776;0;0;0;0;0;0;0;0;0;0;0;1493;0;0;89;0;200;0;
4478;2884870;1024266240;16367616;1161035776;0;0;0;0;0;0;0;0;0;0;0;1563;0;0;89;0;200;0;
4479;2414418;1024266240;16367616;1161035776;0;0;0;0;0;0;0;0;0;0;0;1423;0;0;89;0;200;0;
4480;2516419;1024266240;16367616;1161035776;0;0;0;0;0;0;0;0;0;0;0;1433;0;0;89;0;200;0;
4481;1793734;1024266240;16367616;1161035776;0;0;0;0;0;0;0;0;0;0;0;1573;0;0;89;0;200;0;
4482;2763252;1024266240;16367616;1161035776;0;0;0;0;0;0;0;0;0;0;0;1713;0;0;89;0;200;0;
4483;2421200;1024266240;16367616;1161035776;0;0;0;0;0;0;0;0;0;0;0;1633;0;0;89;0;200;0;
4484;2433795;1024266240;16367616;1161035776;0;0;0;0;0;0;0;0;0;0;0;1493;0;0;89;0;200;0;
4485;2677401;1024266240;16367616;1161035776;0;0;0;0;0;0;0;0;0;0;0;1533;0;0;89;0;200;0;
4486;2325150;1024266240;16367616;1161035776;0;0;0;0;0;0;0;0;0;0;0;1734;0;0;89;0;200;0;
4487;1995392;1024266240;16367616;1161035776;0;0;0;0;0;0;0;0;0;0;0;1493;0;0;89;0;200;0;
4488;5201645;1024266240;16367616;1161035776;0;0;0;0;0;0;0;0;0;0;0;1453;0;0;89;0;200;0;
4489;5836465;1028247552;16367616;1161035776;0;0;0;0;0;0;0;0;0;0;0;2454;0;0;90;0;200;0;
4490;2986611;1028247552;16367616;1161035776;0;0;0;0;0;0;0;0;0;0;0;1744;0;0;90;0;200;0;
4491;2322045;1028247552;16367616;1161035776;0;0;0;0;0;0;0;0;0;0;0;1593;0;0;90;0;200;0;
4492;2739838;1028247552;16367616;1161035776;0;0;0;0;0;0;0;0;0;0;0;1583;0;0;90;0;200;0;
4493;2100159;1028247552;16367616;1161035776;0;0;0;0;0;0;0;0;0;0;0;1573;0;0;90;0;200;0;
4494;3425965;1028247552;16367616;1161035776;0;0;0;0;0;0;0;0;0;0;0;1403;0;0;90;0;200;0;
4495;2684444;1028247552;16367616;1161035776;0;0;0;0;0;0;0;0;0;0;0;1613;0;0;90;0;200;0;
4496;1460870;1028247552;16367616;1161035776;0;0;0;0;0;0;0;0;0;0;0;1723;0;0;90;0;200;0;
4497;2083497;1028247552;16367616;1161035776;0;0;0;0;0;0;0;0;0;0;0;1433;0;0;90;0;200;0;
4498;1646608;1028247552;16367616;1161035776;0;0;0;0;0;0;0;0;0;0;0;1984;0;0;90;0;200;0;
4499;2795442;1028247552;16367616;1161035776;0;0;0;0;0;0;0;0;0;0;0;1563;0;0;90;0;200;0;
4500;2721073;1028247552;16367616;1161035776;0;0;0;0;0;0;0;0;0;0;0;1473;0;0;90;0;200;0;
4501;5544769;1028247552;16367616;1161035776;0;0;0;0;0;0;0;0;0;0;0;1633;0;0;90;0;200;0;
4502;2810040;1028247552;16367616;1161035776;0;0;0;0;0;0;0;0;0;0;0;1824;0;0;90;0;200;0;
4503;2612920;1028247552;16367616;1161035776;0;0;0;0;0;0;0;0;0;0;0;1413;0;0;90;0;200;0;
4504;1118989;1028247552;16367616;1161035776;0;0;0;0;0;0;0;0;0;0;0;1462;0;0;90;0;200;0;
4505;1383395;1028247552;16367616;1161035776;0;0;0;0;0;0;0;0;0;0;0;1392;0;0;90;0;200;0;
4506;1189310;1028247552;16367616;1161035776;0;0;0;0;0;0;0;0;0;0;0;1442;0;0;90;0;200;0;
4507;3005757;1028247552;16367616;1161035776;0;0;0;0;0;0;0;0;0;0;0;1212;0;0;90;0;200;0;
4508;2486433;1028247552;16367616;1161035776;0;0;0;0;0;0;0;0;0;0;0;1513;0;0;90;0;200;0;
4509;2607921;1028247552;16367616;1161035776;0;0;0;0;0;0;0;0;0;0;0;1623;0;0;90;0;200;0;
4510;2139883;1028247552;16367616;1161035776;0;0;0;0;0;0;0;0;0;0;0;1343;0;0;90;0;200;0;
4511;3345384;1028247552;16367616;1161035776;0;0;0;0;0;0;0;0;0;0;0;1543;0;0;90;0;200;0;
4512;2568968;1028247552;16367616;1161035776;0;0;0;0;0;0;0;0;0;0;0;1423;0;0;90;0;200;0;
4513;2540885;1028247552;16367616;1161035776;0;0;0;0;0;0;0;0;0;0;0;1553;0;0;90;0;200;0;
4514;5946051;1028247552;16367616;1161035776;0;0;0;0;0;0;0;0;0;0;0;1613;0;0;90;0;200;0;
4515;2413156;1028247552;16367616;1161035776;0;0;0;0;0;0;0;0;0;0;0;1813;0;0;90;0;200;0;
4516;2977985;1028247552;16367616;1161035776;0;0;0;0;0;0;0;0;0;0;0;1813;0;0;90;0;200;0;
4517;2199504;1028247552;16367616;1161035776;0;0;0;0;0;0;0;0;0;0;0;1212;0;0;90;0;200;0;
4518;3412319;1028247552;16367616;1161035776;0;0;0;0;0;0;0;0;0;0;0;1753;0;0;90;0;200;0;
4519;2267823;1028247552;16367616;1161035776;0;0;0;0;0;0;0;0;0;0;0;1363;0;0;90;0;200;0;
4520;3069066;1028247552;16367616;1161035776;0;0;0;0;0;0;0;0;0;0;0;1724;0;0;90;0;200;0;
4521;2679114;1028247552;16367616;1161035776;0;0;0;0;0;0;0;0;0;0;0;1543;0;0;90;0;200;0;
4522;2573677;1028247552;16367616;1161035776;0;0;0;0;0;0;0;0;0;0;0;1473;0;0;90;0;200;0;
4523;2935315;1028247552;16367616;1161035776;0;0;0;0;0;0;0;0;0;0;0;1442;0;0;90;0;200;0;
4524;3858065;1028247552;16367616;1161035776;0;0;0;0;0;0;0;0;0;0;0;1773;0;0;90;0;200;0;
4525;2282951;1028247552;16367616;1161035776;0;0;0;0;0;0;0;0;0;0;0;1522;0;0;90;0;200;0;
4526;2861235;1028247552;16367616;1161035776;0;0;0;0;0;0;0;0;0;0;0;1453;0;0;90;0;200;0;
4527;6391577;1028247552;16367616;1161035776;0;0;0;0;0;0;0;0;0;0;0;1583;0;0;90;0;200;0;
4528;5248343;1032495104;16367616;1161035776;0;0;0;0;0;0;0;0;0;0;0;3075;0;0;91;0;200;0;
4529;2560933;1032495104;16367616;1161035776;0;0;0;0;0;0;0;0;0;0;0;1623;0;0;91;0;200;0;
4530;2394701;1032495104;16367616;1161035776;0;0;0;0;0;0;0;0;0;0;0;1452;0;0;91;0;200;0;
4531;3491137;1032495104;16367616;1161035776;0;0;0;0;0;0;0;0;0;0;0;1382;0;0;91;0;200;0;
4532;3409574;1032495104;16367616;1161035776;0;0;0;0;0;0;0;0;0;0;0;1533;0;0;91;0;200;0;
4533;2817864;1032495104;16367616;1161035776;0;0;0;0;0;0;0;0;0;0;0;1653;0;0;91;0;200;0;
4534;2480962;1032495104;16367616;1161035776;0;0;0;0;0;0;0;0;0;0;0;1573;0;0;91;0;200;0;
4535;2534313;1032495104;16367616;1161035776;0;0;0;0;0;0;0;0;0;0;0;1623;0;0;91;0;200;0;
4536;2770135;1032495104;16367616;1161035776;0;0;0;0;0;0;0;0;0;0;0;1944;0;0;91;0;200;0;
4537;3825915;1032495104;16367616;1161035776;0;0;0;0;0;0;0;0;0;0;0;1623;0;0;91;0;200;0;
4538;2584648;1032495104;16367616;1161035776;0;0;0;0;0;0;0;0;0;0;0;1483;0;0;91;0;200;0;
4539;2829527;1032495104;16367616;1161035776;0;0;0;0;0;0;0;0;0;0;0;1553;0;0;91;0;200;0;
4540;5894274;1032495104;16367616;1161035776;0;0;0;0;0;0;0;0;0;0;0;1503;0;0;91;0;200;0;
4541;3237452;1032495104;16367616;1161035776;0;0;0;0;0;0;0;0;0;0;0;1944;0;0;91;0;200;0;
4542;2334308;1032495104;16367616;1161035776;0;0;0;0;0;0;0;0;0;0;0;1473;0;0;91;0;200;0;
4543;2538140;1032495104;16367616;1161035776;0;0;0;0;0;0;0;0;0;0;0;1522;0;0;91;0;200;0;
4544;2786996;1032495104;16367616;1161035776;0;0;0;0;0;0;0;0;0;0;0;1683;0;0;91;0;200;0;
4545;2131097;1032495104;16367616;1161035776;0;0;0;0;0;0;0;0;0;0;0;1503;0;0;91;0;200;0;
4546;2509777;1032495104;16367616;1161035776;0;0;0;0;0;0;0;0;0;0;0;1603;0;0;91;0;200;0;
4547;2537849;1032495104;16367616;1161035776;0;0;0;0;0;0;0;0;0;0;0;1573;0;0;91;0;200;0;
4548;2584066;1032495104;16367616;1161035776;0;0;0;0;0;0;0;0;0;0;0;1232;0;0;91;0;200;0;
4549;2995928;1032495104;16367616;1161035776;0;0;0;0;0;0;0;0;0;0;0;1503;0;0;91;0;200;0;
4550;4081304;1032495104;16367616;1161035776;0;0;0;0;0;0;0;0;0;0;0;2074;0;0;91;0;200;0;
4551;2921880;1032495104;16367616;1161035776;0;0;0;0;0;0;0;0;0;0;0;1633;0;0;91;0;200;0;
4552;2828465;1032495104;16367616;1161035776;0;0;0;0;0;0;0;0;0;0;0;1573;0;0;91;0;200;0;
4553;5282186;1032495104;16367616;1161035776;0;0;0;0;0;0;0;0;0;0;0;1503;0;0;91;0;200;0;
4554;4302428;1032495104;16367616;1161035776;0;0;0;0;0;0;0;0;0;0;0;2103;0;0;91;0;200;0;
4555;3037176;1032495104;16367616;1161035776;0;0;0;0;0;0;0;0;0;0;0;8356;0;0;91;0;200;0;
4556;2480031;1032495104;16367616;1161035776;0;0;0;0;0;0;0;0;0;0;0;1513;0;0;91;0;200;0;
4557;2572234;1032495104;16367616;1161035776;0;0;0;0;0;0;0;0;0;0;0;1583;0;0;91;0;200;0;
4558;2631224;1032495104;16367616;1161035776;0;0;0;0;0;0;0;0;0;0;0;1643;0;0;91;0;200;0;
4559;3551361;1032495104;16367616;1161035776;0;0;0;0;0;0;0;0;0;0;0;1723;0;0;91;0;200;0;
4560;3767646;1032495104;16367616;1161035776;0;0;0;0;0;0;0;0;0;0;0;1513;0;0;91;0;200;0;
4561;3069987;1032495104;16367616;1161035776;0;0;0;0;0;0;0;0;0;0;0;2234;0;0;91;0;200;0;
4562;2293581;1032495104;16367616;1161035776;0;0;0;0;0;0;0;0;0;0;0;1443;0;0;91;0;200;0;
4563;2285486;1032495104;16367616;1161035776;0;0;0;0;0;0;0;0;0;0;0;1513;0;0;91;0;200;0;
4564;2636254;1032495104;16367616;1161035776;0;0;0;0;0;0;0;0;0;0;0;1532;0;0;91;0;200;0;
4565;3478393;1032495104;16367616;1161035776;0;0;0;0;0;0;0;0;0;0;0;1964;0;0;91;0;200;0;
4566;7204131;1032495104;16367616;1161035776;0;0;0;0;0;0;0;0;0;0;0;1663;0;0;91;0;200;0;
4567;4068309;1032495104;16367616;1161035776;0;0;0;0;0;0;0;0;0;0;0;2895;0;0;91;0;200;0;
4568;2591039;1032495104;16367616;1161035776;0;0;0;0;0;0;0;0;0;0;0;1674;0;0;91;0;200;0;
4569;3030463;1032495104;16367616;1161035776;0;0;0;0;0;0;0;0;0;0;0;1783;0;0;91;0;200;0;
4570;3361213;1032495104;16367616;1161035776;0;0;0;0;0;0;0;0;0;0;0;2034;0;0;91;0;200;0;
4571;1992546;1032495104;16367616;1161035776;0;0;0;0;0;0;0;0;0;0;0;1864;0;0;91;0;200;0;
4572;2554441;1032495104;16367616;1161035776;0;0;0;0;0;0;0;0;0;0;0;1422;0;0;91;0;200;0;
4573;2866526;1032495104;16367616;1161035776;0;0;0;0;0;0;0;0;0;0;0;1493;0;0;91;0;200;0;
4574;2726163;1032495104;16367616;1161035776;0;0;0;0;0;0;0;0;0;0;0;1533;0;0;91;0;200;0;
4575;3169374;1032495104;16367616;1161035776;0;0;0;0;0;0;0;0;0;0;0;1512;0;0;91;0;200;0;
4576;2334007;1032495104;16367616;1161035776;0;0;0;0;0;0;0;0;0;0;0;1433;0;0;91;0;200;0;
4577;2197000;1032495104;16367616;1161035776;0;0;0;0;0;0;0;0;0;0;0;1503;0;0;91;0;200;0;
4578;2093587;1032495104;16367616;1161035776;0;0;0;0;0;0;0;0;0;0;0;1663;0;0;91;0;200;0;
4579;6253548;1032495104;16367616;1161035776;0;0;0;0;0;0;0;0;0;0;0;1773;0;0;91;0;200;0;
4580;3383496;1032495104;16367616;1161035776;0;0;0;0;0;0;0;0;0;0;0;3226;0;0;91;0;200;0;
4581;1922346;1032495104;16367616;1161035776;0;0;0;0;0;0;0;0;0;0;0;1684;0;0;91;0;200;0;
4582;3153885;1032495104;16367616;1161035776;0;0;0;0;0;0;0;0;0;0;0;1582;0;0;91;0;200;0;
4583;2675157;1032495104;16367616;1161035776;0;0;0;0;0;0;0;0;0;0;0;7294;0;0;91;0;200;0;
4584;2030348;1032495104;16367616;1161035776;0;0;0;0;0;0;0;0;0;0;0;1443;0;0;91;0;200;0;
4585;1392692;1032495104;16367616;1161035776;0;0;0;0;0;0;0;0;0;0;0;1492;0;0;91;0;200;0;
4586;2751841;1032495104;16367616;1161035776;0;0;0;0;0;0;0;0;0;0;0;1713;0;0;91;0;200;0;
4587;2507633;1032495104;16367616;1161035776;0;0;0;0;0;0;0;0;0;0;0;1773;0;0;91;0;200;0;
4588;2796304;1032495104;16367616;1161035776;0;0;0;0;0;0;0;0;0;0;0;1853;0;0;91;0;200;0;
4589;3180765;1032495104;16367616;1161035776;0;0;0;0;0;0;0;0;0;0;0;1573;0;0;91;0;200;0;
4590;3289378;1032495104;16367616;1161035776;0;0;0;0;0;0;0;0;0;0;0;2194;0;0;91;0;200;0;
4591;2026390;1032495104;16367616;1161035776;0;0;0;0;0;0;0;0;0;0;0;1433;0;0;91;0;200;0;
4592;5855782;1032495104;16367616;1161035776;0;0;0;0;0;0;0;0;0;0;0;1452;0;0;91;0;200;0;
4593;2236674;1032495104;16367616;1161035776;0;0;0;0;0;0;0;0;0;0;0;1983;0;0;91;0;200;0;
4594;2214362;1032495104;16367616;1161035776;0;0;0;0;0;0;0;0;0;0;0;1713;0;0;91;0;200;0;
4595;2621437;1032495104;16367616;1161035776;0;0;0;0;0;0;0;0;0;0;0;1663;0;0;91;0;200;0;
4596;3113028;1032495104;16367616;1161035776;0;0;0;0;0;0;0;0;0;0;0;1643;0;0;91;0;200;0;
4597;3507869;1032495104;16367616;1161035776;0;0;0;0;0;0;0;0;0;0;0;2265;0;0;91;0;200;0;
4598;1318182;1032495104;16367616;1161035776;0;0;0;0;0;0;0;0;0;0;0;1563;0;0;91;0;200;0;
4599;3898652;1032495104;16367616;1161035776;0;0;0;0;0;0;0;0;0;0;0;1593;0;0;91;0;200;0;
4600;1616160;1032495104;16367616;1161035776;0;0;0;0;0;0;0;0;0;0;0;1523;0;0;91;0;200;0;
4601;1949957;1032495104;16367616;1161035776;0;0;0;0;0;0;0;0;0;0;0;1643;0;0;91;0;200;0;
4602;2370075;1032495104;16367616;1161035776;0;0;0;0;0;0;0;0;0;0;0;1613;0;0;91;0;200;0;
4603;2660049;1032495104;16367616;1161035776;0;0;0;0;0;0;0;0;0;0;0;1714;0;0;91;0;200;0;
4604;1797281;1032495104;16367616;1161035776;0;0;0;0;0;0;0;0;0;0;0;1463;0;0;91;0;200;0;
4605;10495243;1032495104;16367616;1161035776;0;0;0;0;0;0;0;0;0;0;0;1363;0;0;91;0;200;0;
4606;3919741;1032495104;16367616;1161035776;0;0;0;0;0;0;0;0;0;0;0;2465;0;0;91;0;200;0;
4607;2381797;1032495104;16367616;1161035776;0;0;0;0;0;0;0;0;0;0;0;1783;0;0;91;0;200;0;
4608;2066024;1032495104;16367616;1161035776;0;0;0;0;0;0;0;0;0;0;0;1403;0;0;91;0;200;0;
4609;3468314;1032495104;16367616;1161035776;0;0;0;0;0;0;0;0;0;0;0;1273;0;0;91;0;200;0;
4610;1661717;1032495104;16367616;1161035776;0;0;0;0;0;0;0;0;0;0;0;1674;0;0;91;0;200;0;
4611;2451518;1032495104;16367616;1161035776;0;0;0;0;0;0;0;0;0;0;0;1623;0;0;91;0;200;0;
4612;2818406;1032495104;16367616;1161035776;0;0;0;0;0;0;0;0;0;0;0;1492;0;0;91;0;200;0;
4613;3041023;1032495104;16367616;1161035776;0;0;0;0;0;0;0;0;0;0;0;1763;0;0;91;0;200;0;
4614;2338635;1032495104;16367616;1161035776;0;0;0;0;0;0;0;0;0;0;0;1663;0;0;91;0;200;0;
4615;2055465;1032495104;16367616;1161035776;0;0;0;0;0;0;0;0;0;0;0;1804;0;0;91;0;200;0;
4616;2747092;1032495104;16367616;1161035776;0;0;0;0;0;0;0;0;0;0;0;1393;0;0;91;0;200;0;
4617;1522696;1032495104;16367616;1161035776;0;0;0;0;0;0;0;0;0;0;0;1463;0;0;91;0;200;0;
4618;6395113;1032495104;16367616;1161035776;0;0;0;0;0;0;0;0;0;0;0;24877;0;0;91;0;200;0;
4619;3933096;1032495104;16367616;1161035776;0;0;0;0;0;0;0;0;0;0;0;2235;0;0;91;0;200;0;
4620;2667342;1032495104;16367616;1161035776;0;0;0;0;0;0;0;0;0;0;0;1774;0;0;91;0;200;0;
4621;2350929;1032495104;16367616;1161035776;0;0;0;0;0;0;0;0;0;0;0;1643;0;0;91;0;200;0;
4622;3435182;1032495104;16367616;1161035776;0;0;0;0;0;0;0;0;0;0;0;1663;0;0;91;0;200;0;
4623;2934123;1032495104;16367616;1161035776;0;0;0;0;0;0;0;0;0;0;0;1483;0;0;91;0;200;0;
4624;1486197;1032495104;16367616;1161035776;0;0;0;0;0;0;0;0;0;0;0;1483;0;0;91;0;200;0;
4625;2874421;1032495104;16367616;1161035776;0;0;0;0;0;0;0;0;0;0;0;1473;0;0;91;0;200;0;
4626;4035528;1032495104;16367616;1161035776;0;0;0;0;0;0;0;0;0;0;0;2014;0;0;91;0;200;0;
4627;2747733;1032495104;16367616;1161035776;0;0;0;0;0;0;0;0;0;0;0;2124;0;0;91;0;200;0;
4628;2655981;1032495104;16367616;1161035776;0;0;0;0;0;0;0;0;0;0;0;1794;0;0;91;0;200;0;
4629;2546416;1032495104;16367616;1161035776;0;0;0;0;0;0;0;0;0;0;0;1703;0;0;91;0;200;0;
4630;2266661;1032495104;16367616;1161035776;0;0;0;0;0;0;0;0;0;0;0;1532;0;0;91;0;200;0;
4631;6153270;1032495104;16367616;1161035776;0;0;0;0;0;0;0;0;0;0;0;1673;0;0;91;0;200;0;
4632;3455049;1032495104;16367616;1161035776;0;0;0;0;0;0;0;0;0;0;0;2415;0;0;91;0;200;0;
4633;1523197;1032495104;16367616;1161035776;0;0;0;0;0;0;0;0;0;0;0;1393;0;0;91;0;200;0;
4634;1864897;1032495104;16367616;1161035776;0;0;0;0;0;0;0;0;0;0;0;1543;0;0;91;0;200;0;
4635;3121073;1032495104;16367616;1161035776;0;0;0;0;0;0;0;0;0;0;0;2024;0;0;91;0;200;0;
4636;2516660;1032495104;16367616;1161035776;0;0;0;0;0;0;0;0;0;0;0;1543;0;0;91;0;200;0;
4637;2872998;1032495104;16367616;1161035776;0;0;0;0;0;0;0;0;0;0;0;1653;0;0;91;0;200;0;
4638;3201554;1032495104;16367616;1161035776;0;0;0;0;0;0;0;0;0;0;0;1553;0;0;91;0;200;0;
4639;3840873;1032495104;16367616;1161035776;0;0;0;0;0;0;0;0;0;0;0;1713;0;0;91;0;200;0;
4640;2416652;1032495104;16367616;1161035776;0;0;0;0;0;0;0;0;0;0;0;1633;0;0;91;0;200;0;
4641;3570946;1032495104;16367616;1161035776;0;0;0;0;0;0;0;0;0;0;0;1773;0;0;91;0;200;0;
4642;2371878;1032495104;16367616;1161035776;0;0;0;0;0;0;0;0;0;0;0;1693;0;0;91;0;200;0;
4643;2252684;1032495104;16367616;1161035776;0;0;0;0;0;0;0;0;0;0;0;1753;0;0;91;0;200;0;
4644;6159100;1032495104;16367616;1161035776;0;0;0;0;0;0;0;0;0;0;0;1523;0;0;91;0;200;0;
4645;3327571;1032495104;16367616;1161035776;0;0;0;0;0;0;0;0;0;0;0;1904;0;0;91;0;200;0;
4646;3350643;1032495104;16367616;1161035776;0;0;0;0;0;0;0;0;0;0;0;1763;0;0;91;0;200;0;
4647;3679160;1032495104;16367616;1161035776;0;0;0;0;0;0;0;0;0;0;0;1894;0;0;91;0;200;0;
4648;3421697;1032495104;16367616;1161035776;0;0;0;0;0;0;0;0;0;0;0;1453;0;0;91;0;200;0;
4649;2511650;1032495104;16367616;1161035776;0;0;0;0;0;0;0;0;0;0;0;1693;0;0;91;0;200;0;
4650;3243062;1032495104;16367616;1161035776;0;0;0;0;0;0;0;0;0;0;0;1874;0;0;91;0;200;0;
4651;3734614;1032495104;16367616;1161035776;0;0;0;0;0;0;0;0;0;0;0;1944;0;0;91;0;200;0;
4652;2857068;1032495104;16367616;1161035776;0;0;0;0;0;0;0;0;0;0;0;2294;0;0;91;0;200;0;
4653;3045953;1032495104;16367616;1161035776;0;0;0;0;0;0;0;0;0;0;0;2113;0;0;91;0;200;0;
4654;3170697;1032495104;16367616;1161035776;0;0;0;0;0;0;0;0;0;0;0;1663;0;0;91;0;200;0;
4655;3412961;1032495104;16367616;1161035776;0;0;0;0;0;0;0;0;0;0;0;1613;0;0;91;0;200;0;
4656;2059673;1032495104;16367616;1161035776;0;0;0;0;0;0;0;0;0;0;0;1543;0;0;91;0;200;0;
4657;4863250;1032495104;16367616;1161035776;0;0;0;0;0;0;0;0;0;0;0;1412;0;0;91;0;200;0;
4658;4029015;1032495104;16367616;1161035776;0;0;0;0;0;0;0;0;0;0;0;3276;0;0;91;0;200;0;
4659;2924585;1032495104;16367616;1161035776;0;0;0;0;0;0;0;0;0;0;0;1563;0;0;91;0;200;0;
4660;2199626;1032495104;16367616;1161035776;0;0;0;0;0;0;0;0;0;0;0;1743;0;0;91;0;200;0;
4661;4368142;1032495104;16367616;1161035776;0;0;0;0;0;0;0;0;0;0;0;1623;0;0;91;0;200;0;
4662;2385504;1032495104;16367616;1161035776;0;0;0;0;0;0;0;0;0;0;0;1853;0;0;91;0;200;0;
4663;2806945;1032495104;16367616;1161035776;0;0;0;0;0;0;0;0;0;0;0;1733;0;0;91;0;200;0;
4664;3361153;1032495104;16367616;1161035776;0;0;0;0;0;0;0;0;0;0;0;1573;0;0;91;0;200;0;
4665;2948640;1032495104;16367616;1161035776;0;0;0;0;0;0;0;0;0;0;0;2204;0;0;91;0;200;0;
4666;2573356;1032495104;16367616;1161035776;0;0;0;0;0;0;0;0;0;0;0;1392;0;0;91;0;200;0;
4667;2589716;1032495104;16367616;1161035776;0;0;0;0;0;0;0;0;0;0;0;1603;0;0;91;0;200;0;
4668;2378531;1032495104;16367616;1161035776;0;0;0;0;0;0;0;0;0;0;0;1603;0;0;91;0;200;0;
4669;3767185;1032495104;16367616;1161035776;0;0;0;0;0;0;0;0;0;0;0;2394;0;0;91;0;200;0;
4670;6959001;1032495104;16367616;1161035776;0;0;0;0;0;0;0;0;0;0;0;1463;0;0;91;0;200;0;
4671;4524094;1032495104;16367616;1161035776;0;0;0;0;0;0;0;0;0;0;0;2575;0;0;91;0;200;0;
4672;2824477;1032495104;16367616;1161035776;0;0;0;0;0;0;0;0;0;0;0;1402;0;0;91;0;200;0;
4673;3923207;1032495104;16367616;1161035776;0;0;0;0;0;0;0;0;0;0;0;1943;0;0;91;0;200;0;
4674;3349452;1032495104;16367616;1161035776;0;0;0;0;0;0;0;0;0;0;0;2485;0;0;91;0;200;0;
4675;1946500;1032495104;16367616;1161035776;0;0;0;0;0;0;0;0;0;0;0;1724;0;0;91;0;200;0;
4676;2668724;1032495104;16367616;1161035776;0;0;0;0;0;0;0;0;0;0;0;1643;0;0;91;0;200;0;
4677;2782218;1032495104;16367616;1161035776;0;0;0;0;0;0;0;0;0;0;0;1643;0;0;91;0;200;0;
4678;2986761;1032495104;16367616;1161035776;0;0;0;0;0;0;0;0;0;0;0;1703;0;0;91;0;200;0;
4679;2981421;1032495104;16367616;1161035776;0;0;0;0;0;0;0;0;0;0;0;1883;0;0;91;0;200;0;
4680;3904563;1032495104;16367616;1161035776;0;0;0;0;0;0;0;0;0;0;0;2195;0;0;91;0;200;0;
4681;3572299;1032495104;16367616;1161035776;0;0;0;0;0;0;0;0;0;0;0;1663;0;0;91;0;200;0;
4682;2440717;1032495104;16367616;1161035776;0;0;0;0;0;0;0;0;0;0;0;2044;0;0;91;0;200;0;
4683;7808434;1032495104;16367616;1161035776;0;0;0;0;0;0;0;0;0;0;0;1894;0;0;91;0;200;0;
4684;5149808;1032495104;16367616;1161035776;0;0;0;0;0;0;0;0;0;0;0;3747;0;0;91;0;200;0;
4685;3367685;1032495104;16367616;1161035776;0;0;0;0;0;0;0;0;0;0;0;2815;0;0;91;0;200;0;
4686;2471294;1032495104;16367616;1161035776;0;0;0;0;0;0;0;0;0;0;0;1934;0;0;91;0;200;0;
4687;3777895;1032495104;16367616;1161035776;0;0;0;0;0;0;0;0;0;0;0;1473;0;0;91;0;200;0;
4688;3202426;1032495104;16367616;1161035776;0;0;0;0;0;0;0;0;0;0;0;1774;0;0;91;0;200;0;
4689;3078423;1032495104;16367616;1161035776;0;0;0;0;0;0;0;0;0;0;0;2314;0;0;91;0;200;0;
4690;3372374;1032495104;16367616;1161035776;0;0;0;0;0;0;0;0;0;0;0;1583;0;0;91;0;200;0;
4691;3573542;1032495104;16367616;1161035776;0;0;0;0;0;0;0;0;0;0;0;1713;0;0;91;0;200;0;
4692;3461993;1032495104;16367616;1161035776;0;0;0;0;0;0;0;0;0;0;0;2364;0;0;91;0;200;0;
4693;4102874;1032495104;16367616;1161035776;0;0;0;0;0;0;0;0;0;0;0;2073;0;0;91;0;200;0;
4694;3776292;1032495104;16367616;1161035776;0;0;0;0;0;0;0;0;0;0;0;2054;0;0;91;0;200;0;
4695;2414338;1032495104;16367616;1161035776;0;0;0;0;0;0;0;0;0;0;0;2285;0;0;91;0;200;0;
4696;5846615;1032495104;16367616;1161035776;0;0;0;0;0;0;0;0;0;0;0;1593;0;0;91;0;200;0;
4697;3745203;1032495104;16367616;1161035776;0;0;0;0;0;0;0;0;0;0;0;2164;0;0;91;0;200;0;
4698;3841725;1032495104;16367616;1161035776;0;0;0;0;0;0;0;0;0;0;0;2324;0;0;91;0;200;0;
4699;2770606;1032495104;16367616;1161035776;0;0;0;0;0;0;0;0;0;0;0;1944;0;0;91;0;200;0;
4700;3599340;1032495104;16367616;1161035776;0;0;0;0;0;0;0;0;0;0;0;1613;0;0;91;0;200;0;
4701;4034997;1032495104;16367616;1161035776;0;0;0;0;0;0;0;0;0;0;0;2304;0;0;91;0;200;0;
4702;2927610;1032495104;16367616;1161035776;0;0;0;0;0;0;0;0;0;0;0;1763;0;0;91;0;200;0;
4703;3290361;1032495104;16367616;1161035776;0;0;0;0;0;0;0;0;0;0;0;1763;0;0;91;0;200;0;
4704;2687209;1032495104;16367616;1161035776;0;0;0;0;0;0;0;0;0;0;0;1734;0;0;91;0;200;0;
4705;3151230;1032495104;16367616;1161035776;0;0;0;0;0;0;0;0;0;0;0;1233;0;0;91;0;200;0;
4706;3423942;1032495104;16367616;1161035776;0;0;0;0;0;0;0;0;0;0;0;1783;0;0;91;0;200;0;
4707;2007605;1032495104;16367616;1161035776;0;0;0;0;0;0;0;0;0;0;0;1483;0;0;91;0;200;0;
4708;2596199;1032495104;16367616;1161035776;0;0;0;0;0;0;0;0;0;0;0;1503;0;0;91;0;200;0;
4709;6027694;1032495104;16367616;1161035776;0;0;0;0;0;0;0;0;0;0;0;1593;0;0;91;0;200;0;
4710;4452410;1032495104;16367616;1161035776;0;0;0;0;0;0;0;0;0;0;0;2304;0;0;91;0;200;0;
4711;3051002;1032495104;16367616;1161035776;0;0;0;0;0;0;0;0;0;0;0;2124;0;0;91;0;200;0;
4712;1972910;1032495104;16367616;1161035776;0;0;0;0;0;0;0;0;0;0;0;1714;0;0;91;0;200;0;
4713;3559415;1032495104;16367616;1161035776;0;0;0;0;0;0;0;0;0;0;0;1774;0;0;91;0;200;0;
4714;2384743;1032495104;16367616;1161035776;0;0;0;0;0;0;0;0;0;0;0;1663;0;0;91;0;200;0;
4715;3852705;1032495104;16367616;1161035776;0;0;0;0;0;0;0;0;0;0;0;1853;0;0;91;0;200;0;
4716;2846218;1032495104;16367616;1161035776;0;0;0;0;0;0;0;0;0;0;0;1483;0;0;91;0;200;0;
4717;2972284;1032495104;16367616;1161035776;0;0;0;0;0;0;0;0;0;0;0;1774;0;0;91;0;200;0;
4718;2451798;1032495104;16367616;1161035776;0;0;0;0;0;0;0;0;0;0;0;1954;0;0;91;0;200;0;
4719;3835092;1032495104;16367616;1161035776;0;0;0;0;0;0;0;0;0;0;0;1974;0;0;91;0;200;0;
4720;3021236;1032495104;16367616;1161035776;0;0;0;0;0;0;0;0;0;0;0;1893;0;0;91;0;200;0;
4721;3170175;1032495104;16367616;1161035776;0;0;0;0;0;0;0;0;0;0;0;1974;0;0;91;0;200;0;
4722;6799852;1032495104;16367616;1161035776;0;0;0;0;0;0;0;0;0;0;0;2194;0;0;91;0;200;0;
4723;3851133;1032495104;16367616;1161035776;0;0;0;0;0;0;0;0;0;0;0;2365;0;0;91;0;200;0;
4724;2990889;1032495104;16367616;1161035776;0;0;0;0;0;0;0;0;0;0;0;2585;0;0;91;0;200;0;
4725;4067368;1032495104;16367616;1161035776;0;0;0;0;0;0;0;0;0;0;0;2374;0;0;91;0;200;0;
4726;3997146;1032495104;16367616;1161035776;0;0;0;0;0;0;0;0;0;0;0;2224;0;0;91;0;200;0;
4727;3206684;1032495104;16367616;1161035776;0;0;0;0;0;0;0;0;0;0;0;1853;0;0;91;0;200;0;
4728;3521865;1032495104;16367616;1161035776;0;0;0;0;0;0;0;0;0;0;0;1633;0;0;91;0;200;0;
4729;2853842;1032495104;16367616;1161035776;0;0;0;0;0;0;0;0;0;0;0;1513;0;0;91;0;200;0;
4730;1828048;1032495104;16367616;1161035776;0;0;0;0;0;0;0;0;0;0;0;1542;0;0;91;0;200;0;
4731;3641489;1032495104;16367616;1161035776;0;0;0;0;0;0;0;0;0;0;0;1994;0;0;91;0;200;0;
4732;3189481;1032495104;16367616;1161035776;0;0;0;0;0;0;0;0;0;0;0;1654;0;0;91;0;200;0;
4733;8472940;1032495104;16367616;1161035776;0;0;0;0;0;0;0;0;0;0;0;1874;0;0;91;0;200;0;
4734;7564336;1032495104;16367616;1161035776;0;0;0;0;0;0;0;0;0;0;0;1753;0;0;91;0;200;0;
4735;3565487;1032495104;16367616;1161035776;0;0;0;0;0;0;0;0;0;0;0;2525;0;0;91;0;200;0;
4736;4389372;1032495104;16367616;1161035776;0;0;0;0;0;0;0;0;0;0;0;2484;0;0;91;0;200;0;
4737;2750648;1032495104;16367616;1161035776;0;0;0;0;0;0;0;0;0;0;0;92794;0;0;91;0;200;0;
4738;4185860;1032495104;16367616;1161035776;0;0;0;0;0;0;0;0;0;0;0;2034;0;0;91;0;200;0;
4739;2416652;1032495104;16367616;1161035776;0;0;0;0;0;0;0;0;0;0;0;1793;0;0;91;0;200;0;
4740;3886519;1032495104;16367616;1161035776;0;0;0;0;0;0;0;0;0;0;0;1783;0;0;91;0;200;0;
4741;3102118;1032495104;16367616;1161035776;0;0;0;0;0;0;0;0;0;0;0;1663;0;0;91;0;200;0;
4742;3994752;1032495104;16367616;1161035776;0;0;0;0;0;0;0;0;0;0;0;1783;0;0;91;0;200;0;
4743;4146767;1032699904;16359424;1161027584;0;0;0;0;0;0;0;0;0;0;0;2264;0;0;91;0;200;0;
4744;2866576;1032699904;16359424;1161027584;0;0;0;0;0;0;0;0;0;0;0;3156;0;0;91;0;200;0;
4745;2040998;1032699904;16359424;1161027584;0;0;0;0;0;0;0;0;0;0;0;1813;0;0;91;0;200;0;
4746;6425249;1032699904;16359424;1161027584;0;0;0;0;0;0;0;0;0;0;0;1834;0;0;91;0;200;0;
4747;3164895;1032699904;16367616;1161035776;0;0;0;0;0;0;0;0;0;0;0;3827;0;0;91;0;200;0;
4748;3267828;1032699904;16367616;1161035776;0;0;0;0;0;0;0;0;0;0;0;2325;0;0;91;0;200;0;
4749;4093727;1032699904;16367616;1161035776;0;0;0;0;0;0;0;0;0;0;0;2164;0;0;91;0;200;0;
4750;2144401;1032699904;16367616;1161035776;0;0;0;0;0;0;0;0;0;0;0;1683;0;0;91;0;200;0;
4751;2946867;1032699904;16367616;1161035776;0;0;0;0;0;0;0;0;0;0;0;1723;0;0;91;0;200;0;
4752;3799746;1032699904;16367616;1161035776;0;0;0;0;0;0;0;0;0;0;0;2795;0;0;91;0;200;0;
4753;2102453;1032699904;16367616;1161035776;0;0;0;0;0;0;0;0;0;0;0;1543;0;0;91;0;200;0;
4754;2244760;1032699904;16367616;1161035776;0;0;0;0;0;0;0;0;0;0;0;1313;0;0;91;0;200;0;
4755;3088632;1032699904;16367616;1161035776;0;0;0;0;0;0;0;0;0;0;0;1883;0;0;91;0;200;0;
4756;2628149;1032699904;16367616;1161035776;0;0;0;0;0;0;0;0;0;0;0;2314;0;0;91;0;200;0;
4757;2760006;1032699904;16367616;1161035776;0;0;0;0;0;0;0;0;0;0;0;1843;0;0;91;0;200;0;
4758;7320088;1032699904;16367616;1161035776;0;0;0;0;0;0;0;0;0;0;0;2574;0;0;91;0;200;0;
4759;4070655;1032699904;16367616;1161035776;0;0;0;0;0;0;0;0;0;0;0;3306;0;0;91;0;200;0;
4760;3082009;1032699904;16367616;1161035776;0;0;0;0;0;0;0;0;0;0;0;3266;0;0;91;0;200;0;
4761;4700415;1032699904;16367616;1161035776;0;0;0;0;0;0;0;0;0;0;0;3146;0;0;91;0;200;0;
4762;4313209;1032699904;16367616;1161035776;0;0;0;0;0;0;0;0;0;0;0;2826;0;0;91;0;200;0;
4763;3216933;1032699904;16367616;1161035776;0;0;0;0;0;0;0;0;0;0;0;3116;0;0;91;0;200;0;
4764;3036384;1032699904;16367616;1161035776;0;0;0;0;0;0;0;0;0;0;0;1633;0;0;91;0;200;0;
4765;3306902;1032699904;16367616;1161035776;0;0;0;0;0;0;0;0;0;0;0;1814;0;0;91;0;200;0;
4766;3601053;1032699904;16367616;1161035776;0;0;0;0;0;0;0;0;0;0;0;2554;0;0;91;0;200;0;
4767;3246188;1032699904;16367616;1161035776;0;0;0;0;0;0;0;0;0;0;0;2564;0;0;91;0;200;0;
4768;2970591;1032699904;16367616;1161035776;0;0;0;0;0;0;0;0;0;0;0;2044;0;0;91;0;200;0;
4769;2154180;1032699904;16367616;1161035776;0;0;0;0;0;0;0;0;0;0;0;1863;0;0;91;0;200;0;
4770;6013307;1032699904;16367616;1161035776;0;0;0;0;0;0;0;0;0;0;0;1603;0;0;91;0;200;0;
4771;4259298;1032699904;16367616;1161035776;0;0;0;0;0;0;0;0;0;0;0;3287;0;0;91;0;200;0;
4772;3097499;1032699904;16367616;1161035776;0;0;0;0;0;0;0;0;0;0;0;2424;0;0;91;0;200;0;
4773;3447425;1032699904;16367616;1161035776;0;0;0;0;0;0;0;0;0;0;0;2304;0;0;91;0;200;0;
4774;2515798;1032699904;16367616;1161035776;0;0;0;0;0;0;0;0;0;0;0;2424;0;0;91;0;200;0;
4775;2789261;1032699904;16367616;1161035776;0;0;0;0;0;0;0;0;0;0;0;2334;0;0;91;0;200;0;
4776;3991646;1032699904;16367616;1161035776;0;0;0;0;0;0;0;0;0;0;0;1853;0;0;91;0;200;0;
4777;2475182;1032699904;16367616;1161035776;0;0;0;0;0;0;0;0;0;0;0;1523;0;0;91;0;200;0;
4778;2740820;1032699904;16367616;1161035776;0;0;0;0;0;0;0;0;0;0;0;1833;0;0;91;0;200;0;
4779;3477832;1032699904;16367616;1161035776;0;0;0;0;0;0;0;0;0;0;0;2204;0;0;91;0;200;0;
4780;4025259;1032699904;16367616;1161035776;0;0;0;0;0;0;0;0;0;0;0;2715;0;0;91;0;200;0;
4781;2895340;1032699904;16367616;1161035776;0;0;0;0;0;0;0;0;0;0;0;1803;0;0;91;0;200;0;
4782;6661824;1032699904;16367616;1161035776;0;0;0;0;0;0;0;0;0;0;0;2093;0;0;91;0;200;0;
4783;3851663;1032699904;16367616;1161035776;0;0;0;0;0;0;0;0;0;0;0;2255;0;0;91;0;200;0;
4784;1919169;1032699904;16367616;1161035776;0;0;0;0;0;0;0;0;0;0;0;1673;0;0;91;0;200;0;
4785;3302403;1032699904;16367616;1161035776;0;0;0;0;0;0;0;0;0;0;0;1613;0;0;91;0;200;0;
4786;2561033;1032699904;16367616;1161035776;0;0;0;0;0;0;0;0;0;0;0;1483;0;0;91;0;200;0;
4787;2020009;1032699904;16367616;1161035776;0;0;0;0;0;0;0;0;0;0;0;2374;0;0;91;0;200;0;
4788;4187493;1032699904;16367616;1161035776;0;0;0;0;0;0;0;0;0;0;0;3257;0;0;91;0;200;0;
4789;3640537;1032699904;16367616;1161035776;0;0;0;0;0;0;0;0;0;0;0;2074;0;0;91;0;200;0;
4790;2490660;1032699904;16367616;1161035776;0;0;0;0;0;0;0;0;0;0;0;1973;0;0;91;0;200;0;
4791;3897750;1032699904;16367616;1161035776;0;0;0;0;0;0;0;0;0;0;0;2695;0;0;91;0;200;0;
4792;2663926;1032699904;16367616;1161035776;0;0;0;0;0;0;0;0;0;0;0;1843;0;0;91;0;200;0;
4793;3579774;1032699904;16367616;1161035776;0;0;0;0;0;0;0;0;0;0;0;2385;0;0;91;0;200;0;
4794;6626367;1032699904;16367616;1161035776;0;0;0;0;0;0;0;0;0;0;0;2495;0;0;91;0;200;0;
4795;4482356;1032699904;16367616;1161035776;0;0;0;0;0;0;0;0;0;0;0;2696;0;0;91;0;200;0;
4796;2915258;1032699904;16367616;1161035776;0;0;0;0;0;0;0;0;0;0;0;3056;0;0;91;0;200;0;
4797;3567831;1032699904;16367616;1161035776;0;0;0;0;0;0;0;0;0;0;0;2575;0;0;91;0;200;0;
4798;3699317;1032699904;16367616;1161035776;0;0;0;0;0;0;0;0;0;0;0;2004;0;0;91;0;200;0;
4799;2962115;1032699904;16367616;1161035776;0;0;0;0;0;0;0;0;0;0;0;2415;0;0;91;0;200;0;
4800;2952227;1032699904;16367616;1161035776;0;0;0;0;0;0;0;0;0;0;0;2355;0;0;91;0;200;0;
4801;3253572;1032699904;16367616;1161035776;0;0;0;0;0;0;0;0;0;0;0;2765;0;0;91;0;200;0;
4802;2772329;1032699904;16367616;1161035776;0;0;0;0;0;0;0;0;0;0;0;2495;0;0;91;0;200;0;
4803;3907889;1032699904;16367616;1161035776;0;0;0;0;0;0;0;0;0;0;0;2955;0;0;91;0;200;0;
4804;3133807;1032699904;16367616;1161035776;0;0;0;0;0;0;0;0;0;0;0;1973;0;0;91;0;200;0;
4805;2638869;1032699904;16367616;1161035776;0;0;0;0;0;0;0;0;0;0;0;1953;0;0;91;0;200;0;
4806;5753671;1032699904;16367616;1161035776;0;0;0;0;0;0;0;0;0;0;0;1813;0;0;91;0;200;0;
4807;3882191;1032699904;16367616;1161035776;0;0;0;0;0;0;0;0;0;0;0;3637;0;0;91;0;200;0;
4808;2225393;1032699904;16367616;1161035776;0;0;0;0;0;0;0;0;0;0;0;2034;0;0;91;0;200;0;
4809;3105323;1032699904;16367616;1161035776;0;0;0;0;0;0;0;0;0;0;0;25118;0;0;91;0;200;0;
4810;1661827;1032699904;16367616;1161035776;0;0;0;0;0;0;0;0;0;0;0;2495;0;0;91;0;200;0;
4811;2640392;1032699904;16367616;1161035776;0;0;0;0;0;0;0;0;0;0;0;1904;0;0;91;0;200;0;
4812;5767646;1032699904;16367616;1161035776;0;0;0;0;0;0;0;0;0;0;0;1884;0;0;91;0;200;0;
4813;3501006;1032699904;16367616;1161035776;0;0;0;0;0;0;0;0;0;0;0;2114;0;0;91;0;200;0;
4814;2700885;1032699904;16367616;1161035776;0;0;0;0;0;0;0;0;0;0;0;1553;0;0;91;0;200;0;
4815;2905238;1032699904;16367616;1161035776;0;0;0;0;0;0;0;0;0;0;0;2415;0;0;91;0;200;0;
4816;3077041;1032699904;16367616;1161035776;0;0;0;0;0;0;0;0;0;0;0;1532;0;0;91;0;200;0;
4817;2438022;1032699904;16367616;1161035776;0;0;0;0;0;0;0;0;0;0;0;1853;0;0;91;0;200;0;
4818;7254945;1032699904;16367616;1161035776;0;0;0;0;0;0;0;0;0;0;0;2164;0;0;91;0;200;0;
4819;5530652;1032699904;16367616;1161035776;0;0;0;0;0;0;0;0;0;0;0;3176;0;0;91;0;200;0;
4820;3932495;1032699904;16367616;1161035776;0;0;0;0;0;0;0;0;0;0;0;3236;0;0;91;0;200;0;
4821;2695535;1032699904;16367616;1161035776;0;0;0;0;0;0;0;0;0;0;0;2936;0;0;91;0;200;0;
4822;2631184;1032699904;16367616;1161035776;0;0;0;0;0;0;0;0;0;0;0;2054;0;0;91;0;200;0;
4823;2796034;1032699904;16367616;1161035776;0;0;0;0;0;0;0;0;0;0;0;2484;0;0;91;0;200;0;
4824;3443137;1032699904;16367616;1161035776;0;0;0;0;0;0;0;0;0;0;0;2605;0;0;91;0;200;0;
4825;2450295;1032699904;16367616;1161035776;0;0;0;0;0;0;0;0;0;0;0;2675;0;0;91;0;200;0;
4826;2657674;1032699904;16367616;1161035776;0;0;0;0;0;0;0;0;0;0;0;1803;0;0;91;0;200;0;
4827;3242451;1032699904;16367616;1161035776;0;0;0;0;0;0;0;0;0;0;0;1883;0;0;91;0;200;0;
4828;3515022;1032699904;16367616;1161035776;0;0;0;0;0;0;0;0;0;0;0;2976;0;0;91;0;200;0;
4829;2655690;1032699904;16367616;1161035776;0;0;0;0;0;0;0;0;0;0;0;2404;0;0;91;0;200;0;
4830;6767412;1032699904;16367616;1161035776;0;0;0;0;0;0;0;0;0;0;0;2084;0;0;91;0;200;0;
4831;3640617;1032699904;16367616;1161035776;0;0;0;0;0;0;0;0;0;0;0;2955;0;0;91;0;200;0;
4832;2998092;1032699904;16367616;1161035776;0;0;0;0;0;0;0;0;0;0;0;1954;0;0;91;0;200;0;
4833;4616598;1032699904;16367616;1161035776;0;0;0;0;0;0;0;0;0;0;0;2835;0;0;91;0;200;0;
4834;2223400;1032699904;16367616;1161035776;0;0;0;0;0;0;0;0;0;0;0;2034;0;0;91;0;200;0;
4835;4680548;1032699904;16367616;1161035776;0;0;0;0;0;0;0;0;0;0;0;2635;0;0;91;0;200;0;
4836;3931553;1032699904;16367616;1161035776;0;0;0;0;0;0;0;0;0;0;0;2314;0;0;91;0;200;0;
4837;4828615;1032699904;16367616;1161035776;0;0;0;0;0;0;0;0;0;0;0;2295;0;0;91;0;200;0;
4838;3430333;1032699904;16367616;1161035776;0;0;0;0;0;0;0;0;0;0;0;2966;0;0;91;0;200;0;
4839;2818626;1032699904;16367616;1161035776;0;0;0;0;0;0;0;0;0;0;0;2505;0;0;91;0;200;0;
4840;2986210;1032699904;16367616;1161035776;0;0;0;0;0;0;0;0;0;0;0;2304;0;0;91;0;200;0;
4841;6573307;1032699904;16367616;1161035776;0;0;0;0;0;0;0;0;0;0;0;1843;0;0;91;0;200;0;
4842;4791696;1032699904;16367616;1161035776;0;0;0;0;0;0;0;0;0;0;0;3216;0;0;91;0;200;0;
4843;2874100;1032699904;16367616;1161035776;0;0;0;0;0;0;0;0;0;0;0;2424;0;0;91;0;200;0;
4844;3807370;1032699904;16367616;1161035776;0;0;0;0;0;0;0;0;0;0;0;2354;0;0;91;0;200;0;
4845;3685311;1032699904;16367616;1161035776;0;0;0;0;0;0;0;0;0;0;0;2604;0;0;91;0;200;0;
4846;2930967;1032699904;16367616;1161035776;0;0;0;0;0;0;0;0;0;0;0;1963;0;0;91;0;200;0;
4847;3044850;1032699904;16367616;1161035776;0;0;0;0;0;0;0;0;0;0;0;1873;0;0;91;0;200;0;
4848;3006158;1032699904;16367616;1161035776;0;0;0;0;0;0;0;0;0;0;0;2185;0;0;91;0;200;0;
4849;2949802;1032699904;16367616;1161035776;0;0;0;0;0;0;0;0;0;0;0;1954;0;0;91;0;200;0;
4850;2668845;1032699904;16367616;1161035776;0;0;0;0;0;0;0;0;0;0;0;2304;0;0;91;0;200;0;
4851;3805867;1032699904;16367616;1161035776;0;0;0;0;0;0;0;0;0;0;0;2144;0;0;91;0;200;0;
4852;6808759;1032699904;16367616;1161035776;0;0;0;0;0;0;0;0;0;0;0;2835;0;0;91;0;200;0;
4853;4861838;1032699904;16371712;1161039872;0;0;0;0;0;0;0;0;0;0;0;2785;0;0;91;0;200;0;
4854;4393289;1032699904;16371712;1161039872;0;0;0;0;0;0;0;0;0;0;0;23735;0;0;91;0;200;0;
4855;2741741;1032699904;16371712;1161039872;0;0;0;0;0;0;0;0;0;0;0;2735;0;0;91;0;200;0;
4856;3555337;1032699904;16371712;1161039872;0;0;0;0;0;0;0;0;0;0;0;2194;0;0;91;0;200;0;
4857;2988074;1032699904;16371712;1161039872;0;0;0;0;0;0;0;0;0;0;0;1923;0;0;91;0;200;0;
4858;2960171;1032699904;16371712;1161039872;0;0;0;0;0;0;0;0;0;0;0;3066;0;0;91;0;200;0;
4859;2148099;1032699904;16371712;1161039872;0;0;0;0;0;0;0;0;0;0;0;2144;0;0;91;0;200;0;
4860;3411869;1032699904;16371712;1161039872;0;0;0;0;0;0;0;0;0;0;0;2255;0;0;91;0;200;0;
4861;2570250;1032699904;16371712;1161039872;0;0;0;0;0;0;0;0;0;0;0;1813;0;0;91;0;200;0;
4862;3054889;1032699904;16371712;1161039872;0;0;0;0;0;0;0;0;0;0;0;3016;0;0;91;0;200;0;
4863;6661983;1032699904;16371712;1161039872;0;0;0;0;0;0;0;0;0;0;0;1643;0;0;91;0;200;0;
4864;4547558;1032699904;16375808;1161043968;0;0;0;0;0;0;0;0;0;0;0;3546;0;0;91;0;200;0;
4865;2515858;1032699904;16375808;1161043968;0;0;0;0;0;0;0;0;0;0;0;2384;0;0;91;0;200;0;
4866;2919506;1032699904;16375808;1161043968;0;0;0;0;0;0;0;0;0;0;0;2354;0;0;91;0;200;0;
4867;3026235;1032699904;16375808;1161043968;0;0;0;0;0;0;0;0;0;0;0;1573;0;0;91;0;200;0;
4868;4217780;1032699904;16375808;1161043968;0;0;0;0;0;0;0;0;0;0;0;2474;0;0;91;0;200;0;
4869;3046022;1032699904;16375808;1161043968;0;0;0;0;0;0;0;0;0;0;0;1953;0;0;91;0;200;0;
4870;2942127;1032699904;16375808;1161043968;0;0;0;0;0;0;0;0;0;0;0;2475;0;0;91;0;200;0;
4871;3577248;1032699904;16375808;1161043968;0;0;0;0;0;0;0;0;0;0;0;2165;0;0;91;0;200;0;
4872;3775330;1032699904;16375808;1161043968;0;0;0;0;0;0;0;0;0;0;0;2265;0;0;91;0;200;0;
4873;4193374;1032699904;16375808;1161043968;0;0;0;0;0;0;0;0;0;0;0;2084;0;0;91;0;200;0;
4874;7566209;1032699904;16375808;1161043968;0;0;0;0;0;0;0;0;0;0;0;4068;0;0;91;0;200;0;
4875;4169339;1032699904;16375808;1161043968;0;0;0;0;0;0;0;0;0;0;0;2855;0;0;91;0;200;0;
4876;2994075;1032699904;16375808;1161043968;0;0;0;0;0;0;0;0;0;0;0;2104;0;0;91;0;200;0;
4877;4254859;1032699904;16375808;1161043968;0;0;0;0;0;0;0;0;0;0;0;3697;0;0;91;0;200;0;
4878;3190744;1032699904;16375808;1161043968;0;0;0;0;0;0;0;0;0;0;0;2164;0;0;91;0;200;0;
4879;4507633;1032699904;16375808;1161043968;0;0;0;0;0;0;0;0;0;0;0;2615;0;0;91;0;200;0;
4880;2745799;1032699904;16375808;1161043968;0;0;0;0;0;0;0;0;0;0;0;1974;0;0;91;0;200;0;
4881;3218536;1032699904;16375808;1161043968;0;0;0;0;0;0;0;0;0;0;0;2004;0;0;91;0;200;0;
4882;4039566;1032699904;16375808;1161043968;0;0;0;0;0;0;0;0;0;0;0;2735;0;0;91;0;200;0;
4883;3287736;1032699904;16375808;1161043968;0;0;0;0;0;0;0;0;0;0;0;3406;0;0;91;0;200;0;
4884;7428722;1038991360;16375808;1177821184;0;0;0;0;0;0;0;0;0;0;0;3446;0;0;92;0;200;0;
4885;8183447;1038991360;16375808;1177821184;0;0;0;0;0;0;0;0;0;0;0;2284;0;0;92;0;200;0;
4886;3846684;1038991360;16375808;1177821184;0;0;0;0;0;0;0;0;0;0;0;2715;0;0;92;0;200;0;
4887;3904713;1038991360;16375808;1177821184;0;0;0;0;0;0;0;0;0;0;0;3316;0;0;92;0;200;0;
4888;9476191;1038991360;16375808;1177821184;0;0;0;0;0;0;0;0;0;0;0;2785;0;0;92;0;200;0;
4889;3136302;1038991360;16375808;1177821184;0;0;0;0;0;0;0;0;0;0;0;2826;0;0;92;0;200;0;
4890;3806729;1038991360;16375808;1177821184;0;0;0;0;0;0;0;0;0;0;0;2335;0;0;92;0;200;0;
4891;2790934;1038991360;16375808;1177821184;0;0;0;0;0;0;0;0;0;0;0;2084;0;0;92;0;200;0;
4892;2595348;1038991360;16375808;1177821184;0;0;0;0;0;0;0;0;0;0;0;2304;0;0;92;0;200;0;
4893;3183931;1038991360;16375808;1177821184;0;0;0;0;0;0;0;0;0;0;0;2475;0;0;92;0;200;0;
4894;2354876;1038991360;16375808;1177821184;0;0;0;0;0;0;0;0;0;0;0;1984;0;0;92;0;200;0;
4895;3961950;1038991360;16375808;1177821184;0;0;0;0;0;0;0;0;0;0;0;2786;0;0;92;0;200;0;
4896;6996070;1038991360;16375808;1177821184;0;0;0;0;0;0;0;0;0;0;0;2575;0;0;92;0;200;0;
4897;3250276;1038991360;16375808;1177821184;0;0;0;0;0;0;0;0;0;0;0;1263;0;0;92;0;200;0;
4898;3186627;1038991360;16375808;1177821184;0;0;0;0;0;0;0;0;0;0;0;2776;0;0;92;0;200;0;
4899;2995868;1038991360;16375808;1177821184;0;0;0;0;0;0;0;0;0;0;0;2315;0;0;92;0;200;0;
4900;4657494;1038991360;16375808;1177821184;0;0;0;0;0;0;0;0;0;0;0;3156;0;0;92;0;200;0;
4901;3943275;1038991360;16375808;1177821184;0;0;0;0;0;0;0;0;0;0;0;2966;0;0;92;0;200;0;
4902;2984086;1038991360;16375808;1177821184;0;0;0;0;0;0;0;0;0;0;0;2375;0;0;92;0;200;0;
4903;2694403;1038991360;16375808;1177821184;0;0;0;0;0;0;0;0;0;0;0;2565;0;0;92;0;200;0;
4904;3797021;1038991360;16375808;1177821184;0;0;0;0;0;0;0;0;0;0;0;2736;0;0;92;0;200;0;
4905;3091377;1038991360;16375808;1177821184;0;0;0;0;0;0;0;0;0;0;0;1983;0;0;92;0;200;0;
4906;3302724;1038991360;16375808;1177821184;0;0;0;0;0;0;0;0;0;0;0;2806;0;0;92;0;200;0;
4907;6531098;1038991360;16375808;1177821184;0;0;0;0;0;0;0;0;0;0;0;672110;0;0;92;0;200;0;
4908;4809910;1038991360;16375808;1177821184;0;0;0;0;0;0;0;0;0;0;0;3276;0;0;92;0;200;0;
4909;2974007;1038991360;16375808;1177821184;0;0;0;0;0;0;0;0;0;0;0;1844;0;0;92;0;200;0;
4910;2791155;1038991360;16375808;1177821184;0;0;0;0;0;0;0;0;0;0;0;2264;0;0;92;0;200;0;
4911;2902273;1038991360;16375808;1177821184;0;0;0;0;0;0;0;0;0;0;0;2044;0;0;92;0;200;0;
4912;4134043;1038991360;16375808;1177821184;0;0;0;0;0;0;0;0;0;0;0;2915;0;0;92;0;200;0;
4913;3647680;1038991360;16375808;1177821184;0;0;0;0;0;0;0;0;0;0;0;2805;0;0;92;0;200;0;
4914;2943821;1038991360;16375808;1177821184;0;0;0;0;0;0;0;0;0;0;0;1854;0;0;92;0;200;0;
4915;3672598;1038991360;16375808;1177821184;0;0;0;0;0;0;0;0;0;0;0;108173;0;0;92;0;200;0;
4916;3262699;1038991360;16375808;1177821184;0;0;0;0;0;0;0;0;0;0;0;2655;0;0;92;0;200;0;
4917;2989256;1038991360;16375808;1177821184;0;0;0;0;0;0;0;0;0;0;0;2745;0;0;92;0;200;0;
4918;6206931;1038991360;16375808;1177821184;0;0;0;0;0;0;0;0;0;0;0;2625;0;0;92;0;200;0;
4919;4362421;1038991360;16375808;1177821184;0;0;0;0;0;0;0;0;0;0;0;2865;0;0;92;0;200;0;
4920;3113729;1038991360;16375808;1177821184;0;0;0;0;0;0;0;0;0;0;0;2325;0;0;92;0;200;0;
4921;2595788;1038991360;16375808;1177821184;0;0;0;0;0;0;0;0;0;0;0;3357;0;0;92;0;200;0;
4922;3863405;1038991360;16375808;1177821184;0;0;0;0;0;0;0;0;0;0;0;2876;0;0;92;0;200;0;
4923;3008672;1038991360;16375808;1177821184;0;0;0;0;0;0;0;0;0;0;0;2605;0;0;92;0;200;0;
4924;2370405;1038991360;16375808;1177821184;0;0;0;0;0;0;0;0;0;0;0;2545;0;0;92;0;200;0;
4925;2689373;1038991360;16375808;1177821184;0;0;0;0;0;0;0;0;0;0;0;1713;0;0;92;0;200;0;
4926;4014680;1038991360;16375808;1177821184;0;0;0;0;0;0;0;0;0;0;0;2063;0;0;92;0;200;0;
4927;2036579;1038991360;16375808;1177821184;0;0;0;0;0;0;0;0;0;0;0;2064;0;0;92;0;200;0;
4928;2406082;1038991360;16375808;1177821184;0;0;0;0;0;0;0;0;0;0;0;1803;0;0;92;0;200;0;
4929;6525968;1038991360;16375808;1177821184;0;0;0;0;0;0;0;0;0;0;0;1503;0;0;92;0;200;0;
4930;3694308;1038991360;16375808;1177821184;0;0;0;0;0;0;0;0;0;0;0;3126;0;0;92;0;200;0;
4931;3136292;1038991360;16375808;1177821184;0;0;0;0;0;0;0;0;0;0;0;2444;0;0;92;0;200;0;
4932;4629091;1038991360;16375808;1177821184;0;0;0;0;0;0;0;0;0;0;0;2815;0;0;92;0;200;0;
4933;1206051;1038991360;16375808;1177821184;0;0;0;0;0;0;0;0;0;0;0;1623;0;0;92;0;200;0;
4934;3550448;1038991360;16375808;1177821184;0;0;0;0;0;0;0;0;0;0;0;2756;0;0;92;0;200;0;
4935;4256002;1038991360;16375808;1177821184;0;0;0;0;0;0;0;0;0;0;0;2395;0;0;92;0;200;0;
4936;2641303;1038991360;16375808;1177821184;0;0;0;0;0;0;0;0;0;0;0;2345;0;0;92;0;200;0;
4937;3752738;1038991360;16375808;1177821184;0;0;0;0;0;0;0;0;0;0;0;1844;0;0;92;0;200;0;
4938;3365782;1038991360;16375808;1177821184;0;0;0;0;0;0;0;0;0;0;0;2395;0;0;92;0;200;0;
4939;3109181;1038991360;16375808;1177821184;0;0;0;0;0;0;0;0;0;0;0;2374;0;0;92;0;200;0;
4940;8035850;1038991360;16375808;1177821184;0;0;0;0;0;0;0;0;0;0;0;3176;0;0;92;0;200;0;
4941;4130616;1038991360;16375808;1177821184;0;0;0;0;0;0;0;0;0;0;0;2265;0;0;92;0;200;0;
4942;3015385;1038991360;16375808;1177821184;0;0;0;0;0;0;0;0;0;0;0;2043;0;0;92;0;200;0;
4943;4081124;1038991360;16375808;1177821184;0;0;0;0;0;0;0;0;0;0;0;2485;0;0;92;0;200;0;
4944;2871155;1038991360;16375808;1177821184;0;0;0;0;0;0;0;0;0;0;0;2044;0;0;92;0;200;0;
4945;7127907;1043222528;16375808;1177821184;0;0;0;0;0;0;0;0;0;0;0;4288;0;0;93;0;200;0;
4946;3536081;1043222528;16375808;1177821184;0;0;0;0;0;0;0;0;0;0;0;2003;0;0;93;0;200;0;
4947;4731473;1043222528;16375808;1177821184;0;0;0;0;0;0;0;0;0;0;0;2375;0;0;93;0;200;0;
4948;3284039;1043222528;16375808;1177821184;0;0;0;0;0;0;0;0;0;0;0;2414;0;0;93;0;200;0;
4949;4286358;1043222528;16375808;1177821184;0;0;0;0;0;0;0;0;0;0;0;2975;0;0;93;0;200;0;
4950;7844261;1043222528;16375808;1177821184;0;0;0;0;0;0;0;0;0;0;0;2565;0;0;93;0;200;0;
4951;4876795;1043222528;16375808;1177821184;0;0;0;0;0;0;0;0;0;0;0;24536;0;0;93;0;200;0;
4952;2848882;1043222528;16375808;1177821184;0;0;0;0;0;0;0;0;0;0;0;3918;0;0;93;0;200;0;
4953;4019909;1043222528;16375808;1177821184;0;0;0;0;0;0;0;0;0;0;0;2765;0;0;93;0;200;0;
4954;3876550;1043222528;16375808;1177821184;0;0;0;0;0;0;0;0;0;0;0;3567;0;0;93;0;200;0;
4955;4738697;1043222528;16375808;1177821184;0;0;0;0;0;0;0;0;0;0;0;2705;0;0;93;0;200;0;
4956;4022755;1043222528;16375808;1177821184;0;0;0;0;0;0;0;0;0;0;0;2234;0;0;93;0;200;0;
4957;6137861;1043222528;16375808;1177821184;0;0;0;0;0;0;0;0;0;0;0;2685;0;0;93;0;200;0;
4958;4000793;1043283968;16371712;1177817088;0;0;0;0;0;0;0;0;0;0;0;3336;0;0;93;0;200;0;
4959;6289295;1043283968;16371712;1177817088;0;0;0;0;0;0;0;0;0;0;0;3216;0;0;93;0;200;0;
4960;4003268;1043283968;16371712;1177817088;0;0;0;0;0;0;0;0;0;0;0;3166;0;0;93;0;200;0;
4961;3591996;1043283968;16371712;1177817088;0;0;0;0;0;0;0;0;0;0;0;2535;0;0;93;0;200;0;
4962;3819553;1043283968;16371712;1177817088;0;0;0;0;0;0;0;0;0;0;0;3026;0;0;93;0;200;0;
4963;6602974;1043283968;16371712;1177817088;0;0;0;0;0;0;0;0;0;0;0;3176;0;0;93;0;200;0;
4964;4353464;1043283968;16371712;1177817088;0;0;0;0;0;0;0;0;0;0;0;2204;0;0;93;0;200;0;
4965;3051944;1043283968;16371712;1177817088;0;0;0;0;0;0;0;0;0;0;0;3035;0;0;93;0;200;0;
4966;5258853;1040015360;13103104;1174548480;0;0;0;0;0;0;0;0;0;0;0;6893;0;0;93;0;200;0;
4967;3153654;1040015360;13103104;1174548480;0;0;0;0;0;0;0;0;0;0;0;2595;0;0;93;0;200;0;
4968;3166057;1040015360;13103104;1174548480;0;0;0;0;0;0;0;0;0;0;0;2024;0;0;93;0;200;0;
4969;2635242;1040015360;13103104;1174548480;0;0;0;0;0;0;0;0;0;0;0;1864;0;0;93;0;200;0;
4970;6287601;1040015360;13103104;1174548480;0;0;0;0;0;0;0;0;0;0;0;3086;0;0;93;0;200;0;
4971;4093006;1040015360;13107200;1174552576;0;0;0;0;0;0;0;0;0;0;0;3386;0;0;93;0;200;0;
4972;4882627;1040822272;16371712;1177817088;0;0;0;0;0;0;0;0;0;0;0;4428;0;0;93;0;200;0;
4973;3367134;1041633280;16371712;1177817088;0;0;0;0;0;0;0;0;0;0;0;3536;0;0;93;0;200;0;
4974;2428965;1041633280;16371712;1177817088;0;0;0;0;0;0;0;0;0;0;0;3125;0;0;93;0;200;0;
4975;5557713;1042444288;16371712;1177817088;0;0;0;0;0;0;0;0;0;0;0;4037;0;0;93;0;200;0;
4976;2929413;1042444288;16371712;1177817088;0;0;0;0;0;0;0;0;0;0;0;3336;0;0;93;0;200;0;
4977;8234984;1042444288;16371712;1177817088;0;0;0;0;0;0;0;0;0;0;0;2876;0;0;93;0;200;0;
4978;5878875;1042444288;16371712;1177817088;0;0;0;0;0;0;0;0;0;0;0;2996;0;0;93;0;200;0;
4979;4109287;1042444288;16371712;1177817088;0;0;0;0;0;0;0;0;0;0;0;2976;0;0;93;0;200;0;
4980;4035889;1042444288;16371712;1177817088;0;0;0;0;0;0;0;0;0;0;0;3737;0;0;93;0;200;0;
4981;4474000;1042444288;16371712;1177817088;0;0;0;0;0;0;0;0;0;0;0;3286;0;0;93;0;200;0;
4982;4460655;1042444288;16371712;1177817088;0;0;0;0;0;0;0;0;0;0;0;4649;0;0;93;0;200;0;
4983;3876761;1042444288;16371712;1177817088;0;0;0;0;0;0;0;0;0;0;0;2685;0;0;93;0;200;0;
4984;5687366;1042444288;16371712;1177817088;0;0;0;0;0;0;0;0;0;0;0;3156;0;0;93;0;200;0;
4985;4208272;1042444288;16371712;1177817088;0;0;0;0;0;0;0;0;0;0;0;3577;0;0;93;0;200;0;
4986;4506321;1042444288;16371712;1177817088;0;0;0;0;0;0;0;0;0;0;0;3908;0;0;93;0;200;0;
4987;4558038;1042444288;16371712;1177817088;0;0;0;0;0;0;0;0;0;0;0;3166;0;0;93;0;200;0;
4988;3970096;1042444288;16371712;1177817088;0;0;0;0;0;0;0;0;0;0;0;2815;0;0;93;0;200;0;
4989;5193169;1042444288;16371712;1177817088;0;0;0;0;0;0;0;0;0;0;0;3596;0;0;93;0;200;0;
4990;1256306;1042444288;16371712;1177817088;0;0;0;0;0;0;0;0;0;0;0;1764;0;0;93;0;200;0;
4991;6226978;1042444288;16371712;1177817088;0;0;0;0;0;0;0;0;0;0;0;3035;0;0;93;0;200;0;
4992;6663106;1042444288;16371712;1177817088;0;0;0;0;0;0;0;0;0;0;0;3136;0;0;93;0;200;0;
4993;3444720;1042444288;16371712;1177817088;0;0;0;0;0;0;0;0;0;0;0;3486;0;0;93;0;200;0;
4994;4617660;1040027648;13107200;1174552576;0;0;0;0;0;0;0;0;0;0;0;3637;0;0;93;0;200;0;
4995;2500981;1040027648;13107200;1174552576;0;0;0;0;0;0;0;0;0;0;0;2615;0;0;93;0;200;0;
4996;3038528;1040027648;13107200;1174552576;0;0;0;0;0;0;0;0;0;0;0;2404;0;0;93;0;200;0;
4997;2539943;1040027648;13107200;1174552576;0;0;0;0;0;0;0;0;0;0;0;2084;0;0;93;0;200;0;
4998;9848630;1040027648;13107200;1174552576;0;0;0;0;0;0;0;0;0;0;0;3587;0;0;93;0;200;0;
4999;7107620;1040834560;16371712;1177817088;0;0;0;0;0;0;0;0;0;0;0;2755;0;0;93;0;200;0;
5000;4448804;1040834560;16371712;1177817088;0;0;0;0;0;0;0;0;0;0;0;3466;0;0;93;0;200;0;
5001;6257486;1040834560;16371712;1177817088;0;0;0;0;0;0;0;0;0;0;0;3366;0;0;93;0;200;0;
5002;3495656;1040834560;16371712;1177817088;0;0;0;0;0;0;0;0;0;0;0;62016;0;0;93;0;200;0;
5003;7134489;1041645568;16371712;1177817088;0;0;0;0;0;0;0;0;0;0;0;3727;0;0;93;0;200;0;
5004;3417088;1041645568;16371712;1177817088;0;0;0;0;0;0;0;0;0;0;0;3957;0;0;93;0;200;0;
5005;5964595;1042456576;16371712;1177817088;0;0;0;0;0;0;0;0;0;0;0;2545;0;0;93;0;200;0;
5006;3980504;1042456576;16371712;1177817088;0;0;0;0;0;0;0;0;0;0;0;2084;0;0;93;0;200;0;
5007;3355402;1042456576;16371712;1177817088;0;0;0;0;0;0;0;0;0;0;0;3356;0;0;93;0;200;0;
5008;5150409;1042456576;16371712;1177817088;0;0;0;0;0;0;0;0;0;0;0;3045;0;0;93;0;200;0;
5009;4570482;1042456576;16371712;1177817088;0;0;0;0;0;0;0;0;0;0;0;4619;0;0;93;0;200;0;
5010;4221948;1042456576;16371712;1177817088;0;0;0;0;0;0;0;0;0;0;0;2966;0;0;93;0;200;0;
5011;3983601;1042456576;16371712;1177817088;0;0;0;0;0;0;0;0;0;0;0;3055;0;0;93;0;200;0;
5012;9592639;1042456576;16371712;1177817088;0;0;0;0;0;0;0;0;0;0;0;4548;0;0;93;0;200;0;
5013;9625652;1046708224;16371712;1177817088;0;0;0;0;0;0;0;0;0;0;0;3427;0;0;94;0;200;0;
5014;4614414;1046708224;16371712;1177817088;0;0;0;0;0;0;0;0;0;0;0;3557;0;0;94;0;200;0;
5015;4830859;1046708224;16371712;1177817088;0;0;0;0;0;0;0;0;0;0;0;3818;0;0;94;0;200;0;
5016;5569365;1046708224;16371712;1177817088;0;0;0;0;0;0;0;0;0;0;0;4097;0;0;94;0;200;0;
5017;5150008;1046708224;16371712;1177817088;0;0;0;0;0;0;0;0;0;0;0;4178;0;0;94;0;200;0;
5018;2876134;1046708224;16371712;1177817088;0;0;0;0;0;0;0;0;0;0;0;2675;0;0;94;0;200;0;
5019;7684411;1046708224;16371712;1177817088;0;0;0;0;0;0;0;0;0;0;0;2965;0;0;94;0;200;0;
5020;4037352;1046708224;16371712;1177817088;0;0;0;0;0;0;0;0;0;0;0;2955;0;0;94;0;200;0;
5021;2951164;1046708224;16371712;1177817088;0;0;0;0;0;0;0;0;0;0;0;2304;0;0;94;0;200;0;
5022;3305279;1046708224;16371712;1177817088;0;0;0;0;0;0;0;0;0;0;0;1994;0;0;94;0;200;0;
5023;3136702;1046708224;16371712;1177817088;0;0;0;0;0;0;0;0;0;0;0;2435;0;0;94;0;200;0;
5024;4399621;1046708224;16371712;1177817088;0;0;0;0;0;0;0;0;0;0;0;3597;0;0;94;0;200;0;
5025;4170121;1046708224;16371712;1177817088;0;0;0;0;0;0;0;0;0;0;0;2945;0;0;94;0;200;0;
5026;7214349;1046708224;16371712;1177817088;0;0;0;0;0;0;0;0;0;0;0;3967;0;0;94;0;200;0;
5027;5603178;1046708224;16371712;1177817088;0;0;0;0;0;0;0;0;0;0;0;3486;0;0;94;0;200;0;
5028;3772004;1046708224;16371712;1177817088;0;0;0;0;0;0;0;0;0;0;0;3006;0;0;94;0;200;0;
5029;4416823;1046708224;16371712;1177817088;0;0;0;0;0;0;0;0;0;0;0;3176;0;0;94;0;200;0;
5030;2773331;1046708224;16371712;1177817088;0;0;0;0;0;0;0;0;0;0;0;2454;0;0;94;0;200;0;
5031;4401004;1046708224;16371712;1177817088;0;0;0;0;0;0;0;0;0;0;0;3417;0;0;94;0;200;0;
5032;2759715;1046708224;16371712;1177817088;0;0;0;0;0;0;0;0;0;0;0;2184;0;0;94;0;200;0;
5033;9498203;1046708224;16371712;1177817088;0;0;0;0;0;0;0;0;0;0;0;2956;0;0;94;0;200;0;
5034;4221136;1046708224;16371712;1177817088;0;0;0;0;0;0;0;0;0;0;0;2675;0;0;94;0;200;0;
5035;2294914;1046708224;16371712;1177817088;0;0;0;0;0;0;0;0;0;0;0;77695;0;0;94;0;200;0;
5036;3269742;1046708224;16371712;1177817088;0;0;0;0;0;0;0;0;0;0;0;1713;0;0;94;0;200;0;
5037;3890606;1046708224;16371712;1177817088;0;0;0;0;0;0;0;0;0;0;0;4288;0;0;94;0;200;0;
5038;4216477;1046708224;16371712;1177817088;0;0;0;0;0;0;0;0;0;0;0;2875;0;0;94;0;200;0;
5039;2441359;1046708224;16371712;1177817088;0;0;0;0;0;0;0;0;0;0;0;2565;0;0;94;0;200;0;
5040;7413994;1046708224;16371712;1177817088;0;0;0;0;0;0;0;0;0;0;0;3977;0;0;94;0;200;0;
5041;5564336;1046708224;16371712;1177817088;0;0;0;0;0;0;0;0;0;0;0;3376;0;0;94;0;200;0;
5042;2573216;1046708224;16371712;1177817088;0;0;0;0;0;0;0;0;0;0;0;2284;0;0;94;0;200;0;
5043;6974640;1046708224;16371712;1177817088;0;0;0;0;0;0;0;0;0;0;0;4037;0;0;94;0;200;0;
5044;2509026;1046708224;16371712;1177817088;0;0;0;0;0;0;0;0;0;0;0;2324;0;0;94;0;200;0;
5045;3039230;1046708224;16371712;1177817088;0;0;0;0;0;0;0;0;0;0;0;2755;0;0;94;0;200;0;
5046;3435102;1046708224;16371712;1177817088;0;0;0;0;0;0;0;0;0;0;0;3166;0;0;94;0;200;0;
5047;7492201;1046708224;16371712;1177817088;0;0;0;0;0;0;0;0;0;0;0;2375;0;0;94;0;200;0;
5048;3717561;1046708224;16371712;1177817088;0;0;0;0;0;0;0;0;0;0;0;1834;0;0;94;0;200;0;
5049;3083943;1046708224;16371712;1177817088;0;0;0;0;0;0;0;0;0;0;0;3246;0;0;94;0;200;0;
5050;7287887;1052999680;16371712;1194594304;0;0;0;0;0;0;0;0;0;0;0;2985;0;0;95;0;200;0;
5051;3409083;1052999680;16371712;1194594304;0;0;0;0;0;0;0;0;0;0;0;3536;0;0;95;0;200;0;
5052;3429201;1052999680;16371712;1194594304;0;0;0;0;0;0;0;0;0;0;0;2235;0;0;95;0;200;0;
5053;2133410;1052999680;16371712;1194594304;0;0;0;0;0;0;0;0;0;0;0;1653;0;0;95;0;200;0;
5054;7743883;1052999680;16371712;1194594304;0;0;0;0;0;0;0;0;0;0;0;3557;0;0;95;0;200;0;
5055;3757798;1052999680;16371712;1194594304;0;0;0;0;0;0;0;0;0;0;0;3046;0;0;95;0;200;0;
5056;3444680;1052999680;16371712;1194594304;0;0;0;0;0;0;0;0;0;0;0;3587;0;0;95;0;200;0;
5057;3854759;1052999680;16371712;1194594304;0;0;0;0;0;0;0;0;0;0;0;3116;0;0;95;0;200;0;
5058;2423755;1052999680;16371712;1194594304;0;0;0;0;0;0;0;0;0;0;0;1843;0;0;95;0;200;0;
5059;2774924;1052999680;16371712;1194594304;0;0;0;0;0;0;0;0;0;0;0;2304;0;0;95;0;200;0;
5060;3070007;1052999680;16371712;1194594304;0;0;0;0;0;0;0;0;0;0;0;2134;0;0;95;0;200;0;
5061;8981154;1052999680;16371712;1194594304;0;0;0;0;0;0;0;0;0;0;0;129944;0;0;95;0;200;0;
5062;3979584;1052999680;16371712;1194594304;0;0;0;0;0;0;0;0;0;0;0;2415;0;0;95;0;200;0;
5063;2186230;1052999680;16371712;1194594304;0;0;0;0;0;0;0;0;0;0;0;2725;0;0;95;0;200;0;
5064;2519716;1052999680;16371712;1194594304;0;0;0;0;0;0;0;0;0;0;0;2084;0;0;95;0;200;0;
5065;2485421;1052999680;16371712;1194594304;0;0;0;0;0;0;0;0;0;0;0;1693;0;0;95;0;200;0;
5066;3064246;1052999680;16371712;1194594304;0;0;0;0;0;0;0;0;0;0;0;2465;0;0;95;0;200;0;
5067;2776147;1052999680;16371712;1194594304;0;0;0;0;0;0;0;0;0;0;0;1854;0;0;95;0;200;0;
5068;7614810;1052999680;16371712;1194594304;0;0;0;0;0;0;0;0;0;0;0;3547;0;0;95;0;200;0;
5069;4938321;1052999680;16371712;1194594304;0;0;0;0;0;0;0;0;0;0;0;3276;0;0;95;0;200;0;
5070;4472157;1052999680;16371712;1194594304;0;0;0;0;0;0;0;0;0;0;0;3526;0;0;95;0;200;0;
5071;2722175;1052999680;16371712;1194594304;0;0;0;0;0;0;0;0;0;0;0;2295;0;0;95;0;200;0;
5072;3180335;1052999680;16371712;1194594304;0;0;0;0;0;0;0;0;0;0;0;2294;0;0;95;0;200;0;
5073;4296097;1052999680;16371712;1194594304;0;0;0;0;0;0;0;0;0;0;0;2534;0;0;95;0;200;0;
5074;3090957;1052999680;16371712;1194594304;0;0;0;0;0;0;0;0;0;0;0;1874;0;0;95;0;200;0;
5075;9601727;1052999680;16371712;1194594304;0;0;0;0;0;0;0;0;0;0;0;4639;0;0;95;0;200;0;
5076;2553830;1052999680;16371712;1194594304;0;0;0;0;0;0;0;0;0;0;0;1804;0;0;95;0;200;0;
5077;2564679;1052999680;16371712;1194594304;0;0;0;0;0;0;0;0;0;0;0;2094;0;0;95;0;200;0;
5078;4370025;1052999680;16371712;1194594304;0;0;0;0;0;0;0;0;0;0;0;3497;0;0;95;0;200;0;
5079;3712482;1052999680;16371712;1194594304;0;0;0;0;0;0;0;0;0;0;0;2915;0;0;95;0;200;0;
5080;2724459;1052999680;16371712;1194594304;0;0;0;0;0;0;0;0;0;0;0;1863;0;0;95;0;200;0;
5081;2775946;1052999680;16371712;1194594304;0;0;0;0;0;0;0;0;0;0;0;2254;0;0;95;0;200;0;
5082;6717308;1052999680;16371712;1194594304;0;0;0;0;0;0;0;0;0;0;0;3376;0;0;95;0;200;0;
5083;4386887;1052999680;16371712;1194594304;0;0;0;0;0;0;0;0;0;0;0;3506;0;0;95;0;200;0;
5084;2236273;1052999680;16371712;1194594304;0;0;0;0;0;0;0;0;0;0;0;1813;0;0;95;0;200;0;
5085;2488637;1052999680;16371712;1194594304;0;0;0;0;0;0;0;0;0;0;0;2685;0;0;95;0;200;0;
5086;2624282;1052999680;16371712;1194594304;0;0;0;0;0;0;0;0;0;0;0;1814;0;0;95;0;200;0;
5087;3497088;1052999680;16371712;1194594304;0;0;0;0;0;0;0;0;0;0;0;2776;0;0;95;0;200;0;
5088;4619203;1052999680;16371712;1194594304;0;0;0;0;0;0;0;0;0;0;0;4168;0;0;95;0;200;0;
5089;6745150;1052999680;16371712;1194594304;0;0;0;0;0;0;0;0;0;0;0;2986;0;0;95;0;200;0;
5090;4020771;1052999680;16371712;1194594304;0;0;0;0;0;0;0;0;0;0;0;2023;0;0;95;0;200;0;
5091;3413000;1052999680;16371712;1194594304;0;0;0;0;0;0;0;0;0;0;0;3687;0;0;95;0;200;0;
5092;4165783;1052999680;16371712;1194594304;0;0;0;0;0;0;0;0;0;0;0;2855;0;0;95;0;200;0;
5093;3032077;1052999680;16371712;1194594304;0;0;0;0;0;0;0;0;0;0;0;2845;0;0;95;0;200;0;
5094;5013692;1052999680;16371712;1194594304;0;0;0;0;0;0;0;0;0;0;0;3557;0;0;95;0;200;0;
5095;3297334;1052999680;16371712;1194594304;0;0;0;0;0;0;0;0;0;0;0;2815;0;0;95;0;200;0;
5096;5429863;1052999680;16371712;1194594304;0;0;0;0;0;0;0;0;0;0;0;2725;0;0;95;0;200;0;
5097;3867423;1052999680;16371712;1194594304;0;0;0;0;0;0;0;0;0;0;0;2795;0;0;95;0;200;0;
5098;2979167;1052999680;16371712;1194594304;0;0;0;0;0;0;0;0;0;0;0;3266;0;0;95;0;200;0;
5099;3809484;1052999680;16371712;1194594304;0;0;0;0;0;0;0;0;0;0;0;3016;0;0;95;0;200;0;
5100;3095235;1052999680;16371712;1194594304;0;0;0;0;0;0;0;0;0;0;0;2775;0;0;95;0;200;0;
5101;3976818;1052999680;16371712;1194594304;0;0;0;0;0;0;0;0;0;0;0;2775;0;0;95;0;200;0;
5102;3895766;1052999680;16371712;1194594304;0;0;0;0;0;0;0;0;0;0;0;2284;0;0;95;0;200;0;
5103;7021638;1052999680;16371712;1194594304;0;0;0;0;0;0;0;0;0;0;0;2575;0;0;95;0;200;0;
5104;3611312;1052999680;16371712;1194594304;0;0;0;0;0;0;0;0;0;0;0;2906;0;0;95;0;200;0;
5105;3478704;1052999680;16371712;1194594304;0;0;0;0;0;0;0;0;0;0;0;3597;0;0;95;0;200;0;
5106;4429257;1052999680;16371712;1194594304;0;0;0;0;0;0;0;0;0;0;0;4218;0;0;95;0;200;0;
5107;3084164;1052999680;16371712;1194594304;0;0;0;0;0;0;0;0;0;0;0;3035;0;0;95;0;200;0;
5108;2368241;1052999680;16371712;1194594304;0;0;0;0;0;0;0;0;0;0;0;2053;0;0;95;0;200;0;
5109;2907864;1052999680;16371712;1194594304;0;0;0;0;0;0;0;0;0;0;0;2445;0;0;95;0;200;0;
5110;7485308;1052999680;16371712;1194594304;0;0;0;0;0;0;0;0;0;0;0;4138;0;0;95;0;200;0;
5111;4606399;1052999680;16371712;1194594304;0;0;0;0;0;0;0;0;0;0;0;2816;0;0;95;0;200;0;
5112;3011447;1052999680;16371712;1194594304;0;0;0;0;0;0;0;0;0;0;0;3557;0;0;95;0;200;0;
5113;4123713;1052999680;16371712;1194594304;0;0;0;0;0;0;0;0;0;0;0;3316;0;0;95;0;200;0;
5114;1622482;1052999680;16371712;1194594304;0;0;0;0;0;0;0;0;0;0;0;2064;0;0;95;0;200;0;
5115;2988294;1052999680;16371712;1194594304;0;0;0;0;0;0;0;0;0;0;0;3597;0;0;95;0;200;0;
5116;3454969;1052999680;16371712;1194594304;0;0;0;0;0;0;0;0;0;0;0;2776;0;0;95;0;200;0;
5117;6109587;1052999680;16371712;1194594304;0;0;0;0;0;0;0;0;0;0;0;3256;0;0;95;0;200;0;
5118;4693211;1052999680;16371712;1194594304;0;0;0;0;0;0;0;0;0;0;0;3005;0;0;95;0;200;0;
5119;3396360;1052999680;16371712;1194594304;0;0;0;0;0;0;0;0;0;0;0;2695;0;0;95;0;200;0;
5120;4744197;1052999680;16371712;1194594304;0;0;0;0;0;0;0;0;0;0;0;3016;0;0;95;0;200;0;
5121;3766574;1052999680;16371712;1194594304;0;0;0;0;0;0;0;0;0;0;0;3216;0;0;95;0;200;0;
5122;4377189;1052999680;16371712;1194594304;0;0;0;0;0;0;0;0;0;0;0;3807;0;0;95;0;200;0;
5123;3853587;1052999680;16371712;1194594304;0;0;0;0;0;0;0;0;0;0;0;3447;0;0;95;0;200;0;
5124;9507972;1052999680;16371712;1194594304;0;0;0;0;0;0;0;0;0;0;0;3346;0;0;95;0;200;0;
5125;4909036;1052999680;16371712;1194594304;0;0;0;0;0;0;0;0;0;0;0;3196;0;0;95;0;200;0;
5126;6170322;1052999680;16371712;1194594304;0;0;0;0;0;0;0;0;0;0;0;4498;0;0;95;0;200;0;
5127;6717187;1052999680;16371712;1194594304;0;0;0;0;0;0;0;0;0;0;0;4187;0;0;95;0;200;0;
5128;4544884;1052999680;16371712;1194594304;0;0;0;0;0;0;0;0;0;0;0;3376;0;0;95;0;200;0;
5129;6400112;1052999680;16371712;1194594304;0;0;0;0;0;0;0;0;0;0;0;5430;0;0;95;0;200;0;
5130;4330562;1052999680;16371712;1194594304;0;0;0;0;0;0;0;0;0;0;0;3396;0;0;95;0;200;0;
5131;12777533;1052999680;16371712;1194594304;0;0;0;0;0;0;0;0;0;0;0;4117;0;0;95;0;200;0;
5132;8686601;1052999680;16371712;1194594304;0;0;0;0;0;0;0;0;0;0;0;4048;0;0;95;0;200;0;
5133;5953034;1052999680;16371712;1194594304;0;0;0;0;0;0;0;0;0;0;0;3206;0;0;95;0;200;0;
5134;4829477;1052999680;16371712;1194594304;0;0;0;0;0;0;0;0;0;0;0;4007;0;0;95;0;200;0;
5135;4212871;1052999680;16371712;1194594304;0;0;0;0;0;0;0;0;0;0;0;3376;0;0;95;0;200;0;
5136;6120408;1052999680;16371712;1194594304;0;0;0;0;0;0;0;0;0;0;0;3136;0;0;95;0;200;0;
5137;4706907;1052999680;16371712;1194594304;0;0;0;0;0;0;0;0;0;0;0;3366;0;0;95;0;200;0;
5138;9875250;1052999680;16371712;1194594304;0;0;0;0;0;0;0;0;0;0;0;2474;0;0;95;0;200;0;
5139;5021327;1052999680;16371712;1194594304;0;0;0;0;0;0;0;0;0;0;0;2976;0;0;95;0;200;0;
5140;2281710;1052999680;16371712;1194594304;0;0;0;0;0;0;0;0;0;0;0;2635;0;0;95;0;200;0;
5141;4392949;1052999680;16371712;1194594304;0;0;0;0;0;0;0;0;0;0;0;3667;0;0;95;0;200;0;
5142;1993358;1052999680;16371712;1194594304;0;0;0;0;0;0;0;0;0;0;0;2294;0;0;95;0;200;0;
5143;4321986;1052999680;16371712;1194594304;0;0;0;0;0;0;0;0;0;0;0;3346;0;0;95;0;200;0;
5144;3384096;1052999680;16371712;1194594304;0;0;0;0;0;0;0;0;0;0;0;2775;0;0;95;0;200;0;
5145;8357082;1052999680;16371712;1194594304;0;0;0;0;0;0;0;0;0;0;0;3808;0;0;95;0;200;0;
5146;4869923;1052999680;16371712;1194594304;0;0;0;0;0;0;0;0;0;0;0;3637;0;0;95;0;200;0;
5147;5299448;1052999680;16371712;1194594304;0;0;0;0;0;0;0;0;0;0;0;3466;0;0;95;0;200;0;
5148;4361369;1052999680;16371712;1194594304;0;0;0;0;0;0;0;0;0;0;0;3436;0;0;95;0;200;0;
5149;3262789;1052999680;16371712;1194594304;0;0;0;0;0;0;0;0;0;0;0;2625;0;0;95;0;200;0;
5150;4606589;1052999680;16371712;1194594304;0;0;0;0;0;0;0;0;0;0;0;3707;0;0;95;0;200;0;
5151;6209836;1052999680;16371712;1194594304;0;0;0;0;0;0;0;0;0;0;0;3186;0;0;95;0;200;0;
5152;10359959;1052999680;16371712;1194594304;0;0;0;0;0;0;0;0;0;0;0;3727;0;0;95;0;200;0;
5153;8097055;1052999680;16371712;1194594304;0;0;0;0;0;0;0;0;0;0;0;3917;0;0;95;0;200;0;
5154;3971198;1052999680;16371712;1194594304;0;0;0;0;0;0;0;0;0;0;0;3346;0;0;95;0;200;0;
5155;5153565;1052999680;16371712;1194594304;0;0;0;0;0;0;0;0;0;0;0;3206;0;0;95;0;200;0;
5156;5128558;1052999680;16371712;1194594304;0;0;0;0;0;0;0;0;0;0;0;3326;0;0;95;0;200;0;
5157;5244235;1052999680;16371712;1194594304;0;0;0;0;0;0;0;0;0;0;0;2735;0;0;95;0;200;0;
5158;3502359;1052999680;16371712;1194594304;0;0;0;0;0;0;0;0;0;0;0;2445;0;0;95;0;200;0;
5159;9794648;1052999680;16371712;1194594304;0;0;0;0;0;0;0;0;0;0;0;3587;0;0;95;0;200;0;
5160;6602622;1052999680;16371712;1194594304;0;0;0;0;0;0;0;0;0;0;0;2876;0;0;95;0;200;0;
5161;2032101;1052999680;16371712;1194594304;0;0;0;0;0;0;0;0;0;0;0;2855;0;0;95;0;200;0;
5162;3152993;1053253632;16371712;1194594304;0;0;0;0;0;0;0;0;0;0;0;2325;0;0;95;0;200;0;
5163;5177470;1053253632;16371712;1194594304;0;0;0;0;0;0;0;0;0;0;0;3196;0;0;95;0;200;0;
5164;4573487;1053253632;16371712;1194594304;0;0;0;0;0;0;0;0;0;0;0;3516;0;0;95;0;200;0;
5165;3228294;1053253632;16371712;1194594304;0;0;0;0;0;0;0;0;0;0;0;2845;0;0;95;0;200;0;
5166;7807192;1053253632;16371712;1194594304;0;0;0;0;0;0;0;0;0;0;0;3767;0;0;95;0;200;0;
5167;4945785;1053253632;16371712;1194594304;0;0;0;0;0;0;0;0;0;0;0;3457;0;0;95;0;200;0;
5168;3189903;1053253632;16371712;1194594304;0;0;0;0;0;0;0;0;0;0;0;2945;0;0;95;0;200;0;
5169;3918839;1053253632;16371712;1194594304;0;0;0;0;0;0;0;0;0;0;0;2595;0;0;95;0;200;0;
5170;4346792;1053253632;16371712;1194594304;0;0;0;0;0;0;0;0;0;0;0;3176;0;0;95;0;200;0;
5171;7720228;1053253632;16371712;1194594304;0;0;0;0;0;0;0;0;0;0;0;4057;0;0;95;0;200;0;
5172;3626922;1053253632;16371712;1194594304;0;0;0;0;0;0;0;0;0;0;0;2725;0;0;95;0;200;0;
5173;8152459;1053253632;16371712;1194594304;0;0;0;0;0;0;0;0;0;0;0;3126;0;0;95;0;200;0;
5174;5212886;1053253632;16371712;1194594304;0;0;0;0;0;0;0;0;0;0;0;2885;0;0;95;0;200;0;
5175;3322481;1053253632;16371712;1194594304;0;0;0;0;0;0;0;0;0;0;0;2454;0;0;95;0;200;0;
5176;3885737;1053253632;16371712;1194594304;0;0;0;0;0;0;0;0;0;0;0;3737;0;0;95;0;200;0;
5177;4521459;1053253632;16371712;1194594304;0;0;0;0;0;0;0;0;0;0;0;2946;0;0;95;0;200;0;
5178;5287436;1053253632;16371712;1194594304;0;0;0;0;0;0;0;0;0;0;0;3406;0;0;95;0;200;0;
5179;3646819;1053253632;16371712;1194594304;0;0;0;0;0;0;0;0;0;0;0;2966;0;0;95;0;200;0;
5180;6982685;1053253632;16371712;1194594304;0;0;0;0;0;0;0;0;0;0;0;3567;0;0;95;0;200;0;
5181;4773592;1053253632;16371712;1194594304;0;0;0;0;0;0;0;0;0;0;0;3446;0;0;95;0;200;0;
5182;3548615;1053253632;16371712;1194594304;0;0;0;0;0;0;0;0;0;0;0;2866;0;0;95;0;200;0;
5183;6355880;1053253632;16371712;1194594304;0;0;0;0;0;0;0;0;0;0;0;4258;0;0;95;0;200;0;
5184;3215360;1053253632;16371712;1194594304;0;0;0;0;0;0;0;0;0;0;0;2695;0;0;95;0;200;0;
5185;4065966;1053253632;16371712;1194594304;0;0;0;0;0;0;0;0;0;0;0;2635;0;0;95;0;200;0;
5186;2719761;1053253632;16371712;1194594304;0;0;0;0;0;0;0;0;0;0;0;2836;0;0;95;0;200;0;
5187;7842167;1053253632;16371712;1194594304;0;0;0;0;0;0;0;0;0;0;0;147437;0;0;95;0;200;0;
5188;4791827;1053253632;16371712;1194594304;0;0;0;0;0;0;0;0;0;0;0;3286;0;0;95;0;200;0;
5189;3358027;1053253632;16371712;1194594304;0;0;0;0;0;0;0;0;0;0;0;3246;0;0;95;0;200;0;
5190;4121168;1053253632;16371712;1194594304;0;0;0;0;0;0;0;0;0;0;0;2515;0;0;95;0;200;0;
5191;4092224;1053253632;16371712;1194594304;0;0;0;0;0;0;0;0;0;0;0;2875;0;0;95;0;200;0;
5192;3485226;1053253632;16371712;1194594304;0;0;0;0;0;0;0;0;0;0;0;2184;0;0;95;0;200;0;
5193;2283001;1053253632;16371712;1194594304;0;0;0;0;0;0;0;0;0;0;0;2285;0;0;95;0;200;0;
5194;6969401;1053253632;16371712;1194594304;0;0;0;0;0;0;0;0;0;0;0;3516;0;0;95;0;200;0;
5195;3674461;1053253632;16371712;1194594304;0;0;0;0;0;0;0;0;0;0;0;2585;0;0;95;0;200;0;
5196;1252328;1053253632;16371712;1194594304;0;0;0;0;0;0;0;0;0;0;0;2925;0;0;95;0;200;0;
5197;3513299;1053253632;16371712;1194594304;0;0;0;0;0;0;0;0;0;0;0;2655;0;0;95;0;200;0;
5198;3056282;1053253632;16371712;1194594304;0;0;0;0;0;0;0;0;0;0;0;2574;0;0;95;0;200;0;
5199;3022308;1053253632;16371712;1194594304;0;0;0;0;0;0;0;0;0;0;0;2124;0;0;95;0;200;0;
5200;1535620;1053253632;16371712;1194594304;0;0;0;0;0;0;0;0;0;0;0;1693;0;0;95;0;200;0;
5201;5340535;1053253632;16371712;1194594304;0;0;0;0;0;0;0;0;0;0;0;3356;0;0;95;0;200;0;
5202;3896287;1053253632;16371712;1194594304;0;0;0;0;0;0;0;0;0;0;0;1944;0;0;95;0;200;0;
5203;1513388;1053253632;16371712;1194594304;0;0;0;0;0;0;0;0;0;0;0;2295;0;0;95;0;200;0;
5204;2906430;1053253632;16371712;1194594304;0;0;0;0;0;0;0;0;0;0;0;2585;0;0;95;0;200;0;
5205;1354189;1053253632;16371712;1194594304;0;0;0;0;0;0;0;0;0;0;0;1773;0;0;95;0;200;0;
5206;1442415;1053253632;16371712;1194594304;0;0;0;0;0;0;0;0;0;0;0;1503;0;0;95;0;200;0;
5207;936316;1053253632;16371712;1194594304;0;0;0;0;0;0;0;0;0;0;0;1543;0;0;95;0;200;0;
5208;4937931;1053253632;16371712;1194594304;0;0;0;0;0;0;0;0;0;0;0;2885;0;0;95;0;200;0;
5209;2822534;1053253632;16371712;1194594304;0;0;0;0;0;0;0;0;0;0;0;3186;0;0;95;0;200;0;
5210;2795843;1053253632;16371712;1194594304;0;0;0;0;0;0;0;0;0;0;0;2044;0;0;95;0;200;0;
5211;1955026;1053253632;16371712;1194594304;0;0;0;0;0;0;0;0;0;0;0;3186;0;0;95;0;200;0;
5212;1770841;1053253632;16371712;1194594304;0;0;0;0;0;0;0;0;0;0;0;1322;0;0;95;0;200;0;
5213;1329373;1053253632;16371712;1194594304;0;0;0;0;0;0;0;0;0;0;0;1754;0;0;95;0;200;0;
5214;9331810;1053253632;16371712;1194594304;0;0;0;0;0;0;0;0;0;0;0;2485;0;0;95;0;200;0;
5215;2377168;1053253632;16371712;1194594304;0;0;0;0;0;0;0;0;0;0;0;2244;0;0;95;0;200;0;
5216;1720176;1053253632;16371712;1194594304;0;0;0;0;0;0;0;0;0;0;0;1683;0;0;95;0;200;0;
5217;2867418;1053253632;16371712;1194594304;0;0;0;0;0;0;0;0;0;0;0;1813;0;0;95;0;200;0;
5218;3329164;1053253632;16371712;1194594304;0;0;0;0;0;0;0;0;0;0;0;2635;0;0;95;0;200;0;
5219;3795578;1053253632;16371712;1194594304;0;0;0;0;0;0;0;0;0;0;0;2725;0;0;95;0;200;0;
5220;1418440;1053253632;16371712;1194594304;0;0;0;0;0;0;0;0;0;0;0;1613;0;0;95;0;200;0;
5221;6192273;1053253632;16371712;1194594304;0;0;0;0;0;0;0;0;0;0;0;3196;0;0;95;0;200;0;
5222;4000503;1053253632;16371712;1194594304;0;0;0;0;0;0;0;0;0;0;0;2936;0;0;95;0;200;0;
5223;1762576;1053253632;16371712;1194594304;0;0;0;0;0;0;0;0;0;0;0;2424;0;0;95;0;200;0;
5224;1834741;1053253632;16371712;1194594304;0;0;0;0;0;0;0;0;0;0;0;1442;0;0;95;0;200;0;
5225;1061942;1053253632;16371712;1194594304;0;0;0;0;0;0;0;0;0;0;0;1523;0;0;95;0;200;0;
5226;2622568;1053253632;16371712;1194594304;0;0;0;0;0;0;0;0;0;0;0;2404;0;0;95;0;200;0;
5227;2575019;1053253632;16371712;1194594304;0;0;0;0;0;0;0;0;0;0;0;2154;0;0;95;0;200;0;
5228;6191912;1053253632;16371712;1194594304;0;0;0;0;0;0;0;0;0;0;0;2204;0;0;95;0;200;0;
5229;4533252;1053253632;16371712;1194594304;0;0;0;0;0;0;0;0;0;0;0;2484;0;0;95;0;200;0;
5230;1554806;1053253632;16371712;1194594304;0;0;0;0;0;0;0;0;0;0;0;2435;0;0;95;0;200;0;
5231;1788114;1053253632;16371712;1194594304;0;0;0;0;0;0;0;0;0;0;0;2184;0;0;95;0;200;0;
5232;1801479;1053253632;16371712;1194594304;0;0;0;0;0;0;0;0;0;0;0;1643;0;0;95;0;200;0;
5233;2243226;1053253632;16371712;1194594304;0;0;0;0;0;0;0;0;0;0;0;1723;0;0;95;0;200;0;
5234;1612714;1053253632;16371712;1194594304;0;0;0;0;0;0;0;0;0;0;0;2034;0;0;95;0;200;0;
5235;6357913;1053253632;16371712;1194594304;0;0;0;0;0;0;0;0;0;0;0;2815;0;0;95;0;200;0;
5236;2221666;1053253632;16371712;1194594304;0;0;0;0;0;0;0;0;0;0;0;1663;0;0;95;0;200;0;
5237;1792352;1053253632;16371712;1194594304;0;0;0;0;0;0;0;0;0;0;0;1934;0;0;95;0;200;0;
5238;2383310;1053253632;16371712;1194594304;0;0;0;0;0;0;0;0;0;0;0;1923;0;0;95;0;200;0;
5239;2106861;1053253632;16371712;1194594304;0;0;0;0;0;0;0;0;0;0;0;1543;0;0;95;0;200;0;
5240;1788203;1053253632;16371712;1194594304;0;0;0;0;0;0;0;0;0;0;0;1733;0;0;95;0;200;0;
5241;1672196;1053253632;16371712;1194594304;0;0;0;0;0;0;0;0;0;0;0;1994;0;0;95;0;200;0;
5242;6766950;1053253632;16371712;1194594304;0;0;0;0;0;0;0;0;0;0;0;3156;0;0;95;0;200;0;
5243;2106230;1053253632;16371712;1194594304;0;0;0;0;0;0;0;0;0;0;0;2144;0;0;95;0;200;0;
5244;1411717;1053253632;16371712;1194594304;0;0;0;0;0;0;0;0;0;0;0;1523;0;0;95;0;200;0;
5245;3462874;1053323264;16367616;1194590208;0;0;0;0;0;0;0;0;0;0;0;3066;0;0;95;0;200;0;
5246;1737398;1053323264;16367616;1194590208;0;0;0;0;0;0;0;0;0;0;0;1573;0;0;95;0;200;0;
5247;2659218;1053323264;16367616;1194590208;0;0;0;0;0;0;0;0;0;0;0;1964;0;0;95;0;200;0;
5248;1900213;1053323264;16367616;1194590208;0;0;0;0;0;0;0;0;0;0;0;2374;0;0;95;0;200;0;
5249;6854505;1053323264;16367616;1194590208;0;0;0;0;0;0;0;0;0;0;0;2805;0;0;95;0;200;0;
5250;1705398;1053323264;16371712;1194594304;0;0;0;0;0;0;0;0;0;0;0;1763;0;0;95;0;200;0;
5251;1591004;1053323264;16371712;1194594304;0;0;0;0;0;0;0;0;0;0;0;1994;0;0;95;0;200;0;
5252;2785163;1053323264;16371712;1194594304;0;0;0;0;0;0;0;0;0;0;0;2084;0;0;95;0;200;0;
5253;3410596;1053323264;16371712;1194594304;0;0;0;0;0;0;0;0;0;0;0;2404;0;0;95;0;200;0;
5254;3430604;1053323264;16371712;1194594304;0;0;0;0;0;0;0;0;0;0;0;2445;0;0;95;0;200;0;
5255;3189191;1053323264;16371712;1194594304;0;0;0;0;0;0;0;0;0;0;0;2454;0;0;95;0;200;0;
5256;5744383;1053323264;16371712;1194594304;0;0;0;0;0;0;0;0;0;0;0;2765;0;0;95;0;200;0;
5257;3096518;1053323264;16371712;1194594304;0;0;0;0;0;0;0;0;0;0;0;1714;0;0;95;0;200;0;
5258;3323002;1053323264;16371712;1194594304;0;0;0;0;0;0;0;0;0;0;0;1864;0;0;95;0;200;0;
5259;2883508;1053323264;16371712;1194594304;0;0;0;0;0;0;0;0;0;0;0;2014;0;0;95;0;200;0;
5260;2358633;1053323264;16371712;1194594304;0;0;0;0;0;0;0;0;0;0;0;2154;0;0;95;0;200;0;
5261;3364520;1053323264;16371712;1194594304;0;0;0;0;0;0;0;0;0;0;0;2334;0;0;95;0;200;0;
5262;3192668;1053323264;16371712;1194594304;0;0;0;0;0;0;0;0;0;0;0;2155;0;0;95;0;200;0;
5263;6456859;1053323264;16371712;1194594304;0;0;0;0;0;0;0;0;0;0;0;2695;0;0;95;0;200;0;
5264;4065124;1053323264;16371712;1194594304;0;0;0;0;0;0;0;0;0;0;0;2054;0;0;95;0;200;0;
5265;3513218;1053323264;16371712;1194594304;0;0;0;0;0;0;0;0;0;0;0;2495;0;0;95;0;200;0;
5266;3826716;1053323264;16371712;1194594304;0;0;0;0;0;0;0;0;0;0;0;2574;0;0;95;0;200;0;
5267;3767035;1053323264;16371712;1194594304;0;0;0;0;0;0;0;0;0;0;0;3406;0;0;95;0;200;0;
5268;3890967;1053323264;16371712;1194594304;0;0;0;0;0;0;0;0;0;0;0;2886;0;0;95;0;200;0;
5269;2094308;1053323264;16371712;1194594304;0;0;0;0;0;0;0;0;0;0;0;2234;0;0;95;0;200;0;
5270;7938608;1053323264;16371712;1194594304;0;0;0;0;0;0;0;0;0;0;0;3406;0;0;95;0;200;0;
5271;6401576;1053323264;16371712;1194594304;0;0;0;0;0;0;0;0;0;0;0;2655;0;0;95;0;200;0;
5272;3134919;1053323264;16371712;1194594304;0;0;0;0;0;0;0;0;0;0;0;3486;0;0;95;0;200;0;
5273;4134423;1053323264;16371712;1194594304;0;0;0;0;0;0;0;0;0;0;0;2866;0;0;95;0;200;0;
5274;3046333;1053323264;16371712;1194594304;0;0;0;0;0;0;0;0;0;0;0;2475;0;0;95;0;200;0;
5275;4123984;1053323264;16371712;1194594304;0;0;0;0;0;0;0;0;0;0;0;1633;0;0;95;0;200;0;
5276;1527034;1053323264;16371712;1194594304;0;0;0;0;0;0;0;0;0;0;0;1423;0;0;95;0;200;0;
5277;7240960;1053323264;16371712;1194594304;0;0;0;0;0;0;0;0;0;0;0;2595;0;0;95;0;200;0;
5278;3434401;1053323264;16371712;1194594304;0;0;0;0;0;0;0;0;0;0;0;1703;0;0;95;0;200;0;
5279;3478344;1053323264;16371712;1194594304;0;0;0;0;0;0;0;0;0;0;0;1953;0;0;95;0;200;0;
5280;3567801;1053323264;16371712;1194594304;0;0;0;0;0;0;0;0;0;0;0;1803;0;0;95;0;200;0;
5281;3036665;1053323264;16371712;1194594304;0;0;0;0;0;0;0;0;0;0;0;1913;0;0;95;0;200;0;
5282;2454122;1053323264;16371712;1194594304;0;0;0;0;0;0;0;0;0;0;0;1583;0;0;95;0;200;0;
5283;1959375;1053323264;16371712;1194594304;0;0;0;0;0;0;0;0;0;0;0;124634;0;0;95;0;200;0;
5284;5815166;1053323264;16371712;1194594304;0;0;0;0;0;0;0;0;0;0;0;2164;0;0;95;0;200;0;
5285;4051387;1053323264;16371712;1194594304;0;0;0;0;0;0;0;0;0;0;0;1763;0;0;95;0;200;0;
5286;2306175;1053323264;16371712;1194594304;0;0;0;0;0;0;0;0;0;0;0;1644;0;0;95;0;200;0;
5287;2325110;1053323264;16371712;1194594304;0;0;0;0;0;0;0;0;0;0;0;1483;0;0;95;0;200;0;
5288;1335775;1053323264;16371712;1194594304;0;0;0;0;0;0;0;0;0;0;0;1543;0;0;95;0;200;0;
5289;2780905;1053323264;16371712;1194594304;0;0;0;0;0;0;0;0;0;0;0;1413;0;0;95;0;200;0;
5290;3352968;1053323264;16371712;1194594304;0;0;0;0;0;0;0;0;0;0;0;1643;0;0;95;0;200;0;
5291;5191867;1053323264;16371712;1194594304;0;0;0;0;0;0;0;0;0;0;0;1823;0;0;95;0;200;0;
5292;3613457;1053323264;16371712;1194594304;0;0;0;0;0;0;0;0;0;0;0;1814;0;0;95;0;200;0;
5293;2175359;1053323264;16371712;1194594304;0;0;0;0;0;0;0;0;0;0;0;1703;0;0;95;0;200;0;
5294;3046313;1053323264;16371712;1194594304;0;0;0;0;0;0;0;0;0;0;0;1633;0;0;95;0;200;0;
5295;1897128;1053323264;16371712;1194594304;0;0;0;0;0;0;0;0;0;0;0;1633;0;0;95;0;200;0;
5296;2734428;1053323264;16371712;1194594304;0;0;0;0;0;0;0;0;0;0;0;1733;0;0;95;0;200;0;
5297;3158724;1053323264;16371712;1194594304;0;0;0;0;0;0;0;0;0;0;0;1784;0;0;95;0;200;0;
5298;6080533;1053323264;16371712;1194594304;0;0;0;0;0;0;0;0;0;0;0;2024;0;0;95;0;200;0;
5299;3954887;1053323264;16371712;1194594304;0;0;0;0;0;0;0;0;0;0;0;1914;0;0;95;0;200;0;
5300;3965567;1053323264;16371712;1194594304;0;0;0;0;0;0;0;0;0;0;0;2033;0;0;95;0;200;0;
5301;3303265;1053323264;16371712;1194594304;0;0;0;0;0;0;0;0;0;0;0;38813;0;0;95;0;200;0;
5302;3151050;1053323264;16371712;1194594304;0;0;0;0;0;0;0;0;0;0;0;1663;0;0;95;0;200;0;
5303;1810045;1053323264;16371712;1194594304;0;0;0;0;0;0;0;0;0;0;0;1853;0;0;95;0;200;0;
5304;2487394;1053323264;16371712;1194594304;0;0;0;0;0;0;0;0;0;0;0;1472;0;0;95;0;200;0;
5305;5757036;1053323264;16371712;1194594304;0;0;0;0;0;0;0;0;0;0;0;2084;0;0;95;0;200;0;
5306;3220750;1053323264;16371712;1194594304;0;0;0;0;0;0;0;0;0;0;0;1292;0;0;95;0;200;0;
5307;2571703;1053323264;16371712;1194594304;0;0;0;0;0;0;0;0;0;0;0;2004;0;0;95;0;200;0;
5308;2719269;1053323264;16371712;1194594304;0;0;0;0;0;0;0;0;0;0;0;1683;0;0;95;0;200;0;
5309;3134829;1053323264;16371712;1194594304;0;0;0;0;0;0;0;0;0;0;0;2053;0;0;95;0;200;0;
5310;3715798;1053323264;16371712;1194594304;0;0;0;0;0;0;0;0;0;0;0;1894;0;0;95;0;200;0;
5311;2032962;1053323264;16371712;1194594304;0;0;0;0;0;0;0;0;0;0;0;1443;0;0;95;0;200;0;
5312;6825330;1053323264;16371712;1194594304;0;0;0;0;0;0;0;0;0;0;0;2585;0;0;95;0;200;0;
5313;3446122;1053323264;16371712;1194594304;0;0;0;0;0;0;0;0;0;0;0;1773;0;0;95;0;200;0;
5314;2852951;1053323264;16371712;1194594304;0;0;0;0;0;0;0;0;0;0;0;1522;0;0;95;0;200;0;
5315;3252139;1053323264;16371712;1194594304;0;0;0;0;0;0;0;0;0;0;0;1573;0;0;95;0;200;0;
5316;2918514;1053323264;16371712;1194594304;0;0;0;0;0;0;0;0;0;0;0;1593;0;0;95;0;200;0;
5317;3426837;1053323264;16371712;1194594304;0;0;0;0;0;0;0;0;0;0;0;1673;0;0;95;0;200;0;
5318;2999606;1053323264;16371712;1194594304;0;0;0;0;0;0;0;0;0;0;0;1603;0;0;95;0;200;0;
5319;6898537;1053323264;16371712;1194594304;0;0;0;0;0;0;0;0;0;0;0;2976;0;0;95;0;200;0;
5320;3016397;1053323264;16371712;1194594304;0;0;0;0;0;0;0;0;0;0;0;1814;0;0;95;0;200;0;
5321;3062143;1053323264;16371712;1194594304;0;0;0;0;0;0;0;0;0;0;0;1833;0;0;95;0;200;0;
5322;3961770;1053323264;16371712;1194594304;0;0;0;0;0;0;0;0;0;0;0;2144;0;0;95;0;200;0;
5323;3380720;1053323264;16371712;1194594304;0;0;0;0;0;0;0;0;0;0;0;1883;0;0;95;0;200;0;
5324;2967034;1053323264;16371712;1194594304;0;0;0;0;0;0;0;0;0;0;0;2034;0;0;95;0;200;0;
5325;2964600;1053323264;16371712;1194594304;0;0;0;0;0;0;0;0;0;0;0;1643;0;0;95;0;200;0;
5326;5486530;1053323264;16371712;1194594304;0;0;0;0;0;0;0;0;0;0;0;1773;0;0;95;0;200;0;
5327;4071616;1053323264;16371712;1194594304;0;0;0;0;0;0;0;0;0;0;0;1713;0;0;95;0;200;0;
5328;2844324;1053323264;16371712;1194594304;0;0;0;0;0;0;0;0;0;0;0;1734;0;0;95;0;200;0;
5329;2864271;1053323264;16371712;1194594304;0;0;0;0;0;0;0;0;0;0;0;1653;0;0;95;0;200;0;
5330;2924875;1053323264;16371712;1194594304;0;0;0;0;0;0;0;0;0;0;0;1503;0;0;95;0;200;0;
5331;2004469;1053323264;16371712;1194594304;0;0;0;0;0;0;0;0;0;0;0;1633;0;0;95;0;200;0;
5332;2536838;1053323264;16371712;1194594304;0;0;0;0;0;0;0;0;0;0;0;1843;0;0;95;0;200;0;
5333;5722072;1053323264;16371712;1194594304;0;0;0;0;0;0;0;0;0;0;0;2866;0;0;95;0;200;0;
5334;3630759;1053323264;16371712;1194594304;0;0;0;0;0;0;0;0;0;0;0;1924;0;0;95;0;200;0;
5335;2698601;1053323264;16371712;1194594304;0;0;0;0;0;0;0;0;0;0;0;1824;0;0;95;0;200;0;
5336;2782929;1053323264;16371712;1194594304;0;0;0;0;0;0;0;0;0;0;0;1703;0;0;95;0;200;0;
5337;3798814;1053323264;16371712;1194594304;0;0;0;0;0;0;0;0;0;0;0;1683;0;0;95;0;200;0;
5338;3184122;1053323264;16371712;1194594304;0;0;0;0;0;0;0;0;0;0;0;1783;0;0;95;0;200;0;
5339;3036935;1053323264;16371712;1194594304;0;0;0;0;0;0;0;0;0;0;0;1613;0;0;95;0;200;0;
5340;6512613;1053323264;16371712;1194594304;0;0;0;0;0;0;0;0;0;0;0;2615;0;0;95;0;200;0;
5341;3634266;1053323264;16371712;1194594304;0;0;0;0;0;0;0;0;0;0;0;1753;0;0;95;0;200;0;
5342;2424036;1053323264;16371712;1194594304;0;0;0;0;0;0;0;0;0;0;0;2004;0;0;95;0;200;0;
5343;3538126;1053323264;16371712;1194594304;0;0;0;0;0;0;0;0;0;0;0;2515;0;0;95;0;200;0;
5344;3232742;1053323264;16371712;1194594304;0;0;0;0;0;0;0;0;0;0;0;1633;0;0;95;0;200;0;
5345;3266235;1053323264;16371712;1194594304;0;0;0;0;0;0;0;0;0;0;0;2074;0;0;95;0;200;0;
5346;3075267;1053323264;16371712;1194594304;0;0;0;0;0;0;0;0;0;0;0;2224;0;0;95;0;200;0;
5347;6614946;1053323264;16371712;1194594304;0;0;0;0;0;0;0;0;0;0;0;2866;0;0;95;0;200;0;
5348;3866501;1053323264;16371712;1194594304;0;0;0;0;0;0;0;0;0;0;0;2064;0;0;95;0;200;0;
5349;2693351;1053323264;16371712;1194594304;0;0;0;0;0;0;0;0;0;0;0;2134;0;0;95;0;200;0;
5350;1791961;1053323264;16371712;1194594304;0;0;0;0;0;0;0;0;0;0;0;1763;0;0;95;0;200;0;
5351;4001945;1053323264;16371712;1194594304;0;0;0;0;0;0;0;0;0;0;0;2325;0;0;95;0;200;0;
5352;2852609;1053323264;16371712;1194594304;0;0;0;0;0;0;0;0;0;0;0;2204;0;0;95;0;200;0;
5353;3495185;1053323264;16371712;1194594304;0;0;0;0;0;0;0;0;0;0;0;1713;0;0;95;0;200;0;
5354;5821217;1053323264;16371712;1194594304;0;0;0;0;0;0;0;0;0;0;0;2374;0;0;95;0;200;0;
5355;4477638;1053323264;16371712;1194594304;0;0;0;0;0;0;0;0;0;0;0;1894;0;0;95;0;200;0;
5356;2482375;1053323264;16371712;1194594304;0;0;0;0;0;0;0;0;0;0;0;1934;0;0;95;0;200;0;
5357;3415937;1053323264;16371712;1194594304;0;0;0;0;0;0;0;0;0;0;0;1603;0;0;95;0;200;0;
5358;2629992;1053323264;16371712;1194594304;0;0;0;0;0;0;0;0;0;0;0;1664;0;0;95;0;200;0;
5359;3215230;1053323264;16371712;1194594304;0;0;0;0;0;0;0;0;0;0;0;1854;0;0;95;0;200;0;
5360;1631971;1053323264;16371712;1194594304;0;0;0;0;0;0;0;0;0;0;0;1663;0;0;95;0;200;0;
5361;7202557;1053323264;16371712;1194594304;0;0;0;0;0;0;0;0;0;0;0;2205;0;0;95;0;200;0;
5362;3175746;1053323264;16371712;1194594304;0;0;0;0;0;0;0;0;0;0;0;1883;0;0;95;0;200;0;
5363;2194005;1053323264;16371712;1194594304;0;0;0;0;0;0;0;0;0;0;0;7233;0;0;95;0;200;0;
5364;3247911;1053323264;16371712;1194594304;0;0;0;0;0;0;0;0;0;0;0;1593;0;0;95;0;200;0;
5365;3690441;1053323264;16371712;1194594304;0;0;0;0;0;0;0;0;0;0;0;1643;0;0;95;0;200;0;
5366;2973847;1053323264;16371712;1194594304;0;0;0;0;0;0;0;0;0;0;0;23194;0;0;95;0;200;0;
5367;2793368;1053323264;16371712;1194594304;0;0;0;0;0;0;0;0;0;0;0;1623;0;0;95;0;200;0;
5368;7925624;1053323264;16371712;1194594304;0;0;0;0;0;0;0;0;0;0;0;2545;0;0;95;0;200;0;
5369;3761414;1053323264;16371712;1194594304;0;0;0;0;0;0;0;0;0;0;0;1813;0;0;95;0;200;0;
5370;2876845;1053323264;16371712;1194594304;0;0;0;0;0;0;0;0;0;0;0;1532;0;0;95;0;200;0;
5371;3018130;1053323264;16371712;1194594304;0;0;0;0;0;0;0;0;0;0;0;1492;0;0;95;0;200;0;
5372;4029287;1053323264;16371712;1194594304;0;0;0;0;0;0;0;0;0;0;0;2044;0;0;95;0;200;0;
5373;3226641;1053323264;16371712;1194594304;0;0;0;0;0;0;0;0;0;0;0;2044;0;0;95;0;200;0;
5374;3523517;1053323264;16371712;1194594304;0;0;0;0;0;0;0;0;0;0;0;1793;0;0;95;0;200;0;
5375;6124085;1053323264;16371712;1194594304;0;0;0;0;0;0;0;0;0;0;0;2084;0;0;95;0;200;0;
5376;3871160;1053323264;16371712;1194594304;0;0;0;0;0;0;0;0;0;0;0;2054;0;0;95;0;200;0;
5377;2103245;1053323264;16371712;1194594304;0;0;0;0;0;0;0;0;0;0;0;1853;0;0;95;0;200;0;
5378;2234310;1053323264;16371712;1194594304;0;0;0;0;0;0;0;0;0;0;0;2094;0;0;95;0;200;0;
5379;2815010;1053323264;16371712;1194594304;0;0;0;0;0;0;0;0;0;0;0;1723;0;0;95;0;200;0;
5380;4028044;1053323264;16371712;1194594304;0;0;0;0;0;0;0;0;0;0;0;141986;0;0;95;0;200;0;
5381;2548008;1053323264;16371712;1194594304;0;0;0;0;0;0;0;0;0;0;0;1533;0;0;95;0;200;0;
5382;8436041;1053323264;16371712;1194594304;0;0;0;0;0;0;0;0;0;0;0;1833;0;0;95;0;200;0;
5383;3307874;1053323264;16371712;1194594304;0;0;0;0;0;0;0;0;0;0;0;1773;0;0;95;0;200;0;
5384;1885927;1053323264;16371712;1194594304;0;0;0;0;0;0;0;0;0;0;0;2054;0;0;95;0;200;0;
5385;3455100;1053323264;16371712;1194594304;0;0;0;0;0;0;0;0;0;0;0;2014;0;0;95;0;200;0;
5386;2333215;1053323264;16371712;1194594304;0;0;0;0;0;0;0;0;0;0;0;1753;0;0;95;0;200;0;
5387;2678874;1053323264;16371712;1194594304;0;0;0;0;0;0;0;0;0;0;0;1913;0;0;95;0;200;0;
5388;1936101;1053323264;16371712;1194594304;0;0;0;0;0;0;0;0;0;0;0;1763;0;0;95;0;200;0;
5389;5801781;1053323264;16371712;1194594304;0;0;0;0;0;0;0;0;0;0;0;2705;0;0;95;0;200;0;
5390;5192238;1053323264;16371712;1194594304;0;0;0;0;0;0;0;0;0;0;0;2344;0;0;95;0;200;0;
5391;3590924;1053323264;16371712;1194594304;0;0;0;0;0;0;0;0;0;0;0;1763;0;0;95;0;200;0;
5392;4208512;1053323264;16371712;1194594304;0;0;0;0;0;0;0;0;0;0;0;2315;0;0;95;0;200;0;
5393;3061190;1053323264;16371712;1194594304;0;0;0;0;0;0;0;0;0;0;0;2084;0;0;95;0;200;0;
5394;3727040;1053323264;16371712;1194594304;0;0;0;0;0;0;0;0;0;0;0;2074;0;0;95;0;200;0;
5395;3436274;1053323264;16371712;1194594304;0;0;0;0;0;0;0;0;0;0;0;333275;0;0;95;0;200;0;
5396;5853418;1053323264;16371712;1194594304;0;0;0;0;0;0;0;0;0;0;0;2003;0;0;95;0;200;0;
5397;4566865;1053323264;16371712;1194594304;0;0;0;0;0;0;0;0;0;0;0;3056;0;0;95;0;200;0;
5398;4364976;1053323264;16371712;1194594304;0;0;0;0;0;0;0;0;0;0;0;2344;0;0;95;0;200;0;
5399;3910895;1053323264;16371712;1194594304;0;0;0;0;0;0;0;0;0;0;0;2104;0;0;95;0;200;0;
5400;1995282;1053323264;16371712;1194594304;0;0;0;0;0;0;0;0;0;0;0;2124;0;0;95;0;200;0;
5401;3061000;1053323264;16371712;1194594304;0;0;0;0;0;0;0;0;0;0;0;1894;0;0;95;0;200;0;
5402;2996831;1053323264;16371712;1194594304;0;0;0;0;0;0;0;0;0;0;0;1693;0;0;95;0;200;0;
5403;6588786;1053323264;16371712;1194594304;0;0;0;0;0;0;0;0;0;0;0;2544;0;0;95;0;200;0;
5404;4306286;1053323264;16371712;1194594304;0;0;0;0;0;0;0;0;0;0;0;2475;0;0;95;0;200;0;
5405;3024422;1053323264;16371712;1194594304;0;0;0;0;0;0;0;0;0;0;0;1593;0;0;95;0;200;0;
5406;3348480;1053323264;16371712;1194594304;0;0;0;0;0;0;0;0;0;0;0;1753;0;0;95;0;200;0;
5407;2490230;1053323264;16371712;1194594304;0;0;0;0;0;0;0;0;0;0;0;5060;0;0;95;0;200;0;
5408;3824272;1053323264;16371712;1194594304;0;0;0;0;0;0;0;0;0;0;0;1784;0;0;95;0;200;0;
5409;4137810;1053323264;16371712;1194594304;0;0;0;0;0;0;0;0;0;0;0;2364;0;0;95;0;200;0;
5410;5800609;1053323264;16371712;1194594304;0;0;0;0;0;0;0;0;0;0;0;2304;0;0;95;0;200;0;
5411;4711035;1053323264;16371712;1194594304;0;0;0;0;0;0;0;0;0;0;0;1984;0;0;95;0;200;0;
5412;2962766;1053323264;16371712;1194594304;0;0;0;0;0;0;0;0;0;0;0;1964;0;0;95;0;200;0;
5413;3918689;1053323264;16371712;1194594304;0;0;0;0;0;0;0;0;0;0;0;2054;0;0;95;0;200;0;
5414;2009929;1053323264;16371712;1194594304;0;0;0;0;0;0;0;0;0;0;0;1503;0;0;95;0;200;0;
5415;3682316;1053323264;16371712;1194594304;0;0;0;0;0;0;0;0;0;0;0;1944;0;0;95;0;200;0;
5416;4261583;1053323264;16371712;1194594304;0;0;0;0;0;0;0;0;0;0;0;1774;0;0;95;0;200;0;
5417;6107364;1053323264;16371712;1194594304;0;0;0;0;0;0;0;0;0;0;0;2265;0;0;95;0;200;0;
5418;3873704;1053323264;16371712;1194594304;0;0;0;0;0;0;0;0;0;0;0;2154;0;0;95;0;200;0;
5419;3511185;1053323264;16371712;1194594304;0;0;0;0;0;0;0;0;0;0;0;2345;0;0;95;0;200;0;
5420;5113410;1053323264;16371712;1194594304;0;0;0;0;0;0;0;0;0;0;0;2494;0;0;95;0;200;0;
5421;3294158;1053323264;16371712;1194594304;0;0;0;0;0;0;0;0;0;0;0;2094;0;0;95;0;200;0;
5422;2646843;1053323264;16371712;1194594304;0;0;0;0;0;0;0;0;0;0;0;167193;0;0;95;0;200;0;
5423;2359866;1053323264;16371712;1194594304;0;0;0;0;0;0;0;0;0;0;0;1633;0;0;95;0;200;0;
5424;7119682;1053323264;16371712;1194594304;0;0;0;0;0;0;0;0;0;0;0;3918;0;0;95;0;200;0;
5425;6465696;1053323264;16371712;1194594304;0;0;0;0;0;0;0;0;0;0;0;3676;0;0;95;0;200;0;
5426;5082542;1053323264;16371712;1194594304;0;0;0;0;0;0;0;0;0;0;0;3015;0;0;95;0;200;0;
5427;4901452;1053323264;16371712;1194594304;0;0;0;0;0;0;0;0;0;0;0;3526;0;0;95;0;200;0;
5428;3829912;1053323264;16371712;1194594304;0;0;0;0;0;0;0;0;0;0;0;3266;0;0;95;0;200;0;
5429;5265294;1053323264;16371712;1194594304;0;0;0;0;0;0;0;0;0;0;0;3867;0;0;95;0;200;0;
5430;3479075;1053323264;16371712;1194594304;0;0;0;0;0;0;0;0;0;0;0;2284;0;0;95;0;200;0;
5431;8140437;1053323264;16371712;1194594304;0;0;0;0;0;0;0;0;0;0;0;2485;0;0;95;0;200;0;
5432;4793319;1053323264;16371712;1194594304;0;0;0;0;0;0;0;0;0;0;0;2354;0;0;95;0;200;0;
5433;3563773;1053323264;16371712;1194594304;0;0;0;0;0;0;0;0;0;0;0;2484;0;0;95;0;200;0;
5434;4355559;1053323264;16371712;1194594304;0;0;0;0;0;0;0;0;0;0;0;2314;0;0;95;0;200;0;
5435;3901607;1053323264;16371712;1194594304;0;0;0;0;0;0;0;0;0;0;0;1974;0;0;95;0;200;0;
5436;3748930;1053323264;16371712;1194594304;0;0;0;0;0;0;0;0;0;0;0;1894;0;0;95;0;200;0;
5437;3557762;1053323264;16371712;1194594304;0;0;0;0;0;0;0;0;0;0;0;1683;0;0;95;0;200;0;
5438;6617140;1053323264;16371712;1194594304;0;0;0;0;0;0;0;0;0;0;0;2214;0;0;95;0;200;0;
5439;5090326;1053323264;16371712;1194594304;0;0;0;0;0;0;0;0;0;0;0;2124;0;0;95;0;200;0;
5440;4224062;1053323264;16371712;1194594304;0;0;0;0;0;0;0;0;0;0;0;2695;0;0;95;0;200;0;
5441;4004881;1053323264;16371712;1194594304;0;0;0;0;0;0;0;0;0;0;0;5570;0;0;95;0;200;0;
5442;1437105;1053323264;16371712;1194594304;0;0;0;0;0;0;0;0;0;0;0;1673;0;0;95;0;200;0;
5443;2900469;1053323264;16371712;1194594304;0;0;0;0;0;0;0;0;0;0;0;1583;0;0;95;0;200;0;
5444;3259092;1053323264;16371712;1194594304;0;0;0;0;0;0;0;0;0;0;0;1843;0;0;95;0;200;0;
5445;6790855;1053323264;16371712;1194594304;0;0;0;0;0;0;0;0;0;0;0;2094;0;0;95;0;200;0;
5446;5065379;1053323264;16371712;1194594304;0;0;0;0;0;0;0;0;0;0;0;3046;0;0;95;0;200;0;
5447;3765753;1053323264;16371712;1194594304;0;0;0;0;0;0;0;0;0;0;0;2865;0;0;95;0;200;0;
5448;3068645;1053323264;16371712;1194594304;0;0;0;0;0;0;0;0;0;0;0;2374;0;0;95;0;200;0;
5449;3235528;1053323264;16371712;1194594304;0;0;0;0;0;0;0;0;0;0;0;1773;0;0;95;0;200;0;
5450;4054374;1053323264;16371712;1194594304;0;0;0;0;0;0;0;0;0;0;0;1873;0;0;95;0;200;0;
5451;3034311;1053323264;16371712;1194594304;0;0;0;0;0;0;0;0;0;0;0;1854;0;0;95;0;200;0;
5452;7272189;1053323264;16371712;1194594304;0;0;0;0;0;0;0;0;0;0;0;2034;0;0;95;0;200;0;
5453;2868700;1053323264;16371712;1194594304;0;0;0;0;0;0;0;0;0;0;0;2053;0;0;95;0;200;0;
5454;4065334;1053323264;16371712;1194594304;0;0;0;0;0;0;0;0;0;0;0;1854;0;0;95;0;200;0;
5455;3223134;1053323264;16371712;1194594304;0;0;0;0;0;0;0;0;0;0;0;1864;0;0;95;0;200;0;
5456;4119696;1053323264;16371712;1194594304;0;0;0;0;0;0;0;0;0;0;0;2124;0;0;95;0;200;0;
5457;2752522;1053323264;16371712;1194594304;0;0;0;0;0;0;0;0;0;0;0;1703;0;0;95;0;200;0;
5458;6212270;1053323264;16371712;1194594304;0;0;0;0;0;0;0;0;0;0;0;2495;0;0;95;0;200;0;
5459;4502834;1053323264;16371712;1194594304;0;0;0;0;0;0;0;0;0;0;0;49413;0;0;95;0;200;0;
5460;4008067;1053323264;16371712;1194594304;0;0;0;0;0;0;0;0;0;0;0;1793;0;0;95;0;200;0;
5461;3440663;1050697728;13103104;1191325696;0;0;0;0;0;0;0;0;0;0;0;2354;0;0;95;0;200;0;
5462;2275988;1050697728;13103104;1191325696;0;0;0;0;0;0;0;0;0;0;0;1713;0;0;95;0;200;0;
5463;3058706;1050697728;13103104;1191325696;0;0;0;0;0;0;0;0;0;0;0;1803;0;0;95;0;200;0;
5464;2681609;1050697728;13103104;1191325696;0;0;0;0;0;0;0;0;0;0;0;1854;0;0;95;0;200;0;
5465;6527822;1050697728;13103104;1191325696;0;0;0;0;0;0;0;0;0;0;0;1944;0;0;95;0;200;0;
5466;3893972;1051504640;16371712;1194594304;0;0;0;0;0;0;0;0;0;0;0;1684;0;0;95;0;200;0;
5467;3643333;1052585984;16371712;1194594304;0;0;0;0;0;0;0;0;0;0;0;1693;0;0;95;0;200;0;
5468;3274280;1053396992;16371712;1194594304;0;0;0;0;0;0;0;0;0;0;0;1483;0;0;95;0;200;0;
5469;2982744;1053396992;16371712;1194594304;0;0;0;0;0;0;0;0;0;0;0;1653;0;0;95;0;200;0;
5470;3862393;1053396992;16371712;1194594304;0;0;0;0;0;0;0;0;0;0;0;2224;0;0;95;0;200;0;
5471;2243107;1053396992;16371712;1194594304;0;0;0;0;0;0;0;0;0;0;0;1673;0;0;95;0;200;0;
5472;6947259;1053396992;16371712;1194594304;0;0;0;0;0;0;0;0;0;0;0;2205;0;0;95;0;200;0;
5473;3326879;1053396992;16371712;1194594304;0;0;0;0;0;0;0;0;0;0;0;1994;0;0;95;0;200;0;
5474;3718845;1053396992;16371712;1194594304;0;0;0;0;0;0;0;0;0;0;0;1533;0;0;95;0;200;0;
5475;3700900;1053396992;16371712;1194594304;0;0;0;0;0;0;0;0;0;0;0;1633;0;0;95;0;200;0;
5476;3266395;1053396992;16371712;1194594304;0;0;0;0;0;0;0;0;0;0;0;53661;0;0;95;0;200;0;
5477;3512287;1053396992;16371712;1194594304;0;0;0;0;0;0;0;0;0;0;0;1603;0;0;95;0;200;0;
5478;5796020;1053396992;16371712;1194594304;0;0;0;0;0;0;0;0;0;0;0;2024;0;0;95;0;200;0;
5479;4190719;1053396992;16371712;1194594304;0;0;0;0;0;0;0;0;0;0;0;1834;0;0;95;0;200;0;
5480;3261146;1053396992;16371712;1194594304;0;0;0;0;0;0;0;0;0;0;0;1924;0;0;95;0;200;0;
5481;2818897;1053396992;16371712;1194594304;0;0;0;0;0;0;0;0;0;0;0;2164;0;0;95;0;200;0;
5482;3669201;1053396992;16371712;1194594304;0;0;0;0;0;0;0;0;0;0;0;2014;0;0;95;0;200;0;
5483;4899578;1053396992;16371712;1194594304;0;0;0;0;0;0;0;0;0;0;0;2485;0;0;95;0;200;0;
5484;2859983;1053396992;16371712;1194594304;0;0;0;0;0;0;0;0;0;0;0;1764;0;0;95;0;200;0;
5485;5957022;1053396992;16371712;1194594304;0;0;0;0;0;0;0;0;0;0;0;2645;0;0;95;0;200;0;
5486;4110108;1053396992;16371712;1194594304;0;0;0;0;0;0;0;0;0;0;0;2164;0;0;95;0;200;0;
5487;3358919;1053396992;16371712;1194594304;0;0;0;0;0;0;0;0;0;0;0;2545;0;0;95;0;200;0;
5488;3552873;1053396992;16371712;1194594304;0;0;0;0;0;0;0;0;0;0;0;1913;0;0;95;0;200;0;
5489;3844871;1053396992;16371712;1194594304;0;0;0;0;0;0;0;0;0;0;0;2054;0;0;95;0;200;0;
5490;3711380;1053396992;16371712;1194594304;0;0;0;0;0;0;0;0;0;0;0;1984;0;0;95;0;200;0;
5491;1946610;1053396992;16371712;1194594304;0;0;0;0;0;0;0;0;0;0;0;1733;0;0;95;0;200;0;
5492;6664158;1053396992;16371712;1194594304;0;0;0;0;0;0;0;0;0;0;0;2675;0;0;95;0;200;0;
5493;3113018;1053396992;16371712;1194594304;0;0;0;0;0;0;0;0;0;0;0;1853;0;0;95;0;200;0;
5494;3171498;1053396992;16371712;1194594304;0;0;0;0;0;0;0;0;0;0;0;1993;0;0;95;0;200;0;
5495;3885397;1053396992;16371712;1194594304;0;0;0;0;0;0;0;0;0;0;0;1824;0;0;95;0;200;0;
5496;4138071;1053396992;16371712;1194594304;0;0;0;0;0;0;0;0;0;0;0;2054;0;0;95;0;200;0;
5497;2615124;1053396992;16371712;1194594304;0;0;0;0;0;0;0;0;0;0;0;2324;0;0;95;0;200;0;
5498;4672332;1053396992;16371712;1194594304;0;0;0;0;0;0;0;0;0;0;0;3556;0;0;95;0;200;0;
5499;6048052;1053396992;16371712;1194594304;0;0;0;0;0;0;0;0;0;0;0;2475;0;0;95;0;200;0;
5500;3042506;1053396992;16371712;1194594304;0;0;0;0;0;0;0;0;0;0;0;3035;0;0;95;0;200;0;
5501;2626145;1053396992;16371712;1194594304;0;0;0;0;0;0;0;0;0;0;0;1963;0;0;95;0;200;0;
5502;3954747;1053396992;16371712;1194594304;0;0;0;0;0;0;0;0;0;0;0;2595;0;0;95;0;200;0;
5503;3973682;1053396992;16371712;1194594304;0;0;0;0;0;0;0;0;0;0;0;3126;0;0;95;0;200;0;
5504;4311906;1053396992;16371712;1194594304;0;0;0;0;0;0;0;0;0;0;0;2846;0;0;95;0;200;0;
5505;2783450;1053396992;16371712;1194594304;0;0;0;0;0;0;0;0;0;0;0;2014;0;0;95;0;200;0;
5506;6347634;1053396992;16371712;1194594304;0;0;0;0;0;0;0;0;0;0;0;2354;0;0;95;0;200;0;
5507;3467614;1053396992;16371712;1194594304;0;0;0;0;0;0;0;0;0;0;0;25689;0;0;95;0;200;0;
5508;3981396;1053396992;16371712;1194594304;0;0;0;0;0;0;0;0;0;0;0;2915;0;0;95;0;200;0;
5509;3430844;1053396992;16371712;1194594304;0;0;0;0;0;0;0;0;0;0;0;2084;0;0;95;0;200;0;
5510;3911976;1053396992;16371712;1194594304;0;0;0;0;0;0;0;0;0;0;0;2414;0;0;95;0;200;0;
5511;4156726;1053396992;16371712;1194594304;0;0;0;0;0;0;0;0;0;0;0;2314;0;0;95;0;200;0;
5512;3917376;1053396992;16371712;1194594304;0;0;0;0;0;0;0;0;0;0;0;2475;0;0;95;0;200;0;
5513;8194969;1053396992;16371712;1194594304;0;0;0;0;0;0;0;0;0;0;0;2655;0;0;95;0;200;0;
5514;5475659;1053396992;16371712;1194594304;0;0;0;0;0;0;0;0;0;0;0;3517;0;0;95;0;200;0;
5515;4051077;1053396992;16371712;1194594304;0;0;0;0;0;0;0;0;0;0;0;2876;0;0;95;0;200;0;
5516;4052470;1053396992;16371712;1194594304;0;0;0;0;0;0;0;0;0;0;0;2805;0;0;95;0;200;0;
5517;3539147;1053396992;16371712;1194594304;0;0;0;0;0;0;0;0;0;0;0;2565;0;0;95;0;200;0;
5518;3701652;1053396992;16371712;1194594304;0;0;0;0;0;0;0;0;0;0;0;2094;0;0;95;0;200;0;
5519;3113439;1053396992;16371712;1194594304;0;0;0;0;0;0;0;0;0;0;0;3527;0;0;95;0;200;0;
5520;10839889;1053396992;16371712;1194594304;0;0;0;0;0;0;0;0;0;0;0;3387;0;0;95;0;200;0;
5521;5845723;1053396992;16371712;1194594304;0;0;0;0;0;0;0;0;0;0;0;3447;0;0;95;0;200;0;
5522;3177549;1053396992;16371712;1194594304;0;0;0;0;0;0;0;0;0;0;0;3377;0;0;95;0;200;0;
5523;8241586;1053396992;16371712;1194594304;0;0;0;0;0;0;0;0;0;0;0;5860;0;0;95;0;200;0;
5524;3056662;1053396992;16371712;1194594304;0;0;0;0;0;0;0;0;0;0;0;3387;0;0;95;0;200;0;
5525;5162913;1053396992;16371712;1194594304;0;0;0;0;0;0;0;0;0;0;0;3727;0;0;95;0;200;0;
5526;2649399;1053396992;16371712;1194594304;0;0;0;0;0;0;0;0;0;0;0;1944;0;0;95;0;200;0;
5527;6926660;1053396992;16371712;1194594304;0;0;0;0;0;0;0;0;0;0;0;2755;0;0;95;0;200;0;
5528;3559776;1053396992;16371712;1194594304;0;0;0;0;0;0;0;0;0;0;0;2194;0;0;95;0;200;0;
5529;2476044;1053396992;16371712;1194594304;0;0;0;0;0;0;0;0;0;0;0;1864;0;0;95;0;200;0;
5530;3794255;1053396992;16371712;1194594304;0;0;0;0;0;0;0;0;0;0;0;85430;0;0;95;0;200;0;
5531;2505168;1053396992;16371712;1194594304;0;0;0;0;0;0;0;0;0;0;0;1643;0;0;95;0;200;0;
5532;5662640;1053396992;16371712;1194594304;0;0;0;0;0;0;0;0;0;0;0;2775;0;0;95;0;200;0;
5533;2674535;1053396992;16371712;1194594304;0;0;0;0;0;0;0;0;0;0;0;1723;0;0;95;0;200;0;
5534;6528594;1053396992;16371712;1194594304;0;0;0;0;0;0;0;0;0;0;0;3417;0;0;95;0;200;0;
5535;4539784;1053396992;16371712;1194594304;0;0;0;0;0;0;0;0;0;0;0;2635;0;0;95;0;200;0;
5536;2760868;1053396992;16371712;1194594304;0;0;0;0;0;0;0;0;0;0;0;2585;0;0;95;0;200;0;
5537;3079164;1053396992;16371712;1194594304;0;0;0;0;0;0;0;0;0;0;0;2043;0;0;95;0;200;0;
5538;2803688;1053396992;16371712;1194594304;0;0;0;0;0;0;0;0;0;0;0;1753;0;0;95;0;200;0;
5539;4627949;1053396992;16371712;1194594304;0;0;0;0;0;0;0;0;0;0;0;3296;0;0;95;0;200;0;
5540;3760703;1053396992;16371712;1194594304;0;0;0;0;0;0;0;0;0;0;0;2755;0;0;95;0;200;0;
5541;7369731;1053396992;16371712;1194594304;0;0;0;0;0;0;0;0;0;0;0;2635;0;0;95;0;200;0;
5542;3739503;1053396992;16371712;1194594304;0;0;0;0;0;0;0;0;0;0;0;2064;0;0;95;0;200;0;
5543;4453162;1053396992;16371712;1194594304;0;0;0;0;0;0;0;0;0;0;0;2996;0;0;95;0;200;0;
5544;4183185;1053396992;16371712;1194594304;0;0;0;0;0;0;0;0;0;0;0;3096;0;0;95;0;200;0;
5545;2785554;1053396992;16371712;1194594304;0;0;0;0;0;0;0;0;0;0;0;1673;0;0;95;0;200;0;
5546;3321108;1053396992;16371712;1194594304;0;0;0;0;0;0;0;0;0;0;0;1744;0;0;95;0;200;0;
5547;2862298;1053396992;16371712;1194594304;0;0;0;0;0;0;0;0;0;0;0;2274;0;0;95;0;200;0;
5548;8752505;1053396992;16371712;1194594304;0;0;0;0;0;0;0;0;0;0;0;173095;0;0;95;0;200;0;
5549;5192098;1053396992;16371712;1194594304;0;0;0;0;0;0;0;0;0;0;0;3566;0;0;95;0;200;0;
5550;2896722;1053396992;16371712;1194594304;0;0;0;0;0;0;0;0;0;0;0;2214;0;0;95;0;200;0;
5551;4878950;1053396992;16371712;1194594304;0;0;0;0;0;0;0;0;0;0;0;2826;0;0;95;0;200;0;
5552;3616112;1053396992;16371712;1194594304;0;0;0;0;0;0;0;0;0;0;0;2475;0;0;95;0;200;0;
5553;3141842;1053396992;16371712;1194594304;0;0;0;0;0;0;0;0;0;0;0;1663;0;0;95;0;200;0;
5554;1542583;1053396992;16371712;1194594304;0;0;0;0;0;0;0;0;0;0;0;1593;0;0;95;0;200;0;
5555;8283685;1053396992;16371712;1194594304;0;0;0;0;0;0;0;0;0;0;0;3797;0;0;95;0;200;0;
5556;6927602;1053396992;16371712;1194594304;0;0;0;0;0;0;0;0;0;0;0;3226;0;0;95;0;200;0;
5557;3027428;1053396992;16371712;1194594304;0;0;0;0;0;0;0;0;0;0;0;2334;0;0;95;0;200;0;
5558;4060936;1053396992;16371712;1194594304;0;0;0;0;0;0;0;0;0;0;0;8627;0;0;95;0;200;0;
5559;4343896;1053396992;16371712;1194594304;0;0;0;0;0;0;0;0;0;0;0;2635;0;0;95;0;200;0;
5560;4952167;1053396992;16371712;1194594304;0;0;0;0;0;0;0;0;0;0;0;3537;0;0;95;0;200;0;
5561;2182604;1053396992;16371712;1194594304;0;0;0;0;0;0;0;0;0;0;0;2665;0;0;95;0;200;0;
5562;6674868;1053396992;16371712;1194594304;0;0;0;0;0;0;0;0;0;0;0;2355;0;0;95;0;200;0;
5563;5243944;1053396992;16371712;1194594304;0;0;0;0;0;0;0;0;0;0;0;3737;0;0;95;0;200;0;
5564;3355723;1053396992;16371712;1194594304;0;0;0;0;0;0;0;0;0;0;0;3377;0;0;95;0;200;0;
5565;3171708;1053396992;16371712;1194594304;0;0;0;0;0;0;0;0;0;0;0;1943;0;0;95;0;200;0;
5566;2731983;1053396992;16371712;1194594304;0;0;0;0;0;0;0;0;0;0;0;1934;0;0;95;0;200;0;
5567;3845763;1053396992;16371712;1194594304;0;0;0;0;0;0;0;0;0;0;0;1844;0;0;95;0;200;0;
5568;1799575;1053396992;16371712;1194594304;0;0;0;0;0;0;0;0;0;0;0;1563;0;0;95;0;200;0;
5569;5516346;1053396992;16371712;1194594304;0;0;0;0;0;0;0;0;0;0;0;2916;0;0;95;0;200;0;
5570;3195974;1053396992;16371712;1194594304;0;0;0;0;0;0;0;0;0;0;0;1944;0;0;95;0;200;0;
5571;2654378;1053396992;16371712;1194594304;0;0;0;0;0;0;0;0;0;0;0;1623;0;0;95;0;200;0;
5572;3934548;1053396992;16371712;1194594304;0;0;0;0;0;0;0;0;0;0;0;1814;0;0;95;0;200;0;
5573;2995507;1053396992;16371712;1194594304;0;0;0;0;0;0;0;0;0;0;0;1613;0;0;95;0;200;0;
5574;3604560;1053396992;16371712;1194594304;0;0;0;0;0;0;0;0;0;0;0;1764;0;0;95;0;200;0;
5575;2680698;1053396992;16371712;1194594304;0;0;0;0;0;0;0;0;0;0;0;1623;0;0;95;0;200;0;
5576;6697941;1053396992;16371712;1194594304;0;0;0;0;0;0;0;0;0;0;0;3176;0;0;95;0;200;0;
5577;3836925;1053396992;16371712;1194594304;0;0;0;0;0;0;0;0;0;0;0;1904;0;0;95;0;200;0;
5578;1962801;1053396992;16371712;1194594304;0;0;0;0;0;0;0;0;0;0;0;1784;0;0;95;0;200;0;
5579;2712898;1053396992;16371712;1194594304;0;0;0;0;0;0;0;0;0;0;0;1703;0;0;95;0;200;0;
5580;2763332;1053396992;16371712;1194594304;0;0;0;0;0;0;0;0;0;0;0;95809;0;0;95;0;200;0;
5581;4253747;1053396992;16371712;1194594304;0;0;0;0;0;0;0;0;0;0;0;106299;0;0;95;0;200;0;
5582;2742013;1053396992;16371712;1194594304;0;0;0;0;0;0;0;0;0;0;0;1653;0;0;95;0;200;0;
5583;6534915;1053396992;16371712;1194594304;0;0;0;0;0;0;0;0;0;0;0;2164;0;0;95;0;200;0;
5584;3294689;1053396992;16371712;1194594304;0;0;0;0;0;0;0;0;0;0;0;1744;0;0;95;0;200;0;
5585;1888262;1053396992;16371712;1194594304;0;0;0;0;0;0;0;0;0;0;0;2094;0;0;95;0;200;0;
5586;2884730;1053396992;16371712;1194594304;0;0;0;0;0;0;0;0;0;0;0;1814;0;0;95;0;200;0;
5587;4558178;1053396992;16371712;1194594304;0;0;0;0;0;0;0;0;0;0;0;2454;0;0;95;0;200;0;
5588;3905284;1053396992;16371712;1194594304;0;0;0;0;0;0;0;0;0;0;0;2715;0;0;95;0;200;0;
5589;4353384;1053396992;16371712;1194594304;0;0;0;0;0;0;0;0;0;0;0;2575;0;0;95;0;200;0;
5590;7825305;1053396992;16371712;1194594304;0;0;0;0;0;0;0;0;0;0;0;3006;0;0;95;0;200;0;
5591;4413667;1053396992;16371712;1194594304;0;0;0;0;0;0;0;0;0;0;0;1894;0;0;95;0;200;0;
5592;2850085;1053396992;16371712;1194594304;0;0;0;0;0;0;0;0;0;0;0;1583;0;0;95;0;200;0;
5593;2689043;1053396992;16371712;1194594304;0;0;0;0;0;0;0;0;0;0;0;1873;0;0;95;0;200;0;
5594;2539473;1053396992;16371712;1194594304;0;0;0;0;0;0;0;0;0;0;0;1803;0;0;95;0;200;0;
5595;3210871;1053396992;16371712;1194594304;0;0;0;0;0;0;0;0;0;0;0;1653;0;0;95;0;200;0;
5596;2075983;1053396992;16371712;1194594304;0;0;0;0;0;0;0;0;0;0;0;1613;0;0;95;0;200;0;
5597;7099334;1053396992;16371712;1194594304;0;0;0;0;0;0;0;0;0;0;0;2354;0;0;95;0;200;0;
5598;3131392;1053396992;16371712;1194594304;0;0;0;0;0;0;0;0;0;0;0;1283;0;0;95;0;200;0;
5599;2555141;1053396992;16371712;1194594304;0;0;0;0;0;0;0;0;0;0;0;62287;0;0;95;0;200;0;
5600;3272828;1053396992;16371712;1194594304;0;0;0;0;0;0;0;0;0;0;0;1633;0;0;95;0;200;0;
5601;4295516;1053396992;16371712;1194594304;0;0;0;0;0;0;0;0;0;0;0;1653;0;0;95;0;200;0;
5602;3401078;1053396992;16371712;1194594304;0;0;0;0;0;0;0;0;0;0;0;1873;0;0;95;0;200;0;
5603;2725341;1053396992;16371712;1194594304;0;0;0;0;0;0;0;0;0;0;0;1723;0;0;95;0;200;0;
5604;6171604;1053396992;16371712;1194594304;0;0;0;0;0;0;0;0;0;0;0;2585;0;0;95;0;200;0;
5605;4034727;1053396992;16371712;1194594304;0;0;0;0;0;0;0;0;0;0;0;2114;0;0;95;0;200;0;
5606;2233439;1053396992;16371712;1194594304;0;0;0;0;0;0;0;0;0;0;0;1623;0;0;95;0;200;0;
5607;3352016;1053396992;16371712;1194594304;0;0;0;0;0;0;0;0;0;0;0;1633;0;0;95;0;200;0;
5608;2878518;1053396992;16371712;1194594304;0;0;0;0;0;0;0;0;0;0;0;1713;0;0;95;0;200;0;
5609;5620882;1053396992;16371712;1194594304;0;0;0;0;0;0;0;0;0;0;0;3105;0;0;95;0;200;0;
5610;3473254;1053396992;16371712;1194594304;0;0;0;0;0;0;0;0;0;0;0;1493;0;0;95;0;200;0;
5611;6546698;1053396992;16371712;1194594304;0;0;0;0;0;0;0;0;0;0;0;2265;0;0;95;0;200;0;
5612;4150234;1053396992;16371712;1194594304;0;0;0;0;0;0;0;0;0;0;0;1714;0;0;95;0;200;0;
5613;4969109;1053396992;16371712;1194594304;0;0;0;0;0;0;0;0;0;0;0;2003;0;0;95;0;200;0;
5614;1584792;1053396992;16371712;1194594304;0;0;0;0;0;0;0;0;0;0;0;1653;0;0;95;0;200;0;
5615;5005989;1053396992;16371712;1194594304;0;0;0;0;0;0;0;0;0;0;0;2264;0;0;95;0;200;0;
5616;4053221;1053396992;16371712;1194594304;0;0;0;0;0;0;0;0;0;0;0;2154;0;0;95;0;200;0;
5617;7423512;1053396992;16371712;1194594304;0;0;0;0;0;0;0;0;0;0;0;2475;0;0;95;0;200;0;
5618;4586862;1053396992;16371712;1194594304;0;0;0;0;0;0;0;0;0;0;0;1894;0;0;95;0;200;0;
5619;4955353;1053396992;16371712;1194594304;0;0;0;0;0;0;0;0;0;0;0;2465;0;0;95;0;200;0;
5620;3947774;1053396992;16371712;1194594304;0;0;0;0;0;0;0;0;0;0;0;2094;0;0;95;0;200;0;
5621;3335506;1053396992;16371712;1194594304;0;0;0;0;0;0;0;0;0;0;0;1653;0;0;95;0;200;0;
5622;3480787;1053396992;16371712;1194594304;0;0;0;0;0;0;0;0;0;0;0;1873;0;0;95;0;200;0;
5623;4594606;1053396992;16371712;1194594304;0;0;0;0;0;0;0;0;0;0;0;35015;0;0;95;0;200;0;
5624;7117428;1053396992;16371712;1194594304;0;0;0;0;0;0;0;0;0;0;0;2816;0;0;95;0;200;0;
5625;9626193;1053396992;16371712;1194594304;0;0;0;0;0;0;0;0;0;0;0;1904;0;0;95;0;200;0;
5626;3789848;1053396992;16371712;1194594304;0;0;0;0;0;0;0;0;0;0;0;2124;0;0;95;0;200;0;
5627;5422590;1053396992;16371712;1194594304;0;0;0;0;0;0;0;0;0;0;0;2184;0;0;95;0;200;0;
5628;3208728;1053396992;16371712;1194594304;0;0;0;0;0;0;0;0;0;0;0;2364;0;0;95;0;200;0;
5629;2593113;1053396992;16371712;1194594304;0;0;0;0;0;0;0;0;0;0;0;2334;0;0;95;0;200;0;
5630;3281484;1053396992;16371712;1194594304;0;0;0;0;0;0;0;0;0;0;0;1793;0;0;95;0;200;0;
5631;6868681;1053396992;16371712;1194594304;0;0;0;0;0;0;0;0;0;0;0;2365;0;0;95;0;200;0;
5632;4383812;1053396992;16371712;1194594304;0;0;0;0;0;0;0;0;0;0;0;2044;0;0;95;0;200;0;
5633;1591935;1053396992;16371712;1194594304;0;0;0;0;0;0;0;0;0;0;0;1834;0;0;95;0;200;0;
5634;3339613;1053396992;16371712;1194594304;0;0;0;0;0;0;0;0;0;0;0;1463;0;0;95;0;200;0;
5635;2847300;1053396992;16371712;1194594304;0;0;0;0;0;0;0;0;0;0;0;1713;0;0;95;0;200;0;
5636;2118473;1053396992;16371712;1194594304;0;0;0;0;0;0;0;0;0;0;0;1583;0;0;95;0;200;0;
5637;2062107;1053396992;16371712;1194594304;0;0;0;0;0;0;0;0;0;0;0;1222;0;0;95;0;200;0;
5638;5915805;1053396992;16371712;1194594304;0;0;0;0;0;0;0;0;0;0;0;2164;0;0;95;0;200;0;
5639;4048152;1053396992;16371712;1194594304;0;0;0;0;0;0;0;0;0;0;0;1603;0;0;95;0;200;0;
5640;5012611;1053396992;16371712;1194594304;0;0;0;0;0;0;0;0;0;0;0;2936;0;0;95;0;200;0;
5641;4484540;1053396992;16371712;1194594304;0;0;0;0;0;0;0;0;0;0;0;2184;0;0;95;0;200;0;
5642;2291628;1053396992;16371712;1194594304;0;0;0;0;0;0;0;0;0;0;0;1623;0;0;95;0;200;0;
5643;3350564;1053396992;16371712;1194594304;0;0;0;0;0;0;0;0;0;0;0;1694;0;0;95;0;200;0;
5644;3308705;1053396992;16371712;1194594304;0;0;0;0;0;0;0;0;0;0;0;1623;0;0;95;0;200;0;
5645;6525828;1053396992;16371712;1194594304;0;0;0;0;0;0;0;0;0;0;0;2675;0;0;95;0;200;0;
5646;3238684;1053396992;16371712;1194594304;0;0;0;0;0;0;0;0;0;0;0;1773;0;0;95;0;200;0;
5647;2791586;1053396992;16371712;1194594304;0;0;0;0;0;0;0;0;0;0;0;1463;0;0;95;0;200;0;
5648;3541321;1053396992;16371712;1194594304;0;0;0;0;0;0;0;0;0;0;0;1894;0;0;95;0;200;0;
5649;5009144;1053396992;16371712;1194594304;0;0;0;0;0;0;0;0;0;0;0;1984;0;0;95;0;200;0;
5650;3321639;1053396992;16371712;1194594304;0;0;0;0;0;0;0;0;0;0;0;2184;0;0;95;0;200;0;
5651;2864362;1053396992;16371712;1194594304;0;0;0;0;0;0;0;0;0;0;0;1583;0;0;95;0;200;0;
5652;7529110;1053396992;16371712;1194594304;0;0;0;0;0;0;0;0;0;0;0;2434;0;0;95;0;200;0;
5653;3203348;1053396992;16371712;1194594304;0;0;0;0;0;0;0;0;0;0;0;1804;0;0;95;0;200;0;
5654;2335941;1053396992;16371712;1194594304;0;0;0;0;0;0;0;0;0;0;0;1532;0;0;95;0;200;0;
5655;3106556;1053396992;16371712;1194594304;0;0;0;0;0;0;0;0;0;0;0;1773;0;0;95;0;200;0;
5656;2160191;1053396992;16371712;1194594304;0;0;0;0;0;0;0;0;0;0;0;1433;0;0;95;0;200;0;
5657;4015471;1053396992;16371712;1194594304;0;0;0;0;0;0;0;0;0;0;0;2245;0;0;95;0;200;0;
5658;3843237;1053396992;16371712;1194594304;0;0;0;0;0;0;0;0;0;0;0;1503;0;0;95;0;200;0;
5659;6086004;1053396992;16371712;1194594304;0;0;0;0;0;0;0;0;0;0;0;1753;0;0;95;0;200;0;
5660;4013126;1053396992;16371712;1194594304;0;0;0;0;0;0;0;0;0;0;0;1553;0;0;95;0;200;0;
5661;3302384;1053396992;16371712;1194594304;0;0;0;0;0;0;0;0;0;0;0;1713;0;0;95;0;200;0;
5662;3482882;1053396992;16371712;1194594304;0;0;0;0;0;0;0;0;0;0;0;1844;0;0;95;0;200;0;
5663;2843863;1053396992;16371712;1194594304;0;0;0;0;0;0;0;0;0;0;0;1533;0;0;95;0;200;0;
5664;2444755;1053396992;16371712;1194594304;0;0;0;0;0;0;0;0;0;0;0;1543;0;0;95;0;200;0;
5665;2865845;1053396992;16371712;1194594304;0;0;0;0;0;0;0;0;0;0;0;1593;0;0;95;0;200;0;
5666;7759943;1053396992;16371712;1194594304;0;0;0;0;0;0;0;0;0;0;0;2455;0;0;95;0;200;0;
5667;3565867;1053396992;16371712;1194594304;0;0;0;0;0;0;0;0;0;0;0;1714;0;0;95;0;200;0;
5668;2826491;1053396992;16371712;1194594304;0;0;0;0;0;0;0;0;0;0;0;1543;0;0;95;0;200;0;
5669;3082772;1053396992;16371712;1194594304;0;0;0;0;0;0;0;0;0;0;0;2024;0;0;95;0;200;0;
5670;3075608;1053396992;16371712;1194594304;0;0;0;0;0;0;0;0;0;0;0;1553;0;0;95;0;200;0;
5671;2283322;1053396992;16371712;1194594304;0;0;0;0;0;0;0;0;0;0;0;1613;0;0;95;0;200;0;
5672;2012734;1053396992;16371712;1194594304;0;0;0;0;0;0;0;0;0;0;0;1673;0;0;95;0;200;0;
5673;7049510;1053396992;16371712;1194594304;0;0;0;0;0;0;0;0;0;0;0;1774;0;0;95;0;200;0;
5674;3260404;1053396992;16371712;1194594304;0;0;0;0;0;0;0;0;0;0;0;1673;0;0;95;0;200;0;
5675;3952372;1053396992;16371712;1194594304;0;0;0;0;0;0;0;0;0;0;0;2144;0;0;95;0;200;0;
5676;3657288;1053396992;16371712;1194594304;0;0;0;0;0;0;0;0;0;0;0;1583;0;0;95;0;200;0;
5677;2583856;1053396992;16371712;1194594304;0;0;0;0;0;0;0;0;0;0;0;1573;0;0;95;0;200;0;
5678;3306330;1053396992;16371712;1194594304;0;0;0;0;0;0;0;0;0;0;0;1813;0;0;95;0;200;0;
5679;2599094;1053396992;16371712;1194594304;0;0;0;0;0;0;0;0;0;0;0;1583;0;0;95;0;200;0;
5680;6929255;1053396992;16371712;1194594304;0;0;0;0;0;0;0;0;0;0;0;2244;0;0;95;0;200;0;
5681;4567797;1053396992;16371712;1194594304;0;0;0;0;0;0;0;0;0;0;0;1483;0;0;95;0;200;0;
5682;3053657;1053396992;16371712;1194594304;0;0;0;0;0;0;0;0;0;0;0;1774;0;0;95;0;200;0;
5683;3262689;1053396992;16371712;1194594304;0;0;0;0;0;0;0;0;0;0;0;1503;0;0;95;0;200;0;
5684;3180164;1053396992;16371712;1194594304;0;0;0;0;0;0;0;0;0;0;0;1543;0;0;95;0;200;0;
5685;2129824;1053396992;16371712;1194594304;0;0;0;0;0;0;0;0;0;0;0;1512;0;0;95;0;200;0;
5686;2959671;1053396992;16371712;1194594304;0;0;0;0;0;0;0;0;0;0;0;1303;0;0;95;0;200;0;
5687;6091033;1053396992;16371712;1194594304;0;0;0;0;0;0;0;0;0;0;0;2264;0;0;95;0;200;0;
5688;3765141;1053396992;16371712;1194594304;0;0;0;0;0;0;0;0;0;0;0;1623;0;0;95;0;200;0;
5689;2338916;1053396992;16371712;1194594304;0;0;0;0;0;0;0;0;0;0;0;1473;0;0;95;0;200;0;
5690;3574965;1053396992;16371712;1194594304;0;0;0;0;0;0;0;0;0;0;0;1663;0;0;95;0;200;0;
5691;2410330;1053396992;16371712;1194594304;0;0;0;0;0;0;0;0;0;0;0;1914;0;0;95;0;200;0;
5692;2357451;1053396992;16371712;1194594304;0;0;0;0;0;0;0;0;0;0;0;1683;0;0;95;0;200;0;
5693;2932109;1053396992;16371712;1194594304;0;0;0;0;0;0;0;0;0;0;0;1583;0;0;95;0;200;0;
5694;6579068;1053396992;16371712;1194594304;0;0;0;0;0;0;0;0;0;0;0;2274;0;0;95;0;200;0;
5695;3874776;1053396992;16371712;1194594304;0;0;0;0;0;0;0;0;0;0;0;1573;0;0;95;0;200;0;
5696;2523894;1053396992;16371712;1194594304;0;0;0;0;0;0;0;0;0;0;0;1503;0;0;95;0;200;0;
5697;3043758;1053396992;16371712;1194594304;0;0;0;0;0;0;0;0;0;0;0;1413;0;0;95;0;200;0;
5698;2523844;1053396992;16371712;1194594304;0;0;0;0;0;0;0;0;0;0;0;1412;0;0;95;0;200;0;
5699;2320702;1053396992;16371712;1194594304;0;0;0;0;0;0;0;0;0;0;0;1633;0;0;95;0;200;0;
5700;2802967;1053396992;16371712;1194594304;0;0;0;0;0;0;0;0;0;0;0;1734;0;0;95;0;200;0;
5701;7505466;1053396992;16371712;1194594304;0;0;0;0;0;0;0;0;0;0;0;1913;0;0;95;0;200;0;
5702;5542364;1053396992;16371712;1194594304;0;0;0;0;0;0;0;0;0;0;0;1663;0;0;95;0;200;0;
5703;2522170;1053396992;16371712;1194594304;0;0;0;0;0;0;0;0;0;0;0;1543;0;0;95;0;200;0;
5704;2459522;1053396992;16371712;1194594304;0;0;0;0;0;0;0;0;0;0;0;1884;0;0;95;0;200;0;
5705;2727405;1053396992;16371712;1194594304;0;0;0;0;0;0;0;0;0;0;0;1542;0;0;95;0;200;0;
5706;3116264;1053396992;16371712;1194594304;0;0;0;0;0;0;0;0;0;0;0;1753;0;0;95;0;200;0;
5707;3570577;1053396992;16371712;1194594304;0;0;0;0;0;0;0;0;0;0;0;1913;0;0;95;0;200;0;
5708;7210202;1053396992;16371712;1194594304;0;0;0;0;0;0;0;0;0;0;0;1863;0;0;95;0;200;0;
5709;4846649;1053396992;16371712;1194594304;0;0;0;0;0;0;0;0;0;0;0;1883;0;0;95;0;200;0;
5710;2698401;1053396992;16371712;1194594304;0;0;0;0;0;0;0;0;0;0;0;1703;0;0;95;0;200;0;
5711;2226746;1053396992;16371712;1194594304;0;0;0;0;0;0;0;0;0;0;0;1522;0;0;95;0;200;0;
5712;2734738;1053396992;16371712;1194594304;0;0;0;0;0;0;0;0;0;0;0;1653;0;0;95;0;200;0;
5713;4615196;1053396992;16371712;1194594304;0;0;0;0;0;0;0;0;0;0;0;1463;0;0;95;0;200;0;
5714;3218706;1053396992;16371712;1194594304;0;0;0;0;0;0;0;0;0;0;0;6151;0;0;95;0;200;0;
5715;6122862;1053396992;16371712;1194594304;0;0;0;0;0;0;0;0;0;0;0;2064;0;0;95;0;200;0;
5716;3264772;1053396992;16371712;1194594304;0;0;0;0;0;0;0;0;0;0;0;1452;0;0;95;0;200;0;
5717;3389697;1053396992;16371712;1194594304;0;0;0;0;0;0;0;0;0;0;0;1413;0;0;95;0;200;0;
5718;3878905;1053396992;16371712;1194594304;0;0;0;0;0;0;0;0;0;0;0;1513;0;0;95;0;200;0;
5719;3054889;1053396992;16371712;1194594304;0;0;0;0;0;0;0;0;0;0;0;1863;0;0;95;0;200;0;
5720;2999005;1053396992;16371712;1194594304;0;0;0;0;0;0;0;0;0;0;0;1874;0;0;95;0;200;0;
5721;3027758;1053396992;16371712;1194594304;0;0;0;0;0;0;0;0;0;0;0;1433;0;0;95;0;200;0;
5722;6066557;1053396992;16371712;1194594304;0;0;0;0;0;0;0;0;0;0;0;3006;0;0;95;0;200;0;
5723;4239791;1053396992;16371712;1194594304;0;0;0;0;0;0;0;0;0;0;0;1803;0;0;95;0;200;0;
5724;3230769;1053396992;16371712;1194594304;0;0;0;0;0;0;0;0;0;0;0;1473;0;0;95;0;200;0;
5725;2514295;1053396992;16371712;1194594304;0;0;0;0;0;0;0;0;0;0;0;1422;0;0;95;0;200;0;
5726;1931883;1053396992;16371712;1194594304;0;0;0;0;0;0;0;0;0;0;0;1393;0;0;95;0;200;0;
5727;3346055;1053396992;16371712;1194594304;0;0;0;0;0;0;0;0;0;0;0;1713;0;0;95;0;200;0;
5728;4073159;1053396992;16371712;1194594304;0;0;0;0;0;0;0;0;0;0;0;1843;0;0;95;0;200;0;
5729;6158780;1053396992;16371712;1194594304;0;0;0;0;0;0;0;0;0;0;0;1904;0;0;95;0;200;0;
5730;3553945;1053667328;16371712;1194594304;0;0;0;0;0;0;0;0;0;0;0;1523;0;0;95;0;200;0;
5731;2777629;1053667328;16371712;1194594304;0;0;0;0;0;0;0;0;0;0;0;1533;0;0;95;0;200;0;
5732;3105654;1053667328;16371712;1194594304;0;0;0;0;0;0;0;0;0;0;0;1613;0;0;95;0;200;0;
5733;1965045;1053667328;16371712;1194594304;0;0;0;0;0;0;0;0;0;0;0;1703;0;0;95;0;200;0;
5734;3680832;1053667328;16371712;1194594304;0;0;0;0;0;0;0;0;0;0;0;1473;0;0;95;0;200;0;
5735;2971142;1053667328;16371712;1194594304;0;0;0;0;0;0;0;0;0;0;0;1593;0;0;95;0;200;0;
5736;5935481;1053667328;16371712;1194594304;0;0;0;0;0;0;0;0;0;0;0;1613;0;0;95;0;200;0;
5737;3270193;1053667328;16371712;1194594304;0;0;0;0;0;0;0;0;0;0;0;1413;0;0;95;0;200;0;
5738;2575330;1053667328;16371712;1194594304;0;0;0;0;0;0;0;0;0;0;0;1473;0;0;95;0;200;0;
5739;2470954;1053667328;16371712;1194594304;0;0;0;0;0;0;0;0;0;0;0;1463;0;0;95;0;200;0;
5740;3477552;1053667328;16371712;1194594304;0;0;0;0;0;0;0;0;0;0;0;1723;0;0;95;0;200;0;
5741;3837276;1053667328;16371712;1194594304;0;0;0;0;0;0;0;0;0;0;0;1613;0;0;95;0;200;0;
5742;3010776;1053667328;16371712;1194594304;0;0;0;0;0;0;0;0;0;0;0;1673;0;0;95;0;200;0;
5743;5963023;1053667328;16371712;1194594304;0;0;0;0;0;0;0;0;0;0;0;2585;0;0;95;0;200;0;
5744;5319246;1053667328;16371712;1194594304;0;0;0;0;0;0;0;0;0;0;0;2375;0;0;95;0;200;0;
5745;3495606;1053667328;16371712;1194594304;0;0;0;0;0;0;0;0;0;0;0;1653;0;0;95;0;200;0;
5746;3118037;1053667328;16371712;1194594304;0;0;0;0;0;0;0;0;0;0;0;1532;0;0;95;0;200;0;
5747;2756730;1053667328;16371712;1194594304;0;0;0;0;0;0;0;0;0;0;0;1844;0;0;95;0;200;0;
5748;4599826;1053667328;16371712;1194594304;0;0;0;0;0;0;0;0;0;0;0;1663;0;0;95;0;200;0;
5749;2420630;1053667328;16371712;1194594304;0;0;0;0;0;0;0;0;0;0;0;1483;0;0;95;0;200;0;
5750;6010112;1053667328;16371712;1194594304;0;0;0;0;0;0;0;0;0;0;0;2094;0;0;95;0;200;0;
5751;5437277;1053667328;16371712;1194594304;0;0;0;0;0;0;0;0;0;0;0;2104;0;0;95;0;200;0;
5752;2182353;1053667328;16371712;1194594304;0;0;0;0;0;0;0;0;0;0;0;1573;0;0;95;0;200;0;
5753;2724049;1053667328;16371712;1194594304;0;0;0;0;0;0;0;0;0;0;0;1633;0;0;95;0;200;0;
5754;4491343;1053667328;16371712;1194594304;0;0;0;0;0;0;0;0;0;0;0;1793;0;0;95;0;200;0;
5755;4819659;1053667328;16371712;1194594304;0;0;0;0;0;0;0;0;0;0;0;1553;0;0;95;0;200;0;
5756;2483588;1053667328;16371712;1194594304;0;0;0;0;0;0;0;0;0;0;0;1473;0;0;95;0;200;0;
5757;7380441;1053667328;16371712;1194594304;0;0;0;0;0;0;0;0;0;0;0;1924;0;0;95;0;200;0;
5758;3904542;1053667328;16371712;1194594304;0;0;0;0;0;0;0;0;0;0;0;1423;0;0;95;0;200;0;
5759;1930480;1053667328;16371712;1194594304;0;0;0;0;0;0;0;0;0;0;0;1453;0;0;95;0;200;0;
5760;3369970;1053667328;16371712;1194594304;0;0;0;0;0;0;0;0;0;0;0;1613;0;0;95;0;200;0;
5761;3497499;1053667328;16371712;1194594304;0;0;0;0;0;0;0;0;0;0;0;1553;0;0;95;0;200;0;
5762;3772655;1053667328;16371712;1194594304;0;0;0;0;0;0;0;0;0;0;0;1764;0;0;95;0;200;0;
5763;1676264;1053667328;16371712;1194594304;0;0;0;0;0;0;0;0;0;0;0;86342;0;0;95;0;200;0;
5764;5804596;1053667328;16371712;1194594304;0;0;0;0;0;0;0;0;0;0;0;1894;0;0;95;0;200;0;
5765;3451744;1053667328;16371712;1194594304;0;0;0;0;0;0;0;0;0;0;0;1553;0;0;95;0;200;0;
5766;2561334;1053667328;16371712;1194594304;0;0;0;0;0;0;0;0;0;0;0;1482;0;0;95;0;200;0;
5767;3373367;1053667328;16371712;1194594304;0;0;0;0;0;0;0;0;0;0;0;2104;0;0;95;0;200;0;
5768;2559740;1053667328;16371712;1194594304;0;0;0;0;0;0;0;0;0;0;0;1442;0;0;95;0;200;0;
5769;3807981;1053667328;16371712;1194594304;0;0;0;0;0;0;0;0;0;0;0;2114;0;0;95;0;200;0;
5770;3733702;1053667328;16371712;1194594304;0;0;0;0;0;0;0;0;0;0;0;1533;0;0;95;0;200;0;
5771;7431416;1053667328;16371712;1194594304;0;0;0;0;0;0;0;0;0;0;0;3046;0;0;95;0;200;0;
5772;4758834;1053667328;16371712;1194594304;0;0;0;0;0;0;0;0;0;0;0;2394;0;0;95;0;200;0;
5773;3685271;1053667328;16371712;1194594304;0;0;0;0;0;0;0;0;0;0;0;2415;0;0;95;0;200;0;
5774;4912102;1053667328;16371712;1194594304;0;0;0;0;0;0;0;0;0;0;0;2875;0;0;95;0;200;0;
5775;3405396;1053667328;16371712;1194594304;0;0;0;0;0;0;0;0;0;0;0;1954;0;0;95;0;200;0;
5776;3090125;1053667328;16371712;1194594304;0;0;0;0;0;0;0;0;0;0;0;2244;0;0;95;0;200;0;
5777;2806153;1053667328;16371712;1194594304;0;0;0;0;0;0;0;0;0;0;0;1633;0;0;95;0;200;0;
5778;7270114;1053667328;16371712;1194594304;0;0;0;0;0;0;0;0;0;0;0;3146;0;0;95;0;200;0;
5779;4980620;1053667328;16371712;1194594304;0;0;0;0;0;0;0;0;0;0;0;2114;0;0;95;0;200;0;
5780;3544908;1053667328;16371712;1194594304;0;0;0;0;0;0;0;0;0;0;0;1824;0;0;95;0;200;0;
5781;4989888;1053667328;16371712;1194594304;0;0;0;0;0;0;0;0;0;0;0;2375;0;0;95;0;200;0;
5782;4854965;1053667328;16371712;1194594304;0;0;0;0;0;0;0;0;0;0;0;2104;0;0;95;0;200;0;
5783;4653878;1053667328;16371712;1194594304;0;0;0;0;0;0;0;0;0;0;0;2355;0;0;95;0;200;0;
5784;3126894;1053667328;16371712;1194594304;0;0;0;0;0;0;0;0;0;0;0;1834;0;0;95;0;200;0;
5785;6927812;1053667328;16371712;1194594304;0;0;0;0;0;0;0;0;0;0;0;3777;0;0;95;0;200;0;
5786;5389477;1053667328;16371712;1194594304;0;0;0;0;0;0;0;0;0;0;0;2605;0;0;95;0;200;0;
5787;2275327;1053667328;16371712;1194594304;0;0;0;0;0;0;0;0;0;0;0;1794;0;0;95;0;200;0;
5788;3004094;1053667328;16371712;1194594304;0;0;0;0;0;0;0;0;0;0;0;1643;0;0;95;0;200;0;
5789;1969384;1053667328;16371712;1194594304;0;0;0;0;0;0;0;0;0;0;0;1723;0;0;95;0;200;0;
5790;2624492;1053667328;16371712;1194594304;0;0;0;0;0;0;0;0;0;0;0;1793;0;0;95;0;200;0;
5791;4813567;1053667328;16371712;1194594304;0;0;0;0;0;0;0;0;0;0;0;1763;0;0;95;0;200;0;
5792;22137706;1053667328;16371712;1194594304;0;0;0;0;0;0;0;0;0;0;0;2955;0;0;95;0;200;0;
5793;3757567;1053667328;16371712;1194594304;0;0;0;0;0;0;0;0;0;0;0;2575;0;0;95;0;200;0;
5794;2850155;1053667328;16371712;1194594304;0;0;0;0;0;0;0;0;0;0;0;1973;0;0;95;0;200;0;
5795;4256854;1053667328;16371712;1194594304;0;0;0;0;0;0;0;0;0;0;0;2324;0;0;95;0;200;0;
5796;4100500;1053667328;16371712;1194594304;0;0;0;0;0;0;0;0;0;0;0;1924;0;0;95;0;200;0;
5797;3718814;1053667328;16371712;1194594304;0;0;0;0;0;0;0;0;0;0;0;2715;0;0;95;0;200;0;
5798;3443247;1053667328;16371712;1194594304;0;0;0;0;0;0;0;0;0;0;0;1923;0;0;95;0;200;0;
5799;7296835;1053667328;16371712;1194594304;0;0;0;0;0;0;0;0;0;0;0;2565;0;0;95;0;200;0;
5800;3840292;1053667328;16371712;1194594304;0;0;0;0;0;0;0;0;0;0;0;1794;0;0;95;0;200;0;
5801;3447275;1053667328;16371712;1194594304;0;0;0;0;0;0;0;0;0;0;0;2655;0;0;95;0;200;0;
5802;3586095;1053667328;16371712;1194594304;0;0;0;0;0;0;0;0;0;0;0;2284;0;0;95;0;200;0;
5803;2992382;1053667328;16371712;1194594304;0;0;0;0;0;0;0;0;0;0;0;1953;0;0;95;0;200;0;
5804;3100916;1053667328;16371712;1194594304;0;0;0;0;0;0;0;0;0;0;0;2134;0;0;95;0;200;0;
5805;2672793;1053667328;16371712;1194594304;0;0;0;0;0;0;0;0;0;0;0;1693;0;0;95;0;200;0;
5806;6183587;1053667328;16371712;1194594304;0;0;0;0;0;0;0;0;0;0;0;2515;0;0;95;0;200;0;
5807;3496077;1053667328;16371712;1194594304;0;0;0;0;0;0;0;0;0;0;0;1924;0;0;95;0;200;0;
5808;3668410;1053667328;16371712;1194594304;0;0;0;0;0;0;0;0;0;0;0;2064;0;0;95;0;200;0;
5809;3585204;1053667328;16371712;1194594304;0;0;0;0;0;0;0;0;0;0;0;2635;0;0;95;0;200;0;
5810;3203167;1053667328;16371712;1194594304;0;0;0;0;0;0;0;0;0;0;0;2044;0;0;95;0;200;0;
5811;3334042;1053667328;16371712;1194594304;0;0;0;0;0;0;0;0;0;0;0;2044;0;0;95;0;200;0;
5812;2774564;1053667328;16371712;1194594304;0;0;0;0;0;0;0;0;0;0;0;1964;0;0;95;0;200;0;
5813;6540496;1053667328;16371712;1194594304;0;0;0;0;0;0;0;0;0;0;0;1984;0;0;95;0;200;0;
5814;4477406;1053667328;16371712;1194594304;0;0;0;0;0;0;0;0;0;0;0;2244;0;0;95;0;200;0;
5815;2597822;1053667328;16371712;1194594304;0;0;0;0;0;0;0;0;0;0;0;2194;0;0;95;0;200;0;
5816;3980385;1053667328;16371712;1194594304;0;0;0;0;0;0;0;0;0;0;0;2023;0;0;95;0;200;0;
5817;2650541;1053667328;16371712;1194594304;0;0;0;0;0;0;0;0;0;0;0;1974;0;0;95;0;200;0;
5818;3450701;1053667328;16371712;1194594304;0;0;0;0;0;0;0;0;0;0;0;2004;0;0;95;0;200;0;
5819;2684565;1053667328;16371712;1194594304;0;0;0;0;0;0;0;0;0;0;0;2074;0;0;95;0;200;0;
5820;7077232;1053667328;16371712;1194594304;0;0;0;0;0;0;0;0;0;0;0;3667;0;0;95;0;200;0;
5821;5013642;1053667328;16371712;1194594304;0;0;0;0;0;0;0;0;0;0;0;2274;0;0;95;0;200;0;
5822;3224427;1053667328;16371712;1194594304;0;0;0;0;0;0;0;0;0;0;0;2304;0;0;95;0;200;0;
5823;2542559;1053667328;16371712;1194594304;0;0;0;0;0;0;0;0;0;0;0;1803;0;0;95;0;200;0;
5824;2358232;1053667328;16371712;1194594304;0;0;0;0;0;0;0;0;0;0;0;1673;0;0;95;0;200;0;
5825;3795007;1053667328;16371712;1194594304;0;0;0;0;0;0;0;0;0;0;0;2885;0;0;95;0;200;0;
5826;2469581;1053667328;16371712;1194594304;0;0;0;0;0;0;0;0;0;0;0;1553;0;0;95;0;200;0;
5827;5889746;1053667328;16371712;1194594304;0;0;0;0;0;0;0;0;0;0;0;3326;0;0;95;0;200;0;
5828;3905484;1053667328;16371712;1194594304;0;0;0;0;0;0;0;0;0;0;0;2294;0;0;95;0;200;0;
5829;2922711;1053667328;16371712;1194594304;0;0;0;0;0;0;0;0;0;0;0;1964;0;0;95;0;200;0;
5830;4106091;1053667328;16371712;1194594304;0;0;0;0;0;0;0;0;0;0;0;2615;0;0;95;0;200;0;
5831;2288031;1053667328;16371712;1194594304;0;0;0;0;0;0;0;0;0;0;0;2625;0;0;95;0;200;0;
5832;2681129;1053667328;16371712;1194594304;0;0;0;0;0;0;0;0;0;0;0;1974;0;0;95;0;200;0;
5833;1519269;1053667328;16371712;1194594304;0;0;0;0;0;0;0;0;0;0;0;1473;0;0;95;0;200;0;
5834;8643641;1053667328;16371712;1194594304;0;0;0;0;0;0;0;0;0;0;0;3837;0;0;95;0;200;0;
5835;4277653;1053667328;16371712;1194594304;0;0;0;0;0;0;0;0;0;0;0;3066;0;0;95;0;200;0;
5836;3075638;1053667328;16371712;1194594304;0;0;0;0;0;0;0;0;0;0;0;2134;0;0;95;0;200;0;
5837;2800372;1053667328;16371712;1194594304;0;0;0;0;0;0;0;0;0;0;0;2465;0;0;95;0;200;0;
5838;2793318;1053667328;16371712;1194594304;0;0;0;0;0;0;0;0;0;0;0;2535;0;0;95;0;200;0;
5839;3251137;1053667328;16371712;1194594304;0;0;0;0;0;0;0;0;0;0;0;1873;0;0;95;0;200;0;
5840;2784852;1053667328;16371712;1194594304;0;0;0;0;0;0;0;0;0;0;0;231755;0;0;95;0;200;0;
5841;6431642;1053667328;16371712;1194594304;0;0;0;0;0;0;0;0;0;0;0;2575;0;0;95;0;200;0;
5842;5087781;1053667328;16371712;1194594304;0;0;0;0;0;0;0;0;0;0;0;2766;0;0;95;0;200;0;
5843;3464728;1053667328;16371712;1194594304;0;0;0;0;0;0;0;0;0;0;0;2855;0;0;95;0;200;0;
5844;3211483;1053667328;16371712;1194594304;0;0;0;0;0;0;0;0;0;0;0;2335;0;0;95;0;200;0;
5845;2426992;1053667328;16371712;1194594304;0;0;0;0;0;0;0;0;0;0;0;1743;0;0;95;0;200;0;
5846;3808452;1053667328;16371712;1194594304;0;0;0;0;0;0;0;0;0;0;0;25478;0;0;95;0;200;0;
5847;2344677;1053667328;16371712;1194594304;0;0;0;0;0;0;0;0;0;0;0;2094;0;0;95;0;200;0;
5848;6439587;1053667328;16371712;1194594304;0;0;0;0;0;0;0;0;0;0;0;3486;0;0;95;0;200;0;
5849;5688067;1053667328;16371712;1194594304;0;0;0;0;0;0;0;0;0;0;0;3928;0;0;95;0;200;0;
5850;4161023;1053667328;16371712;1194594304;0;0;0;0;0;0;0;0;0;0;0;3667;0;0;95;0;200;0;
5851;2930115;1053667328;16371712;1194594304;0;0;0;0;0;0;0;0;0;0;0;2324;0;0;95;0;200;0;
5852;2502503;1053667328;16371712;1194594304;0;0;0;0;0;0;0;0;0;0;0;2545;0;0;95;0;200;0;
5853;2785063;1053667328;16371712;1194594304;0;0;0;0;0;0;0;0;0;0;0;2505;0;0;95;0;200;0;
5854;2131608;1053667328;16371712;1194594304;0;0;0;0;0;0;0;0;0;0;0;1653;0;0;95;0;200;0;
5855;7885448;1053667328;16371712;1194594304;0;0;0;0;0;0;0;0;0;0;0;3126;0;0;95;0;200;0;
5856;3828039;1053667328;16371712;1194594304;0;0;0;0;0;0;0;0;0;0;0;2575;0;0;95;0;200;0;
5857;3545318;1053667328;16371712;1194594304;0;0;0;0;0;0;0;0;0;0;0;2465;0;0;95;0;200;0;
5858;3839390;1053667328;16371712;1194594304;0;0;0;0;0;0;0;0;0;0;0;2624;0;0;95;0;200;0;
5859;1998868;1053667328;16371712;1194594304;0;0;0;0;0;0;0;0;0;0;0;2004;0;0;95;0;200;0;
5860;2702799;1053667328;16371712;1194594304;0;0;0;0;0;0;0;0;0;0;0;1703;0;0;95;0;200;0;
5861;2329669;1053667328;16371712;1194594304;0;0;0;0;0;0;0;0;0;0;0;1633;0;0;95;0;200;0;
5862;6380866;1053667328;16371712;1194594304;0;0;0;0;0;0;0;0;0;0;0;28153;0;0;95;0;200;0;
5863;4011954;1053667328;16371712;1194594304;0;0;0;0;0;0;0;0;0;0;0;2534;0;0;95;0;200;0;
5864;3068434;1053667328;16371712;1194594304;0;0;0;0;0;0;0;0;0;0;0;3106;0;0;95;0;200;0;
5865;3110002;1053667328;16371712;1194594304;0;0;0;0;0;0;0;0;0;0;0;25868;0;0;95;0;200;0;
5866;4310594;1053667328;16371712;1194594304;0;0;0;0;0;0;0;0;0;0;0;2544;0;0;95;0;200;0;
5867;4993575;1053667328;16371712;1194594304;0;0;0;0;0;0;0;0;0;0;0;4278;0;0;95;0;200;0;
5868;4531689;1053667328;16371712;1194594304;0;0;0;0;0;0;0;0;0;0;0;2965;0;0;95;0;200;0;
5869;8475976;1053667328;16371712;1194594304;0;0;0;0;0;0;0;0;0;0;0;31549;0;0;95;0;200;0;
5870;4527231;1053667328;16371712;1194594304;0;0;0;0;0;0;0;0;0;0;0;2525;0;0;95;0;200;0;
5871;4054955;1053667328;16371712;1194594304;0;0;0;0;0;0;0;0;0;0;0;2845;0;0;95;0;200;0;
5872;3256577;1053667328;16371712;1194594304;0;0;0;0;0;0;0;0;0;0;0;3186;0;0;95;0;200;0;
5873;2487405;1053667328;16371712;1194594304;0;0;0;0;0;0;0;0;0;0;0;2184;0;0;95;0;200;0;
5874;3208557;1053667328;16371712;1194594304;0;0;0;0;0;0;0;0;0;0;0;2194;0;0;95;0;200;0;
5875;3660765;1053667328;16371712;1194594304;0;0;0;0;0;0;0;0;0;0;0;2385;0;0;95;0;200;0;
5876;6566445;1053667328;16371712;1194594304;0;0;0;0;0;0;0;0;0;0;0;3376;0;0;95;0;200;0;
5877;4228109;1053667328;16371712;1194594304;0;0;0;0;0;0;0;0;0;0;0;2545;0;0;95;0;200;0;
5878;1981266;1053667328;16371712;1194594304;0;0;0;0;0;0;0;0;0;0;0;2124;0;0;95;0;200;0;
5879;2312627;1053667328;16371712;1194594304;0;0;0;0;0;0;0;0;0;0;0;1693;0;0;95;0;200;0;
5880;3512277;1053667328;16371712;1194594304;0;0;0;0;0;0;0;0;0;0;0;2865;0;0;95;0;200;0;
5881;3410306;1053667328;16371712;1194594304;0;0;0;0;0;0;0;0;0;0;0;3206;0;0;95;0;200;0;
5882;2022473;1053667328;16371712;1194594304;0;0;0;0;0;0;0;0;0;0;0;1623;0;0;95;0;200;0;
5883;9983783;1053667328;16371712;1194594304;0;0;0;0;0;0;0;0;0;0;0;3085;0;0;95;0;200;0;
5884;6360378;1053667328;16371712;1194594304;0;0;0;0;0;0;0;0;0;0;0;2826;0;0;95;0;200;0;
5885;2551806;1053667328;16371712;1194594304;0;0;0;0;0;0;0;0;0;0;0;2404;0;0;95;0;200;0;
5886;3988129;1053667328;16371712;1194594304;0;0;0;0;0;0;0;0;0;0;0;2455;0;0;95;0;200;0;
5887;3362315;1053667328;16371712;1194594304;0;0;0;0;0;0;0;0;0;0;0;2665;0;0;95;0;200;0;
5888;3955558;1053667328;16371712;1194594304;0;0;0;0;0;0;0;0;0;0;0;2925;0;0;95;0;200;0;
5889;3097900;1053667328;16371712;1194594304;0;0;0;0;0;0;0;0;0;0;0;2885;0;0;95;0;200;0;
5890;7247602;1053667328;16371712;1194594304;0;0;0;0;0;0;0;0;0;0;0;3456;0;0;95;0;200;0;
5891;5156541;1053667328;16371712;1194594304;0;0;0;0;0;0;0;0;0;0;0;3386;0;0;95;0;200;0;
5892;3126954;1053667328;16371712;1194594304;0;0;0;0;0;0;0;0;0;0;0;2334;0;0;95;0;200;0;
5893;3435724;1053667328;16371712;1194594304;0;0;0;0;0;0;0;0;0;0;0;2315;0;0;95;0;200;0;
5894;3076620;1053667328;16371712;1194594304;0;0;0;0;0;0;0;0;0;0;0;2334;0;0;95;0;200;0;
5895;3127546;1053667328;16371712;1194594304;0;0;0;0;0;0;0;0;0;0;0;2505;0;0;95;0;200;0;
5896;2087946;1053667328;16371712;1194594304;0;0;0;0;0;0;0;0;0;0;0;2695;0;0;95;0;200;0;
5897;7458528;1053667328;16371712;1194594304;0;0;0;0;0;0;0;0;0;0;0;2655;0;0;95;0;200;0;
5898;4932761;1053667328;16371712;1194594304;0;0;0;0;0;0;0;0;0;0;0;2865;0;0;95;0;200;0;
5899;2457388;1053667328;16371712;1194594304;0;0;0;0;0;0;0;0;0;0;0;2304;0;0;95;0;200;0;
5900;3041825;1053667328;16371712;1194594304;0;0;0;0;0;0;0;0;0;0;0;2985;0;0;95;0;200;0;
5901;3605282;1053667328;16371712;1194594304;0;0;0;0;0;0;0;0;0;0;0;2825;0;0;95;0;200;0;
5902;3209659;1053667328;16371712;1194594304;0;0;0;0;0;0;0;0;0;0;0;2845;0;0;95;0;200;0;
5903;2678042;1053667328;16371712;1194594304;0;0;0;0;0;0;0;0;0;0;0;2164;0;0;95;0;200;0;
5904;6479051;1053667328;16371712;1194594304;0;0;0;0;0;0;0;0;0;0;0;3306;0;0;95;0;200;0;
5905;5140240;1053667328;16371712;1194594304;0;0;0;0;0;0;0;0;0;0;0;3006;0;0;95;0;200;0;
5906;1469015;1053667328;16371712;1194594304;0;0;0;0;0;0;0;0;0;0;0;2624;0;0;95;0;200;0;
5907;2229031;1053667328;16371712;1194594304;0;0;0;0;0;0;0;0;0;0;0;1974;0;0;95;0;200;0;
5908;2882526;1053667328;16371712;1194594304;0;0;0;0;0;0;0;0;0;0;0;2444;0;0;95;0;200;0;
5909;2163527;1053667328;16371712;1194594304;0;0;0;0;0;0;0;0;0;0;0;2275;0;0;95;0;200;0;
5910;3074025;1053667328;16371712;1194594304;0;0;0;0;0;0;0;0;0;0;0;2915;0;0;95;0;200;0;
5911;5919341;1053667328;16371712;1194594304;0;0;0;0;0;0;0;0;0;0;0;3126;0;0;95;0;200;0;
5912;5721089;1053667328;16371712;1194594304;0;0;0;0;0;0;0;0;0;0;0;3176;0;0;95;0;200;0;
5913;4071766;1053667328;16371712;1194594304;0;0;0;0;0;0;0;0;0;0;0;2826;0;0;95;0;200;0;
5914;3616934;1053667328;16371712;1194594304;0;0;0;0;0;0;0;0;0;0;0;2685;0;0;95;0;200;0;
5915;4196269;1053667328;16371712;1194594304;0;0;0;0;0;0;0;0;0;0;0;2745;0;0;95;0;200;0;
5916;3722591;1053667328;16371712;1194594304;0;0;0;0;0;0;0;0;0;0;0;2565;0;0;95;0;200;0;
5917;3032347;1053667328;16371712;1194594304;0;0;0;0;0;0;0;0;0;0;0;2625;0;0;95;0;200;0;
5918;6399952;1053667328;16371712;1194594304;0;0;0;0;0;0;0;0;0;0;0;3677;0;0;95;0;200;0;
5919;5332460;1053667328;16371712;1194594304;0;0;0;0;0;0;0;0;0;0;0;3356;0;0;95;0;200;0;
5920;2254388;1053667328;16371712;1194594304;0;0;0;0;0;0;0;0;0;0;0;2565;0;0;95;0;200;0;
5921;6779454;1053667328;16371712;1194594304;0;0;0;0;0;0;0;0;0;0;0;4429;0;0;95;0;200;0;
5922;2569399;1053667328;16371712;1194594304;0;0;0;0;0;0;0;0;0;0;0;2415;0;0;95;0;200;0;
5923;2383319;1053667328;16371712;1194594304;0;0;0;0;0;0;0;0;0;0;0;1904;0;0;95;0;200;0;
5924;2552176;1053667328;16371712;1194594304;0;0;0;0;0;0;0;0;0;0;0;3086;0;0;95;0;200;0;
5925;7967752;1053667328;16371712;1194594304;0;0;0;0;0;0;0;0;0;0;0;4228;0;0;95;0;200;0;
5926;3912167;1053667328;16371712;1194594304;0;0;0;0;0;0;0;0;0;0;0;3557;0;0;95;0;200;0;
5927;2550143;1053667328;16371712;1194594304;0;0;0;0;0;0;0;0;0;0;0;2314;0;0;95;0;200;0;
5928;4354587;1053667328;16371712;1194594304;0;0;0;0;0;0;0;0;0;0;0;3256;0;0;95;0;200;0;
5929;3809314;1053667328;16371712;1194594304;0;0;0;0;0;0;0;0;0;0;0;2234;0;0;95;0;200;0;
5930;3321820;1053667328;16371712;1194594304;0;0;0;0;0;0;0;0;0;0;0;2254;0;0;95;0;200;0;
5931;2423645;1053667328;16371712;1194594304;0;0;0;0;0;0;0;0;0;0;0;2204;0;0;95;0;200;0;
5932;5828541;1053667328;16371712;1194594304;0;0;0;0;0;0;0;0;0;0;0;3637;0;0;95;0;200;0;
5933;5506556;1053667328;16371712;1194594304;0;0;0;0;0;0;0;0;0;0;0;3036;0;0;95;0;200;0;
5934;2978826;1053667328;16371712;1194594304;0;0;0;0;0;0;0;0;0;0;0;3988;0;0;95;0;200;0;
5935;4238448;1053667328;16371712;1194594304;0;0;0;0;0;0;0;0;0;0;0;2905;0;0;95;0;200;0;
5936;2971883;1053667328;16371712;1194594304;0;0;0;0;0;0;0;0;0;0;0;2154;0;0;95;0;200;0;
5937;2853953;1053667328;16371712;1194594304;0;0;0;0;0;0;0;0;0;0;0;2364;0;0;95;0;200;0;
5938;2561825;1053667328;16371712;1194594304;0;0;0;0;0;0;0;0;0;0;0;1593;0;0;95;0;200;0;
5939;8047202;1053667328;16371712;1194594304;0;0;0;0;0;0;0;0;0;0;0;2995;0;0;95;0;200;0;
5940;5064858;1053667328;16371712;1194594304;0;0;0;0;0;0;0;0;0;0;0;3045;0;0;95;0;200;0;
5941;3034962;1053667328;16371712;1194594304;0;0;0;0;0;0;0;0;0;0;0;2274;0;0;95;0;200;0;
5942;2564109;1053667328;16371712;1194594304;0;0;0;0;0;0;0;0;0;0;0;1743;0;0;95;0;200;0;
5943;2049223;1053667328;16371712;1194594304;0;0;0;0;0;0;0;0;0;0;0;1563;0;0;95;0;200;0;
5944;3992237;1053667328;16371712;1194594304;0;0;0;0;0;0;0;0;0;0;0;2645;0;0;95;0;200;0;
5945;3087650;1053667328;16371712;1194594304;0;0;0;0;0;0;0;0;0;0;0;2665;0;0;95;0;200;0;
5946;9311091;1053667328;16371712;1194594304;0;0;0;0;0;0;0;0;0;0;0;3046;0;0;95;0;200;0;
5947;4206179;1053667328;16371712;1194594304;0;0;0;0;0;0;0;0;0;0;0;2585;0;0;95;0;200;0;
5948;3866632;1053667328;16371712;1194594304;0;0;0;0;0;0;0;0;0;0;0;2645;0;0;95;0;200;0;
5949;2963408;1053782016;16367616;1194590208;0;0;0;0;0;0;0;0;0;0;0;2755;0;0;95;0;200;0;
5950;3917266;1053782016;16367616;1194590208;0;0;0;0;0;0;0;0;0;0;0;2766;0;0;95;0;200;0;
5951;4387969;1053782016;16367616;1194590208;0;0;0;0;0;0;0;0;0;0;0;2815;0;0;95;0;200;0;
5952;3896938;1053782016;16367616;1194590208;0;0;0;0;0;0;0;0;0;0;0;2835;0;0;95;0;200;0;
5953;7756447;1053782016;16367616;1194590208;0;0;0;0;0;0;0;0;0;0;0;3266;0;0;95;0;200;0;
5954;4940125;1053782016;16367616;1194590208;0;0;0;0;0;0;0;0;0;0;0;3026;0;0;95;0;200;0;
5955;2623700;1053782016;16367616;1194590208;0;0;0;0;0;0;0;0;0;0;0;2625;0;0;95;0;200;0;
5956;2904156;1053782016;16367616;1194590208;0;0;0;0;0;0;0;0;0;0;0;1954;0;0;95;0;200;0;
5957;3754451;1053782016;16367616;1194590208;0;0;0;0;0;0;0;0;0;0;0;2795;0;0;95;0;200;0;
5958;3778736;1053782016;16367616;1194590208;0;0;0;0;0;0;0;0;0;0;0;2695;0;0;95;0;200;0;
5959;2728026;1053782016;16367616;1194590208;0;0;0;0;0;0;0;0;0;0;0;1984;0;0;95;0;200;0;
5960;6178637;1053782016;16367616;1194590208;0;0;0;0;0;0;0;0;0;0;0;2825;0;0;95;0;200;0;
5961;4152728;1053782016;16367616;1194590208;0;0;0;0;0;0;0;0;0;0;0;2795;0;0;95;0;200;0;
5962;3106356;1053782016;16367616;1194590208;0;0;0;0;0;0;0;0;0;0;0;2454;0;0;95;0;200;0;
5963;1664903;1053782016;16367616;1194590208;0;0;0;0;0;0;0;0;0;0;0;1964;0;0;95;0;200;0;
5964;3072622;1053782016;16367616;1194590208;0;0;0;0;0;0;0;0;0;0;0;4058;0;0;95;0;200;0;
5965;2390723;1053782016;16367616;1194590208;0;0;0;0;0;0;0;0;0;0;0;2525;0;0;95;0;200;0;
5966;7841275;1053782016;16367616;1194590208;0;0;0;0;0;0;0;0;0;0;0;3417;0;0;95;0;200;0;
5967;3684190;1053782016;16371712;1194594304;0;0;0;0;0;0;0;0;0;0;0;2134;0;0;95;0;200;0;
5968;3515583;1053782016;16371712;1194594304;0;0;0;0;0;0;0;0;0;0;0;2846;0;0;95;0;200;0;
5969;3001198;1053782016;16371712;1194594304;0;0;0;0;0;0;0;0;0;0;0;2074;0;0;95;0;200;0;
5970;3549166;1053782016;16371712;1194594304;0;0;0;0;0;0;0;0;0;0;0;2515;0;0;95;0;200;0;
5971;2497463;1053782016;16371712;1194594304;0;0;0;0;0;0;0;0;0;0;0;2104;0;0;95;0;200;0;
5972;6697951;1053782016;16371712;1194594304;0;0;0;0;0;0;0;0;0;0;0;3076;0;0;95;0;200;0;
5973;3061902;1053782016;16371712;1194594304;0;0;0;0;0;0;0;0;0;0;0;2234;0;0;95;0;200;0;
5974;3043718;1053782016;16371712;1194594304;0;0;0;0;0;0;0;0;0;0;0;2375;0;0;95;0;200;0;
5975;2720963;1053782016;16371712;1194594304;0;0;0;0;0;0;0;0;0;0;0;2014;0;0;95;0;200;0;
5976;3304197;1053782016;16371712;1194594304;0;0;0;0;0;0;0;0;0;0;0;2355;0;0;95;0;200;0;
5977;3114320;1053782016;16371712;1194594304;0;0;0;0;0;0;0;0;0;0;0;2093;0;0;95;0;200;0;
5978;5890728;1053782016;16371712;1194594304;0;0;0;0;0;0;0;0;0;0;0;3206;0;0;95;0;200;0;
5979;3460129;1053782016;16371712;1194594304;0;0;0;0;0;0;0;0;0;0;0;2244;0;0;95;0;200;0;
5980;2768051;1053794304;16367616;1194590208;0;0;0;0;0;0;0;0;0;0;0;1723;0;0;95;0;200;0;
5981;2777559;1053794304;16367616;1194590208;0;0;0;0;0;0;0;0;0;0;0;3186;0;0;95;0;200;0;
5982;2676619;1053794304;16367616;1194590208;0;0;0;0;0;0;0;0;0;0;0;1994;0;0;95;0;200;0;
5983;2460504;1053794304;16367616;1194590208;0;0;0;0;0;0;0;0;0;0;0;1503;0;0;95;0;200;0;
5984;7232193;1053794304;16367616;1194590208;0;0;0;0;0;0;0;0;0;0;0;4098;0;0;95;0;200;0;
5985;2713259;1053794304;16367616;1194590208;0;0;0;0;0;0;0;0;0;0;0;2204;0;0;95;0;200;0;
5986;2182232;1053794304;16367616;1194590208;0;0;0;0;0;0;0;0;0;0;0;1583;0;0;95;0;200;0;
5987;1814463;1053794304;16367616;1194590208;0;0;0;0;0;0;0;0;0;0;0;2034;0;0;95;0;200;0;
5988;3348319;1053794304;16367616;1194590208;0;0;0;0;0;0;0;0;0;0;0;2144;0;0;95;0;200;0;
5989;2759626;1053794304;16367616;1194590208;0;0;0;0;0;0;0;0;0;0;0;1673;0;0;95;0;200;0;
5990;7420757;1053794304;16367616;1194590208;0;0;0;0;0;0;0;0;0;0;0;3026;0;0;95;0;200;0;
5991;3603999;1053794304;16367616;1194590208;0;0;0;0;0;0;0;0;0;0;0;2624;0;0;95;0;200;0;
5992;2682351;1053794304;16367616;1194590208;0;0;0;0;0;0;0;0;0;0;0;1733;0;0;95;0;200;0;
5993;2206548;1053794304;16367616;1194590208;0;0;0;0;0;0;0;0;0;0;0;1754;0;0;95;0;200;0;
5994;3629748;1053794304;16367616;1194590208;0;0;0;0;0;0;0;0;0;0;0;2574;0;0;95;0;200;0;
5995;2650540;1053794304;16367616;1194590208;0;0;0;0;0;0;0;0;0;0;0;2444;0;0;95;0;200;0;
5996;8516452;1053794304;16367616;1194590208;0;0;0;0;0;0;0;0;0;0;0;2825;0;0;95;0;200;0;
5997;4008166;1053794304;16367616;1194590208;0;0;0;0;0;0;0;0;0;0;0;2074;0;0;95;0;200;0;
5998;2755468;1053794304;16367616;1194590208;0;0;0;0;0;0;0;0;0;0;0;1873;0;0;95;0;200;0;
5999;2187412;1053794304;16367616;1194590208;0;0;0;0;0;0;0;0;0;0;0;2554;0;0;95;0;200;0;
6000;2716555;1053794304;16367616;1194590208;0;0;0;0;0;0;0;0;0;0;0;1904;0;0;95;0;200;0;
6001;2983284;1053794304;16367616;1194590208;0;0;0;0;0;0;0;0;0;0;0;2034;0;0;95;0;200;0;
6002;8302691;1053794304;16367616;1194590208;0;0;0;0;0;0;0;0;0;0;0;3426;0;0;95;0;200;0;
6003;2718799;1053794304;16367616;1194590208;0;0;0;0;0;0;0;0;0;0;0;2605;0;0;95;0;200;0;
6004;2120306;1053794304;16367616;1194590208;0;0;0;0;0;0;0;0;0;0;0;1583;0;0;95;0;200;0;
6005;1455800;1053794304;16367616;1194590208;0;0;0;0;0;0;0;0;0;0;0;1432;0;0;95;0;200;0;
6006;2643738;1053794304;16367616;1194590208;0;0;0;0;0;0;0;0;0;0;0;2525;0;0;95;0;200;0;
6007;2461687;1053794304;16367616;1194590208;0;0;0;0;0;0;0;0;0;0;0;2335;0;0;95;0;200;0;
6008;7250528;1053794304;16367616;1194590208;0;0;0;0;0;0;0;0;0;0;0;3336;0;0;95;0;200;0;
6009;5672428;1053794304;16367616;1194590208;0;0;0;0;0;0;0;0;0;0;0;2745;0;0;95;0;200;0;
6010;2412294;1053794304;16367616;1194590208;0;0;0;0;0;0;0;0;0;0;0;1913;0;0;95;0;200;0;
6011;1526613;1053794304;16367616;1194590208;0;0;0;0;0;0;0;0;0;0;0;1673;0;0;95;0;200;0;
6012;3016688;1053794304;16367616;1194590208;0;0;0;0;0;0;0;0;0;0;0;2164;0;0;95;0;200;0;
6013;3534368;1053794304;16367616;1194590208;0;0;0;0;0;0;0;0;0;0;0;2555;0;0;95;0;200;0;
6014;6990200;1053794304;16367616;1194590208;0;0;0;0;0;0;0;0;0;0;0;3326;0;0;95;0;200;0;
6015;3083693;1053794304;16367616;1194590208;0;0;0;0;0;0;0;0;0;0;0;2494;0;0;95;0;200;0;
6016;2204494;1053794304;16367616;1194590208;0;0;0;0;0;0;0;0;0;0;0;1513;0;0;95;0;200;0;
6017;2130626;1053794304;16367616;1194590208;0;0;0;0;0;0;0;0;0;0;0;1643;0;0;95;0;200;0;
6018;3925141;1053794304;16367616;1194590208;0;0;0;0;0;0;0;0;0;0;0;2675;0;0;95;0;200;0;
6019;2502784;1053794304;16367616;1194590208;0;0;0;0;0;0;0;0;0;0;0;2434;0;0;95;0;200;0;
6020;6985571;1053794304;16367616;1194590208;0;0;0;0;0;0;0;0;0;0;0;2916;0;0;95;0;200;0;
6021;4097204;1053794304;16367616;1194590208;0;0;0;0;0;0;0;0;0;0;0;2114;0;0;95;0;200;0;
6022;2299061;1053794304;16367616;1194590208;0;0;0;0;0;0;0;0;0;0;0;1743;0;0;95;0;200;0;
6023;2202270;1053794304;16367616;1194590208;0;0;0;0;0;0;0;0;0;0;0;2023;0;0;95;0;200;0;
6024;3858716;1053794304;16367616;1194590208;0;0;0;0;0;0;0;0;0;0;0;2465;0;0;95;0;200;0;
6025;2129083;1053794304;16367616;1194590208;0;0;0;0;0;0;0;0;0;0;0;1834;0;0;95;0;200;0;
6026;8977557;1053794304;16367616;1194590208;0;0;0;0;0;0;0;0;0;0;0;2675;0;0;95;0;200;0;
6027;3098280;1053794304;16367616;1194590208;0;0;0;0;0;0;0;0;0;0;0;2204;0;0;95;0;200;0;
6028;2786446;1053794304;16367616;1194590208;0;0;0;0;0;0;0;0;0;0;0;1563;0;0;95;0;200;0;
6029;3213216;1053794304;16367616;1194590208;0;0;0;0;0;0;0;0;0;0;0;2545;0;0;95;0;200;0;
6030;3246228;1053794304;16367616;1194590208;0;0;0;0;0;0;0;0;0;0;0;3006;0;0;95;0;200;0;
6031;2815440;1053794304;16367616;1194590208;0;0;0;0;0;0;0;0;0;0;0;2255;0;0;95;0;200;0;
6032;5170066;1053794304;16367616;1194590208;0;0;0;0;0;0;0;0;0;0;0;2454;0;0;95;0;200;0;
6033;2586581;1053794304;16367616;1194590208;0;0;0;0;0;0;0;0;0;0;0;1743;0;0;95;0;200;0;
6034;3111786;1053794304;16367616;1194590208;0;0;0;0;0;0;0;0;0;0;0;2735;0;0;95;0;200;0;
6035;2852820;1053794304;16367616;1194590208;0;0;0;0;0;0;0;0;0;0;0;2425;0;0;95;0;200;0;
6036;2909646;1053794304;16367616;1194590208;0;0;0;0;0;0;0;0;0;0;0;1703;0;0;95;0;200;0;
6037;2961423;1053794304;16367616;1194590208;0;0;0;0;0;0;0;0;0;0;0;2164;0;0;95;0;200;0;
6038;7182790;1053794304;16367616;1194590208;0;0;0;0;0;0;0;0;0;0;0;2965;0;0;95;0;200;0;
6039;2363262;1053794304;16367616;1194590208;0;0;0;0;0;0;0;0;0;0;0;2123;0;0;95;0;200;0;
6040;2312647;1053794304;16367616;1194590208;0;0;0;0;0;0;0;0;0;0;0;1543;0;0;95;0;200;0;
6041;1295569;1053794304;16367616;1194590208;0;0;0;0;0;0;0;0;0;0;0;1994;0;0;95;0;200;0;
6042;3503510;1053794304;16367616;1194590208;0;0;0;0;0;0;0;0;0;0;0;2244;0;0;95;0;200;0;
6043;1854358;1053794304;16367616;1194590208;0;0;0;0;0;0;0;0;0;0;0;1884;0;0;95;0;200;0;
6044;8172727;1053794304;16367616;1194590208;0;0;0;0;0;0;0;0;0;0;0;3116;0;0;95;0;200;0;
6045;3841123;1053794304;16367616;1194590208;0;0;0;0;0;0;0;0;0;0;0;2605;0;0;95;0;200;0;
6046;1746295;1053794304;16367616;1194590208;0;0;0;0;0;0;0;0;0;0;0;1663;0;0;95;0;200;0;
6047;1478062;1053794304;16367616;1194590208;0;0;0;0;0;0;0;0;0;0;0;1603;0;0;95;0;200;0;
6048;2286568;1053794304;16367616;1194590208;0;0;0;0;0;0;0;0;0;0;0;2595;0;0;95;0;200;0;
6049;2467357;1053794304;16367616;1194590208;0;0;0;0;0;0;0;0;0;0;0;1663;0;0;95;0;200;0;
6050;7104794;1053794304;16367616;1194590208;0;0;0;0;0;0;0;0;0;0;0;2836;0;0;95;0;200;0;
6051;4287421;1053794304;16367616;1194590208;0;0;0;0;0;0;0;0;0;0;0;2575;0;0;95;0;200;0;
6052;2011231;1053794304;16367616;1194590208;0;0;0;0;0;0;0;0;0;0;0;1533;0;0;95;0;200;0;
6053;1723051;1053794304;16367616;1194590208;0;0;0;0;0;0;0;0;0;0;0;1392;0;0;95;0;200;0;
6054;2168738;1053794304;16367616;1194590208;0;0;0;0;0;0;0;0;0;0;0;1473;0;0;95;0;200;0;
6055;1878583;1053794304;16367616;1194590208;0;0;0;0;0;0;0;0;0;0;0;1934;0;0;95;0;200;0;
6056;7678340;1053794304;16367616;1194590208;0;0;0;0;0;0;0;0;0;0;0;3085;0;0;95;0;200;0;
6057;5043819;1053794304;16367616;1194590208;0;0;0;0;0;0;0;0;0;0;0;2325;0;0;95;0;200;0;
6058;3201464;1053794304;16367616;1194590208;0;0;0;0;0;0;0;0;0;0;0;2385;0;0;95;0;200;0;
6059;1744402;1053794304;16367616;1194590208;0;0;0;0;0;0;0;0;0;0;0;1553;0;0;95;0;200;0;
6060;2761108;1053794304;16367616;1194590208;0;0;0;0;0;0;0;0;0;0;0;1954;0;0;95;0;200;0;
6061;3168823;1053794304;16367616;1194590208;0;0;0;0;0;0;0;0;0;0;0;2044;0;0;95;0;200;0;
6062;9208229;1053794304;16367616;1194590208;0;0;0;0;0;0;0;0;0;0;0;2805;0;0;95;0;200;0;
6063;2983195;1053794304;16367616;1194590208;0;0;0;0;0;0;0;0;0;0;0;2114;0;0;95;0;200;0;
6064;2068088;1053794304;16367616;1194590208;0;0;0;0;0;0;0;0;0;0;0;1512;0;0;95;0;200;0;
6065;1561920;1053794304;16367616;1194590208;0;0;0;0;0;0;0;0;0;0;0;1993;0;0;95;0;200;0;
6066;2734619;1053794304;16367616;1194590208;0;0;0;0;0;0;0;0;0;0;0;1684;0;0;95;0;200;0;
6067;2397527;1053794304;16367616;1194590208;0;0;0;0;0;0;0;0;0;0;0;1964;0;0;95;0;200;0;
6068;8602382;1053794304;16367616;1194590208;0;0;0;0;0;0;0;0;0;0;0;3307;0;0;95;0;200;0;
6069;3327981;1053794304;16367616;1194590208;0;0;0;0;0;0;0;0;0;0;0;2564;0;0;95;0;200;0;
6070;2405792;1053794304;16367616;1194590208;0;0;0;0;0;0;0;0;0;0;0;1563;0;0;95;0;200;0;
6071;2172384;1053794304;16367616;1194590208;0;0;0;0;0;0;0;0;0;0;0;2104;0;0;95;0;200;0;
6072;3362296;1053794304;16367616;1194590208;0;0;0;0;0;0;0;0;0;0;0;2365;0;0;95;0;200;0;
6073;2958499;1053794304;16367616;1194590208;0;0;0;0;0;0;0;0;0;0;0;1923;0;0;95;0;200;0;
6074;7712504;1053794304;16367616;1194590208;0;0;0;0;0;0;0;0;0;0;0;2736;0;0;95;0;200;0;
6075;4103505;1053794304;16367616;1194590208;0;0;0;0;0;0;0;0;0;0;0;3687;0;0;95;0;200;0;
6076;2689253;1053794304;16367616;1194590208;0;0;0;0;0;0;0;0;0;0;0;1823;0;0;95;0;200;0;
6077;1787763;1053794304;16367616;1194590208;0;0;0;0;0;0;0;0;0;0;0;2735;0;0;95;0;200;0;
6078;4209334;1053794304;16367616;1194590208;0;0;0;0;0;0;0;0;0;0;0;2375;0;0;95;0;200;0;
6079;3338601;1053794304;16367616;1194590208;0;0;0;0;0;0;0;0;0;0;0;2404;0;0;95;0;200;0;
6080;9221634;1053794304;16367616;1194590208;0;0;0;0;0;0;0;0;0;0;0;2896;0;0;95;0;200;0;
6081;4805893;1053794304;16367616;1194590208;0;0;0;0;0;0;0;0;0;0;0;3056;0;0;95;0;200;0;
6082;2317627;1053794304;16367616;1194590208;0;0;0;0;0;0;0;0;0;0;0;1733;0;0;95;0;200;0;
6083;2573055;1053794304;16367616;1194590208;0;0;0;0;0;0;0;0;0;0;0;1743;0;0;95;0;200;0;
6084;3253652;1053794304;16367616;1194590208;0;0;0;0;0;0;0;0;0;0;0;3176;0;0;95;0;200;0;
6085;4625043;1053794304;16367616;1194590208;0;0;0;0;0;0;0;0;0;0;0;2806;0;0;95;0;200;0;
6086;7737221;1053794304;16367616;1194590208;0;0;0;0;0;0;0;0;0;0;0;2785;0;0;95;0;200;0;
6087;5290001;1053794304;16367616;1194590208;0;0;0;0;0;0;0;0;0;0;0;2625;0;0;95;0;200;0;
6088;3275343;1053794304;16367616;1194590208;0;0;0;0;0;0;0;0;0;0;0;2895;0;0;95;0;200;0;
6089;2873219;1053794304;16367616;1194590208;0;0;0;0;0;0;0;0;0;0;0;2975;0;0;95;0;200;0;
6090;3775781;1053794304;16367616;1194590208;0;0;0;0;0;0;0;0;0;0;0;2835;0;0;95;0;200;0;
6091;2335611;1053794304;16367616;1194590208;0;0;0;0;0;0;0;0;0;0;0;2675;0;0;95;0;200;0;
6092;7573814;1053794304;16367616;1194590208;0;0;0;0;0;0;0;0;0;0;0;2645;0;0;95;0;200;0;
6093;4738005;1053794304;16367616;1194590208;0;0;0;0;0;0;0;0;0;0;0;2905;0;0;95;0;200;0;
6094;3419613;1053794304;16367616;1194590208;0;0;0;0;0;0;0;0;0;0;0;2275;0;0;95;0;200;0;
6095;3278859;1053794304;16367616;1194590208;0;0;0;0;0;0;0;0;0;0;0;2635;0;0;95;0;200;0;
6096;3635057;1053794304;16367616;1194590208;0;0;0;0;0;0;0;0;0;0;0;2555;0;0;95;0;200;0;
6097;2580059;1053794304;16367616;1194590208;0;0;0;0;0;0;0;0;0;0;0;2675;0;0;95;0;200;0;
6098;9015859;1053794304;16367616;1194590208;0;0;0;0;0;0;0;0;0;0;0;3226;0;0;95;0;200;0;
6099;5420335;1053794304;16367616;1194590208;0;0;0;0;0;0;0;0;0;0;0;3126;0;0;95;0;200;0;
6100;3422218;1053794304;16367616;1194590208;0;0;0;0;0;0;0;0;0;0;0;2164;0;0;95;0;200;0;
6101;2394000;1053794304;16367616;1194590208;0;0;0;0;0;0;0;0;0;0;0;2745;0;0;95;0;200;0;
6102;3862855;1053794304;16367616;1194590208;0;0;0;0;0;0;0;0;0;0;0;2414;0;0;95;0;200;0;
6103;3691633;1053794304;16367616;1194590208;0;0;0;0;0;0;0;0;0;0;0;3316;0;0;95;0;200;0;
6104;9188903;1053794304;16367616;1194590208;0;0;0;0;0;0;0;0;0;0;0;3807;0;0;95;0;200;0;
6105;5458437;1053794304;16367616;1194590208;0;0;0;0;0;0;0;0;0;0;0;3677;0;0;95;0;200;0;
6106;4550885;1053794304;16367616;1194590208;0;0;0;0;0;0;0;0;0;0;0;2715;0;0;95;0;200;0;
6107;2952557;1053794304;16367616;1194590208;0;0;0;0;0;0;0;0;0;0;0;2845;0;0;95;0;200;0;
6108;4257966;1053794304;16367616;1194590208;0;0;0;0;0;0;0;0;0;0;0;3146;0;0;95;0;200;0;
6109;2549190;1053794304;16367616;1194590208;0;0;0;0;0;0;0;0;0;0;0;1843;0;0;95;0;200;0;
6110;7351097;1053794304;16367616;1194590208;0;0;0;0;0;0;0;0;0;0;0;3426;0;0;95;0;200;0;
6111;4785665;1053794304;16367616;1194590208;0;0;0;0;0;0;0;0;0;0;0;2956;0;0;95;0;200;0;
6112;3095204;1053794304;16367616;1194590208;0;0;0;0;0;0;0;0;0;0;0;2144;0;0;95;0;200;0;
6113;2544552;1053794304;16367616;1194590208;0;0;0;0;0;0;0;0;0;0;0;2565;0;0;95;0;200;0;
6114;4492936;1053794304;16367616;1194590208;0;0;0;0;0;0;0;0;0;0;0;2685;0;0;95;0;200;0;
6115;3321960;1053794304;16367616;1194590208;0;0;0;0;0;0;0;0;0;0;0;3156;0;0;95;0;200;0;
6116;11274254;1053794304;16367616;1194590208;0;0;0;0;0;0;0;0;0;0;0;3486;0;0;95;0;200;0;
6117;4709742;1053794304;16367616;1194590208;0;0;0;0;0;0;0;0;0;0;0;2455;0;0;95;0;200;0;
6118;2785865;1053794304;16367616;1194590208;0;0;0;0;0;0;0;0;0;0;0;1533;0;0;95;0;200;0;
6119;2512822;1053794304;16367616;1194590208;0;0;0;0;0;0;0;0;0;0;0;2384;0;0;95;0;200;0;
6120;3968683;1053794304;16367616;1194590208;0;0;0;0;0;0;0;0;0;0;0;2635;0;0;95;0;200;0;
6121;1810646;1053794304;16367616;1194590208;0;0;0;0;0;0;0;0;0;0;0;1513;0;0;95;0;200;0;
6122;7378277;1053794304;16367616;1194590208;0;0;0;0;0;0;0;0;0;0;0;2965;0;0;95;0;200;0;
6123;4083208;1053794304;16367616;1194590208;0;0;0;0;0;0;0;0;0;0;0;2895;0;0;95;0;200;0;
6124;2616857;1053794304;16367616;1194590208;0;0;0;0;0;0;0;0;0;0;0;1884;0;0;95;0;200;0;
6125;2220133;1053794304;16367616;1194590208;0;0;0;0;0;0;0;0;0;0;0;1783;0;0;95;0;200;0;
6126;2361489;1053794304;16367616;1194590208;0;0;0;0;0;0;0;0;0;0;0;1944;0;0;95;0;200;0;
6127;2227236;1053794304;16367616;1194590208;0;0;0;0;0;0;0;0;0;0;0;1784;0;0;95;0;200;0;
6128;6864183;1053794304;16367616;1194590208;0;0;0;0;0;0;0;0;0;0;0;2875;0;0;95;0;200;0;
6129;3684620;1053794304;16367616;1194590208;0;0;0;0;0;0;0;0;0;0;0;2836;0;0;95;0;200;0;
6130;4838404;1053794304;16367616;1194590208;0;0;0;0;0;0;0;0;0;0;0;2595;0;0;95;0;200;0;
6131;2563527;1053794304;16367616;1194590208;0;0;0;0;0;0;0;0;0;0;0;2575;0;0;95;0;200;0;
6132;3734453;1053794304;16367616;1194590208;0;0;0;0;0;0;0;0;0;0;0;2325;0;0;95;0;200;0;
6133;1730626;1053794304;16367616;1194590208;0;0;0;0;0;0;0;0;0;0;0;1834;0;0;95;0;200;0;
6134;7111748;1053794304;16367616;1194590208;0;0;0;0;0;0;0;0;0;0;0;3116;0;0;95;0;200;0;
6135;4137860;1053794304;16367616;1194590208;0;0;0;0;0;0;0;0;0;0;0;2605;0;0;95;0;200;0;
6136;2175049;1053794304;16367616;1194590208;0;0;0;0;0;0;0;0;0;0;0;1443;0;0;95;0;200;0;
6137;2073218;1053794304;16367616;1194590208;0;0;0;0;0;0;0;0;0;0;0;1623;0;0;95;0;200;0;
6138;1886699;1053794304;16367616;1194590208;0;0;0;0;0;0;0;0;0;0;0;2465;0;0;95;0;200;0;
6139;1943775;1053794304;16367616;1194590208;0;0;0;0;0;0;0;0;0;0;0;2004;0;0;95;0;200;0;
6140;12022928;1053794304;16367616;1194590208;0;0;0;0;0;0;0;0;0;0;0;3176;0;0;95;0;200;0;
6141;4887656;1053794304;16367616;1194590208;0;0;0;0;0;0;0;0;0;0;0;2434;0;0;95;0;200;0;
6142;4930126;1053794304;16367616;1194590208;0;0;0;0;0;0;0;0;0;0;0;3015;0;0;95;0;200;0;
6143;2656322;1053794304;16367616;1194590208;0;0;0;0;0;0;0;0;0;0;0;1873;0;0;95;0;200;0;
6144;3243643;1053794304;16367616;1194590208;0;0;0;0;0;0;0;0;0;0;0;1713;0;0;95;0;200;0;
6145;3274050;1053794304;16367616;1194590208;0;0;0;0;0;0;0;0;0;0;0;1983;0;0;95;0;200;0;
6146;7763389;1053794304;16367616;1194590208;0;0;0;0;0;0;0;0;0;0;0;3436;0;0;95;0;200;0;
6147;3060220;1053794304;16367616;1194590208;0;0;0;0;0;0;0;0;0;0;0;2485;0;0;95;0;200;0;
6148;4135536;1053794304;16367616;1194590208;0;0;0;0;0;0;0;0;0;0;0;1884;0;0;95;0;200;0;
6149;1939918;1053794304;16367616;1194590208;0;0;0;0;0;0;0;0;0;0;0;1583;0;0;95;0;200;0;
6150;4505519;1053794304;16367616;1194590208;0;0;0;0;0;0;0;0;0;0;0;2946;0;0;95;0;200;0;
6151;4024968;1053794304;16367616;1194590208;0;0;0;0;0;0;0;0;0;0;0;2434;0;0;95;0;200;0;
6152;5904563;1053794304;16367616;1194590208;0;0;0;0;0;0;0;0;0;0;0;3236;0;0;95;0;200;0;
6153;4212740;1053794304;16367616;1194590208;0;0;0;0;0;0;0;0;0;0;0;2615;0;0;95;0;200;0;
6154;6221198;1053794304;16367616;1194590208;0;0;0;0;0;0;0;0;0;0;0;2735;0;0;95;0;200;0;
6155;3777895;1053794304;16367616;1194590208;0;0;0;0;0;0;0;0;0;0;0;2184;0;0;95;0;200;0;
6156;3418251;1053794304;16367616;1194590208;0;0;0;0;0;0;0;0;0;0;0;2244;0;0;95;0;200;0;
6157;3503420;1053794304;16367616;1194590208;0;0;0;0;0;0;0;0;0;0;0;1863;0;0;95;0;200;0;
6158;7378488;1053794304;16367616;1194590208;0;0;0;0;0;0;0;0;0;0;0;77325;0;0;95;0;200;0;
6159;5454329;1053794304;16367616;1194590208;0;0;0;0;0;0;0;0;0;0;0;3296;0;0;95;0;200;0;
6160;5064608;1053794304;16367616;1194590208;0;0;0;0;0;0;0;0;0;0;0;2465;0;0;95;0;200;0;
6161;2170871;1053794304;16367616;1194590208;0;0;0;0;0;0;0;0;0;0;0;1593;0;0;95;0;200;0;
6162;2885191;1053794304;16367616;1194590208;0;0;0;0;0;0;0;0;0;0;0;1693;0;0;95;0;200;0;
6163;2417264;1053794304;16367616;1194590208;0;0;0;0;0;0;0;0;0;0;0;1763;0;0;95;0;200;0;
6164;6992644;1053794304;16367616;1194590208;0;0;0;0;0;0;0;0;0;0;0;2895;0;0;95;0;200;0;
6165;4432943;1053794304;16367616;1194590208;0;0;0;0;0;0;0;0;0;0;0;2555;0;0;95;0;200;0;
6166;3526744;1053794304;16367616;1194590208;0;0;0;0;0;0;0;0;0;0;0;2424;0;0;95;0;200;0;
6167;3041033;1053794304;16367616;1194590208;0;0;0;0;0;0;0;0;0;0;0;2164;0;0;95;0;200;0;
6168;3360232;1053794304;16367616;1194590208;0;0;0;0;0;0;0;0;0;0;0;2224;0;0;95;0;200;0;
6169;4077025;1053794304;16367616;1194590208;0;0;0;0;0;0;0;0;0;0;0;2244;0;0;95;0;200;0;
6170;6790104;1053794304;16367616;1194590208;0;0;0;0;0;0;0;0;0;0;0;2665;0;0;95;0;200;0;
6171;3352607;1053794304;16367616;1194590208;0;0;0;0;0;0;0;0;0;0;0;3176;0;0;95;0;200;0;
6172;3417970;1053794304;16367616;1194590208;0;0;0;0;0;0;0;0;0;0;0;2114;0;0;95;0;200;0;
6173;2045456;1053794304;16367616;1194590208;0;0;0;0;0;0;0;0;0;0;0;2093;0;0;95;0;200;0;
6174;2709421;1053794304;16367616;1194590208;0;0;0;0;0;0;0;0;0;0;0;1763;0;0;95;0;200;0;
6175;1951550;1053794304;16367616;1194590208;0;0;0;0;0;0;0;0;0;0;0;1663;0;0;95;0;200;0;
6176;8411905;1053794304;16367616;1194590208;0;0;0;0;0;0;0;0;0;0;0;3457;0;0;95;0;200;0;
6177;3382554;1053794304;16367616;1194590208;0;0;0;0;0;0;0;0;0;0;0;1964;0;0;95;0;200;0;
6178;2272471;1053794304;16367616;1194590208;0;0;0;0;0;0;0;0;0;0;0;1763;0;0;95;0;200;0;
6179;1497368;1053794304;16367616;1194590208;0;0;0;0;0;0;0;0;0;0;0;1893;0;0;95;0;200;0;
6180;3301041;1053794304;16367616;1194590208;0;0;0;0;0;0;0;0;0;0;0;2515;0;0;95;0;200;0;
6181;2201529;1053794304;16367616;1194590208;0;0;0;0;0;0;0;0;0;0;0;1793;0;0;95;0;200;0;
6182;5346486;1053794304;16367616;1194590208;0;0;0;0;0;0;0;0;0;0;0;2205;0;0;95;0;200;0;
6183;3827368;1053794304;16367616;1194590208;0;0;0;0;0;0;0;0;0;0;0;3126;0;0;95;0;200;0;
6184;3974634;1053794304;16367616;1194590208;0;0;0;0;0;0;0;0;0;0;0;1893;0;0;95;0;200;0;
6185;3379458;1053794304;16367616;1194590208;0;0;0;0;0;0;0;0;0;0;0;2524;0;0;95;0;200;0;
6186;2892404;1053794304;16367616;1194590208;0;0;0;0;0;0;0;0;0;0;0;2244;0;0;95;0;200;0;
6187;1970054;1053794304;16367616;1194590208;0;0;0;0;0;0;0;0;0;0;0;1573;0;0;95;0;200;0;
6188;8335452;1053794304;16367616;1194590208;0;0;0;0;0;0;0;0;0;0;0;4157;0;0;95;0;200;0;
6189;4828635;1053794304;16367616;1194590208;0;0;0;0;0;0;0;0;0;0;0;3396;0;0;95;0;200;0;
6190;4365857;1053794304;16367616;1194590208;0;0;0;0;0;0;0;0;0;0;0;2395;0;0;95;0;200;0;
6191;3576357;1053794304;16367616;1194590208;0;0;0;0;0;0;0;0;0;0;0;2805;0;0;95;0;200;0;
6192;3113719;1053794304;16367616;1194590208;0;0;0;0;0;0;0;0;0;0;0;1804;0;0;95;0;200;0;
6193;2570170;1053794304;16367616;1194590208;0;0;0;0;0;0;0;0;0;0;0;1723;0;0;95;0;200;0;
6194;8457021;1053794304;16367616;1194590208;0;0;0;0;0;0;0;0;0;0;0;3847;0;0;95;0;200;0;
6195;3632792;1053794304;16367616;1194590208;0;0;0;0;0;0;0;0;0;0;0;3216;0;0;95;0;200;0;
6196;3729414;1053794304;16367616;1194590208;0;0;0;0;0;0;0;0;0;0;0;2635;0;0;95;0;200;0;
6197;2934744;1053794304;16367616;1194590208;0;0;0;0;0;0;0;0;0;0;0;2735;0;0;95;0;200;0;
6198;2336192;1053794304;16367616;1194590208;0;0;0;0;0;0;0;0;0;0;0;1923;0;0;95;0;200;0;
6199;2312006;1053794304;16367616;1194590208;0;0;0;0;0;0;0;0;0;0;0;1703;0;0;95;0;200;0;
6200;6800223;1053794304;16367616;1194590208;0;0;0;0;0;0;0;0;0;0;0;3396;0;0;95;0;200;0;
6201;3831295;1053794304;16367616;1194590208;0;0;0;0;0;0;0;0;0;0;0;2615;0;0;95;0;200;0;
6202;1794736;1053794304;16367616;1194590208;0;0;0;0;0;0;0;0;0;0;0;1513;0;0;95;0;200;0;
6203;1902838;1053794304;16367616;1194590208;0;0;0;0;0;0;0;0;0;0;0;1683;0;0;95;0;200;0;
6204;1857323;1053794304;16367616;1194590208;0;0;0;0;0;0;0;0;0;0;0;2004;0;0;95;0;200;0;
6205;2413787;1053794304;16367616;1194590208;0;0;0;0;0;0;0;0;0;0;0;2124;0;0;95;0;200;0;
6206;8944895;1053794304;16367616;1194590208;0;0;0;0;0;0;0;0;0;0;0;2735;0;0;95;0;200;0;
6207;2913003;1053794304;16367616;1194590208;0;0;0;0;0;0;0;0;0;0;0;2254;0;0;95;0;200;0;
6208;3918649;1053794304;16367616;1194590208;0;0;0;0;0;0;0;0;0;0;0;2795;0;0;95;0;200;0;
6209;3844490;1053794304;16367616;1194590208;0;0;0;0;0;0;0;0;0;0;0;3858;0;0;95;0;200;0;
6210;2458901;1053794304;16367616;1194590208;0;0;0;0;0;0;0;0;0;0;0;2385;0;0;95;0;200;0;
6211;1804374;1053794304;16367616;1194590208;0;0;0;0;0;0;0;0;0;0;0;2084;0;0;95;0;200;0;
6212;7940411;1053794304;16367616;1194590208;0;0;0;0;0;0;0;0;0;0;0;3045;0;0;95;0;200;0;
6213;4346051;1053794304;16367616;1194590208;0;0;0;0;0;0;0;0;0;0;0;3236;0;0;95;0;200;0;
6214;3311200;1053794304;16367616;1194590208;0;0;0;0;0;0;0;0;0;0;0;1703;0;0;95;0;200;0;
6215;3662588;1053794304;16367616;1194590208;0;0;0;0;0;0;0;0;0;0;0;3065;0;0;95;0;200;0;
6216;3199360;1053794304;16367616;1194590208;0;0;0;0;0;0;0;0;0;0;0;2665;0;0;95;0;200;0;
6217;2312547;1053794304;16367616;1194590208;0;0;0;0;0;0;0;0;0;0;0;1593;0;0;95;0;200;0;
6218;7061864;1053794304;16367616;1194590208;0;0;0;0;0;0;0;0;0;0;0;2715;0;0;95;0;200;0;
6219;4254900;1053794304;16367616;1194590208;0;0;0;0;0;0;0;0;0;0;0;2735;0;0;95;0;200;0;
6220;3404064;1053794304;16367616;1194590208;0;0;0;0;0;0;0;0;0;0;0;2585;0;0;95;0;200;0;
6221;2304332;1053794304;16367616;1194590208;0;0;0;0;0;0;0;0;0;0;0;1894;0;0;95;0;200;0;
6222;4505089;1053794304;16367616;1194590208;0;0;0;0;0;0;0;0;0;0;0;2966;0;0;95;0;200;0;
6223;3096657;1053794304;16367616;1194590208;0;0;0;0;0;0;0;0;0;0;0;3206;0;0;95;0;200;0;
6224;5855120;1053794304;16371712;1194594304;0;0;0;0;0;0;0;0;0;0;0;2445;0;0;95;0;200;0;
6225;5286574;1053794304;16371712;1194594304;0;0;0;0;0;0;0;0;0;0;0;3016;0;0;95;0;200;0;
6226;4553169;1053794304;16371712;1194594304;0;0;0;0;0;0;0;0;0;0;0;5340;0;0;95;0;200;0;
6227;1561068;1053794304;16371712;1194594304;0;0;0;0;0;0;0;0;0;0;0;1763;0;0;95;0;200;0;
6228;2692529;1053794304;16371712;1194594304;0;0;0;0;0;0;0;0;0;0;0;1814;0;0;95;0;200;0;
6229;4686579;1053794304;16371712;1194594304;0;0;0;0;0;0;0;0;0;0;0;3146;0;0;95;0;200;0;
6230;5510485;1053794304;16371712;1194594304;0;0;0;0;0;0;0;0;0;0;0;2735;0;0;95;0;200;0;
6231;3218476;1053794304;16371712;1194594304;0;0;0;0;0;0;0;0;0;0;0;2695;0;0;95;0;200;0;
6232;3280632;1053794304;16371712;1194594304;0;0;0;0;0;0;0;0;0;0;0;1593;0;0;95;0;200;0;
6233;3272647;1053794304;16371712;1194594304;0;0;0;0;0;0;0;0;0;0;0;2354;0;0;95;0;200;0;
6234;2698431;1053794304;16371712;1194594304;0;0;0;0;0;0;0;0;0;0;0;2164;0;0;95;0;200;0;
6235;2523904;1053794304;16371712;1194594304;0;0;0;0;0;0;0;0;0;0;0;1453;0;0;95;0;200;0;
6236;10315375;1053794304;16371712;1194594304;0;0;0;0;0;0;0;0;0;0;0;4388;0;0;95;0;200;0;
6237;4034276;1053794304;16371712;1194594304;0;0;0;0;0;0;0;0;0;0;0;2675;0;0;95;0;200;0;
6238;2243086;1053929472;16367616;1194590208;0;0;0;0;0;0;0;0;0;0;0;1573;0;0;95;0;200;0;
6239;3794016;1053929472;16367616;1194590208;0;0;0;0;0;0;0;0;0;0;0;3096;0;0;95;0;200;0;
6240;4221848;1053929472;16367616;1194590208;0;0;0;0;0;0;0;0;0;0;0;3957;0;0;95;0;200;0;
6241;2301526;1053929472;16367616;1194590208;0;0;0;0;0;0;0;0;0;0;0;2425;0;0;95;0;200;0;
6242;6947930;1053929472;16367616;1194590208;0;0;0;0;0;0;0;0;0;0;0;3817;0;0;95;0;200;0;
6243;4553509;1053929472;16367616;1194590208;0;0;0;0;0;0;0;0;0;0;0;2254;0;0;95;0;200;0;
6244;4276240;1053929472;16367616;1194590208;0;0;0;0;0;0;0;0;0;0;0;2224;0;0;95;0;200;0;
6245;2147417;1053929472;16367616;1194590208;0;0;0;0;0;0;0;0;0;0;0;2294;0;0;95;0;200;0;
6246;3472543;1053929472;16367616;1194590208;0;0;0;0;0;0;0;0;0;0;0;3156;0;0;95;0;200;0;
6247;4115699;1053929472;16367616;1194590208;0;0;0;0;0;0;0;0;0;0;0;2795;0;0;95;0;200;0;
6248;7472514;1053929472;16367616;1194590208;0;0;0;0;0;0;0;0;0;0;0;3035;0;0;95;0;200;0;
6249;5553205;1053929472;16367616;1194590208;0;0;0;0;0;0;0;0;0;0;0;2625;0;0;95;0;200;0;
6250;3998188;1053929472;16367616;1194590208;0;0;0;0;0;0;0;0;0;0;0;2515;0;0;95;0;200;0;
6251;2225213;1053929472;16367616;1194590208;0;0;0;0;0;0;0;0;0;0;0;3216;0;0;95;0;200;0;
6252;3515422;1053929472;16367616;1194590208;0;0;0;0;0;0;0;0;0;0;0;2224;0;0;95;0;200;0;
6253;2840477;1053929472;16367616;1194590208;0;0;0;0;0;0;0;0;0;0;0;2134;0;0;95;0;200;0;
6254;6959712;1053929472;16367616;1194590208;0;0;0;0;0;0;0;0;0;0;0;3486;0;0;95;0;200;0;
6255;4903556;1053929472;16367616;1194590208;0;0;0;0;0;0;0;0;0;0;0;3616;0;0;95;0;200;0;
6256;5192277;1053929472;16367616;1194590208;0;0;0;0;0;0;0;0;0;0;0;3416;0;0;95;0;200;0;
6257;3049950;1053929472;16367616;1194590208;0;0;0;0;0;0;0;0;0;0;0;3096;0;0;95;0;200;0;
6258;4534624;1053929472;16367616;1194590208;0;0;0;0;0;0;0;0;0;0;0;2725;0;0;95;0;200;0;
6259;4109206;1053929472;16367616;1194590208;0;0;0;0;0;0;0;0;0;0;0;3417;0;0;95;0;200;0;
6260;7004346;1053929472;16367616;1194590208;0;0;0;0;0;0;0;0;0;0;0;3326;0;0;95;0;200;0;
6261;4992913;1053929472;16367616;1194590208;0;0;0;0;0;0;0;0;0;0;0;3136;0;0;95;0;200;0;
6262;4185620;1053929472;16367616;1194590208;0;0;0;0;0;0;0;0;0;0;0;3006;0;0;95;0;200;0;
6263;3474987;1053929472;16367616;1194590208;0;0;0;0;0;0;0;0;0;0;0;3506;0;0;95;0;200;0;
6264;2734078;1053929472;16367616;1194590208;0;0;0;0;0;0;0;0;0;0;0;2425;0;0;95;0;200;0;
6265;1360061;1053929472;16367616;1194590208;0;0;0;0;0;0;0;0;0;0;0;1843;0;0;95;0;200;0;
6266;8055918;1053929472;16367616;1194590208;0;0;0;0;0;0;0;0;0;0;0;3146;0;0;95;0;200;0;
6267;5025565;1053929472;16367616;1194590208;0;0;0;0;0;0;0;0;0;0;0;2926;0;0;95;0;200;0;
6268;1863846;1053929472;16367616;1194590208;0;0;0;0;0;0;0;0;0;0;0;2093;0;0;95;0;200;0;
6269;3074005;1053929472;16367616;1194590208;0;0;0;0;0;0;0;0;0;0;0;1884;0;0;95;0;200;0;
6270;4201119;1053929472;16367616;1194590208;0;0;0;0;0;0;0;0;0;0;0;2906;0;0;95;0;200;0;
6271;3285592;1053929472;16367616;1194590208;0;0;0;0;0;0;0;0;0;0;0;3226;0;0;95;0;200;0;
6272;6901924;1053929472;16367616;1194590208;0;0;0;0;0;0;0;0;0;0;0;2816;0;0;95;0;200;0;
6273;4525978;1053929472;16367616;1194590208;0;0;0;0;0;0;0;0;0;0;0;2986;0;0;95;0;200;0;
6274;5295792;1053929472;16367616;1194590208;0;0;0;0;0;0;0;0;0;0;0;3586;0;0;95;0;200;0;
6275;2008166;1053929472;16367616;1194590208;0;0;0;0;0;0;0;0;0;0;0;2965;0;0;95;0;200;0;
6276;3158293;1053929472;16367616;1194590208;0;0;0;0;0;0;0;0;0;0;0;2365;0;0;95;0;200;0;
6277;3243694;1053929472;16367616;1194590208;0;0;0;0;0;0;0;0;0;0;0;3035;0;0;95;0;200;0;
6278;8551888;1053929472;16367616;1194590208;0;0;0;0;0;0;0;0;0;0;0;2825;0;0;95;0;200;0;
6279;3420846;1053929472;16367616;1194590208;0;0;0;0;0;0;0;0;0;0;0;2244;0;0;95;0;200;0;
6280;4021642;1053929472;16367616;1194590208;0;0;0;0;0;0;0;0;0;0;0;2515;0;0;95;0;200;0;
6281;3353479;1053929472;16367616;1194590208;0;0;0;0;0;0;0;0;0;0;0;3557;0;0;95;0;200;0;
6282;3622534;1053929472;16367616;1194590208;0;0;0;0;0;0;0;0;0;0;0;2044;0;0;95;0;200;0;
6283;4057740;1053929472;16367616;1194590208;0;0;0;0;0;0;0;0;0;0;0;2555;0;0;95;0;200;0;
6284;7885208;1053929472;16367616;1194590208;0;0;0;0;0;0;0;0;0;0;0;3888;0;0;95;0;200;0;
6285;4022243;1053929472;16367616;1194590208;0;0;0;0;0;0;0;0;0;0;0;3106;0;0;95;0;200;0;
6286;3299538;1053929472;16367616;1194590208;0;0;0;0;0;0;0;0;0;0;0;2294;0;0;95;0;200;0;
6287;2174057;1053929472;16367616;1194590208;0;0;0;0;0;0;0;0;0;0;0;2685;0;0;95;0;200;0;
6288;5415867;1053929472;16367616;1194590208;0;0;0;0;0;0;0;0;0;0;0;2715;0;0;95;0;200;0;
6289;2636905;1053929472;16367616;1194590208;0;0;0;0;0;0;0;0;0;0;0;2695;0;0;95;0;200;0;
6290;9030035;1053929472;16367616;1194590208;0;0;0;0;0;0;0;0;0;0;0;3677;0;0;95;0;200;0;
6291;4872017;1053929472;16367616;1194590208;0;0;0;0;0;0;0;0;0;0;0;3697;0;0;95;0;200;0;
6292;4861767;1053929472;16367616;1194590208;0;0;0;0;0;0;0;0;0;0;0;3536;0;0;95;0;200;0;
6293;3297904;1053929472;16367616;1194590208;0;0;0;0;0;0;0;0;0;0;0;3587;0;0;95;0;200;0;
6294;4850907;1053929472;16367616;1194590208;0;0;0;0;0;0;0;0;0;0;0;2926;0;0;95;0;200;0;
6295;4035018;1053929472;16367616;1194590208;0;0;0;0;0;0;0;0;0;0;0;3136;0;0;95;0;200;0;
6296;9555530;1053929472;16367616;1194590208;0;0;0;0;0;0;0;0;0;0;0;3486;0;0;95;0;200;0;
6297;4019708;1053929472;16367616;1194590208;0;0;0;0;0;0;0;0;0;0;0;3125;0;0;95;0;200;0;
6298;4306707;1053929472;16367616;1194590208;0;0;0;0;0;0;0;0;0;0;0;2635;0;0;95;0;200;0;
6299;2740039;1053929472;16367616;1194590208;0;0;0;0;0;0;0;0;0;0;0;2234;0;0;95;0;200;0;
6300;3368527;1053929472;16367616;1194590208;0;0;0;0;0;0;0;0;0;0;0;2895;0;0;95;0;200;0;
6301;1991134;1053929472;16367616;1194590208;0;0;0;0;0;0;0;0;0;0;0;2114;0;0;95;0;200;0;
6302;8874513;1053929472;16367616;1194590208;0;0;0;0;0;0;0;0;0;0;0;2955;0;0;95;0;200;0;
6303;4712137;1053929472;16367616;1194590208;0;0;0;0;0;0;0;0;0;0;0;3727;0;0;95;0;200;0;
6304;4057760;1053929472;16367616;1194590208;0;0;0;0;0;0;0;0;0;0;0;2524;0;0;95;0;200;0;
6305;4373712;1053929472;16367616;1194590208;0;0;0;0;0;0;0;0;0;0;0;3015;0;0;95;0;200;0;
6306;4054464;1053929472;16367616;1194590208;0;0;0;0;0;0;0;0;0;0;0;3246;0;0;95;0;200;0;
6307;2414839;1053929472;16367616;1194590208;0;0;0;0;0;0;0;0;0;0;0;2554;0;0;95;0;200;0;
6308;8141117;1053929472;16367616;1194590208;0;0;0;0;0;0;0;0;0;0;0;3025;0;0;95;0;200;0;
6309;5994331;1053929472;16367616;1194590208;0;0;0;0;0;0;0;0;0;0;0;7033;0;0;95;0;200;0;
6310;3469406;1053929472;16367616;1194590208;0;0;0;0;0;0;0;0;0;0;0;2785;0;0;95;0;200;0;
6311;4208452;1053929472;16367616;1194590208;0;0;0;0;0;0;0;0;0;0;0;3316;0;0;95;0;200;0;
6312;4856578;1053929472;16367616;1194590208;0;0;0;0;0;0;0;0;0;0;0;2816;0;0;95;0;200;0;
6313;2773902;1053929472;16367616;1194590208;0;0;0;0;0;0;0;0;0;0;0;2956;0;0;95;0;200;0;
6314;9197469;1053929472;16367616;1194590208;0;0;0;0;0;0;0;0;0;0;0;3186;0;0;95;0;200;0;
6315;4223170;1053929472;16367616;1194590208;0;0;0;0;0;0;0;0;0;0;0;2786;0;0;95;0;200;0;
6316;4676771;1053929472;16367616;1194590208;0;0;0;0;0;0;0;0;0;0;0;2765;0;0;95;0;200;0;
6317;5395238;1053929472;16367616;1194590208;0;0;0;0;0;0;0;0;0;0;0;3226;0;0;95;0;200;0;
6318;5783306;1053929472;16367616;1194590208;0;0;0;0;0;0;0;0;0;0;0;3286;0;0;95;0;200;0;
6319;7324937;1053929472;16367616;1194590208;0;0;0;0;0;0;0;0;0;0;0;3817;0;0;95;0;200;0;
6320;11739276;1053929472;16367616;1194590208;0;0;0;0;0;0;0;0;0;0;0;4038;0;0;95;0;200;0;
6321;7791262;1053929472;16367616;1194590208;0;0;0;0;0;0;0;0;0;0;0;2855;0;0;95;0;200;0;
6322;6839146;1053929472;16367616;1194590208;0;0;0;0;0;0;0;0;0;0;0;4358;0;0;95;0;200;0;
6323;5558845;1053929472;16367616;1194590208;0;0;0;0;0;0;0;0;0;0;0;3877;0;0;95;0;200;0;
6324;5787073;1053929472;16367616;1194590208;0;0;0;0;0;0;0;0;0;0;0;4118;0;0;95;0;200;0;
6325;7926866;1053929472;16367616;1194590208;0;0;0;0;0;0;0;0;0;0;0;2996;0;0;95;0;200;0;
6326;10585111;1053929472;16367616;1194590208;0;0;0;0;0;0;0;0;0;0;0;3457;0;0;95;0;200;0;
6327;6480814;1053929472;16367616;1194590208;0;0;0;0;0;0;0;0;0;0;0;4018;0;0;95;0;200;0;
6328;5144718;1053929472;16367616;1194590208;0;0;0;0;0;0;0;0;0;0;0;3436;0;0;95;0;200;0;
6329;4683473;1053929472;16367616;1194590208;0;0;0;0;0;0;0;0;0;0;0;3296;0;0;95;0;200;0;
6330;5905876;1053929472;16367616;1194590208;0;0;0;0;0;0;0;0;0;0;0;3186;0;0;95;0;200;0;
6331;5058697;1053929472;16367616;1194590208;0;0;0;0;0;0;0;0;0;0;0;2976;0;0;95;0;200;0;
6332;10340292;1053929472;16367616;1194590208;0;0;0;0;0;0;0;0;0;0;0;3567;0;0;95;0;200;0;
6333;9844532;1053929472;16367616;1194590208;0;0;0;0;0;0;0;0;0;0;0;2905;0;0;95;0;200;0;
6334;6807326;1053929472;16367616;1194590208;0;0;0;0;0;0;0;0;0;0;0;3316;0;0;95;0;200;0;
6335;4567947;1053929472;16367616;1194590208;0;0;0;0;0;0;0;0;0;0;0;4759;0;0;95;0;200;0;
6336;6571323;1053929472;16367616;1194590208;0;0;0;0;0;0;0;0;0;0;0;3457;0;0;95;0;200;0;
6337;3731608;1053929472;16367616;1194590208;0;0;0;0;0;0;0;0;0;0;0;2725;0;0;95;0;200;0;
6338;9005409;1053929472;16367616;1194590208;0;0;0;0;0;0;0;0;0;0;0;2866;0;0;95;0;200;0;
6339;6893178;1053929472;16367616;1194590208;0;0;0;0;0;0;0;0;0;0;0;3316;0;0;95;0;200;0;
6340;4906913;1053929472;16367616;1194590208;0;0;0;0;0;0;0;0;0;0;0;3567;0;0;95;0;200;0;
6341;6140846;1053929472;16367616;1194590208;0;0;0;0;0;0;0;0;0;0;0;3216;0;0;95;0;200;0;
6342;6872989;1053929472;16367616;1194590208;0;0;0;0;0;0;0;0;0;0;0;3206;0;0;95;0;200;0;
6343;3370731;1053929472;16367616;1194590208;0;0;0;0;0;0;0;0;0;0;0;3086;0;0;95;0;200;0;
6344;8090923;1053929472;16367616;1194590208;0;0;0;0;0;0;0;0;0;0;0;2865;0;0;95;0;200;0;
6345;5545099;1053929472;16367616;1194590208;0;0;0;0;0;0;0;0;0;0;0;2736;0;0;95;0;200;0;
6346;5074556;1053929472;16367616;1194590208;0;0;0;0;0;0;0;0;0;0;0;3226;0;0;95;0;200;0;
6347;5213307;1053929472;16367616;1194590208;0;0;0;0;0;0;0;0;0;0;0;3206;0;0;95;0;200;0;
6348;5217685;1053929472;16367616;1194590208;0;0;0;0;0;0;0;0;0;0;0;3467;0;0;95;0;200;0;
6349;4123603;1053929472;16367616;1194590208;0;0;0;0;0;0;0;0;0;0;0;2725;0;0;95;0;200;0;
6350;7686234;1053929472;16367616;1194590208;0;0;0;0;0;0;0;0;0;0;0;3767;0;0;95;0;200;0;
6351;5723544;1053929472;16367616;1194590208;0;0;0;0;0;0;0;0;0;0;0;3236;0;0;95;0;200;0;
6352;3314736;1053929472;16367616;1194590208;0;0;0;0;0;0;0;0;0;0;0;3035;0;0;95;0;200;0;
6353;4143019;1053929472;16367616;1194590208;0;0;0;0;0;0;0;0;0;0;0;3947;0;0;95;0;200;0;
6354;7950671;1053929472;16367616;1194590208;0;0;0;0;0;0;0;0;0;0;0;4027;0;0;95;0;200;0;
6355;1893892;1053929472;16367616;1194590208;0;0;0;0;0;0;0;0;0;0;0;2024;0;0;95;0;200;0;
6356;9833531;1053929472;16367616;1194590208;0;0;0;0;0;0;0;0;0;0;0;2815;0;0;95;0;200;0;
6357;6447221;1053929472;16367616;1194590208;0;0;0;0;0;0;0;0;0;0;0;3076;0;0;95;0;200;0;
6358;6588235;1053929472;16367616;1194590208;0;0;0;0;0;0;0;0;0;0;0;2945;0;0;95;0;200;0;
6359;6037061;1053929472;16367616;1194590208;0;0;0;0;0;0;0;0;0;0;0;2885;0;0;95;0;200;0;
6360;2627647;1053929472;16367616;1194590208;0;0;0;0;0;0;0;0;0;0;0;2254;0;0;95;0;200;0;
6361;3718994;1053929472;16367616;1194590208;0;0;0;0;0;0;0;0;0;0;0;2635;0;0;95;0;200;0;
6362;9924984;1053929472;16367616;1194590208;0;0;0;0;0;0;0;0;0;0;0;3065;0;0;95;0;200;0;
6363;5396400;1053929472;16367616;1194590208;0;0;0;0;0;0;0;0;0;0;0;2775;0;0;95;0;200;0;
6364;4582654;1053929472;16367616;1194590208;0;0;0;0;0;0;0;0;0;0;0;2946;0;0;95;0;200;0;
6365;5242321;1053929472;16367616;1194590208;0;0;0;0;0;0;0;0;0;0;0;3386;0;0;95;0;200;0;
6366;3474647;1053929472;16367616;1194590208;0;0;0;0;0;0;0;0;0;0;0;3456;0;0;95;0;200;0;
6367;3148345;1053929472;16367616;1194590208;0;0;0;0;0;0;0;0;0;0;0;2956;0;0;95;0;200;0;
6368;8134556;1053929472;16367616;1194590208;0;0;0;0;0;0;0;0;0;0;0;3186;0;0;95;0;200;0;
6369;5007972;1053929472;16367616;1194590208;0;0;0;0;0;0;0;0;0;0;0;3327;0;0;95;0;200;0;
6370;3743561;1053929472;16367616;1194590208;0;0;0;0;0;0;0;0;0;0;0;2595;0;0;95;0;200;0;
6371;3217614;1053929472;16367616;1194590208;0;0;0;0;0;0;0;0;0;0;0;3577;0;0;95;0;200;0;
6372;4341802;1053929472;16367616;1194590208;0;0;0;0;0;0;0;0;0;0;0;2675;0;0;95;0;200;0;
6373;3859528;1053929472;16367616;1194590208;0;0;0;0;0;0;0;0;0;0;0;3246;0;0;95;0;200;0;
6374;6747844;1053929472;16367616;1194590208;0;0;0;0;0;0;0;0;0;0;0;2835;0;0;95;0;200;0;
6375;5723845;1053929472;16367616;1194590208;0;0;0;0;0;0;0;0;0;0;0;2745;0;0;95;0;200;0;
6376;3747618;1053929472;16367616;1194590208;0;0;0;0;0;0;0;0;0;0;0;1924;0;0;95;0;200;0;
6377;3023360;1053929472;16367616;1194590208;0;0;0;0;0;0;0;0;0;0;0;1863;0;0;95;0;200;0;
6378;4244059;1053929472;16367616;1194590208;0;0;0;0;0;0;0;0;0;0;0;2665;0;0;95;0;200;0;
6379;3896928;1053929472;16367616;1194590208;0;0;0;0;0;0;0;0;0;0;0;3477;0;0;95;0;200;0;
6380;7360133;1053929472;16367616;1194590208;0;0;0;0;0;0;0;0;0;0;0;3116;0;0;95;0;200;0;
6381;4482186;1053929472;16367616;1194590208;0;0;0;0;0;0;0;0;0;0;0;2825;0;0;95;0;200;0;
6382;3131903;1053929472;16367616;1194590208;0;0;0;0;0;0;0;0;0;0;0;2054;0;0;95;0;200;0;
6383;1658951;1053929472;16367616;1194590208;0;0;0;0;0;0;0;0;0;0;0;2174;0;0;95;0;200;0;
6384;4461857;1053929472;16367616;1194590208;0;0;0;0;0;0;0;0;0;0;0;2274;0;0;95;0;200;0;
6385;3349551;1053929472;16367616;1194590208;0;0;0;0;0;0;0;0;0;0;0;2334;0;0;95;0;200;0;
6386;7712023;1053929472;16367616;1194590208;0;0;0;0;0;0;0;0;0;0;0;3667;0;0;95;0;200;0;
6387;6829538;1053929472;16367616;1194590208;0;0;0;0;0;0;0;0;0;0;0;3046;0;0;95;0;200;0;
6388;3318373;1053929472;16367616;1194590208;0;0;0;0;0;0;0;0;0;0;0;3827;0;0;95;0;200;0;
6389;1467522;1053929472;16367616;1194590208;0;0;0;0;0;0;0;0;0;0;0;2594;0;0;95;0;200;0;
6390;5380862;1053929472;16367616;1194590208;0;0;0;0;0;0;0;0;0;0;0;4048;0;0;95;0;200;0;
6391;3974594;1053929472;16367616;1194590208;0;0;0;0;0;0;0;0;0;0;0;2545;0;0;95;0;200;0;
6392;8205909;1053929472;16367616;1194590208;0;0;0;0;0;0;0;0;0;0;0;4388;0;0;95;0;200;0;
6393;7288719;1053929472;16367616;1194590208;0;0;0;0;0;0;0;0;0;0;0;2675;0;0;95;0;200;0;
6394;3255265;1053929472;16367616;1194590208;0;0;0;0;0;0;0;0;0;0;0;2104;0;0;95;0;200;0;
6395;2040878;1053929472;16367616;1194590208;0;0;0;0;0;0;0;0;0;0;0;1683;0;0;95;0;200;0;
6396;3751706;1053929472;16367616;1194590208;0;0;0;0;0;0;0;0;0;0;0;3066;0;0;95;0;200;0;
6397;4086364;1053929472;16367616;1194590208;0;0;0;0;0;0;0;0;0;0;0;4118;0;0;95;0;200;0;
6398;7364281;1053929472;16367616;1194590208;0;0;0;0;0;0;0;0;0;0;0;3166;0;0;95;0;200;0;
6399;5205121;1053929472;16367616;1194590208;0;0;0;0;0;0;0;0;0;0;0;2895;0;0;95;0;200;0;
6400;6060275;1053929472;16367616;1194590208;0;0;0;0;0;0;0;0;0;0;0;3186;0;0;95;0;200;0;
6401;3474306;1053929472;16367616;1194590208;0;0;0;0;0;0;0;0;0;0;0;2615;0;0;95;0;200;0;
6402;5291895;1053929472;16367616;1194590208;0;0;0;0;0;0;0;0;0;0;0;3486;0;0;95;0;200;0;
6403;5443268;1053929472;16367616;1194590208;0;0;0;0;0;0;0;0;0;0;0;2705;0;0;95;0;200;0;
6404;7795550;1053929472;16367616;1194590208;0;0;0;0;0;0;0;0;0;0;0;2956;0;0;95;0;200;0;
6405;6031391;1053929472;16367616;1194590208;0;0;0;0;0;0;0;0;0;0;0;3586;0;0;95;0;200;0;
6406;5169124;1053929472;16367616;1194590208;0;0;0;0;0;0;0;0;0;0;0;2705;0;0;95;0;200;0;
6407;4899629;1053929472;16367616;1194590208;0;0;0;0;0;0;0;0;0;0;0;3206;0;0;95;0;200;0;
6408;5253072;1053929472;16367616;1194590208;0;0;0;0;0;0;0;0;0;0;0;3997;0;0;95;0;200;0;
6409;1807150;1053929472;16367616;1194590208;0;0;0;0;0;0;0;0;0;0;0;2985;0;0;95;0;200;0;
6410;10471768;1053929472;16367616;1194590208;0;0;0;0;0;0;0;0;0;0;0;3577;0;0;95;0;200;0;
6411;5254444;1053929472;16367616;1194590208;0;0;0;0;0;0;0;0;0;0;0;245520;0;0;95;0;200;0;
6412;4694033;1053929472;16367616;1194590208;0;0;0;0;0;0;0;0;0;0;0;2765;0;0;95;0;200;0;
6413;3970166;1053929472;16367616;1194590208;0;0;0;0;0;0;0;0;0;0;0;3627;0;0;95;0;200;0;
6414;5217285;1053929472;16367616;1194590208;0;0;0;0;0;0;0;0;0;0;0;3476;0;0;95;0;200;0;
6415;3865960;1053929472;16367616;1194590208;0;0;0;0;0;0;0;0;0;0;0;2504;0;0;95;0;200;0;
6416;7155069;1053929472;16367616;1194590208;0;0;0;0;0;0;0;0;0;0;0;3096;0;0;95;0;200;0;
6417;5066091;1053929472;16367616;1194590208;0;0;0;0;0;0;0;0;0;0;0;2464;0;0;95;0;200;0;
6418;4084560;1053929472;16367616;1194590208;0;0;0;0;0;0;0;0;0;0;0;3767;0;0;95;0;200;0;
6419;2994025;1053929472;16367616;1194590208;0;0;0;0;0;0;0;0;0;0;0;2565;0;0;95;0;200;0;
6420;6778453;1053929472;16367616;1194590208;0;0;0;0;0;0;0;0;0;0;0;3296;0;0;95;0;200;0;
6421;5164325;1053929472;16367616;1194590208;0;0;0;0;0;0;0;0;0;0;0;2465;0;0;95;0;200;0;
6422;10204357;1053929472;16367616;1194590208;0;0;0;0;0;0;0;0;0;0;0;3005;0;0;95;0;200;0;
6423;5228064;1053929472;16367616;1194590208;0;0;0;0;0;0;0;0;0;0;0;2945;0;0;95;0;200;0;
6424;5050261;1053929472;16367616;1194590208;0;0;0;0;0;0;0;0;0;0;0;3346;0;0;95;0;200;0;
6425;2757541;1053929472;16367616;1194590208;0;0;0;0;0;0;0;0;0;0;0;3076;0;0;95;0;200;0;
6426;4008717;1053929472;16367616;1194590208;0;0;0;0;0;0;0;0;0;0;0;3276;0;0;95;0;200;0;
6427;1820164;1053929472;16367616;1194590208;0;0;0;0;0;0;0;0;0;0;0;2024;0;0;95;0;200;0;
6428;9373289;1053929472;16371712;1194594304;0;0;0;0;0;0;0;0;0;0;0;3096;0;0;95;0;200;0;
6429;2386365;1053929472;16371712;1194594304;0;0;0;0;0;0;0;0;0;0;0;2735;0;0;95;0;200;0;
6430;3206123;1053929472;16371712;1194594304;0;0;0;0;0;0;0;0;0;0;0;1964;0;0;95;0;200;0;
6431;3551821;1053929472;16371712;1194594304;0;0;0;0;0;0;0;0;0;0;0;2825;0;0;95;0;200;0;
6432;4663306;1053929472;16371712;1194594304;0;0;0;0;0;0;0;0;0;0;0;3086;0;0;95;0;200;0;
6433;2388379;1053929472;16371712;1194594304;0;0;0;0;0;0;0;0;0;0;0;2615;0;0;95;0;200;0;
6434;6423045;1053929472;16371712;1194594304;0;0;0;0;0;0;0;0;0;0;0;2655;0;0;95;0;200;0;
6435;6314011;1053929472;16371712;1194594304;0;0;0;0;0;0;0;0;0;0;0;3256;0;0;95;0;200;0;
6436;3407340;1053929472;16371712;1194594304;0;0;0;0;0;0;0;0;0;0;0;2535;0;0;95;0;200;0;
6437;3266195;1053929472;16371712;1194594304;0;0;0;0;0;0;0;0;0;0;0;2625;0;0;95;0;200;0;
6438;4131919;1053929472;16371712;1194594304;0;0;0;0;0;0;0;0;0;0;0;3296;0;0;95;0;200;0;
6439;4016683;1053929472;16371712;1194594304;0;0;0;0;0;0;0;0;0;0;0;2464;0;0;95;0;200;0;
6440;6617000;1053929472;16371712;1194594304;0;0;0;0;0;0;0;0;0;0;0;2976;0;0;95;0;200;0;
6441;4194776;1053929472;16371712;1194594304;0;0;0;0;0;0;0;0;0;0;0;2805;0;0;95;0;200;0;
6442;4516260;1053962240;16367616;1194590208;0;0;0;0;0;0;0;0;0;0;0;2876;0;0;95;0;200;0;
6443;3354792;1053962240;16367616;1194590208;0;0;0;0;0;0;0;0;0;0;0;2584;0;0;95;0;200;0;
6444;2254538;1053962240;16367616;1194590208;0;0;0;0;0;0;0;0;0;0;0;2094;0;0;95;0;200;0;
6445;3770421;1053962240;16367616;1194590208;0;0;0;0;0;0;0;0;0;0;0;2815;0;0;95;0;200;0;
6446;9126115;1053962240;16367616;1194590208;0;0;0;0;0;0;0;0;0;0;0;3096;0;0;95;0;200;0;
6447;5608258;1053962240;16367616;1194590208;0;0;0;0;0;0;0;0;0;0;0;4869;0;0;95;0;200;0;
6448;5054329;1053962240;16367616;1194590208;0;0;0;0;0;0;0;0;0;0;0;3316;0;0;95;0;200;0;
6449;3550008;1053962240;16367616;1194590208;0;0;0;0;0;0;0;0;0;0;0;11502;0;0;95;0;200;0;
6450;3003162;1053962240;16367616;1194590208;0;0;0;0;0;0;0;0;0;0;0;2635;0;0;95;0;200;0;
6451;5508210;1053962240;16367616;1194590208;0;0;0;0;0;0;0;0;0;0;0;2975;0;0;95;0;200;0;
6452;7586928;1053962240;16367616;1194590208;0;0;0;0;0;0;0;0;0;0;0;3416;0;0;95;0;200;0;
6453;6121601;1053962240;16367616;1194590208;0;0;0;0;0;0;0;0;0;0;0;2735;0;0;95;0;200;0;
6454;4129063;1053962240;16367616;1194590208;0;0;0;0;0;0;0;0;0;0;0;2845;0;0;95;0;200;0;
6455;3616492;1053962240;16367616;1194590208;0;0;0;0;0;0;0;0;0;0;0;3076;0;0;95;0;200;0;
6456;3503771;1053962240;16367616;1194590208;0;0;0;0;0;0;0;0;0;0;0;2345;0;0;95;0;200;0;
6457;2225654;1053962240;16367616;1194590208;0;0;0;0;0;0;0;0;0;0;0;2394;0;0;95;0;200;0;
6458;9922438;1053962240;16367616;1194590208;0;0;0;0;0;0;0;0;0;0;0;3046;0;0;95;0;200;0;
6459;3211002;1053962240;16367616;1194590208;0;0;0;0;0;0;0;0;0;0;0;2485;0;0;95;0;200;0;
6460;2555483;1053962240;16367616;1194590208;0;0;0;0;0;0;0;0;0;0;0;2755;0;0;95;0;200;0;
6461;6152989;1053962240;16367616;1194590208;0;0;0;0;0;0;0;0;0;0;0;3296;0;0;95;0;200;0;
6462;4297820;1053962240;16367616;1194590208;0;0;0;0;0;0;0;0;0;0;0;3006;0;0;95;0;200;0;
6463;2328347;1053962240;16367616;1194590208;0;0;0;0;0;0;0;0;0;0;0;3136;0;0;95;0;200;0;
6464;9072163;1053962240;16367616;1194590208;0;0;0;0;0;0;0;0;0;0;0;3196;0;0;95;0;200;0;
6465;6060385;1053962240;16367616;1194590208;0;0;0;0;0;0;0;0;0;0;0;3266;0;0;95;0;200;0;
6466;3104332;1053962240;16367616;1194590208;0;0;0;0;0;0;0;0;0;0;0;2034;0;0;95;0;200;0;
6467;3721019;1053962240;16367616;1194590208;0;0;0;0;0;0;0;0;0;0;0;3747;0;0;95;0;200;0;
6468;3601444;1053962240;16367616;1194590208;0;0;0;0;0;0;0;0;0;0;0;3226;0;0;95;0;200;0;
6469;2266611;1053962240;16367616;1194590208;0;0;0;0;0;0;0;0;0;0;0;1903;0;0;95;0;200;0;
6470;9462075;1053962240;16367616;1194590208;0;0;0;0;0;0;0;0;0;0;0;2595;0;0;95;0;200;0;
6471;5013913;1053962240;16367616;1194590208;0;0;0;0;0;0;0;0;0;0;0;2865;0;0;95;0;200;0;
6472;3804485;1053962240;16367616;1194590208;0;0;0;0;0;0;0;0;0;0;0;1913;0;0;95;0;200;0;
6473;3016978;1053962240;16367616;1194590208;0;0;0;0;0;0;0;0;0;0;0;2735;0;0;95;0;200;0;
6474;3661146;1053962240;16367616;1194590208;0;0;0;0;0;0;0;0;0;0;0;3026;0;0;95;0;200;0;
6475;955552;1053962240;16367616;1194590208;0;0;0;0;0;0;0;0;0;0;0;2214;0;0;95;0;200;0;
6476;8725403;1053962240;16367616;1194590208;0;0;0;0;0;0;0;0;0;0;0;2875;0;0;95;0;200;0;
6477;6828807;1053962240;16367616;1194590208;0;0;0;0;0;0;0;0;0;0;0;3647;0;0;95;0;200;0;
6478;6684416;1053962240;16367616;1194590208;0;0;0;0;0;0;0;0;0;0;0;3337;0;0;95;0;200;0;
6479;3259193;1053962240;16367616;1194590208;0;0;0;0;0;0;0;0;0;0;0;2645;0;0;95;0;200;0;
6480;3100955;1053962240;16367616;1194590208;0;0;0;0;0;0;0;0;0;0;0;2084;0;0;95;0;200;0;
6481;6721315;1053962240;16367616;1194590208;0;0;0;0;0;0;0;0;0;0;0;3356;0;0;95;0;200;0;
6482;8295858;1053962240;16367616;1194590208;0;0;0;0;0;0;0;0;0;0;0;3106;0;0;95;0;200;0;
6483;8023377;1053962240;16367616;1194590208;0;0;0;0;0;0;0;0;0;0;0;2705;0;0;95;0;200;0;
6484;3884805;1053962240;16367616;1194590208;0;0;0;0;0;0;0;0;0;0;0;2355;0;0;95;0;200;0;
6485;1623365;1053962240;16367616;1194590208;0;0;0;0;0;0;0;0;0;0;0;2084;0;0;95;0;200;0;
6486;2183245;1053962240;16367616;1194590208;0;0;0;0;0;0;0;0;0;0;0;1874;0;0;95;0;200;0;
6487;2289323;1053962240;16367616;1194590208;0;0;0;0;0;0;0;0;0;0;0;2625;0;0;95;0;200;0;
6488;10129677;1053962240;16367616;1194590208;0;0;0;0;0;0;0;0;0;0;0;3327;0;0;95;0;200;0;
6489;4461697;1053962240;16367616;1194590208;0;0;0;0;0;0;0;0;0;0;0;2615;0;0;95;0;200;0;
6490;2768923;1053962240;16367616;1194590208;0;0;0;0;0;0;0;0;0;0;0;1813;0;0;95;0;200;0;
6491;2978215;1053962240;16367616;1194590208;0;0;0;0;0;0;0;0;0;0;0;2695;0;0;95;0;200;0;
6492;3750283;1053962240;16367616;1194590208;0;0;0;0;0;0;0;0;0;0;0;2004;0;0;95;0;200;0;
6493;4194908;1053962240;16367616;1194590208;0;0;0;0;0;0;0;0;0;0;0;2905;0;0;95;0;200;0;
6494;6540095;1053962240;16367616;1194590208;0;0;0;0;0;0;0;0;0;0;0;2495;0;0;95;0;200;0;
6495;4277632;1053962240;16367616;1194590208;0;0;0;0;0;0;0;0;0;0;0;2314;0;0;95;0;200;0;
6496;5081960;1053962240;16367616;1194590208;0;0;0;0;0;0;0;0;0;0;0;2565;0;0;95;0;200;0;
6497;4012595;1053962240;16367616;1194590208;0;0;0;0;0;0;0;0;0;0;0;2585;0;0;95;0;200;0;
6498;4160022;1053962240;16367616;1194590208;0;0;0;0;0;0;0;0;0;0;0;2845;0;0;95;0;200;0;
6499;2575670;1053962240;16367616;1194590208;0;0;0;0;0;0;0;0;0;0;0;1934;0;0;95;0;200;0;
6500;7392885;1053962240;16367616;1194590208;0;0;0;0;0;0;0;0;0;0;0;3647;0;0;95;0;200;0;
6501;6796777;1053962240;16367616;1194590208;0;0;0;0;0;0;0;0;0;0;0;3827;0;0;95;0;200;0;
6502;3943917;1053962240;16367616;1194590208;0;0;0;0;0;0;0;0;0;0;0;2835;0;0;95;0;200;0;
6503;3605512;1053962240;16367616;1194590208;0;0;0;0;0;0;0;0;0;0;0;2815;0;0;95;0;200;0;
6504;5258662;1053962240;16367616;1194590208;0;0;0;0;0;0;0;0;0;0;0;69270;0;0;95;0;200;0;
6505;2492475;1053962240;16367616;1194590208;0;0;0;0;0;0;0;0;0;0;0;2315;0;0;95;0;200;0;
6506;5908310;1053962240;16367616;1194590208;0;0;0;0;0;0;0;0;0;0;0;3006;0;0;95;0;200;0;
6507;4905339;1053962240;16367616;1194590208;0;0;0;0;0;0;0;0;0;0;0;2455;0;0;95;0;200;0;
6508;4519596;1053962240;16367616;1194590208;0;0;0;0;0;0;0;0;0;0;0;2695;0;0;95;0;200;0;
6509;4891694;1053962240;16367616;1194590208;0;0;0;0;0;0;0;0;0;0;0;3256;0;0;95;0;200;0;
6510;5101959;1053962240;16367616;1194590208;0;0;0;0;0;0;0;0;0;0;0;3387;0;0;95;0;200;0;
6511;4206098;1053962240;16367616;1194590208;0;0;0;0;0;0;0;0;0;0;0;3216;0;0;95;0;200;0;
6512;7435374;1053962240;16367616;1194590208;0;0;0;0;0;0;0;0;0;0;0;2615;0;0;95;0;200;0;
6513;4636125;1053962240;16367616;1194590208;0;0;0;0;0;0;0;0;0;0;0;2905;0;0;95;0;200;0;
6514;2832543;1053962240;16367616;1194590208;0;0;0;0;0;0;0;0;0;0;0;2615;0;0;95;0;200;0;
6515;2244269;1053962240;16367616;1194590208;0;0;0;0;0;0;0;0;0;0;0;2334;0;0;95;0;200;0;
6516;5581748;1053962240;16367616;1194590208;0;0;0;0;0;0;0;0;0;0;0;2845;0;0;95;0;200;0;
6517;4930817;1053962240;16367616;1194590208;0;0;0;0;0;0;0;0;0;0;0;2665;0;0;95;0;200;0;
6518;7931414;1053962240;16367616;1194590208;0;0;0;0;0;0;0;0;0;0;0;3817;0;0;95;0;200;0;
6519;5671777;1053962240;16367616;1194590208;0;0;0;0;0;0;0;0;0;0;0;3466;0;0;95;0;200;0;
6520;3904923;1053962240;16367616;1194590208;0;0;0;0;0;0;0;0;0;0;0;2515;0;0;95;0;200;0;
6521;3012930;1053962240;16367616;1194590208;0;0;0;0;0;0;0;0;0;0;0;3406;0;0;95;0;200;0;
6522;4123473;1053962240;16367616;1194590208;0;0;0;0;0;0;0;0;0;0;0;3897;0;0;95;0;200;0;
6523;3939729;1053962240;16367616;1194590208;0;0;0;0;0;0;0;0;0;0;0;2074;0;0;95;0;200;0;
6524;10513717;1053962240;16375808;1194598400;0;0;0;0;0;0;0;0;0;0;0;3567;0;0;95;0;200;0;
6525;4059103;1053962240;16379904;1194602496;0;0;0;0;0;0;0;0;0;0;0;2965;0;0;95;0;200;0;
6526;4315493;1053962240;16379904;1194602496;0;0;0;0;0;0;0;0;0;0;0;2354;0;0;95;0;200;0;
6527;4526689;1053962240;16379904;1194602496;0;0;0;0;0;0;0;0;0;0;0;2875;0;0;95;0;200;0;
6528;4543291;1053962240;16379904;1194602496;0;0;0;0;0;0;0;0;0;0;0;3056;0;0;95;0;200;0;
6529;4276340;1053962240;16379904;1194602496;0;0;0;0;0;0;0;0;0;0;0;3867;0;0;95;0;200;0;
6530;9141203;1053962240;16379904;1194602496;0;0;0;0;0;0;0;0;0;0;0;3246;0;0;95;0;200;0;
6531;3628906;1053962240;16379904;1194602496;0;0;0;0;0;0;0;0;0;0;0;2665;0;0;95;0;200;0;
6532;2243307;1053962240;16379904;1194602496;0;0;0;0;0;0;0;0;0;0;0;1693;0;0;95;0;200;0;
6533;2264346;1053962240;16379904;1194602496;0;0;0;0;0;0;0;0;0;0;0;1964;0;0;95;0;200;0;
6534;5845132;1053962240;16379904;1194602496;0;0;0;0;0;0;0;0;0;0;0;355376;0;0;95;0;200;0;
6535;4818447;1053962240;16379904;1194602496;0;0;0;0;0;0;0;0;0;0;0;3186;0;0;95;0;200;0;
6536;8777281;1053962240;16379904;1194602496;0;0;0;0;0;0;0;0;0;0;0;3627;0;0;95;0;200;0;
6537;4302269;1053962240;16379904;1194602496;0;0;0;0;0;0;0;0;0;0;0;3106;0;0;95;0;200;0;
6538;4164480;1053962240;16367616;1194590208;0;0;0;0;0;0;0;0;0;0;0;2104;0;0;95;0;200;0;
6539;2889499;1053962240;16367616;1194590208;0;0;0;0;0;0;0;0;0;0;0;2514;0;0;95;0;200;0;
6540;2106601;1053962240;16367616;1194590208;0;0;0;0;0;0;0;0;0;0;0;2234;0;0;95;0;200;0;
6541;1503430;1053962240;16367616;1194590208;0;0;0;0;0;0;0;0;0;0;0;1663;0;0;95;0;200;0;
6542;7977000;1053962240;16367616;1194590208;0;0;0;0;0;0;0;0;0;0;0;3126;0;0;95;0;200;0;
6543;9052888;1053962240;16367616;1194590208;0;0;0;0;0;0;0;0;0;0;0;3467;0;0;95;0;200;0;
6544;4727857;1053958144;16363520;1194586112;0;0;0;0;0;0;0;0;0;0;0;3166;0;0;95;0;200;0;
6545;3618686;1053958144;16363520;1194586112;0;0;0;0;0;0;0;0;0;0;0;2705;0;0;95;0;200;0;
6546;1784957;1053958144;16363520;1194586112;0;0;0;0;0;0;0;0;0;0;0;1933;0;0;95;0;200;0;
6547;2189306;1053958144;16363520;1194586112;0;0;0;0;0;0;0;0;0;0;0;1512;0;0;95;0;200;0;
6548;7905546;1053958144;16363520;1194586112;0;0;0;0;0;0;0;0;0;0;0;2845;0;0;95;0;200;0;
6549;6780907;1053958144;16367616;1194590208;0;0;0;0;0;0;0;0;0;0;0;4579;0;0;95;0;200;0;
6550;5511356;1053958144;16367616;1194590208;0;0;0;0;0;0;0;0;0;0;0;2856;0;0;95;0;200;0;
6551;3765732;1053958144;16367616;1194590208;0;0;0;0;0;0;0;0;0;0;0;3376;0;0;95;0;200;0;
6552;2489008;1053958144;16367616;1194590208;0;0;0;0;0;0;0;0;0;0;0;2204;0;0;95;0;200;0;
6553;2326052;1053958144;16367616;1194590208;0;0;0;0;0;0;0;0;0;0;0;1643;0;0;95;0;200;0;
6554;8452782;1053958144;16367616;1194590208;0;0;0;0;0;0;0;0;0;0;0;161352;0;0;95;0;200;0;
6555;5372886;1053958144;16367616;1194590208;0;0;0;0;0;0;0;0;0;0;0;3236;0;0;95;0;200;0;
6556;5074967;1053958144;16367616;1194590208;0;0;0;0;0;0;0;0;0;0;0;2505;0;0;95;0;200;0;
6557;2503655;1053958144;16367616;1194590208;0;0;0;0;0;0;0;0;0;0;0;2394;0;0;95;0;200;0;
6558;3675703;1053958144;16367616;1194590208;0;0;0;0;0;0;0;0;0;0;0;3237;0;0;95;0;200;0;
6559;4970943;1053958144;16367616;1194590208;0;0;0;0;0;0;0;0;0;0;0;3697;0;0;95;0;200;0;
6560;6510530;1053958144;16367616;1194590208;0;0;0;0;0;0;0;0;0;0;0;2534;0;0;95;0;200;0;
6561;8849125;1053958144;16367616;1194590208;0;0;0;0;0;0;0;0;0;0;0;3116;0;0;95;0;200;0;
6562;6674347;1053958144;16367616;1194590208;0;0;0;0;0;0;0;0;0;0;0;4598;0;0;95;0;200;0;
6563;5414915;1053958144;16367616;1194590208;0;0;0;0;0;0;0;0;0;0;0;3226;0;0;95;0;200;0;
6564;5191567;1053958144;16367616;1194590208;0;0;0;0;0;0;0;0;0;0;0;4639;0;0;95;0;200;0;
6565;5191907;1053958144;16367616;1194590208;0;0;0;0;0;0;0;0;0;0;0;3416;0;0;95;0;200;0;
6566;8119457;1053958144;16367616;1194590208;0;0;0;0;0;0;0;0;0;0;0;3717;0;0;95;0;200;0;
6567;7016900;1053958144;16367616;1194590208;0;0;0;0;0;0;0;0;0;0;0;3686;0;0;95;0;200;0;
6568;5936022;1053958144;16367616;1194590208;0;0;0;0;0;0;0;0;0;0;0;3056;0;0;95;0;200;0;
6569;4576683;1053958144;16367616;1194590208;0;0;0;0;0;0;0;0;0;0;0;2886;0;0;95;0;200;0;
6570;5109001;1053958144;16367616;1194590208;0;0;0;0;0;0;0;0;0;0;0;114184;0;0;95;0;200;0;
6571;5851825;1053958144;16367616;1194590208;0;0;0;0;0;0;0;0;0;0;0;2906;0;0;95;0;200;0;
6572;9527428;1053958144;16367616;1194590208;0;0;0;0;0;0;0;0;0;0;0;2825;0;0;95;0;200;0;
6573;5535461;1053958144;16367616;1194590208;0;0;0;0;0;0;0;0;0;0;0;3636;0;0;95;0;200;0;
6574;3891808;1053958144;16367616;1194590208;0;0;0;0;0;0;0;0;0;0;0;2375;0;0;95;0;200;0;
6575;3577128;1053958144;16367616;1194590208;0;0;0;0;0;0;0;0;0;0;0;2965;0;0;95;0;200;0;
6576;4374393;1053958144;16367616;1194590208;0;0;0;0;0;0;0;0;0;0;0;3156;0;0;95;0;200;0;
6577;3134078;1053958144;16367616;1194590208;0;0;0;0;0;0;0;0;0;0;0;3626;0;0;95;0;200;0;
6578;9805559;1053958144;16367616;1194590208;0;0;0;0;0;0;0;0;0;0;0;3236;0;0;95;0;200;0;
6579;5012510;1053958144;16367616;1194590208;0;0;0;0;0;0;0;0;0;0;0;3757;0;0;95;0;200;0;
6580;5593941;1053958144;16367616;1194590208;0;0;0;0;0;0;0;0;0;0;0;3607;0;0;95;0;200;0;
6581;5572581;1053958144;16367616;1194590208;0;0;0;0;0;0;0;0;0;0;0;3787;0;0;95;0;200;0;
6582;4691549;1053958144;16367616;1194590208;0;0;0;0;0;0;0;0;0;0;0;3577;0;0;95;0;200;0;
6583;3693868;1053958144;16367616;1194590208;0;0;0;0;0;0;0;0;0;0;0;3226;0;0;95;0;200;0;
6584;12120109;1053958144;16367616;1194590208;0;0;0;0;0;0;0;0;0;0;0;3797;0;0;95;0;200;0;
6585;4422815;1053958144;16367616;1194590208;0;0;0;0;0;0;0;0;0;0;0;3627;0;0;95;0;200;0;
6586;6848704;1053958144;16367616;1194590208;0;0;0;0;0;0;0;0;0;0;0;3336;0;0;95;0;200;0;
6587;3924190;1053958144;16367616;1194590208;0;0;0;0;0;0;0;0;0;0;0;3687;0;0;95;0;200;0;
6588;4766318;1053958144;16367616;1194590208;0;0;0;0;0;0;0;0;0;0;0;2965;0;0;95;0;200;0;
6589;3804014;1053958144;16367616;1194590208;0;0;0;0;0;0;0;0;0;0;0;2906;0;0;95;0;200;0;
6590;8786278;1053958144;16367616;1194590208;0;0;0;0;0;0;0;0;0;0;0;3206;0;0;95;0;200;0;
6591;4164801;1053958144;16367616;1194590208;0;0;0;0;0;0;0;0;0;0;0;2725;0;0;95;0;200;0;
6592;4144543;1053958144;16367616;1194590208;0;0;0;0;0;0;0;0;0;0;0;3105;0;0;95;0;200;0;
6593;4368001;1053958144;16367616;1194590208;0;0;0;0;0;0;0;0;0;0;0;3546;0;0;95;0;200;0;
6594;6014510;1053958144;16367616;1194590208;0;0;0;0;0;0;0;0;0;0;0;2675;0;0;95;0;200;0;
6595;6087466;1053958144;16367616;1194590208;0;0;0;0;0;0;0;0;0;0;0;3326;0;0;95;0;200;0;
6596;10686481;1053958144;16367616;1194590208;0;0;0;0;0;0;0;0;0;0;0;3477;0;0;95;0;200;0;
6597;4771528;1053958144;16367616;1194590208;0;0;0;0;0;0;0;0;0;0;0;3557;0;0;95;0;200;0;
6598;6598325;1053958144;16367616;1194590208;0;0;0;0;0;0;0;0;0;0;0;3276;0;0;95;0;200;0;
6599;4530176;1053958144;16367616;1194590208;0;0;0;0;0;0;0;0;0;0;0;3436;0;0;95;0;200;0;
6600;4382840;1053958144;16367616;1194590208;0;0;0;0;0;0;0;0;0;0;0;3838;0;0;95;0;200;0;
6601;4761790;1053958144;16367616;1194590208;0;0;0;0;0;0;0;0;0;0;0;2926;0;0;95;0;200;0;
6602;10277975;1053958144;16367616;1194590208;0;0;0;0;0;0;0;0;0;0;0;3296;0;0;95;0;200;0;
6603;6989188;1053958144;16367616;1194590208;0;0;0;0;0;0;0;0;0;0;0;3757;0;0;95;0;200;0;
6604;5384649;1053958144;16367616;1194590208;0;0;0;0;0;0;0;0;0;0;0;2876;0;0;95;0;200;0;
6605;4716104;1053958144;16367616;1194590208;0;0;0;0;0;0;0;0;0;0;0;3757;0;0;95;0;200;0;
6606;6778152;1053958144;16367616;1194590208;0;0;0;0;0;0;0;0;0;0;0;3556;0;0;95;0;200;0;
6607;3055310;1053958144;16367616;1194590208;0;0;0;0;0;0;0;0;0;0;0;4108;0;0;95;0;200;0;
6608;10938954;1053958144;16367616;1194590208;0;0;0;0;0;0;0;0;0;0;0;3396;0;0;95;0;200;0;
6609;7006720;1053958144;16367616;1194590208;0;0;0;0;0;0;0;0;0;0;0;3156;0;0;95;0;200;0;
6610;6485733;1053958144;16367616;1194590208;0;0;0;0;0;0;0;0;0;0;0;3406;0;0;95;0;200;0;
6611;5414384;1053958144;16367616;1194590208;0;0;0;0;0;0;0;0;0;0;0;2895;0;0;95;0;200;0;
6612;6038895;1053958144;16367616;1194590208;0;0;0;0;0;0;0;0;0;0;0;3065;0;0;95;0;200;0;
6613;6053112;1053958144;16367616;1194590208;0;0;0;0;0;0;0;0;0;0;0;2474;0;0;95;0;200;0;
6614;9547746;1053958144;16367616;1194590208;0;0;0;0;0;0;0;0;0;0;0;3978;0;0;95;0;200;0;
6615;4617830;1053958144;16367616;1194590208;0;0;0;0;0;0;0;0;0;0;0;3266;0;0;95;0;200;0;
6616;5234486;1053958144;16367616;1194590208;0;0;0;0;0;0;0;0;0;0;0;2766;0;0;95;0;200;0;
6617;6430379;1053958144;16367616;1194590208;0;0;0;0;0;0;0;0;0;0;0;4018;0;0;95;0;200;0;
6618;7034362;1053958144;16367616;1194590208;0;0;0;0;0;0;0;0;0;0;0;2805;0;0;95;0;200;0;
6619;3540320;1053958144;16367616;1194590208;0;0;0;0;0;0;0;0;0;0;0;2515;0;0;95;0;200;0;
6620;10548633;1053958144;16367616;1194590208;0;0;0;0;0;0;0;0;0;0;0;3747;0;0;95;0;200;0;
6621;5789648;1053958144;16367616;1194590208;0;0;0;0;0;0;0;0;0;0;0;3617;0;0;95;0;200;0;
6622;3871460;1053958144;16367616;1194590208;0;0;0;0;0;0;0;0;0;0;0;2635;0;0;95;0;200;0;
6623;5044570;1053958144;16367616;1194590208;0;0;0;0;0;0;0;0;0;0;0;3246;0;0;95;0;200;0;
6624;5633805;1053958144;16367616;1194590208;0;0;0;0;0;0;0;0;0;0;0;3457;0;0;95;0;200;0;
6625;3388736;1053958144;16367616;1194590208;0;0;0;0;0;0;0;0;0;0;0;2956;0;0;95;0;200;0;
6626;9408364;1053958144;16367616;1194590208;0;0;0;0;0;0;0;0;0;0;0;3557;0;0;95;0;200;0;
6627;6897355;1053958144;16367616;1194590208;0;0;0;0;0;0;0;0;0;0;0;3757;0;0;95;0;200;0;
6628;4038925;1053958144;16367616;1194590208;0;0;0;0;0;0;0;0;0;0;0;3456;0;0;95;0;200;0;
6629;3998208;1053958144;16367616;1194590208;0;0;0;0;0;0;0;0;0;0;0;3507;0;0;95;0;200;0;
6630;7214660;1053958144;16367616;1194590208;0;0;0;0;0;0;0;0;0;0;0;81954;0;0;95;0;200;0;
6631;4623571;1053958144;16367616;1194590208;0;0;0;0;0;0;0;0;0;0;0;3126;0;0;95;0;200;0;
6632;10268878;1053958144;16367616;1194590208;0;0;0;0;0;0;0;0;0;0;0;3036;0;0;95;0;200;0;
6633;5160257;1053958144;16367616;1194590208;0;0;0;0;0;0;0;0;0;0;0;3186;0;0;95;0;200;0;
6634;5645747;1053958144;16367616;1194590208;0;0;0;0;0;0;0;0;0;0;0;2856;0;0;95;0;200;0;
6635;4124385;1053958144;16367616;1194590208;0;0;0;0;0;0;0;0;0;0;0;3447;0;0;95;0;200;0;
6636;5966069;1053958144;16367616;1194590208;0;0;0;0;0;0;0;0;0;0;0;3717;0;0;95;0;200;0;
6637;4921189;1053958144;16367616;1194590208;0;0;0;0;0;0;0;0;0;0;0;3266;0;0;95;0;200;0;
6638;11294552;1053958144;16367616;1194590208;0;0;0;0;0;0;0;0;0;0;0;3366;0;0;95;0;200;0;
6639;4320102;1053958144;16367616;1194590208;0;0;0;0;0;0;0;0;0;0;0;2916;0;0;95;0;200;0;
6640;4517843;1053958144;16367616;1194590208;0;0;0;0;0;0;0;0;0;0;0;2415;0;0;95;0;200;0;
6641;5396230;1053958144;16367616;1194590208;0;0;0;0;0;0;0;0;0;0;0;3487;0;0;95;0;200;0;
6642;6000794;1053958144;16367616;1194590208;0;0;0;0;0;0;0;0;0;0;0;3908;0;0;95;0;200;0;
6643;5159897;1053958144;16367616;1194590208;0;0;0;0;0;0;0;0;0;0;0;3145;0;0;95;0;200;0;
6644;10509800;1053958144;16367616;1194590208;0;0;0;0;0;0;0;0;0;0;0;3567;0;0;95;0;200;0;
6645;6592023;1053958144;16367616;1194590208;0;0;0;0;0;0;0;0;0;0;0;2625;0;0;95;0;200;0;
6646;3663901;1053958144;16367616;1194590208;0;0;0;0;0;0;0;0;0;0;0;3046;0;0;95;0;200;0;
6647;8440088;1053958144;16367616;1194590208;0;0;0;0;0;0;0;0;0;0;0;8266;0;0;95;0;200;0;
6648;5443839;1053958144;16367616;1194590208;0;0;0;0;0;0;0;0;0;0;0;3126;0;0;95;0;200;0;
6649;3178972;1053958144;16367616;1194590208;0;0;0;0;0;0;0;0;0;0;0;3376;0;0;95;0;200;0;
6650;8521962;1053958144;16367616;1194590208;0;0;0;0;0;0;0;0;0;0;0;3095;0;0;95;0;200;0;
6651;7658974;1053958144;16367616;1194590208;0;0;0;0;0;0;0;0;0;0;0;3256;0;0;95;0;200;0;
6652;4518655;1053958144;16367616;1194590208;0;0;0;0;0;0;0;0;0;0;0;3035;0;0;95;0;200;0;
6653;1773465;1053958144;16367616;1194590208;0;0;0;0;0;0;0;0;0;0;0;2435;0;0;95;0;200;0;
6654;4973247;1053958144;16367616;1194590208;0;0;0;0;0;0;0;0;0;0;0;2966;0;0;95;0;200;0;
6655;5846635;1053958144;16367616;1194590208;0;0;0;0;0;0;0;0;0;0;0;3166;0;0;95;0;200;0;
6656;8108346;1053958144;16367616;1194590208;0;0;0;0;0;0;0;0;0;0;0;3486;0;0;95;0;200;0;
6657;4121018;1053958144;16367616;1194590208;0;0;0;0;0;0;0;0;0;0;0;2875;0;0;95;0;200;0;
6658;5134749;1053958144;16367616;1194590208;0;0;0;0;0;0;0;0;0;0;0;3477;0;0;95;0;200;0;
6659;4503386;1053958144;16367616;1194590208;0;0;0;0;0;0;0;0;0;0;0;3086;0;0;95;0;200;0;
6660;4927360;1053958144;16367616;1194590208;0;0;0;0;0;0;0;0;0;0;0;3627;0;0;95;0;200;0;
6661;2193093;1053958144;16367616;1194590208;0;0;0;0;0;0;0;0;0;0;0;2524;0;0;95;0;200;0;
6662;9186058;1053958144;16367616;1194590208;0;0;0;0;0;0;0;0;0;0;0;3116;0;0;95;0;200;0;
6663;6144333;1053958144;16367616;1194590208;0;0;0;0;0;0;0;0;0;0;0;4007;0;0;95;0;200;0;
6664;6807136;1053958144;16367616;1194590208;0;0;0;0;0;0;0;0;0;0;0;3135;0;0;95;0;200;0;
6665;5925522;1053958144;16367616;1194590208;0;0;0;0;0;0;0;0;0;0;0;3717;0;0;95;0;200;0;
6666;5166339;1053958144;16367616;1194590208;0;0;0;0;0;0;0;0;0;0;0;4168;0;0;95;0;200;0;
6667;4905179;1053958144;16367616;1194590208;0;0;0;0;0;0;0;0;0;0;0;3717;0;0;95;0;200;0;
6668;9949169;1053958144;16367616;1194590208;0;0;0;0;0;0;0;0;0;0;0;4007;0;0;95;0;200;0;
6669;4304943;1053958144;16367616;1194590208;0;0;0;0;0;0;0;0;0;0;0;2755;0;0;95;0;200;0;
6670;4731113;1053958144;16367616;1194590208;0;0;0;0;0;0;0;0;0;0;0;3337;0;0;95;0;200;0;
6671;3575325;1053958144;16367616;1194590208;0;0;0;0;0;0;0;0;0;0;0;3366;0;0;95;0;200;0;
6672;7117197;1053958144;16367616;1194590208;0;0;0;0;0;0;0;0;0;0;0;4959;0;0;95;0;200;0;
6673;4585159;1053958144;16367616;1194590208;0;0;0;0;0;0;0;0;0;0;0;2605;0;0;95;0;200;0;
6674;9689201;1053958144;16367616;1194590208;0;0;0;0;0;0;0;0;0;0;0;3617;0;0;95;0;200;0;
6675;8480093;1053958144;16367616;1194590208;0;0;0;0;0;0;0;0;0;0;0;3326;0;0;95;0;200;0;
6676;5480979;1053958144;16367616;1194590208;0;0;0;0;0;0;0;0;0;0;0;3216;0;0;95;0;200;0;
6677;5634767;1053958144;16367616;1194590208;0;0;0;0;0;0;0;0;0;0;0;3887;0;0;95;0;200;0;
6678;8183938;1053958144;16367616;1194590208;0;0;0;0;0;0;0;0;0;0;0;3247;0;0;95;0;200;0;
6679;3089043;1053958144;16367616;1194590208;0;0;0;0;0;0;0;0;0;0;0;3155;0;0;95;0;200;0;
6680;9392084;1053958144;16367616;1194590208;0;0;0;0;0;0;0;0;0;0;0;3426;0;0;95;0;200;0;
6681;6125969;1053958144;16367616;1194590208;0;0;0;0;0;0;0;0;0;0;0;2856;0;0;95;0;200;0;
6682;5311451;1053958144;16367616;1194590208;0;0;0;0;0;0;0;0;0;0;0;3055;0;0;95;0;200;0;
6683;5587860;1053958144;16367616;1194590208;0;0;0;0;0;0;0;0;0;0;0;3917;0;0;95;0;200;0;
6684;5926254;1053958144;16367616;1194590208;0;0;0;0;0;0;0;0;0;0;0;3426;0;0;95;0;200;0;
6685;3367185;1053958144;16367616;1194590208;0;0;0;0;0;0;0;0;0;0;0;3466;0;0;95;0;200;0;
6686;8030600;1053958144;16367616;1194590208;0;0;0;0;0;0;0;0;0;0;0;3096;0;0;95;0;200;0;
6687;8686680;1053958144;16367616;1194590208;0;0;0;0;0;0;0;0;0;0;0;3135;0;0;95;0;200;0;
6688;5565848;1053958144;16367616;1194590208;0;0;0;0;0;0;0;0;0;0;0;2655;0;0;95;0;200;0;
6689;3961830;1053958144;16367616;1194590208;0;0;0;0;0;0;0;0;0;0;0;3407;0;0;95;0;200;0;
6690;4801885;1053958144;16367616;1194590208;0;0;0;0;0;0;0;0;0;0;0;3246;0;0;95;0;200;0;
6691;3412189;1053958144;16367616;1194590208;0;0;0;0;0;0;0;0;0;0;0;3247;0;0;95;0;200;0;
6692;10623403;1053958144;16367616;1194590208;0;0;0;0;0;0;0;0;0;0;0;2896;0;0;95;0;200;0;
6693;6623392;1053958144;16367616;1194590208;0;0;0;0;0;0;0;0;0;0;0;3758;0;0;95;0;200;0;
6694;3454729;1053958144;16367616;1194590208;0;0;0;0;0;0;0;0;0;0;0;3517;0;0;95;0;200;0;
6695;6701007;1053958144;16367616;1194590208;0;0;0;0;0;0;0;0;0;0;0;3357;0;0;95;0;200;0;
6696;4381868;1053958144;16367616;1194590208;0;0;0;0;0;0;0;0;0;0;0;3477;0;0;95;0;200;0;
6697;2675848;1053958144;16367616;1194590208;0;0;0;0;0;0;0;0;0;0;0;2966;0;0;95;0;200;0;
6698;8659590;1053958144;16367616;1194590208;0;0;0;0;0;0;0;0;0;0;0;3196;0;0;95;0;200;0;
6699;4324901;1053958144;16367616;1194590208;0;0;0;0;0;0;0;0;0;0;0;2535;0;0;95;0;200;0;
6700;3272558;1053958144;16367616;1194590208;0;0;0;0;0;0;0;0;0;0;0;3336;0;0;95;0;200;0;
6701;4855786;1053958144;16367616;1194590208;0;0;0;0;0;0;0;0;0;0;0;3296;0;0;95;0;200;0;
6702;5287356;1053958144;16367616;1194590208;0;0;0;0;0;0;0;0;0;0;0;3517;0;0;95;0;200;0;
6703;3530391;1053958144;16367616;1194590208;0;0;0;0;0;0;0;0;0;0;0;3076;0;0;95;0;200;0;
6704;7999442;1053958144;16367616;1194590208;0;0;0;0;0;0;0;0;0;0;0;3216;0;0;95;0;200;0;
6705;6508766;1053958144;16367616;1194590208;0;0;0;0;0;0;0;0;0;0;0;2735;0;0;95;0;200;0;
6706;4214934;1053958144;16367616;1194590208;0;0;0;0;0;0;0;0;0;0;0;2535;0;0;95;0;200;0;
6707;4216979;1053958144;16367616;1194590208;0;0;0;0;0;0;0;0;0;0;0;2755;0;0;95;0;200;0;
6708;5881991;1053958144;16367616;1194590208;0;0;0;0;0;0;0;0;0;0;0;4268;0;0;95;0;200;0;
6709;5497550;1053958144;16367616;1194590208;0;0;0;0;0;0;0;0;0;0;0;2775;0;0;95;0;200;0;
6710;9833932;1053958144;16367616;1194590208;0;0;0;0;0;0;0;0;0;0;0;2846;0;0;95;0;200;0;
6711;5583020;1053958144;16367616;1194590208;0;0;0;0;0;0;0;0;0;0;0;4359;0;0;95;0;200;0;
6712;5368558;1053958144;16367616;1194590208;0;0;0;0;0;0;0;0;0;0;0;3136;0;0;95;0;200;0;
6713;4156275;1053958144;16367616;1194590208;0;0;0;0;0;0;0;0;0;0;0;3136;0;0;95;0;200;0;
6714;6576834;1053958144;16367616;1194590208;0;0;0;0;0;0;0;0;0;0;0;3366;0;0;95;0;200;0;
6715;3511475;1053958144;16367616;1194590208;0;0;0;0;0;0;0;0;0;0;0;2816;0;0;95;0;200;0;
6716;9123130;1053958144;16367616;1194590208;0;0;0;0;0;0;0;0;0;0;0;2405;0;0;95;0;200;0;
6717;5477702;1053958144;16367616;1194590208;0;0;0;0;0;0;0;0;0;0;0;3426;0;0;95;0;200;0;
6718;3921183;1053958144;16367616;1194590208;0;0;0;0;0;0;0;0;0;0;0;2485;0;0;95;0;200;0;
6719;3162060;1053958144;16367616;1194590208;0;0;0;0;0;0;0;0;0;0;0;2314;0;0;95;0;200;0;
6720;4910810;1053958144;16367616;1194590208;0;0;0;0;0;0;0;0;0;0;0;2856;0;0;95;0;200;0;
6721;4048793;1053958144;16367616;1194590208;0;0;0;0;0;0;0;0;0;0;0;3226;0;0;95;0;200;0;
6722;6770687;1053958144;16367616;1194590208;0;0;0;0;0;0;0;0;0;0;0;3296;0;0;95;0;200;0;
6723;6591402;1053958144;16367616;1194590208;0;0;0;0;0;0;0;0;0;0;0;2946;0;0;95;0;200;0;
6724;6184548;1053958144;16367616;1194590208;0;0;0;0;0;0;0;0;0;0;0;3326;0;0;95;0;200;0;
6725;2928261;1053958144;16367616;1194590208;0;0;0;0;0;0;0;0;0;0;0;3156;0;0;95;0;200;0;
6726;4865244;1053958144;16367616;1194590208;0;0;0;0;0;0;0;0;0;0;0;3667;0;0;95;0;200;0;
6727;4049745;1053958144;16367616;1194590208;0;0;0;0;0;0;0;0;0;0;0;3988;0;0;95;0;200;0;
6728;8582766;1053958144;16367616;1194590208;0;0;0;0;0;0;0;0;0;0;0;3156;0;0;95;0;200;0;
6729;4770095;1053958144;16367616;1194590208;0;0;0;0;0;0;0;0;0;0;0;3036;0;0;95;0;200;0;
6730;7130983;1053958144;16367616;1194590208;0;0;0;0;0;0;0;0;0;0;0;4628;0;0;95;0;200;0;
6731;4590709;1053958144;16367616;1194590208;0;0;0;0;0;0;0;0;0;0;0;3065;0;0;95;0;200;0;
6732;7097470;1053958144;16367616;1194590208;0;0;0;0;0;0;0;0;0;0;0;4398;0;0;95;0;200;0;
6733;3442346;1053958144;16367616;1194590208;0;0;0;0;0;0;0;0;0;0;0;3616;0;0;95;0;200;0;
6734;9497411;1053958144;16367616;1194590208;0;0;0;0;0;0;0;0;0;0;0;2806;0;0;95;0;200;0;
6735;7921916;1053958144;16367616;1194590208;0;0;0;0;0;0;0;0;0;0;0;3377;0;0;95;0;200;0;
6736;5897760;1053958144;16367616;1194590208;0;0;0;0;0;0;0;0;0;0;0;2895;0;0;95;0;200;0;
6737;4299964;1053958144;16367616;1194590208;0;0;0;0;0;0;0;0;0;0;0;3958;0;0;95;0;200;0;
6738;5719927;1053958144;16367616;1194590208;0;0;0;0;0;0;0;0;0;0;0;3086;0;0;95;0;200;0;
6739;4458531;1053958144;16367616;1194590208;0;0;0;0;0;0;0;0;0;0;0;3386;0;0;95;0;200;0;
6740;8552869;1053958144;16367616;1194590208;0;0;0;0;0;0;0;0;0;0;0;3426;0;0;95;0;200;0;
6741;8463061;1053958144;16367616;1194590208;0;0;0;0;0;0;0;0;0;0;0;3396;0;0;95;0;200;0;
6742;6056358;1053958144;16367616;1194590208;0;0;0;0;0;0;0;0;0;0;0;3236;0;0;95;0;200;0;
6743;5422089;1053958144;16367616;1194590208;0;0;0;0;0;0;0;0;0;0;0;3497;0;0;95;0;200;0;
6744;3706431;1053958144;16367616;1194590208;0;0;0;0;0;0;0;0;0;0;0;2946;0;0;95;0;200;0;
6745;6864023;1053958144;16367616;1194590208;0;0;0;0;0;0;0;0;0;0;0;3547;0;0;95;0;200;0;
6746;11712275;1053958144;16367616;1194590208;0;0;0;0;0;0;0;0;0;0;0;3126;0;0;95;0;200;0;
6747;5934619;1053958144;16367616;1194590208;0;0;0;0;0;0;0;0;0;0;0;2895;0;0;95;0;200;0;
6748;6116301;1053958144;16367616;1194590208;0;0;0;0;0;0;0;0;0;0;0;3346;0;0;95;0;200;0;
6749;4062769;1053958144;16367616;1194590208;0;0;0;0;0;0;0;0;0;0;0;3577;0;0;95;0;200;0;
6750;3155027;1053958144;16367616;1194590208;0;0;0;0;0;0;0;0;0;0;0;2614;0;0;95;0;200;0;
6751;3350653;1053958144;16367616;1194590208;0;0;0;0;0;0;0;0;0;0;0;61606;0;0;95;0;200;0;
6752;10895784;1053958144;16367616;1194590208;0;0;0;0;0;0;0;0;0;0;0;3576;0;0;95;0;200;0;
6753;6562507;1053958144;16367616;1194590208;0;0;0;0;0;0;0;0;0;0;0;3076;0;0;95;0;200;0;
6754;4728308;1053958144;16367616;1194590208;0;0;0;0;0;0;0;0;0;0;0;3086;0;0;95;0;200;0;
6755;4419087;1053958144;16367616;1194590208;0;0;0;0;0;0;0;0;0;0;0;3016;0;0;95;0;200;0;
6756;6206429;1053958144;16367616;1194590208;0;0;0;0;0;0;0;0;0;0;0;3046;0;0;95;0;200;0;
6757;4210206;1053958144;16367616;1194590208;0;0;0;0;0;0;0;0;0;0;0;3296;0;0;95;0;200;0;
6758;10038667;1053958144;16367616;1194590208;0;0;0;0;0;0;0;0;0;0;0;2856;0;0;95;0;200;0;
6759;4337956;1053958144;16367616;1194590208;0;0;0;0;0;0;0;0;0;0;0;2866;0;0;95;0;200;0;
6760;4579859;1053958144;16367616;1194590208;0;0;0;0;0;0;0;0;0;0;0;3045;0;0;95;0;200;0;
6761;5819314;1053958144;16367616;1194590208;0;0;0;0;0;0;0;0;0;0;0;4128;0;0;95;0;200;0;
6762;7082773;1053958144;16367616;1194590208;0;0;0;0;0;0;0;0;0;0;0;3116;0;0;95;0;200;0;
6763;11902963;1053958144;16367616;1194590208;0;0;0;0;0;0;0;0;0;0;0;3096;0;0;95;0;200;0;
6764;10590922;1053958144;16367616;1194590208;0;0;0;0;0;0;0;0;0;0;0;4368;0;0;95;0;200;0;
6765;6656112;1053958144;16367616;1194590208;0;0;0;0;0;0;0;0;0;0;0;3477;0;0;95;0;200;0;
6766;4962798;1053958144;16367616;1194590208;0;0;0;0;0;0;0;0;0;0;0;2845;0;0;95;0;200;0;
6767;4147528;1053958144;16367616;1194590208;0;0;0;0;0;0;0;0;0;0;0;3236;0;0;95;0;200;0;
6768;6734319;1053958144;16367616;1194590208;0;0;0;0;0;0;0;0;0;0;0;3647;0;0;95;0;200;0;
6769;3829412;1053958144;16367616;1194590208;0;0;0;0;0;0;0;0;0;0;0;2805;0;0;95;0;200;0;
6770;7379620;1053958144;16367616;1194590208;0;0;0;0;0;0;0;0;0;0;0;4819;0;0;95;0;200;0;
6771;4698822;1053958144;16367616;1194590208;0;0;0;0;0;0;0;0;0;0;0;3156;0;0;95;0;200;0;
6772;5344983;1053958144;16367616;1194590208;0;0;0;0;0;0;0;0;0;0;0;2364;0;0;95;0;200;0;
6773;3693517;1053958144;16367616;1194590208;0;0;0;0;0;0;0;0;0;0;0;3046;0;0;95;0;200;0;
6774;4579608;1053958144;16367616;1194590208;0;0;0;0;0;0;0;0;0;0;0;2675;0;0;95;0;200;0;
6775;4503065;1053958144;16367616;1194590208;0;0;0;0;0;0;0;0;0;0;0;34124;0;0;95;0;200;0;
6776;7931003;1053958144;16367616;1194590208;0;0;0;0;0;0;0;0;0;0;0;3466;0;0;95;0;200;0;
6777;4210437;1053958144;16367616;1194590208;0;0;0;0;0;0;0;0;0;0;0;2946;0;0;95;0;200;0;
6778;3991436;1053958144;16367616;1194590208;0;0;0;0;0;0;0;0;0;0;0;2134;0;0;95;0;200;0;
6779;4101542;1053958144;16367616;1194590208;0;0;0;0;0;0;0;0;0;0;0;2796;0;0;95;0;200;0;
6780;5243223;1053958144;16367616;1194590208;0;0;0;0;0;0;0;0;0;0;0;4048;0;0;95;0;200;0;
6781;3442356;1053958144;16367616;1194590208;0;0;0;0;0;0;0;0;0;0;0;2525;0;0;95;0;200;0;
6782;7855071;1053958144;16367616;1194590208;0;0;0;0;0;0;0;0;0;0;0;3857;0;0;95;0;200;0;
6783;3916014;1053958144;16367616;1194590208;0;0;0;0;0;0;0;0;0;0;0;2715;0;0;95;0;200;0;
6784;3625830;1053958144;16367616;1194590208;0;0;0;0;0;0;0;0;0;0;0;3226;0;0;95;0;200;0;
6785;2890070;1053958144;16367616;1194590208;0;0;0;0;0;0;0;0;0;0;0;3276;0;0;95;0;200;0;
6786;4387909;1053958144;16367616;1194590208;0;0;0;0;0;0;0;0;0;0;0;3236;0;0;95;0;200;0;
6787;3589172;1053958144;16367616;1194590208;0;0;0;0;0;0;0;0;0;0;0;2464;0;0;95;0;200;0;
6788;6401635;1053958144;16367616;1194590208;0;0;0;0;0;0;0;0;0;0;0;3917;0;0;95;0;200;0;
6789;5009575;1053958144;16367616;1194590208;0;0;0;0;0;0;0;0;0;0;0;3807;0;0;95;0;200;0;
6790;3502448;1053958144;16367616;1194590208;0;0;0;0;0;0;0;0;0;0;0;2344;0;0;95;0;200;0;
6791;3986646;1053958144;16367616;1194590208;0;0;0;0;0;0;0;0;0;0;0;2995;0;0;95;0;200;0;
6792;4068420;1053958144;16367616;1194590208;0;0;0;0;0;0;0;0;0;0;0;3146;0;0;95;0;200;0;
6793;2730551;1053958144;16367616;1194590208;0;0;0;0;0;0;0;0;0;0;0;2315;0;0;95;0;200;0;
6794;7048048;1053958144;16367616;1194590208;0;0;0;0;0;0;0;0;0;0;0;3587;0;0;95;0;200;0;
6795;4893627;1053958144;16367616;1194590208;0;0;0;0;0;0;0;0;0;0;0;2595;0;0;95;0;200;0;
6796;4099187;1053958144;16367616;1194590208;0;0;0;0;0;0;0;0;0;0;0;3206;0;0;95;0;200;0;
6797;4391927;1053958144;16367616;1194590208;0;0;0;0;0;0;0;0;0;0;0;2745;0;0;95;0;200;0;
6798;4382589;1053958144;16367616;1194590208;0;0;0;0;0;0;0;0;0;0;0;2525;0;0;95;0;200;0;
6799;4026221;1053958144;16367616;1194590208;0;0;0;0;0;0;0;0;0;0;0;2615;0;0;95;0;200;0;
6800;7301583;1053958144;16367616;1194590208;0;0;0;0;0;0;0;0;0;0;0;3316;0;0;95;0;200;0;
6801;4418216;1053958144;16367616;1194590208;0;0;0;0;0;0;0;0;0;0;0;2484;0;0;95;0;200;0;
6802;3965988;1053958144;16367616;1194590208;0;0;0;0;0;0;0;0;0;0;0;2846;0;0;95;0;200;0;
6803;2158197;1053958144;16367616;1194590208;0;0;0;0;0;0;0;0;0;0;0;2976;0;0;95;0;200;0;
6804;4498186;1053958144;16367616;1194590208;0;0;0;0;0;0;0;0;0;0;0;2765;0;0;95;0;200;0;
6805;2750389;1053958144;16367616;1194590208;0;0;0;0;0;0;0;0;0;0;0;2455;0;0;95;0;200;0;
6806;8188988;1053958144;16367616;1194590208;0;0;0;0;0;0;0;0;0;0;0;3246;0;0;95;0;200;0;
6807;3461492;1053958144;16367616;1194590208;0;0;0;0;0;0;0;0;0;0;0;2074;0;0;95;0;200;0;
6808;3498751;1053958144;16367616;1194590208;0;0;0;0;0;0;0;0;0;0;0;2235;0;0;95;0;200;0;
6809;2376657;1053958144;16367616;1194590208;0;0;0;0;0;0;0;0;0;0;0;3015;0;0;95;0;200;0;
6810;3758659;1053958144;16367616;1194590208;0;0;0;0;0;0;0;0;0;0;0;2936;0;0;95;0;200;0;
6811;3033018;1053958144;16367616;1194590208;0;0;0;0;0;0;0;0;0;0;0;1883;0;0;95;0;200;0;
6812;8727387;1053958144;16367616;1194590208;0;0;0;0;0;0;0;0;0;0;0;181110;0;0;95;0;200;0;
6813;4172235;1053958144;16367616;1194590208;0;0;0;0;0;0;0;0;0;0;0;3246;0;0;95;0;200;0;
6814;5595714;1053958144;16367616;1194590208;0;0;0;0;0;0;0;0;0;0;0;3186;0;0;95;0;200;0;
6815;3065039;1053958144;16367616;1194590208;0;0;0;0;0;0;0;0;0;0;0;2935;0;0;95;0;200;0;
6816;2649830;1053958144;16367616;1194590208;0;0;0;0;0;0;0;0;0;0;0;3086;0;0;95;0;200;0;
6817;3515242;1053958144;16367616;1194590208;0;0;0;0;0;0;0;0;0;0;0;2815;0;0;95;0;200;0;
6818;8033065;1053958144;16367616;1194590208;0;0;0;0;0;0;0;0;0;0;0;3446;0;0;95;0;200;0;
6819;5675293;1053958144;16367616;1194590208;0;0;0;0;0;0;0;0;0;0;0;3506;0;0;95;0;200;0;
6820;4294184;1053958144;16367616;1194590208;0;0;0;0;0;0;0;0;0;0;0;3005;0;0;95;0;200;0;
6821;4962026;1053958144;16367616;1194590208;0;0;0;0;0;0;0;0;0;0;0;2795;0;0;95;0;200;0;
6822;5126734;1053958144;16367616;1194590208;0;0;0;0;0;0;0;0;0;0;0;3006;0;0;95;0;200;0;
6823;2829777;1053958144;16367616;1194590208;0;0;0;0;0;0;0;0;0;0;0;3456;0;0;95;0;200;0;
6824;10640305;1053958144;16367616;1194590208;0;0;0;0;0;0;0;0;0;0;0;3366;0;0;95;0;200;0;
6825;6617200;1053958144;16367616;1194590208;0;0;0;0;0;0;0;0;0;0;0;3737;0;0;95;0;200;0;
6826;5214409;1053958144;16367616;1194590208;0;0;0;0;0;0;0;0;0;0;0;3457;0;0;95;0;200;0;
6827;3217504;1053958144;16367616;1194590208;0;0;0;0;0;0;0;0;0;0;0;2936;0;0;95;0;200;0;
6828;3814714;1053958144;16367616;1194590208;0;0;0;0;0;0;0;0;0;0;0;2735;0;0;95;0;200;0;
6829;3142574;1053958144;16367616;1194590208;0;0;0;0;0;0;0;0;0;0;0;2434;0;0;95;0;200;0;
6830;9232324;1053958144;16367616;1194590208;0;0;0;0;0;0;0;0;0;0;0;4028;0;0;95;0;200;0;
6831;6286961;1053958144;16367616;1194590208;0;0;0;0;0;0;0;0;0;0;0;3286;0;0;95;0;200;0;
6832;5095647;1053958144;16367616;1194590208;0;0;0;0;0;0;0;0;0;0;0;2746;0;0;95;0;200;0;
6833;3877883;1053958144;16367616;1194590208;0;0;0;0;0;0;0;0;0;0;0;4188;0;0;95;0;200;0;
6834;4387428;1053958144;16367616;1194590208;0;0;0;0;0;0;0;0;0;0;0;3356;0;0;95;0;200;0;
6835;3914912;1053958144;16367616;1194590208;0;0;0;0;0;0;0;0;0;0;0;2525;0;0;95;0;200;0;
6836;8405112;1053958144;16367616;1194590208;0;0;0;0;0;0;0;0;0;0;0;3166;0;0;95;0;200;0;
6837;5370942;1053958144;16367616;1194590208;0;0;0;0;0;0;0;0;0;0;0;2985;0;0;95;0;200;0;
6838;4933562;1053958144;16367616;1194590208;0;0;0;0;0;0;0;0;0;0;0;2594;0;0;95;0;200;0;
6839;3009984;1053958144;16367616;1194590208;0;0;0;0;0;0;0;0;0;0;0;2615;0;0;95;0;200;0;
6840;4898467;1053958144;16367616;1194590208;0;0;0;0;0;0;0;0;0;0;0;3387;0;0;95;0;200;0;
6841;4016903;1053958144;16367616;1194590208;0;0;0;0;0;0;0;0;0;0;0;3106;0;0;95;0;200;0;
6842;9085329;1053958144;16367616;1194590208;0;0;0;0;0;0;0;0;0;0;0;2645;0;0;95;0;200;0;
6843;4548320;1053958144;16367616;1194590208;0;0;0;0;0;0;0;0;0;0;0;3306;0;0;95;0;200;0;
6844;4592042;1053958144;16367616;1194590208;0;0;0;0;0;0;0;0;0;0;0;3717;0;0;95;0;200;0;
6845;3560968;1053958144;16367616;1194590208;0;0;0;0;0;0;0;0;0;0;0;2966;0;0;95;0;200;0;
6846;3664712;1053958144;16367616;1194590208;0;0;0;0;0;0;0;0;0;0;0;2134;0;0;95;0;200;0;
6847;3443558;1053958144;16367616;1194590208;0;0;0;0;0;0;0;0;0;0;0;2284;0;0;95;0;200;0;
6848;7788377;1053958144;16367616;1194590208;0;0;0;0;0;0;0;0;0;0;0;2985;0;0;95;0;200;0;
6849;4423466;1053958144;16367616;1194590208;0;0;0;0;0;0;0;0;0;0;0;2625;0;0;95;0;200;0;
6850;4489199;1053958144;16367616;1194590208;0;0;0;0;0;0;0;0;0;0;0;2475;0;0;95;0;200;0;
6851;5096979;1053958144;16367616;1194590208;0;0;0;0;0;0;0;0;0;0;0;3546;0;0;95;0;200;0;
6852;3870158;1053958144;16367616;1194590208;0;0;0;0;0;0;0;0;0;0;0;3126;0;0;95;0;200;0;
6853;2077195;1053958144;16367616;1194590208;0;0;0;0;0;0;0;0;0;0;0;2214;0;0;95;0;200;0;
6854;10213484;1053958144;16367616;1194590208;0;0;0;0;0;0;0;0;0;0;0;3196;0;0;95;0;200;0;
6855;7181638;1053958144;16367616;1194590208;0;0;0;0;0;0;0;0;0;0;0;2915;0;0;95;0;200;0;
6856;4677803;1053958144;16367616;1194590208;0;0;0;0;0;0;0;0;0;0;0;2584;0;0;95;0;200;0;
6857;3452936;1053958144;16367616;1194590208;0;0;0;0;0;0;0;0;0;0;0;2746;0;0;95;0;200;0;
6858;4373903;1053958144;16367616;1194590208;0;0;0;0;0;0;0;0;0;0;0;2745;0;0;95;0;200;0;
6859;4318078;1053958144;16367616;1194590208;0;0;0;0;0;0;0;0;0;0;0;2916;0;0;95;0;200;0;
6860;8580292;1053958144;16367616;1194590208;0;0;0;0;0;0;0;0;0;0;0;3176;0;0;95;0;200;0;
6861;7461193;1053958144;16367616;1194590208;0;0;0;0;0;0;0;0;0;0;0;2915;0;0;95;0;200;0;
6862;6508406;1053958144;16367616;1194590208;0;0;0;0;0;0;0;0;0;0;0;2605;0;0;95;0;200;0;
6863;4395453;1053958144;16367616;1194590208;0;0;0;0;0;0;0;0;0;0;0;2945;0;0;95;0;200;0;
6864;3218997;1053958144;16367616;1194590208;0;0;0;0;0;0;0;0;0;0;0;3416;0;0;95;0;200;0;
6865;3680042;1053958144;16367616;1194590208;0;0;0;0;0;0;0;0;0;0;0;3487;0;0;95;0;200;0;
6866;10488250;1053958144;16367616;1194590208;0;0;0;0;0;0;0;0;0;0;0;3717;0;0;95;0;200;0;
6867;8183006;1053958144;16367616;1194590208;0;0;0;0;0;0;0;0;0;0;0;3206;0;0;95;0;200;0;
6868;6251454;1053958144;16367616;1194590208;0;0;0;0;0;0;0;0;0;0;0;2966;0;0;95;0;200;0;
6869;6779975;1053958144;16367616;1194590208;0;0;0;0;0;0;0;0;0;0;0;2966;0;0;95;0;200;0;
6870;7234678;1053958144;16367616;1194590208;0;0;0;0;0;0;0;0;0;0;0;3857;0;0;95;0;200;0;
6871;4538732;1053958144;16367616;1194590208;0;0;0;0;0;0;0;0;0;0;0;2695;0;0;95;0;200;0;
6872;9649166;1053958144;16367616;1194590208;0;0;0;0;0;0;0;0;0;0;0;3347;0;0;95;0;200;0;
6873;6680288;1053958144;16367616;1194590208;0;0;0;0;0;0;0;0;0;0;0;2996;0;0;95;0;200;0;
6874;4193635;1053958144;16367616;1194590208;0;0;0;0;0;0;0;0;0;0;0;97753;0;0;95;0;200;0;
6875;5144037;1053958144;16367616;1194590208;0;0;0;0;0;0;0;0;0;0;0;3276;0;0;95;0;200;0;
6876;3931433;1053958144;16367616;1194590208;0;0;0;0;0;0;0;0;0;0;0;3005;0;0;95;0;200;0;
6877;2752843;1053958144;16367616;1194590208;0;0;0;0;0;0;0;0;0;0;0;2525;0;0;95;0;200;0;
6878;7109393;1053958144;16367616;1194590208;0;0;0;0;0;0;0;0;0;0;0;3707;0;0;95;0;200;0;
6879;6038865;1053958144;16367616;1194590208;0;0;0;0;0;0;0;0;0;0;0;2765;0;0;95;0;200;0;
6880;3893462;1053958144;16367616;1194590208;0;0;0;0;0;0;0;0;0;0;0;2615;0;0;95;0;200;0;
6881;4028635;1053958144;16367616;1194590208;0;0;0;0;0;0;0;0;0;0;0;3136;0;0;95;0;200;0;
6882;5473134;1053958144;16367616;1194590208;0;0;0;0;0;0;0;0;0;0;0;3697;0;0;95;0;200;0;
6883;3276675;1053958144;16367616;1194590208;0;0;0;0;0;0;0;0;0;0;0;1913;0;0;95;0;200;0;
6884;6773924;1053958144;16367616;1194590208;0;0;0;0;0;0;0;0;0;0;0;3106;0;0;95;0;200;0;
6885;4968268;1053958144;16367616;1194590208;0;0;0;0;0;0;0;0;0;0;0;3006;0;0;95;0;200;0;
6886;4226025;1053958144;16367616;1194590208;0;0;0;0;0;0;0;0;0;0;0;2414;0;0;95;0;200;0;
6887;2796404;1053958144;16367616;1194590208;0;0;0;0;0;0;0;0;0;0;0;3387;0;0;95;0;200;0;
6888;3209729;1053958144;16367616;1194590208;0;0;0;0;0;0;0;0;0;0;0;2635;0;0;95;0;200;0;
6889;2648527;1053958144;16367616;1194590208;0;0;0;0;0;0;0;0;0;0;0;2394;0;0;95;0;200;0;
6890;6720364;1053958144;16367616;1194590208;0;0;0;0;0;0;0;0;0;0;0;2876;0;0;95;0;200;0;
6891;6756511;1053958144;16367616;1194590208;0;0;0;0;0;0;0;0;0;0;0;3838;0;0;95;0;200;0;
6892;5683960;1053958144;16367616;1194590208;0;0;0;0;0;0;0;0;0;0;0;3306;0;0;95;0;200;0;
6893;2651372;1053958144;16367616;1194590208;0;0;0;0;0;0;0;0;0;0;0;2775;0;0;95;0;200;0;
6894;2648558;1053958144;16367616;1194590208;0;0;0;0;0;0;0;0;0;0;0;2194;0;0;95;0;200;0;
6895;2900489;1053958144;16367616;1194590208;0;0;0;0;0;0;0;0;0;0;0;3697;0;0;95;0;200;0;
6896;8995150;1053958144;16367616;1194590208;0;0;0;0;0;0;0;0;0;0;0;2885;0;0;95;0;200;0;
6897;4607491;1053958144;16367616;1194590208;0;0;0;0;0;0;0;0;0;0;0;2845;0;0;95;0;200;0;
6898;4139242;1053958144;16367616;1194590208;0;0;0;0;0;0;0;0;0;0;0;2896;0;0;95;0;200;0;
6899;4358304;1053958144;16367616;1194590208;0;0;0;0;0;0;0;0;0;0;0;2986;0;0;95;0;200;0;
6900;6383311;1053958144;16367616;1194590208;0;0;0;0;0;0;0;0;0;0;0;3396;0;0;95;0;200;0;
6901;2440397;1053958144;16367616;1194590208;0;0;0;0;0;0;0;0;0;0;0;2335;0;0;95;0;200;0;
6902;8098809;1053958144;16367616;1194590208;0;0;0;0;0;0;0;0;0;0;0;3547;0;0;95;0;200;0;
6903;5892310;1053958144;16367616;1194590208;0;0;0;0;0;0;0;0;0;0;0;3046;0;0;95;0;200;0;
6904;4534774;1053958144;16367616;1194590208;0;0;0;0;0;0;0;0;0;0;0;3938;0;0;95;0;200;0;
6905;4368843;1053958144;16367616;1194590208;0;0;0;0;0;0;0;0;0;0;0;3116;0;0;95;0;200;0;
6906;4226867;1053958144;16367616;1194590208;0;0;0;0;0;0;0;0;0;0;0;2855;0;0;95;0;200;0;
6907;2425829;1053958144;16367616;1194590208;0;0;0;0;0;0;0;0;0;0;0;2094;0;0;95;0;200;0;
6908;8332677;1053958144;16367616;1194590208;0;0;0;0;0;0;0;0;0;0;0;3065;0;0;95;0;200;0;
6909;3914571;1053958144;16367616;1194590208;0;0;0;0;0;0;0;0;0;0;0;2726;0;0;95;0;200;0;
6910;4694013;1053958144;16367616;1194590208;0;0;0;0;0;0;0;0;0;0;0;2695;0;0;95;0;200;0;
6911;3662819;1053958144;16367616;1194590208;0;0;0;0;0;0;0;0;0;0;0;2335;0;0;95;0;200;0;
6912;4161605;1053958144;16367616;1194590208;0;0;0;0;0;0;0;0;0;0;0;3477;0;0;95;0;200;0;
6913;4127631;1053958144;16367616;1194590208;0;0;0;0;0;0;0;0;0;0;0;3075;0;0;95;0;200;0;
6914;9294180;1053958144;16367616;1194590208;0;0;0;0;0;0;0;0;0;0;0;2846;0;0;95;0;200;0;
6915;4924405;1053958144;16367616;1194590208;0;0;0;0;0;0;0;0;0;0;0;2494;0;0;95;0;200;0;
6916;5481680;1053958144;16367616;1194590208;0;0;0;0;0;0;0;0;0;0;0;3376;0;0;95;0;200;0;
6917;3424632;1053958144;16367616;1194590208;0;0;0;0;0;0;0;0;0;0;0;3085;0;0;95;0;200;0;
6918;6217210;1053958144;16367616;1194590208;0;0;0;0;0;0;0;0;0;0;0;29736;0;0;95;0;200;0;
6919;3633814;1053958144;16367616;1194590208;0;0;0;0;0;0;0;0;0;0;0;2956;0;0;95;0;200;0;
6920;12146339;1053958144;16367616;1194590208;0;0;0;0;0;0;0;0;0;0;0;4028;0;0;95;0;200;0;
6921;7339324;1053958144;16367616;1194590208;0;0;0;0;0;0;0;0;0;0;0;3306;0;0;95;0;200;0;
6922;5588351;1053958144;16367616;1194590208;0;0;0;0;0;0;0;0;0;0;0;2795;0;0;95;0;200;0;
6923;2944242;1053958144;16367616;1194590208;0;0;0;0;0;0;0;0;0;0;0;2205;0;0;95;0;200;0;
6924;3961400;1053958144;16367616;1194590208;0;0;0;0;0;0;0;0;0;0;0;2906;0;0;95;0;200;0;
6925;3696683;1053958144;16367616;1194590208;0;0;0;0;0;0;0;0;0;0;0;3447;0;0;95;0;200;0;
6926;9376324;1053958144;16367616;1194590208;0;0;0;0;0;0;0;0;0;0;0;4138;0;0;95;0;200;0;
6927;5039982;1053958144;16367616;1194590208;0;0;0;0;0;0;0;0;0;0;0;2655;0;0;95;0;200;0;
6928;4587303;1053958144;16367616;1194590208;0;0;0;0;0;0;0;0;0;0;0;3567;0;0;95;0;200;0;
6929;4079230;1053958144;16367616;1194590208;0;0;0;0;0;0;0;0;0;0;0;3406;0;0;95;0;200;0;
6930;5986156;1053958144;16367616;1194590208;0;0;0;0;0;0;0;0;0;0;0;3095;0;0;95;0;200;0;
6931;4257174;1053958144;16367616;1194590208;0;0;0;0;0;0;0;0;0;0;0;2985;0;0;95;0;200;0;
6932;9222025;1053958144;16367616;1194590208;0;0;0;0;0;0;0;0;0;0;0;3416;0;0;95;0;200;0;
6933;4824057;1053958144;16367616;1194590208;0;0;0;0;0;0;0;0;0;0;0;3437;0;0;95;0;200;0;
6934;5012470;1053958144;16367616;1194590208;0;0;0;0;0;0;0;0;0;0;0;2836;0;0;95;0;200;0;
6935;3490316;1053958144;16367616;1194590208;0;0;0;0;0;0;0;0;0;0;0;3336;0;0;95;0;200;0;
6936;3831896;1053958144;16367616;1194590208;0;0;0;0;0;0;0;0;0;0;0;2755;0;0;95;0;200;0;
6937;3283618;1053958144;16367616;1194590208;0;0;0;0;0;0;0;0;0;0;0;2064;0;0;95;0;200;0;
6938;8109558;1053958144;16367616;1194590208;0;0;0;0;0;0;0;0;0;0;0;4428;0;0;95;0;200;0;
6939;5939308;1053958144;16367616;1194590208;0;0;0;0;0;0;0;0;0;0;0;4008;0;0;95;0;200;0;
6940;5634947;1053958144;16367616;1194590208;0;0;0;0;0;0;0;0;0;0;0;2875;0;0;95;0;200;0;
6941;3356234;1053958144;16367616;1194590208;0;0;0;0;0;0;0;0;0;0;0;2716;0;0;95;0;200;0;
6942;4927892;1053958144;16367616;1194590208;0;0;0;0;0;0;0;0;0;0;0;4448;0;0;95;0;200;0;
6943;4144112;1053958144;16367616;1194590208;0;0;0;0;0;0;0;0;0;0;0;3116;0;0;95;0;200;0;
6944;8338338;1053958144;16367616;1194590208;0;0;0;0;0;0;0;0;0;0;0;3757;0;0;95;0;200;0;
6945;4484761;1053958144;16367616;1194590208;0;0;0;0;0;0;0;0;0;0;0;2855;0;0;95;0;200;0;
6946;4923323;1053958144;16367616;1194590208;0;0;0;0;0;0;0;0;0;0;0;2485;0;0;95;0;200;0;
6947;4406934;1053958144;16367616;1194590208;0;0;0;0;0;0;0;0;0;0;0;3016;0;0;95;0;200;0;
6948;4926970;1053958144;16367616;1194590208;0;0;0;0;0;0;0;0;0;0;0;3025;0;0;95;0;200;0;
6949;3538987;1053958144;16367616;1194590208;0;0;0;0;0;0;0;0;0;0;0;3326;0;0;95;0;200;0;
6950;9392365;1053958144;16367616;1194590208;0;0;0;0;0;0;0;0;0;0;0;3076;0;0;95;0;200;0;
6951;5280363;1053958144;16367616;1194590208;0;0;0;0;0;0;0;0;0;0;0;3356;0;0;95;0;200;0;
6952;6277864;1053958144;16367616;1194590208;0;0;0;0;0;0;0;0;0;0;0;3867;0;0;95;0;200;0;
6953;10606291;1053958144;16367616;1194590208;0;0;0;0;0;0;0;0;0;0;0;3105;0;0;95;0;200;0;
6954;6074472;1053958144;16367616;1194590208;0;0;0;0;0;0;0;0;0;0;0;3937;0;0;95;0;200;0;
6955;4035468;1053958144;16367616;1194590208;0;0;0;0;0;0;0;0;0;0;0;2715;0;0;95;0;200;0;
6956;8071848;1053958144;16367616;1194590208;0;0;0;0;0;0;0;0;0;0;0;3066;0;0;95;0;200;0;
6957;6723800;1053958144;16367616;1194590208;0;0;0;0;0;0;0;0;0;0;0;3867;0;0;95;0;200;0;
6958;5686304;1053958144;16367616;1194590208;0;0;0;0;0;0;0;0;0;0;0;3086;0;0;95;0;200;0;
6959;4152798;1053958144;16367616;1194590208;0;0;0;0;0;0;0;0;0;0;0;3667;0;0;95;0;200;0;
6960;5234888;1053958144;16367616;1194590208;0;0;0;0;0;0;0;0;0;0;0;4669;0;0;95;0;200;0;
6961;4635102;1053958144;16367616;1194590208;0;0;0;0;0;0;0;0;0;0;0;3918;0;0;95;0;200;0;
6962;8541949;1053958144;16367616;1194590208;0;0;0;0;0;0;0;0;0;0;0;3366;0;0;95;0;200;0;
6963;5647762;1053958144;16367616;1194590208;0;0;0;0;0;0;0;0;0;0;0;3877;0;0;95;0;200;0;
6964;5637372;1053958144;16367616;1194590208;0;0;0;0;0;0;0;0;0;0;0;3316;0;0;95;0;200;0;
6965;3512187;1053958144;16367616;1194590208;0;0;0;0;0;0;0;0;0;0;0;3026;0;0;95;0;200;0;
6966;5694509;1053958144;16367616;1194590208;0;0;0;0;0;0;0;0;0;0;0;3156;0;0;95;0;200;0;
6967;3236029;1053958144;16367616;1194590208;0;0;0;0;0;0;0;0;0;0;0;3777;0;0;95;0;200;0;
6968;10654060;1053958144;16367616;1194590208;0;0;0;0;0;0;0;0;0;0;0;3447;0;0;95;0;200;0;
6969;5905435;1053958144;16367616;1194590208;0;0;0;0;0;0;0;0;0;0;0;3006;0;0;95;0;200;0;
6970;7138798;1053958144;16367616;1194590208;0;0;0;0;0;0;0;0;0;0;0;3196;0;0;95;0;200;0;
6971;3772885;1053958144;16367616;1194590208;0;0;0;0;0;0;0;0;0;0;0;2995;0;0;95;0;200;0;
6972;3565847;1053958144;16367616;1194590208;0;0;0;0;0;0;0;0;0;0;0;3477;0;0;95;0;200;0;
6973;1851963;1053958144;16367616;1194590208;0;0;0;0;0;0;0;0;0;0;0;1823;0;0;95;0;200;0;
6974;11385993;1053958144;16367616;1194590208;0;0;0;0;0;0;0;0;0;0;0;4077;0;0;95;0;200;0;
6975;6223070;1053958144;16367616;1194590208;0;0;0;0;0;0;0;0;0;0;0;3977;0;0;95;0;200;0;
6976;2324550;1053958144;16367616;1194590208;0;0;0;0;0;0;0;0;0;0;0;2224;0;0;95;0;200;0;
6977;3969945;1053958144;16367616;1194590208;0;0;0;0;0;0;0;0;0;0;0;3106;0;0;95;0;200;0;
6978;4824227;1053958144;16367616;1194590208;0;0;0;0;0;0;0;0;0;0;0;2965;0;0;95;0;200;0;
6979;3629346;1053958144;16367616;1194590208;0;0;0;0;0;0;0;0;0;0;0;2635;0;0;95;0;200;0;
6980;11181370;1053958144;16367616;1194590208;0;0;0;0;0;0;0;0;0;0;0;3637;0;0;95;0;200;0;
6981;7292306;1053958144;16367616;1194590208;0;0;0;0;0;0;0;0;0;0;0;3807;0;0;95;0;200;0;
6982;6481806;1053958144;16367616;1194590208;0;0;0;0;0;0;0;0;0;0;0;3507;0;0;95;0;200;0;
6983;3427357;1053958144;16367616;1194590208;0;0;0;0;0;0;0;0;0;0;0;3486;0;0;95;0;200;0;
6984;5049149;1053958144;16367616;1194590208;0;0;0;0;0;0;0;0;0;0;0;4609;0;0;95;0;200;0;
6985;4351841;1053958144;16367616;1194590208;0;0;0;0;0;0;0;0;0;0;0;4358;0;0;95;0;200;0;
6986;9384349;1053958144;16367616;1194590208;0;0;0;0;0;0;0;0;0;0;0;3607;0;0;95;0;200;0;
6987;5296873;1053958144;16367616;1194590208;0;0;0;0;0;0;0;0;0;0;0;3216;0;0;95;0;200;0;
6988;2615765;1053958144;16367616;1194590208;0;0;0;0;0;0;0;0;0;0;0;1964;0;0;95;0;200;0;
6989;2653486;1053958144;16367616;1194590208;0;0;0;0;0;0;0;0;0;0;0;4047;0;0;95;0;200;0;
6990;5824664;1053958144;16367616;1194590208;0;0;0;0;0;0;0;0;0;0;0;3997;0;0;95;0;200;0;
6991;3797642;1053958144;16367616;1194590208;0;0;0;0;0;0;0;0;0;0;0;3266;0;0;95;0;200;0;
6992;9650839;1053958144;16367616;1194590208;0;0;0;0;0;0;0;0;0;0;0;4509;0;0;95;0;200;0;
6993;4973948;1053958144;16367616;1194590208;0;0;0;0;0;0;0;0;0;0;0;3727;0;0;95;0;200;0;
6994;8512274;1053958144;16367616;1194590208;0;0;0;0;0;0;0;0;0;0;0;3767;0;0;95;0;200;0;
6995;5392052;1053958144;16367616;1194590208;0;0;0;0;0;0;0;0;0;0;0;2876;0;0;95;0;200;0;
6996;6830270;1053958144;16367616;1194590208;0;0;0;0;0;0;0;0;0;0;0;3677;0;0;95;0;200;0;
6997;4221026;1053958144;16367616;1194590208;0;0;0;0;0;0;0;0;0;0;0;4167;0;0;95;0;200;0;
6998;7992579;1053958144;16367616;1194590208;0;0;0;0;0;0;0;0;0;0;0;4098;0;0;95;0;200;0;
6999;6073319;1053958144;16367616;1194590208;0;0;0;0;0;0;0;0;0;0;0;3216;0;0;95;0;200;0;
7000;3891839;1053958144;16367616;1194590208;0;0;0;0;0;0;0;0;0;0;0;2014;0;0;95;0;200;0;
7001;2142669;1053958144;16367616;1194590208;0;0;0;0;0;0;0;0;0;0;0;2595;0;0;95;0;200;0;
7002;5271216;1053958144;16367616;1194590208;0;0;0;0;0;0;0;0;0;0;0;3607;0;0;95;0;200;0;
7003;3704197;1053958144;16367616;1194590208;0;0;0;0;0;0;0;0;0;0;0;4568;0;0;95;0;200;0;
7004;13378490;1053958144;16367616;1194590208;0;0;0;0;0;0;0;0;0;0;0;3487;0;0;95;0;200;0;
7005;8715605;1053958144;16367616;1194590208;0;0;0;0;0;0;0;0;0;0;0;3327;0;0;95;0;200;0;
7006;4136537;1053958144;16367616;1194590208;0;0;0;0;0;0;0;0;0;0;0;36398;0;0;95;0;200;0;
7007;2780555;1053958144;16367616;1194590208;0;0;0;0;0;0;0;0;0;0;0;2885;0;0;95;0;200;0;
7008;4718459;1053958144;16367616;1194590208;0;0;0;0;0;0;0;0;0;0;0;3246;0;0;95;0;200;0;
7009;5198770;1053958144;16367616;1194590208;0;0;0;0;0;0;0;0;0;0;0;3918;0;0;95;0;200;0;
7010;9158476;1053958144;16367616;1194590208;0;0;0;0;0;0;0;0;0;0;0;3787;0;0;95;0;200;0;
7011;4324139;1053958144;16367616;1194590208;0;0;0;0;0;0;0;0;0;0;0;3506;0;0;95;0;200;0;
7012;3358949;1053958144;16367616;1194590208;0;0;0;0;0;0;0;0;0;0;0;2275;0;0;95;0;200;0;
7013;2214333;1053958144;16367616;1194590208;0;0;0;0;0;0;0;0;0;0;0;2775;0;0;95;0;200;0;
7014;6675158;1053958144;16367616;1194590208;0;0;0;0;0;0;0;0;0;0;0;4258;0;0;95;0;200;0;
7015;6028826;1053958144;16367616;1194590208;0;0;0;0;0;0;0;0;0;0;0;3206;0;0;95;0;200;0;
7016;7388316;1053958144;16367616;1194590208;0;0;0;0;0;0;0;0;0;0;0;4007;0;0;95;0;200;0;
7017;8538844;1053958144;16367616;1194590208;0;0;0;0;0;0;0;0;0;0;0;3787;0;0;95;0;200;0;
7018;3700871;1053958144;16367616;1194590208;0;0;0;0;0;0;0;0;0;0;0;3246;0;0;95;0;200;0;
7019;2119415;1053958144;16367616;1194590208;0;0;0;0;0;0;0;0;0;0;0;2364;0;0;95;0;200;0;
7020;5979283;1053958144;16367616;1194590208;0;0;0;0;0;0;0;0;0;0;0;3636;0;0;95;0;200;0;
7021;5733914;1053958144;16367616;1194590208;0;0;0;0;0;0;0;0;0;0;0;3467;0;0;95;0;200;0;
7022;8983457;1053958144;16367616;1194590208;0;0;0;0;0;0;0;0;0;0;0;4107;0;0;95;0;200;0;
7023;6888800;1053958144;16367616;1194590208;0;0;0;0;0;0;0;0;0;0;0;3687;0;0;95;0;200;0;
7024;6960794;1053958144;16367616;1194590208;0;0;0;0;0;0;0;0;0;0;0;3176;0;0;95;0;200;0;
7025;2813907;1053958144;16367616;1194590208;0;0;0;0;0;0;0;0;0;0;0;2945;0;0;95;0;200;0;
7026;6461588;1053958144;16367616;1194590208;0;0;0;0;0;0;0;0;0;0;0;3116;0;0;95;0;200;0;
7027;5514091;1053958144;16367616;1194590208;0;0;0;0;0;0;0;0;0;0;0;3297;0;0;95;0;200;0;
7028;8164171;1053958144;16367616;1194590208;0;0;0;0;0;0;0;0;0;0;0;2875;0;0;95;0;200;0;
7029;4537299;1053958144;16367616;1194590208;0;0;0;0;0;0;0;0;0;0;0;2875;0;0;95;0;200;0;
7030;2396424;1053958144;16367616;1194590208;0;0;0;0;0;0;0;0;0;0;0;1943;0;0;95;0;200;0;
7031;2404299;1053958144;16367616;1194590208;0;0;0;0;0;0;0;0;0;0;0;2785;0;0;95;0;200;0;
7032;5531754;1053958144;16367616;1194590208;0;0;0;0;0;0;0;0;0;0;0;251181;0;0;95;0;200;0;
7033;2512602;1053958144;16367616;1194590208;0;0;0;0;0;0;0;0;0;0;0;2404;0;0;95;0;200;0;
7034;9350105;1053958144;16367616;1194590208;0;0;0;0;0;0;0;0;0;0;0;3627;0;0;95;0;200;0;
7035;7766245;1053958144;16367616;1194590208;0;0;0;0;0;0;0;0;0;0;0;4298;0;0;95;0;200;0;
7036;4484420;1053958144;16367616;1194590208;0;0;0;0;0;0;0;0;0;0;0;2976;0;0;95;0;200;0;
7037;4975271;1053958144;16367616;1194590208;0;0;0;0;0;0;0;0;0;0;0;3306;0;0;95;0;200;0;
7038;4833725;1053958144;16367616;1194590208;0;0;0;0;0;0;0;0;0;0;0;3717;0;0;95;0;200;0;
7039;4548981;1053958144;16367616;1194590208;0;0;0;0;0;0;0;0;0;0;0;3897;0;0;95;0;200;0;
7040;11138609;1053958144;16367616;1194590208;0;0;0;0;0;0;0;0;0;0;0;2935;0;0;95;0;200;0;
7041;4849675;1053958144;16367616;1194590208;0;0;0;0;0;0;0;0;0;0;0;4679;0;0;95;0;200;0;
7042;7241100;1053958144;16367616;1194590208;0;0;0;0;0;0;0;0;0;0;0;4148;0;0;95;0;200;0;
7043;5192247;1053958144;16367616;1194590208;0;0;0;0;0;0;0;0;0;0;0;3467;0;0;95;0;200;0;
7044;3647580;1053958144;16367616;1194590208;0;0;0;0;0;0;0;0;0;0;0;3757;0;0;95;0;200;0;
7045;5480388;1053958144;16367616;1194590208;0;0;0;0;0;0;0;0;0;0;0;3376;0;0;95;0;200;0;
7046;8455888;1053958144;16367616;1194590208;0;0;0;0;0;0;0;0;0;0;0;3256;0;0;95;0;200;0;
7047;3470899;1053958144;16367616;1194590208;0;0;0;0;0;0;0;0;0;0;0;3206;0;0;95;0;200;0;
7048;4207781;1053958144;16367616;1194590208;0;0;0;0;0;0;0;0;0;0;0;3396;0;0;95;0;200;0;
7049;4309292;1053958144;16367616;1194590208;0;0;0;0;0;0;0;0;0;0;0;8065;0;0;95;0;200;0;
7050;8266322;1053958144;16367616;1194590208;0;0;0;0;0;0;0;0;0;0;0;3837;0;0;95;0;200;0;
7051;4324260;1053958144;16367616;1194590208;0;0;0;0;0;0;0;0;0;0;0;2735;0;0;95;0;200;0;
7052;7263091;1053958144;16367616;1194590208;0;0;0;0;0;0;0;0;0;0;0;3737;0;0;95;0;200;0;
7053;6386657;1053958144;16367616;1194590208;0;0;0;0;0;0;0;0;0;0;0;3076;0;0;95;0;200;0;
7054;5080497;1053958144;16367616;1194590208;0;0;0;0;0;0;0;0;0;0;0;3376;0;0;95;0;200;0;
7055;3590804;1053958144;16367616;1194590208;0;0;0;0;0;0;0;0;0;0;0;3417;0;0;95;0;200;0;
7056;5992829;1053958144;16367616;1194590208;0;0;0;0;0;0;0;0;0;0;0;3617;0;0;95;0;200;0;
7057;9401852;1053958144;16367616;1194590208;0;0;0;0;0;0;0;0;0;0;0;3557;0;0;95;0;200;0;
7058;8424991;1053958144;16367616;1194590208;0;0;0;0;0;0;0;0;0;0;0;3416;0;0;95;0;200;0;
7059;6538853;1053958144;16367616;1194590208;0;0;0;0;0;0;0;0;0;0;0;3397;0;0;95;0;200;0;
7060;4620525;1053958144;16367616;1194590208;0;0;0;0;0;0;0;0;0;0;0;2825;0;0;95;0;200;0;
7061;4859142;1053958144;16367616;1194590208;0;0;0;0;0;0;0;0;0;0;0;2956;0;0;95;0;200;0;
7062;4442912;1053958144;16367616;1194590208;0;0;0;0;0;0;0;0;0;0;0;2926;0;0;95;0;200;0;
7063;3034731;1053958144;16367616;1194590208;0;0;0;0;0;0;0;0;0;0;0;2585;0;0;95;0;200;0;
7064;7305541;1053958144;16367616;1194590208;0;0;0;0;0;0;0;0;0;0;0;2695;0;0;95;0;200;0;
7065;6976804;1053958144;16367616;1194590208;0;0;0;0;0;0;0;0;0;0;0;3657;0;0;95;0;200;0;
7066;7128288;1053958144;16367616;1194590208;0;0;0;0;0;0;0;0;0;0;0;3797;0;0;95;0;200;0;
7067;4458401;1053958144;16367616;1194590208;0;0;0;0;0;0;0;0;0;0;0;3026;0;0;95;0;200;0;
7068;4418406;1053958144;16367616;1194590208;0;0;0;0;0;0;0;0;0;0;0;4067;0;0;95;0;200;0;
7069;3437697;1053958144;16367616;1194590208;0;0;0;0;0;0;0;0;0;0;0;3316;0;0;95;0;200;0;
7070;7834633;1053958144;16367616;1194590208;0;0;0;0;0;0;0;0;0;0;0;2696;0;0;95;0;200;0;
7071;5310068;1053958144;16367616;1194590208;0;0;0;0;0;0;0;0;0;0;0;3757;0;0;95;0;200;0;
7072;4740259;1053958144;16367616;1194590208;0;0;0;0;0;0;0;0;0;0;0;3587;0;0;95;0;200;0;
7073;4473981;1053958144;16367616;1194590208;0;0;0;0;0;0;0;0;0;0;0;2655;0;0;95;0;200;0;
7074;5190163;1053958144;16367616;1194590208;0;0;0;0;0;0;0;0;0;0;0;3787;0;0;95;0;200;0;
7075;5856033;1053958144;16367616;1194590208;0;0;0;0;0;0;0;0;0;0;0;3657;0;0;95;0;200;0;
7076;9743032;1053958144;16367616;1194590208;0;0;0;0;0;0;0;0;0;0;0;5540;0;0;95;0;200;0;
7077;7758831;1053958144;16367616;1194590208;0;0;0;0;0;0;0;0;0;0;0;3336;0;0;95;0;200;0;
7078;4890120;1053958144;16367616;1194590208;0;0;0;0;0;0;0;0;0;0;0;3407;0;0;95;0;200;0;
7079;3490616;1053958144;16367616;1194590208;0;0;0;0;0;0;0;0;0;0;0;2856;0;0;95;0;200;0;
7080;5488383;1053958144;16367616;1194590208;0;0;0;0;0;0;0;0;0;0;0;3096;0;0;95;0;200;0;
7081;4284275;1053958144;16367616;1194590208;0;0;0;0;0;0;0;0;0;0;0;4067;0;0;95;0;200;0;
7082;10549524;1053958144;16367616;1194590208;0;0;0;0;0;0;0;0;0;0;0;3587;0;0;95;0;200;0;
7083;6702540;1053958144;16367616;1194590208;0;0;0;0;0;0;0;0;0;0;0;3827;0;0;95;0;200;0;
7084;4886905;1053958144;16367616;1194590208;0;0;0;0;0;0;0;0;0;0;0;3055;0;0;95;0;200;0;
7085;3183741;1053958144;16367616;1194590208;0;0;0;0;0;0;0;0;0;0;0;3376;0;0;95;0;200;0;
7086;3619758;1053958144;16367616;1194590208;0;0;0;0;0;0;0;0;0;0;0;2555;0;0;95;0;200;0;
7087;3090396;1053958144;16367616;1194590208;0;0;0;0;0;0;0;0;0;0;0;2735;0;0;95;0;200;0;
7088;9488124;1053958144;16367616;1194590208;0;0;0;0;0;0;0;0;0;0;0;3066;0;0;95;0;200;0;
7089;3759500;1053958144;16367616;1194590208;0;0;0;0;0;0;0;0;0;0;0;2465;0;0;95;0;200;0;
7090;6712669;1053958144;16367616;1194590208;0;0;0;0;0;0;0;0;0;0;0;3647;0;0;95;0;200;0;
7091;5930031;1053958144;16367616;1194590208;0;0;0;0;0;0;0;0;0;0;0;4979;0;0;95;0;200;0;
7092;4140906;1053958144;16367616;1194590208;0;0;0;0;0;0;0;0;0;0;0;4028;0;0;95;0;200;0;
7093;2588635;1053958144;16367616;1194590208;0;0;0;0;0;0;0;0;0;0;0;3226;0;0;95;0;200;0;
7094;10341685;1053958144;16367616;1194590208;0;0;0;0;0;0;0;0;0;0;0;4549;0;0;95;0;200;0;
7095;4516129;1053958144;16367616;1194590208;0;0;0;0;0;0;0;0;0;0;0;3436;0;0;95;0;200;0;
7096;10247317;1053958144;16367616;1194590208;0;0;0;0;0;0;0;0;0;0;0;2324;0;0;95;0;200;0;
7097;5356124;1053958144;16367616;1194590208;0;0;0;0;0;0;0;0;0;0;0;4148;0;0;95;0;200;0;
7098;5397503;1053958144;16367616;1194590208;0;0;0;0;0;0;0;0;0;0;0;3837;0;0;95;0;200;0;
7099;2472878;1053958144;16367616;1194590208;0;0;0;0;0;0;0;0;0;0;0;2184;0;0;95;0;200;0;
7100;9242313;1053958144;16367616;1194590208;0;0;0;0;0;0;0;0;0;0;0;3527;0;0;95;0;200;0;
7101;5929279;1053958144;16367616;1194590208;0;0;0;0;0;0;0;0;0;0;0;4017;0;0;95;0;200;0;
7102;5308125;1053958144;16367616;1194590208;0;0;0;0;0;0;0;0;0;0;0;3125;0;0;95;0;200;0;
7103;3199249;1053958144;16367616;1194590208;0;0;0;0;0;0;0;0;0;0;0;3256;0;0;95;0;200;0;
7104;5586397;1053958144;16367616;1194590208;0;0;0;0;0;0;0;0;0;0;0;3045;0;0;95;0;200;0;
7105;3901788;1053958144;16367616;1194590208;0;0;0;0;0;0;0;0;0;0;0;2956;0;0;95;0;200;0;
7106;7556391;1053958144;16367616;1194590208;0;0;0;0;0;0;0;0;0;0;0;2966;0;0;95;0;200;0;
7107;5087741;1053958144;16367616;1194590208;0;0;0;0;0;0;0;0;0;0;0;2966;0;0;95;0;200;0;
7108;5224719;1053958144;16367616;1194590208;0;0;0;0;0;0;0;0;0;0;0;3166;0;0;95;0;200;0;
7109;3668380;1053958144;16367616;1194590208;0;0;0;0;0;0;0;0;0;0;0;3286;0;0;95;0;200;0;
7110;3664201;1053958144;16367616;1194590208;0;0;0;0;0;0;0;0;0;0;0;2165;0;0;95;0;200;0;
7111;4098907;1053958144;16367616;1194590208;0;0;0;0;0;0;0;0;0;0;0;2766;0;0;95;0;200;0;
7112;9809296;1053958144;16367616;1194590208;0;0;0;0;0;0;0;0;0;0;0;3547;0;0;95;0;200;0;
7113;4726865;1053958144;16367616;1194590208;0;0;0;0;0;0;0;0;0;0;0;2826;0;0;95;0;200;0;
7114;6154632;1053958144;16367616;1194590208;0;0;0;0;0;0;0;0;0;0;0;3807;0;0;95;0;200;0;
7115;4215025;1053958144;16367616;1194590208;0;0;0;0;0;0;0;0;0;0;0;3958;0;0;95;0;200;0;
7116;4774774;1053958144;16367616;1194590208;0;0;0;0;0;0;0;0;0;0;0;3947;0;0;95;0;200;0;
7117;4405171;1053958144;16367616;1194590208;0;0;0;0;0;0;0;0;0;0;0;2455;0;0;95;0;200;0;
7118;9493333;1053958144;16367616;1194590208;0;0;0;0;0;0;0;0;0;0;0;3036;0;0;95;0;200;0;
7119;5324776;1053958144;16367616;1194590208;0;0;0;0;0;0;0;0;0;0;0;243075;0;0;95;0;200;0;
7120;4933092;1053958144;16367616;1194590208;0;0;0;0;0;0;0;0;0;0;0;3927;0;0;95;0;200;0;
7121;5462224;1053958144;16367616;1194590208;0;0;0;0;0;0;0;0;0;0;0;4448;0;0;95;0;200;0;
7122;4992313;1053958144;16367616;1194590208;0;0;0;0;0;0;0;0;0;0;0;3566;0;0;95;0;200;0;
7123;3984162;1053958144;16367616;1194590208;0;0;0;0;0;0;0;0;0;0;0;2404;0;0;95;0;200;0;
7124;8219926;1053958144;16367616;1194590208;0;0;0;0;0;0;0;0;0;0;0;3487;0;0;95;0;200;0;
7125;5628476;1053958144;16367616;1194590208;0;0;0;0;0;0;0;0;0;0;0;3146;0;0;95;0;200;0;
7126;6232088;1053958144;16367616;1194590208;0;0;0;0;0;0;0;0;0;0;0;3186;0;0;95;0;200;0;
7127;4483629;1053958144;16367616;1194590208;0;0;0;0;0;0;0;0;0;0;0;3707;0;0;95;0;200;0;
7128;5410317;1053958144;16367616;1194590208;0;0;0;0;0;0;0;0;0;0;0;3236;0;0;95;0;200;0;
7129;4902945;1053958144;16367616;1194590208;0;0;0;0;0;0;0;0;0;0;0;2856;0;0;95;0;200;0;
7130;8486645;1053958144;16367616;1194590208;0;0;0;0;0;0;0;0;0;0;0;4509;0;0;95;0;200;0;
7131;4853643;1053958144;16367616;1194590208;0;0;0;0;0;0;0;0;0;0;0;3616;0;0;95;0;200;0;
7132;4677382;1053958144;16367616;1194590208;0;0;0;0;0;0;0;0;0;0;0;2474;0;0;95;0;200;0;
7133;4476295;1053958144;16367616;1194590208;0;0;0;0;0;0;0;0;0;0;0;3136;0;0;95;0;200;0;
7134;6191621;1053958144;16367616;1194590208;0;0;0;0;0;0;0;0;0;0;0;3757;0;0;95;0;200;0;
7135;3057714;1053958144;16367616;1194590208;0;0;0;0;0;0;0;0;0;0;0;2936;0;0;95;0;200;0;
7136;12814011;1053958144;16367616;1194590208;0;0;0;0;0;0;0;0;0;0;0;3336;0;0;95;0;200;0;
7137;6652376;1053958144;16367616;1194590208;0;0;0;0;0;0;0;0;0;0;0;4098;0;0;95;0;200;0;
7138;4092455;1053958144;16367616;1194590208;0;0;0;0;0;0;0;0;0;0;0;3747;0;0;95;0;200;0;
7139;3623666;1053958144;16367616;1194590208;0;0;0;0;0;0;0;0;0;0;0;5000;0;0;95;0;200;0;
7140;4651182;1053958144;16367616;1194590208;0;0;0;0;0;0;0;0;0;0;0;3166;0;0;95;0;200;0;
7141;2829326;1053958144;16367616;1194590208;0;0;0;0;0;0;0;0;0;0;0;1974;0;0;95;0;200;0;
7142;8661383;1053958144;16367616;1194590208;0;0;0;0;0;0;0;0;0;0;0;3457;0;0;95;0;200;0;
7143;6927251;1053958144;16367616;1194590208;0;0;0;0;0;0;0;0;0;0;0;3296;0;0;95;0;200;0;
7144;6329290;1053958144;16367616;1194590208;0;0;0;0;0;0;0;0;0;0;0;3507;0;0;95;0;200;0;
7145;3264513;1053958144;16367616;1194590208;0;0;0;0;0;0;0;0;0;0;0;182482;0;0;95;0;200;0;
7146;3684250;1053958144;16367616;1194590208;0;0;0;0;0;0;0;0;0;0;0;3747;0;0;95;0;200;0;
7147;3249314;1053958144;16367616;1194590208;0;0;0;0;0;0;0;0;0;0;0;2875;0;0;95;0;200;0;
7148;8216820;1053958144;16367616;1194590208;0;0;0;0;0;0;0;0;0;0;0;3937;0;0;95;0;200;0;
7149;5196045;1053958144;16367616;1194590208;0;0;0;0;0;0;0;0;0;0;0;4088;0;0;95;0;200;0;
7150;6838605;1053958144;16367616;1194590208;0;0;0;0;0;0;0;0;0;0;0;3837;0;0;95;0;200;0;
7151;3655937;1053958144;16367616;1194590208;0;0;0;0;0;0;0;0;0;0;0;2836;0;0;95;0;200;0;
7152;4762231;1053958144;16367616;1194590208;0;0;0;0;0;0;0;0;0;0;0;525666;0;0;95;0;200;0;
7153;4251964;1053958144;16367616;1194590208;0;0;0;0;0;0;0;0;0;0;0;3586;0;0;95;0;200;0;
7154;9423432;1053958144;16367616;1194590208;0;0;0;0;0;0;0;0;0;0;0;3446;0;0;95;0;200;0;
7155;5280032;1053958144;16367616;1194590208;0;0;0;0;0;0;0;0;0;0;0;3817;0;0;95;0;200;0;
7156;4788700;1053958144;16367616;1194590208;0;0;0;0;0;0;0;0;0;0;0;2736;0;0;95;0;200;0;
7157;3511435;1053958144;16367616;1194590208;0;0;0;0;0;0;0;0;0;0;0;2955;0;0;95;0;200;0;
7158;4229412;1053958144;16367616;1194590208;0;0;0;0;0;0;0;0;0;0;0;2956;0;0;95;0;200;0;
7159;2894769;1053958144;16367616;1194590208;0;0;0;0;0;0;0;0;0;0;0;3477;0;0;95;0;200;0;
7160;9129040;1053958144;16367616;1194590208;0;0;0;0;0;0;0;0;0;0;0;3055;0;0;95;0;200;0;
7161;6437132;1053958144;16367616;1194590208;0;0;0;0;0;0;0;0;0;0;0;3396;0;0;95;0;200;0;
7162;6382329;1053958144;16367616;1194590208;0;0;0;0;0;0;0;0;0;0;0;3947;0;0;95;0;200;0;
7163;3652951;1053958144;16367616;1194590208;0;0;0;0;0;0;0;0;0;0;0;3106;0;0;95;0;200;0;
7164;5027328;1053958144;16367616;1194590208;0;0;0;0;0;0;0;0;0;0;0;38462;0;0;95;0;200;0;
7165;3071430;1053958144;16367616;1194590208;0;0;0;0;0;0;0;0;0;0;0;2574;0;0;95;0;200;0;
7166;7619068;1053958144;16367616;1194590208;0;0;0;0;0;0;0;0;0;0;0;3497;0;0;95;0;200;0;
7167;4713730;1053958144;16367616;1194590208;0;0;0;0;0;0;0;0;0;0;0;200455;0;0;95;0;200;0;
7168;3648963;1053958144;16367616;1194590208;0;0;0;0;0;0;0;0;0;0;0;36107;0;0;95;0;200;0;
7169;4303370;1053958144;16367616;1194590208;0;0;0;0;0;0;0;0;0;0;0;2544;0;0;95;0;200;0;
7170;5169946;1053958144;16367616;1194590208;0;0;0;0;0;0;0;0;0;0;0;2935;0;0;95;0;200;0;
7171;3010776;1053958144;16367616;1194590208;0;0;0;0;0;0;0;0;0;0;0;2685;0;0;95;0;200;0;
7172;10462832;1053958144;16367616;1194590208;0;0;0;0;0;0;0;0;0;0;0;3086;0;0;95;0;200;0;
7173;5518389;1053958144;16367616;1194590208;0;0;0;0;0;0;0;0;0;0;0;3436;0;0;95;0;200;0;
7174;4739198;1053958144;16367616;1194590208;0;0;0;0;0;0;0;0;0;0;0;3226;0;0;95;0;200;0;
7175;4974809;1053958144;16367616;1194590208;0;0;0;0;0;0;0;0;0;0;0;3467;0;0;95;0;200;0;
7176;4360818;1053958144;16367616;1194590208;0;0;0;0;0;0;0;0;0;0;0;2775;0;0;95;0;200;0;
7177;5019073;1053958144;16367616;1194590208;0;0;0;0;0;0;0;0;0;0;0;4288;0;0;95;0;200;0;
7178;8826813;1053958144;16367616;1194590208;0;0;0;0;0;0;0;0;0;0;0;3226;0;0;95;0;200;0;
7179;6011294;1053958144;16367616;1194590208;0;0;0;0;0;0;0;0;0;0;0;3847;0;0;95;0;200;0;
7180;3930782;1053958144;16367616;1194590208;0;0;0;0;0;0;0;0;0;0;0;3136;0;0;95;0;200;0;
7181;2539733;1053958144;16367616;1194590208;0;0;0;0;0;0;0;0;0;0;0;1773;0;0;95;0;200;0;
7182;3068344;1053958144;16367616;1194590208;0;0;0;0;0;0;0;0;0;0;0;2074;0;0;95;0;200;0;
7183;2497484;1053958144;16367616;1194590208;0;0;0;0;0;0;0;0;0;0;0;1833;0;0;95;0;200;0;
7184;8175342;1053958144;16367616;1194590208;0;0;0;0;0;0;0;0;0;0;0;3647;0;0;95;0;200;0;
7185;6614424;1053958144;16367616;1194590208;0;0;0;0;0;0;0;0;0;0;0;2906;0;0;95;0;200;0;
7186;4205246;1053958144;16367616;1194590208;0;0;0;0;0;0;0;0;0;0;0;4358;0;0;95;0;200;0;
7187;3445001;1053958144;16367616;1194590208;0;0;0;0;0;0;0;0;0;0;0;2024;0;0;95;0;200;0;
7188;4531288;1053958144;16367616;1194590208;0;0;0;0;0;0;0;0;0;0;0;3206;0;0;95;0;200;0;
7189;2324670;1053958144;16367616;1194590208;0;0;0;0;0;0;0;0;0;0;0;1863;0;0;95;0;200;0;
7190;6667724;1053958144;16367616;1194590208;0;0;0;0;0;0;0;0;0;0;0;3115;0;0;95;0;200;0;
7191;3869346;1053958144;16367616;1194590208;0;0;0;0;0;0;0;0;0;0;0;4248;0;0;95;0;200;0;
7192;4702909;1053958144;16367616;1194590208;0;0;0;0;0;0;0;0;0;0;0;2996;0;0;95;0;200;0;
7193;6964000;1053958144;16367616;1194590208;0;0;0;0;0;0;0;0;0;0;0;2615;0;0;95;0;200;0;
7194;6591913;1053958144;16367616;1194590208;0;0;0;0;0;0;0;0;0;0;0;3737;0;0;95;0;200;0;
7195;6190820;1053958144;16367616;1194590208;0;0;0;0;0;0;0;0;0;0;0;3357;0;0;95;0;200;0;
7196;9229479;1053958144;16367616;1194590208;0;0;0;0;0;0;0;0;0;0;0;3937;0;0;95;0;200;0;
7197;5794536;1053958144;16367616;1194590208;0;0;0;0;0;0;0;0;0;0;0;3636;0;0;95;0;200;0;
7198;5805037;1053958144;16367616;1194590208;0;0;0;0;0;0;0;0;0;0;0;3407;0;0;95;0;200;0;
7199;5070870;1053958144;16367616;1194590208;0;0;0;0;0;0;0;0;0;0;0;3677;0;0;95;0;200;0;
7200;7799477;1053958144;16367616;1194590208;0;0;0;0;0;0;0;0;0;0;0;3487;0;0;95;0;200;0;
7201;1918228;1053958144;16367616;1194590208;0;0;0;0;0;0;0;0;0;0;0;1973;0;0;95;0;200;0;
7202;7063247;1053958144;16367616;1194590208;0;0;0;0;0;0;0;0;0;0;0;2875;0;0;95;0;200;0;
7203;10158962;1053958144;16367616;1194590208;0;0;0;0;0;0;0;0;0;0;0;4238;0;0;95;0;200;0;
7204;4909367;1053958144;16367616;1194590208;0;0;0;0;0;0;0;0;0;0;0;4789;0;0;95;0;200;0;
7205;2781967;1053958144;16367616;1194590208;0;0;0;0;0;0;0;0;0;0;0;2935;0;0;95;0;200;0;
7206;6894309;1053958144;16367616;1194590208;0;0;0;0;0;0;0;0;0;0;0;3146;0;0;95;0;200;0;
7207;3048276;1053958144;16367616;1194590208;0;0;0;0;0;0;0;0;0;0;0;2796;0;0;95;0;200;0;
7208;8699755;1053958144;16367616;1194590208;0;0;0;0;0;0;0;0;0;0;0;2976;0;0;95;0;200;0;
7209;6208022;1053958144;16367616;1194590208;0;0;0;0;0;0;0;0;0;0;0;4028;0;0;95;0;200;0;
7210;5948485;1053958144;16367616;1194590208;0;0;0;0;0;0;0;0;0;0;0;3025;0;0;95;0;200;0;
7211;2605156;1053958144;16367616;1194590208;0;0;0;0;0;0;0;0;0;0;0;3266;0;0;95;0;200;0;
7212;4104357;1053958144;16367616;1194590208;0;0;0;0;0;0;0;0;0;0;0;2214;0;0;95;0;200;0;
7213;2663986;1053958144;16367616;1194590208;0;0;0;0;0;0;0;0;0;0;0;2825;0;0;95;0;200;0;
7214;9624058;1053958144;16367616;1194590208;0;0;0;0;0;0;0;0;0;0;0;3196;0;0;95;0;200;0;
7215;4988275;1053958144;16367616;1194590208;0;0;0;0;0;0;0;0;0;0;0;3036;0;0;95;0;200;0;
7216;2886213;1053958144;16367616;1194590208;0;0;0;0;0;0;0;0;0;0;0;2725;0;0;95;0;200;0;
7217;1993899;1053958144;16367616;1194590208;0;0;0;0;0;0;0;0;0;0;0;2004;0;0;95;0;200;0;
7218;5780150;1053958144;16367616;1194590208;0;0;0;0;0;0;0;0;0;0;0;3506;0;0;95;0;200;0;
7219;5109201;1053958144;16367616;1194590208;0;0;0;0;0;0;0;0;0;0;0;3476;0;0;95;0;200;0;
7220;8920179;1053958144;16367616;1194590208;0;0;0;0;0;0;0;0;0;0;0;3427;0;0;95;0;200;0;
7221;7035935;1053958144;16367616;1194590208;0;0;0;0;0;0;0;0;0;0;0;3206;0;0;95;0;200;0;
7222;6982284;1053958144;16367616;1194590208;0;0;0;0;0;0;0;0;0;0;0;2915;0;0;95;0;200;0;
7223;3412801;1053958144;16367616;1194590208;0;0;0;0;0;0;0;0;0;0;0;3236;0;0;95;0;200;0;
7224;4423456;1053958144;16367616;1194590208;0;0;0;0;0;0;0;0;0;0;0;4078;0;0;95;0;200;0;
7225;7344814;1053958144;16367616;1194590208;0;0;0;0;0;0;0;0;0;0;0;2825;0;0;95;0;200;0;
7226;7690813;1053958144;16367616;1194590208;0;0;0;0;0;0;0;0;0;0;0;3456;0;0;95;0;200;0;
7227;6592865;1053958144;16367616;1194590208;0;0;0;0;0;0;0;0;0;0;0;3427;0;0;95;0;200;0;
7228;5615741;1053958144;16367616;1194590208;0;0;0;0;0;0;0;0;0;0;0;9027;0;0;95;0;200;0;
7229;4855406;1053958144;16367616;1194590208;0;0;0;0;0;0;0;0;0;0;0;3346;0;0;95;0;200;0;
7230;3625269;1053958144;16367616;1194590208;0;0;0;0;0;0;0;0;0;0;0;2825;0;0;95;0;200;0;
7231;4293231;1053958144;16367616;1194590208;0;0;0;0;0;0;0;0;0;0;0;3106;0;0;95;0;200;0;
7232;8674408;1053958144;16367616;1194590208;0;0;0;0;0;0;0;0;0;0;0;3066;0;0;95;0;200;0;
7233;6684837;1053958144;16367616;1194590208;0;0;0;0;0;0;0;0;0;0;0;2896;0;0;95;0;200;0;
7234;6028686;1053958144;16367616;1194590208;0;0;0;0;0;0;0;0;0;0;0;3046;0;0;95;0;200;0;
7235;4183946;1053958144;16367616;1194590208;0;0;0;0;0;0;0;0;0;0;0;3196;0;0;95;0;200;0;
7236;4450336;1053958144;16367616;1194590208;0;0;0;0;0;0;0;0;0;0;0;3787;0;0;95;0;200;0;
7237;6461628;1053958144;16367616;1194590208;0;0;0;0;0;0;0;0;0;0;0;3126;0;0;95;0;200;0;
7238;7666738;1053958144;16367616;1194590208;0;0;0;0;0;0;0;0;0;0;0;2976;0;0;95;0;200;0;
7239;6577425;1053958144;16367616;1194590208;0;0;0;0;0;0;0;0;0;0;0;3767;0;0;95;0;200;0;
7240;5011418;1053958144;16367616;1194590208;0;0;0;0;0;0;0;0;0;0;0;3677;0;0;95;0;200;0;
7241;4639100;1053958144;16367616;1194590208;0;0;0;0;0;0;0;0;0;0;0;2805;0;0;95;0;200;0;
7242;3823030;1053958144;16367616;1194590208;0;0;0;0;0;0;0;0;0;0;0;2865;0;0;95;0;200;0;
7243;3664523;1053958144;16367616;1194590208;0;0;0;0;0;0;0;0;0;0;0;3046;0;0;95;0;200;0;
7244;9535713;1053958144;16367616;1194590208;0;0;0;0;0;0;0;0;0;0;0;3647;0;0;95;0;200;0;
7245;5431406;1053958144;16367616;1194590208;0;0;0;0;0;0;0;0;0;0;0;2966;0;0;95;0;200;0;
7246;5086860;1053958144;16367616;1194590208;0;0;0;0;0;0;0;0;0;0;0;3907;0;0;95;0;200;0;
7247;5652110;1053958144;16367616;1194590208;0;0;0;0;0;0;0;0;0;0;0;3066;0;0;95;0;200;0;
7248;3806699;1053958144;16367616;1194590208;0;0;0;0;0;0;0;0;0;0;0;2995;0;0;95;0;200;0;
7249;2885992;1053958144;16367616;1194590208;0;0;0;0;0;0;0;0;0;0;0;2164;0;0;95;0;200;0;
7250;10101053;1053958144;16367616;1194590208;0;0;0;0;0;0;0;0;0;0;0;3297;0;0;95;0;200;0;
7251;2851988;1053958144;16371712;1194594304;0;0;0;0;0;0;0;0;0;0;0;2806;0;0;95;0;200;0;
7252;3309697;1053958144;16371712;1194594304;0;0;0;0;0;0;0;0;0;0;0;2174;0;0;95;0;200;0;
7253;4052199;1053958144;16371712;1194594304;0;0;0;0;0;0;0;0;0;0;0;3316;0;0;95;0;200;0;
7254;5862304;1053958144;16371712;1194594304;0;0;0;0;0;0;0;0;0;0;0;3246;0;0;95;0;200;0;
7255;3567901;1053958144;16371712;1194594304;0;0;0;0;0;0;0;0;0;0;0;3657;0;0;95;0;200;0;
7256;5904263;1053958144;16371712;1194594304;0;0;0;0;0;0;0;0;0;0;0;3387;0;0;95;0;200;0;
7257;5746006;1053958144;16371712;1194594304;0;0;0;0;0;0;0;0;0;0;0;3828;0;0;95;0;200;0;
7258;5908721;1053958144;16371712;1194594304;0;0;0;0;0;0;0;0;0;0;0;2645;0;0;95;0;200;0;
7259;2256903;1053958144;16371712;1194594304;0;0;0;0;0;0;0;0;0;0;0;3176;0;0;95;0;200;0;
7260;2437782;1053958144;16371712;1194594304;0;0;0;0;0;0;0;0;0;0;0;2004;0;0;95;0;200;0;
7261;2229892;1053958144;16371712;1194594304;0;0;0;0;0;0;0;0;0;0;0;2354;0;0;95;0;200;0;
7262;9925464;1053958144;16371712;1194594304;0;0;0;0;0;0;0;0;0;0;0;2976;0;0;95;0;200;0;
7263;4058451;1053958144;16371712;1194594304;0;0;0;0;0;0;0;0;0;0;0;2415;0;0;95;0;200;0;
7264;4538131;1053962240;16367616;1194590208;0;0;0;0;0;0;0;0;0;0;0;3587;0;0;95;0;200;0;
7265;4628299;1053962240;16367616;1194590208;0;0;0;0;0;0;0;0;0;0;0;3257;0;0;95;0;200;0;
7266;5844480;1053962240;16367616;1194590208;0;0;0;0;0;0;0;0;0;0;0;3847;0;0;95;0;200;0;
7267;3495125;1053962240;16367616;1194590208;0;0;0;0;0;0;0;0;0;0;0;3096;0;0;95;0;200;0;
7268;10560615;1053962240;16367616;1194590208;0;0;0;0;0;0;0;0;0;0;0;3337;0;0;95;0;200;0;
7269;7292947;1053962240;16367616;1194590208;0;0;0;0;0;0;0;0;0;0;0;3326;0;0;95;0;200;0;
7270;3756225;1053962240;16367616;1194590208;0;0;0;0;0;0;0;0;0;0;0;3176;0;0;95;0;200;0;
7271;3348370;1053962240;16367616;1194590208;0;0;0;0;0;0;0;0;0;0;0;2585;0;0;95;0;200;0;
7272;6201380;1053962240;16367616;1194590208;0;0;0;0;0;0;0;0;0;0;0;3196;0;0;95;0;200;0;
7273;5031737;1053962240;16367616;1194590208;0;0;0;0;0;0;0;0;0;0;0;3607;0;0;95;0;200;0;
7274;9258373;1053962240;16367616;1194590208;0;0;0;0;0;0;0;0;0;0;0;4118;0;0;95;0;200;0;
7275;4225635;1053962240;16367616;1194590208;0;0;0;0;0;0;0;0;0;0;0;2756;0;0;95;0;200;0;
7276;4856127;1053962240;16367616;1194590208;0;0;0;0;0;0;0;0;0;0;0;2795;0;0;95;0;200;0;
7277;5047216;1053962240;16367616;1194590208;0;0;0;0;0;0;0;0;0;0;0;3146;0;0;95;0;200;0;
7278;4172124;1053962240;16367616;1194590208;0;0;0;0;0;0;0;0;0;0;0;3076;0;0;95;0;200;0;
7279;5189643;1053962240;16367616;1194590208;0;0;0;0;0;0;0;0;0;0;0;3115;0;0;95;0;200;0;
7280;13030086;1053962240;16367616;1194590208;0;0;0;0;0;0;0;0;0;0;0;3697;0;0;95;0;200;0;
7281;7496739;1053962240;16367616;1194590208;0;0;0;0;0;0;0;0;0;0;0;3547;0;0;95;0;200;0;
7282;3398543;1053962240;16367616;1194590208;0;0;0;0;0;0;0;0;0;0;0;2865;0;0;95;0;200;0;
7283;4333587;1053962240;16367616;1194590208;0;0;0;0;0;0;0;0;0;0;0;2946;0;0;95;0;200;0;
7284;6536859;1053962240;16367616;1194590208;0;0;0;0;0;0;0;0;0;0;0;5400;0;0;95;0;200;0;
7285;6200728;1053962240;16367616;1194590208;0;0;0;0;0;0;0;0;0;0;0;3196;0;0;95;0;200;0;
7286;10716988;1053962240;16367616;1194590208;0;0;0;0;0;0;0;0;0;0;0;3066;0;0;95;0;200;0;
7287;5315378;1053962240;16367616;1194590208;0;0;0;0;0;0;0;0;0;0;0;3056;0;0;95;0;200;0;
7288;3478404;1053962240;16367616;1194590208;0;0;0;0;0;0;0;0;0;0;0;3476;0;0;95;0;200;0;
7289;6303993;1053962240;16367616;1194590208;0;0;0;0;0;0;0;0;0;0;0;2685;0;0;95;0;200;0;
7290;6993705;1053962240;16367616;1194590208;0;0;0;0;0;0;0;0;0;0;0;3376;0;0;95;0;200;0;
7291;3928598;1053962240;16367616;1194590208;0;0;0;0;0;0;0;0;0;0;0;2765;0;0;95;0;200;0;
7292;10897196;1053962240;16367616;1194590208;0;0;0;0;0;0;0;0;0;0;0;3026;0;0;95;0;200;0;
7293;5276926;1053962240;16367616;1194590208;0;0;0;0;0;0;0;0;0;0;0;3186;0;0;95;0;200;0;
7294;7395579;1053962240;16367616;1194590208;0;0;0;0;0;0;0;0;0;0;0;3577;0;0;95;0;200;0;
7295;4580420;1053962240;16367616;1194590208;0;0;0;0;0;0;0;0;0;0;0;3006;0;0;95;0;200;0;
7296;6688223;1053962240;16367616;1194590208;0;0;0;0;0;0;0;0;0;0;0;3677;0;0;95;0;200;0;
7297;4129785;1053962240;16367616;1194590208;0;0;0;0;0;0;0;0;0;0;0;2975;0;0;95;0;200;0;
7298;8257586;1053962240;16367616;1194590208;0;0;0;0;0;0;0;0;0;0;0;2665;0;0;95;0;200;0;
7299;8048825;1053962240;16367616;1194590208;0;0;0;0;0;0;0;0;0;0;0;3006;0;0;95;0;200;0;
7300;4744628;1053962240;16367616;1194590208;0;0;0;0;0;0;0;0;0;0;0;2896;0;0;95;0;200;0;
7301;5711081;1053962240;16367616;1194590208;0;0;0;0;0;0;0;0;0;0;0;4549;0;0;95;0;200;0;
7302;6720072;1053962240;16367616;1194590208;0;0;0;0;0;0;0;0;0;0;0;2925;0;0;95;0;200;0;
7303;4619082;1053962240;16367616;1194590208;0;0;0;0;0;0;0;0;0;0;0;3056;0;0;95;0;200;0;
7304;9841697;1053962240;16367616;1194590208;0;0;0;0;0;0;0;0;0;0;0;3998;0;0;95;0;200;0;
7305;8003129;1053962240;16367616;1194590208;0;0;0;0;0;0;0;0;0;0;0;3056;0;0;95;0;200;0;
7306;6650292;1053962240;16367616;1194590208;0;0;0;0;0;0;0;0;0;0;0;3106;0;0;95;0;200;0;
7307;5195152;1053962240;16367616;1194590208;0;0;0;0;0;0;0;0;0;0;0;2805;0;0;95;0;200;0;
7308;7294370;1053962240;16367616;1194590208;0;0;0;0;0;0;0;0;0;0;0;3557;0;0;95;0;200;0;
7309;3741336;1053962240;16367616;1194590208;0;0;0;0;0;0;0;0;0;0;0;3186;0;0;95;0;200;0;
7310;7463798;1053962240;16367616;1194590208;0;0;0;0;0;0;0;0;0;0;0;3065;0;0;95;0;200;0;
7311;6524105;1053962240;16367616;1194590208;0;0;0;0;0;0;0;0;0;0;0;5420;0;0;95;0;200;0;
7312;5253542;1053962240;16367616;1194590208;0;0;0;0;0;0;0;0;0;0;0;3246;0;0;95;0;200;0;
7313;5506376;1053962240;16367616;1194590208;0;0;0;0;0;0;0;0;0;0;0;4449;0;0;95;0;200;0;
7314;4563328;1053962240;16367616;1194590208;0;0;0;0;0;0;0;0;0;0;0;3006;0;0;95;0;200;0;
7315;5116836;1053962240;16367616;1194590208;0;0;0;0;0;0;0;0;0;0;0;3607;0;0;95;0;200;0;
7316;12935148;1053962240;16367616;1194590208;0;0;0;0;0;0;0;0;0;0;0;3807;0;0;95;0;200;0;
7317;6956476;1053962240;16367616;1194590208;0;0;0;0;0;0;0;0;0;0;0;2915;0;0;95;0;200;0;
7318;7654696;1053962240;16367616;1194590208;0;0;0;0;0;0;0;0;0;0;0;2905;0;0;95;0;200;0;
7319;3402591;1053962240;16367616;1194590208;0;0;0;0;0;0;0;0;0;0;0;2856;0;0;95;0;200;0;
7320;3970065;1053962240;16367616;1194590208;0;0;0;0;0;0;0;0;0;0;0;4048;0;0;95;0;200;0;
7321;3046543;1053962240;16367616;1194590208;0;0;0;0;0;0;0;0;0;0;0;3276;0;0;95;0;200;0;
7322;8046490;1053962240;16367616;1194590208;0;0;0;0;0;0;0;0;0;0;0;3376;0;0;95;0;200;0;
7323;7209270;1053962240;16367616;1194590208;0;0;0;0;0;0;0;0;0;0;0;3196;0;0;95;0;200;0;
7324;6020160;1053962240;16367616;1194590208;0;0;0;0;0;0;0;0;0;0;0;3577;0;0;95;0;200;0;
7325;4745470;1053962240;16367616;1194590208;0;0;0;0;0;0;0;0;0;0;0;3246;0;0;95;0;200;0;
7326;6430660;1053962240;16367616;1194590208;0;0;0;0;0;0;0;0;0;0;0;3076;0;0;95;0;200;0;
7327;3613366;1053962240;16367616;1194590208;0;0;0;0;0;0;0;0;0;0;0;2875;0;0;95;0;200;0;
7328;9645870;1053962240;16367616;1194590208;0;0;0;0;0;0;0;0;0;0;0;3076;0;0;95;0;200;0;
7329;5985355;1053962240;16367616;1194590208;0;0;0;0;0;0;0;0;0;0;0;2785;0;0;95;0;200;0;
7330;6415892;1053962240;16367616;1194590208;0;0;0;0;0;0;0;0;0;0;0;3496;0;0;95;0;200;0;
7331;5173352;1053962240;16367616;1194590208;0;0;0;0;0;0;0;0;0;0;0;2965;0;0;95;0;200;0;
7332;5953705;1053962240;16367616;1194590208;0;0;0;0;0;0;0;0;0;0;0;4218;0;0;95;0;200;0;
7333;5145740;1053962240;16367616;1194590208;0;0;0;0;0;0;0;0;0;0;0;2845;0;0;95;0;200;0;
7334;7913721;1053962240;16371712;1194594304;0;0;0;0;0;0;0;0;0;0;0;3015;0;0;95;0;200;0;
7335;6193385;1053962240;16375808;1194598400;0;0;0;0;0;0;0;0;0;0;0;3377;0;0;95;0;200;0;
7336;4258096;1053962240;16375808;1194598400;0;0;0;0;0;0;0;0;0;0;0;3045;0;0;95;0;200;0;
7337;5277107;1053962240;16375808;1194598400;0;0;0;0;0;0;0;0;0;0;0;2755;0;0;95;0;200;0;
7338;3548736;1053962240;16375808;1194598400;0;0;0;0;0;0;0;0;0;0;0;2875;0;0;95;0;200;0;
7339;2978306;1053962240;16375808;1194598400;0;0;0;0;0;0;0;0;0;0;0;2244;0;0;95;0;200;0;
7340;7909493;1053962240;16375808;1194598400;0;0;0;0;0;0;0;0;0;0;0;3547;0;0;95;0;200;0;
7341;7169976;1053962240;16375808;1194598400;0;0;0;0;0;0;0;0;0;0;0;3567;0;0;95;0;200;0;
7342;5847296;1053962240;16375808;1194598400;0;0;0;0;0;0;0;0;0;0;0;3156;0;0;95;0;200;0;
7343;5677608;1053962240;16375808;1194598400;0;0;0;0;0;0;0;0;0;0;0;3366;0;0;95;0;200;0;
7344;6563909;1053962240;16375808;1194598400;0;0;0;0;0;0;0;0;0;0;0;3637;0;0;95;0;200;0;
7345;3999762;1053962240;16375808;1194598400;0;0;0;0;0;0;0;0;0;0;0;3456;0;0;95;0;200;0;
7346;8106763;1053962240;16375808;1194598400;0;0;0;0;0;0;0;0;0;0;0;3196;0;0;95;0;200;0;
7347;3654704;1053962240;16375808;1194598400;0;0;0;0;0;0;0;0;0;0;0;3176;0;0;95;0;200;0;
7348;3977850;1053962240;16367616;1194590208;0;0;0;0;0;0;0;0;0;0;0;2174;0;0;95;0;200;0;
7349;2771267;1053962240;16367616;1194590208;0;0;0;0;0;0;0;0;0;0;0;2705;0;0;95;0;200;0;
7350;5071761;1053962240;16367616;1194590208;0;0;0;0;0;0;0;0;0;0;0;3196;0;0;95;0;200;0;
7351;4010180;1053962240;16367616;1194590208;0;0;0;0;0;0;0;0;0;0;0;4448;0;0;95;0;200;0;
7352;8307950;1053962240;16367616;1194590208;0;0;0;0;0;0;0;0;0;0;0;3526;0;0;95;0;200;0;
7353;4697089;1053962240;16367616;1194590208;0;0;0;0;0;0;0;0;0;0;0;3326;0;0;95;0;200;0;
7354;4319270;1053962240;16367616;1194590208;0;0;0;0;0;0;0;0;0;0;0;2224;0;0;95;0;200;0;
7355;4756841;1053962240;16367616;1194590208;0;0;0;0;0;0;0;0;0;0;0;3357;0;0;95;0;200;0;
7356;4295345;1053962240;16367616;1194590208;0;0;0;0;0;0;0;0;0;0;0;3757;0;0;95;0;200;0;
7357;2264486;1053962240;16367616;1194590208;0;0;0;0;0;0;0;0;0;0;0;2434;0;0;95;0;200;0;
7358;8798019;1053962240;16367616;1194590208;0;0;0;0;0;0;0;0;0;0;0;3907;0;0;95;0;200;0;
7359;5550159;1053962240;16367616;1194590208;0;0;0;0;0;0;0;0;0;0;0;2384;0;0;95;0;200;0;
7360;2859032;1053962240;16367616;1194590208;0;0;0;0;0;0;0;0;0;0;0;2294;0;0;95;0;200;0;
7361;2405401;1053962240;16367616;1194590208;0;0;0;0;0;0;0;0;0;0;0;7203;0;0;95;0;200;0;
7362;4124605;1053962240;16367616;1194590208;0;0;0;0;0;0;0;0;0;0;0;4007;0;0;95;0;200;0;
7363;2578165;1053962240;16367616;1194590208;0;0;0;0;0;0;0;0;0;0;0;2976;0;0;95;0;200;0;
7364;7712234;1053962240;16367616;1194590208;0;0;0;0;0;0;0;0;0;0;0;3156;0;0;95;0;200;0;
7365;3585384;1053962240;16367616;1194590208;0;0;0;0;0;0;0;0;0;0;0;2825;0;0;95;0;200;0;
7366;2197401;1053962240;16367616;1194590208;0;0;0;0;0;0;0;0;0;0;0;1423;0;0;95;0;200;0;
7367;2287610;1053962240;16367616;1194590208;0;0;0;0;0;0;0;0;0;0;0;2765;0;0;95;0;200;0;
7368;2701497;1053962240;16367616;1194590208;0;0;0;0;0;0;0;0;0;0;0;3677;0;0;95;0;200;0;
7369;3112808;1053962240;16367616;1194590208;0;0;0;0;0;0;0;0;0;0;0;2675;0;0;95;0;200;0;
7370;7454851;1053962240;16367616;1194590208;0;0;0;0;0;0;0;0;0;0;0;3156;0;0;95;0;200;0;
7371;4443003;1053962240;16367616;1194590208;0;0;0;0;0;0;0;0;0;0;0;2886;0;0;95;0;200;0;
7372;5762767;1053962240;16367616;1194590208;0;0;0;0;0;0;0;0;0;0;0;2555;0;0;95;0;200;0;
7373;2592021;1053962240;16367616;1194590208;0;0;0;0;0;0;0;0;0;0;0;3216;0;0;95;0;200;0;
7374;4269727;1053962240;16367616;1194590208;0;0;0;0;0;0;0;0;0;0;0;2274;0;0;95;0;200;0;
7375;3869186;1053962240;16367616;1194590208;0;0;0;0;0;0;0;0;0;0;0;2104;0;0;95;0;200;0;
7376;9226463;1053962240;16367616;1194590208;0;0;0;0;0;0;0;0;0;0;0;2575;0;0;95;0;200;0;
7377;2782869;1053962240;16367616;1194590208;0;0;0;0;0;0;0;0;0;0;0;2104;0;0;95;0;200;0;
7378;3515744;1053962240;16367616;1194590208;0;0;0;0;0;0;0;0;0;0;0;1563;0;0;95;0;200;0;
7379;3124200;1053962240;16367616;1194590208;0;0;0;0;0;0;0;0;0;0;0;2615;0;0;95;0;200;0;
7380;4059713;1053962240;16367616;1194590208;0;0;0;0;0;0;0;0;0;0;0;2505;0;0;95;0;200;0;
7381;4673454;1053962240;16367616;1194590208;0;0;0;0;0;0;0;0;0;0;0;2785;0;0;95;0;200;0;
7382;7281095;1053962240;16367616;1194590208;0;0;0;0;0;0;0;0;0;0;0;3066;0;0;95;0;200;0;
7383;6758625;1053962240;16367616;1194590208;0;0;0;0;0;0;0;0;0;0;0;3778;0;0;95;0;200;0;
7384;3691192;1053962240;16367616;1194590208;0;0;0;0;0;0;0;0;0;0;0;2064;0;0;95;0;200;0;
7385;1996183;1053962240;16367616;1194590208;0;0;0;0;0;0;0;0;0;0;0;2164;0;0;95;0;200;0;
7386;3007199;1053962240;16367616;1194590208;0;0;0;0;0;0;0;0;0;0;0;2254;0;0;95;0;200;0;
7387;4871897;1053962240;16367616;1194590208;0;0;0;0;0;0;0;0;0;0;0;3557;0;0;95;0;200;0;
7388;9421960;1053962240;16367616;1194590208;0;0;0;0;0;0;0;0;0;0;0;3206;0;0;95;0;200;0;
7389;3435653;1053962240;16367616;1194590208;0;0;0;0;0;0;0;0;0;0;0;2575;0;0;95;0;200;0;
7390;5952744;1053962240;16367616;1194590208;0;0;0;0;0;0;0;0;0;0;0;3226;0;0;95;0;200;0;
7391;4318058;1053962240;16367616;1194590208;0;0;0;0;0;0;0;0;0;0;0;3026;0;0;95;0;200;0;
7392;2454232;1053962240;16367616;1194590208;0;0;0;0;0;0;0;0;0;0;0;2825;0;0;95;0;200;0;
7393;3317913;1053962240;16367616;1194590208;0;0;0;0;0;0;0;0;0;0;0;1743;0;0;95;0;200;0;
7394;8188357;1053962240;16367616;1194590208;0;0;0;0;0;0;0;0;0;0;0;3165;0;0;95;0;200;0;
7395;5313024;1053962240;16367616;1194590208;0;0;0;0;0;0;0;0;0;0;0;3557;0;0;95;0;200;0;
7396;4991170;1053962240;16367616;1194590208;0;0;0;0;0;0;0;0;0;0;0;3096;0;0;95;0;200;0;
7397;4648017;1053962240;16367616;1194590208;0;0;0;0;0;0;0;0;0;0;0;3026;0;0;95;0;200;0;
7398;3539898;1053962240;16367616;1194590208;0;0;0;0;0;0;0;0;0;0;0;2064;0;0;95;0;200;0;
7399;2378480;1053962240;16367616;1194590208;0;0;0;0;0;0;0;0;0;0;0;1563;0;0;95;0;200;0;
7400;7887923;1053962240;16367616;1194590208;0;0;0;0;0;0;0;0;0;0;0;2895;0;0;95;0;200;0;
7401;3903450;1053962240;16367616;1194590208;0;0;0;0;0;0;0;0;0;0;0;2184;0;0;95;0;200;0;
7402;4427543;1053962240;16367616;1194590208;0;0;0;0;0;0;0;0;0;0;0;2084;0;0;95;0;200;0;
7403;5476310;1053962240;16367616;1194590208;0;0;0;0;0;0;0;0;0;0;0;3156;0;0;95;0;200;0;
7404;3557972;1053962240;16367616;1194590208;0;0;0;0;0;0;0;0;0;0;0;2154;0;0;95;0;200;0;
7405;3247460;1053962240;16367616;1194590208;0;0;0;0;0;0;0;0;0;0;0;1964;0;0;95;0;200;0;
7406;8588427;1053962240;16367616;1194590208;0;0;0;0;0;0;0;0;0;0;0;2996;0;0;95;0;200;0;
7407;4322286;1053962240;16367616;1194590208;0;0;0;0;0;0;0;0;0;0;0;2484;0;0;95;0;200;0;
7408;3003873;1053962240;16367616;1194590208;0;0;0;0;0;0;0;0;0;0;0;2244;0;0;95;0;200;0;
7409;4836160;1053962240;16367616;1194590208;0;0;0;0;0;0;0;0;0;0;0;3366;0;0;95;0;200;0;
7410;2943380;1053962240;16367616;1194590208;0;0;0;0;0;0;0;0;0;0;0;2204;0;0;95;0;200;0;
7411;2013616;1053962240;16367616;1194590208;0;0;0;0;0;0;0;0;0;0;0;1803;0;0;95;0;200;0;
7412;6309593;1053962240;16367616;1194590208;0;0;0;0;0;0;0;0;0;0;0;2845;0;0;95;0;200;0;
7413;4224032;1053962240;16367616;1194590208;0;0;0;0;0;0;0;0;0;0;0;2344;0;0;95;0;200;0;
7414;3059928;1053962240;16367616;1194590208;0;0;0;0;0;0;0;0;0;0;0;1283;0;0;95;0;200;0;
7415;2345258;1053962240;16367616;1194590208;0;0;0;0;0;0;0;0;0;0;0;2034;0;0;95;0;200;0;
7416;4259919;1053962240;16367616;1194590208;0;0;0;0;0;0;0;0;0;0;0;2825;0;0;95;0;200;0;
7417;3764209;1053962240;16367616;1194590208;0;0;0;0;0;0;0;0;0;0;0;2164;0;0;95;0;200;0;
7418;5880929;1053962240;16367616;1194590208;0;0;0;0;0;0;0;0;0;0;0;2515;0;0;95;0;200;0;
7419;4641455;1053962240;16367616;1194590208;0;0;0;0;0;0;0;0;0;0;0;3296;0;0;95;0;200;0;
7420;4911781;1053962240;16367616;1194590208;0;0;0;0;0;0;0;0;0;0;0;2575;0;0;95;0;200;0;
7421;2886252;1053962240;16367616;1194590208;0;0;0;0;0;0;0;0;0;0;0;2304;0;0;95;0;200;0;
7422;4002025;1053962240;16367616;1194590208;0;0;0;0;0;0;0;0;0;0;0;2094;0;0;95;0;200;0;
7423;2458361;1053962240;16367616;1194590208;0;0;0;0;0;0;0;0;0;0;0;2645;0;0;95;0;200;0;
7424;8256093;1053962240;16367616;1194590208;0;0;0;0;0;0;0;0;0;0;0;76965;0;0;95;0;200;0;
7425;3764229;1053962240;16367616;1194590208;0;0;0;0;0;0;0;0;0;0;0;2324;0;0;95;0;200;0;
7426;2803738;1053962240;16367616;1194590208;0;0;0;0;0;0;0;0;0;0;0;1914;0;0;95;0;200;0;
7427;2885973;1053962240;16367616;1194590208;0;0;0;0;0;0;0;0;0;0;0;2605;0;0;95;0;200;0;
7428;4816433;1053962240;16367616;1194590208;0;0;0;0;0;0;0;0;0;0;0;2324;0;0;95;0;200;0;
7429;2869201;1053962240;16367616;1194590208;0;0;0;0;0;0;0;0;0;0;0;2635;0;0;95;0;200;0;
7430;7851664;1053962240;16367616;1194590208;0;0;0;0;0;0;0;0;0;0;0;3316;0;0;95;0;200;0;
7431;5049931;1053962240;16367616;1194590208;0;0;0;0;0;0;0;0;0;0;0;2836;0;0;95;0;200;0;
7432;3841304;1053962240;16367616;1194590208;0;0;0;0;0;0;0;0;0;0;0;1634;0;0;95;0;200;0;
7433;2286948;1053962240;16367616;1194590208;0;0;0;0;0;0;0;0;0;0;0;1583;0;0;95;0;200;0;
7434;3057774;1053962240;16367616;1194590208;0;0;0;0;0;0;0;0;0;0;0;2245;0;0;95;0;200;0;
7435;2158037;1053962240;16367616;1194590208;0;0;0;0;0;0;0;0;0;0;0;1654;0;0;95;0;200;0;
7436;5588030;1053962240;16367616;1194590208;0;0;0;0;0;0;0;0;0;0;0;2174;0;0;95;0;200;0;
7437;3883272;1053962240;16367616;1194590208;0;0;0;0;0;0;0;0;0;0;0;2044;0;0;95;0;200;0;
7438;2380895;1053962240;16367616;1194590208;0;0;0;0;0;0;0;0;0;0;0;1492;0;0;95;0;200;0;
7439;1647249;1053962240;16367616;1194590208;0;0;0;0;0;0;0;0;0;0;0;1723;0;0;95;0;200;0;
7440;2069401;1053962240;16367616;1194590208;0;0;0;0;0;0;0;0;0;0;0;1543;0;0;95;0;200;0;
7441;2684875;1053962240;16367616;1194590208;0;0;0;0;0;0;0;0;0;0;0;1623;0;0;95;0;200;0;
7442;6574971;1053962240;16367616;1194590208;0;0;0;0;0;0;0;0;0;0;0;2495;0;0;95;0;200;0;
7443;3632553;1053962240;16367616;1194590208;0;0;0;0;0;0;0;0;0;0;0;2575;0;0;95;0;200;0;
7444;3732610;1053962240;16367616;1194590208;0;0;0;0;0;0;0;0;0;0;0;2595;0;0;95;0;200;0;
7445;1614308;1053962240;16367616;1194590208;0;0;0;0;0;0;0;0;0;0;0;1934;0;0;95;0;200;0;
7446;3345224;1053962240;16367616;1194590208;0;0;0;0;0;0;0;0;0;0;0;2374;0;0;95;0;200;0;
7447;2823906;1053962240;16367616;1194590208;0;0;0;0;0;0;0;0;0;0;0;1813;0;0;95;0;200;0;
7448;6354617;1053962240;16367616;1194590208;0;0;0;0;0;0;0;0;0;0;0;2976;0;0;95;0;200;0;
7449;3670364;1053962240;16371712;1194594304;0;0;0;0;0;0;0;0;0;0;0;2134;0;0;95;0;200;0;
7450;4400382;1053962240;16371712;1194594304;0;0;0;0;0;0;0;0;0;0;0;1994;0;0;95;0;200;0;
7451;2632377;1053962240;16371712;1194594304;0;0;0;0;0;0;0;0;0;0;0;1784;0;0;95;0;200;0;
7452;2220705;1053962240;16371712;1194594304;0;0;0;0;0;0;0;0;0;0;0;1633;0;0;95;0;200;0;
7453;2720111;1053962240;16371712;1194594304;0;0;0;0;0;0;0;0;0;0;0;1773;0;0;95;0;200;0;
7454;6359516;1053962240;16371712;1194594304;0;0;0;0;0;0;0;0;0;0;0;2054;0;0;95;0;200;0;
7455;3941472;1053962240;16371712;1194594304;0;0;0;0;0;0;0;0;0;0;0;2424;0;0;95;0;200;0;
7456;3419883;1053962240;16371712;1194594304;0;0;0;0;0;0;0;0;0;0;0;1944;0;0;95;0;200;0;
7457;1755212;1053962240;16371712;1194594304;0;0;0;0;0;0;0;0;0;0;0;1833;0;0;95;0;200;0;
7458;3522816;1053962240;16371712;1194594304;0;0;0;0;0;0;0;0;0;0;0;2004;0;0;95;0;200;0;
7459;1865278;1053962240;16371712;1194594304;0;0;0;0;0;0;0;0;0;0;0;2064;0;0;95;0;200;0;
7460;6471497;1053962240;16371712;1194594304;0;0;0;0;0;0;0;0;0;0;0;2445;0;0;95;0;200;0;
7461;4247276;1053962240;16371712;1194594304;0;0;0;0;0;0;0;0;0;0;0;2475;0;0;95;0;200;0;
7462;3440442;1053962240;16371712;1194594304;0;0;0;0;0;0;0;0;0;0;0;2033;0;0;95;0;200;0;
7463;2701877;1053962240;16371712;1194594304;0;0;0;0;0;0;0;0;0;0;0;1703;0;0;95;0;200;0;
7464;3514010;1053962240;16371712;1194594304;0;0;0;0;0;0;0;0;0;0;0;2104;0;0;95;0;200;0;
7465;2469181;1053962240;16371712;1194594304;0;0;0;0;0;0;0;0;0;0;0;1412;0;0;95;0;200;0;
7466;5816639;1053962240;16371712;1194594304;0;0;0;0;0;0;0;0;0;0;0;2195;0;0;95;0;200;0;
7467;3941372;1053962240;16371712;1194594304;0;0;0;0;0;0;0;0;0;0;0;2605;0;0;95;0;200;0;
7468;5468496;1053962240;16367616;1194590208;0;0;0;0;0;0;0;0;0;0;0;3888;0;0;95;0;200;0;
7469;3403342;1053962240;16367616;1194590208;0;0;0;0;0;0;0;0;0;0;0;213791;0;0;95;0;200;0;
7470;3554225;1053962240;16367616;1194590208;0;0;0;0;0;0;0;0;0;0;0;2935;0;0;95;0;200;0;
7471;2936407;1053962240;16367616;1194590208;0;0;0;0;0;0;0;0;0;0;0;2565;0;0;95;0;200;0;
7472;6400894;1053962240;16367616;1194590208;0;0;0;0;0;0;0;0;0;0;0;134743;0;0;95;0;200;0;
7473;4337454;1053962240;16367616;1194590208;0;0;0;0;0;0;0;0;0;0;0;2334;0;0;95;0;200;0;
7474;3705620;1053962240;16367616;1194590208;0;0;0;0;0;0;0;0;0;0;0;3226;0;0;95;0;200;0;
7475;2710463;1053962240;16367616;1194590208;0;0;0;0;0;0;0;0;0;0;0;2735;0;0;95;0;200;0;
7476;3594681;1053962240;16367616;1194590208;0;0;0;0;0;0;0;0;0;0;0;2956;0;0;95;0;200;0;
7477;4292580;1053962240;16367616;1194590208;0;0;0;0;0;0;0;0;0;0;0;3216;0;0;95;0;200;0;
7478;7842598;1053962240;16367616;1194590208;0;0;0;0;0;0;0;0;0;0;0;3286;0;0;95;0;200;0;
7479;3936011;1053962240;16367616;1194590208;0;0;0;0;0;0;0;0;0;0;0;2354;0;0;95;0;200;0;
7480;3876370;1053962240;16367616;1194590208;0;0;0;0;0;0;0;0;0;0;0;2124;0;0;95;0;200;0;
7481;3483232;1053962240;16367616;1194590208;0;0;0;0;0;0;0;0;0;0;0;2494;0;0;95;0;200;0;
7482;3445702;1053962240;16367616;1194590208;0;0;0;0;0;0;0;0;0;0;0;2194;0;0;95;0;200;0;
7483;3218316;1053962240;16367616;1194590208;0;0;0;0;0;0;0;0;0;0;0;5069;0;0;95;0;200;0;
7484;9038440;1053962240;16367616;1194590208;0;0;0;0;0;0;0;0;0;0;0;2996;0;0;95;0;200;0;
7485;11647033;1053962240;16367616;1194590208;0;0;0;0;0;0;0;0;0;0;0;3516;0;0;95;0;200;0;
7486;5104312;1053962240;16367616;1194590208;0;0;0;0;0;0;0;0;0;0;0;2935;0;0;95;0;200;0;
7487;5393786;1053962240;16367616;1194590208;0;0;0;0;0;0;0;0;0;0;0;3537;0;0;95;0;200;0;
7488;6545455;1053962240;16367616;1194590208;0;0;0;0;0;0;0;0;0;0;0;2615;0;0;95;0;200;0;
7489;5174064;1053962240;16367616;1194590208;0;0;0;0;0;0;0;0;0;0;0;6031;0;0;95;0;200;0;
7490;10312911;1053962240;16367616;1194590208;0;0;0;0;0;0;0;0;0;0;0;3387;0;0;95;0;200;0;
7491;6088899;1053962240;16367616;1194590208;0;0;0;0;0;0;0;0;0;0;0;3487;0;0;95;0;200;0;
7492;2855596;1053962240;16367616;1194590208;0;0;0;0;0;0;0;0;0;0;0;2585;0;0;95;0;200;0;
7493;1456431;1053962240;16367616;1194590208;0;0;0;0;0;0;0;0;0;0;0;1903;0;0;95;0;200;0;
7494;2832241;1053962240;16367616;1194590208;0;0;0;0;0;0;0;0;0;0;0;1643;0;0;95;0;200;0;
7495;1983210;1053962240;16367616;1194590208;0;0;0;0;0;0;0;0;0;0;0;2114;0;0;95;0;200;0;
7496;8971074;1053962240;16367616;1194590208;0;0;0;0;0;0;0;0;0;0;0;3626;0;0;95;0;200;0;
7497;3207515;1053962240;16367616;1194590208;0;0;0;0;0;0;0;0;0;0;0;3096;0;0;95;0;200;0;
7498;2904326;1053962240;16367616;1194590208;0;0;0;0;0;0;0;0;0;0;0;2174;0;0;95;0;200;0;
7499;3834902;1053962240;16367616;1194590208;0;0;0;0;0;0;0;0;0;0;0;3527;0;0;95;0;200;0;
7500;5049730;1053962240;16367616;1194590208;0;0;0;0;0;0;0;0;0;0;0;3266;0;0;95;0;200;0;
7501;2503956;1053962240;16367616;1194590208;0;0;0;0;0;0;0;0;0;0;0;2534;0;0;95;0;200;0;
7502;6368383;1053962240;16367616;1194590208;0;0;0;0;0;0;0;0;0;0;0;2966;0;0;95;0;200;0;
7503;6198334;1053962240;16367616;1194590208;0;0;0;0;0;0;0;0;0;0;0;3376;0;0;95;0;200;0;
7504;3698276;1053962240;16367616;1194590208;0;0;0;0;0;0;0;0;0;0;0;2796;0;0;95;0;200;0;
7505;2566724;1053962240;16367616;1194590208;0;0;0;0;0;0;0;0;0;0;0;2134;0;0;95;0;200;0;
7506;3204569;1053962240;16367616;1194590208;0;0;0;0;0;0;0;0;0;0;0;2665;0;0;95;0;200;0;
7507;4683444;1053962240;16367616;1194590208;0;0;0;0;0;0;0;0;0;0;0;3166;0;0;95;0;200;0;
7508;6391807;1053962240;16367616;1194590208;0;0;0;0;0;0;0;0;0;0;0;2434;0;0;95;0;200;0;
7509;4392578;1053962240;16367616;1194590208;0;0;0;0;0;0;0;0;0;0;0;2385;0;0;95;0;200;0;
7510;3773727;1053962240;16367616;1194590208;0;0;0;0;0;0;0;0;0;0;0;3006;0;0;95;0;200;0;
7511;4804691;1053962240;16367616;1194590208;0;0;0;0;0;0;0;0;0;0;0;3056;0;0;95;0;200;0;
7512;2923613;1053962240;16367616;1194590208;0;0;0;0;0;0;0;0;0;0;0;3126;0;0;95;0;200;0;
7513;3543566;1053962240;16367616;1194590208;0;0;0;0;0;0;0;0;0;0;0;2565;0;0;95;0;200;0;
7514;8467330;1053962240;16367616;1194590208;0;0;0;0;0;0;0;0;0;0;0;6502;0;0;95;0;200;0;
7515;3993289;1053962240;16367616;1194590208;0;0;0;0;0;0;0;0;0;0;0;2294;0;0;95;0;200;0;
7516;5353600;1053962240;16367616;1194590208;0;0;0;0;0;0;0;0;0;0;0;2785;0;0;95;0;200;0;
7517;4118063;1053962240;16367616;1194590208;0;0;0;0;0;0;0;0;0;0;0;2875;0;0;95;0;200;0;
7518;4218281;1053962240;16367616;1194590208;0;0;0;0;0;0;0;0;0;0;0;2385;0;0;95;0;200;0;
7519;1517727;1053962240;16367616;1194590208;0;0;0;0;0;0;0;0;0;0;0;1943;0;0;95;0;200;0;
7520;9013573;1053962240;16367616;1194590208;0;0;0;0;0;0;0;0;0;0;0;3867;0;0;95;0;200;0;
7521;3585625;1053962240;16367616;1194590208;0;0;0;0;0;0;0;0;0;0;0;3497;0;0;95;0;200;0;
7522;4648468;1053962240;16367616;1194590208;0;0;0;0;0;0;0;0;0;0;0;2675;0;0;95;0;200;0;
7523;3878734;1053962240;16367616;1194590208;0;0;0;0;0;0;0;0;0;0;0;2605;0;0;95;0;200;0;
7524;6818688;1053962240;16367616;1194590208;0;0;0;0;0;0;0;0;0;0;0;2365;0;0;95;0;200;0;
7525;3004455;1053962240;16367616;1194590208;0;0;0;0;0;0;0;0;0;0;0;2024;0;0;95;0;200;0;
7526;8558030;1053962240;16367616;1194590208;0;0;0;0;0;0;0;0;0;0;0;3887;0;0;95;0;200;0;
7527;3641058;1053962240;16367616;1194590208;0;0;0;0;0;0;0;0;0;0;0;2515;0;0;95;0;200;0;
7528;4206529;1053962240;16367616;1194590208;0;0;0;0;0;0;0;0;0;0;0;2996;0;0;95;0;200;0;
7529;4112122;1053962240;16367616;1194590208;0;0;0;0;0;0;0;0;0;0;0;3066;0;0;95;0;200;0;
7530;3785198;1053962240;16367616;1194590208;0;0;0;0;0;0;0;0;0;0;0;2364;0;0;95;0;200;0;
7531;3241920;1053962240;16367616;1194590208;0;0;0;0;0;0;0;0;0;0;0;2184;0;0;95;0;200;0;
7532;8433336;1053962240;16367616;1194590208;0;0;0;0;0;0;0;0;0;0;0;3406;0;0;95;0;200;0;
7533;5088643;1053962240;16367616;1194590208;0;0;0;0;0;0;0;0;0;0;0;3136;0;0;95;0;200;0;
7534;3345103;1053962240;16367616;1194590208;0;0;0;0;0;0;0;0;0;0;0;2375;0;0;95;0;200;0;
7535;3838478;1053962240;16367616;1194590208;0;0;0;0;0;0;0;0;0;0;0;2906;0;0;95;0;200;0;
7536;3995864;1053962240;16367616;1194590208;0;0;0;0;0;0;0;0;0;0;0;2755;0;0;95;0;200;0;
7537;2722576;1053962240;16367616;1194590208;0;0;0;0;0;0;0;0;0;0;0;2274;0;0;95;0;200;0;
7538;6905831;1053962240;16367616;1194590208;0;0;0;0;0;0;0;0;0;0;0;2735;0;0;95;0;200;0;
7539;4758113;1053962240;16367616;1194590208;0;0;0;0;0;0;0;0;0;0;0;2885;0;0;95;0;200;0;
7540;2892204;1053962240;16367616;1194590208;0;0;0;0;0;0;0;0;0;0;0;2074;0;0;95;0;200;0;
7541;2188074;1053962240;16367616;1194590208;0;0;0;0;0;0;0;0;0;0;0;2174;0;0;95;0;200;0;
7542;2833775;1053962240;16367616;1194590208;0;0;0;0;0;0;0;0;0;0;0;2033;0;0;95;0;200;0;
7543;1863485;1053962240;16367616;1194590208;0;0;0;0;0;0;0;0;0;0;0;1824;0;0;95;0;200;0;
7544;8031332;1053962240;16367616;1194590208;0;0;0;0;0;0;0;0;0;0;0;3206;0;0;95;0;200;0;
7545;6397869;1053962240;16367616;1194590208;0;0;0;0;0;0;0;0;0;0;0;3486;0;0;95;0;200;0;
7546;3334463;1053962240;16367616;1194590208;0;0;0;0;0;0;0;0;0;0;0;2254;0;0;95;0;200;0;
7547;2485030;1053962240;16367616;1194590208;0;0;0;0;0;0;0;0;0;0;0;2023;0;0;95;0;200;0;
7548;4073600;1053962240;16367616;1194590208;0;0;0;0;0;0;0;0;0;0;0;2725;0;0;95;0;200;0;
7549;3359460;1053962240;16367616;1194590208;0;0;0;0;0;0;0;0;0;0;0;2455;0;0;95;0;200;0;
7550;5338672;1053962240;16367616;1194590208;0;0;0;0;0;0;0;0;0;0;0;2344;0;0;95;0;200;0;
7551;4272433;1053962240;16367616;1194590208;0;0;0;0;0;0;0;0;0;0;0;3246;0;0;95;0;200;0;
7552;4294924;1053962240;16367616;1194590208;0;0;0;0;0;0;0;0;0;0;0;2565;0;0;95;0;200;0;
7553;3346256;1053962240;16367616;1194590208;0;0;0;0;0;0;0;0;0;0;0;2043;0;0;95;0;200;0;
7554;3784898;1053962240;16367616;1194590208;0;0;0;0;0;0;0;0;0;0;0;7023;0;0;95;0;200;0;
7555;3677587;1053962240;16367616;1194590208;0;0;0;0;0;0;0;0;0;0;0;2284;0;0;95;0;200;0;
7556;6861198;1053962240;16367616;1194590208;0;0;0;0;0;0;0;0;0;0;0;2895;0;0;95;0;200;0;
7557;4824548;1053962240;16367616;1194590208;0;0;0;0;0;0;0;0;0;0;0;2555;0;0;95;0;200;0;
7558;3291473;1053962240;16367616;1194590208;0;0;0;0;0;0;0;0;0;0;0;2475;0;0;95;0;200;0;
7559;2666120;1053962240;16367616;1194590208;0;0;0;0;0;0;0;0;0;0;0;1963;0;0;95;0;200;0;
7560;2927610;1053962240;16367616;1194590208;0;0;0;0;0;0;0;0;0;0;0;1834;0;0;95;0;200;0;
7561;2784142;1053962240;16367616;1194590208;0;0;0;0;0;0;0;0;0;0;0;2765;0;0;95;0;200;0;
7562;6327276;1053962240;16367616;1194590208;0;0;0;0;0;0;0;0;0;0;0;4008;0;0;95;0;200;0;
7563;2821722;1053962240;16371712;1194594304;0;0;0;0;0;0;0;0;0;0;0;2224;0;0;95;0;200;0;
7564;2974779;1053962240;16371712;1194594304;0;0;0;0;0;0;0;0;0;0;0;1783;0;0;95;0;200;0;
7565;2875633;1053962240;16371712;1194594304;0;0;0;0;0;0;0;0;0;0;0;2585;0;0;95;0;200;0;
7566;4501071;1053962240;16371712;1194594304;0;0;0;0;0;0;0;0;0;0;0;2053;0;0;95;0;200;0;
7567;2694353;1053962240;16371712;1194594304;0;0;0;0;0;0;0;0;0;0;0;2034;0;0;95;0;200;0;
7568;5374789;1053962240;16371712;1194594304;0;0;0;0;0;0;0;0;0;0;0;2204;0;0;95;0;200;0;
7569;4445898;1053962240;16371712;1194594304;0;0;0;0;0;0;0;0;0;0;0;2775;0;0;95;0;200;0;
7570;3143334;1053962240;16371712;1194594304;0;0;0;0;0;0;0;0;0;0;0;1693;0;0;95;0;200;0;
7571;2291087;1053962240;16371712;1194594304;0;0;0;0;0;0;0;0;0;0;0;1743;0;0;95;0;200;0;
7572;2683052;1053962240;16371712;1194594304;0;0;0;0;0;0;0;0;0;0;0;1593;0;0;95;0;200;0;
7573;1881378;1053962240;16371712;1194594304;0;0;0;0;0;0;0;0;0;0;0;2074;0;0;95;0;200;0;
7574;6992884;1053962240;16371712;1194594304;0;0;0;0;0;0;0;0;0;0;0;2845;0;0;95;0;200;0;
7575;3677387;1053962240;16371712;1194594304;0;0;0;0;0;0;0;0;0;0;0;2395;0;0;95;0;200;0;
7576;3041914;1053962240;16371712;1194594304;0;0;0;0;0;0;0;0;0;0;0;2104;0;0;95;0;200;0;
7577;2016262;1053962240;16371712;1194594304;0;0;0;0;0;0;0;0;0;0;0;1853;0;0;95;0;200;0;
7578;4020070;1053962240;16371712;1194594304;0;0;0;0;0;0;0;0;0;0;0;2054;0;0;95;0;200;0;
7579;2760857;1053962240;16371712;1194594304;0;0;0;0;0;0;0;0;0;0;0;1653;0;0;95;0;200;0;
7580;6981273;1053962240;16371712;1194594304;0;0;0;0;0;0;0;0;0;0;0;3236;0;0;95;0;200;0;
7581;3746837;1053962240;16371712;1194594304;0;0;0;0;0;0;0;0;0;0;0;2204;0;0;95;0;200;0;
7582;3831496;1053962240;16367616;1194590208;0;0;0;0;0;0;0;0;0;0;0;1643;0;0;95;0;200;0;
7583;2795302;1053962240;16367616;1194590208;0;0;0;0;0;0;0;0;0;0;0;2144;0;0;95;0;200;0;
7584;3931893;1053962240;16367616;1194590208;0;0;0;0;0;0;0;0;0;0;0;2355;0;0;95;0;200;0;
7585;4083438;1053962240;16367616;1194590208;0;0;0;0;0;0;0;0;0;0;0;2735;0;0;95;0;200;0;
7586;7345917;1053962240;16367616;1194590208;0;0;0;0;0;0;0;0;0;0;0;2244;0;0;95;0;200;0;
7587;4703932;1053962240;16367616;1194590208;0;0;0;0;0;0;0;0;0;0;0;3637;0;0;95;0;200;0;
7588;5716822;1053962240;16367616;1194590208;0;0;0;0;0;0;0;0;0;0;0;3296;0;0;95;0;200;0;
7589;2189376;1053962240;16367616;1194590208;0;0;0;0;0;0;0;0;0;0;0;2725;0;0;95;0;200;0;
7590;2643297;1053962240;16367616;1194590208;0;0;0;0;0;0;0;0;0;0;0;1774;0;0;95;0;200;0;
7591;2105158;1053962240;16367616;1194590208;0;0;0;0;0;0;0;0;0;0;0;1864;0;0;95;0;200;0;
7592;7409275;1053962240;16367616;1194590208;0;0;0;0;0;0;0;0;0;0;0;239559;0;0;95;0;200;0;
7593;5042968;1053962240;16367616;1194590208;0;0;0;0;0;0;0;0;0;0;0;3707;0;0;95;0;200;0;
7594;4773041;1053962240;16367616;1194590208;0;0;0;0;0;0;0;0;0;0;0;1754;0;0;95;0;200;0;
7595;2182102;1053962240;16367616;1194590208;0;0;0;0;0;0;0;0;0;0;0;2144;0;0;95;0;200;0;
7596;1898490;1053962240;16367616;1194590208;0;0;0;0;0;0;0;0;0;0;0;1592;0;0;95;0;200;0;
7597;903574;1053962240;16367616;1194590208;0;0;0;0;0;0;0;0;0;0;0;1433;0;0;95;0;200;0;
7598;7161711;1053962240;16367616;1194590208;0;0;0;0;0;0;0;0;0;0;0;3296;0;0;95;0;200;0;
7599;4646193;1053962240;16367616;1194590208;0;0;0;0;0;0;0;0;0;0;0;3066;0;0;95;0;200;0;
7600;2723016;1053962240;16367616;1194590208;0;0;0;0;0;0;0;0;0;0;0;2083;0;0;95;0;200;0;
7601;2680256;1053962240;16367616;1194590208;0;0;0;0;0;0;0;0;0;0;0;2485;0;0;95;0;200;0;
7602;4439936;1053962240;16367616;1194590208;0;0;0;0;0;0;0;0;0;0;0;3296;0;0;95;0;200;0;
7603;2496933;1053962240;16367616;1194590208;0;0;0;0;0;0;0;0;0;0;0;2645;0;0;95;0;200;0;
7604;8489311;1053962240;16367616;1194590208;0;0;0;0;0;0;0;0;0;0;0;4208;0;0;95;0;200;0;
7605;4871556;1053962240;16367616;1194590208;0;0;0;0;0;0;0;0;0;0;0;3507;0;0;95;0;200;0;
7606;2733186;1053962240;16367616;1194590208;0;0;0;0;0;0;0;0;0;0;0;2314;0;0;95;0;200;0;
7607;3862824;1053962240;16367616;1194590208;0;0;0;0;0;0;0;0;0;0;0;3056;0;0;95;0;200;0;
7608;3968633;1053962240;16367616;1194590208;0;0;0;0;0;0;0;0;0;0;0;2695;0;0;95;0;200;0;
7609;3150158;1053962240;16367616;1194590208;0;0;0;0;0;0;0;0;0;0;0;2986;0;0;95;0;200;0;
7610;7578523;1053962240;16367616;1194590208;0;0;0;0;0;0;0;0;0;0;0;3276;0;0;95;0;200;0;
7611;4005402;1053962240;16367616;1194590208;0;0;0;0;0;0;0;0;0;0;0;2545;0;0;95;0;200;0;
7612;4484330;1053962240;16367616;1194590208;0;0;0;0;0;0;0;0;0;0;0;2765;0;0;95;0;200;0;
7613;2595548;1053962240;16367616;1194590208;0;0;0;0;0;0;0;0;0;0;0;2735;0;0;95;0;200;0;
7614;2862578;1053962240;16367616;1194590208;0;0;0;0;0;0;0;0;0;0;0;2224;0;0;95;0;200;0;
7615;3082701;1053962240;16367616;1194590208;0;0;0;0;0;0;0;0;0;0;0;1844;0;0;95;0;200;0;
7616;6327367;1053962240;16367616;1194590208;0;0;0;0;0;0;0;0;0;0;0;3807;0;0;95;0;200;0;
7617;4970692;1053962240;16367616;1194590208;0;0;0;0;0;0;0;0;0;0;0;2695;0;0;95;0;200;0;
7618;2265809;1053962240;16367616;1194590208;0;0;0;0;0;0;0;0;0;0;0;1964;0;0;95;0;200;0;
7619;3749121;1053962240;16367616;1194590208;0;0;0;0;0;0;0;0;0;0;0;3186;0;0;95;0;200;0;
7620;5741758;1053962240;16367616;1194590208;0;0;0;0;0;0;0;0;0;0;0;2915;0;0;95;0;200;0;
7621;4025730;1053962240;16367616;1194590208;0;0;0;0;0;0;0;0;0;0;0;3096;0;0;95;0;200;0;
7622;5525873;1053962240;16367616;1194590208;0;0;0;0;0;0;0;0;0;0;0;2806;0;0;95;0;200;0;
7623;6262775;1053962240;16367616;1194590208;0;0;0;0;0;0;0;0;0;0;0;3206;0;0;95;0;200;0;
7624;3740986;1053962240;16367616;1194590208;0;0;0;0;0;0;0;0;0;0;0;2254;0;0;95;0;200;0;
7625;2886914;1053962240;16367616;1194590208;0;0;0;0;0;0;0;0;0;0;0;1833;0;0;95;0;200;0;
7626;3754922;1053962240;16367616;1194590208;0;0;0;0;0;0;0;0;0;0;0;2504;0;0;95;0;200;0;
7627;3969444;1053962240;16367616;1194590208;0;0;0;0;0;0;0;0;0;0;0;3346;0;0;95;0;200;0;
7628;8099529;1053962240;16367616;1194590208;0;0;0;0;0;0;0;0;0;0;0;2825;0;0;95;0;200;0;
7629;4006473;1053962240;16367616;1194590208;0;0;0;0;0;0;0;0;0;0;0;2384;0;0;95;0;200;0;
7630;5780431;1053962240;16367616;1194590208;0;0;0;0;0;0;0;0;0;0;0;2655;0;0;95;0;200;0;
7631;2444885;1053962240;16367616;1194590208;0;0;0;0;0;0;0;0;0;0;0;2945;0;0;95;0;200;0;
7632;3595963;1053962240;16367616;1194590208;0;0;0;0;0;0;0;0;0;0;0;2435;0;0;95;0;200;0;
7633;4923654;1053962240;16367616;1194590208;0;0;0;0;0;0;0;0;0;0;0;2705;0;0;95;0;200;0;
7634;7593891;1053962240;16367616;1194590208;0;0;0;0;0;0;0;0;0;0;0;3025;0;0;95;0;200;0;
7635;4323799;1053962240;16367616;1194590208;0;0;0;0;0;0;0;0;0;0;0;2835;0;0;95;0;200;0;
7636;5094755;1053962240;16367616;1194590208;0;0;0;0;0;0;0;0;0;0;0;2064;0;0;95;0;200;0;
7637;3501146;1053962240;16367616;1194590208;0;0;0;0;0;0;0;0;0;0;0;2424;0;0;95;0;200;0;
7638;2650701;1053962240;16367616;1194590208;0;0;0;0;0;0;0;0;0;0;0;1804;0;0;95;0;200;0;
7639;2657634;1053962240;16367616;1194590208;0;0;0;0;0;0;0;0;0;0;0;2605;0;0;95;0;200;0;
7640;7863778;1053962240;16367616;1194590208;0;0;0;0;0;0;0;0;0;0;0;3125;0;0;95;0;200;0;
7641;3144527;1053962240;16367616;1194590208;0;0;0;0;0;0;0;0;0;0;0;2214;0;0;95;0;200;0;
7642;3600121;1053962240;16367616;1194590208;0;0;0;0;0;0;0;0;0;0;0;2154;0;0;95;0;200;0;
7643;3061652;1053962240;16367616;1194590208;0;0;0;0;0;0;0;0;0;0;0;2705;0;0;95;0;200;0;
7644;3810837;1053962240;16367616;1194590208;0;0;0;0;0;0;0;0;0;0;0;2474;0;0;95;0;200;0;
7645;1019973;1053962240;16367616;1194590208;0;0;0;0;0;0;0;0;0;0;0;1512;0;0;95;0;200;0;
7646;6957608;1053962240;16367616;1194590208;0;0;0;0;0;0;0;0;0;0;0;3927;0;0;95;0;200;0;
7647;5683789;1053962240;16367616;1194590208;0;0;0;0;0;0;0;0;0;0;0;2725;0;0;95;0;200;0;
7648;3318173;1053962240;16367616;1194590208;0;0;0;0;0;0;0;0;0;0;0;2575;0;0;95;0;200;0;
7649;2143600;1053962240;16367616;1194590208;0;0;0;0;0;0;0;0;0;0;0;1994;0;0;95;0;200;0;
7650;3297634;1053962240;16367616;1194590208;0;0;0;0;0;0;0;0;0;0;0;2014;0;0;95;0;200;0;
7651;1628023;1053962240;16367616;1194590208;0;0;0;0;0;0;0;0;0;0;0;1944;0;0;95;0;200;0;
7652;7391492;1053962240;16367616;1194590208;0;0;0;0;0;0;0;0;0;0;0;2735;0;0;95;0;200;0;
7653;3332299;1053962240;16367616;1194590208;0;0;0;0;0;0;0;0;0;0;0;2314;0;0;95;0;200;0;
7654;5775231;1053962240;16367616;1194590208;0;0;0;0;0;0;0;0;0;0;0;1883;0;0;95;0;200;0;
7655;2003427;1053962240;16367616;1194590208;0;0;0;0;0;0;0;0;0;0;0;2064;0;0;95;0;200;0;
7656;2645141;1053962240;16367616;1194590208;0;0;0;0;0;0;0;0;0;0;0;1953;0;0;95;0;200;0;
7657;2269807;1053962240;16367616;1194590208;0;0;0;0;0;0;0;0;0;0;0;1532;0;0;95;0;200;0;
7658;6655622;1053962240;16367616;1194590208;0;0;0;0;0;0;0;0;0;0;0;3035;0;0;95;0;200;0;
7659;5032107;1053962240;16367616;1194590208;0;0;0;0;0;0;0;0;0;0;0;2775;0;0;95;0;200;0;
7660;2414278;1053962240;16367616;1194590208;0;0;0;0;0;0;0;0;0;0;0;1653;0;0;95;0;200;0;
7661;3364389;1053962240;16367616;1194590208;0;0;0;0;0;0;0;0;0;0;0;2895;0;0;95;0;200;0;
7662;4579789;1053962240;16367616;1194590208;0;0;0;0;0;0;0;0;0;0;0;2976;0;0;95;0;200;0;
7663;1594490;1053962240;16367616;1194590208;0;0;0;0;0;0;0;0;0;0;0;1683;0;0;95;0;200;0;
7664;4824318;1053962240;16367616;1194590208;0;0;0;0;0;0;0;0;0;0;0;2044;0;0;95;0;200;0;
7665;4188936;1053962240;16367616;1194590208;0;0;0;0;0;0;0;0;0;0;0;2455;0;0;95;0;200;0;
7666;3725266;1053962240;16367616;1194590208;0;0;0;0;0;0;0;0;0;0;0;3046;0;0;95;0;200;0;
7667;2687110;1053962240;16367616;1194590208;0;0;0;0;0;0;0;0;0;0;0;2054;0;0;95;0;200;0;
7668;2377118;1053962240;16367616;1194590208;0;0;0;0;0;0;0;0;0;0;0;1773;0;0;95;0;200;0;
7669;2842711;1053962240;16367616;1194590208;0;0;0;0;0;0;0;0;0;0;0;1733;0;0;95;0;200;0;
7670;7617837;1053962240;16367616;1194590208;0;0;0;0;0;0;0;0;0;0;0;2715;0;0;95;0;200;0;
7671;3919952;1053962240;16367616;1194590208;0;0;0;0;0;0;0;0;0;0;0;2635;0;0;95;0;200;0;
7672;6672023;1053962240;16367616;1194590208;0;0;0;0;0;0;0;0;0;0;0;2164;0;0;95;0;200;0;
7673;3182618;1053962240;16367616;1194590208;0;0;0;0;0;0;0;0;0;0;0;2194;0;0;95;0;200;0;
7674;3454359;1053962240;16367616;1194590208;0;0;0;0;0;0;0;0;0;0;0;2224;0;0;95;0;200;0;
7675;3278599;1053962240;16367616;1194590208;0;0;0;0;0;0;0;0;0;0;0;1943;0;0;95;0;200;0;
7676;7431667;1053962240;16367616;1194590208;0;0;0;0;0;0;0;0;0;0;0;3256;0;0;95;0;200;0;
7677;5127406;1053962240;16367616;1194590208;0;0;0;0;0;0;0;0;0;0;0;2545;0;0;95;0;200;0;
7678;4938282;1053962240;16367616;1194590208;0;0;0;0;0;0;0;0;0;0;0;2384;0;0;95;0;200;0;
7679;2490580;1053962240;16367616;1194590208;0;0;0;0;0;0;0;0;0;0;0;2785;0;0;95;0;200;0;
7680;2089709;1053962240;16367616;1194590208;0;0;0;0;0;0;0;0;0;0;0;1683;0;0;95;0;200;0;
7681;3524881;1053962240;16367616;1194590208;0;0;0;0;0;0;0;0;0;0;0;2314;0;0;95;0;200;0;
7682;6647366;1053962240;16367616;1194590208;0;0;0;0;0;0;0;0;0;0;0;2635;0;0;95;0;200;0;
7683;6409430;1053962240;16367616;1194590208;0;0;0;0;0;0;0;0;0;0;0;2355;0;0;95;0;200;0;
7684;3989101;1053962240;16367616;1194590208;0;0;0;0;0;0;0;0;0;0;0;2876;0;0;95;0;200;0;
7685;2665058;1053962240;16367616;1194590208;0;0;0;0;0;0;0;0;0;0;0;2225;0;0;95;0;200;0;
7686;3112147;1053962240;16367616;1194590208;0;0;0;0;0;0;0;0;0;0;0;2144;0;0;95;0;200;0;
7687;2392737;1053962240;16367616;1194590208;0;0;0;0;0;0;0;0;0;0;0;1813;0;0;95;0;200;0;
7688;8056940;1053962240;16367616;1194590208;0;0;0;0;0;0;0;0;0;0;0;2625;0;0;95;0;200;0;
7689;4047220;1053962240;16367616;1194590208;0;0;0;0;0;0;0;0;0;0;0;1924;0;0;95;0;200;0;
7690;4317858;1053962240;16367616;1194590208;0;0;0;0;0;0;0;0;0;0;0;1753;0;0;95;0;200;0;
7691;3884205;1053962240;16367616;1194590208;0;0;0;0;0;0;0;0;0;0;0;2695;0;0;95;0;200;0;
7692;2610505;1053962240;16367616;1194590208;0;0;0;0;0;0;0;0;0;0;0;1873;0;0;95;0;200;0;
7693;1867933;1053962240;16367616;1194590208;0;0;0;0;0;0;0;0;0;0;0;1222;0;0;95;0;200;0;
7694;7549408;1053962240;16367616;1194590208;0;0;0;0;0;0;0;0;0;0;0;2314;0;0;95;0;200;0;
7695;4878199;1053962240;16367616;1194590208;0;0;0;0;0;0;0;0;0;0;0;3306;0;0;95;0;200;0;
7696;3214618;1053962240;16367616;1194590208;0;0;0;0;0;0;0;0;0;0;0;1483;0;0;95;0;200;0;
7697;2927671;1053962240;16367616;1194590208;0;0;0;0;0;0;0;0;0;0;0;1703;0;0;95;0;200;0;
7698;3560066;1053962240;16367616;1194590208;0;0;0;0;0;0;0;0;0;0;0;2484;0;0;95;0;200;0;
7699;4599646;1053962240;16367616;1194590208;0;0;0;0;0;0;0;0;0;0;0;2405;0;0;95;0;200;0;
7700;5660275;1053962240;16367616;1194590208;0;0;0;0;0;0;0;0;0;0;0;3407;0;0;95;0;200;0;
7701;5005668;1053962240;16367616;1194590208;0;0;0;0;0;0;0;0;0;0;0;41888;0;0;95;0;200;0;
7702;4061246;1053962240;16367616;1194590208;0;0;0;0;0;0;0;0;0;0;0;1993;0;0;95;0;200;0;
7703;2397797;1053962240;16367616;1194590208;0;0;0;0;0;0;0;0;0;0;0;4017;0;0;95;0;200;0;
7704;3409434;1053962240;16367616;1194590208;0;0;0;0;0;0;0;0;0;0;0;3116;0;0;95;0;200;0;
7705;3074676;1053962240;16367616;1194590208;0;0;0;0;0;0;0;0;0;0;0;2776;0;0;95;0;200;0;
7706;6308991;1053962240;16367616;1194590208;0;0;0;0;0;0;0;0;0;0;0;3426;0;0;95;0;200;0;
7707;4676130;1053962240;16367616;1194590208;0;0;0;0;0;0;0;0;0;0;0;2615;0;0;95;0;200;0;
7708;4203323;1053962240;16367616;1194590208;0;0;0;0;0;0;0;0;0;0;0;2605;0;0;95;0;200;0;
7709;1924369;1053962240;16367616;1194590208;0;0;0;0;0;0;0;0;0;0;0;1964;0;0;95;0;200;0;
7710;2412073;1053962240;16367616;1194590208;0;0;0;0;0;0;0;0;0;0;0;1663;0;0;95;0;200;0;
7711;2944142;1053962240;16367616;1194590208;0;0;0;0;0;0;0;0;0;0;0;2154;0;0;95;0;200;0;
7712;6836491;1053962240;16367616;1194590208;0;0;0;0;0;0;0;0;0;0;0;2876;0;0;95;0;200;0;
7713;4799882;1053962240;16367616;1194590208;0;0;0;0;0;0;0;0;0;0;0;3607;0;0;95;0;200;0;
7714;3510994;1053962240;16367616;1194590208;0;0;0;0;0;0;0;0;0;0;0;2906;0;0;95;0;200;0;
7715;2473980;1053962240;16367616;1194590208;0;0;0;0;0;0;0;0;0;0;0;2355;0;0;95;0;200;0;
7716;3044710;1053962240;16367616;1194590208;0;0;0;0;0;0;0;0;0;0;0;2315;0;0;95;0;200;0;
7717;4108746;1053962240;16367616;1194590208;0;0;0;0;0;0;0;0;0;0;0;2905;0;0;95;0;200;0;
7718;6913646;1053962240;16367616;1194590208;0;0;0;0;0;0;0;0;0;0;0;2875;0;0;95;0;200;0;
7719;6889821;1053962240;16367616;1194590208;0;0;0;0;0;0;0;0;0;0;0;2655;0;0;95;0;200;0;
7720;5012551;1053962240;16367616;1194590208;0;0;0;0;0;0;0;0;0;0;0;1583;0;0;95;0;200;0;
7721;1765561;1053962240;16367616;1194590208;0;0;0;0;0;0;0;0;0;0;0;1483;0;0;95;0;200;0;
7722;4217740;1053962240;16367616;1194590208;0;0;0;0;0;0;0;0;0;0;0;2605;0;0;95;0;200;0;
7723;2110819;1053962240;16367616;1194590208;0;0;0;0;0;0;0;0;0;0;0;2074;0;0;95;0;200;0;
7724;7873035;1053962240;16367616;1194590208;0;0;0;0;0;0;0;0;0;0;0;3135;0;0;95;0;200;0;
7725;4096002;1053962240;16367616;1194590208;0;0;0;0;0;0;0;0;0;0;0;2405;0;0;95;0;200;0;
7726;2683072;1053962240;16367616;1194590208;0;0;0;0;0;0;0;0;0;0;0;2524;0;0;95;0;200;0;
7727;3289259;1053962240;16367616;1194590208;0;0;0;0;0;0;0;0;0;0;0;1964;0;0;95;0;200;0;
7728;3897900;1053962240;16367616;1194590208;0;0;0;0;0;0;0;0;0;0;0;2495;0;0;95;0;200;0;
7729;3553043;1053962240;16367616;1194590208;0;0;0;0;0;0;0;0;0;0;0;2004;0;0;95;0;200;0;
7730;6435379;1053962240;16367616;1194590208;0;0;0;0;0;0;0;0;0;0;0;2515;0;0;95;0;200;0;
7731;2998003;1053962240;16367616;1194590208;0;0;0;0;0;0;0;0;0;0;0;2374;0;0;95;0;200;0;
7732;3749572;1053962240;16367616;1194590208;0;0;0;0;0;0;0;0;0;0;0;1603;0;0;95;0;200;0;
7733;3795818;1053962240;16367616;1194590208;0;0;0;0;0;0;0;0;0;0;0;2564;0;0;95;0;200;0;
7734;3194090;1053962240;16367616;1194590208;0;0;0;0;0;0;0;0;0;0;0;2174;0;0;95;0;200;0;
7735;2550803;1053962240;16367616;1194590208;0;0;0;0;0;0;0;0;0;0;0;1443;0;0;95;0;200;0;
7736;8230775;1053962240;16367616;1194590208;0;0;0;0;0;0;0;0;0;0;0;2895;0;0;95;0;200;0;
7737;3940299;1053962240;16367616;1194590208;0;0;0;0;0;0;0;0;0;0;0;2364;0;0;95;0;200;0;
7738;3419754;1053962240;16367616;1194590208;0;0;0;0;0;0;0;0;0;0;0;2194;0;0;95;0;200;0;
7739;2217589;1053962240;16367616;1194590208;0;0;0;0;0;0;0;0;0;0;0;2014;0;0;95;0;200;0;
7740;4763834;1053962240;16367616;1194590208;0;0;0;0;0;0;0;0;0;0;0;2435;0;0;95;0;200;0;
7741;2260509;1053962240;16367616;1194590208;0;0;0;0;0;0;0;0;0;0;0;1683;0;0;95;0;200;0;
7742;6506632;1053962240;16367616;1194590208;0;0;0;0;0;0;0;0;0;0;0;2745;0;0;95;0;200;0;
7743;4260841;1053962240;16367616;1194590208;0;0;0;0;0;0;0;0;0;0;0;2545;0;0;95;0;200;0;
7744;2388559;1053962240;16367616;1194590208;0;0;0;0;0;0;0;0;0;0;0;1643;0;0;95;0;200;0;
7745;1266064;1053962240;16367616;1194590208;0;0;0;0;0;0;0;0;0;0;0;1553;0;0;95;0;200;0;
7746;2263856;1053962240;16367616;1194590208;0;0;0;0;0;0;0;0;0;0;0;1523;0;0;95;0;200;0;
7747;2042600;1053962240;16367616;1194590208;0;0;0;0;0;0;0;0;0;0;0;1492;0;0;95;0;200;0;
7748;8064865;1053962240;16367616;1194590208;0;0;0;0;0;0;0;0;0;0;0;2865;0;0;95;0;200;0;
7749;3981096;1053962240;16367616;1194590208;0;0;0;0;0;0;0;0;0;0;0;2465;0;0;95;0;200;0;
7750;3618166;1053962240;16367616;1194590208;0;0;0;0;0;0;0;0;0;0;0;2164;0;0;95;0;200;0;
7751;3766383;1053962240;16367616;1194590208;0;0;0;0;0;0;0;0;0;0;0;2766;0;0;95;0;200;0;
7752;3194390;1053962240;16367616;1194590208;0;0;0;0;0;0;0;0;0;0;0;1894;0;0;95;0;200;0;
7753;2834807;1053962240;16367616;1194590208;0;0;0;0;0;0;0;0;0;0;0;4158;0;0;95;0;200;0;
7754;6724451;1053962240;16367616;1194590208;0;0;0;0;0;0;0;0;0;0;0;3015;0;0;95;0;200;0;
7755;3838930;1053962240;16367616;1194590208;0;0;0;0;0;0;0;0;0;0;0;1943;0;0;95;0;200;0;
7756;3453717;1053962240;16367616;1194590208;0;0;0;0;0;0;0;0;0;0;0;2084;0;0;95;0;200;0;
7757;2860064;1053962240;16367616;1194590208;0;0;0;0;0;0;0;0;0;0;0;1803;0;0;95;0;200;0;
7758;3929088;1053962240;16367616;1194590208;0;0;0;0;0;0;0;0;0;0;0;2244;0;0;95;0;200;0;
7759;3860611;1053962240;16367616;1194590208;0;0;0;0;0;0;0;0;0;0;0;2505;0;0;95;0;200;0;
7760;8268126;1053962240;16367616;1194590208;0;0;0;0;0;0;0;0;0;0;0;3557;0;0;95;0;200;0;
7761;3836465;1053962240;16367616;1194590208;0;0;0;0;0;0;0;0;0;0;0;1924;0;0;95;0;200;0;
7762;3692746;1053962240;16367616;1194590208;0;0;0;0;0;0;0;0;0;0;0;2355;0;0;95;0;200;0;
7763;2714721;1053962240;16367616;1194590208;0;0;0;0;0;0;0;0;0;0;0;2094;0;0;95;0;200;0;
7764;3531042;1053962240;16367616;1194590208;0;0;0;0;0;0;0;0;0;0;0;1974;0;0;95;0;200;0;
7765;2537048;1053962240;16367616;1194590208;0;0;0;0;0;0;0;0;0;0;0;1563;0;0;95;0;200;0;
7766;5524240;1053962240;16367616;1194590208;0;0;0;0;0;0;0;0;0;0;0;2525;0;0;95;0;200;0;
7767;3743511;1053962240;16367616;1194590208;0;0;0;0;0;0;0;0;0;0;0;2755;0;0;95;0;200;0;
7768;2333386;1053962240;16367616;1194590208;0;0;0;0;0;0;0;0;0;0;0;1453;0;0;95;0;200;0;
7769;2946015;1053962240;16367616;1194590208;0;0;0;0;0;0;0;0;0;0;0;1623;0;0;95;0;200;0;
7770;3189652;1053962240;16367616;1194590208;0;0;0;0;0;0;0;0;0;0;0;1953;0;0;95;0;200;0;
7771;2638208;1053962240;16367616;1194590208;0;0;0;0;0;0;0;0;0;0;0;1713;0;0;95;0;200;0;
7772;8667946;1053962240;16367616;1194590208;0;0;0;0;0;0;0;0;0;0;0;2615;0;0;95;0;200;0;
7773;3854649;1053962240;16367616;1194590208;0;0;0;0;0;0;0;0;0;0;0;2114;0;0;95;0;200;0;
7774;3889064;1053962240;16367616;1194590208;0;0;0;0;0;0;0;0;0;0;0;2214;0;0;95;0;200;0;
7775;3106206;1053962240;16367616;1194590208;0;0;0;0;0;0;0;0;0;0;0;1934;0;0;95;0;200;0;
7776;2266540;1053962240;16367616;1194590208;0;0;0;0;0;0;0;0;0;0;0;1964;0;0;95;0;200;0;
7777;2205797;1053962240;16367616;1194590208;0;0;0;0;0;0;0;0;0;0;0;1903;0;0;95;0;200;0;
7778;6951046;1053962240;16367616;1194590208;0;0;0;0;0;0;0;0;0;0;0;3166;0;0;95;0;200;0;
7779;2953629;1053962240;16367616;1194590208;0;0;0;0;0;0;0;0;0;0;0;1683;0;0;95;0;200;0;
7780;3096888;1053962240;16367616;1194590208;0;0;0;0;0;0;0;0;0;0;0;1432;0;0;95;0;200;0;
7781;2602501;1053962240;16367616;1194590208;0;0;0;0;0;0;0;0;0;0;0;2124;0;0;95;0;200;0;
7782;3977269;1053962240;16367616;1194590208;0;0;0;0;0;0;0;0;0;0;0;2395;0;0;95;0;200;0;
7783;3192417;1053962240;16367616;1194590208;0;0;0;0;0;0;0;0;0;0;0;1923;0;0;95;0;200;0;
7784;7273531;1053962240;16367616;1194590208;0;0;0;0;0;0;0;0;0;0;0;2815;0;0;95;0;200;0;
7785;3102158;1053962240;16367616;1194590208;0;0;0;0;0;0;0;0;0;0;0;1854;0;0;95;0;200;0;
7786;3052314;1053962240;16367616;1194590208;0;0;0;0;0;0;0;0;0;0;0;1433;0;0;95;0;200;0;
7787;2330311;1053962240;16367616;1194590208;0;0;0;0;0;0;0;0;0;0;0;1984;0;0;95;0;200;0;
7788;4658426;1053962240;16367616;1194590208;0;0;0;0;0;0;0;0;0;0;0;1993;0;0;95;0;200;0;
7789;3082571;1053962240;16367616;1194590208;0;0;0;0;0;0;0;0;0;0;0;2365;0;0;95;0;200;0;
7790;5509322;1053962240;16367616;1194590208;0;0;0;0;0;0;0;0;0;0;0;2705;0;0;95;0;200;0;
7791;4558018;1053962240;16367616;1194590208;0;0;0;0;0;0;0;0;0;0;0;3056;0;0;95;0;200;0;
7792;2791274;1053962240;16367616;1194590208;0;0;0;0;0;0;0;0;0;0;0;1764;0;0;95;0;200;0;
7793;2453492;1053962240;16367616;1194590208;0;0;0;0;0;0;0;0;0;0;0;1423;0;0;95;0;200;0;
7794;2234230;1053962240;16367616;1194590208;0;0;0;0;0;0;0;0;0;0;0;2595;0;0;95;0;200;0;
7795;3305099;1053962240;16367616;1194590208;0;0;0;0;0;0;0;0;0;0;0;141956;0;0;95;0;200;0;
7796;6396215;1053962240;16367616;1194590208;0;0;0;0;0;0;0;0;0;0;0;2736;0;0;95;0;200;0;
7797;3370010;1053962240;16367616;1194590208;0;0;0;0;0;0;0;0;0;0;0;2625;0;0;95;0;200;0;
7798;5261568;1053962240;16367616;1194590208;0;0;0;0;0;0;0;0;0;0;0;2384;0;0;95;0;200;0;
7799;1573090;1053962240;16367616;1194590208;0;0;0;0;0;0;0;0;0;0;0;1944;0;0;95;0;200;0;
7800;2243367;1053962240;16367616;1194590208;0;0;0;0;0;0;0;0;0;0;0;1693;0;0;95;0;200;0;
7801;2030748;1053962240;16367616;1194590208;0;0;0;0;0;0;0;0;0;0;0;1502;0;0;95;0;200;0;
7802;6181072;1053962240;16367616;1194590208;0;0;0;0;0;0;0;0;0;0;0;3536;0;0;95;0;200;0;
7803;3660555;1053962240;16367616;1194590208;0;0;0;0;0;0;0;0;0;0;0;1984;0;0;95;0;200;0;
7804;3043347;1053962240;16367616;1194590208;0;0;0;0;0;0;0;0;0;0;0;1984;0;0;95;0;200;0;
7805;3125702;1053962240;16367616;1194590208;0;0;0;0;0;0;0;0;0;0;0;2364;0;0;95;0;200;0;
7806;3018531;1053962240;16367616;1194590208;0;0;0;0;0;0;0;0;0;0;0;2094;0;0;95;0;200;0;
7807;3304067;1053962240;16367616;1194590208;0;0;0;0;0;0;0;0;0;0;0;1733;0;0;95;0;200;0;
7808;5965288;1053962240;16367616;1194590208;0;0;0;0;0;0;0;0;0;0;0;2816;0;0;95;0;200;0;
7809;4086243;1053962240;16367616;1194590208;0;0;0;0;0;0;0;0;0;0;0;2745;0;0;95;0;200;0;
7810;3357146;1053962240;16367616;1194590208;0;0;0;0;0;0;0;0;0;0;0;1773;0;0;95;0;200;0;
7811;2227838;1053962240;16367616;1194590208;0;0;0;0;0;0;0;0;0;0;0;1503;0;0;95;0;200;0;
7812;3017098;1053962240;16367616;1194590208;0;0;0;0;0;0;0;0;0;0;0;2254;0;0;95;0;200;0;
7813;4158309;1053962240;16367616;1194590208;0;0;0;0;0;0;0;0;0;0;0;1843;0;0;95;0;200;0;
7814;6669578;1053962240;16367616;1194590208;0;0;0;0;0;0;0;0;0;0;0;2715;0;0;95;0;200;0;
7815;4482546;1053962240;16367616;1194590208;0;0;0;0;0;0;0;0;0;0;0;2495;0;0;95;0;200;0;
7816;4481234;1053962240;16367616;1194590208;0;0;0;0;0;0;0;0;0;0;0;2134;0;0;95;0;200;0;
7817;2650992;1053962240;16367616;1194590208;0;0;0;0;0;0;0;0;0;0;0;1793;0;0;95;0;200;0;
7818;3490365;1053962240;16367616;1194590208;0;0;0;0;0;0;0;0;0;0;0;1814;0;0;95;0;200;0;
7819;3388184;1053962240;16367616;1194590208;0;0;0;0;0;0;0;0;0;0;0;2334;0;0;95;0;200;0;
7820;6337054;1053962240;16371712;1194594304;0;0;0;0;0;0;0;0;0;0;0;2866;0;0;95;0;200;0;
7821;3183781;1053962240;16371712;1194594304;0;0;0;0;0;0;0;0;0;0;0;2625;0;0;95;0;200;0;
7822;4455275;1053962240;16371712;1194594304;0;0;0;0;0;0;0;0;0;0;0;1984;0;0;95;0;200;0;
7823;2306837;1053962240;16371712;1194594304;0;0;0;0;0;0;0;0;0;0;0;2104;0;0;95;0;200;0;
7824;2798668;1053962240;16371712;1194594304;0;0;0;0;0;0;0;0;0;0;0;1623;0;0;95;0;200;0;
7825;1609388;1053962240;16371712;1194594304;0;0;0;0;0;0;0;0;0;0;0;1723;0;0;95;0;200;0;
7826;6499499;1053962240;16371712;1194594304;0;0;0;0;0;0;0;0;0;0;0;2886;0;0;95;0;200;0;
7827;2924375;1053962240;16371712;1194594304;0;0;0;0;0;0;0;0;0;0;0;2044;0;0;95;0;200;0;
7828;3099543;1053962240;16371712;1194594304;0;0;0;0;0;0;0;0;0;0;0;1242;0;0;95;0;200;0;
7829;2608632;1053962240;16371712;1194594304;0;0;0;0;0;0;0;0;0;0;0;2645;0;0;95;0;200;0;
7830;3596474;1053962240;16371712;1194594304;0;0;0;0;0;0;0;0;0;0;0;1993;0;0;95;0;200;0;
7831;3365131;1053962240;16371712;1194594304;0;0;0;0;0;0;0;0;0;0;0;2345;0;0;95;0;200;0;
7832;6739288;1053962240;16371712;1194594304;0;0;0;0;0;0;0;0;0;0;0;3387;0;0;95;0;200;0;
7833;5011268;1053962240;16371712;1194594304;0;0;0;0;0;0;0;0;0;0;0;2334;0;0;95;0;200;0;
7834;2867768;1053962240;16367616;1194590208;0;0;0;0;0;0;0;0;0;0;0;1523;0;0;95;0;200;0;
7835;2576502;1053962240;16367616;1194590208;0;0;0;0;0;0;0;0;0;0;0;1904;0;0;95;0;200;0;
7836;2974909;1053962240;16367616;1194590208;0;0;0;0;0;0;0;0;0;0;0;2404;0;0;95;0;200;0;
7837;2978014;1053962240;16367616;1194590208;0;0;0;0;0;0;0;0;0;0;0;1974;0;0;95;0;200;0;
7838;7032178;1053962240;16367616;1194590208;0;0;0;0;0;0;0;0;0;0;0;2354;0;0;95;0;200;0;
7839;3727120;1053962240;16367616;1194590208;0;0;0;0;0;0;0;0;0;0;0;2365;0;0;95;0;200;0;
7840;3267097;1053962240;16367616;1194590208;0;0;0;0;0;0;0;0;0;0;0;2395;0;0;95;0;200;0;
7841;2208372;1053962240;16367616;1194590208;0;0;0;0;0;0;0;0;0;0;0;2024;0;0;95;0;200;0;
7842;3738411;1053962240;16367616;1194590208;0;0;0;0;0;0;0;0;0;0;0;2385;0;0;95;0;200;0;
7843;2967716;1053962240;16367616;1194590208;0;0;0;0;0;0;0;0;0;0;0;2335;0;0;95;0;200;0;
7844;7570808;1053962240;16367616;1194590208;0;0;0;0;0;0;0;0;0;0;0;2735;0;0;95;0;200;0;
7845;5007480;1053962240;16367616;1194590208;0;0;0;0;0;0;0;0;0;0;0;2625;0;0;95;0;200;0;
7846;4991882;1053962240;16367616;1194590208;0;0;0;0;0;0;0;0;0;0;0;2484;0;0;95;0;200;0;
7847;2652204;1053962240;16367616;1194590208;0;0;0;0;0;0;0;0;0;0;0;2074;0;0;95;0;200;0;
7848;3499894;1053962240;16367616;1194590208;0;0;0;0;0;0;0;0;0;0;0;2124;0;0;95;0;200;0;
7849;3329574;1053962240;16367616;1194590208;0;0;0;0;0;0;0;0;0;0;0;1843;0;0;95;0;200;0;
7850;6753655;1053962240;16367616;1194590208;0;0;0;0;0;0;0;0;0;0;0;3657;0;0;95;0;200;0;
7851;2905650;1053962240;16367616;1194590208;0;0;0;0;0;0;0;0;0;0;0;24465;0;0;95;0;200;0;
7852;3472202;1053962240;16367616;1194590208;0;0;0;0;0;0;0;0;0;0;0;1924;0;0;95;0;200;0;
7853;1970816;1053962240;16367616;1194590208;0;0;0;0;0;0;0;0;0;0;0;2655;0;0;95;0;200;0;
7854;3527035;1053962240;16367616;1194590208;0;0;0;0;0;0;0;0;0;0;0;1924;0;0;95;0;200;0;
7855;2744757;1053962240;16367616;1194590208;0;0;0;0;0;0;0;0;0;0;0;1623;0;0;95;0;200;0;
7856;7864980;1053962240;16367616;1194590208;0;0;0;0;0;0;0;0;0;0;0;2675;0;0;95;0;200;0;
7857;4574329;1053962240;16367616;1194590208;0;0;0;0;0;0;0;0;0;0;0;2374;0;0;95;0;200;0;
7858;4178185;1053962240;16367616;1194590208;0;0;0;0;0;0;0;0;0;0;0;2194;0;0;95;0;200;0;
7859;3720538;1053962240;16367616;1194590208;0;0;0;0;0;0;0;0;0;0;0;3015;0;0;95;0;200;0;
7860;2644229;1053962240;16367616;1194590208;0;0;0;0;0;0;0;0;0;0;0;2004;0;0;95;0;200;0;
7861;2424376;1053962240;16367616;1194590208;0;0;0;0;0;0;0;0;0;0;0;2084;0;0;95;0;200;0;
7862;8105852;1053962240;16367616;1194590208;0;0;0;0;0;0;0;0;0;0;0;2615;0;0;95;0;200;0;
7863;2972614;1053962240;16367616;1194590208;0;0;0;0;0;0;0;0;0;0;0;1864;0;0;95;0;200;0;
7864;2131307;1053962240;16367616;1194590208;0;0;0;0;0;0;0;0;0;0;0;1543;0;0;95;0;200;0;
7865;1090525;1053962240;16367616;1194590208;0;0;0;0;0;0;0;0;0;0;0;2204;0;0;95;0;200;0;
7866;4039857;1053962240;16367616;1194590208;0;0;0;0;0;0;0;0;0;0;0;1963;0;0;95;0;200;0;
7867;3088392;1053962240;16367616;1194590208;0;0;0;0;0;0;0;0;0;0;0;2755;0;0;95;0;200;0;
7868;8608524;1053962240;16367616;1194590208;0;0;0;0;0;0;0;0;0;0;0;3095;0;0;95;0;200;0;
7869;4403668;1053962240;16367616;1194590208;0;0;0;0;0;0;0;0;0;0;0;2545;0;0;95;0;200;0;
7870;2590047;1053962240;16367616;1194590208;0;0;0;0;0;0;0;0;0;0;0;1502;0;0;95;0;200;0;
7871;1991505;1053962240;16367616;1194590208;0;0;0;0;0;0;0;0;0;0;0;1814;0;0;95;0;200;0;
7872;2894749;1053962240;16367616;1194590208;0;0;0;0;0;0;0;0;0;0;0;2134;0;0;95;0;200;0;
7873;3714146;1053962240;16367616;1194590208;0;0;0;0;0;0;0;0;0;0;0;2044;0;0;95;0;200;0;
7874;7246700;1053962240;16367616;1194590208;0;0;0;0;0;0;0;0;0;0;0;2766;0;0;95;0;200;0;
7875;5421007;1053962240;16367616;1194590208;0;0;0;0;0;0;0;0;0;0;0;3216;0;0;95;0;200;0;
7876;3526403;1053962240;16367616;1194590208;0;0;0;0;0;0;0;0;0;0;0;2585;0;0;95;0;200;0;
7877;2273163;1053962240;16367616;1194590208;0;0;0;0;0;0;0;0;0;0;0;2835;0;0;95;0;200;0;
7878;3390809;1053962240;16367616;1194590208;0;0;0;0;0;0;0;0;0;0;0;2415;0;0;95;0;200;0;
7879;4340290;1053962240;16367616;1194590208;0;0;0;0;0;0;0;0;0;0;0;3447;0;0;95;0;200;0;
7880;7995525;1053962240;16367616;1194590208;0;0;0;0;0;0;0;0;0;0;0;24727;0;0;95;0;200;0;
7881;4090521;1053962240;16367616;1194590208;0;0;0;0;0;0;0;0;0;0;0;2875;0;0;95;0;200;0;
7882;5042236;1053962240;16367616;1194590208;0;0;0;0;0;0;0;0;0;0;0;2364;0;0;95;0;200;0;
7883;3322361;1053962240;16367616;1194590208;0;0;0;0;0;0;0;0;0;0;0;2735;0;0;95;0;200;0;
7884;2838213;1053962240;16367616;1194590208;0;0;0;0;0;0;0;0;0;0;0;2014;0;0;95;0;200;0;
7885;2902333;1053962240;16367616;1194590208;0;0;0;0;0;0;0;0;0;0;0;1673;0;0;95;0;200;0;
7886;10447152;1053962240;16367616;1194590208;0;0;0;0;0;0;0;0;0;0;0;2614;0;0;95;0;200;0;
7887;3994842;1053962240;16367616;1194590208;0;0;0;0;0;0;0;0;0;0;0;2515;0;0;95;0;200;0;
7888;3987217;1053962240;16367616;1194590208;0;0;0;0;0;0;0;0;0;0;0;3176;0;0;95;0;200;0;
7889;4215375;1053962240;16367616;1194590208;0;0;0;0;0;0;0;0;0;0;0;2444;0;0;95;0;200;0;
7890;3251648;1053962240;16367616;1194590208;0;0;0;0;0;0;0;0;0;0;0;1593;0;0;95;0;200;0;
7891;3705008;1053962240;16367616;1194590208;0;0;0;0;0;0;0;0;0;0;0;2505;0;0;95;0;200;0;
7892;7583412;1053962240;16367616;1194590208;0;0;0;0;0;0;0;0;0;0;0;3727;0;0;95;0;200;0;
7893;4428766;1053962240;16367616;1194590208;0;0;0;0;0;0;0;0;0;0;0;3416;0;0;95;0;200;0;
7894;3042666;1053962240;16367616;1194590208;0;0;0;0;0;0;0;0;0;0;0;1753;0;0;95;0;200;0;
7895;1739983;1053962240;16367616;1194590208;0;0;0;0;0;0;0;0;0;0;0;2484;0;0;95;0;200;0;
7896;3209088;1053962240;16367616;1194590208;0;0;0;0;0;0;0;0;0;0;0;1743;0;0;95;0;200;0;
7897;3771152;1053962240;16367616;1194590208;0;0;0;0;0;0;0;0;0;0;0;2445;0;0;95;0;200;0;
7898;5722792;1053962240;16367616;1194590208;0;0;0;0;0;0;0;0;0;0;0;2454;0;0;95;0;200;0;
7899;3685552;1053962240;16367616;1194590208;0;0;0;0;0;0;0;0;0;0;0;2053;0;0;95;0;200;0;
7900;3871481;1053962240;16367616;1194590208;0;0;0;0;0;0;0;0;0;0;0;2354;0;0;95;0;200;0;
7901;2091963;1053962240;16367616;1194590208;0;0;0;0;0;0;0;0;0;0;0;1843;0;0;95;0;200;0;
7902;2517772;1053962240;16367616;1194590208;0;0;0;0;0;0;0;0;0;0;0;1303;0;0;95;0;200;0;
7903;3124880;1053962240;16367616;1194590208;0;0;0;0;0;0;0;0;0;0;0;1723;0;0;95;0;200;0;
7904;6863281;1053962240;16367616;1194590208;0;0;0;0;0;0;0;0;0;0;0;2805;0;0;95;0;200;0;
7905;3162311;1053962240;16367616;1194590208;0;0;0;0;0;0;0;0;0;0;0;2104;0;0;95;0;200;0;
7906;3219879;1053962240;16367616;1194590208;0;0;0;0;0;0;0;0;0;0;0;1903;0;0;95;0;200;0;
7907;2451117;1053962240;16367616;1194590208;0;0;0;0;0;0;0;0;0;0;0;2776;0;0;95;0;200;0;
7908;3274080;1053962240;16367616;1194590208;0;0;0;0;0;0;0;0;0;0;0;2255;0;0;95;0;200;0;
7909;2853060;1053962240;16367616;1194590208;0;0;0;0;0;0;0;0;0;0;0;1834;0;0;95;0;200;0;
7910;6289405;1053962240;16367616;1194590208;0;0;0;0;0;0;0;0;0;0;0;2555;0;0;95;0;200;0;
7911;4734258;1053962240;16367616;1194590208;0;0;0;0;0;0;0;0;0;0;0;2335;0;0;95;0;200;0;
7912;2647375;1053962240;16367616;1194590208;0;0;0;0;0;0;0;0;0;0;0;1242;0;0;95;0;200;0;
7913;2292991;1053962240;16367616;1194590208;0;0;0;0;0;0;0;0;0;0;0;1944;0;0;95;0;200;0;
7914;3481990;1053962240;16367616;1194590208;0;0;0;0;0;0;0;0;0;0;0;2144;0;0;95;0;200;0;
7915;4284335;1053962240;16367616;1194590208;0;0;0;0;0;0;0;0;0;0;0;2514;0;0;95;0;200;0;
7916;5378737;1053962240;16367616;1194590208;0;0;0;0;0;0;0;0;0;0;0;2615;0;0;95;0;200;0;
7917;4479922;1053962240;16367616;1194590208;0;0;0;0;0;0;0;0;0;0;0;2925;0;0;95;0;200;0;
7918;3708525;1053962240;16367616;1194590208;0;0;0;0;0;0;0;0;0;0;0;1854;0;0;95;0;200;0;
7919;3238834;1053962240;16367616;1194590208;0;0;0;0;0;0;0;0;0;0;0;1734;0;0;95;0;200;0;
7920;3507358;1053962240;16367616;1194590208;0;0;0;0;0;0;0;0;0;0;0;2815;0;0;95;0;200;0;
7921;2487856;1053962240;16367616;1194590208;0;0;0;0;0;0;0;0;0;0;0;2344;0;0;95;0;200;0;
7922;7729726;1053962240;16367616;1194590208;0;0;0;0;0;0;0;0;0;0;0;2905;0;0;95;0;200;0;
7923;3335525;1053962240;16367616;1194590208;0;0;0;0;0;0;0;0;0;0;0;2034;0;0;95;0;200;0;
7924;2136898;1053962240;16367616;1194590208;0;0;0;0;0;0;0;0;0;0;0;1813;0;0;95;0;200;0;
7925;2247184;1053962240;16367616;1194590208;0;0;0;0;0;0;0;0;0;0;0;1664;0;0;95;0;200;0;
7926;2680948;1053962240;16367616;1194590208;0;0;0;0;0;0;0;0;0;0;0;1824;0;0;95;0;200;0;
7927;1583901;1053962240;16367616;1194590208;0;0;0;0;0;0;0;0;0;0;0;2345;0;0;95;0;200;0;
7928;7842367;1053962240;16367616;1194590208;0;0;0;0;0;0;0;0;0;0;0;3146;0;0;95;0;200;0;
7929;4703981;1053962240;16367616;1194590208;0;0;0;0;0;0;0;0;0;0;0;2425;0;0;95;0;200;0;
7930;4762321;1053962240;16367616;1194590208;0;0;0;0;0;0;0;0;0;0;0;2825;0;0;95;0;200;0;
7931;2840677;1053962240;16367616;1194590208;0;0;0;0;0;0;0;0;0;0;0;2124;0;0;95;0;200;0;
7932;2575109;1053962240;16367616;1194590208;0;0;0;0;0;0;0;0;0;0;0;1963;0;0;95;0;200;0;
7933;2336993;1053962240;16367616;1194590208;0;0;0;0;0;0;0;0;0;0;0;2214;0;0;95;0;200;0;
7934;6752704;1053962240;16367616;1194590208;0;0;0;0;0;0;0;0;0;0;0;2856;0;0;95;0;200;0;
7935;3621272;1053962240;16367616;1194590208;0;0;0;0;0;0;0;0;0;0;0;2164;0;0;95;0;200;0;
7936;4001444;1053962240;16367616;1194590208;0;0;0;0;0;0;0;0;0;0;0;2455;0;0;95;0;200;0;
7937;3945920;1053962240;16367616;1194590208;0;0;0;0;0;0;0;0;0;0;0;2645;0;0;95;0;200;0;
7938;2559931;1053962240;16367616;1194590208;0;0;0;0;0;0;0;0;0;0;0;1523;0;0;95;0;200;0;
7939;2195818;1053962240;16367616;1194590208;0;0;0;0;0;0;0;0;0;0;0;2394;0;0;95;0;200;0;
7940;8057601;1053962240;16367616;1194590208;0;0;0;0;0;0;0;0;0;0;0;3006;0;0;95;0;200;0;
7941;2513484;1053962240;16367616;1194590208;0;0;0;0;0;0;0;0;0;0;0;2194;0;0;95;0;200;0;
7942;3951531;1053962240;16367616;1194590208;0;0;0;0;0;0;0;0;0;0;0;1794;0;0;95;0;200;0;
7943;3322190;1053962240;16367616;1194590208;0;0;0;0;0;0;0;0;0;0;0;2615;0;0;95;0;200;0;
7944;2961694;1053962240;16367616;1194590208;0;0;0;0;0;0;0;0;0;0;0;2063;0;0;95;0;200;0;
7945;1576055;1053962240;16367616;1194590208;0;0;0;0;0;0;0;0;0;0;0;1433;0;0;95;0;200;0;
7946;8632359;1053962240;16367616;1194590208;0;0;0;0;0;0;0;0;0;0;0;26009;0;0;95;0;200;0;
7947;4168788;1053962240;16367616;1194590208;0;0;0;0;0;0;0;0;0;0;0;3757;0;0;95;0;200;0;
7948;7741548;1053962240;16367616;1194590208;0;0;0;0;0;0;0;0;0;0;0;2985;0;0;95;0;200;0;
7949;3723153;1053962240;16367616;1194590208;0;0;0;0;0;0;0;0;0;0;0;3016;0;0;95;0;200;0;
7950;3516264;1053962240;16367616;1194590208;0;0;0;0;0;0;0;0;0;0;0;3035;0;0;95;0;200;0;
7951;4237918;1053962240;16367616;1194590208;0;0;0;0;0;0;0;0;0;0;0;2575;0;0;95;0;200;0;
7952;7537406;1053962240;16367616;1194590208;0;0;0;0;0;0;0;0;0;0;0;3126;0;0;95;0;200;0;
7953;4506431;1053962240;16367616;1194590208;0;0;0;0;0;0;0;0;0;0;0;3747;0;0;95;0;200;0;
7954;5585184;1053962240;16367616;1194590208;0;0;0;0;0;0;0;0;0;0;0;3537;0;0;95;0;200;0;
7955;3363177;1053962240;16367616;1194590208;0;0;0;0;0;0;0;0;0;0;0;3076;0;0;95;0;200;0;
7956;3383756;1053962240;16367616;1194590208;0;0;0;0;0;0;0;0;0;0;0;3106;0;0;95;0;200;0;
7957;4709753;1053962240;16367616;1194590208;0;0;0;0;0;0;0;0;0;0;0;2214;0;0;95;0;200;0;
7958;8170182;1053962240;16367616;1194590208;0;0;0;0;0;0;0;0;0;0;0;3106;0;0;95;0;200;0;
7959;4565071;1053962240;16367616;1194590208;0;0;0;0;0;0;0;0;0;0;0;2966;0;0;95;0;200;0;
7960;4078619;1053962240;16367616;1194590208;0;0;0;0;0;0;0;0;0;0;0;1924;0;0;95;0;200;0;
7961;2360778;1053962240;16367616;1194590208;0;0;0;0;0;0;0;0;0;0;0;1673;0;0;95;0;200;0;
7962;2915878;1053962240;16367616;1194590208;0;0;0;0;0;0;0;0;0;0;0;2756;0;0;95;0;200;0;
7963;2536297;1053962240;16367616;1194590208;0;0;0;0;0;0;0;0;0;0;0;2174;0;0;95;0;200;0;
7964;7532386;1053962240;16367616;1194590208;0;0;0;0;0;0;0;0;0;0;0;2935;0;0;95;0;200;0;
7965;2736231;1053962240;16367616;1194590208;0;0;0;0;0;0;0;0;0;0;0;1773;0;0;95;0;200;0;
7966;2229522;1053962240;16367616;1194590208;0;0;0;0;0;0;0;0;0;0;0;1463;0;0;95;0;200;0;
7967;2720793;1053962240;16367616;1194590208;0;0;0;0;0;0;0;0;0;0;0;2485;0;0;95;0;200;0;
7968;4589427;1053962240;16367616;1194590208;0;0;0;0;0;0;0;0;0;0;0;3216;0;0;95;0;200;0;
7969;2125657;1053962240;16367616;1194590208;0;0;0;0;0;0;0;0;0;0;0;2274;0;0;95;0;200;0;
7970;5308976;1053962240;16367616;1194590208;0;0;0;0;0;0;0;0;0;0;0;2405;0;0;95;0;200;0;
7971;2882886;1053962240;16367616;1194590208;0;0;0;0;0;0;0;0;0;0;0;2765;0;0;95;0;200;0;
7972;5365713;1053962240;16367616;1194590208;0;0;0;0;0;0;0;0;0;0;0;1533;0;0;95;0;200;0;
7973;1966138;1053962240;16367616;1194590208;0;0;0;0;0;0;0;0;0;0;0;2625;0;0;95;0;200;0;
7974;1519270;1053962240;16367616;1194590208;0;0;0;0;0;0;0;0;0;0;0;1673;0;0;95;0;200;0;
7975;2076294;1053962240;16367616;1194590208;0;0;0;0;0;0;0;0;0;0;0;1553;0;0;95;0;200;0;
7976;4651674;1053962240;16367616;1194590208;0;0;0;0;0;0;0;0;0;0;0;1673;0;0;95;0;200;0;
7977;2932028;1053962240;16367616;1194590208;0;0;0;0;0;0;0;0;0;0;0;2194;0;0;95;0;200;0;
7978;3896728;1053962240;16367616;1194590208;0;0;0;0;0;0;0;0;0;0;0;8827;0;0;95;0;200;0;
7979;2728657;1053962240;16367616;1194590208;0;0;0;0;0;0;0;0;0;0;0;2865;0;0;95;0;200;0;
7980;3101236;1053962240;16367616;1194590208;0;0;0;0;0;0;0;0;0;0;0;2175;0;0;95;0;200;0;
7981;3093211;1053962240;16367616;1194590208;0;0;0;0;0;0;0;0;0;0;0;1823;0;0;95;0;200;0;
7982;5290982;1053962240;16367616;1194590208;0;0;0;0;0;0;0;0;0;0;0;3006;0;0;95;0;200;0;
7983;4240763;1053962240;16367616;1194590208;0;0;0;0;0;0;0;0;0;0;0;2565;0;0;95;0;200;0;
7984;4031661;1053962240;16367616;1194590208;0;0;0;0;0;0;0;0;0;0;0;2315;0;0;95;0;200;0;
7985;2874431;1053962240;16367616;1194590208;0;0;0;0;0;0;0;0;0;0;0;2795;0;0;95;0;200;0;
7986;3091818;1053962240;16367616;1194590208;0;0;0;0;0;0;0;0;0;0;0;2585;0;0;95;0;200;0;
7987;2217138;1053962240;16367616;1194590208;0;0;0;0;0;0;0;0;0;0;0;2054;0;0;95;0;200;0;
7988;6828476;1053962240;16367616;1194590208;0;0;0;0;0;0;0;0;0;0;0;3126;0;0;95;0;200;0;
7989;3703085;1053962240;16367616;1194590208;0;0;0;0;0;0;0;0;0;0;0;3687;0;0;95;0;200;0;
7990;5636971;1053962240;16367616;1194590208;0;0;0;0;0;0;0;0;0;0;0;2645;0;0;95;0;200;0;
7991;3289399;1053962240;16367616;1194590208;0;0;0;0;0;0;0;0;0;0;0;2595;0;0;95;0;200;0;
7992;3511535;1053962240;16367616;1194590208;0;0;0;0;0;0;0;0;0;0;0;1713;0;0;95;0;200;0;
7993;1935219;1053962240;16367616;1194590208;0;0;0;0;0;0;0;0;0;0;0;2185;0;0;95;0;200;0;
7994;6777320;1053962240;16367616;1194590208;0;0;0;0;0;0;0;0;0;0;0;2726;0;0;95;0;200;0;
7995;4446850;1053962240;16367616;1194590208;0;0;0;0;0;0;0;0;0;0;0;2375;0;0;95;0;200;0;
7996;3463626;1053962240;16367616;1194590208;0;0;0;0;0;0;0;0;0;0;0;3287;0;0;95;0;200;0;
7997;2853110;1053962240;16367616;1194590208;0;0;0;0;0;0;0;0;0;0;0;2955;0;0;95;0;200;0;
7998;2650160;1053962240;16367616;1194590208;0;0;0;0;0;0;0;0;0;0;0;2775;0;0;95;0;200;0;
7999;2643948;1053962240;16367616;1194590208;0;0;0;0;0;0;0;0;0;0;0;1863;0;0;95;0;200;0;
8000;6032262;1053962240;16367616;1194590208;0;0;0;0;0;0;0;0;0;0;0;2385;0;0;95;0;200;0;
8001;4386196;1053962240;16367616;1194590208;0;0;0;0;0;0;0;0;0;0;0;2605;0;0;95;0;200;0;
8002;3265204;1053962240;16367616;1194590208;0;0;0;0;0;0;0;0;0;0;0;2334;0;0;95;0;200;0;
8003;2299733;1053962240;16367616;1194590208;0;0;0;0;0;0;0;0;0;0;0;2234;0;0;95;0;200;0;
8004;2182974;1053962240;16367616;1194590208;0;0;0;0;0;0;0;0;0;0;0;1473;0;0;95;0;200;0;
8005;2166332;1053962240;16367616;1194590208;0;0;0;0;0;0;0;0;0;0;0;2184;0;0;95;0;200;0;
8006;6277753;1053962240;16367616;1194590208;0;0;0;0;0;0;0;0;0;0;0;2965;0;0;95;0;200;0;
8007;3102147;1053962240;16367616;1194590208;0;0;0;0;0;0;0;0;0;0;0;3577;0;0;95;0;200;0;
8008;2387207;1053962240;16367616;1194590208;0;0;0;0;0;0;0;0;0;0;0;1863;0;0;95;0;200;0;
8009;3005787;1053962240;16367616;1194590208;0;0;0;0;0;0;0;0;0;0;0;1753;0;0;95;0;200;0;
8010;3463646;1053962240;16367616;1194590208;0;0;0;0;0;0;0;0;0;0;0;2555;0;0;95;0;200;0;
8011;3225259;1053962240;16367616;1194590208;0;0;0;0;0;0;0;0;0;0;0;2735;0;0;95;0;200;0;
8012;5569364;1053962240;16367616;1194590208;0;0;0;0;0;0;0;0;0;0;0;2906;0;0;95;0;200;0;
8013;2492335;1053962240;16367616;1194590208;0;0;0;0;0;0;0;0;0;0;0;1854;0;0;95;0;200;0;
8014;3138506;1053962240;16367616;1194590208;0;0;0;0;0;0;0;0;0;0;0;1874;0;0;95;0;200;0;
8015;2342263;1053962240;16367616;1194590208;0;0;0;0;0;0;0;0;0;0;0;2174;0;0;95;0;200;0;
8016;2941717;1053962240;16367616;1194590208;0;0;0;0;0;0;0;0;0;0;0;2234;0;0;95;0;200;0;
8017;2248617;1053962240;16367616;1194590208;0;0;0;0;0;0;0;0;0;0;0;1863;0;0;95;0;200;0;
8018;6349167;1053962240;16367616;1194590208;0;0;0;0;0;0;0;0;0;0;0;2545;0;0;95;0;200;0;
8019;4091113;1053962240;16367616;1194590208;0;0;0;0;0;0;0;0;0;0;0;2164;0;0;95;0;200;0;
8020;3179072;1053962240;16367616;1194590208;0;0;0;0;0;0;0;0;0;0;0;2755;0;0;95;0;200;0;
8021;2135966;1053962240;16367616;1194590208;0;0;0;0;0;0;0;0;0;0;0;2985;0;0;95;0;200;0;
8022;3963533;1053962240;16367616;1194590208;0;0;0;0;0;0;0;0;0;0;0;2846;0;0;95;0;200;0;
8023;1812539;1053962240;16367616;1194590208;0;0;0;0;0;0;0;0;0;0;0;1713;0;0;95;0;200;0;
8024;7565828;1053962240;16367616;1194590208;0;0;0;0;0;0;0;0;0;0;0;2825;0;0;95;0;200;0;
8025;3481258;1053962240;16367616;1194590208;0;0;0;0;0;0;0;0;0;0;0;3616;0;0;95;0;200;0;
8026;2762431;1053962240;16367616;1194590208;0;0;0;0;0;0;0;0;0;0;0;1834;0;0;95;0;200;0;
8027;2130305;1053962240;16367616;1194590208;0;0;0;0;0;0;0;0;0;0;0;1683;0;0;95;0;200;0;
8028;3197316;1053962240;16367616;1194590208;0;0;0;0;0;0;0;0;0;0;0;1473;0;0;95;0;200;0;
8029;2254178;1053962240;16367616;1194590208;0;0;0;0;0;0;0;0;0;0;0;8015;0;0;95;0;200;0;
8030;6987254;1053962240;16367616;1194590208;0;0;0;0;0;0;0;0;0;0;0;3236;0;0;95;0;200;0;
8031;2982884;1053962240;16367616;1194590208;0;0;0;0;0;0;0;0;0;0;0;2725;0;0;95;0;200;0;
8032;3681434;1053962240;16367616;1194590208;0;0;0;0;0;0;0;0;0;0;0;1913;0;0;95;0;200;0;
8033;2487054;1053962240;16367616;1194590208;0;0;0;0;0;0;0;0;0;0;0;3015;0;0;95;0;200;0;
8034;3130992;1053962240;16367616;1194590208;0;0;0;0;0;0;0;0;0;0;0;2093;0;0;95;0;200;0;
8035;2304461;1053962240;16367616;1194590208;0;0;0;0;0;0;0;0;0;0;0;2344;0;0;95;0;200;0;
8036;6575822;1053962240;16367616;1194590208;0;0;0;0;0;0;0;0;0;0;0;2825;0;0;95;0;200;0;
8037;4343766;1053962240;16367616;1194590208;0;0;0;0;0;0;0;0;0;0;0;3025;0;0;95;0;200;0;
8038;4289584;1053962240;16367616;1194590208;0;0;0;0;0;0;0;0;0;0;0;2966;0;0;95;0;200;0;
8039;3032648;1053962240;16367616;1194590208;0;0;0;0;0;0;0;0;0;0;0;3526;0;0;95;0;200;0;
8040;3513859;1053962240;16367616;1194590208;0;0;0;0;0;0;0;0;0;0;0;3286;0;0;95;0;200;0;
8041;2523813;1053962240;16367616;1194590208;0;0;0;0;0;0;0;0;0;0;0;2365;0;0;95;0;200;0;
8042;7312294;1053962240;16367616;1194590208;0;0;0;0;0;0;0;0;0;0;0;3016;0;0;95;0;200;0;
8043;5613988;1053962240;16367616;1194590208;0;0;0;0;0;0;0;0;0;0;0;2865;0;0;95;0;200;0;
8044;3124108;1053962240;16367616;1194590208;0;0;0;0;0;0;0;0;0;0;0;2504;0;0;95;0;200;0;
8045;2197301;1053962240;16367616;1194590208;0;0;0;0;0;0;0;0;0;0;0;2725;0;0;95;0;200;0;
8046;3247861;1053962240;16367616;1194590208;0;0;0;0;0;0;0;0;0;0;0;2976;0;0;95;0;200;0;
8047;2608812;1053962240;16367616;1194590208;0;0;0;0;0;0;0;0;0;0;0;3456;0;0;95;0;200;0;
8048;8025400;1053962240;16367616;1194590208;0;0;0;0;0;0;0;0;0;0;0;3847;0;0;95;0;200;0;
8049;5238545;1053962240;16367616;1194590208;0;0;0;0;0;0;0;0;0;0;0;3888;0;0;95;0;200;0;
8050;5787634;1053962240;16367616;1194590208;0;0;0;0;0;0;0;0;0;0;0;3436;0;0;95;0;200;0;
8051;3671847;1053962240;16367616;1194590208;0;0;0;0;0;0;0;0;0;0;0;3597;0;0;95;0;200;0;
8052;4054994;1053962240;16367616;1194590208;0;0;0;0;0;0;0;0;0;0;0;3176;0;0;95;0;200;0;
8053;3833229;1053962240;16367616;1194590208;0;0;0;0;0;0;0;0;0;0;0;2645;0;0;95;0;200;0;
8054;8844036;1053962240;16367616;1194590208;0;0;0;0;0;0;0;0;0;0;0;2926;0;0;95;0;200;0;
8055;4764115;1053962240;16367616;1194590208;0;0;0;0;0;0;0;0;0;0;0;3216;0;0;95;0;200;0;
8056;4851298;1053962240;16367616;1194590208;0;0;0;0;0;0;0;0;0;0;0;3587;0;0;95;0;200;0;
8057;3985985;1053962240;16367616;1194590208;0;0;0;0;0;0;0;0;0;0;0;2555;0;0;95;0;200;0;
8058;3735266;1053962240;16367616;1194590208;0;0;0;0;0;0;0;0;0;0;0;2725;0;0;95;0;200;0;
8059;2700605;1053962240;16367616;1194590208;0;0;0;0;0;0;0;0;0;0;0;2965;0;0;95;0;200;0;
8060;8081205;1053962240;16367616;1194590208;0;0;0;0;0;0;0;0;0;0;0;3867;0;0;95;0;200;0;
8061;5299037;1053962240;16367616;1194590208;0;0;0;0;0;0;0;0;0;0;0;2965;0;0;95;0;200;0;
8062;3726248;1053962240;16367616;1194590208;0;0;0;0;0;0;0;0;0;0;0;3026;0;0;95;0;200;0;
8063;4920487;1053962240;16367616;1194590208;0;0;0;0;0;0;0;0;0;0;0;2976;0;0;95;0;200;0;
8064;5067444;1053962240;16367616;1194590208;0;0;0;0;0;0;0;0;0;0;0;3426;0;0;95;0;200;0;
8065;2209774;1053962240;16367616;1194590208;0;0;0;0;0;0;0;0;0;0;0;1843;0;0;95;0;200;0;
8066;7715950;1053962240;16367616;1194590208;0;0;0;0;0;0;0;0;0;0;0;3065;0;0;95;0;200;0;
8067;6271512;1053962240;16367616;1194590208;0;0;0;0;0;0;0;0;0;0;0;2655;0;0;95;0;200;0;
8068;3769640;1053962240;16367616;1194590208;0;0;0;0;0;0;0;0;0;0;0;2805;0;0;95;0;200;0;
8069;4155493;1053962240;16367616;1194590208;0;0;0;0;0;0;0;0;0;0;0;2835;0;0;95;0;200;0;
8070;5169124;1053962240;16367616;1194590208;0;0;0;0;0;0;0;0;0;0;0;3447;0;0;95;0;200;0;
8071;2066205;1053962240;16367616;1194590208;0;0;0;0;0;0;0;0;0;0;0;2515;0;0;95;0;200;0;
8072;5966709;1053962240;16371712;1194594304;0;0;0;0;0;0;0;0;0;0;0;3717;0;0;95;0;200;0;
8073;4674987;1053962240;16371712;1194594304;0;0;0;0;0;0;0;0;0;0;0;3306;0;0;95;0;200;0;
8074;4008568;1053962240;16371712;1194594304;0;0;0;0;0;0;0;0;0;0;0;2916;0;0;95;0;200;0;
8075;2542278;1053962240;16371712;1194594304;0;0;0;0;0;0;0;0;0;0;0;2715;0;0;95;0;200;0;
8076;2672963;1053962240;16371712;1194594304;0;0;0;0;0;0;0;0;0;0;0;1823;0;0;95;0;200;0;
8077;2891433;1053962240;16371712;1194594304;0;0;0;0;0;0;0;0;0;0;0;2705;0;0;95;0;200;0;
8078;8177726;1053962240;16371712;1194594304;0;0;0;0;0;0;0;0;0;0;0;2755;0;0;95;0;200;0;
8079;3195302;1053962240;16371712;1194594304;0;0;0;0;0;0;0;0;0;0;0;1974;0;0;95;0;200;0;
8080;3250887;1053962240;16371712;1194594304;0;0;0;0;0;0;0;0;0;0;0;1883;0;0;95;0;200;0;
8081;3224407;1053962240;16371712;1194594304;0;0;0;0;0;0;0;0;0;0;0;3577;0;0;95;0;200;0;
8082;6344659;1053962240;16371712;1194594304;0;0;0;0;0;0;0;0;0;0;0;3616;0;0;95;0;200;0;
8083;2699362;1053962240;16371712;1194594304;0;0;0;0;0;0;0;0;0;0;0;2324;0;0;95;0;200;0;
8084;6756972;1053962240;16371712;1194594304;0;0;0;0;0;0;0;0;0;0;0;4468;0;0;95;0;200;0;
8085;5201184;1053962240;16371712;1194594304;0;0;0;0;0;0;0;0;0;0;0;3637;0;0;95;0;200;0;
8086;2438263;1053962240;16367616;1194590208;0;0;0;0;0;0;0;0;0;0;0;3186;0;0;95;0;200;0;
8087;2091853;1053962240;16367616;1194590208;0;0;0;0;0;0;0;0;0;0;0;2294;0;0;95;0;200;0;
8088;4602140;1053962240;16367616;1194590208;0;0;0;0;0;0;0;0;0;0;0;3126;0;0;95;0;200;0;
8089;3698055;1053962240;16367616;1194590208;0;0;0;0;0;0;0;0;0;0;0;2815;0;0;95;0;200;0;
8090;7146482;1053962240;16367616;1194590208;0;0;0;0;0;0;0;0;0;0;0;2995;0;0;95;0;200;0;
8091;5014504;1053962240;16367616;1194590208;0;0;0;0;0;0;0;0;0;0;0;3496;0;0;95;0;200;0;
8092;3079686;1053962240;16367616;1194590208;0;0;0;0;0;0;0;0;0;0;0;2264;0;0;95;0;200;0;
8093;3168833;1053962240;16367616;1194590208;0;0;0;0;0;0;0;0;0;0;0;2625;0;0;95;0;200;0;
8094;4623040;1053962240;16367616;1194590208;0;0;0;0;0;0;0;0;0;0;0;2736;0;0;95;0;200;0;
8095;3261437;1053962240;16367616;1194590208;0;0;0;0;0;0;0;0;0;0;0;2926;0;0;95;0;200;0;
8096;5285953;1053962240;16367616;1194590208;0;0;0;0;0;0;0;0;0;0;0;2795;0;0;95;0;200;0;
8097;5396310;1053962240;16367616;1194590208;0;0;0;0;0;0;0;0;0;0;0;3306;0;0;95;0;200;0;
8098;3440452;1053962240;16367616;1194590208;0;0;0;0;0;0;0;0;0;0;0;2926;0;0;95;0;200;0;
8099;2957185;1053962240;16367616;1194590208;0;0;0;0;0;0;0;0;0;0;0;2826;0;0;95;0;200;0;
8100;3364259;1053962240;16367616;1194590208;0;0;0;0;0;0;0;0;0;0;0;2504;0;0;95;0;200;0;
8101;4110098;1053962240;16367616;1194590208;0;0;0;0;0;0;0;0;0;0;0;2865;0;0;95;0;200;0;
8102;7189934;1053962240;16367616;1194590208;0;0;0;0;0;0;0;0;0;0;0;2815;0;0;95;0;200;0;
8103;6004130;1053962240;16367616;1194590208;0;0;0;0;0;0;0;0;0;0;0;2956;0;0;95;0;200;0;
8104;3424252;1053962240;16367616;1194590208;0;0;0;0;0;0;0;0;0;0;0;2034;0;0;95;0;200;0;
8105;3521745;1053962240;16367616;1194590208;0;0;0;0;0;0;0;0;0;0;0;3016;0;0;95;0;200;0;
8106;6538171;1053962240;16367616;1194590208;0;0;0;0;0;0;0;0;0;0;0;3377;0;0;95;0;200;0;
8107;3137163;1053962240;16367616;1194590208;0;0;0;0;0;0;0;0;0;0;0;2184;0;0;95;0;200;0;
8108;7068957;1053962240;16367616;1194590208;0;0;0;0;0;0;0;0;0;0;0;3156;0;0;95;0;200;0;
8109;5148004;1053962240;16367616;1194590208;0;0;0;0;0;0;0;0;0;0;0;2755;0;0;95;0;200;0;
8110;3086939;1053962240;16367616;1194590208;0;0;0;0;0;0;0;0;0;0;0;2685;0;0;95;0;200;0;
8111;2188865;1053962240;16367616;1194590208;0;0;0;0;0;0;0;0;0;0;0;2304;0;0;95;0;200;0;
8112;2828425;1053962240;16367616;1194590208;0;0;0;0;0;0;0;0;0;0;0;2815;0;0;95;0;200;0;
8113;3335475;1053962240;16367616;1194590208;0;0;0;0;0;0;0;0;0;0;0;2334;0;0;95;0;200;0;
8114;6625976;1053962240;16367616;1194590208;0;0;0;0;0;0;0;0;0;0;0;4358;0;0;95;0;200;0;
8115;6473050;1053962240;16367616;1194590208;0;0;0;0;0;0;0;0;0;0;0;112491;0;0;95;0;200;0;
8116;3902588;1053962240;16367616;1194590208;0;0;0;0;0;0;0;0;0;0;0;2975;0;0;95;0;200;0;
8117;2889680;1053962240;16367616;1194590208;0;0;0;0;0;0;0;0;0;0;0;2554;0;0;95;0;200;0;
8118;2625163;1053962240;16367616;1194590208;0;0;0;0;0;0;0;0;0;0;0;2484;0;0;95;0;200;0;
8119;2147868;1053962240;16367616;1194590208;0;0;0;0;0;0;0;0;0;0;0;2265;0;0;95;0;200;0;
8120;8269258;1053962240;16367616;1194590208;0;0;0;0;0;0;0;0;0;0;0;3046;0;0;95;0;200;0;
8121;3734012;1053962240;16367616;1194590208;0;0;0;0;0;0;0;0;0;0;0;2355;0;0;95;0;200;0;
8122;4756421;1053962240;16367616;1194590208;0;0;0;0;0;0;0;0;0;0;0;4037;0;0;95;0;200;0;
8123;3159705;1053962240;16367616;1194590208;0;0;0;0;0;0;0;0;0;0;0;4399;0;0;95;0;200;0;
8124;2614393;1053962240;16367616;1194590208;0;0;0;0;0;0;0;0;0;0;0;2205;0;0;95;0;200;0;
8125;3109081;1053962240;16367616;1194590208;0;0;0;0;0;0;0;0;0;0;0;1894;0;0;95;0;200;0;
8126;9217486;1053962240;16367616;1194590208;0;0;0;0;0;0;0;0;0;0;0;2675;0;0;95;0;200;0;
8127;2919686;1053962240;16367616;1194590208;0;0;0;0;0;0;0;0;0;0;0;1953;0;0;95;0;200;0;
8128;2286448;1053962240;16367616;1194590208;0;0;0;0;0;0;0;0;0;0;0;1873;0;0;95;0;200;0;
8129;3813852;1053962240;16367616;1194590208;0;0;0;0;0;0;0;0;0;0;0;3026;0;0;95;0;200;0;
8130;3842486;1053962240;16367616;1194590208;0;0;0;0;0;0;0;0;0;0;0;3887;0;0;95;0;200;0;
8131;3014283;1053962240;16367616;1194590208;0;0;0;0;0;0;0;0;0;0;0;2445;0;0;95;0;200;0;
8132;6386968;1053962240;16367616;1194590208;0;0;0;0;0;0;0;0;0;0;0;2936;0;0;95;0;200;0;
8133;5969496;1053962240;16367616;1194590208;0;0;0;0;0;0;0;0;0;0;0;3556;0;0;95;0;200;0;
8134;3262368;1053962240;16367616;1194590208;0;0;0;0;0;0;0;0;0;0;0;1804;0;0;95;0;200;0;
8135;2654949;1053962240;16367616;1194590208;0;0;0;0;0;0;0;0;0;0;0;1754;0;0;95;0;200;0;
8136;4648648;1053962240;16367616;1194590208;0;0;0;0;0;0;0;0;0;0;0;3186;0;0;95;0;200;0;
8137;4949422;1053962240;16367616;1194590208;0;0;0;0;0;0;0;0;0;0;0;3116;0;0;95;0;200;0;
8138;7016248;1053962240;16367616;1194590208;0;0;0;0;0;0;0;0;0;0;0;3226;0;0;95;0;200;0;
8139;3653592;1053962240;16367616;1194590208;0;0;0;0;0;0;0;0;0;0;0;168285;0;0;95;0;200;0;
8140;4795303;1053962240;16367616;1194590208;0;0;0;0;0;0;0;0;0;0;0;61125;0;0;95;0;200;0;
8141;2741531;1053962240;16367616;1194590208;0;0;0;0;0;0;0;0;0;0;0;3777;0;0;95;0;200;0;
8142;3605322;1053962240;16367616;1194590208;0;0;0;0;0;0;0;0;0;0;0;3707;0;0;95;0;200;0;
8143;5090557;1053962240;16367616;1194590208;0;0;0;0;0;0;0;0;0;0;0;3006;0;0;95;0;200;0;
8144;7626613;1053962240;16367616;1194590208;0;0;0;0;0;0;0;0;0;0;0;3176;0;0;95;0;200;0;
8145;5577430;1053962240;16367616;1194590208;0;0;0;0;0;0;0;0;0;0;0;2775;0;0;95;0;200;0;
8146;3158182;1053962240;16367616;1194590208;0;0;0;0;0;0;0;0;0;0;0;2535;0;0;95;0;200;0;
8147;3095996;1053962240;16367616;1194590208;0;0;0;0;0;0;0;0;0;0;0;2715;0;0;95;0;200;0;
8148;3687646;1053962240;16367616;1194590208;0;0;0;0;0;0;0;0;0;0;0;2936;0;0;95;0;200;0;
8149;3592858;1053962240;16367616;1194590208;0;0;0;0;0;0;0;0;0;0;0;3166;0;0;95;0;200;0;
8150;6334861;1053962240;16367616;1194590208;0;0;0;0;0;0;0;0;0;0;0;3376;0;0;95;0;200;0;
8151;4886204;1053962240;16367616;1194590208;0;0;0;0;0;0;0;0;0;0;0;3697;0;0;95;0;200;0;
8152;4136227;1053962240;16367616;1194590208;0;0;0;0;0;0;0;0;0;0;0;2585;0;0;95;0;200;0;
8153;2508956;1053962240;16367616;1194590208;0;0;0;0;0;0;0;0;0;0;0;2515;0;0;95;0;200;0;
8154;2693592;1053962240;16367616;1194590208;0;0;0;0;0;0;0;0;0;0;0;2134;0;0;95;0;200;0;
8155;2999886;1053962240;16367616;1194590208;0;0;0;0;0;0;0;0;0;0;0;2665;0;0;95;0;200;0;
8156;9137496;1053962240;16367616;1194590208;0;0;0;0;0;0;0;0;0;0;0;3186;0;0;95;0;200;0;
8157;4509246;1053962240;16367616;1194590208;0;0;0;0;0;0;0;0;0;0;0;4088;0;0;95;0;200;0;
8158;4586150;1053962240;16367616;1194590208;0;0;0;0;0;0;0;0;0;0;0;2976;0;0;95;0;200;0;
8159;5400347;1053962240;16367616;1194590208;0;0;0;0;0;0;0;0;0;0;0;3317;0;0;95;0;200;0;
8160;3758609;1053962240;16367616;1194590208;0;0;0;0;0;0;0;0;0;0;0;2525;0;0;95;0;200;0;
8161;2160882;1053962240;16367616;1194590208;0;0;0;0;0;0;0;0;0;0;0;3066;0;0;95;0;200;0;
8162;8407527;1053962240;16367616;1194590208;0;0;0;0;0;0;0;0;0;0;0;3837;0;0;95;0;200;0;
8163;7279662;1053962240;16367616;1194590208;0;0;0;0;0;0;0;0;0;0;0;3266;0;0;95;0;200;0;
8164;4227738;1053962240;16367616;1194590208;0;0;0;0;0;0;0;0;0;0;0;2284;0;0;95;0;200;0;
8165;3647450;1053962240;16367616;1194590208;0;0;0;0;0;0;0;0;0;0;0;3216;0;0;95;0;200;0;
8166;3810646;1053962240;16367616;1194590208;0;0;0;0;0;0;0;0;0;0;0;3537;0;0;95;0;200;0;
8167;2854904;1053962240;16367616;1194590208;0;0;0;0;0;0;0;0;0;0;0;2234;0;0;95;0;200;0;
8168;9759623;1053962240;16367616;1194590208;0;0;0;0;0;0;0;0;0;0;0;4068;0;0;95;0;200;0;
8169;5628436;1053962240;16367616;1194590208;0;0;0;0;0;0;0;0;0;0;0;3797;0;0;95;0;200;0;
8170;5247952;1053962240;16367616;1194590208;0;0;0;0;0;0;0;0;0;0;0;4248;0;0;95;0;200;0;
8171;5510775;1053962240;16367616;1194590208;0;0;0;0;0;0;0;0;0;0;0;3186;0;0;95;0;200;0;
8172;4713900;1053962240;16367616;1194590208;0;0;0;0;0;0;0;0;0;0;0;3327;0;0;95;0;200;0;
8173;4827223;1053962240;16367616;1194590208;0;0;0;0;0;0;0;0;0;0;0;3928;0;0;95;0;200;0;
8174;9798326;1053962240;16367616;1194590208;0;0;0;0;0;0;0;0;0;0;0;2685;0;0;95;0;200;0;
8175;8641757;1053962240;16367616;1194590208;0;0;0;0;0;0;0;0;0;0;0;3597;0;0;95;0;200;0;
8176;7387574;1053962240;16367616;1194590208;0;0;0;0;0;0;0;0;0;0;0;3426;0;0;95;0;200;0;
8177;2320331;1053962240;16367616;1194590208;0;0;0;0;0;0;0;0;0;0;0;2735;0;0;95;0;200;0;
8178;3914582;1053962240;16367616;1194590208;0;0;0;0;0;0;0;0;0;0;0;3056;0;0;95;0;200;0;
8179;4519496;1053962240;16367616;1194590208;0;0;0;0;0;0;0;0;0;0;0;4058;0;0;95;0;200;0;
8180;9359442;1053962240;16367616;1194590208;0;0;0;0;0;0;0;0;0;0;0;2786;0;0;95;0;200;0;
8181;4337976;1053962240;16367616;1194590208;0;0;0;0;0;0;0;0;0;0;0;3026;0;0;95;0;200;0;
8182;5896849;1053962240;16367616;1194590208;0;0;0;0;0;0;0;0;0;0;0;3366;0;0;95;0;200;0;
8183;4582925;1053962240;16367616;1194590208;0;0;0;0;0;0;0;0;0;0;0;3357;0;0;95;0;200;0;
8184;4323408;1053962240;16367616;1194590208;0;0;0;0;0;0;0;0;0;0;0;2795;0;0;95;0;200;0;
8185;4539363;1053962240;16367616;1194590208;0;0;0;0;0;0;0;0;0;0;0;2795;0;0;95;0;200;0;
8186;8472689;1053962240;16367616;1194590208;0;0;0;0;0;0;0;0;0;0;0;2956;0;0;95;0;200;0;
8187;5743502;1053962240;16367616;1194590208;0;0;0;0;0;0;0;0;0;0;0;3136;0;0;95;0;200;0;
8188;5286805;1053962240;16367616;1194590208;0;0;0;0;0;0;0;0;0;0;0;3376;0;0;95;0;200;0;
8189;2831820;1053962240;16367616;1194590208;0;0;0;0;0;0;0;0;0;0;0;3065;0;0;95;0;200;0;
8190;3235738;1053962240;16367616;1194590208;0;0;0;0;0;0;0;0;0;0;0;2926;0;0;95;0;200;0;
8191;3752638;1053962240;16367616;1194590208;0;0;0;0;0;0;0;0;0;0;0;2865;0;0;95;0;200;0;
8192;9408054;1053962240;16367616;1194590208;0;0;0;0;0;0;0;0;0;0;0;3727;0;0;95;0;200;0;
8193;9475911;1053962240;16367616;1194590208;0;0;0;0;0;0;0;0;0;0;0;3567;0;0;95;0;200;0;
8194;6479171;1053962240;16367616;1194590208;0;0;0;0;0;0;0;0;0;0;0;4118;0;0;95;0;200;0;
8195;4150975;1053962240;16367616;1194590208;0;0;0;0;0;0;0;0;0;0;0;2996;0;0;95;0;200;0;
8196;5493652;1053962240;16367616;1194590208;0;0;0;0;0;0;0;0;0;0;0;2765;0;0;95;0;200;0;
8197;6087556;1053962240;16367616;1194590208;0;0;0;0;0;0;0;0;0;0;0;3176;0;0;95;0;200;0;
8198;8080544;1053962240;16367616;1194590208;0;0;0;0;0;0;0;0;0;0;0;3677;0;0;95;0;200;0;
8199;9331290;1053962240;16367616;1194590208;0;0;0;0;0;0;0;0;0;0;0;3446;0;0;95;0;200;0;
8200;2856457;1053962240;16367616;1194590208;0;0;0;0;0;0;0;0;0;0;0;5450;0;0;95;0;200;0;
8201;3378346;1053962240;16367616;1194590208;0;0;0;0;0;0;0;0;0;0;0;3065;0;0;95;0;200;0;
8202;4439556;1053962240;16367616;1194590208;0;0;0;0;0;0;0;0;0;0;0;2895;0;0;95;0;200;0;
8203;3506185;1053962240;16367616;1194590208;0;0;0;0;0;0;0;0;0;0;0;3877;0;0;95;0;200;0;
8204;8626307;1053962240;16367616;1194590208;0;0;0;0;0;0;0;0;0;0;0;3016;0;0;95;0;200;0;
8205;5992668;1053962240;16367616;1194590208;0;0;0;0;0;0;0;0;0;0;0;4488;0;0;95;0;200;0;
8206;3380410;1053962240;16367616;1194590208;0;0;0;0;0;0;0;0;0;0;0;2936;0;0;95;0;200;0;
8207;3045642;1053962240;16367616;1194590208;0;0;0;0;0;0;0;0;0;0;0;2575;0;0;95;0;200;0;
8208;4330301;1053962240;16367616;1194590208;0;0;0;0;0;0;0;0;0;0;0;3487;0;0;95;0;200;0;
8209;4467308;1053962240;16367616;1194590208;0;0;0;0;0;0;0;0;0;0;0;3146;0;0;95;0;200;0;
8210;8075865;1053962240;16367616;1194590208;0;0;0;0;0;0;0;0;0;0;0;3186;0;0;95;0;200;0;
8211;5622264;1053962240;16367616;1194590208;0;0;0;0;0;0;0;0;0;0;0;4068;0;0;95;0;200;0;
8212;5260055;1053962240;16367616;1194590208;0;0;0;0;0;0;0;0;0;0;0;3136;0;0;95;0;200;0;
8213;5018551;1053962240;16367616;1194590208;0;0;0;0;0;0;0;0;0;0;0;3286;0;0;95;0;200;0;
8214;6186112;1053962240;16367616;1194590208;0;0;0;0;0;0;0;0;0;0;0;3687;0;0;95;0;200;0;
8215;4677923;1053962240;16367616;1194590208;0;0;0;0;0;0;0;0;0;0;0;2755;0;0;95;0;200;0;
8216;7638104;1053962240;16367616;1194590208;0;0;0;0;0;0;0;0;0;0;0;3396;0;0;95;0;200;0;
8217;6370437;1053962240;16367616;1194590208;0;0;0;0;0;0;0;0;0;0;0;3176;0;0;95;0;200;0;
8218;2671671;1053962240;16367616;1194590208;0;0;0;0;0;0;0;0;0;0;0;2244;0;0;95;0;200;0;
8219;2650691;1053962240;16367616;1194590208;0;0;0;0;0;0;0;0;0;0;0;2254;0;0;95;0;200;0;
8220;4765578;1053962240;16367616;1194590208;0;0;0;0;0;0;0;0;0;0;0;3907;0;0;95;0;200;0;
8221;4580500;1053962240;16367616;1194590208;0;0;0;0;0;0;0;0;0;0;0;2775;0;0;95;0;200;0;
8222;9015498;1053962240;16367616;1194590208;0;0;0;0;0;0;0;0;0;0;0;3135;0;0;95;0;200;0;
8223;6768744;1053962240;16367616;1194590208;0;0;0;0;0;0;0;0;0;0;0;3536;0;0;95;0;200;0;
8224;4649800;1053962240;16367616;1194590208;0;0;0;0;0;0;0;0;0;0;0;3155;0;0;95;0;200;0;
8225;4102985;1053962240;16367616;1194590208;0;0;0;0;0;0;0;0;0;0;0;3156;0;0;95;0;200;0;
8226;5579194;1053962240;16367616;1194590208;0;0;0;0;0;0;0;0;0;0;0;3597;0;0;95;0;200;0;
8227;4294864;1053962240;16367616;1194590208;0;0;0;0;0;0;0;0;0;0;0;3647;0;0;95;0;200;0;
8228;6145304;1053962240;16367616;1194590208;0;0;0;0;0;0;0;0;0;0;0;4278;0;0;95;0;200;0;
8229;5977550;1053962240;16367616;1194590208;0;0;0;0;0;0;0;0;0;0;0;3878;0;0;95;0;200;0;
8230;4587554;1053962240;16367616;1194590208;0;0;0;0;0;0;0;0;0;0;0;2495;0;0;95;0;200;0;
8231;3428300;1053962240;16367616;1194590208;0;0;0;0;0;0;0;0;0;0;0;3145;0;0;95;0;200;0;
8232;3581116;1053962240;16367616;1194590208;0;0;0;0;0;0;0;0;0;0;0;2775;0;0;95;0;200;0;
8233;3862654;1053962240;16367616;1194590208;0;0;0;0;0;0;0;0;0;0;0;3968;0;0;95;0;200;0;
8234;7584484;1053962240;16367616;1194590208;0;0;0;0;0;0;0;0;0;0;0;2544;0;0;95;0;200;0;
8235;5725498;1053962240;16367616;1194590208;0;0;0;0;0;0;0;0;0;0;0;2895;0;0;95;0;200;0;
8236;4810962;1053962240;16367616;1194590208;0;0;0;0;0;0;0;0;0;0;0;3747;0;0;95;0;200;0;
8237;3198448;1053962240;16367616;1194590208;0;0;0;0;0;0;0;0;0;0;0;2765;0;0;95;0;200;0;
8238;3258821;1053962240;16367616;1194590208;0;0;0;0;0;0;0;0;0;0;0;3636;0;0;95;0;200;0;
8239;1948334;1053962240;16367616;1194590208;0;0;0;0;0;0;0;0;0;0;0;3056;0;0;95;0;200;0;
8240;6814370;1053962240;16367616;1194590208;0;0;0;0;0;0;0;0;0;0;0;3777;0;0;95;0;200;0;
8241;5055591;1053962240;16367616;1194590208;0;0;0;0;0;0;0;0;0;0;0;3597;0;0;95;0;200;0;
8242;4248057;1053962240;16367616;1194590208;0;0;0;0;0;0;0;0;0;0;0;3887;0;0;95;0;200;0;
8243;4629552;1053962240;16367616;1194590208;0;0;0;0;0;0;0;0;0;0;0;3236;0;0;95;0;200;0;
8244;6223832;1053962240;16367616;1194590208;0;0;0;0;0;0;0;0;0;0;0;3116;0;0;95;0;200;0;
8245;5221091;1053962240;16367616;1194590208;0;0;0;0;0;0;0;0;0;0;0;5049;0;0;95;0;200;0;
8246;8583417;1053962240;16367616;1194590208;0;0;0;0;0;0;0;0;0;0;0;3747;0;0;95;0;200;0;
8247;7074417;1053962240;16367616;1194590208;0;0;0;0;0;0;0;0;0;0;0;4519;0;0;95;0;200;0;
8248;5811869;1053962240;16367616;1194590208;0;0;0;0;0;0;0;0;0;0;0;4308;0;0;95;0;200;0;
8249;5186697;1053962240;16367616;1194590208;0;0;0;0;0;0;0;0;0;0;0;2514;0;0;95;0;200;0;
8250;5659704;1053962240;16367616;1194590208;0;0;0;0;0;0;0;0;0;0;0;2865;0;0;95;0;200;0;
8251;3678268;1053962240;16367616;1194590208;0;0;0;0;0;0;0;0;0;0;0;3306;0;0;95;0;200;0;
8252;7861584;1053962240;16367616;1194590208;0;0;0;0;0;0;0;0;0;0;0;2625;0;0;95;0;200;0;
8253;7132666;1053962240;16367616;1194590208;0;0;0;0;0;0;0;0;0;0;0;3868;0;0;95;0;200;0;
8254;6058151;1053962240;16367616;1194590208;0;0;0;0;0;0;0;0;0;0;0;3356;0;0;95;0;200;0;
8255;3847866;1053962240;16367616;1194590208;0;0;0;0;0;0;0;0;0;0;0;3006;0;0;95;0;200;0;
8256;2957547;1053962240;16367616;1194590208;0;0;0;0;0;0;0;0;0;0;0;2324;0;0;95;0;200;0;
8257;2539863;1053962240;16367616;1194590208;0;0;0;0;0;0;0;0;0;0;0;2835;0;0;95;0;200;0;
8258;9421319;1053962240;16367616;1194590208;0;0;0;0;0;0;0;0;0;0;0;2524;0;0;95;0;200;0;
8259;4679766;1053962240;16367616;1194590208;0;0;0;0;0;0;0;0;0;0;0;3427;0;0;95;0;200;0;
8260;4392999;1053962240;16367616;1194590208;0;0;0;0;0;0;0;0;0;0;0;2384;0;0;95;0;200;0;
8261;3547462;1053962240;16367616;1194590208;0;0;0;0;0;0;0;0;0;0;0;3417;0;0;95;0;200;0;
8262;3082140;1053962240;16367616;1194590208;0;0;0;0;0;0;0;0;0;0;0;3036;0;0;95;0;200;0;
8263;2936657;1053962240;16367616;1194590208;0;0;0;0;0;0;0;0;0;0;0;2094;0;0;95;0;200;0;
8264;9006641;1053962240;16367616;1194590208;0;0;0;0;0;0;0;0;0;0;0;3937;0;0;95;0;200;0;
8265;5472273;1053962240;16367616;1194590208;0;0;0;0;0;0;0;0;0;0;0;2685;0;0;95;0;200;0;
8266;4664387;1053962240;16367616;1194590208;0;0;0;0;0;0;0;0;0;0;0;2976;0;0;95;0;200;0;
8267;3366744;1053962240;16367616;1194590208;0;0;0;0;0;0;0;0;0;0;0;2766;0;0;95;0;200;0;
8268;4049805;1053962240;16367616;1194590208;0;0;0;0;0;0;0;0;0;0;0;3096;0;0;95;0;200;0;
8269;3526955;1053962240;16367616;1194590208;0;0;0;0;0;0;0;0;0;0;0;3557;0;0;95;0;200;0;
8270;9849050;1053962240;16371712;1194594304;0;0;0;0;0;0;0;0;0;0;0;3206;0;0;95;0;200;0;
8271;3465399;1053962240;16375808;1194598400;0;0;0;0;0;0;0;0;0;0;0;2545;0;0;95;0;200;0;
8272;2833253;1053962240;16375808;1194598400;0;0;0;0;0;0;0;0;0;0;0;2184;0;0;95;0;200;0;
8273;5429152;1053962240;16375808;1194598400;0;0;0;0;0;0;0;0;0;0;0;3737;0;0;95;0;200;0;
8274;4695696;1053962240;16375808;1194598400;0;0;0;0;0;0;0;0;0;0;0;30837;0;0;95;0;200;0;
8275;2644048;1053962240;16375808;1194598400;0;0;0;0;0;0;0;0;0;0;0;2134;0;0;95;0;200;0;
8276;8195650;1053962240;16375808;1194598400;0;0;0;0;0;0;0;0;0;0;0;2545;0;0;95;0;200;0;
8277;4906692;1053962240;16375808;1194598400;0;0;0;0;0;0;0;0;0;0;0;3146;0;0;95;0;200;0;
8278;5842026;1053962240;16375808;1194598400;0;0;0;0;0;0;0;0;0;0;0;3136;0;0;95;0;200;0;
8279;3357907;1053962240;16375808;1194598400;0;0;0;0;0;0;0;0;0;0;0;3025;0;0;95;0;200;0;
8280;5943316;1053962240;16375808;1194598400;0;0;0;0;0;0;0;0;0;0;0;3897;0;0;95;0;200;0;
8281;3069957;1053962240;16375808;1194598400;0;0;0;0;0;0;0;0;0;0;0;2866;0;0;95;0;200;0;
8282;7847797;1053962240;16375808;1194598400;0;0;0;0;0;0;0;0;0;0;0;3426;0;0;95;0;200;0;
8283;5541873;1053962240;16375808;1194598400;0;0;0;0;0;0;0;0;0;0;0;3216;0;0;95;0;200;0;
8284;5122857;1053962240;16367616;1194590208;0;0;0;0;0;0;0;0;0;0;0;4148;0;0;95;0;200;0;
8285;3017760;1053962240;16367616;1194590208;0;0;0;0;0;0;0;0;0;0;0;3667;0;0;95;0;200;0;
8286;5700410;1053962240;16367616;1194590208;0;0;0;0;0;0;0;0;0;0;0;3767;0;0;95;0;200;0;
8287;2849474;1053962240;16367616;1194590208;0;0;0;0;0;0;0;0;0;0;0;1823;0;0;95;0;200;0;
8288;6547409;1053962240;16367616;1194590208;0;0;0;0;0;0;0;0;0;0;0;3226;0;0;95;0;200;0;
8289;6712488;1053962240;16367616;1194590208;0;0;0;0;0;0;0;0;0;0;0;2746;0;0;95;0;200;0;
8290;3923989;1053962240;16367616;1194590208;0;0;0;0;0;0;0;0;0;0;0;3216;0;0;95;0;200;0;
8291;4536668;1053962240;16367616;1194590208;0;0;0;0;0;0;0;0;0;0;0;3517;0;0;95;0;200;0;
8292;3675573;1053962240;16367616;1194590208;0;0;0;0;0;0;0;0;0;0;0;2294;0;0;95;0;200;0;
8293;3124240;1053962240;16367616;1194590208;0;0;0;0;0;0;0;0;0;0;0;1784;0;0;95;0;200;0;
8294;8577296;1053962240;16367616;1194590208;0;0;0;0;0;0;0;0;0;0;0;3948;0;0;95;0;200;0;
8295;3923598;1053962240;16367616;1194590208;0;0;0;0;0;0;0;0;0;0;0;2114;0;0;95;0;200;0;
8296;2407786;1053962240;16367616;1194590208;0;0;0;0;0;0;0;0;0;0;0;1834;0;0;95;0;200;0;
8297;2306686;1053962240;16367616;1194590208;0;0;0;0;0;0;0;0;0;0;0;2344;0;0;95;0;200;0;
8298;3889064;1053962240;16367616;1194590208;0;0;0;0;0;0;0;0;0;0;0;1914;0;0;95;0;200;0;
8299;2924365;1053962240;16367616;1194590208;0;0;0;0;0;0;0;0;0;0;0;2555;0;0;95;0;200;0;
8300;5852345;1053962240;16367616;1194590208;0;0;0;0;0;0;0;0;0;0;0;3126;0;0;95;0;200;0;
8301;5871070;1053962240;16367616;1194590208;0;0;0;0;0;0;0;0;0;0;0;3357;0;0;95;0;200;0;
8302;4004429;1053962240;16367616;1194590208;0;0;0;0;0;0;0;0;0;0;0;2334;0;0;95;0;200;0;
8303;2558859;1053962240;16367616;1194590208;0;0;0;0;0;0;0;0;0;0;0;1853;0;0;95;0;200;0;
8304;2321765;1053962240;16367616;1194590208;0;0;0;0;0;0;0;0;0;0;0;1653;0;0;95;0;200;0;
8305;2910038;1053962240;16367616;1194590208;0;0;0;0;0;0;0;0;0;0;0;2415;0;0;95;0;200;0;
8306;6631486;1053962240;16367616;1194590208;0;0;0;0;0;0;0;0;0;0;0;3316;0;0;95;0;200;0;
8307;3708044;1053962240;16367616;1194590208;0;0;0;0;0;0;0;0;0;0;0;3006;0;0;95;0;200;0;
8308;4749757;1053962240;16367616;1194590208;0;0;0;0;0;0;0;0;0;0;0;2255;0;0;95;0;200;0;
8309;2438112;1053962240;16367616;1194590208;0;0;0;0;0;0;0;0;0;0;0;2886;0;0;95;0;200;0;
8310;2561443;1053962240;16367616;1194590208;0;0;0;0;0;0;0;0;0;0;0;1794;0;0;95;0;200;0;
8311;1877621;1053962240;16367616;1194590208;0;0;0;0;0;0;0;0;0;0;0;1653;0;0;95;0;200;0;
8312;7340726;1053962240;16367616;1194590208;0;0;0;0;0;0;0;0;0;0;0;3156;0;0;95;0;200;0;
8313;4686860;1053962240;16367616;1194590208;0;0;0;0;0;0;0;0;0;0;0;2334;0;0;95;0;200;0;
8314;4747874;1053962240;16367616;1194590208;0;0;0;0;0;0;0;0;0;0;0;2745;0;0;95;0;200;0;
8315;3538827;1053962240;16367616;1194590208;0;0;0;0;0;0;0;0;0;0;0;2575;0;0;95;0;200;0;
8316;2566433;1053962240;16367616;1194590208;0;0;0;0;0;0;0;0;0;0;0;2054;0;0;95;0;200;0;
8317;1100012;1053962240;16367616;1194590208;0;0;0;0;0;0;0;0;0;0;0;1533;0;0;95;0;200;0;
8318;6393861;1053962240;16367616;1194590208;0;0;0;0;0;0;0;0;0;0;0;2445;0;0;95;0;200;0;
8319;4182824;1053962240;16367616;1194590208;0;0;0;0;0;0;0;0;0;0;0;2094;0;0;95;0;200;0;
8320;2817223;1053962240;16367616;1194590208;0;0;0;0;0;0;0;0;0;0;0;1583;0;0;95;0;200;0;
8321;2068490;1053962240;16367616;1194590208;0;0;0;0;0;0;0;0;0;0;0;1873;0;0;95;0;200;0;
8322;3840783;1053962240;16367616;1194590208;0;0;0;0;0;0;0;0;0;0;0;3116;0;0;95;0;200;0;
8323;3640468;1053962240;16367616;1194590208;0;0;0;0;0;0;0;0;0;0;0;2615;0;0;95;0;200;0;
8324;5171478;1053962240;16367616;1194590208;0;0;0;0;0;0;0;0;0;0;0;2405;0;0;95;0;200;0;
8325;4058762;1053962240;16367616;1194590208;0;0;0;0;0;0;0;0;0;0;0;2355;0;0;95;0;200;0;
8326;3585875;1053962240;16367616;1194590208;0;0;0;0;0;0;0;0;0;0;0;2624;0;0;95;0;200;0;
8327;2896311;1053962240;16367616;1194590208;0;0;0;0;0;0;0;0;0;0;0;2485;0;0;95;0;200;0;
8328;3426857;1053962240;16367616;1194590208;0;0;0;0;0;0;0;0;0;0;0;2074;0;0;95;0;200;0;
8329;1584622;1053962240;16367616;1194590208;0;0;0;0;0;0;0;0;0;0;0;2645;0;0;95;0;200;0;
8330;5787864;1053962240;16367616;1194590208;0;0;0;0;0;0;0;0;0;0;0;2936;0;0;95;0;200;0;
8331;5419123;1053962240;16367616;1194590208;0;0;0;0;0;0;0;0;0;0;0;2545;0;0;95;0;200;0;
8332;2736712;1053962240;16367616;1194590208;0;0;0;0;0;0;0;0;0;0;0;2004;0;0;95;0;200;0;
8333;3385710;1053962240;16367616;1194590208;0;0;0;0;0;0;0;0;0;0;0;2385;0;0;95;0;200;0;
8334;4499098;1053962240;16367616;1194590208;0;0;0;0;0;0;0;0;0;0;0;2976;0;0;95;0;200;0;
8335;3306140;1053962240;16367616;1194590208;0;0;0;0;0;0;0;0;0;0;0;2444;0;0;95;0;200;0;
8336;6231948;1053962240;16367616;1194590208;0;0;0;0;0;0;0;0;0;0;0;2535;0;0;95;0;200;0;
8337;5159215;1053962240;16367616;1194590208;0;0;0;0;0;0;0;0;0;0;0;2895;0;0;95;0;200;0;
8338;4396926;1053962240;16367616;1194590208;0;0;0;0;0;0;0;0;0;0;0;2214;0;0;95;0;200;0;
8339;2716514;1053962240;16367616;1194590208;0;0;0;0;0;0;0;0;0;0;0;2224;0;0;95;0;200;0;
8340;4965782;1053962240;16367616;1194590208;0;0;0;0;0;0;0;0;0;0;0;2525;0;0;95;0;200;0;
8341;1955678;1053962240;16367616;1194590208;0;0;0;0;0;0;0;0;0;0;0;2305;0;0;95;0;200;0;
8342;5308566;1053962240;16367616;1194590208;0;0;0;0;0;0;0;0;0;0;0;3827;0;0;95;0;200;0;
8343;4452570;1053962240;16367616;1194590208;0;0;0;0;0;0;0;0;0;0;0;2756;0;0;95;0;200;0;
8344;3408342;1053962240;16367616;1194590208;0;0;0;0;0;0;0;0;0;0;0;2525;0;0;95;0;200;0;
8345;2456266;1053962240;16367616;1194590208;0;0;0;0;0;0;0;0;0;0;0;2084;0;0;95;0;200;0;
8346;2713508;1053962240;16367616;1194590208;0;0;0;0;0;0;0;0;0;0;0;1894;0;0;95;0;200;0;
8347;3186305;1053962240;16367616;1194590208;0;0;0;0;0;0;0;0;0;0;0;3106;0;0;95;0;200;0;
8348;8375637;1053962240;16367616;1194590208;0;0;0;0;0;0;0;0;0;0;0;3487;0;0;95;0;200;0;
8349;4328979;1053962240;16367616;1194590208;0;0;0;0;0;0;0;0;0;0;0;2865;0;0;95;0;200;0;
8350;3776903;1053962240;16367616;1194590208;0;0;0;0;0;0;0;0;0;0;0;1944;0;0;95;0;200;0;
8351;3623926;1053962240;16367616;1194590208;0;0;0;0;0;0;0;0;0;0;0;2785;0;0;95;0;200;0;
8352;4373722;1053962240;16367616;1194590208;0;0;0;0;0;0;0;0;0;0;0;2234;0;0;95;0;200;0;
8353;2781456;1053962240;16367616;1194590208;0;0;0;0;0;0;0;0;0;0;0;1764;0;0;95;0;200;0;
8354;7749684;1053962240;16367616;1194590208;0;0;0;0;0;0;0;0;0;0;0;3547;0;0;95;0;200;0;
8355;3911676;1053962240;16367616;1194590208;0;0;0;0;0;0;0;0;0;0;0;2355;0;0;95;0;200;0;
8356;3708955;1053962240;16367616;1194590208;0;0;0;0;0;0;0;0;0;0;0;2564;0;0;95;0;200;0;
8357;3116634;1053962240;16367616;1194590208;0;0;0;0;0;0;0;0;0;0;0;3156;0;0;95;0;200;0;
8358;3632312;1053962240;16367616;1194590208;0;0;0;0;0;0;0;0;0;0;0;2344;0;0;95;0;200;0;
8359;2686348;1053962240;16367616;1194590208;0;0;0;0;0;0;0;0;0;0;0;2044;0;0;95;0;200;0;
8360;8856299;1053962240;16367616;1194590208;0;0;0;0;0;0;0;0;0;0;0;3727;0;0;95;0;200;0;
8361;5820035;1053962240;16367616;1194590208;0;0;0;0;0;0;0;0;0;0;0;2705;0;0;95;0;200;0;
8362;3252790;1053962240;16367616;1194590208;0;0;0;0;0;0;0;0;0;0;0;1472;0;0;95;0;200;0;
8363;3118759;1053962240;16367616;1194590208;0;0;0;0;0;0;0;0;0;0;0;26810;0;0;95;0;200;0;
8364;3757237;1053962240;16367616;1194590208;0;0;0;0;0;0;0;0;0;0;0;2154;0;0;95;0;200;0;
8365;3136041;1053962240;16367616;1194590208;0;0;0;0;0;0;0;0;0;0;0;2755;0;0;95;0;200;0;
8366;6856789;1053962240;16367616;1194590208;0;0;0;0;0;0;0;0;0;0;0;3366;0;0;95;0;200;0;
8367;5593780;1053962240;16367616;1194590208;0;0;0;0;0;0;0;0;0;0;0;3686;0;0;95;0;200;0;
8368;2782177;1053962240;16367616;1194590208;0;0;0;0;0;0;0;0;0;0;0;1824;0;0;95;0;200;0;
8369;3376392;1053962240;16367616;1194590208;0;0;0;0;0;0;0;0;0;0;0;1734;0;0;95;0;200;0;
8370;2864111;1053962240;16367616;1194590208;0;0;0;0;0;0;0;0;0;0;0;2024;0;0;95;0;200;0;
8371;3166949;1053962240;16367616;1194590208;0;0;0;0;0;0;0;0;0;0;0;2174;0;0;95;0;200;0;
8372;7674542;1053962240;16367616;1194590208;0;0;0;0;0;0;0;0;0;0;0;2805;0;0;95;0;200;0;
8373;2819638;1053962240;16367616;1194590208;0;0;0;0;0;0;0;0;0;0;0;1733;0;0;95;0;200;0;
8374;2903325;1053962240;16367616;1194590208;0;0;0;0;0;0;0;0;0;0;0;1542;0;0;95;0;200;0;
8375;3392913;1053962240;16367616;1194590208;0;0;0;0;0;0;0;0;0;0;0;2635;0;0;95;0;200;0;
8376;3764570;1053962240;16367616;1194590208;0;0;0;0;0;0;0;0;0;0;0;2164;0;0;95;0;200;0;
8377;2237847;1053962240;16367616;1194590208;0;0;0;0;0;0;0;0;0;0;0;1533;0;0;95;0;200;0;
8378;5567231;1053962240;16367616;1194590208;0;0;0;0;0;0;0;0;0;0;0;1894;0;0;95;0;200;0;
8379;2541987;1053962240;16367616;1194590208;0;0;0;0;0;0;0;0;0;0;0;1252;0;0;95;0;200;0;
8380;2879730;1053962240;16367616;1194590208;0;0;0;0;0;0;0;0;0;0;0;1523;0;0;95;0;200;0;
8381;2964911;1053962240;16367616;1194590208;0;0;0;0;0;0;0;0;0;0;0;1482;0;0;95;0;200;0;
8382;2882926;1053962240;16367616;1194590208;0;0;0;0;0;0;0;0;0;0;0;1863;0;0;95;0;200;0;
8383;2682440;1053962240;16367616;1194590208;0;0;0;0;0;0;0;0;0;0;0;1683;0;0;95;0;200;0;
8384;6131318;1053962240;16367616;1194590208;0;0;0;0;0;0;0;0;0;0;0;1863;0;0;95;0;200;0;
8385;3650606;1053962240;16367616;1194590208;0;0;0;0;0;0;0;0;0;0;0;1703;0;0;95;0;200;0;
8386;3211193;1053962240;16367616;1194590208;0;0;0;0;0;0;0;0;0;0;0;1493;0;0;95;0;200;0;
8387;2444634;1053962240;16367616;1194590208;0;0;0;0;0;0;0;0;0;0;0;1603;0;0;95;0;200;0;
8388;2275227;1053962240;16367616;1194590208;0;0;0;0;0;0;0;0;0;0;0;1483;0;0;95;0;200;0;
8389;2794290;1053962240;16367616;1194590208;0;0;0;0;0;0;0;0;0;0;0;1653;0;0;95;0;200;0;
8390;6335621;1053962240;16367616;1194590208;0;0;0;0;0;0;0;0;0;0;0;2044;0;0;95;0;200;0;
8391;2559921;1053962240;16367616;1194590208;0;0;0;0;0;0;0;0;0;0;0;2084;0;0;95;0;200;0;
8392;3046334;1053962240;16367616;1194590208;0;0;0;0;0;0;0;0;0;0;0;1513;0;0;95;0;200;0;
8393;2959039;1053962240;16367616;1194590208;0;0;0;0;0;0;0;0;0;0;0;1673;0;0;95;0;200;0;
8394;2936236;1053962240;16367616;1194590208;0;0;0;0;0;0;0;0;0;0;0;1563;0;0;95;0;200;0;
8395;3017539;1053962240;16367616;1194590208;0;0;0;0;0;0;0;0;0;0;0;1714;0;0;95;0;200;0;
8396;6083489;1053962240;16367616;1194590208;0;0;0;0;0;0;0;0;0;0;0;2715;0;0;95;0;200;0;
8397;3372104;1053962240;16367616;1194590208;0;0;0;0;0;0;0;0;0;0;0;1724;0;0;95;0;200;0;
8398;4472768;1053962240;16367616;1194590208;0;0;0;0;0;0;0;0;0;0;0;1684;0;0;95;0;200;0;
8399;3197486;1053962240;16367616;1194590208;0;0;0;0;0;0;0;0;0;0;0;1884;0;0;95;0;200;0;
8400;3990844;1053962240;16367616;1194590208;0;0;0;0;0;0;0;0;0;0;0;2245;0;0;95;0;200;0;
8401;1934117;1053962240;16367616;1194590208;0;0;0;0;0;0;0;0;0;0;0;1302;0;0;95;0;200;0;
8402;5466191;1053962240;16367616;1194590208;0;0;0;0;0;0;0;0;0;0;0;1793;0;0;95;0;200;0;
8403;3904643;1053962240;16367616;1194590208;0;0;0;0;0;0;0;0;0;0;0;1573;0;0;95;0;200;0;
8404;2184216;1053962240;16367616;1194590208;0;0;0;0;0;0;0;0;0;0;0;1623;0;0;95;0;200;0;
8405;2265749;1053962240;16367616;1194590208;0;0;0;0;0;0;0;0;0;0;0;1513;0;0;95;0;200;0;
8406;2162235;1053962240;16367616;1194590208;0;0;0;0;0;0;0;0;0;0;0;1253;0;0;95;0;200;0;
8407;1329824;1053962240;16367616;1194590208;0;0;0;0;0;0;0;0;0;0;0;1493;0;0;95;0;200;0;
8408;7484927;1053962240;16367616;1194590208;0;0;0;0;0;0;0;0;0;0;0;2013;0;0;95;0;200;0;
8409;4095901;1053962240;16367616;1194590208;0;0;0;0;0;0;0;0;0;0;0;2074;0;0;95;0;200;0;
8410;2469522;1053962240;16367616;1194590208;0;0;0;0;0;0;0;0;0;0;0;1653;0;0;95;0;200;0;
8411;2544081;1053962240;16367616;1194590208;0;0;0;0;0;0;0;0;0;0;0;1472;0;0;95;0;200;0;
8412;3552773;1053962240;16367616;1194590208;0;0;0;0;0;0;0;0;0;0;0;2224;0;0;95;0;200;0;
8413;3304277;1053962240;16367616;1194590208;0;0;0;0;0;0;0;0;0;0;0;1493;0;0;95;0;200;0;
8414;5569925;1053962240;16367616;1194590208;0;0;0;0;0;0;0;0;0;0;0;1773;0;0;95;0;200;0;
8415;3668810;1053962240;16367616;1194590208;0;0;0;0;0;0;0;0;0;0;0;1433;0;0;95;0;200;0;
8416;4672343;1053962240;16367616;1194590208;0;0;0;0;0;0;0;0;0;0;0;1894;0;0;95;0;200;0;
8417;3420976;1053962240;16367616;1194590208;0;0;0;0;0;0;0;0;0;0;0;1913;0;0;95;0;200;0;
8418;2710553;1053962240;16367616;1194590208;0;0;0;0;0;0;0;0;0;0;0;1383;0;0;95;0;200;0;
8419;1766803;1053962240;16367616;1194590208;0;0;0;0;0;0;0;0;0;0;0;1883;0;0;95;0;200;0;
8420;5571038;1053962240;16367616;1194590208;0;0;0;0;0;0;0;0;0;0;0;2295;0;0;95;0;200;0;
8421;4162496;1053962240;16367616;1194590208;0;0;0;0;0;0;0;0;0;0;0;1823;0;0;95;0;200;0;
8422;2425198;1053962240;16367616;1194590208;0;0;0;0;0;0;0;0;0;0;0;1493;0;0;95;0;200;0;
8423;2700424;1053962240;16367616;1194590208;0;0;0;0;0;0;0;0;0;0;0;1613;0;0;95;0;200;0;
8424;3388525;1053962240;16367616;1194590208;0;0;0;0;0;0;0;0;0;0;0;1583;0;0;95;0;200;0;
8425;2563989;1053962240;16367616;1194590208;0;0;0;0;0;0;0;0;0;0;0;1913;0;0;95;0;200;0;
8426;5863066;1053962240;16367616;1194590208;0;0;0;0;0;0;0;0;0;0;0;1724;0;0;95;0;200;0;
8427;2510869;1053962240;16367616;1194590208;0;0;0;0;0;0;0;0;0;0;0;1773;0;0;95;0;200;0;
8428;9040354;1053962240;16367616;1194590208;0;0;0;0;0;0;0;0;0;0;0;1804;0;0;95;0;200;0;
8429;1761093;1053962240;16367616;1194590208;0;0;0;0;0;0;0;0;0;0;0;2525;0;0;95;0;200;0;
8430;3001910;1053962240;16367616;1194590208;0;0;0;0;0;0;0;0;0;0;0;1983;0;0;95;0;200;0;
8431;2450075;1053962240;16367616;1194590208;0;0;0;0;0;0;0;0;0;0;0;1513;0;0;95;0;200;0;
8432;5756305;1053962240;16367616;1194590208;0;0;0;0;0;0;0;0;0;0;0;1623;0;0;95;0;200;0;
8433;3287204;1053962240;16367616;1194590208;0;0;0;0;0;0;0;0;0;0;0;1974;0;0;95;0;200;0;
8434;2386917;1053962240;16367616;1194590208;0;0;0;0;0;0;0;0;0;0;0;1483;0;0;95;0;200;0;
8435;2760637;1053962240;16367616;1194590208;0;0;0;0;0;0;0;0;0;0;0;1663;0;0;95;0;200;0;
8436;3768077;1053962240;16367616;1194590208;0;0;0;0;0;0;0;0;0;0;0;2554;0;0;95;0;200;0;
8437;2602731;1053962240;16367616;1194590208;0;0;0;0;0;0;0;0;0;0;0;1693;0;0;95;0;200;0;
8438;4794351;1053962240;16367616;1194590208;0;0;0;0;0;0;0;0;0;0;0;1813;0;0;95;0;200;0;
8439;4034717;1053962240;16367616;1194590208;0;0;0;0;0;0;0;0;0;0;0;1963;0;0;95;0;200;0;
8440;2976843;1053962240;16367616;1194590208;0;0;0;0;0;0;0;0;0;0;0;1303;0;0;95;0;200;0;
8441;2681800;1053962240;16367616;1194590208;0;0;0;0;0;0;0;0;0;0;0;1623;0;0;95;0;200;0;
8442;3972419;1053962240;16367616;1194590208;0;0;0;0;0;0;0;0;0;0;0;1994;0;0;95;0;200;0;
8443;2355959;1053962240;16367616;1194590208;0;0;0;0;0;0;0;0;0;0;0;1503;0;0;95;0;200;0;
8444;6640994;1053962240;16367616;1194590208;0;0;0;0;0;0;0;0;0;0;0;2034;0;0;95;0;200;0;
8445;2781005;1053962240;16367616;1194590208;0;0;0;0;0;0;0;0;0;0;0;1623;0;0;95;0;200;0;
8446;2948039;1053962240;16367616;1194590208;0;0;0;0;0;0;0;0;0;0;0;1603;0;0;95;0;200;0;
8447;2887225;1053962240;16367616;1194590208;0;0;0;0;0;0;0;0;0;0;0;1422;0;0;95;0;200;0;
8448;2959210;1053962240;16367616;1194590208;0;0;0;0;0;0;0;0;0;0;0;1563;0;0;95;0;200;0;
8449;2038032;1053962240;16367616;1194590208;0;0;0;0;0;0;0;0;0;0;0;1413;0;0;95;0;200;0;
8450;6169851;1053962240;16367616;1194590208;0;0;0;0;0;0;0;0;0;0;0;2064;0;0;95;0;200;0;
8451;2710223;1053962240;16367616;1194590208;0;0;0;0;0;0;0;0;0;0;0;1553;0;0;95;0;200;0;
8452;3287535;1053962240;16367616;1194590208;0;0;0;0;0;0;0;0;0;0;0;1783;0;0;95;0;200;0;
8453;2655801;1053962240;16367616;1194590208;0;0;0;0;0;0;0;0;0;0;0;1613;0;0;95;0;200;0;
8454;3175475;1053962240;16367616;1194590208;0;0;0;0;0;0;0;0;0;0;0;1833;0;0;95;0;200;0;
8455;2140424;1053962240;16367616;1194590208;0;0;0;0;0;0;0;0;0;0;0;1493;0;0;95;0;200;0;
8456;6350670;1053962240;16367616;1194590208;0;0;0;0;0;0;0;0;0;0;0;2034;0;0;95;0;200;0;
8457;3620159;1053962240;16367616;1194590208;0;0;0;0;0;0;0;0;0;0;0;1694;0;0;95;0;200;0;
8458;3211764;1053962240;16367616;1194590208;0;0;0;0;0;0;0;0;0;0;0;1593;0;0;95;0;200;0;
8459;3385049;1053962240;16367616;1194590208;0;0;0;0;0;0;0;0;0;0;0;2284;0;0;95;0;200;0;
8460;4590419;1053962240;16367616;1194590208;0;0;0;0;0;0;0;0;0;0;0;1983;0;0;95;0;200;0;
8461;757630;1053962240;16367616;1194590208;0;0;0;0;0;0;0;0;0;0;0;1382;0;0;95;0;200;0;
8462;6646715;1053962240;16367616;1194590208;0;0;0;0;0;0;0;0;0;0;0;1914;0;0;95;0;200;0;
8463;3771854;1053962240;16367616;1194590208;0;0;0;0;0;0;0;0;0;0;0;1694;0;0;95;0;200;0;
8464;3461471;1053962240;16367616;1194590208;0;0;0;0;0;0;0;0;0;0;0;1423;0;0;95;0;200;0;
8465;3143094;1053962240;16367616;1194590208;0;0;0;0;0;0;0;0;0;0;0;1703;0;0;95;0;200;0;
8466;3811929;1053962240;16367616;1194590208;0;0;0;0;0;0;0;0;0;0;0;1983;0;0;95;0;200;0;
8467;3459818;1053962240;16367616;1194590208;0;0;0;0;0;0;0;0;0;0;0;1723;0;0;95;0;200;0;
8468;5409174;1053962240;16367616;1194590208;0;0;0;0;0;0;0;0;0;0;0;2024;0;0;95;0;200;0;
8469;2899908;1053962240;16367616;1194590208;0;0;0;0;0;0;0;0;0;0;0;1543;0;0;95;0;200;0;
8470;2590148;1053962240;16367616;1194590208;0;0;0;0;0;0;0;0;0;0;0;1342;0;0;95;0;200;0;
8471;2220224;1053962240;16367616;1194590208;0;0;0;0;0;0;0;0;0;0;0;84950;0;0;95;0;200;0;
8472;2627157;1053962240;16367616;1194590208;0;0;0;0;0;0;0;0;0;0;0;1803;0;0;95;0;200;0;
8473;3217053;1053962240;16367616;1194590208;0;0;0;0;0;0;0;0;0;0;0;1482;0;0;95;0;200;0;
8474;5472573;1053962240;16367616;1194590208;0;0;0;0;0;0;0;0;0;0;0;1743;0;0;95;0;200;0;
8475;3817369;1053962240;16367616;1194590208;0;0;0;0;0;0;0;0;0;0;0;2074;0;0;95;0;200;0;
8476;2917050;1053962240;16367616;1194590208;0;0;0;0;0;0;0;0;0;0;0;1503;0;0;95;0;200;0;
8477;2747012;1053962240;16367616;1194590208;0;0;0;0;0;0;0;0;0;0;0;1994;0;0;95;0;200;0;
8478;1738160;1053962240;16367616;1194590208;0;0;0;0;0;0;0;0;0;0;0;1743;0;0;95;0;200;0;
8479;3141040;1053962240;16367616;1194590208;0;0;0;0;0;0;0;0;0;0;0;1483;0;0;95;0;200;0;
8480;7423552;1053962240;16367616;1194590208;0;0;0;0;0;0;0;0;0;0;0;7264;0;0;95;0;200;0;
8481;3465720;1053962240;16367616;1194590208;0;0;0;0;0;0;0;0;0;0;0;2064;0;0;95;0;200;0;
8482;4464834;1053962240;16367616;1194590208;0;0;0;0;0;0;0;0;0;0;0;1663;0;0;95;0;200;0;
8483;3065178;1053962240;16367616;1194590208;0;0;0;0;0;0;0;0;0;0;0;1763;0;0;95;0;200;0;
8484;3404715;1053962240;16367616;1194590208;0;0;0;0;0;0;0;0;0;0;0;2004;0;0;95;0;200;0;
8485;2604384;1053962240;16367616;1194590208;0;0;0;0;0;0;0;0;0;0;0;1984;0;0;95;0;200;0;
8486;5408583;1053962240;16367616;1194590208;0;0;0;0;0;0;0;0;0;0;0;1773;0;0;95;0;200;0;
8487;4242627;1053962240;16367616;1194590208;0;0;0;0;0;0;0;0;0;0;0;1944;0;0;95;0;200;0;
8488;3813912;1053962240;16367616;1194590208;0;0;0;0;0;0;0;0;0;0;0;1704;0;0;95;0;200;0;
8489;3117306;1053962240;16367616;1194590208;0;0;0;0;0;0;0;0;0;0;0;1904;0;0;95;0;200;0;
8490;3159185;1053962240;16367616;1194590208;0;0;0;0;0;0;0;0;0;0;0;2024;0;0;95;0;200;0;
8491;3345434;1053962240;16367616;1194590208;0;0;0;0;0;0;0;0;0;0;0;1663;0;0;95;0;200;0;
8492;4962877;1053962240;16367616;1194590208;0;0;0;0;0;0;0;0;0;0;0;2845;0;0;95;0;200;0;
8493;3757187;1053962240;16367616;1194590208;0;0;0;0;0;0;0;0;0;0;0;2405;0;0;95;0;200;0;
8494;2864492;1053962240;16367616;1194590208;0;0;0;0;0;0;0;0;0;0;0;1503;0;0;95;0;200;0;
8495;1693626;1053962240;16367616;1194590208;0;0;0;0;0;0;0;0;0;0;0;1763;0;0;95;0;200;0;
8496;2076785;1053962240;16367616;1194590208;0;0;0;0;0;0;0;0;0;0;0;2224;0;0;95;0;200;0;
8497;2500589;1053962240;16367616;1194590208;0;0;0;0;0;0;0;0;0;0;0;1673;0;0;95;0;200;0;
8498;6987474;1053962240;16367616;1194590208;0;0;0;0;0;0;0;0;0;0;0;2294;0;0;95;0;200;0;
8499;4132079;1053962240;16367616;1194590208;0;0;0;0;0;0;0;0;0;0;0;2043;0;0;95;0;200;0;
8500;3787864;1053962240;16367616;1194590208;0;0;0;0;0;0;0;0;0;0;0;1764;0;0;95;0;200;0;
8501;2539512;1053962240;16367616;1194590208;0;0;0;0;0;0;0;0;0;0;0;2033;0;0;95;0;200;0;
8502;3485677;1053962240;16367616;1194590208;0;0;0;0;0;0;0;0;0;0;0;2024;0;0;95;0;200;0;
8503;2859874;1053962240;16367616;1194590208;0;0;0;0;0;0;0;0;0;0;0;1463;0;0;95;0;200;0;
8504;7167893;1053962240;16367616;1194590208;0;0;0;0;0;0;0;0;0;0;0;2344;0;0;95;0;200;0;
8505;4269397;1053962240;16367616;1194590208;0;0;0;0;0;0;0;0;0;0;0;2334;0;0;95;0;200;0;
8506;2808156;1053962240;16367616;1194590208;0;0;0;0;0;0;0;0;0;0;0;1683;0;0;95;0;200;0;
8507;2078639;1053962240;16367616;1194590208;0;0;0;0;0;0;0;0;0;0;0;1613;0;0;95;0;200;0;
8508;2609875;1053962240;16367616;1194590208;0;0;0;0;0;0;0;0;0;0;0;1814;0;0;95;0;200;0;
8509;3801981;1053962240;16367616;1194590208;0;0;0;0;0;0;0;0;0;0;0;1773;0;0;95;0;200;0;
8510;5713435;1053962240;16367616;1194590208;0;0;0;0;0;0;0;0;0;0;0;2485;0;0;95;0;200;0;
8511;3217854;1053962240;16367616;1194590208;0;0;0;0;0;0;0;0;0;0;0;2054;0;0;95;0;200;0;
8512;2683943;1053962240;16367616;1194590208;0;0;0;0;0;0;0;0;0;0;0;1683;0;0;95;0;200;0;
8513;4373812;1053962240;16367616;1194590208;0;0;0;0;0;0;0;0;0;0;0;2806;0;0;95;0;200;0;
8514;2450165;1053962240;16367616;1194590208;0;0;0;0;0;0;0;0;0;0;0;1423;0;0;95;0;200;0;
8515;2070493;1053962240;16367616;1194590208;0;0;0;0;0;0;0;0;0;0;0;1412;0;0;95;0;200;0;
8516;6960304;1053962240;16367616;1194590208;0;0;0;0;0;0;0;0;0;0;0;2204;0;0;95;0;200;0;
8517;4752533;1053962240;16367616;1194590208;0;0;0;0;0;0;0;0;0;0;0;2154;0;0;95;0;200;0;
8518;3776553;1053962240;16367616;1194590208;0;0;0;0;0;0;0;0;0;0;0;1894;0;0;95;0;200;0;
8519;3692574;1053962240;16367616;1194590208;0;0;0;0;0;0;0;0;0;0;0;1873;0;0;95;0;200;0;
8520;5343882;1053962240;16367616;1194590208;0;0;0;0;0;0;0;0;0;0;0;3256;0;0;95;0;200;0;
8521;3909222;1053962240;16367616;1194590208;0;0;0;0;0;0;0;0;0;0;0;2755;0;0;95;0;200;0;
8522;6205287;1053962240;16367616;1194590208;0;0;0;0;0;0;0;0;0;0;0;2515;0;0;95;0;200;0;
8523;6044836;1053962240;16367616;1194590208;0;0;0;0;0;0;0;0;0;0;0;3026;0;0;95;0;200;0;
8524;4965693;1053962240;16367616;1194590208;0;0;0;0;0;0;0;0;0;0;0;2545;0;0;95;0;200;0;
8525;4126288;1053962240;16367616;1194590208;0;0;0;0;0;0;0;0;0;0;0;2916;0;0;95;0;200;0;
8526;4168788;1053962240;16367616;1194590208;0;0;0;0;0;0;0;0;0;0;0;2374;0;0;95;0;200;0;
8527;3986727;1053962240;16367616;1194590208;0;0;0;0;0;0;0;0;0;0;0;2795;0;0;95;0;200;0;
8528;9246912;1053962240;16367616;1194590208;0;0;0;0;0;0;0;0;0;0;0;3016;0;0;95;0;200;0;
8529;5770281;1053962240;16367616;1194590208;0;0;0;0;0;0;0;0;0;0;0;3447;0;0;95;0;200;0;
8530;3321760;1053962240;16367616;1194590208;0;0;0;0;0;0;0;0;0;0;0;2275;0;0;95;0;200;0;
8531;3080407;1053962240;16367616;1194590208;0;0;0;0;0;0;0;0;0;0;0;2806;0;0;95;0;200;0;
8532;4519125;1053962240;16367616;1194590208;0;0;0;0;0;0;0;0;0;0;0;3457;0;0;95;0;200;0;
8533;3408402;1053962240;16367616;1194590208;0;0;0;0;0;0;0;0;0;0;0;2936;0;0;95;0;200;0;
8534;7489416;1053962240;16367616;1194590208;0;0;0;0;0;0;0;0;0;0;0;3887;0;0;95;0;200;0;
8535;4408878;1053962240;16367616;1194590208;0;0;0;0;0;0;0;0;0;0;0;2495;0;0;95;0;200;0;
8536;3275502;1053962240;16367616;1194590208;0;0;0;0;0;0;0;0;0;0;0;1723;0;0;95;0;200;0;
8537;3041293;1053962240;16367616;1194590208;0;0;0;0;0;0;0;0;0;0;0;2374;0;0;95;0;200;0;
8538;5098101;1053962240;16367616;1194590208;0;0;0;0;0;0;0;0;0;0;0;3106;0;0;95;0;200;0;
8539;3204891;1053962240;16367616;1194590208;0;0;0;0;0;0;0;0;0;0;0;2174;0;0;95;0;200;0;
8540;7154237;1053962240;16367616;1194590208;0;0;0;0;0;0;0;0;0;0;0;3186;0;0;95;0;200;0;
8541;4155563;1053962240;16367616;1194590208;0;0;0;0;0;0;0;0;0;0;0;2615;0;0;95;0;200;0;
8542;4809520;1053962240;16367616;1194590208;0;0;0;0;0;0;0;0;0;0;0;2274;0;0;95;0;200;0;
8543;3828079;1053962240;16367616;1194590208;0;0;0;0;0;0;0;0;0;0;0;2435;0;0;95;0;200;0;
8544;3362366;1053962240;16367616;1194590208;0;0;0;0;0;0;0;0;0;0;0;2956;0;0;95;0;200;0;
8545;4289134;1053962240;16367616;1194590208;0;0;0;0;0;0;0;0;0;0;0;3096;0;0;95;0;200;0;
8546;8069593;1053962240;16367616;1194590208;0;0;0;0;0;0;0;0;0;0;0;3005;0;0;95;0;200;0;
8547;3773427;1053962240;16367616;1194590208;0;0;0;0;0;0;0;0;0;0;0;2385;0;0;95;0;200;0;
8548;2721614;1053962240;16367616;1194590208;0;0;0;0;0;0;0;0;0;0;0;2064;0;0;95;0;200;0;
8549;4569410;1053962240;16367616;1194590208;0;0;0;0;0;0;0;0;0;0;0;2906;0;0;95;0;200;0;
8550;4783972;1053962240;16367616;1194590208;0;0;0;0;0;0;0;0;0;0;0;2866;0;0;95;0;200;0;
8551;2956044;1053962240;16367616;1194590208;0;0;0;0;0;0;0;0;0;0;0;3106;0;0;95;0;200;0;
8552;6870935;1053962240;16367616;1194590208;0;0;0;0;0;0;0;0;0;0;0;3456;0;0;95;0;200;0;
8553;3223144;1053962240;16367616;1194590208;0;0;0;0;0;0;0;0;0;0;0;2966;0;0;95;0;200;0;
8554;3952513;1053962240;16367616;1194590208;0;0;0;0;0;0;0;0;0;0;0;2775;0;0;95;0;200;0;
8555;3763157;1053962240;16367616;1194590208;0;0;0;0;0;0;0;0;0;0;0;3446;0;0;95;0;200;0;
8556;5609550;1053962240;16367616;1194590208;0;0;0;0;0;0;0;0;0;0;0;3266;0;0;95;0;200;0;
8557;2554160;1053962240;16367616;1194590208;0;0;0;0;0;0;0;0;0;0;0;2104;0;0;95;0;200;0;
8558;7360354;1053962240;16367616;1194590208;0;0;0;0;0;0;0;0;0;0;0;3897;0;0;95;0;200;0;
8559;5266106;1053962240;16367616;1194590208;0;0;0;0;0;0;0;0;0;0;0;3497;0;0;95;0;200;0;
8560;3375139;1053962240;16367616;1194590208;0;0;0;0;0;0;0;0;0;0;0;2885;0;0;95;0;200;0;
8561;2796574;1053962240;16367616;1194590208;0;0;0;0;0;0;0;0;0;0;0;2705;0;0;95;0;200;0;
8562;3493893;1053962240;16367616;1194590208;0;0;0;0;0;0;0;0;0;0;0;2825;0;0;95;0;200;0;
8563;3916255;1053962240;16367616;1194590208;0;0;0;0;0;0;0;0;0;0;0;2766;0;0;95;0;200;0;
8564;6699674;1053962240;16367616;1194590208;0;0;0;0;0;0;0;0;0;0;0;3146;0;0;95;0;200;0;
8565;4401775;1053962240;16367616;1194590208;0;0;0;0;0;0;0;0;0;0;0;3757;0;0;95;0;200;0;
8566;4145704;1053962240;16367616;1194590208;0;0;0;0;0;0;0;0;0;0;0;3286;0;0;95;0;200;0;
8567;3857424;1053962240;16367616;1194590208;0;0;0;0;0;0;0;0;0;0;0;2855;0;0;95;0;200;0;
8568;4747133;1053962240;16367616;1194590208;0;0;0;0;0;0;0;0;0;0;0;137568;0;0;95;0;200;0;
8569;3660345;1053962240;16367616;1194590208;0;0;0;0;0;0;0;0;0;0;0;2594;0;0;95;0;200;0;
8570;8313010;1053962240;16367616;1194590208;0;0;0;0;0;0;0;0;0;0;0;3547;0;0;95;0;200;0;
8571;3871210;1053962240;16367616;1194590208;0;0;0;0;0;0;0;0;0;0;0;2915;0;0;95;0;200;0;
8572;4814549;1053962240;16367616;1194590208;0;0;0;0;0;0;0;0;0;0;0;3407;0;0;95;0;200;0;
8573;2492094;1053962240;16367616;1194590208;0;0;0;0;0;0;0;0;0;0;0;2976;0;0;95;0;200;0;
8574;3120271;1053962240;16367616;1194590208;0;0;0;0;0;0;0;0;0;0;0;128080;0;0;95;0;200;0;
8575;3193640;1053962240;16367616;1194590208;0;0;0;0;0;0;0;0;0;0;0;1824;0;0;95;0;200;0;
8576;9832149;1053962240;16367616;1194590208;0;0;0;0;0;0;0;0;0;0;0;3957;0;0;95;0;200;0;
8577;5394657;1053962240;16367616;1194590208;0;0;0;0;0;0;0;0;0;0;0;3347;0;0;95;0;200;0;
8578;3618256;1053962240;16367616;1194590208;0;0;0;0;0;0;0;0;0;0;0;2504;0;0;95;0;200;0;
8579;2499668;1053962240;16367616;1194590208;0;0;0;0;0;0;0;0;0;0;0;2424;0;0;95;0;200;0;
8580;3278238;1053962240;16367616;1194590208;0;0;0;0;0;0;0;0;0;0;0;2124;0;0;95;0;200;0;
8581;2784682;1053962240;16367616;1194590208;0;0;0;0;0;0;0;0;0;0;0;3356;0;0;95;0;200;0;
8582;8672525;1053962240;16367616;1194590208;0;0;0;0;0;0;0;0;0;0;0;3186;0;0;95;0;200;0;
8583;5272488;1053962240;16367616;1194590208;0;0;0;0;0;0;0;0;0;0;0;3276;0;0;95;0;200;0;
8584;3936643;1053962240;16367616;1194590208;0;0;0;0;0;0;0;0;0;0;0;3075;0;0;95;0;200;0;
8585;2142247;1053962240;16367616;1194590208;0;0;0;0;0;0;0;0;0;0;0;2144;0;0;95;0;200;0;
8586;3994211;1053962240;16367616;1194590208;0;0;0;0;0;0;0;0;0;0;0;3406;0;0;95;0;200;0;
8587;4349156;1053962240;16367616;1194590208;0;0;0;0;0;0;0;0;0;0;0;2926;0;0;95;0;200;0;
8588;8402839;1053962240;16367616;1194590208;0;0;0;0;0;0;0;0;0;0;0;4167;0;0;95;0;200;0;
8589;5750244;1053962240;16367616;1194590208;0;0;0;0;0;0;0;0;0;0;0;3326;0;0;95;0;200;0;
8590;4345770;1053962240;16367616;1194590208;0;0;0;0;0;0;0;0;0;0;0;2955;0;0;95;0;200;0;
8591;4563639;1053962240;16367616;1194590208;0;0;0;0;0;0;0;0;0;0;0;3476;0;0;95;0;200;0;
8592;4952348;1053962240;16367616;1194590208;0;0;0;0;0;0;0;0;0;0;0;3246;0;0;95;0;200;0;
8593;3269291;1053962240;16367616;1194590208;0;0;0;0;0;0;0;0;0;0;0;2715;0;0;95;0;200;0;
8594;9505867;1053962240;16367616;1194590208;0;0;0;0;0;0;0;0;0;0;0;3507;0;0;95;0;200;0;
8595;5554507;1053962240;16367616;1194590208;0;0;0;0;0;0;0;0;0;0;0;185288;0;0;95;0;200;0;
8596;4159000;1053962240;16367616;1194590208;0;0;0;0;0;0;0;0;0;0;0;3707;0;0;95;0;200;0;
8597;4281750;1053962240;16367616;1194590208;0;0;0;0;0;0;0;0;0;0;0;3567;0;0;95;0;200;0;
8598;3977029;1053962240;16367616;1194590208;0;0;0;0;0;0;0;0;0;0;0;2896;0;0;95;0;200;0;
8599;3279290;1053962240;16367616;1194590208;0;0;0;0;0;0;0;0;0;0;0;2434;0;0;95;0;200;0;
8600;6760929;1053962240;16367616;1194590208;0;0;0;0;0;0;0;0;0;0;0;3637;0;0;95;0;200;0;
8601;4392928;1053962240;16367616;1194590208;0;0;0;0;0;0;0;0;0;0;0;3237;0;0;95;0;200;0;
8602;4170662;1053962240;16367616;1194590208;0;0;0;0;0;0;0;0;0;0;0;3026;0;0;95;0;200;0;
8603;3739342;1053962240;16367616;1194590208;0;0;0;0;0;0;0;0;0;0;0;3747;0;0;95;0;200;0;
8604;3635698;1053962240;16367616;1194590208;0;0;0;0;0;0;0;0;0;0;0;2444;0;0;95;0;200;0;
8605;3718113;1053962240;16367616;1194590208;0;0;0;0;0;0;0;0;0;0;0;3136;0;0;95;0;200;0;
8606;8406075;1053962240;16367616;1194590208;0;0;0;0;0;0;0;0;0;0;0;4358;0;0;95;0;200;0;
8607;3318353;1053962240;16367616;1194590208;0;0;0;0;0;0;0;0;0;0;0;2634;0;0;95;0;200;0;
8608;3521664;1053962240;16367616;1194590208;0;0;0;0;0;0;0;0;0;0;0;2615;0;0;95;0;200;0;
8609;2612108;1053962240;16367616;1194590208;0;0;0;0;0;0;0;0;0;0;0;3226;0;0;95;0;200;0;
8610;2500669;1053962240;16367616;1194590208;0;0;0;0;0;0;0;0;0;0;0;2956;0;0;95;0;200;0;
8611;1256596;1053962240;16367616;1194590208;0;0;0;0;0;0;0;0;0;0;0;1864;0;0;95;0;200;0;
8612;4468861;1053962240;16367616;1194590208;0;0;0;0;0;0;0;0;0;0;0;1904;0;0;95;0;200;0;
8613;2501431;1053962240;16367616;1194590208;0;0;0;0;0;0;0;0;0;0;0;2906;0;0;95;0;200;0;
8614;1833889;1053962240;16367616;1194590208;0;0;0;0;0;0;0;0;0;0;0;1833;0;0;95;0;200;0;
8615;2445596;1053962240;16367616;1194590208;0;0;0;0;0;0;0;0;0;0;0;2605;0;0;95;0;200;0;
8616;2893426;1053962240;16367616;1194590208;0;0;0;0;0;0;0;0;0;0;0;3606;0;0;95;0;200;0;
8617;1888802;1053962240;16367616;1194590208;0;0;0;0;0;0;0;0;0;0;0;2524;0;0;95;0;200;0;
8618;4548640;1053962240;16367616;1194590208;0;0;0;0;0;0;0;0;0;0;0;3186;0;0;95;0;200;0;
8619;3039139;1053962240;16367616;1194590208;0;0;0;0;0;0;0;0;0;0;0;2625;0;0;95;0;200;0;
8620;1555237;1053962240;16367616;1194590208;0;0;0;0;0;0;0;0;0;0;0;1653;0;0;95;0;200;0;
8621;912571;1053962240;16367616;1194590208;0;0;0;0;0;0;0;0;0;0;0;1663;0;0;95;0;200;0;
8622;1439350;1053962240;16367616;1194590208;0;0;0;0;0;0;0;0;0;0;0;2024;0;0;95;0;200;0;
8623;951805;1053962240;16367616;1194590208;0;0;0;0;0;0;0;0;0;0;0;1633;0;0;95;0;200;0;
8624;10181755;1053962240;16367616;1194590208;0;0;0;0;0;0;0;0;0;0;0;3927;0;0;95;0;200;0;
8625;7144328;1053962240;16367616;1194590208;0;0;0;0;0;0;0;0;0;0;0;3136;0;0;95;0;200;0;
8626;2864492;1053962240;16367616;1194590208;0;0;0;0;0;0;0;0;0;0;0;3897;0;0;95;0;200;0;
8627;2714040;1053962240;16367616;1194590208;0;0;0;0;0;0;0;0;0;0;0;3005;0;0;95;0;200;0;
8628;3843167;1053962240;16367616;1194590208;0;0;0;0;0;0;0;0;0;0;0;3166;0;0;95;0;200;0;
8629;4087646;1053962240;16367616;1194590208;0;0;0;0;0;0;0;0;0;0;0;3797;0;0;95;0;200;0;
8630;9084426;1053962240;16367616;1194590208;0;0;0;0;0;0;0;0;0;0;0;3847;0;0;95;0;200;0;
8631;4766839;1053962240;16367616;1194590208;0;0;0;0;0;0;0;0;0;0;0;3767;0;0;95;0;200;0;
8632;4909056;1053962240;16367616;1194590208;0;0;0;0;0;0;0;0;0;0;0;3266;0;0;95;0;200;0;
8633;4830329;1053962240;16367616;1194590208;0;0;0;0;0;0;0;0;0;0;0;3116;0;0;95;0;200;0;
8634;5243393;1053962240;16367616;1194590208;0;0;0;0;0;0;0;0;0;0;0;3616;0;0;95;0;200;0;
8635;2830368;1053962240;16367616;1194590208;0;0;0;0;0;0;0;0;0;0;0;3526;0;0;95;0;200;0;
8636;8606270;1053962240;16367616;1194590208;0;0;0;0;0;0;0;0;0;0;0;3066;0;0;95;0;200;0;
8637;4020219;1053962240;16367616;1194590208;0;0;0;0;0;0;0;0;0;0;0;2885;0;0;95;0;200;0;
8638;3612385;1053962240;16367616;1194590208;0;0;0;0;0;0;0;0;0;0;0;3396;0;0;95;0;200;0;
8639;4699914;1053962240;16367616;1194590208;0;0;0;0;0;0;0;0;0;0;0;3096;0;0;95;0;200;0;
8640;3116865;1053962240;16367616;1194590208;0;0;0;0;0;0;0;0;0;0;0;3727;0;0;95;0;200;0;
8641;4778641;1053962240;16367616;1194590208;0;0;0;0;0;0;0;0;0;0;0;4137;0;0;95;0;200;0;
8642;7094214;1053962240;16367616;1194590208;0;0;0;0;0;0;0;0;0;0;0;3376;0;0;95;0;200;0;
8643;5913250;1053962240;16371712;1194594304;0;0;0;0;0;0;0;0;0;0;0;3857;0;0;95;0;200;0;
8644;5984062;1053962240;16371712;1194594304;0;0;0;0;0;0;0;0;0;0;0;2916;0;0;95;0;200;0;
8645;5133147;1053962240;16371712;1194594304;0;0;0;0;0;0;0;0;0;0;0;3446;0;0;95;0;200;0;
8646;6114837;1053962240;16371712;1194594304;0;0;0;0;0;0;0;0;0;0;0;4388;0;0;95;0;200;0;
8647;4641224;1053962240;16371712;1194594304;0;0;0;0;0;0;0;0;0;0;0;3055;0;0;95;0;200;0;
8648;7663432;1053962240;16371712;1194594304;0;0;0;0;0;0;0;0;0;0;0;3086;0;0;95;0;200;0;
8649;4372099;1053962240;16371712;1194594304;0;0;0;0;0;0;0;0;0;0;0;3577;0;0;95;0;200;0;
8650;5028310;1053962240;16371712;1194594304;0;0;0;0;0;0;0;0;0;0;0;4087;0;0;95;0;200;0;
8651;4806754;1053962240;16371712;1194594304;0;0;0;0;0;0;0;0;0;0;0;3336;0;0;95;0;200;0;
8652;5402111;1053962240;16371712;1194594304;0;0;0;0;0;0;0;0;0;0;0;3336;0;0;95;0;200;0;
8653;3187047;1053962240;16371712;1194594304;0;0;0;0;0;0;0;0;0;0;0;2605;0;0;95;0;200;0;
8654;7600013;1053962240;16371712;1194594304;0;0;0;0;0;0;0;0;0;0;0;2795;0;0;95;0;200;0;
8655;5360383;1053962240;16371712;1194594304;0;0;0;0;0;0;0;0;0;0;0;4839;0;0;95;0;200;0;
8656;3843278;1053962240;16367616;1194590208;0;0;0;0;0;0;0;0;0;0;0;3446;0;0;95;0;200;0;
8657;4121640;1053962240;16367616;1194590208;0;0;0;0;0;0;0;0;0;0;0;2865;0;0;95;0;200;0;
8658;6086975;1053962240;16367616;1194590208;0;0;0;0;0;0;0;0;0;0;0;3587;0;0;95;0;200;0;
8659;3865138;1053962240;16367616;1194590208;0;0;0;0;0;0;0;0;0;0;0;3797;0;0;95;0;200;0;
8660;9188833;1053962240;16367616;1194590208;0;0;0;0;0;0;0;0;0;0;0;3757;0;0;95;0;200;0;
8661;4824809;1053962240;16367616;1194590208;0;0;0;0;0;0;0;0;0;0;0;2996;0;0;95;0;200;0;
8662;3720096;1053962240;16367616;1194590208;0;0;0;0;0;0;0;0;0;0;0;3496;0;0;95;0;200;0;
8663;2552016;1053962240;16367616;1194590208;0;0;0;0;0;0;0;0;0;0;0;3055;0;0;95;0;200;0;
8664;3368026;1053962240;16367616;1194590208;0;0;0;0;0;0;0;0;0;0;0;2685;0;0;95;0;200;0;
8665;2977033;1053962240;16367616;1194590208;0;0;0;0;0;0;0;0;0;0;0;2334;0;0;95;0;200;0;
8666;9616725;1053962240;16367616;1194590208;0;0;0;0;0;0;0;0;0;0;0;2926;0;0;95;0;200;0;
8667;8091555;1053962240;16367616;1194590208;0;0;0;0;0;0;0;0;0;0;0;3848;0;0;95;0;200;0;
8668;5606895;1053962240;16367616;1194590208;0;0;0;0;0;0;0;0;0;0;0;3697;0;0;95;0;200;0;
8669;3173992;1053962240;16367616;1194590208;0;0;0;0;0;0;0;0;0;0;0;3587;0;0;95;0;200;0;
8670;3411047;1053962240;16367616;1194590208;0;0;0;0;0;0;0;0;0;0;0;4358;0;0;95;0;200;0;
8671;3355393;1053962240;16367616;1194590208;0;0;0;0;0;0;0;0;0;0;0;3747;0;0;95;0;200;0;
8672;8340992;1053962240;16367616;1194590208;0;0;0;0;0;0;0;0;0;0;0;3106;0;0;95;0;200;0;
8673;6552118;1053962240;16367616;1194590208;0;0;0;0;0;0;0;0;0;0;0;3537;0;0;95;0;200;0;
8674;5373397;1053962240;16367616;1194590208;0;0;0;0;0;0;0;0;0;0;0;3346;0;0;95;0;200;0;
8675;4383822;1053962240;16367616;1194590208;0;0;0;0;0;0;0;0;0;0;0;3356;0;0;95;0;200;0;
8676;18501708;1053962240;16367616;1194590208;0;0;0;0;0;0;0;0;0;0;0;3707;0;0;95;0;200;0;
8677;4967826;1053962240;16367616;1194590208;0;0;0;0;0;0;0;0;0;0;0;3647;0;0;95;0;200;0;
8678;6914738;1053962240;16367616;1194590208;0;0;0;0;0;0;0;0;0;0;0;4428;0;0;95;0;200;0;
8679;5233756;1053962240;16367616;1194590208;0;0;0;0;0;0;0;0;0;0;0;2765;0;0;95;0;200;0;
8680;3468314;1053962240;16367616;1194590208;0;0;0;0;0;0;0;0;0;0;0;3347;0;0;95;0;200;0;
8681;3666906;1053962240;16367616;1194590208;0;0;0;0;0;0;0;0;0;0;0;3176;0;0;95;0;200;0;
8682;6885784;1053962240;16367616;1194590208;0;0;0;0;0;0;0;0;0;0;0;3526;0;0;95;0;200;0;
8683;3985083;1053962240;16367616;1194590208;0;0;0;0;0;0;0;0;0;0;0;3456;0;0;95;0;200;0;
8684;8768224;1053962240;16367616;1194590208;0;0;0;0;0;0;0;0;0;0;0;4218;0;0;95;0;200;0;
8685;6032113;1053962240;16367616;1194590208;0;0;0;0;0;0;0;0;0;0;0;4008;0;0;95;0;200;0;
8686;4384993;1053962240;16367616;1194590208;0;0;0;0;0;0;0;0;0;0;0;2404;0;0;95;0;200;0;
8687;4909547;1053962240;16367616;1194590208;0;0;0;0;0;0;0;0;0;0;0;2896;0;0;95;0;200;0;
8688;5875689;1053962240;16367616;1194590208;0;0;0;0;0;0;0;0;0;0;0;3848;0;0;95;0;200;0;
8689;4171593;1053962240;16367616;1194590208;0;0;0;0;0;0;0;0;0;0;0;3246;0;0;95;0;200;0;
8690;7234918;1053962240;16367616;1194590208;0;0;0;0;0;0;0;0;0;0;0;2956;0;0;95;0;200;0;
8691;6648278;1053962240;16367616;1194590208;0;0;0;0;0;0;0;0;0;0;0;3907;0;0;95;0;200;0;
8692;4232628;1053962240;16367616;1194590208;0;0;0;0;0;0;0;0;0;0;0;3125;0;0;95;0;200;0;
8693;3031896;1053962240;16367616;1194590208;0;0;0;0;0;0;0;0;0;0;0;3537;0;0;95;0;200;0;
8694;6166584;1053962240;16367616;1194590208;0;0;0;0;0;0;0;0;0;0;0;4198;0;0;95;0;200;0;
8695;4546146;1053962240;16367616;1194590208;0;0;0;0;0;0;0;0;0;0;0;4037;0;0;95;0;200;0;
8696;7482482;1053962240;16367616;1194590208;0;0;0;0;0;0;0;0;0;0;0;3156;0;0;95;0;200;0;
8697;6463602;1053962240;16367616;1194590208;0;0;0;0;0;0;0;0;0;0;0;4669;0;0;95;0;200;0;
8698;3960928;1053962240;16367616;1194590208;0;0;0;0;0;0;0;0;0;0;0;3216;0;0;95;0;200;0;
8699;2789992;1053962240;16367616;1194590208;0;0;0;0;0;0;0;0;0;0;0;3136;0;0;95;0;200;0;
8700;2516991;1053962240;16367616;1194590208;0;0;0;0;0;0;0;0;0;0;0;2865;0;0;95;0;200;0;
8701;3072793;1053962240;16367616;1194590208;0;0;0;0;0;0;0;0;0;0;0;2905;0;0;95;0;200;0;
8702;8195980;1053962240;16367616;1194590208;0;0;0;0;0;0;0;0;0;0;0;4248;0;0;95;0;200;0;
8703;5423672;1053962240;16367616;1194590208;0;0;0;0;0;0;0;0;0;0;0;4027;0;0;95;0;200;0;
8704;4753505;1053962240;16367616;1194590208;0;0;0;0;0;0;0;0;0;0;0;3456;0;0;95;0;200;0;
8705;3522116;1053962240;16367616;1194590208;0;0;0;0;0;0;0;0;0;0;0;3156;0;0;95;0;200;0;
8706;4641164;1053962240;16367616;1194590208;0;0;0;0;0;0;0;0;0;0;0;3888;0;0;95;0;200;0;
8707;4811563;1053962240;16367616;1194590208;0;0;0;0;0;0;0;0;0;0;0;3036;0;0;95;0;200;0;
8708;6667333;1053962240;16367616;1194590208;0;0;0;0;0;0;0;0;0;0;0;3487;0;0;95;0;200;0;
8709;5879426;1053962240;16367616;1194590208;0;0;0;0;0;0;0;0;0;0;0;3045;0;0;95;0;200;0;
8710;5498632;1053962240;16367616;1194590208;0;0;0;0;0;0;0;0;0;0;0;3366;0;0;95;0;200;0;
8711;4780165;1053962240;16367616;1194590208;0;0;0;0;0;0;0;0;0;0;0;3226;0;0;95;0;200;0;
8712;4549562;1053962240;16367616;1194590208;0;0;0;0;0;0;0;0;0;0;0;3146;0;0;95;0;200;0;
8713;4510469;1053962240;16367616;1194590208;0;0;0;0;0;0;0;0;0;0;0;3586;0;0;95;0;200;0;
8714;7645078;1053962240;16367616;1194590208;0;0;0;0;0;0;0;0;0;0;0;3526;0;0;95;0;200;0;
8715;4974179;1053962240;16367616;1194590208;0;0;0;0;0;0;0;0;0;0;0;3967;0;0;95;0;200;0;
8716;4588315;1053962240;16367616;1194590208;0;0;0;0;0;0;0;0;0;0;0;3076;0;0;95;0;200;0;
8717;4028105;1053962240;16367616;1194590208;0;0;0;0;0;0;0;0;0;0;0;3135;0;0;95;0;200;0;
8718;3911385;1053962240;16367616;1194590208;0;0;0;0;0;0;0;0;0;0;0;2855;0;0;95;0;200;0;
8719;4500961;1053962240;16367616;1194590208;0;0;0;0;0;0;0;0;0;0;0;3566;0;0;95;0;200;0;
8720;9195254;1053962240;16367616;1194590208;0;0;0;0;0;0;0;0;0;0;0;3487;0;0;95;0;200;0;
8721;5047707;1053962240;16367616;1194590208;0;0;0;0;0;0;0;0;0;0;0;3226;0;0;95;0;200;0;
8722;5123989;1053962240;16367616;1194590208;0;0;0;0;0;0;0;0;0;0;0;2595;0;0;95;0;200;0;
8723;4672552;1053962240;16367616;1194590208;0;0;0;0;0;0;0;0;0;0;0;3096;0;0;95;0;200;0;
8724;5968232;1053962240;16367616;1194590208;0;0;0;0;0;0;0;0;0;0;0;3858;0;0;95;0;200;0;
8725;3285342;1053962240;16367616;1194590208;0;0;0;0;0;0;0;0;0;0;0;3376;0;0;95;0;200;0;
8726;8474002;1053962240;16367616;1194590208;0;0;0;0;0;0;0;0;0;0;0;3116;0;0;95;0;200;0;
8727;4974529;1053962240;16367616;1194590208;0;0;0;0;0;0;0;0;0;0;0;3617;0;0;95;0;200;0;
8728;4068751;1053962240;16367616;1194590208;0;0;0;0;0;0;0;0;0;0;0;2755;0;0;95;0;200;0;
8729;3343110;1053962240;16367616;1194590208;0;0;0;0;0;0;0;0;0;0;0;3045;0;0;95;0;200;0;
8730;4288332;1053962240;16367616;1194590208;0;0;0;0;0;0;0;0;0;0;0;3586;0;0;95;0;200;0;
8731;3139708;1053962240;16367616;1194590208;0;0;0;0;0;0;0;0;0;0;0;3046;0;0;95;0;200;0;
8732;8667164;1053962240;16367616;1194590208;0;0;0;0;0;0;0;0;0;0;0;3066;0;0;95;0;200;0;
8733;6248148;1053962240;16367616;1194590208;0;0;0;0;0;0;0;0;0;0;0;2865;0;0;95;0;200;0;
8734;6591953;1053962240;16367616;1194590208;0;0;0;0;0;0;0;0;0;0;0;3507;0;0;95;0;200;0;
8735;4894068;1053962240;16367616;1194590208;0;0;0;0;0;0;0;0;0;0;0;4188;0;0;95;0;200;0;
8736;4705053;1053962240;16367616;1194590208;0;0;0;0;0;0;0;0;0;0;0;3677;0;0;95;0;200;0;
8737;3914882;1053962240;16367616;1194590208;0;0;0;0;0;0;0;0;0;0;0;3617;0;0;95;0;200;0;
8738;8549444;1055309824;23674880;1201897472;0;0;0;0;0;0;0;0;0;0;0;2926;0;0;95;0;200;0;
8739;4713991;1055309824;23674880;1201897472;0;0;0;0;0;0;0;0;0;0;0;3296;0;0;95;0;200;0;
8740;4213222;1055309824;23674880;1201897472;0;0;0;0;0;0;0;0;0;0;0;2715;0;0;95;0;200;0;
8741;3648021;1055309824;23674880;1201897472;0;0;0;0;0;0;0;0;0;0;0;4348;0;0;95;0;200;0;
8742;3699678;1055309824;23674880;1201897472;0;0;0;0;0;0;0;0;0;0;0;2204;0;0;95;0;200;0;
8743;2758042;1055309824;23674880;1201897472;0;0;0;0;0;0;0;0;0;0;0;2174;0;0;95;0;200;0;
8744;6861337;1057943552;23678976;1201901568;0;0;0;0;0;0;0;0;0;0;0;2334;0;0;95;0;200;0;
8745;5778126;1057943552;23678976;1201901568;0;0;0;0;0;0;0;0;0;0;0;2946;0;0;95;0;200;0;
8746;3689780;1057943552;23678976;1201901568;0;0;0;0;0;0;0;0;0;0;0;2815;0;0;95;0;200;0;
8747;2416091;1057943552;23678976;1201901568;0;0;0;0;0;0;0;0;0;0;0;1984;0;0;95;0;200;0;
8748;5009535;1057943552;23678976;1201901568;0;0;0;0;0;0;0;0;0;0;0;3456;0;0;95;0;200;0;
8749;3489835;1057943552;23678976;1201901568;0;0;0;0;0;0;0;0;0;0;0;2525;0;0;95;0;200;0;
8750;6377320;1057943552;23678976;1201901568;0;0;0;0;0;0;0;0;0;0;0;2655;0;0;95;0;200;0;
8751;5343170;1057943552;23678976;1201901568;0;0;0;0;0;0;0;0;0;0;0;2525;0;0;95;0;200;0;
8752;4460786;1057943552;23678976;1201901568;0;0;0;0;0;0;0;0;0;0;0;2595;0;0;95;0;200;0;
8753;2854694;1057943552;23678976;1201901568;0;0;0;0;0;0;0;0;0;0;0;2174;0;0;95;0;200;0;
8754;3996285;1057943552;23678976;1201901568;0;0;0;0;0;0;0;0;0;0;0;2044;0;0;95;0;200;0;
8755;3305379;1057943552;23678976;1201901568;0;0;0;0;0;0;0;0;0;0;0;2043;0;0;95;0;200;0;
8756;8094260;1057943552;23678976;1201901568;0;0;0;0;0;0;0;0;0;0;0;2475;0;0;95;0;200;0;
8757;5085057;1057943552;23678976;1201901568;0;0;0;0;0;0;0;0;0;0;0;3566;0;0;95;0;200;0;
8758;4698071;1058152448;23674880;1201897472;0;0;0;0;0;0;0;0;0;0;0;2686;0;0;95;0;200;0;
8759;3558383;1058152448;23674880;1201897472;0;0;0;0;0;0;0;0;0;0;0;2584;0;0;95;0;200;0;
8760;4070384;1058152448;23674880;1201897472;0;0;0;0;0;0;0;0;0;0;0;2475;0;0;95;0;200;0;
8761;4300836;1058152448;23674880;1201897472;0;0;0;0;0;0;0;0;0;0;0;2294;0;0;95;0;200;0;
8762;8538193;1060249600;23674880;1201897472;0;0;0;0;0;0;0;0;0;0;0;4669;0;0;95;0;200;0;
8763;5587038;1060249600;23674880;1201897472;0;0;0;0;0;0;0;0;0;0;0;3297;0;0;95;0;200;0;
8764;2469782;1060249600;23674880;1201897472;0;0;0;0;0;0;0;0;0;0;0;1883;0;0;95;0;200;0;
8765;2128902;1060249600;23674880;1201897472;0;0;0;0;0;0;0;0;0;0;0;2394;0;0;95;0;200;0;
8766;2948960;1060249600;23674880;1201897472;0;0;0;0;0;0;0;0;0;0;0;9918;0;0;95;0;200;0;
8767;3137003;1060249600;23674880;1201897472;0;0;0;0;0;0;0;0;0;0;0;2294;0;0;95;0;200;0;
8768;6312068;1060249600;23674880;1201897472;0;0;0;0;0;0;0;0;0;0;0;3978;0;0;95;0;200;0;
8769;6229673;1060249600;23674880;1201897472;0;0;0;0;0;0;0;0;0;0;0;4438;0;0;95;0;200;0;
8770;5868386;1060249600;23674880;1201897472;0;0;0;0;0;0;0;0;0;0;0;3216;0;0;95;0;200;0;
8771;3977610;1060249600;23674880;1201897472;0;0;0;0;0;0;0;0;0;0;0;3446;0;0;95;0;200;0;
8772;7452527;1060249600;23674880;1201897472;0;0;0;0;0;0;0;0;0;0;0;3346;0;0;95;0;200;0;
8773;5239827;1060249600;23674880;1201897472;0;0;0;0;0;0;0;0;0;0;0;3035;0;0;95;0;200;0;
8774;6990320;1060249600;23674880;1201897472;0;0;0;0;0;0;0;0;0;0;0;2886;0;0;95;0;200;0;
8775;4540155;1060249600;23674880;1201897472;0;0;0;0;0;0;0;0;0;0;0;3086;0;0;95;0;200;0;
8776;3689138;1060249600;23674880;1201897472;0;0;0;0;0;0;0;0;0;0;0;2345;0;0;95;0;200;0;
8777;2775475;1060249600;23674880;1201897472;0;0;0;0;0;0;0;0;0;0;0;2725;0;0;95;0;200;0;
8778;4135926;1060249600;23674880;1201897472;0;0;0;0;0;0;0;0;0;0;0;2835;0;0;95;0;200;0;
8779;3122455;1060249600;23674880;1201897472;0;0;0;0;0;0;0;0;0;0;0;2294;0;0;95;0;200;0;
8780;9307515;1060249600;23674880;1201897472;0;0;0;0;0;0;0;0;0;0;0;3406;0;0;95;0;200;0;
8781;6034597;1060249600;23674880;1201897472;0;0;0;0;0;0;0;0;0;0;0;2335;0;0;95;0;200;0;
8782;4884380;1060249600;23674880;1201897472;0;0;0;0;0;0;0;0;0;0;0;3627;0;0;95;0;200;0;
8783;3969013;1060249600;23674880;1201897472;0;0;0;0;0;0;0;0;0;0;0;3437;0;0;95;0;200;0;
8784;2590138;1060249600;23674880;1201897472;0;0;0;0;0;0;0;0;0;0;0;1943;0;0;95;0;200;0;
8785;2013285;1060249600;23674880;1201897472;0;0;0;0;0;0;0;0;0;0;0;1713;0;0;95;0;200;0;
8786;11925876;1060249600;23674880;1201897472;0;0;0;0;0;0;0;0;0;0;0;3467;0;0;95;0;200;0;
8787;2960913;1060249600;23674880;1201897472;0;0;0;0;0;0;0;0;0;0;0;2555;0;0;95;0;200;0;
8788;2885762;1060249600;23674880;1201897472;0;0;0;0;0;0;0;0;0;0;0;4158;0;0;95;0;200;0;
8789;6239431;1060249600;23674880;1201897472;0;0;0;0;0;0;0;0;0;0;0;4308;0;0;95;0;200;0;
8790;4665430;1060249600;23674880;1201897472;0;0;0;0;0;0;0;0;0;0;0;2916;0;0;95;0;200;0;
8791;2680316;1060249600;23674880;1201897472;0;0;0;0;0;0;0;0;0;0;0;2685;0;0;95;0;200;0;
8792;8348066;1060249600;23674880;1201897472;0;0;0;0;0;0;0;0;0;0;0;3266;0;0;95;0;200;0;
8793;5342820;1060249600;23674880;1201897472;0;0;0;0;0;0;0;0;0;0;0;3997;0;0;95;0;200;0;
8794;3812941;1060249600;23674880;1201897472;0;0;0;0;0;0;0;0;0;0;0;2264;0;0;95;0;200;0;
8795;2436349;1060249600;23674880;1201897472;0;0;0;0;0;0;0;0;0;0;0;2815;0;0;95;0;200;0;
8796;4415490;1060249600;23674880;1201897472;0;0;0;0;0;0;0;0;0;0;0;3416;0;0;95;0;200;0;
8797;4019899;1060249600;23674880;1201897472;0;0;0;0;0;0;0;0;0;0;0;4098;0;0;95;0;200;0;
8798;7252621;1060249600;23674880;1201897472;0;0;0;0;0;0;0;0;0;0;0;2855;0;0;95;0;200;0;
8799;6419359;1060249600;23674880;1201897472;0;0;0;0;0;0;0;0;0;0;0;3076;0;0;95;0;200;0;
8800;3150990;1060249600;23674880;1201897472;0;0;0;0;0;0;0;0;0;0;0;2484;0;0;95;0;200;0;
8801;2146736;1060249600;23674880;1201897472;0;0;0;0;0;0;0;0;0;0;0;2154;0;0;95;0;200;0;
8802;4319310;1060249600;23674880;1201897472;0;0;0;0;0;0;0;0;0;0;0;2875;0;0;95;0;200;0;
8803;5539960;1060249600;23674880;1201897472;0;0;0;0;0;0;0;0;0;0;0;2936;0;0;95;0;200;0;
8804;6480072;1060249600;23674880;1201897472;0;0;0;0;0;0;0;0;0;0;0;3958;0;0;95;0;200;0;
8805;4831651;1060249600;23674880;1201897472;0;0;0;0;0;0;0;0;0;0;0;3036;0;0;95;0;200;0;
8806;3758860;1060249600;23674880;1201897472;0;0;0;0;0;0;0;0;0;0;0;4599;0;0;95;0;200;0;
8807;3058305;1060249600;23674880;1201897472;0;0;0;0;0;0;0;0;0;0;0;3126;0;0;95;0;200;0;
8808;3832137;1060249600;23674880;1201897472;0;0;0;0;0;0;0;0;0;0;0;3026;0;0;95;0;200;0;
8809;3455891;1060249600;23674880;1201897472;0;0;0;0;0;0;0;0;0;0;0;2475;0;0;95;0;200;0;
8810;9285965;1060249600;23674880;1201897472;0;0;0;0;0;0;0;0;0;0;0;2795;0;0;95;0;200;0;
8811;4886053;1060249600;23674880;1201897472;0;0;0;0;0;0;0;0;0;0;0;4148;0;0;95;0;200;0;
8812;5562401;1060249600;23674880;1201897472;0;0;0;0;0;0;0;0;0;0;0;3076;0;0;95;0;200;0;
8813;3467192;1060249600;23674880;1201897472;0;0;0;0;0;0;0;0;0;0;0;2836;0;0;95;0;200;0;
8814;2604875;1060249600;23674880;1201897472;0;0;0;0;0;0;0;0;0;0;0;2325;0;0;95;0;200;0;
8815;2240773;1060249600;23674880;1201897472;0;0;0;0;0;0;0;0;0;0;0;3046;0;0;95;0;200;0;
8816;8931290;1060249600;23674880;1201897472;0;0;0;0;0;0;0;0;0;0;0;3016;0;0;95;0;200;0;
8817;4219022;1060249600;23674880;1201897472;0;0;0;0;0;0;0;0;0;0;0;3186;0;0;95;0;200;0;
8818;4559992;1060249600;23674880;1201897472;0;0;0;0;0;0;0;0;0;0;0;2565;0;0;95;0;200;0;
8819;4384543;1060249600;23674880;1201897472;0;0;0;0;0;0;0;0;0;0;0;3516;0;0;95;0;200;0;
8820;4527972;1060249600;23674880;1201897472;0;0;0;0;0;0;0;0;0;0;0;2204;0;0;95;0;200;0;
8821;2418445;1060249600;23674880;1201897472;0;0;0;0;0;0;0;0;0;0;0;2164;0;0;95;0;200;0;
8822;7721541;1060249600;23674880;1201897472;0;0;0;0;0;0;0;0;0;0;0;3537;0;0;95;0;200;0;
8823;4238309;1060249600;23674880;1201897472;0;0;0;0;0;0;0;0;0;0;0;2615;0;0;95;0;200;0;
8824;3374358;1060249600;23674880;1201897472;0;0;0;0;0;0;0;0;0;0;0;2024;0;0;95;0;200;0;
8825;2687019;1060249600;23674880;1201897472;0;0;0;0;0;0;0;0;0;0;0;2715;0;0;95;0;200;0;
8826;3362426;1060249600;23674880;1201897472;0;0;0;0;0;0;0;0;0;0;0;2535;0;0;95;0;200;0;
8827;3153835;1060249600;23674880;1201897472;0;0;0;0;0;0;0;0;0;0;0;4268;0;0;95;0;200;0;
8828;6602663;1060249600;23674880;1201897472;0;0;0;0;0;0;0;0;0;0;0;2384;0;0;95;0;200;0;
8829;2727696;1060249600;23674880;1201897472;0;0;0;0;0;0;0;0;0;0;0;3045;0;0;95;0;200;0;
8830;4807366;1060249600;23674880;1201897472;0;0;0;0;0;0;0;0;0;0;0;3396;0;0;95;0;200;0;
8831;2479641;1060249600;23674880;1201897472;0;0;0;0;0;0;0;0;0;0;0;2995;0;0;95;0;200;0;
8832;2856838;1060249600;23674880;1201897472;0;0;0;0;0;0;0;0;0;0;0;1974;0;0;95;0;200;0;
8833;2711195;1060249600;23674880;1201897472;0;0;0;0;0;0;0;0;0;0;0;2564;0;0;95;0;200;0;
8834;8938643;1060249600;23674880;1201897472;0;0;0;0;0;0;0;0;0;0;0;3677;0;0;95;0;200;0;
8835;6454585;1060249600;23674880;1201897472;0;0;0;0;0;0;0;0;0;0;0;3878;0;0;95;0;200;0;
8836;3484585;1060249600;23674880;1201897472;0;0;0;0;0;0;0;0;0;0;0;3406;0;0;95;0;200;0;
8837;3924470;1060249600;23674880;1201897472;0;0;0;0;0;0;0;0;0;0;0;3036;0;0;95;0;200;0;
8838;4816172;1060249600;23674880;1201897472;0;0;0;0;0;0;0;0;0;0;0;2916;0;0;95;0;200;0;
8839;4248568;1060249600;23674880;1201897472;0;0;0;0;0;0;0;0;0;0;0;2975;0;0;95;0;200;0;
8840;9441737;1060249600;23674880;1201897472;0;0;0;0;0;0;0;0;0;0;0;3606;0;0;95;0;200;0;
8841;7793065;1060249600;23674880;1201897472;0;0;0;0;0;0;0;0;0;0;0;3717;0;0;95;0;200;0;
8842;3768688;1060249600;23674880;1201897472;0;0;0;0;0;0;0;0;0;0;0;3337;0;0;95;0;200;0;
8843;3640467;1060249600;23674880;1201897472;0;0;0;0;0;0;0;0;0;0;0;3607;0;0;95;0;200;0;
8844;6505951;1060249600;23674880;1201897472;0;0;0;0;0;0;0;0;0;0;0;3737;0;0;95;0;200;0;
8845;3892379;1060249600;23674880;1201897472;0;0;0;0;0;0;0;0;0;0;0;3226;0;0;95;0;200;0;
8846;8232500;1060249600;23674880;1201897472;0;0;0;0;0;0;0;0;0;0;0;3577;0;0;95;0;200;0;
8847;5787303;1060249600;23674880;1201897472;0;0;0;0;0;0;0;0;0;0;0;4228;0;0;95;0;200;0;
8848;5578021;1060249600;23674880;1201897472;0;0;0;0;0;0;0;0;0;0;0;3586;0;0;95;0;200;0;
8849;2752031;1060249600;23674880;1201897472;0;0;0;0;0;0;0;0;0;0;0;2404;0;0;95;0;200;0;
8850;4882496;1060249600;23674880;1201897472;0;0;0;0;0;0;0;0;0;0;0;3206;0;0;95;0;200;0;
8851;5859378;1060249600;23674880;1201897472;0;0;0;0;0;0;0;0;0;0;0;4027;0;0;95;0;200;0;
8852;8968359;1060249600;23674880;1201897472;0;0;0;0;0;0;0;0;0;0;0;2995;0;0;95;0;200;0;
8853;4576834;1060249600;23674880;1201897472;0;0;0;0;0;0;0;0;0;0;0;3106;0;0;95;0;200;0;
8854;5655827;1060249600;23674880;1201897472;0;0;0;0;0;0;0;0;0;0;0;3366;0;0;95;0;200;0;
8855;4911250;1060249600;23674880;1201897472;0;0;0;0;0;0;0;0;0;0;0;3417;0;0;95;0;200;0;
8856;3657348;1060249600;23674880;1201897472;0;0;0;0;0;0;0;0;0;0;0;3306;0;0;95;0;200;0;
8857;3411037;1060249600;23674880;1201897472;0;0;0;0;0;0;0;0;0;0;0;3387;0;0;95;0;200;0;
8858;9497571;1060249600;23674880;1201897472;0;0;0;0;0;0;0;0;0;0;0;3507;0;0;95;0;200;0;
8859;5870860;1060249600;23674880;1201897472;0;0;0;0;0;0;0;0;0;0;0;4028;0;0;95;0;200;0;
8860;5834262;1060249600;23674880;1201897472;0;0;0;0;0;0;0;0;0;0;0;3857;0;0;95;0;200;0;
8861;3865680;1060249600;23674880;1201897472;0;0;0;0;0;0;0;0;0;0;0;3366;0;0;95;0;200;0;
8862;5139588;1060249600;23674880;1201897472;0;0;0;0;0;0;0;0;0;0;0;3807;0;0;95;0;200;0;
8863;2065003;1060249600;23674880;1201897472;0;0;0;0;0;0;0;0;0;0;0;1803;0;0;95;0;200;0;
8864;12715987;1060249600;23674880;1201897472;0;0;0;0;0;0;0;0;0;0;0;3446;0;0;95;0;200;0;
8865;7358921;1060249600;23674880;1201897472;0;0;0;0;0;0;0;0;0;0;0;3576;0;0;95;0;200;0;
8866;3057805;1060249600;23674880;1201897472;0;0;0;0;0;0;0;0;0;0;0;2204;0;0;95;0;200;0;
8867;2855756;1060249600;23674880;1201897472;0;0;0;0;0;0;0;0;0;0;0;3667;0;0;95;0;200;0;
8868;6442722;1060249600;23674880;1201897472;0;0;0;0;0;0;0;0;0;0;0;4549;0;0;95;0;200;0;
8869;4532189;1060249600;23674880;1201897472;0;0;0;0;0;0;0;0;0;0;0;3707;0;0;95;0;200;0;
8870;7819514;1060249600;23674880;1201897472;0;0;0;0;0;0;0;0;0;0;0;3757;0;0;95;0;200;0;
8871;5827479;1060249600;23674880;1201897472;0;0;0;0;0;0;0;0;0;0;0;3086;0;0;95;0;200;0;
8872;4733848;1060249600;23674880;1201897472;0;0;0;0;0;0;0;0;0;0;0;3056;0;0;95;0;200;0;
8873;3413021;1060249600;23674880;1201897472;0;0;0;0;0;0;0;0;0;0;0;2976;0;0;95;0;200;0;
8874;6193084;1060249600;23674880;1201897472;0;0;0;0;0;0;0;0;0;0;0;3176;0;0;95;0;200;0;
8875;4299743;1060249600;23674880;1201897472;0;0;0;0;0;0;0;0;0;0;0;2675;0;0;95;0;200;0;
8876;7286255;1060249600;23674880;1201897472;0;0;0;0;0;0;0;0;0;0;0;3798;0;0;95;0;200;0;
8877;4866687;1060249600;23674880;1201897472;0;0;0;0;0;0;0;0;0;0;0;3086;0;0;95;0;200;0;
8878;4906291;1060249600;23674880;1201897472;0;0;0;0;0;0;0;0;0;0;0;3487;0;0;95;0;200;0;
8879;3644695;1060249600;23674880;1201897472;0;0;0;0;0;0;0;0;0;0;0;3146;0;0;95;0;200;0;
8880;4217509;1060249600;23674880;1201897472;0;0;0;0;0;0;0;0;0;0;0;3216;0;0;95;0;200;0;
8881;2934634;1060249600;23674880;1201897472;0;0;0;0;0;0;0;0;0;0;0;48941;0;0;95;0;200;0;
8882;7958355;1060249600;23674880;1201897472;0;0;0;0;0;0;0;0;0;0;0;3967;0;0;95;0;200;0;
8883;4199506;1060249600;23674880;1201897472;0;0;0;0;0;0;0;0;0;0;0;2224;0;0;95;0;200;0;
8884;3065609;1060249600;23674880;1201897472;0;0;0;0;0;0;0;0;0;0;0;1773;0;0;95;0;200;0;
8885;3986697;1060249600;23674880;1201897472;0;0;0;0;0;0;0;0;0;0;0;3577;0;0;95;0;200;0;
8886;3567149;1060249600;23674880;1201897472;0;0;0;0;0;0;0;0;0;0;0;3046;0;0;95;0;200;0;
8887;3036014;1060249600;23674880;1201897472;0;0;0;0;0;0;0;0;0;0;0;3897;0;0;95;0;200;0;
8888;8476867;1060249600;23674880;1201897472;0;0;0;0;0;0;0;0;0;0;0;3607;0;0;95;0;200;0;
8889;6006214;1060249600;23674880;1201897472;0;0;0;0;0;0;0;0;0;0;0;3116;0;0;95;0;200;0;
8890;5070860;1060249600;23674880;1201897472;0;0;0;0;0;0;0;0;0;0;0;2325;0;0;95;0;200;0;
8891;5085918;1060249600;23674880;1201897472;0;0;0;0;0;0;0;0;0;0;0;3908;0;0;95;0;200;0;
8892;4481645;1060249600;23674880;1201897472;0;0;0;0;0;0;0;0;0;0;0;3186;0;0;95;0;200;0;
8893;2827072;1060249600;23674880;1201897472;0;0;0;0;0;0;0;0;0;0;0;2675;0;0;95;0;200;0;
8894;9806611;1060249600;23674880;1201897472;0;0;0;0;0;0;0;0;0;0;0;3106;0;0;95;0;200;0;
8895;5541012;1060249600;23674880;1201897472;0;0;0;0;0;0;0;0;0;0;0;3046;0;0;95;0;200;0;
8896;5336428;1060249600;23674880;1201897472;0;0;0;0;0;0;0;0;0;0;0;4839;0;0;95;0;200;0;
8897;4082726;1060249600;23674880;1201897472;0;0;0;0;0;0;0;0;0;0;0;2936;0;0;95;0;200;0;
8898;4851729;1060249600;23674880;1201897472;0;0;0;0;0;0;0;0;0;0;0;3687;0;0;95;0;200;0;
8899;4710864;1060249600;23674880;1201897472;0;0;0;0;0;0;0;0;0;0;0;3377;0;0;95;0;200;0;
8900;8520970;1060249600;23674880;1201897472;0;0;0;0;0;0;0;0;0;0;0;3306;0;0;95;0;200;0;
8901;6392459;1060249600;23674880;1201897472;0;0;0;0;0;0;0;0;0;0;0;3496;0;0;95;0;200;0;
8902;4776668;1060249600;23674880;1201897472;0;0;0;0;0;0;0;0;0;0;0;3066;0;0;95;0;200;0;
8903;3243974;1060249600;23674880;1201897472;0;0;0;0;0;0;0;0;0;0;0;2716;0;0;95;0;200;0;
8904;4175020;1060249600;23674880;1201897472;0;0;0;0;0;0;0;0;0;0;0;3867;0;0;95;0;200;0;
8905;4464643;1060249600;23674880;1201897472;0;0;0;0;0;0;0;0;0;0;0;2955;0;0;95;0;200;0;
8906;7495367;1060249600;23674880;1201897472;0;0;0;0;0;0;0;0;0;0;0;3817;0;0;95;0;200;0;
8907;6585360;1060249600;23674880;1201897472;0;0;0;0;0;0;0;0;0;0;0;3817;0;0;95;0;200;0;
8908;5816569;1060249600;23674880;1201897472;0;0;0;0;0;0;0;0;0;0;0;3467;0;0;95;0;200;0;
8909;4424207;1060249600;23674880;1201897472;0;0;0;0;0;0;0;0;0;0;0;3437;0;0;95;0;200;0;
8910;5691443;1060249600;23674880;1201897472;0;0;0;0;0;0;0;0;0;0;0;4147;0;0;95;0;200;0;
8911;4948130;1060249600;23674880;1201897472;0;0;0;0;0;0;0;0;0;0;0;2564;0;0;95;0;200;0;
8912;7806801;1060249600;23674880;1201897472;0;0;0;0;0;0;0;0;0;0;0;3607;0;0;95;0;200;0;
8913;7424113;1060249600;23674880;1201897472;0;0;0;0;0;0;0;0;0;0;0;4087;0;0;95;0;200;0;
8914;5437487;1060249600;23674880;1201897472;0;0;0;0;0;0;0;0;0;0;0;3036;0;0;95;0;200;0;
8915;3740996;1060249600;23674880;1201897472;0;0;0;0;0;0;0;0;0;0;0;2294;0;0;95;0;200;0;
8916;5249275;1060249600;23674880;1201897472;0;0;0;0;0;0;0;0;0;0;0;3426;0;0;95;0;200;0;
8917;3213977;1060249600;23674880;1201897472;0;0;0;0;0;0;0;0;0;0;0;2976;0;0;95;0;200;0;
8918;7202708;1060249600;23674880;1201897472;0;0;0;0;0;0;0;0;0;0;0;3677;0;0;95;0;200;0;
8919;5545090;1060249600;23674880;1201897472;0;0;0;0;0;0;0;0;0;0;0;4148;0;0;95;0;200;0;
8920;4721434;1060249600;23674880;1201897472;0;0;0;0;0;0;0;0;0;0;0;2665;0;0;95;0;200;0;
8921;3269621;1060249600;23674880;1201897472;0;0;0;0;0;0;0;0;0;0;0;2615;0;0;95;0;200;0;
8922;4909857;1060249600;23674880;1201897472;0;0;0;0;0;0;0;0;0;0;0;3947;0;0;95;0;200;0;
8923;4013056;1060249600;23674880;1201897472;0;0;0;0;0;0;0;0;0;0;0;2695;0;0;95;0;200;0;
8924;7064168;1060249600;23674880;1201897472;0;0;0;0;0;0;0;0;0;0;0;4118;0;0;95;0;200;0;
8925;6323559;1060249600;23674880;1201897472;0;0;0;0;0;0;0;0;0;0;0;3757;0;0;95;0;200;0;
8926;3911195;1060249600;23674880;1201897472;0;0;0;0;0;0;0;0;0;0;0;2435;0;0;95;0;200;0;
8927;3503891;1060249600;23674880;1201897472;0;0;0;0;0;0;0;0;0;0;0;2915;0;0;95;0;200;0;
8928;4731203;1060249600;23674880;1201897472;0;0;0;0;0;0;0;0;0;0;0;3296;0;0;95;0;200;0;
8929;6048754;1060249600;23674880;1201897472;0;0;0;0;0;0;0;0;0;0;0;2665;0;0;95;0;200;0;
8930;7160449;1060249600;23674880;1201897472;0;0;0;0;0;0;0;0;0;0;0;3346;0;0;95;0;200;0;
8931;5804646;1060249600;23674880;1201897472;0;0;0;0;0;0;0;0;0;0;0;3366;0;0;95;0;200;0;
8932;5305860;1060249600;23674880;1201897472;0;0;0;0;0;0;0;0;0;0;0;3437;0;0;95;0;200;0;
8933;2803477;1060249600;23674880;1201897472;0;0;0;0;0;0;0;0;0;0;0;2244;0;0;95;0;200;0;
8934;4025590;1060249600;23674880;1201897472;0;0;0;0;0;0;0;0;0;0;0;3657;0;0;95;0;200;0;
8935;4319600;1060249600;23674880;1201897472;0;0;0;0;0;0;0;0;0;0;0;3797;0;0;95;0;200;0;
8936;8118866;1060249600;23683072;1201905664;0;0;0;0;0;0;0;0;0;0;0;3476;0;0;95;0;200;0;
8937;5493753;1060249600;23687168;1201909760;0;0;0;0;0;0;0;0;0;0;0;4097;0;0;95;0;200;0;
8938;6038395;1060249600;23687168;1201909760;0;0;0;0;0;0;0;0;0;0;0;3256;0;0;95;0;200;0;
8939;2975611;1060249600;23687168;1201909760;0;0;0;0;0;0;0;0;0;0;0;3026;0;0;95;0;200;0;
8940;4992754;1060249600;23687168;1201909760;0;0;0;0;0;0;0;0;0;0;0;3837;0;0;95;0;200;0;
8941;4876415;1060249600;23687168;1201909760;0;0;0;0;0;0;0;0;0;0;0;3517;0;0;95;0;200;0;
8942;7780512;1060249600;23687168;1201909760;0;0;0;0;0;0;0;0;0;0;0;4228;0;0;95;0;200;0;
8943;5886029;1060249600;23687168;1201909760;0;0;0;0;0;0;0;0;0;0;0;3617;0;0;95;0;200;0;
8944;4515849;1060249600;23687168;1201909760;0;0;0;0;0;0;0;0;0;0;0;4388;0;0;95;0;200;0;
8945;2987071;1060249600;23687168;1201909760;0;0;0;0;0;0;0;0;0;0;0;2955;0;0;95;0;200;0;
8946;4476055;1060249600;23687168;1201909760;0;0;0;0;0;0;0;0;0;0;0;3026;0;0;95;0;200;0;
8947;2607610;1060249600;23687168;1201909760;0;0;0;0;0;0;0;0;0;0;0;3286;0;0;95;0;200;0;
8948;6829198;1060249600;23687168;1201909760;0;0;0;0;0;0;0;0;0;0;0;2605;0;0;95;0;200;0;
8949;5205071;1060249600;23687168;1201909760;0;0;0;0;0;0;0;0;0;0;0;3677;0;0;95;0;200;0;
8950;4203493;1060249600;23674880;1201897472;0;0;0;0;0;0;0;0;0;0;0;2965;0;0;95;0;200;0;
8951;2855645;1060249600;23674880;1201897472;0;0;0;0;0;0;0;0;0;0;0;3246;0;0;95;0;200;0;
8952;2843462;1060249600;23674880;1201897472;0;0;0;0;0;0;0;0;0;0;0;2124;0;0;95;0;200;0;
8953;1650426;1060249600;23674880;1201897472;0;0;0;0;0;0;0;0;0;0;0;1403;0;0;95;0;200;0;
8954;7200533;1060249600;23674880;1201897472;0;0;0;0;0;0;0;0;0;0;0;2876;0;0;95;0;200;0;
8955;4417975;1060249600;23674880;1201897472;0;0;0;0;0;0;0;0;0;0;0;2716;0;0;95;0;200;0;
8956;3434401;1060249600;23674880;1201897472;0;0;0;0;0;0;0;0;0;0;0;2965;0;0;95;0;200;0;
8957;2858781;1060249600;23674880;1201897472;0;0;0;0;0;0;0;0;0;0;0;3176;0;0;95;0;200;0;
8958;3661958;1060249600;23674880;1201897472;0;0;0;0;0;0;0;0;0;0;0;4028;0;0;95;0;200;0;
8959;2219783;1060249600;23674880;1201897472;0;0;0;0;0;0;0;0;0;0;0;3417;0;0;95;0;200;0;
8960;6780265;1060249600;23674880;1201897472;0;0;0;0;0;0;0;0;0;0;0;3476;0;0;95;0;200;0;
8961;4421502;1060249600;23674880;1201897472;0;0;0;0;0;0;0;0;0;0;0;3316;0;0;95;0;200;0;
8962;4012335;1060249600;23674880;1201897472;0;0;0;0;0;0;0;0;0;0;0;3777;0;0;95;0;200;0;
8963;3020715;1060249600;23674880;1201897472;0;0;0;0;0;0;0;0;0;0;0;3978;0;0;95;0;200;0;
8964;3684169;1060249600;23674880;1201897472;0;0;0;0;0;0;0;0;0;0;0;2545;0;0;95;0;200;0;
8965;2892856;1060249600;23674880;1201897472;0;0;0;0;0;0;0;0;0;0;0;2404;0;0;95;0;200;0;
8966;8206471;1060249600;23674880;1201897472;0;0;0;0;0;0;0;0;0;0;0;3567;0;0;95;0;200;0;
8967;5223476;1060249600;23674880;1201897472;0;0;0;0;0;0;0;0;0;0;0;3266;0;0;95;0;200;0;
8968;5776112;1060249600;23674880;1201897472;0;0;0;0;0;0;0;0;0;0;0;2675;0;0;95;0;200;0;
8969;3390558;1060249600;23674880;1201897472;0;0;0;0;0;0;0;0;0;0;0;3787;0;0;95;0;200;0;
8970;4129684;1060249600;23674880;1201897472;0;0;0;0;0;0;0;0;0;0;0;2886;0;0;95;0;200;0;
8971;5549798;1060249600;23674880;1201897472;0;0;0;0;0;0;0;0;0;0;0;4709;0;0;95;0;200;0;
8972;7640148;1060249600;23674880;1201897472;0;0;0;0;0;0;0;0;0;0;0;4128;0;0;95;0;200;0;
8973;3892700;1060249600;23674880;1201897472;0;0;0;0;0;0;0;0;0;0;0;2975;0;0;95;0;200;0;
8974;4546366;1060249600;23674880;1201897472;0;0;0;0;0;0;0;0;0;0;0;3617;0;0;95;0;200;0;
8975;3358338;1060249600;23674880;1201897472;0;0;0;0;0;0;0;0;0;0;0;2845;0;0;95;0;200;0;
8976;2592832;1060249600;23674880;1201897472;0;0;0;0;0;0;0;0;0;0;0;3496;0;0;95;0;200;0;
8977;3724434;1060249600;23674880;1201897472;0;0;0;0;0;0;0;0;0;0;0;4608;0;0;95;0;200;0;
8978;8583587;1060249600;23674880;1201897472;0;0;0;0;0;0;0;0;0;0;0;3486;0;0;95;0;200;0;
8979;5321530;1060249600;23674880;1201897472;0;0;0;0;0;0;0;0;0;0;0;2725;0;0;95;0;200;0;
8980;4277291;1060249600;23674880;1201897472;0;0;0;0;0;0;0;0;0;0;0;3337;0;0;95;0;200;0;
8981;4134834;1060249600;23674880;1201897472;0;0;0;0;0;0;0;0;0;0;0;3046;0;0;95;0;200;0;
8982;6926179;1060249600;23674880;1201897472;0;0;0;0;0;0;0;0;0;0;0;3867;0;0;95;0;200;0;
8983;2848533;1060249600;23674880;1201897472;0;0;0;0;0;0;0;0;0;0;0;3206;0;0;95;0;200;0;
8984;8892086;1060249600;23674880;1201897472;0;0;0;0;0;0;0;0;0;0;0;3837;0;0;95;0;200;0;
8985;4348836;1060249600;23674880;1201897472;0;0;0;0;0;0;0;0;0;0;0;2565;0;0;95;0;200;0;
8986;5544789;1060249600;23674880;1201897472;0;0;0;0;0;0;0;0;0;0;0;3056;0;0;95;0;200;0;
8987;4270859;1060249600;23674880;1201897472;0;0;0;0;0;0;0;0;0;0;0;2846;0;0;95;0;200;0;
8988;4977605;1060249600;23674880;1201897472;0;0;0;0;0;0;0;0;0;0;0;3066;0;0;95;0;200;0;
8989;3243934;1060249600;23674880;1201897472;0;0;0;0;0;0;0;0;0;0;0;4157;0;0;95;0;200;0;
8990;8558290;1060249600;23674880;1201897472;0;0;0;0;0;0;0;0;0;0;0;3527;0;0;95;0;200;0;
8991;5785951;1060249600;23674880;1201897472;0;0;0;0;0;0;0;0;0;0;0;3607;0;0;95;0;200;0;
8992;6288664;1060249600;23674880;1201897472;0;0;0;0;0;0;0;0;0;0;0;4318;0;0;95;0;200;0;
8993;2455215;1060249600;23674880;1201897472;0;0;0;0;0;0;0;0;0;0;0;3045;0;0;95;0;200;0;
8994;5047746;1060249600;23674880;1201897472;0;0;0;0;0;0;0;0;0;0;0;4258;0;0;95;0;200;0;
8995;4215165;1060249600;23674880;1201897472;0;0;0;0;0;0;0;0;0;0;0;3286;0;0;95;0;200;0;
8996;8152319;1060249600;23674880;1201897472;0;0;0;0;0;0;0;0;0;0;0;4368;0;0;95;0;200;0;
8997;4633580;1060249600;23674880;1201897472;0;0;0;0;0;0;0;0;0;0;0;4048;0;0;95;0;200;0;
8998;4292470;1060249600;23674880;1201897472;0;0;0;0;0;0;0;0;0;0;0;2725;0;0;95;0;200;0;
8999;4042691;1060249600;23674880;1201897472;0;0;0;0;0;0;0;0;0;0;0;3657;0;0;95;0;200;0;
9000;4287722;1060249600;23674880;1201897472;0;0;0;0;0;0;0;0;0;0;0;3727;0;0;95;0;200;0;
9001;2924535;1060249600;23674880;1201897472;0;0;0;0;0;0;0;0;0;0;0;3286;0;0;95;0;200;0;
9002;7865882;1060249600;23674880;1201897472;0;0;0;0;0;0;0;0;0;0;0;3126;0;0;95;0;200;0;
9003;6698743;1060249600;23674880;1201897472;0;0;0;0;0;0;0;0;0;0;0;3026;0;0;95;0;200;0;
9004;4191150;1060249600;23674880;1201897472;0;0;0;0;0;0;0;0;0;0;0;4238;0;0;95;0;200;0;
9005;5063406;1060249600;23674880;1201897472;0;0;0;0;0;0;0;0;0;0;0;3556;0;0;95;0;200;0;
9006;3743150;1060249600;23674880;1201897472;0;0;0;0;0;0;0;0;0;0;0;3226;0;0;95;0;200;0;
9007;4601610;1060249600;23674880;1201897472;0;0;0;0;0;0;0;0;0;0;0;3596;0;0;95;0;200;0;
9008;11904615;1060249600;23674880;1201897472;0;0;0;0;0;0;0;0;0;0;0;3817;0;0;95;0;200;0;
9009;7289611;1060249600;23674880;1201897472;0;0;0;0;0;0;0;0;0;0;0;3376;0;0;95;0;200;0;
9010;5275994;1060249600;23674880;1201897472;0;0;0;0;0;0;0;0;0;0;0;3907;0;0;95;0;200;0;
9011;5367456;1060249600;23674880;1201897472;0;0;0;0;0;0;0;0;0;0;0;3948;0;0;95;0;200;0;
9012;4548119;1060249600;23674880;1201897472;0;0;0;0;0;0;0;0;0;0;0;3927;0;0;95;0;200;0;
9013;4679185;1060249600;23674880;1201897472;0;0;0;0;0;0;0;0;0;0;0;3597;0;0;95;0;200;0;
9014;9712644;1060249600;23674880;1201897472;0;0;0;0;0;0;0;0;0;0;0;3757;0;0;95;0;200;0;
9015;6328768;1060249600;23674880;1201897472;0;0;0;0;0;0;0;0;0;0;0;3387;0;0;95;0;200;0;
9016;5432027;1060249600;23674880;1201897472;0;0;0;0;0;0;0;0;0;0;0;3897;0;0;95;0;200;0;
9017;3687645;1060249600;23674880;1201897472;0;0;0;0;0;0;0;0;0;0;0;2885;0;0;95;0;200;0;
9018;5139499;1060249600;23674880;1201897472;0;0;0;0;0;0;0;0;0;0;0;3667;0;0;95;0;200;0;
9019;4356961;1060249600;23674880;1201897472;0;0;0;0;0;0;0;0;0;0;0;3006;0;0;95;0;200;0;
9020;8083761;1060249600;23674880;1201897472;0;0;0;0;0;0;0;0;0;0;0;3507;0;0;95;0;200;0;
9021;5669602;1060249600;23674880;1201897472;0;0;0;0;0;0;0;0;0;0;0;2775;0;0;95;0;200;0;
9022;4562627;1060249600;23674880;1201897472;0;0;0;0;0;0;0;0;0;0;0;3025;0;0;95;0;200;0;
9023;3301932;1060249600;23674880;1201897472;0;0;0;0;0;0;0;0;0;0;0;3536;0;0;95;0;200;0;
9024;7380872;1060249600;23674880;1201897472;0;0;0;0;0;0;0;0;0;0;0;3507;0;0;95;0;200;0;
9025;4014539;1060249600;23674880;1201897472;0;0;0;0;0;0;0;0;0;0;0;2765;0;0;95;0;200;0;
9026;7751327;1060249600;23674880;1201897472;0;0;0;0;0;0;0;0;0;0;0;4949;0;0;95;0;200;0;
9027;5830815;1060249600;23674880;1201897472;0;0;0;0;0;0;0;0;0;0;0;3026;0;0;95;0;200;0;
9028;3814644;1060249600;23674880;1201897472;0;0;0;0;0;0;0;0;0;0;0;2435;0;0;95;0;200;0;
9029;2277682;1060249600;23674880;1201897472;0;0;0;0;0;0;0;0;0;0;0;3526;0;0;95;0;200;0;
9030;6064743;1060249600;23674880;1201897472;0;0;0;0;0;0;0;0;0;0;0;3396;0;0;95;0;200;0;
9031;4045777;1060249600;23674880;1201897472;0;0;0;0;0;0;0;0;0;0;0;3657;0;0;95;0;200;0;
9032;9353591;1060249600;23674880;1201897472;0;0;0;0;0;0;0;0;0;0;0;3686;0;0;95;0;200;0;
9033;5525422;1060249600;23674880;1201897472;0;0;0;0;0;0;0;0;0;0;0;2985;0;0;95;0;200;0;
9034;6145415;1060249600;23674880;1201897472;0;0;0;0;0;0;0;0;0;0;0;3276;0;0;95;0;200;0;
9035;4306617;1060249600;23674880;1201897472;0;0;0;0;0;0;0;0;0;0;0;3166;0;0;95;0;200;0;
9036;3699929;1060249600;23674880;1201897472;0;0;0;0;0;0;0;0;0;0;0;3065;0;0;95;0;200;0;
9037;6085874;1060249600;23674880;1201897472;0;0;0;0;0;0;0;0;0;0;0;3817;0;0;95;0;200;0;
9038;8671853;1060249600;23674880;1201897472;0;0;0;0;0;0;0;0;0;0;0;3737;0;0;95;0;200;0;
9039;4755388;1060249600;23674880;1201897472;0;0;0;0;0;0;0;0;0;0;0;2755;0;0;95;0;200;0;
9040;3643012;1060249600;23674880;1201897472;0;0;0;0;0;0;0;0;0;0;0;3026;0;0;95;0;200;0;
9041;3954066;1060249600;23674880;1201897472;0;0;0;0;0;0;0;0;0;0;0;3126;0;0;95;0;200;0;
9042;4730893;1060249600;23674880;1201897472;0;0;0;0;0;0;0;0;0;0;0;3056;0;0;95;0;200;0;
9043;4318008;1060249600;23674880;1201897472;0;0;0;0;0;0;0;0;0;0;0;2996;0;0;95;0;200;0;
9044;8475445;1060249600;23674880;1201897472;0;0;0;0;0;0;0;0;0;0;0;4138;0;0;95;0;200;0;
9045;6162217;1060249600;23678976;1201901568;0;0;0;0;0;0;0;0;0;0;0;2825;0;0;95;0;200;0;
9046;3047115;1060249600;23678976;1201901568;0;0;0;0;0;0;0;0;0;0;0;3607;0;0;95;0;200;0;
9047;2515988;1060249600;23678976;1201901568;0;0;0;0;0;0;0;0;0;0;0;3276;0;0;95;0;200;0;
9048;3961759;1060249600;23678976;1201901568;0;0;0;0;0;0;0;0;0;0;0;3095;0;0;95;0;200;0;
9049;3156430;1060249600;23678976;1201901568;0;0;0;0;0;0;0;0;0;0;0;201959;0;0;95;0;200;0;
9050;8214205;1060249600;23678976;1201901568;0;0;0;0;0;0;0;0;0;0;0;2946;0;0;95;0;200;0;
9051;5911175;1060249600;23678976;1201901568;0;0;0;0;0;0;0;0;0;0;0;3797;0;0;95;0;200;0;
9052;6403809;1060249600;23678976;1201901568;0;0;0;0;0;0;0;0;0;0;0;4418;0;0;95;0;200;0;
9053;3266826;1060249600;23678976;1201901568;0;0;0;0;0;0;0;0;0;0;0;3606;0;0;95;0;200;0;
9054;5700180;1060249600;23678976;1201901568;0;0;0;0;0;0;0;0;0;0;0;3366;0;0;95;0;200;0;
9055;2387849;1060249600;23678976;1201901568;0;0;0;0;0;0;0;0;0;0;0;2635;0;0;95;0;200;0;
9056;7090948;1060249600;23678976;1201901568;0;0;0;0;0;0;0;0;0;0;0;3176;0;0;95;0;200;0;
9057;9498954;1060249600;23678976;1201901568;0;0;0;0;0;0;0;0;0;0;0;3086;0;0;95;0;200;0;
9058;2710564;1060249600;23674880;1201897472;0;0;0;0;0;0;0;0;0;0;0;1653;0;0;95;0;200;0;
9059;1711760;1060249600;23674880;1201897472;0;0;0;0;0;0;0;0;0;0;0;3416;0;0;95;0;200;0;
9060;3847455;1060249600;23674880;1201897472;0;0;0;0;0;0;0;0;0;0;0;2826;0;0;95;0;200;0;
9061;1752136;1060249600;23674880;1201897472;0;0;0;0;0;0;0;0;0;0;0;2184;0;0;95;0;200;0;
9062;6493137;1060249600;23674880;1201897472;0;0;0;0;0;0;0;0;0;0;0;5060;0;0;95;0;200;0;
9063;6427323;1060249600;23674880;1201897472;0;0;0;0;0;0;0;0;0;0;0;3427;0;0;95;0;200;0;
9064;4214584;1060249600;23674880;1201897472;0;0;0;0;0;0;0;0;0;0;0;3536;0;0;95;0;200;0;
9065;2988635;1060249600;23674880;1201897472;0;0;0;0;0;0;0;0;0;0;0;3006;0;0;95;0;200;0;
9066;4084450;1060249600;23674880;1201897472;0;0;0;0;0;0;0;0;0;0;0;3166;0;0;95;0;200;0;
9067;4888999;1060249600;23674880;1201897472;0;0;0;0;0;0;0;0;0;0;0;3637;0;0;95;0;200;0;
9068;7359612;1060249600;23674880;1201897472;0;0;0;0;0;0;0;0;0;0;0;2795;0;0;95;0;200;0;
9069;7145451;1060249600;23674880;1201897472;0;0;0;0;0;0;0;0;0;0;0;3606;0;0;95;0;200;0;
9070;4768824;1060249600;23674880;1201897472;0;0;0;0;0;0;0;0;0;0;0;3396;0;0;95;0;200;0;
9071;2205015;1060249600;23674880;1201897472;0;0;0;0;0;0;0;0;0;0;0;2465;0;0;95;0;200;0;
9072;2729439;1060249600;23674880;1201897472;0;0;0;0;0;0;0;0;0;0;0;2434;0;0;95;0;200;0;
9073;2237496;1060249600;23674880;1201897472;0;0;0;0;0;0;0;0;0;0;0;3126;0;0;95;0;200;0;
9074;11061725;1060249600;23674880;1201897472;0;0;0;0;0;0;0;0;0;0;0;2935;0;0;95;0;200;0;
9075;3475508;1060249600;23674880;1201897472;0;0;0;0;0;0;0;0;0;0;0;2565;0;0;95;0;200;0;
9076;3066821;1060249600;23674880;1201897472;0;0;0;0;0;0;0;0;0;0;0;3847;0;0;95;0;200;0;
9077;4967967;1060249600;23674880;1201897472;0;0;0;0;0;0;0;0;0;0;0;3506;0;0;95;0;200;0;
9078;4243969;1060249600;23674880;1201897472;0;0;0;0;0;0;0;0;0;0;0;3737;0;0;95;0;200;0;
9079;4094168;1060249600;23674880;1201897472;0;0;0;0;0;0;0;0;0;0;0;2675;0;0;95;0;200;0;
9080;9400690;1060249600;23674880;1201897472;0;0;0;0;0;0;0;0;0;0;0;3336;0;0;95;0;200;0;
9081;4711887;1060249600;23674880;1201897472;0;0;0;0;0;0;0;0;0;0;0;3907;0;0;95;0;200;0;
9082;4932360;1060249600;23674880;1201897472;0;0;0;0;0;0;0;0;0;0;0;2535;0;0;95;0;200;0;
9083;4400503;1060249600;23674880;1201897472;0;0;0;0;0;0;0;0;0;0;0;3838;0;0;95;0;200;0;
9084;4244530;1060249600;23674880;1201897472;0;0;0;0;0;0;0;0;0;0;0;3607;0;0;95;0;200;0;
9085;3935581;1060249600;23674880;1201897472;0;0;0;0;0;0;0;0;0;0;0;3135;0;0;95;0;200;0;
9086;9308787;1060249600;23674880;1201897472;0;0;0;0;0;0;0;0;0;0;0;3506;0;0;95;0;200;0;
9087;4792718;1060249600;23674880;1201897472;0;0;0;0;0;0;0;0;0;0;0;3817;0;0;95;0;200;0;
9088;5774981;1060249600;23674880;1201897472;0;0;0;0;0;0;0;0;0;0;0;2695;0;0;95;0;200;0;
9089;4507564;1060249600;23674880;1201897472;0;0;0;0;0;0;0;0;0;0;0;3917;0;0;95;0;200;0;
9090;5239265;1060249600;23674880;1201897472;0;0;0;0;0;0;0;0;0;0;0;3566;0;0;95;0;200;0;
9091;2337754;1060249600;23674880;1201897472;0;0;0;0;0;0;0;0;0;0;0;3096;0;0;95;0;200;0;
9092;7546212;1060249600;23674880;1201897472;0;0;0;0;0;0;0;0;0;0;0;4469;0;0;95;0;200;0;
9093;5935171;1060249600;23674880;1201897472;0;0;0;0;0;0;0;0;0;0;0;3436;0;0;95;0;200;0;
9094;3154436;1060249600;23674880;1201897472;0;0;0;0;0;0;0;0;0;0;0;3326;0;0;95;0;200;0;
9095;4716775;1060249600;23674880;1201897472;0;0;0;0;0;0;0;0;0;0;0;3096;0;0;95;0;200;0;
9096;4619724;1060249600;23674880;1201897472;0;0;0;0;0;0;0;0;0;0;0;2915;0;0;95;0;200;0;
9097;4475823;1060249600;23674880;1201897472;0;0;0;0;0;0;0;0;0;0;0;3005;0;0;95;0;200;0;
9098;9274704;1060249600;23674880;1201897472;0;0;0;0;0;0;0;0;0;0;0;3516;0;0;95;0;200;0;
9099;6377150;1060249600;23674880;1201897472;0;0;0;0;0;0;0;0;0;0;0;3737;0;0;95;0;200;0;
9100;5862695;1060249600;23674880;1201897472;0;0;0;0;0;0;0;0;0;0;0;4418;0;0;95;0;200;0;
9101;3179183;1060249600;23674880;1201897472;0;0;0;0;0;0;0;0;0;0;0;3026;0;0;95;0;200;0;
9102;5882432;1060249600;23674880;1201897472;0;0;0;0;0;0;0;0;0;0;0;4569;0;0;95;0;200;0;
9103;6523343;1060249600;23674880;1201897472;0;0;0;0;0;0;0;0;0;0;0;2796;0;0;95;0;200;0;
9104;9157003;1060249600;23674880;1201897472;0;0;0;0;0;0;0;0;0;0;0;4108;0;0;95;0;200;0;
9105;6691228;1060249600;23674880;1201897472;0;0;0;0;0;0;0;0;0;0;0;2736;0;0;95;0;200;0;
9106;3976087;1060249600;23674880;1201897472;0;0;0;0;0;0;0;0;0;0;0;2815;0;0;95;0;200;0;
9107;4970171;1060249600;23674880;1201897472;0;0;0;0;0;0;0;0;0;0;0;3336;0;0;95;0;200;0;
9108;5345024;1060249600;23674880;1201897472;0;0;0;0;0;0;0;0;0;0;0;28083;0;0;95;0;200;0;
9109;3289239;1060249600;23674880;1201897472;0;0;0;0;0;0;0;0;0;0;0;2825;0;0;95;0;200;0;
9110;8037964;1060249600;23674880;1201897472;0;0;0;0;0;0;0;0;0;0;0;3597;0;0;95;0;200;0;
9111;5539469;1060249600;23674880;1201897472;0;0;0;0;0;0;0;0;0;0;0;3096;0;0;95;0;200;0;
9112;5125783;1060249600;23674880;1201897472;0;0;0;0;0;0;0;0;0;0;0;2976;0;0;95;0;200;0;
9113;4626897;1060249600;23674880;1201897472;0;0;0;0;0;0;0;0;0;0;0;3557;0;0;95;0;200;0;
9114;5710860;1060249600;23674880;1201897472;0;0;0;0;0;0;0;0;0;0;0;2806;0;0;95;0;200;0;
9115;4494849;1060249600;23674880;1201897472;0;0;0;0;0;0;0;0;0;0;0;2575;0;0;95;0;200;0;
9116;9310691;1060249600;23674880;1201897472;0;0;0;0;0;0;0;0;0;0;0;4258;0;0;95;0;200;0;
9117;4899789;1060249600;23674880;1201897472;0;0;0;0;0;0;0;0;0;0;0;4368;0;0;95;0;200;0;
9118;5723383;1060249600;23674880;1201897472;0;0;0;0;0;0;0;0;0;0;0;3667;0;0;95;0;200;0;
9119;4659038;1060249600;23674880;1201897472;0;0;0;0;0;0;0;0;0;0;0;3466;0;0;95;0;200;0;
9120;4703732;1060249600;23674880;1201897472;0;0;0;0;0;0;0;0;0;0;0;3256;0;0;95;0;200;0;
9121;5701051;1060249600;23674880;1201897472;0;0;0;0;0;0;0;0;0;0;0;3717;0;0;95;0;200;0;
9122;6597673;1060249600;23674880;1201897472;0;0;0;0;0;0;0;0;0;0;0;3176;0;0;95;0;200;0;
9123;3828880;1060249600;23674880;1201897472;0;0;0;0;0;0;0;0;0;0;0;3046;0;0;95;0;200;0;
9124;5442317;1060249600;23674880;1201897472;0;0;0;0;0;0;0;0;0;0;0;2234;0;0;95;0;200;0;
9125;3121193;1060249600;23674880;1201897472;0;0;0;0;0;0;0;0;0;0;0;3387;0;0;95;0;200;0;
9126;3900846;1060249600;23674880;1201897472;0;0;0;0;0;0;0;0;0;0;0;2284;0;0;95;0;200;0;
9127;3868696;1060249600;23674880;1201897472;0;0;0;0;0;0;0;0;0;0;0;4068;0;0;95;0;200;0;
9128;8344049;1060249600;23674880;1201897472;0;0;0;0;0;0;0;0;0;0;0;3687;0;0;95;0;200;0;
9129;6032854;1060249600;23674880;1201897472;0;0;0;0;0;0;0;0;0;0;0;2685;0;0;95;0;200;0;
9130;6556977;1060249600;23674880;1201897472;0;0;0;0;0;0;0;0;0;0;0;3336;0;0;95;0;200;0;
9131;2886844;1060249600;23674880;1201897472;0;0;0;0;0;0;0;0;0;0;0;2816;0;0;95;0;200;0;
9132;3455400;1060249600;23674880;1201897472;0;0;0;0;0;0;0;0;0;0;0;3566;0;0;95;0;200;0;
9133;3680162;1060249600;23674880;1201897472;0;0;0;0;0;0;0;0;0;0;0;3166;0;0;95;0;200;0;
9134;10294947;1060249600;23674880;1201897472;0;0;0;0;0;0;0;0;0;0;0;3316;0;0;95;0;200;0;
9135;3729564;1060249600;23674880;1201897472;0;0;0;0;0;0;0;0;0;0;0;2926;0;0;95;0;200;0;
9136;4178536;1060249600;23674880;1201897472;0;0;0;0;0;0;0;0;0;0;0;2866;0;0;95;0;200;0;
9137;4700315;1060249600;23674880;1201897472;0;0;0;0;0;0;0;0;0;0;0;4248;0;0;95;0;200;0;
9138;4890111;1060249600;23674880;1201897472;0;0;0;0;0;0;0;0;0;0;0;3116;0;0;95;0;200;0;
9139;2434947;1060249600;23674880;1201897472;0;0;0;0;0;0;0;0;0;0;0;2064;0;0;95;0;200;0;
9140;9486541;1060249600;23674880;1201897472;0;0;0;0;0;0;0;0;0;0;0;3396;0;0;95;0;200;0;
9141;4873710;1060249600;23674880;1201897472;0;0;0;0;0;0;0;0;0;0;0;3497;0;0;95;0;200;0;
9142;3498732;1060249600;23674880;1201897472;0;0;0;0;0;0;0;0;0;0;0;3467;0;0;95;0;200;0;
9143;4661282;1060249600;23674880;1201897472;0;0;0;0;0;0;0;0;0;0;0;2955;0;0;95;0;200;0;
9144;5745765;1060249600;23674880;1201897472;0;0;0;0;0;0;0;0;0;0;0;3797;0;0;95;0;200;0;
9145;3788184;1060249600;23674880;1201897472;0;0;0;0;0;0;0;0;0;0;0;3636;0;0;95;0;200;0;
9146;9102901;1060249600;23674880;1201897472;0;0;0;0;0;0;0;0;0;0;0;3537;0;0;95;0;200;0;
9147;7795570;1060249600;23674880;1201897472;0;0;0;0;0;0;0;0;0;0;0;4018;0;0;95;0;200;0;
9148;4069071;1060249600;23674880;1201897472;0;0;0;0;0;0;0;0;0;0;0;2795;0;0;95;0;200;0;
9149;5725297;1060249600;23674880;1201897472;0;0;0;0;0;0;0;0;0;0;0;3426;0;0;95;0;200;0;
9150;6072739;1060249600;23674880;1201897472;0;0;0;0;0;0;0;0;0;0;0;4128;0;0;95;0;200;0;
9151;3027658;1060249600;23674880;1201897472;0;0;0;0;0;0;0;0;0;0;0;26710;0;0;95;0;200;0;
9152;9192570;1060249600;23674880;1201897472;0;0;0;0;0;0;0;0;0;0;0;3256;0;0;95;0;200;0;
9153;5817009;1060249600;23674880;1201897472;0;0;0;0;0;0;0;0;0;0;0;2956;0;0;95;0;200;0;
9154;5231782;1060249600;23674880;1201897472;0;0;0;0;0;0;0;0;0;0;0;3877;0;0;95;0;200;0;
9155;5842316;1060249600;23674880;1201897472;0;0;0;0;0;0;0;0;0;0;0;3487;0;0;95;0;200;0;
9156;3391440;1060249600;23674880;1201897472;0;0;0;0;0;0;0;0;0;0;0;3046;0;0;95;0;200;0;
9157;3118077;1060249600;23674880;1201897472;0;0;0;0;0;0;0;0;0;0;0;4218;0;0;95;0;200;0;
9158;9739184;1060249600;23674880;1201897472;0;0;0;0;0;0;0;0;0;0;0;3256;0;0;95;0;200;0;
9159;5720768;1060249600;23674880;1201897472;0;0;0;0;0;0;0;0;0;0;0;3617;0;0;95;0;200;0;
9160;5617204;1060249600;23674880;1201897472;0;0;0;0;0;0;0;0;0;0;0;3697;0;0;95;0;200;0;
9161;3287666;1060249600;23674880;1201897472;0;0;0;0;0;0;0;0;0;0;0;3366;0;0;95;0;200;0;
9162;5468124;1060249600;23674880;1201897472;0;0;0;0;0;0;0;0;0;0;0;3897;0;0;95;0;200;0;
9163;1764269;1060249600;23674880;1201897472;0;0;0;0;0;0;0;0;0;0;0;3006;0;0;95;0;200;0;
9164;8391568;1060249600;23674880;1201897472;0;0;0;0;0;0;0;0;0;0;0;3797;0;0;95;0;200;0;
9165;6635294;1060249600;23674880;1201897472;0;0;0;0;0;0;0;0;0;0;0;4238;0;0;95;0;200;0;
9166;3886769;1060249600;23674880;1201897472;0;0;0;0;0;0;0;0;0;0;0;2935;0;0;95;0;200;0;
9167;6117453;1060249600;23674880;1201897472;0;0;0;0;0;0;0;0;0;0;0;3808;0;0;95;0;200;0;
9168;5472914;1060249600;23674880;1201897472;0;0;0;0;0;0;0;0;0;0;0;3737;0;0;95;0;200;0;
9169;1850190;1060249600;23674880;1201897472;0;0;0;0;0;0;0;0;0;0;0;2886;0;0;95;0;200;0;
9170;9092793;1060249600;23674880;1201897472;0;0;0;0;0;0;0;0;0;0;0;3096;0;0;95;0;200;0;
9171;6316887;1060249600;23674880;1201897472;0;0;0;0;0;0;0;0;0;0;0;2906;0;0;95;0;200;0;
9172;4585289;1060249600;23674880;1201897472;0;0;0;0;0;0;0;0;0;0;0;3076;0;0;95;0;200;0;
9173;5287977;1060249600;23674880;1201897472;0;0;0;0;0;0;0;0;0;0;0;3666;0;0;95;0;200;0;
9174;3444870;1060249600;23674880;1201897472;0;0;0;0;0;0;0;0;0;0;0;2455;0;0;95;0;200;0;
9175;2762321;1060249600;23674880;1201897472;0;0;0;0;0;0;0;0;0;0;0;2204;0;0;95;0;200;0;
9176;8232790;1060249600;23674880;1201897472;0;0;0;0;0;0;0;0;0;0;0;2916;0;0;95;0;200;0;
9177;7531424;1060249600;23674880;1201897472;0;0;0;0;0;0;0;0;0;0;0;3947;0;0;95;0;200;0;
9178;4677372;1060249600;23674880;1201897472;0;0;0;0;0;0;0;0;0;0;0;3917;0;0;95;0;200;0;
9179;4997222;1060249600;23674880;1201897472;0;0;0;0;0;0;0;0;0;0;0;3757;0;0;95;0;200;0;
9180;5192208;1060249600;23674880;1201897472;0;0;0;0;0;0;0;0;0;0;0;3727;0;0;95;0;200;0;
9181;3330115;1060249600;23674880;1201897472;0;0;0;0;0;0;0;0;0;0;0;3437;0;0;95;0;200;0;
9182;9587050;1060249600;23674880;1201897472;0;0;0;0;0;0;0;0;0;0;0;3257;0;0;95;0;200;0;
9183;4911561;1060249600;23674880;1201897472;0;0;0;0;0;0;0;0;0;0;0;2635;0;0;95;0;200;0;
9184;5340526;1060249600;23674880;1201897472;0;0;0;0;0;0;0;0;0;0;0;3487;0;0;95;0;200;0;
9185;5181828;1060249600;23674880;1201897472;0;0;0;0;0;0;0;0;0;0;0;2926;0;0;95;0;200;0;
9186;4692380;1060249600;23674880;1201897472;0;0;0;0;0;0;0;0;0;0;0;10269;0;0;95;0;200;0;
9187;4550564;1060249600;23674880;1201897472;0;0;0;0;0;0;0;0;0;0;0;2915;0;0;95;0;200;0;
9188;9150010;1060249600;23674880;1201897472;0;0;0;0;0;0;0;0;0;0;0;3576;0;0;95;0;200;0;
9189;9583292;1060249600;23674880;1201897472;0;0;0;0;0;0;0;0;0;0;0;3276;0;0;95;0;200;0;
9190;4934394;1060249600;23674880;1201897472;0;0;0;0;0;0;0;0;0;0;0;3025;0;0;95;0;200;0;
9191;5513631;1060249600;23674880;1201897472;0;0;0;0;0;0;0;0;0;0;0;3427;0;0;95;0;200;0;
9192;4146606;1060249600;23674880;1201897472;0;0;0;0;0;0;0;0;0;0;0;3887;0;0;95;0;200;0;
9193;3574684;1060249600;23674880;1201897472;0;0;0;0;0;0;0;0;0;0;0;2765;0;0;95;0;200;0;
9194;7189883;1060249600;23674880;1201897472;0;0;0;0;0;0;0;0;0;0;0;2825;0;0;95;0;200;0;
9195;7874949;1060249600;23674880;1201897472;0;0;0;0;0;0;0;0;0;0;0;3587;0;0;95;0;200;0;
9196;4027703;1060249600;23674880;1201897472;0;0;0;0;0;0;0;0;0;0;0;2765;0;0;95;0;200;0;
9197;3552231;1060249600;23674880;1201897472;0;0;0;0;0;0;0;0;0;0;0;2885;0;0;95;0;200;0;
9198;4242797;1060249600;23674880;1201897472;0;0;0;0;0;0;0;0;0;0;0;24466;0;0;95;0;200;0;
9199;2589706;1060249600;23674880;1201897472;0;0;0;0;0;0;0;0;0;0;0;2185;0;0;95;0;200;0;
9200;9562714;1060249600;23674880;1201897472;0;0;0;0;0;0;0;0;0;0;0;2795;0;0;95;0;200;0;
9201;4919977;1060249600;23674880;1201897472;0;0;0;0;0;0;0;0;0;0;0;2555;0;0;95;0;200;0;
9202;4048152;1060249600;23674880;1201897472;0;0;0;0;0;0;0;0;0;0;0;2384;0;0;95;0;200;0;
9203;4767681;1060249600;23674880;1201897472;0;0;0;0;0;0;0;0;0;0;0;3026;0;0;95;0;200;0;
9204;3731879;1060249600;23674880;1201897472;0;0;0;0;0;0;0;0;0;0;0;2685;0;0;95;0;200;0;
9205;2439716;1060249600;23674880;1201897472;0;0;0;0;0;0;0;0;0;0;0;2214;0;0;95;0;200;0;
9206;9343072;1060249600;23674880;1201897472;0;0;0;0;0;0;0;0;0;0;0;3637;0;0;95;0;200;0;
9207;3033709;1060249600;23674880;1201897472;0;0;0;0;0;0;0;0;0;0;0;1993;0;0;95;0;200;0;
9208;2287891;1060249600;23674880;1201897472;0;0;0;0;0;0;0;0;0;0;0;1593;0;0;95;0;200;0;
9209;2614233;1060249600;23674880;1201897472;0;0;0;0;0;0;0;0;0;0;0;3085;0;0;95;0;200;0;
9210;5958084;1060249600;23674880;1201897472;0;0;0;0;0;0;0;0;0;0;0;2926;0;0;95;0;200;0;
9211;3817689;1060249600;23674880;1201897472;0;0;0;0;0;0;0;0;0;0;0;2926;0;0;95;0;200;0;
9212;7530543;1060249600;23674880;1201897472;0;0;0;0;0;0;0;0;0;0;0;2725;0;0;95;0;200;0;
9213;4459133;1060249600;23674880;1201897472;0;0;0;0;0;0;0;0;0;0;0;3056;0;0;95;0;200;0;
9214;2581782;1060249600;23674880;1201897472;0;0;0;0;0;0;0;0;0;0;0;2084;0;0;95;0;200;0;
9215;2078458;1060249600;23674880;1201897472;0;0;0;0;0;0;0;0;0;0;0;1723;0;0;95;0;200;0;
9216;3158774;1060249600;23674880;1201897472;0;0;0;0;0;0;0;0;0;0;0;3557;0;0;95;0;200;0;
9217;3632132;1060249600;23674880;1201897472;0;0;0;0;0;0;0;0;0;0;0;3076;0;0;95;0;200;0;
9218;6740110;1060249600;23674880;1201897472;0;0;0;0;0;0;0;0;0;0;0;26640;0;0;95;0;200;0;
9219;4204104;1060249600;23674880;1201897472;0;0;0;0;0;0;0;0;0;0;0;5981;0;0;95;0;200;0;
9220;3761484;1060249600;23674880;1201897472;0;0;0;0;0;0;0;0;0;0;0;3636;0;0;95;0;200;0;
9221;2828475;1060249600;23674880;1201897472;0;0;0;0;0;0;0;0;0;0;0;3036;0;0;95;0;200;0;
9222;2339578;1060249600;23674880;1201897472;0;0;0;0;0;0;0;0;0;0;0;1593;0;0;95;0;200;0;
9223;1827117;1060249600;23674880;1201897472;0;0;0;0;0;0;0;0;0;0;0;1532;0;0;95;0;200;0;
9224;8388061;1060249600;23674880;1201897472;0;0;0;0;0;0;0;0;0;0;0;2885;0;0;95;0;200;0;
9225;5385139;1060249600;23674880;1201897472;0;0;0;0;0;0;0;0;0;0;0;2564;0;0;95;0;200;0;
9226;6827844;1060249600;23674880;1201897472;0;0;0;0;0;0;0;0;0;0;0;3696;0;0;95;0;200;0;
9227;3756154;1060249600;23674880;1201897472;0;0;0;0;0;0;0;0;0;0;0;2585;0;0;95;0;200;0;
9228;2365707;1060249600;23674880;1201897472;0;0;0;0;0;0;0;0;0;0;0;2224;0;0;95;0;200;0;
9229;3076400;1060249600;23674880;1201897472;0;0;0;0;0;0;0;0;0;0;0;2785;0;0;95;0;200;0;
9230;10401707;1060249600;23674880;1201897472;0;0;0;0;0;0;0;0;0;0;0;3266;0;0;95;0;200;0;
9231;4742574;1060249600;23678976;1201901568;0;0;0;0;0;0;0;0;0;0;0;3557;0;0;95;0;200;0;
9232;3700550;1060249600;23678976;1201901568;0;0;0;0;0;0;0;0;0;0;0;2845;0;0;95;0;200;0;
9233;2837661;1060249600;23678976;1201901568;0;0;0;0;0;0;0;0;0;0;0;3556;0;0;95;0;200;0;
9234;2422143;1060249600;23678976;1201901568;0;0;0;0;0;0;0;0;0;0;0;2174;0;0;95;0;200;0;
9235;2093827;1060249600;23678976;1201901568;0;0;0;0;0;0;0;0;0;0;0;1793;0;0;95;0;200;0;
9236;9383398;1060249600;23678976;1201901568;0;0;0;0;0;0;0;0;0;0;0;3747;0;0;95;0;200;0;
9237;4526409;1060249600;23678976;1201901568;0;0;0;0;0;0;0;0;0;0;0;2494;0;0;95;0;200;0;
9238;3692013;1060249600;23678976;1201901568;0;0;0;0;0;0;0;0;0;0;0;2425;0;0;95;0;200;0;
9239;4082717;1060249600;23678976;1201901568;0;0;0;0;0;0;0;0;0;0;0;3687;0;0;95;0;200;0;
9240;4244470;1060249600;23678976;1201901568;0;0;0;0;0;0;0;0;0;0;0;3536;0;0;95;0;200;0;
9241;1848407;1060249600;23678976;1201901568;0;0;0;0;0;0;0;0;0;0;0;1944;0;0;95;0;200;0;
9242;11015548;1060249600;23678976;1201901568;0;0;0;0;0;0;0;0;0;0;0;2745;0;0;95;0;200;0;
9243;2988985;1060249600;23678976;1201901568;0;0;0;0;0;0;0;0;0;0;0;3045;0;0;95;0;200;0;
9244;4184387;1060249600;23674880;1201897472;0;0;0;0;0;0;0;0;0;0;0;2494;0;0;95;0;200;0;
9245;3306260;1060249600;23674880;1201897472;0;0;0;0;0;0;0;0;0;0;0;3146;0;0;95;0;200;0;
9246;3709878;1060249600;23674880;1201897472;0;0;0;0;0;0;0;0;0;0;0;2915;0;0;95;0;200;0;
9247;2468048;1060249600;23674880;1201897472;0;0;0;0;0;0;0;0;0;0;0;2845;0;0;95;0;200;0;
9248;7235219;1060249600;23674880;1201897472;0;0;0;0;0;0;0;0;0;0;0;3506;0;0;95;0;200;0;
9249;3790519;1060249600;23674880;1201897472;0;0;0;0;0;0;0;0;0;0;0;27612;0;0;95;0;200;0;
9250;3366663;1060249600;23674880;1201897472;0;0;0;0;0;0;0;0;0;0;0;2635;0;0;95;0;200;0;
9251;2906501;1060249600;23674880;1201897472;0;0;0;0;0;0;0;0;0;0;0;3807;0;0;95;0;200;0;
9252;4073710;1060249600;23674880;1201897472;0;0;0;0;0;0;0;0;0;0;0;3547;0;0;95;0;200;0;
9253;2910719;1060249600;23674880;1201897472;0;0;0;0;0;0;0;0;0;0;0;2164;0;0;95;0;200;0;
9254;11290163;1060249600;23674880;1201897472;0;0;0;0;0;0;0;0;0;0;0;3296;0;0;95;0;200;0;
9255;6529575;1060249600;23674880;1201897472;0;0;0;0;0;0;0;0;0;0;0;3146;0;0;95;0;200;0;
9256;5999091;1060249600;23674880;1201897472;0;0;0;0;0;0;0;0;0;0;0;3536;0;0;95;0;200;0;
9257;3826476;1060249600;23674880;1201897472;0;0;0;0;0;0;0;0;0;0;0;3005;0;0;95;0;200;0;
9258;5914511;1060249600;23674880;1201897472;0;0;0;0;0;0;0;0;0;0;0;2956;0;0;95;0;200;0;
9259;3657850;1060249600;23674880;1201897472;0;0;0;0;0;0;0;0;0;0;0;3106;0;0;95;0;200;0;
9260;6371239;1060249600;23674880;1201897472;0;0;0;0;0;0;0;0;0;0;0;3687;0;0;95;0;200;0;
9261;5437207;1060249600;23674880;1201897472;0;0;0;0;0;0;0;0;0;0;0;3877;0;0;95;0;200;0;
9262;4682953;1060249600;23674880;1201897472;0;0;0;0;0;0;0;0;0;0;0;3697;0;0;95;0;200;0;
9263;4141927;1060249600;23674880;1201897472;0;0;0;0;0;0;0;0;0;0;0;3175;0;0;95;0;200;0;
9264;4195980;1060249600;23674880;1201897472;0;0;0;0;0;0;0;0;0;0;0;3326;0;0;95;0;200;0;
9265;5659955;1060249600;23674880;1201897472;0;0;0;0;0;0;0;0;0;0;0;4138;0;0;95;0;200;0;
9266;7592870;1060249600;23674880;1201897472;0;0;0;0;0;0;0;0;0;0;0;3907;0;0;95;0;200;0;
9267;4488328;1060249600;23674880;1201897472;0;0;0;0;0;0;0;0;0;0;0;3046;0;0;95;0;200;0;
9268;3751416;1060249600;23674880;1201897472;0;0;0;0;0;0;0;0;0;0;0;2575;0;0;95;0;200;0;
9269;3639947;1060249600;23674880;1201897472;0;0;0;0;0;0;0;0;0;0;0;3667;0;0;95;0;200;0;
9270;4075082;1060249600;23674880;1201897472;0;0;0;0;0;0;0;0;0;0;0;3136;0;0;95;0;200;0;
9271;5531183;1060249600;23674880;1201897472;0;0;0;0;0;0;0;0;0;0;0;3597;0;0;95;0;200;0;
9272;8507996;1060249600;23674880;1201897472;0;0;0;0;0;0;0;0;0;0;0;2635;0;0;95;0;200;0;
9273;5288297;1060249600;23674880;1201897472;0;0;0;0;0;0;0;0;0;0;0;3687;0;0;95;0;200;0;
9274;5269883;1060249600;23674880;1201897472;0;0;0;0;0;0;0;0;0;0;0;2775;0;0;95;0;200;0;
9275;3674501;1060249600;23674880;1201897472;0;0;0;0;0;0;0;0;0;0;0;3156;0;0;95;0;200;0;
9276;5623567;1060249600;23674880;1201897472;0;0;0;0;0;0;0;0;0;0;0;4478;0;0;95;0;200;0;
9277;4763975;1060249600;23674880;1201897472;0;0;0;0;0;0;0;0;0;0;0;2836;0;0;95;0;200;0;
9278;7871963;1060249600;23674880;1201897472;0;0;0;0;0;0;0;0;0;0;0;4428;0;0;95;0;200;0;
9279;4949141;1060249600;23674880;1201897472;0;0;0;0;0;0;0;0;0;0;0;2915;0;0;95;0;200;0;
9280;5037447;1060249600;23674880;1201897472;0;0;0;0;0;0;0;0;0;0;0;4007;0;0;95;0;200;0;
9281;2912432;1060249600;23674880;1201897472;0;0;0;0;0;0;0;0;0;0;0;4038;0;0;95;0;200;0;
9282;4071395;1060249600;23674880;1201897472;0;0;0;0;0;0;0;0;0;0;0;7394;0;0;95;0;200;0;
9283;5153204;1060249600;23674880;1201897472;0;0;0;0;0;0;0;0;0;0;0;2805;0;0;95;0;200;0;
9284;7224679;1060249600;23674880;1201897472;0;0;0;0;0;0;0;0;0;0;0;3447;0;0;95;0;200;0;
9285;4993284;1060249600;23674880;1201897472;0;0;0;0;0;0;0;0;0;0;0;3176;0;0;95;0;200;0;
9286;4366038;1060249600;23674880;1201897472;0;0;0;0;0;0;0;0;0;0;0;3186;0;0;95;0;200;0;
9287;3647099;1060249600;23674880;1201897472;0;0;0;0;0;0;0;0;0;0;0;3186;0;0;95;0;200;0;
9288;5529049;1060249600;23674880;1201897472;0;0;0;0;0;0;0;0;0;0;0;3737;0;0;95;0;200;0;
9289;4081585;1060249600;23674880;1201897472;0;0;0;0;0;0;0;0;0;0;0;3466;0;0;95;0;200;0;
9290;8074854;1060249600;23674880;1201897472;0;0;0;0;0;0;0;0;0;0;0;3106;0;0;95;0;200;0;
9291;6216409;1060249600;23674880;1201897472;0;0;0;0;0;0;0;0;0;0;0;4438;0;0;95;0;200;0;
9292;4695926;1060249600;23674880;1201897472;0;0;0;0;0;0;0;0;0;0;0;3567;0;0;95;0;200;0;
9293;3486949;1060249600;23674880;1201897472;0;0;0;0;0;0;0;0;0;0;0;3045;0;0;95;0;200;0;
9294;6202402;1060249600;23674880;1201897472;0;0;0;0;0;0;0;0;0;0;0;3115;0;0;95;0;200;0;
9295;5312273;1060249600;23674880;1201897472;0;0;0;0;0;0;0;0;0;0;0;3526;0;0;95;0;200;0;
9296;8724371;1060249600;23674880;1201897472;0;0;0;0;0;0;0;0;0;0;0;3566;0;0;95;0;200;0;
9297;6197292;1060249600;23674880;1201897472;0;0;0;0;0;0;0;0;0;0;0;3857;0;0;95;0;200;0;
9298;4973989;1060249600;23674880;1201897472;0;0;0;0;0;0;0;0;0;0;0;3627;0;0;95;0;200;0;
9299;3668721;1060249600;23674880;1201897472;0;0;0;0;0;0;0;0;0;0;0;3056;0;0;95;0;200;0;
9300;4992022;1060249600;23674880;1201897472;0;0;0;0;0;0;0;0;0;0;0;3536;0;0;95;0;200;0;
9301;4859884;1060249600;23674880;1201897472;0;0;0;0;0;0;0;0;0;0;0;3587;0;0;95;0;200;0;
9302;8120098;1060249600;23674880;1201897472;0;0;0;0;0;0;0;0;0;0;0;3777;0;0;95;0;200;0;
9303;6497585;1060249600;23674880;1201897472;0;0;0;0;0;0;0;0;0;0;0;60994;0;0;95;0;200;0;
9304;4539503;1060249600;23674880;1201897472;0;0;0;0;0;0;0;0;0;0;0;3457;0;0;95;0;200;0;
9305;4236035;1060249600;23674880;1201897472;0;0;0;0;0;0;0;0;0;0;0;2895;0;0;95;0;200;0;
9306;4406283;1060249600;23674880;1201897472;0;0;0;0;0;0;0;0;0;0;0;3226;0;0;95;0;200;0;
9307;3394986;1060249600;23674880;1201897472;0;0;0;0;0;0;0;0;0;0;0;3587;0;0;95;0;200;0;
9308;10126491;1060249600;23674880;1201897472;0;0;0;0;0;0;0;0;0;0;0;3416;0;0;95;0;200;0;
9309;7253193;1060249600;23674880;1201897472;0;0;0;0;0;0;0;0;0;0;0;4368;0;0;95;0;200;0;
9310;4250241;1060249600;23674880;1201897472;0;0;0;0;0;0;0;0;0;0;0;3256;0;0;95;0;200;0;
9311;4100751;1060249600;23674880;1201897472;0;0;0;0;0;0;0;0;0;0;0;3026;0;0;95;0;200;0;
9312;5400839;1060249600;23674880;1201897472;0;0;0;0;0;0;0;0;0;0;0;4038;0;0;95;0;200;0;
9313;4528373;1060249600;23674880;1201897472;0;0;0;0;0;0;0;0;0;0;0;3517;0;0;95;0;200;0;
9314;9239898;1060249600;23674880;1201897472;0;0;0;0;0;0;0;0;0;0;0;3346;0;0;95;0;200;0;
9315;4052330;1060249600;23674880;1201897472;0;0;0;0;0;0;0;0;0;0;0;3277;0;0;95;0;200;0;
9316;5111136;1060249600;23674880;1201897472;0;0;0;0;0;0;0;0;0;0;0;4178;0;0;95;0;200;0;
9317;4114646;1060249600;23674880;1201897472;0;0;0;0;0;0;0;0;0;0;0;4038;0;0;95;0;200;0;
9318;4378992;1060249600;23674880;1201897472;0;0;0;0;0;0;0;0;0;0;0;3286;0;0;95;0;200;0;
9319;4338687;1060249600;23674880;1201897472;0;0;0;0;0;0;0;0;0;0;0;4128;0;0;95;0;200;0;
9320;10308041;1060249600;23674880;1201897472;0;0;0;0;0;0;0;0;0;0;0;4990;0;0;95;0;200;0;
9321;5179795;1060249600;23674880;1201897472;0;0;0;0;0;0;0;0;0;0;0;2936;0;0;95;0;200;0;
9322;3478553;1060249600;23674880;1201897472;0;0;0;0;0;0;0;0;0;0;0;2545;0;0;95;0;200;0;
9323;4729660;1060249600;23674880;1201897472;0;0;0;0;0;0;0;0;0;0;0;3035;0;0;95;0;200;0;
9324;6199837;1060249600;23674880;1201897472;0;0;0;0;0;0;0;0;0;0;0;3246;0;0;95;0;200;0;
9325;4442742;1060249600;23674880;1201897472;0;0;0;0;0;0;0;0;0;0;0;3566;0;0;95;0;200;0;
9326;8916692;1060249600;23678976;1201901568;0;0;0;0;0;0;0;0;0;0;0;3657;0;0;95;0;200;0;
9327;5872363;1060249600;23683072;1201905664;0;0;0;0;0;0;0;0;0;0;0;3226;0;0;95;0;200;0;
9328;5725548;1060249600;23683072;1201905664;0;0;0;0;0;0;0;0;0;0;0;3346;0;0;95;0;200;0;
9329;2844294;1060249600;23683072;1201905664;0;0;0;0;0;0;0;0;0;0;0;3606;0;0;95;0;200;0;
9330;4306005;1060249600;23683072;1201905664;0;0;0;0;0;0;0;0;0;0;0;3166;0;0;95;0;200;0;
9331;3774188;1060249600;23683072;1201905664;0;0;0;0;0;0;0;0;0;0;0;3978;0;0;95;0;200;0;
9332;7654175;1060249600;23683072;1201905664;0;0;0;0;0;0;0;0;0;0;0;3296;0;0;95;0;200;0;
9333;5587819;1060249600;23683072;1201905664;0;0;0;0;0;0;0;0;0;0;0;3747;0;0;95;0;200;0;
9334;5762377;1060249600;23683072;1201905664;0;0;0;0;0;0;0;0;0;0;0;3437;0;0;95;0;200;0;
9335;3587288;1060249600;23683072;1201905664;0;0;0;0;0;0;0;0;0;0;0;3737;0;0;95;0;200;0;
9336;3163934;1060249600;23683072;1201905664;0;0;0;0;0;0;0;0;0;0;0;2855;0;0;95;0;200;0;
9337;5092821;1060249600;23683072;1201905664;0;0;0;0;0;0;0;0;0;0;0;3687;0;0;95;0;200;0;
9338;8650243;1060249600;23683072;1201905664;0;0;0;0;0;0;0;0;0;0;0;3426;0;0;95;0;200;0;
9339;4415460;1060249600;23683072;1201905664;0;0;0;0;0;0;0;0;0;0;0;3517;0;0;95;0;200;0;
9340;3797111;1060249600;23674880;1201897472;0;0;0;0;0;0;0;0;0;0;0;3707;0;0;95;0;200;0;
9341;4152287;1060249600;23674880;1201897472;0;0;0;0;0;0;0;0;0;0;0;3577;0;0;95;0;200;0;
9342;3014463;1060249600;23674880;1201897472;0;0;0;0;0;0;0;0;0;0;0;2755;0;0;95;0;200;0;
9343;3878434;1060249600;23674880;1201897472;0;0;0;0;0;0;0;0;0;0;0;3456;0;0;95;0;200;0;
9344;8704084;1060249600;23674880;1201897472;0;0;0;0;0;0;0;0;0;0;0;3516;0;0;95;0;200;0;
9345;6734771;1060249600;23674880;1201897472;0;0;0;0;0;0;0;0;0;0;0;3406;0;0;95;0;200;0;
9346;5376893;1060249600;23674880;1201897472;0;0;0;0;0;0;0;0;0;0;0;3166;0;0;95;0;200;0;
9347;5259263;1060249600;23674880;1201897472;0;0;0;0;0;0;0;0;0;0;0;2955;0;0;95;0;200;0;
9348;5324365;1060249600;23674880;1201897472;0;0;0;0;0;0;0;0;0;0;0;4559;0;0;95;0;200;0;
9349;4986862;1060249600;23674880;1201897472;0;0;0;0;0;0;0;0;0;0;0;3587;0;0;95;0;200;0;
9350;10174632;1060249600;23674880;1201897472;0;0;0;0;0;0;0;0;0;0;0;2786;0;0;95;0;200;0;
9351;3511947;1060249600;23674880;1201897472;0;0;0;0;0;0;0;0;0;0;0;2395;0;0;95;0;200;0;
9352;4102975;1060249600;23674880;1201897472;0;0;0;0;0;0;0;0;0;0;0;3366;0;0;95;0;200;0;
9353;3368137;1060249600;23674880;1201897472;0;0;0;0;0;0;0;0;0;0;0;2765;0;0;95;0;200;0;
9354;4967145;1060249600;23674880;1201897472;0;0;0;0;0;0;0;0;0;0;0;3186;0;0;95;0;200;0;
9355;3499102;1060249600;23674880;1201897472;0;0;0;0;0;0;0;0;0;0;0;2695;0;0;95;0;200;0;
9356;7485207;1060249600;23674880;1201897472;0;0;0;0;0;0;0;0;0;0;0;3337;0;0;95;0;200;0;
9357;6180752;1060249600;23674880;1201897472;0;0;0;0;0;0;0;0;0;0;0;3267;0;0;95;0;200;0;
9358;4276641;1060249600;23674880;1201897472;0;0;0;0;0;0;0;0;0;0;0;2936;0;0;95;0;200;0;
9359;2335019;1060249600;23674880;1201897472;0;0;0;0;0;0;0;0;0;0;0;2765;0;0;95;0;200;0;
9360;4242246;1060249600;23674880;1201897472;0;0;0;0;0;0;0;0;0;0;0;4608;0;0;95;0;200;0;
9361;4334680;1060249600;23674880;1201897472;0;0;0;0;0;0;0;0;0;0;0;3908;0;0;95;0;200;0;
9362;8367011;1060249600;23674880;1201897472;0;0;0;0;0;0;0;0;0;0;0;2585;0;0;95;0;200;0;
9363;3822258;1060249600;23674880;1201897472;0;0;0;0;0;0;0;0;0;0;0;3065;0;0;95;0;200;0;
9364;5919562;1060249600;23674880;1201897472;0;0;0;0;0;0;0;0;0;0;0;3347;0;0;95;0;200;0;
9365;3508099;1060249600;23674880;1201897472;0;0;0;0;0;0;0;0;0;0;0;3156;0;0;95;0;200;0;
9366;3110584;1060249600;23674880;1201897472;0;0;0;0;0;0;0;0;0;0;0;2245;0;0;95;0;200;0;
9367;2335480;1060249600;23674880;1201897472;0;0;0;0;0;0;0;0;0;0;0;2295;0;0;95;0;200;0;
9368;9419034;1060249600;23674880;1201897472;0;0;0;0;0;0;0;0;0;0;0;3567;0;0;95;0;200;0;
9369;5632794;1060249600;23674880;1201897472;0;0;0;0;0;0;0;0;0;0;0;3767;0;0;95;0;200;0;
9370;4089590;1060249600;23674880;1201897472;0;0;0;0;0;0;0;0;0;0;0;2816;0;0;95;0;200;0;
9371;3909451;1060249600;23674880;1201897472;0;0;0;0;0;0;0;0;0;0;0;4107;0;0;95;0;200;0;
9372;6124515;1060249600;23674880;1201897472;0;0;0;0;0;0;0;0;0;0;0;3908;0;0;95;0;200;0;
9373;4482917;1060249600;23674880;1201897472;0;0;0;0;0;0;0;0;0;0;0;4007;0;0;95;0;200;0;
9374;10639473;1060249600;23674880;1201897472;0;0;0;0;0;0;0;0;0;0;0;3627;0;0;95;0;200;0;
9375;6783222;1060249600;23674880;1201897472;0;0;0;0;0;0;0;0;0;0;0;3807;0;0;95;0;200;0;
9376;4414078;1060249600;23674880;1201897472;0;0;0;0;0;0;0;0;0;0;0;3486;0;0;95;0;200;0;
9377;3389937;1060249600;23674880;1201897472;0;0;0;0;0;0;0;0;0;0;0;3236;0;0;95;0;200;0;
9378;5430955;1060249600;23674880;1201897472;0;0;0;0;0;0;0;0;0;0;0;3747;0;0;95;0;200;0;
9379;4122721;1060249600;23674880;1201897472;0;0;0;0;0;0;0;0;0;0;0;2454;0;0;95;0;200;0;
9380;9679522;1060249600;23674880;1201897472;0;0;0;0;0;0;0;0;0;0;0;7655;0;0;95;0;200;0;
9381;4989427;1060249600;23674880;1201897472;0;0;0;0;0;0;0;0;0;0;0;3587;0;0;95;0;200;0;
9382;6466387;1060249600;23674880;1201897472;0;0;0;0;0;0;0;0;0;0;0;4689;0;0;95;0;200;0;
9383;3974023;1060249600;23674880;1201897472;0;0;0;0;0;0;0;0;0;0;0;4688;0;0;95;0;200;0;
9384;5147794;1060249600;23674880;1201897472;0;0;0;0;0;0;0;0;0;0;0;3567;0;0;95;0;200;0;
9385;4678544;1060249600;23674880;1201897472;0;0;0;0;0;0;0;0;0;0;0;4228;0;0;95;0;200;0;
9386;9508793;1060249600;23674880;1201897472;0;0;0;0;0;0;0;0;0;0;0;3917;0;0;95;0;200;0;
9387;6470936;1060249600;23674880;1201897472;0;0;0;0;0;0;0;0;0;0;0;3847;0;0;95;0;200;0;
9388;4786457;1060249600;23674880;1201897472;0;0;0;0;0;0;0;0;0;0;0;3166;0;0;95;0;200;0;
9389;2699793;1060249600;23674880;1201897472;0;0;0;0;0;0;0;0;0;0;0;2425;0;0;95;0;200;0;
9390;5332160;1060249600;23674880;1201897472;0;0;0;0;0;0;0;0;0;0;0;9457;0;0;95;0;200;0;
9391;4542118;1060249600;23674880;1201897472;0;0;0;0;0;0;0;0;0;0;0;3156;0;0;95;0;200;0;
9392;7276136;1060249600;23674880;1201897472;0;0;0;0;0;0;0;0;0;0;0;3256;0;0;95;0;200;0;
9393;5705300;1060249600;23674880;1201897472;0;0;0;0;0;0;0;0;0;0;0;2645;0;0;95;0;200;0;
9394;3913189;1060249600;23674880;1201897472;0;0;0;0;0;0;0;0;0;0;0;3346;0;0;95;0;200;0;
9395;4166694;1060249600;23674880;1201897472;0;0;0;0;0;0;0;0;0;0;0;4458;0;0;95;0;200;0;
9396;4556786;1060249600;23674880;1201897472;0;0;0;0;0;0;0;0;0;0;0;4097;0;0;95;0;200;0;
9397;3630399;1060249600;23674880;1201897472;0;0;0;0;0;0;0;0;0;0;0;2965;0;0;95;0;200;0;
9398;8797799;1060249600;23674880;1201897472;0;0;0;0;0;0;0;0;0;0;0;2945;0;0;95;0;200;0;
9399;5382554;1060249600;23674880;1201897472;0;0;0;0;0;0;0;0;0;0;0;3206;0;0;95;0;200;0;
9400;3505975;1060249600;23674880;1201897472;0;0;0;0;0;0;0;0;0;0;0;2184;0;0;95;0;200;0;
9401;5723303;1060249600;23674880;1201897472;0;0;0;0;0;0;0;0;0;0;0;7565;0;0;95;0;200;0;
9402;5669583;1060249600;23674880;1201897472;0;0;0;0;0;0;0;0;0;0;0;3095;0;0;95;0;200;0;
9403;2786947;1060249600;23674880;1201897472;0;0;0;0;0;0;0;0;0;0;0;2836;0;0;95;0;200;0;
9404;9989444;1060249600;23674880;1201897472;0;0;0;0;0;0;0;0;0;0;0;9467;0;0;95;0;200;0;
9405;3712523;1060249600;23674880;1201897472;0;0;0;0;0;0;0;0;0;0;0;3266;0;0;95;0;200;0;
9406;5375762;1060249600;23674880;1201897472;0;0;0;0;0;0;0;0;0;0;0;3025;0;0;95;0;200;0;
9407;4728107;1060249600;23674880;1201897472;0;0;0;0;0;0;0;0;0;0;0;3186;0;0;95;0;200;0;
9408;5550760;1060249600;23674880;1201897472;0;0;0;0;0;0;0;0;0;0;0;4298;0;0;95;0;200;0;
9409;3572179;1060249600;23674880;1201897472;0;0;0;0;0;0;0;0;0;0;0;2835;0;0;95;0;200;0;
9410;9265686;1060249600;23674880;1201897472;0;0;0;0;0;0;0;0;0;0;0;3226;0;0;95;0;200;0;
9411;4859313;1060249600;23674880;1201897472;0;0;0;0;0;0;0;0;0;0;0;3336;0;0;95;0;200;0;
9412;6363824;1060249600;23674880;1201897472;0;0;0;0;0;0;0;0;0;0;0;3637;0;0;95;0;200;0;
9413;4235654;1060249600;23674880;1201897472;0;0;0;0;0;0;0;0;0;0;0;3566;0;0;95;0;200;0;
9414;3263610;1060249600;23674880;1201897472;0;0;0;0;0;0;0;0;0;0;0;2815;0;0;95;0;200;0;
9415;4951877;1060249600;23674880;1201897472;0;0;0;0;0;0;0;0;0;0;0;3557;0;0;95;0;200;0;
9416;10417397;1060249600;23674880;1201897472;0;0;0;0;0;0;0;0;0;0;0;3557;0;0;95;0;200;0;
9417;5410748;1060249600;23674880;1201897472;0;0;0;0;0;0;0;0;0;0;0;4278;0;0;95;0;200;0;
9418;6137009;1060245504;23670784;1201893376;0;0;0;0;0;0;0;0;0;0;0;3857;0;0;95;0;200;0;
9419;3183070;1060245504;23670784;1201893376;0;0;0;0;0;0;0;0;0;0;0;3517;0;0;95;0;200;0;
9420;6357613;1060245504;23670784;1201893376;0;0;0;0;0;0;0;0;0;0;0;6172;0;0;95;0;200;0;
9421;6004431;1060245504;23670784;1201893376;0;0;0;0;0;0;0;0;0;0;0;3837;0;0;95;0;200;0;
9422;7901638;1060245504;23670784;1201893376;0;0;0;0;0;0;0;0;0;0;0;3196;0;0;95;0;200;0;
9423;5892099;1060245504;23670784;1201893376;0;0;0;0;0;0;0;0;0;0;0;3407;0;0;95;0;200;0;
9424;7355093;1060245504;23670784;1201893376;0;0;0;0;0;0;0;0;0;0;0;4188;0;0;95;0;200;0;
9425;4045497;1060245504;23670784;1201893376;0;0;0;0;0;0;0;0;0;0;0;3917;0;0;95;0;200;0;
9426;4723518;1060245504;23670784;1201893376;0;0;0;0;0;0;0;0;0;0;0;3527;0;0;95;0;200;0;
9427;5553766;1060245504;23670784;1201893376;0;0;0;0;0;0;0;0;0;0;0;3035;0;0;95;0;200;0;
9428;7442879;1060245504;23670784;1201893376;0;0;0;0;0;0;0;0;0;0;0;3437;0;0;95;0;200;0;
9429;5849550;1060245504;23670784;1201893376;0;0;0;0;0;0;0;0;0;0;0;4098;0;0;95;0;200;0;
9430;6565814;1060245504;23670784;1201893376;0;0;0;0;0;0;0;0;0;0;0;3256;0;0;95;0;200;0;
9431;4962787;1060245504;23670784;1201893376;0;0;0;0;0;0;0;0;0;0;0;3346;0;0;95;0;200;0;
9432;5056152;1060245504;23670784;1201893376;0;0;0;0;0;0;0;0;0;0;0;4118;0;0;95;0;200;0;
9433;8120859;1060245504;23670784;1201893376;0;0;0;0;0;0;0;0;0;0;0;3747;0;0;95;0;200;0;
9434;5949707;1060245504;23670784;1201893376;0;0;0;0;0;0;0;0;0;0;0;4648;0;0;95;0;200;0;
9435;3641640;1060245504;23670784;1201893376;0;0;0;0;0;0;0;0;0;0;0;4127;0;0;95;0;200;0;
9436;5013543;1060245504;23670784;1201893376;0;0;0;0;0;0;0;0;0;0;0;4208;0;0;95;0;200;0;
9437;5360864;1060245504;23670784;1201893376;0;0;0;0;0;0;0;0;0;0;0;3306;0;0;95;0;200;0;
9438;9008865;1060245504;23670784;1201893376;0;0;0;0;0;0;0;0;0;0;0;4479;0;0;95;0;200;0;
9439;4843794;1060245504;23674880;1201897472;0;0;0;0;0;0;0;0;0;0;0;2825;0;0;95;0;200;0;
9440;4393229;1060245504;23674880;1201897472;0;0;0;0;0;0;0;0;0;0;0;4047;0;0;95;0;200;0;
9441;3584031;1060245504;23674880;1201897472;0;0;0;0;0;0;0;0;0;0;0;3867;0;0;95;0;200;0;
9442;4963539;1060245504;23674880;1201897472;0;0;0;0;0;0;0;0;0;0;0;3907;0;0;95;0;200;0;
9443;6911803;1060511744;23674880;1201897472;0;0;0;0;0;0;0;0;0;0;0;4077;0;0;95;0;200;0;
9444;5453708;1060511744;23678976;1201901568;0;0;0;0;0;0;0;0;0;0;0;4148;0;0;95;0;200;0;
9445;3495495;1060511744;23678976;1201901568;0;0;0;0;0;0;0;0;0;0;0;4328;0;0;95;0;200;0;
9446;4406094;1060511744;23678976;1201901568;0;0;0;0;0;0;0;0;0;0;0;3476;0;0;95;0;200;0;
9447;4188836;1060511744;23678976;1201901568;0;0;0;0;0;0;0;0;0;0;0;3497;0;0;95;0;200;0;
9448;7079957;1060511744;23678976;1201901568;0;0;0;0;0;0;0;0;0;0;0;3937;0;0;95;0;200;0;
9449;5001309;1060511744;23678976;1201901568;0;0;0;0;0;0;0;0;0;0;0;5019;0;0;95;0;200;0;
9450;3524791;1060511744;23678976;1201901568;0;0;0;0;0;0;0;0;0;0;0;3777;0;0;95;0;200;0;
9451;5970287;1060511744;23678976;1201901568;0;0;0;0;0;0;0;0;0;0;0;3567;0;0;95;0;200;0;
9452;5362447;1060511744;23678976;1201901568;0;0;0;0;0;0;0;0;0;0;0;3496;0;0;95;0;200;0;
9453;8768374;1060511744;23678976;1201901568;0;0;0;0;0;0;0;0;0;0;0;3927;0;0;95;0;200;0;
9454;5766223;1060528128;23674880;1201897472;0;0;0;0;0;0;0;0;0;0;0;3126;0;0;95;0;200;0;
9455;5790128;1060528128;23674880;1201897472;0;0;0;0;0;0;0;0;0;0;0;3436;0;0;95;0;200;0;
9456;5111737;1060528128;23674880;1201897472;0;0;0;0;0;0;0;0;0;0;0;3987;0;0;95;0;200;0;
9457;4049014;1060528128;23674880;1201897472;0;0;0;0;0;0;0;0;0;0;0;3126;0;0;95;0;200;0;
9458;7718575;1060528128;23674880;1201897472;0;0;0;0;0;0;0;0;0;0;0;3286;0;0;95;0;200;0;
9459;10956338;1060528128;23674880;1201897472;0;0;0;0;0;0;0;0;0;0;0;3987;0;0;95;0;200;0;
9460;6287863;1060528128;23674880;1201897472;0;0;0;0;0;0;0;0;0;0;0;3356;0;0;95;0;200;0;
9461;8467279;1060528128;23674880;1201897472;0;0;0;0;0;0;0;0;0;0;0;4419;0;0;95;0;200;0;
9462;5576358;1060528128;23674880;1201897472;0;0;0;0;0;0;0;0;0;0;0;4018;0;0;95;0;200;0;
9463;9421369;1060528128;23674880;1201897472;0;0;0;0;0;0;0;0;0;0;0;4228;0;0;95;0;200;0;
9464;6750670;1060528128;23674880;1201897472;0;0;0;0;0;0;0;0;0;0;0;3176;0;0;95;0;200;0;
9465;5591736;1060528128;23674880;1201897472;0;0;0;0;0;0;0;0;0;0;0;3085;0;0;95;0;200;0;
9466;5165457;1060528128;23674880;1201897472;0;0;0;0;0;0;0;0;0;0;0;4548;0;0;95;0;200;0;
9467;4779904;1060528128;23674880;1201897472;0;0;0;0;0;0;0;0;0;0;0;2414;0;0;95;0;200;0;
9468;8365198;1060528128;23674880;1201897472;0;0;0;0;0;0;0;0;0;0;0;3637;0;0;95;0;200;0;
9469;6407677;1060528128;23674880;1201897472;0;0;0;0;0;0;0;0;0;0;0;4058;0;0;95;0;200;0;
9470;5458156;1060528128;23674880;1201897472;0;0;0;0;0;0;0;0;0;0;0;3777;0;0;95;0;200;0;
9471;5552844;1060528128;23674880;1201897472;0;0;0;0;0;0;0;0;0;0;0;3377;0;0;95;0;200;0;
9472;5645838;1060528128;23674880;1201897472;0;0;0;0;0;0;0;0;0;0;0;3837;0;0;95;0;200;0;
9473;8173068;1060528128;23674880;1201897472;0;0;0;0;0;0;0;0;0;0;0;3547;0;0;95;0;200;0;
9474;6514617;1060528128;23674880;1201897472;0;0;0;0;0;0;0;0;0;0;0;3376;0;0;95;0;200;0;
9475;5029853;1060528128;23674880;1201897472;0;0;0;0;0;0;0;0;0;0;0;4067;0;0;95;0;200;0;
9476;6405002;1060528128;23674880;1201897472;0;0;0;0;0;0;0;0;0;0;0;3236;0;0;95;0;200;0;
9477;3643863;1060528128;23674880;1201897472;0;0;0;0;0;0;0;0;0;0;0;3737;0;0;95;0;200;0;
9478;7690342;1060528128;23674880;1201897472;0;0;0;0;0;0;0;0;0;0;0;2826;0;0;95;0;200;0;
9479;8106773;1060528128;23674880;1201897472;0;0;0;0;0;0;0;0;0;0;0;3727;0;0;95;0;200;0;
9480;5089775;1060528128;23674880;1201897472;0;0;0;0;0;0;0;0;0;0;0;4017;0;0;95;0;200;0;
9481;8096233;1060528128;23674880;1201897472;0;0;0;0;0;0;0;0;0;0;0;4288;0;0;95;0;200;0;
9482;5507589;1060528128;23674880;1201897472;0;0;0;0;0;0;0;0;0;0;0;3056;0;0;95;0;200;0;
9483;9357839;1060528128;23674880;1201897472;0;0;0;0;0;0;0;0;0;0;0;3126;0;0;95;0;200;0;
9484;9071523;1060528128;23674880;1201897472;0;0;0;0;0;0;0;0;0;0;0;2965;0;0;95;0;200;0;
9485;4458461;1060528128;23674880;1201897472;0;0;0;0;0;0;0;0;0;0;0;4118;0;0;95;0;200;0;
9486;5312733;1060528128;23674880;1201897472;0;0;0;0;0;0;0;0;0;0;0;4508;0;0;95;0;200;0;
9487;4155714;1060528128;23674880;1201897472;0;0;0;0;0;0;0;0;0;0;0;3737;0;0;95;0;200;0;
9488;7962423;1060528128;23674880;1201897472;0;0;0;0;0;0;0;0;0;0;0;4127;0;0;95;0;200;0;
9489;3937464;1060528128;23674880;1201897472;0;0;0;0;0;0;0;0;0;0;0;3376;0;0;95;0;200;0;
9490;2814718;1060528128;23674880;1201897472;0;0;0;0;0;0;0;0;0;0;0;2165;0;0;95;0;200;0;
9491;4919146;1060528128;23674880;1201897472;0;0;0;0;0;0;0;0;0;0;0;4077;0;0;95;0;200;0;
9492;4679967;1060528128;23674880;1201897472;0;0;0;0;0;0;0;0;0;0;0;2906;0;0;95;0;200;0;
9493;9083916;1060528128;23674880;1201897472;0;0;0;0;0;0;0;0;0;0;0;2745;0;0;95;0;200;0;
9494;4628721;1060528128;23674880;1201897472;0;0;0;0;0;0;0;0;0;0;0;3526;0;0;95;0;200;0;
9495;5238234;1060528128;23674880;1201897472;0;0;0;0;0;0;0;0;0;0;0;3626;0;0;95;0;200;0;
9496;7919632;1060528128;23674880;1201897472;0;0;0;0;0;0;0;0;0;0;0;3867;0;0;95;0;200;0;
9497;2022162;1060528128;23674880;1201897472;0;0;0;0;0;0;0;0;0;0;0;3447;0;0;95;0;200;0;
9498;7222886;1060528128;23674880;1201897472;0;0;0;0;0;0;0;0;0;0;0;2906;0;0;95;0;200;0;
9499;6427764;1060528128;23674880;1201897472;0;0;0;0;0;0;0;0;0;0;0;3426;0;0;95;0;200;0;
9500;4439757;1060528128;23674880;1201897472;0;0;0;0;0;0;0;0;0;0;0;3287;0;0;95;0;200;0;
9501;4802967;1060528128;23674880;1201897472;0;0;0;0;0;0;0;0;0;0;0;3867;0;0;95;0;200;0;
9502;4011864;1060528128;23674880;1201897472;0;0;0;0;0;0;0;0;0;0;0;3486;0;0;95;0;200;0;
9503;9637714;1060528128;23674880;1201897472;0;0;0;0;0;0;0;0;0;0;0;3617;0;0;95;0;200;0;
9504;5511766;1060528128;23674880;1201897472;0;0;0;0;0;0;0;0;0;0;0;3898;0;0;95;0;200;0;
9505;5457214;1060528128;23674880;1201897472;0;0;0;0;0;0;0;0;0;0;0;4178;0;0;95;0;200;0;
9506;4193314;1060528128;23674880;1201897472;0;0;0;0;0;0;0;0;0;0;0;3246;0;0;95;0;200;0;
9507;4133372;1060528128;23674880;1201897472;0;0;0;0;0;0;0;0;0;0;0;3166;0;0;95;0;200;0;
9508;10434689;1060528128;23674880;1201897472;0;0;0;0;0;0;0;0;0;0;0;4207;0;0;95;0;200;0;
9509;7620832;1060528128;23674880;1201897472;0;0;0;0;0;0;0;0;0;0;0;3025;0;0;95;0;200;0;
9510;7245548;1060528128;23674880;1201897472;0;0;0;0;0;0;0;0;0;0;0;3426;0;0;95;0;200;0;
9511;5717142;1060528128;23674880;1201897472;0;0;0;0;0;0;0;0;0;0;0;3206;0;0;95;0;200;0;
9512;5519310;1060528128;23674880;1201897472;0;0;0;0;0;0;0;0;0;0;0;3426;0;0;95;0;200;0;
9513;9882944;1060528128;23674880;1201897472;0;0;0;0;0;0;0;0;0;0;0;3216;0;0;95;0;200;0;
9514;11207498;1060528128;23674880;1201897472;0;0;0;0;0;0;0;0;0;0;0;3517;0;0;95;0;200;0;
9515;7465049;1060528128;23674880;1201897472;0;0;0;0;0;0;0;0;0;0;0;3627;0;0;95;0;200;0;
9516;10181244;1060528128;23674880;1201897472;0;0;0;0;0;0;0;0;0;0;0;3867;0;0;95;0;200;0;
9517;4214183;1060528128;23674880;1201897472;0;0;0;0;0;0;0;0;0;0;0;2635;0;0;95;0;200;0;
9518;8462160;1060528128;23674880;1201897472;0;0;0;0;0;0;0;0;0;0;0;4118;0;0;95;0;200;0;
9519;10609958;1060528128;23674880;1201897472;0;0;0;0;0;0;0;0;0;0;0;4278;0;0;95;0;200;0;
9520;5714727;1060528128;23674880;1201897472;0;0;0;0;0;0;0;0;0;0;0;2665;0;0;95;0;200;0;
9521;4216938;1060528128;23674880;1201897472;0;0;0;0;0;0;0;0;0;0;0;3516;0;0;95;0;200;0;
9522;2825048;1060528128;23674880;1201897472;0;0;0;0;0;0;0;0;0;0;0;2915;0;0;95;0;200;0;
9523;8839197;1060528128;23674880;1201897472;0;0;0;0;0;0;0;0;0;0;0;3637;0;0;95;0;200;0;
9524;5709889;1060528128;23674880;1201897472;0;0;0;0;0;0;0;0;0;0;0;3546;0;0;95;0;200;0;
9525;4722366;1060528128;23674880;1201897472;0;0;0;0;0;0;0;0;0;0;0;2836;0;0;95;0;200;0;
9526;3254042;1060528128;23674880;1201897472;0;0;0;0;0;0;0;0;0;0;0;2554;0;0;95;0;200;0;
9527;5303616;1060528128;23674880;1201897472;0;0;0;0;0;0;0;0;0;0;0;3276;0;0;95;0;200;0;
9528;8603174;1060528128;23674880;1201897472;0;0;0;0;0;0;0;0;0;0;0;3166;0;0;95;0;200;0;
9529;4940395;1060528128;23674880;1201897472;0;0;0;0;0;0;0;0;0;0;0;3407;0;0;95;0;200;0;
9530;6148520;1060528128;23674880;1201897472;0;0;0;0;0;0;0;0;0;0;0;3236;0;0;95;0;200;0;
9531;4051809;1060528128;23674880;1201897472;0;0;0;0;0;0;0;0;0;0;0;2594;0;0;95;0;200;0;
9532;2126327;1060528128;23674880;1201897472;0;0;0;0;0;0;0;0;0;0;0;2174;0;0;95;0;200;0;
9533;8729411;1060528128;23674880;1201897472;0;0;0;0;0;0;0;0;0;0;0;2976;0;0;95;0;200;0;
9534;5647441;1060528128;23674880;1201897472;0;0;0;0;0;0;0;0;0;0;0;3607;0;0;95;0;200;0;
9535;2446538;1060528128;23674880;1201897472;0;0;0;0;0;0;0;0;0;0;0;3046;0;0;95;0;200;0;
9536;4733207;1060528128;23674880;1201897472;0;0;0;0;0;0;0;0;0;0;0;4178;0;0;95;0;200;0;
9537;2864171;1060528128;23674880;1201897472;0;0;0;0;0;0;0;0;0;0;0;3196;0;0;95;0;200;0;
9538;8662856;1060528128;23674880;1201897472;0;0;0;0;0;0;0;0;0;0;0;3287;0;0;95;0;200;0;
9539;6059394;1060528128;23674880;1201897472;0;0;0;0;0;0;0;0;0;0;0;3496;0;0;95;0;200;0;
9540;3189732;1060528128;23674880;1201897472;0;0;0;0;0;0;0;0;0;0;0;3707;0;0;95;0;200;0;
9541;4318710;1060528128;23674880;1201897472;0;0;0;0;0;0;0;0;0;0;0;2635;0;0;95;0;200;0;
9542;2564680;1060528128;23674880;1201897472;0;0;0;0;0;0;0;0;0;0;0;2956;0;0;95;0;200;0;
9543;8200128;1060528128;23674880;1201897472;0;0;0;0;0;0;0;0;0;0;0;2795;0;0;95;0;200;0;
9544;4418046;1060528128;23674880;1201897472;0;0;0;0;0;0;0;0;0;0;0;2705;0;0;95;0;200;0;
9545;3314766;1060528128;23674880;1201897472;0;0;0;0;0;0;0;0;0;0;0;3246;0;0;95;0;200;0;
9546;4866587;1060528128;23674880;1201897472;0;0;0;0;0;0;0;0;0;0;0;5510;0;0;95;0;200;0;
9547;3281203;1060528128;23674880;1201897472;0;0;0;0;0;0;0;0;0;0;0;2725;0;0;95;0;200;0;
9548;4694745;1060528128;23674880;1201897472;0;0;0;0;0;0;0;0;0;0;0;1833;0;0;95;0;200;0;
9549;5424533;1060528128;23674880;1201897472;0;0;0;0;0;0;0;0;0;0;0;3006;0;0;95;0;200;0;
9550;5009905;1060528128;23674880;1201897472;0;0;0;0;0;0;0;0;0;0;0;3176;0;0;95;0;200;0;
9551;4122211;1060528128;23674880;1201897472;0;0;0;0;0;0;0;0;0;0;0;2544;0;0;95;0;200;0;
9552;2474641;1060528128;23674880;1201897472;0;0;0;0;0;0;0;0;0;0;0;3537;0;0;95;0;200;0;
9553;8244221;1060528128;23674880;1201897472;0;0;0;0;0;0;0;0;0;0;0;3257;0;0;95;0;200;0;
9554;6187213;1060528128;23674880;1201897472;0;0;0;0;0;0;0;0;0;0;0;3376;0;0;95;0;200;0;
9555;3977129;1060528128;23674880;1201897472;0;0;0;0;0;0;0;0;0;0;0;3256;0;0;95;0;200;0;
9556;5453908;1060528128;23674880;1201897472;0;0;0;0;0;0;0;0;0;0;0;3176;0;0;95;0;200;0;
9557;3050651;1060528128;23674880;1201897472;0;0;0;0;0;0;0;0;0;0;0;2615;0;0;95;0;200;0;
9558;6872578;1060528128;23674880;1201897472;0;0;0;0;0;0;0;0;0;0;0;3146;0;0;95;0;200;0;
9559;5499003;1060528128;23674880;1201897472;0;0;0;0;0;0;0;0;0;0;0;3918;0;0;95;0;200;0;
9560;2933561;1060528128;23674880;1201897472;0;0;0;0;0;0;0;0;0;0;0;2785;0;0;95;0;200;0;
9561;3626010;1060528128;23674880;1201897472;0;0;0;0;0;0;0;0;0;0;0;2876;0;0;95;0;200;0;
9562;3803623;1060528128;23674880;1201897472;0;0;0;0;0;0;0;0;0;0;0;3146;0;0;95;0;200;0;
9563;11233888;1060528128;23674880;1201897472;0;0;0;0;0;0;0;0;0;0;0;3196;0;0;95;0;200;0;
9564;7448569;1060528128;23674880;1201897472;0;0;0;0;0;0;0;0;0;0;0;2715;0;0;95;0;200;0;
9565;4008217;1060528128;23674880;1201897472;0;0;0;0;0;0;0;0;0;0;0;2725;0;0;95;0;200;0;
9566;3482141;1060528128;23674880;1201897472;0;0;0;0;0;0;0;0;0;0;0;3426;0;0;95;0;200;0;
9567;4914887;1060528128;23674880;1201897472;0;0;0;0;0;0;0;0;0;0;0;4178;0;0;95;0;200;0;
9568;7541483;1060528128;23674880;1201897472;0;0;0;0;0;0;0;0;0;0;0;2956;0;0;95;0;200;0;
9569;4588845;1060528128;23674880;1201897472;0;0;0;0;0;0;0;0;0;0;0;3998;0;0;95;0;200;0;
9570;5086940;1060528128;23674880;1201897472;0;0;0;0;0;0;0;0;0;0;0;2996;0;0;95;0;200;0;
9571;5886389;1060528128;23674880;1201897472;0;0;0;0;0;0;0;0;0;0;0;2675;0;0;95;0;200;0;
9572;2851217;1060528128;23674880;1201897472;0;0;0;0;0;0;0;0;0;0;0;2515;0;0;95;0;200;0;
9573;9835576;1060528128;23674880;1201897472;0;0;0;0;0;0;0;0;0;0;0;3757;0;0;95;0;200;0;
9574;5905756;1060528128;23674880;1201897472;0;0;0;0;0;0;0;0;0;0;0;2895;0;0;95;0;200;0;
9575;2607630;1060528128;23674880;1201897472;0;0;0;0;0;0;0;0;0;0;0;2504;0;0;95;0;200;0;
9576;3924751;1060528128;23674880;1201897472;0;0;0;0;0;0;0;0;0;0;0;3807;0;0;95;0;200;0;
9577;4038374;1060528128;23674880;1201897472;0;0;0;0;0;0;0;0;0;0;0;4178;0;0;95;0;200;0;
9578;7708366;1060528128;23674880;1201897472;0;0;0;0;0;0;0;0;0;0;0;2755;0;0;95;0;200;0;
9579;4744308;1060528128;23674880;1201897472;0;0;0;0;0;0;0;0;0;0;0;3536;0;0;95;0;200;0;
9580;2863560;1060528128;23674880;1201897472;0;0;0;0;0;0;0;0;0;0;0;3296;0;0;95;0;200;0;
9581;6649199;1060528128;23674880;1201897472;0;0;0;0;0;0;0;0;0;0;0;2865;0;0;95;0;200;0;
9582;2498035;1060528128;23674880;1201897472;0;0;0;0;0;0;0;0;0;0;0;2455;0;0;95;0;200;0;
9583;6821673;1060528128;23674880;1201897472;0;0;0;0;0;0;0;0;0;0;0;3627;0;0;95;0;200;0;
9584;5609771;1060528128;23674880;1201897472;0;0;0;0;0;0;0;0;0;0;0;4228;0;0;95;0;200;0;
9585;2510759;1060528128;23674880;1201897472;0;0;0;0;0;0;0;0;0;0;0;2644;0;0;95;0;200;0;
9586;4126950;1060528128;23674880;1201897472;0;0;0;0;0;0;0;0;0;0;0;2464;0;0;95;0;200;0;
9587;3563252;1060528128;23674880;1201897472;0;0;0;0;0;0;0;0;0;0;0;3296;0;0;95;0;200;0;
9588;9736490;1060528128;23674880;1201897472;0;0;0;0;0;0;0;0;0;0;0;3136;0;0;95;0;200;0;
9589;6697590;1060528128;23674880;1201897472;0;0;0;0;0;0;0;0;0;0;0;3737;0;0;95;0;200;0;
9590;4703732;1060528128;23674880;1201897472;0;0;0;0;0;0;0;0;0;0;0;3046;0;0;95;0;200;0;
9591;4583977;1060528128;23674880;1201897472;0;0;0;0;0;0;0;0;0;0;0;3146;0;0;95;0;200;0;
9592;4044285;1060528128;23674880;1201897472;0;0;0;0;0;0;0;0;0;0;0;3116;0;0;95;0;200;0;
9593;9343422;1060528128;23674880;1201897472;0;0;0;0;0;0;0;0;0;0;0;3366;0;0;95;0;200;0;
9594;6517723;1060528128;23674880;1201897472;0;0;0;0;0;0;0;0;0;0;0;3407;0;0;95;0;200;0;
9595;3459758;1060528128;23674880;1201897472;0;0;0;0;0;0;0;0;0;0;0;2835;0;0;95;0;200;0;
9596;4792157;1060528128;23674880;1201897472;0;0;0;0;0;0;0;0;0;0;0;3547;0;0;95;0;200;0;
9597;4558439;1060528128;23674880;1201897472;0;0;0;0;0;0;0;0;0;0;0;2816;0;0;95;0;200;0;
9598;7099524;1060528128;23674880;1201897472;0;0;0;0;0;0;0;0;0;0;0;1934;0;0;95;0;200;0;
9599;6064092;1060528128;23674880;1201897472;0;0;0;0;0;0;0;0;0;0;0;3927;0;0;95;0;200;0;
9600;3953835;1060528128;23674880;1201897472;0;0;0;0;0;0;0;0;0;0;0;2865;0;0;95;0;200;0;
9601;3643593;1060528128;23674880;1201897472;0;0;0;0;0;0;0;0;0;0;0;2214;0;0;95;0;200;0;
9602;4734159;1060528128;23674880;1201897472;0;0;0;0;0;0;0;0;0;0;0;3446;0;0;95;0;200;0;
9603;9173453;1060528128;23674880;1201897472;0;0;0;0;0;0;0;0;0;0;0;3336;0;0;95;0;200;0;
9604;6367992;1060528128;23674880;1201897472;0;0;0;0;0;0;0;0;0;0;0;3046;0;0;95;0;200;0;
9605;5942495;1060528128;23674880;1201897472;0;0;0;0;0;0;0;0;0;0;0;4098;0;0;95;0;200;0;
9606;8110150;1060528128;23674880;1201897472;0;0;0;0;0;0;0;0;0;0;0;3056;0;0;95;0;200;0;
9607;5063646;1060528128;23674880;1201897472;0;0;0;0;0;0;0;0;0;0;0;3676;0;0;95;0;200;0;
9608;9857867;1060528128;23674880;1201897472;0;0;0;0;0;0;0;0;0;0;0;3937;0;0;95;0;200;0;
9609;4026762;1060528128;23674880;1201897472;0;0;0;0;0;0;0;0;0;0;0;3226;0;0;95;0;200;0;
9610;4460526;1060528128;23674880;1201897472;0;0;0;0;0;0;0;0;0;0;0;2785;0;0;95;0;200;0;
9611;6002857;1060528128;23674880;1201897472;0;0;0;0;0;0;0;0;0;0;0;2304;0;0;95;0;200;0;
9612;2043572;1060528128;23674880;1201897472;0;0;0;0;0;0;0;0;0;0;0;1693;0;0;95;0;200;0;
9613;12542822;1060528128;23674880;1201897472;0;0;0;0;0;0;0;0;0;0;0;2996;0;0;95;0;200;0;
9614;6644321;1060528128;23674880;1201897472;0;0;0;0;0;0;0;0;0;0;0;2785;0;0;95;0;200;0;
9615;2488747;1060528128;23674880;1201897472;0;0;0;0;0;0;0;0;0;0;0;1953;0;0;95;0;200;0;
9616;4773743;1060528128;23674880;1201897472;0;0;0;0;0;0;0;0;0;0;0;3326;0;0;95;0;200;0;
9617;4877387;1060528128;23674880;1201897472;0;0;0;0;0;0;0;0;0;0;0;3086;0;0;95;0;200;0;
9618;8017165;1060528128;23674880;1201897472;0;0;0;0;0;0;0;0;0;0;0;2936;0;0;95;0;200;0;
9619;5673841;1060528128;23674880;1201897472;0;0;0;0;0;0;0;0;0;0;0;3186;0;0;95;0;200;0;
9620;4423656;1060528128;23674880;1201897472;0;0;0;0;0;0;0;0;0;0;0;4599;0;0;95;0;200;0;
9621;4325122;1060528128;23674880;1201897472;0;0;0;0;0;0;0;0;0;0;0;2325;0;0;95;0;200;0;
9622;2163868;1060528128;23674880;1201897472;0;0;0;0;0;0;0;0;0;0;0;1973;0;0;95;0;200;0;
9623;8074162;1060528128;23674880;1201897472;0;0;0;0;0;0;0;0;0;0;0;3287;0;0;95;0;200;0;
9624;4877988;1060528128;23674880;1201897472;0;0;0;0;0;0;0;0;0;0;0;3216;0;0;95;0;200;0;
9625;4682201;1060528128;23674880;1201897472;0;0;0;0;0;0;0;0;0;0;0;2715;0;0;95;0;200;0;
9626;4483999;1060528128;23674880;1201897472;0;0;0;0;0;0;0;0;0;0;0;3557;0;0;95;0;200;0;
9627;3782714;1060528128;23674880;1201897472;0;0;0;0;0;0;0;0;0;0;0;3477;0;0;95;0;200;0;
9628;8183317;1060528128;23674880;1201897472;0;0;0;0;0;0;0;0;0;0;0;6251;0;0;95;0;200;0;
9629;5141221;1060528128;23674880;1201897472;0;0;0;0;0;0;0;0;0;0;0;3556;0;0;95;0;200;0;
9630;4094018;1060528128;23674880;1201897472;0;0;0;0;0;0;0;0;0;0;0;3898;0;0;95;0;200;0;
9631;5110685;1060528128;23674880;1201897472;0;0;0;0;0;0;0;0;0;0;0;2855;0;0;95;0;200;0;
9632;3284720;1060528128;23674880;1201897472;0;0;0;0;0;0;0;0;0;0;0;2494;0;0;95;0;200;0;
9633;7103171;1060528128;23674880;1201897472;0;0;0;0;0;0;0;0;0;0;0;2805;0;0;95;0;200;0;
9634;6385555;1060528128;23674880;1201897472;0;0;0;0;0;0;0;0;0;0;0;2705;0;0;95;0;200;0;
9635;2658165;1060528128;23674880;1201897472;0;0;0;0;0;0;0;0;0;0;0;2695;0;0;95;0;200;0;
9636;4477537;1060528128;23674880;1201897472;0;0;0;0;0;0;0;0;0;0;0;3016;0;0;95;0;200;0;
9637;3311130;1060528128;23674880;1201897472;0;0;0;0;0;0;0;0;0;0;0;3917;0;0;95;0;200;0;
9638;6281771;1060528128;23674880;1201897472;0;0;0;0;0;0;0;0;0;0;0;2435;0;0;95;0;200;0;
9639;5793686;1060528128;23674880;1201897472;0;0;0;0;0;0;0;0;0;0;0;3556;0;0;95;0;200;0;
9640;3241198;1060528128;23674880;1201897472;0;0;0;0;0;0;0;0;0;0;0;1683;0;0;95;0;200;0;
9641;3308995;1060528128;23674880;1201897472;0;0;0;0;0;0;0;0;0;0;0;3657;0;0;95;0;200;0;
9642;2677511;1060528128;23674880;1201897472;0;0;0;0;0;0;0;0;0;0;0;2275;0;0;95;0;200;0;
9643;7032058;1060528128;23674880;1201897472;0;0;0;0;0;0;0;0;0;0;0;3667;0;0;95;0;200;0;
9644;5789908;1060528128;23674880;1201897472;0;0;0;0;0;0;0;0;0;0;0;3166;0;0;95;0;200;0;
9645;1819232;1060528128;23674880;1201897472;0;0;0;0;0;0;0;0;0;0;0;2515;0;0;95;0;200;0;
9646;1706670;1060528128;23674880;1201897472;0;0;0;0;0;0;0;0;0;0;0;2895;0;0;95;0;200;0;
9647;2958158;1060528128;23674880;1201897472;0;0;0;0;0;0;0;0;0;0;0;2003;0;0;95;0;200;0;
9648;6038093;1060528128;23674880;1201897472;0;0;0;0;0;0;0;0;0;0;0;2324;0;0;95;0;200;0;
9649;4978878;1060528128;23674880;1201897472;0;0;0;0;0;0;0;0;0;0;0;3596;0;0;95;0;200;0;
9650;3706050;1060528128;23674880;1201897472;0;0;0;0;0;0;0;0;0;0;0;2926;0;0;95;0;200;0;
9651;3854539;1060528128;23674880;1201897472;0;0;0;0;0;0;0;0;0;0;0;3676;0;0;95;0;200;0;
9652;4197873;1060528128;23674880;1201897472;0;0;0;0;0;0;0;0;0;0;0;4037;0;0;95;0;200;0;
9653;7204892;1060528128;23674880;1201897472;0;0;0;0;0;0;0;0;0;0;0;2986;0;0;95;0;200;0;
9654;4851078;1060528128;23674880;1201897472;0;0;0;0;0;0;0;0;0;0;0;3677;0;0;95;0;200;0;
9655;2801805;1060528128;23674880;1201897472;0;0;0;0;0;0;0;0;0;0;0;2735;0;0;95;0;200;0;
9656;4571894;1060528128;23674880;1201897472;0;0;0;0;0;0;0;0;0;0;0;2875;0;0;95;0;200;0;
9657;2440627;1060528128;23674880;1201897472;0;0;0;0;0;0;0;0;0;0;0;2074;0;0;95;0;200;0;
9658;6957438;1060528128;23674880;1201897472;0;0;0;0;0;0;0;0;0;0;0;1933;0;0;95;0;200;0;
9659;6515760;1060528128;23674880;1201897472;0;0;0;0;0;0;0;0;0;0;0;2404;0;0;95;0;200;0;
9660;1651507;1060528128;23674880;1201897472;0;0;0;0;0;0;0;0;0;0;0;1814;0;0;95;0;200;0;
9661;2897645;1060528128;23674880;1201897472;0;0;0;0;0;0;0;0;0;0;0;2776;0;0;95;0;200;0;
9662;3138566;1060528128;23674880;1201897472;0;0;0;0;0;0;0;0;0;0;0;1393;0;0;95;0;200;0;
9663;7201285;1060528128;23674880;1201897472;0;0;0;0;0;0;0;0;0;0;0;3036;0;0;95;0;200;0;
9664;2415080;1060528128;23674880;1201897472;0;0;0;0;0;0;0;0;0;0;0;2164;0;0;95;0;200;0;
9665;1222903;1060528128;23674880;1201897472;0;0;0;0;0;0;0;0;0;0;0;1582;0;0;95;0;200;0;
9666;1511765;1060528128;23674880;1201897472;0;0;0;0;0;0;0;0;0;0;0;1623;0;0;95;0;200;0;
9667;1364238;1060528128;23674880;1201897472;0;0;0;0;0;0;0;0;0;0;0;2555;0;0;95;0;200;0;
9668;8455657;1060528128;23674880;1201897472;0;0;0;0;0;0;0;0;0;0;0;2695;0;0;95;0;200;0;
9669;3906957;1060528128;23674880;1201897472;0;0;0;0;0;0;0;0;0;0;0;3467;0;0;95;0;200;0;
9670;5851644;1060528128;23674880;1201897472;0;0;0;0;0;0;0;0;0;0;0;3517;0;0;95;0;200;0;
9671;4284375;1060528128;23674880;1201897472;0;0;0;0;0;0;0;0;0;0;0;2855;0;0;95;0;200;0;
9672;3567591;1060528128;23674880;1201897472;0;0;0;0;0;0;0;0;0;0;0;2605;0;0;95;0;200;0;
9673;7793506;1060528128;23674880;1201897472;0;0;0;0;0;0;0;0;0;0;0;3436;0;0;95;0;200;0;
9674;4101542;1060528128;23674880;1201897472;0;0;0;0;0;0;0;0;0;0;0;3537;0;0;95;0;200;0;
9675;2882145;1060528128;23674880;1201897472;0;0;0;0;0;0;0;0;0;0;0;2465;0;0;95;0;200;0;
9676;3345234;1060528128;23674880;1201897472;0;0;0;0;0;0;0;0;0;0;0;3206;0;0;95;0;200;0;
9677;1838748;1060528128;23674880;1201897472;0;0;0;0;0;0;0;0;0;0;0;2225;0;0;95;0;200;0;
9678;7484156;1060528128;23674880;1201897472;0;0;0;0;0;0;0;0;0;0;0;2755;0;0;95;0;200;0;
9679;4761259;1060528128;23674880;1201897472;0;0;0;0;0;0;0;0;0;0;0;2825;0;0;95;0;200;0;
9680;2310002;1060528128;23674880;1201897472;0;0;0;0;0;0;0;0;0;0;0;2845;0;0;95;0;200;0;
9681;2271059;1060528128;23674880;1201897472;0;0;0;0;0;0;0;0;0;0;0;2605;0;0;95;0;200;0;
9682;3545990;1060528128;23674880;1201897472;0;0;0;0;0;0;0;0;0;0;0;3506;0;0;95;0;200;0;
9683;7716051;1060528128;23674880;1201897472;0;0;0;0;0;0;0;0;0;0;0;3096;0;0;95;0;200;0;
9684;4980640;1060528128;23674880;1201897472;0;0;0;0;0;0;0;0;0;0;0;3166;0;0;95;0;200;0;
9685;3616353;1060528128;23674880;1201897472;0;0;0;0;0;0;0;0;0;0;0;3807;0;0;95;0;200;0;
9686;4051408;1060528128;23674880;1201897472;0;0;0;0;0;0;0;0;0;0;0;2696;0;0;95;0;200;0;
9687;3732119;1060528128;23674880;1201897472;0;0;0;0;0;0;0;0;0;0;0;3546;0;0;95;0;200;0;
9688;8116011;1060528128;23674880;1201897472;0;0;0;0;0;0;0;0;0;0;0;3276;0;0;95;0;200;0;
9689;3984362;1060528128;23674880;1201897472;0;0;0;0;0;0;0;0;0;0;0;3917;0;0;95;0;200;0;
9690;4209734;1060528128;23674880;1201897472;0;0;0;0;0;0;0;0;0;0;0;3126;0;0;95;0;200;0;
9691;2813957;1060528128;23674880;1201897472;0;0;0;0;0;0;0;0;0;0;0;2114;0;0;95;0;200;0;
9692;2541777;1060528128;23674880;1201897472;0;0;0;0;0;0;0;0;0;0;0;2695;0;0;95;0;200;0;
9693;6272713;1060528128;23674880;1201897472;0;0;0;0;0;0;0;0;0;0;0;3306;0;0;95;0;200;0;
9694;4574820;1060528128;23674880;1201897472;0;0;0;0;0;0;0;0;0;0;0;3637;0;0;95;0;200;0;
9695;4144062;1060528128;23674880;1201897472;0;0;0;0;0;0;0;0;0;0;0;2956;0;0;95;0;200;0;
9696;3482571;1060528128;23674880;1201897472;0;0;0;0;0;0;0;0;0;0;0;4028;0;0;95;0;200;0;
9697;2213100;1060528128;23674880;1201897472;0;0;0;0;0;0;0;0;0;0;0;2235;0;0;95;0;200;0;
9698;7959237;1060528128;23674880;1201897472;0;0;0;0;0;0;0;0;0;0;0;2665;0;0;95;0;200;0;
9699;3365621;1060528128;23674880;1201897472;0;0;0;0;0;0;0;0;0;0;0;2635;0;0;95;0;200;0;
9700;1368086;1060528128;23674880;1201897472;0;0;0;0;0;0;0;0;0;0;0;2474;0;0;95;0;200;0;
9701;3290030;1060528128;23674880;1201897472;0;0;0;0;0;0;0;0;0;0;0;4258;0;0;95;0;200;0;
9702;4253758;1060528128;23674880;1201897472;0;0;0;0;0;0;0;0;0;0;0;3276;0;0;95;0;200;0;
9703;7204741;1060528128;23674880;1201897472;0;0;0;0;0;0;0;0;0;0;0;4609;0;0;95;0;200;0;
9704;7055852;1060528128;23674880;1201897472;0;0;0;0;0;0;0;0;0;0;0;2895;0;0;95;0;200;0;
9705;2919284;1060528128;23674880;1201897472;0;0;0;0;0;0;0;0;0;0;0;3757;0;0;95;0;200;0;
9706;4670288;1060528128;23674880;1201897472;0;0;0;0;0;0;0;0;0;0;0;5971;0;0;95;0;200;0;
9707;1757646;1060528128;23674880;1201897472;0;0;0;0;0;0;0;0;0;0;0;2515;0;0;95;0;200;0;
9708;8147490;1060528128;23674880;1201897472;0;0;0;0;0;0;0;0;0;0;0;3527;0;0;95;0;200;0;
9709;3852114;1060528128;23674880;1201897472;0;0;0;0;0;0;0;0;0;0;0;3877;0;0;95;0;200;0;
9710;2878759;1060528128;23674880;1201897472;0;0;0;0;0;0;0;0;0;0;0;4338;0;0;95;0;200;0;
9711;3737509;1060528128;23674880;1201897472;0;0;0;0;0;0;0;0;0;0;0;3507;0;0;95;0;200;0;
9712;2733597;1060528128;23674880;1201897472;0;0;0;0;0;0;0;0;0;0;0;3156;0;0;95;0;200;0;
9713;6334860;1060528128;23674880;1201897472;0;0;0;0;0;0;0;0;0;0;0;3386;0;0;95;0;200;0;
9714;5410607;1060528128;23674880;1201897472;0;0;0;0;0;0;0;0;0;0;0;3086;0;0;95;0;200;0;
9715;4408648;1060528128;23674880;1201897472;0;0;0;0;0;0;0;0;0;0;0;3116;0;0;95;0;200;0;
9716;2435938;1060528128;23674880;1201897472;0;0;0;0;0;0;0;0;0;0;0;2945;0;0;95;0;200;0;
9717;1898160;1060528128;23674880;1201897472;0;0;0;0;0;0;0;0;0;0;0;2265;0;0;95;0;200;0;
9718;6006364;1060528128;23674880;1201897472;0;0;0;0;0;0;0;0;0;0;0;2304;0;0;95;0;200;0;
9719;5645467;1060528128;23674880;1201897472;0;0;0;0;0;0;0;0;0;0;0;3236;0;0;95;0;200;0;
9720;2011683;1060528128;23674880;1201897472;0;0;0;0;0;0;0;0;0;0;0;3106;0;0;95;0;200;0;
9721;6040368;1060528128;23674880;1201897472;0;0;0;0;0;0;0;0;0;0;0;4078;0;0;95;0;200;0;
9722;3788625;1060528128;23674880;1201897472;0;0;0;0;0;0;0;0;0;0;0;3307;0;0;95;0;200;0;
9723;5701923;1060528128;23674880;1201897472;0;0;0;0;0;0;0;0;0;0;0;3106;0;0;95;0;200;0;
9724;8054425;1060528128;23674880;1201897472;0;0;0;0;0;0;0;0;0;0;0;2885;0;0;95;0;200;0;
9725;3822779;1060528128;23674880;1201897472;0;0;0;0;0;0;0;0;0;0;0;3266;0;0;95;0;200;0;
9726;3279901;1060528128;23674880;1201897472;0;0;0;0;0;0;0;0;0;0;0;3005;0;0;95;0;200;0;
9727;3015375;1060528128;23674880;1201897472;0;0;0;0;0;0;0;0;0;0;0;2595;0;0;95;0;200;0;
9728;9768339;1060528128;23674880;1201897472;0;0;0;0;0;0;0;0;0;0;0;3497;0;0;95;0;200;0;
9729;4217119;1060528128;23674880;1201897472;0;0;0;0;0;0;0;0;0;0;0;3336;0;0;95;0;200;0;
9730;1722260;1060528128;23674880;1201897472;0;0;0;0;0;0;0;0;0;0;0;2495;0;0;95;0;200;0;
9731;5612606;1060528128;23674880;1201897472;0;0;0;0;0;0;0;0;0;0;0;2955;0;0;95;0;200;0;
9732;4046518;1060528128;23674880;1201897472;0;0;0;0;0;0;0;0;0;0;0;3938;0;0;95;0;200;0;
9733;7397584;1060528128;23674880;1201897472;0;0;0;0;0;0;0;0;0;0;0;3116;0;0;95;0;200;0;
9734;7437638;1060528128;23674880;1201897472;0;0;0;0;0;0;0;0;0;0;0;3126;0;0;95;0;200;0;
9735;2455264;1060528128;23674880;1201897472;0;0;0;0;0;0;0;0;0;0;0;2865;0;0;95;0;200;0;
9736;3599841;1060528128;23674880;1201897472;0;0;0;0;0;0;0;0;0;0;0;2876;0;0;95;0;200;0;
9737;4743696;1060528128;23674880;1201897472;0;0;0;0;0;0;0;0;0;0;0;3216;0;0;95;0;200;0;
9738;7904414;1060528128;23674880;1201897472;0;0;0;0;0;0;0;0;0;0;0;3606;0;0;95;0;200;0;
9739;6771329;1060528128;23674880;1201897472;0;0;0;0;0;0;0;0;0;0;0;3416;0;0;95;0;200;0;
9740;5338782;1060528128;23674880;1201897472;0;0;0;0;0;0;0;0;0;0;0;3366;0;0;95;0;200;0;
9741;4455766;1060528128;23674880;1201897472;0;0;0;0;0;0;0;0;0;0;0;2635;0;0;95;0;200;0;
9742;4821863;1060528128;23674880;1201897472;0;0;0;0;0;0;0;0;0;0;0;3126;0;0;95;0;200;0;
9743;24118482;1060528128;23674880;1201897472;0;0;0;0;0;0;0;0;0;0;0;2875;0;0;95;0;200;0;
9744;5783726;1060528128;23674880;1201897472;0;0;0;0;0;0;0;0;0;0;0;3747;0;0;95;0;200;0;
9745;4808538;1060528128;23674880;1201897472;0;0;0;0;0;0;0;0;0;0;0;3456;0;0;95;0;200;0;
9746;3289499;1060528128;23674880;1201897472;0;0;0;0;0;0;0;0;0;0;0;2525;0;0;95;0;200;0;
9747;3245156;1060528128;23674880;1201897472;0;0;0;0;0;0;0;0;0;0;0;3076;0;0;95;0;200;0;
9748;8014921;1060528128;23674880;1201897472;0;0;0;0;0;0;0;0;0;0;0;3496;0;0;95;0;200;0;
9749;5999772;1060528128;23674880;1201897472;0;0;0;0;0;0;0;0;0;0;0;7594;0;0;95;0;200;0;
9750;5272879;1060528128;23674880;1201897472;0;0;0;0;0;0;0;0;0;0;0;3496;0;0;95;0;200;0;
9751;6024348;1060528128;23674880;1201897472;0;0;0;0;0;0;0;0;0;0;0;3136;0;0;95;0;200;0;
9752;3917477;1060528128;23674880;1201897472;0;0;0;0;0;0;0;0;0;0;0;3988;0;0;95;0;200;0;
9753;8640495;1060528128;23674880;1201897472;0;0;0;0;0;0;0;0;0;0;0;2855;0;0;95;0;200;0;
9754;8799483;1060528128;23674880;1201897472;0;0;0;0;0;0;0;0;0;0;0;4007;0;0;95;0;200;0;
9755;3097770;1060528128;23674880;1201897472;0;0;0;0;0;0;0;0;0;0;0;200927;0;0;95;0;200;0;
9756;4036280;1060528128;23674880;1201897472;0;0;0;0;0;0;0;0;0;0;0;3957;0;0;95;0;200;0;
9757;7132246;1060528128;23674880;1201897472;0;0;0;0;0;0;0;0;0;0;0;4498;0;0;95;0;200;0;
9758;8283525;1060528128;23674880;1201897472;0;0;0;0;0;0;0;0;0;0;0;3687;0;0;95;0;200;0;
9759;7114412;1060528128;23674880;1201897472;0;0;0;0;0;0;0;0;0;0;0;4218;0;0;95;0;200;0;
9760;4122601;1060528128;23674880;1201897472;0;0;0;0;0;0;0;0;0;0;0;4058;0;0;95;0;200;0;
9761;4034656;1060528128;23674880;1201897472;0;0;0;0;0;0;0;0;0;0;0;3246;0;0;95;0;200;0;
9762;3456091;1060528128;23674880;1201897472;0;0;0;0;0;0;0;0;0;0;0;3526;0;0;95;0;200;0;
9763;9355184;1060528128;23674880;1201897472;0;0;0;0;0;0;0;0;0;0;0;2856;0;0;95;0;200;0;
9764;6706276;1060528128;23674880;1201897472;0;0;0;0;0;0;0;0;0;0;0;3456;0;0;95;0;200;0;
9765;5333782;1060528128;23674880;1201897472;0;0;0;0;0;0;0;0;0;0;0;4128;0;0;95;0;200;0;
9766;5955469;1060528128;23674880;1201897472;0;0;0;0;0;0;0;0;0;0;0;2935;0;0;95;0;200;0;
9767;4457109;1060528128;23674880;1201897472;0;0;0;0;0;0;0;0;0;0;0;3327;0;0;95;0;200;0;
9768;8767192;1060528128;23674880;1201897472;0;0;0;0;0;0;0;0;0;0;0;3476;0;0;95;0;200;0;
9769;5730657;1060528128;23674880;1201897472;0;0;0;0;0;0;0;0;0;0;0;3566;0;0;95;0;200;0;
9770;3600943;1060528128;23674880;1201897472;0;0;0;0;0;0;0;0;0;0;0;4028;0;0;95;0;200;0;
9771;4883258;1060528128;23674880;1201897472;0;0;0;0;0;0;0;0;0;0;0;3577;0;0;95;0;200;0;
9772;3037366;1060528128;23674880;1201897472;0;0;0;0;0;0;0;0;0;0;0;3627;0;0;95;0;200;0;
9773;8500622;1060528128;23674880;1201897472;0;0;0;0;0;0;0;0;0;0;0;4569;0;0;95;0;200;0;
9774;6910199;1060528128;23674880;1201897472;0;0;0;0;0;0;0;0;0;0;0;4078;0;0;95;0;200;0;
9775;4452340;1060528128;23674880;1201897472;0;0;0;0;0;0;0;0;0;0;0;3337;0;0;95;0;200;0;
9776;4123322;1061064704;23674880;1201897472;0;0;0;0;0;0;0;0;0;0;0;3557;0;0;95;0;200;0;
9777;3586506;1061064704;23674880;1201897472;0;0;0;0;0;0;0;0;0;0;0;3146;0;0;95;0;200;0;
9778;8681602;1061064704;23674880;1201897472;0;0;0;0;0;0;0;0;0;0;0;2965;0;0;95;0;200;0;
9779;3897099;1061064704;23674880;1201897472;0;0;0;0;0;0;0;0;0;0;0;2695;0;0;95;0;200;0;
9780;1788824;1061064704;23674880;1201897472;0;0;0;0;0;0;0;0;0;0;0;3066;0;0;95;0;200;0;
9781;3942403;1061064704;23674880;1201897472;0;0;0;0;0;0;0;0;0;0;0;3507;0;0;95;0;200;0;
9782;2475813;1061064704;23674880;1201897472;0;0;0;0;0;0;0;0;0;0;0;3617;0;0;95;0;200;0;
9783;11571741;1061064704;23674880;1201897472;0;0;0;0;0;0;0;0;0;0;0;2975;0;0;95;0;200;0;
9784;7305401;1061064704;23674880;1201897472;0;0;0;0;0;0;0;0;0;0;0;3827;0;0;95;0;200;0;
9785;5293888;1061064704;23674880;1201897472;0;0;0;0;0;0;0;0;0;0;0;3637;0;0;95;0;200;0;
9786;5453707;1061064704;23674880;1201897472;0;0;0;0;0;0;0;0;0;0;0;3657;0;0;95;0;200;0;
9787;3816297;1061064704;23674880;1201897472;0;0;0;0;0;0;0;0;0;0;0;3997;0;0;95;0;200;0;
9788;8353436;1061064704;23674880;1201897472;0;0;0;0;0;0;0;0;0;0;0;3386;0;0;95;0;200;0;
9789;8488569;1061064704;23674880;1201897472;0;0;0;0;0;0;0;0;0;0;0;3657;0;0;95;0;200;0;
9790;3946221;1061064704;23674880;1201897472;0;0;0;0;0;0;0;0;0;0;0;3917;0;0;95;0;200;0;
9791;5094694;1061064704;23674880;1201897472;0;0;0;0;0;0;0;0;0;0;0;4358;0;0;95;0;200;0;
9792;4862419;1061064704;23674880;1201897472;0;0;0;0;0;0;0;0;0;0;0;2895;0;0;95;0;200;0;
9793;9700772;1061064704;23674880;1201897472;0;0;0;0;0;0;0;0;0;0;0;4178;0;0;95;0;200;0;
9794;5872033;1061064704;23674880;1201897472;0;0;0;0;0;0;0;0;0;0;0;4258;0;0;95;0;200;0;
9795;4774414;1061064704;23674880;1201897472;0;0;0;0;0;0;0;0;0;0;0;4919;0;0;95;0;200;0;
9796;5994652;1061064704;23674880;1201897472;0;0;0;0;0;0;0;0;0;0;0;3787;0;0;95;0;200;0;
9797;3740204;1061064704;23674880;1201897472;0;0;0;0;0;0;0;0;0;0;0;2996;0;0;95;0;200;0;
9798;9014826;1061064704;23674880;1201897472;0;0;0;0;0;0;0;0;0;0;0;3957;0;0;95;0;200;0;
9799;4551265;1061064704;23674880;1201897472;0;0;0;0;0;0;0;0;0;0;0;2635;0;0;95;0;200;0;
9800;2508424;1061064704;23674880;1201897472;0;0;0;0;0;0;0;0;0;0;0;2404;0;0;95;0;200;0;
9801;4163469;1061064704;23674880;1201897472;0;0;0;0;0;0;0;0;0;0;0;4629;0;0;95;0;200;0;
9802;3715228;1061064704;23674880;1201897472;0;0;0;0;0;0;0;0;0;0;0;4368;0;0;95;0;200;0;
9803;8264810;1061064704;23674880;1201897472;0;0;0;0;0;0;0;0;0;0;0;3607;0;0;95;0;200;0;
9804;2916249;1061064704;23674880;1201897472;0;0;0;0;0;0;0;0;0;0;0;2816;0;0;95;0;200;0;
9805;4696568;1061064704;23674880;1201897472;0;0;0;0;0;0;0;0;0;0;0;3517;0;0;95;0;200;0;
9806;4944252;1061064704;23674880;1201897472;0;0;0;0;0;0;0;0;0;0;0;3366;0;0;95;0;200;0;
9807;4208352;1061064704;23674880;1201897472;0;0;0;0;0;0;0;0;0;0;0;4077;0;0;95;0;200;0;
9808;8338919;1061064704;23674880;1201897472;0;0;0;0;0;0;0;0;0;0;0;3576;0;0;95;0;200;0;
9809;9105386;1061064704;23674880;1201897472;0;0;0;0;0;0;0;0;0;0;0;3186;0;0;95;0;200;0;
9810;1438598;1061064704;23674880;1201897472;0;0;0;0;0;0;0;0;0;0;0;1714;0;0;95;0;200;0;
9811;8151488;1061064704;23674880;1201897472;0;0;0;0;0;0;0;0;0;0;0;3296;0;0;95;0;200;0;
9812;3922506;1061064704;23674880;1201897472;0;0;0;0;0;0;0;0;0;0;0;3066;0;0;95;0;200;0;
9813;7424043;1061064704;23674880;1201897472;0;0;0;0;0;0;0;0;0;0;0;4288;0;0;95;0;200;0;
9814;9361566;1061064704;23674880;1201897472;0;0;0;0;0;0;0;0;0;0;0;2706;0;0;95;0;200;0;
9815;4617580;1061064704;23674880;1201897472;0;0;0;0;0;0;0;0;0;0;0;3126;0;0;95;0;200;0;
9816;5596946;1061064704;23674880;1201897472;0;0;0;0;0;0;0;0;0;0;0;4237;0;0;95;0;200;0;
9817;5220731;1061064704;23674880;1201897472;0;0;0;0;0;0;0;0;0;0;0;3617;0;0;95;0;200;0;
9818;9484597;1061064704;23674880;1201897472;0;0;0;0;0;0;0;0;0;0;0;4959;0;0;95;0;200;0;
9819;7937877;1061064704;23674880;1201897472;0;0;0;0;0;0;0;0;0;0;0;3286;0;0;95;0;200;0;
9820;6016002;1061064704;23674880;1201897472;0;0;0;0;0;0;0;0;0;0;0;3787;0;0;95;0;200;0;
9821;5630640;1061064704;23674880;1201897472;0;0;0;0;0;0;0;0;0;0;0;2775;0;0;95;0;200;0;
9822;4630654;1061064704;23674880;1201897472;0;0;0;0;0;0;0;0;0;0;0;3507;0;0;95;0;200;0;
9823;7631543;1061064704;23674880;1201897472;0;0;0;0;0;0;0;0;0;0;0;3556;0;0;95;0;200;0;
9824;5863607;1061064704;23674880;1201897472;0;0;0;0;0;0;0;0;0;0;0;4609;0;0;95;0;200;0;
9825;4453832;1061064704;23674880;1201897472;0;0;0;0;0;0;0;0;0;0;0;3206;0;0;95;0;200;0;
9826;5198339;1061064704;23674880;1201897472;0;0;0;0;0;0;0;0;0;0;0;3045;0;0;95;0;200;0;
9827;3727150;1061064704;23674880;1201897472;0;0;0;0;0;0;0;0;0;0;0;2575;0;0;95;0;200;0;
9828;8756943;1061064704;23674880;1201897472;0;0;0;0;0;0;0;0;0;0;0;3436;0;0;95;0;200;0;
9829;4692450;1061064704;23674880;1201897472;0;0;0;0;0;0;0;0;0;0;0;2886;0;0;95;0;200;0;
9830;4644911;1061064704;23674880;1201897472;0;0;0;0;0;0;0;0;0;0;0;3346;0;0;95;0;200;0;
9831;5150288;1061064704;23674880;1201897472;0;0;0;0;0;0;0;0;0;0;0;3637;0;0;95;0;200;0;
9832;3723943;1061064704;23674880;1201897472;0;0;0;0;0;0;0;0;0;0;0;3506;0;0;95;0;200;0;
9833;6089851;1061064704;23674880;1201897472;0;0;0;0;0;0;0;0;0;0;0;4167;0;0;95;0;200;0;
9834;6797037;1061064704;23674880;1201897472;0;0;0;0;0;0;0;0;0;0;0;3166;0;0;95;0;200;0;
9835;2260860;1061064704;23674880;1201897472;0;0;0;0;0;0;0;0;0;0;0;2795;0;0;95;0;200;0;
9836;3600211;1061064704;23674880;1201897472;0;0;0;0;0;0;0;0;0;0;0;3587;0;0;95;0;200;0;
9837;7707575;1061064704;23674880;1201897472;0;0;0;0;0;0;0;0;0;0;0;3587;0;0;95;0;200;0;
9838;3527285;1061064704;23674880;1201897472;0;0;0;0;0;0;0;0;0;0;0;2795;0;0;95;0;200;0;
9839;3088663;1061064704;23674880;1201897472;0;0;0;0;0;0;0;0;0;0;0;2775;0;0;95;0;200;0;
9840;4668395;1061064704;23674880;1201897472;0;0;0;0;0;0;0;0;0;0;0;3577;0;0;95;0;200;0;
9841;6931199;1061064704;23674880;1201897472;0;0;0;0;0;0;0;0;0;0;0;3076;0;0;95;0;200;0;
9842;7301122;1061064704;23674880;1201897472;0;0;0;0;0;0;0;0;0;0;0;3326;0;0;95;0;200;0;
9843;1781070;1061064704;23674880;1201897472;0;0;0;0;0;0;0;0;0;0;0;2876;0;0;95;0;200;0;
9844;1837947;1061064704;23674880;1201897472;0;0;0;0;0;0;0;0;0;0;0;2494;0;0;95;0;200;0;
9845;9723315;1061064704;23674880;1201897472;0;0;0;0;0;0;0;0;0;0;0;3977;0;0;95;0;200;0;
9846;6953731;1061281792;23670784;1201893376;0;0;0;0;0;0;0;0;0;0;0;2805;0;0;95;0;200;0;
9847;3467613;1061281792;23670784;1201893376;0;0;0;0;0;0;0;0;0;0;0;3497;0;0;95;0;200;0;
9848;2711966;1061281792;23670784;1201893376;0;0;0;0;0;0;0;0;0;0;0;3957;0;0;95;0;200;0;
9849;8043846;1061281792;23670784;1201893376;0;0;0;0;0;0;0;0;0;0;0;2855;0;0;95;0;200;0;
9850;4670810;1061281792;23678976;1201901568;0;0;0;0;0;0;0;0;0;0;0;3156;0;0;95;0;200;0;
9851;4139703;1061281792;23678976;1201901568;0;0;0;0;0;0;0;0;0;0;0;3477;0;0;95;0;200;0;
9852;3246639;1061281792;23678976;1201901568;0;0;0;0;0;0;0;0;0;0;0;3998;0;0;95;0;200;0;
9853;7610583;1061281792;23678976;1201901568;0;0;0;0;0;0;0;0;0;0;0;3877;0;0;95;0;200;0;
9854;6014219;1061281792;23678976;1201901568;0;0;0;0;0;0;0;0;0;0;0;3517;0;0;95;0;200;0;
9855;4539323;1061281792;23678976;1201901568;0;0;0;0;0;0;0;0;0;0;0;3056;0;0;95;0;200;0;
9856;3679751;1061281792;23678976;1201901568;0;0;0;0;0;0;0;0;0;0;0;3317;0;0;95;0;200;0;
9857;6698101;1061281792;23678976;1201901568;0;0;0;0;0;0;0;0;0;0;0;4298;0;0;95;0;200;0;
9858;6739178;1061285888;23674880;1201897472;0;0;0;0;0;0;0;0;0;0;0;3466;0;0;95;0;200;0;
9859;3696663;1061285888;23674880;1201897472;0;0;0;0;0;0;0;0;0;0;0;2024;0;0;95;0;200;0;
9860;2525827;1061285888;23674880;1201897472;0;0;0;0;0;0;0;0;0;0;0;2826;0;0;95;0;200;0;
9861;7034041;1061285888;23674880;1201897472;0;0;0;0;0;0;0;0;0;0;0;6442;0;0;95;0;200;0;
9862;4154472;1061285888;23674880;1201897472;0;0;0;0;0;0;0;0;0;0;0;3126;0;0;95;0;200;0;
9863;2521900;1061285888;23674880;1201897472;0;0;0;0;0;0;0;0;0;0;0;2054;0;0;95;0;200;0;
9864;3388465;1061285888;23674880;1201897472;0;0;0;0;0;0;0;0;0;0;0;4398;0;0;95;0;200;0;
9865;7433982;1061285888;23674880;1201897472;0;0;0;0;0;0;0;0;0;0;0;4529;0;0;95;0;200;0;
9866;3601775;1061285888;23674880;1201897472;0;0;0;0;0;0;0;0;0;0;0;3356;0;0;95;0;200;0;
9867;7102851;1061285888;23674880;1201897472;0;0;0;0;0;0;0;0;0;0;0;2435;0;0;95;0;200;0;
9868;4083338;1061285888;23683072;1201905664;0;0;0;0;0;0;0;0;0;0;0;2415;0;0;95;0;200;0;
9869;5128368;1061285888;23683072;1201905664;0;0;0;0;0;0;0;0;0;0;0;1994;0;0;95;0;200;0;
9870;6206539;1061285888;23683072;1201905664;0;0;0;0;0;0;0;0;0;0;0;2795;0;0;95;0;200;0;
9871;8074192;1061285888;23683072;1201905664;0;0;0;0;0;0;0;0;0;0;0;2825;0;0;95;0;200;0;
9872;4777199;1061285888;23683072;1201905664;0;0;0;0;0;0;0;0;0;0;0;3146;0;0;95;0;200;0;
9873;7391342;1061285888;23683072;1201905664;0;0;0;0;0;0;0;0;0;0;0;3066;0;0;95;0;200;0;
9874;4881524;1061289984;23678976;1201901568;0;0;0;0;0;0;0;0;0;0;0;3046;0;0;95;0;200;0;
9875;8943072;1061289984;23678976;1201901568;0;0;0;0;0;0;0;0;0;0;0;2495;0;0;95;0;200;0;
9876;3096327;1061289984;23678976;1201901568;0;0;0;0;0;0;0;0;0;0;0;3035;0;0;95;0;200;0;
9877;4951336;1061289984;23678976;1201901568;0;0;0;0;0;0;0;0;0;0;0;2215;0;0;95;0;200;0;
9878;4365918;1061289984;23678976;1201901568;0;0;0;0;0;0;0;0;0;0;0;3016;0;0;95;0;200;0;
9879;5114682;1061289984;23678976;1201901568;0;0;0;0;0;0;0;0;0;0;0;2214;0;0;95;0;200;0;
9880;5837688;1061289984;23678976;1201901568;0;0;0;0;0;0;0;0;0;0;0;3276;0;0;95;0;200;0;
9881;7174225;1061289984;23678976;1201901568;0;0;0;0;0;0;0;0;0;0;0;3156;0;0;95;0;200;0;
9882;3729514;1061289984;23678976;1201901568;0;0;0;0;0;0;0;0;0;0;0;2605;0;0;95;0;200;0;
9883;8058863;1061289984;23678976;1201901568;0;0;0;0;0;0;0;0;0;0;0;2624;0;0;95;0;200;0;
9884;4691739;1061289984;23678976;1201901568;0;0;0;0;0;0;0;0;0;0;0;3747;0;0;95;0;200;0;
9885;6901442;1061289984;23678976;1201901568;0;0;0;0;0;0;0;0;0;0;0;2725;0;0;95;0;200;0;
9886;5620881;1061289984;23678976;1201901568;0;0;0;0;0;0;0;0;0;0;0;2976;0;0;95;0;200;0;
9887;5466963;1061289984;23678976;1201901568;0;0;0;0;0;0;0;0;0;0;0;1443;0;0;95;0;200;0;
9888;5973673;1061289984;23678976;1201901568;0;0;0;0;0;0;0;0;0;0;0;3115;0;0;95;0;200;0;
9889;5643283;1061289984;23678976;1201901568;0;0;0;0;0;0;0;0;0;0;0;1764;0;0;95;0;200;0;
9890;6670279;1061289984;23678976;1201901568;0;0;0;0;0;0;0;0;0;0;0;2675;0;0;95;0;200;0;
9891;4914637;1061289984;23678976;1201901568;0;0;0;0;0;0;0;0;0;0;0;2003;0;0;95;0;200;0;
9892;7419415;1061289984;23678976;1201901568;0;0;0;0;0;0;0;0;0;0;0;3777;0;0;95;0;200;0;
9893;4770076;1061289984;23678976;1201901568;0;0;0;0;0;0;0;0;0;0;0;2875;0;0;95;0;200;0;
9894;6592383;1061289984;23678976;1201901568;0;0;0;0;0;0;0;0;0;0;0;4389;0;0;95;0;200;0;
9895;6611740;1061289984;23678976;1201901568;0;0;0;0;0;0;0;0;0;0;0;1824;0;0;95;0;200;0;
9896;5868997;1061289984;23678976;1201901568;0;0;0;0;0;0;0;0;0;0;0;3426;0;0;95;0;200;0;
9897;8436582;1061289984;23678976;1201901568;0;0;0;0;0;0;0;0;0;0;0;3066;0;0;95;0;200;0;
9898;5185134;1061289984;23678976;1201901568;0;0;0;0;0;0;0;0;0;0;0;2535;0;0;95;0;200;0;
9899;8168359;1061289984;23678976;1201901568;0;0;0;0;0;0;0;0;0;0;0;2845;0;0;95;0;200;0;
9900;4883879;1061289984;23678976;1201901568;0;0;0;0;0;0;0;0;0;0;0;3447;0;0;95;0;200;0;
9901;8291079;1061289984;23678976;1201901568;0;0;0;0;0;0;0;0;0;0;0;2645;0;0;95;0;200;0;
9902;4482466;1061289984;23678976;1201901568;0;0;0;0;0;0;0;0;0;0;0;210585;0;0;95;0;200;0;
9903;6376178;1061289984;23678976;1201901568;0;0;0;0;0;0;0;0;0;0;0;2795;0;0;95;0;200;0;
9904;5677578;1061289984;23678976;1201901568;0;0;0;0;0;0;0;0;0;0;0;3446;0;0;95;0;200;0;
9905;9672290;1061289984;23678976;1201901568;0;0;0;0;0;0;0;0;0;0;0;5099;0;0;95;0;200;0;
9906;4340881;1061289984;23678976;1201901568;0;0;0;0;0;0;0;0;0;0;0;3387;0;0;95;0;200;0;
9907;9580467;1061289984;23678976;1201901568;0;0;0;0;0;0;0;0;0;0;0;2716;0;0;95;0;200;0;
9908;3087690;1061289984;23678976;1201901568;0;0;0;0;0;0;0;0;0;0;0;2875;0;0;95;0;200;0;
9909;8292461;1061289984;23678976;1201901568;0;0;0;0;0;0;0;0;0;0;0;3156;0;0;95;0;200;0;
9910;3167961;1061289984;23678976;1201901568;0;0;0;0;0;0;0;0;0;0;0;2896;0;0;95;0;200;0;
9911;8719162;1061289984;23678976;1201901568;0;0;0;0;0;0;0;0;0;0;0;2124;0;0;95;0;200;0;
9912;3481900;1061289984;23678976;1201901568;0;0;0;0;0;0;0;0;0;0;0;2665;0;0;95;0;200;0;
9913;8631577;1061289984;23678976;1201901568;0;0;0;0;0;0;0;0;0;0;0;1824;0;0;95;0;200;0;
9914;5846775;1061289984;23678976;1201901568;0;0;0;0;0;0;0;0;0;0;0;2544;0;0;95;0;200;0;
9915;5577430;1061289984;23678976;1201901568;0;0;0;0;0;0;0;0;0;0;0;2244;0;0;95;0;200;0;
9916;6864173;1061289984;23678976;1201901568;0;0;0;0;0;0;0;0;0;0;0;2595;0;0;95;0;200;0;
9917;5726519;1061289984;23678976;1201901568;0;0;0;0;0;0;0;0;0;0;0;1773;0;0;95;0;200;0;
9918;7622766;1061289984;23678976;1201901568;0;0;0;0;0;0;0;0;0;0;0;3927;0;0;95;0;200;0;
9919;6155354;1061289984;23678976;1201901568;0;0;0;0;0;0;0;0;0;0;0;1934;0;0;95;0;200;0;
9920;7407862;1061289984;23678976;1201901568;0;0;0;0;0;0;0;0;0;0;0;3186;0;0;95;0;200;0;
9921;7483174;1061289984;23678976;1201901568;0;0;0;0;0;0;0;0;0;0;0;3035;0;0;95;0;200;0;
9922;6645834;1061289984;23678976;1201901568;0;0;0;0;0;0;0;0;0;0;0;3757;0;0;95;0;200;0;
9923;7206815;1061289984;23678976;1201901568;0;0;0;0;0;0;0;0;0;0;0;3677;0;0;95;0;200;0;
9924;10058033;1061289984;23678976;1201901568;0;0;0;0;0;0;0;0;0;0;0;3376;0;0;95;0;200;0;
9925;7922457;1061289984;23678976;1201901568;0;0;0;0;0;0;0;0;0;0;0;3356;0;0;95;0;200;0;
9926;4299834;1061289984;23678976;1201901568;0;0;0;0;0;0;0;0;0;0;0;3336;0;0;95;0;200;0;
9927;7230610;1061289984;23678976;1201901568;0;0;0;0;0;0;0;0;0;0;0;2003;0;0;95;0;200;0;
9928;5958835;1061289984;23678976;1201901568;0;0;0;0;0;0;0;0;0;0;0;4378;0;0;95;0;200;0;
9929;8027314;1061289984;23678976;1201901568;0;0;0;0;0;0;0;0;0;0;0;2585;0;0;95;0;200;0;
9930;4400072;1061289984;23678976;1201901568;0;0;0;0;0;0;0;0;0;0;0;3667;0;0;95;0;200;0;
9931;9376545;1061289984;23678976;1201901568;0;0;0;0;0;0;0;0;0;0;0;3486;0;0;95;0;200;0;
9932;4892735;1061289984;23678976;1201901568;0;0;0;0;0;0;0;0;0;0;0;3656;0;0;95;0;200;0;
9933;7870650;1061289984;23678976;1201901568;0;0;0;0;0;0;0;0;0;0;0;2905;0;0;95;0;200;0;
9934;5897350;1061289984;23678976;1201901568;0;0;0;0;0;0;0;0;0;0;0;3847;0;0;95;0;200;0;
9935;6996912;1061289984;23678976;1201901568;0;0;0;0;0;0;0;0;0;0;0;2495;0;0;95;0;200;0;
9936;4151616;1061289984;23678976;1201901568;0;0;0;0;0;0;0;0;0;0;0;2865;0;0;95;0;200;0;
9937;7304359;1061289984;23678976;1201901568;0;0;0;0;0;0;0;0;0;0;0;2154;0;0;95;0;200;0;
9938;6582294;1061289984;23678976;1201901568;0;0;0;0;0;0;0;0;0;0;0;2705;0;0;95;0;200;0;
9939;10982015;1061289984;23678976;1201901568;0;0;0;0;0;0;0;0;0;0;0;3166;0;0;95;0;200;0;
9940;4165311;1061289984;23678976;1201901568;0;0;0;0;0;0;0;0;0;0;0;3096;0;0;95;0;200;0;
9941;6999477;1061289984;23678976;1201901568;0;0;0;0;0;0;0;0;0;0;0;2074;0;0;95;0;200;0;
9942;5242422;1061289984;23678976;1201901568;0;0;0;0;0;0;0;0;0;0;0;2945;0;0;95;0;200;0;
9943;10223573;1061289984;23678976;1201901568;0;0;0;0;0;0;0;0;0;0;0;3016;0;0;95;0;200;0;
9944;6348486;1061289984;23678976;1201901568;0;0;0;0;0;0;0;0;0;0;0;3546;0;0;95;0;200;0;
9945;7146492;1061289984;23678976;1201901568;0;0;0;0;0;0;0;0;0;0;0;3025;0;0;95;0;200;0;
9946;6198715;1061289984;23678976;1201901568;0;0;0;0;0;0;0;0;0;0;0;3917;0;0;95;0;200;0;
9947;8473571;1061289984;23678976;1201901568;0;0;0;0;0;0;0;0;0;0;0;2094;0;0;95;0;200;0;
9948;5086269;1061289984;23678976;1201901568;0;0;0;0;0;0;0;0;0;0;0;3567;0;0;95;0;200;0;
9949;6914157;1061289984;23678976;1201901568;0;0;0;0;0;0;0;0;0;0;0;2435;0;0;95;0;200;0;
9950;5035303;1061289984;23678976;1201901568;0;0;0;0;0;0;0;0;0;0;0;3386;0;0;95;0;200;0;
9951;6782079;1061289984;23678976;1201901568;0;0;0;0;0;0;0;0;0;0;0;1653;0;0;95;0;200;0;
9952;6656814;1061289984;23678976;1201901568;0;0;0;0;0;0;0;0;0;0;0;4439;0;0;95;0;200;0;
9953;5288898;1061289984;23678976;1201901568;0;0;0;0;0;0;0;0;0;0;0;2174;0;0;95;0;200;0;
9954;5330146;1061289984;23678976;1201901568;0;0;0;0;0;0;0;0;0;0;0;3046;0;0;95;0;200;0;
9955;7546333;1061289984;23678976;1201901568;0;0;0;0;0;0;0;0;0;0;0;3336;0;0;95;0;200;0;
9956;5166048;1061289984;23678976;1201901568;0;0;0;0;0;0;0;0;0;0;0;3356;0;0;95;0;200;0;
9957;7871643;1061289984;23678976;1201901568;0;0;0;0;0;0;0;0;0;0;0;3156;0;0;95;0;200;0;
9958;4977174;1061289984;23678976;1201901568;0;0;0;0;0;0;0;0;0;0;0;3266;0;0;95;0;200;0;
9959;7674703;1061289984;23678976;1201901568;0;0;0;0;0;0;0;0;0;0;0;2785;0;0;95;0;200;0;
9960;5312362;1061289984;23678976;1201901568;0;0;0;0;0;0;0;0;0;0;0;2604;0;0;95;0;200;0;
9961;8408259;1061289984;23678976;1201901568;0;0;0;0;0;0;0;0;0;0;0;3526;0;0;95;0;200;0;
9962;6441129;1061289984;23687168;1201909760;0;0;0;0;0;0;0;0;0;0;0;3146;0;0;95;0;200;0;
9963;5360393;1061289984;23687168;1201909760;0;0;0;0;0;0;0;0;0;0;0;56256;0;0;95;0;200;0;
9964;6925408;1061289984;23687168;1201909760;0;0;0;0;0;0;0;0;0;0;0;3135;0;0;95;0;200;0;
9965;8843515;1061289984;23687168;1201909760;0;0;0;0;0;0;0;0;0;0;0;2575;0;0;95;0;200;0;
9966;9038250;1061289984;23687168;1201909760;0;0;0;0;0;0;0;0;0;0;0;3617;0;0;95;0;200;0;
9967;10861219;1061289984;23687168;1201909760;0;0;0;0;0;0;0;0;0;0;0;3437;0;0;95;0;200;0;
9968;4938261;1061289984;23678976;1201901568;0;0;0;0;0;0;0;0;0;0;0;3316;0;0;95;0;200;0;
9969;6842252;1061289984;23678976;1201901568;0;0;0;0;0;0;0;0;0;0;0;3176;0;0;95;0;200;0;
9970;5139028;1061289984;23678976;1201901568;0;0;0;0;0;0;0;0;0;0;0;3236;0;0;95;0;200;0;
9971;7886169;1061289984;23678976;1201901568;0;0;0;0;0;0;0;0;0;0;0;2535;0;0;95;0;200;0;
9972;7679402;1061289984;23678976;1201901568;0;0;0;0;0;0;0;0;0;0;0;3817;0;0;95;0;200;0;
9973;13490189;1061289984;23678976;1201901568;0;0;0;0;0;0;0;0;0;0;0;2805;0;0;95;0;200;0;
9974;6220245;1061289984;23678976;1201901568;0;0;0;0;0;0;0;0;0;0;0;3537;0;0;95;0;200;0;
9975;5520132;1061289984;23678976;1201901568;0;0;0;0;0;0;0;0;0;0;0;2965;0;0;95;0;200;0;
9976;5554447;1061289984;23678976;1201901568;0;0;0;0;0;0;0;0;0;0;0;2915;0;0;95;0;200;0;
9977;8154443;1061289984;23678976;1201901568;0;0;0;0;0;0;0;0;0;0;0;3406;0;0;95;0;200;0;
9978;5013722;1061289984;23678976;1201901568;0;0;0;0;0;0;0;0;0;0;0;3427;0;0;95;0;200;0;
9979;8037013;1061289984;23678976;1201901568;0;0;0;0;0;0;0;0;0;0;0;3146;0;0;95;0;200;0;
9980;3966128;1061289984;23678976;1201901568;0;0;0;0;0;0;0;0;0;0;0;3266;0;0;95;0;200;0;
9981;10004623;1061289984;23678976;1201901568;0;0;0;0;0;0;0;0;0;0;0;2966;0;0;95;0;200;0;
9982;3848758;1061289984;23678976;1201901568;0;0;0;0;0;0;0;0;0;0;0;2485;0;0;95;0;200;0;
9983;6666332;1061289984;23678976;1201901568;0;0;0;0;0;0;0;0;0;0;0;3025;0;0;95;0;200;0;
9984;4097073;1061289984;23678976;1201901568;0;0;0;0;0;0;0;0;0;0;0;3407;0;0;95;0;200;0;
9985;10091305;1061289984;23678976;1201901568;0;0;0;0;0;0;0;0;0;0;0;3386;0;0;95;0;200;0;
9986;4957567;1061289984;23678976;1201901568;0;0;0;0;0;0;0;0;0;0;0;3356;0;0;95;0;200;0;
9987;5810266;1061289984;23678976;1201901568;0;0;0;0;0;0;0;0;0;0;0;1803;0;0;95;0;200;0;
9988;6903376;1061289984;23678976;1201901568;0;0;0;0;0;0;0;0;0;0;0;3477;0;0;95;0;200;0;
9989;6370026;1061289984;23678976;1201901568;0;0;0;0;0;0;0;0;0;0;0;1964;0;0;95;0;200;0;
9990;6755559;1061289984;23678976;1201901568;0;0;0;0;0;0;0;0;0;0;0;2925;0;0;95;0;200;0;
9991;5563334;1061289984;23678976;1201901568;0;0;0;0;0;0;0;0;0;0;0;2495;0;0;95;0;200;0;
9992;4784082;1061289984;23678976;1201901568;0;0;0;0;0;0;0;0;0;0;0;2735;0;0;95;0;200;0;
9993;10186825;1061289984;23678976;1201901568;0;0;0;0;0;0;0;0;0;0;0;2665;0;0;95;0;200;0;
9994;5374720;1061289984;23678976;1201901568;0;0;0;0;0;0;0;0;0;0;0;2234;0;0;95;0;200;0;
9995;8055848;1061289984;23678976;1201901568;0;0;0;0;0;0;0;0;0;0;0;2895;0;0;95;0;200;0;
9996;5558434;1061289984;23678976;1201901568;0;0;0;0;0;0;0;0;0;0;0;3587;0;0;95;0;200;0;
9997;8091154;1061289984;23678976;1201901568;0;0;0;0;0;0;0;0;0;0;0;2866;0;0;95;0;200;0;
9998;7231853;1061289984;23678976;1201901568;0;0;0;0;0;0;0;0;0;0;0;2936;0;0;95;0;200;0;
9999;7500597;1061289984;23678976;1201901568;0;0;0;0;0;0;0;0;0;0;0;3687;0;0;95;0;200;0;
10000;4733577;1061289984;23678976;1201901568;0;0;0;0;0;0;0;0;0;0;0;3777;0;0;95;0;200;0;
10001;8148141;1061289984;23678976;1201901568;0;0;0;0;0;0;0;0;0;0;0;2625;0;0;95;0;200;0;
10002;6318380;1061289984;23678976;1201901568;0;0;0;0;0;0;0;0;0;0;0;3827;0;0;95;0;200;0;
10003;12221560;1061289984;23678976;1201901568;0;0;0;0;0;0;0;0;0;0;0;4458;0;0;95;0;200;0;
10004;5786893;1061289984;23678976;1201901568;0;0;0;0;0;0;0;0;0;0;0;3276;0;0;95;0;200;0;
10005;7521105;1061289984;23678976;1201901568;0;0;0;0;0;0;0;0;0;0;0;3196;0;0;95;0;200;0;
10006;5546051;1061289984;23678976;1201901568;0;0;0;0;0;0;0;0;0;0;0;3426;0;0;95;0;200;0;
10007;7379840;1061289984;23678976;1201901568;0;0;0;0;0;0;0;0;0;0;0;2945;0;0;95;0;200;0;
10008;5254303;1061289984;23678976;1201901568;0;0;0;0;0;0;0;0;0;0;0;3366;0;0;95;0;200;0;
10009;10107896;1061289984;23678976;1201901568;0;0;0;0;0;0;0;0;0;0;0;2655;0;0;95;0;200;0;
10010;7507519;1061289984;23678976;1201901568;0;0;0;0;0;0;0;0;0;0;0;3607;0;0;95;0;200;0;
10011;7379780;1061289984;23678976;1201901568;0;0;0;0;0;0;0;0;0;0;0;2986;0;0;95;0;200;0;
10012;5060740;1061289984;23678976;1201901568;0;0;0;0;0;0;0;0;0;0;0;3086;0;0;95;0;200;0;
10013;10494441;1061289984;23678976;1201901568;0;0;0;0;0;0;0;0;0;0;0;3637;0;0;95;0;200;0;
10014;7213899;1061289984;23678976;1201901568;0;0;0;0;0;0;0;0;0;0;0;2896;0;0;95;0;200;0;
10015;7786963;1061289984;23678976;1201901568;0;0;0;0;0;0;0;0;0;0;0;4068;0;0;95;0;200;0;
10016;4403759;1061289984;23678976;1201901568;0;0;0;0;0;0;0;0;0;0;0;3387;0;0;95;0;200;0;
10017;9072274;1061289984;23678976;1201901568;0;0;0;0;0;0;0;0;0;0;0;4278;0;0;95;0;200;0;
10018;10428237;1061289984;23678976;1201901568;0;0;0;0;0;0;0;0;0;0;0;3887;0;0;95;0;200;0;
10019;7781864;1061289984;23678976;1201901568;0;0;0;0;0;0;0;0;0;0;0;4258;0;0;95;0;200;0;
10020;6169400;1061289984;23678976;1201901568;0;0;0;0;0;0;0;0;0;0;0;4027;0;0;95;0;200;0;
10021;6909959;1061289984;23678976;1201901568;0;0;0;0;0;0;0;0;0;0;0;2655;0;0;95;0;200;0;
10022;5526945;1061289984;23678976;1201901568;0;0;0;0;0;0;0;0;0;0;0;2875;0;0;95;0;200;0;
10023;8939294;1061289984;23678976;1201901568;0;0;0;0;0;0;0;0;0;0;0;3617;0;0;95;0;200;0;
10024;8641146;1061289984;23678976;1201901568;0;0;0;0;0;0;0;0;0;0;0;5741;0;0;95;0;200;0;
10025;9360895;1061289984;23678976;1201901568;0;0;0;0;0;0;0;0;0;0;0;3868;0;0;95;0;200;0;
10026;6747575;1061289984;23678976;1201901568;0;0;0;0;0;0;0;0;0;0;0;5881;0;0;95;0;200;0;
10027;9024044;1061289984;23678976;1201901568;0;0;0;0;0;0;0;0;0;0;0;2825;0;0;95;0;200;0;
10028;5445462;1061289984;23678976;1201901568;0;0;0;0;0;0;0;0;0;0;0;4028;0;0;95;0;200;0;
10029;9690483;1061289984;23678976;1201901568;0;0;0;0;0;0;0;0;0;0;0;3146;0;0;95;0;200;0;
10030;5221592;1061289984;23678976;1201901568;0;0;0;0;0;0;0;0;0;0;0;3156;0;0;95;0;200;0;
10031;9952455;1061289984;23678976;1201901568;0;0;0;0;0;0;0;0;0;0;0;3237;0;0;95;0;200;0;
10032;5651258;1061289984;23678976;1201901568;0;0;0;0;0;0;0;0;0;0;0;3276;0;0;95;0;200;0;
10033;9097562;1061289984;23678976;1201901568;0;0;0;0;0;0;0;0;0;0;0;3656;0;0;95;0;200;0;
10034;8601221;1061289984;23678976;1201901568;0;0;0;0;0;0;0;0;0;0;0;3666;0;0;95;0;200;0;
10035;6793570;1061289984;23678976;1201901568;0;0;0;0;0;0;0;0;0;0;0;3116;0;0;95;0;200;0;
10036;7507179;1061289984;23678976;1201901568;0;0;0;0;0;0;0;0;0;0;0;3397;0;0;95;0;200;0;
10037;8834357;1061289984;23678976;1201901568;0;0;0;0;0;0;0;0;0;0;0;3837;0;0;95;0;200;0;
10038;5916987;1061289984;23678976;1201901568;0;0;0;0;0;0;0;0;0;0;0;3356;0;0;95;0;200;0;
10039;7908321;1061289984;23678976;1201901568;0;0;0;0;0;0;0;0;0;0;0;2735;0;0;95;0;200;0;
10040;5361315;1061289984;23678976;1201901568;0;0;0;0;0;0;0;0;0;0;0;2735;0;0;95;0;200;0;
10041;10338359;1061289984;23678976;1201901568;0;0;0;0;0;0;0;0;0;0;0;3026;0;0;95;0;200;0;
10042;6097535;1061289984;23678976;1201901568;0;0;0;0;0;0;0;0;0;0;0;2885;0;0;95;0;200;0;
10043;7017991;1061289984;23678976;1201901568;0;0;0;0;0;0;0;0;0;0;0;3116;0;0;95;0;200;0;
10044;7554888;1061289984;23678976;1201901568;0;0;0;0;0;0;0;0;0;0;0;2746;0;0;95;0;200;0;
10045;8181173;1061289984;23678976;1201901568;0;0;0;0;0;0;0;0;0;0;0;3697;0;0;95;0;200;0;
10046;5865460;1061289984;23678976;1201901568;0;0;0;0;0;0;0;0;0;0;0;4869;0;0;95;0;200;0;
10047;7407031;1061289984;23678976;1201901568;0;0;0;0;0;0;0;0;0;0;0;2464;0;0;95;0;200;0;
10048;7257710;1061289984;23678976;1201901568;0;0;0;0;0;0;0;0;0;0;0;3637;0;0;95;0;200;0;
10049;9804787;1061289984;23678976;1201901568;0;0;0;0;0;0;0;0;0;0;0;3627;0;0;95;0;200;0;
10050;6437773;1061289984;23678976;1201901568;0;0;0;0;0;0;0;0;0;0;0;3627;0;0;95;0;200;0;
10051;7156902;1061289984;23678976;1201901568;0;0;0;0;0;0;0;0;0;0;0;2925;0;0;95;0;200;0;
10052;7116506;1061289984;23678976;1201901568;0;0;0;0;0;0;0;0;0;0;0;3827;0;0;95;0;200;0;
10053;8073581;1061289984;23678976;1201901568;0;0;0;0;0;0;0;0;0;0;0;3777;0;0;95;0;200;0;
10054;5186546;1061289984;23678976;1201901568;0;0;0;0;0;0;0;0;0;0;0;2665;0;0;95;0;200;0;
10055;7155329;1061289984;23678976;1201901568;0;0;0;0;0;0;0;0;0;0;0;2595;0;0;95;0;200;0;
10056;8462821;1061289984;23678976;1201901568;0;0;0;0;0;0;0;0;0;0;0;2835;0;0;95;0;200;0;
10057;7603138;1061289984;23678976;1201901568;0;0;0;0;0;0;0;0;0;0;0;2795;0;0;95;0;200;0;
10058;4718790;1061289984;23678976;1201901568;0;0;0;0;0;0;0;0;0;0;0;4047;0;0;95;0;200;0;
10059;6386798;1061289984;23678976;1201901568;0;0;0;0;0;0;0;0;0;0;0;2354;0;0;95;0;200;0;
10060;6312238;1061289984;23678976;1201901568;0;0;0;0;0;0;0;0;0;0;0;2765;0;0;95;0;200;0;
10061;7660356;1061289984;23678976;1201901568;0;0;0;0;0;0;0;0;0;0;0;2294;0;0;95;0;200;0;
10062;6689054;1061289984;23678976;1201901568;0;0;0;0;0;0;0;0;0;0;0;3497;0;0;95;0;200;0;
10063;7320789;1061289984;23678976;1201901568;0;0;0;0;0;0;0;0;0;0;0;2685;0;0;95;0;200;0;
10064;4787939;1061289984;23678976;1201901568;0;0;0;0;0;0;0;0;0;0;0;3246;0;0;95;0;200;0;
10065;6218803;1061289984;23678976;1201901568;0;0;0;0;0;0;0;0;0;0;0;1713;0;0;95;0;200;0;
10066;5312303;1061289984;23678976;1201901568;0;0;0;0;0;0;0;0;0;0;0;3035;0;0;95;0;200;0;
10067;8187755;1061289984;23678976;1201901568;0;0;0;0;0;0;0;0;0;0;0;3396;0;0;95;0;200;0;
10068;7013693;1061289984;23678976;1201901568;0;0;0;0;0;0;0;0;0;0;0;3877;0;0;95;0;200;0;
10069;9241622;1061289984;23678976;1201901568;0;0;0;0;0;0;0;0;0;0;0;2936;0;0;95;0;200;0;
10070;3367686;1061289984;23678976;1201901568;0;0;0;0;0;0;0;0;0;0;0;2985;0;0;95;0;200;0;
10071;7001119;1061289984;23678976;1201901568;0;0;0;0;0;0;0;0;0;0;0;2194;0;0;95;0;200;0;
10072;6420982;1061289984;23678976;1201901568;0;0;0;0;0;0;0;0;0;0;0;3587;0;0;95;0;200;0;
10073;7816569;1061289984;23678976;1201901568;0;0;0;0;0;0;0;0;0;0;0;3626;0;0;95;0;200;0;
10074;5008713;1061289984;23678976;1201901568;0;0;0;0;0;0;0;0;0;0;0;2946;0;0;95;0;200;0;
10075;6048093;1061289984;23678976;1201901568;0;0;0;0;0;0;0;0;0;0;0;2194;0;0;95;0;200;0;
10076;6509728;1061289984;23678976;1201901568;0;0;0;0;0;0;0;0;0;0;0;3387;0;0;95;0;200;0;
10077;8749920;1061289984;23678976;1201901568;0;0;0;0;0;0;0;0;0;0;0;3176;0;0;95;0;200;0;
10078;6427003;1061289984;23678976;1201901568;0;0;0;0;0;0;0;0;0;0;0;3237;0;0;95;0;200;0;
10079;6026021;1061289984;23678976;1201901568;0;0;0;0;0;0;0;0;0;0;0;2665;0;0;95;0;200;0;
10080;8594308;1061289984;23678976;1201901568;0;0;0;0;0;0;0;0;0;0;0;3938;0;0;95;0;200;0;
10081;8613755;1061289984;23678976;1201901568;0;0;0;0;0;0;0;0;0;0;0;3517;0;0;95;0;200;0;
10082;4224542;1061289984;23678976;1201901568;0;0;0;0;0;0;0;0;0;0;0;3547;0;0;95;0;200;0;
10083;6663917;1061289984;23678976;1201901568;0;0;0;0;0;0;0;0;0;0;0;2154;0;0;95;0;200;0;
10084;7069207;1061289984;23678976;1201901568;0;0;0;0;0;0;0;0;0;0;0;129442;0;0;95;0;200;0;
10085;7999392;1061289984;23678976;1201901568;0;0;0;0;0;0;0;0;0;0;0;4739;0;0;95;0;200;0;
10086;6537701;1061289984;23678976;1201901568;0;0;0;0;0;0;0;0;0;0;0;4158;0;0;95;0;200;0;
10087;8106693;1061289984;23678976;1201901568;0;0;0;0;0;0;0;0;0;0;0;3256;0;0;95;0;200;0;
10088;6298953;1061289984;23678976;1201901568;0;0;0;0;0;0;0;0;0;0;0;3376;0;0;95;0;200;0;
10089;8754307;1061289984;23678976;1201901568;0;0;0;0;0;0;0;0;0;0;0;3677;0;0;95;0;200;0;
10090;5721420;1061289984;23678976;1201901568;0;0;0;0;0;0;0;0;0;0;0;2825;0;0;95;0;200;0;
10091;7377996;1061289984;23678976;1201901568;0;0;0;0;0;0;0;0;0;0;0;2314;0;0;95;0;200;0;
10092;7223117;1061289984;23678976;1201901568;0;0;0;0;0;0;0;0;0;0;0;4217;0;0;95;0;200;0;
10093;7205153;1061289984;23678976;1201901568;0;0;0;0;0;0;0;0;0;0;0;2485;0;0;95;0;200;0;
10094;4710373;1061289984;23678976;1201901568;0;0;0;0;0;0;0;0;0;0;0;2946;0;0;95;0;200;0;
10095;9522458;1061289984;23678976;1201901568;0;0;0;0;0;0;0;0;0;0;0;3447;0;0;95;0;200;0;
10096;8058793;1061289984;23678976;1201901568;0;0;0;0;0;0;0;0;0;0;0;3617;0;0;95;0;200;0;
10097;10471989;1061289984;23678976;1201901568;0;0;0;0;0;0;0;0;0;0;0;4539;0;0;95;0;200;0;
10098;7561641;1061289984;23678976;1201901568;0;0;0;0;0;0;0;0;0;0;0;4368;0;0;95;0;200;0;
10099;10564762;1061289984;23678976;1201901568;0;0;0;0;0;0;0;0;0;0;0;2996;0;0;95;0;200;0;
10100;9233356;1061289984;23678976;1201901568;0;0;0;0;0;0;0;0;0;0;0;3507;0;0;95;0;200;0;
10101;6733137;1061289984;23678976;1201901568;0;0;0;0;0;0;0;0;0;0;0;2635;0;0;95;0;200;0;
10102;6369305;1061289984;23678976;1201901568;0;0;0;0;0;0;0;0;0;0;0;3637;0;0;95;0;200;0;
10103;9806611;1061289984;23678976;1201901568;0;0;0;0;0;0;0;0;0;0;0;3947;0;0;95;0;200;0;
10104;4388220;1061289984;23678976;1201901568;0;0;0;0;0;0;0;0;0;0;0;4208;0;0;95;0;200;0;
10105;9083766;1061289984;23678976;1201901568;0;0;0;0;0;0;0;0;0;0;0;2856;0;0;95;0;200;0;
10106;7037128;1061289984;23678976;1201901568;0;0;0;0;0;0;0;0;0;0;0;3297;0;0;95;0;200;0;
10107;9699110;1061289984;23678976;1201901568;0;0;0;0;0;0;0;0;0;0;0;3146;0;0;95;0;200;0;
10108;4705064;1061289984;23678976;1201901568;0;0;0;0;0;0;0;0;0;0;0;2835;0;0;95;0;200;0;
10109;7423752;1061289984;23678976;1201901568;0;0;0;0;0;0;0;0;0;0;0;2775;0;0;95;0;200;0;
10110;9030927;1061289984;23678976;1201901568;0;0;0;0;0;0;0;0;0;0;0;3386;0;0;95;0;200;0;
10111;11224290;1061289984;23678976;1201901568;0;0;0;0;0;0;0;0;0;0;0;3196;0;0;95;0;200;0;
10112;7832719;1061289984;23678976;1201901568;0;0;0;0;0;0;0;0;0;0;0;3576;0;0;95;0;200;0;
10113;9625892;1061289984;23678976;1201901568;0;0;0;0;0;0;0;0;0;0;0;4108;0;0;95;0;200;0;
10114;4561986;1061289984;23678976;1201901568;0;0;0;0;0;0;0;0;0;0;0;2906;0;0;95;0;200;0;
10115;8339890;1061289984;23678976;1201901568;0;0;0;0;0;0;0;0;0;0;0;2855;0;0;95;0;200;0;
10116;7928609;1061289984;23678976;1201901568;0;0;0;0;0;0;0;0;0;0;0;3005;0;0;95;0;200;0;
10117;8965023;1061289984;23678976;1201901568;0;0;0;0;0;0;0;0;0;0;0;4809;0;0;95;0;200;0;
10118;6505189;1061289984;23678976;1201901568;0;0;0;0;0;0;0;0;0;0;0;3436;0;0;95;0;200;0;
10119;10218944;1061289984;23678976;1201901568;0;0;0;0;0;0;0;0;0;0;0;2995;0;0;95;0;200;0;
10120;6105691;1061289984;23678976;1201901568;0;0;0;0;0;0;0;0;0;0;0;4068;0;0;95;0;200;0;
10121;9658824;1061289984;23678976;1201901568;0;0;0;0;0;0;0;0;0;0;0;3537;0;0;95;0;200;0;
10122;6719482;1061289984;23678976;1201901568;0;0;0;0;0;0;0;0;0;0;0;4117;0;0;95;0;200;0;
10123;8555605;1061289984;23678976;1201901568;0;0;0;0;0;0;0;0;0;0;0;4108;0;0;95;0;200;0;
10124;7075239;1061289984;23678976;1201901568;0;0;0;0;0;0;0;0;0;0;0;3306;0;0;95;0;200;0;
10125;7853178;1061289984;23678976;1201901568;0;0;0;0;0;0;0;0;0;0;0;4188;0;0;95;0;200;0;
10126;5879797;1061289984;23678976;1201901568;0;0;0;0;0;0;0;0;0;0;0;3527;0;0;95;0;200;0;
10127;5900886;1061289984;23678976;1201901568;0;0;0;0;0;0;0;0;0;0;0;3747;0;0;95;0;200;0;
10128;7971179;1061289984;23678976;1201901568;0;0;0;0;0;0;0;0;0;0;0;3196;0;0;95;0;200;0;
10129;7482502;1061289984;23678976;1201901568;0;0;0;0;0;0;0;0;0;0;0;2685;0;0;95;0;200;0;
10130;6643739;1061289984;23678976;1201901568;0;0;0;0;0;0;0;0;0;0;0;2755;0;0;95;0;200;0;
10131;7510335;1061289984;23678976;1201901568;0;0;0;0;0;0;0;0;0;0;0;3788;0;0;95;0;200;0;
10132;5421959;1061289984;23678976;1201901568;0;0;0;0;0;0;0;0;0;0;0;3587;0;0;95;0;200;0;
10133;9180306;1061289984;23678976;1201901568;0;0;0;0;0;0;0;0;0;0;0;3656;0;0;95;0;200;0;
10134;6452370;1061289984;23678976;1201901568;0;0;0;0;0;0;0;0;0;0;0;3176;0;0;95;0;200;0;
10135;8864475;1061289984;23678976;1201901568;0;0;0;0;0;0;0;0;0;0;0;3897;0;0;95;0;200;0;
10136;4407506;1061289984;23678976;1201901568;0;0;0;0;0;0;0;0;0;0;0;3486;0;0;95;0;200;0;
10137;9164577;1061289984;23678976;1201901568;0;0;0;0;0;0;0;0;0;0;0;2785;0;0;95;0;200;0;
10138;6251955;1061289984;23678976;1201901568;0;0;0;0;0;0;0;0;0;0;0;3186;0;0;95;0;200;0;
10139;5487792;1061289984;23678976;1201901568;0;0;0;0;0;0;0;0;0;0;0;2565;0;0;95;0;200;0;
10140;3475558;1061289984;23678976;1201901568;0;0;0;0;0;0;0;0;0;0;0;2615;0;0;95;0;200;0;
10141;7116225;1061289984;23678976;1201901568;0;0;0;0;0;0;0;0;0;0;0;4258;0;0;95;0;200;0;
10142;4792217;1061289984;23678976;1201901568;0;0;0;0;0;0;0;0;0;0;0;3467;0;0;95;0;200;0;
10143;8211129;1061289984;23678976;1201901568;0;0;0;0;0;0;0;0;0;0;0;2975;0;0;95;0;200;0;
10144;12992195;1061289984;23678976;1201901568;0;0;0;0;0;0;0;0;0;0;0;3146;0;0;95;0;200;0;
10145;6870846;1061289984;23678976;1201901568;0;0;0;0;0;0;0;0;0;0;0;1804;0;0;95;0;200;0;
10146;5414273;1061289984;23678976;1201901568;0;0;0;0;0;0;0;0;0;0;0;4168;0;0;95;0;200;0;
10147;8390375;1061289984;23678976;1201901568;0;0;0;0;0;0;0;0;0;0;0;3206;0;0;95;0;200;0;
10148;9804147;1061289984;23678976;1201901568;0;0;0;0;0;0;0;0;0;0;0;3506;0;0;95;0;200;0;
10149;11765996;1061289984;23678976;1201901568;0;0;0;0;0;0;0;0;0;0;0;3557;0;0;95;0;200;0;
10150;5023561;1061289984;23678976;1201901568;0;0;0;0;0;0;0;0;0;0;0;3046;0;0;95;0;200;0;
10151;10387460;1061289984;23678976;1201901568;0;0;0;0;0;0;0;0;0;0;0;3737;0;0;95;0;200;0;
10152;4853462;1061289984;23678976;1201901568;0;0;0;0;0;0;0;0;0;0;0;2865;0;0;95;0;200;0;
10153;7240138;1061289984;23678976;1201901568;0;0;0;0;0;0;0;0;0;0;0;3327;0;0;95;0;200;0;
10154;6893338;1061289984;23678976;1201901568;0;0;0;0;0;0;0;0;0;0;0;2935;0;0;95;0;200;0;
10155;9906569;1061289984;23678976;1201901568;0;0;0;0;0;0;0;0;0;0;0;3266;0;0;95;0;200;0;
10156;6639071;1061289984;23678976;1201901568;0;0;0;0;0;0;0;0;0;0;0;3166;0;0;95;0;200;0;
10157;6474503;1061289984;23678976;1201901568;0;0;0;0;0;0;0;0;0;0;0;2224;0;0;95;0;200;0;
10158;7184023;1061289984;23678976;1201901568;0;0;0;0;0;0;0;0;0;0;0;3146;0;0;95;0;200;0;
10159;6626257;1061289984;23678976;1201901568;0;0;0;0;0;0;0;0;0;0;0;3085;0;0;95;0;200;0;
10160;4945645;1061289984;23678976;1201901568;0;0;0;0;0;0;0;0;0;0;0;4178;0;0;95;0;200;0;
10161;7693809;1061289984;23678976;1201901568;0;0;0;0;0;0;0;0;0;0;0;2604;0;0;95;0;200;0;
10162;4834727;1061289984;23678976;1201901568;0;0;0;0;0;0;0;0;0;0;0;3747;0;0;95;0;200;0;
10163;8802498;1061289984;23678976;1201901568;0;0;0;0;0;0;0;0;0;0;0;3697;0;0;95;0;200;0;
10164;4064282;1061289984;23678976;1201901568;0;0;0;0;0;0;0;0;0;0;0;4148;0;0;95;0;200;0;
10165;8878811;1061289984;23678976;1201901568;0;0;0;0;0;0;0;0;0;0;0;3086;0;0;95;0;200;0;
10166;5449129;1061289984;23678976;1201901568;0;0;0;0;0;0;0;0;0;0;0;4008;0;0;95;0;200;0;
10167;9089316;1061289984;23678976;1201901568;0;0;0;0;0;0;0;0;0;0;0;3246;0;0;95;0;200;0;
10168;6608233;1061289984;23678976;1201901568;0;0;0;0;0;0;0;0;0;0;0;4819;0;0;95;0;200;0;
10169;8745592;1061289984;23678976;1201901568;0;0;0;0;0;0;0;0;0;0;0;3256;0;0;95;0;200;0;
10170;7588982;1061289984;23678976;1201901568;0;0;0;0;0;0;0;0;0;0;0;4919;0;0;95;0;200;0;
10171;7526385;1061289984;23678976;1201901568;0;0;0;0;0;0;0;0;0;0;0;3166;0;0;95;0;200;0;
10172;9600906;1061289984;23678976;1201901568;0;0;0;0;0;0;0;0;0;0;0;2936;0;0;95;0;200;0;
10173;5858166;1061289984;23678976;1201901568;0;0;0;0;0;0;0;0;0;0;0;2976;0;0;95;0;200;0;
10174;6762372;1061289984;23678976;1201901568;0;0;0;0;0;0;0;0;0;0;0;4348;0;0;95;0;200;0;
10175;7960910;1061289984;23678976;1201901568;0;0;0;0;0;0;0;0;0;0;0;2565;0;0;95;0;200;0;
10176;10112916;1061289984;23678976;1201901568;0;0;0;0;0;0;0;0;0;0;0;78848;0;0;95;0;200;0;
10177;5450482;1061289984;23678976;1201901568;0;0;0;0;0;0;0;0;0;0;0;2736;0;0;95;0;200;0;
10178;8430811;1061289984;23678976;1201901568;0;0;0;0;0;0;0;0;0;0;0;5059;0;0;95;0;200;0;
10179;7840474;1061289984;23678976;1201901568;0;0;0;0;0;0;0;0;0;0;0;3186;0;0;95;0;200;0;
10180;7849180;1061289984;23678976;1201901568;0;0;0;0;0;0;0;0;0;0;0;4258;0;0;95;0;200;0;
10181;8524407;1061289984;23678976;1201901568;0;0;0;0;0;0;0;0;0;0;0;3417;0;0;95;0;200;0;
10182;4535105;1061289984;23678976;1201901568;0;0;0;0;0;0;0;0;0;0;0;3257;0;0;95;0;200;0;
10183;7029553;1061289984;23678976;1201901568;0;0;0;0;0;0;0;0;0;0;0;3126;0;0;95;0;200;0;
10184;5698456;1061289984;23678976;1201901568;0;0;0;0;0;0;0;0;0;0;0;3396;0;0;95;0;200;0;
10185;9687027;1061289984;23678976;1201901568;0;0;0;0;0;0;0;0;0;0;0;4028;0;0;95;0;200;0;
10186;4082516;1061289984;23678976;1201901568;0;0;0;0;0;0;0;0;0;0;0;4408;0;0;95;0;200;0;
10187;9774501;1061289984;23678976;1201901568;0;0;0;0;0;0;0;0;0;0;0;3216;0;0;95;0;200;0;
10188;8717960;1061289984;23678976;1201901568;0;0;0;0;0;0;0;0;0;0;0;3336;0;0;95;0;200;0;
10189;7872364;1061289984;23678976;1201901568;0;0;0;0;0;0;0;0;0;0;0;2745;0;0;95;0;200;0;
10190;7761285;1061289984;23678976;1201901568;0;0;0;0;0;0;0;0;0;0;0;3015;0;0;95;0;200;0;
10191;9295383;1061289984;23678976;1201901568;0;0;0;0;0;0;0;0;0;0;0;2224;0;0;95;0;200;0;
10192;7320809;1061289984;23678976;1201901568;0;0;0;0;0;0;0;0;0;0;0;3306;0;0;95;0;200;0;
10193;8670230;1061289984;23678976;1201901568;0;0;0;0;0;0;0;0;0;0;0;2925;0;0;95;0;200;0;
10194;7603930;1061289984;23678976;1201901568;0;0;0;0;0;0;0;0;0;0;0;3126;0;0;95;0;200;0;
10195;8123114;1061289984;23678976;1201901568;0;0;0;0;0;0;0;0;0;0;0;3186;0;0;95;0;200;0;
10196;8671763;1061289984;23678976;1201901568;0;0;0;0;0;0;0;0;0;0;0;3526;0;0;95;0;200;0;
10197;8526971;1061289984;23678976;1201901568;0;0;0;0;0;0;0;0;0;0;0;3857;0;0;95;0;200;0;
10198;8501974;1061289984;23678976;1201901568;0;0;0;0;0;0;0;0;0;0;0;3897;0;0;95;0;200;0;
10199;9645850;1061289984;23678976;1201901568;0;0;0;0;0;0;0;0;0;0;0;3476;0;0;95;0;200;0;
10200;5714858;1061289984;23678976;1201901568;0;0;0;0;0;0;0;0;0;0;0;3316;0;0;95;0;200;0;
10201;8088069;1061289984;23678976;1201901568;0;0;0;0;0;0;0;0;0;0;0;2625;0;0;95;0;200;0;
10202;7069488;1061289984;23678976;1201901568;0;0;0;0;0;0;0;0;0;0;0;3286;0;0;95;0;200;0;
10203;10307480;1061289984;23678976;1201901568;0;0;0;0;0;0;0;0;0;0;0;2976;0;0;95;0;200;0;
10204;6139484;1061289984;23678976;1201901568;0;0;0;0;0;0;0;0;0;0;0;3196;0;0;95;0;200;0;
10205;6088197;1061289984;23678976;1201901568;0;0;0;0;0;0;0;0;0;0;0;3026;0;0;95;0;200;0;
10206;6877889;1061289984;23678976;1201901568;0;0;0;0;0;0;0;0;0;0;0;3887;0;0;95;0;200;0;
10207;8597634;1061289984;23678976;1201901568;0;0;0;0;0;0;0;0;0;0;0;2625;0;0;95;0;200;0;
10208;6518554;1061289984;23678976;1201901568;0;0;0;0;0;0;0;0;0;0;0;2955;0;0;95;0;200;0;
10209;9748172;1061289984;23678976;1201901568;0;0;0;0;0;0;0;0;0;0;0;2565;0;0;95;0;200;0;
10210;6660752;1061289984;23678976;1201901568;0;0;0;0;0;0;0;0;0;0;0;3256;0;0;95;0;200;0;
10211;10458093;1061289984;23678976;1201901568;0;0;0;0;0;0;0;0;0;0;0;4058;0;0;95;0;200;0;
10212;6053372;1061289984;23678976;1201901568;0;0;0;0;0;0;0;0;0;0;0;3907;0;0;95;0;200;0;
10213;9042157;1061289984;23678976;1201901568;0;0;0;0;0;0;0;0;0;0;0;3837;0;0;95;0;200;0;
10214;10633552;1061289984;23678976;1201901568;0;0;0;0;0;0;0;0;0;0;0;4077;0;0;95;0;200;0;
10215;13605836;1061289984;23678976;1201901568;0;0;0;0;0;0;0;0;0;0;0;3156;0;0;95;0;200;0;
10216;8544564;1061289984;23678976;1201901568;0;0;0;0;0;0;0;0;0;0;0;5791;0;0;95;0;200;0;
10217;9976299;1061289984;23678976;1201901568;0;0;0;0;0;0;0;0;0;0;0;3697;0;0;95;0;200;0;
10218;8490804;1061289984;23678976;1201901568;0;0;0;0;0;0;0;0;0;0;0;3266;0;0;95;0;200;0;
10219;7767998;1061289984;23678976;1201901568;0;0;0;0;0;0;0;0;0;0;0;2845;0;0;95;0;200;0;
10220;6212811;1061289984;23678976;1201901568;0;0;0;0;0;0;0;0;0;0;0;3626;0;0;95;0;200;0;
10221;8552188;1061289984;23678976;1201901568;0;0;0;0;0;0;0;0;0;0;0;3326;0;0;95;0;200;0;
10222;5013322;1061289984;23678976;1201901568;0;0;0;0;0;0;0;0;0;0;0;3737;0;0;95;0;200;0;
10223;9465281;1061289984;23678976;1201901568;0;0;0;0;0;0;0;0;0;0;0;4339;0;0;95;0;200;0;
10224;4388410;1061289984;23678976;1201901568;0;0;0;0;0;0;0;0;0;0;0;3547;0;0;95;0;200;0;
10225;9303277;1061289984;23678976;1201901568;0;0;0;0;0;0;0;0;0;0;0;3968;0;0;95;0;200;0;
10226;4766359;1061289984;23678976;1201901568;0;0;0;0;0;0;0;0;0;0;0;3536;0;0;95;0;200;0;
10227;7619610;1061289984;23678976;1201901568;0;0;0;0;0;0;0;0;0;0;0;3897;0;0;95;0;200;0;
10228;7019705;1061289984;23678976;1201901568;0;0;0;0;0;0;0;0;0;0;0;3316;0;0;95;0;200;0;
10229;7903542;1061289984;23678976;1201901568;0;0;0;0;0;0;0;0;0;0;0;3286;0;0;95;0;200;0;
10230;5730858;1061289984;23678976;1201901568;0;0;0;0;0;0;0;0;0;0;0;3977;0;0;95;0;200;0;
10231;8792669;1061289984;23678976;1201901568;0;0;0;0;0;0;0;0;0;0;0;3106;0;0;95;0;200;0;
10232;5821327;1061289984;23678976;1201901568;0;0;0;0;0;0;0;0;0;0;0;4057;0;0;95;0;200;0;
10233;10668818;1061289984;23678976;1201901568;0;0;0;0;0;0;0;0;0;0;0;3156;0;0;95;0;200;0;
10234;4955233;1061289984;23678976;1201901568;0;0;0;0;0;0;0;0;0;0;0;4238;0;0;95;0;200;0;
10235;8756893;1061289984;23678976;1201901568;0;0;0;0;0;0;0;0;0;0;0;3957;0;0;95;0;200;0;
10236;3398593;1061289984;23678976;1201901568;0;0;0;0;0;0;0;0;0;0;0;2765;0;0;95;0;200;0;
10237;6981353;1061289984;23678976;1201901568;0;0;0;0;0;0;0;0;0;0;0;2826;0;0;95;0;200;0;
10238;3492841;1061289984;23678976;1201901568;0;0;0;0;0;0;0;0;0;0;0;3256;0;0;95;0;200;0;
10239;7460051;1061289984;23678976;1201901568;0;0;0;0;0;0;0;0;0;0;0;3126;0;0;95;0;200;0;
10240;5166769;1061289984;23678976;1201901568;0;0;0;0;0;0;0;0;0;0;0;2445;0;0;95;0;200;0;
10241;7587019;1061289984;23678976;1201901568;0;0;0;0;0;0;0;0;0;0;0;3376;0;0;95;0;200;0;
10242;4425860;1061289984;23678976;1201901568;0;0;0;0;0;0;0;0;0;0;0;3436;0;0;95;0;200;0;
10243;6629162;1061289984;23678976;1201901568;0;0;0;0;0;0;0;0;0;0;0;2785;0;0;95;0;200;0;
10244;9282107;1061289984;23678976;1201901568;0;0;0;0;0;0;0;0;0;0;0;3386;0;0;95;0;200;0;
10245;5783737;1061289984;23678976;1201901568;0;0;0;0;0;0;0;0;0;0;0;2816;0;0;95;0;200;0;
10246;6088719;1061289984;23678976;1201901568;0;0;0;0;0;0;0;0;0;0;0;3096;0;0;95;0;200;0;
10247;8262586;1061289984;23678976;1201901568;0;0;0;0;0;0;0;0;0;0;0;1793;0;0;95;0;200;0;
10248;4250772;1061289984;23678976;1201901568;0;0;0;0;0;0;0;0;0;0;0;3316;0;0;95;0;200;0;
10249;8447532;1061289984;23678976;1201901568;0;0;0;0;0;0;0;0;0;0;0;3617;0;0;95;0;200;0;
10250;6630585;1061289984;23678976;1201901568;0;0;0;0;0;0;0;0;0;0;0;2855;0;0;95;0;200;0;
10251;8023066;1061289984;23678976;1201901568;0;0;0;0;0;0;0;0;0;0;0;5681;0;0;95;0;200;0;
10252;5397373;1061289984;23678976;1201901568;0;0;0;0;0;0;0;0;0;0;0;2805;0;0;95;0;200;0;
10253;7872584;1061289984;23678976;1201901568;0;0;0;0;0;0;0;0;0;0;0;2445;0;0;95;0;200;0;
10254;5270965;1061289984;23678976;1201901568;0;0;0;0;0;0;0;0;0;0;0;3837;0;0;95;0;200;0;
10255;9615834;1061289984;23678976;1201901568;0;0;0;0;0;0;0;0;0;0;0;3046;0;0;95;0;200;0;
10256;5270645;1061289984;23678976;1201901568;0;0;0;0;0;0;0;0;0;0;0;2675;0;0;95;0;200;0;
10257;5678500;1061289984;23678976;1201901568;0;0;0;0;0;0;0;0;0;0;0;1763;0;0;95;0;200;0;
10258;6006695;1061289984;23678976;1201901568;0;0;0;0;0;0;0;0;0;0;0;3316;0;0;95;0;200;0;
10259;8173439;1061289984;23678976;1201901568;0;0;0;0;0;0;0;0;0;0;0;4508;0;0;95;0;200;0;
10260;5629667;1061289984;23678976;1201901568;0;0;0;0;0;0;0;0;0;0;0;3366;0;0;95;0;200;0;
10261;8756732;1061289984;23678976;1201901568;0;0;0;0;0;0;0;0;0;0;0;3647;0;0;95;0;200;0;
10262;5155278;1061289984;23678976;1201901568;0;0;0;0;0;0;0;0;0;0;0;3105;0;0;95;0;200;0;
10263;6537420;1061289984;23678976;1201901568;0;0;0;0;0;0;0;0;0;0;0;3156;0;0;95;0;200;0;
10264;5364681;1061289984;23678976;1201901568;0;0;0;0;0;0;0;0;0;0;0;3056;0;0;95;0;200;0;
10265;6741082;1061289984;23678976;1201901568;0;0;0;0;0;0;0;0;0;0;0;3266;0;0;95;0;200;0;
10266;4544883;1061289984;23678976;1201901568;0;0;0;0;0;0;0;0;0;0;0;3226;0;0;95;0;200;0;
10267;4912603;1061289984;23678976;1201901568;0;0;0;0;0;0;0;0;0;0;0;3186;0;0;95;0;200;0;
10268;5012911;1061289984;23678976;1201901568;0;0;0;0;0;0;0;0;0;0;0;3096;0;0;95;0;200;0;
10269;8207322;1061289984;23678976;1201901568;0;0;0;0;0;0;0;0;0;0;0;3566;0;0;95;0;200;0;
10270;6811805;1061289984;23678976;1201901568;0;0;0;0;0;0;0;0;0;0;0;2836;0;0;95;0;200;0;
10271;8349388;1061289984;23678976;1201901568;0;0;0;0;0;0;0;0;0;0;0;2695;0;0;95;0;200;0;
10272;7277078;1061289984;23678976;1201901568;0;0;0;0;0;0;0;0;0;0;0;3908;0;0;95;0;200;0;
10273;6969611;1061289984;23678976;1201901568;0;0;0;0;0;0;0;0;0;0;0;2344;0;0;95;0;200;0;
10274;6873230;1061289984;23678976;1201901568;0;0;0;0;0;0;0;0;0;0;0;3176;0;0;95;0;200;0;
10275;7739434;1061289984;23678976;1201901568;0;0;0;0;0;0;0;0;0;0;0;2394;0;0;95;0;200;0;
10276;7282497;1061289984;23678976;1201901568;0;0;0;0;0;0;0;0;0;0;0;3427;0;0;95;0;200;0;
10277;10461509;1061289984;23678976;1201901568;0;0;0;0;0;0;0;0;0;0;0;3667;0;0;95;0;200;0;
10278;8406235;1061289984;23678976;1201901568;0;0;0;0;0;0;0;0;0;0;0;3076;0;0;95;0;200;0;
10279;5946492;1061289984;23678976;1201901568;0;0;0;0;0;0;0;0;0;0;0;2404;0;0;95;0;200;0;
10280;6013307;1061289984;23678976;1201901568;0;0;0;0;0;0;0;0;0;0;0;3927;0;0;95;0;200;0;
10281;8203505;1061289984;23678976;1201901568;0;0;0;0;0;0;0;0;0;0;0;3246;0;0;95;0;200;0;
10282;6046710;1061289984;23678976;1201901568;0;0;0;0;0;0;0;0;0;0;0;2835;0;0;95;0;200;0;
10283;8114558;1061289984;23678976;1201901568;0;0;0;0;0;0;0;0;0;0;0;8035;0;0;95;0;200;0;
10284;7058728;1061289984;23678976;1201901568;0;0;0;0;0;0;0;0;0;0;0;4008;0;0;95;0;200;0;
10285;8850458;1061289984;23678976;1201901568;0;0;0;0;0;0;0;0;0;0;0;3687;0;0;95;0;200;0;
10286;5326278;1061289984;23678976;1201901568;0;0;0;0;0;0;0;0;0;0;0;3456;0;0;95;0;200;0;
10287;8425571;1061289984;23678976;1201901568;0;0;0;0;0;0;0;0;0;0;0;3497;0;0;95;0;200;0;
10288;6572697;1061289984;23678976;1201901568;0;0;0;0;0;0;0;0;0;0;0;3026;0;0;95;0;200;0;
10289;10935278;1061289984;23678976;1201901568;0;0;0;0;0;0;0;0;0;0;0;3727;0;0;95;0;200;0;
10290;3560787;1061289984;23678976;1201901568;0;0;0;0;0;0;0;0;0;0;0;3567;0;0;95;0;200;0;
10291;8224414;1061289984;23678976;1201901568;0;0;0;0;0;0;0;0;0;0;0;3456;0;0;95;0;200;0;
10292;4879320;1061289984;23678976;1201901568;0;0;0;0;0;0;0;0;0;0;0;2655;0;0;95;0;200;0;
10293;5621523;1061289984;23678976;1201901568;0;0;0;0;0;0;0;0;0;0;0;2405;0;0;95;0;200;0;
10294;7902881;1061289984;23678976;1201901568;0;0;0;0;0;0;0;0;0;0;0;3286;0;0;95;0;200;0;
10295;9604091;1061289984;23678976;1201901568;0;0;0;0;0;0;0;0;0;0;0;2925;0;0;95;0;200;0;
10296;3899342;1061289984;23678976;1201901568;0;0;0;0;0;0;0;0;0;0;0;3176;0;0;95;0;200;0;
10297;5442056;1061289984;23678976;1201901568;0;0;0;0;0;0;0;0;0;0;0;1683;0;0;95;0;200;0;
10298;5408653;1061289984;23678976;1201901568;0;0;0;0;0;0;0;0;0;0;0;3536;0;0;95;0;200;0;
10299;7395660;1061289984;23678976;1201901568;0;0;0;0;0;0;0;0;0;0;0;2816;0;0;95;0;200;0;
10300;7478295;1061289984;23678976;1201901568;0;0;0;0;0;0;0;0;0;0;0;3677;0;0;95;0;200;0;
10301;6090251;1061289984;23678976;1201901568;0;0;0;0;0;0;0;0;0;0;0;2635;0;0;95;0;200;0;
10302;7340115;1061289984;23678976;1201901568;0;0;0;0;0;0;0;0;0;0;0;3727;0;0;95;0;200;0;
10303;8461168;1061289984;23678976;1201901568;0;0;0;0;0;0;0;0;0;0;0;3276;0;0;95;0;200;0;
10304;6665611;1061289984;23678976;1201901568;0;0;0;0;0;0;0;0;0;0;0;3155;0;0;95;0;200;0;
10305;9063737;1061289984;23678976;1201901568;0;0;0;0;0;0;0;0;0;0;0;2815;0;0;95;0;200;0;
10306;6412817;1061289984;23678976;1201901568;0;0;0;0;0;0;0;0;0;0;0;3757;0;0;95;0;200;0;
10307;8063773;1061289984;23678976;1201901568;0;0;0;0;0;0;0;0;0;0;0;3446;0;0;95;0;200;0;
10308;6785595;1061289984;23678976;1201901568;0;0;0;0;0;0;0;0;0;0;0;3327;0;0;95;0;200;0;
10309;8943092;1061289984;23678976;1201901568;0;0;0;0;0;0;0;0;0;0;0;3016;0;0;95;0;200;0;
10310;6810423;1061289984;23678976;1201901568;0;0;0;0;0;0;0;0;0;0;0;3456;0;0;95;0;200;0;
10311;8831041;1061289984;23678976;1201901568;0;0;0;0;0;0;0;0;0;0;0;4248;0;0;95;0;200;0;
10312;5849299;1061289984;23678976;1201901568;0;0;0;0;0;0;0;0;0;0;0;3196;0;0;95;0;200;0;
10313;7367527;1061289984;23678976;1201901568;0;0;0;0;0;0;0;0;0;0;0;2995;0;0;95;0;200;0;
10314;9030326;1061289984;23678976;1201901568;0;0;0;0;0;0;0;0;0;0;0;3646;0;0;95;0;200;0;
10315;8727367;1061289984;23678976;1201901568;0;0;0;0;0;0;0;0;0;0;0;3426;0;0;95;0;200;0;
10316;6658247;1061289984;23678976;1201901568;0;0;0;0;0;0;0;0;0;0;0;4719;0;0;95;0;200;0;
10317;7168333;1061289984;23678976;1201901568;0;0;0;0;0;0;0;0;0;0;0;2955;0;0;95;0;200;0;
10318;7242332;1061289984;23678976;1201901568;0;0;0;0;0;0;0;0;0;0;0;4028;0;0;95;0;200;0;
10319;7173733;1061289984;23678976;1201901568;0;0;0;0;0;0;0;0;0;0;0;3196;0;0;95;0;200;0;
10320;7601035;1061289984;23678976;1201901568;0;0;0;0;0;0;0;0;0;0;0;4569;0;0;95;0;200;0;
10321;8519848;1061289984;23678976;1201901568;0;0;0;0;0;0;0;0;0;0;0;3467;0;0;95;0;200;0;
10322;5692806;1061289984;23678976;1201901568;0;0;0;0;0;0;0;0;0;0;0;2845;0;0;95;0;200;0;
10323;10409832;1061289984;23678976;1201901568;0;0;0;0;0;0;0;0;0;0;0;4067;0;0;95;0;200;0;
10324;5891449;1061289984;23678976;1201901568;0;0;0;0;0;0;0;0;0;0;0;3135;0;0;95;0;200;0;
10325;7687968;1061289984;23678976;1201901568;0;0;0;0;0;0;0;0;0;0;0;3186;0;0;95;0;200;0;
10326;6919597;1061289984;23678976;1201901568;0;0;0;0;0;0;0;0;0;0;0;3487;0;0;95;0;200;0;
10327;9664284;1061289984;23678976;1201901568;0;0;0;0;0;0;0;0;0;0;0;4108;0;0;95;0;200;0;
10328;8202232;1061289984;23678976;1201901568;0;0;0;0;0;0;0;0;0;0;0;3717;0;0;95;0;200;0;
10329;8611760;1061289984;23678976;1201901568;0;0;0;0;0;0;0;0;0;0;0;4639;0;0;95;0;200;0;
10330;7139259;1061289984;23678976;1201901568;0;0;0;0;0;0;0;0;0;0;0;3918;0;0;95;0;200;0;
10331;12955186;1061289984;23678976;1201901568;0;0;0;0;0;0;0;0;0;0;0;33483;0;0;95;0;200;0;
10332;6304793;1061289984;23678976;1201901568;0;0;0;0;0;0;0;0;0;0;0;4688;0;0;95;0;200;0;
10333;7557383;1061289984;23678976;1201901568;0;0;0;0;0;0;0;0;0;0;0;4188;0;0;95;0;200;0;
10334;5896288;1061289984;23678976;1201901568;0;0;0;0;0;0;0;0;0;0;0;3055;0;0;95;0;200;0;
10335;9624690;1061289984;23678976;1201901568;0;0;0;0;0;0;0;0;0;0;0;3827;0;0;95;0;200;0;
10336;5050412;1061289984;23678976;1201901568;0;0;0;0;0;0;0;0;0;0;0;3677;0;0;95;0;200;0;
10337;9202658;1061289984;23678976;1201901568;0;0;0;0;0;0;0;0;0;0;0;4017;0;0;95;0;200;0;
10338;6480624;1061289984;23678976;1201901568;0;0;0;0;0;0;0;0;0;0;0;3226;0;0;95;0;200;0;
10339;11247073;1061289984;23678976;1201901568;0;0;0;0;0;0;0;0;0;0;0;3807;0;0;95;0;200;0;
10340;6639451;1061289984;23678976;1201901568;0;0;0;0;0;0;0;0;0;0;0;5330;0;0;95;0;200;0;
10341;11056595;1061289984;23678976;1201901568;0;0;0;0;0;0;0;0;0;0;0;3737;0;0;95;0;200;0;
10342;3562651;1061289984;23678976;1201901568;0;0;0;0;0;0;0;0;0;0;0;4148;0;0;95;0;200;0;
10343;11408405;1061289984;23678976;1201901568;0;0;0;0;0;0;0;0;0;0;0;4619;0;0;95;0;200;0;
10344;5684120;1061289984;23678976;1201901568;0;0;0;0;0;0;0;0;0;0;0;3316;0;0;95;0;200;0;
10345;11452087;1061289984;23678976;1201901568;0;0;0;0;0;0;0;0;0;0;0;4098;0;0;95;0;200;0;
10346;6449505;1061289984;23678976;1201901568;0;0;0;0;0;0;0;0;0;0;0;3967;0;0;95;0;200;0;
10347;8238962;1061289984;23678976;1201901568;0;0;0;0;0;0;0;0;0;0;0;3376;0;0;95;0;200;0;
10348;7451324;1061289984;23678976;1201901568;0;0;0;0;0;0;0;0;0;0;0;5700;0;0;95;0;200;0;
10349;7752649;1061289984;23678976;1201901568;0;0;0;0;0;0;0;0;0;0;0;2985;0;0;95;0;200;0;
10350;6303031;1061289984;23678976;1201901568;0;0;0;0;0;0;0;0;0;0;0;3977;0;0;95;0;200;0;
10351;8800475;1061289984;23678976;1201901568;0;0;0;0;0;0;0;0;0;0;0;3827;0;0;95;0;200;0;
10352;6459313;1061289984;23678976;1201901568;0;0;0;0;0;0;0;0;0;0;0;3065;0;0;95;0;200;0;
10353;7938848;1061289984;23678976;1201901568;0;0;0;0;0;0;0;0;0;0;0;2845;0;0;95;0;200;0;
10354;5895647;1061289984;23678976;1201901568;0;0;0;0;0;0;0;0;0;0;0;2634;0;0;95;0;200;0;
10355;9681987;1061289984;23678976;1201901568;0;0;0;0;0;0;0;0;0;0;0;2545;0;0;95;0;200;0;
10356;4941137;1061289984;23678976;1201901568;0;0;0;0;0;0;0;0;0;0;0;3297;0;0;95;0;200;0;
10357;5521105;1061289984;23678976;1201901568;0;0;0;0;0;0;0;0;0;0;0;1704;0;0;95;0;200;0;
10358;6628140;1061289984;23678976;1201901568;0;0;0;0;0;0;0;0;0;0;0;3547;0;0;95;0;200;0;
10359;6879251;1061289984;23678976;1201901568;0;0;0;0;0;0;0;0;0;0;0;2725;0;0;95;0;200;0;
10360;8171284;1061289984;23678976;1201901568;0;0;0;0;0;0;0;0;0;0;0;2946;0;0;95;0;200;0;
10361;6825901;1061289984;23678976;1201901568;0;0;0;0;0;0;0;0;0;0;0;3546;0;0;95;0;200;0;
10362;6009991;1061289984;23678976;1201901568;0;0;0;0;0;0;0;0;0;0;0;4048;0;0;95;0;200;0;
10363;7525353;1061289984;23678976;1201901568;0;0;0;0;0;0;0;0;0;0;0;3186;0;0;95;0;200;0;
10364;6571875;1061289984;23678976;1201901568;0;0;0;0;0;0;0;0;0;0;0;3196;0;0;95;0;200;0;
10365;6364055;1061289984;23678976;1201901568;0;0;0;0;0;0;0;0;0;0;0;2796;0;0;95;0;200;0;
10366;8382390;1061289984;23678976;1201901568;0;0;0;0;0;0;0;0;0;0;0;3837;0;0;95;0;200;0;
10367;5988521;1061289984;23678976;1201901568;0;0;0;0;0;0;0;0;0;0;0;2264;0;0;95;0;200;0;
10368;4878208;1061289984;23678976;1201901568;0;0;0;0;0;0;0;0;0;0;0;3377;0;0;95;0;200;0;
10369;6992744;1061289984;23678976;1201901568;0;0;0;0;0;0;0;0;0;0;0;3156;0;0;95;0;200;0;
10370;5895236;1061289984;23678976;1201901568;0;0;0;0;0;0;0;0;0;0;0;3677;0;0;95;0;200;0;
10371;6888539;1061289984;23678976;1201901568;0;0;0;0;0;0;0;0;0;0;0;3717;0;0;95;0;200;0;
10372;3815435;1061289984;23678976;1201901568;0;0;0;0;0;0;0;0;0;0;0;2916;0;0;95;0;200;0;
10373;6744559;1061289984;23678976;1201901568;0;0;0;0;0;0;0;0;0;0;0;3537;0;0;95;0;200;0;
10374;5533869;1061289984;23687168;1201909760;0;0;0;0;0;0;0;0;0;0;0;3807;0;0;95;0;200;0;
10375;5692546;1061289984;23687168;1201909760;0;0;0;0;0;0;0;0;0;0;0;2425;0;0;95;0;200;0;
10376;3596666;1061289984;23687168;1201909760;0;0;0;0;0;0;0;0;0;0;0;2725;0;0;95;0;200;0;
10377;7237353;1061289984;23687168;1201909760;0;0;0;0;0;0;0;0;0;0;0;1663;0;0;95;0;200;0;
10378;4351591;1061289984;23687168;1201909760;0;0;0;0;0;0;0;0;0;0;0;2605;0;0;95;0;200;0;
10379;5519601;1061289984;23687168;1201909760;0;0;0;0;0;0;0;0;0;0;0;2154;0;0;95;0;200;0;
10380;6214124;1061289984;23678976;1201901568;0;0;0;0;0;0;0;0;0;0;0;4940;0;0;95;0;200;0;
10381;5108721;1061289984;23678976;1201901568;0;0;0;0;0;0;0;0;0;0;0;2505;0;0;95;0;200;0;
10382;4972556;1061289984;23678976;1201901568;0;0;0;0;0;0;0;0;0;0;0;3717;0;0;95;0;200;0;
10383;7673601;1061289984;23678976;1201901568;0;0;0;0;0;0;0;0;0;0;0;3777;0;0;95;0;200;0;
10384;4124525;1061289984;23678976;1201901568;0;0;0;0;0;0;0;0;0;0;0;3206;0;0;95;0;200;0;
10385;11628608;1061289984;23678976;1201901568;0;0;0;0;0;0;0;0;0;0;0;2104;0;0;95;0;200;0;
10386;7333003;1061289984;23678976;1201901568;0;0;0;0;0;0;0;0;0;0;0;3988;0;0;95;0;200;0;
10387;7743733;1061289984;23678976;1201901568;0;0;0;0;0;0;0;0;0;0;0;3918;0;0;95;0;200;0;
10388;5328353;1061289984;23678976;1201901568;0;0;0;0;0;0;0;0;0;0;0;4288;0;0;95;0;200;0;
10389;8030350;1061289984;23678976;1201901568;0;0;0;0;0;0;0;0;0;0;0;3346;0;0;95;0;200;0;
10390;3373437;1061289984;23678976;1201901568;0;0;0;0;0;0;0;0;0;0;0;3056;0;0;95;0;200;0;
10391;8408950;1061289984;23678976;1201901568;0;0;0;0;0;0;0;0;0;0;0;3096;0;0;95;0;200;0;
10392;4083147;1061289984;23678976;1201901568;0;0;0;0;0;0;0;0;0;0;0;3326;0;0;95;0;200;0;
10393;5599912;1061289984;23678976;1201901568;0;0;0;0;0;0;0;0;0;0;0;2755;0;0;95;0;200;0;
10394;3704668;1061289984;23678976;1201901568;0;0;0;0;0;0;0;0;0;0;0;3386;0;0;95;0;200;0;
10395;4272903;1061289984;23678976;1201901568;0;0;0;0;0;0;0;0;0;0;0;2084;0;0;95;0;200;0;
10396;7639888;1061289984;23678976;1201901568;0;0;0;0;0;0;0;0;0;0;0;2254;0;0;95;0;200;0;
10397;5408103;1061289984;23678976;1201901568;0;0;0;0;0;0;0;0;0;0;0;1844;0;0;95;0;200;0;
10398;4386276;1061289984;23678976;1201901568;0;0;0;0;0;0;0;0;0;0;0;2936;0;0;95;0;200;0;
10399;5129951;1061289984;23678976;1201901568;0;0;0;0;0;0;0;0;0;0;0;1853;0;0;95;0;200;0;
10400;4845087;1061289984;23678976;1201901568;0;0;0;0;0;0;0;0;0;0;0;2535;0;0;95;0;200;0;
10401;7360664;1061289984;23678976;1201901568;0;0;0;0;0;0;0;0;0;0;0;2635;0;0;95;0;200;0;
10402;5574023;1061289984;23678976;1201901568;0;0;0;0;0;0;0;0;0;0;0;3346;0;0;95;0;200;0;
10403;4698151;1061289984;23678976;1201901568;0;0;0;0;0;0;0;0;0;0;0;1633;0;0;95;0;200;0;
10404;4005803;1061289984;23678976;1201901568;0;0;0;0;0;0;0;0;0;0;0;32882;0;0;95;0;200;0;
10405;6688113;1061289984;23678976;1201901568;0;0;0;0;0;0;0;0;0;0;0;3417;0;0;95;0;200;0;
10406;4317176;1061289984;23678976;1201901568;0;0;0;0;0;0;0;0;0;0;0;3136;0;0;95;0;200;0;
10407;9398926;1061289984;23678976;1201901568;0;0;0;0;0;0;0;0;0;0;0;3557;0;0;95;0;200;0;
10408;5140611;1061289984;23678976;1201901568;0;0;0;0;0;0;0;0;0;0;0;4017;0;0;95;0;200;0;
10409;7368088;1061289984;23678976;1201901568;0;0;0;0;0;0;0;0;0;0;0;1874;0;0;95;0;200;0;
10410;4212700;1061289984;23678976;1201901568;0;0;0;0;0;0;0;0;0;0;0;2976;0;0;95;0;200;0;
10411;6537080;1061289984;23678976;1201901568;0;0;0;0;0;0;0;0;0;0;0;1623;0;0;95;0;200;0;
10412;5722192;1061289984;23678976;1201901568;0;0;0;0;0;0;0;0;0;0;0;3367;0;0;95;0;200;0;
10413;4749357;1061289984;23678976;1201901568;0;0;0;0;0;0;0;0;0;0;0;1563;0;0;95;0;200;0;
10414;4535516;1061289984;23678976;1201901568;0;0;0;0;0;0;0;0;0;0;0;3477;0;0;95;0;200;0;
10415;5411719;1061289984;23678976;1201901568;0;0;0;0;0;0;0;0;0;0;0;1663;0;0;95;0;200;0;
10416;2498446;1061289984;23678976;1201901568;0;0;0;0;0;0;0;0;0;0;0;3376;0;0;95;0;200;0;
10417;4687511;1061289984;23678976;1201901568;0;0;0;0;0;0;0;0;0;0;0;1743;0;0;95;0;200;0;
10418;6679566;1061289984;23678976;1201901568;0;0;0;0;0;0;0;0;0;0;0;3106;0;0;95;0;200;0;
10419;4782348;1061289984;23678976;1201901568;0;0;0;0;0;0;0;0;0;0;0;2054;0;0;95;0;200;0;
10420;5638985;1061289984;23678976;1201901568;0;0;0;0;0;0;0;0;0;0;0;4829;0;0;95;0;200;0;
10421;6338117;1061289984;23678976;1201901568;0;0;0;0;0;0;0;0;0;0;0;2154;0;0;95;0;200;0;
10422;4135376;1061289984;23678976;1201901568;0;0;0;0;0;0;0;0;0;0;0;3056;0;0;95;0;200;0;
10423;6681530;1061289984;23678976;1201901568;0;0;0;0;0;0;0;0;0;0;0;3647;0;0;95;0;200;0;
10424;7177401;1061289984;23678976;1201901568;0;0;0;0;0;0;0;0;0;0;0;3036;0;0;95;0;200;0;
10425;7897852;1061289984;23678976;1201901568;0;0;0;0;0;0;0;0;0;0;0;2905;0;0;95;0;200;0;
10426;5779739;1061289984;23678976;1201901568;0;0;0;0;0;0;0;0;0;0;0;3667;0;0;95;0;200;0;
10427;6571774;1061289984;23678976;1201901568;0;0;0;0;0;0;0;0;0;0;0;2866;0;0;95;0;200;0;
10428;5818202;1061289984;23678976;1201901568;0;0;0;0;0;0;0;0;0;0;0;4068;0;0;95;0;200;0;
10429;6696389;1061289984;23678976;1201901568;0;0;0;0;0;0;0;0;0;0;0;2815;0;0;95;0;200;0;
10430;5595654;1061289984;23678976;1201901568;0;0;0;0;0;0;0;0;0;0;0;3898;0;0;95;0;200;0;
10431;6253748;1061289984;23678976;1201901568;0;0;0;0;0;0;0;0;0;0;0;3737;0;0;95;0;200;0;
10432;4800934;1061289984;23678976;1201901568;0;0;0;0;0;0;0;0;0;0;0;3507;0;0;95;0;200;0;
10433;9005109;1061289984;23678976;1201901568;0;0;0;0;0;0;0;0;0;0;0;4498;0;0;95;0;200;0;
10434;5589252;1061289984;23678976;1201901568;0;0;0;0;0;0;0;0;0;0;0;2465;0;0;95;0;200;0;
10435;6604466;1061289984;23678976;1201901568;0;0;0;0;0;0;0;0;0;0;0;2775;0;0;95;0;200;0;
10436;3063024;1061289984;23678976;1201901568;0;0;0;0;0;0;0;0;0;0;0;4098;0;0;95;0;200;0;
10437;8094290;1061289984;23678976;1201901568;0;0;0;0;0;0;0;0;0;0;0;2565;0;0;95;0;200;0;
10438;4333748;1061289984;23678976;1201901568;0;0;0;0;0;0;0;0;0;0;0;3036;0;0;95;0;200;0;
10439;6837303;1061289984;23678976;1201901568;0;0;0;0;0;0;0;0;0;0;0;2745;0;0;95;0;200;0;
10440;4343355;1061289984;23678976;1201901568;0;0;0;0;0;0;0;0;0;0;0;3547;0;0;95;0;200;0;
10441;6034187;1061289984;23678976;1201901568;0;0;0;0;0;0;0;0;0;0;0;2054;0;0;95;0;200;0;
10442;5865520;1061289984;23678976;1201901568;0;0;0;0;0;0;0;0;0;0;0;3447;0;0;95;0;200;0;
10443;7610032;1061289984;23678976;1201901568;0;0;0;0;0;0;0;0;0;0;0;2855;0;0;95;0;200;0;
10444;6491394;1061289984;23678976;1201901568;0;0;0;0;0;0;0;0;0;0;0;3015;0;0;95;0;200;0;
10445;7842167;1061289984;23678976;1201901568;0;0;0;0;0;0;0;0;0;0;0;3777;0;0;95;0;200;0;
10446;3901757;1061289984;23678976;1201901568;0;0;0;0;0;0;0;0;0;0;0;3777;0;0;95;0;200;0;
10447;8745201;1061289984;23678976;1201901568;0;0;0;0;0;0;0;0;0;0;0;2846;0;0;95;0;200;0;
10448;3616672;1061289984;23678976;1201901568;0;0;0;0;0;0;0;0;0;0;0;2796;0;0;95;0;200;0;
10449;5086820;1061289984;23678976;1201901568;0;0;0;0;0;0;0;0;0;0;0;1704;0;0;95;0;200;0;
10450;7480859;1061289984;23678976;1201901568;0;0;0;0;0;0;0;0;0;0;0;3066;0;0;95;0;200;0;
10451;6993937;1061289984;23678976;1201901568;0;0;0;0;0;0;0;0;0;0;0;2455;0;0;95;0;200;0;
10452;5843990;1061289984;23678976;1201901568;0;0;0;0;0;0;0;0;0;0;0;2965;0;0;95;0;200;0;
10453;6340411;1061289984;23678976;1201901568;0;0;0;0;0;0;0;0;0;0;0;2425;0;0;95;0;200;0;
10454;5102029;1061289984;23678976;1201901568;0;0;0;0;0;0;0;0;0;0;0;4028;0;0;95;0;200;0;
10455;7524050;1061289984;23678976;1201901568;0;0;0;0;0;0;0;0;0;0;0;3537;0;0;95;0;200;0;
10456;5388836;1061289984;23678976;1201901568;0;0;0;0;0;0;0;0;0;0;0;3085;0;0;95;0;200;0;
10457;8580642;1061289984;23678976;1201901568;0;0;0;0;0;0;0;0;0;0;0;2725;0;0;95;0;200;0;
10458;5081279;1061289984;23678976;1201901568;0;0;0;0;0;0;0;0;0;0;0;3507;0;0;95;0;200;0;
10459;5136102;1061289984;23678976;1201901568;0;0;0;0;0;0;0;0;0;0;0;1794;0;0;95;0;200;0;
10460;5713825;1061289984;23678976;1201901568;0;0;0;0;0;0;0;0;0;0;0;3537;0;0;95;0;200;0;
10461;6467960;1061289984;23678976;1201901568;0;0;0;0;0;0;0;0;0;0;0;2404;0;0;95;0;200;0;
10462;6282683;1061289984;23678976;1201901568;0;0;0;0;0;0;0;0;0;0;0;3536;0;0;95;0;200;0;
10463;6408218;1061289984;23678976;1201901568;0;0;0;0;0;0;0;0;0;0;0;2244;0;0;95;0;200;0;
10464;4953429;1061289984;23678976;1201901568;0;0;0;0;0;0;0;0;0;0;0;3467;0;0;95;0;200;0;
10465;7268501;1061289984;23678976;1201901568;0;0;0;0;0;0;0;0;0;0;0;2705;0;0;95;0;200;0;
10466;5894635;1061289984;23678976;1201901568;0;0;0;0;0;0;0;0;0;0;0;3035;0;0;95;0;200;0;
10467;8088178;1061289984;23678976;1201901568;0;0;0;0;0;0;0;0;0;0;0;3627;0;0;95;0;200;0;
10468;4254398;1061289984;23678976;1201901568;0;0;0;0;0;0;0;0;0;0;0;3186;0;0;95;0;200;0;
10469;8156967;1061289984;23678976;1201901568;0;0;0;0;0;0;0;0;0;0;0;3155;0;0;95;0;200;0;
10470;3988339;1061289984;23678976;1201901568;0;0;0;0;0;0;0;0;0;0;0;3146;0;0;95;0;200;0;
10471;7259965;1061289984;23678976;1201901568;0;0;0;0;0;0;0;0;0;0;0;1984;0;0;95;0;200;0;
10472;7238796;1061289984;23678976;1201901568;0;0;0;0;0;0;0;0;0;0;0;2996;0;0;95;0;200;0;
10473;8399442;1061289984;23678976;1201901568;0;0;0;0;0;0;0;0;0;0;0;2544;0;0;95;0;200;0;
10474;3673469;1061289984;23678976;1201901568;0;0;0;0;0;0;0;0;0;0;0;4258;0;0;95;0;200;0;
10475;5193951;1061289984;23678976;1201901568;0;0;0;0;0;0;0;0;0;0;0;2615;0;0;95;0;200;0;
10476;6350339;1061289984;23678976;1201901568;0;0;0;0;0;0;0;0;0;0;0;2465;0;0;95;0;200;0;
10477;5994872;1061289984;23678976;1201901568;0;0;0;0;0;0;0;0;0;0;0;1733;0;0;95;0;200;0;
10478;5746807;1061289984;23678976;1201901568;0;0;0;0;0;0;0;0;0;0;0;3106;0;0;95;0;200;0;
10479;7242162;1061289984;23678976;1201901568;0;0;0;0;0;0;0;0;0;0;0;9398;0;0;95;0;200;0;
10480;5573663;1061289984;23678976;1201901568;0;0;0;0;0;0;0;0;0;0;0;3426;0;0;95;0;200;0;
10481;6929776;1061289984;23678976;1201901568;0;0;0;0;0;0;0;0;0;0;0;2716;0;0;95;0;200;0;
10482;4616829;1061289984;23678976;1201901568;0;0;0;0;0;0;0;0;0;0;0;3246;0;0;95;0;200;0;
10483;5142495;1061289984;23678976;1201901568;0;0;0;0;0;0;0;0;0;0;0;2234;0;0;95;0;200;0;
10484;5536262;1061289984;23678976;1201901568;0;0;0;0;0;0;0;0;0;0;0;4368;0;0;95;0;200;0;
10485;6725152;1061289984;23678976;1201901568;0;0;0;0;0;0;0;0;0;0;0;2475;0;0;95;0;200;0;
10486;4927081;1061289984;23678976;1201901568;0;0;0;0;0;0;0;0;0;0;0;3737;0;0;95;0;200;0;
10487;6030780;1061289984;23678976;1201901568;0;0;0;0;0;0;0;0;0;0;0;3307;0;0;95;0;200;0;
10488;4805041;1061289984;23678976;1201901568;0;0;0;0;0;0;0;0;0;0;0;3807;0;0;95;0;200;0;
10489;7178182;1061289984;23678976;1201901568;0;0;0;0;0;0;0;0;0;0;0;3777;0;0;95;0;200;0;
10490;5871010;1061289984;23678976;1201901568;0;0;0;0;0;0;0;0;0;0;0;3717;0;0;95;0;200;0;
10491;7286695;1061289984;23678976;1201901568;0;0;0;0;0;0;0;0;0;0;0;2886;0;0;95;0;200;0;
10492;5847275;1061289984;23678976;1201901568;0;0;0;0;0;0;0;0;0;0;0;3827;0;0;95;0;200;0;
10493;5969695;1061289984;23678976;1201901568;0;0;0;0;0;0;0;0;0;0;0;2955;0;0;95;0;200;0;
10494;8286871;1061289984;23678976;1201901568;0;0;0;0;0;0;0;0;0;0;0;3056;0;0;95;0;200;0;
10495;7871031;1061289984;23678976;1201901568;0;0;0;0;0;0;0;0;0;0;0;4338;0;0;95;0;200;0;
10496;6424639;1061289984;23678976;1201901568;0;0;0;0;0;0;0;0;0;0;0;3576;0;0;95;0;200;0;
10497;7225631;1061289984;23678976;1201901568;0;0;0;0;0;0;0;0;0;0;0;2094;0;0;95;0;200;0;
10498;5845673;1061289984;23678976;1201901568;0;0;0;0;0;0;0;0;0;0;0;3397;0;0;95;0;200;0;
10499;6980842;1061289984;23678976;1201901568;0;0;0;0;0;0;0;0;0;0;0;2705;0;0;95;0;200;0;
10500;8973078;1061289984;23678976;1201901568;0;0;0;0;0;0;0;0;0;0;0;3797;0;0;95;0;200;0;
10501;6796726;1061289984;23678976;1201901568;0;0;0;0;0;0;0;0;0;0;0;3086;0;0;95;0;200;0;
10502;7101048;1061289984;23678976;1201901568;0;0;0;0;0;0;0;0;0;0;0;3838;0;0;95;0;200;0;
10503;7819915;1061289984;23678976;1201901568;0;0;0;0;0;0;0;0;0;0;0;3868;0;0;95;0;200;0;
10504;7184023;1061289984;23678976;1201901568;0;0;0;0;0;0;0;0;0;0;0;3898;0;0;95;0;200;0;
10505;9754484;1061289984;23678976;1201901568;0;0;0;0;0;0;0;0;0;0;0;4668;0;0;95;0;200;0;
10506;5996085;1061289984;23678976;1201901568;0;0;0;0;0;0;0;0;0;0;0;3858;0;0;95;0;200;0;
10507;6185641;1061289984;23678976;1201901568;0;0;0;0;0;0;0;0;0;0;0;2525;0;0;95;0;200;0;
10508;4492916;1061289984;23678976;1201901568;0;0;0;0;0;0;0;0;0;0;0;3296;0;0;95;0;200;0;
10509;6435599;1061289984;23678976;1201901568;0;0;0;0;0;0;0;0;0;0;0;1834;0;0;95;0;200;0;
10510;4613783;1061289984;23678976;1201901568;0;0;0;0;0;0;0;0;0;0;0;4007;0;0;95;0;200;0;
10511;7097561;1061289984;23678976;1201901568;0;0;0;0;0;0;0;0;0;0;0;3737;0;0;95;0;200;0;
10512;8565493;1061289984;23678976;1201901568;0;0;0;0;0;0;0;0;0;0;0;3086;0;0;95;0;200;0;
10513;6734500;1061289984;23678976;1201901568;0;0;0;0;0;0;0;0;0;0;0;3286;0;0;95;0;200;0;
10514;7745195;1061289984;23678976;1201901568;0;0;0;0;0;0;0;0;0;0;0;4007;0;0;95;0;200;0;
10515;6146427;1061289984;23678976;1201901568;0;0;0;0;0;0;0;0;0;0;0;2134;0;0;95;0;200;0;
10516;8875465;1061289984;23678976;1201901568;0;0;0;0;0;0;0;0;0;0;0;4058;0;0;95;0;200;0;
10517;9968074;1061289984;23678976;1201901568;0;0;0;0;0;0;0;0;0;0;0;2905;0;0;95;0;200;0;
10518;6210988;1061289984;23678976;1201901568;0;0;0;0;0;0;0;0;0;0;0;3296;0;0;95;0;200;0;
10519;8964412;1061289984;23678976;1201901568;0;0;0;0;0;0;0;0;0;0;0;3587;0;0;95;0;200;0;
10520;5657040;1061289984;23678976;1201901568;0;0;0;0;0;0;0;0;0;0;0;3717;0;0;95;0;200;0;
10521;8338638;1061289984;23678976;1201901568;0;0;0;0;0;0;0;0;0;0;0;4198;0;0;95;0;200;0;
10522;5290191;1061289984;23678976;1201901568;0;0;0;0;0;0;0;0;0;0;0;3126;0;0;95;0;200;0;
10523;7432659;1061289984;23678976;1201901568;0;0;0;0;0;0;0;0;0;0;0;4638;0;0;95;0;200;0;
10524;7786623;1061289984;23678976;1201901568;0;0;0;0;0;0;0;0;0;0;0;3216;0;0;95;0;200;0;
10525;7890818;1061289984;23678976;1201901568;0;0;0;0;0;0;0;0;0;0;0;3587;0;0;95;0;200;0;
10526;7141072;1061289984;23678976;1201901568;0;0;0;0;0;0;0;0;0;0;0;3607;0;0;95;0;200;0;
10527;6435680;1061289984;23678976;1201901568;0;0;0;0;0;0;0;0;0;0;0;2435;0;0;95;0;200;0;
10528;8158130;1061289984;23678976;1201901568;0;0;0;0;0;0;0;0;0;0;0;3757;0;0;95;0;200;0;
10529;7812081;1061289984;23678976;1201901568;0;0;0;0;0;0;0;0;0;0;0;3777;0;0;95;0;200;0;
10530;6739639;1061289984;23678976;1201901568;0;0;0;0;0;0;0;0;0;0;0;3366;0;0;95;0;200;0;
10531;9784029;1061289984;23678976;1201901568;0;0;0;0;0;0;0;0;0;0;0;3266;0;0;95;0;200;0;
10532;5900476;1061289984;23678976;1201901568;0;0;0;0;0;0;0;0;0;0;0;3968;0;0;95;0;200;0;
10533;11795270;1061289984;23678976;1201901568;0;0;0;0;0;0;0;0;0;0;0;3477;0;0;95;0;200;0;
10534;8249661;1061289984;23687168;1201909760;0;0;0;0;0;0;0;0;0;0;0;3887;0;0;95;0;200;0;
10535;9711763;1061289984;23687168;1201909760;0;0;0;0;0;0;0;0;0;0;0;3096;0;0;95;0;200;0;
10536;7664093;1061289984;23687168;1201909760;0;0;0;0;0;0;0;0;0;0;0;3286;0;0;95;0;200;0;
10537;8257276;1061289984;23687168;1201909760;0;0;0;0;0;0;0;0;0;0;0;4308;0;0;95;0;200;0;
10538;11349394;1061289984;23687168;1201909760;0;0;0;0;0;0;0;0;0;0;0;3517;0;0;95;0;200;0;
10539;14455700;1061289984;23687168;1201909760;0;0;0;0;0;0;0;0;0;0;0;2976;0;0;95;0;200;0;
10540;4082296;1061289984;23678976;1201901568;0;0;0;0;0;0;0;0;0;0;0;2796;0;0;95;0;200;0;
10541;9465983;1061289984;23678976;1201901568;0;0;0;0;0;0;0;0;0;0;0;4218;0;0;95;0;200;0;
10542;6912574;1061289984;23678976;1201901568;0;0;0;0;0;0;0;0;0;0;0;3847;0;0;95;0;200;0;
10543;8903979;1061289984;23678976;1201901568;0;0;0;0;0;0;0;0;0;0;0;3507;0;0;95;0;200;0;
10544;5514141;1061289984;23678976;1201901568;0;0;0;0;0;0;0;0;0;0;0;3587;0;0;95;0;200;0;
10545;9777577;1061289984;23678976;1201901568;0;0;0;0;0;0;0;0;0;0;0;2926;0;0;95;0;200;0;
10546;8117002;1061289984;23678976;1201901568;0;0;0;0;0;0;0;0;0;0;0;3597;0;0;95;0;200;0;
10547;8746874;1061289984;23678976;1201901568;0;0;0;0;0;0;0;0;0;0;0;2985;0;0;95;0;200;0;
10548;7050933;1061289984;23678976;1201901568;0;0;0;0;0;0;0;0;0;0;0;3516;0;0;95;0;200;0;
10549;6594557;1061289984;23678976;1201901568;0;0;0;0;0;0;0;0;0;0;0;4328;0;0;95;0;200;0;
10550;9047498;1061289984;23678976;1201901568;0;0;0;0;0;0;0;0;0;0;0;3337;0;0;95;0;200;0;
10551;9472915;1061289984;23678976;1201901568;0;0;0;0;0;0;0;0;0;0;0;2805;0;0;95;0;200;0;
10552;6235574;1061289984;23678976;1201901568;0;0;0;0;0;0;0;0;0;0;0;3276;0;0;95;0;200;0;
10553;8699304;1061289984;23678976;1201901568;0;0;0;0;0;0;0;0;0;0;0;3797;0;0;95;0;200;0;
10554;8971686;1061289984;23678976;1201901568;0;0;0;0;0;0;0;0;0;0;0;3477;0;0;95;0;200;0;
10555;7903202;1061289984;23678976;1201901568;0;0;0;0;0;0;0;0;0;0;0;2775;0;0;95;0;200;0;
10556;7774611;1061289984;23678976;1201901568;0;0;0;0;0;0;0;0;0;0;0;3597;0;0;95;0;200;0;
10557;8264629;1061289984;23678976;1201901568;0;0;0;0;0;0;0;0;0;0;0;3497;0;0;95;0;200;0;
10558;7390530;1061289984;23678976;1201901568;0;0;0;0;0;0;0;0;0;0;0;3927;0;0;95;0;200;0;
10559;8175473;1061289984;23678976;1201901568;0;0;0;0;0;0;0;0;0;0;0;3827;0;0;95;0;200;0;
10560;6934706;1061289984;23678976;1201901568;0;0;0;0;0;0;0;0;0;0;0;27572;0;0;95;0;200;0;
10561;10004042;1061289984;23678976;1201901568;0;0;0;0;0;0;0;0;0;0;0;2926;0;0;95;0;200;0;
10562;6632909;1061289984;23678976;1201901568;0;0;0;0;0;0;0;0;0;0;0;3867;0;0;95;0;200;0;
10563;10615709;1061289984;23678976;1201901568;0;0;0;0;0;0;0;0;0;0;0;4298;0;0;95;0;200;0;
10564;6946658;1061289984;23678976;1201901568;0;0;0;0;0;0;0;0;0;0;0;3086;0;0;95;0;200;0;
10565;10491796;1061289984;23678976;1201901568;0;0;0;0;0;0;0;0;0;0;0;3266;0;0;95;0;200;0;
10566;5894634;1061289984;23678976;1201901568;0;0;0;0;0;0;0;0;0;0;0;3637;0;0;95;0;200;0;
10567;8467901;1061289984;23678976;1201901568;0;0;0;0;0;0;0;0;0;0;0;3466;0;0;95;0;200;0;
10568;6489220;1061289984;23678976;1201901568;0;0;0;0;0;0;0;0;0;0;0;3486;0;0;95;0;200;0;
10569;7518821;1061289984;23678976;1201901568;0;0;0;0;0;0;0;0;0;0;0;2424;0;0;95;0;200;0;
10570;8378744;1061289984;23678976;1201901568;0;0;0;0;0;0;0;0;0;0;0;3447;0;0;95;0;200;0;
10571;6779203;1061289984;23678976;1201901568;0;0;0;0;0;0;0;0;0;0;0;2965;0;0;95;0;200;0;
10572;9837799;1061289984;23678976;1201901568;0;0;0;0;0;0;0;0;0;0;0;2876;0;0;95;0;200;0;
10573;7694129;1061289984;23678976;1201901568;0;0;0;0;0;0;0;0;0;0;0;4088;0;0;95;0;200;0;
10574;8264850;1061289984;23678976;1201901568;0;0;0;0;0;0;0;0;0;0;0;2845;0;0;95;0;200;0;
10575;9581128;1061289984;23678976;1201901568;0;0;0;0;0;0;0;0;0;0;0;3467;0;0;95;0;200;0;
10576;8482899;1061289984;23678976;1201901568;0;0;0;0;0;0;0;0;0;0;0;3016;0;0;95;0;200;0;
10577;8461780;1061289984;23678976;1201901568;0;0;0;0;0;0;0;0;0;0;0;4328;0;0;95;0;200;0;
10578;5967001;1061289984;23678976;1201901568;0;0;0;0;0;0;0;0;0;0;0;3898;0;0;95;0;200;0;
10579;9133279;1061289984;23678976;1201901568;0;0;0;0;0;0;0;0;0;0;0;2925;0;0;95;0;200;0;
10580;9072735;1061289984;23678976;1201901568;0;0;0;0;0;0;0;0;0;0;0;3546;0;0;95;0;200;0;
10581;10195380;1061289984;23678976;1201901568;0;0;0;0;0;0;0;0;0;0;0;3437;0;0;95;0;200;0;
10582;8070576;1061289984;23678976;1201901568;0;0;0;0;0;0;0;0;0;0;0;3436;0;0;95;0;200;0;
10583;9553878;1061289984;23678976;1201901568;0;0;0;0;0;0;0;0;0;0;0;3497;0;0;95;0;200;0;
10584;8358966;1061289984;23678976;1201901568;0;0;0;0;0;0;0;0;0;0;0;3296;0;0;95;0;200;0;
10585;8777801;1061289984;23678976;1201901568;0;0;0;0;0;0;0;0;0;0;0;3867;0;0;95;0;200;0;
10586;6812967;1061289984;23678976;1201901568;0;0;0;0;0;0;0;0;0;0;0;3717;0;0;95;0;200;0;
10587;8825792;1061289984;23678976;1201901568;0;0;0;0;0;0;0;0;0;0;0;3797;0;0;95;0;200;0;
10588;5730747;1061289984;23678976;1201901568;0;0;0;0;0;0;0;0;0;0;0;3447;0;0;95;0;200;0;
10589;9785873;1061289984;23678976;1201901568;0;0;0;0;0;0;0;0;0;0;0;4318;0;0;95;0;200;0;
10590;6687282;1061289984;23678976;1201901568;0;0;0;0;0;0;0;0;0;0;0;3757;0;0;95;0;200;0;
10591;7330578;1061289984;23678976;1201901568;0;0;0;0;0;0;0;0;0;0;0;3376;0;0;95;0;200;0;
10592;8092226;1061289984;23678976;1201901568;0;0;0;0;0;0;0;0;0;0;0;3436;0;0;95;0;200;0;
10593;8325614;1061289984;23678976;1201901568;0;0;0;0;0;0;0;0;0;0;0;3817;0;0;95;0;200;0;
10594;7079748;1061289984;23678976;1201901568;0;0;0;0;0;0;0;0;0;0;0;4198;0;0;95;0;200;0;
10595;6269698;1061289984;23678976;1201901568;0;0;0;0;0;0;0;0;0;0;0;3757;0;0;95;0;200;0;
10596;3990473;1061289984;23678976;1201901568;0;0;0;0;0;0;0;0;0;0;0;4168;0;0;95;0;200;0;
10597;9567462;1061289984;23678976;1201901568;0;0;0;0;0;0;0;0;0;0;0;3196;0;0;95;0;200;0;
10598;6762482;1061289984;23678976;1201901568;0;0;0;0;0;0;0;0;0;0;0;3647;0;0;95;0;200;0;
10599;5456293;1061289984;23678976;1201901568;0;0;0;0;0;0;0;0;0;0;0;2204;0;0;95;0;200;0;
10600;6327787;1061289984;23678976;1201901568;0;0;0;0;0;0;0;0;0;0;0;2966;0;0;95;0;200;0;
10601;4493738;1061289984;23678976;1201901568;0;0;0;0;0;0;0;0;0;0;0;1873;0;0;95;0;200;0;
10602;6718580;1061289984;23678976;1201901568;0;0;0;0;0;0;0;0;0;0;0;3637;0;0;95;0;200;0;
10603;4914587;1061289984;23678976;1201901568;0;0;0;0;0;0;0;0;0;0;0;2254;0;0;95;0;200;0;
10604;8008550;1061289984;23678976;1201901568;0;0;0;0;0;0;0;0;0;0;0;3968;0;0;95;0;200;0;
10605;5030434;1061289984;23678976;1201901568;0;0;0;0;0;0;0;0;0;0;0;2255;0;0;95;0;200;0;
10606;3798764;1061289984;23678976;1201901568;0;0;0;0;0;0;0;0;0;0;0;2945;0;0;95;0;200;0;
10607;6220115;1061289984;23678976;1201901568;0;0;0;0;0;0;0;0;0;0;0;11912;0;0;95;0;200;0;
10608;4993906;1061289984;23678976;1201901568;0;0;0;0;0;0;0;0;0;0;0;3096;0;0;95;0;200;0;
10609;6417475;1061289984;23678976;1201901568;0;0;0;0;0;0;0;0;0;0;0;2975;0;0;95;0;200;0;
10610;3801530;1061289984;23678976;1201901568;0;0;0;0;0;0;0;0;0;0;0;4759;0;0;95;0;200;0;
10611;7663302;1061289984;23678976;1201901568;0;0;0;0;0;0;0;0;0;0;0;3426;0;0;95;0;200;0;
10612;4054845;1061289984;23678976;1201901568;0;0;0;0;0;0;0;0;0;0;0;3015;0;0;95;0;200;0;
10613;9372196;1061289984;23678976;1201901568;0;0;0;0;0;0;0;0;0;0;0;2755;0;0;95;0;200;0;
10614;5235899;1061289984;23678976;1201901568;0;0;0;0;0;0;0;0;0;0;0;3115;0;0;95;0;200;0;
10615;8226568;1061289984;23678976;1201901568;0;0;0;0;0;0;0;0;0;0;0;2746;0;0;95;0;200;0;
10616;4072928;1061289984;23678976;1201901568;0;0;0;0;0;0;0;0;0;0;0;3717;0;0;95;0;200;0;
10617;7930552;1061289984;23678976;1201901568;0;0;0;0;0;0;0;0;0;0;0;4048;0;0;95;0;200;0;
10618;3444881;1061289984;23678976;1201901568;0;0;0;0;0;0;0;0;0;0;0;2785;0;0;95;0;200;0;
10619;6418868;1061289984;23678976;1201901568;0;0;0;0;0;0;0;0;0;0;0;3737;0;0;95;0;200;0;
10620;6526820;1061289984;23678976;1201901568;0;0;0;0;0;0;0;0;0;0;0;3347;0;0;95;0;200;0;
10621;7229778;1061289984;23678976;1201901568;0;0;0;0;0;0;0;0;0;0;0;2865;0;0;95;0;200;0;
10622;6476876;1061289984;23678976;1201901568;0;0;0;0;0;0;0;0;0;0;0;3657;0;0;95;0;200;0;
10623;7733613;1061289984;23678976;1201901568;0;0;0;0;0;0;0;0;0;0;0;3397;0;0;95;0;200;0;
10624;5895055;1061289984;23678976;1201901568;0;0;0;0;0;0;0;0;0;0;0;2865;0;0;95;0;200;0;
10625;6901543;1061289984;23678976;1201901568;0;0;0;0;0;0;0;0;0;0;0;3676;0;0;95;0;200;0;
10626;6735091;1061289984;23678976;1201901568;0;0;0;0;0;0;0;0;0;0;0;3246;0;0;95;0;200;0;
10627;8768765;1061289984;23678976;1201901568;0;0;0;0;0;0;0;0;0;0;0;4178;0;0;95;0;200;0;
10628;6901854;1061289984;23678976;1201901568;0;0;0;0;0;0;0;0;0;0;0;3437;0;0;95;0;200;0;
10629;8913847;1061289984;23678976;1201901568;0;0;0;0;0;0;0;0;0;0;0;3186;0;0;95;0;200;0;
10630;7509664;1061289984;23678976;1201901568;0;0;0;0;0;0;0;0;0;0;0;3526;0;0;95;0;200;0;
10631;5031546;1061289984;23678976;1201901568;0;0;0;0;0;0;0;0;0;0;0;2485;0;0;95;0;200;0;
10632;4714592;1061289984;23678976;1201901568;0;0;0;0;0;0;0;0;0;0;0;2805;0;0;95;0;200;0;
10633;7250567;1061289984;23678976;1201901568;0;0;0;0;0;0;0;0;0;0;0;2855;0;0;95;0;200;0;
10634;5954016;1061289984;23678976;1201901568;0;0;0;0;0;0;0;0;0;0;0;4288;0;0;95;0;200;0;
10635;10228853;1061289984;23678976;1201901568;0;0;0;0;0;0;0;0;0;0;0;2976;0;0;95;0;200;0;
10636;4063761;1061289984;23678976;1201901568;0;0;0;0;0;0;0;0;0;0;0;3166;0;0;95;0;200;0;
10637;8989318;1061289984;23678976;1201901568;0;0;0;0;0;0;0;0;0;0;0;2986;0;0;95;0;200;0;
10638;3861281;1061289984;23678976;1201901568;0;0;0;0;0;0;0;0;0;0;0;2635;0;0;95;0;200;0;
10639;6440017;1061289984;23678976;1201901568;0;0;0;0;0;0;0;0;0;0;0;1844;0;0;95;0;200;0;
10640;5198359;1061289984;23678976;1201901568;0;0;0;0;0;0;0;0;0;0;0;3206;0;0;95;0;200;0;
10641;7851886;1061289984;23678976;1201901568;0;0;0;0;0;0;0;0;0;0;0;2435;0;0;95;0;200;0;
10642;4764976;1061289984;23678976;1201901568;0;0;0;0;0;0;0;0;0;0;0;149931;0;0;95;0;200;0;
10643;6814299;1061289984;23678976;1201901568;0;0;0;0;0;0;0;0;0;0;0;2475;0;0;95;0;200;0;
10644;5231752;1061289984;23678976;1201901568;0;0;0;0;0;0;0;0;0;0;0;2915;0;0;95;0;200;0;
10645;8430961;1061289984;23678976;1201901568;0;0;0;0;0;0;0;0;0;0;0;2905;0;0;95;0;200;0;
10646;3834191;1061289984;23678976;1201901568;0;0;0;0;0;0;0;0;0;0;0;3807;0;0;95;0;200;0;
10647;8687212;1061289984;23678976;1201901568;0;0;0;0;0;0;0;0;0;0;0;3086;0;0;95;0;200;0;
10648;3604550;1061289984;23678976;1201901568;0;0;0;0;0;0;0;0;0;0;0;2685;0;0;95;0;200;0;
10649;6150505;1061289984;23678976;1201901568;0;0;0;0;0;0;0;0;0;0;0;1823;0;0;95;0;200;0;
10650;5907599;1061289984;23678976;1201901568;0;0;0;0;0;0;0;0;0;0;0;2705;0;0;95;0;200;0;
10651;5725698;1061289984;23678976;1201901568;0;0;0;0;0;0;0;0;0;0;0;2435;0;0;95;0;200;0;
10652;6108827;1061289984;23678976;1201901568;0;0;0;0;0;0;0;0;0;0;0;2975;0;0;95;0;200;0;
10653;6012996;1061289984;23678976;1201901568;0;0;0;0;0;0;0;0;0;0;0;2485;0;0;95;0;200;0;
10654;5089475;1061289984;23678976;1201901568;0;0;0;0;0;0;0;0;0;0;0;3847;0;0;95;0;200;0;
10655;8513776;1061289984;23678976;1201901568;0;0;0;0;0;0;0;0;0;0;0;2564;0;0;95;0;200;0;
10656;3888442;1061289984;23678976;1201901568;0;0;0;0;0;0;0;0;0;0;0;3166;0;0;95;0;200;0;
10657;8288795;1061289984;23678976;1201901568;0;0;0;0;0;0;0;0;0;0;0;2335;0;0;95;0;200;0;
10658;3383165;1061289984;23678976;1201901568;0;0;0;0;0;0;0;0;0;0;0;3116;0;0;95;0;200;0;
10659;7045713;1061289984;23678976;1201901568;0;0;0;0;0;0;0;0;0;0;0;2645;0;0;95;0;200;0;
10660;5243203;1061289984;23678976;1201901568;0;0;0;0;0;0;0;0;0;0;0;3436;0;0;95;0;200;0;
10661;6909649;1061289984;23678976;1201901568;0;0;0;0;0;0;0;0;0;0;0;3707;0;0;95;0;200;0;
10662;5391912;1061289984;23678976;1201901568;0;0;0;0;0;0;0;0;0;0;0;3897;0;0;95;0;200;0;
10663;7089165;1061289984;23678976;1201901568;0;0;0;0;0;0;0;0;0;0;0;1774;0;0;95;0;200;0;
10664;5396811;1061289984;23678976;1201901568;0;0;0;0;0;0;0;0;0;0;0;2675;0;0;95;0;200;0;
10665;5665875;1061289984;23678976;1201901568;0;0;0;0;0;0;0;0;0;0;0;2024;0;0;95;0;200;0;
10666;7792755;1061289984;23678976;1201901568;0;0;0;0;0;0;0;0;0;0;0;2826;0;0;95;0;200;0;
10667;6355630;1061289984;23678976;1201901568;0;0;0;0;0;0;0;0;0;0;0;2304;0;0;95;0;200;0;
10668;6002857;1061289984;23678976;1201901568;0;0;0;0;0;0;0;0;0;0;0;2685;0;0;95;0;200;0;
10669;7214730;1061289984;23678976;1201901568;0;0;0;0;0;0;0;0;0;0;0;1573;0;0;95;0;200;0;
10670;6465565;1061289984;23678976;1201901568;0;0;0;0;0;0;0;0;0;0;0;3186;0;0;95;0;200;0;
10671;7361225;1061289984;23678976;1201901568;0;0;0;0;0;0;0;0;0;0;0;2976;0;0;95;0;200;0;
10672;4384623;1061289984;23678976;1201901568;0;0;0;0;0;0;0;0;0;0;0;4228;0;0;95;0;200;0;
10673;8690748;1061289984;23678976;1201901568;0;0;0;0;0;0;0;0;0;0;0;3367;0;0;95;0;200;0;
10674;4767561;1061289984;23678976;1201901568;0;0;0;0;0;0;0;0;0;0;0;3056;0;0;95;0;200;0;
10675;7726740;1061289984;23678976;1201901568;0;0;0;0;0;0;0;0;0;0;0;3838;0;0;95;0;200;0;
10676;2870633;1061289984;23678976;1201901568;0;0;0;0;0;0;0;0;0;0;0;3096;0;0;95;0;200;0;
10677;8607182;1061289984;23678976;1201901568;0;0;0;0;0;0;0;0;0;0;0;2655;0;0;95;0;200;0;
10678;3293466;1061289984;23678976;1201901568;0;0;0;0;0;0;0;0;0;0;0;2785;0;0;95;0;200;0;
10679;8502044;1061289984;23678976;1201901568;0;0;0;0;0;0;0;0;0;0;0;3085;0;0;95;0;200;0;
10680;3593580;1061289984;23678976;1201901568;0;0;0;0;0;0;0;0;0;0;0;3216;0;0;95;0;200;0;
10681;10533044;1061289984;23678976;1201901568;0;0;0;0;0;0;0;0;0;0;0;3106;0;0;95;0;200;0;
10682;12203296;1061289984;23678976;1201901568;0;0;0;0;0;0;0;0;0;0;0;4278;0;0;95;0;200;0;
10683;8089521;1061289984;23678976;1201901568;0;0;0;0;0;0;0;0;0;0;0;2995;0;0;95;0;200;0;
10684;5081319;1061289984;23678976;1201901568;0;0;0;0;0;0;0;0;0;0;0;4428;0;0;95;0;200;0;
10685;7880088;1061289984;23678976;1201901568;0;0;0;0;0;0;0;0;0;0;0;2565;0;0;95;0;200;0;
10686;4835509;1061289984;23678976;1201901568;0;0;0;0;0;0;0;0;0;0;0;3547;0;0;95;0;200;0;
10687;6873080;1061289984;23678976;1201901568;0;0;0;0;0;0;0;0;0;0;0;2605;0;0;95;0;200;0;
10688;3846374;1061289984;23678976;1201901568;0;0;0;0;0;0;0;0;0;0;0;2956;0;0;95;0;200;0;
10689;6002947;1061289984;23678976;1201901568;0;0;0;0;0;0;0;0;0;0;0;2765;0;0;95;0;200;0;
10690;7795339;1061289984;23678976;1201901568;0;0;0;0;0;0;0;0;0;0;0;3376;0;0;95;0;200;0;
10691;8026283;1061289984;23678976;1201901568;0;0;0;0;0;0;0;0;0;0;0;2846;0;0;95;0;200;0;
10692;7607908;1061289984;23678976;1201901568;0;0;0;0;0;0;0;0;0;0;0;3456;0;0;95;0;200;0;
10693;6020270;1061289984;23678976;1201901568;0;0;0;0;0;0;0;0;0;0;0;2024;0;0;95;0;200;0;
10694;5447245;1061289984;23678976;1201901568;0;0;0;0;0;0;0;0;0;0;0;3016;0;0;95;0;200;0;
10695;8497697;1061289984;23678976;1201901568;0;0;0;0;0;0;0;0;0;0;0;2545;0;0;95;0;200;0;
10696;4034065;1061289984;23678976;1201901568;0;0;0;0;0;0;0;0;0;0;0;2775;0;0;95;0;200;0;
10697;6887878;1061289984;23678976;1201901568;0;0;0;0;0;0;0;0;0;0;0;2304;0;0;95;0;200;0;
10698;6177145;1061289984;23678976;1201901568;0;0;0;0;0;0;0;0;0;0;0;2304;0;0;95;0;200;0;
10699;7869498;1061289984;23678976;1201901568;0;0;0;0;0;0;0;0;0;0;0;2866;0;0;95;0;200;0;
10700;5381432;1061289984;23678976;1201901568;0;0;0;0;0;0;0;0;0;0;0;3226;0;0;95;0;200;0;
10701;6348145;1061289984;23678976;1201901568;0;0;0;0;0;0;0;0;0;0;0;3066;0;0;95;0;200;0;
10702;5135852;1061289984;23678976;1201901568;0;0;0;0;0;0;0;0;0;0;0;3316;0;0;95;0;200;0;
10703;7407933;1061289984;23678976;1201901568;0;0;0;0;0;0;0;0;0;0;0;1703;0;0;95;0;200;0;
10704;6191200;1061289984;23678976;1201901568;0;0;0;0;0;0;0;0;0;0;0;2905;0;0;95;0;200;0;
10705;6315604;1061289984;23678976;1201901568;0;0;0;0;0;0;0;0;0;0;0;2064;0;0;95;0;200;0;
10706;5263812;1061289984;23678976;1201901568;0;0;0;0;0;0;0;0;0;0;0;4469;0;0;95;0;200;0;
10707;7314307;1061289984;23678976;1201901568;0;0;0;0;0;0;0;0;0;0;0;2164;0;0;95;0;200;0;
10708;5281705;1061289984;23678976;1201901568;0;0;0;0;0;0;0;0;0;0;0;4588;0;0;95;0;200;0;
10709;7194743;1061289984;23678976;1201901568;0;0;0;0;0;0;0;0;0;0;0;3446;0;0;95;0;200;0;
10710;4574108;1061289984;23678976;1201901568;0;0;0;0;0;0;0;0;0;0;0;3327;0;0;95;0;200;0;
10711;5886930;1061289984;23678976;1201901568;0;0;0;0;0;0;0;0;0;0;0;2104;0;0;95;0;200;0;
10712;4513234;1061289984;23678976;1201901568;0;0;0;0;0;0;0;0;0;0;0;3407;0;0;95;0;200;0;
10713;8173418;1061289984;23678976;1201901568;0;0;0;0;0;0;0;0;0;0;0;3046;0;0;95;0;200;0;
10714;5357938;1061289984;23678976;1201901568;0;0;0;0;0;0;0;0;0;0;0;2856;0;0;95;0;200;0;
10715;7731519;1061289984;23678976;1201901568;0;0;0;0;0;0;0;0;0;0;0;2605;0;0;95;0;200;0;
10716;4212730;1061289984;23678976;1201901568;0;0;0;0;0;0;0;0;0;0;0;3987;0;0;95;0;200;0;
10717;6298492;1061289984;23678976;1201901568;0;0;0;0;0;0;0;0;0;0;0;2755;0;0;95;0;200;0;
10718;5170547;1061289984;23678976;1201901568;0;0;0;0;0;0;0;0;0;0;0;2986;0;0;95;0;200;0;
10719;7519071;1061289984;23678976;1201901568;0;0;0;0;0;0;0;0;0;0;0;3196;0;0;95;0;200;0;
10720;5719216;1061289984;23678976;1201901568;0;0;0;0;0;0;0;0;0;0;0;3807;0;0;95;0;200;0;
10721;8185731;1061289984;23678976;1201901568;0;0;0;0;0;0;0;0;0;0;0;2986;0;0;95;0;200;0;
10722;5691414;1061289984;23678976;1201901568;0;0;0;0;0;0;0;0;0;0;0;2936;0;0;95;0;200;0;
10723;6532160;1061289984;23678976;1201901568;0;0;0;0;0;0;0;0;0;0;0;2104;0;0;95;0;200;0;
10724;3591736;1061289984;23678976;1201901568;0;0;0;0;0;0;0;0;0;0;0;2945;0;0;95;0;200;0;
10725;6811153;1061289984;23678976;1201901568;0;0;0;0;0;0;0;0;0;0;0;2405;0;0;95;0;200;0;
10726;3847937;1061289984;23678976;1201901568;0;0;0;0;0;0;0;0;0;0;0;3316;0;0;95;0;200;0;
10727;6928654;1061289984;23678976;1201901568;0;0;0;0;0;0;0;0;0;0;0;1823;0;0;95;0;200;0;
10728;7336910;1061289984;23678976;1201901568;0;0;0;0;0;0;0;0;0;0;0;4168;0;0;95;0;200;0;
10729;7465781;1061289984;23678976;1201901568;0;0;0;0;0;0;0;0;0;0;0;3667;0;0;95;0;200;0;
10730;3786912;1061289984;23678976;1201901568;0;0;0;0;0;0;0;0;0;0;0;2675;0;0;95;0;200;0;
10731;6194046;1061289984;23678976;1201901568;0;0;0;0;0;0;0;0;0;0;0;2134;0;0;95;0;200;0;
10732;7924101;1061289984;23678976;1201901568;0;0;0;0;0;0;0;0;0;0;0;3467;0;0;95;0;200;0;
10733;5753270;1061289984;23678976;1201901568;0;0;0;0;0;0;0;0;0;0;0;2926;0;0;95;0;200;0;
10734;3738411;1061289984;23678976;1201901568;0;0;0;0;0;0;0;0;0;0;0;2906;0;0;95;0;200;0;
10735;5580856;1061289984;23678976;1201901568;0;0;0;0;0;0;0;0;0;0;0;1864;0;0;95;0;200;0;
10736;5399105;1061289984;23678976;1201901568;0;0;0;0;0;0;0;0;0;0;0;3206;0;0;95;0;200;0;
10737;6299003;1061289984;23678976;1201901568;0;0;0;0;0;0;0;0;0;0;0;2254;0;0;95;0;200;0;
10738;5579694;1061289984;23678976;1201901568;0;0;0;0;0;0;0;0;0;0;0;2745;0;0;95;0;200;0;
10739;6705014;1061289984;23678976;1201901568;0;0;0;0;0;0;0;0;0;0;0;1984;0;0;95;0;200;0;
10740;5915614;1061289984;23678976;1201901568;0;0;0;0;0;0;0;0;0;0;0;3036;0;0;95;0;200;0;
10741;6526370;1061289984;23678976;1201901568;0;0;0;0;0;0;0;0;0;0;0;2575;0;0;95;0;200;0;
10742;4211488;1061289984;23678976;1201901568;0;0;0;0;0;0;0;0;0;0;0;2725;0;0;95;0;200;0;
10743;5763809;1061289984;23678976;1201901568;0;0;0;0;0;0;0;0;0;0;0;2786;0;0;95;0;200;0;
10744;3424712;1061289984;23678976;1201901568;0;0;0;0;0;0;0;0;0;0;0;3126;0;0;95;0;200;0;
10745;7041205;1061289984;23678976;1201901568;0;0;0;0;0;0;0;0;0;0;0;2024;0;0;95;0;200;0;
10746;5547974;1061289984;23678976;1201901568;0;0;0;0;0;0;0;0;0;0;0;3246;0;0;95;0;200;0;
10747;4243318;1061289984;23678976;1201901568;0;0;0;0;0;0;0;0;0;0;0;1703;0;0;95;0;200;0;
10748;8041311;1061289984;23678976;1201901568;0;0;0;0;0;0;0;0;0;0;0;3938;0;0;95;0;200;0;
10749;9031297;1061289984;23678976;1201901568;0;0;0;0;0;0;0;0;0;0;0;2795;0;0;95;0;200;0;
10750;7112258;1061289984;23678976;1201901568;0;0;0;0;0;0;0;0;0;0;0;2695;0;0;95;0;200;0;
10751;9601676;1061289984;23678976;1201901568;0;0;0;0;0;0;0;0;0;0;0;3888;0;0;95;0;200;0;
10752;5571289;1061289984;23678976;1201901568;0;0;0;0;0;0;0;0;0;0;0;4038;0;0;95;0;200;0;
10753;10443515;1061289984;23678976;1201901568;0;0;0;0;0;0;0;0;0;0;0;3737;0;0;95;0;200;0;
10754;5624478;1061289984;23678976;1201901568;0;0;0;0;0;0;0;0;0;0;0;3616;0;0;95;0;200;0;
10755;7590846;1061289984;23678976;1201901568;0;0;0;0;0;0;0;0;0;0;0;4198;0;0;95;0;200;0;
10756;3587057;1061289984;23678976;1201901568;0;0;0;0;0;0;0;0;0;0;0;2625;0;0;95;0;200;0;
10757;6869382;1061289984;23678976;1201901568;0;0;0;0;0;0;0;0;0;0;0;2685;0;0;95;0;200;0;
10758;6726344;1061289984;23678976;1201901568;0;0;0;0;0;0;0;0;0;0;0;3417;0;0;95;0;200;0;
10759;5782414;1061289984;23678976;1201901568;0;0;0;0;0;0;0;0;0;0;0;3957;0;0;95;0;200;0;
10760;5551512;1061289984;23678976;1201901568;0;0;0;0;0;0;0;0;0;0;0;2755;0;0;95;0;200;0;
10761;7200784;1061289984;23678976;1201901568;0;0;0;0;0;0;0;0;0;0;0;2034;0;0;95;0;200;0;
10762;4992483;1061289984;23678976;1201901568;0;0;0;0;0;0;0;0;0;0;0;4188;0;0;95;0;200;0;
10763;8677934;1061289984;23678976;1201901568;0;0;0;0;0;0;0;0;0;0;0;2665;0;0;95;0;200;0;
10764;3673600;1061289984;23678976;1201901568;0;0;0;0;0;0;0;0;0;0;0;3757;0;0;95;0;200;0;
10765;6551006;1061289984;23678976;1201901568;0;0;0;0;0;0;0;0;0;0;0;2695;0;0;95;0;200;0;
10766;5084035;1061289984;23678976;1201901568;0;0;0;0;0;0;0;0;0;0;0;3577;0;0;95;0;200;0;
10767;5150259;1061289984;23678976;1201901568;0;0;0;0;0;0;0;0;0;0;0;2114;0;0;95;0;200;0;
10768;5411067;1061289984;23678976;1201901568;0;0;0;0;0;0;0;0;0;0;0;3868;0;0;95;0;200;0;
10769;7228526;1061289984;23678976;1201901568;0;0;0;0;0;0;0;0;0;0;0;2765;0;0;95;0;200;0;
10770;6867349;1061289984;23678976;1201901568;0;0;0;0;0;0;0;0;0;0;0;3677;0;0;95;0;200;0;
10771;6862460;1061289984;23678976;1201901568;0;0;0;0;0;0;0;0;0;0;0;3557;0;0;95;0;200;0;
10772;8366771;1061289984;23678976;1201901568;0;0;0;0;0;0;0;0;0;0;0;3126;0;0;95;0;200;0;
10773;5646780;1061289984;23678976;1201901568;0;0;0;0;0;0;0;0;0;0;0;2355;0;0;95;0;200;0;
10774;6002888;1061289984;23678976;1201901568;0;0;0;0;0;0;0;0;0;0;0;2856;0;0;95;0;200;0;
10775;5285422;1061289984;23678976;1201901568;0;0;0;0;0;0;0;0;0;0;0;2304;0;0;95;0;200;0;
10776;7894014;1061289984;23678976;1201901568;0;0;0;0;0;0;0;0;0;0;0;4077;0;0;95;0;200;0;
10777;7505936;1061289984;23678976;1201901568;0;0;0;0;0;0;0;0;0;0;0;3447;0;0;95;0;200;0;
10778;6196661;1061289984;23678976;1201901568;0;0;0;0;0;0;0;0;0;0;0;3216;0;0;95;0;200;0;
10779;7860211;1061289984;23678976;1201901568;0;0;0;0;0;0;0;0;0;0;0;2214;0;0;95;0;200;0;
10780;7527928;1061289984;23678976;1201901568;0;0;0;0;0;0;0;0;0;0;0;2996;0;0;95;0;200;0;
10781;7281746;1061289984;23678976;1201901568;0;0;0;0;0;0;0;0;0;0;0;2234;0;0;95;0;200;0;
10782;7405438;1061289984;23678976;1201901568;0;0;0;0;0;0;0;0;0;0;0;3847;0;0;95;0;200;0;
10783;7063587;1061289984;23678976;1201901568;0;0;0;0;0;0;0;0;0;0;0;2665;0;0;95;0;200;0;
10784;6386988;1061289984;23678976;1201901568;0;0;0;0;0;0;0;0;0;0;0;3607;0;0;95;0;200;0;
10785;6473340;1061289984;23678976;1201901568;0;0;0;0;0;0;0;0;0;0;0;2775;0;0;95;0;200;0;
10786;6150465;1061289984;23678976;1201901568;0;0;0;0;0;0;0;0;0;0;0;4158;0;0;95;0;200;0;
10787;6690747;1061289984;23678976;1201901568;0;0;0;0;0;0;0;0;0;0;0;2354;0;0;95;0;200;0;
10788;7060832;1061289984;23678976;1201901568;0;0;0;0;0;0;0;0;0;0;0;3377;0;0;95;0;200;0;
10789;6301518;1061289984;23678976;1201901568;0;0;0;0;0;0;0;0;0;0;0;2966;0;0;95;0;200;0;
10790;6445138;1061289984;23678976;1201901568;0;0;0;0;0;0;0;0;0;0;0;3156;0;0;95;0;200;0;
10791;6059354;1061289984;23678976;1201901568;0;0;0;0;0;0;0;0;0;0;0;2024;0;0;95;0;200;0;
10792;7801241;1061289984;23678976;1201901568;0;0;0;0;0;0;0;0;0;0;0;3636;0;0;95;0;200;0;
10793;6022254;1061289984;23678976;1201901568;0;0;0;0;0;0;0;0;0;0;0;2234;0;0;95;0;200;0;
10794;8156126;1061289984;23678976;1201901568;0;0;0;0;0;0;0;0;0;0;0;3447;0;0;95;0;200;0;
10795;5890988;1061289984;23678976;1201901568;0;0;0;0;0;0;0;0;0;0;0;2655;0;0;95;0;200;0;
10796;8005503;1061289984;23678976;1201901568;0;0;0;0;0;0;0;0;0;0;0;2765;0;0;95;0;200;0;
10797;8589478;1061289984;23678976;1201901568;0;0;0;0;0;0;0;0;0;0;0;3056;0;0;95;0;200;0;
10798;5842828;1061289984;23678976;1201901568;0;0;0;0;0;0;0;0;0;0;0;3887;0;0;95;0;200;0;
10799;7539109;1061289984;23678976;1201901568;0;0;0;0;0;0;0;0;0;0;0;3286;0;0;95;0;200;0;
10800;5886339;1061289984;23678976;1201901568;0;0;0;0;0;0;0;0;0;0;0;3807;0;0;95;0;200;0;
10801;7716561;1061289984;23678976;1201901568;0;0;0;0;0;0;0;0;0;0;0;3036;0;0;95;0;200;0;
10802;6719602;1061289984;23678976;1201901568;0;0;0;0;0;0;0;0;0;0;0;2926;0;0;95;0;200;0;
10803;7212386;1061289984;23678976;1201901568;0;0;0;0;0;0;0;0;0;0;0;3446;0;0;95;0;200;0;
10804;5817520;1061289984;23678976;1201901568;0;0;0;0;0;0;0;0;0;0;0;3226;0;0;95;0;200;0;
10805;10034689;1061289984;23678976;1201901568;0;0;0;0;0;0;0;0;0;0;0;4217;0;0;95;0;200;0;
10806;4414710;1061289984;23678976;1201901568;0;0;0;0;0;0;0;0;0;0;0;2956;0;0;95;0;200;0;
10807;8616258;1061289984;23678976;1201901568;0;0;0;0;0;0;0;0;0;0;0;2755;0;0;95;0;200;0;
10808;4879791;1061289984;23678976;1201901568;0;0;0;0;0;0;0;0;0;0;0;2755;0;0;95;0;200;0;
10809;7650367;1061289984;23678976;1201901568;0;0;0;0;0;0;0;0;0;0;0;2655;0;0;95;0;200;0;
10810;5524370;1061289984;23678976;1201901568;0;0;0;0;0;0;0;0;0;0;0;2585;0;0;95;0;200;0;
10811;6405563;1061289984;23678976;1201901568;0;0;0;0;0;0;0;0;0;0;0;3015;0;0;95;0;200;0;
10812;9505356;1061289984;23678976;1201901568;0;0;0;0;0;0;0;0;0;0;0;3647;0;0;95;0;200;0;
10813;8694455;1061289984;23678976;1201901568;0;0;0;0;0;0;0;0;0;0;0;3116;0;0;95;0;200;0;
10814;6679426;1061289984;23678976;1201901568;0;0;0;0;0;0;0;0;0;0;0;3636;0;0;95;0;200;0;
10815;9452597;1061289984;23678976;1201901568;0;0;0;0;0;0;0;0;0;0;0;5120;0;0;95;0;200;0;
10816;6669848;1061289984;23678976;1201901568;0;0;0;0;0;0;0;0;0;0;0;3596;0;0;95;0;200;0;
10817;8761151;1061289984;23678976;1201901568;0;0;0;0;0;0;0;0;0;0;0;4950;0;0;95;0;200;0;
10818;4919776;1061289984;23678976;1201901568;0;0;0;0;0;0;0;0;0;0;0;3887;0;0;95;0;200;0;
10819;6666703;1061289984;23678976;1201901568;0;0;0;0;0;0;0;0;0;0;0;2444;0;0;95;0;200;0;
10820;6202913;1061289984;23678976;1201901568;0;0;0;0;0;0;0;0;0;0;0;2444;0;0;95;0;200;0;
10821;7764642;1061289984;23678976;1201901568;0;0;0;0;0;0;0;0;0;0;0;3065;0;0;95;0;200;0;
10822;6659008;1061289984;23678976;1201901568;0;0;0;0;0;0;0;0;0;0;0;3597;0;0;95;0;200;0;
10823;6861949;1061289984;23678976;1201901568;0;0;0;0;0;0;0;0;0;0;0;2916;0;0;95;0;200;0;
10824;5673019;1061289984;23678976;1201901568;0;0;0;0;0;0;0;0;0;0;0;3978;0;0;95;0;200;0;
10825;7524621;1061289984;23678976;1201901568;0;0;0;0;0;0;0;0;0;0;0;2264;0;0;95;0;200;0;
10826;4748806;1061289984;23678976;1201901568;0;0;0;0;0;0;0;0;0;0;0;2926;0;0;95;0;200;0;
10827;8364266;1061289984;23678976;1201901568;0;0;0;0;0;0;0;0;0;0;0;4177;0;0;95;0;200;0;
10828;3635468;1061289984;23678976;1201901568;0;0;0;0;0;0;0;0;0;0;0;3867;0;0;95;0;200;0;
10829;8547810;1061289984;23678976;1201901568;0;0;0;0;0;0;0;0;0;0;0;3827;0;0;95;0;200;0;
10830;4739839;1061289984;23678976;1201901568;0;0;0;0;0;0;0;0;0;0;0;3446;0;0;95;0;200;0;
10831;13067196;1061289984;23678976;1201901568;0;0;0;0;0;0;0;0;0;0;0;3527;0;0;95;0;200;0;
10832;5554837;1061289984;23678976;1201901568;0;0;0;0;0;0;0;0;0;0;0;3096;0;0;95;0;200;0;
10833;12107166;1061289984;23678976;1201901568;0;0;0;0;0;0;0;0;0;0;0;3987;0;0;95;0;200;0;
10834;6705245;1061289984;23678976;1201901568;0;0;0;0;0;0;0;0;0;0;0;4078;0;0;95;0;200;0;
10835;8327267;1061289984;23678976;1201901568;0;0;0;0;0;0;0;0;0;0;0;3737;0;0;95;0;200;0;
10836;5196205;1061289984;23678976;1201901568;0;0;0;0;0;0;0;0;0;0;0;3196;0;0;95;0;200;0;
10837;7002904;1061289984;23678976;1201901568;0;0;0;0;0;0;0;0;0;0;0;3587;0;0;95;0;200;0;
10838;5430374;1061289984;23678976;1201901568;0;0;0;0;0;0;0;0;0;0;0;3487;0;0;95;0;200;0;
10839;7023171;1061289984;23678976;1201901568;0;0;0;0;0;0;0;0;0;0;0;2665;0;0;95;0;200;0;
10840;8117864;1061289984;23678976;1201901568;0;0;0;0;0;0;0;0;0;0;0;3627;0;0;95;0;200;0;
10841;8426022;1061289984;23678976;1201901568;0;0;0;0;0;0;0;0;0;0;0;3377;0;0;95;0;200;0;
10842;6231196;1061289984;23678976;1201901568;0;0;0;0;0;0;0;0;0;0;0;2986;0;0;95;0;200;0;
10843;11850995;1061289984;23678976;1201901568;0;0;0;0;0;0;0;0;0;0;0;2685;0;0;95;0;200;0;
10844;8359206;1061289984;23678976;1201901568;0;0;0;0;0;0;0;0;0;0;0;4419;0;0;95;0;200;0;
10845;7231332;1061289984;23678976;1201901568;0;0;0;0;0;0;0;0;0;0;0;3276;0;0;95;0;200;0;
10846;7702475;1061289984;23678976;1201901568;0;0;0;0;0;0;0;0;0;0;0;3607;0;0;95;0;200;0;
10847;9074758;1061289984;23678976;1201901568;0;0;0;0;0;0;0;0;0;0;0;2504;0;0;95;0;200;0;
10848;4722877;1061289984;23678976;1201901568;0;0;0;0;0;0;0;0;0;0;0;2455;0;0;95;0;200;0;
10849;5500596;1061289984;23678976;1201901568;0;0;0;0;0;0;0;0;0;0;0;2545;0;0;95;0;200;0;
10850;8375176;1061285888;23674880;1201897472;0;0;0;0;0;0;0;0;0;0;0;3877;0;0;95;0;200;0;
10851;7847938;1061285888;23674880;1201897472;0;0;0;0;0;0;0;0;0;0;0;3106;0;0;95;0;200;0;
10852;7199321;1061285888;23674880;1201897472;0;0;0;0;0;0;0;0;0;0;0;3296;0;0;95;0;200;0;
10853;8551267;1061285888;23674880;1201897472;0;0;0;0;0;0;0;0;0;0;0;2936;0;0;95;0;200;0;
10854;6242637;1061285888;23674880;1201897472;0;0;0;0;0;0;0;0;0;0;0;3456;0;0;95;0;200;0;
10855;8342385;1061285888;23674880;1201897472;0;0;0;0;0;0;0;0;0;0;0;2575;0;0;95;0;200;0;
10856;5788426;1061285888;23674880;1201897472;0;0;0;0;0;0;0;0;0;0;0;3336;0;0;95;0;200;0;
10857;8176925;1061285888;23674880;1201897472;0;0;0;0;0;0;0;0;0;0;0;3787;0;0;95;0;200;0;
10858;5152954;1061285888;23674880;1201897472;0;0;0;0;0;0;0;0;0;0;0;2885;0;0;95;0;200;0;
10859;8753066;1061285888;23674880;1201897472;0;0;0;0;0;0;0;0;0;0;0;3477;0;0;95;0;200;0;
10860;4433074;1061285888;23674880;1201897472;0;0;0;0;0;0;0;0;0;0;0;3116;0;0;95;0;200;0;
10861;7282958;1061285888;23674880;1201897472;0;0;0;0;0;0;0;0;0;0;0;3707;0;0;95;0;200;0;
10862;6342554;1061285888;23674880;1201897472;0;0;0;0;0;0;0;0;0;0;0;4328;0;0;95;0;200;0;
10863;7303657;1061285888;23674880;1201897472;0;0;0;0;0;0;0;0;0;0;0;3266;0;0;95;0;200;0;
10864;5123558;1061285888;23674880;1201897472;0;0;0;0;0;0;0;0;0;0;0;3176;0;0;95;0;200;0;
10865;7537947;1061285888;23674880;1201897472;0;0;0;0;0;0;0;0;0;0;0;2364;0;0;95;0;200;0;
10866;6653899;1061285888;23674880;1201897472;0;0;0;0;0;0;0;0;0;0;0;3056;0;0;95;0;200;0;
10867;9133960;1061285888;23674880;1201897472;0;0;0;0;0;0;0;0;0;0;0;3697;0;0;95;0;200;0;
10868;3878353;1061285888;23674880;1201897472;0;0;0;0;0;0;0;0;0;0;0;3196;0;0;95;0;200;0;
10869;6722858;1061285888;23674880;1201897472;0;0;0;0;0;0;0;0;0;0;0;2114;0;0;95;0;200;0;
10870;6853944;1061285888;23678976;1201901568;0;0;0;0;0;0;0;0;0;0;0;3296;0;0;95;0;200;0;
10871;6820280;1061285888;23678976;1201901568;0;0;0;0;0;0;0;0;0;0;0;2855;0;0;95;0;200;0;
10872;6573297;1061285888;23678976;1201901568;0;0;0;0;0;0;0;0;0;0;0;3036;0;0;95;0;200;0;
10873;6263105;1061285888;23678976;1201901568;0;0;0;0;0;0;0;0;0;0;0;2555;0;0;95;0;200;0;
10874;5605372;1061285888;23678976;1201901568;0;0;0;0;0;0;0;0;0;0;0;2806;0;0;95;0;200;0;
10875;7001260;1061285888;23678976;1201901568;0;0;0;0;0;0;0;0;0;0;0;3306;0;0;95;0;200;0;
10876;7120063;1061285888;23678976;1201901568;0;0;0;0;0;0;0;0;0;0;0;3076;0;0;95;0;200;0;
10877;7897381;1061285888;23678976;1201901568;0;0;0;0;0;0;0;0;0;0;0;3377;0;0;95;0;200;0;
10878;5854590;1061285888;23678976;1201901568;0;0;0;0;0;0;0;0;0;0;0;3276;0;0;95;0;200;0;
10879;9024605;1061285888;23678976;1201901568;0;0;0;0;0;0;0;0;0;0;0;5120;0;0;95;0;200;0;
10880;7399256;1061285888;23678976;1201901568;0;0;0;0;0;0;0;0;0;0;0;3566;0;0;95;0;200;0;
10881;9183162;1061285888;23678976;1201901568;0;0;0;0;0;0;0;0;0;0;0;3918;0;0;95;0;200;0;
10882;5218206;1061285888;23678976;1201901568;0;0;0;0;0;0;0;0;0;0;0;2895;0;0;95;0;200;0;
10883;5934149;1061285888;23678976;1201901568;0;0;0;0;0;0;0;0;0;0;0;2845;0;0;95;0;200;0;
10884;5314908;1061285888;23678976;1201901568;0;0;0;0;0;0;0;0;0;0;0;2595;0;0;95;0;200;0;
10885;8108206;1061285888;23678976;1201901568;0;0;0;0;0;0;0;0;0;0;0;3576;0;0;95;0;200;0;
10886;5406800;1061285888;23678976;1201901568;0;0;0;0;0;0;0;0;0;0;0;3717;0;0;95;0;200;0;
10887;8857561;1061285888;23678976;1201901568;0;0;0;0;0;0;0;0;0;0;0;4408;0;0;95;0;200;0;
10888;6189117;1061285888;23678976;1201901568;0;0;0;0;0;0;0;0;0;0;0;3897;0;0;95;0;200;0;
10889;9236082;1061285888;23678976;1201901568;0;0;0;0;0;0;0;0;0;0;0;4419;0;0;95;0;200;0;
10890;5490988;1061285888;23678976;1201901568;0;0;0;0;0;0;0;0;0;0;0;4659;0;0;95;0;200;0;
10891;7452927;1061285888;23678976;1201901568;0;0;0;0;0;0;0;0;0;0;0;3597;0;0;95;0;200;0;
10892;7812321;1061285888;23678976;1201901568;0;0;0;0;0;0;0;0;0;0;0;3857;0;0;95;0;200;0;
10893;7009796;1061285888;23678976;1201901568;0;0;0;0;0;0;0;0;0;0;0;3096;0;0;95;0;200;0;
10894;7834573;1061285888;23678976;1201901568;0;0;0;0;0;0;0;0;0;0;0;3406;0;0;95;0;200;0;
10895;7376183;1061285888;23678976;1201901568;0;0;0;0;0;0;0;0;0;0;0;3646;0;0;95;0;200;0;
10896;5922247;1059401728;21790720;1200013312;0;0;0;0;0;0;0;0;0;0;0;3676;0;0;95;0;200;0;
10897;6466186;1059401728;21790720;1200013312;0;0;0;0;0;0;0;0;0;0;0;2816;0;0;95;0;200;0;
10898;7019855;1059401728;21790720;1200013312;0;0;0;0;0;0;0;0;0;0;0;3406;0;0;95;0;200;0;
10899;6399612;1059401728;21790720;1200013312;0;0;0;0;0;0;0;0;0;0;0;2785;0;0;95;0;200;0;
10900;7775612;1059401728;21790720;1200013312;0;0;0;0;0;0;0;0;0;0;0;3536;0;0;95;0;200;0;
10901;7194342;1059401728;21790720;1200013312;0;0;0;0;0;0;0;0;0;0;0;3767;0;0;95;0;200;0;
10902;8115189;1059401728;21790720;1200013312;0;0;0;0;0;0;0;0;0;0;0;2915;0;0;95;0;200;0;
10903;7916156;1059401728;21790720;1200013312;0;0;0;0;0;0;0;0;0;0;0;3306;0;0;95;0;200;0;
10904;5338582;1059401728;21790720;1200013312;0;0;0;0;0;0;0;0;0;0;0;3446;0;0;95;0;200;0;
10905;8423578;1059401728;21790720;1200013312;0;0;0;0;0;0;0;0;0;0;0;3296;0;0;95;0;200;0;
10906;7330357;1059401728;21790720;1200013312;0;0;0;0;0;0;0;0;0;0;0;3817;0;0;95;0;200;0;
10907;7827941;1059401728;21790720;1200013312;0;0;0;0;0;0;0;0;0;0;0;128561;0;0;95;0;200;0;
10908;8643780;1059401728;21790720;1200013312;0;0;0;0;0;0;0;0;0;0;0;4008;0;0;95;0;200;0;
10909;7074147;1059401728;21790720;1200013312;0;0;0;0;0;0;0;0;0;0;0;3206;0;0;95;0;200;0;
10910;7179445;1059401728;21790720;1200013312;0;0;0;0;0;0;0;0;0;0;0;4198;0;0;95;0;200;0;
10911;7128399;1059401728;21790720;1200013312;0;0;0;0;0;0;0;0;0;0;0;3076;0;0;95;0;200;0;
10912;7728794;1059401728;21790720;1200013312;0;0;0;0;0;0;0;0;0;0;0;3246;0;0;95;0;200;0;
10913;7682938;1059401728;21790720;1200013312;0;0;0;0;0;0;0;0;0;0;0;3146;0;0;95;0;200;0;
10914;6139945;1059401728;21790720;1200013312;0;0;0;0;0;0;0;0;0;0;0;3587;0;0;95;0;200;0;
10915;8220317;1059401728;21790720;1200013312;0;0;0;0;0;0;0;0;0;0;0;2836;0;0;95;0;200;0;
10916;6241335;1059401728;21790720;1200013312;0;0;0;0;0;0;0;0;0;0;0;3707;0;0;95;0;200;0;
10917;8027314;1059401728;21790720;1200013312;0;0;0;0;0;0;0;0;0;0;0;2745;0;0;95;0;200;0;
10918;4456538;1059401728;21790720;1200013312;0;0;0;0;0;0;0;0;0;0;0;2555;0;0;95;0;200;0;
10919;9415016;1059401728;21790720;1200013312;0;0;0;0;0;0;0;0;0;0;0;3396;0;0;95;0;200;0;
10920;3816737;1059401728;21790720;1200013312;0;0;0;0;0;0;0;0;0;0;0;4689;0;0;95;0;200;0;
10921;9324016;1059401728;21790720;1200013312;0;0;0;0;0;0;0;0;0;0;0;3006;0;0;95;0;200;0;
10922;3765111;1059401728;21790720;1200013312;0;0;0;0;0;0;0;0;0;0;0;3497;0;0;95;0;200;0;
10923;6343627;1059401728;21790720;1200013312;0;0;0;0;0;0;0;0;0;0;0;2124;0;0;95;0;200;0;
10924;6646635;1059401728;21790720;1200013312;0;0;0;0;0;0;0;0;0;0;0;2776;0;0;95;0;200;0;
10925;6248338;1059401728;21790720;1200013312;0;0;0;0;0;0;0;0;0;0;0;1994;0;0;95;0;200;0;
10926;6380376;1059401728;21790720;1200013312;0;0;0;0;0;0;0;0;0;0;0;4609;0;0;95;0;200;0;
10927;6420040;1059401728;21790720;1200013312;0;0;0;0;0;0;0;0;0;0;0;3226;0;0;95;0;200;0;
10928;4380895;1059401728;21790720;1200013312;0;0;0;0;0;0;0;0;0;0;0;4499;0;0;95;0;200;0;
10929;7954348;1059401728;21790720;1200013312;0;0;0;0;0;0;0;0;0;0;0;2265;0;0;95;0;200;0;
10930;4283744;1059401728;21790720;1200013312;0;0;0;0;0;0;0;0;0;0;0;3096;0;0;95;0;200;0;
10931;6203794;1059401728;21790720;1200013312;0;0;0;0;0;0;0;0;0;0;0;2404;0;0;95;0;200;0;
10932;5007461;1059401728;21790720;1200013312;0;0;0;0;0;0;0;0;0;0;0;2895;0;0;95;0;200;0;
10933;4798418;1059401728;21790720;1200013312;0;0;0;0;0;0;0;0;0;0;0;2444;0;0;95;0;200;0;
10934;7007512;1059401728;21790720;1200013312;0;0;0;0;0;0;0;0;0;0;0;3727;0;0;95;0;200;0;
10935;6124376;1059401728;21790720;1200013312;0;0;0;0;0;0;0;0;0;0;0;3015;0;0;95;0;200;0;
10936;5660626;1059401728;21790720;1200013312;0;0;0;0;0;0;0;0;0;0;0;3907;0;0;95;0;200;0;
10937;8729120;1059401728;21790720;1200013312;0;0;0;0;0;0;0;0;0;0;0;3597;0;0;95;0;200;0;
10938;5851133;1059401728;21790720;1200013312;0;0;0;0;0;0;0;0;0;0;0;4007;0;0;95;0;200;0;
10939;7235079;1059401728;21790720;1200013312;0;0;0;0;0;0;0;0;0;0;0;3367;0;0;95;0;200;0;
10940;4648327;1059401728;21790720;1200013312;0;0;0;0;0;0;0;0;0;0;0;3056;0;0;95;0;200;0;
10941;6949062;1059401728;21790720;1200013312;0;0;0;0;0;0;0;0;0;0;0;3096;0;0;95;0;200;0;
10942;5415757;1059401728;21790720;1200013312;0;0;0;0;0;0;0;0;0;0;0;3607;0;0;95;0;200;0;
10943;8445729;1059401728;21790720;1200013312;0;0;0;0;0;0;0;0;0;0;0;4368;0;0;95;0;200;0;
10944;4463902;1059401728;21790720;1200013312;0;0;0;0;0;0;0;0;0;0;0;4098;0;0;95;0;200;0;
10945;8502565;1059401728;21790720;1200013312;0;0;0;0;0;0;0;0;0;0;0;3085;0;0;95;0;200;0;
10946;4471275;1059401728;21790720;1200013312;0;0;0;0;0;0;0;0;0;0;0;2885;0;0;95;0;200;0;
10947;8122182;1059401728;21790720;1200013312;0;0;0;0;0;0;0;0;0;0;0;4539;0;0;95;0;200;0;
10948;5361054;1059401728;21790720;1200013312;0;0;0;0;0;0;0;0;0;0;0;3717;0;0;95;0;200;0;
10949;7586658;1059401728;21790720;1200013312;0;0;0;0;0;0;0;0;0;0;0;3186;0;0;95;0;200;0;
10950;5371394;1059401728;21790720;1200013312;0;0;0;0;0;0;0;0;0;0;0;3627;0;0;95;0;200;0;
10951;7138919;1059401728;21790720;1200013312;0;0;0;0;0;0;0;0;0;0;0;3526;0;0;95;0;200;0;
10952;4734108;1059401728;21790720;1200013312;0;0;0;0;0;0;0;0;0;0;0;2916;0;0;95;0;200;0;
10953;8428727;1059401728;21790720;1200013312;0;0;0;0;0;0;0;0;0;0;0;3286;0;0;95;0;200;0;
10954;3994180;1059401728;21790720;1200013312;0;0;0;0;0;0;0;0;0;0;0;3076;0;0;95;0;200;0;
10955;7890137;1059401728;21790720;1200013312;0;0;0;0;0;0;0;0;0;0;0;490099;0;0;95;0;200;0;
10956;3770902;1059401728;21790720;1200013312;0;0;0;0;0;0;0;0;0;0;0;2755;0;0;95;0;200;0;
10957;5369110;1059401728;21790720;1200013312;0;0;0;0;0;0;0;0;0;0;0;1803;0;0;95;0;200;0;
10958;5136182;1059401728;21790720;1200013312;0;0;0;0;0;0;0;0;0;0;0;2925;0;0;95;0;200;0;
10959;8435109;1059401728;21790720;1200013312;0;0;0;0;0;0;0;0;0;0;0;3587;0;0;95;0;200;0;
10960;5824513;1059401728;21790720;1200013312;0;0;0;0;0;0;0;0;0;0;0;3427;0;0;95;0;200;0;
10961;7760273;1059401728;21790720;1200013312;0;0;0;0;0;0;0;0;0;0;0;3016;0;0;95;0;200;0;
10962;6578788;1059401728;21790720;1200013312;0;0;0;0;0;0;0;0;0;0;0;3747;0;0;95;0;200;0;
10963;6577615;1059401728;21790720;1200013312;0;0;0;0;0;0;0;0;0;0;0;3867;0;0;95;0;200;0;
10964;5427368;1059401728;21790720;1200013312;0;0;0;0;0;0;0;0;0;0;0;2735;0;0;95;0;200;0;
10965;9264104;1059401728;21790720;1200013312;0;0;0;0;0;0;0;0;0;0;0;3336;0;0;95;0;200;0;
10966;7873916;1059401728;21790720;1200013312;0;0;0;0;0;0;0;0;0;0;0;3908;0;0;95;0;200;0;
10967;7574865;1059401728;21790720;1200013312;0;0;0;0;0;0;0;0;0;0;0;4328;0;0;95;0;200;0;
10968;5265545;1059401728;21790720;1200013312;0;0;0;0;0;0;0;0;0;0;0;3396;0;0;95;0;200;0;
10969;7581989;1059401728;21790720;1200013312;0;0;0;0;0;0;0;0;0;0;0;3096;0;0;95;0;200;0;
10970;5999111;1059401728;21790720;1200013312;0;0;0;0;0;0;0;0;0;0;0;3577;0;0;95;0;200;0;
10971;5628195;1059401728;21790720;1200013312;0;0;0;0;0;0;0;0;0;0;0;2705;0;0;95;0;200;0;
10972;3945189;1059401728;21790720;1200013312;0;0;0;0;0;0;0;0;0;0;0;2544;0;0;95;0;200;0;
10973;7619871;1059401728;21790720;1200013312;0;0;0;0;0;0;0;0;0;0;0;2485;0;0;95;0;200;0;
10974;4459864;1059401728;21790720;1200013312;0;0;0;0;0;0;0;0;0;0;0;3196;0;0;95;0;200;0;
10975;7131825;1059401728;21790720;1200013312;0;0;0;0;0;0;0;0;0;0;0;3036;0;0;95;0;200;0;
10976;3595052;1059401728;21790720;1200013312;0;0;0;0;0;0;0;0;0;0;0;3466;0;0;95;0;200;0;
10977;4865234;1059401728;21790720;1200013312;0;0;0;0;0;0;0;0;0;0;0;2545;0;0;95;0;200;0;
10978;6817154;1059401728;21790720;1200013312;0;0;0;0;0;0;0;0;0;0;0;3126;0;0;95;0;200;0;
10979;11594153;1059401728;21790720;1200013312;0;0;0;0;0;0;0;0;0;0;0;2264;0;0;95;0;200;0;
10980;10015693;1059401728;21790720;1200013312;0;0;0;0;0;0;0;0;0;0;0;2856;0;0;95;0;200;0;
10981;7071672;1059401728;21790720;1200013312;0;0;0;0;0;0;0;0;0;0;0;1804;0;0;95;0;200;0;
10982;3705510;1059401728;21790720;1200013312;0;0;0;0;0;0;0;0;0;0;0;3217;0;0;95;0;200;0;
10983;8041090;1059401728;21790720;1200013312;0;0;0;0;0;0;0;0;0;0;0;2955;0;0;95;0;200;0;
10984;4714371;1059401728;21790720;1200013312;0;0;0;0;0;0;0;0;0;0;0;3466;0;0;95;0;200;0;
10985;6229352;1059401728;21790720;1200013312;0;0;0;0;0;0;0;0;0;0;0;2023;0;0;95;0;200;0;
10986;4356149;1059401728;21790720;1200013312;0;0;0;0;0;0;0;0;0;0;0;3166;0;0;95;0;200;0;
10987;7568113;1059401728;21790720;1200013312;0;0;0;0;0;0;0;0;0;0;0;2836;0;0;95;0;200;0;
10988;5821397;1059401728;21790720;1200013312;0;0;0;0;0;0;0;0;0;0;0;3326;0;0;95;0;200;0;
10989;6700616;1059401728;21790720;1200013312;0;0;0;0;0;0;0;0;0;0;0;3176;0;0;95;0;200;0;
10990;4847090;1059401728;21790720;1200013312;0;0;0;0;0;0;0;0;0;0;0;3226;0;0;95;0;200;0;
10991;6118625;1059401728;21790720;1200013312;0;0;0;0;0;0;0;0;0;0;0;2926;0;0;95;0;200;0;
10992;5274762;1059401728;21790720;1200013312;0;0;0;0;0;0;0;0;0;0;0;3236;0;0;95;0;200;0;
10993;7606085;1059401728;21790720;1200013312;0;0;0;0;0;0;0;0;0;0;0;3026;0;0;95;0;200;0;
10994;5599531;1059401728;21790720;1200013312;0;0;0;0;0;0;0;0;0;0;0;3106;0;0;95;0;200;0;
10995;5568122;1059401728;21790720;1200013312;0;0;0;0;0;0;0;0;0;0;0;2725;0;0;95;0;200;0;
10996;5108982;1059401728;21790720;1200013312;0;0;0;0;0;0;0;0;0;0;0;130084;0;0;95;0;200;0;
10997;7458327;1059401728;21790720;1200013312;0;0;0;0;0;0;0;0;0;0;0;3447;0;0;95;0;200;0;
10998;2932079;1059401728;21790720;1200013312;0;0;0;0;0;0;0;0;0;0;0;3196;0;0;95;0;200;0;
10999;8640975;1059401728;21790720;1200013312;0;0;0;0;0;0;0;0;0;0;0;2624;0;0;95;0;200;0;
11000;4470434;1059401728;21790720;1200013312;0;0;0;0;0;0;0;0;0;0;0;3035;0;0;95;0;200;0;
11001;9134080;1059401728;21790720;1200013312;0;0;0;0;0;0;0;0;0;0;0;2405;0;0;95;0;200;0;
11002;4595378;1059401728;21790720;1200013312;0;0;0;0;0;0;0;0;0;0;0;3246;0;0;95;0;200;0;
11003;5082883;1059401728;21790720;1200013312;0;0;0;0;0;0;0;0;0;0;0;2665;0;0;95;0;200;0;
11004;4546205;1059401728;21790720;1200013312;0;0;0;0;0;0;0;0;0;0;0;3617;0;0;95;0;200;0;
11005;7344424;1059401728;21790720;1200013312;0;0;0;0;0;0;0;0;0;0;0;2565;0;0;95;0;200;0;
11006;3317151;1059401728;21790720;1200013312;0;0;0;0;0;0;0;0;0;0;0;2535;0;0;95;0;200;0;
11007;7561841;1059401728;21790720;1200013312;0;0;0;0;0;0;0;0;0;0;0;1994;0;0;95;0;200;0;
11008;6065625;1059401728;21790720;1200013312;0;0;0;0;0;0;0;0;0;0;0;3346;0;0;95;0;200;0;
11009;8705436;1059401728;21790720;1200013312;0;0;0;0;0;0;0;0;0;0;0;2675;0;0;95;0;200;0;
11010;3310238;1059401728;21790720;1200013312;0;0;0;0;0;0;0;0;0;0;0;2815;0;0;95;0;200;0;
11011;6156816;1059401728;21790720;1200013312;0;0;0;0;0;0;0;0;0;0;0;2215;0;0;95;0;200;0;
11012;5055061;1059401728;21790720;1200013312;0;0;0;0;0;0;0;0;0;0;0;3126;0;0;95;0;200;0;
11013;7054289;1059401728;21790720;1200013312;0;0;0;0;0;0;0;0;0;0;0;2604;0;0;95;0;200;0;
11014;4614113;1059401728;21790720;1200013312;0;0;0;0;0;0;0;0;0;0;0;2475;0;0;95;0;200;0;
11015;5119932;1059401728;21790720;1200013312;0;0;0;0;0;0;0;0;0;0;0;2685;0;0;95;0;200;0;
11016;6047562;1059401728;21790720;1200013312;0;0;0;0;0;0;0;0;0;0;0;3026;0;0;95;0;200;0;
11017;7027329;1059401728;21790720;1200013312;0;0;0;0;0;0;0;0;0;0;0;2004;0;0;95;0;200;0;
11018;5788285;1059401728;21790720;1200013312;0;0;0;0;0;0;0;0;0;0;0;2826;0;0;95;0;200;0;
11019;6700606;1059401728;21790720;1200013312;0;0;0;0;0;0;0;0;0;0;0;2345;0;0;95;0;200;0;
11020;4444335;1059401728;21790720;1200013312;0;0;0;0;0;0;0;0;0;0;0;2435;0;0;95;0;200;0;
11021;6496173;1059401728;21790720;1200013312;0;0;0;0;0;0;0;0;0;0;0;3297;0;0;95;0;200;0;
11022;4836290;1059401728;21790720;1200013312;0;0;0;0;0;0;0;0;0;0;0;4138;0;0;95;0;200;0;
11023;9222887;1059401728;21790720;1200013312;0;0;0;0;0;0;0;0;0;0;0;2564;0;0;95;0;200;0;
11024;5322452;1059401728;21790720;1200013312;0;0;0;0;0;0;0;0;0;0;0;3627;0;0;95;0;200;0;
11025;6876937;1059401728;21790720;1200013312;0;0;0;0;0;0;0;0;0;0;0;4218;0;0;95;0;200;0;
11026;5858026;1059401728;21790720;1200013312;0;0;0;0;0;0;0;0;0;0;0;3316;0;0;95;0;200;0;
11027;7889626;1059401728;21790720;1200013312;0;0;0;0;0;0;0;0;0;0;0;3206;0;0;95;0;200;0;
11028;4912022;1059401728;21790720;1200013312;0;0;0;0;0;0;0;0;0;0;0;3596;0;0;95;0;200;0;
11029;5410918;1059401728;21790720;1200013312;0;0;0;0;0;0;0;0;0;0;0;3296;0;0;95;0;200;0;
11030;6703752;1059401728;21790720;1200013312;0;0;0;0;0;0;0;0;0;0;0;3737;0;0;95;0;200;0;
11031;8185621;1059401728;21790720;1200013312;0;0;0;0;0;0;0;0;0;0;0;3476;0;0;95;0;200;0;
11032;5455502;1059401728;21790720;1200013312;0;0;0;0;0;0;0;0;0;0;0;3567;0;0;95;0;200;0;
11033;7872414;1059401728;21790720;1200013312;0;0;0;0;0;0;0;0;0;0;0;3656;0;0;95;0;200;0;
11034;6220436;1059401728;21790720;1200013312;0;0;0;0;0;0;0;0;0;0;0;3937;0;0;95;0;200;0;
11035;7664083;1059401728;21790720;1200013312;0;0;0;0;0;0;0;0;0;0;0;7023;0;0;95;0;200;0;
11036;4816443;1059401728;21790720;1200013312;0;0;0;0;0;0;0;0;0;0;0;2314;0;0;95;0;200;0;
11037;5719726;1059401728;21790720;1200013312;0;0;0;0;0;0;0;0;0;0;0;1974;0;0;95;0;200;0;
11038;10925569;1059401728;21790720;1200013312;0;0;0;0;0;0;0;0;0;0;0;3025;0;0;95;0;200;0;
11039;8810793;1059401728;21790720;1200013312;0;0;0;0;0;0;0;0;0;0;0;3867;0;0;95;0;200;0;
11040;7258302;1059401728;21790720;1200013312;0;0;0;0;0;0;0;0;0;0;0;3396;0;0;95;0;200;0;
11041;9354954;1059401728;21790720;1200013312;0;0;0;0;0;0;0;0;0;0;0;3647;0;0;95;0;200;0;
11042;7507099;1059401728;21790720;1200013312;0;0;0;0;0;0;0;0;0;0;0;3646;0;0;95;0;200;0;
11043;8901805;1059401728;21790720;1200013312;0;0;0;0;0;0;0;0;0;0;0;3247;0;0;95;0;200;0;
11044;8818217;1059401728;21790720;1200013312;0;0;0;0;0;0;0;0;0;0;0;4469;0;0;95;0;200;0;
11045;9493674;1059401728;21790720;1200013312;0;0;0;0;0;0;0;0;0;0;0;3727;0;0;95;0;200;0;
11046;7236010;1059401728;21790720;1200013312;0;0;0;0;0;0;0;0;0;0;0;3276;0;0;95;0;200;0;
11047;9119472;1059401728;21790720;1200013312;0;0;0;0;0;0;0;0;0;0;0;3426;0;0;95;0;200;0;
11048;5823441;1059401728;21790720;1200013312;0;0;0;0;0;0;0;0;0;0;0;2815;0;0;95;0;200;0;
11049;10592946;1059401728;21790720;1200013312;0;0;0;0;0;0;0;0;0;0;0;4940;0;0;95;0;200;0;
11050;11175318;1059401728;21790720;1200013312;0;0;0;0;0;0;0;0;0;0;0;3125;0;0;95;0;200;0;
11051;9725399;1059401728;21790720;1200013312;0;0;0;0;0;0;0;0;0;0;0;3677;0;0;95;0;200;0;
11052;6721685;1059401728;21798912;1200021504;0;0;0;0;0;0;0;0;0;0;0;6352;0;0;95;0;200;0;
11053;7791432;1059401728;21798912;1200021504;0;0;0;0;0;0;0;0;0;0;0;3296;0;0;95;0;200;0;
11054;7404135;1059401728;21798912;1200021504;0;0;0;0;0;0;0;0;0;0;0;3707;0;0;95;0;200;0;
11055;9894226;1059401728;21798912;1200021504;0;0;0;0;0;0;0;0;0;0;0;3878;0;0;95;0;200;0;
11056;8340141;1059401728;21798912;1200021504;0;0;0;0;0;0;0;0;0;0;0;3216;0;0;95;0;200;0;
11057;9736379;1059401728;21798912;1200021504;0;0;0;0;0;0;0;0;0;0;0;4107;0;0;95;0;200;0;
11058;7340426;1059401728;21790720;1200013312;0;0;0;0;0;0;0;0;0;0;0;3015;0;0;95;0;200;0;
11059;7602898;1059401728;21790720;1200013312;0;0;0;0;0;0;0;0;0;0;0;3487;0;0;95;0;200;0;
11060;10025391;1059401728;21790720;1200013312;0;0;0;0;0;0;0;0;0;0;0;4128;0;0;95;0;200;0;
11061;8956577;1059401728;21790720;1200013312;0;0;0;0;0;0;0;0;0;0;0;3747;0;0;95;0;200;0;
11062;6535556;1059401728;21790720;1200013312;0;0;0;0;0;0;0;0;0;0;0;2896;0;0;95;0;200;0;
11063;10943272;1059401728;21790720;1200013312;0;0;0;0;0;0;0;0;0;0;0;3597;0;0;95;0;200;0;
11064;8815121;1059401728;21790720;1200013312;0;0;0;0;0;0;0;0;0;0;0;3406;0;0;95;0;200;0;
11065;10343297;1059401728;21790720;1200013312;0;0;0;0;0;0;0;0;0;0;0;3346;0;0;95;0;200;0;
11066;6928584;1059401728;21790720;1200013312;0;0;0;0;0;0;0;0;0;0;0;3336;0;0;95;0;200;0;
11067;9472705;1059401728;21790720;1200013312;0;0;0;0;0;0;0;0;0;0;0;4228;0;0;95;0;200;0;
11068;12289988;1059401728;21790720;1200013312;0;0;0;0;0;0;0;0;0;0;0;4488;0;0;95;0;200;0;
11069;6747124;1059401728;21790720;1200013312;0;0;0;0;0;0;0;0;0;0;0;2675;0;0;95;0;200;0;
11070;6324961;1059401728;21790720;1200013312;0;0;0;0;0;0;0;0;0;0;0;3637;0;0;95;0;200;0;
11071;10421675;1059401728;21790720;1200013312;0;0;0;0;0;0;0;0;0;0;0;3076;0;0;95;0;200;0;
11072;7589613;1059401728;21790720;1200013312;0;0;0;0;0;0;0;0;0;0;0;4468;0;0;95;0;200;0;
11073;8400424;1059401728;21790720;1200013312;0;0;0;0;0;0;0;0;0;0;0;3216;0;0;95;0;200;0;
11074;7472945;1059401728;21790720;1200013312;0;0;0;0;0;0;0;0;0;0;0;2935;0;0;95;0;200;0;
11075;7050973;1059401728;21790720;1200013312;0;0;0;0;0;0;0;0;0;0;0;3116;0;0;95;0;200;0;
11076;8435580;1059401728;21790720;1200013312;0;0;0;0;0;0;0;0;0;0;0;3927;0;0;95;0;200;0;
11077;9527498;1059401728;21790720;1200013312;0;0;0;0;0;0;0;0;0;0;0;3346;0;0;95;0;200;0;
11078;7522527;1059401728;21790720;1200013312;0;0;0;0;0;0;0;0;0;0;0;3617;0;0;95;0;200;0;
11079;9594734;1059401728;21790720;1200013312;0;0;0;0;0;0;0;0;0;0;0;3096;0;0;95;0;200;0;
11080;11105126;1059401728;21790720;1200013312;0;0;0;0;0;0;0;0;0;0;0;3336;0;0;95;0;200;0;
11081;10192795;1059401728;21790720;1200013312;0;0;0;0;0;0;0;0;0;0;0;4048;0;0;95;0;200;0;
11082;6734781;1059401728;21790720;1200013312;0;0;0;0;0;0;0;0;0;0;0;3076;0;0;95;0;200;0;
11083;10171205;1059401728;21790720;1200013312;0;0;0;0;0;0;0;0;0;0;0;2845;0;0;95;0;200;0;
11084;8327568;1059401728;21790720;1200013312;0;0;0;0;0;0;0;0;0;0;0;4399;0;0;95;0;200;0;
11085;9351598;1059401728;21790720;1200013312;0;0;0;0;0;0;0;0;0;0;0;3747;0;0;95;0;200;0;
11086;10144424;1059401728;21790720;1200013312;0;0;0;0;0;0;0;0;0;0;0;4518;0;0;95;0;200;0;
11087;10582015;1059401728;21790720;1200013312;0;0;0;0;0;0;0;0;0;0;0;2916;0;0;95;0;200;0;
11088;8244422;1059401728;21790720;1200013312;0;0;0;0;0;0;0;0;0;0;0;3927;0;0;95;0;200;0;
11089;10146138;1059401728;21790720;1200013312;0;0;0;0;0;0;0;0;0;0;0;2795;0;0;95;0;200;0;
11090;7894495;1059401728;21790720;1200013312;0;0;0;0;0;0;0;0;0;0;0;2946;0;0;95;0;200;0;
11091;9108873;1059401728;21790720;1200013312;0;0;0;0;0;0;0;0;0;0;0;3978;0;0;95;0;200;0;
11092;7340766;1059401728;21790720;1200013312;0;0;0;0;0;0;0;0;0;0;0;3186;0;0;95;0;200;0;
11093;6753124;1059401728;21790720;1200013312;0;0;0;0;0;0;0;0;0;0;0;2716;0;0;95;0;200;0;
11094;7713807;1059401728;21790720;1200013312;0;0;0;0;0;0;0;0;0;0;0;3005;0;0;95;0;200;0;
11095;8952870;1059401728;21790720;1200013312;0;0;0;0;0;0;0;0;0;0;0;2825;0;0;95;0;200;0;
11096;6043033;1059401728;21790720;1200013312;0;0;0;0;0;0;0;0;0;0;0;3476;0;0;95;0;200;0;
11097;8484832;1059401728;21790720;1200013312;0;0;0;0;0;0;0;0;0;0;0;3487;0;0;95;0;200;0;
11098;8273656;1059401728;21790720;1200013312;0;0;0;0;0;0;0;0;0;0;0;3917;0;0;95;0;200;0;
11099;7994212;1059401728;21790720;1200013312;0;0;0;0;0;0;0;0;0;0;0;3086;0;0;95;0;200;0;
11100;7453448;1059401728;21790720;1200013312;0;0;0;0;0;0;0;0;0;0;0;3747;0;0;95;0;200;0;
11101;11928410;1059401728;21790720;1200013312;0;0;0;0;0;0;0;0;0;0;0;3808;0;0;95;0;200;0;
11102;7516095;1059401728;21790720;1200013312;0;0;0;0;0;0;0;0;0;0;0;3677;0;0;95;0;200;0;
11103;10260743;1059401728;21790720;1200013312;0;0;0;0;0;0;0;0;0;0;0;4539;0;0;95;0;200;0;
11104;7051344;1059401728;21790720;1200013312;0;0;0;0;0;0;0;0;0;0;0;3306;0;0;95;0;200;0;
11105;9312585;1059401728;21790720;1200013312;0;0;0;0;0;0;0;0;0;0;0;2995;0;0;95;0;200;0;
11106;4038063;1059401728;21790720;1200013312;0;0;0;0;0;0;0;0;0;0;0;2935;0;0;95;0;200;0;
11107;9913843;1059401728;21790720;1200013312;0;0;0;0;0;0;0;0;0;0;0;3396;0;0;95;0;200;0;
11108;9919413;1059401728;21790720;1200013312;0;0;0;0;0;0;0;0;0;0;0;3607;0;0;95;0;200;0;
11109;11916829;1059401728;21790720;1200013312;0;0;0;0;0;0;0;0;0;0;0;3897;0;0;95;0;200;0;
11110;3982188;1059401728;21798912;1200021504;0;0;0;0;0;0;0;0;0;0;0;3396;0;0;95;0;200;0;
11111;15562636;1059401728;21798912;1200021504;0;0;0;0;0;0;0;0;0;0;0;2956;0;0;95;0;200;0;
11112;8370939;1059401728;21798912;1200021504;0;0;0;0;0;0;0;0;0;0;0;3156;0;0;95;0;200;0;
11113;6452722;1059401728;21798912;1200021504;0;0;0;0;0;0;0;0;0;0;0;3306;0;0;95;0;200;0;
11114;4630854;1059401728;21798912;1200021504;0;0;0;0;0;0;0;0;0;0;0;4449;0;0;95;0;200;0;
11115;9758050;1059401728;21798912;1200021504;0;0;0;0;0;0;0;0;0;0;0;3035;0;0;95;0;200;0;
11116;6154752;1059401728;21790720;1200013312;0;0;0;0;0;0;0;0;0;0;0;4308;0;0;95;0;200;0;
11117;8774155;1059401728;21790720;1200013312;0;0;0;0;0;0;0;0;0;0;0;2725;0;0;95;0;200;0;
11118;6233129;1059401728;21790720;1200013312;0;0;0;0;0;0;0;0;0;0;0;3456;0;0;95;0;200;0;
11119;7254125;1059401728;21790720;1200013312;0;0;0;0;0;0;0;0;0;0;0;3096;0;0;95;0;200;0;
11120;3167421;1059401728;21790720;1200013312;0;0;0;0;0;0;0;0;0;0;0;3327;0;0;95;0;200;0;
11121;11394730;1059401728;21790720;1200013312;0;0;0;0;0;0;0;0;0;0;0;3236;0;0;95;0;200;0;
11122;5475489;1059401728;21790720;1200013312;0;0;0;0;0;0;0;0;0;0;0;2585;0;0;95;0;200;0;
11123;9023663;1059401728;21790720;1200013312;0;0;0;0;0;0;0;0;0;0;0;3637;0;0;95;0;200;0;
11124;3754752;1059401728;21790720;1200013312;0;0;0;0;0;0;0;0;0;0;0;2705;0;0;95;0;200;0;
11125;7240058;1059401728;21790720;1200013312;0;0;0;0;0;0;0;0;0;0;0;2335;0;0;95;0;200;0;
11126;6007146;1059401728;21790720;1200013312;0;0;0;0;0;0;0;0;0;0;0;3186;0;0;95;0;200;0;
11127;6746172;1059401728;21790720;1200013312;0;0;0;0;0;0;0;0;0;0;0;2755;0;0;95;0;200;0;
11128;5458176;1059401728;21790720;1200013312;0;0;0;0;0;0;0;0;0;0;0;3406;0;0;95;0;200;0;
11129;9221835;1059401728;21790720;1200013312;0;0;0;0;0;0;0;0;0;0;0;2224;0;0;95;0;200;0;
11130;5938407;1059401728;21790720;1200013312;0;0;0;0;0;0;0;0;0;0;0;3236;0;0;95;0;200;0;
11131;7998299;1059401728;21790720;1200013312;0;0;0;0;0;0;0;0;0;0;0;2836;0;0;95;0;200;0;
11132;7530763;1059401728;21790720;1200013312;0;0;0;0;0;0;0;0;0;0;0;2685;0;0;95;0;200;0;
11133;7705200;1059401728;21790720;1200013312;0;0;0;0;0;0;0;0;0;0;0;5480;0;0;95;0;200;0;
11134;5143225;1059401728;21790720;1200013312;0;0;0;0;0;0;0;0;0;0;0;2334;0;0;95;0;200;0;
11135;7949439;1059401728;21790720;1200013312;0;0;0;0;0;0;0;0;0;0;0;3106;0;0;95;0;200;0;
11136;5937535;1059401728;21790720;1200013312;0;0;0;0;0;0;0;0;0;0;0;3166;0;0;95;0;200;0;
11137;6304143;1059401728;21790720;1200013312;0;0;0;0;0;0;0;0;0;0;0;2554;0;0;95;0;200;0;
11138;5397202;1059401728;21790720;1200013312;0;0;0;0;0;0;0;0;0;0;0;3206;0;0;95;0;200;0;
11139;7717814;1059401728;21790720;1200013312;0;0;0;0;0;0;0;0;0;0;0;2965;0;0;95;0;200;0;
11140;4761320;1059401728;21790720;1200013312;0;0;0;0;0;0;0;0;0;0;0;2805;0;0;95;0;200;0;
11141;7069978;1059401728;21790720;1200013312;0;0;0;0;0;0;0;0;0;0;0;4248;0;0;95;0;200;0;
11142;6904508;1059401728;21790720;1200013312;0;0;0;0;0;0;0;0;0;0;0;3246;0;0;95;0;200;0;
11143;7641851;1059401728;21790720;1200013312;0;0;0;0;0;0;0;0;0;0;0;2455;0;0;95;0;200;0;
11144;6951997;1059401728;21790720;1200013312;0;0;0;0;0;0;0;0;0;0;0;2725;0;0;95;0;200;0;
11145;8563970;1059401728;21790720;1200013312;0;0;0;0;0;0;0;0;0;0;0;3587;0;0;95;0;200;0;
11146;6551737;1059401728;21790720;1200013312;0;0;0;0;0;0;0;0;0;0;0;3156;0;0;95;0;200;0;
11147;7684191;1059401728;21790720;1200013312;0;0;0;0;0;0;0;0;0;0;0;2905;0;0;95;0;200;0;
11148;6641605;1059401728;21790720;1200013312;0;0;0;0;0;0;0;0;0;0;0;2765;0;0;95;0;200;0;
11149;8907826;1059401728;21790720;1200013312;0;0;0;0;0;0;0;0;0;0;0;3847;0;0;95;0;200;0;
11150;7155098;1059401728;21790720;1200013312;0;0;0;0;0;0;0;0;0;0;0;3798;0;0;95;0;200;0;
11151;11027691;1059401728;21790720;1200013312;0;0;0;0;0;0;0;0;0;0;0;2876;0;0;95;0;200;0;
11152;6469413;1059401728;21790720;1200013312;0;0;0;0;0;0;0;0;0;0;0;3096;0;0;95;0;200;0;
11153;9889697;1059401728;21790720;1200013312;0;0;0;0;0;0;0;0;0;0;0;3557;0;0;95;0;200;0;
11154;5600343;1059401728;21790720;1200013312;0;0;0;0;0;0;0;0;0;0;0;3597;0;0;95;0;200;0;
11155;9194082;1059401728;21790720;1200013312;0;0;0;0;0;0;0;0;0;0;0;2475;0;0;95;0;200;0;
11156;3757927;1059401728;21790720;1200013312;0;0;0;0;0;0;0;0;0;0;0;2976;0;0;95;0;200;0;
11157;9523630;1059401728;21790720;1200013312;0;0;0;0;0;0;0;0;0;0;0;3516;0;0;95;0;200;0;
11158;6344037;1059401728;21790720;1200013312;0;0;0;0;0;0;0;0;0;0;0;2605;0;0;95;0;200;0;
11159;7964857;1059401728;21790720;1200013312;0;0;0;0;0;0;0;0;0;0;0;3496;0;0;95;0;200;0;
11160;8645725;1059401728;21790720;1200013312;0;0;0;0;0;0;0;0;0;0;0;3376;0;0;95;0;200;0;
11161;7649215;1059401728;21790720;1200013312;0;0;0;0;0;0;0;0;0;0;0;2765;0;0;95;0;200;0;
11162;6564701;1059401728;21790720;1200013312;0;0;0;0;0;0;0;0;0;0;0;2535;0;0;95;0;200;0;
11163;8988106;1059401728;21790720;1200013312;0;0;0;0;0;0;0;0;0;0;0;3586;0;0;95;0;200;0;
11164;5295732;1059401728;21790720;1200013312;0;0;0;0;0;0;0;0;0;0;0;3026;0;0;95;0;200;0;
11165;6827354;1059401728;21790720;1200013312;0;0;0;0;0;0;0;0;0;0;0;1993;0;0;95;0;200;0;
11166;6833315;1059401728;21790720;1200013312;0;0;0;0;0;0;0;0;0;0;0;3416;0;0;95;0;200;0;
11167;7215893;1059401728;21790720;1200013312;0;0;0;0;0;0;0;0;0;0;0;3146;0;0;95;0;200;0;
11168;5899313;1059401728;21790720;1200013312;0;0;0;0;0;0;0;0;0;0;0;3236;0;0;95;0;200;0;
11169;9817001;1059401728;21790720;1200013312;0;0;0;0;0;0;0;0;0;0;0;3296;0;0;95;0;200;0;
11170;3944678;1059401728;21790720;1200013312;0;0;0;0;0;0;0;0;0;0;0;3116;0;0;95;0;200;0;
11171;28571783;1059401728;21790720;1200013312;0;0;0;0;0;0;0;0;0;0;0;2926;0;0;95;0;200;0;
11172;5627914;1059401728;21790720;1200013312;0;0;0;0;0;0;0;0;0;0;0;3226;0;0;95;0;200;0;
11173;6506802;1059401728;21790720;1200013312;0;0;0;0;0;0;0;0;0;0;0;1864;0;0;95;0;200;0;
11174;6811013;1059401728;21790720;1200013312;0;0;0;0;0;0;0;0;0;0;0;3136;0;0;95;0;200;0;
11175;6483269;1059401728;21790720;1200013312;0;0;0;0;0;0;0;0;0;0;0;2916;0;0;95;0;200;0;
11176;5506727;1059401728;21798912;1200021504;0;0;0;0;0;0;0;0;0;0;0;2995;0;0;95;0;200;0;
11177;6637478;1059401728;21798912;1200021504;0;0;0;0;0;0;0;0;0;0;0;1844;0;0;95;0;200;0;
11178;4477026;1059401728;21798912;1200021504;0;0;0;0;0;0;0;0;0;0;0;3316;0;0;95;0;200;0;
11179;6453252;1059401728;21798912;1200021504;0;0;0;0;0;0;0;0;0;0;0;2685;0;0;95;0;200;0;
11180;6743136;1059401728;21798912;1200021504;0;0;0;0;0;0;0;0;0;0;0;2725;0;0;95;0;200;0;
11181;7518259;1059401728;21798912;1200021504;0;0;0;0;0;0;0;0;0;0;0;2184;0;0;95;0;200;0;
11182;5904142;1059401728;21790720;1200013312;0;0;0;0;0;0;0;0;0;0;0;2645;0;0;95;0;200;0;
11183;6553320;1059401728;21790720;1200013312;0;0;0;0;0;0;0;0;0;0;0;2194;0;0;95;0;200;0;
11184;6087656;1059401728;21790720;1200013312;0;0;0;0;0;0;0;0;0;0;0;3427;0;0;95;0;200;0;
11185;6189387;1059401728;21790720;1200013312;0;0;0;0;0;0;0;0;0;0;0;2324;0;0;95;0;200;0;
11186;5987458;1059401728;21790720;1200013312;0;0;0;0;0;0;0;0;0;0;0;2384;0;0;95;0;200;0;
11187;7372897;1059401728;21790720;1200013312;0;0;0;0;0;0;0;0;0;0;0;2455;0;0;95;0;200;0;
11188;4259638;1059401728;21790720;1200013312;0;0;0;0;0;0;0;0;0;0;0;3286;0;0;95;0;200;0;
11189;8117323;1059401728;21790720;1200013312;0;0;0;0;0;0;0;0;0;0;0;3176;0;0;95;0;200;0;
11190;5359441;1059401728;21790720;1200013312;0;0;0;0;0;0;0;0;0;0;0;4428;0;0;95;0;200;0;
11191;8315094;1059401728;21790720;1200013312;0;0;0;0;0;0;0;0;0;0;0;2224;0;0;95;0;200;0;
11192;2809709;1059401728;21790720;1200013312;0;0;0;0;0;0;0;0;0;0;0;2564;0;0;95;0;200;0;
11193;9457878;1059401728;21790720;1200013312;0;0;0;0;0;0;0;0;0;0;0;2315;0;0;95;0;200;0;
11194;3667839;1059401728;21790720;1200013312;0;0;0;0;0;0;0;0;0;0;0;3056;0;0;95;0;200;0;
11195;7984975;1059401728;21790720;1200013312;0;0;0;0;0;0;0;0;0;0;0;2676;0;0;95;0;200;0;
11196;6416173;1059401728;21790720;1200013312;0;0;0;0;0;0;0;0;0;0;0;3116;0;0;95;0;200;0;
11197;6738888;1059401728;21790720;1200013312;0;0;0;0;0;0;0;0;0;0;0;3076;0;0;95;0;200;0;
11198;6052741;1059401728;21790720;1200013312;0;0;0;0;0;0;0;0;0;0;0;2956;0;0;95;0;200;0;
11199;6624975;1059401728;21790720;1200013312;0;0;0;0;0;0;0;0;0;0;0;2505;0;0;95;0;200;0;
11200;7335687;1059401728;21790720;1200013312;0;0;0;0;0;0;0;0;0;0;0;3697;0;0;95;0;200;0;
11201;9201126;1059401728;21790720;1200013312;0;0;0;0;0;0;0;0;0;0;0;3457;0;0;95;0;200;0;
11202;4962286;1059401728;21790720;1200013312;0;0;0;0;0;0;0;0;0;0;0;3086;0;0;95;0;200;0;
11203;5792012;1059401728;21790720;1200013312;0;0;0;0;0;0;0;0;0;0;0;2194;0;0;95;0;200;0;
11204;5908311;1059401728;21790720;1200013312;0;0;0;0;0;0;0;0;0;0;0;2876;0;0;95;0;200;0;
11205;7353560;1059401728;21790720;1200013312;0;0;0;0;0;0;0;0;0;0;0;129433;0;0;95;0;200;0;
11206;4006664;1059401728;21790720;1200013312;0;0;0;0;0;0;0;0;0;0;0;3337;0;0;95;0;200;0;
11207;9474849;1059401728;21790720;1200013312;0;0;0;0;0;0;0;0;0;0;0;2965;0;0;95;0;200;0;
11208;4380616;1059401728;21790720;1200013312;0;0;0;0;0;0;0;0;0;0;0;3426;0;0;95;0;200;0;
11209;6639812;1059401728;21790720;1200013312;0;0;0;0;0;0;0;0;0;0;0;2535;0;0;95;0;200;0;
11210;5900937;1059401728;21790720;1200013312;0;0;0;0;0;0;0;0;0;0;0;3606;0;0;95;0;200;0;
11211;5616853;1059401728;21790720;1200013312;0;0;0;0;0;0;0;0;0;0;0;1914;0;0;95;0;200;0;
11212;6881195;1059401728;21790720;1200013312;0;0;0;0;0;0;0;0;0;0;0;3056;0;0;95;0;200;0;
11213;6908025;1059401728;21790720;1200013312;0;0;0;0;0;0;0;0;0;0;0;2545;0;0;95;0;200;0;
11214;7326580;1059401728;21790720;1200013312;0;0;0;0;0;0;0;0;0;0;0;3486;0;0;95;0;200;0;
11215;9580487;1059401728;21790720;1200013312;0;0;0;0;0;0;0;0;0;0;0;2695;0;0;95;0;200;0;
11216;5487021;1059401728;21790720;1200013312;0;0;0;0;0;0;0;0;0;0;0;3035;0;0;95;0;200;0;
11217;6774765;1059401728;21790720;1200013312;0;0;0;0;0;0;0;0;0;0;0;2605;0;0;95;0;200;0;
11218;4144563;1059401728;21790720;1200013312;0;0;0;0;0;0;0;0;0;0;0;4298;0;0;95;0;200;0;
11219;8606771;1059401728;21790720;1200013312;0;0;0;0;0;0;0;0;0;0;0;3546;0;0;95;0;200;0;
11220;5211744;1059401728;21790720;1200013312;0;0;0;0;0;0;0;0;0;0;0;3657;0;0;95;0;200;0;
11221;9008424;1059401728;21790720;1200013312;0;0;0;0;0;0;0;0;0;0;0;3466;0;0;95;0;200;0;
11222;3261347;1059401728;21790720;1200013312;0;0;0;0;0;0;0;0;0;0;0;2935;0;0;95;0;200;0;
11223;8780217;1059401728;21790720;1200013312;0;0;0;0;0;0;0;0;0;0;0;3677;0;0;95;0;200;0;
11224;3740665;1059401728;21790720;1200013312;0;0;0;0;0;0;0;0;0;0;0;3026;0;0;95;0;200;0;
11225;8309784;1059401728;21790720;1200013312;0;0;0;0;0;0;0;0;0;0;0;2204;0;0;95;0;200;0;
11226;5378847;1059401728;21790720;1200013312;0;0;0;0;0;0;0;0;0;0;0;3968;0;0;95;0;200;0;
11227;9259024;1059401728;21790720;1200013312;0;0;0;0;0;0;0;0;0;0;0;4979;0;0;95;0;200;0;
11228;4331934;1059401728;21790720;1200013312;0;0;0;0;0;0;0;0;0;0;0;3887;0;0;95;0;200;0;
11229;7256999;1059401728;21790720;1200013312;0;0;0;0;0;0;0;0;0;0;0;3276;0;0;95;0;200;0;
11230;4912232;1059401728;21790720;1200013312;0;0;0;0;0;0;0;0;0;0;0;2875;0;0;95;0;200;0;
11231;8844246;1059401728;21790720;1200013312;0;0;0;0;0;0;0;0;0;0;0;3737;0;0;95;0;200;0;
11232;3213456;1059401728;21790720;1200013312;0;0;0;0;0;0;0;0;0;0;0;3567;0;0;95;0;200;0;
11233;8721947;1059401728;21790720;1200013312;0;0;0;0;0;0;0;0;0;0;0;2374;0;0;95;0;200;0;
11234;4913475;1059401728;21790720;1200013312;0;0;0;0;0;0;0;0;0;0;0;3286;0;0;95;0;200;0;
11235;8774565;1059401728;21790720;1200013312;0;0;0;0;0;0;0;0;0;0;0;4318;0;0;95;0;200;0;
11236;5269513;1059401728;21790720;1200013312;0;0;0;0;0;0;0;0;0;0;0;3346;0;0;95;0;200;0;
11237;5825204;1059401728;21790720;1200013312;0;0;0;0;0;0;0;0;0;0;0;3406;0;0;95;0;200;0;
11238;6929526;1059401728;21790720;1200013312;0;0;0;0;0;0;0;0;0;0;0;4098;0;0;95;0;200;0;
11239;7094034;1059401728;21790720;1200013312;0;0;0;0;0;0;0;0;0;0;0;3817;0;0;95;0;200;0;
11240;5588550;1059401728;21790720;1200013312;0;0;0;0;0;0;0;0;0;0;0;2885;0;0;95;0;200;0;
11241;8015352;1059401728;21790720;1200013312;0;0;0;0;0;0;0;0;0;0;0;3256;0;0;95;0;200;0;
11242;5658321;1059401728;21790720;1200013312;0;0;0;0;0;0;0;0;0;0;0;3587;0;0;95;0;200;0;
11243;8059485;1059401728;21790720;1200013312;0;0;0;0;0;0;0;0;0;0;0;3436;0;0;95;0;200;0;
11244;5963685;1059401728;21790720;1200013312;0;0;0;0;0;0;0;0;0;0;0;3547;0;0;95;0;200;0;
11245;5774820;1059401728;21790720;1200013312;0;0;0;0;0;0;0;0;0;0;0;2425;0;0;95;0;200;0;
11246;7193741;1059401728;21790720;1200013312;0;0;0;0;0;0;0;0;0;0;0;3507;0;0;95;0;200;0;
11247;7973824;1059401728;21790720;1200013312;0;0;0;0;0;0;0;0;0;0;0;2825;0;0;95;0;200;0;
11248;5563203;1059401728;21790720;1200013312;0;0;0;0;0;0;0;0;0;0;0;3627;0;0;95;0;200;0;
11249;8277383;1059401728;21790720;1200013312;0;0;0;0;0;0;0;0;0;0;0;2746;0;0;95;0;200;0;
11250;6144403;1059401728;21790720;1200013312;0;0;0;0;0;0;0;0;0;0;0;3006;0;0;95;0;200;0;
11251;8925168;1059401728;21790720;1200013312;0;0;0;0;0;0;0;0;0;0;0;2495;0;0;95;0;200;0;
11252;5795339;1059401728;21790720;1200013312;0;0;0;0;0;0;0;0;0;0;0;3687;0;0;95;0;200;0;
11253;7404476;1059401728;21790720;1200013312;0;0;0;0;0;0;0;0;0;0;0;4619;0;0;95;0;200;0;
11254;6090792;1059401728;21790720;1200013312;0;0;0;0;0;0;0;0;0;0;0;4118;0;0;95;0;200;0;
11255;10457642;1059401728;21790720;1200013312;0;0;0;0;0;0;0;0;0;0;0;1713;0;0;95;0;200;0;
11256;5298377;1059401728;21790720;1200013312;0;0;0;0;0;0;0;0;0;0;0;4008;0;0;95;0;200;0;
11257;6064773;1059401728;21790720;1200013312;0;0;0;0;0;0;0;0;0;0;0;2776;0;0;95;0;200;0;
11258;4925036;1059401728;21790720;1200013312;0;0;0;0;0;0;0;0;0;0;0;3447;0;0;95;0;200;0;
11259;5511967;1059401728;21790720;1200013312;0;0;0;0;0;0;0;0;0;0;0;2835;0;0;95;0;200;0;
11260;4197192;1059401728;21790720;1200013312;0;0;0;0;0;0;0;0;0;0;0;3787;0;0;95;0;200;0;
11261;7065441;1059401728;21790720;1200013312;0;0;0;0;0;0;0;0;0;0;0;3066;0;0;95;0;200;0;
11262;4411013;1059401728;21790720;1200013312;0;0;0;0;0;0;0;0;0;0;0;3446;0;0;95;0;200;0;
11263;5871171;1059401728;21790720;1200013312;0;0;0;0;0;0;0;0;0;0;0;2044;0;0;95;0;200;0;
11264;5210852;1059401728;21790720;1200013312;0;0;0;0;0;0;0;0;0;0;0;3366;0;0;95;0;200;0;
11265;5619709;1059401728;21790720;1200013312;0;0;0;0;0;0;0;0;0;0;0;1864;0;0;95;0;200;0;
11266;6017545;1059401728;21790720;1200013312;0;0;0;0;0;0;0;0;0;0;0;3266;0;0;95;0;200;0;
11267;5506336;1059401728;21790720;1200013312;0;0;0;0;0;0;0;0;0;0;0;1563;0;0;95;0;200;0;
11268;3922927;1059401728;21790720;1200013312;0;0;0;0;0;0;0;0;0;0;0;3767;0;0;95;0;200;0;
11269;6053082;1059401728;21790720;1200013312;0;0;0;0;0;0;0;0;0;0;0;2365;0;0;95;0;200;0;
11270;5293297;1059401728;21790720;1200013312;0;0;0;0;0;0;0;0;0;0;0;3396;0;0;95;0;200;0;
11271;4503766;1059401728;21790720;1200013312;0;0;0;0;0;0;0;0;0;0;0;1703;0;0;95;0;200;0;
11272;7287857;1059401728;21790720;1200013312;0;0;0;0;0;0;0;0;0;0;0;4178;0;0;95;0;200;0;
11273;6508176;1059401728;21790720;1200013312;0;0;0;0;0;0;0;0;0;0;0;1964;0;0;95;0;200;0;
11274;4739829;1059401728;21790720;1200013312;0;0;0;0;0;0;0;0;0;0;0;3907;0;0;95;0;200;0;
11275;5538406;1059401728;21790720;1200013312;0;0;0;0;0;0;0;0;0;0;0;2365;0;0;95;0;200;0;
11276;5135802;1059401728;21790720;1200013312;0;0;0;0;0;0;0;0;0;0;0;4318;0;0;95;0;200;0;
11277;4475674;1059401728;21790720;1200013312;0;0;0;0;0;0;0;0;0;0;0;2725;0;0;95;0;200;0;
11278;5568443;1059401728;21790720;1200013312;0;0;0;0;0;0;0;0;0;0;0;3186;0;0;95;0;200;0;
11279;4787428;1059401728;21790720;1200013312;0;0;0;0;0;0;0;0;0;0;0;2495;0;0;95;0;200;0;
11280;3388565;1059401728;21790720;1200013312;0;0;0;0;0;0;0;0;0;0;0;3186;0;0;95;0;200;0;
11281;7328614;1059401728;21790720;1200013312;0;0;0;0;0;0;0;0;0;0;0;2845;0;0;95;0;200;0;
11282;3181386;1059401728;21790720;1200013312;0;0;0;0;0;0;0;0;0;0;0;2925;0;0;95;0;200;0;
11283;7165558;1059401728;21790720;1200013312;0;0;0;0;0;0;0;0;0;0;0;1924;0;0;95;0;200;0;
11284;3547453;1059401728;21790720;1200013312;0;0;0;0;0;0;0;0;0;0;0;3547;0;0;95;0;200;0;
11285;8398711;1059401728;21790720;1200013312;0;0;0;0;0;0;0;0;0;0;0;2645;0;0;95;0;200;0;
11286;2889449;1059401728;21790720;1200013312;0;0;0;0;0;0;0;0;0;0;0;2945;0;0;95;0;200;0;
11287;7020516;1059401728;21790720;1200013312;0;0;0;0;0;0;0;0;0;0;0;1853;0;0;95;0;200;0;
11288;4652705;1059401728;21790720;1200013312;0;0;0;0;0;0;0;0;0;0;0;3236;0;0;95;0;200;0;
11289;7734565;1059401728;21790720;1200013312;0;0;0;0;0;0;0;0;0;0;0;1874;0;0;95;0;200;0;
11290;3660044;1059401728;21790720;1200013312;0;0;0;0;0;0;0;0;0;0;0;3867;0;0;95;0;200;0;
11291;8418899;1059401728;21790720;1200013312;0;0;0;0;0;0;0;0;0;0;0;1934;0;0;95;0;200;0;
11292;3672036;1059401728;21790720;1200013312;0;0;0;0;0;0;0;0;0;0;0;3096;0;0;95;0;200;0;
11293;8022105;1059401728;21790720;1200013312;0;0;0;0;0;0;0;0;0;0;0;1974;0;0;95;0;200;0;
11294;3905794;1059401728;21790720;1200013312;0;0;0;0;0;0;0;0;0;0;0;3005;0;0;95;0;200;0;
11295;6304955;1059401728;21790720;1200013312;0;0;0;0;0;0;0;0;0;0;0;2324;0;0;95;0;200;0;
11296;3828931;1059401728;21790720;1200013312;0;0;0;0;0;0;0;0;0;0;0;3386;0;0;95;0;200;0;
11297;5364631;1059401728;21790720;1200013312;0;0;0;0;0;0;0;0;0;0;0;7514;0;0;95;0;200;0;
11298;6174590;1059401728;21790720;1200013312;0;0;0;0;0;0;0;0;0;0;0;3476;0;0;95;0;200;0;
11299;7309819;1059401728;21790720;1200013312;0;0;0;0;0;0;0;0;0;0;0;1984;0;0;95;0;200;0;
11300;3939147;1059401728;21790720;1200013312;0;0;0;0;0;0;0;0;0;0;0;2755;0;0;95;0;200;0;
11301;7325308;1059401728;21790720;1200013312;0;0;0;0;0;0;0;0;0;0;0;1983;0;0;95;0;200;0;
11302;3169604;1059401728;21790720;1200013312;0;0;0;0;0;0;0;0;0;0;0;3176;0;0;95;0;200;0;
11303;7188802;1059401728;21790720;1200013312;0;0;0;0;0;0;0;0;0;0;0;2054;0;0;95;0;200;0;
11304;4578737;1059401728;21790720;1200013312;0;0;0;0;0;0;0;0;0;0;0;2865;0;0;95;0;200;0;
11305;6399712;1059401728;21790720;1200013312;0;0;0;0;0;0;0;0;0;0;0;1784;0;0;95;0;200;0;
11306;5530041;1059401728;21790720;1200013312;0;0;0;0;0;0;0;0;0;0;0;4388;0;0;95;0;200;0;
11307;4923834;1059401728;21790720;1200013312;0;0;0;0;0;0;0;0;0;0;0;1663;0;0;95;0;200;0;
11308;7560198;1059401728;21790720;1200013312;0;0;0;0;0;0;0;0;0;0;0;3717;0;0;95;0;200;0;
11309;4672473;1059401728;21790720;1200013312;0;0;0;0;0;0;0;0;0;0;0;1934;0;0;95;0;200;0;
11310;4862309;1059401728;21790720;1200013312;0;0;0;0;0;0;0;0;0;0;0;3567;0;0;95;0;200;0;
11311;5685853;1059401728;21790720;1200013312;0;0;0;0;0;0;0;0;0;0;0;2725;0;0;95;0;200;0;
11312;4556254;1059401728;21790720;1200013312;0;0;0;0;0;0;0;0;0;0;0;3987;0;0;95;0;200;0;
11313;6716436;1059401728;21790720;1200013312;0;0;0;0;0;0;0;0;0;0;0;1803;0;0;95;0;200;0;
11314;6282422;1059401728;21790720;1200013312;0;0;0;0;0;0;0;0;0;0;0;3737;0;0;95;0;200;0;
11315;6570743;1059401728;21790720;1200013312;0;0;0;0;0;0;0;0;0;0;0;1914;0;0;95;0;200;0;
11316;5510144;1059401728;21790720;1200013312;0;0;0;0;0;0;0;0;0;0;0;2665;0;0;95;0;200;0;
11317;7745526;1059401728;21790720;1200013312;0;0;0;0;0;0;0;0;0;0;0;2435;0;0;95;0;200;0;
11318;6562316;1059401728;21790720;1200013312;0;0;0;0;0;0;0;0;0;0;0;3847;0;0;95;0;200;0;
11319;6163458;1059401728;21790720;1200013312;0;0;0;0;0;0;0;0;0;0;0;2765;0;0;95;0;200;0;
11320;5489314;1059401728;21790720;1200013312;0;0;0;0;0;0;0;0;0;0;0;3747;0;0;95;0;200;0;
11321;5419785;1059401728;21790720;1200013312;0;0;0;0;0;0;0;0;0;0;0;2585;0;0;95;0;200;0;
11322;5645758;1059401728;21790720;1200013312;0;0;0;0;0;0;0;0;0;0;0;3306;0;0;95;0;200;0;
11323;7532115;1059401728;21790720;1200013312;0;0;0;0;0;0;0;0;0;0;0;2304;0;0;95;0;200;0;
11324;4993565;1059401728;21790720;1200013312;0;0;0;0;0;0;0;0;0;0;0;3727;0;0;95;0;200;0;
11325;6233640;1059401728;21790720;1200013312;0;0;0;0;0;0;0;0;0;0;0;2084;0;0;95;0;200;0;
11326;6162507;1059401728;21790720;1200013312;0;0;0;0;0;0;0;0;0;0;0;214021;0;0;95;0;200;0;
11327;7475990;1059401728;21790720;1200013312;0;0;0;0;0;0;0;0;0;0;0;2034;0;0;95;0;200;0;
11328;4292069;1059401728;21790720;1200013312;0;0;0;0;0;0;0;0;0;0;0;3035;0;0;95;0;200;0;
11329;4700175;1059401728;21790720;1200013312;0;0;0;0;0;0;0;0;0;0;0;1713;0;0;95;0;200;0;
11330;5629929;1059401728;21790720;1200013312;0;0;0;0;0;0;0;0;0;0;0;3266;0;0;95;0;200;0;
11331;5841505;1059401728;21790720;1200013312;0;0;0;0;0;0;0;0;0;0;0;2004;0;0;95;0;200;0;
11332;4250421;1059401728;21790720;1200013312;0;0;0;0;0;0;0;0;0;0;0;3176;0;0;95;0;200;0;
11333;6820681;1059401728;21790720;1200013312;0;0;0;0;0;0;0;0;0;0;0;1703;0;0;95;0;200;0;
11334;5367686;1059401728;21790720;1200013312;0;0;0;0;0;0;0;0;0;0;0;2765;0;0;95;0;200;0;
11335;6860446;1059401728;21790720;1200013312;0;0;0;0;0;0;0;0;0;0;0;1733;0;0;95;0;200;0;
11336;5434141;1059401728;21790720;1200013312;0;0;0;0;0;0;0;0;0;0;0;4408;0;0;95;0;200;0;
11337;8847472;1059401728;21790720;1200013312;0;0;0;0;0;0;0;0;0;0;0;3256;0;0;95;0;200;0;
11338;4066606;1059401728;21790720;1200013312;0;0;0;0;0;0;0;0;0;0;0;3636;0;0;95;0;200;0;
11339;8255542;1059401728;21790720;1200013312;0;0;0;0;0;0;0;0;0;0;0;2875;0;0;95;0;200;0;
11340;4304983;1059401728;21798912;1200021504;0;0;0;0;0;0;0;0;0;0;0;3186;0;0;95;0;200;0;
11341;6381518;1059401728;21798912;1200021504;0;0;0;0;0;0;0;0;0;0;0;1453;0;0;95;0;200;0;
11342;4521199;1059401728;21798912;1200021504;0;0;0;0;0;0;0;0;0;0;0;2755;0;0;95;0;200;0;
11343;7732081;1059401728;21798912;1200021504;0;0;0;0;0;0;0;0;0;0;0;1804;0;0;95;0;200;0;
11344;3729995;1059401728;21798912;1200021504;0;0;0;0;0;0;0;0;0;0;0;3296;0;0;95;0;200;0;
11345;7828041;1059401728;21798912;1200021504;0;0;0;0;0;0;0;0;0;0;0;1833;0;0;95;0;200;0;
11346;4387057;1059401728;21790720;1200013312;0;0;0;0;0;0;0;0;0;0;0;2895;0;0;95;0;200;0;
11347;7844612;1059401728;21790720;1200013312;0;0;0;0;0;0;0;0;0;0;0;3096;0;0;95;0;200;0;
11348;4171072;1059401728;21790720;1200013312;0;0;0;0;0;0;0;0;0;0;0;37170;0;0;95;0;200;0;
11349;9212206;1059401728;21790720;1200013312;0;0;0;0;0;0;0;0;0;0;0;2284;0;0;95;0;200;0;
11350;3533928;1059401728;21790720;1200013312;0;0;0;0;0;0;0;0;0;0;0;3055;0;0;95;0;200;0;
11351;7535582;1059401728;21790720;1200013312;0;0;0;0;0;0;0;0;0;0;0;2475;0;0;95;0;200;0;
11352;5787043;1059401728;21790720;1200013312;0;0;0;0;0;0;0;0;0;0;0;4167;0;0;95;0;200;0;
11353;7881030;1059401728;21790720;1200013312;0;0;0;0;0;0;0;0;0;0;0;2746;0;0;95;0;200;0;
11354;3813822;1059401728;21790720;1200013312;0;0;0;0;0;0;0;0;0;0;0;3627;0;0;95;0;200;0;
11355;7336558;1059401728;21790720;1200013312;0;0;0;0;0;0;0;0;0;0;0;3086;0;0;95;0;200;0;
11356;4753064;1059401728;21790720;1200013312;0;0;0;0;0;0;0;0;0;0;0;3176;0;0;95;0;200;0;
11357;8081686;1059401728;21790720;1200013312;0;0;0;0;0;0;0;0;0;0;0;3236;0;0;95;0;200;0;
11358;4406755;1059401728;21790720;1200013312;0;0;0;0;0;0;0;0;0;0;0;3957;0;0;95;0;200;0;
11359;6371479;1059401728;21790720;1200013312;0;0;0;0;0;0;0;0;0;0;0;2885;0;0;95;0;200;0;
11360;4755809;1059401728;21790720;1200013312;0;0;0;0;0;0;0;0;0;0;0;3046;0;0;95;0;200;0;
11361;6957027;1059401728;21790720;1200013312;0;0;0;0;0;0;0;0;0;0;0;3106;0;0;95;0;200;0;
11362;6109637;1059401728;21790720;1200013312;0;0;0;0;0;0;0;0;0;0;0;3166;0;0;95;0;200;0;
11363;6161294;1059401728;21790720;1200013312;0;0;0;0;0;0;0;0;0;0;0;2785;0;0;95;0;200;0;
11364;4701767;1059401728;21790720;1200013312;0;0;0;0;0;0;0;0;0;0;0;2906;0;0;95;0;200;0;
11365;6093407;1059401728;21790720;1200013312;0;0;0;0;0;0;0;0;0;0;0;1834;0;0;95;0;200;0;
11366;4282041;1059401728;21790720;1200013312;0;0;0;0;0;0;0;0;0;0;0;4649;0;0;95;0;200;0;
11367;7240578;1059401728;21790720;1200013312;0;0;0;0;0;0;0;0;0;0;0;2294;0;0;95;0;200;0;
11368;6815241;1059401728;21790720;1200013312;0;0;0;0;0;0;0;0;0;0;0;4098;0;0;95;0;200;0;
11369;6662865;1059401728;21790720;1200013312;0;0;0;0;0;0;0;0;0;0;0;3046;0;0;95;0;200;0;
11370;5542094;1059401728;21790720;1200013312;0;0;0;0;0;0;0;0;0;0;0;3216;0;0;95;0;200;0;
11371;5657029;1059401728;21790720;1200013312;0;0;0;0;0;0;0;0;0;0;0;2995;0;0;95;0;200;0;
11372;6738587;1059401728;21790720;1200013312;0;0;0;0;0;0;0;0;0;0;0;4157;0;0;95;0;200;0;
11373;8888810;1059401728;21790720;1200013312;0;0;0;0;0;0;0;0;0;0;0;2986;0;0;95;0;200;0;
11374;5505465;1059401728;21790720;1200013312;0;0;0;0;0;0;0;0;0;0;0;3186;0;0;95;0;200;0;
11375;7327331;1059401728;21790720;1200013312;0;0;0;0;0;0;0;0;0;0;0;2905;0;0;95;0;200;0;
11376;3235267;1059401728;21790720;1200013312;0;0;0;0;0;0;0;0;0;0;0;2705;0;0;95;0;200;0;
11377;6508335;1059401728;21790720;1200013312;0;0;0;0;0;0;0;0;0;0;0;1713;0;0;95;0;200;0;
11378;3498100;1059401728;21790720;1200013312;0;0;0;0;0;0;0;0;0;0;0;36529;0;0;95;0;200;0;
11379;6120669;1059401728;21790720;1200013312;0;0;0;0;0;0;0;0;0;0;0;1844;0;0;95;0;200;0;
11380;4428505;1059401728;21790720;1200013312;0;0;0;0;0;0;0;0;0;0;0;3617;0;0;95;0;200;0;
11381;5312944;1059401728;21790720;1200013312;0;0;0;0;0;0;0;0;0;0;0;1713;0;0;95;0;200;0;
11382;4568808;1059401728;21790720;1200013312;0;0;0;0;0;0;0;0;0;0;0;3977;0;0;95;0;200;0;
11383;6031872;1059401728;21790720;1200013312;0;0;0;0;0;0;0;0;0;0;0;2625;0;0;95;0;200;0;
11384;6158640;1059401728;21790720;1200013312;0;0;0;0;0;0;0;0;0;0;0;2926;0;0;95;0;200;0;
11385;5766124;1059401728;21790720;1200013312;0;0;0;0;0;0;0;0;0;0;0;1854;0;0;95;0;200;0;
11386;5443288;1059401728;21790720;1200013312;0;0;0;0;0;0;0;0;0;0;0;3837;0;0;95;0;200;0;
11387;5889335;1059401728;21790720;1200013312;0;0;0;0;0;0;0;0;0;0;0;1503;0;0;95;0;200;0;
11388;4185419;1059401728;21790720;1200013312;0;0;0;0;0;0;0;0;0;0;0;3397;0;0;95;0;200;0;
11389;8157529;1059401728;21790720;1200013312;0;0;0;0;0;0;0;0;0;0;0;3387;0;0;95;0;200;0;
11390;3391520;1059401728;21790720;1200013312;0;0;0;0;0;0;0;0;0;0;0;2645;0;0;95;0;200;0;
11391;6801486;1059401728;21790720;1200013312;0;0;0;0;0;0;0;0;0;0;0;3276;0;0;95;0;200;0;
11392;3554987;1059401728;21790720;1200013312;0;0;0;0;0;0;0;0;0;0;0;3046;0;0;95;0;200;0;
11393;5729796;1059401728;21790720;1200013312;0;0;0;0;0;0;0;0;0;0;0;1804;0;0;95;0;200;0;
11394;3941271;1059401728;21790720;1200013312;0;0;0;0;0;0;0;0;0;0;0;2905;0;0;95;0;200;0;
11395;5098542;1059401728;21790720;1200013312;0;0;0;0;0;0;0;0;0;0;0;2104;0;0;95;0;200;0;
11396;6315504;1059401728;21790720;1200013312;0;0;0;0;0;0;0;0;0;0;0;2655;0;0;95;0;200;0;
11397;6381147;1059401728;21790720;1200013312;0;0;0;0;0;0;0;0;0;0;0;1903;0;0;95;0;200;0;
11398;5367185;1059401728;21790720;1200013312;0;0;0;0;0;0;0;0;0;0;0;3477;0;0;95;0;200;0;
11399;5008142;1059401728;21790720;1200013312;0;0;0;0;0;0;0;0;0;0;0;2024;0;0;95;0;200;0;
11400;5733061;1059401728;21790720;1200013312;0;0;0;0;0;0;0;0;0;0;0;3477;0;0;95;0;200;0;
11401;5602477;1059401728;21790720;1200013312;0;0;0;0;0;0;0;0;0;0;0;2384;0;0;95;0;200;0;
11402;5858026;1059401728;21790720;1200013312;0;0;0;0;0;0;0;0;0;0;0;3076;0;0;95;0;200;0;
11403;5532696;1059401728;21790720;1200013312;0;0;0;0;0;0;0;0;0;0;0;2414;0;0;95;0;200;0;
11404;5988280;1059401728;21790720;1200013312;0;0;0;0;0;0;0;0;0;0;0;3236;0;0;95;0;200;0;
11405;6575773;1059401728;21790720;1200013312;0;0;0;0;0;0;0;0;0;0;0;1854;0;0;95;0;200;0;
11406;4445487;1059401728;21790720;1200013312;0;0;0;0;0;0;0;0;0;0;0;4228;0;0;95;0;200;0;
11407;5860681;1059401728;21790720;1200013312;0;0;0;0;0;0;0;0;0;0;0;1633;0;0;95;0;200;0;
11408;3799536;1059401728;21790720;1200013312;0;0;0;0;0;0;0;0;0;0;0;2775;0;0;95;0;200;0;
11409;5771814;1059401728;21790720;1200013312;0;0;0;0;0;0;0;0;0;0;0;1714;0;0;95;0;200;0;
11410;4512883;1059401728;21790720;1200013312;0;0;0;0;0;0;0;0;0;0;0;3376;0;0;95;0;200;0;
11411;6710655;1059401728;21790720;1200013312;0;0;0;0;0;0;0;0;0;0;0;2024;0;0;95;0;200;0;
11412;3814093;1059401728;21790720;1200013312;0;0;0;0;0;0;0;0;0;0;0;2955;0;0;95;0;200;0;
11413;6192343;1059401728;21790720;1200013312;0;0;0;0;0;0;0;0;0;0;0;1884;0;0;95;0;200;0;
11414;4414018;1059401728;21790720;1200013312;0;0;0;0;0;0;0;0;0;0;0;2415;0;0;95;0;200;0;
11415;6516561;1059401728;21790720;1200013312;0;0;0;0;0;0;0;0;0;0;0;1593;0;0;95;0;200;0;
11416;4087535;1059401728;21790720;1200013312;0;0;0;0;0;0;0;0;0;0;0;2555;0;0;95;0;200;0;
11417;7222855;1059401728;21790720;1200013312;0;0;0;0;0;0;0;0;0;0;0;1984;0;0;95;0;200;0;
11418;4539443;1059401728;21790720;1200013312;0;0;0;0;0;0;0;0;0;0;0;3216;0;0;95;0;200;0;
11419;7310821;1059401728;21790720;1200013312;0;0;0;0;0;0;0;0;0;0;0;1833;0;0;95;0;200;0;
11420;3402771;1059401728;21790720;1200013312;0;0;0;0;0;0;0;0;0;0;0;3697;0;0;95;0;200;0;
11421;5506847;1059401728;21790720;1200013312;0;0;0;0;0;0;0;0;0;0;0;1913;0;0;95;0;200;0;
11422;4833314;1059401728;21790720;1200013312;0;0;0;0;0;0;0;0;0;0;0;3546;0;0;95;0;200;0;
11423;7556742;1059401728;21790720;1200013312;0;0;0;0;0;0;0;0;0;0;0;2896;0;0;95;0;200;0;
11424;4500450;1059401728;21790720;1200013312;0;0;0;0;0;0;0;0;0;0;0;2594;0;0;95;0;200;0;
11425;5605392;1059401728;21790720;1200013312;0;0;0;0;0;0;0;0;0;0;0;1743;0;0;95;0;200;0;
11426;5257239;1059401728;21790720;1200013312;0;0;0;0;0;0;0;0;0;0;0;3356;0;0;95;0;200;0;
11427;4985860;1059401728;21790720;1200013312;0;0;0;0;0;0;0;0;0;0;0;3136;0;0;95;0;200;0;
11428;6180301;1059401728;21798912;1200021504;0;0;0;0;0;0;0;0;0;0;0;2935;0;0;95;0;200;0;
11429;10639032;1059401728;21798912;1200021504;0;0;0;0;0;0;0;0;0;0;0;1833;0;0;95;0;200;0;
11430;9377236;1059401728;21798912;1200021504;0;0;0;0;0;0;0;0;0;0;0;3777;0;0;95;0;200;0;
11431;6643289;1059401728;21798912;1200021504;0;0;0;0;0;0;0;0;0;0;0;3367;0;0;95;0;200;0;
11432;6341844;1059401728;21798912;1200021504;0;0;0;0;0;0;0;0;0;0;0;3918;0;0;95;0;200;0;
11433;6664108;1059401728;21798912;1200021504;0;0;0;0;0;0;0;0;0;0;0;2635;0;0;95;0;200;0;
11434;5264473;1059401728;21790720;1200013312;0;0;0;0;0;0;0;0;0;0;0;3817;0;0;95;0;200;0;
11435;8048403;1059401728;21790720;1200013312;0;0;0;0;0;0;0;0;0;0;0;3356;0;0;95;0;200;0;
11436;5770873;1059401728;21790720;1200013312;0;0;0;0;0;0;0;0;0;0;0;3166;0;0;95;0;200;0;
11437;8576424;1059401728;21790720;1200013312;0;0;0;0;0;0;0;0;0;0;0;2495;0;0;95;0;200;0;
11438;3861182;1059401728;21790720;1200013312;0;0;0;0;0;0;0;0;0;0;0;2926;0;0;95;0;200;0;
11439;6441881;1059401728;21790720;1200013312;0;0;0;0;0;0;0;0;0;0;0;3637;0;0;95;0;200;0;
11440;5308305;1059401728;21790720;1200013312;0;0;0;0;0;0;0;0;0;0;0;3367;0;0;95;0;200;0;
11441;7125193;1059401728;21790720;1200013312;0;0;0;0;0;0;0;0;0;0;0;4348;0;0;95;0;200;0;
11442;5052255;1059401728;21790720;1200013312;0;0;0;0;0;0;0;0;0;0;0;4098;0;0;95;0;200;0;
11443;4839977;1059401728;21790720;1200013312;0;0;0;0;0;0;0;0;0;0;0;1934;0;0;95;0;200;0;
11444;5250226;1059401728;21790720;1200013312;0;0;0;0;0;0;0;0;0;0;0;2926;0;0;95;0;200;0;
11445;6586753;1059401728;21790720;1200013312;0;0;0;0;0;0;0;0;0;0;0;2334;0;0;95;0;200;0;
11446;6484370;1059401728;21790720;1200013312;0;0;0;0;0;0;0;0;0;0;0;4669;0;0;95;0;200;0;
11447;9823442;1059401728;21790720;1200013312;0;0;0;0;0;0;0;0;0;0;0;3276;0;0;95;0;200;0;
11448;5911125;1059401728;21790720;1200013312;0;0;0;0;0;0;0;0;0;0;0;3626;0;0;95;0;200;0;
11449;7645659;1059401728;21790720;1200013312;0;0;0;0;0;0;0;0;0;0;0;4799;0;0;95;0;200;0;
11450;7686766;1059401728;21790720;1200013312;0;0;0;0;0;0;0;0;0;0;0;3898;0;0;95;0;200;0;
11451;9602709;1059401728;21790720;1200013312;0;0;0;0;0;0;0;0;0;0;0;3407;0;0;95;0;200;0;
11452;6475043;1059401728;21790720;1200013312;0;0;0;0;0;0;0;0;0;0;0;3958;0;0;95;0;200;0;
11453;11509936;1059401728;21790720;1200013312;0;0;0;0;0;0;0;0;0;0;0;3447;0;0;95;0;200;0;
11454;3872633;1059401728;21790720;1200013312;0;0;0;0;0;0;0;0;0;0;0;4047;0;0;95;0;200;0;
11455;9468216;1059401728;21790720;1200013312;0;0;0;0;0;0;0;0;0;0;0;3777;0;0;95;0;200;0;
11456;7016539;1059401728;21790720;1200013312;0;0;0;0;0;0;0;0;0;0;0;4188;0;0;95;0;200;0;
11457;7287778;1059401728;21790720;1200013312;0;0;0;0;0;0;0;0;0;0;0;2926;0;0;95;0;200;0;
11458;6660040;1059401728;21790720;1200013312;0;0;0;0;0;0;0;0;0;0;0;3237;0;0;95;0;200;0;
11459;8664289;1059401728;21790720;1200013312;0;0;0;0;0;0;0;0;0;0;0;3126;0;0;95;0;200;0;
11460;8528364;1059401728;21790720;1200013312;0;0;0;0;0;0;0;0;0;0;0;2976;0;0;95;0;200;0;
11461;6917092;1059401728;21790720;1200013312;0;0;0;0;0;0;0;0;0;0;0;3647;0;0;95;0;200;0;
11462;6792689;1059401728;21790720;1200013312;0;0;0;0;0;0;0;0;0;0;0;3216;0;0;95;0;200;0;
11463;7975347;1059401728;21790720;1200013312;0;0;0;0;0;0;0;0;0;0;0;3457;0;0;95;0;200;0;
11464;6417375;1059401728;21790720;1200013312;0;0;0;0;0;0;0;0;0;0;0;3196;0;0;95;0;200;0;
11465;7039381;1059401728;21790720;1200013312;0;0;0;0;0;0;0;0;0;0;0;3887;0;0;95;0;200;0;
11466;5790739;1059401728;21790720;1200013312;0;0;0;0;0;0;0;0;0;0;0;3096;0;0;95;0;200;0;
11467;6431412;1059401728;21790720;1200013312;0;0;0;0;0;0;0;0;0;0;0;2986;0;0;95;0;200;0;
11468;5261457;1059401728;21790720;1200013312;0;0;0;0;0;0;0;0;0;0;0;3957;0;0;95;0;200;0;
11469;8169671;1059401728;21790720;1200013312;0;0;0;0;0;0;0;0;0;0;0;3677;0;0;95;0;200;0;
11470;7203650;1059401728;21790720;1200013312;0;0;0;0;0;0;0;0;0;0;0;3206;0;0;95;0;200;0;
11471;8229314;1059401728;21790720;1200013312;0;0;0;0;0;0;0;0;0;0;0;4729;0;0;95;0;200;0;
11472;8542991;1059401728;21790720;1200013312;0;0;0;0;0;0;0;0;0;0;0;3586;0;0;95;0;200;0;
11473;8033866;1059401728;21790720;1200013312;0;0;0;0;0;0;0;0;0;0;0;2936;0;0;95;0;200;0;
11474;7724857;1059401728;21790720;1200013312;0;0;0;0;0;0;0;0;0;0;0;3377;0;0;95;0;200;0;
11475;8612722;1059401728;21790720;1200013312;0;0;0;0;0;0;0;0;0;0;0;4689;0;0;95;0;200;0;
11476;4269316;1059401728;21790720;1200013312;0;0;0;0;0;0;0;0;0;0;0;3287;0;0;95;0;200;0;
11477;9424715;1059401728;21790720;1200013312;0;0;0;0;0;0;0;0;0;0;0;3697;0;0;95;0;200;0;
11478;4679847;1059401728;21790720;1200013312;0;0;0;0;0;0;0;0;0;0;0;2765;0;0;95;0;200;0;
11479;8423337;1059401728;21790720;1200013312;0;0;0;0;0;0;0;0;0;0;0;2024;0;0;95;0;200;0;
11480;6611960;1059401728;21790720;1200013312;0;0;0;0;0;0;0;0;0;0;0;3326;0;0;95;0;200;0;
11481;9359032;1059401728;21790720;1200013312;0;0;0;0;0;0;0;0;0;0;0;3386;0;0;95;0;200;0;
11482;6319612;1059401728;21790720;1200013312;0;0;0;0;0;0;0;0;0;0;0;4298;0;0;95;0;200;0;
11483;9640740;1059401728;21790720;1200013312;0;0;0;0;0;0;0;0;0;0;0;2955;0;0;95;0;200;0;
11484;4913024;1059401728;21790720;1200013312;0;0;0;0;0;0;0;0;0;0;0;2935;0;0;95;0;200;0;
11485;6088979;1059401728;21790720;1200013312;0;0;0;0;0;0;0;0;0;0;0;3828;0;0;95;0;200;0;
11486;5624128;1059401728;21790720;1200013312;0;0;0;0;0;0;0;0;0;0;0;3537;0;0;95;0;200;0;
11487;7024073;1059401728;21790720;1200013312;0;0;0;0;0;0;0;0;0;0;0;2244;0;0;95;0;200;0;
11488;4841159;1059401728;21790720;1200013312;0;0;0;0;0;0;0;0;0;0;0;4167;0;0;95;0;200;0;
11489;6511812;1059401728;21790720;1200013312;0;0;0;0;0;0;0;0;0;0;0;3577;0;0;95;0;200;0;
11490;6442713;1059401728;21790720;1200013312;0;0;0;0;0;0;0;0;0;0;0;3426;0;0;95;0;200;0;
11491;9510726;1059401728;21790720;1200013312;0;0;0;0;0;0;0;0;0;0;0;4187;0;0;95;0;200;0;
11492;5028621;1059401728;21790720;1200013312;0;0;0;0;0;0;0;0;0;0;0;2725;0;0;95;0;200;0;
11493;10788743;1059401728;21790720;1200013312;0;0;0;0;0;0;0;0;0;0;0;3847;0;0;95;0;200;0;
11494;4922882;1059401728;21790720;1200013312;0;0;0;0;0;0;0;0;0;0;0;3226;0;0;95;0;200;0;
11495;9005900;1059401728;21790720;1200013312;0;0;0;0;0;0;0;0;0;0;0;2495;0;0;95;0;200;0;
11496;6652526;1059401728;21790720;1200013312;0;0;0;0;0;0;0;0;0;0;0;3246;0;0;95;0;200;0;
11497;8908176;1059401728;21790720;1200013312;0;0;0;0;0;0;0;0;0;0;0;3216;0;0;95;0;200;0;
11498;6953661;1059401728;21790720;1200013312;0;0;0;0;0;0;0;0;0;0;0;3516;0;0;95;0;200;0;
11499;7399016;1059401728;21790720;1200013312;0;0;0;0;0;0;0;0;0;0;0;2735;0;0;95;0;200;0;
11500;8632328;1059401728;21790720;1200013312;0;0;0;0;0;0;0;0;0;0;0;3577;0;0;95;0;200;0;
11501;6193946;1059401728;21790720;1200013312;0;0;0;0;0;0;0;0;0;0;0;2825;0;0;95;0;200;0;
11502;6939113;1059401728;21790720;1200013312;0;0;0;0;0;0;0;0;0;0;0;3376;0;0;95;0;200;0;
11503;8653779;1059401728;21790720;1200013312;0;0;0;0;0;0;0;0;0;0;0;3466;0;0;95;0;200;0;
11504;6584779;1059401728;21790720;1200013312;0;0;0;0;0;0;0;0;0;0;0;3777;0;0;95;0;200;0;
11505;10690659;1059401728;21790720;1200013312;0;0;0;0;0;0;0;0;0;0;0;4288;0;0;95;0;200;0;
11506;8273426;1059401728;21790720;1200013312;0;0;0;0;0;0;0;0;0;0;0;4298;0;0;95;0;200;0;
11507;7982400;1059401728;21790720;1200013312;0;0;0;0;0;0;0;0;0;0;0;3125;0;0;95;0;200;0;
11508;5061072;1059401728;21790720;1200013312;0;0;0;0;0;0;0;0;0;0;0;3627;0;0;95;0;200;0;
11509;7553225;1059401728;21790720;1200013312;0;0;0;0;0;0;0;0;0;0;0;3126;0;0;95;0;200;0;
11510;6935607;1059401728;21790720;1200013312;0;0;0;0;0;0;0;0;0;0;0;3506;0;0;95;0;200;0;
11511;8448103;1059401728;21790720;1200013312;0;0;0;0;0;0;0;0;0;0;0;3556;0;0;95;0;200;0;
11512;6626437;1059401728;21790720;1200013312;0;0;0;0;0;0;0;0;0;0;0;4419;0;0;95;0;200;0;
11513;8026673;1059401728;21790720;1200013312;0;0;0;0;0;0;0;0;0;0;0;2504;0;0;95;0;200;0;
11514;6656102;1059401728;21790720;1200013312;0;0;0;0;0;0;0;0;0;0;0;3156;0;0;95;0;200;0;
11515;6863512;1059401728;21790720;1200013312;0;0;0;0;0;0;0;0;0;0;0;2224;0;0;95;0;200;0;
11516;5655827;1059401728;21790720;1200013312;0;0;0;0;0;0;0;0;0;0;0;3046;0;0;95;0;200;0;
11517;11126607;1059401728;21790720;1200013312;0;0;0;0;0;0;0;0;0;0;0;3757;0;0;95;0;200;0;
11518;9086831;1059401728;21790720;1200013312;0;0;0;0;0;0;0;0;0;0;0;4558;0;0;95;0;200;0;
11519;11046736;1059401728;21790720;1200013312;0;0;0;0;0;0;0;0;0;0;0;5130;0;0;95;0;200;0;
11520;5940341;1059401728;21790720;1200013312;0;0;0;0;0;0;0;0;0;0;0;3176;0;0;95;0;200;0;
11521;10251605;1059401728;21790720;1200013312;0;0;0;0;0;0;0;0;0;0;0;3136;0;0;95;0;200;0;
11522;7202868;1059401728;21790720;1200013312;0;0;0;0;0;0;0;0;0;0;0;3727;0;0;95;0;200;0;
11523;8370918;1059401728;21790720;1200013312;0;0;0;0;0;0;0;0;0;0;0;3476;0;0;95;0;200;0;
11524;6364165;1059401728;21790720;1200013312;0;0;0;0;0;0;0;0;0;0;0;3256;0;0;95;0;200;0;
11525;7196547;1059401728;21790720;1200013312;0;0;0;0;0;0;0;0;0;0;0;3397;0;0;95;0;200;0;
11526;6208554;1059401728;21790720;1200013312;0;0;0;0;0;0;0;0;0;0;0;38492;0;0;95;0;200;0;
11527;6639000;1059401728;21790720;1200013312;0;0;0;0;0;0;0;0;0;0;0;2304;0;0;95;0;200;0;
11528;4916791;1059401728;21790720;1200013312;0;0;0;0;0;0;0;0;0;0;0;4238;0;0;95;0;200;0;
11529;6843685;1059401728;21790720;1200013312;0;0;0;0;0;0;0;0;0;0;0;2976;0;0;95;0;200;0;
11530;9295823;1059401728;21790720;1200013312;0;0;0;0;0;0;0;0;0;0;0;3948;0;0;95;0;200;0;
11531;7888654;1059401728;21790720;1200013312;0;0;0;0;0;0;0;0;0;0;0;4909;0;0;95;0;200;0;
11532;7802313;1059401728;21790720;1200013312;0;0;0;0;0;0;0;0;0;0;0;3967;0;0;95;0;200;0;
11533;8353617;1059401728;21790720;1200013312;0;0;0;0;0;0;0;0;0;0;0;5099;0;0;95;0;200;0;
11534;8015542;1059401728;21790720;1200013312;0;0;0;0;0;0;0;0;0;0;0;3386;0;0;95;0;200;0;
11535;9901209;1059401728;21790720;1200013312;0;0;0;0;0;0;0;0;0;0;0;3607;0;0;95;0;200;0;
11536;7137425;1059401728;21790720;1200013312;0;0;0;0;0;0;0;0;0;0;0;3046;0;0;95;0;200;0;
11537;11173475;1059401728;21790720;1200013312;0;0;0;0;0;0;0;0;0;0;0;3056;0;0;95;0;200;0;
11538;7312484;1059401728;21790720;1200013312;0;0;0;0;0;0;0;0;0;0;0;3356;0;0;95;0;200;0;
11539;9476562;1059401728;21790720;1200013312;0;0;0;0;0;0;0;0;0;0;0;3757;0;0;95;0;200;0;
11540;8462932;1059401728;21790720;1200013312;0;0;0;0;0;0;0;0;0;0;0;4529;0;0;95;0;200;0;
11541;9132186;1059401728;21790720;1200013312;0;0;0;0;0;0;0;0;0;0;0;3457;0;0;95;0;200;0;
11542;9501338;1059401728;21790720;1200013312;0;0;0;0;0;0;0;0;0;0;0;3596;0;0;95;0;200;0;
11543;9455994;1059401728;21790720;1200013312;0;0;0;0;0;0;0;0;0;0;0;3486;0;0;95;0;200;0;
11544;8249581;1059401728;21790720;1200013312;0;0;0;0;0;0;0;0;0;0;0;3807;0;0;95;0;200;0;
11545;11087624;1059401728;21790720;1200013312;0;0;0;0;0;0;0;0;0;0;0;3256;0;0;95;0;200;0;
11546;8140396;1059401728;21790720;1200013312;0;0;0;0;0;0;0;0;0;0;0;4178;0;0;95;0;200;0;
11547;8934265;1059401728;21790720;1200013312;0;0;0;0;0;0;0;0;0;0;0;3987;0;0;95;0;200;0;
11548;7259926;1059401728;21790720;1200013312;0;0;0;0;0;0;0;0;0;0;0;3546;0;0;95;0;200;0;
11549;7056854;1059401728;21790720;1200013312;0;0;0;0;0;0;0;0;0;0;0;2735;0;0;95;0;200;0;
11550;5652821;1059401728;21790720;1200013312;0;0;0;0;0;0;0;0;0;0;0;3646;0;0;95;0;200;0;
11551;9038170;1059401728;21790720;1200013312;0;0;0;0;0;0;0;0;0;0;0;3336;0;0;95;0;200;0;
11552;5405217;1059401728;21790720;1200013312;0;0;0;0;0;0;0;0;0;0;0;3216;0;0;95;0;200;0;
11553;9301053;1059401728;21790720;1200013312;0;0;0;0;0;0;0;0;0;0;0;2815;0;0;95;0;200;0;
11554;6285758;1059401728;21790720;1200013312;0;0;0;0;0;0;0;0;0;0;0;4018;0;0;95;0;200;0;
11555;9168905;1059401728;21790720;1200013312;0;0;0;0;0;0;0;0;0;0;0;3367;0;0;95;0;200;0;
11556;4973036;1059401728;21790720;1200013312;0;0;0;0;0;0;0;0;0;0;0;3567;0;0;95;0;200;0;
11557;7060701;1059401728;21790720;1200013312;0;0;0;0;0;0;0;0;0;0;0;2144;0;0;95;0;200;0;
11558;10495052;1059401728;21790720;1200013312;0;0;0;0;0;0;0;0;0;0;0;3266;0;0;95;0;200;0;
11559;8256965;1059401728;21790720;1200013312;0;0;0;0;0;0;0;0;0;0;0;3888;0;0;95;0;200;0;
11560;5734444;1059401728;21790720;1200013312;0;0;0;0;0;0;0;0;0;0;0;3356;0;0;95;0;200;0;
11561;7660076;1059401728;21790720;1200013312;0;0;0;0;0;0;0;0;0;0;0;3477;0;0;95;0;200;0;
11562;15834646;1059401728;21790720;1200013312;0;0;0;0;0;0;0;0;0;0;0;3617;0;0;95;0;200;0;
11563;10015472;1059401728;21790720;1200013312;0;0;0;0;0;0;0;0;0;0;0;4208;0;0;95;0;200;0;
11564;8205959;1059401728;21790720;1200013312;0;0;0;0;0;0;0;0;0;0;0;5691;0;0;95;0;200;0;
11565;8649672;1059401728;21790720;1200013312;0;0;0;0;0;0;0;0;0;0;0;4268;0;0;95;0;200;0;
11566;7663041;1059401728;21790720;1200013312;0;0;0;0;0;0;0;0;0;0;0;3336;0;0;95;0;200;0;
11567;8505211;1059401728;21790720;1200013312;0;0;0;0;0;0;0;0;0;0;0;2564;0;0;95;0;200;0;
11568;5744413;1059401728;21790720;1200013312;0;0;0;0;0;0;0;0;0;0;0;5691;0;0;95;0;200;0;
11569;8852692;1059401728;21790720;1200013312;0;0;0;0;0;0;0;0;0;0;0;3006;0;0;95;0;200;0;
11570;4535776;1059401728;21790720;1200013312;0;0;0;0;0;0;0;0;0;0;0;3988;0;0;95;0;200;0;
11571;9952374;1059401728;21790720;1200013312;0;0;0;0;0;0;0;0;0;0;0;3125;0;0;95;0;200;0;
11572;7388406;1059401728;21790720;1200013312;0;0;0;0;0;0;0;0;0;0;0;3767;0;0;95;0;200;0;
11573;9822381;1059401728;21790720;1200013312;0;0;0;0;0;0;0;0;0;0;0;3357;0;0;95;0;200;0;
11574;3745114;1059401728;21790720;1200013312;0;0;0;0;0;0;0;0;0;0;0;2885;0;0;95;0;200;0;
11575;6101984;1059401728;21790720;1200013312;0;0;0;0;0;0;0;0;0;0;0;2875;0;0;95;0;200;0;
11576;7678149;1059401728;21790720;1200013312;0;0;0;0;0;0;0;0;0;0;0;3406;0;0;95;0;200;0;
11577;7475299;1059401728;21790720;1200013312;0;0;0;0;0;0;0;0;0;0;0;2956;0;0;95;0;200;0;
11578;5240978;1059401728;21790720;1200013312;0;0;0;0;0;0;0;0;0;0;0;2815;0;0;95;0;200;0;
11579;9013534;1059401728;21790720;1200013312;0;0;0;0;0;0;0;0;0;0;0;99026;0;0;95;0;200;0;
11580;8856499;1059401728;21790720;1200013312;0;0;0;0;0;0;0;0;0;0;0;3457;0;0;95;0;200;0;
11581;10603015;1059401728;21790720;1200013312;0;0;0;0;0;0;0;0;0;0;0;2524;0;0;95;0;200;0;
11582;8659871;1059401728;21790720;1200013312;0;0;0;0;0;0;0;0;0;0;0;3817;0;0;95;0;200;0;
11583;11559308;1059401728;21790720;1200013312;0;0;0;0;0;0;0;0;0;0;0;3676;0;0;95;0;200;0;
11584;7574515;1059401728;21790720;1200013312;0;0;0;0;0;0;0;0;0;0;0;3998;0;0;95;0;200;0;
11585;10978129;1059401728;21790720;1200013312;0;0;0;0;0;0;0;0;0;0;0;3827;0;0;95;0;200;0;
11586;7543967;1059401728;21790720;1200013312;0;0;0;0;0;0;0;0;0;0;0;3948;0;0;95;0;200;0;
11587;9682097;1059401728;21790720;1200013312;0;0;0;0;0;0;0;0;0;0;0;3938;0;0;95;0;200;0;
11588;5532686;1059401728;21790720;1200013312;0;0;0;0;0;0;0;0;0;0;0;2746;0;0;95;0;200;0;
11589;10481948;1059401728;21790720;1200013312;0;0;0;0;0;0;0;0;0;0;0;3326;0;0;95;0;200;0;
11590;5256318;1059401728;21790720;1200013312;0;0;0;0;0;0;0;0;0;0;0;3958;0;0;95;0;200;0;
11591;7572331;1059401728;21790720;1200013312;0;0;0;0;0;0;0;0;0;0;0;2585;0;0;95;0;200;0;
11592;6977175;1059401728;21790720;1200013312;0;0;0;0;0;0;0;0;0;0;0;3126;0;0;95;0;200;0;
11593;9736760;1059401728;21790720;1200013312;0;0;0;0;0;0;0;0;0;0;0;3917;0;0;95;0;200;0;
11594;6465906;1059401728;21790720;1200013312;0;0;0;0;0;0;0;0;0;0;0;3357;0;0;95;0;200;0;
11595;11532719;1059401728;21790720;1200013312;0;0;0;0;0;0;0;0;0;0;0;4308;0;0;95;0;200;0;
11596;4286208;1059401728;21790720;1200013312;0;0;0;0;0;0;0;0;0;0;0;2826;0;0;95;0;200;0;
11597;9285785;1059401728;21790720;1200013312;0;0;0;0;0;0;0;0;0;0;0;4188;0;0;95;0;200;0;
11598;9858619;1059401728;21790720;1200013312;0;0;0;0;0;0;0;0;0;0;0;3296;0;0;95;0;200;0;
11599;11768371;1059401728;21790720;1200013312;0;0;0;0;0;0;0;0;0;0;0;4298;0;0;95;0;200;0;
11600;7584093;1059401728;21790720;1200013312;0;0;0;0;0;0;0;0;0;0;0;3988;0;0;95;0;200;0;
11601;9920234;1059401728;21790720;1200013312;0;0;0;0;0;0;0;0;0;0;0;3547;0;0;95;0;200;0;
11602;6273014;1059401728;21790720;1200013312;0;0;0;0;0;0;0;0;0;0;0;3096;0;0;95;0;200;0;
11603;9714558;1059401728;21790720;1200013312;0;0;0;0;0;0;0;0;0;0;0;4128;0;0;95;0;200;0;
11604;8513967;1059401728;21790720;1200013312;0;0;0;0;0;0;0;0;0;0;0;3196;0;0;95;0;200;0;
11605;9103322;1059401728;21790720;1200013312;0;0;0;0;0;0;0;0;0;0;0;3156;0;0;95;0;200;0;
11606;8130939;1059401728;21790720;1200013312;0;0;0;0;0;0;0;0;0;0;0;3697;0;0;95;0;200;0;
11607;8564100;1059401728;21790720;1200013312;0;0;0;0;0;0;0;0;0;0;0;3126;0;0;95;0;200;0;
11608;7958916;1059401728;21790720;1200013312;0;0;0;0;0;0;0;0;0;0;0;2955;0;0;95;0;200;0;
11609;8058002;1059401728;21790720;1200013312;0;0;0;0;0;0;0;0;0;0;0;4368;0;0;95;0;200;0;
11610;6271741;1059401728;21790720;1200013312;0;0;0;0;0;0;0;0;0;0;0;2936;0;0;95;0;200;0;
11611;8587154;1059401728;21790720;1200013312;0;0;0;0;0;0;0;0;0;0;0;3316;0;0;95;0;200;0;
11612;7844662;1059401728;21790720;1200013312;0;0;0;0;0;0;0;0;0;0;0;3477;0;0;95;0;200;0;
11613;10526681;1059401728;21790720;1200013312;0;0;0;0;0;0;0;0;0;0;0;2785;0;0;95;0;200;0;
11614;5235037;1059401728;21790720;1200013312;0;0;0;0;0;0;0;0;0;0;0;3467;0;0;95;0;200;0;
11615;7865761;1059401728;21790720;1200013312;0;0;0;0;0;0;0;0;0;0;0;3737;0;0;95;0;200;0;
11616;8317759;1059401728;21790720;1200013312;0;0;0;0;0;0;0;0;0;0;0;2595;0;0;95;0;200;0;
11617;7474197;1059401728;21790720;1200013312;0;0;0;0;0;0;0;0;0;0;0;3717;0;0;95;0;200;0;
11618;7674883;1059401728;21790720;1200013312;0;0;0;0;0;0;0;0;0;0;0;3477;0;0;95;0;200;0;
11619;8703913;1059401728;21790720;1200013312;0;0;0;0;0;0;0;0;0;0;0;3988;0;0;95;0;200;0;
11620;4926169;1059401728;21790720;1200013312;0;0;0;0;0;0;0;0;0;0;0;3437;0;0;95;0;200;0;
11621;9266408;1059401728;21790720;1200013312;0;0;0;0;0;0;0;0;0;0;0;5009;0;0;95;0;200;0;
11622;5538978;1059401728;21790720;1200013312;0;0;0;0;0;0;0;0;0;0;0;4087;0;0;95;0;200;0;
11623;10454135;1059401728;21790720;1200013312;0;0;0;0;0;0;0;0;0;0;0;97974;0;0;95;0;200;0;
11624;5530031;1059401728;21798912;1200021504;0;0;0;0;0;0;0;0;0;0;0;3287;0;0;95;0;200;0;
11625;9919513;1059401728;21798912;1200021504;0;0;0;0;0;0;0;0;0;0;0;3105;0;0;95;0;200;0;
11626;5221272;1059401728;21798912;1200021504;0;0;0;0;0;0;0;0;0;0;0;3026;0;0;95;0;200;0;
11627;7847317;1059401728;21798912;1200021504;0;0;0;0;0;0;0;0;0;0;0;2555;0;0;95;0;200;0;
11628;5325608;1059401728;21798912;1200021504;0;0;0;0;0;0;0;0;0;0;0;3346;0;0;95;0;200;0;
11629;4952478;1059401728;21798912;1200021504;0;0;0;0;0;0;0;0;0;0;0;2084;0;0;95;0;200;0;
11630;6923364;1059401728;21790720;1200013312;0;0;0;0;0;0;0;0;0;0;0;3326;0;0;95;0;200;0;
11631;6518956;1059401728;21790720;1200013312;0;0;0;0;0;0;0;0;0;0;0;2655;0;0;95;0;200;0;
11632;5535652;1059401728;21790720;1200013312;0;0;0;0;0;0;0;0;0;0;0;2995;0;0;95;0;200;0;
11633;7743452;1059401728;21790720;1200013312;0;0;0;0;0;0;0;0;0;0;0;2996;0;0;95;0;200;0;
11634;7481110;1059401728;21790720;1200013312;0;0;0;0;0;0;0;0;0;0;0;4609;0;0;95;0;200;0;
11635;9320930;1059401728;21790720;1200013312;0;0;0;0;0;0;0;0;0;0;0;3256;0;0;95;0;200;0;
11636;4545845;1059401728;21790720;1200013312;0;0;0;0;0;0;0;0;0;0;0;3587;0;0;95;0;200;0;
11637;6963590;1059401728;21790720;1200013312;0;0;0;0;0;0;0;0;0;0;0;5841;0;0;95;0;200;0;
11638;4294544;1059401728;21790720;1200013312;0;0;0;0;0;0;0;0;0;0;0;2745;0;0;95;0;200;0;
11639;10652367;1059401728;21790720;1200013312;0;0;0;0;0;0;0;0;0;0;0;3496;0;0;95;0;200;0;
11640;3979634;1059401728;21790720;1200013312;0;0;0;0;0;0;0;0;0;0;0;3105;0;0;95;0;200;0;
11641;8291690;1059401728;21790720;1200013312;0;0;0;0;0;0;0;0;0;0;0;3066;0;0;95;0;200;0;
11642;7844151;1059401728;21790720;1200013312;0;0;0;0;0;0;0;0;0;0;0;2785;0;0;95;0;200;0;
11643;7693799;1059401728;21790720;1200013312;0;0;0;0;0;0;0;0;0;0;0;3897;0;0;95;0;200;0;
11644;6167506;1059401728;21790720;1200013312;0;0;0;0;0;0;0;0;0;0;0;3987;0;0;95;0;200;0;
11645;7455442;1059401728;21790720;1200013312;0;0;0;0;0;0;0;0;0;0;0;2535;0;0;95;0;200;0;
11646;8941118;1059401728;21790720;1200013312;0;0;0;0;0;0;0;0;0;0;0;3256;0;0;95;0;200;0;
11647;8155705;1059401728;21790720;1200013312;0;0;0;0;0;0;0;0;0;0;0;2665;0;0;95;0;200;0;
11648;8601662;1059401728;21790720;1200013312;0;0;0;0;0;0;0;0;0;0;0;3978;0;0;95;0;200;0;
11649;10147050;1059401728;21790720;1200013312;0;0;0;0;0;0;0;0;0;0;0;2945;0;0;95;0;200;0;
11650;5173552;1059401728;21790720;1200013312;0;0;0;0;0;0;0;0;0;0;0;3357;0;0;95;0;200;0;
11651;7631502;1059401728;21790720;1200013312;0;0;0;0;0;0;0;0;0;0;0;3286;0;0;95;0;200;0;
11652;4753244;1059401728;21790720;1200013312;0;0;0;0;0;0;0;0;0;0;0;3056;0;0;95;0;200;0;
11653;4954111;1059401728;21790720;1200013312;0;0;0;0;0;0;0;0;0;0;0;2294;0;0;95;0;200;0;
11654;5294249;1059401728;21790720;1200013312;0;0;0;0;0;0;0;0;0;0;0;3487;0;0;95;0;200;0;
11655;7301463;1059401728;21790720;1200013312;0;0;0;0;0;0;0;0;0;0;0;3767;0;0;95;0;200;0;
11656;5884566;1059401728;21790720;1200013312;0;0;0;0;0;0;0;0;0;0;0;2825;0;0;95;0;200;0;
11657;5322502;1059401728;21790720;1200013312;0;0;0;0;0;0;0;0;0;0;0;2735;0;0;95;0;200;0;
11658;7770272;1059401728;21790720;1200013312;0;0;0;0;0;0;0;0;0;0;0;3146;0;0;95;0;200;0;
11659;5989823;1059401728;21790720;1200013312;0;0;0;0;0;0;0;0;0;0;0;2104;0;0;95;0;200;0;
11660;9564978;1059401728;21790720;1200013312;0;0;0;0;0;0;0;0;0;0;0;3437;0;0;95;0;200;0;
11661;8693373;1059401728;21790720;1200013312;0;0;0;0;0;0;0;0;0;0;0;2094;0;0;95;0;200;0;
11662;5663401;1059401728;21790720;1200013312;0;0;0;0;0;0;0;0;0;0;0;3497;0;0;95;0;200;0;
11663;7896068;1059401728;21790720;1200013312;0;0;0;0;0;0;0;0;0;0;0;4148;0;0;95;0;200;0;
11664;4312848;1059401728;21790720;1200013312;0;0;0;0;0;0;0;0;0;0;0;3296;0;0;95;0;200;0;
11665;6847662;1059401728;21790720;1200013312;0;0;0;0;0;0;0;0;0;0;0;2154;0;0;95;0;200;0;
11666;6275900;1059401728;21790720;1200013312;0;0;0;0;0;0;0;0;0;0;0;3366;0;0;95;0;200;0;
11667;8066959;1059401728;21790720;1200013312;0;0;0;0;0;0;0;0;0;0;0;2715;0;0;95;0;200;0;
11668;6668496;1059401728;21790720;1200013312;0;0;0;0;0;0;0;0;0;0;0;3316;0;0;95;0;200;0;
11669;6957357;1059401728;21790720;1200013312;0;0;0;0;0;0;0;0;0;0;0;3347;0;0;95;0;200;0;
11670;4857199;1059401728;21790720;1200013312;0;0;0;0;0;0;0;0;0;0;0;3476;0;0;95;0;200;0;
11671;7910175;1059401728;21790720;1200013312;0;0;0;0;0;0;0;0;0;0;0;2926;0;0;95;0;200;0;
11672;4509147;1059401728;21790720;1200013312;0;0;0;0;0;0;0;0;0;0;0;2966;0;0;95;0;200;0;
11673;9069148;1059401728;21790720;1200013312;0;0;0;0;0;0;0;0;0;0;0;3286;0;0;95;0;200;0;
11674;5712273;1059401728;21790720;1200013312;0;0;0;0;0;0;0;0;0;0;0;3757;0;0;95;0;200;0;
11675;9241772;1059401728;21790720;1200013312;0;0;0;0;0;0;0;0;0;0;0;3216;0;0;95;0;200;0;
11676;7061793;1059401728;21790720;1200013312;0;0;0;0;0;0;0;0;0;0;0;3266;0;0;95;0;200;0;
11677;8969832;1059401728;21790720;1200013312;0;0;0;0;0;0;0;0;0;0;0;3627;0;0;95;0;200;0;
11678;3898842;1059401728;21790720;1200013312;0;0;0;0;0;0;0;0;0;0;0;2966;0;0;95;0;200;0;
11679;5778537;1059401728;21790720;1200013312;0;0;0;0;0;0;0;0;0;0;0;1763;0;0;95;0;200;0;
11680;4966394;1059401728;21790720;1200013312;0;0;0;0;0;0;0;0;0;0;0;3356;0;0;95;0;200;0;
11681;8344900;1059401728;21790720;1200013312;0;0;0;0;0;0;0;0;0;0;0;2735;0;0;95;0;200;0;
11682;5027007;1059401728;21790720;1200013312;0;0;0;0;0;0;0;0;0;0;0;3587;0;0;95;0;200;0;
11683;8458383;1059401728;21790720;1200013312;0;0;0;0;0;0;0;0;0;0;0;3717;0;0;95;0;200;0;
11684;4289234;1059401728;21790720;1200013312;0;0;0;0;0;0;0;0;0;0;0;2865;0;0;95;0;200;0;
11685;5532456;1059401728;21790720;1200013312;0;0;0;0;0;0;0;0;0;0;0;2294;0;0;95;0;200;0;
11686;5555479;1059401728;21790720;1200013312;0;0;0;0;0;0;0;0;0;0;0;2625;0;0;95;0;200;0;
11687;8310425;1059401728;21790720;1200013312;0;0;0;0;0;0;0;0;0;0;0;2384;0;0;95;0;200;0;
11688;5664744;1059401728;21790720;1200013312;0;0;0;0;0;0;0;0;0;0;0;3156;0;0;95;0;200;0;
11689;9428973;1059401728;21790720;1200013312;0;0;0;0;0;0;0;0;0;0;0;3647;0;0;95;0;200;0;
11690;4997162;1059401728;21790720;1200013312;0;0;0;0;0;0;0;0;0;0;0;2865;0;0;95;0;200;0;
11691;7841886;1059401728;21790720;1200013312;0;0;0;0;0;0;0;0;0;0;0;3286;0;0;95;0;200;0;
11692;3629737;1059401728;21790720;1200013312;0;0;0;0;0;0;0;0;0;0;0;2715;0;0;95;0;200;0;
11693;6844196;1059401728;21790720;1200013312;0;0;0;0;0;0;0;0;0;0;0;2575;0;0;95;0;200;0;
11694;5462003;1059401728;21790720;1200013312;0;0;0;0;0;0;0;0;0;0;0;3166;0;0;95;0;200;0;
11695;5241389;1059401728;21790720;1200013312;0;0;0;0;0;0;0;0;0;0;0;2184;0;0;95;0;200;0;
11696;8391297;1059401728;21790720;1200013312;0;0;0;0;0;0;0;0;0;0;0;2755;0;0;95;0;200;0;
11697;10330313;1059401728;21790720;1200013312;0;0;0;0;0;0;0;0;0;0;0;3777;0;0;95;0;200;0;
11698;5266487;1059401728;21798912;1200021504;0;0;0;0;0;0;0;0;0;0;0;3727;0;0;95;0;200;0;
11699;4830760;1059401728;21798912;1200021504;0;0;0;0;0;0;0;0;0;0;0;2354;0;0;95;0;200;0;
11700;6434187;1059401728;21798912;1200021504;0;0;0;0;0;0;0;0;0;0;0;3096;0;0;95;0;200;0;
11701;7613879;1059401728;21798912;1200021504;0;0;0;0;0;0;0;0;0;0;0;2505;0;0;95;0;200;0;
11702;5343050;1059401728;21798912;1200021504;0;0;0;0;0;0;0;0;0;0;0;3306;0;0;95;0;200;0;
11703;8174310;1059401728;21798912;1200021504;0;0;0;0;0;0;0;0;0;0;0;2876;0;0;95;0;200;0;
11704;6096914;1059401728;21790720;1200013312;0;0;0;0;0;0;0;0;0;0;0;3166;0;0;95;0;200;0;
11705;6763845;1059401728;21790720;1200013312;0;0;0;0;0;0;0;0;0;0;0;3216;0;0;95;0;200;0;
11706;4728638;1059401728;21790720;1200013312;0;0;0;0;0;0;0;0;0;0;0;2725;0;0;95;0;200;0;
11707;7506057;1059401728;21790720;1200013312;0;0;0;0;0;0;0;0;0;0;0;2905;0;0;95;0;200;0;
11708;4907844;1059401728;21790720;1200013312;0;0;0;0;0;0;0;0;0;0;0;3888;0;0;95;0;200;0;
11709;8700637;1059401728;21790720;1200013312;0;0;0;0;0;0;0;0;0;0;0;2484;0;0;95;0;200;0;
11710;3195533;1059401728;21790720;1200013312;0;0;0;0;0;0;0;0;0;0;0;4168;0;0;95;0;200;0;
11711;7633295;1059401728;21790720;1200013312;0;0;0;0;0;0;0;0;0;0;0;3256;0;0;95;0;200;0;
11712;7161070;1059401728;21790720;1200013312;0;0;0;0;0;0;0;0;0;0;0;3977;0;0;95;0;200;0;
11713;6563529;1059401728;21790720;1200013312;0;0;0;0;0;0;0;0;0;0;0;2565;0;0;95;0;200;0;
11714;5973652;1059401728;21790720;1200013312;0;0;0;0;0;0;0;0;0;0;0;3968;0;0;95;0;200;0;
11715;7529160;1059401728;21790720;1200013312;0;0;0;0;0;0;0;0;0;0;0;3106;0;0;95;0;200;0;
11716;5196465;1059401728;21790720;1200013312;0;0;0;0;0;0;0;0;0;0;0;4378;0;0;95;0;200;0;
11717;7688208;1059401728;21790720;1200013312;0;0;0;0;0;0;0;0;0;0;0;3597;0;0;95;0;200;0;
11718;5405257;1059401728;21790720;1200013312;0;0;0;0;0;0;0;0;0;0;0;3606;0;0;95;0;200;0;
11719;9058879;1059401728;21790720;1200013312;0;0;0;0;0;0;0;0;0;0;0;3336;0;0;95;0;200;0;
11720;5231331;1059401728;21790720;1200013312;0;0;0;0;0;0;0;0;0;0;0;3757;0;0;95;0;200;0;
11721;8153621;1059401728;21790720;1200013312;0;0;0;0;0;0;0;0;0;0;0;3116;0;0;95;0;200;0;
11722;4413697;1059401728;21790720;1200013312;0;0;0;0;0;0;0;0;0;0;0;3947;0;0;95;0;200;0;
11723;5901838;1059401728;21790720;1200013312;0;0;0;0;0;0;0;0;0;0;0;2635;0;0;95;0;200;0;
11724;6337565;1059401728;21790720;1200013312;0;0;0;0;0;0;0;0;0;0;0;4338;0;0;95;0;200;0;
11725;9797223;1059401728;21790720;1200013312;0;0;0;0;0;0;0;0;0;0;0;3176;0;0;95;0;200;0;
11726;7458517;1059401728;21790720;1200013312;0;0;0;0;0;0;0;0;0;0;0;2645;0;0;95;0;200;0;
11727;7105275;1059401728;21790720;1200013312;0;0;0;0;0;0;0;0;0;0;0;2625;0;0;95;0;200;0;
11728;4330792;1059401728;21790720;1200013312;0;0;0;0;0;0;0;0;0;0;0;3106;0;0;95;0;200;0;
11729;7128949;1059401728;21790720;1200013312;0;0;0;0;0;0;0;0;0;0;0;2996;0;0;95;0;200;0;
11730;6240373;1059401728;21790720;1200013312;0;0;0;0;0;0;0;0;0;0;0;3256;0;0;95;0;200;0;
11731;8527562;1059401728;21790720;1200013312;0;0;0;0;0;0;0;0;0;0;0;3476;0;0;95;0;200;0;
11732;5936734;1059401728;21790720;1200013312;0;0;0;0;0;0;0;0;0;0;0;3366;0;0;95;0;200;0;
11733;7402392;1059401728;21790720;1200013312;0;0;0;0;0;0;0;0;0;0;0;2895;0;0;95;0;200;0;
11734;5754502;1059401728;21790720;1200013312;0;0;0;0;0;0;0;0;0;0;0;3356;0;0;95;0;200;0;
11735;9529030;1059401728;21790720;1200013312;0;0;0;0;0;0;0;0;0;0;0;2595;0;0;95;0;200;0;
11736;6386507;1059401728;21790720;1200013312;0;0;0;0;0;0;0;0;0;0;0;4318;0;0;95;0;200;0;
11737;8206500;1059401728;21790720;1200013312;0;0;0;0;0;0;0;0;0;0;0;2575;0;0;95;0;200;0;
11738;6176924;1059401728;21790720;1200013312;0;0;0;0;0;0;0;0;0;0;0;3727;0;0;95;0;200;0;
11739;8846019;1059401728;21790720;1200013312;0;0;0;0;0;0;0;0;0;0;0;8146;0;0;95;0;200;0;
11740;5608348;1059401728;21790720;1200013312;0;0;0;0;0;0;0;0;0;0;0;2755;0;0;95;0;200;0;
11741;7381473;1059401728;21790720;1200013312;0;0;0;0;0;0;0;0;0;0;0;3266;0;0;95;0;200;0;
11742;6539875;1059401728;21790720;1200013312;0;0;0;0;0;0;0;0;0;0;0;2986;0;0;95;0;200;0;
11743;8223312;1059401728;21790720;1200013312;0;0;0;0;0;0;0;0;0;0;0;3086;0;0;95;0;200;0;
11744;6040889;1059401728;21790720;1200013312;0;0;0;0;0;0;0;0;0;0;0;3347;0;0;95;0;200;0;
11745;7810388;1059401728;21790720;1200013312;0;0;0;0;0;0;0;0;0;0;0;3046;0;0;95;0;200;0;
11746;5360443;1059401728;21790720;1200013312;0;0;0;0;0;0;0;0;0;0;0;4218;0;0;95;0;200;0;
11747;8032644;1059401728;21790720;1200013312;0;0;0;0;0;0;0;0;0;0;0;3276;0;0;95;0;200;0;
11748;6735572;1059401728;21790720;1200013312;0;0;0;0;0;0;0;0;0;0;0;3316;0;0;95;0;200;0;
11749;6485072;1059401728;21790720;1200013312;0;0;0;0;0;0;0;0;0;0;0;2475;0;0;95;0;200;0;
11750;4913404;1059401728;21790720;1200013312;0;0;0;0;0;0;0;0;0;0;0;2705;0;0;95;0;200;0;
11751;5910595;1059401728;21790720;1200013312;0;0;0;0;0;0;0;0;0;0;0;2004;0;0;95;0;200;0;
11752;4633710;1059401728;21790720;1200013312;0;0;0;0;0;0;0;0;0;0;0;3396;0;0;95;0;200;0;
11753;6523474;1059401728;21790720;1200013312;0;0;0;0;0;0;0;0;0;0;0;2033;0;0;95;0;200;0;
11754;3957271;1059401728;21790720;1200013312;0;0;0;0;0;0;0;0;0;0;0;2394;0;0;95;0;200;0;
11755;8267695;1059401728;21790720;1200013312;0;0;0;0;0;0;0;0;0;0;0;2845;0;0;95;0;200;0;
11756;3813973;1059401728;21790720;1200013312;0;0;0;0;0;0;0;0;0;0;0;2896;0;0;95;0;200;0;
11757;8676622;1059401728;21790720;1200013312;0;0;0;0;0;0;0;0;0;0;0;2936;0;0;95;0;200;0;
11758;3516054;1059401728;21790720;1200013312;0;0;0;0;0;0;0;0;0;0;0;2645;0;0;95;0;200;0;
11759;7000378;1059401728;21790720;1200013312;0;0;0;0;0;0;0;0;0;0;0;3005;0;0;95;0;200;0;
11760;4967816;1059401728;21790720;1200013312;0;0;0;0;0;0;0;0;0;0;0;3266;0;0;95;0;200;0;
11761;6799121;1059401728;21790720;1200013312;0;0;0;0;0;0;0;0;0;0;0;2604;0;0;95;0;200;0;
11762;5493993;1059401728;21790720;1200013312;0;0;0;0;0;0;0;0;0;0;0;3266;0;0;95;0;200;0;
11763;7061052;1059401728;21790720;1200013312;0;0;0;0;0;0;0;0;0;0;0;2885;0;0;95;0;200;0;
11764;3702814;1059401728;21790720;1200013312;0;0;0;0;0;0;0;0;0;0;0;3166;0;0;95;0;200;0;
11765;5450492;1059401728;21790720;1200013312;0;0;0;0;0;0;0;0;0;0;0;3737;0;0;95;0;200;0;
11766;3725667;1059401728;21790720;1200013312;0;0;0;0;0;0;0;0;0;0;0;4519;0;0;95;0;200;0;
11767;5764470;1059401728;21790720;1200013312;0;0;0;0;0;0;0;0;0;0;0;2355;0;0;95;0;200;0;
11768;8098257;1059401728;21790720;1200013312;0;0;0;0;0;0;0;0;0;0;0;3697;0;0;95;0;200;0;
11769;8160985;1059401728;21790720;1200013312;0;0;0;0;0;0;0;0;0;0;0;3317;0;0;95;0;200;0;
11770;4593514;1059401728;21790720;1200013312;0;0;0;0;0;0;0;0;0;0;0;2756;0;0;95;0;200;0;
11771;7091820;1059401728;21790720;1200013312;0;0;0;0;0;0;0;0;0;0;0;2554;0;0;95;0;200;0;
11772;5971389;1059401728;21790720;1200013312;0;0;0;0;0;0;0;0;0;0;0;3697;0;0;95;0;200;0;
11773;5883434;1059401728;21790720;1200013312;0;0;0;0;0;0;0;0;0;0;0;3636;0;0;95;0;200;0;
11774;6423597;1059401728;21790720;1200013312;0;0;0;0;0;0;0;0;0;0;0;2795;0;0;95;0;200;0;
11775;6936940;1059401728;21790720;1200013312;0;0;0;0;0;0;0;0;0;0;0;1883;0;0;95;0;200;0;
11776;6125147;1059401728;21790720;1200013312;0;0;0;0;0;0;0;0;0;0;0;3256;0;0;95;0;200;0;
11777;6822114;1059401728;21790720;1200013312;0;0;0;0;0;0;0;0;0;0;0;2605;0;0;95;0;200;0;
11778;6255521;1059401728;21790720;1200013312;0;0;0;0;0;0;0;0;0;0;0;3617;0;0;95;0;200;0;
11779;6529245;1059401728;21790720;1200013312;0;0;0;0;0;0;0;0;0;0;0;2244;0;0;95;0;200;0;
11780;4752363;1059401728;21790720;1200013312;0;0;0;0;0;0;0;0;0;0;0;2385;0;0;95;0;200;0;
11781;7814115;1059401728;21790720;1200013312;0;0;0;0;0;0;0;0;0;0;0;3035;0;0;95;0;200;0;
11782;4607982;1059401728;21790720;1200013312;0;0;0;0;0;0;0;0;0;0;0;3056;0;0;95;0;200;0;
11783;5980255;1059401728;21790720;1200013312;0;0;0;0;0;0;0;0;0;0;0;2154;0;0;95;0;200;0;
11784;4453783;1059401728;21790720;1200013312;0;0;0;0;0;0;0;0;0;0;0;3156;0;0;95;0;200;0;
11785;8034167;1059401728;21790720;1200013312;0;0;0;0;0;0;0;0;0;0;0;3156;0;0;95;0;200;0;
11786;3737008;1059401728;21790720;1200013312;0;0;0;0;0;0;0;0;0;0;0;2876;0;0;95;0;200;0;
11787;7312945;1059401728;21790720;1200013312;0;0;0;0;0;0;0;0;0;0;0;2785;0;0;95;0;200;0;
11788;4280949;1059401728;21790720;1200013312;0;0;0;0;0;0;0;0;0;0;0;4438;0;0;95;0;200;0;
11789;7739805;1059401728;21790720;1200013312;0;0;0;0;0;0;0;0;0;0;0;2324;0;0;95;0;200;0;
11790;3493451;1059401728;21790720;1200013312;0;0;0;0;0;0;0;0;0;0;0;3406;0;0;95;0;200;0;
11791;7498503;1059401728;21790720;1200013312;0;0;0;0;0;0;0;0;0;0;0;2996;0;0;95;0;200;0;
11792;3028980;1059401728;21790720;1200013312;0;0;0;0;0;0;0;0;0;0;0;2695;0;0;95;0;200;0;
11793;5890597;1059401728;21790720;1200013312;0;0;0;0;0;0;0;0;0;0;0;2074;0;0;95;0;200;0;
11794;4687551;1059401728;21790720;1200013312;0;0;0;0;0;0;0;0;0;0;0;3256;0;0;95;0;200;0;
11795;4782859;1059401728;21790720;1200013312;0;0;0;0;0;0;0;0;0;0;0;1883;0;0;95;0;200;0;
11796;5638223;1059401728;21790720;1200013312;0;0;0;0;0;0;0;0;0;0;0;2324;0;0;95;0;200;0;
11797;4913305;1059401728;21790720;1200013312;0;0;0;0;0;0;0;0;0;0;0;1723;0;0;95;0;200;0;
11798;5483864;1059401728;21790720;1200013312;0;0;0;0;0;0;0;0;0;0;0;3667;0;0;95;0;200;0;
11799;6485273;1059401728;21790720;1200013312;0;0;0;0;0;0;0;0;0;0;0;2084;0;0;95;0;200;0;
11800;5677478;1059401728;21790720;1200013312;0;0;0;0;0;0;0;0;0;0;0;2776;0;0;95;0;200;0;
11801;6885263;1059401728;21790720;1200013312;0;0;0;0;0;0;0;0;0;0;0;2054;0;0;95;0;200;0;
11802;5050221;1059401728;21790720;1200013312;0;0;0;0;0;0;0;0;0;0;0;3667;0;0;95;0;200;0;
11803;6536599;1059401728;21790720;1200013312;0;0;0;0;0;0;0;0;0;0;0;2705;0;0;95;0;200;0;
11804;5724986;1059401728;21790720;1200013312;0;0;0;0;0;0;0;0;0;0;0;4188;0;0;95;0;200;0;
11805;6456057;1059401728;21790720;1200013312;0;0;0;0;0;0;0;0;0;0;0;2996;0;0;95;0;200;0;
11806;6152287;1059401728;21790720;1200013312;0;0;0;0;0;0;0;0;0;0;0;3095;0;0;95;0;200;0;
11807;8438255;1059401728;21790720;1200013312;0;0;0;0;0;0;0;0;0;0;0;2956;0;0;95;0;200;0;
11808;5785911;1059401728;21790720;1200013312;0;0;0;0;0;0;0;0;0;0;0;8345;0;0;95;0;200;0;
11809;6344257;1059401728;21790720;1200013312;0;0;0;0;0;0;0;0;0;0;0;2114;0;0;95;0;200;0;
11810;6087807;1059401728;21790720;1200013312;0;0;0;0;0;0;0;0;0;0;0;3416;0;0;95;0;200;0;
11811;6881716;1059401728;21790720;1200013312;0;0;0;0;0;0;0;0;0;0;0;2204;0;0;95;0;200;0;
11812;5113590;1059401728;21790720;1200013312;0;0;0;0;0;0;0;0;0;0;0;2705;0;0;95;0;200;0;
11813;7724406;1059401728;21790720;1200013312;0;0;0;0;0;0;0;0;0;0;0;3036;0;0;95;0;200;0;
11814;4475183;1059401728;21790720;1200013312;0;0;0;0;0;0;0;0;0;0;0;3287;0;0;95;0;200;0;
11815;8309754;1059401728;21790720;1200013312;0;0;0;0;0;0;0;0;0;0;0;3527;0;0;95;0;200;0;
11816;4650551;1059401728;21790720;1200013312;0;0;0;0;0;0;0;0;0;0;0;3687;0;0;95;0;200;0;
11817;6890241;1059401728;21790720;1200013312;0;0;0;0;0;0;0;0;0;0;0;3186;0;0;95;0;200;0;
11818;3652049;1059401728;21790720;1200013312;0;0;0;0;0;0;0;0;0;0;0;2956;0;0;95;0;200;0;
11819;7185716;1059401728;21790720;1200013312;0;0;0;0;0;0;0;0;0;0;0;2926;0;0;95;0;200;0;
11820;2995567;1059401728;21790720;1200013312;0;0;0;0;0;0;0;0;0;0;0;3156;0;0;95;0;200;0;
11821;8226528;1059401728;21790720;1200013312;0;0;0;0;0;0;0;0;0;0;0;2846;0;0;95;0;200;0;
11822;3822358;1059401728;21790720;1200013312;0;0;0;0;0;0;0;0;0;0;0;3286;0;0;95;0;200;0;
11823;7184654;1059401728;21790720;1200013312;0;0;0;0;0;0;0;0;0;0;0;2424;0;0;95;0;200;0;
11824;4850426;1059401728;21790720;1200013312;0;0;0;0;0;0;0;0;0;0;0;3878;0;0;95;0;200;0;
11825;5260025;1059401728;21790720;1200013312;0;0;0;0;0;0;0;0;0;0;0;2585;0;0;95;0;200;0;
11826;5548826;1059401728;21790720;1200013312;0;0;0;0;0;0;0;0;0;0;0;3246;0;0;95;0;200;0;
11827;6228831;1059401728;21790720;1200013312;0;0;0;0;0;0;0;0;0;0;0;2364;0;0;95;0;200;0;
11828;4481234;1059401728;21790720;1200013312;0;0;0;0;0;0;0;0;0;0;0;3807;0;0;95;0;200;0;
11829;6376609;1059401728;21790720;1200013312;0;0;0;0;0;0;0;0;0;0;0;2114;0;0;95;0;200;0;
11830;3668660;1059401728;21790720;1200013312;0;0;0;0;0;0;0;0;0;0;0;2725;0;0;95;0;200;0;
11831;6249250;1059401728;21790720;1200013312;0;0;0;0;0;0;0;0;0;0;0;2404;0;0;95;0;200;0;
11832;4970111;1059401728;21790720;1200013312;0;0;0;0;0;0;0;0;0;0;0;2785;0;0;95;0;200;0;
11833;5310639;1059401728;21790720;1200013312;0;0;0;0;0;0;0;0;0;0;0;1814;0;0;95;0;200;0;
11834;4493838;1059401728;21790720;1200013312;0;0;0;0;0;0;0;0;0;0;0;3276;0;0;95;0;200;0;
11835;5911506;1059401728;21790720;1200013312;0;0;0;0;0;0;0;0;0;0;0;1994;0;0;95;0;200;0;
11836;6514567;1059401728;21790720;1200013312;0;0;0;0;0;0;0;0;0;0;0;2685;0;0;95;0;200;0;
11837;7472264;1059401728;21790720;1200013312;0;0;0;0;0;0;0;0;0;0;0;2474;0;0;95;0;200;0;
11838;5603960;1059401728;21790720;1200013312;0;0;0;0;0;0;0;0;0;0;0;2755;0;0;95;0;200;0;
11839;6683965;1059401728;21790720;1200013312;0;0;0;0;0;0;0;0;0;0;0;2284;0;0;95;0;200;0;
11840;4157417;1059401728;21790720;1200013312;0;0;0;0;0;0;0;0;0;0;0;3366;0;0;95;0;200;0;
11841;6199396;1059401728;21790720;1200013312;0;0;0;0;0;0;0;0;0;0;0;2805;0;0;95;0;200;0;
11842;3506826;1059401728;21790720;1200013312;0;0;0;0;0;0;0;0;0;0;0;2976;0;0;95;0;200;0;
11843;7240389;1059401728;21790720;1200013312;0;0;0;0;0;0;0;0;0;0;0;2866;0;0;95;0;200;0;
11844;2886584;1059401728;21790720;1200013312;0;0;0;0;0;0;0;0;0;0;0;2876;0;0;95;0;200;0;
11845;5851984;1059401728;21790720;1200013312;0;0;0;0;0;0;0;0;0;0;0;1783;0;0;95;0;200;0;
11846;4849956;1059401728;21790720;1200013312;0;0;0;0;0;0;0;0;0;0;0;3867;0;0;95;0;200;0;
11847;5034902;1059401728;21790720;1200013312;0;0;0;0;0;0;0;0;0;0;0;2354;0;0;95;0;200;0;
11848;3775821;1059401728;21790720;1200013312;0;0;0;0;0;0;0;0;0;0;0;3467;0;0;95;0;200;0;
11849;7220280;1059401728;21790720;1200013312;0;0;0;0;0;0;0;0;0;0;0;2625;0;0;95;0;200;0;
11850;3624477;1059401728;21790720;1200013312;0;0;0;0;0;0;0;0;0;0;0;3116;0;0;95;0;200;0;
11851;5081189;1059401728;21790720;1200013312;0;0;0;0;0;0;0;0;0;0;0;1693;0;0;95;0;200;0;
11852;4261893;1059401728;21790720;1200013312;0;0;0;0;0;0;0;0;0;0;0;2966;0;0;95;0;200;0;
11853;5117718;1059401728;21790720;1200013312;0;0;0;0;0;0;0;0;0;0;0;2134;0;0;95;0;200;0;
11854;4707378;1059401728;21790720;1200013312;0;0;0;0;0;0;0;0;0;0;0;3307;0;0;95;0;200;0;
11855;6961706;1059401728;21790720;1200013312;0;0;0;0;0;0;0;0;0;0;0;3436;0;0;95;0;200;0;
11856;5287346;1059401728;21790720;1200013312;0;0;0;0;0;0;0;0;0;0;0;4148;0;0;95;0;200;0;
11857;6085412;1059401728;21790720;1200013312;0;0;0;0;0;0;0;0;0;0;0;2445;0;0;95;0;200;0;
11858;4880413;1059401728;21790720;1200013312;0;0;0;0;0;0;0;0;0;0;0;3677;0;0;95;0;200;0;
11859;5766445;1059401728;21790720;1200013312;0;0;0;0;0;0;0;0;0;0;0;2685;0;0;95;0;200;0;
11860;4486384;1059401728;21790720;1200013312;0;0;0;0;0;0;0;0;0;0;0;2675;0;0;95;0;200;0;
11861;11179085;1059401728;21790720;1200013312;0;0;0;0;0;0;0;0;0;0;0;1794;0;0;95;0;200;0;
11862;5856854;1059401728;21790720;1200013312;0;0;0;0;0;0;0;0;0;0;0;3196;0;0;95;0;200;0;
11863;7719206;1059401728;21790720;1200013312;0;0;0;0;0;0;0;0;0;0;0;3206;0;0;95;0;200;0;
11864;6067219;1059401728;21790720;1200013312;0;0;0;0;0;0;0;0;0;0;0;5069;0;0;95;0;200;0;
11865;8450378;1059401728;21790720;1200013312;0;0;0;0;0;0;0;0;0;0;0;3366;0;0;95;0;200;0;
11866;5012150;1059401728;21790720;1200013312;0;0;0;0;0;0;0;0;0;0;0;2886;0;0;95;0;200;0;
11867;5327601;1059401728;21790720;1200013312;0;0;0;0;0;0;0;0;0;0;0;2675;0;0;95;0;200;0;
11868;4258015;1059401728;21790720;1200013312;0;0;0;0;0;0;0;0;0;0;0;3066;0;0;95;0;200;0;
11869;5093713;1059401728;21790720;1200013312;0;0;0;0;0;0;0;0;0;0;0;2365;0;0;95;0;200;0;
11870;5184153;1059401728;21790720;1200013312;0;0;0;0;0;0;0;0;0;0;0;3667;0;0;95;0;200;0;
11871;7700181;1059401728;21790720;1200013312;0;0;0;0;0;0;0;0;0;0;0;3277;0;0;95;0;200;0;
11872;5893723;1059401728;21790720;1200013312;0;0;0;0;0;0;0;0;0;0;0;2786;0;0;95;0;200;0;
11873;7157072;1059401728;21790720;1200013312;0;0;0;0;0;0;0;0;0;0;0;2064;0;0;95;0;200;0;
11874;5240448;1059401728;21790720;1200013312;0;0;0;0;0;0;0;0;0;0;0;3396;0;0;95;0;200;0;
11875;6973237;1059401728;21790720;1200013312;0;0;0;0;0;0;0;0;0;0;0;3427;0;0;95;0;200;0;
11876;4352393;1059401728;21790720;1200013312;0;0;0;0;0;0;0;0;0;0;0;4278;0;0;95;0;200;0;
11877;5568303;1059401728;21790720;1200013312;0;0;0;0;0;0;0;0;0;0;0;3536;0;0;95;0;200;0;
11878;6089149;1059401728;21790720;1200013312;0;0;0;0;0;0;0;0;0;0;0;3547;0;0;95;0;200;0;
11879;5650887;1059401728;21790720;1200013312;0;0;0;0;0;0;0;0;0;0;0;2786;0;0;95;0;200;0;
11880;6256573;1059401728;21790720;1200013312;0;0;0;0;0;0;0;0;0;0;0;4278;0;0;95;0;200;0;
11881;6589227;1059401728;21790720;1200013312;0;0;0;0;0;0;0;0;0;0;0;2946;0;0;95;0;200;0;
11882;4713640;1059401728;21790720;1200013312;0;0;0;0;0;0;0;0;0;0;0;3968;0;0;95;0;200;0;
11883;7264093;1059401728;21790720;1200013312;0;0;0;0;0;0;0;0;0;0;0;3626;0;0;95;0;200;0;
11884;2975660;1059401728;21790720;1200013312;0;0;0;0;0;0;0;0;0;0;0;4268;0;0;95;0;200;0;
11885;5463416;1059401728;21790720;1200013312;0;0;0;0;0;0;0;0;0;0;0;2975;0;0;95;0;200;0;
11886;4442331;1059401728;21790720;1200013312;0;0;0;0;0;0;0;0;0;0;0;2846;0;0;95;0;200;0;
11887;5849800;1059401728;21790720;1200013312;0;0;0;0;0;0;0;0;0;0;0;1833;0;0;95;0;200;0;
11888;7129581;1059401728;21790720;1200013312;0;0;0;0;0;0;0;0;0;0;0;3727;0;0;95;0;200;0;
11889;6222620;1059401728;21790720;1200013312;0;0;0;0;0;0;0;0;0;0;0;2335;0;0;95;0;200;0;
11890;5012600;1059401728;21790720;1200013312;0;0;0;0;0;0;0;0;0;0;0;3227;0;0;95;0;200;0;
11891;6550244;1059401728;21790720;1200013312;0;0;0;0;0;0;0;0;0;0;0;2425;0;0;95;0;200;0;
11892;5300180;1059401728;21790720;1200013312;0;0;0;0;0;0;0;0;0;0;0;3707;0;0;95;0;200;0;
11893;7083013;1059401728;21790720;1200013312;0;0;0;0;0;0;0;0;0;0;0;3827;0;0;95;0;200;0;
11894;5255155;1059401728;21790720;1200013312;0;0;0;0;0;0;0;0;0;0;0;3386;0;0;95;0;200;0;
11895;7729005;1059401728;21790720;1200013312;0;0;0;0;0;0;0;0;0;0;0;3307;0;0;95;0;200;0;
11896;5218787;1059401728;21790720;1200013312;0;0;0;0;0;0;0;0;0;0;0;3427;0;0;95;0;200;0;
11897;7642322;1059401728;21790720;1200013312;0;0;0;0;0;0;0;0;0;0;0;2715;0;0;95;0;200;0;
11898;5408263;1059401728;21790720;1200013312;0;0;0;0;0;0;0;0;0;0;0;2786;0;0;95;0;200;0;
11899;8261604;1059401728;21790720;1200013312;0;0;0;0;0;0;0;0;0;0;0;2915;0;0;95;0;200;0;
11900;3607555;1059401728;21790720;1200013312;0;0;0;0;0;0;0;0;0;0;0;3236;0;0;95;0;200;0;
11901;7499214;1059401728;21790720;1200013312;0;0;0;0;0;0;0;0;0;0;0;2284;0;0;95;0;200;0;
11902;4757051;1059401728;21790720;1200013312;0;0;0;0;0;0;0;0;0;0;0;3777;0;0;95;0;200;0;
11903;8026543;1059401728;21790720;1200013312;0;0;0;0;0;0;0;0;0;0;0;2855;0;0;95;0;200;0;
11904;3294779;1059401728;21790720;1200013312;0;0;0;0;0;0;0;0;0;0;0;3186;0;0;95;0;200;0;
11905;6124666;1059401728;21790720;1200013312;0;0;0;0;0;0;0;0;0;0;0;3196;0;0;95;0;200;0;
11906;4839075;1059401728;21790720;1200013312;0;0;0;0;0;0;0;0;0;0;0;3116;0;0;95;0;200;0;
11907;5790038;1059401728;21790720;1200013312;0;0;0;0;0;0;0;0;0;0;0;2214;0;0;95;0;200;0;
11908;5418993;1059401728;21790720;1200013312;0;0;0;0;0;0;0;0;0;0;0;2925;0;0;95;0;200;0;
11909;7402482;1059401728;21790720;1200013312;0;0;0;0;0;0;0;0;0;0;0;2234;0;0;95;0;200;0;
11910;4988405;1059401728;21790720;1200013312;0;0;0;0;0;0;0;0;0;0;0;2525;0;0;95;0;200;0;
11911;5410076;1059401728;21790720;1200013312;0;0;0;0;0;0;0;0;0;0;0;2715;0;0;95;0;200;0;
11912;5362868;1059401728;21790720;1200013312;0;0;0;0;0;0;0;0;0;0;0;4418;0;0;95;0;200;0;
11913;6840739;1059401728;21790720;1200013312;0;0;0;0;0;0;0;0;0;0;0;3356;0;0;95;0;200;0;
11914;5043368;1059401728;21790720;1200013312;0;0;0;0;0;0;0;0;0;0;0;2776;0;0;95;0;200;0;
11915;5736629;1059401728;21790720;1200013312;0;0;0;0;0;0;0;0;0;0;0;2845;0;0;95;0;200;0;
11916;5322762;1059401728;21790720;1200013312;0;0;0;0;0;0;0;0;0;0;0;2735;0;0;95;0;200;0;
11917;6571874;1059401728;21790720;1200013312;0;0;0;0;0;0;0;0;0;0;0;2204;0;0;95;0;200;0;
11918;5151451;1059401728;21790720;1200013312;0;0;0;0;0;0;0;0;0;0;0;3927;0;0;95;0;200;0;
11919;5966830;1059401728;21790720;1200013312;0;0;0;0;0;0;0;0;0;0;0;3156;0;0;95;0;200;0;
11920;4653858;1059401728;21790720;1200013312;0;0;0;0;0;0;0;0;0;0;0;3626;0;0;95;0;200;0;
11921;6760939;1059401728;21790720;1200013312;0;0;0;0;0;0;0;0;0;0;0;3657;0;0;95;0;200;0;
11922;4422905;1059401728;21790720;1200013312;0;0;0;0;0;0;0;0;0;0;0;2745;0;0;95;0;200;0;
11923;6245572;1059401728;21790720;1200013312;0;0;0;0;0;0;0;0;0;0;0;2635;0;0;95;0;200;0;
11924;4369865;1059401728;21790720;1200013312;0;0;0;0;0;0;0;0;0;0;0;3838;0;0;95;0;200;0;
11925;6017996;1059401728;21790720;1200013312;0;0;0;0;0;0;0;0;0;0;0;1923;0;0;95;0;200;0;
11926;10388473;1059401728;21790720;1200013312;0;0;0;0;0;0;0;0;0;0;0;4429;0;0;95;0;200;0;
11927;9192690;1059401728;21790720;1200013312;0;0;0;0;0;0;0;0;0;0;0;4548;0;0;95;0;200;0;
11928;5568683;1059401728;21790720;1200013312;0;0;0;0;0;0;0;0;0;0;0;3727;0;0;95;0;200;0;
11929;10450348;1059401728;21790720;1200013312;0;0;0;0;0;0;0;0;0;0;0;3737;0;0;95;0;200;0;
11930;7910475;1059401728;21790720;1200013312;0;0;0;0;0;0;0;0;0;0;0;3025;0;0;95;0;200;0;
11931;8550886;1059401728;21790720;1200013312;0;0;0;0;0;0;0;0;0;0;0;3125;0;0;95;0;200;0;
11932;6418648;1059401728;21790720;1200013312;0;0;0;0;0;0;0;0;0;0;0;3416;0;0;95;0;200;0;
11933;6739048;1059401728;21790720;1200013312;0;0;0;0;0;0;0;0;0;0;0;4839;0;0;95;0;200;0;
11934;3721449;1059401728;21790720;1200013312;0;0;0;0;0;0;0;0;0;0;0;4078;0;0;95;0;200;0;
11935;8534866;1059401728;21790720;1200013312;0;0;0;0;0;0;0;0;0;0;0;2995;0;0;95;0;200;0;
11936;4615757;1059401728;21790720;1200013312;0;0;0;0;0;0;0;0;0;0;0;3086;0;0;95;0;200;0;
11937;8283033;1059401728;21790720;1200013312;0;0;0;0;0;0;0;0;0;0;0;3366;0;0;95;0;200;0;
11938;4618572;1059401728;21790720;1200013312;0;0;0;0;0;0;0;0;0;0;0;3276;0;0;95;0;200;0;
11939;6026272;1059401728;21790720;1200013312;0;0;0;0;0;0;0;0;0;0;0;2745;0;0;95;0;200;0;
11940;4395333;1059401728;21790720;1200013312;0;0;0;0;0;0;0;0;0;0;0;3046;0;0;95;0;200;0;
11941;6549202;1059401728;21790720;1200013312;0;0;0;0;0;0;0;0;0;0;0;3647;0;0;95;0;200;0;
11942;5755754;1059401728;21790720;1200013312;0;0;0;0;0;0;0;0;0;0;0;4098;0;0;95;0;200;0;
11943;6586112;1059401728;21790720;1200013312;0;0;0;0;0;0;0;0;0;0;0;2715;0;0;95;0;200;0;
11944;4156786;1059401728;21790720;1200013312;0;0;0;0;0;0;0;0;0;0;0;2906;0;0;95;0;200;0;
11945;4812335;1059401728;21790720;1200013312;0;0;0;0;0;0;0;0;0;0;0;2755;0;0;95;0;200;0;
11946;5128568;1059401728;21790720;1200013312;0;0;0;0;0;0;0;0;0;0;0;3176;0;0;95;0;200;0;
11947;5424894;1059401728;21790720;1200013312;0;0;0;0;0;0;0;0;0;0;0;2405;0;0;95;0;200;0;
11948;3561920;1059401728;21790720;1200013312;0;0;0;0;0;0;0;0;0;0;0;3226;0;0;95;0;200;0;
11949;5886479;1059401728;21790720;1200013312;0;0;0;0;0;0;0;0;0;0;0;2275;0;0;95;0;200;0;
11950;4243959;1059401728;21790720;1200013312;0;0;0;0;0;0;0;0;0;0;0;3837;0;0;95;0;200;0;
11951;6381728;1059401728;21790720;1200013312;0;0;0;0;0;0;0;0;0;0;0;2174;0;0;95;0;200;0;
11952;4616788;1059401728;21790720;1200013312;0;0;0;0;0;0;0;0;0;0;0;2906;0;0;95;0;200;0;
11953;7289080;1059401728;21790720;1200013312;0;0;0;0;0;0;0;0;0;0;0;1833;0;0;95;0;200;0;
11954;4062819;1059401728;21790720;1200013312;0;0;0;0;0;0;0;0;0;0;0;2785;0;0;95;0;200;0;
11955;6419820;1059401728;21790720;1200013312;0;0;0;0;0;0;0;0;0;0;0;2525;0;0;95;0;200;0;
11956;4790223;1059401728;21790720;1200013312;0;0;0;0;0;0;0;0;0;0;0;3577;0;0;95;0;200;0;
11957;7201575;1059401728;21790720;1200013312;0;0;0;0;0;0;0;0;0;0;0;2465;0;0;95;0;200;0;
11958;4452650;1059401728;21790720;1200013312;0;0;0;0;0;0;0;0;0;0;0;4148;0;0;95;0;200;0;
11959;6699494;1059401728;21790720;1200013312;0;0;0;0;0;0;0;0;0;0;0;2064;0;0;95;0;200;0;
11960;6739168;1059401728;21790720;1200013312;0;0;0;0;0;0;0;0;0;0;0;3727;0;0;95;0;200;0;
11961;5893953;1059401728;21790720;1200013312;0;0;0;0;0;0;0;0;0;0;0;1813;0;0;95;0;200;0;
11962;5224468;1059401728;21790720;1200013312;0;0;0;0;0;0;0;0;0;0;0;3837;0;0;95;0;200;0;
11963;6013217;1059401728;21790720;1200013312;0;0;0;0;0;0;0;0;0;0;0;2354;0;0;95;0;200;0;
11964;4375185;1059401728;21790720;1200013312;0;0;0;0;0;0;0;0;0;0;0;3126;0;0;95;0;200;0;
11965;5515443;1059401728;21790720;1200013312;0;0;0;0;0;0;0;0;0;0;0;2635;0;0;95;0;200;0;
11966;3976607;1059401728;21790720;1200013312;0;0;0;0;0;0;0;0;0;0;0;3437;0;0;95;0;200;0;
11967;5293678;1059401728;21790720;1200013312;0;0;0;0;0;0;0;0;0;0;0;2474;0;0;95;0;200;0;
11968;4591400;1059401728;21790720;1200013312;0;0;0;0;0;0;0;0;0;0;0;3126;0;0;95;0;200;0;
11969;7231732;1059401728;21790720;1200013312;0;0;0;0;0;0;0;0;0;0;0;2134;0;0;95;0;200;0;
11970;4632207;1059401728;21790720;1200013312;0;0;0;0;0;0;0;0;0;0;0;3437;0;0;95;0;200;0;
11971;6935146;1059401728;21790720;1200013312;0;0;0;0;0;0;0;0;0;0;0;3066;0;0;95;0;200;0;
11972;3660444;1059401728;21790720;1200013312;0;0;0;0;0;0;0;0;0;0;0;3887;0;0;95;0;200;0;
11973;5987148;1059401728;21790720;1200013312;0;0;0;0;0;0;0;0;0;0;0;2485;0;0;95;0;200;0;
11974;4271200;1059401728;21790720;1200013312;0;0;0;0;0;0;0;0;0;0;0;2985;0;0;95;0;200;0;
11975;4978987;1059401728;21790720;1200013312;0;0;0;0;0;0;0;0;0;0;0;1813;0;0;95;0;200;0;
11976;6020541;1059401728;21790720;1200013312;0;0;0;0;0;0;0;0;0;0;0;3427;0;0;95;0;200;0;
11977;7439001;1059401728;21790720;1200013312;0;0;0;0;0;0;0;0;0;0;0;2715;0;0;95;0;200;0;
11978;4349998;1059401728;21790720;1200013312;0;0;0;0;0;0;0;0;0;0;0;3146;0;0;95;0;200;0;
11979;6594597;1059401728;21790720;1200013312;0;0;0;0;0;0;0;0;0;0;0;2434;0;0;95;0;200;0;
11980;5089184;1059401728;21790720;1200013312;0;0;0;0;0;0;0;0;0;0;0;3717;0;0;95;0;200;0;
11981;6290747;1059401728;21790720;1200013312;0;0;0;0;0;0;0;0;0;0;0;3767;0;0;95;0;200;0;
11982;3401099;1059401728;21790720;1200013312;0;0;0;0;0;0;0;0;0;0;0;3296;0;0;95;0;200;0;
11983;6097866;1059401728;21790720;1200013312;0;0;0;0;0;0;0;0;0;0;0;2846;0;0;95;0;200;0;
11984;4659849;1059401728;21790720;1200013312;0;0;0;0;0;0;0;0;0;0;0;3286;0;0;95;0;200;0;
11985;5791882;1059401728;21790720;1200013312;0;0;0;0;0;0;0;0;0;0;0;1994;0;0;95;0;200;0;
11986;4852320;1059401728;21790720;1200013312;0;0;0;0;0;0;0;0;0;0;0;3466;0;0;95;0;200;0;
11987;5878485;1059401728;21790720;1200013312;0;0;0;0;0;0;0;0;0;0;0;2164;0;0;95;0;200;0;
11988;5108660;1059401728;21790720;1200013312;0;0;0;0;0;0;0;0;0;0;0;3767;0;0;95;0;200;0;
11989;6389683;1059401728;21790720;1200013312;0;0;0;0;0;0;0;0;0;0;0;3647;0;0;95;0;200;0;
11990;4257284;1059401728;21790720;1200013312;0;0;0;0;0;0;0;0;0;0;0;2965;0;0;95;0;200;0;
11991;8907115;1059401728;21790720;1200013312;0;0;0;0;0;0;0;0;0;0;0;3035;0;0;95;0;200;0;
11992;4001424;1059401728;21790720;1200013312;0;0;0;0;0;0;0;0;0;0;0;3096;0;0;95;0;200;0;
11993;6024198;1059401728;21790720;1200013312;0;0;0;0;0;0;0;0;0;0;0;2715;0;0;95;0;200;0;
11994;5509753;1059401728;21790720;1200013312;0;0;0;0;0;0;0;0;0;0;0;4278;0;0;95;0;200;0;
11995;5408092;1059401728;21790720;1200013312;0;0;0;0;0;0;0;0;0;0;0;2414;0;0;95;0;200;0;
11996;6714382;1059401728;21790720;1200013312;0;0;0;0;0;0;0;0;0;0;0;2955;0;0;95;0;200;0;
11997;6233671;1059401728;21790720;1200013312;0;0;0;0;0;0;0;0;0;0;0;3717;0;0;95;0;200;0;
11998;4868490;1059401728;21790720;1200013312;0;0;0;0;0;0;0;0;0;0;0;3447;0;0;95;0;200;0;
11999;6950806;1059401728;21790720;1200013312;0;0;0;0;0;0;0;0;0;0;0;3105;0;0;95;0;200;0;
12000;3921194;1059401728;21790720;1200013312;0;0;0;0;0;0;0;0;0;0;0;3436;0;0;95;0;200;0;
12001;4903326;1059401728;21790720;1200013312;0;0;0;0;0;0;0;0;0;0;0;2004;0;0;95;0;200;0;
12002;4146036;1059401728;21790720;1200013312;0;0;0;0;0;0;0;0;0;0;0;2776;0;0;95;0;200;0;
12003;6849054;1059401728;21790720;1200013312;0;0;0;0;0;0;0;0;0;0;0;3166;0;0;95;0;200;0;
12004;4518564;1059401728;21790720;1200013312;0;0;0;0;0;0;0;0;0;0;0;3277;0;0;95;0;200;0;
12005;7235059;1059401728;21790720;1200013312;0;0;0;0;0;0;0;0;0;0;0;2685;0;0;95;0;200;0;
12006;6132561;1059401728;21790720;1200013312;0;0;0;0;0;0;0;0;0;0;0;2685;0;0;95;0;200;0;
12007;6856629;1059401728;21790720;1200013312;0;0;0;0;0;0;0;0;0;0;0;2064;0;0;95;0;200;0;
12008;5292245;1059401728;21790720;1200013312;0;0;0;0;0;0;0;0;0;0;0;3196;0;0;95;0;200;0;
12009;6782921;1059401728;21790720;1200013312;0;0;0;0;0;0;0;0;0;0;0;3036;0;0;95;0;200;0;
12010;4120477;1059401728;21790720;1200013312;0;0;0;0;0;0;0;0;0;0;0;3497;0;0;95;0;200;0;
12011;6495472;1059401728;21790720;1200013312;0;0;0;0;0;0;0;0;0;0;0;4188;0;0;95;0;200;0;
12012;4048472;1059401728;21790720;1200013312;0;0;0;0;0;0;0;0;0;0;0;2955;0;0;95;0;200;0;
12013;7803625;1059401728;21790720;1200013312;0;0;0;0;0;0;0;0;0;0;0;2004;0;0;95;0;200;0;
12014;4079470;1059401728;21790720;1200013312;0;0;0;0;0;0;0;0;0;0;0;2995;0;0;95;0;200;0;
12015;7067614;1059401728;21790720;1200013312;0;0;0;0;0;0;0;0;0;0;0;2455;0;0;95;0;200;0;
12016;4679947;1059401728;21790720;1200013312;0;0;0;0;0;0;0;0;0;0;0;3797;0;0;95;0;200;0;
12017;8321807;1059401728;21790720;1200013312;0;0;0;0;0;0;0;0;0;0;0;3346;0;0;95;0;200;0;
12018;4142769;1059401728;21790720;1200013312;0;0;0;0;0;0;0;0;0;0;0;3547;0;0;95;0;200;0;
12019;6850878;1059401728;21790720;1200013312;0;0;0;0;0;0;0;0;0;0;0;2024;0;0;95;0;200;0;
12020;7582520;1059401728;21790720;1200013312;0;0;0;0;0;0;0;0;0;0;0;3356;0;0;95;0;200;0;
12021;7918219;1059401728;21790720;1200013312;0;0;0;0;0;0;0;0;0;0;0;3798;0;0;95;0;200;0;
12022;6293352;1059401728;21790720;1200013312;0;0;0;0;0;0;0;0;0;0;0;2735;0;0;95;0;200;0;
12023;8006184;1059401728;21790720;1200013312;0;0;0;0;0;0;0;0;0;0;0;3797;0;0;95;0;200;0;
12024;8042874;1059401728;21790720;1200013312;0;0;0;0;0;0;0;0;0;0;0;4248;0;0;95;0;200;0;
12025;5331028;1059401728;21790720;1200013312;0;0;0;0;0;0;0;0;0;0;0;3036;0;0;95;0;200;0;
12026;5848959;1059401728;21790720;1200013312;0;0;0;0;0;0;0;0;0;0;0;3216;0;0;95;0;200;0;
12027;7728073;1059401728;21790720;1200013312;0;0;0;0;0;0;0;0;0;0;0;1844;0;0;95;0;200;0;
12028;4695756;1059401728;21790720;1200013312;0;0;0;0;0;0;0;0;0;0;0;3887;0;0;95;0;200;0;
12029;11939932;1059401728;21790720;1200013312;0;0;0;0;0;0;0;0;0;0;0;1984;0;0;95;0;200;0;
12030;8177887;1059401728;21790720;1200013312;0;0;0;0;0;0;0;0;0;0;0;3837;0;0;95;0;200;0;
12031;8896234;1059401728;21790720;1200013312;0;0;0;0;0;0;0;0;0;0;0;3006;0;0;95;0;200;0;
12032;4599756;1059401728;21798912;1200021504;0;0;0;0;0;0;0;0;0;0;0;3116;0;0;95;0;200;0;
12033;6546016;1059401728;21798912;1200021504;0;0;0;0;0;0;0;0;0;0;0;2485;0;0;95;0;200;0;
12034;6040979;1059401728;21798912;1200021504;0;0;0;0;0;0;0;0;0;0;0;2685;0;0;95;0;200;0;
12035;6647026;1059401728;21798912;1200021504;0;0;0;0;0;0;0;0;0;0;0;3035;0;0;95;0;200;0;
12036;4883078;1059401728;21798912;1200021504;0;0;0;0;0;0;0;0;0;0;0;3597;0;0;95;0;200;0;
12037;6821042;1059401728;21798912;1200021504;0;0;0;0;0;0;0;0;0;0;0;3586;0;0;95;0;200;0;
12038;3225369;1059401728;21790720;1200013312;0;0;0;0;0;0;0;0;0;0;0;3156;0;0;95;0;200;0;
12039;7604802;1059401728;21790720;1200013312;0;0;0;0;0;0;0;0;0;0;0;2675;0;0;95;0;200;0;
12040;4866827;1059401728;21790720;1200013312;0;0;0;0;0;0;0;0;0;0;0;2665;0;0;95;0;200;0;
12041;6095651;1059401728;21790720;1200013312;0;0;0;0;0;0;0;0;0;0;0;2705;0;0;95;0;200;0;
12042;5956501;1059401728;21790720;1200013312;0;0;0;0;0;0;0;0;0;0;0;2665;0;0;95;0;200;0;
12043;6997964;1059401728;21790720;1200013312;0;0;0;0;0;0;0;0;0;0;0;3557;0;0;95;0;200;0;
12044;4597552;1059401728;21790720;1200013312;0;0;0;0;0;0;0;0;0;0;0;3085;0;0;95;0;200;0;
12045;6499469;1059401728;21790720;1200013312;0;0;0;0;0;0;0;0;0;0;0;3146;0;0;95;0;200;0;
12046;3905695;1059401728;21790720;1200013312;0;0;0;0;0;0;0;0;0;0;0;2916;0;0;95;0;200;0;
12047;6122381;1059401728;21790720;1200013312;0;0;0;0;0;0;0;0;0;0;0;2565;0;0;95;0;200;0;
12048;3573432;1059401728;21790720;1200013312;0;0;0;0;0;0;0;0;0;0;0;2955;0;0;95;0;200;0;
12049;6116270;1059401728;21790720;1200013312;0;0;0;0;0;0;0;0;0;0;0;1923;0;0;95;0;200;0;
12050;4569109;1059401728;21790720;1200013312;0;0;0;0;0;0;0;0;0;0;0;3447;0;0;95;0;200;0;
12051;5486800;1059401728;21790720;1200013312;0;0;0;0;0;0;0;0;0;0;0;1984;0;0;95;0;200;0;
12052;5586336;1059401728;21790720;1200013312;0;0;0;0;0;0;0;0;0;0;0;3396;0;0;95;0;200;0;
12053;5200343;1059401728;21790720;1200013312;0;0;0;0;0;0;0;0;0;0;0;2855;0;0;95;0;200;0;
12054;7312594;1059401728;21790720;1200013312;0;0;0;0;0;0;0;0;0;0;0;3577;0;0;95;0;200;0;
12055;5235268;1059401728;21790720;1200013312;0;0;0;0;0;0;0;0;0;0;0;2835;0;0;95;0;200;0;
12056;5041014;1059401728;21790720;1200013312;0;0;0;0;0;0;0;0;0;0;0;3406;0;0;95;0;200;0;
12057;5190404;1059401728;21790720;1200013312;0;0;0;0;0;0;0;0;0;0;0;4038;0;0;95;0;200;0;
12058;5455210;1059401728;21790720;1200013312;0;0;0;0;0;0;0;0;0;0;0;3617;0;0;95;0;200;0;
12059;6653948;1059401728;21790720;1200013312;0;0;0;0;0;0;0;0;0;0;0;2865;0;0;95;0;200;0;
12060;4985390;1059401728;21790720;1200013312;0;0;0;0;0;0;0;0;0;0;0;3497;0;0;95;0;200;0;
12061;7023091;1059401728;21790720;1200013312;0;0;0;0;0;0;0;0;0;0;0;3537;0;0;95;0;200;0;
12062;5833460;1059401728;21790720;1200013312;0;0;0;0;0;0;0;0;0;0;0;3156;0;0;95;0;200;0;
12063;5913049;1059401728;21790720;1200013312;0;0;0;0;0;0;0;0;0;0;0;2134;0;0;95;0;200;0;
12064;7905175;1059401728;21790720;1200013312;0;0;0;0;0;0;0;0;0;0;0;3527;0;0;95;0;200;0;
12065;6783091;1059401728;21790720;1200013312;0;0;0;0;0;0;0;0;0;0;0;2504;0;0;95;0;200;0;
12066;6776017;1059401728;21790720;1200013312;0;0;0;0;0;0;0;0;0;0;0;3536;0;0;95;0;200;0;
12067;7093904;1059401728;21790720;1200013312;0;0;0;0;0;0;0;0;0;0;0;2244;0;0;95;0;200;0;
12068;8069764;1059401728;21790720;1200013312;0;0;0;0;0;0;0;0;0;0;0;4078;0;0;95;0;200;0;
12069;6866377;1059401728;21790720;1200013312;0;0;0;0;0;0;0;0;0;0;0;2384;0;0;95;0;200;0;
12070;5945029;1059401728;21790720;1200013312;0;0;0;0;0;0;0;0;0;0;0;3857;0;0;95;0;200;0;
12071;6060896;1059401728;21790720;1200013312;0;0;0;0;0;0;0;0;0;0;0;2345;0;0;95;0;200;0;
12072;4642386;1059401728;21790720;1200013312;0;0;0;0;0;0;0;0;0;0;0;3827;0;0;95;0;200;0;
12073;9423773;1059401728;21790720;1200013312;0;0;0;0;0;0;0;0;0;0;0;3867;0;0;95;0;200;0;
12074;4967667;1059401728;21790720;1200013312;0;0;0;0;0;0;0;0;0;0;0;4278;0;0;95;0;200;0;
12075;7910606;1059401728;21790720;1200013312;0;0;0;0;0;0;0;0;0;0;0;3346;0;0;95;0;200;0;
12076;4435338;1059401728;21790720;1200013312;0;0;0;0;0;0;0;0;0;0;0;3537;0;0;95;0;200;0;
12077;7938026;1059401728;21790720;1200013312;0;0;0;0;0;0;0;0;0;0;0;2885;0;0;95;0;200;0;
12078;7251609;1059401728;21790720;1200013312;0;0;0;0;0;0;0;0;0;0;0;3306;0;0;95;0;200;0;
12079;7077312;1059401728;21790720;1200013312;0;0;0;0;0;0;0;0;0;0;0;3927;0;0;95;0;200;0;
12080;7881661;1059401728;21790720;1200013312;0;0;0;0;0;0;0;0;0;0;0;2896;0;0;95;0;200;0;
12081;7187159;1059401728;21790720;1200013312;0;0;0;0;0;0;0;0;0;0;0;3596;0;0;95;0;200;0;
12082;6107414;1059401728;21790720;1200013312;0;0;0;0;0;0;0;0;0;0;0;3476;0;0;95;0;200;0;
12083;9037028;1059401728;21790720;1200013312;0;0;0;0;0;0;0;0;0;0;0;3156;0;0;95;0;200;0;
12084;5692124;1059401728;21790720;1200013312;0;0;0;0;0;0;0;0;0;0;0;3497;0;0;95;0;200;0;
12085;6064473;1059401728;21790720;1200013312;0;0;0;0;0;0;0;0;0;0;0;2325;0;0;95;0;200;0;
12086;6879392;1059401728;21790720;1200013312;0;0;0;0;0;0;0;0;0;0;0;2846;0;0;95;0;200;0;
12087;7658042;1059401728;21790720;1200013312;0;0;0;0;0;0;0;0;0;0;0;2615;0;0;95;0;200;0;
12088;7559727;1059401728;21790720;1200013312;0;0;0;0;0;0;0;0;0;0;0;2996;0;0;95;0;200;0;
12089;7990064;1059401728;21790720;1200013312;0;0;0;0;0;0;0;0;0;0;0;2855;0;0;95;0;200;0;
12090;5862184;1059401728;21790720;1200013312;0;0;0;0;0;0;0;0;0;0;0;3617;0;0;95;0;200;0;
12091;7992609;1059401728;21790720;1200013312;0;0;0;0;0;0;0;0;0;0;0;4078;0;0;95;0;200;0;
12092;5603539;1059401728;21790720;1200013312;0;0;0;0;0;0;0;0;0;0;0;4098;0;0;95;0;200;0;
12093;6544834;1059401728;21790720;1200013312;0;0;0;0;0;0;0;0;0;0;0;3066;0;0;95;0;200;0;
12094;6066207;1059401728;21790720;1200013312;0;0;0;0;0;0;0;0;0;0;0;3938;0;0;95;0;200;0;
12095;7528609;1059401728;21790720;1200013312;0;0;0;0;0;0;0;0;0;0;0;3196;0;0;95;0;200;0;
12096;8242988;1059401728;21790720;1200013312;0;0;0;0;0;0;0;0;0;0;0;4037;0;0;95;0;200;0;
12097;5836465;1059401728;21790720;1200013312;0;0;0;0;0;0;0;0;0;0;0;3016;0;0;95;0;200;0;
12098;6895341;1059401728;21790720;1200013312;0;0;0;0;0;0;0;0;0;0;0;4559;0;0;95;0;200;0;
12099;7538187;1059401728;21790720;1200013312;0;0;0;0;0;0;0;0;0;0;0;3477;0;0;95;0;200;0;
12100;6248158;1059401728;21790720;1200013312;0;0;0;0;0;0;0;0;0;0;0;3406;0;0;95;0;200;0;
12101;8917594;1059401728;21790720;1200013312;0;0;0;0;0;0;0;0;0;0;0;4709;0;0;95;0;200;0;
12102;4269798;1059401728;21790720;1200013312;0;0;0;0;0;0;0;0;0;0;0;4819;0;0;95;0;200;0;
12103;8174290;1059401728;21790720;1200013312;0;0;0;0;0;0;0;0;0;0;0;2955;0;0;95;0;200;0;
12104;4709261;1059401728;21790720;1200013312;0;0;0;0;0;0;0;0;0;0;0;6483;0;0;95;0;200;0;
12105;6333738;1059401728;21790720;1200013312;0;0;0;0;0;0;0;0;0;0;0;3015;0;0;95;0;200;0;
12106;6110449;1059401728;21790720;1200013312;0;0;0;0;0;0;0;0;0;0;0;4339;0;0;95;0;200;0;
12107;7249074;1059401728;21790720;1200013312;0;0;0;0;0;0;0;0;0;0;0;3467;0;0;95;0;200;0;
12108;6550234;1059401728;21790720;1200013312;0;0;0;0;0;0;0;0;0;0;0;3877;0;0;95;0;200;0;
12109;7341318;1059401728;21790720;1200013312;0;0;0;0;0;0;0;0;0;0;0;3346;0;0;95;0;200;0;
12110;4765968;1059401728;21790720;1200013312;0;0;0;0;0;0;0;0;0;0;0;3988;0;0;95;0;200;0;
12111;9793787;1059401728;21790720;1200013312;0;0;0;0;0;0;0;0;0;0;0;40356;0;0;95;0;200;0;
12112;5440713;1059401728;21790720;1200013312;0;0;0;0;0;0;0;0;0;0;0;3256;0;0;95;0;200;0;
12113;7734835;1059401728;21790720;1200013312;0;0;0;0;0;0;0;0;0;0;0;3096;0;0;95;0;200;0;
12114;5894785;1059401728;21790720;1200013312;0;0;0;0;0;0;0;0;0;0;0;4027;0;0;95;0;200;0;
12115;8465156;1059401728;21790720;1200013312;0;0;0;0;0;0;0;0;0;0;0;3777;0;0;95;0;200;0;
12116;4725462;1059401728;21790720;1200013312;0;0;0;0;0;0;0;0;0;0;0;3477;0;0;95;0;200;0;
12117;8618073;1059401728;21790720;1200013312;0;0;0;0;0;0;0;0;0;0;0;4017;0;0;95;0;200;0;
12118;5220630;1059401728;21790720;1200013312;0;0;0;0;0;0;0;0;0;0;0;3607;0;0;95;0;200;0;
12119;7361967;1059401728;21790720;1200013312;0;0;0;0;0;0;0;0;0;0;0;3737;0;0;95;0;200;0;
12120;4972796;1059401728;21790720;1200013312;0;0;0;0;0;0;0;0;0;0;0;4108;0;0;95;0;200;0;
12121;7323725;1059401728;21790720;1200013312;0;0;0;0;0;0;0;0;0;0;0;3066;0;0;95;0;200;0;
12122;6534254;1059401728;21790720;1200013312;0;0;0;0;0;0;0;0;0;0;0;4489;0;0;95;0;200;0;
12123;6131458;1059401728;21790720;1200013312;0;0;0;0;0;0;0;0;0;0;0;2986;0;0;95;0;200;0;
12124;5430695;1059401728;21790720;1200013312;0;0;0;0;0;0;0;0;0;0;0;3507;0;0;95;0;200;0;
12125;6743918;1059401728;21790720;1200013312;0;0;0;0;0;0;0;0;0;0;0;3146;0;0;95;0;200;0;
12126;4054965;1059401728;21790720;1200013312;0;0;0;0;0;0;0;0;0;0;0;3617;0;0;95;0;200;0;
12127;7620261;1059401728;21790720;1200013312;0;0;0;0;0;0;0;0;0;0;0;3547;0;0;95;0;200;0;
12128;3617224;1059401728;21790720;1200013312;0;0;0;0;0;0;0;0;0;0;0;3657;0;0;95;0;200;0;
12129;6524596;1059401728;21790720;1200013312;0;0;0;0;0;0;0;0;0;0;0;2665;0;0;95;0;200;0;
12130;6592934;1059401728;21790720;1200013312;0;0;0;0;0;0;0;0;0;0;0;4027;0;0;95;0;200;0;
12131;7604691;1059401728;21790720;1200013312;0;0;0;0;0;0;0;0;0;0;0;3036;0;0;95;0;200;0;
12132;3155488;1059401728;21790720;1200013312;0;0;0;0;0;0;0;0;0;0;0;3426;0;0;95;0;200;0;
12133;6630856;1059401728;21790720;1200013312;0;0;0;0;0;0;0;0;0;0;0;1884;0;0;95;0;200;0;
12134;5022109;1059401728;21790720;1200013312;0;0;0;0;0;0;0;0;0;0;0;3847;0;0;95;0;200;0;
12135;7744144;1059401728;21790720;1200013312;0;0;0;0;0;0;0;0;0;0;0;3006;0;0;95;0;200;0;
12136;5612706;1059401728;21790720;1200013312;0;0;0;0;0;0;0;0;0;0;0;3577;0;0;95;0;200;0;
12137;6350790;1059401728;21790720;1200013312;0;0;0;0;0;0;0;0;0;0;0;2385;0;0;95;0;200;0;
12138;6318460;1059401728;21790720;1200013312;0;0;0;0;0;0;0;0;0;0;0;3937;0;0;95;0;200;0;
12139;7135211;1059401728;21790720;1200013312;0;0;0;0;0;0;0;0;0;0;0;2044;0;0;95;0;200;0;
12140;5079807;1059401728;21790720;1200013312;0;0;0;0;0;0;0;0;0;0;0;2514;0;0;95;0;200;0;
12141;8165343;1059401728;21790720;1200013312;0;0;0;0;0;0;0;0;0;0;0;2775;0;0;95;0;200;0;
12142;5072863;1059401728;21790720;1200013312;0;0;0;0;0;0;0;0;0;0;0;3105;0;0;95;0;200;0;
12143;6304874;1059401728;21790720;1200013312;0;0;0;0;0;0;0;0;0;0;0;2244;0;0;95;0;200;0;
12144;5143426;1059401728;21790720;1200013312;0;0;0;0;0;0;0;0;0;0;0;3777;0;0;95;0;200;0;
12145;5816247;1059401728;21790720;1200013312;0;0;0;0;0;0;0;0;0;0;0;2194;0;0;95;0;200;0;
12146;7086941;1059401728;21790720;1200013312;0;0;0;0;0;0;0;0;0;0;0;3546;0;0;95;0;200;0;
12147;5395318;1059401728;21790720;1200013312;0;0;0;0;0;0;0;0;0;0;0;2094;0;0;95;0;200;0;
12148;5786632;1059401728;21790720;1200013312;0;0;0;0;0;0;0;0;0;0;0;3597;0;0;95;0;200;0;
12149;6302259;1059401728;21790720;1200013312;0;0;0;0;0;0;0;0;0;0;0;2895;0;0;95;0;200;0;
12150;4742023;1059401728;21790720;1200013312;0;0;0;0;0;0;0;0;0;0;0;4689;0;0;95;0;200;0;
12151;7072864;1059401728;21790720;1200013312;0;0;0;0;0;0;0;0;0;0;0;2875;0;0;95;0;200;0;
12152;5487822;1059401728;21790720;1200013312;0;0;0;0;0;0;0;0;0;0;0;3737;0;0;95;0;200;0;
12153;6421342;1059401728;21790720;1200013312;0;0;0;0;0;0;0;0;0;0;0;2866;0;0;95;0;200;0;
12154;4917533;1059401728;21790720;1200013312;0;0;0;0;0;0;0;0;0;0;0;4318;0;0;95;0;200;0;
12155;7117668;1059401728;21790720;1200013312;0;0;0;0;0;0;0;0;0;0;0;2184;0;0;95;0;200;0;
12156;3565496;1059401728;21790720;1200013312;0;0;0;0;0;0;0;0;0;0;0;3396;0;0;95;0;200;0;
12157;10135137;1059401728;21790720;1200013312;0;0;0;0;0;0;0;0;0;0;0;2645;0;0;95;0;200;0;
12158;5217806;1059401728;21790720;1200013312;0;0;0;0;0;0;0;0;0;0;0;3176;0;0;95;0;200;0;
12159;6840689;1059401728;21790720;1200013312;0;0;0;0;0;0;0;0;0;0;0;2886;0;0;95;0;200;0;
12160;4614213;1059401728;21790720;1200013312;0;0;0;0;0;0;0;0;0;0;0;3196;0;0;95;0;200;0;
12161;7884096;1059401728;21790720;1200013312;0;0;0;0;0;0;0;0;0;0;0;2465;0;0;95;0;200;0;
12162;5242241;1059401728;21790720;1200013312;0;0;0;0;0;0;0;0;0;0;0;3537;0;0;95;0;200;0;
12163;5911766;1059401728;21790720;1200013312;0;0;0;0;0;0;0;0;0;0;0;2224;0;0;95;0;200;0;
12164;5997167;1059401728;21790720;1200013312;0;0;0;0;0;0;0;0;0;0;0;3667;0;0;95;0;200;0;
12165;7044341;1059401728;21790720;1200013312;0;0;0;0;0;0;0;0;0;0;0;2264;0;0;95;0;200;0;
12166;6376439;1059401728;21790720;1200013312;0;0;0;0;0;0;0;0;0;0;0;3757;0;0;95;0;200;0;
12167;7453037;1059401728;21790720;1200013312;0;0;0;0;0;0;0;0;0;0;0;2495;0;0;95;0;200;0;
12168;4650722;1059401728;21790720;1200013312;0;0;0;0;0;0;0;0;0;0;0;4248;0;0;95;0;200;0;
12169;5667629;1059401728;21790720;1200013312;0;0;0;0;0;0;0;0;0;0;0;1944;0;0;95;0;200;0;
12170;5995875;1059401728;21790720;1200013312;0;0;0;0;0;0;0;0;0;0;0;5059;0;0;95;0;200;0;
12171;8624585;1059401728;21790720;1200013312;0;0;0;0;0;0;0;0;0;0;0;2435;0;0;95;0;200;0;
12172;5128378;1059401728;21790720;1200013312;0;0;0;0;0;0;0;0;0;0;0;4618;0;0;95;0;200;0;
12173;6681249;1059401728;21790720;1200013312;0;0;0;0;0;0;0;0;0;0;0;2224;0;0;95;0;200;0;
12174;5450121;1059401728;21790720;1200013312;0;0;0;0;0;0;0;0;0;0;0;3146;0;0;95;0;200;0;
12175;8097756;1059401728;21790720;1200013312;0;0;0;0;0;0;0;0;0;0;0;3697;0;0;95;0;200;0;
12176;3810266;1059401728;21790720;1200013312;0;0;0;0;0;0;0;0;0;0;0;3707;0;0;95;0;200;0;
12177;9711844;1059401728;21790720;1200013312;0;0;0;0;0;0;0;0;0;0;0;4609;0;0;95;0;200;0;
12178;6305315;1059401728;21790720;1200013312;0;0;0;0;0;0;0;0;0;0;0;3506;0;0;95;0;200;0;
12179;7217315;1059401728;21790720;1200013312;0;0;0;0;0;0;0;0;0;0;0;2595;0;0;95;0;200;0;
12180;4921790;1059401728;21790720;1200013312;0;0;0;0;0;0;0;0;0;0;0;3526;0;0;95;0;200;0;
12181;7583422;1059401728;21790720;1200013312;0;0;0;0;0;0;0;0;0;0;0;2405;0;0;95;0;200;0;
12182;5915373;1059401728;21790720;1200013312;0;0;0;0;0;0;0;0;0;0;0;2304;0;0;95;0;200;0;
12183;7093393;1059401728;21790720;1200013312;0;0;0;0;0;0;0;0;0;0;0;3116;0;0;95;0;200;0;
12184;5038148;1059401728;21790720;1200013312;0;0;0;0;0;0;0;0;0;0;0;3517;0;0;95;0;200;0;
12185;11344315;1059401728;21790720;1200013312;0;0;0;0;0;0;0;0;0;0;0;3376;0;0;95;0;200;0;
12186;6026322;1059401728;21790720;1200013312;0;0;0;0;0;0;0;0;0;0;0;2555;0;0;95;0;200;0;
12187;8345481;1059401728;21790720;1200013312;0;0;0;0;0;0;0;0;0;0;0;3116;0;0;95;0;200;0;
12188;3590303;1059401728;21790720;1200013312;0;0;0;0;0;0;0;0;0;0;0;2465;0;0;95;0;200;0;
12189;7701413;1059401728;21790720;1200013312;0;0;0;0;0;0;0;0;0;0;0;2955;0;0;95;0;200;0;
12190;5947223;1059401728;21798912;1200021504;0;0;0;0;0;0;0;0;0;0;0;3206;0;0;95;0;200;0;
12191;5257099;1059401728;21798912;1200021504;0;0;0;0;0;0;0;0;0;0;0;1543;0;0;95;0;200;0;
12192;7166189;1059401728;21798912;1200021504;0;0;0;0;0;0;0;0;0;0;0;3266;0;0;95;0;200;0;
12193;5815417;1059401728;21798912;1200021504;0;0;0;0;0;0;0;0;0;0;0;2585;0;0;95;0;200;0;
12194;4739148;1059401728;21798912;1200021504;0;0;0;0;0;0;0;0;0;0;0;3206;0;0;95;0;200;0;
12195;8385106;1059401728;21798912;1200021504;0;0;0;0;0;0;0;0;0;0;0;4579;0;0;95;0;200;0;
12196;6407887;1059401728;21790720;1200013312;0;0;0;0;0;0;0;0;0;0;0;3586;0;0;95;0;200;0;
12197;8109368;1059401728;21790720;1200013312;0;0;0;0;0;0;0;0;0;0;0;2965;0;0;95;0;200;0;
12198;4634972;1059401728;21790720;1200013312;0;0;0;0;0;0;0;0;0;0;0;2955;0;0;95;0;200;0;
12199;9869519;1059401728;21790720;1200013312;0;0;0;0;0;0;0;0;0;0;0;2846;0;0;95;0;200;0;
12200;5998199;1059401728;21790720;1200013312;0;0;0;0;0;0;0;0;0;0;0;3467;0;0;95;0;200;0;
12201;8897907;1059401728;21790720;1200013312;0;0;0;0;0;0;0;0;0;0;0;3507;0;0;95;0;200;0;
12202;4530606;1059401728;21790720;1200013312;0;0;0;0;0;0;0;0;0;0;0;3116;0;0;95;0;200;0;
12203;8387810;1059401728;21790720;1200013312;0;0;0;0;0;0;0;0;0;0;0;3286;0;0;95;0;200;0;
12204;7000569;1059401728;21790720;1200013312;0;0;0;0;0;0;0;0;0;0;0;5921;0;0;95;0;200;0;
12205;8582485;1059401728;21790720;1200013312;0;0;0;0;0;0;0;0;0;0;0;3086;0;0;95;0;200;0;
12206;6851810;1059401728;21790720;1200013312;0;0;0;0;0;0;0;0;0;0;0;3346;0;0;95;0;200;0;
12207;6109117;1059401728;21790720;1200013312;0;0;0;0;0;0;0;0;0;0;0;1754;0;0;95;0;200;0;
12208;6951767;1059401728;21790720;1200013312;0;0;0;0;0;0;0;0;0;0;0;2395;0;0;95;0;200;0;
12209;8026132;1059401728;21790720;1200013312;0;0;0;0;0;0;0;0;0;0;0;2755;0;0;95;0;200;0;
12210;5263871;1059401728;21790720;1200013312;0;0;0;0;0;0;0;0;0;0;0;3206;0;0;95;0;200;0;
12211;5673680;1059401728;21790720;1200013312;0;0;0;0;0;0;0;0;0;0;0;2915;0;0;95;0;200;0;
12212;4793350;1059401728;21790720;1200013312;0;0;0;0;0;0;0;0;0;0;0;3787;0;0;95;0;200;0;
12213;6310254;1059401728;21790720;1200013312;0;0;0;0;0;0;0;0;0;0;0;4188;0;0;95;0;200;0;
12214;4412795;1059401728;21790720;1200013312;0;0;0;0;0;0;0;0;0;0;0;2806;0;0;95;0;200;0;
12215;7566871;1059401728;21790720;1200013312;0;0;0;0;0;0;0;0;0;0;0;2294;0;0;95;0;200;0;
12216;4448493;1059401728;21790720;1200013312;0;0;0;0;0;0;0;0;0;0;0;2755;0;0;95;0;200;0;
12217;5346226;1059401728;21790720;1200013312;0;0;0;0;0;0;0;0;0;0;0;1553;0;0;95;0;200;0;
12218;5471411;1059401728;21790720;1200013312;0;0;0;0;0;0;0;0;0;0;0;3656;0;0;95;0;200;0;
12219;5355894;1059401728;21790720;1200013312;0;0;0;0;0;0;0;0;0;0;0;1332;0;0;95;0;200;0;
12220;5820356;1059401728;21790720;1200013312;0;0;0;0;0;0;0;0;0;0;0;3436;0;0;95;0;200;0;
12221;5208849;1059401728;21790720;1200013312;0;0;0;0;0;0;0;0;0;0;0;1734;0;0;95;0;200;0;
12222;5473365;1059401728;21790720;1200013312;0;0;0;0;0;0;0;0;0;0;0;3737;0;0;95;0;200;0;
12223;6173357;1059401728;21790720;1200013312;0;0;0;0;0;0;0;0;0;0;0;2435;0;0;95;0;200;0;
12224;6143491;1059401728;21790720;1200013312;0;0;0;0;0;0;0;0;0;0;0;3346;0;0;95;0;200;0;
12225;6489971;1059401728;21790720;1200013312;0;0;0;0;0;0;0;0;0;0;0;2645;0;0;95;0;200;0;
12226;5075849;1059401728;21790720;1200013312;0;0;0;0;0;0;0;0;0;0;0;2665;0;0;95;0;200;0;
12227;5502840;1059401728;21790720;1200013312;0;0;0;0;0;0;0;0;0;0;0;1643;0;0;95;0;200;0;
12228;6069854;1059401728;21790720;1200013312;0;0;0;0;0;0;0;0;0;0;0;3907;0;0;95;0;200;0;
12229;6365598;1059401728;21790720;1200013312;0;0;0;0;0;0;0;0;0;0;0;2054;0;0;95;0;200;0;
12230;5124501;1059401728;21790720;1200013312;0;0;0;0;0;0;0;0;0;0;0;2445;0;0;95;0;200;0;
12231;5672738;1059401728;21790720;1200013312;0;0;0;0;0;0;0;0;0;0;0;1733;0;0;95;0;200;0;
12232;5956220;1059401728;21790720;1200013312;0;0;0;0;0;0;0;0;0;0;0;3636;0;0;95;0;200;0;
12233;7247793;1059401728;21790720;1200013312;0;0;0;0;0;0;0;0;0;0;0;2425;0;0;95;0;200;0;
12234;5255656;1059401728;21790720;1200013312;0;0;0;0;0;0;0;0;0;0;0;2845;0;0;95;0;200;0;
12235;7316190;1059401728;21790720;1200013312;0;0;0;0;0;0;0;0;0;0;0;2735;0;0;95;0;200;0;
12236;5618557;1059401728;21790720;1200013312;0;0;0;0;0;0;0;0;0;0;0;4379;0;0;95;0;200;0;
12237;7404576;1059401728;21790720;1200013312;0;0;0;0;0;0;0;0;0;0;0;3627;0;0;95;0;200;0;
12238;4236515;1059401728;21790720;1200013312;0;0;0;0;0;0;0;0;0;0;0;3536;0;0;95;0;200;0;
12239;7125863;1059401728;21790720;1200013312;0;0;0;0;0;0;0;0;0;0;0;2224;0;0;95;0;200;0;
12240;4373172;1059401728;21790720;1200013312;0;0;0;0;0;0;0;0;0;0;0;2795;0;0;95;0;200;0;
12241;6588385;1059401728;21790720;1200013312;0;0;0;0;0;0;0;0;0;0;0;2445;0;0;95;0;200;0;
12242;4734438;1059401728;21790720;1200013312;0;0;0;0;0;0;0;0;0;0;0;3036;0;0;95;0;200;0;
12243;7333523;1059401728;21790720;1200013312;0;0;0;0;0;0;0;0;0;0;0;1944;0;0;95;0;200;0;
12244;4776998;1059401728;21790720;1200013312;0;0;0;0;0;0;0;0;0;0;0;3496;0;0;95;0;200;0;
12245;5771975;1059401728;21790720;1200013312;0;0;0;0;0;0;0;0;0;0;0;1984;0;0;95;0;200;0;
12246;6287942;1059401728;21790720;1200013312;0;0;0;0;0;0;0;0;0;0;0;3035;0;0;95;0;200;0;
12247;6356631;1059401728;21790720;1200013312;0;0;0;0;0;0;0;0;0;0;0;2235;0;0;95;0;200;0;
12248;5226862;1059401728;21790720;1200013312;0;0;0;0;0;0;0;0;0;0;0;3477;0;0;95;0;200;0;
12249;7564767;1059401728;21790720;1200013312;0;0;0;0;0;0;0;0;0;0;0;2525;0;0;95;0;200;0;
12250;4972816;1059401728;21790720;1200013312;0;0;0;0;0;0;0;0;0;0;0;3026;0;0;95;0;200;0;
12251;5438670;1059401728;21790720;1200013312;0;0;0;0;0;0;0;0;0;0;0;1824;0;0;95;0;200;0;
12252;5526995;1059401728;21790720;1200013312;0;0;0;0;0;0;0;0;0;0;0;3206;0;0;95;0;200;0;
12253;5085407;1059401728;21790720;1200013312;0;0;0;0;0;0;0;0;0;0;0;1863;0;0;95;0;200;0;
12254;5003192;1059401728;21790720;1200013312;0;0;0;0;0;0;0;0;0;0;0;3687;0;0;95;0;200;0;
12255;5853117;1059401728;21790720;1200013312;0;0;0;0;0;0;0;0;0;0;0;2465;0;0;95;0;200;0;
12256;7578833;1059401728;21790720;1200013312;0;0;0;0;0;0;0;0;0;0;0;2985;0;0;95;0;200;0;
12257;4748996;1059401728;21790720;1200013312;0;0;0;0;0;0;0;0;0;0;0;1853;0;0;95;0;200;0;
12258;7514733;1059401728;21790720;1200013312;0;0;0;0;0;0;0;0;0;0;0;3105;0;0;95;0;200;0;
12259;5452926;1059401728;21790720;1200013312;0;0;0;0;0;0;0;0;0;0;0;1884;0;0;95;0;200;0;
12260;6437132;1059401728;21790720;1200013312;0;0;0;0;0;0;0;0;0;0;0;2895;0;0;95;0;200;0;
12261;4474221;1059401728;21790720;1200013312;0;0;0;0;0;0;0;0;0;0;0;2044;0;0;95;0;200;0;
12262;3484836;1059401728;21790720;1200013312;0;0;0;0;0;0;0;0;0;0;0;4238;0;0;95;0;200;0;
12263;7259013;1059401728;21790720;1200013312;0;0;0;0;0;0;0;0;0;0;0;2906;0;0;95;0;200;0;
12264;3656417;1059401728;21790720;1200013312;0;0;0;0;0;0;0;0;0;0;0;2505;0;0;95;0;200;0;
12265;4874682;1059401728;21790720;1200013312;0;0;0;0;0;0;0;0;0;0;0;1763;0;0;95;0;200;0;
12266;5447957;1059401728;21790720;1200013312;0;0;0;0;0;0;0;0;0;0;0;3476;0;0;95;0;200;0;
12267;6908246;1059401728;21790720;1200013312;0;0;0;0;0;0;0;0;0;0;0;2886;0;0;95;0;200;0;
12268;4444656;1059401728;21790720;1200013312;0;0;0;0;0;0;0;0;0;0;0;2615;0;0;95;0;200;0;
12269;8351112;1059401728;21790720;1200013312;0;0;0;0;0;0;0;0;0;0;0;2314;0;0;95;0;200;0;
12270;5423711;1059401728;21790720;1200013312;0;0;0;0;0;0;0;0;0;0;0;3536;0;0;95;0;200;0;
12271;5579925;1059401728;21790720;1200013312;0;0;0;0;0;0;0;0;0;0;0;2013;0;0;95;0;200;0;
12272;8251474;1059401728;21790720;1200013312;0;0;0;0;0;0;0;0;0;0;0;3016;0;0;95;0;200;0;
12273;6267784;1059401728;21790720;1200013312;0;0;0;0;0;0;0;0;0;0;0;2274;0;0;95;0;200;0;
12274;6171845;1059401728;21790720;1200013312;0;0;0;0;0;0;0;0;0;0;0;3306;0;0;95;0;200;0;
12275;6255792;1059401728;21790720;1200013312;0;0;0;0;0;0;0;0;0;0;0;2255;0;0;95;0;200;0;
12276;4648608;1059401728;21790720;1200013312;0;0;0;0;0;0;0;0;0;0;0;3286;0;0;95;0;200;0;
12277;6078059;1059401728;21790720;1200013312;0;0;0;0;0;0;0;0;0;0;0;3075;0;0;95;0;200;0;
12278;4083438;1059401728;21790720;1200013312;0;0;0;0;0;0;0;0;0;0;0;4127;0;0;95;0;200;0;
12279;6681511;1059401728;21790720;1200013312;0;0;0;0;0;0;0;0;0;0;0;2104;0;0;95;0;200;0;
12280;4524014;1059401728;21790720;1200013312;0;0;0;0;0;0;0;0;0;0;0;4058;0;0;95;0;200;0;
12281;8737305;1059401728;21790720;1200013312;0;0;0;0;0;0;0;0;0;0;0;2716;0;0;95;0;200;0;
12282;3396570;1059401728;21790720;1200013312;0;0;0;0;0;0;0;0;0;0;0;3025;0;0;95;0;200;0;
12283;7576820;1059401728;21790720;1200013312;0;0;0;0;0;0;0;0;0;0;0;2635;0;0;95;0;200;0;
12284;4696779;1059401728;21790720;1200013312;0;0;0;0;0;0;0;0;0;0;0;3236;0;0;95;0;200;0;
12285;8447111;1059401728;21790720;1200013312;0;0;0;0;0;0;0;0;0;0;0;3296;0;0;95;0;200;0;
12286;3375129;1059401728;21790720;1200013312;0;0;0;0;0;0;0;0;0;0;0;2685;0;0;95;0;200;0;
12287;4951376;1059401728;21790720;1200013312;0;0;0;0;0;0;0;0;0;0;0;1723;0;0;95;0;200;0;
12288;5956761;1059401728;21790720;1200013312;0;0;0;0;0;0;0;0;0;0;0;2795;0;0;95;0;200;0;
12289;6174660;1059401728;21790720;1200013312;0;0;0;0;0;0;0;0;0;0;0;1773;0;0;95;0;200;0;
12290;5249564;1059401728;21790720;1200013312;0;0;0;0;0;0;0;0;0;0;0;2795;0;0;95;0;200;0;
12291;5957312;1059401728;21790720;1200013312;0;0;0;0;0;0;0;0;0;0;0;1804;0;0;95;0;200;0;
12292;5704268;1059401728;21790720;1200013312;0;0;0;0;0;0;0;0;0;0;0;3246;0;0;95;0;200;0;
12293;7913080;1059401728;21790720;1200013312;0;0;0;0;0;0;0;0;0;0;0;2374;0;0;95;0;200;0;
12294;4408718;1059401728;21790720;1200013312;0;0;0;0;0;0;0;0;0;0;0;3427;0;0;95;0;200;0;
12295;4877617;1059401728;21790720;1200013312;0;0;0;0;0;0;0;0;0;0;0;1893;0;0;95;0;200;0;
12296;6438244;1059401728;21790720;1200013312;0;0;0;0;0;0;0;0;0;0;0;3075;0;0;95;0;200;0;
12297;5180976;1059401728;21790720;1200013312;0;0;0;0;0;0;0;0;0;0;0;1783;0;0;95;0;200;0;
12298;5333091;1059401728;21790720;1200013312;0;0;0;0;0;0;0;0;0;0;0;2685;0;0;95;0;200;0;
12299;7049401;1059401728;21790720;1200013312;0;0;0;0;0;0;0;0;0;0;0;3156;0;0;95;0;200;0;
12300;5426036;1059401728;21790720;1200013312;0;0;0;0;0;0;0;0;0;0;0;3547;0;0;95;0;200;0;
12301;8496695;1059401728;21790720;1200013312;0;0;0;0;0;0;0;0;0;0;0;3166;0;0;95;0;200;0;
12302;4275588;1059401728;21790720;1200013312;0;0;0;0;0;0;0;0;0;0;0;3777;0;0;95;0;200;0;
12303;7671187;1059401728;21790720;1200013312;0;0;0;0;0;0;0;0;0;0;0;3367;0;0;95;0;200;0;
12304;6540586;1059401728;21790720;1200013312;0;0;0;0;0;0;0;0;0;0;0;3637;0;0;95;0;200;0;
12305;7239166;1059401728;21790720;1200013312;0;0;0;0;0;0;0;0;0;0;0;1763;0;0;95;0;200;0;
12306;3795498;1059401728;21790720;1200013312;0;0;0;0;0;0;0;0;0;0;0;3176;0;0;95;0;200;0;
12307;6914507;1059401728;21790720;1200013312;0;0;0;0;0;0;0;0;0;0;0;2004;0;0;95;0;200;0;
12308;5039681;1059401728;21790720;1200013312;0;0;0;0;0;0;0;0;0;0;0;3527;0;0;95;0;200;0;
12309;7324957;1059401728;21790720;1200013312;0;0;0;0;0;0;0;0;0;0;0;3747;0;0;95;0;200;0;
12310;3368407;1059401728;21790720;1200013312;0;0;0;0;0;0;0;0;0;0;0;2304;0;0;95;0;200;0;
12311;8055587;1059401728;21790720;1200013312;0;0;0;0;0;0;0;0;0;0;0;2956;0;0;95;0;200;0;
12312;3823470;1059401728;21790720;1200013312;0;0;0;0;0;0;0;0;0;0;0;3697;0;0;95;0;200;0;
12313;6668106;1059401728;21790720;1200013312;0;0;0;0;0;0;0;0;0;0;0;3176;0;0;95;0;200;0;
12314;5019203;1059401728;21790720;1200013312;0;0;0;0;0;0;0;0;0;0;0;3045;0;0;95;0;200;0;
12315;7910575;1059401728;21790720;1200013312;0;0;0;0;0;0;0;0;0;0;0;1853;0;0;95;0;200;0;
12316;4700646;1059401728;21790720;1200013312;0;0;0;0;0;0;0;0;0;0;0;2905;0;0;95;0;200;0;
12317;6511672;1059401728;21790720;1200013312;0;0;0;0;0;0;0;0;0;0;0;3647;0;0;95;0;200;0;
12318;6459624;1059401728;21790720;1200013312;0;0;0;0;0;0;0;0;0;0;0;2995;0;0;95;0;200;0;
12319;8303753;1059401728;21790720;1200013312;0;0;0;0;0;0;0;0;0;0;0;3076;0;0;95;0;200;0;
12320;4986532;1059401728;21790720;1200013312;0;0;0;0;0;0;0;0;0;0;0;3366;0;0;95;0;200;0;
12321;7733964;1059401728;21790720;1200013312;0;0;0;0;0;0;0;0;0;0;0;2575;0;0;95;0;200;0;
12322;3946642;1059401728;21790720;1200013312;0;0;0;0;0;0;0;0;0;0;0;2675;0;0;95;0;200;0;
12323;7411038;1059401728;21790720;1200013312;0;0;0;0;0;0;0;0;0;0;0;3506;0;0;95;0;200;0;
12324;4870223;1059401728;21790720;1200013312;0;0;0;0;0;0;0;0;0;0;0;3236;0;0;95;0;200;0;
12325;6445708;1059401728;21790720;1200013312;0;0;0;0;0;0;0;0;0;0;0;2725;0;0;95;0;200;0;
12326;4654409;1059401728;21790720;1200013312;0;0;0;0;0;0;0;0;0;0;0;2876;0;0;95;0;200;0;
12327;6729260;1059401728;21790720;1200013312;0;0;0;0;0;0;0;0;0;0;0;2504;0;0;95;0;200;0;
12328;5541162;1059401728;21790720;1200013312;0;0;0;0;0;0;0;0;0;0;0;2835;0;0;95;0;200;0;
12329;6799001;1059401728;21790720;1200013312;0;0;0;0;0;0;0;0;0;0;0;1964;0;0;95;0;200;0;
12330;4344477;1059401728;21790720;1200013312;0;0;0;0;0;0;0;0;0;0;0;3066;0;0;95;0;200;0;
12331;7844752;1059401728;21790720;1200013312;0;0;0;0;0;0;0;0;0;0;0;2054;0;0;95;0;200;0;
12332;5338311;1059401728;21790720;1200013312;0;0;0;0;0;0;0;0;0;0;0;2505;0;0;95;0;200;0;
12333;7332972;1059401728;21790720;1200013312;0;0;0;0;0;0;0;0;0;0;0;1814;0;0;95;0;200;0;
12334;4379844;1059401728;21790720;1200013312;0;0;0;0;0;0;0;0;0;0;0;4799;0;0;95;0;200;0;
12335;5193420;1059401728;21790720;1200013312;0;0;0;0;0;0;0;0;0;0;0;1773;0;0;95;0;200;0;
12336;4380104;1059401728;21790720;1200013312;0;0;0;0;0;0;0;0;0;0;0;2385;0;0;95;0;200;0;
12337;7676417;1059401728;21790720;1200013312;0;0;0;0;0;0;0;0;0;0;0;4008;0;0;95;0;200;0;
12338;4647717;1059401728;21790720;1200013312;0;0;0;0;0;0;0;0;0;0;0;3216;0;0;95;0;200;0;
12339;17757512;1059401728;21790720;1200013312;0;0;0;0;0;0;0;0;0;0;0;3837;0;0;95;0;200;0;
12340;4705785;1059401728;21790720;1200013312;0;0;0;0;0;0;0;0;0;0;0;3347;0;0;95;0;200;0;
12341;8874373;1059401728;21790720;1200013312;0;0;0;0;0;0;0;0;0;0;0;2745;0;0;95;0;200;0;
12342;4941177;1059401728;21790720;1200013312;0;0;0;0;0;0;0;0;0;0;0;3677;0;0;95;0;200;0;
12343;6416644;1059401728;21790720;1200013312;0;0;0;0;0;0;0;0;0;0;0;2214;0;0;95;0;200;0;
12344;4691789;1059401728;21790720;1200013312;0;0;0;0;0;0;0;0;0;0;0;3406;0;0;95;0;200;0;
12345;7366214;1059401728;21790720;1200013312;0;0;0;0;0;0;0;0;0;0;0;3847;0;0;95;0;200;0;
12346;5994683;1059401728;21790720;1200013312;0;0;0;0;0;0;0;0;0;0;0;3616;0;0;95;0;200;0;
12347;5748170;1059401728;21790720;1200013312;0;0;0;0;0;0;0;0;0;0;0;2946;0;0;95;0;200;0;
12348;4932490;1059401728;21790720;1200013312;0;0;0;0;0;0;0;0;0;0;0;3667;0;0;95;0;200;0;
12349;13616607;1059401728;21790720;1200013312;0;0;0;0;0;0;0;0;0;0;0;2996;0;0;95;0;200;0;
12350;4341201;1059401728;21790720;1200013312;0;0;0;0;0;0;0;0;0;0;0;2544;0;0;95;0;200;0;
12351;6270900;1059401728;21790720;1200013312;0;0;0;0;0;0;0;0;0;0;0;2294;0;0;95;0;200;0;
12352;4050446;1059401728;21790720;1200013312;0;0;0;0;0;0;0;0;0;0;0;3647;0;0;95;0;200;0;
12353;6444246;1059401728;21790720;1200013312;0;0;0;0;0;0;0;0;0;0;0;2054;0;0;95;0;200;0;
12354;4043112;1059401728;21790720;1200013312;0;0;0;0;0;0;0;0;0;0;0;3156;0;0;95;0;200;0;
12355;5338502;1059401728;21790720;1200013312;0;0;0;0;0;0;0;0;0;0;0;2535;0;0;95;0;200;0;
12356;5215000;1059401728;21790720;1200013312;0;0;0;0;0;0;0;0;0;0;0;2555;0;0;95;0;200;0;
12357;7119552;1059401728;21790720;1200013312;0;0;0;0;0;0;0;0;0;0;0;1983;0;0;95;0;200;0;
12358;4084891;1059401728;21790720;1200013312;0;0;0;0;0;0;0;0;0;0;0;2735;0;0;95;0;200;0;
12359;6945966;1059401728;21790720;1200013312;0;0;0;0;0;0;0;0;0;0;0;1823;0;0;95;0;200;0;
12360;4902575;1059401728;21790720;1200013312;0;0;0;0;0;0;0;0;0;0;0;2986;0;0;95;0;200;0;
12361;7862776;1059401728;21790720;1200013312;0;0;0;0;0;0;0;0;0;0;0;2755;0;0;95;0;200;0;
12362;2979488;1059401728;21790720;1200013312;0;0;0;0;0;0;0;0;0;0;0;3477;0;0;95;0;200;0;
12363;5711011;1059401728;21790720;1200013312;0;0;0;0;0;0;0;0;0;0;0;2736;0;0;95;0;200;0;
12364;4100300;1059401728;21790720;1200013312;0;0;0;0;0;0;0;0;0;0;0;2795;0;0;95;0;200;0;
12365;8336644;1059401728;21790720;1200013312;0;0;0;0;0;0;0;0;0;0;0;3367;0;0;95;0;200;0;
12366;5295661;1059401728;21790720;1200013312;0;0;0;0;0;0;0;0;0;0;0;4058;0;0;95;0;200;0;
12367;6642167;1059401728;21790720;1200013312;0;0;0;0;0;0;0;0;0;0;0;3617;0;0;95;0;200;0;
12368;6654069;1059401728;21790720;1200013312;0;0;0;0;0;0;0;0;0;0;0;3116;0;0;95;0;200;0;
12369;6208614;1059401728;21790720;1200013312;0;0;0;0;0;0;0;0;0;0;0;3737;0;0;95;0;200;0;
12370;5268049;1059401728;21790720;1200013312;0;0;0;0;0;0;0;0;0;0;0;4178;0;0;95;0;200;0;
12371;8829960;1059401728;21790720;1200013312;0;0;0;0;0;0;0;0;0;0;0;3547;0;0;95;0;200;0;
12372;4910419;1059401728;21790720;1200013312;0;0;0;0;0;0;0;0;0;0;0;3396;0;0;95;0;200;0;
12373;7451134;1059401728;21790720;1200013312;0;0;0;0;0;0;0;0;0;0;0;3246;0;0;95;0;200;0;
12374;3777444;1059401728;21790720;1200013312;0;0;0;0;0;0;0;0;0;0;0;3536;0;0;95;0;200;0;
12375;5005737;1059401728;21790720;1200013312;0;0;0;0;0;0;0;0;0;0;0;2003;0;0;95;0;200;0;
12376;5062915;1059401728;21790720;1200013312;0;0;0;0;0;0;0;0;0;0;0;3116;0;0;95;0;200;0;
12377;6298232;1059401728;21790720;1200013312;0;0;0;0;0;0;0;0;0;0;0;9247;0;0;95;0;200;0;
12378;6403229;1059401728;21790720;1200013312;0;0;0;0;0;0;0;0;0;0;0;4178;0;0;95;0;200;0;
12379;6655822;1059401728;21790720;1200013312;0;0;0;0;0;0;0;0;0;0;0;2685;0;0;95;0;200;0;
12380;4929455;1059401728;21790720;1200013312;0;0;0;0;0;0;0;0;0;0;0;3927;0;0;95;0;200;0;
12381;4359686;1059401728;21790720;1200013312;0;0;0;0;0;0;0;0;0;0;0;2004;0;0;95;0;200;0;
12382;5859298;1059401728;21790720;1200013312;0;0;0;0;0;0;0;0;0;0;0;4278;0;0;95;0;200;0;
12383;7171991;1059401728;21790720;1200013312;0;0;0;0;0;0;0;0;0;0;0;3767;0;0;95;0;200;0;
12384;4393129;1059401728;21790720;1200013312;0;0;0;0;0;0;0;0;0;0;0;3547;0;0;95;0;200;0;
12385;6878209;1059401728;21790720;1200013312;0;0;0;0;0;0;0;0;0;0;0;3527;0;0;95;0;200;0;
12386;4281559;1059401728;21790720;1200013312;0;0;0;0;0;0;0;0;0;0;0;3506;0;0;95;0;200;0;
12387;6676231;1059401728;21790720;1200013312;0;0;0;0;0;0;0;0;0;0;0;1934;0;0;95;0;200;0;
12388;5537074;1059401728;21790720;1200013312;0;0;0;0;0;0;0;0;0;0;0;3908;0;0;95;0;200;0;
12389;5658913;1059401728;21790720;1200013312;0;0;0;0;0;0;0;0;0;0;0;2294;0;0;95;0;200;0;
12390;4888257;1059401728;21790720;1200013312;0;0;0;0;0;0;0;0;0;0;0;2815;0;0;95;0;200;0;
12391;6643569;1059401728;21790720;1200013312;0;0;0;0;0;0;0;0;0;0;0;2695;0;0;95;0;200;0;
12392;4856268;1059401728;21790720;1200013312;0;0;0;0;0;0;0;0;0;0;0;3757;0;0;95;0;200;0;
12393;6942119;1059401728;21790720;1200013312;0;0;0;0;0;0;0;0;0;0;0;2525;0;0;95;0;200;0;
12394;5010878;1059401728;21790720;1200013312;0;0;0;0;0;0;0;0;0;0;0;2986;0;0;95;0;200;0;
12395;5555218;1059401728;21790720;1200013312;0;0;0;0;0;0;0;0;0;0;0;2805;0;0;95;0;200;0;
12396;4428585;1059401728;21790720;1200013312;0;0;0;0;0;0;0;0;0;0;0;3837;0;0;95;0;200;0;
12397;7107720;1059401728;21790720;1200013312;0;0;0;0;0;0;0;0;0;0;0;3627;0;0;95;0;200;0;
12398;4231145;1059401728;21790720;1200013312;0;0;0;0;0;0;0;0;0;0;0;3687;0;0;95;0;200;0;
12399;6612181;1059401728;21790720;1200013312;0;0;0;0;0;0;0;0;0;0;0;3347;0;0;95;0;200;0;
12400;4032192;1059401728;21790720;1200013312;0;0;0;0;0;0;0;0;0;0;0;3376;0;0;95;0;200;0;
12401;8062731;1059401728;21790720;1200013312;0;0;0;0;0;0;0;0;0;0;0;4358;0;0;95;0;200;0;
12402;4411293;1059401728;21790720;1200013312;0;0;0;0;0;0;0;0;0;0;0;3026;0;0;95;0;200;0;
12403;6307238;1059401728;21790720;1200013312;0;0;0;0;0;0;0;0;0;0;0;2625;0;0;95;0;200;0;
12404;4254238;1059401728;21790720;1200013312;0;0;0;0;0;0;0;0;0;0;0;3747;0;0;95;0;200;0;
12405;5940341;1059401728;21790720;1200013312;0;0;0;0;0;0;0;0;0;0;0;2335;0;0;95;0;200;0;
12406;6356762;1059401728;21790720;1200013312;0;0;0;0;0;0;0;0;0;0;0;3516;0;0;95;0;200;0;
12407;5992318;1059401728;21790720;1200013312;0;0;0;0;0;0;0;0;0;0;0;2375;0;0;95;0;200;0;
12408;5676886;1059401728;21790720;1200013312;0;0;0;0;0;0;0;0;0;0;0;3637;0;0;95;0;200;0;
12409;6687642;1059401728;21790720;1200013312;0;0;0;0;0;0;0;0;0;0;0;2475;0;0;95;0;200;0;
12410;6614726;1059401728;21790720;1200013312;0;0;0;0;0;0;0;0;0;0;0;3716;0;0;95;0;200;0;
12411;7057356;1059401728;21790720;1200013312;0;0;0;0;0;0;0;0;0;0;0;4078;0;0;95;0;200;0;
12412;6763013;1059401728;21790720;1200013312;0;0;0;0;0;0;0;0;0;0;0;3857;0;0;95;0;200;0;
12413;7099785;1059401728;21790720;1200013312;0;0;0;0;0;0;0;0;0;0;0;2915;0;0;95;0;200;0;
12414;4359626;1059401728;21790720;1200013312;0;0;0;0;0;0;0;0;0;0;0;3216;0;0;95;0;200;0;
12415;7332882;1059401728;21790720;1200013312;0;0;0;0;0;0;0;0;0;0;0;2966;0;0;95;0;200;0;
12416;4204044;1059401728;21790720;1200013312;0;0;0;0;0;0;0;0;0;0;0;4328;0;0;95;0;200;0;
12417;8339680;1059401728;21790720;1200013312;0;0;0;0;0;0;0;0;0;0;0;3616;0;0;95;0;200;0;
12418;3010996;1059401728;21790720;1200013312;0;0;0;0;0;0;0;0;0;0;0;3426;0;0;95;0;200;0;
12419;6847972;1059401728;21790720;1200013312;0;0;0;0;0;0;0;0;0;0;0;1834;0;0;95;0;200;0;
12420;5501417;1059401728;21790720;1200013312;0;0;0;0;0;0;0;0;0;0;0;3576;0;0;95;0;200;0;
12421;6639531;1059401728;21790720;1200013312;0;0;0;0;0;0;0;0;0;0;0;1983;0;0;95;0;200;0;
12422;5206835;1059401728;21790720;1200013312;0;0;0;0;0;0;0;0;0;0;0;3407;0;0;95;0;200;0;
12423;5683720;1059401728;21790720;1200013312;0;0;0;0;0;0;0;0;0;0;0;2084;0;0;95;0;200;0;
12424;5582920;1059401728;21790720;1200013312;0;0;0;0;0;0;0;0;0;0;0;3136;0;0;95;0;200;0;
12425;8227309;1059401728;21790720;1200013312;0;0;0;0;0;0;0;0;0;0;0;2805;0;0;95;0;200;0;
12426;5307003;1059401728;21790720;1200013312;0;0;0;0;0;0;0;0;0;0;0;4028;0;0;95;0;200;0;
12427;7960389;1059401728;21790720;1200013312;0;0;0;0;0;0;0;0;0;0;0;3687;0;0;95;0;200;0;
12428;7403935;1059401728;21790720;1200013312;0;0;0;0;0;0;0;0;0;0;0;2996;0;0;95;0;200;0;
12429;8638280;1059401728;21790720;1200013312;0;0;0;0;0;0;0;0;0;0;0;2685;0;0;95;0;200;0;
12430;5556120;1059401728;21790720;1200013312;0;0;0;0;0;0;0;0;0;0;0;3056;0;0;95;0;200;0;
12431;5651579;1059401728;21790720;1200013312;0;0;0;0;0;0;0;0;0;0;0;2725;0;0;95;0;200;0;
12432;5709868;1059401728;21790720;1200013312;0;0;0;0;0;0;0;0;0;0;0;3667;0;0;95;0;200;0;
12433;7439512;1059401728;21790720;1200013312;0;0;0;0;0;0;0;0;0;0;0;4108;0;0;95;0;200;0;
12434;3378947;1059401728;21790720;1200013312;0;0;0;0;0;0;0;0;0;0;0;3296;0;0;95;0;200;0;
12435;9072525;1059401728;21790720;1200013312;0;0;0;0;0;0;0;0;0;0;0;3286;0;0;95;0;200;0;
12436;4326424;1059401728;21790720;1200013312;0;0;0;0;0;0;0;0;0;0;0;2624;0;0;95;0;200;0;
12437;6405012;1059401728;21790720;1200013312;0;0;0;0;0;0;0;0;0;0;0;2375;0;0;95;0;200;0;
12438;6241344;1059401728;21790720;1200013312;0;0;0;0;0;0;0;0;0;0;0;2875;0;0;95;0;200;0;
12439;8499750;1059401728;21790720;1200013312;0;0;0;0;0;0;0;0;0;0;0;3547;0;0;95;0;200;0;
12440;5985124;1059401728;21798912;1200021504;0;0;0;0;0;0;0;0;0;0;0;3617;0;0;95;0;200;0;
12441;6241254;1059401728;21798912;1200021504;0;0;0;0;0;0;0;0;0;0;0;2915;0;0;95;0;200;0;
12442;6646846;1059401728;21798912;1200021504;0;0;0;0;0;0;0;0;0;0;0;122650;0;0;95;0;200;0;
12443;8749779;1059401728;21798912;1200021504;0;0;0;0;0;0;0;0;0;0;0;2545;0;0;95;0;200;0;
12444;7289330;1059401728;21798912;1200021504;0;0;0;0;0;0;0;0;0;0;0;3507;0;0;95;0;200;0;
12445;5877353;1059401728;21798912;1200021504;0;0;0;0;0;0;0;0;0;0;0;2415;0;0;95;0;200;0;
12446;5727982;1059401728;21790720;1200013312;0;0;0;0;0;0;0;0;0;0;0;3797;0;0;95;0;200;0;
12447;5932686;1059401728;21790720;1200013312;0;0;0;0;0;0;0;0;0;0;0;2535;0;0;95;0;200;0;
12448;5144628;1059401728;21790720;1200013312;0;0;0;0;0;0;0;0;0;0;0;3817;0;0;95;0;200;0;
12449;6531539;1059401728;21790720;1200013312;0;0;0;0;0;0;0;0;0;0;0;2314;0;0;95;0;200;0;
12450;5841365;1059401728;21790720;1200013312;0;0;0;0;0;0;0;0;0;0;0;3286;0;0;95;0;200;0;
12451;6879963;1059401728;21790720;1200013312;0;0;0;0;0;0;0;0;0;0;0;2515;0;0;95;0;200;0;
12452;5914512;1059401728;21790720;1200013312;0;0;0;0;0;0;0;0;0;0;0;3657;0;0;95;0;200;0;
12453;7037608;1059401728;21790720;1200013312;0;0;0;0;0;0;0;0;0;0;0;2424;0;0;95;0;200;0;
12454;6079170;1059401728;21790720;1200013312;0;0;0;0;0;0;0;0;0;0;0;2845;0;0;95;0;200;0;
12455;8634022;1059401728;21790720;1200013312;0;0;0;0;0;0;0;0;0;0;0;2043;0;0;95;0;200;0;
12456;4568758;1059401728;21790720;1200013312;0;0;0;0;0;0;0;0;0;0;0;2555;0;0;95;0;200;0;
12457;7437228;1059401728;21790720;1200013312;0;0;0;0;0;0;0;0;0;0;0;2705;0;0;95;0;200;0;
12458;4416553;1059401728;21790720;1200013312;0;0;0;0;0;0;0;0;0;0;0;2986;0;0;95;0;200;0;
12459;6681169;1059401728;21790720;1200013312;0;0;0;0;0;0;0;0;0;0;0;2405;0;0;95;0;200;0;
12460;5464207;1059401728;21790720;1200013312;0;0;0;0;0;0;0;0;0;0;0;2796;0;0;95;0;200;0;
12461;9146273;1059401728;21790720;1200013312;0;0;0;0;0;0;0;0;0;0;0;3788;0;0;95;0;200;0;
12462;3635077;1059401728;21790720;1200013312;0;0;0;0;0;0;0;0;0;0;0;3486;0;0;95;0;200;0;
12463;4308611;1059401728;21790720;1200013312;0;0;0;0;0;0;0;0;0;0;0;1803;0;0;95;0;200;0;
12464;7165779;1059401728;21790720;1200013312;0;0;0;0;0;0;0;0;0;0;0;2855;0;0;95;0;200;0;
12465;6683324;1059401728;21790720;1200013312;0;0;0;0;0;0;0;0;0;0;0;2225;0;0;95;0;200;0;
12466;5520123;1059401728;21790720;1200013312;0;0;0;0;0;0;0;0;0;0;0;4208;0;0;95;0;200;0;
12467;5705680;1059401728;21790720;1200013312;0;0;0;0;0;0;0;0;0;0;0;2064;0;0;95;0;200;0;
12468;5437698;1059401728;21790720;1200013312;0;0;0;0;0;0;0;0;0;0;0;3537;0;0;95;0;200;0;
12469;5266357;1059401728;21790720;1200013312;0;0;0;0;0;0;0;0;0;0;0;2945;0;0;95;0;200;0;
12470;5246008;1059401728;21790720;1200013312;0;0;0;0;0;0;0;0;0;0;0;3316;0;0;95;0;200;0;
12471;6244741;1059401728;21790720;1200013312;0;0;0;0;0;0;0;0;0;0;0;2495;0;0;95;0;200;0;
12472;6209665;1059401728;21790720;1200013312;0;0;0;0;0;0;0;0;0;0;0;3917;0;0;95;0;200;0;
12473;6251614;1059401728;21790720;1200013312;0;0;0;0;0;0;0;0;0;0;0;3226;0;0;95;0;200;0;
12474;6621428;1059401728;21790720;1200013312;0;0;0;0;0;0;0;0;0;0;0;4148;0;0;95;0;200;0;
12475;8344900;1059401728;21790720;1200013312;0;0;0;0;0;0;0;0;0;0;0;4559;0;0;95;0;200;0;
12476;4540054;1059401728;21790720;1200013312;0;0;0;0;0;0;0;0;0;0;0;3968;0;0;95;0;200;0;
12477;7565428;1059401728;21790720;1200013312;0;0;0;0;0;0;0;0;0;0;0;3236;0;0;95;0;200;0;
12478;3798443;1059401728;21790720;1200013312;0;0;0;0;0;0;0;0;0;0;0;3206;0;0;95;0;200;0;
12479;6489360;1059401728;21790720;1200013312;0;0;0;0;0;0;0;0;0;0;0;2424;0;0;95;0;200;0;
12480;6870275;1059401728;21790720;1200013312;0;0;0;0;0;0;0;0;0;0;0;8125;0;0;95;0;200;0;
12481;8698463;1059401728;21790720;1200013312;0;0;0;0;0;0;0;0;0;0;0;2856;0;0;95;0;200;0;
12482;5629618;1059401728;21790720;1200013312;0;0;0;0;0;0;0;0;0;0;0;2996;0;0;95;0;200;0;
12483;8504219;1059401728;21790720;1200013312;0;0;0;0;0;0;0;0;0;0;0;3035;0;0;95;0;200;0;
12484;3793535;1059401728;21790720;1200013312;0;0;0;0;0;0;0;0;0;0;0;2986;0;0;95;0;200;0;
12485;7652832;1059401728;21790720;1200013312;0;0;0;0;0;0;0;0;0;0;0;2675;0;0;95;0;200;0;
12486;5413222;1059401728;21790720;1200013312;0;0;0;0;0;0;0;0;0;0;0;3226;0;0;95;0;200;0;
12487;6108496;1059401728;21790720;1200013312;0;0;0;0;0;0;0;0;0;0;0;2093;0;0;95;0;200;0;
12488;5851534;1059401728;21790720;1200013312;0;0;0;0;0;0;0;0;0;0;0;3376;0;0;95;0;200;0;
12489;5746267;1059401728;21790720;1200013312;0;0;0;0;0;0;0;0;0;0;0;3527;0;0;95;0;200;0;
12490;4714983;1059401728;21790720;1200013312;0;0;0;0;0;0;0;0;0;0;0;2955;0;0;95;0;200;0;
12491;7518781;1059401728;21790720;1200013312;0;0;0;0;0;0;0;0;0;0;0;3546;0;0;95;0;200;0;
12492;3457694;1059401728;21790720;1200013312;0;0;0;0;0;0;0;0;0;0;0;2966;0;0;95;0;200;0;
12493;7405818;1059401728;21790720;1200013312;0;0;0;0;0;0;0;0;0;0;0;2615;0;0;95;0;200;0;
12494;5250637;1059401728;21790720;1200013312;0;0;0;0;0;0;0;0;0;0;0;3787;0;0;95;0;200;0;
12495;6914207;1059401728;21790720;1200013312;0;0;0;0;0;0;0;0;0;0;0;3316;0;0;95;0;200;0;
12496;5383336;1059401728;21790720;1200013312;0;0;0;0;0;0;0;0;0;0;0;3257;0;0;95;0;200;0;
12497;5429132;1059401728;21790720;1200013312;0;0;0;0;0;0;0;0;0;0;0;1924;0;0;95;0;200;0;
12498;6299314;1059401728;21790720;1200013312;0;0;0;0;0;0;0;0;0;0;0;2434;0;0;95;0;200;0;
12499;8060707;1059401728;21790720;1200013312;0;0;0;0;0;0;0;0;0;0;0;2745;0;0;95;0;200;0;
12500;6661463;1059401728;21790720;1200013312;0;0;0;0;0;0;0;0;0;0;0;3356;0;0;95;0;200;0;
12501;7245117;1059401728;21790720;1200013312;0;0;0;0;0;0;0;0;0;0;0;2274;0;0;95;0;200;0;
12502;3602095;1059401728;21790720;1200013312;0;0;0;0;0;0;0;0;0;0;0;3567;0;0;95;0;200;0;
12503;5974274;1059401728;21790720;1200013312;0;0;0;0;0;0;0;0;0;0;0;2965;0;0;95;0;200;0;
12504;5386492;1059401728;21790720;1200013312;0;0;0;0;0;0;0;0;0;0;0;3937;0;0;95;0;200;0;
12505;8620247;1059401728;21790720;1200013312;0;0;0;0;0;0;0;0;0;0;0;2094;0;0;95;0;200;0;
12506;3050311;1059401728;21790720;1200013312;0;0;0;0;0;0;0;0;0;0;0;3496;0;0;95;0;200;0;
12507;7645879;1059401728;21790720;1200013312;0;0;0;0;0;0;0;0;0;0;0;3316;0;0;95;0;200;0;
12508;4772189;1059401728;21790720;1200013312;0;0;0;0;0;0;0;0;0;0;0;2745;0;0;95;0;200;0;
12509;6215917;1059401728;21790720;1200013312;0;0;0;0;0;0;0;0;0;0;0;8065;0;0;95;0;200;0;
12510;6109198;1059401728;21790720;1200013312;0;0;0;0;0;0;0;0;0;0;0;2915;0;0;95;0;200;0;
12511;4606298;1059401728;21790720;1200013312;0;0;0;0;0;0;0;0;0;0;0;1634;0;0;95;0;200;0;
12512;3567440;1059401728;21790720;1200013312;0;0;0;0;0;0;0;0;0;0;0;2906;0;0;95;0;200;0;
12513;10312270;1059401728;21790720;1200013312;0;0;0;0;0;0;0;0;0;0;0;2675;0;0;95;0;200;0;
12514;10456951;1059401728;21790720;1200013312;0;0;0;0;0;0;0;0;0;0;0;3848;0;0;95;0;200;0;
12515;10416235;1059401728;21790720;1200013312;0;0;0;0;0;0;0;0;0;0;0;3987;0;0;95;0;200;0;
12516;5556270;1059401728;21790720;1200013312;0;0;0;0;0;0;0;0;0;0;0;4168;0;0;95;0;200;0;
12517;8628723;1059401728;21790720;1200013312;0;0;0;0;0;0;0;0;0;0;0;4037;0;0;95;0;200;0;
12518;4258155;1059401728;21790720;1200013312;0;0;0;0;0;0;0;0;0;0;0;2725;0;0;95;0;200;0;
12519;10692903;1059401728;21790720;1200013312;0;0;0;0;0;0;0;0;0;0;0;4037;0;0;95;0;200;0;
12520;4009259;1059401728;21790720;1200013312;0;0;0;0;0;0;0;0;0;0;0;2795;0;0;95;0;200;0;
12521;5544217;1059401728;21790720;1200013312;0;0;0;0;0;0;0;0;0;0;0;2264;0;0;95;0;200;0;
12522;6023937;1059401728;21790720;1200013312;0;0;0;0;0;0;0;0;0;0;0;3096;0;0;95;0;200;0;
12523;7074888;1059401728;21790720;1200013312;0;0;0;0;0;0;0;0;0;0;0;2374;0;0;95;0;200;0;
12524;6274567;1059401728;21790720;1200013312;0;0;0;0;0;0;0;0;0;0;0;3697;0;0;95;0;200;0;
12525;6742885;1059401728;21790720;1200013312;0;0;0;0;0;0;0;0;0;0;0;3066;0;0;95;0;200;0;
12526;5041334;1059401728;21790720;1200013312;0;0;0;0;0;0;0;0;0;0;0;3337;0;0;95;0;200;0;
12527;6988145;1059401728;21790720;1200013312;0;0;0;0;0;0;0;0;0;0;0;2595;0;0;95;0;200;0;
12528;4692821;1059401728;21790720;1200013312;0;0;0;0;0;0;0;0;0;0;0;3867;0;0;95;0;200;0;
12529;8692822;1059401728;21790720;1200013312;0;0;0;0;0;0;0;0;0;0;0;3206;0;0;95;0;200;0;
12530;6241565;1059401728;21790720;1200013312;0;0;0;0;0;0;0;0;0;0;0;4067;0;0;95;0;200;0;
12531;8069183;1059401728;21790720;1200013312;0;0;0;0;0;0;0;0;0;0;0;3106;0;0;95;0;200;0;
12532;7392444;1059401728;21790720;1200013312;0;0;0;0;0;0;0;0;0;0;0;3386;0;0;95;0;200;0;
12533;7886580;1059401728;21790720;1200013312;0;0;0;0;0;0;0;0;0;0;0;2746;0;0;95;0;200;0;
12534;6392719;1059401728;21790720;1200013312;0;0;0;0;0;0;0;0;0;0;0;3016;0;0;95;0;200;0;
12535;6053002;1059401728;21790720;1200013312;0;0;0;0;0;0;0;0;0;0;0;2765;0;0;95;0;200;0;
12536;5754011;1059401728;21790720;1200013312;0;0;0;0;0;0;0;0;0;0;0;3427;0;0;95;0;200;0;
12537;6654048;1059401728;21790720;1200013312;0;0;0;0;0;0;0;0;0;0;0;2004;0;0;95;0;200;0;
12538;4838694;1059401728;21790720;1200013312;0;0;0;0;0;0;0;0;0;0;0;3928;0;0;95;0;200;0;
12539;8270019;1059401728;21790720;1200013312;0;0;0;0;0;0;0;0;0;0;0;3216;0;0;95;0;200;0;
12540;5608288;1059401728;21790720;1200013312;0;0;0;0;0;0;0;0;0;0;0;4218;0;0;95;0;200;0;
12541;8072078;1059401728;21790720;1200013312;0;0;0;0;0;0;0;0;0;0;0;2225;0;0;95;0;200;0;
12542;5337380;1059401728;21790720;1200013312;0;0;0;0;0;0;0;0;0;0;0;3256;0;0;95;0;200;0;
12543;7299800;1059401728;21790720;1200013312;0;0;0;0;0;0;0;0;0;0;0;2404;0;0;95;0;200;0;
12544;3545038;1059401728;21790720;1200013312;0;0;0;0;0;0;0;0;0;0;0;2364;0;0;95;0;200;0;
12545;7397523;1059401728;21790720;1200013312;0;0;0;0;0;0;0;0;0;0;0;2725;0;0;95;0;200;0;
12546;4513675;1059401728;21790720;1200013312;0;0;0;0;0;0;0;0;0;0;0;3216;0;0;95;0;200;0;
12547;7029543;1059401728;21790720;1200013312;0;0;0;0;0;0;0;0;0;0;0;4058;0;0;95;0;200;0;
12548;3912097;1059401728;21790720;1200013312;0;0;0;0;0;0;0;0;0;0;0;2995;0;0;95;0;200;0;
12549;6535968;1059401728;21790720;1200013312;0;0;0;0;0;0;0;0;0;0;0;3296;0;0;95;0;200;0;
12550;5077533;1059401728;21790720;1200013312;0;0;0;0;0;0;0;0;0;0;0;3467;0;0;95;0;200;0;
12551;8138292;1059401728;21790720;1200013312;0;0;0;0;0;0;0;0;0;0;0;3827;0;0;95;0;200;0;
12552;5284170;1059401728;21790720;1200013312;0;0;0;0;0;0;0;0;0;0;0;3737;0;0;95;0;200;0;
12553;7571399;1059401728;21790720;1200013312;0;0;0;0;0;0;0;0;0;0;0;3467;0;0;95;0;200;0;
12554;5187057;1059401728;21790720;1200013312;0;0;0;0;0;0;0;0;0;0;0;3707;0;0;95;0;200;0;
12555;7937777;1059401728;21790720;1200013312;0;0;0;0;0;0;0;0;0;0;0;3777;0;0;95;0;200;0;
12556;4457509;1059401728;21790720;1200013312;0;0;0;0;0;0;0;0;0;0;0;3636;0;0;95;0;200;0;
12557;6978778;1059401728;21790720;1200013312;0;0;0;0;0;0;0;0;0;0;0;2545;0;0;95;0;200;0;
12558;5087861;1059401728;21790720;1200013312;0;0;0;0;0;0;0;0;0;0;0;3837;0;0;95;0;200;0;
12559;6885513;1059401728;21790720;1200013312;0;0;0;0;0;0;0;0;0;0;0;2505;0;0;95;0;200;0;
12560;3820444;1059401728;21790720;1200013312;0;0;0;0;0;0;0;0;0;0;0;3296;0;0;95;0;200;0;
12561;8238400;1059401728;21790720;1200013312;0;0;0;0;0;0;0;0;0;0;0;5110;0;0;95;0;200;0;
12562;3685572;1059401728;21790720;1200013312;0;0;0;0;0;0;0;0;0;0;0;2454;0;0;95;0;200;0;
12563;7518701;1059401728;21790720;1200013312;0;0;0;0;0;0;0;0;0;0;0;3447;0;0;95;0;200;0;
12564;5284290;1059401728;21790720;1200013312;0;0;0;0;0;0;0;0;0;0;0;2995;0;0;95;0;200;0;
12565;6452762;1059401728;21790720;1200013312;0;0;0;0;0;0;0;0;0;0;0;2856;0;0;95;0;200;0;
12566;4434747;1059401728;21790720;1200013312;0;0;0;0;0;0;0;0;0;0;0;3457;0;0;95;0;200;0;
12567;5653372;1059401728;21790720;1200013312;0;0;0;0;0;0;0;0;0;0;0;1412;0;0;95;0;200;0;
12568;4010451;1059401728;21790720;1200013312;0;0;0;0;0;0;0;0;0;0;0;3426;0;0;95;0;200;0;
12569;5753751;1059401728;21790720;1200013312;0;0;0;0;0;0;0;0;0;0;0;2174;0;0;95;0;200;0;
12570;5349282;1059401728;21790720;1200013312;0;0;0;0;0;0;0;0;0;0;0;3807;0;0;95;0;200;0;
12571;5662479;1059401728;21790720;1200013312;0;0;0;0;0;0;0;0;0;0;0;2244;0;0;95;0;200;0;
12572;5172480;1059401728;21790720;1200013312;0;0;0;0;0;0;0;0;0;0;0;3626;0;0;95;0;200;0;
12573;6563078;1059401728;21790720;1200013312;0;0;0;0;0;0;0;0;0;0;0;3226;0;0;95;0;200;0;
12574;6175872;1059401728;21790720;1200013312;0;0;0;0;0;0;0;0;0;0;0;3457;0;0;95;0;200;0;
12575;6167707;1059401728;21790720;1200013312;0;0;0;0;0;0;0;0;0;0;0;3386;0;0;95;0;200;0;
12576;4564881;1059401728;21790720;1200013312;0;0;0;0;0;0;0;0;0;0;0;3787;0;0;95;0;200;0;
12577;7806810;1059401728;21790720;1200013312;0;0;0;0;0;0;0;0;0;0;0;3427;0;0;95;0;200;0;
12578;3653703;1059401728;21790720;1200013312;0;0;0;0;0;0;0;0;0;0;0;3336;0;0;95;0;200;0;
12579;6647647;1059401728;21790720;1200013312;0;0;0;0;0;0;0;0;0;0;0;2184;0;0;95;0;200;0;
12580;4474632;1059401728;21790720;1200013312;0;0;0;0;0;0;0;0;0;0;0;3186;0;0;95;0;200;0;
12581;7671667;1059401728;21790720;1200013312;0;0;0;0;0;0;0;0;0;0;0;2916;0;0;95;0;200;0;
12582;4551636;1059401728;21790720;1200013312;0;0;0;0;0;0;0;0;0;0;0;3386;0;0;95;0;200;0;
12583;8174119;1059401728;21790720;1200013312;0;0;0;0;0;0;0;0;0;0;0;3446;0;0;95;0;200;0;
12584;3810486;1059401728;21790720;1200013312;0;0;0;0;0;0;0;0;0;0;0;3417;0;0;95;0;200;0;
12585;6523404;1059401728;21790720;1200013312;0;0;0;0;0;0;0;0;0;0;0;1953;0;0;95;0;200;0;
12586;3319795;1059401728;21790720;1200013312;0;0;0;0;0;0;0;0;0;0;0;3005;0;0;95;0;200;0;
12587;5311080;1059401728;21790720;1200013312;0;0;0;0;0;0;0;0;0;0;0;2195;0;0;95;0;200;0;
12588;3507087;1059401728;21790720;1200013312;0;0;0;0;0;0;0;0;0;0;0;2705;0;0;95;0;200;0;
12589;5802562;1059401728;21790720;1200013312;0;0;0;0;0;0;0;0;0;0;0;2114;0;0;95;0;200;0;
12590;3484905;1059401728;21790720;1200013312;0;0;0;0;0;0;0;0;0;0;0;2585;0;0;95;0;200;0;
12591;5336899;1059401728;21790720;1200013312;0;0;0;0;0;0;0;0;0;0;0;1994;0;0;95;0;200;0;
12592;5431045;1059401728;21790720;1200013312;0;0;0;0;0;0;0;0;0;0;0;3306;0;0;95;0;200;0;
12593;6825219;1059401728;21790720;1200013312;0;0;0;0;0;0;0;0;0;0;0;2605;0;0;95;0;200;0;
12594;5705229;1059401728;21790720;1200013312;0;0;0;0;0;0;0;0;0;0;0;3537;0;0;95;0;200;0;
12595;6098637;1059401728;21790720;1200013312;0;0;0;0;0;0;0;0;0;0;0;2144;0;0;95;0;200;0;
12596;5610361;1059401728;21790720;1200013312;0;0;0;0;0;0;0;0;0;0;0;3357;0;0;95;0;200;0;
12597;5160929;1059401728;21790720;1200013312;0;0;0;0;0;0;0;0;0;0;0;2264;0;0;95;0;200;0;
12598;3792462;1059401728;21790720;1200013312;0;0;0;0;0;0;0;0;0;0;0;3737;0;0;95;0;200;0;
12599;6403489;1059401728;21790720;1200013312;0;0;0;0;0;0;0;0;0;0;0;2675;0;0;95;0;200;0;
12600;3296352;1059401728;21790720;1200013312;0;0;0;0;0;0;0;0;0;0;0;3477;0;0;95;0;200;0;
12601;7854050;1059401728;21790720;1200013312;0;0;0;0;0;0;0;0;0;0;0;3036;0;0;95;0;200;0;
12602;5967501;1059401728;21790720;1200013312;0;0;0;0;0;0;0;0;0;0;0;3908;0;0;95;0;200;0;
12603;7142475;1059401728;21790720;1200013312;0;0;0;0;0;0;0;0;0;0;0;3026;0;0;95;0;200;0;
12604;3928708;1059401728;21798912;1200021504;0;0;0;0;0;0;0;0;0;0;0;3607;0;0;95;0;200;0;
12605;8035830;1059401728;21798912;1200021504;0;0;0;0;0;0;0;0;0;0;0;3537;0;0;95;0;200;0;
12606;4490612;1059401728;21798912;1200021504;0;0;0;0;0;0;0;0;0;0;0;3857;0;0;95;0;200;0;
12607;6907223;1059401728;21798912;1200021504;0;0;0;0;0;0;0;0;0;0;0;2946;0;0;95;0;200;0;
12608;3411118;1059401728;21798912;1200021504;0;0;0;0;0;0;0;0;0;0;0;3166;0;0;95;0;200;0;
12609;7011960;1059401728;21798912;1200021504;0;0;0;0;0;0;0;0;0;0;0;2865;0;0;95;0;200;0;
12610;5863907;1059401728;21790720;1200013312;0;0;0;0;0;0;0;0;0;0;0;3276;0;0;95;0;200;0;
12611;5035914;1059401728;21790720;1200013312;0;0;0;0;0;0;0;0;0;0;0;3066;0;0;95;0;200;0;
12612;6771649;1059401728;21790720;1200013312;0;0;0;0;0;0;0;0;0;0;0;3026;0;0;95;0;200;0;
12613;5812962;1059401728;21790720;1200013312;0;0;0;0;0;0;0;0;0;0;0;2515;0;0;95;0;200;0;
12614;5548266;1059401728;21790720;1200013312;0;0;0;0;0;0;0;0;0;0;0;3306;0;0;95;0;200;0;
12615;5760433;1059401728;21790720;1200013312;0;0;0;0;0;0;0;0;0;0;0;1803;0;0;95;0;200;0;
12616;6690667;1059401728;21790720;1200013312;0;0;0;0;0;0;0;0;0;0;0;3226;0;0;95;0;200;0;
12617;6389142;1059401728;21790720;1200013312;0;0;0;0;0;0;0;0;0;0;0;1944;0;0;95;0;200;0;
12618;5798043;1059401728;21790720;1200013312;0;0;0;0;0;0;0;0;0;0;0;3176;0;0;95;0;200;0;
12619;7397253;1059401728;21790720;1200013312;0;0;0;0;0;0;0;0;0;0;0;3236;0;0;95;0;200;0;
12620;5244596;1059401728;21790720;1200013312;0;0;0;0;0;0;0;0;0;0;0;3347;0;0;95;0;200;0;
12621;5158584;1059401728;21790720;1200013312;0;0;0;0;0;0;0;0;0;0;0;2294;0;0;95;0;200;0;
12622;3880708;1059401728;21790720;1200013312;0;0;0;0;0;0;0;0;0;0;0;4048;0;0;95;0;200;0;
12623;5966870;1059401728;21790720;1200013312;0;0;0;0;0;0;0;0;0;0;0;2745;0;0;95;0;200;0;
12624;5821978;1059401728;21790720;1200013312;0;0;0;0;0;0;0;0;0;0;0;3717;0;0;95;0;200;0;
12625;5730668;1059401728;21790720;1200013312;0;0;0;0;0;0;0;0;0;0;0;1563;0;0;95;0;200;0;
12626;5859159;1059401728;21790720;1200013312;0;0;0;0;0;0;0;0;0;0;0;3036;0;0;95;0;200;0;
12627;6965884;1059401728;21790720;1200013312;0;0;0;0;0;0;0;0;0;0;0;2144;0;0;95;0;200;0;
12628;5742750;1059401728;21790720;1200013312;0;0;0;0;0;0;0;0;0;0;0;3226;0;0;95;0;200;0;
12629;5350224;1059401728;21790720;1200013312;0;0;0;0;0;0;0;0;0;0;0;2014;0;0;95;0;200;0;
12630;4879571;1059401728;21790720;1200013312;0;0;0;0;0;0;0;0;0;0;0;4147;0;0;95;0;200;0;
12631;5104372;1059401728;21790720;1200013312;0;0;0;0;0;0;0;0;0;0;0;2244;0;0;95;0;200;0;
12632;7184053;1059401728;21790720;1200013312;0;0;0;0;0;0;0;0;0;0;0;2485;0;0;95;0;200;0;
12633;6376278;1059401728;21790720;1200013312;0;0;0;0;0;0;0;0;0;0;0;1793;0;0;95;0;200;0;
12634;5122797;1059401728;21790720;1200013312;0;0;0;0;0;0;0;0;0;0;0;2946;0;0;95;0;200;0;
12635;6124515;1059401728;21790720;1200013312;0;0;0;0;0;0;0;0;0;0;0;3506;0;0;95;0;200;0;
12636;5362256;1059401728;21790720;1200013312;0;0;0;0;0;0;0;0;0;0;0;3717;0;0;95;0;200;0;
12637;5637352;1059401728;21790720;1200013312;0;0;0;0;0;0;0;0;0;0;0;1903;0;0;95;0;200;0;
12638;7346828;1059401728;21790720;1200013312;0;0;0;0;0;0;0;0;0;0;0;3156;0;0;95;0;200;0;
12639;6008047;1059401728;21790720;1200013312;0;0;0;0;0;0;0;0;0;0;0;2294;0;0;95;0;200;0;
12640;6543832;1059401728;21790720;1200013312;0;0;0;0;0;0;0;0;0;0;0;3136;0;0;95;0;200;0;
12641;6285037;1059401728;21790720;1200013312;0;0;0;0;0;0;0;0;0;0;0;2324;0;0;95;0;200;0;
12642;5629688;1059401728;21790720;1200013312;0;0;0;0;0;0;0;0;0;0;0;3597;0;0;95;0;200;0;
12643;4867909;1059401728;21790720;1200013312;0;0;0;0;0;0;0;0;0;0;0;1813;0;0;95;0;200;0;
12644;4970281;1059401728;21790720;1200013312;0;0;0;0;0;0;0;0;0;0;0;3407;0;0;95;0;200;0;
12645;6374284;1059401728;21790720;1200013312;0;0;0;0;0;0;0;0;0;0;0;3547;0;0;95;0;200;0;
12646;3792923;1059401728;21790720;1200013312;0;0;0;0;0;0;0;0;0;0;0;3116;0;0;95;0;200;0;
12647;7890998;1059401728;21790720;1200013312;0;0;0;0;0;0;0;0;0;0;0;3386;0;0;95;0;200;0;
12648;4169069;1059401728;21790720;1200013312;0;0;0;0;0;0;0;0;0;0;0;2876;0;0;95;0;200;0;
12649;7859189;1059401728;21790720;1200013312;0;0;0;0;0;0;0;0;0;0;0;2404;0;0;95;0;200;0;
12650;4303951;1059401728;21790720;1200013312;0;0;0;0;0;0;0;0;0;0;0;2906;0;0;95;0;200;0;
12651;6692100;1059401728;21790720;1200013312;0;0;0;0;0;0;0;0;0;0;0;2996;0;0;95;0;200;0;
12652;5430815;1059401728;21790720;1200013312;0;0;0;0;0;0;0;0;0;0;0;4208;0;0;95;0;200;0;
12653;6618222;1059401728;21790720;1200013312;0;0;0;0;0;0;0;0;0;0;0;2735;0;0;95;0;200;0;
12654;3145299;1059401728;21790720;1200013312;0;0;0;0;0;0;0;0;0;0;0;2705;0;0;95;0;200;0;
12655;7094866;1059401728;21790720;1200013312;0;0;0;0;0;0;0;0;0;0;0;2945;0;0;95;0;200;0;
12656;3350083;1059401728;21790720;1200013312;0;0;0;0;0;0;0;0;0;0;0;2755;0;0;95;0;200;0;
12657;5834912;1059401728;21790720;1200013312;0;0;0;0;0;0;0;0;0;0;0;2084;0;0;95;0;200;0;
12658;4183235;1059401728;21790720;1200013312;0;0;0;0;0;0;0;0;0;0;0;3587;0;0;95;0;200;0;
12659;6520769;1059401728;21790720;1200013312;0;0;0;0;0;0;0;0;0;0;0;1894;0;0;95;0;200;0;
12660;3376863;1059401728;21790720;1200013312;0;0;0;0;0;0;0;0;0;0;0;2916;0;0;95;0;200;0;
12661;6682131;1059401728;21790720;1200013312;0;0;0;0;0;0;0;0;0;0;0;2434;0;0;95;0;200;0;
12662;5067975;1059401728;21790720;1200013312;0;0;0;0;0;0;0;0;0;0;0;2956;0;0;95;0;200;0;
12663;7085999;1059401728;21790720;1200013312;0;0;0;0;0;0;0;0;0;0;0;2304;0;0;95;0;200;0;
12664;3299027;1059401728;21790720;1200013312;0;0;0;0;0;0;0;0;0;0;0;2365;0;0;95;0;200;0;
12665;7652281;1059401728;21790720;1200013312;0;0;0;0;0;0;0;0;0;0;0;3066;0;0;95;0;200;0;
12666;3229958;1059401728;21790720;1200013312;0;0;0;0;0;0;0;0;0;0;0;2876;0;0;95;0;200;0;
12667;6829759;1059401728;21790720;1200013312;0;0;0;0;0;0;0;0;0;0;0;1833;0;0;95;0;200;0;
12668;4949331;1059401728;21790720;1200013312;0;0;0;0;0;0;0;0;0;0;0;3577;0;0;95;0;200;0;
12669;5523229;1059401728;21790720;1200013312;0;0;0;0;0;0;0;0;0;0;0;2194;0;0;95;0;200;0;
12670;5367196;1059401728;21790720;1200013312;0;0;0;0;0;0;0;0;0;0;0;3366;0;0;95;0;200;0;
12671;6939545;1059401728;21790720;1200013312;0;0;0;0;0;0;0;0;0;0;0;2285;0;0;95;0;200;0;
12672;5817981;1059401728;21790720;1200013312;0;0;0;0;0;0;0;0;0;0;0;2595;0;0;95;0;200;0;
12673;6615256;1059401728;21790720;1200013312;0;0;0;0;0;0;0;0;0;0;0;2114;0;0;95;0;200;0;
12674;5542244;1059401728;21790720;1200013312;0;0;0;0;0;0;0;0;0;0;0;2775;0;0;95;0;200;0;
12675;6850337;1059401728;21790720;1200013312;0;0;0;0;0;0;0;0;0;0;0;1833;0;0;95;0;200;0;
12676;5182689;1059401728;21790720;1200013312;0;0;0;0;0;0;0;0;0;0;0;3246;0;0;95;0;200;0;
12677;5272308;1059401728;21790720;1200013312;0;0;0;0;0;0;0;0;0;0;0;1923;0;0;95;0;200;0;
12678;6508707;1059401728;21790720;1200013312;0;0;0;0;0;0;0;0;0;0;0;2514;0;0;95;0;200;0;
12679;6638811;1059401728;21790720;1200013312;0;0;0;0;0;0;0;0;0;0;0;1913;0;0;95;0;200;0;
12680;5017399;1059401728;21790720;1200013312;0;0;0;0;0;0;0;0;0;0;0;2835;0;0;95;0;200;0;
12681;5333432;1059401728;21790720;1200013312;0;0;0;0;0;0;0;0;0;0;0;1483;0;0;95;0;200;0;
12682;14242650;1059401728;21790720;1200013312;0;0;0;0;0;0;0;0;0;0;0;3096;0;0;95;0;200;0;
12683;7663071;1059401728;21790720;1200013312;0;0;0;0;0;0;0;0;0;0;0;2806;0;0;95;0;200;0;
12684;3731227;1059401728;21790720;1200013312;0;0;0;0;0;0;0;0;0;0;0;3446;0;0;95;0;200;0;
12685;6138533;1059401728;21790720;1200013312;0;0;0;0;0;0;0;0;0;0;0;2144;0;0;95;0;200;0;
12686;3460540;1059401728;21790720;1200013312;0;0;0;0;0;0;0;0;0;0;0;3336;0;0;95;0;200;0;
12687;5754732;1059401728;21790720;1200013312;0;0;0;0;0;0;0;0;0;0;0;1984;0;0;95;0;200;0;
12688;5558986;1059401728;21790720;1200013312;0;0;0;0;0;0;0;0;0;0;0;3797;0;0;95;0;200;0;
12689;5445923;1059401728;21790720;1200013312;0;0;0;0;0;0;0;0;0;0;0;3016;0;0;95;0;200;0;
12690;5457014;1059401728;21798912;1200021504;0;0;0;0;0;0;0;0;0;0;0;3196;0;0;95;0;200;0;
12691;7468246;1059401728;21798912;1200021504;0;0;0;0;0;0;0;0;0;0;0;3196;0;0;95;0;200;0;
12692;7057034;1059401728;21798912;1200021504;0;0;0;0;0;0;0;0;0;0;0;3437;0;0;95;0;200;0;
12693;6907404;1059401728;21798912;1200021504;0;0;0;0;0;0;0;0;0;0;0;4138;0;0;95;0;200;0;
12694;6569561;1059401728;21798912;1200021504;0;0;0;0;0;0;0;0;0;0;0;3768;0;0;95;0;200;0;
12695;6851840;1059401728;21798912;1200021504;0;0;0;0;0;0;0;0;0;0;0;2935;0;0;95;0;200;0;
12696;3191776;1059401728;21790720;1200013312;0;0;0;0;0;0;0;0;0;0;0;2695;0;0;95;0;200;0;
12697;8625657;1059401728;21790720;1200013312;0;0;0;0;0;0;0;0;0;0;0;4097;0;0;95;0;200;0;
12698;6516060;1059401728;21790720;1200013312;0;0;0;0;0;0;0;0;0;0;0;2835;0;0;95;0;200;0;
12699;6625645;1059401728;21790720;1200013312;0;0;0;0;0;0;0;0;0;0;0;3677;0;0;95;0;200;0;
12700;7144980;1059401728;21790720;1200013312;0;0;0;0;0;0;0;0;0;0;0;3226;0;0;95;0;200;0;
12701;6772612;1059401728;21790720;1200013312;0;0;0;0;0;0;0;0;0;0;0;3767;0;0;95;0;200;0;
12702;3687015;1059401728;21790720;1200013312;0;0;0;0;0;0;0;0;0;0;0;2986;0;0;95;0;200;0;
12703;8132271;1059401728;21790720;1200013312;0;0;0;0;0;0;0;0;0;0;0;2334;0;0;95;0;200;0;
12704;5903791;1059401728;21790720;1200013312;0;0;0;0;0;0;0;0;0;0;0;3517;0;0;95;0;200;0;
12705;8387029;1059401728;21790720;1200013312;0;0;0;0;0;0;0;0;0;0;0;3506;0;0;95;0;200;0;
12706;3122516;1059401728;21790720;1200013312;0;0;0;0;0;0;0;0;0;0;0;4048;0;0;95;0;200;0;
12707;6768463;1059401728;21790720;1200013312;0;0;0;0;0;0;0;0;0;0;0;1553;0;0;95;0;200;0;
12708;4430539;1059401728;21790720;1200013312;0;0;0;0;0;0;0;0;0;0;0;2825;0;0;95;0;200;0;
12709;7771534;1059401728;21790720;1200013312;0;0;0;0;0;0;0;0;0;0;0;3256;0;0;95;0;200;0;
12710;3592337;1059401728;21790720;1200013312;0;0;0;0;0;0;0;0;0;0;0;2825;0;0;95;0;200;0;
12711;7445413;1059401728;21790720;1200013312;0;0;0;0;0;0;0;0;0;0;0;2053;0;0;95;0;200;0;
12712;2935375;1059401728;21790720;1200013312;0;0;0;0;0;0;0;0;0;0;0;2615;0;0;95;0;200;0;
12713;4971894;1059401728;21790720;1200013312;0;0;0;0;0;0;0;0;0;0;0;1683;0;0;95;0;200;0;
12714;4797467;1059401728;21790720;1200013312;0;0;0;0;0;0;0;0;0;0;0;2695;0;0;95;0;200;0;
12715;5882152;1059401728;21790720;1200013312;0;0;0;0;0;0;0;0;0;0;0;2365;0;0;95;0;200;0;
12716;4997493;1059401728;21790720;1200013312;0;0;0;0;0;0;0;0;0;0;0;3286;0;0;95;0;200;0;
12717;7102339;1059401728;21790720;1200013312;0;0;0;0;0;0;0;0;0;0;0;2675;0;0;95;0;200;0;
12718;5041224;1059401728;21790720;1200013312;0;0;0;0;0;0;0;0;0;0;0;3466;0;0;95;0;200;0;
12719;4560142;1059401728;21790720;1200013312;0;0;0;0;0;0;0;0;0;0;0;1653;0;0;95;0;200;0;
12720;4369405;1059401728;21790720;1200013312;0;0;0;0;0;0;0;0;0;0;0;2835;0;0;95;0;200;0;
12721;6616048;1059401728;21790720;1200013312;0;0;0;0;0;0;0;0;0;0;0;1964;0;0;95;0;200;0;
12722;3639896;1059401728;21790720;1200013312;0;0;0;0;0;0;0;0;0;0;0;2295;0;0;95;0;200;0;
12723;6496433;1059401728;21790720;1200013312;0;0;0;0;0;0;0;0;0;0;0;1793;0;0;95;0;200;0;
12724;4552247;1059401728;21790720;1200013312;0;0;0;0;0;0;0;0;0;0;0;2325;0;0;95;0;200;0;
12725;4868390;1059401728;21790720;1200013312;0;0;0;0;0;0;0;0;0;0;0;2134;0;0;95;0;200;0;
12726;4760799;1059401728;21790720;1200013312;0;0;0;0;0;0;0;0;0;0;0;2675;0;0;95;0;200;0;
12727;6227339;1059401728;21790720;1200013312;0;0;0;0;0;0;0;0;0;0;0;1673;0;0;95;0;200;0;
12728;4521360;1059401728;21790720;1200013312;0;0;0;0;0;0;0;0;0;0;0;3336;0;0;95;0;200;0;
12729;6062710;1059401728;21790720;1200013312;0;0;0;0;0;0;0;0;0;0;0;2464;0;0;95;0;200;0;
12730;3430744;1059401728;21790720;1200013312;0;0;0;0;0;0;0;0;0;0;0;2395;0;0;95;0;200;0;
12731;5428280;1059401728;21790720;1200013312;0;0;0;0;0;0;0;0;0;0;0;2014;0;0;95;0;200;0;
12732;3484976;1059401728;21790720;1200013312;0;0;0;0;0;0;0;0;0;0;0;3827;0;0;95;0;200;0;
12733;5985035;1059401728;21790720;1200013312;0;0;0;0;0;0;0;0;0;0;0;2194;0;0;95;0;200;0;
12734;3859929;1059401728;21790720;1200013312;0;0;0;0;0;0;0;0;0;0;0;3025;0;0;95;0;200;0;
12735;6734841;1059401728;21790720;1200013312;0;0;0;0;0;0;0;0;0;0;0;2455;0;0;95;0;200;0;
12736;3426877;1059401728;21790720;1200013312;0;0;0;0;0;0;0;0;0;0;0;3186;0;0;95;0;200;0;
12737;5487982;1059401728;21790720;1200013312;0;0;0;0;0;0;0;0;0;0;0;1834;0;0;95;0;200;0;
12738;3205561;1059401728;21790720;1200013312;0;0;0;0;0;0;0;0;0;0;0;2926;0;0;95;0;200;0;
12739;6396907;1059401728;21790720;1200013312;0;0;0;0;0;0;0;0;0;0;0;2004;0;0;95;0;200;0;
12740;4880783;1059401728;21790720;1200013312;0;0;0;0;0;0;0;0;0;0;0;3496;0;0;95;0;200;0;
12741;6989187;1059401728;21790720;1200013312;0;0;0;0;0;0;0;0;0;0;0;2275;0;0;95;0;200;0;
12742;5560899;1059401728;21790720;1200013312;0;0;0;0;0;0;0;0;0;0;0;2514;0;0;95;0;200;0;
12743;6958049;1059401728;21790720;1200013312;0;0;0;0;0;0;0;0;0;0;0;2315;0;0;95;0;200;0;
12744;4048012;1059401728;21790720;1200013312;0;0;0;0;0;0;0;0;0;0;0;2455;0;0;95;0;200;0;
12745;7071842;1059401728;21790720;1200013312;0;0;0;0;0;0;0;0;0;0;0;2164;0;0;95;0;200;0;
12746;5024523;1059401728;21790720;1200013312;0;0;0;0;0;0;0;0;0;0;0;2966;0;0;95;0;200;0;
12747;6014790;1059401728;21790720;1200013312;0;0;0;0;0;0;0;0;0;0;0;168195;0;0;95;0;200;0;
12748;6735662;1059401728;21790720;1200013312;0;0;0;0;0;0;0;0;0;0;0;3136;0;0;95;0;200;0;
12749;4832182;1059401728;21790720;1200013312;0;0;0;0;0;0;0;0;0;0;0;1854;0;0;95;0;200;0;
12750;4394291;1059401728;21790720;1200013312;0;0;0;0;0;0;0;0;0;0;0;2485;0;0;95;0;200;0;
12751;6816524;1059401728;21790720;1200013312;0;0;0;0;0;0;0;0;0;0;0;347522;0;0;95;0;200;0;
12752;4693312;1059401728;21790720;1200013312;0;0;0;0;0;0;0;0;0;0;0;3026;0;0;95;0;200;0;
12753;6435298;1059401728;21790720;1200013312;0;0;0;0;0;0;0;0;0;0;0;2074;0;0;95;0;200;0;
12754;3068054;1059401728;21790720;1200013312;0;0;0;0;0;0;0;0;0;0;0;2906;0;0;95;0;200;0;
12755;5129379;1059401728;21790720;1200013312;0;0;0;0;0;0;0;0;0;0;0;2104;0;0;95;0;200;0;
12756;3854649;1059401728;21790720;1200013312;0;0;0;0;0;0;0;0;0;0;0;3427;0;0;95;0;200;0;
12757;5449870;1059401728;21790720;1200013312;0;0;0;0;0;0;0;0;0;0;0;2024;0;0;95;0;200;0;
12758;2571793;1059401728;21790720;1200013312;0;0;0;0;0;0;0;0;0;0;0;2194;0;0;95;0;200;0;
12759;6573518;1059401728;21790720;1200013312;0;0;0;0;0;0;0;0;0;0;0;2174;0;0;95;0;200;0;
12760;3891248;1059401728;21790720;1200013312;0;0;0;0;0;0;0;0;0;0;0;2805;0;0;95;0;200;0;
12761;6434988;1059401728;21790720;1200013312;0;0;0;0;0;0;0;0;0;0;0;1823;0;0;95;0;200;0;
12762;5323604;1059401728;21790720;1200013312;0;0;0;0;0;0;0;0;0;0;0;27742;0;0;95;0;200;0;
12763;5832718;1059401728;21790720;1200013312;0;0;0;0;0;0;0;0;0;0;0;2014;0;0;95;0;200;0;
12764;2864322;1059401728;21790720;1200013312;0;0;0;0;0;0;0;0;0;0;0;2474;0;0;95;0;200;0;
12765;6834036;1059401728;21790720;1200013312;0;0;0;0;0;0;0;0;0;0;0;1743;0;0;95;0;200;0;
12766;3296473;1059401728;21790720;1200013312;0;0;0;0;0;0;0;0;0;0;0;2595;0;0;95;0;200;0;
12767;6821613;1059401728;21790720;1200013312;0;0;0;0;0;0;0;0;0;0;0;2165;0;0;95;0;200;0;
12768;4409820;1059401728;21790720;1200013312;0;0;0;0;0;0;0;0;0;0;0;3016;0;0;95;0;200;0;
12769;6441580;1059401728;21790720;1200013312;0;0;0;0;0;0;0;0;0;0;0;2214;0;0;95;0;200;0;
12770;2866616;1059401728;21790720;1200013312;0;0;0;0;0;0;0;0;0;0;0;2835;0;0;95;0;200;0;
12771;6382740;1059401728;21790720;1200013312;0;0;0;0;0;0;0;0;0;0;0;2364;0;0;95;0;200;0;
12772;3045581;1059401728;21790720;1200013312;0;0;0;0;0;0;0;0;0;0;0;3497;0;0;95;0;200;0;
12773;6121941;1059401728;21790720;1200013312;0;0;0;0;0;0;0;0;0;0;0;2595;0;0;95;0;200;0;
12774;4202251;1059401728;21790720;1200013312;0;0;0;0;0;0;0;0;0;0;0;3988;0;0;95;0;200;0;
12775;5321340;1059401728;21790720;1200013312;0;0;0;0;0;0;0;0;0;0;0;1973;0;0;95;0;200;0;
12776;4966313;1059401728;21790720;1200013312;0;0;0;0;0;0;0;0;0;0;0;2906;0;0;95;0;200;0;
12777;5952764;1059401728;21790720;1200013312;0;0;0;0;0;0;0;0;0;0;0;2305;0;0;95;0;200;0;
12778;3237611;1059401728;21790720;1200013312;0;0;0;0;0;0;0;0;0;0;0;2865;0;0;95;0;200;0;
12779;5953214;1059401728;21790720;1200013312;0;0;0;0;0;0;0;0;0;0;0;2024;0;0;95;0;200;0;
12780;3437887;1059401728;21790720;1200013312;0;0;0;0;0;0;0;0;0;0;0;4028;0;0;95;0;200;0;
12781;5103170;1059401728;21790720;1200013312;0;0;0;0;0;0;0;0;0;0;0;2134;0;0;95;0;200;0;
12782;4812195;1059401728;21790720;1200013312;0;0;0;0;0;0;0;0;0;0;0;3196;0;0;95;0;200;0;
12783;5476621;1059401728;21790720;1200013312;0;0;0;0;0;0;0;0;0;0;0;2535;0;0;95;0;200;0;
12784;3310548;1059401728;21790720;1200013312;0;0;0;0;0;0;0;0;0;0;0;3396;0;0;95;0;200;0;
12785;5861021;1059401728;21790720;1200013312;0;0;0;0;0;0;0;0;0;0;0;2164;0;0;95;0;200;0;
12786;2470413;1059401728;21790720;1200013312;0;0;0;0;0;0;0;0;0;0;0;2545;0;0;95;0;200;0;
12787;5269943;1059401728;21790720;1200013312;0;0;0;0;0;0;0;0;0;0;0;2044;0;0;95;0;200;0;
12788;5513379;1059401728;21790720;1200013312;0;0;0;0;0;0;0;0;0;0;0;2986;0;0;95;0;200;0;
12789;6858432;1059401728;21790720;1200013312;0;0;0;0;0;0;0;0;0;0;0;2995;0;0;95;0;200;0;
12790;4014338;1059401728;21790720;1200013312;0;0;0;0;0;0;0;0;0;0;0;3045;0;0;95;0;200;0;
12791;6476626;1059401728;21790720;1200013312;0;0;0;0;0;0;0;0;0;0;0;2805;0;0;95;0;200;0;
12792;5046283;1059401728;21790720;1200013312;0;0;0;0;0;0;0;0;0;0;0;3336;0;0;95;0;200;0;
12793;9799989;1059401728;21790720;1200013312;0;0;0;0;0;0;0;0;0;0;0;145683;0;0;95;0;200;0;
12794;4771749;1059401728;21790720;1200013312;0;0;0;0;0;0;0;0;0;0;0;4127;0;0;95;0;200;0;
12795;8468452;1059401728;21790720;1200013312;0;0;0;0;0;0;0;0;0;0;0;4919;0;0;95;0;200;0;
12796;5082832;1059401728;21790720;1200013312;0;0;0;0;0;0;0;0;0;0;0;4409;0;0;95;0;200;0;
12797;7510305;1059401728;21790720;1200013312;0;0;0;0;0;0;0;0;0;0;0;4138;0;0;95;0;200;0;
12798;4666662;1059401728;21790720;1200013312;0;0;0;0;0;0;0;0;0;0;0;3818;0;0;95;0;200;0;
12799;9134461;1059401728;21790720;1200013312;0;0;0;0;0;0;0;0;0;0;0;4127;0;0;95;0;200;0;
12800;5182570;1059401728;21790720;1200013312;0;0;0;0;0;0;0;0;0;0;0;3938;0;0;95;0;200;0;
12801;8514829;1059401728;21790720;1200013312;0;0;0;0;0;0;0;0;0;0;0;4238;0;0;95;0;200;0;
12802;3700159;1059401728;21790720;1200013312;0;0;0;0;0;0;0;0;0;0;0;3577;0;0;95;0;200;0;
12803;7565037;1059401728;21790720;1200013312;0;0;0;0;0;0;0;0;0;0;0;3767;0;0;95;0;200;0;
12804;5247271;1059401728;21790720;1200013312;0;0;0;0;0;0;0;0;0;0;0;3827;0;0;95;0;200;0;
12805;8862160;1059401728;21790720;1200013312;0;0;0;0;0;0;0;0;0;0;0;3637;0;0;95;0;200;0;
12806;3456542;1059401728;21790720;1200013312;0;0;0;0;0;0;0;0;0;0;0;4368;0;0;95;0;200;0;
12807;9254416;1059401728;21790720;1200013312;0;0;0;0;0;0;0;0;0;0;0;3075;0;0;95;0;200;0;
12808;4965582;1059401728;21790720;1200013312;0;0;0;0;0;0;0;0;0;0;0;4508;0;0;95;0;200;0;
12809;9060793;1059401728;21790720;1200013312;0;0;0;0;0;0;0;0;0;0;0;3346;0;0;95;0;200;0;
12810;4238830;1059401728;21790720;1200013312;0;0;0;0;0;0;0;0;0;0;0;3286;0;0;95;0;200;0;
12811;8394182;1059401728;21790720;1200013312;0;0;0;0;0;0;0;0;0;0;0;3276;0;0;95;0;200;0;
12812;6091574;1059401728;21790720;1200013312;0;0;0;0;0;0;0;0;0;0;0;3306;0;0;95;0;200;0;
12813;8854535;1059401728;21790720;1200013312;0;0;0;0;0;0;0;0;0;0;0;3857;0;0;95;0;200;0;
12814;7546513;1059401728;21790720;1200013312;0;0;0;0;0;0;0;0;0;0;0;3947;0;0;95;0;200;0;
12815;6760699;1059401728;21790720;1200013312;0;0;0;0;0;0;0;0;0;0;0;4067;0;0;95;0;200;0;
12816;7697265;1059401728;21790720;1200013312;0;0;0;0;0;0;0;0;0;0;0;4128;0;0;95;0;200;0;
12817;6231637;1059401728;21790720;1200013312;0;0;0;0;0;0;0;0;0;0;0;3807;0;0;95;0;200;0;
12818;4544933;1059401728;21790720;1200013312;0;0;0;0;0;0;0;0;0;0;0;4609;0;0;95;0;200;0;
12819;6566625;1059401728;21790720;1200013312;0;0;0;0;0;0;0;0;0;0;0;2855;0;0;95;0;200;0;
12820;4044295;1059401728;21790720;1200013312;0;0;0;0;0;0;0;0;0;0;0;3467;0;0;95;0;200;0;
12821;7779490;1059401728;21790720;1200013312;0;0;0;0;0;0;0;0;0;0;0;3366;0;0;95;0;200;0;
12822;3708845;1059401728;21790720;1200013312;0;0;0;0;0;0;0;0;0;0;0;3387;0;0;95;0;200;0;
12823;6459675;1059401728;21790720;1200013312;0;0;0;0;0;0;0;0;0;0;0;1723;0;0;95;0;200;0;
12824;4073600;1059401728;21790720;1200013312;0;0;0;0;0;0;0;0;0;0;0;3567;0;0;95;0;200;0;
12825;5805628;1059401728;21790720;1200013312;0;0;0;0;0;0;0;0;0;0;0;2315;0;0;95;0;200;0;
12826;4601560;1059401728;21790720;1200013312;0;0;0;0;0;0;0;0;0;0;0;4689;0;0;95;0;200;0;
12827;7305240;1059401728;21790720;1200013312;0;0;0;0;0;0;0;0;0;0;0;3487;0;0;95;0;200;0;
12828;3577029;1059401728;21790720;1200013312;0;0;0;0;0;0;0;0;0;0;0;4238;0;0;95;0;200;0;
12829;5723815;1059401728;21790720;1200013312;0;0;0;0;0;0;0;0;0;0;0;2054;0;0;95;0;200;0;
12830;3727751;1059401728;21790720;1200013312;0;0;0;0;0;0;0;0;0;0;0;3005;0;0;95;0;200;0;
12831;5874637;1059401728;21790720;1200013312;0;0;0;0;0;0;0;0;0;0;0;1834;0;0;95;0;200;0;
12832;4916621;1059401728;21790720;1200013312;0;0;0;0;0;0;0;0;0;0;0;3016;0;0;95;0;200;0;
12833;6711316;1059401728;21790720;1200013312;0;0;0;0;0;0;0;0;0;0;0;2395;0;0;95;0;200;0;
12834;4243789;1059401728;21790720;1200013312;0;0;0;0;0;0;0;0;0;0;0;2415;0;0;95;0;200;0;
12835;6503667;1059401728;21790720;1200013312;0;0;0;0;0;0;0;0;0;0;0;2194;0;0;95;0;200;0;
12836;4138732;1059401728;21790720;1200013312;0;0;0;0;0;0;0;0;0;0;0;3617;0;0;95;0;200;0;
12837;7123600;1059401728;21790720;1200013312;0;0;0;0;0;0;0;0;0;0;0;2575;0;0;95;0;200;0;
12838;6039627;1059401728;21790720;1200013312;0;0;0;0;0;0;0;0;0;0;0;3005;0;0;95;0;200;0;
12839;5825134;1059401728;21790720;1200013312;0;0;0;0;0;0;0;0;0;0;0;2224;0;0;95;0;200;0;
12840;5473645;1059401728;21790720;1200013312;0;0;0;0;0;0;0;0;0;0;0;3016;0;0;95;0;200;0;
12841;6491323;1059401728;21790720;1200013312;0;0;0;0;0;0;0;0;0;0;0;2645;0;0;95;0;200;0;
12842;5987529;1059401728;21790720;1200013312;0;0;0;0;0;0;0;0;0;0;0;3496;0;0;95;0;200;0;
12843;6657405;1059401728;21790720;1200013312;0;0;0;0;0;0;0;0;0;0;0;1843;0;0;95;0;200;0;
12844;4330741;1059401728;21790720;1200013312;0;0;0;0;0;0;0;0;0;0;0;3146;0;0;95;0;200;0;
12845;7611785;1059401728;21790720;1200013312;0;0;0;0;0;0;0;0;0;0;0;2224;0;0;95;0;200;0;
12846;2522421;1059401728;21790720;1200013312;0;0;0;0;0;0;0;0;0;0;0;3957;0;0;95;0;200;0;
12847;6809360;1059401728;21790720;1200013312;0;0;0;0;0;0;0;0;0;0;0;2475;0;0;95;0;200;0;
12848;3990454;1059401728;21790720;1200013312;0;0;0;0;0;0;0;0;0;0;0;3467;0;0;95;0;200;0;
12849;5947423;1059401728;21790720;1200013312;0;0;0;0;0;0;0;0;0;0;0;2164;0;0;95;0;200;0;
12850;6361129;1059401728;21790720;1200013312;0;0;0;0;0;0;0;0;0;0;0;4439;0;0;95;0;200;0;
12851;6680509;1059401728;21790720;1200013312;0;0;0;0;0;0;0;0;0;0;0;2685;0;0;95;0;200;0;
12852;7053478;1059401728;21790720;1200013312;0;0;0;0;0;0;0;0;0;0;0;2876;0;0;95;0;200;0;
12853;7566700;1059401728;21790720;1200013312;0;0;0;0;0;0;0;0;0;0;0;2434;0;0;95;0;200;0;
12854;5153405;1059401728;21790720;1200013312;0;0;0;0;0;0;0;0;0;0;0;3667;0;0;95;0;200;0;
12855;6663777;1059401728;21790720;1200013312;0;0;0;0;0;0;0;0;0;0;0;1874;0;0;95;0;200;0;
12856;7755104;1059401728;21790720;1200013312;0;0;0;0;0;0;0;0;0;0;0;3226;0;0;95;0;200;0;
12857;8254190;1059401728;21790720;1200013312;0;0;0;0;0;0;0;0;0;0;0;2515;0;0;95;0;200;0;
12858;12199609;1059401728;21790720;1200013312;0;0;0;0;0;0;0;0;0;0;0;2965;0;0;95;0;200;0;
12859;6932441;1059401728;21790720;1200013312;0;0;0;0;0;0;0;0;0;0;0;2434;0;0;95;0;200;0;
12860;4036760;1059401728;21790720;1200013312;0;0;0;0;0;0;0;0;0;0;0;5019;0;0;95;0;200;0;
12861;7984955;1059401728;21790720;1200013312;0;0;0;0;0;0;0;0;0;0;0;4338;0;0;95;0;200;0;
12862;4311485;1059401728;21790720;1200013312;0;0;0;0;0;0;0;0;0;0;0;2575;0;0;95;0;200;0;
12863;7730949;1059401728;21790720;1200013312;0;0;0;0;0;0;0;0;0;0;0;3597;0;0;95;0;200;0;
12864;4080111;1059401728;21790720;1200013312;0;0;0;0;0;0;0;0;0;0;0;3036;0;0;95;0;200;0;
12865;8339059;1059401728;21790720;1200013312;0;0;0;0;0;0;0;0;0;0;0;2655;0;0;95;0;200;0;
12866;4476144;1059401728;21790720;1200013312;0;0;0;0;0;0;0;0;0;0;0;2745;0;0;95;0;200;0;
12867;9467055;1059401728;21790720;1200013312;0;0;0;0;0;0;0;0;0;0;0;3266;0;0;95;0;200;0;
12868;3806158;1059401728;21790720;1200013312;0;0;0;0;0;0;0;0;0;0;0;3807;0;0;95;0;200;0;
12869;9444242;1059401728;21790720;1200013312;0;0;0;0;0;0;0;0;0;0;0;3456;0;0;95;0;200;0;
12870;3998359;1059401728;21790720;1200013312;0;0;0;0;0;0;0;0;0;0;0;3817;0;0;95;0;200;0;
12871;7776324;1059401728;21790720;1200013312;0;0;0;0;0;0;0;0;0;0;0;3176;0;0;95;0;200;0;
12872;5010867;1059401728;21790720;1200013312;0;0;0;0;0;0;0;0;0;0;0;3115;0;0;95;0;200;0;
12873;7975117;1059401728;21790720;1200013312;0;0;0;0;0;0;0;0;0;0;0;2875;0;0;95;0;200;0;
12874;4404470;1059401728;21790720;1200013312;0;0;0;0;0;0;0;0;0;0;0;3156;0;0;95;0;200;0;
12875;8713661;1059401728;21790720;1200013312;0;0;0;0;0;0;0;0;0;0;0;3085;0;0;95;0;200;0;
12876;6314241;1059401728;21790720;1200013312;0;0;0;0;0;0;0;0;0;0;0;3767;0;0;95;0;200;0;
12877;7224789;1059401728;21790720;1200013312;0;0;0;0;0;0;0;0;0;0;0;3797;0;0;95;0;200;0;
12878;5821117;1059401728;21790720;1200013312;0;0;0;0;0;0;0;0;0;0;0;4008;0;0;95;0;200;0;
12879;6815181;1059401728;21790720;1200013312;0;0;0;0;0;0;0;0;0;0;0;2725;0;0;95;0;200;0;
12880;5140410;1059401728;21790720;1200013312;0;0;0;0;0;0;0;0;0;0;0;4017;0;0;95;0;200;0;
12881;8382501;1059401728;21790720;1200013312;0;0;0;0;0;0;0;0;0;0;0;3687;0;0;95;0;200;0;
12882;3546020;1059401728;21790720;1200013312;0;0;0;0;0;0;0;0;0;0;0;3366;0;0;95;0;200;0;
12883;6199347;1059401728;21790720;1200013312;0;0;0;0;0;0;0;0;0;0;0;2975;0;0;95;0;200;0;
12884;4313670;1059401728;21790720;1200013312;0;0;0;0;0;0;0;0;0;0;0;2956;0;0;95;0;200;0;
12885;6290637;1059401728;21790720;1200013312;0;0;0;0;0;0;0;0;0;0;0;3156;0;0;95;0;200;0;
12886;4835449;1059401728;21790720;1200013312;0;0;0;0;0;0;0;0;0;0;0;3186;0;0;95;0;200;0;
12887;8631106;1059401728;21790720;1200013312;0;0;0;0;0;0;0;0;0;0;0;3146;0;0;95;0;200;0;
12888;3482281;1059401728;21790720;1200013312;0;0;0;0;0;0;0;0;0;0;0;3176;0;0;95;0;200;0;
12889;7688068;1059401728;21790720;1200013312;0;0;0;0;0;0;0;0;0;0;0;3266;0;0;95;0;200;0;
12890;4639200;1059401728;21790720;1200013312;0;0;0;0;0;0;0;0;0;0;0;3186;0;0;95;0;200;0;
12891;5105214;1059401728;21790720;1200013312;0;0;0;0;0;0;0;0;0;0;0;2225;0;0;95;0;200;0;
12892;6032674;1059401728;21790720;1200013312;0;0;0;0;0;0;0;0;0;0;0;3586;0;0;95;0;200;0;
12893;5829283;1059401728;21790720;1200013312;0;0;0;0;0;0;0;0;0;0;0;2795;0;0;95;0;200;0;
12894;4329760;1059401728;21790720;1200013312;0;0;0;0;0;0;0;0;0;0;0;2875;0;0;95;0;200;0;
12895;7104553;1059401728;21790720;1200013312;0;0;0;0;0;0;0;0;0;0;0;2746;0;0;95;0;200;0;
12896;4305515;1059401728;21790720;1200013312;0;0;0;0;0;0;0;0;0;0;0;26720;0;0;95;0;200;0;
12897;6324460;1059401728;21790720;1200013312;0;0;0;0;0;0;0;0;0;0;0;2555;0;0;95;0;200;0;
12898;4252666;1059401728;21790720;1200013312;0;0;0;0;0;0;0;0;0;0;0;4058;0;0;95;0;200;0;
12899;7209441;1059401728;21790720;1200013312;0;0;0;0;0;0;0;0;0;0;0;3958;0;0;95;0;200;0;
12900;6590490;1059401728;21790720;1200013312;0;0;0;0;0;0;0;0;0;0;0;3236;0;0;95;0;200;0;
12901;8867841;1059401728;21790720;1200013312;0;0;0;0;0;0;0;0;0;0;0;3807;0;0;95;0;200;0;
12902;5710449;1059401728;21790720;1200013312;0;0;0;0;0;0;0;0;0;0;0;3627;0;0;95;0;200;0;
12903;8146548;1059401728;21790720;1200013312;0;0;0;0;0;0;0;0;0;0;0;4178;0;0;95;0;200;0;
12904;4818296;1059401728;21790720;1200013312;0;0;0;0;0;0;0;0;0;0;0;3266;0;0;95;0;200;0;
12905;6068982;1059401728;21790720;1200013312;0;0;0;0;0;0;0;0;0;0;0;2775;0;0;95;0;200;0;
12906;4499048;1059401728;21790720;1200013312;0;0;0;0;0;0;0;0;0;0;0;3817;0;0;95;0;200;0;
12907;7854871;1059401728;21790720;1200013312;0;0;0;0;0;0;0;0;0;0;0;3136;0;0;95;0;200;0;
12908;4147398;1059401728;21790720;1200013312;0;0;0;0;0;0;0;0;0;0;0;3436;0;0;95;0;200;0;
12909;7344093;1059401728;21790720;1200013312;0;0;0;0;0;0;0;0;0;0;0;3527;0;0;95;0;200;0;
12910;4492024;1059401728;21790720;1200013312;0;0;0;0;0;0;0;0;0;0;0;3677;0;0;95;0;200;0;
12911;7516687;1059401728;21790720;1200013312;0;0;0;0;0;0;0;0;0;0;0;2705;0;0;95;0;200;0;
12912;5181357;1059401728;21790720;1200013312;0;0;0;0;0;0;0;0;0;0;0;3236;0;0;95;0;200;0;
12913;7363660;1059401728;21790720;1200013312;0;0;0;0;0;0;0;0;0;0;0;2154;0;0;95;0;200;0;
12914;5184794;1059401728;21790720;1200013312;0;0;0;0;0;0;0;0;0;0;0;3366;0;0;95;0;200;0;
12915;5944599;1059401728;21790720;1200013312;0;0;0;0;0;0;0;0;0;0;0;2164;0;0;95;0;200;0;
12916;5123278;1059401728;21790720;1200013312;0;0;0;0;0;0;0;0;0;0;0;2926;0;0;95;0;200;0;
12917;5915423;1059401728;21790720;1200013312;0;0;0;0;0;0;0;0;0;0;0;2184;0;0;95;0;200;0;
12918;4801986;1059401728;21790720;1200013312;0;0;0;0;0;0;0;0;0;0;0;3697;0;0;95;0;200;0;
12919;5803124;1059401728;21790720;1200013312;0;0;0;0;0;0;0;0;0;0;0;2234;0;0;95;0;200;0;
12920;5037517;1059401728;21790720;1200013312;0;0;0;0;0;0;0;0;0;0;0;3326;0;0;95;0;200;0;
12921;5966169;1059401728;21790720;1200013312;0;0;0;0;0;0;0;0;0;0;0;3627;0;0;95;0;200;0;
12922;4659298;1059401728;21790720;1200013312;0;0;0;0;0;0;0;0;0;0;0;3567;0;0;95;0;200;0;
12923;7616474;1059401728;21790720;1200013312;0;0;0;0;0;0;0;0;0;0;0;3958;0;0;95;0;200;0;
12924;4915789;1059401728;21790720;1200013312;0;0;0;0;0;0;0;0;0;0;0;4379;0;0;95;0;200;0;
12925;8976734;1059401728;21790720;1200013312;0;0;0;0;0;0;0;0;0;0;0;3757;0;0;95;0;200;0;
12926;4265389;1059401728;21790720;1200013312;0;0;0;0;0;0;0;0;0;0;0;3957;0;0;95;0;200;0;
12927;8137250;1059401728;21790720;1200013312;0;0;0;0;0;0;0;0;0;0;0;3246;0;0;95;0;200;0;
12928;4198063;1059401728;21790720;1200013312;0;0;0;0;0;0;0;0;0;0;0;2956;0;0;95;0;200;0;
12929;7868036;1059401728;21790720;1200013312;0;0;0;0;0;0;0;0;0;0;0;4468;0;0;95;0;200;0;
12930;4662945;1059401728;21790720;1200013312;0;0;0;0;0;0;0;0;0;0;0;4368;0;0;95;0;200;0;
12931;6378142;1059401728;21790720;1200013312;0;0;0;0;0;0;0;0;0;0;0;3306;0;0;95;0;200;0;
12932;5369079;1059401728;21790720;1200013312;0;0;0;0;0;0;0;0;0;0;0;3266;0;0;95;0;200;0;
12933;6039927;1059401728;21790720;1200013312;0;0;0;0;0;0;0;0;0;0;0;2614;0;0;95;0;200;0;
12934;5408974;1059401728;21790720;1200013312;0;0;0;0;0;0;0;0;0;0;0;3417;0;0;95;0;200;0;
12935;6431231;1059401728;21790720;1200013312;0;0;0;0;0;0;0;0;0;0;0;4067;0;0;95;0;200;0;
12936;4949051;1059401728;21790720;1200013312;0;0;0;0;0;0;0;0;0;0;0;2605;0;0;95;0;200;0;
12937;7445753;1059401728;21790720;1200013312;0;0;0;0;0;0;0;0;0;0;0;3958;0;0;95;0;200;0;
12938;6562197;1059401728;21790720;1200013312;0;0;0;0;0;0;0;0;0;0;0;3647;0;0;95;0;200;0;
12939;7181327;1059401728;21790720;1200013312;0;0;0;0;0;0;0;0;0;0;0;3216;0;0;95;0;200;0;
12940;6744649;1059401728;21790720;1200013312;0;0;0;0;0;0;0;0;0;0;0;4238;0;0;95;0;200;0;
12941;7690011;1059401728;21790720;1200013312;0;0;0;0;0;0;0;0;0;0;0;2074;0;0;95;0;200;0;
12942;5668370;1059401728;21790720;1200013312;0;0;0;0;0;0;0;0;0;0;0;3076;0;0;95;0;200;0;
12943;6220777;1059401728;21790720;1200013312;0;0;0;0;0;0;0;0;0;0;0;1714;0;0;95;0;200;0;
12944;6793711;1059401728;21790720;1200013312;0;0;0;0;0;0;0;0;0;0;0;3556;0;0;95;0;200;0;
12945;6736824;1059401728;21790720;1200013312;0;0;0;0;0;0;0;0;0;0;0;2564;0;0;95;0;200;0;
12946;4088157;1059401728;21790720;1200013312;0;0;0;0;0;0;0;0;0;0;0;97243;0;0;95;0;200;0;
12947;9031477;1059401728;21790720;1200013312;0;0;0;0;0;0;0;0;0;0;0;2535;0;0;95;0;200;0;
12948;4536247;1059401728;21790720;1200013312;0;0;0;0;0;0;0;0;0;0;0;3998;0;0;95;0;200;0;
12949;6665931;1059401728;21790720;1200013312;0;0;0;0;0;0;0;0;0;0;0;2716;0;0;95;0;200;0;
12950;4593354;1059401728;21790720;1200013312;0;0;0;0;0;0;0;0;0;0;0;3045;0;0;95;0;200;0;
12951;11500337;1059401728;21790720;1200013312;0;0;0;0;0;0;0;0;0;0;0;3697;0;0;95;0;200;0;
12952;7788426;1059401728;21790720;1200013312;0;0;0;0;0;0;0;0;0;0;0;3968;0;0;95;0;200;0;
12953;7890888;1059401728;21790720;1200013312;0;0;0;0;0;0;0;0;0;0;0;4218;0;0;95;0;200;0;
12954;7505676;1059401728;21790720;1200013312;0;0;0;0;0;0;0;0;0;0;0;3396;0;0;95;0;200;0;
12955;7993561;1059401728;21790720;1200013312;0;0;0;0;0;0;0;0;0;0;0;2786;0;0;95;0;200;0;
12956;5021748;1059401728;21790720;1200013312;0;0;0;0;0;0;0;0;0;0;0;3737;0;0;95;0;200;0;
12957;7744433;1059401728;21790720;1200013312;0;0;0;0;0;0;0;0;0;0;0;2564;0;0;95;0;200;0;
12958;7092030;1059401728;21790720;1200013312;0;0;0;0;0;0;0;0;0;0;0;3567;0;0;95;0;200;0;
12959;8088980;1059401728;21790720;1200013312;0;0;0;0;0;0;0;0;0;0;0;2655;0;0;95;0;200;0;
12960;5090617;1059401728;21790720;1200013312;0;0;0;0;0;0;0;0;0;0;0;3306;0;0;95;0;200;0;
12961;9470691;1059401728;21790720;1200013312;0;0;0;0;0;0;0;0;0;0;0;2084;0;0;95;0;200;0;
12962;4746471;1059401728;21790720;1200013312;0;0;0;0;0;0;0;0;0;0;0;3667;0;0;95;0;200;0;
12963;8501724;1059401728;21790720;1200013312;0;0;0;0;0;0;0;0;0;0;0;3757;0;0;95;0;200;0;
12964;4932841;1059401728;21790720;1200013312;0;0;0;0;0;0;0;0;0;0;0;2535;0;0;95;0;200;0;
12965;6159281;1059401728;21790720;1200013312;0;0;0;0;0;0;0;0;0;0;0;3296;0;0;95;0;200;0;
12966;4427614;1059401728;21790720;1200013312;0;0;0;0;0;0;0;0;0;0;0;3427;0;0;95;0;200;0;
12967;6944984;1059401728;21790720;1200013312;0;0;0;0;0;0;0;0;0;0;0;2655;0;0;95;0;200;0;
12968;6401415;1059401728;21790720;1200013312;0;0;0;0;0;0;0;0;0;0;0;256331;0;0;95;0;200;0;
12969;6851189;1059401728;21790720;1200013312;0;0;0;0;0;0;0;0;0;0;0;2515;0;0;95;0;200;0;
12970;6163318;1059401728;21790720;1200013312;0;0;0;0;0;0;0;0;0;0;0;4088;0;0;95;0;200;0;
12971;5569755;1059401728;21790720;1200013312;0;0;0;0;0;0;0;0;0;0;0;1753;0;0;95;0;200;0;
12972;4670359;1059401728;21790720;1200013312;0;0;0;0;0;0;0;0;0;0;0;3437;0;0;95;0;200;0;
12973;6645894;1059401728;21790720;1200013312;0;0;0;0;0;0;0;0;0;0;0;2525;0;0;95;0;200;0;
12974;6740351;1059401728;21790720;1200013312;0;0;0;0;0;0;0;0;0;0;0;3517;0;0;95;0;200;0;
12975;7750986;1059401728;21790720;1200013312;0;0;0;0;0;0;0;0;0;0;0;2555;0;0;95;0;200;0;
12976;6392509;1059401728;21790720;1200013312;0;0;0;0;0;0;0;0;0;0;0;2805;0;0;95;0;200;0;
12977;6840689;1059401728;21790720;1200013312;0;0;0;0;0;0;0;0;0;0;0;2995;0;0;95;0;200;0;
12978;4015781;1059401728;21790720;1200013312;0;0;0;0;0;0;0;0;0;0;0;4218;0;0;95;0;200;0;
12979;7213047;1059401728;21790720;1200013312;0;0;0;0;0;0;0;0;0;0;0;2304;0;0;95;0;200;0;
12980;4301737;1059401728;21790720;1200013312;0;0;0;0;0;0;0;0;0;0;0;3376;0;0;95;0;200;0;
12981;9210604;1059401728;21790720;1200013312;0;0;0;0;0;0;0;0;0;0;0;3967;0;0;95;0;200;0;
12982;2822844;1059401728;21790720;1200013312;0;0;0;0;0;0;0;0;0;0;0;2565;0;0;95;0;200;0;
12983;5366083;1059401728;21790720;1200013312;0;0;0;0;0;0;0;0;0;0;0;1854;0;0;95;0;200;0;
12984;4966935;1059401728;21790720;1200013312;0;0;0;0;0;0;0;0;0;0;0;3626;0;0;95;0;200;0;
12985;5988671;1059401728;21790720;1200013312;0;0;0;0;0;0;0;0;0;0;0;1873;0;0;95;0;200;0;
12986;6172816;1059401728;21790720;1200013312;0;0;0;0;0;0;0;0;0;0;0;2435;0;0;95;0;200;0;
12987;6436200;1059401728;21790720;1200013312;0;0;0;0;0;0;0;0;0;0;0;3647;0;0;95;0;200;0;
12988;4440037;1059401728;21790720;1200013312;0;0;0;0;0;0;0;0;0;0;0;2945;0;0;95;0;200;0;
12989;6822054;1059401728;21790720;1200013312;0;0;0;0;0;0;0;0;0;0;0;2595;0;0;95;0;200;0;
12990;5599731;1059401728;21790720;1200013312;0;0;0;0;0;0;0;0;0;0;0;3236;0;0;95;0;200;0;
12991;7747369;1059401728;21790720;1200013312;0;0;0;0;0;0;0;0;0;0;0;2926;0;0;95;0;200;0;
12992;4836160;1059401728;21790720;1200013312;0;0;0;0;0;0;0;0;0;0;0;3466;0;0;95;0;200;0;
12993;6619274;1059401728;21790720;1200013312;0;0;0;0;0;0;0;0;0;0;0;2344;0;0;95;0;200;0;
12994;4587563;1059401728;21790720;1200013312;0;0;0;0;0;0;0;0;0;0;0;3357;0;0;95;0;200;0;
12995;6442863;1059401728;21790720;1200013312;0;0;0;0;0;0;0;0;0;0;0;2565;0;0;95;0;200;0;
12996;4168087;1059401728;21790720;1200013312;0;0;0;0;0;0;0;0;0;0;0;3406;0;0;95;0;200;0;
12997;6615737;1059401728;21790720;1200013312;0;0;0;0;0;0;0;0;0;0;0;4359;0;0;95;0;200;0;
12998;4035959;1059401728;21790720;1200013312;0;0;0;0;0;0;0;0;0;0;0;2595;0;0;95;0;200;0;
12999;6833265;1059401728;21790720;1200013312;0;0;0;0;0;0;0;0;0;0;0;1903;0;0;95;0;200;0;
13000;5519211;1059401728;21790720;1200013312;0;0;0;0;0;0;0;0;0;0;0;2876;0;0;95;0;200;0;
13001;4841520;1059401728;21790720;1200013312;0;0;0;0;0;0;0;0;0;0;0;1673;0;0;95;0;200;0;
13002;5956741;1059401728;21790720;1200013312;0;0;0;0;0;0;0;0;0;0;0;3476;0;0;95;0;200;0;
13003;5599641;1059401728;21790720;1200013312;0;0;0;0;0;0;0;0;0;0;0;1863;0;0;95;0;200;0;
13004;7199261;1059401728;21790720;1200013312;0;0;0;0;0;0;0;0;0;0;0;4248;0;0;95;0;200;0;
13005;5490767;1059401728;21790720;1200013312;0;0;0;0;0;0;0;0;0;0;0;2264;0;0;95;0;200;0;
13006;6997863;1059401728;21790720;1200013312;0;0;0;0;0;0;0;0;0;0;0;3907;0;0;95;0;200;0;
13007;5840082;1059401728;21790720;1200013312;0;0;0;0;0;0;0;0;0;0;0;1914;0;0;95;0;200;0;
13008;4913495;1059401728;21790720;1200013312;0;0;0;0;0;0;0;0;0;0;0;3727;0;0;95;0;200;0;
13009;6247316;1059401728;21790720;1200013312;0;0;0;0;0;0;0;0;0;0;0;2064;0;0;95;0;200;0;
13010;3707844;1059401728;21790720;1200013312;0;0;0;0;0;0;0;0;0;0;0;3637;0;0;95;0;200;0;
13011;7921917;1059401728;21790720;1200013312;0;0;0;0;0;0;0;0;0;0;0;2194;0;0;95;0;200;0;
13012;3372504;1059401728;21790720;1200013312;0;0;0;0;0;0;0;0;0;0;0;2685;0;0;95;0;200;0;
13013;6242777;1059401728;21790720;1200013312;0;0;0;0;0;0;0;0;0;0;0;1874;0;0;95;0;200;0;
13014;5359441;1059401728;21790720;1200013312;0;0;0;0;0;0;0;0;0;0;0;3416;0;0;95;0;200;0;
13015;4999065;1059401728;21790720;1200013312;0;0;0;0;0;0;0;0;0;0;0;1833;0;0;95;0;200;0;
13016;5266116;1059401728;21790720;1200013312;0;0;0;0;0;0;0;0;0;0;0;4078;0;0;95;0;200;0;
13017;7155770;1059401728;21790720;1200013312;0;0;0;0;0;0;0;0;0;0;0;3527;0;0;95;0;200;0;
13018;6853203;1059401728;21790720;1200013312;0;0;0;0;0;0;0;0;0;0;0;3477;0;0;95;0;200;0;
13019;10859506;1059401728;21790720;1200013312;0;0;0;0;0;0;0;0;0;0;0;2805;0;0;95;0;200;0;
13020;5198619;1059401728;21790720;1200013312;0;0;0;0;0;0;0;0;0;0;0;3737;0;0;95;0;200;0;
13021;7846334;1059401728;21790720;1200013312;0;0;0;0;0;0;0;0;0;0;0;3226;0;0;95;0;200;0;
13022;4832022;1059401728;21790720;1200013312;0;0;0;0;0;0;0;0;0;0;0;3166;0;0;95;0;200;0;
13023;8568068;1059401728;21790720;1200013312;0;0;0;0;0;0;0;0;0;0;0;3988;0;0;95;0;200;0;
13024;5343942;1059401728;21790720;1200013312;0;0;0;0;0;0;0;0;0;0;0;2675;0;0;95;0;200;0;
13025;6334630;1059401728;21790720;1200013312;0;0;0;0;0;0;0;0;0;0;0;2234;0;0;95;0;200;0;
13026;4424778;1059401728;21790720;1200013312;0;0;0;0;0;0;0;0;0;0;0;4308;0;0;95;0;200;0;
13027;10953121;1059401728;21790720;1200013312;0;0;0;0;0;0;0;0;0;0;0;2706;0;0;95;0;200;0;
13028;5861091;1059401728;21798912;1200021504;0;0;0;0;0;0;0;0;0;0;0;3787;0;0;95;0;200;0;
13029;9251690;1059401728;21798912;1200021504;0;0;0;0;0;0;0;0;0;0;0;2605;0;0;95;0;200;0;
13030;4568117;1059401728;21798912;1200021504;0;0;0;0;0;0;0;0;0;0;0;3476;0;0;95;0;200;0;
13031;7450463;1059401728;21798912;1200021504;0;0;0;0;0;0;0;0;0;0;0;3427;0;0;95;0;200;0;
13032;3913329;1059401728;21798912;1200021504;0;0;0;0;0;0;0;0;0;0;0;2845;0;0;95;0;200;0;
13033;6932090;1059401728;21798912;1200021504;0;0;0;0;0;0;0;0;0;0;0;2375;0;0;95;0;200;0;
13034;3965687;1059401728;21790720;1200013312;0;0;0;0;0;0;0;0;0;0;0;2575;0;0;95;0;200;0;
13035;7164897;1059401728;21790720;1200013312;0;0;0;0;0;0;0;0;0;0;0;2635;0;0;95;0;200;0;
13036;4356611;1059401728;21790720;1200013312;0;0;0;0;0;0;0;0;0;0;0;3046;0;0;95;0;200;0;
13037;5778837;1059401728;21790720;1200013312;0;0;0;0;0;0;0;0;0;0;0;2565;0;0;95;0;200;0;
13038;7620271;1059401728;21790720;1200013312;0;0;0;0;0;0;0;0;0;0;0;4068;0;0;95;0;200;0;
13039;9180026;1059401728;21790720;1200013312;0;0;0;0;0;0;0;0;0;0;0;3847;0;0;95;0;200;0;
13040;5929320;1059401728;21790720;1200013312;0;0;0;0;0;0;0;0;0;0;0;3296;0;0;95;0;200;0;
13041;8751903;1059401728;21790720;1200013312;0;0;0;0;0;0;0;0;0;0;0;3076;0;0;95;0;200;0;
13042;4946025;1059401728;21790720;1200013312;0;0;0;0;0;0;0;0;0;0;0;3918;0;0;95;0;200;0;
13043;7655577;1059401728;21790720;1200013312;0;0;0;0;0;0;0;0;0;0;0;3878;0;0;95;0;200;0;
13044;2786205;1059401728;21790720;1200013312;0;0;0;0;0;0;0;0;0;0;0;2865;0;0;95;0;200;0;
13045;7675184;1059401728;21790720;1200013312;0;0;0;0;0;0;0;0;0;0;0;3276;0;0;95;0;200;0;
13046;4443614;1059401728;21790720;1200013312;0;0;0;0;0;0;0;0;0;0;0;3216;0;0;95;0;200;0;
13047;6798259;1059401728;21790720;1200013312;0;0;0;0;0;0;0;0;0;0;0;1784;0;0;95;0;200;0;
13048;5992197;1059401728;21790720;1200013312;0;0;0;0;0;0;0;0;0;0;0;4078;0;0;95;0;200;0;
13049;8120389;1059401728;21790720;1200013312;0;0;0;0;0;0;0;0;0;0;0;3616;0;0;95;0;200;0;
13050;8049687;1059401728;21790720;1200013312;0;0;0;0;0;0;0;0;0;0;0;4419;0;0;95;0;200;0;
13051;7354101;1059401728;21790720;1200013312;0;0;0;0;0;0;0;0;0;0;0;2635;0;0;95;0;200;0;
13052;5294239;1059401728;21790720;1200013312;0;0;0;0;0;0;0;0;0;0;0;3176;0;0;95;0;200;0;
13053;9287728;1059401728;21790720;1200013312;0;0;0;0;0;0;0;0;0;0;0;4359;0;0;95;0;200;0;
13054;8511532;1059401728;21790720;1200013312;0;0;0;0;0;0;0;0;0;0;0;5350;0;0;95;0;200;0;
13055;8356842;1059401728;21790720;1200013312;0;0;0;0;0;0;0;0;0;0;0;2284;0;0;95;0;200;0;
13056;5485618;1059401728;21790720;1200013312;0;0;0;0;0;0;0;0;0;0;0;3166;0;0;95;0;200;0;
13057;7359622;1059401728;21790720;1200013312;0;0;0;0;0;0;0;0;0;0;0;3567;0;0;95;0;200;0;
13058;6385114;1059401728;21790720;1200013312;0;0;0;0;0;0;0;0;0;0;0;4138;0;0;95;0;200;0;
13059;6813418;1059401728;21790720;1200013312;0;0;0;0;0;0;0;0;0;0;0;2044;0;0;95;0;200;0;
13060;6195759;1059401728;21790720;1200013312;0;0;0;0;0;0;0;0;0;0;0;3286;0;0;95;0;200;0;
13061;5714066;1059401728;21790720;1200013312;0;0;0;0;0;0;0;0;0;0;0;2164;0;0;95;0;200;0;
13062;5858357;1059401728;21790720;1200013312;0;0;0;0;0;0;0;0;0;0;0;3617;0;0;95;0;200;0;
13063;7893252;1059401728;21790720;1200013312;0;0;0;0;0;0;0;0;0;0;0;2895;0;0;95;0;200;0;
13064;5082161;1059401728;21790720;1200013312;0;0;0;0;0;0;0;0;0;0;0;3186;0;0;95;0;200;0;
13065;7063657;1059401728;21790720;1200013312;0;0;0;0;0;0;0;0;0;0;0;3306;0;0;95;0;200;0;
13066;5098111;1059401728;21790720;1200013312;0;0;0;0;0;0;0;0;0;0;0;3276;0;0;95;0;200;0;
13067;4828015;1059401728;21790720;1200013312;0;0;0;0;0;0;0;0;0;0;0;2054;0;0;95;0;200;0;
13068;5120102;1059401728;21790720;1200013312;0;0;0;0;0;0;0;0;0;0;0;3115;0;0;95;0;200;0;
13069;8224805;1059401728;21790720;1200013312;0;0;0;0;0;0;0;0;0;0;0;2645;0;0;95;0;200;0;
13070;4004289;1059401728;21790720;1200013312;0;0;0;0;0;0;0;0;0;0;0;3046;0;0;95;0;200;0;
13071;7875740;1059401728;21790720;1200013312;0;0;0;0;0;0;0;0;0;0;0;2735;0;0;95;0;200;0;
13072;6178647;1059401728;21790720;1200013312;0;0;0;0;0;0;0;0;0;0;0;4217;0;0;95;0;200;0;
13073;7303907;1059401728;21790720;1200013312;0;0;0;0;0;0;0;0;0;0;0;2986;0;0;95;0;200;0;
13074;5142033;1059401728;21790720;1200013312;0;0;0;0;0;0;0;0;0;0;0;3316;0;0;95;0;200;0;
13075;7705741;1059401728;21790720;1200013312;0;0;0;0;0;0;0;0;0;0;0;2565;0;0;95;0;200;0;
13076;5530041;1059401728;21790720;1200013312;0;0;0;0;0;0;0;0;0;0;0;3065;0;0;95;0;200;0;
13077;6623001;1059401728;21790720;1200013312;0;0;0;0;0;0;0;0;0;0;0;2845;0;0;95;0;200;0;
13078;5787053;1059401728;21790720;1200013312;0;0;0;0;0;0;0;0;0;0;0;2886;0;0;95;0;200;0;
13079;8437714;1059401728;21790720;1200013312;0;0;0;0;0;0;0;0;0;0;0;2896;0;0;95;0;200;0;
13080;4457038;1059401728;21790720;1200013312;0;0;0;0;0;0;0;0;0;0;0;4268;0;0;95;0;200;0;
13081;7740867;1059401728;21790720;1200013312;0;0;0;0;0;0;0;0;0;0;0;3557;0;0;95;0;200;0;
13082;4664137;1059401728;21790720;1200013312;0;0;0;0;0;0;0;0;0;0;0;3206;0;0;95;0;200;0;
13083;9998120;1059401728;21790720;1200013312;0;0;0;0;0;0;0;0;0;0;0;2906;0;0;95;0;200;0;
13084;6340221;1059401728;21790720;1200013312;0;0;0;0;0;0;0;0;0;0;0;3186;0;0;95;0;200;0;
13085;7510856;1059401728;21790720;1200013312;0;0;0;0;0;0;0;0;0;0;0;4318;0;0;95;0;200;0;
13086;3608347;1059401728;21790720;1200013312;0;0;0;0;0;0;0;0;0;0;0;3958;0;0;95;0;200;0;
13087;8792419;1059401728;21790720;1200013312;0;0;0;0;0;0;0;0;0;0;0;4338;0;0;95;0;200;0;
13088;4624423;1059401728;21790720;1200013312;0;0;0;0;0;0;0;0;0;0;0;3126;0;0;95;0;200;0;
13089;8368734;1059401728;21790720;1200013312;0;0;0;0;0;0;0;0;0;0;0;3526;0;0;95;0;200;0;
13090;4947138;1059401728;21790720;1200013312;0;0;0;0;0;0;0;0;0;0;0;2836;0;0;95;0;200;0;
13091;7752449;1059401728;21790720;1200013312;0;0;0;0;0;0;0;0;0;0;0;3557;0;0;95;0;200;0;
13092;5139709;1059401728;21790720;1200013312;0;0;0;0;0;0;0;0;0;0;0;3126;0;0;95;0;200;0;
13093;6396687;1059401728;21790720;1200013312;0;0;0;0;0;0;0;0;0;0;0;3306;0;0;95;0;200;0;
13094;5554797;1059401728;21790720;1200013312;0;0;0;0;0;0;0;0;0;0;0;3597;0;0;95;0;200;0;
13095;8020512;1059401728;21790720;1200013312;0;0;0;0;0;0;0;0;0;0;0;2495;0;0;95;0;200;0;
13096;3417349;1059401728;21790720;1200013312;0;0;0;0;0;0;0;0;0;0;0;3727;0;0;95;0;200;0;
13097;7372126;1059401728;21790720;1200013312;0;0;0;0;0;0;0;0;0;0;0;2545;0;0;95;0;200;0;
13098;4201709;1059401728;21790720;1200013312;0;0;0;0;0;0;0;0;0;0;0;3416;0;0;95;0;200;0;
13099;7948066;1059401728;21790720;1200013312;0;0;0;0;0;0;0;0;0;0;0;3096;0;0;95;0;200;0;
13100;5383396;1059401728;21790720;1200013312;0;0;0;0;0;0;0;0;0;0;0;3326;0;0;95;0;200;0;
13101;6551897;1059401728;21790720;1200013312;0;0;0;0;0;0;0;0;0;0;0;2365;0;0;95;0;200;0;
13102;6633000;1059401728;21790720;1200013312;0;0;0;0;0;0;0;0;0;0;0;3807;0;0;95;0;200;0;
13103;8118916;1059401728;21790720;1200013312;0;0;0;0;0;0;0;0;0;0;0;2314;0;0;95;0;200;0;
13104;5141623;1059401728;21790720;1200013312;0;0;0;0;0;0;0;0;0;0;0;3477;0;0;95;0;200;0;
13105;7260867;1059401728;21790720;1200013312;0;0;0;0;0;0;0;0;0;0;0;2354;0;0;95;0;200;0;
13106;3561570;1059401728;21790720;1200013312;0;0;0;0;0;0;0;0;0;0;0;2906;0;0;95;0;200;0;
13107;6885473;1059401728;21790720;1200013312;0;0;0;0;0;0;0;0;0;0;0;3607;0;0;95;0;200;0;
13108;6241776;1059401728;21790720;1200013312;0;0;0;0;0;0;0;0;0;0;0;3166;0;0;95;0;200;0;
13109;7073596;1059401728;21790720;1200013312;0;0;0;0;0;0;0;0;0;0;0;4027;0;0;95;0;200;0;
13110;3776172;1059401728;21790720;1200013312;0;0;0;0;0;0;0;0;0;0;0;3256;0;0;95;0;200;0;
13111;8133533;1059401728;21790720;1200013312;0;0;0;0;0;0;0;0;0;0;0;3056;0;0;95;0;200;0;
13112;4911161;1059401728;21790720;1200013312;0;0;0;0;0;0;0;0;0;0;0;3427;0;0;95;0;200;0;
13113;6415241;1059401728;21790720;1200013312;0;0;0;0;0;0;0;0;0;0;0;2445;0;0;95;0;200;0;
13114;5535291;1059401728;21790720;1200013312;0;0;0;0;0;0;0;0;0;0;0;3557;0;0;95;0;200;0;
13115;6983958;1059401728;21790720;1200013312;0;0;0;0;0;0;0;0;0;0;0;2916;0;0;95;0;200;0;
13116;3594361;1059401728;21790720;1200013312;0;0;0;0;0;0;0;0;0;0;0;3367;0;0;95;0;200;0;
13117;5288037;1059401728;21790720;1200013312;0;0;0;0;0;0;0;0;0;0;0;1914;0;0;95;0;200;0;
13118;4904047;1059401728;21790720;1200013312;0;0;0;0;0;0;0;0;0;0;0;2765;0;0;95;0;200;0;
13119;4850606;1059401728;21790720;1200013312;0;0;0;0;0;0;0;0;0;0;0;1693;0;0;95;0;200;0;
13120;4751832;1059401728;21790720;1200013312;0;0;0;0;0;0;0;0;0;0;0;3306;0;0;95;0;200;0;
13121;6262685;1059401728;21790720;1200013312;0;0;0;0;0;0;0;0;0;0;0;3306;0;0;95;0;200;0;
13122;3107387;1059401728;21790720;1200013312;0;0;0;0;0;0;0;0;0;0;0;3216;0;0;95;0;200;0;
13123;6246074;1059401728;21790720;1200013312;0;0;0;0;0;0;0;0;0;0;0;1753;0;0;95;0;200;0;
13124;3639656;1059401728;21790720;1200013312;0;0;0;0;0;0;0;0;0;0;0;2755;0;0;95;0;200;0;
13125;7135392;1059401728;21790720;1200013312;0;0;0;0;0;0;0;0;0;0;0;3306;0;0;95;0;200;0;
13126;3300029;1059401728;21790720;1200013312;0;0;0;0;0;0;0;0;0;0;0;3156;0;0;95;0;200;0;
13127;5923930;1059401728;21790720;1200013312;0;0;0;0;0;0;0;0;0;0;0;2284;0;0;95;0;200;0;
13128;4285337;1059401728;21790720;1200013312;0;0;0;0;0;0;0;0;0;0;0;3026;0;0;95;0;200;0;
13129;5625651;1059401728;21790720;1200013312;0;0;0;0;0;0;0;0;0;0;0;1793;0;0;95;0;200;0;
13130;4766259;1059401728;21790720;1200013312;0;0;0;0;0;0;0;0;0;0;0;2755;0;0;95;0;200;0;
13131;5611744;1059401728;21790720;1200013312;0;0;0;0;0;0;0;0;0;0;0;1784;0;0;95;0;200;0;
13132;5794507;1059401728;21790720;1200013312;0;0;0;0;0;0;0;0;0;0;0;3066;0;0;95;0;200;0;
13133;5916175;1059401728;21790720;1200013312;0;0;0;0;0;0;0;0;0;0;0;1904;0;0;95;0;200;0;
13134;5125161;1059401728;21790720;1200013312;0;0;0;0;0;0;0;0;0;0;0;2835;0;0;95;0;200;0;
13135;6665431;1059401728;21790720;1200013312;0;0;0;0;0;0;0;0;0;0;0;1974;0;0;95;0;200;0;
13136;4849885;1059401728;21790720;1200013312;0;0;0;0;0;0;0;0;0;0;0;2835;0;0;95;0;200;0;
13137;7876752;1059401728;21790720;1200013312;0;0;0;0;0;0;0;0;0;0;0;2054;0;0;95;0;200;0;
13138;4261792;1059401728;21790720;1200013312;0;0;0;0;0;0;0;0;0;0;0;3236;0;0;95;0;200;0;
13139;5593119;1059401728;21790720;1200013312;0;0;0;0;0;0;0;0;0;0;0;1653;0;0;95;0;200;0;
13140;5482351;1059401728;21790720;1200013312;0;0;0;0;0;0;0;0;0;0;0;3336;0;0;95;0;200;0;
13141;6431541;1059401728;21790720;1200013312;0;0;0;0;0;0;0;0;0;0;0;1833;0;0;95;0;200;0;
13142;5715639;1059401728;21790720;1200013312;0;0;0;0;0;0;0;0;0;0;0;2885;0;0;95;0;200;0;
13143;8227179;1059401728;21790720;1200013312;0;0;0;0;0;0;0;0;0;0;0;2605;0;0;95;0;200;0;
13144;4405712;1059401728;21790720;1200013312;0;0;0;0;0;0;0;0;0;0;0;3887;0;0;95;0;200;0;
13145;7260396;1059401728;21790720;1200013312;0;0;0;0;0;0;0;0;0;0;0;2164;0;0;95;0;200;0;
13146;4130987;1059401728;21790720;1200013312;0;0;0;0;0;0;0;0;0;0;0;3557;0;0;95;0;200;0;
13147;7438570;1059401728;21790720;1200013312;0;0;0;0;0;0;0;0;0;0;0;3166;0;0;95;0;200;0;
13148;3843007;1059401728;21790720;1200013312;0;0;0;0;0;0;0;0;0;0;0;2975;0;0;95;0;200;0;
13149;7492751;1059401728;21790720;1200013312;0;0;0;0;0;0;0;0;0;0;0;3276;0;0;95;0;200;0;
13150;5988019;1059401728;21790720;1200013312;0;0;0;0;0;0;0;0;0;0;0;3997;0;0;95;0;200;0;
13151;7170948;1059401728;21790720;1200013312;0;0;0;0;0;0;0;0;0;0;0;2665;0;0;95;0;200;0;
13152;4397157;1059401728;21790720;1200013312;0;0;0;0;0;0;0;0;0;0;0;3005;0;0;95;0;200;0;
13153;7060431;1059401728;21790720;1200013312;0;0;0;0;0;0;0;0;0;0;0;3487;0;0;95;0;200;0;
13154;4343697;1059401728;21790720;1200013312;0;0;0;0;0;0;0;0;0;0;0;2705;0;0;95;0;200;0;
13155;7143597;1059401728;21790720;1200013312;0;0;0;0;0;0;0;0;0;0;0;3436;0;0;95;0;200;0;
13156;3404465;1059401728;21790720;1200013312;0;0;0;0;0;0;0;0;0;0;0;3377;0;0;95;0;200;0;
13157;8210518;1059401728;21790720;1200013312;0;0;0;0;0;0;0;0;0;0;0;2825;0;0;95;0;200;0;
13158;2840757;1059401728;21790720;1200013312;0;0;0;0;0;0;0;0;0;0;0;2625;0;0;95;0;200;0;
13159;5611924;1059401728;21790720;1200013312;0;0;0;0;0;0;0;0;0;0;0;1903;0;0;95;0;200;0;
13160;5482542;1059401728;21790720;1200013312;0;0;0;0;0;0;0;0;0;0;0;3446;0;0;95;0;200;0;
13161;4906321;1059401728;21790720;1200013312;0;0;0;0;0;0;0;0;0;0;0;2384;0;0;95;0;200;0;
13162;6822686;1059401728;21790720;1200013312;0;0;0;0;0;0;0;0;0;0;0;3968;0;0;95;0;200;0;
13163;4820050;1059401728;21790720;1200013312;0;0;0;0;0;0;0;0;0;0;0;2816;0;0;95;0;200;0;
13164;4330751;1059401728;21790720;1200013312;0;0;0;0;0;0;0;0;0;0;0;3918;0;0;95;0;200;0;
13165;7447848;1059401728;21790720;1200013312;0;0;0;0;0;0;0;0;0;0;0;3377;0;0;95;0;200;0;
13166;5927597;1059401728;21790720;1200013312;0;0;0;0;0;0;0;0;0;0;0;3106;0;0;95;0;200;0;
13167;7257390;1059401728;21790720;1200013312;0;0;0;0;0;0;0;0;0;0;0;3066;0;0;95;0;200;0;
13168;6029928;1059401728;21790720;1200013312;0;0;0;0;0;0;0;0;0;0;0;4268;0;0;95;0;200;0;
13169;7372497;1059401728;21790720;1200013312;0;0;0;0;0;0;0;0;0;0;0;2334;0;0;95;0;200;0;
13170;7243494;1059401728;21790720;1200013312;0;0;0;0;0;0;0;0;0;0;0;3386;0;0;95;0;200;0;
13171;9001451;1059401728;21790720;1200013312;0;0;0;0;0;0;0;0;0;0;0;2945;0;0;95;0;200;0;
13172;5834492;1059401728;21790720;1200013312;0;0;0;0;0;0;0;0;0;0;0;2905;0;0;95;0;200;0;
13173;6670489;1059401728;21790720;1200013312;0;0;0;0;0;0;0;0;0;0;0;3296;0;0;95;0;200;0;
13174;4436310;1059401728;21790720;1200013312;0;0;0;0;0;0;0;0;0;0;0;3166;0;0;95;0;200;0;
13175;6613253;1059401728;21790720;1200013312;0;0;0;0;0;0;0;0;0;0;0;2394;0;0;95;0;200;0;
13176;3848277;1059401728;21790720;1200013312;0;0;0;0;0;0;0;0;0;0;0;3276;0;0;95;0;200;0;
13177;6266673;1059401728;21790720;1200013312;0;0;0;0;0;0;0;0;0;0;0;2004;0;0;95;0;200;0;
13178;5240098;1059401728;21790720;1200013312;0;0;0;0;0;0;0;0;0;0;0;2935;0;0;95;0;200;0;
13179;6171675;1059401728;21790720;1200013312;0;0;0;0;0;0;0;0;0;0;0;2094;0;0;95;0;200;0;
13180;4249439;1059401728;21790720;1200013312;0;0;0;0;0;0;0;0;0;0;0;4268;0;0;95;0;200;0;
13181;13152145;1059401728;21790720;1200013312;0;0;0;0;0;0;0;0;0;0;0;2465;0;0;95;0;200;0;
13182;4816462;1059401728;21790720;1200013312;0;0;0;0;0;0;0;0;0;0;0;2816;0;0;95;0;200;0;
13183;6477759;1059401728;21790720;1200013312;0;0;0;0;0;0;0;0;0;0;0;2224;0;0;95;0;200;0;
13184;4717928;1059401728;21790720;1200013312;0;0;0;0;0;0;0;0;0;0;0;4519;0;0;95;0;200;0;
13185;5738131;1059401728;21790720;1200013312;0;0;0;0;0;0;0;0;0;0;0;2334;0;0;95;0;200;0;
13186;6875615;1059401728;21790720;1200013312;0;0;0;0;0;0;0;0;0;0;0;3366;0;0;95;0;200;0;
13187;5339914;1059401728;21790720;1200013312;0;0;0;0;0;0;0;0;0;0;0;2214;0;0;95;0;200;0;
13188;6896854;1059401728;21790720;1200013312;0;0;0;0;0;0;0;0;0;0;0;3166;0;0;95;0;200;0;
13189;5472212;1059401728;21790720;1200013312;0;0;0;0;0;0;0;0;0;0;0;2144;0;0;95;0;200;0;
13190;4156175;1059401728;21790720;1200013312;0;0;0;0;0;0;0;0;0;0;0;3457;0;0;95;0;200;0;
13191;6423357;1059401728;21790720;1200013312;0;0;0;0;0;0;0;0;0;0;0;3065;0;0;95;0;200;0;
13192;3465018;1059401728;21790720;1200013312;0;0;0;0;0;0;0;0;0;0;0;2284;0;0;95;0;200;0;
13193;5697325;1059401728;21790720;1200013312;0;0;0;0;0;0;0;0;0;0;0;1492;0;0;95;0;200;0;
13194;4533943;1059401728;21790720;1200013312;0;0;0;0;0;0;0;0;0;0;0;3256;0;0;95;0;200;0;
13195;6039236;1059401728;21790720;1200013312;0;0;0;0;0;0;0;0;0;0;0;1683;0;0;95;0;200;0;
13196;5325989;1059401728;21790720;1200013312;0;0;0;0;0;0;0;0;0;0;0;3827;0;0;95;0;200;0;
13197;6313450;1059401728;21790720;1200013312;0;0;0;0;0;0;0;0;0;0;0;4449;0;0;95;0;200;0;
13198;7463076;1059401728;21790720;1200013312;0;0;0;0;0;0;0;0;0;0;0;3356;0;0;95;0;200;0;
13199;7152844;1059401728;21790720;1200013312;0;0;0;0;0;0;0;0;0;0;0;3376;0;0;95;0;200;0;
13200;4730672;1059401728;21790720;1200013312;0;0;0;0;0;0;0;0;0;0;0;3176;0;0;95;0;200;0;
13201;7160389;1059401728;21790720;1200013312;0;0;0;0;0;0;0;0;0;0;0;3387;0;0;95;0;200;0;
13202;3165827;1059401728;21790720;1200013312;0;0;0;0;0;0;0;0;0;0;0;4860;0;0;95;0;200;0;
13203;6845287;1059401728;21790720;1200013312;0;0;0;0;0;0;0;0;0;0;0;1993;0;0;95;0;200;0;
13204;4154831;1059401728;21790720;1200013312;0;0;0;0;0;0;0;0;0;0;0;61776;0;0;95;0;200;0;
13205;8823157;1059401728;21790720;1200013312;0;0;0;0;0;0;0;0;0;0;0;2164;0;0;95;0;200;0;
13206;4597181;1059401728;21790720;1200013312;0;0;0;0;0;0;0;0;0;0;0;3857;0;0;95;0;200;0;
13207;7164797;1059401728;21790720;1200013312;0;0;0;0;0;0;0;0;0;0;0;3106;0;0;95;0;200;0;
13208;3896507;1059401728;21790720;1200013312;0;0;0;0;0;0;0;0;0;0;0;3767;0;0;95;0;200;0;
13209;5564475;1059401728;21790720;1200013312;0;0;0;0;0;0;0;0;0;0;0;2474;0;0;95;0;200;0;
13210;6082386;1059401728;21790720;1200013312;0;0;0;0;0;0;0;0;0;0;0;3777;0;0;95;0;200;0;
13211;4419328;1059401728;21790720;1200013312;0;0;0;0;0;0;0;0;0;0;0;2014;0;0;95;0;200;0;
13212;5735646;1059401728;21790720;1200013312;0;0;0;0;0;0;0;0;0;0;0;4598;0;0;95;0;200;0;
13213;7391482;1059401728;21790720;1200013312;0;0;0;0;0;0;0;0;0;0;0;3447;0;0;95;0;200;0;
13214;4718349;1059401728;21790720;1200013312;0;0;0;0;0;0;0;0;0;0;0;4418;0;0;95;0;200;0;
13215;8961186;1059401728;21790720;1200013312;0;0;0;0;0;0;0;0;0;0;0;4699;0;0;95;0;200;0;
13216;4124705;1059401728;21790720;1200013312;0;0;0;0;0;0;0;0;0;0;0;3607;0;0;95;0;200;0;
13217;8363534;1059401728;21790720;1200013312;0;0;0;0;0;0;0;0;0;0;0;4739;0;0;95;0;200;0;
13218;3460009;1059401728;21790720;1200013312;0;0;0;0;0;0;0;0;0;0;0;3366;0;0;95;0;200;0;
13219;6074742;1059401728;21790720;1200013312;0;0;0;0;0;0;0;0;0;0;0;2555;0;0;95;0;200;0;
13220;5144598;1059401728;21790720;1200013312;0;0;0;0;0;0;0;0;0;0;0;3176;0;0;95;0;200;0;
13221;6791065;1059401728;21790720;1200013312;0;0;0;0;0;0;0;0;0;0;0;2916;0;0;95;0;200;0;
13222;5315067;1059401728;21790720;1200013312;0;0;0;0;0;0;0;0;0;0;0;4037;0;0;95;0;200;0;
13223;7116426;1059401728;21790720;1200013312;0;0;0;0;0;0;0;0;0;0;0;3246;0;0;95;0;200;0;
13224;5848207;1059401728;21790720;1200013312;0;0;0;0;0;0;0;0;0;0;0;4138;0;0;95;0;200;0;
13225;6652375;1059401728;21790720;1200013312;0;0;0;0;0;0;0;0;0;0;0;2515;0;0;95;0;200;0;
13226;7930803;1059401728;21790720;1200013312;0;0;0;0;0;0;0;0;0;0;0;3897;0;0;95;0;200;0;
13227;5468616;1059401728;21790720;1200013312;0;0;0;0;0;0;0;0;0;0;0;1883;0;0;95;0;200;0;
13228;7535322;1059401728;21790720;1200013312;0;0;0;0;0;0;0;0;0;0;0;3096;0;0;95;0;200;0;
13229;6611610;1059401728;21790720;1200013312;0;0;0;0;0;0;0;0;0;0;0;2084;0;0;95;0;200;0;
13230;4519606;1059401728;21790720;1200013312;0;0;0;0;0;0;0;0;0;0;0;3777;0;0;95;0;200;0;
13231;6302860;1059401728;21790720;1200013312;0;0;0;0;0;0;0;0;0;0;0;1874;0;0;95;0;200;0;
13232;4318489;1059401728;21790720;1200013312;0;0;0;0;0;0;0;0;0;0;0;3116;0;0;95;0;200;0;
13233;5969746;1059401728;21790720;1200013312;0;0;0;0;0;0;0;0;0;0;0;1633;0;0;95;0;200;0;
13234;4379273;1059401728;21790720;1200013312;0;0;0;0;0;0;0;0;0;0;0;4067;0;0;95;0;200;0;
13235;6057550;1059401728;21790720;1200013312;0;0;0;0;0;0;0;0;0;0;0;2976;0;0;95;0;200;0;
13236;10186113;1059401728;21790720;1200013312;0;0;0;0;0;0;0;0;0;0;0;4198;0;0;95;0;200;0;
13237;7015657;1059401728;21790720;1200013312;0;0;0;0;0;0;0;0;0;0;0;2825;0;0;95;0;200;0;
13238;4312788;1059401728;21790720;1200013312;0;0;0;0;0;0;0;0;0;0;0;3386;0;0;95;0;200;0;
13239;5889024;1059401728;21790720;1200013312;0;0;0;0;0;0;0;0;0;0;0;2935;0;0;95;0;200;0;
13240;6441310;1059401728;21790720;1200013312;0;0;0;0;0;0;0;0;0;0;0;3106;0;0;95;0;200;0;
13241;6804401;1059401728;21790720;1200013312;0;0;0;0;0;0;0;0;0;0;0;2755;0;0;95;0;200;0;
13242;5081049;1059401728;21790720;1200013312;0;0;0;0;0;0;0;0;0;0;0;3627;0;0;95;0;200;0;
13243;7485869;1059401728;21790720;1200013312;0;0;0;0;0;0;0;0;0;0;0;3316;0;0;95;0;200;0;
13244;4022794;1059401728;21790720;1200013312;0;0;0;0;0;0;0;0;0;0;0;3556;0;0;95;0;200;0;
13245;7921085;1059401728;21790720;1200013312;0;0;0;0;0;0;0;0;0;0;0;3006;0;0;95;0;200;0;
13246;4920448;1059401728;21790720;1200013312;0;0;0;0;0;0;0;0;0;0;0;4298;0;0;95;0;200;0;
13247;7714437;1059401728;21790720;1200013312;0;0;0;0;0;0;0;0;0;0;0;3066;0;0;95;0;200;0;
13248;3847045;1059401728;21790720;1200013312;0;0;0;0;0;0;0;0;0;0;0;3306;0;0;95;0;200;0;
13249;7243273;1059401728;21790720;1200013312;0;0;0;0;0;0;0;0;0;0;0;3577;0;0;95;0;200;0;
13250;3666556;1059401728;21790720;1200013312;0;0;0;0;0;0;0;0;0;0;0;3437;0;0;95;0;200;0;
13251;8441431;1059401728;21790720;1200013312;0;0;0;0;0;0;0;0;0;0;0;2225;0;0;95;0;200;0;
13252;2888016;1059401728;21790720;1200013312;0;0;0;0;0;0;0;0;0;0;0;3897;0;0;95;0;200;0;
13253;5012140;1059401728;21790720;1200013312;0;0;0;0;0;0;0;0;0;0;0;2074;0;0;95;0;200;0;
13254;5835173;1059401728;21790720;1200013312;0;0;0;0;0;0;0;0;0;0;0;3006;0;0;95;0;200;0;
13255;6725673;1059401728;21790720;1200013312;0;0;0;0;0;0;0;0;0;0;0;1523;0;0;95;0;200;0;
13256;5484756;1059401728;21790720;1200013312;0;0;0;0;0;0;0;0;0;0;0;3396;0;0;95;0;200;0;
13257;6443955;1059401728;21790720;1200013312;0;0;0;0;0;0;0;0;0;0;0;1743;0;0;95;0;200;0;
13258;5224799;1059401728;21790720;1200013312;0;0;0;0;0;0;0;0;0;0;0;2675;0;0;95;0;200;0;
13259;8997835;1059401728;21790720;1200013312;0;0;0;0;0;0;0;0;0;0;0;2756;0;0;95;0;200;0;
13260;3072763;1059401728;21790720;1200013312;0;0;0;0;0;0;0;0;0;0;0;3426;0;0;95;0;200;0;
13261;7372707;1059401728;21790720;1200013312;0;0;0;0;0;0;0;0;0;0;0;2564;0;0;95;0;200;0;
13262;4282732;1059401728;21790720;1200013312;0;0;0;0;0;0;0;0;0;0;0;2866;0;0;95;0;200;0;
13263;7262240;1059401728;21790720;1200013312;0;0;0;0;0;0;0;0;0;0;0;2144;0;0;95;0;200;0;
13264;5579123;1059401728;21790720;1200013312;0;0;0;0;0;0;0;0;0;0;0;3817;0;0;95;0;200;0;
13265;7361856;1059401728;21790720;1200013312;0;0;0;0;0;0;0;0;0;0;0;2525;0;0;95;0;200;0;
13266;5069176;1059401728;21790720;1200013312;0;0;0;0;0;0;0;0;0;0;0;2965;0;0;95;0;200;0;
13267;6527582;1059401728;21790720;1200013312;0;0;0;0;0;0;0;0;0;0;0;2735;0;0;95;0;200;0;
13268;4659098;1059401728;21790720;1200013312;0;0;0;0;0;0;0;0;0;0;0;3467;0;0;95;0;200;0;
13269;5335336;1059401728;21790720;1200013312;0;0;0;0;0;0;0;0;0;0;0;1763;0;0;95;0;200;0;
13270;7649766;1059401728;21790720;1200013312;0;0;0;0;0;0;0;0;0;0;0;2525;0;0;95;0;200;0;
13271;5733393;1059401728;21790720;1200013312;0;0;0;0;0;0;0;0;0;0;0;1953;0;0;95;0;200;0;
13272;7359582;1059401728;21790720;1200013312;0;0;0;0;0;0;0;0;0;0;0;31459;0;0;95;0;200;0;
13273;6977044;1059401728;21790720;1200013312;0;0;0;0;0;0;0;0;0;0;0;2665;0;0;95;0;200;0;
13274;7326990;1059401728;21790720;1200013312;0;0;0;0;0;0;0;0;0;0;0;4438;0;0;95;0;200;0;
13275;6097395;1059401728;21790720;1200013312;0;0;0;0;0;0;0;0;0;0;0;3066;0;0;95;0;200;0;
13276;4211237;1059401728;21790720;1200013312;0;0;0;0;0;0;0;0;0;0;0;3426;0;0;95;0;200;0;
13277;7292256;1059401728;21790720;1200013312;0;0;0;0;0;0;0;0;0;0;0;2114;0;0;95;0;200;0;
13278;6700716;1059401728;21790720;1200013312;0;0;0;0;0;0;0;0;0;0;0;4107;0;0;95;0;200;0;
13279;8091996;1059401728;21790720;1200013312;0;0;0;0;0;0;0;0;0;0;0;2575;0;0;95;0;200;0;
13280;5345575;1059401728;21790720;1200013312;0;0;0;0;0;0;0;0;0;0;0;3737;0;0;95;0;200;0;
13281;8485835;1059401728;21790720;1200013312;0;0;0;0;0;0;0;0;0;0;0;3316;0;0;95;0;200;0;
13282;6252856;1059401728;21790720;1200013312;0;0;0;0;0;0;0;0;0;0;0;3988;0;0;95;0;200;0;
13283;8337837;1059401728;21790720;1200013312;0;0;0;0;0;0;0;0;0;0;0;2675;0;0;95;0;200;0;
13284;6337806;1059401728;21790720;1200013312;0;0;0;0;0;0;0;0;0;0;0;2775;0;0;95;0;200;0;
13285;9329757;1059401728;21790720;1200013312;0;0;0;0;0;0;0;0;0;0;0;2575;0;0;95;0;200;0;
13286;6613803;1059401728;21790720;1200013312;0;0;0;0;0;0;0;0;0;0;0;3797;0;0;95;0;200;0;
13287;8142110;1059401728;21790720;1200013312;0;0;0;0;0;0;0;0;0;0;0;4359;0;0;95;0;200;0;
13288;5395920;1059401728;21790720;1200013312;0;0;0;0;0;0;0;0;0;0;0;4298;0;0;95;0;200;0;
13289;7564968;1059401728;21790720;1200013312;0;0;0;0;0;0;0;0;0;0;0;3437;0;0;95;0;200;0;
13290;5533658;1059401728;21790720;1200013312;0;0;0;0;0;0;0;0;0;0;0;3547;0;0;95;0;200;0;
13291;7332160;1059401728;21790720;1200013312;0;0;0;0;0;0;0;0;0;0;0;2144;0;0;95;0;200;0;
13292;4099629;1059401728;21790720;1200013312;0;0;0;0;0;0;0;0;0;0;0;2765;0;0;95;0;200;0;
13293;7893313;1059401728;21790720;1200013312;0;0;0;0;0;0;0;0;0;0;0;2505;0;0;95;0;200;0;
13294;6437132;1059401728;21790720;1200013312;0;0;0;0;0;0;0;0;0;0;0;3347;0;0;95;0;200;0;
13295;8919697;1059401728;21790720;1200013312;0;0;0;0;0;0;0;0;0;0;0;3787;0;0;95;0;200;0;
13296;5037738;1059401728;21790720;1200013312;0;0;0;0;0;0;0;0;0;0;0;3005;0;0;95;0;200;0;
13297;7077312;1059401728;21790720;1200013312;0;0;0;0;0;0;0;0;0;0;0;3096;0;0;95;0;200;0;
13298;5686414;1059401728;21790720;1200013312;0;0;0;0;0;0;0;0;0;0;0;3156;0;0;95;0;200;0;
13299;6618342;1059401728;21790720;1200013312;0;0;0;0;0;0;0;0;0;0;0;1914;0;0;95;0;200;0;
13300;4532781;1059401728;21790720;1200013312;0;0;0;0;0;0;0;0;0;0;0;3196;0;0;95;0;200;0;
13301;6394302;1059401728;21790720;1200013312;0;0;0;0;0;0;0;0;0;0;0;1854;0;0;95;0;200;0;
13302;4328177;1059401728;21790720;1200013312;0;0;0;0;0;0;0;0;0;0;0;2435;0;0;95;0;200;0;
13303;6047251;1059401728;21790720;1200013312;0;0;0;0;0;0;0;0;0;0;0;1664;0;0;95;0;200;0;
13304;5819995;1059401728;21790720;1200013312;0;0;0;0;0;0;0;0;0;0;0;3226;0;0;95;0;200;0;
13305;7430515;1059401728;21790720;1200013312;0;0;0;0;0;0;0;0;0;0;0;1934;0;0;95;0;200;0;
13306;4474492;1059401728;21790720;1200013312;0;0;0;0;0;0;0;0;0;0;0;2685;0;0;95;0;200;0;
13307;7436426;1059401728;21790720;1200013312;0;0;0;0;0;0;0;0;0;0;0;3857;0;0;95;0;200;0;
13308;5218787;1059401728;21790720;1200013312;0;0;0;0;0;0;0;0;0;0;0;3316;0;0;95;0;200;0;
13309;5860310;1059401728;21790720;1200013312;0;0;0;0;0;0;0;0;0;0;0;2494;0;0;95;0;200;0;
13310;3499723;1059401728;21790720;1200013312;0;0;0;0;0;0;0;0;0;0;0;3437;0;0;95;0;200;0;
13311;5737991;1059401728;21790720;1200013312;0;0;0;0;0;0;0;0;0;0;0;1944;0;0;95;0;200;0;
13312;4783761;1059401728;21790720;1200013312;0;0;0;0;0;0;0;0;0;0;0;3767;0;0;95;0;200;0;
13313;7617716;1059401728;21790720;1200013312;0;0;0;0;0;0;0;0;0;0;0;3276;0;0;95;0;200;0;
13314;5151081;1059401728;21790720;1200013312;0;0;0;0;0;0;0;0;0;0;0;3116;0;0;95;0;200;0;
13315;6705706;1059401728;21790720;1200013312;0;0;0;0;0;0;0;0;0;0;0;141406;0;0;95;0;200;0;
13316;3740274;1059401728;21790720;1200013312;0;0;0;0;0;0;0;0;0;0;0;3066;0;0;95;0;200;0;
13317;7149458;1059401728;21790720;1200013312;0;0;0;0;0;0;0;0;0;0;0;2475;0;0;95;0;200;0;
13318;5194683;1059401728;21790720;1200013312;0;0;0;0;0;0;0;0;0;0;0;2985;0;0;95;0;200;0;
13319;6397588;1059401728;21790720;1200013312;0;0;0;0;0;0;0;0;0;0;0;2534;0;0;95;0;200;0;
13320;6494279;1059401728;21790720;1200013312;0;0;0;0;0;0;0;0;0;0;0;3256;0;0;95;0;200;0;
13321;7082532;1059401728;21790720;1200013312;0;0;0;0;0;0;0;0;0;0;0;2785;0;0;95;0;200;0;
13322;4963638;1059401728;21790720;1200013312;0;0;0;0;0;0;0;0;0;0;0;3326;0;0;95;0;200;0;
13323;6908246;1059401728;21790720;1200013312;0;0;0;0;0;0;0;0;0;0;0;3476;0;0;95;0;200;0;
13324;3155197;1059401728;21790720;1200013312;0;0;0;0;0;0;0;0;0;0;0;3196;0;0;95;0;200;0;
13325;7956121;1059401728;21790720;1200013312;0;0;0;0;0;0;0;0;0;0;0;4037;0;0;95;0;200;0;
13326;3971688;1059401728;21790720;1200013312;0;0;0;0;0;0;0;0;0;0;0;3206;0;0;95;0;200;0;
13327;7171269;1059401728;21790720;1200013312;0;0;0;0;0;0;0;0;0;0;0;2144;0;0;95;0;200;0;
13328;5230660;1059401728;21790720;1200013312;0;0;0;0;0;0;0;0;0;0;0;2995;0;0;95;0;200;0;
13329;4564841;1059401728;21790720;1200013312;0;0;0;0;0;0;0;0;0;0;0;1683;0;0;95;0;200;0;
13330;5275274;1059401728;21790720;1200013312;0;0;0;0;0;0;0;0;0;0;0;3326;0;0;95;0;200;0;
13331;5899805;1059401728;21790720;1200013312;0;0;0;0;0;0;0;0;0;0;0;2404;0;0;95;0;200;0;
13332;5743461;1059401728;21790720;1200013312;0;0;0;0;0;0;0;0;0;0;0;2975;0;0;95;0;200;0;
13333;6383451;1059401728;21790720;1200013312;0;0;0;0;0;0;0;0;0;0;0;2454;0;0;95;0;200;0;
13334;5043599;1059401728;21790720;1200013312;0;0;0;0;0;0;0;0;0;0;0;3717;0;0;95;0;200;0;
13335;6334870;1059401728;21790720;1200013312;0;0;0;0;0;0;0;0;0;0;0;2154;0;0;95;0;200;0;
13336;5783466;1059401728;21790720;1200013312;0;0;0;0;0;0;0;0;0;0;0;3096;0;0;95;0;200;0;
13337;6875935;1059401728;21790720;1200013312;0;0;0;0;0;0;0;0;0;0;0;2565;0;0;95;0;200;0;
13338;4634471;1059401728;21790720;1200013312;0;0;0;0;0;0;0;0;0;0;0;3086;0;0;95;0;200;0;
13339;6704183;1059401728;21790720;1200013312;0;0;0;0;0;0;0;0;0;0;0;2435;0;0;95;0;200;0;
13340;4945254;1059401728;21790720;1200013312;0;0;0;0;0;0;0;0;0;0;0;3847;0;0;95;0;200;0;
13341;8057361;1059401728;21790720;1200013312;0;0;0;0;0;0;0;0;0;0;0;4609;0;0;95;0;200;0;
13342;4651844;1059401728;21790720;1200013312;0;0;0;0;0;0;0;0;0;0;0;3687;0;0;95;0;200;0;
13343;5838168;1059401728;21790720;1200013312;0;0;0;0;0;0;0;0;0;0;0;2865;0;0;95;0;200;0;
13344;7258793;1059401728;21790720;1200013312;0;0;0;0;0;0;0;0;0;0;0;3216;0;0;95;0;200;0;
13345;12638913;1059401728;21790720;1200013312;0;0;0;0;0;0;0;0;0;0;0;2925;0;0;95;0;200;0;
13346;9428753;1059401728;21790720;1200013312;0;0;0;0;0;0;0;0;0;0;0;3757;0;0;95;0;200;0;
13347;7655046;1059401728;21790720;1200013312;0;0;0;0;0;0;0;0;0;0;0;2695;0;0;95;0;200;0;
13348;6127882;1059401728;21790720;1200013312;0;0;0;0;0;0;0;0;0;0;0;3026;0;0;95;0;200;0;
13349;6340381;1059401728;21790720;1200013312;0;0;0;0;0;0;0;0;0;0;0;2825;0;0;95;0;200;0;
13350;8701258;1059401728;21790720;1200013312;0;0;0;0;0;0;0;0;0;0;0;3777;0;0;95;0;200;0;
13351;7462465;1059401728;21790720;1200013312;0;0;0;0;0;0;0;0;0;0;0;3006;0;0;95;0;200;0;
13352;4625254;1059401728;21790720;1200013312;0;0;0;0;0;0;0;0;0;0;0;4268;0;0;95;0;200;0;
13353;7665005;1059401728;21790720;1200013312;0;0;0;0;0;0;0;0;0;0;0;3897;0;0;95;0;200;0;
13354;5545179;1059401728;21798912;1200021504;0;0;0;0;0;0;0;0;0;0;0;3246;0;0;95;0;200;0;
13355;6293913;1059401728;21798912;1200021504;0;0;0;0;0;0;0;0;0;0;0;2936;0;0;95;0;200;0;
13356;6655972;1059401728;21798912;1200021504;0;0;0;0;0;0;0;0;0;0;0;3477;0;0;95;0;200;0;
13357;7326049;1059401728;21798912;1200021504;0;0;0;0;0;0;0;0;0;0;0;2485;0;0;95;0;200;0;
13358;5570798;1059401728;21798912;1200021504;0;0;0;0;0;0;0;0;0;0;0;3336;0;0;95;0;200;0;
13359;8830180;1059401728;21798912;1200021504;0;0;0;0;0;0;0;0;0;0;0;3125;0;0;95;0;200;0;
13360;6320844;1059401728;21790720;1200013312;0;0;0;0;0;0;0;0;0;0;0;4729;0;0;95;0;200;0;
13361;9749825;1059401728;21790720;1200013312;0;0;0;0;0;0;0;0;0;0;0;2625;0;0;95;0;200;0;
13362;6444266;1059401728;21790720;1200013312;0;0;0;0;0;0;0;0;0;0;0;3186;0;0;95;0;200;0;
13363;7956371;1059401728;21790720;1200013312;0;0;0;0;0;0;0;0;0;0;0;3667;0;0;95;0;200;0;
13364;7618477;1059401728;21790720;1200013312;0;0;0;0;0;0;0;0;0;0;0;2895;0;0;95;0;200;0;
13365;6775026;1059401728;21790720;1200013312;0;0;0;0;0;0;0;0;0;0;0;2865;0;0;95;0;200;0;
13366;4805803;1059401728;21790720;1200013312;0;0;0;0;0;0;0;0;0;0;0;3877;0;0;95;0;200;0;
13367;7352239;1059401728;21790720;1200013312;0;0;0;0;0;0;0;0;0;0;0;3597;0;0;95;0;200;0;
13368;6092405;1059401728;21790720;1200013312;0;0;0;0;0;0;0;0;0;0;0;3576;0;0;95;0;200;0;
13369;5579594;1059401728;21790720;1200013312;0;0;0;0;0;0;0;0;0;0;0;2004;0;0;95;0;200;0;
13370;8284497;1059401728;21790720;1200013312;0;0;0;0;0;0;0;0;0;0;0;3637;0;0;95;0;200;0;
13371;7239197;1059401728;21790720;1200013312;0;0;0;0;0;0;0;0;0;0;0;3206;0;0;95;0;200;0;
13372;5859839;1059401728;21790720;1200013312;0;0;0;0;0;0;0;0;0;0;0;3898;0;0;95;0;200;0;
13373;6575822;1059401728;21790720;1200013312;0;0;0;0;0;0;0;0;0;0;0;2204;0;0;95;0;200;0;
13374;7046455;1059401728;21790720;1200013312;0;0;0;0;0;0;0;0;0;0;0;3076;0;0;95;0;200;0;
13375;7051324;1059401728;21790720;1200013312;0;0;0;0;0;0;0;0;0;0;0;2524;0;0;95;0;200;0;
13376;8285799;1059401728;21790720;1200013312;0;0;0;0;0;0;0;0;0;0;0;3968;0;0;95;0;200;0;
13377;6392398;1059401728;21790720;1200013312;0;0;0;0;0;0;0;0;0;0;0;2584;0;0;95;0;200;0;
13378;4618682;1059401728;21790720;1200013312;0;0;0;0;0;0;0;0;0;0;0;4038;0;0;95;0;200;0;
13379;8238460;1059401728;21790720;1200013312;0;0;0;0;0;0;0;0;0;0;0;3407;0;0;95;0;200;0;
13380;5841826;1059401728;21790720;1200013312;0;0;0;0;0;0;0;0;0;0;0;3276;0;0;95;0;200;0;
13381;6885874;1059401728;21790720;1200013312;0;0;0;0;0;0;0;0;0;0;0;3847;0;0;95;0;200;0;
13382;4268936;1059401728;21790720;1200013312;0;0;0;0;0;0;0;0;0;0;0;3106;0;0;95;0;200;0;
13383;6360037;1059401728;21790720;1200013312;0;0;0;0;0;0;0;0;0;0;0;2705;0;0;95;0;200;0;
13384;8129847;1059401728;21790720;1200013312;0;0;0;0;0;0;0;0;0;0;0;2434;0;0;95;0;200;0;
13385;7534229;1059401728;21790720;1200013312;0;0;0;0;0;0;0;0;0;0;0;2745;0;0;95;0;200;0;
13386;6077277;1059401728;21790720;1200013312;0;0;0;0;0;0;0;0;0;0;0;3397;0;0;95;0;200;0;
13387;6148802;1059401728;21790720;1200013312;0;0;0;0;0;0;0;0;0;0;0;2365;0;0;95;0;200;0;
13388;6491414;1059401728;21790720;1200013312;0;0;0;0;0;0;0;0;0;0;0;3346;0;0;95;0;200;0;
13389;7334785;1059401728;21790720;1200013312;0;0;0;0;0;0;0;0;0;0;0;2555;0;0;95;0;200;0;
13390;4558298;1059401728;21790720;1200013312;0;0;0;0;0;0;0;0;0;0;0;3156;0;0;95;0;200;0;
13391;8105922;1059401728;21790720;1200013312;0;0;0;0;0;0;0;0;0;0;0;3527;0;0;95;0;200;0;
13392;5801189;1059401728;21790720;1200013312;0;0;0;0;0;0;0;0;0;0;0;2775;0;0;95;0;200;0;
13393;9398115;1059401728;21790720;1200013312;0;0;0;0;0;0;0;0;0;0;0;5330;0;0;95;0;200;0;
13394;4627709;1059401728;21790720;1200013312;0;0;0;0;0;0;0;0;0;0;0;3406;0;0;95;0;200;0;
13395;7267239;1059401728;21790720;1200013312;0;0;0;0;0;0;0;0;0;0;0;3387;0;0;95;0;200;0;
13396;4053502;1059401728;21790720;1200013312;0;0;0;0;0;0;0;0;0;0;0;3326;0;0;95;0;200;0;
13397;5871110;1059401728;21790720;1200013312;0;0;0;0;0;0;0;0;0;0;0;2274;0;0;95;0;200;0;
13398;5361335;1059401728;21790720;1200013312;0;0;0;0;0;0;0;0;0;0;0;3427;0;0;95;0;200;0;
13399;7238625;1059401728;21790720;1200013312;0;0;0;0;0;0;0;0;0;0;0;3717;0;0;95;0;200;0;
13400;6384604;1059401728;21790720;1200013312;0;0;0;0;0;0;0;0;0;0;0;3266;0;0;95;0;200;0;
13401;7739284;1059401728;21790720;1200013312;0;0;0;0;0;0;0;0;0;0;0;2615;0;0;95;0;200;0;
13402;5164886;1059401728;21790720;1200013312;0;0;0;0;0;0;0;0;0;0;0;3917;0;0;95;0;200;0;
13403;7879657;1059401728;21790720;1200013312;0;0;0;0;0;0;0;0;0;0;0;2736;0;0;95;0;200;0;
13404;3989412;1059401728;21790720;1200013312;0;0;0;0;0;0;0;0;0;0;0;3517;0;0;95;0;200;0;
13405;8731595;1059401728;21790720;1200013312;0;0;0;0;0;0;0;0;0;0;0;4067;0;0;95;0;200;0;
13406;5318113;1059401728;21790720;1200013312;0;0;0;0;0;0;0;0;0;0;0;6943;0;0;95;0;200;0;
13407;7522647;1059401728;21790720;1200013312;0;0;0;0;0;0;0;0;0;0;0;3747;0;0;95;0;200;0;
13408;6150084;1059401728;21790720;1200013312;0;0;0;0;0;0;0;0;0;0;0;3367;0;0;95;0;200;0;
13409;7597007;1059401728;21790720;1200013312;0;0;0;0;0;0;0;0;0;0;0;3838;0;0;95;0;200;0;
13410;6071616;1059401728;21790720;1200013312;0;0;0;0;0;0;0;0;0;0;0;3176;0;0;95;0;200;0;
13411;8570533;1059401728;21790720;1200013312;0;0;0;0;0;0;0;0;0;0;0;3326;0;0;95;0;200;0;
13412;6346142;1059401728;21790720;1200013312;0;0;0;0;0;0;0;0;0;0;0;3396;0;0;95;0;200;0;
13413;8710485;1059401728;21790720;1200013312;0;0;0;0;0;0;0;0;0;0;0;4078;0;0;95;0;200;0;
13414;5878694;1059401728;21790720;1200013312;0;0;0;0;0;0;0;0;0;0;0;3747;0;0;95;0;200;0;
13415;7588511;1059401728;21790720;1200013312;0;0;0;0;0;0;0;0;0;0;0;3166;0;0;95;0;200;0;
13416;4037422;1059401728;21790720;1200013312;0;0;0;0;0;0;0;0;0;0;0;3096;0;0;95;0;200;0;
13417;7218157;1059401728;21790720;1200013312;0;0;0;0;0;0;0;0;0;0;0;3747;0;0;95;0;200;0;
13418;3865850;1059401728;21790720;1200013312;0;0;0;0;0;0;0;0;0;0;0;3116;0;0;95;0;200;0;
13419;6397658;1059401728;21790720;1200013312;0;0;0;0;0;0;0;0;0;0;0;3106;0;0;95;0;200;0;
13420;5459579;1059401728;21790720;1200013312;0;0;0;0;0;0;0;0;0;0;0;2665;0;0;95;0;200;0;
13421;6641164;1059401728;21790720;1200013312;0;0;0;0;0;0;0;0;0;0;0;2114;0;0;95;0;200;0;
13422;4934354;1059401728;21790720;1200013312;0;0;0;0;0;0;0;0;0;0;0;4248;0;0;95;0;200;0;
13423;6139404;1059401728;21790720;1200013312;0;0;0;0;0;0;0;0;0;0;0;1723;0;0;95;0;200;0;
13424;6393621;1059401728;21790720;1200013312;0;0;0;0;0;0;0;0;0;0;0;3366;0;0;95;0;200;0;
13425;6529104;1059401728;21790720;1200013312;0;0;0;0;0;0;0;0;0;0;0;2895;0;0;95;0;200;0;
13426;4472839;1059401728;21790720;1200013312;0;0;0;0;0;0;0;0;0;0;0;3326;0;0;95;0;200;0;
13427;6934004;1059401728;21790720;1200013312;0;0;0;0;0;0;0;0;0;0;0;2624;0;0;95;0;200;0;
13428;4463601;1059401728;21790720;1200013312;0;0;0;0;0;0;0;0;0;0;0;3095;0;0;95;0;200;0;
13429;5439050;1059401728;21790720;1200013312;0;0;0;0;0;0;0;0;0;0;0;1894;0;0;95;0;200;0;
13430;4821051;1059401728;21790720;1200013312;0;0;0;0;0;0;0;0;0;0;0;4248;0;0;95;0;200;0;
13431;6224533;1059401728;21790720;1200013312;0;0;0;0;0;0;0;0;0;0;0;2334;0;0;95;0;200;0;
13432;5136924;1059401728;21790720;1200013312;0;0;0;0;0;0;0;0;0;0;0;3988;0;0;95;0;200;0;
13433;6817635;1059401728;21790720;1200013312;0;0;0;0;0;0;0;0;0;0;0;3967;0;0;95;0;200;0;
13434;5379048;1059401728;21790720;1200013312;0;0;0;0;0;0;0;0;0;0;0;3497;0;0;95;0;200;0;
13435;5977761;1059401728;21790720;1200013312;0;0;0;0;0;0;0;0;0;0;0;3046;0;0;95;0;200;0;
13436;4222058;1059401728;21790720;1200013312;0;0;0;0;0;0;0;0;0;0;0;2745;0;0;95;0;200;0;
13437;6772892;1059401728;21790720;1200013312;0;0;0;0;0;0;0;0;0;0;0;3968;0;0;95;0;200;0;
13438;4498787;1059401728;21790720;1200013312;0;0;0;0;0;0;0;0;0;0;0;3146;0;0;95;0;200;0;
13439;6762743;1059401728;21790720;1200013312;0;0;0;0;0;0;0;0;0;0;0;2946;0;0;95;0;200;0;
13440;4758473;1059401728;21790720;1200013312;0;0;0;0;0;0;0;0;0;0;0;2856;0;0;95;0;200;0;
13441;5650247;1059401728;21790720;1200013312;0;0;0;0;0;0;0;0;0;0;0;1873;0;0;95;0;200;0;
13442;5288929;1059401728;21790720;1200013312;0;0;0;0;0;0;0;0;0;0;0;3777;0;0;95;0;200;0;
13443;6009520;1059401728;21790720;1200013312;0;0;0;0;0;0;0;0;0;0;0;2484;0;0;95;0;200;0;
13444;4514206;1059401728;21790720;1200013312;0;0;0;0;0;0;0;0;0;0;0;2906;0;0;95;0;200;0;
13445;6691860;1059401728;21790720;1200013312;0;0;0;0;0;0;0;0;0;0;0;3557;0;0;95;0;200;0;
13446;3947393;1059401728;21790720;1200013312;0;0;0;0;0;0;0;0;0;0;0;4839;0;0;95;0;200;0;
13447;7803955;1059401728;21790720;1200013312;0;0;0;0;0;0;0;0;0;0;0;2845;0;0;95;0;200;0;
13448;3057413;1059401728;21790720;1200013312;0;0;0;0;0;0;0;0;0;0;0;3868;0;0;95;0;200;0;
13449;7382155;1059401728;21790720;1200013312;0;0;0;0;0;0;0;0;0;0;0;3036;0;0;95;0;200;0;
13450;2636705;1059401728;21790720;1200013312;0;0;0;0;0;0;0;0;0;0;0;3066;0;0;95;0;200;0;
13451;7094666;1059401728;21790720;1200013312;0;0;0;0;0;0;0;0;0;0;0;3837;0;0;95;0;200;0;
13452;3248092;1059401728;21790720;1200013312;0;0;0;0;0;0;0;0;0;0;0;3086;0;0;95;0;200;0;
13453;5338882;1059401728;21790720;1200013312;0;0;0;0;0;0;0;0;0;0;0;1793;0;0;95;0;200;0;
13454;7434252;1059401728;21790720;1200013312;0;0;0;0;0;0;0;0;0;0;0;3818;0;0;95;0;200;0;
13455;5624258;1059401728;21790720;1200013312;0;0;0;0;0;0;0;0;0;0;0;2455;0;0;95;0;200;0;
13456;5047076;1059401728;21790720;1200013312;0;0;0;0;0;0;0;0;0;0;0;3847;0;0;95;0;200;0;
13457;7398545;1059401728;21790720;1200013312;0;0;0;0;0;0;0;0;0;0;0;3317;0;0;95;0;200;0;
13458;4930347;1059401728;21790720;1200013312;0;0;0;0;0;0;0;0;0;0;0;3626;0;0;95;0;200;0;
13459;7816098;1059401728;21790720;1200013312;0;0;0;0;0;0;0;0;0;0;0;3687;0;0;95;0;200;0;
13460;5600493;1059401728;21790720;1200013312;0;0;0;0;0;0;0;0;0;0;0;3226;0;0;95;0;200;0;
13461;8764927;1059401728;21790720;1200013312;0;0;0;0;0;0;0;0;0;0;0;3356;0;0;95;0;200;0;
13462;4816002;1059401728;21790720;1200013312;0;0;0;0;0;0;0;0;0;0;0;3997;0;0;95;0;200;0;
13463;9956833;1059401728;21790720;1200013312;0;0;0;0;0;0;0;0;0;0;0;4178;0;0;95;0;200;0;
13464;5198930;1059401728;21790720;1200013312;0;0;0;0;0;0;0;0;0;0;0;4809;0;0;95;0;200;0;
13465;11573695;1059401728;21790720;1200013312;0;0;0;0;0;0;0;0;0;0;0;4378;0;0;95;0;200;0;
13466;6052260;1059401728;21790720;1200013312;0;0;0;0;0;0;0;0;0;0;0;3227;0;0;95;0;200;0;
13467;11000380;1059401728;21790720;1200013312;0;0;0;0;0;0;0;0;0;0;0;4108;0;0;95;0;200;0;
13468;5524030;1059401728;21790720;1200013312;0;0;0;0;0;0;0;0;0;0;0;4549;0;0;95;0;200;0;
13469;7834643;1059401728;21790720;1200013312;0;0;0;0;0;0;0;0;0;0;0;3617;0;0;95;0;200;0;
13470;3980244;1059401728;21790720;1200013312;0;0;0;0;0;0;0;0;0;0;0;2955;0;0;95;0;200;0;
13471;7154427;1059401728;21790720;1200013312;0;0;0;0;0;0;0;0;0;0;0;4098;0;0;95;0;200;0;
13472;3887901;1059401728;21790720;1200013312;0;0;0;0;0;0;0;0;0;0;0;3066;0;0;95;0;200;0;
13473;7145952;1059401728;21790720;1200013312;0;0;0;0;0;0;0;0;0;0;0;2255;0;0;95;0;200;0;
13474;7031036;1059401728;21790720;1200013312;0;0;0;0;0;0;0;0;0;0;0;4118;0;0;95;0;200;0;
13475;7887071;1059401728;21790720;1200013312;0;0;0;0;0;0;0;0;0;0;0;4088;0;0;95;0;200;0;
13476;5741608;1059401728;21790720;1200013312;0;0;0;0;0;0;0;0;0;0;0;4168;0;0;95;0;200;0;
13477;7276266;1059401728;21790720;1200013312;0;0;0;0;0;0;0;0;0;0;0;3326;0;0;95;0;200;0;
13478;3841965;1059401728;21790720;1200013312;0;0;0;0;0;0;0;0;0;0;0;2956;0;0;95;0;200;0;
13479;7396983;1059401728;21790720;1200013312;0;0;0;0;0;0;0;0;0;0;0;4398;0;0;95;0;200;0;
13480;5078424;1059401728;21790720;1200013312;0;0;0;0;0;0;0;0;0;0;0;2795;0;0;95;0;200;0;
13481;7467454;1059401728;21790720;1200013312;0;0;0;0;0;0;0;0;0;0;0;2214;0;0;95;0;200;0;
13482;6682141;1059401728;21790720;1200013312;0;0;0;0;0;0;0;0;0;0;0;4178;0;0;95;0;200;0;
13483;6346322;1059401728;21790720;1200013312;0;0;0;0;0;0;0;0;0;0;0;3446;0;0;95;0;200;0;
13484;5811168;1059401728;21790720;1200013312;0;0;0;0;0;0;0;0;0;0;0;3126;0;0;95;0;200;0;
13485;8559291;1059401728;21790720;1200013312;0;0;0;0;0;0;0;0;0;0;0;3737;0;0;95;0;200;0;
13486;4895311;1059401728;21790720;1200013312;0;0;0;0;0;0;0;0;0;0;0;3858;0;0;95;0;200;0;
13487;7470290;1059401728;21790720;1200013312;0;0;0;0;0;0;0;0;0;0;0;2585;0;0;95;0;200;0;
13488;5764391;1059401728;21790720;1200013312;0;0;0;0;0;0;0;0;0;0;0;3567;0;0;95;0;200;0;
13489;7626222;1059401728;21790720;1200013312;0;0;0;0;0;0;0;0;0;0;0;3858;0;0;95;0;200;0;
13490;8220606;1059401728;21790720;1200013312;0;0;0;0;0;0;0;0;0;0;0;5100;0;0;95;0;200;0;
13491;8838165;1059401728;21790720;1200013312;0;0;0;0;0;0;0;0;0;0;0;4559;0;0;95;0;200;0;
13492;5196325;1059401728;21790720;1200013312;0;0;0;0;0;0;0;0;0;0;0;3246;0;0;95;0;200;0;
13493;9665407;1059401728;21790720;1200013312;0;0;0;0;0;0;0;0;0;0;0;2865;0;0;95;0;200;0;
13494;5683328;1059401728;21790720;1200013312;0;0;0;0;0;0;0;0;0;0;0;4198;0;0;95;0;200;0;
13495;5490617;1059401728;21790720;1200013312;0;0;0;0;0;0;0;0;0;0;0;1913;0;0;95;0;200;0;
13496;8428817;1059401728;21790720;1200013312;0;0;0;0;0;0;0;0;0;0;0;4248;0;0;95;0;200;0;
13497;7317463;1059401728;21790720;1200013312;0;0;0;0;0;0;0;0;0;0;0;3276;0;0;95;0;200;0;
13498;16321188;1059401728;21790720;1200013312;0;0;0;0;0;0;0;0;0;0;0;5170;0;0;95;0;200;0;
13499;9729347;1059401728;21790720;1200013312;0;0;0;0;0;0;0;0;0;0;0;3878;0;0;95;0;200;0;
13500;6673075;1059401728;21790720;1200013312;0;0;0;0;0;0;0;0;0;0;0;3296;0;0;95;0;200;0;
13501;8504209;1059401728;21790720;1200013312;0;0;0;0;0;0;0;0;0;0;0;3447;0;0;95;0;200;0;
13502;5292897;1059401728;21790720;1200013312;0;0;0;0;0;0;0;0;0;0;0;3466;0;0;95;0;200;0;
13503;11037420;1059401728;21790720;1200013312;0;0;0;0;0;0;0;0;0;0;0;4018;0;0;95;0;200;0;
13504;4996490;1059401728;21790720;1200013312;0;0;0;0;0;0;0;0;0;0;0;3617;0;0;95;0;200;0;
13505;6919035;1059401728;21790720;1200013312;0;0;0;0;0;0;0;0;0;0;0;2966;0;0;95;0;200;0;
13506;4860105;1059401728;21790720;1200013312;0;0;0;0;0;0;0;0;0;0;0;3206;0;0;95;0;200;0;
13507;7985246;1059401728;21790720;1200013312;0;0;0;0;0;0;0;0;0;0;0;3417;0;0;95;0;200;0;
13508;4665730;1059401728;21790720;1200013312;0;0;0;0;0;0;0;0;0;0;0;3367;0;0;95;0;200;0;
13509;8456169;1059401728;21790720;1200013312;0;0;0;0;0;0;0;0;0;0;0;3867;0;0;95;0;200;0;
13510;3799666;1059401728;21790720;1200013312;0;0;0;0;0;0;0;0;0;0;0;3807;0;0;95;0;200;0;
13511;9586579;1059401728;21790720;1200013312;0;0;0;0;0;0;0;0;0;0;0;3948;0;0;95;0;200;0;
13512;3959937;1059401728;21790720;1200013312;0;0;0;0;0;0;0;0;0;0;0;3186;0;0;95;0;200;0;
13513;5026617;1059401728;21790720;1200013312;0;0;0;0;0;0;0;0;0;0;0;2064;0;0;95;0;200;0;
13514;7832619;1059401728;21790720;1200013312;0;0;0;0;0;0;0;0;0;0;0;3937;0;0;95;0;200;0;
13515;5211684;1059401728;21790720;1200013312;0;0;0;0;0;0;0;0;0;0;0;3336;0;0;95;0;200;0;
13516;5570046;1059401728;21790720;1200013312;0;0;0;0;0;0;0;0;0;0;0;4098;0;0;95;0;200;0;
13517;7995344;1059401728;21790720;1200013312;0;0;0;0;0;0;0;0;0;0;0;3577;0;0;95;0;200;0;
13518;4517613;1059401728;21790720;1200013312;0;0;0;0;0;0;0;0;0;0;0;2645;0;0;95;0;200;0;
13519;6527531;1059401728;21790720;1200013312;0;0;0;0;0;0;0;0;0;0;0;3917;0;0;95;0;200;0;
13520;6691900;1059401728;21790720;1200013312;0;0;0;0;0;0;0;0;0;0;0;4328;0;0;95;0;200;0;
13521;9614952;1059401728;21790720;1200013312;0;0;0;0;0;0;0;0;0;0;0;4639;0;0;95;0;200;0;
13522;4649210;1059401728;21790720;1200013312;0;0;0;0;0;0;0;0;0;0;0;3727;0;0;95;0;200;0;
13523;5563313;1059401728;21790720;1200013312;0;0;0;0;0;0;0;0;0;0;0;2545;0;0;95;0;200;0;
13524;6115098;1059401728;21790720;1200013312;0;0;0;0;0;0;0;0;0;0;0;3737;0;0;95;0;200;0;
13525;7307194;1059401728;21790720;1200013312;0;0;0;0;0;0;0;0;0;0;0;2845;0;0;95;0;200;0;
13526;6631977;1059401728;21790720;1200013312;0;0;0;0;0;0;0;0;0;0;0;4729;0;0;95;0;200;0;
13527;9693919;1059401728;21790720;1200013312;0;0;0;0;0;0;0;0;0;0;0;3747;0;0;95;0;200;0;
13528;6090032;1059401728;21790720;1200013312;0;0;0;0;0;0;0;0;0;0;0;3207;0;0;95;0;200;0;
13529;8327387;1059401728;21790720;1200013312;0;0;0;0;0;0;0;0;0;0;0;3316;0;0;95;0;200;0;
13530;4243999;1059401728;21790720;1200013312;0;0;0;0;0;0;0;0;0;0;0;4438;0;0;95;0;200;0;
13531;8305636;1059401728;21790720;1200013312;0;0;0;0;0;0;0;0;0;0;0;3487;0;0;95;0;200;0;
13532;4342784;1059401728;21790720;1200013312;0;0;0;0;0;0;0;0;0;0;0;3947;0;0;95;0;200;0;
13533;5861252;1059401728;21790720;1200013312;0;0;0;0;0;0;0;0;0;0;0;2374;0;0;95;0;200;0;
13534;8062710;1059401728;21790720;1200013312;0;0;0;0;0;0;0;0;0;0;0;3566;0;0;95;0;200;0;
13535;5259083;1059401728;21790720;1200013312;0;0;0;0;0;0;0;0;0;0;0;3397;0;0;95;0;200;0;
13536;5919752;1059401728;21790720;1200013312;0;0;0;0;0;0;0;0;0;0;0;3958;0;0;95;0;200;0;
13537;8408820;1059401728;21790720;1200013312;0;0;0;0;0;0;0;0;0;0;0;2975;0;0;95;0;200;0;
13538;5067073;1059401728;21790720;1200013312;0;0;0;0;0;0;0;0;0;0;0;3536;0;0;95;0;200;0;
13539;7859159;1059401728;21790720;1200013312;0;0;0;0;0;0;0;0;0;0;0;3927;0;0;95;0;200;0;
13540;3931773;1059401728;21790720;1200013312;0;0;0;0;0;0;0;0;0;0;0;5250;0;0;95;0;200;0;
13541;8330704;1059401728;21790720;1200013312;0;0;0;0;0;0;0;0;0;0;0;3406;0;0;95;0;200;0;
13542;5314937;1059401728;21790720;1200013312;0;0;0;0;0;0;0;0;0;0;0;4859;0;0;95;0;200;0;
13543;10294616;1059401728;21790720;1200013312;0;0;0;0;0;0;0;0;0;0;0;3367;0;0;95;0;200;0;
13544;4698141;1059401728;21790720;1200013312;0;0;0;0;0;0;0;0;0;0;0;3346;0;0;95;0;200;0;
13545;10360199;1059401728;21790720;1200013312;0;0;0;0;0;0;0;0;0;0;0;4428;0;0;95;0;200;0;
13546;6026291;1059401728;21790720;1200013312;0;0;0;0;0;0;0;0;0;0;0;4228;0;0;95;0;200;0;
13547;10984280;1059401728;21790720;1200013312;0;0;0;0;0;0;0;0;0;0;0;4258;0;0;95;0;200;0;
13548;5124381;1059401728;21790720;1200013312;0;0;0;0;0;0;0;0;0;0;0;3436;0;0;95;0;200;0;
13549;7990806;1059401728;21790720;1200013312;0;0;0;0;0;0;0;0;0;0;0;4459;0;0;95;0;200;0;
13550;6062860;1059401728;21790720;1200013312;0;0;0;0;0;0;0;0;0;0;0;3998;0;0;95;0;200;0;
13551;9163766;1059401728;21790720;1200013312;0;0;0;0;0;0;0;0;0;0;0;3376;0;0;95;0;200;0;
13552;6209425;1059401728;21790720;1200013312;0;0;0;0;0;0;0;0;0;0;0;3396;0;0;95;0;200;0;
13553;8470576;1059401728;21790720;1200013312;0;0;0;0;0;0;0;0;0;0;0;3958;0;0;95;0;200;0;
13554;9148658;1059401728;21790720;1200013312;0;0;0;0;0;0;0;0;0;0;0;3947;0;0;95;0;200;0;
13555;8928204;1059401728;21790720;1200013312;0;0;0;0;0;0;0;0;0;0;0;3637;0;0;95;0;200;0;
13556;10964001;1059401728;21790720;1200013312;0;0;0;0;0;0;0;0;0;0;0;3888;0;0;95;0;200;0;
13557;11292438;1059401728;21790720;1200013312;0;0;0;0;0;0;0;0;0;0;0;4017;0;0;95;0;200;0;
13558;8146188;1059401728;21790720;1200013312;0;0;0;0;0;0;0;0;0;0;0;2936;0;0;95;0;200;0;
13559;10048244;1059401728;21790720;1200013312;0;0;0;0;0;0;0;0;0;0;0;2685;0;0;95;0;200;0;
13560;8131440;1059401728;21790720;1200013312;0;0;0;0;0;0;0;0;0;0;0;3857;0;0;95;0;200;0;
13561;11281327;1059401728;21790720;1200013312;0;0;0;0;0;0;0;0;0;0;0;3066;0;0;95;0;200;0;
13562;6175211;1059401728;21790720;1200013312;0;0;0;0;0;0;0;0;0;0;0;3327;0;0;95;0;200;0;
13563;10680831;1059401728;21790720;1200013312;0;0;0;0;0;0;0;0;0;0;0;3317;0;0;95;0;200;0;
13564;6443444;1059401728;21790720;1200013312;0;0;0;0;0;0;0;0;0;0;0;3356;0;0;95;0;200;0;
13565;8821253;1059401728;21790720;1200013312;0;0;0;0;0;0;0;0;0;0;0;3767;0;0;95;0;200;0;
13566;9445895;1059401728;21790720;1200013312;0;0;0;0;0;0;0;0;0;0;0;3426;0;0;95;0;200;0;
13567;8560074;1059401728;21790720;1200013312;0;0;0;0;0;0;0;0;0;0;0;3737;0;0;95;0;200;0;
13568;8931510;1059401728;21790720;1200013312;0;0;0;0;0;0;0;0;0;0;0;4278;0;0;95;0;200;0;
13569;9109264;1059401728;21790720;1200013312;0;0;0;0;0;0;0;0;0;0;0;3517;0;0;95;0;200;0;
13570;9464991;1059401728;21790720;1200013312;0;0;0;0;0;0;0;0;0;0;0;3737;0;0;95;0;200;0;
13571;7586498;1059401728;21790720;1200013312;0;0;0;0;0;0;0;0;0;0;0;4127;0;0;95;0;200;0;
13572;8677544;1059401728;21790720;1200013312;0;0;0;0;0;0;0;0;0;0;0;3096;0;0;95;0;200;0;
13573;8930428;1059401728;21790720;1200013312;0;0;0;0;0;0;0;0;0;0;0;3837;0;0;95;0;200;0;
13574;7537857;1059401728;21790720;1200013312;0;0;0;0;0;0;0;0;0;0;0;3467;0;0;95;0;200;0;
13575;8432684;1059401728;21790720;1200013312;0;0;0;0;0;0;0;0;0;0;0;3637;0;0;95;0;200;0;
13576;9194643;1059401728;21790720;1200013312;0;0;0;0;0;0;0;0;0;0;0;3036;0;0;95;0;200;0;
13577;9146323;1059401728;21790720;1200013312;0;0;0;0;0;0;0;0;0;0;0;3196;0;0;95;0;200;0;
13578;7916496;1059401728;21790720;1200013312;0;0;0;0;0;0;0;0;0;0;0;3938;0;0;95;0;200;0;
13579;11500217;1059401728;21790720;1200013312;0;0;0;0;0;0;0;0;0;0;0;3778;0;0;95;0;200;0;
13580;4868701;1059401728;21790720;1200013312;0;0;0;0;0;0;0;0;0;0;0;3035;0;0;95;0;200;0;
13581;10275099;1059401728;21790720;1200013312;0;0;0;0;0;0;0;0;0;0;0;4027;0;0;95;0;200;0;
13582;7474377;1059401728;21790720;1200013312;0;0;0;0;0;0;0;0;0;0;0;3477;0;0;95;0;200;0;
13583;10444116;1059401728;21790720;1200013312;0;0;0;0;0;0;0;0;0;0;0;3306;0;0;95;0;200;0;
13584;3143735;1059401728;21790720;1200013312;0;0;0;0;0;0;0;0;0;0;0;3457;0;0;95;0;200;0;
13585;10432064;1059401728;21790720;1200013312;0;0;0;0;0;0;0;0;0;0;0;3837;0;0;95;0;200;0;
13586;5337359;1059401728;21790720;1200013312;0;0;0;0;0;0;0;0;0;0;0;4068;0;0;95;0;200;0;
13587;8808880;1059401728;21790720;1200013312;0;0;0;0;0;0;0;0;0;0;0;3166;0;0;95;0;200;0;
13588;4710404;1059401728;21790720;1200013312;0;0;0;0;0;0;0;0;0;0;0;3346;0;0;95;0;200;0;
13589;6326605;1059401728;21790720;1200013312;0;0;0;0;0;0;0;0;0;0;0;2495;0;0;95;0;200;0;
13590;7332020;1059401728;21790720;1200013312;0;0;0;0;0;0;0;0;0;0;0;4008;0;0;95;0;200;0;
13591;7124261;1059401728;21790720;1200013312;0;0;0;0;0;0;0;0;0;0;0;2074;0;0;95;0;200;0;
13592;4601981;1059401728;21790720;1200013312;0;0;0;0;0;0;0;0;0;0;0;4388;0;0;95;0;200;0;
13593;6862049;1059401728;21790720;1200013312;0;0;0;0;0;0;0;0;0;0;0;3026;0;0;95;0;200;0;
13594;3138686;1059401728;21790720;1200013312;0;0;0;0;0;0;0;0;0;0;0;3296;0;0;95;0;200;0;
13595;7219780;1059401728;21790720;1200013312;0;0;0;0;0;0;0;0;0;0;0;4188;0;0;95;0;200;0;
13596;8541619;1059401728;21790720;1200013312;0;0;0;0;0;0;0;0;0;0;0;3758;0;0;95;0;200;0;
13597;7061032;1059401728;21790720;1200013312;0;0;0;0;0;0;0;0;0;0;0;3778;0;0;95;0;200;0;
13598;5808223;1059401728;21790720;1200013312;0;0;0;0;0;0;0;0;0;0;0;2945;0;0;95;0;200;0;
13599;8527352;1059401728;21790720;1200013312;0;0;0;0;0;0;0;0;0;0;0;2736;0;0;95;0;200;0;
13600;5900947;1059401728;21790720;1200013312;0;0;0;0;0;0;0;0;0;0;0;3126;0;0;95;0;200;0;
13601;5899704;1059401728;21790720;1200013312;0;0;0;0;0;0;0;0;0;0;0;2154;0;0;95;0;200;0;
13602;5956851;1059401728;21790720;1200013312;0;0;0;0;0;0;0;0;0;0;0;4328;0;0;95;0;200;0;
13603;8666262;1059401728;21790720;1200013312;0;0;0;0;0;0;0;0;0;0;0;3246;0;0;95;0;200;0;
13604;5517648;1059401728;21790720;1200013312;0;0;0;0;0;0;0;0;0;0;0;3537;0;0;95;0;200;0;
13605;8081586;1059401728;21790720;1200013312;0;0;0;0;0;0;0;0;0;0;0;2665;0;0;95;0;200;0;
13606;5455882;1059401728;21790720;1200013312;0;0;0;0;0;0;0;0;0;0;0;2785;0;0;95;0;200;0;
13607;9103031;1059401728;21790720;1200013312;0;0;0;0;0;0;0;0;0;0;0;4017;0;0;95;0;200;0;
13608;5009665;1059401728;21790720;1200013312;0;0;0;0;0;0;0;0;0;0;0;3075;0;0;95;0;200;0;
13609;10631648;1059401728;21790720;1200013312;0;0;0;0;0;0;0;0;0;0;0;3417;0;0;95;0;200;0;
13610;4694003;1059401728;21790720;1200013312;0;0;0;0;0;0;0;0;0;0;0;3626;0;0;95;0;200;0;
13611;9509153;1059401728;21790720;1200013312;0;0;0;0;0;0;0;0;0;0;0;4368;0;0;95;0;200;0;
13612;4702709;1059401728;21790720;1200013312;0;0;0;0;0;0;0;0;0;0;0;3036;0;0;95;0;200;0;
13613;7486250;1059401728;21790720;1200013312;0;0;0;0;0;0;0;0;0;0;0;2395;0;0;95;0;200;0;
13614;6662655;1059401728;21790720;1200013312;0;0;0;0;0;0;0;0;0;0;0;3587;0;0;95;0;200;0;
13615;7005939;1059401728;21790720;1200013312;0;0;0;0;0;0;0;0;0;0;0;2865;0;0;95;0;200;0;
13616;10463894;1059401728;21790720;1200013312;0;0;0;0;0;0;0;0;0;0;0;2835;0;0;95;0;200;0;
13617;8160504;1059401728;21790720;1200013312;0;0;0;0;0;0;0;0;0;0;0;3155;0;0;95;0;200;0;
13618;7830104;1059401728;21790720;1200013312;0;0;0;0;0;0;0;0;0;0;0;4057;0;0;95;0;200;0;
13619;8839267;1059401728;21790720;1200013312;0;0;0;0;0;0;0;0;0;0;0;2354;0;0;95;0;200;0;
13620;5044150;1059401728;21790720;1200013312;0;0;0;0;0;0;0;0;0;0;0;2935;0;0;95;0;200;0;
13621;8302330;1059401728;21790720;1200013312;0;0;0;0;0;0;0;0;0;0;0;3135;0;0;95;0;200;0;
13622;3824242;1059401728;21790720;1200013312;0;0;0;0;0;0;0;0;0;0;0;3086;0;0;95;0;200;0;
13623;8462831;1059401728;21790720;1200013312;0;0;0;0;0;0;0;0;0;0;0;4258;0;0;95;0;200;0;
13624;5422139;1059401728;21790720;1200013312;0;0;0;0;0;0;0;0;0;0;0;3055;0;0;95;0;200;0;
13625;7041997;1059401728;21790720;1200013312;0;0;0;0;0;0;0;0;0;0;0;3356;0;0;95;0;200;0;
13626;7346808;1059401728;21790720;1200013312;0;0;0;0;0;0;0;0;0;0;0;3306;0;0;95;0;200;0;
13627;5838048;1059401728;21790720;1200013312;0;0;0;0;0;0;0;0;0;0;0;2134;0;0;95;0;200;0;
13628;6212801;1059401728;21790720;1200013312;0;0;0;0;0;0;0;0;0;0;0;4729;0;0;95;0;200;0;
13629;8259480;1059401728;21790720;1200013312;0;0;0;0;0;0;0;0;0;0;0;2635;0;0;95;0;200;0;
13630;7072504;1059401728;21790720;1200013312;0;0;0;0;0;0;0;0;0;0;0;4138;0;0;95;0;200;0;
13631;7951071;1059401728;21790720;1200013312;0;0;0;0;0;0;0;0;0;0;0;3146;0;0;95;0;200;0;
13632;6514107;1059401728;21790720;1200013312;0;0;0;0;0;0;0;0;0;0;0;3296;0;0;95;0;200;0;
13633;8614356;1059401728;21790720;1200013312;0;0;0;0;0;0;0;0;0;0;0;2264;0;0;95;0;200;0;
13634;2726363;1059401728;21790720;1200013312;0;0;0;0;0;0;0;0;0;0;0;2645;0;0;95;0;200;0;
13635;6852471;1059401728;21790720;1200013312;0;0;0;0;0;0;0;0;0;0;0;3757;0;0;95;0;200;0;
13636;6723700;1059401728;21790720;1200013312;0;0;0;0;0;0;0;0;0;0;0;2855;0;0;95;0;200;0;
13637;4244981;1059401728;21790720;1200013312;0;0;0;0;0;0;0;0;0;0;0;1954;0;0;95;0;200;0;
13638;4514647;1059401728;21790720;1200013312;0;0;0;0;0;0;0;0;0;0;0;3267;0;0;95;0;200;0;
13639;9190205;1059401728;21790720;1200013312;0;0;0;0;0;0;0;0;0;0;0;3066;0;0;95;0;200;0;
13640;5051052;1059401728;21790720;1200013312;0;0;0;0;0;0;0;0;0;0;0;3236;0;0;95;0;200;0;
13641;9575377;1059401728;21790720;1200013312;0;0;0;0;0;0;0;0;0;0;0;3947;0;0;95;0;200;0;
13642;3229947;1059401728;21790720;1200013312;0;0;0;0;0;0;0;0;0;0;0;3356;0;0;95;0;200;0;
13643;8869053;1059401728;21790720;1200013312;0;0;0;0;0;0;0;0;0;0;0;3346;0;0;95;0;200;0;
13644;3808643;1059401728;21790720;1200013312;0;0;0;0;0;0;0;0;0;0;0;2505;0;0;95;0;200;0;
13645;5661989;1059401728;21790720;1200013312;0;0;0;0;0;0;0;0;0;0;0;3096;0;0;95;0;200;0;
13646;4965202;1059401728;21798912;1200021504;0;0;0;0;0;0;0;0;0;0;0;3456;0;0;95;0;200;0;
13647;7285844;1059401728;21798912;1200021504;0;0;0;0;0;0;0;0;0;0;0;3306;0;0;95;0;200;0;
13648;7015316;1059401728;21798912;1200021504;0;0;0;0;0;0;0;0;0;0;0;4438;0;0;95;0;200;0;
13649;5941713;1059401728;21798912;1200021504;0;0;0;0;0;0;0;0;0;0;0;4208;0;0;95;0;200;0;
13650;6028977;1059401728;21798912;1200021504;0;0;0;0;0;0;0;0;0;0;0;3336;0;0;95;0;200;0;
13651;8298884;1059401728;21798912;1200021504;0;0;0;0;0;0;0;0;0;0;0;3477;0;0;95;0;200;0;
13652;4251543;1059401728;21790720;1200013312;0;0;0;0;0;0;0;0;0;0;0;3327;0;0;95;0;200;0;
13653;6328589;1059401728;21790720;1200013312;0;0;0;0;0;0;0;0;0;0;0;3837;0;0;95;0;200;0;
13654;5665746;1059401728;21790720;1200013312;0;0;0;0;0;0;0;0;0;0;0;2885;0;0;95;0;200;0;
13655;8417115;1059401728;21790720;1200013312;0;0;0;0;0;0;0;0;0;0;0;3536;0;0;95;0;200;0;
13656;4816843;1059401728;21790720;1200013312;0;0;0;0;0;0;0;0;0;0;0;3226;0;0;95;0;200;0;
13657;8684777;1059401728;21790720;1200013312;0;0;0;0;0;0;0;0;0;0;0;2685;0;0;95;0;200;0;
13658;4265029;1059401728;21790720;1200013312;0;0;0;0;0;0;0;0;0;0;0;3496;0;0;95;0;200;0;
13659;8209917;1059401728;21790720;1200013312;0;0;0;0;0;0;0;0;0;0;0;3948;0;0;95;0;200;0;
13660;6497465;1059401728;21790720;1200013312;0;0;0;0;0;0;0;0;0;0;0;3286;0;0;95;0;200;0;
13661;9828121;1059401728;21790720;1200013312;0;0;0;0;0;0;0;0;0;0;0;3086;0;0;95;0;200;0;
13662;4629051;1059401728;21790720;1200013312;0;0;0;0;0;0;0;0;0;0;0;3517;0;0;95;0;200;0;
13663;10191192;1059401728;21790720;1200013312;0;0;0;0;0;0;0;0;0;0;0;3787;0;0;95;0;200;0;
13664;4332855;1059401728;21790720;1200013312;0;0;0;0;0;0;0;0;0;0;0;4619;0;0;95;0;200;0;
13665;7876892;1059401728;21790720;1200013312;0;0;0;0;0;0;0;0;0;0;0;3807;0;0;95;0;200;0;
13666;5633666;1059401728;21790720;1200013312;0;0;0;0;0;0;0;0;0;0;0;3537;0;0;95;0;200;0;
13667;5389307;1059401728;21790720;1200013312;0;0;0;0;0;0;0;0;0;0;0;2966;0;0;95;0;200;0;
13668;6220486;1059401728;21790720;1200013312;0;0;0;0;0;0;0;0;0;0;0;3306;0;0;95;0;200;0;
13669;6458893;1059401728;21790720;1200013312;0;0;0;0;0;0;0;0;0;0;0;3617;0;0;95;0;200;0;
13670;6148831;1059401728;21790720;1200013312;0;0;0;0;0;0;0;0;0;0;0;3386;0;0;95;0;200;0;
13671;8444717;1059401728;21790720;1200013312;0;0;0;0;0;0;0;0;0;0;0;3326;0;0;95;0;200;0;
13672;5772766;1059401728;21790720;1200013312;0;0;0;0;0;0;0;0;0;0;0;3136;0;0;95;0;200;0;
13673;6813558;1059401728;21790720;1200013312;0;0;0;0;0;0;0;0;0;0;0;3336;0;0;95;0;200;0;
13674;5549387;1059401728;21790720;1200013312;0;0;0;0;0;0;0;0;0;0;0;3016;0;0;95;0;200;0;
13675;9933449;1059401728;21790720;1200013312;0;0;0;0;0;0;0;0;0;0;0;4959;0;0;95;0;200;0;
13676;6946748;1059401728;21790720;1200013312;0;0;0;0;0;0;0;0;0;0;0;3707;0;0;95;0;200;0;
13677;7553716;1059401728;21790720;1200013312;0;0;0;0;0;0;0;0;0;0;0;4569;0;0;95;0;200;0;
13678;5982890;1059401728;21790720;1200013312;0;0;0;0;0;0;0;0;0;0;0;3356;0;0;95;0;200;0;
13679;10243651;1059401728;21790720;1200013312;0;0;0;0;0;0;0;0;0;0;0;3407;0;0;95;0;200;0;
13680;5240388;1059401728;21790720;1200013312;0;0;0;0;0;0;0;0;0;0;0;3597;0;0;95;0;200;0;
13681;9891270;1059401728;21790720;1200013312;0;0;0;0;0;0;0;0;0;0;0;3858;0;0;95;0;200;0;
13682;5236170;1059401728;21790720;1200013312;0;0;0;0;0;0;0;0;0;0;0;2675;0;0;95;0;200;0;
13683;8372943;1059401728;21790720;1200013312;0;0;0;0;0;0;0;0;0;0;0;3877;0;0;95;0;200;0;
13684;6992564;1059401728;21790720;1200013312;0;0;0;0;0;0;0;0;0;0;0;2515;0;0;95;0;200;0;
13685;7520755;1059401728;21790720;1200013312;0;0;0;0;0;0;0;0;0;0;0;3286;0;0;95;0;200;0;
13686;6175541;1059401728;21790720;1200013312;0;0;0;0;0;0;0;0;0;0;0;3366;0;0;95;0;200;0;
13687;8239122;1059401728;21790720;1200013312;0;0;0;0;0;0;0;0;0;0;0;3437;0;0;95;0;200;0;
13688;9085980;1059401728;21790720;1200013312;0;0;0;0;0;0;0;0;0;0;0;3497;0;0;95;0;200;0;
13689;7347639;1059401728;21790720;1200013312;0;0;0;0;0;0;0;0;0;0;0;3105;0;0;95;0;200;0;
13690;7797393;1059401728;21790720;1200013312;0;0;0;0;0;0;0;0;0;0;0;4158;0;0;95;0;200;0;
13691;7554308;1059401728;21790720;1200013312;0;0;0;0;0;0;0;0;0;0;0;3056;0;0;95;0;200;0;
13692;6459714;1059401728;21790720;1200013312;0;0;0;0;0;0;0;0;0;0;0;3787;0;0;95;0;200;0;
13693;7763610;1059401728;21790720;1200013312;0;0;0;0;0;0;0;0;0;0;0;3026;0;0;95;0;200;0;
13694;9319838;1059401728;21790720;1200013312;0;0;0;0;0;0;0;0;0;0;0;3196;0;0;95;0;200;0;
13695;9437819;1059401728;21790720;1200013312;0;0;0;0;0;0;0;0;0;0;0;4549;0;0;95;0;200;0;
13696;4822835;1059401728;21790720;1200013312;0;0;0;0;0;0;0;0;0;0;0;3447;0;0;95;0;200;0;
13697;8739019;1059401728;21790720;1200013312;0;0;0;0;0;0;0;0;0;0;0;4278;0;0;95;0;200;0;
13698;9482163;1059401728;21790720;1200013312;0;0;0;0;0;0;0;0;0;0;0;5310;0;0;95;0;200;0;
13699;7408434;1059401728;21790720;1200013312;0;0;0;0;0;0;0;0;0;0;0;4378;0;0;95;0;200;0;
13700;7734395;1059401728;21790720;1200013312;0;0;0;0;0;0;0;0;0;0;0;3677;0;0;95;0;200;0;
13701;10003721;1059401728;21790720;1200013312;0;0;0;0;0;0;0;0;0;0;0;4638;0;0;95;0;200;0;
13702;9170318;1059401728;21790720;1200013312;0;0;0;0;0;0;0;0;0;0;0;4018;0;0;95;0;200;0;
13703;8522723;1059401728;21790720;1200013312;0;0;0;0;0;0;0;0;0;0;0;4258;0;0;95;0;200;0;
13704;8060476;1059401728;21790720;1200013312;0;0;0;0;0;0;0;0;0;0;0;3576;0;0;95;0;200;0;
13705;12641297;1059401728;21790720;1200013312;0;0;0;0;0;0;0;0;0;0;0;3236;0;0;95;0;200;0;
13706;8112214;1059401728;21790720;1200013312;0;0;0;0;0;0;0;0;0;0;0;3998;0;0;95;0;200;0;
13707;7836797;1059401728;21790720;1200013312;0;0;0;0;0;0;0;0;0;0;0;3787;0;0;95;0;200;0;
13708;8123795;1059401728;21790720;1200013312;0;0;0;0;0;0;0;0;0;0;0;4418;0;0;95;0;200;0;
13709;8624975;1059401728;21790720;1200013312;0;0;0;0;0;0;0;0;0;0;0;3216;0;0;95;0;200;0;
13710;5413733;1059401728;21790720;1200013312;0;0;0;0;0;0;0;0;0;0;0;2935;0;0;95;0;200;0;
13711;7330107;1059401728;21790720;1200013312;0;0;0;0;0;0;0;0;0;0;0;3647;0;0;95;0;200;0;
13712;6621328;1059401728;21790720;1200013312;0;0;0;0;0;0;0;0;0;0;0;3327;0;0;95;0;200;0;
13713;8117473;1059401728;21790720;1200013312;0;0;0;0;0;0;0;0;0;0;0;2745;0;0;95;0;200;0;
13714;9311473;1059401728;21790720;1200013312;0;0;0;0;0;0;0;0;0;0;0;4008;0;0;95;0;200;0;
13715;7184022;1059401728;21790720;1200013312;0;0;0;0;0;0;0;0;0;0;0;4088;0;0;95;0;200;0;
13716;7184513;1059401728;21790720;1200013312;0;0;0;0;0;0;0;0;0;0;0;3456;0;0;95;0;200;0;
13717;7847948;1059401728;21790720;1200013312;0;0;0;0;0;0;0;0;0;0;0;3386;0;0;95;0;200;0;
13718;6141989;1059401728;21790720;1200013312;0;0;0;0;0;0;0;0;0;0;0;3337;0;0;95;0;200;0;
13719;9648685;1059401728;21790720;1200013312;0;0;0;0;0;0;0;0;0;0;0;4659;0;0;95;0;200;0;
13720;7819194;1059401728;21790720;1200013312;0;0;0;0;0;0;0;0;0;0;0;3457;0;0;95;0;200;0;
13721;10861059;1059401728;21790720;1200013312;0;0;0;0;0;0;0;0;0;0;0;4158;0;0;95;0;200;0;
13722;6099458;1059401728;21790720;1200013312;0;0;0;0;0;0;0;0;0;0;0;2935;0;0;95;0;200;0;
13723;6653297;1059401728;21790720;1200013312;0;0;0;0;0;0;0;0;0;0;0;2515;0;0;95;0;200;0;
13724;6148912;1059401728;21790720;1200013312;0;0;0;0;0;0;0;0;0;0;0;4309;0;0;95;0;200;0;
13725;9455954;1059401728;21790720;1200013312;0;0;0;0;0;0;0;0;0;0;0;3897;0;0;95;0;200;0;
13726;10692773;1059401728;21790720;1200013312;0;0;0;0;0;0;0;0;0;0;0;4138;0;0;95;0;200;0;
13727;8321345;1059401728;21790720;1200013312;0;0;0;0;0;0;0;0;0;0;0;4419;0;0;95;0;200;0;
13728;8446040;1059401728;21790720;1200013312;0;0;0;0;0;0;0;0;0;0;0;6662;0;0;95;0;200;0;
13729;7450622;1059401728;21790720;1200013312;0;0;0;0;0;0;0;0;0;0;0;3045;0;0;95;0;200;0;
13730;7060722;1059401728;21790720;1200013312;0;0;0;0;0;0;0;0;0;0;0;3917;0;0;95;0;200;0;
13731;8546318;1059401728;21790720;1200013312;0;0;0;0;0;0;0;0;0;0;0;4158;0;0;95;0;200;0;
13732;7951923;1059401728;21790720;1200013312;0;0;0;0;0;0;0;0;0;0;0;4148;0;0;95;0;200;0;
13733;9021880;1059401728;21790720;1200013312;0;0;0;0;0;0;0;0;0;0;0;3406;0;0;95;0;200;0;
13734;9649186;1059401728;21790720;1200013312;0;0;0;0;0;0;0;0;0;0;0;4548;0;0;95;0;200;0;
13735;10192555;1059401728;21790720;1200013312;0;0;0;0;0;0;0;0;0;0;0;3927;0;0;95;0;200;0;
13736;6122732;1059401728;21790720;1200013312;0;0;0;0;0;0;0;0;0;0;0;3747;0;0;95;0;200;0;
13737;12175623;1059401728;21790720;1200013312;0;0;0;0;0;0;0;0;0;0;0;4438;0;0;95;0;200;0;
13738;7164867;1059401728;21790720;1200013312;0;0;0;0;0;0;0;0;0;0;0;4248;0;0;95;0;200;0;
13739;8664780;1059401728;21790720;1200013312;0;0;0;0;0;0;0;0;0;0;0;3847;0;0;95;0;200;0;
13740;6928834;1059401728;21790720;1200013312;0;0;0;0;0;0;0;0;0;0;0;3025;0;0;95;0;200;0;
13741;9614401;1059401728;21790720;1200013312;0;0;0;0;0;0;0;0;0;0;0;3075;0;0;95;0;200;0;
13742;4849434;1059401728;21790720;1200013312;0;0;0;0;0;0;0;0;0;0;0;4318;0;0;95;0;200;0;
13743;11323195;1059401728;21790720;1200013312;0;0;0;0;0;0;0;0;0;0;0;4288;0;0;95;0;200;0;
13744;4246263;1059401728;21790720;1200013312;0;0;0;0;0;0;0;0;0;0;0;3857;0;0;95;0;200;0;
13745;10309615;1059401728;21790720;1200013312;0;0;0;0;0;0;0;0;0;0;0;3477;0;0;95;0;200;0;
13746;5113940;1059401728;21790720;1200013312;0;0;0;0;0;0;0;0;0;0;0;3647;0;0;95;0;200;0;
13747;8143351;1059401728;21790720;1200013312;0;0;0;0;0;0;0;0;0;0;0;3437;0;0;95;0;200;0;
13748;6068761;1059401728;21790720;1200013312;0;0;0;0;0;0;0;0;0;0;0;3267;0;0;95;0;200;0;
13749;7047136;1059401728;21790720;1200013312;0;0;0;0;0;0;0;0;0;0;0;3526;0;0;95;0;200;0;
13750;8375999;1059401728;21790720;1200013312;0;0;0;0;0;0;0;0;0;0;0;3256;0;0;95;0;200;0;
13751;8695678;1059401728;21790720;1200013312;0;0;0;0;0;0;0;0;0;0;0;2845;0;0;95;0;200;0;
13752;7024995;1059401728;21790720;1200013312;0;0;0;0;0;0;0;0;0;0;0;4128;0;0;95;0;200;0;
13753;8513336;1059401728;21790720;1200013312;0;0;0;0;0;0;0;0;0;0;0;3947;0;0;95;0;200;0;
13754;5435414;1059401728;21790720;1200013312;0;0;0;0;0;0;0;0;0;0;0;3907;0;0;95;0;200;0;
13755;9303417;1059401728;21790720;1200013312;0;0;0;0;0;0;0;0;0;0;0;3506;0;0;95;0;200;0;
13756;5719787;1059401728;21790720;1200013312;0;0;0;0;0;0;0;0;0;0;0;3887;0;0;95;0;200;0;
13757;9960280;1059401728;21790720;1200013312;0;0;0;0;0;0;0;0;0;0;0;3727;0;0;95;0;200;0;
13758;5241961;1059401728;21790720;1200013312;0;0;0;0;0;0;0;0;0;0;0;4358;0;0;95;0;200;0;
13759;7483033;1059401728;21790720;1200013312;0;0;0;0;0;0;0;0;0;0;0;4128;0;0;95;0;200;0;
13760;6424348;1059401728;21790720;1200013312;0;0;0;0;0;0;0;0;0;0;0;3416;0;0;95;0;200;0;
13761;5700691;1059401728;21790720;1200013312;0;0;0;0;0;0;0;0;0;0;0;2344;0;0;95;0;200;0;
13762;8090352;1059401728;21790720;1200013312;0;0;0;0;0;0;0;0;0;0;0;3907;0;0;95;0;200;0;
13763;5801691;1059401728;21790720;1200013312;0;0;0;0;0;0;0;0;0;0;0;3356;0;0;95;0;200;0;
13764;6193195;1059401728;21790720;1200013312;0;0;0;0;0;0;0;0;0;0;0;4418;0;0;95;0;200;0;
13765;8481056;1059401728;21790720;1200013312;0;0;0;0;0;0;0;0;0;0;0;2925;0;0;95;0;200;0;
13766;4563509;1059401728;21790720;1200013312;0;0;0;0;0;0;0;0;0;0;0;4258;0;0;95;0;200;0;
13767;12848907;1059401728;21790720;1200013312;0;0;0;0;0;0;0;0;0;0;0;3827;0;0;95;0;200;0;
13768;4352513;1059401728;21790720;1200013312;0;0;0;0;0;0;0;0;0;0;0;4218;0;0;95;0;200;0;
13769;9383157;1059401728;21790720;1200013312;0;0;0;0;0;0;0;0;0;0;0;4208;0;0;95;0;200;0;
13770;5027418;1059401728;21790720;1200013312;0;0;0;0;0;0;0;0;0;0;0;3607;0;0;95;0;200;0;
13771;6240383;1059401728;21790720;1200013312;0;0;0;0;0;0;0;0;0;0;0;4318;0;0;95;0;200;0;
13772;5722572;1059401728;21790720;1200013312;0;0;0;0;0;0;0;0;0;0;0;3076;0;0;95;0;200;0;
13773;11940924;1059401728;21790720;1200013312;0;0;0;0;0;0;0;0;0;0;0;2705;0;0;95;0;200;0;
13774;3790859;1059401728;21790720;1200013312;0;0;0;0;0;0;0;0;0;0;0;2385;0;0;95;0;200;0;
13775;6318279;1059401728;21790720;1200013312;0;0;0;0;0;0;0;0;0;0;0;3747;0;0;95;0;200;0;
13776;5615791;1059401728;21790720;1200013312;0;0;0;0;0;0;0;0;0;0;0;3267;0;0;95;0;200;0;
13777;8529626;1059401728;21790720;1200013312;0;0;0;0;0;0;0;0;0;0;0;3166;0;0;95;0;200;0;
13778;4681990;1059401728;21790720;1200013312;0;0;0;0;0;0;0;0;0;0;0;3457;0;0;95;0;200;0;
13779;7553155;1059401728;21790720;1200013312;0;0;0;0;0;0;0;0;0;0;0;3186;0;0;95;0;200;0;
13780;5716931;1059401728;21790720;1200013312;0;0;0;0;0;0;0;0;0;0;0;3016;0;0;95;0;200;0;
13781;11287168;1059401728;21790720;1200013312;0;0;0;0;0;0;0;0;0;0;0;4088;0;0;95;0;200;0;
13782;5783737;1059401728;21790720;1200013312;0;0;0;0;0;0;0;0;0;0;0;3546;0;0;95;0;200;0;
13783;6016373;1059401728;21790720;1200013312;0;0;0;0;0;0;0;0;0;0;0;2846;0;0;95;0;200;0;
13784;7237012;1059401728;21790720;1200013312;0;0;0;0;0;0;0;0;0;0;0;3767;0;0;95;0;200;0;
13785;6581313;1059401728;21790720;1200013312;0;0;0;0;0;0;0;0;0;0;0;3427;0;0;95;0;200;0;
13786;6396266;1059401728;21790720;1200013312;0;0;0;0;0;0;0;0;0;0;0;5470;0;0;95;0;200;0;
13787;9752469;1059401728;21790720;1200013312;0;0;0;0;0;0;0;0;0;0;0;3788;0;0;95;0;200;0;
13788;6341723;1059401728;21790720;1200013312;0;0;0;0;0;0;0;0;0;0;0;3687;0;0;95;0;200;0;
13789;9038952;1059401728;21790720;1200013312;0;0;0;0;0;0;0;0;0;0;0;3116;0;0;95;0;200;0;
13790;5317132;1059401728;21790720;1200013312;0;0;0;0;0;0;0;0;0;0;0;3827;0;0;95;0;200;0;
13791;8710195;1059401728;21790720;1200013312;0;0;0;0;0;0;0;0;0;0;0;4198;0;0;95;0;200;0;
13792;5587709;1059401728;21790720;1200013312;0;0;0;0;0;0;0;0;0;0;0;4168;0;0;95;0;200;0;
13793;8437644;1059401728;21790720;1200013312;0;0;0;0;0;0;0;0;0;0;0;2995;0;0;95;0;200;0;
13794;7628346;1059401728;21790720;1200013312;0;0;0;0;0;0;0;0;0;0;0;3427;0;0;95;0;200;0;
13795;11933370;1059401728;21790720;1200013312;0;0;0;0;0;0;0;0;0;0;0;4508;0;0;95;0;200;0;
13796;5089865;1059401728;21790720;1200013312;0;0;0;0;0;0;0;0;0;0;0;2585;0;0;95;0;200;0;
13797;10020983;1059401728;21790720;1200013312;0;0;0;0;0;0;0;0;0;0;0;3787;0;0;95;0;200;0;
13798;3776382;1059401728;21790720;1200013312;0;0;0;0;0;0;0;0;0;0;0;3967;0;0;95;0;200;0;
13799;7960529;1059401728;21790720;1200013312;0;0;0;0;0;0;0;0;0;0;0;3777;0;0;95;0;200;0;
13800;5381332;1059401728;21790720;1200013312;0;0;0;0;0;0;0;0;0;0;0;2705;0;0;95;0;200;0;
13801;7935271;1059401728;21790720;1200013312;0;0;0;0;0;0;0;0;0;0;0;1774;0;0;95;0;200;0;
13802;7060121;1059401728;21790720;1200013312;0;0;0;0;0;0;0;0;0;0;0;3326;0;0;95;0;200;0;
13803;7993330;1059401728;21790720;1200013312;0;0;0;0;0;0;0;0;0;0;0;3506;0;0;95;0;200;0;
13804;6242046;1059401728;21790720;1200013312;0;0;0;0;0;0;0;0;0;0;0;3476;0;0;95;0;200;0;
13805;9167282;1059401728;21790720;1200013312;0;0;0;0;0;0;0;0;0;0;0;3847;0;0;95;0;200;0;
13806;5855381;1059401728;21790720;1200013312;0;0;0;0;0;0;0;0;0;0;0;3848;0;0;95;0;200;0;
13807;8747234;1059401728;21790720;1200013312;0;0;0;0;0;0;0;0;0;0;0;3357;0;0;95;0;200;0;
13808;6990429;1059401728;21790720;1200013312;0;0;0;0;0;0;0;0;0;0;0;3236;0;0;95;0;200;0;
13809;8426853;1059401728;21790720;1200013312;0;0;0;0;0;0;0;0;0;0;0;4088;0;0;95;0;200;0;
13810;8795185;1059401728;21790720;1200013312;0;0;0;0;0;0;0;0;0;0;0;3256;0;0;95;0;200;0;
13811;7439462;1059401728;21790720;1200013312;0;0;0;0;0;0;0;0;0;0;0;3066;0;0;95;0;200;0;
13812;6213212;1059401728;21790720;1200013312;0;0;0;0;0;0;0;0;0;0;0;3656;0;0;95;0;200;0;
13813;7008835;1059401728;21790720;1200013312;0;0;0;0;0;0;0;0;0;0;0;3968;0;0;95;0;200;0;
13814;7270675;1059401728;21790720;1200013312;0;0;0;0;0;0;0;0;0;0;0;3626;0;0;95;0;200;0;
13815;7279101;1059401728;21790720;1200013312;0;0;0;0;0;0;0;0;0;0;0;4068;0;0;95;0;200;0;
13816;6063220;1059401728;21790720;1200013312;0;0;0;0;0;0;0;0;0;0;0;3266;0;0;95;0;200;0;
13817;8498267;1059401728;21790720;1200013312;0;0;0;0;0;0;0;0;0;0;0;4879;0;0;95;0;200;0;
13818;5619448;1059401728;21790720;1200013312;0;0;0;0;0;0;0;0;0;0;0;2915;0;0;95;0;200;0;
13819;10385517;1059401728;21790720;1200013312;0;0;0;0;0;0;0;0;0;0;0;3607;0;0;95;0;200;0;
13820;6302760;1059401728;21790720;1200013312;0;0;0;0;0;0;0;0;0;0;0;3467;0;0;95;0;200;0;
13821;11360295;1059401728;21790720;1200013312;0;0;0;0;0;0;0;0;0;0;0;4138;0;0;95;0;200;0;
13822;7312414;1059401728;21790720;1200013312;0;0;0;0;0;0;0;0;0;0;0;5310;0;0;95;0;200;0;
13823;9371805;1059401728;21790720;1200013312;0;0;0;0;0;0;0;0;0;0;0;3436;0;0;95;0;200;0;
13824;6173558;1059401728;21790720;1200013312;0;0;0;0;0;0;0;0;0;0;0;3276;0;0;95;0;200;0;
13825;6823336;1059401728;21790720;1200013312;0;0;0;0;0;0;0;0;0;0;0;3747;0;0;95;0;200;0;
13826;5493643;1059401728;21790720;1200013312;0;0;0;0;0;0;0;0;0;0;0;3497;0;0;95;0;200;0;
13827;9398105;1059401728;21790720;1200013312;0;0;0;0;0;0;0;0;0;0;0;4970;0;0;95;0;200;0;
13828;9596247;1059401728;21790720;1200013312;0;0;0;0;0;0;0;0;0;0;0;3075;0;0;95;0;200;0;
13829;10412337;1059401728;21790720;1200013312;0;0;0;0;0;0;0;0;0;0;0;3657;0;0;95;0;200;0;
13830;9370473;1059401728;21790720;1200013312;0;0;0;0;0;0;0;0;0;0;0;3576;0;0;95;0;200;0;
13831;10159233;1059401728;21790720;1200013312;0;0;0;0;0;0;0;0;0;0;0;3176;0;0;95;0;200;0;
13832;5673199;1059401728;21790720;1200013312;0;0;0;0;0;0;0;0;0;0;0;3657;0;0;95;0;200;0;
13833;8134325;1059401728;21790720;1200013312;0;0;0;0;0;0;0;0;0;0;0;4037;0;0;95;0;200;0;
13834;5878885;1059401728;21790720;1200013312;0;0;0;0;0;0;0;0;0;0;0;3947;0;0;95;0;200;0;
13835;7593661;1059401728;21790720;1200013312;0;0;0;0;0;0;0;0;0;0;0;3536;0;0;95;0;200;0;
13836;4804230;1059401728;21790720;1200013312;0;0;0;0;0;0;0;0;0;0;0;3106;0;0;95;0;200;0;
13837;6752954;1059401728;21790720;1200013312;0;0;0;0;0;0;0;0;0;0;0;2414;0;0;95;0;200;0;
13838;4964089;1059401728;21790720;1200013312;0;0;0;0;0;0;0;0;0;0;0;2955;0;0;95;0;200;0;
13839;6553010;1059401728;21790720;1200013312;0;0;0;0;0;0;0;0;0;0;0;2765;0;0;95;0;200;0;
13840;5972691;1059401728;21790720;1200013312;0;0;0;0;0;0;0;0;0;0;0;2404;0;0;95;0;200;0;
13841;6231346;1059401728;21790720;1200013312;0;0;0;0;0;0;0;0;0;0;0;1803;0;0;95;0;200;0;
13842;4828826;1059401728;21790720;1200013312;0;0;0;0;0;0;0;0;0;0;0;2996;0;0;95;0;200;0;
13843;6116240;1059401728;21790720;1200013312;0;0;0;0;0;0;0;0;0;0;0;2364;0;0;95;0;200;0;
13844;4708951;1059401728;21790720;1200013312;0;0;0;0;0;0;0;0;0;0;0;3667;0;0;95;0;200;0;
13845;5732481;1059401728;21790720;1200013312;0;0;0;0;0;0;0;0;0;0;0;2274;0;0;95;0;200;0;
13846;4925016;1059401728;21790720;1200013312;0;0;0;0;0;0;0;0;0;0;0;2494;0;0;95;0;200;0;
13847;6865255;1059401728;21790720;1200013312;0;0;0;0;0;0;0;0;0;0;0;2485;0;0;95;0;200;0;
13848;5026797;1059401728;21790720;1200013312;0;0;0;0;0;0;0;0;0;0;0;3868;0;0;95;0;200;0;
13849;6800153;1059401728;21790720;1200013312;0;0;0;0;0;0;0;0;0;0;0;3386;0;0;95;0;200;0;
13850;4924034;1059401728;21798912;1200021504;0;0;0;0;0;0;0;0;0;0;0;4197;0;0;95;0;200;0;
13851;5947504;1059401728;21798912;1200021504;0;0;0;0;0;0;0;0;0;0;0;2725;0;0;95;0;200;0;
13852;3177689;1059401728;21798912;1200021504;0;0;0;0;0;0;0;0;0;0;0;3868;0;0;95;0;200;0;
13853;8248459;1059401728;21798912;1200021504;0;0;0;0;0;0;0;0;0;0;0;3506;0;0;95;0;200;0;
13854;3321338;1059401728;21798912;1200021504;0;0;0;0;0;0;0;0;0;0;0;2755;0;0;95;0;200;0;
13855;6383031;1059401728;21798912;1200021504;0;0;0;0;0;0;0;0;0;0;0;3055;0;0;95;0;200;0;
13856;4315874;1059401728;21790720;1200013312;0;0;0;0;0;0;0;0;0;0;0;2925;0;0;95;0;200;0;
13857;6841060;1059401728;21790720;1200013312;0;0;0;0;0;0;0;0;0;0;0;2445;0;0;95;0;200;0;
13858;5602006;1059401728;21790720;1200013312;0;0;0;0;0;0;0;0;0;0;0;2996;0;0;95;0;200;0;
13859;5737891;1059401728;21790720;1200013312;0;0;0;0;0;0;0;0;0;0;0;2245;0;0;95;0;200;0;
13860;5495597;1059401728;21790720;1200013312;0;0;0;0;0;0;0;0;0;0;0;3075;0;0;95;0;200;0;
13861;6059263;1059401728;21790720;1200013312;0;0;0;0;0;0;0;0;0;0;0;2475;0;0;95;0;200;0;
13862;5418081;1059401728;21790720;1200013312;0;0;0;0;0;0;0;0;0;0;0;3948;0;0;95;0;200;0;
13863;5461252;1059401728;21790720;1200013312;0;0;0;0;0;0;0;0;0;0;0;2224;0;0;95;0;200;0;
13864;5819965;1059401728;21790720;1200013312;0;0;0;0;0;0;0;0;0;0;0;4358;0;0;95;0;200;0;
13865;7259845;1059401728;21790720;1200013312;0;0;0;0;0;0;0;0;0;0;0;3326;0;0;95;0;200;0;
13866;7166280;1059401728;21790720;1200013312;0;0;0;0;0;0;0;0;0;0;0;2965;0;0;95;0;200;0;
13867;7545861;1059401728;21790720;1200013312;0;0;0;0;0;0;0;0;0;0;0;3056;0;0;95;0;200;0;
13868;4387779;1059401728;21790720;1200013312;0;0;0;0;0;0;0;0;0;0;0;3487;0;0;95;0;200;0;
13869;6866798;1059401728;21790720;1200013312;0;0;0;0;0;0;0;0;0;0;0;2925;0;0;95;0;200;0;
13870;6730964;1059401728;21790720;1200013312;0;0;0;0;0;0;0;0;0;0;0;2364;0;0;95;0;200;0;
13871;6173758;1059401728;21790720;1200013312;0;0;0;0;0;0;0;0;0;0;0;2775;0;0;95;0;200;0;
13872;3456873;1059401728;21790720;1200013312;0;0;0;0;0;0;0;0;0;0;0;2795;0;0;95;0;200;0;
13873;6282812;1059401728;21790720;1200013312;0;0;0;0;0;0;0;0;0;0;0;1954;0;0;95;0;200;0;
13874;5467403;1059401728;21790720;1200013312;0;0;0;0;0;0;0;0;0;0;0;3327;0;0;95;0;200;0;
13875;5871631;1059401728;21790720;1200013312;0;0;0;0;0;0;0;0;0;0;0;3887;0;0;95;0;200;0;
13876;5804686;1059401728;21790720;1200013312;0;0;0;0;0;0;0;0;0;0;0;3095;0;0;95;0;200;0;
13877;6252596;1059401728;21790720;1200013312;0;0;0;0;0;0;0;0;0;0;0;3297;0;0;95;0;200;0;
13878;4431481;1059401728;21790720;1200013312;0;0;0;0;0;0;0;0;0;0;0;2615;0;0;95;0;200;0;
13879;7275575;1059401728;21790720;1200013312;0;0;0;0;0;0;0;0;0;0;0;3958;0;0;95;0;200;0;
13880;4149271;1059401728;21790720;1200013312;0;0;0;0;0;0;0;0;0;0;0;3417;0;0;95;0;200;0;
13881;6379534;1059401728;21790720;1200013312;0;0;0;0;0;0;0;0;0;0;0;3727;0;0;95;0;200;0;
13882;5195884;1059401728;21790720;1200013312;0;0;0;0;0;0;0;0;0;0;0;3346;0;0;95;0;200;0;
13883;5282606;1059401728;21790720;1200013312;0;0;0;0;0;0;0;0;0;0;0;1613;0;0;95;0;200;0;
13884;6910270;1059401728;21790720;1200013312;0;0;0;0;0;0;0;0;0;0;0;3547;0;0;95;0;200;0;
13885;7743702;1059401728;21790720;1200013312;0;0;0;0;0;0;0;0;0;0;0;3166;0;0;95;0;200;0;
13886;6010653;1059401728;21790720;1200013312;0;0;0;0;0;0;0;0;0;0;0;3767;0;0;95;0;200;0;
13887;6230424;1059401728;21790720;1200013312;0;0;0;0;0;0;0;0;0;0;0;5831;0;0;95;0;200;0;
13888;6698292;1059401728;21790720;1200013312;0;0;0;0;0;0;0;0;0;0;0;3917;0;0;95;0;200;0;
13889;4986151;1059401728;21790720;1200013312;0;0;0;0;0;0;0;0;0;0;0;2746;0;0;95;0;200;0;
13890;6861127;1059401728;21790720;1200013312;0;0;0;0;0;0;0;0;0;0;0;4158;0;0;95;0;200;0;
13891;5877512;1059401728;21790720;1200013312;0;0;0;0;0;0;0;0;0;0;0;2695;0;0;95;0;200;0;
13892;4276501;1059401728;21790720;1200013312;0;0;0;0;0;0;0;0;0;0;0;3527;0;0;95;0;200;0;
13893;6510900;1059401728;21790720;1200013312;0;0;0;0;0;0;0;0;0;0;0;2404;0;0;95;0;200;0;
13894;4494249;1059401728;21790720;1200013312;0;0;0;0;0;0;0;0;0;0;0;3196;0;0;95;0;200;0;
13895;5622244;1059401728;21790720;1200013312;0;0;0;0;0;0;0;0;0;0;0;3517;0;0;95;0;200;0;
13896;6904589;1059401728;21790720;1200013312;0;0;0;0;0;0;0;0;0;0;0;4608;0;0;95;0;200;0;
13897;6992954;1059401728;21790720;1200013312;0;0;0;0;0;0;0;0;0;0;0;3847;0;0;95;0;200;0;
13898;3478012;1059401728;21790720;1200013312;0;0;0;0;0;0;0;0;0;0;0;2675;0;0;95;0;200;0;
13899;7050392;1059401728;21790720;1200013312;0;0;0;0;0;0;0;0;0;0;0;3697;0;0;95;0;200;0;
13900;3350894;1059401728;21790720;1200013312;0;0;0;0;0;0;0;0;0;0;0;3537;0;0;95;0;200;0;
13901;8002117;1059401728;21790720;1200013312;0;0;0;0;0;0;0;0;0;0;0;2625;0;0;95;0;200;0;
13902;4987053;1059401728;21790720;1200013312;0;0;0;0;0;0;0;0;0;0;0;3687;0;0;95;0;200;0;
13903;5309177;1059401728;21790720;1200013312;0;0;0;0;0;0;0;0;0;0;0;2215;0;0;95;0;200;0;
13904;6056579;1059401728;21790720;1200013312;0;0;0;0;0;0;0;0;0;0;0;3106;0;0;95;0;200;0;
13905;6331434;1059401728;21790720;1200013312;0;0;0;0;0;0;0;0;0;0;0;2084;0;0;95;0;200;0;
13906;4457309;1059401728;21790720;1200013312;0;0;0;0;0;0;0;0;0;0;0;3146;0;0;95;0;200;0;
13907;5507890;1059401728;21790720;1200013312;0;0;0;0;0;0;0;0;0;0;0;2113;0;0;95;0;200;0;
13908;5571168;1059401728;21790720;1200013312;0;0;0;0;0;0;0;0;0;0;0;3557;0;0;95;0;200;0;
13909;5972741;1059401728;21790720;1200013312;0;0;0;0;0;0;0;0;0;0;0;2344;0;0;95;0;200;0;
13910;4837442;1059401728;21790720;1200013312;0;0;0;0;0;0;0;0;0;0;0;4178;0;0;95;0;200;0;
13911;6529826;1059401728;21790720;1200013312;0;0;0;0;0;0;0;0;0;0;0;2896;0;0;95;0;200;0;
13912;4568067;1059401728;21790720;1200013312;0;0;0;0;0;0;0;0;0;0;0;3617;0;0;95;0;200;0;
13913;5617875;1059401728;21790720;1200013312;0;0;0;0;0;0;0;0;0;0;0;2325;0;0;95;0;200;0;
13914;6032473;1059401728;21790720;1200013312;0;0;0;0;0;0;0;0;0;0;0;3176;0;0;95;0;200;0;
13915;6554242;1059401728;21790720;1200013312;0;0;0;0;0;0;0;0;0;0;0;2364;0;0;95;0;200;0;
13916;3934809;1059401728;21790720;1200013312;0;0;0;0;0;0;0;0;0;0;0;3206;0;0;95;0;200;0;
13917;4972486;1059401728;21790720;1200013312;0;0;0;0;0;0;0;0;0;0;0;3376;0;0;95;0;200;0;
13918;3763668;1059401728;21790720;1200013312;0;0;0;0;0;0;0;0;0;0;0;3667;0;0;95;0;200;0;
13919;9135813;1059401728;21790720;1200013312;0;0;0;0;0;0;0;0;0;0;0;2735;0;0;95;0;200;0;
13920;9620121;1059401728;21790720;1200013312;0;0;0;0;0;0;0;0;0;0;0;3827;0;0;95;0;200;0;
13921;7209861;1059401728;21790720;1200013312;0;0;0;0;0;0;0;0;0;0;0;2955;0;0;95;0;200;0;
13922;4130326;1059401728;21790720;1200013312;0;0;0;0;0;0;0;0;0;0;0;3186;0;0;95;0;200;0;
13923;8594017;1059401728;21790720;1200013312;0;0;0;0;0;0;0;0;0;0;0;2845;0;0;95;0;200;0;
13924;4509397;1059401728;21790720;1200013312;0;0;0;0;0;0;0;0;0;0;0;3126;0;0;95;0;200;0;
13925;7513922;1059401728;21790720;1200013312;0;0;0;0;0;0;0;0;0;0;0;4018;0;0;95;0;200;0;
13926;4674787;1059401728;21790720;1200013312;0;0;0;0;0;0;0;0;0;0;0;2805;0;0;95;0;200;0;
13927;7021007;1059401728;21790720;1200013312;0;0;0;0;0;0;0;0;0;0;0;2044;0;0;95;0;200;0;
13928;4791296;1059401728;21790720;1200013312;0;0;0;0;0;0;0;0;0;0;0;3326;0;0;95;0;200;0;
13929;4594176;1059401728;21790720;1200013312;0;0;0;0;0;0;0;0;0;0;0;2014;0;0;95;0;200;0;
13930;6162437;1059401728;21790720;1200013312;0;0;0;0;0;0;0;0;0;0;0;4108;0;0;95;0;200;0;
13931;6174108;1059401728;21790720;1200013312;0;0;0;0;0;0;0;0;0;0;0;2885;0;0;95;0;200;0;
13932;6624774;1059401728;21790720;1200013312;0;0;0;0;0;0;0;0;0;0;0;2985;0;0;95;0;200;0;
13933;6547649;1059401728;21790720;1200013312;0;0;0;0;0;0;0;0;0;0;0;3266;0;0;95;0;200;0;
13934;4883429;1059401728;21790720;1200013312;0;0;0;0;0;0;0;0;0;0;0;3116;0;0;95;0;200;0;
13935;8375407;1059401728;21790720;1200013312;0;0;0;0;0;0;0;0;0;0;0;4188;0;0;95;0;200;0;
13936;5421106;1059401728;21790720;1200013312;0;0;0;0;0;0;0;0;0;0;0;2504;0;0;95;0;200;0;
13937;6903256;1059401728;21790720;1200013312;0;0;0;0;0;0;0;0;0;0;0;3106;0;0;95;0;200;0;
13938;6060756;1059401728;21790720;1200013312;0;0;0;0;0;0;0;0;0;0;0;3186;0;0;95;0;200;0;
13939;5570386;1059401728;21790720;1200013312;0;0;0;0;0;0;0;0;0;0;0;7694;0;0;95;0;200;0;
13940;6695616;1059401728;21790720;1200013312;0;0;0;0;0;0;0;0;0;0;0;3376;0;0;95;0;200;0;
13941;6773843;1059401728;21790720;1200013312;0;0;0;0;0;0;0;0;0;0;0;2434;0;0;95;0;200;0;
13942;3961800;1059401728;21790720;1200013312;0;0;0;0;0;0;0;0;0;0;0;3026;0;0;95;0;200;0;
13943;7325858;1059401728;21790720;1200013312;0;0;0;0;0;0;0;0;0;0;0;3336;0;0;95;0;200;0;
13944;7257451;1059401728;21790720;1200013312;0;0;0;0;0;0;0;0;0;0;0;2885;0;0;95;0;200;0;
13945;7474457;1059401728;21790720;1200013312;0;0;0;0;0;0;0;0;0;0;0;2194;0;0;95;0;200;0;
13946;5030635;1059401728;21790720;1200013312;0;0;0;0;0;0;0;0;0;0;0;3597;0;0;95;0;200;0;
13947;6780997;1059401728;21790720;1200013312;0;0;0;0;0;0;0;0;0;0;0;3747;0;0;95;0;200;0;
13948;5628255;1059401728;21790720;1200013312;0;0;0;0;0;0;0;0;0;0;0;3576;0;0;95;0;200;0;
13949;7911898;1059401728;21790720;1200013312;0;0;0;0;0;0;0;0;0;0;0;2915;0;0;95;0;200;0;
13950;4261312;1059401728;21790720;1200013312;0;0;0;0;0;0;0;0;0;0;0;3587;0;0;95;0;200;0;
13951;8059705;1059401728;21790720;1200013312;0;0;0;0;0;0;0;0;0;0;0;3286;0;0;95;0;200;0;
13952;4613462;1059401728;21790720;1200013312;0;0;0;0;0;0;0;0;0;0;0;3757;0;0;95;0;200;0;
13953;7630991;1059401728;21790720;1200013312;0;0;0;0;0;0;0;0;0;0;0;4208;0;0;95;0;200;0;
13954;5075919;1059401728;21790720;1200013312;0;0;0;0;0;0;0;0;0;0;0;3416;0;0;95;0;200;0;
13955;6820601;1059401728;21790720;1200013312;0;0;0;0;0;0;0;0;0;0;0;2525;0;0;95;0;200;0;
13956;7346698;1059401728;21790720;1200013312;0;0;0;0;0;0;0;0;0;0;0;3847;0;0;95;0;200;0;
13957;5963975;1059401728;21790720;1200013312;0;0;0;0;0;0;0;0;0;0;0;2335;0;0;95;0;200;0;
13958;7619229;1059401728;21790720;1200013312;0;0;0;0;0;0;0;0;0;0;0;3567;0;0;95;0;200;0;
13959;7159466;1059401728;21790720;1200013312;0;0;0;0;0;0;0;0;0;0;0;2455;0;0;95;0;200;0;
13960;5234116;1059401728;21790720;1200013312;0;0;0;0;0;0;0;0;0;0;0;2615;0;0;95;0;200;0;
13961;7172832;1059401728;21790720;1200013312;0;0;0;0;0;0;0;0;0;0;0;2445;0;0;95;0;200;0;
13962;6704243;1059401728;21790720;1200013312;0;0;0;0;0;0;0;0;0;0;0;3517;0;0;95;0;200;0;
13963;7573353;1059401728;21790720;1200013312;0;0;0;0;0;0;0;0;0;0;0;1994;0;0;95;0;200;0;
13964;6601701;1059401728;21790720;1200013312;0;0;0;0;0;0;0;0;0;0;0;2845;0;0;95;0;200;0;
13965;7936364;1059401728;21790720;1200013312;0;0;0;0;0;0;0;0;0;0;0;2585;0;0;95;0;200;0;
13966;3823420;1059401728;21790720;1200013312;0;0;0;0;0;0;0;0;0;0;0;3757;0;0;95;0;200;0;
13967;7843991;1059401728;21790720;1200013312;0;0;0;0;0;0;0;0;0;0;0;4638;0;0;95;0;200;0;
13968;4854935;1059401728;21790720;1200013312;0;0;0;0;0;0;0;0;0;0;0;3897;0;0;95;0;200;0;
13969;8207663;1059401728;21790720;1200013312;0;0;0;0;0;0;0;0;0;0;0;2545;0;0;95;0;200;0;
13970;4430038;1059401728;21790720;1200013312;0;0;0;0;0;0;0;0;0;0;0;2615;0;0;95;0;200;0;
13971;8940707;1059401728;21790720;1200013312;0;0;0;0;0;0;0;0;0;0;0;3757;0;0;95;0;200;0;
13972;4054614;1059401728;21790720;1200013312;0;0;0;0;0;0;0;0;0;0;0;3517;0;0;95;0;200;0;
13973;7593551;1059401728;21790720;1200013312;0;0;0;0;0;0;0;0;0;0;0;4208;0;0;95;0;200;0;
13974;4138451;1059401728;21790720;1200013312;0;0;0;0;0;0;0;0;0;0;0;3737;0;0;95;0;200;0;
13975;7484467;1059401728;21790720;1200013312;0;0;0;0;0;0;0;0;0;0;0;2906;0;0;95;0;200;0;
13976;6494320;1059401728;21790720;1200013312;0;0;0;0;0;0;0;0;0;0;0;2766;0;0;95;0;200;0;
13977;8391818;1059401728;21790720;1200013312;0;0;0;0;0;0;0;0;0;0;0;3517;0;0;95;0;200;0;
13978;4798730;1059401728;21790720;1200013312;0;0;0;0;0;0;0;0;0;0;0;4408;0;0;95;0;200;0;
13979;10754559;1059401728;21790720;1200013312;0;0;0;0;0;0;0;0;0;0;0;2635;0;0;95;0;200;0;
13980;7236150;1059401728;21790720;1200013312;0;0;0;0;0;0;0;0;0;0;0;4319;0;0;95;0;200;0;
13981;8917083;1059401728;21790720;1200013312;0;0;0;0;0;0;0;0;0;0;0;4007;0;0;95;0;200;0;
13982;4636174;1059401728;21790720;1200013312;0;0;0;0;0;0;0;0;0;0;0;5050;0;0;95;0;200;0;
13983;8809231;1059401728;21790720;1200013312;0;0;0;0;0;0;0;0;0;0;0;3707;0;0;95;0;200;0;
13984;4050647;1059401728;21790720;1200013312;0;0;0;0;0;0;0;0;0;0;0;3116;0;0;95;0;200;0;
13985;8211880;1059401728;21790720;1200013312;0;0;0;0;0;0;0;0;0;0;0;3697;0;0;95;0;200;0;
13986;5003413;1059401728;21790720;1200013312;0;0;0;0;0;0;0;0;0;0;0;3126;0;0;95;0;200;0;
13987;6852250;1059401728;21790720;1200013312;0;0;0;0;0;0;0;0;0;0;0;3096;0;0;95;0;200;0;
13988;4271681;1059401728;21790720;1200013312;0;0;0;0;0;0;0;0;0;0;0;2996;0;0;95;0;200;0;
13989;5828371;1059401728;21790720;1200013312;0;0;0;0;0;0;0;0;0;0;0;1914;0;0;95;0;200;0;
13990;5808443;1059401728;21790720;1200013312;0;0;0;0;0;0;0;0;0;0;0;3076;0;0;95;0;200;0;
13991;6746032;1059401728;21790720;1200013312;0;0;0;0;0;0;0;0;0;0;0;3366;0;0;95;0;200;0;
13992;4325712;1059401728;21790720;1200013312;0;0;0;0;0;0;0;0;0;0;0;4147;0;0;95;0;200;0;
13993;8386047;1059401728;21790720;1200013312;0;0;0;0;0;0;0;0;0;0;0;3567;0;0;95;0;200;0;
13994;4931839;1059401728;21790720;1200013312;0;0;0;0;0;0;0;0;0;0;0;3727;0;0;95;0;200;0;
13995;7818382;1059401728;21790720;1200013312;0;0;0;0;0;0;0;0;0;0;0;2335;0;0;95;0;200;0;
13996;3820625;1059401728;21790720;1200013312;0;0;0;0;0;0;0;0;0;0;0;4739;0;0;95;0;200;0;
13997;6722327;1059401728;21790720;1200013312;0;0;0;0;0;0;0;0;0;0;0;2204;0;0;95;0;200;0;
13998;4486103;1059401728;21790720;1200013312;0;0;0;0;0;0;0;0;0;0;0;3777;0;0;95;0;200;0;
13999;6562587;1059401728;21790720;1200013312;0;0;0;0;0;0;0;0;0;0;0;2415;0;0;95;0;200;0;
14000;5000758;1059401728;21790720;1200013312;0;0;0;0;0;0;0;0;0;0;0;3056;0;0;95;0;200;0;
14001;6937510;1059401728;21790720;1200013312;0;0;0;0;0;0;0;0;0;0;0;3276;0;0;95;0;200;0;
14002;5265535;1059401728;21790720;1200013312;0;0;0;0;0;0;0;0;0;0;0;3908;0;0;95;0;200;0;
14003;6260702;1059401728;21790720;1200013312;0;0;0;0;0;0;0;0;0;0;0;2355;0;0;95;0;200;0;
14004;5672057;1059401728;21790720;1200013312;0;0;0;0;0;0;0;0;0;0;0;3667;0;0;95;0;200;0;
14005;6999437;1059401728;21790720;1200013312;0;0;0;0;0;0;0;0;0;0;0;2014;0;0;95;0;200;0;
14006;5096889;1059401728;21790720;1200013312;0;0;0;0;0;0;0;0;0;0;0;3787;0;0;95;0;200;0;
14007;8216970;1059401728;21790720;1200013312;0;0;0;0;0;0;0;0;0;0;0;2805;0;0;95;0;200;0;
14008;4633239;1059401728;21790720;1200013312;0;0;0;0;0;0;0;0;0;0;0;3577;0;0;95;0;200;0;
14009;7712303;1059401728;21790720;1200013312;0;0;0;0;0;0;0;0;0;0;0;3236;0;0;95;0;200;0;
14010;5105936;1059401728;21790720;1200013312;0;0;0;0;0;0;0;0;0;0;0;2865;0;0;95;0;200;0;
14011;4554542;1059401728;21790720;1200013312;0;0;0;0;0;0;0;0;0;0;0;2304;0;0;95;0;200;0;
14012;5126635;1059401728;21790720;1200013312;0;0;0;0;0;0;0;0;0;0;0;2845;0;0;95;0;200;0;
14013;6382520;1059401728;21790720;1200013312;0;0;0;0;0;0;0;0;0;0;0;3026;0;0;95;0;200;0;
14014;4714792;1059401728;21798912;1200021504;0;0;0;0;0;0;0;0;0;0;0;3407;0;0;95;0;200;0;
14015;6230645;1059401728;21798912;1200021504;0;0;0;0;0;0;0;0;0;0;0;2053;0;0;95;0;200;0;
14016;3426826;1059401728;21798912;1200021504;0;0;0;0;0;0;0;0;0;0;0;2555;0;0;95;0;200;0;
14017;6482787;1059401728;21798912;1200021504;0;0;0;0;0;0;0;0;0;0;0;3036;0;0;95;0;200;0;
14018;3697274;1059401728;21798912;1200021504;0;0;0;0;0;0;0;0;0;0;0;2886;0;0;95;0;200;0;
14019;5989222;1059401728;21798912;1200021504;0;0;0;0;0;0;0;0;0;0;0;2094;0;0;95;0;200;0;
14020;4324560;1059401728;21790720;1200013312;0;0;0;0;0;0;0;0;0;0;0;3477;0;0;95;0;200;0;
14021;5700540;1059401728;21790720;1200013312;0;0;0;0;0;0;0;0;0;0;0;2645;0;0;95;0;200;0;
14022;4409810;1059401728;21790720;1200013312;0;0;0;0;0;0;0;0;0;0;0;3186;0;0;95;0;200;0;
14023;6298021;1059401728;21790720;1200013312;0;0;0;0;0;0;0;0;0;0;0;2073;0;0;95;0;200;0;
14024;4831822;1059401728;21790720;1200013312;0;0;0;0;0;0;0;0;0;0;0;2986;0;0;95;0;200;0;
14025;5833440;1059401728;21790720;1200013312;0;0;0;0;0;0;0;0;0;0;0;2104;0;0;95;0;200;0;
14026;4887466;1059401728;21790720;1200013312;0;0;0;0;0;0;0;0;0;0;0;4008;0;0;95;0;200;0;
14027;6696178;1059401728;21790720;1200013312;0;0;0;0;0;0;0;0;0;0;0;1643;0;0;95;0;200;0;
14028;4744447;1059401728;21790720;1200013312;0;0;0;0;0;0;0;0;0;0;0;3847;0;0;95;0;200;0;
14029;6305144;1059401728;21790720;1200013312;0;0;0;0;0;0;0;0;0;0;0;1693;0;0;95;0;200;0;
14030;4019207;1059401728;21790720;1200013312;0;0;0;0;0;0;0;0;0;0;0;3687;0;0;95;0;200;0;
14031;6347034;1059401728;21790720;1200013312;0;0;0;0;0;0;0;0;0;0;0;2184;0;0;95;0;200;0;
14032;4806073;1059401728;21790720;1200013312;0;0;0;0;0;0;0;0;0;0;0;2735;0;0;95;0;200;0;
14033;6075995;1059401728;21790720;1200013312;0;0;0;0;0;0;0;0;0;0;0;2314;0;0;95;0;200;0;
14034;4790234;1059401728;21790720;1200013312;0;0;0;0;0;0;0;0;0;0;0;3747;0;0;95;0;200;0;
14035;5733873;1059401728;21790720;1200013312;0;0;0;0;0;0;0;0;0;0;0;1974;0;0;95;0;200;0;
14036;5306622;1059401728;21790720;1200013312;0;0;0;0;0;0;0;0;0;0;0;3747;0;0;95;0;200;0;
14037;6486554;1059401728;21790720;1200013312;0;0;0;0;0;0;0;0;0;0;0;2144;0;0;95;0;200;0;
14038;4726213;1059401728;21790720;1200013312;0;0;0;0;0;0;0;0;0;0;0;3567;0;0;95;0;200;0;
14039;7605544;1059401728;21790720;1200013312;0;0;0;0;0;0;0;0;0;0;0;3426;0;0;95;0;200;0;
14040;4068199;1059401728;21790720;1200013312;0;0;0;0;0;0;0;0;0;0;0;3016;0;0;95;0;200;0;
14041;6796876;1059401728;21790720;1200013312;0;0;0;0;0;0;0;0;0;0;0;3006;0;0;95;0;200;0;
14042;4223961;1059401728;21790720;1200013312;0;0;0;0;0;0;0;0;0;0;0;3286;0;0;95;0;200;0;
14043;6331184;1059401728;21790720;1200013312;0;0;0;0;0;0;0;0;0;0;0;2074;0;0;95;0;200;0;
14044;4013757;1059401728;21790720;1200013312;0;0;0;0;0;0;0;0;0;0;0;3447;0;0;95;0;200;0;
14045;6420461;1059401728;21790720;1200013312;0;0;0;0;0;0;0;0;0;0;0;2535;0;0;95;0;200;0;
14046;4229081;1059401728;21790720;1200013312;0;0;0;0;0;0;0;0;0;0;0;3306;0;0;95;0;200;0;
14047;8184759;1059401728;21790720;1200013312;0;0;0;0;0;0;0;0;0;0;0;2334;0;0;95;0;200;0;
14048;3380530;1059401728;21790720;1200013312;0;0;0;0;0;0;0;0;0;0;0;2945;0;0;95;0;200;0;
14049;4997362;1059401728;21790720;1200013312;0;0;0;0;0;0;0;0;0;0;0;2334;0;0;95;0;200;0;
14050;7375753;1059401728;21790720;1200013312;0;0;0;0;0;0;0;0;0;0;0;163918;0;0;95;0;200;0;
14051;7029282;1059401728;21790720;1200013312;0;0;0;0;0;0;0;0;0;0;0;2264;0;0;95;0;200;0;
14052;5968002;1059401728;21790720;1200013312;0;0;0;0;0;0;0;0;0;0;0;3596;0;0;95;0;200;0;
14053;6687151;1059401728;21790720;1200013312;0;0;0;0;0;0;0;0;0;0;0;2946;0;0;95;0;200;0;
14054;5805497;1059401728;21790720;1200013312;0;0;0;0;0;0;0;0;0;0;0;3957;0;0;95;0;200;0;
14055;8087106;1059401728;21790720;1200013312;0;0;0;0;0;0;0;0;0;0;0;2976;0;0;95;0;200;0;
14056;5856714;1059401728;21790720;1200013312;0;0;0;0;0;0;0;0;0;0;0;3797;0;0;95;0;200;0;
14057;10104840;1059401728;21790720;1200013312;0;0;0;0;0;0;0;0;0;0;0;2846;0;0;95;0;200;0;
14058;6811444;1059401728;21790720;1200013312;0;0;0;0;0;0;0;0;0;0;0;3426;0;0;95;0;200;0;
14059;6935176;1059401728;21790720;1200013312;0;0;0;0;0;0;0;0;0;0;0;3196;0;0;95;0;200;0;
14060;5296302;1059401728;21790720;1200013312;0;0;0;0;0;0;0;0;0;0;0;3076;0;0;95;0;200;0;
14061;8019530;1059401728;21790720;1200013312;0;0;0;0;0;0;0;0;0;0;0;3646;0;0;95;0;200;0;
14062;4939273;1059401728;21790720;1200013312;0;0;0;0;0;0;0;0;0;0;0;3116;0;0;95;0;200;0;
14063;7760023;1059401728;21790720;1200013312;0;0;0;0;0;0;0;0;0;0;0;2675;0;0;95;0;200;0;
14064;4579769;1059401728;21790720;1200013312;0;0;0;0;0;0;0;0;0;0;0;3055;0;0;95;0;200;0;
14065;7339123;1059401728;21790720;1200013312;0;0;0;0;0;0;0;0;0;0;0;1933;0;0;95;0;200;0;
14066;6521831;1059401728;21790720;1200013312;0;0;0;0;0;0;0;0;0;0;0;3126;0;0;95;0;200;0;
14067;7165478;1059401728;21790720;1200013312;0;0;0;0;0;0;0;0;0;0;0;9097;0;0;95;0;200;0;
14068;6470234;1059401728;21790720;1200013312;0;0;0;0;0;0;0;0;0;0;0;3647;0;0;95;0;200;0;
14069;5396400;1059401728;21790720;1200013312;0;0;0;0;0;0;0;0;0;0;0;2214;0;0;95;0;200;0;
14070;7533799;1059401728;21790720;1200013312;0;0;0;0;0;0;0;0;0;0;0;3607;0;0;95;0;200;0;
14071;7016930;1059401728;21790720;1200013312;0;0;0;0;0;0;0;0;0;0;0;1984;0;0;95;0;200;0;
14072;5050251;1059401728;21790720;1200013312;0;0;0;0;0;0;0;0;0;0;0;3086;0;0;95;0;200;0;
14073;6678845;1059401728;21790720;1200013312;0;0;0;0;0;0;0;0;0;0;0;2194;0;0;95;0;200;0;
14074;5757618;1059401728;21790720;1200013312;0;0;0;0;0;0;0;0;0;0;0;3085;0;0;95;0;200;0;
14075;6914718;1059401728;21790720;1200013312;0;0;0;0;0;0;0;0;0;0;0;3196;0;0;95;0;200;0;
14076;4527971;1059401728;21790720;1200013312;0;0;0;0;0;0;0;0;0;0;0;3917;0;0;95;0;200;0;
14077;6846850;1059401728;21790720;1200013312;0;0;0;0;0;0;0;0;0;0;0;2885;0;0;95;0;200;0;
14078;5772545;1059401728;21790720;1200013312;0;0;0;0;0;0;0;0;0;0;0;4088;0;0;95;0;200;0;
14079;7457556;1059401728;21790720;1200013312;0;0;0;0;0;0;0;0;0;0;0;2905;0;0;95;0;200;0;
14080;4281900;1059401728;21790720;1200013312;0;0;0;0;0;0;0;0;0;0;0;3807;0;0;95;0;200;0;
14081;9372867;1059401728;21790720;1200013312;0;0;0;0;0;0;0;0;0;0;0;3176;0;0;95;0;200;0;
14082;7961241;1059401728;21790720;1200013312;0;0;0;0;0;0;0;0;0;0;0;4087;0;0;95;0;200;0;
14083;8258468;1059401728;21790720;1200013312;0;0;0;0;0;0;0;0;0;0;0;4368;0;0;95;0;200;0;
14084;7408304;1059401728;21790720;1200013312;0;0;0;0;0;0;0;0;0;0;0;6422;0;0;95;0;200;0;
14085;8234032;1059401728;21790720;1200013312;0;0;0;0;0;0;0;0;0;0;0;2565;0;0;95;0;200;0;
14086;4846799;1059401728;21790720;1200013312;0;0;0;0;0;0;0;0;0;0;0;3406;0;0;95;0;200;0;
14087;8836172;1059401728;21790720;1200013312;0;0;0;0;0;0;0;0;0;0;0;3777;0;0;95;0;200;0;
14088;5564185;1059401728;21790720;1200013312;0;0;0;0;0;0;0;0;0;0;0;4639;0;0;95;0;200;0;
14089;7784890;1059401728;21790720;1200013312;0;0;0;0;0;0;0;0;0;0;0;2665;0;0;95;0;200;0;
14090;4683874;1059401728;21790720;1200013312;0;0;0;0;0;0;0;0;0;0;0;3457;0;0;95;0;200;0;
14091;8504218;1059401728;21790720;1200013312;0;0;0;0;0;0;0;0;0;0;0;3807;0;0;95;0;200;0;
14092;5226531;1059401728;21790720;1200013312;0;0;0;0;0;0;0;0;0;0;0;4188;0;0;95;0;200;0;
14093;8311727;1059401728;21790720;1200013312;0;0;0;0;0;0;0;0;0;0;0;3226;0;0;95;0;200;0;
14094;5397552;1059401728;21790720;1200013312;0;0;0;0;0;0;0;0;0;0;0;3546;0;0;95;0;200;0;
14095;8204166;1059401728;21790720;1200013312;0;0;0;0;0;0;0;0;0;0;0;3947;0;0;95;0;200;0;
14096;3908750;1059401728;21798912;1200021504;0;0;0;0;0;0;0;0;0;0;0;4669;0;0;95;0;200;0;
14097;8056649;1059401728;21798912;1200021504;0;0;0;0;0;0;0;0;0;0;0;3607;0;0;95;0;200;0;
14098;6449805;1059401728;21798912;1200021504;0;0;0;0;0;0;0;0;0;0;0;4117;0;0;95;0;200;0;
14099;7771375;1059401728;21798912;1200021504;0;0;0;0;0;0;0;0;0;0;0;3416;0;0;95;0;200;0;
14100;6898798;1059401728;21798912;1200021504;0;0;0;0;0;0;0;0;0;0;0;3997;0;0;95;0;200;0;
14101;6586462;1059401728;21798912;1200021504;0;0;0;0;0;0;0;0;0;0;0;2425;0;0;95;0;200;0;
14102;4378512;1059401728;21790720;1200013312;0;0;0;0;0;0;0;0;0;0;0;3697;0;0;95;0;200;0;
14103;7870550;1059401728;21790720;1200013312;0;0;0;0;0;0;0;0;0;0;0;3657;0;0;95;0;200;0;
14104;5363439;1059401728;21790720;1200013312;0;0;0;0;0;0;0;0;0;0;0;3206;0;0;95;0;200;0;
14105;7285102;1059401728;21790720;1200013312;0;0;0;0;0;0;0;0;0;0;0;3848;0;0;95;0;200;0;
14106;5318575;1059401728;21790720;1200013312;0;0;0;0;0;0;0;0;0;0;0;3156;0;0;95;0;200;0;
14107;9055993;1059401728;21790720;1200013312;0;0;0;0;0;0;0;0;0;0;0;4388;0;0;95;0;200;0;
14108;5189252;1059401728;21790720;1200013312;0;0;0;0;0;0;0;0;0;0;0;4228;0;0;95;0;200;0;
14109;7243915;1059401728;21790720;1200013312;0;0;0;0;0;0;0;0;0;0;0;3036;0;0;95;0;200;0;
14110;6922362;1059401728;21790720;1200013312;0;0;0;0;0;0;0;0;0;0;0;3666;0;0;95;0;200;0;
14111;7778608;1059401728;21790720;1200013312;0;0;0;0;0;0;0;0;0;0;0;3106;0;0;95;0;200;0;
14112;6551406;1059401728;21790720;1200013312;0;0;0;0;0;0;0;0;0;0;0;5119;0;0;95;0;200;0;
14113;5993871;1059401728;21790720;1200013312;0;0;0;0;0;0;0;0;0;0;0;2705;0;0;95;0;200;0;
14114;5241500;1059401728;21790720;1200013312;0;0;0;0;0;0;0;0;0;0;0;3807;0;0;95;0;200;0;
14115;7772165;1059401728;21790720;1200013312;0;0;0;0;0;0;0;0;0;0;0;3416;0;0;95;0;200;0;
14116;4700856;1059401728;21790720;1200013312;0;0;0;0;0;0;0;0;0;0;0;3917;0;0;95;0;200;0;
14117;7304669;1059401728;21790720;1200013312;0;0;0;0;0;0;0;0;0;0;0;3847;0;0;95;0;200;0;
14118;5090297;1059401728;21790720;1200013312;0;0;0;0;0;0;0;0;0;0;0;3156;0;0;95;0;200;0;
14119;7253222;1059401728;21790720;1200013312;0;0;0;0;0;0;0;0;0;0;0;3587;0;0;95;0;200;0;
14120;6146377;1059401728;21790720;1200013312;0;0;0;0;0;0;0;0;0;0;0;4258;0;0;95;0;200;0;
14121;7673671;1059401728;21790720;1200013312;0;0;0;0;0;0;0;0;0;0;0;2805;0;0;95;0;200;0;
14122;4407115;1059401728;21790720;1200013312;0;0;0;0;0;0;0;0;0;0;0;3867;0;0;95;0;200;0;
14123;7628496;1059401728;21790720;1200013312;0;0;0;0;0;0;0;0;0;0;0;4068;0;0;95;0;200;0;
14124;5020846;1059401728;21790720;1200013312;0;0;0;0;0;0;0;0;0;0;0;4187;0;0;95;0;200;0;
14125;7856814;1059401728;21790720;1200013312;0;0;0;0;0;0;0;0;0;0;0;4078;0;0;95;0;200;0;
14126;3794396;1059401728;21790720;1200013312;0;0;0;0;0;0;0;0;0;0;0;3707;0;0;95;0;200;0;
14127;6496994;1059401728;21790720;1200013312;0;0;0;0;0;0;0;0;0;0;0;4268;0;0;95;0;200;0;
14128;5180665;1059401728;21790720;1200013312;0;0;0;0;0;0;0;0;0;0;0;3326;0;0;95;0;200;0;
14129;5706522;1059401728;21790720;1200013312;0;0;0;0;0;0;0;0;0;0;0;2575;0;0;95;0;200;0;
14130;6975973;1059401728;21790720;1200013312;0;0;0;0;0;0;0;0;0;0;0;3917;0;0;95;0;200;0;
14131;6573578;1059401728;21790720;1200013312;0;0;0;0;0;0;0;0;0;0;0;3627;0;0;95;0;200;0;
14132;7071792;1059401728;21790720;1200013312;0;0;0;0;0;0;0;0;0;0;0;4318;0;0;95;0;200;0;
14133;7041996;1059401728;21790720;1200013312;0;0;0;0;0;0;0;0;0;0;0;3427;0;0;95;0;200;0;
14134;5674211;1059401728;21790720;1200013312;0;0;0;0;0;0;0;0;0;0;0;3727;0;0;95;0;200;0;
14135;6762452;1059401728;21790720;1200013312;0;0;0;0;0;0;0;0;0;0;0;4288;0;0;95;0;200;0;
14136;7120072;1059401728;21790720;1200013312;0;0;0;0;0;0;0;0;0;0;0;5971;0;0;95;0;200;0;
14137;8418397;1059401728;21790720;1200013312;0;0;0;0;0;0;0;0;0;0;0;3557;0;0;95;0;200;0;
14138;5226993;1059401728;21790720;1200013312;0;0;0;0;0;0;0;0;0;0;0;4128;0;0;95;0;200;0;
14139;8221488;1059401728;21790720;1200013312;0;0;0;0;0;0;0;0;0;0;0;2645;0;0;95;0;200;0;
14140;4830950;1059401728;21790720;1200013312;0;0;0;0;0;0;0;0;0;0;0;3166;0;0;95;0;200;0;
14141;8271412;1059401728;21790720;1200013312;0;0;0;0;0;0;0;0;0;0;0;4228;0;0;95;0;200;0;
14142;4565222;1059401728;21790720;1200013312;0;0;0;0;0;0;0;0;0;0;0;2725;0;0;95;0;200;0;
14143;7405358;1059401728;21790720;1200013312;0;0;0;0;0;0;0;0;0;0;0;3266;0;0;95;0;200;0;
14144;4623761;1059401728;21790720;1200013312;0;0;0;0;0;0;0;0;0;0;0;4068;0;0;95;0;200;0;
14145;6505220;1059401728;21790720;1200013312;0;0;0;0;0;0;0;0;0;0;0;2033;0;0;95;0;200;0;
14146;5928899;1059401728;21790720;1200013312;0;0;0;0;0;0;0;0;0;0;0;3617;0;0;95;0;200;0;
14147;5195383;1059401728;21790720;1200013312;0;0;0;0;0;0;0;0;0;0;0;2755;0;0;95;0;200;0;
14148;4891904;1059401728;21790720;1200013312;0;0;0;0;0;0;0;0;0;0;0;2936;0;0;95;0;200;0;
14149;9008855;1059401728;21790720;1200013312;0;0;0;0;0;0;0;0;0;0;0;3266;0;0;95;0;200;0;
14150;5066401;1059401728;21790720;1200013312;0;0;0;0;0;0;0;0;0;0;0;4178;0;0;95;0;200;0;
14151;7317423;1059401728;21790720;1200013312;0;0;0;0;0;0;0;0;0;0;0;3376;0;0;95;0;200;0;
14152;4277962;1059401728;21790720;1200013312;0;0;0;0;0;0;0;0;0;0;0;2654;0;0;95;0;200;0;
14153;6715554;1059401728;21790720;1200013312;0;0;0;0;0;0;0;0;0;0;0;2374;0;0;95;0;200;0;
14154;5560277;1059401728;21790720;1200013312;0;0;0;0;0;0;0;0;0;0;0;3156;0;0;95;0;200;0;
14155;5946312;1059401728;21790720;1200013312;0;0;0;0;0;0;0;0;0;0;0;1733;0;0;95;0;200;0;
14156;4321434;1059401728;21790720;1200013312;0;0;0;0;0;0;0;0;0;0;0;3326;0;0;95;0;200;0;
14157;7056814;1059401728;21790720;1200013312;0;0;0;0;0;0;0;0;0;0;0;3186;0;0;95;0;200;0;
14158;6030720;1059401728;21790720;1200013312;0;0;0;0;0;0;0;0;0;0;0;3847;0;0;95;0;200;0;
14159;8212511;1059401728;21790720;1200013312;0;0;0;0;0;0;0;0;0;0;0;4439;0;0;95;0;200;0;
14160;6824348;1059401728;21790720;1200013312;0;0;0;0;0;0;0;0;0;0;0;4128;0;0;95;0;200;0;
14161;5794127;1059401728;21790720;1200013312;0;0;0;0;0;0;0;0;0;0;0;3046;0;0;95;0;200;0;
14162;6177665;1059401728;21790720;1200013312;0;0;0;0;0;0;0;0;0;0;0;3306;0;0;95;0;200;0;
14163;7155789;1059401728;21790720;1200013312;0;0;0;0;0;0;0;0;0;0;0;2745;0;0;95;0;200;0;
14164;6673606;1059401728;21790720;1200013312;0;0;0;0;0;0;0;0;0;0;0;4749;0;0;95;0;200;0;
14165;7544529;1059401728;21790720;1200013312;0;0;0;0;0;0;0;0;0;0;0;3597;0;0;95;0;200;0;
14166;5274662;1059401728;21790720;1200013312;0;0;0;0;0;0;0;0;0;0;0;3887;0;0;95;0;200;0;
14167;8095994;1059401728;21790720;1200013312;0;0;0;0;0;0;0;0;0;0;0;4338;0;0;95;0;200;0;
14168;6657125;1059401728;21790720;1200013312;0;0;0;0;0;0;0;0;0;0;0;4077;0;0;95;0;200;0;
14169;10018007;1059401728;21790720;1200013312;0;0;0;0;0;0;0;0;0;0;0;4047;0;0;95;0;200;0;
14170;4950004;1059401728;21790720;1200013312;0;0;0;0;0;0;0;0;0;0;0;4458;0;0;95;0;200;0;
14171;7385310;1059401728;21790720;1200013312;0;0;0;0;0;0;0;0;0;0;0;2846;0;0;95;0;200;0;
14172;5151641;1059401728;21790720;1200013312;0;0;0;0;0;0;0;0;0;0;0;3657;0;0;95;0;200;0;
14173;9467996;1059401728;21790720;1200013312;0;0;0;0;0;0;0;0;0;0;0;3467;0;0;95;0;200;0;
14174;5499243;1059401728;21798912;1200021504;0;0;0;0;0;0;0;0;0;0;0;3377;0;0;95;0;200;0;
14175;8268386;1059401728;21798912;1200021504;0;0;0;0;0;0;0;0;0;0;0;3577;0;0;95;0;200;0;
14176;5900726;1059401728;21798912;1200021504;0;0;0;0;0;0;0;0;0;0;0;3617;0;0;95;0;200;0;
14177;8702521;1059401728;21798912;1200021504;0;0;0;0;0;0;0;0;0;0;0;3958;0;0;95;0;200;0;
14178;6429548;1059401728;21798912;1200021504;0;0;0;0;0;0;0;0;0;0;0;3938;0;0;95;0;200;0;
14179;8179600;1059401728;21798912;1200021504;0;0;0;0;0;0;0;0;0;0;0;4438;0;0;95;0;200;0;
14180;10039387;1059401728;21790720;1200013312;0;0;0;0;0;0;0;0;0;0;0;4017;0;0;95;0;200;0;
14181;6855557;1059401728;21790720;1200013312;0;0;0;0;0;0;0;0;0;0;0;3076;0;0;95;0;200;0;
14182;6861819;1059401728;21790720;1200013312;0;0;0;0;0;0;0;0;0;0;0;3787;0;0;95;0;200;0;
14183;6099610;1059401728;21790720;1200013312;0;0;0;0;0;0;0;0;0;0;0;3106;0;0;95;0;200;0;
14184;9395531;1059401728;21790720;1200013312;0;0;0;0;0;0;0;0;0;0;0;4258;0;0;95;0;200;0;
14185;7473555;1059401728;21790720;1200013312;0;0;0;0;0;0;0;0;0;0;0;3918;0;0;95;0;200;0;
14186;7228025;1059401728;21790720;1200013312;0;0;0;0;0;0;0;0;0;0;0;3968;0;0;95;0;200;0;
14187;5360242;1059401728;21790720;1200013312;0;0;0;0;0;0;0;0;0;0;0;3867;0;0;95;0;200;0;
14188;5597277;1059401728;21790720;1200013312;0;0;0;0;0;0;0;0;0;0;0;3497;0;0;95;0;200;0;
14189;8506733;1059401728;21790720;1200013312;0;0;0;0;0;0;0;0;0;0;0;4769;0;0;95;0;200;0;
14190;5913740;1059401728;21790720;1200013312;0;0;0;0;0;0;0;0;0;0;0;3997;0;0;95;0;200;0;
14191;9151843;1059401728;21790720;1200013312;0;0;0;0;0;0;0;0;0;0;0;4067;0;0;95;0;200;0;
14192;6125097;1059401728;21790720;1200013312;0;0;0;0;0;0;0;0;0;0;0;4117;0;0;95;0;200;0;
14193;9862416;1059401728;21790720;1200013312;0;0;0;0;0;0;0;0;0;0;0;3346;0;0;95;0;200;0;
14194;6459735;1059401728;21790720;1200013312;0;0;0;0;0;0;0;0;0;0;0;4248;0;0;95;0;200;0;
14195;10249763;1059401728;21790720;1200013312;0;0;0;0;0;0;0;0;0;0;0;3837;0;0;95;0;200;0;
14196;5755323;1059401728;21790720;1200013312;0;0;0;0;0;0;0;0;0;0;0;4669;0;0;95;0;200;0;
14197;8980321;1059401728;21790720;1200013312;0;0;0;0;0;0;0;0;0;0;0;3016;0;0;95;0;200;0;
14198;4911881;1059401728;21790720;1200013312;0;0;0;0;0;0;0;0;0;0;0;3376;0;0;95;0;200;0;
14199;9457646;1059401728;21790720;1200013312;0;0;0;0;0;0;0;0;0;0;0;3136;0;0;95;0;200;0;
14200;6154392;1059401728;21790720;1200013312;0;0;0;0;0;0;0;0;0;0;0;3526;0;0;95;0;200;0;
14201;6467149;1059401728;21790720;1200013312;0;0;0;0;0;0;0;0;0;0;0;2004;0;0;95;0;200;0;
14202;6572806;1059401728;21790720;1200013312;0;0;0;0;0;0;0;0;0;0;0;3697;0;0;95;0;200;0;
14203;8043605;1059401728;21790720;1200013312;0;0;0;0;0;0;0;0;0;0;0;3045;0;0;95;0;200;0;
14204;7281836;1059401728;21790720;1200013312;0;0;0;0;0;0;0;0;0;0;0;3547;0;0;95;0;200;0;
14205;8787420;1059401728;21790720;1200013312;0;0;0;0;0;0;0;0;0;0;0;4148;0;0;95;0;200;0;
14206;7094355;1059401728;21790720;1200013312;0;0;0;0;0;0;0;0;0;0;0;3426;0;0;95;0;200;0;
14207;7842328;1059401728;21790720;1200013312;0;0;0;0;0;0;0;0;0;0;0;4137;0;0;95;0;200;0;
14208;7158124;1059401728;21790720;1200013312;0;0;0;0;0;0;0;0;0;0;0;3196;0;0;95;0;200;0;
14209;8497286;1059401728;21790720;1200013312;0;0;0;0;0;0;0;0;0;0;0;3427;0;0;95;0;200;0;
14210;5601485;1059401728;21790720;1200013312;0;0;0;0;0;0;0;0;0;0;0;3897;0;0;95;0;200;0;
14211;7182169;1059401728;21790720;1200013312;0;0;0;0;0;0;0;0;0;0;0;2434;0;0;95;0;200;0;
14212;4699664;1059401728;21790720;1200013312;0;0;0;0;0;0;0;0;0;0;0;3507;0;0;95;0;200;0;
14213;8218232;1059401728;21790720;1200013312;0;0;0;0;0;0;0;0;0;0;0;3316;0;0;95;0;200;0;
14214;9537326;1059401728;21790720;1200013312;0;0;0;0;0;0;0;0;0;0;0;2926;0;0;95;0;200;0;
14215;6927582;1059401728;21790720;1200013312;0;0;0;0;0;0;0;0;0;0;0;3446;0;0;95;0;200;0;
14216;6522973;1059401728;21790720;1200013312;0;0;0;0;0;0;0;0;0;0;0;2845;0;0;95;0;200;0;
14217;7761706;1059401728;21790720;1200013312;0;0;0;0;0;0;0;0;0;0;0;2776;0;0;95;0;200;0;
14218;5820576;1059401728;21790720;1200013312;0;0;0;0;0;0;0;0;0;0;0;4288;0;0;95;0;200;0;
14219;7810197;1059401728;21790720;1200013312;0;0;0;0;0;0;0;0;0;0;0;3596;0;0;95;0;200;0;
14220;4223421;1059401728;21790720;1200013312;0;0;0;0;0;0;0;0;0;0;0;3136;0;0;95;0;200;0;
14221;8006625;1059401728;21790720;1200013312;0;0;0;0;0;0;0;0;0;0;0;3397;0;0;95;0;200;0;
14222;5661688;1059401728;21790720;1200013312;0;0;0;0;0;0;0;0;0;0;0;4128;0;0;95;0;200;0;
14223;8105451;1059401728;21790720;1200013312;0;0;0;0;0;0;0;0;0;0;0;3246;0;0;95;0;200;0;
14224;3716960;1059401728;21790720;1200013312;0;0;0;0;0;0;0;0;0;0;0;3938;0;0;95;0;200;0;
14225;7598771;1059401728;21790720;1200013312;0;0;0;0;0;0;0;0;0;0;0;2074;0;0;95;0;200;0;
14226;6853763;1059401728;21790720;1200013312;0;0;0;0;0;0;0;0;0;0;0;3817;0;0;95;0;200;0;
14227;9607377;1059401728;21790720;1200013312;0;0;0;0;0;0;0;0;0;0;0;3527;0;0;95;0;200;0;
14228;13250309;1059401728;21790720;1200013312;0;0;0;0;0;0;0;0;0;0;0;3597;0;0;95;0;200;0;
14229;7965389;1059401728;21790720;1200013312;0;0;0;0;0;0;0;0;0;0;0;3616;0;0;95;0;200;0;
14230;5258621;1059401728;21790720;1200013312;0;0;0;0;0;0;0;0;0;0;0;3827;0;0;95;0;200;0;
14231;9424475;1059401728;21790720;1200013312;0;0;0;0;0;0;0;0;0;0;0;3607;0;0;95;0;200;0;
14232;4519596;1059401728;21790720;1200013312;0;0;0;0;0;0;0;0;0;0;0;4258;0;0;95;0;200;0;
14233;8206731;1059401728;21790720;1200013312;0;0;0;0;0;0;0;0;0;0;0;4649;0;0;95;0;200;0;
14234;5504784;1059401728;21790720;1200013312;0;0;0;0;0;0;0;0;0;0;0;2705;0;0;95;0;200;0;
14235;8252888;1059401728;21790720;1200013312;0;0;0;0;0;0;0;0;0;0;0;3987;0;0;95;0;200;0;
14236;7613468;1059401728;21790720;1200013312;0;0;0;0;0;0;0;0;0;0;0;3707;0;0;95;0;200;0;
14237;8260061;1059401728;21790720;1200013312;0;0;0;0;0;0;0;0;0;0;0;2605;0;0;95;0;200;0;
14238;6437753;1059401728;21790720;1200013312;0;0;0;0;0;0;0;0;0;0;0;3737;0;0;95;0;200;0;
14239;9002213;1059401728;21790720;1200013312;0;0;0;0;0;0;0;0;0;0;0;3116;0;0;95;0;200;0;
14240;6856108;1059401728;21790720;1200013312;0;0;0;0;0;0;0;0;0;0;0;3616;0;0;95;0;200;0;
14241;7640388;1059401728;21790720;1200013312;0;0;0;0;0;0;0;0;0;0;0;3487;0;0;95;0;200;0;
14242;7154267;1059401728;21798912;1200021504;0;0;0;0;0;0;0;0;0;0;0;3417;0;0;95;0;200;0;
14243;7139299;1059401728;21798912;1200021504;0;0;0;0;0;0;0;0;0;0;0;2905;0;0;95;0;200;0;
14244;6720353;1059401728;21798912;1200021504;0;0;0;0;0;0;0;0;0;0;0;3937;0;0;95;0;200;0;
14245;7543437;1059401728;21798912;1200021504;0;0;0;0;0;0;0;0;0;0;0;2334;0;0;95;0;200;0;
14246;5154036;1059401728;21798912;1200021504;0;0;0;0;0;0;0;0;0;0;0;2765;0;0;95;0;200;0;
14247;6902174;1059401728;21798912;1200021504;0;0;0;0;0;0;0;0;0;0;0;3436;0;0;95;0;200;0;
14248;5825475;1059401728;21790720;1200013312;0;0;0;0;0;0;0;0;0;0;0;3076;0;0;95;0;200;0;
14249;5866542;1059401728;21790720;1200013312;0;0;0;0;0;0;0;0;0;0;0;2805;0;0;95;0;200;0;
14250;6996982;1059401728;21790720;1200013312;0;0;0;0;0;0;0;0;0;0;0;3647;0;0;95;0;200;0;
14251;6615737;1059401728;21790720;1200013312;0;0;0;0;0;0;0;0;0;0;0;3206;0;0;95;0;200;0;
14252;6441570;1059401728;21790720;1200013312;0;0;0;0;0;0;0;0;0;0;0;3146;0;0;95;0;200;0;
14253;5738051;1059401728;21790720;1200013312;0;0;0;0;0;0;0;0;0;0;0;2114;0;0;95;0;200;0;
14254;5702976;1059401728;21790720;1200013312;0;0;0;0;0;0;0;0;0;0;0;3497;0;0;95;0;200;0;
14255;6707940;1059401728;21790720;1200013312;0;0;0;0;0;0;0;0;0;0;0;3206;0;0;95;0;200;0;
14256;4362041;1059401728;21790720;1200013312;0;0;0;0;0;0;0;0;0;0;0;3096;0;0;95;0;200;0;
14257;8124346;1059401728;21790720;1200013312;0;0;0;0;0;0;0;0;0;0;0;2625;0;0;95;0;200;0;
14258;5160107;1059401728;21790720;1200013312;0;0;0;0;0;0;0;0;0;0;0;3156;0;0;95;0;200;0;
14259;6918766;1059401728;21790720;1200013312;0;0;0;0;0;0;0;0;0;0;0;3417;0;0;95;0;200;0;
14260;3294579;1059401728;21790720;1200013312;0;0;0;0;0;0;0;0;0;0;0;2665;0;0;95;0;200;0;
14261;7754492;1059401728;21790720;1200013312;0;0;0;0;0;0;0;0;0;0;0;2084;0;0;95;0;200;0;
14262;4395553;1059401728;21790720;1200013312;0;0;0;0;0;0;0;0;0;0;0;3477;0;0;95;0;200;0;
14263;7503402;1059401728;21790720;1200013312;0;0;0;0;0;0;0;0;0;0;0;2995;0;0;95;0;200;0;
14264;5669963;1059401728;21790720;1200013312;0;0;0;0;0;0;0;0;0;0;0;3647;0;0;95;0;200;0;
14265;6883389;1059401728;21790720;1200013312;0;0;0;0;0;0;0;0;0;0;0;3256;0;0;95;0;200;0;
14266;6527101;1059401728;21790720;1200013312;0;0;0;0;0;0;0;0;0;0;0;4348;0;0;95;0;200;0;
14267;6699434;1059401728;21790720;1200013312;0;0;0;0;0;0;0;0;0;0;0;2655;0;0;95;0;200;0;
14268;6469543;1059401728;21790720;1200013312;0;0;0;0;0;0;0;0;0;0;0;3236;0;0;95;0;200;0;
14269;6301317;1059401728;21790720;1200013312;0;0;0;0;0;0;0;0;0;0;0;1823;0;0;95;0;200;0;
14270;6080033;1059401728;21790720;1200013312;0;0;0;0;0;0;0;0;0;0;0;3276;0;0;95;0;200;0;
14271;7743171;1059401728;21790720;1200013312;0;0;0;0;0;0;0;0;0;0;0;3547;0;0;95;0;200;0;
14272;5251639;1059401728;21790720;1200013312;0;0;0;0;0;0;0;0;0;0;0;2975;0;0;95;0;200;0;
14273;8060036;1059401728;21790720;1200013312;0;0;0;0;0;0;0;0;0;0;0;4128;0;0;95;0;200;0;
14274;5798113;1059401728;21790720;1200013312;0;0;0;0;0;0;0;0;0;0;0;3988;0;0;95;0;200;0;
14275;8042623;1059401728;21790720;1200013312;0;0;0;0;0;0;0;0;0;0;0;3156;0;0;95;0;200;0;
14276;5488232;1059401728;21790720;1200013312;0;0;0;0;0;0;0;0;0;0;0;3076;0;0;95;0;200;0;
14277;6874442;1059401728;21790720;1200013312;0;0;0;0;0;0;0;0;0;0;0;3166;0;0;95;0;200;0;
14278;6985961;1059401728;21790720;1200013312;0;0;0;0;0;0;0;0;0;0;0;3075;0;0;95;0;200;0;
14279;5673350;1059401728;21790720;1200013312;0;0;0;0;0;0;0;0;0;0;0;3646;0;0;95;0;200;0;
14280;7209210;1059401728;21790720;1200013312;0;0;0;0;0;0;0;0;0;0;0;4017;0;0;95;0;200;0;
14281;7659845;1059401728;21790720;1200013312;0;0;0;0;0;0;0;0;0;0;0;2655;0;0;95;0;200;0;
14282;6770447;1059401728;21790720;1200013312;0;0;0;0;0;0;0;0;0;0;0;4408;0;0;95;0;200;0;
14283;10033967;1059401728;21790720;1200013312;0;0;0;0;0;0;0;0;0;0;0;4508;0;0;95;0;200;0;
14284;3785600;1059401728;21790720;1200013312;0;0;0;0;0;0;0;0;0;0;0;3907;0;0;95;0;200;0;
14285;6957187;1059401728;21790720;1200013312;0;0;0;0;0;0;0;0;0;0;0;2505;0;0;95;0;200;0;
14286;4460375;1059401728;21790720;1200013312;0;0;0;0;0;0;0;0;0;0;0;2775;0;0;95;0;200;0;
14287;5884034;1059401728;21790720;1200013312;0;0;0;0;0;0;0;0;0;0;0;2465;0;0;95;0;200;0;
14288;5905986;1059401728;21790720;1200013312;0;0;0;0;0;0;0;0;0;0;0;3396;0;0;95;0;200;0;
14289;7927166;1059401728;21790720;1200013312;0;0;0;0;0;0;0;0;0;0;0;2175;0;0;95;0;200;0;
14290;5117196;1059401728;21790720;1200013312;0;0;0;0;0;0;0;0;0;0;0;3897;0;0;95;0;200;0;
14291;6958349;1059401728;21790720;1200013312;0;0;0;0;0;0;0;0;0;0;0;4047;0;0;95;0;200;0;
14292;4114817;1059401728;21790720;1200013312;0;0;0;0;0;0;0;0;0;0;0;2394;0;0;95;0;200;0;
14293;7024494;1059401728;21790720;1200013312;0;0;0;0;0;0;0;0;0;0;0;2915;0;0;95;0;200;0;
14294;6411514;1059401728;21790720;1200013312;0;0;0;0;0;0;0;0;0;0;0;3146;0;0;95;0;200;0;
14295;7766105;1059401728;21790720;1200013312;0;0;0;0;0;0;0;0;0;0;0;3347;0;0;95;0;200;0;
14296;4004360;1059401728;21790720;1200013312;0;0;0;0;0;0;0;0;0;0;0;2965;0;0;95;0;200;0;
14297;7558275;1059401728;21790720;1200013312;0;0;0;0;0;0;0;0;0;0;0;2765;0;0;95;0;200;0;
14298;4726243;1059401728;21790720;1200013312;0;0;0;0;0;0;0;0;0;0;0;3096;0;0;95;0;200;0;
14299;6798279;1059401728;21790720;1200013312;0;0;0;0;0;0;0;0;0;0;0;1793;0;0;95;0;200;0;
14300;5507288;1059401728;21790720;1200013312;0;0;0;0;0;0;0;0;0;0;0;3426;0;0;95;0;200;0;
14301;7008264;1059401728;21790720;1200013312;0;0;0;0;0;0;0;0;0;0;0;2434;0;0;95;0;200;0;
14302;5914161;1059401728;21790720;1200013312;0;0;0;0;0;0;0;0;0;0;0;3987;0;0;95;0;200;0;
14303;6400604;1059401728;21790720;1200013312;0;0;0;0;0;0;0;0;0;0;0;3426;0;0;95;0;200;0;
14304;5659033;1059401728;21790720;1200013312;0;0;0;0;0;0;0;0;0;0;0;8275;0;0;95;0;200;0;
14305;7594643;1059401728;21790720;1200013312;0;0;0;0;0;0;0;0;0;0;0;96711;0;0;95;0;200;0;
14306;6266281;1059401728;21790720;1200013312;0;0;0;0;0;0;0;0;0;0;0;3246;0;0;95;0;200;0;
14307;7066242;1059401728;21790720;1200013312;0;0;0;0;0;0;0;0;0;0;0;2485;0;0;95;0;200;0;
14308;5426156;1059401728;21790720;1200013312;0;0;0;0;0;0;0;0;0;0;0;2986;0;0;95;0;200;0;
14309;6683384;1059401728;21790720;1200013312;0;0;0;0;0;0;0;0;0;0;0;2395;0;0;95;0;200;0;
14310;6246144;1059401728;21790720;1200013312;0;0;0;0;0;0;0;0;0;0;0;2966;0;0;95;0;200;0;
14311;6265410;1059401728;21790720;1200013312;0;0;0;0;0;0;0;0;0;0;0;2374;0;0;95;0;200;0;
14312;6014981;1059401728;21790720;1200013312;0;0;0;0;0;0;0;0;0;0;0;3547;0;0;95;0;200;0;
14313;6162607;1059401728;21790720;1200013312;0;0;0;0;0;0;0;0;0;0;0;2695;0;0;95;0;200;0;
14314;5294149;1059401728;21790720;1200013312;0;0;0;0;0;0;0;0;0;0;0;3246;0;0;95;0;200;0;
14315;7071081;1059401728;21790720;1200013312;0;0;0;0;0;0;0;0;0;0;0;2916;0;0;95;0;200;0;
14316;5261187;1059401728;21790720;1200013312;0;0;0;0;0;0;0;0;0;0;0;3196;0;0;95;0;200;0;
14317;5985676;1059401728;21790720;1200013312;0;0;0;0;0;0;0;0;0;0;0;2314;0;0;95;0;200;0;
14318;5030093;1059401728;21790720;1200013312;0;0;0;0;0;0;0;0;0;0;0;3387;0;0;95;0;200;0;
14319;7645027;1059401728;21790720;1200013312;0;0;0;0;0;0;0;0;0;0;0;2425;0;0;95;0;200;0;
14320;7267439;1059401728;21790720;1200013312;0;0;0;0;0;0;0;0;0;0;0;4208;0;0;95;0;200;0;
14321;9483825;1059401728;21790720;1200013312;0;0;0;0;0;0;0;0;0;0;0;2925;0;0;95;0;200;0;
14322;5625791;1059401728;21790720;1200013312;0;0;0;0;0;0;0;0;0;0;0;3056;0;0;95;0;200;0;
14323;9011470;1059401728;21790720;1200013312;0;0;0;0;0;0;0;0;0;0;0;3817;0;0;95;0;200;0;
14324;5371795;1059401728;21790720;1200013312;0;0;0;0;0;0;0;0;0;0;0;4489;0;0;95;0;200;0;
14325;8490092;1059401728;21790720;1200013312;0;0;0;0;0;0;0;0;0;0;0;3967;0;0;95;0;200;0;
14326;5268080;1059401728;21790720;1200013312;0;0;0;0;0;0;0;0;0;0;0;3907;0;0;95;0;200;0;
14327;20426588;1059401728;21790720;1200013312;0;0;0;0;0;0;0;0;0;0;0;3938;0;0;95;0;200;0;
14328;4354376;1059401728;21790720;1200013312;0;0;0;0;0;0;0;0;0;0;0;4498;0;0;95;0;200;0;
14329;8025080;1059401728;21790720;1200013312;0;0;0;0;0;0;0;0;0;0;0;2746;0;0;95;0;200;0;
14330;5168383;1059401728;21790720;1200013312;0;0;0;0;0;0;0;0;0;0;0;3948;0;0;95;0;200;0;
14331;7002533;1059401728;21790720;1200013312;0;0;0;0;0;0;0;0;0;0;0;3397;0;0;95;0;200;0;
14332;3577018;1059401728;21790720;1200013312;0;0;0;0;0;0;0;0;0;0;0;3476;0;0;95;0;200;0;
14333;7504013;1059401728;21790720;1200013312;0;0;0;0;0;0;0;0;0;0;0;2655;0;0;95;0;200;0;
14334;3523268;1059401728;21790720;1200013312;0;0;0;0;0;0;0;0;0;0;0;4558;0;0;95;0;200;0;
14335;6007386;1059401728;21790720;1200013312;0;0;0;0;0;0;0;0;0;0;0;2615;0;0;95;0;200;0;
14336;4714392;1059401728;21790720;1200013312;0;0;0;0;0;0;0;0;0;0;0;3026;0;0;95;0;200;0;
14337;7190425;1059401728;21790720;1200013312;0;0;0;0;0;0;0;0;0;0;0;2785;0;0;95;0;200;0;
14338;4724189;1059401728;21790720;1200013312;0;0;0;0;0;0;0;0;0;0;0;3126;0;0;95;0;200;0;
14339;6227119;1059401728;21790720;1200013312;0;0;0;0;0;0;0;0;0;0;0;2214;0;0;95;0;200;0;
14340;6262455;1059401728;21790720;1200013312;0;0;0;0;0;0;0;0;0;0;0;2795;0;0;95;0;200;0;
14341;4876575;1059401728;21790720;1200013312;0;0;0;0;0;0;0;0;0;0;0;1953;0;0;95;0;200;0;
14342;8415222;1059401728;21790720;1200013312;0;0;0;0;0;0;0;0;0;0;0;2815;0;0;95;0;200;0;
14343;5417470;1059401728;21790720;1200013312;0;0;0;0;0;0;0;0;0;0;0;1883;0;0;95;0;200;0;
14344;5657310;1059401728;21790720;1200013312;0;0;0;0;0;0;0;0;0;0;0;3917;0;0;95;0;200;0;
14345;5211603;1059401728;21790720;1200013312;0;0;0;0;0;0;0;0;0;0;0;2495;0;0;95;0;200;0;
14346;4837863;1059401728;21790720;1200013312;0;0;0;0;0;0;0;0;0;0;0;3667;0;0;95;0;200;0;
14347;7398805;1059401728;21790720;1200013312;0;0;0;0;0;0;0;0;0;0;0;2845;0;0;95;0;200;0;
14348;5032708;1059401728;21790720;1200013312;0;0;0;0;0;0;0;0;0;0;0;3086;0;0;95;0;200;0;
14349;5384207;1059401728;21790720;1200013312;0;0;0;0;0;0;0;0;0;0;0;2655;0;0;95;0;200;0;
14350;4006413;1059401728;21790720;1200013312;0;0;0;0;0;0;0;0;0;0;0;3256;0;0;95;0;200;0;
14351;5518799;1059401728;21790720;1200013312;0;0;0;0;0;0;0;0;0;0;0;2705;0;0;95;0;200;0;
14352;4295215;1059401728;21790720;1200013312;0;0;0;0;0;0;0;0;0;0;0;3937;0;0;95;0;200;0;
14353;5228576;1059401728;21790720;1200013312;0;0;0;0;0;0;0;0;0;0;0;2404;0;0;95;0;200;0;
14354;5581828;1059401728;21790720;1200013312;0;0;0;0;0;0;0;0;0;0;0;3727;0;0;95;0;200;0;
14355;6648458;1059401728;21790720;1200013312;0;0;0;0;0;0;0;0;0;0;0;3737;0;0;95;0;200;0;
14356;6352904;1059401728;21790720;1200013312;0;0;0;0;0;0;0;0;0;0;0;3877;0;0;95;0;200;0;
14357;8050959;1059401728;21790720;1200013312;0;0;0;0;0;0;0;0;0;0;0;3877;0;0;95;0;200;0;
14358;5084034;1059401728;21790720;1200013312;0;0;0;0;0;0;0;0;0;0;0;2395;0;0;95;0;200;0;
14359;7101147;1059401728;21790720;1200013312;0;0;0;0;0;0;0;0;0;0;0;2975;0;0;95;0;200;0;
14360;4908064;1059401728;21790720;1200013312;0;0;0;0;0;0;0;0;0;0;0;3416;0;0;95;0;200;0;
14361;7842046;1059401728;21790720;1200013312;0;0;0;0;0;0;0;0;0;0;0;3467;0;0;95;0;200;0;
14362;6984949;1059401728;21790720;1200013312;0;0;0;0;0;0;0;0;0;0;0;4368;0;0;95;0;200;0;
14363;5108971;1059401728;21790720;1200013312;0;0;0;0;0;0;0;0;0;0;0;2725;0;0;95;0;200;0;
14364;4497555;1059401728;21790720;1200013312;0;0;0;0;0;0;0;0;0;0;0;3186;0;0;95;0;200;0;
14365;5969805;1059401728;21790720;1200013312;0;0;0;0;0;0;0;0;0;0;0;1934;0;0;95;0;200;0;
14366;4242185;1059401728;21790720;1200013312;0;0;0;0;0;0;0;0;0;0;0;3096;0;0;95;0;200;0;
14367;7262861;1059401728;21790720;1200013312;0;0;0;0;0;0;0;0;0;0;0;3507;0;0;95;0;200;0;
14368;4335551;1059401728;21790720;1200013312;0;0;0;0;0;0;0;0;0;0;0;3677;0;0;95;0;200;0;
14369;7142024;1059401728;21790720;1200013312;0;0;0;0;0;0;0;0;0;0;0;3136;0;0;95;0;200;0;
14370;5272267;1059401728;21790720;1200013312;0;0;0;0;0;0;0;0;0;0;0;3647;0;0;95;0;200;0;
14371;4803087;1059401728;21790720;1200013312;0;0;0;0;0;0;0;0;0;0;0;2314;0;0;95;0;200;0;
14372;5753270;1059401728;21790720;1200013312;0;0;0;0;0;0;0;0;0;0;0;4338;0;0;95;0;200;0;
14373;5975125;1059401728;21790720;1200013312;0;0;0;0;0;0;0;0;0;0;0;2976;0;0;95;0;200;0;
14374;4354617;1059401728;21790720;1200013312;0;0;0;0;0;0;0;0;0;0;0;3647;0;0;95;0;200;0;
14375;5228366;1059401728;21790720;1200013312;0;0;0;0;0;0;0;0;0;0;0;2165;0;0;95;0;200;0;
14376;4920067;1059401728;21790720;1200013312;0;0;0;0;0;0;0;0;0;0;0;2756;0;0;95;0;200;0;
14377;6563630;1059401728;21790720;1200013312;0;0;0;0;0;0;0;0;0;0;0;2645;0;0;95;0;200;0;
14378;4867559;1059401728;21790720;1200013312;0;0;0;0;0;0;0;0;0;0;0;2444;0;0;95;0;200;0;
14379;6540797;1059401728;21790720;1200013312;0;0;0;0;0;0;0;0;0;0;0;1974;0;0;95;0;200;0;
14380;4366499;1059401728;21790720;1200013312;0;0;0;0;0;0;0;0;0;0;0;3426;0;0;95;0;200;0;
14381;6622048;1059401728;21790720;1200013312;0;0;0;0;0;0;0;0;0;0;0;2004;0;0;95;0;200;0;
14382;3991606;1059401728;21790720;1200013312;0;0;0;0;0;0;0;0;0;0;0;2815;0;0;95;0;200;0;
14383;11036327;1059401728;21790720;1200013312;0;0;0;0;0;0;0;0;0;0;0;2294;0;0;95;0;200;0;
14384;11736400;1059401728;21790720;1200013312;0;0;0;0;0;0;0;0;0;0;0;5661;0;0;95;0;200;0;
14385;7952344;1059401728;21790720;1200013312;0;0;0;0;0;0;0;0;0;0;0;2615;0;0;95;0;200;0;
14386;4711986;1059401728;21790720;1200013312;0;0;0;0;0;0;0;0;0;0;0;3336;0;0;95;0;200;0;
14387;8197344;1059401728;21790720;1200013312;0;0;0;0;0;0;0;0;0;0;0;2445;0;0;95;0;200;0;
14388;5139218;1059401728;21790720;1200013312;0;0;0;0;0;0;0;0;0;0;0;4138;0;0;95;0;200;0;
14389;5591797;1059401728;21790720;1200013312;0;0;0;0;0;0;0;0;0;0;0;2986;0;0;95;0;200;0;
14390;6266011;1059401728;21790720;1200013312;0;0;0;0;0;0;0;0;0;0;0;3186;0;0;95;0;200;0;
14391;6636456;1059401728;21790720;1200013312;0;0;0;0;0;0;0;0;0;0;0;2765;0;0;95;0;200;0;
14392;5778276;1059401728;21790720;1200013312;0;0;0;0;0;0;0;0;0;0;0;3136;0;0;95;0;200;0;
14393;7093483;1059401728;21790720;1200013312;0;0;0;0;0;0;0;0;0;0;0;3217;0;0;95;0;200;0;
14394;6627469;1059401728;21790720;1200013312;0;0;0;0;0;0;0;0;0;0;0;2886;0;0;95;0;200;0;
14395;7954207;1059401728;21790720;1200013312;0;0;0;0;0;0;0;0;0;0;0;3196;0;0;95;0;200;0;
14396;5478694;1059401728;21790720;1200013312;0;0;0;0;0;0;0;0;0;0;0;3877;0;0;95;0;200;0;
14397;5985546;1059401728;21790720;1200013312;0;0;0;0;0;0;0;0;0;0;0;1853;0;0;95;0;200;0;
14398;5248383;1059401728;21790720;1200013312;0;0;0;0;0;0;0;0;0;0;0;3136;0;0;95;0;200;0;
14399;8005153;1059401728;21790720;1200013312;0;0;0;0;0;0;0;0;0;0;0;3386;0;0;95;0;200;0;
14400;4992743;1059401728;21790720;1200013312;0;0;0;0;0;0;0;0;0;0;0;2996;0;0;95;0;200;0;
14401;7419985;1059401728;21790720;1200013312;0;0;0;0;0;0;0;0;0;0;0;2595;0;0;95;0;200;0;
14402;4333347;1059401728;21790720;1200013312;0;0;0;0;0;0;0;0;0;0;0;4058;0;0;95;0;200;0;
14403;5797392;1059401728;21790720;1200013312;0;0;0;0;0;0;0;0;0;0;0;3417;0;0;95;0;200;0;
14404;4199786;1059401728;21790720;1200013312;0;0;0;0;0;0;0;0;0;0;0;3416;0;0;95;0;200;0;
14405;8496935;1059401728;21790720;1200013312;0;0;0;0;0;0;0;0;0;0;0;3727;0;0;95;0;200;0;
14406;4693031;1059401728;21790720;1200013312;0;0;0;0;0;0;0;0;0;0;0;3116;0;0;95;0;200;0;
14407;7077523;1059401728;21790720;1200013312;0;0;0;0;0;0;0;0;0;0;0;2976;0;0;95;0;200;0;
14408;5092650;1059401728;21790720;1200013312;0;0;0;0;0;0;0;0;0;0;0;4018;0;0;95;0;200;0;
14409;6594968;1059401728;21790720;1200013312;0;0;0;0;0;0;0;0;0;0;0;3036;0;0;95;0;200;0;
14410;5380500;1059401728;21790720;1200013312;0;0;0;0;0;0;0;0;0;0;0;3536;0;0;95;0;200;0;
14411;5995224;1059401728;21790720;1200013312;0;0;0;0;0;0;0;0;0;0;0;3326;0;0;95;0;200;0;
14412;4769194;1059401728;21790720;1200013312;0;0;0;0;0;0;0;0;0;0;0;3306;0;0;95;0;200;0;
14413;6951557;1059401728;21790720;1200013312;0;0;0;0;0;0;0;0;0;0;0;2534;0;0;95;0;200;0;
14414;2914726;1059401728;21790720;1200013312;0;0;0;0;0;0;0;0;0;0;0;3376;0;0;95;0;200;0;
14415;6321545;1059401728;21790720;1200013312;0;0;0;0;0;0;0;0;0;0;0;2585;0;0;95;0;200;0;
14416;4772901;1059401728;21790720;1200013312;0;0;0;0;0;0;0;0;0;0;0;3026;0;0;95;0;200;0;
14417;5401730;1059401728;21790720;1200013312;0;0;0;0;0;0;0;0;0;0;0;3076;0;0;95;0;200;0;
14418;5091749;1059401728;21790720;1200013312;0;0;0;0;0;0;0;0;0;0;0;4118;0;0;95;0;200;0;
14419;7168254;1059401728;21790720;1200013312;0;0;0;0;0;0;0;0;0;0;0;2805;0;0;95;0;200;0;
14420;4553148;1059401728;21790720;1200013312;0;0;0;0;0;0;0;0;0;0;0;3797;0;0;95;0;200;0;
14421;7392143;1059401728;21790720;1200013312;0;0;0;0;0;0;0;0;0;0;0;3968;0;0;95;0;200;0;
14422;3992177;1059401728;21790720;1200013312;0;0;0;0;0;0;0;0;0;0;0;3687;0;0;95;0;200;0;
14423;7256379;1059401728;21790720;1200013312;0;0;0;0;0;0;0;0;0;0;0;2504;0;0;95;0;200;0;
14424;4951386;1059401728;21790720;1200013312;0;0;0;0;0;0;0;0;0;0;0;3336;0;0;95;0;200;0;
14425;5612887;1059401728;21790720;1200013312;0;0;0;0;0;0;0;0;0;0;0;3797;0;0;95;0;200;0;
14426;4222068;1059401728;21790720;1200013312;0;0;0;0;0;0;0;0;0;0;0;3216;0;0;95;0;200;0;
14427;8405082;1059401728;21790720;1200013312;0;0;0;0;0;0;0;0;0;0;0;3567;0;0;95;0;200;0;
14428;5101287;1059401728;21790720;1200013312;0;0;0;0;0;0;0;0;0;0;0;4278;0;0;95;0;200;0;
14429;8411966;1059401728;21790720;1200013312;0;0;0;0;0;0;0;0;0;0;0;3767;0;0;95;0;200;0;
14430;4830990;1059401728;21790720;1200013312;0;0;0;0;0;0;0;0;0;0;0;7464;0;0;95;0;200;0;
14431;7561591;1059401728;21790720;1200013312;0;0;0;0;0;0;0;0;0;0;0;1844;0;0;95;0;200;0;
14432;4374934;1059401728;21790720;1200013312;0;0;0;0;0;0;0;0;0;0;0;4268;0;0;95;0;200;0;
14433;7501228;1059401728;21790720;1200013312;0;0;0;0;0;0;0;0;0;0;0;4047;0;0;95;0;200;0;
14434;3681855;1059401728;21790720;1200013312;0;0;0;0;0;0;0;0;0;0;0;2886;0;0;95;0;200;0;
14435;5293798;1059401728;21790720;1200013312;0;0;0;0;0;0;0;0;0;0;0;2234;0;0;95;0;200;0;
14436;4471255;1059401728;21790720;1200013312;0;0;0;0;0;0;0;0;0;0;0;2966;0;0;95;0;200;0;
14437;4925578;1059401728;21790720;1200013312;0;0;0;0;0;0;0;0;0;0;0;1783;0;0;95;0;200;0;
14438;4311426;1059401728;21790720;1200013312;0;0;0;0;0;0;0;0;0;0;0;3777;0;0;95;0;200;0;
14439;7343462;1059401728;21790720;1200013312;0;0;0;0;0;0;0;0;0;0;0;2906;0;0;95;0;200;0;
14440;4573587;1059401728;21790720;1200013312;0;0;0;0;0;0;0;0;0;0;0;3797;0;0;95;0;200;0;
14441;5756055;1059401728;21790720;1200013312;0;0;0;0;0;0;0;0;0;0;0;2244;0;0;95;0;200;0;
14442;5005047;1059401728;21790720;1200013312;0;0;0;0;0;0;0;0;0;0;0;3787;0;0;95;0;200;0;
14443;6753555;1059401728;21790720;1200013312;0;0;0;0;0;0;0;0;0;0;0;2305;0;0;95;0;200;0;
14444;4371808;1059401728;21790720;1200013312;0;0;0;0;0;0;0;0;0;0;0;3326;0;0;95;0;200;0;
14445;6904980;1059401728;21790720;1200013312;0;0;0;0;0;0;0;0;0;0;0;2915;0;0;95;0;200;0;
14446;5371653;1059401728;21790720;1200013312;0;0;0;0;0;0;0;0;0;0;0;4088;0;0;95;0;200;0;
14447;6753044;1059401728;21790720;1200013312;0;0;0;0;0;0;0;0;0;0;0;3367;0;0;95;0;200;0;
14448;5609019;1059401728;21790720;1200013312;0;0;0;0;0;0;0;0;0;0;0;126537;0;0;95;0;200;0;
14449;7265695;1059401728;21790720;1200013312;0;0;0;0;0;0;0;0;0;0;0;3166;0;0;95;0;200;0;
14450;7055512;1059401728;21790720;1200013312;0;0;0;0;0;0;0;0;0;0;0;3496;0;0;95;0;200;0;
14451;6226036;1059401728;21790720;1200013312;0;0;0;0;0;0;0;0;0;0;0;2905;0;0;95;0;200;0;
14452;5513219;1059401728;21790720;1200013312;0;0;0;0;0;0;0;0;0;0;0;3416;0;0;95;0;200;0;
14453;6792959;1059401728;21790720;1200013312;0;0;0;0;0;0;0;0;0;0;0;3547;0;0;95;0;200;0;
14454;5410667;1059401728;21790720;1200013312;0;0;0;0;0;0;0;0;0;0;0;3858;0;0;95;0;200;0;
14455;5484465;1059401728;21790720;1200013312;0;0;0;0;0;0;0;0;0;0;0;3055;0;0;95;0;200;0;
14456;7784228;1059401728;21790720;1200013312;0;0;0;0;0;0;0;0;0;0;0;3767;0;0;95;0;200;0;
14457;5449850;1059401728;21790720;1200013312;0;0;0;0;0;0;0;0;0;0;0;2094;0;0;95;0;200;0;
14458;9180477;1059401728;21790720;1200013312;0;0;0;0;0;0;0;0;0;0;0;5691;0;0;95;0;200;0;
14459;7791772;1059401728;21790720;1200013312;0;0;0;0;0;0;0;0;0;0;0;2745;0;0;95;0;200;0;
14460;4426812;1059401728;21790720;1200013312;0;0;0;0;0;0;0;0;0;0;0;3998;0;0;95;0;200;0;
14461;7219309;1059401728;21790720;1200013312;0;0;0;0;0;0;0;0;0;0;0;2765;0;0;95;0;200;0;
14462;4158319;1059401728;21790720;1200013312;0;0;0;0;0;0;0;0;0;0;0;3267;0;0;95;0;200;0;
14463;6769756;1059401728;21790720;1200013312;0;0;0;0;0;0;0;0;0;0;0;2054;0;0;95;0;200;0;
14464;4794191;1059401728;21790720;1200013312;0;0;0;0;0;0;0;0;0;0;0;3527;0;0;95;0;200;0;
14465;6595139;1059401728;21790720;1200013312;0;0;0;0;0;0;0;0;0;0;0;2715;0;0;95;0;200;0;
14466;5929380;1059401728;21790720;1200013312;0;0;0;0;0;0;0;0;0;0;0;4188;0;0;95;0;200;0;
14467;6222500;1059401728;21790720;1200013312;0;0;0;0;0;0;0;0;0;0;0;2835;0;0;95;0;200;0;
14468;5441485;1059401728;21790720;1200013312;0;0;0;0;0;0;0;0;0;0;0;3797;0;0;95;0;200;0;
14469;6926650;1059401728;21790720;1200013312;0;0;0;0;0;0;0;0;0;0;0;1953;0;0;95;0;200;0;
14470;5196465;1059401728;21790720;1200013312;0;0;0;0;0;0;0;0;0;0;0;3035;0;0;95;0;200;0;
14471;6415362;1059401728;21790720;1200013312;0;0;0;0;0;0;0;0;0;0;0;2054;0;0;95;0;200;0;
14472;5334414;1059401728;21790720;1200013312;0;0;0;0;0;0;0;0;0;0;0;3296;0;0;95;0;200;0;
14473;7846094;1059401728;21790720;1200013312;0;0;0;0;0;0;0;0;0;0;0;2614;0;0;95;0;200;0;
14474;4628681;1059401728;21790720;1200013312;0;0;0;0;0;0;0;0;0;0;0;3176;0;0;95;0;200;0;
14475;7675655;1059401728;21790720;1200013312;0;0;0;0;0;0;0;0;0;0;0;2855;0;0;95;0;200;0;
14476;5563955;1059401728;21790720;1200013312;0;0;0;0;0;0;0;0;0;0;0;3787;0;0;95;0;200;0;
14477;8377411;1059401728;21790720;1200013312;0;0;0;0;0;0;0;0;0;0;0;2375;0;0;95;0;200;0;
14478;4392418;1059401728;21790720;1200013312;0;0;0;0;0;0;0;0;0;0;0;4468;0;0;95;0;200;0;
14479;8035370;1059401728;21790720;1200013312;0;0;0;0;0;0;0;0;0;0;0;4068;0;0;95;0;200;0;
14480;3652090;1059401728;21790720;1200013312;0;0;0;0;0;0;0;0;0;0;0;3056;0;0;95;0;200;0;
14481;6966384;1059401728;21790720;1200013312;0;0;0;0;0;0;0;0;0;0;0;2104;0;0;95;0;200;0;
14482;5241550;1059401728;21790720;1200013312;0;0;0;0;0;0;0;0;0;0;0;3857;0;0;95;0;200;0;
14483;6966214;1059401728;21790720;1200013312;0;0;0;0;0;0;0;0;0;0;0;2255;0;0;95;0;200;0;
14484;5586668;1059401728;21790720;1200013312;0;0;0;0;0;0;0;0;0;0;0;3217;0;0;95;0;200;0;
14485;9569747;1059401728;21790720;1200013312;0;0;0;0;0;0;0;0;0;0;0;5119;0;0;95;0;200;0;
14486;4436931;1059401728;21798912;1200021504;0;0;0;0;0;0;0;0;0;0;0;3396;0;0;95;0;200;0;
14487;6191552;1059401728;21798912;1200021504;0;0;0;0;0;0;0;0;0;0;0;1964;0;0;95;0;200;0;
14488;5260295;1059401728;21798912;1200021504;0;0;0;0;0;0;0;0;0;0;0;2685;0;0;95;0;200;0;
14489;5919752;1059401728;21798912;1200021504;0;0;0;0;0;0;0;0;0;0;0;2074;0;0;95;0;200;0;
14490;5474296;1059401728;21798912;1200021504;0;0;0;0;0;0;0;0;0;0;0;3737;0;0;95;0;200;0;
14491;6376468;1059401728;21798912;1200021504;0;0;0;0;0;0;0;0;0;0;0;3216;0;0;95;0;200;0;
14492;5165427;1059401728;21790720;1200013312;0;0;0;0;0;0;0;0;0;0;0;3466;0;0;95;0;200;0;
14493;6696769;1059401728;21790720;1200013312;0;0;0;0;0;0;0;0;0;0;0;2044;0;0;95;0;200;0;
14494;3729053;1059401728;21790720;1200013312;0;0;0;0;0;0;0;0;0;0;0;4298;0;0;95;0;200;0;
14495;6161636;1059401728;21790720;1200013312;0;0;0;0;0;0;0;0;0;0;0;3407;0;0;95;0;200;0;
14496;5479716;1059401728;21790720;1200013312;0;0;0;0;0;0;0;0;0;0;0;3988;0;0;95;0;200;0;
14497;5460941;1059401728;21790720;1200013312;0;0;0;0;0;0;0;0;0;0;0;2194;0;0;95;0;200;0;
14498;4521900;1059401728;21790720;1200013312;0;0;0;0;0;0;0;0;0;0;0;2905;0;0;95;0;200;0;
14499;5088543;1059401728;21790720;1200013312;0;0;0;0;0;0;0;0;0;0;0;2725;0;0;95;0;200;0;
14500;4855636;1059401728;21790720;1200013312;0;0;0;0;0;0;0;0;0;0;0;3977;0;0;95;0;200;0;
14501;6729640;1059401728;21790720;1200013312;0;0;0;0;0;0;0;0;0;0;0;3346;0;0;95;0;200;0;
14502;5307864;1059401728;21790720;1200013312;0;0;0;0;0;0;0;0;0;0;0;3296;0;0;95;0;200;0;
14503;5801270;1059401728;21790720;1200013312;0;0;0;0;0;0;0;0;0;0;0;2996;0;0;95;0;200;0;
14504;4127410;1059401728;21790720;1200013312;0;0;0;0;0;0;0;0;0;0;0;4008;0;0;95;0;200;0;
14505;7024423;1059401728;21790720;1200013312;0;0;0;0;0;0;0;0;0;0;0;3277;0;0;95;0;200;0;
14506;5904704;1059401728;21790720;1200013312;0;0;0;0;0;0;0;0;0;0;0;3747;0;0;95;0;200;0;
14507;5696753;1059401728;21790720;1200013312;0;0;0;0;0;0;0;0;0;0;0;2364;0;0;95;0;200;0;
14508;7562873;1059401728;21790720;1200013312;0;0;0;0;0;0;0;0;0;0;0;3626;0;0;95;0;200;0;
14509;6517012;1059401728;21790720;1200013312;0;0;0;0;0;0;0;0;0;0;0;3687;0;0;95;0;200;0;
14510;6170602;1059401728;21790720;1200013312;0;0;0;0;0;0;0;0;0;0;0;3807;0;0;95;0;200;0;
14511;6744088;1059401728;21790720;1200013312;0;0;0;0;0;0;0;0;0;0;0;4208;0;0;95;0;200;0;
14512;6307599;1059401728;21790720;1200013312;0;0;0;0;0;0;0;0;0;0;0;3386;0;0;95;0;200;0;
14513;9502982;1059401728;21790720;1200013312;0;0;0;0;0;0;0;0;0;0;0;3727;0;0;95;0;200;0;
14514;5410827;1059401728;21790720;1200013312;0;0;0;0;0;0;0;0;0;0;0;3626;0;0;95;0;200;0;
14515;7319016;1059401728;21790720;1200013312;0;0;0;0;0;0;0;0;0;0;0;1964;0;0;95;0;200;0;
14516;7146973;1059401728;21790720;1200013312;0;0;0;0;0;0;0;0;0;0;0;4087;0;0;95;0;200;0;
14517;8565203;1059401728;21790720;1200013312;0;0;0;0;0;0;0;0;0;0;0;2925;0;0;95;0;200;0;
14518;6648338;1059401728;21790720;1200013312;0;0;0;0;0;0;0;0;0;0;0;3075;0;0;95;0;200;0;
14519;7498954;1059401728;21790720;1200013312;0;0;0;0;0;0;0;0;0;0;0;2996;0;0;95;0;200;0;
14520;5785089;1059401728;21790720;1200013312;0;0;0;0;0;0;0;0;0;0;0;3176;0;0;95;0;200;0;
14521;8248058;1059401728;21790720;1200013312;0;0;0;0;0;0;0;0;0;0;0;2414;0;0;95;0;200;0;
14522;5216222;1059401728;21790720;1200013312;0;0;0;0;0;0;0;0;0;0;0;121067;0;0;95;0;200;0;
14523;7791362;1059401728;21790720;1200013312;0;0;0;0;0;0;0;0;0;0;0;2665;0;0;95;0;200;0;
14524;7251630;1059401728;21790720;1200013312;0;0;0;0;0;0;0;0;0;0;0;2645;0;0;95;0;200;0;
14525;8049406;1059401728;21790720;1200013312;0;0;0;0;0;0;0;0;0;0;0;2264;0;0;95;0;200;0;
14526;5694189;1059401728;21790720;1200013312;0;0;0;0;0;0;0;0;0;0;0;3878;0;0;95;0;200;0;
14527;8995089;1059401728;21790720;1200013312;0;0;0;0;0;0;0;0;0;0;0;3186;0;0;95;0;200;0;
14528;5848107;1059401728;21790720;1200013312;0;0;0;0;0;0;0;0;0;0;0;3086;0;0;95;0;200;0;
14529;6864994;1059401728;21790720;1200013312;0;0;0;0;0;0;0;0;0;0;0;1864;0;0;95;0;200;0;
14530;4525537;1059401728;21790720;1200013312;0;0;0;0;0;0;0;0;0;0;0;3577;0;0;95;0;200;0;
14531;7786643;1059401728;21790720;1200013312;0;0;0;0;0;0;0;0;0;0;0;1643;0;0;95;0;200;0;
14532;4986432;1059401728;21790720;1200013312;0;0;0;0;0;0;0;0;0;0;0;3576;0;0;95;0;200;0;
14533;5621493;1059401728;21790720;1200013312;0;0;0;0;0;0;0;0;0;0;0;2064;0;0;95;0;200;0;
14534;5412821;1059401728;21790720;1200013312;0;0;0;0;0;0;0;0;0;0;0;3917;0;0;95;0;200;0;
14535;5861964;1059401728;21790720;1200013312;0;0;0;0;0;0;0;0;0;0;0;2264;0;0;95;0;200;0;
14536;6637628;1059401728;21790720;1200013312;0;0;0;0;0;0;0;0;0;0;0;3667;0;0;95;0;200;0;
14537;6593936;1059401728;21790720;1200013312;0;0;0;0;0;0;0;0;0;0;0;2224;0;0;95;0;200;0;
14538;5631291;1059401728;21790720;1200013312;0;0;0;0;0;0;0;0;0;0;0;3958;0;0;95;0;200;0;
14539;6362382;1059401728;21790720;1200013312;0;0;0;0;0;0;0;0;0;0;0;2455;0;0;95;0;200;0;
14540;6126780;1059401728;21790720;1200013312;0;0;0;0;0;0;0;0;0;0;0;3597;0;0;95;0;200;0;
14541;6927723;1059401728;21790720;1200013312;0;0;0;0;0;0;0;0;0;0;0;3256;0;0;95;0;200;0;
14542;3600172;1059401728;21790720;1200013312;0;0;0;0;0;0;0;0;0;0;0;3155;0;0;95;0;200;0;
14543;7153566;1059401728;21790720;1200013312;0;0;0;0;0;0;0;0;0;0;0;3065;0;0;95;0;200;0;
14544;3834231;1059401728;21790720;1200013312;0;0;0;0;0;0;0;0;0;0;0;3116;0;0;95;0;200;0;
14545;7010357;1059401728;21790720;1200013312;0;0;0;0;0;0;0;0;0;0;0;3497;0;0;95;0;200;0;
14546;12264009;1059401728;21790720;1200013312;0;0;0;0;0;0;0;0;0;0;0;2835;0;0;95;0;200;0;
14547;10525078;1059401728;21790720;1200013312;0;0;0;0;0;0;0;0;0;0;0;3787;0;0;95;0;200;0;
14548;4237968;1059401728;21790720;1200013312;0;0;0;0;0;0;0;0;0;0;0;3557;0;0;95;0;200;0;
14549;8869163;1059401728;21790720;1200013312;0;0;0;0;0;0;0;0;0;0;0;2985;0;0;95;0;200;0;
14550;6519677;1059401728;21790720;1200013312;0;0;0;0;0;0;0;0;0;0;0;3056;0;0;95;0;200;0;
14551;9648885;1059401728;21790720;1200013312;0;0;0;0;0;0;0;0;0;0;0;3867;0;0;95;0;200;0;
14552;5700701;1059401728;21790720;1200013312;0;0;0;0;0;0;0;0;0;0;0;3607;0;0;95;0;200;0;
14553;9384740;1059401728;21790720;1200013312;0;0;0;0;0;0;0;0;0;0;0;3637;0;0;95;0;200;0;
14554;5065540;1059401728;21790720;1200013312;0;0;0;0;0;0;0;0;0;0;0;4077;0;0;95;0;200;0;
14555;9584835;1059401728;21790720;1200013312;0;0;0;0;0;0;0;0;0;0;0;3396;0;0;95;0;200;0;
14556;3624888;1059401728;21790720;1200013312;0;0;0;0;0;0;0;0;0;0;0;3467;0;0;95;0;200;0;
14557;8682302;1059401728;21790720;1200013312;0;0;0;0;0;0;0;0;0;0;0;250220;0;0;95;0;200;0;
14558;4056989;1059401728;21790720;1200013312;0;0;0;0;0;0;0;0;0;0;0;3056;0;0;95;0;200;0;
14559;8062149;1059401728;21790720;1200013312;0;0;0;0;0;0;0;0;0;0;0;3025;0;0;95;0;200;0;
14560;4704603;1059401728;21790720;1200013312;0;0;0;0;0;0;0;0;0;0;0;3336;0;0;95;0;200;0;
14561;8326736;1059401728;21790720;1200013312;0;0;0;0;0;0;0;0;0;0;0;2986;0;0;95;0;200;0;
14562;4262875;1059401728;21790720;1200013312;0;0;0;0;0;0;0;0;0;0;0;2945;0;0;95;0;200;0;
14563;8109989;1059401728;21790720;1200013312;0;0;0;0;0;0;0;0;0;0;0;4418;0;0;95;0;200;0;
14564;4681189;1059401728;21790720;1200013312;0;0;0;0;0;0;0;0;0;0;0;3196;0;0;95;0;200;0;
14565;7499895;1059401728;21790720;1200013312;0;0;0;0;0;0;0;0;0;0;0;2975;0;0;95;0;200;0;
14566;6108226;1059401728;21790720;1200013312;0;0;0;0;0;0;0;0;0;0;0;3307;0;0;95;0;200;0;
14567;8104980;1059401728;21790720;1200013312;0;0;0;0;0;0;0;0;0;0;0;3056;0;0;95;0;200;0;
14568;5534961;1059401728;21790720;1200013312;0;0;0;0;0;0;0;0;0;0;0;3176;0;0;95;0;200;0;
14569;8253879;1059401728;21790720;1200013312;0;0;0;0;0;0;0;0;0;0;0;3075;0;0;95;0;200;0;
14570;4580420;1059401728;21790720;1200013312;0;0;0;0;0;0;0;0;0;0;0;3075;0;0;95;0;200;0;
14571;7033080;1059401728;21790720;1200013312;0;0;0;0;0;0;0;0;0;0;0;2956;0;0;95;0;200;0;
14572;6220346;1059401728;21790720;1200013312;0;0;0;0;0;0;0;0;0;0;0;4028;0;0;95;0;200;0;
14573;7173483;1059401728;21790720;1200013312;0;0;0;0;0;0;0;0;0;0;0;3136;0;0;95;0;200;0;
14574;6727306;1059401728;21790720;1200013312;0;0;0;0;0;0;0;0;0;0;0;3527;0;0;95;0;200;0;
14575;8840810;1059401728;21790720;1200013312;0;0;0;0;0;0;0;0;0;0;0;4308;0;0;95;0;200;0;
14576;4783230;1059401728;21790720;1200013312;0;0;0;0;0;0;0;0;0;0;0;2936;0;0;95;0;200;0;
14577;6765938;1059401728;21790720;1200013312;0;0;0;0;0;0;0;0;0;0;0;3377;0;0;95;0;200;0;
14578;4567976;1059401728;21790720;1200013312;0;0;0;0;0;0;0;0;0;0;0;2835;0;0;95;0;200;0;
14579;6754557;1059401728;21790720;1200013312;0;0;0;0;0;0;0;0;0;0;0;2285;0;0;95;0;200;0;
14580;6088067;1059401728;21790720;1200013312;0;0;0;0;0;0;0;0;0;0;0;3757;0;0;95;0;200;0;
14581;8449526;1059401728;21790720;1200013312;0;0;0;0;0;0;0;0;0;0;0;4068;0;0;95;0;200;0;
14582;6498848;1059401728;21790720;1200013312;0;0;0;0;0;0;0;0;0;0;0;3677;0;0;95;0;200;0;
14583;6155764;1059401728;21790720;1200013312;0;0;0;0;0;0;0;0;0;0;0;3056;0;0;95;0;200;0;
14584;4928482;1059401728;21790720;1200013312;0;0;0;0;0;0;0;0;0;0;0;3106;0;0;95;0;200;0;
14585;6393270;1059401728;21790720;1200013312;0;0;0;0;0;0;0;0;0;0;0;2816;0;0;95;0;200;0;
14586;4343326;1059401728;21790720;1200013312;0;0;0;0;0;0;0;0;0;0;0;3306;0;0;95;0;200;0;
14587;7028351;1059401728;21790720;1200013312;0;0;0;0;0;0;0;0;0;0;0;3266;0;0;95;0;200;0;
14588;5596025;1059401728;21790720;1200013312;0;0;0;0;0;0;0;0;0;0;0;3947;0;0;95;0;200;0;
14589;7787224;1059401728;21790720;1200013312;0;0;0;0;0;0;0;0;0;0;0;2875;0;0;95;0;200;0;
14590;6315273;1059401728;21790720;1200013312;0;0;0;0;0;0;0;0;0;0;0;3868;0;0;95;0;200;0;
14591;7125753;1059401728;21790720;1200013312;0;0;0;0;0;0;0;0;0;0;0;2204;0;0;95;0;200;0;
14592;6389953;1059401728;21790720;1200013312;0;0;0;0;0;0;0;0;0;0;0;3216;0;0;95;0;200;0;
14593;9106008;1059401728;21790720;1200013312;0;0;0;0;0;0;0;0;0;0;0;2314;0;0;95;0;200;0;
14594;5034441;1059401728;21790720;1200013312;0;0;0;0;0;0;0;0;0;0;0;3707;0;0;95;0;200;0;
14595;9564186;1059401728;21790720;1200013312;0;0;0;0;0;0;0;0;0;0;0;3778;0;0;95;0;200;0;
14596;5784478;1059401728;21790720;1200013312;0;0;0;0;0;0;0;0;0;0;0;2575;0;0;95;0;200;0;
14597;6334630;1059401728;21790720;1200013312;0;0;0;0;0;0;0;0;0;0;0;3567;0;0;95;0;200;0;
14598;4172185;1059401728;21790720;1200013312;0;0;0;0;0;0;0;0;0;0;0;3717;0;0;95;0;200;0;
14599;7841125;1059401728;21790720;1200013312;0;0;0;0;0;0;0;0;0;0;0;3196;0;0;95;0;200;0;
14600;5115223;1059401728;21790720;1200013312;0;0;0;0;0;0;0;0;0;0;0;3647;0;0;95;0;200;0;
14601;8109188;1059401728;21790720;1200013312;0;0;0;0;0;0;0;0;0;0;0;2825;0;0;95;0;200;0;
14602;6015883;1059401728;21790720;1200013312;0;0;0;0;0;0;0;0;0;0;0;3647;0;0;95;0;200;0;
14603;7332902;1059401728;21790720;1200013312;0;0;0;0;0;0;0;0;0;0;0;3557;0;0;95;0;200;0;
14604;5136472;1059401728;21790720;1200013312;0;0;0;0;0;0;0;0;0;0;0;3506;0;0;95;0;200;0;
14605;7431447;1059401728;21790720;1200013312;0;0;0;0;0;0;0;0;0;0;0;3507;0;0;95;0;200;0;
14606;4201740;1059401728;21790720;1200013312;0;0;0;0;0;0;0;0;0;0;0;3867;0;0;95;0;200;0;
14607;5438719;1059401728;21790720;1200013312;0;0;0;0;0;0;0;0;0;0;0;2845;0;0;95;0;200;0;
14608;5830715;1059401728;21790720;1200013312;0;0;0;0;0;0;0;0;0;0;0;2875;0;0;95;0;200;0;
14609;6109818;1059401728;21790720;1200013312;0;0;0;0;0;0;0;0;0;0;0;2054;0;0;95;0;200;0;
14610;4847671;1059401728;21790720;1200013312;0;0;0;0;0;0;0;0;0;0;0;3386;0;0;95;0;200;0;
14611;8296769;1059401728;21790720;1200013312;0;0;0;0;0;0;0;0;0;0;0;2505;0;0;95;0;200;0;
14612;4303040;1059401728;21790720;1200013312;0;0;0;0;0;0;0;0;0;0;0;4478;0;0;95;0;200;0;
14613;7691184;1059401728;21790720;1200013312;0;0;0;0;0;0;0;0;0;0;0;4078;0;0;95;0;200;0;
14614;4096082;1059401728;21790720;1200013312;0;0;0;0;0;0;0;0;0;0;0;3146;0;0;95;0;200;0;
14615;6735432;1059401728;21790720;1200013312;0;0;0;0;0;0;0;0;0;0;0;1553;0;0;95;0;200;0;
14616;4710084;1059401728;21790720;1200013312;0;0;0;0;0;0;0;0;0;0;0;3557;0;0;95;0;200;0;
14617;6274998;1059401728;21790720;1200013312;0;0;0;0;0;0;0;0;0;0;0;2555;0;0;95;0;200;0;
14618;5553064;1059401728;21790720;1200013312;0;0;0;0;0;0;0;0;0;0;0;4318;0;0;95;0;200;0;
14619;7478165;1059401728;21790720;1200013312;0;0;0;0;0;0;0;0;0;0;0;2565;0;0;95;0;200;0;
14620;5061111;1059401728;21790720;1200013312;0;0;0;0;0;0;0;0;0;0;0;2665;0;0;95;0;200;0;
14621;6822054;1059401728;21790720;1200013312;0;0;0;0;0;0;0;0;0;0;0;1483;0;0;95;0;200;0;
14622;5177029;1059401728;21790720;1200013312;0;0;0;0;0;0;0;0;0;0;0;2865;0;0;95;0;200;0;
14623;6641635;1059401728;21790720;1200013312;0;0;0;0;0;0;0;0;0;0;0;2796;0;0;95;0;200;0;
14624;5446495;1059401728;21790720;1200013312;0;0;0;0;0;0;0;0;0;0;0;4028;0;0;95;0;200;0;
14625;6714012;1059401728;21790720;1200013312;0;0;0;0;0;0;0;0;0;0;0;3075;0;0;95;0;200;0;
14626;6144934;1059401728;21790720;1200013312;0;0;0;0;0;0;0;0;0;0;0;2796;0;0;95;0;200;0;
14627;8952390;1059401728;21790720;1200013312;0;0;0;0;0;0;0;0;0;0;0;3366;0;0;95;0;200;0;
14628;3839982;1059401728;21790720;1200013312;0;0;0;0;0;0;0;0;0;0;0;6903;0;0;95;0;200;0;
14629;8230796;1059401728;21790720;1200013312;0;0;0;0;0;0;0;0;0;0;0;3777;0;0;95;0;200;0;
14630;4942910;1059401728;21790720;1200013312;0;0;0;0;0;0;0;0;0;0;0;3517;0;0;95;0;200;0;
14631;7264383;1059401728;21790720;1200013312;0;0;0;0;0;0;0;0;0;0;0;3697;0;0;95;0;200;0;
14632;3946200;1059401728;21790720;1200013312;0;0;0;0;0;0;0;0;0;0;0;3877;0;0;95;0;200;0;
14633;7323515;1059401728;21790720;1200013312;0;0;0;0;0;0;0;0;0;0;0;2986;0;0;95;0;200;0;
14634;5683418;1059401728;21790720;1200013312;0;0;0;0;0;0;0;0;0;0;0;4399;0;0;95;0;200;0;
14635;7485568;1059401728;21790720;1200013312;0;0;0;0;0;0;0;0;0;0;0;4338;0;0;95;0;200;0;
14636;4700034;1059401728;21790720;1200013312;0;0;0;0;0;0;0;0;0;0;0;36919;0;0;95;0;200;0;
14637;8635024;1059401728;21790720;1200013312;0;0;0;0;0;0;0;0;0;0;0;3145;0;0;95;0;200;0;
14638;4176843;1059401728;21790720;1200013312;0;0;0;0;0;0;0;0;0;0;0;3176;0;0;95;0;200;0;
14639;7882202;1059401728;21790720;1200013312;0;0;0;0;0;0;0;0;0;0;0;4318;0;0;95;0;200;0;
14640;4836510;1059401728;21790720;1200013312;0;0;0;0;0;0;0;0;0;0;0;3035;0;0;95;0;200;0;
14641;7498473;1059401728;21790720;1200013312;0;0;0;0;0;0;0;0;0;0;0;3737;0;0;95;0;200;0;
14642;5362026;1059401728;21790720;1200013312;0;0;0;0;0;0;0;0;0;0;0;4419;0;0;95;0;200;0;
14643;8715294;1059401728;21790720;1200013312;0;0;0;0;0;0;0;0;0;0;0;3346;0;0;95;0;200;0;
14644;5376643;1059401728;21790720;1200013312;0;0;0;0;0;0;0;0;0;0;0;3587;0;0;95;0;200;0;
14645;7246400;1059401728;21790720;1200013312;0;0;0;0;0;0;0;0;0;0;0;2765;0;0;95;0;200;0;
14646;4734750;1059401728;21790720;1200013312;0;0;0;0;0;0;0;0;0;0;0;3577;0;0;95;0;200;0;
14647;6584408;1059401728;21790720;1200013312;0;0;0;0;0;0;0;0;0;0;0;3517;0;0;95;0;200;0;
14648;5778277;1059401728;21790720;1200013312;0;0;0;0;0;0;0;0;0;0;0;3717;0;0;95;0;200;0;
14649;6915238;1059401728;21790720;1200013312;0;0;0;0;0;0;0;0;0;0;0;3156;0;0;95;0;200;0;
14650;5713976;1059401728;21790720;1200013312;0;0;0;0;0;0;0;0;0;0;0;3256;0;0;95;0;200;0;
14651;7904955;1059401728;21790720;1200013312;0;0;0;0;0;0;0;0;0;0;0;4117;0;0;95;0;200;0;
14652;5326980;1059401728;21790720;1200013312;0;0;0;0;0;0;0;0;0;0;0;3937;0;0;95;0;200;0;
14653;8334471;1059401728;21790720;1200013312;0;0;0;0;0;0;0;0;0;0;0;3216;0;0;95;0;200;0;
14654;4179287;1059401728;21790720;1200013312;0;0;0;0;0;0;0;0;0;0;0;4147;0;0;95;0;200;0;
14655;6949503;1059401728;21790720;1200013312;0;0;0;0;0;0;0;0;0;0;0;3046;0;0;95;0;200;0;
14656;5398014;1059401728;21790720;1200013312;0;0;0;0;0;0;0;0;0;0;0;3878;0;0;95;0;200;0;
14657;6468160;1059401728;21790720;1200013312;0;0;0;0;0;0;0;0;0;0;0;2495;0;0;95;0;200;0;
14658;5968924;1059401728;21790720;1200013312;0;0;0;0;0;0;0;0;0;0;0;2906;0;0;95;0;200;0;
14659;5648553;1059401728;21790720;1200013312;0;0;0;0;0;0;0;0;0;0;0;3847;0;0;95;0;200;0;
14660;5023701;1059401728;21790720;1200013312;0;0;0;0;0;0;0;0;0;0;0;2785;0;0;95;0;200;0;
14661;6779545;1059401728;21790720;1200013312;0;0;0;0;0;0;0;0;0;0;0;3406;0;0;95;0;200;0;
14662;4162406;1059401728;21790720;1200013312;0;0;0;0;0;0;0;0;0;0;0;3667;0;0;95;0;200;0;
14663;4369204;1059401728;21790720;1200013312;0;0;0;0;0;0;0;0;0;0;0;1824;0;0;95;0;200;0;
14664;4088888;1059401728;21790720;1200013312;0;0;0;0;0;0;0;0;0;0;0;2985;0;0;95;0;200;0;
14665;5989472;1059401728;21790720;1200013312;0;0;0;0;0;0;0;0;0;0;0;2324;0;0;95;0;200;0;
14666;3918669;1059401728;21790720;1200013312;0;0;0;0;0;0;0;0;0;0;0;3968;0;0;95;0;200;0;
14667;6877979;1059401728;21790720;1200013312;0;0;0;0;0;0;0;0;0;0;0;3537;0;0;95;0;200;0;
14668;4299413;1059401728;21790720;1200013312;0;0;0;0;0;0;0;0;0;0;0;2976;0;0;95;0;200;0;
14669;7001010;1059401728;21790720;1200013312;0;0;0;0;0;0;0;0;0;0;0;3696;0;0;95;0;200;0;
14670;4361148;1059401728;21790720;1200013312;0;0;0;0;0;0;0;0;0;0;0;3797;0;0;95;0;200;0;
14671;7233275;1059401728;21790720;1200013312;0;0;0;0;0;0;0;0;0;0;0;2274;0;0;95;0;200;0;
14672;3952052;1059401728;21790720;1200013312;0;0;0;0;0;0;0;0;0;0;0;3417;0;0;95;0;200;0;
14673;5764391;1059401728;21790720;1200013312;0;0;0;0;0;0;0;0;0;0;0;2024;0;0;95;0;200;0;
14674;6200048;1059401728;21790720;1200013312;0;0;0;0;0;0;0;0;0;0;0;3877;0;0;95;0;200;0;
14675;7408294;1059401728;21790720;1200013312;0;0;0;0;0;0;0;0;0;0;0;3437;0;0;95;0;200;0;
14676;4480031;1059401728;21790720;1200013312;0;0;0;0;0;0;0;0;0;0;0;2574;0;0;95;0;200;0;
14677;6759486;1059401728;21790720;1200013312;0;0;0;0;0;0;0;0;0;0;0;2675;0;0;95;0;200;0;
14678;4742775;1059401728;21790720;1200013312;0;0;0;0;0;0;0;0;0;0;0;3677;0;0;95;0;200;0;
14679;5191446;1059401728;21790720;1200013312;0;0;0;0;0;0;0;0;0;0;0;2104;0;0;95;0;200;0;
14680;6658197;1059401728;21790720;1200013312;0;0;0;0;0;0;0;0;0;0;0;4248;0;0;95;0;200;0;
14681;6532261;1059401728;21790720;1200013312;0;0;0;0;0;0;0;0;0;0;0;3145;0;0;95;0;200;0;
14682;5325538;1059401728;21790720;1200013312;0;0;0;0;0;0;0;0;0;0;0;2925;0;0;95;0;200;0;
14683;6665791;1059401728;21790720;1200013312;0;0;0;0;0;0;0;0;0;0;0;2795;0;0;95;0;200;0;
14684;3868555;1059401728;21790720;1200013312;0;0;0;0;0;0;0;0;0;0;0;3526;0;0;95;0;200;0;
14685;6704564;1059401728;21790720;1200013312;0;0;0;0;0;0;0;0;0;0;0;2915;0;0;95;0;200;0;
14686;4152367;1059401728;21790720;1200013312;0;0;0;0;0;0;0;0;0;0;0;3597;0;0;95;0;200;0;
14687;6737145;1059401728;21790720;1200013312;0;0;0;0;0;0;0;0;0;0;0;3867;0;0;95;0;200;0;
14688;3987509;1059401728;21790720;1200013312;0;0;0;0;0;0;0;0;0;0;0;3176;0;0;95;0;200;0;
14689;5428690;1059401728;21790720;1200013312;0;0;0;0;0;0;0;0;0;0;0;2385;0;0;95;0;200;0;
14690;6342965;1059401728;21790720;1200013312;0;0;0;0;0;0;0;0;0;0;0;3617;0;0;95;0;200;0;
14691;6183376;1059401728;21790720;1200013312;0;0;0;0;0;0;0;0;0;0;0;2034;0;0;95;0;200;0;
14692;6271581;1059401728;21790720;1200013312;0;0;0;0;0;0;0;0;0;0;0;3286;0;0;95;0;200;0;
14693;6304263;1059401728;21790720;1200013312;0;0;0;0;0;0;0;0;0;0;0;3427;0;0;95;0;200;0;
14694;3011308;1059401728;21790720;1200013312;0;0;0;0;0;0;0;0;0;0;0;2655;0;0;95;0;200;0;
14695;8052461;1059401728;21790720;1200013312;0;0;0;0;0;0;0;0;0;0;0;2805;0;0;95;0;200;0;
14696;3893020;1059401728;21790720;1200013312;0;0;0;0;0;0;0;0;0;0;0;4118;0;0;95;0;200;0;
14697;5282085;1059401728;21790720;1200013312;0;0;0;0;0;0;0;0;0;0;0;1623;0;0;95;0;200;0;
14698;6520288;1059401728;21790720;1200013312;0;0;0;0;0;0;0;0;0;0;0;3377;0;0;95;0;200;0;
14699;5634156;1059401728;21790720;1200013312;0;0;0;0;0;0;0;0;0;0;0;2584;0;0;95;0;200;0;
14700;6544123;1059401728;21790720;1200013312;0;0;0;0;0;0;0;0;0;0;0;4910;0;0;95;0;200;0;
14701;7066212;1059401728;21790720;1200013312;0;0;0;0;0;0;0;0;0;0;0;2675;0;0;95;0;200;0;
14702;3654423;1059401728;21790720;1200013312;0;0;0;0;0;0;0;0;0;0;0;3437;0;0;95;0;200;0;
14703;6690868;1059401728;21790720;1200013312;0;0;0;0;0;0;0;0;0;0;0;2485;0;0;95;0;200;0;
14704;5566709;1059401728;21790720;1200013312;0;0;0;0;0;0;0;0;0;0;0;4478;0;0;95;0;200;0;
14705;5793805;1059401728;21790720;1200013312;0;0;0;0;0;0;0;0;0;0;0;3567;0;0;95;0;200;0;
14706;12360541;1059401728;21790720;1200013312;0;0;0;0;0;0;0;0;0;0;0;2865;0;0;95;0;200;0;
14707;6480173;1059401728;21790720;1200013312;0;0;0;0;0;0;0;0;0;0;0;2044;0;0;95;0;200;0;
14708;5138146;1059401728;21790720;1200013312;0;0;0;0;0;0;0;0;0;0;0;3757;0;0;95;0;200;0;
14709;7449550;1059401728;21790720;1200013312;0;0;0;0;0;0;0;0;0;0;0;3376;0;0;95;0;200;0;
14710;4796024;1059401728;21790720;1200013312;0;0;0;0;0;0;0;0;0;0;0;3096;0;0;95;0;200;0;
14711;7514723;1059401728;21790720;1200013312;0;0;0;0;0;0;0;0;0;0;0;2034;0;0;95;0;200;0;
14712;5073074;1059401728;21790720;1200013312;0;0;0;0;0;0;0;0;0;0;0;2665;0;0;95;0;200;0;
14713;7632003;1059401728;21790720;1200013312;0;0;0;0;0;0;0;0;0;0;0;2595;0;0;95;0;200;0;
14714;6015582;1059401728;21790720;1200013312;0;0;0;0;0;0;0;0;0;0;0;3266;0;0;95;0;200;0;
14715;6745691;1059401728;21790720;1200013312;0;0;0;0;0;0;0;0;0;0;0;2475;0;0;95;0;200;0;
14716;5326499;1059401728;21790720;1200013312;0;0;0;0;0;0;0;0;0;0;0;3206;0;0;95;0;200;0;
14717;6616378;1059401728;21790720;1200013312;0;0;0;0;0;0;0;0;0;0;0;2835;0;0;95;0;200;0;
14718;4967896;1059401728;21790720;1200013312;0;0;0;0;0;0;0;0;0;0;0;4478;0;0;95;0;200;0;
14719;8095162;1059401728;21790720;1200013312;0;0;0;0;0;0;0;0;0;0;0;3326;0;0;95;0;200;0;
14720;4883158;1059401728;21790720;1200013312;0;0;0;0;0;0;0;0;0;0;0;3436;0;0;95;0;200;0;
14721;9368790;1059401728;21790720;1200013312;0;0;0;0;0;0;0;0;0;0;0;3596;0;0;95;0;200;0;
14722;3863305;1059401728;21790720;1200013312;0;0;0;0;0;0;0;0;0;0;0;3727;0;0;95;0;200;0;
14723;7004957;1059401728;21790720;1200013312;0;0;0;0;0;0;0;0;0;0;0;1833;0;0;95;0;200;0;
14724;3508269;1059401728;21790720;1200013312;0;0;0;0;0;0;0;0;0;0;0;4048;0;0;95;0;200;0;
14725;7503853;1059401728;21790720;1200013312;0;0;0;0;0;0;0;0;0;0;0;2936;0;0;95;0;200;0;
14726;4638800;1059401728;21790720;1200013312;0;0;0;0;0;0;0;0;0;0;0;3357;0;0;95;0;200;0;
14727;7011258;1059401728;21790720;1200013312;0;0;0;0;0;0;0;0;0;0;0;2524;0;0;95;0;200;0;
14728;6098246;1059401728;21790720;1200013312;0;0;0;0;0;0;0;0;0;0;0;3046;0;0;95;0;200;0;
14729;7312484;1059401728;21790720;1200013312;0;0;0;0;0;0;0;0;0;0;0;2705;0;0;95;0;200;0;
14730;6961095;1059401728;21790720;1200013312;0;0;0;0;0;0;0;0;0;0;0;2975;0;0;95;0;200;0;
14731;6145305;1059401728;21790720;1200013312;0;0;0;0;0;0;0;0;0;0;0;2334;0;0;95;0;200;0;
14732;5497390;1059401728;21790720;1200013312;0;0;0;0;0;0;0;0;0;0;0;2906;0;0;95;0;200;0;
14733;6396456;1059401728;21790720;1200013312;0;0;0;0;0;0;0;0;0;0;0;2264;0;0;95;0;200;0;
14734;5535762;1059401728;21790720;1200013312;0;0;0;0;0;0;0;0;0;0;0;2905;0;0;95;0;200;0;
14735;5692596;1059401728;21790720;1200013312;0;0;0;0;0;0;0;0;0;0;0;2695;0;0;95;0;200;0;
14736;6540085;1059401728;21790720;1200013312;0;0;0;0;0;0;0;0;0;0;0;4157;0;0;95;0;200;0;
14737;6451089;1059401728;21790720;1200013312;0;0;0;0;0;0;0;0;0;0;0;3306;0;0;95;0;200;0;
14738;4824668;1059401728;21790720;1200013312;0;0;0;0;0;0;0;0;0;0;0;3226;0;0;95;0;200;0;
14739;6164271;1059401728;21790720;1200013312;0;0;0;0;0;0;0;0;0;0;0;3316;0;0;95;0;200;0;
14740;3430494;1059401728;21790720;1200013312;0;0;0;0;0;0;0;0;0;0;0;3146;0;0;95;0;200;0;
14741;7861644;1059401728;21790720;1200013312;0;0;0;0;0;0;0;0;0;0;0;4147;0;0;95;0;200;0;
14742;4074872;1059401728;21790720;1200013312;0;0;0;0;0;0;0;0;0;0;0;2755;0;0;95;0;200;0;
14743;6497004;1059401728;21790720;1200013312;0;0;0;0;0;0;0;0;0;0;0;2034;0;0;95;0;200;0;
14744;5926394;1059401728;21790720;1200013312;0;0;0;0;0;0;0;0;0;0;0;2785;0;0;95;0;200;0;
14745;5983561;1059401728;21790720;1200013312;0;0;0;0;0;0;0;0;0;0;0;2344;0;0;95;0;200;0;
14746;6974099;1059401728;21790720;1200013312;0;0;0;0;0;0;0;0;0;0;0;2865;0;0;95;0;200;0;
14747;5939088;1059401728;21790720;1200013312;0;0;0;0;0;0;0;0;0;0;0;2505;0;0;95;0;200;0;
14748;6330812;1059401728;21790720;1200013312;0;0;0;0;0;0;0;0;0;0;0;4067;0;0;95;0;200;0;
14749;5855882;1059401728;21790720;1200013312;0;0;0;0;0;0;0;0;0;0;0;3146;0;0;95;0;200;0;
14750;3791581;1059401728;21790720;1200013312;0;0;0;0;0;0;0;0;0;0;0;3256;0;0;95;0;200;0;
14751;6366469;1059401728;21790720;1200013312;0;0;0;0;0;0;0;0;0;0;0;2555;0;0;95;0;200;0;
14752;4499007;1059401728;21790720;1200013312;0;0;0;0;0;0;0;0;0;0;0;3586;0;0;95;0;200;0;
14753;6781007;1059401728;21790720;1200013312;0;0;0;0;0;0;0;0;0;0;0;3667;0;0;95;0;200;0;
14754;4977916;1059401728;21790720;1200013312;0;0;0;0;0;0;0;0;0;0;0;3267;0;0;95;0;200;0;
14755;6291208;1059401728;21790720;1200013312;0;0;0;0;0;0;0;0;0;0;0;2655;0;0;95;0;200;0;
14756;4467919;1059401728;21790720;1200013312;0;0;0;0;0;0;0;0;0;0;0;2986;0;0;95;0;200;0;
14757;5049580;1059401728;21790720;1200013312;0;0;0;0;0;0;0;0;0;0;0;2033;0;0;95;0;200;0;
14758;4012274;1059401728;21790720;1200013312;0;0;0;0;0;0;0;0;0;0;0;3387;0;0;95;0;200;0;
14759;6228581;1059401728;21790720;1200013312;0;0;0;0;0;0;0;0;0;0;0;3206;0;0;95;0;200;0;
14760;4911140;1059401728;21790720;1200013312;0;0;0;0;0;0;0;0;0;0;0;3627;0;0;95;0;200;0;
14761;5659564;1059401728;21790720;1200013312;0;0;0;0;0;0;0;0;0;0;0;1693;0;0;95;0;200;0;
14762;4147127;1059401728;21790720;1200013312;0;0;0;0;0;0;0;0;0;0;0;2705;0;0;95;0;200;0;
14763;6134534;1059401728;21790720;1200013312;0;0;0;0;0;0;0;0;0;0;0;1723;0;0;95;0;200;0;
14764;4053101;1059401728;21790720;1200013312;0;0;0;0;0;0;0;0;0;0;0;4088;0;0;95;0;200;0;
14765;5742429;1059401728;21790720;1200013312;0;0;0;0;0;0;0;0;0;0;0;2174;0;0;95;0;200;0;
14766;3671886;1059401728;21790720;1200013312;0;0;0;0;0;0;0;0;0;0;0;2925;0;0;95;0;200;0;
14767;5472242;1059401728;21790720;1200013312;0;0;0;0;0;0;0;0;0;0;0;1473;0;0;95;0;200;0;
14768;4981352;1059401728;21790720;1200013312;0;0;0;0;0;0;0;0;0;0;0;3186;0;0;95;0;200;0;
14769;7595895;1059401728;21790720;1200013312;0;0;0;0;0;0;0;0;0;0;0;3216;0;0;95;0;200;0;
14770;6362812;1059401728;21790720;1200013312;0;0;0;0;0;0;0;0;0;0;0;4399;0;0;95;0;200;0;
14771;9876633;1059401728;21790720;1200013312;0;0;0;0;0;0;0;0;0;0;0;4398;0;0;95;0;200;0;
14772;5441816;1059401728;21790720;1200013312;0;0;0;0;0;0;0;0;0;0;0;3998;0;0;95;0;200;0;
14773;9149830;1059401728;21790720;1200013312;0;0;0;0;0;0;0;0;0;0;0;2775;0;0;95;0;200;0;
14774;6561506;1059401728;21790720;1200013312;0;0;0;0;0;0;0;0;0;0;0;4067;0;0;95;0;200;0;
14775;7428802;1059401728;21790720;1200013312;0;0;0;0;0;0;0;0;0;0;0;2584;0;0;95;0;200;0;
14776;7599182;1059401728;21790720;1200013312;0;0;0;0;0;0;0;0;0;0;0;3566;0;0;95;0;200;0;
14777;7355465;1059401728;21790720;1200013312;0;0;0;0;0;0;0;0;0;0;0;3296;0;0;95;0;200;0;
14778;7654855;1059401728;21790720;1200013312;0;0;0;0;0;0;0;0;0;0;0;3337;0;0;95;0;200;0;
14779;6776639;1059401728;21790720;1200013312;0;0;0;0;0;0;0;0;0;0;0;2895;0;0;95;0;200;0;
14780;6559111;1059401728;21790720;1200013312;0;0;0;0;0;0;0;0;0;0;0;5180;0;0;95;0;200;0;
14781;9157634;1059401728;21790720;1200013312;0;0;0;0;0;0;0;0;0;0;0;4418;0;0;95;0;200;0;
14782;8433837;1059401728;21790720;1200013312;0;0;0;0;0;0;0;0;0;0;0;3967;0;0;95;0;200;0;
14783;8853704;1059401728;21790720;1200013312;0;0;0;0;0;0;0;0;0;0;0;4739;0;0;95;0;200;0;
14784;5974996;1059401728;21790720;1200013312;0;0;0;0;0;0;0;0;0;0;0;4008;0;0;95;0;200;0;
14785;6899920;1059401728;21790720;1200013312;0;0;0;0;0;0;0;0;0;0;0;3576;0;0;95;0;200;0;
14786;5620220;1059401728;21790720;1200013312;0;0;0;0;0;0;0;0;0;0;0;3667;0;0;95;0;200;0;
14787;7827389;1059401728;21790720;1200013312;0;0;0;0;0;0;0;0;0;0;0;3136;0;0;95;0;200;0;
14788;6352353;1059401728;21790720;1200013312;0;0;0;0;0;0;0;0;0;0;0;5080;0;0;95;0;200;0;
14789;9802533;1059401728;21790720;1200013312;0;0;0;0;0;0;0;0;0;0;0;3025;0;0;95;0;200;0;
14790;7177711;1059401728;21790720;1200013312;0;0;0;0;0;0;0;0;0;0;0;4408;0;0;95;0;200;0;
14791;9127287;1059401728;21790720;1200013312;0;0;0;0;0;0;0;0;0;0;0;4438;0;0;95;0;200;0;
14792;5048668;1059401728;21790720;1200013312;0;0;0;0;0;0;0;0;0;0;0;4158;0;0;95;0;200;0;
14793;8144343;1059401728;21790720;1200013312;0;0;0;0;0;0;0;0;0;0;0;2906;0;0;95;0;200;0;
14794;4748155;1059401728;21790720;1200013312;0;0;0;0;0;0;0;0;0;0;0;3868;0;0;95;0;200;0;
14795;6834687;1059401728;21790720;1200013312;0;0;0;0;0;0;0;0;0;0;0;4258;0;0;95;0;200;0;
14796;4859093;1059401728;21790720;1200013312;0;0;0;0;0;0;0;0;0;0;0;3226;0;0;95;0;200;0;
14797;5020525;1059401728;21790720;1200013312;0;0;0;0;0;0;0;0;0;0;0;2244;0;0;95;0;200;0;
14798;5752548;1059401728;21790720;1200013312;0;0;0;0;0;0;0;0;0;0;0;3606;0;0;95;0;200;0;
14799;6868982;1059401728;21790720;1200013312;0;0;0;0;0;0;0;0;0;0;0;3286;0;0;95;0;200;0;
14800;5410176;1059401728;21790720;1200013312;0;0;0;0;0;0;0;0;0;0;0;3617;0;0;95;0;200;0;
14801;8732667;1059401728;21790720;1200013312;0;0;0;0;0;0;0;0;0;0;0;2695;0;0;95;0;200;0;
14802;4758995;1059401728;21790720;1200013312;0;0;0;0;0;0;0;0;0;0;0;3627;0;0;95;0;200;0;
14803;8101904;1059401728;21790720;1200013312;0;0;0;0;0;0;0;0;0;0;0;4428;0;0;95;0;200;0;
14804;5779468;1059401728;21790720;1200013312;0;0;0;0;0;0;0;0;0;0;0;130265;0;0;95;0;200;0;
14805;7946152;1059401728;21790720;1200013312;0;0;0;0;0;0;0;0;0;0;0;4749;0;0;95;0;200;0;
14806;5339163;1059401728;21790720;1200013312;0;0;0;0;0;0;0;0;0;0;0;5651;0;0;95;0;200;0;
14807;6170723;1059401728;21790720;1200013312;0;0;0;0;0;0;0;0;0;0;0;3146;0;0;95;0;200;0;
14808;4472809;1059401728;21790720;1200013312;0;0;0;0;0;0;0;0;0;0;0;3436;0;0;95;0;200;0;
14809;7074757;1059401728;21790720;1200013312;0;0;0;0;0;0;0;0;0;0;0;4498;0;0;95;0;200;0;
14810;4656893;1059401728;21790720;1200013312;0;0;0;0;0;0;0;0;0;0;0;3567;0;0;95;0;200;0;
14811;8170523;1059401728;21790720;1200013312;0;0;0;0;0;0;0;0;0;0;0;2434;0;0;95;0;200;0;
14812;4802246;1059401728;21790720;1200013312;0;0;0;0;0;0;0;0;0;0;0;2514;0;0;95;0;200;0;
14813;6398570;1059401728;21790720;1200013312;0;0;0;0;0;0;0;0;0;0;0;3446;0;0;95;0;200;0;
14814;4466025;1059401728;21790720;1200013312;0;0;0;0;0;0;0;0;0;0;0;3416;0;0;95;0;200;0;
14815;7580085;1059401728;21790720;1200013312;0;0;0;0;0;0;0;0;0;0;0;3787;0;0;95;0;200;0;
14816;4664908;1059401728;21790720;1200013312;0;0;0;0;0;0;0;0;0;0;0;2705;0;0;95;0;200;0;
14817;6469934;1059401728;21790720;1200013312;0;0;0;0;0;0;0;0;0;0;0;2595;0;0;95;0;200;0;
14818;6830680;1059401728;21790720;1200013312;0;0;0;0;0;0;0;0;0;0;0;2855;0;0;95;0;200;0;
14819;4998624;1059401728;21790720;1200013312;0;0;0;0;0;0;0;0;0;0;0;2114;0;0;95;0;200;0;
14820;5439210;1059401728;21790720;1200013312;0;0;0;0;0;0;0;0;0;0;0;4398;0;0;95;0;200;0;
14821;7105676;1059401728;21790720;1200013312;0;0;0;0;0;0;0;0;0;0;0;3386;0;0;95;0;200;0;
14822;6576564;1059401728;21790720;1200013312;0;0;0;0;0;0;0;0;0;0;0;4529;0;0;95;0;200;0;
14823;5873906;1059401728;21790720;1200013312;0;0;0;0;0;0;0;0;0;0;0;2575;0;0;95;0;200;0;
14824;5625620;1059401728;21790720;1200013312;0;0;0;0;0;0;0;0;0;0;0;4569;0;0;95;0;200;0;
14825;8818338;1059401728;21790720;1200013312;0;0;0;0;0;0;0;0;0;0;0;2594;0;0;95;0;200;0;
14826;5853317;1059401728;21790720;1200013312;0;0;0;0;0;0;0;0;0;0;0;3045;0;0;95;0;200;0;
14827;6536348;1059401728;21790720;1200013312;0;0;0;0;0;0;0;0;0;0;0;3025;0;0;95;0;200;0;
14828;6120668;1059401728;21790720;1200013312;0;0;0;0;0;0;0;0;0;0;0;3416;0;0;95;0;200;0;
14829;7757268;1059401728;21790720;1200013312;0;0;0;0;0;0;0;0;0;0;0;3016;0;0;95;0;200;0;
14830;4266271;1059401728;21790720;1200013312;0;0;0;0;0;0;0;0;0;0;0;3256;0;0;95;0;200;0;
14831;9323105;1059401728;21790720;1200013312;0;0;0;0;0;0;0;0;0;0;0;3637;0;0;95;0;200;0;
14832;4246524;1059401728;21790720;1200013312;0;0;0;0;0;0;0;0;0;0;0;3977;0;0;95;0;200;0;
14833;7625029;1059401728;21790720;1200013312;0;0;0;0;0;0;0;0;0;0;0;3727;0;0;95;0;200;0;
14834;3806859;1059401728;21790720;1200013312;0;0;0;0;0;0;0;0;0;0;0;3447;0;0;95;0;200;0;
14835;6859544;1059401728;21790720;1200013312;0;0;0;0;0;0;0;0;0;0;0;3206;0;0;95;0;200;0;
14836;4517192;1059401728;21790720;1200013312;0;0;0;0;0;0;0;0;0;0;0;3116;0;0;95;0;200;0;
14837;5299259;1059401728;21790720;1200013312;0;0;0;0;0;0;0;0;0;0;0;2174;0;0;95;0;200;0;
14838;6764756;1059401728;21790720;1200013312;0;0;0;0;0;0;0;0;0;0;0;2575;0;0;95;0;200;0;
14839;5019554;1059401728;21790720;1200013312;0;0;0;0;0;0;0;0;0;0;0;2315;0;0;95;0;200;0;
14840;7608910;1059401728;21790720;1200013312;0;0;0;0;0;0;0;0;0;0;0;3847;0;0;95;0;200;0;
14841;6496924;1059401728;21790720;1200013312;0;0;0;0;0;0;0;0;0;0;0;3046;0;0;95;0;200;0;
14842;6542851;1059401728;21790720;1200013312;0;0;0;0;0;0;0;0;0;0;0;2785;0;0;95;0;200;0;
14843;7459208;1059401728;21790720;1200013312;0;0;0;0;0;0;0;0;0;0;0;3407;0;0;95;0;200;0;
14844;6439025;1059401728;21790720;1200013312;0;0;0;0;0;0;0;0;0;0;0;4679;0;0;95;0;200;0;
14845;7010778;1059401728;21790720;1200013312;0;0;0;0;0;0;0;0;0;0;0;3687;0;0;95;0;200;0;
14846;4522632;1059401728;21790720;1200013312;0;0;0;0;0;0;0;0;0;0;0;3496;0;0;95;0;200;0;
14847;9425948;1059401728;21790720;1200013312;0;0;0;0;0;0;0;0;0;0;0;3036;0;0;95;0;200;0;
14848;4162617;1059401728;21790720;1200013312;0;0;0;0;0;0;0;0;0;0;0;4218;0;0;95;0;200;0;
14849;8340110;1059401728;21790720;1200013312;0;0;0;0;0;0;0;0;0;0;0;4379;0;0;95;0;200;0;
14850;3285281;1059401728;21790720;1200013312;0;0;0;0;0;0;0;0;0;0;0;4068;0;0;95;0;200;0;
14851;8857461;1059401728;21790720;1200013312;0;0;0;0;0;0;0;0;0;0;0;3236;0;0;95;0;200;0;
14852;3299898;1059401728;21790720;1200013312;0;0;0;0;0;0;0;0;0;0;0;3917;0;0;95;0;200;0;
14853;6357843;1059401728;21790720;1200013312;0;0;0;0;0;0;0;0;0;0;0;3206;0;0;95;0;200;0;
14854;4651924;1059401728;21790720;1200013312;0;0;0;0;0;0;0;0;0;0;0;3807;0;0;95;0;200;0;
14855;5417570;1059401728;21790720;1200013312;0;0;0;0;0;0;0;0;0;0;0;2064;0;0;95;0;200;0;
14856;6036260;1059401728;21790720;1200013312;0;0;0;0;0;0;0;0;0;0;0;3266;0;0;95;0;200;0;
14857;5627684;1059401728;21790720;1200013312;0;0;0;0;0;0;0;0;0;0;0;3948;0;0;95;0;200;0;
14858;4929916;1059401728;21790720;1200013312;0;0;0;0;0;0;0;0;0;0;0;3436;0;0;95;0;200;0;
14859;6434176;1059401728;21790720;1200013312;0;0;0;0;0;0;0;0;0;0;0;2946;0;0;95;0;200;0;
14860;4136547;1059401728;21790720;1200013312;0;0;0;0;0;0;0;0;0;0;0;3587;0;0;95;0;200;0;
14861;6118655;1059401728;21790720;1200013312;0;0;0;0;0;0;0;0;0;0;0;3436;0;0;95;0;200;0;
14862;3929409;1059401728;21790720;1200013312;0;0;0;0;0;0;0;0;0;0;0;2965;0;0;95;0;200;0;
14863;4921380;1059401728;21790720;1200013312;0;0;0;0;0;0;0;0;0;0;0;1713;0;0;95;0;200;0;
14864;6612682;1059401728;21790720;1200013312;0;0;0;0;0;0;0;0;0;0;0;3597;0;0;95;0;200;0;
14865;5371294;1059401728;21790720;1200013312;0;0;0;0;0;0;0;0;0;0;0;2565;0;0;95;0;200;0;
14866;6913015;1059401728;21790720;1200013312;0;0;0;0;0;0;0;0;0;0;0;3256;0;0;95;0;200;0;
14867;7767016;1059401728;21790720;1200013312;0;0;0;0;0;0;0;0;0;0;0;2404;0;0;95;0;200;0;
14868;3916766;1059401728;21790720;1200013312;0;0;0;0;0;0;0;0;0;0;0;3466;0;0;95;0;200;0;
14869;6107434;1059401728;21790720;1200013312;0;0;0;0;0;0;0;0;0;0;0;3276;0;0;95;0;200;0;
14870;5782454;1059401728;21790720;1200013312;0;0;0;0;0;0;0;0;0;0;0;3357;0;0;95;0;200;0;
14871;5811309;1059401728;21790720;1200013312;0;0;0;0;0;0;0;0;0;0;0;2334;0;0;95;0;200;0;
14872;6617780;1059401728;21790720;1200013312;0;0;0;0;0;0;0;0;0;0;0;3627;0;0;95;0;200;0;
14873;5695732;1059401728;21790720;1200013312;0;0;0;0;0;0;0;0;0;0;0;2425;0;0;95;0;200;0;
14874;5613367;1059401728;21790720;1200013312;0;0;0;0;0;0;0;0;0;0;0;4448;0;0;95;0;200;0;
14875;7399106;1059401728;21790720;1200013312;0;0;0;0;0;0;0;0;0;0;0;2966;0;0;95;0;200;0;
14876;6498367;1059401728;21790720;1200013312;0;0;0;0;0;0;0;0;0;0;0;2976;0;0;95;0;200;0;
14877;8215126;1059401728;21790720;1200013312;0;0;0;0;0;0;0;0;0;0;0;3416;0;0;95;0;200;0;
14878;8223022;1059401728;21790720;1200013312;0;0;0;0;0;0;0;0;0;0;0;3957;0;0;95;0;200;0;
14879;9924802;1059401728;21790720;1200013312;0;0;0;0;0;0;0;0;0;0;0;2815;0;0;95;0;200;0;
14880;6723549;1059401728;21790720;1200013312;0;0;0;0;0;0;0;0;0;0;0;3176;0;0;95;0;200;0;
14881;6693183;1059401728;21790720;1200013312;0;0;0;0;0;0;0;0;0;0;0;3676;0;0;95;0;200;0;
14882;5672849;1059401728;21790720;1200013312;0;0;0;0;0;0;0;0;0;0;0;4779;0;0;95;0;200;0;
14883;7302364;1059401728;21790720;1200013312;0;0;0;0;0;0;0;0;0;0;0;3958;0;0;95;0;200;0;
14884;4564591;1059401728;21790720;1200013312;0;0;0;0;0;0;0;0;0;0;0;4388;0;0;95;0;200;0;
14885;6906833;1059401728;21790720;1200013312;0;0;0;0;0;0;0;0;0;0;0;4308;0;0;95;0;200;0;
14886;7921295;1059401728;21790720;1200013312;0;0;0;0;0;0;0;0;0;0;0;3476;0;0;95;0;200;0;
14887;6998806;1059401728;21790720;1200013312;0;0;0;0;0;0;0;0;0;0;0;3617;0;0;95;0;200;0;
14888;6454004;1059401728;21798912;1200021504;0;0;0;0;0;0;0;0;0;0;0;4198;0;0;95;0;200;0;
14889;7547945;1059401728;21798912;1200021504;0;0;0;0;0;0;0;0;0;0;0;3236;0;0;95;0;200;0;
14890;6144563;1059401728;21798912;1200021504;0;0;0;0;0;0;0;0;0;0;0;4719;0;0;95;0;200;0;
14891;6875986;1059401728;21798912;1200021504;0;0;0;0;0;0;0;0;0;0;0;2665;0;0;95;0;200;0;
14892;6802407;1059401728;21798912;1200021504;0;0;0;0;0;0;0;0;0;0;0;4138;0;0;95;0;200;0;
14893;7294119;1059401728;21798912;1200021504;0;0;0;0;0;0;0;0;0;0;0;4218;0;0;95;0;200;0;
14894;5350184;1059401728;21790720;1200013312;0;0;0;0;0;0;0;0;0;0;0;4378;0;0;95;0;200;0;
14895;7775151;1059401728;21790720;1200013312;0;0;0;0;0;0;0;0;0;0;0;4088;0;0;95;0;200;0;
14896;7622084;1059401728;21790720;1200013312;0;0;0;0;0;0;0;0;0;0;0;3206;0;0;95;0;200;0;
14897;8206350;1059401728;21790720;1200013312;0;0;0;0;0;0;0;0;0;0;0;3196;0;0;95;0;200;0;
14898;5040773;1059401728;21790720;1200013312;0;0;0;0;0;0;0;0;0;0;0;4809;0;0;95;0;200;0;
14899;8404662;1059401728;21790720;1200013312;0;0;0;0;0;0;0;0;0;0;0;3807;0;0;95;0;200;0;
14900;5395619;1059401728;21790720;1200013312;0;0;0;0;0;0;0;0;0;0;0;4098;0;0;95;0;200;0;
14901;6749317;1059401728;21790720;1200013312;0;0;0;0;0;0;0;0;0;0;0;3055;0;0;95;0;200;0;
14902;8129165;1059401728;21790720;1200013312;0;0;0;0;0;0;0;0;0;0;0;3537;0;0;95;0;200;0;
14903;8477819;1059401728;21790720;1200013312;0;0;0;0;0;0;0;0;0;0;0;3797;0;0;95;0;200;0;
14904;6502915;1059401728;21790720;1200013312;0;0;0;0;0;0;0;0;0;0;0;3506;0;0;95;0;200;0;
14905;8853494;1059401728;21790720;1200013312;0;0;0;0;0;0;0;0;0;0;0;4338;0;0;95;0;200;0;
14906;6189237;1059401728;21790720;1200013312;0;0;0;0;0;0;0;0;0;0;0;3116;0;0;95;0;200;0;
14907;7287768;1059401728;21790720;1200013312;0;0;0;0;0;0;0;0;0;0;0;2875;0;0;95;0;200;0;
14908;7924822;1059401728;21790720;1200013312;0;0;0;0;0;0;0;0;0;0;0;3907;0;0;95;0;200;0;
14909;8042924;1059401728;21790720;1200013312;0;0;0;0;0;0;0;0;0;0;0;2976;0;0;95;0;200;0;
14910;4813326;1059401728;21790720;1200013312;0;0;0;0;0;0;0;0;0;0;0;5981;0;0;95;0;200;0;
14911;7388306;1059401728;21790720;1200013312;0;0;0;0;0;0;0;0;0;0;0;3908;0;0;95;0;200;0;
14912;6599516;1059401728;21790720;1200013312;0;0;0;0;0;0;0;0;0;0;0;3507;0;0;95;0;200;0;
14913;8379805;1059401728;21790720;1200013312;0;0;0;0;0;0;0;0;0;0;0;5250;0;0;95;0;200;0;
14914;5846675;1059401728;21790720;1200013312;0;0;0;0;0;0;0;0;0;0;0;5120;0;0;95;0;200;0;
14915;8348968;1059401728;21790720;1200013312;0;0;0;0;0;0;0;0;0;0;0;3827;0;0;95;0;200;0;
14916;6815151;1059401728;21790720;1200013312;0;0;0;0;0;0;0;0;0;0;0;2846;0;0;95;0;200;0;
14917;7743973;1059401728;21790720;1200013312;0;0;0;0;0;0;0;0;0;0;0;3947;0;0;95;0;200;0;
14918;6451479;1059401728;21790720;1200013312;0;0;0;0;0;0;0;0;0;0;0;3026;0;0;95;0;200;0;
14919;5686454;1059401728;21790720;1200013312;0;0;0;0;0;0;0;0;0;0;0;3858;0;0;95;0;200;0;
14920;6642127;1059401728;21790720;1200013312;0;0;0;0;0;0;0;0;0;0;0;4378;0;0;95;0;200;0;
14921;7434382;1059401728;21790720;1200013312;0;0;0;0;0;0;0;0;0;0;0;2064;0;0;95;0;200;0;
14922;8562659;1059401728;21790720;1200013312;0;0;0;0;0;0;0;0;0;0;0;4538;0;0;95;0;200;0;
14923;8883200;1059401728;21790720;1200013312;0;0;0;0;0;0;0;0;0;0;0;2845;0;0;95;0;200;0;
14924;7175897;1059401728;21790720;1200013312;0;0;0;0;0;0;0;0;0;0;0;2765;0;0;95;0;200;0;
14925;8572226;1059401728;21790720;1200013312;0;0;0;0;0;0;0;0;0;0;0;3326;0;0;95;0;200;0;
14926;6749287;1059401728;21790720;1200013312;0;0;0;0;0;0;0;0;0;0;0;4628;0;0;95;0;200;0;
14927;7848939;1059401728;21790720;1200013312;0;0;0;0;0;0;0;0;0;0;0;2535;0;0;95;0;200;0;
14928;6200027;1059401728;21790720;1200013312;0;0;0;0;0;0;0;0;0;0;0;3476;0;0;95;0;200;0;
14929;8552530;1059401728;21790720;1200013312;0;0;0;0;0;0;0;0;0;0;0;3487;0;0;95;0;200;0;
14930;4434266;1059401728;21790720;1200013312;0;0;0;0;0;0;0;0;0;0;0;3667;0;0;95;0;200;0;
14931;8124967;1059401728;21790720;1200013312;0;0;0;0;0;0;0;0;0;0;0;5700;0;0;95;0;200;0;
14932;5056553;1059401728;21790720;1200013312;0;0;0;0;0;0;0;0;0;0;0;3748;0;0;95;0;200;0;
14933;6417305;1059401728;21790720;1200013312;0;0;0;0;0;0;0;0;0;0;0;2675;0;0;95;0;200;0;
14934;8508887;1059401728;21790720;1200013312;0;0;0;0;0;0;0;0;0;0;0;4288;0;0;95;0;200;0;
14935;6911652;1059401728;21790720;1200013312;0;0;0;0;0;0;0;0;0;0;0;2795;0;0;95;0;200;0;
14936;8546398;1059401728;21790720;1200013312;0;0;0;0;0;0;0;0;0;0;0;3497;0;0;95;0;200;0;
14937;8674588;1059401728;21790720;1200013312;0;0;0;0;0;0;0;0;0;0;0;3336;0;0;95;0;200;0;
14938;8237608;1059401728;21790720;1200013312;0;0;0;0;0;0;0;0;0;0;0;4408;0;0;95;0;200;0;
14939;8914568;1059401728;21790720;1200013312;0;0;0;0;0;0;0;0;0;0;0;3366;0;0;95;0;200;0;
14940;6750069;1059401728;21790720;1200013312;0;0;0;0;0;0;0;0;0;0;0;2936;0;0;95;0;200;0;
14941;8941549;1059401728;21790720;1200013312;0;0;0;0;0;0;0;0;0;0;0;4588;0;0;95;0;200;0;
14942;3906276;1059401728;21790720;1200013312;0;0;0;0;0;0;0;0;0;0;0;3877;0;0;95;0;200;0;
14943;9095999;1059401728;21790720;1200013312;0;0;0;0;0;0;0;0;0;0;0;3897;0;0;95;0;200;0;
14944;4933973;1059401728;21790720;1200013312;0;0;0;0;0;0;0;0;0;0;0;4007;0;0;95;0;200;0;
14945;7360424;1059401728;21790720;1200013312;0;0;0;0;0;0;0;0;0;0;0;3587;0;0;95;0;200;0;
14946;5356535;1059401728;21790720;1200013312;0;0;0;0;0;0;0;0;0;0;0;3276;0;0;95;0;200;0;
14947;8860527;1059401728;21790720;1200013312;0;0;0;0;0;0;0;0;0;0;0;4088;0;0;95;0;200;0;
14948;5197507;1059401728;21790720;1200013312;0;0;0;0;0;0;0;0;0;0;0;3707;0;0;95;0;200;0;
14949;10127764;1059401728;21790720;1200013312;0;0;0;0;0;0;0;0;0;0;0;4027;0;0;95;0;200;0;
14950;5745735;1059401728;21790720;1200013312;0;0;0;0;0;0;0;0;0;0;0;2975;0;0;95;0;200;0;
14951;10316027;1059401728;21790720;1200013312;0;0;0;0;0;0;0;0;0;0;0;4148;0;0;95;0;200;0;
14952;5418552;1059401728;21790720;1200013312;0;0;0;0;0;0;0;0;0;0;0;3847;0;0;95;0;200;0;
14953;9245709;1059401728;21790720;1200013312;0;0;0;0;0;0;0;0;0;0;0;4068;0;0;95;0;200;0;
14954;6874913;1059401728;21790720;1200013312;0;0;0;0;0;0;0;0;0;0;0;4038;0;0;95;0;200;0;
14955;9611716;1059401728;21790720;1200013312;0;0;0;0;0;0;0;0;0;0;0;4618;0;0;95;0;200;0;
14956;5810988;1059401728;21790720;1200013312;0;0;0;0;0;0;0;0;0;0;0;3306;0;0;95;0;200;0;
14957;6119336;1059401728;21790720;1200013312;0;0;0;0;0;0;0;0;0;0;0;3016;0;0;95;0;200;0;
14958;8070865;1059401728;21790720;1200013312;0;0;0;0;0;0;0;0;0;0;0;3847;0;0;95;0;200;0;
14959;9003906;1059401728;21790720;1200013312;0;0;0;0;0;0;0;0;0;0;0;3817;0;0;95;0;200;0;
14960;7440684;1059401728;21790720;1200013312;0;0;0;0;0;0;0;0;0;0;0;3286;0;0;95;0;200;0;
14961;7956001;1059401728;21790720;1200013312;0;0;0;0;0;0;0;0;0;0;0;3096;0;0;95;0;200;0;
14962;8794763;1059401728;21790720;1200013312;0;0;0;0;0;0;0;0;0;0;0;4478;0;0;95;0;200;0;
14963;9559698;1059401728;21790720;1200013312;0;0;0;0;0;0;0;0;0;0;0;3627;0;0;95;0;200;0;
14964;5628385;1059401728;21790720;1200013312;0;0;0;0;0;0;0;0;0;0;0;4037;0;0;95;0;200;0;
14965;5154106;1059401728;21790720;1200013312;0;0;0;0;0;0;0;0;0;0;0;2345;0;0;95;0;200;0;
14966;8159993;1059401728;21790720;1200013312;0;0;0;0;0;0;0;0;0;0;0;3947;0;0;95;0;200;0;
14967;6133974;1059401728;21790720;1200013312;0;0;0;0;0;0;0;0;0;0;0;3286;0;0;95;0;200;0;
14968;7805999;1059401728;21790720;1200013312;0;0;0;0;0;0;0;0;0;0;0;3637;0;0;95;0;200;0;
14969;9087342;1059401728;21790720;1200013312;0;0;0;0;0;0;0;0;0;0;0;3186;0;0;95;0;200;0;
14970;7381293;1059401728;21790720;1200013312;0;0;0;0;0;0;0;0;0;0;0;3707;0;0;95;0;200;0;
14971;8836662;1059401728;21790720;1200013312;0;0;0;0;0;0;0;0;0;0;0;3126;0;0;95;0;200;0;
14972;7329575;1059401728;21790720;1200013312;0;0;0;0;0;0;0;0;0;0;0;3156;0;0;95;0;200;0;
14973;8032444;1059401728;21790720;1200013312;0;0;0;0;0;0;0;0;0;0;0;3266;0;0;95;0;200;0;
14974;6004891;1059401728;21790720;1200013312;0;0;0;0;0;0;0;0;0;0;0;4318;0;0;95;0;200;0;
14975;9059610;1059401728;21790720;1200013312;0;0;0;0;0;0;0;0;0;0;0;3376;0;0;95;0;200;0;
14976;6694004;1059401728;21790720;1200013312;0;0;0;0;0;0;0;0;0;0;0;4067;0;0;95;0;200;0;
14977;8325393;1059401728;21790720;1200013312;0;0;0;0;0;0;0;0;0;0;0;3717;0;0;95;0;200;0;
14978;7529751;1059401728;21790720;1200013312;0;0;0;0;0;0;0;0;0;0;0;4568;0;0;95;0;200;0;
14979;9593812;1059401728;21790720;1200013312;0;0;0;0;0;0;0;0;0;0;0;3767;0;0;95;0;200;0;
14980;8959202;1059401728;21790720;1200013312;0;0;0;0;0;0;0;0;0;0;0;4087;0;0;95;0;200;0;
14981;9078545;1059401728;21790720;1200013312;0;0;0;0;0;0;0;0;0;0;0;4018;0;0;95;0;200;0;
14982;11221494;1059401728;21790720;1200013312;0;0;0;0;0;0;0;0;0;0;0;3467;0;0;95;0;200;0;
14983;9010659;1059401728;21790720;1200013312;0;0;0;0;0;0;0;0;0;0;0;3927;0;0;95;0;200;0;
14984;8830701;1059401728;21790720;1200013312;0;0;0;0;0;0;0;0;0;0;0;4709;0;0;95;0;200;0;
14985;8958802;1059401728;21790720;1200013312;0;0;0;0;0;0;0;0;0;0;0;3987;0;0;95;0;200;0;
14986;7320629;1059401728;21790720;1200013312;0;0;0;0;0;0;0;0;0;0;0;3567;0;0;95;0;200;0;
14987;8609586;1059401728;21790720;1200013312;0;0;0;0;0;0;0;0;0;0;0;3115;0;0;95;0;200;0;
14988;7765844;1059401728;21790720;1200013312;0;0;0;0;0;0;0;0;0;0;0;2996;0;0;95;0;200;0;
14989;6527211;1059401728;21790720;1200013312;0;0;0;0;0;0;0;0;0;0;0;2565;0;0;95;0;200;0;
14990;6114147;1059401728;21790720;1200013312;0;0;0;0;0;0;0;0;0;0;0;4097;0;0;95;0;200;0;
14991;8789244;1059401728;21790720;1200013312;0;0;0;0;0;0;0;0;0;0;0;2625;0;0;95;0;200;0;
14992;5262920;1059401728;21790720;1200013312;0;0;0;0;0;0;0;0;0;0;0;3076;0;0;95;0;200;0;
14993;8839186;1059401728;21790720;1200013312;0;0;0;0;0;0;0;0;0;0;0;3858;0;0;95;0;200;0;
14994;4536127;1059401728;21790720;1200013312;0;0;0;0;0;0;0;0;0;0;0;6061;0;0;95;0;200;0;
14995;6780516;1059401728;21790720;1200013312;0;0;0;0;0;0;0;0;0;0;0;2966;0;0;95;0;200;0;
14996;8250583;1059401728;21790720;1200013312;0;0;0;0;0;0;0;0;0;0;0;3527;0;0;95;0;200;0;
14997;6994738;1059401728;21790720;1200013312;0;0;0;0;0;0;0;0;0;0;0;3186;0;0;95;0;200;0;
14998;8028136;1059401728;21790720;1200013312;0;0;0;0;0;0;0;0;0;0;0;4207;0;0;95;0;200;0;
14999;9239037;1059401728;21790720;1200013312;0;0;0;0;0;0;0;0;0;0;0;3607;0;0;95;0;200;0;
15000;7362277;1059401728;21790720;1200013312;0;0;0;0;0;0;0;0;0;0;0;3496;0;0;95;0;200;0;
15001;8990130;1059401728;21790720;1200013312;0;0;0;0;0;0;0;0;0;0;0;3797;0;0;95;0;200;0;
15002;13139882;1059401728;21790720;1200013312;0;0;0;0;0;0;0;0;0;0;0;3356;0;0;95;0;200;0;
15003;9196777;1059401728;21790720;1200013312;0;0;0;0;0;0;0;0;0;0;0;3196;0;0;95;0;200;0;
15004;8647046;1059401728;21790720;1200013312;0;0;0;0;0;0;0;0;0;0;0;4468;0;0;95;0;200;0;
15005;9595956;1059401728;21790720;1200013312;0;0;0;0;0;0;0;0;0;0;0;4869;0;0;95;0;200;0;
15006;7949278;1059401728;21790720;1200013312;0;0;0;0;0;0;0;0;0;0;0;3637;0;0;95;0;200;0;
15007;8961586;1059401728;21790720;1200013312;0;0;0;0;0;0;0;0;0;0;0;4588;0;0;95;0;200;0;
15008;8599838;1059401728;21790720;1200013312;0;0;0;0;0;0;0;0;0;0;0;3787;0;0;95;0;200;0;
15009;11465783;1059401728;21790720;1200013312;0;0;0;0;0;0;0;0;0;0;0;4078;0;0;95;0;200;0;
15010;8238360;1059401728;21790720;1200013312;0;0;0;0;0;0;0;0;0;0;0;3447;0;0;95;0;200;0;
15011;9827090;1059401728;21790720;1200013312;0;0;0;0;0;0;0;0;0;0;0;4198;0;0;95;0;200;0;
15012;7213408;1059401728;21790720;1200013312;0;0;0;0;0;0;0;0;0;0;0;3537;0;0;95;0;200;0;
15013;8817335;1059401728;21790720;1200013312;0;0;0;0;0;0;0;0;0;0;0;3297;0;0;95;0;200;0;
15014;7712294;1059401728;21790720;1200013312;0;0;0;0;0;0;0;0;0;0;0;3677;0;0;95;0;200;0;
15015;9559288;1059401728;21790720;1200013312;0;0;0;0;0;0;0;0;0;0;0;4098;0;0;95;0;200;0;
15016;5811629;1059401728;21790720;1200013312;0;0;0;0;0;0;0;0;0;0;0;3026;0;0;95;0;200;0;
15017;8264179;1059401728;21790720;1200013312;0;0;0;0;0;0;0;0;0;0;0;3838;0;0;95;0;200;0;
15018;8000834;1059401728;21790720;1200013312;0;0;0;0;0;0;0;0;0;0;0;3256;0;0;95;0;200;0;
15019;7950961;1059401728;21790720;1200013312;0;0;0;0;0;0;0;0;0;0;0;3516;0;0;95;0;200;0;
15020;10236418;1059401728;21790720;1200013312;0;0;0;0;0;0;0;0;0;0;0;3987;0;0;95;0;200;0;
15021;8675329;1059401728;21790720;1200013312;0;0;0;0;0;0;0;0;0;0;0;3517;0;0;95;0;200;0;
15022;4073840;1059401728;21790720;1200013312;0;0;0;0;0;0;0;0;0;0;0;3647;0;0;95;0;200;0;
15023;9521186;1059401728;21790720;1200013312;0;0;0;0;0;0;0;0;0;0;0;4939;0;0;95;0;200;0;
15024;5167431;1059401728;21790720;1200013312;0;0;0;0;0;0;0;0;0;0;0;2786;0;0;95;0;200;0;
15025;6082908;1059401728;21790720;1200013312;0;0;0;0;0;0;0;0;0;0;0;3356;0;0;95;0;200;0;
15026;6992614;1059401728;21790720;1200013312;0;0;0;0;0;0;0;0;0;0;0;3356;0;0;95;0;200;0;
15027;8020321;1059401728;21790720;1200013312;0;0;0;0;0;0;0;0;0;0;0;3236;0;0;95;0;200;0;
15028;5890988;1059401728;21790720;1200013312;0;0;0;0;0;0;0;0;0;0;0;3306;0;0;95;0;200;0;
15029;8707760;1059401728;21790720;1200013312;0;0;0;0;0;0;0;0;0;0;0;3446;0;0;95;0;200;0;
15030;3939357;1059401728;21790720;1200013312;0;0;0;0;0;0;0;0;0;0;0;3928;0;0;95;0;200;0;
15031;11694822;1059401728;21790720;1200013312;0;0;0;0;0;0;0;0;0;0;0;2905;0;0;95;0;200;0;
15032;4866797;1059401728;21790720;1200013312;0;0;0;0;0;0;0;0;0;0;0;4298;0;0;95;0;200;0;
15033;9374701;1059401728;21790720;1200013312;0;0;0;0;0;0;0;0;0;0;0;5229;0;0;95;0;200;0;
15034;6255843;1059401728;21790720;1200013312;0;0;0;0;0;0;0;0;0;0;0;4359;0;0;95;0;200;0;
15035;11616856;1059401728;21790720;1200013312;0;0;0;0;0;0;0;0;0;0;0;3657;0;0;95;0;200;0;
15036;6266853;1059401728;21790720;1200013312;0;0;0;0;0;0;0;0;0;0;0;4498;0;0;95;0;200;0;
15037;8651695;1059401728;21790720;1200013312;0;0;0;0;0;0;0;0;0;0;0;3597;0;0;95;0;200;0;
15038;5018742;1059401728;21790720;1200013312;0;0;0;0;0;0;0;0;0;0;0;3777;0;0;95;0;200;0;
15039;8550946;1059401728;21790720;1200013312;0;0;0;0;0;0;0;0;0;0;0;4639;0;0;95;0;200;0;
15040;5889746;1059401728;21790720;1200013312;0;0;0;0;0;0;0;0;0;0;0;4227;0;0;95;0;200;0;
15041;9171270;1059401728;21790720;1200013312;0;0;0;0;0;0;0;0;0;0;0;3547;0;0;95;0;200;0;
15042;6422475;1059401728;21790720;1200013312;0;0;0;0;0;0;0;0;0;0;0;3837;0;0;95;0;200;0;
15043;8319503;1059401728;21790720;1200013312;0;0;0;0;0;0;0;0;0;0;0;5310;0;0;95;0;200;0;
15044;5320188;1059401728;21790720;1200013312;0;0;0;0;0;0;0;0;0;0;0;6673;0;0;95;0;200;0;
15045;10906253;1059401728;21790720;1200013312;0;0;0;0;0;0;0;0;0;0;0;3928;0;0;95;0;200;0;
15046;5886950;1059401728;21790720;1200013312;0;0;0;0;0;0;0;0;0;0;0;4589;0;0;95;0;200;0;
15047;9386994;1059401728;21790720;1200013312;0;0;0;0;0;0;0;0;0;0;0;3948;0;0;95;0;200;0;
15048;7484636;1059401728;21790720;1200013312;0;0;0;0;0;0;0;0;0;0;0;5550;0;0;95;0;200;0;
15049;8547139;1059401728;21790720;1200013312;0;0;0;0;0;0;0;0;0;0;0;4088;0;0;95;0;200;0;
15050;5432448;1059401728;21790720;1200013312;0;0;0;0;0;0;0;0;0;0;0;3527;0;0;95;0;200;0;
15051;9049512;1059401728;21790720;1200013312;0;0;0;0;0;0;0;0;0;0;0;4268;0;0;95;0;200;0;
15052;6303732;1059401728;21790720;1200013312;0;0;0;0;0;0;0;0;0;0;0;3256;0;0;95;0;200;0;
15053;9237714;1059401728;21790720;1200013312;0;0;0;0;0;0;0;0;0;0;0;4018;0;0;95;0;200;0;
15054;5467814;1059401728;21790720;1200013312;0;0;0;0;0;0;0;0;0;0;0;3747;0;0;95;0;200;0;
15055;6586052;1059401728;21790720;1200013312;0;0;0;0;0;0;0;0;0;0;0;2344;0;0;95;0;200;0;
15056;7870210;1059401728;21790720;1200013312;0;0;0;0;0;0;0;0;0;0;0;4789;0;0;95;0;200;0;
15057;7777305;1059401728;21790720;1200013312;0;0;0;0;0;0;0;0;0;0;0;3587;0;0;95;0;200;0;
15058;5811449;1059401728;21790720;1200013312;0;0;0;0;0;0;0;0;0;0;0;4448;0;0;95;0;200;0;
15059;7265987;1059401728;21790720;1200013312;0;0;0;0;0;0;0;0;0;0;0;3016;0;0;95;0;200;0;
15060;8820722;1059401728;21790720;1200013312;0;0;0;0;0;0;0;0;0;0;0;3907;0;0;95;0;200;0;
15061;7913802;1059401728;21790720;1200013312;0;0;0;0;0;0;0;0;0;0;0;4449;0;0;95;0;200;0;
15062;7263602;1059401728;21790720;1200013312;0;0;0;0;0;0;0;0;0;0;0;4348;0;0;95;0;200;0;
15063;7891440;1059401728;21790720;1200013312;0;0;0;0;0;0;0;0;0;0;0;2975;0;0;95;0;200;0;
15064;5899283;1059401728;21790720;1200013312;0;0;0;0;0;0;0;0;0;0;0;4669;0;0;95;0;200;0;
15065;7337290;1059401728;21790720;1200013312;0;0;0;0;0;0;0;0;0;0;0;3576;0;0;95;0;200;0;
15066;6504979;1059401728;21790720;1200013312;0;0;0;0;0;0;0;0;0;0;0;3576;0;0;95;0;200;0;
15067;6189037;1059401728;21790720;1200013312;0;0;0;0;0;0;0;0;0;0;0;3707;0;0;95;0;200;0;
15068;4980881;1059401728;21790720;1200013312;0;0;0;0;0;0;0;0;0;0;0;5240;0;0;95;0;200;0;
15069;9494776;1059401728;21790720;1200013312;0;0;0;0;0;0;0;0;0;0;0;4399;0;0;95;0;200;0;
15070;4357352;1059401728;21790720;1200013312;0;0;0;0;0;0;0;0;0;0;0;4218;0;0;95;0;200;0;
15071;9920835;1059401728;21790720;1200013312;0;0;0;0;0;0;0;0;0;0;0;3496;0;0;95;0;200;0;
15072;5438670;1059401728;21790720;1200013312;0;0;0;0;0;0;0;0;0;0;0;4489;0;0;95;0;200;0;
15073;10133484;1059401728;21790720;1200013312;0;0;0;0;0;0;0;0;0;0;0;4949;0;0;95;0;200;0;
15074;7053288;1059401728;21790720;1200013312;0;0;0;0;0;0;0;0;0;0;0;4609;0;0;95;0;200;0;
15075;8927673;1059401728;21790720;1200013312;0;0;0;0;0;0;0;0;0;0;0;5189;0;0;95;0;200;0;
15076;3916815;1059401728;21790720;1200013312;0;0;0;0;0;0;0;0;0;0;0;3136;0;0;95;0;200;0;
15077;8370087;1059401728;21790720;1200013312;0;0;0;0;0;0;0;0;0;0;0;4168;0;0;95;0;200;0;
15078;7640348;1059401728;21790720;1200013312;0;0;0;0;0;0;0;0;0;0;0;4308;0;0;95;0;200;0;
15079;8101243;1059401728;21790720;1200013312;0;0;0;0;0;0;0;0;0;0;0;3457;0;0;95;0;200;0;
15080;6651474;1059401728;21790720;1200013312;0;0;0;0;0;0;0;0;0;0;0;3827;0;0;95;0;200;0;
15081;7691344;1059401728;21790720;1200013312;0;0;0;0;0;0;0;0;0;0;0;4258;0;0;95;0;200;0;
15082;8041721;1059401728;21790720;1200013312;0;0;0;0;0;0;0;0;0;0;0;5290;0;0;95;0;200;0;
15083;6890753;1059401728;21790720;1200013312;0;0;0;0;0;0;0;0;0;0;0;2875;0;0;95;0;200;0;
15084;6787379;1059401728;21790720;1200013312;0;0;0;0;0;0;0;0;0;0;0;3287;0;0;95;0;200;0;
15085;8114037;1059401728;21790720;1200013312;0;0;0;0;0;0;0;0;0;0;0;3537;0;0;95;0;200;0;
15086;7775082;1059401728;21790720;1200013312;0;0;0;0;0;0;0;0;0;0;0;4318;0;0;95;0;200;0;
15087;8912134;1059401728;21790720;1200013312;0;0;0;0;0;0;0;0;0;0;0;4107;0;0;95;0;200;0;
15088;6933954;1059401728;21790720;1200013312;0;0;0;0;0;0;0;0;0;0;0;3487;0;0;95;0;200;0;
15089;8472920;1059401728;21790720;1200013312;0;0;0;0;0;0;0;0;0;0;0;4369;0;0;95;0;200;0;
15090;5601365;1059401728;21790720;1200013312;0;0;0;0;0;0;0;0;0;0;0;3076;0;0;95;0;200;0;
15091;8424739;1059401728;21790720;1200013312;0;0;0;0;0;0;0;0;0;0;0;3987;0;0;95;0;200;0;
15092;6504478;1059401728;21790720;1200013312;0;0;0;0;0;0;0;0;0;0;0;2986;0;0;95;0;200;0;
15093;7606836;1059401728;21790720;1200013312;0;0;0;0;0;0;0;0;0;0;0;3316;0;0;95;0;200;0;
15094;9492933;1059401728;21790720;1200013312;0;0;0;0;0;0;0;0;0;0;0;2886;0;0;95;0;200;0;
15095;8568028;1059401728;21790720;1200013312;0;0;0;0;0;0;0;0;0;0;0;3076;0;0;95;0;200;0;
15096;7892231;1059401728;21790720;1200013312;0;0;0;0;0;0;0;0;0;0;0;4920;0;0;95;0;200;0;
15097;8768183;1059401728;21790720;1200013312;0;0;0;0;0;0;0;0;0;0;0;4288;0;0;95;0;200;0;
15098;6399171;1059401728;21790720;1200013312;0;0;0;0;0;0;0;0;0;0;0;2835;0;0;95;0;200;0;
15099;7469318;1059401728;21790720;1200013312;0;0;0;0;0;0;0;0;0;0;0;2635;0;0;95;0;200;0;
15100;6756661;1059401728;21790720;1200013312;0;0;0;0;0;0;0;0;0;0;0;2464;0;0;95;0;200;0;
15101;6433155;1059401728;21790720;1200013312;0;0;0;0;0;0;0;0;0;0;0;2705;0;0;95;0;200;0;
15102;5566058;1059401728;21790720;1200013312;0;0;0;0;0;0;0;0;0;0;0;3036;0;0;95;0;200;0;
15103;8646586;1059401728;21790720;1200013312;0;0;0;0;0;0;0;0;0;0;0;3898;0;0;95;0;200;0;
15104;5457034;1059401728;21790720;1200013312;0;0;0;0;0;0;0;0;0;0;0;3166;0;0;95;0;200;0;
15105;8117162;1059401728;21790720;1200013312;0;0;0;0;0;0;0;0;0;0;0;3997;0;0;95;0;200;0;
15106;6409661;1059401728;21790720;1200013312;0;0;0;0;0;0;0;0;0;0;0;5139;0;0;95;0;200;0;
15107;7463837;1059401728;21790720;1200013312;0;0;0;0;0;0;0;0;0;0;0;3186;0;0;95;0;200;0;
15108;7868336;1059401728;21790720;1200013312;0;0;0;0;0;0;0;0;0;0;0;3927;0;0;95;0;200;0;
15109;8453203;1059401728;21790720;1200013312;0;0;0;0;0;0;0;0;0;0;0;3526;0;0;95;0;200;0;
15110;5829312;1059401728;21790720;1200013312;0;0;0;0;0;0;0;0;0;0;0;3747;0;0;95;0;200;0;
15111;7337691;1059401728;21790720;1200013312;0;0;0;0;0;0;0;0;0;0;0;3085;0;0;95;0;200;0;
15112;5574474;1059401728;21790720;1200013312;0;0;0;0;0;0;0;0;0;0;0;3186;0;0;95;0;200;0;
15113;7110786;1059401728;21790720;1200013312;0;0;0;0;0;0;0;0;0;0;0;3526;0;0;95;0;200;0;
15114;5760633;1059401728;21790720;1200013312;0;0;0;0;0;0;0;0;0;0;0;3887;0;0;95;0;200;0;
15115;6896744;1059401728;21790720;1200013312;0;0;0;0;0;0;0;0;0;0;0;3476;0;0;95;0;200;0;
15116;5063967;1059401728;21790720;1200013312;0;0;0;0;0;0;0;0;0;0;0;3687;0;0;95;0;200;0;
15117;8810884;1059401728;21790720;1200013312;0;0;0;0;0;0;0;0;0;0;0;4237;0;0;95;0;200;0;
15118;6372391;1059401728;21790720;1200013312;0;0;0;0;0;0;0;0;0;0;0;3276;0;0;95;0;200;0;
15119;7703607;1059401728;21790720;1200013312;0;0;0;0;0;0;0;0;0;0;0;94918;0;0;95;0;200;0;
15120;4753164;1059401728;21790720;1200013312;0;0;0;0;0;0;0;0;0;0;0;3937;0;0;95;0;200;0;
15121;7542966;1059401728;21790720;1200013312;0;0;0;0;0;0;0;0;0;0;0;2234;0;0;95;0;200;0;
15122;5604060;1059401728;21790720;1200013312;0;0;0;0;0;0;0;0;0;0;0;3496;0;0;95;0;200;0;
15123;7248063;1059401728;21790720;1200013312;0;0;0;0;0;0;0;0;0;0;0;2295;0;0;95;0;200;0;
15124;6895712;1059401728;21790720;1200013312;0;0;0;0;0;0;0;0;0;0;0;3587;0;0;95;0;200;0;
15125;8505211;1059401728;21790720;1200013312;0;0;0;0;0;0;0;0;0;0;0;4459;0;0;95;0;200;0;
15126;5553195;1059401728;21790720;1200013312;0;0;0;0;0;0;0;0;0;0;0;4789;0;0;95;0;200;0;
15127;8636557;1059401728;21790720;1200013312;0;0;0;0;0;0;0;0;0;0;0;3126;0;0;95;0;200;0;
15128;4391476;1059401728;21790720;1200013312;0;0;0;0;0;0;0;0;0;0;0;3066;0;0;95;0;200;0;
15129;6671521;1059401728;21790720;1200013312;0;0;0;0;0;0;0;0;0;0;0;1843;0;0;95;0;200;0;
15130;5082272;1059401728;21790720;1200013312;0;0;0;0;0;0;0;0;0;0;0;2875;0;0;95;0;200;0;
15131;5204831;1059401728;21790720;1200013312;0;0;0;0;0;0;0;0;0;0;0;2104;0;0;95;0;200;0;
15132;5115113;1059401728;21790720;1200013312;0;0;0;0;0;0;0;0;0;0;0;3105;0;0;95;0;200;0;
15133;7892352;1059401728;21790720;1200013312;0;0;0;0;0;0;0;0;0;0;0;2976;0;0;95;0;200;0;
15134;7007562;1059401728;21790720;1200013312;0;0;0;0;0;0;0;0;0;0;0;4258;0;0;95;0;200;0;
15135;7188200;1059401728;21790720;1200013312;0;0;0;0;0;0;0;0;0;0;0;3496;0;0;95;0;200;0;
15136;13519284;1059401728;21790720;1200013312;0;0;0;0;0;0;0;0;0;0;0;4469;0;0;95;0;200;0;
15137;6374705;1059401728;21790720;1200013312;0;0;0;0;0;0;0;0;0;0;0;2225;0;0;95;0;200;0;
15138;7475529;1059401728;21790720;1200013312;0;0;0;0;0;0;0;0;0;0;0;4128;0;0;95;0;200;0;
15139;6931178;1059401728;21790720;1200013312;0;0;0;0;0;0;0;0;0;0;0;2906;0;0;95;0;200;0;
15140;7537876;1059401728;21790720;1200013312;0;0;0;0;0;0;0;0;0;0;0;3677;0;0;95;0;200;0;
15141;6930517;1059401728;21790720;1200013312;0;0;0;0;0;0;0;0;0;0;0;2555;0;0;95;0;200;0;
15142;7550660;1059401728;21790720;1200013312;0;0;0;0;0;0;0;0;0;0;0;3186;0;0;95;0;200;0;
15143;4977295;1059401728;21790720;1200013312;0;0;0;0;0;0;0;0;0;0;0;2394;0;0;95;0;200;0;
15144;6438344;1059401728;21790720;1200013312;0;0;0;0;0;0;0;0;0;0;0;4869;0;0;95;0;200;0;
15145;7237804;1059401728;21790720;1200013312;0;0;0;0;0;0;0;0;0;0;0;3447;0;0;95;0;200;0;
15146;8688534;1059401728;21790720;1200013312;0;0;0;0;0;0;0;0;0;0;0;4158;0;0;95;0;200;0;
15147;6307579;1059401728;21790720;1200013312;0;0;0;0;0;0;0;0;0;0;0;2805;0;0;95;0;200;0;
15148;6716626;1059401728;21790720;1200013312;0;0;0;0;0;0;0;0;0;0;0;3436;0;0;95;0;200;0;
15149;6982605;1059401728;21790720;1200013312;0;0;0;0;0;0;0;0;0;0;0;3867;0;0;95;0;200;0;
15150;7140351;1059401728;21790720;1200013312;0;0;0;0;0;0;0;0;0;0;0;4068;0;0;95;0;200;0;
15151;8371540;1059401728;21790720;1200013312;0;0;0;0;0;0;0;0;0;0;0;3867;0;0;95;0;200;0;
15152;4813026;1059401728;21790720;1200013312;0;0;0;0;0;0;0;0;0;0;0;4087;0;0;95;0;200;0;
15153;10380317;1059401728;21790720;1200013312;0;0;0;0;0;0;0;0;0;0;0;4078;0;0;95;0;200;0;
15154;7839652;1059401728;21790720;1200013312;0;0;0;0;0;0;0;0;0;0;0;3667;0;0;95;0;200;0;
15155;7502089;1059401728;21790720;1200013312;0;0;0;0;0;0;0;0;0;0;0;4087;0;0;95;0;200;0;
15156;6657766;1059401728;21790720;1200013312;0;0;0;0;0;0;0;0;0;0;0;2614;0;0;95;0;200;0;
15157;7313336;1059401728;21790720;1200013312;0;0;0;0;0;0;0;0;0;0;0;5060;0;0;95;0;200;0;
15158;3024061;1059401728;21790720;1200013312;0;0;0;0;0;0;0;0;0;0;0;2825;0;0;95;0;200;0;
15159;7405749;1059401728;21790720;1200013312;0;0;0;0;0;0;0;0;0;0;0;2795;0;0;95;0;200;0;
15160;5520553;1059401728;21790720;1200013312;0;0;0;0;0;0;0;0;0;0;0;4088;0;0;95;0;200;0;
15161;9403355;1059401728;21790720;1200013312;0;0;0;0;0;0;0;0;0;0;0;3436;0;0;95;0;200;0;
15162;5275374;1059401728;21790720;1200013312;0;0;0;0;0;0;0;0;0;0;0;3236;0;0;95;0;200;0;
15163;8084081;1059401728;21790720;1200013312;0;0;0;0;0;0;0;0;0;0;0;4238;0;0;95;0;200;0;
15164;4379653;1059401728;21790720;1200013312;0;0;0;0;0;0;0;0;0;0;0;3627;0;0;95;0;200;0;
15165;6606971;1059401728;21790720;1200013312;0;0;0;0;0;0;0;0;0;0;0;3176;0;0;95;0;200;0;
15166;6336663;1059401728;21790720;1200013312;0;0;0;0;0;0;0;0;0;0;0;6462;0;0;95;0;200;0;
15167;7774621;1059401728;21790720;1200013312;0;0;0;0;0;0;0;0;0;0;0;3196;0;0;95;0;200;0;
15168;5110755;1059401728;21790720;1200013312;0;0;0;0;0;0;0;0;0;0;0;4318;0;0;95;0;200;0;
15169;7975257;1059401728;21790720;1200013312;0;0;0;0;0;0;0;0;0;0;0;3456;0;0;95;0;200;0;
15170;4290386;1059401728;21790720;1200013312;0;0;0;0;0;0;0;0;0;0;0;3787;0;0;95;0;200;0;
15171;6160944;1059401728;21790720;1200013312;0;0;0;0;0;0;0;0;0;0;0;4128;0;0;95;0;200;0;
15172;6191461;1059401728;21790720;1200013312;0;0;0;0;0;0;0;0;0;0;0;3376;0;0;95;0;200;0;
15173;5121785;1059401728;21790720;1200013312;0;0;0;0;0;0;0;0;0;0;0;3106;0;0;95;0;200;0;
15174;6325863;1059401728;21790720;1200013312;0;0;0;0;0;0;0;0;0;0;0;3677;0;0;95;0;200;0;
15175;5780571;1059401728;21790720;1200013312;0;0;0;0;0;0;0;0;0;0;0;2836;0;0;95;0;200;0;
15176;6244100;1059401728;21790720;1200013312;0;0;0;0;0;0;0;0;0;0;0;4488;0;0;95;0;200;0;
15177;8101935;1059401728;21790720;1200013312;0;0;0;0;0;0;0;0;0;0;0;3316;0;0;95;0;200;0;
15178;6347193;1059401728;21790720;1200013312;0;0;0;0;0;0;0;0;0;0;0;3838;0;0;95;0;200;0;
15179;29377033;1059401728;21790720;1200013312;0;0;0;0;0;0;0;0;0;0;0;3316;0;0;95;0;200;0;
15180;5137185;1059401728;21790720;1200013312;0;0;0;0;0;0;0;0;0;0;0;2655;0;0;95;0;200;0;
15181;8885624;1059401728;21790720;1200013312;0;0;0;0;0;0;0;0;0;0;0;3347;0;0;95;0;200;0;
15182;7229909;1059401728;21790720;1200013312;0;0;0;0;0;0;0;0;0;0;0;3406;0;0;95;0;200;0;
15183;8448795;1059401728;21790720;1200013312;0;0;0;0;0;0;0;0;0;0;0;2745;0;0;95;0;200;0;
15184;4492996;1059401728;21790720;1200013312;0;0;0;0;0;0;0;0;0;0;0;3817;0;0;95;0;200;0;
15185;9391292;1059401728;21790720;1200013312;0;0;0;0;0;0;0;0;0;0;0;3898;0;0;95;0;200;0;
15186;5291363;1059401728;21790720;1200013312;0;0;0;0;0;0;0;0;0;0;0;3336;0;0;95;0;200;0;
15187;9052627;1059401728;21790720;1200013312;0;0;0;0;0;0;0;0;0;0;0;4379;0;0;95;0;200;0;
15188;7142896;1059401728;21790720;1200013312;0;0;0;0;0;0;0;0;0;0;0;3065;0;0;95;0;200;0;
15189;8428617;1059401728;21790720;1200013312;0;0;0;0;0;0;0;0;0;0;0;3727;0;0;95;0;200;0;
15190;6724391;1059401728;21790720;1200013312;0;0;0;0;0;0;0;0;0;0;0;3576;0;0;95;0;200;0;
15191;7423632;1059401728;21790720;1200013312;0;0;0;0;0;0;0;0;0;0;0;2294;0;0;95;0;200;0;
15192;4192372;1059401728;21790720;1200013312;0;0;0;0;0;0;0;0;0;0;0;2996;0;0;95;0;200;0;
15193;8672244;1059401728;21790720;1200013312;0;0;0;0;0;0;0;0;0;0;0;3927;0;0;95;0;200;0;
15194;6368383;1059401728;21790720;1200013312;0;0;0;0;0;0;0;0;0;0;0;3557;0;0;95;0;200;0;
15195;8750711;1059401728;21790720;1200013312;0;0;0;0;0;0;0;0;0;0;0;3657;0;0;95;0;200;0;
15196;7864478;1059401728;21790720;1200013312;0;0;0;0;0;0;0;0;0;0;0;3657;0;0;95;0;200;0;
15197;7810547;1059401728;21790720;1200013312;0;0;0;0;0;0;0;0;0;0;0;3136;0;0;95;0;200;0;
15198;6973788;1059401728;21790720;1200013312;0;0;0;0;0;0;0;0;0;0;0;3507;0;0;95;0;200;0;
15199;7025836;1059401728;21790720;1200013312;0;0;0;0;0;0;0;0;0;0;0;1924;0;0;95;0;200;0;
15200;6516752;1059401728;21790720;1200013312;0;0;0;0;0;0;0;0;0;0;0;4508;0;0;95;0;200;0;
15201;7802172;1059401728;21790720;1200013312;0;0;0;0;0;0;0;0;0;0;0;3196;0;0;95;0;200;0;
15202;8950345;1059401728;21790720;1200013312;0;0;0;0;0;0;0;0;0;0;0;3297;0;0;95;0;200;0;
15203;9461714;1059401728;21790720;1200013312;0;0;0;0;0;0;0;0;0;0;0;6462;0;0;95;0;200;0;
15204;5249465;1059401728;21790720;1200013312;0;0;0;0;0;0;0;0;0;0;0;3647;0;0;95;0;200;0;
15205;5992648;1059401728;21790720;1200013312;0;0;0;0;0;0;0;0;0;0;0;2495;0;0;95;0;200;0;
15206;6198274;1059401728;21790720;1200013312;0;0;0;0;0;0;0;0;0;0;0;362459;0;0;95;0;200;0;
15207;9211956;1059401728;21790720;1200013312;0;0;0;0;0;0;0;0;0;0;0;3226;0;0;95;0;200;0;
15208;5559997;1059401728;21790720;1200013312;0;0;0;0;0;0;0;0;0;0;0;4168;0;0;95;0;200;0;
15209;7436055;1059401728;21790720;1200013312;0;0;0;0;0;0;0;0;0;0;0;2375;0;0;95;0;200;0;
15210;7037798;1059401728;21790720;1200013312;0;0;0;0;0;0;0;0;0;0;0;3357;0;0;95;0;200;0;
15211;9129492;1059401728;21790720;1200013312;0;0;0;0;0;0;0;0;0;0;0;10750;0;0;95;0;200;0;
15212;6931179;1059401728;21790720;1200013312;0;0;0;0;0;0;0;0;0;0;0;3787;0;0;95;0;200;0;
15213;6602091;1059401728;21790720;1200013312;0;0;0;0;0;0;0;0;0;0;0;3567;0;0;95;0;200;0;
15214;5677818;1059401728;21790720;1200013312;0;0;0;0;0;0;0;0;0;0;0;3958;0;0;95;0;200;0;
15215;10841341;1059401728;21790720;1200013312;0;0;0;0;0;0;0;0;0;0;0;3516;0;0;95;0;200;0;
15216;5098983;1059401728;21790720;1200013312;0;0;0;0;0;0;0;0;0;0;0;3367;0;0;95;0;200;0;
15217;8530538;1059401728;21790720;1200013312;0;0;0;0;0;0;0;0;0;0;0;3406;0;0;95;0;200;0;
15218;5757097;1059401728;21790720;1200013312;0;0;0;0;0;0;0;0;0;0;0;3246;0;0;95;0;200;0;
15219;8745091;1059401728;21790720;1200013312;0;0;0;0;0;0;0;0;0;0;0;2655;0;0;95;0;200;0;
15220;8186714;1059401728;21790720;1200013312;0;0;0;0;0;0;0;0;0;0;0;3657;0;0;95;0;200;0;
15221;7084756;1059401728;21790720;1200013312;0;0;0;0;0;0;0;0;0;0;0;2875;0;0;95;0;200;0;
15222;8966526;1059401728;21790720;1200013312;0;0;0;0;0;0;0;0;0;0;0;4017;0;0;95;0;200;0;
15223;8258548;1059401728;21790720;1200013312;0;0;0;0;0;0;0;0;0;0;0;6402;0;0;95;0;200;0;
15224;7022991;1059401728;21790720;1200013312;0;0;0;0;0;0;0;0;0;0;0;3277;0;0;95;0;200;0;
15225;8990090;1059401728;21790720;1200013312;0;0;0;0;0;0;0;0;0;0;0;3857;0;0;95;0;200;0;
15226;6033665;1059401728;21790720;1200013312;0;0;0;0;0;0;0;0;0;0;0;3026;0;0;95;0;200;0;
15227;7807932;1059401728;21790720;1200013312;0;0;0;0;0;0;0;0;0;0;0;3317;0;0;95;0;200;0;
15228;5901968;1059401728;21790720;1200013312;0;0;0;0;0;0;0;0;0;0;0;3868;0;0;95;0;200;0;
15229;6993526;1059401728;21790720;1200013312;0;0;0;0;0;0;0;0;0;0;0;3045;0;0;95;0;200;0;
15230;7087391;1059401728;21790720;1200013312;0;0;0;0;0;0;0;0;0;0;0;4148;0;0;95;0;200;0;
15231;7151482;1059401728;21790720;1200013312;0;0;0;0;0;0;0;0;0;0;0;2445;0;0;95;0;200;0;
15232;7526996;1059401728;21790720;1200013312;0;0;0;0;0;0;0;0;0;0;0;3697;0;0;95;0;200;0;
15233;6580441;1059401728;21790720;1200013312;0;0;0;0;0;0;0;0;0;0;0;2635;0;0;95;0;200;0;
15234;4335360;1059401728;21790720;1200013312;0;0;0;0;0;0;0;0;0;0;0;4087;0;0;95;0;200;0;
15235;6793300;1059401728;21790720;1200013312;0;0;0;0;0;0;0;0;0;0;0;2765;0;0;95;0;200;0;
15236;5520804;1059401728;21790720;1200013312;0;0;0;0;0;0;0;0;0;0;0;3647;0;0;95;0;200;0;
15237;7293068;1059401728;21790720;1200013312;0;0;0;0;0;0;0;0;0;0;0;3287;0;0;95;0;200;0;
15238;5845333;1059401728;21790720;1200013312;0;0;0;0;0;0;0;0;0;0;0;2756;0;0;95;0;200;0;
15239;6232529;1059401728;21790720;1200013312;0;0;0;0;0;0;0;0;0;0;0;1874;0;0;95;0;200;0;
15240;8532732;1059401728;21790720;1200013312;0;0;0;0;0;0;0;0;0;0;0;3446;0;0;95;0;200;0;
15241;8075034;1059401728;21790720;1200013312;0;0;0;0;0;0;0;0;0;0;0;3887;0;0;95;0;200;0;
15242;7294720;1059401728;21790720;1200013312;0;0;0;0;0;0;0;0;0;0;0;3497;0;0;95;0;200;0;
15243;9518401;1059401728;21790720;1200013312;0;0;0;0;0;0;0;0;0;0;0;3747;0;0;95;0;200;0;
15244;6297140;1059401728;21790720;1200013312;0;0;0;0;0;0;0;0;0;0;0;3196;0;0;95;0;200;0;
15245;9703809;1059401728;21790720;1200013312;0;0;0;0;0;0;0;0;0;0;0;3857;0;0;95;0;200;0;
15246;6765889;1059401728;21790720;1200013312;0;0;0;0;0;0;0;0;0;0;0;3687;0;0;95;0;200;0;
15247;9307535;1059401728;21790720;1200013312;0;0;0;0;0;0;0;0;0;0;0;3176;0;0;95;0;200;0;
15248;6223782;1059401728;21790720;1200013312;0;0;0;0;0;0;0;0;0;0;0;3687;0;0;95;0;200;0;
15249;6226627;1059401728;21790720;1200013312;0;0;0;0;0;0;0;0;0;0;0;2675;0;0;95;0;200;0;
15250;7435705;1059401728;21790720;1200013312;0;0;0;0;0;0;0;0;0;0;0;4729;0;0;95;0;200;0;
15251;7848148;1059401728;21790720;1200013312;0;0;0;0;0;0;0;0;0;0;0;3636;0;0;95;0;200;0;
15252;5504673;1059401728;21790720;1200013312;0;0;0;0;0;0;0;0;0;0;0;4308;0;0;95;0;200;0;
15253;7718675;1059401728;21790720;1200013312;0;0;0;0;0;0;0;0;0;0;0;2735;0;0;95;0;200;0;
15254;5058437;1059401728;21790720;1200013312;0;0;0;0;0;0;0;0;0;0;0;4258;0;0;95;0;200;0;
15255;9418033;1059401728;21790720;1200013312;0;0;0;0;0;0;0;0;0;0;0;3778;0;0;95;0;200;0;
15256;5280703;1059401728;21790720;1200013312;0;0;0;0;0;0;0;0;0;0;0;4107;0;0;95;0;200;0;
15257;7508551;1059401728;21790720;1200013312;0;0;0;0;0;0;0;0;0;0;0;3957;0;0;95;0;200;0;
15258;5961700;1059401728;21790720;1200013312;0;0;0;0;0;0;0;0;0;0;0;3928;0;0;95;0;200;0;
15259;5888803;1059401728;21790720;1200013312;0;0;0;0;0;0;0;0;0;0;0;2745;0;0;95;0;200;0;
15260;9065722;1059401728;21790720;1200013312;0;0;0;0;0;0;0;0;0;0;0;4469;0;0;95;0;200;0;
15261;6911862;1059401728;21790720;1200013312;0;0;0;0;0;0;0;0;0;0;0;3707;0;0;95;0;200;0;
15262;7459219;1059401728;21790720;1200013312;0;0;0;0;0;0;0;0;0;0;0;3978;0;0;95;0;200;0;
15263;10592836;1059401728;21790720;1200013312;0;0;0;0;0;0;0;0;0;0;0;3677;0;0;95;0;200;0;
15264;6151567;1059401728;21790720;1200013312;0;0;0;0;0;0;0;0;0;0;0;3165;0;0;95;0;200;0;
15265;7781434;1059401728;21790720;1200013312;0;0;0;0;0;0;0;0;0;0;0;3327;0;0;95;0;200;0;
15266;5720278;1059401728;21790720;1200013312;0;0;0;0;0;0;0;0;0;0;0;2395;0;0;95;0;200;0;
15267;6782750;1059401728;21790720;1200013312;0;0;0;0;0;0;0;0;0;0;0;2846;0;0;95;0;200;0;
15268;8483660;1059401728;21790720;1200013312;0;0;0;0;0;0;0;0;0;0;0;3086;0;0;95;0;200;0;
15269;7471673;1059401728;21790720;1200013312;0;0;0;0;0;0;0;0;0;0;0;4638;0;0;95;0;200;0;
15270;5532616;1059401728;21790720;1200013312;0;0;0;0;0;0;0;0;0;0;0;3908;0;0;95;0;200;0;
15271;7644296;1059401728;21790720;1200013312;0;0;0;0;0;0;0;0;0;0;0;2876;0;0;95;0;200;0;
15272;5178211;1059401728;21790720;1200013312;0;0;0;0;0;0;0;0;0;0;0;4208;0;0;95;0;200;0;
15273;12210489;1059401728;21790720;1200013312;0;0;0;0;0;0;0;0;0;0;0;2555;0;0;95;0;200;0;
15274;4694504;1059401728;21790720;1200013312;0;0;0;0;0;0;0;0;0;0;0;3948;0;0;95;0;200;0;
15275;7820086;1059401728;21790720;1200013312;0;0;0;0;0;0;0;0;0;0;0;4468;0;0;95;0;200;0;
15276;5373647;1059401728;21790720;1200013312;0;0;0;0;0;0;0;0;0;0;0;2845;0;0;95;0;200;0;
15277;6521490;1059401728;21790720;1200013312;0;0;0;0;0;0;0;0;0;0;0;3096;0;0;95;0;200;0;
15278;5676916;1059401728;21790720;1200013312;0;0;0;0;0;0;0;0;0;0;0;3337;0;0;95;0;200;0;
15279;6683635;1059401728;21790720;1200013312;0;0;0;0;0;0;0;0;0;0;0;5510;0;0;95;0;200;0;
15280;3420165;1059401728;21790720;1200013312;0;0;0;0;0;0;0;0;0;0;0;4028;0;0;95;0;200;0;
15281;6902846;1059401728;21790720;1200013312;0;0;0;0;0;0;0;0;0;0;0;2564;0;0;95;0;200;0;
15282;4200708;1059401728;21790720;1200013312;0;0;0;0;0;0;0;0;0;0;0;3507;0;0;95;0;200;0;
15283;7754062;1059401728;21790720;1200013312;0;0;0;0;0;0;0;0;0;0;0;3416;0;0;95;0;200;0;
15284;4544273;1059401728;21790720;1200013312;0;0;0;0;0;0;0;0;0;0;0;2855;0;0;95;0;200;0;
15285;8004802;1059401728;21790720;1200013312;0;0;0;0;0;0;0;0;0;0;0;4028;0;0;95;0;200;0;
15286;5143506;1059401728;21790720;1200013312;0;0;0;0;0;0;0;0;0;0;0;3697;0;0;95;0;200;0;
15287;9102340;1059401728;21790720;1200013312;0;0;0;0;0;0;0;0;0;0;0;3687;0;0;95;0;200;0;
15288;5437026;1059401728;21790720;1200013312;0;0;0;0;0;0;0;0;0;0;0;4678;0;0;95;0;200;0;
15289;7934551;1059401728;21790720;1200013312;0;0;0;0;0;0;0;0;0;0;0;4558;0;0;95;0;200;0;
15290;3593319;1059401728;21790720;1200013312;0;0;0;0;0;0;0;0;0;0;0;3206;0;0;95;0;200;0;
15291;8171274;1059401728;21790720;1200013312;0;0;0;0;0;0;0;0;0;0;0;4378;0;0;95;0;200;0;
15292;4526488;1059401728;21790720;1200013312;0;0;0;0;0;0;0;0;0;0;0;3086;0;0;95;0;200;0;
15293;6894199;1059401728;21790720;1200013312;0;0;0;0;0;0;0;0;0;0;0;3948;0;0;95;0;200;0;
15294;5901899;1059401728;21790720;1200013312;0;0;0;0;0;0;0;0;0;0;0;4238;0;0;95;0;200;0;
15295;6954302;1059401728;21790720;1200013312;0;0;0;0;0;0;0;0;0;0;0;3276;0;0;95;0;200;0;
15296;6064153;1059401728;21790720;1200013312;0;0;0;0;0;0;0;0;0;0;0;4188;0;0;95;0;200;0;
15297;8403781;1059401728;21790720;1200013312;0;0;0;0;0;0;0;0;0;0;0;3196;0;0;95;0;200;0;
15298;6281611;1059401728;21798912;1200021504;0;0;0;0;0;0;0;0;0;0;0;3877;0;0;95;0;200;0;
15299;6270910;1059401728;21798912;1200021504;0;0;0;0;0;0;0;0;0;0;0;2816;0;0;95;0;200;0;
15300;6126850;1059401728;21798912;1200021504;0;0;0;0;0;0;0;0;0;0;0;2835;0;0;95;0;200;0;
15301;6815902;1059401728;21798912;1200021504;0;0;0;0;0;0;0;0;0;0;0;2595;0;0;95;0;200;0;
15302;6865716;1059401728;21798912;1200021504;0;0;0;0;0;0;0;0;0;0;0;3317;0;0;95;0;200;0;
15303;8495512;1059401728;21798912;1200021504;0;0;0;0;0;0;0;0;0;0;0;4258;0;0;95;0;200;0;
15304;8565744;1059401728;21790720;1200013312;0;0;0;0;0;0;0;0;0;0;0;3316;0;0;95;0;200;0;
15305;9895488;1059401728;21790720;1200013312;0;0;0;0;0;0;0;0;0;0;0;4548;0;0;95;0;200;0;
15306;5972872;1059401728;21790720;1200013312;0;0;0;0;0;0;0;0;0;0;0;3407;0;0;95;0;200;0;
15307;7457696;1059401728;21790720;1200013312;0;0;0;0;0;0;0;0;0;0;0;3246;0;0;95;0;200;0;
15308;6509117;1059401728;21790720;1200013312;0;0;0;0;0;0;0;0;0;0;0;4869;0;0;95;0;200;0;
15309;7103151;1059401728;21790720;1200013312;0;0;0;0;0;0;0;0;0;0;0;3156;0;0;95;0;200;0;
15310;5585986;1059401728;21790720;1200013312;0;0;0;0;0;0;0;0;0;0;0;5831;0;0;95;0;200;0;
15311;8791017;1059401728;21790720;1200013312;0;0;0;0;0;0;0;0;0;0;0;3016;0;0;95;0;200;0;
15312;7442889;1059401728;21790720;1200013312;0;0;0;0;0;0;0;0;0;0;0;3918;0;0;95;0;200;0;
15313;6910931;1059401728;21790720;1200013312;0;0;0;0;0;0;0;0;0;0;0;4388;0;0;95;0;200;0;
15314;5468345;1059401728;21790720;1200013312;0;0;0;0;0;0;0;0;0;0;0;3567;0;0;95;0;200;0;
15315;9157964;1059401728;21790720;1200013312;0;0;0;0;0;0;0;0;0;0;0;4559;0;0;95;0;200;0;
15316;5391972;1059401728;21790720;1200013312;0;0;0;0;0;0;0;0;0;0;0;4929;0;0;95;0;200;0;
15317;8507815;1059401728;21790720;1200013312;0;0;0;0;0;0;0;0;0;0;0;3026;0;0;95;0;200;0;
15318;7297966;1059401728;21790720;1200013312;0;0;0;0;0;0;0;0;0;0;0;3256;0;0;95;0;200;0;
15319;8147670;1059401728;21790720;1200013312;0;0;0;0;0;0;0;0;0;0;0;3837;0;0;95;0;200;0;
15320;7276887;1059401728;21790720;1200013312;0;0;0;0;0;0;0;0;0;0;0;4759;0;0;95;0;200;0;
15321;7933368;1059401728;21790720;1200013312;0;0;0;0;0;0;0;0;0;0;0;2906;0;0;95;0;200;0;
15322;7113180;1059401728;21790720;1200013312;0;0;0;0;0;0;0;0;0;0;0;3827;0;0;95;0;200;0;
15323;9057446;1059401728;21790720;1200013312;0;0;0;0;0;0;0;0;0;0;0;3416;0;0;95;0;200;0;
15324;6864123;1059401728;21790720;1200013312;0;0;0;0;0;0;0;0;0;0;0;3737;0;0;95;0;200;0;
15325;8675240;1059401728;21790720;1200013312;0;0;0;0;0;0;0;0;0;0;0;4719;0;0;95;0;200;0;
15326;7268932;1059401728;21790720;1200013312;0;0;0;0;0;0;0;0;0;0;0;2985;0;0;95;0;200;0;
15327;8774636;1059401728;21790720;1200013312;0;0;0;0;0;0;0;0;0;0;0;4038;0;0;95;0;200;0;
15328;6827705;1059401728;21790720;1200013312;0;0;0;0;0;0;0;0;0;0;0;3196;0;0;95;0;200;0;
15329;10364327;1059401728;21790720;1200013312;0;0;0;0;0;0;0;0;0;0;0;4609;0;0;95;0;200;0;
15330;9411290;1059401728;21790720;1200013312;0;0;0;0;0;0;0;0;0;0;0;6712;0;0;95;0;200;0;
15331;9708687;1059401728;21790720;1200013312;0;0;0;0;0;0;0;0;0;0;0;3697;0;0;95;0;200;0;
15332;10234965;1059401728;21790720;1200013312;0;0;0;0;0;0;0;0;0;0;0;4378;0;0;95;0;200;0;
15333;7257110;1059401728;21790720;1200013312;0;0;0;0;0;0;0;0;0;0;0;4218;0;0;95;0;200;0;
15334;8747515;1059401728;21790720;1200013312;0;0;0;0;0;0;0;0;0;0;0;3818;0;0;95;0;200;0;
15335;8936861;1059401728;21790720;1200013312;0;0;0;0;0;0;0;0;0;0;0;4949;0;0;95;0;200;0;
15336;6901553;1059401728;21790720;1200013312;0;0;0;0;0;0;0;0;0;0;0;3617;0;0;95;0;200;0;
15337;11547466;1059401728;21790720;1200013312;0;0;0;0;0;0;0;0;0;0;0;2956;0;0;95;0;200;0;
15338;7006169;1059401728;21790720;1200013312;0;0;0;0;0;0;0;0;0;0;0;3646;0;0;95;0;200;0;
15339;9007443;1059401728;21790720;1200013312;0;0;0;0;0;0;0;0;0;0;0;3647;0;0;95;0;200;0;
15340;5785320;1059401728;21790720;1200013312;0;0;0;0;0;0;0;0;0;0;0;3527;0;0;95;0;200;0;
15341;11558998;1059401728;21790720;1200013312;0;0;0;0;0;0;0;0;0;0;0;3737;0;0;95;0;200;0;
15342;8933403;1059401728;21790720;1200013312;0;0;0;0;0;0;0;0;0;0;0;3977;0;0;95;0;200;0;
15343;11165840;1059401728;21790720;1200013312;0;0;0;0;0;0;0;0;0;0;0;4489;0;0;95;0;200;0;
15344;3977569;1059401728;21790720;1200013312;0;0;0;0;0;0;0;0;0;0;0;3316;0;0;95;0;200;0;
15345;6980952;1059401728;21790720;1200013312;0;0;0;0;0;0;0;0;0;0;0;2745;0;0;95;0;200;0;
15346;8266413;1059401728;21790720;1200013312;0;0;0;0;0;0;0;0;0;0;0;4669;0;0;95;0;200;0;
15347;8183497;1059401728;21790720;1200013312;0;0;0;0;0;0;0;0;0;0;0;3897;0;0;95;0;200;0;
15348;5593330;1059401728;21790720;1200013312;0;0;0;0;0;0;0;0;0;0;0;3477;0;0;95;0;200;0;
15349;9225912;1059401728;21790720;1200013312;0;0;0;0;0;0;0;0;0;0;0;4288;0;0;95;0;200;0;
15350;5267369;1059401728;21790720;1200013312;0;0;0;0;0;0;0;0;0;0;0;2986;0;0;95;0;200;0;
15351;9819486;1059401728;21790720;1200013312;0;0;0;0;0;0;0;0;0;0;0;2895;0;0;95;0;200;0;
15352;4637598;1059401728;21790720;1200013312;0;0;0;0;0;0;0;0;0;0;0;2755;0;0;95;0;200;0;
15353;8133834;1059401728;21790720;1200013312;0;0;0;0;0;0;0;0;0;0;0;3777;0;0;95;0;200;0;
15354;6484050;1059401728;21790720;1200013312;0;0;0;0;0;0;0;0;0;0;0;3526;0;0;95;0;200;0;
15355;8247998;1059401728;21790720;1200013312;0;0;0;0;0;0;0;0;0;0;0;157946;0;0;95;0;200;0;
15356;5639627;1059401728;21790720;1200013312;0;0;0;0;0;0;0;0;0;0;0;3136;0;0;95;0;200;0;
15357;8918867;1059401728;21790720;1200013312;0;0;0;0;0;0;0;0;0;0;0;3166;0;0;95;0;200;0;
15358;9427280;1059401728;21790720;1200013312;0;0;0;0;0;0;0;0;0;0;0;4469;0;0;95;0;200;0;
15359;11936015;1059401728;21790720;1200013312;0;0;0;0;0;0;0;0;0;0;0;5751;0;0;95;0;200;0;
15360;5068745;1059401728;21790720;1200013312;0;0;0;0;0;0;0;0;0;0;0;3997;0;0;95;0;200;0;
15361;9737822;1059401728;21790720;1200013312;0;0;0;0;0;0;0;0;0;0;0;3526;0;0;95;0;200;0;
15362;8067911;1059401728;21798912;1200021504;0;0;0;0;0;0;0;0;0;0;0;3817;0;0;95;0;200;0;
15363;9776615;1059401728;21798912;1200021504;0;0;0;0;0;0;0;0;0;0;0;4057;0;0;95;0;200;0;
15364;7405418;1059401728;21798912;1200021504;0;0;0;0;0;0;0;0;0;0;0;4338;0;0;95;0;200;0;
15365;9445254;1059401728;21798912;1200021504;0;0;0;0;0;0;0;0;0;0;0;3256;0;0;95;0;200;0;
15366;6895943;1059401728;21798912;1200021504;0;0;0;0;0;0;0;0;0;0;0;2956;0;0;95;0;200;0;
15367;10763165;1059401728;21798912;1200021504;0;0;0;0;0;0;0;0;0;0;0;3477;0;0;95;0;200;0;
15368;3533406;1059401728;21790720;1200013312;0;0;0;0;0;0;0;0;0;0;0;3166;0;0;95;0;200;0;
15369;8982726;1059401728;21790720;1200013312;0;0;0;0;0;0;0;0;0;0;0;3337;0;0;95;0;200;0;
15370;5374189;1059401728;21790720;1200013312;0;0;0;0;0;0;0;0;0;0;0;3517;0;0;95;0;200;0;
15371;5407151;1059401728;21790720;1200013312;0;0;0;0;0;0;0;0;0;0;0;2755;0;0;95;0;200;0;
15372;6282512;1059401728;21790720;1200013312;0;0;0;0;0;0;0;0;0;0;0;2845;0;0;95;0;200;0;
15373;8025751;1059401728;21790720;1200013312;0;0;0;0;0;0;0;0;0;0;0;4738;0;0;95;0;200;0;
15374;7479146;1059401728;21790720;1200013312;0;0;0;0;0;0;0;0;0;0;0;3737;0;0;95;0;200;0;
15375;8820001;1059401728;21790720;1200013312;0;0;0;0;0;0;0;0;0;0;0;3637;0;0;95;0;200;0;
15376;3604590;1059401728;21790720;1200013312;0;0;0;0;0;0;0;0;0;0;0;3527;0;0;95;0;200;0;
15377;9359723;1059401728;21790720;1200013312;0;0;0;0;0;0;0;0;0;0;0;4098;0;0;95;0;200;0;
15378;5516436;1059401728;21790720;1200013312;0;0;0;0;0;0;0;0;0;0;0;3947;0;0;95;0;200;0;
15379;9536334;1059401728;21790720;1200013312;0;0;0;0;0;0;0;0;0;0;0;3105;0;0;95;0;200;0;
15380;10296069;1059401728;21790720;1200013312;0;0;0;0;0;0;0;0;0;0;0;3717;0;0;95;0;200;0;
15381;7635499;1059401728;21790720;1200013312;0;0;0;0;0;0;0;0;0;0;0;3877;0;0;95;0;200;0;
15382;6191100;1059401728;21790720;1200013312;0;0;0;0;0;0;0;0;0;0;0;3297;0;0;95;0;200;0;
15383;7464349;1059401728;21790720;1200013312;0;0;0;0;0;0;0;0;0;0;0;3697;0;0;95;0;200;0;
15384;6268626;1059401728;21790720;1200013312;0;0;0;0;0;0;0;0;0;0;0;3757;0;0;95;0;200;0;
15385;6677433;1059401728;21790720;1200013312;0;0;0;0;0;0;0;0;0;0;0;3697;0;0;95;0;200;0;
15386;6929295;1059401728;21790720;1200013312;0;0;0;0;0;0;0;0;0;0;0;4588;0;0;95;0;200;0;
15387;8471768;1059401728;21790720;1200013312;0;0;0;0;0;0;0;0;0;0;0;3055;0;0;95;0;200;0;
15388;8331314;1059401728;21790720;1200013312;0;0;0;0;0;0;0;0;0;0;0;3758;0;0;95;0;200;0;
15389;9981930;1059401728;21790720;1200013312;0;0;0;0;0;0;0;0;0;0;0;3427;0;0;95;0;200;0;
15390;6997293;1059401728;21790720;1200013312;0;0;0;0;0;0;0;0;0;0;0;4318;0;0;95;0;200;0;
15391;7939750;1059401728;21790720;1200013312;0;0;0;0;0;0;0;0;0;0;0;4288;0;0;95;0;200;0;
15392;6255161;1059401728;21790720;1200013312;0;0;0;0;0;0;0;0;0;0;0;2866;0;0;95;0;200;0;
15393;7244285;1059401728;21790720;1200013312;0;0;0;0;0;0;0;0;0;0;0;3627;0;0;95;0;200;0;
15394;7735026;1059401728;21790720;1200013312;0;0;0;0;0;0;0;0;0;0;0;4088;0;0;95;0;200;0;
15395;8396537;1059401728;21790720;1200013312;0;0;0;0;0;0;0;0;0;0;0;3787;0;0;95;0;200;0;
15396;6594688;1059401728;21790720;1200013312;0;0;0;0;0;0;0;0;0;0;0;4098;0;0;95;0;200;0;
15397;7748050;1059401728;21790720;1200013312;0;0;0;0;0;0;0;0;0;0;0;2795;0;0;95;0;200;0;
15398;6424589;1059401728;21790720;1200013312;0;0;0;0;0;0;0;0;0;0;0;3286;0;0;95;0;200;0;
15399;7301843;1059401728;21790720;1200013312;0;0;0;0;0;0;0;0;0;0;0;3246;0;0;95;0;200;0;
15400;8051800;1059401728;21790720;1200013312;0;0;0;0;0;0;0;0;0;0;0;3186;0;0;95;0;200;0;
15401;10303694;1059401728;21790720;1200013312;0;0;0;0;0;0;0;0;0;0;0;4539;0;0;95;0;200;0;
15402;5752498;1059401728;21790720;1200013312;0;0;0;0;0;0;0;0;0;0;0;3146;0;0;95;0;200;0;
15403;6733006;1059401728;21790720;1200013312;0;0;0;0;0;0;0;0;0;0;0;2845;0;0;95;0;200;0;
15404;6629453;1059401728;21790720;1200013312;0;0;0;0;0;0;0;0;0;0;0;4579;0;0;95;0;200;0;
15405;5727501;1059401728;21790720;1200013312;0;0;0;0;0;0;0;0;0;0;0;2315;0;0;95;0;200;0;
15406;5341277;1059401728;21790720;1200013312;0;0;0;0;0;0;0;0;0;0;0;3526;0;0;95;0;200;0;
15407;9474298;1059401728;21790720;1200013312;0;0;0;0;0;0;0;0;0;0;0;3146;0;0;95;0;200;0;
15408;5374058;1059401728;21790720;1200013312;0;0;0;0;0;0;0;0;0;0;0;3236;0;0;95;0;200;0;
15409;9151332;1059401728;21790720;1200013312;0;0;0;0;0;0;0;0;0;0;0;2795;0;0;95;0;200;0;
15410;3988330;1059401728;21790720;1200013312;0;0;0;0;0;0;0;0;0;0;0;3717;0;0;95;0;200;0;
15411;7766896;1059401728;21790720;1200013312;0;0;0;0;0;0;0;0;0;0;0;3096;0;0;95;0;200;0;
15412;5909372;1059401728;21790720;1200013312;0;0;0;0;0;0;0;0;0;0;0;3306;0;0;95;0;200;0;
15413;6999506;1059401728;21790720;1200013312;0;0;0;0;0;0;0;0;0;0;0;2905;0;0;95;0;200;0;
15414;5455221;1059401728;21790720;1200013312;0;0;0;0;0;0;0;0;0;0;0;3256;0;0;95;0;200;0;
15415;8313060;1059401728;21790720;1200013312;0;0;0;0;0;0;0;0;0;0;0;4879;0;0;95;0;200;0;
15416;6119566;1059401728;21790720;1200013312;0;0;0;0;0;0;0;0;0;0;0;3427;0;0;95;0;200;0;
15417;8702991;1059401728;21790720;1200013312;0;0;0;0;0;0;0;0;0;0;0;5030;0;0;95;0;200;0;
15418;9284983;1059401728;21790720;1200013312;0;0;0;0;0;0;0;0;0;0;0;3296;0;0;95;0;200;0;
15419;9760745;1059401728;21790720;1200013312;0;0;0;0;0;0;0;0;0;0;0;2886;0;0;95;0;200;0;
15420;7873797;1059401728;21790720;1200013312;0;0;0;0;0;0;0;0;0;0;0;3626;0;0;95;0;200;0;
15421;7807031;1059401728;21790720;1200013312;0;0;0;0;0;0;0;0;0;0;0;4117;0;0;95;0;200;0;
15422;4904668;1059401728;21790720;1200013312;0;0;0;0;0;0;0;0;0;0;0;3677;0;0;95;0;200;0;
15423;11975268;1059401728;21790720;1200013312;0;0;0;0;0;0;0;0;0;0;0;2915;0;0;95;0;200;0;
15424;4735431;1059401728;21790720;1200013312;0;0;0;0;0;0;0;0;0;0;0;3657;0;0;95;0;200;0;
15425;8616189;1059401728;21790720;1200013312;0;0;0;0;0;0;0;0;0;0;0;3406;0;0;95;0;200;0;
15426;4613302;1059401728;21790720;1200013312;0;0;0;0;0;0;0;0;0;0;0;3186;0;0;95;0;200;0;
15427;7056664;1059401728;21790720;1200013312;0;0;0;0;0;0;0;0;0;0;0;2114;0;0;95;0;200;0;
15428;6376589;1059401728;21790720;1200013312;0;0;0;0;0;0;0;0;0;0;0;3486;0;0;95;0;200;0;
15429;8371560;1059401728;21790720;1200013312;0;0;0;0;0;0;0;0;0;0;0;3767;0;0;95;0;200;0;
15430;5468134;1059401728;21798912;1200021504;0;0;0;0;0;0;0;0;0;0;0;2816;0;0;95;0;200;0;
15431;7397233;1059401728;21798912;1200021504;0;0;0;0;0;0;0;0;0;0;0;2554;0;0;95;0;200;0;
15432;4408006;1059401728;21798912;1200021504;0;0;0;0;0;0;0;0;0;0;0;3176;0;0;95;0;200;0;
15433;4434807;1059401728;21798912;1200021504;0;0;0;0;0;0;0;0;0;0;0;2034;0;0;95;0;200;0;
15434;6038454;1059401728;21798912;1200021504;0;0;0;0;0;0;0;0;0;0;0;3878;0;0;95;0;200;0;
15435;6076326;1059401728;21798912;1200021504;0;0;0;0;0;0;0;0;0;0;0;2304;0;0;95;0;200;0;
15436;6096854;1059401728;21790720;1200013312;0;0;0;0;0;0;0;0;0;0;0;3156;0;0;95;0;200;0;
15437;6482286;1059401728;21790720;1200013312;0;0;0;0;0;0;0;0;0;0;0;2975;0;0;95;0;200;0;
15438;5536002;1059401728;21790720;1200013312;0;0;0;0;0;0;0;0;0;0;0;3577;0;0;95;0;200;0;
15439;8122232;1059401728;21790720;1200013312;0;0;0;0;0;0;0;0;0;0;0;3387;0;0;95;0;200;0;
15440;5065440;1059401728;21790720;1200013312;0;0;0;0;0;0;0;0;0;0;0;3126;0;0;95;0;200;0;
15441;8484241;1059401728;21790720;1200013312;0;0;0;0;0;0;0;0;0;0;0;2675;0;0;95;0;200;0;
15442;4385724;1059401728;21790720;1200013312;0;0;0;0;0;0;0;0;0;0;0;3527;0;0;95;0;200;0;
15443;8338267;1059401728;21790720;1200013312;0;0;0;0;0;0;0;0;0;0;0;3957;0;0;95;0;200;0;
15444;4346160;1059401728;21790720;1200013312;0;0;0;0;0;0;0;0;0;0;0;2965;0;0;95;0;200;0;
15445;7264824;1059401728;21790720;1200013312;0;0;0;0;0;0;0;0;0;0;0;2214;0;0;95;0;200;0;
15446;5433740;1059401728;21790720;1200013312;0;0;0;0;0;0;0;0;0;0;0;4608;0;0;95;0;200;0;
15447;8063452;1059401728;21790720;1200013312;0;0;0;0;0;0;0;0;0;0;0;2274;0;0;95;0;200;0;
15448;4580851;1059401728;21790720;1200013312;0;0;0;0;0;0;0;0;0;0;0;3046;0;0;95;0;200;0;
15449;7799667;1059401728;21790720;1200013312;0;0;0;0;0;0;0;0;0;0;0;2876;0;0;95;0;200;0;
15450;4364976;1059401728;21790720;1200013312;0;0;0;0;0;0;0;0;0;0;0;3397;0;0;95;0;200;0;
15451;7441767;1059401728;21790720;1200013312;0;0;0;0;0;0;0;0;0;0;0;3466;0;0;95;0;200;0;
15452;3564635;1059401728;21790720;1200013312;0;0;0;0;0;0;0;0;0;0;0;3617;0;0;95;0;200;0;
15453;6881125;1059401728;21790720;1200013312;0;0;0;0;0;0;0;0;0;0;0;2364;0;0;95;0;200;0;
15454;3775100;1059401728;21790720;1200013312;0;0;0;0;0;0;0;0;0;0;0;3186;0;0;95;0;200;0;
15455;6591090;1059401728;21790720;1200013312;0;0;0;0;0;0;0;0;0;0;0;2945;0;0;95;0;200;0;
15456;6695747;1059401728;21790720;1200013312;0;0;0;0;0;0;0;0;0;0;0;3216;0;0;95;0;200;0;
15457;8239432;1059401728;21790720;1200013312;0;0;0;0;0;0;0;0;0;0;0;3216;0;0;95;0;200;0;
15458;4782429;1059401728;21790720;1200013312;0;0;0;0;0;0;0;0;0;0;0;3377;0;0;95;0;200;0;
15459;7708045;1059401728;21790720;1200013312;0;0;0;0;0;0;0;0;0;0;0;2805;0;0;95;0;200;0;
15460;4780686;1059401728;21790720;1200013312;0;0;0;0;0;0;0;0;0;0;0;2755;0;0;95;0;200;0;
15461;7068476;1059401728;21790720;1200013312;0;0;0;0;0;0;0;0;0;0;0;3327;0;0;95;0;200;0;
15462;4256192;1059401728;21790720;1200013312;0;0;0;0;0;0;0;0;0;0;0;3397;0;0;95;0;200;0;
15463;6468330;1059401728;21790720;1200013312;0;0;0;0;0;0;0;0;0;0;0;3757;0;0;95;0;200;0;
15464;5146863;1059401728;21790720;1200013312;0;0;0;0;0;0;0;0;0;0;0;3877;0;0;95;0;200;0;
15465;8194307;1059401728;21790720;1200013312;0;0;0;0;0;0;0;0;0;0;0;5109;0;0;95;0;200;0;
15466;4839025;1059401728;21790720;1200013312;0;0;0;0;0;0;0;0;0;0;0;3286;0;0;95;0;200;0;
15467;9591087;1059401728;21790720;1200013312;0;0;0;0;0;0;0;0;0;0;0;5560;0;0;95;0;200;0;
15468;4928663;1059401728;21790720;1200013312;0;0;0;0;0;0;0;0;0;0;0;3818;0;0;95;0;200;0;
15469;8942520;1059401728;21790720;1200013312;0;0;0;0;0;0;0;0;0;0;0;3747;0;0;95;0;200;0;
15470;5034521;1059401728;21790720;1200013312;0;0;0;0;0;0;0;0;0;0;0;3106;0;0;95;0;200;0;
15471;9332462;1059401728;21790720;1200013312;0;0;0;0;0;0;0;0;0;0;0;4168;0;0;95;0;200;0;
15472;4818717;1059401728;21790720;1200013312;0;0;0;0;0;0;0;0;0;0;0;4508;0;0;95;0;200;0;
15473;7833731;1059401728;21790720;1200013312;0;0;0;0;0;0;0;0;0;0;0;4508;0;0;95;0;200;0;
15474;3862945;1059401728;21790720;1200013312;0;0;0;0;0;0;0;0;0;0;0;3506;0;0;95;0;200;0;
15475;7169245;1059401728;21790720;1200013312;0;0;0;0;0;0;0;0;0;0;0;4118;0;0;95;0;200;0;
15476;4730642;1059401728;21790720;1200013312;0;0;0;0;0;0;0;0;0;0;0;3046;0;0;95;0;200;0;
15477;6506292;1059401728;21790720;1200013312;0;0;0;0;0;0;0;0;0;0;0;2484;0;0;95;0;200;0;
15478;7242482;1059401728;21790720;1200013312;0;0;0;0;0;0;0;0;0;0;0;2746;0;0;95;0;200;0;
15479;8988066;1059401728;21790720;1200013312;0;0;0;0;0;0;0;0;0;0;0;35637;0;0;95;0;200;0;
15480;5139398;1059401728;21790720;1200013312;0;0;0;0;0;0;0;0;0;0;0;3126;0;0;95;0;200;0;
15481;7436587;1059401728;21790720;1200013312;0;0;0;0;0;0;0;0;0;0;0;2395;0;0;95;0;200;0;
15482;6292812;1059401728;21790720;1200013312;0;0;0;0;0;0;0;0;0;0;0;3096;0;0;95;0;200;0;
15483;7985646;1059401728;21790720;1200013312;0;0;0;0;0;0;0;0;0;0;0;2384;0;0;95;0;200;0;
15484;4077267;1059401728;21790720;1200013312;0;0;0;0;0;0;0;0;0;0;0;2685;0;0;95;0;200;0;
15485;7965318;1059401728;21790720;1200013312;0;0;0;0;0;0;0;0;0;0;0;3526;0;0;95;0;200;0;
15486;5023300;1059401728;21790720;1200013312;0;0;0;0;0;0;0;0;0;0;0;3417;0;0;95;0;200;0;
15487;6285618;1059401728;21790720;1200013312;0;0;0;0;0;0;0;0;0;0;0;4007;0;0;95;0;200;0;
15488;7964967;1059401728;21790720;1200013312;0;0;0;0;0;0;0;0;0;0;0;3627;0;0;95;0;200;0;
15489;7168424;1059401728;21790720;1200013312;0;0;0;0;0;0;0;0;0;0;0;3456;0;0;95;0;200;0;
15490;8343507;1059401728;21790720;1200013312;0;0;0;0;0;0;0;0;0;0;0;3386;0;0;95;0;200;0;
15491;7639928;1059401728;21790720;1200013312;0;0;0;0;0;0;0;0;0;0;0;2665;0;0;95;0;200;0;
15492;6926159;1059401728;21790720;1200013312;0;0;0;0;0;0;0;0;0;0;0;4198;0;0;95;0;200;0;
15493;7723284;1059401728;21790720;1200013312;0;0;0;0;0;0;0;0;0;0;0;3286;0;0;95;0;200;0;
15494;7746127;1059401728;21790720;1200013312;0;0;0;0;0;0;0;0;0;0;0;2846;0;0;95;0;200;0;
15495;8016584;1059401728;21790720;1200013312;0;0;0;0;0;0;0;0;0;0;0;3486;0;0;95;0;200;0;
15496;6375306;1059401728;21790720;1200013312;0;0;0;0;0;0;0;0;0;0;0;3687;0;0;95;0;200;0;
15497;6428977;1059401728;21790720;1200013312;0;0;0;0;0;0;0;0;0;0;0;3357;0;0;95;0;200;0;
15498;6256253;1059401728;21790720;1200013312;0;0;0;0;0;0;0;0;0;0;0;3045;0;0;95;0;200;0;
15499;7139108;1059401728;21790720;1200013312;0;0;0;0;0;0;0;0;0;0;0;3096;0;0;95;0;200;0;
15500;6536157;1059401728;21790720;1200013312;0;0;0;0;0;0;0;0;0;0;0;2955;0;0;95;0;200;0;
15501;6376519;1059401728;21790720;1200013312;0;0;0;0;0;0;0;0;0;0;0;2595;0;0;95;0;200;0;
15502;7439482;1059401728;21790720;1200013312;0;0;0;0;0;0;0;0;0;0;0;3437;0;0;95;0;200;0;
15503;5894083;1059401728;21790720;1200013312;0;0;0;0;0;0;0;0;0;0;0;2415;0;0;95;0;200;0;
15504;7136854;1059401728;21790720;1200013312;0;0;0;0;0;0;0;0;0;0;0;5170;0;0;95;0;200;0;
15505;8041741;1059401728;21790720;1200013312;0;0;0;0;0;0;0;0;0;0;0;4298;0;0;95;0;200;0;
15506;10945006;1059401728;21790720;1200013312;0;0;0;0;0;0;0;0;0;0;0;3246;0;0;95;0;200;0;
15507;8032384;1059401728;21790720;1200013312;0;0;0;0;0;0;0;0;0;0;0;3477;0;0;95;0;200;0;
15508;7380882;1059401728;21790720;1200013312;0;0;0;0;0;0;0;0;0;0;0;3947;0;0;95;0;200;0;
15509;6186552;1059401728;21790720;1200013312;0;0;0;0;0;0;0;0;0;0;0;2815;0;0;95;0;200;0;
15510;7056904;1059401728;21790720;1200013312;0;0;0;0;0;0;0;0;0;0;0;3467;0;0;95;0;200;0;
15511;7245077;1059401728;21790720;1200013312;0;0;0;0;0;0;0;0;0;0;0;3596;0;0;95;0;200;0;
15512;6300966;1059401728;21790720;1200013312;0;0;0;0;0;0;0;0;0;0;0;3346;0;0;95;0;200;0;
15513;8634523;1059401728;21790720;1200013312;0;0;0;0;0;0;0;0;0;0;0;3246;0;0;95;0;200;0;
15514;8033626;1059401728;21790720;1200013312;0;0;0;0;0;0;0;0;0;0;0;4148;0;0;95;0;200;0;
15515;6545876;1059401728;21790720;1200013312;0;0;0;0;0;0;0;0;0;0;0;3086;0;0;95;0;200;0;
15516;6856268;1059401728;21790720;1200013312;0;0;0;0;0;0;0;0;0;0;0;3176;0;0;95;0;200;0;
15517;7938397;1059401728;21790720;1200013312;0;0;0;0;0;0;0;0;0;0;0;2434;0;0;95;0;200;0;
15518;5763138;1059401728;21790720;1200013312;0;0;0;0;0;0;0;0;0;0;0;4329;0;0;95;0;200;0;
15519;7230560;1059401728;21790720;1200013312;0;0;0;0;0;0;0;0;0;0;0;3166;0;0;95;0;200;0;
15520;7025325;1059401728;21790720;1200013312;0;0;0;0;0;0;0;0;0;0;0;3336;0;0;95;0;200;0;
15521;5428280;1059401728;21790720;1200013312;0;0;0;0;0;0;0;0;0;0;0;2345;0;0;95;0;200;0;
15522;8849686;1059401728;21790720;1200013312;0;0;0;0;0;0;0;0;0;0;0;3206;0;0;95;0;200;0;
15523;7388146;1059401728;21790720;1200013312;0;0;0;0;0;0;0;0;0;0;0;4138;0;0;95;0;200;0;
15524;6663296;1059401728;21790720;1200013312;0;0;0;0;0;0;0;0;0;0;0;4208;0;0;95;0;200;0;
15525;8623343;1059401728;21790720;1200013312;0;0;0;0;0;0;0;0;0;0;0;4459;0;0;95;0;200;0;
15526;6921601;1059401728;21790720;1200013312;0;0;0;0;0;0;0;0;0;0;0;4398;0;0;95;0;200;0;
15527;7215381;1059401728;21790720;1200013312;0;0;0;0;0;0;0;0;0;0;0;6522;0;0;95;0;200;0;
15528;4246934;1059401728;21790720;1200013312;0;0;0;0;0;0;0;0;0;0;0;178815;0;0;95;0;200;0;
15529;7266428;1059401728;21790720;1200013312;0;0;0;0;0;0;0;0;0;0;0;2605;0;0;95;0;200;0;
15530;6161405;1059401728;21790720;1200013312;0;0;0;0;0;0;0;0;0;0;0;3977;0;0;95;0;200;0;
15531;9349895;1059401728;21790720;1200013312;0;0;0;0;0;0;0;0;0;0;0;3377;0;0;95;0;200;0;
15532;4559140;1059401728;21790720;1200013312;0;0;0;0;0;0;0;0;0;0;0;4138;0;0;95;0;200;0;
15533;7806991;1059401728;21790720;1200013312;0;0;0;0;0;0;0;0;0;0;0;3987;0;0;95;0;200;0;
15534;5016968;1059401728;21790720;1200013312;0;0;0;0;0;0;0;0;0;0;0;4198;0;0;95;0;200;0;
15535;7050262;1059401728;21790720;1200013312;0;0;0;0;0;0;0;0;0;0;0;3136;0;0;95;0;200;0;
15536;6264298;1059401728;21790720;1200013312;0;0;0;0;0;0;0;0;0;0;0;3266;0;0;95;0;200;0;
15537;6564822;1059401728;21790720;1200013312;0;0;0;0;0;0;0;0;0;0;0;2775;0;0;95;0;200;0;
15538;4877337;1059401728;21790720;1200013312;0;0;0;0;0;0;0;0;0;0;0;4508;0;0;95;0;200;0;
15539;7545210;1059401728;21790720;1200013312;0;0;0;0;0;0;0;0;0;0;0;2746;0;0;95;0;200;0;
15540;4136718;1059401728;21790720;1200013312;0;0;0;0;0;0;0;0;0;0;0;3196;0;0;95;0;200;0;
15541;9149699;1059401728;21790720;1200013312;0;0;0;0;0;0;0;0;0;0;0;3446;0;0;95;0;200;0;
15542;6752934;1059401728;21790720;1200013312;0;0;0;0;0;0;0;0;0;0;0;3817;0;0;95;0;200;0;
15543;6732276;1059401728;21790720;1200013312;0;0;0;0;0;0;0;0;0;0;0;2865;0;0;95;0;200;0;
15544;5543656;1059401728;21790720;1200013312;0;0;0;0;0;0;0;0;0;0;0;5430;0;0;95;0;200;0;
15545;6903016;1059401728;21790720;1200013312;0;0;0;0;0;0;0;0;0;0;0;3005;0;0;95;0;200;0;
15546;3769589;1059401728;21790720;1200013312;0;0;0;0;0;0;0;0;0;0;0;3096;0;0;95;0;200;0;
15547;8101624;1059401728;21790720;1200013312;0;0;0;0;0;0;0;0;0;0;0;4008;0;0;95;0;200;0;
15548;4783622;1059401728;21790720;1200013312;0;0;0;0;0;0;0;0;0;0;0;3536;0;0;95;0;200;0;
15549;6530828;1059401728;21790720;1200013312;0;0;0;0;0;0;0;0;0;0;0;3687;0;0;95;0;200;0;
15550;7013312;1059401728;21790720;1200013312;0;0;0;0;0;0;0;0;0;0;0;3777;0;0;95;0;200;0;
15551;7726430;1059401728;21790720;1200013312;0;0;0;0;0;0;0;0;0;0;0;3276;0;0;95;0;200;0;
15552;4941848;1059401728;21790720;1200013312;0;0;0;0;0;0;0;0;0;0;0;3456;0;0;95;0;200;0;
15553;6163278;1059401728;21790720;1200013312;0;0;0;0;0;0;0;0;0;0;0;3276;0;0;95;0;200;0;
15554;6179820;1059401728;21790720;1200013312;0;0;0;0;0;0;0;0;0;0;0;3547;0;0;95;0;200;0;
15555;11858570;1059401728;21790720;1200013312;0;0;0;0;0;0;0;0;0;0;0;1823;0;0;95;0;200;0;
15556;5621473;1059401728;21790720;1200013312;0;0;0;0;0;0;0;0;0;0;0;3557;0;0;95;0;200;0;
15557;9775333;1059401728;21790720;1200013312;0;0;0;0;0;0;0;0;0;0;0;3085;0;0;95;0;200;0;
15558;4764736;1059401728;21790720;1200013312;0;0;0;0;0;0;0;0;0;0;0;4479;0;0;95;0;200;0;
15559;7996306;1059401728;21790720;1200013312;0;0;0;0;0;0;0;0;0;0;0;2514;0;0;95;0;200;0;
15560;7026798;1059401728;21790720;1200013312;0;0;0;0;0;0;0;0;0;0;0;3477;0;0;95;0;200;0;
15561;12142622;1059401728;21790720;1200013312;0;0;0;0;0;0;0;0;0;0;0;3387;0;0;95;0;200;0;
15562;3797071;1059401728;21790720;1200013312;0;0;0;0;0;0;0;0;0;0;0;3917;0;0;95;0;200;0;
15563;7071472;1059401728;21790720;1200013312;0;0;0;0;0;0;0;0;0;0;0;4057;0;0;95;0;200;0;
15564;5234046;1059401728;21790720;1200013312;0;0;0;0;0;0;0;0;0;0;0;2976;0;0;95;0;200;0;
15565;7270886;1059401728;21790720;1200013312;0;0;0;0;0;0;0;0;0;0;0;3247;0;0;95;0;200;0;
15566;9410809;1059401728;21790720;1200013312;0;0;0;0;0;0;0;0;0;0;0;3647;0;0;95;0;200;0;
15567;7890247;1059401728;21790720;1200013312;0;0;0;0;0;0;0;0;0;0;0;3326;0;0;95;0;200;0;
15568;8032244;1059401728;21790720;1200013312;0;0;0;0;0;0;0;0;0;0;0;3216;0;0;95;0;200;0;
15569;7605573;1059401728;21790720;1200013312;0;0;0;0;0;0;0;0;0;0;0;3737;0;0;95;0;200;0;
15570;6807196;1059401728;21790720;1200013312;0;0;0;0;0;0;0;0;0;0;0;3417;0;0;95;0;200;0;
15571;6511862;1059401728;21790720;1200013312;0;0;0;0;0;0;0;0;0;0;0;2765;0;0;95;0;200;0;
15572;5279251;1059401728;21790720;1200013312;0;0;0;0;0;0;0;0;0;0;0;5461;0;0;95;0;200;0;
15573;7666147;1059401728;21790720;1200013312;0;0;0;0;0;0;0;0;0;0;0;4429;0;0;95;0;200;0;
15574;6914948;1059401728;21790720;1200013312;0;0;0;0;0;0;0;0;0;0;0;3937;0;0;95;0;200;0;
15575;8789093;1059401728;21790720;1200013312;0;0;0;0;0;0;0;0;0;0;0;3938;0;0;95;0;200;0;
15576;8098568;1059401728;21790720;1200013312;0;0;0;0;0;0;0;0;0;0;0;3427;0;0;95;0;200;0;
15577;7298478;1059401728;21790720;1200013312;0;0;0;0;0;0;0;0;0;0;0;3306;0;0;95;0;200;0;
15578;7923500;1059401728;21798912;1200021504;0;0;0;0;0;0;0;0;0;0;0;3015;0;0;95;0;200;0;
15579;8250633;1059401728;21798912;1200021504;0;0;0;0;0;0;0;0;0;0;0;3727;0;0;95;0;200;0;
15580;7387595;1059401728;21798912;1200021504;0;0;0;0;0;0;0;0;0;0;0;3477;0;0;95;0;200;0;
15581;7675274;1059401728;21798912;1200021504;0;0;0;0;0;0;0;0;0;0;0;3707;0;0;95;0;200;0;
15582;9108362;1059401728;21798912;1200021504;0;0;0;0;0;0;0;0;0;0;0;3096;0;0;95;0;200;0;
15583;8459515;1059401728;21798912;1200021504;0;0;0;0;0;0;0;0;0;0;0;3606;0;0;95;0;200;0;
15584;7381062;1059401728;21790720;1200013312;0;0;0;0;0;0;0;0;0;0;0;3427;0;0;95;0;200;0;
15585;7994994;1059401728;21790720;1200013312;0;0;0;0;0;0;0;0;0;0;0;2434;0;0;95;0;200;0;
15586;6522422;1059401728;21790720;1200013312;0;0;0;0;0;0;0;0;0;0;0;3527;0;0;95;0;200;0;
15587;6639501;1059401728;21790720;1200013312;0;0;0;0;0;0;0;0;0;0;0;3086;0;0;95;0;200;0;
15588;7002122;1059401728;21790720;1200013312;0;0;0;0;0;0;0;0;0;0;0;3005;0;0;95;0;200;0;
15589;8603635;1059401728;21790720;1200013312;0;0;0;0;0;0;0;0;0;0;0;4048;0;0;95;0;200;0;
15590;4072507;1059401728;21790720;1200013312;0;0;0;0;0;0;0;0;0;0;0;4007;0;0;95;0;200;0;
15591;8689437;1059401728;21790720;1200013312;0;0;0;0;0;0;0;0;0;0;0;2766;0;0;95;0;200;0;
15592;8123404;1059401728;21790720;1200013312;0;0;0;0;0;0;0;0;0;0;0;4218;0;0;95;0;200;0;
15593;11835256;1059401728;21790720;1200013312;0;0;0;0;0;0;0;0;0;0;0;3677;0;0;95;0;200;0;
15594;6519336;1059401728;21790720;1200013312;0;0;0;0;0;0;0;0;0;0;0;4939;0;0;95;0;200;0;
15595;8191142;1059401728;21790720;1200013312;0;0;0;0;0;0;0;0;0;0;0;3287;0;0;95;0;200;0;
15596;6195890;1059401728;21790720;1200013312;0;0;0;0;0;0;0;0;0;0;0;3016;0;0;95;0;200;0;
15597;8444346;1059401728;21790720;1200013312;0;0;0;0;0;0;0;0;0;0;0;3306;0;0;95;0;200;0;
15598;5922667;1059401728;21790720;1200013312;0;0;0;0;0;0;0;0;0;0;0;3747;0;0;95;0;200;0;
15599;9604021;1059401728;21790720;1200013312;0;0;0;0;0;0;0;0;0;0;0;3356;0;0;95;0;200;0;
15600;5827419;1059401728;21790720;1200013312;0;0;0;0;0;0;0;0;0;0;0;4178;0;0;95;0;200;0;
15601;10731445;1059401728;21790720;1200013312;0;0;0;0;0;0;0;0;0;0;0;3727;0;0;95;0;200;0;
15602;6960614;1059401728;21790720;1200013312;0;0;0;0;0;0;0;0;0;0;0;3256;0;0;95;0;200;0;
15603;8187945;1059401728;21790720;1200013312;0;0;0;0;0;0;0;0;0;0;0;3336;0;0;95;0;200;0;
15604;5434070;1059401728;21790720;1200013312;0;0;0;0;0;0;0;0;0;0;0;5039;0;0;95;0;200;0;
15605;8096725;1059401728;21790720;1200013312;0;0;0;0;0;0;0;0;0;0;0;3627;0;0;95;0;200;0;
15606;5259985;1059401728;21790720;1200013312;0;0;0;0;0;0;0;0;0;0;0;3687;0;0;95;0;200;0;
15607;7537034;1059401728;21790720;1200013312;0;0;0;0;0;0;0;0;0;0;0;3316;0;0;95;0;200;0;
15608;5867935;1059401728;21790720;1200013312;0;0;0;0;0;0;0;0;0;0;0;3357;0;0;95;0;200;0;
15609;7181008;1059401728;21790720;1200013312;0;0;0;0;0;0;0;0;0;0;0;3356;0;0;95;0;200;0;
15610;6443274;1059401728;21790720;1200013312;0;0;0;0;0;0;0;0;0;0;0;3587;0;0;95;0;200;0;
15611;7550360;1059401728;21790720;1200013312;0;0;0;0;0;0;0;0;0;0;0;2405;0;0;95;0;200;0;
15612;6165052;1059401728;21790720;1200013312;0;0;0;0;0;0;0;0;0;0;0;3096;0;0;95;0;200;0;
15613;7578934;1059401728;21790720;1200013312;0;0;0;0;0;0;0;0;0;0;0;2264;0;0;95;0;200;0;
15614;5426296;1059401728;21790720;1200013312;0;0;0;0;0;0;0;0;0;0;0;3116;0;0;95;0;200;0;
15615;4785675;1059401728;21790720;1200013312;0;0;0;0;0;0;0;0;0;0;0;1883;0;0;95;0;200;0;
15616;6344909;1059401728;21790720;1200013312;0;0;0;0;0;0;0;0;0;0;0;3005;0;0;95;0;200;0;
15617;8579129;1059401728;21790720;1200013312;0;0;0;0;0;0;0;0;0;0;0;3266;0;0;95;0;200;0;
15618;6345931;1059401728;21790720;1200013312;0;0;0;0;0;0;0;0;0;0;0;3036;0;0;95;0;200;0;
15619;8170262;1059401728;21790720;1200013312;0;0;0;0;0;0;0;0;0;0;0;2806;0;0;95;0;200;0;
15620;4849405;1059401728;21790720;1200013312;0;0;0;0;0;0;0;0;0;0;0;3677;0;0;95;0;200;0;
15621;7738733;1059401728;21790720;1200013312;0;0;0;0;0;0;0;0;0;0;0;2856;0;0;95;0;200;0;
15622;3917136;1059401728;21790720;1200013312;0;0;0;0;0;0;0;0;0;0;0;4679;0;0;95;0;200;0;
15623;5642101;1059401728;21790720;1200013312;0;0;0;0;0;0;0;0;0;0;0;2504;0;0;95;0;200;0;
15624;4848012;1059401728;21790720;1200013312;0;0;0;0;0;0;0;0;0;0;0;4529;0;0;95;0;200;0;
15625;7514412;1059401728;21790720;1200013312;0;0;0;0;0;0;0;0;0;0;0;2605;0;0;95;0;200;0;
15626;8231908;1059401728;21790720;1200013312;0;0;0;0;0;0;0;0;0;0;0;4178;0;0;95;0;200;0;
15627;6709192;1059401728;21790720;1200013312;0;0;0;0;0;0;0;0;0;0;0;3627;0;0;95;0;200;0;
15628;5567942;1059401728;21790720;1200013312;0;0;0;0;0;0;0;0;0;0;0;3356;0;0;95;0;200;0;
15629;8386238;1059401728;21790720;1200013312;0;0;0;0;0;0;0;0;0;0;0;3657;0;0;95;0;200;0;
15630;5798575;1059401728;21790720;1200013312;0;0;0;0;0;0;0;0;0;0;0;4107;0;0;95;0;200;0;
15631;8870806;1059401728;21790720;1200013312;0;0;0;0;0;0;0;0;0;0;0;3377;0;0;95;0;200;0;
15632;4046919;1059401728;21790720;1200013312;0;0;0;0;0;0;0;0;0;0;0;4338;0;0;95;0;200;0;
15633;7264874;1059401728;21790720;1200013312;0;0;0;0;0;0;0;0;0;0;0;2935;0;0;95;0;200;0;
15634;5170125;1059401728;21790720;1200013312;0;0;0;0;0;0;0;0;0;0;0;3316;0;0;95;0;200;0;
15635;6919817;1059401728;21790720;1200013312;0;0;0;0;0;0;0;0;0;0;0;2875;0;0;95;0;200;0;
15636;5726349;1059401728;21790720;1200013312;0;0;0;0;0;0;0;0;0;0;0;3296;0;0;95;0;200;0;
15637;6141908;1059401728;21790720;1200013312;0;0;0;0;0;0;0;0;0;0;0;2976;0;0;95;0;200;0;
15638;6906853;1059401728;21790720;1200013312;0;0;0;0;0;0;0;0;0;0;0;4018;0;0;95;0;200;0;
15639;7044411;1059401728;21790720;1200013312;0;0;0;0;0;0;0;0;0;0;0;3747;0;0;95;0;200;0;
15640;6450357;1059401728;21790720;1200013312;0;0;0;0;0;0;0;0;0;0;0;3296;0;0;95;0;200;0;
15641;8547690;1059401728;21790720;1200013312;0;0;0;0;0;0;0;0;0;0;0;3346;0;0;95;0;200;0;
15642;5261758;1059401728;21790720;1200013312;0;0;0;0;0;0;0;0;0;0;0;2896;0;0;95;0;200;0;
15643;9420027;1059401728;21790720;1200013312;0;0;0;0;0;0;0;0;0;0;0;5650;0;0;95;0;200;0;
15644;5833480;1059401728;21790720;1200013312;0;0;0;0;0;0;0;0;0;0;0;4759;0;0;95;0;200;0;
15645;9899085;1059401728;21790720;1200013312;0;0;0;0;0;0;0;0;0;0;0;4198;0;0;95;0;200;0;
15646;4512984;1059401728;21790720;1200013312;0;0;0;0;0;0;0;0;0;0;0;4108;0;0;95;0;200;0;
15647;8539905;1059401728;21790720;1200013312;0;0;0;0;0;0;0;0;0;0;0;4629;0;0;95;0;200;0;
15648;6765789;1059401728;21790720;1200013312;0;0;0;0;0;0;0;0;0;0;0;3637;0;0;95;0;200;0;
15649;8255061;1059401728;21790720;1200013312;0;0;0;0;0;0;0;0;0;0;0;4398;0;0;95;0;200;0;
15650;7352208;1059401728;21790720;1200013312;0;0;0;0;0;0;0;0;0;0;0;3757;0;0;95;0;200;0;
15651;7537686;1059401728;21790720;1200013312;0;0;0;0;0;0;0;0;0;0;0;4198;0;0;95;0;200;0;
15652;4841910;1059401728;21790720;1200013312;0;0;0;0;0;0;0;0;0;0;0;4188;0;0;95;0;200;0;
15653;8871478;1059401728;21790720;1200013312;0;0;0;0;0;0;0;0;0;0;0;3747;0;0;95;0;200;0;
15654;3870538;1059401728;21790720;1200013312;0;0;0;0;0;0;0;0;0;0;0;3997;0;0;95;0;200;0;
15655;9180667;1059401728;21790720;1200013312;0;0;0;0;0;0;0;0;0;0;0;4118;0;0;95;0;200;0;
15656;3919571;1059401728;21790720;1200013312;0;0;0;0;0;0;0;0;0;0;0;3186;0;0;95;0;200;0;
15657;6705556;1059401728;21790720;1200013312;0;0;0;0;0;0;0;0;0;0;0;4729;0;0;95;0;200;0;
15658;5998108;1059401728;21790720;1200013312;0;0;0;0;0;0;0;0;0;0;0;3496;0;0;95;0;200;0;
15659;4661462;1059401728;21790720;1200013312;0;0;0;0;0;0;0;0;0;0;0;1463;0;0;95;0;200;0;
15660;4904468;1059401728;21790720;1200013312;0;0;0;0;0;0;0;0;0;0;0;4098;0;0;95;0;200;0;
15661;8949934;1059401728;21790720;1200013312;0;0;0;0;0;0;0;0;0;0;0;4609;0;0;95;0;200;0;
15662;4386326;1059401728;21790720;1200013312;0;0;0;0;0;0;0;0;0;0;0;3707;0;0;95;0;200;0;
15663;9086250;1059401728;21790720;1200013312;0;0;0;0;0;0;0;0;0;0;0;2184;0;0;95;0;200;0;
15664;5112458;1059401728;21790720;1200013312;0;0;0;0;0;0;0;0;0;0;0;3487;0;0;95;0;200;0;
15665;6617731;1059401728;21790720;1200013312;0;0;0;0;0;0;0;0;0;0;0;2555;0;0;95;0;200;0;
15666;4067308;1059401728;21790720;1200013312;0;0;0;0;0;0;0;0;0;0;0;3346;0;0;95;0;200;0;
15667;6802418;1059401728;21790720;1200013312;0;0;0;0;0;0;0;0;0;0;0;1763;0;0;95;0;200;0;
15668;4765297;1059401728;21790720;1200013312;0;0;0;0;0;0;0;0;0;0;0;9809;0;0;95;0;200;0;
15669;4534855;1059401728;21790720;1200013312;0;0;0;0;0;0;0;0;0;0;0;1704;0;0;95;0;200;0;
15670;6259389;1059401728;21790720;1200013312;0;0;0;0;0;0;0;0;0;0;0;4809;0;0;95;0;200;0;
15671;5708555;1059401728;21790720;1200013312;0;0;0;0;0;0;0;0;0;0;0;2174;0;0;95;0;200;0;
15672;6350991;1059401728;21790720;1200013312;0;0;0;0;0;0;0;0;0;0;0;3968;0;0;95;0;200;0;
15673;6401987;1059401728;21790720;1200013312;0;0;0;0;0;0;0;0;0;0;0;2825;0;0;95;0;200;0;
15674;5324225;1059401728;21790720;1200013312;0;0;0;0;0;0;0;0;0;0;0;3737;0;0;95;0;200;0;
15675;5253733;1059401728;21790720;1200013312;0;0;0;0;0;0;0;0;0;0;0;2134;0;0;95;0;200;0;
15676;6166274;1059401728;21790720;1200013312;0;0;0;0;0;0;0;0;0;0;0;3968;0;0;95;0;200;0;
15677;6142249;1059401728;21790720;1200013312;0;0;0;0;0;0;0;0;0;0;0;3136;0;0;95;0;200;0;
15678;6631847;1059401728;21790720;1200013312;0;0;0;0;0;0;0;0;0;0;0;2946;0;0;95;0;200;0;
15679;6459705;1059401728;21790720;1200013312;0;0;0;0;0;0;0;0;0;0;0;3085;0;0;95;0;200;0;
15680;5576779;1059401728;21790720;1200013312;0;0;0;0;0;0;0;0;0;0;0;4318;0;0;95;0;200;0;
15681;5786001;1059401728;21790720;1200013312;0;0;0;0;0;0;0;0;0;0;0;3166;0;0;95;0;200;0;
15682;4457609;1059401728;21790720;1200013312;0;0;0;0;0;0;0;0;0;0;0;3917;0;0;95;0;200;0;
15683;6949052;1059401728;21790720;1200013312;0;0;0;0;0;0;0;0;0;0;0;2474;0;0;95;0;200;0;
15684;6534826;1059401728;21790720;1200013312;0;0;0;0;0;0;0;0;0;0;0;3857;0;0;95;0;200;0;
15685;7926616;1059401728;21790720;1200013312;0;0;0;0;0;0;0;0;0;0;0;3777;0;0;95;0;200;0;
15686;4673434;1059401728;21790720;1200013312;0;0;0;0;0;0;0;0;0;0;0;3496;0;0;95;0;200;0;
15687;5056443;1059401728;21790720;1200013312;0;0;0;0;0;0;0;0;0;0;0;2715;0;0;95;0;200;0;
15688;4589718;1059401728;21790720;1200013312;0;0;0;0;0;0;0;0;0;0;0;4288;0;0;95;0;200;0;
15689;7909743;1059401728;21790720;1200013312;0;0;0;0;0;0;0;0;0;0;0;3216;0;0;95;0;200;0;
15690;3900885;1059401728;21790720;1200013312;0;0;0;0;0;0;0;0;0;0;0;3236;0;0;95;0;200;0;
15691;7355274;1059401728;21790720;1200013312;0;0;0;0;0;0;0;0;0;0;0;2475;0;0;95;0;200;0;
15692;4306105;1059401728;21790720;1200013312;0;0;0;0;0;0;0;0;0;0;0;3887;0;0;95;0;200;0;
15693;7814645;1059401728;21790720;1200013312;0;0;0;0;0;0;0;0;0;0;0;4649;0;0;95;0;200;0;
15694;4172495;1059401728;21790720;1200013312;0;0;0;0;0;0;0;0;0;0;0;4027;0;0;95;0;200;0;
15695;7933128;1059401728;21790720;1200013312;0;0;0;0;0;0;0;0;0;0;0;3857;0;0;95;0;200;0;
15696;3536503;1059401728;21790720;1200013312;0;0;0;0;0;0;0;0;0;0;0;4328;0;0;95;0;200;0;
15697;6445899;1059401728;21790720;1200013312;0;0;0;0;0;0;0;0;0;0;0;3607;0;0;95;0;200;0;
15698;5116476;1059401728;21790720;1200013312;0;0;0;0;0;0;0;0;0;0;0;3497;0;0;95;0;200;0;
15699;9112810;1059401728;21790720;1200013312;0;0;0;0;0;0;0;0;0;0;0;3777;0;0;95;0;200;0;
15700;7537927;1059401728;21790720;1200013312;0;0;0;0;0;0;0;0;0;0;0;3647;0;0;95;0;200;0;
15701;8412096;1059401728;21790720;1200013312;0;0;0;0;0;0;0;0;0;0;0;2675;0;0;95;0;200;0;
15702;11680335;1059401728;21790720;1200013312;0;0;0;0;0;0;0;0;0;0;0;4448;0;0;95;0;200;0;
15703;11084177;1059401728;21790720;1200013312;0;0;0;0;0;0;0;0;0;0;0;3627;0;0;95;0;200;0;
15704;5419634;1059401728;21790720;1200013312;0;0;0;0;0;0;0;0;0;0;0;4478;0;0;95;0;200;0;
15705;10751524;1059401728;21790720;1200013312;0;0;0;0;0;0;0;0;0;0;0;3948;0;0;95;0;200;0;
15706;5149828;1059401728;21790720;1200013312;0;0;0;0;0;0;0;0;0;0;0;5420;0;0;95;0;200;0;
15707;8942912;1059401728;21790720;1200013312;0;0;0;0;0;0;0;0;0;0;0;3236;0;0;95;0;200;0;
15708;4497845;1059401728;21790720;1200013312;0;0;0;0;0;0;0;0;0;0;0;2875;0;0;95;0;200;0;
15709;7783968;1059401728;21790720;1200013312;0;0;0;0;0;0;0;0;0;0;0;3857;0;0;95;0;200;0;
15710;5167180;1059401728;21790720;1200013312;0;0;0;0;0;0;0;0;0;0;0;3296;0;0;95;0;200;0;
15711;6703682;1059401728;21790720;1200013312;0;0;0;0;0;0;0;0;0;0;0;2645;0;0;95;0;200;0;
15712;5257550;1059401728;21790720;1200013312;0;0;0;0;0;0;0;0;0;0;0;2845;0;0;95;0;200;0;
15713;8052592;1059401728;21790720;1200013312;0;0;0;0;0;0;0;0;0;0;0;3166;0;0;95;0;200;0;
15714;6797678;1059401728;21790720;1200013312;0;0;0;0;0;0;0;0;0;0;0;3757;0;0;95;0;200;0;
15715;7070530;1059401728;21790720;1200013312;0;0;0;0;0;0;0;0;0;0;0;3577;0;0;95;0;200;0;
15716;6321806;1059401728;21790720;1200013312;0;0;0;0;0;0;0;0;0;0;0;3888;0;0;95;0;200;0;
15717;5491138;1059401728;21790720;1200013312;0;0;0;0;0;0;0;0;0;0;0;2084;0;0;95;0;200;0;
15718;6245393;1059401728;21790720;1200013312;0;0;0;0;0;0;0;0;0;0;0;3426;0;0;95;0;200;0;
15719;7548105;1059401728;21790720;1200013312;0;0;0;0;0;0;0;0;0;0;0;3787;0;0;95;0;200;0;
15720;9191277;1059401728;21790720;1200013312;0;0;0;0;0;0;0;0;0;0;0;3126;0;0;95;0;200;0;
15721;7919612;1059401728;21790720;1200013312;0;0;0;0;0;0;0;0;0;0;0;3116;0;0;95;0;200;0;
15722;6678965;1059401728;21790720;1200013312;0;0;0;0;0;0;0;0;0;0;0;3597;0;0;95;0;200;0;
15723;6927813;1059401728;21790720;1200013312;0;0;0;0;0;0;0;0;0;0;0;4168;0;0;95;0;200;0;
15724;5247662;1059401728;21790720;1200013312;0;0;0;0;0;0;0;0;0;0;0;4418;0;0;95;0;200;0;
15725;8132792;1059401728;21790720;1200013312;0;0;0;0;0;0;0;0;0;0;0;3466;0;0;95;0;200;0;
15726;6981833;1059401728;21798912;1200021504;0;0;0;0;0;0;0;0;0;0;0;3387;0;0;95;0;200;0;
15727;6533343;1059401728;21798912;1200021504;0;0;0;0;0;0;0;0;0;0;0;2174;0;0;95;0;200;0;
15728;5205612;1059401728;21798912;1200021504;0;0;0;0;0;0;0;0;0;0;0;3837;0;0;95;0;200;0;
15729;5622745;1059401728;21798912;1200021504;0;0;0;0;0;0;0;0;0;0;0;2615;0;0;95;0;200;0;
15730;5591296;1059401728;21798912;1200021504;0;0;0;0;0;0;0;0;0;0;0;3777;0;0;95;0;200;0;
15731;7323264;1059401728;21798912;1200021504;0;0;0;0;0;0;0;0;0;0;0;4418;0;0;95;0;200;0;
15732;6212370;1059401728;21790720;1200013312;0;0;0;0;0;0;0;0;0;0;0;4349;0;0;95;0;200;0;
15733;8217311;1059401728;21790720;1200013312;0;0;0;0;0;0;0;0;0;0;0;3586;0;0;95;0;200;0;
15734;4024457;1059401728;21790720;1200013312;0;0;0;0;0;0;0;0;0;0;0;4558;0;0;95;0;200;0;
15735;7774560;1059401728;21790720;1200013312;0;0;0;0;0;0;0;0;0;0;0;2324;0;0;95;0;200;0;
15736;3843318;1059401728;21790720;1200013312;0;0;0;0;0;0;0;0;0;0;0;4118;0;0;95;0;200;0;
15737;6339699;1059401728;21790720;1200013312;0;0;0;0;0;0;0;0;0;0;0;2104;0;0;95;0;200;0;
15738;5302344;1059401728;21790720;1200013312;0;0;0;0;0;0;0;0;0;0;0;3316;0;0;95;0;200;0;
15739;6242447;1059401728;21790720;1200013312;0;0;0;0;0;0;0;0;0;0;0;2204;0;0;95;0;200;0;
15740;5456623;1059401728;21790720;1200013312;0;0;0;0;0;0;0;0;0;0;0;3967;0;0;95;0;200;0;
15741;6028355;1059401728;21790720;1200013312;0;0;0;0;0;0;0;0;0;0;0;2484;0;0;95;0;200;0;
15742;7551031;1059401728;21790720;1200013312;0;0;0;0;0;0;0;0;0;0;0;3547;0;0;95;0;200;0;
15743;6871898;1059401728;21790720;1200013312;0;0;0;0;0;0;0;0;0;0;0;2705;0;0;95;0;200;0;
15744;5515383;1059401728;21790720;1200013312;0;0;0;0;0;0;0;0;0;0;0;3597;0;0;95;0;200;0;
15745;7094786;1059401728;21790720;1200013312;0;0;0;0;0;0;0;0;0;0;0;1954;0;0;95;0;200;0;
15746;4941407;1059401728;21790720;1200013312;0;0;0;0;0;0;0;0;0;0;0;3606;0;0;95;0;200;0;
15747;7507910;1059401728;21790720;1200013312;0;0;0;0;0;0;0;0;0;0;0;5229;0;0;95;0;200;0;
15748;7447958;1059401728;21790720;1200013312;0;0;0;0;0;0;0;0;0;0;0;3517;0;0;95;0;200;0;
15749;7495327;1059401728;21790720;1200013312;0;0;0;0;0;0;0;0;0;0;0;2675;0;0;95;0;200;0;
15750;5850442;1059401728;21790720;1200013312;0;0;0;0;0;0;0;0;0;0;0;3266;0;0;95;0;200;0;
15751;6850757;1059401728;21790720;1200013312;0;0;0;0;0;0;0;0;0;0;0;3286;0;0;95;0;200;0;
15752;5939999;1059401728;21790720;1200013312;0;0;0;0;0;0;0;0;0;0;0;3677;0;0;95;0;200;0;
15753;8401436;1059401728;21790720;1200013312;0;0;0;0;0;0;0;0;0;0;0;3707;0;0;95;0;200;0;
15754;5609480;1059401728;21790720;1200013312;0;0;0;0;0;0;0;0;0;0;0;3456;0;0;95;0;200;0;
15755;8534075;1059401728;21790720;1200013312;0;0;0;0;0;0;0;0;0;0;0;3376;0;0;95;0;200;0;
15756;4314492;1059401728;21790720;1200013312;0;0;0;0;0;0;0;0;0;0;0;3236;0;0;95;0;200;0;
15757;8294936;1059401728;21790720;1200013312;0;0;0;0;0;0;0;0;0;0;0;3336;0;0;95;0;200;0;
15758;5706231;1059401728;21790720;1200013312;0;0;0;0;0;0;0;0;0;0;0;4088;0;0;95;0;200;0;
15759;8181684;1059401728;21790720;1200013312;0;0;0;0;0;0;0;0;0;0;0;3146;0;0;95;0;200;0;
15760;4652325;1059401728;21790720;1200013312;0;0;0;0;0;0;0;0;0;0;0;2925;0;0;95;0;200;0;
15761;7040574;1059401728;21790720;1200013312;0;0;0;0;0;0;0;0;0;0;0;2855;0;0;95;0;200;0;
15762;4563358;1059401728;21790720;1200013312;0;0;0;0;0;0;0;0;0;0;0;4088;0;0;95;0;200;0;
15763;7382656;1059401728;21790720;1200013312;0;0;0;0;0;0;0;0;0;0;0;2204;0;0;95;0;200;0;
15764;4066016;1059401728;21790720;1200013312;0;0;0;0;0;0;0;0;0;0;0;4108;0;0;95;0;200;0;
15765;6447872;1059401728;21790720;1200013312;0;0;0;0;0;0;0;0;0;0;0;2534;0;0;95;0;200;0;
15766;5657730;1059401728;21790720;1200013312;0;0;0;0;0;0;0;0;0;0;0;2494;0;0;95;0;200;0;
15767;6797077;1059401728;21790720;1200013312;0;0;0;0;0;0;0;0;0;0;0;2094;0;0;95;0;200;0;
15768;4538201;1059401728;21790720;1200013312;0;0;0;0;0;0;0;0;0;0;0;3607;0;0;95;0;200;0;
15769;5851845;1059401728;21790720;1200013312;0;0;0;0;0;0;0;0;0;0;0;2505;0;0;95;0;200;0;
15770;4380084;1059401728;21790720;1200013312;0;0;0;0;0;0;0;0;0;0;0;3005;0;0;95;0;200;0;
15771;5846023;1059401728;21790720;1200013312;0;0;0;0;0;0;0;0;0;0;0;2214;0;0;95;0;200;0;
15772;4681259;1059401728;21790720;1200013312;0;0;0;0;0;0;0;0;0;0;0;3216;0;0;95;0;200;0;
15773;6000193;1059401728;21790720;1200013312;0;0;0;0;0;0;0;0;0;0;0;1934;0;0;95;0;200;0;
15774;5221292;1059401728;21790720;1200013312;0;0;0;0;0;0;0;0;0;0;0;4940;0;0;95;0;200;0;
15775;5605422;1059401728;21790720;1200013312;0;0;0;0;0;0;0;0;0;0;0;2395;0;0;95;0;200;0;
15776;5048478;1059401728;21790720;1200013312;0;0;0;0;0;0;0;0;0;0;0;4008;0;0;95;0;200;0;
15777;4726514;1059401728;21790720;1200013312;0;0;0;0;0;0;0;0;0;0;0;2194;0;0;95;0;200;0;
15778;5677407;1059401728;21790720;1200013312;0;0;0;0;0;0;0;0;0;0;0;3276;0;0;95;0;200;0;
15779;4743726;1059401728;21790720;1200013312;0;0;0;0;0;0;0;0;0;0;0;1893;0;0;95;0;200;0;
15780;4699614;1059401728;21790720;1200013312;0;0;0;0;0;0;0;0;0;0;0;3256;0;0;95;0;200;0;
15781;6868992;1059401728;21790720;1200013312;0;0;0;0;0;0;0;0;0;0;0;3366;0;0;95;0;200;0;
15782;6697190;1059401728;21790720;1200013312;0;0;0;0;0;0;0;0;0;0;0;3497;0;0;95;0;200;0;
15783;6734560;1059401728;21790720;1200013312;0;0;0;0;0;0;0;0;0;0;0;2855;0;0;95;0;200;0;
15784;7661478;1059401728;21790720;1200013312;0;0;0;0;0;0;0;0;0;0;0;3647;0;0;95;0;200;0;
15785;6370166;1059401728;21790720;1200013312;0;0;0;0;0;0;0;0;0;0;0;2455;0;0;95;0;200;0;
15786;6416643;1059401728;21790720;1200013312;0;0;0;0;0;0;0;0;0;0;0;3316;0;0;95;0;200;0;
15787;5735396;1059401728;21790720;1200013312;0;0;0;0;0;0;0;0;0;0;0;2023;0;0;95;0;200;0;
15788;4748495;1059401728;21790720;1200013312;0;0;0;0;0;0;0;0;0;0;0;3476;0;0;95;0;200;0;
15789;6716567;1059401728;21790720;1200013312;0;0;0;0;0;0;0;0;0;0;0;2314;0;0;95;0;200;0;
15790;4317467;1059401728;21790720;1200013312;0;0;0;0;0;0;0;0;0;0;0;3456;0;0;95;0;200;0;
15791;6658537;1059401728;21790720;1200013312;0;0;0;0;0;0;0;0;0;0;0;2805;0;0;95;0;200;0;
15792;4645903;1059401728;21790720;1200013312;0;0;0;0;0;0;0;0;0;0;0;3476;0;0;95;0;200;0;
15793;6785275;1059401728;21790720;1200013312;0;0;0;0;0;0;0;0;0;0;0;3957;0;0;95;0;200;0;
15794;5441735;1059401728;21790720;1200013312;0;0;0;0;0;0;0;0;0;0;0;3346;0;0;95;0;200;0;
15795;7455242;1059401728;21790720;1200013312;0;0;0;0;0;0;0;0;0;0;0;3486;0;0;95;0;200;0;
15796;4791015;1059401728;21790720;1200013312;0;0;0;0;0;0;0;0;0;0;0;3016;0;0;95;0;200;0;
15797;6896654;1059401728;21790720;1200013312;0;0;0;0;0;0;0;0;0;0;0;2806;0;0;95;0;200;0;
15798;4482166;1059401728;21790720;1200013312;0;0;0;0;0;0;0;0;0;0;0;5280;0;0;95;0;200;0;
15799;6948962;1059401728;21790720;1200013312;0;0;0;0;0;0;0;0;0;0;0;4098;0;0;95;0;200;0;
15800;3985595;1059401728;21790720;1200013312;0;0;0;0;0;0;0;0;0;0;0;2945;0;0;95;0;200;0;
15801;5919521;1059401728;21790720;1200013312;0;0;0;0;0;0;0;0;0;0;0;2544;0;0;95;0;200;0;
15802;6060535;1059401728;21790720;1200013312;0;0;0;0;0;0;0;0;0;0;0;3476;0;0;95;0;200;0;
15803;6618733;1059401728;21790720;1200013312;0;0;0;0;0;0;0;0;0;0;0;2635;0;0;95;0;200;0;
15804;4845858;1059401728;21790720;1200013312;0;0;0;0;0;0;0;0;0;0;0;3456;0;0;95;0;200;0;
15805;7778227;1059401728;21790720;1200013312;0;0;0;0;0;0;0;0;0;0;0;1994;0;0;95;0;200;0;
15806;4085572;1059401728;21790720;1200013312;0;0;0;0;0;0;0;0;0;0;0;3056;0;0;95;0;200;0;
15807;6743848;1059401728;21790720;1200013312;0;0;0;0;0;0;0;0;0;0;0;3166;0;0;95;0;200;0;
15808;4225284;1059401728;21790720;1200013312;0;0;0;0;0;0;0;0;0;0;0;4028;0;0;95;0;200;0;
15809;6823497;1059401728;21790720;1200013312;0;0;0;0;0;0;0;0;0;0;0;2615;0;0;95;0;200;0;
15810;3990223;1059401728;21790720;1200013312;0;0;0;0;0;0;0;0;0;0;0;3617;0;0;95;0;200;0;
15811;5561860;1059401728;21790720;1200013312;0;0;0;0;0;0;0;0;0;0;0;2445;0;0;95;0;200;0;
15812;4655431;1059401728;21790720;1200013312;0;0;0;0;0;0;0;0;0;0;0;2685;0;0;95;0;200;0;
15813;6356461;1059401728;21790720;1200013312;0;0;0;0;0;0;0;0;0;0;0;2104;0;0;95;0;200;0;
15814;4704032;1059401728;21790720;1200013312;0;0;0;0;0;0;0;0;0;0;0;2945;0;0;95;0;200;0;
15815;6311827;1059401728;21790720;1200013312;0;0;0;0;0;0;0;0;0;0;0;1984;0;0;95;0;200;0;
15816;5888002;1059401728;21790720;1200013312;0;0;0;0;0;0;0;0;0;0;0;3236;0;0;95;0;200;0;
15817;5938366;1059401728;21790720;1200013312;0;0;0;0;0;0;0;0;0;0;0;1953;0;0;95;0;200;0;
15818;5380169;1059401728;21790720;1200013312;0;0;0;0;0;0;0;0;0;0;0;2655;0;0;95;0;200;0;
15819;6093127;1059401728;21790720;1200013312;0;0;0;0;0;0;0;0;0;0;0;2284;0;0;95;0;200;0;
15820;3873684;1059401728;21790720;1200013312;0;0;0;0;0;0;0;0;0;0;0;4018;0;0;95;0;200;0;
15821;6679426;1059401728;21790720;1200013312;0;0;0;0;0;0;0;0;0;0;0;2274;0;0;95;0;200;0;
15822;4645553;1059401728;21790720;1200013312;0;0;0;0;0;0;0;0;0;0;0;3536;0;0;95;0;200;0;
15823;6676120;1059401728;21790720;1200013312;0;0;0;0;0;0;0;0;0;0;0;2184;0;0;95;0;200;0;
15824;5452987;1059401728;21790720;1200013312;0;0;0;0;0;0;0;0;0;0;0;3457;0;0;95;0;200;0;
15825;7469387;1059401728;21790720;1200013312;0;0;0;0;0;0;0;0;0;0;0;2665;0;0;95;0;200;0;
15826;5315809;1059401728;21790720;1200013312;0;0;0;0;0;0;0;0;0;0;0;3095;0;0;95;0;200;0;
15827;7075199;1059401728;21790720;1200013312;0;0;0;0;0;0;0;0;0;0;0;2875;0;0;95;0;200;0;
15828;4810601;1059401728;21790720;1200013312;0;0;0;0;0;0;0;0;0;0;0;4018;0;0;95;0;200;0;
15829;7209981;1059401728;21790720;1200013312;0;0;0;0;0;0;0;0;0;0;0;2434;0;0;95;0;200;0;
15830;4368713;1059401728;21790720;1200013312;0;0;0;0;0;0;0;0;0;0;0;3787;0;0;95;0;200;0;
15831;5862404;1059401728;21790720;1200013312;0;0;0;0;0;0;0;0;0;0;0;2345;0;0;95;0;200;0;
15832;7318314;1059401728;21790720;1200013312;0;0;0;0;0;0;0;0;0;0;0;3056;0;0;95;0;200;0;
15833;8107474;1059401728;21790720;1200013312;0;0;0;0;0;0;0;0;0;0;0;2855;0;0;95;0;200;0;
15834;6142720;1059401728;21790720;1200013312;0;0;0;0;0;0;0;0;0;0;0;3807;0;0;95;0;200;0;
15835;8968479;1059401728;21790720;1200013312;0;0;0;0;0;0;0;0;0;0;0;2345;0;0;95;0;200;0;
15836;3415706;1059401728;21790720;1200013312;0;0;0;0;0;0;0;0;0;0;0;3727;0;0;95;0;200;0;
15837;7910596;1059401728;21790720;1200013312;0;0;0;0;0;0;0;0;0;0;0;2976;0;0;95;0;200;0;
15838;3441725;1059401728;21790720;1200013312;0;0;0;0;0;0;0;0;0;0;0;2996;0;0;95;0;200;0;
15839;5255426;1059401728;21790720;1200013312;0;0;0;0;0;0;0;0;0;0;0;2024;0;0;95;0;200;0;
15840;5272969;1059401728;21790720;1200013312;0;0;0;0;0;0;0;0;0;0;0;3316;0;0;95;0;200;0;
15841;6916431;1059401728;21790720;1200013312;0;0;0;0;0;0;0;0;0;0;0;3095;0;0;95;0;200;0;
15842;5745155;1059401728;21790720;1200013312;0;0;0;0;0;0;0;0;0;0;0;3647;0;0;95;0;200;0;
15843;6982865;1059401728;21790720;1200013312;0;0;0;0;0;0;0;0;0;0;0;3025;0;0;95;0;200;0;
15844;4238268;1059401728;21790720;1200013312;0;0;0;0;0;0;0;0;0;0;0;3777;0;0;95;0;200;0;
15845;6324241;1059401728;21790720;1200013312;0;0;0;0;0;0;0;0;0;0;0;3757;0;0;95;0;200;0;
15846;3934448;1059401728;21790720;1200013312;0;0;0;0;0;0;0;0;0;0;0;2725;0;0;95;0;200;0;
15847;8259860;1059401728;21790720;1200013312;0;0;0;0;0;0;0;0;0;0;0;3306;0;0;95;0;200;0;
15848;4226837;1059401728;21790720;1200013312;0;0;0;0;0;0;0;0;0;0;0;4037;0;0;95;0;200;0;
15849;5766214;1059401728;21790720;1200013312;0;0;0;0;0;0;0;0;0;0;0;2425;0;0;95;0;200;0;
15850;7476341;1059401728;21790720;1200013312;0;0;0;0;0;0;0;0;0;0;0;3717;0;0;95;0;200;0;
15851;5967090;1059401728;21790720;1200013312;0;0;0;0;0;0;0;0;0;0;0;2695;0;0;95;0;200;0;
15852;4920588;1059401728;21790720;1200013312;0;0;0;0;0;0;0;0;0;0;0;3216;0;0;95;0;200;0;
15853;6936879;1059401728;21790720;1200013312;0;0;0;0;0;0;0;0;0;0;0;3176;0;0;95;0;200;0;
15854;7071531;1059401728;21790720;1200013312;0;0;0;0;0;0;0;0;0;0;0;3346;0;0;95;0;200;0;
15855;7037798;1059401728;21790720;1200013312;0;0;0;0;0;0;0;0;0;0;0;3807;0;0;95;0;200;0;
15856;6614013;1059401728;21790720;1200013312;0;0;0;0;0;0;0;0;0;0;0;4299;0;0;95;0;200;0;
15857;9919863;1059401728;21790720;1200013312;0;0;0;0;0;0;0;0;0;0;0;4098;0;0;95;0;200;0;
15858;4691528;1059401728;21790720;1200013312;0;0;0;0;0;0;0;0;0;0;0;2715;0;0;95;0;200;0;
15859;8548622;1059401728;21790720;1200013312;0;0;0;0;0;0;0;0;0;0;0;2635;0;0;95;0;200;0;
15860;5023601;1059401728;21790720;1200013312;0;0;0;0;0;0;0;0;0;0;0;4128;0;0;95;0;200;0;
15861;14560226;1059401728;21790720;1200013312;0;0;0;0;0;0;0;0;0;0;0;4398;0;0;95;0;200;0;
15862;11307987;1059401728;21790720;1200013312;0;0;0;0;0;0;0;0;0;0;0;3306;0;0;95;0;200;0;
15863;7686355;1059401728;21790720;1200013312;0;0;0;0;0;0;0;0;0;0;0;2895;0;0;95;0;200;0;
15864;6784985;1059401728;21790720;1200013312;0;0;0;0;0;0;0;0;0;0;0;4178;0;0;95;0;200;0;
15865;7340487;1059401728;21790720;1200013312;0;0;0;0;0;0;0;0;0;0;0;2274;0;0;95;0;200;0;
15866;5256067;1059401728;21790720;1200013312;0;0;0;0;0;0;0;0;0;0;0;3076;0;0;95;0;200;0;
15867;8400885;1059401728;21790720;1200013312;0;0;0;0;0;0;0;0;0;0;0;3527;0;0;95;0;200;0;
15868;4928844;1059401728;21790720;1200013312;0;0;0;0;0;0;0;0;0;0;0;3547;0;0;95;0;200;0;
15869;9208440;1059401728;21790720;1200013312;0;0;0;0;0;0;0;0;0;0;0;3307;0;0;95;0;200;0;
15870;6774635;1059401728;21790720;1200013312;0;0;0;0;0;0;0;0;0;0;0;3045;0;0;95;0;200;0;
15871;7619259;1059401728;21790720;1200013312;0;0;0;0;0;0;0;0;0;0;0;4768;0;0;95;0;200;0;
15872;6911872;1059401728;21790720;1200013312;0;0;0;0;0;0;0;0;0;0;0;3266;0;0;95;0;200;0;
15873;6494300;1059401728;21790720;1200013312;0;0;0;0;0;0;0;0;0;0;0;2965;0;0;95;0;200;0;
15874;5428030;1059401728;21790720;1200013312;0;0;0;0;0;0;0;0;0;0;0;3727;0;0;95;0;200;0;
15875;6915178;1059401728;21790720;1200013312;0;0;0;0;0;0;0;0;0;0;0;4429;0;0;95;0;200;0;
15876;8762313;1059401728;21790720;1200013312;0;0;0;0;0;0;0;0;0;0;0;3917;0;0;95;0;200;0;
15877;9417521;1059401728;21790720;1200013312;0;0;0;0;0;0;0;0;0;0;0;3777;0;0;95;0;200;0;
15878;6496182;1059401728;21790720;1200013312;0;0;0;0;0;0;0;0;0;0;0;3677;0;0;95;0;200;0;
15879;6135877;1059401728;21790720;1200013312;0;0;0;0;0;0;0;0;0;0;0;4338;0;0;95;0;200;0;
15880;6236186;1059401728;21790720;1200013312;0;0;0;0;0;0;0;0;0;0;0;3737;0;0;95;0;200;0;
15881;5922787;1059401728;21790720;1200013312;0;0;0;0;0;0;0;0;0;0;0;3457;0;0;95;0;200;0;
15882;5137575;1059401728;21790720;1200013312;0;0;0;0;0;0;0;0;0;0;0;3778;0;0;95;0;200;0;
15883;6124896;1059401728;21790720;1200013312;0;0;0;0;0;0;0;0;0;0;0;3827;0;0;95;0;200;0;
15884;5407602;1059401728;21790720;1200013312;0;0;0;0;0;0;0;0;0;0;0;4008;0;0;95;0;200;0;
15885;8680549;1059401728;21790720;1200013312;0;0;0;0;0;0;0;0;0;0;0;3667;0;0;95;0;200;0;
15886;6373322;1059401728;21790720;1200013312;0;0;0;0;0;0;0;0;0;0;0;4237;0;0;95;0;200;0;
15887;9078245;1059401728;21790720;1200013312;0;0;0;0;0;0;0;0;0;0;0;3296;0;0;95;0;200;0;
15888;5700060;1059401728;21790720;1200013312;0;0;0;0;0;0;0;0;0;0;0;4198;0;0;95;0;200;0;
15889;7535922;1059401728;21790720;1200013312;0;0;0;0;0;0;0;0;0;0;0;3166;0;0;95;0;200;0;
15890;3961941;1059401728;21790720;1200013312;0;0;0;0;0;0;0;0;0;0;0;3457;0;0;95;0;200;0;
15891;9103373;1059401728;21790720;1200013312;0;0;0;0;0;0;0;0;0;0;0;3747;0;0;95;0;200;0;
15892;3261958;1059401728;21790720;1200013312;0;0;0;0;0;0;0;0;0;0;0;4518;0;0;95;0;200;0;
15893;7589614;1059401728;21790720;1200013312;0;0;0;0;0;0;0;0;0;0;0;3687;0;0;95;0;200;0;
15894;5625590;1059401728;21790720;1200013312;0;0;0;0;0;0;0;0;0;0;0;3196;0;0;95;0;200;0;
15895;5763669;1059401728;21790720;1200013312;0;0;0;0;0;0;0;0;0;0;0;2725;0;0;95;0;200;0;
15896;6500851;1059401728;21790720;1200013312;0;0;0;0;0;0;0;0;0;0;0;3166;0;0;95;0;200;0;
15897;5302093;1059401728;21790720;1200013312;0;0;0;0;0;0;0;0;0;0;0;2425;0;0;95;0;200;0;
15898;6998695;1059401728;21790720;1200013312;0;0;0;0;0;0;0;0;0;0;0;2946;0;0;95;0;200;0;
15899;8525339;1059401728;21790720;1200013312;0;0;0;0;0;0;0;0;0;0;0;2675;0;0;95;0;200;0;
15900;4110940;1059401728;21790720;1200013312;0;0;0;0;0;0;0;0;0;0;0;3056;0;0;95;0;200;0;
15901;7955550;1059401728;21790720;1200013312;0;0;0;0;0;0;0;0;0;0;0;3587;0;0;95;0;200;0;
15902;5878865;1059401728;21790720;1200013312;0;0;0;0;0;0;0;0;0;0;0;4007;0;0;95;0;200;0;
15903;7968514;1059401728;21790720;1200013312;0;0;0;0;0;0;0;0;0;0;0;5320;0;0;95;0;200;0;
15904;4107784;1059401728;21790720;1200013312;0;0;0;0;0;0;0;0;0;0;0;3446;0;0;95;0;200;0;
15905;5141873;1059401728;21790720;1200013312;0;0;0;0;0;0;0;0;0;0;0;2234;0;0;95;0;200;0;
15906;6262124;1059401728;21790720;1200013312;0;0;0;0;0;0;0;0;0;0;0;3386;0;0;95;0;200;0;
15907;6978557;1059401728;21790720;1200013312;0;0;0;0;0;0;0;0;0;0;0;3026;0;0;95;0;200;0;
15908;6365387;1059401728;21790720;1200013312;0;0;0;0;0;0;0;0;0;0;0;3527;0;0;95;0;200;0;
15909;4948330;1059401728;21790720;1200013312;0;0;0;0;0;0;0;0;0;0;0;3126;0;0;95;0;200;0;
15910;6778132;1059401728;21790720;1200013312;0;0;0;0;0;0;0;0;0;0;0;3036;0;0;95;0;200;0;
15911;8048684;1059401728;21790720;1200013312;0;0;0;0;0;0;0;0;0;0;0;3046;0;0;95;0;200;0;
15912;5769971;1059401728;21790720;1200013312;0;0;0;0;0;0;0;0;0;0;0;3607;0;0;95;0;200;0;
15913;7116806;1059401728;21790720;1200013312;0;0;0;0;0;0;0;0;0;0;0;3507;0;0;95;0;200;0;
15914;4631616;1059401728;21790720;1200013312;0;0;0;0;0;0;0;0;0;0;0;4809;0;0;95;0;200;0;
15915;8717639;1059401728;21790720;1200013312;0;0;0;0;0;0;0;0;0;0;0;5319;0;0;95;0;200;0;
15916;4216537;1059401728;21790720;1200013312;0;0;0;0;0;0;0;0;0;0;0;3096;0;0;95;0;200;0;
15917;8797338;1059401728;21790720;1200013312;0;0;0;0;0;0;0;0;0;0;0;4529;0;0;95;0;200;0;
15918;5051774;1059401728;21790720;1200013312;0;0;0;0;0;0;0;0;0;0;0;3226;0;0;95;0;200;0;
15919;8927272;1059401728;21790720;1200013312;0;0;0;0;0;0;0;0;0;0;0;3917;0;0;95;0;200;0;
15920;4075693;1059401728;21790720;1200013312;0;0;0;0;0;0;0;0;0;0;0;3747;0;0;95;0;200;0;
15921;7232924;1059401728;21790720;1200013312;0;0;0;0;0;0;0;0;0;0;0;3887;0;0;95;0;200;0;
15922;3475228;1059401728;21790720;1200013312;0;0;0;0;0;0;0;0;0;0;0;3487;0;0;95;0;200;0;
15923;8535868;1059401728;21790720;1200013312;0;0;0;0;0;0;0;0;0;0;0;3767;0;0;95;0;200;0;
15924;3425774;1059401728;21790720;1200013312;0;0;0;0;0;0;0;0;0;0;0;3627;0;0;95;0;200;0;
15925;7610713;1059401728;21790720;1200013312;0;0;0;0;0;0;0;0;0;0;0;4248;0;0;95;0;200;0;
15926;6590710;1059401728;21790720;1200013312;0;0;0;0;0;0;0;0;0;0;0;4569;0;0;95;0;200;0;
15927;6761771;1059401728;21790720;1200013312;0;0;0;0;0;0;0;0;0;0;0;3236;0;0;95;0;200;0;
15928;4475774;1059401728;21790720;1200013312;0;0;0;0;0;0;0;0;0;0;0;2896;0;0;95;0;200;0;
15929;7486450;1059401728;21790720;1200013312;0;0;0;0;0;0;0;0;0;0;0;2554;0;0;95;0;200;0;
15930;3778957;1059401728;21790720;1200013312;0;0;0;0;0;0;0;0;0;0;0;3536;0;0;95;0;200;0;
15931;8372792;1059401728;21790720;1200013312;0;0;0;0;0;0;0;0;0;0;0;3387;0;0;95;0;200;0;
15932;4103055;1059401728;21790720;1200013312;0;0;0;0;0;0;0;0;0;0;0;2845;0;0;95;0;200;0;
15933;7001340;1059401728;21790720;1200013312;0;0;0;0;0;0;0;0;0;0;0;2485;0;0;95;0;200;0;
15934;4568698;1059401728;21790720;1200013312;0;0;0;0;0;0;0;0;0;0;0;3226;0;0;95;0;200;0;
15935;7881541;1059401728;21790720;1200013312;0;0;0;0;0;0;0;0;0;0;0;3807;0;0;95;0;200;0;
15936;3168583;1059401728;21790720;1200013312;0;0;0;0;0;0;0;0;0;0;0;5090;0;0;95;0;200;0;
15937;7471912;1059401728;21790720;1200013312;0;0;0;0;0;0;0;0;0;0;0;3236;0;0;95;0;200;0;
15938;4449705;1059401728;21790720;1200013312;0;0;0;0;0;0;0;0;0;0;0;3587;0;0;95;0;200;0;
15939;7557984;1059401728;21790720;1200013312;0;0;0;0;0;0;0;0;0;0;0;2485;0;0;95;0;200;0;
15940;5735977;1059401728;21790720;1200013312;0;0;0;0;0;0;0;0;0;0;0;4729;0;0;95;0;200;0;
15941;7943147;1059401728;21790720;1200013312;0;0;0;0;0;0;0;0;0;0;0;3126;0;0;95;0;200;0;
15942;5594702;1059401728;21790720;1200013312;0;0;0;0;0;0;0;0;0;0;0;4207;0;0;95;0;200;0;
15943;5775972;1059401728;21790720;1200013312;0;0;0;0;0;0;0;0;0;0;0;2525;0;0;95;0;200;0;
15944;5143476;1059401728;21790720;1200013312;0;0;0;0;0;0;0;0;0;0;0;2896;0;0;95;0;200;0;
15945;7213338;1059401728;21790720;1200013312;0;0;0;0;0;0;0;0;0;0;0;3386;0;0;95;0;200;0;
15946;6491784;1059401728;21790720;1200013312;0;0;0;0;0;0;0;0;0;0;0;3236;0;0;95;0;200;0;
15947;7795149;1059401728;21790720;1200013312;0;0;0;0;0;0;0;0;0;0;0;3586;0;0;95;0;200;0;
15948;5100084;1059401728;21790720;1200013312;0;0;0;0;0;0;0;0;0;0;0;4348;0;0;95;0;200;0;
15949;7354463;1059401728;21790720;1200013312;0;0;0;0;0;0;0;0;0;0;0;3957;0;0;95;0;200;0;
15950;5732782;1059401728;21790720;1200013312;0;0;0;0;0;0;0;0;0;0;0;4678;0;0;95;0;200;0;
15951;6882888;1059401728;21790720;1200013312;0;0;0;0;0;0;0;0;0;0;0;3076;0;0;95;0;200;0;
15952;3843137;1059401728;21790720;1200013312;0;0;0;0;0;0;0;0;0;0;0;4027;0;0;95;0;200;0;
15953;7643975;1059401728;21790720;1200013312;0;0;0;0;0;0;0;0;0;0;0;3587;0;0;95;0;200;0;
15954;3169915;1059401728;21790720;1200013312;0;0;0;0;0;0;0;0;0;0;0;2996;0;0;95;0;200;0;
15955;6789974;1059401728;21790720;1200013312;0;0;0;0;0;0;0;0;0;0;0;3797;0;0;95;0;200;0;
15956;4964420;1059401728;21790720;1200013312;0;0;0;0;0;0;0;0;0;0;0;3737;0;0;95;0;200;0;
15957;7543476;1059401728;21790720;1200013312;0;0;0;0;0;0;0;0;0;0;0;3697;0;0;95;0;200;0;
15958;6353295;1059401728;21790720;1200013312;0;0;0;0;0;0;0;0;0;0;0;3667;0;0;95;0;200;0;
15959;6412225;1059401728;21790720;1200013312;0;0;0;0;0;0;0;0;0;0;0;2936;0;0;95;0;200;0;
15960;3228815;1059401728;21790720;1200013312;0;0;0;0;0;0;0;0;0;0;0;3457;0;0;95;0;200;0;
15961;6718049;1059401728;21790720;1200013312;0;0;0;0;0;0;0;0;0;0;0;2235;0;0;95;0;200;0;
15962;4124124;1059401728;21790720;1200013312;0;0;0;0;0;0;0;0;0;0;0;3386;0;0;95;0;200;0;
15963;5354462;1059401728;21790720;1200013312;0;0;0;0;0;0;0;0;0;0;0;2435;0;0;95;0;200;0;
15964;3028870;1059401728;21790720;1200013312;0;0;0;0;0;0;0;0;0;0;0;2194;0;0;95;0;200;0;
15965;6598023;1059401728;21790720;1200013312;0;0;0;0;0;0;0;0;0;0;0;2204;0;0;95;0;200;0;
15966;3227513;1059401728;21790720;1200013312;0;0;0;0;0;0;0;0;0;0;0;2945;0;0;95;0;200;0;
15967;6051068;1059401728;21790720;1200013312;0;0;0;0;0;0;0;0;0;0;0;2134;0;0;95;0;200;0;
15968;3700069;1059401728;21790720;1200013312;0;0;0;0;0;0;0;0;0;0;0;3496;0;0;95;0;200;0;
15969;5897590;1059401728;21790720;1200013312;0;0;0;0;0;0;0;0;0;0;0;2014;0;0;95;0;200;0;
15970;6270831;1059401728;21790720;1200013312;0;0;0;0;0;0;0;0;0;0;0;2495;0;0;95;0;200;0;
15971;5883384;1059401728;21790720;1200013312;0;0;0;0;0;0;0;0;0;0;0;2174;0;0;95;0;200;0;
15972;3817469;1059401728;21790720;1200013312;0;0;0;0;0;0;0;0;0;0;0;2204;0;0;95;0;200;0;
15973;5725698;1059401728;21790720;1200013312;0;0;0;0;0;0;0;0;0;0;0;1783;0;0;95;0;200;0;
15974;4291067;1059401728;21790720;1200013312;0;0;0;0;0;0;0;0;0;0;0;3296;0;0;95;0;200;0;
15975;4738707;1059401728;21790720;1200013312;0;0;0;0;0;0;0;0;0;0;0;1904;0;0;95;0;200;0;
15976;5430714;1059401728;21790720;1200013312;0;0;0;0;0;0;0;0;0;0;0;3507;0;0;95;0;200;0;
15977;5764701;1059401728;21790720;1200013312;0;0;0;0;0;0;0;0;0;0;0;2404;0;0;95;0;200;0;
15978;2590288;1059401728;21790720;1200013312;0;0;0;0;0;0;0;0;0;0;0;2304;0;0;95;0;200;0;
15979;6892405;1059401728;21790720;1200013312;0;0;0;0;0;0;0;0;0;0;0;2204;0;0;95;0;200;0;
15980;5747799;1059401728;21790720;1200013312;0;0;0;0;0;0;0;0;0;0;0;2585;0;0;95;0;200;0;
15981;4864513;1059401728;21790720;1200013312;0;0;0;0;0;0;0;0;0;0;0;1733;0;0;95;0;200;0;
15982;6567867;1059401728;21790720;1200013312;0;0;0;0;0;0;0;0;0;0;0;2915;0;0;95;0;200;0;
15983;6166284;1059401728;21790720;1200013312;0;0;0;0;0;0;0;0;0;0;0;2675;0;0;95;0;200;0;
15984;3294238;1059401728;21790720;1200013312;0;0;0;0;0;0;0;0;0;0;0;4728;0;0;95;0;200;0;
15985;6424177;1059401728;21790720;1200013312;0;0;0;0;0;0;0;0;0;0;0;2324;0;0;95;0;200;0;
15986;3509041;1059401728;21790720;1200013312;0;0;0;0;0;0;0;0;0;0;0;2906;0;0;95;0;200;0;
15987;5193830;1059401728;21790720;1200013312;0;0;0;0;0;0;0;0;0;0;0;1713;0;0;95;0;200;0;
15988;3196304;1059401728;21790720;1200013312;0;0;0;0;0;0;0;0;0;0;0;2535;0;0;95;0;200;0;
15989;7074036;1059401728;21790720;1200013312;0;0;0;0;0;0;0;0;0;0;0;2334;0;0;95;0;200;0;
15990;4758213;1059401728;21790720;1200013312;0;0;0;0;0;0;0;0;0;0;0;3246;0;0;95;0;200;0;
15991;6665781;1059401728;21790720;1200013312;0;0;0;0;0;0;0;0;0;0;0;2034;0;0;95;0;200;0;
15992;5988661;1059401728;21790720;1200013312;0;0;0;0;0;0;0;0;0;0;0;3506;0;0;95;0;200;0;
15993;5984233;1059401728;21790720;1200013312;0;0;0;0;0;0;0;0;0;0;0;1974;0;0;95;0;200;0;
15994;4372941;1059401728;21790720;1200013312;0;0;0;0;0;0;0;0;0;0;0;2625;0;0;95;0;200;0;
15995;7674783;1059401728;21790720;1200013312;0;0;0;0;0;0;0;0;0;0;0;2304;0;0;95;0;200;0;
15996;3645827;1059401728;21790720;1200013312;0;0;0;0;0;0;0;0;0;0;0;2084;0;0;95;0;200;0;
15997;6211319;1059401728;21790720;1200013312;0;0;0;0;0;0;0;0;0;0;0;1944;0;0;95;0;200;0;
15998;3215170;1059401728;21790720;1200013312;0;0;0;0;0;0;0;0;0;0;0;2696;0;0;95;0;200;0;
15999;7250848;1059401728;21790720;1200013312;0;0;0;0;0;0;0;0;0;0;0;2414;0;0;95;0;200;0;
16000;5321860;1059401728;21790720;1200013312;0;0;0;0;0;0;0;0;0;0;0;4128;0;0;95;0;200;0;
16001;5632694;1059401728;21790720;1200013312;0;0;0;0;0;0;0;0;0;0;0;2264;0;0;95;0;200;0;
16002;5762987;1059401728;21790720;1200013312;0;0;0;0;0;0;0;0;0;0;0;2795;0;0;95;0;200;0;
16003;6991713;1059401728;21790720;1200013312;0;0;0;0;0;0;0;0;0;0;0;2645;0;0;95;0;200;0;
16004;5298857;1059401728;21790720;1200013312;0;0;0;0;0;0;0;0;0;0;0;3808;0;0;95;0;200;0;
16005;7545040;1059401728;21790720;1200013312;0;0;0;0;0;0;0;0;0;0;0;2584;0;0;95;0;200;0;
16006;3837937;1059401728;21790720;1200013312;0;0;0;0;0;0;0;0;0;0;0;3005;0;0;95;0;200;0;
16007;7593260;1059401728;21790720;1200013312;0;0;0;0;0;0;0;0;0;0;0;2114;0;0;95;0;200;0;
16008;5807030;1059401728;21790720;1200013312;0;0;0;0;0;0;0;0;0;0;0;2534;0;0;95;0;200;0;
16009;4979278;1059401728;21790720;1200013312;0;0;0;0;0;0;0;0;0;0;0;1713;0;0;95;0;200;0;
16010;6439887;1059401728;21790720;1200013312;0;0;0;0;0;0;0;0;0;0;0;2775;0;0;95;0;200;0;
16011;6668336;1059401728;21790720;1200013312;0;0;0;0;0;0;0;0;0;0;0;2655;0;0;95;0;200;0;
16012;7423993;1059401728;21790720;1200013312;0;0;0;0;0;0;0;0;0;0;0;4198;0;0;95;0;200;0;
16013;7344674;1059401728;21790720;1200013312;0;0;0;0;0;0;0;0;0;0;0;3376;0;0;95;0;200;0;
16014;6283313;1059401728;21790720;1200013312;0;0;0;0;0;0;0;0;0;0;0;3817;0;0;95;0;200;0;
16015;5448197;1059401728;21790720;1200013312;0;0;0;0;0;0;0;0;0;0;0;2284;0;0;95;0;200;0;
16016;8914298;1059401728;21790720;1200013312;0;0;0;0;0;0;0;0;0;0;0;3988;0;0;95;0;200;0;
16017;5655026;1059401728;21790720;1200013312;0;0;0;0;0;0;0;0;0;0;0;2084;0;0;95;0;200;0;
16018;5756225;1059401728;21790720;1200013312;0;0;0;0;0;0;0;0;0;0;0;4097;0;0;95;0;200;0;
16019;8739429;1059401728;21790720;1200013312;0;0;0;0;0;0;0;0;0;0;0;3286;0;0;95;0;200;0;
16020;7100336;1059401728;21790720;1200013312;0;0;0;0;0;0;0;0;0;0;0;3436;0;0;95;0;200;0;
16021;6378492;1059401728;21790720;1200013312;0;0;0;0;0;0;0;0;0;0;0;2925;0;0;95;0;200;0;
16022;7652992;1059401728;21790720;1200013312;0;0;0;0;0;0;0;0;0;0;0;3797;0;0;95;0;200;0;
16023;12423789;1059401728;21790720;1200013312;0;0;0;0;0;0;0;0;0;0;0;2434;0;0;95;0;200;0;
16024;4606469;1059401728;21790720;1200013312;0;0;0;0;0;0;0;0;0;0;0;4217;0;0;95;0;200;0;
16025;7291494;1059401728;21790720;1200013312;0;0;0;0;0;0;0;0;0;0;0;4037;0;0;95;0;200;0;
16026;5444480;1059401728;21790720;1200013312;0;0;0;0;0;0;0;0;0;0;0;3146;0;0;95;0;200;0;
16027;9135343;1059401728;21790720;1200013312;0;0;0;0;0;0;0;0;0;0;0;4568;0;0;95;0;200;0;
16028;5310079;1059401728;21790720;1200013312;0;0;0;0;0;0;0;0;0;0;0;4378;0;0;95;0;200;0;
16029;8410633;1059401728;21790720;1200013312;0;0;0;0;0;0;0;0;0;0;0;3076;0;0;95;0;200;0;
16030;7003324;1059401728;21790720;1200013312;0;0;0;0;0;0;0;0;0;0;0;3417;0;0;95;0;200;0;
16031;9269494;1059401728;21790720;1200013312;0;0;0;0;0;0;0;0;0;0;0;4388;0;0;95;0;200;0;
16032;3854448;1059401728;21790720;1200013312;0;0;0;0;0;0;0;0;0;0;0;4268;0;0;95;0;200;0;
16033;8950536;1059401728;21790720;1200013312;0;0;0;0;0;0;0;0;0;0;0;3797;0;0;95;0;200;0;
16034;3784878;1059401728;21790720;1200013312;0;0;0;0;0;0;0;0;0;0;0;2785;0;0;95;0;200;0;
16035;6503807;1059401728;21790720;1200013312;0;0;0;0;0;0;0;0;0;0;0;2585;0;0;95;0;200;0;
16036;6489941;1059401728;21790720;1200013312;0;0;0;0;0;0;0;0;0;0;0;2725;0;0;95;0;200;0;
16037;6760188;1059401728;21790720;1200013312;0;0;0;0;0;0;0;0;0;0;0;3667;0;0;95;0;200;0;
16038;4347373;1059401728;21790720;1200013312;0;0;0;0;0;0;0;0;0;0;0;2975;0;0;95;0;200;0;
16039;4921280;1059401728;21790720;1200013312;0;0;0;0;0;0;0;0;0;0;0;1773;0;0;95;0;200;0;
16040;6738527;1059401728;21790720;1200013312;0;0;0;0;0;0;0;0;0;0;0;2996;0;0;95;0;200;0;
16041;5010817;1059401728;21790720;1200013312;0;0;0;0;0;0;0;0;0;0;0;2134;0;0;95;0;200;0;
16042;5276215;1059401728;21790720;1200013312;0;0;0;0;0;0;0;0;0;0;0;3787;0;0;95;0;200;0;
16043;8267404;1059401728;21790720;1200013312;0;0;0;0;0;0;0;0;0;0;0;2735;0;0;95;0;200;0;
16044;6097776;1059401728;21790720;1200013312;0;0;0;0;0;0;0;0;0;0;0;3066;0;0;95;0;200;0;
16045;7497792;1059401728;21790720;1200013312;0;0;0;0;0;0;0;0;0;0;0;3937;0;0;95;0;200;0;
16046;6257575;1059401728;21790720;1200013312;0;0;0;0;0;0;0;0;0;0;0;2955;0;0;95;0;200;0;
16047;7372616;1059401728;21790720;1200013312;0;0;0;0;0;0;0;0;0;0;0;3256;0;0;95;0;200;0;
16048;4861347;1059401728;21790720;1200013312;0;0;0;0;0;0;0;0;0;0;0;4639;0;0;95;0;200;0;
16049;6441220;1059401728;21790720;1200013312;0;0;0;0;0;0;0;0;0;0;0;4649;0;0;95;0;200;0;
16050;4595348;1059401728;21790720;1200013312;0;0;0;0;0;0;0;0;0;0;0;4438;0;0;95;0;200;0;
16051;7557062;1059401728;21790720;1200013312;0;0;0;0;0;0;0;0;0;0;0;3226;0;0;95;0;200;0;
16052;5032858;1059401728;21798912;1200021504;0;0;0;0;0;0;0;0;0;0;0;3516;0;0;95;0;200;0;
16053;6585851;1059401728;21798912;1200021504;0;0;0;0;0;0;0;0;0;0;0;3336;0;0;95;0;200;0;
16054;5689880;1059401728;21798912;1200021504;0;0;0;0;0;0;0;0;0;0;0;3396;0;0;95;0;200;0;
16055;7531635;1059401728;21798912;1200021504;0;0;0;0;0;0;0;0;0;0;0;3436;0;0;95;0;200;0;
16056;4496262;1059401728;21798912;1200021504;0;0;0;0;0;0;0;0;0;0;0;3947;0;0;95;0;200;0;
16057;7496779;1059401728;21798912;1200021504;0;0;0;0;0;0;0;0;0;0;0;4108;0;0;95;0;200;0;
16058;3954556;1059401728;21790720;1200013312;0;0;0;0;0;0;0;0;0;0;0;3768;0;0;95;0;200;0;
16059;8608144;1059401728;21790720;1200013312;0;0;0;0;0;0;0;0;0;0;0;3486;0;0;95;0;200;0;
16060;4379583;1059401728;21790720;1200013312;0;0;0;0;0;0;0;0;0;0;0;2314;0;0;95;0;200;0;
16061;7114172;1059401728;21790720;1200013312;0;0;0;0;0;0;0;0;0;0;0;4458;0;0;95;0;200;0;
16062;5674793;1059401728;21790720;1200013312;0;0;0;0;0;0;0;0;0;0;0;3046;0;0;95;0;200;0;
16063;5823281;1059401728;21790720;1200013312;0;0;0;0;0;0;0;0;0;0;0;3307;0;0;95;0;200;0;
16064;5907138;1059401728;21790720;1200013312;0;0;0;0;0;0;0;0;0;0;0;2875;0;0;95;0;200;0;
16065;8666242;1059401728;21790720;1200013312;0;0;0;0;0;0;0;0;0;0;0;2675;0;0;95;0;200;0;
16066;4494529;1059401728;21790720;1200013312;0;0;0;0;0;0;0;0;0;0;0;2725;0;0;95;0;200;0;
16067;8406876;1059401728;21790720;1200013312;0;0;0;0;0;0;0;0;0;0;0;3327;0;0;95;0;200;0;
16068;4456086;1059401728;21790720;1200013312;0;0;0;0;0;0;0;0;0;0;0;3917;0;0;95;0;200;0;
16069;7303146;1059401728;21790720;1200013312;0;0;0;0;0;0;0;0;0;0;0;2374;0;0;95;0;200;0;
16070;6680829;1059401728;21790720;1200013312;0;0;0;0;0;0;0;0;0;0;0;2835;0;0;95;0;200;0;
16071;5745716;1059401728;21790720;1200013312;0;0;0;0;0;0;0;0;0;0;0;4339;0;0;95;0;200;0;
16072;5627013;1059401728;21790720;1200013312;0;0;0;0;0;0;0;0;0;0;0;4148;0;0;95;0;200;0;
16073;5640648;1059401728;21790720;1200013312;0;0;0;0;0;0;0;0;0;0;0;2865;0;0;95;0;200;0;
16074;4207530;1059401728;21790720;1200013312;0;0;0;0;0;0;0;0;0;0;0;3025;0;0;95;0;200;0;
16075;5778607;1059401728;21790720;1200013312;0;0;0;0;0;0;0;0;0;0;0;1963;0;0;95;0;200;0;
16076;4557587;1059401728;21790720;1200013312;0;0;0;0;0;0;0;0;0;0;0;3025;0;0;95;0;200;0;
16077;6683955;1059401728;21790720;1200013312;0;0;0;0;0;0;0;0;0;0;0;2475;0;0;95;0;200;0;
16078;5603830;1059401728;21790720;1200013312;0;0;0;0;0;0;0;0;0;0;0;4208;0;0;95;0;200;0;
16079;6012616;1059401728;21790720;1200013312;0;0;0;0;0;0;0;0;0;0;0;1874;0;0;95;0;200;0;
16080;4231827;1059401728;21790720;1200013312;0;0;0;0;0;0;0;0;0;0;0;4688;0;0;95;0;200;0;
16081;5470960;1059401728;21790720;1200013312;0;0;0;0;0;0;0;0;0;0;0;3256;0;0;95;0;200;0;
16082;5909252;1059401728;21790720;1200013312;0;0;0;0;0;0;0;0;0;0;0;4028;0;0;95;0;200;0;
16083;6250863;1059401728;21790720;1200013312;0;0;0;0;0;0;0;0;0;0;0;3036;0;0;95;0;200;0;
16084;3381912;1059401728;21790720;1200013312;0;0;0;0;0;0;0;0;0;0;0;3316;0;0;95;0;200;0;
16085;6251023;1059401728;21790720;1200013312;0;0;0;0;0;0;0;0;0;0;0;3647;0;0;95;0;200;0;
16086;4927531;1059401728;21790720;1200013312;0;0;0;0;0;0;0;0;0;0;0;3998;0;0;95;0;200;0;
16087;6055196;1059401728;21790720;1200013312;0;0;0;0;0;0;0;0;0;0;0;2274;0;0;95;0;200;0;
16088;7309829;1059401728;21790720;1200013312;0;0;0;0;0;0;0;0;0;0;0;3576;0;0;95;0;200;0;
16089;5795679;1059401728;21790720;1200013312;0;0;0;0;0;0;0;0;0;0;0;2365;0;0;95;0;200;0;
16090;5661498;1059401728;21790720;1200013312;0;0;0;0;0;0;0;0;0;0;0;4368;0;0;95;0;200;0;
16091;5729755;1059401728;21790720;1200013312;0;0;0;0;0;0;0;0;0;0;0;2184;0;0;95;0;200;0;
16092;3814033;1059401728;21790720;1200013312;0;0;0;0;0;0;0;0;0;0;0;4047;0;0;95;0;200;0;
16093;5415526;1059401728;21790720;1200013312;0;0;0;0;0;0;0;0;0;0;0;2695;0;0;95;0;200;0;
16094;6417746;1059401728;21790720;1200013312;0;0;0;0;0;0;0;0;0;0;0;3977;0;0;95;0;200;0;
16095;5206043;1059401728;21790720;1200013312;0;0;0;0;0;0;0;0;0;0;0;2826;0;0;95;0;200;0;
16096;7021278;1059401728;21790720;1200013312;0;0;0;0;0;0;0;0;0;0;0;3727;0;0;95;0;200;0;
16097;5561299;1059401728;21790720;1200013312;0;0;0;0;0;0;0;0;0;0;0;2034;0;0;95;0;200;0;
16098;3992758;1059401728;21790720;1200013312;0;0;0;0;0;0;0;0;0;0;0;3707;0;0;95;0;200;0;
16099;5681896;1059401728;21790720;1200013312;0;0;0;0;0;0;0;0;0;0;0;2244;0;0;95;0;200;0;
16100;5556420;1059401728;21790720;1200013312;0;0;0;0;0;0;0;0;0;0;0;54242;0;0;95;0;200;0;
16101;6761270;1059401728;21790720;1200013312;0;0;0;0;0;0;0;0;0;0;0;3647;0;0;95;0;200;0;
16102;4565482;1059401728;21790720;1200013312;0;0;0;0;0;0;0;0;0;0;0;3176;0;0;95;0;200;0;
16103;7966691;1059401728;21790720;1200013312;0;0;0;0;0;0;0;0;0;0;0;3176;0;0;95;0;200;0;
16104;3974003;1059401728;21790720;1200013312;0;0;0;0;0;0;0;0;0;0;0;3055;0;0;95;0;200;0;
16105;7610834;1059401728;21790720;1200013312;0;0;0;0;0;0;0;0;0;0;0;3817;0;0;95;0;200;0;
16106;3968232;1059401728;21790720;1200013312;0;0;0;0;0;0;0;0;0;0;0;3937;0;0;95;0;200;0;
16107;7059800;1059401728;21790720;1200013312;0;0;0;0;0;0;0;0;0;0;0;3757;0;0;95;0;200;0;
16108;5725368;1059401728;21790720;1200013312;0;0;0;0;0;0;0;0;0;0;0;4178;0;0;95;0;200;0;
16109;7835354;1059401728;21790720;1200013312;0;0;0;0;0;0;0;0;0;0;0;6993;0;0;95;0;200;0;
16110;4753615;1059401728;21790720;1200013312;0;0;0;0;0;0;0;0;0;0;0;3807;0;0;95;0;200;0;
16111;6812246;1059401728;21790720;1200013312;0;0;0;0;0;0;0;0;0;0;0;4117;0;0;95;0;200;0;
16112;5445883;1059401728;21790720;1200013312;0;0;0;0;0;0;0;0;0;0;0;4067;0;0;95;0;200;0;
16113;8979120;1059401728;21790720;1200013312;0;0;0;0;0;0;0;0;0;0;0;3827;0;0;95;0;200;0;
16114;4523222;1059401728;21790720;1200013312;0;0;0;0;0;0;0;0;0;0;0;3938;0;0;95;0;200;0;
16115;7728894;1059401728;21790720;1200013312;0;0;0;0;0;0;0;0;0;0;0;3246;0;0;95;0;200;0;
16116;3532645;1059401728;21790720;1200013312;0;0;0;0;0;0;0;0;0;0;0;3797;0;0;95;0;200;0;
16117;7685574;1059401728;21790720;1200013312;0;0;0;0;0;0;0;0;0;0;0;4068;0;0;95;0;200;0;
16118;4704072;1059401728;21790720;1200013312;0;0;0;0;0;0;0;0;0;0;0;3707;0;0;95;0;200;0;
16119;5187558;1059401728;21790720;1200013312;0;0;0;0;0;0;0;0;0;0;0;2375;0;0;95;0;200;0;
16120;8149603;1059401728;21790720;1200013312;0;0;0;0;0;0;0;0;0;0;0;4188;0;0;95;0;200;0;
16121;5976708;1059401728;21790720;1200013312;0;0;0;0;0;0;0;0;0;0;0;2635;0;0;95;0;200;0;
16122;7705842;1059401728;21790720;1200013312;0;0;0;0;0;0;0;0;0;0;0;4188;0;0;95;0;200;0;
16123;9082113;1059401728;21790720;1200013312;0;0;0;0;0;0;0;0;0;0;0;3466;0;0;95;0;200;0;
16124;6950325;1059401728;21790720;1200013312;0;0;0;0;0;0;0;0;0;0;0;4648;0;0;95;0;200;0;
16125;9079898;1059401728;21790720;1200013312;0;0;0;0;0;0;0;0;0;0;0;2935;0;0;95;0;200;0;
16126;6860787;1059401728;21790720;1200013312;0;0;0;0;0;0;0;0;0;0;0;3317;0;0;95;0;200;0;
16127;7347760;1059401728;21790720;1200013312;0;0;0;0;0;0;0;0;0;0;0;3396;0;0;95;0;200;0;
16128;5578251;1059401728;21790720;1200013312;0;0;0;0;0;0;0;0;0;0;0;107622;0;0;95;0;200;0;
16129;7887562;1059401728;21790720;1200013312;0;0;0;0;0;0;0;0;0;0;0;3717;0;0;95;0;200;0;
16130;4795473;1059401728;21790720;1200013312;0;0;0;0;0;0;0;0;0;0;0;5090;0;0;95;0;200;0;
16131;9193191;1059401728;21790720;1200013312;0;0;0;0;0;0;0;0;0;0;0;3286;0;0;95;0;200;0;
16132;4586010;1059401728;21790720;1200013312;0;0;0;0;0;0;0;0;0;0;0;3206;0;0;95;0;200;0;
16133;7058828;1059401728;21790720;1200013312;0;0;0;0;0;0;0;0;0;0;0;4288;0;0;95;0;200;0;
16134;6016524;1059401728;21798912;1200021504;0;0;0;0;0;0;0;0;0;0;0;141926;0;0;95;0;200;0;
16135;8470626;1059401728;21798912;1200021504;0;0;0;0;0;0;0;0;0;0;0;4729;0;0;95;0;200;0;
16136;4107423;1059401728;21798912;1200021504;0;0;0;0;0;0;0;0;0;0;0;3697;0;0;95;0;200;0;
16137;8091254;1059401728;21798912;1200021504;0;0;0;0;0;0;0;0;0;0;0;4859;0;0;95;0;200;0;
16138;4090522;1059401728;21798912;1200021504;0;0;0;0;0;0;0;0;0;0;0;3447;0;0;95;0;200;0;
16139;8461128;1059401728;21798912;1200021504;0;0;0;0;0;0;0;0;0;0;0;3647;0;0;95;0;200;0;
16140;6352243;1059401728;21790720;1200013312;0;0;0;0;0;0;0;0;0;0;0;3777;0;0;95;0;200;0;
16141;8230495;1059401728;21790720;1200013312;0;0;0;0;0;0;0;0;0;0;0;3216;0;0;95;0;200;0;
16142;5902390;1059401728;21790720;1200013312;0;0;0;0;0;0;0;0;0;0;0;3257;0;0;95;0;200;0;
16143;5027729;1059401728;21790720;1200013312;0;0;0;0;0;0;0;0;0;0;0;2665;0;0;95;0;200;0;
16144;8176895;1059401728;21790720;1200013312;0;0;0;0;0;0;0;0;0;0;0;3967;0;0;95;0;200;0;
16145;6173277;1059401728;21790720;1200013312;0;0;0;0;0;0;0;0;0;0;0;3336;0;0;95;0;200;0;
16146;6021222;1059401728;21790720;1200013312;0;0;0;0;0;0;0;0;0;0;0;3857;0;0;95;0;200;0;
16147;8067169;1059401728;21790720;1200013312;0;0;0;0;0;0;0;0;0;0;0;4379;0;0;95;0;200;0;
16148;6438354;1059401728;21790720;1200013312;0;0;0;0;0;0;0;0;0;0;0;4218;0;0;95;0;200;0;
16149;7953326;1059401728;21790720;1200013312;0;0;0;0;0;0;0;0;0;0;0;3066;0;0;95;0;200;0;
16150;7644306;1059401728;21790720;1200013312;0;0;0;0;0;0;0;0;0;0;0;4449;0;0;95;0;200;0;
16151;7643836;1059401728;21790720;1200013312;0;0;0;0;0;0;0;0;0;0;0;2906;0;0;95;0;200;0;
16152;7268010;1059401728;21790720;1200013312;0;0;0;0;0;0;0;0;0;0;0;3397;0;0;95;0;200;0;
16153;6971484;1059401728;21790720;1200013312;0;0;0;0;0;0;0;0;0;0;0;4268;0;0;95;0;200;0;
16154;6574249;1059401728;21790720;1200013312;0;0;0;0;0;0;0;0;0;0;0;3757;0;0;95;0;200;0;
16155;8259950;1059401728;21790720;1200013312;0;0;0;0;0;0;0;0;0;0;0;4018;0;0;95;0;200;0;
16156;5922056;1059401728;21790720;1200013312;0;0;0;0;0;0;0;0;0;0;0;3987;0;0;95;0;200;0;
16157;8202813;1059401728;21790720;1200013312;0;0;0;0;0;0;0;0;0;0;0;3456;0;0;95;0;200;0;
16158;5694680;1059401728;21790720;1200013312;0;0;0;0;0;0;0;0;0;0;0;3446;0;0;95;0;200;0;
16159;10624334;1059401728;21790720;1200013312;0;0;0;0;0;0;0;0;0;0;0;3817;0;0;95;0;200;0;
16160;4920498;1059401728;21790720;1200013312;0;0;0;0;0;0;0;0;0;0;0;3897;0;0;95;0;200;0;
16161;8070194;1059401728;21790720;1200013312;0;0;0;0;0;0;0;0;0;0;0;4708;0;0;95;0;200;0;
16162;6145706;1059401728;21790720;1200013312;0;0;0;0;0;0;0;0;0;0;0;3557;0;0;95;0;200;0;
16163;7051444;1059401728;21790720;1200013312;0;0;0;0;0;0;0;0;0;0;0;3947;0;0;95;0;200;0;
16164;6192744;1059401728;21790720;1200013312;0;0;0;0;0;0;0;0;0;0;0;3496;0;0;95;0;200;0;
16165;6416153;1059401728;21790720;1200013312;0;0;0;0;0;0;0;0;0;0;0;4629;0;0;95;0;200;0;
16166;6625215;1059401728;21790720;1200013312;0;0;0;0;0;0;0;0;0;0;0;3667;0;0;95;0;200;0;
16167;7691494;1059401728;21790720;1200013312;0;0;0;0;0;0;0;0;0;0;0;2845;0;0;95;0;200;0;
16168;10740904;1059401728;21790720;1200013312;0;0;0;0;0;0;0;0;0;0;0;4128;0;0;95;0;200;0;
16169;9584545;1059401728;21790720;1200013312;0;0;0;0;0;0;0;0;0;0;0;3937;0;0;95;0;200;0;
16170;6138643;1059401728;21790720;1200013312;0;0;0;0;0;0;0;0;0;0;0;3276;0;0;95;0;200;0;
16171;7858107;1059401728;21790720;1200013312;0;0;0;0;0;0;0;0;0;0;0;4389;0;0;95;0;200;0;
16172;7077142;1059401728;21790720;1200013312;0;0;0;0;0;0;0;0;0;0;0;4559;0;0;95;0;200;0;
16173;9457136;1059401728;21790720;1200013312;0;0;0;0;0;0;0;0;0;0;0;4157;0;0;95;0;200;0;
16174;5008683;1059401728;21790720;1200013312;0;0;0;0;0;0;0;0;0;0;0;3537;0;0;95;0;200;0;
16175;7196186;1059401728;21790720;1200013312;0;0;0;0;0;0;0;0;0;0;0;3918;0;0;95;0;200;0;
16176;4785945;1059401728;21790720;1200013312;0;0;0;0;0;0;0;0;0;0;0;3948;0;0;95;0;200;0;
16177;11414216;1059401728;21790720;1200013312;0;0;0;0;0;0;0;0;0;0;0;3727;0;0;95;0;200;0;
16178;7582550;1059401728;21790720;1200013312;0;0;0;0;0;0;0;0;0;0;0;3908;0;0;95;0;200;0;
16179;8906423;1059401728;21790720;1200013312;0;0;0;0;0;0;0;0;0;0;0;4137;0;0;95;0;200;0;
16180;5965648;1059401728;21790720;1200013312;0;0;0;0;0;0;0;0;0;0;0;4598;0;0;95;0;200;0;
16181;8356031;1059401728;21790720;1200013312;0;0;0;0;0;0;0;0;0;0;0;4899;0;0;95;0;200;0;
16182;4124876;1059401728;21790720;1200013312;0;0;0;0;0;0;0;0;0;0;0;3186;0;0;95;0;200;0;
16183;9187480;1059401728;21790720;1200013312;0;0;0;0;0;0;0;0;0;0;0;4559;0;0;95;0;200;0;
16184;6969129;1059401728;21790720;1200013312;0;0;0;0;0;0;0;0;0;0;0;3316;0;0;95;0;200;0;
16185;7850243;1059401728;21790720;1200013312;0;0;0;0;0;0;0;0;0;0;0;3777;0;0;95;0;200;0;
16186;4684886;1059401728;21790720;1200013312;0;0;0;0;0;0;0;0;0;0;0;4338;0;0;95;0;200;0;
16187;9569266;1059401728;21790720;1200013312;0;0;0;0;0;0;0;0;0;0;0;3657;0;0;95;0;200;0;
16188;3862052;1059401728;21790720;1200013312;0;0;0;0;0;0;0;0;0;0;0;4258;0;0;95;0;200;0;
16189;9406221;1059401728;21790720;1200013312;0;0;0;0;0;0;0;0;0;0;0;4578;0;0;95;0;200;0;
16190;5009635;1059401728;21790720;1200013312;0;0;0;0;0;0;0;0;0;0;0;3627;0;0;95;0;200;0;
16191;9314899;1059401728;21790720;1200013312;0;0;0;0;0;0;0;0;0;0;0;4789;0;0;95;0;200;0;
16192;5112318;1059401728;21790720;1200013312;0;0;0;0;0;0;0;0;0;0;0;4017;0;0;95;0;200;0;
16193;8979340;1059401728;21790720;1200013312;0;0;0;0;0;0;0;0;0;0;0;4929;0;0;95;0;200;0;
16194;4599836;1059401728;21790720;1200013312;0;0;0;0;0;0;0;0;0;0;0;2946;0;0;95;0;200;0;
16195;8583026;1059401728;21790720;1200013312;0;0;0;0;0;0;0;0;0;0;0;3717;0;0;95;0;200;0;
16196;6161325;1059401728;21790720;1200013312;0;0;0;0;0;0;0;0;0;0;0;3347;0;0;95;0;200;0;
16197;7801802;1059401728;21790720;1200013312;0;0;0;0;0;0;0;0;0;0;0;3827;0;0;95;0;200;0;
16198;5602356;1059401728;21790720;1200013312;0;0;0;0;0;0;0;0;0;0;0;281187;0;0;95;0;200;0;
16199;8994287;1059401728;21790720;1200013312;0;0;0;0;0;0;0;0;0;0;0;4098;0;0;95;0;200;0;
16200;5202557;1059401728;21790720;1200013312;0;0;0;0;0;0;0;0;0;0;0;2695;0;0;95;0;200;0;
16201;6461027;1059401728;21790720;1200013312;0;0;0;0;0;0;0;0;0;0;0;3356;0;0;95;0;200;0;
16202;4056367;1059401728;21790720;1200013312;0;0;0;0;0;0;0;0;0;0;0;4399;0;0;95;0;200;0;
16203;7841065;1059401728;21790720;1200013312;0;0;0;0;0;0;0;0;0;0;0;3136;0;0;95;0;200;0;
16204;3951420;1059401728;21790720;1200013312;0;0;0;0;0;0;0;0;0;0;0;2975;0;0;95;0;200;0;
16205;6980732;1059401728;21790720;1200013312;0;0;0;0;0;0;0;0;0;0;0;2545;0;0;95;0;200;0;
16206;5367826;1059401728;21790720;1200013312;0;0;0;0;0;0;0;0;0;0;0;125695;0;0;95;0;200;0;
16207;8895492;1059401728;21790720;1200013312;0;0;0;0;0;0;0;0;0;0;0;4438;0;0;95;0;200;0;
16208;5327801;1059401728;21790720;1200013312;0;0;0;0;0;0;0;0;0;0;0;4378;0;0;95;0;200;0;
16209;8223722;1059401728;21790720;1200013312;0;0;0;0;0;0;0;0;0;0;0;3417;0;0;95;0;200;0;
16210;4535866;1059401728;21790720;1200013312;0;0;0;0;0;0;0;0;0;0;0;4078;0;0;95;0;200;0;
16211;5325157;1059401728;21790720;1200013312;0;0;0;0;0;0;0;0;0;0;0;2555;0;0;95;0;200;0;
16212;6231387;1059401728;21790720;1200013312;0;0;0;0;0;0;0;0;0;0;0;3808;0;0;95;0;200;0;
16213;8894200;1059401728;21790720;1200013312;0;0;0;0;0;0;0;0;0;0;0;2946;0;0;95;0;200;0;
16214;3719776;1059401728;21790720;1200013312;0;0;0;0;0;0;0;0;0;0;0;4388;0;0;95;0;200;0;
16215;6970613;1059401728;21790720;1200013312;0;0;0;0;0;0;0;0;0;0;0;3957;0;0;95;0;200;0;
16216;4911020;1059401728;21790720;1200013312;0;0;0;0;0;0;0;0;0;0;0;3817;0;0;95;0;200;0;
16217;7884326;1059401728;21790720;1200013312;0;0;0;0;0;0;0;0;0;0;0;2825;0;0;95;0;200;0;
16218;3984402;1059401728;21790720;1200013312;0;0;0;0;0;0;0;0;0;0;0;3005;0;0;95;0;200;0;
16219;6815141;1059401728;21790720;1200013312;0;0;0;0;0;0;0;0;0;0;0;2264;0;0;95;0;200;0;
16220;4884250;1059401728;21790720;1200013312;0;0;0;0;0;0;0;0;0;0;0;4008;0;0;95;0;200;0;
16221;7887562;1059401728;21790720;1200013312;0;0;0;0;0;0;0;0;0;0;0;3797;0;0;95;0;200;0;
16222;7060592;1059401728;21790720;1200013312;0;0;0;0;0;0;0;0;0;0;0;4108;0;0;95;0;200;0;
16223;6368603;1059401728;21790720;1200013312;0;0;0;0;0;0;0;0;0;0;0;2595;0;0;95;0;200;0;
16224;5891690;1059401728;21790720;1200013312;0;0;0;0;0;0;0;0;0;0;0;3967;0;0;95;0;200;0;
16225;8358356;1059401728;21790720;1200013312;0;0;0;0;0;0;0;0;0;0;0;3667;0;0;95;0;200;0;
16226;7091029;1059401728;21790720;1200013312;0;0;0;0;0;0;0;0;0;0;0;3577;0;0;95;0;200;0;
16227;7778017;1059401728;21790720;1200013312;0;0;0;0;0;0;0;0;0;0;0;3757;0;0;95;0;200;0;
16228;4798028;1059401728;21790720;1200013312;0;0;0;0;0;0;0;0;0;0;0;51116;0;0;95;0;200;0;
16229;8225095;1059401728;21790720;1200013312;0;0;0;0;0;0;0;0;0;0;0;3597;0;0;95;0;200;0;
16230;5037687;1059401728;21790720;1200013312;0;0;0;0;0;0;0;0;0;0;0;4498;0;0;95;0;200;0;
16231;6530167;1059401728;21790720;1200013312;0;0;0;0;0;0;0;0;0;0;0;2896;0;0;95;0;200;0;
16232;4809239;1059401728;21790720;1200013312;0;0;0;0;0;0;0;0;0;0;0;5230;0;0;95;0;200;0;
16233;6704413;1059401728;21790720;1200013312;0;0;0;0;0;0;0;0;0;0;0;2845;0;0;95;0;200;0;
16234;5024613;1059401728;21790720;1200013312;0;0;0;0;0;0;0;0;0;0;0;3336;0;0;95;0;200;0;
16235;6565022;1059401728;21790720;1200013312;0;0;0;0;0;0;0;0;0;0;0;3076;0;0;95;0;200;0;
16236;6232969;1059401728;21790720;1200013312;0;0;0;0;0;0;0;0;0;0;0;4509;0;0;95;0;200;0;
16237;6180501;1059401728;21790720;1200013312;0;0;0;0;0;0;0;0;0;0;0;2655;0;0;95;0;200;0;
16238;4412375;1059401728;21790720;1200013312;0;0;0;0;0;0;0;0;0;0;0;3336;0;0;95;0;200;0;
16239;6795104;1059401728;21790720;1200013312;0;0;0;0;0;0;0;0;0;0;0;3667;0;0;95;0;200;0;
16240;5028601;1059401728;21790720;1200013312;0;0;0;0;0;0;0;0;0;0;0;3997;0;0;95;0;200;0;
16241;6431302;1059401728;21790720;1200013312;0;0;0;0;0;0;0;0;0;0;0;4158;0;0;95;0;200;0;
16242;7059219;1059401728;21790720;1200013312;0;0;0;0;0;0;0;0;0;0;0;3396;0;0;95;0;200;0;
16243;7435845;1059401728;21790720;1200013312;0;0;0;0;0;0;0;0;0;0;0;3356;0;0;95;0;200;0;
16244;7118660;1059401728;21790720;1200013312;0;0;0;0;0;0;0;0;0;0;0;3707;0;0;95;0;200;0;
16245;10320184;1059401728;21790720;1200013312;0;0;0;0;0;0;0;0;0;0;0;4478;0;0;95;0;200;0;
16246;5304007;1059401728;21790720;1200013312;0;0;0;0;0;0;0;0;0;0;0;3717;0;0;95;0;200;0;
16247;7835835;1059401728;21790720;1200013312;0;0;0;0;0;0;0;0;0;0;0;3046;0;0;95;0;200;0;
16248;5339614;1059401728;21790720;1200013312;0;0;0;0;0;0;0;0;0;0;0;3697;0;0;95;0;200;0;
16249;7624599;1059401728;21790720;1200013312;0;0;0;0;0;0;0;0;0;0;0;2725;0;0;95;0;200;0;
16250;6126029;1059401728;21790720;1200013312;0;0;0;0;0;0;0;0;0;0;0;3046;0;0;95;0;200;0;
16251;8224705;1059401728;21790720;1200013312;0;0;0;0;0;0;0;0;0;0;0;3366;0;0;95;0;200;0;
16252;5178902;1059401728;21790720;1200013312;0;0;0;0;0;0;0;0;0;0;0;3326;0;0;95;0;200;0;
16253;8885243;1059401728;21790720;1200013312;0;0;0;0;0;0;0;0;0;0;0;2084;0;0;95;0;200;0;
16254;3996024;1059401728;21790720;1200013312;0;0;0;0;0;0;0;0;0;0;0;3026;0;0;95;0;200;0;
16255;7464068;1059401728;21790720;1200013312;0;0;0;0;0;0;0;0;0;0;0;2785;0;0;95;0;200;0;
16256;5212075;1059401728;21790720;1200013312;0;0;0;0;0;0;0;0;0;0;0;4649;0;0;95;0;200;0;
16257;8125519;1059401728;21790720;1200013312;0;0;0;0;0;0;0;0;0;0;0;3547;0;0;95;0;200;0;
16258;5436786;1059401728;21790720;1200013312;0;0;0;0;0;0;0;0;0;0;0;4298;0;0;95;0;200;0;
16259;8015662;1059401728;21790720;1200013312;0;0;0;0;0;0;0;0;0;0;0;3858;0;0;95;0;200;0;
16260;6255842;1059401728;21790720;1200013312;0;0;0;0;0;0;0;0;0;0;0;4619;0;0;95;0;200;0;
16261;7830625;1059401728;21790720;1200013312;0;0;0;0;0;0;0;0;0;0;0;4459;0;0;95;0;200;0;
16262;4397928;1059401728;21790720;1200013312;0;0;0;0;0;0;0;0;0;0;0;5020;0;0;95;0;200;0;
16263;9722594;1059401728;21790720;1200013312;0;0;0;0;0;0;0;0;0;0;0;3346;0;0;95;0;200;0;
16264;3567360;1059401728;21790720;1200013312;0;0;0;0;0;0;0;0;0;0;0;3597;0;0;95;0;200;0;
16265;8225296;1059401728;21790720;1200013312;0;0;0;0;0;0;0;0;0;0;0;3226;0;0;95;0;200;0;
16266;4381206;1059401728;21790720;1200013312;0;0;0;0;0;0;0;0;0;0;0;3637;0;0;95;0;200;0;
16267;6885763;1059401728;21790720;1200013312;0;0;0;0;0;0;0;0;0;0;0;4228;0;0;95;0;200;0;
16268;4210586;1059401728;21790720;1200013312;0;0;0;0;0;0;0;0;0;0;0;2675;0;0;95;0;200;0;
16269;6171223;1059401728;21790720;1200013312;0;0;0;0;0;0;0;0;0;0;0;3006;0;0;95;0;200;0;
16270;4750990;1059401728;21790720;1200013312;0;0;0;0;0;0;0;0;0;0;0;3446;0;0;95;0;200;0;
16271;6332536;1059401728;21790720;1200013312;0;0;0;0;0;0;0;0;0;0;0;3436;0;0;95;0;200;0;
16272;4982634;1059401728;21790720;1200013312;0;0;0;0;0;0;0;0;0;0;0;2966;0;0;95;0;200;0;
16273;7830275;1059401728;21790720;1200013312;0;0;0;0;0;0;0;0;0;0;0;2886;0;0;95;0;200;0;
16274;3683318;1059401728;21790720;1200013312;0;0;0;0;0;0;0;0;0;0;0;2896;0;0;95;0;200;0;
16275;7549007;1059401728;21790720;1200013312;0;0;0;0;0;0;0;0;0;0;0;4368;0;0;95;0;200;0;
16276;3626170;1059401728;21790720;1200013312;0;0;0;0;0;0;0;0;0;0;0;3697;0;0;95;0;200;0;
16277;8009461;1059401728;21790720;1200013312;0;0;0;0;0;0;0;0;0;0;0;5150;0;0;95;0;200;0;
16278;4966544;1059401728;21790720;1200013312;0;0;0;0;0;0;0;0;0;0;0;3547;0;0;95;0;200;0;
16279;7441626;1059401728;21790720;1200013312;0;0;0;0;0;0;0;0;0;0;0;3576;0;0;95;0;200;0;
16280;4892876;1059401728;21790720;1200013312;0;0;0;0;0;0;0;0;0;0;0;4158;0;0;95;0;200;0;
16281;7419143;1059401728;21790720;1200013312;0;0;0;0;0;0;0;0;0;0;0;3066;0;0;95;0;200;0;
16282;5149627;1059401728;21790720;1200013312;0;0;0;0;0;0;0;0;0;0;0;3717;0;0;95;0;200;0;
16283;8340732;1059401728;21790720;1200013312;0;0;0;0;0;0;0;0;0;0;0;3287;0;0;95;0;200;0;
16284;3385229;1059401728;21798912;1200021504;0;0;0;0;0;0;0;0;0;0;0;3085;0;0;95;0;200;0;
16285;8428967;1059401728;21798912;1200021504;0;0;0;0;0;0;0;0;0;0;0;3637;0;0;95;0;200;0;
16286;5228054;1059401728;21798912;1200021504;0;0;0;0;0;0;0;0;0;0;0;4157;0;0;95;0;200;0;
16287;6685629;1059401728;21798912;1200021504;0;0;0;0;0;0;0;0;0;0;0;2976;0;0;95;0;200;0;
16288;6481295;1059401728;21798912;1200021504;0;0;0;0;0;0;0;0;0;0;0;3086;0;0;95;0;200;0;
16289;5849130;1059401728;21798912;1200021504;0;0;0;0;0;0;0;0;0;0;0;3847;0;0;95;0;200;0;
16290;6173969;1059401728;21790720;1200013312;0;0;0;0;0;0;0;0;0;0;0;3967;0;0;95;0;200;0;
16291;9131746;1059401728;21790720;1200013312;0;0;0;0;0;0;0;0;0;0;0;10139;0;0;95;0;200;0;
16292;5162782;1059401728;21790720;1200013312;0;0;0;0;0;0;0;0;0;0;0;3747;0;0;95;0;200;0;
16293;7636271;1059401728;21790720;1200013312;0;0;0;0;0;0;0;0;0;0;0;3416;0;0;95;0;200;0;
16294;5328442;1059401728;21790720;1200013312;0;0;0;0;0;0;0;0;0;0;0;3016;0;0;95;0;200;0;
16295;6353876;1059401728;21790720;1200013312;0;0;0;0;0;0;0;0;0;0;0;4208;0;0;95;0;200;0;
16296;6961706;1059401728;21790720;1200013312;0;0;0;0;0;0;0;0;0;0;0;3066;0;0;95;0;200;0;
16297;7255016;1059401728;21790720;1200013312;0;0;0;0;0;0;0;0;0;0;0;3066;0;0;95;0;200;0;
16298;5789177;1059401728;21790720;1200013312;0;0;0;0;0;0;0;0;0;0;0;3957;0;0;95;0;200;0;
16299;8268928;1059401728;21790720;1200013312;0;0;0;0;0;0;0;0;0;0;0;3917;0;0;95;0;200;0;
16300;4090612;1059401728;21790720;1200013312;0;0;0;0;0;0;0;0;0;0;0;3046;0;0;95;0;200;0;
16301;8424399;1059401728;21790720;1200013312;0;0;0;0;0;0;0;0;0;0;0;4067;0;0;95;0;200;0;
16302;4133733;1059401728;21790720;1200013312;0;0;0;0;0;0;0;0;0;0;0;3316;0;0;95;0;200;0;
16303;5896118;1059401728;21790720;1200013312;0;0;0;0;0;0;0;0;0;0;0;2164;0;0;95;0;200;0;
16304;5896889;1059401728;21790720;1200013312;0;0;0;0;0;0;0;0;0;0;0;4078;0;0;95;0;200;0;
16305;6500882;1059401728;21790720;1200013312;0;0;0;0;0;0;0;0;0;0;0;3226;0;0;95;0;200;0;
16306;7249085;1059401728;21790720;1200013312;0;0;0;0;0;0;0;0;0;0;0;3316;0;0;95;0;200;0;
16307;5091098;1059401728;21790720;1200013312;0;0;0;0;0;0;0;0;0;0;0;2244;0;0;95;0;200;0;
16308;6565152;1059401728;21790720;1200013312;0;0;0;0;0;0;0;0;0;0;0;4699;0;0;95;0;200;0;
16309;5195364;1059401728;21790720;1200013312;0;0;0;0;0;0;0;0;0;0;0;2685;0;0;95;0;200;0;
16310;8213774;1059401728;21790720;1200013312;0;0;0;0;0;0;0;0;0;0;0;4168;0;0;95;0;200;0;
16311;5047026;1059401728;21790720;1200013312;0;0;0;0;0;0;0;0;0;0;0;2766;0;0;95;0;200;0;
16312;6805002;1059401728;21790720;1200013312;0;0;0;0;0;0;0;0;0;0;0;4319;0;0;95;0;200;0;
16313;4911531;1059401728;21790720;1200013312;0;0;0;0;0;0;0;0;0;0;0;2124;0;0;95;0;200;0;
16314;5625100;1059401728;21790720;1200013312;0;0;0;0;0;0;0;0;0;0;0;3317;0;0;95;0;200;0;
16315;6158560;1059401728;21790720;1200013312;0;0;0;0;0;0;0;0;0;0;0;2525;0;0;95;0;200;0;
16316;5012881;1059401728;21790720;1200013312;0;0;0;0;0;0;0;0;0;0;0;4057;0;0;95;0;200;0;
16317;8003069;1059401728;21790720;1200013312;0;0;0;0;0;0;0;0;0;0;0;3516;0;0;95;0;200;0;
16318;5452616;1059401728;21790720;1200013312;0;0;0;0;0;0;0;0;0;0;0;3126;0;0;95;0;200;0;
16319;7036627;1059401728;21790720;1200013312;0;0;0;0;0;0;0;0;0;0;0;4028;0;0;95;0;200;0;
16320;5135701;1059401728;21790720;1200013312;0;0;0;0;0;0;0;0;0;0;0;3727;0;0;95;0;200;0;
16321;7791863;1059401728;21790720;1200013312;0;0;0;0;0;0;0;0;0;0;0;3066;0;0;95;0;200;0;
16322;5013943;1059401728;21790720;1200013312;0;0;0;0;0;0;0;0;0;0;0;3076;0;0;95;0;200;0;
16323;6076425;1059401728;21790720;1200013312;0;0;0;0;0;0;0;0;0;0;0;2235;0;0;95;0;200;0;
16324;5414514;1059401728;21790720;1200013312;0;0;0;0;0;0;0;0;0;0;0;3646;0;0;95;0;200;0;
16325;7393005;1059401728;21790720;1200013312;0;0;0;0;0;0;0;0;0;0;0;3427;0;0;95;0;200;0;
16326;6813458;1059401728;21790720;1200013312;0;0;0;0;0;0;0;0;0;0;0;3657;0;0;95;0;200;0;
16327;7153376;1059401728;21790720;1200013312;0;0;0;0;0;0;0;0;0;0;0;2304;0;0;95;0;200;0;
16328;5964485;1059401728;21790720;1200013312;0;0;0;0;0;0;0;0;0;0;0;3697;0;0;95;0;200;0;
16329;7528338;1059401728;21790720;1200013312;0;0;0;0;0;0;0;0;0;0;0;2315;0;0;95;0;200;0;
16330;6928764;1059401728;21790720;1200013312;0;0;0;0;0;0;0;0;0;0;0;2835;0;0;95;0;200;0;
16331;9566581;1059401728;21790720;1200013312;0;0;0;0;0;0;0;0;0;0;0;2494;0;0;95;0;200;0;
16332;9776514;1059401728;21790720;1200013312;0;0;0;0;0;0;0;0;0;0;0;3377;0;0;95;0;200;0;
16333;8193586;1059401728;21790720;1200013312;0;0;0;0;0;0;0;0;0;0;0;2725;0;0;95;0;200;0;
16334;4500430;1059401728;21790720;1200013312;0;0;0;0;0;0;0;0;0;0;0;3767;0;0;95;0;200;0;
16335;6144403;1059401728;21790720;1200013312;0;0;0;0;0;0;0;0;0;0;0;2444;0;0;95;0;200;0;
16336;6075744;1059401728;21790720;1200013312;0;0;0;0;0;0;0;0;0;0;0;3286;0;0;95;0;200;0;
16337;6260831;1059401728;21790720;1200013312;0;0;0;0;0;0;0;0;0;0;0;3597;0;0;95;0;200;0;
16338;6676030;1059401728;21790720;1200013312;0;0;0;0;0;0;0;0;0;0;0;3667;0;0;95;0;200;0;
16339;7163895;1059401728;21790720;1200013312;0;0;0;0;0;0;0;0;0;0;0;3036;0;0;95;0;200;0;
16340;5928549;1059401728;21790720;1200013312;0;0;0;0;0;0;0;0;0;0;0;3947;0;0;95;0;200;0;
16341;8129265;1059401728;21790720;1200013312;0;0;0;0;0;0;0;0;0;0;0;2836;0;0;95;0;200;0;
16342;5494154;1059401728;21790720;1200013312;0;0;0;0;0;0;0;0;0;0;0;3987;0;0;95;0;200;0;
16343;7042056;1059401728;21790720;1200013312;0;0;0;0;0;0;0;0;0;0;0;4078;0;0;95;0;200;0;
16344;4518955;1059401728;21790720;1200013312;0;0;0;0;0;0;0;0;0;0;0;4699;0;0;95;0;200;0;
16345;6633420;1059401728;21790720;1200013312;0;0;0;0;0;0;0;0;0;0;0;2384;0;0;95;0;200;0;
16346;10445019;1059401728;21790720;1200013312;0;0;0;0;0;0;0;0;0;0;0;4388;0;0;95;0;200;0;
16347;5305821;1059401728;21790720;1200013312;0;0;0;0;0;0;0;0;0;0;0;2344;0;0;95;0;200;0;
16348;5865300;1059401728;21790720;1200013312;0;0;0;0;0;0;0;0;0;0;0;3256;0;0;95;0;200;0;
16349;6645634;1059401728;21790720;1200013312;0;0;0;0;0;0;0;0;0;0;0;1743;0;0;95;0;200;0;
16350;5755974;1059401728;21790720;1200013312;0;0;0;0;0;0;0;0;0;0;0;3677;0;0;95;0;200;0;
16351;8179600;1059401728;21790720;1200013312;0;0;0;0;0;0;0;0;0;0;0;2314;0;0;95;0;200;0;
16352;4158789;1059401728;21790720;1200013312;0;0;0;0;0;0;0;0;0;0;0;2866;0;0;95;0;200;0;
16353;7445363;1059401728;21790720;1200013312;0;0;0;0;0;0;0;0;0;0;0;1733;0;0;95;0;200;0;
16354;5971188;1059401728;21790720;1200013312;0;0;0;0;0;0;0;0;0;0;0;3927;0;0;95;0;200;0;
16355;7647572;1059401728;21790720;1200013312;0;0;0;0;0;0;0;0;0;0;0;2405;0;0;95;0;200;0;
16356;5259253;1059401728;21790720;1200013312;0;0;0;0;0;0;0;0;0;0;0;3587;0;0;95;0;200;0;
16357;4779514;1059401728;21790720;1200013312;0;0;0;0;0;0;0;0;0;0;0;2104;0;0;95;0;200;0;
16358;6320593;1059401728;21790720;1200013312;0;0;0;0;0;0;0;0;0;0;0;3036;0;0;95;0;200;0;
16359;5363359;1059401728;21790720;1200013312;0;0;0;0;0;0;0;0;0;0;0;1844;0;0;95;0;200;0;
16360;3954787;1059401728;21790720;1200013312;0;0;0;0;0;0;0;0;0;0;0;3056;0;0;95;0;200;0;
16361;8567488;1059401728;21790720;1200013312;0;0;0;0;0;0;0;0;0;0;0;173826;0;0;95;0;200;0;
16362;4181362;1059401728;21798912;1200021504;0;0;0;0;0;0;0;0;0;0;0;2264;0;0;95;0;200;0;
16363;5339804;1059401728;21798912;1200021504;0;0;0;0;0;0;0;0;0;0;0;1512;0;0;95;0;200;0;
16364;5411940;1059401728;21798912;1200021504;0;0;0;0;0;0;0;0;0;0;0;4468;0;0;95;0;200;0;
16365;5899073;1059401728;21798912;1200021504;0;0;0;0;0;0;0;0;0;0;0;2014;0;0;95;0;200;0;
16366;4996801;1059401728;21798912;1200021504;0;0;0;0;0;0;0;0;0;0;0;2635;0;0;95;0;200;0;
16367;8231988;1059401728;21798912;1200021504;0;0;0;0;0;0;0;0;0;0;0;2064;0;0;95;0;200;0;
16368;5544218;1059401728;21790720;1200013312;0;0;0;0;0;0;0;0;0;0;0;3818;0;0;95;0;200;0;
16369;6747504;1059401728;21790720;1200013312;0;0;0;0;0;0;0;0;0;0;0;2425;0;0;95;0;200;0;
16370;6601160;1059401728;21790720;1200013312;0;0;0;0;0;0;0;0;0;0;0;2946;0;0;95;0;200;0;
16371;6271802;1059401728;21790720;1200013312;0;0;0;0;0;0;0;0;0;0;0;2504;0;0;95;0;200;0;
16372;6566395;1059401728;21790720;1200013312;0;0;0;0;0;0;0;0;0;0;0;3947;0;0;95;0;200;0;
16373;8164682;1059401728;21790720;1200013312;0;0;0;0;0;0;0;0;0;0;0;1854;0;0;95;0;200;0;
16374;4699554;1059401728;21790720;1200013312;0;0;0;0;0;0;0;0;0;0;0;3336;0;0;95;0;200;0;
16375;9379129;1059401728;21790720;1200013312;0;0;0;0;0;0;0;0;0;0;0;4017;0;0;95;0;200;0;
16376;4729821;1059401728;21790720;1200013312;0;0;0;0;0;0;0;0;0;0;0;4349;0;0;95;0;200;0;
16377;7117248;1059401728;21790720;1200013312;0;0;0;0;0;0;0;0;0;0;0;2535;0;0;95;0;200;0;
16378;4307188;1059401728;21790720;1200013312;0;0;0;0;0;0;0;0;0;0;0;4288;0;0;95;0;200;0;
16379;8698022;1059401728;21790720;1200013312;0;0;0;0;0;0;0;0;0;0;0;3116;0;0;95;0;200;0;
16380;5095035;1059401728;21790720;1200013312;0;0;0;0;0;0;0;0;0;0;0;3526;0;0;95;0;200;0;
16381;8362213;1059401728;21790720;1200013312;0;0;0;0;0;0;0;0;0;0;0;3807;0;0;95;0;200;0;
16382;5717463;1059401728;21790720;1200013312;0;0;0;0;0;0;0;0;0;0;0;3757;0;0;95;0;200;0;
16383;8935728;1059401728;21790720;1200013312;0;0;0;0;0;0;0;0;0;0;0;3016;0;0;95;0;200;0;
16384;3839511;1059401728;21790720;1200013312;0;0;0;0;0;0;0;0;0;0;0;4007;0;0;95;0;200;0;
16385;7782656;1059401728;21790720;1200013312;0;0;0;0;0;0;0;0;0;0;0;2886;0;0;95;0;200;0;
16386;5063606;1059401728;21790720;1200013312;0;0;0;0;0;0;0;0;0;0;0;3677;0;0;95;0;200;0;
16387;8838024;1059401728;21790720;1200013312;0;0;0;0;0;0;0;0;0;0;0;3026;0;0;95;0;200;0;
16388;4168938;1059401728;21790720;1200013312;0;0;0;0;0;0;0;0;0;0;0;3306;0;0;95;0;200;0;
16389;10089772;1059401728;21790720;1200013312;0;0;0;0;0;0;0;0;0;0;0;4779;0;0;95;0;200;0;
16390;5900486;1059401728;21790720;1200013312;0;0;0;0;0;0;0;0;0;0;0;4488;0;0;95;0;200;0;
16391;7431707;1059401728;21790720;1200013312;0;0;0;0;0;0;0;0;0;0;0;3236;0;0;95;0;200;0;
16392;5282366;1059401728;21790720;1200013312;0;0;0;0;0;0;0;0;0;0;0;2695;0;0;95;0;200;0;
16393;8117383;1059401728;21790720;1200013312;0;0;0;0;0;0;0;0;0;0;0;3587;0;0;95;0;200;0;
16394;5462134;1059401728;21790720;1200013312;0;0;0;0;0;0;0;0;0;0;0;4148;0;0;95;0;200;0;
16395;7880008;1059401728;21790720;1200013312;0;0;0;0;0;0;0;0;0;0;0;4388;0;0;95;0;200;0;
16396;4702629;1059401728;21790720;1200013312;0;0;0;0;0;0;0;0;0;0;0;4409;0;0;95;0;200;0;
16397;7460211;1059401728;21790720;1200013312;0;0;0;0;0;0;0;0;0;0;0;3997;0;0;95;0;200;0;
16398;5324335;1059401728;21790720;1200013312;0;0;0;0;0;0;0;0;0;0;0;2996;0;0;95;0;200;0;
16399;7301102;1059401728;21790720;1200013312;0;0;0;0;0;0;0;0;0;0;0;4849;0;0;95;0;200;0;
16400;5224588;1059401728;21790720;1200013312;0;0;0;0;0;0;0;0;0;0;0;4218;0;0;95;0;200;0;
16401;9606386;1059401728;21790720;1200013312;0;0;0;0;0;0;0;0;0;0;0;2856;0;0;95;0;200;0;
16402;4866186;1059401728;21790720;1200013312;0;0;0;0;0;0;0;0;0;0;0;3346;0;0;95;0;200;0;
16403;8527863;1059401728;21790720;1200013312;0;0;0;0;0;0;0;0;0;0;0;3737;0;0;95;0;200;0;
16404;4383461;1059401728;21790720;1200013312;0;0;0;0;0;0;0;0;0;0;0;3757;0;0;95;0;200;0;
16405;9581459;1059401728;21790720;1200013312;0;0;0;0;0;0;0;0;0;0;0;3737;0;0;95;0;200;0;
16406;3969454;1059401728;21790720;1200013312;0;0;0;0;0;0;0;0;0;0;0;5420;0;0;95;0;200;0;
16407;6517503;1059401728;21790720;1200013312;0;0;0;0;0;0;0;0;0;0;0;3046;0;0;95;0;200;0;
16408;5527155;1059401728;21790720;1200013312;0;0;0;0;0;0;0;0;0;0;0;3727;0;0;95;0;200;0;
16409;8444627;1059401728;21790720;1200013312;0;0;0;0;0;0;0;0;0;0;0;2916;0;0;95;0;200;0;
16410;5823010;1059401728;21790720;1200013312;0;0;0;0;0;0;0;0;0;0;0;2525;0;0;95;0;200;0;
16411;6139894;1059401728;21790720;1200013312;0;0;0;0;0;0;0;0;0;0;0;3316;0;0;95;0;200;0;
16412;7851534;1059401728;21790720;1200013312;0;0;0;0;0;0;0;0;0;0;0;3076;0;0;95;0;200;0;
16413;6658627;1059401728;21790720;1200013312;0;0;0;0;0;0;0;0;0;0;0;2374;0;0;95;0;200;0;
16414;7064088;1059401728;21790720;1200013312;0;0;0;0;0;0;0;0;0;0;0;4248;0;0;95;0;200;0;
16415;6420541;1059401728;21790720;1200013312;0;0;0;0;0;0;0;0;0;0;0;2344;0;0;95;0;200;0;
16416;6530196;1059401728;21790720;1200013312;0;0;0;0;0;0;0;0;0;0;0;6031;0;0;95;0;200;0;
16417;7232053;1059401728;21790720;1200013312;0;0;0;0;0;0;0;0;0;0;0;3086;0;0;95;0;200;0;
16418;8105391;1059401728;21790720;1200013312;0;0;0;0;0;0;0;0;0;0;0;3416;0;0;95;0;200;0;
16419;8245684;1059401728;21790720;1200013312;0;0;0;0;0;0;0;0;0;0;0;2414;0;0;95;0;200;0;
16420;6157497;1059401728;21790720;1200013312;0;0;0;0;0;0;0;0;0;0;0;3537;0;0;95;0;200;0;
16421;8190731;1059401728;21790720;1200013312;0;0;0;0;0;0;0;0;0;0;0;3076;0;0;95;0;200;0;
16422;5093482;1059401728;21790720;1200013312;0;0;0;0;0;0;0;0;0;0;0;3878;0;0;95;0;200;0;
16423;8999267;1059401728;21790720;1200013312;0;0;0;0;0;0;0;0;0;0;0;3246;0;0;95;0;200;0;
16424;7273541;1059401728;21790720;1200013312;0;0;0;0;0;0;0;0;0;0;0;3596;0;0;95;0;200;0;
16425;8743327;1059401728;21790720;1200013312;0;0;0;0;0;0;0;0;0;0;0;2936;0;0;95;0;200;0;
16426;5560367;1059401728;21790720;1200013312;0;0;0;0;0;0;0;0;0;0;0;2835;0;0;95;0;200;0;
16427;7916947;1059401728;21790720;1200013312;0;0;0;0;0;0;0;0;0;0;0;3156;0;0;95;0;200;0;
16428;6436721;1059401728;21790720;1200013312;0;0;0;0;0;0;0;0;0;0;0;2865;0;0;95;0;200;0;
16429;7466392;1059401728;21790720;1200013312;0;0;0;0;0;0;0;0;0;0;0;4168;0;0;95;0;200;0;
16430;5540010;1059401728;21790720;1200013312;0;0;0;0;0;0;0;0;0;0;0;2986;0;0;95;0;200;0;
16431;8207643;1059401728;21790720;1200013312;0;0;0;0;0;0;0;0;0;0;0;3847;0;0;95;0;200;0;
16432;4246454;1059401728;21790720;1200013312;0;0;0;0;0;0;0;0;0;0;0;3948;0;0;95;0;200;0;
16433;9087854;1059401728;21790720;1200013312;0;0;0;0;0;0;0;0;0;0;0;7714;0;0;95;0;200;0;
16434;5276395;1059401728;21790720;1200013312;0;0;0;0;0;0;0;0;0;0;0;3176;0;0;95;0;200;0;
16435;9212787;1059401728;21790720;1200013312;0;0;0;0;0;0;0;0;0;0;0;4228;0;0;95;0;200;0;
16436;4946266;1059401728;21790720;1200013312;0;0;0;0;0;0;0;0;0;0;0;2886;0;0;95;0;200;0;
16437;9185276;1059401728;21790720;1200013312;0;0;0;0;0;0;0;0;0;0;0;4829;0;0;95;0;200;0;
16438;4915719;1059401728;21790720;1200013312;0;0;0;0;0;0;0;0;0;0;0;4258;0;0;95;0;200;0;
16439;7009275;1059401728;21790720;1200013312;0;0;0;0;0;0;0;0;0;0;0;2845;0;0;95;0;200;0;
16440;5197297;1059401728;21790720;1200013312;0;0;0;0;0;0;0;0;0;0;0;2795;0;0;95;0;200;0;
16441;5220611;1059401728;21790720;1200013312;0;0;0;0;0;0;0;0;0;0;0;2394;0;0;95;0;200;0;
16442;7805308;1059401728;21790720;1200013312;0;0;0;0;0;0;0;0;0;0;0;3376;0;0;95;0;200;0;
16443;7718715;1059401728;21790720;1200013312;0;0;0;0;0;0;0;0;0;0;0;3016;0;0;95;0;200;0;
16444;5302905;1059401728;21790720;1200013312;0;0;0;0;0;0;0;0;0;0;0;3486;0;0;95;0;200;0;
16445;6134184;1059401728;21790720;1200013312;0;0;0;0;0;0;0;0;0;0;0;2585;0;0;95;0;200;0;
16446;5785300;1059401728;21790720;1200013312;0;0;0;0;0;0;0;0;0;0;0;3426;0;0;95;0;200;0;
16447;8462320;1059401728;21790720;1200013312;0;0;0;0;0;0;0;0;0;0;0;3356;0;0;95;0;200;0;
16448;6435389;1059401728;21790720;1200013312;0;0;0;0;0;0;0;0;0;0;0;3607;0;0;95;0;200;0;
16449;7983542;1059401728;21790720;1200013312;0;0;0;0;0;0;0;0;0;0;0;3386;0;0;95;0;200;0;
16450;6183376;1059401728;21790720;1200013312;0;0;0;0;0;0;0;0;0;0;0;3226;0;0;95;0;200;0;
16451;7177280;1059401728;21790720;1200013312;0;0;0;0;0;0;0;0;0;0;0;2715;0;0;95;0;200;0;
16452;5302074;1059401728;21790720;1200013312;0;0;0;0;0;0;0;0;0;0;0;2966;0;0;95;0;200;0;
16453;8935558;1059401728;21790720;1200013312;0;0;0;0;0;0;0;0;0;0;0;5200;0;0;95;0;200;0;
16454;5667779;1059401728;21790720;1200013312;0;0;0;0;0;0;0;0;0;0;0;3898;0;0;95;0;200;0;
16455;5526064;1059401728;21790720;1200013312;0;0;0;0;0;0;0;0;0;0;0;2264;0;0;95;0;200;0;
16456;7516526;1059401728;21790720;1200013312;0;0;0;0;0;0;0;0;0;0;0;4028;0;0;95;0;200;0;
16457;7019003;1059401728;21790720;1200013312;0;0;0;0;0;0;0;0;0;0;0;2434;0;0;95;0;200;0;
16458;5681094;1059401728;21790720;1200013312;0;0;0;0;0;0;0;0;0;0;0;3707;0;0;95;0;200;0;
16459;5082552;1059401728;21790720;1200013312;0;0;0;0;0;0;0;0;0;0;0;1883;0;0;95;0;200;0;
16460;6072027;1059401728;21790720;1200013312;0;0;0;0;0;0;0;0;0;0;0;3397;0;0;95;0;200;0;
16461;5814224;1059401728;21790720;1200013312;0;0;0;0;0;0;0;0;0;0;0;3016;0;0;95;0;200;0;
16462;5305860;1059401728;21790720;1200013312;0;0;0;0;0;0;0;0;0;0;0;3226;0;0;95;0;200;0;
16463;6518805;1059401728;21790720;1200013312;0;0;0;0;0;0;0;0;0;0;0;2915;0;0;95;0;200;0;
16464;5150560;1059401728;21790720;1200013312;0;0;0;0;0;0;0;0;0;0;0;3687;0;0;95;0;200;0;
16465;6588946;1059401728;21790720;1200013312;0;0;0;0;0;0;0;0;0;0;0;3727;0;0;95;0;200;0;
16466;4815121;1059401728;21790720;1200013312;0;0;0;0;0;0;0;0;0;0;0;11221;0;0;95;0;200;0;
16467;7206545;1059401728;21790720;1200013312;0;0;0;0;0;0;0;0;0;0;0;3336;0;0;95;0;200;0;
16468;5661487;1059401728;21790720;1200013312;0;0;0;0;0;0;0;0;0;0;0;4429;0;0;95;0;200;0;
16469;7997568;1059401728;21790720;1200013312;0;0;0;0;0;0;0;0;0;0;0;3727;0;0;95;0;200;0;
16470;5617655;1059401728;21790720;1200013312;0;0;0;0;0;0;0;0;0;0;0;3156;0;0;95;0;200;0;
16471;9003855;1059401728;21790720;1200013312;0;0;0;0;0;0;0;0;0;0;0;4689;0;0;95;0;200;0;
16472;5934098;1059401728;21790720;1200013312;0;0;0;0;0;0;0;0;0;0;0;3617;0;0;95;0;200;0;
16473;8659099;1059401728;21790720;1200013312;0;0;0;0;0;0;0;0;0;0;0;3216;0;0;95;0;200;0;
16474;6217390;1059401728;21790720;1200013312;0;0;0;0;0;0;0;0;0;0;0;2965;0;0;95;0;200;0;
16475;7563825;1059401728;21790720;1200013312;0;0;0;0;0;0;0;0;0;0;0;3787;0;0;95;0;200;0;
16476;5739093;1059401728;21790720;1200013312;0;0;0;0;0;0;0;0;0;0;0;3346;0;0;95;0;200;0;
16477;8325965;1059401728;21790720;1200013312;0;0;0;0;0;0;0;0;0;0;0;2375;0;0;95;0;200;0;
16478;4561274;1059401728;21790720;1200013312;0;0;0;0;0;0;0;0;0;0;0;2766;0;0;95;0;200;0;
16479;7388226;1059401728;21790720;1200013312;0;0;0;0;0;0;0;0;0;0;0;4188;0;0;95;0;200;0;
16480;5391401;1059401728;21790720;1200013312;0;0;0;0;0;0;0;0;0;0;0;4128;0;0;95;0;200;0;
16481;8043174;1059401728;21790720;1200013312;0;0;0;0;0;0;0;0;0;0;0;3005;0;0;95;0;200;0;
16482;11326692;1059401728;21790720;1200013312;0;0;0;0;0;0;0;0;0;0;0;3296;0;0;95;0;200;0;
16483;9537266;1059401728;21790720;1200013312;0;0;0;0;0;0;0;0;0;0;0;79980;0;0;95;0;200;0;
16484;6544854;1059401728;21790720;1200013312;0;0;0;0;0;0;0;0;0;0;0;4940;0;0;95;0;200;0;
16485;8247488;1059401728;21790720;1200013312;0;0;0;0;0;0;0;0;0;0;0;3497;0;0;95;0;200;0;
16486;5017550;1059401728;21790720;1200013312;0;0;0;0;0;0;0;0;0;0;0;3597;0;0;95;0;200;0;
16487;8989228;1059401728;21790720;1200013312;0;0;0;0;0;0;0;0;0;0;0;4218;0;0;95;0;200;0;
16488;5108230;1059401728;21790720;1200013312;0;0;0;0;0;0;0;0;0;0;0;3817;0;0;95;0;200;0;
16489;8976715;1059401728;21790720;1200013312;0;0;0;0;0;0;0;0;0;0;0;4439;0;0;95;0;200;0;
16490;6748456;1059401728;21790720;1200013312;0;0;0;0;0;0;0;0;0;0;0;3126;0;0;95;0;200;0;
16491;8922954;1059401728;21790720;1200013312;0;0;0;0;0;0;0;0;0;0;0;3707;0;0;95;0;200;0;
16492;5830154;1059401728;21790720;1200013312;0;0;0;0;0;0;0;0;0;0;0;4979;0;0;95;0;200;0;
16493;10393752;1059401728;21790720;1200013312;0;0;0;0;0;0;0;0;0;0;0;3357;0;0;95;0;200;0;
16494;6486194;1059401728;21790720;1200013312;0;0;0;0;0;0;0;0;0;0;0;3867;0;0;95;0;200;0;
16495;9004216;1059401728;21790720;1200013312;0;0;0;0;0;0;0;0;0;0;0;3055;0;0;95;0;200;0;
16496;6663867;1059401728;21790720;1200013312;0;0;0;0;0;0;0;0;0;0;0;4859;0;0;95;0;200;0;
16497;9108792;1059401728;21790720;1200013312;0;0;0;0;0;0;0;0;0;0;0;2976;0;0;95;0;200;0;
16498;5241490;1059401728;21790720;1200013312;0;0;0;0;0;0;0;0;0;0;0;3527;0;0;95;0;200;0;
16499;6097264;1059401728;21790720;1200013312;0;0;0;0;0;0;0;0;0;0;0;2685;0;0;95;0;200;0;
16500;5436375;1059401728;21790720;1200013312;0;0;0;0;0;0;0;0;0;0;0;4609;0;0;95;0;200;0;
16501;7714157;1059401728;21790720;1200013312;0;0;0;0;0;0;0;0;0;0;0;2995;0;0;95;0;200;0;
16502;5667779;1059401728;21790720;1200013312;0;0;0;0;0;0;0;0;0;0;0;3607;0;0;95;0;200;0;
16503;7027369;1059401728;21790720;1200013312;0;0;0;0;0;0;0;0;0;0;0;3807;0;0;95;0;200;0;
16504;5708976;1059401728;21790720;1200013312;0;0;0;0;0;0;0;0;0;0;0;3627;0;0;95;0;200;0;
16505;10348066;1059401728;21790720;1200013312;0;0;0;0;0;0;0;0;0;0;0;3977;0;0;95;0;200;0;
16506;5959667;1059401728;21790720;1200013312;0;0;0;0;0;0;0;0;0;0;0;94838;0;0;95;0;200;0;
16507;8475635;1059401728;21790720;1200013312;0;0;0;0;0;0;0;0;0;0;0;3326;0;0;95;0;200;0;
16508;6064984;1059401728;21790720;1200013312;0;0;0;0;0;0;0;0;0;0;0;3747;0;0;95;0;200;0;
16509;9039293;1059401728;21790720;1200013312;0;0;0;0;0;0;0;0;0;0;0;3667;0;0;95;0;200;0;
16510;5452195;1059401728;21798912;1200021504;0;0;0;0;0;0;0;0;0;0;0;5079;0;0;95;0;200;0;
16511;7752158;1059401728;21798912;1200021504;0;0;0;0;0;0;0;0;0;0;0;3667;0;0;95;0;200;0;
16512;4784392;1059401728;21798912;1200021504;0;0;0;0;0;0;0;0;0;0;0;2765;0;0;95;0;200;0;
16513;6346472;1059401728;21798912;1200021504;0;0;0;0;0;0;0;0;0;0;0;4609;0;0;95;0;200;0;
16514;5589463;1059401728;21798912;1200021504;0;0;0;0;0;0;0;0;0;0;0;3526;0;0;95;0;200;0;
16515;7730748;1059401728;21798912;1200021504;0;0;0;0;0;0;0;0;0;0;0;2655;0;0;95;0;200;0;
16516;4889279;1059401728;21790720;1200013312;0;0;0;0;0;0;0;0;0;0;0;3277;0;0;95;0;200;0;
16517;6275209;1059401728;21790720;1200013312;0;0;0;0;0;0;0;0;0;0;0;3337;0;0;95;0;200;0;
16518;4187733;1059401728;21790720;1200013312;0;0;0;0;0;0;0;0;0;0;0;4018;0;0;95;0;200;0;
16519;8563509;1059401728;21790720;1200013312;0;0;0;0;0;0;0;0;0;0;0;3937;0;0;95;0;200;0;
16520;3610531;1059401728;21790720;1200013312;0;0;0;0;0;0;0;0;0;0;0;3316;0;0;95;0;200;0;
16521;6333478;1059401728;21790720;1200013312;0;0;0;0;0;0;0;0;0;0;0;2826;0;0;95;0;200;0;
16522;5944318;1059401728;21790720;1200013312;0;0;0;0;0;0;0;0;0;0;0;3907;0;0;95;0;200;0;
16523;7453979;1059401728;21790720;1200013312;0;0;0;0;0;0;0;0;0;0;0;4198;0;0;95;0;200;0;
16524;8173599;1059401728;21790720;1200013312;0;0;0;0;0;0;0;0;0;0;0;3436;0;0;95;0;200;0;
16525;8374034;1059401728;21790720;1200013312;0;0;0;0;0;0;0;0;0;0;0;4218;0;0;95;0;200;0;
16526;6419650;1059401728;21790720;1200013312;0;0;0;0;0;0;0;0;0;0;0;3997;0;0;95;0;200;0;
16527;9869550;1059401728;21790720;1200013312;0;0;0;0;0;0;0;0;0;0;0;4127;0;0;95;0;200;0;
16528;4501301;1059401728;21790720;1200013312;0;0;0;0;0;0;0;0;0;0;0;3596;0;0;95;0;200;0;
16529;8681221;1059401728;21790720;1200013312;0;0;0;0;0;0;0;0;0;0;0;3817;0;0;95;0;200;0;
16530;4504477;1059401728;21790720;1200013312;0;0;0;0;0;0;0;0;0;0;0;3707;0;0;95;0;200;0;
16531;8327427;1059401728;21790720;1200013312;0;0;0;0;0;0;0;0;0;0;0;3817;0;0;95;0;200;0;
16532;5305119;1059401728;21790720;1200013312;0;0;0;0;0;0;0;0;0;0;0;3647;0;0;95;0;200;0;
16533;8104770;1059401728;21790720;1200013312;0;0;0;0;0;0;0;0;0;0;0;4689;0;0;95;0;200;0;
16534;6855847;1059401728;21790720;1200013312;0;0;0;0;0;0;0;0;0;0;0;3677;0;0;95;0;200;0;
16535;7747770;1059401728;21790720;1200013312;0;0;0;0;0;0;0;0;0;0;0;3267;0;0;95;0;200;0;
16536;7185495;1059401728;21790720;1200013312;0;0;0;0;0;0;0;0;0;0;0;3126;0;0;95;0;200;0;
16537;8727929;1059401728;21790720;1200013312;0;0;0;0;0;0;0;0;0;0;0;3676;0;0;95;0;200;0;
16538;5772045;1059401728;21790720;1200013312;0;0;0;0;0;0;0;0;0;0;0;3657;0;0;95;0;200;0;
16539;7301793;1059401728;21790720;1200013312;0;0;0;0;0;0;0;0;0;0;0;3837;0;0;95;0;200;0;
16540;4565061;1059401728;21790720;1200013312;0;0;0;0;0;0;0;0;0;0;0;3426;0;0;95;0;200;0;
16541;5883394;1059401728;21790720;1200013312;0;0;0;0;0;0;0;0;0;0;0;2395;0;0;95;0;200;0;
16542;6136969;1059401728;21790720;1200013312;0;0;0;0;0;0;0;0;0;0;0;3727;0;0;95;0;200;0;
16543;7164496;1059401728;21790720;1200013312;0;0;0;0;0;0;0;0;0;0;0;4008;0;0;95;0;200;0;
16544;5918911;1059401728;21790720;1200013312;0;0;0;0;0;0;0;0;0;0;0;3026;0;0;95;0;200;0;
16545;7751677;1059401728;21790720;1200013312;0;0;0;0;0;0;0;0;0;0;0;2585;0;0;95;0;200;0;
16546;4047090;1059401728;21790720;1200013312;0;0;0;0;0;0;0;0;0;0;0;3377;0;0;95;0;200;0;
16547;5907650;1059401728;21790720;1200013312;0;0;0;0;0;0;0;0;0;0;0;3096;0;0;95;0;200;0;
16548;5327271;1059401728;21790720;1200013312;0;0;0;0;0;0;0;0;0;0;0;3647;0;0;95;0;200;0;
16549;6463401;1059401728;21790720;1200013312;0;0;0;0;0;0;0;0;0;0;0;2465;0;0;95;0;200;0;
16550;4353625;1059401728;21790720;1200013312;0;0;0;0;0;0;0;0;0;0;0;2715;0;0;95;0;200;0;
16551;7459640;1059401728;21790720;1200013312;0;0;0;0;0;0;0;0;0;0;0;2745;0;0;95;0;200;0;
16552;3932806;1059401728;21790720;1200013312;0;0;0;0;0;0;0;0;0;0;0;3446;0;0;95;0;200;0;
16553;6597102;1059401728;21790720;1200013312;0;0;0;0;0;0;0;0;0;0;0;1903;0;0;95;0;200;0;
16554;5245417;1059401728;21790720;1200013312;0;0;0;0;0;0;0;0;0;0;0;4117;0;0;95;0;200;0;
16555;6068030;1059401728;21790720;1200013312;0;0;0;0;0;0;0;0;0;0;0;1913;0;0;95;0;200;0;
16556;5453257;1059401728;21790720;1200013312;0;0;0;0;0;0;0;0;0;0;0;4679;0;0;95;0;200;0;
16557;7712745;1059401728;21790720;1200013312;0;0;0;0;0;0;0;0;0;0;0;3567;0;0;95;0;200;0;
16558;5845313;1059401728;21790720;1200013312;0;0;0;0;0;0;0;0;0;0;0;4228;0;0;95;0;200;0;
16559;6189688;1059401728;21790720;1200013312;0;0;0;0;0;0;0;0;0;0;0;2324;0;0;95;0;200;0;
16560;4593324;1059401728;21790720;1200013312;0;0;0;0;0;0;0;0;0;0;0;3326;0;0;95;0;200;0;
16561;7249025;1059401728;21790720;1200013312;0;0;0;0;0;0;0;0;0;0;0;3527;0;0;95;0;200;0;
16562;7093172;1059401728;21790720;1200013312;0;0;0;0;0;0;0;0;0;0;0;3697;0;0;95;0;200;0;
16563;6646915;1059401728;21790720;1200013312;0;0;0;0;0;0;0;0;0;0;0;192521;0;0;95;0;200;0;
16564;5546231;1059401728;21790720;1200013312;0;0;0;0;0;0;0;0;0;0;0;3848;0;0;95;0;200;0;
16565;8208935;1059401728;21790720;1200013312;0;0;0;0;0;0;0;0;0;0;0;3697;0;0;95;0;200;0;
16566;3771843;1059401728;21790720;1200013312;0;0;0;0;0;0;0;0;0;0;0;3497;0;0;95;0;200;0;
16567;7589323;1059401728;21790720;1200013312;0;0;0;0;0;0;0;0;0;0;0;4288;0;0;95;0;200;0;
16568;4591651;1059401728;21790720;1200013312;0;0;0;0;0;0;0;0;0;0;0;3046;0;0;95;0;200;0;
16569;5344924;1059401728;21790720;1200013312;0;0;0;0;0;0;0;0;0;0;0;2044;0;0;95;0;200;0;
16570;6222640;1059401728;21790720;1200013312;0;0;0;0;0;0;0;0;0;0;0;8486;0;0;95;0;200;0;
16571;6346162;1059401728;21790720;1200013312;0;0;0;0;0;0;0;0;0;0;0;2915;0;0;95;0;200;0;
16572;6724792;1059401728;21790720;1200013312;0;0;0;0;0;0;0;0;0;0;0;3436;0;0;95;0;200;0;
16573;6254830;1059401728;21790720;1200013312;0;0;0;0;0;0;0;0;0;0;0;2425;0;0;95;0;200;0;
16574;6548330;1059401728;21790720;1200013312;0;0;0;0;0;0;0;0;0;0;0;4328;0;0;95;0;200;0;
16575;6683795;1059401728;21790720;1200013312;0;0;0;0;0;0;0;0;0;0;0;2875;0;0;95;0;200;0;
16576;5825285;1059401728;21790720;1200013312;0;0;0;0;0;0;0;0;0;0;0;3757;0;0;95;0;200;0;
16577;6036380;1059401728;21790720;1200013312;0;0;0;0;0;0;0;0;0;0;0;3016;0;0;95;0;200;0;
16578;5927737;1059401728;21790720;1200013312;0;0;0;0;0;0;0;0;0;0;0;4208;0;0;95;0;200;0;
16579;7182340;1059401728;21790720;1200013312;0;0;0;0;0;0;0;0;0;0;0;3406;0;0;95;0;200;0;
16580;6510680;1059401728;21790720;1200013312;0;0;0;0;0;0;0;0;0;0;0;3496;0;0;95;0;200;0;
16581;6417696;1059401728;21790720;1200013312;0;0;0;0;0;0;0;0;0;0;0;2925;0;0;95;0;200;0;
16582;4338797;1059401728;21790720;1200013312;0;0;0;0;0;0;0;0;0;0;0;3877;0;0;95;0;200;0;
16583;6250202;1059401728;21790720;1200013312;0;0;0;0;0;0;0;0;0;0;0;3727;0;0;95;0;200;0;
16584;4917593;1059401728;21790720;1200013312;0;0;0;0;0;0;0;0;0;0;0;4138;0;0;95;0;200;0;
16585;7232213;1059401728;21790720;1200013312;0;0;0;0;0;0;0;0;0;0;0;3848;0;0;95;0;200;0;
16586;5819213;1059401728;21790720;1200013312;0;0;0;0;0;0;0;0;0;0;0;3777;0;0;95;0;200;0;
16587;6944734;1059401728;21790720;1200013312;0;0;0;0;0;0;0;0;0;0;0;4128;0;0;95;0;200;0;
16588;4571313;1059401728;21790720;1200013312;0;0;0;0;0;0;0;0;0;0;0;3466;0;0;95;0;200;0;
16589;6301257;1059401728;21790720;1200013312;0;0;0;0;0;0;0;0;0;0;0;2544;0;0;95;0;200;0;
16590;3823781;1059401728;21790720;1200013312;0;0;0;0;0;0;0;0;0;0;0;3276;0;0;95;0;200;0;
16591;4933252;1059401728;21790720;1200013312;0;0;0;0;0;0;0;0;0;0;0;2264;0;0;95;0;200;0;
16592;5996906;1059401728;21790720;1200013312;0;0;0;0;0;0;0;0;0;0;0;3918;0;0;95;0;200;0;
16593;6853613;1059401728;21790720;1200013312;0;0;0;0;0;0;0;0;0;0;0;2635;0;0;95;0;200;0;
16594;4297779;1059401728;21790720;1200013312;0;0;0;0;0;0;0;0;0;0;0;4028;0;0;95;0;200;0;
16595;8074463;1059401728;21790720;1200013312;0;0;0;0;0;0;0;0;0;0;0;5169;0;0;95;0;200;0;
16596;3968222;1059401728;21790720;1200013312;0;0;0;0;0;0;0;0;0;0;0;4669;0;0;95;0;200;0;
16597;6867510;1059401728;21790720;1200013312;0;0;0;0;0;0;0;0;0;0;0;3737;0;0;95;0;200;0;
16598;4596360;1059401728;21790720;1200013312;0;0;0;0;0;0;0;0;0;0;0;3988;0;0;95;0;200;0;
16599;4920778;1059401728;21790720;1200013312;0;0;0;0;0;0;0;0;0;0;0;2415;0;0;95;0;200;0;
16600;6172065;1059401728;21790720;1200013312;0;0;0;0;0;0;0;0;0;0;0;3166;0;0;95;0;200;0;
16601;6828686;1059401728;21790720;1200013312;0;0;0;0;0;0;0;0;0;0;0;3116;0;0;95;0;200;0;
16602;4891925;1059401728;21790720;1200013312;0;0;0;0;0;0;0;0;0;0;0;4248;0;0;95;0;200;0;
16603;7998680;1059401728;21790720;1200013312;0;0;0;0;0;0;0;0;0;0;0;4478;0;0;95;0;200;0;
16604;6553761;1059401728;21790720;1200013312;0;0;0;0;0;0;0;0;0;0;0;4007;0;0;95;0;200;0;
16605;8349318;1059401728;21790720;1200013312;0;0;0;0;0;0;0;0;0;0;0;3787;0;0;95;0;200;0;
16606;4897224;1059401728;21790720;1200013312;0;0;0;0;0;0;0;0;0;0;0;4388;0;0;95;0;200;0;
16607;8183478;1059401728;21790720;1200013312;0;0;0;0;0;0;0;0;0;0;0;4088;0;0;95;0;200;0;
16608;3599841;1059401728;21790720;1200013312;0;0;0;0;0;0;0;0;0;0;0;3697;0;0;95;0;200;0;
16609;9265727;1059401728;21790720;1200013312;0;0;0;0;0;0;0;0;0;0;0;3606;0;0;95;0;200;0;
16610;3857253;1059401728;21790720;1200013312;0;0;0;0;0;0;0;0;0;0;0;3276;0;0;95;0;200;0;
16611;7968684;1059401728;21790720;1200013312;0;0;0;0;0;0;0;0;0;0;0;4108;0;0;95;0;200;0;
16612;4112973;1059401728;21790720;1200013312;0;0;0;0;0;0;0;0;0;0;0;3426;0;0;95;0;200;0;
16613;6302569;1059401728;21790720;1200013312;0;0;0;0;0;0;0;0;0;0;0;2465;0;0;95;0;200;0;
16614;5519442;1059401728;21790720;1200013312;0;0;0;0;0;0;0;0;0;0;0;3817;0;0;95;0;200;0;
16615;7307895;1059401728;21790720;1200013312;0;0;0;0;0;0;0;0;0;0;0;4017;0;0;95;0;200;0;
16616;6350560;1059401728;21790720;1200013312;0;0;0;0;0;0;0;0;0;0;0;3356;0;0;95;0;200;0;
16617;8063853;1059401728;21790720;1200013312;0;0;0;0;0;0;0;0;0;0;0;4568;0;0;95;0;200;0;
16618;5004775;1059401728;21790720;1200013312;0;0;0;0;0;0;0;0;0;0;0;3256;0;0;95;0;200;0;
16619;8568329;1059401728;21790720;1200013312;0;0;0;0;0;0;0;0;0;0;0;3577;0;0;95;0;200;0;
16620;4512913;1059401728;21790720;1200013312;0;0;0;0;0;0;0;0;0;0;0;3867;0;0;95;0;200;0;
16621;9336930;1059401728;21790720;1200013312;0;0;0;0;0;0;0;0;0;0;0;4208;0;0;95;0;200;0;
16622;5541853;1059401728;21790720;1200013312;0;0;0;0;0;0;0;0;0;0;0;2976;0;0;95;0;200;0;
16623;7093082;1059401728;21790720;1200013312;0;0;0;0;0;0;0;0;0;0;0;2715;0;0;95;0;200;0;
16624;4254569;1059401728;21790720;1200013312;0;0;0;0;0;0;0;0;0;0;0;3927;0;0;95;0;200;0;
16625;8035810;1059401728;21790720;1200013312;0;0;0;0;0;0;0;0;0;0;0;3296;0;0;95;0;200;0;
16626;3483253;1059401728;21790720;1200013312;0;0;0;0;0;0;0;0;0;0;0;2675;0;0;95;0;200;0;
16627;8095792;1059401728;21790720;1200013312;0;0;0;0;0;0;0;0;0;0;0;3507;0;0;95;0;200;0;
16628;3865810;1059401728;21790720;1200013312;0;0;0;0;0;0;0;0;0;0;0;2855;0;0;95;0;200;0;
16629;6357222;1059401728;21790720;1200013312;0;0;0;0;0;0;0;0;0;0;0;2113;0;0;95;0;200;0;
16630;5991045;1059401728;21790720;1200013312;0;0;0;0;0;0;0;0;0;0;0;3406;0;0;95;0;200;0;
16631;6909388;1059401728;21790720;1200013312;0;0;0;0;0;0;0;0;0;0;0;1834;0;0;95;0;200;0;
16632;6224964;1059401728;21790720;1200013312;0;0;0;0;0;0;0;0;0;0;0;3046;0;0;95;0;200;0;
16633;6946357;1059401728;21790720;1200013312;0;0;0;0;0;0;0;0;0;0;0;2034;0;0;95;0;200;0;
16634;5900847;1059401728;21790720;1200013312;0;0;0;0;0;0;0;0;0;0;0;2955;0;0;95;0;200;0;
16635;6044205;1059401728;21790720;1200013312;0;0;0;0;0;0;0;0;0;0;0;2705;0;0;95;0;200;0;
16636;5267528;1059401728;21790720;1200013312;0;0;0;0;0;0;0;0;0;0;0;3477;0;0;95;0;200;0;
16637;11359363;1059401728;21790720;1200013312;0;0;0;0;0;0;0;0;0;0;0;2304;0;0;95;0;200;0;
16638;9042068;1059401728;21790720;1200013312;0;0;0;0;0;0;0;0;0;0;0;4118;0;0;95;0;200;0;
16639;9227014;1059401728;21790720;1200013312;0;0;0;0;0;0;0;0;0;0;0;3066;0;0;95;0;200;0;
16640;7014144;1059401728;21790720;1200013312;0;0;0;0;0;0;0;0;0;0;0;3076;0;0;95;0;200;0;
16641;8433396;1059401728;21790720;1200013312;0;0;0;0;0;0;0;0;0;0;0;3236;0;0;95;0;200;0;
16642;5703897;1059401728;21790720;1200013312;0;0;0;0;0;0;0;0;0;0;0;3366;0;0;95;0;200;0;
16643;8488609;1059401728;21790720;1200013312;0;0;0;0;0;0;0;0;0;0;0;3015;0;0;95;0;200;0;
16644;6331394;1059401728;21790720;1200013312;0;0;0;0;0;0;0;0;0;0;0;3637;0;0;95;0;200;0;
16645;8288304;1059401728;21790720;1200013312;0;0;0;0;0;0;0;0;0;0;0;3146;0;0;95;0;200;0;
16646;7144689;1059401728;21790720;1200013312;0;0;0;0;0;0;0;0;0;0;0;3998;0;0;95;0;200;0;
16647;7502219;1059401728;21790720;1200013312;0;0;0;0;0;0;0;0;0;0;0;3617;0;0;95;0;200;0;
16648;6903757;1059401728;21790720;1200013312;0;0;0;0;0;0;0;0;0;0;0;4328;0;0;95;0;200;0;
16649;7998851;1059401728;21790720;1200013312;0;0;0;0;0;0;0;0;0;0;0;4879;0;0;95;0;200;0;
16650;5226421;1059401728;21790720;1200013312;0;0;0;0;0;0;0;0;0;0;0;4408;0;0;95;0;200;0;
16651;7520825;1059401728;21790720;1200013312;0;0;0;0;0;0;0;0;0;0;0;4057;0;0;95;0;200;0;
16652;4283212;1059401728;21790720;1200013312;0;0;0;0;0;0;0;0;0;0;0;3697;0;0;95;0;200;0;
16653;7157994;1059401728;21790720;1200013312;0;0;0;0;0;0;0;0;0;0;0;1984;0;0;95;0;200;0;
16654;6823036;1059401728;21790720;1200013312;0;0;0;0;0;0;0;0;0;0;0;2665;0;0;95;0;200;0;
16655;9154769;1059401728;21790720;1200013312;0;0;0;0;0;0;0;0;0;0;0;3647;0;0;95;0;200;0;
16656;8967618;1059401728;21790720;1200013312;0;0;0;0;0;0;0;0;0;0;0;4038;0;0;95;0;200;0;
16657;11101669;1059401728;21790720;1200013312;0;0;0;0;0;0;0;0;0;0;0;3686;0;0;95;0;200;0;
16658;28933621;1059401728;21790720;1200013312;0;0;0;0;0;0;0;0;0;0;0;3227;0;0;95;0;200;0;
16659;9826508;1059401728;21790720;1200013312;0;0;0;0;0;0;0;0;0;0;0;4078;0;0;95;0;200;0;
16660;7755174;1059401728;21790720;1200013312;0;0;0;0;0;0;0;0;0;0;0;4188;0;0;95;0;200;0;
16661;8490653;1059401728;21790720;1200013312;0;0;0;0;0;0;0;0;0;0;0;4148;0;0;95;0;200;0;
16662;6474673;1059401728;21790720;1200013312;0;0;0;0;0;0;0;0;0;0;0;4148;0;0;95;0;200;0;
16663;9900437;1059401728;21790720;1200013312;0;0;0;0;0;0;0;0;0;0;0;2945;0;0;95;0;200;0;
16664;7668732;1059401728;21790720;1200013312;0;0;0;0;0;0;0;0;0;0;0;3186;0;0;95;0;200;0;
16665;11266920;1059401728;21790720;1200013312;0;0;0;0;0;0;0;0;0;0;0;3506;0;0;95;0;200;0;
16666;8706528;1059401728;21790720;1200013312;0;0;0;0;0;0;0;0;0;0;0;3026;0;0;95;0;200;0;
16667;10422256;1059401728;21790720;1200013312;0;0;0;0;0;0;0;0;0;0;0;4609;0;0;95;0;200;0;
16668;7043128;1059401728;21790720;1200013312;0;0;0;0;0;0;0;0;0;0;0;3627;0;0;95;0;200;0;
16669;9787094;1059401728;21790720;1200013312;0;0;0;0;0;0;0;0;0;0;0;4358;0;0;95;0;200;0;
16670;8889652;1059401728;21790720;1200013312;0;0;0;0;0;0;0;0;0;0;0;3246;0;0;95;0;200;0;
16671;13142257;1059401728;21790720;1200013312;0;0;0;0;0;0;0;0;0;0;0;4639;0;0;95;0;200;0;
16672;7022600;1059401728;21790720;1200013312;0;0;0;0;0;0;0;0;0;0;0;4308;0;0;95;0;200;0;
16673;10061629;1059401728;21790720;1200013312;0;0;0;0;0;0;0;0;0;0;0;3356;0;0;95;0;200;0;
16674;6816193;1059401728;21790720;1200013312;0;0;0;0;0;0;0;0;0;0;0;6111;0;0;95;0;200;0;
16675;9581389;1059401728;21790720;1200013312;0;0;0;0;0;0;0;0;0;0;0;4178;0;0;95;0;200;0;
16676;8395665;1059401728;21790720;1200013312;0;0;0;0;0;0;0;0;0;0;0;4217;0;0;95;0;200;0;
16677;9393546;1059401728;21790720;1200013312;0;0;0;0;0;0;0;0;0;0;0;2906;0;0;95;0;200;0;
16678;7837198;1059401728;21790720;1200013312;0;0;0;0;0;0;0;0;0;0;0;3897;0;0;95;0;200;0;
16679;8095543;1059401728;21790720;1200013312;0;0;0;0;0;0;0;0;0;0;0;3777;0;0;95;0;200;0;
16680;10532513;1059401728;21790720;1200013312;0;0;0;0;0;0;0;0;0;0;0;3517;0;0;95;0;200;0;
16681;10445629;1059401728;21790720;1200013312;0;0;0;0;0;0;0;0;0;0;0;3446;0;0;95;0;200;0;
16682;8499439;1059401728;21790720;1200013312;0;0;0;0;0;0;0;0;0;0;0;2966;0;0;95;0;200;0;
16683;11286897;1059401728;21790720;1200013312;0;0;0;0;0;0;0;0;0;0;0;3547;0;0;95;0;200;0;
16684;9213619;1059401728;21790720;1200013312;0;0;0;0;0;0;0;0;0;0;0;3687;0;0;95;0;200;0;
16685;11935594;1059401728;21790720;1200013312;0;0;0;0;0;0;0;0;0;0;0;3847;0;0;95;0;200;0;
16686;4459082;1059401728;21790720;1200013312;0;0;0;0;0;0;0;0;0;0;0;4048;0;0;95;0;200;0;
16687;9641552;1059401728;21790720;1200013312;0;0;0;0;0;0;0;0;0;0;0;3707;0;0;95;0;200;0;
16688;7711352;1059401728;21790720;1200013312;0;0;0;0;0;0;0;0;0;0;0;4198;0;0;95;0;200;0;
16689;7986057;1059401728;21790720;1200013312;0;0;0;0;0;0;0;0;0;0;0;4158;0;0;95;0;200;0;
16690;5644776;1059401728;21790720;1200013312;0;0;0;0;0;0;0;0;0;0;0;4248;0;0;95;0;200;0;
16691;9134060;1059401728;21790720;1200013312;0;0;0;0;0;0;0;0;0;0;0;4338;0;0;95;0;200;0;
16692;8448114;1059401728;21790720;1200013312;0;0;0;0;0;0;0;0;0;0;0;3357;0;0;95;0;200;0;
16693;10574161;1059401728;21790720;1200013312;0;0;0;0;0;0;0;0;0;0;0;4318;0;0;95;0;200;0;
16694;7619630;1059401728;21790720;1200013312;0;0;0;0;0;0;0;0;0;0;0;3727;0;0;95;0;200;0;
16695;6930547;1059401728;21790720;1200013312;0;0;0;0;0;0;0;0;0;0;0;3858;0;0;95;0;200;0;
16696;5665816;1059401728;21790720;1200013312;0;0;0;0;0;0;0;0;0;0;0;4238;0;0;95;0;200;0;
16697;8302750;1059401728;21790720;1200013312;0;0;0;0;0;0;0;0;0;0;0;3286;0;0;95;0;200;0;
16698;5831005;1059401728;21790720;1200013312;0;0;0;0;0;0;0;0;0;0;0;4178;0;0;95;0;200;0;
16699;9299711;1059401728;21790720;1200013312;0;0;0;0;0;0;0;0;0;0;0;3426;0;0;95;0;200;0;
16700;4925167;1059401728;21790720;1200013312;0;0;0;0;0;0;0;0;0;0;0;3467;0;0;95;0;200;0;
16701;8453403;1059401728;21790720;1200013312;0;0;0;0;0;0;0;0;0;0;0;5149;0;0;95;0;200;0;
16702;8250643;1059401728;21790720;1200013312;0;0;0;0;0;0;0;0;0;0;0;4058;0;0;95;0;200;0;
16703;9228657;1059401728;21790720;1200013312;0;0;0;0;0;0;0;0;0;0;0;4288;0;0;95;0;200;0;
16704;7122948;1059401728;21790720;1200013312;0;0;0;0;0;0;0;0;0;0;0;2885;0;0;95;0;200;0;
16705;7108722;1059401728;21790720;1200013312;0;0;0;0;0;0;0;0;0;0;0;3687;0;0;95;0;200;0;
16706;6870725;1059401728;21790720;1200013312;0;0;0;0;0;0;0;0;0;0;0;3176;0;0;95;0;200;0;
16707;7070139;1059401728;21790720;1200013312;0;0;0;0;0;0;0;0;0;0;0;3246;0;0;95;0;200;0;
16708;8574871;1059401728;21790720;1200013312;0;0;0;0;0;0;0;0;0;0;0;3767;0;0;95;0;200;0;
16709;7937416;1059401728;21790720;1200013312;0;0;0;0;0;0;0;0;0;0;0;3917;0;0;95;0;200;0;
16710;7982640;1059401728;21790720;1200013312;0;0;0;0;0;0;0;0;0;0;0;4459;0;0;95;0;200;0;
16711;10414241;1059401728;21790720;1200013312;0;0;0;0;0;0;0;0;0;0;0;3917;0;0;95;0;200;0;
16712;8002178;1059401728;21790720;1200013312;0;0;0;0;0;0;0;0;0;0;0;3587;0;0;95;0;200;0;
16713;8995710;1059401728;21790720;1200013312;0;0;0;0;0;0;0;0;0;0;0;3377;0;0;95;0;200;0;
16714;6119567;1059401728;21790720;1200013312;0;0;0;0;0;0;0;0;0;0;0;3676;0;0;95;0;200;0;
16715;10371841;1059401728;21790720;1200013312;0;0;0;0;0;0;0;0;0;0;0;3968;0;0;95;0;200;0;
16716;6992734;1059401728;21790720;1200013312;0;0;0;0;0;0;0;0;0;0;0;3918;0;0;95;0;200;0;
16717;9299720;1059401728;21790720;1200013312;0;0;0;0;0;0;0;0;0;0;0;3496;0;0;95;0;200;0;
16718;4867809;1059401728;21790720;1200013312;0;0;0;0;0;0;0;0;0;0;0;4419;0;0;95;0;200;0;
16719;10852162;1059401728;21790720;1200013312;0;0;0;0;0;0;0;0;0;0;0;4068;0;0;95;0;200;0;
16720;4681129;1059401728;21790720;1200013312;0;0;0;0;0;0;0;0;0;0;0;3356;0;0;95;0;200;0;
16721;8081766;1059401728;21790720;1200013312;0;0;0;0;0;0;0;0;0;0;0;2855;0;0;95;0;200;0;
16722;4566694;1059401728;21790720;1200013312;0;0;0;0;0;0;0;0;0;0;0;2976;0;0;95;0;200;0;
16723;8203675;1059401728;21790720;1200013312;0;0;0;0;0;0;0;0;0;0;0;4278;0;0;95;0;200;0;
16724;5943847;1059401728;21790720;1200013312;0;0;0;0;0;0;0;0;0;0;0;3497;0;0;95;0;200;0;
16725;6976343;1059401728;21790720;1200013312;0;0;0;0;0;0;0;0;0;0;0;2464;0;0;95;0;200;0;
16726;6692591;1059401728;21790720;1200013312;0;0;0;0;0;0;0;0;0;0;0;2685;0;0;95;0;200;0;
16727;5524641;1059401728;21790720;1200013312;0;0;0;0;0;0;0;0;0;0;0;2044;0;0;95;0;200;0;
16728;8884812;1059401728;21790720;1200013312;0;0;0;0;0;0;0;0;0;0;0;2545;0;0;95;0;200;0;
16729;6407928;1059401728;21790720;1200013312;0;0;0;0;0;0;0;0;0;0;0;3136;0;0;95;0;200;0;
16730;8056409;1059401728;21790720;1200013312;0;0;0;0;0;0;0;0;0;0;0;4058;0;0;95;0;200;0;
16731;9728985;1059401728;21790720;1200013312;0;0;0;0;0;0;0;0;0;0;0;4028;0;0;95;0;200;0;
16732;9186388;1059401728;21790720;1200013312;0;0;0;0;0;0;0;0;0;0;0;4688;0;0;95;0;200;0;
16733;8194388;1059401728;21790720;1200013312;0;0;0;0;0;0;0;0;0;0;0;3266;0;0;95;0;200;0;
16734;9809958;1059401728;21790720;1200013312;0;0;0;0;0;0;0;0;0;0;0;3317;0;0;95;0;200;0;
16735;7655277;1059401728;21790720;1200013312;0;0;0;0;0;0;0;0;0;0;0;3837;0;0;95;0;200;0;
16736;8125328;1059401728;21790720;1200013312;0;0;0;0;0;0;0;0;0;0;0;4027;0;0;95;0;200;0;
16737;10407739;1059401728;21790720;1200013312;0;0;0;0;0;0;0;0;0;0;0;2966;0;0;95;0;200;0;
16738;8349689;1059401728;21790720;1200013312;0;0;0;0;0;0;0;0;0;0;0;3447;0;0;95;0;200;0;
16739;6607963;1059401728;21790720;1200013312;0;0;0;0;0;0;0;0;0;0;0;3066;0;0;95;0;200;0;
16740;6644201;1059401728;21790720;1200013312;0;0;0;0;0;0;0;0;0;0;0;3887;0;0;95;0;200;0;
16741;5349993;1059401728;21790720;1200013312;0;0;0;0;0;0;0;0;0;0;0;2324;0;0;95;0;200;0;
16742;3872793;1059401728;21790720;1200013312;0;0;0;0;0;0;0;0;0;0;0;4819;0;0;95;0;200;0;
16743;9038040;1059401728;21790720;1200013312;0;0;0;0;0;0;0;0;0;0;0;3216;0;0;95;0;200;0;
16744;5481269;1059401728;21790720;1200013312;0;0;0;0;0;0;0;0;0;0;0;4068;0;0;95;0;200;0;
16745;7084306;1059401728;21790720;1200013312;0;0;0;0;0;0;0;0;0;0;0;2955;0;0;95;0;200;0;
16746;3613657;1059401728;21790720;1200013312;0;0;0;0;0;0;0;0;0;0;0;4248;0;0;95;0;200;0;
16747;7524792;1059401728;21790720;1200013312;0;0;0;0;0;0;0;0;0;0;0;3096;0;0;95;0;200;0;
16748;3043769;1059401728;21790720;1200013312;0;0;0;0;0;0;0;0;0;0;0;2765;0;0;95;0;200;0;
16749;8814461;1059401728;21790720;1200013312;0;0;0;0;0;0;0;0;0;0;0;3286;0;0;95;0;200;0;
16750;3091888;1059401728;21790720;1200013312;0;0;0;0;0;0;0;0;0;0;0;2835;0;0;95;0;200;0;
16751;5436064;1059401728;21790720;1200013312;0;0;0;0;0;0;0;0;0;0;0;3156;0;0;95;0;200;0;
16752;6961716;1059401728;21790720;1200013312;0;0;0;0;0;0;0;0;0;0;0;3006;0;0;95;0;200;0;
16753;5865140;1059401728;21790720;1200013312;0;0;0;0;0;0;0;0;0;0;0;2405;0;0;95;0;200;0;
16754;6399582;1059401728;21790720;1200013312;0;0;0;0;0;0;0;0;0;0;0;2445;0;0;95;0;200;0;
16755;7469268;1059401728;21790720;1200013312;0;0;0;0;0;0;0;0;0;0;0;1964;0;0;95;0;200;0;
16756;5267809;1059401728;21790720;1200013312;0;0;0;0;0;0;0;0;0;0;0;3577;0;0;95;0;200;0;
16757;6174199;1059401728;21790720;1200013312;0;0;0;0;0;0;0;0;0;0;0;2876;0;0;95;0;200;0;
16758;5897951;1059401728;21790720;1200013312;0;0;0;0;0;0;0;0;0;0;0;3096;0;0;95;0;200;0;
16759;6449886;1059401728;21790720;1200013312;0;0;0;0;0;0;0;0;0;0;0;4378;0;0;95;0;200;0;
16760;5554637;1059401728;21790720;1200013312;0;0;0;0;0;0;0;0;0;0;0;3667;0;0;95;0;200;0;
16761;6619614;1059401728;21790720;1200013312;0;0;0;0;0;0;0;0;0;0;0;3667;0;0;95;0;200;0;
16762;4253336;1059401728;21790720;1200013312;0;0;0;0;0;0;0;0;0;0;0;3917;0;0;95;0;200;0;
16763;10956868;1059401728;21790720;1200013312;0;0;0;0;0;0;0;0;0;0;0;2745;0;0;95;0;200;0;
16764;4070554;1059401728;21790720;1200013312;0;0;0;0;0;0;0;0;0;0;0;2986;0;0;95;0;200;0;
16765;7388937;1059401728;21790720;1200013312;0;0;0;0;0;0;0;0;0;0;0;4588;0;0;95;0;200;0;
16766;5719105;1059401728;21790720;1200013312;0;0;0;0;0;0;0;0;0;0;0;2975;0;0;95;0;200;0;
16767;7478325;1059401728;21790720;1200013312;0;0;0;0;0;0;0;0;0;0;0;3477;0;0;95;0;200;0;
16768;3917878;1059401728;21790720;1200013312;0;0;0;0;0;0;0;0;0;0;0;3065;0;0;95;0;200;0;
16769;7508742;1059401728;21790720;1200013312;0;0;0;0;0;0;0;0;0;0;0;2245;0;0;95;0;200;0;
16770;4814088;1059401728;21790720;1200013312;0;0;0;0;0;0;0;0;0;0;0;3497;0;0;95;0;200;0;
16771;6557308;1059401728;21790720;1200013312;0;0;0;0;0;0;0;0;0;0;0;2605;0;0;95;0;200;0;
16772;4356600;1059401728;21790720;1200013312;0;0;0;0;0;0;0;0;0;0;0;4148;0;0;95;0;200;0;
16773;8472209;1059401728;21790720;1200013312;0;0;0;0;0;0;0;0;0;0;0;2475;0;0;95;0;200;0;
16774;4123924;1059401728;21790720;1200013312;0;0;0;0;0;0;0;0;0;0;0;2585;0;0;95;0;200;0;
16775;6816684;1059401728;21790720;1200013312;0;0;0;0;0;0;0;0;0;0;0;2475;0;0;95;0;200;0;
16776;4231365;1059401728;21790720;1200013312;0;0;0;0;0;0;0;0;0;0;0;3557;0;0;95;0;200;0;
16777;6173127;1059401728;21790720;1200013312;0;0;0;0;0;0;0;0;0;0;0;2234;0;0;95;0;200;0;
16778;6122321;1059401728;21790720;1200013312;0;0;0;0;0;0;0;0;0;0;0;3627;0;0;95;0;200;0;
16779;6683895;1059401728;21790720;1200013312;0;0;0;0;0;0;0;0;0;0;0;3617;0;0;95;0;200;0;
16780;5741317;1059401728;21790720;1200013312;0;0;0;0;0;0;0;0;0;0;0;3366;0;0;95;0;200;0;
16781;6847281;1059401728;21790720;1200013312;0;0;0;0;0;0;0;0;0;0;0;3377;0;0;95;0;200;0;
16782;4291087;1059401728;21790720;1200013312;0;0;0;0;0;0;0;0;0;0;0;3427;0;0;95;0;200;0;
16783;7950681;1059401728;21790720;1200013312;0;0;0;0;0;0;0;0;0;0;0;3737;0;0;95;0;200;0;
16784;5223155;1059401728;21790720;1200013312;0;0;0;0;0;0;0;0;0;0;0;4298;0;0;95;0;200;0;
16785;8797969;1059401728;21790720;1200013312;0;0;0;0;0;0;0;0;0;0;0;4378;0;0;95;0;200;0;
16786;5386101;1059401728;21790720;1200013312;0;0;0;0;0;0;0;0;0;0;0;4128;0;0;95;0;200;0;
16787;8711648;1059401728;21790720;1200013312;0;0;0;0;0;0;0;0;0;0;0;3627;0;0;95;0;200;0;
16788;5722983;1059401728;21790720;1200013312;0;0;0;0;0;0;0;0;0;0;0;3767;0;0;95;0;200;0;
16789;8001095;1059401728;21790720;1200013312;0;0;0;0;0;0;0;0;0;0;0;3086;0;0;95;0;200;0;
16790;4431420;1059401728;21790720;1200013312;0;0;0;0;0;0;0;0;0;0;0;3988;0;0;95;0;200;0;
16791;8481526;1059401728;21790720;1200013312;0;0;0;0;0;0;0;0;0;0;0;3386;0;0;95;0;200;0;
16792;4885863;1059401728;21790720;1200013312;0;0;0;0;0;0;0;0;0;0;0;3737;0;0;95;0;200;0;
16793;8174089;1059401728;21790720;1200013312;0;0;0;0;0;0;0;0;0;0;0;2785;0;0;95;0;200;0;
16794;4326664;1059401728;21790720;1200013312;0;0;0;0;0;0;0;0;0;0;0;4708;0;0;95;0;200;0;
16795;7764602;1059401728;21790720;1200013312;0;0;0;0;0;0;0;0;0;0;0;3717;0;0;95;0;200;0;
16796;2697800;1059401728;21790720;1200013312;0;0;0;0;0;0;0;0;0;0;0;2765;0;0;95;0;200;0;
16797;6468180;1059401728;21790720;1200013312;0;0;0;0;0;0;0;0;0;0;0;3056;0;0;95;0;200;0;
16798;5369149;1059401728;21790720;1200013312;0;0;0;0;0;0;0;0;0;0;0;5100;0;0;95;0;200;0;
16799;6556205;1059401728;21790720;1200013312;0;0;0;0;0;0;0;0;0;0;0;3316;0;0;95;0;200;0;
16800;4043924;1059401728;21790720;1200013312;0;0;0;0;0;0;0;0;0;0;0;2896;0;0;95;0;200;0;
16801;6847061;1059401728;21790720;1200013312;0;0;0;0;0;0;0;0;0;0;0;3076;0;0;95;0;200;0;
16802;3427407;1059401728;21790720;1200013312;0;0;0;0;0;0;0;0;0;0;0;3216;0;0;95;0;200;0;
16803;6446810;1059401728;21790720;1200013312;0;0;0;0;0;0;0;0;0;0;0;2335;0;0;95;0;200;0;
16804;3522947;1059401728;21790720;1200013312;0;0;0;0;0;0;0;0;0;0;0;2915;0;0;95;0;200;0;
16805;8464795;1059401728;21790720;1200013312;0;0;0;0;0;0;0;0;0;0;0;3878;0;0;95;0;200;0;
16806;4528824;1059401728;21790720;1200013312;0;0;0;0;0;0;0;0;0;0;0;3237;0;0;95;0;200;0;
16807;6978237;1059401728;21790720;1200013312;0;0;0;0;0;0;0;0;0;0;0;3176;0;0;95;0;200;0;
16808;3794837;1059401728;21790720;1200013312;0;0;0;0;0;0;0;0;0;0;0;2916;0;0;95;0;200;0;
16809;5662198;1059401728;21790720;1200013312;0;0;0;0;0;0;0;0;0;0;0;3327;0;0;95;0;200;0;
16810;5016268;1059401728;21790720;1200013312;0;0;0;0;0;0;0;0;0;0;0;2715;0;0;95;0;200;0;
16811;6341684;1059401728;21790720;1200013312;0;0;0;0;0;0;0;0;0;0;0;3176;0;0;95;0;200;0;
16812;5759330;1059401728;21790720;1200013312;0;0;0;0;0;0;0;0;0;0;0;2875;0;0;95;0;200;0;
16813;6027303;1059401728;21790720;1200013312;0;0;0;0;0;0;0;0;0;0;0;3487;0;0;95;0;200;0;
16814;5572922;1059401728;21790720;1200013312;0;0;0;0;0;0;0;0;0;0;0;4308;0;0;95;0;200;0;
16815;7821508;1059401728;21790720;1200013312;0;0;0;0;0;0;0;0;0;0;0;3947;0;0;95;0;200;0;
16816;5189342;1059401728;21790720;1200013312;0;0;0;0;0;0;0;0;0;0;0;3237;0;0;95;0;200;0;
16817;7644236;1059401728;21790720;1200013312;0;0;0;0;0;0;0;0;0;0;0;3327;0;0;95;0;200;0;
16818;6935677;1059401728;21790720;1200013312;0;0;0;0;0;0;0;0;0;0;0;3256;0;0;95;0;200;0;
16819;5917678;1059401728;21790720;1200013312;0;0;0;0;0;0;0;0;0;0;0;4027;0;0;95;0;200;0;
16820;6065956;1059401728;21790720;1200013312;0;0;0;0;0;0;0;0;0;0;0;3717;0;0;95;0;200;0;
16821;6955655;1059401728;21790720;1200013312;0;0;0;0;0;0;0;0;0;0;0;2885;0;0;95;0;200;0;
16822;4555704;1059401728;21790720;1200013312;0;0;0;0;0;0;0;0;0;0;0;3707;0;0;95;0;200;0;
16823;7521816;1059401728;21790720;1200013312;0;0;0;0;0;0;0;0;0;0;0;3096;0;0;95;0;200;0;
16824;3988480;1059401728;21790720;1200013312;0;0;0;0;0;0;0;0;0;0;0;4598;0;0;95;0;200;0;
16825;8028487;1059401728;21790720;1200013312;0;0;0;0;0;0;0;0;0;0;0;3627;0;0;95;0;200;0;
16826;4539523;1059401728;21790720;1200013312;0;0;0;0;0;0;0;0;0;0;0;2975;0;0;95;0;200;0;
16827;9071943;1059401728;21790720;1200013312;0;0;0;0;0;0;0;0;0;0;0;2966;0;0;95;0;200;0;
16828;5186216;1059401728;21790720;1200013312;0;0;0;0;0;0;0;0;0;0;0;3567;0;0;95;0;200;0;
16829;8458673;1059401728;21790720;1200013312;0;0;0;0;0;0;0;0;0;0;0;3707;0;0;95;0;200;0;
16830;4829698;1059401728;21790720;1200013312;0;0;0;0;0;0;0;0;0;0;0;3076;0;0;95;0;200;0;
16831;7719257;1059401728;21790720;1200013312;0;0;0;0;0;0;0;0;0;0;0;4459;0;0;95;0;200;0;
16832;4548901;1059401728;21790720;1200013312;0;0;0;0;0;0;0;0;0;0;0;3697;0;0;95;0;200;0;
16833;8740552;1059401728;21790720;1200013312;0;0;0;0;0;0;0;0;0;0;0;4338;0;0;95;0;200;0;
16834;4446028;1059401728;21790720;1200013312;0;0;0;0;0;0;0;0;0;0;0;4539;0;0;95;0;200;0;
16835;6618712;1059401728;21790720;1200013312;0;0;0;0;0;0;0;0;0;0;0;2966;0;0;95;0;200;0;
16836;4968468;1059401728;21790720;1200013312;0;0;0;0;0;0;0;0;0;0;0;3106;0;0;95;0;200;0;
16837;8349639;1059401728;21790720;1200013312;0;0;0;0;0;0;0;0;0;0;0;3126;0;0;95;0;200;0;
16838;5909813;1059401728;21790720;1200013312;0;0;0;0;0;0;0;0;0;0;0;3897;0;0;95;0;200;0;
16839;7945852;1059401728;21790720;1200013312;0;0;0;0;0;0;0;0;0;0;0;3386;0;0;95;0;200;0;
16840;6838785;1059401728;21790720;1200013312;0;0;0;0;0;0;0;0;0;0;0;3737;0;0;95;0;200;0;
16841;8507685;1059401728;21790720;1200013312;0;0;0;0;0;0;0;0;0;0;0;3346;0;0;95;0;200;0;
16842;6131619;1059401728;21790720;1200013312;0;0;0;0;0;0;0;0;0;0;0;3757;0;0;95;0;200;0;
16843;5673510;1059401728;21790720;1200013312;0;0;0;0;0;0;0;0;0;0;0;4318;0;0;95;0;200;0;
16844;7463096;1059401728;21790720;1200013312;0;0;0;0;0;0;0;0;0;0;0;3767;0;0;95;0;200;0;
16845;6532250;1059401728;21790720;1200013312;0;0;0;0;0;0;0;0;0;0;0;2745;0;0;95;0;200;0;
16846;6287932;1059401728;21790720;1200013312;0;0;0;0;0;0;0;0;0;0;0;3346;0;0;95;0;200;0;
16847;6711607;1059401728;21790720;1200013312;0;0;0;0;0;0;0;0;0;0;0;4379;0;0;95;0;200;0;
16848;7074357;1059401728;21790720;1200013312;0;0;0;0;0;0;0;0;0;0;0;3166;0;0;95;0;200;0;
16849;5716771;1059401728;21790720;1200013312;0;0;0;0;0;0;0;0;0;0;0;2795;0;0;95;0;200;0;
16850;5846865;1059401728;21790720;1200013312;0;0;0;0;0;0;0;0;0;0;0;3397;0;0;95;0;200;0;
16851;7623256;1059401728;21790720;1200013312;0;0;0;0;0;0;0;0;0;0;0;3236;0;0;95;0;200;0;
16852;4659809;1059401728;21790720;1200013312;0;0;0;0;0;0;0;0;0;0;0;4358;0;0;95;0;200;0;
16853;6816143;1059401728;21790720;1200013312;0;0;0;0;0;0;0;0;0;0;0;3066;0;0;95;0;200;0;
16854;4300475;1059401728;21790720;1200013312;0;0;0;0;0;0;0;0;0;0;0;4008;0;0;95;0;200;0;
16855;8592765;1059401728;21790720;1200013312;0;0;0;0;0;0;0;0;0;0;0;3758;0;0;95;0;200;0;
16856;6366409;1059401728;21790720;1200013312;0;0;0;0;0;0;0;0;0;0;0;3777;0;0;95;0;200;0;
16857;7729014;1059401728;21790720;1200013312;0;0;0;0;0;0;0;0;0;0;0;3086;0;0;95;0;200;0;
16858;6823958;1059401728;21790720;1200013312;0;0;0;0;0;0;0;0;0;0;0;4018;0;0;95;0;200;0;
16859;8420472;1059401728;21790720;1200013312;0;0;0;0;0;0;0;0;0;0;0;3297;0;0;95;0;200;0;
16860;4739990;1059401728;21790720;1200013312;0;0;0;0;0;0;0;0;0;0;0;3467;0;0;95;0;200;0;
16861;5960458;1059401728;21790720;1200013312;0;0;0;0;0;0;0;0;0;0;0;2384;0;0;95;0;200;0;
16862;6201881;1059401728;21790720;1200013312;0;0;0;0;0;0;0;0;0;0;0;3697;0;0;95;0;200;0;
16863;7482252;1059401728;21790720;1200013312;0;0;0;0;0;0;0;0;0;0;0;4088;0;0;95;0;200;0;
16864;8412346;1059401728;21790720;1200013312;0;0;0;0;0;0;0;0;0;0;0;4518;0;0;95;0;200;0;
16865;7310991;1059401728;21790720;1200013312;0;0;0;0;0;0;0;0;0;0;0;3547;0;0;95;0;200;0;
16866;4795333;1059401728;21790720;1200013312;0;0;0;0;0;0;0;0;0;0;0;2665;0;0;95;0;200;0;
16867;8419900;1059401728;21790720;1200013312;0;0;0;0;0;0;0;0;0;0;0;3958;0;0;95;0;200;0;
16868;6134545;1059401728;21790720;1200013312;0;0;0;0;0;0;0;0;0;0;0;3617;0;0;95;0;200;0;
16869;8491305;1059401728;21790720;1200013312;0;0;0;0;0;0;0;0;0;0;0;3106;0;0;95;0;200;0;
16870;7373719;1059401728;21790720;1200013312;0;0;0;0;0;0;0;0;0;0;0;3066;0;0;95;0;200;0;
16871;6740561;1059401728;21790720;1200013312;0;0;0;0;0;0;0;0;0;0;0;3296;0;0;95;0;200;0;
16872;6525168;1059401728;21790720;1200013312;0;0;0;0;0;0;0;0;0;0;0;3106;0;0;95;0;200;0;
16873;7864749;1059401728;21790720;1200013312;0;0;0;0;0;0;0;0;0;0;0;3767;0;0;95;0;200;0;
16874;9228216;1059401728;21790720;1200013312;0;0;0;0;0;0;0;0;0;0;0;3497;0;0;95;0;200;0;
16875;10118146;1059401728;21790720;1200013312;0;0;0;0;0;0;0;0;0;0;0;3557;0;0;95;0;200;0;
16876;7111577;1059401728;21798912;1200021504;0;0;0;0;0;0;0;0;0;0;0;4278;0;0;95;0;200;0;
16877;7580947;1059401728;21798912;1200021504;0;0;0;0;0;0;0;0;0;0;0;3607;0;0;95;0;200;0;
16878;6031952;1059401728;21798912;1200021504;0;0;0;0;0;0;0;0;0;0;0;3897;0;0;95;0;200;0;
16879;9397274;1059401728;21798912;1200021504;0;0;0;0;0;0;0;0;0;0;0;3717;0;0;95;0;200;0;
16880;5959456;1059401728;21798912;1200021504;0;0;0;0;0;0;0;0;0;0;0;3697;0;0;95;0;200;0;
16881;7914963;1059401728;21798912;1200021504;0;0;0;0;0;0;0;0;0;0;0;3817;0;0;95;0;200;0;
16882;4366930;1059401728;21790720;1200013312;0;0;0;0;0;0;0;0;0;0;0;4538;0;0;95;0;200;0;
16883;7485298;1059401728;21790720;1200013312;0;0;0;0;0;0;0;0;0;0;0;3196;0;0;95;0;200;0;
16884;5250226;1059401728;21790720;1200013312;0;0;0;0;0;0;0;0;0;0;0;3005;0;0;95;0;200;0;
16885;8337085;1059401728;21790720;1200013312;0;0;0;0;0;0;0;0;0;0;0;3436;0;0;95;0;200;0;
16886;5258252;1059401728;21790720;1200013312;0;0;0;0;0;0;0;0;0;0;0;3527;0;0;95;0;200;0;
16887;6044305;1059401728;21790720;1200013312;0;0;0;0;0;0;0;0;0;0;0;2244;0;0;95;0;200;0;
16888;5187699;1059401728;21790720;1200013312;0;0;0;0;0;0;0;0;0;0;0;2956;0;0;95;0;200;0;
16889;5500054;1059401728;21790720;1200013312;0;0;0;0;0;0;0;0;0;0;0;2234;0;0;95;0;200;0;
16890;4912984;1059401728;21790720;1200013312;0;0;0;0;0;0;0;0;0;0;0;2725;0;0;95;0;200;0;
16891;6165893;1059401728;21790720;1200013312;0;0;0;0;0;0;0;0;0;0;0;2605;0;0;95;0;200;0;
16892;6431742;1059401728;21790720;1200013312;0;0;0;0;0;0;0;0;0;0;0;3987;0;0;95;0;200;0;
16893;7937927;1059401728;21790720;1200013312;0;0;0;0;0;0;0;0;0;0;0;3877;0;0;95;0;200;0;
16894;5442988;1059401728;21790720;1200013312;0;0;0;0;0;0;0;0;0;0;0;4188;0;0;95;0;200;0;
16895;6450146;1059401728;21790720;1200013312;0;0;0;0;0;0;0;0;0;0;0;4569;0;0;95;0;200;0;
16896;5046203;1059401728;21790720;1200013312;0;0;0;0;0;0;0;0;0;0;0;4669;0;0;95;0;200;0;
16897;7656008;1059401728;21790720;1200013312;0;0;0;0;0;0;0;0;0;0;0;2555;0;0;95;0;200;0;
16898;5740907;1059401728;21790720;1200013312;0;0;0;0;0;0;0;0;0;0;0;3146;0;0;95;0;200;0;
16899;7301443;1059401728;21790720;1200013312;0;0;0;0;0;0;0;0;0;0;0;3357;0;0;95;0;200;0;
16900;5549467;1059401728;21790720;1200013312;0;0;0;0;0;0;0;0;0;0;0;3847;0;0;95;0;200;0;
16901;7462475;1059401728;21790720;1200013312;0;0;0;0;0;0;0;0;0;0;0;2946;0;0;95;0;200;0;
16902;7571960;1059401728;21790720;1200013312;0;0;0;0;0;0;0;0;0;0;0;3236;0;0;95;0;200;0;
16903;7691324;1059401728;21790720;1200013312;0;0;0;0;0;0;0;0;0;0;0;5620;0;0;95;0;200;0;
16904;8358044;1059401728;21790720;1200013312;0;0;0;0;0;0;0;0;0;0;0;4398;0;0;95;0;200;0;
16905;10184380;1059401728;21790720;1200013312;0;0;0;0;0;0;0;0;0;0;0;3507;0;0;95;0;200;0;
16906;5435543;1059401728;21790720;1200013312;0;0;0;0;0;0;0;0;0;0;0;3066;0;0;95;0;200;0;
16907;7997619;1059401728;21790720;1200013312;0;0;0;0;0;0;0;0;0;0;0;4328;0;0;95;0;200;0;
16908;6351472;1059401728;21790720;1200013312;0;0;0;0;0;0;0;0;0;0;0;3967;0;0;95;0;200;0;
16909;8686912;1059401728;21790720;1200013312;0;0;0;0;0;0;0;0;0;0;0;4438;0;0;95;0;200;0;
16910;6550324;1059401728;21790720;1200013312;0;0;0;0;0;0;0;0;0;0;0;3377;0;0;95;0;200;0;
16911;6961495;1059401728;21790720;1200013312;0;0;0;0;0;0;0;0;0;0;0;2906;0;0;95;0;200;0;
16912;8364898;1059401728;21790720;1200013312;0;0;0;0;0;0;0;0;0;0;0;3146;0;0;95;0;200;0;
16913;6324120;1059401728;21790720;1200013312;0;0;0;0;0;0;0;0;0;0;0;2164;0;0;95;0;200;0;
16914;7032739;1059401728;21790720;1200013312;0;0;0;0;0;0;0;0;0;0;0;3487;0;0;95;0;200;0;
16915;8042012;1059401728;21790720;1200013312;0;0;0;0;0;0;0;0;0;0;0;2825;0;0;95;0;200;0;
16916;12695599;1059401728;21790720;1200013312;0;0;0;0;0;0;0;0;0;0;0;4278;0;0;95;0;200;0;
16917;8876407;1059401728;21790720;1200013312;0;0;0;0;0;0;0;0;0;0;0;3757;0;0;95;0;200;0;
16918;4188826;1059401728;21790720;1200013312;0;0;0;0;0;0;0;0;0;0;0;3316;0;0;95;0;200;0;
16919;9395861;1059401728;21790720;1200013312;0;0;0;0;0;0;0;0;0;0;0;3878;0;0;95;0;200;0;
16920;6758855;1059401728;21790720;1200013312;0;0;0;0;0;0;0;0;0;0;0;3807;0;0;95;0;200;0;
16921;6319201;1059401728;21790720;1200013312;0;0;0;0;0;0;0;0;0;0;0;3316;0;0;95;0;200;0;
16922;6487036;1059401728;21790720;1200013312;0;0;0;0;0;0;0;0;0;0;0;3707;0;0;95;0;200;0;
16923;8322909;1059401728;21790720;1200013312;0;0;0;0;0;0;0;0;0;0;0;3937;0;0;95;0;200;0;
16924;5464638;1059401728;21790720;1200013312;0;0;0;0;0;0;0;0;0;0;0;241002;0;0;95;0;200;0;
16925;8045628;1059401728;21790720;1200013312;0;0;0;0;0;0;0;0;0;0;0;3146;0;0;95;0;200;0;
16926;4590429;1059401728;21790720;1200013312;0;0;0;0;0;0;0;0;0;0;0;3737;0;0;95;0;200;0;
16927;8820392;1059401728;21790720;1200013312;0;0;0;0;0;0;0;0;0;0;0;3457;0;0;95;0;200;0;
16928;4810251;1059401728;21790720;1200013312;0;0;0;0;0;0;0;0;0;0;0;3857;0;0;95;0;200;0;
16929;12397430;1059401728;21790720;1200013312;0;0;0;0;0;0;0;0;0;0;0;3556;0;0;95;0;200;0;
16930;6386037;1059401728;21790720;1200013312;0;0;0;0;0;0;0;0;0;0;0;4108;0;0;95;0;200;0;
16931;8409652;1059401728;21790720;1200013312;0;0;0;0;0;0;0;0;0;0;0;3106;0;0;95;0;200;0;
16932;4449886;1059401728;21790720;1200013312;0;0;0;0;0;0;0;0;0;0;0;3878;0;0;95;0;200;0;
16933;8060757;1059401728;21790720;1200013312;0;0;0;0;0;0;0;0;0;0;0;3176;0;0;95;0;200;0;
16934;4538462;1059401728;21790720;1200013312;0;0;0;0;0;0;0;0;0;0;0;3135;0;0;95;0;200;0;
16935;7497531;1059401728;21790720;1200013312;0;0;0;0;0;0;0;0;0;0;0;3126;0;0;95;0;200;0;
16936;5516436;1059401728;21790720;1200013312;0;0;0;0;0;0;0;0;0;0;0;2845;0;0;95;0;200;0;
16937;7212326;1059401728;21790720;1200013312;0;0;0;0;0;0;0;0;0;0;0;3577;0;0;95;0;200;0;
16938;5827309;1059401728;21790720;1200013312;0;0;0;0;0;0;0;0;0;0;0;3567;0;0;95;0;200;0;
16939;5596125;1059401728;21790720;1200013312;0;0;0;0;0;0;0;0;0;0;0;2214;0;0;95;0;200;0;
16940;5911726;1059401728;21790720;1200013312;0;0;0;0;0;0;0;0;0;0;0;3777;0;0;95;0;200;0;
16941;6289946;1059401728;21790720;1200013312;0;0;0;0;0;0;0;0;0;0;0;3907;0;0;95;0;200;0;
16942;6776479;1059401728;21790720;1200013312;0;0;0;0;0;0;0;0;0;0;0;4188;0;0;95;0;200;0;
16943;6980461;1059401728;21790720;1200013312;0;0;0;0;0;0;0;0;0;0;0;2474;0;0;95;0;200;0;
16944;6399772;1059401728;21790720;1200013312;0;0;0;0;0;0;0;0;0;0;0;2955;0;0;95;0;200;0;
16945;8370398;1059401728;21790720;1200013312;0;0;0;0;0;0;0;0;0;0;0;3647;0;0;95;0;200;0;
16946;3731508;1059401728;21790720;1200013312;0;0;0;0;0;0;0;0;0;0;0;3787;0;0;95;0;200;0;
16947;7809806;1059401728;21790720;1200013312;0;0;0;0;0;0;0;0;0;0;0;2975;0;0;95;0;200;0;
16948;3567791;1059401728;21798912;1200021504;0;0;0;0;0;0;0;0;0;0;0;2845;0;0;95;0;200;0;
16949;6282602;1059401728;21798912;1200021504;0;0;0;0;0;0;0;0;0;0;0;2415;0;0;95;0;200;0;
16950;4166754;1059401728;21798912;1200021504;0;0;0;0;0;0;0;0;0;0;0;3096;0;0;95;0;200;0;
16951;7221783;1059401728;21798912;1200021504;0;0;0;0;0;0;0;0;0;0;0;2515;0;0;95;0;200;0;
16952;4215356;1059401728;21798912;1200021504;0;0;0;0;0;0;0;0;0;0;0;2635;0;0;95;0;200;0;
16953;6894310;1059401728;21798912;1200021504;0;0;0;0;0;0;0;0;0;0;0;2264;0;0;95;0;200;0;
16954;5730567;1059401728;21790720;1200013312;0;0;0;0;0;0;0;0;0;0;0;3967;0;0;95;0;200;0;
16955;8808439;1059401728;21790720;1200013312;0;0;0;0;0;0;0;0;0;0;0;4118;0;0;95;0;200;0;
16956;4501272;1059401728;21790720;1200013312;0;0;0;0;0;0;0;0;0;0;0;3387;0;0;95;0;200;0;
16957;8789764;1059401728;21790720;1200013312;0;0;0;0;0;0;0;0;0;0;0;2224;0;0;95;0;200;0;
16958;5059519;1059401728;21790720;1200013312;0;0;0;0;0;0;0;0;0;0;0;2624;0;0;95;0;200;0;
16959;6741683;1059401728;21790720;1200013312;0;0;0;0;0;0;0;0;0;0;0;3657;0;0;95;0;200;0;
16960;5501187;1059401728;21790720;1200013312;0;0;0;0;0;0;0;0;0;0;0;3577;0;0;95;0;200;0;
16961;6164321;1059401728;21790720;1200013312;0;0;0;0;0;0;0;0;0;0;0;2825;0;0;95;0;200;0;
16962;6093027;1059401728;21790720;1200013312;0;0;0;0;0;0;0;0;0;0;0;3867;0;0;95;0;200;0;
16963;6106402;1059401728;21790720;1200013312;0;0;0;0;0;0;0;0;0;0;0;3126;0;0;95;0;200;0;
16964;5382714;1059401728;21790720;1200013312;0;0;0;0;0;0;0;0;0;0;0;3437;0;0;95;0;200;0;
16965;7690492;1059401728;21790720;1200013312;0;0;0;0;0;0;0;0;0;0;0;3226;0;0;95;0;200;0;
16966;4564870;1059401728;21790720;1200013312;0;0;0;0;0;0;0;0;0;0;0;4258;0;0;95;0;200;0;
16967;8024970;1059401728;21790720;1200013312;0;0;0;0;0;0;0;0;0;0;0;2925;0;0;95;0;200;0;
16968;4053111;1059401728;21790720;1200013312;0;0;0;0;0;0;0;0;0;0;0;4097;0;0;95;0;200;0;
16969;7251379;1059401728;21790720;1200013312;0;0;0;0;0;0;0;0;0;0;0;3907;0;0;95;0;200;0;
16970;5228055;1059401728;21790720;1200013312;0;0;0;0;0;0;0;0;0;0;0;2655;0;0;95;0;200;0;
16971;6030350;1059401728;21790720;1200013312;0;0;0;0;0;0;0;0;0;0;0;4008;0;0;95;0;200;0;
16972;7152353;1059401728;21790720;1200013312;0;0;0;0;0;0;0;0;0;0;0;3246;0;0;95;0;200;0;
16973;4968458;1059401728;21790720;1200013312;0;0;0;0;0;0;0;0;0;0;0;3196;0;0;95;0;200;0;
16974;7398094;1059401728;21790720;1200013312;0;0;0;0;0;0;0;0;0;0;0;3807;0;0;95;0;200;0;
16975;8683495;1059401728;21790720;1200013312;0;0;0;0;0;0;0;0;0;0;0;3216;0;0;95;0;200;0;
16976;8862430;1059401728;21790720;1200013312;0;0;0;0;0;0;0;0;0;0;0;3446;0;0;95;0;200;0;
16977;9786002;1059401728;21790720;1200013312;0;0;0;0;0;0;0;0;0;0;0;3857;0;0;95;0;200;0;
16978;7495226;1059401728;21790720;1200013312;0;0;0;0;0;0;0;0;0;0;0;3146;0;0;95;0;200;0;
16979;10728661;1059401728;21790720;1200013312;0;0;0;0;0;0;0;0;0;0;0;3727;0;0;95;0;200;0;
16980;5568693;1059401728;21790720;1200013312;0;0;0;0;0;0;0;0;0;0;0;3636;0;0;95;0;200;0;
16981;9231663;1059401728;21790720;1200013312;0;0;0;0;0;0;0;0;0;0;0;3417;0;0;95;0;200;0;
16982;4383411;1059401728;21790720;1200013312;0;0;0;0;0;0;0;0;0;0;0;2625;0;0;95;0;200;0;
16983;6753285;1059401728;21790720;1200013312;0;0;0;0;0;0;0;0;0;0;0;1923;0;0;95;0;200;0;
16984;6209936;1059401728;21790720;1200013312;0;0;0;0;0;0;0;0;0;0;0;3667;0;0;95;0;200;0;
16985;6987154;1059401728;21790720;1200013312;0;0;0;0;0;0;0;0;0;0;0;2345;0;0;95;0;200;0;
16986;5026186;1059401728;21790720;1200013312;0;0;0;0;0;0;0;0;0;0;0;4469;0;0;95;0;200;0;
16987;7789158;1059401728;21790720;1200013312;0;0;0;0;0;0;0;0;0;0;0;2786;0;0;95;0;200;0;
16988;5493082;1059401728;21790720;1200013312;0;0;0;0;0;0;0;0;0;0;0;3847;0;0;95;0;200;0;
16989;8415903;1059401728;21790720;1200013312;0;0;0;0;0;0;0;0;0;0;0;3016;0;0;95;0;200;0;
16990;4514586;1059401728;21790720;1200013312;0;0;0;0;0;0;0;0;0;0;0;3236;0;0;95;0;200;0;
16991;9118921;1059401728;21790720;1200013312;0;0;0;0;0;0;0;0;0;0;0;4198;0;0;95;0;200;0;
16992;4028706;1059401728;21790720;1200013312;0;0;0;0;0;0;0;0;0;0;0;4318;0;0;95;0;200;0;
16993;8378172;1059401728;21790720;1200013312;0;0;0;0;0;0;0;0;0;0;0;3286;0;0;95;0;200;0;
16994;5567241;1059401728;21790720;1200013312;0;0;0;0;0;0;0;0;0;0;0;2635;0;0;95;0;200;0;
16995;9828212;1059401728;21790720;1200013312;0;0;0;0;0;0;0;0;0;0;0;3887;0;0;95;0;200;0;
16996;6041710;1059401728;21790720;1200013312;0;0;0;0;0;0;0;0;0;0;0;3326;0;0;95;0;200;0;
16997;6164821;1059401728;21790720;1200013312;0;0;0;0;0;0;0;0;0;0;0;2535;0;0;95;0;200;0;
16998;6389764;1059401728;21790720;1200013312;0;0;0;0;0;0;0;0;0;0;0;3236;0;0;95;0;200;0;
16999;5888073;1059401728;21790720;1200013312;0;0;0;0;0;0;0;0;0;0;0;2334;0;0;95;0;200;0;
17000;4650792;1059401728;21790720;1200013312;0;0;0;0;0;0;0;0;0;0;0;3347;0;0;95;0;200;0;
17001;7459760;1059401728;21790720;1200013312;0;0;0;0;0;0;0;0;0;0;0;2895;0;0;95;0;200;0;
17002;4995178;1059401728;21790720;1200013312;0;0;0;0;0;0;0;0;0;0;0;4809;0;0;95;0;200;0;
17003;6848974;1059401728;21790720;1200013312;0;0;0;0;0;0;0;0;0;0;0;3607;0;0;95;0;200;0;
17004;4488508;1059401728;21790720;1200013312;0;0;0;0;0;0;0;0;0;0;0;3988;0;0;95;0;200;0;
17005;7136894;1059401728;21790720;1200013312;0;0;0;0;0;0;0;0;0;0;0;4829;0;0;95;0;200;0;
17006;5054590;1059401728;21790720;1200013312;0;0;0;0;0;0;0;0;0;0;0;2575;0;0;95;0;200;0;
17007;6265500;1059401728;21790720;1200013312;0;0;0;0;0;0;0;0;0;0;0;2324;0;0;95;0;200;0;
17008;5670204;1059401728;21790720;1200013312;0;0;0;0;0;0;0;0;0;0;0;3356;0;0;95;0;200;0;
17009;6878430;1059401728;21790720;1200013312;0;0;0;0;0;0;0;0;0;0;0;3466;0;0;95;0;200;0;
17010;5948636;1059401728;21790720;1200013312;0;0;0;0;0;0;0;0;0;0;0;4068;0;0;95;0;200;0;
17011;8072408;1059401728;21790720;1200013312;0;0;0;0;0;0;0;0;0;0;0;4288;0;0;95;0;200;0;
17012;5160538;1059401728;21790720;1200013312;0;0;0;0;0;0;0;0;0;0;0;4799;0;0;95;0;200;0;
17013;7036977;1059401728;21790720;1200013312;0;0;0;0;0;0;0;0;0;0;0;2695;0;0;95;0;200;0;
17014;4869291;1059401728;21790720;1200013312;0;0;0;0;0;0;0;0;0;0;0;3987;0;0;95;0;200;0;
17015;7289862;1059401728;21790720;1200013312;0;0;0;0;0;0;0;0;0;0;0;4839;0;0;95;0;200;0;
17016;5084856;1059401728;21790720;1200013312;0;0;0;0;0;0;0;0;0;0;0;3397;0;0;95;0;200;0;
17017;7323013;1059401728;21790720;1200013312;0;0;0;0;0;0;0;0;0;0;0;4028;0;0;95;0;200;0;
17018;4809850;1059401728;21790720;1200013312;0;0;0;0;0;0;0;0;0;0;0;3897;0;0;95;0;200;0;
17019;5891118;1059401728;21790720;1200013312;0;0;0;0;0;0;0;0;0;0;0;2925;0;0;95;0;200;0;
17020;4973046;1059401728;21790720;1200013312;0;0;0;0;0;0;0;0;0;0;0;4068;0;0;95;0;200;0;
17021;5561070;1059401728;21790720;1200013312;0;0;0;0;0;0;0;0;0;0;0;2564;0;0;95;0;200;0;
17022;4937300;1059401728;21790720;1200013312;0;0;0;0;0;0;0;0;0;0;0;3466;0;0;95;0;200;0;
17023;7034302;1059401728;21790720;1200013312;0;0;0;0;0;0;0;0;0;0;0;5019;0;0;95;0;200;0;
17024;6199396;1059401728;21790720;1200013312;0;0;0;0;0;0;0;0;0;0;0;3347;0;0;95;0;200;0;
17025;7397423;1059401728;21790720;1200013312;0;0;0;0;0;0;0;0;0;0;0;3065;0;0;95;0;200;0;
17026;4813216;1059401728;21790720;1200013312;0;0;0;0;0;0;0;0;0;0;0;3487;0;0;95;0;200;0;
17027;6660060;1059401728;21790720;1200013312;0;0;0;0;0;0;0;0;0;0;0;4067;0;0;95;0;200;0;
17028;4887516;1059401728;21790720;1200013312;0;0;0;0;0;0;0;0;0;0;0;4819;0;0;95;0;200;0;
17029;6366229;1059401728;21790720;1200013312;0;0;0;0;0;0;0;0;0;0;0;3326;0;0;95;0;200;0;
17030;5981427;1059401728;21790720;1200013312;0;0;0;0;0;0;0;0;0;0;0;3336;0;0;95;0;200;0;
17031;7668482;1059401728;21790720;1200013312;0;0;0;0;0;0;0;0;0;0;0;2184;0;0;95;0;200;0;
17032;3533878;1059401728;21790720;1200013312;0;0;0;0;0;0;0;0;0;0;0;3456;0;0;95;0;200;0;
17033;5629448;1059401728;21790720;1200013312;0;0;0;0;0;0;0;0;0;0;0;3897;0;0;95;0;200;0;
17034;6038444;1059401728;21790720;1200013312;0;0;0;0;0;0;0;0;0;0;0;3887;0;0;95;0;200;0;
17035;5774850;1059401728;21790720;1200013312;0;0;0;0;0;0;0;0;0;0;0;2585;0;0;95;0;200;0;
17036;6326856;1059401728;21790720;1200013312;0;0;0;0;0;0;0;0;0;0;0;3476;0;0;95;0;200;0;
17037;6009821;1059401728;21790720;1200013312;0;0;0;0;0;0;0;0;0;0;0;2355;0;0;95;0;200;0;
17038;6025009;1059401728;21790720;1200013312;0;0;0;0;0;0;0;0;0;0;0;4018;0;0;95;0;200;0;
17039;6851940;1059401728;21790720;1200013312;0;0;0;0;0;0;0;0;0;0;0;3366;0;0;95;0;200;0;
17040;4771879;1059401728;21790720;1200013312;0;0;0;0;0;0;0;0;0;0;0;4158;0;0;95;0;200;0;
17041;6923424;1059401728;21790720;1200013312;0;0;0;0;0;0;0;0;0;0;0;3476;0;0;95;0;200;0;
17042;4384943;1059401728;21790720;1200013312;0;0;0;0;0;0;0;0;0;0;0;3256;0;0;95;0;200;0;
17043;5395879;1059401728;21790720;1200013312;0;0;0;0;0;0;0;0;0;0;0;2064;0;0;95;0;200;0;
17044;6875163;1059401728;21790720;1200013312;0;0;0;0;0;0;0;0;0;0;0;3888;0;0;95;0;200;0;
17045;7760904;1059401728;21790720;1200013312;0;0;0;0;0;0;0;0;0;0;0;3567;0;0;95;0;200;0;
17046;6033905;1059401728;21790720;1200013312;0;0;0;0;0;0;0;0;0;0;0;4738;0;0;95;0;200;0;
17047;9597939;1059401728;21790720;1200013312;0;0;0;0;0;0;0;0;0;0;0;3537;0;0;95;0;200;0;
17048;4833534;1059401728;21790720;1200013312;0;0;0;0;0;0;0;0;0;0;0;4258;0;0;95;0;200;0;
17049;8622942;1059401728;21790720;1200013312;0;0;0;0;0;0;0;0;0;0;0;4628;0;0;95;0;200;0;
17050;4676891;1059401728;21790720;1200013312;0;0;0;0;0;0;0;0;0;0;0;4268;0;0;95;0;200;0;
17051;7941604;1059401728;21790720;1200013312;0;0;0;0;0;0;0;0;0;0;0;3286;0;0;95;0;200;0;
17052;4224612;1059401728;21790720;1200013312;0;0;0;0;0;0;0;0;0;0;0;2665;0;0;95;0;200;0;
17053;7384228;1059401728;21790720;1200013312;0;0;0;0;0;0;0;0;0;0;0;2665;0;0;95;0;200;0;
17054;4418787;1059401728;21790720;1200013312;0;0;0;0;0;0;0;0;0;0;0;3246;0;0;95;0;200;0;
17055;10037364;1059401728;21790720;1200013312;0;0;0;0;0;0;0;0;0;0;0;3457;0;0;95;0;200;0;
17056;5486809;1059401728;21790720;1200013312;0;0;0;0;0;0;0;0;0;0;0;3166;0;0;95;0;200;0;
17057;8451460;1059401728;21790720;1200013312;0;0;0;0;0;0;0;0;0;0;0;3136;0;0;95;0;200;0;
17058;4299052;1059401728;21790720;1200013312;0;0;0;0;0;0;0;0;0;0;0;3637;0;0;95;0;200;0;
17059;5112859;1059401728;21790720;1200013312;0;0;0;0;0;0;0;0;0;0;0;2304;0;0;95;0;200;0;
17060;6494209;1059401728;21790720;1200013312;0;0;0;0;0;0;0;0;0;0;0;3707;0;0;95;0;200;0;
17061;6294124;1059401728;21790720;1200013312;0;0;0;0;0;0;0;0;0;0;0;2345;0;0;95;0;200;0;
17062;6878149;1059401728;21790720;1200013312;0;0;0;0;0;0;0;0;0;0;0;3837;0;0;95;0;200;0;
17063;6499559;1059401728;21790720;1200013312;0;0;0;0;0;0;0;0;0;0;0;3457;0;0;95;0;200;0;
17064;5573723;1059401728;21790720;1200013312;0;0;0;0;0;0;0;0;0;0;0;3297;0;0;95;0;200;0;
17065;6937210;1059401728;21790720;1200013312;0;0;0;0;0;0;0;0;0;0;0;2855;0;0;95;0;200;0;
17066;4942399;1059401728;21790720;1200013312;0;0;0;0;0;0;0;0;0;0;0;33572;0;0;95;0;200;0;
17067;5485718;1059401728;21790720;1200013312;0;0;0;0;0;0;0;0;0;0;0;2494;0;0;95;0;200;0;
17068;6767301;1059401728;21790720;1200013312;0;0;0;0;0;0;0;0;0;0;0;2995;0;0;95;0;200;0;
17069;10274018;1059401728;21790720;1200013312;0;0;0;0;0;0;0;0;0;0;0;2474;0;0;95;0;200;0;
17070;12160506;1059401728;21790720;1200013312;0;0;0;0;0;0;0;0;0;0;0;3466;0;0;95;0;200;0;
17071;7146904;1059401728;21790720;1200013312;0;0;0;0;0;0;0;0;0;0;0;2605;0;0;95;0;200;0;
17072;4409550;1059401728;21790720;1200013312;0;0;0;0;0;0;0;0;0;0;0;3857;0;0;95;0;200;0;
17073;7467354;1059401728;21790720;1200013312;0;0;0;0;0;0;0;0;0;0;0;4007;0;0;95;0;200;0;
17074;5513770;1059401728;21790720;1200013312;0;0;0;0;0;0;0;0;0;0;0;3898;0;0;95;0;200;0;
17075;8054184;1059401728;21790720;1200013312;0;0;0;0;0;0;0;0;0;0;0;2765;0;0;95;0;200;0;
17076;4116901;1059401728;21790720;1200013312;0;0;0;0;0;0;0;0;0;0;0;3506;0;0;95;0;200;0;
17077;5821187;1059401728;21790720;1200013312;0;0;0;0;0;0;0;0;0;0;0;3917;0;0;95;0;200;0;
17078;5227694;1059401728;21790720;1200013312;0;0;0;0;0;0;0;0;0;0;0;3377;0;0;95;0;200;0;
17079;7396181;1059401728;21790720;1200013312;0;0;0;0;0;0;0;0;0;0;0;2525;0;0;95;0;200;0;
17080;5553385;1059401728;21790720;1200013312;0;0;0;0;0;0;0;0;0;0;0;3457;0;0;95;0;200;0;
17081;6177635;1059401728;21790720;1200013312;0;0;0;0;0;0;0;0;0;0;0;1633;0;0;95;0;200;0;
17082;5940721;1059401728;21790720;1200013312;0;0;0;0;0;0;0;0;0;0;0;173144;0;0;95;0;200;0;
17083;5316721;1059401728;21790720;1200013312;0;0;0;0;0;0;0;0;0;0;0;2244;0;0;95;0;200;0;
17084;4255250;1059401728;21790720;1200013312;0;0;0;0;0;0;0;0;0;0;0;3987;0;0;95;0;200;0;
17085;6784293;1059401728;21790720;1200013312;0;0;0;0;0;0;0;0;0;0;0;2104;0;0;95;0;200;0;
17086;6025360;1059401728;21790720;1200013312;0;0;0;0;0;0;0;0;0;0;0;3447;0;0;95;0;200;0;
17087;5580105;1059401728;21790720;1200013312;0;0;0;0;0;0;0;0;0;0;0;2144;0;0;95;0;200;0;
17088;4188696;1059401728;21790720;1200013312;0;0;0;0;0;0;0;0;0;0;0;3236;0;0;95;0;200;0;
17089;7686045;1059401728;21790720;1200013312;0;0;0;0;0;0;0;0;0;0;0;2444;0;0;95;0;200;0;
17090;4195588;1059401728;21790720;1200013312;0;0;0;0;0;0;0;0;0;0;0;2855;0;0;95;0;200;0;
17091;7567903;1059401728;21790720;1200013312;0;0;0;0;0;0;0;0;0;0;0;3206;0;0;95;0;200;0;
17092;3595202;1059401728;21790720;1200013312;0;0;0;0;0;0;0;0;0;0;0;2985;0;0;95;0;200;0;
17093;5789958;1059401728;21790720;1200013312;0;0;0;0;0;0;0;0;0;0;0;2244;0;0;95;0;200;0;
17094;4311205;1059401728;21790720;1200013312;0;0;0;0;0;0;0;0;0;0;0;3567;0;0;95;0;200;0;
17095;5761645;1059401728;21790720;1200013312;0;0;0;0;0;0;0;0;0;0;0;1823;0;0;95;0;200;0;
17096;4441119;1059401728;21790720;1200013312;0;0;0;0;0;0;0;0;0;0;0;3026;0;0;95;0;200;0;
17097;5969916;1059401728;21790720;1200013312;0;0;0;0;0;0;0;0;0;0;0;2074;0;0;95;0;200;0;
17098;4723007;1059401728;21790720;1200013312;0;0;0;0;0;0;0;0;0;0;0;2545;0;0;95;0;200;0;
17099;6271932;1059401728;21790720;1200013312;0;0;0;0;0;0;0;0;0;0;0;1994;0;0;95;0;200;0;
17100;5987469;1059401728;21790720;1200013312;0;0;0;0;0;0;0;0;0;0;0;2665;0;0;95;0;200;0;
17101;6052471;1059401728;21790720;1200013312;0;0;0;0;0;0;0;0;0;0;0;2394;0;0;95;0;200;0;
17102;6840088;1059401728;21790720;1200013312;0;0;0;0;0;0;0;0;0;0;0;3927;0;0;95;0;200;0;
17103;7039011;1059401728;21790720;1200013312;0;0;0;0;0;0;0;0;0;0;0;2033;0;0;95;0;200;0;
17104;4042471;1059401728;21790720;1200013312;0;0;0;0;0;0;0;0;0;0;0;2414;0;0;95;0;200;0;
17105;5365051;1059401728;21790720;1200013312;0;0;0;0;0;0;0;0;0;0;0;2164;0;0;95;0;200;0;
17106;5628495;1059401728;21790720;1200013312;0;0;0;0;0;0;0;0;0;0;0;3095;0;0;95;0;200;0;
17107;5293267;1059401728;21790720;1200013312;0;0;0;0;0;0;0;0;0;0;0;2725;0;0;95;0;200;0;
17108;6166074;1059401728;21790720;1200013312;0;0;0;0;0;0;0;0;0;0;0;3106;0;0;95;0;200;0;
17109;7027590;1059401728;21790720;1200013312;0;0;0;0;0;0;0;0;0;0;0;2555;0;0;95;0;200;0;
17110;5127005;1059401728;21790720;1200013312;0;0;0;0;0;0;0;0;0;0;0;2435;0;0;95;0;200;0;
17111;6402227;1059401728;21790720;1200013312;0;0;0;0;0;0;0;0;0;0;0;2424;0;0;95;0;200;0;
17112;5349262;1059401728;21790720;1200013312;0;0;0;0;0;0;0;0;0;0;0;2946;0;0;95;0;200;0;
17113;6555885;1059401728;21790720;1200013312;0;0;0;0;0;0;0;0;0;0;0;3817;0;0;95;0;200;0;
17114;4123513;1059401728;21790720;1200013312;0;0;0;0;0;0;0;0;0;0;0;4919;0;0;95;0;200;0;
17115;7126966;1059401728;21790720;1200013312;0;0;0;0;0;0;0;0;0;0;0;2464;0;0;95;0;200;0;
17116;3846324;1059401728;21790720;1200013312;0;0;0;0;0;0;0;0;0;0;0;2304;0;0;95;0;200;0;
17117;6906622;1059401728;21790720;1200013312;0;0;0;0;0;0;0;0;0;0;0;4078;0;0;95;0;200;0;
17118;4588695;1059401728;21790720;1200013312;0;0;0;0;0;0;0;0;0;0;0;2725;0;0;95;0;200;0;
17119;6449876;1059401728;21790720;1200013312;0;0;0;0;0;0;0;0;0;0;0;2705;0;0;95;0;200;0;
17120;5091539;1059401728;21790720;1200013312;0;0;0;0;0;0;0;0;0;0;0;2906;0;0;95;0;200;0;
17121;5791512;1059401728;21790720;1200013312;0;0;0;0;0;0;0;0;0;0;0;2435;0;0;95;0;200;0;
17122;4353024;1059401728;21790720;1200013312;0;0;0;0;0;0;0;0;0;0;0;3357;0;0;95;0;200;0;
17123;5385009;1059401728;21790720;1200013312;0;0;0;0;0;0;0;0;0;0;0;1793;0;0;95;0;200;0;
17124;5128728;1059401728;21790720;1200013312;0;0;0;0;0;0;0;0;0;0;0;8737;0;0;95;0;200;0;
17125;7892271;1059401728;21790720;1200013312;0;0;0;0;0;0;0;0;0;0;0;3356;0;0;95;0;200;0;
17126;5131434;1059401728;21790720;1200013312;0;0;0;0;0;0;0;0;0;0;0;3176;0;0;95;0;200;0;
17127;7316962;1059401728;21790720;1200013312;0;0;0;0;0;0;0;0;0;0;0;2915;0;0;95;0;200;0;
17128;6195459;1059401728;21790720;1200013312;0;0;0;0;0;0;0;0;0;0;0;4539;0;0;95;0;200;0;
17129;7819104;1059401728;21790720;1200013312;0;0;0;0;0;0;0;0;0;0;0;4669;0;0;95;0;200;0;
17130;5629096;1059401728;21790720;1200013312;0;0;0;0;0;0;0;0;0;0;0;3377;0;0;95;0;200;0;
17131;8556647;1059401728;21790720;1200013312;0;0;0;0;0;0;0;0;0;0;0;4589;0;0;95;0;200;0;
17132;4670809;1059401728;21790720;1200013312;0;0;0;0;0;0;0;0;0;0;0;3908;0;0;95;0;200;0;
17133;7768059;1059401728;21790720;1200013312;0;0;0;0;0;0;0;0;0;0;0;3316;0;0;95;0;200;0;
17134;6089010;1059401728;21790720;1200013312;0;0;0;0;0;0;0;0;0;0;0;3006;0;0;95;0;200;0;
17135;5971008;1059401728;21790720;1200013312;0;0;0;0;0;0;0;0;0;0;0;2755;0;0;95;0;200;0;
17136;6127381;1059401728;21790720;1200013312;0;0;0;0;0;0;0;0;0;0;0;3887;0;0;95;0;200;0;
17137;6366740;1059401728;21790720;1200013312;0;0;0;0;0;0;0;0;0;0;0;3597;0;0;95;0;200;0;
17138;7238495;1059401728;21790720;1200013312;0;0;0;0;0;0;0;0;0;0;0;3236;0;0;95;0;200;0;
17139;6073951;1059401728;21790720;1200013312;0;0;0;0;0;0;0;0;0;0;0;3006;0;0;95;0;200;0;
17140;7036316;1059401728;21790720;1200013312;0;0;0;0;0;0;0;0;0;0;0;3216;0;0;95;0;200;0;
17141;6426011;1059401728;21790720;1200013312;0;0;0;0;0;0;0;0;0;0;0;2755;0;0;95;0;200;0;
17142;6338116;1059401728;21790720;1200013312;0;0;0;0;0;0;0;0;0;0;0;3897;0;0;95;0;200;0;
17143;7445544;1059401728;21790720;1200013312;0;0;0;0;0;0;0;0;0;0;0;3646;0;0;95;0;200;0;
17144;8075264;1059401728;21790720;1200013312;0;0;0;0;0;0;0;0;0;0;0;3506;0;0;95;0;200;0;
17145;7147114;1059401728;21790720;1200013312;0;0;0;0;0;0;0;0;0;0;0;3266;0;0;95;0;200;0;
17146;4768182;1059401728;21790720;1200013312;0;0;0;0;0;0;0;0;0;0;0;2625;0;0;95;0;200;0;
17147;8326515;1059401728;21790720;1200013312;0;0;0;0;0;0;0;0;0;0;0;2875;0;0;95;0;200;0;
17148;4797167;1059401728;21790720;1200013312;0;0;0;0;0;0;0;0;0;0;0;3246;0;0;95;0;200;0;
17149;7528198;1059401728;21790720;1200013312;0;0;0;0;0;0;0;0;0;0;0;2625;0;0;95;0;200;0;
17150;7468767;1059401728;21790720;1200013312;0;0;0;0;0;0;0;0;0;0;0;3837;0;0;95;0;200;0;
17151;8018238;1059401728;21790720;1200013312;0;0;0;0;0;0;0;0;0;0;0;3627;0;0;95;0;200;0;
17152;4484129;1059401728;21790720;1200013312;0;0;0;0;0;0;0;0;0;0;0;3065;0;0;95;0;200;0;
17153;5984623;1059401728;21790720;1200013312;0;0;0;0;0;0;0;0;0;0;0;2394;0;0;95;0;200;0;
17154;5749493;1059401728;21790720;1200013312;0;0;0;0;0;0;0;0;0;0;0;3656;0;0;95;0;200;0;
17155;7471292;1059401728;21790720;1200013312;0;0;0;0;0;0;0;0;0;0;0;2604;0;0;95;0;200;0;
17156;4526509;1059401728;21790720;1200013312;0;0;0;0;0;0;0;0;0;0;0;4298;0;0;95;0;200;0;
17157;5981107;1059401728;21790720;1200013312;0;0;0;0;0;0;0;0;0;0;0;2084;0;0;95;0;200;0;
17158;5382624;1059401728;21790720;1200013312;0;0;0;0;0;0;0;0;0;0;0;2856;0;0;95;0;200;0;
17159;6458332;1059401728;21790720;1200013312;0;0;0;0;0;0;0;0;0;0;0;2926;0;0;95;0;200;0;
17160;5844541;1059401728;21790720;1200013312;0;0;0;0;0;0;0;0;0;0;0;3757;0;0;95;0;200;0;
17161;6225255;1059401728;21790720;1200013312;0;0;0;0;0;0;0;0;0;0;0;2484;0;0;95;0;200;0;
17162;4870874;1059401728;21790720;1200013312;0;0;0;0;0;0;0;0;0;0;0;3156;0;0;95;0;200;0;
17163;9180316;1059401728;21790720;1200013312;0;0;0;0;0;0;0;0;0;0;0;2535;0;0;95;0;200;0;
17164;6051408;1059401728;21790720;1200013312;0;0;0;0;0;0;0;0;0;0;0;4378;0;0;95;0;200;0;
17165;8135076;1059401728;21790720;1200013312;0;0;0;0;0;0;0;0;0;0;0;3206;0;0;95;0;200;0;
17166;4472087;1059401728;21790720;1200013312;0;0;0;0;0;0;0;0;0;0;0;2865;0;0;95;0;200;0;
17167;8268095;1059401728;21790720;1200013312;0;0;0;0;0;0;0;0;0;0;0;2675;0;0;95;0;200;0;
17168;8573759;1059401728;21790720;1200013312;0;0;0;0;0;0;0;0;0;0;0;4228;0;0;95;0;200;0;
17169;10045088;1059401728;21790720;1200013312;0;0;0;0;0;0;0;0;0;0;0;3176;0;0;95;0;200;0;
17170;6453603;1059401728;21790720;1200013312;0;0;0;0;0;0;0;0;0;0;0;3927;0;0;95;0;200;0;
17171;8532521;1059401728;21790720;1200013312;0;0;0;0;0;0;0;0;0;0;0;7644;0;0;95;0;200;0;
17172;3591465;1059401728;21790720;1200013312;0;0;0;0;0;0;0;0;0;0;0;4077;0;0;95;0;200;0;
17173;9625371;1059401728;21790720;1200013312;0;0;0;0;0;0;0;0;0;0;0;4088;0;0;95;0;200;0;
17174;7347410;1059401728;21790720;1200013312;0;0;0;0;0;0;0;0;0;0;0;3977;0;0;95;0;200;0;
17175;9362689;1059401728;21790720;1200013312;0;0;0;0;0;0;0;0;0;0;0;3457;0;0;95;0;200;0;
17176;6047251;1059401728;21790720;1200013312;0;0;0;0;0;0;0;0;0;0;0;3466;0;0;95;0;200;0;
17177;8457211;1059401728;21790720;1200013312;0;0;0;0;0;0;0;0;0;0;0;4569;0;0;95;0;200;0;
17178;7148476;1059401728;21790720;1200013312;0;0;0;0;0;0;0;0;0;0;0;3186;0;0;95;0;200;0;
17179;10322890;1059401728;21790720;1200013312;0;0;0;0;0;0;0;0;0;0;0;3847;0;0;95;0;200;0;
17180;4624743;1059401728;21790720;1200013312;0;0;0;0;0;0;0;0;0;0;0;3747;0;0;95;0;200;0;
17181;8869494;1059401728;21790720;1200013312;0;0;0;0;0;0;0;0;0;0;0;4338;0;0;95;0;200;0;
17182;5410878;1059401728;21790720;1200013312;0;0;0;0;0;0;0;0;0;0;0;4588;0;0;95;0;200;0;
17183;8626378;1059401728;21790720;1200013312;0;0;0;0;0;0;0;0;0;0;0;4077;0;0;95;0;200;0;
17184;8031081;1059401728;21790720;1200013312;0;0;0;0;0;0;0;0;0;0;0;3677;0;0;95;0;200;0;
17185;11036719;1059401728;21790720;1200013312;0;0;0;0;0;0;0;0;0;0;0;3226;0;0;95;0;200;0;
17186;4776057;1059401728;21790720;1200013312;0;0;0;0;0;0;0;0;0;0;0;3326;0;0;95;0;200;0;
17187;8055026;1059401728;21790720;1200013312;0;0;0;0;0;0;0;0;0;0;0;4218;0;0;95;0;200;0;
17188;6271231;1059401728;21790720;1200013312;0;0;0;0;0;0;0;0;0;0;0;3256;0;0;95;0;200;0;
17189;9913011;1059401728;21790720;1200013312;0;0;0;0;0;0;0;0;0;0;0;4148;0;0;95;0;200;0;
17190;10304475;1059401728;21790720;1200013312;0;0;0;0;0;0;0;0;0;0;0;3456;0;0;95;0;200;0;
17191;9886611;1059401728;21790720;1200013312;0;0;0;0;0;0;0;0;0;0;0;4359;0;0;95;0;200;0;
17192;4481305;1059401728;21790720;1200013312;0;0;0;0;0;0;0;0;0;0;0;3086;0;0;95;0;200;0;
17193;7575387;1059401728;21790720;1200013312;0;0;0;0;0;0;0;0;0;0;0;3877;0;0;95;0;200;0;
17194;6784794;1059401728;21790720;1200013312;0;0;0;0;0;0;0;0;0;0;0;4658;0;0;95;0;200;0;
17195;9900377;1059401728;21790720;1200013312;0;0;0;0;0;0;0;0;0;0;0;4509;0;0;95;0;200;0;
17196;5062805;1059401728;21790720;1200013312;0;0;0;0;0;0;0;0;0;0;0;4268;0;0;95;0;200;0;
17197;9040785;1059401728;21790720;1200013312;0;0;0;0;0;0;0;0;0;0;0;3587;0;0;95;0;200;0;
17198;4466326;1059401728;21790720;1200013312;0;0;0;0;0;0;0;0;0;0;0;3727;0;0;95;0;200;0;
17199;7687537;1059401728;21790720;1200013312;0;0;0;0;0;0;0;0;0;0;0;3737;0;0;95;0;200;0;
17200;5734033;1059401728;21790720;1200013312;0;0;0;0;0;0;0;0;0;0;0;3085;0;0;95;0;200;0;
17201;6206680;1059401728;21790720;1200013312;0;0;0;0;0;0;0;0;0;0;0;2776;0;0;95;0;200;0;
17202;7549608;1059401728;21790720;1200013312;0;0;0;0;0;0;0;0;0;0;0;3987;0;0;95;0;200;0;
17203;7932556;1059401728;21790720;1200013312;0;0;0;0;0;0;0;0;0;0;0;4389;0;0;95;0;200;0;
17204;6044896;1059401728;21790720;1200013312;0;0;0;0;0;0;0;0;0;0;0;4729;0;0;95;0;200;0;
17205;9462356;1059401728;21790720;1200013312;0;0;0;0;0;0;0;0;0;0;0;4118;0;0;95;0;200;0;
17206;5532746;1059401728;21790720;1200013312;0;0;0;0;0;0;0;0;0;0;0;3046;0;0;95;0;200;0;
17207;8837554;1059401728;21790720;1200013312;0;0;0;0;0;0;0;0;0;0;0;2915;0;0;95;0;200;0;
17208;5080728;1059401728;21790720;1200013312;0;0;0;0;0;0;0;0;0;0;0;3266;0;0;95;0;200;0;
17209;7847708;1059401728;21790720;1200013312;0;0;0;0;0;0;0;0;0;0;0;3156;0;0;95;0;200;0;
17210;4924886;1059401728;21790720;1200013312;0;0;0;0;0;0;0;0;0;0;0;3376;0;0;95;0;200;0;
17211;8657997;1059401728;21790720;1200013312;0;0;0;0;0;0;0;0;0;0;0;4288;0;0;95;0;200;0;
17212;4718790;1059401728;21790720;1200013312;0;0;0;0;0;0;0;0;0;0;0;2474;0;0;95;0;200;0;
17213;8255252;1059401728;21790720;1200013312;0;0;0;0;0;0;0;0;0;0;0;2935;0;0;95;0;200;0;
17214;6558229;1059401728;21790720;1200013312;0;0;0;0;0;0;0;0;0;0;0;3767;0;0;95;0;200;0;
17215;7435304;1059401728;21790720;1200013312;0;0;0;0;0;0;0;0;0;0;0;3617;0;0;95;0;200;0;
17216;8386628;1059401728;21790720;1200013312;0;0;0;0;0;0;0;0;0;0;0;3687;0;0;95;0;200;0;
17217;7872184;1059401728;21790720;1200013312;0;0;0;0;0;0;0;0;0;0;0;3647;0;0;95;0;200;0;
17218;7263902;1059401728;21790720;1200013312;0;0;0;0;0;0;0;0;0;0;0;3998;0;0;95;0;200;0;
17219;5638074;1059401728;21790720;1200013312;0;0;0;0;0;0;0;0;0;0;0;3286;0;0;95;0;200;0;
17220;6855146;1059401728;21790720;1200013312;0;0;0;0;0;0;0;0;0;0;0;3737;0;0;95;0;200;0;
17221;11875552;1059401728;21790720;1200013312;0;0;0;0;0;0;0;0;0;0;0;2926;0;0;95;0;200;0;
17222;7730127;1059401728;21790720;1200013312;0;0;0;0;0;0;0;0;0;0;0;3917;0;0;95;0;200;0;
17223;8265721;1059401728;21790720;1200013312;0;0;0;0;0;0;0;0;0;0;0;4409;0;0;95;0;200;0;
17224;6417706;1059401728;21790720;1200013312;0;0;0;0;0;0;0;0;0;0;0;4870;0;0;95;0;200;0;
17225;8645233;1059401728;21790720;1200013312;0;0;0;0;0;0;0;0;0;0;0;4028;0;0;95;0;200;0;
17226;7394728;1059401728;21790720;1200013312;0;0;0;0;0;0;0;0;0;0;0;3887;0;0;95;0;200;0;
17227;7588361;1059401728;21790720;1200013312;0;0;0;0;0;0;0;0;0;0;0;2604;0;0;95;0;200;0;
17228;4552157;1059401728;21790720;1200013312;0;0;0;0;0;0;0;0;0;0;0;5230;0;0;95;0;200;0;
17229;8570032;1059401728;21790720;1200013312;0;0;0;0;0;0;0;0;0;0;0;4659;0;0;95;0;200;0;
17230;6873290;1059401728;21790720;1200013312;0;0;0;0;0;0;0;0;0;0;0;3536;0;0;95;0;200;0;
17231;9553236;1059401728;21790720;1200013312;0;0;0;0;0;0;0;0;0;0;0;5661;0;0;95;0;200;0;
17232;3946472;1059401728;21790720;1200013312;0;0;0;0;0;0;0;0;0;0;0;4278;0;0;95;0;200;0;
17233;8624745;1059401728;21790720;1200013312;0;0;0;0;0;0;0;0;0;0;0;3437;0;0;95;0;200;0;
17234;5558584;1059401728;21790720;1200013312;0;0;0;0;0;0;0;0;0;0;0;3456;0;0;95;0;200;0;
17235;8045588;1059401728;21790720;1200013312;0;0;0;0;0;0;0;0;0;0;0;2786;0;0;95;0;200;0;
17236;6661563;1059401728;21790720;1200013312;0;0;0;0;0;0;0;0;0;0;0;4037;0;0;95;0;200;0;
17237;7278430;1059401728;21790720;1200013312;0;0;0;0;0;0;0;0;0;0;0;2505;0;0;95;0;200;0;
17238;5952874;1059401728;21790720;1200013312;0;0;0;0;0;0;0;0;0;0;0;3406;0;0;95;0;200;0;
17239;6831712;1059401728;21790720;1200013312;0;0;0;0;0;0;0;0;0;0;0;2605;0;0;95;0;200;0;
17240;6153450;1059401728;21790720;1200013312;0;0;0;0;0;0;0;0;0;0;0;5019;0;0;95;0;200;0;
17241;7292136;1059401728;21790720;1200013312;0;0;0;0;0;0;0;0;0;0;0;2635;0;0;95;0;200;0;
17242;5496067;1059401728;21790720;1200013312;0;0;0;0;0;0;0;0;0;0;0;4589;0;0;95;0;200;0;
17243;6849957;1059401728;21790720;1200013312;0;0;0;0;0;0;0;0;0;0;0;3005;0;0;95;0;200;0;
17244;6044697;1059401728;21790720;1200013312;0;0;0;0;0;0;0;0;0;0;0;4148;0;0;95;0;200;0;
17245;6448984;1059401728;21790720;1200013312;0;0;0;0;0;0;0;0;0;0;0;3526;0;0;95;0;200;0;
17246;6244190;1059401728;21790720;1200013312;0;0;0;0;0;0;0;0;0;0;0;3046;0;0;95;0;200;0;
17247;7130422;1059401728;21790720;1200013312;0;0;0;0;0;0;0;0;0;0;0;3968;0;0;95;0;200;0;
17248;5039651;1059401728;21790720;1200013312;0;0;0;0;0;0;0;0;0;0;0;3797;0;0;95;0;200;0;
17249;8412406;1059401728;21790720;1200013312;0;0;0;0;0;0;0;0;0;0;0;2805;0;0;95;0;200;0;
17250;4460004;1059401728;21790720;1200013312;0;0;0;0;0;0;0;0;0;0;0;3286;0;0;95;0;200;0;
17251;8622521;1059401728;21790720;1200013312;0;0;0;0;0;0;0;0;0;0;0;3837;0;0;95;0;200;0;
17252;4361489;1059401728;21790720;1200013312;0;0;0;0;0;0;0;0;0;0;0;3607;0;0;95;0;200;0;
17253;8737646;1059401728;21790720;1200013312;0;0;0;0;0;0;0;0;0;0;0;3838;0;0;95;0;200;0;
17254;5638575;1059401728;21790720;1200013312;0;0;0;0;0;0;0;0;0;0;0;3917;0;0;95;0;200;0;
17255;7842889;1059401728;21790720;1200013312;0;0;0;0;0;0;0;0;0;0;0;3317;0;0;95;0;200;0;
17256;4163679;1059401728;21790720;1200013312;0;0;0;0;0;0;0;0;0;0;0;4599;0;0;95;0;200;0;
17257;9735527;1059401728;21790720;1200013312;0;0;0;0;0;0;0;0;0;0;0;4809;0;0;95;0;200;0;
17258;3575175;1059401728;21790720;1200013312;0;0;0;0;0;0;0;0;0;0;0;4128;0;0;95;0;200;0;
17259;9359903;1059401728;21790720;1200013312;0;0;0;0;0;0;0;0;0;0;0;3536;0;0;95;0;200;0;
17260;3176156;1059401728;21790720;1200013312;0;0;0;0;0;0;0;0;0;0;0;2996;0;0;95;0;200;0;
17261;9025687;1059401728;21790720;1200013312;0;0;0;0;0;0;0;0;0;0;0;3606;0;0;95;0;200;0;
17262;4617650;1059401728;21790720;1200013312;0;0;0;0;0;0;0;0;0;0;0;3506;0;0;95;0;200;0;
17263;7176789;1059401728;21790720;1200013312;0;0;0;0;0;0;0;0;0;0;0;3988;0;0;95;0;200;0;
17264;5339714;1059401728;21790720;1200013312;0;0;0;0;0;0;0;0;0;0;0;3256;0;0;95;0;200;0;
17265;4497615;1059401728;21790720;1200013312;0;0;0;0;0;0;0;0;0;0;0;1694;0;0;95;0;200;0;
17266;6969861;1059401728;21790720;1200013312;0;0;0;0;0;0;0;0;0;0;0;3607;0;0;95;0;200;0;
17267;7558024;1059401728;21790720;1200013312;0;0;0;0;0;0;0;0;0;0;0;3266;0;0;95;0;200;0;
17268;3735195;1059401728;21790720;1200013312;0;0;0;0;0;0;0;0;0;0;0;4599;0;0;95;0;200;0;
17269;7885288;1059401728;21790720;1200013312;0;0;0;0;0;0;0;0;0;0;0;2825;0;0;95;0;200;0;
17270;5201164;1059401728;21790720;1200013312;0;0;0;0;0;0;0;0;0;0;0;4478;0;0;95;0;200;0;
17271;7371254;1059401728;21790720;1200013312;0;0;0;0;0;0;0;0;0;0;0;2655;0;0;95;0;200;0;
17272;4998745;1059401728;21790720;1200013312;0;0;0;0;0;0;0;0;0;0;0;3346;0;0;95;0;200;0;
17273;8556977;1059401728;21790720;1200013312;0;0;0;0;0;0;0;0;0;0;0;4408;0;0;95;0;200;0;
17274;5071040;1059401728;21790720;1200013312;0;0;0;0;0;0;0;0;0;0;0;3076;0;0;95;0;200;0;
17275;7530021;1059401728;21790720;1200013312;0;0;0;0;0;0;0;0;0;0;0;3266;0;0;95;0;200;0;
17276;5407020;1059401728;21790720;1200013312;0;0;0;0;0;0;0;0;0;0;0;2655;0;0;95;0;200;0;
17277;8506673;1059401728;21790720;1200013312;0;0;0;0;0;0;0;0;0;0;0;3366;0;0;95;0;200;0;
17278;3852064;1059401728;21790720;1200013312;0;0;0;0;0;0;0;0;0;0;0;3377;0;0;95;0;200;0;
17279;6744108;1059401728;21790720;1200013312;0;0;0;0;0;0;0;0;0;0;0;2585;0;0;95;0;200;0;
17280;4105840;1059401728;21790720;1200013312;0;0;0;0;0;0;0;0;0;0;0;3296;0;0;95;0;200;0;
17281;6506242;1059401728;21790720;1200013312;0;0;0;0;0;0;0;0;0;0;0;3066;0;0;95;0;200;0;
17282;4014359;1059401728;21790720;1200013312;0;0;0;0;0;0;0;0;0;0;0;3246;0;0;95;0;200;0;
17283;7611134;1059401728;21790720;1200013312;0;0;0;0;0;0;0;0;0;0;0;3867;0;0;95;0;200;0;
17284;4337865;1059401728;21790720;1200013312;0;0;0;0;0;0;0;0;0;0;0;3016;0;0;95;0;200;0;
17285;6263717;1059401728;21790720;1200013312;0;0;0;0;0;0;0;0;0;0;0;3877;0;0;95;0;200;0;
17286;4476134;1059401728;21790720;1200013312;0;0;0;0;0;0;0;0;0;0;0;2635;0;0;95;0;200;0;
17287;6222700;1059401728;21790720;1200013312;0;0;0;0;0;0;0;0;0;0;0;3697;0;0;95;0;200;0;
17288;5772416;1059401728;21790720;1200013312;0;0;0;0;0;0;0;0;0;0;0;3416;0;0;95;0;200;0;
17289;6036480;1059401728;21790720;1200013312;0;0;0;0;0;0;0;0;0;0;0;2916;0;0;95;0;200;0;
17290;4783781;1059401728;21790720;1200013312;0;0;0;0;0;0;0;0;0;0;0;3156;0;0;95;0;200;0;
17291;7026938;1059401728;21790720;1200013312;0;0;0;0;0;0;0;0;0;0;0;2916;0;0;95;0;200;0;
17292;5283950;1059401728;21790720;1200013312;0;0;0;0;0;0;0;0;0;0;0;4168;0;0;95;0;200;0;
17293;7099584;1059401728;21790720;1200013312;0;0;0;0;0;0;0;0;0;0;0;5690;0;0;95;0;200;0;
17294;4288543;1059401728;21790720;1200013312;0;0;0;0;0;0;0;0;0;0;0;3957;0;0;95;0;200;0;
17295;7281726;1059401728;21790720;1200013312;0;0;0;0;0;0;0;0;0;0;0;3216;0;0;95;0;200;0;
17296;4844736;1059401728;21790720;1200013312;0;0;0;0;0;0;0;0;0;0;0;4077;0;0;95;0;200;0;
17297;7884647;1059401728;21790720;1200013312;0;0;0;0;0;0;0;0;0;0;0;3306;0;0;95;0;200;0;
17298;7681626;1059401728;21790720;1200013312;0;0;0;0;0;0;0;0;0;0;0;5530;0;0;95;0;200;0;
17299;7604221;1059401728;21790720;1200013312;0;0;0;0;0;0;0;0;0;0;0;2946;0;0;95;0;200;0;
17300;5102018;1059401728;21790720;1200013312;0;0;0;0;0;0;0;0;0;0;0;4208;0;0;95;0;200;0;
17301;7257831;1059401728;21790720;1200013312;0;0;0;0;0;0;0;0;0;0;0;3296;0;0;95;0;200;0;
17302;6329981;1059401728;21790720;1200013312;0;0;0;0;0;0;0;0;0;0;0;2605;0;0;95;0;200;0;
17303;7967712;1059401728;21790720;1200013312;0;0;0;0;0;0;0;0;0;0;0;4097;0;0;95;0;200;0;
17304;5626752;1059401728;21790720;1200013312;0;0;0;0;0;0;0;0;0;0;0;33343;0;0;95;0;200;0;
17305;7894906;1059401728;21790720;1200013312;0;0;0;0;0;0;0;0;0;0;0;2675;0;0;95;0;200;0;
17306;4009599;1059401728;21790720;1200013312;0;0;0;0;0;0;0;0;0;0;0;4198;0;0;95;0;200;0;
17307;7896098;1059401728;21790720;1200013312;0;0;0;0;0;0;0;0;0;0;0;3016;0;0;95;0;200;0;
17308;5766714;1059401728;21790720;1200013312;0;0;0;0;0;0;0;0;0;0;0;4108;0;0;95;0;200;0;
17309;7555690;1059401728;21790720;1200013312;0;0;0;0;0;0;0;0;0;0;0;3477;0;0;95;0;200;0;
17310;4716896;1059401728;21790720;1200013312;0;0;0;0;0;0;0;0;0;0;0;2966;0;0;95;0;200;0;
17311;8289617;1059401728;21790720;1200013312;0;0;0;0;0;0;0;0;0;0;0;3556;0;0;95;0;200;0;
17312;5516766;1059401728;21790720;1200013312;0;0;0;0;0;0;0;0;0;0;0;3567;0;0;95;0;200;0;
17313;8359266;1059401728;21790720;1200013312;0;0;0;0;0;0;0;0;0;0;0;3296;0;0;95;0;200;0;
17314;5004916;1059401728;21790720;1200013312;0;0;0;0;0;0;0;0;0;0;0;4448;0;0;95;0;200;0;
17315;8282804;1059401728;21790720;1200013312;0;0;0;0;0;0;0;0;0;0;0;3808;0;0;95;0;200;0;
17316;6284176;1059401728;21790720;1200013312;0;0;0;0;0;0;0;0;0;0;0;3777;0;0;95;0;200;0;
17317;8461268;1059401728;21790720;1200013312;0;0;0;0;0;0;0;0;0;0;0;3737;0;0;95;0;200;0;
17318;7748041;1059401728;21790720;1200013312;0;0;0;0;0;0;0;0;0;0;0;3997;0;0;95;0;200;0;
17319;8092407;1059401728;21790720;1200013312;0;0;0;0;0;0;0;0;0;0;0;4188;0;0;95;0;200;0;
17320;4548379;1059401728;21790720;1200013312;0;0;0;0;0;0;0;0;0;0;0;4749;0;0;95;0;200;0;
17321;9042438;1059401728;21790720;1200013312;0;0;0;0;0;0;0;0;0;0;0;4559;0;0;95;0;200;0;
17322;5900265;1059401728;21790720;1200013312;0;0;0;0;0;0;0;0;0;0;0;3516;0;0;95;0;200;0;
17323;8603395;1059401728;21790720;1200013312;0;0;0;0;0;0;0;0;0;0;0;3827;0;0;95;0;200;0;
17324;5828881;1059401728;21790720;1200013312;0;0;0;0;0;0;0;0;0;0;0;4158;0;0;95;0;200;0;
17325;7686976;1059401728;21790720;1200013312;0;0;0;0;0;0;0;0;0;0;0;4027;0;0;95;0;200;0;
17326;8737727;1059401728;21790720;1200013312;0;0;0;0;0;0;0;0;0;0;0;5510;0;0;95;0;200;0;
17327;8359567;1059401728;21790720;1200013312;0;0;0;0;0;0;0;0;0;0;0;3426;0;0;95;0;200;0;
17328;6348335;1059401728;21790720;1200013312;0;0;0;0;0;0;0;0;0;0;0;3115;0;0;95;0;200;0;
17329;8049115;1059401728;21790720;1200013312;0;0;0;0;0;0;0;0;0;0;0;3607;0;0;95;0;200;0;
17330;7539099;1059401728;21790720;1200013312;0;0;0;0;0;0;0;0;0;0;0;2785;0;0;95;0;200;0;
17331;7586808;1059401728;21790720;1200013312;0;0;0;0;0;0;0;0;0;0;0;2835;0;0;95;0;200;0;
17332;5743251;1059401728;21798912;1200021504;0;0;0;0;0;0;0;0;0;0;0;3466;0;0;95;0;200;0;
17333;9202659;1059401728;21798912;1200021504;0;0;0;0;0;0;0;0;0;0;0;3216;0;0;95;0;200;0;
17334;5704207;1059401728;21798912;1200021504;0;0;0;0;0;0;0;0;0;0;0;2985;0;0;95;0;200;0;
17335;10078571;1059401728;21798912;1200021504;0;0;0;0;0;0;0;0;0;0;0;3376;0;0;95;0;200;0;
17336;6116381;1059401728;21798912;1200021504;0;0;0;0;0;0;0;0;0;0;0;3596;0;0;95;0;200;0;
17337;8126851;1059401728;21798912;1200021504;0;0;0;0;0;0;0;0;0;0;0;3757;0;0;95;0;200;0;
17338;7271537;1059401728;21790720;1200013312;0;0;0;0;0;0;0;0;0;0;0;3737;0;0;95;0;200;0;
17339;7902921;1059401728;21790720;1200013312;0;0;0;0;0;0;0;0;0;0;0;4037;0;0;95;0;200;0;
17340;10580031;1059401728;21790720;1200013312;0;0;0;0;0;0;0;0;0;0;0;3987;0;0;95;0;200;0;
17341;11225232;1059401728;21790720;1200013312;0;0;0;0;0;0;0;0;0;0;0;3577;0;0;95;0;200;0;
17342;6733087;1059401728;21790720;1200013312;0;0;0;0;0;0;0;0;0;0;0;3727;0;0;95;0;200;0;
17343;7387835;1059401728;21790720;1200013312;0;0;0;0;0;0;0;0;0;0;0;3556;0;0;95;0;200;0;
17344;6415712;1059401728;21790720;1200013312;0;0;0;0;0;0;0;0;0;0;0;3125;0;0;95;0;200;0;
17345;5688728;1059401728;21790720;1200013312;0;0;0;0;0;0;0;0;0;0;0;2675;0;0;95;0;200;0;
17346;7326220;1059401728;21790720;1200013312;0;0;0;0;0;0;0;0;0;0;0;4178;0;0;95;0;200;0;
17347;10648721;1059401728;21790720;1200013312;0;0;0;0;0;0;0;0;0;0;0;3878;0;0;95;0;200;0;
17348;6893448;1059401728;21790720;1200013312;0;0;0;0;0;0;0;0;0;0;0;2986;0;0;95;0;200;0;
17349;9560650;1059401728;21790720;1200013312;0;0;0;0;0;0;0;0;0;0;0;3417;0;0;95;0;200;0;
17350;7302725;1059401728;21790720;1200013312;0;0;0;0;0;0;0;0;0;0;0;3286;0;0;95;0;200;0;
17351;8825481;1059401728;21790720;1200013312;0;0;0;0;0;0;0;0;0;0;0;3787;0;0;95;0;200;0;
17352;5380972;1059401728;21790720;1200013312;0;0;0;0;0;0;0;0;0;0;0;3958;0;0;95;0;200;0;
17353;8375457;1059401728;21790720;1200013312;0;0;0;0;0;0;0;0;0;0;0;3026;0;0;95;0;200;0;
17354;6889290;1059401728;21790720;1200013312;0;0;0;0;0;0;0;0;0;0;0;3987;0;0;95;0;200;0;
17355;7802142;1059401728;21790720;1200013312;0;0;0;0;0;0;0;0;0;0;0;3136;0;0;95;0;200;0;
17356;5364941;1059401728;21790720;1200013312;0;0;0;0;0;0;0;0;0;0;0;3516;0;0;95;0;200;0;
17357;10462932;1059401728;21790720;1200013312;0;0;0;0;0;0;0;0;0;0;0;4318;0;0;95;0;200;0;
17358;4229932;1059401728;21790720;1200013312;0;0;0;0;0;0;0;0;0;0;0;3236;0;0;95;0;200;0;
17359;8123455;1059401728;21790720;1200013312;0;0;0;0;0;0;0;0;0;0;0;3426;0;0;95;0;200;0;
17360;4407325;1059401728;21790720;1200013312;0;0;0;0;0;0;0;0;0;0;0;3136;0;0;95;0;200;0;
17361;8192855;1059401728;21790720;1200013312;0;0;0;0;0;0;0;0;0;0;0;5471;0;0;95;0;200;0;
17362;5034742;1059401728;21790720;1200013312;0;0;0;0;0;0;0;0;0;0;0;4308;0;0;95;0;200;0;
17363;8928465;1059401728;21790720;1200013312;0;0;0;0;0;0;0;0;0;0;0;3166;0;0;95;0;200;0;
17364;3971498;1059401728;21790720;1200013312;0;0;0;0;0;0;0;0;0;0;0;4649;0;0;95;0;200;0;
17365;7062816;1059401728;21790720;1200013312;0;0;0;0;0;0;0;0;0;0;0;2816;0;0;95;0;200;0;
17366;11406792;1059401728;21790720;1200013312;0;0;0;0;0;0;0;0;0;0;0;3186;0;0;95;0;200;0;
17367;10065496;1059401728;21790720;1200013312;0;0;0;0;0;0;0;0;0;0;0;2254;0;0;95;0;200;0;
17368;4753034;1059401728;21790720;1200013312;0;0;0;0;0;0;0;0;0;0;0;3636;0;0;95;0;200;0;
17369;7835805;1059401728;21790720;1200013312;0;0;0;0;0;0;0;0;0;0;0;3818;0;0;95;0;200;0;
17370;7378999;1059401728;21790720;1200013312;0;0;0;0;0;0;0;0;0;0;0;2996;0;0;95;0;200;0;
17371;6526459;1059401728;21790720;1200013312;0;0;0;0;0;0;0;0;0;0;0;3046;0;0;95;0;200;0;
17372;7216944;1059401728;21790720;1200013312;0;0;0;0;0;0;0;0;0;0;0;3567;0;0;95;0;200;0;
17373;8769055;1059401728;21790720;1200013312;0;0;0;0;0;0;0;0;0;0;0;3216;0;0;95;0;200;0;
17374;9554208;1059401728;21790720;1200013312;0;0;0;0;0;0;0;0;0;0;0;3417;0;0;95;0;200;0;
17375;7399026;1059401728;21790720;1200013312;0;0;0;0;0;0;0;0;0;0;0;5120;0;0;95;0;200;0;
17376;7960950;1059401728;21790720;1200013312;0;0;0;0;0;0;0;0;0;0;0;5229;0;0;95;0;200;0;
17377;9259566;1059401728;21790720;1200013312;0;0;0;0;0;0;0;0;0;0;0;77515;0;0;95;0;200;0;
17378;7493493;1059401728;21790720;1200013312;0;0;0;0;0;0;0;0;0;0;0;4208;0;0;95;0;200;0;
17379;7511337;1059401728;21790720;1200013312;0;0;0;0;0;0;0;0;0;0;0;4598;0;0;95;0;200;0;
17380;4955403;1059401728;21790720;1200013312;0;0;0;0;0;0;0;0;0;0;0;4428;0;0;95;0;200;0;
17381;9714137;1059401728;21790720;1200013312;0;0;0;0;0;0;0;0;0;0;0;4538;0;0;95;0;200;0;
17382;4729379;1059401728;21790720;1200013312;0;0;0;0;0;0;0;0;0;0;0;4178;0;0;95;0;200;0;
17383;9457216;1059401728;21790720;1200013312;0;0;0;0;0;0;0;0;0;0;0;4268;0;0;95;0;200;0;
17384;4350138;1059401728;21790720;1200013312;0;0;0;0;0;0;0;0;0;0;0;2455;0;0;95;0;200;0;
17385;8321175;1059401728;21790720;1200013312;0;0;0;0;0;0;0;0;0;0;0;3456;0;0;95;0;200;0;
17386;5965086;1059401728;21790720;1200013312;0;0;0;0;0;0;0;0;0;0;0;4558;0;0;95;0;200;0;
17387;8069994;1059401728;21790720;1200013312;0;0;0;0;0;0;0;0;0;0;0;2785;0;0;95;0;200;0;
17388;7385390;1059401728;21790720;1200013312;0;0;0;0;0;0;0;0;0;0;0;3507;0;0;95;0;200;0;
17389;5896348;1059401728;21790720;1200013312;0;0;0;0;0;0;0;0;0;0;0;3326;0;0;95;0;200;0;
17390;8195219;1059401728;21790720;1200013312;0;0;0;0;0;0;0;0;0;0;0;3446;0;0;95;0;200;0;
17391;6849105;1059401728;21790720;1200013312;0;0;0;0;0;0;0;0;0;0;0;2915;0;0;95;0;200;0;
17392;5940150;1059401728;21790720;1200013312;0;0;0;0;0;0;0;0;0;0;0;3246;0;0;95;0;200;0;
17393;6356251;1059401728;21790720;1200013312;0;0;0;0;0;0;0;0;0;0;0;3146;0;0;95;0;200;0;
17394;8723349;1059401728;21790720;1200013312;0;0;0;0;0;0;0;0;0;0;0;3146;0;0;95;0;200;0;
17395;7708436;1059401728;21790720;1200013312;0;0;0;0;0;0;0;0;0;0;0;2805;0;0;95;0;200;0;
17396;7704289;1059401728;21790720;1200013312;0;0;0;0;0;0;0;0;0;0;0;3947;0;0;95;0;200;0;
17397;7237053;1059401728;21790720;1200013312;0;0;0;0;0;0;0;0;0;0;0;3387;0;0;95;0;200;0;
17398;8685969;1059401728;21790720;1200013312;0;0;0;0;0;0;0;0;0;0;0;3536;0;0;95;0;200;0;
17399;6627649;1059401728;21790720;1200013312;0;0;0;0;0;0;0;0;0;0;0;3557;0;0;95;0;200;0;
17400;7009796;1059401728;21790720;1200013312;0;0;0;0;0;0;0;0;0;0;0;3997;0;0;95;0;200;0;
17401;6660351;1059401728;21790720;1200013312;0;0;0;0;0;0;0;0;0;0;0;3536;0;0;95;0;200;0;
17402;5453287;1059401728;21790720;1200013312;0;0;0;0;0;0;0;0;0;0;0;4448;0;0;95;0;200;0;
17403;8012206;1059401728;21790720;1200013312;0;0;0;0;0;0;0;0;0;0;0;4799;0;0;95;0;200;0;
17404;7264543;1059401728;21790720;1200013312;0;0;0;0;0;0;0;0;0;0;0;4709;0;0;95;0;200;0;
17405;7500416;1059401728;21790720;1200013312;0;0;0;0;0;0;0;0;0;0;0;5160;0;0;95;0;200;0;
17406;5837938;1059401728;21790720;1200013312;0;0;0;0;0;0;0;0;0;0;0;4208;0;0;95;0;200;0;
17407;7604561;1059401728;21790720;1200013312;0;0;0;0;0;0;0;0;0;0;0;3276;0;0;95;0;200;0;
17408;5775201;1059401728;21790720;1200013312;0;0;0;0;0;0;0;0;0;0;0;3928;0;0;95;0;200;0;
17409;8492156;1059401728;21790720;1200013312;0;0;0;0;0;0;0;0;0;0;0;3416;0;0;95;0;200;0;
17410;5023561;1059401728;21790720;1200013312;0;0;0;0;0;0;0;0;0;0;0;4378;0;0;95;0;200;0;
17411;7314388;1059401728;21790720;1200013312;0;0;0;0;0;0;0;0;0;0;0;3547;0;0;95;0;200;0;
17412;5094635;1059401728;21790720;1200013312;0;0;0;0;0;0;0;0;0;0;0;10780;0;0;95;0;200;0;
17413;7545991;1059401728;21790720;1200013312;0;0;0;0;0;0;0;0;0;0;0;11141;0;0;95;0;200;0;
17414;4845798;1059401728;21790720;1200013312;0;0;0;0;0;0;0;0;0;0;0;2945;0;0;95;0;200;0;
17415;8870065;1059401728;21790720;1200013312;0;0;0;0;0;0;0;0;0;0;0;3657;0;0;95;0;200;0;
17416;5534680;1059401728;21790720;1200013312;0;0;0;0;0;0;0;0;0;0;0;4148;0;0;95;0;200;0;
17417;8447953;1059401728;21790720;1200013312;0;0;0;0;0;0;0;0;0;0;0;4298;0;0;95;0;200;0;
17418;5551060;1059401728;21790720;1200013312;0;0;0;0;0;0;0;0;0;0;0;3697;0;0;95;0;200;0;
17419;7639066;1059401728;21790720;1200013312;0;0;0;0;0;0;0;0;0;0;0;4078;0;0;95;0;200;0;
17420;6019138;1059401728;21790720;1200013312;0;0;0;0;0;0;0;0;0;0;0;4458;0;0;95;0;200;0;
17421;8812096;1059401728;21790720;1200013312;0;0;0;0;0;0;0;0;0;0;0;5190;0;0;95;0;200;0;
17422;4345599;1059401728;21790720;1200013312;0;0;0;0;0;0;0;0;0;0;0;3607;0;0;95;0;200;0;
17423;8519277;1059401728;21790720;1200013312;0;0;0;0;0;0;0;0;0;0;0;4379;0;0;95;0;200;0;
17424;5959887;1059401728;21790720;1200013312;0;0;0;0;0;0;0;0;0;0;0;4418;0;0;95;0;200;0;
17425;6473250;1059401728;21790720;1200013312;0;0;0;0;0;0;0;0;0;0;0;3256;0;0;95;0;200;0;
17426;7144799;1059401728;21790720;1200013312;0;0;0;0;0;0;0;0;0;0;0;4008;0;0;95;0;200;0;
17427;8811866;1059401728;21790720;1200013312;0;0;0;0;0;0;0;0;0;0;0;4258;0;0;95;0;200;0;
17428;7246440;1059401728;21790720;1200013312;0;0;0;0;0;0;0;0;0;0;0;2896;0;0;95;0;200;0;
17429;6867770;1059401728;21790720;1200013312;0;0;0;0;0;0;0;0;0;0;0;3887;0;0;95;0;200;0;
17430;6986943;1059401728;21790720;1200013312;0;0;0;0;0;0;0;0;0;0;0;4428;0;0;95;0;200;0;
17431;7429914;1059401728;21790720;1200013312;0;0;0;0;0;0;0;0;0;0;0;4238;0;0;95;0;200;0;
17432;6845798;1059401728;21790720;1200013312;0;0;0;0;0;0;0;0;0;0;0;5220;0;0;95;0;200;0;
17433;6969621;1059401728;21790720;1200013312;0;0;0;0;0;0;0;0;0;0;0;3406;0;0;95;0;200;0;
17434;6968088;1059401728;21790720;1200013312;0;0;0;0;0;0;0;0;0;0;0;3497;0;0;95;0;200;0;
17435;6457530;1059401728;21790720;1200013312;0;0;0;0;0;0;0;0;0;0;0;3647;0;0;95;0;200;0;
17436;6625375;1059401728;21790720;1200013312;0;0;0;0;0;0;0;0;0;0;0;4188;0;0;95;0;200;0;
17437;7454901;1059401728;21790720;1200013312;0;0;0;0;0;0;0;0;0;0;0;3246;0;0;95;0;200;0;
17438;5420225;1059401728;21790720;1200013312;0;0;0;0;0;0;0;0;0;0;0;3496;0;0;95;0;200;0;
17439;7342199;1059401728;21790720;1200013312;0;0;0;0;0;0;0;0;0;0;0;2524;0;0;95;0;200;0;
17440;4126168;1059401728;21790720;1200013312;0;0;0;0;0;0;0;0;0;0;0;3216;0;0;95;0;200;0;
17441;5302304;1059401728;21790720;1200013312;0;0;0;0;0;0;0;0;0;0;0;2254;0;0;95;0;200;0;
17442;6091855;1059401728;21790720;1200013312;0;0;0;0;0;0;0;0;0;0;0;4369;0;0;95;0;200;0;
17443;6146918;1059401728;21790720;1200013312;0;0;0;0;0;0;0;0;0;0;0;2665;0;0;95;0;200;0;
17444;5456373;1059401728;21790720;1200013312;0;0;0;0;0;0;0;0;0;0;0;3326;0;0;95;0;200;0;
17445;6529776;1059401728;21790720;1200013312;0;0;0;0;0;0;0;0;0;0;0;3136;0;0;95;0;200;0;
17446;5800388;1059401728;21790720;1200013312;0;0;0;0;0;0;0;0;0;0;0;3597;0;0;95;0;200;0;
17447;9623958;1059401728;21790720;1200013312;0;0;0;0;0;0;0;0;0;0;0;3817;0;0;95;0;200;0;
17448;5416277;1059401728;21790720;1200013312;0;0;0;0;0;0;0;0;0;0;0;4609;0;0;95;0;200;0;
17449;7253343;1059401728;21790720;1200013312;0;0;0;0;0;0;0;0;0;0;0;4008;0;0;95;0;200;0;
17450;3719145;1059401728;21790720;1200013312;0;0;0;0;0;0;0;0;0;0;0;3757;0;0;95;0;200;0;
17451;6624995;1059401728;21790720;1200013312;0;0;0;0;0;0;0;0;0;0;0;4479;0;0;95;0;200;0;
17452;5687987;1059401728;21790720;1200013312;0;0;0;0;0;0;0;0;0;0;0;2936;0;0;95;0;200;0;
17453;6440699;1059401728;21790720;1200013312;0;0;0;0;0;0;0;0;0;0;0;2084;0;0;95;0;200;0;
17454;5594853;1059401728;21790720;1200013312;0;0;0;0;0;0;0;0;0;0;0;3506;0;0;95;0;200;0;
17455;5627043;1059401728;21790720;1200013312;0;0;0;0;0;0;0;0;0;0;0;2113;0;0;95;0;200;0;
17456;4096592;1059401728;21790720;1200013312;0;0;0;0;0;0;0;0;0;0;0;2725;0;0;95;0;200;0;
17457;7813544;1059401728;21790720;1200013312;0;0;0;0;0;0;0;0;0;0;0;3817;0;0;95;0;200;0;
17458;5621463;1059401728;21790720;1200013312;0;0;0;0;0;0;0;0;0;0;0;3957;0;0;95;0;200;0;
17459;7599532;1059401728;21790720;1200013312;0;0;0;0;0;0;0;0;0;0;0;4077;0;0;95;0;200;0;
17460;3659152;1059401728;21790720;1200013312;0;0;0;0;0;0;0;0;0;0;0;3867;0;0;95;0;200;0;
17461;8098939;1059401728;21790720;1200013312;0;0;0;0;0;0;0;0;0;0;0;3506;0;0;95;0;200;0;
17462;4028615;1059401728;21790720;1200013312;0;0;0;0;0;0;0;0;0;0;0;3246;0;0;95;0;200;0;
17463;6746883;1059401728;21790720;1200013312;0;0;0;0;0;0;0;0;0;0;0;3026;0;0;95;0;200;0;
17464;5446835;1059401728;21790720;1200013312;0;0;0;0;0;0;0;0;0;0;0;11141;0;0;95;0;200;0;
17465;5714066;1059401728;21790720;1200013312;0;0;0;0;0;0;0;0;0;0;0;2285;0;0;95;0;200;0;
17466;5961581;1059401728;21790720;1200013312;0;0;0;0;0;0;0;0;0;0;0;4058;0;0;95;0;200;0;
17467;6957548;1059401728;21790720;1200013312;0;0;0;0;0;0;0;0;0;0;0;4188;0;0;95;0;200;0;
17468;4488087;1059401728;21790720;1200013312;0;0;0;0;0;0;0;0;0;0;0;3877;0;0;95;0;200;0;
17469;8574741;1059401728;21790720;1200013312;0;0;0;0;0;0;0;0;0;0;0;4007;0;0;95;0;200;0;
17470;4715363;1059401728;21790720;1200013312;0;0;0;0;0;0;0;0;0;0;0;4018;0;0;95;0;200;0;
17471;7173073;1059401728;21790720;1200013312;0;0;0;0;0;0;0;0;0;0;0;2555;0;0;95;0;200;0;
17472;6073349;1059401728;21790720;1200013312;0;0;0;0;0;0;0;0;0;0;0;4739;0;0;95;0;200;0;
17473;5415737;1059401728;21790720;1200013312;0;0;0;0;0;0;0;0;0;0;0;2194;0;0;95;0;200;0;
17474;5800659;1059401728;21790720;1200013312;0;0;0;0;0;0;0;0;0;0;0;12704;0;0;95;0;200;0;
17475;8109979;1059401728;21790720;1200013312;0;0;0;0;0;0;0;0;0;0;0;4399;0;0;95;0;200;0;
17476;6626176;1059401728;21798912;1200021504;0;0;0;0;0;0;0;0;0;0;0;3407;0;0;95;0;200;0;
17477;9304720;1059401728;21798912;1200021504;0;0;0;0;0;0;0;0;0;0;0;4008;0;0;95;0;200;0;
17478;5352638;1059401728;21798912;1200021504;0;0;0;0;0;0;0;0;0;0;0;3877;0;0;95;0;200;0;
17479;8254590;1059401728;21798912;1200021504;0;0;0;0;0;0;0;0;0;0;0;3967;0;0;95;0;200;0;
17480;3364670;1059401728;21798912;1200021504;0;0;0;0;0;0;0;0;0;0;0;4829;0;0;95;0;200;0;
17481;7348722;1059401728;21798912;1200021504;0;0;0;0;0;0;0;0;0;0;0;4298;0;0;95;0;200;0;
17482;3879836;1059401728;21790720;1200013312;0;0;0;0;0;0;0;0;0;0;0;3717;0;0;95;0;200;0;
17483;5443989;1059401728;21790720;1200013312;0;0;0;0;0;0;0;0;0;0;0;2084;0;0;95;0;200;0;
17484;7619309;1059401728;21790720;1200013312;0;0;0;0;0;0;0;0;0;0;0;3888;0;0;95;0;200;0;
17485;9539451;1059401728;21790720;1200013312;0;0;0;0;0;0;0;0;0;0;0;4007;0;0;95;0;200;0;
17486;6436190;1059401728;21790720;1200013312;0;0;0;0;0;0;0;0;0;0;0;3346;0;0;95;0;200;0;
17487;7691264;1059401728;21790720;1200013312;0;0;0;0;0;0;0;0;0;0;0;3026;0;0;95;0;200;0;
17488;3890386;1059401728;21790720;1200013312;0;0;0;0;0;0;0;0;0;0;0;2976;0;0;95;0;200;0;
17489;6322807;1059401728;21790720;1200013312;0;0;0;0;0;0;0;0;0;0;0;3025;0;0;95;0;200;0;
17490;5448699;1059401728;21790720;1200013312;0;0;0;0;0;0;0;0;0;0;0;3226;0;0;95;0;200;0;
17491;4752743;1059401728;21790720;1200013312;0;0;0;0;0;0;0;0;0;0;0;1994;0;0;95;0;200;0;
17492;4192432;1059401728;21790720;1200013312;0;0;0;0;0;0;0;0;0;0;0;3637;0;0;95;0;200;0;
17493;6815641;1059401728;21790720;1200013312;0;0;0;0;0;0;0;0;0;0;0;2695;0;0;95;0;200;0;
17494;5398284;1059401728;21790720;1200013312;0;0;0;0;0;0;0;0;0;0;0;4157;0;0;95;0;200;0;
17495;5566629;1059401728;21790720;1200013312;0;0;0;0;0;0;0;0;0;0;0;2886;0;0;95;0;200;0;
17496;5118860;1059401728;21790720;1200013312;0;0;0;0;0;0;0;0;0;0;0;3958;0;0;95;0;200;0;
17497;6570202;1059401728;21790720;1200013312;0;0;0;0;0;0;0;0;0;0;0;43733;0;0;95;0;200;0;
17498;5257290;1059401728;21790720;1200013312;0;0;0;0;0;0;0;0;0;0;0;4379;0;0;95;0;200;0;
17499;7288839;1059401728;21790720;1200013312;0;0;0;0;0;0;0;0;0;0;0;3386;0;0;95;0;200;0;
17500;3013151;1059401728;21790720;1200013312;0;0;0;0;0;0;0;0;0;0;0;3587;0;0;95;0;200;0;
17501;7061914;1059401728;21790720;1200013312;0;0;0;0;0;0;0;0;0;0;0;3366;0;0;95;0;200;0;
17502;5575606;1059401728;21790720;1200013312;0;0;0;0;0;0;0;0;0;0;0;5060;0;0;95;0;200;0;
17503;6602783;1059401728;21790720;1200013312;0;0;0;0;0;0;0;0;0;0;0;2454;0;0;95;0;200;0;
17504;4154251;1059401728;21790720;1200013312;0;0;0;0;0;0;0;0;0;0;0;4218;0;0;95;0;200;0;
17505;5498031;1059401728;21790720;1200013312;0;0;0;0;0;0;0;0;0;0;0;2184;0;0;95;0;200;0;
17506;3014744;1059401728;21790720;1200013312;0;0;0;0;0;0;0;0;0;0;0;3377;0;0;95;0;200;0;
17507;4604194;1059401728;21790720;1200013312;0;0;0;0;0;0;0;0;0;0;0;1914;0;0;95;0;200;0;
17508;7035795;1059401728;21790720;1200013312;0;0;0;0;0;0;0;0;0;0;0;3527;0;0;95;0;200;0;
17509;6320744;1059401728;21790720;1200013312;0;0;0;0;0;0;0;0;0;0;0;2224;0;0;95;0;200;0;
17510;4347103;1059401728;21790720;1200013312;0;0;0;0;0;0;0;0;0;0;0;3316;0;0;95;0;200;0;
17511;7203960;1059401728;21790720;1200013312;0;0;0;0;0;0;0;0;0;0;0;2505;0;0;95;0;200;0;
17512;3878985;1059401728;21790720;1200013312;0;0;0;0;0;0;0;0;0;0;0;3116;0;0;95;0;200;0;
17513;6347424;1059401728;21790720;1200013312;0;0;0;0;0;0;0;0;0;0;0;2344;0;0;95;0;200;0;
17514;4183015;1059401728;21790720;1200013312;0;0;0;0;0;0;0;0;0;0;0;2756;0;0;95;0;200;0;
17515;6038795;1059401728;21790720;1200013312;0;0;0;0;0;0;0;0;0;0;0;2805;0;0;95;0;200;0;
17516;4154301;1059401728;21790720;1200013312;0;0;0;0;0;0;0;0;0;0;0;3757;0;0;95;0;200;0;
17517;6090241;1059401728;21790720;1200013312;0;0;0;0;0;0;0;0;0;0;0;2855;0;0;95;0;200;0;
17518;4015100;1059401728;21790720;1200013312;0;0;0;0;0;0;0;0;0;0;0;3246;0;0;95;0;200;0;
17519;9170769;1059401728;21790720;1200013312;0;0;0;0;0;0;0;0;0;0;0;2635;0;0;95;0;200;0;
17520;11023654;1059401728;21790720;1200013312;0;0;0;0;0;0;0;0;0;0;0;3617;0;0;95;0;200;0;
17521;7800529;1059401728;21790720;1200013312;0;0;0;0;0;0;0;0;0;0;0;2254;0;0;95;0;200;0;
17522;4358524;1059401728;21790720;1200013312;0;0;0;0;0;0;0;0;0;0;0;3607;0;0;95;0;200;0;
17523;6974319;1059401728;21790720;1200013312;0;0;0;0;0;0;0;0;0;0;0;5561;0;0;95;0;200;0;
17524;4183505;1059401728;21790720;1200013312;0;0;0;0;0;0;0;0;0;0;0;2936;0;0;95;0;200;0;
17525;6358064;1059401728;21790720;1200013312;0;0;0;0;0;0;0;0;0;0;0;2325;0;0;95;0;200;0;
17526;4788600;1059401728;21790720;1200013312;0;0;0;0;0;0;0;0;0;0;0;3256;0;0;95;0;200;0;
17527;6434687;1059401728;21790720;1200013312;0;0;0;0;0;0;0;0;0;0;0;2014;0;0;95;0;200;0;
17528;5863697;1059401728;21790720;1200013312;0;0;0;0;0;0;0;0;0;0;0;2986;0;0;95;0;200;0;
17529;4747743;1059401728;21790720;1200013312;0;0;0;0;0;0;0;0;0;0;0;2385;0;0;95;0;200;0;
17530;5757658;1059401728;21790720;1200013312;0;0;0;0;0;0;0;0;0;0;0;4879;0;0;95;0;200;0;
17531;5669713;1059401728;21790720;1200013312;0;0;0;0;0;0;0;0;0;0;0;2364;0;0;95;0;200;0;
17532;4340380;1059401728;21790720;1200013312;0;0;0;0;0;0;0;0;0;0;0;4518;0;0;95;0;200;0;
17533;8373524;1059401728;21790720;1200013312;0;0;0;0;0;0;0;0;0;0;0;3967;0;0;95;0;200;0;
17534;4303150;1059401728;21790720;1200013312;0;0;0;0;0;0;0;0;0;0;0;3135;0;0;95;0;200;0;
17535;7586397;1059401728;21790720;1200013312;0;0;0;0;0;0;0;0;0;0;0;2675;0;0;95;0;200;0;
17536;4166975;1059401728;21790720;1200013312;0;0;0;0;0;0;0;0;0;0;0;3466;0;0;95;0;200;0;
17537;5312944;1059401728;21790720;1200013312;0;0;0;0;0;0;0;0;0;0;0;2023;0;0;95;0;200;0;
17538;6812666;1059401728;21790720;1200013312;0;0;0;0;0;0;0;0;0;0;0;3656;0;0;95;0;200;0;
17539;6217941;1059401728;21790720;1200013312;0;0;0;0;0;0;0;0;0;0;0;4318;0;0;95;0;200;0;
17540;5415546;1059401728;21790720;1200013312;0;0;0;0;0;0;0;0;0;0;0;3527;0;0;95;0;200;0;
17541;8143482;1059401728;21790720;1200013312;0;0;0;0;0;0;0;0;0;0;0;3035;0;0;95;0;200;0;
17542;3445772;1059401728;21790720;1200013312;0;0;0;0;0;0;0;0;0;0;0;3657;0;0;95;0;200;0;
17543;6575412;1059401728;21790720;1200013312;0;0;0;0;0;0;0;0;0;0;0;3467;0;0;95;0;200;0;
17544;4199666;1059401728;21790720;1200013312;0;0;0;0;0;0;0;0;0;0;0;3947;0;0;95;0;200;0;
17545;6499740;1059401728;21790720;1200013312;0;0;0;0;0;0;0;0;0;0;0;2555;0;0;95;0;200;0;
17546;4258165;1059401728;21790720;1200013312;0;0;0;0;0;0;0;0;0;0;0;3246;0;0;95;0;200;0;
17547;6099599;1059401728;21790720;1200013312;0;0;0;0;0;0;0;0;0;0;0;3967;0;0;95;0;200;0;
17548;4676671;1059401728;21790720;1200013312;0;0;0;0;0;0;0;0;0;0;0;3847;0;0;95;0;200;0;
17549;6754978;1059401728;21790720;1200013312;0;0;0;0;0;0;0;0;0;0;0;3546;0;0;95;0;200;0;
17550;2783340;1059401728;21790720;1200013312;0;0;0;0;0;0;0;0;0;0;0;2835;0;0;95;0;200;0;
17551;7299389;1059401728;21790720;1200013312;0;0;0;0;0;0;0;0;0;0;0;2635;0;0;95;0;200;0;
17552;4578065;1059401728;21790720;1200013312;0;0;0;0;0;0;0;0;0;0;0;3156;0;0;95;0;200;0;
17553;7381673;1059401728;21790720;1200013312;0;0;0;0;0;0;0;0;0;0;0;3256;0;0;95;0;200;0;
17554;3824202;1059401728;21790720;1200013312;0;0;0;0;0;0;0;0;0;0;0;2776;0;0;95;0;200;0;
17555;7391912;1059401728;21790720;1200013312;0;0;0;0;0;0;0;0;0;0;0;3016;0;0;95;0;200;0;
17556;2545924;1059401728;21790720;1200013312;0;0;0;0;0;0;0;0;0;0;0;2775;0;0;95;0;200;0;
17557;5336769;1059401728;21790720;1200013312;0;0;0;0;0;0;0;0;0;0;0;2275;0;0;95;0;200;0;
17558;4742393;1059401728;21790720;1200013312;0;0;0;0;0;0;0;0;0;0;0;2936;0;0;95;0;200;0;
17559;5866281;1059401728;21790720;1200013312;0;0;0;0;0;0;0;0;0;0;0;2154;0;0;95;0;200;0;
17560;4338426;1059401728;21790720;1200013312;0;0;0;0;0;0;0;0;0;0;0;2975;0;0;95;0;200;0;
17561;5740105;1059401728;21790720;1200013312;0;0;0;0;0;0;0;0;0;0;0;1603;0;0;95;0;200;0;
17562;4664047;1059401728;21790720;1200013312;0;0;0;0;0;0;0;0;0;0;0;3076;0;0;95;0;200;0;
17563;4917833;1059401728;21790720;1200013312;0;0;0;0;0;0;0;0;0;0;0;2475;0;0;95;0;200;0;
17564;3940941;1059401728;21790720;1200013312;0;0;0;0;0;0;0;0;0;0;0;4117;0;0;95;0;200;0;
17565;5728102;1059401728;21790720;1200013312;0;0;0;0;0;0;0;0;0;0;0;2505;0;0;95;0;200;0;
17566;5037617;1059401728;21790720;1200013312;0;0;0;0;0;0;0;0;0;0;0;3447;0;0;95;0;200;0;
17567;7712464;1059401728;21790720;1200013312;0;0;0;0;0;0;0;0;0;0;0;3066;0;0;95;0;200;0;
17568;5905134;1059401728;21790720;1200013312;0;0;0;0;0;0;0;0;0;0;0;3086;0;0;95;0;200;0;
17569;6352984;1059401728;21790720;1200013312;0;0;0;0;0;0;0;0;0;0;0;8706;0;0;95;0;200;0;
17570;4920758;1059401728;21790720;1200013312;0;0;0;0;0;0;0;0;0;0;0;3587;0;0;95;0;200;0;
17571;5891379;1059401728;21790720;1200013312;0;0;0;0;0;0;0;0;0;0;0;2936;0;0;95;0;200;0;
17572;5581488;1059401728;21790720;1200013312;0;0;0;0;0;0;0;0;0;0;0;4499;0;0;95;0;200;0;
17573;4887566;1059401728;21790720;1200013312;0;0;0;0;0;0;0;0;0;0;0;2505;0;0;95;0;200;0;
17574;4034777;1059401728;21790720;1200013312;0;0;0;0;0;0;0;0;0;0;0;3246;0;0;95;0;200;0;
17575;6075533;1059401728;21790720;1200013312;0;0;0;0;0;0;0;0;0;0;0;3276;0;0;95;0;200;0;
17576;4769285;1059401728;21790720;1200013312;0;0;0;0;0;0;0;0;0;0;0;3436;0;0;95;0;200;0;
17577;7530963;1059401728;21790720;1200013312;0;0;0;0;0;0;0;0;0;0;0;2465;0;0;95;0;200;0;
17578;3995112;1059401728;21790720;1200013312;0;0;0;0;0;0;0;0;0;0;0;3667;0;0;95;0;200;0;
17579;8170533;1059401728;21790720;1200013312;0;0;0;0;0;0;0;0;0;0;0;3887;0;0;95;0;200;0;
17580;3668580;1059401728;21790720;1200013312;0;0;0;0;0;0;0;0;0;0;0;3446;0;0;95;0;200;0;
17581;7497611;1059401728;21790720;1200013312;0;0;0;0;0;0;0;0;0;0;0;3606;0;0;95;0;200;0;
17582;3525752;1059401728;21790720;1200013312;0;0;0;0;0;0;0;0;0;0;0;2806;0;0;95;0;200;0;
17583;6324531;1059401728;21790720;1200013312;0;0;0;0;0;0;0;0;0;0;0;3526;0;0;95;0;200;0;
17584;4285367;1059401728;21790720;1200013312;0;0;0;0;0;0;0;0;0;0;0;3056;0;0;95;0;200;0;
17585;7391492;1059401728;21790720;1200013312;0;0;0;0;0;0;0;0;0;0;0;2004;0;0;95;0;200;0;
17586;4891544;1059401728;21790720;1200013312;0;0;0;0;0;0;0;0;0;0;0;3837;0;0;95;0;200;0;
17587;7358550;1059401728;21790720;1200013312;0;0;0;0;0;0;0;0;0;0;0;3015;0;0;95;0;200;0;
17588;4025470;1059401728;21790720;1200013312;0;0;0;0;0;0;0;0;0;0;0;2975;0;0;95;0;200;0;
17589;6346012;1059401728;21790720;1200013312;0;0;0;0;0;0;0;0;0;0;0;1974;0;0;95;0;200;0;
17590;3478543;1059401728;21790720;1200013312;0;0;0;0;0;0;0;0;0;0;0;2555;0;0;95;0;200;0;
17591;6076555;1059401728;21790720;1200013312;0;0;0;0;0;0;0;0;0;0;0;2595;0;0;95;0;200;0;
17592;4542379;1059401728;21790720;1200013312;0;0;0;0;0;0;0;0;0;0;0;2645;0;0;95;0;200;0;
17593;5571008;1059401728;21790720;1200013312;0;0;0;0;0;0;0;0;0;0;0;1723;0;0;95;0;200;0;
17594;3155928;1059401728;21790720;1200013312;0;0;0;0;0;0;0;0;0;0;0;3436;0;0;95;0;200;0;
17595;7041045;1059401728;21790720;1200013312;0;0;0;0;0;0;0;0;0;0;0;3327;0;0;95;0;200;0;
17596;3585875;1059401728;21790720;1200013312;0;0;0;0;0;0;0;0;0;0;0;4098;0;0;95;0;200;0;
17597;7926024;1059401728;21790720;1200013312;0;0;0;0;0;0;0;0;0;0;0;2876;0;0;95;0;200;0;
17598;5331379;1059401728;21790720;1200013312;0;0;0;0;0;0;0;0;0;0;0;3206;0;0;95;0;200;0;
17599;8336184;1059401728;21790720;1200013312;0;0;0;0;0;0;0;0;0;0;0;2705;0;0;95;0;200;0;
17600;5753330;1059401728;21790720;1200013312;0;0;0;0;0;0;0;0;0;0;0;3276;0;0;95;0;200;0;
17601;6729531;1059401728;21790720;1200013312;0;0;0;0;0;0;0;0;0;0;0;3357;0;0;95;0;200;0;
17602;4015571;1059401728;21790720;1200013312;0;0;0;0;0;0;0;0;0;0;0;3546;0;0;95;0;200;0;
17603;6565603;1059401728;21790720;1200013312;0;0;0;0;0;0;0;0;0;0;0;4318;0;0;95;0;200;0;
17604;4714070;1059401728;21790720;1200013312;0;0;0;0;0;0;0;0;0;0;0;3557;0;0;95;0;200;0;
17605;7158134;1059401728;21790720;1200013312;0;0;0;0;0;0;0;0;0;0;0;3066;0;0;95;0;200;0;
17606;4255200;1059401728;21790720;1200013312;0;0;0;0;0;0;0;0;0;0;0;3276;0;0;95;0;200;0;
17607;6956476;1059401728;21790720;1200013312;0;0;0;0;0;0;0;0;0;0;0;3316;0;0;95;0;200;0;
17608;4443653;1059401728;21790720;1200013312;0;0;0;0;0;0;0;0;0;0;0;3596;0;0;95;0;200;0;
17609;7501297;1059401728;21790720;1200013312;0;0;0;0;0;0;0;0;0;0;0;4669;0;0;95;0;200;0;
17610;3724104;1059401728;21790720;1200013312;0;0;0;0;0;0;0;0;0;0;0;3627;0;0;95;0;200;0;
17611;6671822;1059401728;21790720;1200013312;0;0;0;0;0;0;0;0;0;0;0;2545;0;0;95;0;200;0;
17612;5318504;1059401728;21790720;1200013312;0;0;0;0;0;0;0;0;0;0;0;3686;0;0;95;0;200;0;
17613;7770432;1059401728;21790720;1200013312;0;0;0;0;0;0;0;0;0;0;0;3125;0;0;95;0;200;0;
17614;4760177;1059401728;21790720;1200013312;0;0;0;0;0;0;0;0;0;0;0;3436;0;0;95;0;200;0;
17615;6666202;1059401728;21790720;1200013312;0;0;0;0;0;0;0;0;0;0;0;2244;0;0;95;0;200;0;
17616;6660521;1059401728;21790720;1200013312;0;0;0;0;0;0;0;0;0;0;0;4188;0;0;95;0;200;0;
17617;6467980;1059401728;21790720;1200013312;0;0;0;0;0;0;0;0;0;0;0;4057;0;0;95;0;200;0;
17618;5809766;1059401728;21790720;1200013312;0;0;0;0;0;0;0;0;0;0;0;4579;0;0;95;0;200;0;
17619;7516086;1059401728;21790720;1200013312;0;0;0;0;0;0;0;0;0;0;0;3045;0;0;95;0;200;0;
17620;4307588;1059401728;21790720;1200013312;0;0;0;0;0;0;0;0;0;0;0;3968;0;0;95;0;200;0;
17621;8379455;1059401728;21790720;1200013312;0;0;0;0;0;0;0;0;0;0;0;3827;0;0;95;0;200;0;
17622;5354692;1059401728;21790720;1200013312;0;0;0;0;0;0;0;0;0;0;0;3607;0;0;95;0;200;0;
17623;7022640;1059401728;21790720;1200013312;0;0;0;0;0;0;0;0;0;0;0;3988;0;0;95;0;200;0;
17624;4492876;1059401728;21790720;1200013312;0;0;0;0;0;0;0;0;0;0;0;3888;0;0;95;0;200;0;
17625;7591026;1059401728;21790720;1200013312;0;0;0;0;0;0;0;0;0;0;0;3095;0;0;95;0;200;0;
17626;3396370;1059401728;21790720;1200013312;0;0;0;0;0;0;0;0;0;0;0;4488;0;0;95;0;200;0;
17627;8240244;1059401728;21790720;1200013312;0;0;0;0;0;0;0;0;0;0;0;3747;0;0;95;0;200;0;
17628;3445281;1059401728;21790720;1200013312;0;0;0;0;0;0;0;0;0;0;0;4148;0;0;95;0;200;0;
17629;8097476;1059401728;21790720;1200013312;0;0;0;0;0;0;0;0;0;0;0;2875;0;0;95;0;200;0;
17630;5206985;1059401728;21790720;1200013312;0;0;0;0;0;0;0;0;0;0;0;3467;0;0;95;0;200;0;
17631;7521175;1059401728;21790720;1200013312;0;0;0;0;0;0;0;0;0;0;0;3958;0;0;95;0;200;0;
17632;4084440;1059401728;21790720;1200013312;0;0;0;0;0;0;0;0;0;0;0;4067;0;0;95;0;200;0;
17633;6994388;1059401728;21790720;1200013312;0;0;0;0;0;0;0;0;0;0;0;4619;0;0;95;0;200;0;
17634;4783170;1059401728;21790720;1200013312;0;0;0;0;0;0;0;0;0;0;0;3787;0;0;95;0;200;0;
17635;8977016;1059401728;21790720;1200013312;0;0;0;0;0;0;0;0;0;0;0;3837;0;0;95;0;200;0;
17636;4312939;1059401728;21790720;1200013312;0;0;0;0;0;0;0;0;0;0;0;3927;0;0;95;0;200;0;
17637;8828096;1059401728;21790720;1200013312;0;0;0;0;0;0;0;0;0;0;0;2826;0;0;95;0;200;0;
17638;3891919;1059401728;21790720;1200013312;0;0;0;0;0;0;0;0;0;0;0;4198;0;0;95;0;200;0;
17639;8132953;1059401728;21790720;1200013312;0;0;0;0;0;0;0;0;0;0;0;3997;0;0;95;0;200;0;
17640;5252912;1059401728;21790720;1200013312;0;0;0;0;0;0;0;0;0;0;0;4128;0;0;95;0;200;0;
17641;7345325;1059401728;21790720;1200013312;0;0;0;0;0;0;0;0;0;0;0;4168;0;0;95;0;200;0;
17642;6693122;1059401728;21790720;1200013312;0;0;0;0;0;0;0;0;0;0;0;3326;0;0;95;0;200;0;
17643;6783111;1059401728;21790720;1200013312;0;0;0;0;0;0;0;0;0;0;0;3777;0;0;95;0;200;0;
17644;3948335;1059401728;21790720;1200013312;0;0;0;0;0;0;0;0;0;0;0;4258;0;0;95;0;200;0;
17645;9014355;1059401728;21790720;1200013312;0;0;0;0;0;0;0;0;0;0;0;3687;0;0;95;0;200;0;
17646;5395288;1059401728;21790720;1200013312;0;0;0;0;0;0;0;0;0;0;0;3888;0;0;95;0;200;0;
17647;7205142;1059401728;21790720;1200013312;0;0;0;0;0;0;0;0;0;0;0;4298;0;0;95;0;200;0;
17648;4232828;1059401728;21790720;1200013312;0;0;0;0;0;0;0;0;0;0;0;3356;0;0;95;0;200;0;
17649;8955905;1059401728;21790720;1200013312;0;0;0;0;0;0;0;0;0;0;0;4268;0;0;95;0;200;0;
17650;5260806;1059401728;21790720;1200013312;0;0;0;0;0;0;0;0;0;0;0;4629;0;0;95;0;200;0;
17651;6256703;1059401728;21790720;1200013312;0;0;0;0;0;0;0;0;0;0;0;4008;0;0;95;0;200;0;
17652;3322181;1059401728;21790720;1200013312;0;0;0;0;0;0;0;0;0;0;0;3596;0;0;95;0;200;0;
17653;8879974;1059401728;21790720;1200013312;0;0;0;0;0;0;0;0;0;0;0;3146;0;0;95;0;200;0;
17654;4643699;1059401728;21790720;1200013312;0;0;0;0;0;0;0;0;0;0;0;4268;0;0;95;0;200;0;
17655;6614756;1059401728;21790720;1200013312;0;0;0;0;0;0;0;0;0;0;0;3717;0;0;95;0;200;0;
17656;4524625;1059401728;21790720;1200013312;0;0;0;0;0;0;0;0;0;0;0;3176;0;0;95;0;200;0;
17657;7598851;1059401728;21790720;1200013312;0;0;0;0;0;0;0;0;0;0;0;3076;0;0;95;0;200;0;
17658;4323568;1059401728;21790720;1200013312;0;0;0;0;0;0;0;0;0;0;0;4078;0;0;95;0;200;0;
17659;5902690;1059401728;21790720;1200013312;0;0;0;0;0;0;0;0;0;0;0;2795;0;0;95;0;200;0;
17660;5784318;1059401728;21790720;1200013312;0;0;0;0;0;0;0;0;0;0;0;3567;0;0;95;0;200;0;
17661;6101313;1059401728;21790720;1200013312;0;0;0;0;0;0;0;0;0;0;0;2404;0;0;95;0;200;0;
17662;5862394;1059401728;21790720;1200013312;0;0;0;0;0;0;0;0;0;0;0;4047;0;0;95;0;200;0;
17663;6198695;1059401728;21790720;1200013312;0;0;0;0;0;0;0;0;0;0;0;2765;0;0;95;0;200;0;
17664;7539370;1059401728;21790720;1200013312;0;0;0;0;0;0;0;0;0;0;0;4238;0;0;95;0;200;0;
17665;6916572;1059401728;21790720;1200013312;0;0;0;0;0;0;0;0;0;0;0;3236;0;0;95;0;200;0;
17666;6911342;1059401728;21790720;1200013312;0;0;0;0;0;0;0;0;0;0;0;3536;0;0;95;0;200;0;
17667;7768810;1059401728;21790720;1200013312;0;0;0;0;0;0;0;0;0;0;0;4128;0;0;95;0;200;0;
17668;4792929;1059401728;21790720;1200013312;0;0;0;0;0;0;0;0;0;0;0;4198;0;0;95;0;200;0;
17669;8460878;1059401728;21790720;1200013312;0;0;0;0;0;0;0;0;0;0;0;8506;0;0;95;0;200;0;
17670;6451099;1059401728;21790720;1200013312;0;0;0;0;0;0;0;0;0;0;0;4107;0;0;95;0;200;0;
17671;7903753;1059401728;21790720;1200013312;0;0;0;0;0;0;0;0;0;0;0;5551;0;0;95;0;200;0;
17672;6148701;1059401728;21790720;1200013312;0;0;0;0;0;0;0;0;0;0;0;3196;0;0;95;0;200;0;
17673;6723500;1059401728;21790720;1200013312;0;0;0;0;0;0;0;0;0;0;0;4819;0;0;95;0;200;0;
17674;8021773;1059401728;21790720;1200013312;0;0;0;0;0;0;0;0;0;0;0;4939;0;0;95;0;200;0;
17675;7251499;1059401728;21790720;1200013312;0;0;0;0;0;0;0;0;0;0;0;3276;0;0;95;0;200;0;
17676;4697710;1059401728;21790720;1200013312;0;0;0;0;0;0;0;0;0;0;0;4698;0;0;95;0;200;0;
17677;7510214;1059401728;21790720;1200013312;0;0;0;0;0;0;0;0;0;0;0;3396;0;0;95;0;200;0;
17678;3386451;1059401728;21790720;1200013312;0;0;0;0;0;0;0;0;0;0;0;3817;0;0;95;0;200;0;
17679;8484461;1059401728;21790720;1200013312;0;0;0;0;0;0;0;0;0;0;0;4218;0;0;95;0;200;0;
17680;4048813;1059401728;21790720;1200013312;0;0;0;0;0;0;0;0;0;0;0;4118;0;0;95;0;200;0;
17681;6477989;1059401728;21790720;1200013312;0;0;0;0;0;0;0;0;0;0;0;2936;0;0;95;0;200;0;
17682;5953815;1059401728;21790720;1200013312;0;0;0;0;0;0;0;0;0;0;0;4147;0;0;95;0;200;0;
17683;7770262;1059401728;21790720;1200013312;0;0;0;0;0;0;0;0;0;0;0;3326;0;0;95;0;200;0;
17684;5415927;1059401728;21790720;1200013312;0;0;0;0;0;0;0;0;0;0;0;4138;0;0;95;0;200;0;
17685;6964441;1059401728;21790720;1200013312;0;0;0;0;0;0;0;0;0;0;0;3196;0;0;95;0;200;0;
17686;5076901;1059401728;21790720;1200013312;0;0;0;0;0;0;0;0;0;0;0;4158;0;0;95;0;200;0;
17687;13216967;1059401728;21790720;1200013312;0;0;0;0;0;0;0;0;0;0;0;7674;0;0;95;0;200;0;
17688;5549587;1059401728;21790720;1200013312;0;0;0;0;0;0;0;0;0;0;0;3947;0;0;95;0;200;0;
17689;8070646;1059401728;21790720;1200013312;0;0;0;0;0;0;0;0;0;0;0;3546;0;0;95;0;200;0;
17690;3844821;1059401728;21790720;1200013312;0;0;0;0;0;0;0;0;0;0;0;2815;0;0;95;0;200;0;
17691;5760994;1059401728;21790720;1200013312;0;0;0;0;0;0;0;0;0;0;0;3025;0;0;95;0;200;0;
17692;6155945;1059401728;21790720;1200013312;0;0;0;0;0;0;0;0;0;0;0;26690;0;0;95;0;200;0;
17693;7156952;1059401728;21790720;1200013312;0;0;0;0;0;0;0;0;0;0;0;3125;0;0;95;0;200;0;
17694;5750194;1059401728;21790720;1200013312;0;0;0;0;0;0;0;0;0;0;0;4027;0;0;95;0;200;0;
17695;6043645;1059401728;21790720;1200013312;0;0;0;0;0;0;0;0;0;0;0;3086;0;0;95;0;200;0;
17696;6733999;1059401728;21790720;1200013312;0;0;0;0;0;0;0;0;0;0;0;4128;0;0;95;0;200;0;
17697;7690132;1059401728;21790720;1200013312;0;0;0;0;0;0;0;0;0;0;0;3006;0;0;95;0;200;0;
17698;6401726;1059401728;21790720;1200013312;0;0;0;0;0;0;0;0;0;0;0;355487;0;0;95;0;200;0;
17699;6998645;1059401728;21790720;1200013312;0;0;0;0;0;0;0;0;0;0;0;3546;0;0;95;0;200;0;
17700;5516666;1059401728;21790720;1200013312;0;0;0;0;0;0;0;0;0;0;0;3616;0;0;95;0;200;0;
17701;8285208;1059401728;21790720;1200013312;0;0;0;0;0;0;0;0;0;0;0;2825;0;0;95;0;200;0;
17702;4088397;1059401728;21790720;1200013312;0;0;0;0;0;0;0;0;0;0;0;3216;0;0;95;0;200;0;
17703;5801961;1059401728;21790720;1200013312;0;0;0;0;0;0;0;0;0;0;0;1784;0;0;95;0;200;0;
17704;4271480;1059401728;21790720;1200013312;0;0;0;0;0;0;0;0;0;0;0;3397;0;0;95;0;200;0;
17705;6524266;1059401728;21790720;1200013312;0;0;0;0;0;0;0;0;0;0;0;2605;0;0;95;0;200;0;
17706;8501944;1059401728;21790720;1200013312;0;0;0;0;0;0;0;0;0;0;0;3898;0;0;95;0;200;0;
17707;6560824;1059401728;21790720;1200013312;0;0;0;0;0;0;0;0;0;0;0;3166;0;0;95;0;200;0;
17708;5248814;1059401728;21790720;1200013312;0;0;0;0;0;0;0;0;0;0;0;2936;0;0;95;0;200;0;
17709;5573853;1059401728;21790720;1200013312;0;0;0;0;0;0;0;0;0;0;0;2225;0;0;95;0;200;0;
17710;3227372;1059401728;21790720;1200013312;0;0;0;0;0;0;0;0;0;0;0;2766;0;0;95;0;200;0;
17711;6393771;1059401728;21790720;1200013312;0;0;0;0;0;0;0;0;0;0;0;3446;0;0;95;0;200;0;
17712;3285441;1059401728;21790720;1200013312;0;0;0;0;0;0;0;0;0;0;0;2444;0;0;95;0;200;0;
17713;5319876;1059401728;21790720;1200013312;0;0;0;0;0;0;0;0;0;0;0;2043;0;0;95;0;200;0;
17714;5081079;1059401728;21790720;1200013312;0;0;0;0;0;0;0;0;0;0;0;2796;0;0;95;0;200;0;
17715;5811448;1059401728;21790720;1200013312;0;0;0;0;0;0;0;0;0;0;0;2103;0;0;95;0;200;0;
17716;4072848;1059401728;21790720;1200013312;0;0;0;0;0;0;0;0;0;0;0;2825;0;0;95;0;200;0;
17717;4875563;1059401728;21790720;1200013312;0;0;0;0;0;0;0;0;0;0;0;2134;0;0;95;0;200;0;
17718;4276010;1059401728;21790720;1200013312;0;0;0;0;0;0;0;0;0;0;0;2706;0;0;95;0;200;0;
17719;6213813;1059401728;21790720;1200013312;0;0;0;0;0;0;0;0;0;0;0;2244;0;0;95;0;200;0;
17720;4695506;1059401728;21790720;1200013312;0;0;0;0;0;0;0;0;0;0;0;2995;0;0;95;0;200;0;
17721;6137931;1059401728;21790720;1200013312;0;0;0;0;0;0;0;0;0;0;0;1803;0;0;95;0;200;0;
17722;4278193;1059401728;21790720;1200013312;0;0;0;0;0;0;0;0;0;0;0;3226;0;0;95;0;200;0;
17723;7502230;1059401728;21790720;1200013312;0;0;0;0;0;0;0;0;0;0;0;2014;0;0;95;0;200;0;
17724;4921009;1059401728;21790720;1200013312;0;0;0;0;0;0;0;0;0;0;0;2514;0;0;95;0;200;0;
17725;6798520;1059401728;21790720;1200013312;0;0;0;0;0;0;0;0;0;0;0;1924;0;0;95;0;200;0;
17726;4299674;1059401728;21790720;1200013312;0;0;0;0;0;0;0;0;0;0;0;3257;0;0;95;0;200;0;
17727;7308276;1059401728;21790720;1200013312;0;0;0;0;0;0;0;0;0;0;0;2013;0;0;95;0;200;0;
17728;4463060;1059401728;21790720;1200013312;0;0;0;0;0;0;0;0;0;0;0;3246;0;0;95;0;200;0;
17729;8170964;1059401728;21790720;1200013312;0;0;0;0;0;0;0;0;0;0;0;2615;0;0;95;0;200;0;
17730;4742915;1059401728;21790720;1200013312;0;0;0;0;0;0;0;0;0;0;0;3156;0;0;95;0;200;0;
17731;6256042;1059401728;21790720;1200013312;0;0;0;0;0;0;0;0;0;0;0;2144;0;0;95;0;200;0;
17732;3746757;1059401728;21790720;1200013312;0;0;0;0;0;0;0;0;0;0;0;3557;0;0;95;0;200;0;
17733;7259615;1059401728;21790720;1200013312;0;0;0;0;0;0;0;0;0;0;0;2294;0;0;95;0;200;0;
17734;5075559;1059401728;21790720;1200013312;0;0;0;0;0;0;0;0;0;0;0;3567;0;0;95;0;200;0;
17735;7273360;1059401728;21790720;1200013312;0;0;0;0;0;0;0;0;0;0;0;2495;0;0;95;0;200;0;
17736;5973382;1059401728;21790720;1200013312;0;0;0;0;0;0;0;0;0;0;0;4017;0;0;95;0;200;0;
17737;4917793;1059401728;21790720;1200013312;0;0;0;0;0;0;0;0;0;0;0;2114;0;0;95;0;200;0;
17738;5457555;1059401728;21790720;1200013312;0;0;0;0;0;0;0;0;0;0;0;3867;0;0;95;0;200;0;
17739;6937040;1059401728;21790720;1200013312;0;0;0;0;0;0;0;0;0;0;0;2484;0;0;95;0;200;0;
17740;4964310;1059401728;21790720;1200013312;0;0;0;0;0;0;0;0;0;0;0;2975;0;0;95;0;200;0;
17741;6840629;1059401728;21790720;1200013312;0;0;0;0;0;0;0;0;0;0;0;2395;0;0;95;0;200;0;
17742;3915854;1059401728;21790720;1200013312;0;0;0;0;0;0;0;0;0;0;0;2715;0;0;95;0;200;0;
17743;6668176;1059401728;21790720;1200013312;0;0;0;0;0;0;0;0;0;0;0;2374;0;0;95;0;200;0;
17744;2522781;1059401728;21790720;1200013312;0;0;0;0;0;0;0;0;0;0;0;2735;0;0;95;0;200;0;
17745;5435093;1059401728;21790720;1200013312;0;0;0;0;0;0;0;0;0;0;0;1814;0;0;95;0;200;0;
17746;3758428;1059401728;21790720;1200013312;0;0;0;0;0;0;0;0;0;0;0;3677;0;0;95;0;200;0;
17747;7044982;1059401728;21790720;1200013312;0;0;0;0;0;0;0;0;0;0;0;2295;0;0;95;0;200;0;
17748;3595242;1059401728;21790720;1200013312;0;0;0;0;0;0;0;0;0;0;0;2725;0;0;95;0;200;0;
17749;6173187;1059401728;21790720;1200013312;0;0;0;0;0;0;0;0;0;0;0;2225;0;0;95;0;200;0;
17750;4308079;1059401728;21790720;1200013312;0;0;0;0;0;0;0;0;0;0;0;3376;0;0;95;0;200;0;
17751;6460155;1059401728;21790720;1200013312;0;0;0;0;0;0;0;0;0;0;0;2425;0;0;95;0;200;0;
17752;6343907;1059401728;21790720;1200013312;0;0;0;0;0;0;0;0;0;0;0;3095;0;0;95;0;200;0;
17753;7001611;1059401728;21790720;1200013312;0;0;0;0;0;0;0;0;0;0;0;2254;0;0;95;0;200;0;
17754;4263055;1059401728;21790720;1200013312;0;0;0;0;0;0;0;0;0;0;0;4047;0;0;95;0;200;0;
17755;7553876;1059401728;21790720;1200013312;0;0;0;0;0;0;0;0;0;0;0;3587;0;0;95;0;200;0;
17756;3905414;1059401728;21790720;1200013312;0;0;0;0;0;0;0;0;0;0;0;3857;0;0;95;0;200;0;
17757;7074247;1059401728;21790720;1200013312;0;0;0;0;0;0;0;0;0;0;0;2134;0;0;95;0;200;0;
17758;4242647;1059401728;21790720;1200013312;0;0;0;0;0;0;0;0;0;0;0;2715;0;0;95;0;200;0;
17759;5915864;1059401728;21790720;1200013312;0;0;0;0;0;0;0;0;0;0;0;2394;0;0;95;0;200;0;
17760;4321835;1059401728;21790720;1200013312;0;0;0;0;0;0;0;0;0;0;0;3437;0;0;95;0;200;0;
17761;4652285;1059401728;21790720;1200013312;0;0;0;0;0;0;0;0;0;0;0;2274;0;0;95;0;200;0;
17762;7255677;1059401728;21790720;1200013312;0;0;0;0;0;0;0;0;0;0;0;3236;0;0;95;0;200;0;
17763;6036441;1059401728;21790720;1200013312;0;0;0;0;0;0;0;0;0;0;0;1984;0;0;95;0;200;0;
17764;5978492;1059401728;21790720;1200013312;0;0;0;0;0;0;0;0;0;0;0;3146;0;0;95;0;200;0;
17765;5818352;1059401728;21790720;1200013312;0;0;0;0;0;0;0;0;0;0;0;2003;0;0;95;0;200;0;
17766;4470844;1059401728;21790720;1200013312;0;0;0;0;0;0;0;0;0;0;0;2816;0;0;95;0;200;0;
17767;18201525;1059401728;21790720;1200013312;0;0;0;0;0;0;0;0;0;0;0;3196;0;0;95;0;200;0;
17768;4531749;1059401728;21790720;1200013312;0;0;0;0;0;0;0;0;0;0;0;3006;0;0;95;0;200;0;
17769;6969701;1059401728;21790720;1200013312;0;0;0;0;0;0;0;0;0;0;0;2194;0;0;95;0;200;0;
17770;3937394;1059401728;21790720;1200013312;0;0;0;0;0;0;0;0;0;0;0;14728;0;0;95;0;200;0;
17771;5838138;1059401728;21790720;1200013312;0;0;0;0;0;0;0;0;0;0;0;2665;0;0;95;0;200;0;
17772;3961489;1059401728;21790720;1200013312;0;0;0;0;0;0;0;0;0;0;0;2825;0;0;95;0;200;0;
17773;6498327;1059401728;21790720;1200013312;0;0;0;0;0;0;0;0;0;0;0;1493;0;0;95;0;200;0;
17774;2902543;1059401728;21790720;1200013312;0;0;0;0;0;0;0;0;0;0;0;2254;0;0;95;0;200;0;
17775;5568683;1059401728;21790720;1200013312;0;0;0;0;0;0;0;0;0;0;0;2204;0;0;95;0;200;0;
17776;3589862;1059401728;21790720;1200013312;0;0;0;0;0;0;0;0;0;0;0;2244;0;0;95;0;200;0;
17777;7292436;1059401728;21790720;1200013312;0;0;0;0;0;0;0;0;0;0;0;1914;0;0;95;0;200;0;
17778;3798684;1059401728;21790720;1200013312;0;0;0;0;0;0;0;0;0;0;0;2946;0;0;95;0;200;0;
17779;6238751;1059401728;21790720;1200013312;0;0;0;0;0;0;0;0;0;0;0;1873;0;0;95;0;200;0;
17780;5193469;1059401728;21790720;1200013312;0;0;0;0;0;0;0;0;0;0;0;3887;0;0;95;0;200;0;
17781;5391501;1059401728;21790720;1200013312;0;0;0;0;0;0;0;0;0;0;0;1933;0;0;95;0;200;0;
17782;5971649;1059401728;21790720;1200013312;0;0;0;0;0;0;0;0;0;0;0;3697;0;0;95;0;200;0;
17783;7657911;1059401728;21790720;1200013312;0;0;0;0;0;0;0;0;0;0;0;2285;0;0;95;0;200;0;
17784;3916665;1059401728;21790720;1200013312;0;0;0;0;0;0;0;0;0;0;0;3687;0;0;95;0;200;0;
17785;5683219;1059401728;21790720;1200013312;0;0;0;0;0;0;0;0;0;0;0;1964;0;0;95;0;200;0;
17786;4011874;1059401728;21790720;1200013312;0;0;0;0;0;0;0;0;0;0;0;2264;0;0;95;0;200;0;
17787;5871672;1059401728;21790720;1200013312;0;0;0;0;0;0;0;0;0;0;0;1884;0;0;95;0;200;0;
17788;4923754;1059401728;21790720;1200013312;0;0;0;0;0;0;0;0;0;0;0;2404;0;0;95;0;200;0;
17789;6927412;1059401728;21790720;1200013312;0;0;0;0;0;0;0;0;0;0;0;2334;0;0;95;0;200;0;
17790;3262348;1059401728;21790720;1200013312;0;0;0;0;0;0;0;0;0;0;0;2394;0;0;95;0;200;0;
17791;7308146;1059401728;21790720;1200013312;0;0;0;0;0;0;0;0;0;0;0;2144;0;0;95;0;200;0;
17792;5274672;1059401728;21790720;1200013312;0;0;0;0;0;0;0;0;0;0;0;4258;0;0;95;0;200;0;
17793;6492937;1059401728;21790720;1200013312;0;0;0;0;0;0;0;0;0;0;0;2054;0;0;95;0;200;0;
17794;4389342;1059401728;21790720;1200013312;0;0;0;0;0;0;0;0;0;0;0;2455;0;0;95;0;200;0;
17795;7486490;1059401728;21790720;1200013312;0;0;0;0;0;0;0;0;0;0;0;2625;0;0;95;0;200;0;
17796;3247250;1059401728;21790720;1200013312;0;0;0;0;0;0;0;0;0;0;0;2825;0;0;95;0;200;0;
17797;5721840;1059401728;21790720;1200013312;0;0;0;0;0;0;0;0;0;0;0;1643;0;0;95;0;200;0;
17798;5089946;1059401728;21790720;1200013312;0;0;0;0;0;0;0;0;0;0;0;2655;0;0;95;0;200;0;
17799;7662260;1059401728;21790720;1200013312;0;0;0;0;0;0;0;0;0;0;0;1924;0;0;95;0;200;0;
17800;4382659;1059401728;21790720;1200013312;0;0;0;0;0;0;0;0;0;0;0;2895;0;0;95;0;200;0;
17801;8032313;1059401728;21790720;1200013312;0;0;0;0;0;0;0;0;0;0;0;2976;0;0;95;0;200;0;
17802;4235022;1059401728;21790720;1200013312;0;0;0;0;0;0;0;0;0;0;0;3075;0;0;95;0;200;0;
17803;6367281;1059401728;21790720;1200013312;0;0;0;0;0;0;0;0;0;0;0;2054;0;0;95;0;200;0;
17804;4477598;1059401728;21790720;1200013312;0;0;0;0;0;0;0;0;0;0;0;2896;0;0;95;0;200;0;
17805;6475674;1059401728;21790720;1200013312;0;0;0;0;0;0;0;0;0;0;0;2224;0;0;95;0;200;0;
17806;4316515;1059401728;21790720;1200013312;0;0;0;0;0;0;0;0;0;0;0;2825;0;0;95;0;200;0;
17807;6283293;1059401728;21790720;1200013312;0;0;0;0;0;0;0;0;0;0;0;2806;0;0;95;0;200;0;
17808;2774994;1059401728;21790720;1200013312;0;0;0;0;0;0;0;0;0;0;0;2255;0;0;95;0;200;0;
17809;7082493;1059401728;21790720;1200013312;0;0;0;0;0;0;0;0;0;0;0;2174;0;0;95;0;200;0;
17810;4303701;1059401728;21790720;1200013312;0;0;0;0;0;0;0;0;0;0;0;2625;0;0;95;0;200;0;
17811;5808273;1059401728;21790720;1200013312;0;0;0;0;0;0;0;0;0;0;0;1894;0;0;95;0;200;0;
17812;4199275;1059401728;21790720;1200013312;0;0;0;0;0;0;0;0;0;0;0;3597;0;0;95;0;200;0;
17813;6919136;1059401728;21790720;1200013312;0;0;0;0;0;0;0;0;0;0;0;2014;0;0;95;0;200;0;
17814;5519522;1059401728;21790720;1200013312;0;0;0;0;0;0;0;0;0;0;0;24807;0;0;95;0;200;0;
17815;5699268;1059401728;21790720;1200013312;0;0;0;0;0;0;0;0;0;0;0;1984;0;0;95;0;200;0;
17816;4446629;1059401728;21790720;1200013312;0;0;0;0;0;0;0;0;0;0;0;3186;0;0;95;0;200;0;
17817;6236496;1059401728;21790720;1200013312;0;0;0;0;0;0;0;0;0;0;0;2114;0;0;95;0;200;0;
17818;4470665;1059401728;21790720;1200013312;0;0;0;0;0;0;0;0;0;0;0;3096;0;0;95;0;200;0;
17819;7311501;1059401728;21790720;1200013312;0;0;0;0;0;0;0;0;0;0;0;2464;0;0;95;0;200;0;
17820;3404304;1059401728;21790720;1200013312;0;0;0;0;0;0;0;0;0;0;0;2575;0;0;95;0;200;0;
17821;4923904;1059401728;21790720;1200013312;0;0;0;0;0;0;0;0;0;0;0;2504;0;0;95;0;200;0;
17822;3643273;1059401728;21790720;1200013312;0;0;0;0;0;0;0;0;0;0;0;2935;0;0;95;0;200;0;
17823;5981007;1059401728;21790720;1200013312;0;0;0;0;0;0;0;0;0;0;0;2324;0;0;95;0;200;0;
17824;3262318;1059401728;21790720;1200013312;0;0;0;0;0;0;0;0;0;0;0;2745;0;0;95;0;200;0;
17825;6408739;1059401728;21790720;1200013312;0;0;0;0;0;0;0;0;0;0;0;2245;0;0;95;0;200;0;
17826;5453437;1059401728;21790720;1200013312;0;0;0;0;0;0;0;0;0;0;0;3095;0;0;95;0;200;0;
17827;5067864;1059401728;21790720;1200013312;0;0;0;0;0;0;0;0;0;0;0;1873;0;0;95;0;200;0;
17828;3751806;1059401728;21790720;1200013312;0;0;0;0;0;0;0;0;0;0;0;2414;0;0;95;0;200;0;
17829;8886455;1059401728;21790720;1200013312;0;0;0;0;0;0;0;0;0;0;0;2615;0;0;95;0;200;0;
17830;4150164;1059401728;21790720;1200013312;0;0;0;0;0;0;0;0;0;0;0;2484;0;0;95;0;200;0;
17831;8229764;1059401728;21790720;1200013312;0;0;0;0;0;0;0;0;0;0;0;1603;0;0;95;0;200;0;
17832;4020731;1059401728;21790720;1200013312;0;0;0;0;0;0;0;0;0;0;0;3136;0;0;95;0;200;0;
17833;4696127;1059401728;21790720;1200013312;0;0;0;0;0;0;0;0;0;0;0;1633;0;0;95;0;200;0;
17834;6568158;1059401728;21790720;1200013312;0;0;0;0;0;0;0;0;0;0;0;3386;0;0;95;0;200;0;
17835;5920443;1059401728;21790720;1200013312;0;0;0;0;0;0;0;0;0;0;0;2214;0;0;95;0;200;0;
17836;4151536;1059401728;21790720;1200013312;0;0;0;0;0;0;0;0;0;0;0;2765;0;0;95;0;200;0;
17837;7690572;1059401728;21790720;1200013312;0;0;0;0;0;0;0;0;0;0;0;2374;0;0;95;0;200;0;
17838;3363668;1059401728;21790720;1200013312;0;0;0;0;0;0;0;0;0;0;0;2585;0;0;95;0;200;0;
17839;6240744;1059401728;21790720;1200013312;0;0;0;0;0;0;0;0;0;0;0;1984;0;0;95;0;200;0;
17840;4563088;1059401728;21790720;1200013312;0;0;0;0;0;0;0;0;0;0;0;3246;0;0;95;0;200;0;
17841;6745600;1059401728;21790720;1200013312;0;0;0;0;0;0;0;0;0;0;0;2524;0;0;95;0;200;0;
17842;6042873;1059401728;21790720;1200013312;0;0;0;0;0;0;0;0;0;0;0;3466;0;0;95;0;200;0;
17843;5529410;1059401728;21790720;1200013312;0;0;0;0;0;0;0;0;0;0;0;2054;0;0;95;0;200;0;
17844;3587949;1059401728;21790720;1200013312;0;0;0;0;0;0;0;0;0;0;0;2364;0;0;95;0;200;0;
17845;7506969;1059401728;21790720;1200013312;0;0;0;0;0;0;0;0;0;0;0;1744;0;0;95;0;200;0;
17846;3134549;1059401728;21790720;1200013312;0;0;0;0;0;0;0;0;0;0;0;3066;0;0;95;0;200;0;
17847;6352072;1059401728;21790720;1200013312;0;0;0;0;0;0;0;0;0;0;0;1814;0;0;95;0;200;0;
17848;5975587;1059401728;21790720;1200013312;0;0;0;0;0;0;0;0;0;0;0;2484;0;0;95;0;200;0;
17849;7204601;1059401728;21790720;1200013312;0;0;0;0;0;0;0;0;0;0;0;2215;0;0;95;0;200;0;
17850;5902730;1059401728;21790720;1200013312;0;0;0;0;0;0;0;0;0;0;0;2715;0;0;95;0;200;0;
17851;7374470;1059401728;21790720;1200013312;0;0;0;0;0;0;0;0;0;0;0;2154;0;0;95;0;200;0;
17852;5150570;1059401728;21790720;1200013312;0;0;0;0;0;0;0;0;0;0;0;2585;0;0;95;0;200;0;
17853;8622390;1059401728;21790720;1200013312;0;0;0;0;0;0;0;0;0;0;0;2655;0;0;95;0;200;0;
17854;5339724;1059401728;21790720;1200013312;0;0;0;0;0;0;0;0;0;0;0;2935;0;0;95;0;200;0;
17855;5255366;1059401728;21790720;1200013312;0;0;0;0;0;0;0;0;0;0;0;1974;0;0;95;0;200;0;
17856;5546522;1059401728;21790720;1200013312;0;0;0;0;0;0;0;0;0;0;0;2965;0;0;95;0;200;0;
17857;7192389;1059401728;21790720;1200013312;0;0;0;0;0;0;0;0;0;0;0;3156;0;0;95;0;200;0;
17858;5070960;1059401728;21790720;1200013312;0;0;0;0;0;0;0;0;0;0;0;2755;0;0;95;0;200;0;
17859;7052346;1059401728;21790720;1200013312;0;0;0;0;0;0;0;0;0;0;0;1723;0;0;95;0;200;0;
17860;3878653;1059401728;21790720;1200013312;0;0;0;0;0;0;0;0;0;0;0;3436;0;0;95;0;200;0;
17861;6164190;1059401728;21790720;1200013312;0;0;0;0;0;0;0;0;0;0;0;2003;0;0;95;0;200;0;
17862;5768408;1059401728;21790720;1200013312;0;0;0;0;0;0;0;0;0;0;0;46216;0;0;95;0;200;0;
17863;8861830;1059401728;21790720;1200013312;0;0;0;0;0;0;0;0;0;0;0;3847;0;0;95;0;200;0;
17864;5510284;1059401728;21790720;1200013312;0;0;0;0;0;0;0;0;0;0;0;2465;0;0;95;0;200;0;
17865;6552399;1059401728;21790720;1200013312;0;0;0;0;0;0;0;0;0;0;0;1653;0;0;95;0;200;0;
17866;4572294;1059401728;21790720;1200013312;0;0;0;0;0;0;0;0;0;0;0;2995;0;0;95;0;200;0;
17867;5759621;1059401728;21790720;1200013312;0;0;0;0;0;0;0;0;0;0;0;2114;0;0;95;0;200;0;
17868;5115163;1059401728;21790720;1200013312;0;0;0;0;0;0;0;0;0;0;0;2755;0;0;95;0;200;0;
17869;7796792;1059401728;21790720;1200013312;0;0;0;0;0;0;0;0;0;0;0;2454;0;0;95;0;200;0;
17870;4020931;1059401728;21790720;1200013312;0;0;0;0;0;0;0;0;0;0;0;2765;0;0;95;0;200;0;
17871;6806846;1059401728;21790720;1200013312;0;0;0;0;0;0;0;0;0;0;0;2324;0;0;95;0;200;0;
17872;5887642;1059401728;21790720;1200013312;0;0;0;0;0;0;0;0;0;0;0;4188;0;0;95;0;200;0;
17873;5410617;1059401728;21790720;1200013312;0;0;0;0;0;0;0;0;0;0;0;2024;0;0;95;0;200;0;
17874;4805763;1059401728;21790720;1200013312;0;0;0;0;0;0;0;0;0;0;0;2785;0;0;95;0;200;0;
17875;6142700;1059401728;21790720;1200013312;0;0;0;0;0;0;0;0;0;0;0;2144;0;0;95;0;200;0;
17876;3308574;1059401728;21790720;1200013312;0;0;0;0;0;0;0;0;0;0;0;2334;0;0;95;0;200;0;
17877;6212561;1059401728;21790720;1200013312;0;0;0;0;0;0;0;0;0;0;0;2194;0;0;95;0;200;0;
17878;4976653;1059401728;21790720;1200013312;0;0;0;0;0;0;0;0;0;0;0;2775;0;0;95;0;200;0;
17879;4947228;1059401728;21790720;1200013312;0;0;0;0;0;0;0;0;0;0;0;1683;0;0;95;0;200;0;
17880;3119200;1059401728;21790720;1200013312;0;0;0;0;0;0;0;0;0;0;0;2244;0;0;95;0;200;0;
17881;6194898;1059401728;21790720;1200013312;0;0;0;0;0;0;0;0;0;0;0;1853;0;0;95;0;200;0;
17882;3805757;1059401728;21790720;1200013312;0;0;0;0;0;0;0;0;0;0;0;2225;0;0;95;0;200;0;
17883;6078579;1059401728;21790720;1200013312;0;0;0;0;0;0;0;0;0;0;0;2325;0;0;95;0;200;0;
17884;2888567;1059401728;21790720;1200013312;0;0;0;0;0;0;0;0;0;0;0;2444;0;0;95;0;200;0;
17885;6925608;1059401728;21790720;1200013312;0;0;0;0;0;0;0;0;0;0;0;1953;0;0;95;0;200;0;
17886;4212550;1059401728;21790720;1200013312;0;0;0;0;0;0;0;0;0;0;0;2946;0;0;95;0;200;0;
17887;5722131;1059401728;21790720;1200013312;0;0;0;0;0;0;0;0;0;0;0;1813;0;0;95;0;200;0;
17888;4560263;1059401728;21790720;1200013312;0;0;0;0;0;0;0;0;0;0;0;2976;0;0;95;0;200;0;
17889;6245051;1059401728;21790720;1200013312;0;0;0;0;0;0;0;0;0;0;0;1944;0;0;95;0;200;0;
17890;2895190;1059401728;21790720;1200013312;0;0;0;0;0;0;0;0;0;0;0;2635;0;0;95;0;200;0;
17891;7038330;1059401728;21790720;1200013312;0;0;0;0;0;0;0;0;0;0;0;2364;0;0;95;0;200;0;
17892;4118794;1059401728;21790720;1200013312;0;0;0;0;0;0;0;0;0;0;0;2364;0;0;95;0;200;0;
17893;5329816;1059401728;21790720;1200013312;0;0;0;0;0;0;0;0;0;0;0;1443;0;0;95;0;200;0;
17894;4380735;1059401728;21790720;1200013312;0;0;0;0;0;0;0;0;0;0;0;1974;0;0;95;0;200;0;
17895;5853788;1059401728;21790720;1200013312;0;0;0;0;0;0;0;0;0;0;0;1774;0;0;95;0;200;0;
17896;3207085;1059401728;21790720;1200013312;0;0;0;0;0;0;0;0;0;0;0;2234;0;0;95;0;200;0;
17897;8642518;1059401728;21790720;1200013312;0;0;0;0;0;0;0;0;0;0;0;1824;0;0;95;0;200;0;
17898;5433069;1059401728;21790720;1200013312;0;0;0;0;0;0;0;0;0;0;0;3356;0;0;95;0;200;0;
17899;6804371;1059401728;21790720;1200013312;0;0;0;0;0;0;0;0;0;0;0;1664;0;0;95;0;200;0;
17900;4492345;1059401728;21790720;1200013312;0;0;0;0;0;0;0;0;0;0;0;3156;0;0;95;0;200;0;
17901;5868255;1059401728;21790720;1200013312;0;0;0;0;0;0;0;0;0;0;0;2295;0;0;95;0;200;0;
17902;4117312;1059401728;21790720;1200013312;0;0;0;0;0;0;0;0;0;0;0;2655;0;0;95;0;200;0;
17903;5433490;1059401728;21790720;1200013312;0;0;0;0;0;0;0;0;0;0;0;2024;0;0;95;0;200;0;
17904;4330632;1059401728;21790720;1200013312;0;0;0;0;0;0;0;0;0;0;0;2214;0;0;95;0;200;0;
17905;6556446;1059401728;21790720;1200013312;0;0;0;0;0;0;0;0;0;0;0;1914;0;0;95;0;200;0;
17906;4759256;1059401728;21790720;1200013312;0;0;0;0;0;0;0;0;0;0;0;2845;0;0;95;0;200;0;
17907;7289150;1059401728;21790720;1200013312;0;0;0;0;0;0;0;0;0;0;0;2675;0;0;95;0;200;0;
17908;3761214;1059401728;21790720;1200013312;0;0;0;0;0;0;0;0;0;0;0;3035;0;0;95;0;200;0;
17909;5500276;1059401728;21790720;1200013312;0;0;0;0;0;0;0;0;0;0;0;1904;0;0;95;0;200;0;
17910;5621863;1059401728;21790720;1200013312;0;0;0;0;0;0;0;0;0;0;0;2955;0;0;95;0;200;0;
17911;6261042;1059401728;21790720;1200013312;0;0;0;0;0;0;0;0;0;0;0;2565;0;0;95;0;200;0;
17912;2765767;1059401728;21790720;1200013312;0;0;0;0;0;0;0;0;0;0;0;3146;0;0;95;0;200;0;
17913;7270825;1059401728;21790720;1200013312;0;0;0;0;0;0;0;0;0;0;0;2525;0;0;95;0;200;0;
17914;4661041;1059401728;21790720;1200013312;0;0;0;0;0;0;0;0;0;0;0;2164;0;0;95;0;200;0;
17915;7160569;1059401728;21790720;1200013312;0;0;0;0;0;0;0;0;0;0;0;2384;0;0;95;0;200;0;
17916;4410481;1059401728;21790720;1200013312;0;0;0;0;0;0;0;0;0;0;0;3516;0;0;95;0;200;0;
17917;7265856;1059401728;21790720;1200013312;0;0;0;0;0;0;0;0;0;0;0;2164;0;0;95;0;200;0;
17918;4766510;1059401728;21790720;1200013312;0;0;0;0;0;0;0;0;0;0;0;3737;0;0;95;0;200;0;
17919;5335736;1059401728;21790720;1200013312;0;0;0;0;0;0;0;0;0;0;0;1974;0;0;95;0;200;0;
17920;4474151;1059401728;21790720;1200013312;0;0;0;0;0;0;0;0;0;0;0;3236;0;0;95;0;200;0;
17921;6301007;1059401728;21790720;1200013312;0;0;0;0;0;0;0;0;0;0;0;2485;0;0;95;0;200;0;
17922;5014905;1059401728;21790720;1200013312;0;0;0;0;0;0;0;0;0;0;0;3276;0;0;95;0;200;0;
17923;5683889;1059401728;21790720;1200013312;0;0;0;0;0;0;0;0;0;0;0;1873;0;0;95;0;200;0;
17924;4265429;1059401728;21790720;1200013312;0;0;0;0;0;0;0;0;0;0;0;3827;0;0;95;0;200;0;
17925;6970342;1059401728;21790720;1200013312;0;0;0;0;0;0;0;0;0;0;0;2144;0;0;95;0;200;0;
17926;3758319;1059401728;21790720;1200013312;0;0;0;0;0;0;0;0;0;0;0;3396;0;0;95;0;200;0;
17927;5380350;1059401728;21790720;1200013312;0;0;0;0;0;0;0;0;0;0;0;2785;0;0;95;0;200;0;
17928;3478324;1059401728;21790720;1200013312;0;0;0;0;0;0;0;0;0;0;0;3036;0;0;95;0;200;0;
17929;4835819;1059401728;21790720;1200013312;0;0;0;0;0;0;0;0;0;0;0;2855;0;0;95;0;200;0;
17930;5676516;1059401728;21790720;1200013312;0;0;0;0;0;0;0;0;0;0;0;3486;0;0;95;0;200;0;
17931;5297865;1059401728;21790720;1200013312;0;0;0;0;0;0;0;0;0;0;0;2675;0;0;95;0;200;0;
17932;5278179;1059401728;21790720;1200013312;0;0;0;0;0;0;0;0;0;0;0;3637;0;0;95;0;200;0;
17933;6924677;1059401728;21790720;1200013312;0;0;0;0;0;0;0;0;0;0;0;2565;0;0;95;0;200;0;
17934;4109226;1059401728;21790720;1200013312;0;0;0;0;0;0;0;0;0;0;0;3888;0;0;95;0;200;0;
17935;6387318;1059401728;21790720;1200013312;0;0;0;0;0;0;0;0;0;0;0;1834;0;0;95;0;200;0;
17936;5317733;1059401728;21790720;1200013312;0;0;0;0;0;0;0;0;0;0;0;3146;0;0;95;0;200;0;
17937;7856574;1059401728;21790720;1200013312;0;0;0;0;0;0;0;0;0;0;0;3256;0;0;95;0;200;0;
17938;4654148;1059401728;21790720;1200013312;0;0;0;0;0;0;0;0;0;0;0;3476;0;0;95;0;200;0;
17939;6130377;1059401728;21790720;1200013312;0;0;0;0;0;0;0;0;0;0;0;2926;0;0;95;0;200;0;
17940;3448608;1059401728;21790720;1200013312;0;0;0;0;0;0;0;0;0;0;0;3457;0;0;95;0;200;0;
17941;8578618;1059401728;21790720;1200013312;0;0;0;0;0;0;0;0;0;0;0;3216;0;0;95;0;200;0;
17942;4154461;1059401728;21790720;1200013312;0;0;0;0;0;0;0;0;0;0;0;3657;0;0;95;0;200;0;
17943;6906492;1059401728;21790720;1200013312;0;0;0;0;0;0;0;0;0;0;0;2434;0;0;95;0;200;0;
17944;4956185;1059401728;21790720;1200013312;0;0;0;0;0;0;0;0;0;0;0;3487;0;0;95;0;200;0;
17945;5548325;1059401728;21790720;1200013312;0;0;0;0;0;0;0;0;0;0;0;2174;0;0;95;0;200;0;
17946;6793380;1059401728;21790720;1200013312;0;0;0;0;0;0;0;0;0;0;0;3757;0;0;95;0;200;0;
17947;6599106;1059401728;21790720;1200013312;0;0;0;0;0;0;0;0;0;0;0;2845;0;0;95;0;200;0;
17948;5887983;1059401728;21790720;1200013312;0;0;0;0;0;0;0;0;0;0;0;3827;0;0;95;0;200;0;
17949;6991853;1059401728;21790720;1200013312;0;0;0;0;0;0;0;0;0;0;0;2625;0;0;95;0;200;0;
17950;4025098;1059401728;21790720;1200013312;0;0;0;0;0;0;0;0;0;0;0;3978;0;0;95;0;200;0;
17951;7423632;1059401728;21790720;1200013312;0;0;0;0;0;0;0;0;0;0;0;3647;0;0;95;0;200;0;
17952;5560549;1059401728;21790720;1200013312;0;0;0;0;0;0;0;0;0;0;0;4118;0;0;95;0;200;0;
17953;5872513;1059401728;21790720;1200013312;0;0;0;0;0;0;0;0;0;0;0;2354;0;0;95;0;200;0;
17954;5100175;1059401728;21790720;1200013312;0;0;0;0;0;0;0;0;0;0;0;3456;0;0;95;0;200;0;
17955;7090327;1059401728;21790720;1200013312;0;0;0;0;0;0;0;0;0;0;0;3166;0;0;95;0;200;0;
17956;5230409;1059401728;21790720;1200013312;0;0;0;0;0;0;0;0;0;0;0;3827;0;0;95;0;200;0;
17957;6981683;1059401728;21790720;1200013312;0;0;0;0;0;0;0;0;0;0;0;3186;0;0;95;0;200;0;
17958;4725442;1059401728;21790720;1200013312;0;0;0;0;0;0;0;0;0;0;0;3967;0;0;95;0;200;0;
17959;7215572;1059401728;21790720;1200013312;0;0;0;0;0;0;0;0;0;0;0;53801;0;0;95;0;200;0;
17960;6025610;1059401728;21790720;1200013312;0;0;0;0;0;0;0;0;0;0;0;4358;0;0;95;0;200;0;
17961;6746913;1059401728;21790720;1200013312;0;0;0;0;0;0;0;0;0;0;0;3858;0;0;95;0;200;0;
17962;5046274;1059401728;21790720;1200013312;0;0;0;0;0;0;0;0;0;0;0;2975;0;0;95;0;200;0;
17963;6031291;1059401728;21790720;1200013312;0;0;0;0;0;0;0;0;0;0;0;2915;0;0;95;0;200;0;
17964;4705866;1059401728;21790720;1200013312;0;0;0;0;0;0;0;0;0;0;0;4288;0;0;95;0;200;0;
17965;6213342;1059401728;21790720;1200013312;0;0;0;0;0;0;0;0;0;0;0;3156;0;0;95;0;200;0;
17966;3411007;1059401728;21790720;1200013312;0;0;0;0;0;0;0;0;0;0;0;4188;0;0;95;0;200;0;
17967;5214269;1059401728;21790720;1200013312;0;0;0;0;0;0;0;0;0;0;0;2234;0;0;95;0;200;0;
17968;5487512;1059401728;21790720;1200013312;0;0;0;0;0;0;0;0;0;0;0;4449;0;0;95;0;200;0;
17969;8229834;1059401728;21790720;1200013312;0;0;0;0;0;0;0;0;0;0;0;3877;0;0;95;0;200;0;
17970;4011974;1059401728;21790720;1200013312;0;0;0;0;0;0;0;0;0;0;0;4298;0;0;95;0;200;0;
17971;8055477;1059401728;21790720;1200013312;0;0;0;0;0;0;0;0;0;0;0;3246;0;0;95;0;200;0;
17972;4076716;1059401728;21790720;1200013312;0;0;0;0;0;0;0;0;0;0;0;3937;0;0;95;0;200;0;
17973;6830920;1059401728;21790720;1200013312;0;0;0;0;0;0;0;0;0;0;0;3045;0;0;95;0;200;0;
17974;5610592;1059401728;21790720;1200013312;0;0;0;0;0;0;0;0;0;0;0;3787;0;0;95;0;200;0;
17975;5760673;1059401728;21790720;1200013312;0;0;0;0;0;0;0;0;0;0;0;3146;0;0;95;0;200;0;
17976;3202226;1059401728;21790720;1200013312;0;0;0;0;0;0;0;0;0;0;0;3356;0;0;95;0;200;0;
17977;7301533;1059401728;21790720;1200013312;0;0;0;0;0;0;0;0;0;0;0;2535;0;0;95;0;200;0;
17978;5558735;1059401728;21790720;1200013312;0;0;0;0;0;0;0;0;0;0;0;4318;0;0;95;0;200;0;
17979;7430324;1059401728;21790720;1200013312;0;0;0;0;0;0;0;0;0;0;0;4168;0;0;95;0;200;0;
17980;4275528;1059401728;21790720;1200013312;0;0;0;0;0;0;0;0;0;0;0;3848;0;0;95;0;200;0;
17981;6407136;1059401728;21790720;1200013312;0;0;0;0;0;0;0;0;0;0;0;3868;0;0;95;0;200;0;
17982;5039572;1059401728;21790720;1200013312;0;0;0;0;0;0;0;0;0;0;0;3647;0;0;95;0;200;0;
17983;5908491;1059401728;21790720;1200013312;0;0;0;0;0;0;0;0;0;0;0;3386;0;0;95;0;200;0;
17984;5125342;1059401728;21790720;1200013312;0;0;0;0;0;0;0;0;0;0;0;4519;0;0;95;0;200;0;
17985;6891424;1059401728;21790720;1200013312;0;0;0;0;0;0;0;0;0;0;0;3267;0;0;95;0;200;0;
17986;4044545;1059401728;21790720;1200013312;0;0;0;0;0;0;0;0;0;0;0;3887;0;0;95;0;200;0;
17987;8737646;1059401728;21790720;1200013312;0;0;0;0;0;0;0;0;0;0;0;3616;0;0;95;0;200;0;
17988;4134714;1059401728;21790720;1200013312;0;0;0;0;0;0;0;0;0;0;0;3928;0;0;95;0;200;0;
17989;6891625;1059401728;21790720;1200013312;0;0;0;0;0;0;0;0;0;0;0;4027;0;0;95;0;200;0;
17990;6055376;1059401728;21790720;1200013312;0;0;0;0;0;0;0;0;0;0;0;3967;0;0;95;0;200;0;
17991;6707028;1059401728;21790720;1200013312;0;0;0;0;0;0;0;0;0;0;0;3577;0;0;95;0;200;0;
17992;5540240;1059401728;21790720;1200013312;0;0;0;0;0;0;0;0;0;0;0;4208;0;0;95;0;200;0;
17993;7184023;1059401728;21790720;1200013312;0;0;0;0;0;0;0;0;0;0;0;3306;0;0;95;0;200;0;
17994;4520848;1059401728;21790720;1200013312;0;0;0;0;0;0;0;0;0;0;0;3527;0;0;95;0;200;0;
17995;6567086;1059401728;21790720;1200013312;0;0;0;0;0;0;0;0;0;0;0;2966;0;0;95;0;200;0;
17996;6161745;1059401728;21790720;1200013312;0;0;0;0;0;0;0;0;0;0;0;3526;0;0;95;0;200;0;
17997;6171163;1059401728;21790720;1200013312;0;0;0;0;0;0;0;0;0;0;0;3176;0;0;95;0;200;0;
17998;5663571;1059401728;21790720;1200013312;0;0;0;0;0;0;0;0;0;0;0;4138;0;0;95;0;200;0;
17999;6419859;1059401728;21790720;1200013312;0;0;0;0;0;0;0;0;0;0;0;3026;0;0;95;0;200;0;
18000;4251944;1059401728;21790720;1200013312;0;0;0;0;0;0;0;0;0;0;0;3687;0;0;95;0;200;0;
18001;7370303;1059401728;21790720;1200013312;0;0;0;0;0;0;0;0;0;0;0;3236;0;0;95;0;200;0;
18002;4211458;1059401728;21790720;1200013312;0;0;0;0;0;0;0;0;0;0;0;4008;0;0;95;0;200;0;
18003;6808288;1059401728;21790720;1200013312;0;0;0;0;0;0;0;0;0;0;0;3958;0;0;95;0;200;0;
18004;4707999;1059401728;21790720;1200013312;0;0;0;0;0;0;0;0;0;0;0;4889;0;0;95;0;200;0;
18005;7458648;1059401728;21790720;1200013312;0;0;0;0;0;0;0;0;0;0;0;4628;0;0;95;0;200;0;
18006;5539609;1059401728;21790720;1200013312;0;0;0;0;0;0;0;0;0;0;0;3606;0;0;95;0;200;0;
18007;5963002;1059401728;21790720;1200013312;0;0;0;0;0;0;0;0;0;0;0;2555;0;0;95;0;200;0;
18008;6547780;1059401728;21790720;1200013312;0;0;0;0;0;0;0;0;0;0;0;58079;0;0;95;0;200;0;
18009;5780331;1059401728;21790720;1200013312;0;0;0;0;0;0;0;0;0;0;0;2094;0;0;95;0;200;0;
18010;6660251;1059401728;21790720;1200013312;0;0;0;0;0;0;0;0;0;0;0;3927;0;0;95;0;200;0;
18011;7473596;1059401728;21790720;1200013312;0;0;0;0;0;0;0;0;0;0;0;3626;0;0;95;0;200;0;
18012;4576412;1059401728;21790720;1200013312;0;0;0;0;0;0;0;0;0;0;0;3967;0;0;95;0;200;0;
18013;7982420;1059401728;21790720;1200013312;0;0;0;0;0;0;0;0;0;0;0;3326;0;0;95;0;200;0;
18014;3518248;1059401728;21790720;1200013312;0;0;0;0;0;0;0;0;0;0;0;3116;0;0;95;0;200;0;
18015;6158770;1059401728;21790720;1200013312;0;0;0;0;0;0;0;0;0;0;0;2244;0;0;95;0;200;0;
18016;3886549;1059401728;21790720;1200013312;0;0;0;0;0;0;0;0;0;0;0;3537;0;0;95;0;200;0;
18017;6125247;1059401728;21790720;1200013312;0;0;0;0;0;0;0;0;0;0;0;2936;0;0;95;0;200;0;
18018;4278534;1059401728;21790720;1200013312;0;0;0;0;0;0;0;0;0;0;0;3256;0;0;95;0;200;0;
18019;6928413;1059401728;21790720;1200013312;0;0;0;0;0;0;0;0;0;0;0;2945;0;0;95;0;200;0;
18020;4628631;1059401728;21790720;1200013312;0;0;0;0;0;0;0;0;0;0;0;3356;0;0;95;0;200;0;
18021;7557142;1059401728;21790720;1200013312;0;0;0;0;0;0;0;0;0;0;0;3316;0;0;95;0;200;0;
18022;4222539;1059401728;21790720;1200013312;0;0;0;0;0;0;0;0;0;0;0;4318;0;0;95;0;200;0;
18023;7653874;1059401728;21790720;1200013312;0;0;0;0;0;0;0;0;0;0;0;4619;0;0;95;0;200;0;
18024;5203629;1059401728;21790720;1200013312;0;0;0;0;0;0;0;0;0;0;0;3617;0;0;95;0;200;0;
18025;8255322;1059401728;21790720;1200013312;0;0;0;0;0;0;0;0;0;0;0;3015;0;0;95;0;200;0;
18026;3544487;1059401728;21790720;1200013312;0;0;0;0;0;0;0;0;0;0;0;2745;0;0;95;0;200;0;
18027;8303963;1059401728;21790720;1200013312;0;0;0;0;0;0;0;0;0;0;0;3627;0;0;95;0;200;0;
18028;4511912;1059401728;21790720;1200013312;0;0;0;0;0;0;0;0;0;0;0;4167;0;0;95;0;200;0;
18029;8742736;1059401728;21790720;1200013312;0;0;0;0;0;0;0;0;0;0;0;3717;0;0;95;0;200;0;
18030;4083167;1059401728;21790720;1200013312;0;0;0;0;0;0;0;0;0;0;0;9178;0;0;95;0;200;0;
18031;7003374;1059401728;21790720;1200013312;0;0;0;0;0;0;0;0;0;0;0;2435;0;0;95;0;200;0;
18032;4928613;1059401728;21790720;1200013312;0;0;0;0;0;0;0;0;0;0;0;3446;0;0;95;0;200;0;
18033;7872223;1059401728;21790720;1200013312;0;0;0;0;0;0;0;0;0;0;0;2304;0;0;95;0;200;0;
18034;4481795;1059401728;21790720;1200013312;0;0;0;0;0;0;0;0;0;0;0;2795;0;0;95;0;200;0;
18035;6613703;1059401728;21790720;1200013312;0;0;0;0;0;0;0;0;0;0;0;2124;0;0;95;0;200;0;
18036;2662573;1059401728;21790720;1200013312;0;0;0;0;0;0;0;0;0;0;0;2505;0;0;95;0;200;0;
18037;6559822;1059401728;21790720;1200013312;0;0;0;0;0;0;0;0;0;0;0;2405;0;0;95;0;200;0;
18038;3561229;1059401728;21790720;1200013312;0;0;0;0;0;0;0;0;0;0;0;3687;0;0;95;0;200;0;
18039;10469494;1059401728;21790720;1200013312;0;0;0;0;0;0;0;0;0;0;0;2034;0;0;95;0;200;0;
18040;2877296;1059401728;21790720;1200013312;0;0;0;0;0;0;0;0;0;0;0;48661;0;0;95;0;200;0;
18041;7502370;1059401728;21790720;1200013312;0;0;0;0;0;0;0;0;0;0;0;2285;0;0;95;0;200;0;
18042;4284165;1059401728;21790720;1200013312;0;0;0;0;0;0;0;0;0;0;0;2866;0;0;95;0;200;0;
18043;6252737;1059401728;21790720;1200013312;0;0;0;0;0;0;0;0;0;0;0;2144;0;0;95;0;200;0;
18044;5678680;1059401728;21790720;1200013312;0;0;0;0;0;0;0;0;0;0;0;30617;0;0;95;0;200;0;
18045;5195544;1059401728;21790720;1200013312;0;0;0;0;0;0;0;0;0;0;0;2234;0;0;95;0;200;0;
18046;5384969;1059401728;21790720;1200013312;0;0;0;0;0;0;0;0;0;0;0;2996;0;0;95;0;200;0;
18047;5810296;1059401728;21790720;1200013312;0;0;0;0;0;0;0;0;0;0;0;2174;0;0;95;0;200;0;
18048;2655129;1059401728;21790720;1200013312;0;0;0;0;0;0;0;0;0;0;0;2916;0;0;95;0;200;0;
18049;5548545;1059401728;21790720;1200013312;0;0;0;0;0;0;0;0;0;0;0;2455;0;0;95;0;200;0;
18050;5351927;1059401728;21790720;1200013312;0;0;0;0;0;0;0;0;0;0;0;4328;0;0;95;0;200;0;
18051;6471577;1059401728;21790720;1200013312;0;0;0;0;0;0;0;0;0;0;0;1953;0;0;95;0;200;0;
18052;5334885;1059401728;21790720;1200013312;0;0;0;0;0;0;0;0;0;0;0;2785;0;0;95;0;200;0;
18053;5678269;1059401728;21790720;1200013312;0;0;0;0;0;0;0;0;0;0;0;2074;0;0;95;0;200;0;
18054;6283855;1059401728;21790720;1200013312;0;0;0;0;0;0;0;0;0;0;0;3356;0;0;95;0;200;0;
18055;7886711;1059401728;21790720;1200013312;0;0;0;0;0;0;0;0;0;0;0;3727;0;0;95;0;200;0;
18056;4111661;1059401728;21790720;1200013312;0;0;0;0;0;0;0;0;0;0;0;2886;0;0;95;0;200;0;
18057;6494019;1059401728;21790720;1200013312;0;0;0;0;0;0;0;0;0;0;0;4248;0;0;95;0;200;0;
18058;4923253;1059401728;21790720;1200013312;0;0;0;0;0;0;0;0;0;0;0;4158;0;0;95;0;200;0;
18059;8798671;1059401728;21790720;1200013312;0;0;0;0;0;0;0;0;0;0;0;3156;0;0;95;0;200;0;
18060;5471110;1059401728;21790720;1200013312;0;0;0;0;0;0;0;0;0;0;0;3126;0;0;95;0;200;0;
18061;7486991;1059401728;21790720;1200013312;0;0;0;0;0;0;0;0;0;0;0;4147;0;0;95;0;200;0;
18062;4481053;1059401728;21790720;1200013312;0;0;0;0;0;0;0;0;0;0;0;4258;0;0;95;0;200;0;
18063;8227580;1059401728;21790720;1200013312;0;0;0;0;0;0;0;0;0;0;0;3697;0;0;95;0;200;0;
18064;4689905;1059401728;21790720;1200013312;0;0;0;0;0;0;0;0;0;0;0;3507;0;0;95;0;200;0;
18065;9328064;1059401728;21790720;1200013312;0;0;0;0;0;0;0;0;0;0;0;3827;0;0;95;0;200;0;
18066;4317638;1059401728;21790720;1200013312;0;0;0;0;0;0;0;0;0;0;0;2755;0;0;95;0;200;0;
18067;7552243;1059401728;21790720;1200013312;0;0;0;0;0;0;0;0;0;0;0;4368;0;0;95;0;200;0;
18068;4509918;1059401728;21790720;1200013312;0;0;0;0;0;0;0;0;0;0;0;3206;0;0;95;0;200;0;
18069;5701662;1059401728;21790720;1200013312;0;0;0;0;0;0;0;0;0;0;0;2124;0;0;95;0;200;0;
18070;7602908;1059401728;21790720;1200013312;0;0;0;0;0;0;0;0;0;0;0;3076;0;0;95;0;200;0;
18071;6083559;1059401728;21790720;1200013312;0;0;0;0;0;0;0;0;0;0;0;2364;0;0;95;0;200;0;
18072;5295672;1059401728;21790720;1200013312;0;0;0;0;0;0;0;0;0;0;0;3106;0;0;95;0;200;0;
18073;7101599;1059401728;21790720;1200013312;0;0;0;0;0;0;0;0;0;0;0;2335;0;0;95;0;200;0;
18074;6462259;1059401728;21790720;1200013312;0;0;0;0;0;0;0;0;0;0;0;3186;0;0;95;0;200;0;
18075;5338702;1059401728;21790720;1200013312;0;0;0;0;0;0;0;0;0;0;0;1974;0;0;95;0;200;0;
18076;7043890;1059401728;21790720;1200013312;0;0;0;0;0;0;0;0;0;0;0;3317;0;0;95;0;200;0;
18077;6901343;1059401728;21790720;1200013312;0;0;0;0;0;0;0;0;0;0;0;2204;0;0;95;0;200;0;
18078;5063376;1059401728;21790720;1200013312;0;0;0;0;0;0;0;0;0;0;0;3136;0;0;95;0;200;0;
18079;7444250;1059401728;21790720;1200013312;0;0;0;0;0;0;0;0;0;0;0;4028;0;0;95;0;200;0;
18080;5701843;1059401728;21790720;1200013312;0;0;0;0;0;0;0;0;0;0;0;3487;0;0;95;0;200;0;
18081;5681025;1059401728;21790720;1200013312;0;0;0;0;0;0;0;0;0;0;0;1993;0;0;95;0;200;0;
18082;5068996;1059401728;21790720;1200013312;0;0;0;0;0;0;0;0;0;0;0;2946;0;0;95;0;200;0;
18083;6344578;1059401728;21790720;1200013312;0;0;0;0;0;0;0;0;0;0;0;2264;0;0;95;0;200;0;
18084;5241310;1059401728;21790720;1200013312;0;0;0;0;0;0;0;0;0;0;0;3016;0;0;95;0;200;0;
18085;7536584;1059401728;21790720;1200013312;0;0;0;0;0;0;0;0;0;0;0;4138;0;0;95;0;200;0;
18086;4197843;1059401728;21798912;1200021504;0;0;0;0;0;0;0;0;0;0;0;3096;0;0;95;0;200;0;
18087;6590369;1059401728;21798912;1200021504;0;0;0;0;0;0;0;0;0;0;0;2454;0;0;95;0;200;0;
18088;5817700;1059401728;21798912;1200021504;0;0;0;0;0;0;0;0;0;0;0;3045;0;0;95;0;200;0;
18089;6442562;1059401728;21798912;1200021504;0;0;0;0;0;0;0;0;0;0;0;2454;0;0;95;0;200;0;
18090;5061643;1059401728;21798912;1200021504;0;0;0;0;0;0;0;0;0;0;0;3156;0;0;95;0;200;0;
18091;6443084;1059401728;21798912;1200021504;0;0;0;0;0;0;0;0;0;0;0;2755;0;0;95;0;200;0;
18092;5982930;1059401728;21790720;1200013312;0;0;0;0;0;0;0;0;0;0;0;3256;0;0;95;0;200;0;
18093;7449601;1059401728;21790720;1200013312;0;0;0;0;0;0;0;0;0;0;0;2885;0;0;95;0;200;0;
18094;5595183;1059401728;21790720;1200013312;0;0;0;0;0;0;0;0;0;0;0;3517;0;0;95;0;200;0;
18095;5770572;1059401728;21790720;1200013312;0;0;0;0;0;0;0;0;0;0;0;1663;0;0;95;0;200;0;
18096;5249545;1059401728;21790720;1200013312;0;0;0;0;0;0;0;0;0;0;0;2615;0;0;95;0;200;0;
18097;7028391;1059401728;21790720;1200013312;0;0;0;0;0;0;0;0;0;0;0;3216;0;0;95;0;200;0;
18098;6511321;1059401728;21790720;1200013312;0;0;0;0;0;0;0;0;0;0;0;3406;0;0;95;0;200;0;
18099;7226503;1059401728;21790720;1200013312;0;0;0;0;0;0;0;0;0;0;0;3838;0;0;95;0;200;0;
18100;4509177;1059401728;21790720;1200013312;0;0;0;0;0;0;0;0;0;0;0;2534;0;0;95;0;200;0;
18101;5947745;1059401728;21790720;1200013312;0;0;0;0;0;0;0;0;0;0;0;2895;0;0;95;0;200;0;
18102;4683173;1059401728;21790720;1200013312;0;0;0;0;0;0;0;0;0;0;0;3627;0;0;95;0;200;0;
18103;6604916;1059401728;21790720;1200013312;0;0;0;0;0;0;0;0;0;0;0;2024;0;0;95;0;200;0;
18104;5040903;1059401728;21790720;1200013312;0;0;0;0;0;0;0;0;0;0;0;3897;0;0;95;0;200;0;
18105;7887122;1059401728;21790720;1200013312;0;0;0;0;0;0;0;0;0;0;0;3116;0;0;95;0;200;0;
18106;4290436;1059401728;21790720;1200013312;0;0;0;0;0;0;0;0;0;0;0;2835;0;0;95;0;200;0;
18107;7287597;1059401728;21790720;1200013312;0;0;0;0;0;0;0;0;0;0;0;3717;0;0;95;0;200;0;
18108;5432558;1059401728;21790720;1200013312;0;0;0;0;0;0;0;0;0;0;0;3316;0;0;95;0;200;0;
18109;8222760;1059401728;21790720;1200013312;0;0;0;0;0;0;0;0;0;0;0;4278;0;0;95;0;200;0;
18110;5198619;1059401728;21790720;1200013312;0;0;0;0;0;0;0;0;0;0;0;3417;0;0;95;0;200;0;
18111;6869813;1059401728;21790720;1200013312;0;0;0;0;0;0;0;0;0;0;0;3787;0;0;95;0;200;0;
18112;5426637;1059401728;21790720;1200013312;0;0;0;0;0;0;0;0;0;0;0;5050;0;0;95;0;200;0;
18113;6808850;1059401728;21790720;1200013312;0;0;0;0;0;0;0;0;0;0;0;3266;0;0;95;0;200;0;
18114;5364981;1059401728;21790720;1200013312;0;0;0;0;0;0;0;0;0;0;0;3346;0;0;95;0;200;0;
18115;6832013;1059401728;21790720;1200013312;0;0;0;0;0;0;0;0;0;0;0;2775;0;0;95;0;200;0;
18116;5193480;1059401728;21790720;1200013312;0;0;0;0;0;0;0;0;0;0;0;3076;0;0;95;0;200;0;
18117;7704629;1059401728;21790720;1200013312;0;0;0;0;0;0;0;0;0;0;0;3567;0;0;95;0;200;0;
18118;4135335;1059401728;21790720;1200013312;0;0;0;0;0;0;0;0;0;0;0;3567;0;0;95;0;200;0;
18119;7805528;1059401728;21790720;1200013312;0;0;0;0;0;0;0;0;0;0;0;3607;0;0;95;0;200;0;
18120;3911265;1059401728;21790720;1200013312;0;0;0;0;0;0;0;0;0;0;0;3567;0;0;95;0;200;0;
18121;6770006;1059401728;21790720;1200013312;0;0;0;0;0;0;0;0;0;0;0;3196;0;0;95;0;200;0;
18122;5548576;1059401728;21790720;1200013312;0;0;0;0;0;0;0;0;0;0;0;3126;0;0;95;0;200;0;
18123;6358014;1059401728;21790720;1200013312;0;0;0;0;0;0;0;0;0;0;0;2284;0;0;95;0;200;0;
18124;5716079;1059401728;21790720;1200013312;0;0;0;0;0;0;0;0;0;0;0;4178;0;0;95;0;200;0;
18125;6593085;1059401728;21790720;1200013312;0;0;0;0;0;0;0;0;0;0;0;2345;0;0;95;0;200;0;
18126;6473951;1059401728;21790720;1200013312;0;0;0;0;0;0;0;0;0;0;0;3296;0;0;95;0;200;0;
18127;6273074;1059401728;21790720;1200013312;0;0;0;0;0;0;0;0;0;0;0;2806;0;0;95;0;200;0;
18128;5223676;1059401728;21790720;1200013312;0;0;0;0;0;0;0;0;0;0;0;4047;0;0;95;0;200;0;
18129;6988206;1059401728;21790720;1200013312;0;0;0;0;0;0;0;0;0;0;0;3025;0;0;95;0;200;0;
18130;7349934;1059401728;21790720;1200013312;0;0;0;0;0;0;0;0;0;0;0;35947;0;0;95;0;200;0;
18131;6741784;1059401728;21790720;1200013312;0;0;0;0;0;0;0;0;0;0;0;3076;0;0;95;0;200;0;
18132;5413562;1059401728;21790720;1200013312;0;0;0;0;0;0;0;0;0;0;0;3547;0;0;95;0;200;0;
18133;8376469;1059401728;21790720;1200013312;0;0;0;0;0;0;0;0;0;0;0;2985;0;0;95;0;200;0;
18134;5382915;1059401728;21790720;1200013312;0;0;0;0;0;0;0;0;0;0;0;3276;0;0;95;0;200;0;
18135;8331544;1059401728;21790720;1200013312;0;0;0;0;0;0;0;0;0;0;0;3807;0;0;95;0;200;0;
18136;4555544;1059401728;21790720;1200013312;0;0;0;0;0;0;0;0;0;0;0;3586;0;0;95;0;200;0;
18137;8410783;1059401728;21790720;1200013312;0;0;0;0;0;0;0;0;0;0;0;2785;0;0;95;0;200;0;
18138;5678179;1059401728;21790720;1200013312;0;0;0;0;0;0;0;0;0;0;0;3457;0;0;95;0;200;0;
18139;6004320;1059401728;21790720;1200013312;0;0;0;0;0;0;0;0;0;0;0;2735;0;0;95;0;200;0;
18140;8232389;1059401728;21790720;1200013312;0;0;0;0;0;0;0;0;0;0;0;4177;0;0;95;0;200;0;
18141;9234207;1059401728;21790720;1200013312;0;0;0;0;0;0;0;0;0;0;0;4378;0;0;95;0;200;0;
18142;6832644;1059401728;21790720;1200013312;0;0;0;0;0;0;0;0;0;0;0;3666;0;0;95;0;200;0;
18143;7153425;1059401728;21790720;1200013312;0;0;0;0;0;0;0;0;0;0;0;4178;0;0;95;0;200;0;
18144;6400804;1059401728;21790720;1200013312;0;0;0;0;0;0;0;0;0;0;0;3757;0;0;95;0;200;0;
18145;6996742;1059401728;21790720;1200013312;0;0;0;0;0;0;0;0;0;0;0;3146;0;0;95;0;200;0;
18146;6281691;1059401728;21790720;1200013312;0;0;0;0;0;0;0;0;0;0;0;2705;0;0;95;0;200;0;
18147;7104113;1059401728;21790720;1200013312;0;0;0;0;0;0;0;0;0;0;0;3176;0;0;95;0;200;0;
18148;5413943;1059401728;21790720;1200013312;0;0;0;0;0;0;0;0;0;0;0;3818;0;0;95;0;200;0;
18149;8503247;1059401728;21790720;1200013312;0;0;0;0;0;0;0;0;0;0;0;3417;0;0;95;0;200;0;
18150;4166734;1059401728;21790720;1200013312;0;0;0;0;0;0;0;0;0;0;0;4228;0;0;95;0;200;0;
18151;7528819;1059401728;21790720;1200013312;0;0;0;0;0;0;0;0;0;0;0;2725;0;0;95;0;200;0;
18152;6339739;1059401728;21790720;1200013312;0;0;0;0;0;0;0;0;0;0;0;3446;0;0;95;0;200;0;
18153;4870113;1059401728;21790720;1200013312;0;0;0;0;0;0;0;0;0;0;0;2525;0;0;95;0;200;0;
18154;6978567;1059401728;21790720;1200013312;0;0;0;0;0;0;0;0;0;0;0;3917;0;0;95;0;200;0;
18155;6136508;1059401728;21790720;1200013312;0;0;0;0;0;0;0;0;0;0;0;2905;0;0;95;0;200;0;
18156;5356906;1059401728;21790720;1200013312;0;0;0;0;0;0;0;0;0;0;0;4478;0;0;95;0;200;0;
18157;7452406;1059401728;21790720;1200013312;0;0;0;0;0;0;0;0;0;0;0;3266;0;0;95;0;200;0;
18158;4948390;1059401728;21790720;1200013312;0;0;0;0;0;0;0;0;0;0;0;3176;0;0;95;0;200;0;
18159;8074202;1059401728;21790720;1200013312;0;0;0;0;0;0;0;0;0;0;0;2484;0;0;95;0;200;0;
18160;3727019;1059401728;21790720;1200013312;0;0;0;0;0;0;0;0;0;0;0;3185;0;0;95;0;200;0;
18161;6324892;1059401728;21790720;1200013312;0;0;0;0;0;0;0;0;0;0;0;1964;0;0;95;0;200;0;
18162;5727251;1059401728;21790720;1200013312;0;0;0;0;0;0;0;0;0;0;0;3787;0;0;95;0;200;0;
18163;5816859;1059401728;21790720;1200013312;0;0;0;0;0;0;0;0;0;0;0;2494;0;0;95;0;200;0;
18164;5944578;1059401728;21790720;1200013312;0;0;0;0;0;0;0;0;0;0;0;4078;0;0;95;0;200;0;
18165;8476246;1059401728;21790720;1200013312;0;0;0;0;0;0;0;0;0;0;0;3737;0;0;95;0;200;0;
18166;4523203;1059401728;21798912;1200021504;0;0;0;0;0;0;0;0;0;0;0;4117;0;0;95;0;200;0;
18167;7887673;1059401728;21798912;1200021504;0;0;0;0;0;0;0;0;0;0;0;2805;0;0;95;0;200;0;
18168;5253392;1059401728;21798912;1200021504;0;0;0;0;0;0;0;0;0;0;0;4518;0;0;95;0;200;0;
18169;5695461;1059401728;21798912;1200021504;0;0;0;0;0;0;0;0;0;0;0;3206;0;0;95;0;200;0;
18170;5454690;1059401728;21798912;1200021504;0;0;0;0;0;0;0;0;0;0;0;3075;0;0;95;0;200;0;
18171;6994147;1059401728;21798912;1200021504;0;0;0;0;0;0;0;0;0;0;0;4047;0;0;95;0;200;0;
18172;4282361;1059401728;21790720;1200013312;0;0;0;0;0;0;0;0;0;0;0;4247;0;0;95;0;200;0;
18173;7969867;1059401728;21790720;1200013312;0;0;0;0;0;0;0;0;0;0;0;3386;0;0;95;0;200;0;
18174;4618171;1059401728;21790720;1200013312;0;0;0;0;0;0;0;0;0;0;0;2725;0;0;95;0;200;0;
18175;8347765;1059401728;21790720;1200013312;0;0;0;0;0;0;0;0;0;0;0;3476;0;0;95;0;200;0;
18176;4984879;1059401728;21790720;1200013312;0;0;0;0;0;0;0;0;0;0;0;3517;0;0;95;0;200;0;
18177;6598405;1059401728;21790720;1200013312;0;0;0;0;0;0;0;0;0;0;0;3947;0;0;95;0;200;0;
18178;5220350;1059401728;21790720;1200013312;0;0;0;0;0;0;0;0;0;0;0;2916;0;0;95;0;200;0;
18179;5576598;1059401728;21790720;1200013312;0;0;0;0;0;0;0;0;0;0;0;2374;0;0;95;0;200;0;
18180;7018292;1059401728;21790720;1200013312;0;0;0;0;0;0;0;0;0;0;0;2926;0;0;95;0;200;0;
18181;7427950;1059401728;21790720;1200013312;0;0;0;0;0;0;0;0;0;0;0;3376;0;0;95;0;200;0;
18182;5867233;1059401728;21790720;1200013312;0;0;0;0;0;0;0;0;0;0;0;4007;0;0;95;0;200;0;
18183;5902420;1059401728;21790720;1200013312;0;0;0;0;0;0;0;0;0;0;0;3406;0;0;95;0;200;0;
18184;5999622;1059401728;21790720;1200013312;0;0;0;0;0;0;0;0;0;0;0;4539;0;0;95;0;200;0;
18185;7053508;1059401728;21790720;1200013312;0;0;0;0;0;0;0;0;0;0;0;2816;0;0;95;0;200;0;
18186;5859138;1059401728;21790720;1200013312;0;0;0;0;0;0;0;0;0;0;0;4769;0;0;95;0;200;0;
18187;8681471;1059401728;21790720;1200013312;0;0;0;0;0;0;0;0;0;0;0;5030;0;0;95;0;200;0;
18188;6120138;1059401728;21790720;1200013312;0;0;0;0;0;0;0;0;0;0;0;3687;0;0;95;0;200;0;
18189;7216013;1059401728;21790720;1200013312;0;0;0;0;0;0;0;0;0;0;0;4539;0;0;95;0;200;0;
18190;5635870;1059401728;21790720;1200013312;0;0;0;0;0;0;0;0;0;0;0;4067;0;0;95;0;200;0;
18191;8395375;1059401728;21790720;1200013312;0;0;0;0;0;0;0;0;0;0;0;5040;0;0;95;0;200;0;
18192;6112273;1059401728;21790720;1200013312;0;0;0;0;0;0;0;0;0;0;0;4889;0;0;95;0;200;0;
18193;6509518;1059401728;21790720;1200013312;0;0;0;0;0;0;0;0;0;0;0;3617;0;0;95;0;200;0;
18194;6861357;1059401728;21790720;1200013312;0;0;0;0;0;0;0;0;0;0;0;4248;0;0;95;0;200;0;
18195;7696564;1059401728;21790720;1200013312;0;0;0;0;0;0;0;0;0;0;0;8285;0;0;95;0;200;0;
18196;8006555;1059401728;21790720;1200013312;0;0;0;0;0;0;0;0;0;0;0;4368;0;0;95;0;200;0;
18197;6220647;1059401728;21790720;1200013312;0;0;0;0;0;0;0;0;0;0;0;3436;0;0;95;0;200;0;
18198;7406009;1059401728;21790720;1200013312;0;0;0;0;0;0;0;0;0;0;0;2826;0;0;95;0;200;0;
18199;8277744;1059401728;21790720;1200013312;0;0;0;0;0;0;0;0;0;0;0;2225;0;0;95;0;200;0;
18200;6025080;1059401728;21790720;1200013312;0;0;0;0;0;0;0;0;0;0;0;4118;0;0;95;0;200;0;
18201;7486109;1059401728;21790720;1200013312;0;0;0;0;0;0;0;0;0;0;0;3828;0;0;95;0;200;0;
18202;4270960;1059401728;21790720;1200013312;0;0;0;0;0;0;0;0;0;0;0;3417;0;0;95;0;200;0;
18203;8658007;1059401728;21790720;1200013312;0;0;0;0;0;0;0;0;0;0;0;3557;0;0;95;0;200;0;
18204;3735085;1059401728;21790720;1200013312;0;0;0;0;0;0;0;0;0;0;0;3557;0;0;95;0;200;0;
18205;8089010;1059401728;21790720;1200013312;0;0;0;0;0;0;0;0;0;0;0;4278;0;0;95;0;200;0;
18206;4422194;1059401728;21790720;1200013312;0;0;0;0;0;0;0;0;0;0;0;6302;0;0;95;0;200;0;
18207;7901128;1059401728;21790720;1200013312;0;0;0;0;0;0;0;0;0;0;0;3076;0;0;95;0;200;0;
18208;3430213;1059401728;21790720;1200013312;0;0;0;0;0;0;0;0;0;0;0;3316;0;0;95;0;200;0;
18209;5869728;1059401728;21790720;1200013312;0;0;0;0;0;0;0;0;0;0;0;2124;0;0;95;0;200;0;
18210;6348837;1059401728;21790720;1200013312;0;0;0;0;0;0;0;0;0;0;0;3707;0;0;95;0;200;0;
18211;7387364;1059401728;21790720;1200013312;0;0;0;0;0;0;0;0;0;0;0;4027;0;0;95;0;200;0;
18212;5938487;1059401728;21790720;1200013312;0;0;0;0;0;0;0;0;0;0;0;4328;0;0;95;0;200;0;
18213;8237488;1059401728;21790720;1200013312;0;0;0;0;0;0;0;0;0;0;0;3527;0;0;95;0;200;0;
18214;5354882;1059401728;21790720;1200013312;0;0;0;0;0;0;0;0;0;0;0;4658;0;0;95;0;200;0;
18215;6835519;1059401728;21790720;1200013312;0;0;0;0;0;0;0;0;0;0;0;2865;0;0;95;0;200;0;
18216;6422475;1059401728;21790720;1200013312;0;0;0;0;0;0;0;0;0;0;0;3336;0;0;95;0;200;0;
18217;6933554;1059401728;21790720;1200013312;0;0;0;0;0;0;0;0;0;0;0;4188;0;0;95;0;200;0;
18218;5799967;1059401728;21790720;1200013312;0;0;0;0;0;0;0;0;0;0;0;5240;0;0;95;0;200;0;
18219;6412686;1059401728;21790720;1200013312;0;0;0;0;0;0;0;0;0;0;0;65072;0;0;95;0;200;0;
18220;4615656;1059401728;21790720;1200013312;0;0;0;0;0;0;0;0;0;0;0;3457;0;0;95;0;200;0;
18221;7152193;1059401728;21790720;1200013312;0;0;0;0;0;0;0;0;0;0;0;4228;0;0;95;0;200;0;
18222;4772841;1059401728;21790720;1200013312;0;0;0;0;0;0;0;0;0;0;0;3897;0;0;95;0;200;0;
18223;8688424;1059401728;21790720;1200013312;0;0;0;0;0;0;0;0;0;0;0;3276;0;0;95;0;200;0;
18224;5810317;1059401728;21790720;1200013312;0;0;0;0;0;0;0;0;0;0;0;4518;0;0;95;0;200;0;
18225;9874147;1059401728;21790720;1200013312;0;0;0;0;0;0;0;0;0;0;0;4238;0;0;95;0;200;0;
18226;4047421;1059401728;21790720;1200013312;0;0;0;0;0;0;0;0;0;0;0;4138;0;0;95;0;200;0;
18227;4588996;1059401728;21790720;1200013312;0;0;0;0;0;0;0;0;0;0;0;2324;0;0;95;0;200;0;
18228;4334228;1059401728;21790720;1200013312;0;0;0;0;0;0;0;0;0;0;0;3056;0;0;95;0;200;0;
18229;6265270;1059401728;21790720;1200013312;0;0;0;0;0;0;0;0;0;0;0;4148;0;0;95;0;200;0;
18230;3392192;1059401728;21790720;1200013312;0;0;0;0;0;0;0;0;0;0;0;3546;0;0;95;0;200;0;
18231;6645653;1059401728;21790720;1200013312;0;0;0;0;0;0;0;0;0;0;0;4047;0;0;95;0;200;0;
18232;3893783;1059401728;21790720;1200013312;0;0;0;0;0;0;0;0;0;0;0;3186;0;0;95;0;200;0;
18233;5560879;1059401728;21790720;1200013312;0;0;0;0;0;0;0;0;0;0;0;4739;0;0;95;0;200;0;
18234;5354802;1059401728;21790720;1200013312;0;0;0;0;0;0;0;0;0;0;0;3747;0;0;95;0;200;0;
18235;8285719;1059401728;21790720;1200013312;0;0;0;0;0;0;0;0;0;0;0;6482;0;0;95;0;200;0;
18236;6507504;1059401728;21790720;1200013312;0;0;0;0;0;0;0;0;0;0;0;3216;0;0;95;0;200;0;
18237;6905531;1059401728;21790720;1200013312;0;0;0;0;0;0;0;0;0;0;0;3837;0;0;95;0;200;0;
18238;5035643;1059401728;21790720;1200013312;0;0;0;0;0;0;0;0;0;0;0;3697;0;0;95;0;200;0;
18239;7387584;1059401728;21790720;1200013312;0;0;0;0;0;0;0;0;0;0;0;3456;0;0;95;0;200;0;
18240;3387092;1059401728;21790720;1200013312;0;0;0;0;0;0;0;0;0;0;0;3346;0;0;95;0;200;0;
18241;6405272;1059401728;21790720;1200013312;0;0;0;0;0;0;0;0;0;0;0;3937;0;0;95;0;200;0;
18242;4381216;1059401728;21790720;1200013312;0;0;0;0;0;0;0;0;0;0;0;3848;0;0;95;0;200;0;
18243;5429232;1059401728;21790720;1200013312;0;0;0;0;0;0;0;0;0;0;0;1944;0;0;95;0;200;0;
18244;7200203;1059401728;21790720;1200013312;0;0;0;0;0;0;0;0;0;0;0;3516;0;0;95;0;200;0;
18245;5553915;1059401728;21790720;1200013312;0;0;0;0;0;0;0;0;0;0;0;5149;0;0;95;0;200;0;
18246;6065545;1059401728;21798912;1200021504;0;0;0;0;0;0;0;0;0;0;0;4138;0;0;95;0;200;0;
18247;6067579;1059401728;21798912;1200021504;0;0;0;0;0;0;0;0;0;0;0;2184;0;0;95;0;200;0;
18248;4325442;1059401728;21798912;1200021504;0;0;0;0;0;0;0;0;0;0;0;4078;0;0;95;0;200;0;
18249;7113060;1059401728;21798912;1200021504;0;0;0;0;0;0;0;0;0;0;0;2936;0;0;95;0;200;0;
18250;5588351;1059401728;21798912;1200021504;0;0;0;0;0;0;0;0;0;0;0;2915;0;0;95;0;200;0;
18251;6911452;1059401728;21798912;1200021504;0;0;0;0;0;0;0;0;0;0;0;3436;0;0;95;0;200;0;
18252;5738211;1059401728;21790720;1200013312;0;0;0;0;0;0;0;0;0;0;0;2956;0;0;95;0;200;0;
18253;6310204;1059401728;21790720;1200013312;0;0;0;0;0;0;0;0;0;0;0;3817;0;0;95;0;200;0;
18254;6097174;1059401728;21790720;1200013312;0;0;0;0;0;0;0;0;0;0;0;3798;0;0;95;0;200;0;
18255;6731304;1059401728;21790720;1200013312;0;0;0;0;0;0;0;0;0;0;0;3697;0;0;95;0;200;0;
18256;5846445;1059401728;21790720;1200013312;0;0;0;0;0;0;0;0;0;0;0;3256;0;0;95;0;200;0;
18257;6641135;1059401728;21790720;1200013312;0;0;0;0;0;0;0;0;0;0;0;2625;0;0;95;0;200;0;
18258;4927972;1059401728;21790720;1200013312;0;0;0;0;0;0;0;0;0;0;0;4137;0;0;95;0;200;0;
18259;5770462;1059401728;21790720;1200013312;0;0;0;0;0;0;0;0;0;0;0;3236;0;0;95;0;200;0;
18260;6477027;1059401728;21790720;1200013312;0;0;0;0;0;0;0;0;0;0;0;3717;0;0;95;0;200;0;
18261;6329420;1059401728;21790720;1200013312;0;0;0;0;0;0;0;0;0;0;0;2304;0;0;95;0;200;0;
18262;6158389;1059401728;21790720;1200013312;0;0;0;0;0;0;0;0;0;0;0;2996;0;0;95;0;200;0;
18263;6790014;1059401728;21790720;1200013312;0;0;0;0;0;0;0;0;0;0;0;2816;0;0;95;0;200;0;
18264;5183942;1059401728;21790720;1200013312;0;0;0;0;0;0;0;0;0;0;0;4558;0;0;95;0;200;0;
18265;6776338;1059401728;21790720;1200013312;0;0;0;0;0;0;0;0;0;0;0;3407;0;0;95;0;200;0;
18266;5720368;1059401728;21790720;1200013312;0;0;0;0;0;0;0;0;0;0;0;3186;0;0;95;0;200;0;
18267;6697380;1059401728;21790720;1200013312;0;0;0;0;0;0;0;0;0;0;0;4518;0;0;95;0;200;0;
18268;6349237;1059401728;21790720;1200013312;0;0;0;0;0;0;0;0;0;0;0;3426;0;0;95;0;200;0;
18269;7404195;1059401728;21790720;1200013312;0;0;0;0;0;0;0;0;0;0;0;2876;0;0;95;0;200;0;
18270;7008213;1059401728;21790720;1200013312;0;0;0;0;0;0;0;0;0;0;0;3617;0;0;95;0;200;0;
18271;8054315;1059401728;21790720;1200013312;0;0;0;0;0;0;0;0;0;0;0;3547;0;0;95;0;200;0;
18272;4441390;1059401728;21790720;1200013312;0;0;0;0;0;0;0;0;0;0;0;4518;0;0;95;0;200;0;
18273;7566300;1059401728;21790720;1200013312;0;0;0;0;0;0;0;0;0;0;0;4278;0;0;95;0;200;0;
18274;4302519;1059401728;21790720;1200013312;0;0;0;0;0;0;0;0;0;0;0;3998;0;0;95;0;200;0;
18275;7732722;1059401728;21790720;1200013312;0;0;0;0;0;0;0;0;0;0;0;3616;0;0;95;0;200;0;
18276;5466752;1059401728;21790720;1200013312;0;0;0;0;0;0;0;0;0;0;0;2825;0;0;95;0;200;0;
18277;6145415;1059401728;21790720;1200013312;0;0;0;0;0;0;0;0;0;0;0;4188;0;0;95;0;200;0;
18278;6645423;1059401728;21790720;1200013312;0;0;0;0;0;0;0;0;0;0;0;4749;0;0;95;0;200;0;
18279;5971439;1059401728;21790720;1200013312;0;0;0;0;0;0;0;0;0;0;0;3396;0;0;95;0;200;0;
18280;6314933;1059401728;21790720;1200013312;0;0;0;0;0;0;0;0;0;0;0;4008;0;0;95;0;200;0;
18281;6118806;1059401728;21790720;1200013312;0;0;0;0;0;0;0;0;0;0;0;3958;0;0;95;0;200;0;
18282;7057746;1059401728;21790720;1200013312;0;0;0;0;0;0;0;0;0;0;0;3817;0;0;95;0;200;0;
18283;7386423;1059401728;21790720;1200013312;0;0;0;0;0;0;0;0;0;0;0;3597;0;0;95;0;200;0;
18284;5001741;1059401728;21790720;1200013312;0;0;0;0;0;0;0;0;0;0;0;4298;0;0;95;0;200;0;
18285;7004947;1059401728;21790720;1200013312;0;0;0;0;0;0;0;0;0;0;0;2855;0;0;95;0;200;0;
18286;4818146;1059401728;21790720;1200013312;0;0;0;0;0;0;0;0;0;0;0;3506;0;0;95;0;200;0;
18287;6119677;1059401728;21790720;1200013312;0;0;0;0;0;0;0;0;0;0;0;2445;0;0;95;0;200;0;
18288;6336954;1059401728;21790720;1200013312;0;0;0;0;0;0;0;0;0;0;0;4188;0;0;95;0;200;0;
18289;8245724;1059401728;21790720;1200013312;0;0;0;0;0;0;0;0;0;0;0;4348;0;0;95;0;200;0;
18290;4488698;1059401728;21790720;1200013312;0;0;0;0;0;0;0;0;0;0;0;4158;0;0;95;0;200;0;
18291;7582380;1059401728;21790720;1200013312;0;0;0;0;0;0;0;0;0;0;0;3898;0;0;95;0;200;0;
18292;4780205;1059401728;21790720;1200013312;0;0;0;0;0;0;0;0;0;0;0;3136;0;0;95;0;200;0;
18293;7424353;1059401728;21790720;1200013312;0;0;0;0;0;0;0;0;0;0;0;3867;0;0;95;0;200;0;
18294;4768333;1059401728;21790720;1200013312;0;0;0;0;0;0;0;0;0;0;0;3567;0;0;95;0;200;0;
18295;7750054;1059401728;21790720;1200013312;0;0;0;0;0;0;0;0;0;0;0;2775;0;0;95;0;200;0;
18296;5626452;1059401728;21790720;1200013312;0;0;0;0;0;0;0;0;0;0;0;4108;0;0;95;0;200;0;
18297;6970011;1059401728;21790720;1200013312;0;0;0;0;0;0;0;0;0;0;0;2255;0;0;95;0;200;0;
18298;6231887;1059401728;21790720;1200013312;0;0;0;0;0;0;0;0;0;0;0;3557;0;0;95;0;200;0;
18299;6893668;1059401728;21790720;1200013312;0;0;0;0;0;0;0;0;0;0;0;2995;0;0;95;0;200;0;
18300;4750229;1059401728;21790720;1200013312;0;0;0;0;0;0;0;0;0;0;0;3456;0;0;95;0;200;0;
18301;5822259;1059401728;21790720;1200013312;0;0;0;0;0;0;0;0;0;0;0;2485;0;0;95;0;200;0;
18302;7612737;1059401728;21790720;1200013312;0;0;0;0;0;0;0;0;0;0;0;4478;0;0;95;0;200;0;
18303;7217797;1059401728;21790720;1200013312;0;0;0;0;0;0;0;0;0;0;0;3316;0;0;95;0;200;0;
18304;4812986;1059401728;21790720;1200013312;0;0;0;0;0;0;0;0;0;0;0;4228;0;0;95;0;200;0;
18305;6014710;1059401728;21790720;1200013312;0;0;0;0;0;0;0;0;0;0;0;2655;0;0;95;0;200;0;
18306;6282522;1059401728;21790720;1200013312;0;0;0;0;0;0;0;0;0;0;0;3686;0;0;95;0;200;0;
18307;7179053;1059401728;21790720;1200013312;0;0;0;0;0;0;0;0;0;0;0;4739;0;0;95;0;200;0;
18308;7552243;1059401728;21790720;1200013312;0;0;0;0;0;0;0;0;0;0;0;5360;0;0;95;0;200;0;
18309;7179945;1059401728;21790720;1200013312;0;0;0;0;0;0;0;0;0;0;0;2645;0;0;95;0;200;0;
18310;6154733;1059401728;21790720;1200013312;0;0;0;0;0;0;0;0;0;0;0;3476;0;0;95;0;200;0;
18311;6920148;1059401728;21790720;1200013312;0;0;0;0;0;0;0;0;0;0;0;2265;0;0;95;0;200;0;
18312;6089179;1059401728;21790720;1200013312;0;0;0;0;0;0;0;0;0;0;0;3917;0;0;95;0;200;0;
18313;4767371;1059401728;21790720;1200013312;0;0;0;0;0;0;0;0;0;0;0;2715;0;0;95;0;200;0;
18314;8015753;1059401728;21790720;1200013312;0;0;0;0;0;0;0;0;0;0;0;3537;0;0;95;0;200;0;
18315;6030369;1059401728;21790720;1200013312;0;0;0;0;0;0;0;0;0;0;0;2355;0;0;95;0;200;0;
18316;8709083;1059401728;21790720;1200013312;0;0;0;0;0;0;0;0;0;0;0;4399;0;0;95;0;200;0;
18317;8807287;1059401728;21790720;1200013312;0;0;0;0;0;0;0;0;0;0;0;3296;0;0;95;0;200;0;
18318;5228355;1059401728;21790720;1200013312;0;0;0;0;0;0;0;0;0;0;0;3967;0;0;95;0;200;0;
18319;9490158;1059401728;21790720;1200013312;0;0;0;0;0;0;0;0;0;0;0;49462;0;0;95;0;200;0;
18320;5962181;1059401728;21790720;1200013312;0;0;0;0;0;0;0;0;0;0;0;4388;0;0;95;0;200;0;
18321;8804552;1059401728;21790720;1200013312;0;0;0;0;0;0;0;0;0;0;0;3456;0;0;95;0;200;0;
18322;5693808;1059401728;21790720;1200013312;0;0;0;0;0;0;0;0;0;0;0;2996;0;0;95;0;200;0;
18323;9888815;1059401728;21790720;1200013312;0;0;0;0;0;0;0;0;0;0;0;4579;0;0;95;0;200;0;
18324;5996115;1059401728;21798912;1200021504;0;0;0;0;0;0;0;0;0;0;0;4318;0;0;95;0;200;0;
18325;7465501;1059401728;21798912;1200021504;0;0;0;0;0;0;0;0;0;0;0;3818;0;0;95;0;200;0;
18326;4837222;1059401728;21798912;1200021504;0;0;0;0;0;0;0;0;0;0;0;3978;0;0;95;0;200;0;
18327;10842514;1059401728;21798912;1200021504;0;0;0;0;0;0;0;0;0;0;0;4037;0;0;95;0;200;0;
18328;3945580;1059401728;21798912;1200021504;0;0;0;0;0;0;0;0;0;0;0;3557;0;0;95;0;200;0;
18329;8207442;1059401728;21798912;1200021504;0;0;0;0;0;0;0;0;0;0;0;3707;0;0;95;0;200;0;
18330;6435299;1059401728;21790720;1200013312;0;0;0;0;0;0;0;0;0;0;0;3426;0;0;95;0;200;0;
18331;7840795;1059401728;21790720;1200013312;0;0;0;0;0;0;0;0;0;0;0;3326;0;0;95;0;200;0;
18332;6594968;1059401728;21790720;1200013312;0;0;0;0;0;0;0;0;0;0;0;4068;0;0;95;0;200;0;
18333;9133388;1059401728;21790720;1200013312;0;0;0;0;0;0;0;0;0;0;0;4539;0;0;95;0;200;0;
18334;6617912;1059401728;21790720;1200013312;0;0;0;0;0;0;0;0;0;0;0;3056;0;0;95;0;200;0;
18335;9760605;1059401728;21790720;1200013312;0;0;0;0;0;0;0;0;0;0;0;4117;0;0;95;0;200;0;
18336;6247246;1059401728;21790720;1200013312;0;0;0;0;0;0;0;0;0;0;0;4248;0;0;95;0;200;0;
18337;8884301;1059401728;21790720;1200013312;0;0;0;0;0;0;0;0;0;0;0;4789;0;0;95;0;200;0;
18338;7093133;1059401728;21790720;1200013312;0;0;0;0;0;0;0;0;0;0;0;4128;0;0;95;0;200;0;
18339;7360022;1059401728;21790720;1200013312;0;0;0;0;0;0;0;0;0;0;0;4138;0;0;95;0;200;0;
18340;8331925;1059401728;21790720;1200013312;0;0;0;0;0;0;0;0;0;0;0;3026;0;0;95;0;200;0;
18341;8030220;1059401728;21790720;1200013312;0;0;0;0;0;0;0;0;0;0;0;4248;0;0;95;0;200;0;
18342;5537415;1059401728;21790720;1200013312;0;0;0;0;0;0;0;0;0;0;0;4057;0;0;95;0;200;0;
18343;6536458;1059401728;21790720;1200013312;0;0;0;0;0;0;0;0;0;0;0;3076;0;0;95;0;200;0;
18344;6244561;1059401728;21790720;1200013312;0;0;0;0;0;0;0;0;0;0;0;3356;0;0;95;0;200;0;
18345;10206271;1059401728;21790720;1200013312;0;0;0;0;0;0;0;0;0;0;0;4028;0;0;95;0;200;0;
18346;5323834;1059401728;21790720;1200013312;0;0;0;0;0;0;0;0;0;0;0;4188;0;0;95;0;200;0;
18347;8468812;1059401728;21790720;1200013312;0;0;0;0;0;0;0;0;0;0;0;3457;0;0;95;0;200;0;
18348;6201120;1059401728;21790720;1200013312;0;0;0;0;0;0;0;0;0;0;0;5280;0;0;95;0;200;0;
18349;6636987;1059401728;21790720;1200013312;0;0;0;0;0;0;0;0;0;0;0;3667;0;0;95;0;200;0;
18350;6364546;1059401728;21790720;1200013312;0;0;0;0;0;0;0;0;0;0;0;5891;0;0;95;0;200;0;
18351;7562533;1059401728;21790720;1200013312;0;0;0;0;0;0;0;0;0;0;0;3918;0;0;95;0;200;0;
18352;14737218;1059401728;21790720;1200013312;0;0;0;0;0;0;0;0;0;0;0;4989;0;0;95;0;200;0;
18353;9258824;1059401728;21790720;1200013312;0;0;0;0;0;0;0;0;0;0;0;3316;0;0;95;0;200;0;
18354;4466837;1059401728;21790720;1200013312;0;0;0;0;0;0;0;0;0;0;0;3006;0;0;95;0;200;0;
18355;8506833;1059401728;21790720;1200013312;0;0;0;0;0;0;0;0;0;0;0;4548;0;0;95;0;200;0;
18356;6058592;1059401728;21790720;1200013312;0;0;0;0;0;0;0;0;0;0;0;3106;0;0;95;0;200;0;
18357;8029198;1059401728;21790720;1200013312;0;0;0;0;0;0;0;0;0;0;0;4318;0;0;95;0;200;0;
18358;6446830;1059401728;21790720;1200013312;0;0;0;0;0;0;0;0;0;0;0;3787;0;0;95;0;200;0;
18359;7661288;1059401728;21790720;1200013312;0;0;0;0;0;0;0;0;0;0;0;3226;0;0;95;0;200;0;
18360;5148476;1059401728;21790720;1200013312;0;0;0;0;0;0;0;0;0;0;0;3016;0;0;95;0;200;0;
18361;7566400;1059401728;21790720;1200013312;0;0;0;0;0;0;0;0;0;0;0;3367;0;0;95;0;200;0;
18362;5971298;1059401728;21790720;1200013312;0;0;0;0;0;0;0;0;0;0;0;3797;0;0;95;0;200;0;
18363;10166135;1059401728;21790720;1200013312;0;0;0;0;0;0;0;0;0;0;0;2966;0;0;95;0;200;0;
18364;5546572;1059401728;21790720;1200013312;0;0;0;0;0;0;0;0;0;0;0;6853;0;0;95;0;200;0;
18365;8592003;1059401728;21790720;1200013312;0;0;0;0;0;0;0;0;0;0;0;3346;0;0;95;0;200;0;
18366;4212029;1059401728;21790720;1200013312;0;0;0;0;0;0;0;0;0;0;0;3667;0;0;95;0;200;0;
18367;6027414;1059401728;21790720;1200013312;0;0;0;0;0;0;0;0;0;0;0;3647;0;0;95;0;200;0;
18368;7710951;1059401728;21790720;1200013312;0;0;0;0;0;0;0;0;0;0;0;4368;0;0;95;0;200;0;
18369;9311562;1059401728;21790720;1200013312;0;0;0;0;0;0;0;0;0;0;0;3506;0;0;95;0;200;0;
18370;5214118;1059401728;21790720;1200013312;0;0;0;0;0;0;0;0;0;0;0;4288;0;0;95;0;200;0;
18371;5292165;1059401728;21790720;1200013312;0;0;0;0;0;0;0;0;0;0;0;2956;0;0;95;0;200;0;
18372;5182770;1059401728;21790720;1200013312;0;0;0;0;0;0;0;0;0;0;0;3636;0;0;95;0;200;0;
18373;8708341;1059401728;21790720;1200013312;0;0;0;0;0;0;0;0;0;0;0;3767;0;0;95;0;200;0;
18374;7582189;1059401728;21790720;1200013312;0;0;0;0;0;0;0;0;0;0;0;4057;0;0;95;0;200;0;
18375;7331038;1059401728;21790720;1200013312;0;0;0;0;0;0;0;0;0;0;0;3677;0;0;95;0;200;0;
18376;7078014;1059401728;21790720;1200013312;0;0;0;0;0;0;0;0;0;0;0;3136;0;0;95;0;200;0;
18377;9934791;1059401728;21790720;1200013312;0;0;0;0;0;0;0;0;0;0;0;4378;0;0;95;0;200;0;
18378;6135987;1059401728;21790720;1200013312;0;0;0;0;0;0;0;0;0;0;0;3797;0;0;95;0;200;0;
18379;8706788;1059401728;21790720;1200013312;0;0;0;0;0;0;0;0;0;0;0;5200;0;0;95;0;200;0;
18380;5108010;1059401728;21790720;1200013312;0;0;0;0;0;0;0;0;0;0;0;3918;0;0;95;0;200;0;
18381;7989694;1059401728;21790720;1200013312;0;0;0;0;0;0;0;0;0;0;0;6593;0;0;95;0;200;0;
18382;6635284;1059401728;21790720;1200013312;0;0;0;0;0;0;0;0;0;0;0;4037;0;0;95;0;200;0;
18383;5562231;1059401728;21790720;1200013312;0;0;0;0;0;0;0;0;0;0;0;2594;0;0;95;0;200;0;
18384;5475619;1059401728;21790720;1200013312;0;0;0;0;0;0;0;0;0;0;0;4478;0;0;95;0;200;0;
18385;6271000;1059401728;21790720;1200013312;0;0;0;0;0;0;0;0;0;0;0;3136;0;0;95;0;200;0;
18386;6588135;1059401728;21790720;1200013312;0;0;0;0;0;0;0;0;0;0;0;3667;0;0;95;0;200;0;
18387;7857476;1059401728;21790720;1200013312;0;0;0;0;0;0;0;0;0;0;0;3407;0;0;95;0;200;0;
18388;5679030;1059401728;21790720;1200013312;0;0;0;0;0;0;0;0;0;0;0;3587;0;0;95;0;200;0;
18389;7539109;1059401728;21790720;1200013312;0;0;0;0;0;0;0;0;0;0;0;2986;0;0;95;0;200;0;
18390;5515774;1059401728;21790720;1200013312;0;0;0;0;0;0;0;0;0;0;0;3416;0;0;95;0;200;0;
18391;6670129;1059401728;21790720;1200013312;0;0;0;0;0;0;0;0;0;0;0;3176;0;0;95;0;200;0;
18392;5771293;1059401728;21790720;1200013312;0;0;0;0;0;0;0;0;0;0;0;4598;0;0;95;0;200;0;
18393;7359321;1059401728;21790720;1200013312;0;0;0;0;0;0;0;0;0;0;0;4178;0;0;95;0;200;0;
18394;6835820;1059401728;21798912;1200021504;0;0;0;0;0;0;0;0;0;0;0;4448;0;0;95;0;200;0;
18395;7085327;1059401728;21798912;1200021504;0;0;0;0;0;0;0;0;0;0;0;4579;0;0;95;0;200;0;
18396;6869824;1059401728;21798912;1200021504;0;0;0;0;0;0;0;0;0;0;0;4308;0;0;95;0;200;0;
18397;7529450;1059401728;21798912;1200021504;0;0;0;0;0;0;0;0;0;0;0;3306;0;0;95;0;200;0;
18398;8211009;1059401728;21798912;1200021504;0;0;0;0;0;0;0;0;0;0;0;3647;0;0;95;0;200;0;
18399;10592885;1059401728;21798912;1200021504;0;0;0;0;0;0;0;0;0;0;0;3487;0;0;95;0;200;0;
18400;6531249;1059401728;21790720;1200013312;0;0;0;0;0;0;0;0;0;0;0;3426;0;0;95;0;200;0;
18401;6862120;1059401728;21790720;1200013312;0;0;0;0;0;0;0;0;0;0;0;4709;0;0;95;0;200;0;
18402;5193791;1059401728;21790720;1200013312;0;0;0;0;0;0;0;0;0;0;0;3416;0;0;95;0;200;0;
18403;8210307;1059401728;21790720;1200013312;0;0;0;0;0;0;0;0;0;0;0;4008;0;0;95;0;200;0;
18404;6439015;1059401728;21790720;1200013312;0;0;0;0;0;0;0;0;0;0;0;3647;0;0;95;0;200;0;
18405;6666573;1059401728;21790720;1200013312;0;0;0;0;0;0;0;0;0;0;0;5571;0;0;95;0;200;0;
18406;6017846;1059401728;21790720;1200013312;0;0;0;0;0;0;0;0;0;0;0;4178;0;0;95;0;200;0;
18407;8051639;1059401728;21790720;1200013312;0;0;0;0;0;0;0;0;0;0;0;4439;0;0;95;0;200;0;
18408;5423842;1059401728;21790720;1200013312;0;0;0;0;0;0;0;0;0;0;0;3697;0;0;95;0;200;0;
18409;8554653;1059401728;21790720;1200013312;0;0;0;0;0;0;0;0;0;0;0;3897;0;0;95;0;200;0;
18410;6948000;1059401728;21790720;1200013312;0;0;0;0;0;0;0;0;0;0;0;4198;0;0;95;0;200;0;
18411;7897260;1059401728;21790720;1200013312;0;0;0;0;0;0;0;0;0;0;0;4709;0;0;95;0;200;0;
18412;6115529;1059401728;21790720;1200013312;0;0;0;0;0;0;0;0;0;0;0;4659;0;0;95;0;200;0;
18413;8256475;1059401728;21790720;1200013312;0;0;0;0;0;0;0;0;0;0;0;4288;0;0;95;0;200;0;
18414;6579820;1059401728;21790720;1200013312;0;0;0;0;0;0;0;0;0;0;0;4228;0;0;95;0;200;0;
18415;6565222;1059401728;21790720;1200013312;0;0;0;0;0;0;0;0;0;0;0;3647;0;0;95;0;200;0;
18416;7816379;1059401728;21790720;1200013312;0;0;0;0;0;0;0;0;0;0;0;3798;0;0;95;0;200;0;
18417;8966716;1059401728;21790720;1200013312;0;0;0;0;0;0;0;0;0;0;0;3296;0;0;95;0;200;0;
18418;5522727;1059401728;21790720;1200013312;0;0;0;0;0;0;0;0;0;0;0;3346;0;0;95;0;200;0;
18419;7250267;1059401728;21790720;1200013312;0;0;0;0;0;0;0;0;0;0;0;2535;0;0;95;0;200;0;
18420;6891394;1059401728;21790720;1200013312;0;0;0;0;0;0;0;0;0;0;0;3006;0;0;95;0;200;0;
18421;7099645;1059401728;21790720;1200013312;0;0;0;0;0;0;0;0;0;0;0;4518;0;0;95;0;200;0;
18422;6423176;1059401728;21790720;1200013312;0;0;0;0;0;0;0;0;0;0;0;3427;0;0;95;0;200;0;
18423;6264589;1059401728;21790720;1200013312;0;0;0;0;0;0;0;0;0;0;0;3216;0;0;95;0;200;0;
18424;5442446;1059401728;21790720;1200013312;0;0;0;0;0;0;0;0;0;0;0;3246;0;0;95;0;200;0;
18425;5361344;1059401728;21790720;1200013312;0;0;0;0;0;0;0;0;0;0;0;3216;0;0;95;0;200;0;
18426;5836406;1059401728;21790720;1200013312;0;0;0;0;0;0;0;0;0;0;0;4198;0;0;95;0;200;0;
18427;6917443;1059401728;21790720;1200013312;0;0;0;0;0;0;0;0;0;0;0;3026;0;0;95;0;200;0;
18428;5992128;1059401728;21790720;1200013312;0;0;0;0;0;0;0;0;0;0;0;3787;0;0;95;0;200;0;
18429;5962782;1059401728;21790720;1200013312;0;0;0;0;0;0;0;0;0;0;0;2705;0;0;95;0;200;0;
18430;4584017;1059401728;21790720;1200013312;0;0;0;0;0;0;0;0;0;0;0;3727;0;0;95;0;200;0;
18431;6378322;1059401728;21790720;1200013312;0;0;0;0;0;0;0;0;0;0;0;3136;0;0;95;0;200;0;
18432;5104022;1059401728;21790720;1200013312;0;0;0;0;0;0;0;0;0;0;0;4869;0;0;95;0;200;0;
18433;6807517;1059401728;21790720;1200013312;0;0;0;0;0;0;0;0;0;0;0;2585;0;0;95;0;200;0;
18434;6486614;1059401728;21790720;1200013312;0;0;0;0;0;0;0;0;0;0;0;3106;0;0;95;0;200;0;
18435;7006971;1059401728;21790720;1200013312;0;0;0;0;0;0;0;0;0;0;0;2254;0;0;95;0;200;0;
18436;6053482;1059401728;21790720;1200013312;0;0;0;0;0;0;0;0;0;0;0;3697;0;0;95;0;200;0;
18437;6651484;1059401728;21790720;1200013312;0;0;0;0;0;0;0;0;0;0;0;3626;0;0;95;0;200;0;
18438;4992924;1059401728;21790720;1200013312;0;0;0;0;0;0;0;0;0;0;0;2745;0;0;95;0;200;0;
18439;8933524;1059401728;21790720;1200013312;0;0;0;0;0;0;0;0;0;0;0;3326;0;0;95;0;200;0;
18440;4023025;1059401728;21790720;1200013312;0;0;0;0;0;0;0;0;0;0;0;2565;0;0;95;0;200;0;
18441;7817471;1059401728;21790720;1200013312;0;0;0;0;0;0;0;0;0;0;0;8556;0;0;95;0;200;0;
18442;4323689;1059401728;21790720;1200013312;0;0;0;0;0;0;0;0;0;0;0;3056;0;0;95;0;200;0;
18443;9036076;1059401728;21790720;1200013312;0;0;0;0;0;0;0;0;0;0;0;4969;0;0;95;0;200;0;
18444;4568137;1059401728;21790720;1200013312;0;0;0;0;0;0;0;0;0;0;0;81453;0;0;95;0;200;0;
18445;9441807;1059401728;21790720;1200013312;0;0;0;0;0;0;0;0;0;0;0;4478;0;0;95;0;200;0;
18446;4526159;1059401728;21790720;1200013312;0;0;0;0;0;0;0;0;0;0;0;3397;0;0;95;0;200;0;
18447;7926084;1059401728;21790720;1200013312;0;0;0;0;0;0;0;0;0;0;0;4107;0;0;95;0;200;0;
18448;4624663;1059401728;21790720;1200013312;0;0;0;0;0;0;0;0;0;0;0;3476;0;0;95;0;200;0;
18449;6453162;1059401728;21790720;1200013312;0;0;0;0;0;0;0;0;0;0;0;2916;0;0;95;0;200;0;
18450;6837222;1059401728;21790720;1200013312;0;0;0;0;0;0;0;0;0;0;0;4529;0;0;95;0;200;0;
18451;7801641;1059401728;21790720;1200013312;0;0;0;0;0;0;0;0;0;0;0;4198;0;0;95;0;200;0;
18452;5887722;1059401728;21790720;1200013312;0;0;0;0;0;0;0;0;0;0;0;4127;0;0;95;0;200;0;
18453;8011254;1059401728;21790720;1200013312;0;0;0;0;0;0;0;0;0;0;0;4929;0;0;95;0;200;0;
18454;5064498;1059401728;21790720;1200013312;0;0;0;0;0;0;0;0;0;0;0;3687;0;0;95;0;200;0;
18455;8497055;1059401728;21790720;1200013312;0;0;0;0;0;0;0;0;0;0;0;4548;0;0;95;0;200;0;
18456;4506832;1059401728;21790720;1200013312;0;0;0;0;0;0;0;0;0;0;0;3176;0;0;95;0;200;0;
18457;9988432;1059401728;21790720;1200013312;0;0;0;0;0;0;0;0;0;0;0;4769;0;0;95;0;200;0;
18458;5043990;1059401728;21790720;1200013312;0;0;0;0;0;0;0;0;0;0;0;3767;0;0;95;0;200;0;
18459;8140106;1059401728;21790720;1200013312;0;0;0;0;0;0;0;0;0;0;0;3887;0;0;95;0;200;0;
18460;4416112;1059401728;21790720;1200013312;0;0;0;0;0;0;0;0;0;0;0;4008;0;0;95;0;200;0;
18461;8041601;1059401728;21790720;1200013312;0;0;0;0;0;0;0;0;0;0;0;4579;0;0;95;0;200;0;
18462;5723313;1059401728;21790720;1200013312;0;0;0;0;0;0;0;0;0;0;0;3446;0;0;95;0;200;0;
18463;7534130;1059401728;21790720;1200013312;0;0;0;0;0;0;0;0;0;0;0;3426;0;0;95;0;200;0;
18464;5920403;1059401728;21790720;1200013312;0;0;0;0;0;0;0;0;0;0;0;4028;0;0;95;0;200;0;
18465;6825581;1059401728;21790720;1200013312;0;0;0;0;0;0;0;0;0;0;0;11572;0;0;95;0;200;0;
18466;5882382;1059401728;21790720;1200013312;0;0;0;0;0;0;0;0;0;0;0;3406;0;0;95;0;200;0;
18467;6479372;1059401728;21790720;1200013312;0;0;0;0;0;0;0;0;0;0;0;3587;0;0;95;0;200;0;
18468;4982294;1059401728;21790720;1200013312;0;0;0;0;0;0;0;0;0;0;0;2745;0;0;95;0;200;0;
18469;8888870;1059401728;21790720;1200013312;0;0;0;0;0;0;0;0;0;0;0;3727;0;0;95;0;200;0;
18470;4089490;1059401728;21790720;1200013312;0;0;0;0;0;0;0;0;0;0;0;3888;0;0;95;0;200;0;
18471;8042693;1059401728;21790720;1200013312;0;0;0;0;0;0;0;0;0;0;0;3136;0;0;95;0;200;0;
18472;4763012;1059401728;21790720;1200013312;0;0;0;0;0;0;0;0;0;0;0;3677;0;0;95;0;200;0;
18473;7380301;1059401728;21790720;1200013312;0;0;0;0;0;0;0;0;0;0;0;3085;0;0;95;0;200;0;
18474;6733939;1059401728;21790720;1200013312;0;0;0;0;0;0;0;0;0;0;0;4349;0;0;95;0;200;0;
18475;8360539;1059401728;21790720;1200013312;0;0;0;0;0;0;0;0;0;0;0;3777;0;0;95;0;200;0;
18476;6200589;1059401728;21790720;1200013312;0;0;0;0;0;0;0;0;0;0;0;3026;0;0;95;0;200;0;
18477;7983903;1059401728;21790720;1200013312;0;0;0;0;0;0;0;0;0;0;0;2615;0;0;95;0;200;0;
18478;4746311;1059401728;21790720;1200013312;0;0;0;0;0;0;0;0;0;0;0;3377;0;0;95;0;200;0;
18479;6881655;1059401728;21790720;1200013312;0;0;0;0;0;0;0;0;0;0;0;3146;0;0;95;0;200;0;
18480;5403384;1059401728;21790720;1200013312;0;0;0;0;0;0;0;0;0;0;0;4077;0;0;95;0;200;0;
18481;5973041;1059401728;21790720;1200013312;0;0;0;0;0;0;0;0;0;0;0;2345;0;0;95;0;200;0;
18482;4397086;1059401728;21790720;1200013312;0;0;0;0;0;0;0;0;0;0;0;4047;0;0;95;0;200;0;
18483;6413377;1059401728;21790720;1200013312;0;0;0;0;0;0;0;0;0;0;0;3527;0;0;95;0;200;0;
18484;4750138;1059401728;21790720;1200013312;0;0;0;0;0;0;0;0;0;0;0;5130;0;0;95;0;200;0;
18485;8612071;1059401728;21790720;1200013312;0;0;0;0;0;0;0;0;0;0;0;5480;0;0;95;0;200;0;
18486;3881279;1059401728;21790720;1200013312;0;0;0;0;0;0;0;0;0;0;0;3196;0;0;95;0;200;0;
18487;8271232;1059401728;21790720;1200013312;0;0;0;0;0;0;0;0;0;0;0;3366;0;0;95;0;200;0;
18488;4956886;1059401728;21790720;1200013312;0;0;0;0;0;0;0;0;0;0;0;2966;0;0;95;0;200;0;
18489;10332477;1059401728;21790720;1200013312;0;0;0;0;0;0;0;0;0;0;0;4819;0;0;95;0;200;0;
18490;4973167;1059401728;21790720;1200013312;0;0;0;0;0;0;0;0;0;0;0;4309;0;0;95;0;200;0;
18491;8574180;1059401728;21790720;1200013312;0;0;0;0;0;0;0;0;0;0;0;4669;0;0;95;0;200;0;
18492;3929028;1059401728;21790720;1200013312;0;0;0;0;0;0;0;0;0;0;0;3086;0;0;95;0;200;0;
18493;8452021;1059401728;21790720;1200013312;0;0;0;0;0;0;0;0;0;0;0;5831;0;0;95;0;200;0;
18494;4040237;1059401728;21790720;1200013312;0;0;0;0;0;0;0;0;0;0;0;3687;0;0;95;0;200;0;
18495;7011920;1059401728;21790720;1200013312;0;0;0;0;0;0;0;0;0;0;0;3025;0;0;95;0;200;0;
18496;5500946;1059401728;21790720;1200013312;0;0;0;0;0;0;0;0;0;0;0;3677;0;0;95;0;200;0;
18497;7233676;1059401728;21790720;1200013312;0;0;0;0;0;0;0;0;0;0;0;3035;0;0;95;0;200;0;
18498;4669186;1059401728;21790720;1200013312;0;0;0;0;0;0;0;0;0;0;0;3737;0;0;95;0;200;0;
18499;7915725;1059401728;21790720;1200013312;0;0;0;0;0;0;0;0;0;0;0;3697;0;0;95;0;200;0;
18500;13103885;1059401728;21790720;1200013312;0;0;0;0;0;0;0;0;0;0;0;3487;0;0;95;0;200;0;
18501;8639362;1059401728;21790720;1200013312;0;0;0;0;0;0;0;0;0;0;0;4288;0;0;95;0;200;0;
18502;4468941;1059401728;21790720;1200013312;0;0;0;0;0;0;0;0;0;0;0;4208;0;0;95;0;200;0;
18503;9598320;1059401728;21790720;1200013312;0;0;0;0;0;0;0;0;0;0;0;3677;0;0;95;0;200;0;
18504;3315698;1059401728;21790720;1200013312;0;0;0;0;0;0;0;0;0;0;0;4228;0;0;95;0;200;0;
18505;6897065;1059401728;21790720;1200013312;0;0;0;0;0;0;0;0;0;0;0;2074;0;0;95;0;200;0;
18506;5127105;1059401728;21790720;1200013312;0;0;0;0;0;0;0;0;0;0;0;3627;0;0;95;0;200;0;
18507;7130673;1059401728;21790720;1200013312;0;0;0;0;0;0;0;0;0;0;0;4208;0;0;95;0;200;0;
18508;4955514;1059401728;21790720;1200013312;0;0;0;0;0;0;0;0;0;0;0;3797;0;0;95;0;200;0;
18509;6360479;1059401728;21790720;1200013312;0;0;0;0;0;0;0;0;0;0;0;3146;0;0;95;0;200;0;
18510;7488073;1059401728;21790720;1200013312;0;0;0;0;0;0;0;0;0;0;0;4588;0;0;95;0;200;0;
18511;6333207;1059401728;21790720;1200013312;0;0;0;0;0;0;0;0;0;0;0;3135;0;0;95;0;200;0;
18512;8153591;1059401728;21790720;1200013312;0;0;0;0;0;0;0;0;0;0;0;3316;0;0;95;0;200;0;
18513;6243188;1059401728;21790720;1200013312;0;0;0;0;0;0;0;0;0;0;0;2866;0;0;95;0;200;0;
18514;4532981;1059401728;21790720;1200013312;0;0;0;0;0;0;0;0;0;0;0;4007;0;0;95;0;200;0;
18515;4859784;1059401728;21790720;1200013312;0;0;0;0;0;0;0;0;0;0;0;2645;0;0;95;0;200;0;
18516;5171769;1059401728;21790720;1200013312;0;0;0;0;0;0;0;0;0;0;0;4588;0;0;95;0;200;0;
18517;7342450;1059401728;21790720;1200013312;0;0;0;0;0;0;0;0;0;0;0;3767;0;0;95;0;200;0;
18518;5501257;1059401728;21790720;1200013312;0;0;0;0;0;0;0;0;0;0;0;3146;0;0;95;0;200;0;
18519;8544745;1059401728;21790720;1200013312;0;0;0;0;0;0;0;0;0;0;0;3447;0;0;95;0;200;0;
18520;5781052;1059401728;21790720;1200013312;0;0;0;0;0;0;0;0;0;0;0;3476;0;0;95;0;200;0;
18521;8030550;1059401728;21790720;1200013312;0;0;0;0;0;0;0;0;0;0;0;4048;0;0;95;0;200;0;
18522;5416087;1059401728;21790720;1200013312;0;0;0;0;0;0;0;0;0;0;0;3176;0;0;95;0;200;0;
18523;7195745;1059401728;21790720;1200013312;0;0;0;0;0;0;0;0;0;0;0;4718;0;0;95;0;200;0;
18524;4469552;1059401728;21790720;1200013312;0;0;0;0;0;0;0;0;0;0;0;3947;0;0;95;0;200;0;
18525;9794418;1059401728;21790720;1200013312;0;0;0;0;0;0;0;0;0;0;0;5471;0;0;95;0;200;0;
18526;4927441;1059401728;21790720;1200013312;0;0;0;0;0;0;0;0;0;0;0;4699;0;0;95;0;200;0;
18527;10533825;1059401728;21790720;1200013312;0;0;0;0;0;0;0;0;0;0;0;4959;0;0;95;0;200;0;
18528;10917003;1059401728;21790720;1200013312;0;0;0;0;0;0;0;0;0;0;0;3948;0;0;95;0;200;0;
18529;8922392;1059401728;21790720;1200013312;0;0;0;0;0;0;0;0;0;0;0;4288;0;0;95;0;200;0;
18530;6207401;1059401728;21790720;1200013312;0;0;0;0;0;0;0;0;0;0;0;4188;0;0;95;0;200;0;
18531;9307635;1059401728;21790720;1200013312;0;0;0;0;0;0;0;0;0;0;0;3887;0;0;95;0;200;0;
18532;5017390;1059401728;21790720;1200013312;0;0;0;0;0;0;0;0;0;0;0;4558;0;0;95;0;200;0;
18533;6635374;1059401728;21790720;1200013312;0;0;0;0;0;0;0;0;0;0;0;4589;0;0;95;0;200;0;
18534;8841481;1059401728;21790720;1200013312;0;0;0;0;0;0;0;0;0;0;0;3727;0;0;95;0;200;0;
18535;9235781;1059401728;21790720;1200013312;0;0;0;0;0;0;0;0;0;0;0;3637;0;0;95;0;200;0;
18536;5898171;1059401728;21790720;1200013312;0;0;0;0;0;0;0;0;0;0;0;3336;0;0;95;0;200;0;
18537;7466212;1059401728;21790720;1200013312;0;0;0;0;0;0;0;0;0;0;0;3306;0;0;95;0;200;0;
18538;6579850;1059401728;21790720;1200013312;0;0;0;0;0;0;0;0;0;0;0;3927;0;0;95;0;200;0;
18539;5152113;1059401728;21790720;1200013312;0;0;0;0;0;0;0;0;0;0;0;2484;0;0;95;0;200;0;
18540;9529731;1059401728;21790720;1200013312;0;0;0;0;0;0;0;0;0;0;0;4108;0;0;95;0;200;0;
18541;8048934;1059401728;21790720;1200013312;0;0;0;0;0;0;0;0;0;0;0;3306;0;0;95;0;200;0;
18542;8452592;1059401728;21790720;1200013312;0;0;0;0;0;0;0;0;0;0;0;4799;0;0;95;0;200;0;
18543;7620221;1059401728;21790720;1200013312;0;0;0;0;0;0;0;0;0;0;0;3797;0;0;95;0;200;0;
18544;6858002;1059401728;21790720;1200013312;0;0;0;0;0;0;0;0;0;0;0;3657;0;0;95;0;200;0;
18545;8945175;1059401728;21790720;1200013312;0;0;0;0;0;0;0;0;0;0;0;4478;0;0;95;0;200;0;
18546;5949247;1059401728;21790720;1200013312;0;0;0;0;0;0;0;0;0;0;0;3106;0;0;95;0;200;0;
18547;8987966;1059401728;21790720;1200013312;0;0;0;0;0;0;0;0;0;0;0;4539;0;0;95;0;200;0;
18548;5263541;1059401728;21790720;1200013312;0;0;0;0;0;0;0;0;0;0;0;3506;0;0;95;0;200;0;
18549;9101959;1059401728;21790720;1200013312;0;0;0;0;0;0;0;0;0;0;0;3346;0;0;95;0;200;0;
18550;5389357;1059401728;21790720;1200013312;0;0;0;0;0;0;0;0;0;0;0;3136;0;0;95;0;200;0;
18551;7221162;1059401728;21790720;1200013312;0;0;0;0;0;0;0;0;0;0;0;4398;0;0;95;0;200;0;
18552;6886916;1059401728;21790720;1200013312;0;0;0;0;0;0;0;0;0;0;0;3586;0;0;95;0;200;0;
18553;7595825;1059401728;21790720;1200013312;0;0;0;0;0;0;0;0;0;0;0;2545;0;0;95;0;200;0;
18554;5941022;1059401728;21790720;1200013312;0;0;0;0;0;0;0;0;0;0;0;3667;0;0;95;0;200;0;
18555;7684542;1059401728;21790720;1200013312;0;0;0;0;0;0;0;0;0;0;0;4218;0;0;95;0;200;0;
18556;10448666;1059401728;21790720;1200013312;0;0;0;0;0;0;0;0;0;0;0;3276;0;0;95;0;200;0;
18557;7324767;1059401728;21790720;1200013312;0;0;0;0;0;0;0;0;0;0;0;3366;0;0;95;0;200;0;
18558;5379709;1059401728;21790720;1200013312;0;0;0;0;0;0;0;0;0;0;0;11762;0;0;95;0;200;0;
18559;7804627;1059401728;21790720;1200013312;0;0;0;0;0;0;0;0;0;0;0;4228;0;0;95;0;200;0;
18560;6906763;1059401728;21790720;1200013312;0;0;0;0;0;0;0;0;0;0;0;3186;0;0;95;0;200;0;
18561;8676542;1059401728;21790720;1200013312;0;0;0;0;0;0;0;0;0;0;0;4339;0;0;95;0;200;0;
18562;7108161;1059401728;21790720;1200013312;0;0;0;0;0;0;0;0;0;0;0;2816;0;0;95;0;200;0;
18563;9222897;1059401728;21790720;1200013312;0;0;0;0;0;0;0;0;0;0;0;3616;0;0;95;0;200;0;
18564;4609965;1059401728;21790720;1200013312;0;0;0;0;0;0;0;0;0;0;0;3847;0;0;95;0;200;0;
18565;8047873;1059401728;21790720;1200013312;0;0;0;0;0;0;0;0;0;0;0;3086;0;0;95;0;200;0;
18566;5495817;1059401728;21790720;1200013312;0;0;0;0;0;0;0;0;0;0;0;3516;0;0;95;0;200;0;
18567;7869879;1059401728;21790720;1200013312;0;0;0;0;0;0;0;0;0;0;0;3998;0;0;95;0;200;0;
18568;5111596;1059401728;21790720;1200013312;0;0;0;0;0;0;0;0;0;0;0;2895;0;0;95;0;200;0;
18569;7217936;1059401728;21790720;1200013312;0;0;0;0;0;0;0;0;0;0;0;3266;0;0;95;0;200;0;
18570;8119197;1059401728;21790720;1200013312;0;0;0;0;0;0;0;0;0;0;0;4248;0;0;95;0;200;0;
18571;9034383;1059401728;21790720;1200013312;0;0;0;0;0;0;0;0;0;0;0;3647;0;0;95;0;200;0;
18572;4373192;1059401728;21790720;1200013312;0;0;0;0;0;0;0;0;0;0;0;4428;0;0;95;0;200;0;
18573;8347184;1059401728;21790720;1200013312;0;0;0;0;0;0;0;0;0;0;0;3607;0;0;95;0;200;0;
18574;5282156;1059401728;21790720;1200013312;0;0;0;0;0;0;0;0;0;0;0;3386;0;0;95;0;200;0;
18575;7311492;1059401728;21790720;1200013312;0;0;0;0;0;0;0;0;0;0;0;4058;0;0;95;0;200;0;
18576;6417165;1059401728;21790720;1200013312;0;0;0;0;0;0;0;0;0;0;0;4368;0;0;95;0;200;0;
18577;5611052;1059401728;21790720;1200013312;0;0;0;0;0;0;0;0;0;0;0;4418;0;0;95;0;200;0;
18578;7308737;1059401728;21790720;1200013312;0;0;0;0;0;0;0;0;0;0;0;4298;0;0;95;0;200;0;
18579;4971113;1059401728;21790720;1200013312;0;0;0;0;0;0;0;0;0;0;0;2756;0;0;95;0;200;0;
18580;6953650;1059401728;21790720;1200013312;0;0;0;0;0;0;0;0;0;0;0;3336;0;0;95;0;200;0;
18581;6592343;1059401728;21790720;1200013312;0;0;0;0;0;0;0;0;0;0;0;3517;0;0;95;0;200;0;
18582;7233185;1059401728;21790720;1200013312;0;0;0;0;0;0;0;0;0;0;0;3116;0;0;95;0;200;0;
18583;6236496;1059401728;21790720;1200013312;0;0;0;0;0;0;0;0;0;0;0;3677;0;0;95;0;200;0;
18584;4197242;1059401728;21790720;1200013312;0;0;0;0;0;0;0;0;0;0;0;4047;0;0;95;0;200;0;
18585;9045253;1059401728;21790720;1200013312;0;0;0;0;0;0;0;0;0;0;0;2755;0;0;95;0;200;0;
18586;4250511;1059401728;21790720;1200013312;0;0;0;0;0;0;0;0;0;0;0;4028;0;0;95;0;200;0;
18587;8633061;1059401728;21790720;1200013312;0;0;0;0;0;0;0;0;0;0;0;3817;0;0;95;0;200;0;
18588;4856297;1059401728;21790720;1200013312;0;0;0;0;0;0;0;0;0;0;0;3546;0;0;95;0;200;0;
18589;7795680;1059401728;21790720;1200013312;0;0;0;0;0;0;0;0;0;0;0;2675;0;0;95;0;200;0;
18590;3624638;1059401728;21790720;1200013312;0;0;0;0;0;0;0;0;0;0;0;3457;0;0;95;0;200;0;
18591;6635725;1059401728;21790720;1200013312;0;0;0;0;0;0;0;0;0;0;0;2625;0;0;95;0;200;0;
18592;5228505;1059401728;21790720;1200013312;0;0;0;0;0;0;0;0;0;0;0;3296;0;0;95;0;200;0;
18593;4937039;1059401728;21790720;1200013312;0;0;0;0;0;0;0;0;0;0;0;2454;0;0;95;0;200;0;
18594;4630284;1059401728;21790720;1200013312;0;0;0;0;0;0;0;0;0;0;0;4047;0;0;95;0;200;0;
18595;7738593;1059401728;21790720;1200013312;0;0;0;0;0;0;0;0;0;0;0;3436;0;0;95;0;200;0;
18596;5050562;1059401728;21790720;1200013312;0;0;0;0;0;0;0;0;0;0;0;3657;0;0;95;0;200;0;
18597;8015402;1059401728;21790720;1200013312;0;0;0;0;0;0;0;0;0;0;0;4128;0;0;95;0;200;0;
18598;5580395;1059401728;21790720;1200013312;0;0;0;0;0;0;0;0;0;0;0;3296;0;0;95;0;200;0;
18599;7960850;1059401728;21790720;1200013312;0;0;0;0;0;0;0;0;0;0;0;3086;0;0;95;0;200;0;
18600;4647777;1059401728;21790720;1200013312;0;0;0;0;0;0;0;0;0;0;0;3677;0;0;95;0;200;0;
18601;8640043;1059401728;21790720;1200013312;0;0;0;0;0;0;0;0;0;0;0;3677;0;0;95;0;200;0;
18602;5026376;1059401728;21790720;1200013312;0;0;0;0;0;0;0;0;0;0;0;2915;0;0;95;0;200;0;
18603;6514908;1059401728;21790720;1200013312;0;0;0;0;0;0;0;0;0;0;0;2194;0;0;95;0;200;0;
18604;5462795;1059401728;21790720;1200013312;0;0;0;0;0;0;0;0;0;0;0;3336;0;0;95;0;200;0;
18605;5968774;1059401728;21790720;1200013312;0;0;0;0;0;0;0;0;0;0;0;3206;0;0;95;0;200;0;
18606;5421748;1059401728;21790720;1200013312;0;0;0;0;0;0;0;0;0;0;0;3457;0;0;95;0;200;0;
18607;6827885;1059401728;21790720;1200013312;0;0;0;0;0;0;0;0;0;0;0;3406;0;0;95;0;200;0;
18608;4801314;1059401728;21790720;1200013312;0;0;0;0;0;0;0;0;0;0;0;3927;0;0;95;0;200;0;
18609;8504900;1059401728;21790720;1200013312;0;0;0;0;0;0;0;0;0;0;0;2554;0;0;95;0;200;0;
18610;5544317;1059401728;21790720;1200013312;0;0;0;0;0;0;0;0;0;0;0;3296;0;0;95;0;200;0;
18611;7979625;1059401728;21790720;1200013312;0;0;0;0;0;0;0;0;0;0;0;3086;0;0;95;0;200;0;
18612;4998313;1059401728;21790720;1200013312;0;0;0;0;0;0;0;0;0;0;0;3497;0;0;95;0;200;0;
18613;7599853;1059401728;21790720;1200013312;0;0;0;0;0;0;0;0;0;0;0;3496;0;0;95;0;200;0;
18614;5649616;1059401728;21790720;1200013312;0;0;0;0;0;0;0;0;0;0;0;3026;0;0;95;0;200;0;
18615;7457195;1059401728;21790720;1200013312;0;0;0;0;0;0;0;0;0;0;0;2205;0;0;95;0;200;0;
18616;5344142;1059401728;21790720;1200013312;0;0;0;0;0;0;0;0;0;0;0;3446;0;0;95;0;200;0;
18617;7709668;1059401728;21790720;1200013312;0;0;0;0;0;0;0;0;0;0;0;3166;0;0;95;0;200;0;
18618;5658653;1059401728;21798912;1200021504;0;0;0;0;0;0;0;0;0;0;0;2705;0;0;95;0;200;0;
18619;8967948;1059401728;21798912;1200021504;0;0;0;0;0;0;0;0;0;0;0;3777;0;0;95;0;200;0;
18620;5401680;1059401728;21798912;1200021504;0;0;0;0;0;0;0;0;0;0;0;2514;0;0;95;0;200;0;
18621;7617295;1059401728;21798912;1200021504;0;0;0;0;0;0;0;0;0;0;0;3076;0;0;95;0;200;0;
18622;5787524;1059401728;21798912;1200021504;0;0;0;0;0;0;0;0;0;0;0;4378;0;0;95;0;200;0;
18623;8024609;1059401728;21798912;1200021504;0;0;0;0;0;0;0;0;0;0;0;4118;0;0;95;0;200;0;
18624;4502724;1059401728;21790720;1200013312;0;0;0;0;0;0;0;0;0;0;0;3597;0;0;95;0;200;0;
18625;7387845;1059401728;21790720;1200013312;0;0;0;0;0;0;0;0;0;0;0;3086;0;0;95;0;200;0;
18626;5966871;1059401728;21790720;1200013312;0;0;0;0;0;0;0;0;0;0;0;5310;0;0;95;0;200;0;
18627;8483059;1059401728;21790720;1200013312;0;0;0;0;0;0;0;0;0;0;0;3015;0;0;95;0;200;0;
18628;3894364;1059401728;21790720;1200013312;0;0;0;0;0;0;0;0;0;0;0;2835;0;0;95;0;200;0;
18629;8082698;1059401728;21790720;1200013312;0;0;0;0;0;0;0;0;0;0;0;3296;0;0;95;0;200;0;
18630;4143812;1059401728;21790720;1200013312;0;0;0;0;0;0;0;0;0;0;0;2795;0;0;95;0;200;0;
18631;6742745;1059401728;21790720;1200013312;0;0;0;0;0;0;0;0;0;0;0;2495;0;0;95;0;200;0;
18632;5364952;1059401728;21790720;1200013312;0;0;0;0;0;0;0;0;0;0;0;2905;0;0;95;0;200;0;
18633;5228094;1059401728;21790720;1200013312;0;0;0;0;0;0;0;0;0;0;0;2184;0;0;95;0;200;0;
18634;7807011;1059401728;21790720;1200013312;0;0;0;0;0;0;0;0;0;0;0;3838;0;0;95;0;200;0;
18635;7522507;1059401728;21790720;1200013312;0;0;0;0;0;0;0;0;0;0;0;3005;0;0;95;0;200;0;
18636;5342269;1059401728;21790720;1200013312;0;0;0;0;0;0;0;0;0;0;0;3216;0;0;95;0;200;0;
18637;6917563;1059401728;21790720;1200013312;0;0;0;0;0;0;0;0;0;0;0;3637;0;0;95;0;200;0;
18638;5866251;1059401728;21790720;1200013312;0;0;0;0;0;0;0;0;0;0;0;4448;0;0;95;0;200;0;
18639;7262770;1059401728;21790720;1200013312;0;0;0;0;0;0;0;0;0;0;0;3085;0;0;95;0;200;0;
18640;6847772;1059401728;21790720;1200013312;0;0;0;0;0;0;0;0;0;0;0;3116;0;0;95;0;200;0;
18641;8259540;1059401728;21790720;1200013312;0;0;0;0;0;0;0;0;0;0;0;4108;0;0;95;0;200;0;
18642;6405453;1059401728;21790720;1200013312;0;0;0;0;0;0;0;0;0;0;0;3687;0;0;95;0;200;0;
18643;7475670;1059401728;21790720;1200013312;0;0;0;0;0;0;0;0;0;0;0;4018;0;0;95;0;200;0;
18644;5009685;1059401728;21790720;1200013312;0;0;0;0;0;0;0;0;0;0;0;4719;0;0;95;0;200;0;
18645;9901178;1059401728;21790720;1200013312;0;0;0;0;0;0;0;0;0;0;0;4128;0;0;95;0;200;0;
18646;8115991;1059401728;21790720;1200013312;0;0;0;0;0;0;0;0;0;0;0;2866;0;0;95;0;200;0;
18647;7832209;1059401728;21790720;1200013312;0;0;0;0;0;0;0;0;0;0;0;2104;0;0;95;0;200;0;
18648;7687397;1059401728;21790720;1200013312;0;0;0;0;0;0;0;0;0;0;0;3437;0;0;95;0;200;0;
18649;7723975;1059401728;21790720;1200013312;0;0;0;0;0;0;0;0;0;0;0;3346;0;0;95;0;200;0;
18650;6625385;1059401728;21790720;1200013312;0;0;0;0;0;0;0;0;0;0;0;3316;0;0;95;0;200;0;
18651;7065851;1059401728;21790720;1200013312;0;0;0;0;0;0;0;0;0;0;0;2905;0;0;95;0;200;0;
18652;5854540;1059401728;21790720;1200013312;0;0;0;0;0;0;0;0;0;0;0;4438;0;0;95;0;200;0;
18653;7961481;1059401728;21790720;1200013312;0;0;0;0;0;0;0;0;0;0;0;2765;0;0;95;0;200;0;
18654;4993164;1059401728;21790720;1200013312;0;0;0;0;0;0;0;0;0;0;0;3076;0;0;95;0;200;0;
18655;8603545;1059401728;21790720;1200013312;0;0;0;0;0;0;0;0;0;0;0;2795;0;0;95;0;200;0;
18656;7835605;1059401728;21790720;1200013312;0;0;0;0;0;0;0;0;0;0;0;3447;0;0;95;0;200;0;
18657;12317691;1059401728;21790720;1200013312;0;0;0;0;0;0;0;0;0;0;0;3226;0;0;95;0;200;0;
18658;5243274;1059401728;21790720;1200013312;0;0;0;0;0;0;0;0;0;0;0;3577;0;0;95;0;200;0;
18659;6155975;1059401728;21790720;1200013312;0;0;0;0;0;0;0;0;0;0;0;2966;0;0;95;0;200;0;
18660;6424478;1059401728;21790720;1200013312;0;0;0;0;0;0;0;0;0;0;0;3847;0;0;95;0;200;0;
18661;7520825;1059401728;21790720;1200013312;0;0;0;0;0;0;0;0;0;0;0;4378;0;0;95;0;200;0;
18662;5191456;1059401728;21790720;1200013312;0;0;0;0;0;0;0;0;0;0;0;3145;0;0;95;0;200;0;
18663;7937235;1059401728;21790720;1200013312;0;0;0;0;0;0;0;0;0;0;0;2485;0;0;95;0;200;0;
18664;4990689;1059397632;21786624;1200009216;0;0;0;0;0;0;0;0;0;0;0;3166;0;0;95;0;200;0;
18665;7277818;1059397632;21786624;1200009216;0;0;0;0;0;0;0;0;0;0;0;3476;0;0;95;0;200;0;
18666;5578281;1059397632;21786624;1200009216;0;0;0;0;0;0;0;0;0;0;0;3637;0;0;95;0;200;0;
18667;6452440;1059397632;21786624;1200009216;0;0;0;0;0;0;0;0;0;0;0;3457;0;0;95;0;200;0;
18668;6351572;1059397632;21786624;1200009216;0;0;0;0;0;0;0;0;0;0;0;3356;0;0;95;0;200;0;
18669;5626031;1059397632;21786624;1200009216;0;0;0;0;0;0;0;0;0;0;0;2745;0;0;95;0;200;0;
18670;5769630;1059397632;21786624;1200009216;0;0;0;0;0;0;0;0;0;0;0;3086;0;0;95;0;200;0;
18671;5898472;1059397632;21786624;1200009216;0;0;0;0;0;0;0;0;0;0;0;2294;0;0;95;0;200;0;
18672;6514758;1059397632;21786624;1200009216;0;0;0;0;0;0;0;0;0;0;0;4709;0;0;95;0;200;0;
18673;6541628;1059397632;21786624;1200009216;0;0;0;0;0;0;0;0;0;0;0;2484;0;0;95;0;200;0;
18674;4137699;1059397632;21786624;1200009216;0;0;0;0;0;0;0;0;0;0;0;3988;0;0;95;0;200;0;
18675;8112223;1059397632;21786624;1200009216;0;0;0;0;0;0;0;0;0;0;0;3787;0;0;95;0;200;0;
18676;5525613;1059397632;21786624;1200009216;0;0;0;0;0;0;0;0;0;0;0;5169;0;0;95;0;200;0;
18677;6756841;1059397632;21786624;1200009216;0;0;0;0;0;0;0;0;0;0;0;2375;0;0;95;0;200;0;
18678;5338963;1059397632;21786624;1200009216;0;0;0;0;0;0;0;0;0;0;0;3447;0;0;95;0;200;0;
18679;8100883;1059397632;21786624;1200009216;0;0;0;0;0;0;0;0;0;0;0;3486;0;0;95;0;200;0;
18680;5469448;1059397632;21786624;1200009216;0;0;0;0;0;0;0;0;0;0;0;4078;0;0;95;0;200;0;
18681;8724511;1059397632;21786624;1200009216;0;0;0;0;0;0;0;0;0;0;0;6141;0;0;95;0;200;0;
18682;5661267;1059397632;21786624;1200009216;0;0;0;0;0;0;0;0;0;0;0;4669;0;0;95;0;200;0;
18683;8959803;1059397632;21786624;1200009216;0;0;0;0;0;0;0;0;0;0;0;2655;0;0;95;0;200;0;
18684;6541187;1059397632;21790720;1200013312;0;0;0;0;0;0;0;0;0;0;0;5961;0;0;95;0;200;0;
18685;7141233;1064394752;33284096;1211506688;0;0;0;0;0;0;0;0;0;0;0;3306;0;0;95;0;200;0;
18686;7826648;1064394752;33284096;1211506688;0;0;0;0;0;0;0;0;0;0;0;5380;0;0;95;0;200;0;
18687;7254044;1066491904;33284096;1211506688;0;0;0;0;0;0;0;0;0;0;0;2755;0;0;95;0;200;0;
18688;7818774;1066491904;33284096;1211506688;0;0;0;0;0;0;0;0;0;0;0;3867;0;0;95;0;200;0;
18689;6556285;1066491904;33284096;1211506688;0;0;0;0;0;0;0;0;0;0;0;4258;0;0;95;0;200;0;
18690;7167893;1066491904;33284096;1211506688;0;0;0;0;0;0;0;0;0;0;0;3516;0;0;95;0;200;0;
18691;6211690;1066491904;33284096;1211506688;0;0;0;0;0;0;0;0;0;0;0;3957;0;0;95;0;200;0;
18692;4827093;1054892032;21458944;1199681536;0;0;0;0;0;0;0;0;0;0;0;3857;0;0;95;0;200;0;
18693;8037193;1054892032;21458944;1199681536;0;0;0;0;0;0;0;0;0;0;0;3617;0;0;95;0;200;0;
18694;5576047;1054892032;21458944;1199681536;0;0;0;0;0;0;0;0;0;0;0;3466;0;0;95;0;200;0;
18695;6989839;1054892032;21458944;1199681536;0;0;0;0;0;0;0;0;0;0;0;3527;0;0;95;0;200;0;
18696;6707840;1054892032;21458944;1199681536;0;0;0;0;0;0;0;0;0;0;0;3306;0;0;95;0;200;0;
18697;6108646;1054892032;21458944;1199681536;0;0;0;0;0;0;0;0;0;0;0;2154;0;0;95;0;200;0;
18698;8779495;1054883840;21450752;1199673344;0;0;0;0;0;0;0;0;0;0;0;4739;0;0;95;0;200;0;
18699;8182095;1054883840;21450752;1199673344;0;0;0;0;0;0;0;0;0;0;0;3527;0;0;95;0;200;0;
18700;6590520;1054883840;21450752;1199673344;0;0;0;0;0;0;0;0;0;0;0;3487;0;0;95;0;200;0;
18701;8751702;1054883840;21450752;1199673344;0;0;0;0;0;0;0;0;0;0;0;4108;0;0;95;0;200;0;
18702;6853273;1054883840;21450752;1199673344;0;0;0;0;0;0;0;0;0;0;0;4458;0;0;95;0;200;0;
18703;8391707;1054883840;21450752;1199673344;0;0;0;0;0;0;0;0;0;0;0;5380;0;0;95;0;200;0;
18704;6702630;1054883840;21450752;1199673344;0;0;0;0;0;0;0;0;0;0;0;4599;0;0;95;0;200;0;
18705;10810324;1054883840;21450752;1199673344;0;0;0;0;0;0;0;0;0;0;0;3567;0;0;95;0;200;0;
18706;6901122;1054883840;21450752;1199673344;0;0;0;0;0;0;0;0;0;0;0;3657;0;0;95;0;200;0;
18707;7985927;1059078144;21450752;1199673344;0;0;0;0;0;0;0;0;0;0;0;4008;0;0;95;0;200;0;
18708;6765498;1059078144;21450752;1199673344;0;0;0;0;0;0;0;0;0;0;0;4478;0;0;95;0;200;0;
18709;13500478;1063051264;33284096;1211506688;0;0;0;0;0;0;0;0;0;0;0;3506;0;0;95;0;200;0;
18710;9380092;1067245568;33284096;1211506688;0;0;0;0;0;0;0;0;0;0;0;3406;0;0;95;0;200;0;
18711;10512274;1069342720;33284096;1211506688;0;0;0;0;0;0;0;0;0;0;0;3647;0;0;95;0;200;0;
18712;8520029;1066287104;30019584;1208242176;0;0;0;0;0;0;0;0;0;0;0;5441;0;0;95;0;200;0;
18713;8436131;1066287104;30019584;1208242176;0;0;0;0;0;0;0;0;0;0;0;4128;0;0;95;0;200;0;
18714;9827661;1066287104;30019584;1208242176;0;0;0;0;0;0;0;0;0;0;0;3817;0;0;95;0;200;0;
18715;8827104;1066287104;30019584;1208242176;0;0;0;0;0;0;0;0;0;0;0;2925;0;0;95;0;200;0;
18716;7320910;1054793728;18526208;1196748800;0;0;0;0;0;0;0;0;0;0;0;3767;0;0;95;0;200;0;
18717;7748692;1054793728;18526208;1196748800;0;0;0;0;0;0;0;0;0;0;0;2425;0;0;95;0;200;0;
18718;7199191;1054793728;18526208;1196748800;0;0;0;0;0;0;0;0;0;0;0;3397;0;0;95;0;200;0;
18719;8500452;1054793728;18526208;1196748800;0;0;0;0;0;0;0;0;0;0;0;4488;0;0;95;0;200;0;
18720;6139264;1054793728;18526208;1196748800;0;0;0;0;0;0;0;0;0;0;0;3897;0;0;95;0;200;0;
18721;9364011;1054793728;18526208;1196748800;0;0;0;0;0;0;0;0;0;0;0;3586;0;0;95;0;200;0;
18722;5150950;1054793728;18526208;1196748800;0;0;0;0;0;0;0;0;0;0;0;3988;0;0;95;0;200;0;
18723;7977852;1054793728;18526208;1196748800;0;0;0;0;0;0;0;0;0;0;0;4769;0;0;95;0;200;0;
18724;6953129;1054793728;18526208;1196748800;0;0;0;0;0;0;0;0;0;0;0;2855;0;0;95;0;200;0;
18725;8478750;1054793728;18526208;1196748800;0;0;0;0;0;0;0;0;0;0;0;3327;0;0;95;0;200;0;
18726;6820562;1054793728;18526208;1196748800;0;0;0;0;0;0;0;0;0;0;0;3787;0;0;95;0;200;0;
18727;7137325;1054793728;18526208;1196748800;0;0;0;0;0;0;0;0;0;0;0;3977;0;0;95;0;200;0;
18728;8936038;1054793728;18526208;1196748800;0;0;0;0;0;0;0;0;0;0;0;2846;0;0;95;0;200;0;
18729;10259280;1059790848;30019584;1208242176;0;0;0;0;0;0;0;0;0;0;0;4559;0;0;95;0;200;0;
18730;5854870;1061888000;30019584;1208242176;0;0;0;0;0;0;0;0;0;0;0;3306;0;0;95;0;200;0;
18731;8066298;1066082304;30019584;1208242176;0;0;0;0;0;0;0;0;0;0;0;4328;0;0;95;0;200;0;
18732;6979569;1066082304;30019584;1208242176;0;0;0;0;0;0;0;0;0;0;0;3727;0;0;95;0;200;0;
18733;5350564;1066082304;30019584;1208242176;0;0;0;0;0;0;0;0;0;0;0;2815;0;0;95;0;200;0;
18734;7058808;1066082304;30019584;1208242176;0;0;0;0;0;0;0;0;0;0;0;5520;0;0;95;0;200;0;
18735;8668366;1066082304;30019584;1208242176;0;0;0;0;0;0;0;0;0;0;0;4188;0;0;95;0;200;0;
18736;8603295;1055821824;18186240;1196408832;0;0;0;0;0;0;0;0;0;0;0;3476;0;0;95;0;200;0;
18737;8731334;1055821824;18186240;1196408832;0;0;0;0;0;0;0;0;0;0;0;2765;0;0;95;0;200;0;
18738;7468025;1055821824;18186240;1196408832;0;0;0;0;0;0;0;0;0;0;0;4809;0;0;95;0;200;0;
18739;8484602;1055821824;18186240;1196408832;0;0;0;0;0;0;0;0;0;0;0;4468;0;0;95;0;200;0;
18740;5232813;1055821824;18186240;1196408832;0;0;0;0;0;0;0;0;0;0;0;4298;0;0;95;0;200;0;
18741;8992294;1055821824;18186240;1196408832;0;0;0;0;0;0;0;0;0;0;0;4278;0;0;95;0;200;0;
18742;6225635;1055821824;18186240;1196408832;0;0;0;0;0;0;0;0;0;0;0;3417;0;0;95;0;200;0;
18743;7900586;1055821824;18186240;1196408832;0;0;0;0;0;0;0;0;0;0;0;2605;0;0;95;0;200;0;
18744;5888273;1055821824;18186240;1196408832;0;0;0;0;0;0;0;0;0;0;0;4188;0;0;95;0;200;0;
18745;6173227;1055821824;18186240;1196408832;0;0;0;0;0;0;0;0;0;0;0;2484;0;0;95;0;200;0;
18746;7358259;1055821824;18186240;1196408832;0;0;0;0;0;0;0;0;0;0;0;4939;0;0;95;0;200;0;
18747;8123054;1055821824;18186240;1196408832;0;0;0;0;0;0;0;0;0;0;0;3306;0;0;95;0;200;0;
18748;9132617;1055821824;18186240;1196408832;0;0;0;0;0;0;0;0;0;0;0;4889;0;0;95;0;200;0;
18749;7797664;1055821824;18186240;1196408832;0;0;0;0;0;0;0;0;0;0;0;2815;0;0;95;0;200;0;
18750;7232454;1055821824;18186240;1196408832;0;0;0;0;0;0;0;0;0;0;0;3727;0;0;95;0;200;0;
18751;8201471;1055821824;18186240;1196408832;0;0;0;0;0;0;0;0;0;0;0;4548;0;0;95;0;200;0;
18752;9911608;1055821824;18186240;1196408832;0;0;0;0;0;0;0;0;0;0;0;4669;0;0;95;0;200;0;
18753;12676674;1059803136;30019584;1208242176;0;0;0;0;0;0;0;0;0;0;0;4539;0;0;95;0;200;0;
18754;5995133;1063997440;30019584;1208242176;0;0;0;0;0;0;0;0;0;0;0;3246;0;0;95;0;200;0;
18755;7699219;1066094592;30019584;1208242176;0;0;0;0;0;0;0;0;0;0;0;2986;0;0;95;0;200;0;
18756;7657371;1066094592;30027776;1208250368;0;0;0;0;0;0;0;0;0;0;0;3667;0;0;95;0;200;0;
18757;10436963;1066094592;30027776;1208250368;0;0;0;0;0;0;0;0;0;0;0;4599;0;0;95;0;200;0;
18758;4699874;1066094592;30027776;1208250368;0;0;0;0;0;0;0;0;0;0;0;3436;0;0;95;0;200;0;
18759;10867310;1066094592;30027776;1208250368;0;0;0;0;0;0;0;0;0;0;0;3416;0;0;95;0;200;0;
18760;11624360;1054801920;18534400;1196756992;0;0;0;0;0;0;0;0;0;0;0;6613;0;0;95;0;200;0;
18761;8380907;1054801920;18534400;1196756992;0;0;0;0;0;0;0;0;0;0;0;3697;0;0;95;0;200;0;
18762;5865170;1054793728;18526208;1196748800;0;0;0;0;0;0;0;0;0;0;0;4639;0;0;95;0;200;0;
18763;10286120;1054793728;18526208;1196748800;0;0;0;0;0;0;0;0;0;0;0;3327;0;0;95;0;200;0;
18764;6189778;1054793728;18526208;1196748800;0;0;0;0;0;0;0;0;0;0;0;3216;0;0;95;0;200;0;
18765;7871532;1054793728;18526208;1196748800;0;0;0;0;0;0;0;0;0;0;0;8776;0;0;95;0;200;0;
18766;7766224;1054793728;18526208;1196748800;0;0;0;0;0;0;0;0;0;0;0;3637;0;0;95;0;200;0;
18767;7358159;1054793728;18526208;1196748800;0;0;0;0;0;0;0;0;0;0;0;4158;0;0;95;0;200;0;
18768;7450222;1054793728;18526208;1196748800;0;0;0;0;0;0;0;0;0;0;0;3577;0;0;95;0;200;0;
18769;8719773;1054793728;18526208;1196748800;0;0;0;0;0;0;0;0;0;0;0;3967;0;0;95;0;200;0;
18770;7734655;1054793728;18526208;1196748800;0;0;0;0;0;0;0;0;0;0;0;3707;0;0;95;0;200;0;
18771;7707575;1054793728;18526208;1196748800;0;0;0;0;0;0;0;0;0;0;0;2825;0;0;95;0;200;0;
18772;6562607;1054793728;18526208;1196748800;0;0;0;0;0;0;0;0;0;0;0;2655;0;0;95;0;200;0;
18773;6970181;1054793728;18526208;1196748800;0;0;0;0;0;0;0;0;0;0;0;3947;0;0;95;0;200;0;
18774;6644290;1054793728;18526208;1196748800;0;0;0;0;0;0;0;0;0;0;0;4248;0;0;95;0;200;0;
18775;7154137;1054793728;18526208;1196748800;0;0;0;0;0;0;0;0;0;0;0;2635;0;0;95;0;200;0;
18776;8922764;1054793728;18526208;1196748800;0;0;0;0;0;0;0;0;0;0;0;4148;0;0;95;0;200;0;
18777;10547370;1059790848;30019584;1208242176;0;0;0;0;0;0;0;0;0;0;0;3837;0;0;95;0;200;0;
18778;8195730;1061888000;30019584;1208242176;0;0;0;0;0;0;0;0;0;0;0;3206;0;0;95;0;200;0;
18779;8667656;1066082304;30019584;1208242176;0;0;0;0;0;0;0;0;0;0;0;3126;0;0;95;0;200;0;
18780;8160434;1066082304;30019584;1208242176;0;0;0;0;0;0;0;0;0;0;0;3587;0;0;95;0;200;0;
18781;9605765;1066082304;30019584;1208242176;0;0;0;0;0;0;0;0;0;0;0;4228;0;0;95;0;200;0;
18782;9118300;1066082304;30019584;1208242176;0;0;0;0;0;0;0;0;0;0;0;3416;0;0;95;0;200;0;
18783;12077740;1066082304;30019584;1208242176;0;0;0;0;0;0;0;0;0;0;0;3857;0;0;95;0;200;0;
18784;8337376;1055821824;18186240;1196408832;0;0;0;0;0;0;0;0;0;0;0;4158;0;0;95;0;200;0;
18785;10427175;1055821824;18186240;1196408832;0;0;0;0;0;0;0;0;0;0;0;3727;0;0;95;0;200;0;
18786;8168078;1055821824;18186240;1196408832;0;0;0;0;0;0;0;0;0;0;0;3477;0;0;95;0;200;0;
18787;9246671;1055821824;18186240;1196408832;0;0;0;0;0;0;0;0;0;0;0;3426;0;0;95;0;200;0;
18788;7047917;1055821824;18186240;1196408832;0;0;0;0;0;0;0;0;0;0;0;4038;0;0;95;0;200;0;
18789;9995606;1055821824;18186240;1196408832;0;0;0;0;0;0;0;0;0;0;0;3697;0;0;95;0;200;0;
18790;7216454;1055821824;18186240;1196408832;0;0;0;0;0;0;0;0;0;0;0;4699;0;0;95;0;200;0;
18791;10535648;1055821824;18186240;1196408832;0;0;0;0;0;0;0;0;0;0;0;4318;0;0;95;0;200;0;
18792;5295150;1055821824;18186240;1196408832;0;0;0;0;0;0;0;0;0;0;0;5120;0;0;95;0;200;0;
18793;9660848;1055821824;18186240;1196408832;0;0;0;0;0;0;0;0;0;0;0;4098;0;0;95;0;200;0;
18794;3806649;1055821824;18186240;1196408832;0;0;0;0;0;0;0;0;0;0;0;2816;0;0;95;0;200;0;
18795;10851320;1055821824;18186240;1196408832;0;0;0;0;0;0;0;0;0;0;0;5651;0;0;95;0;200;0;
18796;4756800;1055821824;18186240;1196408832;0;0;0;0;0;0;0;0;0;0;0;3486;0;0;95;0;200;0;
18797;8994297;1055821824;18186240;1196408832;0;0;0;0;0;0;0;0;0;0;0;6171;0;0;95;0;200;0;
18798;4374114;1055821824;18186240;1196408832;0;0;0;0;0;0;0;0;0;0;0;3266;0;0;95;0;200;0;
18799;4603653;1055821824;18186240;1196408832;0;0;0;0;0;0;0;0;0;0;0;2274;0;0;95;0;200;0;
18800;8397799;1055821824;18186240;1196408832;0;0;0;0;0;0;0;0;0;0;0;4508;0;0;95;0;200;0;
18801;10010203;1059803136;30019584;1208242176;0;0;0;0;0;0;0;0;0;0;0;3196;0;0;95;0;200;0;
18802;8974160;1063997440;30019584;1208242176;0;0;0;0;0;0;0;0;0;0;0;3557;0;0;95;0;200;0;
18803;9010919;1066094592;30019584;1208242176;0;0;0;0;0;0;0;0;0;0;0;3186;0;0;95;0;200;0;
18804;6066236;1066094592;30019584;1208242176;0;0;0;0;0;0;0;0;0;0;0;2906;0;0;95;0;200;0;
18805;8143101;1066094592;30019584;1208242176;0;0;0;0;0;0;0;0;0;0;0;3687;0;0;95;0;200;0;
18806;9053359;1066094592;30019584;1208242176;0;0;0;0;0;0;0;0;0;0;0;3366;0;0;95;0;200;0;
18807;9841657;1066094592;30019584;1208242176;0;0;0;0;0;0;0;0;0;0;0;3807;0;0;95;0;200;0;
18808;4428224;1054793728;18526208;1196748800;0;0;0;0;0;0;0;0;0;0;0;2866;0;0;95;0;200;0;
18809;6931099;1054793728;18526208;1196748800;0;0;0;0;0;0;0;0;0;0;0;3907;0;0;95;0;200;0;
18810;4740250;1054793728;18526208;1196748800;0;0;0;0;0;0;0;0;0;0;0;4218;0;0;95;0;200;0;
18811;7390109;1054793728;18526208;1196748800;0;0;0;0;0;0;0;0;0;0;0;4618;0;0;95;0;200;0;
18812;3654453;1054793728;18526208;1196748800;0;0;0;0;0;0;0;0;0;0;0;3176;0;0;95;0;200;0;
18813;5838088;1054793728;18526208;1196748800;0;0;0;0;0;0;0;0;0;0;0;2144;0;0;95;0;200;0;
18814;6148320;1054793728;18526208;1196748800;0;0;0;0;0;0;0;0;0;0;0;3306;0;0;95;0;200;0;
18815;8535367;1054793728;18526208;1196748800;0;0;0;0;0;0;0;0;0;0;0;2816;0;0;95;0;200;0;
18816;4064723;1054793728;18526208;1196748800;0;0;0;0;0;0;0;0;0;0;0;4198;0;0;95;0;200;0;
18817;7686315;1054793728;18526208;1196748800;0;0;0;0;0;0;0;0;0;0;0;3656;0;0;95;0;200;0;
18818;4090341;1054793728;18526208;1196748800;0;0;0;0;0;0;0;0;0;0;0;2876;0;0;95;0;200;0;
18819;8309633;1054793728;18526208;1196748800;0;0;0;0;0;0;0;0;0;0;0;3576;0;0;95;0;200;0;
18820;4171444;1054793728;18526208;1196748800;0;0;0;0;0;0;0;0;0;0;0;3025;0;0;95;0;200;0;
18821;7648164;1054793728;18526208;1196748800;0;0;0;0;0;0;0;0;0;0;0;3807;0;0;95;0;200;0;
18822;6498147;1054793728;18526208;1196748800;0;0;0;0;0;0;0;0;0;0;0;3066;0;0;95;0;200;0;
18823;9442818;1059790848;30019584;1208242176;0;0;0;0;0;0;0;0;0;0;0;3857;0;0;95;0;200;0;
18824;5713675;1061888000;30019584;1208242176;0;0;0;0;0;0;0;0;0;0;0;4578;0;0;95;0;200;0;
18825;9369251;1066082304;30019584;1208242176;0;0;0;0;0;0;0;0;0;0;0;5029;0;0;95;0;200;0;
18826;3752747;1066082304;30019584;1208242176;0;0;0;0;0;0;0;0;0;0;0;4428;0;0;95;0;200;0;
18827;7198039;1066082304;30019584;1208242176;0;0;0;0;0;0;0;0;0;0;0;3757;0;0;95;0;200;0;
18828;3361204;1066082304;30019584;1208242176;0;0;0;0;0;0;0;0;0;0;0;2985;0;0;95;0;200;0;
18829;6870635;1066082304;30019584;1208242176;0;0;0;0;0;0;0;0;0;0;0;1984;0;0;95;0;200;0;
18830;6489109;1055821824;18186240;1196408832;0;0;0;0;0;0;0;0;0;0;0;3216;0;0;95;0;200;0;
18831;6098898;1055821824;18186240;1196408832;0;0;0;0;0;0;0;0;0;0;0;3216;0;0;95;0;200;0;
18832;4809360;1055821824;18186240;1196408832;0;0;0;0;0;0;0;0;0;0;0;4488;0;0;95;0;200;0;
18833;6659429;1055821824;18186240;1196408832;0;0;0;0;0;0;0;0;0;0;0;3166;0;0;95;0;200;0;
18834;4830499;1055821824;18186240;1196408832;0;0;0;0;0;0;0;0;0;0;0;2805;0;0;95;0;200;0;
18835;7537476;1055821824;18186240;1196408832;0;0;0;0;0;0;0;0;0;0;0;2835;0;0;95;0;200;0;
18836;4049284;1055821824;18186240;1196408832;0;0;0;0;0;0;0;0;0;0;0;3226;0;0;95;0;200;0;
18837;6147439;1055821824;18186240;1196408832;0;0;0;0;0;0;0;0;0;0;0;2955;0;0;95;0;200;0;
18838;6003789;1055821824;18186240;1196408832;0;0;0;0;0;0;0;0;0;0;0;3907;0;0;95;0;200;0;
18839;8712760;1055821824;18186240;1196408832;0;0;0;0;0;0;0;0;0;0;0;6372;0;0;95;0;200;0;
18840;3980585;1055821824;18186240;1196408832;0;0;0;0;0;0;0;0;0;0;0;2775;0;0;95;0;200;0;
18841;9357358;1055821824;18186240;1196408832;0;0;0;0;0;0;0;0;0;0;0;3677;0;0;95;0;200;0;
18842;5570176;1055821824;18186240;1196408832;0;0;0;0;0;0;0;0;0;0;0;3677;0;0;95;0;200;0;
18843;5586176;1055821824;18186240;1196408832;0;0;0;0;0;0;0;0;0;0;0;1873;0;0;95;0;200;0;
18844;6533493;1055821824;18186240;1196408832;0;0;0;0;0;0;0;0;0;0;0;3336;0;0;95;0;200;0;
18845;4968368;1055821824;18186240;1196408832;0;0;0;0;0;0;0;0;0;0;0;2505;0;0;95;0;200;0;
18846;5665946;1055821824;18186240;1196408832;0;0;0;0;0;0;0;0;0;0;0;3507;0;0;95;0;200;0;
18847;9486350;1059803136;30019584;1208242176;0;0;0;0;0;0;0;0;0;0;0;4048;0;0;95;0;200;0;
18848;3653501;1063997440;30019584;1208242176;0;0;0;0;0;0;0;0;0;0;0;4659;0;0;95;0;200;0;
18849;7236701;1066094592;30019584;1208242176;0;0;0;0;0;0;0;0;0;0;0;3236;0;0;95;0;200;0;
18850;4536778;1066094592;30019584;1208242176;0;0;0;0;0;0;0;0;0;0;0;3256;0;0;95;0;200;0;
18851;6017575;1066094592;30019584;1208242176;0;0;0;0;0;0;0;0;0;0;0;3056;0;0;95;0;200;0;
18852;7504594;1066094592;30019584;1208242176;0;0;0;0;0;0;0;0;0;0;0;3717;0;0;95;0;200;0;
18853;6417255;1066094592;30019584;1208242176;0;0;0;0;0;0;0;0;0;0;0;2515;0;0;95;0;200;0;
18854;6014910;1054793728;18526208;1196748800;0;0;0;0;0;0;0;0;0;0;0;4319;0;0;95;0;200;0;
18855;6914157;1054793728;18526208;1196748800;0;0;0;0;0;0;0;0;0;0;0;2615;0;0;95;0;200;0;
18856;5369910;1054793728;18526208;1196748800;0;0;0;0;0;0;0;0;0;0;0;3206;0;0;95;0;200;0;
18857;6206390;1054793728;18526208;1196748800;0;0;0;0;0;0;0;0;0;0;0;2465;0;0;95;0;200;0;
18858;5256137;1054793728;18526208;1196748800;0;0;0;0;0;0;0;0;0;0;0;3066;0;0;95;0;200;0;
18859;5333332;1054793728;18526208;1196748800;0;0;0;0;0;0;0;0;0;0;0;2124;0;0;95;0;200;0;
18860;5859569;1054793728;18526208;1196748800;0;0;0;0;0;0;0;0;0;0;0;3737;0;0;95;0;200;0;
18861;5169174;1054793728;18526208;1196748800;0;0;0;0;0;0;0;0;0;0;0;2986;0;0;95;0;200;0;
18862;6934024;1054793728;18526208;1196748800;0;0;0;0;0;0;0;0;0;0;0;4088;0;0;95;0;200;0;
18863;7585666;1054793728;18526208;1196748800;0;0;0;0;0;0;0;0;0;0;0;4158;0;0;95;0;200;0;
18864;7552574;1054793728;18526208;1196748800;0;0;0;0;0;0;0;0;0;0;0;4749;0;0;95;0;200;0;
18865;5945129;1054793728;18526208;1196748800;0;0;0;0;0;0;0;0;0;0;0;2004;0;0;95;0;200;0;
18866;6651855;1054793728;18526208;1196748800;0;0;0;0;0;0;0;0;0;0;0;4208;0;0;95;0;200;0;
18867;6674918;1054793728;18526208;1196748800;0;0;0;0;0;0;0;0;0;0;0;3377;0;0;95;0;200;0;
18868;5509282;1054793728;18526208;1196748800;0;0;0;0;0;0;0;0;0;0;0;4128;0;0;95;0;200;0;
18869;8414650;1054793728;18526208;1196748800;0;0;0;0;0;0;0;0;0;0;0;4869;0;0;95;0;200;0;
18870;5843409;1054793728;18526208;1196748800;0;0;0;0;0;0;0;0;0;0;0;3907;0;0;95;0;200;0;
18871;9704429;1059790848;30019584;1208242176;0;0;0;0;0;0;0;0;0;0;0;3787;0;0;95;0;200;0;
18872;4206458;1061888000;30019584;1208242176;0;0;0;0;0;0;0;0;0;0;0;4238;0;0;95;0;200;0;
18873;9299991;1066082304;30019584;1208242176;0;0;0;0;0;0;0;0;0;0;0;3066;0;0;95;0;200;0;
18874;5871001;1066082304;30019584;1208242176;0;0;0;0;0;0;0;0;0;0;0;3657;0;0;95;0;200;0;
18875;7781132;1066082304;30019584;1208242176;0;0;0;0;0;0;0;0;0;0;0;4158;0;0;95;0;200;0;
18876;4327054;1066082304;30019584;1208242176;0;0;0;0;0;0;0;0;0;0;0;3326;0;0;95;0;200;0;
18877;6668827;1066082304;30019584;1208242176;0;0;0;0;0;0;0;0;0;0;0;2314;0;0;95;0;200;0;
18878;6848844;1055821824;18186240;1196408832;0;0;0;0;0;0;0;0;0;0;0;4018;0;0;95;0;200;0;
18879;6179779;1055821824;18186240;1196408832;0;0;0;0;0;0;0;0;0;0;0;8105;0;0;95;0;200;0;
18880;6737596;1055821824;18186240;1196408832;0;0;0;0;0;0;0;0;0;0;0;3506;0;0;95;0;200;0;
18881;5812039;1055821824;18186240;1196408832;0;0;0;0;0;0;0;0;0;0;0;2695;0;0;95;0;200;0;
18882;6042763;1055821824;18186240;1196408832;0;0;0;0;0;0;0;0;0;0;0;3868;0;0;95;0;200;0;
18883;7210803;1055821824;18186240;1196408832;0;0;0;0;0;0;0;0;0;0;0;2595;0;0;95;0;200;0;
18884;7085829;1055821824;18186240;1196408832;0;0;0;0;0;0;0;0;0;0;0;3467;0;0;95;0;200;0;
18885;6522272;1055821824;18186240;1196408832;0;0;0;0;0;0;0;0;0;0;0;4358;0;0;95;0;200;0;
18886;5591006;1055821824;18186240;1196408832;0;0;0;0;0;0;0;0;0;0;0;3276;0;0;95;0;200;0;
18887;6758455;1055821824;18186240;1196408832;0;0;0;0;0;0;0;0;0;0;0;2855;0;0;95;0;200;0;
18888;6698693;1055821824;18186240;1196408832;0;0;0;0;0;0;0;0;0;0;0;2996;0;0;95;0;200;0;
18889;7179885;1055821824;18186240;1196408832;0;0;0;0;0;0;0;0;0;0;0;3116;0;0;95;0;200;0;
18890;6844617;1055821824;18186240;1196408832;0;0;0;0;0;0;0;0;0;0;0;4589;0;0;95;0;200;0;
18891;7748281;1055821824;18186240;1196408832;0;0;0;0;0;0;0;0;0;0;0;2084;0;0;95;0;200;0;
18892;5664152;1055821824;18186240;1196408832;0;0;0;0;0;0;0;0;0;0;0;3416;0;0;95;0;200;0;
18893;8165473;1059803136;30019584;1208242176;0;0;0;0;0;0;0;0;0;0;0;4238;0;0;95;0;200;0;
18894;6549192;1063997440;30019584;1208242176;0;0;0;0;0;0;0;0;0;0;0;4668;0;0;95;0;200;0;
18895;9824675;1066094592;30019584;1208242176;0;0;0;0;0;0;0;0;0;0;0;4558;0;0;95;0;200;0;
18896;6686670;1066094592;30019584;1208242176;0;0;0;0;0;0;0;0;0;0;0;4037;0;0;95;0;200;0;
18897;7498903;1066094592;30019584;1208242176;0;0;0;0;0;0;0;0;0;0;0;3477;0;0;95;0;200;0;
18898;5962211;1066094592;30019584;1208242176;0;0;0;0;0;0;0;0;0;0;0;2675;0;0;95;0;200;0;
18899;7050242;1066094592;30019584;1208242176;0;0;0;0;0;0;0;0;0;0;0;3516;0;0;95;0;200;0;
18900;5807441;1054793728;18526208;1196748800;0;0;0;0;0;0;0;0;0;0;0;3647;0;0;95;0;200;0;
18901;7463497;1054793728;18526208;1196748800;0;0;0;0;0;0;0;0;0;0;0;3266;0;0;95;0;200;0;
18902;5648203;1054793728;18526208;1196748800;0;0;0;0;0;0;0;0;0;0;0;3046;0;0;95;0;200;0;
18903;7877633;1054793728;18526208;1196748800;0;0;0;0;0;0;0;0;0;0;0;4308;0;0;95;0;200;0;
18904;4391676;1054793728;18526208;1196748800;0;0;0;0;0;0;0;0;0;0;0;3165;0;0;95;0;200;0;
18905;8433286;1054793728;18526208;1196748800;0;0;0;0;0;0;0;0;0;0;0;2845;0;0;95;0;200;0;
18906;4979719;1054793728;18526208;1196748800;0;0;0;0;0;0;0;0;0;0;0;2885;0;0;95;0;200;0;
18907;8866388;1054793728;18526208;1196748800;0;0;0;0;0;0;0;0;0;0;0;3958;0;0;95;0;200;0;
18908;4993815;1054793728;18526208;1196748800;0;0;0;0;0;0;0;0;0;0;0;3396;0;0;95;0;200;0;
18909;7119452;1054793728;18526208;1196748800;0;0;0;0;0;0;0;0;0;0;0;2785;0;0;95;0;200;0;
18910;5991036;1054793728;18526208;1196748800;0;0;0;0;0;0;0;0;0;0;0;3777;0;0;95;0;200;0;
18911;8177406;1054793728;18526208;1196748800;0;0;0;0;0;0;0;0;0;0;0;3246;0;0;95;0;200;0;
18912;5329034;1054793728;18526208;1196748800;0;0;0;0;0;0;0;0;0;0;0;2685;0;0;95;0;200;0;
18913;8027856;1054793728;18526208;1196748800;0;0;0;0;0;0;0;0;0;0;0;2785;0;0;95;0;200;0;
18914;5910905;1054793728;18526208;1196748800;0;0;0;0;0;0;0;0;0;0;0;4479;0;0;95;0;200;0;
18915;6588666;1054793728;18526208;1196748800;0;0;0;0;0;0;0;0;0;0;0;2565;0;0;95;0;200;0;
18916;5786342;1054793728;18526208;1196748800;0;0;0;0;0;0;0;0;0;0;0;4288;0;0;95;0;200;0;
18917;7748210;1059790848;30019584;1208242176;0;0;0;0;0;0;0;0;0;0;0;3727;0;0;95;0;200;0;
18918;5110384;1061888000;30019584;1208242176;0;0;0;0;0;0;0;0;0;0;0;2635;0;0;95;0;200;0;
18919;6888589;1066082304;30019584;1208242176;0;0;0;0;0;0;0;0;0;0;0;3797;0;0;95;0;200;0;
18920;6587704;1066082304;30019584;1208242176;0;0;0;0;0;0;0;0;0;0;0;4057;0;0;95;0;200;0;
18921;5304678;1066082304;30019584;1208242176;0;0;0;0;0;0;0;0;0;0;0;1924;0;0;95;0;200;0;
18922;5450893;1066082304;30019584;1208242176;0;0;0;0;0;0;0;0;0;0;0;3376;0;0;95;0;200;0;
18923;7618909;1066082304;30019584;1208242176;0;0;0;0;0;0;0;0;0;0;0;2545;0;0;95;0;200;0;
18924;5105685;1055821824;18186240;1196408832;0;0;0;0;0;0;0;0;0;0;0;2835;0;0;95;0;200;0;
18925;10870707;1055821824;18186240;1196408832;0;0;0;0;0;0;0;0;0;0;0;2114;0;0;95;0;200;0;
18926;10414821;1055821824;18186240;1196408832;0;0;0;0;0;0;0;0;0;0;0;4799;0;0;95;0;200;0;
18927;7097400;1055821824;18186240;1196408832;0;0;0;0;0;0;0;0;0;0;0;3055;0;0;95;0;200;0;
18928;3641489;1055821824;18186240;1196408832;0;0;0;0;0;0;0;0;0;0;0;3517;0;0;95;0;200;0;
18929;8066297;1055821824;18186240;1196408832;0;0;0;0;0;0;0;0;0;0;0;3527;0;0;95;0;200;0;
18930;3424993;1055821824;18186240;1196408832;0;0;0;0;0;0;0;0;0;0;0;4057;0;0;95;0;200;0;
18931;8261583;1055821824;18186240;1196408832;0;0;0;0;0;0;0;0;0;0;0;3717;0;0;95;0;200;0;
18932;4865775;1055821824;18186240;1196408832;0;0;0;0;0;0;0;0;0;0;0;3687;0;0;95;0;200;0;
18933;7247572;1055821824;18186240;1196408832;0;0;0;0;0;0;0;0;0;0;0;3346;0;0;95;0;200;0;
18934;5962853;1055821824;18186240;1196408832;0;0;0;0;0;0;0;0;0;0;0;3486;0;0;95;0;200;0;
18935;5764020;1055821824;18186240;1196408832;0;0;0;0;0;0;0;0;0;0;0;2275;0;0;95;0;200;0;
18936;5971609;1055821824;18186240;1196408832;0;0;0;0;0;0;0;0;0;0;0;3116;0;0;95;0;200;0;
18937;7411099;1055821824;18186240;1196408832;0;0;0;0;0;0;0;0;0;0;0;2424;0;0;95;0;200;0;
18938;4503776;1055821824;18186240;1196408832;0;0;0;0;0;0;0;0;0;0;0;2976;0;0;95;0;200;0;
18939;6029607;1059803136;30019584;1208242176;0;0;0;0;0;0;0;0;0;0;0;3046;0;0;95;0;200;0;
18940;7410628;1063997440;30019584;1208242176;0;0;0;0;0;0;0;0;0;0;0;4058;0;0;95;0;200;0;
18941;9226443;1066094592;30019584;1208242176;0;0;0;0;0;0;0;0;0;0;0;4097;0;0;95;0;200;0;
18942;4108064;1066094592;30019584;1208242176;0;0;0;0;0;0;0;0;0;0;0;3647;0;0;95;0;200;0;
18943;7284782;1066094592;30019584;1208242176;0;0;0;0;0;0;0;0;0;0;0;2675;0;0;95;0;200;0;
18944;4590889;1066094592;30019584;1208242176;0;0;0;0;0;0;0;0;0;0;0;3446;0;0;95;0;200;0;
18945;6490743;1066094592;30019584;1208242176;0;0;0;0;0;0;0;0;0;0;0;2605;0;0;95;0;200;0;
18946;5086228;1054793728;18526208;1196748800;0;0;0;0;0;0;0;0;0;0;0;3987;0;0;95;0;200;0;
18947;7457856;1054793728;18526208;1196748800;0;0;0;0;0;0;0;0;0;0;0;2574;0;0;95;0;200;0;
18948;5343020;1054793728;18526208;1196748800;0;0;0;0;0;0;0;0;0;0;0;3577;0;0;95;0;200;0;
18949;8061738;1054793728;18526208;1196748800;0;0;0;0;0;0;0;0;0;0;0;3276;0;0;95;0;200;0;
18950;4257624;1054793728;18526208;1196748800;0;0;0;0;0;0;0;0;0;0;0;2585;0;0;95;0;200;0;
18951;9216003;1054793728;18526208;1196748800;0;0;0;0;0;0;0;0;0;0;0;2475;0;0;95;0;200;0;
18952;4657755;1054793728;18526208;1196748800;0;0;0;0;0;0;0;0;0;0;0;2926;0;0;95;0;200;0;
18953;8042964;1054793728;18526208;1196748800;0;0;0;0;0;0;0;0;0;0;0;3306;0;0;95;0;200;0;
18954;3579773;1054793728;18526208;1196748800;0;0;0;0;0;0;0;0;0;0;0;3046;0;0;95;0;200;0;
18955;5817480;1054793728;18526208;1196748800;0;0;0;0;0;0;0;0;0;0;0;2054;0;0;95;0;200;0;
18956;4583425;1054793728;18526208;1196748800;0;0;0;0;0;0;0;0;0;0;0;3476;0;0;95;0;200;0;
18957;8967478;1054793728;18526208;1196748800;0;0;0;0;0;0;0;0;0;0;0;2554;0;0;95;0;200;0;
18958;4200888;1054793728;18526208;1196748800;0;0;0;0;0;0;0;0;0;0;0;3316;0;0;95;0;200;0;
18959;6327877;1054793728;18526208;1196748800;0;0;0;0;0;0;0;0;0;0;0;2385;0;0;95;0;200;0;
18960;5204771;1054793728;18526208;1196748800;0;0;0;0;0;0;0;0;0;0;0;2986;0;0;95;0;200;0;
18961;6231066;1054793728;18526208;1196748800;0;0;0;0;0;0;0;0;0;0;0;2936;0;0;95;0;200;0;
18962;4657234;1054793728;18526208;1196748800;0;0;0;0;0;0;0;0;0;0;0;3056;0;0;95;0;200;0;
18963;8050688;1059790848;30019584;1208242176;0;0;0;0;0;0;0;0;0;0;0;2986;0;0;95;0;200;0;
18964;2948920;1061888000;30019584;1208242176;0;0;0;0;0;0;0;0;0;0;0;4579;0;0;95;0;200;0;
18965;7240469;1066082304;30019584;1208242176;0;0;0;0;0;0;0;0;0;0;0;3346;0;0;95;0;200;0;
18966;8340531;1066082304;30019584;1208242176;0;0;0;0;0;0;0;0;0;0;0;3858;0;0;95;0;200;0;
18967;7930172;1066082304;30019584;1208242176;0;0;0;0;0;0;0;0;0;0;0;2926;0;0;95;0;200;0;
18968;3661707;1066082304;30019584;1208242176;0;0;0;0;0;0;0;0;0;0;0;3797;0;0;95;0;200;0;
18969;8870586;1066082304;30019584;1208242176;0;0;0;0;0;0;0;0;0;0;0;304912;0;0;95;0;200;0;
18970;4952267;1055821824;18186240;1196408832;0;0;0;0;0;0;0;0;0;0;0;3006;0;0;95;0;200;0;
18971;5834411;1055821824;18186240;1196408832;0;0;0;0;0;0;0;0;0;0;0;2305;0;0;95;0;200;0;
18972;4395273;1055821824;18186240;1196408832;0;0;0;0;0;0;0;0;0;0;0;3577;0;0;95;0;200;0;
18973;8320845;1055821824;18186240;1196408832;0;0;0;0;0;0;0;0;0;0;0;2294;0;0;95;0;200;0;
18974;4750919;1055821824;18186240;1196408832;0;0;0;0;0;0;0;0;0;0;0;4148;0;0;95;0;200;0;
18975;6355770;1055821824;18186240;1196408832;0;0;0;0;0;0;0;0;0;0;0;2555;0;0;95;0;200;0;
18976;6027083;1055821824;18186240;1196408832;0;0;0;0;0;0;0;0;0;0;0;4989;0;0;95;0;200;0;
18977;7564997;1055821824;18186240;1196408832;0;0;0;0;0;0;0;0;0;0;0;2996;0;0;95;0;200;0;
18978;3606734;1055821824;18194432;1196417024;0;0;0;0;0;0;0;0;0;0;0;3317;0;0;95;0;200;0;
18979;10356563;1055821824;18194432;1196417024;0;0;0;0;0;0;0;0;0;0;0;253816;0;0;95;0;200;0;
18980;4065495;1055821824;18194432;1196417024;0;0;0;0;0;0;0;0;0;0;0;3346;0;0;95;0;200;0;
18981;9452507;1055821824;18194432;1196417024;0;0;0;0;0;0;0;0;0;0;0;3276;0;0;95;0;200;0;
18982;3722511;1055821824;18194432;1196417024;0;0;0;0;0;0;0;0;0;0;0;4148;0;0;95;0;200;0;
18983;6988176;1055821824;18194432;1196417024;0;0;0;0;0;0;0;0;0;0;0;2494;0;0;95;0;200;0;
18984;6168909;1055825920;18190336;1196412928;0;0;0;0;0;0;0;0;0;0;0;5109;0;0;95;0;200;0;
18985;7549678;1055825920;18190336;1196412928;0;0;0;0;0;0;0;0;0;0;0;65303;0;0;95;0;200;0;
18986;6207031;1055825920;18190336;1196412928;0;0;0;0;0;0;0;0;0;0;0;3727;0;0;95;0;200;0;
18987;9933389;1059807232;30023680;1208246272;0;0;0;0;0;0;0;0;0;0;0;3376;0;0;95;0;200;0;
18988;5658181;1064189952;30019584;1208242176;0;0;0;0;0;0;0;0;0;0;0;3316;0;0;95;0;200;0;
18989;7990465;1066287104;30019584;1208242176;0;0;0;0;0;0;0;0;0;0;0;4178;0;0;95;0;200;0;
18990;4705946;1066287104;30019584;1208242176;0;0;0;0;0;0;0;0;0;0;0;3967;0;0;95;0;200;0;
18991;5585415;1066287104;30019584;1208242176;0;0;0;0;0;0;0;0;0;0;0;2585;0;0;95;0;200;0;
18992;5275373;1066287104;30019584;1208242176;0;0;0;0;0;0;0;0;0;0;0;3276;0;0;95;0;200;0;
18993;7254876;1066287104;30019584;1208242176;0;0;0;0;0;0;0;0;0;0;0;2766;0;0;95;0;200;0;
18994;4642927;1054793728;18526208;1196748800;0;0;0;0;0;0;0;0;0;0;0;3396;0;0;95;0;200;0;
18995;8426052;1054793728;18526208;1196748800;0;0;0;0;0;0;0;0;0;0;0;2796;0;0;95;0;200;0;
18996;4709462;1054793728;18526208;1196748800;0;0;0;0;0;0;0;0;0;0;0;3447;0;0;95;0;200;0;
18997;8328349;1054793728;18526208;1196748800;0;0;0;0;0;0;0;0;0;0;0;3416;0;0;95;0;200;0;
18998;4308681;1054793728;18526208;1196748800;0;0;0;0;0;0;0;0;0;0;0;3997;0;0;95;0;200;0;
18999;8337366;1054793728;18526208;1196748800;0;0;0;0;0;0;0;0;0;0;0;2404;0;0;95;0;200;0;
19000;4439025;1054793728;18526208;1196748800;0;0;0;0;0;0;0;0;0;0;0;3697;0;0;95;0;200;0;
19001;6640343;1054793728;18526208;1196748800;0;0;0;0;0;0;0;0;0;0;0;2946;0;0;95;0;200;0;
19002;4641725;1054793728;18526208;1196748800;0;0;0;0;0;0;0;0;0;0;0;3507;0;0;95;0;200;0;
19003;7042548;1054793728;18526208;1196748800;0;0;0;0;0;0;0;0;0;0;0;2564;0;0;95;0;200;0;
19004;4048252;1054793728;18526208;1196748800;0;0;0;0;0;0;0;0;0;0;0;3917;0;0;95;0;200;0;
19005;7356957;1054793728;18526208;1196748800;0;0;0;0;0;0;0;0;0;0;0;3026;0;0;95;0;200;0;
19006;3806448;1054793728;18526208;1196748800;0;0;0;0;0;0;0;0;0;0;0;3336;0;0;95;0;200;0;
19007;6773122;1054793728;18526208;1196748800;0;0;0;0;0;0;0;0;0;0;0;3216;0;0;95;0;200;0;
19008;4971544;1054793728;18526208;1196748800;0;0;0;0;0;0;0;0;0;0;0;3547;0;0;95;0;200;0;
19009;8256775;1059790848;30019584;1208242176;0;0;0;0;0;0;0;0;0;0;0;3237;0;0;95;0;200;0;
19010;4781898;1061888000;30019584;1208242176;0;0;0;0;0;0;0;0;0;0;0;3988;0;0;95;0;200;0;
19011;8229263;1066082304;30019584;1208242176;0;0;0;0;0;0;0;0;0;0;0;3697;0;0;95;0;200;0;
19012;4739609;1066082304;30019584;1208242176;0;0;0;0;0;0;0;0;0;0;0;3687;0;0;95;0;200;0;
19013;5832388;1066082304;30019584;1208242176;0;0;0;0;0;0;0;0;0;0;0;2464;0;0;95;0;200;0;
19014;6000133;1066082304;30019584;1208242176;0;0;0;0;0;0;0;0;0;0;0;3497;0;0;95;0;200;0;
19015;8221138;1066082304;30019584;1208242176;0;0;0;0;0;0;0;0;0;0;0;3547;0;0;95;0;200;0;
19016;4643398;1055821824;18186240;1196408832;0;0;0;0;0;0;0;0;0;0;0;3427;0;0;95;0;200;0;
19017;7503703;1055821824;18186240;1196408832;0;0;0;0;0;0;0;0;0;0;0;4057;0;0;95;0;200;0;
19018;5529239;1055821824;18186240;1196408832;0;0;0;0;0;0;0;0;0;0;0;3917;0;0;95;0;200;0;
19019;8122132;1055821824;18186240;1196408832;0;0;0;0;0;0;0;0;0;0;0;2916;0;0;95;0;200;0;
19020;7270625;1055821824;18186240;1196408832;0;0;0;0;0;0;0;0;0;0;0;4709;0;0;95;0;200;0;
19021;6538002;1055821824;18186240;1196408832;0;0;0;0;0;0;0;0;0;0;0;3437;0;0;95;0;200;0;
19022;7145130;1055821824;18186240;1196408832;0;0;0;0;0;0;0;0;0;0;0;4729;0;0;95;0;200;0;
19023;7019053;1055821824;18186240;1196408832;0;0;0;0;0;0;0;0;0;0;0;2985;0;0;95;0;200;0;
19024;6850778;1055821824;18186240;1196408832;0;0;0;0;0;0;0;0;0;0;0;3597;0;0;95;0;200;0;
19025;8320544;1055821824;18186240;1196408832;0;0;0;0;0;0;0;0;0;0;0;4819;0;0;95;0;200;0;
19026;5093252;1055821824;18186240;1196408832;0;0;0;0;0;0;0;0;0;0;0;5100;0;0;95;0;200;0;
19027;9192860;1055821824;18186240;1196408832;0;0;0;0;0;0;0;0;0;0;0;4268;0;0;95;0;200;0;
19028;6166414;1055821824;18186240;1196408832;0;0;0;0;0;0;0;0;0;0;0;3807;0;0;95;0;200;0;
19029;8022956;1055821824;18186240;1196408832;0;0;0;0;0;0;0;0;0;0;0;4208;0;0;95;0;200;0;
19030;8226708;1055821824;18186240;1196408832;0;0;0;0;0;0;0;0;0;0;0;5040;0;0;95;0;200;0;
19031;8054675;1055821824;18186240;1196408832;0;0;0;0;0;0;0;0;0;0;0;2685;0;0;95;0;200;0;
19032;5897880;1055821824;18186240;1196408832;0;0;0;0;0;0;0;0;0;0;0;4920;0;0;95;0;200;0;
19033;9449692;1059803136;30019584;1208242176;0;0;0;0;0;0;0;0;0;0;0;3888;0;0;95;0;200;0;
19034;9452167;1063997440;30019584;1208242176;0;0;0;0;0;0;0;0;0;0;0;3847;0;0;95;0;200;0;
19035;9683931;1066094592;30019584;1208242176;0;0;0;0;0;0;0;0;0;0;0;3917;0;0;95;0;200;0;
19036;6582565;1066094592;30019584;1208242176;0;0;0;0;0;0;0;0;0;0;0;4468;0;0;95;0;200;0;
19037;9945973;1066094592;30019584;1208242176;0;0;0;0;0;0;0;0;0;0;0;3927;0;0;95;0;200;0;
19038;6568058;1066094592;30019584;1208242176;0;0;0;0;0;0;0;0;0;0;0;4498;0;0;95;0;200;0;
19039;7941773;1066094592;30019584;1208242176;0;0;0;0;0;0;0;0;0;0;0;3907;0;0;95;0;200;0;
19040;5827629;1054793728;18526208;1196748800;0;0;0;0;0;0;0;0;0;0;0;6081;0;0;95;0;200;0;
19041;6731815;1054793728;18526208;1196748800;0;0;0;0;0;0;0;0;0;0;0;3446;0;0;95;0;200;0;
19042;4300324;1054793728;18526208;1196748800;0;0;0;0;0;0;0;0;0;0;0;4399;0;0;95;0;200;0;
19043;9161171;1054793728;18526208;1196748800;0;0;0;0;0;0;0;0;0;0;0;3056;0;0;95;0;200;0;
19044;5206003;1054793728;18526208;1196748800;0;0;0;0;0;0;0;0;0;0;0;3527;0;0;95;0;200;0;
19045;5551190;1054793728;18526208;1196748800;0;0;0;0;0;0;0;0;0;0;0;3376;0;0;95;0;200;0;
19046;5202968;1054793728;18526208;1196748800;0;0;0;0;0;0;0;0;0;0;0;4168;0;0;95;0;200;0;
19047;7395109;1054793728;18526208;1196748800;0;0;0;0;0;0;0;0;0;0;0;4268;0;0;95;0;200;0;
19048;7892331;1054793728;18526208;1196748800;0;0;0;0;0;0;0;0;0;0;0;3346;0;0;95;0;200;0;
19049;7488814;1054793728;18526208;1196748800;0;0;0;0;0;0;0;0;0;0;0;3346;0;0;95;0;200;0;
19050;5195213;1054793728;18526208;1196748800;0;0;0;0;0;0;0;0;0;0;0;4248;0;0;95;0;200;0;
19051;9265396;1054793728;18526208;1196748800;0;0;0;0;0;0;0;0;0;0;0;4698;0;0;95;0;200;0;
19052;5319446;1054793728;18526208;1196748800;0;0;0;0;0;0;0;0;0;0;0;5561;0;0;95;0;200;0;
19053;8119016;1054793728;18526208;1196748800;0;0;0;0;0;0;0;0;0;0;0;3176;0;0;95;0;200;0;
19054;5960528;1054793728;18526208;1196748800;0;0;0;0;0;0;0;0;0;0;0;4769;0;0;95;0;200;0;
19055;8203354;1054793728;18526208;1196748800;0;0;0;0;0;0;0;0;0;0;0;3917;0;0;95;0;200;0;
19056;4950243;1054793728;18526208;1196748800;0;0;0;0;0;0;0;0;0;0;0;3837;0;0;95;0;200;0;
19057;8497666;1059790848;30019584;1208242176;0;0;0;0;0;0;0;0;0;0;0;5851;0;0;95;0;200;0;
19058;6396676;1061888000;30019584;1208242176;0;0;0;0;0;0;0;0;0;0;0;3136;0;0;95;0;200;0;
19059;9734706;1066082304;30019584;1208242176;0;0;0;0;0;0;0;0;0;0;0;3557;0;0;95;0;200;0;
19060;6651484;1066082304;30019584;1208242176;0;0;0;0;0;0;0;0;0;0;0;2956;0;0;95;0;200;0;
19061;7759372;1066082304;30019584;1208242176;0;0;0;0;0;0;0;0;0;0;0;3767;0;0;95;0;200;0;
19062;7367908;1066082304;30019584;1208242176;0;0;0;0;0;0;0;0;0;0;0;3276;0;0;95;0;200;0;
19063;8424990;1066082304;30019584;1208242176;0;0;0;0;0;0;0;0;0;0;0;3807;0;0;95;0;200;0;
19064;5967772;1055821824;18186240;1196408832;0;0;0;0;0;0;0;0;0;0;0;3626;0;0;95;0;200;0;
19065;10061980;1055821824;18186240;1196408832;0;0;0;0;0;0;0;0;0;0;0;5380;0;0;95;0;200;0;
19066;5761776;1055821824;18186240;1196408832;0;0;0;0;0;0;0;0;0;0;0;3396;0;0;95;0;200;0;
19067;8661513;1055821824;18186240;1196408832;0;0;0;0;0;0;0;0;0;0;0;255860;0;0;95;0;200;0;
19068;4514526;1055821824;18186240;1196408832;0;0;0;0;0;0;0;0;0;0;0;4087;0;0;95;0;200;0;
19069;9190305;1055821824;18186240;1196408832;0;0;0;0;0;0;0;0;0;0;0;3597;0;0;95;0;200;0;
19070;5258482;1055821824;18186240;1196408832;0;0;0;0;0;0;0;0;0;0;0;3516;0;0;95;0;200;0;
19071;7907850;1055821824;18186240;1196408832;0;0;0;0;0;0;0;0;0;0;0;3507;0;0;95;0;200;0;
19072;7219479;1055821824;18186240;1196408832;0;0;0;0;0;0;0;0;0;0;0;3888;0;0;95;0;200;0;
19073;7169266;1055821824;18186240;1196408832;0;0;0;0;0;0;0;0;0;0;0;3787;0;0;95;0;200;0;
19074;4116891;1055821824;18186240;1196408832;0;0;0;0;0;0;0;0;0;0;0;4128;0;0;95;0;200;0;
19075;12831664;1055821824;18186240;1196408832;0;0;0;0;0;0;0;0;0;0;0;3156;0;0;95;0;200;0;
19076;7310190;1055821824;18186240;1196408832;0;0;0;0;0;0;0;0;0;0;0;4128;0;0;95;0;200;0;
19077;6531559;1055821824;18186240;1196408832;0;0;0;0;0;0;0;0;0;0;0;2725;0;0;95;0;200;0;
19078;5599761;1055821824;18186240;1196408832;0;0;0;0;0;0;0;0;0;0;0;3828;0;0;95;0;200;0;
19079;9154018;1059803136;30019584;1208242176;0;0;0;0;0;0;0;0;0;0;0;3196;0;0;95;0;200;0;
19080;5246139;1063997440;30019584;1208242176;0;0;0;0;0;0;0;0;0;0;0;3426;0;0;95;0;200;0;
19081;6926721;1066094592;30019584;1208242176;0;0;0;0;0;0;0;0;0;0;0;87915;0;0;95;0;200;0;
19082;6145244;1066094592;30019584;1208242176;0;0;0;0;0;0;0;0;0;0;0;4178;0;0;95;0;200;0;
19083;8351512;1066094592;30019584;1208242176;0;0;0;0;0;0;0;0;0;0;0;4799;0;0;95;0;200;0;
19084;5588039;1066094592;30019584;1208242176;0;0;0;0;0;0;0;0;0;0;0;4849;0;0;95;0;200;0;
19085;7603549;1066094592;30019584;1208242176;0;0;0;0;0;0;0;0;0;0;0;3767;0;0;95;0;200;0;
19086;5623957;1054793728;18526208;1196748800;0;0;0;0;0;0;0;0;0;0;0;4378;0;0;95;0;200;0;
19087;8787510;1054793728;18526208;1196748800;0;0;0;0;0;0;0;0;0;0;0;4008;0;0;95;0;200;0;
19088;5644877;1054793728;18526208;1196748800;0;0;0;0;0;0;0;0;0;0;0;4318;0;0;95;0;200;0;
19089;8931550;1054793728;18526208;1196748800;0;0;0;0;0;0;0;0;0;0;0;4228;0;0;95;0;200;0;
19090;5216302;1054793728;18526208;1196748800;0;0;0;0;0;0;0;0;0;0;0;4378;0;0;95;0;200;0;
19091;7892762;1054793728;18526208;1196748800;0;0;0;0;0;0;0;0;0;0;0;3646;0;0;95;0;200;0;
19092;4038674;1054793728;18526208;1196748800;0;0;0;0;0;0;0;0;0;0;0;4288;0;0;95;0;200;0;
19093;8333899;1054793728;18526208;1196748800;0;0;0;0;0;0;0;0;0;0;0;2865;0;0;95;0;200;0;
19094;3168462;1054793728;18526208;1196748800;0;0;0;0;0;0;0;0;0;0;0;3457;0;0;95;0;200;0;
19095;8087417;1054793728;18526208;1196748800;0;0;0;0;0;0;0;0;0;0;0;4288;0;0;95;0;200;0;
19096;4831651;1054793728;18526208;1196748800;0;0;0;0;0;0;0;0;0;0;0;4469;0;0;95;0;200;0;
19097;7181538;1054793728;18526208;1196748800;0;0;0;0;0;0;0;0;0;0;0;2855;0;0;95;0;200;0;
19098;5506016;1054793728;18526208;1196748800;0;0;0;0;0;0;0;0;0;0;0;4107;0;0;95;0;200;0;
19099;7723805;1054793728;18526208;1196748800;0;0;0;0;0;0;0;0;0;0;0;3507;0;0;95;0;200;0;
19100;6404872;1054793728;18526208;1196748800;0;0;0;0;0;0;0;0;0;0;0;4699;0;0;95;0;200;0;
19101;6920678;1054793728;18526208;1196748800;0;0;0;0;0;0;0;0;0;0;0;3506;0;0;95;0;200;0;
19102;6665921;1054793728;18526208;1196748800;0;0;0;0;0;0;0;0;0;0;0;3537;0;0;95;0;200;0;
19103;6392088;1059790848;30019584;1208242176;0;0;0;0;0;0;0;0;0;0;0;3466;0;0;95;0;200;0;
19104;6351351;1061888000;30019584;1208242176;0;0;0;0;0;0;0;0;0;0;0;3747;0;0;95;0;200;0;
19105;8202383;1066082304;30019584;1208242176;0;0;0;0;0;0;0;0;0;0;0;4188;0;0;95;0;200;0;
19106;6254890;1066082304;30019584;1208242176;0;0;0;0;0;0;0;0;0;0;0;4088;0;0;95;0;200;0;
19107;7037528;1066082304;30019584;1208242176;0;0;0;0;0;0;0;0;0;0;0;4258;0;0;95;0;200;0;
19108;4923423;1066082304;30019584;1208242176;0;0;0;0;0;0;0;0;0;0;0;4058;0;0;95;0;200;0;
19109;7756547;1066082304;30019584;1208242176;0;0;0;0;0;0;0;0;0;0;0;4549;0;0;95;0;200;0;
19110;5823421;1055821824;18186240;1196408832;0;0;0;0;0;0;0;0;0;0;0;2956;0;0;95;0;200;0;
19111;6950384;1055821824;18186240;1196408832;0;0;0;0;0;0;0;0;0;0;0;4389;0;0;95;0;200;0;
19112;4998384;1055821824;18186240;1196408832;0;0;0;0;0;0;0;0;0;0;0;3637;0;0;95;0;200;0;
19113;7352288;1055821824;18186240;1196408832;0;0;0;0;0;0;0;0;0;0;0;2565;0;0;95;0;200;0;
19114;4565673;1055821824;18186240;1196408832;0;0;0;0;0;0;0;0;0;0;0;3737;0;0;95;0;200;0;
19115;8182355;1055821824;18186240;1196408832;0;0;0;0;0;0;0;0;0;0;0;3436;0;0;95;0;200;0;
19116;5188530;1055821824;18186240;1196408832;0;0;0;0;0;0;0;0;0;0;0;4759;0;0;95;0;200;0;
19117;8024249;1055821824;18186240;1196408832;0;0;0;0;0;0;0;0;0;0;0;4248;0;0;95;0;200;0;
19118;5821758;1055821824;18186240;1196408832;0;0;0;0;0;0;0;0;0;0;0;3266;0;0;95;0;200;0;
19119;7444962;1055821824;18186240;1196408832;0;0;0;0;0;0;0;0;0;0;0;3286;0;0;95;0;200;0;
19120;5148806;1055821824;18186240;1196408832;0;0;0;0;0;0;0;0;0;0;0;4548;0;0;95;0;200;0;
19121;6489320;1055821824;18186240;1196408832;0;0;0;0;0;0;0;0;0;0;0;3867;0;0;95;0;200;0;
19122;8535748;1055821824;18186240;1196408832;0;0;0;0;0;0;0;0;0;0;0;3166;0;0;95;0;200;0;
19123;6464163;1055821824;18186240;1196408832;0;0;0;0;0;0;0;0;0;0;0;3817;0;0;95;0;200;0;
19124;5799616;1055821824;18186240;1196408832;0;0;0;0;0;0;0;0;0;0;0;2936;0;0;95;0;200;0;
19125;9129311;1059803136;30019584;1208242176;0;0;0;0;0;0;0;0;0;0;0;4468;0;0;95;0;200;0;
19126;5176578;1063997440;30027776;1208250368;0;0;0;0;0;0;0;0;0;0;0;3867;0;0;95;0;200;0;
19127;7266929;1066094592;30027776;1208250368;0;0;0;0;0;0;0;0;0;0;0;2564;0;0;95;0;200;0;
19128;6221828;1066094592;30027776;1208250368;0;0;0;0;0;0;0;0;0;0;0;4088;0;0;95;0;200;0;
19129;6559762;1066094592;30027776;1208250368;0;0;0;0;0;0;0;0;0;0;0;3116;0;0;95;0;200;0;
19130;5541202;1066094592;30027776;1208250368;0;0;0;0;0;0;0;0;0;0;0;3106;0;0;95;0;200;0;
19131;7661037;1066094592;30027776;1208250368;0;0;0;0;0;0;0;0;0;0;0;3817;0;0;95;0;200;0;
19132;5535782;1054793728;18526208;1196748800;0;0;0;0;0;0;0;0;0;0;0;4178;0;0;95;0;200;0;
19133;7024383;1054793728;18526208;1196748800;0;0;0;0;0;0;0;0;0;0;0;4899;0;0;95;0;200;0;
19134;5007772;1054793728;18526208;1196748800;0;0;0;0;0;0;0;0;0;0;0;3546;0;0;95;0;200;0;
19135;7117989;1054793728;18526208;1196748800;0;0;0;0;0;0;0;0;0;0;0;2735;0;0;95;0;200;0;
19136;4858041;1054793728;18526208;1196748800;0;0;0;0;0;0;0;0;0;0;0;3497;0;0;95;0;200;0;
19137;6463561;1054793728;18526208;1196748800;0;0;0;0;0;0;0;0;0;0;0;4578;0;0;95;0;200;0;
19138;4514486;1054793728;18526208;1196748800;0;0;0;0;0;0;0;0;0;0;0;3516;0;0;95;0;200;0;
19139;7122327;1054793728;18526208;1196748800;0;0;0;0;0;0;0;0;0;0;0;4068;0;0;95;0;200;0;
19140;5489945;1054793728;18526208;1196748800;0;0;0;0;0;0;0;0;0;0;0;3086;0;0;95;0;200;0;
19141;5982369;1054793728;18526208;1196748800;0;0;0;0;0;0;0;0;0;0;0;2926;0;0;95;0;200;0;
19142;5509282;1054793728;18526208;1196748800;0;0;0;0;0;0;0;0;0;0;0;4067;0;0;95;0;200;0;
19143;7448940;1054793728;18526208;1196748800;0;0;0;0;0;0;0;0;0;0;0;3396;0;0;95;0;200;0;
19144;5419183;1054793728;18526208;1196748800;0;0;0;0;0;0;0;0;0;0;0;4058;0;0;95;0;200;0;
19145;7620151;1054793728;18526208;1196748800;0;0;0;0;0;0;0;0;0;0;0;3216;0;0;95;0;200;0;
19146;6319722;1054793728;18526208;1196748800;0;0;0;0;0;0;0;0;0;0;0;3947;0;0;95;0;200;0;
19147;8074322;1054793728;18526208;1196748800;0;0;0;0;0;0;0;0;0;0;0;2425;0;0;95;0;200;0;
19148;7174175;1054793728;18526208;1196748800;0;0;0;0;0;0;0;0;0;0;0;2985;0;0;95;0;200;0;
19149;7692216;1059790848;30019584;1208242176;0;0;0;0;0;0;0;0;0;0;0;3246;0;0;95;0;200;0;
19150;6494740;1061888000;30019584;1208242176;0;0;0;0;0;0;0;0;0;0;0;3957;0;0;95;0;200;0;
19151;8407727;1066082304;30019584;1208242176;0;0;0;0;0;0;0;0;0;0;0;2775;0;0;95;0;200;0;
19152;7561591;1066082304;30019584;1208242176;0;0;0;0;0;0;0;0;0;0;0;3406;0;0;95;0;200;0;
19153;6589157;1066082304;30019584;1208242176;0;0;0;0;0;0;0;0;0;0;0;2414;0;0;95;0;200;0;
19154;6121090;1066082304;30019584;1208242176;0;0;0;0;0;0;0;0;0;0;0;4148;0;0;95;0;200;0;
19155;6094068;1066082304;30019584;1208242176;0;0;0;0;0;0;0;0;0;0;0;2945;0;0;95;0;200;0;
19156;6845297;1055821824;18186240;1196408832;0;0;0;0;0;0;0;0;0;0;0;4338;0;0;95;0;200;0;
19157;6966816;1055821824;18186240;1196408832;0;0;0;0;0;0;0;0;0;0;0;3236;0;0;95;0;200;0;
19158;5525993;1055821824;18186240;1196408832;0;0;0;0;0;0;0;0;0;0;0;3346;0;0;95;0;200;0;
19159;7939360;1055821824;18186240;1196408832;0;0;0;0;0;0;0;0;0;0;0;3446;0;0;95;0;200;0;
19160;5695882;1055821824;18186240;1196408832;0;0;0;0;0;0;0;0;0;0;0;3276;0;0;95;0;200;0;
19161;6389733;1055821824;18186240;1196408832;0;0;0;0;0;0;0;0;0;0;0;3397;0;0;95;0;200;0;
19162;5858687;1055821824;18186240;1196408832;0;0;0;0;0;0;0;0;0;0;0;3606;0;0;95;0;200;0;
19163;5811218;1055821824;18186240;1196408832;0;0;0;0;0;0;0;0;0;0;0;2174;0;0;95;0;200;0;
19164;7423021;1055821824;18186240;1196408832;0;0;0;0;0;0;0;0;0;0;0;3146;0;0;95;0;200;0;
19165;8012376;1055821824;18186240;1196408832;0;0;0;0;0;0;0;0;0;0;0;2515;0;0;95;0;200;0;
19166;5684080;1055821824;18186240;1196408832;0;0;0;0;0;0;0;0;0;0;0;4138;0;0;95;0;200;0;
19167;5689260;1055821824;18186240;1196408832;0;0;0;0;0;0;0;0;0;0;0;2274;0;0;95;0;200;0;
19168;7034332;1055821824;18186240;1196408832;0;0;0;0;0;0;0;0;0;0;0;46678;0;0;95;0;200;0;
19169;6894610;1055821824;18186240;1196408832;0;0;0;0;0;0;0;0;0;0;0;2685;0;0;95;0;200;0;
19170;6485222;1055821824;18186240;1196408832;0;0;0;0;0;0;0;0;0;0;0;3366;0;0;95;0;200;0;
19171;5285342;1055821824;18186240;1196408832;0;0;0;0;0;0;0;0;0;0;0;2224;0;0;95;0;200;0;
19172;6748486;1055821824;18186240;1196408832;0;0;0;0;0;0;0;0;0;0;0;4308;0;0;95;0;200;0;
19173;7231432;1059803136;30019584;1208242176;0;0;0;0;0;0;0;0;0;0;0;2956;0;0;95;0;200;0;
19174;6085473;1063997440;30019584;1208242176;0;0;0;0;0;0;0;0;0;0;0;4128;0;0;95;0;200;0;
19175;5636230;1066094592;30019584;1208242176;0;0;0;0;0;0;0;0;0;0;0;2996;0;0;95;0;200;0;
19176;5496178;1066094592;30019584;1208242176;0;0;0;0;0;0;0;0;0;0;0;4097;0;0;95;0;200;0;
19177;6894830;1066094592;30019584;1208242176;0;0;0;0;0;0;0;0;0;0;0;2976;0;0;95;0;200;0;
19178;6119396;1066094592;30019584;1208242176;0;0;0;0;0;0;0;0;0;0;0;3987;0;0;95;0;200;0;
19179;6986552;1066094592;30019584;1208242176;0;0;0;0;0;0;0;0;0;0;0;3837;0;0;95;0;200;0;
19180;5682277;1054793728;18526208;1196748800;0;0;0;0;0;0;0;0;0;0;0;4088;0;0;95;0;200;0;
19181;7986668;1054793728;18526208;1196748800;0;0;0;0;0;0;0;0;0;0;0;4408;0;0;95;0;200;0;
19182;7217585;1054793728;18526208;1196748800;0;0;0;0;0;0;0;0;0;0;0;4438;0;0;95;0;200;0;
19183;7690843;1054793728;18526208;1196748800;0;0;0;0;0;0;0;0;0;0;0;3156;0;0;95;0;200;0;
19184;7251860;1054793728;18526208;1196748800;0;0;0;0;0;0;0;0;0;0;0;4138;0;0;95;0;200;0;
19185;5581117;1054793728;18526208;1196748800;0;0;0;0;0;0;0;0;0;0;0;2735;0;0;95;0;200;0;
19186;9201145;1054793728;18526208;1196748800;0;0;0;0;0;0;0;0;0;0;0;3697;0;0;95;0;200;0;
19187;6465105;1054793728;18526208;1196748800;0;0;0;0;0;0;0;0;0;0;0;3316;0;0;95;0;200;0;
19188;6650412;1054793728;18526208;1196748800;0;0;0;0;0;0;0;0;0;0;0;3737;0;0;95;0;200;0;
19189;8395656;1054793728;18526208;1196748800;0;0;0;0;0;0;0;0;0;0;0;3507;0;0;95;0;200;0;
19190;5727932;1054793728;18526208;1196748800;0;0;0;0;0;0;0;0;0;0;0;3386;0;0;95;0;200;0;
19191;9138889;1054793728;18526208;1196748800;0;0;0;0;0;0;0;0;0;0;0;3517;0;0;95;0;200;0;
19192;4199706;1054793728;18526208;1196748800;0;0;0;0;0;0;0;0;0;0;0;3967;0;0;95;0;200;0;
19193;9067575;1054793728;18526208;1196748800;0;0;0;0;0;0;0;0;0;0;0;4638;0;0;95;0;200;0;
19194;5937696;1054793728;18526208;1196748800;0;0;0;0;0;0;0;0;0;0;0;4067;0;0;95;0;200;0;
19195;7620441;1059790848;30019584;1208242176;0;0;0;0;0;0;0;0;0;0;0;3958;0;0;95;0;200;0;
19196;6060636;1061888000;30019584;1208242176;0;0;0;0;0;0;0;0;0;0;0;4018;0;0;95;0;200;0;
19197;8029268;1066082304;30019584;1208242176;0;0;0;0;0;0;0;0;0;0;0;4007;0;0;95;0;200;0;
19198;6375797;1066082304;30019584;1208242176;0;0;0;0;0;0;0;0;0;0;0;3356;0;0;95;0;200;0;
19199;8465436;1066082304;30019584;1208242176;0;0;0;0;0;0;0;0;0;0;0;3787;0;0;95;0;200;0;
19200;7207426;1066082304;30019584;1208242176;0;0;0;0;0;0;0;0;0;0;0;3627;0;0;95;0;200;0;
19201;8299755;1066082304;30019584;1208242176;0;0;0;0;0;0;0;0;0;0;0;4138;0;0;95;0;200;0;
19202;3602947;1055821824;18186240;1196408832;0;0;0;0;0;0;0;0;0;0;0;3497;0;0;95;0;200;0;
19203;11183994;1055821824;18186240;1196408832;0;0;0;0;0;0;0;0;0;0;0;2985;0;0;95;0;200;0;
19204;7972611;1055821824;18186240;1196408832;0;0;0;0;0;0;0;0;0;0;0;4459;0;0;95;0;200;0;
19205;9863247;1055821824;18186240;1196408832;0;0;0;0;0;0;0;0;0;0;0;3656;0;0;95;0;200;0;
19206;9828843;1055821824;18186240;1196408832;0;0;0;0;0;0;0;0;0;0;0;3757;0;0;95;0;200;0;
19207;6779585;1055821824;18186240;1196408832;0;0;0;0;0;0;0;0;0;0;0;3546;0;0;95;0;200;0;
19208;8563270;1055821824;18186240;1196408832;0;0;0;0;0;0;0;0;0;0;0;3907;0;0;95;0;200;0;
19209;6634392;1055821824;18186240;1196408832;0;0;0;0;0;0;0;0;0;0;0;3216;0;0;95;0;200;0;
19210;8278676;1055821824;18186240;1196408832;0;0;0;0;0;0;0;0;0;0;0;4208;0;0;95;0;200;0;
19211;7639477;1055821824;18186240;1196408832;0;0;0;0;0;0;0;0;0;0;0;3236;0;0;95;0;200;0;
19212;7510826;1055821824;18186240;1196408832;0;0;0;0;0;0;0;0;0;0;0;4519;0;0;95;0;200;0;
19213;7172761;1055821824;18186240;1196408832;0;0;0;0;0;0;0;0;0;0;0;3416;0;0;95;0;200;0;
19214;9715861;1055821824;18186240;1196408832;0;0;0;0;0;0;0;0;0;0;0;3526;0;0;95;0;200;0;
19215;8694676;1055821824;18186240;1196408832;0;0;0;0;0;0;0;0;0;0;0;2535;0;0;95;0;200;0;
19216;7634958;1055821824;18186240;1196408832;0;0;0;0;0;0;0;0;0;0;0;3607;0;0;95;0;200;0;
19217;7211153;1055821824;18186240;1196408832;0;0;0;0;0;0;0;0;0;0;0;3336;0;0;95;0;200;0;
19218;7377625;1055821824;18186240;1196408832;0;0;0;0;0;0;0;0;0;0;0;3296;0;0;95;0;200;0;
19219;7316531;1059803136;30019584;1208242176;0;0;0;0;0;0;0;0;0;0;0;3155;0;0;95;0;200;0;
19220;15556625;1063997440;30019584;1208242176;0;0;0;0;0;0;0;0;0;0;0;4138;0;0;95;0;200;0;
19221;8886806;1066094592;30019584;1208242176;0;0;0;0;0;0;0;0;0;0;0;3928;0;0;95;0;200;0;
19222;5259022;1066094592;30019584;1208242176;0;0;0;0;0;0;0;0;0;0;0;2635;0;0;95;0;200;0;
19223;6490012;1066094592;30019584;1208242176;0;0;0;0;0;0;0;0;0;0;0;2976;0;0;95;0;200;0;
19224;7014835;1066094592;30019584;1208242176;0;0;0;0;0;0;0;0;0;0;0;2795;0;0;95;0;200;0;
19225;9805039;1066094592;30019584;1208242176;0;0;0;0;0;0;0;0;0;0;0;3396;0;0;95;0;200;0;
19226;9614020;1054793728;18526208;1196748800;0;0;0;0;0;0;0;0;0;0;0;3347;0;0;95;0;200;0;
19227;10021985;1054793728;18526208;1196748800;0;0;0;0;0;0;0;0;0;0;0;3376;0;0;95;0;200;0;
19228;7706823;1054793728;18526208;1196748800;0;0;0;0;0;0;0;0;0;0;0;3727;0;0;95;0;200;0;
19229;7533317;1054793728;18526208;1196748800;0;0;0;0;0;0;0;0;0;0;0;4539;0;0;95;0;200;0;
19230;6286460;1054793728;18526208;1196748800;0;0;0;0;0;0;0;0;0;0;0;5861;0;0;95;0;200;0;
19231;8370248;1054793728;18526208;1196748800;0;0;0;0;0;0;0;0;0;0;0;3276;0;0;95;0;200;0;
19232;6153450;1054793728;18526208;1196748800;0;0;0;0;0;0;0;0;0;0;0;3397;0;0;95;0;200;0;
19233;8863092;1054793728;18526208;1196748800;0;0;0;0;0;0;0;0;0;0;0;4138;0;0;95;0;200;0;
19234;4514877;1054793728;18526208;1196748800;0;0;0;0;0;0;0;0;0;0;0;4779;0;0;95;0;200;0;
19235;8756602;1054793728;18526208;1196748800;0;0;0;0;0;0;0;0;0;0;0;4338;0;0;95;0;200;0;
19236;5650907;1054793728;18526208;1196748800;0;0;0;0;0;0;0;0;0;0;0;3066;0;0;95;0;200;0;
19237;8898829;1054793728;18526208;1196748800;0;0;0;0;0;0;0;0;0;0;0;4749;0;0;95;0;200;0;
19238;6083148;1054793728;18526208;1196748800;0;0;0;0;0;0;0;0;0;0;0;2946;0;0;95;0;200;0;
19239;9591688;1054793728;18526208;1196748800;0;0;0;0;0;0;0;0;0;0;0;3557;0;0;95;0;200;0;
19240;6368493;1054793728;18526208;1196748800;0;0;0;0;0;0;0;0;0;0;0;3427;0;0;95;0;200;0;
19241;8163820;1054793728;18526208;1196748800;0;0;0;0;0;0;0;0;0;0;0;3326;0;0;95;0;200;0;
19242;5482662;1054793728;18526208;1196748800;0;0;0;0;0;0;0;0;0;0;0;4078;0;0;95;0;200;0;
19243;8455798;1059790848;30019584;1208242176;0;0;0;0;0;0;0;0;0;0;0;2885;0;0;95;0;200;0;
19244;7153866;1061888000;30019584;1208242176;0;0;0;0;0;0;0;0;0;0;0;4118;0;0;95;0;200;0;
19245;8951408;1066082304;30019584;1208242176;0;0;0;0;0;0;0;0;0;0;0;4047;0;0;95;0;200;0;
19246;7230370;1066082304;30019584;1208242176;0;0;0;0;0;0;0;0;0;0;0;4378;0;0;95;0;200;0;
19247;8930207;1066082304;30019584;1208242176;0;0;0;0;0;0;0;0;0;0;0;3156;0;0;95;0;200;0;
19248;5433981;1066082304;30019584;1208242176;0;0;0;0;0;0;0;0;0;0;0;3427;0;0;95;0;200;0;
19249;8369867;1066082304;30019584;1208242176;0;0;0;0;0;0;0;0;0;0;0;3356;0;0;95;0;200;0;
19250;4459644;1055821824;18186240;1196408832;0;0;0;0;0;0;0;0;0;0;0;3697;0;0;95;0;200;0;
19251;6566003;1055821824;18186240;1196408832;0;0;0;0;0;0;0;0;0;0;0;3697;0;0;95;0;200;0;
19252;6929085;1055821824;18186240;1196408832;0;0;0;0;0;0;0;0;0;0;0;3497;0;0;95;0;200;0;
19253;6502645;1055821824;18186240;1196408832;0;0;0;0;0;0;0;0;0;0;0;3446;0;0;95;0;200;0;
19254;4815320;1055821824;18186240;1196408832;0;0;0;0;0;0;0;0;0;0;0;4268;0;0;95;0;200;0;
19255;7570818;1055821824;18186240;1196408832;0;0;0;0;0;0;0;0;0;0;0;2745;0;0;95;0;200;0;
19256;4497585;1055821824;18186240;1196408832;0;0;0;0;0;0;0;0;0;0;0;3697;0;0;95;0;200;0;
19257;7648895;1055821824;18186240;1196408832;0;0;0;0;0;0;0;0;0;0;0;3907;0;0;95;0;200;0;
19258;3921374;1055821824;18186240;1196408832;0;0;0;0;0;0;0;0;0;0;0;3868;0;0;95;0;200;0;
19259;6331273;1055821824;18186240;1196408832;0;0;0;0;0;0;0;0;0;0;0;2254;0;0;95;0;200;0;
19260;3219558;1055821824;18186240;1196408832;0;0;0;0;0;0;0;0;0;0;0;3576;0;0;95;0;200;0;
19261;6896093;1055821824;18186240;1196408832;0;0;0;0;0;0;0;0;0;0;0;2204;0;0;95;0;200;0;
19262;7404376;1055821824;18186240;1196408832;0;0;0;0;0;0;0;0;0;0;0;3186;0;0;95;0;200;0;
19263;6592654;1055821824;18186240;1196408832;0;0;0;0;0;0;0;0;0;0;0;3096;0;0;95;0;200;0;
19264;5796611;1055821824;18186240;1196408832;0;0;0;0;0;0;0;0;0;0;0;2715;0;0;95;0;200;0;
19265;8854185;1059803136;30019584;1208242176;0;0;0;0;0;0;0;0;0;0;0;3126;0;0;95;0;200;0;
19266;4699353;1063997440;30019584;1208242176;0;0;0;0;0;0;0;0;0;0;0;3257;0;0;95;0;200;0;
19267;8478570;1066094592;30019584;1208242176;0;0;0;0;0;0;0;0;0;0;0;3807;0;0;95;0;200;0;
19268;5169765;1066094592;30019584;1208242176;0;0;0;0;0;0;0;0;0;0;0;4007;0;0;95;0;200;0;
19269;6650392;1066094592;30019584;1208242176;0;0;0;0;0;0;0;0;0;0;0;3576;0;0;95;0;200;0;
19270;6699083;1066094592;30019584;1208242176;0;0;0;0;0;0;0;0;0;0;0;3927;0;0;95;0;200;0;
19271;8511172;1066094592;30019584;1208242176;0;0;0;0;0;0;0;0;0;0;0;3637;0;0;95;0;200;0;
19272;5460410;1054793728;18526208;1196748800;0;0;0;0;0;0;0;0;0;0;0;4208;0;0;95;0;200;0;
19273;9085859;1054793728;18526208;1196748800;0;0;0;0;0;0;0;0;0;0;0;4579;0;0;95;0;200;0;
19274;4190689;1054793728;18526208;1196748800;0;0;0;0;0;0;0;0;0;0;0;4017;0;0;95;0;200;0;
19275;8505562;1054793728;18526208;1196748800;0;0;0;0;0;0;0;0;0;0;0;2605;0;0;95;0;200;0;
19276;4636405;1054793728;18526208;1196748800;0;0;0;0;0;0;0;0;0;0;0;3176;0;0;95;0;200;0;
19277;7389709;1054793728;18526208;1196748800;0;0;0;0;0;0;0;0;0;0;0;4098;0;0;95;0;200;0;
19278;4533973;1054793728;18526208;1196748800;0;0;0;0;0;0;0;0;0;0;0;3306;0;0;95;0;200;0;
19279;6416313;1054793728;18526208;1196748800;0;0;0;0;0;0;0;0;0;0;0;2624;0;0;95;0;200;0;
19280;6259338;1054793728;18526208;1196748800;0;0;0;0;0;0;0;0;0;0;0;3426;0;0;95;0;200;0;
19281;7314558;1054793728;18526208;1196748800;0;0;0;0;0;0;0;0;0;0;0;3997;0;0;95;0;200;0;
19282;4553870;1054793728;18526208;1196748800;0;0;0;0;0;0;0;0;0;0;0;3426;0;0;95;0;200;0;
19283;6236165;1054793728;18526208;1196748800;0;0;0;0;0;0;0;0;0;0;0;3176;0;0;95;0;200;0;
19284;5667568;1054793728;18526208;1196748800;0;0;0;0;0;0;0;0;0;0;0;3467;0;0;95;0;200;0;
19285;7492351;1054793728;18526208;1196748800;0;0;0;0;0;0;0;0;0;0;0;3036;0;0;95;0;200;0;
19286;5904092;1054793728;18526208;1196748800;0;0;0;0;0;0;0;0;0;0;0;3567;0;0;95;0;200;0;
19287;5785670;1054793728;18526208;1196748800;0;0;0;0;0;0;0;0;0;0;0;2875;0;0;95;0;200;0;
19288;8152108;1054793728;18526208;1196748800;0;0;0;0;0;0;0;0;0;0;0;3948;0;0;95;0;200;0;
19289;10806326;1059790848;30019584;1208242176;0;0;0;0;0;0;0;0;0;0;0;4368;0;0;95;0;200;0;
19290;5580576;1061888000;30019584;1208242176;0;0;0;0;0;0;0;0;0;0;0;4037;0;0;95;0;200;0;
19291;8532172;1066082304;30019584;1208242176;0;0;0;0;0;0;0;0;0;0;0;2825;0;0;95;0;200;0;
19292;6672614;1066082304;30019584;1208242176;0;0;0;0;0;0;0;0;0;0;0;2935;0;0;95;0;200;0;
19293;8616379;1066082304;30019584;1208242176;0;0;0;0;0;0;0;0;0;0;0;3787;0;0;95;0;200;0;
19294;6053683;1066082304;30019584;1208242176;0;0;0;0;0;0;0;0;0;0;0;2995;0;0;95;0;200;0;
19295;8415583;1066082304;30019584;1208242176;0;0;0;0;0;0;0;0;0;0;0;3848;0;0;95;0;200;0;
19296;6344418;1055821824;18186240;1196408832;0;0;0;0;0;0;0;0;0;0;0;3717;0;0;95;0;200;0;
19297;7959898;1055821824;18186240;1196408832;0;0;0;0;0;0;0;0;0;0;0;4158;0;0;95;0;200;0;
19298;7283159;1055821824;18186240;1196408832;0;0;0;0;0;0;0;0;0;0;0;3426;0;0;95;0;200;0;
19299;7969506;1055821824;18186240;1196408832;0;0;0;0;0;0;0;0;0;0;0;3336;0;0;95;0;200;0;
19300;6096784;1055821824;18186240;1196408832;0;0;0;0;0;0;0;0;0;0;0;5791;0;0;95;0;200;0;
19301;8435831;1055821824;18186240;1196408832;0;0;0;0;0;0;0;0;0;0;0;4889;0;0;95;0;200;0;
19302;3642652;1055821824;18186240;1196408832;0;0;0;0;0;0;0;0;0;0;0;3938;0;0;95;0;200;0;
19303;9360835;1055821824;18186240;1196408832;0;0;0;0;0;0;0;0;0;0;0;4198;0;0;95;0;200;0;
19304;5462885;1055821824;18186240;1196408832;0;0;0;0;0;0;0;0;0;0;0;3777;0;0;95;0;200;0;
19305;9593933;1055821824;18186240;1196408832;0;0;0;0;0;0;0;0;0;0;0;3777;0;0;95;0;200;0;
19306;4403959;1055821824;18186240;1196408832;0;0;0;0;0;0;0;0;0;0;0;4548;0;0;95;0;200;0;
19307;7768248;1055821824;18186240;1196408832;0;0;0;0;0;0;0;0;0;0;0;3226;0;0;95;0;200;0;
19308;6399351;1055821824;18186240;1196408832;0;0;0;0;0;0;0;0;0;0;0;3437;0;0;95;0;200;0;
19309;7479287;1055821824;18186240;1196408832;0;0;0;0;0;0;0;0;0;0;0;2725;0;0;95;0;200;0;
19310;6464203;1055821824;18186240;1196408832;0;0;0;0;0;0;0;0;0;0;0;2615;0;0;95;0;200;0;
19311;6117433;1055821824;18186240;1196408832;0;0;0;0;0;0;0;0;0;0;0;2805;0;0;95;0;200;0;
19312;6953230;1055821824;18186240;1196408832;0;0;0;0;0;0;0;0;0;0;0;5020;0;0;95;0;200;0;
19313;9156782;1059803136;30019584;1208242176;0;0;0;0;0;0;0;0;0;0;0;2945;0;0;95;0;200;0;
19314;5489955;1063997440;30019584;1208242176;0;0;0;0;0;0;0;0;0;0;0;3917;0;0;95;0;200;0;
19315;8689035;1066094592;30019584;1208242176;0;0;0;0;0;0;0;0;0;0;0;3627;0;0;95;0;200;0;
19316;4762902;1066094592;30019584;1208242176;0;0;0;0;0;0;0;0;0;0;0;3116;0;0;95;0;200;0;
19317;8194558;1066094592;30019584;1208242176;0;0;0;0;0;0;0;0;0;0;0;3837;0;0;95;0;200;0;
19318;6191431;1066094592;30019584;1208242176;0;0;0;0;0;0;0;0;0;0;0;3316;0;0;95;0;200;0;
19319;9479257;1066094592;30019584;1208242176;0;0;0;0;0;0;0;0;0;0;0;3617;0;0;95;0;200;0;
19320;4708951;1054793728;18526208;1196748800;0;0;0;0;0;0;0;0;0;0;0;3807;0;0;95;0;200;0;
19321;7879908;1054793728;18526208;1196748800;0;0;0;0;0;0;0;0;0;0;0;3647;0;0;95;0;200;0;
19322;6365428;1054793728;18526208;1196748800;0;0;0;0;0;0;0;0;0;0;0;3417;0;0;95;0;200;0;
19323;6866437;1054793728;18526208;1196748800;0;0;0;0;0;0;0;0;0;0;0;3316;0;0;95;0;200;0;
19324;6302490;1054793728;18526208;1196748800;0;0;0;0;0;0;0;0;0;0;0;3616;0;0;95;0;200;0;
19325;7080368;1054793728;18526208;1196748800;0;0;0;0;0;0;0;0;0;0;0;3286;0;0;95;0;200;0;
19326;5603779;1054793728;18526208;1196748800;0;0;0;0;0;0;0;0;0;0;0;3396;0;0;95;0;200;0;
19327;9778097;1054793728;18526208;1196748800;0;0;0;0;0;0;0;0;0;0;0;3517;0;0;95;0;200;0;
19328;5114893;1054793728;18526208;1196748800;0;0;0;0;0;0;0;0;0;0;0;3386;0;0;95;0;200;0;
19329;9024093;1054793728;18526208;1196748800;0;0;0;0;0;0;0;0;0;0;0;3236;0;0;95;0;200;0;
19330;3424432;1054793728;18526208;1196748800;0;0;0;0;0;0;0;0;0;0;0;3036;0;0;95;0;200;0;
19331;9564346;1054793728;18526208;1196748800;0;0;0;0;0;0;0;0;0;0;0;3676;0;0;95;0;200;0;
19332;4446158;1054793728;18526208;1196748800;0;0;0;0;0;0;0;0;0;0;0;3837;0;0;95;0;200;0;
19333;10506795;1054793728;18526208;1196748800;0;0;0;0;0;0;0;0;0;0;0;3567;0;0;95;0;200;0;
19334;4600498;1054793728;18526208;1196748800;0;0;0;0;0;0;0;0;0;0;0;3176;0;0;95;0;200;0;
19335;11048200;1059790848;30019584;1208242176;0;0;0;0;0;0;0;0;0;0;0;4328;0;0;95;0;200;0;
19336;4459584;1061888000;30019584;1208242176;0;0;0;0;0;0;0;0;0;0;0;3496;0;0;95;0;200;0;
19337;10884503;1066082304;30019584;1208242176;0;0;0;0;0;0;0;0;0;0;0;3076;0;0;95;0;200;0;
19338;7357177;1066082304;30019584;1208242176;0;0;0;0;0;0;0;0;0;0;0;4007;0;0;95;0;200;0;
19339;7492270;1066082304;30019584;1208242176;0;0;0;0;0;0;0;0;0;0;0;3336;0;0;95;0;200;0;
19340;6757242;1066082304;30019584;1208242176;0;0;0;0;0;0;0;0;0;0;0;3337;0;0;95;0;200;0;
19341;7612205;1066082304;30019584;1208242176;0;0;0;0;0;0;0;0;0;0;0;3907;0;0;95;0;200;0;
19342;7408043;1055821824;18186240;1196408832;0;0;0;0;0;0;0;0;0;0;0;3908;0;0;95;0;200;0;
19343;6344519;1055821824;18186240;1196408832;0;0;0;0;0;0;0;0;0;0;0;3046;0;0;95;0;200;0;
19344;4574879;1055821824;18186240;1196408832;0;0;0;0;0;0;0;0;0;0;0;4899;0;0;95;0;200;0;
19345;7213178;1055821824;18186240;1196408832;0;0;0;0;0;0;0;0;0;0;0;2525;0;0;95;0;200;0;
19346;5918890;1055821824;18186240;1196408832;0;0;0;0;0;0;0;0;0;0;0;4538;0;0;95;0;200;0;
19347;7899344;1055821824;18186240;1196408832;0;0;0;0;0;0;0;0;0;0;0;4679;0;0;95;0;200;0;
19348;5668250;1055821824;18186240;1196408832;0;0;0;0;0;0;0;0;0;0;0;3657;0;0;95;0;200;0;
19349;7603649;1055821824;18186240;1196408832;0;0;0;0;0;0;0;0;0;0;0;4328;0;0;95;0;200;0;
19350;4621637;1055821824;18186240;1196408832;0;0;0;0;0;0;0;0;0;0;0;3757;0;0;95;0;200;0;
19351;7940191;1055821824;18186240;1196408832;0;0;0;0;0;0;0;0;0;0;0;2234;0;0;95;0;200;0;
19352;5601415;1055821824;18186240;1196408832;0;0;0;0;0;0;0;0;0;0;0;4268;0;0;95;0;200;0;
19353;6628300;1055821824;18186240;1196408832;0;0;0;0;0;0;0;0;0;0;0;3757;0;0;95;0;200;0;
19354;6844726;1055821824;18186240;1196408832;0;0;0;0;0;0;0;0;0;0;0;3236;0;0;95;0;200;0;
19355;7419815;1055821824;18186240;1196408832;0;0;0;0;0;0;0;0;0;0;0;2355;0;0;95;0;200;0;
19356;4951837;1055821824;18186240;1196408832;0;0;0;0;0;0;0;0;0;0;0;2915;0;0;95;0;200;0;
19357;9356588;1055821824;18186240;1196408832;0;0;0;0;0;0;0;0;0;0;0;2815;0;0;95;0;200;0;
19358;6202922;1055821824;18186240;1196408832;0;0;0;0;0;0;0;0;0;0;0;3867;0;0;95;0;200;0;
19359;9447708;1059803136;30019584;1208242176;0;0;0;0;0;0;0;0;0;0;0;3757;0;0;95;0;200;0;
19360;5948025;1063997440;30019584;1208242176;0;0;0;0;0;0;0;0;0;0;0;3326;0;0;95;0;200;0;
19361;7398285;1066094592;30019584;1208242176;0;0;0;0;0;0;0;0;0;0;0;4258;0;0;95;0;200;0;
19362;9976780;1066094592;30019584;1208242176;0;0;0;0;0;0;0;0;0;0;0;3256;0;0;95;0;200;0;
19363;11012823;1066094592;30019584;1208242176;0;0;0;0;0;0;0;0;0;0;0;3106;0;0;95;0;200;0;
19364;3900455;1066094592;30019584;1208242176;0;0;0;0;0;0;0;0;0;0;0;3186;0;0;95;0;200;0;
19365;8079041;1066094592;30019584;1208242176;0;0;0;0;0;0;0;0;0;0;0;4799;0;0;95;0;200;0;
19366;5346317;1054793728;18526208;1196748800;0;0;0;0;0;0;0;0;0;0;0;3867;0;0;95;0;200;0;
19367;6550184;1054793728;18526208;1196748800;0;0;0;0;0;0;0;0;0;0;0;2434;0;0;95;0;200;0;
19368;4850206;1054793728;18526208;1196748800;0;0;0;0;0;0;0;0;0;0;0;2444;0;0;95;0;200;0;
19369;6333689;1054793728;18526208;1196748800;0;0;0;0;0;0;0;0;0;0;0;1973;0;0;95;0;200;0;
19370;5656017;1054793728;18526208;1196748800;0;0;0;0;0;0;0;0;0;0;0;3787;0;0;95;0;200;0;
19371;7255677;1054793728;18526208;1196748800;0;0;0;0;0;0;0;0;0;0;0;3467;0;0;95;0;200;0;
19372;6544393;1054793728;18526208;1196748800;0;0;0;0;0;0;0;0;0;0;0;4509;0;0;95;0;200;0;
19373;7076181;1054793728;18526208;1196748800;0;0;0;0;0;0;0;0;0;0;0;3837;0;0;95;0;200;0;
19374;7071521;1054793728;18526208;1196748800;0;0;0;0;0;0;0;0;0;0;0;4048;0;0;95;0;200;0;
19375;7063857;1054793728;18526208;1196748800;0;0;0;0;0;0;0;0;0;0;0;3186;0;0;95;0;200;0;
19376;6749238;1054793728;18526208;1196748800;0;0;0;0;0;0;0;0;0;0;0;5681;0;0;95;0;200;0;
19377;9390020;1054793728;18526208;1196748800;0;0;0;0;0;0;0;0;0;0;0;3457;0;0;95;0;200;0;
19378;4655651;1054793728;18526208;1196748800;0;0;0;0;0;0;0;0;0;0;0;3116;0;0;95;0;200;0;
19379;7131254;1054793728;18526208;1196748800;0;0;0;0;0;0;0;0;0;0;0;4037;0;0;95;0;200;0;
19380;7027940;1054793728;18526208;1196748800;0;0;0;0;0;0;0;0;0;0;0;3507;0;0;95;0;200;0;
19381;7887953;1059790848;30019584;1208242176;0;0;0;0;0;0;0;0;0;0;0;5110;0;0;95;0;200;0;
19382;5619539;1061888000;30019584;1208242176;0;0;0;0;0;0;0;0;0;0;0;3206;0;0;95;0;200;0;
19383;6602432;1066082304;30019584;1208242176;0;0;0;0;0;0;0;0;0;0;0;3145;0;0;95;0;200;0;
19384;7026067;1066082304;30019584;1208242176;0;0;0;0;0;0;0;0;0;0;0;3797;0;0;95;0;200;0;
19385;6915309;1066082304;30019584;1208242176;0;0;0;0;0;0;0;0;0;0;0;3085;0;0;95;0;200;0;
19386;7976459;1066082304;30019584;1208242176;0;0;0;0;0;0;0;0;0;0;0;3767;0;0;95;0;200;0;
19387;6513556;1066082304;30019584;1208242176;0;0;0;0;0;0;0;0;0;0;0;3216;0;0;95;0;200;0;
19388;7042417;1055821824;18186240;1196408832;0;0;0;0;0;0;0;0;0;0;0;4188;0;0;95;0;200;0;
19389;7293328;1055821824;18186240;1196408832;0;0;0;0;0;0;0;0;0;0;0;3407;0;0;95;0;200;0;
19390;5171909;1055821824;18186240;1196408832;0;0;0;0;0;0;0;0;0;0;0;4739;0;0;95;0;200;0;
19391;9173854;1055821824;18186240;1196408832;0;0;0;0;0;0;0;0;0;0;0;142147;0;0;95;0;200;0;
19392;6695717;1055821824;18186240;1196408832;0;0;0;0;0;0;0;0;0;0;0;3907;0;0;95;0;200;0;
19393;6275800;1055821824;18186240;1196408832;0;0;0;0;0;0;0;0;0;0;0;2605;0;0;95;0;200;0;
19394;4263034;1055821824;18186240;1196408832;0;0;0;0;0;0;0;0;0;0;0;3306;0;0;95;0;200;0;
19395;6645552;1055821824;18186240;1196408832;0;0;0;0;0;0;0;0;0;0;0;3737;0;0;95;0;200;0;
19396;4794632;1055821824;18186240;1196408832;0;0;0;0;0;0;0;0;0;0;0;4037;0;0;95;0;200;0;
19397;8254600;1055821824;18186240;1196408832;0;0;0;0;0;0;0;0;0;0;0;3317;0;0;95;0;200;0;
19398;4884681;1055821824;18186240;1196408832;0;0;0;0;0;0;0;0;0;0;0;2605;0;0;95;0;200;0;
19399;7537716;1055821824;18186240;1196408832;0;0;0;0;0;0;0;0;0;0;0;2876;0;0;95;0;200;0;
19400;5826707;1055821824;18186240;1196408832;0;0;0;0;0;0;0;0;0;0;0;3717;0;0;95;0;200;0;
19401;7030184;1055821824;18186240;1196408832;0;0;0;0;0;0;0;0;0;0;0;2215;0;0;95;0;200;0;
19402;5749903;1055821824;18186240;1196408832;0;0;0;0;0;0;0;0;0;0;0;2815;0;0;95;0;200;0;
19403;5764751;1055821824;18186240;1196408832;0;0;0;0;0;0;0;0;0;0;0;2755;0;0;95;0;200;0;
19404;8003750;1055821824;18186240;1196408832;0;0;0;0;0;0;0;0;0;0;0;4047;0;0;95;0;200;0;
19405;8233330;1059803136;30019584;1208242176;0;0;0;0;0;0;0;0;0;0;0;4167;0;0;95;0;200;0;
19406;6870464;1063997440;30019584;1208242176;0;0;0;0;0;0;0;0;0;0;0;3336;0;0;95;0;200;0;
19407;7329135;1066094592;30019584;1208242176;0;0;0;0;0;0;0;0;0;0;0;3196;0;0;95;0;200;0;
19408;5358539;1066094592;30019584;1208242176;0;0;0;0;0;0;0;0;0;0;0;3547;0;0;95;0;200;0;
19409;7372436;1066094592;30019584;1208242176;0;0;0;0;0;0;0;0;0;0;0;3747;0;0;95;0;200;0;
19410;5370351;1066094592;30019584;1208242176;0;0;0;0;0;0;0;0;0;0;0;3126;0;0;95;0;200;0;
19411;7424073;1066094592;30019584;1208242176;0;0;0;0;0;0;0;0;0;0;0;3837;0;0;95;0;200;0;
19412;5159716;1054793728;18526208;1196748800;0;0;0;0;0;0;0;0;0;0;0;3136;0;0;95;0;200;0;
19413;7028641;1054793728;18526208;1196748800;0;0;0;0;0;0;0;0;0;0;0;3838;0;0;95;0;200;0;
19414;5781542;1054793728;18526208;1196748800;0;0;0;0;0;0;0;0;0;0;0;3546;0;0;95;0;200;0;
19415;6534856;1054793728;18526208;1196748800;0;0;0;0;0;0;0;0;0;0;0;3587;0;0;95;0;200;0;
19416;5286343;1054793728;18526208;1196748800;0;0;0;0;0;0;0;0;0;0;0;3116;0;0;95;0;200;0;
19417;6618412;1054793728;18526208;1196748800;0;0;0;0;0;0;0;0;0;0;0;3095;0;0;95;0;200;0;
19418;4821322;1054793728;18526208;1196748800;0;0;0;0;0;0;0;0;0;0;0;4598;0;0;95;0;200;0;
19419;6672934;1054793728;18526208;1196748800;0;0;0;0;0;0;0;0;0;0;0;3616;0;0;95;0;200;0;
19420;6152949;1054793728;18526208;1196748800;0;0;0;0;0;0;0;0;0;0;0;4118;0;0;95;0;200;0;
19421;7577892;1054793728;18526208;1196748800;0;0;0;0;0;0;0;0;0;0;0;3486;0;0;95;0;200;0;
19422;6915669;1054793728;18526208;1196748800;0;0;0;0;0;0;0;0;0;0;0;4188;0;0;95;0;200;0;
19423;6806295;1054793728;18526208;1196748800;0;0;0;0;0;0;0;0;0;0;0;2285;0;0;95;0;200;0;
19424;6017505;1054793728;18526208;1196748800;0;0;0;0;0;0;0;0;0;0;0;2936;0;0;95;0;200;0;
19425;7843430;1054793728;18526208;1196748800;0;0;0;0;0;0;0;0;0;0;0;3226;0;0;95;0;200;0;
19426;5692415;1054793728;18526208;1196748800;0;0;0;0;0;0;0;0;0;0;0;3717;0;0;95;0;200;0;
19427;6043614;1054793728;18526208;1196748800;0;0;0;0;0;0;0;0;0;0;0;3977;0;0;95;0;200;0;
19428;5278679;1054793728;18526208;1196748800;0;0;0;0;0;0;0;0;0;0;0;3417;0;0;95;0;200;0;
19429;8333048;1059790848;30019584;1208242176;0;0;0;0;0;0;0;0;0;0;0;4338;0;0;95;0;200;0;
19430;5815687;1061888000;30019584;1208242176;0;0;0;0;0;0;0;0;0;0;0;3327;0;0;95;0;200;0;
19431;7696353;1066082304;30019584;1208242176;0;0;0;0;0;0;0;0;0;0;0;3757;0;0;95;0;200;0;
19432;6319301;1066082304;30019584;1208242176;0;0;0;0;0;0;0;0;0;0;0;3096;0;0;95;0;200;0;
19433;7203008;1066082304;30019584;1208242176;0;0;0;0;0;0;0;0;0;0;0;2315;0;0;95;0;200;0;
19434;6699083;1066082304;30019584;1208242176;0;0;0;0;0;0;0;0;0;0;0;4028;0;0;95;0;200;0;
19435;6766539;1066082304;30019584;1208242176;0;0;0;0;0;0;0;0;0;0;0;3637;0;0;95;0;200;0;
19436;5750444;1055821824;18186240;1196408832;0;0;0;0;0;0;0;0;0;0;0;4579;0;0;95;0;200;0;
19437;6957207;1055821824;18186240;1196408832;0;0;0;0;0;0;0;0;0;0;0;4138;0;0;95;0;200;0;
19438;6527291;1055821824;18186240;1196408832;0;0;0;0;0;0;0;0;0;0;0;4648;0;0;95;0;200;0;
19439;7260035;1055821824;18186240;1196408832;0;0;0;0;0;0;0;0;0;0;0;2966;0;0;95;0;200;0;
19440;6271942;1055821824;18186240;1196408832;0;0;0;0;0;0;0;0;0;0;0;7955;0;0;95;0;200;0;
19441;6474432;1055821824;18186240;1196408832;0;0;0;0;0;0;0;0;0;0;0;2635;0;0;95;0;200;0;
19442;6575161;1055821824;18186240;1196408832;0;0;0;0;0;0;0;0;0;0;0;3507;0;0;95;0;200;0;
19443;6017125;1055821824;18186240;1196408832;0;0;0;0;0;0;0;0;0;0;0;2605;0;0;95;0;200;0;
19444;5826096;1055821824;18186240;1196408832;0;0;0;0;0;0;0;0;0;0;0;4137;0;0;95;0;200;0;
19445;7987850;1055821824;18186240;1196408832;0;0;0;0;0;0;0;0;0;0;0;3747;0;0;95;0;200;0;
19446;4232788;1055821824;18186240;1196408832;0;0;0;0;0;0;0;0;0;0;0;2926;0;0;95;0;200;0;
19447;8199857;1055821824;18186240;1196408832;0;0;0;0;0;0;0;0;0;0;0;2605;0;0;95;0;200;0;
19448;4649730;1055821824;18186240;1196408832;0;0;0;0;0;0;0;0;0;0;0;3116;0;0;95;0;200;0;
19449;7724927;1055821824;18186240;1196408832;0;0;0;0;0;0;0;0;0;0;0;4488;0;0;95;0;200;0;
19450;4661232;1055821824;18186240;1196408832;0;0;0;0;0;0;0;0;0;0;0;3106;0;0;95;0;200;0;
19451;9272019;1059803136;30019584;1208242176;0;0;0;0;0;0;0;0;0;0;0;4158;0;0;95;0;200;0;
19452;4676150;1063997440;30019584;1208242176;0;0;0;0;0;0;0;0;0;0;0;2755;0;0;95;0;200;0;
19453;7678831;1066094592;30019584;1208242176;0;0;0;0;0;0;0;0;0;0;0;4769;0;0;95;0;200;0;
19454;5355904;1066094592;30019584;1208242176;0;0;0;0;0;0;0;0;0;0;0;3446;0;0;95;0;200;0;
19455;7938828;1066094592;30019584;1208242176;0;0;0;0;0;0;0;0;0;0;0;4809;0;0;95;0;200;0;
19456;5414144;1066094592;30019584;1208242176;0;0;0;0;0;0;0;0;0;0;0;3617;0;0;95;0;200;0;
19457;7642904;1066094592;30019584;1208242176;0;0;0;0;0;0;0;0;0;0;0;3397;0;0;95;0;200;0;
19458;5996626;1054793728;18526208;1196748800;0;0;0;0;0;0;0;0;0;0;0;4418;0;0;95;0;200;0;
19459;8205338;1054793728;18526208;1196748800;0;0;0;0;0;0;0;0;0;0;0;4779;0;0;95;0;200;0;
19460;4314151;1054793728;18526208;1196748800;0;0;0;0;0;0;0;0;0;0;0;4048;0;0;95;0;200;0;
19461;7290814;1054793728;18526208;1196748800;0;0;0;0;0;0;0;0;0;0;0;3086;0;0;95;0;200;0;
19462;6598876;1054793728;18526208;1196748800;0;0;0;0;0;0;0;0;0;0;0;5650;0;0;95;0;200;0;
19463;7914453;1054793728;18526208;1196748800;0;0;0;0;0;0;0;0;0;0;0;2765;0;0;95;0;200;0;
19464;5312283;1054793728;18526208;1196748800;0;0;0;0;0;0;0;0;0;0;0;3807;0;0;95;0;200;0;
19465;8869544;1054793728;18526208;1196748800;0;0;0;0;0;0;0;0;0;0;0;3336;0;0;95;0;200;0;
19466;5608248;1054793728;18526208;1196748800;0;0;0;0;0;0;0;0;0;0;0;3306;0;0;95;0;200;0;
19467;10756683;1054793728;18526208;1196748800;0;0;0;0;0;0;0;0;0;0;0;4649;0;0;95;0;200;0;
19468;5994172;1054793728;18526208;1196748800;0;0;0;0;0;0;0;0;0;0;0;3697;0;0;95;0;200;0;
19469;7684571;1054793728;18526208;1196748800;0;0;0;0;0;0;0;0;0;0;0;3837;0;0;95;0;200;0;
19470;6058792;1054793728;18526208;1196748800;0;0;0;0;0;0;0;0;0;0;0;4057;0;0;95;0;200;0;
19471;8406485;1054793728;18526208;1196748800;0;0;0;0;0;0;0;0;0;0;0;3236;0;0;95;0;200;0;
19472;6128994;1054793728;18526208;1196748800;0;0;0;0;0;0;0;0;0;0;0;4008;0;0;95;0;200;0;
19473;9614872;1054793728;18526208;1196748800;0;0;0;0;0;0;0;0;0;0;0;3657;0;0;95;0;200;0;
19474;5541132;1054793728;18526208;1196748800;0;0;0;0;0;0;0;0;0;0;0;4198;0;0;95;0;200;0;
19475;8051069;1059790848;30019584;1208242176;0;0;0;0;0;0;0;0;0;0;0;3206;0;0;95;0;200;0;
19476;4865795;1061888000;30019584;1208242176;0;0;0;0;0;0;0;0;0;0;0;4198;0;0;95;0;200;0;
19477;7405999;1066082304;30019584;1208242176;0;0;0;0;0;0;0;0;0;0;0;3948;0;0;95;0;200;0;
19478;4100400;1066082304;30019584;1208242176;0;0;0;0;0;0;0;0;0;0;0;3887;0;0;95;0;200;0;
19479;7197688;1066082304;30019584;1208242176;0;0;0;0;0;0;0;0;0;0;0;2615;0;0;95;0;200;0;
19480;4830218;1066082304;30019584;1208242176;0;0;0;0;0;0;0;0;0;0;0;3106;0;0;95;0;200;0;
19481;8301659;1066082304;30019584;1208242176;0;0;0;0;0;0;0;0;0;0;0;2875;0;0;95;0;200;0;
19482;5619649;1055821824;18186240;1196408832;0;0;0;0;0;0;0;0;0;0;0;3927;0;0;95;0;200;0;
19483;6506572;1055821824;18186240;1196408832;0;0;0;0;0;0;0;0;0;0;0;3156;0;0;95;0;200;0;
19484;6058953;1055821824;18186240;1196408832;0;0;0;0;0;0;0;0;0;0;0;3076;0;0;95;0;200;0;
19485;6113726;1055821824;18186240;1196408832;0;0;0;0;0;0;0;0;0;0;0;2144;0;0;95;0;200;0;
19486;7525894;1055821824;18186240;1196408832;0;0;0;0;0;0;0;0;0;0;0;3076;0;0;95;0;200;0;
19487;6688182;1055821824;18186240;1196408832;0;0;0;0;0;0;0;0;0;0;0;3296;0;0;95;0;200;0;
19488;5707313;1055821824;18186240;1196408832;0;0;0;0;0;0;0;0;0;0;0;3687;0;0;95;0;200;0;
19489;8465966;1055821824;18186240;1196408832;0;0;0;0;0;0;0;0;0;0;0;3818;0;0;95;0;200;0;
19490;6372290;1055821824;18186240;1196408832;0;0;0;0;0;0;0;0;0;0;0;3787;0;0;95;0;200;0;
19491;8185591;1055821824;18186240;1196408832;0;0;0;0;0;0;0;0;0;0;0;3637;0;0;95;0;200;0;
19492;4833204;1055821824;18186240;1196408832;0;0;0;0;0;0;0;0;0;0;0;3567;0;0;95;0;200;0;
19493;5873004;1055821824;18186240;1196408832;0;0;0;0;0;0;0;0;0;0;0;3446;0;0;95;0;200;0;
19494;4668815;1055821824;18186240;1196408832;0;0;0;0;0;0;0;0;0;0;0;3747;0;0;95;0;200;0;
19495;6821914;1055821824;18186240;1196408832;0;0;0;0;0;0;0;0;0;0;0;3897;0;0;95;0;200;0;
19496;4983095;1055821824;18186240;1196408832;0;0;0;0;0;0;0;0;0;0;0;3817;0;0;95;0;200;0;
19497;6215787;1055821824;18186240;1196408832;0;0;0;0;0;0;0;0;0;0;0;2895;0;0;95;0;200;0;
19498;6369755;1055821824;18186240;1196408832;0;0;0;0;0;0;0;0;0;0;0;3777;0;0;95;0;200;0;
19499;8536900;1059803136;30019584;1208242176;0;0;0;0;0;0;0;0;0;0;0;3828;0;0;95;0;200;0;
19500;7902861;1063997440;30019584;1208242176;0;0;0;0;0;0;0;0;0;0;0;3587;0;0;95;0;200;0;
19501;6866246;1066094592;30019584;1208242176;0;0;0;0;0;0;0;0;0;0;0;3386;0;0;95;0;200;0;
19502;7441346;1066094592;30019584;1208242176;0;0;0;0;0;0;0;0;0;0;0;4218;0;0;95;0;200;0;
19503;7175717;1066094592;30019584;1208242176;0;0;0;0;0;0;0;0;0;0;0;3316;0;0;95;0;200;0;
19504;8120830;1066094592;30019584;1208242176;0;0;0;0;0;0;0;0;0;0;0;3667;0;0;95;0;200;0;
19505;8443164;1066094592;30019584;1208242176;0;0;0;0;0;0;0;0;0;0;0;4288;0;0;95;0;200;0;
19506;4854263;1054793728;18526208;1196748800;0;0;0;0;0;0;0;0;0;0;0;3737;0;0;95;0;200;0;
19507;8885193;1054793728;18526208;1196748800;0;0;0;0;0;0;0;0;0;0;0;2865;0;0;95;0;200;0;
19508;3933517;1054793728;18526208;1196748800;0;0;0;0;0;0;0;0;0;0;0;3326;0;0;95;0;200;0;
19509;7926846;1054793728;18526208;1196748800;0;0;0;0;0;0;0;0;0;0;0;3246;0;0;95;0;200;0;
19510;5725698;1054793728;18526208;1196748800;0;0;0;0;0;0;0;0;0;0;0;3657;0;0;95;0;200;0;
19511;12176386;1054793728;18526208;1196748800;0;0;0;0;0;0;0;0;0;0;0;3627;0;0;95;0;200;0;
19512;3419864;1054793728;18526208;1196748800;0;0;0;0;0;0;0;0;0;0;0;4368;0;0;95;0;200;0;
19513;10163400;1054793728;18526208;1196748800;0;0;0;0;0;0;0;0;0;0;0;3677;0;0;95;0;200;0;
19514;4627829;1054793728;18526208;1196748800;0;0;0;0;0;0;0;0;0;0;0;4038;0;0;95;0;200;0;
19515;10125219;1054793728;18526208;1196748800;0;0;0;0;0;0;0;0;0;0;0;4509;0;0;95;0;200;0;
19516;4377149;1054793728;18526208;1196748800;0;0;0;0;0;0;0;0;0;0;0;2655;0;0;95;0;200;0;
19517;8392589;1054793728;18526208;1196748800;0;0;0;0;0;0;0;0;0;0;0;4218;0;0;95;0;200;0;
19518;4631456;1054793728;18526208;1196748800;0;0;0;0;0;0;0;0;0;0;0;6642;0;0;95;0;200;0;
19519;7585145;1054793728;18526208;1196748800;0;0;0;0;0;0;0;0;0;0;0;2445;0;0;95;0;200;0;
19520;5257650;1054793728;18526208;1196748800;0;0;0;0;0;0;0;0;0;0;0;3327;0;0;95;0;200;0;
19521;9365574;1059790848;30019584;1208242176;0;0;0;0;0;0;0;0;0;0;0;3276;0;0;95;0;200;0;
19522;4932511;1061888000;30019584;1208242176;0;0;0;0;0;0;0;0;0;0;0;2886;0;0;95;0;200;0;
19523;7067324;1066082304;30019584;1208242176;0;0;0;0;0;0;0;0;0;0;0;2926;0;0;95;0;200;0;
19524;5978261;1066082304;30019584;1208242176;0;0;0;0;0;0;0;0;0;0;0;3025;0;0;95;0;200;0;
19525;7261007;1066082304;30019584;1208242176;0;0;0;0;0;0;0;0;0;0;0;2184;0;0;95;0;200;0;
19526;5939879;1066082304;30019584;1208242176;0;0;0;0;0;0;0;0;0;0;0;2875;0;0;95;0;200;0;
19527;6463331;1066082304;30019584;1208242176;0;0;0;0;0;0;0;0;0;0;0;2275;0;0;95;0;200;0;
19528;6521139;1055821824;18186240;1196408832;0;0;0;0;0;0;0;0;0;0;0;2455;0;0;95;0;200;0;
19529;5549117;1055821824;18186240;1196408832;0;0;0;0;0;0;0;0;0;0;0;2504;0;0;95;0;200;0;
19530;6910410;1055821824;18186240;1196408832;0;0;0;0;0;0;0;0;0;0;0;3357;0;0;95;0;200;0;
19531;5401149;1055821824;18186240;1196408832;0;0;0;0;0;0;0;0;0;0;0;2785;0;0;95;0;200;0;
19532;5964386;1055821824;18186240;1196408832;0;0;0;0;0;0;0;0;0;0;0;3336;0;0;95;0;200;0;
19533;7512980;1055821824;18186240;1196408832;0;0;0;0;0;0;0;0;0;0;0;4087;0;0;95;0;200;0;
19534;4221917;1055821824;18186240;1196408832;0;0;0;0;0;0;0;0;0;0;0;2945;0;0;95;0;200;0;
19535;7142385;1055821824;18186240;1196408832;0;0;0;0;0;0;0;0;0;0;0;3687;0;0;95;0;200;0;
19536;5767516;1055821824;18186240;1196408832;0;0;0;0;0;0;0;0;0;0;0;3056;0;0;95;0;200;0;
19537;7873205;1055821824;18186240;1196408832;0;0;0;0;0;0;0;0;0;0;0;2785;0;0;95;0;200;0;
19538;4651664;1055821824;18186240;1196408832;0;0;0;0;0;0;0;0;0;0;0;2906;0;0;95;0;200;0;
19539;6691750;1055821824;18186240;1196408832;0;0;0;0;0;0;0;0;0;0;0;3367;0;0;95;0;200;0;
19540;5889846;1055821824;18186240;1196408832;0;0;0;0;0;0;0;0;0;0;0;3948;0;0;95;0;200;0;
19541;7151372;1055821824;18186240;1196408832;0;0;0;0;0;0;0;0;0;0;0;4599;0;0;95;0;200;0;
19542;4098947;1055821824;18186240;1196408832;0;0;0;0;0;0;0;0;0;0;0;4869;0;0;95;0;200;0;
19543;6611659;1055821824;18186240;1196408832;0;0;0;0;0;0;0;0;0;0;0;3517;0;0;95;0;200;0;
19544;3335315;1055821824;18186240;1196408832;0;0;0;0;0;0;0;0;0;0;0;3597;0;0;95;0;200;0;
19545;10524889;1059803136;30019584;1208242176;0;0;0;0;0;0;0;0;0;0;0;4248;0;0;95;0;200;0;
19546;5111406;1063997440;30019584;1208242176;0;0;0;0;0;0;0;0;0;0;0;4468;0;0;95;0;200;0;
19547;7717052;1066094592;30019584;1208242176;0;0;0;0;0;0;0;0;0;0;0;3086;0;0;95;0;200;0;
19548;3072051;1066094592;30019584;1208242176;0;0;0;0;0;0;0;0;0;0;0;3567;0;0;95;0;200;0;
19549;7243775;1066094592;30019584;1208242176;0;0;0;0;0;0;0;0;0;0;0;3126;0;0;95;0;200;0;
19550;4189768;1066094592;30019584;1208242176;0;0;0;0;0;0;0;0;0;0;0;3547;0;0;95;0;200;0;
19551;6598896;1066094592;30019584;1208242176;0;0;0;0;0;0;0;0;0;0;0;3116;0;0;95;0;200;0;
19552;5638284;1054793728;18526208;1196748800;0;0;0;0;0;0;0;0;0;0;0;3536;0;0;95;0;200;0;
19553;5368508;1054793728;18526208;1196748800;0;0;0;0;0;0;0;0;0;0;0;2895;0;0;95;0;200;0;
19554;5315428;1054793728;18526208;1196748800;0;0;0;0;0;0;0;0;0;0;0;3075;0;0;95;0;200;0;
19555;6078119;1054793728;18526208;1196748800;0;0;0;0;0;0;0;0;0;0;0;2725;0;0;95;0;200;0;
19556;5890917;1054793728;18526208;1196748800;0;0;0;0;0;0;0;0;0;0;0;4278;0;0;95;0;200;0;
19557;5670825;1054793728;18526208;1196748800;0;0;0;0;0;0;0;0;0;0;0;2956;0;0;95;0;200;0;
19558;4002807;1054793728;18526208;1196748800;0;0;0;0;0;0;0;0;0;0;0;3768;0;0;95;0;200;0;
19559;7159376;1054793728;18526208;1196748800;0;0;0;0;0;0;0;0;0;0;0;4008;0;0;95;0;200;0;
19560;3359942;1054793728;18526208;1196748800;0;0;0;0;0;0;0;0;0;0;0;3056;0;0;95;0;200;0;
19561;8061238;1054793728;18526208;1196748800;0;0;0;0;0;0;0;0;0;0;0;4839;0;0;95;0;200;0;
19562;5890737;1054793728;18526208;1196748800;0;0;0;0;0;0;0;0;0;0;0;3466;0;0;95;0;200;0;
19563;8208944;1054793728;18526208;1196748800;0;0;0;0;0;0;0;0;0;0;0;4649;0;0;95;0;200;0;
19564;6543071;1054793728;18526208;1196748800;0;0;0;0;0;0;0;0;0;0;0;3617;0;0;95;0;200;0;
19565;9341088;1054793728;18526208;1196748800;0;0;0;0;0;0;0;0;0;0;0;3627;0;0;95;0;200;0;
19566;5915173;1054793728;18526208;1196748800;0;0;0;0;0;0;0;0;0;0;0;3637;0;0;95;0;200;0;
19567;10905582;1059790848;30019584;1208242176;0;0;0;0;0;0;0;0;0;0;0;5631;0;0;95;0;200;0;
19568;8052862;1061888000;30019584;1208242176;0;0;0;0;0;0;0;0;0;0;0;3777;0;0;95;0;200;0;
19569;9964286;1066082304;30019584;1208242176;0;0;0;0;0;0;0;0;0;0;0;3407;0;0;95;0;200;0;
19570;7437569;1066082304;30019584;1208242176;0;0;0;0;0;0;0;0;0;0;0;4468;0;0;95;0;200;0;
19571;7883445;1066082304;30019584;1208242176;0;0;0;0;0;0;0;0;0;0;0;7905;0;0;95;0;200;0;
19572;5762777;1066082304;30019584;1208242176;0;0;0;0;0;0;0;0;0;0;0;2966;0;0;95;0;200;0;
19573;9370052;1066082304;30019584;1208242176;0;0;0;0;0;0;0;0;0;0;0;3306;0;0;95;0;200;0;
19574;4737314;1055821824;18186240;1196408832;0;0;0;0;0;0;0;0;0;0;0;3226;0;0;95;0;200;0;
19575;9403254;1055821824;18186240;1196408832;0;0;0;0;0;0;0;0;0;0;0;3476;0;0;95;0;200;0;
19576;3754641;1055821824;18186240;1196408832;0;0;0;0;0;0;0;0;0;0;0;3256;0;0;95;0;200;0;
19577;9371364;1055821824;18186240;1196408832;0;0;0;0;0;0;0;0;0;0;0;3326;0;0;95;0;200;0;
19578;5617304;1055821824;18186240;1196408832;0;0;0;0;0;0;0;0;0;0;0;2335;0;0;95;0;200;0;
19579;10213133;1055821824;18186240;1196408832;0;0;0;0;0;0;0;0;0;0;0;4077;0;0;95;0;200;0;
19580;4570632;1055821824;18186240;1196408832;0;0;0;0;0;0;0;0;0;0;0;3397;0;0;95;0;200;0;
19581;7358330;1055821824;18186240;1196408832;0;0;0;0;0;0;0;0;0;0;0;3296;0;0;95;0;200;0;
19582;4820621;1055821824;18186240;1196408832;0;0;0;0;0;0;0;0;0;0;0;3687;0;0;95;0;200;0;
19583;6573808;1055821824;18186240;1196408832;0;0;0;0;0;0;0;0;0;0;0;2996;0;0;95;0;200;0;
19584;6506101;1055821824;18186240;1196408832;0;0;0;0;0;0;0;0;0;0;0;3446;0;0;95;0;200;0;
19585;6581683;1055821824;18186240;1196408832;0;0;0;0;0;0;0;0;0;0;0;2424;0;0;95;0;200;0;
19586;5060671;1055821824;18186240;1196408832;0;0;0;0;0;0;0;0;0;0;0;3577;0;0;95;0;200;0;
19587;7121055;1055821824;18186240;1196408832;0;0;0;0;0;0;0;0;0;0;0;2334;0;0;95;0;200;0;
19588;5565127;1055821824;18186240;1196408832;0;0;0;0;0;0;0;0;0;0;0;3427;0;0;95;0;200;0;
19589;6974971;1055821824;18186240;1196408832;0;0;0;0;0;0;0;0;0;0;0;3667;0;0;95;0;200;0;
19590;7279942;1055821824;18186240;1196408832;0;0;0;0;0;0;0;0;0;0;0;3076;0;0;95;0;200;0;
19591;9371876;1059803136;30019584;1208242176;0;0;0;0;0;0;0;0;0;0;0;3637;0;0;95;0;200;0;
19592;5136072;1063997440;30019584;1208242176;0;0;0;0;0;0;0;0;0;0;0;3407;0;0;95;0;200;0;
19593;8228932;1066094592;30019584;1208242176;0;0;0;0;0;0;0;0;0;0;0;4177;0;0;95;0;200;0;
19594;5811950;1066094592;30019584;1208242176;0;0;0;0;0;0;0;0;0;0;0;4268;0;0;95;0;200;0;
19595;8831523;1066094592;30019584;1208242176;0;0;0;0;0;0;0;0;0;0;0;7734;0;0;95;0;200;0;
19596;4646805;1066094592;30019584;1208242176;0;0;0;0;0;0;0;0;0;0;0;2985;0;0;95;0;200;0;
19597;6393571;1066094592;30019584;1208242176;0;0;0;0;0;0;0;0;0;0;0;2124;0;0;95;0;200;0;
19598;6743316;1054793728;18526208;1196748800;0;0;0;0;0;0;0;0;0;0;0;2835;0;0;95;0;200;0;
19599;5998099;1054793728;18526208;1196748800;0;0;0;0;0;0;0;0;0;0;0;2445;0;0;95;0;200;0;
19600;5171007;1054793728;18526208;1196748800;0;0;0;0;0;0;0;0;0;0;0;2975;0;0;95;0;200;0;
19601;7262951;1054793728;18526208;1196748800;0;0;0;0;0;0;0;0;0;0;0;3868;0;0;95;0;200;0;
19602;5889425;1054793728;18526208;1196748800;0;0;0;0;0;0;0;0;0;0;0;3697;0;0;95;0;200;0;
19603;7816068;1054793728;18526208;1196748800;0;0;0;0;0;0;0;0;0;0;0;3466;0;0;95;0;200;0;
19604;4975170;1054793728;18526208;1196748800;0;0;0;0;0;0;0;0;0;0;0;3266;0;0;95;0;200;0;
19605;8438455;1054793728;18526208;1196748800;0;0;0;0;0;0;0;0;0;0;0;3316;0;0;95;0;200;0;
19606;4343055;1054793728;18526208;1196748800;0;0;0;0;0;0;0;0;0;0;0;3828;0;0;95;0;200;0;
19607;6931139;1054793728;18526208;1196748800;0;0;0;0;0;0;0;0;0;0;0;3116;0;0;95;0;200;0;
19608;5678890;1054793728;18526208;1196748800;0;0;0;0;0;0;0;0;0;0;0;3496;0;0;95;0;200;0;
19609;8151547;1054793728;18526208;1196748800;0;0;0;0;0;0;0;0;0;0;0;2715;0;0;95;0;200;0;
19610;4881775;1054793728;18526208;1196748800;0;0;0;0;0;0;0;0;0;0;0;3666;0;0;95;0;200;0;
19611;6824328;1054793728;18526208;1196748800;0;0;0;0;0;0;0;0;0;0;0;2675;0;0;95;0;200;0;
19612;3533346;1054793728;18526208;1196748800;0;0;0;0;0;0;0;0;0;0;0;3847;0;0;95;0;200;0;
19613;4595939;1054793728;18526208;1196748800;0;0;0;0;0;0;0;0;0;0;0;1863;0;0;95;0;200;0;
19614;6585811;1054793728;18526208;1196748800;0;0;0;0;0;0;0;0;0;0;0;3396;0;0;95;0;200;0;
19615;9667821;1059790848;30019584;1208242176;0;0;0;0;0;0;0;0;0;0;0;4538;0;0;95;0;200;0;
19616;5734645;1061888000;30019584;1208242176;0;0;0;0;0;0;0;0;0;0;0;3306;0;0;95;0;200;0;
19617;7856223;1066082304;30019584;1208242176;0;0;0;0;0;0;0;0;0;0;0;3075;0;0;95;0;200;0;
19618;6255992;1066082304;30019584;1208242176;0;0;0;0;0;0;0;0;0;0;0;3216;0;0;95;0;200;0;
19619;9162754;1066082304;30019584;1208242176;0;0;0;0;0;0;0;0;0;0;0;4378;0;0;95;0;200;0;
19620;4533132;1066082304;30019584;1208242176;0;0;0;0;0;0;0;0;0;0;0;4188;0;0;95;0;200;0;
19621;9455492;1066082304;30019584;1208242176;0;0;0;0;0;0;0;0;0;0;0;3928;0;0;95;0;200;0;
19622;4724620;1055821824;18186240;1196408832;0;0;0;0;0;0;0;0;0;0;0;3526;0;0;95;0;200;0;
19623;9058758;1055821824;18186240;1196408832;0;0;0;0;0;0;0;0;0;0;0;4369;0;0;95;0;200;0;
19624;4383560;1055821824;18186240;1196408832;0;0;0;0;0;0;0;0;0;0;0;3647;0;0;95;0;200;0;
19625;7811640;1055821824;18186240;1196408832;0;0;0;0;0;0;0;0;0;0;0;3166;0;0;95;0;200;0;
19626;5498852;1055821824;18186240;1196408832;0;0;0;0;0;0;0;0;0;0;0;4829;0;0;95;0;200;0;
19627;7501318;1055821824;18186240;1196408832;0;0;0;0;0;0;0;0;0;0;0;2645;0;0;95;0;200;0;
19628;4400292;1055821824;18186240;1196408832;0;0;0;0;0;0;0;0;0;0;0;3476;0;0;95;0;200;0;
19629;8220036;1055821824;18186240;1196408832;0;0;0;0;0;0;0;0;0;0;0;3346;0;0;95;0;200;0;
19630;5651969;1055821824;18186240;1196408832;0;0;0;0;0;0;0;0;0;0;0;2785;0;0;95;0;200;0;
19631;5959256;1055821824;18186240;1196408832;0;0;0;0;0;0;0;0;0;0;0;1954;0;0;95;0;200;0;
19632;7757288;1055821824;18186240;1196408832;0;0;0;0;0;0;0;0;0;0;0;2304;0;0;95;0;200;0;
19633;7414224;1055821824;18186240;1196408832;0;0;0;0;0;0;0;0;0;0;0;2294;0;0;95;0;200;0;
19634;5094624;1055821824;18186240;1196408832;0;0;0;0;0;0;0;0;0;0;0;2815;0;0;95;0;200;0;
19635;5785610;1055821824;18186240;1196408832;0;0;0;0;0;0;0;0;0;0;0;2405;0;0;95;0;200;0;
19636;6984258;1055821824;18186240;1196408832;0;0;0;0;0;0;0;0;0;0;0;3146;0;0;95;0;200;0;
19637;6892727;1059803136;30019584;1208242176;0;0;0;0;0;0;0;0;0;0;0;3587;0;0;95;0;200;0;
19638;6725292;1063997440;30019584;1208242176;0;0;0;0;0;0;0;0;0;0;0;3817;0;0;95;0;200;0;
19639;7201155;1066094592;30019584;1208242176;0;0;0;0;0;0;0;0;0;0;0;3546;0;0;95;0;200;0;
19640;5752448;1066094592;30019584;1208242176;0;0;0;0;0;0;0;0;0;0;0;4408;0;0;95;0;200;0;
19641;5811258;1066094592;30019584;1208242176;0;0;0;0;0;0;0;0;0;0;0;2876;0;0;95;0;200;0;
19642;7501588;1066094592;30019584;1208242176;0;0;0;0;0;0;0;0;0;0;0;3487;0;0;95;0;200;0;
19643;8327698;1066094592;30019584;1208242176;0;0;0;0;0;0;0;0;0;0;0;3277;0;0;95;0;200;0;
19644;6337355;1054801920;18534400;1196756992;0;0;0;0;0;0;0;0;0;0;0;2705;0;0;95;0;200;0;
19645;9281606;1054801920;18534400;1196756992;0;0;0;0;0;0;0;0;0;0;0;4448;0;0;95;0;200;0;
19646;4066496;1054801920;18534400;1196756992;0;0;0;0;0;0;0;0;0;0;0;3897;0;0;95;0;200;0;
19647;10126361;1054801920;18534400;1196756992;0;0;0;0;0;0;0;0;0;0;0;5320;0;0;95;0;200;0;
19648;4482476;1054801920;18534400;1196756992;0;0;0;0;0;0;0;0;0;0;0;4158;0;0;95;0;200;0;
19649;9290424;1054801920;18534400;1196756992;0;0;0;0;0;0;0;0;0;0;0;4208;0;0;95;0;200;0;
19650;4638909;1054793728;18526208;1196748800;0;0;0;0;0;0;0;0;0;0;0;2895;0;0;95;0;200;0;
19651;6823917;1054793728;18526208;1196748800;0;0;0;0;0;0;0;0;0;0;0;3657;0;0;95;0;200;0;
19652;6084100;1054793728;18526208;1196748800;0;0;0;0;0;0;0;0;0;0;0;2986;0;0;95;0;200;0;
19653;7301062;1054793728;18526208;1196748800;0;0;0;0;0;0;0;0;0;0;0;2514;0;0;95;0;200;0;
19654;5181587;1054793728;18526208;1196748800;0;0;0;0;0;0;0;0;0;0;0;3667;0;0;95;0;200;0;
19655;6321916;1054793728;18526208;1196748800;0;0;0;0;0;0;0;0;0;0;0;2686;0;0;95;0;200;0;
19656;7361195;1054793728;18526208;1196748800;0;0;0;0;0;0;0;0;0;0;0;3677;0;0;95;0;200;0;
19657;8223092;1054793728;18526208;1196748800;0;0;0;0;0;0;0;0;0;0;0;3116;0;0;95;0;200;0;
19658;5037286;1054793728;18526208;1196748800;0;0;0;0;0;0;0;0;0;0;0;3476;0;0;95;0;200;0;
19659;8505842;1054793728;18526208;1196748800;0;0;0;0;0;0;0;0;0;0;0;2776;0;0;95;0;200;0;
19660;4122090;1054793728;18526208;1196748800;0;0;0;0;0;0;0;0;0;0;0;4078;0;0;95;0;200;0;
19661;12907306;1059790848;30019584;1208242176;0;0;0;0;0;0;0;0;0;0;0;4158;0;0;95;0;200;0;
19662;11125244;1061888000;30019584;1208242176;0;0;0;0;0;0;0;0;0;0;0;6743;0;0;95;0;200;0;
19663;9540903;1066082304;30019584;1208242176;0;0;0;0;0;0;0;0;0;0;0;3346;0;0;95;0;200;0;
19664;5190844;1066082304;30019584;1208242176;0;0;0;0;0;0;0;0;0;0;0;4979;0;0;95;0;200;0;
19665;8973047;1066082304;30019584;1208242176;0;0;0;0;0;0;0;0;0;0;0;4048;0;0;95;0;200;0;
19666;4621267;1066082304;30019584;1208242176;0;0;0;0;0;0;0;0;0;0;0;4338;0;0;95;0;200;0;
19667;10997935;1066082304;30019584;1208242176;0;0;0;0;0;0;0;0;0;0;0;5690;0;0;95;0;200;0;
19668;6783531;1055821824;18186240;1196408832;0;0;0;0;0;0;0;0;0;0;0;4178;0;0;95;0;200;0;
19669;8489261;1055821824;18186240;1196408832;0;0;0;0;0;0;0;0;0;0;0;4518;0;0;95;0;200;0;
19670;4895251;1055821824;18186240;1196408832;0;0;0;0;0;0;0;0;0;0;0;4679;0;0;95;0;200;0;
19671;10248509;1055821824;18186240;1196408832;0;0;0;0;0;0;0;0;0;0;0;3747;0;0;95;0;200;0;
19672;4008337;1055821824;18186240;1196408832;0;0;0;0;0;0;0;0;0;0;0;3837;0;0;95;0;200;0;
19673;8298844;1055821824;18186240;1196408832;0;0;0;0;0;0;0;0;0;0;0;7684;0;0;95;0;200;0;
19674;3510002;1055821824;18186240;1196408832;0;0;0;0;0;0;0;0;0;0;0;3546;0;0;95;0;200;0;
19675;8319632;1055821824;18186240;1196408832;0;0;0;0;0;0;0;0;0;0;0;2866;0;0;95;0;200;0;
19676;5580907;1055821824;18186240;1196408832;0;0;0;0;0;0;0;0;0;0;0;3556;0;0;95;0;200;0;
19677;6714061;1055821824;18186240;1196408832;0;0;0;0;0;0;0;0;0;0;0;2845;0;0;95;0;200;0;
19678;6397898;1055821824;18186240;1196408832;0;0;0;0;0;0;0;0;0;0;0;3026;0;0;95;0;200;0;
19679;9528209;1055821824;18186240;1196408832;0;0;0;0;0;0;0;0;0;0;0;2925;0;0;95;0;200;0;
19680;4841971;1055821824;18186240;1196408832;0;0;0;0;0;0;0;0;0;0;0;2996;0;0;95;0;200;0;
19681;8800844;1055821824;18186240;1196408832;0;0;0;0;0;0;0;0;0;0;0;4929;0;0;95;0;200;0;
19682;4072758;1055821824;18186240;1196408832;0;0;0;0;0;0;0;0;0;0;0;4619;0;0;95;0;200;0;
19683;8750270;1055821824;18186240;1196408832;0;0;0;0;0;0;0;0;0;0;0;4839;0;0;95;0;200;0;
19684;5789678;1055821824;18186240;1196408832;0;0;0;0;0;0;0;0;0;0;0;3327;0;0;95;0;200;0;
19685;6987424;1059803136;30019584;1208242176;0;0;0;0;0;0;0;0;0;0;0;3216;0;0;95;0;200;0;
19686;5957893;1063997440;30019584;1208242176;0;0;0;0;0;0;0;0;0;0;0;3817;0;0;95;0;200;0;
19687;7558876;1066094592;30019584;1208242176;0;0;0;0;0;0;0;0;0;0;0;3777;0;0;95;0;200;0;
19688;6783932;1066094592;30019584;1208242176;0;0;0;0;0;0;0;0;0;0;0;2645;0;0;95;0;200;0;
19689;5923870;1066094592;30019584;1208242176;0;0;0;0;0;0;0;0;0;0;0;3025;0;0;95;0;200;0;
19690;6283263;1066094592;30019584;1208242176;0;0;0;0;0;0;0;0;0;0;0;3837;0;0;95;0;200;0;
19691;5830384;1066094592;30019584;1208242176;0;0;0;0;0;0;0;0;0;0;0;2755;0;0;95;0;200;0;
19692;5954678;1054793728;18526208;1196748800;0;0;0;0;0;0;0;0;0;0;0;3306;0;0;95;0;200;0;
19693;7292716;1054793728;18526208;1196748800;0;0;0;0;0;0;0;0;0;0;0;3617;0;0;95;0;200;0;
19694;4147718;1054793728;18526208;1196748800;0;0;0;0;0;0;0;0;0;0;0;4869;0;0;95;0;200;0;
19695;7399527;1054793728;18526208;1196748800;0;0;0;0;0;0;0;0;0;0;0;3907;0;0;95;0;200;0;
19696;4632338;1054793728;18526208;1196748800;0;0;0;0;0;0;0;0;0;0;0;3106;0;0;95;0;200;0;
19697;7377205;1054793728;18526208;1196748800;0;0;0;0;0;0;0;0;0;0;0;2846;0;0;95;0;200;0;
19698;5427489;1054793728;18526208;1196748800;0;0;0;0;0;0;0;0;0;0;0;2685;0;0;95;0;200;0;
19699;8004402;1054793728;18526208;1196748800;0;0;0;0;0;0;0;0;0;0;0;4438;0;0;95;0;200;0;
19700;5611013;1054793728;18526208;1196748800;0;0;0;0;0;0;0;0;0;0;0;3326;0;0;95;0;200;0;
19701;7611675;1054793728;18526208;1196748800;0;0;0;0;0;0;0;0;0;0;0;3557;0;0;95;0;200;0;
19702;5876180;1054793728;18526208;1196748800;0;0;0;0;0;0;0;0;0;0;0;5010;0;0;95;0;200;0;
19703;5591195;1054793728;18526208;1196748800;0;0;0;0;0;0;0;0;0;0;0;3406;0;0;95;0;200;0;
19704;4347964;1054793728;18526208;1196748800;0;0;0;0;0;0;0;0;0;0;0;3176;0;0;95;0;200;0;
19705;6539874;1054793728;18526208;1196748800;0;0;0;0;0;0;0;0;0;0;0;3126;0;0;95;0;200;0;
19706;4776137;1054793728;18526208;1196748800;0;0;0;0;0;0;0;0;0;0;0;2866;0;0;95;0;200;0;
19707;6291289;1059790848;30019584;1208242176;0;0;0;0;0;0;0;0;0;0;0;2986;0;0;95;0;200;0;
19708;6625285;1061888000;30019584;1208242176;0;0;0;0;0;0;0;0;0;0;0;3507;0;0;95;0;200;0;
19709;5771153;1066082304;30019584;1208242176;0;0;0;0;0;0;0;0;0;0;0;3086;0;0;95;0;200;0;
19710;7051033;1066082304;30019584;1208242176;0;0;0;0;0;0;0;0;0;0;0;3176;0;0;95;0;200;0;
19711;6887207;1066082304;30019584;1208242176;0;0;0;0;0;0;0;0;0;0;0;2786;0;0;95;0;200;0;
19712;5770713;1066082304;30019584;1208242176;0;0;0;0;0;0;0;0;0;0;0;3246;0;0;95;0;200;0;
19713;5589212;1066082304;30019584;1208242176;0;0;0;0;0;0;0;0;0;0;0;2415;0;0;95;0;200;0;
19714;6450186;1055821824;18186240;1196408832;0;0;0;0;0;0;0;0;0;0;0;4058;0;0;95;0;200;0;
19715;6530297;1055821824;18186240;1196408832;0;0;0;0;0;0;0;0;0;0;0;2575;0;0;95;0;200;0;
19716;6327798;1055821824;18186240;1196408832;0;0;0;0;0;0;0;0;0;0;0;3106;0;0;95;0;200;0;
19717;6233120;1055821824;18186240;1196408832;0;0;0;0;0;0;0;0;0;0;0;3767;0;0;95;0;200;0;
19718;6077467;1055821824;18194432;1196417024;0;0;0;0;0;0;0;0;0;0;0;3477;0;0;95;0;200;0;
19719;6217711;1055821824;18194432;1196417024;0;0;0;0;0;0;0;0;0;0;0;2564;0;0;95;0;200;0;
19720;4513084;1055821824;18194432;1196417024;0;0;0;0;0;0;0;0;0;0;0;3036;0;0;95;0;200;0;
19721;7171459;1055821824;18194432;1196417024;0;0;0;0;0;0;0;0;0;0;0;2996;0;0;95;0;200;0;
19722;3897239;1055821824;18194432;1196417024;0;0;0;0;0;0;0;0;0;0;0;3967;0;0;95;0;200;0;
19723;7312033;1055821824;18194432;1196417024;0;0;0;0;0;0;0;0;0;0;0;2334;0;0;95;0;200;0;
19724;3554516;1055821824;18186240;1196408832;0;0;0;0;0;0;0;0;0;0;0;3326;0;0;95;0;200;0;
19725;7046534;1055821824;18186240;1196408832;0;0;0;0;0;0;0;0;0;0;0;3567;0;0;95;0;200;0;
19726;4220615;1055821824;18186240;1196408832;0;0;0;0;0;0;0;0;0;0;0;3036;0;0;95;0;200;0;
19727;6663757;1055821824;18186240;1196408832;0;0;0;0;0;0;0;0;0;0;0;4188;0;0;95;0;200;0;
19728;4241474;1055821824;18186240;1196408832;0;0;0;0;0;0;0;0;0;0;0;3336;0;0;95;0;200;0;
19729;6319822;1055821824;18186240;1196408832;0;0;0;0;0;0;0;0;0;0;0;2675;0;0;95;0;200;0;
19730;4377450;1055821824;18186240;1196408832;0;0;0;0;0;0;0;0;0;0;0;4058;0;0;95;0;200;0;
19731;6722878;1059803136;30019584;1208242176;0;0;0;0;0;0;0;0;0;0;0;2856;0;0;95;0;200;0;
19732;6405853;1063997440;30019584;1208242176;0;0;0;0;0;0;0;0;0;0;0;3587;0;0;95;0;200;0;
19733;6260841;1066094592;30019584;1208242176;0;0;0;0;0;0;0;0;0;0;0;2755;0;0;95;0;200;0;
19734;5821047;1066094592;30019584;1208242176;0;0;0;0;0;0;0;0;0;0;0;4619;0;0;95;0;200;0;
19735;6208203;1066094592;30019584;1208242176;0;0;0;0;0;0;0;0;0;0;0;2324;0;0;95;0;200;0;
19736;5259654;1066094592;30019584;1208242176;0;0;0;0;0;0;0;0;0;0;0;3626;0;0;95;0;200;0;
19737;5388576;1066094592;30019584;1208242176;0;0;0;0;0;0;0;0;0;0;0;2404;0;0;95;0;200;0;
19738;4040938;1054793728;18526208;1196748800;0;0;0;0;0;0;0;0;0;0;0;3717;0;0;95;0;200;0;
19739;6158639;1054793728;18526208;1196748800;0;0;0;0;0;0;0;0;0;0;0;3287;0;0;95;0;200;0;
19740;4751240;1054793728;18526208;1196748800;0;0;0;0;0;0;0;0;0;0;0;3006;0;0;95;0;200;0;
19741;7809105;1054793728;18526208;1196748800;0;0;0;0;0;0;0;0;0;0;0;3226;0;0;95;0;200;0;
19742;3803102;1054793728;18526208;1196748800;0;0;0;0;0;0;0;0;0;0;0;3737;0;0;95;0;200;0;
19743;19768083;1054793728;18526208;1196748800;0;0;0;0;0;0;0;0;0;0;0;3586;0;0;95;0;200;0;
19744;3439200;1054793728;18526208;1196748800;0;0;0;0;0;0;0;0;0;0;0;4228;0;0;95;0;200;0;
19745;8398371;1054793728;18526208;1196748800;0;0;0;0;0;0;0;0;0;0;0;3707;0;0;95;0;200;0;
19746;3960457;1054793728;18526208;1196748800;0;0;0;0;0;0;0;0;0;0;0;3126;0;0;95;0;200;0;
19747;7435835;1054793728;18526208;1196748800;0;0;0;0;0;0;0;0;0;0;0;2885;0;0;95;0;200;0;
19748;4138100;1054793728;18526208;1196748800;0;0;0;0;0;0;0;0;0;0;0;3517;0;0;95;0;200;0;
19749;7621353;1054793728;18526208;1196748800;0;0;0;0;0;0;0;0;0;0;0;4088;0;0;95;0;200;0;
19750;4044125;1054793728;18526208;1196748800;0;0;0;0;0;0;0;0;0;0;0;3546;0;0;95;0;200;0;
19751;5994763;1054793728;18526208;1196748800;0;0;0;0;0;0;0;0;0;0;0;2144;0;0;95;0;200;0;
19752;4847010;1054793728;18526208;1196748800;0;0;0;0;0;0;0;0;0;0;0;4087;0;0;95;0;200;0;
19753;7112749;1054793728;18526208;1196748800;0;0;0;0;0;0;0;0;0;0;0;3947;0;0;95;0;200;0;
19754;5593460;1054793728;18526208;1196748800;0;0;0;0;0;0;0;0;0;0;0;4038;0;0;95;0;200;0;
19755;7294580;1059790848;30019584;1208242176;0;0;0;0;0;0;0;0;0;0;0;2605;0;0;95;0;200;0;
19756;4858782;1061888000;30019584;1208242176;0;0;0;0;0;0;0;0;0;0;0;3066;0;0;95;0;200;0;
19757;8256034;1066082304;30019584;1208242176;0;0;0;0;0;0;0;0;0;0;0;3747;0;0;95;0;200;0;
19758;3426416;1066082304;30019584;1208242176;0;0;0;0;0;0;0;0;0;0;0;3566;0;0;95;0;200;0;
19759;6350530;1066082304;30019584;1208242176;0;0;0;0;0;0;0;0;0;0;0;2345;0;0;95;0;200;0;
19760;5513109;1066082304;30019584;1208242176;0;0;0;0;0;0;0;0;0;0;0;3687;0;0;95;0;200;0;
19761;5726079;1066082304;30019584;1208242176;0;0;0;0;0;0;0;0;0;0;0;2344;0;0;95;0;200;0;
19762;5896899;1055821824;18186240;1196408832;0;0;0;0;0;0;0;0;0;0;0;3927;0;0;95;0;200;0;
19763;6232418;1055821824;18186240;1196408832;0;0;0;0;0;0;0;0;0;0;0;2966;0;0;95;0;200;0;
19764;5189061;1055821824;18186240;1196408832;0;0;0;0;0;0;0;0;0;0;0;4068;0;0;95;0;200;0;
19765;7846054;1055821824;18186240;1196408832;0;0;0;0;0;0;0;0;0;0;0;4729;0;0;95;0;200;0;
19766;6106011;1055821824;18186240;1196408832;0;0;0;0;0;0;0;0;0;0;0;3747;0;0;95;0;200;0;
19767;5669322;1055821824;18186240;1196408832;0;0;0;0;0;0;0;0;0;0;0;2324;0;0;95;0;200;0;
19768;4958098;1055821824;18186240;1196408832;0;0;0;0;0;0;0;0;0;0;0;3326;0;0;95;0;200;0;
19769;6218121;1055821824;18186240;1196408832;0;0;0;0;0;0;0;0;0;0;0;2735;0;0;95;0;200;0;
19770;4554010;1055821824;18186240;1196408832;0;0;0;0;0;0;0;0;0;0;0;3046;0;0;95;0;200;0;
19771;5503100;1055821824;18186240;1196408832;0;0;0;0;0;0;0;0;0;0;0;2325;0;0;95;0;200;0;
19772;3938106;1055821824;18186240;1196408832;0;0;0;0;0;0;0;0;0;0;0;3056;0;0;95;0;200;0;
19773;5884767;1055821824;18186240;1196408832;0;0;0;0;0;0;0;0;0;0;0;2064;0;0;95;0;200;0;
19774;4078970;1055821824;18186240;1196408832;0;0;0;0;0;0;0;0;0;0;0;3666;0;0;95;0;200;0;
19775;7248072;1055821824;18186240;1196408832;0;0;0;0;0;0;0;0;0;0;0;2364;0;0;95;0;200;0;
19776;3719285;1055821824;18186240;1196408832;0;0;0;0;0;0;0;0;0;0;0;3707;0;0;95;0;200;0;
19777;6609996;1059803136;30019584;1208242176;0;0;0;0;0;0;0;0;0;0;0;2786;0;0;95;0;200;0;
19778;5877984;1063997440;30019584;1208242176;0;0;0;0;0;0;0;0;0;0;0;2855;0;0;95;0;200;0;
19779;5306953;1066094592;30019584;1208242176;0;0;0;0;0;0;0;0;0;0;0;1964;0;0;95;0;200;0;
19780;3534859;1066094592;30019584;1208242176;0;0;0;0;0;0;0;0;0;0;0;3917;0;0;95;0;200;0;
19781;5382214;1066094592;30019584;1208242176;0;0;0;0;0;0;0;0;0;0;0;2134;0;0;95;0;200;0;
19782;3423210;1066094592;30019584;1208242176;0;0;0;0;0;0;0;0;0;0;0;2675;0;0;95;0;200;0;
19783;6267675;1066094592;30019584;1208242176;0;0;0;0;0;0;0;0;0;0;0;2165;0;0;95;0;200;0;
19784;3678088;1054793728;18526208;1196748800;0;0;0;0;0;0;0;0;0;0;0;3327;0;0;95;0;200;0;
19785;4543261;1054793728;18526208;1196748800;0;0;0;0;0;0;0;0;0;0;0;2023;0;0;95;0;200;0;
19786;5636511;1054793728;18526208;1196748800;0;0;0;0;0;0;0;0;0;0;0;2424;0;0;95;0;200;0;
19787;6392929;1054793728;18526208;1196748800;0;0;0;0;0;0;0;0;0;0;0;2435;0;0;95;0;200;0;
19788;4179829;1054793728;18526208;1196748800;0;0;0;0;0;0;0;0;0;0;0;3346;0;0;95;0;200;0;
19789;4947028;1054793728;18526208;1196748800;0;0;0;0;0;0;0;0;0;0;0;2024;0;0;95;0;200;0;
19790;5182890;1054793728;18526208;1196748800;0;0;0;0;0;0;0;0;0;0;0;3005;0;0;95;0;200;0;
19791;4288833;1054793728;18526208;1196748800;0;0;0;0;0;0;0;0;0;0;0;2013;0;0;95;0;200;0;
19792;4439917;1054793728;18526208;1196748800;0;0;0;0;0;0;0;0;0;0;0;3155;0;0;95;0;200;0;
19793;6779164;1054793728;18526208;1196748800;0;0;0;0;0;0;0;0;0;0;0;2926;0;0;95;0;200;0;
19794;3266356;1054793728;18526208;1196748800;0;0;0;0;0;0;0;0;0;0;0;3065;0;0;95;0;200;0;
19795;6573668;1054793728;18526208;1196748800;0;0;0;0;0;0;0;0;0;0;0;3176;0;0;95;0;200;0;
19796;4058922;1054793728;18526208;1196748800;0;0;0;0;0;0;0;0;0;0;0;3015;0;0;95;0;200;0;
19797;5677247;1054793728;18526208;1196748800;0;0;0;0;0;0;0;0;0;0;0;1963;0;0;95;0;200;0;
19798;3496216;1054793728;18526208;1196748800;0;0;0;0;0;0;0;0;0;0;0;2735;0;0;95;0;200;0;
19799;5627874;1054793728;18526208;1196748800;0;0;0;0;0;0;0;0;0;0;0;2054;0;0;95;0;200;0;
19800;5111626;1054793728;18526208;1196748800;0;0;0;0;0;0;0;0;0;0;0;4128;0;0;95;0;200;0;
19801;9391933;1059790848;30019584;1208242176;0;0;0;0;0;0;0;0;0;0;0;3597;0;0;95;0;200;0;
19802;6122782;1061888000;30019584;1208242176;0;0;0;0;0;0;0;0;0;0;0;4589;0;0;95;0;200;0;
19803;6848875;1066082304;30019584;1208242176;0;0;0;0;0;0;0;0;0;0;0;3677;0;0;95;0;200;0;
19804;4354927;1066082304;30019584;1208242176;0;0;0;0;0;0;0;0;0;0;0;4678;0;0;95;0;200;0;
19805;7171159;1066082304;30019584;1208242176;0;0;0;0;0;0;0;0;0;0;0;3807;0;0;95;0;200;0;
19806;5768197;1066082304;30027776;1208250368;0;0;0;0;0;0;0;0;0;0;0;4528;0;0;95;0;200;0;
19807;6262264;1066082304;30027776;1208250368;0;0;0;0;0;0;0;0;0;0;0;3246;0;0;95;0;200;0;
19808;5524821;1066082304;30027776;1208250368;0;0;0;0;0;0;0;0;0;0;0;4498;0;0;95;0;200;0;
19809;5473445;1066082304;30027776;1208250368;0;0;0;0;0;0;0;0;0;0;0;2464;0;0;95;0;200;0;
19810;6713690;1066082304;30027776;1208250368;0;0;0;0;0;0;0;0;0;0;0;2946;0;0;95;0;200;0;
19811;5647371;1066082304;30027776;1208250368;0;0;0;0;0;0;0;0;0;0;0;4118;0;0;95;0;200;0;
19812;3293727;1066287104;30019584;1208242176;0;0;0;0;0;0;0;0;0;0;0;4097;0;0;95;0;200;0;
19813;7180526;1066287104;30019584;1208242176;0;0;0;0;0;0;0;0;0;0;0;2705;0;0;95;0;200;0;
19814;3356585;1054793728;18526208;1196748800;0;0;0;0;0;0;0;0;0;0;0;2785;0;0;95;0;200;0;
19815;6056929;1054793728;18526208;1196748800;0;0;0;0;0;0;0;0;0;0;0;2554;0;0;95;0;200;0;
19816;6179780;1054793728;18526208;1196748800;0;0;0;0;0;0;0;0;0;0;0;3266;0;0;95;0;200;0;
19817;6121941;1054793728;18526208;1196748800;0;0;0;0;0;0;0;0;0;0;0;2234;0;0;95;0;200;0;
19818;6159241;1054793728;18526208;1196748800;0;0;0;0;0;0;0;0;0;0;0;3978;0;0;95;0;200;0;
19819;5966559;1054793728;18526208;1196748800;0;0;0;0;0;0;0;0;0;0;0;2455;0;0;95;0;200;0;
19820;5685783;1054793728;18526208;1196748800;0;0;0;0;0;0;0;0;0;0;0;3938;0;0;95;0;200;0;
19821;6083800;1054793728;18526208;1196748800;0;0;0;0;0;0;0;0;0;0;0;2816;0;0;95;0;200;0;
19822;5108911;1054793728;18526208;1196748800;0;0;0;0;0;0;0;0;0;0;0;2936;0;0;95;0;200;0;
19823;8118526;1059790848;30019584;1208242176;0;0;0;0;0;0;0;0;0;0;0;3557;0;0;95;0;200;0;
19824;5569515;1061888000;30019584;1208242176;0;0;0;0;0;0;0;0;0;0;0;3386;0;0;95;0;200;0;
19825;6797558;1066082304;30019584;1208242176;0;0;0;0;0;0;0;0;0;0;0;4238;0;0;95;0;200;0;
19826;4879541;1066082304;30019584;1208242176;0;0;0;0;0;0;0;0;0;0;0;4959;0;0;95;0;200;0;
19827;9117488;1066082304;30019584;1208242176;0;0;0;0;0;0;0;0;0;0;0;2234;0;0;95;0;200;0;
19828;3781772;1066082304;30019584;1208242176;0;0;0;0;0;0;0;0;0;0;0;3857;0;0;95;0;200;0;
19829;6865605;1066082304;30019584;1208242176;0;0;0;0;0;0;0;0;0;0;0;3256;0;0;95;0;200;0;
19830;4947599;1055821824;18186240;1196408832;0;0;0;0;0;0;0;0;0;0;0;2836;0;0;95;0;200;0;
19831;6164070;1055821824;18186240;1196408832;0;0;0;0;0;0;0;0;0;0;0;2625;0;0;95;0;200;0;
19832;5100385;1055821824;18186240;1196408832;0;0;0;0;0;0;0;0;0;0;0;4669;0;0;95;0;200;0;
19833;6348105;1055821824;18186240;1196408832;0;0;0;0;0;0;0;0;0;0;0;2815;0;0;95;0;200;0;
19834;5174765;1055821824;18186240;1196408832;0;0;0;0;0;0;0;0;0;0;0;4228;0;0;95;0;200;0;
19835;7633135;1055821824;18186240;1196408832;0;0;0;0;0;0;0;0;0;0;0;4288;0;0;95;0;200;0;
19836;4963158;1055821824;18186240;1196408832;0;0;0;0;0;0;0;0;0;0;0;3426;0;0;95;0;200;0;
19837;7296144;1055821824;18186240;1196408832;0;0;0;0;0;0;0;0;0;0;0;3877;0;0;95;0;200;0;
19838;5284220;1055821824;18186240;1196408832;0;0;0;0;0;0;0;0;0;0;0;4478;0;0;95;0;200;0;
19839;7222986;1055821824;18186240;1196408832;0;0;0;0;0;0;0;0;0;0;0;3838;0;0;95;0;200;0;
19840;5009966;1055821824;18186240;1196408832;0;0;0;0;0;0;0;0;0;0;0;4017;0;0;95;0;200;0;
19841;5884005;1055821824;18186240;1196408832;0;0;0;0;0;0;0;0;0;0;0;3296;0;0;95;0;200;0;
19842;5141643;1055821824;18186240;1196408832;0;0;0;0;0;0;0;0;0;0;0;4098;0;0;95;0;200;0;
19843;7544028;1055821824;18186240;1196408832;0;0;0;0;0;0;0;0;0;0;0;4429;0;0;95;0;200;0;
19844;4462329;1055821824;18186240;1196408832;0;0;0;0;0;0;0;0;0;0;0;3076;0;0;95;0;200;0;
19845;6758976;1055821824;18186240;1196408832;0;0;0;0;0;0;0;0;0;0;0;3026;0;0;95;0;200;0;
19846;4419899;1055821824;18186240;1196408832;0;0;0;0;0;0;0;0;0;0;0;3958;0;0;95;0;200;0;
19847;8380327;1059803136;30019584;1208242176;0;0;0;0;0;0;0;0;0;0;0;3797;0;0;95;0;200;0;
19848;4956105;1063997440;30019584;1208242176;0;0;0;0;0;0;0;0;0;0;0;4298;0;0;95;0;200;0;
19849;5700651;1066094592;30019584;1208242176;0;0;0;0;0;0;0;0;0;0;0;2996;0;0;95;0;200;0;
19850;6320604;1066094592;30019584;1208242176;0;0;0;0;0;0;0;0;0;0;0;4028;0;0;95;0;200;0;
19851;5776543;1066094592;30019584;1208242176;0;0;0;0;0;0;0;0;0;0;0;2344;0;0;95;0;200;0;
19852;4869362;1066094592;30019584;1208242176;0;0;0;0;0;0;0;0;0;0;0;3857;0;0;95;0;200;0;
19853;7628887;1066094592;30019584;1208242176;0;0;0;0;0;0;0;0;0;0;0;3807;0;0;95;0;200;0;
19854;4531849;1054793728;18526208;1196748800;0;0;0;0;0;0;0;0;0;0;0;3447;0;0;95;0;200;0;
19855;8392099;1054793728;18526208;1196748800;0;0;0;0;0;0;0;0;0;0;0;3837;0;0;95;0;200;0;
19856;5643774;1054793728;18526208;1196748800;0;0;0;0;0;0;0;0;0;0;0;3667;0;0;95;0;200;0;
19857;7615252;1054793728;18526208;1196748800;0;0;0;0;0;0;0;0;0;0;0;3557;0;0;95;0;200;0;
19858;4567796;1054793728;18526208;1196748800;0;0;0;0;0;0;0;0;0;0;0;3777;0;0;95;0;200;0;
19859;7837017;1054793728;18526208;1196748800;0;0;0;0;0;0;0;0;0;0;0;4258;0;0;95;0;200;0;
19860;5881570;1054793728;18526208;1196748800;0;0;0;0;0;0;0;0;0;0;0;3216;0;0;95;0;200;0;
19861;5722842;1054793728;18526208;1196748800;0;0;0;0;0;0;0;0;0;0;0;2845;0;0;95;0;200;0;
19862;6021974;1054793728;18526208;1196748800;0;0;0;0;0;0;0;0;0;0;0;321463;0;0;95;0;200;0;
19863;6618883;1054793728;18526208;1196748800;0;0;0;0;0;0;0;0;0;0;0;2474;0;0;95;0;200;0;
19864;6617320;1054793728;18526208;1196748800;0;0;0;0;0;0;0;0;0;0;0;3136;0;0;95;0;200;0;
19865;7814806;1054793728;18526208;1196748800;0;0;0;0;0;0;0;0;0;0;0;4649;0;0;95;0;200;0;
19866;3664873;1054793728;18526208;1196748800;0;0;0;0;0;0;0;0;0;0;0;4127;0;0;95;0;200;0;
19867;7360894;1054793728;18526208;1196748800;0;0;0;0;0;0;0;0;0;0;0;2995;0;0;95;0;200;0;
19868;6373553;1054793728;18526208;1196748800;0;0;0;0;0;0;0;0;0;0;0;3417;0;0;95;0;200;0;
19869;6280519;1054793728;18526208;1196748800;0;0;0;0;0;0;0;0;0;0;0;2464;0;0;95;0;200;0;
19870;5922907;1054793728;18526208;1196748800;0;0;0;0;0;0;0;0;0;0;0;3386;0;0;95;0;200;0;
19871;7903573;1059790848;30019584;1208242176;0;0;0;0;0;0;0;0;0;0;0;3567;0;0;95;0;200;0;
19872;6323680;1061888000;30019584;1208242176;0;0;0;0;0;0;0;0;0;0;0;4789;0;0;95;0;200;0;
19873;7381623;1066082304;30019584;1208242176;0;0;0;0;0;0;0;0;0;0;0;4188;0;0;95;0;200;0;
19874;3435693;1066082304;30019584;1208242176;0;0;0;0;0;0;0;0;0;0;0;2505;0;0;95;0;200;0;
19875;7113761;1066082304;30019584;1208242176;0;0;0;0;0;0;0;0;0;0;0;3667;0;0;95;0;200;0;
19876;4463000;1066082304;30019584;1208242176;0;0;0;0;0;0;0;0;0;0;0;3807;0;0;95;0;200;0;
19877;5139779;1066082304;30019584;1208242176;0;0;0;0;0;0;0;0;0;0;0;2124;0;0;95;0;200;0;
19878;6755038;1055821824;18186240;1196408832;0;0;0;0;0;0;0;0;0;0;0;3016;0;0;95;0;200;0;
19879;6425871;1055821824;18186240;1196408832;0;0;0;0;0;0;0;0;0;0;0;3236;0;0;95;0;200;0;
19880;4008557;1055821824;18186240;1196408832;0;0;0;0;0;0;0;0;0;0;0;4338;0;0;95;0;200;0;
19881;7722052;1055821824;18186240;1196408832;0;0;0;0;0;0;0;0;0;0;0;4237;0;0;95;0;200;0;
19882;6051108;1055821824;18186240;1196408832;0;0;0;0;0;0;0;0;0;0;0;5280;0;0;95;0;200;0;
19883;8834458;1055821824;18186240;1196408832;0;0;0;0;0;0;0;0;0;0;0;4038;0;0;95;0;200;0;
19884;5470460;1055821824;18186240;1196408832;0;0;0;0;0;0;0;0;0;0;0;3065;0;0;95;0;200;0;
19885;8744219;1055821824;18186240;1196408832;0;0;0;0;0;0;0;0;0;0;0;4178;0;0;95;0;200;0;
19886;6110058;1055821824;18186240;1196408832;0;0;0;0;0;0;0;0;0;0;0;3367;0;0;95;0;200;0;
19887;8303012;1055821824;18186240;1196408832;0;0;0;0;0;0;0;0;0;0;0;4178;0;0;95;0;200;0;
19888;6002096;1055821824;18194432;1196417024;0;0;0;0;0;0;0;0;0;0;0;3416;0;0;95;0;200;0;
19889;7502610;1059803136;30027776;1208250368;0;0;0;0;0;0;0;0;0;0;0;3347;0;0;95;0;200;0;
19890;7226583;1063997440;30027776;1208250368;0;0;0;0;0;0;0;0;0;0;0;4408;0;0;95;0;200;0;
19891;8449055;1066094592;30027776;1208250368;0;0;0;0;0;0;0;0;0;0;0;9128;0;0;95;0;200;0;
19892;7183972;1066094592;30027776;1208250368;0;0;0;0;0;0;0;0;0;0;0;4378;0;0;95;0;200;0;
19893;8916602;1066094592;30027776;1208250368;0;0;0;0;0;0;0;0;0;0;0;5029;0;0;95;0;200;0;
19894;6497515;1066287104;30019584;1208242176;0;0;0;0;0;0;0;0;0;0;0;3717;0;0;95;0;200;0;
19895;8645533;1066287104;30019584;1208242176;0;0;0;0;0;0;0;0;0;0;0;5030;0;0;95;0;200;0;
19896;4368433;1066287104;30019584;1208242176;0;0;0;0;0;0;0;0;0;0;0;4368;0;0;95;0;200;0;
19897;8228832;1066287104;30019584;1208242176;0;0;0;0;0;0;0;0;0;0;0;4008;0;0;95;0;200;0;
19898;5152733;1066287104;30019584;1208242176;0;0;0;0;0;0;0;0;0;0;0;4228;0;0;95;0;200;0;
19899;7099094;1066287104;30019584;1208242176;0;0;0;0;0;0;0;0;0;0;0;3497;0;0;95;0;200;0;
19900;5323423;1055821824;18186240;1196408832;0;0;0;0;0;0;0;0;0;0;0;3797;0;0;95;0;200;0;
19901;5734805;1055821824;18186240;1196408832;0;0;0;0;0;0;0;0;0;0;0;3677;0;0;95;0;200;0;
19902;4936478;1055821824;18186240;1196408832;0;0;0;0;0;0;0;0;0;0;0;4138;0;0;95;0;200;0;
19903;7316471;1055821824;18186240;1196408832;0;0;0;0;0;0;0;0;0;0;0;3847;0;0;95;0;200;0;
19904;4924876;1055821824;18186240;1196408832;0;0;0;0;0;0;0;0;0;0;0;99707;0;0;95;0;200;0;
19905;7624689;1055821824;18186240;1196408832;0;0;0;0;0;0;0;0;0;0;0;2655;0;0;95;0;200;0;
19906;5751957;1055821824;18186240;1196408832;0;0;0;0;0;0;0;0;0;0;0;6762;0;0;95;0;200;0;
19907;8014611;1055821824;18186240;1196408832;0;0;0;0;0;0;0;0;0;0;0;3958;0;0;95;0;200;0;
19908;5590625;1055821824;18186240;1196408832;0;0;0;0;0;0;0;0;0;0;0;3827;0;0;95;0;200;0;
19909;7281446;1055821824;18186240;1196408832;0;0;0;0;0;0;0;0;0;0;0;2936;0;0;95;0;200;0;
19910;4641094;1055821824;18186240;1196408832;0;0;0;0;0;0;0;0;0;0;0;3356;0;0;95;0;200;0;
19911;6438124;1055821824;18186240;1196408832;0;0;0;0;0;0;0;0;0;0;0;4448;0;0;95;0;200;0;
19912;5608939;1055821824;18186240;1196408832;0;0;0;0;0;0;0;0;0;0;0;4318;0;0;95;0;200;0;
19913;6952188;1055821824;18186240;1196408832;0;0;0;0;0;0;0;0;0;0;0;3656;0;0;95;0;200;0;
19914;6122432;1055821824;18186240;1196408832;0;0;0;0;0;0;0;0;0;0;0;3086;0;0;95;0;200;0;
19915;7653042;1055821824;18186240;1196408832;0;0;0;0;0;0;0;0;0;0;0;5731;0;0;95;0;200;0;
19916;4310474;1055821824;18186240;1196408832;0;0;0;0;0;0;0;0;0;0;0;3898;0;0;95;0;200;0;
19917;7650167;1059803136;30019584;1208242176;0;0;0;0;0;0;0;0;0;0;0;5029;0;0;95;0;200;0;
19918;6918595;1063997440;30019584;1208242176;0;0;0;0;0;0;0;0;0;0;0;3847;0;0;95;0;200;0;
19919;7969966;1066094592;30019584;1208242176;0;0;0;0;0;0;0;0;0;0;0;4067;0;0;95;0;200;0;
19920;6233811;1066094592;30019584;1208242176;0;0;0;0;0;0;0;0;0;0;0;4088;0;0;95;0;200;0;
19921;7988411;1066094592;30019584;1208242176;0;0;0;0;0;0;0;0;0;0;0;3216;0;0;95;0;200;0;
19922;5242041;1066094592;30019584;1208242176;0;0;0;0;0;0;0;0;0;0;0;4428;0;0;95;0;200;0;
19923;7816840;1066094592;30019584;1208242176;0;0;0;0;0;0;0;0;0;0;0;3336;0;0;95;0;200;0;
19924;5922176;1054793728;18526208;1196748800;0;0;0;0;0;0;0;0;0;0;0;8767;0;0;95;0;200;0;
19925;8469223;1054793728;18526208;1196748800;0;0;0;0;0;0;0;0;0;0;0;3487;0;0;95;0;200;0;
19926;6236967;1054793728;18526208;1196748800;0;0;0;0;0;0;0;0;0;0;0;3737;0;0;95;0;200;0;
19927;9118170;1054793728;18526208;1196748800;0;0;0;0;0;0;0;0;0;0;0;3386;0;0;95;0;200;0;
19928;5990404;1054793728;18526208;1196748800;0;0;0;0;0;0;0;0;0;0;0;3917;0;0;95;0;200;0;
19929;8124346;1054793728;18526208;1196748800;0;0;0;0;0;0;0;0;0;0;0;4919;0;0;95;0;200;0;
19930;4759335;1054793728;18526208;1196748800;0;0;0;0;0;0;0;0;0;0;0;3397;0;0;95;0;200;0;
19931;7154157;1054793728;18526208;1196748800;0;0;0;0;0;0;0;0;0;0;0;3917;0;0;95;0;200;0;
19932;4654559;1054793728;18526208;1196748800;0;0;0;0;0;0;0;0;0;0;0;3176;0;0;95;0;200;0;
19933;7288859;1054793728;18526208;1196748800;0;0;0;0;0;0;0;0;0;0;0;2695;0;0;95;0;200;0;
19934;5309067;1054793728;18526208;1196748800;0;0;0;0;0;0;0;0;0;0;0;4529;0;0;95;0;200;0;
19935;8207943;1054793728;18526208;1196748800;0;0;0;0;0;0;0;0;0;0;0;4108;0;0;95;0;200;0;
19936;6650753;1054793728;18526208;1196748800;0;0;0;0;0;0;0;0;0;0;0;7404;0;0;95;0;200;0;
19937;6331765;1054793728;18526208;1196748800;0;0;0;0;0;0;0;0;0;0;0;2915;0;0;95;0;200;0;
19938;5992288;1054793728;18526208;1196748800;0;0;0;0;0;0;0;0;0;0;0;4118;0;0;95;0;200;0;
19939;5401871;1054793728;18526208;1196748800;0;0;0;0;0;0;0;0;0;0;0;2404;0;0;95;0;200;0;
19940;5745595;1054793728;18526208;1196748800;0;0;0;0;0;0;0;0;0;0;0;3407;0;0;95;0;200;0;
19941;8466678;1059790848;30019584;1208242176;0;0;0;0;0;0;0;0;0;0;0;2795;0;0;95;0;200;0;
19942;5950550;1061888000;30019584;1208242176;0;0;0;0;0;0;0;0;0;0;0;4929;0;0;95;0;200;0;
19943;7040954;1066082304;30019584;1208242176;0;0;0;0;0;0;0;0;0;0;0;3677;0;0;95;0;200;0;
19944;4847982;1066082304;30019584;1208242176;0;0;0;0;0;0;0;0;0;0;0;4418;0;0;95;0;200;0;
19945;8618794;1066082304;30019584;1208242176;0;0;0;0;0;0;0;0;0;0;0;3337;0;0;95;0;200;0;
19946;3980295;1066082304;30019584;1208242176;0;0;0;0;0;0;0;0;0;0;0;2896;0;0;95;0;200;0;
19947;10639483;1066082304;30019584;1208242176;0;0;0;0;0;0;0;0;0;0;0;4749;0;0;95;0;200;0;
19948;3680402;1055821824;18186240;1196408832;0;0;0;0;0;0;0;0;0;0;0;3767;0;0;95;0;200;0;
19949;7008594;1055821824;18186240;1196408832;0;0;0;0;0;0;0;0;0;0;0;2485;0;0;95;0;200;0;
19950;6348065;1055821824;18186240;1196408832;0;0;0;0;0;0;0;0;0;0;0;4899;0;0;95;0;200;0;
19951;8359818;1055821824;18186240;1196408832;0;0;0;0;0;0;0;0;0;0;0;4378;0;0;95;0;200;0;
19952;6424068;1055821824;18186240;1196408832;0;0;0;0;0;0;0;0;0;0;0;4799;0;0;95;0;200;0;
19953;6878049;1055821824;18186240;1196408832;0;0;0;0;0;0;0;0;0;0;0;2675;0;0;95;0;200;0;
19954;5429712;1055821824;18186240;1196408832;0;0;0;0;0;0;0;0;0;0;0;4138;0;0;95;0;200;0;
19955;7836156;1055821824;18186240;1196408832;0;0;0;0;0;0;0;0;0;0;0;3196;0;0;95;0;200;0;
19956;6472097;1055821824;18186240;1196408832;0;0;0;0;0;0;0;0;0;0;0;3086;0;0;95;0;200;0;
19957;9214130;1055821824;18186240;1196408832;0;0;0;0;0;0;0;0;0;0;0;4678;0;0;95;0;200;0;
19958;5703105;1055821824;18186240;1196408832;0;0;0;0;0;0;0;0;0;0;0;3767;0;0;95;0;200;0;
19959;7717814;1055821824;18186240;1196408832;0;0;0;0;0;0;0;0;0;0;0;5220;0;0;95;0;200;0;
19960;5854179;1055821824;18186240;1196408832;0;0;0;0;0;0;0;0;0;0;0;3697;0;0;95;0;200;0;
19961;6967356;1055821824;18186240;1196408832;0;0;0;0;0;0;0;0;0;0;0;2875;0;0;95;0;200;0;
19962;7360865;1055821824;18186240;1196408832;0;0;0;0;0;0;0;0;0;0;0;3196;0;0;95;0;200;0;
19963;8044095;1059803136;30019584;1208242176;0;0;0;0;0;0;0;0;0;0;0;2735;0;0;95;0;200;0;
19964;6778773;1063997440;30019584;1208242176;0;0;0;0;0;0;0;0;0;0;0;4388;0;0;95;0;200;0;
19965;6968669;1066094592;30019584;1208242176;0;0;0;0;0;0;0;0;0;0;0;4408;0;0;95;0;200;0;
19966;5287015;1066094592;30019584;1208242176;0;0;0;0;0;0;0;0;0;0;0;3256;0;0;95;0;200;0;
19967;7444541;1066094592;30019584;1208242176;0;0;0;0;0;0;0;0;0;0;0;4318;0;0;95;0;200;0;
19968;6294354;1066094592;30019584;1208242176;0;0;0;0;0;0;0;0;0;0;0;3226;0;0;95;0;200;0;
19969;8870806;1066094592;30019584;1208242176;0;0;0;0;0;0;0;0;0;0;0;47089;0;0;95;0;200;0;
19970;5547263;1054797824;18526208;1196748800;0;0;0;0;0;0;0;0;0;0;0;4348;0;0;95;0;200;0;
19971;8571756;1054797824;18526208;1196748800;0;0;0;0;0;0;0;0;0;0;0;3607;0;0;95;0;200;0;
19972;6436501;1054797824;18526208;1196748800;0;0;0;0;0;0;0;0;0;0;0;4459;0;0;95;0;200;0;
19973;8890894;1054797824;18526208;1196748800;0;0;0;0;0;0;0;0;0;0;0;4107;0;0;95;0;200;0;
19974;6074221;1054797824;18526208;1196748800;0;0;0;0;0;0;0;0;0;0;0;5140;0;0;95;0;200;0;
19975;8056839;1054797824;18526208;1196748800;0;0;0;0;0;0;0;0;0;0;0;3046;0;0;95;0;200;0;
19976;4836961;1054797824;18526208;1196748800;0;0;0;0;0;0;0;0;0;0;0;3376;0;0;95;0;200;0;
19977;7786824;1054797824;18526208;1196748800;0;0;0;0;0;0;0;0;0;0;0;3426;0;0;95;0;200;0;
19978;4682070;1054797824;18526208;1196748800;0;0;0;0;0;0;0;0;0;0;0;3326;0;0;95;0;200;0;
19979;13632305;1054797824;18526208;1196748800;0;0;0;0;0;0;0;0;0;0;0;4498;0;0;95;0;200;0;
19980;3921715;1054797824;18526208;1196748800;0;0;0;0;0;0;0;0;0;0;0;3546;0;0;95;0;200;0;
19981;7969967;1054797824;18526208;1196748800;0;0;0;0;0;0;0;0;0;0;0;3887;0;0;95;0;200;0;
19982;5312393;1054797824;18526208;1196748800;0;0;0;0;0;0;0;0;0;0;0;2905;0;0;95;0;200;0;
19983;6917443;1054797824;18526208;1196748800;0;0;0;0;0;0;0;0;0;0;0;3858;0;0;95;0;200;0;
19984;3923047;1054797824;18526208;1196748800;0;0;0;0;0;0;0;0;0;0;0;4148;0;0;95;0;200;0;
19985;5646790;1054797824;18526208;1196748800;0;0;0;0;0;0;0;0;0;0;0;3547;0;0;95;0;200;0;
19986;4294905;1054797824;18526208;1196748800;0;0;0;0;0;0;0;0;0;0;0;3907;0;0;95;0;200;0;
19987;8052011;1059794944;30019584;1208242176;0;0;0;0;0;0;0;0;0;0;0;4077;0;0;95;0;200;0;
19988;2724269;1061892096;30019584;1208242176;0;0;0;0;0;0;0;0;0;0;0;3566;0;0;95;0;200;0;
19989;6401586;1066086400;30019584;1208242176;0;0;0;0;0;0;0;0;0;0;0;4338;0;0;95;0;200;0;
19990;5973612;1066086400;30019584;1208242176;0;0;0;0;0;0;0;0;0;0;0;4699;0;0;95;0;200;0;
19991;7084977;1066086400;30019584;1208242176;0;0;0;0;0;0;0;0;0;0;0;2585;0;0;95;0;200;0;
19992;4502835;1066086400;30019584;1208242176;0;0;0;0;0;0;0;0;0;0;0;2965;0;0;95;0;200;0;
19993;5920503;1066086400;30019584;1208242176;0;0;0;0;0;0;0;0;0;0;0;2284;0;0;95;0;200;0;
19994;4615987;1055821824;18186240;1196408832;0;0;0;0;0;0;0;0;0;0;0;3356;0;0;95;0;200;0;
19995;7222566;1055821824;18186240;1196408832;0;0;0;0;0;0;0;0;0;0;0;3357;0;0;95;0;200;0;
19996;6323078;1055821824;18186240;1196408832;0;0;0;0;0;0;0;0;0;0;0;3516;0;0;95;0;200;0;
19997;6552498;1055821824;18186240;1196408832;0;0;0;0;0;0;0;0;0;0;0;2815;0;0;95;0;200;0;
19998;5582920;1055821824;18186240;1196408832;0;0;0;0;0;0;0;0;0;0;0;2795;0;0;95;0;200;0;
19999;7839252;1055821824;18186240;1196408832;0;0;0;0;0;0;0;0;0;0;0;3707;0;0;95;0;200;0;
20000;5837328;1055821824;18186240;1196408832;0;0;0;0;0;0;0;0;0;0;0;4338;0;0;95;0;200;0;
20001;7710430;1055821824;18186240;1196408832;0;0;0;0;0;0;0;0;0;0;0;2755;0;0;95;0;200;0;
20002;5507539;1055821824;18186240;1196408832;0;0;0;0;0;0;0;0;0;0;0;3687;0;0;95;0;200;0;
20003;7854550;1055821824;18186240;1196408832;0;0;0;0;0;0;0;0;0;0;0;2405;0;0;95;0;200;0;
20004;6570001;1055821824;18186240;1196408832;0;0;0;0;0;0;0;0;0;0;0;4138;0;0;95;0;200;0;
20005;9486280;1055821824;18186240;1196408832;0;0;0;0;0;0;0;0;0;0;0;3516;0;0;95;0;200;0;
20006;5626161;1055821824;18186240;1196408832;0;0;0;0;0;0;0;0;0;0;0;3386;0;0;95;0;200;0;
20007;7759643;1055821824;18186240;1196408832;0;0;0;0;0;0;0;0;0;0;0;2726;0;0;95;0;200;0;
20008;4918134;1055821824;18186240;1196408832;0;0;0;0;0;0;0;0;0;0;0;3556;0;0;95;0;200;0;
20009;7495527;1059803136;30019584;1208242176;0;0;0;0;0;0;0;0;0;0;0;3877;0;0;95;0;200;0;
20010;7036326;1063997440;30019584;1208242176;0;0;0;0;0;0;0;0;0;0;0;3126;0;0;95;0;200;0;
20011;8235875;1066094592;30019584;1208242176;0;0;0;0;0;0;0;0;0;0;0;3045;0;0;95;0;200;0;
20012;4511741;1066094592;30019584;1208242176;0;0;0;0;0;0;0;0;0;0;0;3266;0;0;95;0;200;0;
20013;7164386;1066094592;30019584;1208242176;0;0;0;0;0;0;0;0;0;0;0;3436;0;0;95;0;200;0;
20014;5713655;1066094592;30019584;1208242176;0;0;0;0;0;0;0;0;0;0;0;4188;0;0;95;0;200;0;
20015;7425566;1066094592;30019584;1208242176;0;0;0;0;0;0;0;0;0;0;0;4809;0;0;95;0;200;0;
20016;5635058;1054822400;18526208;1196748800;0;0;0;0;0;0;0;0;0;0;0;3587;0;0;95;0;200;0;
20017;8136569;1054822400;18526208;1196748800;0;0;0;0;0;0;0;0;0;0;0;3907;0;0;95;0;200;0;
20018;7486670;1054822400;18526208;1196748800;0;0;0;0;0;0;0;0;0;0;0;4248;0;0;95;0;200;0;
20019;7576719;1054822400;18526208;1196748800;0;0;0;0;0;0;0;0;0;0;0;5070;0;0;95;0;200;0;
20020;8955354;1054822400;18526208;1196748800;0;0;0;0;0;0;0;0;0;0;0;3797;0;0;95;0;200;0;
20021;7195915;1054822400;18526208;1196748800;0;0;0;0;0;0;0;0;0;0;0;3346;0;0;95;0;200;0;
20022;7981147;1054822400;18526208;1196748800;0;0;0;0;0;0;0;0;0;0;0;3236;0;0;95;0;200;0;
20023;7229067;1054822400;18526208;1196748800;0;0;0;0;0;0;0;0;0;0;0;3256;0;0;95;0;200;0;
20024;5324686;1054822400;18526208;1196748800;0;0;0;0;0;0;0;0;0;0;0;4038;0;0;95;0;200;0;
20025;8098398;1054822400;18526208;1196748800;0;0;0;0;0;0;0;0;0;0;0;3427;0;0;95;0;200;0;
20026;6322908;1054822400;18526208;1196748800;0;0;0;0;0;0;0;0;0;0;0;3887;0;0;95;0;200;0;
20027;7452847;1054822400;18526208;1196748800;0;0;0;0;0;0;0;0;0;0;0;2936;0;0;95;0;200;0;
20028;5511255;1054822400;18526208;1196748800;0;0;0;0;0;0;0;0;0;0;0;3116;0;0;95;0;200;0;
20029;9991368;1054822400;18526208;1196748800;0;0;0;0;0;0;0;0;0;0;0;3777;0;0;95;0;200;0;
20030;3756515;1054822400;18526208;1196748800;0;0;0;0;0;0;0;0;0;0;0;3176;0;0;95;0;200;0;
20031;8391187;1054822400;18526208;1196748800;0;0;0;0;0;0;0;0;0;0;0;3607;0;0;95;0;200;0;
20032;6669458;1054822400;18526208;1196748800;0;0;0;0;0;0;0;0;0;0;0;3988;0;0;95;0;200;0;
20033;8784885;1059819520;30019584;1208242176;0;0;0;0;0;0;0;0;0;0;0;3075;0;0;95;0;200;0;
20034;5302855;1061916672;30019584;1208242176;0;0;0;0;0;0;0;0;0;0;0;3396;0;0;95;0;200;0;
20035;9860713;1066110976;30019584;1208242176;0;0;0;0;0;0;0;0;0;0;0;4177;0;0;95;0;200;0;
20036;4671741;1066110976;30019584;1208242176;0;0;0;0;0;0;0;0;0;0;0;3727;0;0;95;0;200;0;
20037;9427911;1066110976;30019584;1208242176;0;0;0;0;0;0;0;0;0;0;0;4178;0;0;95;0;200;0;
20038;5469808;1066110976;30019584;1208242176;0;0;0;0;0;0;0;0;0;0;0;3046;0;0;95;0;200;0;
20039;8828918;1066110976;30019584;1208242176;0;0;0;0;0;0;0;0;0;0;0;2986;0;0;95;0;200;0;
20040;5235519;1055821824;18186240;1196408832;0;0;0;0;0;0;0;0;0;0;0;2555;0;0;95;0;200;0;
20041;9095308;1055821824;18186240;1196408832;0;0;0;0;0;0;0;0;0;0;0;3917;0;0;95;0;200;0;
20042;6074762;1055821824;18186240;1196408832;0;0;0;0;0;0;0;0;0;0;0;4328;0;0;95;0;200;0;
20043;8900031;1055821824;18186240;1196408832;0;0;0;0;0;0;0;0;0;0;0;3046;0;0;95;0;200;0;
20044;7389398;1055821824;18186240;1196408832;0;0;0;0;0;0;0;0;0;0;0;3056;0;0;95;0;200;0;
20045;7418883;1055821824;18186240;1196408832;0;0;0;0;0;0;0;0;0;0;0;3006;0;0;95;0;200;0;
20046;5552202;1055821824;18186240;1196408832;0;0;0;0;0;0;0;0;0;0;0;3747;0;0;95;0;200;0;
20047;8921391;1055821824;18186240;1196408832;0;0;0;0;0;0;0;0;0;0;0;3327;0;0;95;0;200;0;
20048;7010317;1055821824;18186240;1196408832;0;0;0;0;0;0;0;0;0;0;0;3597;0;0;95;0;200;0;
20049;7177852;1055821824;18186240;1196408832;0;0;0;0;0;0;0;0;0;0;0;4248;0;0;95;0;200;0;
20050;8346232;1055821824;18186240;1196408832;0;0;0;0;0;0;0;0;0;0;0;3877;0;0;95;0;200;0;
20051;6971465;1055821824;18186240;1196408832;0;0;0;0;0;0;0;0;0;0;0;3085;0;0;95;0;200;0;
20052;7031106;1055821824;18186240;1196408832;0;0;0;0;0;0;0;0;0;0;0;4137;0;0;95;0;200;0;
20053;7444481;1055821824;18186240;1196408832;0;0;0;0;0;0;0;0;0;0;0;3597;0;0;95;0;200;0;
20054;6671451;1055821824;18186240;1196408832;0;0;0;0;0;0;0;0;0;0;0;3667;0;0;95;0;200;0;
20055;8012036;1055821824;18186240;1196408832;0;0;0;0;0;0;0;0;0;0;0;3546;0;0;95;0;200;0;
20056;4913424;1055821824;18186240;1196408832;0;0;0;0;0;0;0;0;0;0;0;2334;0;0;95;0;200;0;
20057;8541298;1059803136;30019584;1208242176;0;0;0;0;0;0;0;0;0;0;0;3316;0;0;95;0;200;0;
20058;4722848;1063997440;30019584;1208242176;0;0;0;0;0;0;0;0;0;0;0;3166;0;0;95;0;200;0;
20059;8519297;1066094592;30019584;1208242176;0;0;0;0;0;0;0;0;0;0;0;8566;0;0;95;0;200;0;
20060;4193083;1066094592;30019584;1208242176;0;0;0;0;0;0;0;0;0;0;0;2996;0;0;95;0;200;0;
20061;7292155;1066094592;30019584;1208242176;0;0;0;0;0;0;0;0;0;0;0;2655;0;0;95;0;200;0;
20062;5425455;1066094592;30019584;1208242176;0;0;0;0;0;0;0;0;0;0;0;3106;0;0;95;0;200;0;
20063;6355739;1066094592;30019584;1208242176;0;0;0;0;0;0;0;0;0;0;0;3777;0;0;95;0;200;0;
20064;4563929;1054846976;18526208;1196748800;0;0;0;0;0;0;0;0;0;0;0;2986;0;0;95;0;200;0;
20065;7154216;1054846976;18526208;1196748800;0;0;0;0;0;0;0;0;0;0;0;3877;0;0;95;0;200;0;
20066;4106541;1054846976;18526208;1196748800;0;0;0;0;0;0;0;0;0;0;0;3676;0;0;95;0;200;0;
20067;9060081;1054846976;18526208;1196748800;0;0;0;0;0;0;0;0;0;0;0;4117;0;0;95;0;200;0;
20068;4877247;1054846976;18526208;1196748800;0;0;0;0;0;0;0;0;0;0;0;3577;0;0;95;0;200;0;
20069;9722112;1054846976;18526208;1196748800;0;0;0;0;0;0;0;0;0;0;0;4228;0;0;95;0;200;0;
20070;3317381;1054846976;18526208;1196748800;0;0;0;0;0;0;0;0;0;0;0;3206;0;0;95;0;200;0;
20071;8793141;1054846976;18526208;1196748800;0;0;0;0;0;0;0;0;0;0;0;4429;0;0;95;0;200;0;
20072;5411208;1054846976;18526208;1196748800;0;0;0;0;0;0;0;0;0;0;0;3216;0;0;95;0;200;0;
20073;8795505;1054846976;18526208;1196748800;0;0;0;0;0;0;0;0;0;0;0;2996;0;0;95;0;200;0;
20074;3617594;1054846976;18526208;1196748800;0;0;0;0;0;0;0;0;0;0;0;3486;0;0;95;0;200;0;
20075;7212255;1054846976;18526208;1196748800;0;0;0;0;0;0;0;0;0;0;0;3767;0;0;95;0;200;0;
20076;5347168;1054846976;18526208;1196748800;0;0;0;0;0;0;0;0;0;0;0;4549;0;0;95;0;200;0;
20077;9199933;1054846976;18526208;1196748800;0;0;0;0;0;0;0;0;0;0;0;5521;0;0;95;0;200;0;
20078;3660805;1054846976;18526208;1196748800;0;0;0;0;0;0;0;0;0;0;0;3487;0;0;95;0;200;0;
20079;9138919;1059844096;30019584;1208242176;0;0;0;0;0;0;0;0;0;0;0;4308;0;0;95;0;200;0;
20080;7967261;1061941248;30019584;1208242176;0;0;0;0;0;0;0;0;0;0;0;3617;0;0;95;0;200;0;
20081;7684802;1066135552;30019584;1208242176;0;0;0;0;0;0;0;0;0;0;0;3336;0;0;95;0;200;0;
20082;5578462;1066135552;30019584;1208242176;0;0;0;0;0;0;0;0;0;0;0;3226;0;0;95;0;200;0;
20083;6280528;1066135552;30019584;1208242176;0;0;0;0;0;0;0;0;0;0;0;3387;0;0;95;0;200;0;
20084;4438564;1066135552;30019584;1208242176;0;0;0;0;0;0;0;0;0;0;0;3897;0;0;95;0;200;0;
20085;7173363;1066135552;30019584;1208242176;0;0;0;0;0;0;0;0;0;0;0;3807;0;0;95;0;200;0;
20086;8809211;1055821824;18186240;1196408832;0;0;0;0;0;0;0;0;0;0;0;4008;0;0;95;0;200;0;
20087;7516296;1055821824;18186240;1196408832;0;0;0;0;0;0;0;0;0;0;0;2455;0;0;95;0;200;0;
20088;4046429;1055821824;18186240;1196408832;0;0;0;0;0;0;0;0;0;0;0;3887;0;0;95;0;200;0;
20089;7672880;1055821824;18186240;1196408832;0;0;0;0;0;0;0;0;0;0;0;4038;0;0;95;0;200;0;
20090;4130326;1055821824;18186240;1196408832;0;0;0;0;0;0;0;0;0;0;0;3597;0;0;95;0;200;0;
20091;8418407;1055821824;18186240;1196408832;0;0;0;0;0;0;0;0;0;0;0;3025;0;0;95;0;200;0;
20092;3523588;1055821824;18186240;1196408832;0;0;0;0;0;0;0;0;0;0;0;3216;0;0;95;0;200;0;
20093;5908791;1055821824;18186240;1196408832;0;0;0;0;0;0;0;0;0;0;0;3697;0;0;95;0;200;0;
20094;6742134;1055821824;18186240;1196408832;0;0;0;0;0;0;0;0;0;0;0;3957;0;0;95;0;200;0;
20095;6276601;1055821824;18186240;1196408832;0;0;0;0;0;0;0;0;0;0;0;2645;0;0;95;0;200;0;
20096;8503598;1055821824;18186240;1196408832;0;0;0;0;0;0;0;0;0;0;0;4469;0;0;95;0;200;0;
20097;7245458;1055821824;18186240;1196408832;0;0;0;0;0;0;0;0;0;0;0;2996;0;0;95;0;200;0;
20098;5854780;1055821824;18186240;1196408832;0;0;0;0;0;0;0;0;0;0;0;3857;0;0;95;0;200;0;
20099;6757603;1055821824;18186240;1196408832;0;0;0;0;0;0;0;0;0;0;0;3737;0;0;95;0;200;0;
20100;7412240;1055821824;18186240;1196408832;0;0;0;0;0;0;0;0;0;0;0;3236;0;0;95;0;200;0;
20101;6805663;1055821824;18186240;1196408832;0;0;0;0;0;0;0;0;0;0;0;3877;0;0;95;0;200;0;
20102;9116908;1055821824;18186240;1196408832;0;0;0;0;0;0;0;0;0;0;0;4739;0;0;95;0;200;0;
20103;7054019;1059803136;30019584;1208242176;0;0;0;0;0;0;0;0;0;0;0;2755;0;0;95;0;200;0;
20104;6169290;1063997440;30019584;1208242176;0;0;0;0;0;0;0;0;0;0;0;3076;0;0;95;0;200;0;
20105;6188375;1066356736;30019584;1208242176;0;0;0;0;0;0;0;0;0;0;0;3236;0;0;95;0;200;0;
20106;5866281;1066356736;30019584;1208242176;0;0;0;0;0;0;0;0;0;0;0;3316;0;0;95;0;200;0;
20107;6381047;1066356736;30019584;1208242176;0;0;0;0;0;0;0;0;0;0;0;2384;0;0;95;0;200;0;
20108;3613066;1066356736;30019584;1208242176;0;0;0;0;0;0;0;0;0;0;0;2856;0;0;95;0;200;0;
20109;7310069;1066356736;30019584;1208242176;0;0;0;0;0;0;0;0;0;0;0;4238;0;0;95;0;200;0;
20110;4585229;1054871552;18526208;1196748800;0;0;0;0;0;0;0;0;0;0;0;3577;0;0;95;0;200;0;
20111;8337316;1054871552;18526208;1196748800;0;0;0;0;0;0;0;0;0;0;0;2745;0;0;95;0;200;0;
20112;4756490;1054871552;18534400;1196756992;0;0;0;0;0;0;0;0;0;0;0;2695;0;0;95;0;200;0;
20113;9413083;1054871552;18534400;1196756992;0;0;0;0;0;0;0;0;0;0;0;3637;0;0;95;0;200;0;
20114;4859804;1054871552;18534400;1196756992;0;0;0;0;0;0;0;0;0;0;0;3828;0;0;95;0;200;0;
20115;7238916;1054871552;18534400;1196756992;0;0;0;0;0;0;0;0;0;0;0;3346;0;0;95;0;200;0;
20116;4423606;1054871552;18534400;1196756992;0;0;0;0;0;0;0;0;0;0;0;4459;0;0;95;0;200;0;
20117;7808614;1054871552;18534400;1196756992;0;0;0;0;0;0;0;0;0;0;0;3296;0;0;95;0;200;0;
20118;5828310;1054871552;18526208;1196748800;0;0;0;0;0;0;0;0;0;0;0;3216;0;0;95;0;200;0;
20119;7536134;1054871552;18526208;1196748800;0;0;0;0;0;0;0;0;0;0;0;2705;0;0;95;0;200;0;
20120;8057901;1054871552;18526208;1196748800;0;0;0;0;0;0;0;0;0;0;0;3967;0;0;95;0;200;0;
20121;8691540;1054871552;18526208;1196748800;0;0;0;0;0;0;0;0;0;0;0;3737;0;0;95;0;200;0;
20122;5222073;1054871552;18526208;1196748800;0;0;0;0;0;0;0;0;0;0;0;4098;0;0;95;0;200;0;
20123;7595174;1054871552;18526208;1196748800;0;0;0;0;0;0;0;0;0;0;0;4538;0;0;95;0;200;0;
20124;4161775;1054871552;18526208;1196748800;0;0;0;0;0;0;0;0;0;0;0;2845;0;0;95;0;200;0;
20125;7288168;1054871552;18526208;1196748800;0;0;0;0;0;0;0;0;0;0;0;3146;0;0;95;0;200;0;
20126;5925342;1054871552;18526208;1196748800;0;0;0;0;0;0;0;0;0;0;0;3146;0;0;95;0;200;0;
20127;11252483;1059868672;30019584;1208242176;0;0;0;0;0;0;0;0;0;0;0;3857;0;0;95;0;200;0;
20128;11644869;1061965824;30019584;1208242176;0;0;0;0;0;0;0;0;0;0;0;3606;0;0;95;0;200;0;
20129;8502185;1066160128;30019584;1208242176;0;0;0;0;0;0;0;0;0;0;0;3106;0;0;95;0;200;0;
20130;6186512;1066160128;30019584;1208242176;0;0;0;0;0;0;0;0;0;0;0;54062;0;0;95;0;200;0;
20131;8622280;1066160128;30019584;1208242176;0;0;0;0;0;0;0;0;0;0;0;3166;0;0;95;0;200;0;
20132;5378166;1066160128;30019584;1208242176;0;0;0;0;0;0;0;0;0;0;0;4017;0;0;95;0;200;0;
20133;5887601;1066160128;30019584;1208242176;0;0;0;0;0;0;0;0;0;0;0;4047;0;0;95;0;200;0;
20134;5807922;1055821824;18186240;1196408832;0;0;0;0;0;0;0;0;0;0;0;3747;0;0;95;0;200;0;
20135;7414205;1055821824;18186240;1196408832;0;0;0;0;0;0;0;0;0;0;0;2846;0;0;95;0;200;0;
20136;7264163;1055821824;18186240;1196408832;0;0;0;0;0;0;0;0;0;0;0;4488;0;0;95;0;200;0;
20137;6580421;1055821824;18186240;1196408832;0;0;0;0;0;0;0;0;0;0;0;2244;0;0;95;0;200;0;
20138;5149127;1055821824;18186240;1196408832;0;0;0;0;0;0;0;0;0;0;0;2965;0;0;95;0;200;0;
20139;7307404;1055821824;18186240;1196408832;0;0;0;0;0;0;0;0;0;0;0;4779;0;0;95;0;200;0;
20140;4283583;1055821824;18186240;1196408832;0;0;0;0;0;0;0;0;0;0;0;2925;0;0;95;0;200;0;
20141;6954021;1055821824;18186240;1196408832;0;0;0;0;0;0;0;0;0;0;0;3045;0;0;95;0;200;0;
20142;6232208;1055821824;18186240;1196408832;0;0;0;0;0;0;0;0;0;0;0;3006;0;0;95;0;200;0;
20143;8856509;1055821824;18186240;1196408832;0;0;0;0;0;0;0;0;0;0;0;3377;0;0;95;0;200;0;
20144;8172537;1055821824;18186240;1196408832;0;0;0;0;0;0;0;0;0;0;0;3847;0;0;95;0;200;0;
20145;10898699;1055821824;18186240;1196408832;0;0;0;0;0;0;0;0;0;0;0;3516;0;0;95;0;200;0;
20146;7533879;1055821824;18186240;1196408832;0;0;0;0;0;0;0;0;0;0;0;3537;0;0;95;0;200;0;
20147;7454289;1055821824;18186240;1196408832;0;0;0;0;0;0;0;0;0;0;0;3887;0;0;95;0;200;0;
20148;5547814;1055821824;18186240;1196408832;0;0;0;0;0;0;0;0;0;0;0;4579;0;0;95;0;200;0;
20149;8581944;1059803136;30019584;1208242176;0;0;0;0;0;0;0;0;0;0;0;3166;0;0;95;0;200;0;
20150;5901208;1063997440;30019584;1208242176;0;0;0;0;0;0;0;0;0;0;0;3196;0;0;95;0;200;0;
20151;8494190;1066356736;30019584;1208242176;0;0;0;0;0;0;0;0;0;0;0;4218;0;0;95;0;200;0;
20152;4670339;1066356736;30019584;1208242176;0;0;0;0;0;0;0;0;0;0;0;4278;0;0;95;0;200;0;
20153;5950359;1066356736;30019584;1208242176;0;0;0;0;0;0;0;0;0;0;0;2325;0;0;95;0;200;0;
20154;6386457;1066356736;30019584;1208242176;0;0;0;0;0;0;0;0;0;0;0;3327;0;0;95;0;200;0;
20155;7673902;1066356736;30019584;1208242176;0;0;0;0;0;0;0;0;0;0;0;3957;0;0;95;0;200;0;
20156;6402116;1054896128;18526208;1196748800;0;0;0;0;0;0;0;0;0;0;0;2976;0;0;95;0;200;0;
20157;7109493;1054896128;18526208;1196748800;0;0;0;0;0;0;0;0;0;0;0;3266;0;0;95;0;200;0;
20158;5531583;1054896128;18526208;1196748800;0;0;0;0;0;0;0;0;0;0;0;3577;0;0;95;0;200;0;
20159;8907294;1054896128;18526208;1196748800;0;0;0;0;0;0;0;0;0;0;0;4699;0;0;95;0;200;0;
20160;6139144;1054896128;18526208;1196748800;0;0;0;0;0;0;0;0;0;0;0;4238;0;0;95;0;200;0;
20161;8946778;1054896128;18526208;1196748800;0;0;0;0;0;0;0;0;0;0;0;3467;0;0;95;0;200;0;
20162;5494454;1054896128;18526208;1196748800;0;0;0;0;0;0;0;0;0;0;0;4158;0;0;95;0;200;0;
20163;8749409;1054896128;18526208;1196748800;0;0;0;0;0;0;0;0;0;0;0;4008;0;0;95;0;200;0;
20164;6395544;1054896128;18526208;1196748800;0;0;0;0;0;0;0;0;0;0;0;3376;0;0;95;0;200;0;
20165;8105240;1054896128;18526208;1196748800;0;0;0;0;0;0;0;0;0;0;0;3897;0;0;95;0;200;0;
20166;4658546;1054896128;18526208;1196748800;0;0;0;0;0;0;0;0;0;0;0;5169;0;0;95;0;200;0;
20167;7653563;1054896128;18526208;1196748800;0;0;0;0;0;0;0;0;0;0;0;4227;0;0;95;0;200;0;
20168;4181683;1054896128;18526208;1196748800;0;0;0;0;0;0;0;0;0;0;0;3898;0;0;95;0;200;0;
20169;7949207;1054896128;18526208;1196748800;0;0;0;0;0;0;0;0;0;0;0;3657;0;0;95;0;200;0;
20170;4880613;1054896128;18526208;1196748800;0;0;0;0;0;0;0;0;0;0;0;3226;0;0;95;0;200;0;
20171;7575587;1054896128;18526208;1196748800;0;0;0;0;0;0;0;0;0;0;0;4398;0;0;95;0;200;0;
20172;5227484;1054896128;18526208;1196748800;0;0;0;0;0;0;0;0;0;0;0;2995;0;0;95;0;200;0;
20173;10843876;1059893248;30019584;1208242176;0;0;0;0;0;0;0;0;0;0;0;114515;0;0;95;0;200;0;
20174;7771054;1061990400;30023680;1208246272;0;0;0;0;0;0;0;0;0;0;0;3557;0;0;95;0;200;0;
20175;9255237;1066184704;30023680;1208246272;0;0;0;0;0;0;0;0;0;0;0;4328;0;0;95;0;200;0;
20176;5591036;1066184704;30023680;1208246272;0;0;0;0;0;0;0;0;0;0;0;3927;0;0;95;0;200;0;
20177;8129976;1066184704;30023680;1208246272;0;0;0;0;0;0;0;0;0;0;0;4238;0;0;95;0;200;0;
20178;5604821;1066184704;30023680;1208246272;0;0;0;0;0;0;0;0;0;0;0;4468;0;0;95;0;200;0;
20179;8799502;1066184704;30023680;1208246272;0;0;0;0;0;0;0;0;0;0;0;3817;0;0;95;0;200;0;
20180;7706873;1055825920;18190336;1196412928;0;0;0;0;0;0;0;0;0;0;0;3566;0;0;95;0;200;0;
20181;8489782;1055825920;18190336;1196412928;0;0;0;0;0;0;0;0;0;0;0;3155;0;0;95;0;200;0;
20182;7017711;1055821824;18186240;1196408832;0;0;0;0;0;0;0;0;0;0;0;4108;0;0;95;0;200;0;
20183;7735437;1055821824;18186240;1196408832;0;0;0;0;0;0;0;0;0;0;0;3647;0;0;95;0;200;0;
20184;7092622;1055821824;18186240;1196408832;0;0;0;0;0;0;0;0;0;0;0;3246;0;0;95;0;200;0;
20185;8786779;1055821824;18186240;1196408832;0;0;0;0;0;0;0;0;0;0;0;3737;0;0;95;0;200;0;
20186;3791470;1055821824;18186240;1196408832;0;0;0;0;0;0;0;0;0;0;0;3807;0;0;95;0;200;0;
20187;7689140;1055821824;18186240;1196408832;0;0;0;0;0;0;0;0;0;0;0;4288;0;0;95;0;200;0;
20188;6299223;1055821824;18186240;1196408832;0;0;0;0;0;0;0;0;0;0;0;3877;0;0;95;0;200;0;
20189;7824895;1055821824;18186240;1196408832;0;0;0;0;0;0;0;0;0;0;0;2234;0;0;95;0;200;0;
20190;5884465;1055821824;18186240;1196408832;0;0;0;0;0;0;0;0;0;0;0;3477;0;0;95;0;200;0;
20191;6479532;1055821824;18186240;1196408832;0;0;0;0;0;0;0;0;0;0;0;3446;0;0;95;0;200;0;
20192;5009695;1055821824;18186240;1196408832;0;0;0;0;0;0;0;0;0;0;0;5700;0;0;95;0;200;0;
20193;6934384;1055821824;18186240;1196408832;0;0;0;0;0;0;0;0;0;0;0;3467;0;0;95;0;200;0;
20194;6356100;1055821824;18186240;1196408832;0;0;0;0;0;0;0;0;0;0;0;5761;0;0;95;0;200;0;
20195;7206575;1055821824;18186240;1196408832;0;0;0;0;0;0;0;0;0;0;0;2915;0;0;95;0;200;0;
20196;5907118;1055821824;18186240;1196408832;0;0;0;0;0;0;0;0;0;0;0;3366;0;0;95;0;200;0;
20197;7002853;1059803136;30019584;1208242176;0;0;0;0;0;0;0;0;0;0;0;4048;0;0;95;0;200;0;
20198;7226102;1063997440;30019584;1208242176;0;0;0;0;0;0;0;0;0;0;0;3497;0;0;95;0;200;0;
20199;7739034;1066356736;30019584;1208242176;0;0;0;0;0;0;0;0;0;0;0;5099;0;0;95;0;200;0;
20200;6766099;1066356736;30019584;1208242176;0;0;0;0;0;0;0;0;0;0;0;4389;0;0;95;0;200;0;
20201;9448520;1066356736;30019584;1208242176;0;0;0;0;0;0;0;0;0;0;0;4238;0;0;95;0;200;0;
20202;7446535;1066356736;30019584;1208242176;0;0;0;0;0;0;0;0;0;0;0;3867;0;0;95;0;200;0;
20203;7942665;1066356736;30019584;1208242176;0;0;0;0;0;0;0;0;0;0;0;4068;0;0;95;0;200;0;
20204;5383667;1054920704;18526208;1196748800;0;0;0;0;0;0;0;0;0;0;0;2525;0;0;95;0;200;0;
20205;7427269;1054920704;18526208;1196748800;0;0;0;0;0;0;0;0;0;0;0;187522;0;0;95;0;200;0;
20206;5352739;1054920704;18526208;1196748800;0;0;0;0;0;0;0;0;0;0;0;2695;0;0;95;0;200;0;
20207;5331067;1054920704;18526208;1196748800;0;0;0;0;0;0;0;0;0;0;0;2344;0;0;95;0;200;0;
20208;8405072;1054920704;18526208;1196748800;0;0;0;0;0;0;0;0;0;0;0;3366;0;0;95;0;200;0;
20209;6643800;1054920704;18526208;1196748800;0;0;0;0;0;0;0;0;0;0;0;3416;0;0;95;0;200;0;
20210;5315118;1054920704;18526208;1196748800;0;0;0;0;0;0;0;0;0;0;0;4088;0;0;95;0;200;0;
20211;6296038;1054920704;18526208;1196748800;0;0;0;0;0;0;0;0;0;0;0;3336;0;0;95;0;200;0;
20212;7249065;1054920704;18526208;1196748800;0;0;0;0;0;0;0;0;0;0;0;3466;0;0;95;0;200;0;
20213;7039802;1054920704;18526208;1196748800;0;0;0;0;0;0;0;0;0;0;0;3987;0;0;95;0;200;0;
20214;6975432;1054920704;18526208;1196748800;0;0;0;0;0;0;0;0;0;0;0;3476;0;0;95;0;200;0;
20215;9077935;1054920704;18526208;1196748800;0;0;0;0;0;0;0;0;0;0;0;3346;0;0;95;0;200;0;
20216;6070294;1054920704;18526208;1196748800;0;0;0;0;0;0;0;0;0;0;0;3937;0;0;95;0;200;0;
20217;7502560;1054920704;18526208;1196748800;0;0;0;0;0;0;0;0;0;0;0;4208;0;0;95;0;200;0;
20218;4794822;1054920704;18526208;1196748800;0;0;0;0;0;0;0;0;0;0;0;3597;0;0;95;0;200;0;
20219;12078842;1059917824;30019584;1208242176;0;0;0;0;0;0;0;0;0;0;0;136947;0;0;95;0;200;0;
20220;5968884;1062014976;30023680;1208246272;0;0;0;0;0;0;0;0;0;0;0;3176;0;0;95;0;200;0;
20221;11803737;1066209280;30023680;1208246272;0;0;0;0;0;0;0;0;0;0;0;2986;0;0;95;0;200;0;
20222;4142278;1066209280;30023680;1208246272;0;0;0;0;0;0;0;0;0;0;0;3086;0;0;95;0;200;0;
20223;8657215;1066209280;30023680;1208246272;0;0;0;0;0;0;0;0;0;0;0;3778;0;0;95;0;200;0;
20224;7319326;1066209280;30023680;1208246272;0;0;0;0;0;0;0;0;0;0;0;4739;0;0;95;0;200;0;
20225;9413774;1066209280;30023680;1208246272;0;0;0;0;0;0;0;0;0;0;0;3156;0;0;95;0;200;0;
20226;6904859;1055825920;18190336;1196412928;0;0;0;0;0;0;0;0;0;0;0;13475;0;0;95;0;200;0;
20227;9716892;1055825920;18190336;1196412928;0;0;0;0;0;0;0;0;0;0;0;3717;0;0;95;0;200;0;
20228;6018146;1055821824;18186240;1196408832;0;0;0;0;0;0;0;0;0;0;0;3156;0;0;95;0;200;0;
20229;8518295;1055821824;18186240;1196408832;0;0;0;0;0;0;0;0;0;0;0;3997;0;0;95;0;200;0;
20230;7893674;1055821824;18186240;1196408832;0;0;0;0;0;0;0;0;0;0;0;3507;0;0;95;0;200;0;
20231;8607722;1055821824;18186240;1196408832;0;0;0;0;0;0;0;0;0;0;0;3797;0;0;95;0;200;0;
20232;7173213;1055821824;18186240;1196408832;0;0;0;0;0;0;0;0;0;0;0;3877;0;0;95;0;200;0;
20233;10894551;1055821824;18186240;1196408832;0;0;0;0;0;0;0;0;0;0;0;3947;0;0;95;0;200;0;
20234;4334660;1055821824;18186240;1196408832;0;0;0;0;0;0;0;0;0;0;0;3697;0;0;95;0;200;0;
20235;7487311;1055821824;18186240;1196408832;0;0;0;0;0;0;0;0;0;0;0;4088;0;0;95;0;200;0;
20236;4302419;1055821824;18186240;1196408832;0;0;0;0;0;0;0;0;0;0;0;4028;0;0;95;0;200;0;
20237;7426036;1055821824;18186240;1196408832;0;0;0;0;0;0;0;0;0;0;0;2826;0;0;95;0;200;0;
20238;7359382;1055821824;18186240;1196408832;0;0;0;0;0;0;0;0;0;0;0;4729;0;0;95;0;200;0;
20239;7358560;1055821824;18186240;1196408832;0;0;0;0;0;0;0;0;0;0;0;3417;0;0;95;0;200;0;
20240;5668050;1055821824;18186240;1196408832;0;0;0;0;0;0;0;0;0;0;0;4077;0;0;95;0;200;0;
20241;10619736;1055821824;18186240;1196408832;0;0;0;0;0;0;0;0;0;0;0;4348;0;0;95;0;200;0;
20242;4755238;1055821824;18186240;1196408832;0;0;0;0;0;0;0;0;0;0;0;4178;0;0;95;0;200;0;
20243;11695513;1059803136;30019584;1208242176;0;0;0;0;0;0;0;0;0;0;0;3667;0;0;95;0;200;0;
20244;7024504;1063997440;30019584;1208242176;0;0;0;0;0;0;0;0;0;0;0;3636;0;0;95;0;200;0;
20245;9412672;1066356736;30019584;1208242176;0;0;0;0;0;0;0;0;0;0;0;3897;0;0;95;0;200;0;
20246;5118599;1066356736;30019584;1208242176;0;0;0;0;0;0;0;0;0;0;0;3647;0;0;95;0;200;0;
20247;6658116;1066356736;30019584;1208242176;0;0;0;0;0;0;0;0;0;0;0;4278;0;0;95;0;200;0;
20248;6610247;1066356736;30019584;1208242176;0;0;0;0;0;0;0;0;0;0;0;4549;0;0;95;0;200;0;
20249;7596517;1066356736;30019584;1208242176;0;0;0;0;0;0;0;0;0;0;0;2725;0;0;95;0;200;0;
20250;9974106;1054945280;18526208;1196748800;0;0;0;0;0;0;0;0;0;0;0;4158;0;0;95;0;200;0;
20251;8365649;1054945280;18526208;1196748800;0;0;0;0;0;0;0;0;0;0;0;4488;0;0;95;0;200;0;
20252;8492457;1054945280;18534400;1196756992;0;0;0;0;0;0;0;0;0;0;0;3596;0;0;95;0;200;0;
20253;9091220;1059942400;30027776;1208250368;0;0;0;0;0;0;0;0;0;0;0;3316;0;0;95;0;200;0;
20254;4781317;1062039552;30027776;1208250368;0;0;0;0;0;0;0;0;0;0;0;3696;0;0;95;0;200;0;
20255;8957739;1066233856;30027776;1208250368;0;0;0;0;0;0;0;0;0;0;0;3747;0;0;95;0;200;0;
20256;4570432;1066233856;30027776;1208250368;0;0;0;0;0;0;0;0;0;0;0;3357;0;0;95;0;200;0;
20257;8390796;1066233856;30027776;1208250368;0;0;0;0;0;0;0;0;0;0;0;3957;0;0;95;0;200;0;
20258;6920439;1066438656;30019584;1208242176;0;0;0;0;0;0;0;0;0;0;0;4238;0;0;95;0;200;0;
20259;7761596;1066438656;30019584;1208242176;0;0;0;0;0;0;0;0;0;0;0;3607;0;0;95;0;200;0;
20260;5917247;1055821824;18186240;1196408832;0;0;0;0;0;0;0;0;0;0;0;4258;0;0;95;0;200;0;
20261;8328730;1055821824;18186240;1196408832;0;0;0;0;0;0;0;0;0;0;0;3436;0;0;95;0;200;0;
20262;5811669;1055821824;18186240;1196408832;0;0;0;0;0;0;0;0;0;0;0;3737;0;0;95;0;200;0;
20263;8648229;1055821824;18186240;1196408832;0;0;0;0;0;0;0;0;0;0;0;3978;0;0;95;0;200;0;
20264;4125948;1055821824;18186240;1196408832;0;0;0;0;0;0;0;0;0;0;0;3336;0;0;95;0;200;0;
20265;14242209;1059803136;30019584;1208242176;0;0;0;0;0;0;0;0;0;0;0;3216;0;0;95;0;200;0;
20266;5486089;1063997440;30019584;1208242176;0;0;0;0;0;0;0;0;0;0;0;4318;0;0;95;0;200;0;
20267;6956847;1066356736;30019584;1208242176;0;0;0;0;0;0;0;0;0;0;0;2655;0;0;95;0;200;0;
20268;6731694;1066356736;30019584;1208242176;0;0;0;0;0;0;0;0;0;0;0;3536;0;0;95;0;200;0;
20269;10413590;1066356736;30019584;1208242176;0;0;0;0;0;0;0;0;0;0;0;4398;0;0;95;0;200;0;
20270;6279897;1066356736;30019584;1208242176;0;0;0;0;0;0;0;0;0;0;0;3797;0;0;95;0;200;0;
20271;5426477;1066356736;30019584;1208242176;0;0;0;0;0;0;0;0;0;0;0;3397;0;0;95;0;200;0;
20272;5507939;1054957568;18526208;1196748800;0;0;0;0;0;0;0;0;0;0;0;4108;0;0;95;0;200;0;
20273;9052537;1054957568;18526208;1196748800;0;0;0;0;0;0;0;0;0;0;0;4007;0;0;95;0;200;0;
20274;3361274;1054957568;18526208;1196748800;0;0;0;0;0;0;0;0;0;0;0;3587;0;0;95;0;200;0;
20275;7651569;1054957568;18526208;1196748800;0;0;0;0;0;0;0;0;0;0;0;3757;0;0;95;0;200;0;
20276;5468746;1054957568;18526208;1196748800;0;0;0;0;0;0;0;0;0;0;0;2595;0;0;95;0;200;0;
20277;7250337;1054957568;18526208;1196748800;0;0;0;0;0;0;0;0;0;0;0;4028;0;0;95;0;200;0;
20278;5521094;1054957568;18526208;1196748800;0;0;0;0;0;0;0;0;0;0;0;3566;0;0;95;0;200;0;
20279;6610096;1054957568;18526208;1196748800;0;0;0;0;0;0;0;0;0;0;0;2645;0;0;95;0;200;0;
20280;5954978;1054957568;18526208;1196748800;0;0;0;0;0;0;0;0;0;0;0;3347;0;0;95;0;200;0;
20281;6699053;1054957568;18526208;1196748800;0;0;0;0;0;0;0;0;0;0;0;3056;0;0;95;0;200;0;
20282;6275138;1054957568;18526208;1196748800;0;0;0;0;0;0;0;0;0;0;0;3928;0;0;95;0;200;0;
20283;8712018;1054957568;18526208;1196748800;0;0;0;0;0;0;0;0;0;0;0;3687;0;0;95;0;200;0;
20284;6082897;1054957568;18526208;1196748800;0;0;0;0;0;0;0;0;0;0;0;4038;0;0;95;0;200;0;
20285;7222895;1054957568;18526208;1196748800;0;0;0;0;0;0;0;0;0;0;0;10530;0;0;95;0;200;0;
20286;6203804;1054957568;18526208;1196748800;0;0;0;0;0;0;0;0;0;0;0;4168;0;0;95;0;200;0;
20287;7833712;1054957568;18526208;1196748800;0;0;0;0;0;0;0;0;0;0;0;3908;0;0;95;0;200;0;
20288;7317944;1054957568;18526208;1196748800;0;0;0;0;0;0;0;0;0;0;0;4649;0;0;95;0;200;0;
20289;7629178;1059954688;30019584;1208242176;0;0;0;0;0;0;0;0;0;0;0;3126;0;0;95;0;200;0;
20290;7548165;1062051840;30019584;1208242176;0;0;0;0;0;0;0;0;0;0;0;3256;0;0;95;0;200;0;
20291;8562548;1066246144;30019584;1208242176;0;0;0;0;0;0;0;0;0;0;0;3056;0;0;95;0;200;0;
20292;9218048;1066246144;30019584;1208242176;0;0;0;0;0;0;0;0;0;0;0;3707;0;0;95;0;200;0;
20293;5914071;1066246144;30019584;1208242176;0;0;0;0;0;0;0;0;0;0;0;3016;0;0;95;0;200;0;
20294;9702035;1066246144;30019584;1208242176;0;0;0;0;0;0;0;0;0;0;0;3036;0;0;95;0;200;0;
20295;8084090;1066246144;30019584;1208242176;0;0;0;0;0;0;0;0;0;0;0;2575;0;0;95;0;200;0;
20296;8359367;1055821824;18186240;1196408832;0;0;0;0;0;0;0;0;0;0;0;4138;0;0;95;0;200;0;
20297;7772196;1055821824;18186240;1196408832;0;0;0;0;0;0;0;0;0;0;0;4018;0;0;95;0;200;0;
20298;6751282;1055821824;18186240;1196408832;0;0;0;0;0;0;0;0;0;0;0;3817;0;0;95;0;200;0;
20299;8704965;1055821824;18186240;1196408832;0;0;0;0;0;0;0;0;0;0;0;3867;0;0;95;0;200;0;
20300;4532991;1055821824;18186240;1196408832;0;0;0;0;0;0;0;0;0;0;0;3997;0;0;95;0;200;0;
20301;7656459;1055821824;18186240;1196408832;0;0;0;0;0;0;0;0;0;0;0;4368;0;0;95;0;200;0;
20302;6313851;1055821824;18186240;1196408832;0;0;0;0;0;0;0;0;0;0;0;3818;0;0;95;0;200;0;
20303;6983056;1055821824;18186240;1196408832;0;0;0;0;0;0;0;0;0;0;0;3056;0;0;95;0;200;0;
20304;5152653;1055821824;18186240;1196408832;0;0;0;0;0;0;0;0;0;0;0;3356;0;0;95;0;200;0;
20305;8408750;1055821824;18186240;1196408832;0;0;0;0;0;0;0;0;0;0;0;4148;0;0;95;0;200;0;
20306;5033740;1055821824;18186240;1196408832;0;0;0;0;0;0;0;0;0;0;0;3737;0;0;95;0;200;0;
20307;7569836;1055821824;18186240;1196408832;0;0;0;0;0;0;0;0;0;0;0;4789;0;0;95;0;200;0;
20308;4566033;1055821824;18186240;1196408832;0;0;0;0;0;0;0;0;0;0;0;3957;0;0;95;0;200;0;
20309;8833627;1055821824;18186240;1196408832;0;0;0;0;0;0;0;0;0;0;0;4228;0;0;95;0;200;0;
20310;3987649;1055821824;18186240;1196408832;0;0;0;0;0;0;0;0;0;0;0;3567;0;0;95;0;200;0;
20311;6624053;1055821824;18186240;1196408832;0;0;0;0;0;0;0;0;0;0;0;4228;0;0;95;0;200;0;
20312;7202217;1055821824;18186240;1196408832;0;0;0;0;0;0;0;0;0;0;0;3055;0;0;95;0;200;0;
20313;6955785;1059803136;30019584;1208242176;0;0;0;0;0;0;0;0;0;0;0;2615;0;0;95;0;200;0;
20314;7864599;1063997440;30019584;1208242176;0;0;0;0;0;0;0;0;0;0;0;3677;0;0;95;0;200;0;
20315;7716271;1066356736;30019584;1208242176;0;0;0;0;0;0;0;0;0;0;0;3106;0;0;95;0;200;0;
20316;6648969;1066356736;30019584;1208242176;0;0;0;0;0;0;0;0;0;0;0;3397;0;0;95;0;200;0;
20317;8129926;1066356736;30019584;1208242176;0;0;0;0;0;0;0;0;0;0;0;3126;0;0;95;0;200;0;
20318;6378141;1066356736;30019584;1208242176;0;0;0;0;0;0;0;0;0;0;0;2945;0;0;95;0;200;0;
20319;6941809;1066356736;30019584;1208242176;0;0;0;0;0;0;0;0;0;0;0;3467;0;0;95;0;200;0;
20320;5917447;1054982144;18526208;1196748800;0;0;0;0;0;0;0;0;0;0;0;2875;0;0;95;0;200;0;
20321;7001941;1054982144;18526208;1196748800;0;0;0;0;0;0;0;0;0;0;0;2785;0;0;95;0;200;0;
20322;6093497;1054982144;18526208;1196748800;0;0;0;0;0;0;0;0;0;0;0;3116;0;0;95;0;200;0;
20323;7058508;1054982144;18526208;1196748800;0;0;0;0;0;0;0;0;0;0;0;4248;0;0;95;0;200;0;
20324;4995999;1054982144;18526208;1196748800;0;0;0;0;0;0;0;0;0;0;0;4849;0;0;95;0;200;0;
20325;8709023;1054982144;18526208;1196748800;0;0;0;0;0;0;0;0;0;0;0;106920;0;0;95;0;200;0;
20326;7420817;1054982144;18526208;1196748800;0;0;0;0;0;0;0;0;0;0;0;3947;0;0;95;0;200;0;
20327;8931419;1054982144;18526208;1196748800;0;0;0;0;0;0;0;0;0;0;0;3707;0;0;95;0;200;0;
20328;5272578;1054982144;18526208;1196748800;0;0;0;0;0;0;0;0;0;0;0;4579;0;0;95;0;200;0;
20329;9442017;1054982144;18526208;1196748800;0;0;0;0;0;0;0;0;0;0;0;4308;0;0;95;0;200;0;
20330;5647421;1054982144;18526208;1196748800;0;0;0;0;0;0;0;0;0;0;0;4088;0;0;95;0;200;0;
20331;8321666;1054982144;18526208;1196748800;0;0;0;0;0;0;0;0;0;0;0;3066;0;0;95;0;200;0;
20332;4415831;1054982144;18526208;1196748800;0;0;0;0;0;0;0;0;0;0;0;3657;0;0;95;0;200;0;
20333;8048814;1054982144;18526208;1196748800;0;0;0;0;0;0;0;0;0;0;0;4709;0;0;95;0;200;0;
20334;5692054;1054982144;18526208;1196748800;0;0;0;0;0;0;0;0;0;0;0;3847;0;0;95;0;200;0;
20335;8444727;1059979264;30019584;1208242176;0;0;0;0;0;0;0;0;0;0;0;4198;0;0;95;0;200;0;
20336;4531238;1062076416;30019584;1208242176;0;0;0;0;0;0;0;0;0;0;0;3296;0;0;95;0;200;0;
20337;9349625;1066270720;30019584;1208242176;0;0;0;0;0;0;0;0;0;0;0;4699;0;0;95;0;200;0;
20338;5314116;1066270720;30019584;1208242176;0;0;0;0;0;0;0;0;0;0;0;2935;0;0;95;0;200;0;
20339;9451846;1066270720;30019584;1208242176;0;0;0;0;0;0;0;0;0;0;0;3116;0;0;95;0;200;0;
20340;7906838;1066270720;30019584;1208242176;0;0;0;0;0;0;0;0;0;0;0;3357;0;0;95;0;200;0;
20341;6698773;1066270720;30019584;1208242176;0;0;0;0;0;0;0;0;0;0;0;3226;0;0;95;0;200;0;
20342;8444577;1055821824;18186240;1196408832;0;0;0;0;0;0;0;0;0;0;0;3466;0;0;95;0;200;0;
20343;6444656;1055821824;18186240;1196408832;0;0;0;0;0;0;0;0;0;0;0;3286;0;0;95;0;200;0;
20344;7895487;1055821824;18186240;1196408832;0;0;0;0;0;0;0;0;0;0;0;4298;0;0;95;0;200;0;
20345;6563529;1055821824;18186240;1196408832;0;0;0;0;0;0;0;0;0;0;0;2976;0;0;95;0;200;0;
20346;7577260;1055821824;18186240;1196408832;0;0;0;0;0;0;0;0;0;0;0;3707;0;0;95;0;200;0;
20347;6720293;1055821824;18186240;1196408832;0;0;0;0;0;0;0;0;0;0;0;3075;0;0;95;0;200;0;
20348;5512468;1055821824;18186240;1196408832;0;0;0;0;0;0;0;0;0;0;0;3306;0;0;95;0;200;0;
20349;7237793;1055821824;18186240;1196408832;0;0;0;0;0;0;0;0;0;0;0;2465;0;0;95;0;200;0;
20350;5692967;1055821824;18186240;1196408832;0;0;0;0;0;0;0;0;0;0;0;3497;0;0;95;0;200;0;
20351;5966279;1055821824;18186240;1196408832;0;0;0;0;0;0;0;0;0;0;0;4228;0;0;95;0;200;0;
20352;6467158;1055821824;18186240;1196408832;0;0;0;0;0;0;0;0;0;0;0;4589;0;0;95;0;200;0;
20353;6505650;1055821824;18186240;1196408832;0;0;0;0;0;0;0;0;0;0;0;2715;0;0;95;0;200;0;
20354;3759361;1055821824;18186240;1196408832;0;0;0;0;0;0;0;0;0;0;0;4057;0;0;95;0;200;0;
20355;7699570;1055821824;18186240;1196408832;0;0;0;0;0;0;0;0;0;0;0;4428;0;0;95;0;200;0;
20356;4990028;1055821824;18186240;1196408832;0;0;0;0;0;0;0;0;0;0;0;3727;0;0;95;0;200;0;
20357;7851515;1055821824;18186240;1196408832;0;0;0;0;0;0;0;0;0;0;0;3667;0;0;95;0;200;0;
20358;6733197;1055821824;18186240;1196408832;0;0;0;0;0;0;0;0;0;0;0;3777;0;0;95;0;200;0;
20359;9445584;1059803136;30019584;1208242176;0;0;0;0;0;0;0;0;0;0;0;7063;0;0;95;0;200;0;
20360;6020952;1063997440;30019584;1208242176;0;0;0;0;0;0;0;0;0;0;0;4028;0;0;95;0;200;0;
20361;8101143;1066356736;30019584;1208242176;0;0;0;0;0;0;0;0;0;0;0;2976;0;0;95;0;200;0;
20362;6615316;1066356736;30019584;1208242176;0;0;0;0;0;0;0;0;0;0;0;3646;0;0;95;0;200;0;
20363;5893513;1066356736;30019584;1208242176;0;0;0;0;0;0;0;0;0;0;0;2685;0;0;95;0;200;0;
20364;8242528;1066356736;30019584;1208242176;0;0;0;0;0;0;0;0;0;0;0;2996;0;0;95;0;200;0;
20365;5575637;1066356736;30019584;1208242176;0;0;0;0;0;0;0;0;0;0;0;3617;0;0;95;0;200;0;
20366;7239156;1055006720;18526208;1196748800;0;0;0;0;0;0;0;0;0;0;0;3527;0;0;95;0;200;0;
20367;7544559;1055006720;18526208;1196748800;0;0;0;0;0;0;0;0;0;0;0;3457;0;0;95;0;200;0;
20368;5198188;1055006720;18526208;1196748800;0;0;0;0;0;0;0;0;0;0;0;3807;0;0;95;0;200;0;
20369;7552905;1055006720;18526208;1196748800;0;0;0;0;0;0;0;0;0;0;0;3055;0;0;95;0;200;0;
20370;4788139;1055006720;18526208;1196748800;0;0;0;0;0;0;0;0;0;0;0;3877;0;0;95;0;200;0;
20371;7852947;1055006720;18526208;1196748800;0;0;0;0;0;0;0;0;0;0;0;3076;0;0;95;0;200;0;
20372;4591000;1055006720;18526208;1196748800;0;0;0;0;0;0;0;0;0;0;0;4669;0;0;95;0;200;0;
20373;6696358;1055006720;18526208;1196748800;0;0;0;0;0;0;0;0;0;0;0;2946;0;0;95;0;200;0;
20374;6789903;1055006720;18526208;1196748800;0;0;0;0;0;0;0;0;0;0;0;3517;0;0;95;0;200;0;
20375;8969090;1055006720;18526208;1196748800;0;0;0;0;0;0;0;0;0;0;0;4398;0;0;95;0;200;0;
20376;5243544;1055006720;18526208;1196748800;0;0;0;0;0;0;0;0;0;0;0;3246;0;0;95;0;200;0;
20377;8929085;1055006720;18526208;1196748800;0;0;0;0;0;0;0;0;0;0;0;3156;0;0;95;0;200;0;
20378;5511646;1055006720;18526208;1196748800;0;0;0;0;0;0;0;0;0;0;0;3547;0;0;95;0;200;0;
20379;7802643;1055006720;18526208;1196748800;0;0;0;0;0;0;0;0;0;0;0;4628;0;0;95;0;200;0;
20380;5035112;1055006720;18526208;1196748800;0;0;0;0;0;0;0;0;0;0;0;3597;0;0;95;0;200;0;
20381;7379499;1055006720;18526208;1196748800;0;0;0;0;0;0;0;0;0;0;0;3086;0;0;95;0;200;0;
20382;4264287;1055006720;18526208;1196748800;0;0;0;0;0;0;0;0;0;0;0;3115;0;0;95;0;200;0;
20383;8153611;1060003840;30019584;1208242176;0;0;0;0;0;0;0;0;0;0;0;3216;0;0;95;0;200;0;
20384;5222173;1062100992;30019584;1208242176;0;0;0;0;0;0;0;0;0;0;0;2675;0;0;95;0;200;0;
20385;9077834;1066295296;30019584;1208242176;0;0;0;0;0;0;0;0;0;0;0;3436;0;0;95;0;200;0;
20386;5081831;1066295296;30019584;1208242176;0;0;0;0;0;0;0;0;0;0;0;2554;0;0;95;0;200;0;
20387;8169451;1066295296;30019584;1208242176;0;0;0;0;0;0;0;0;0;0;0;3967;0;0;95;0;200;0;
20388;4596170;1066295296;30019584;1208242176;0;0;0;0;0;0;0;0;0;0;0;3757;0;0;95;0;200;0;
20389;8004552;1066295296;30019584;1208242176;0;0;0;0;0;0;0;0;0;0;0;4468;0;0;95;0;200;0;
20390;5426727;1055821824;18186240;1196408832;0;0;0;0;0;0;0;0;0;0;0;4458;0;0;95;0;200;0;
20391;6903617;1055821824;18186240;1196408832;0;0;0;0;0;0;0;0;0;0;0;2404;0;0;95;0;200;0;
20392;5584633;1055821824;18186240;1196408832;0;0;0;0;0;0;0;0;0;0;0;3006;0;0;95;0;200;0;
20393;7601246;1055821824;18186240;1196408832;0;0;0;0;0;0;0;0;0;0;0;3577;0;0;95;0;200;0;
20394;6347755;1055821824;18186240;1196408832;0;0;0;0;0;0;0;0;0;0;0;4629;0;0;95;0;200;0;
20395;7488935;1055821824;18186240;1196408832;0;0;0;0;0;0;0;0;0;0;0;3226;0;0;95;0;200;0;
20396;6722777;1055821824;18186240;1196408832;0;0;0;0;0;0;0;0;0;0;0;3436;0;0;95;0;200;0;
20397;6413718;1055821824;18186240;1196408832;0;0;0;0;0;0;0;0;0;0;0;3426;0;0;95;0;200;0;
20398;5058517;1055821824;18186240;1196408832;0;0;0;0;0;0;0;0;0;0;0;3727;0;0;95;0;200;0;
20399;8059825;1055821824;18186240;1196408832;0;0;0;0;0;0;0;0;0;0;0;2886;0;0;95;0;200;0;
20400;6062890;1055821824;18186240;1196408832;0;0;0;0;0;0;0;0;0;0;0;3657;0;0;95;0;200;0;
20401;11612438;1055821824;18186240;1196408832;0;0;0;0;0;0;0;0;0;0;0;4258;0;0;95;0;200;0;
20402;5794888;1055821824;18186240;1196408832;0;0;0;0;0;0;0;0;0;0;0;2945;0;0;95;0;200;0;
20403;8324552;1055821824;18186240;1196408832;0;0;0;0;0;0;0;0;0;0;0;3356;0;0;95;0;200;0;
20404;4370676;1055821824;18186240;1196408832;0;0;0;0;0;0;0;0;0;0;0;4088;0;0;95;0;200;0;
20405;9351378;1059803136;30019584;1208242176;0;0;0;0;0;0;0;0;0;0;0;5420;0;0;95;0;200;0;
20406;4157157;1063997440;30019584;1208242176;0;0;0;0;0;0;0;0;0;0;0;2615;0;0;95;0;200;0;
20407;7541954;1066356736;30019584;1208242176;0;0;0;0;0;0;0;0;0;0;0;2034;0;0;95;0;200;0;
20408;6637487;1066356736;30019584;1208242176;0;0;0;0;0;0;0;0;0;0;0;2965;0;0;95;0;200;0;
20409;8937281;1066356736;30019584;1208242176;0;0;0;0;0;0;0;0;0;0;0;1954;0;0;95;0;200;0;
20410;14001097;1066356736;30019584;1208242176;0;0;0;0;0;0;0;0;0;0;0;3026;0;0;95;0;200;0;
20411;7513480;1066356736;30019584;1208242176;0;0;0;0;0;0;0;0;0;0;0;3316;0;0;95;0;200;0;
20412;6310855;1055031296;18526208;1196748800;0;0;0;0;0;0;0;0;0;0;0;3877;0;0;95;0;200;0;
20413;8074983;1055031296;18526208;1196748800;0;0;0;0;0;0;0;0;0;0;0;4890;0;0;95;0;200;0;
20414;6086945;1055031296;18526208;1196748800;0;0;0;0;0;0;0;0;0;0;0;4408;0;0;95;0;200;0;
20415;7716441;1055031296;18526208;1196748800;0;0;0;0;0;0;0;0;0;0;0;4789;0;0;95;0;200;0;
20416;4841399;1055031296;18526208;1196748800;0;0;0;0;0;0;0;0;0;0;0;3827;0;0;95;0;200;0;
20417;9026508;1055031296;18526208;1196748800;0;0;0;0;0;0;0;0;0;0;0;3857;0;0;95;0;200;0;
20418;5879687;1055031296;18526208;1196748800;0;0;0;0;0;0;0;0;0;0;0;2735;0;0;95;0;200;0;
20419;9383789;1055031296;18526208;1196748800;0;0;0;0;0;0;0;0;0;0;0;3717;0;0;95;0;200;0;
20420;7924311;1055031296;18526208;1196748800;0;0;0;0;0;0;0;0;0;0;0;3296;0;0;95;0;200;0;
20421;7476341;1055031296;18526208;1196748800;0;0;0;0;0;0;0;0;0;0;0;3306;0;0;95;0;200;0;
20422;8855357;1055031296;18526208;1196748800;0;0;0;0;0;0;0;0;0;0;0;3787;0;0;95;0;200;0;
20423;6898337;1055031296;18526208;1196748800;0;0;0;0;0;0;0;0;0;0;0;3586;0;0;95;0;200;0;
20424;6243189;1055031296;18526208;1196748800;0;0;0;0;0;0;0;0;0;0;0;3787;0;0;95;0;200;0;
20425;7204922;1055031296;18526208;1196748800;0;0;0;0;0;0;0;0;0;0;0;3096;0;0;95;0;200;0;
20426;6192223;1055031296;18526208;1196748800;0;0;0;0;0;0;0;0;0;0;0;4007;0;0;95;0;200;0;
20427;8941168;1055031296;18526208;1196748800;0;0;0;0;0;0;0;0;0;0;0;3687;0;0;95;0;200;0;
20428;5138597;1055031296;18526208;1196748800;0;0;0;0;0;0;0;0;0;0;0;2675;0;0;95;0;200;0;
20429;8271733;1060028416;30019584;1208242176;0;0;0;0;0;0;0;0;0;0;0;3196;0;0;95;0;200;0;
20430;5599912;1062125568;30019584;1208242176;0;0;0;0;0;0;0;0;0;0;0;3366;0;0;95;0;200;0;
20431;8326496;1066319872;30019584;1208242176;0;0;0;0;0;0;0;0;0;0;0;3146;0;0;95;0;200;0;
20432;4448794;1066319872;30019584;1208242176;0;0;0;0;0;0;0;0;0;0;0;3817;0;0;95;0;200;0;
20433;10234754;1066319872;30019584;1208242176;0;0;0;0;0;0;0;0;0;0;0;3527;0;0;95;0;200;0;
20434;4703811;1066319872;30019584;1208242176;0;0;0;0;0;0;0;0;0;0;0;2855;0;0;95;0;200;0;
20435;6524125;1066319872;30019584;1208242176;0;0;0;0;0;0;0;0;0;0;0;4218;0;0;95;0;200;0;
20436;6255972;1055821824;18186240;1196408832;0;0;0;0;0;0;0;0;0;0;0;3546;0;0;95;0;200;0;
20437;7535442;1055821824;18186240;1196408832;0;0;0;0;0;0;0;0;0;0;0;2895;0;0;95;0;200;0;
20438;4367010;1055821824;18186240;1196408832;0;0;0;0;0;0;0;0;0;0;0;3687;0;0;95;0;200;0;
20439;8157519;1055821824;18186240;1196408832;0;0;0;0;0;0;0;0;0;0;0;4479;0;0;95;0;200;0;
20440;5591697;1055821824;18186240;1196408832;0;0;0;0;0;0;0;0;0;0;0;4438;0;0;95;0;200;0;
20441;9049481;1055821824;18186240;1196408832;0;0;0;0;0;0;0;0;0;0;0;4028;0;0;95;0;200;0;
20442;6276080;1055821824;18186240;1196408832;0;0;0;0;0;0;0;0;0;0;0;3857;0;0;95;0;200;0;
20443;7679171;1055821824;18186240;1196408832;0;0;0;0;0;0;0;0;0;0;0;3597;0;0;95;0;200;0;
20444;5991476;1055821824;18186240;1196408832;0;0;0;0;0;0;0;0;0;0;0;3066;0;0;95;0;200;0;
20445;6746833;1055821824;18186240;1196408832;0;0;0;0;0;0;0;0;0;0;0;3616;0;0;95;0;200;0;
20446;5131574;1055821824;18186240;1196408832;0;0;0;0;0;0;0;0;0;0;0;3416;0;0;95;0;200;0;
20447;8574050;1055821824;18186240;1196408832;0;0;0;0;0;0;0;0;0;0;0;2995;0;0;95;0;200;0;
20448;7650768;1055821824;18186240;1196408832;0;0;0;0;0;0;0;0;0;0;0;3697;0;0;95;0;200;0;
20449;6733599;1055821824;18186240;1196408832;0;0;0;0;0;0;0;0;0;0;0;2675;0;0;95;0;200;0;
20450;6168078;1055821824;18186240;1196408832;0;0;0;0;0;0;0;0;0;0;0;3367;0;0;95;0;200;0;
20451;12142362;1059803136;30019584;1208242176;0;0;0;0;0;0;0;0;0;0;0;3687;0;0;95;0;200;0;
20452;6845277;1063997440;30019584;1208242176;0;0;0;0;0;0;0;0;0;0;0;3677;0;0;95;0;200;0;
20453;9485058;1066356736;30019584;1208242176;0;0;0;0;0;0;0;0;0;0;0;4298;0;0;95;0;200;0;
20454;5766625;1066356736;30019584;1208242176;0;0;0;0;0;0;0;0;0;0;0;4358;0;0;95;0;200;0;
20455;9569847;1066356736;30019584;1208242176;0;0;0;0;0;0;0;0;0;0;0;6682;0;0;95;0;200;0;
20456;6816082;1066356736;30019584;1208242176;0;0;0;0;0;0;0;0;0;0;0;3276;0;0;95;0;200;0;
20457;9448860;1066356736;30019584;1208242176;0;0;0;0;0;0;0;0;0;0;0;10069;0;0;95;0;200;0;
20458;6969851;1055055872;18526208;1196748800;0;0;0;0;0;0;0;0;0;0;0;3617;0;0;95;0;200;0;
20459;9862616;1055055872;18526208;1196748800;0;0;0;0;0;0;0;0;0;0;0;3817;0;0;95;0;200;0;
20460;4501952;1055055872;18526208;1196748800;0;0;0;0;0;0;0;0;0;0;0;3016;0;0;95;0;200;0;
20461;9510756;1055055872;18526208;1196748800;0;0;0;0;0;0;0;0;0;0;0;3326;0;0;95;0;200;0;
20462;4601870;1055055872;18526208;1196748800;0;0;0;0;0;0;0;0;0;0;0;3887;0;0;95;0;200;0;
20463;7086120;1055055872;18526208;1196748800;0;0;0;0;0;0;0;0;0;0;0;2755;0;0;95;0;200;0;
20464;5861131;1055055872;18526208;1196748800;0;0;0;0;0;0;0;0;0;0;0;2775;0;0;95;0;200;0;
20465;7440975;1055055872;18526208;1196748800;0;0;0;0;0;0;0;0;0;0;0;7283;0;0;95;0;200;0;
20466;6496192;1055055872;18534400;1196756992;0;0;0;0;0;0;0;0;0;0;0;2855;0;0;95;0;200;0;
20467;7648053;1055055872;18534400;1196756992;0;0;0;0;0;0;0;0;0;0;0;49283;0;0;95;0;200;0;
20468;5935522;1055055872;18534400;1196756992;0;0;0;0;0;0;0;0;0;0;0;4278;0;0;95;0;200;0;
20469;8676131;1055055872;18534400;1196756992;0;0;0;0;0;0;0;0;0;0;0;2956;0;0;95;0;200;0;
20470;6070574;1055055872;18534400;1196756992;0;0;0;0;0;0;0;0;0;0;0;3216;0;0;95;0;200;0;
20471;8455788;1055055872;18534400;1196756992;0;0;0;0;0;0;0;0;0;0;0;4418;0;0;95;0;200;0;
20472;6062970;1055055872;18526208;1196748800;0;0;0;0;0;0;0;0;0;0;0;4468;0;0;95;0;200;0;
20473;8602142;1055055872;18526208;1196748800;0;0;0;0;0;0;0;0;0;0;0;3697;0;0;95;0;200;0;
20474;7694209;1055055872;18526208;1196748800;0;0;0;0;0;0;0;0;0;0;0;4188;0;0;95;0;200;0;
20475;9588642;1060052992;30019584;1208242176;0;0;0;0;0;0;0;0;0;0;0;4147;0;0;95;0;200;0;
20476;7114953;1062150144;30019584;1208242176;0;0;0;0;0;0;0;0;0;0;0;3276;0;0;95;0;200;0;
20477;9002934;1066344448;30019584;1208242176;0;0;0;0;0;0;0;0;0;0;0;3687;0;0;95;0;200;0;
20478;7896709;1066344448;30019584;1208242176;0;0;0;0;0;0;0;0;0;0;0;3967;0;0;95;0;200;0;
20479;9211034;1066344448;30019584;1208242176;0;0;0;0;0;0;0;0;0;0;0;3337;0;0;95;0;200;0;
20480;8369385;1066344448;30019584;1208242176;0;0;0;0;0;0;0;0;0;0;0;3607;0;0;95;0;200;0;
20481;10537181;1066344448;30019584;1208242176;0;0;0;0;0;0;0;0;0;0;0;3637;0;0;95;0;200;0;
20482;7402373;1055821824;18186240;1196408832;0;0;0;0;0;0;0;0;0;0;0;3978;0;0;95;0;200;0;
20483;10980452;1055821824;18186240;1196408832;0;0;0;0;0;0;0;0;0;0;0;3757;0;0;95;0;200;0;
20484;9818624;1055821824;18186240;1196408832;0;0;0;0;0;0;0;0;0;0;0;3727;0;0;95;0;200;0;
20485;8490593;1055821824;18186240;1196408832;0;0;0;0;0;0;0;0;0;0;0;4368;0;0;95;0;200;0;
20486;6308771;1055821824;18186240;1196408832;0;0;0;0;0;0;0;0;0;0;0;4087;0;0;95;0;200;0;
20487;9116386;1055821824;18186240;1196408832;0;0;0;0;0;0;0;0;0;0;0;4779;0;0;95;0;200;0;
20488;5838219;1055821824;18186240;1196408832;0;0;0;0;0;0;0;0;0;0;0;4399;0;0;95;0;200;0;
20489;9096860;1055821824;18186240;1196408832;0;0;0;0;0;0;0;0;0;0;0;3636;0;0;95;0;200;0;
20490;7438780;1055821824;18186240;1196408832;0;0;0;0;0;0;0;0;0;0;0;3978;0;0;95;0;200;0;
20491;12158742;1055821824;18186240;1196408832;0;0;0;0;0;0;0;0;0;0;0;4359;0;0;95;0;200;0;
20492;9452086;1055821824;18186240;1196408832;0;0;0;0;0;0;0;0;0;0;0;4248;0;0;95;0;200;0;
20493;9757008;1055821824;18186240;1196408832;0;0;0;0;0;0;0;0;0;0;0;4468;0;0;95;0;200;0;
20494;10148723;1055821824;18186240;1196408832;0;0;0;0;0;0;0;0;0;0;0;2625;0;0;95;0;200;0;
20495;9533028;1055821824;18186240;1196408832;0;0;0;0;0;0;0;0;0;0;0;2996;0;0;95;0;200;0;
20496;7732591;1055821824;18186240;1196408832;0;0;0;0;0;0;0;0;0;0;0;3456;0;0;95;0;200;0;
20497;8295237;1055821824;18186240;1196408832;0;0;0;0;0;0;0;0;0;0;0;4227;0;0;95;0;200;0;
20498;5247692;1055821824;18186240;1196408832;0;0;0;0;0;0;0;0;0;0;0;3466;0;0;95;0;200;0;
20499;9667770;1059803136;30019584;1208242176;0;0;0;0;0;0;0;0;0;0;0;3407;0;0;95;0;200;0;
20500;9602839;1063997440;30019584;1208242176;0;0;0;0;0;0;0;0;0;0;0;4048;0;0;95;0;200;0;
20501;8486716;1066356736;30019584;1208242176;0;0;0;0;0;0;0;0;0;0;0;3136;0;0;95;0;200;0;
20502;7436066;1066356736;30019584;1208242176;0;0;0;0;0;0;0;0;0;0;0;4117;0;0;95;0;200;0;
20503;9588993;1066356736;30019584;1208242176;0;0;0;0;0;0;0;0;0;0;0;4068;0;0;95;0;200;0;
20504;4738927;1066356736;30019584;1208242176;0;0;0;0;0;0;0;0;0;0;0;2865;0;0;95;0;200;0;
20505;10183689;1066356736;30019584;1208242176;0;0;0;0;0;0;0;0;0;0;0;96601;0;0;95;0;200;0;
20506;4656633;1055080448;18526208;1196748800;0;0;0;0;0;0;0;0;0;0;0;2885;0;0;95;0;200;0;
20507;6916832;1055080448;18526208;1196748800;0;0;0;0;0;0;0;0;0;0;0;4248;0;0;95;0;200;0;
20508;8790706;1055080448;18526208;1196748800;0;0;0;0;0;0;0;0;0;0;0;3938;0;0;95;0;200;0;
20509;8022084;1055080448;18526208;1196748800;0;0;0;0;0;0;0;0;0;0;0;5570;0;0;95;0;200;0;
20510;6772451;1055080448;18526208;1196748800;0;0;0;0;0;0;0;0;0;0;0;3878;0;0;95;0;200;0;
20511;8254841;1055080448;18526208;1196748800;0;0;0;0;0;0;0;0;0;0;0;3276;0;0;95;0;200;0;
20512;7281906;1055080448;18526208;1196748800;0;0;0;0;0;0;0;0;0;0;0;2535;0;0;95;0;200;0;
20513;6773563;1055080448;18526208;1196748800;0;0;0;0;0;0;0;0;0;0;0;3256;0;0;95;0;200;0;
20514;6319071;1055080448;18526208;1196748800;0;0;0;0;0;0;0;0;0;0;0;3136;0;0;95;0;200;0;
20515;9650077;1055080448;18526208;1196748800;0;0;0;0;0;0;0;0;0;0;0;4278;0;0;95;0;200;0;
20516;6912403;1055080448;18526208;1196748800;0;0;0;0;0;0;0;0;0;0;0;4278;0;0;95;0;200;0;
20517;8367442;1055080448;18526208;1196748800;0;0;0;0;0;0;0;0;0;0;0;3496;0;0;95;0;200;0;
20518;7874638;1055080448;18526208;1196748800;0;0;0;0;0;0;0;0;0;0;0;4248;0;0;95;0;200;0;
20519;6693723;1055080448;18526208;1196748800;0;0;0;0;0;0;0;0;0;0;0;5441;0;0;95;0;200;0;
20520;7903903;1055080448;18526208;1196748800;0;0;0;0;0;0;0;0;0;0;0;3536;0;0;95;0;200;0;
20521;9417512;1060077568;30019584;1208242176;0;0;0;0;0;0;0;0;0;0;0;4349;0;0;95;0;200;0;
20522;7182571;1062174720;30019584;1208242176;0;0;0;0;0;0;0;0;0;0;0;4308;0;0;95;0;200;0;
20523;8202914;1066369024;30019584;1208242176;0;0;0;0;0;0;0;0;0;0;0;3356;0;0;95;0;200;0;
20524;5636761;1066369024;30019584;1208242176;0;0;0;0;0;0;0;0;0;0;0;3296;0;0;95;0;200;0;
20525;8239492;1066369024;30019584;1208242176;0;0;0;0;0;0;0;0;0;0;0;3647;0;0;95;0;200;0;
20526;7614781;1066369024;30019584;1208242176;0;0;0;0;0;0;0;0;0;0;0;3116;0;0;95;0;200;0;
20527;7570868;1066369024;30019584;1208242176;0;0;0;0;0;0;0;0;0;0;0;3406;0;0;95;0;200;0;
20528;8976725;1055830016;18194432;1196417024;0;0;0;0;0;0;0;0;0;0;0;3837;0;0;95;0;200;0;
20529;9651230;1055830016;18194432;1196417024;0;0;0;0;0;0;0;0;0;0;0;3266;0;0;95;0;200;0;
20530;5108541;1055830016;18194432;1196417024;0;0;0;0;0;0;0;0;0;0;0;3997;0;0;95;0;200;0;
20531;9140873;1055830016;18194432;1196417024;0;0;0;0;0;0;0;0;0;0;0;2745;0;0;95;0;200;0;
20532;3965136;1055830016;18194432;1196417024;0;0;0;0;0;0;0;0;0;0;0;3476;0;0;95;0;200;0;
20533;9438871;1055830016;18194432;1196417024;0;0;0;0;0;0;0;0;0;0;0;3607;0;0;95;0;200;0;
20534;4334780;1055821824;18186240;1196408832;0;0;0;0;0;0;0;0;0;0;0;3337;0;0;95;0;200;0;
20535;7407892;1055821824;18186240;1196408832;0;0;0;0;0;0;0;0;0;0;0;3206;0;0;95;0;200;0;
20536;9015287;1055821824;18186240;1196408832;0;0;0;0;0;0;0;0;0;0;0;4618;0;0;95;0;200;0;
20537;7198540;1055821824;18186240;1196408832;0;0;0;0;0;0;0;0;0;0;0;3016;0;0;95;0;200;0;
20538;9696715;1055821824;18186240;1196408832;0;0;0;0;0;0;0;0;0;0;0;3627;0;0;95;0;200;0;
20539;12241477;1055821824;18186240;1196408832;0;0;0;0;0;0;0;0;0;0;0;2605;0;0;95;0;200;0;
20540;6749207;1055821824;18186240;1196408832;0;0;0;0;0;0;0;0;0;0;0;4518;0;0;95;0;200;0;
20541;7566530;1055821824;18186240;1196408832;0;0;0;0;0;0;0;0;0;0;0;195497;0;0;95;0;200;0;
20542;9340447;1055821824;18186240;1196408832;0;0;0;0;0;0;0;0;0;0;0;3847;0;0;95;0;200;0;
20543;6530597;1055821824;18186240;1196408832;0;0;0;0;0;0;0;0;0;0;0;3386;0;0;95;0;200;0;
20544;10963611;1055821824;18186240;1196408832;0;0;0;0;0;0;0;0;0;0;0;3737;0;0;95;0;200;0;
20545;11406662;1059803136;30019584;1208242176;0;0;0;0;0;0;0;0;0;0;0;3817;0;0;95;0;200;0;
20546;8083820;1063997440;30019584;1208242176;0;0;0;0;0;0;0;0;0;0;0;3496;0;0;95;0;200;0;
20547;10394995;1066356736;30019584;1208242176;0;0;0;0;0;0;0;0;0;0;0;4148;0;0;95;0;200;0;
20548;4593124;1066356736;30019584;1208242176;0;0;0;0;0;0;0;0;0;0;0;5279;0;0;95;0;200;0;
20549;8696339;1066356736;30019584;1208242176;0;0;0;0;0;0;0;0;0;0;0;2905;0;0;95;0;200;0;
20550;7558755;1066356736;30019584;1208242176;0;0;0;0;0;0;0;0;0;0;0;30727;0;0;95;0;200;0;
20551;6506963;1066356736;30019584;1208242176;0;0;0;0;0;0;0;0;0;0;0;2535;0;0;95;0;200;0;
20552;6605247;1055105024;18526208;1196748800;0;0;0;0;0;0;0;0;0;0;0;4048;0;0;95;0;200;0;
20553;8725403;1055105024;18526208;1196748800;0;0;0;0;0;0;0;0;0;0;0;2946;0;0;95;0;200;0;
20554;7304388;1055105024;18526208;1196748800;0;0;0;0;0;0;0;0;0;0;0;4248;0;0;95;0;200;0;
20555;9742171;1055105024;18526208;1196748800;0;0;0;0;0;0;0;0;0;0;0;3817;0;0;95;0;200;0;
20556;6934414;1055105024;18526208;1196748800;0;0;0;0;0;0;0;0;0;0;0;3467;0;0;95;0;200;0;
20557;7753241;1055105024;18526208;1196748800;0;0;0;0;0;0;0;0;0;0;0;3487;0;0;95;0;200;0;
20558;30441078;1055105024;18526208;1196748800;0;0;0;0;0;0;0;0;0;0;0;4087;0;0;95;0;200;0;
20559;11634158;1055105024;18526208;1196748800;0;0;0;0;0;0;0;0;0;0;0;4789;0;0;95;0;200;0;
20560;8564152;1055105024;18526208;1196748800;0;0;0;0;0;0;0;0;0;0;0;3567;0;0;95;0;200;0;
20561;7706583;1055105024;18526208;1196748800;0;0;0;0;0;0;0;0;0;0;0;3837;0;0;95;0;200;0;
20562;8021744;1055105024;18526208;1196748800;0;0;0;0;0;0;0;0;0;0;0;4158;0;0;95;0;200;0;
20563;9755104;1055105024;18526208;1196748800;0;0;0;0;0;0;0;0;0;0;0;4048;0;0;95;0;200;0;
20564;7791833;1055105024;18526208;1196748800;0;0;0;0;0;0;0;0;0;0;0;3166;0;0;95;0;200;0;
20565;7062235;1055105024;18526208;1196748800;0;0;0;0;0;0;0;0;0;0;0;3456;0;0;95;0;200;0;
20566;5721550;1055105024;18526208;1196748800;0;0;0;0;0;0;0;0;0;0;0;4689;0;0;95;0;200;0;
20567;10854326;1055105024;18526208;1196748800;0;0;0;0;0;0;0;0;0;0;0;4749;0;0;95;0;200;0;
20568;7916176;1055105024;18526208;1196748800;0;0;0;0;0;0;0;0;0;0;0;3897;0;0;95;0;200;0;
20569;9693539;1060102144;30019584;1208242176;0;0;0;0;0;0;0;0;0;0;0;4538;0;0;95;0;200;0;
20570;6974730;1062199296;30019584;1208242176;0;0;0;0;0;0;0;0;0;0;0;3216;0;0;95;0;200;0;
20571;8094781;1066393600;30019584;1208242176;0;0;0;0;0;0;0;0;0;0;0;3536;0;0;95;0;200;0;
20572;5333192;1066393600;30019584;1208242176;0;0;0;0;0;0;0;0;0;0;0;3496;0;0;95;0;200;0;
20573;8139895;1066393600;30019584;1208242176;0;0;0;0;0;0;0;0;0;0;0;4138;0;0;95;0;200;0;
20574;5800458;1066393600;30019584;1208242176;0;0;0;0;0;0;0;0;0;0;0;3377;0;0;95;0;200;0;
20575;7834833;1066393600;30019584;1208242176;0;0;0;0;0;0;0;0;0;0;0;4899;0;0;95;0;200;0;
20576;5483494;1055821824;18186240;1196408832;0;0;0;0;0;0;0;0;0;0;0;3687;0;0;95;0;200;0;
20577;8508597;1055821824;18186240;1196408832;0;0;0;0;0;0;0;0;0;0;0;4438;0;0;95;0;200;0;
20578;8823297;1055821824;18186240;1196408832;0;0;0;0;0;0;0;0;0;0;0;3476;0;0;95;0;200;0;
20579;9936185;1055821824;18186240;1196408832;0;0;0;0;0;0;0;0;0;0;0;3546;0;0;95;0;200;0;
20580;5057305;1055821824;18186240;1196408832;0;0;0;0;0;0;0;0;0;0;0;3126;0;0;95;0;200;0;
20581;9128740;1055821824;18186240;1196408832;0;0;0;0;0;0;0;0;0;0;0;3647;0;0;95;0;200;0;
20582;5802031;1055821824;18186240;1196408832;0;0;0;0;0;0;0;0;0;0;0;3346;0;0;95;0;200;0;
20583;7852446;1055821824;18186240;1196408832;0;0;0;0;0;0;0;0;0;0;0;3106;0;0;95;0;200;0;
20584;6779394;1055821824;18186240;1196408832;0;0;0;0;0;0;0;0;0;0;0;4098;0;0;95;0;200;0;
20585;6998364;1055821824;18186240;1196408832;0;0;0;0;0;0;0;0;0;0;0;3957;0;0;95;0;200;0;
20586;6542240;1055821824;18186240;1196408832;0;0;0;0;0;0;0;0;0;0;0;4238;0;0;95;0;200;0;
20587;7363349;1055821824;18186240;1196408832;0;0;0;0;0;0;0;0;0;0;0;3637;0;0;95;0;200;0;
20588;4494840;1055821824;18186240;1196408832;0;0;0;0;0;0;0;0;0;0;0;3136;0;0;95;0;200;0;
20589;6924857;1055821824;18186240;1196408832;0;0;0;0;0;0;0;0;0;0;0;4238;0;0;95;0;200;0;
20590;6377079;1055821824;18186240;1196408832;0;0;0;0;0;0;0;0;0;0;0;3086;0;0;95;0;200;0;
20591;9292306;1059803136;30019584;1208242176;0;0;0;0;0;0;0;0;0;0;0;4779;0;0;95;0;200;0;
20592;8047121;1063997440;30019584;1208242176;0;0;0;0;0;0;0;0;0;0;0;4659;0;0;95;0;200;0;
20593;8598556;1066356736;30019584;1208242176;0;0;0;0;0;0;0;0;0;0;0;3096;0;0;95;0;200;0;
20594;5596415;1066356736;30019584;1208242176;0;0;0;0;0;0;0;0;0;0;0;3316;0;0;95;0;200;0;
20595;8379084;1066356736;30019584;1208242176;0;0;0;0;0;0;0;0;0;0;0;3496;0;0;95;0;200;0;
20596;7237863;1066356736;30019584;1208242176;0;0;0;0;0;0;0;0;0;0;0;2915;0;0;95;0;200;0;
20597;7999392;1066356736;30019584;1208242176;0;0;0;0;0;0;0;0;0;0;0;3647;0;0;95;0;200;0;
20598;6108946;1055129600;18526208;1196748800;0;0;0;0;0;0;0;0;0;0;0;2906;0;0;95;0;200;0;
20599;7833791;1055129600;18526208;1196748800;0;0;0;0;0;0;0;0;0;0;0;3837;0;0;95;0;200;0;
20600;5740616;1055129600;18526208;1196748800;0;0;0;0;0;0;0;0;0;0;0;3677;0;0;95;0;200;0;
20601;7085388;1055129600;18526208;1196748800;0;0;0;0;0;0;0;0;0;0;0;3276;0;0;95;0;200;0;
20602;5984423;1055129600;18526208;1196748800;0;0;0;0;0;0;0;0;0;0;0;3246;0;0;95;0;200;0;
20603;7934100;1055129600;18526208;1196748800;0;0;0;0;0;0;0;0;0;0;0;3646;0;0;95;0;200;0;
20604;4419418;1055129600;18526208;1196748800;0;0;0;0;0;0;0;0;0;0;0;3347;0;0;95;0;200;0;
20605;7069749;1055129600;18526208;1196748800;0;0;0;0;0;0;0;0;0;0;0;3607;0;0;95;0;200;0;
20606;6839236;1055129600;18526208;1196748800;0;0;0;0;0;0;0;0;0;0;0;3947;0;0;95;0;200;0;
20607;7485168;1055129600;18526208;1196748800;0;0;0;0;0;0;0;0;0;0;0;3146;0;0;95;0;200;0;
20608;4488327;1055129600;18526208;1196748800;0;0;0;0;0;0;0;0;0;0;0;2755;0;0;95;0;200;0;
20609;8074192;1055129600;18526208;1196748800;0;0;0;0;0;0;0;0;0;0;0;3577;0;0;95;0;200;0;
20610;4932861;1055129600;18526208;1196748800;0;0;0;0;0;0;0;0;0;0;0;2435;0;0;95;0;200;0;
20611;7648374;1055129600;18526208;1196748800;0;0;0;0;0;0;0;0;0;0;0;4178;0;0;95;0;200;0;
20612;3952492;1055129600;18526208;1196748800;0;0;0;0;0;0;0;0;0;0;0;3276;0;0;95;0;200;0;
20613;5923730;1055129600;18526208;1196748800;0;0;0;0;0;0;0;0;0;0;0;3156;0;0;95;0;200;0;
20614;4998614;1055129600;18526208;1196748800;0;0;0;0;0;0;0;0;0;0;0;3627;0;0;95;0;200;0;
20615;8764947;1060126720;30019584;1208242176;0;0;0;0;0;0;0;0;0;0;0;4489;0;0;95;0;200;0;
20616;7207146;1062223872;30019584;1208242176;0;0;0;0;0;0;0;0;0;0;0;2836;0;0;95;0;200;0;
20617;7260075;1066418176;30019584;1208242176;0;0;0;0;0;0;0;0;0;0;0;3928;0;0;95;0;200;0;
20618;6259469;1066418176;30019584;1208242176;0;0;0;0;0;0;0;0;0;0;0;3557;0;0;95;0;200;0;
20619;6296679;1066418176;30019584;1208242176;0;0;0;0;0;0;0;0;0;0;0;1934;0;0;95;0;200;0;
20620;7105886;1066418176;30019584;1208242176;0;0;0;0;0;0;0;0;0;0;0;3136;0;0;95;0;200;0;
20621;9224119;1066418176;30019584;1208242176;0;0;0;0;0;0;0;0;0;0;0;4118;0;0;95;0;200;0;
20622;5415887;1055821824;18186240;1196408832;0;0;0;0;0;0;0;0;0;0;0;3025;0;0;95;0;200;0;
20623;7163735;1055821824;18186240;1196408832;0;0;0;0;0;0;0;0;0;0;0;3788;0;0;95;0;200;0;
20624;5160168;1055821824;18186240;1196408832;0;0;0;0;0;0;0;0;0;0;0;2875;0;0;95;0;200;0;
20625;7605413;1055821824;18186240;1196408832;0;0;0;0;0;0;0;0;0;0;0;3276;0;0;95;0;200;0;
20626;5922417;1055821824;18186240;1196408832;0;0;0;0;0;0;0;0;0;0;0;3637;0;0;95;0;200;0;
20627;7541453;1055821824;18186240;1196408832;0;0;0;0;0;0;0;0;0;0;0;3386;0;0;95;0;200;0;
20628;5265014;1055821824;18186240;1196408832;0;0;0;0;0;0;0;0;0;0;0;2775;0;0;95;0;200;0;
20629;9585216;1055821824;18186240;1196408832;0;0;0;0;0;0;0;0;0;0;0;4499;0;0;95;0;200;0;
20630;7484726;1055821824;18186240;1196408832;0;0;0;0;0;0;0;0;0;0;0;3626;0;0;95;0;200;0;
20631;8994969;1055821824;18186240;1196408832;0;0;0;0;0;0;0;0;0;0;0;2975;0;0;95;0;200;0;
20632;7329075;1055821824;18186240;1196408832;0;0;0;0;0;0;0;0;0;0;0;3967;0;0;95;0;200;0;
20633;11347180;1055821824;18186240;1196408832;0;0;0;0;0;0;0;0;0;0;0;3416;0;0;95;0;200;0;
20634;6551787;1055821824;18186240;1196408832;0;0;0;0;0;0;0;0;0;0;0;3958;0;0;95;0;200;0;
20635;9499455;1055821824;18186240;1196408832;0;0;0;0;0;0;0;0;0;0;0;4218;0;0;95;0;200;0;
20636;8306007;1055821824;18186240;1196408832;0;0;0;0;0;0;0;0;0;0;0;3366;0;0;95;0;200;0;
20637;10659571;1059803136;30019584;1208242176;0;0;0;0;0;0;0;0;0;0;0;3627;0;0;95;0;200;0;
20638;8086455;1063997440;30019584;1208242176;0;0;0;0;0;0;0;0;0;0;0;3546;0;0;95;0;200;0;
20639;7919542;1066627072;30019584;1208242176;0;0;0;0;0;0;0;0;0;0;0;3366;0;0;95;0;200;0;
20640;6657335;1066627072;30019584;1208242176;0;0;0;0;0;0;0;0;0;0;0;3296;0;0;95;0;200;0;
20641;7976869;1066627072;30019584;1208242176;0;0;0;0;0;0;0;0;0;0;0;3437;0;0;95;0;200;0;
20642;7532146;1066627072;30019584;1208242176;0;0;0;0;0;0;0;0;0;0;0;2976;0;0;95;0;200;0;
20643;7428491;1066627072;30019584;1208242176;0;0;0;0;0;0;0;0;0;0;0;3686;0;0;95;0;200;0;
20644;7656108;1055154176;18526208;1196748800;0;0;0;0;0;0;0;0;0;0;0;3717;0;0;95;0;200;0;
20645;10266113;1055154176;18526208;1196748800;0;0;0;0;0;0;0;0;0;0;0;2905;0;0;95;0;200;0;
20646;9046706;1055154176;18526208;1196748800;0;0;0;0;0;0;0;0;0;0;0;4598;0;0;95;0;200;0;
20647;7773198;1055154176;18526208;1196748800;0;0;0;0;0;0;0;0;0;0;0;3767;0;0;95;0;200;0;
20648;9236251;1055154176;18526208;1196748800;0;0;0;0;0;0;0;0;0;0;0;4619;0;0;95;0;200;0;
20649;9389589;1055154176;18526208;1196748800;0;0;0;0;0;0;0;0;0;0;0;3016;0;0;95;0;200;0;
20650;9035826;1055154176;18526208;1196748800;0;0;0;0;0;0;0;0;0;0;0;3717;0;0;95;0;200;0;
20651;7601005;1055154176;18526208;1196748800;0;0;0;0;0;0;0;0;0;0;0;3246;0;0;95;0;200;0;
20652;8796667;1055154176;18526208;1196748800;0;0;0;0;0;0;0;0;0;0;0;3787;0;0;95;0;200;0;
20653;7775031;1055154176;18526208;1196748800;0;0;0;0;0;0;0;0;0;0;0;2966;0;0;95;0;200;0;
20654;9319507;1055154176;18526208;1196748800;0;0;0;0;0;0;0;0;0;0;0;3467;0;0;95;0;200;0;
20655;8542099;1055154176;18526208;1196748800;0;0;0;0;0;0;0;0;0;0;0;3958;0;0;95;0;200;0;
20656;6451208;1055154176;18534400;1196756992;0;0;0;0;0;0;0;0;0;0;0;3276;0;0;95;0;200;0;
20657;7382184;1055154176;18534400;1196756992;0;0;0;0;0;0;0;0;0;0;0;3456;0;0;95;0;200;0;
20658;7898212;1055154176;18534400;1196756992;0;0;0;0;0;0;0;0;0;0;0;3657;0;0;95;0;200;0;
20659;9259996;1055154176;18534400;1196756992;0;0;0;0;0;0;0;0;0;0;0;3306;0;0;95;0;200;0;
20660;7576519;1055154176;18534400;1196756992;0;0;0;0;0;0;0;0;0;0;0;3386;0;0;95;0;200;0;
20661;9177983;1060151296;30027776;1208250368;0;0;0;0;0;0;0;0;0;0;0;3035;0;0;95;0;200;0;
20662;9966031;1062453248;30019584;1208242176;0;0;0;0;0;0;0;0;0;0;0;3927;0;0;95;0;200;0;
20663;10300096;1066647552;30019584;1208242176;0;0;0;0;0;0;0;0;0;0;0;3196;0;0;95;0;200;0;
20664;8621458;1066647552;30019584;1208242176;0;0;0;0;0;0;0;0;0;0;0;3817;0;0;95;0;200;0;
20665;10736465;1066647552;30019584;1208242176;0;0;0;0;0;0;0;0;0;0;0;3246;0;0;95;0;200;0;
20666;8229173;1066647552;30019584;1208242176;0;0;0;0;0;0;0;0;0;0;0;4018;0;0;95;0;200;0;
20667;8160113;1066647552;30019584;1208242176;0;0;0;0;0;0;0;0;0;0;0;40486;0;0;95;0;200;0;
20668;7117068;1055821824;18186240;1196408832;0;0;0;0;0;0;0;0;0;0;0;3627;0;0;95;0;200;0;
20669;7834463;1055821824;18186240;1196408832;0;0;0;0;0;0;0;0;0;0;0;5401;0;0;95;0;200;0;
20670;4723829;1055821824;18186240;1196408832;0;0;0;0;0;0;0;0;0;0;0;3176;0;0;95;0;200;0;
20671;9573645;1055821824;18186240;1196408832;0;0;0;0;0;0;0;0;0;0;0;4789;0;0;95;0;200;0;
20672;7084516;1055821824;18186240;1196408832;0;0;0;0;0;0;0;0;0;0;0;3898;0;0;95;0;200;0;
20673;8397058;1055821824;18186240;1196408832;0;0;0;0;0;0;0;0;0;0;0;3486;0;0;95;0;200;0;
20674;6498207;1055821824;18186240;1196408832;0;0;0;0;0;0;0;0;0;0;0;3697;0;0;95;0;200;0;
20675;10289897;1055821824;18186240;1196408832;0;0;0;0;0;0;0;0;0;0;0;4248;0;0;95;0;200;0;
20676;5455041;1055821824;18186240;1196408832;0;0;0;0;0;0;0;0;0;0;0;2986;0;0;95;0;200;0;
20677;10386208;1055821824;18186240;1196408832;0;0;0;0;0;0;0;0;0;0;0;3837;0;0;95;0;200;0;
20678;10318421;1055821824;18186240;1196408832;0;0;0;0;0;0;0;0;0;0;0;7084;0;0;95;0;200;0;
20679;9227685;1055821824;18186240;1196408832;0;0;0;0;0;0;0;0;0;0;0;4508;0;0;95;0;200;0;
20680;8709794;1055821824;18186240;1196408832;0;0;0;0;0;0;0;0;0;0;0;4619;0;0;95;0;200;0;
20681;9880540;1055821824;18186240;1196408832;0;0;0;0;0;0;0;0;0;0;0;4669;0;0;95;0;200;0;
20682;8717819;1055821824;18186240;1196408832;0;0;0;0;0;0;0;0;0;0;0;4469;0;0;95;0;200;0;
20683;11690223;1055821824;18186240;1196408832;0;0;0;0;0;0;0;0;0;0;0;4048;0;0;95;0;200;0;
20684;9747120;1055821824;18186240;1196408832;0;0;0;0;0;0;0;0;0;0;0;3206;0;0;95;0;200;0;
20685;9675526;1059803136;30019584;1208242176;0;0;0;0;0;0;0;0;0;0;0;3817;0;0;95;0;200;0;
20686;10151959;1063997440;30019584;1208242176;0;0;0;0;0;0;0;0;0;0;0;3446;0;0;95;0;200;0;
20687;9051786;1066627072;30019584;1208242176;0;0;0;0;0;0;0;0;0;0;0;4479;0;0;95;0;200;0;
20688;10213635;1066627072;30019584;1208242176;0;0;0;0;0;0;0;0;0;0;0;3316;0;0;95;0;200;0;
20689;10157048;1066627072;30019584;1208242176;0;0;0;0;0;0;0;0;0;0;0;2926;0;0;95;0;200;0;
20690;7633616;1066627072;30019584;1208242176;0;0;0;0;0;0;0;0;0;0;0;3467;0;0;95;0;200;0;
20691;7903422;1066627072;30019584;1208242176;0;0;0;0;0;0;0;0;0;0;0;3857;0;0;95;0;200;0;
20692;9763250;1055178752;18526208;1196748800;0;0;0;0;0;0;0;0;0;0;0;4609;0;0;95;0;200;0;
20693;8622601;1055178752;18526208;1196748800;0;0;0;0;0;0;0;0;0;0;0;5030;0;0;95;0;200;0;
20694;8420942;1055178752;18526208;1196748800;0;0;0;0;0;0;0;0;0;0;0;3557;0;0;95;0;200;0;
20695;11652583;1055178752;18526208;1196748800;0;0;0;0;0;0;0;0;0;0;0;5210;0;0;95;0;200;0;
20696;7300822;1055178752;18526208;1196748800;0;0;0;0;0;0;0;0;0;0;0;4899;0;0;95;0;200;0;
20697;10450138;1055178752;18526208;1196748800;0;0;0;0;0;0;0;0;0;0;0;3687;0;0;95;0;200;0;
20698;6700576;1055178752;18526208;1196748800;0;0;0;0;0;0;0;0;0;0;0;3797;0;0;95;0;200;0;
20699;9159888;1055178752;18526208;1196748800;0;0;0;0;0;0;0;0;0;0;0;7604;0;0;95;0;200;0;
20700;6531609;1055178752;18526208;1196748800;0;0;0;0;0;0;0;0;0;0;0;3576;0;0;95;0;200;0;
20701;8504730;1055178752;18526208;1196748800;0;0;0;0;0;0;0;0;0;0;0;3066;0;0;95;0;200;0;
20702;10248039;1055178752;18526208;1196748800;0;0;0;0;0;0;0;0;0;0;0;3717;0;0;95;0;200;0;
20703;6640123;1055178752;18526208;1196748800;0;0;0;0;0;0;0;0;0;0;0;3096;0;0;95;0;200;0;
20704;8784414;1055178752;18526208;1196748800;0;0;0;0;0;0;0;0;0;0;0;2915;0;0;95;0;200;0;
20705;6695827;1055178752;18526208;1196748800;0;0;0;0;0;0;0;0;0;0;0;2945;0;0;95;0;200;0;
20706;7187500;1055178752;18526208;1196748800;0;0;0;0;0;0;0;0;0;0;0;3186;0;0;95;0;200;0;
20707;15169970;1060175872;30019584;1208242176;0;0;0;0;0;0;0;0;0;0;0;2976;0;0;95;0;200;0;
20708;7501298;1062273024;30019584;1208242176;0;0;0;0;0;0;0;0;0;0;0;2875;0;0;95;0;200;0;
20709;10142912;1066467328;30019584;1208242176;0;0;0;0;0;0;0;0;0;0;0;3817;0;0;95;0;200;0;
20710;6649791;1066467328;30019584;1208242176;0;0;0;0;0;0;0;0;0;0;0;4448;0;0;95;0;200;0;
20711;7516547;1066467328;30019584;1208242176;0;0;0;0;0;0;0;0;0;0;0;3456;0;0;95;0;200;0;
20712;9441156;1066467328;30019584;1208242176;0;0;0;0;0;0;0;0;0;0;0;4008;0;0;95;0;200;0;
20713;9307896;1066467328;30019584;1208242176;0;0;0;0;0;0;0;0;0;0;0;3477;0;0;95;0;200;0;
20714;9677890;1055830016;18194432;1196417024;0;0;0;0;0;0;0;0;0;0;0;2986;0;0;95;0;200;0;
20715;8321566;1055830016;18194432;1196417024;0;0;0;0;0;0;0;0;0;0;0;3456;0;0;95;0;200;0;
20716;9131475;1055830016;18194432;1196417024;0;0;0;0;0;0;0;0;0;0;0;4378;0;0;95;0;200;0;
20717;8146869;1055830016;18194432;1196417024;0;0;0;0;0;0;0;0;0;0;0;3006;0;0;95;0;200;0;
20718;7139850;1055830016;18194432;1196417024;0;0;0;0;0;0;0;0;0;0;0;3667;0;0;95;0;200;0;
20719;9692888;1055830016;18194432;1196417024;0;0;0;0;0;0;0;0;0;0;0;3526;0;0;95;0;200;0;
20720;7103261;1055821824;18186240;1196408832;0;0;0;0;0;0;0;0;0;0;0;3948;0;0;95;0;200;0;
20721;9786513;1055821824;18186240;1196408832;0;0;0;0;0;0;0;0;0;0;0;3276;0;0;95;0;200;0;
20722;9755265;1055821824;18186240;1196408832;0;0;0;0;0;0;0;0;0;0;0;3727;0;0;95;0;200;0;
20723;10666454;1055821824;18186240;1196408832;0;0;0;0;0;0;0;0;0;0;0;4058;0;0;95;0;200;0;
20724;8792810;1055821824;18186240;1196408832;0;0;0;0;0;0;0;0;0;0;0;3466;0;0;95;0;200;0;
20725;8946348;1055821824;18186240;1196408832;0;0;0;0;0;0;0;0;0;0;0;4018;0;0;95;0;200;0;
20726;7263432;1055821824;18186240;1196408832;0;0;0;0;0;0;0;0;0;0;0;4278;0;0;95;0;200;0;
20727;9077503;1055821824;18186240;1196408832;0;0;0;0;0;0;0;0;0;0;0;3336;0;0;95;0;200;0;
20728;5739944;1055821824;18186240;1196408832;0;0;0;0;0;0;0;0;0;0;0;3006;0;0;95;0;200;0;
20729;8612912;1055821824;18186240;1196408832;0;0;0;0;0;0;0;0;0;0;0;4117;0;0;95;0;200;0;
20730;6951606;1055821824;18186240;1196408832;0;0;0;0;0;0;0;0;0;0;0;5410;0;0;95;0;200;0;
20731;8430149;1059803136;30019584;1208242176;0;0;0;0;0;0;0;0;0;0;0;3937;0;0;95;0;200;0;
20732;8035580;1063997440;30019584;1208242176;0;0;0;0;0;0;0;0;0;0;0;54052;0;0;95;0;200;0;
20733;7750666;1066627072;30019584;1208242176;0;0;0;0;0;0;0;0;0;0;0;3596;0;0;95;0;200;0;
20734;7287096;1066627072;30019584;1208242176;0;0;0;0;0;0;0;0;0;0;0;4950;0;0;95;0;200;0;
20735;8211610;1066627072;30019584;1208242176;0;0;0;0;0;0;0;0;0;0;0;4749;0;0;95;0;200;0;
20736;6235464;1066627072;30019584;1208242176;0;0;0;0;0;0;0;0;0;0;0;3897;0;0;95;0;200;0;
20737;9485829;1066627072;30019584;1208242176;0;0;0;0;0;0;0;0;0;0;0;4107;0;0;95;0;200;0;
20738;7396170;1055203328;18526208;1196748800;0;0;0;0;0;0;0;0;0;0;0;3687;0;0;95;0;200;0;
20739;9325720;1055203328;18526208;1196748800;0;0;0;0;0;0;0;0;0;0;0;3407;0;0;95;0;200;0;
20740;7754402;1055203328;18526208;1196748800;0;0;0;0;0;0;0;0;0;0;0;3306;0;0;95;0;200;0;
20741;8608936;1055203328;18526208;1196748800;0;0;0;0;0;0;0;0;0;0;0;3427;0;0;95;0;200;0;
20742;5889926;1055203328;18526208;1196748800;0;0;0;0;0;0;0;0;0;0;0;3447;0;0;95;0;200;0;
20743;9473316;1055203328;18526208;1196748800;0;0;0;0;0;0;0;0;0;0;0;4339;0;0;95;0;200;0;
20744;6859695;1055203328;18526208;1196748800;0;0;0;0;0;0;0;0;0;0;0;4458;0;0;95;0;200;0;
20745;8560704;1055203328;18526208;1196748800;0;0;0;0;0;0;0;0;0;0;0;3476;0;0;95;0;200;0;
20746;5336257;1055203328;18526208;1196748800;0;0;0;0;0;0;0;0;0;0;0;4108;0;0;95;0;200;0;
20747;8211259;1055203328;18526208;1196748800;0;0;0;0;0;0;0;0;0;0;0;4047;0;0;95;0;200;0;
20748;9317945;1055203328;18526208;1196748800;0;0;0;0;0;0;0;0;0;0;0;3426;0;0;95;0;200;0;
20749;7115454;1055203328;18526208;1196748800;0;0;0;0;0;0;0;0;0;0;0;3737;0;0;95;0;200;0;
20750;7320980;1055203328;18526208;1196748800;0;0;0;0;0;0;0;0;0;0;0;3166;0;0;95;0;200;0;
20751;7579875;1055203328;18526208;1196748800;0;0;0;0;0;0;0;0;0;0;0;3958;0;0;95;0;200;0;
20752;7589323;1055203328;18526208;1196748800;0;0;0;0;0;0;0;0;0;0;0;4498;0;0;95;0;200;0;
20753;7943988;1060200448;30019584;1208242176;0;0;0;0;0;0;0;0;0;0;0;3507;0;0;95;0;200;0;
20754;5663902;1062297600;30019584;1208242176;0;0;0;0;0;0;0;0;0;0;0;4719;0;0;95;0;200;0;
20755;7284411;1066491904;30019584;1208242176;0;0;0;0;0;0;0;0;0;0;0;4548;0;0;95;0;200;0;
20756;6441020;1066491904;30019584;1208242176;0;0;0;0;0;0;0;0;0;0;0;3607;0;0;95;0;200;0;
20757;8535968;1066491904;30019584;1208242176;0;0;0;0;0;0;0;0;0;0;0;3907;0;0;95;0;200;0;
20758;5638394;1066491904;30019584;1208242176;0;0;0;0;0;0;0;0;0;0;0;3457;0;0;95;0;200;0;
20759;8179099;1066491904;30019584;1208242176;0;0;0;0;0;0;0;0;0;0;0;3156;0;0;95;0;200;0;
20760;6132310;1055821824;18186240;1196408832;0;0;0;0;0;0;0;0;0;0;0;2575;0;0;95;0;200;0;
20761;7359843;1055821824;18186240;1196408832;0;0;0;0;0;0;0;0;0;0;0;3276;0;0;95;0;200;0;
20762;4976232;1055821824;18186240;1196408832;0;0;0;0;0;0;0;0;0;0;0;3437;0;0;95;0;200;0;
20763;5570717;1055821824;18186240;1196408832;0;0;0;0;0;0;0;0;0;0;0;3747;0;0;95;0;200;0;
20764;5145970;1055821824;18186240;1196408832;0;0;0;0;0;0;0;0;0;0;0;3977;0;0;95;0;200;0;
20765;7819795;1055821824;18186240;1196408832;0;0;0;0;0;0;0;0;0;0;0;3707;0;0;95;0;200;0;
20766;6170141;1055821824;18186240;1196408832;0;0;0;0;0;0;0;0;0;0;0;5029;0;0;95;0;200;0;
20767;6929465;1055821824;18186240;1196408832;0;0;0;0;0;0;0;0;0;0;0;4167;0;0;95;0;200;0;
20768;4526048;1055821824;18186240;1196408832;0;0;0;0;0;0;0;0;0;0;0;5040;0;0;95;0;200;0;
20769;8469954;1055821824;18186240;1196408832;0;0;0;0;0;0;0;0;0;0;0;2605;0;0;95;0;200;0;
20770;4118915;1055821824;18186240;1196408832;0;0;0;0;0;0;0;0;0;0;0;3266;0;0;95;0;200;0;
20771;8470345;1055821824;18186240;1196408832;0;0;0;0;0;0;0;0;0;0;0;2796;0;0;95;0;200;0;
20772;5064077;1055821824;18186240;1196408832;0;0;0;0;0;0;0;0;0;0;0;3216;0;0;95;0;200;0;
20773;8693283;1055821824;18186240;1196408832;0;0;0;0;0;0;0;0;0;0;0;4699;0;0;95;0;200;0;
20774;4951776;1055821824;18186240;1196408832;0;0;0;0;0;0;0;0;0;0;0;4118;0;0;95;0;200;0;
20775;9256649;1055821824;18186240;1196408832;0;0;0;0;0;0;0;0;0;0;0;3426;0;0;95;0;200;0;
20776;6802798;1055821824;18186240;1196408832;0;0;0;0;0;0;0;0;0;0;0;4348;0;0;95;0;200;0;
20777;10053084;1059803136;30019584;1208242176;0;0;0;0;0;0;0;0;0;0;0;4137;0;0;95;0;200;0;
20778;9045554;1063997440;30019584;1208242176;0;0;0;0;0;0;0;0;0;0;0;4198;0;0;95;0;200;0;
20779;7295762;1066627072;30019584;1208242176;0;0;0;0;0;0;0;0;0;0;0;3206;0;0;95;0;200;0;
20780;7258612;1066627072;30027776;1208250368;0;0;0;0;0;0;0;0;0;0;0;3126;0;0;95;0;200;0;
20781;6772531;1066627072;30027776;1208250368;0;0;0;0;0;0;0;0;0;0;0;4137;0;0;95;0;200;0;
20782;6773654;1066627072;30027776;1208250368;0;0;0;0;0;0;0;0;0;0;0;60313;0;0;95;0;200;0;
20783;6948441;1066627072;30027776;1208250368;0;0;0;0;0;0;0;0;0;0;0;3336;0;0;95;0;200;0;
20784;7169736;1055236096;18534400;1196756992;0;0;0;0;0;0;0;0;0;0;0;3997;0;0;95;0;200;0;
20785;5342869;1055236096;18534400;1196756992;0;0;0;0;0;0;0;0;0;0;0;2425;0;0;95;0;200;0;
20786;6578006;1055227904;18526208;1196748800;0;0;0;0;0;0;0;0;0;0;0;3206;0;0;95;0;200;0;
20787;7067985;1055227904;18526208;1196748800;0;0;0;0;0;0;0;0;0;0;0;2645;0;0;95;0;200;0;
20788;6436801;1055227904;18526208;1196748800;0;0;0;0;0;0;0;0;0;0;0;3988;0;0;95;0;200;0;
20789;11098975;1055227904;18526208;1196748800;0;0;0;0;0;0;0;0;0;0;0;2415;0;0;95;0;200;0;
20790;5532836;1055227904;18526208;1196748800;0;0;0;0;0;0;0;0;0;0;0;4328;0;0;95;0;200;0;
20791;6961065;1055227904;18526208;1196748800;0;0;0;0;0;0;0;0;0;0;0;4147;0;0;95;0;200;0;
20792;5247712;1055227904;18526208;1196748800;0;0;0;0;0;0;0;0;0;0;0;4318;0;0;95;0;200;0;
20793;8991182;1055227904;18526208;1196748800;0;0;0;0;0;0;0;0;0;0;0;5801;0;0;95;0;200;0;
20794;6467610;1055227904;18526208;1196748800;0;0;0;0;0;0;0;0;0;0;0;3536;0;0;95;0;200;0;
20795;8480053;1055227904;18526208;1196748800;0;0;0;0;0;0;0;0;0;0;0;4187;0;0;95;0;200;0;
20796;5664593;1055227904;18526208;1196748800;0;0;0;0;0;0;0;0;0;0;0;4007;0;0;95;0;200;0;
20797;8736725;1055227904;18526208;1196748800;0;0;0;0;0;0;0;0;0;0;0;3707;0;0;95;0;200;0;
20798;5767586;1055227904;18526208;1196748800;0;0;0;0;0;0;0;0;0;0;0;3597;0;0;95;0;200;0;
20799;8509088;1055227904;18526208;1196748800;0;0;0;0;0;0;0;0;0;0;0;4709;0;0;95;0;200;0;
20800;5329906;1055227904;18526208;1196748800;0;0;0;0;0;0;0;0;0;0;0;5280;0;0;95;0;200;0;
20801;11270396;1060225024;30019584;1208242176;0;0;0;0;0;0;0;0;0;0;0;3497;0;0;95;0;200;0;
20802;4737435;1062322176;30019584;1208242176;0;0;0;0;0;0;0;0;0;0;0;5651;0;0;95;0;200;0;
20803;10161858;1066516480;30019584;1208242176;0;0;0;0;0;0;0;0;0;0;0;3958;0;0;95;0;200;0;
20804;5009805;1066516480;30019584;1208242176;0;0;0;0;0;0;0;0;0;0;0;3887;0;0;95;0;200;0;
20805;8708792;1066516480;30019584;1208242176;0;0;0;0;0;0;0;0;0;0;0;3807;0;0;95;0;200;0;
20806;3683889;1066516480;30019584;1208242176;0;0;0;0;0;0;0;0;0;0;0;4329;0;0;95;0;200;0;
20807;7155149;1066516480;30019584;1208242176;0;0;0;0;0;0;0;0;0;0;0;4258;0;0;95;0;200;0;
20808;6565152;1055821824;18186240;1196408832;0;0;0;0;0;0;0;0;0;0;0;2695;0;0;95;0;200;0;
20809;8119387;1055821824;18186240;1196408832;0;0;0;0;0;0;0;0;0;0;0;5811;0;0;95;0;200;0;
20810;5836756;1055821824;18186240;1196408832;0;0;0;0;0;0;0;0;0;0;0;3016;0;0;95;0;200;0;
20811;7481651;1055821824;18186240;1196408832;0;0;0;0;0;0;0;0;0;0;0;4228;0;0;95;0;200;0;
20812;5720047;1055821824;18186240;1196408832;0;0;0;0;0;0;0;0;0;0;0;4409;0;0;95;0;200;0;
20813;6128443;1055821824;18186240;1196408832;0;0;0;0;0;0;0;0;0;0;0;3035;0;0;95;0;200;0;
20814;5651729;1055821824;18186240;1196408832;0;0;0;0;0;0;0;0;0;0;0;4890;0;0;95;0;200;0;
20815;7867415;1055821824;18186240;1196408832;0;0;0;0;0;0;0;0;0;0;0;3536;0;0;95;0;200;0;
20816;4922782;1055821824;18186240;1196408832;0;0;0;0;0;0;0;0;0;0;0;5500;0;0;95;0;200;0;
20817;7969336;1055821824;18186240;1196408832;0;0;0;0;0;0;0;0;0;0;0;4168;0;0;95;0;200;0;
20818;6113115;1055821824;18186240;1196408832;0;0;0;0;0;0;0;0;0;0;0;3477;0;0;95;0;200;0;
20819;6978247;1055821824;18186240;1196408832;0;0;0;0;0;0;0;0;0;0;0;2855;0;0;95;0;200;0;
20820;5233104;1055821824;18186240;1196408832;0;0;0;0;0;0;0;0;0;0;0;3206;0;0;95;0;200;0;
20821;7567412;1055821824;18186240;1196408832;0;0;0;0;0;0;0;0;0;0;0;4499;0;0;95;0;200;0;
20822;4499438;1055821824;18186240;1196408832;0;0;0;0;0;0;0;0;0;0;0;3797;0;0;95;0;200;0;
20823;8588367;1059803136;30019584;1208242176;0;0;0;0;0;0;0;0;0;0;0;3667;0;0;95;0;200;0;
20824;7044932;1063997440;30019584;1208242176;0;0;0;0;0;0;0;0;0;0;0;4278;0;0;95;0;200;0;
20825;7468717;1066627072;30019584;1208242176;0;0;0;0;0;0;0;0;0;0;0;2845;0;0;95;0;200;0;
20826;5539559;1066627072;30019584;1208242176;0;0;0;0;0;0;0;0;0;0;0;4328;0;0;95;0;200;0;
20827;7433601;1066627072;30019584;1208242176;0;0;0;0;0;0;0;0;0;0;0;3537;0;0;95;0;200;0;
20828;6138512;1066627072;30019584;1208242176;0;0;0;0;0;0;0;0;0;0;0;4708;0;0;95;0;200;0;
20829;7404927;1066627072;30019584;1208242176;0;0;0;0;0;0;0;0;0;0;0;3256;0;0;95;0;200;0;
20830;7877263;1055252480;18526208;1196748800;0;0;0;0;0;0;0;0;0;0;0;3367;0;0;95;0;200;0;
20831;8920269;1055252480;18526208;1196748800;0;0;0;0;0;0;0;0;0;0;0;4128;0;0;95;0;200;0;
20832;6531549;1055252480;18526208;1196748800;0;0;0;0;0;0;0;0;0;0;0;4409;0;0;95;0;200;0;
20833;6870064;1055252480;18526208;1196748800;0;0;0;0;0;0;0;0;0;0;0;2935;0;0;95;0;200;0;
20834;6793170;1055252480;18526208;1196748800;0;0;0;0;0;0;0;0;0;0;0;3797;0;0;95;0;200;0;
20835;7178562;1055252480;18526208;1196748800;0;0;0;0;0;0;0;0;0;0;0;4909;0;0;95;0;200;0;
20836;5654865;1055252480;18526208;1196748800;0;0;0;0;0;0;0;0;0;0;0;4418;0;0;95;0;200;0;
20837;7833360;1055252480;18526208;1196748800;0;0;0;0;0;0;0;0;0;0;0;3967;0;0;95;0;200;0;
20838;4621758;1055252480;18526208;1196748800;0;0;0;0;0;0;0;0;0;0;0;3426;0;0;95;0;200;0;
20839;8022335;1055252480;18526208;1196748800;0;0;0;0;0;0;0;0;0;0;0;3146;0;0;95;0;200;0;
20840;4162948;1055252480;18526208;1196748800;0;0;0;0;0;0;0;0;0;0;0;3537;0;0;95;0;200;0;
20841;8966035;1055252480;18526208;1196748800;0;0;0;0;0;0;0;0;0;0;0;4739;0;0;95;0;200;0;
20842;5150019;1055252480;18526208;1196748800;0;0;0;0;0;0;0;0;0;0;0;3367;0;0;95;0;200;0;
20843;7074587;1055252480;18526208;1196748800;0;0;0;0;0;0;0;0;0;0;0;3637;0;0;95;0;200;0;
20844;6220806;1055252480;18526208;1196748800;0;0;0;0;0;0;0;0;0;0;0;3306;0;0;95;0;200;0;
20845;7367597;1055252480;18526208;1196748800;0;0;0;0;0;0;0;0;0;0;0;3257;0;0;95;0;200;0;
20846;5783186;1055252480;18526208;1196748800;0;0;0;0;0;0;0;0;0;0;0;4899;0;0;95;0;200;0;
20847;7525273;1060249600;30019584;1208242176;0;0;0;0;0;0;0;0;0;0;0;2745;0;0;95;0;200;0;
20848;4360317;1062346752;30019584;1208242176;0;0;0;0;0;0;0;0;0;0;0;4188;0;0;95;0;200;0;
20849;7884126;1066541056;30019584;1208242176;0;0;0;0;0;0;0;0;0;0;0;3486;0;0;95;0;200;0;
20850;5964055;1066541056;30019584;1208242176;0;0;0;0;0;0;0;0;0;0;0;3416;0;0;95;0;200;0;
20851;6609606;1066541056;30019584;1208242176;0;0;0;0;0;0;0;0;0;0;0;3025;0;0;95;0;200;0;
20852;4926690;1066541056;30019584;1208242176;0;0;0;0;0;0;0;0;0;0;0;3587;0;0;95;0;200;0;
20853;6478450;1066541056;30019584;1208242176;0;0;0;0;0;0;0;0;0;0;0;3006;0;0;95;0;200;0;
20854;4713901;1055821824;18186240;1196408832;0;0;0;0;0;0;0;0;0;0;0;2965;0;0;95;0;200;0;
20855;8009621;1055821824;18186240;1196408832;0;0;0;0;0;0;0;0;0;0;0;3326;0;0;95;0;200;0;
20856;4885873;1055821824;18186240;1196408832;0;0;0;0;0;0;0;0;0;0;0;4509;0;0;95;0;200;0;
20857;7801210;1055821824;18186240;1196408832;0;0;0;0;0;0;0;0;0;0;0;3406;0;0;95;0;200;0;
20858;5705249;1055821824;18186240;1196408832;0;0;0;0;0;0;0;0;0;0;0;3206;0;0;95;0;200;0;
20859;5828531;1055821824;18186240;1196408832;0;0;0;0;0;0;0;0;0;0;0;2836;0;0;95;0;200;0;
20860;6862429;1055821824;18186240;1196408832;0;0;0;0;0;0;0;0;0;0;0;3878;0;0;95;0;200;0;
20861;7426828;1055821824;18186240;1196408832;0;0;0;0;0;0;0;0;0;0;0;2935;0;0;95;0;200;0;
20862;5884996;1055821824;18186240;1196408832;0;0;0;0;0;0;0;0;0;0;0;2695;0;0;95;0;200;0;
20863;6522392;1055821824;18186240;1196408832;0;0;0;0;0;0;0;0;0;0;0;2675;0;0;95;0;200;0;
20864;5648533;1055821824;18186240;1196408832;0;0;0;0;0;0;0;0;0;0;0;3577;0;0;95;0;200;0;
20865;6717288;1055821824;18186240;1196408832;0;0;0;0;0;0;0;0;0;0;0;3727;0;0;95;0;200;0;
20866;8735573;1055821824;18186240;1196408832;0;0;0;0;0;0;0;0;0;0;0;3377;0;0;95;0;200;0;
20867;6147759;1055821824;18186240;1196408832;0;0;0;0;0;0;0;0;0;0;0;2455;0;0;95;0;200;0;
20868;7857306;1055821824;18186240;1196408832;0;0;0;0;0;0;0;0;0;0;0;3176;0;0;95;0;200;0;
20869;6771439;1055821824;18186240;1196408832;0;0;0;0;0;0;0;0;0;0;0;2685;0;0;95;0;200;0;
20870;5583592;1055821824;18186240;1196408832;0;0;0;0;0;0;0;0;0;0;0;3837;0;0;95;0;200;0;
20871;6689365;1059803136;30019584;1208242176;0;0;0;0;0;0;0;0;0;0;0;3327;0;0;95;0;200;0;
20872;5028741;1063997440;30019584;1208242176;0;0;0;0;0;0;0;0;0;0;0;3526;0;0;95;0;200;0;
20873;8033486;1066627072;30019584;1208242176;0;0;0;0;0;0;0;0;0;0;0;4418;0;0;95;0;200;0;
20874;4709993;1066627072;30019584;1208242176;0;0;0;0;0;0;0;0;0;0;0;4479;0;0;95;0;200;0;
20875;7534230;1066627072;30019584;1208242176;0;0;0;0;0;0;0;0;0;0;0;3616;0;0;95;0;200;0;
20876;5370412;1066627072;30019584;1208242176;0;0;0;0;0;0;0;0;0;0;0;3005;0;0;95;0;200;0;
20877;7796031;1066627072;30019584;1208242176;0;0;0;0;0;0;0;0;0;0;0;3507;0;0;95;0;200;0;
20878;6692311;1055277056;18526208;1196748800;0;0;0;0;0;0;0;0;0;0;0;3577;0;0;95;0;200;0;
20879;6432453;1055277056;18526208;1196748800;0;0;0;0;0;0;0;0;0;0;0;4328;0;0;95;0;200;0;
20880;4114767;1055277056;18526208;1196748800;0;0;0;0;0;0;0;0;0;0;0;3306;0;0;95;0;200;0;
20881;7961180;1055277056;18526208;1196748800;0;0;0;0;0;0;0;0;0;0;0;2415;0;0;95;0;200;0;
20882;4672162;1055277056;18526208;1196748800;0;0;0;0;0;0;0;0;0;0;0;3667;0;0;95;0;200;0;
20883;6586001;1055277056;18526208;1196748800;0;0;0;0;0;0;0;0;0;0;0;2725;0;0;95;0;200;0;
20884;6381558;1055277056;18526208;1196748800;0;0;0;0;0;0;0;0;0;0;0;3917;0;0;95;0;200;0;
20885;6514628;1055277056;18526208;1196748800;0;0;0;0;0;0;0;0;0;0;0;2705;0;0;95;0;200;0;
20886;5111086;1055277056;18526208;1196748800;0;0;0;0;0;0;0;0;0;0;0;3777;0;0;95;0;200;0;
20887;6982695;1055277056;18526208;1196748800;0;0;0;0;0;0;0;0;0;0;0;3266;0;0;95;0;200;0;
20888;4591070;1055277056;18526208;1196748800;0;0;0;0;0;0;0;0;0;0;0;4378;0;0;95;0;200;0;
20889;6051108;1055277056;18526208;1196748800;0;0;0;0;0;0;0;0;0;0;0;3046;0;0;95;0;200;0;
20890;4902164;1055277056;18526208;1196748800;0;0;0;0;0;0;0;0;0;0;0;3366;0;0;95;0;200;0;
20891;7017761;1055277056;18526208;1196748800;0;0;0;0;0;0;0;0;0;0;0;3667;0;0;95;0;200;0;
20892;5413943;1055277056;18526208;1196748800;0;0;0;0;0;0;0;0;0;0;0;3887;0;0;95;0;200;0;
20893;6812085;1060274176;30019584;1208242176;0;0;0;0;0;0;0;0;0;0;0;2876;0;0;95;0;200;0;
20894;5284621;1064468480;30019584;1208242176;0;0;0;0;0;0;0;0;0;0;0;3807;0;0;95;0;200;0;
20895;7435315;1066565632;30019584;1208242176;0;0;0;0;0;0;0;0;0;0;0;3486;0;0;95;0;200;0;
20896;5301643;1066565632;30019584;1208242176;0;0;0;0;0;0;0;0;0;0;0;4378;0;0;95;0;200;0;
20897;6639341;1066565632;30019584;1208242176;0;0;0;0;0;0;0;0;0;0;0;3306;0;0;95;0;200;0;
20898;7629388;1066565632;30019584;1208242176;0;0;0;0;0;0;0;0;0;0;0;3246;0;0;95;0;200;0;
20899;6322237;1066565632;30019584;1208242176;0;0;0;0;0;0;0;0;0;0;0;2485;0;0;95;0;200;0;
20900;5072924;1055821824;18186240;1196408832;0;0;0;0;0;0;0;0;0;0;0;3567;0;0;95;0;200;0;
20901;9626323;1055821824;18186240;1196408832;0;0;0;0;0;0;0;0;0;0;0;3617;0;0;95;0;200;0;
20902;5002782;1055821824;18186240;1196408832;0;0;0;0;0;0;0;0;0;0;0;2966;0;0;95;0;200;0;
20903;10559984;1055821824;18186240;1196408832;0;0;0;0;0;0;0;0;0;0;0;3917;0;0;95;0;200;0;
20904;5416829;1055821824;18186240;1196408832;0;0;0;0;0;0;0;0;0;0;0;3056;0;0;95;0;200;0;
20905;7491679;1055821824;18186240;1196408832;0;0;0;0;0;0;0;0;0;0;0;3577;0;0;95;0;200;0;
20906;5347780;1055821824;18186240;1196408832;0;0;0;0;0;0;0;0;0;0;0;3787;0;0;95;0;200;0;
20907;5886890;1055821824;18186240;1196408832;0;0;0;0;0;0;0;0;0;0;0;3046;0;0;95;0;200;0;
20908;5757557;1055821824;18186240;1196408832;0;0;0;0;0;0;0;0;0;0;0;2905;0;0;95;0;200;0;
20909;6134364;1055821824;18186240;1196408832;0;0;0;0;0;0;0;0;0;0;0;2685;0;0;95;0;200;0;
20910;6243599;1055821824;18186240;1196408832;0;0;0;0;0;0;0;0;0;0;0;4068;0;0;95;0;200;0;
20911;8211981;1055821824;18186240;1196408832;0;0;0;0;0;0;0;0;0;0;0;3146;0;0;95;0;200;0;
20912;7152824;1055821824;18186240;1196408832;0;0;0;0;0;0;0;0;0;0;0;4388;0;0;95;0;200;0;
20913;6776218;1055821824;18186240;1196408832;0;0;0;0;0;0;0;0;0;0;0;2515;0;0;95;0;200;0;
20914;4719751;1055821824;18186240;1196408832;0;0;0;0;0;0;0;0;0;0;0;3206;0;0;95;0;200;0;
20915;8098458;1055821824;18186240;1196408832;0;0;0;0;0;0;0;0;0;0;0;3086;0;0;95;0;200;0;
20916;4598093;1055821824;18186240;1196408832;0;0;0;0;0;0;0;0;0;0;0;4669;0;0;95;0;200;0;
20917;8753757;1059803136;30019584;1208242176;0;0;0;0;0;0;0;0;0;0;0;4559;0;0;95;0;200;0;
20918;4248698;1063997440;30019584;1208242176;0;0;0;0;0;0;0;0;0;0;0;138450;0;0;95;0;200;0;
20919;8363715;1066627072;30019584;1208242176;0;0;0;0;0;0;0;0;0;0;0;4298;0;0;95;0;200;0;
20920;4709773;1066627072;30019584;1208242176;0;0;0;0;0;0;0;0;0;0;0;4198;0;0;95;0;200;0;
20921;7287507;1066627072;30019584;1208242176;0;0;0;0;0;0;0;0;0;0;0;1984;0;0;95;0;200;0;
20922;4156986;1066627072;30019584;1208242176;0;0;0;0;0;0;0;0;0;0;0;3927;0;0;95;0;200;0;
20923;5402582;1066627072;30019584;1208242176;0;0;0;0;0;0;0;0;0;0;0;2154;0;0;95;0;200;0;
20924;6944443;1055301632;18526208;1196748800;0;0;0;0;0;0;0;0;0;0;0;2655;0;0;95;0;200;0;
20925;7437308;1055301632;18526208;1196748800;0;0;0;0;0;0;0;0;0;0;0;3236;0;0;95;0;200;0;
20926;7152744;1055301632;18526208;1196748800;0;0;0;0;0;0;0;0;0;0;0;4558;0;0;95;0;200;0;
20927;7738352;1055301632;18526208;1196748800;0;0;0;0;0;0;0;0;0;0;0;2906;0;0;95;0;200;0;
20928;4616788;1055301632;18526208;1196748800;0;0;0;0;0;0;0;0;0;0;0;3587;0;0;95;0;200;0;
20929;9610904;1055301632;18526208;1196748800;0;0;0;0;0;0;0;0;0;0;0;3847;0;0;95;0;200;0;
20930;3649795;1055301632;18526208;1196748800;0;0;0;0;0;0;0;0;0;0;0;3527;0;0;95;0;200;0;
20931;7760855;1055301632;18526208;1196748800;0;0;0;0;0;0;0;0;0;0;0;3005;0;0;95;0;200;0;
20932;5077722;1055301632;18526208;1196748800;0;0;0;0;0;0;0;0;0;0;0;4629;0;0;95;0;200;0;
20933;8888259;1055301632;18526208;1196748800;0;0;0;0;0;0;0;0;0;0;0;3587;0;0;95;0;200;0;
20934;5574915;1055301632;18526208;1196748800;0;0;0;0;0;0;0;0;0;0;0;4068;0;0;95;0;200;0;
20935;6519166;1055301632;18526208;1196748800;0;0;0;0;0;0;0;0;0;0;0;2494;0;0;95;0;200;0;
20936;6097445;1055301632;18526208;1196748800;0;0;0;0;0;0;0;0;0;0;0;3546;0;0;95;0;200;0;
20937;6683253;1055301632;18526208;1196748800;0;0;0;0;0;0;0;0;0;0;0;4478;0;0;95;0;200;0;
20938;9153457;1055301632;18526208;1196748800;0;0;0;0;0;0;0;0;0;0;0;3867;0;0;95;0;200;0;
20939;9710611;1055301632;18526208;1196748800;0;0;0;0;0;0;0;0;0;0;0;3587;0;0;95;0;200;0;
20940;12848726;1055301632;18526208;1196748800;0;0;0;0;0;0;0;0;0;0;0;3897;0;0;95;0;200;0;
20941;8891845;1060298752;30019584;1208242176;0;0;0;0;0;0;0;0;0;0;0;3827;0;0;95;0;200;0;
20942;8562437;1064493056;30019584;1208242176;0;0;0;0;0;0;0;0;0;0;0;3256;0;0;95;0;200;0;
20943;8665831;1066590208;30019584;1208242176;0;0;0;0;0;0;0;0;0;0;0;3767;0;0;95;0;200;0;
20944;4959230;1066590208;30019584;1208242176;0;0;0;0;0;0;0;0;0;0;0;6001;0;0;95;0;200;0;
20945;6925257;1066590208;30019584;1208242176;0;0;0;0;0;0;0;0;0;0;0;3697;0;0;95;0;200;0;
20946;4915589;1066590208;30019584;1208242176;0;0;0;0;0;0;0;0;0;0;0;4188;0;0;95;0;200;0;
20947;6672854;1066590208;30019584;1208242176;0;0;0;0;0;0;0;0;0;0;0;5189;0;0;95;0;200;0;
20948;6474432;1055821824;18186240;1196408832;0;0;0;0;0;0;0;0;0;0;0;2395;0;0;95;0;200;0;
20949;6366169;1055821824;18186240;1196408832;0;0;0;0;0;0;0;0;0;0;0;2315;0;0;95;0;200;0;
20950;6687672;1055821824;18186240;1196408832;0;0;0;0;0;0;0;0;0;0;0;4990;0;0;95;0;200;0;
20951;6824869;1055821824;18186240;1196408832;0;0;0;0;0;0;0;0;0;0;0;2685;0;0;95;0;200;0;
20952;5235919;1055821824;18186240;1196408832;0;0;0;0;0;0;0;0;0;0;0;3737;0;0;95;0;200;0;
20953;7152193;1055821824;18186240;1196408832;0;0;0;0;0;0;0;0;0;0;0;4399;0;0;95;0;200;0;
20954;4127451;1055821824;18186240;1196408832;0;0;0;0;0;0;0;0;0;0;0;4057;0;0;95;0;200;0;
20955;6970582;1055821824;18186240;1196408832;0;0;0;0;0;0;0;0;0;0;0;2224;0;0;95;0;200;0;
20956;7857085;1055821824;18186240;1196408832;0;0;0;0;0;0;0;0;0;0;0;5069;0;0;95;0;200;0;
20957;5718193;1055821824;18186240;1196408832;0;0;0;0;0;0;0;0;0;0;0;2324;0;0;95;0;200;0;
20958;7949679;1055821824;18186240;1196408832;0;0;0;0;0;0;0;0;0;0;0;4358;0;0;95;0;200;0;
20959;6373392;1055821824;18186240;1196408832;0;0;0;0;0;0;0;0;0;0;0;2765;0;0;95;0;200;0;
20960;8000324;1055821824;18186240;1196408832;0;0;0;0;0;0;0;0;0;0;0;3075;0;0;95;0;200;0;
20961;8865877;1055821824;18186240;1196408832;0;0;0;0;0;0;0;0;0;0;0;3768;0;0;95;0;200;0;
20962;5112217;1055821824;18186240;1196408832;0;0;0;0;0;0;0;0;0;0;0;4679;0;0;95;0;200;0;
20963;9892713;1059803136;30019584;1208242176;0;0;0;0;0;0;0;0;0;0;0;3938;0;0;95;0;200;0;
20964;5009465;1063997440;30019584;1208242176;0;0;0;0;0;0;0;0;0;0;0;10630;0;0;95;0;200;0;
20965;8024539;1066627072;30019584;1208242176;0;0;0;0;0;0;0;0;0;0;0;3336;0;0;95;0;200;0;
20966;5117267;1066627072;30019584;1208242176;0;0;0;0;0;0;0;0;0;0;0;3437;0;0;95;0;200;0;
20967;7430024;1066627072;30019584;1208242176;0;0;0;0;0;0;0;0;0;0;0;5020;0;0;95;0;200;0;
20968;9115565;1066627072;30019584;1208242176;0;0;0;0;0;0;0;0;0;0;0;3477;0;0;95;0;200;0;
20969;6641105;1066627072;30019584;1208242176;0;0;0;0;0;0;0;0;0;0;0;6001;0;0;95;0;200;0;
20970;4713099;1055326208;18526208;1196748800;0;0;0;0;0;0;0;0;0;0;0;5360;0;0;95;0;200;0;
20971;8838816;1055326208;18526208;1196748800;0;0;0;0;0;0;0;0;0;0;0;4458;0;0;95;0;200;0;
20972;5924992;1055326208;18526208;1196748800;0;0;0;0;0;0;0;0;0;0;0;3436;0;0;95;0;200;0;
20973;10011957;1055326208;18526208;1196748800;0;0;0;0;0;0;0;0;0;0;0;4769;0;0;95;0;200;0;
20974;5214719;1055326208;18526208;1196748800;0;0;0;0;0;0;0;0;0;0;0;6242;0;0;95;0;200;0;
20975;8870526;1055326208;18526208;1196748800;0;0;0;0;0;0;0;0;0;0;0;3707;0;0;95;0;200;0;
20976;5622194;1055326208;18526208;1196748800;0;0;0;0;0;0;0;0;0;0;0;3657;0;0;95;0;200;0;
20977;8166475;1055326208;18526208;1196748800;0;0;0;0;0;0;0;0;0;0;0;3947;0;0;95;0;200;0;
20978;6158840;1055326208;18526208;1196748800;0;0;0;0;0;0;0;0;0;0;0;4789;0;0;95;0;200;0;
20979;9618779;1055326208;18526208;1196748800;0;0;0;0;0;0;0;0;0;0;0;4067;0;0;95;0;200;0;
20980;6624043;1055326208;18526208;1196748800;0;0;0;0;0;0;0;0;0;0;0;3256;0;0;95;0;200;0;
20981;9345156;1055326208;18526208;1196748800;0;0;0;0;0;0;0;0;0;0;0;4208;0;0;95;0;200;0;
20982;7696033;1055326208;18526208;1196748800;0;0;0;0;0;0;0;0;0;0;0;4869;0;0;95;0;200;0;
20983;9309439;1055326208;18526208;1196748800;0;0;0;0;0;0;0;0;0;0;0;3547;0;0;95;0;200;0;
20984;6641486;1055326208;18526208;1196748800;0;0;0;0;0;0;0;0;0;0;0;3888;0;0;95;0;200;0;
20985;11160831;1055326208;18526208;1196748800;0;0;0;0;0;0;0;0;0;0;0;3797;0;0;95;0;200;0;
20986;6951587;1055326208;18526208;1196748800;0;0;0;0;0;0;0;0;0;0;0;5741;0;0;95;0;200;0;
20987;10152861;1060323328;30019584;1208242176;0;0;0;0;0;0;0;0;0;0;0;2765;0;0;95;0;200;0;
20988;6273866;1064517632;30019584;1208242176;0;0;0;0;0;0;0;0;0;0;0;4348;0;0;95;0;200;0;
20989;9057687;1066614784;30019584;1208242176;0;0;0;0;0;0;0;0;0;0;0;3637;0;0;95;0;200;0;
20990;6211479;1066614784;30019584;1208242176;0;0;0;0;0;0;0;0;0;0;0;2945;0;0;95;0;200;0;
20991;7037288;1066614784;30019584;1208242176;0;0;0;0;0;0;0;0;0;0;0;4519;0;0;95;0;200;0;
20992;6557017;1066614784;30019584;1208242176;0;0;0;0;0;0;0;0;0;0;0;3026;0;0;95;0;200;0;
20993;8083860;1066614784;30019584;1208242176;0;0;0;0;0;0;0;0;0;0;0;2965;0;0;95;0;200;0;
20994;9752740;1055821824;18186240;1196408832;0;0;0;0;0;0;0;0;0;0;0;2866;0;0;95;0;200;0;
20995;5323153;1055821824;18186240;1196408832;0;0;0;0;0;0;0;0;0;0;0;2995;0;0;95;0;200;0;
20996;8528965;1055821824;18186240;1196408832;0;0;0;0;0;0;0;0;0;0;0;4619;0;0;95;0;200;0;
20997;7725228;1055821824;18186240;1196408832;0;0;0;0;0;0;0;0;0;0;0;3777;0;0;95;0;200;0;
20998;7071421;1055821824;18186240;1196408832;0;0;0;0;0;0;0;0;0;0;0;4088;0;0;95;0;200;0;
20999;9463678;1055821824;18186240;1196408832;0;0;0;0;0;0;0;0;0;0;0;4178;0;0;95;0;200;0;
21000;7186397;1055821824;18194432;1196417024;0;0;0;0;0;0;0;0;0;0;0;3777;0;0;95;0;200;0;
21001;10382932;1059803136;30027776;1208250368;0;0;0;0;0;0;0;0;0;0;0;4077;0;0;95;0;200;0;
21002;7593641;1063997440;30027776;1208250368;0;0;0;0;0;0;0;0;0;0;0;3978;0;0;95;0;200;0;
21003;9611946;1066627072;30027776;1208250368;0;0;0;0;0;0;0;0;0;0;0;4449;0;0;95;0;200;0;
21004;8461107;1066627072;30027776;1208250368;0;0;0;0;0;0;0;0;0;0;0;8245;0;0;95;0;200;0;
21005;7379459;1066627072;30027776;1208250368;0;0;0;0;0;0;0;0;0;0;0;4308;0;0;95;0;200;0;
21006;6942039;1066831872;30019584;1208242176;0;0;0;0;0;0;0;0;0;0;0;3026;0;0;95;0;200;0;
21007;6795103;1066831872;30019584;1208242176;0;0;0;0;0;0;0;0;0;0;0;3436;0;0;95;0;200;0;
21008;8208584;1055338496;18526208;1196748800;0;0;0;0;0;0;0;0;0;0;0;3667;0;0;95;0;200;0;
21009;7885238;1060335616;30019584;1208242176;0;0;0;0;0;0;0;0;0;0;0;3977;0;0;95;0;200;0;
21010;6428075;1064529920;30019584;1208242176;0;0;0;0;0;0;0;0;0;0;0;4017;0;0;95;0;200;0;
21011;7650688;1066627072;30019584;1208242176;0;0;0;0;0;0;0;0;0;0;0;3256;0;0;95;0;200;0;
21012;5494545;1066627072;30019584;1208242176;0;0;0;0;0;0;0;0;0;0;0;4429;0;0;95;0;200;0;
21013;8906663;1066627072;30019584;1208242176;0;0;0;0;0;0;0;0;0;0;0;4890;0;0;95;0;200;0;
21014;6059685;1066627072;30019584;1208242176;0;0;0;0;0;0;0;0;0;0;0;4508;0;0;95;0;200;0;
21015;9747651;1066627072;30019584;1208242176;0;0;0;0;0;0;0;0;0;0;0;3667;0;0;95;0;200;0;
21016;6977415;1055821824;18186240;1196408832;0;0;0;0;0;0;0;0;0;0;0;4489;0;0;95;0;200;0;
21017;8648409;1055821824;18186240;1196408832;0;0;0;0;0;0;0;0;0;0;0;5020;0;0;95;0;200;0;
21018;9045644;1055821824;18186240;1196408832;0;0;0;0;0;0;0;0;0;0;0;3156;0;0;95;0;200;0;
21019;9896079;1055821824;18186240;1196408832;0;0;0;0;0;0;0;0;0;0;0;6322;0;0;95;0;200;0;
21020;7042428;1055821824;18186240;1196408832;0;0;0;0;0;0;0;0;0;0;0;3507;0;0;95;0;200;0;
21021;11188713;1055821824;18186240;1196408832;0;0;0;0;0;0;0;0;0;0;0;5300;0;0;95;0;200;0;
21022;5794908;1055821824;18186240;1196408832;0;0;0;0;0;0;0;0;0;0;0;174628;0;0;95;0;200;0;
21023;9785151;1055821824;18186240;1196408832;0;0;0;0;0;0;0;0;0;0;0;3717;0;0;95;0;200;0;
21024;5364681;1055821824;18186240;1196408832;0;0;0;0;0;0;0;0;0;0;0;3226;0;0;95;0;200;0;
21025;10640074;1055821824;18186240;1196408832;0;0;0;0;0;0;0;0;0;0;0;4458;0;0;95;0;200;0;
21026;5846444;1055821824;18186240;1196408832;0;0;0;0;0;0;0;0;0;0;0;2865;0;0;95;0;200;0;
21027;8204025;1055821824;18186240;1196408832;0;0;0;0;0;0;0;0;0;0;0;3627;0;0;95;0;200;0;
21028;6491785;1055821824;18186240;1196408832;0;0;0;0;0;0;0;0;0;0;0;4589;0;0;95;0;200;0;
21029;7726720;1055821824;18186240;1196408832;0;0;0;0;0;0;0;0;0;0;0;3747;0;0;95;0;200;0;
21030;7160329;1055821824;18186240;1196408832;0;0;0;0;0;0;0;0;0;0;0;3607;0;0;95;0;200;0;
21031;6904158;1055821824;18186240;1196408832;0;0;0;0;0;0;0;0;0;0;0;3356;0;0;95;0;200;0;
21032;9123640;1055821824;18186240;1196408832;0;0;0;0;0;0;0;0;0;0;0;4969;0;0;95;0;200;0;
21033;10237570;1059803136;30019584;1208242176;0;0;0;0;0;0;0;0;0;0;0;3737;0;0;95;0;200;0;
21034;7060411;1063997440;30019584;1208242176;0;0;0;0;0;0;0;0;0;0;0;2765;0;0;95;0;200;0;
21035;9083164;1066627072;30019584;1208242176;0;0;0;0;0;0;0;0;0;0;0;4648;0;0;95;0;200;0;
21036;8519978;1066627072;30019584;1208242176;0;0;0;0;0;0;0;0;0;0;0;4018;0;0;95;0;200;0;
21037;9997338;1066627072;30019584;1208242176;0;0;0;0;0;0;0;0;0;0;0;4158;0;0;95;0;200;0;
21038;7414636;1066627072;30019584;1208242176;0;0;0;0;0;0;0;0;0;0;0;3036;0;0;95;0;200;0;
21039;8490904;1066627072;30019584;1208242176;0;0;0;0;0;0;0;0;0;0;0;3988;0;0;95;0;200;0;
21040;6150985;1055363072;18526208;1196748800;0;0;0;0;0;0;0;0;0;0;0;3697;0;0;95;0;200;0;
21041;7768849;1055363072;18526208;1196748800;0;0;0;0;0;0;0;0;0;0;0;4829;0;0;95;0;200;0;
21042;7541594;1055363072;18526208;1196748800;0;0;0;0;0;0;0;0;0;0;0;4598;0;0;95;0;200;0;
21043;6807266;1055363072;18526208;1196748800;0;0;0;0;0;0;0;0;0;0;0;3707;0;0;95;0;200;0;
21044;8742275;1055363072;18526208;1196748800;0;0;0;0;0;0;0;0;0;0;0;4799;0;0;95;0;200;0;
21045;9043049;1055363072;18526208;1196748800;0;0;0;0;0;0;0;0;0;0;0;5701;0;0;95;0;200;0;
21046;9217546;1055363072;18526208;1196748800;0;0;0;0;0;0;0;0;0;0;0;3807;0;0;95;0;200;0;
21047;7657420;1055363072;18526208;1196748800;0;0;0;0;0;0;0;0;0;0;0;4108;0;0;95;0;200;0;
21048;9892733;1055363072;18526208;1196748800;0;0;0;0;0;0;0;0;0;0;0;4809;0;0;95;0;200;0;
21049;5207627;1055363072;18526208;1196748800;0;0;0;0;0;0;0;0;0;0;0;2925;0;0;95;0;200;0;
21050;7890938;1055363072;18526208;1196748800;0;0;0;0;0;0;0;0;0;0;0;3637;0;0;95;0;200;0;
21051;11250299;1055363072;18526208;1196748800;0;0;0;0;0;0;0;0;0;0;0;3516;0;0;95;0;200;0;
21052;8108928;1055363072;18526208;1196748800;0;0;0;0;0;0;0;0;0;0;0;5100;0;0;95;0;200;0;
21053;8294264;1055363072;18526208;1196748800;0;0;0;0;0;0;0;0;0;0;0;4508;0;0;95;0;200;0;
21054;7372716;1055363072;18526208;1196748800;0;0;0;0;0;0;0;0;0;0;0;4268;0;0;95;0;200;0;
21055;8425321;1055363072;18526208;1196748800;0;0;0;0;0;0;0;0;0;0;0;4759;0;0;95;0;200;0;
21056;7296483;1055363072;18526208;1196748800;0;0;0;0;0;0;0;0;0;0;0;4719;0;0;95;0;200;0;
21057;10148913;1060360192;30019584;1208242176;0;0;0;0;0;0;0;0;0;0;0;3897;0;0;95;0;200;0;
21058;7092291;1064554496;30019584;1208242176;0;0;0;0;0;0;0;0;0;0;0;3076;0;0;95;0;200;0;
21059;8340502;1066651648;30019584;1208242176;0;0;0;0;0;0;0;0;0;0;0;3517;0;0;95;0;200;0;
21060;8238902;1066651648;30019584;1208242176;0;0;0;0;0;0;0;0;0;0;0;3867;0;0;95;0;200;0;
21061;8615146;1066651648;30019584;1208242176;0;0;0;0;0;0;0;0;0;0;0;4519;0;0;95;0;200;0;
21062;6511752;1066651648;30027776;1208250368;0;0;0;0;0;0;0;0;0;0;0;4779;0;0;95;0;200;0;
21063;7625962;1066651648;30027776;1208250368;0;0;0;0;0;0;0;0;0;0;0;4268;0;0;95;0;200;0;
21064;7950240;1066651648;30027776;1208250368;0;0;0;0;0;0;0;0;0;0;0;4509;0;0;95;0;200;0;
21065;8676382;1066651648;30027776;1208250368;0;0;0;0;0;0;0;0;0;0;0;4618;0;0;95;0;200;0;
21066;8894751;1066651648;30027776;1208250368;0;0;0;0;0;0;0;0;0;0;0;4509;0;0;95;0;200;0;
21067;12046141;1066651648;30027776;1208250368;0;0;0;0;0;0;0;0;0;0;0;1017979;0;0;95;0;200;0;
21068;6689205;1066872832;30023680;1208246272;0;0;0;0;0;0;0;0;0;0;0;4067;0;0;95;0;200;0;
21069;11124843;1066872832;30023680;1208246272;0;0;0;0;0;0;0;0;0;0;0;4879;0;0;95;0;200;0;
21070;7150720;1055379456;18530304;1196752896;0;0;0;0;0;0;0;0;0;0;0;4619;0;0;95;0;200;0;
21071;9369482;1055379456;18530304;1196752896;0;0;0;0;0;0;0;0;0;0;0;3967;0;0;95;0;200;0;
21072;6215547;1055379456;18530304;1196752896;0;0;0;0;0;0;0;0;0;0;0;3337;0;0;95;0;200;0;
21073;8815242;1055379456;18530304;1196752896;0;0;0;0;0;0;0;0;0;0;0;8216;0;0;95;0;200;0;
21074;7260536;1055379456;18530304;1196752896;0;0;0;0;0;0;0;0;0;0;0;3347;0;0;95;0;200;0;
21075;8091765;1055379456;18530304;1196752896;0;0;0;0;0;0;0;0;0;0;0;5881;0;0;95;0;200;0;
21076;7975588;1055375360;18526208;1196748800;0;0;0;0;0;0;0;0;0;0;0;4659;0;0;95;0;200;0;
21077;8577075;1055375360;18526208;1196748800;0;0;0;0;0;0;0;0;0;0;0;4719;0;0;95;0;200;0;
21078;6745080;1055375360;18526208;1196748800;0;0;0;0;0;0;0;0;0;0;0;3176;0;0;95;0;200;0;
21079;8865666;1060372480;30019584;1208242176;0;0;0;0;0;0;0;0;0;0;0;4128;0;0;95;0;200;0;
21080;6428065;1064566784;30019584;1208242176;0;0;0;0;0;0;0;0;0;0;0;3307;0;0;95;0;200;0;
21081;6829107;1066663936;30019584;1208242176;0;0;0;0;0;0;0;0;0;0;0;3927;0;0;95;0;200;0;
21082;6826452;1066663936;30019584;1208242176;0;0;0;0;0;0;0;0;0;0;0;4178;0;0;95;0;200;0;
21083;8271883;1066663936;30019584;1208242176;0;0;0;0;0;0;0;0;0;0;0;3947;0;0;95;0;200;0;
21084;8532262;1066663936;30019584;1208242176;0;0;0;0;0;0;0;0;0;0;0;4509;0;0;95;0;200;0;
21085;10651826;1066663936;30019584;1208242176;0;0;0;0;0;0;0;0;0;0;0;3757;0;0;95;0;200;0;
21086;8477889;1055821824;18186240;1196408832;0;0;0;0;0;0;0;0;0;0;0;3366;0;0;95;0;200;0;
21087;8349268;1055821824;18186240;1196408832;0;0;0;0;0;0;0;0;0;0;0;3407;0;0;95;0;200;0;
21088;7466443;1055821824;18186240;1196408832;0;0;0;0;0;0;0;0;0;0;0;3467;0;0;95;0;200;0;
21089;8750521;1055821824;18186240;1196408832;0;0;0;0;0;0;0;0;0;0;0;6583;0;0;95;0;200;0;
21090;6590600;1055821824;18186240;1196408832;0;0;0;0;0;0;0;0;0;0;0;3607;0;0;95;0;200;0;
21091;7338413;1055821824;18186240;1196408832;0;0;0;0;0;0;0;0;0;0;0;4118;0;0;95;0;200;0;
21092;7325588;1055821824;18186240;1196408832;0;0;0;0;0;0;0;0;0;0;0;2845;0;0;95;0;200;0;
21093;7573484;1055821824;18186240;1196408832;0;0;0;0;0;0;0;0;0;0;0;4659;0;0;95;0;200;0;
21094;5811158;1055821824;18186240;1196408832;0;0;0;0;0;0;0;0;0;0;0;5119;0;0;95;0;200;0;
21095;9669143;1055821824;18186240;1196408832;0;0;0;0;0;0;0;0;0;0;0;4809;0;0;95;0;200;0;
21096;4996690;1055821824;18186240;1196408832;0;0;0;0;0;0;0;0;0;0;0;4679;0;0;95;0;200;0;
21097;7033701;1055821824;18186240;1196408832;0;0;0;0;0;0;0;0;0;0;0;3296;0;0;95;0;200;0;
21098;6532210;1055821824;18186240;1196408832;0;0;0;0;0;0;0;0;0;0;0;137427;0;0;95;0;200;0;
21099;6973648;1055821824;18186240;1196408832;0;0;0;0;0;0;0;0;0;0;0;4388;0;0;95;0;200;0;
21100;6368163;1055821824;18186240;1196408832;0;0;0;0;0;0;0;0;0;0;0;5510;0;0;95;0;200;0;
21101;7071662;1055821824;18186240;1196408832;0;0;0;0;0;0;0;0;0;0;0;4529;0;0;95;0;200;0;
21102;8075214;1055821824;18186240;1196408832;0;0;0;0;0;0;0;0;0;0;0;4168;0;0;95;0;200;0;
21103;8644942;1059803136;30019584;1208242176;0;0;0;0;0;0;0;0;0;0;0;4078;0;0;95;0;200;0;
21104;9483585;1063997440;30019584;1208242176;0;0;0;0;0;0;0;0;0;0;0;3567;0;0;95;0;200;0;
21105;8201811;1066627072;30019584;1208242176;0;0;0;0;0;0;0;0;0;0;0;4097;0;0;95;0;200;0;
21106;8118194;1066627072;30019584;1208242176;0;0;0;0;0;0;0;0;0;0;0;4398;0;0;95;0;200;0;
21107;7888915;1066627072;30019584;1208242176;0;0;0;0;0;0;0;0;0;0;0;3647;0;0;95;0;200;0;
21108;4824067;1066627072;30019584;1208242176;0;0;0;0;0;0;0;0;0;0;0;4048;0;0;95;0;200;0;
21109;6404381;1066627072;30019584;1208242176;0;0;0;0;0;0;0;0;0;0;0;3437;0;0;95;0;200;0;
21110;6404721;1055399936;18526208;1196748800;0;0;0;0;0;0;0;0;0;0;0;3026;0;0;95;0;200;0;
21111;8576674;1055399936;18526208;1196748800;0;0;0;0;0;0;0;0;0;0;0;3416;0;0;95;0;200;0;
21112;5103592;1055399936;18526208;1196748800;0;0;0;0;0;0;0;0;0;0;0;3256;0;0;95;0;200;0;
21113;10888219;1055399936;18526208;1196748800;0;0;0;0;0;0;0;0;0;0;0;4358;0;0;95;0;200;0;
21114;5698106;1055399936;18526208;1196748800;0;0;0;0;0;0;0;0;0;0;0;4359;0;0;95;0;200;0;
21115;9712054;1055399936;18526208;1196748800;0;0;0;0;0;0;0;0;0;0;0;4588;0;0;95;0;200;0;
21116;7432709;1055399936;18526208;1196748800;0;0;0;0;0;0;0;0;0;0;0;4589;0;0;95;0;200;0;
21117;11293088;1055399936;18526208;1196748800;0;0;0;0;0;0;0;0;0;0;0;3887;0;0;95;0;200;0;
21118;5547965;1055399936;18526208;1196748800;0;0;0;0;0;0;0;0;0;0;0;3767;0;0;95;0;200;0;
21119;8082808;1055399936;18526208;1196748800;0;0;0;0;0;0;0;0;0;0;0;5450;0;0;95;0;200;0;
21120;7986107;1055399936;18526208;1196748800;0;0;0;0;0;0;0;0;0;0;0;3066;0;0;95;0;200;0;
21121;11446837;1055399936;18526208;1196748800;0;0;0;0;0;0;0;0;0;0;0;4388;0;0;95;0;200;0;
21122;6699775;1055399936;18526208;1196748800;0;0;0;0;0;0;0;0;0;0;0;3667;0;0;95;0;200;0;
21123;9211695;1055399936;18526208;1196748800;0;0;0;0;0;0;0;0;0;0;0;4668;0;0;95;0;200;0;
21124;8362413;1055399936;18526208;1196748800;0;0;0;0;0;0;0;0;0;0;0;3768;0;0;95;0;200;0;
21125;9596156;1060397056;30019584;1208242176;0;0;0;0;0;0;0;0;0;0;0;4919;0;0;95;0;200;0;
21126;7114893;1064591360;30027776;1208250368;0;0;0;0;0;0;0;0;0;0;0;4178;0;0;95;0;200;0;
21127;8056670;1066688512;30027776;1208250368;0;0;0;0;0;0;0;0;0;0;0;5170;0;0;95;0;200;0;
21128;6958901;1066688512;30027776;1208250368;0;0;0;0;0;0;0;0;0;0;0;4429;0;0;95;0;200;0;
21129;7223336;1066688512;30027776;1208250368;0;0;0;0;0;0;0;0;0;0;0;3656;0;0;95;0;200;0;
21130;7098232;1066688512;30027776;1208250368;0;0;0;0;0;0;0;0;0;0;0;4328;0;0;95;0;200;0;
21131;11837910;1066688512;30027776;1208250368;0;0;0;0;0;0;0;0;0;0;0;3126;0;0;95;0;200;0;
21132;9737190;1055821824;18186240;1196408832;0;0;0;0;0;0;0;0;0;0;0;4117;0;0;95;0;200;0;
21133;7507148;1055821824;18186240;1196408832;0;0;0;0;0;0;0;0;0;0;0;3065;0;0;95;0;200;0;
21134;6498307;1055821824;18186240;1196408832;0;0;0;0;0;0;0;0;0;0;0;3918;0;0;95;0;200;0;
21135;8029188;1055821824;18186240;1196408832;0;0;0;0;0;0;0;0;0;0;0;4128;0;0;95;0;200;0;
21136;6992563;1055821824;18186240;1196408832;0;0;0;0;0;0;0;0;0;0;0;3216;0;0;95;0;200;0;
21137;7716291;1055821824;18186240;1196408832;0;0;0;0;0;0;0;0;0;0;0;3517;0;0;95;0;200;0;
21138;7610022;1055821824;18186240;1196408832;0;0;0;0;0;0;0;0;0;0;0;3567;0;0;95;0;200;0;
21139;8508897;1055821824;18186240;1196408832;0;0;0;0;0;0;0;0;0;0;0;4077;0;0;95;0;200;0;
21140;5920302;1055821824;18186240;1196408832;0;0;0;0;0;0;0;0;0;0;0;3807;0;0;95;0;200;0;
21141;7357718;1055821824;18186240;1196408832;0;0;0;0;0;0;0;0;0;0;0;4228;0;0;95;0;200;0;
21142;7271838;1055821824;18186240;1196408832;0;0;0;0;0;0;0;0;0;0;0;3617;0;0;95;0;200;0;
21143;5644536;1055821824;18186240;1196408832;0;0;0;0;0;0;0;0;0;0;0;2344;0;0;95;0;200;0;
21144;6256624;1055821824;18186240;1196408832;0;0;0;0;0;0;0;0;0;0;0;3887;0;0;95;0;200;0;
21145;8668907;1055821824;18186240;1196408832;0;0;0;0;0;0;0;0;0;0;0;4799;0;0;95;0;200;0;
21146;5682827;1055821824;18186240;1196408832;0;0;0;0;0;0;0;0;0;0;0;3877;0;0;95;0;200;0;
21147;6026882;1055821824;18186240;1196408832;0;0;0;0;0;0;0;0;0;0;0;2495;0;0;95;0;200;0;
21148;6178046;1055821824;18186240;1196408832;0;0;0;0;0;0;0;0;0;0;0;2895;0;0;95;0;200;0;
21149;7993461;1059803136;30019584;1208242176;0;0;0;0;0;0;0;0;0;0;0;3226;0;0;95;0;200;0;
21150;5291203;1063997440;30019584;1208242176;0;0;0;0;0;0;0;0;0;0;0;3907;0;0;95;0;200;0;
21151;6756491;1066897408;30019584;1208242176;0;0;0;0;0;0;0;0;0;0;0;3987;0;0;95;0;200;0;
21152;6235053;1066897408;30019584;1208242176;0;0;0;0;0;0;0;0;0;0;0;5720;0;0;95;0;200;0;
21153;7552634;1066897408;30019584;1208242176;0;0;0;0;0;0;0;0;0;0;0;4769;0;0;95;0;200;0;
21154;7029383;1066897408;30019584;1208242176;0;0;0;0;0;0;0;0;0;0;0;5150;0;0;95;0;200;0;
21155;6812306;1066897408;30019584;1208242176;0;0;0;0;0;0;0;0;0;0;0;4609;0;0;95;0;200;0;
21156;7874248;1055424512;18526208;1196748800;0;0;0;0;0;0;0;0;0;0;0;4439;0;0;95;0;200;0;
21157;7478365;1055424512;18526208;1196748800;0;0;0;0;0;0;0;0;0;0;0;3807;0;0;95;0;200;0;
21158;7144960;1055424512;18526208;1196748800;0;0;0;0;0;0;0;0;0;0;0;2945;0;0;95;0;200;0;
21159;5616584;1055424512;18526208;1196748800;0;0;0;0;0;0;0;0;0;0;0;3096;0;0;95;0;200;0;
21160;8464324;1055424512;18526208;1196748800;0;0;0;0;0;0;0;0;0;0;0;3987;0;0;95;0;200;0;
21161;8044206;1055424512;18526208;1196748800;0;0;0;0;0;0;0;0;0;0;0;2726;0;0;95;0;200;0;
21162;5809765;1055424512;18526208;1196748800;0;0;0;0;0;0;0;0;0;0;0;2895;0;0;95;0;200;0;
21163;6126830;1055424512;18526208;1196748800;0;0;0;0;0;0;0;0;0;0;0;2926;0;0;95;0;200;0;
21164;6679847;1055424512;18526208;1196748800;0;0;0;0;0;0;0;0;0;0;0;3657;0;0;95;0;200;0;
21165;5784148;1055424512;18526208;1196748800;0;0;0;0;0;0;0;0;0;0;0;3206;0;0;95;0;200;0;
21166;6126039;1055424512;18526208;1196748800;0;0;0;0;0;0;0;0;0;0;0;4068;0;0;95;0;200;0;
21167;7184985;1055424512;18526208;1196748800;0;0;0;0;0;0;0;0;0;0;0;4419;0;0;95;0;200;0;
21168;5477112;1055424512;18526208;1196748800;0;0;0;0;0;0;0;0;0;0;0;4488;0;0;95;0;200;0;
21169;9503733;1055424512;18526208;1196748800;0;0;0;0;0;0;0;0;0;0;0;3807;0;0;95;0;200;0;
21170;6916200;1055424512;18526208;1196748800;0;0;0;0;0;0;0;0;0;0;0;3457;0;0;95;0;200;0;
21171;9058348;1055424512;18526208;1196748800;0;0;0;0;0;0;0;0;0;0;0;3507;0;0;95;0;200;0;
21172;6360148;1055424512;18526208;1196748800;0;0;0;0;0;0;0;0;0;0;0;3998;0;0;95;0;200;0;
21173;10355831;1060421632;30019584;1208242176;0;0;0;0;0;0;0;0;0;0;0;3847;0;0;95;0;200;0;
21174;8073792;1064615936;30019584;1208242176;0;0;0;0;0;0;0;0;0;0;0;3777;0;0;95;0;200;0;
21175;9240008;1066713088;30019584;1208242176;0;0;0;0;0;0;0;0;0;0;0;3436;0;0;95;0;200;0;
21176;3905595;1066713088;30019584;1208242176;0;0;0;0;0;0;0;0;0;0;0;3988;0;0;95;0;200;0;
21177;7339074;1066713088;30019584;1208242176;0;0;0;0;0;0;0;0;0;0;0;2976;0;0;95;0;200;0;
21178;5370561;1066713088;30019584;1208242176;0;0;0;0;0;0;0;0;0;0;0;4057;0;0;95;0;200;0;
21179;7114843;1066713088;30019584;1208242176;0;0;0;0;0;0;0;0;0;0;0;3877;0;0;95;0;200;0;
21180;4919947;1055821824;18186240;1196408832;0;0;0;0;0;0;0;0;0;0;0;3767;0;0;95;0;200;0;
21181;7586648;1055821824;18186240;1196408832;0;0;0;0;0;0;0;0;0;0;0;4598;0;0;95;0;200;0;
21182;4157898;1055821824;18186240;1196408832;0;0;0;0;0;0;0;0;0;0;0;3557;0;0;95;0;200;0;
21183;9011280;1055821824;18186240;1196408832;0;0;0;0;0;0;0;0;0;0;0;2284;0;0;95;0;200;0;
21184;5112417;1055821824;18186240;1196408832;0;0;0;0;0;0;0;0;0;0;0;4097;0;0;95;0;200;0;
21185;7848549;1055821824;18186240;1196408832;0;0;0;0;0;0;0;0;0;0;0;3096;0;0;95;0;200;0;
21186;5268591;1055821824;18186240;1196408832;0;0;0;0;0;0;0;0;0;0;0;2745;0;0;95;0;200;0;
21187;5820085;1055821824;18186240;1196408832;0;0;0;0;0;0;0;0;0;0;0;3657;0;0;95;0;200;0;
21188;6971254;1055821824;18186240;1196408832;0;0;0;0;0;0;0;0;0;0;0;3837;0;0;95;0;200;0;
21189;7243043;1055821824;18186240;1196408832;0;0;0;0;0;0;0;0;0;0;0;2915;0;0;95;0;200;0;
21190;7052887;1055821824;18186240;1196408832;0;0;0;0;0;0;0;0;0;0;0;2926;0;0;95;0;200;0;
21191;7612967;1055821824;18186240;1196408832;0;0;0;0;0;0;0;0;0;0;0;3636;0;0;95;0;200;0;
21192;7257721;1055821824;18186240;1196408832;0;0;0;0;0;0;0;0;0;0;0;2836;0;0;95;0;200;0;
21193;7495447;1055821824;18186240;1196408832;0;0;0;0;0;0;0;0;0;0;0;4288;0;0;95;0;200;0;
21194;7856614;1055821824;18186240;1196408832;0;0;0;0;0;0;0;0;0;0;0;4208;0;0;95;0;200;0;
21195;8960985;1059803136;30019584;1208242176;0;0;0;0;0;0;0;0;0;0;0;3647;0;0;95;0;200;0;
21196;7086380;1063997440;30027776;1208250368;0;0;0;0;0;0;0;0;0;0;0;2935;0;0;95;0;200;0;
21197;9364743;1066897408;30027776;1208250368;0;0;0;0;0;0;0;0;0;0;0;3928;0;0;95;0;200;0;
21198;7482122;1066897408;30027776;1208250368;0;0;0;0;0;0;0;0;0;0;0;3817;0;0;95;0;200;0;
21199;8503678;1066897408;30027776;1208250368;0;0;0;0;0;0;0;0;0;0;0;3978;0;0;95;0;200;0;
21200;5745194;1066897408;30027776;1208250368;0;0;0;0;0;0;0;0;0;0;0;3837;0;0;95;0;200;0;
21201;9395550;1066897408;30027776;1208250368;0;0;0;0;0;0;0;0;0;0;0;3126;0;0;95;0;200;0;
21202;7375832;1055449088;18526208;1196748800;0;0;0;0;0;0;0;0;0;0;0;2985;0;0;95;0;200;0;
21203;8597874;1055449088;18526208;1196748800;0;0;0;0;0;0;0;0;0;0;0;2956;0;0;95;0;200;0;
21204;6964561;1055449088;18526208;1196748800;0;0;0;0;0;0;0;0;0;0;0;4278;0;0;95;0;200;0;
21205;8516401;1055449088;18526208;1196748800;0;0;0;0;0;0;0;0;0;0;0;3346;0;0;95;0;200;0;
21206;6655852;1055449088;18526208;1196748800;0;0;0;0;0;0;0;0;0;0;0;4809;0;0;95;0;200;0;
21207;7653904;1055449088;18526208;1196748800;0;0;0;0;0;0;0;0;0;0;0;6291;0;0;95;0;200;0;
21208;8253769;1055449088;18526208;1196748800;0;0;0;0;0;0;0;0;0;0;0;3546;0;0;95;0;200;0;
21209;8723420;1055449088;18526208;1196748800;0;0;0;0;0;0;0;0;0;0;0;3938;0;0;95;0;200;0;
21210;4862279;1055449088;18526208;1196748800;0;0;0;0;0;0;0;0;0;0;0;3347;0;0;95;0;200;0;
21211;7535763;1055449088;18526208;1196748800;0;0;0;0;0;0;0;0;0;0;0;3266;0;0;95;0;200;0;
21212;5439401;1055449088;18526208;1196748800;0;0;0;0;0;0;0;0;0;0;0;2796;0;0;95;0;200;0;
21213;7618918;1055449088;18526208;1196748800;0;0;0;0;0;0;0;0;0;0;0;3095;0;0;95;0;200;0;
21214;9334656;1055449088;18526208;1196748800;0;0;0;0;0;0;0;0;0;0;0;3747;0;0;95;0;200;0;
21215;9297776;1055449088;18526208;1196748800;0;0;0;0;0;0;0;0;0;0;0;2945;0;0;95;0;200;0;
21216;6661783;1055449088;18526208;1196748800;0;0;0;0;0;0;0;0;0;0;0;4328;0;0;95;0;200;0;
21217;9532988;1055449088;18526208;1196748800;0;0;0;0;0;0;0;0;0;0;0;3957;0;0;95;0;200;0;
21218;5998680;1055449088;18526208;1196748800;0;0;0;0;0;0;0;0;0;0;0;3937;0;0;95;0;200;0;
21219;10587055;1060446208;30019584;1208242176;0;0;0;0;0;0;0;0;0;0;0;6843;0;0;95;0;200;0;
21220;6940997;1064640512;30019584;1208242176;0;0;0;0;0;0;0;0;0;0;0;3226;0;0;95;0;200;0;
21221;9219119;1066737664;30019584;1208242176;0;0;0;0;0;0;0;0;0;0;0;5070;0;0;95;0;200;0;
21222;4772149;1066737664;30019584;1208242176;0;0;0;0;0;0;0;0;0;0;0;2745;0;0;95;0;200;0;
21223;7529270;1066737664;30019584;1208242176;0;0;0;0;0;0;0;0;0;0;0;4569;0;0;95;0;200;0;
21224;6463762;1066737664;30019584;1208242176;0;0;0;0;0;0;0;0;0;0;0;3998;0;0;95;0;200;0;
21225;5175796;1066737664;30019584;1208242176;0;0;0;0;0;0;0;0;0;0;0;2976;0;0;95;0;200;0;
21226;7098673;1055821824;18186240;1196408832;0;0;0;0;0;0;0;0;0;0;0;3326;0;0;95;0;200;0;
21227;7741298;1055821824;18186240;1196408832;0;0;0;0;0;0;0;0;0;0;0;4248;0;0;95;0;200;0;
21228;5350855;1055821824;18186240;1196408832;0;0;0;0;0;0;0;0;0;0;0;4148;0;0;95;0;200;0;
21229;8388351;1055821824;18186240;1196408832;0;0;0;0;0;0;0;0;0;0;0;5049;0;0;95;0;200;0;
21230;3356044;1055821824;18186240;1196408832;0;0;0;0;0;0;0;0;0;0;0;3858;0;0;95;0;200;0;
21231;8647056;1055821824;18186240;1196408832;0;0;0;0;0;0;0;0;0;0;0;4157;0;0;95;0;200;0;
21232;5788395;1055821824;18186240;1196408832;0;0;0;0;0;0;0;0;0;0;0;3356;0;0;95;0;200;0;
21233;7565909;1055821824;18186240;1196408832;0;0;0;0;0;0;0;0;0;0;0;4237;0;0;95;0;200;0;
21234;4923814;1055821824;18186240;1196408832;0;0;0;0;0;0;0;0;0;0;0;4789;0;0;95;0;200;0;
21235;5012881;1055821824;18186240;1196408832;0;0;0;0;0;0;0;0;0;0;0;3145;0;0;95;0;200;0;
21236;7791823;1055821824;18186240;1196408832;0;0;0;0;0;0;0;0;0;0;0;5010;0;0;95;0;200;0;
21237;7480308;1055821824;18186240;1196408832;0;0;0;0;0;0;0;0;0;0;0;3426;0;0;95;0;200;0;
21238;6572886;1055821824;18186240;1196408832;0;0;0;0;0;0;0;0;0;0;0;4458;0;0;95;0;200;0;
21239;5718675;1055821824;18186240;1196408832;0;0;0;0;0;0;0;0;0;0;0;3897;0;0;95;0;200;0;
21240;4264327;1055821824;18186240;1196408832;0;0;0;0;0;0;0;0;0;0;0;4939;0;0;95;0;200;0;
21241;10392660;1055821824;18186240;1196408832;0;0;0;0;0;0;0;0;0;0;0;4388;0;0;95;0;200;0;
21242;5023140;1055821824;18186240;1196408832;0;0;0;0;0;0;0;0;0;0;0;4969;0;0;95;0;200;0;
21243;8868412;1059803136;30019584;1208242176;0;0;0;0;0;0;0;0;0;0;0;4158;0;0;95;0;200;0;
21244;5237322;1063997440;30019584;1208242176;0;0;0;0;0;0;0;0;0;0;0;5250;0;0;95;0;200;0;
21245;9005709;1066897408;30019584;1208242176;0;0;0;0;0;0;0;0;0;0;0;3827;0;0;95;0;200;0;
21246;4283704;1066897408;30019584;1208242176;0;0;0;0;0;0;0;0;0;0;0;3707;0;0;95;0;200;0;
21247;7034102;1066897408;30019584;1208242176;0;0;0;0;0;0;0;0;0;0;0;3006;0;0;95;0;200;0;
21248;6421883;1066897408;30019584;1208242176;0;0;0;0;0;0;0;0;0;0;0;4639;0;0;95;0;200;0;
21249;9422451;1066897408;30019584;1208242176;0;0;0;0;0;0;0;0;0;0;0;4148;0;0;95;0;200;0;
21250;6297069;1055473664;18526208;1196748800;0;0;0;0;0;0;0;0;0;0;0;4068;0;0;95;0;200;0;
21251;7763620;1055473664;18526208;1196748800;0;0;0;0;0;0;0;0;0;0;0;3306;0;0;95;0;200;0;
21252;5338442;1055473664;18526208;1196748800;0;0;0;0;0;0;0;0;0;0;0;4569;0;0;95;0;200;0;
21253;8417837;1055473664;18526208;1196748800;0;0;0;0;0;0;0;0;0;0;0;4649;0;0;95;0;200;0;
21254;4315333;1055473664;18526208;1196748800;0;0;0;0;0;0;0;0;0;0;0;5590;0;0;95;0;200;0;
21255;7876651;1055473664;18526208;1196748800;0;0;0;0;0;0;0;0;0;0;0;3717;0;0;95;0;200;0;
21256;4544883;1055473664;18526208;1196748800;0;0;0;0;0;0;0;0;0;0;0;3306;0;0;95;0;200;0;
21257;6115910;1055473664;18526208;1196748800;0;0;0;0;0;0;0;0;0;0;0;2785;0;0;95;0;200;0;
21258;7812241;1055473664;18526208;1196748800;0;0;0;0;0;0;0;0;0;0;0;3497;0;0;95;0;200;0;
21259;6521120;1055473664;18526208;1196748800;0;0;0;0;0;0;0;0;0;0;0;2264;0;0;95;0;200;0;
21260;7619409;1055473664;18526208;1196748800;0;0;0;0;0;0;0;0;0;0;0;3707;0;0;95;0;200;0;
21261;6622640;1055473664;18526208;1196748800;0;0;0;0;0;0;0;0;0;0;0;2545;0;0;95;0;200;0;
21262;5979424;1055473664;18526208;1196748800;0;0;0;0;0;0;0;0;0;0;0;3717;0;0;95;0;200;0;
21263;7264895;1055473664;18526208;1196748800;0;0;0;0;0;0;0;0;0;0;0;3307;0;0;95;0;200;0;
21264;6115238;1055473664;18526208;1196748800;0;0;0;0;0;0;0;0;0;0;0;3657;0;0;95;0;200;0;
21265;9944540;1060470784;30019584;1208242176;0;0;0;0;0;0;0;0;0;0;0;4068;0;0;95;0;200;0;
21266;6917563;1064665088;30019584;1208242176;0;0;0;0;0;0;0;0;0;0;0;4308;0;0;95;0;200;0;
21267;8413188;1066762240;30019584;1208242176;0;0;0;0;0;0;0;0;0;0;0;4508;0;0;95;0;200;0;
21268;4222659;1066762240;30019584;1208242176;0;0;0;0;0;0;0;0;0;0;0;3657;0;0;95;0;200;0;
21269;7760644;1066762240;30019584;1208242176;0;0;0;0;0;0;0;0;0;0;0;4088;0;0;95;0;200;0;
21270;5285743;1066762240;30019584;1208242176;0;0;0;0;0;0;0;0;0;0;0;3917;0;0;95;0;200;0;
21271;6977836;1066762240;30019584;1208242176;0;0;0;0;0;0;0;0;0;0;0;3607;0;0;95;0;200;0;
21272;5603779;1055821824;18186240;1196408832;0;0;0;0;0;0;0;0;0;0;0;3597;0;0;95;0;200;0;
21273;6346011;1055821824;18186240;1196408832;0;0;0;0;0;0;0;0;0;0;0;3586;0;0;95;0;200;0;
21274;5551852;1055821824;18186240;1196408832;0;0;0;0;0;0;0;0;0;0;0;4218;0;0;95;0;200;0;
21275;6749408;1055821824;18186240;1196408832;0;0;0;0;0;0;0;0;0;0;0;2916;0;0;95;0;200;0;
21276;6014660;1055821824;18186240;1196408832;0;0;0;0;0;0;0;0;0;0;0;3366;0;0;95;0;200;0;
21277;5823110;1055821824;18186240;1196408832;0;0;0;0;0;0;0;0;0;0;0;2605;0;0;95;0;200;0;
21278;5062454;1055821824;18186240;1196408832;0;0;0;0;0;0;0;0;0;0;0;203532;0;0;95;0;200;0;
21279;6284636;1055821824;18186240;1196408832;0;0;0;0;0;0;0;0;0;0;0;2585;0;0;95;0;200;0;
21280;4316255;1055821824;18186240;1196408832;0;0;0;0;0;0;0;0;0;0;0;3527;0;0;95;0;200;0;
21281;6510189;1055821824;18186240;1196408832;0;0;0;0;0;0;0;0;0;0;0;1904;0;0;95;0;200;0;
21282;4244830;1055821824;18186240;1196408832;0;0;0;0;0;0;0;0;0;0;0;3597;0;0;95;0;200;0;
21283;4930737;1055821824;18186240;1196408832;0;0;0;0;0;0;0;0;0;0;0;2865;0;0;95;0;200;0;
21284;5469377;1055821824;18186240;1196408832;0;0;0;0;0;0;0;0;0;0;0;3677;0;0;95;0;200;0;
21285;7166700;1055821824;18186240;1196408832;0;0;0;0;0;0;0;0;0;0;0;3407;0;0;95;0;200;0;
21286;3776302;1055821824;18186240;1196408832;0;0;0;0;0;0;0;0;0;0;0;3096;0;0;95;0;200;0;
21287;7386453;1055821824;18186240;1196408832;0;0;0;0;0;0;0;0;0;0;0;2765;0;0;95;0;200;0;
21288;4716074;1055821824;18186240;1196408832;0;0;0;0;0;0;0;0;0;0;0;3356;0;0;95;0;200;0;
21289;6803139;1059803136;30019584;1208242176;0;0;0;0;0;0;0;0;0;0;0;3266;0;0;95;0;200;0;
21290;7846776;1063997440;30019584;1208242176;0;0;0;0;0;0;0;0;0;0;0;4438;0;0;95;0;200;0;
21291;6108927;1066897408;30019584;1208242176;0;0;0;0;0;0;0;0;0;0;0;2975;0;0;95;0;200;0;
21292;6922152;1066897408;30019584;1208242176;0;0;0;0;0;0;0;0;0;0;0;3527;0;0;95;0;200;0;
21293;5848388;1066897408;30019584;1208242176;0;0;0;0;0;0;0;0;0;0;0;2544;0;0;95;0;200;0;
21294;3354731;1066897408;30019584;1208242176;0;0;0;0;0;0;0;0;0;0;0;2676;0;0;95;0;200;0;
21295;6398008;1066897408;30019584;1208242176;0;0;0;0;0;0;0;0;0;0;0;2295;0;0;95;0;200;0;
21296;3744181;1055498240;18526208;1196748800;0;0;0;0;0;0;0;0;0;0;0;3527;0;0;95;0;200;0;
21297;5774840;1055498240;18526208;1196748800;0;0;0;0;0;0;0;0;0;0;0;1823;0;0;95;0;200;0;
21298;5321881;1055498240;18526208;1196748800;0;0;0;0;0;0;0;0;0;0;0;3737;0;0;95;0;200;0;
21299;5729105;1055498240;18526208;1196748800;0;0;0;0;0;0;0;0;0;0;0;2234;0;0;95;0;200;0;
21300;5466712;1055498240;18526208;1196748800;0;0;0;0;0;0;0;0;0;0;0;3326;0;0;95;0;200;0;
21301;6297160;1055498240;18526208;1196748800;0;0;0;0;0;0;0;0;0;0;0;3055;0;0;95;0;200;0;
21302;5305179;1055498240;18526208;1196748800;0;0;0;0;0;0;0;0;0;0;0;3466;0;0;95;0;200;0;
21303;5790880;1055498240;18526208;1196748800;0;0;0;0;0;0;0;0;0;0;0;3276;0;0;95;0;200;0;
21304;3117968;1055498240;18526208;1196748800;0;0;0;0;0;0;0;0;0;0;0;2485;0;0;95;0;200;0;
21305;6818918;1055498240;18526208;1196748800;0;0;0;0;0;0;0;0;0;0;0;2094;0;0;95;0;200;0;
21306;5010497;1055498240;18526208;1196748800;0;0;0;0;0;0;0;0;0;0;0;3677;0;0;95;0;200;0;
21307;8691219;1055498240;18526208;1196748800;0;0;0;0;0;0;0;0;0;0;0;2705;0;0;95;0;200;0;
21308;3635879;1055498240;18526208;1196748800;0;0;0;0;0;0;0;0;0;0;0;2916;0;0;95;0;200;0;
21309;4527190;1055498240;18526208;1196748800;0;0;0;0;0;0;0;0;0;0;0;2375;0;0;95;0;200;0;
21310;5122557;1055498240;18526208;1196748800;0;0;0;0;0;0;0;0;0;0;0;4238;0;0;95;0;200;0;
21311;7111547;1055498240;18526208;1196748800;0;0;0;0;0;0;0;0;0;0;0;2494;0;0;95;0;200;0;
21312;5405708;1055498240;18526208;1196748800;0;0;0;0;0;0;0;0;0;0;0;215705;0;0;95;0;200;0;
21313;6725613;1060495360;30019584;1208242176;0;0;0;0;0;0;0;0;0;0;0;2785;0;0;95;0;200;0;
21314;3728984;1064689664;30019584;1208242176;0;0;0;0;0;0;0;0;0;0;0;3827;0;0;95;0;200;0;
21315;8057170;1066786816;30019584;1208242176;0;0;0;0;0;0;0;0;0;0;0;3747;0;0;95;0;200;0;
21316;5144258;1066786816;30019584;1208242176;0;0;0;0;0;0;0;0;0;0;0;3256;0;0;95;0;200;0;
21317;6112553;1066786816;30019584;1208242176;0;0;0;0;0;0;0;0;0;0;0;2675;0;0;95;0;200;0;
21318;3531864;1066786816;30019584;1208242176;0;0;0;0;0;0;0;0;0;0;0;2975;0;0;95;0;200;0;
21319;6482497;1066786816;30019584;1208242176;0;0;0;0;0;0;0;0;0;0;0;2345;0;0;95;0;200;0;
21320;5880629;1055821824;18186240;1196408832;0;0;0;0;0;0;0;0;0;0;0;4288;0;0;95;0;200;0;
21321;6128944;1055821824;18186240;1196408832;0;0;0;0;0;0;0;0;0;0;0;2806;0;0;95;0;200;0;
21322;4805432;1055821824;18186240;1196408832;0;0;0;0;0;0;0;0;0;0;0;3497;0;0;95;0;200;0;
21323;6402978;1055821824;18186240;1196408832;0;0;0;0;0;0;0;0;0;0;0;2966;0;0;95;0;200;0;
21324;3823140;1055821824;18186240;1196408832;0;0;0;0;0;0;0;0;0;0;0;3056;0;0;95;0;200;0;
21325;6467139;1055821824;18186240;1196408832;0;0;0;0;0;0;0;0;0;0;0;2234;0;0;95;0;200;0;
21326;3691373;1055821824;18186240;1196408832;0;0;0;0;0;0;0;0;0;0;0;2255;0;0;95;0;200;0;
21327;5108681;1055821824;18186240;1196408832;0;0;0;0;0;0;0;0;0;0;0;2264;0;0;95;0;200;0;
21328;5939119;1055821824;18186240;1196408832;0;0;0;0;0;0;0;0;0;0;0;136436;0;0;95;0;200;0;
21329;6474432;1055821824;18186240;1196408832;0;0;0;0;0;0;0;0;0;0;0;1723;0;0;95;0;200;0;
21330;6305134;1055821824;18186240;1196408832;0;0;0;0;0;0;0;0;0;0;0;3136;0;0;95;0;200;0;
21331;6769555;1055821824;18186240;1196408832;0;0;0;0;0;0;0;0;0;0;0;5761;0;0;95;0;200;0;
21332;6445388;1055821824;18186240;1196408832;0;0;0;0;0;0;0;0;0;0;0;8696;0;0;95;0;200;0;
21333;6645132;1055821824;18186240;1196408832;0;0;0;0;0;0;0;0;0;0;0;2264;0;0;95;0;200;0;
21334;6738167;1055821824;18186240;1196408832;0;0;0;0;0;0;0;0;0;0;0;3256;0;0;95;0;200;0;
21335;7092591;1059803136;30019584;1208242176;0;0;0;0;0;0;0;0;0;0;0;3867;0;0;95;0;200;0;
21336;6452351;1063997440;30019584;1208242176;0;0;0;0;0;0;0;0;0;0;0;4618;0;0;95;0;200;0;
21337;7328784;1066897408;30019584;1208242176;0;0;0;0;0;0;0;0;0;0;0;3055;0;0;95;0;200;0;
21338;5666056;1066897408;30019584;1208242176;0;0;0;0;0;0;0;0;0;0;0;4137;0;0;95;0;200;0;
21339;5986236;1066897408;30019584;1208242176;0;0;0;0;0;0;0;0;0;0;0;2154;0;0;95;0;200;0;
21340;4191291;1066897408;30019584;1208242176;0;0;0;0;0;0;0;0;0;0;0;3456;0;0;95;0;200;0;
21341;7082513;1066897408;30019584;1208242176;0;0;0;0;0;0;0;0;0;0;0;2174;0;0;95;0;200;0;
21342;6019148;1055522816;18526208;1196748800;0;0;0;0;0;0;0;0;0;0;0;3947;0;0;95;0;200;0;
21343;7436276;1055522816;18526208;1196748800;0;0;0;0;0;0;0;0;0;0;0;25407;0;0;95;0;200;0;
21344;3976948;1055522816;18526208;1196748800;0;0;0;0;0;0;0;0;0;0;0;3456;0;0;95;0;200;0;
21345;8401155;1055522816;18526208;1196748800;0;0;0;0;0;0;0;0;0;0;0;2675;0;0;95;0;200;0;
21346;3350364;1055522816;18526208;1196748800;0;0;0;0;0;0;0;0;0;0;0;3827;0;0;95;0;200;0;
21347;6417495;1055522816;18526208;1196748800;0;0;0;0;0;0;0;0;0;0;0;3577;0;0;95;0;200;0;
21348;4243538;1055522816;18526208;1196748800;0;0;0;0;0;0;0;0;0;0;0;2665;0;0;95;0;200;0;
21349;7348902;1055522816;18526208;1196748800;0;0;0;0;0;0;0;0;0;0;0;2855;0;0;95;0;200;0;
21350;4640392;1055522816;18526208;1196748800;0;0;0;0;0;0;0;0;0;0;0;2555;0;0;95;0;200;0;
21351;5576989;1055522816;18526208;1196748800;0;0;0;0;0;0;0;0;0;0;0;2595;0;0;95;0;200;0;
21352;5929881;1055522816;18526208;1196748800;0;0;0;0;0;0;0;0;0;0;0;3928;0;0;95;0;200;0;
21353;5139027;1055522816;18526208;1196748800;0;0;0;0;0;0;0;0;0;0;0;3427;0;0;95;0;200;0;
21354;3871150;1055522816;18526208;1196748800;0;0;0;0;0;0;0;0;0;0;0;3176;0;0;95;0;200;0;
21355;6986001;1055522816;18526208;1196748800;0;0;0;0;0;0;0;0;0;0;0;3026;0;0;95;0;200;0;
21356;4921279;1055522816;18526208;1196748800;0;0;0;0;0;0;0;0;0;0;0;3586;0;0;95;0;200;0;
21357;11515787;1055522816;18526208;1196748800;0;0;0;0;0;0;0;0;0;0;0;3437;0;0;95;0;200;0;
21358;10625818;1055522816;18526208;1196748800;0;0;0;0;0;0;0;0;0;0;0;4398;0;0;95;0;200;0;
21359;8733700;1060519936;30019584;1208242176;0;0;0;0;0;0;0;0;0;0;0;3526;0;0;95;0;200;0;
21360;5029813;1064714240;30019584;1208242176;0;0;0;0;0;0;0;0;0;0;0;3687;0;0;95;0;200;0;
21361;7186297;1066811392;30019584;1208242176;0;0;0;0;0;0;0;0;0;0;0;3357;0;0;95;0;200;0;
21362;5451433;1066811392;30019584;1208242176;0;0;0;0;0;0;0;0;0;0;0;2956;0;0;95;0;200;0;
21363;4855235;1066811392;30019584;1208242176;0;0;0;0;0;0;0;0;0;0;0;2314;0;0;95;0;200;0;
21364;10559112;1066811392;30019584;1208242176;0;0;0;0;0;0;0;0;0;0;0;3767;0;0;95;0;200;0;
21365;6541277;1066811392;30019584;1208242176;0;0;0;0;0;0;0;0;0;0;0;3456;0;0;95;0;200;0;
21366;6678375;1055821824;18186240;1196408832;0;0;0;0;0;0;0;0;0;0;0;3437;0;0;95;0;200;0;
21367;7416740;1055821824;18186240;1196408832;0;0;0;0;0;0;0;0;0;0;0;3988;0;0;95;0;200;0;
21368;6167556;1055821824;18186240;1196408832;0;0;0;0;0;0;0;0;0;0;0;9407;0;0;95;0;200;0;
21369;8470806;1055821824;18186240;1196408832;0;0;0;0;0;0;0;0;0;0;0;3536;0;0;95;0;200;0;
21370;8181995;1055821824;18186240;1196408832;0;0;0;0;0;0;0;0;0;0;0;3065;0;0;95;0;200;0;
21371;8382490;1055821824;18186240;1196408832;0;0;0;0;0;0;0;0;0;0;0;3086;0;0;95;0;200;0;
21372;6970372;1055821824;18186240;1196408832;0;0;0;0;0;0;0;0;0;0;0;3897;0;0;95;0;200;0;
21373;6473441;1055821824;18186240;1196408832;0;0;0;0;0;0;0;0;0;0;0;2575;0;0;95;0;200;0;
21374;6867039;1055821824;18186240;1196408832;0;0;0;0;0;0;0;0;0;0;0;4147;0;0;95;0;200;0;
21375;7119071;1055821824;18186240;1196408832;0;0;0;0;0;0;0;0;0;0;0;3727;0;0;95;0;200;0;
21376;5286705;1055821824;18186240;1196408832;0;0;0;0;0;0;0;0;0;0;0;4158;0;0;95;0;200;0;
21377;7789438;1055821824;18186240;1196408832;0;0;0;0;0;0;0;0;0;0;0;2965;0;0;95;0;200;0;
21378;4483268;1055821824;18186240;1196408832;0;0;0;0;0;0;0;0;0;0;0;4839;0;0;95;0;200;0;
21379;8897376;1055821824;18186240;1196408832;0;0;0;0;0;0;0;0;0;0;0;4358;0;0;95;0;200;0;
21380;4177855;1055821824;18186240;1196408832;0;0;0;0;0;0;0;0;0;0;0;3036;0;0;95;0;200;0;
21381;9143127;1059803136;30019584;1208242176;0;0;0;0;0;0;0;0;0;0;0;4098;0;0;95;0;200;0;
21382;4403990;1063997440;30019584;1208242176;0;0;0;0;0;0;0;0;0;0;0;3266;0;0;95;0;200;0;
21383;7440994;1066897408;30019584;1208242176;0;0;0;0;0;0;0;0;0;0;0;3477;0;0;95;0;200;0;
21384;5177941;1066897408;30019584;1208242176;0;0;0;0;0;0;0;0;0;0;0;3867;0;0;95;0;200;0;
21385;6617350;1066897408;30019584;1208242176;0;0;0;0;0;0;0;0;0;0;0;3887;0;0;95;0;200;0;
21386;3978000;1066897408;30019584;1208242176;0;0;0;0;0;0;0;0;0;0;0;3036;0;0;95;0;200;0;
21387;7356947;1066897408;30019584;1208242176;0;0;0;0;0;0;0;0;0;0;0;3607;0;0;95;0;200;0;
21388;5614209;1055547392;18526208;1196748800;0;0;0;0;0;0;0;0;0;0;0;3386;0;0;95;0;200;0;
21389;7575648;1055547392;18526208;1196748800;0;0;0;0;0;0;0;0;0;0;0;2675;0;0;95;0;200;0;
21390;5428251;1055547392;18526208;1196748800;0;0;0;0;0;0;0;0;0;0;0;3767;0;0;95;0;200;0;
21391;7186106;1055547392;18526208;1196748800;0;0;0;0;0;0;0;0;0;0;0;3627;0;0;95;0;200;0;
21392;6023717;1055547392;18526208;1196748800;0;0;0;0;0;0;0;0;0;0;0;4689;0;0;95;0;200;0;
21393;7676186;1055547392;18526208;1196748800;0;0;0;0;0;0;0;0;0;0;0;4068;0;0;95;0;200;0;
21394;6406755;1055547392;18526208;1196748800;0;0;0;0;0;0;0;0;0;0;0;3817;0;0;95;0;200;0;
21395;8701439;1055547392;18526208;1196748800;0;0;0;0;0;0;0;0;0;0;0;3897;0;0;95;0;200;0;
21396;3603838;1055547392;18526208;1196748800;0;0;0;0;0;0;0;0;0;0;0;4589;0;0;95;0;200;0;
21397;7463668;1055547392;18526208;1196748800;0;0;0;0;0;0;0;0;0;0;0;3586;0;0;95;0;200;0;
21398;4081214;1055547392;18526208;1196748800;0;0;0;0;0;0;0;0;0;0;0;3657;0;0;95;0;200;0;
21399;8274968;1055547392;18526208;1196748800;0;0;0;0;0;0;0;0;0;0;0;3095;0;0;95;0;200;0;
21400;4824027;1055547392;18526208;1196748800;0;0;0;0;0;0;0;0;0;0;0;3917;0;0;95;0;200;0;
21401;8473562;1055547392;18526208;1196748800;0;0;0;0;0;0;0;0;0;0;0;5019;0;0;95;0;200;0;
21402;4562266;1055547392;18526208;1196748800;0;0;0;0;0;0;0;0;0;0;0;5500;0;0;95;0;200;0;
21403;8464133;1055547392;18526208;1196748800;0;0;0;0;0;0;0;0;0;0;0;4138;0;0;95;0;200;0;
21404;4979679;1055547392;18526208;1196748800;0;0;0;0;0;0;0;0;0;0;0;3817;0;0;95;0;200;0;
21405;9804597;1060544512;30019584;1208242176;0;0;0;0;0;0;0;0;0;0;0;4739;0;0;95;0;200;0;
21406;4818135;1064738816;30019584;1208242176;0;0;0;0;0;0;0;0;0;0;0;80661;0;0;95;0;200;0;
21407;8728980;1066835968;30019584;1208242176;0;0;0;0;0;0;0;0;0;0;0;4168;0;0;95;0;200;0;
21408;3780349;1066835968;30019584;1208242176;0;0;0;0;0;0;0;0;0;0;0;3005;0;0;95;0;200;0;
21409;8828948;1066835968;30019584;1208242176;0;0;0;0;0;0;0;0;0;0;0;4268;0;0;95;0;200;0;
21410;4146737;1066835968;30019584;1208242176;0;0;0;0;0;0;0;0;0;0;0;5430;0;0;95;0;200;0;
21411;8051269;1066835968;30019584;1208242176;0;0;0;0;0;0;0;0;0;0;0;3957;0;0;95;0;200;0;
21412;5201144;1055821824;18186240;1196408832;0;0;0;0;0;0;0;0;0;0;0;3647;0;0;95;0;200;0;
21413;8399883;1055821824;18186240;1196408832;0;0;0;0;0;0;0;0;0;0;0;57247;0;0;95;0;200;0;
21414;5397643;1055821824;18186240;1196408832;0;0;0;0;0;0;0;0;0;0;0;3777;0;0;95;0;200;0;
21415;9548867;1055821824;18186240;1196408832;0;0;0;0;0;0;0;0;0;0;0;3516;0;0;95;0;200;0;
21416;4292811;1055821824;18186240;1196408832;0;0;0;0;0;0;0;0;0;0;0;3867;0;0;95;0;200;0;
21417;8136930;1055821824;18186240;1196408832;0;0;0;0;0;0;0;0;0;0;0;4809;0;0;95;0;200;0;
21418;6698342;1055821824;18186240;1196408832;0;0;0;0;0;0;0;0;0;0;0;4348;0;0;95;0;200;0;
21419;6182675;1055821824;18186240;1196408832;0;0;0;0;0;0;0;0;0;0;0;3256;0;0;95;0;200;0;
21420;6328208;1055821824;18186240;1196408832;0;0;0;0;0;0;0;0;0;0;0;3466;0;0;95;0;200;0;
21421;7951022;1055821824;18186240;1196408832;0;0;0;0;0;0;0;0;0;0;0;3837;0;0;95;0;200;0;
21422;3585494;1055821824;18186240;1196408832;0;0;0;0;0;0;0;0;0;0;0;4198;0;0;95;0;200;0;
21423;8746784;1055821824;18186240;1196408832;0;0;0;0;0;0;0;0;0;0;0;3878;0;0;95;0;200;0;
21424;4857039;1055821824;18186240;1196408832;0;0;0;0;0;0;0;0;0;0;0;3616;0;0;95;0;200;0;
21425;6773794;1055821824;18186240;1196408832;0;0;0;0;0;0;0;0;0;0;0;2414;0;0;95;0;200;0;
21426;5547113;1055821824;18186240;1196408832;0;0;0;0;0;0;0;0;0;0;0;2895;0;0;95;0;200;0;
21427;7787926;1055821824;18186240;1196408832;0;0;0;0;0;0;0;0;0;0;0;3887;0;0;95;0;200;0;
21428;5485608;1055821824;18194432;1196417024;0;0;0;0;0;0;0;0;0;0;0;4278;0;0;95;0;200;0;
21429;8586172;1059803136;30027776;1208250368;0;0;0;0;0;0;0;0;0;0;0;3657;0;0;95;0;200;0;
21430;5853738;1063997440;30027776;1208250368;0;0;0;0;0;0;0;0;0;0;0;3667;0;0;95;0;200;0;
21431;7395630;1066897408;30027776;1208250368;0;0;0;0;0;0;0;0;0;0;0;3015;0;0;95;0;200;0;
21432;5059218;1066897408;30027776;1208250368;0;0;0;0;0;0;0;0;0;0;0;2425;0;0;95;0;200;0;
21433;6666643;1066897408;30027776;1208250368;0;0;0;0;0;0;0;0;0;0;0;2625;0;0;95;0;200;0;
21434;5617525;1067065344;30019584;1208242176;0;0;0;0;0;0;0;0;0;0;0;5299;0;0;95;0;200;0;
21435;5943416;1067065344;30019584;1208242176;0;0;0;0;0;0;0;0;0;0;0;2444;0;0;95;0;200;0;
21436;6546718;1055571968;18526208;1196748800;0;0;0;0;0;0;0;0;0;0;0;3938;0;0;95;0;200;0;
21437;7245678;1055571968;18526208;1196748800;0;0;0;0;0;0;0;0;0;0;0;3296;0;0;95;0;200;0;
21438;4802126;1055571968;18526208;1196748800;0;0;0;0;0;0;0;0;0;0;0;2765;0;0;95;0;200;0;
21439;7314698;1055571968;18526208;1196748800;0;0;0;0;0;0;0;0;0;0;0;2244;0;0;95;0;200;0;
21440;3678468;1055571968;18526208;1196748800;0;0;0;0;0;0;0;0;0;0;0;3887;0;0;95;0;200;0;
21441;6444586;1055571968;18526208;1196748800;0;0;0;0;0;0;0;0;0;0;0;2124;0;0;95;0;200;0;
21442;4840728;1055571968;18526208;1196748800;0;0;0;0;0;0;0;0;0;0;0;4057;0;0;95;0;200;0;
21443;7009996;1055571968;18526208;1196748800;0;0;0;0;0;0;0;0;0;0;0;3417;0;0;95;0;200;0;
21444;5834943;1055571968;18526208;1196748800;0;0;0;0;0;0;0;0;0;0;0;3727;0;0;95;0;200;0;
21445;5274952;1055571968;18526208;1196748800;0;0;0;0;0;0;0;0;0;0;0;2745;0;0;95;0;200;0;
21446;5841535;1055571968;18526208;1196748800;0;0;0;0;0;0;0;0;0;0;0;3807;0;0;95;0;200;0;
21447;5852044;1055571968;18526208;1196748800;0;0;0;0;0;0;0;0;0;0;0;2675;0;0;95;0;200;0;
21448;4952528;1055571968;18526208;1196748800;0;0;0;0;0;0;0;0;0;0;0;4379;0;0;95;0;200;0;
21449;7612988;1055571968;18526208;1196748800;0;0;0;0;0;0;0;0;0;0;0;2455;0;0;95;0;200;0;
21450;6344579;1055571968;18526208;1196748800;0;0;0;0;0;0;0;0;0;0;0;3346;0;0;95;0;200;0;
21451;7322522;1060569088;30019584;1208242176;0;0;0;0;0;0;0;0;0;0;0;3166;0;0;95;0;200;0;
21452;5629157;1064763392;30019584;1208242176;0;0;0;0;0;0;0;0;0;0;0;3547;0;0;95;0;200;0;
21453;7192569;1066860544;30019584;1208242176;0;0;0;0;0;0;0;0;0;0;0;3126;0;0;95;0;200;0;
21454;3895806;1066860544;30019584;1208242176;0;0;0;0;0;0;0;0;0;0;0;3286;0;0;95;0;200;0;
21455;7795730;1066860544;30019584;1208242176;0;0;0;0;0;0;0;0;0;0;0;3025;0;0;95;0;200;0;
21456;4050496;1066860544;30019584;1208242176;0;0;0;0;0;0;0;0;0;0;0;3507;0;0;95;0;200;0;
21457;7009706;1066860544;30019584;1208242176;0;0;0;0;0;0;0;0;0;0;0;4448;0;0;95;0;200;0;
21458;4665810;1055821824;18186240;1196408832;0;0;0;0;0;0;0;0;0;0;0;3557;0;0;95;0;200;0;
21459;8338237;1055821824;18186240;1196408832;0;0;0;0;0;0;0;0;0;0;0;4489;0;0;95;0;200;0;
21460;3876950;1055821824;18186240;1196408832;0;0;0;0;0;0;0;0;0;0;0;3025;0;0;95;0;200;0;
21461;8446631;1055821824;18186240;1196408832;0;0;0;0;0;0;0;0;0;0;0;3637;0;0;95;0;200;0;
21462;3603197;1055821824;18186240;1196408832;0;0;0;0;0;0;0;0;0;0;0;4919;0;0;95;0;200;0;
21463;8738698;1055821824;18186240;1196408832;0;0;0;0;0;0;0;0;0;0;0;3016;0;0;95;0;200;0;
21464;4297169;1055821824;18186240;1196408832;0;0;0;0;0;0;0;0;0;0;0;3817;0;0;95;0;200;0;
21465;7837368;1055821824;18186240;1196408832;0;0;0;0;0;0;0;0;0;0;0;3827;0;0;95;0;200;0;
21466;3555368;1055821824;18186240;1196408832;0;0;0;0;0;0;0;0;0;0;0;3667;0;0;95;0;200;0;
21467;6958430;1055821824;18186240;1196408832;0;0;0;0;0;0;0;0;0;0;0;3476;0;0;95;0;200;0;
21468;3536442;1055821824;18186240;1196408832;0;0;0;0;0;0;0;0;0;0;0;3106;0;0;95;0;200;0;
21469;6388130;1055821824;18186240;1196408832;0;0;0;0;0;0;0;0;0;0;0;2645;0;0;95;0;200;0;
21470;5298156;1055821824;18186240;1196408832;0;0;0;0;0;0;0;0;0;0;0;2675;0;0;95;0;200;0;
21471;7424444;1055821824;18186240;1196408832;0;0;0;0;0;0;0;0;0;0;0;4709;0;0;95;0;200;0;
21472;3466612;1055821824;18186240;1196408832;0;0;0;0;0;0;0;0;0;0;0;2685;0;0;95;0;200;0;
21473;6967437;1055821824;18186240;1196408832;0;0;0;0;0;0;0;0;0;0;0;2094;0;0;95;0;200;0;
21474;3700770;1055821824;18186240;1196408832;0;0;0;0;0;0;0;0;0;0;0;3026;0;0;95;0;200;0;
21475;7458708;1059803136;30019584;1208242176;0;0;0;0;0;0;0;0;0;0;0;3467;0;0;95;0;200;0;
21476;4670429;1063997440;30019584;1208242176;0;0;0;0;0;0;0;0;0;0;0;2845;0;0;95;0;200;0;
21477;7786122;1066897408;30019584;1208242176;0;0;0;0;0;0;0;0;0;0;0;3216;0;0;95;0;200;0;
21478;3296402;1066897408;30019584;1208242176;0;0;0;0;0;0;0;0;0;0;0;3667;0;0;95;0;200;0;
21479;4710664;1066897408;30019584;1208242176;0;0;0;0;0;0;0;0;0;0;0;2014;0;0;95;0;200;0;
21480;6287782;1066897408;30019584;1208242176;0;0;0;0;0;0;0;0;0;0;0;3476;0;0;95;0;200;0;
21481;6590239;1066897408;30019584;1208242176;0;0;0;0;0;0;0;0;0;0;0;2514;0;0;95;0;200;0;
21482;6660801;1055596544;18526208;1196748800;0;0;0;0;0;0;0;0;0;0;0;3006;0;0;95;0;200;0;
21483;6480223;1055596544;18526208;1196748800;0;0;0;0;0;0;0;0;0;0;0;2465;0;0;95;0;200;0;
21484;4710594;1055596544;18526208;1196748800;0;0;0;0;0;0;0;0;0;0;0;3847;0;0;95;0;200;0;
21485;7817771;1055596544;18526208;1196748800;0;0;0;0;0;0;0;0;0;0;0;2364;0;0;95;0;200;0;
21486;4656352;1055596544;18526208;1196748800;0;0;0;0;0;0;0;0;0;0;0;3226;0;0;95;0;200;0;
21487;11066614;1055596544;18526208;1196748800;0;0;0;0;0;0;0;0;0;0;0;2895;0;0;95;0;200;0;
21488;5630339;1055596544;18526208;1196748800;0;0;0;0;0;0;0;0;0;0;0;3586;0;0;95;0;200;0;
21489;7230250;1055596544;18526208;1196748800;0;0;0;0;0;0;0;0;0;0;0;2675;0;0;95;0;200;0;
21490;4575390;1055596544;18526208;1196748800;0;0;0;0;0;0;0;0;0;0;0;3366;0;0;95;0;200;0;
21491;7014975;1055596544;18526208;1196748800;0;0;0;0;0;0;0;0;0;0;0;3606;0;0;95;0;200;0;
21492;3020545;1055596544;18526208;1196748800;0;0;0;0;0;0;0;0;0;0;0;3115;0;0;95;0;200;0;
21493;5478695;1055596544;18526208;1196748800;0;0;0;0;0;0;0;0;0;0;0;1883;0;0;95;0;200;0;
21494;3772134;1055596544;18526208;1196748800;0;0;0;0;0;0;0;0;0;0;0;3497;0;0;95;0;200;0;
21495;5454460;1055596544;18526208;1196748800;0;0;0;0;0;0;0;0;0;0;0;1813;0;0;95;0;200;0;
21496;2661561;1055596544;18526208;1196748800;0;0;0;0;0;0;0;0;0;0;0;3026;0;0;95;0;200;0;
21497;5487111;1055596544;18526208;1196748800;0;0;0;0;0;0;0;0;0;0;0;2535;0;0;95;0;200;0;
21498;5190033;1055596544;18526208;1196748800;0;0;0;0;0;0;0;0;0;0;0;3176;0;0;95;0;200;0;
21499;7010948;1060593664;30019584;1208242176;0;0;0;0;0;0;0;0;0;0;0;3677;0;0;95;0;200;0;
21500;4151095;1064787968;30019584;1208242176;0;0;0;0;0;0;0;0;0;0;0;4078;0;0;95;0;200;0;
21501;6581232;1066885120;30019584;1208242176;0;0;0;0;0;0;0;0;0;0;0;2805;0;0;95;0;200;0;
21502;3839460;1066885120;30019584;1208242176;0;0;0;0;0;0;0;0;0;0;0;3757;0;0;95;0;200;0;
21503;5838970;1066885120;30019584;1208242176;0;0;0;0;0;0;0;0;0;0;0;2705;0;0;95;0;200;0;
21504;4224843;1066885120;30019584;1208242176;0;0;0;0;0;0;0;0;0;0;0;3778;0;0;95;0;200;0;
21505;4993494;1066885120;30019584;1208242176;0;0;0;0;0;0;0;0;0;0;0;2274;0;0;95;0;200;0;
21506;4209104;1055821824;18186240;1196408832;0;0;0;0;0;0;0;0;0;0;0;3687;0;0;95;0;200;0;
21507;6514147;1055821824;18186240;1196408832;0;0;0;0;0;0;0;0;0;0;0;2534;0;0;95;0;200;0;
21508;4720653;1055821824;18186240;1196408832;0;0;0;0;0;0;0;0;0;0;0;4458;0;0;95;0;200;0;
21509;6420551;1055821824;18186240;1196408832;0;0;0;0;0;0;0;0;0;0;0;2525;0;0;95;0;200;0;
21510;4204665;1055821824;18186240;1196408832;0;0;0;0;0;0;0;0;0;0;0;3507;0;0;95;0;200;0;
21511;6536578;1055821824;18186240;1196408832;0;0;0;0;0;0;0;0;0;0;0;2635;0;0;95;0;200;0;
21512;5235779;1055821824;18186240;1196408832;0;0;0;0;0;0;0;0;0;0;0;3707;0;0;95;0;200;0;
21513;5994653;1055821824;18186240;1196408832;0;0;0;0;0;0;0;0;0;0;0;3947;0;0;95;0;200;0;
21514;4788120;1055821824;18194432;1196417024;0;0;0;0;0;0;0;0;0;0;0;2695;0;0;95;0;200;0;
21515;6936288;1055821824;18194432;1196417024;0;0;0;0;0;0;0;0;0;0;0;2335;0;0;95;0;200;0;
21516;4429317;1055821824;18194432;1196417024;0;0;0;0;0;0;0;0;0;0;0;3036;0;0;95;0;200;0;
21517;5593120;1055821824;18194432;1196417024;0;0;0;0;0;0;0;0;0;0;0;2675;0;0;95;0;200;0;
21518;4347293;1055821824;18194432;1196417024;0;0;0;0;0;0;0;0;0;0;0;2966;0;0;95;0;200;0;
21519;11168395;1055821824;18194432;1196417024;0;0;0;0;0;0;0;0;0;0;0;2475;0;0;95;0;200;0;
21520;5366244;1055821824;18186240;1196408832;0;0;0;0;0;0;0;0;0;0;0;3677;0;0;95;0;200;0;
21521;6153029;1059803136;30019584;1208242176;0;0;0;0;0;0;0;0;0;0;0;2855;0;0;95;0;200;0;
21522;5117186;1063997440;30019584;1208242176;0;0;0;0;0;0;0;0;0;0;0;2304;0;0;95;0;200;0;
21523;6702199;1066897408;30019584;1208242176;0;0;0;0;0;0;0;0;0;0;0;2264;0;0;95;0;200;0;
21524;5574976;1066897408;30019584;1208242176;0;0;0;0;0;0;0;0;0;0;0;3256;0;0;95;0;200;0;
21525;6450988;1066897408;30019584;1208242176;0;0;0;0;0;0;0;0;0;0;0;2775;0;0;95;0;200;0;
21526;3863065;1066897408;30019584;1208242176;0;0;0;0;0;0;0;0;0;0;0;2876;0;0;95;0;200;0;
21527;7052426;1066897408;30019584;1208242176;0;0;0;0;0;0;0;0;0;0;0;2645;0;0;95;0;200;0;
21528;4189727;1055621120;18526208;1196748800;0;0;0;0;0;0;0;0;0;0;0;3297;0;0;95;0;200;0;
21529;5811068;1055621120;18526208;1196748800;0;0;0;0;0;0;0;0;0;0;0;1984;0;0;95;0;200;0;
21530;4158729;1055621120;18526208;1196748800;0;0;0;0;0;0;0;0;0;0;0;4088;0;0;95;0;200;0;
21531;5229818;1055621120;18526208;1196748800;0;0;0;0;0;0;0;0;0;0;0;2094;0;0;95;0;200;0;
21532;5250687;1055621120;18526208;1196748800;0;0;0;0;0;0;0;0;0;0;0;3967;0;0;95;0;200;0;
21533;5712533;1055621120;18526208;1196748800;0;0;0;0;0;0;0;0;0;0;0;24907;0;0;95;0;200;0;
21534;5297775;1055621120;18526208;1196748800;0;0;0;0;0;0;0;0;0;0;0;3236;0;0;95;0;200;0;
21535;6187745;1055621120;18526208;1196748800;0;0;0;0;0;0;0;0;0;0;0;3096;0;0;95;0;200;0;
21536;5099544;1055621120;18526208;1196748800;0;0;0;0;0;0;0;0;0;0;0;4679;0;0;95;0;200;0;
21537;10886186;1055621120;18526208;1196748800;0;0;0;0;0;0;0;0;0;0;0;3777;0;0;95;0;200;0;
21538;6543261;1055621120;18526208;1196748800;0;0;0;0;0;0;0;0;0;0;0;4319;0;0;95;0;200;0;
21539;10924868;1055621120;18526208;1196748800;0;0;0;0;0;0;0;0;0;0;0;3116;0;0;95;0;200;0;
21540;8114478;1055621120;18526208;1196748800;0;0;0;0;0;0;0;0;0;0;0;4418;0;0;95;0;200;0;
21541;8700066;1055621120;18526208;1196748800;0;0;0;0;0;0;0;0;0;0;0;3487;0;0;95;0;200;0;
21542;9474428;1055621120;18526208;1196748800;0;0;0;0;0;0;0;0;0;0;0;4107;0;0;95;0;200;0;
21543;9054641;1055621120;18526208;1196748800;0;0;0;0;0;0;0;0;0;0;0;4448;0;0;95;0;200;0;
21544;10594569;1055621120;18526208;1196748800;0;0;0;0;0;0;0;0;0;0;0;4118;0;0;95;0;200;0;
21545;8522303;1060618240;30019584;1208242176;0;0;0;0;0;0;0;0;0;0;0;4929;0;0;95;0;200;0;
21546;6655332;1064812544;30019584;1208242176;0;0;0;0;0;0;0;0;0;0;0;4388;0;0;95;0;200;0;
21547;9416750;1066909696;30019584;1208242176;0;0;0;0;0;0;0;0;0;0;0;4438;0;0;95;0;200;0;
21548;5392483;1066909696;30019584;1208242176;0;0;0;0;0;0;0;0;0;0;0;3256;0;0;95;0;200;0;
21549;6886705;1066909696;30019584;1208242176;0;0;0;0;0;0;0;0;0;0;0;4238;0;0;95;0;200;0;
21550;6261233;1066909696;30019584;1208242176;0;0;0;0;0;0;0;0;0;0;0;3817;0;0;95;0;200;0;
21551;8166094;1066909696;30019584;1208242176;0;0;0;0;0;0;0;0;0;0;0;3297;0;0;95;0;200;0;
21552;9377887;1055821824;18186240;1196408832;0;0;0;0;0;0;0;0;0;0;0;3967;0;0;95;0;200;0;
21553;10381419;1055821824;18186240;1196408832;0;0;0;0;0;0;0;0;0;0;0;4488;0;0;95;0;200;0;
21554;6510329;1055821824;18186240;1196408832;0;0;0;0;0;0;0;0;0;0;0;3787;0;0;95;0;200;0;
21555;7714978;1055821824;18186240;1196408832;0;0;0;0;0;0;0;0;0;0;0;4148;0;0;95;0;200;0;
21556;8887808;1055821824;18186240;1196408832;0;0;0;0;0;0;0;0;0;0;0;4429;0;0;95;0;200;0;
21557;7698207;1055821824;18186240;1196408832;0;0;0;0;0;0;0;0;0;0;0;5650;0;0;95;0;200;0;
21558;5605422;1055821824;18186240;1196408832;0;0;0;0;0;0;0;0;0;0;0;3487;0;0;95;0;200;0;
21559;8114337;1055821824;18186240;1196408832;0;0;0;0;0;0;0;0;0;0;0;2765;0;0;95;0;200;0;
21560;7981348;1055821824;18186240;1196408832;0;0;0;0;0;0;0;0;0;0;0;3476;0;0;95;0;200;0;
21561;7571740;1055821824;18186240;1196408832;0;0;0;0;0;0;0;0;0;0;0;3517;0;0;95;0;200;0;
21562;4784623;1055821824;18186240;1196408832;0;0;0;0;0;0;0;0;0;0;0;4648;0;0;95;0;200;0;
21563;9590015;1055821824;18186240;1196408832;0;0;0;0;0;0;0;0;0;0;0;3046;0;0;95;0;200;0;
21564;9090328;1055821824;18186240;1196408832;0;0;0;0;0;0;0;0;0;0;0;7423;0;0;95;0;200;0;
21565;8964402;1055821824;18186240;1196408832;0;0;0;0;0;0;0;0;0;0;0;3427;0;0;95;0;200;0;
21566;7270525;1055821824;18186240;1196408832;0;0;0;0;0;0;0;0;0;0;0;3747;0;0;95;0;200;0;
21567;9266699;1059803136;30019584;1208242176;0;0;0;0;0;0;0;0;0;0;0;3767;0;0;95;0;200;0;
21568;5922527;1063997440;30019584;1208242176;0;0;0;0;0;0;0;0;0;0;0;3456;0;0;95;0;200;0;
21569;9892903;1066897408;30019584;1208242176;0;0;0;0;0;0;0;0;0;0;0;4758;0;0;95;0;200;0;
21570;5213036;1066897408;30019584;1208242176;0;0;0;0;0;0;0;0;0;0;0;2906;0;0;95;0;200;0;
21571;9080810;1066897408;30019584;1208242176;0;0;0;0;0;0;0;0;0;0;0;2965;0;0;95;0;200;0;
21572;6001114;1066897408;30019584;1208242176;0;0;0;0;0;0;0;0;0;0;0;3306;0;0;95;0;200;0;
21573;8799001;1066897408;30019584;1208242176;0;0;0;0;0;0;0;0;0;0;0;3867;0;0;95;0;200;0;
21574;6240123;1055645696;18526208;1196748800;0;0;0;0;0;0;0;0;0;0;0;3787;0;0;95;0;200;0;
21575;9045884;1055645696;18526208;1196748800;0;0;0;0;0;0;0;0;0;0;0;4508;0;0;95;0;200;0;
21576;6763053;1055645696;18526208;1196748800;0;0;0;0;0;0;0;0;0;0;0;3146;0;0;95;0;200;0;
21577;7926435;1055645696;18526208;1196748800;0;0;0;0;0;0;0;0;0;0;0;3437;0;0;95;0;200;0;
21578;7331679;1055645696;18526208;1196748800;0;0;0;0;0;0;0;0;0;0;0;4148;0;0;95;0;200;0;
21579;6984499;1055645696;18526208;1196748800;0;0;0;0;0;0;0;0;0;0;0;3747;0;0;95;0;200;0;
21580;9845103;1055645696;18526208;1196748800;0;0;0;0;0;0;0;0;0;0;0;4178;0;0;95;0;200;0;
21581;6392999;1055645696;18526208;1196748800;0;0;0;0;0;0;0;0;0;0;0;2856;0;0;95;0;200;0;
21582;5708465;1055645696;18526208;1196748800;0;0;0;0;0;0;0;0;0;0;0;2856;0;0;95;0;200;0;
21583;7313546;1055645696;18526208;1196748800;0;0;0;0;0;0;0;0;0;0;0;3256;0;0;95;0;200;0;
21584;4506561;1055645696;18534400;1196756992;0;0;0;0;0;0;0;0;0;0;0;4459;0;0;95;0;200;0;
21585;8827936;1060642816;30027776;1208250368;0;0;0;0;0;0;0;0;0;0;0;3717;0;0;95;0;200;0;
21586;4636405;1064837120;30027776;1208250368;0;0;0;0;0;0;0;0;0;0;0;3737;0;0;95;0;200;0;
21587;7495927;1066934272;30027776;1208250368;0;0;0;0;0;0;0;0;0;0;0;3647;0;0;95;0;200;0;
21588;4931017;1066934272;30027776;1208250368;0;0;0;0;0;0;0;0;0;0;0;4499;0;0;95;0;200;0;
21589;7789217;1066934272;30027776;1208250368;0;0;0;0;0;0;0;0;0;0;0;3998;0;0;95;0;200;0;
21590;3612414;1067139072;30019584;1208242176;0;0;0;0;0;0;0;0;0;0;0;3637;0;0;95;0;200;0;
21591;7688128;1067139072;30019584;1208242176;0;0;0;0;0;0;0;0;0;0;0;4809;0;0;95;0;200;0;
21592;4294083;1067139072;30019584;1208242176;0;0;0;0;0;0;0;0;0;0;0;3236;0;0;95;0;200;0;
21593;6256624;1067139072;30019584;1208242176;0;0;0;0;0;0;0;0;0;0;0;3637;0;0;95;0;200;0;
21594;6484812;1067139072;30019584;1208242176;0;0;0;0;0;0;0;0;0;0;0;4418;0;0;95;0;200;0;
21595;5898923;1067139072;30019584;1208242176;0;0;0;0;0;0;0;0;0;0;0;2945;0;0;95;0;200;0;
21596;6728508;1067139072;30019584;1208242176;0;0;0;0;0;0;0;0;0;0;0;3276;0;0;95;0;200;0;
21597;6953210;1067139072;30019584;1208242176;0;0;0;0;0;0;0;0;0;0;0;3216;0;0;95;0;200;0;
21598;4614735;1055657984;18526208;1196748800;0;0;0;0;0;0;0;0;0;0;0;4097;0;0;95;0;200;0;
21599;7369170;1055657984;18526208;1196748800;0;0;0;0;0;0;0;0;0;0;0;3917;0;0;95;0;200;0;
21600;4049765;1055657984;18526208;1196748800;0;0;0;0;0;0;0;0;0;0;0;3526;0;0;95;0;200;0;
21601;7679582;1055657984;18526208;1196748800;0;0;0;0;0;0;0;0;0;0;0;4979;0;0;95;0;200;0;
21602;3220189;1055657984;18526208;1196748800;0;0;0;0;0;0;0;0;0;0;0;3807;0;0;95;0;200;0;
21603;7307244;1055657984;18526208;1196748800;0;0;0;0;0;0;0;0;0;0;0;3286;0;0;95;0;200;0;
21604;5933358;1055657984;18526208;1196748800;0;0;0;0;0;0;0;0;0;0;0;3026;0;0;95;0;200;0;
21605;7431016;1055657984;18526208;1196748800;0;0;0;0;0;0;0;0;0;0;0;3727;0;0;95;0;200;0;
21606;6793982;1055657984;18526208;1196748800;0;0;0;0;0;0;0;0;0;0;0;3667;0;0;95;0;200;0;
21607;6480263;1055657984;18526208;1196748800;0;0;0;0;0;0;0;0;0;0;0;3477;0;0;95;0;200;0;
21608;5319115;1055657984;18526208;1196748800;0;0;0;0;0;0;0;0;0;0;0;3908;0;0;95;0;200;0;
21609;5312974;1055657984;18526208;1196748800;0;0;0;0;0;0;0;0;0;0;0;3587;0;0;95;0;200;0;
21610;3129449;1055657984;18526208;1196748800;0;0;0;0;0;0;0;0;0;0;0;4919;0;0;95;0;200;0;
21611;8235535;1055657984;18526208;1196748800;0;0;0;0;0;0;0;0;0;0;0;3196;0;0;95;0;200;0;
21612;4184046;1055657984;18526208;1196748800;0;0;0;0;0;0;0;0;0;0;0;4218;0;0;95;0;200;0;
21613;7268051;1055657984;18526208;1196748800;0;0;0;0;0;0;0;0;0;0;0;3607;0;0;95;0;200;0;
21614;4722156;1055657984;18526208;1196748800;0;0;0;0;0;0;0;0;0;0;0;3566;0;0;95;0;200;0;
21615;8340371;1060655104;30019584;1208242176;0;0;0;0;0;0;0;0;0;0;0;3317;0;0;95;0;200;0;
21616;4098707;1064849408;30019584;1208242176;0;0;0;0;0;0;0;0;0;0;0;2855;0;0;95;0;200;0;
21617;8428937;1066946560;30019584;1208242176;0;0;0;0;0;0;0;0;0;0;0;4508;0;0;95;0;200;0;
21618;4473910;1066946560;30019584;1208242176;0;0;0;0;0;0;0;0;0;0;0;3316;0;0;95;0;200;0;
21619;6854335;1066946560;30019584;1208242176;0;0;0;0;0;0;0;0;0;0;0;3066;0;0;95;0;200;0;
21620;5431797;1066946560;30019584;1208242176;0;0;0;0;0;0;0;0;0;0;0;3827;0;0;95;0;200;0;
21621;7286475;1066946560;30019584;1208242176;0;0;0;0;0;0;0;0;0;0;0;3727;0;0;95;0;200;0;
21622;6426913;1055821824;18186240;1196408832;0;0;0;0;0;0;0;0;0;0;0;4068;0;0;95;0;200;0;
21623;7100446;1055821824;18186240;1196408832;0;0;0;0;0;0;0;0;0;0;0;4318;0;0;95;0;200;0;
21624;5305220;1055821824;18186240;1196408832;0;0;0;0;0;0;0;0;0;0;0;4478;0;0;95;0;200;0;
21625;5653593;1055821824;18186240;1196408832;0;0;0;0;0;0;0;0;0;0;0;3376;0;0;95;0;200;0;
21626;4749447;1055821824;18186240;1196408832;0;0;0;0;0;0;0;0;0;0;0;3717;0;0;95;0;200;0;
21627;7004897;1055821824;18186240;1196408832;0;0;0;0;0;0;0;0;0;0;0;2875;0;0;95;0;200;0;
21628;5126965;1055821824;18186240;1196408832;0;0;0;0;0;0;0;0;0;0;0;3176;0;0;95;0;200;0;
21629;6021833;1055821824;18186240;1196408832;0;0;0;0;0;0;0;0;0;0;0;3747;0;0;95;0;200;0;
21630;4306727;1055821824;18186240;1196408832;0;0;0;0;0;0;0;0;0;0;0;3336;0;0;95;0;200;0;
21631;6703441;1055821824;18186240;1196408832;0;0;0;0;0;0;0;0;0;0;0;5330;0;0;95;0;200;0;
21632;4946256;1055821824;18186240;1196408832;0;0;0;0;0;0;0;0;0;0;0;3837;0;0;95;0;200;0;
21633;8490543;1055821824;18186240;1196408832;0;0;0;0;0;0;0;0;0;0;0;3016;0;0;95;0;200;0;
21634;5696213;1055821824;18186240;1196408832;0;0;0;0;0;0;0;0;0;0;0;3908;0;0;95;0;200;0;
21635;7305550;1055821824;18186240;1196408832;0;0;0;0;0;0;0;0;0;0;0;3667;0;0;95;0;200;0;
21636;6097986;1055821824;18186240;1196408832;0;0;0;0;0;0;0;0;0;0;0;4359;0;0;95;0;200;0;
21637;9441416;1059803136;30019584;1208242176;0;0;0;0;0;0;0;0;0;0;0;3387;0;0;95;0;200;0;
21638;8326205;1063997440;30019584;1208242176;0;0;0;0;0;0;0;0;0;0;0;4429;0;0;95;0;200;0;
21639;6581664;1067167744;30019584;1208242176;0;0;0;0;0;0;0;0;0;0;0;3948;0;0;95;0;200;0;
21640;7820847;1067167744;30019584;1208242176;0;0;0;0;0;0;0;0;0;0;0;3397;0;0;95;0;200;0;
21641;6706618;1067167744;30019584;1208242176;0;0;0;0;0;0;0;0;0;0;0;2484;0;0;95;0;200;0;
21642;6644391;1067167744;30019584;1208242176;0;0;0;0;0;0;0;0;0;0;0;3467;0;0;95;0;200;0;
21643;6658097;1067167744;30019584;1208242176;0;0;0;0;0;0;0;0;0;0;0;3416;0;0;95;0;200;0;
21644;6586792;1055682560;18526208;1196748800;0;0;0;0;0;0;0;0;0;0;0;4008;0;0;95;0;200;0;
21645;8291890;1055682560;18526208;1196748800;0;0;0;0;0;0;0;0;0;0;0;3958;0;0;95;0;200;0;
21646;6753606;1055682560;18526208;1196748800;0;0;0;0;0;0;0;0;0;0;0;4227;0;0;95;0;200;0;
21647;7940742;1055682560;18526208;1196748800;0;0;0;0;0;0;0;0;0;0;0;4008;0;0;95;0;200;0;
21648;6895422;1055682560;18526208;1196748800;0;0;0;0;0;0;0;0;0;0;0;4909;0;0;95;0;200;0;
21649;7915895;1055682560;18526208;1196748800;0;0;0;0;0;0;0;0;0;0;0;4349;0;0;95;0;200;0;
21650;4769114;1055682560;18526208;1196748800;0;0;0;0;0;0;0;0;0;0;0;4618;0;0;95;0;200;0;
21651;9647704;1055682560;18526208;1196748800;0;0;0;0;0;0;0;0;0;0;0;4659;0;0;95;0;200;0;
21652;6767401;1055682560;18526208;1196748800;0;0;0;0;0;0;0;0;0;0;0;4288;0;0;95;0;200;0;
21653;7915595;1055682560;18526208;1196748800;0;0;0;0;0;0;0;0;0;0;0;3116;0;0;95;0;200;0;
21654;7692516;1055682560;18526208;1196748800;0;0;0;0;0;0;0;0;0;0;0;3557;0;0;95;0;200;0;
21655;6977565;1055682560;18526208;1196748800;0;0;0;0;0;0;0;0;0;0;0;2464;0;0;95;0;200;0;
21656;7559647;1055682560;18526208;1196748800;0;0;0;0;0;0;0;0;0;0;0;4098;0;0;95;0;200;0;
21657;8457150;1055682560;18526208;1196748800;0;0;0;0;0;0;0;0;0;0;0;4178;0;0;95;0;200;0;
21658;7856273;1055682560;18526208;1196748800;0;0;0;0;0;0;0;0;0;0;0;44253;0;0;95;0;200;0;
21659;9005439;1055682560;18526208;1196748800;0;0;0;0;0;0;0;0;0;0;0;3937;0;0;95;0;200;0;
21660;5807702;1055682560;18526208;1196748800;0;0;0;0;0;0;0;0;0;0;0;4429;0;0;95;0;200;0;
21661;9099886;1060679680;30019584;1208242176;0;0;0;0;0;0;0;0;0;0;0;4508;0;0;95;0;200;0;
21662;4655511;1064873984;30019584;1208242176;0;0;0;0;0;0;0;0;0;0;0;2885;0;0;95;0;200;0;
21663;9729196;1066971136;30019584;1208242176;0;0;0;0;0;0;0;0;0;0;0;3717;0;0;95;0;200;0;
21664;12879935;1066971136;30019584;1208242176;0;0;0;0;0;0;0;0;0;0;0;3677;0;0;95;0;200;0;
21665;7538738;1066971136;30019584;1208242176;0;0;0;0;0;0;0;0;0;0;0;3997;0;0;95;0;200;0;
21666;7773358;1066971136;30019584;1208242176;0;0;0;0;0;0;0;0;0;0;0;4288;0;0;95;0;200;0;
21667;7210292;1066971136;30019584;1208242176;0;0;0;0;0;0;0;0;0;0;0;3046;0;0;95;0;200;0;
21668;6450367;1055821824;18186240;1196408832;0;0;0;0;0;0;0;0;0;0;0;3707;0;0;95;0;200;0;
21669;6979449;1055821824;18186240;1196408832;0;0;0;0;0;0;0;0;0;0;0;3617;0;0;95;0;200;0;
21670;5830183;1055821824;18186240;1196408832;0;0;0;0;0;0;0;0;0;0;0;3917;0;0;95;0;200;0;
21671;7930934;1055821824;18186240;1196408832;0;0;0;0;0;0;0;0;0;0;0;3977;0;0;95;0;200;0;
21672;4446950;1055821824;18186240;1196408832;0;0;0;0;0;0;0;0;0;0;0;4198;0;0;95;0;200;0;
21673;8427514;1055821824;18186240;1196408832;0;0;0;0;0;0;0;0;0;0;0;3967;0;0;95;0;200;0;
21674;5602697;1055821824;18186240;1196408832;0;0;0;0;0;0;0;0;0;0;0;3026;0;0;95;0;200;0;
21675;8978828;1055821824;18186240;1196408832;0;0;0;0;0;0;0;0;0;0;0;3606;0;0;95;0;200;0;
21676;4595528;1055821824;18186240;1196408832;0;0;0;0;0;0;0;0;0;0;0;9608;0;0;95;0;200;0;
21677;8320004;1055821824;18186240;1196408832;0;0;0;0;0;0;0;0;0;0;0;5060;0;0;95;0;200;0;
21678;5473956;1055821824;18186240;1196408832;0;0;0;0;0;0;0;0;0;0;0;4519;0;0;95;0;200;0;
21679;7148436;1055821824;18186240;1196408832;0;0;0;0;0;0;0;0;0;0;0;3326;0;0;95;0;200;0;
21680;4893096;1055821824;18186240;1196408832;0;0;0;0;0;0;0;0;0;0;0;3166;0;0;95;0;200;0;
21681;9154438;1055821824;18186240;1196408832;0;0;0;0;0;0;0;0;0;0;0;3968;0;0;95;0;200;0;
21682;5902760;1055821824;18186240;1196408832;0;0;0;0;0;0;0;0;0;0;0;3577;0;0;95;0;200;0;
21683;6224583;1055821824;18186240;1196408832;0;0;0;0;0;0;0;0;0;0;0;2866;0;0;95;0;200;0;
21684;5524771;1055821824;18186240;1196408832;0;0;0;0;0;0;0;0;0;0;0;3606;0;0;95;0;200;0;
21685;7049451;1059803136;30019584;1208242176;0;0;0;0;0;0;0;0;0;0;0;3607;0;0;95;0;200;0;
21686;6473380;1063997440;30019584;1208242176;0;0;0;0;0;0;0;0;0;0;0;3427;0;0;95;0;200;0;
21687;8644031;1067167744;30019584;1208242176;0;0;0;0;0;0;0;0;0;0;0;3025;0;0;95;0;200;0;
21688;4718690;1067167744;30019584;1208242176;0;0;0;0;0;0;0;0;0;0;0;4228;0;0;95;0;200;0;
21689;7563414;1067167744;30019584;1208242176;0;0;0;0;0;0;0;0;0;0;0;3146;0;0;95;0;200;0;
21690;7620742;1067167744;30019584;1208242176;0;0;0;0;0;0;0;0;0;0;0;4067;0;0;95;0;200;0;
21691;9408414;1067167744;30019584;1208242176;0;0;0;0;0;0;0;0;0;0;0;2645;0;0;95;0;200;0;
21692;5398895;1055707136;18526208;1196748800;0;0;0;0;0;0;0;0;0;0;0;4308;0;0;95;0;200;0;
21693;8715736;1055707136;18526208;1196748800;0;0;0;0;0;0;0;0;0;0;0;3477;0;0;95;0;200;0;
21694;5968142;1055707136;18526208;1196748800;0;0;0;0;0;0;0;0;0;0;0;4789;0;0;95;0;200;0;
21695;9418634;1055707136;18526208;1196748800;0;0;0;0;0;0;0;0;0;0;0;4038;0;0;95;0;200;0;
21696;5018031;1055707136;18526208;1196748800;0;0;0;0;0;0;0;0;0;0;0;4247;0;0;95;0;200;0;
21697;8742345;1055707136;18526208;1196748800;0;0;0;0;0;0;0;0;0;0;0;3206;0;0;95;0;200;0;
21698;4232277;1055707136;18526208;1196748800;0;0;0;0;0;0;0;0;0;0;0;4127;0;0;95;0;200;0;
21699;6619143;1055707136;18526208;1196748800;0;0;0;0;0;0;0;0;0;0;0;3827;0;0;95;0;200;0;
21700;7356767;1055707136;18526208;1196748800;0;0;0;0;0;0;0;0;0;0;0;3988;0;0;95;0;200;0;
21701;7774830;1055707136;18526208;1196748800;0;0;0;0;0;0;0;0;0;0;0;3817;0;0;95;0;200;0;
21702;6826943;1055707136;18526208;1196748800;0;0;0;0;0;0;0;0;0;0;0;3266;0;0;95;0;200;0;
21703;5607847;1055707136;18526208;1196748800;0;0;0;0;0;0;0;0;0;0;0;2445;0;0;95;0;200;0;
21704;5363238;1055707136;18526208;1196748800;0;0;0;0;0;0;0;0;0;0;0;4428;0;0;95;0;200;0;
21705;9709780;1055707136;18526208;1196748800;0;0;0;0;0;0;0;0;0;0;0;4207;0;0;95;0;200;0;
21706;8048935;1055707136;18526208;1196748800;0;0;0;0;0;0;0;0;0;0;0;3878;0;0;95;0;200;0;
21707;8801376;1060704256;30019584;1208242176;0;0;0;0;0;0;0;0;0;0;0;4248;0;0;95;0;200;0;
21708;7565228;1064898560;30019584;1208242176;0;0;0;0;0;0;0;0;0;0;0;3957;0;0;95;0;200;0;
21709;8826413;1066995712;30019584;1208242176;0;0;0;0;0;0;0;0;0;0;0;4729;0;0;95;0;200;0;
21710;6980061;1066995712;30019584;1208242176;0;0;0;0;0;0;0;0;0;0;0;3166;0;0;95;0;200;0;
21711;8818148;1066995712;30019584;1208242176;0;0;0;0;0;0;0;0;0;0;0;3597;0;0;95;0;200;0;
21712;7361405;1066995712;30019584;1208242176;0;0;0;0;0;0;0;0;0;0;0;3917;0;0;95;0;200;0;
21713;8394163;1066995712;30019584;1208242176;0;0;0;0;0;0;0;0;0;0;0;3066;0;0;95;0;200;0;
21714;7362717;1055821824;18186240;1196408832;0;0;0;0;0;0;0;0;0;0;0;3016;0;0;95;0;200;0;
21715;8732076;1055821824;18186240;1196408832;0;0;0;0;0;0;0;0;0;0;0;4599;0;0;95;0;200;0;
21716;8522423;1055821824;18186240;1196408832;0;0;0;0;0;0;0;0;0;0;0;2956;0;0;95;0;200;0;
21717;10060187;1055821824;18186240;1196408832;0;0;0;0;0;0;0;0;0;0;0;129973;0;0;95;0;200;0;
21718;7973914;1055821824;18190336;1196412928;0;0;0;0;0;0;0;0;0;0;0;6943;0;0;95;0;200;0;
21719;10726356;1055821824;18190336;1196412928;0;0;0;0;0;0;0;0;0;0;0;4889;0;0;95;0;200;0;
21720;7290202;1055821824;18190336;1196412928;0;0;0;0;0;0;0;0;0;0;0;3818;0;0;95;0;200;0;
21721;7307344;1055821824;18190336;1196412928;0;0;0;0;0;0;0;0;0;0;0;5390;0;0;95;0;200;0;
21722;4991491;1055821824;18190336;1196412928;0;0;0;0;0;0;0;0;0;0;0;4579;0;0;95;0;200;0;
21723;8812707;1055821824;18190336;1196412928;0;0;0;0;0;0;0;0;0;0;0;2605;0;0;95;0;200;0;
21724;5388946;1055821824;18190336;1196412928;0;0;0;0;0;0;0;0;0;0;0;3196;0;0;95;0;200;0;
21725;8589629;1055821824;18190336;1196412928;0;0;0;0;0;0;0;0;0;0;0;3386;0;0;95;0;200;0;
21726;5924490;1055821824;18186240;1196408832;0;0;0;0;0;0;0;0;0;0;0;3056;0;0;95;0;200;0;
21727;7653684;1055821824;18186240;1196408832;0;0;0;0;0;0;0;0;0;0;0;2966;0;0;95;0;200;0;
21728;6367391;1055821824;18186240;1196408832;0;0;0;0;0;0;0;0;0;0;0;3858;0;0;95;0;200;0;
21729;7368439;1055821824;18186240;1196408832;0;0;0;0;0;0;0;0;0;0;0;3336;0;0;95;0;200;0;
21730;7749583;1055821824;18186240;1196408832;0;0;0;0;0;0;0;0;0;0;0;3607;0;0;95;0;200;0;
21731;7698147;1059803136;30019584;1208242176;0;0;0;0;0;0;0;0;0;0;0;3246;0;0;95;0;200;0;
21732;7078846;1063997440;30019584;1208242176;0;0;0;0;0;0;0;0;0;0;0;2895;0;0;95;0;200;0;
21733;7566319;1067167744;30019584;1208242176;0;0;0;0;0;0;0;0;0;0;0;2815;0;0;95;0;200;0;
21734;7207497;1067167744;30019584;1208242176;0;0;0;0;0;0;0;0;0;0;0;3927;0;0;95;0;200;0;
21735;8376569;1067167744;30019584;1208242176;0;0;0;0;0;0;0;0;0;0;0;2755;0;0;95;0;200;0;
21736;7216695;1067167744;30019584;1208242176;0;0;0;0;0;0;0;0;0;0;0;3587;0;0;95;0;200;0;
21737;8184329;1067167744;30019584;1208242176;0;0;0;0;0;0;0;0;0;0;0;2935;0;0;95;0;200;0;
21738;5388255;1055731712;18526208;1196748800;0;0;0;0;0;0;0;0;0;0;0;3637;0;0;95;0;200;0;
21739;8607402;1055731712;18526208;1196748800;0;0;0;0;0;0;0;0;0;0;0;4669;0;0;95;0;200;0;
21740;5130371;1055731712;18526208;1196748800;0;0;0;0;0;0;0;0;0;0;0;4539;0;0;95;0;200;0;
21741;8061339;1055731712;18526208;1196748800;0;0;0;0;0;0;0;0;0;0;0;3386;0;0;95;0;200;0;
21742;8288905;1055731712;18526208;1196748800;0;0;0;0;0;0;0;0;0;0;0;3988;0;0;95;0;200;0;
21743;9543909;1055731712;18526208;1196748800;0;0;0;0;0;0;0;0;0;0;0;4318;0;0;95;0;200;0;
21744;5666296;1055731712;18526208;1196748800;0;0;0;0;0;0;0;0;0;0;0;3566;0;0;95;0;200;0;
21745;11401251;1055731712;18526208;1196748800;0;0;0;0;0;0;0;0;0;0;0;3798;0;0;95;0;200;0;
21746;6084692;1055731712;18526208;1196748800;0;0;0;0;0;0;0;0;0;0;0;4839;0;0;95;0;200;0;
21747;10623012;1055731712;18526208;1196748800;0;0;0;0;0;0;0;0;0;0;0;4138;0;0;95;0;200;0;
21748;4425881;1055731712;18526208;1196748800;0;0;0;0;0;0;0;0;0;0;0;3667;0;0;95;0;200;0;
21749;10421835;1055731712;18526208;1196748800;0;0;0;0;0;0;0;0;0;0;0;3347;0;0;95;0;200;0;
21750;4681770;1055731712;18526208;1196748800;0;0;0;0;0;0;0;0;0;0;0;2645;0;0;95;0;200;0;
21751;9442759;1055731712;18526208;1196748800;0;0;0;0;0;0;0;0;0;0;0;3186;0;0;95;0;200;0;
21752;4530617;1055731712;18526208;1196748800;0;0;0;0;0;0;0;0;0;0;0;3536;0;0;95;0;200;0;
21753;6848343;1060728832;30019584;1208242176;0;0;0;0;0;0;0;0;0;0;0;3517;0;0;95;0;200;0;
21754;8599397;1064923136;30019584;1208242176;0;0;0;0;0;0;0;0;0;0;0;2835;0;0;95;0;200;0;
21755;6873520;1067020288;30019584;1208242176;0;0;0;0;0;0;0;0;0;0;0;4017;0;0;95;0;200;0;
21756;9645279;1067020288;30019584;1208242176;0;0;0;0;0;0;0;0;0;0;0;3467;0;0;95;0;200;0;
21757;9440925;1067020288;30019584;1208242176;0;0;0;0;0;0;0;0;0;0;0;3577;0;0;95;0;200;0;
21758;11274954;1067020288;30019584;1208242176;0;0;0;0;0;0;0;0;0;0;0;4518;0;0;95;0;200;0;
21759;9181098;1067020288;30019584;1208242176;0;0;0;0;0;0;0;0;0;0;0;3968;0;0;95;0;200;0;
21760;6644902;1055821824;18186240;1196408832;0;0;0;0;0;0;0;0;0;0;0;3767;0;0;95;0;200;0;
21761;8253358;1055821824;18186240;1196408832;0;0;0;0;0;0;0;0;0;0;0;3186;0;0;95;0;200;0;
21762;5712062;1055821824;18186240;1196408832;0;0;0;0;0;0;0;0;0;0;0;2765;0;0;95;0;200;0;
21763;9149529;1055821824;18186240;1196408832;0;0;0;0;0;0;0;0;0;0;0;5680;0;0;95;0;200;0;
21764;6541087;1055821824;18186240;1196408832;0;0;0;0;0;0;0;0;0;0;0;3146;0;0;95;0;200;0;
21765;9052487;1055821824;18186240;1196408832;0;0;0;0;0;0;0;0;0;0;0;3977;0;0;95;0;200;0;
21766;4516219;1055821824;18186240;1196408832;0;0;0;0;0;0;0;0;0;0;0;3606;0;0;95;0;200;0;
21767;6175030;1055821824;18186240;1196408832;0;0;0;0;0;0;0;0;0;0;0;3918;0;0;95;0;200;0;
21768;6602823;1055821824;18186240;1196408832;0;0;0;0;0;0;0;0;0;0;0;3357;0;0;95;0;200;0;
21769;6613633;1055821824;18186240;1196408832;0;0;0;0;0;0;0;0;0;0;0;3907;0;0;95;0;200;0;
21770;6594888;1055821824;18186240;1196408832;0;0;0;0;0;0;0;0;0;0;0;3977;0;0;95;0;200;0;
21771;8150235;1055821824;18186240;1196408832;0;0;0;0;0;0;0;0;0;0;0;4889;0;0;95;0;200;0;
21772;6490152;1055821824;18186240;1196408832;0;0;0;0;0;0;0;0;0;0;0;3106;0;0;95;0;200;0;
21773;11104044;1055821824;18186240;1196408832;0;0;0;0;0;0;0;0;0;0;0;4178;0;0;95;0;200;0;
21774;3845612;1055821824;18186240;1196408832;0;0;0;0;0;0;0;0;0;0;0;5290;0;0;95;0;200;0;
21775;8606400;1055821824;18186240;1196408832;0;0;0;0;0;0;0;0;0;0;0;3967;0;0;95;0;200;0;
21776;5413643;1055821824;18186240;1196408832;0;0;0;0;0;0;0;0;0;0;0;2905;0;0;95;0;200;0;
21777;10037163;1059803136;30019584;1208242176;0;0;0;0;0;0;0;0;0;0;0;4298;0;0;95;0;200;0;
21778;6663266;1063997440;30019584;1208242176;0;0;0;0;0;0;0;0;0;0;0;2655;0;0;95;0;200;0;
21779;11886722;1067167744;30019584;1208242176;0;0;0;0;0;0;0;0;0;0;0;4538;0;0;95;0;200;0;
21780;7045052;1067167744;30019584;1208242176;0;0;0;0;0;0;0;0;0;0;0;4008;0;0;95;0;200;0;
21781;9300452;1067167744;30019584;1208242176;0;0;0;0;0;0;0;0;0;0;0;3798;0;0;95;0;200;0;
21782;4495791;1067167744;30019584;1208242176;0;0;0;0;0;0;0;0;0;0;0;3497;0;0;95;0;200;0;
21783;8823738;1067167744;30019584;1208242176;0;0;0;0;0;0;0;0;0;0;0;3978;0;0;95;0;200;0;
21784;6099219;1055756288;18526208;1196748800;0;0;0;0;0;0;0;0;0;0;0;3888;0;0;95;0;200;0;
21785;7962853;1055756288;18526208;1196748800;0;0;0;0;0;0;0;0;0;0;0;3076;0;0;95;0;200;0;
21786;6120037;1055756288;18526208;1196748800;0;0;0;0;0;0;0;0;0;0;0;3957;0;0;95;0;200;0;
21787;6221317;1055756288;18526208;1196748800;0;0;0;0;0;0;0;0;0;0;0;2735;0;0;95;0;200;0;
21788;10252558;1055756288;18526208;1196748800;0;0;0;0;0;0;0;0;0;0;0;3226;0;0;95;0;200;0;
21789;7748962;1055756288;18526208;1196748800;0;0;0;0;0;0;0;0;0;0;0;3657;0;0;95;0;200;0;
21790;5898512;1055756288;18526208;1196748800;0;0;0;0;0;0;0;0;0;0;0;3396;0;0;95;0;200;0;
21791;7930302;1055756288;18526208;1196748800;0;0;0;0;0;0;0;0;0;0;0;3987;0;0;95;0;200;0;
21792;6325393;1055756288;18526208;1196748800;0;0;0;0;0;0;0;0;0;0;0;4107;0;0;95;0;200;0;
21793;7727201;1055756288;18526208;1196748800;0;0;0;0;0;0;0;0;0;0;0;2785;0;0;95;0;200;0;
21794;8640935;1055756288;18526208;1196748800;0;0;0;0;0;0;0;0;0;0;0;4328;0;0;95;0;200;0;
21795;8115189;1055756288;18526208;1196748800;0;0;0;0;0;0;0;0;0;0;0;3587;0;0;95;0;200;0;
21796;7216103;1055756288;18526208;1196748800;0;0;0;0;0;0;0;0;0;0;0;3216;0;0;95;0;200;0;
21797;9239829;1055756288;18526208;1196748800;0;0;0;0;0;0;0;0;0;0;0;2805;0;0;95;0;200;0;
21798;5862094;1055756288;18526208;1196748800;0;0;0;0;0;0;0;0;0;0;0;4008;0;0;95;0;200;0;
21799;8633762;1055756288;18526208;1196748800;0;0;0;0;0;0;0;0;0;0;0;4839;0;0;95;0;200;0;
21800;5166479;1055756288;18526208;1196748800;0;0;0;0;0;0;0;0;0;0;0;4208;0;0;95;0;200;0;
21801;9558977;1060753408;30019584;1208242176;0;0;0;0;0;0;0;0;0;0;0;3978;0;0;95;0;200;0;
21802;4634041;1064947712;30019584;1208242176;0;0;0;0;0;0;0;0;0;0;0;3847;0;0;95;0;200;0;
21803;7576599;1067044864;30019584;1208242176;0;0;0;0;0;0;0;0;0;0;0;4449;0;0;95;0;200;0;
21804;4771528;1067044864;30019584;1208242176;0;0;0;0;0;0;0;0;0;0;0;2765;0;0;95;0;200;0;
21805;5818182;1067044864;30019584;1208242176;0;0;0;0;0;0;0;0;0;0;0;2955;0;0;95;0;200;0;
21806;5470770;1067044864;30019584;1208242176;0;0;0;0;0;0;0;0;0;0;0;4789;0;0;95;0;200;0;
21807;6860586;1067044864;30019584;1208242176;0;0;0;0;0;0;0;0;0;0;0;3477;0;0;95;0;200;0;
21808;6387379;1055821824;18186240;1196408832;0;0;0;0;0;0;0;0;0;0;0;3466;0;0;95;0;200;0;
21809;7156872;1055821824;18186240;1196408832;0;0;0;0;0;0;0;0;0;0;0;3747;0;0;95;0;200;0;
21810;5137805;1055821824;18186240;1196408832;0;0;0;0;0;0;0;0;0;0;0;3597;0;0;95;0;200;0;
21811;7578843;1055821824;18186240;1196408832;0;0;0;0;0;0;0;0;0;0;0;4699;0;0;95;0;200;0;
21812;6022064;1055821824;18186240;1196408832;0;0;0;0;0;0;0;0;0;0;0;4399;0;0;95;0;200;0;
21813;9922679;1055821824;18186240;1196408832;0;0;0;0;0;0;0;0;0;0;0;3878;0;0;95;0;200;0;
21814;4584197;1055821824;18186240;1196408832;0;0;0;0;0;0;0;0;0;0;0;5480;0;0;95;0;200;0;
21815;8649401;1055821824;18186240;1196408832;0;0;0;0;0;0;0;0;0;0;0;3877;0;0;95;0;200;0;
21816;4716485;1055821824;18186240;1196408832;0;0;0;0;0;0;0;0;0;0;0;3236;0;0;95;0;200;0;
21817;8873000;1055821824;18186240;1196408832;0;0;0;0;0;0;0;0;0;0;0;4548;0;0;95;0;200;0;
21818;5346367;1055821824;18186240;1196408832;0;0;0;0;0;0;0;0;0;0;0;2584;0;0;95;0;200;0;
21819;7748392;1055821824;18186240;1196408832;0;0;0;0;0;0;0;0;0;0;0;3346;0;0;95;0;200;0;
21820;7772115;1055821824;18186240;1196408832;0;0;0;0;0;0;0;0;0;0;0;3487;0;0;95;0;200;0;
21821;8921201;1055821824;18186240;1196408832;0;0;0;0;0;0;0;0;0;0;0;4098;0;0;95;0;200;0;
21822;8095352;1055821824;18186240;1196408832;0;0;0;0;0;0;0;0;0;0;0;4329;0;0;95;0;200;0;
21823;9912129;1059803136;30019584;1208242176;0;0;0;0;0;0;0;0;0;0;0;4598;0;0;95;0;200;0;
21824;7629038;1063997440;30019584;1208242176;0;0;0;0;0;0;0;0;0;0;0;4789;0;0;95;0;200;0;
21825;10901354;1067167744;30019584;1208242176;0;0;0;0;0;0;0;0;0;0;0;5590;0;0;95;0;200;0;
21826;5685733;1067167744;30019584;1208242176;0;0;0;0;0;0;0;0;0;0;0;3376;0;0;95;0;200;0;
21827;7881761;1067167744;30019584;1208242176;0;0;0;0;0;0;0;0;0;0;0;3747;0;0;95;0;200;0;
21828;7315279;1067167744;30019584;1208242176;0;0;0;0;0;0;0;0;0;0;0;3486;0;0;95;0;200;0;
21829;9022531;1067167744;30019584;1208242176;0;0;0;0;0;0;0;0;0;0;0;3106;0;0;95;0;200;0;
21830;9715430;1055780864;18526208;1196748800;0;0;0;0;0;0;0;0;0;0;0;4689;0;0;95;0;200;0;
21831;10855869;1055780864;18526208;1196748800;0;0;0;0;0;0;0;0;0;0;0;4809;0;0;95;0;200;0;
21832;7843820;1055780864;18526208;1196748800;0;0;0;0;0;0;0;0;0;0;0;4859;0;0;95;0;200;0;
21833;9659475;1055780864;18526208;1196748800;0;0;0;0;0;0;0;0;0;0;0;3947;0;0;95;0;200;0;
21834;8483900;1055780864;18526208;1196748800;0;0;0;0;0;0;0;0;0;0;0;4017;0;0;95;0;200;0;
21835;10062801;1055780864;18526208;1196748800;0;0;0;0;0;0;0;0;0;0;0;4599;0;0;95;0;200;0;
21836;8196972;1055780864;18526208;1196748800;0;0;0;0;0;0;0;0;0;0;0;11211;0;0;95;0;200;0;
21837;9210954;1055780864;18526208;1196748800;0;0;0;0;0;0;0;0;0;0;0;3857;0;0;95;0;200;0;
21838;7617145;1055780864;18526208;1196748800;0;0;0;0;0;0;0;0;0;0;0;3226;0;0;95;0;200;0;
21839;10922313;1055780864;18526208;1196748800;0;0;0;0;0;0;0;0;0;0;0;3136;0;0;95;0;200;0;
21840;11921217;1055780864;18526208;1196748800;0;0;0;0;0;0;0;0;0;0;0;4969;0;0;95;0;200;0;
21841;10967317;1055780864;18526208;1196748800;0;0;0;0;0;0;0;0;0;0;0;6101;0;0;95;0;200;0;
21842;6704754;1055780864;18526208;1196748800;0;0;0;0;0;0;0;0;0;0;0;37160;0;0;95;0;200;0;
21843;10476989;1055780864;18526208;1196748800;0;0;0;0;0;0;0;0;0;0;0;4778;0;0;95;0;200;0;
21844;5988130;1055780864;18526208;1196748800;0;0;0;0;0;0;0;0;0;0;0;3035;0;0;95;0;200;0;
21845;10237830;1055780864;18526208;1196748800;0;0;0;0;0;0;0;0;0;0;0;3326;0;0;95;0;200;0;
21846;5546132;1055780864;18526208;1196748800;0;0;0;0;0;0;0;0;0;0;0;3116;0;0;95;0;200;0;
21847;9612527;1060777984;30019584;1208242176;0;0;0;0;0;0;0;0;0;0;0;4037;0;0;95;0;200;0;
21848;6122051;1064972288;30019584;1208242176;0;0;0;0;0;0;0;0;0;0;0;3627;0;0;95;0;200;0;
21849;10746604;1067069440;30019584;1208242176;0;0;0;0;0;0;0;0;0;0;0;3677;0;0;95;0;200;0;
21850;6540025;1067069440;30019584;1208242176;0;0;0;0;0;0;0;0;0;0;0;3737;0;0;95;0;200;0;
21851;8668106;1067069440;30019584;1208242176;0;0;0;0;0;0;0;0;0;0;0;3877;0;0;95;0;200;0;
21852;6541908;1067069440;30019584;1208242176;0;0;0;0;0;0;0;0;0;0;0;4759;0;0;95;0;200;0;
21853;7866703;1067069440;30019584;1208242176;0;0;0;0;0;0;0;0;0;0;0;3827;0;0;95;0;200;0;
21854;7167422;1055821824;18186240;1196408832;0;0;0;0;0;0;0;0;0;0;0;3356;0;0;95;0;200;0;
21855;9002062;1055821824;18186240;1196408832;0;0;0;0;0;0;0;0;0;0;0;4108;0;0;95;0;200;0;
21856;6327346;1055821824;18186240;1196408832;0;0;0;0;0;0;0;0;0;0;0;28213;0;0;95;0;200;0;
21857;9450643;1055821824;18186240;1196408832;0;0;0;0;0;0;0;0;0;0;0;3406;0;0;95;0;200;0;
21858;8116742;1055821824;18186240;1196408832;0;0;0;0;0;0;0;0;0;0;0;3477;0;0;95;0;200;0;
21859;9372467;1055821824;18186240;1196408832;0;0;0;0;0;0;0;0;0;0;0;4248;0;0;95;0;200;0;
21860;9660728;1055821824;18186240;1196408832;0;0;0;0;0;0;0;0;0;0;0;220122;0;0;95;0;200;0;
21861;7096358;1055821824;18186240;1196408832;0;0;0;0;0;0;0;0;0;0;0;3065;0;0;95;0;200;0;
21862;6008388;1055821824;18186240;1196408832;0;0;0;0;0;0;0;0;0;0;0;3146;0;0;95;0;200;0;
21863;11043270;1055821824;18186240;1196408832;0;0;0;0;0;0;0;0;0;0;0;3016;0;0;95;0;200;0;
21864;6202993;1055821824;18186240;1196408832;0;0;0;0;0;0;0;0;0;0;0;4138;0;0;95;0;200;0;
21865;10639203;1055821824;18186240;1196408832;0;0;0;0;0;0;0;0;0;0;0;3997;0;0;95;0;200;0;
21866;11505196;1055821824;18186240;1196408832;0;0;0;0;0;0;0;0;0;0;0;3807;0;0;95;0;200;0;
21867;8240545;1055821824;18186240;1196408832;0;0;0;0;0;0;0;0;0;0;0;2445;0;0;95;0;200;0;
21868;6298683;1055821824;18186240;1196408832;0;0;0;0;0;0;0;0;0;0;0;3597;0;0;95;0;200;0;
21869;7925253;1055821824;18186240;1196408832;0;0;0;0;0;0;0;0;0;0;0;3687;0;0;95;0;200;0;
21870;7066753;1055821824;18186240;1196408832;0;0;0;0;0;0;0;0;0;0;0;3637;0;0;95;0;200;0;
21871;8330353;1059803136;30019584;1208242176;0;0;0;0;0;0;0;0;0;0;0;4018;0;0;95;0;200;0;
21872;5285623;1063997440;30019584;1208242176;0;0;0;0;0;0;0;0;0;0;0;4048;0;0;95;0;200;0;
21873;7249616;1067167744;30019584;1208242176;0;0;0;0;0;0;0;0;0;0;0;5981;0;0;95;0;200;0;
21874;5760984;1067167744;30019584;1208242176;0;0;0;0;0;0;0;0;0;0;0;4098;0;0;95;0;200;0;
21875;10297362;1067167744;30019584;1208242176;0;0;0;0;0;0;0;0;0;0;0;4528;0;0;95;0;200;0;
21876;5940250;1067167744;30019584;1208242176;0;0;0;0;0;0;0;0;0;0;0;3737;0;0;95;0;200;0;
21877;10400875;1067167744;30019584;1208242176;0;0;0;0;0;0;0;0;0;0;0;3687;0;0;95;0;200;0;
21878;6799552;1055805440;18526208;1196748800;0;0;0;0;0;0;0;0;0;0;0;5390;0;0;95;0;200;0;
21879;9857437;1055805440;18526208;1196748800;0;0;0;0;0;0;0;0;0;0;0;4549;0;0;95;0;200;0;
21880;5587318;1055805440;18526208;1196748800;0;0;0;0;0;0;0;0;0;0;0;4047;0;0;95;0;200;0;
21881;8837243;1055805440;18526208;1196748800;0;0;0;0;0;0;0;0;0;0;0;4168;0;0;95;0;200;0;
21882;5429974;1055805440;18526208;1196748800;0;0;0;0;0;0;0;0;0;0;0;2715;0;0;95;0;200;0;
21883;7202758;1055805440;18526208;1196748800;0;0;0;0;0;0;0;0;0;0;0;3015;0;0;95;0;200;0;
21884;5605853;1055805440;18526208;1196748800;0;0;0;0;0;0;0;0;0;0;0;4308;0;0;95;0;200;0;
21885;9572452;1055805440;18526208;1196748800;0;0;0;0;0;0;0;0;0;0;0;3817;0;0;95;0;200;0;
21886;6409430;1055805440;18526208;1196748800;0;0;0;0;0;0;0;0;0;0;0;2906;0;0;95;0;200;0;
21887;8513015;1055805440;18526208;1196748800;0;0;0;0;0;0;0;0;0;0;0;3827;0;0;95;0;200;0;
21888;5756595;1055805440;18526208;1196748800;0;0;0;0;0;0;0;0;0;0;0;3616;0;0;95;0;200;0;
21889;6380947;1055805440;18526208;1196748800;0;0;0;0;0;0;0;0;0;0;0;3847;0;0;95;0;200;0;
21890;4720322;1055805440;18526208;1196748800;0;0;0;0;0;0;0;0;0;0;0;5000;0;0;95;0;200;0;
21891;6591061;1055805440;18526208;1196748800;0;0;0;0;0;0;0;0;0;0;0;3677;0;0;95;0;200;0;
21892;5714938;1055805440;18526208;1196748800;0;0;0;0;0;0;0;0;0;0;0;4458;0;0;95;0;200;0;
21893;20873286;1060802560;30019584;1208242176;0;0;0;0;0;0;0;0;0;0;0;4468;0;0;95;0;200;0;
21894;7236120;1064996864;30019584;1208242176;0;0;0;0;0;0;0;0;0;0;0;3697;0;0;95;0;200;0;
21895;8662656;1067094016;30019584;1208242176;0;0;0;0;0;0;0;0;0;0;0;4489;0;0;95;0;200;0;
21896;4208683;1067094016;30019584;1208242176;0;0;0;0;0;0;0;0;0;0;0;3447;0;0;95;0;200;0;
21897;7614019;1067094016;30019584;1208242176;0;0;0;0;0;0;0;0;0;0;0;66555;0;0;95;0;200;0;
21898;6101492;1067094016;30019584;1208242176;0;0;0;0;0;0;0;0;0;0;0;4017;0;0;95;0;200;0;
21899;6438284;1067094016;30019584;1208242176;0;0;0;0;0;0;0;0;0;0;0;3577;0;0;95;0;200;0;
21900;4863080;1055817728;18182144;1196404736;0;0;0;0;0;0;0;0;0;0;0;4328;0;0;95;0;200;0;
21901;4951336;1055817728;18182144;1196404736;0;0;0;0;0;0;0;0;0;0;0;4308;0;0;95;0;200;0;
21902;7851414;1055817728;18182144;1196404736;0;0;0;0;0;0;0;0;0;0;0;4247;0;0;95;0;200;0;
21903;6526810;1055817728;18182144;1196404736;0;0;0;0;0;0;0;0;0;0;0;3106;0;0;95;0;200;0;
21904;7620872;1055817728;18182144;1196404736;0;0;0;0;0;0;0;0;0;0;0;4669;0;0;95;0;200;0;
21905;6422174;1055817728;18182144;1196404736;0;0;0;0;0;0;0;0;0;0;0;3075;0;0;95;0;200;0;
21906;7600273;1055817728;18182144;1196404736;0;0;0;0;0;0;0;0;0;0;0;3386;0;0;95;0;200;0;
21907;6974459;1055817728;18182144;1196404736;0;0;0;0;0;0;0;0;0;0;0;3577;0;0;95;0;200;0;
21908;7022830;1055817728;18182144;1196404736;0;0;0;0;0;0;0;0;0;0;0;3366;0;0;95;0;200;0;
21909;5259824;1055817728;18182144;1196404736;0;0;0;0;0;0;0;0;0;0;0;2996;0;0;95;0;200;0;
21910;7502570;1055817728;18182144;1196404736;0;0;0;0;0;0;0;0;0;0;0;3547;0;0;95;0;200;0;
21911;6030279;1055817728;18182144;1196404736;0;0;0;0;0;0;0;0;0;0;0;2585;0;0;95;0;200;0;
21912;6742956;1055817728;18182144;1196404736;0;0;0;0;0;0;0;0;0;0;0;3226;0;0;95;0;200;0;
21913;7081150;1055817728;18182144;1196404736;0;0;0;0;0;0;0;0;0;0;0;2885;0;0;95;0;200;0;
21914;6285187;1055817728;18182144;1196404736;0;0;0;0;0;0;0;0;0;0;0;3497;0;0;95;0;200;0;
21915;8549072;1059799040;30015488;1208238080;0;0;0;0;0;0;0;0;0;0;0;2735;0;0;95;0;200;0;
21916;6799812;1063993344;30019584;1208242176;0;0;0;0;0;0;0;0;0;0;0;3256;0;0;95;0;200;0;
21917;6414900;1067163648;30019584;1208242176;0;0;0;0;0;0;0;0;0;0;0;2915;0;0;95;0;200;0;
21918;5246469;1067163648;30019584;1208242176;0;0;0;0;0;0;0;0;0;0;0;3306;0;0;95;0;200;0;
21919;6722588;1067163648;30019584;1208242176;0;0;0;0;0;0;0;0;0;0;0;2244;0;0;95;0;200;0;
21920;5960058;1067163648;30019584;1208242176;0;0;0;0;0;0;0;0;0;0;0;2925;0;0;95;0;200;0;
21921;6953751;1067163648;30019584;1208242176;0;0;0;0;0;0;0;0;0;0;0;2785;0;0;95;0;200;0;
21922;5577730;1055830016;18526208;1196748800;0;0;0;0;0;0;0;0;0;0;0;3907;0;0;95;0;200;0;
21923;6109758;1055830016;18526208;1196748800;0;0;0;0;0;0;0;0;0;0;0;2795;0;0;95;0;200;0;
21924;4060666;1055830016;18526208;1196748800;0;0;0;0;0;0;0;0;0;0;0;3326;0;0;95;0;200;0;
21925;6033355;1055830016;18526208;1196748800;0;0;0;0;0;0;0;0;0;0;0;2354;0;0;95;0;200;0;
21926;4792157;1055830016;18526208;1196748800;0;0;0;0;0;0;0;0;0;0;0;4127;0;0;95;0;200;0;
21927;7562382;1055830016;18526208;1196748800;0;0;0;0;0;0;0;0;0;0;0;3216;0;0;95;0;200;0;
21928;4747122;1055830016;18534400;1196756992;0;0;0;0;0;0;0;0;0;0;0;3146;0;0;95;0;200;0;
21929;14105654;1055830016;18534400;1196756992;0;0;0;0;0;0;0;0;0;0;0;3206;0;0;95;0;200;0;
21930;6782991;1055830016;18534400;1196756992;0;0;0;0;0;0;0;0;0;0;0;3266;0;0;95;0;200;0;
21931;7121445;1055830016;18534400;1196756992;0;0;0;0;0;0;0;0;0;0;0;2996;0;0;95;0;200;0;
21932;5246489;1055830016;18534400;1196756992;0;0;0;0;0;0;0;0;0;0;0;3487;0;0;95;0;200;0;
21933;7476672;1055830016;18534400;1196756992;0;0;0;0;0;0;0;0;0;0;0;4388;0;0;95;0;200;0;
21934;5748010;1055830016;18526208;1196748800;0;0;0;0;0;0;0;0;0;0;0;4849;0;0;95;0;200;0;
21935;30220785;1055830016;18526208;1196748800;0;0;0;0;0;0;0;0;0;0;0;3366;0;0;95;0;200;0;
21936;4516720;1055830016;18526208;1196748800;0;0;0;0;0;0;0;0;0;0;0;2786;0;0;95;0;200;0;
21937;6536038;1055830016;18526208;1196748800;0;0;0;0;0;0;0;0;0;0;0;2194;0;0;95;0;200;0;
21938;5810798;1055830016;18526208;1196748800;0;0;0;0;0;0;0;0;0;0;0;3176;0;0;95;0;200;0;
21939;7417130;1060827136;30019584;1208242176;0;0;0;0;0;0;0;0;0;0;0;4228;0;0;95;0;200;0;
21940;6036791;1065021440;30019584;1208242176;0;0;0;0;0;0;0;0;0;0;0;3637;0;0;95;0;200;0;
21941;7430775;1065021440;30019584;1208242176;0;0;0;0;0;0;0;0;0;0;0;3005;0;0;95;0;200;0;
21942;4089970;1065021440;30019584;1208242176;0;0;0;0;0;0;0;0;0;0;0;3587;0;0;95;0;200;0;
21943;6698052;1065021440;30019584;1208242176;0;0;0;0;0;0;0;0;0;0;0;2605;0;0;95;0;200;0;
21944;4863381;1065021440;30019584;1208242176;0;0;0;0;0;0;0;0;0;0;0;2996;0;0;95;0;200;0;
21945;6804701;1065021440;30019584;1208242176;0;0;0;0;0;0;0;0;0;0;0;3016;0;0;95;0;200;0;
21946;3579002;1065021440;30019584;1208242176;0;0;0;0;0;0;0;0;0;0;0;2805;0;0;95;0;200;0;
21947;4233439;1065021440;30019584;1208242176;0;0;0;0;0;0;0;0;0;0;0;1833;0;0;95;0;200;0;
21948;4773041;1055842304;18526208;1196748800;0;0;0;0;0;0;0;0;0;0;0;4127;0;0;95;0;200;0;
21949;5152263;1055842304;18526208;1196748800;0;0;0;0;0;0;0;0;0;0;0;2775;0;0;95;0;200;0;
21950;3944708;1055842304;18526208;1196748800;0;0;0;0;0;0;0;0;0;0;0;3287;0;0;95;0;200;0;
21951;8806816;1055842304;18526208;1196748800;0;0;0;0;0;0;0;0;0;0;0;3858;0;0;95;0;200;0;
21952;5586507;1055842304;18526208;1196748800;0;0;0;0;0;0;0;0;0;0;0;3967;0;0;95;0;200;0;
21953;7525944;1055842304;18526208;1196748800;0;0;0;0;0;0;0;0;0;0;0;4469;0;0;95;0;200;0;
21954;7766585;1055842304;18526208;1196748800;0;0;0;0;0;0;0;0;0;0;0;4388;0;0;95;0;200;0;
21955;8963841;1055842304;18526208;1196748800;0;0;0;0;0;0;0;0;0;0;0;5009;0;0;95;0;200;0;
21956;7186046;1055842304;18526208;1196748800;0;0;0;0;0;0;0;0;0;0;0;3577;0;0;95;0;200;0;
21957;10539615;1055842304;18526208;1196748800;0;0;0;0;0;0;0;0;0;0;0;3396;0;0;95;0;200;0;
21958;6933864;1055842304;18526208;1196748800;0;0;0;0;0;0;0;0;0;0;0;3777;0;0;95;0;200;0;
21959;6713711;1055842304;18526208;1196748800;0;0;0;0;0;0;0;0;0;0;0;3547;0;0;95;0;200;0;
21960;6712949;1055842304;18526208;1196748800;0;0;0;0;0;0;0;0;0;0;0;60534;0;0;95;0;200;0;
21961;8150715;1055842304;18526208;1196748800;0;0;0;0;0;0;0;0;0;0;0;3967;0;0;95;0;200;0;
21962;5163113;1055842304;18526208;1196748800;0;0;0;0;0;0;0;0;0;0;0;3516;0;0;95;0;200;0;
21963;9713326;1060839424;30019584;1208242176;0;0;0;0;0;0;0;0;0;0;0;3727;0;0;95;0;200;0;
21964;5756816;1065033728;30019584;1208242176;0;0;0;0;0;0;0;0;0;0;0;4008;0;0;95;0;200;0;
21965;8533544;1065033728;30019584;1208242176;0;0;0;0;0;0;0;0;0;0;0;3727;0;0;95;0;200;0;
21966;5196826;1065033728;30019584;1208242176;0;0;0;0;0;0;0;0;0;0;0;4538;0;0;95;0;200;0;
21967;7639617;1065033728;30019584;1208242176;0;0;0;0;0;0;0;0;0;0;0;3116;0;0;95;0;200;0;
21968;5284410;1065033728;30019584;1208242176;0;0;0;0;0;0;0;0;0;0;0;3587;0;0;95;0;200;0;
21969;10336755;1065033728;30019584;1208242176;0;0;0;0;0;0;0;0;0;0;0;4809;0;0;95;0;200;0;
21970;7380512;1065033728;30019584;1208242176;0;0;0;0;0;0;0;0;0;0;0;3427;0;0;95;0;200;0;
21971;7553115;1065033728;30019584;1208242176;0;0;0;0;0;0;0;0;0;0;0;4478;0;0;95;0;200;0;
21972;4854624;1055854592;18526208;1196748800;0;0;0;0;0;0;0;0;0;0;0;3807;0;0;95;0;200;0;
21973;7828581;1055854592;18526208;1196748800;0;0;0;0;0;0;0;0;0;0;0;3356;0;0;95;0;200;0;
21974;4342274;1055854592;18526208;1196748800;0;0;0;0;0;0;0;0;0;0;0;5671;0;0;95;0;200;0;
21975;8743488;1055854592;18526208;1196748800;0;0;0;0;0;0;0;0;0;0;0;3336;0;0;95;0;200;0;
21976;4391456;1055854592;18526208;1196748800;0;0;0;0;0;0;0;0;0;0;0;2925;0;0;95;0;200;0;
21977;9633827;1055854592;18526208;1196748800;0;0;0;0;0;0;0;0;0;0;0;3637;0;0;95;0;200;0;
21978;4525366;1055854592;18526208;1196748800;0;0;0;0;0;0;0;0;0;0;0;3857;0;0;95;0;200;0;
21979;7952955;1055854592;18526208;1196748800;0;0;0;0;0;0;0;0;0;0;0;3336;0;0;95;0;200;0;
21980;5703506;1055854592;18526208;1196748800;0;0;0;0;0;0;0;0;0;0;0;4298;0;0;95;0;200;0;
21981;7572240;1055854592;18526208;1196748800;0;0;0;0;0;0;0;0;0;0;0;4719;0;0;95;0;200;0;
21982;6709884;1055854592;18526208;1196748800;0;0;0;0;0;0;0;0;0;0;0;3647;0;0;95;0;200;0;
21983;7320399;1055854592;18526208;1196748800;0;0;0;0;0;0;0;0;0;0;0;4227;0;0;95;0;200;0;
21984;5672298;1055854592;18526208;1196748800;0;0;0;0;0;0;0;0;0;0;0;3486;0;0;95;0;200;0;
21985;9273181;1060851712;30019584;1208242176;0;0;0;0;0;0;0;0;0;0;0;3978;0;0;95;0;200;0;
21986;6708771;1065046016;30019584;1208242176;0;0;0;0;0;0;0;0;0;0;0;5370;0;0;95;0;200;0;
21987;7764451;1065046016;30019584;1208242176;0;0;0;0;0;0;0;0;0;0;0;4518;0;0;95;0;200;0;
21988;4199135;1065046016;30019584;1208242176;0;0;0;0;0;0;0;0;0;0;0;5069;0;0;95;0;200;0;
21989;7531655;1065046016;30019584;1208242176;0;0;0;0;0;0;0;0;0;0;0;4148;0;0;95;0;200;0;
21990;4617930;1065046016;30019584;1208242176;0;0;0;0;0;0;0;0;0;0;0;3377;0;0;95;0;200;0;
21991;6571494;1065046016;30019584;1208242176;0;0;0;0;0;0;0;0;0;0;0;2886;0;0;95;0;200;0;
21992;4615175;1065046016;30019584;1208242176;0;0;0;0;0;0;0;0;0;0;0;4749;0;0;95;0;200;0;
21993;6134765;1065046016;30019584;1208242176;0;0;0;0;0;0;0;0;0;0;0;3477;0;0;95;0;200;0;
21994;6763474;1055866880;18526208;1196748800;0;0;0;0;0;0;0;0;0;0;0;5209;0;0;95;0;200;0;
21995;7862024;1055866880;18526208;1196748800;0;0;0;0;0;0;0;0;0;0;0;4609;0;0;95;0;200;0;
21996;5801730;1055866880;18526208;1196748800;0;0;0;0;0;0;0;0;0;0;0;4649;0;0;95;0;200;0;
21997;8625997;1055866880;18526208;1196748800;0;0;0;0;0;0;0;0;0;0;0;3887;0;0;95;0;200;0;
21998;4466316;1055866880;18526208;1196748800;0;0;0;0;0;0;0;0;0;0;0;3757;0;0;95;0;200;0;
21999;9049341;1055866880;18526208;1196748800;0;0;0;0;0;0;0;0;0;0;0;4028;0;0;95;0;200;0;
22000;4137930;1055866880;18526208;1196748800;0;0;0;0;0;0;0;0;0;0;0;5450;0;0;95;0;200;0;
22001;7891830;1055866880;18526208;1196748800;0;0;0;0;0;0;0;0;0;0;0;4679;0;0;95;0;200;0;
22002;5370592;1055866880;18526208;1196748800;0;0;0;0;0;0;0;0;0;0;0;3677;0;0;95;0;200;0;
22003;6817816;1055866880;18526208;1196748800;0;0;0;0;0;0;0;0;0;0;0;4589;0;0;95;0;200;0;
22004;5540691;1055866880;18526208;1196748800;0;0;0;0;0;0;0;0;0;0;0;4138;0;0;95;0;200;0;
22005;7227725;1055866880;18526208;1196748800;0;0;0;0;0;0;0;0;0;0;0;3116;0;0;95;0;200;0;
22006;6691930;1055866880;18526208;1196748800;0;0;0;0;0;0;0;0;0;0;0;4649;0;0;95;0;200;0;
22007;8286320;1055866880;18526208;1196748800;0;0;0;0;0;0;0;0;0;0;0;4458;0;0;95;0;200;0;
22008;4961084;1055866880;18526208;1196748800;0;0;0;0;0;0;0;0;0;0;0;2795;0;0;95;0;200;0;
22009;6639221;1060864000;30019584;1208242176;0;0;0;0;0;0;0;0;0;0;0;4469;0;0;95;0;200;0;
22010;6715434;1065058304;30019584;1208242176;0;0;0;0;0;0;0;0;0;0;0;2976;0;0;95;0;200;0;
22011;6552308;1065058304;30019584;1208242176;0;0;0;0;0;0;0;0;0;0;0;3497;0;0;95;0;200;0;
22012;6241666;1065058304;30019584;1208242176;0;0;0;0;0;0;0;0;0;0;0;3797;0;0;95;0;200;0;
22013;6616459;1065058304;30019584;1208242176;0;0;0;0;0;0;0;0;0;0;0;3035;0;0;95;0;200;0;
22014;5626933;1065058304;30019584;1208242176;0;0;0;0;0;0;0;0;0;0;0;4478;0;0;95;0;200;0;
22015;8047533;1065058304;30019584;1208242176;0;0;0;0;0;0;0;0;0;0;0;5170;0;0;95;0;200;0;
22016;3243263;1065058304;30019584;1208242176;0;0;0;0;0;0;0;0;0;0;0;3657;0;0;95;0;200;0;
22017;5643203;1065058304;30019584;1208242176;0;0;0;0;0;0;0;0;0;0;0;3838;0;0;95;0;200;0;
22018;6695176;1055879168;18526208;1196748800;0;0;0;0;0;0;0;0;0;0;0;2645;0;0;95;0;200;0;
22019;5891418;1055879168;18526208;1196748800;0;0;0;0;0;0;0;0;0;0;0;2645;0;0;95;0;200;0;
22020;5419875;1055879168;18526208;1196748800;0;0;0;0;0;0;0;0;0;0;0;4419;0;0;95;0;200;0;
22021;6740591;1055879168;18526208;1196748800;0;0;0;0;0;0;0;0;0;0;0;3747;0;0;95;0;200;0;
22022;4774474;1055879168;18526208;1196748800;0;0;0;0;0;0;0;0;0;0;0;4368;0;0;95;0;200;0;
22023;7801481;1055879168;18526208;1196748800;0;0;0;0;0;0;0;0;0;0;0;4639;0;0;95;0;200;0;
22024;4449033;1055879168;18526208;1196748800;0;0;0;0;0;0;0;0;0;0;0;4258;0;0;95;0;200;0;
22025;8642438;1055879168;18526208;1196748800;0;0;0;0;0;0;0;0;0;0;0;3546;0;0;95;0;200;0;
22026;5201365;1055879168;18526208;1196748800;0;0;0;0;0;0;0;0;0;0;0;3226;0;0;95;0;200;0;
22027;6867389;1055879168;18526208;1196748800;0;0;0;0;0;0;0;0;0;0;0;4759;0;0;95;0;200;0;
22028;6387830;1055879168;18526208;1196748800;0;0;0;0;0;0;0;0;0;0;0;3978;0;0;95;0;200;0;
22029;7503622;1055879168;18526208;1196748800;0;0;0;0;0;0;0;0;0;0;0;3717;0;0;95;0;200;0;
22030;6945125;1055879168;18526208;1196748800;0;0;0;0;0;0;0;0;0;0;0;4479;0;0;95;0;200;0;
22031;9252451;1060876288;30019584;1208242176;0;0;0;0;0;0;0;0;0;0;0;4608;0;0;95;0;200;0;
22032;6486615;1065070592;30019584;1208242176;0;0;0;0;0;0;0;0;0;0;0;6382;0;0;95;0;200;0;
22033;7666488;1065070592;30019584;1208242176;0;0;0;0;0;0;0;0;0;0;0;3226;0;0;95;0;200;0;
22034;4397537;1065070592;30019584;1208242176;0;0;0;0;0;0;0;0;0;0;0;3697;0;0;95;0;200;0;
22035;11844623;1065070592;30019584;1208242176;0;0;0;0;0;0;0;0;0;0;0;4218;0;0;95;0;200;0;
22036;7177751;1065070592;30019584;1208242176;0;0;0;0;0;0;0;0;0;0;0;5611;0;0;95;0;200;0;
22037;9018673;1065070592;30019584;1208242176;0;0;0;0;0;0;0;0;0;0;0;4839;0;0;95;0;200;0;
22038;5124681;1065070592;30019584;1208242176;0;0;0;0;0;0;0;0;0;0;0;4118;0;0;95;0;200;0;
22039;10307771;1065070592;30019584;1208242176;0;0;0;0;0;0;0;0;0;0;0;5531;0;0;95;0;200;0;
22040;6926770;1055891456;18526208;1196748800;0;0;0;0;0;0;0;0;0;0;0;3918;0;0;95;0;200;0;
22041;9246671;1055891456;18526208;1196748800;0;0;0;0;0;0;0;0;0;0;0;3527;0;0;95;0;200;0;
22042;6246164;1055891456;18526208;1196748800;0;0;0;0;0;0;0;0;0;0;0;3948;0;0;95;0;200;0;
22043;7611444;1055891456;18526208;1196748800;0;0;0;0;0;0;0;0;0;0;0;5310;0;0;95;0;200;0;
22044;8064945;1055891456;18526208;1196748800;0;0;0;0;0;0;0;0;0;0;0;4178;0;0;95;0;200;0;
22045;9798236;1055891456;18526208;1196748800;0;0;0;0;0;0;0;0;0;0;0;4278;0;0;95;0;200;0;
22046;7040383;1055891456;18526208;1196748800;0;0;0;0;0;0;0;0;0;0;0;4669;0;0;95;0;200;0;
22047;9027320;1055891456;18526208;1196748800;0;0;0;0;0;0;0;0;0;0;0;4227;0;0;95;0;200;0;
22048;9270986;1055891456;18526208;1196748800;0;0;0;0;0;0;0;0;0;0;0;3717;0;0;95;0;200;0;
22049;9022871;1055891456;18526208;1196748800;0;0;0;0;0;0;0;0;0;0;0;3316;0;0;95;0;200;0;
22050;5866983;1055891456;18526208;1196748800;0;0;0;0;0;0;0;0;0;0;0;3396;0;0;95;0;200;0;
22051;7555660;1055891456;18526208;1196748800;0;0;0;0;0;0;0;0;0;0;0;3547;0;0;95;0;200;0;
22052;6255321;1055891456;18526208;1196748800;0;0;0;0;0;0;0;0;0;0;0;3787;0;0;95;0;200;0;
22053;8308531;1055891456;18526208;1196748800;0;0;0;0;0;0;0;0;0;0;0;5149;0;0;95;0;200;0;
22054;6819509;1055891456;18526208;1196748800;0;0;0;0;0;0;0;0;0;0;0;3647;0;0;95;0;200;0;
22055;6924617;1055891456;18526208;1196748800;0;0;0;0;0;0;0;0;0;0;0;3526;0;0;95;0;200;0;
22056;7236501;1055891456;18526208;1196748800;0;0;0;0;0;0;0;0;0;0;0;3867;0;0;95;0;200;0;
22057;10917364;1060888576;30019584;1208242176;0;0;0;0;0;0;0;0;0;0;0;3317;0;0;95;0;200;0;
22058;8309543;1065082880;30019584;1208242176;0;0;0;0;0;0;0;0;0;0;0;3697;0;0;95;0;200;0;
22059;9334656;1065082880;30019584;1208242176;0;0;0;0;0;0;0;0;0;0;0;3497;0;0;95;0;200;0;
22060;6379184;1065082880;30019584;1208242176;0;0;0;0;0;0;0;0;0;0;0;4188;0;0;95;0;200;0;
22061;9104094;1065082880;30019584;1208242176;0;0;0;0;0;0;0;0;0;0;0;3316;0;0;95;0;200;0;
22062;9309820;1065082880;30019584;1208242176;0;0;0;0;0;0;0;0;0;0;0;3737;0;0;95;0;200;0;
22063;9595385;1065082880;30019584;1208242176;0;0;0;0;0;0;0;0;0;0;0;4399;0;0;95;0;200;0;
22064;7552844;1065082880;30019584;1208242176;0;0;0;0;0;0;0;0;0;0;0;3977;0;0;95;0;200;0;
22065;7977942;1065082880;30019584;1208242176;0;0;0;0;0;0;0;0;0;0;0;3757;0;0;95;0;200;0;
22066;9338904;1055903744;18526208;1196748800;0;0;0;0;0;0;0;0;0;0;0;3667;0;0;95;0;200;0;
22067;11020838;1055903744;18526208;1196748800;0;0;0;0;0;0;0;0;0;0;0;3065;0;0;95;0;200;0;
22068;15343846;1055903744;18534400;1196756992;0;0;0;0;0;0;0;0;0;0;0;4879;0;0;95;0;200;0;
22069;11747291;1060900864;30027776;1208250368;0;0;0;0;0;0;0;0;0;0;0;4017;0;0;95;0;200;0;
22070;9314378;1065095168;30027776;1208250368;0;0;0;0;0;0;0;0;0;0;0;4218;0;0;95;0;200;0;
22071;11456495;1065095168;30027776;1208250368;0;0;0;0;0;0;0;0;0;0;0;4539;0;0;95;0;200;0;
22072;8852091;1065095168;30027776;1208250368;0;0;0;0;0;0;0;0;0;0;0;5340;0;0;95;0;200;0;
22073;9780092;1065095168;30027776;1208250368;0;0;0;0;0;0;0;0;0;0;0;3426;0;0;95;0;200;0;
22074;6718430;1065299968;30019584;1208242176;0;0;0;0;0;0;0;0;0;0;0;3156;0;0;95;0;200;0;
22075;10632109;1065299968;30019584;1208242176;0;0;0;0;0;0;0;0;0;0;0;4548;0;0;95;0;200;0;
22076;9602749;1065299968;30019584;1208242176;0;0;0;0;0;0;0;0;0;0;0;5600;0;0;95;0;200;0;
22077;7331670;1065299968;30019584;1208242176;0;0;0;0;0;0;0;0;0;0;0;3386;0;0;95;0;200;0;
22078;9301694;1055903744;18526208;1196748800;0;0;0;0;0;0;0;0;0;0;0;4098;0;0;95;0;200;0;
22079;10512966;1060900864;30019584;1208242176;0;0;0;0;0;0;0;0;0;0;0;3857;0;0;95;0;200;0;
22080;8502175;1065095168;30019584;1208242176;0;0;0;0;0;0;0;0;0;0;0;3667;0;0;95;0;200;0;
22081;11749224;1065095168;30019584;1208242176;0;0;0;0;0;0;0;0;0;0;0;5000;0;0;95;0;200;0;
22082;5622234;1065095168;30019584;1208242176;0;0;0;0;0;0;0;0;0;0;0;3446;0;0;95;0;200;0;
22083;9704359;1065095168;30019584;1208242176;0;0;0;0;0;0;0;0;0;0;0;5531;0;0;95;0;200;0;
22084;8445819;1065095168;30019584;1208242176;0;0;0;0;0;0;0;0;0;0;0;119134;0;0;95;0;200;0;
22085;10329361;1065095168;30019584;1208242176;0;0;0;0;0;0;0;0;0;0;0;4398;0;0;95;0;200;0;
22086;9095527;1065095168;30019584;1208242176;0;0;0;0;0;0;0;0;0;0;0;3586;0;0;95;0;200;0;
22087;9047337;1065095168;30019584;1208242176;0;0;0;0;0;0;0;0;0;0;0;4198;0;0;95;0;200;0;
22088;8761982;1055916032;18526208;1196748800;0;0;0;0;0;0;0;0;0;0;0;4008;0;0;95;0;200;0;
22089;11359643;1055916032;18526208;1196748800;0;0;0;0;0;0;0;0;0;0;0;3166;0;0;95;0;200;0;
22090;8886035;1055916032;18526208;1196748800;0;0;0;0;0;0;0;0;0;0;0;4007;0;0;95;0;200;0;
22091;12010635;1055916032;18526208;1196748800;0;0;0;0;0;0;0;0;0;0;0;4248;0;0;95;0;200;0;
22092;7695391;1055916032;18526208;1196748800;0;0;0;0;0;0;0;0;0;0;0;4469;0;0;95;0;200;0;
22093;9918791;1055916032;18526208;1196748800;0;0;0;0;0;0;0;0;0;0;0;4829;0;0;95;0;200;0;
22094;8986423;1055916032;18526208;1196748800;0;0;0;0;0;0;0;0;0;0;0;4859;0;0;95;0;200;0;
22095;9481962;1055916032;18526208;1196748800;0;0;0;0;0;0;0;0;0;0;0;3036;0;0;95;0;200;0;
22096;7505505;1055916032;18526208;1196748800;0;0;0;0;0;0;0;0;0;0;0;3226;0;0;95;0;200;0;
22097;8263407;1055916032;18526208;1196748800;0;0;0;0;0;0;0;0;0;0;0;3647;0;0;95;0;200;0;
22098;6332636;1055916032;18526208;1196748800;0;0;0;0;0;0;0;0;0;0;0;3457;0;0;95;0;200;0;
22099;10658429;1055916032;18526208;1196748800;0;0;0;0;0;0;0;0;0;0;0;4408;0;0;95;0;200;0;
22100;8139936;1055916032;18526208;1196748800;0;0;0;0;0;0;0;0;0;0;0;3006;0;0;95;0;200;0;
22101;8761892;1060913152;30019584;1208242176;0;0;0;0;0;0;0;0;0;0;0;3857;0;0;95;0;200;0;
22102;7589713;1065107456;30019584;1208242176;0;0;0;0;0;0;0;0;0;0;0;3848;0;0;95;0;200;0;
22103;7521816;1065107456;30019584;1208242176;0;0;0;0;0;0;0;0;0;0;0;4839;0;0;95;0;200;0;
22104;8610087;1065107456;30019584;1208242176;0;0;0;0;0;0;0;0;0;0;0;5390;0;0;95;0;200;0;
22105;9191998;1065107456;30019584;1208242176;0;0;0;0;0;0;0;0;0;0;0;4329;0;0;95;0;200;0;
22106;8297842;1065107456;30019584;1208242176;0;0;0;0;0;0;0;0;0;0;0;3567;0;0;95;0;200;0;
22107;9171240;1065107456;30019584;1208242176;0;0;0;0;0;0;0;0;0;0;0;3848;0;0;95;0;200;0;
22108;6892075;1065107456;30019584;1208242176;0;0;0;0;0;0;0;0;0;0;0;4298;0;0;95;0;200;0;
22109;9333083;1065107456;30019584;1208242176;0;0;0;0;0;0;0;0;0;0;0;3456;0;0;95;0;200;0;
22110;7820467;1055928320;18526208;1196748800;0;0;0;0;0;0;0;0;0;0;0;3877;0;0;95;0;200;0;
22111;7646661;1055928320;18526208;1196748800;0;0;0;0;0;0;0;0;0;0;0;4338;0;0;95;0;200;0;
22112;8341864;1055928320;18526208;1196748800;0;0;0;0;0;0;0;0;0;0;0;3006;0;0;95;0;200;0;
22113;8304824;1055928320;18526208;1196748800;0;0;0;0;0;0;0;0;0;0;0;3657;0;0;95;0;200;0;
22114;7426708;1055928320;18526208;1196748800;0;0;0;0;0;0;0;0;0;0;0;3938;0;0;95;0;200;0;
22115;8476006;1055928320;18526208;1196748800;0;0;0;0;0;0;0;0;0;0;0;3296;0;0;95;0;200;0;
22116;6572426;1055928320;18526208;1196748800;0;0;0;0;0;0;0;0;0;0;0;3256;0;0;95;0;200;0;
22117;10134085;1055928320;18526208;1196748800;0;0;0;0;0;0;0;0;0;0;0;4168;0;0;95;0;200;0;
22118;6207852;1055928320;18526208;1196748800;0;0;0;0;0;0;0;0;0;0;0;13465;0;0;95;0;200;0;
22119;9214300;1055928320;18526208;1196748800;0;0;0;0;0;0;0;0;0;0;0;4679;0;0;95;0;200;0;
22120;6527631;1055928320;18526208;1196748800;0;0;0;0;0;0;0;0;0;0;0;4899;0;0;95;0;200;0;
22121;10412046;1055928320;18526208;1196748800;0;0;0;0;0;0;0;0;0;0;0;3597;0;0;95;0;200;0;
22122;7895647;1055928320;18526208;1196748800;0;0;0;0;0;0;0;0;0;0;0;4338;0;0;95;0;200;0;
22123;11595736;1055928320;18526208;1196748800;0;0;0;0;0;0;0;0;0;0;0;4147;0;0;95;0;200;0;
22124;8992394;1060925440;30027776;1208250368;0;0;0;0;0;0;0;0;0;0;0;4328;0;0;95;0;200;0;
22125;10723420;1065119744;30027776;1208250368;0;0;0;0;0;0;0;0;0;0;0;4890;0;0;95;0;200;0;
22126;8036943;1065119744;30027776;1208250368;0;0;0;0;0;0;0;0;0;0;0;3817;0;0;95;0;200;0;
22127;11194474;1065119744;30027776;1208250368;0;0;0;0;0;0;0;0;0;0;0;3627;0;0;95;0;200;0;
22128;8738548;1065119744;30027776;1208250368;0;0;0;0;0;0;0;0;0;0;0;4168;0;0;95;0;200;0;
22129;12283296;1065119744;30027776;1208250368;0;0;0;0;0;0;0;0;0;0;0;5029;0;0;95;0;200;0;
22130;9250628;1065336832;30019584;1208242176;0;0;0;0;0;0;0;0;0;0;0;3507;0;0;95;0;200;0;
22131;11772207;1065336832;30019584;1208242176;0;0;0;0;0;0;0;0;0;0;0;3737;0;0;95;0;200;0;
22132;7968364;1065336832;30019584;1208242176;0;0;0;0;0;0;0;0;0;0;0;4729;0;0;95;0;200;0;
22133;9344194;1065336832;30019584;1208242176;0;0;0;0;0;0;0;0;0;0;0;4087;0;0;95;0;200;0;
22134;8326796;1055940608;18526208;1196748800;0;0;0;0;0;0;0;0;0;0;0;3858;0;0;95;0;200;0;
22135;9570038;1055940608;18526208;1196748800;0;0;0;0;0;0;0;0;0;0;0;5120;0;0;95;0;200;0;
22136;6949854;1055940608;18526208;1196748800;0;0;0;0;0;0;0;0;0;0;0;5080;0;0;95;0;200;0;
22137;9657321;1055940608;18526208;1196748800;0;0;0;0;0;0;0;0;0;0;0;3487;0;0;95;0;200;0;
22138;5282116;1055940608;18526208;1196748800;0;0;0;0;0;0;0;0;0;0;0;3627;0;0;95;0;200;0;
22139;12359729;1055940608;18526208;1196748800;0;0;0;0;0;0;0;0;0;0;0;3977;0;0;95;0;200;0;
22140;5575967;1055940608;18526208;1196748800;0;0;0;0;0;0;0;0;0;0;0;4328;0;0;95;0;200;0;
22141;8741604;1055940608;18526208;1196748800;0;0;0;0;0;0;0;0;0;0;0;3306;0;0;95;0;200;0;
22142;7356296;1055940608;18526208;1196748800;0;0;0;0;0;0;0;0;0;0;0;2936;0;0;95;0;200;0;
22143;9250007;1055940608;18526208;1196748800;0;0;0;0;0;0;0;0;0;0;0;3026;0;0;95;0;200;0;
22144;5492331;1055940608;18526208;1196748800;0;0;0;0;0;0;0;0;0;0;0;3306;0;0;95;0;200;0;
22145;9193491;1055940608;18526208;1196748800;0;0;0;0;0;0;0;0;0;0;0;3867;0;0;95;0;200;0;
22146;7470711;1055940608;18526208;1196748800;0;0;0;0;0;0;0;0;0;0;0;3577;0;0;95;0;200;0;
22147;9900588;1060937728;30019584;1208242176;0;0;0;0;0;0;0;0;0;0;0;3056;0;0;95;0;200;0;
22148;5455902;1065132032;30019584;1208242176;0;0;0;0;0;0;0;0;0;0;0;3707;0;0;95;0;200;0;
22149;8426353;1065132032;30019584;1208242176;0;0;0;0;0;0;0;0;0;0;0;2835;0;0;95;0;200;0;
22150;7324346;1065132032;30019584;1208242176;0;0;0;0;0;0;0;0;0;0;0;3056;0;0;95;0;200;0;
22151;6901573;1065132032;30019584;1208242176;0;0;0;0;0;0;0;0;0;0;0;4378;0;0;95;0;200;0;
22152;7292717;1065132032;30019584;1208242176;0;0;0;0;0;0;0;0;0;0;0;5500;0;0;95;0;200;0;
22153;6926800;1065132032;30019584;1208242176;0;0;0;0;0;0;0;0;0;0;0;3025;0;0;95;0;200;0;
22154;7420827;1065132032;30019584;1208242176;0;0;0;0;0;0;0;0;0;0;0;4208;0;0;95;0;200;0;
22155;7546703;1065132032;30019584;1208242176;0;0;0;0;0;0;0;0;0;0;0;3788;0;0;95;0;200;0;
22156;6261122;1055952896;18526208;1196748800;0;0;0;0;0;0;0;0;0;0;0;4258;0;0;95;0;200;0;
22157;7020807;1055952896;18526208;1196748800;0;0;0;0;0;0;0;0;0;0;0;3277;0;0;95;0;200;0;
22158;5775331;1055952896;18526208;1196748800;0;0;0;0;0;0;0;0;0;0;0;3617;0;0;95;0;200;0;
22159;5609320;1055952896;18526208;1196748800;0;0;0;0;0;0;0;0;0;0;0;3056;0;0;95;0;200;0;
22160;5946161;1055952896;18526208;1196748800;0;0;0;0;0;0;0;0;0;0;0;3637;0;0;95;0;200;0;
22161;7808083;1055952896;18526208;1196748800;0;0;0;0;0;0;0;0;0;0;0;3076;0;0;95;0;200;0;
22162;7447427;1055952896;18526208;1196748800;0;0;0;0;0;0;0;0;0;0;0;3477;0;0;95;0;200;0;
22163;6552829;1055952896;18526208;1196748800;0;0;0;0;0;0;0;0;0;0;0;3006;0;0;95;0;200;0;
22164;5669262;1055952896;18526208;1196748800;0;0;0;0;0;0;0;0;0;0;0;2986;0;0;95;0;200;0;
22165;7106958;1055952896;18526208;1196748800;0;0;0;0;0;0;0;0;0;0;0;8937;0;0;95;0;200;0;
22166;6475124;1055952896;18526208;1196748800;0;0;0;0;0;0;0;0;0;0;0;3236;0;0;95;0;200;0;
22167;7429633;1055952896;18526208;1196748800;0;0;0;0;0;0;0;0;0;0;0;3627;0;0;95;0;200;0;
22168;4351010;1055952896;18526208;1196748800;0;0;0;0;0;0;0;0;0;0;0;3317;0;0;95;0;200;0;
22169;8720123;1055952896;18526208;1196748800;0;0;0;0;0;0;0;0;0;0;0;2936;0;0;95;0;200;0;
22170;5868636;1055952896;18526208;1196748800;0;0;0;0;0;0;0;0;0;0;0;3577;0;0;95;0;200;0;
22171;6795945;1055952896;18526208;1196748800;0;0;0;0;0;0;0;0;0;0;0;3838;0;0;95;0;200;0;
22172;7083695;1055952896;18526208;1196748800;0;0;0;0;0;0;0;0;0;0;0;3647;0;0;95;0;200;0;
22173;6746843;1060950016;30019584;1208242176;0;0;0;0;0;0;0;0;0;0;0;7855;0;0;95;0;200;0;
22174;5065320;1065144320;30019584;1208242176;0;0;0;0;0;0;0;0;0;0;0;3727;0;0;95;0;200;0;
22175;5740596;1065144320;30019584;1208242176;0;0;0;0;0;0;0;0;0;0;0;3015;0;0;95;0;200;0;
22176;6046319;1065144320;30019584;1208242176;0;0;0;0;0;0;0;0;0;0;0;3076;0;0;95;0;200;0;
22177;7783537;1065144320;30019584;1208242176;0;0;0;0;0;0;0;0;0;0;0;2785;0;0;95;0;200;0;
22178;6199457;1065144320;30019584;1208242176;0;0;0;0;0;0;0;0;0;0;0;3035;0;0;95;0;200;0;
22179;6930808;1065144320;30019584;1208242176;0;0;0;0;0;0;0;0;0;0;0;3998;0;0;95;0;200;0;
22180;7330568;1065144320;30019584;1208242176;0;0;0;0;0;0;0;0;0;0;0;3697;0;0;95;0;200;0;
22181;5742088;1065144320;30019584;1208242176;0;0;0;0;0;0;0;0;0;0;0;2354;0;0;95;0;200;0;
22182;7339735;1055965184;18526208;1196748800;0;0;0;0;0;0;0;0;0;0;0;4157;0;0;95;0;200;0;
22183;6403949;1055965184;18526208;1196748800;0;0;0;0;0;0;0;0;0;0;0;2966;0;0;95;0;200;0;
22184;5465691;1055965184;18526208;1196748800;0;0;0;0;0;0;0;0;0;0;0;4008;0;0;95;0;200;0;
22185;7416529;1055965184;18526208;1196748800;0;0;0;0;0;0;0;0;0;0;0;3647;0;0;95;0;200;0;
22186;5035414;1055965184;18526208;1196748800;0;0;0;0;0;0;0;0;0;0;0;4328;0;0;95;0;200;0;
22187;6130617;1055965184;18526208;1196748800;0;0;0;0;0;0;0;0;0;0;0;3266;0;0;95;0;200;0;
22188;4058541;1055965184;18526208;1196748800;0;0;0;0;0;0;0;0;0;0;0;2905;0;0;95;0;200;0;
22189;7280364;1055965184;18526208;1196748800;0;0;0;0;0;0;0;0;0;0;0;4719;0;0;95;0;200;0;
22190;5419383;1055965184;18526208;1196748800;0;0;0;0;0;0;0;0;0;0;0;2675;0;0;95;0;200;0;
22191;12275722;1055965184;18526208;1196748800;0;0;0;0;0;0;0;0;0;0;0;3616;0;0;95;0;200;0;
22192;5948015;1055965184;18526208;1196748800;0;0;0;0;0;0;0;0;0;0;0;3487;0;0;95;0;200;0;
22193;7219820;1055965184;18526208;1196748800;0;0;0;0;0;0;0;0;0;0;0;3617;0;0;95;0;200;0;
22194;5387193;1055965184;18526208;1196748800;0;0;0;0;0;0;0;0;0;0;0;4899;0;0;95;0;200;0;
22195;7898703;1060962304;30019584;1208242176;0;0;0;0;0;0;0;0;0;0;0;3387;0;0;95;0;200;0;
22196;5172010;1065156608;30019584;1208242176;0;0;0;0;0;0;0;0;0;0;0;3366;0;0;95;0;200;0;
22197;9219751;1065156608;30019584;1208242176;0;0;0;0;0;0;0;0;0;0;0;3276;0;0;95;0;200;0;
22198;3952072;1065156608;30019584;1208242176;0;0;0;0;0;0;0;0;0;0;0;2705;0;0;95;0;200;0;
22199;6303101;1065156608;30019584;1208242176;0;0;0;0;0;0;0;0;0;0;0;2294;0;0;95;0;200;0;
22200;6672604;1065156608;30019584;1208242176;0;0;0;0;0;0;0;0;0;0;0;2735;0;0;95;0;200;0;
22201;7134561;1065156608;30019584;1208242176;0;0;0;0;0;0;0;0;0;0;0;2594;0;0;95;0;200;0;
22202;5858738;1065156608;30019584;1208242176;0;0;0;0;0;0;0;0;0;0;0;3787;0;0;95;0;200;0;
22203;7147303;1065156608;30019584;1208242176;0;0;0;0;0;0;0;0;0;0;0;2735;0;0;95;0;200;0;
22204;6655071;1055977472;18526208;1196748800;0;0;0;0;0;0;0;0;0;0;0;3557;0;0;95;0;200;0;
22205;5859589;1055977472;18526208;1196748800;0;0;0;0;0;0;0;0;0;0;0;3186;0;0;95;0;200;0;
22206;5415756;1055977472;18526208;1196748800;0;0;0;0;0;0;0;0;0;0;0;4379;0;0;95;0;200;0;
22207;7357458;1055977472;18526208;1196748800;0;0;0;0;0;0;0;0;0;0;0;3968;0;0;95;0;200;0;
22208;5217134;1055977472;18526208;1196748800;0;0;0;0;0;0;0;0;0;0;0;3276;0;0;95;0;200;0;
22209;6326965;1055977472;18526208;1196748800;0;0;0;0;0;0;0;0;0;0;0;4108;0;0;95;0;200;0;
22210;3220951;1055977472;18526208;1196748800;0;0;0;0;0;0;0;0;0;0;0;3356;0;0;95;0;200;0;
22211;7200454;1055977472;18526208;1196748800;0;0;0;0;0;0;0;0;0;0;0;3636;0;0;95;0;200;0;
22212;5774119;1055977472;18526208;1196748800;0;0;0;0;0;0;0;0;0;0;0;3617;0;0;95;0;200;0;
22213;6584048;1055977472;18526208;1196748800;0;0;0;0;0;0;0;0;0;0;0;2845;0;0;95;0;200;0;
22214;4763012;1055977472;18526208;1196748800;0;0;0;0;0;0;0;0;0;0;0;3777;0;0;95;0;200;0;
22215;7707144;1055977472;18526208;1196748800;0;0;0;0;0;0;0;0;0;0;0;3015;0;0;95;0;200;0;
22216;6448784;1055977472;18526208;1196748800;0;0;0;0;0;0;0;0;0;0;0;4819;0;0;95;0;200;0;
22217;9232404;1060974592;30019584;1208242176;0;0;0;0;0;0;0;0;0;0;0;3186;0;0;95;0;200;0;
22218;4613182;1065168896;30019584;1208242176;0;0;0;0;0;0;0;0;0;0;0;3487;0;0;95;0;200;0;
22219;7483865;1065168896;30019584;1208242176;0;0;0;0;0;0;0;0;0;0;0;4278;0;0;95;0;200;0;
22220;4164630;1065168896;30019584;1208242176;0;0;0;0;0;0;0;0;0;0;0;3286;0;0;95;0;200;0;
22221;7716411;1065168896;30019584;1208242176;0;0;0;0;0;0;0;0;0;0;0;4568;0;0;95;0;200;0;
22222;5875429;1065168896;30019584;1208242176;0;0;0;0;0;0;0;0;0;0;0;4739;0;0;95;0;200;0;
22223;8041972;1065168896;30019584;1208242176;0;0;0;0;0;0;0;0;0;0;0;3036;0;0;95;0;200;0;
22224;5309257;1065168896;30019584;1208242176;0;0;0;0;0;0;0;0;0;0;0;3366;0;0;95;0;200;0;
22225;8385096;1065168896;30019584;1208242176;0;0;0;0;0;0;0;0;0;0;0;3677;0;0;95;0;200;0;
22226;6619234;1055989760;18526208;1196748800;0;0;0;0;0;0;0;0;0;0;0;3006;0;0;95;0;200;0;
22227;7169846;1055989760;18526208;1196748800;0;0;0;0;0;0;0;0;0;0;0;3096;0;0;95;0;200;0;
22228;7502881;1055989760;18526208;1196748800;0;0;0;0;0;0;0;0;0;0;0;3476;0;0;95;0;200;0;
22229;7995435;1055989760;18526208;1196748800;0;0;0;0;0;0;0;0;0;0;0;2966;0;0;95;0;200;0;
22230;8209255;1055989760;18526208;1196748800;0;0;0;0;0;0;0;0;0;0;0;3657;0;0;95;0;200;0;
22231;8326886;1055989760;18526208;1196748800;0;0;0;0;0;0;0;0;0;0;0;3026;0;0;95;0;200;0;
22232;7063567;1055989760;18526208;1196748800;0;0;0;0;0;0;0;0;0;0;0;3867;0;0;95;0;200;0;
22233;7976469;1055989760;18526208;1196748800;0;0;0;0;0;0;0;0;0;0;0;3006;0;0;95;0;200;0;
22234;7345085;1055989760;18526208;1196748800;0;0;0;0;0;0;0;0;0;0;0;4588;0;0;95;0;200;0;
22235;7683580;1055989760;18526208;1196748800;0;0;0;0;0;0;0;0;0;0;0;3316;0;0;95;0;200;0;
22236;7191526;1055989760;18526208;1196748800;0;0;0;0;0;0;0;0;0;0;0;4579;0;0;95;0;200;0;
22237;7029654;1055989760;18526208;1196748800;0;0;0;0;0;0;0;0;0;0;0;3978;0;0;95;0;200;0;
22238;5930432;1055989760;18526208;1196748800;0;0;0;0;0;0;0;0;0;0;0;3647;0;0;95;0;200;0;
22239;6942791;1055989760;18526208;1196748800;0;0;0;0;0;0;0;0;0;0;0;3907;0;0;95;0;200;0;
22240;8288904;1055989760;18526208;1196748800;0;0;0;0;0;0;0;0;0;0;0;4318;0;0;95;0;200;0;
22241;7946333;1055989760;18526208;1196748800;0;0;0;0;0;0;0;0;0;0;0;4108;0;0;95;0;200;0;
22242;8126851;1055989760;18526208;1196748800;0;0;0;0;0;0;0;0;0;0;0;3947;0;0;95;0;200;0;
22243;8058703;1060986880;30019584;1208242176;0;0;0;0;0;0;0;0;0;0;0;3727;0;0;95;0;200;0;
22244;6522142;1065181184;30019584;1208242176;0;0;0;0;0;0;0;0;0;0;0;3887;0;0;95;0;200;0;
22245;6600839;1065181184;30019584;1208242176;0;0;0;0;0;0;0;0;0;0;0;3807;0;0;95;0;200;0;
22246;6572115;1065181184;30019584;1208242176;0;0;0;0;0;0;0;0;0;0;0;3868;0;0;95;0;200;0;
22247;7058758;1065181184;30019584;1208242176;0;0;0;0;0;0;0;0;0;0;0;3476;0;0;95;0;200;0;
22248;5317472;1065181184;30019584;1208242176;0;0;0;0;0;0;0;0;0;0;0;4959;0;0;95;0;200;0;
22249;8896355;1065181184;30019584;1208242176;0;0;0;0;0;0;0;0;0;0;0;3516;0;0;95;0;200;0;
22250;6193084;1065181184;30019584;1208242176;0;0;0;0;0;0;0;0;0;0;0;3576;0;0;95;0;200;0;
22251;6670430;1065181184;30019584;1208242176;0;0;0;0;0;0;0;0;0;0;0;3577;0;0;95;0;200;0;
22252;5264162;1056002048;18526208;1196748800;0;0;0;0;0;0;0;0;0;0;0;3567;0;0;95;0;200;0;
22253;9487292;1056002048;18526208;1196748800;0;0;0;0;0;0;0;0;0;0;0;3847;0;0;95;0;200;0;
22254;5928208;1056002048;18526208;1196748800;0;0;0;0;0;0;0;0;0;0;0;2946;0;0;95;0;200;0;
22255;8063943;1056002048;18526208;1196748800;0;0;0;0;0;0;0;0;0;0;0;3858;0;0;95;0;200;0;
22256;4686319;1056002048;18526208;1196748800;0;0;0;0;0;0;0;0;0;0;0;3297;0;0;95;0;200;0;
22257;7154347;1056002048;18526208;1196748800;0;0;0;0;0;0;0;0;0;0;0;3717;0;0;95;0;200;0;
22258;5754132;1056002048;18526208;1196748800;0;0;0;0;0;0;0;0;0;0;0;4599;0;0;95;0;200;0;
22259;5084475;1056002048;18526208;1196748800;0;0;0;0;0;0;0;0;0;0;0;2725;0;0;95;0;200;0;
22260;5080318;1056002048;18526208;1196748800;0;0;0;0;0;0;0;0;0;0;0;4459;0;0;95;0;200;0;
22261;5243864;1056002048;18526208;1196748800;0;0;0;0;0;0;0;0;0;0;0;3467;0;0;95;0;200;0;
22262;4623271;1056002048;18526208;1196748800;0;0;0;0;0;0;0;0;0;0;0;3406;0;0;95;0;200;0;
22263;8857291;1056002048;18526208;1196748800;0;0;0;0;0;0;0;0;0;0;0;3246;0;0;95;0;200;0;
22264;4940115;1056002048;18526208;1196748800;0;0;0;0;0;0;0;0;0;0;0;3347;0;0;95;0;200;0;
22265;8905511;1060999168;30019584;1208242176;0;0;0;0;0;0;0;0;0;0;0;4107;0;0;95;0;200;0;
22266;5088954;1065193472;30019584;1208242176;0;0;0;0;0;0;0;0;0;0;0;3767;0;0;95;0;200;0;
22267;6611840;1065193472;30019584;1208242176;0;0;0;0;0;0;0;0;0;0;0;3326;0;0;95;0;200;0;
22268;5252220;1065193472;30019584;1208242176;0;0;0;0;0;0;0;0;0;0;0;3768;0;0;95;0;200;0;
22269;6457690;1065193472;30019584;1208242176;0;0;0;0;0;0;0;0;0;0;0;5050;0;0;95;0;200;0;
22270;5608578;1065193472;30019584;1208242176;0;0;0;0;0;0;0;0;0;0;0;312876;0;0;95;0;200;0;
22271;6585430;1065193472;30019584;1208242176;0;0;0;0;0;0;0;0;0;0;0;4258;0;0;95;0;200;0;
22272;3436816;1065193472;30019584;1208242176;0;0;0;0;0;0;0;0;0;0;0;3657;0;0;95;0;200;0;
22273;6291278;1065193472;30019584;1208242176;0;0;0;0;0;0;0;0;0;0;0;2565;0;0;95;0;200;0;
22274;5505716;1056014336;18526208;1196748800;0;0;0;0;0;0;0;0;0;0;0;2836;0;0;95;0;200;0;
22275;7346718;1056014336;18526208;1196748800;0;0;0;0;0;0;0;0;0;0;0;2905;0;0;95;0;200;0;
22276;5284110;1056014336;18526208;1196748800;0;0;0;0;0;0;0;0;0;0;0;2795;0;0;95;0;200;0;
22277;6910520;1056014336;18526208;1196748800;0;0;0;0;0;0;0;0;0;0;0;3988;0;0;95;0;200;0;
22278;7830364;1056014336;18526208;1196748800;0;0;0;0;0;0;0;0;0;0;0;4238;0;0;95;0;200;0;
22279;7202959;1056014336;18526208;1196748800;0;0;0;0;0;0;0;0;0;0;0;3557;0;0;95;0;200;0;
22280;7313847;1056014336;18526208;1196748800;0;0;0;0;0;0;0;0;0;0;0;4659;0;0;95;0;200;0;
22281;7234407;1056014336;18526208;1196748800;0;0;0;0;0;0;0;0;0;0;0;3978;0;0;95;0;200;0;
22282;4966644;1056014336;18526208;1196748800;0;0;0;0;0;0;0;0;0;0;0;4228;0;0;95;0;200;0;
22283;7181428;1056014336;18526208;1196748800;0;0;0;0;0;0;0;0;0;0;0;4418;0;0;95;0;200;0;
22284;5566650;1056014336;18526208;1196748800;0;0;0;0;0;0;0;0;0;0;0;3887;0;0;95;0;200;0;
22285;5469197;1056014336;18526208;1196748800;0;0;0;0;0;0;0;0;0;0;0;2895;0;0;95;0;200;0;
22286;4420961;1056014336;18526208;1196748800;0;0;0;0;0;0;0;0;0;0;0;3066;0;0;95;0;200;0;
22287;8019259;1061011456;30019584;1208242176;0;0;0;0;0;0;0;0;0;0;0;3547;0;0;95;0;200;0;
22288;7541513;1065205760;30019584;1208242176;0;0;0;0;0;0;0;0;0;0;0;10109;0;0;95;0;200;0;
22289;6535316;1065205760;30019584;1208242176;0;0;0;0;0;0;0;0;0;0;0;2956;0;0;95;0;200;0;
22290;5910475;1065205760;30019584;1208242176;0;0;0;0;0;0;0;0;0;0;0;3837;0;0;95;0;200;0;
22291;7394657;1065205760;30019584;1208242176;0;0;0;0;0;0;0;0;0;0;0;3987;0;0;95;0;200;0;
22292;6140345;1065205760;30019584;1208242176;0;0;0;0;0;0;0;0;0;0;0;4097;0;0;95;0;200;0;
22293;7381032;1065205760;30019584;1208242176;0;0;0;0;0;0;0;0;0;0;0;4078;0;0;95;0;200;0;
22294;7728334;1065205760;30019584;1208242176;0;0;0;0;0;0;0;0;0;0;0;3236;0;0;95;0;200;0;
22295;6494931;1065205760;30019584;1208242176;0;0;0;0;0;0;0;0;0;0;0;2605;0;0;95;0;200;0;
22296;7524641;1056026624;18526208;1196748800;0;0;0;0;0;0;0;0;0;0;0;3506;0;0;95;0;200;0;
22297;6077518;1056026624;18526208;1196748800;0;0;0;0;0;0;0;0;0;0;0;2725;0;0;95;0;200;0;
22298;6941097;1056026624;18526208;1196748800;0;0;0;0;0;0;0;0;0;0;0;3306;0;0;95;0;200;0;
22299;7272278;1056026624;18526208;1196748800;0;0;0;0;0;0;0;0;0;0;0;2365;0;0;95;0;200;0;
22300;4859804;1056026624;18526208;1196748800;0;0;0;0;0;0;0;0;0;0;0;3767;0;0;95;0;200;0;
22301;6019569;1056026624;18526208;1196748800;0;0;0;0;0;0;0;0;0;0;0;2315;0;0;95;0;200;0;
22302;4920668;1056026624;18526208;1196748800;0;0;0;0;0;0;0;0;0;0;0;3286;0;0;95;0;200;0;
22303;6019088;1056026624;18526208;1196748800;0;0;0;0;0;0;0;0;0;0;0;2395;0;0;95;0;200;0;
22304;4621377;1056026624;18526208;1196748800;0;0;0;0;0;0;0;0;0;0;0;2975;0;0;95;0;200;0;
22305;5039100;1056026624;18526208;1196748800;0;0;0;0;0;0;0;0;0;0;0;2164;0;0;95;0;200;0;
22306;7335036;1056026624;18526208;1196748800;0;0;0;0;0;0;0;0;0;0;0;3566;0;0;95;0;200;0;
22307;7630631;1056026624;18526208;1196748800;0;0;0;0;0;0;0;0;0;0;0;2825;0;0;95;0;200;0;
22308;5450542;1056026624;18526208;1196748800;0;0;0;0;0;0;0;0;0;0;0;3046;0;0;95;0;200;0;
22309;5776734;1056026624;18526208;1196748800;0;0;0;0;0;0;0;0;0;0;0;2885;0;0;95;0;200;0;
22310;6467740;1056026624;18526208;1196748800;0;0;0;0;0;0;0;0;0;0;0;4037;0;0;95;0;200;0;
22311;7160188;1061023744;30019584;1208242176;0;0;0;0;0;0;0;0;0;0;0;2915;0;0;95;0;200;0;
22312;6087417;1065218048;30019584;1208242176;0;0;0;0;0;0;0;0;0;0;0;2965;0;0;95;0;200;0;
22313;5974735;1065218048;30019584;1208242176;0;0;0;0;0;0;0;0;0;0;0;2805;0;0;95;0;200;0;
22314;4928423;1065218048;30019584;1208242176;0;0;0;0;0;0;0;0;0;0;0;3396;0;0;95;0;200;0;
22315;6244571;1065218048;30019584;1208242176;0;0;0;0;0;0;0;0;0;0;0;3056;0;0;95;0;200;0;
22316;4235032;1065218048;30019584;1208242176;0;0;0;0;0;0;0;0;0;0;0;3006;0;0;95;0;200;0;
22317;7867324;1065218048;30019584;1208242176;0;0;0;0;0;0;0;0;0;0;0;2655;0;0;95;0;200;0;
22318;4082366;1065218048;30019584;1208242176;0;0;0;0;0;0;0;0;0;0;0;3697;0;0;95;0;200;0;
22319;6049736;1065218048;30019584;1208242176;0;0;0;0;0;0;0;0;0;0;0;2394;0;0;95;0;200;0;
22320;4134504;1056038912;18526208;1196748800;0;0;0;0;0;0;0;0;0;0;0;3247;0;0;95;0;200;0;
22321;6721896;1056038912;18526208;1196748800;0;0;0;0;0;0;0;0;0;0;0;2024;0;0;95;0;200;0;
22322;5748371;1056038912;18526208;1196748800;0;0;0;0;0;0;0;0;0;0;0;3667;0;0;95;0;200;0;
22323;4960804;1056038912;18526208;1196748800;0;0;0;0;0;0;0;0;0;0;0;2465;0;0;95;0;200;0;
22324;6107093;1056038912;18526208;1196748800;0;0;0;0;0;0;0;0;0;0;0;3627;0;0;95;0;200;0;
22325;6284385;1056038912;18526208;1196748800;0;0;0;0;0;0;0;0;0;0;0;2244;0;0;95;0;200;0;
22326;4046459;1056038912;18526208;1196748800;0;0;0;0;0;0;0;0;0;0;0;3527;0;0;95;0;200;0;
22327;8013738;1056038912;18526208;1196748800;0;0;0;0;0;0;0;0;0;0;0;3267;0;0;95;0;200;0;
22328;4272402;1056038912;18526208;1196748800;0;0;0;0;0;0;0;0;0;0;0;3857;0;0;95;0;200;0;
22329;6191762;1056038912;18526208;1196748800;0;0;0;0;0;0;0;0;0;0;0;2895;0;0;95;0;200;0;
22330;5125172;1056038912;18526208;1196748800;0;0;0;0;0;0;0;0;0;0;0;3666;0;0;95;0;200;0;
22331;6722828;1056038912;18526208;1196748800;0;0;0;0;0;0;0;0;0;0;0;2605;0;0;95;0;200;0;
22332;5405939;1056038912;18526208;1196748800;0;0;0;0;0;0;0;0;0;0;0;3857;0;0;95;0;200;0;
22333;6518745;1056038912;18526208;1196748800;0;0;0;0;0;0;0;0;0;0;0;2384;0;0;95;0;200;0;
22334;5995845;1056038912;18526208;1196748800;0;0;0;0;0;0;0;0;0;0;0;4519;0;0;95;0;200;0;
22335;6979940;1061036032;30019584;1208242176;0;0;0;0;0;0;0;0;0;0;0;3036;0;0;95;0;200;0;
22336;5122737;1065230336;30019584;1208242176;0;0;0;0;0;0;0;0;0;0;0;3326;0;0;95;0;200;0;
22337;5712623;1065230336;30019584;1208242176;0;0;0;0;0;0;0;0;0;0;0;2385;0;0;95;0;200;0;
22338;5093292;1065230336;30019584;1208242176;0;0;0;0;0;0;0;0;0;0;0;4118;0;0;95;0;200;0;
22339;6880764;1065230336;30019584;1208242176;0;0;0;0;0;0;0;0;0;0;0;3216;0;0;95;0;200;0;
22340;5711872;1065230336;30019584;1208242176;0;0;0;0;0;0;0;0;0;0;0;3737;0;0;95;0;200;0;
22341;7567191;1065230336;30019584;1208242176;0;0;0;0;0;0;0;0;0;0;0;2595;0;0;95;0;200;0;
22342;5470860;1065230336;30019584;1208242176;0;0;0;0;0;0;0;0;0;0;0;3026;0;0;95;0;200;0;
22343;6496904;1065230336;30019584;1208242176;0;0;0;0;0;0;0;0;0;0;0;2304;0;0;95;0;200;0;
22344;5643374;1056051200;18526208;1196748800;0;0;0;0;0;0;0;0;0;0;0;2755;0;0;95;0;200;0;
22345;5822389;1056051200;18526208;1196748800;0;0;0;0;0;0;0;0;0;0;0;1953;0;0;95;0;200;0;
22346;13143530;1056051200;18526208;1196748800;0;0;0;0;0;0;0;0;0;0;0;4178;0;0;95;0;200;0;
22347;8782751;1056051200;18526208;1196748800;0;0;0;0;0;0;0;0;0;0;0;3657;0;0;95;0;200;0;
22348;4538371;1056051200;18526208;1196748800;0;0;0;0;0;0;0;0;0;0;0;2896;0;0;95;0;200;0;
22349;6774305;1056051200;18526208;1196748800;0;0;0;0;0;0;0;0;0;0;0;4007;0;0;95;0;200;0;
22350;4838224;1056051200;18526208;1196748800;0;0;0;0;0;0;0;0;0;0;0;4017;0;0;95;0;200;0;
22351;8281371;1056051200;18526208;1196748800;0;0;0;0;0;0;0;0;0;0;0;3176;0;0;95;0;200;0;
22352;4158398;1056051200;18526208;1196748800;0;0;0;0;0;0;0;0;0;0;0;4478;0;0;95;0;200;0;
22353;7583763;1056051200;18526208;1196748800;0;0;0;0;0;0;0;0;0;0;0;3957;0;0;95;0;200;0;
22354;3577479;1056051200;18526208;1196748800;0;0;0;0;0;0;0;0;0;0;0;4548;0;0;95;0;200;0;
22355;8973108;1056051200;18526208;1196748800;0;0;0;0;0;0;0;0;0;0;0;5110;0;0;95;0;200;0;
22356;4303020;1056051200;18526208;1196748800;0;0;0;0;0;0;0;0;0;0;0;3627;0;0;95;0;200;0;
22357;9053118;1061048320;30019584;1208242176;0;0;0;0;0;0;0;0;0;0;0;4769;0;0;95;0;200;0;
22358;4236896;1065242624;30019584;1208242176;0;0;0;0;0;0;0;0;0;0;0;3616;0;0;95;0;200;0;
22359;6982175;1065242624;30019584;1208242176;0;0;0;0;0;0;0;0;0;0;0;5410;0;0;95;0;200;0;
22360;5390028;1065242624;30019584;1208242176;0;0;0;0;0;0;0;0;0;0;0;3707;0;0;95;0;200;0;
22361;8764096;1065242624;30019584;1208242176;0;0;0;0;0;0;0;0;0;0;0;5129;0;0;95;0;200;0;
22362;3919200;1065242624;30019584;1208242176;0;0;0;0;0;0;0;0;0;0;0;3196;0;0;95;0;200;0;
22363;8998185;1065242624;30019584;1208242176;0;0;0;0;0;0;0;0;0;0;0;3416;0;0;95;0;200;0;
22364;3455972;1065242624;30019584;1208242176;0;0;0;0;0;0;0;0;0;0;0;3266;0;0;95;0;200;0;
22365;7551613;1065242624;30019584;1208242176;0;0;0;0;0;0;0;0;0;0;0;3697;0;0;95;0;200;0;
22366;3780510;1056063488;18526208;1196748800;0;0;0;0;0;0;0;0;0;0;0;3246;0;0;95;0;200;0;
22367;7610263;1056063488;18526208;1196748800;0;0;0;0;0;0;0;0;0;0;0;3707;0;0;95;0;200;0;
22368;3991235;1056063488;18526208;1196748800;0;0;0;0;0;0;0;0;0;0;0;4428;0;0;95;0;200;0;
22369;7679542;1056063488;18526208;1196748800;0;0;0;0;0;0;0;0;0;0;0;3437;0;0;95;0;200;0;
22370;3045641;1056063488;18526208;1196748800;0;0;0;0;0;0;0;0;0;0;0;3377;0;0;95;0;200;0;
22371;5405327;1056063488;18526208;1196748800;0;0;0;0;0;0;0;0;0;0;0;2295;0;0;95;0;200;0;
22372;5404846;1056063488;18526208;1196748800;0;0;0;0;0;0;0;0;0;0;0;4007;0;0;95;0;200;0;
22373;7779640;1056063488;18526208;1196748800;0;0;0;0;0;0;0;0;0;0;0;2635;0;0;95;0;200;0;
22374;3667628;1056063488;18526208;1196748800;0;0;0;0;0;0;0;0;0;0;0;4518;0;0;95;0;200;0;
22375;7405077;1056063488;18526208;1196748800;0;0;0;0;0;0;0;0;0;0;0;2245;0;0;95;0;200;0;
22376;4802436;1056063488;18526208;1196748800;0;0;0;0;0;0;0;0;0;0;0;143760;0;0;95;0;200;0;
22377;6568339;1056063488;18526208;1196748800;0;0;0;0;0;0;0;0;0;0;0;2855;0;0;95;0;200;0;
22378;7537165;1056063488;18526208;1196748800;0;0;0;0;0;0;0;0;0;0;0;4439;0;0;95;0;200;0;
22379;6882056;1056063488;18526208;1196748800;0;0;0;0;0;0;0;0;0;0;0;3777;0;0;95;0;200;0;
22380;5223997;1056063488;18526208;1196748800;0;0;0;0;0;0;0;0;0;0;0;4839;0;0;95;0;200;0;
22381;9635921;1061060608;30019584;1208242176;0;0;0;0;0;0;0;0;0;0;0;3577;0;0;95;0;200;0;
22382;5808503;1065254912;30019584;1208242176;0;0;0;0;0;0;0;0;0;0;0;3176;0;0;95;0;200;0;
22383;10241527;1065254912;30019584;1208242176;0;0;0;0;0;0;0;0;0;0;0;3447;0;0;95;0;200;0;
22384;7261578;1065254912;30019584;1208242176;0;0;0;0;0;0;0;0;0;0;0;4488;0;0;95;0;200;0;
22385;9233746;1065254912;30019584;1208242176;0;0;0;0;0;0;0;0;0;0;0;3857;0;0;95;0;200;0;
22386;6426121;1065254912;30019584;1208242176;0;0;0;0;0;0;0;0;0;0;0;4409;0;0;95;0;200;0;
22387;9651280;1065254912;30019584;1208242176;0;0;0;0;0;0;0;0;0;0;0;4588;0;0;95;0;200;0;
22388;6259449;1065254912;30019584;1208242176;0;0;0;0;0;0;0;0;0;0;0;3256;0;0;95;0;200;0;
22389;7954698;1065254912;30019584;1208242176;0;0;0;0;0;0;0;0;0;0;0;3316;0;0;95;0;200;0;
22390;5629778;1056075776;18526208;1196748800;0;0;0;0;0;0;0;0;0;0;0;4929;0;0;95;0;200;0;
22391;8297681;1056075776;18526208;1196748800;0;0;0;0;0;0;0;0;0;0;0;3597;0;0;95;0;200;0;
22392;5759411;1056075776;18526208;1196748800;0;0;0;0;0;0;0;0;0;0;0;3737;0;0;95;0;200;0;
22393;9128660;1056075776;18526208;1196748800;0;0;0;0;0;0;0;0;0;0;0;3316;0;0;95;0;200;0;
22394;5762347;1056075776;18526208;1196748800;0;0;0;0;0;0;0;0;0;0;0;3606;0;0;95;0;200;0;
22395;9000930;1056075776;18526208;1196748800;0;0;0;0;0;0;0;0;0;0;0;4318;0;0;95;0;200;0;
22396;5323143;1056075776;18526208;1196748800;0;0;0;0;0;0;0;0;0;0;0;3236;0;0;95;0;200;0;
22397;7870390;1056075776;18526208;1196748800;0;0;0;0;0;0;0;0;0;0;0;3176;0;0;95;0;200;0;
22398;6577185;1056075776;18526208;1196748800;0;0;0;0;0;0;0;0;0;0;0;3106;0;0;95;0;200;0;
22399;8322558;1056075776;18526208;1196748800;0;0;0;0;0;0;0;0;0;0;0;3085;0;0;95;0;200;0;
22400;4839967;1056075776;18526208;1196748800;0;0;0;0;0;0;0;0;0;0;0;3497;0;0;95;0;200;0;
22401;7511597;1056075776;18526208;1196748800;0;0;0;0;0;0;0;0;0;0;0;2665;0;0;95;0;200;0;
22402;5996145;1056075776;18526208;1196748800;0;0;0;0;0;0;0;0;0;0;0;3837;0;0;95;0;200;0;
22403;8349389;1061072896;30019584;1208242176;0;0;0;0;0;0;0;0;0;0;0;3807;0;0;95;0;200;0;
22404;6301788;1065267200;30019584;1208242176;0;0;0;0;0;0;0;0;0;0;0;4148;0;0;95;0;200;0;
22405;9340547;1065267200;30019584;1208242176;0;0;0;0;0;0;0;0;0;0;0;4709;0;0;95;0;200;0;
22406;6487787;1065267200;30019584;1208242176;0;0;0;0;0;0;0;0;0;0;0;6022;0;0;95;0;200;0;
22407;8716857;1065267200;30019584;1208242176;0;0;0;0;0;0;0;0;0;0;0;2795;0;0;95;0;200;0;
22408;4613161;1065267200;30019584;1208242176;0;0;0;0;0;0;0;0;0;0;0;3196;0;0;95;0;200;0;
22409;8813459;1065267200;30019584;1208242176;0;0;0;0;0;0;0;0;0;0;0;4358;0;0;95;0;200;0;
22410;5004315;1065267200;30019584;1208242176;0;0;0;0;0;0;0;0;0;0;0;4118;0;0;95;0;200;0;
22411;9009146;1065267200;30019584;1208242176;0;0;0;0;0;0;0;0;0;0;0;4849;0;0;95;0;200;0;
22412;7449000;1056088064;18526208;1196748800;0;0;0;0;0;0;0;0;0;0;0;3326;0;0;95;0;200;0;
22413;8614836;1056088064;18526208;1196748800;0;0;0;0;0;0;0;0;0;0;0;3727;0;0;95;0;200;0;
22414;5850612;1056088064;18526208;1196748800;0;0;0;0;0;0;0;0;0;0;0;4118;0;0;95;0;200;0;
22415;8115019;1056088064;18526208;1196748800;0;0;0;0;0;0;0;0;0;0;0;3707;0;0;95;0;200;0;
22416;5999120;1056088064;18526208;1196748800;0;0;0;0;0;0;0;0;0;0;0;3607;0;0;95;0;200;0;
22417;8678315;1056088064;18526208;1196748800;0;0;0;0;0;0;0;0;0;0;0;2414;0;0;95;0;200;0;
22418;6845839;1056088064;18526208;1196748800;0;0;0;0;0;0;0;0;0;0;0;3056;0;0;95;0;200;0;
22419;10038747;1056088064;18526208;1196748800;0;0;0;0;0;0;0;0;0;0;0;3196;0;0;95;0;200;0;
22420;6387779;1056088064;18534400;1196756992;0;0;0;0;0;0;0;0;0;0;0;4359;0;0;95;0;200;0;
22421;9434032;1056088064;18534400;1196756992;0;0;0;0;0;0;0;0;0;0;0;3827;0;0;95;0;200;0;
22422;5996045;1056088064;18534400;1196756992;0;0;0;0;0;0;0;0;0;0;0;4519;0;0;95;0;200;0;
22423;7693418;1056088064;18534400;1196756992;0;0;0;0;0;0;0;0;0;0;0;2895;0;0;95;0;200;0;
22424;4871375;1056088064;18534400;1196756992;0;0;0;0;0;0;0;0;0;0;0;4028;0;0;95;0;200;0;
22425;9638075;1056088064;18534400;1196756992;0;0;0;0;0;0;0;0;0;0;0;4559;0;0;95;0;200;0;
22426;4088637;1056088064;18526208;1196748800;0;0;0;0;0;0;0;0;0;0;0;3697;0;0;95;0;200;0;
22427;7623527;1056088064;18526208;1196748800;0;0;0;0;0;0;0;0;0;0;0;3927;0;0;95;0;200;0;
22428;5837247;1056088064;18526208;1196748800;0;0;0;0;0;0;0;0;0;0;0;3527;0;0;95;0;200;0;
22429;7280284;1061085184;30019584;1208242176;0;0;0;0;0;0;0;0;0;0;0;3066;0;0;95;0;200;0;
22430;7924362;1065279488;30019584;1208242176;0;0;0;0;0;0;0;0;0;0;0;4007;0;0;95;0;200;0;
22431;6829668;1065279488;30019584;1208242176;0;0;0;0;0;0;0;0;0;0;0;2455;0;0;95;0;200;0;
22432;7908671;1065279488;30019584;1208242176;0;0;0;0;0;0;0;0;0;0;0;3186;0;0;95;0;200;0;
22433;7103982;1065279488;30019584;1208242176;0;0;0;0;0;0;0;0;0;0;0;3025;0;0;95;0;200;0;
22434;7946803;1065279488;30019584;1208242176;0;0;0;0;0;0;0;0;0;0;0;4308;0;0;95;0;200;0;
22435;6050186;1065279488;30019584;1208242176;0;0;0;0;0;0;0;0;0;0;0;3316;0;0;95;0;200;0;
22436;7569185;1065279488;30019584;1208242176;0;0;0;0;0;0;0;0;0;0;0;4388;0;0;95;0;200;0;
22437;7830094;1065279488;30019584;1208242176;0;0;0;0;0;0;0;0;0;0;0;3978;0;0;95;0;200;0;
22438;5766204;1056100352;18526208;1196748800;0;0;0;0;0;0;0;0;0;0;0;3757;0;0;95;0;200;0;
22439;6330422;1056100352;18526208;1196748800;0;0;0;0;0;0;0;0;0;0;0;3937;0;0;95;0;200;0;
22440;7700382;1056100352;18526208;1196748800;0;0;0;0;0;0;0;0;0;0;0;5270;0;0;95;0;200;0;
22441;7690943;1056100352;18526208;1196748800;0;0;0;0;0;0;0;0;0;0;0;4248;0;0;95;0;200;0;
22442;6716346;1056100352;18526208;1196748800;0;0;0;0;0;0;0;0;0;0;0;3697;0;0;95;0;200;0;
22443;7831797;1056100352;18526208;1196748800;0;0;0;0;0;0;0;0;0;0;0;4489;0;0;95;0;200;0;
22444;6895261;1056100352;18526208;1196748800;0;0;0;0;0;0;0;0;0;0;0;4929;0;0;95;0;200;0;
22445;8560955;1056100352;18526208;1196748800;0;0;0;0;0;0;0;0;0;0;0;4147;0;0;95;0;200;0;
22446;5696233;1056100352;18526208;1196748800;0;0;0;0;0;0;0;0;0;0;0;4188;0;0;95;0;200;0;
22447;9858419;1056100352;18526208;1196748800;0;0;0;0;0;0;0;0;0;0;0;6001;0;0;95;0;200;0;
22448;4981993;1056100352;18526208;1196748800;0;0;0;0;0;0;0;0;0;0;0;4258;0;0;95;0;200;0;
22449;8828126;1056100352;18526208;1196748800;0;0;0;0;0;0;0;0;0;0;0;4448;0;0;95;0;200;0;
22450;4517692;1056100352;18526208;1196748800;0;0;0;0;0;0;0;0;0;0;0;3336;0;0;95;0;200;0;
22451;8526240;1061097472;30019584;1208242176;0;0;0;0;0;0;0;0;0;0;0;4909;0;0;95;0;200;0;
22452;6179920;1065291776;30019584;1208242176;0;0;0;0;0;0;0;0;0;0;0;5070;0;0;95;0;200;0;
22453;6942260;1065291776;30019584;1208242176;0;0;0;0;0;0;0;0;0;0;0;2745;0;0;95;0;200;0;
22454;6572306;1065291776;30019584;1208242176;0;0;0;0;0;0;0;0;0;0;0;3577;0;0;95;0;200;0;
22455;5633054;1065291776;30019584;1208242176;0;0;0;0;0;0;0;0;0;0;0;3066;0;0;95;0;200;0;
22456;5613087;1065291776;30019584;1208242176;0;0;0;0;0;0;0;0;0;0;0;4278;0;0;95;0;200;0;
22457;7561391;1065291776;30019584;1208242176;0;0;0;0;0;0;0;0;0;0;0;5200;0;0;95;0;200;0;
22458;5255897;1065291776;30019584;1208242176;0;0;0;0;0;0;0;0;0;0;0;4118;0;0;95;0;200;0;
22459;7771434;1065291776;30019584;1208242176;0;0;0;0;0;0;0;0;0;0;0;5019;0;0;95;0;200;0;
22460;4344368;1056112640;18526208;1196748800;0;0;0;0;0;0;0;0;0;0;0;4048;0;0;95;0;200;0;
22461;8265852;1056112640;18526208;1196748800;0;0;0;0;0;0;0;0;0;0;0;4569;0;0;95;0;200;0;
22462;5169936;1056112640;18526208;1196748800;0;0;0;0;0;0;0;0;0;0;0;4368;0;0;95;0;200;0;
22463;9400360;1056112640;18526208;1196748800;0;0;0;0;0;0;0;0;0;0;0;7074;0;0;95;0;200;0;
22464;5510855;1056112640;18526208;1196748800;0;0;0;0;0;0;0;0;0;0;0;3958;0;0;95;0;200;0;
22465;8353817;1056112640;18526208;1196748800;0;0;0;0;0;0;0;0;0;0;0;4258;0;0;95;0;200;0;
22466;7184524;1056112640;18526208;1196748800;0;0;0;0;0;0;0;0;0;0;0;3967;0;0;95;0;200;0;
22467;6117243;1056112640;18526208;1196748800;0;0;0;0;0;0;0;0;0;0;0;3096;0;0;95;0;200;0;
22468;5344113;1056112640;18526208;1196748800;0;0;0;0;0;0;0;0;0;0;0;3777;0;0;95;0;200;0;
22469;7571109;1056112640;18526208;1196748800;0;0;0;0;0;0;0;0;0;0;0;6172;0;0;95;0;200;0;
22470;5964766;1056112640;18526208;1196748800;0;0;0;0;0;0;0;0;0;0;0;4017;0;0;95;0;200;0;
22471;8564852;1056112640;18526208;1196748800;0;0;0;0;0;0;0;0;0;0;0;3397;0;0;95;0;200;0;
22472;5449791;1056112640;18526208;1196748800;0;0;0;0;0;0;0;0;0;0;0;3356;0;0;95;0;200;0;
22473;9036047;1061109760;30019584;1208242176;0;0;0;0;0;0;0;0;0;0;0;4519;0;0;95;0;200;0;
22474;6758234;1065304064;30019584;1208242176;0;0;0;0;0;0;0;0;0;0;0;4869;0;0;95;0;200;0;
22475;9201486;1065304064;30019584;1208242176;0;0;0;0;0;0;0;0;0;0;0;4248;0;0;95;0;200;0;
22476;4458712;1065304064;30019584;1208242176;0;0;0;0;0;0;0;0;0;0;0;4248;0;0;95;0;200;0;
22477;8364316;1065304064;30019584;1208242176;0;0;0;0;0;0;0;0;0;0;0;4438;0;0;95;0;200;0;
22478;6436651;1065304064;30019584;1208242176;0;0;0;0;0;0;0;0;0;0;0;3907;0;0;95;0;200;0;
22479;9231923;1065304064;30019584;1208242176;0;0;0;0;0;0;0;0;0;0;0;4058;0;0;95;0;200;0;
22480;6621207;1065304064;30019584;1208242176;0;0;0;0;0;0;0;0;0;0;0;4118;0;0;95;0;200;0;
22481;7599352;1065304064;30019584;1208242176;0;0;0;0;0;0;0;0;0;0;0;3767;0;0;95;0;200;0;
22482;8124006;1056124928;18526208;1196748800;0;0;0;0;0;0;0;0;0;0;0;3587;0;0;95;0;200;0;
22483;6505340;1056124928;18526208;1196748800;0;0;0;0;0;0;0;0;0;0;0;3296;0;0;95;0;200;0;
22484;7457616;1056124928;18526208;1196748800;0;0;0;0;0;0;0;0;0;0;0;4038;0;0;95;0;200;0;
22485;7573182;1056124928;18526208;1196748800;0;0;0;0;0;0;0;0;0;0;0;2995;0;0;95;0;200;0;
22486;6179098;1056124928;18526208;1196748800;0;0;0;0;0;0;0;0;0;0;0;4008;0;0;95;0;200;0;
22487;6846921;1056124928;18526208;1196748800;0;0;0;0;0;0;0;0;0;0;0;3076;0;0;95;0;200;0;
22488;8769827;1056124928;18526208;1196748800;0;0;0;0;0;0;0;0;0;0;0;3827;0;0;95;0;200;0;
22489;11456084;1056124928;18526208;1196748800;0;0;0;0;0;0;0;0;0;0;0;2374;0;0;95;0;200;0;
22490;8421774;1056124928;18526208;1196748800;0;0;0;0;0;0;0;0;0;0;0;3607;0;0;95;0;200;0;
22491;6232648;1056124928;18526208;1196748800;0;0;0;0;0;0;0;0;0;0;0;3817;0;0;95;0;200;0;
22492;7137806;1056124928;18526208;1196748800;0;0;0;0;0;0;0;0;0;0;0;4338;0;0;95;0;200;0;
22493;8797930;1056124928;18526208;1196748800;0;0;0;0;0;0;0;0;0;0;0;40747;0;0;95;0;200;0;
22494;6556997;1056124928;18526208;1196748800;0;0;0;0;0;0;0;0;0;0;0;4859;0;0;95;0;200;0;
22495;8368795;1056124928;18526208;1196748800;0;0;0;0;0;0;0;0;0;0;0;3136;0;0;95;0;200;0;
22496;5059719;1056124928;18526208;1196748800;0;0;0;0;0;0;0;0;0;0;0;5190;0;0;95;0;200;0;
22497;10166305;1061122048;30019584;1208242176;0;0;0;0;0;0;0;0;0;0;0;4609;0;0;95;0;200;0;
22498;6233540;1065316352;30019584;1208242176;0;0;0;0;0;0;0;0;0;0;0;4438;0;0;95;0;200;0;
22499;11182922;1065316352;30019584;1208242176;0;0;0;0;0;0;0;0;0;0;0;4178;0;0;95;0;200;0;
22500;7120043;1065316352;30019584;1208242176;0;0;0;0;0;0;0;0;0;0;0;3887;0;0;95;0;200;0;
22501;8193616;1065316352;30019584;1208242176;0;0;0;0;0;0;0;0;0;0;0;3626;0;0;95;0;200;0;
22502;5204971;1065316352;30019584;1208242176;0;0;0;0;0;0;0;0;0;0;0;3577;0;0;95;0;200;0;
22503;8933143;1065316352;30019584;1208242176;0;0;0;0;0;0;0;0;0;0;0;3527;0;0;95;0;200;0;
22504;6640223;1065316352;30019584;1208242176;0;0;0;0;0;0;0;0;0;0;0;3656;0;0;95;0;200;0;
22505;9038590;1065316352;30019584;1208242176;0;0;0;0;0;0;0;0;0;0;0;3326;0;0;95;0;200;0;
22506;8963460;1056137216;18526208;1196748800;0;0;0;0;0;0;0;0;0;0;0;3557;0;0;95;0;200;0;
22507;11713468;1056137216;18526208;1196748800;0;0;0;0;0;0;0;0;0;0;0;5360;0;0;95;0;200;0;
22508;6933894;1056137216;18526208;1196748800;0;0;0;0;0;0;0;0;0;0;0;3948;0;0;95;0;200;0;
22509;8713351;1056137216;18526208;1196748800;0;0;0;0;0;0;0;0;0;0;0;3426;0;0;95;0;200;0;
22510;7543497;1056137216;18526208;1196748800;0;0;0;0;0;0;0;0;0;0;0;5209;0;0;95;0;200;0;
22511;9548998;1056137216;18526208;1196748800;0;0;0;0;0;0;0;0;0;0;0;3507;0;0;95;0;200;0;
22512;8940597;1056137216;18526208;1196748800;0;0;0;0;0;0;0;0;0;0;0;3878;0;0;95;0;200;0;
22513;9274633;1056137216;18526208;1196748800;0;0;0;0;0;0;0;0;0;0;0;3847;0;0;95;0;200;0;
22514;3490857;1056137216;18526208;1196748800;0;0;0;0;0;0;0;0;0;0;0;3687;0;0;95;0;200;0;
22515;7034041;1056137216;18526208;1196748800;0;0;0;0;0;0;0;0;0;0;0;3727;0;0;95;0;200;0;
22516;5922817;1056137216;18526208;1196748800;0;0;0;0;0;0;0;0;0;0;0;4699;0;0;95;0;200;0;
22517;7929881;1056137216;18526208;1196748800;0;0;0;0;0;0;0;0;0;0;0;4689;0;0;95;0;200;0;
22518;6003199;1056137216;18526208;1196748800;0;0;0;0;0;0;0;0;0;0;0;4598;0;0;95;0;200;0;
22519;6975051;1056137216;18526208;1196748800;0;0;0;0;0;0;0;0;0;0;0;3947;0;0;95;0;200;0;
22520;6438545;1056137216;18526208;1196748800;0;0;0;0;0;0;0;0;0;0;0;3747;0;0;95;0;200;0;
22521;10502867;1061134336;30019584;1208242176;0;0;0;0;0;0;0;0;0;0;0;3296;0;0;95;0;200;0;
22522;7300902;1065328640;30019584;1208242176;0;0;0;0;0;0;0;0;0;0;0;3497;0;0;95;0;200;0;
22523;9539871;1065328640;30019584;1208242176;0;0;0;0;0;0;0;0;0;0;0;3877;0;0;95;0;200;0;
22524;6143091;1065328640;30019584;1208242176;0;0;0;0;0;0;0;0;0;0;0;3306;0;0;95;0;200;0;
22525;8766440;1065328640;30019584;1208242176;0;0;0;0;0;0;0;0;0;0;0;6222;0;0;95;0;200;0;
22526;7537225;1065328640;30019584;1208242176;0;0;0;0;0;0;0;0;0;0;0;4959;0;0;95;0;200;0;
22527;7908301;1065328640;30019584;1208242176;0;0;0;0;0;0;0;0;0;0;0;3837;0;0;95;0;200;0;
22528;6481546;1065328640;30019584;1208242176;0;0;0;0;0;0;0;0;0;0;0;4349;0;0;95;0;200;0;
22529;10128335;1065328640;30019584;1208242176;0;0;0;0;0;0;0;0;0;0;0;3657;0;0;95;0;200;0;
22530;6171534;1056149504;18526208;1196748800;0;0;0;0;0;0;0;0;0;0;0;4078;0;0;95;0;200;0;
22531;9031537;1056149504;18526208;1196748800;0;0;0;0;0;0;0;0;0;0;0;3977;0;0;95;0;200;0;
22532;7889927;1056149504;18526208;1196748800;0;0;0;0;0;0;0;0;0;0;0;2805;0;0;95;0;200;0;
22533;8603856;1056149504;18526208;1196748800;0;0;0;0;0;0;0;0;0;0;0;3887;0;0;95;0;200;0;
22534;6142630;1056149504;18526208;1196748800;0;0;0;0;0;0;0;0;0;0;0;3016;0;0;95;0;200;0;
22535;7406570;1056149504;18526208;1196748800;0;0;0;0;0;0;0;0;0;0;0;3656;0;0;95;0;200;0;
22536;6372311;1056149504;18526208;1196748800;0;0;0;0;0;0;0;0;0;0;0;4558;0;0;95;0;200;0;
22537;7465581;1056149504;18526208;1196748800;0;0;0;0;0;0;0;0;0;0;0;2895;0;0;95;0;200;0;
22538;6244391;1056149504;18526208;1196748800;0;0;0;0;0;0;0;0;0;0;0;4168;0;0;95;0;200;0;
22539;6612722;1056149504;18526208;1196748800;0;0;0;0;0;0;0;0;0;0;0;3747;0;0;95;0;200;0;
22540;8638831;1056149504;18526208;1196748800;0;0;0;0;0;0;0;0;0;0;0;3768;0;0;95;0;200;0;
22541;9214341;1056149504;18526208;1196748800;0;0;0;0;0;0;0;0;0;0;0;5240;0;0;95;0;200;0;
22542;7099053;1056149504;18526208;1196748800;0;0;0;0;0;0;0;0;0;0;0;4038;0;0;95;0;200;0;
22543;8468331;1061146624;30019584;1208242176;0;0;0;0;0;0;0;0;0;0;0;3987;0;0;95;0;200;0;
22544;11404979;1065340928;30019584;1208242176;0;0;0;0;0;0;0;0;0;0;0;3316;0;0;95;0;200;0;
22545;6052150;1065340928;30019584;1208242176;0;0;0;0;0;0;0;0;0;0;0;3076;0;0;95;0;200;0;
22546;4706596;1065340928;30019584;1208242176;0;0;0;0;0;0;0;0;0;0;0;4188;0;0;95;0;200;0;
22547;9665867;1065340928;30019584;1208242176;0;0;0;0;0;0;0;0;0;0;0;3707;0;0;95;0;200;0;
22548;7109534;1065340928;30019584;1208242176;0;0;0;0;0;0;0;0;0;0;0;5140;0;0;95;0;200;0;
22549;9453760;1065340928;30019584;1208242176;0;0;0;0;0;0;0;0;0;0;0;4558;0;0;95;0;200;0;
22550;5849761;1065340928;30019584;1208242176;0;0;0;0;0;0;0;0;0;0;0;3927;0;0;95;0;200;0;
22551;9000129;1065340928;30019584;1208242176;0;0;0;0;0;0;0;0;0;0;0;3517;0;0;95;0;200;0;
22552;5483704;1056161792;18526208;1196748800;0;0;0;0;0;0;0;0;0;0;0;3707;0;0;95;0;200;0;
22553;9745757;1056161792;18526208;1196748800;0;0;0;0;0;0;0;0;0;0;0;3366;0;0;95;0;200;0;
22554;6812587;1056161792;18526208;1196748800;0;0;0;0;0;0;0;0;0;0;0;10439;0;0;95;0;200;0;
22555;10525800;1056161792;18526208;1196748800;0;0;0;0;0;0;0;0;0;0;0;3928;0;0;95;0;200;0;
22556;8419149;1056161792;18534400;1196756992;0;0;0;0;0;0;0;0;0;0;0;4248;0;0;95;0;200;0;
22557;10836542;1061158912;30027776;1208250368;0;0;0;0;0;0;0;0;0;0;0;3256;0;0;95;0;200;0;
22558;9975548;1065353216;30027776;1208250368;0;0;0;0;0;0;0;0;0;0;0;4097;0;0;95;0;200;0;
22559;11207449;1065353216;30027776;1208250368;0;0;0;0;0;0;0;0;0;0;0;3206;0;0;95;0;200;0;
22560;7862365;1065353216;30027776;1208250368;0;0;0;0;0;0;0;0;0;0;0;3687;0;0;95;0;200;0;
22561;7507129;1065353216;30027776;1208250368;0;0;0;0;0;0;0;0;0;0;0;3737;0;0;95;0;200;0;
22562;8105250;1065558016;30019584;1208242176;0;0;0;0;0;0;0;0;0;0;0;3376;0;0;95;0;200;0;
22563;7504704;1065558016;30019584;1208242176;0;0;0;0;0;0;0;0;0;0;0;3276;0;0;95;0;200;0;
22564;7797433;1065558016;30019584;1208242176;0;0;0;0;0;0;0;0;0;0;0;4068;0;0;95;0;200;0;
22565;8247437;1065558016;30019584;1208242176;0;0;0;0;0;0;0;0;0;0;0;3547;0;0;95;0;200;0;
22566;8594839;1056161792;18526208;1196748800;0;0;0;0;0;0;0;0;0;0;0;3006;0;0;95;0;200;0;
22567;7365102;1061158912;30019584;1208242176;0;0;0;0;0;0;0;0;0;0;0;4027;0;0;95;0;200;0;
22568;5872192;1065353216;30019584;1208242176;0;0;0;0;0;0;0;0;0;0;0;4168;0;0;95;0;200;0;
22569;8786678;1065353216;30019584;1208242176;0;0;0;0;0;0;0;0;0;0;0;3567;0;0;95;0;200;0;
22570;7314087;1065353216;30019584;1208242176;0;0;0;0;0;0;0;0;0;0;0;3196;0;0;95;0;200;0;
22571;7336779;1065353216;30019584;1208242176;0;0;0;0;0;0;0;0;0;0;0;4338;0;0;95;0;200;0;
22572;6096523;1065353216;30019584;1208242176;0;0;0;0;0;0;0;0;0;0;0;4178;0;0;95;0;200;0;
22573;8452182;1065353216;30019584;1208242176;0;0;0;0;0;0;0;0;0;0;0;3597;0;0;95;0;200;0;
22574;7035184;1065353216;30019584;1208242176;0;0;0;0;0;0;0;0;0;0;0;4268;0;0;95;0;200;0;
22575;8486435;1065353216;30019584;1208242176;0;0;0;0;0;0;0;0;0;0;0;4238;0;0;95;0;200;0;
22576;8592123;1065353216;30019584;1208242176;0;0;0;0;0;0;0;0;0;0;0;4618;0;0;95;0;200;0;
22577;9220642;1065353216;30019584;1208242176;0;0;0;0;0;0;0;0;0;0;0;5079;0;0;95;0;200;0;
22578;5638905;1065353216;30019584;1208242176;0;0;0;0;0;0;0;0;0;0;0;4769;0;0;95;0;200;0;
22579;9766406;1065353216;30019584;1208242176;0;0;0;0;0;0;0;0;0;0;0;4007;0;0;95;0;200;0;
22580;5074096;1065353216;30019584;1208242176;0;0;0;0;0;0;0;0;0;0;0;3927;0;0;95;0;200;0;
22581;10181815;1065353216;30019584;1208242176;0;0;0;0;0;0;0;0;0;0;0;6061;0;0;95;0;200;0;
22582;4557306;1065353216;30019584;1208242176;0;0;0;0;0;0;0;0;0;0;0;4168;0;0;95;0;200;0;
22583;9577341;1065353216;30019584;1208242176;0;0;0;0;0;0;0;0;0;0;0;3817;0;0;95;0;200;0;
22584;4786546;1065353216;30019584;1208242176;0;0;0;0;0;0;0;0;0;0;0;4358;0;0;95;0;200;0;
22585;10749089;1065353216;30019584;1208242176;0;0;0;0;0;0;0;0;0;0;0;4839;0;0;95;0;200;0;
22586;6967146;1065353216;30019584;1208242176;0;0;0;0;0;0;0;0;0;0;0;4378;0;0;95;0;200;0;
22587;8145055;1065353216;30019584;1208242176;0;0;0;0;0;0;0;0;0;0;0;5340;0;0;95;0;200;0;
22588;6635554;1065353216;30019584;1208242176;0;0;0;0;0;0;0;0;0;0;0;3256;0;0;95;0;200;0;
22589;7772606;1065353216;30019584;1208242176;0;0;0;0;0;0;0;0;0;0;0;3547;0;0;95;0;200;0;
22590;7708446;1065353216;30019584;1208242176;0;0;0;0;0;0;0;0;0;0;0;4007;0;0;95;0;200;0;
22591;9621825;1065353216;30019584;1208242176;0;0;0;0;0;0;0;0;0;0;0;4168;0;0;95;0;200;0;
22592;7955018;1065353216;30019584;1208242176;0;0;0;0;0;0;0;0;0;0;0;4028;0;0;95;0;200;0;
22593;9145372;1065353216;30019584;1208242176;0;0;0;0;0;0;0;0;0;0;0;3857;0;0;95;0;200;0;
22594;5411759;1065353216;30019584;1208242176;0;0;0;0;0;0;0;0;0;0;0;4418;0;0;95;0;200;0;
22595;10106374;1065353216;30019584;1208242176;0;0;0;0;0;0;0;0;0;0;0;3797;0;0;95;0;200;0;
22596;4897054;1065353216;30019584;1208242176;0;0;0;0;0;0;0;0;0;0;0;3977;0;0;95;0;200;0;
22597;8364767;1065353216;30019584;1208242176;0;0;0;0;0;0;0;0;0;0;0;4408;0;0;95;0;200;0;
22598;7940872;1065353216;30019584;1208242176;0;0;0;0;0;0;0;0;0;0;0;3166;0;0;95;0;200;0;
22599;9312605;1065353216;30019584;1208242176;0;0;0;0;0;0;0;0;0;0;0;4589;0;0;95;0;200;0;
22600;8747705;1065353216;30019584;1208242176;0;0;0;0;0;0;0;0;0;0;0;3417;0;0;95;0;200;0;
22601;7891099;1065353216;30019584;1208242176;0;0;0;0;0;0;0;0;0;0;0;3627;0;0;95;0;200;0;
22602;9470681;1065353216;30019584;1208242176;0;0;0;0;0;0;0;0;0;0;0;3466;0;0;95;0;200;0;
22603;9373179;1065353216;30019584;1208242176;0;0;0;0;0;0;0;0;0;0;0;3767;0;0;95;0;200;0;
22604;8229033;1065353216;30019584;1208242176;0;0;0;0;0;0;0;0;0;0;0;6322;0;0;95;0;200;0;
22605;7895137;1065353216;30019584;1208242176;0;0;0;0;0;0;0;0;0;0;0;3727;0;0;95;0;200;0;
22606;9402233;1065353216;30019584;1208242176;0;0;0;0;0;0;0;0;0;0;0;4278;0;0;95;0;200;0;
22607;8744129;1065353216;30019584;1208242176;0;0;0;0;0;0;0;0;0;0;0;3086;0;0;95;0;200;0;
22608;7722513;1065353216;30019584;1208242176;0;0;0;0;0;0;0;0;0;0;0;4108;0;0;95;0;200;0;
22609;8408169;1065353216;30019584;1208242176;0;0;0;0;0;0;0;0;0;0;0;3978;0;0;95;0;200;0;
22610;8543923;1065353216;30019584;1208242176;0;0;0;0;0;0;0;0;0;0;0;4759;0;0;95;0;200;0;
22611;8525609;1065353216;30019584;1208242176;0;0;0;0;0;0;0;0;0;0;0;4739;0;0;95;0;200;0;
22612;11100057;1065353216;30019584;1208242176;0;0;0;0;0;0;0;0;0;0;0;4609;0;0;95;0;200;0;
22613;10861229;1065353216;30019584;1208242176;0;0;0;0;0;0;0;0;0;0;0;4067;0;0;95;0;200;0;
22614;11980889;1065353216;30019584;1208242176;0;0;0;0;0;0;0;0;0;0;0;3396;0;0;95;0;200;0;
22615;7820928;1065353216;30019584;1208242176;0;0;0;0;0;0;0;0;0;0;0;3777;0;0;95;0;200;0;
22616;4241044;1065353216;30027776;1208250368;0;0;0;0;0;0;0;0;0;0;0;3367;0;0;95;0;200;0;
22617;5982389;1065353216;30027776;1208250368;0;0;0;0;0;0;0;0;0;0;0;2785;0;0;95;0;200;0;
22618;5107108;1065353216;30027776;1208250368;0;0;0;0;0;0;0;0;0;0;0;4188;0;0;95;0;200;0;
22619;6408048;1065353216;30027776;1208250368;0;0;0;0;0;0;0;0;0;0;0;2655;0;0;95;0;200;0;
22620;3796620;1065353216;30027776;1208250368;0;0;0;0;0;0;0;0;0;0;0;3356;0;0;95;0;200;0;
22621;7715179;1065353216;30027776;1208250368;0;0;0;0;0;0;0;0;0;0;0;4218;0;0;95;0;200;0;
22622;4508615;1065558016;30019584;1208242176;0;0;0;0;0;0;0;0;0;0;0;3837;0;0;95;0;200;0;
22623;6138572;1065558016;30019584;1208242176;0;0;0;0;0;0;0;0;0;0;0;2645;0;0;95;0;200;0;
22624;6230073;1065558016;30019584;1208242176;0;0;0;0;0;0;0;0;0;0;0;5631;0;0;95;0;200;0;
22625;5848638;1065558016;30019584;1208242176;0;0;0;0;0;0;0;0;0;0;0;2375;0;0;95;0;200;0;
22626;6260400;1065558016;30019584;1208242176;0;0;0;0;0;0;0;0;0;0;0;3116;0;0;95;0;200;0;
22627;5895136;1065558016;30019584;1208242176;0;0;0;0;0;0;0;0;0;0;0;4468;0;0;95;0;200;0;
22628;4967296;1065558016;30019584;1208242176;0;0;0;0;0;0;0;0;0;0;0;3206;0;0;95;0;200;0;
22629;7315319;1065558016;30019584;1208242176;0;0;0;0;0;0;0;0;0;0;0;3527;0;0;95;0;200;0;
22630;4548170;1065558016;30019584;1208242176;0;0;0;0;0;0;0;0;0;0;0;3707;0;0;95;0;200;0;
22631;6990470;1065558016;30019584;1208242176;0;0;0;0;0;0;0;0;0;0;0;3246;0;0;95;0;200;0;
22632;6170081;1065558016;30019584;1208242176;0;0;0;0;0;0;0;0;0;0;0;3957;0;0;95;0;200;0;
22633;4568798;1065558016;30019584;1208242176;0;0;0;0;0;0;0;0;0;0;0;2415;0;0;95;0;200;0;
22634;7402362;1065558016;30019584;1208242176;0;0;0;0;0;0;0;0;0;0;0;4619;0;0;95;0;200;0;
22635;6531749;1065558016;30019584;1208242176;0;0;0;0;0;0;0;0;0;0;0;2495;0;0;95;0;200;0;
22636;5041796;1065558016;30019584;1208242176;0;0;0;0;0;0;0;0;0;0;0;3517;0;0;95;0;200;0;
22637;5621343;1065558016;30019584;1208242176;0;0;0;0;0;0;0;0;0;0;0;2455;0;0;95;0;200;0;
22638;4314100;1065558016;30019584;1208242176;0;0;0;0;0;0;0;0;0;0;0;3907;0;0;95;0;200;0;
22639;4697630;1065558016;30019584;1208242176;0;0;0;0;0;0;0;0;0;0;0;1754;0;0;95;0;200;0;
22640;2560181;1065558016;30019584;1208242176;0;0;0;0;0;0;0;0;0;0;0;2856;0;0;95;0;200;0;
22641;6376729;1065558016;30019584;1208242176;0;0;0;0;0;0;0;0;0;0;0;1964;0;0;95;0;200;0;
22642;2986731;1065558016;30019584;1208242176;0;0;0;0;0;0;0;0;0;0;0;2896;0;0;95;0;200;0;
22643;4781167;1065558016;30019584;1208242176;0;0;0;0;0;0;0;0;0;0;0;2104;0;0;95;0;200;0;
22644;5096207;1065558016;30019584;1208242176;0;0;0;0;0;0;0;0;0;0;0;3036;0;0;95;0;200;0;
22645;6237338;1065558016;30019584;1208242176;0;0;0;0;0;0;0;0;0;0;0;2324;0;0;95;0;200;0;
22646;2533471;1065558016;30019584;1208242176;0;0;0;0;0;0;0;0;0;0;0;2765;0;0;95;0;200;0;
22647;6989287;1065558016;30019584;1208242176;0;0;0;0;0;0;0;0;0;0;0;3046;0;0;95;0;200;0;
22648;3574193;1065558016;30019584;1208242176;0;0;0;0;0;0;0;0;0;0;0;3477;0;0;95;0;200;0;
22649;4590900;1065558016;30019584;1208242176;0;0;0;0;0;0;0;0;0;0;0;1763;0;0;95;0;200;0;
22650;5435894;1065558016;30019584;1208242176;0;0;0;0;0;0;0;0;0;0;0;25888;0;0;95;0;200;0;
22651;5607005;1065558016;30019584;1208242176;0;0;0;0;0;0;0;0;0;0;0;2504;0;0;95;0;200;0;
22652;4092555;1065558016;30019584;1208242176;0;0;0;0;0;0;0;0;0;0;0;3426;0;0;95;0;200;0;
22653;5776072;1065558016;30019584;1208242176;0;0;0;0;0;0;0;0;0;0;0;2685;0;0;95;0;200;0;
22654;4524666;1065558016;30019584;1208242176;0;0;0;0;0;0;0;0;0;0;0;2785;0;0;95;0;200;0;
22655;6396476;1065558016;30019584;1208242176;0;0;0;0;0;0;0;0;0;0;0;2876;0;0;95;0;200;0;
22656;3872583;1065558016;30019584;1208242176;0;0;0;0;0;0;0;0;0;0;0;3246;0;0;95;0;200;0;
22657;6123684;1065558016;30019584;1208242176;0;0;0;0;0;0;0;0;0;0;0;2384;0;0;95;0;200;0;
22658;3740394;1065558016;30019584;1208242176;0;0;0;0;0;0;0;0;0;0;0;3256;0;0;95;0;200;0;
22659;6345911;1065558016;30019584;1208242176;0;0;0;0;0;0;0;0;0;0;0;2485;0;0;95;0;200;0;
22660;5930963;1065558016;30019584;1208242176;0;0;0;0;0;0;0;0;0;0;0;3266;0;0;95;0;200;0;
22661;6800484;1065558016;30019584;1208242176;0;0;0;0;0;0;0;0;0;0;0;2575;0;0;95;0;200;0;
22662;5509813;1065558016;30019584;1208242176;0;0;0;0;0;0;0;0;0;0;0;3607;0;0;95;0;200;0;
22663;5102079;1065558016;30019584;1208242176;0;0;0;0;0;0;0;0;0;0;0;2905;0;0;95;0;200;0;
22664;6417936;1065558016;30019584;1208242176;0;0;0;0;0;0;0;0;0;0;0;2876;0;0;95;0;200;0;
22665;5414253;1065558016;30019584;1208242176;0;0;0;0;0;0;0;0;0;0;0;2605;0;0;95;0;200;0;
22666;5588321;1065558016;30019584;1208242176;0;0;0;0;0;0;0;0;0;0;0;2545;0;0;95;0;200;0;
22667;7244887;1065558016;30019584;1208242176;0;0;0;0;0;0;0;0;0;0;0;2334;0;0;95;0;200;0;
22668;4340339;1065558016;30019584;1208242176;0;0;0;0;0;0;0;0;0;0;0;3737;0;0;95;0;200;0;
22669;7640760;1065558016;30019584;1208242176;0;0;0;0;0;0;0;0;0;0;0;2755;0;0;95;0;200;0;
22670;5256628;1065558016;30019584;1208242176;0;0;0;0;0;0;0;0;0;0;0;3527;0;0;95;0;200;0;
22671;4329960;1065558016;30019584;1208242176;0;0;0;0;0;0;0;0;0;0;0;2174;0;0;95;0;200;0;
22672;5124451;1065558016;30019584;1208242176;0;0;0;0;0;0;0;0;0;0;0;3867;0;0;95;0;200;0;
22673;6837884;1065558016;30019584;1208242176;0;0;0;0;0;0;0;0;0;0;0;3497;0;0;95;0;200;0;
22674;3721028;1065558016;30019584;1208242176;0;0;0;0;0;0;0;0;0;0;0;2976;0;0;95;0;200;0;
22675;5627544;1065558016;30019584;1208242176;0;0;0;0;0;0;0;0;0;0;0;2194;0;0;95;0;200;0;
22676;5343782;1065558016;30019584;1208242176;0;0;0;0;0;0;0;0;0;0;0;3196;0;0;95;0;200;0;
22677;7251740;1065558016;30019584;1208242176;0;0;0;0;0;0;0;0;0;0;0;2766;0;0;95;0;200;0;
22678;4903376;1065558016;30019584;1208242176;0;0;0;0;0;0;0;0;0;0;0;3517;0;0;95;0;200;0;
22679;6378051;1065558016;30019584;1208242176;0;0;0;0;0;0;0;0;0;0;0;2294;0;0;95;0;200;0;
22680;5045352;1065558016;30019584;1208242176;0;0;0;0;0;0;0;0;0;0;0;3767;0;0;95;0;200;0;
22681;8464525;1065558016;30019584;1208242176;0;0;0;0;0;0;0;0;0;0;0;3036;0;0;95;0;200;0;
22682;3773827;1065558016;30019584;1208242176;0;0;0;0;0;0;0;0;0;0;0;3667;0;0;95;0;200;0;
22683;6878710;1065558016;30019584;1208242176;0;0;0;0;0;0;0;0;0;0;0;2876;0;0;95;0;200;0;
22684;4840858;1065558016;30019584;1208242176;0;0;0;0;0;0;0;0;0;0;0;3186;0;0;95;0;200;0;
22685;6594817;1065558016;30019584;1208242176;0;0;0;0;0;0;0;0;0;0;0;3015;0;0;95;0;200;0;
22686;6308321;1065558016;30019584;1208242176;0;0;0;0;0;0;0;0;0;0;0;5801;0;0;95;0;200;0;
22687;6368443;1065558016;30019584;1208242176;0;0;0;0;0;0;0;0;0;0;0;2746;0;0;95;0;200;0;
22688;6196951;1065558016;30019584;1208242176;0;0;0;0;0;0;0;0;0;0;0;3547;0;0;95;0;200;0;
22689;6312188;1065558016;30019584;1208242176;0;0;0;0;0;0;0;0;0;0;0;2655;0;0;95;0;200;0;
22690;7081570;1065558016;30019584;1208242176;0;0;0;0;0;0;0;0;0;0;0;4458;0;0;95;0;200;0;
22691;5953345;1065558016;30019584;1208242176;0;0;0;0;0;0;0;0;0;0;0;3276;0;0;95;0;200;0;
22692;4538902;1065558016;30019584;1208242176;0;0;0;0;0;0;0;0;0;0;0;3406;0;0;95;0;200;0;
22693;7991267;1065558016;30019584;1208242176;0;0;0;0;0;0;0;0;0;0;0;3787;0;0;95;0;200;0;
22694;4627298;1065558016;30019584;1208242176;0;0;0;0;0;0;0;0;0;0;0;4279;0;0;95;0;200;0;
22695;8635384;1065558016;30019584;1208242176;0;0;0;0;0;0;0;0;0;0;0;3847;0;0;95;0;200;0;
22696;5789809;1065558016;30019584;1208242176;0;0;0;0;0;0;0;0;0;0;0;3998;0;0;95;0;200;0;
22697;6959742;1065558016;30019584;1208242176;0;0;0;0;0;0;0;0;0;0;0;2795;0;0;95;0;200;0;
22698;4654509;1065558016;30019584;1208242176;0;0;0;0;0;0;0;0;0;0;0;4208;0;0;95;0;200;0;
22699;6135176;1065558016;30019584;1208242176;0;0;0;0;0;0;0;0;0;0;0;3576;0;0;95;0;200;0;
22700;4133091;1065558016;30019584;1208242176;0;0;0;0;0;0;0;0;0;0;0;5260;0;0;95;0;200;0;
22701;8150385;1065558016;30019584;1208242176;0;0;0;0;0;0;0;0;0;0;0;4008;0;0;95;0;200;0;
22702;4581281;1065558016;30019584;1208242176;0;0;0;0;0;0;0;0;0;0;0;4088;0;0;95;0;200;0;
22703;8283424;1065558016;30019584;1208242176;0;0;0;0;0;0;0;0;0;0;0;3156;0;0;95;0;200;0;
22704;5125803;1065558016;30019584;1208242176;0;0;0;0;0;0;0;0;0;0;0;3086;0;0;95;0;200;0;
22705;7733734;1065558016;30019584;1208242176;0;0;0;0;0;0;0;0;0;0;0;3747;0;0;95;0;200;0;
22706;6437373;1065558016;30019584;1208242176;0;0;0;0;0;0;0;0;0;0;0;4208;0;0;95;0;200;0;
22707;6963640;1065558016;30019584;1208242176;0;0;0;0;0;0;0;0;0;0;0;3196;0;0;95;0;200;0;
22708;5584362;1065558016;30019584;1208242176;0;0;0;0;0;0;0;0;0;0;0;112501;0;0;95;0;200;0;
22709;7638465;1065558016;30019584;1208242176;0;0;0;0;0;0;0;0;0;0;0;3697;0;0;95;0;200;0;
22710;3991346;1065558016;30019584;1208242176;0;0;0;0;0;0;0;0;0;0;0;4258;0;0;95;0;200;0;
22711;8488729;1065558016;30019584;1208242176;0;0;0;0;0;0;0;0;0;0;0;4328;0;0;95;0;200;0;
22712;6415120;1065558016;30019584;1208242176;0;0;0;0;0;0;0;0;0;0;0;4078;0;0;95;0;200;0;
22713;7266587;1065558016;30019584;1208242176;0;0;0;0;0;0;0;0;0;0;0;3086;0;0;95;0;200;0;
22714;6003198;1065558016;30019584;1208242176;0;0;0;0;0;0;0;0;0;0;0;4569;0;0;95;0;200;0;
22715;7877523;1065558016;30019584;1208242176;0;0;0;0;0;0;0;0;0;0;0;3597;0;0;95;0;200;0;
22716;5262500;1065558016;30019584;1208242176;0;0;0;0;0;0;0;0;0;0;0;3727;0;0;95;0;200;0;
22717;6958630;1065558016;30019584;1208242176;0;0;0;0;0;0;0;0;0;0;0;3436;0;0;95;0;200;0;
22718;4770025;1065558016;30019584;1208242176;0;0;0;0;0;0;0;0;0;0;0;4228;0;0;95;0;200;0;
22719;6534274;1065558016;30019584;1208242176;0;0;0;0;0;0;0;0;0;0;0;2745;0;0;95;0;200;0;
22720;5775752;1065558016;30019584;1208242176;0;0;0;0;0;0;0;0;0;0;0;3837;0;0;95;0;200;0;
22721;6740941;1065558016;30019584;1208242176;0;0;0;0;0;0;0;0;0;0;0;2314;0;0;95;0;200;0;
22722;6182464;1065558016;30019584;1208242176;0;0;0;0;0;0;0;0;0;0;0;4499;0;0;95;0;200;0;
22723;5331518;1065558016;30019584;1208242176;0;0;0;0;0;0;0;0;0;0;0;86643;0;0;95;0;200;0;
22724;7570718;1065558016;30019584;1208242176;0;0;0;0;0;0;0;0;0;0;0;5370;0;0;95;0;200;0;
22725;6901233;1065558016;30019584;1208242176;0;0;0;0;0;0;0;0;0;0;0;4127;0;0;95;0;200;0;
22726;7751948;1065558016;30019584;1208242176;0;0;0;0;0;0;0;0;0;0;0;3808;0;0;95;0;200;0;
22727;6314131;1065558016;30019584;1208242176;0;0;0;0;0;0;0;0;0;0;0;3677;0;0;95;0;200;0;
22728;4708600;1065558016;30019584;1208242176;0;0;0;0;0;0;0;0;0;0;0;4008;0;0;95;0;200;0;
22729;8568239;1065558016;30019584;1208242176;0;0;0;0;0;0;0;0;0;0;0;3787;0;0;95;0;200;0;
22730;5184744;1065558016;30019584;1208242176;0;0;0;0;0;0;0;0;0;0;0;3467;0;0;95;0;200;0;
22731;7256899;1065558016;30019584;1208242176;0;0;0;0;0;0;0;0;0;0;0;2695;0;0;95;0;200;0;
22732;7071673;1065558016;30019584;1208242176;0;0;0;0;0;0;0;0;0;0;0;2966;0;0;95;0;200;0;
22733;6366179;1065558016;30019584;1208242176;0;0;0;0;0;0;0;0;0;0;0;2695;0;0;95;0;200;0;
22734;7331940;1065558016;30019584;1208242176;0;0;0;0;0;0;0;0;0;0;0;3596;0;0;95;0;200;0;
22735;7020256;1065558016;30019584;1208242176;0;0;0;0;0;0;0;0;0;0;0;4047;0;0;95;0;200;0;
22736;6745731;1065558016;30019584;1208242176;0;0;0;0;0;0;0;0;0;0;0;4759;0;0;95;0;200;0;
22737;7321270;1065558016;30019584;1208242176;0;0;0;0;0;0;0;0;0;0;0;3006;0;0;95;0;200;0;
22738;5495947;1065558016;30019584;1208242176;0;0;0;0;0;0;0;0;0;0;0;4558;0;0;95;0;200;0;
22739;7503161;1065558016;30019584;1208242176;0;0;0;0;0;0;0;0;0;0;0;2765;0;0;95;0;200;0;
22740;5046264;1065558016;30019584;1208242176;0;0;0;0;0;0;0;0;0;0;0;4078;0;0;95;0;200;0;
22741;7601626;1065558016;30019584;1208242176;0;0;0;0;0;0;0;0;0;0;0;3857;0;0;95;0;200;0;
22742;5725958;1065558016;30019584;1208242176;0;0;0;0;0;0;0;0;0;0;0;5150;0;0;95;0;200;0;
22743;9685494;1065558016;30019584;1208242176;0;0;0;0;0;0;0;0;0;0;0;4608;0;0;95;0;200;0;
22744;4173206;1065558016;30019584;1208242176;0;0;0;0;0;0;0;0;0;0;0;4318;0;0;95;0;200;0;
22745;9561281;1065558016;30019584;1208242176;0;0;0;0;0;0;0;0;0;0;0;3677;0;0;95;0;200;0;
22746;4344427;1065558016;30019584;1208242176;0;0;0;0;0;0;0;0;0;0;0;3857;0;0;95;0;200;0;
22747;9042599;1065558016;30019584;1208242176;0;0;0;0;0;0;0;0;0;0;0;2925;0;0;95;0;200;0;
22748;4609164;1065558016;30019584;1208242176;0;0;0;0;0;0;0;0;0;0;0;3917;0;0;95;0;200;0;
22749;8154774;1065558016;30019584;1208242176;0;0;0;0;0;0;0;0;0;0;0;4439;0;0;95;0;200;0;
22750;4607100;1065558016;30019584;1208242176;0;0;0;0;0;0;0;0;0;0;0;4749;0;0;95;0;200;0;
22751;6765518;1065558016;30019584;1208242176;0;0;0;0;0;0;0;0;0;0;0;3537;0;0;95;0;200;0;
22752;6594928;1065558016;30019584;1208242176;0;0;0;0;0;0;0;0;0;0;0;4889;0;0;95;0;200;0;
22753;7000619;1065558016;30019584;1208242176;0;0;0;0;0;0;0;0;0;0;0;2966;0;0;95;0;200;0;
22754;6108967;1065558016;30019584;1208242176;0;0;0;0;0;0;0;0;0;0;0;3767;0;0;95;0;200;0;
22755;7033220;1065558016;30019584;1208242176;0;0;0;0;0;0;0;0;0;0;0;3657;0;0;95;0;200;0;
22756;5027659;1065558016;30019584;1208242176;0;0;0;0;0;0;0;0;0;0;0;4338;0;0;95;0;200;0;
22757;10571585;1065558016;30019584;1208242176;0;0;0;0;0;0;0;0;0;0;0;3687;0;0;95;0;200;0;
22758;5815086;1065558016;30019584;1208242176;0;0;0;0;0;0;0;0;0;0;0;3848;0;0;95;0;200;0;
22759;7781944;1065558016;30019584;1208242176;0;0;0;0;0;0;0;0;0;0;0;4638;0;0;95;0;200;0;
22760;7072153;1065558016;30019584;1208242176;0;0;0;0;0;0;0;0;0;0;0;3768;0;0;95;0;200;0;
22761;7168473;1065558016;30019584;1208242176;0;0;0;0;0;0;0;0;0;0;0;4098;0;0;95;0;200;0;
22762;5715990;1065558016;30019584;1208242176;0;0;0;0;0;0;0;0;0;0;0;3877;0;0;95;0;200;0;
22763;8139945;1065558016;30019584;1208242176;0;0;0;0;0;0;0;0;0;0;0;4128;0;0;95;0;200;0;
22764;5480919;1065558016;30019584;1208242176;0;0;0;0;0;0;0;0;0;0;0;4298;0;0;95;0;200;0;
22765;7646259;1065558016;30019584;1208242176;0;0;0;0;0;0;0;0;0;0;0;37400;0;0;95;0;200;0;
22766;6514147;1065558016;30019584;1208242176;0;0;0;0;0;0;0;0;0;0;0;4208;0;0;95;0;200;0;
22767;7690492;1065558016;30019584;1208242176;0;0;0;0;0;0;0;0;0;0;0;3998;0;0;95;0;200;0;
22768;8277253;1065558016;30019584;1208242176;0;0;0;0;0;0;0;0;0;0;0;4057;0;0;95;0;200;0;
22769;8885033;1065558016;30019584;1208242176;0;0;0;0;0;0;0;0;0;0;0;4439;0;0;95;0;200;0;
22770;6238960;1065558016;30019584;1208242176;0;0;0;0;0;0;0;0;0;0;0;4628;0;0;95;0;200;0;
22771;8151607;1065558016;30019584;1208242176;0;0;0;0;0;0;0;0;0;0;0;4238;0;0;95;0;200;0;
22772;6734860;1065558016;30019584;1208242176;0;0;0;0;0;0;0;0;0;0;0;3828;0;0;95;0;200;0;
22773;8593997;1065558016;30019584;1208242176;0;0;0;0;0;0;0;0;0;0;0;3997;0;0;95;0;200;0;
22774;15741752;1065558016;30019584;1208242176;0;0;0;0;0;0;0;0;0;0;0;4739;0;0;95;0;200;0;
22775;9004878;1065558016;30019584;1208242176;0;0;0;0;0;0;0;0;0;0;0;4048;0;0;95;0;200;0;
22776;6179669;1065558016;30019584;1208242176;0;0;0;0;0;0;0;0;0;0;0;3978;0;0;95;0;200;0;
22777;10411586;1065558016;30019584;1208242176;0;0;0;0;0;0;0;0;0;0;0;4739;0;0;95;0;200;0;
22778;7842237;1065558016;30019584;1208242176;0;0;0;0;0;0;0;0;0;0;0;4168;0;0;95;0;200;0;
22779;12335654;1065558016;30019584;1208242176;0;0;0;0;0;0;0;0;0;0;0;3507;0;0;95;0;200;0;
22780;8309103;1065558016;30019584;1208242176;0;0;0;0;0;0;0;0;0;0;0;4468;0;0;95;0;200;0;
22781;9026759;1065558016;30019584;1208242176;0;0;0;0;0;0;0;0;0;0;0;4589;0;0;95;0;200;0;
22782;5630770;1065558016;30019584;1208242176;0;0;0;0;0;0;0;0;0;0;0;3857;0;0;95;0;200;0;
22783;6746242;1065558016;30019584;1208242176;0;0;0;0;0;0;0;0;0;0;0;3166;0;0;95;0;200;0;
22784;5847016;1065558016;30019584;1208242176;0;0;0;0;0;0;0;0;0;0;0;3557;0;0;95;0;200;0;
22785;9602247;1065558016;30019584;1208242176;0;0;0;0;0;0;0;0;0;0;0;5080;0;0;95;0;200;0;
22786;4497354;1065558016;30019584;1208242176;0;0;0;0;0;0;0;0;0;0;0;4298;0;0;95;0;200;0;
22787;7611344;1065558016;30019584;1208242176;0;0;0;0;0;0;0;0;0;0;0;3556;0;0;95;0;200;0;
22788;5535491;1065558016;30019584;1208242176;0;0;0;0;0;0;0;0;0;0;0;4358;0;0;95;0;200;0;
22789;8483620;1065558016;30019584;1208242176;0;0;0;0;0;0;0;0;0;0;0;4078;0;0;95;0;200;0;
22790;6144914;1065558016;30019584;1208242176;0;0;0;0;0;0;0;0;0;0;0;4328;0;0;95;0;200;0;
22791;8793922;1065558016;30019584;1208242176;0;0;0;0;0;0;0;0;0;0;0;4809;0;0;95;0;200;0;
22792;5279501;1065558016;30019584;1208242176;0;0;0;0;0;0;0;0;0;0;0;4518;0;0;95;0;200;0;
22793;10639513;1065558016;30019584;1208242176;0;0;0;0;0;0;0;0;0;0;0;3837;0;0;95;0;200;0;
22794;4601389;1065558016;30019584;1208242176;0;0;0;0;0;0;0;0;0;0;0;3957;0;0;95;0;200;0;
22795;7505406;1065558016;30019584;1208242176;0;0;0;0;0;0;0;0;0;0;0;3046;0;0;95;0;200;0;
22796;5521825;1065558016;30019584;1208242176;0;0;0;0;0;0;0;0;0;0;0;3908;0;0;95;0;200;0;
22797;9199342;1065558016;30019584;1208242176;0;0;0;0;0;0;0;0;0;0;0;3086;0;0;95;0;200;0;
22798;4886875;1065558016;30019584;1208242176;0;0;0;0;0;0;0;0;0;0;0;3657;0;0;95;0;200;0;
22799;6610808;1065558016;30019584;1208242176;0;0;0;0;0;0;0;0;0;0;0;3396;0;0;95;0;200;0;
22800;5079706;1065558016;30019584;1208242176;0;0;0;0;0;0;0;0;0;0;0;3737;0;0;95;0;200;0;
22801;6245613;1065558016;30019584;1208242176;0;0;0;0;0;0;0;0;0;0;0;3176;0;0;95;0;200;0;
22802;5172981;1065558016;30019584;1208242176;0;0;0;0;0;0;0;0;0;0;0;3987;0;0;95;0;200;0;
22803;6350350;1065558016;30019584;1208242176;0;0;0;0;0;0;0;0;0;0;0;2205;0;0;95;0;200;0;
22804;4485112;1065558016;30019584;1208242176;0;0;0;0;0;0;0;0;0;0;0;3437;0;0;95;0;200;0;
22805;5621713;1065558016;30019584;1208242176;0;0;0;0;0;0;0;0;0;0;0;2194;0;0;95;0;200;0;
22806;7280043;1065558016;30019584;1208242176;0;0;0;0;0;0;0;0;0;0;0;4117;0;0;95;0;200;0;
22807;7498593;1065558016;30019584;1208242176;0;0;0;0;0;0;0;0;0;0;0;4839;0;0;95;0;200;0;
22808;4351681;1065558016;30019584;1208242176;0;0;0;0;0;0;0;0;0;0;0;3427;0;0;95;0;200;0;
22809;5595704;1065558016;30019584;1208242176;0;0;0;0;0;0;0;0;0;0;0;2715;0;0;95;0;200;0;
22810;4713841;1065558016;30019584;1208242176;0;0;0;0;0;0;0;0;0;0;0;3005;0;0;95;0;200;0;
22811;7817601;1065558016;30019584;1208242176;0;0;0;0;0;0;0;0;0;0;0;3988;0;0;95;0;200;0;
22812;6332355;1065558016;30019584;1208242176;0;0;0;0;0;0;0;0;0;0;0;3026;0;0;95;0;200;0;
22813;6748896;1065558016;30019584;1208242176;0;0;0;0;0;0;0;0;0;0;0;2805;0;0;95;0;200;0;
22814;7201966;1065558016;30019584;1208242176;0;0;0;0;0;0;0;0;0;0;0;4078;0;0;95;0;200;0;
22815;5544509;1065558016;30019584;1208242176;0;0;0;0;0;0;0;0;0;0;0;3456;0;0;95;0;200;0;
22816;3419372;1065558016;30019584;1208242176;0;0;0;0;0;0;0;0;0;0;0;3247;0;0;95;0;200;0;
22817;4620495;1065558016;30019584;1208242176;0;0;0;0;0;0;0;0;0;0;0;2275;0;0;95;0;200;0;
22818;4626346;1065558016;30019584;1208242176;0;0;0;0;0;0;0;0;0;0;0;2986;0;0;95;0;200;0;
22819;6288553;1065558016;30019584;1208242176;0;0;0;0;0;0;0;0;0;0;0;2555;0;0;95;0;200;0;
22820;4470384;1065558016;30019584;1208242176;0;0;0;0;0;0;0;0;0;0;0;3777;0;0;95;0;200;0;
22821;7535271;1065558016;30019584;1208242176;0;0;0;0;0;0;0;0;0;0;0;2825;0;0;95;0;200;0;
22822;3733472;1065558016;30019584;1208242176;0;0;0;0;0;0;0;0;0;0;0;3577;0;0;95;0;200;0;
22823;6180711;1065558016;30019584;1208242176;0;0;0;0;0;0;0;0;0;0;0;3116;0;0;95;0;200;0;
22824;3916715;1065558016;30019584;1208242176;0;0;0;0;0;0;0;0;0;0;0;2996;0;0;95;0;200;0;
22825;5292506;1065558016;30019584;1208242176;0;0;0;0;0;0;0;0;0;0;0;2955;0;0;95;0;200;0;
22826;4261773;1065558016;30019584;1208242176;0;0;0;0;0;0;0;0;0;0;0;3035;0;0;95;0;200;0;
22827;6256182;1065558016;30019584;1208242176;0;0;0;0;0;0;0;0;0;0;0;4118;0;0;95;0;200;0;
22828;3428039;1065558016;30019584;1208242176;0;0;0;0;0;0;0;0;0;0;0;2945;0;0;95;0;200;0;
22829;5844801;1065558016;30019584;1208242176;0;0;0;0;0;0;0;0;0;0;0;3366;0;0;95;0;200;0;
22830;5700250;1065558016;30019584;1208242176;0;0;0;0;0;0;0;0;0;0;0;3055;0;0;95;0;200;0;
22831;5826928;1065558016;30019584;1208242176;0;0;0;0;0;0;0;0;0;0;0;2595;0;0;95;0;200;0;
22832;5739584;1065558016;30019584;1208242176;0;0;0;0;0;0;0;0;0;0;0;4408;0;0;95;0;200;0;
22833;6473661;1065558016;30019584;1208242176;0;0;0;0;0;0;0;0;0;0;0;2805;0;0;95;0;200;0;
22834;4261793;1065558016;30019584;1208242176;0;0;0;0;0;0;0;0;0;0;0;3307;0;0;95;0;200;0;
22835;7011169;1065558016;30019584;1208242176;0;0;0;0;0;0;0;0;0;0;0;3978;0;0;95;0;200;0;
22836;4834967;1065558016;30019584;1208242176;0;0;0;0;0;0;0;0;0;0;0;2845;0;0;95;0;200;0;
22837;6392178;1065558016;30019584;1208242176;0;0;0;0;0;0;0;0;0;0;0;2876;0;0;95;0;200;0;
22838;5161520;1065558016;30019584;1208242176;0;0;0;0;0;0;0;0;0;0;0;3196;0;0;95;0;200;0;
22839;6172887;1065558016;30019584;1208242176;0;0;0;0;0;0;0;0;0;0;0;3676;0;0;95;0;200;0;
22840;6478419;1065558016;30019584;1208242176;0;0;0;0;0;0;0;0;0;0;0;39013;0;0;95;0;200;0;
22841;6794702;1065558016;30019584;1208242176;0;0;0;0;0;0;0;0;0;0;0;3106;0;0;95;0;200;0;
22842;6599907;1065558016;30019584;1208242176;0;0;0;0;0;0;0;0;0;0;0;3687;0;0;95;0;200;0;
22843;7598279;1065558016;30019584;1208242176;0;0;0;0;0;0;0;0;0;0;0;3176;0;0;95;0;200;0;
22844;5747088;1065558016;30019584;1208242176;0;0;0;0;0;0;0;0;0;0;0;3436;0;0;95;0;200;0;
22845;7062785;1065558016;30019584;1208242176;0;0;0;0;0;0;0;0;0;0;0;3437;0;0;95;0;200;0;
22846;4489089;1065558016;30019584;1208242176;0;0;0;0;0;0;0;0;0;0;0;2886;0;0;95;0;200;0;
22847;7421778;1065558016;30019584;1208242176;0;0;0;0;0;0;0;0;0;0;0;4359;0;0;95;0;200;0;
22848;5118328;1065558016;30019584;1208242176;0;0;0;0;0;0;0;0;0;0;0;3727;0;0;95;0;200;0;
22849;6922412;1065558016;30019584;1208242176;0;0;0;0;0;0;0;0;0;0;0;3367;0;0;95;0;200;0;
22850;4880684;1065558016;30019584;1208242176;0;0;0;0;0;0;0;0;0;0;0;3617;0;0;95;0;200;0;
22851;6237658;1065558016;30019584;1208242176;0;0;0;0;0;0;0;0;0;0;0;3036;0;0;95;0;200;0;
22852;3217424;1065558016;30019584;1208242176;0;0;0;0;0;0;0;0;0;0;0;4058;0;0;95;0;200;0;
22853;7177821;1065558016;30019584;1208242176;0;0;0;0;0;0;0;0;0;0;0;3868;0;0;95;0;200;0;
22854;4122161;1065558016;30019584;1208242176;0;0;0;0;0;0;0;0;0;0;0;3016;0;0;95;0;200;0;
22855;5617124;1065558016;30019584;1208242176;0;0;0;0;0;0;0;0;0;0;0;2104;0;0;95;0;200;0;
22856;6497495;1065558016;30019584;1208242176;0;0;0;0;0;0;0;0;0;0;0;3026;0;0;95;0;200;0;
22857;5963073;1065558016;30019584;1208242176;0;0;0;0;0;0;0;0;0;0;0;3336;0;0;95;0;200;0;
22858;3566198;1065558016;30027776;1208250368;0;0;0;0;0;0;0;0;0;0;0;4598;0;0;95;0;200;0;
22859;7394267;1065558016;30027776;1208250368;0;0;0;0;0;0;0;0;0;0;0;3156;0;0;95;0;200;0;
22860;4718339;1065558016;30027776;1208250368;0;0;0;0;0;0;0;0;0;0;0;3096;0;0;95;0;200;0;
22861;6217500;1065558016;30027776;1208250368;0;0;0;0;0;0;0;0;0;0;0;3406;0;0;95;0;200;0;
22862;5825836;1065558016;30027776;1208250368;0;0;0;0;0;0;0;0;0;0;0;6171;0;0;95;0;200;0;
22863;5650357;1065558016;30027776;1208250368;0;0;0;0;0;0;0;0;0;0;0;2896;0;0;95;0;200;0;
22864;6031381;1065558016;30019584;1208242176;0;0;0;0;0;0;0;0;0;0;0;4939;0;0;95;0;200;0;
22865;7580386;1065558016;30019584;1208242176;0;0;0;0;0;0;0;0;0;0;0;4088;0;0;95;0;200;0;
22866;5451945;1065558016;30019584;1208242176;0;0;0;0;0;0;0;0;0;0;0;4649;0;0;95;0;200;0;
22867;8147339;1065558016;30019584;1208242176;0;0;0;0;0;0;0;0;0;0;0;3326;0;0;95;0;200;0;
22868;4677452;1065558016;30019584;1208242176;0;0;0;0;0;0;0;0;0;0;0;4107;0;0;95;0;200;0;
22869;6894820;1065558016;30019584;1208242176;0;0;0;0;0;0;0;0;0;0;0;4328;0;0;95;0;200;0;
22870;4693472;1065558016;30019584;1208242176;0;0;0;0;0;0;0;0;0;0;0;3687;0;0;95;0;200;0;
22871;6335792;1065558016;30019584;1208242176;0;0;0;0;0;0;0;0;0;0;0;3537;0;0;95;0;200;0;
22872;6767121;1065558016;30019584;1208242176;0;0;0;0;0;0;0;0;0;0;0;3496;0;0;95;0;200;0;
22873;6524426;1065558016;30019584;1208242176;0;0;0;0;0;0;0;0;0;0;0;2775;0;0;95;0;200;0;
22874;5394967;1065558016;30019584;1208242176;0;0;0;0;0;0;0;0;0;0;0;3326;0;0;95;0;200;0;
22875;7703377;1065558016;30019584;1208242176;0;0;0;0;0;0;0;0;0;0;0;3156;0;0;95;0;200;0;
22876;4949723;1065558016;30019584;1208242176;0;0;0;0;0;0;0;0;0;0;0;4439;0;0;95;0;200;0;
22877;9062325;1065558016;30019584;1208242176;0;0;0;0;0;0;0;0;0;0;0;2966;0;0;95;0;200;0;
22878;4680718;1065558016;30019584;1208242176;0;0;0;0;0;0;0;0;0;0;0;4028;0;0;95;0;200;0;
22879;7963134;1065558016;30019584;1208242176;0;0;0;0;0;0;0;0;0;0;0;4599;0;0;95;0;200;0;
22880;5980396;1065558016;30019584;1208242176;0;0;0;0;0;0;0;0;0;0;0;3466;0;0;95;0;200;0;
22881;6052471;1065558016;30019584;1208242176;0;0;0;0;0;0;0;0;0;0;0;3897;0;0;95;0;200;0;
22882;7398966;1065558016;30019584;1208242176;0;0;0;0;0;0;0;0;0;0;0;3106;0;0;95;0;200;0;
22883;10151017;1065558016;30019584;1208242176;0;0;0;0;0;0;0;0;0;0;0;3666;0;0;95;0;200;0;
22884;7555910;1065558016;30019584;1208242176;0;0;0;0;0;0;0;0;0;0;0;3918;0;0;95;0;200;0;
22885;7430454;1065558016;30019584;1208242176;0;0;0;0;0;0;0;0;0;0;0;3306;0;0;95;0;200;0;
22886;5456533;1065558016;30019584;1208242176;0;0;0;0;0;0;0;0;0;0;0;3566;0;0;95;0;200;0;
22887;7416729;1065558016;30019584;1208242176;0;0;0;0;0;0;0;0;0;0;0;4238;0;0;95;0;200;0;
22888;5607866;1065558016;30019584;1208242176;0;0;0;0;0;0;0;0;0;0;0;4008;0;0;95;0;200;0;
22889;9548286;1065558016;30019584;1208242176;0;0;0;0;0;0;0;0;0;0;0;3707;0;0;95;0;200;0;
22890;7527107;1065558016;30019584;1208242176;0;0;0;0;0;0;0;0;0;0;0;4518;0;0;95;0;200;0;
22891;7693649;1065558016;30019584;1208242176;0;0;0;0;0;0;0;0;0;0;0;4187;0;0;95;0;200;0;
22892;6054465;1065558016;30019584;1208242176;0;0;0;0;0;0;0;0;0;0;0;3376;0;0;95;0;200;0;
22893;7186157;1065558016;30019584;1208242176;0;0;0;0;0;0;0;0;0;0;0;3186;0;0;95;0;200;0;
22894;7167682;1065558016;30019584;1208242176;0;0;0;0;0;0;0;0;0;0;0;3276;0;0;95;0;200;0;
22895;10061189;1065558016;30019584;1208242176;0;0;0;0;0;0;0;0;0;0;0;4188;0;0;95;0;200;0;
22896;6154372;1065558016;30019584;1208242176;0;0;0;0;0;0;0;0;0;0;0;4299;0;0;95;0;200;0;
22897;9166801;1065558016;30019584;1208242176;0;0;0;0;0;0;0;0;0;0;0;3446;0;0;95;0;200;0;
22898;6495011;1065558016;30019584;1208242176;0;0;0;0;0;0;0;0;0;0;0;3456;0;0;95;0;200;0;
22899;8474804;1065558016;30019584;1208242176;0;0;0;0;0;0;0;0;0;0;0;4248;0;0;95;0;200;0;
22900;5012771;1065558016;30019584;1208242176;0;0;0;0;0;0;0;0;0;0;0;4258;0;0;95;0;200;0;
22901;6699704;1065558016;30019584;1208242176;0;0;0;0;0;0;0;0;0;0;0;3356;0;0;95;0;200;0;
22902;5812541;1065558016;30019584;1208242176;0;0;0;0;0;0;0;0;0;0;0;3246;0;0;95;0;200;0;
22903;8755409;1065558016;30019584;1208242176;0;0;0;0;0;0;0;0;0;0;0;3297;0;0;95;0;200;0;
22904;6107964;1065558016;30019584;1208242176;0;0;0;0;0;0;0;0;0;0;0;3186;0;0;95;0;200;0;
22905;7701744;1065558016;30019584;1208242176;0;0;0;0;0;0;0;0;0;0;0;4498;0;0;95;0;200;0;
22906;5976969;1065558016;30019584;1208242176;0;0;0;0;0;0;0;0;0;0;0;3937;0;0;95;0;200;0;
22907;8195319;1065558016;30019584;1208242176;0;0;0;0;0;0;0;0;0;0;0;4087;0;0;95;0;200;0;
22908;7011229;1065558016;30019584;1208242176;0;0;0;0;0;0;0;0;0;0;0;3426;0;0;95;0;200;0;
22909;9101398;1065558016;30019584;1208242176;0;0;0;0;0;0;0;0;0;0;0;4228;0;0;95;0;200;0;
22910;5536303;1065558016;30019584;1208242176;0;0;0;0;0;0;0;0;0;0;0;5060;0;0;95;0;200;0;
22911;10280550;1065558016;30019584;1208242176;0;0;0;0;0;0;0;0;0;0;0;4318;0;0;95;0;200;0;
22912;4818477;1065558016;30019584;1208242176;0;0;0;0;0;0;0;0;0;0;0;3536;0;0;95;0;200;0;
22913;7842067;1065558016;30019584;1208242176;0;0;0;0;0;0;0;0;0;0;0;3597;0;0;95;0;200;0;
22914;4282541;1065558016;30019584;1208242176;0;0;0;0;0;0;0;0;0;0;0;3887;0;0;95;0;200;0;
22915;7056704;1065558016;30019584;1208242176;0;0;0;0;0;0;0;0;0;0;0;3987;0;0;95;0;200;0;
22916;5481911;1065558016;30019584;1208242176;0;0;0;0;0;0;0;0;0;0;0;3356;0;0;95;0;200;0;
22917;7616374;1065558016;30019584;1208242176;0;0;0;0;0;0;0;0;0;0;0;4037;0;0;95;0;200;0;
22918;4968448;1065558016;30019584;1208242176;0;0;0;0;0;0;0;0;0;0;0;3386;0;0;95;0;200;0;
22919;6117142;1065558016;30019584;1208242176;0;0;0;0;0;0;0;0;0;0;0;4058;0;0;95;0;200;0;
22920;6113375;1065558016;30019584;1208242176;0;0;0;0;0;0;0;0;0;0;0;4178;0;0;95;0;200;0;
22921;7097240;1065558016;30019584;1208242176;0;0;0;0;0;0;0;0;0;0;0;3326;0;0;95;0;200;0;
22922;6323018;1065558016;30019584;1208242176;0;0;0;0;0;0;0;0;0;0;0;4128;0;0;95;0;200;0;
22923;7248253;1065558016;30019584;1208242176;0;0;0;0;0;0;0;0;0;0;0;3757;0;0;95;0;200;0;
22924;5346186;1065558016;30019584;1208242176;0;0;0;0;0;0;0;0;0;0;0;3677;0;0;95;0;200;0;
22925;8003129;1065558016;30019584;1208242176;0;0;0;0;0;0;0;0;0;0;0;3567;0;0;95;0;200;0;
22926;4957808;1065558016;30019584;1208242176;0;0;0;0;0;0;0;0;0;0;0;3617;0;0;95;0;200;0;
22927;11613139;1065558016;30019584;1208242176;0;0;0;0;0;0;0;0;0;0;0;2745;0;0;95;0;200;0;
22928;7141693;1065558016;30019584;1208242176;0;0;0;0;0;0;0;0;0;0;0;3516;0;0;95;0;200;0;
22929;7096809;1065558016;30019584;1208242176;0;0;0;0;0;0;0;0;0;0;0;4118;0;0;95;0;200;0;
22930;6924496;1065558016;30019584;1208242176;0;0;0;0;0;0;0;0;0;0;0;4318;0;0;95;0;200;0;
22931;7436887;1065558016;30019584;1208242176;0;0;0;0;0;0;0;0;0;0;0;3636;0;0;95;0;200;0;
22932;4809680;1065558016;30027776;1208250368;0;0;0;0;0;0;0;0;0;0;0;4478;0;0;95;0;200;0;
22933;8668637;1065558016;30027776;1208250368;0;0;0;0;0;0;0;0;0;0;0;3918;0;0;95;0;200;0;
22934;4802717;1065558016;30027776;1208250368;0;0;0;0;0;0;0;0;0;0;0;3908;0;0;95;0;200;0;
22935;7894355;1065558016;30027776;1208250368;0;0;0;0;0;0;0;0;0;0;0;3917;0;0;95;0;200;0;
22936;4429127;1065558016;30027776;1208250368;0;0;0;0;0;0;0;0;0;0;0;4458;0;0;95;0;200;0;
22937;7756657;1065558016;30027776;1208250368;0;0;0;0;0;0;0;0;0;0;0;3367;0;0;95;0;200;0;
22938;4860625;1065558016;30019584;1208242176;0;0;0;0;0;0;0;0;0;0;0;3296;0;0;95;0;200;0;
22939;7339955;1065558016;30019584;1208242176;0;0;0;0;0;0;0;0;0;0;0;4879;0;0;95;0;200;0;
22940;4981382;1065558016;30019584;1208242176;0;0;0;0;0;0;0;0;0;0;0;4539;0;0;95;0;200;0;
22941;6783983;1065558016;30019584;1208242176;0;0;0;0;0;0;0;0;0;0;0;3326;0;0;95;0;200;0;
22942;6072789;1065558016;30019584;1208242176;0;0;0;0;0;0;0;0;0;0;0;3336;0;0;95;0;200;0;
22943;5646299;1065558016;30019584;1208242176;0;0;0;0;0;0;0;0;0;0;0;3587;0;0;95;0;200;0;
22944;5033880;1065558016;30019584;1208242176;0;0;0;0;0;0;0;0;0;0;0;4348;0;0;95;0;200;0;
22945;7800760;1065558016;30019584;1208242176;0;0;0;0;0;0;0;0;0;0;0;3697;0;0;95;0;200;0;
22946;3536271;1065558016;30019584;1208242176;0;0;0;0;0;0;0;0;0;0;0;4458;0;0;95;0;200;0;
22947;7970047;1065558016;30019584;1208242176;0;0;0;0;0;0;0;0;0;0;0;4278;0;0;95;0;200;0;
22948;3333451;1065558016;30019584;1208242176;0;0;0;0;0;0;0;0;0;0;0;3517;0;0;95;0;200;0;
22949;7323936;1065558016;30019584;1208242176;0;0;0;0;0;0;0;0;0;0;0;4589;0;0;95;0;200;0;
22950;4663175;1065558016;30019584;1208242176;0;0;0;0;0;0;0;0;0;0;0;7775;0;0;95;0;200;0;
22951;8465045;1065558016;30019584;1208242176;0;0;0;0;0;0;0;0;0;0;0;3266;0;0;95;0;200;0;
22952;3763428;1065558016;30019584;1208242176;0;0;0;0;0;0;0;0;0;0;0;4478;0;0;95;0;200;0;
22953;7923440;1065558016;30019584;1208242176;0;0;0;0;0;0;0;0;0;0;0;3466;0;0;95;0;200;0;
22954;4891714;1065558016;30019584;1208242176;0;0;0;0;0;0;0;0;0;0;0;4168;0;0;95;0;200;0;
22955;7615993;1065558016;30019584;1208242176;0;0;0;0;0;0;0;0;0;0;0;4118;0;0;95;0;200;0;
22956;5503201;1065558016;30019584;1208242176;0;0;0;0;0;0;0;0;0;0;0;3066;0;0;95;0;200;0;
22957;6773863;1065558016;30019584;1208242176;0;0;0;0;0;0;0;0;0;0;0;2905;0;0;95;0;200;0;
22958;5334093;1065558016;30019584;1208242176;0;0;0;0;0;0;0;0;0;0;0;3697;0;0;95;0;200;0;
22959;5188942;1065558016;30019584;1208242176;0;0;0;0;0;0;0;0;0;0;0;2915;0;0;95;0;200;0;
22960;6307349;1065558016;30019584;1208242176;0;0;0;0;0;0;0;0;0;0;0;4529;0;0;95;0;200;0;
22961;5146792;1065558016;30019584;1208242176;0;0;0;0;0;0;0;0;0;0;0;3106;0;0;95;0;200;0;
22962;4929244;1065558016;30019584;1208242176;0;0;0;0;0;0;0;0;0;0;0;4859;0;0;95;0;200;0;
22963;7705351;1065558016;30019584;1208242176;0;0;0;0;0;0;0;0;0;0;0;3827;0;0;95;0;200;0;
22964;5417399;1065558016;30019584;1208242176;0;0;0;0;0;0;0;0;0;0;0;3747;0;0;95;0;200;0;
22965;7731560;1065558016;30019584;1208242176;0;0;0;0;0;0;0;0;0;0;0;4518;0;0;95;0;200;0;
22966;4357542;1065558016;30019584;1208242176;0;0;0;0;0;0;0;0;0;0;0;4097;0;0;95;0;200;0;
22967;8896374;1065558016;30019584;1208242176;0;0;0;0;0;0;0;0;0;0;0;5260;0;0;95;0;200;0;
22968;5545250;1065558016;30019584;1208242176;0;0;0;0;0;0;0;0;0;0;0;3256;0;0;95;0;200;0;
22969;7286976;1065558016;30019584;1208242176;0;0;0;0;0;0;0;0;0;0;0;5330;0;0;95;0;200;0;
22970;4512833;1065558016;30019584;1208242176;0;0;0;0;0;0;0;0;0;0;0;4048;0;0;95;0;200;0;
22971;5942355;1065558016;30019584;1208242176;0;0;0;0;0;0;0;0;0;0;0;4458;0;0;95;0;200;0;
22972;4908205;1065558016;30019584;1208242176;0;0;0;0;0;0;0;0;0;0;0;3757;0;0;95;0;200;0;
22973;7482072;1065558016;30019584;1208242176;0;0;0;0;0;0;0;0;0;0;0;3677;0;0;95;0;200;0;
22974;4290126;1065558016;30019584;1208242176;0;0;0;0;0;0;0;0;0;0;0;3497;0;0;95;0;200;0;
22975;8211660;1065558016;30019584;1208242176;0;0;0;0;0;0;0;0;0;0;0;4358;0;0;95;0;200;0;
22976;5692025;1065558016;30019584;1208242176;0;0;0;0;0;0;0;0;0;0;0;2775;0;0;95;0;200;0;
22977;7606886;1065558016;30019584;1208242176;0;0;0;0;0;0;0;0;0;0;0;3596;0;0;95;0;200;0;
22978;7567252;1065558016;30019584;1208242176;0;0;0;0;0;0;0;0;0;0;0;4519;0;0;95;0;200;0;
22979;8194047;1065558016;30019584;1208242176;0;0;0;0;0;0;0;0;0;0;0;4468;0;0;95;0;200;0;
22980;4216758;1065558016;30019584;1208242176;0;0;0;0;0;0;0;0;0;0;0;5149;0;0;95;0;200;0;
22981;6590229;1065558016;30019584;1208242176;0;0;0;0;0;0;0;0;0;0;0;4418;0;0;95;0;200;0;
22982;4136808;1065558016;30019584;1208242176;0;0;0;0;0;0;0;0;0;0;0;3307;0;0;95;0;200;0;
22983;6888038;1065558016;30019584;1208242176;0;0;0;0;0;0;0;0;0;0;0;4198;0;0;95;0;200;0;
22984;3670323;1065558016;30019584;1208242176;0;0;0;0;0;0;0;0;0;0;0;2945;0;0;95;0;200;0;
22985;7923309;1065558016;30019584;1208242176;0;0;0;0;0;0;0;0;0;0;0;3637;0;0;95;0;200;0;
22986;4924064;1065558016;30019584;1208242176;0;0;0;0;0;0;0;0;0;0;0;3146;0;0;95;0;200;0;
22987;6397988;1065558016;30019584;1208242176;0;0;0;0;0;0;0;0;0;0;0;3036;0;0;95;0;200;0;
22988;6667825;1065558016;30019584;1208242176;0;0;0;0;0;0;0;0;0;0;0;3426;0;0;95;0;200;0;
22989;7573022;1065558016;30019584;1208242176;0;0;0;0;0;0;0;0;0;0;0;3627;0;0;95;0;200;0;
22990;6096974;1065558016;30019584;1208242176;0;0;0;0;0;0;0;0;0;0;0;4017;0;0;95;0;200;0;
22991;6654450;1065558016;30019584;1208242176;0;0;0;0;0;0;0;0;0;0;0;2795;0;0;95;0;200;0;
22992;5610212;1065558016;30019584;1208242176;0;0;0;0;0;0;0;0;0;0;0;3848;0;0;95;0;200;0;
22993;7437689;1065558016;30019584;1208242176;0;0;0;0;0;0;0;0;0;0;0;3487;0;0;95;0;200;0;
22994;7008383;1065558016;30019584;1208242176;0;0;0;0;0;0;0;0;0;0;0;4449;0;0;95;0;200;0;
22995;6357412;1065558016;30019584;1208242176;0;0;0;0;0;0;0;0;0;0;0;3086;0;0;95;0;200;0;
22996;5358600;1065558016;30019584;1208242176;0;0;0;0;0;0;0;0;0;0;0;4158;0;0;95;0;200;0;
22997;5965508;1065558016;30019584;1208242176;0;0;0;0;0;0;0;0;0;0;0;3917;0;0;95;0;200;0;
22998;4834687;1065558016;30019584;1208242176;0;0;0;0;0;0;0;0;0;0;0;3607;0;0;95;0;200;0;
22999;9289251;1065558016;30019584;1208242176;0;0;0;0;0;0;0;0;0;0;0;4147;0;0;95;0;200;0;
23000;6378572;1065558016;30019584;1208242176;0;0;0;0;0;0;0;0;0;0;0;4398;0;0;95;0;200;0;
23001;7183121;1065558016;30019584;1208242176;0;0;0;0;0;0;0;0;0;0;0;3717;0;0;95;0;200;0;
23002;5262028;1065558016;30019584;1208242176;0;0;0;0;0;0;0;0;0;0;0;4769;0;0;95;0;200;0;
23003;7216444;1065558016;30019584;1208242176;0;0;0;0;0;0;0;0;0;0;0;3997;0;0;95;0;200;0;
23004;4576593;1065558016;30019584;1208242176;0;0;0;0;0;0;0;0;0;0;0;3798;0;0;95;0;200;0;
23005;9943517;1065558016;30019584;1208242176;0;0;0;0;0;0;0;0;0;0;0;4147;0;0;95;0;200;0;
23006;4544002;1065558016;30019584;1208242176;0;0;0;0;0;0;0;0;0;0;0;3176;0;0;95;0;200;0;
23007;6551536;1065558016;30019584;1208242176;0;0;0;0;0;0;0;0;0;0;0;3957;0;0;95;0;200;0;
23008;5830144;1065558016;30019584;1208242176;0;0;0;0;0;0;0;0;0;0;0;3517;0;0;95;0;200;0;
23009;6830760;1065558016;30019584;1208242176;0;0;0;0;0;0;0;0;0;0;0;3346;0;0;95;0;200;0;
23010;4484080;1065558016;30019584;1208242176;0;0;0;0;0;0;0;0;0;0;0;3748;0;0;95;0;200;0;
23011;6969270;1065558016;30019584;1208242176;0;0;0;0;0;0;0;0;0;0;0;3858;0;0;95;0;200;0;
23012;6178548;1065558016;30019584;1208242176;0;0;0;0;0;0;0;0;0;0;0;4739;0;0;95;0;200;0;
23013;6735732;1065558016;30019584;1208242176;0;0;0;0;0;0;0;0;0;0;0;2936;0;0;95;0;200;0;
23014;5623886;1065558016;30019584;1208242176;0;0;0;0;0;0;0;0;0;0;0;3356;0;0;95;0;200;0;
23015;6448494;1065558016;30019584;1208242176;0;0;0;0;0;0;0;0;0;0;0;4138;0;0;95;0;200;0;
23016;5244154;1065558016;30019584;1208242176;0;0;0;0;0;0;0;0;0;0;0;3767;0;0;95;0;200;0;
23017;10740442;1065558016;30019584;1208242176;0;0;0;0;0;0;0;0;0;0;0;4399;0;0;95;0;200;0;
23018;4688552;1065558016;30019584;1208242176;0;0;0;0;0;0;0;0;0;0;0;3637;0;0;95;0;200;0;
23019;10509459;1065558016;30019584;1208242176;0;0;0;0;0;0;0;0;0;0;0;4248;0;0;95;0;200;0;
23020;17062890;1065558016;30019584;1208242176;0;0;0;0;0;0;0;0;0;0;0;4017;0;0;95;0;200;0;
23021;8264760;1065558016;30019584;1208242176;0;0;0;0;0;0;0;0;0;0;0;2845;0;0;95;0;200;0;
23022;5766554;1065558016;30019584;1208242176;0;0;0;0;0;0;0;0;0;0;0;3717;0;0;95;0;200;0;
23023;6361591;1065558016;30019584;1208242176;0;0;0;0;0;0;0;0;0;0;0;3747;0;0;95;0;200;0;
23024;6955544;1065558016;30019584;1208242176;0;0;0;0;0;0;0;0;0;0;0;4348;0;0;95;0;200;0;
23025;8701419;1065558016;30019584;1208242176;0;0;0;0;0;0;0;0;0;0;0;4068;0;0;95;0;200;0;
23026;4538402;1065558016;30019584;1208242176;0;0;0;0;0;0;0;0;0;0;0;4268;0;0;95;0;200;0;
23027;6827043;1065558016;30019584;1208242176;0;0;0;0;0;0;0;0;0;0;0;2855;0;0;95;0;200;0;
23028;7282227;1065558016;30019584;1208242176;0;0;0;0;0;0;0;0;0;0;0;3276;0;0;95;0;200;0;
23029;6428276;1065558016;30019584;1208242176;0;0;0;0;0;0;0;0;0;0;0;3236;0;0;95;0;200;0;
23030;7098713;1065558016;30019584;1208242176;0;0;0;0;0;0;0;0;0;0;0;3307;0;0;95;0;200;0;
23031;4873099;1065558016;30019584;1208242176;0;0;0;0;0;0;0;0;0;0;0;2164;0;0;95;0;200;0;
23032;7537085;1065558016;30019584;1208242176;0;0;0;0;0;0;0;0;0;0;0;3767;0;0;95;0;200;0;
23033;6066698;1065558016;30019584;1208242176;0;0;0;0;0;0;0;0;0;0;0;3106;0;0;95;0;200;0;
23034;5448508;1065558016;30019584;1208242176;0;0;0;0;0;0;0;0;0;0;0;4829;0;0;95;0;200;0;
23035;8309563;1065558016;30019584;1208242176;0;0;0;0;0;0;0;0;0;0;0;4458;0;0;95;0;200;0;
23036;5224558;1065558016;30019584;1208242176;0;0;0;0;0;0;0;0;0;0;0;4288;0;0;95;0;200;0;
23037;8614686;1065558016;30019584;1208242176;0;0;0;0;0;0;0;0;0;0;0;3347;0;0;95;0;200;0;
23038;4447521;1065558016;30019584;1208242176;0;0;0;0;0;0;0;0;0;0;0;4408;0;0;95;0;200;0;
23039;8802168;1065558016;30019584;1208242176;0;0;0;0;0;0;0;0;0;0;0;3837;0;0;95;0;200;0;
23040;5888673;1065558016;30019584;1208242176;0;0;0;0;0;0;0;0;0;0;0;3427;0;0;95;0;200;0;
23041;8284497;1065558016;30019584;1208242176;0;0;0;0;0;0;0;0;0;0;0;3867;0;0;95;0;200;0;
23042;5258301;1065558016;30019584;1208242176;0;0;0;0;0;0;0;0;0;0;0;4508;0;0;95;0;200;0;
23043;8650022;1065558016;30019584;1208242176;0;0;0;0;0;0;0;0;0;0;0;4689;0;0;95;0;200;0;
23044;3882982;1065558016;30019584;1208242176;0;0;0;0;0;0;0;0;0;0;0;4057;0;0;95;0;200;0;
23045;8154844;1065558016;30019584;1208242176;0;0;0;0;0;0;0;0;0;0;0;2975;0;0;95;0;200;0;
23046;3900996;1065558016;30019584;1208242176;0;0;0;0;0;0;0;0;0;0;0;3616;0;0;95;0;200;0;
23047;8048464;1065558016;30019584;1208242176;0;0;0;0;0;0;0;0;0;0;0;3977;0;0;95;0;200;0;
23048;4968448;1065558016;30019584;1208242176;0;0;0;0;0;0;0;0;0;0;0;4398;0;0;95;0;200;0;
23049;6346422;1065558016;30019584;1208242176;0;0;0;0;0;0;0;0;0;0;0;4378;0;0;95;0;200;0;
23050;5506627;1065558016;30019584;1208242176;0;0;0;0;0;0;0;0;0;0;0;4218;0;0;95;0;200;0;
23051;6461588;1065558016;30019584;1208242176;0;0;0;0;0;0;0;0;0;0;0;4769;0;0;95;0;200;0;
23052;6144914;1065558016;30019584;1208242176;0;0;0;0;0;0;0;0;0;0;0;4900;0;0;95;0;200;0;
23053;6870124;1065558016;30019584;1208242176;0;0;0;0;0;0;0;0;0;0;0;2625;0;0;95;0;200;0;
23054;3981978;1065558016;30019584;1208242176;0;0;0;0;0;0;0;0;0;0;0;3166;0;0;95;0;200;0;
23055;7196447;1065558016;30019584;1208242176;0;0;0;0;0;0;0;0;0;0;0;3286;0;0;95;0;200;0;
23056;5898462;1065558016;30019584;1208242176;0;0;0;0;0;0;0;0;0;0;0;4137;0;0;95;0;200;0;
23057;5244245;1065558016;30019584;1208242176;0;0;0;0;0;0;0;0;0;0;0;2565;0;0;95;0;200;0;
23058;6154292;1065558016;30019584;1208242176;0;0;0;0;0;0;0;0;0;0;0;3527;0;0;95;0;200;0;
23059;6833355;1065558016;30019584;1208242176;0;0;0;0;0;0;0;0;0;0;0;3787;0;0;95;0;200;0;
23060;5812390;1065558016;30019584;1208242176;0;0;0;0;0;0;0;0;0;0;0;4147;0;0;95;0;200;0;
23061;7283029;1065558016;30019584;1208242176;0;0;0;0;0;0;0;0;0;0;0;3116;0;0;95;0;200;0;
23062;5952513;1065558016;30019584;1208242176;0;0;0;0;0;0;0;0;0;0;0;3767;0;0;95;0;200;0;
23063;6968147;1065558016;30019584;1208242176;0;0;0;0;0;0;0;0;0;0;0;4528;0;0;95;0;200;0;
23064;6563129;1065558016;30019584;1208242176;0;0;0;0;0;0;0;0;0;0;0;4789;0;0;95;0;200;0;
23065;7143045;1065558016;30019584;1208242176;0;0;0;0;0;0;0;0;0;0;0;3917;0;0;95;0;200;0;
23066;4537880;1065558016;30019584;1208242176;0;0;0;0;0;0;0;0;0;0;0;4499;0;0;95;0;200;0;
23067;7062134;1065558016;30019584;1208242176;0;0;0;0;0;0;0;0;0;0;0;2925;0;0;95;0;200;0;
23068;3425644;1065558016;30019584;1208242176;0;0;0;0;0;0;0;0;0;0;0;3166;0;0;95;0;200;0;
23069;7035775;1065558016;30019584;1208242176;0;0;0;0;0;0;0;0;0;0;0;3817;0;0;95;0;200;0;
23070;5799947;1065558016;30019584;1208242176;0;0;0;0;0;0;0;0;0;0;0;2965;0;0;95;0;200;0;
23071;7352769;1065558016;30019584;1208242176;0;0;0;0;0;0;0;0;0;0;0;4017;0;0;95;0;200;0;
23072;4856367;1065558016;30019584;1208242176;0;0;0;0;0;0;0;0;0;0;0;3317;0;0;95;0;200;0;
23073;6381778;1065558016;30019584;1208242176;0;0;0;0;0;0;0;0;0;0;0;2705;0;0;95;0;200;0;
23074;5185645;1065558016;30019584;1208242176;0;0;0;0;0;0;0;0;0;0;0;4097;0;0;95;0;200;0;
23075;5961710;1065558016;30019584;1208242176;0;0;0;0;0;0;0;0;0;0;0;3156;0;0;95;0;200;0;
23076;6399482;1065558016;30019584;1208242176;0;0;0;0;0;0;0;0;0;0;0;3126;0;0;95;0;200;0;
23077;7357167;1065558016;30019584;1208242176;0;0;0;0;0;0;0;0;0;0;0;3005;0;0;95;0;200;0;
23078;5709407;1065558016;30019584;1208242176;0;0;0;0;0;0;0;0;0;0;0;2665;0;0;95;0;200;0;
23079;7643405;1065558016;30019584;1208242176;0;0;0;0;0;0;0;0;0;0;0;3236;0;0;95;0;200;0;
23080;4853903;1065558016;30019584;1208242176;0;0;0;0;0;0;0;0;0;0;0;4028;0;0;95;0;200;0;
23081;8818448;1065558016;30019584;1208242176;0;0;0;0;0;0;0;0;0;0;0;3467;0;0;95;0;200;0;
23082;10434058;1065558016;30019584;1208242176;0;0;0;0;0;0;0;0;0;0;0;3807;0;0;95;0;200;0;
23083;7280494;1065558016;30019584;1208242176;0;0;0;0;0;0;0;0;0;0;0;4439;0;0;95;0;200;0;
23084;4894389;1065558016;30019584;1208242176;0;0;0;0;0;0;0;0;0;0;0;4097;0;0;95;0;200;0;
23085;6245733;1065558016;30019584;1208242176;0;0;0;0;0;0;0;0;0;0;0;3246;0;0;95;0;200;0;
23086;6947510;1065558016;30019584;1208242176;0;0;0;0;0;0;0;0;0;0;0;4329;0;0;95;0;200;0;
23087;6115549;1065558016;30019584;1208242176;0;0;0;0;0;0;0;0;0;0;0;2895;0;0;95;0;200;0;
23088;5134439;1065558016;30019584;1208242176;0;0;0;0;0;0;0;0;0;0;0;5089;0;0;95;0;200;0;
23089;7820616;1065558016;30019584;1208242176;0;0;0;0;0;0;0;0;0;0;0;3286;0;0;95;0;200;0;
23090;4591671;1065558016;30019584;1208242176;0;0;0;0;0;0;0;0;0;0;0;3155;0;0;95;0;200;0;
23091;7506338;1065558016;30019584;1208242176;0;0;0;0;0;0;0;0;0;0;0;4178;0;0;95;0;200;0;
23092;6842463;1065558016;30019584;1208242176;0;0;0;0;0;0;0;0;0;0;0;3246;0;0;95;0;200;0;
23093;8160815;1065558016;30019584;1208242176;0;0;0;0;0;0;0;0;0;0;0;3958;0;0;95;0;200;0;
23094;6923334;1065558016;30019584;1208242176;0;0;0;0;0;0;0;0;0;0;0;4188;0;0;95;0;200;0;
23095;7188111;1065558016;30019584;1208242176;0;0;0;0;0;0;0;0;0;0;0;3055;0;0;95;0;200;0;
23096;5603218;1065558016;30019584;1208242176;0;0;0;0;0;0;0;0;0;0;0;3707;0;0;95;0;200;0;
23097;8899189;1065558016;30019584;1208242176;0;0;0;0;0;0;0;0;0;0;0;3006;0;0;95;0;200;0;
23098;4627779;1065558016;30019584;1208242176;0;0;0;0;0;0;0;0;0;0;0;4609;0;0;95;0;200;0;
23099;9135834;1065558016;30019584;1208242176;0;0;0;0;0;0;0;0;0;0;0;5320;0;0;95;0;200;0;
23100;5641149;1065558016;30019584;1208242176;0;0;0;0;0;0;0;0;0;0;0;3797;0;0;95;0;200;0;
23101;5823010;1065558016;30019584;1208242176;0;0;0;0;0;0;0;0;0;0;0;3967;0;0;95;0;200;0;
23102;5470489;1065558016;30019584;1208242176;0;0;0;0;0;0;0;0;0;0;0;4699;0;0;95;0;200;0;
23103;6637227;1065558016;30019584;1208242176;0;0;0;0;0;0;0;0;0;0;0;2905;0;0;95;0;200;0;
23104;5064057;1065558016;30019584;1208242176;0;0;0;0;0;0;0;0;0;0;0;3978;0;0;95;0;200;0;
23105;5978683;1065558016;30019584;1208242176;0;0;0;0;0;0;0;0;0;0;0;3797;0;0;95;0;200;0;
23106;5965407;1065558016;30019584;1208242176;0;0;0;0;0;0;0;0;0;0;0;4408;0;0;95;0;200;0;
23107;6346853;1065558016;30019584;1208242176;0;0;0;0;0;0;0;0;0;0;0;2675;0;0;95;0;200;0;
23108;6310394;1065558016;30019584;1208242176;0;0;0;0;0;0;0;0;0;0;0;4118;0;0;95;0;200;0;
23109;8284547;1065558016;30019584;1208242176;0;0;0;0;0;0;0;0;0;0;0;4829;0;0;95;0;200;0;
23110;6977596;1065558016;30019584;1208242176;0;0;0;0;0;0;0;0;0;0;0;4168;0;0;95;0;200;0;
23111;7893444;1065558016;30019584;1208242176;0;0;0;0;0;0;0;0;0;0;0;4258;0;0;95;0;200;0;
23112;7532326;1065558016;30019584;1208242176;0;0;0;0;0;0;0;0;0;0;0;5410;0;0;95;0;200;0;
23113;10254051;1065558016;30019584;1208242176;0;0;0;0;0;0;0;0;0;0;0;3657;0;0;95;0;200;0;
23114;7305270;1065558016;30019584;1208242176;0;0;0;0;0;0;0;0;0;0;0;3957;0;0;95;0;200;0;
23115;9273752;1065558016;30019584;1208242176;0;0;0;0;0;0;0;0;0;0;0;3537;0;0;95;0;200;0;
23116;7873886;1065558016;30019584;1208242176;0;0;0;0;0;0;0;0;0;0;0;3807;0;0;95;0;200;0;
23117;8472580;1065558016;30019584;1208242176;0;0;0;0;0;0;0;0;0;0;0;3747;0;0;95;0;200;0;
23118;7376183;1065558016;30019584;1208242176;0;0;0;0;0;0;0;0;0;0;0;4448;0;0;95;0;200;0;
23119;7269823;1065558016;30019584;1208242176;0;0;0;0;0;0;0;0;0;0;0;3888;0;0;95;0;200;0;
23120;8546528;1065558016;30019584;1208242176;0;0;0;0;0;0;0;0;0;0;0;5481;0;0;95;0;200;0;
23121;6332266;1065558016;30019584;1208242176;0;0;0;0;0;0;0;0;0;0;0;4619;0;0;95;0;200;0;
23122;6601671;1065558016;30019584;1208242176;0;0;0;0;0;0;0;0;0;0;0;4338;0;0;95;0;200;0;
23123;10716878;1065558016;30019584;1208242176;0;0;0;0;0;0;0;0;0;0;0;5921;0;0;95;0;200;0;
23124;5423281;1065558016;30019584;1208242176;0;0;0;0;0;0;0;0;0;0;0;4498;0;0;95;0;200;0;
23125;9179716;1065558016;30019584;1208242176;0;0;0;0;0;0;0;0;0;0;0;4138;0;0;95;0;200;0;
23126;5422379;1065558016;30019584;1208242176;0;0;0;0;0;0;0;0;0;0;0;3667;0;0;95;0;200;0;
23127;9892281;1065558016;30019584;1208242176;0;0;0;0;0;0;0;0;0;0;0;3326;0;0;95;0;200;0;
23128;5507659;1065558016;30019584;1208242176;0;0;0;0;0;0;0;0;0;0;0;3226;0;0;95;0;200;0;
23129;9037539;1065558016;30019584;1208242176;0;0;0;0;0;0;0;0;0;0;0;3496;0;0;95;0;200;0;
23130;8274889;1065558016;30019584;1208242176;0;0;0;0;0;0;0;0;0;0;0;3877;0;0;95;0;200;0;
23131;7298176;1065558016;30019584;1208242176;0;0;0;0;0;0;0;0;0;0;0;3877;0;0;95;0;200;0;
23132;7990505;1065558016;30019584;1208242176;0;0;0;0;0;0;0;0;0;0;0;3968;0;0;95;0;200;0;
23133;9259274;1065558016;30019584;1208242176;0;0;0;0;0;0;0;0;0;0;0;4188;0;0;95;0;200;0;
23134;6454104;1065558016;30019584;1208242176;0;0;0;0;0;0;0;0;0;0;0;4037;0;0;95;0;200;0;
23135;8282683;1065558016;30019584;1208242176;0;0;0;0;0;0;0;0;0;0;0;3716;0;0;95;0;200;0;
23136;6239301;1065558016;30019584;1208242176;0;0;0;0;0;0;0;0;0;0;0;2565;0;0;95;0;200;0;
23137;9929181;1065558016;30019584;1208242176;0;0;0;0;0;0;0;0;0;0;0;5500;0;0;95;0;200;0;
23138;6425079;1065558016;30019584;1208242176;0;0;0;0;0;0;0;0;0;0;0;4128;0;0;95;0;200;0;
23139;8555414;1065558016;30019584;1208242176;0;0;0;0;0;0;0;0;0;0;0;3707;0;0;95;0;200;0;
23140;8191753;1065558016;30019584;1208242176;0;0;0;0;0;0;0;0;0;0;0;4078;0;0;95;0;200;0;
23141;9219470;1065558016;30019584;1208242176;0;0;0;0;0;0;0;0;0;0;0;6162;0;0;95;0;200;0;
23142;7598551;1065558016;30019584;1208242176;0;0;0;0;0;0;0;0;0;0;0;4439;0;0;95;0;200;0;
23143;8218323;1065558016;30019584;1208242176;0;0;0;0;0;0;0;0;0;0;0;3357;0;0;95;0;200;0;
23144;8446140;1065558016;30019584;1208242176;0;0;0;0;0;0;0;0;0;0;0;4729;0;0;95;0;200;0;
23145;9691385;1065558016;30019584;1208242176;0;0;0;0;0;0;0;0;0;0;0;3677;0;0;95;0;200;0;
23146;5951321;1065558016;30019584;1208242176;0;0;0;0;0;0;0;0;0;0;0;3828;0;0;95;0;200;0;
23147;8103447;1065558016;30019584;1208242176;0;0;0;0;0;0;0;0;0;0;0;5380;0;0;95;0;200;0;
23148;5330948;1065558016;30019584;1208242176;0;0;0;0;0;0;0;0;0;0;0;3507;0;0;95;0;200;0;
23149;8896985;1065558016;30019584;1208242176;0;0;0;0;0;0;0;0;0;0;0;3727;0;0;95;0;200;0;
23150;6549162;1065558016;30019584;1208242176;0;0;0;0;0;0;0;0;0;0;0;4018;0;0;95;0;200;0;
23151;8150245;1065558016;30019584;1208242176;0;0;0;0;0;0;0;0;0;0;0;3346;0;0;95;0;200;0;
23152;7510044;1065558016;30019584;1208242176;0;0;0;0;0;0;0;0;0;0;0;4489;0;0;95;0;200;0;
23153;8396326;1065558016;30019584;1208242176;0;0;0;0;0;0;0;0;0;0;0;4919;0;0;95;0;200;0;
23154;7370433;1065558016;30019584;1208242176;0;0;0;0;0;0;0;0;0;0;0;3788;0;0;95;0;200;0;
23155;8364948;1065558016;30019584;1208242176;0;0;0;0;0;0;0;0;0;0;0;3657;0;0;95;0;200;0;
23156;6040709;1065558016;30019584;1208242176;0;0;0;0;0;0;0;0;0;0;0;4388;0;0;95;0;200;0;
23157;7936334;1065558016;30019584;1208242176;0;0;0;0;0;0;0;0;0;0;0;4989;0;0;95;0;200;0;
23158;6934625;1065558016;30019584;1208242176;0;0;0;0;0;0;0;0;0;0;0;5060;0;0;95;0;200;0;
23159;7741068;1065558016;30019584;1208242176;0;0;0;0;0;0;0;0;0;0;0;3797;0;0;95;0;200;0;
23160;3264532;1065558016;30019584;1208242176;0;0;0;0;0;0;0;0;0;0;0;3727;0;0;95;0;200;0;
23161;6566425;1065558016;30019584;1208242176;0;0;0;0;0;0;0;0;0;0;0;2534;0;0;95;0;200;0;
23162;3314556;1065558016;30019584;1208242176;0;0;0;0;0;0;0;0;0;0;0;3146;0;0;95;0;200;0;
23163;4579949;1065558016;30019584;1208242176;0;0;0;0;0;0;0;0;0;0;0;2364;0;0;95;0;200;0;
23164;4664247;1065558016;30019584;1208242176;0;0;0;0;0;0;0;0;0;0;0;3356;0;0;95;0;200;0;
23165;5659614;1065558016;30019584;1208242176;0;0;0;0;0;0;0;0;0;0;0;2605;0;0;95;0;200;0;
23166;3408111;1065558016;30019584;1208242176;0;0;0;0;0;0;0;0;0;0;0;3607;0;0;95;0;200;0;
23167;7532216;1065558016;30019584;1208242176;0;0;0;0;0;0;0;0;0;0;0;2925;0;0;95;0;200;0;
23168;3736798;1065558016;30019584;1208242176;0;0;0;0;0;0;0;0;0;0;0;2905;0;0;95;0;200;0;
23169;5865810;1065558016;30019584;1208242176;0;0;0;0;0;0;0;0;0;0;0;2064;0;0;95;0;200;0;
23170;3545239;1065558016;30019584;1208242176;0;0;0;0;0;0;0;0;0;0;0;2975;0;0;95;0;200;0;
23171;6454675;1065558016;30019584;1208242176;0;0;0;0;0;0;0;0;0;0;0;2144;0;0;95;0;200;0;
23172;4223831;1065558016;30019584;1208242176;0;0;0;0;0;0;0;0;0;0;0;3156;0;0;95;0;200;0;
23173;6086444;1065558016;30019584;1208242176;0;0;0;0;0;0;0;0;0;0;0;2425;0;0;95;0;200;0;
23174;4607291;1065558016;30019584;1208242176;0;0;0;0;0;0;0;0;0;0;0;3155;0;0;95;0;200;0;
23175;5434602;1065558016;30019584;1208242176;0;0;0;0;0;0;0;0;0;0;0;2274;0;0;95;0;200;0;
23176;3805136;1065558016;30019584;1208242176;0;0;0;0;0;0;0;0;0;0;0;3717;0;0;95;0;200;0;
23177;6814791;1065558016;30019584;1208242176;0;0;0;0;0;0;0;0;0;0;0;2635;0;0;95;0;200;0;
23178;3945639;1065558016;30019584;1208242176;0;0;0;0;0;0;0;0;0;0;0;3246;0;0;95;0;200;0;
23179;6909198;1065558016;30019584;1208242176;0;0;0;0;0;0;0;0;0;0;0;3186;0;0;95;0;200;0;
23180;3117016;1065558016;30019584;1208242176;0;0;0;0;0;0;0;0;0;0;0;3547;0;0;95;0;200;0;
23181;5980475;1065558016;30019584;1208242176;0;0;0;0;0;0;0;0;0;0;0;3016;0;0;95;0;200;0;
23182;4612761;1065558016;30019584;1208242176;0;0;0;0;0;0;0;0;0;0;0;3296;0;0;95;0;200;0;
23183;6219464;1065558016;30019584;1208242176;0;0;0;0;0;0;0;0;0;0;0;2384;0;0;95;0;200;0;
23184;5510895;1065558016;30019584;1208242176;0;0;0;0;0;0;0;0;0;0;0;4248;0;0;95;0;200;0;
23185;6379113;1065558016;30019584;1208242176;0;0;0;0;0;0;0;0;0;0;0;3106;0;0;95;0;200;0;
23186;4487656;1065558016;30019584;1208242176;0;0;0;0;0;0;0;0;0;0;0;2905;0;0;95;0;200;0;
23187;6046559;1065558016;30019584;1208242176;0;0;0;0;0;0;0;0;0;0;0;2705;0;0;95;0;200;0;
23188;6680138;1065558016;30019584;1208242176;0;0;0;0;0;0;0;0;0;0;0;3687;0;0;95;0;200;0;
23189;5873004;1065558016;30019584;1208242176;0;0;0;0;0;0;0;0;0;0;0;2375;0;0;95;0;200;0;
23190;7404957;1065558016;30019584;1208242176;0;0;0;0;0;0;0;0;0;0;0;4248;0;0;95;0;200;0;
23191;5821257;1065558016;30019584;1208242176;0;0;0;0;0;0;0;0;0;0;0;3396;0;0;95;0;200;0;
23192;5989563;1065558016;30019584;1208242176;0;0;0;0;0;0;0;0;0;0;0;3938;0;0;95;0;200;0;
23193;7110495;1065558016;30019584;1208242176;0;0;0;0;0;0;0;0;0;0;0;20328;0;0;95;0;200;0;
23194;4125958;1065558016;30019584;1208242176;0;0;0;0;0;0;0;0;0;0;0;3757;0;0;95;0;200;0;
23195;7505826;1065558016;30019584;1208242176;0;0;0;0;0;0;0;0;0;0;0;3807;0;0;95;0;200;0;
23196;4801826;1065558016;30019584;1208242176;0;0;0;0;0;0;0;0;0;0;0;4599;0;0;95;0;200;0;
23197;7131725;1065558016;30019584;1208242176;0;0;0;0;0;0;0;0;0;0;0;4488;0;0;95;0;200;0;
23198;4789912;1065558016;30019584;1208242176;0;0;0;0;0;0;0;0;0;0;0;3697;0;0;95;0;200;0;
23199;7076511;1065558016;30019584;1208242176;0;0;0;0;0;0;0;0;0;0;0;3737;0;0;95;0;200;0;
23200;4430799;1065558016;30019584;1208242176;0;0;0;0;0;0;0;0;0;0;0;3797;0;0;95;0;200;0;
23201;7236852;1065558016;30019584;1208242176;0;0;0;0;0;0;0;0;0;0;0;4198;0;0;95;0;200;0;
23202;5280534;1065558016;30019584;1208242176;0;0;0;0;0;0;0;0;0;0;0;4158;0;0;95;0;200;0;
23203;7344504;1065558016;30019584;1208242176;0;0;0;0;0;0;0;0;0;0;0;4348;0;0;95;0;200;0;
23204;5218546;1065558016;30019584;1208242176;0;0;0;0;0;0;0;0;0;0;0;3987;0;0;95;0;200;0;
23205;7932938;1065558016;30019584;1208242176;0;0;0;0;0;0;0;0;0;0;0;4880;0;0;95;0;200;0;
23206;4386386;1065558016;30019584;1208242176;0;0;0;0;0;0;0;0;0;0;0;3647;0;0;95;0;200;0;
23207;7312964;1065558016;30019584;1208242176;0;0;0;0;0;0;0;0;0;0;0;5250;0;0;95;0;200;0;
23208;5436336;1065558016;30019584;1208242176;0;0;0;0;0;0;0;0;0;0;0;2925;0;0;95;0;200;0;
23209;6719231;1065558016;30019584;1208242176;0;0;0;0;0;0;0;0;0;0;0;4699;0;0;95;0;200;0;
23210;3992598;1065558016;30019584;1208242176;0;0;0;0;0;0;0;0;0;0;0;3687;0;0;95;0;200;0;
23211;7505155;1065558016;30019584;1208242176;0;0;0;0;0;0;0;0;0;0;0;3286;0;0;95;0;200;0;
23212;4807987;1065558016;30019584;1208242176;0;0;0;0;0;0;0;0;0;0;0;3276;0;0;95;0;200;0;
23213;6735070;1065558016;30019584;1208242176;0;0;0;0;0;0;0;0;0;0;0;2795;0;0;95;0;200;0;
23214;4610526;1065558016;30019584;1208242176;0;0;0;0;0;0;0;0;0;0;0;4268;0;0;95;0;200;0;
23215;6063381;1065558016;30019584;1208242176;0;0;0;0;0;0;0;0;0;0;0;2324;0;0;95;0;200;0;
23216;4492706;1065558016;30019584;1208242176;0;0;0;0;0;0;0;0;0;0;0;3346;0;0;95;0;200;0;
23217;6850046;1065558016;30019584;1208242176;0;0;0;0;0;0;0;0;0;0;0;2946;0;0;95;0;200;0;
23218;4286999;1065558016;30019584;1208242176;0;0;0;0;0;0;0;0;0;0;0;3526;0;0;95;0;200;0;
23219;7384399;1065558016;30019584;1208242176;0;0;0;0;0;0;0;0;0;0;0;2384;0;0;95;0;200;0;
23220;4089900;1065558016;30019584;1208242176;0;0;0;0;0;0;0;0;0;0;0;3146;0;0;95;0;200;0;
23221;5454239;1065558016;30019584;1208242176;0;0;0;0;0;0;0;0;0;0;0;2635;0;0;95;0;200;0;
23222;5179153;1065558016;30019584;1208242176;0;0;0;0;0;0;0;0;0;0;0;4218;0;0;95;0;200;0;
23223;5736609;1065558016;30019584;1208242176;0;0;0;0;0;0;0;0;0;0;0;3005;0;0;95;0;200;0;
23224;5283479;1065558016;30019584;1208242176;0;0;0;0;0;0;0;0;0;0;0;3196;0;0;95;0;200;0;
23225;6659038;1065558016;30019584;1208242176;0;0;0;0;0;0;0;0;0;0;0;3075;0;0;95;0;200;0;
23226;5660596;1065558016;30019584;1208242176;0;0;0;0;0;0;0;0;0;0;0;3807;0;0;95;0;200;0;
23227;6315023;1065558016;30019584;1208242176;0;0;0;0;0;0;0;0;0;0;0;2745;0;0;95;0;200;0;
23228;5823311;1065558016;30019584;1208242176;0;0;0;0;0;0;0;0;0;0;0;5270;0;0;95;0;200;0;
23229;6964311;1065558016;30019584;1208242176;0;0;0;0;0;0;0;0;0;0;0;2855;0;0;95;0;200;0;
23230;5104172;1065558016;30019584;1208242176;0;0;0;0;0;0;0;0;0;0;0;3988;0;0;95;0;200;0;
23231;6479451;1065558016;30019584;1208242176;0;0;0;0;0;0;0;0;0;0;0;3066;0;0;95;0;200;0;
23232;5461022;1065558016;30019584;1208242176;0;0;0;0;0;0;0;0;0;0;0;3978;0;0;95;0;200;0;
23233;5869477;1065558016;30019584;1208242176;0;0;0;0;0;0;0;0;0;0;0;2785;0;0;95;0;200;0;
23234;13337363;1065558016;30019584;1208242176;0;0;0;0;0;0;0;0;0;0;0;3116;0;0;95;0;200;0;
23235;7607156;1065558016;30019584;1208242176;0;0;0;0;0;0;0;0;0;0;0;2795;0;0;95;0;200;0;
23236;5922197;1065558016;30019584;1208242176;0;0;0;0;0;0;0;0;0;0;0;3115;0;0;95;0;200;0;
23237;6128894;1065558016;30019584;1208242176;0;0;0;0;0;0;0;0;0;0;0;3065;0;0;95;0;200;0;
23238;4811153;1065558016;30019584;1208242176;0;0;0;0;0;0;0;0;0;0;0;3436;0;0;95;0;200;0;
23239;6370267;1065558016;30019584;1208242176;0;0;0;0;0;0;0;0;0;0;0;3807;0;0;95;0;200;0;
23240;4497094;1065558016;30019584;1208242176;0;0;0;0;0;0;0;0;0;0;0;3647;0;0;95;0;200;0;
23241;6162477;1065558016;30019584;1208242176;0;0;0;0;0;0;0;0;0;0;0;2925;0;0;95;0;200;0;
23242;6452521;1065558016;30019584;1208242176;0;0;0;0;0;0;0;0;0;0;0;3005;0;0;95;0;200;0;
23243;5141813;1065558016;30019584;1208242176;0;0;0;0;0;0;0;0;0;0;0;2274;0;0;95;0;200;0;
23244;3967681;1065558016;30019584;1208242176;0;0;0;0;0;0;0;0;0;0;0;3787;0;0;95;0;200;0;
23245;7400900;1065558016;30019584;1208242176;0;0;0;0;0;0;0;0;0;0;0;3507;0;0;95;0;200;0;
23246;4165381;1065558016;30019584;1208242176;0;0;0;0;0;0;0;0;0;0;0;4599;0;0;95;0;200;0;
23247;6581543;1065558016;30019584;1208242176;0;0;0;0;0;0;0;0;0;0;0;3246;0;0;95;0;200;0;
23248;4721004;1065558016;30019584;1208242176;0;0;0;0;0;0;0;0;0;0;0;3918;0;0;95;0;200;0;
23249;5694128;1065558016;30019584;1208242176;0;0;0;0;0;0;0;0;0;0;0;2024;0;0;95;0;200;0;
23250;4196039;1065558016;30019584;1208242176;0;0;0;0;0;0;0;0;0;0;0;42480;0;0;95;0;200;0;
23251;6442192;1065558016;30019584;1208242176;0;0;0;0;0;0;0;0;0;0;0;2364;0;0;95;0;200;0;
23252;3324996;1065558016;30019584;1208242176;0;0;0;0;0;0;0;0;0;0;0;3356;0;0;95;0;200;0;
23253;4704202;1065558016;30019584;1208242176;0;0;0;0;0;0;0;0;0;0;0;2394;0;0;95;0;200;0;
23254;5683990;1065558016;30019584;1208242176;0;0;0;0;0;0;0;0;0;0;0;3156;0;0;95;0;200;0;
23255;7179535;1065558016;30019584;1208242176;0;0;0;0;0;0;0;0;0;0;0;3917;0;0;95;0;200;0;
23256;4223671;1065558016;30019584;1208242176;0;0;0;0;0;0;0;0;0;0;0;4348;0;0;95;0;200;0;
23257;5964887;1065558016;30019584;1208242176;0;0;0;0;0;0;0;0;0;0;0;3366;0;0;95;0;200;0;
23258;5145099;1065558016;30019584;1208242176;0;0;0;0;0;0;0;0;0;0;0;3546;0;0;95;0;200;0;
23259;5187438;1065558016;30019584;1208242176;0;0;0;0;0;0;0;0;0;0;0;2655;0;0;95;0;200;0;
23260;5328453;1065558016;30019584;1208242176;0;0;0;0;0;0;0;0;0;0;0;4298;0;0;95;0;200;0;
23261;7725929;1065558016;30019584;1208242176;0;0;0;0;0;0;0;0;0;0;0;3196;0;0;95;0;200;0;
23262;3794206;1065558016;30019584;1208242176;0;0;0;0;0;0;0;0;0;0;0;3477;0;0;95;0;200;0;
23263;7741598;1065558016;30019584;1208242176;0;0;0;0;0;0;0;0;0;0;0;3005;0;0;95;0;200;0;
23264;5046915;1065558016;30019584;1208242176;0;0;0;0;0;0;0;0;0;0;0;4158;0;0;95;0;200;0;
23265;7111767;1065558016;30019584;1208242176;0;0;0;0;0;0;0;0;0;0;0;3206;0;0;95;0;200;0;
23266;6034637;1065558016;30019584;1208242176;0;0;0;0;0;0;0;0;0;0;0;61595;0;0;95;0;200;0;
23267;5465309;1065558016;30019584;1208242176;0;0;0;0;0;0;0;0;0;0;0;3056;0;0;95;0;200;0;
23268;6249440;1065558016;30019584;1208242176;0;0;0;0;0;0;0;0;0;0;0;4369;0;0;95;0;200;0;
23269;6179809;1065558016;30019584;1208242176;0;0;0;0;0;0;0;0;0;0;0;2224;0;0;95;0;200;0;
23270;5023631;1065558016;30019584;1208242176;0;0;0;0;0;0;0;0;0;0;0;3387;0;0;95;0;200;0;
23271;6452240;1065558016;30019584;1208242176;0;0;0;0;0;0;0;0;0;0;0;2796;0;0;95;0;200;0;
23272;4987674;1065558016;30019584;1208242176;0;0;0;0;0;0;0;0;0;0;0;3346;0;0;95;0;200;0;
23273;6220525;1065558016;30019584;1208242176;0;0;0;0;0;0;0;0;0;0;0;3467;0;0;95;0;200;0;
23274;3707082;1065558016;30019584;1208242176;0;0;0;0;0;0;0;0;0;0;0;3226;0;0;95;0;200;0;
23275;7860772;1065558016;30019584;1208242176;0;0;0;0;0;0;0;0;0;0;0;2595;0;0;95;0;200;0;
23276;3564184;1065558016;30019584;1208242176;0;0;0;0;0;0;0;0;0;0;0;3707;0;0;95;0;200;0;
23277;6056619;1065558016;30019584;1208242176;0;0;0;0;0;0;0;0;0;0;0;2765;0;0;95;0;200;0;
23278;6498356;1065558016;30019584;1208242176;0;0;0;0;0;0;0;0;0;0;0;3717;0;0;95;0;200;0;
23279;6500882;1065558016;30019584;1208242176;0;0;0;0;0;0;0;0;0;0;0;2835;0;0;95;0;200;0;
23280;7586047;1065558016;30019584;1208242176;0;0;0;0;0;0;0;0;0;0;0;4168;0;0;95;0;200;0;
23281;6044306;1065558016;30019584;1208242176;0;0;0;0;0;0;0;0;0;0;0;3296;0;0;95;0;200;0;
23282;6191632;1065558016;30019584;1208242176;0;0;0;0;0;0;0;0;0;0;0;4088;0;0;95;0;200;0;
23283;7078555;1065558016;30019584;1208242176;0;0;0;0;0;0;0;0;0;0;0;2856;0;0;95;0;200;0;
23284;5202427;1065558016;30019584;1208242176;0;0;0;0;0;0;0;0;0;0;0;3777;0;0;95;0;200;0;
23285;6875955;1065558016;30019584;1208242176;0;0;0;0;0;0;0;0;0;0;0;3687;0;0;95;0;200;0;
23286;5591516;1065558016;30019584;1208242176;0;0;0;0;0;0;0;0;0;0;0;4950;0;0;95;0;200;0;
23287;6586092;1065558016;30019584;1208242176;0;0;0;0;0;0;0;0;0;0;0;2525;0;0;95;0;200;0;
23288;6058192;1065558016;30019584;1208242176;0;0;0;0;0;0;0;0;0;0;0;4068;0;0;95;0;200;0;
23289;6461438;1065558016;30019584;1208242176;0;0;0;0;0;0;0;0;0;0;0;3026;0;0;95;0;200;0;
23290;4676851;1065558016;30019584;1208242176;0;0;0;0;0;0;0;0;0;0;0;3406;0;0;95;0;200;0;
23291;5997258;1065558016;30019584;1208242176;0;0;0;0;0;0;0;0;0;0;0;2054;0;0;95;0;200;0;
23292;6265019;1065558016;30019584;1208242176;0;0;0;0;0;0;0;0;0;0;0;3636;0;0;95;0;200;0;
23293;5134008;1065558016;30019584;1208242176;0;0;0;0;0;0;0;0;0;0;0;2955;0;0;95;0;200;0;
23294;5352307;1065558016;30019584;1208242176;0;0;0;0;0;0;0;0;0;0;0;3407;0;0;95;0;200;0;
23295;7016379;1065558016;30019584;1208242176;0;0;0;0;0;0;0;0;0;0;0;3216;0;0;95;0;200;0;
23296;6479752;1065558016;30019584;1208242176;0;0;0;0;0;0;0;0;0;0;0;5481;0;0;95;0;200;0;
23297;7192249;1065558016;30019584;1208242176;0;0;0;0;0;0;0;0;0;0;0;3507;0;0;95;0;200;0;
23298;3915914;1065558016;30019584;1208242176;0;0;0;0;0;0;0;0;0;0;0;4158;0;0;95;0;200;0;
23299;6877989;1065558016;30019584;1208242176;0;0;0;0;0;0;0;0;0;0;0;3387;0;0;95;0;200;0;
23300;3290261;1065558016;30019584;1208242176;0;0;0;0;0;0;0;0;0;0;0;3667;0;0;95;0;200;0;
23301;5220060;1065558016;30019584;1208242176;0;0;0;0;0;0;0;0;0;0;0;2304;0;0;95;0;200;0;
23302;7915054;1065558016;30019584;1208242176;0;0;0;0;0;0;0;0;0;0;0;34324;0;0;95;0;200;0;
23303;6144693;1065558016;30019584;1208242176;0;0;0;0;0;0;0;0;0;0;0;3115;0;0;95;0;200;0;
23304;6710355;1065558016;30019584;1208242176;0;0;0;0;0;0;0;0;0;0;0;8967;0;0;95;0;200;0;
23305;9106347;1065558016;30019584;1208242176;0;0;0;0;0;0;0;0;0;0;0;3367;0;0;95;0;200;0;
23306;4556175;1065558016;30019584;1208242176;0;0;0;0;0;0;0;0;0;0;0;4258;0;0;95;0;200;0;
23307;7228847;1065558016;30019584;1208242176;0;0;0;0;0;0;0;0;0;0;0;3847;0;0;95;0;200;0;
23308;4509778;1065558016;30019584;1208242176;0;0;0;0;0;0;0;0;0;0;0;3527;0;0;95;0;200;0;
23309;6062961;1065558016;30019584;1208242176;0;0;0;0;0;0;0;0;0;0;0;2876;0;0;95;0;200;0;
23310;5257831;1065558016;30019584;1208242176;0;0;0;0;0;0;0;0;0;0;0;3237;0;0;95;0;200;0;
23311;6067949;1065558016;30019584;1208242176;0;0;0;0;0;0;0;0;0;0;0;3015;0;0;95;0;200;0;
23312;6191051;1065558016;30019584;1208242176;0;0;0;0;0;0;0;0;0;0;0;4167;0;0;95;0;200;0;
23313;6969009;1065558016;30019584;1208242176;0;0;0;0;0;0;0;0;0;0;0;3266;0;0;95;0;200;0;
23314;6292000;1065558016;30019584;1208242176;0;0;0;0;0;0;0;0;0;0;0;5481;0;0;95;0;200;0;
23315;7110996;1065558016;30019584;1208242176;0;0;0;0;0;0;0;0;0;0;0;89598;0;0;95;0;200;0;
23316;5756245;1065558016;30019584;1208242176;0;0;0;0;0;0;0;0;0;0;0;2675;0;0;95;0;200;0;
23317;6298301;1065558016;30019584;1208242176;0;0;0;0;0;0;0;0;0;0;0;2615;0;0;95;0;200;0;
23318;7887031;1065558016;30019584;1208242176;0;0;0;0;0;0;0;0;0;0;0;3597;0;0;95;0;200;0;
23319;7409636;1065558016;30019584;1208242176;0;0;0;0;0;0;0;0;0;0;0;3577;0;0;95;0;200;0;
23320;5579904;1065558016;30019584;1208242176;0;0;0;0;0;0;0;0;0;0;0;4509;0;0;95;0;200;0;
23321;8333018;1065558016;30019584;1208242176;0;0;0;0;0;0;0;0;0;0;0;3506;0;0;95;0;200;0;
23322;4903596;1065558016;30019584;1208242176;0;0;0;0;0;0;0;0;0;0;0;3968;0;0;95;0;200;0;
23323;7950279;1065558016;30019584;1208242176;0;0;0;0;0;0;0;0;0;0;0;4358;0;0;95;0;200;0;
23324;4254438;1065558016;30019584;1208242176;0;0;0;0;0;0;0;0;0;0;0;3566;0;0;95;0;200;0;
23325;6670890;1065558016;30019584;1208242176;0;0;0;0;0;0;0;0;0;0;0;3036;0;0;95;0;200;0;
23326;5772165;1065558016;30019584;1208242176;0;0;0;0;0;0;0;0;0;0;0;3006;0;0;95;0;200;0;
23327;7265525;1065558016;30019584;1208242176;0;0;0;0;0;0;0;0;0;0;0;4078;0;0;95;0;200;0;
23328;6225926;1065558016;30019584;1208242176;0;0;0;0;0;0;0;0;0;0;0;5060;0;0;95;0;200;0;
23329;7531545;1065558016;30019584;1208242176;0;0;0;0;0;0;0;0;0;0;0;3807;0;0;95;0;200;0;
23330;5060500;1065558016;30019584;1208242176;0;0;0;0;0;0;0;0;0;0;0;3417;0;0;95;0;200;0;
23331;6717407;1065558016;30019584;1208242176;0;0;0;0;0;0;0;0;0;0;0;4599;0;0;95;0;200;0;
23332;6078018;1065558016;30019584;1208242176;0;0;0;0;0;0;0;0;0;0;0;3897;0;0;95;0;200;0;
23333;9251480;1065558016;30019584;1208242176;0;0;0;0;0;0;0;0;0;0;0;3236;0;0;95;0;200;0;
23334;5300010;1065558016;30019584;1208242176;0;0;0;0;0;0;0;0;0;0;0;4047;0;0;95;0;200;0;
23335;7824604;1065558016;30019584;1208242176;0;0;0;0;0;0;0;0;0;0;0;3797;0;0;95;0;200;0;
23336;4491353;1065558016;30019584;1208242176;0;0;0;0;0;0;0;0;0;0;0;4058;0;0;95;0;200;0;
23337;6850959;1065558016;30019584;1208242176;0;0;0;0;0;0;0;0;0;0;0;3517;0;0;95;0;200;0;
23338;5710480;1065558016;30019584;1208242176;0;0;0;0;0;0;0;0;0;0;0;4719;0;0;95;0;200;0;
23339;6521971;1065558016;30019584;1208242176;0;0;0;0;0;0;0;0;0;0;0;3306;0;0;95;0;200;0;
23340;5123539;1065558016;30019584;1208242176;0;0;0;0;0;0;0;0;0;0;0;4468;0;0;95;0;200;0;
23341;7333313;1065558016;30019584;1208242176;0;0;0;0;0;0;0;0;0;0;0;3647;0;0;95;0;200;0;
23342;4152828;1065558016;30019584;1208242176;0;0;0;0;0;0;0;0;0;0;0;4168;0;0;95;0;200;0;
23343;6143812;1065558016;30019584;1208242176;0;0;0;0;0;0;0;0;0;0;0;2805;0;0;95;0;200;0;
23344;5909021;1065558016;30019584;1208242176;0;0;0;0;0;0;0;0;0;0;0;3136;0;0;95;0;200;0;
23345;5527576;1065558016;30019584;1208242176;0;0;0;0;0;0;0;0;0;0;0;3487;0;0;95;0;200;0;
23346;5675684;1065558016;30019584;1208242176;0;0;0;0;0;0;0;0;0;0;0;4198;0;0;95;0;200;0;
23347;7217095;1065558016;30019584;1208242176;0;0;0;0;0;0;0;0;0;0;0;4218;0;0;95;0;200;0;
23348;3584943;1065558016;30019584;1208242176;0;0;0;0;0;0;0;0;0;0;0;4909;0;0;95;0;200;0;
23349;8216289;1065558016;30019584;1208242176;0;0;0;0;0;0;0;0;0;0;0;3697;0;0;95;0;200;0;
23350;4254759;1065558016;30019584;1208242176;0;0;0;0;0;0;0;0;0;0;0;3186;0;0;95;0;200;0;
23351;7100716;1065558016;30019584;1208242176;0;0;0;0;0;0;0;0;0;0;0;4358;0;0;95;0;200;0;
23352;4253827;1065558016;30019584;1208242176;0;0;0;0;0;0;0;0;0;0;0;3447;0;0;95;0;200;0;
23353;7271537;1065558016;30019584;1208242176;0;0;0;0;0;0;0;0;0;0;0;3927;0;0;95;0;200;0;
23354;3793094;1065558016;30019584;1208242176;0;0;0;0;0;0;0;0;0;0;0;5129;0;0;95;0;200;0;
23355;5929370;1065558016;30019584;1208242176;0;0;0;0;0;0;0;0;0;0;0;3276;0;0;95;0;200;0;
23356;6241526;1065558016;30019584;1208242176;0;0;0;0;0;0;0;0;0;0;0;4188;0;0;95;0;200;0;
23357;7421178;1065558016;30019584;1208242176;0;0;0;0;0;0;0;0;0;0;0;2835;0;0;95;0;200;0;
23358;5835032;1065558016;30019584;1208242176;0;0;0;0;0;0;0;0;0;0;0;4058;0;0;95;0;200;0;
23359;5833941;1065558016;30019584;1208242176;0;0;0;0;0;0;0;0;0;0;0;3607;0;0;95;0;200;0;
23360;5270253;1065558016;30019584;1208242176;0;0;0;0;0;0;0;0;0;0;0;4418;0;0;95;0;200;0;
23361;7843610;1065558016;30019584;1208242176;0;0;0;0;0;0;0;0;0;0;0;4358;0;0;95;0;200;0;
23362;4212871;1065558016;30019584;1208242176;0;0;0;0;0;0;0;0;0;0;0;5009;0;0;95;0;200;0;
23363;7355174;1065558016;30019584;1208242176;0;0;0;0;0;0;0;0;0;0;0;3637;0;0;95;0;200;0;
23364;4997041;1065558016;30019584;1208242176;0;0;0;0;0;0;0;0;0;0;0;4298;0;0;95;0;200;0;
23365;7172992;1065558016;30019584;1208242176;0;0;0;0;0;0;0;0;0;0;0;3276;0;0;95;0;200;0;
23366;3805427;1065558016;30019584;1208242176;0;0;0;0;0;0;0;0;0;0;0;3867;0;0;95;0;200;0;
23367;6829838;1065558016;30019584;1208242176;0;0;0;0;0;0;0;0;0;0;0;3396;0;0;95;0;200;0;
23368;5210411;1065558016;30019584;1208242176;0;0;0;0;0;0;0;0;0;0;0;4318;0;0;95;0;200;0;
23369;6627309;1065558016;30019584;1208242176;0;0;0;0;0;0;0;0;0;0;0;3266;0;0;95;0;200;0;
23370;8547249;1065558016;30019584;1208242176;0;0;0;0;0;0;0;0;0;0;0;4448;0;0;95;0;200;0;
23371;6986052;1065558016;30019584;1208242176;0;0;0;0;0;0;0;0;0;0;0;3497;0;0;95;0;200;0;
23372;6235294;1065558016;30019584;1208242176;0;0;0;0;0;0;0;0;0;0;0;3206;0;0;95;0;200;0;
23373;6115710;1065558016;30019584;1208242176;0;0;0;0;0;0;0;0;0;0;0;3587;0;0;95;0;200;0;
23374;6521941;1065558016;30019584;1208242176;0;0;0;0;0;0;0;0;0;0;0;3687;0;0;95;0;200;0;
23375;8079021;1065558016;30019584;1208242176;0;0;0;0;0;0;0;0;0;0;0;3847;0;0;95;0;200;0;
23376;6297981;1065558016;30019584;1208242176;0;0;0;0;0;0;0;0;0;0;0;4238;0;0;95;0;200;0;
23377;7997228;1065558016;30019584;1208242176;0;0;0;0;0;0;0;0;0;0;0;3847;0;0;95;0;200;0;
23378;5087501;1065558016;30019584;1208242176;0;0;0;0;0;0;0;0;0;0;0;5190;0;0;95;0;200;0;
23379;9143457;1065558016;30019584;1208242176;0;0;0;0;0;0;0;0;0;0;0;4578;0;0;95;0;200;0;
23380;5642852;1065558016;30019584;1208242176;0;0;0;0;0;0;0;0;0;0;0;4208;0;0;95;0;200;0;
23381;9529782;1065558016;30019584;1208242176;0;0;0;0;0;0;0;0;0;0;0;4048;0;0;95;0;200;0;
23382;8303702;1065558016;30019584;1208242176;0;0;0;0;0;0;0;0;0;0;0;4458;0;0;95;0;200;0;
23383;6225185;1065558016;30019584;1208242176;0;0;0;0;0;0;0;0;0;0;0;3557;0;0;95;0;200;0;
23384;7719847;1065558016;30019584;1208242176;0;0;0;0;0;0;0;0;0;0;0;4959;0;0;95;0;200;0;
23385;7323094;1065558016;30019584;1208242176;0;0;0;0;0;0;0;0;0;0;0;2895;0;0;95;0;200;0;
23386;7614591;1065558016;30019584;1208242176;0;0;0;0;0;0;0;0;0;0;0;3787;0;0;95;0;200;0;
23387;6228311;1065558016;30019584;1208242176;0;0;0;0;0;0;0;0;0;0;0;2736;0;0;95;0;200;0;
23388;6557387;1065558016;30019584;1208242176;0;0;0;0;0;0;0;0;0;0;0;7895;0;0;95;0;200;0;
23389;7803374;1065558016;30019584;1208242176;0;0;0;0;0;0;0;0;0;0;0;3727;0;0;95;0;200;0;
23390;8340832;1065558016;30019584;1208242176;0;0;0;0;0;0;0;0;0;0;0;158928;0;0;95;0;200;0;
23391;8699274;1065558016;30019584;1208242176;0;0;0;0;0;0;0;0;0;0;0;4418;0;0;95;0;200;0;
23392;5136553;1065558016;30019584;1208242176;0;0;0;0;0;0;0;0;0;0;0;3266;0;0;95;0;200;0;
23393;7400979;1065558016;30019584;1208242176;0;0;0;0;0;0;0;0;0;0;0;3767;0;0;95;0;200;0;
23394;10917094;1065558016;30019584;1208242176;0;0;0;0;0;0;0;0;0;0;0;4439;0;0;95;0;200;0;
23395;10248630;1065558016;30019584;1208242176;0;0;0;0;0;0;0;0;0;0;0;2314;0;0;95;0;200;0;
23396;6265841;1065558016;30019584;1208242176;0;0;0;0;0;0;0;0;0;0;0;3717;0;0;95;0;200;0;
23397;8051980;1065558016;30019584;1208242176;0;0;0;0;0;0;0;0;0;0;0;3266;0;0;95;0;200;0;
23398;7671386;1065558016;30019584;1208242176;0;0;0;0;0;0;0;0;0;0;0;3066;0;0;95;0;200;0;
23399;7510535;1065558016;30019584;1208242176;0;0;0;0;0;0;0;0;0;0;0;2645;0;0;95;0;200;0;
23400;9546564;1065558016;30019584;1208242176;0;0;0;0;0;0;0;0;0;0;0;3567;0;0;95;0;200;0;
23401;10022075;1065558016;30019584;1208242176;0;0;0;0;0;0;0;0;0;0;0;4939;0;0;95;0;200;0;
23402;9746729;1065558016;30027776;1208250368;0;0;0;0;0;0;0;0;0;0;0;3125;0;0;95;0;200;0;
23403;7568293;1065558016;30027776;1208250368;0;0;0;0;0;0;0;0;0;0;0;5019;0;0;95;0;200;0;
23404;9089245;1065558016;30027776;1208250368;0;0;0;0;0;0;0;0;0;0;0;6122;0;0;95;0;200;0;
23405;7781814;1065558016;30027776;1208250368;0;0;0;0;0;0;0;0;0;0;0;4038;0;0;95;0;200;0;
23406;7485648;1065558016;30027776;1208250368;0;0;0;0;0;0;0;0;0;0;0;3557;0;0;95;0;200;0;
23407;9252712;1065558016;30027776;1208250368;0;0;0;0;0;0;0;0;0;0;0;4438;0;0;95;0;200;0;
23408;8572307;1065558016;30019584;1208242176;0;0;0;0;0;0;0;0;0;0;0;4278;0;0;95;0;200;0;
23409;9901439;1065558016;30019584;1208242176;0;0;0;0;0;0;0;0;0;0;0;4609;0;0;95;0;200;0;
23410;7275695;1065558016;30019584;1208242176;0;0;0;0;0;0;0;0;0;0;0;4138;0;0;95;0;200;0;
23411;5688017;1065558016;30019584;1208242176;0;0;0;0;0;0;0;0;0;0;0;3427;0;0;95;0;200;0;
23412;8010763;1065558016;30019584;1208242176;0;0;0;0;0;0;0;0;0;0;0;3697;0;0;95;0;200;0;
23413;9926425;1065558016;30019584;1208242176;0;0;0;0;0;0;0;0;0;0;0;3737;0;0;95;0;200;0;
23414;6263968;1065558016;30019584;1208242176;0;0;0;0;0;0;0;0;0;0;0;3497;0;0;95;0;200;0;
23415;8625937;1065558016;30019584;1208242176;0;0;0;0;0;0;0;0;0;0;0;4619;0;0;95;0;200;0;
23416;6388030;1065558016;30019584;1208242176;0;0;0;0;0;0;0;0;0;0;0;4768;0;0;95;0;200;0;
23417;10710717;1065558016;30019584;1208242176;0;0;0;0;0;0;0;0;0;0;0;2916;0;0;95;0;200;0;
23418;6958159;1065558016;30019584;1208242176;0;0;0;0;0;0;0;0;0;0;0;3626;0;0;95;0;200;0;
23419;6154592;1065558016;30019584;1208242176;0;0;0;0;0;0;0;0;0;0;0;3827;0;0;95;0;200;0;
23420;9746048;1065558016;30019584;1208242176;0;0;0;0;0;0;0;0;0;0;0;10680;0;0;95;0;200;0;
23421;9856174;1065558016;30019584;1208242176;0;0;0;0;0;0;0;0;0;0;0;4558;0;0;95;0;200;0;
23422;8443876;1065558016;30019584;1208242176;0;0;0;0;0;0;0;0;0;0;0;4438;0;0;95;0;200;0;
23423;11627977;1065558016;30019584;1208242176;0;0;0;0;0;0;0;0;0;0;0;6062;0;0;95;0;200;0;
23424;6911632;1065558016;30019584;1208242176;0;0;0;0;0;0;0;0;0;0;0;4799;0;0;95;0;200;0;
23425;9433010;1065558016;30019584;1208242176;0;0;0;0;0;0;0;0;0;0;0;4238;0;0;95;0;200;0;
23426;8759798;1065558016;30019584;1208242176;0;0;0;0;0;0;0;0;0;0;0;3186;0;0;95;0;200;0;
23427;10315476;1065558016;30019584;1208242176;0;0;0;0;0;0;0;0;0;0;0;7313;0;0;95;0;200;0;
23428;9290453;1065558016;30019584;1208242176;0;0;0;0;0;0;0;0;0;0;0;4709;0;0;95;0;200;0;
23429;10153402;1065558016;30019584;1208242176;0;0;0;0;0;0;0;0;0;0;0;4839;0;0;95;0;200;0;
23430;9393877;1065558016;30019584;1208242176;0;0;0;0;0;0;0;0;0;0;0;4559;0;0;95;0;200;0;
23431;10206071;1065558016;30019584;1208242176;0;0;0;0;0;0;0;0;0;0;0;3536;0;0;95;0;200;0;
23432;7324246;1065558016;30019584;1208242176;0;0;0;0;0;0;0;0;0;0;0;3066;0;0;95;0;200;0;
23433;8013068;1065558016;30019584;1208242176;0;0;0;0;0;0;0;0;0;0;0;7434;0;0;95;0;200;0;
23434;7600063;1065558016;30019584;1208242176;0;0;0;0;0;0;0;0;0;0;0;4528;0;0;95;0;200;0;
23435;9474017;1065558016;30019584;1208242176;0;0;0;0;0;0;0;0;0;0;0;3677;0;0;95;0;200;0;
23436;7655637;1065558016;30019584;1208242176;0;0;0;0;0;0;0;0;0;0;0;5049;0;0;95;0;200;0;
23437;9648274;1065558016;30019584;1208242176;0;0;0;0;0;0;0;0;0;0;0;4258;0;0;95;0;200;0;
23438;8368925;1065558016;30019584;1208242176;0;0;0;0;0;0;0;0;0;0;0;4879;0;0;95;0;200;0;
23439;8392670;1065558016;30019584;1208242176;0;0;0;0;0;0;0;0;0;0;0;3857;0;0;95;0;200;0;
23440;8069864;1065558016;30019584;1208242176;0;0;0;0;0;0;0;0;0;0;0;3667;0;0;95;0;200;0;
23441;10090193;1065558016;30019584;1208242176;0;0;0;0;0;0;0;0;0;0;0;3416;0;0;95;0;200;0;
23442;9695562;1065558016;30019584;1208242176;0;0;0;0;0;0;0;0;0;0;0;4168;0;0;95;0;200;0;
23443;11551543;1065558016;30019584;1208242176;0;0;0;0;0;0;0;0;0;0;0;5019;0;0;95;0;200;0;
23444;7976249;1065558016;30019584;1208242176;0;0;0;0;0;0;0;0;0;0;0;4298;0;0;95;0;200;0;
23445;10805875;1065558016;30019584;1208242176;0;0;0;0;0;0;0;0;0;0;0;3436;0;0;95;0;200;0;
23446;9519122;1065558016;30019584;1208242176;0;0;0;0;0;0;0;0;0;0;0;5731;0;0;95;0;200;0;
23447;9271027;1065558016;30019584;1208242176;0;0;0;0;0;0;0;0;0;0;0;4729;0;0;95;0;200;0;
23448;8179239;1065558016;30019584;1208242176;0;0;0;0;0;0;0;0;0;0;0;3657;0;0;95;0;200;0;
23449;9238896;1065558016;30019584;1208242176;0;0;0;0;0;0;0;0;0;0;0;3366;0;0;95;0;200;0;
23450;7760805;1065558016;30019584;1208242176;0;0;0;0;0;0;0;0;0;0;0;4008;0;0;95;0;200;0;
23451;9945201;1065558016;30019584;1208242176;0;0;0;0;0;0;0;0;0;0;0;3707;0;0;95;0;200;0;
23452;6381297;1065558016;30019584;1208242176;0;0;0;0;0;0;0;0;0;0;0;3817;0;0;95;0;200;0;
23453;8635325;1065558016;30019584;1208242176;0;0;0;0;0;0;0;0;0;0;0;3376;0;0;95;0;200;0;
23454;6046480;1065558016;30019584;1208242176;0;0;0;0;0;0;0;0;0;0;0;3556;0;0;95;0;200;0;
23455;8517534;1065558016;30019584;1208242176;0;0;0;0;0;0;0;0;0;0;0;3988;0;0;95;0;200;0;
23456;6826673;1065558016;30019584;1208242176;0;0;0;0;0;0;0;0;0;0;0;3427;0;0;95;0;200;0;
23457;8135427;1065558016;30019584;1208242176;0;0;0;0;0;0;0;0;0;0;0;6392;0;0;95;0;200;0;
23458;5901818;1065558016;30019584;1208242176;0;0;0;0;0;0;0;0;0;0;0;3847;0;0;95;0;200;0;
23459;7853739;1065558016;30019584;1208242176;0;0;0;0;0;0;0;0;0;0;0;4178;0;0;95;0;200;0;
23460;6481105;1065558016;30027776;1208250368;0;0;0;0;0;0;0;0;0;0;0;3737;0;0;95;0;200;0;
23461;7300311;1065558016;30027776;1208250368;0;0;0;0;0;0;0;0;0;0;0;3166;0;0;95;0;200;0;
23462;5538697;1065558016;30027776;1208250368;0;0;0;0;0;0;0;0;0;0;0;4187;0;0;95;0;200;0;
23463;7819324;1065558016;30027776;1208250368;0;0;0;0;0;0;0;0;0;0;0;3988;0;0;95;0;200;0;
23464;4570301;1065558016;30027776;1208250368;0;0;0;0;0;0;0;0;0;0;0;4408;0;0;95;0;200;0;
23465;9110525;1065558016;30027776;1208250368;0;0;0;0;0;0;0;0;0;0;0;4839;0;0;95;0;200;0;
23466;6679587;1065558016;30019584;1208242176;0;0;0;0;0;0;0;0;0;0;0;5510;0;0;95;0;200;0;
23467;10095714;1065558016;30019584;1208242176;0;0;0;0;0;0;0;0;0;0;0;3757;0;0;95;0;200;0;
23468;7415507;1065558016;30019584;1208242176;0;0;0;0;0;0;0;0;0;0;0;4649;0;0;95;0;200;0;
23469;9535162;1065558016;30019584;1208242176;0;0;0;0;0;0;0;0;0;0;0;3527;0;0;95;0;200;0;
23470;7626283;1065558016;30019584;1208242176;0;0;0;0;0;0;0;0;0;0;0;5360;0;0;95;0;200;0;
23471;7736769;1065558016;30019584;1208242176;0;0;0;0;0;0;0;0;0;0;0;4338;0;0;95;0;200;0;
23472;7199552;1065558016;30019584;1208242176;0;0;0;0;0;0;0;0;0;0;0;4588;0;0;95;0;200;0;
23473;8541488;1065558016;30019584;1208242176;0;0;0;0;0;0;0;0;0;0;0;7815;0;0;95;0;200;0;
23474;9753091;1065558016;30019584;1208242176;0;0;0;0;0;0;0;0;0;0;0;3947;0;0;95;0;200;0;
23475;8481015;1065558016;30019584;1208242176;0;0;0;0;0;0;0;0;0;0;0;3837;0;0;95;0;200;0;
23476;5010907;1065558016;30019584;1208242176;0;0;0;0;0;0;0;0;0;0;0;3586;0;0;95;0;200;0;
23477;8647056;1065558016;30019584;1208242176;0;0;0;0;0;0;0;0;0;0;0;5230;0;0;95;0;200;0;
23478;7038510;1065558016;30019584;1208242176;0;0;0;0;0;0;0;0;0;0;0;4158;0;0;95;0;200;0;
23479;8883790;1065558016;30019584;1208242176;0;0;0;0;0;0;0;0;0;0;0;4268;0;0;95;0;200;0;
23480;5268911;1065558016;30019584;1208242176;0;0;0;0;0;0;0;0;0;0;0;4418;0;0;95;0;200;0;
23481;6598114;1065558016;30019584;1208242176;0;0;0;0;0;0;0;0;0;0;0;4409;0;0;95;0;200;0;
23482;6656273;1065558016;30019584;1208242176;0;0;0;0;0;0;0;0;0;0;0;3787;0;0;95;0;200;0;
23483;9026778;1065558016;30019584;1208242176;0;0;0;0;0;0;0;0;0;0;0;3807;0;0;95;0;200;0;
23484;6952999;1065558016;30019584;1208242176;0;0;0;0;0;0;0;0;0;0;0;4749;0;0;95;0;200;0;
23485;9907471;1065558016;30019584;1208242176;0;0;0;0;0;0;0;0;0;0;0;4177;0;0;95;0;200;0;
23486;5282757;1065558016;30019584;1208242176;0;0;0;0;0;0;0;0;0;0;0;4379;0;0;95;0;200;0;
23487;10718942;1065558016;30019584;1208242176;0;0;0;0;0;0;0;0;0;0;0;4358;0;0;95;0;200;0;
23488;4558348;1065558016;30019584;1208242176;0;0;0;0;0;0;0;0;0;0;0;4238;0;0;95;0;200;0;
23489;9758541;1065558016;30019584;1208242176;0;0;0;0;0;0;0;0;0;0;0;4198;0;0;95;0;200;0;
23490;5065590;1065558016;30019584;1208242176;0;0;0;0;0;0;0;0;0;0;0;4008;0;0;95;0;200;0;
23491;8799362;1065558016;30019584;1208242176;0;0;0;0;0;0;0;0;0;0;0;4208;0;0;95;0;200;0;
23492;4467839;1065558016;30019584;1208242176;0;0;0;0;0;0;0;0;0;0;0;2344;0;0;95;0;200;0;
23493;7588571;1065558016;30019584;1208242176;0;0;0;0;0;0;0;0;0;0;0;5109;0;0;95;0;200;0;
23494;5100396;1065558016;30019584;1208242176;0;0;0;0;0;0;0;0;0;0;0;4208;0;0;95;0;200;0;
23495;5381362;1065558016;30019584;1208242176;0;0;0;0;0;0;0;0;0;0;0;2916;0;0;95;0;200;0;
23496;6638720;1065558016;30019584;1208242176;0;0;0;0;0;0;0;0;0;0;0;5190;0;0;95;0;200;0;
23497;8153230;1065558016;30019584;1208242176;0;0;0;0;0;0;0;0;0;0;0;3627;0;0;95;0;200;0;
23498;5970928;1065558016;30019584;1208242176;0;0;0;0;0;0;0;0;0;0;0;4398;0;0;95;0;200;0;
23499;8785507;1065558016;30019584;1208242176;0;0;0;0;0;0;0;0;0;0;0;3637;0;0;95;0;200;0;
23500;5669051;1065558016;30019584;1208242176;0;0;0;0;0;0;0;0;0;0;0;4128;0;0;95;0;200;0;
23501;9384249;1065558016;30019584;1208242176;0;0;0;0;0;0;0;0;0;0;0;4137;0;0;95;0;200;0;
23502;7351317;1065558016;30019584;1208242176;0;0;0;0;0;0;0;0;0;0;0;4979;0;0;95;0;200;0;
23503;8305687;1065558016;30019584;1208242176;0;0;0;0;0;0;0;0;0;0;0;4709;0;0;95;0;200;0;
23504;6845427;1065558016;30019584;1208242176;0;0;0;0;0;0;0;0;0;0;0;4258;0;0;95;0;200;0;
23505;9891751;1065558016;30019584;1208242176;0;0;0;0;0;0;0;0;0;0;0;4318;0;0;95;0;200;0;
23506;4861998;1065558016;30019584;1208242176;0;0;0;0;0;0;0;0;0;0;0;4067;0;0;95;0;200;0;
23507;6904408;1065558016;30019584;1208242176;0;0;0;0;0;0;0;0;0;0;0;3727;0;0;95;0;200;0;
23508;5608458;1065558016;30019584;1208242176;0;0;0;0;0;0;0;0;0;0;0;3847;0;0;95;0;200;0;
23509;7614400;1065558016;30019584;1208242176;0;0;0;0;0;0;0;0;0;0;0;3436;0;0;95;0;200;0;
23510;4761219;1065558016;30019584;1208242176;0;0;0;0;0;0;0;0;0;0;0;4909;0;0;95;0;200;0;
23511;8160765;1065558016;30019584;1208242176;0;0;0;0;0;0;0;0;0;0;0;3426;0;0;95;0;200;0;
23512;6028816;1065558016;30019584;1208242176;0;0;0;0;0;0;0;0;0;0;0;3567;0;0;95;0;200;0;
23513;8113396;1065558016;30019584;1208242176;0;0;0;0;0;0;0;0;0;0;0;3657;0;0;95;0;200;0;
23514;5879136;1065558016;30019584;1208242176;0;0;0;0;0;0;0;0;0;0;0;4578;0;0;95;0;200;0;
23515;9473987;1065558016;30019584;1208242176;0;0;0;0;0;0;0;0;0;0;0;5651;0;0;95;0;200;0;
23516;5315639;1065558016;30019584;1208242176;0;0;0;0;0;0;0;0;0;0;0;6211;0;0;95;0;200;0;
23517;8584710;1065558016;30019584;1208242176;0;0;0;0;0;0;0;0;0;0;0;3607;0;0;95;0;200;0;
23518;4528843;1065558016;30019584;1208242176;0;0;0;0;0;0;0;0;0;0;0;3386;0;0;95;0;200;0;
23519;11616035;1065558016;30019584;1208242176;0;0;0;0;0;0;0;0;0;0;0;5259;0;0;95;0;200;0;
23520;12904852;1065558016;30019584;1208242176;0;0;0;0;0;0;0;0;0;0;0;5541;0;0;95;0;200;0;
23521;8021052;1065558016;30019584;1208242176;0;0;0;0;0;0;0;0;0;0;0;3116;0;0;95;0;200;0;
23522;8639402;1065558016;30019584;1208242176;0;0;0;0;0;0;0;0;0;0;0;4438;0;0;95;0;200;0;
23523;9033712;1065558016;30019584;1208242176;0;0;0;0;0;0;0;0;0;0;0;4428;0;0;95;0;200;0;
23524;9531976;1065558016;30019584;1208242176;0;0;0;0;0;0;0;0;0;0;0;4168;0;0;95;0;200;0;
23525;8321586;1065558016;30019584;1208242176;0;0;0;0;0;0;0;0;0;0;0;3597;0;0;95;0;200;0;
23526;6736834;1065558016;30019584;1208242176;0;0;0;0;0;0;0;0;0;0;0;5079;0;0;95;0;200;0;
23527;7712233;1065558016;30019584;1208242176;0;0;0;0;0;0;0;0;0;0;0;3877;0;0;95;0;200;0;
23528;5226612;1065558016;30019584;1208242176;0;0;0;0;0;0;0;0;0;0;0;4378;0;0;95;0;200;0;
23529;7794287;1065558016;30019584;1208242176;0;0;0;0;0;0;0;0;0;0;0;4508;0;0;95;0;200;0;
23530;7563024;1065558016;30019584;1208242176;0;0;0;0;0;0;0;0;0;0;0;4619;0;0;95;0;200;0;
23531;6724671;1065558016;30019584;1208242176;0;0;0;0;0;0;0;0;0;0;0;3106;0;0;95;0;200;0;
23532;9638947;1065558016;30019584;1208242176;0;0;0;0;0;0;0;0;0;0;0;4499;0;0;95;0;200;0;
23533;8424459;1065558016;30019584;1208242176;0;0;0;0;0;0;0;0;0;0;0;5410;0;0;95;0;200;0;
23534;7395460;1065558016;30019584;1208242176;0;0;0;0;0;0;0;0;0;0;0;3697;0;0;95;0;200;0;
23535;8428256;1065558016;30019584;1208242176;0;0;0;0;0;0;0;0;0;0;0;2725;0;0;95;0;200;0;
23536;7368178;1065558016;30019584;1208242176;0;0;0;0;0;0;0;0;0;0;0;3287;0;0;95;0;200;0;
23537;8736294;1065558016;30019584;1208242176;0;0;0;0;0;0;0;0;0;0;0;3607;0;0;95;0;200;0;
23538;8879954;1065558016;30019584;1208242176;0;0;0;0;0;0;0;0;0;0;0;4528;0;0;95;0;200;0;
23539;9512680;1065558016;30019584;1208242176;0;0;0;0;0;0;0;0;0;0;0;3877;0;0;95;0;200;0;
23540;10485133;1065558016;30019584;1208242176;0;0;0;0;0;0;0;0;0;0;0;3787;0;0;95;0;200;0;
23541;8490834;1065558016;30019584;1208242176;0;0;0;0;0;0;0;0;0;0;0;4328;0;0;95;0;200;0;
23542;6562698;1065558016;30019584;1208242176;0;0;0;0;0;0;0;0;0;0;0;3908;0;0;95;0;200;0;
23543;11098324;1065558016;30019584;1208242176;0;0;0;0;0;0;0;0;0;0;0;6352;0;0;95;0;200;0;
23544;5327882;1065558016;30019584;1208242176;0;0;0;0;0;0;0;0;0;0;0;3407;0;0;95;0;200;0;
23545;11711924;1065558016;30019584;1208242176;0;0;0;0;0;0;0;0;0;0;0;123853;0;0;95;0;200;0;
23546;5561811;1065558016;30023680;1208246272;0;0;0;0;0;0;0;0;0;0;0;4057;0;0;95;0;200;0;
23547;11171401;1065558016;30023680;1208246272;0;0;0;0;0;0;0;0;0;0;0;4568;0;0;95;0;200;0;
23548;7101838;1065558016;30023680;1208246272;0;0;0;0;0;0;0;0;0;0;0;3757;0;0;95;0;200;0;
23549;10730965;1065558016;30023680;1208246272;0;0;0;0;0;0;0;0;0;0;0;3947;0;0;95;0;200;0;
23550;5568824;1065558016;30023680;1208246272;0;0;0;0;0;0;0;0;0;0;0;3998;0;0;95;0;200;0;
23551;8698192;1065558016;30023680;1208246272;0;0;0;0;0;0;0;0;0;0;0;3747;0;0;95;0;200;0;
23552;6069593;1065558016;30023680;1208246272;0;0;0;0;0;0;0;0;0;0;0;4759;0;0;95;0;200;0;
23553;7891991;1065558016;30023680;1208246272;0;0;0;0;0;0;0;0;0;0;0;2956;0;0;95;0;200;0;
23554;6302610;1065558016;30019584;1208242176;0;0;0;0;0;0;0;0;0;0;0;4197;0;0;95;0;200;0;
23555;6034467;1065558016;30019584;1208242176;0;0;0;0;0;0;0;0;0;0;0;2765;0;0;95;0;200;0;
23556;10823869;1065558016;30019584;1208242176;0;0;0;0;0;0;0;0;0;0;0;3837;0;0;95;0;200;0;
23557;9553005;1065558016;30019584;1208242176;0;0;0;0;0;0;0;0;0;0;0;3967;0;0;95;0;200;0;
23558;7716522;1065558016;30019584;1208242176;0;0;0;0;0;0;0;0;0;0;0;6512;0;0;95;0;200;0;
23559;7286014;1065558016;30019584;1208242176;0;0;0;0;0;0;0;0;0;0;0;2825;0;0;95;0;200;0;
23560;6131299;1065558016;30019584;1208242176;0;0;0;0;0;0;0;0;0;0;0;6271;0;0;95;0;200;0;
23561;9045844;1065558016;30019584;1208242176;0;0;0;0;0;0;0;0;0;0;0;3858;0;0;95;0;200;0;
23562;8392449;1065558016;30019584;1208242176;0;0;0;0;0;0;0;0;0;0;0;4859;0;0;95;0;200;0;
23563;9977993;1065558016;30019584;1208242176;0;0;0;0;0;0;0;0;0;0;0;3346;0;0;95;0;200;0;
23564;8418508;1065558016;30019584;1208242176;0;0;0;0;0;0;0;0;0;0;0;4699;0;0;95;0;200;0;
23565;7844832;1065558016;30019584;1208242176;0;0;0;0;0;0;0;0;0;0;0;3547;0;0;95;0;200;0;
23566;6284486;1065558016;30019584;1208242176;0;0;0;0;0;0;0;0;0;0;0;6943;0;0;95;0;200;0;
23567;10349700;1065558016;30019584;1208242176;0;0;0;0;0;0;0;0;0;0;0;3476;0;0;95;0;200;0;
23568;5438880;1065558016;30019584;1208242176;0;0;0;0;0;0;0;0;0;0;0;4689;0;0;95;0;200;0;
23569;8538142;1065558016;30019584;1208242176;0;0;0;0;0;0;0;0;0;0;0;3146;0;0;95;0;200;0;
23570;7904614;1065558016;30019584;1208242176;0;0;0;0;0;0;0;0;0;0;0;3757;0;0;95;0;200;0;
23571;7751106;1065558016;30019584;1208242176;0;0;0;0;0;0;0;0;0;0;0;3417;0;0;95;0;200;0;
23572;4750800;1065558016;30019584;1208242176;0;0;0;0;0;0;0;0;0;0;0;5029;0;0;95;0;200;0;
23573;8579369;1065558016;30019584;1208242176;0;0;0;0;0;0;0;0;0;0;0;4027;0;0;95;0;200;0;
23574;6706087;1065558016;30019584;1208242176;0;0;0;0;0;0;0;0;0;0;0;4488;0;0;95;0;200;0;
23575;8503017;1065558016;30019584;1208242176;0;0;0;0;0;0;0;0;0;0;0;4278;0;0;95;0;200;0;
23576;6821433;1065558016;30019584;1208242176;0;0;0;0;0;0;0;0;0;0;0;75321;0;0;95;0;200;0;
23577;9444753;1065558016;30019584;1208242176;0;0;0;0;0;0;0;0;0;0;0;5190;0;0;95;0;200;0;
23578;7057104;1065558016;30019584;1208242176;0;0;0;0;0;0;0;0;0;0;0;3998;0;0;95;0;200;0;
23579;10427485;1065558016;30019584;1208242176;0;0;0;0;0;0;0;0;0;0;0;4338;0;0;95;0;200;0;
23580;8745220;1065558016;30019584;1208242176;0;0;0;0;0;0;0;0;0;0;0;4378;0;0;95;0;200;0;
23581;10931431;1065558016;30019584;1208242176;0;0;0;0;0;0;0;0;0;0;0;3928;0;0;95;0;200;0;
23582;6036300;1065558016;30019584;1208242176;0;0;0;0;0;0;0;0;0;0;0;4719;0;0;95;0;200;0;
23583;9578644;1065558016;30019584;1208242176;0;0;0;0;0;0;0;0;0;0;0;3777;0;0;95;0;200;0;
23584;7895948;1065558016;30019584;1208242176;0;0;0;0;0;0;0;0;0;0;0;3626;0;0;95;0;200;0;
23585;9189093;1065558016;30019584;1208242176;0;0;0;0;0;0;0;0;0;0;0;4117;0;0;95;0;200;0;
23586;7878245;1065558016;30019584;1208242176;0;0;0;0;0;0;0;0;0;0;0;3356;0;0;95;0;200;0;
23587;10537983;1065558016;30019584;1208242176;0;0;0;0;0;0;0;0;0;0;0;5120;0;0;95;0;200;0;
23588;6295397;1065558016;30019584;1208242176;0;0;0;0;0;0;0;0;0;0;0;4008;0;0;95;0;200;0;
23589;9843961;1065558016;30019584;1208242176;0;0;0;0;0;0;0;0;0;0;0;4137;0;0;95;0;200;0;
23590;6913436;1065558016;30019584;1208242176;0;0;0;0;0;0;0;0;0;0;0;3547;0;0;95;0;200;0;
23591;8412116;1065558016;30019584;1208242176;0;0;0;0;0;0;0;0;0;0;0;3436;0;0;95;0;200;0;
23592;7204491;1065558016;30019584;1208242176;0;0;0;0;0;0;0;0;0;0;0;3977;0;0;95;0;200;0;
23593;8874493;1065558016;30019584;1208242176;0;0;0;0;0;0;0;0;0;0;0;6001;0;0;95;0;200;0;
23594;6984869;1065558016;30019584;1208242176;0;0;0;0;0;0;0;0;0;0;0;7124;0;0;95;0;200;0;
23595;8878811;1065558016;30019584;1208242176;0;0;0;0;0;0;0;0;0;0;0;3597;0;0;95;0;200;0;
23596;6296919;1065558016;30019584;1208242176;0;0;0;0;0;0;0;0;0;0;0;3106;0;0;95;0;200;0;
23597;10247959;1065558016;30019584;1208242176;0;0;0;0;0;0;0;0;0;0;0;4147;0;0;95;0;200;0;
23598;5574404;1065558016;30019584;1208242176;0;0;0;0;0;0;0;0;0;0;0;3537;0;0;95;0;200;0;
23599;9392665;1065558016;30019584;1208242176;0;0;0;0;0;0;0;0;0;0;0;5450;0;0;95;0;200;0;
23600;7138297;1065558016;30019584;1208242176;0;0;0;0;0;0;0;0;0;0;0;4308;0;0;95;0;200;0;
23601;8288564;1065558016;30019584;1208242176;0;0;0;0;0;0;0;0;0;0;0;4799;0;0;95;0;200;0;
23602;8159071;1065558016;30019584;1208242176;0;0;0;0;0;0;0;0;0;0;0;4248;0;0;95;0;200;0;
23603;10559192;1065558016;30019584;1208242176;0;0;0;0;0;0;0;0;0;0;0;3837;0;0;95;0;200;0;
23604;8293333;1065558016;30019584;1208242176;0;0;0;0;0;0;0;0;0;0;0;3637;0;0;95;0;200;0;
23605;10700167;1065558016;30019584;1208242176;0;0;0;0;0;0;0;0;0;0;0;3737;0;0;95;0;200;0;
23606;9393096;1065558016;30019584;1208242176;0;0;0;0;0;0;0;0;0;0;0;3346;0;0;95;0;200;0;
23607;7637313;1065558016;30019584;1208242176;0;0;0;0;0;0;0;0;0;0;0;3437;0;0;95;0;200;0;
23608;8259560;1065558016;30019584;1208242176;0;0;0;0;0;0;0;0;0;0;0;5059;0;0;95;0;200;0;
23609;8709093;1065558016;30019584;1208242176;0;0;0;0;0;0;0;0;0;0;0;4318;0;0;95;0;200;0;
23610;5918339;1065558016;30019584;1208242176;0;0;0;0;0;0;0;0;0;0;0;3697;0;0;95;0;200;0;
23611;8813369;1065558016;30019584;1208242176;0;0;0;0;0;0;0;0;0;0;0;4619;0;0;95;0;200;0;
23612;8180151;1065558016;30019584;1208242176;0;0;0;0;0;0;0;0;0;0;0;4488;0;0;95;0;200;0;
23613;10307711;1065558016;30019584;1208242176;0;0;0;0;0;0;0;0;0;0;0;3437;0;0;95;0;200;0;
23614;8032393;1065558016;30019584;1208242176;0;0;0;0;0;0;0;0;0;0;0;3707;0;0;95;0;200;0;
23615;9597088;1065558016;30019584;1208242176;0;0;0;0;0;0;0;0;0;0;0;3136;0;0;95;0;200;0;
23616;7641010;1065558016;30019584;1208242176;0;0;0;0;0;0;0;0;0;0;0;4127;0;0;95;0;200;0;
23617;9676507;1065558016;30019584;1208242176;0;0;0;0;0;0;0;0;0;0;0;4288;0;0;95;0;200;0;
23618;6516821;1065558016;30019584;1208242176;0;0;0;0;0;0;0;0;0;0;0;4258;0;0;95;0;200;0;
23619;9892041;1065558016;30019584;1208242176;0;0;0;0;0;0;0;0;0;0;0;4639;0;0;95;0;200;0;
23620;5475108;1065558016;30019584;1208242176;0;0;0;0;0;0;0;0;0;0;0;3216;0;0;95;0;200;0;
23621;7124180;1065558016;30019584;1208242176;0;0;0;0;0;0;0;0;0;0;0;3336;0;0;95;0;200;0;
23622;7811770;1065558016;30019584;1208242176;0;0;0;0;0;0;0;0;0;0;0;3917;0;0;95;0;200;0;
23623;6672394;1065558016;30019584;1208242176;0;0;0;0;0;0;0;0;0;0;0;4117;0;0;95;0;200;0;
23624;5879136;1065558016;30019584;1208242176;0;0;0;0;0;0;0;0;0;0;0;4478;0;0;95;0;200;0;
23625;7061123;1065558016;30019584;1208242176;0;0;0;0;0;0;0;0;0;0;0;3066;0;0;95;0;200;0;
23626;6347054;1065558016;30019584;1208242176;0;0;0;0;0;0;0;0;0;0;0;5922;0;0;95;0;200;0;
23627;7556712;1065558016;30019584;1208242176;0;0;0;0;0;0;0;0;0;0;0;4118;0;0;95;0;200;0;
23628;4074912;1065558016;30019584;1208242176;0;0;0;0;0;0;0;0;0;0;0;3957;0;0;95;0;200;0;
23629;8224273;1065558016;30019584;1208242176;0;0;0;0;0;0;0;0;0;0;0;3427;0;0;95;0;200;0;
23630;4580100;1065558016;30019584;1208242176;0;0;0;0;0;0;0;0;0;0;0;3807;0;0;95;0;200;0;
23631;7282658;1065558016;30019584;1208242176;0;0;0;0;0;0;0;0;0;0;0;3076;0;0;95;0;200;0;
23632;4590619;1065558016;30019584;1208242176;0;0;0;0;0;0;0;0;0;0;0;4819;0;0;95;0;200;0;
23633;9312365;1065558016;30019584;1208242176;0;0;0;0;0;0;0;0;0;0;0;4318;0;0;95;0;200;0;
23634;6624594;1065558016;30019584;1208242176;0;0;0;0;0;0;0;0;0;0;0;4428;0;0;95;0;200;0;
23635;6753716;1065558016;30019584;1208242176;0;0;0;0;0;0;0;0;0;0;0;4148;0;0;95;0;200;0;
23636;6558210;1065558016;30019584;1208242176;0;0;0;0;0;0;0;0;0;0;0;3226;0;0;95;0;200;0;
23637;5689871;1065558016;30019584;1208242176;0;0;0;0;0;0;0;0;0;0;0;2434;0;0;95;0;200;0;
23638;5913560;1065558016;30019584;1208242176;0;0;0;0;0;0;0;0;0;0;0;4599;0;0;95;0;200;0;
23639;6384333;1065558016;30019584;1208242176;0;0;0;0;0;0;0;0;0;0;0;3076;0;0;95;0;200;0;
23640;7179965;1065558016;30019584;1208242176;0;0;0;0;0;0;0;0;0;0;0;5290;0;0;95;0;200;0;
23641;7511587;1065558016;30019584;1208242176;0;0;0;0;0;0;0;0;0;0;0;4198;0;0;95;0;200;0;
23642;6659950;1065558016;30019584;1208242176;0;0;0;0;0;0;0;0;0;0;0;4037;0;0;95;0;200;0;
23643;10166336;1065558016;30019584;1208242176;0;0;0;0;0;0;0;0;0;0;0;3015;0;0;95;0;200;0;
23644;10758787;1065558016;30019584;1208242176;0;0;0;0;0;0;0;0;0;0;0;3627;0;0;95;0;200;0;
23645;8320885;1065558016;30019584;1208242176;0;0;0;0;0;0;0;0;0;0;0;4068;0;0;95;0;200;0;
23646;4855676;1065558016;30019584;1208242176;0;0;0;0;0;0;0;0;0;0;0;3717;0;0;95;0;200;0;
23647;8010824;1065558016;30019584;1208242176;0;0;0;0;0;0;0;0;0;0;0;2805;0;0;95;0;200;0;
23648;4790544;1065558016;30019584;1208242176;0;0;0;0;0;0;0;0;0;0;0;3977;0;0;95;0;200;0;
23649;11024255;1065558016;30019584;1208242176;0;0;0;0;0;0;0;0;0;0;0;4278;0;0;95;0;200;0;
23650;6938202;1065558016;30019584;1208242176;0;0;0;0;0;0;0;0;0;0;0;4579;0;0;95;0;200;0;
23651;10126682;1065558016;30019584;1208242176;0;0;0;0;0;0;0;0;0;0;0;4398;0;0;95;0;200;0;
23652;5174113;1065558016;30019584;1208242176;0;0;0;0;0;0;0;0;0;0;0;5170;0;0;95;0;200;0;
23653;8945566;1065558016;30019584;1208242176;0;0;0;0;0;0;0;0;0;0;0;3767;0;0;95;0;200;0;
23654;7169435;1065558016;30027776;1208250368;0;0;0;0;0;0;0;0;0;0;0;4448;0;0;95;0;200;0;
23655;8852843;1065558016;30027776;1208250368;0;0;0;0;0;0;0;0;0;0;0;3627;0;0;95;0;200;0;
23656;6333527;1065558016;30027776;1208250368;0;0;0;0;0;0;0;0;0;0;0;3667;0;0;95;0;200;0;
23657;7967041;1065558016;30027776;1208250368;0;0;0;0;0;0;0;0;0;0;0;5210;0;0;95;0;200;0;
23658;5494915;1065558016;30027776;1208250368;0;0;0;0;0;0;0;0;0;0;0;4689;0;0;95;0;200;0;
23659;9670616;1065558016;30027776;1208250368;0;0;0;0;0;0;0;0;0;0;0;260849;0;0;95;0;200;0;
23660;5139338;1065558016;30019584;1208242176;0;0;0;0;0;0;0;0;0;0;0;3957;0;0;95;0;200;0;
23661;8982045;1065558016;30019584;1208242176;0;0;0;0;0;0;0;0;0;0;0;4769;0;0;95;0;200;0;
23662;8210718;1065558016;30019584;1208242176;0;0;0;0;0;0;0;0;0;0;0;4158;0;0;95;0;200;0;
23663;9716252;1065558016;30019584;1208242176;0;0;0;0;0;0;0;0;0;0;0;7875;0;0;95;0;200;0;
23664;7895758;1065558016;30019584;1208242176;0;0;0;0;0;0;0;0;0;0;0;3296;0;0;95;0;200;0;
23665;11188101;1065558016;30019584;1208242176;0;0;0;0;0;0;0;0;0;0;0;4048;0;0;95;0;200;0;
23666;5408814;1065558016;30019584;1208242176;0;0;0;0;0;0;0;0;0;0;0;3637;0;0;95;0;200;0;
23667;10015894;1065558016;30019584;1208242176;0;0;0;0;0;0;0;0;0;0;0;4137;0;0;95;0;200;0;
23668;5534589;1065558016;30019584;1208242176;0;0;0;0;0;0;0;0;0;0;0;4098;0;0;95;0;200;0;
23669;8856399;1065558016;30019584;1208242176;0;0;0;0;0;0;0;0;0;0;0;3416;0;0;95;0;200;0;
23670;6296017;1065558016;30019584;1208242176;0;0;0;0;0;0;0;0;0;0;0;3487;0;0;95;0;200;0;
23671;9740637;1065558016;30019584;1208242176;0;0;0;0;0;0;0;0;0;0;0;4759;0;0;95;0;200;0;
23672;6161355;1065558016;30019584;1208242176;0;0;0;0;0;0;0;0;0;0;0;2555;0;0;95;0;200;0;
23673;8525329;1065558016;30019584;1208242176;0;0;0;0;0;0;0;0;0;0;0;3837;0;0;95;0;200;0;
23674;7092892;1065558016;30019584;1208242176;0;0;0;0;0;0;0;0;0;0;0;4178;0;0;95;0;200;0;
23675;9110756;1065558016;30019584;1208242176;0;0;0;0;0;0;0;0;0;0;0;3426;0;0;95;0;200;0;
23676;8356582;1065558016;30019584;1208242176;0;0;0;0;0;0;0;0;0;0;0;4278;0;0;95;0;200;0;
23677;5711100;1065558016;30019584;1208242176;0;0;0;0;0;0;0;0;0;0;0;3947;0;0;95;0;200;0;
23678;7907600;1065558016;30019584;1208242176;0;0;0;0;0;0;0;0;0;0;0;5070;0;0;95;0;200;0;
23679;10150155;1065558016;30019584;1208242176;0;0;0;0;0;0;0;0;0;0;0;4488;0;0;95;0;200;0;
23680;6330712;1065558016;30019584;1208242176;0;0;0;0;0;0;0;0;0;0;0;4709;0;0;95;0;200;0;
23681;7845714;1065558016;30019584;1208242176;0;0;0;0;0;0;0;0;0;0;0;4598;0;0;95;0;200;0;
23682;6198174;1065558016;30019584;1208242176;0;0;0;0;0;0;0;0;0;0;0;2886;0;0;95;0;200;0;
23683;7395229;1065558016;30019584;1208242176;0;0;0;0;0;0;0;0;0;0;0;3366;0;0;95;0;200;0;
23684;7413704;1065558016;30019584;1208242176;0;0;0;0;0;0;0;0;0;0;0;3647;0;0;95;0;200;0;
23685;8623442;1065558016;30019584;1208242176;0;0;0;0;0;0;0;0;0;0;0;3456;0;0;95;0;200;0;
23686;5223546;1065558016;30019584;1208242176;0;0;0;0;0;0;0;0;0;0;0;4238;0;0;95;0;200;0;
23687;8671252;1065558016;30019584;1208242176;0;0;0;0;0;0;0;0;0;0;0;3427;0;0;95;0;200;0;
23688;6828836;1065558016;30019584;1208242176;0;0;0;0;0;0;0;0;0;0;0;3837;0;0;95;0;200;0;
23689;9468116;1065558016;30019584;1208242176;0;0;0;0;0;0;0;0;0;0;0;3186;0;0;95;0;200;0;
23690;5762868;1065558016;30019584;1208242176;0;0;0;0;0;0;0;0;0;0;0;5070;0;0;95;0;200;0;
23691;9651891;1065558016;30019584;1208242176;0;0;0;0;0;0;0;0;0;0;0;3617;0;0;95;0;200;0;
23692;4970351;1065558016;30019584;1208242176;0;0;0;0;0;0;0;0;0;0;0;3907;0;0;95;0;200;0;
23693;9296124;1065558016;30019584;1208242176;0;0;0;0;0;0;0;0;0;0;0;4097;0;0;95;0;200;0;
23694;5324656;1065558016;30019584;1208242176;0;0;0;0;0;0;0;0;0;0;0;4168;0;0;95;0;200;0;
23695;9230341;1065558016;30019584;1208242176;0;0;0;0;0;0;0;0;0;0;0;2815;0;0;95;0;200;0;
23696;5823772;1065558016;30019584;1208242176;0;0;0;0;0;0;0;0;0;0;0;4589;0;0;95;0;200;0;
23697;8409771;1065558016;30019584;1208242176;0;0;0;0;0;0;0;0;0;0;0;4499;0;0;95;0;200;0;
23698;5918780;1065558016;30019584;1208242176;0;0;0;0;0;0;0;0;0;0;0;4238;0;0;95;0;200;0;
23699;6889680;1065558016;30019584;1208242176;0;0;0;0;0;0;0;0;0;0;0;3637;0;0;95;0;200;0;
23700;6061207;1065558016;30019584;1208242176;0;0;0;0;0;0;0;0;0;0;0;3707;0;0;95;0;200;0;
23701;8803460;1065558016;30019584;1208242176;0;0;0;0;0;0;0;0;0;0;0;4558;0;0;95;0;200;0;
23702;6855577;1065558016;30019584;1208242176;0;0;0;0;0;0;0;0;0;0;0;3877;0;0;95;0;200;0;
23703;8513556;1065558016;30019584;1208242176;0;0;0;0;0;0;0;0;0;0;0;3266;0;0;95;0;200;0;
23704;10698143;1065558016;30019584;1208242176;0;0;0;0;0;0;0;0;0;0;0;4208;0;0;95;0;200;0;
23705;8059265;1065558016;30019584;1208242176;0;0;0;0;0;0;0;0;0;0;0;3517;0;0;95;0;200;0;
23706;8157278;1065558016;30019584;1208242176;0;0;0;0;0;0;0;0;0;0;0;3326;0;0;95;0;200;0;
23707;8608404;1065558016;30019584;1208242176;0;0;0;0;0;0;0;0;0;0;0;4057;0;0;95;0;200;0;
23708;8712409;1065558016;30019584;1208242176;0;0;0;0;0;0;0;0;0;0;0;3507;0;0;95;0;200;0;
23709;7204621;1065558016;30019584;1208242176;0;0;0;0;0;0;0;0;0;0;0;4288;0;0;95;0;200;0;
23710;7136383;1065558016;30019584;1208242176;0;0;0;0;0;0;0;0;0;0;0;4378;0;0;95;0;200;0;
23711;6335622;1065558016;30019584;1208242176;0;0;0;0;0;0;0;0;0;0;0;3125;0;0;95;0;200;0;
23712;8514428;1065558016;30019584;1208242176;0;0;0;0;0;0;0;0;0;0;0;2925;0;0;95;0;200;0;
23713;7231772;1065558016;30019584;1208242176;0;0;0;0;0;0;0;0;0;0;0;3055;0;0;95;0;200;0;
23714;7826979;1065558016;30019584;1208242176;0;0;0;0;0;0;0;0;0;0;0;4588;0;0;95;0;200;0;
23715;6942470;1065558016;30019584;1208242176;0;0;0;0;0;0;0;0;0;0;0;4258;0;0;95;0;200;0;
23716;8031432;1065558016;30019584;1208242176;0;0;0;0;0;0;0;0;0;0;0;4227;0;0;95;0;200;0;
23717;8232239;1065558016;30019584;1208242176;0;0;0;0;0;0;0;0;0;0;0;3467;0;0;95;0;200;0;
23718;7769110;1065558016;30019584;1208242176;0;0;0;0;0;0;0;0;0;0;0;4809;0;0;95;0;200;0;
23719;8060977;1065558016;30019584;1208242176;0;0;0;0;0;0;0;0;0;0;0;3547;0;0;95;0;200;0;
23720;7749423;1065558016;30019584;1208242176;0;0;0;0;0;0;0;0;0;0;0;3857;0;0;95;0;200;0;
23721;7706803;1065558016;30019584;1208242176;0;0;0;0;0;0;0;0;0;0;0;4037;0;0;95;0;200;0;
23722;8217742;1065558016;30019584;1208242176;0;0;0;0;0;0;0;0;0;0;0;3336;0;0;95;0;200;0;
23723;7640248;1065558016;30019584;1208242176;0;0;0;0;0;0;0;0;0;0;0;4689;0;0;95;0;200;0;
23724;8632479;1065558016;30019584;1208242176;0;0;0;0;0;0;0;0;0;0;0;3547;0;0;95;0;200;0;
23725;6617801;1065558016;30019584;1208242176;0;0;0;0;0;0;0;0;0;0;0;3807;0;0;95;0;200;0;
23726;8331815;1065558016;30019584;1208242176;0;0;0;0;0;0;0;0;0;0;0;3156;0;0;95;0;200;0;
23727;6800854;1065558016;30019584;1208242176;0;0;0;0;0;0;0;0;0;0;0;2755;0;0;95;0;200;0;
23728;5891639;1065558016;30019584;1208242176;0;0;0;0;0;0;0;0;0;0;0;4077;0;0;95;0;200;0;
23729;9526826;1065558016;30019584;1208242176;0;0;0;0;0;0;0;0;0;0;0;3828;0;0;95;0;200;0;
23730;7171800;1065558016;30019584;1208242176;0;0;0;0;0;0;0;0;0;0;0;3657;0;0;95;0;200;0;
23731;7708947;1065558016;30019584;1208242176;0;0;0;0;0;0;0;0;0;0;0;3827;0;0;95;0;200;0;
23732;5520704;1065558016;30019584;1208242176;0;0;0;0;0;0;0;0;0;0;0;3918;0;0;95;0;200;0;
23733;9563976;1065558016;30019584;1208242176;0;0;0;0;0;0;0;0;0;0;0;4819;0;0;95;0;200;0;
23734;4572526;1065558016;30019584;1208242176;0;0;0;0;0;0;0;0;0;0;0;3387;0;0;95;0;200;0;
23735;8518636;1065558016;30019584;1208242176;0;0;0;0;0;0;0;0;0;0;0;3647;0;0;95;0;200;0;
23736;7506027;1065558016;30019584;1208242176;0;0;0;0;0;0;0;0;0;0;0;4629;0;0;95;0;200;0;
23737;9537446;1065558016;30019584;1208242176;0;0;0;0;0;0;0;0;0;0;0;4268;0;0;95;0;200;0;
23738;7064699;1065558016;30019584;1208242176;0;0;0;0;0;0;0;0;0;0;0;4428;0;0;95;0;200;0;
23739;7302325;1065558016;30019584;1208242176;0;0;0;0;0;0;0;0;0;0;0;4308;0;0;95;0;200;0;
23740;6911692;1065558016;30019584;1208242176;0;0;0;0;0;0;0;0;0;0;0;3596;0;0;95;0;200;0;
23741;7577341;1065558016;30019584;1208242176;0;0;0;0;0;0;0;0;0;0;0;4178;0;0;95;0;200;0;
23742;9431998;1065558016;30019584;1208242176;0;0;0;0;0;0;0;0;0;0;0;4007;0;0;95;0;200;0;
23743;8514277;1065558016;30019584;1208242176;0;0;0;0;0;0;0;0;0;0;0;3977;0;0;95;0;200;0;
23744;7121666;1065558016;30019584;1208242176;0;0;0;0;0;0;0;0;0;0;0;3647;0;0;95;0;200;0;
23745;6913986;1065558016;30019584;1208242176;0;0;0;0;0;0;0;0;0;0;0;3627;0;0;95;0;200;0;
23746;8856069;1065558016;30019584;1208242176;0;0;0;0;0;0;0;0;0;0;0;3336;0;0;95;0;200;0;
23747;7393406;1065558016;30019584;1208242176;0;0;0;0;0;0;0;0;0;0;0;3105;0;0;95;0;200;0;
23748;5912158;1065558016;30019584;1208242176;0;0;0;0;0;0;0;0;0;0;0;3417;0;0;95;0;200;0;
23749;7988391;1065558016;30019584;1208242176;0;0;0;0;0;0;0;0;0;0;0;3486;0;0;95;0;200;0;
23750;5030294;1065558016;30019584;1208242176;0;0;0;0;0;0;0;0;0;0;0;4528;0;0;95;0;200;0;
23751;8049265;1065558016;30019584;1208242176;0;0;0;0;0;0;0;0;0;0;0;3967;0;0;95;0;200;0;
23752;5998710;1065558016;30019584;1208242176;0;0;0;0;0;0;0;0;0;0;0;3156;0;0;95;0;200;0;
23753;7288719;1065558016;30019584;1208242176;0;0;0;0;0;0;0;0;0;0;0;4238;0;0;95;0;200;0;
23754;5112107;1065558016;30019584;1208242176;0;0;0;0;0;0;0;0;0;0;0;3026;0;0;95;0;200;0;
23755;7766445;1065558016;30019584;1208242176;0;0;0;0;0;0;0;0;0;0;0;3677;0;0;95;0;200;0;
23756;6978156;1065558016;30019584;1208242176;0;0;0;0;0;0;0;0;0;0;0;3817;0;0;95;0;200;0;
23757;7005678;1065558016;30019584;1208242176;0;0;0;0;0;0;0;0;0;0;0;3277;0;0;95;0;200;0;
23758;6802457;1065558016;30019584;1208242176;0;0;0;0;0;0;0;0;0;0;0;3987;0;0;95;0;200;0;
23759;7945100;1065558016;30019584;1208242176;0;0;0;0;0;0;0;0;0;0;0;3377;0;0;95;0;200;0;
23760;7458017;1065558016;30019584;1208242176;0;0;0;0;0;0;0;0;0;0;0;3777;0;0;95;0;200;0;
23761;7060051;1065558016;30019584;1208242176;0;0;0;0;0;0;0;0;0;0;0;3506;0;0;95;0;200;0;
23762;5507479;1065558016;30019584;1208242176;0;0;0;0;0;0;0;0;0;0;0;3978;0;0;95;0;200;0;
23763;8718440;1065558016;30019584;1208242176;0;0;0;0;0;0;0;0;0;0;0;2986;0;0;95;0;200;0;
23764;5084576;1065558016;30019584;1208242176;0;0;0;0;0;0;0;0;0;0;0;4709;0;0;95;0;200;0;
23765;7779770;1065558016;30019584;1208242176;0;0;0;0;0;0;0;0;0;0;0;3436;0;0;95;0;200;0;
23766;7221684;1065558016;30019584;1208242176;0;0;0;0;0;0;0;0;0;0;0;3888;0;0;95;0;200;0;
23767;10797119;1065558016;30019584;1208242176;0;0;0;0;0;0;0;0;0;0;0;4629;0;0;95;0;200;0;
23768;6266261;1065558016;30019584;1208242176;0;0;0;0;0;0;0;0;0;0;0;4037;0;0;95;0;200;0;
23769;8740822;1065558016;30019584;1208242176;0;0;0;0;0;0;0;0;0;0;0;4699;0;0;95;0;200;0;
23770;8414751;1065558016;30019584;1208242176;0;0;0;0;0;0;0;0;0;0;0;4147;0;0;95;0;200;0;
23771;9210473;1065558016;30019584;1208242176;0;0;0;0;0;0;0;0;0;0;0;5280;0;0;95;0;200;0;
23772;8402618;1065558016;30019584;1208242176;0;0;0;0;0;0;0;0;0;0;0;4538;0;0;95;0;200;0;
23773;10002508;1065558016;30019584;1208242176;0;0;0;0;0;0;0;0;0;0;0;4609;0;0;95;0;200;0;
23774;6193034;1065558016;30019584;1208242176;0;0;0;0;0;0;0;0;0;0;0;3126;0;0;95;0;200;0;
23775;9219170;1065558016;30019584;1208242176;0;0;0;0;0;0;0;0;0;0;0;2755;0;0;95;0;200;0;
23776;12284508;1065558016;30019584;1208242176;0;0;0;0;0;0;0;0;0;0;0;3376;0;0;95;0;200;0;
23777;10989479;1065558016;30019584;1208242176;0;0;0;0;0;0;0;0;0;0;0;10189;0;0;95;0;200;0;
23778;6321635;1065558016;30019584;1208242176;0;0;0;0;0;0;0;0;0;0;0;3576;0;0;95;0;200;0;
23779;7283038;1065558016;30019584;1208242176;0;0;0;0;0;0;0;0;0;0;0;4849;0;0;95;0;200;0;
23780;8090152;1065558016;30019584;1208242176;0;0;0;0;0;0;0;0;0;0;0;3577;0;0;95;0;200;0;
23781;6615036;1065558016;30019584;1208242176;0;0;0;0;0;0;0;0;0;0;0;4208;0;0;95;0;200;0;
23782;7394087;1065558016;30019584;1208242176;0;0;0;0;0;0;0;0;0;0;0;3747;0;0;95;0;200;0;
23783;9659224;1065558016;30019584;1208242176;0;0;0;0;0;0;0;0;0;0;0;4448;0;0;95;0;200;0;
23784;5417590;1065558016;30019584;1208242176;0;0;0;0;0;0;0;0;0;0;0;4048;0;0;95;0;200;0;
23785;10797099;1065558016;30019584;1208242176;0;0;0;0;0;0;0;0;0;0;0;5149;0;0;95;0;200;0;
23786;8768134;1065558016;30019584;1208242176;0;0;0;0;0;0;0;0;0;0;0;6963;0;0;95;0;200;0;
23787;9155991;1065558016;30019584;1208242176;0;0;0;0;0;0;0;0;0;0;0;3666;0;0;95;0;200;0;
23788;6458372;1065558016;30019584;1208242176;0;0;0;0;0;0;0;0;0;0;0;4639;0;0;95;0;200;0;
23789;10035480;1065558016;30019584;1208242176;0;0;0;0;0;0;0;0;0;0;0;4348;0;0;95;0;200;0;
23790;5564475;1065558016;30019584;1208242176;0;0;0;0;0;0;0;0;0;0;0;3977;0;0;95;0;200;0;
23791;10903208;1065558016;30019584;1208242176;0;0;0;0;0;0;0;0;0;0;0;4659;0;0;95;0;200;0;
23792;5145009;1065558016;30019584;1208242176;0;0;0;0;0;0;0;0;0;0;0;4429;0;0;95;0;200;0;
23793;8586153;1065558016;30019584;1208242176;0;0;0;0;0;0;0;0;0;0;0;3296;0;0;95;0;200;0;
23794;5947114;1065558016;30019584;1208242176;0;0;0;0;0;0;0;0;0;0;0;3316;0;0;95;0;200;0;
23795;9766626;1065558016;30019584;1208242176;0;0;0;0;0;0;0;0;0;0;0;4839;0;0;95;0;200;0;
23796;4835218;1065558016;30019584;1208242176;0;0;0;0;0;0;0;0;0;0;0;3556;0;0;95;0;200;0;
23797;7318414;1066065920;30019584;1208242176;0;0;0;0;0;0;0;0;0;0;0;3476;0;0;95;0;200;0;
23798;93857720;571330560;30023680;537157632;0;0;0;0;0;0;0;0;0;0;0;4609;0;0;0;0;0;0;
23799;4732836;571330560;30023680;537157632;0;0;0;0;0;0;0;0;0;0;0;2755;0;0;0;0;0;0;
23800;4202641;571330560;30023680;537157632;0;0;0;0;0;0;0;0;0;0;0;4519;0;0;0;0;0;0;
23801;5219629;571330560;30023680;537157632;0;0;0;0;0;0;0;0;0;0;0;4118;0;0;0;0;0;0;
23802;4438293;571330560;30023680;537157632;0;0;0;0;0;0;0;0;0;0;0;3927;0;0;0;0;0;0;
23803;5152623;571330560;30023680;537157632;0;0;0;0;0;0;0;0;0;0;0;3867;0;0;0;0;0;0;
23804;4059382;571326464;30019584;537153536;0;0;0;0;0;0;0;0;0;0;0;3797;0;0;0;0;0;0;
23805;5515394;571326464;30019584;537153536;0;0;0;0;0;0;0;0;0;0;0;4018;0;0;0;0;0;0;
23806;3439791;571326464;30019584;537153536;0;0;0;0;0;0;0;0;0;0;0;12743;0;0;0;0;0;0;
23807;5212877;571326464;30019584;537153536;0;0;0;0;0;0;0;0;0;0;0;3657;0;0;0;0;0;0;
23808;3650326;571326464;30019584;537153536;0;0;0;0;0;0;0;0;0;0;0;3447;0;0;0;0;0;0;
23809;4610106;571326464;30019584;537153536;0;0;0;0;0;0;0;0;0;0;0;2825;0;0;0;0;0;0;
23810;3086559;571326464;30019584;537153536;0;0;0;0;0;0;0;0;0;0;0;3327;0;0;0;0;0;0;
23811;5288038;571326464;30019584;537153536;0;0;0;0;0;0;0;0;0;0;0;4839;0;0;0;0;0;0;
23812;3465069;571326464;30019584;537153536;0;0;0;0;0;0;0;0;0;0;0;3256;0;0;0;0;0;0;
23813;4912443;571326464;30019584;537153536;0;0;0;0;0;0;0;0;0;0;0;4639;0;0;0;0;0;0;
23814;3899322;571326464;30019584;537153536;0;0;0;0;0;0;0;0;0;0;0;3918;0;0;0;0;0;0;
23815;5038288;571326464;30019584;537153536;0;0;0;0;0;0;0;0;0;0;0;8085;0;0;0;0;0;0;
23816;3593399;571326464;30019584;537153536;0;0;0;0;0;0;0;0;0;0;0;3857;0;0;0;0;0;0;
23817;6191211;571326464;30019584;537153536;0;0;0;0;0;0;0;0;0;0;0;4659;0;0;0;0;0;0;
23818;3281194;571326464;30019584;537153536;0;0;0;0;0;0;0;0;0;0;0;3597;0;0;0;0;0;0;
23819;4800943;571326464;30019584;537153536;0;0;0;0;0;0;0;0;0;0;0;4849;0;0;0;0;0;0;
23820;3345925;571326464;30019584;537153536;0;0;0;0;0;0;0;0;0;0;0;3346;0;0;0;0;0;0;
23821;5020896;571326464;30019584;537153536;0;0;0;0;0;0;0;0;0;0;0;3717;0;0;0;0;0;0;
23822;3555107;571326464;30019584;537153536;0;0;0;0;0;0;0;0;0;0;0;4248;0;0;0;0;0;0;
23823;4416543;571326464;30019584;537153536;0;0;0;0;0;0;0;0;0;0;0;2465;0;0;0;0;0;0;
23824;3687906;571326464;30019584;537153536;0;0;0;0;0;0;0;0;0;0;0;4158;0;0;0;0;0;0;
23825;5396380;571326464;30019584;537153536;0;0;0;0;0;0;0;0;0;0;0;4178;0;0;0;0;0;0;
23826;3937173;571326464;30019584;537153536;0;0;0;0;0;0;0;0;0;0;0;4719;0;0;0;0;0;0;
23827;5252210;571326464;30019584;537153536;0;0;0;0;0;0;0;0;0;0;0;4048;0;0;0;0;0;0;
23828;3974103;571326464;30019584;537153536;0;0;0;0;0;0;0;0;0;0;0;4148;0;0;0;0;0;0;
23829;5259383;571326464;30019584;537153536;0;0;0;0;0;0;0;0;0;0;0;3456;0;0;0;0;0;0;
23830;3758268;571326464;30019584;537153536;0;0;0;0;0;0;0;0;0;0;0;3196;0;0;0;0;0;0;
23831;4998514;571326464;30019584;537153536;0;0;0;0;0;0;0;0;0;0;0;3286;0;0;0;0;0;0;
23832;3645667;571326464;30019584;537153536;0;0;0;0;0;0;0;0;0;0;0;4258;0;0;0;0;0;0;
23833;5503140;571326464;30019584;537153536;0;0;0;0;0;0;0;0;0;0;0;3386;0;0;0;0;0;0;
23834;4292020;571326464;30019584;537153536;0;0;0;0;0;0;0;0;0;0;0;3777;0;0;0;0;0;0;
23835;5313545;571326464;30019584;537153536;0;0;0;0;0;0;0;0;0;0;0;3527;0;0;0;0;0;0;
23836;3460860;571326464;30019584;537153536;0;0;0;0;0;0;0;0;0;0;0;3496;0;0;0;0;0;0;
23837;5508280;571326464;30019584;537153536;0;0;0;0;0;0;0;0;0;0;0;3376;0;0;0;0;0;0;
23838;2903225;571326464;30019584;537153536;0;0;0;0;0;0;0;0;0;0;0;3366;0;0;0;0;0;0;
23839;5322462;571326464;30019584;537153536;0;0;0;0;0;0;0;0;0;0;0;5280;0;0;0;0;0;0;
23840;2705243;571326464;30019584;537153536;0;0;0;0;0;0;0;0;0;0;0;3897;0;0;0;0;0;0;
23841;5377024;571326464;30019584;537153536;0;0;0;0;0;0;0;0;0;0;0;3006;0;0;0;0;0;0;
23842;2665128;571326464;30019584;537153536;0;0;0;0;0;0;0;0;0;0;0;3045;0;0;0;0;0;0;
23843;5030043;571326464;30019584;537153536;0;0;0;0;0;0;0;0;0;0;0;4639;0;0;0;0;0;0;
23844;2709321;571326464;30019584;537153536;0;0;0;0;0;0;0;0;0;0;0;3457;0;0;0;0;0;0;
23845;4652696;571326464;30019584;537153536;0;0;0;0;0;0;0;0;0;0;0;2885;0;0;0;0;0;0;
23846;3329394;571326464;30019584;537153536;0;0;0;0;0;0;0;0;0;0;0;3557;0;0;0;0;0;0;
23847;4705815;571326464;30019584;537153536;0;0;0;0;0;0;0;0;0;0;0;3266;0;0;0;0;0;0;
23848;3306291;571326464;30019584;537153536;0;0;0;0;0;0;0;0;0;0;0;89928;0;0;0;0;0;0;
23849;5173983;571326464;30019584;537153536;0;0;0;0;0;0;0;0;0;0;0;4359;0;0;0;0;0;0;
23850;4139463;571326464;30019584;537153536;0;0;0;0;0;0;0;0;0;0;0;3386;0;0;0;0;0;0;
23851;4938542;571326464;30019584;537153536;0;0;0;0;0;0;0;0;0;0;0;46317;0;0;0;0;0;0;
23852;3240988;571326464;30019584;537153536;0;0;0;0;0;0;0;0;0;0;0;4168;0;0;0;0;0;0;
23853;4553389;571326464;30019584;537153536;0;0;0;0;0;0;0;0;0;0;0;2544;0;0;0;0;0;0;
23854;2556665;571326464;30019584;537153536;0;0;0;0;0;0;0;0;0;0;0;2595;0;0;0;0;0;0;
23855;5364250;571326464;30019584;537153536;0;0;0;0;0;0;0;0;0;0;0;3827;0;0;0;0;0;0;
23856;2433945;571326464;30019584;537153536;0;0;0;0;0;0;0;0;0;0;0;3757;0;0;0;0;0;0;
23857;4713509;571326464;30019584;537153536;0;0;0;0;0;0;0;0;0;0;0;1774;0;0;0;0;0;0;
23858;2684735;571326464;30019584;537153536;0;0;0;0;0;0;0;0;0;0;0;3136;0;0;0;0;0;0;
23859;4493788;571326464;30019584;537153536;0;0;0;0;0;0;0;0;0;0;0;2023;0;0;0;0;0;0;
23860;2858421;571326464;30019584;537153536;0;0;0;0;0;0;0;0;0;0;0;2735;0;0;0;0;0;0;
23861;4461788;571326464;30019584;537153536;0;0;0;0;0;0;0;0;0;0;0;2174;0;0;0;0;0;0;
23862;3029000;571326464;30019584;537153536;0;0;0;0;0;0;0;0;0;0;0;3958;0;0;0;0;0;0;
23863;4427944;571326464;30019584;537153536;0;0;0;0;0;0;0;0;0;0;0;1663;0;0;0;0;0;0;
23864;3213988;571326464;30019584;537153536;0;0;0;0;0;0;0;0;0;0;0;3156;0;0;0;0;0;0;
23865;4737635;571326464;30019584;537153536;0;0;0;0;0;0;0;0;0;0;0;1964;0;0;0;0;0;0;
23866;2700544;571326464;30019584;537153536;0;0;0;0;0;0;0;0;0;0;0;4338;0;0;0;0;0;0;
23867;4448693;571326464;30019584;537153536;0;0;0;0;0;0;0;0;0;0;0;1633;0;0;0;0;0;0;
23868;2912933;571326464;30019584;537153536;0;0;0;0;0;0;0;0;0;0;0;3787;0;0;0;0;0;0;
23869;4583737;571326464;30019584;537153536;0;0;0;0;0;0;0;0;0;0;0;2294;0;0;0;0;0;0;
23870;3295500;571326464;30019584;537153536;0;0;0;0;0;0;0;0;0;0;0;4959;0;0;0;0;0;0;
23871;4772190;571326464;30019584;537153536;0;0;0;0;0;0;0;0;0;0;0;2565;0;0;0;0;0;0;
23872;3881680;571326464;30019584;537153536;0;0;0;0;0;0;0;0;0;0;0;4188;0;0;0;0;0;0;
23873;4517072;571326464;30019584;537153536;0;0;0;0;0;0;0;0;0;0;0;2074;0;0;0;0;0;0;
23874;2980960;571326464;30019584;537153536;0;0;0;0;0;0;0;0;0;0;0;5190;0;0;0;0;0;0;
23875;4762401;571326464;30019584;537153536;0;0;0;0;0;0;0;0;0;0;0;2845;0;0;0;0;0;0;
23876;2855355;571326464;30019584;537153536;0;0;0;0;0;0;0;0;0;0;0;4078;0;0;0;0;0;0;
23877;5553365;571326464;30019584;537153536;0;0;0;0;0;0;0;0;0;0;0;3747;0;0;0;0;0;0;
23878;2950163;571326464;30019584;537153536;0;0;0;0;0;0;0;0;0;0;0;3827;0;0;0;0;0;0;
23879;5064518;571326464;30019584;537153536;0;0;0;0;0;0;0;0;0;0;0;4228;0;0;0;0;0;0;
23880;2854303;571326464;30019584;537153536;0;0;0;0;0;0;0;0;0;0;0;4458;0;0;0;0;0;0;
23881;4921890;571326464;30019584;537153536;0;0;0;0;0;0;0;0;0;0;0;4779;0;0;0;0;0;0;
23882;2818516;571326464;30019584;537153536;0;0;0;0;0;0;0;0;0;0;0;4609;0;0;0;0;0;0;
23883;4563248;571326464;30019584;537153536;0;0;0;0;0;0;0;0;0;0;0;2144;0;0;0;0;0;0;
23884;3255365;571326464;30019584;537153536;0;0;0;0;0;0;0;0;0;0;0;6111;0;0;0;0;0;0;
23885;5423552;571326464;30019584;537153536;0;0;0;0;0;0;0;0;0;0;0;3136;0;0;0;0;0;0;
23886;3040081;571326464;30019584;537153536;0;0;0;0;0;0;0;0;0;0;0;4688;0;0;0;0;0;0;
23887;5038138;571326464;30019584;537153536;0;0;0;0;0;0;0;0;0;0;0;4458;0;0;0;0;0;0;
23888;2810872;571326464;30019584;537153536;0;0;0;0;0;0;0;0;0;0;0;3737;0;0;0;0;0;0;
23889;5449379;571326464;30019584;537153536;0;0;0;0;0;0;0;0;0;0;0;4839;0;0;0;0;0;0;
23890;2589356;571326464;30019584;537153536;0;0;0;0;0;0;0;0;0;0;0;5540;0;0;0;0;0;0;
23891;4659979;571326464;30019584;537153536;0;0;0;0;0;0;0;0;0;0;0;2144;0;0;0;0;0;0;
23892;2902283;571326464;30019584;537153536;0;0;0;0;0;0;0;0;0;0;0;4859;0;0;0;0;0;0;
23893;4508325;571326464;30019584;537153536;0;0;0;0;0;0;0;0;0;0;0;3276;0;0;0;0;0;0;
23894;2770826;571326464;30019584;537153536;0;0;0;0;0;0;0;0;0;0;0;3877;0;0;0;0;0;0;
23895;4868931;571326464;30019584;537153536;0;0;0;0;0;0;0;0;0;0;0;4208;0;0;0;0;0;0;
23896;2466045;571326464;30019584;537153536;0;0;0;0;0;0;0;0;0;0;0;3867;0;0;0;0;0;0;
23897;4508295;571326464;30019584;537153536;0;0;0;0;0;0;0;0;0;0;0;2715;0;0;0;0;0;0;
23898;2563127;571326464;30019584;537153536;0;0;0;0;0;0;0;0;0;0;0;3527;0;0;0;0;0;0;
23899;4251884;571326464;30019584;537153536;0;0;0;0;0;0;0;0;0;0;0;1543;0;0;0;0;0;0;
23900;3023100;571326464;30019584;537153536;0;0;0;0;0;0;0;0;0;0;0;4408;0;0;0;0;0;0;
23901;4200137;571326464;30019584;537153536;0;0;0;0;0;0;0;0;0;0;0;1793;0;0;0;0;0;0;
23902;2796183;571326464;30019584;537153536;0;0;0;0;0;0;0;0;0;0;0;3647;0;0;0;0;0;0;
23903;4374965;571326464;30019584;537153536;0;0;0;0;0;0;0;0;0;0;0;1523;0;0;0;0;0;0;
23904;2613581;571326464;30019584;537153536;0;0;0;0;0;0;0;0;0;0;0;3807;0;0;0;0;0;0;
23905;4156695;571326464;30019584;537153536;0;0;0;0;0;0;0;0;0;0;0;1783;0;0;0;0;0;0;
23906;2787177;571326464;30019584;537153536;0;0;0;0;0;0;0;0;0;0;0;4098;0;0;0;0;0;0;
23907;4247235;571326464;30019584;537153536;0;0;0;0;0;0;0;0;0;0;0;1753;0;0;0;0;0;0;
23908;2995398;571326464;30019584;537153536;0;0;0;0;0;0;0;0;0;0;0;4208;0;0;0;0;0;0;
23909;4502224;571326464;30019584;537153536;0;0;0;0;0;0;0;0;0;0;0;1983;0;0;0;0;0;0;
23910;3140650;571326464;30019584;537153536;0;0;0;0;0;0;0;0;0;0;0;3537;0;0;0;0;0;0;
23911;4403207;571326464;30019584;537153536;0;0;0;0;0;0;0;0;0;0;0;2064;0;0;0;0;0;0;
23912;3303576;571326464;30019584;537153536;0;0;0;0;0;0;0;0;0;0;0;4268;0;0;0;0;0;0;
23913;4552168;571326464;30019584;537153536;0;0;0;0;0;0;0;0;0;0;0;2234;0;0;0;0;0;0;
23914;3134248;571326464;30019584;537153536;0;0;0;0;0;0;0;0;0;0;0;3847;0;0;0;0;0;0;
23915;4838925;571326464;30019584;537153536;0;0;0;0;0;0;0;0;0;0;0;2896;0;0;0;0;0;0;
23916;3424723;571326464;30019584;537153536;0;0;0;0;0;0;0;0;0;0;0;3667;0;0;0;0;0;0;
23917;5128478;571326464;30019584;537153536;0;0;0;0;0;0;0;0;0;0;0;3487;0;0;0;0;0;0;
23918;3470268;571326464;30019584;537153536;0;0;0;0;0;0;0;0;0;0;0;4318;0;0;0;0;0;0;
23919;5552243;571326464;30019584;537153536;0;0;0;0;0;0;0;0;0;0;0;5050;0;0;0;0;0;0;
23920;3563483;571326464;30019584;537153536;0;0;0;0;0;0;0;0;0;0;0;4188;0;0;0;0;0;0;
23921;5408233;571326464;30019584;537153536;0;0;0;0;0;0;0;0;0;0;0;4018;0;0;0;0;0;0;
23922;3637211;571326464;30019584;537153536;0;0;0;0;0;0;0;0;0;0;0;4859;0;0;0;0;0;0;
23923;5082432;571326464;30019584;537153536;0;0;0;0;0;0;0;0;0;0;0;3547;0;0;0;0;0;0;
23924;3700700;571326464;30019584;537153536;0;0;0;0;0;0;0;0;0;0;0;3587;0;0;0;0;0;0;
23925;5422679;571326464;30019584;537153536;0;0;0;0;0;0;0;0;0;0;0;3577;0;0;0;0;0;0;
23926;2989457;571326464;30019584;537153536;0;0;0;0;0;0;0;0;0;0;0;3196;0;0;0;0;0;0;
23927;4872598;571326464;30019584;537153536;0;0;0;0;0;0;0;0;0;0;0;3657;0;0;0;0;0;0;
23928;3027778;571326464;30019584;537153536;0;0;0;0;0;0;0;0;0;0;0;4479;0;0;0;0;0;0;
23929;4779834;571326464;30019584;537153536;0;0;0;0;0;0;0;0;0;0;0;3807;0;0;0;0;0;0;
23930;2922200;571326464;30019584;537153536;0;0;0;0;0;0;0;0;0;0;0;4068;0;0;0;0;0;0;
23931;4555683;571326464;30019584;537153536;0;0;0;0;0;0;0;0;0;0;0;1994;0;0;0;0;0;0;
23932;2805692;571326464;30019584;537153536;0;0;0;0;0;0;0;0;0;0;0;3627;0;0;0;0;0;0;
23933;5222634;571326464;30019584;537153536;0;0;0;0;0;0;0;0;0;0;0;3316;0;0;0;0;0;0;
23934;2437772;571326464;30019584;537153536;0;0;0;0;0;0;0;0;0;0;0;4318;0;0;0;0;0;0;
23935;4816032;571326464;30019584;537153536;0;0;0;0;0;0;0;0;0;0;0;4188;0;0;0;0;0;0;
23936;3262107;571326464;30019584;537153536;0;0;0;0;0;0;0;0;0;0;0;3447;0;0;0;0;0;0;
23937;4489780;571326464;30019584;537153536;0;0;0;0;0;0;0;0;0;0;0;2244;0;0;0;0;0;0;
23938;2773932;571326464;30019584;537153536;0;0;0;0;0;0;0;0;0;0;0;3637;0;0;0;0;0;0;
23939;4391977;571326464;30019584;537153536;0;0;0;0;0;0;0;0;0;0;0;1933;0;0;0;0;0;0;
23940;2674436;571326464;30019584;537153536;0;0;0;0;0;0;0;0;0;0;0;3887;0;0;0;0;0;0;
23941;4574218;571326464;30019584;537153536;0;0;0;0;0;0;0;0;0;0;0;1924;0;0;0;0;0;0;
23942;3088842;571326464;30019584;537153536;0;0;0;0;0;0;0;0;0;0;0;3777;0;0;0;0;0;0;
23943;4502494;571326464;30019584;537153536;0;0;0;0;0;0;0;0;0;0;0;1683;0;0;0;0;0;0;
23944;3181767;571326464;30019584;537153536;0;0;0;0;0;0;0;0;0;0;0;3476;0;0;0;0;0;0;
23945;4516571;571326464;30019584;537153536;0;0;0;0;0;0;0;0;0;0;0;1924;0;0;0;0;0;0;
23946;2721194;571326464;30019584;537153536;0;0;0;0;0;0;0;0;0;0;0;4619;0;0;0;0;0;0;
23947;4401885;571326464;30019584;537153536;0;0;0;0;0;0;0;0;0;0;0;1633;0;0;0;0;0;0;
23948;2853271;571326464;30019584;537153536;0;0;0;0;0;0;0;0;0;0;0;4108;0;0;0;0;0;0;
23949;4313149;571326464;30019584;537153536;0;0;0;0;0;0;0;0;0;0;0;1723;0;0;0;0;0;0;
23950;3137614;571326464;30019584;537153536;0;0;0;0;0;0;0;0;0;0;0;4678;0;0;0;0;0;0;
23951;4324991;571326464;30019584;537153536;0;0;0;0;0;0;0;0;0;0;0;2595;0;0;0;0;0;0;
23952;3020024;571326464;30019584;537153536;0;0;0;0;0;0;0;0;0;0;0;4077;0;0;0;0;0;0;
23953;4851308;571326464;30019584;537153536;0;0;0;0;0;0;0;0;0;0;0;49273;0;0;0;0;0;0;
23954;3535430;571326464;30019584;537153536;0;0;0;0;0;0;0;0;0;0;0;5510;0;0;0;0;0;0;
23955;4924014;571326464;30019584;537153536;0;0;0;0;0;0;0;0;0;0;0;4218;0;0;0;0;0;0;
23956;4456147;571326464;30019584;537153536;0;0;0;0;0;0;0;0;0;0;0;4669;0;0;0;0;0;0;
23957;4673826;571326464;30019584;537153536;0;0;0;0;0;0;0;0;0;0;0;2665;0;0;0;0;0;0;
23958;3455420;571326464;30019584;537153536;0;0;0;0;0;0;0;0;0;0;0;3276;0;0;0;0;0;0;
23959;4902294;571326464;30019584;537153536;0;0;0;0;0;0;0;0;0;0;0;2234;0;0;0;0;0;0;
23960;3666706;571326464;30019584;537153536;0;0;0;0;0;0;0;0;0;0;0;39534;0;0;0;0;0;0;
23961;4816362;571326464;30019584;537153536;0;0;0;0;0;0;0;0;0;0;0;2174;0;0;0;0;0;0;
23962;2897113;571326464;30019584;537153536;0;0;0;0;0;0;0;0;0;0;0;3616;0;0;0;0;0;0;
23963;4599125;571326464;30019584;537153536;0;0;0;0;0;0;0;0;0;0;0;1724;0;0;0;0;0;0;
23964;3545690;571326464;30019584;537153536;0;0;0;0;0;0;0;0;0;0;0;3436;0;0;0;0;0;0;
23965;4505750;571326464;30019584;537153536;0;0;0;0;0;0;0;0;0;0;0;1954;0;0;0;0;0;0;
23966;2769133;571326464;30019584;537153536;0;0;0;0;0;0;0;0;0;0;0;3186;0;0;0;0;0;0;
23967;4832793;571326464;30019584;537153536;0;0;0;0;0;0;0;0;0;0;0;4268;0;0;0;0;0;0;
23968;3246629;571326464;30019584;537153536;0;0;0;0;0;0;0;0;0;0;0;3367;0;0;0;0;0;0;
23969;5155830;571326464;30019584;537153536;0;0;0;0;0;0;0;0;0;0;0;3687;0;0;0;0;0;0;
23970;3017479;571326464;30019584;537153536;0;0;0;0;0;0;0;0;0;0;0;4940;0;0;0;0;0;0;
23971;5260295;571326464;30019584;537153536;0;0;0;0;0;0;0;0;0;0;0;4227;0;0;0;0;0;0;
23972;3665143;571326464;30019584;537153536;0;0;0;0;0;0;0;0;0;0;0;3868;0;0;0;0;0;0;
23973;5454970;571326464;30019584;537153536;0;0;0;0;0;0;0;0;0;0;0;3807;0;0;0;0;0;0;
23974;3488523;571326464;30019584;537153536;0;0;0;0;0;0;0;0;0;0;0;3547;0;0;0;0;0;0;
23975;10906063;571326464;30019584;537153536;0;0;0;0;0;0;0;0;0;0;0;3356;0;0;0;0;0;0;
23976;6329891;571326464;30019584;537153536;0;0;0;0;0;0;0;0;0;0;0;3707;0;0;0;0;0;0;
23977;4655350;571326464;30019584;537153536;0;0;0;0;0;0;0;0;0;0;0;2464;0;0;0;0;0;0;
23978;3219037;571326464;30019584;537153536;0;0;0;0;0;0;0;0;0;0;0;4228;0;0;0;0;0;0;
23979;4226386;571326464;30019584;537153536;0;0;0;0;0;0;0;0;0;0;0;1713;0;0;0;0;0;0;
23980;3017078;571326464;30019584;537153536;0;0;0;0;0;0;0;0;0;0;0;3958;0;0;0;0;0;0;
23981;4339137;571326464;30019584;537153536;0;0;0;0;0;0;0;0;0;0;0;2024;0;0;0;0;0;0;
23982;3088142;571326464;30019584;537153536;0;0;0;0;0;0;0;0;0;0;0;3697;0;0;0;0;0;0;
23983;4537970;571326464;30019584;537153536;0;0;0;0;0;0;0;0;0;0;0;2314;0;0;0;0;0;0;
23984;3114611;571326464;30019584;537153536;0;0;0;0;0;0;0;0;0;0;0;4358;0;0;0;0;0;0;
23985;5130090;571326464;30019584;537153536;0;0;0;0;0;0;0;0;0;0;0;2885;0;0;0;0;0;0;
23986;3310137;571326464;30019584;537153536;0;0;0;0;0;0;0;0;0;0;0;4940;0;0;0;0;0;0;
23987;4420140;571326464;30019584;537153536;0;0;0;0;0;0;0;0;0;0;0;2284;0;0;0;0;0;0;
23988;3058747;571326464;30019584;537153536;0;0;0;0;0;0;0;0;0;0;0;3487;0;0;0;0;0;0;
23989;5050481;571326464;30019584;537153536;0;0;0;0;0;0;0;0;0;0;0;4829;0;0;0;0;0;0;
23990;3865900;571326464;30019584;537153536;0;0;0;0;0;0;0;0;0;0;0;4078;0;0;0;0;0;0;
23991;5419894;571326464;30019584;537153536;0;0;0;0;0;0;0;0;0;0;0;4569;0;0;0;0;0;0;
23992;3990854;571326464;30019584;537153536;0;0;0;0;0;0;0;0;0;0;0;4539;0;0;0;0;0;0;
23993;5040964;571326464;30019584;537153536;0;0;0;0;0;0;0;0;0;0;0;3837;0;0;0;0;0;0;
23994;3189101;571326464;30019584;537153536;0;0;0;0;0;0;0;0;0;0;0;4529;0;0;0;0;0;0;
23995;4792588;571326464;30019584;537153536;0;0;0;0;0;0;0;0;0;0;0;1793;0;0;0;0;0;0;
23996;3525071;571326464;30019584;537153536;0;0;0;0;0;0;0;0;0;0;0;4659;0;0;0;0;0;0;
23997;5301622;571326464;30019584;537153536;0;0;0;0;0;0;0;0;0;0;0;4449;0;0;0;0;0;0;
23998;3048066;571326464;30019584;537153536;0;0;0;0;0;0;0;0;0;0;0;4739;0;0;0;0;0;0;
23999;5207275;571326464;30019584;537153536;0;0;0;0;0;0;0;0;0;0;0;3366;0;0;0;0;0;0;
24000;2757091;571326464;30019584;537153536;0;0;0;0;0;0;0;0;0;0;0;5631;0;0;0;0;0;0;
24001;4916260;571326464;30019584;537153536;0;0;0;0;0;0;0;0;0;0;0;2645;0;0;0;0;0;0;
24002;3054118;571326464;30019584;537153536;0;0;0;0;0;0;0;0;0;0;0;4979;0;0;0;0;0;0;
24003;5093853;571326464;30019584;537153536;0;0;0;0;0;0;0;0;0;0;0;3136;0;0;0;0;0;0;
24004;2920166;571326464;30019584;537153536;0;0;0;0;0;0;0;0;0;0;0;3016;0;0;0;0;0;0;
24005;5141132;571326464;30019584;537153536;0;0;0;0;0;0;0;0;0;0;0;3567;0;0;0;0;0;0;
24006;3173702;571326464;30019584;537153536;0;0;0;0;0;0;0;0;0;0;0;3356;0;0;0;0;0;0;
24007;5063015;571326464;30019584;537153536;0;0;0;0;0;0;0;0;0;0;0;4258;0;0;0;0;0;0;
24008;2718478;571326464;30019584;537153536;0;0;0;0;0;0;0;0;0;0;0;3346;0;0;0;0;0;0;
24009;4628831;571326464;30019584;537153536;0;0;0;0;0;0;0;0;0;0;0;1703;0;0;0;0;0;0;
24010;3172350;571326464;30019584;537153536;0;0;0;0;0;0;0;0;0;0;0;3828;0;0;0;0;0;0;
24011;4407225;571326464;30019584;537153536;0;0;0;0;0;0;0;0;0;0;0;1924;0;0;0;0;0;0;
24012;3132384;571326464;30019584;537153536;0;0;0;0;0;0;0;0;0;0;0;3576;0;0;0;0;0;0;
24013;4118644;571326464;30019584;537153536;0;0;0;0;0;0;0;0;0;0;0;1864;0;0;0;0;0;0;
24014;3429091;571326464;30019584;537153536;0;0;0;0;0;0;0;0;0;0;0;3056;0;0;0;0;0;0;
24015;4507073;571326464;30019584;537153536;0;0;0;0;0;0;0;0;0;0;0;1793;0;0;0;0;0;0;
24016;2817715;571326464;30019584;537153536;0;0;0;0;0;0;0;0;0;0;0;3056;0;0;0;0;0;0;
24017;4717307;571326464;30019584;537153536;0;0;0;0;0;0;0;0;0;0;0;2715;0;0;0;0;0;0;
24018;3466831;571326464;30019584;537153536;0;0;0;0;0;0;0;0;0;0;0;3707;0;0;0;0;0;0;
24019;4810772;571326464;30019584;537153536;0;0;0;0;0;0;0;0;0;0;0;1743;0;0;0;0;0;0;
24020;2952738;571326464;30019584;537153536;0;0;0;0;0;0;0;0;0;0;0;3226;0;0;0;0;0;0;
24021;4286338;571326464;30019584;537153536;0;0;0;0;0;0;0;0;0;0;0;2184;0;0;0;0;0;0;
24022;3121514;571326464;30019584;537153536;0;0;0;0;0;0;0;0;0;0;0;3987;0;0;0;0;0;0;
24023;4570061;571326464;30019584;537153536;0;0;0;0;0;0;0;0;0;0;0;1753;0;0;0;0;0;0;
24024;3581266;571326464;30019584;537153536;0;0;0;0;0;0;0;0;0;0;0;4899;0;0;0;0;0;0;
24025;4570231;571326464;30019584;537153536;0;0;0;0;0;0;0;0;0;0;0;2074;0;0;0;0;0;0;
24026;3679240;571326464;30019584;537153536;0;0;0;0;0;0;0;0;0;0;0;4679;0;0;0;0;0;0;
24027;4475343;571326464;30019584;537153536;0;0;0;0;0;0;0;0;0;0;0;2264;0;0;0;0;0;0;
24028;2760417;571326464;30019584;537153536;0;0;0;0;0;0;0;0;0;0;0;4829;0;0;0;0;0;0;
24029;4811393;571326464;30019584;537153536;0;0;0;0;0;0;0;0;0;0;0;4178;0;0;0;0;0;0;
24030;3885086;571326464;30019584;537153536;0;0;0;0;0;0;0;0;0;0;0;4909;0;0;0;0;0;0;
24031;4720061;571326464;30019584;537153536;0;0;0;0;0;0;0;0;0;0;0;2113;0;0;0;0;0;0;
24032;3003814;571326464;30019584;537153536;0;0;0;0;0;0;0;0;0;0;0;4779;0;0;0;0;0;0;
24033;4560423;571326464;30019584;537153536;0;0;0;0;0;0;0;0;0;0;0;3908;0;0;0;0;0;0;
24034;3860640;571326464;30019584;537153536;0;0;0;0;0;0;0;0;0;0;0;3446;0;0;0;0;0;0;
24035;5101638;571326464;30019584;537153536;0;0;0;0;0;0;0;0;0;0;0;4378;0;0;0;0;0;0;
24036;2998523;571326464;30019584;537153536;0;0;0;0;0;0;0;0;0;0;0;4599;0;0;0;0;0;0;
24037;4945715;571326464;30019584;537153536;0;0;0;0;0;0;0;0;0;0;0;5540;0;0;0;0;0;0;
24038;2609233;571326464;30019584;537153536;0;0;0;0;0;0;0;0;0;0;0;4849;0;0;0;0;0;0;
24039;4564039;571326464;30019584;537153536;0;0;0;0;0;0;0;0;0;0;0;3246;0;0;0;0;0;0;
24040;2638609;571326464;30019584;537153536;0;0;0;0;0;0;0;0;0;0;0;3216;0;0;0;0;0;0;
24041;5002642;571326464;30019584;537153536;0;0;0;0;0;0;0;0;0;0;0;4027;0;0;0;0;0;0;
24042;3226742;571326464;30019584;537153536;0;0;0;0;0;0;0;0;0;0;0;3637;0;0;0;0;0;0;
24043;4795143;571326464;30019584;537153536;0;0;0;0;0;0;0;0;0;0;0;3226;0;0;0;0;0;0;
24044;3071550;571326464;30019584;537153536;0;0;0;0;0;0;0;0;0;0;0;4359;0;0;0;0;0;0;
24045;4661372;571326464;30019584;537153536;0;0;0;0;0;0;0;0;0;0;0;3076;0;0;0;0;0;0;
24046;3326438;571326464;30019584;537153536;0;0;0;0;0;0;0;0;0;0;0;4087;0;0;0;0;0;0;
24047;5169555;571326464;30019584;537153536;0;0;0;0;0;0;0;0;0;0;0;4398;0;0;0;0;0;0;
24048;3631821;571326464;30019584;537153536;0;0;0;0;0;0;0;0;0;0;0;5160;0;0;0;0;0;0;
24049;5030554;571326464;30019584;537153536;0;0;0;0;0;0;0;0;0;0;0;3386;0;0;0;0;0;0;
24050;3166499;571326464;30019584;537153536;0;0;0;0;0;0;0;0;0;0;0;4097;0;0;0;0;0;0;
24051;5076000;571326464;30019584;537153536;0;0;0;0;0;0;0;0;0;0;0;3757;0;0;0;0;0;0;
24052;3273379;571326464;30019584;537153536;0;0;0;0;0;0;0;0;0;0;0;4960;0;0;0;0;0;0;
24053;5019183;571326464;30019584;537153536;0;0;0;0;0;0;0;0;0;0;0;3947;0;0;0;0;0;0;
24054;3286784;571326464;30019584;537153536;0;0;0;0;0;0;0;0;0;0;0;3697;0;0;0;0;0;0;
24055;5289220;571326464;30019584;537153536;0;0;0;0;0;0;0;0;0;0;0;4859;0;0;0;0;0;0;
24056;3312042;571326464;30019584;537153536;0;0;0;0;0;0;0;0;0;0;0;3516;0;0;0;0;0;0;
24057;5040643;571326464;30019584;537153536;0;0;0;0;0;0;0;0;0;0;0;3917;0;0;0;0;0;0;
24058;3336938;571326464;30019584;537153536;0;0;0;0;0;0;0;0;0;0;0;3907;0;0;0;0;0;0;
24059;4933362;571326464;30019584;537153536;0;0;0;0;0;0;0;0;0;0;0;3848;0;0;0;0;0;0;
24060;3444079;571326464;30019584;537153536;0;0;0;0;0;0;0;0;0;0;0;3166;0;0;0;0;0;0;
24061;4862990;571326464;30019584;537153536;0;0;0;0;0;0;0;0;0;0;0;3647;0;0;0;0;0;0;
24062;2897043;571326464;30019584;537153536;0;0;0;0;0;0;0;0;0;0;0;3406;0;0;0;0;0;0;
24063;4945144;571326464;30019584;537153536;0;0;0;0;0;0;0;0;0;0;0;4458;0;0;0;0;0;0;
24064;3303205;571326464;30019584;537153536;0;0;0;0;0;0;0;0;0;0;0;4118;0;0;0;0;0;0;
24065;5168783;571326464;30019584;537153536;0;0;0;0;0;0;0;0;0;0;0;3357;0;0;0;0;0;0;
24066;3316620;571326464;30019584;537153536;0;0;0;0;0;0;0;0;0;0;0;4849;0;0;0;0;0;0;
24067;5135491;571326464;30019584;537153536;0;0;0;0;0;0;0;0;0;0;0;4488;0;0;0;0;0;0;
24068;3180846;571326464;30019584;537153536;0;0;0;0;0;0;0;0;0;0;0;5210;0;0;0;0;0;0;
24069;5671256;571326464;30019584;537153536;0;0;0;0;0;0;0;0;0;0;0;4027;0;0;0;0;0;0;
24070;3126543;571326464;30019584;537153536;0;0;0;0;0;0;0;0;0;0;0;4889;0;0;0;0;0;0;
24071;5718043;571326464;30019584;537153536;0;0;0;0;0;0;0;0;0;0;0;4358;0;0;0;0;0;0;
24072;3416958;571326464;30019584;537153536;0;0;0;0;0;0;0;0;0;0;0;4217;0;0;0;0;0;0;
24073;5434442;571326464;30019584;537153536;0;0;0;0;0;0;0;0;0;0;0;4328;0;0;0;0;0;0;
24074;3339773;571326464;30019584;537153536;0;0;0;0;0;0;0;0;0;0;0;4018;0;0;0;0;0;0;
24075;5588310;571326464;30019584;537153536;0;0;0;0;0;0;0;0;0;0;0;4098;0;0;0;0;0;0;
24076;2942138;571326464;30019584;537153536;0;0;0;0;0;0;0;0;0;0;0;4749;0;0;0;0;0;0;
24077;4897355;571326464;30019584;537153536;0;0;0;0;0;0;0;0;0;0;0;2595;0;0;0;0;0;0;
24078;3762406;571326464;30019584;537153536;0;0;0;0;0;0;0;0;0;0;0;3296;0;0;0;0;0;0;
24079;5173923;571326464;30019584;537153536;0;0;0;0;0;0;0;0;0;0;0;4458;0;0;0;0;0;0;
24080;2954521;571326464;30019584;537153536;0;0;0;0;0;0;0;0;0;0;0;3456;0;0;0;0;0;0;
24081;5104854;571326464;30019584;537153536;0;0;0;0;0;0;0;0;0;0;0;4749;0;0;0;0;0;0;
24082;2811352;571326464;30019584;537153536;0;0;0;0;0;0;0;0;0;0;0;3697;0;0;0;0;0;0;
24083;5291393;571326464;30019584;537153536;0;0;0;0;0;0;0;0;0;0;0;3647;0;0;0;0;0;0;
24084;2708499;571326464;30019584;537153536;0;0;0;0;0;0;0;0;0;0;0;3307;0;0;0;0;0;0;
24085;5203709;571326464;30019584;537153536;0;0;0;0;0;0;0;0;0;0;0;3526;0;0;0;0;0;0;
24086;2969429;571326464;30019584;537153536;0;0;0;0;0;0;0;0;0;0;0;3587;0;0;0;0;0;0;
24087;5052005;571326464;30019584;537153536;0;0;0;0;0;0;0;0;0;0;0;3938;0;0;0;0;0;0;
24088;3117296;571326464;30019584;537153536;0;0;0;0;0;0;0;0;0;0;0;4258;0;0;0;0;0;0;
24089;5078243;571326464;30019584;537153536;0;0;0;0;0;0;0;0;0;0;0;3186;0;0;0;0;0;0;
24090;2735149;571326464;30019584;537153536;0;0;0;0;0;0;0;0;0;0;0;5090;0;0;0;0;0;0;
24091;4555203;571326464;30019584;537153536;0;0;0;0;0;0;0;0;0;0;0;3777;0;0;0;0;0;0;
24092;3091689;571326464;30019584;537153536;0;0;0;0;0;0;0;0;0;0;0;4799;0;0;0;0;0;0;
24093;4416743;571326464;30019584;537153536;0;0;0;0;0;0;0;0;0;0;0;2454;0;0;0;0;0;0;
24094;3201014;571326464;30019584;537153536;0;0;0;0;0;0;0;0;0;0;0;4018;0;0;0;0;0;0;
24095;4253306;571326464;30019584;537153536;0;0;0;0;0;0;0;0;0;0;0;1543;0;0;0;0;0;0;
24096;3717282;571326464;30019584;537153536;0;0;0;0;0;0;0;0;0;0;0;3828;0;0;0;0;0;0;
24097;4430699;571326464;30019584;537153536;0;0;0;0;0;0;0;0;0;0;0;2334;0;0;0;0;0;0;
24098;3976337;571326464;30019584;537153536;0;0;0;0;0;0;0;0;0;0;0;4187;0;0;0;0;0;0;
24099;4471205;571326464;30019584;537153536;0;0;0;0;0;0;0;0;0;0;0;1934;0;0;0;0;0;0;
24100;2902774;571326464;30019584;537153536;0;0;0;0;0;0;0;0;0;0;0;3216;0;0;0;0;0;0;
24101;4646243;571326464;30019584;537153536;0;0;0;0;0;0;0;0;0;0;0;2384;0;0;0;0;0;0;
24102;3217834;571326464;30019584;537153536;0;0;0;0;0;0;0;0;0;0;0;3667;0;0;0;0;0;0;
24103;5347689;571326464;30019584;537153536;0;0;0;0;0;0;0;0;0;0;0;3076;0;0;0;0;0;0;
24104;3560608;571326464;30019584;537153536;0;0;0;0;0;0;0;0;0;0;0;4188;0;0;0;0;0;0;
24105;5463276;571326464;30019584;537153536;0;0;0;0;0;0;0;0;0;0;0;3818;0;0;0;0;0;0;
24106;3401729;571326464;30019584;537153536;0;0;0;0;0;0;0;0;0;0;0;3556;0;0;0;0;0;0;
24107;5133728;571326464;30019584;537153536;0;0;0;0;0;0;0;0;0;0;0;4809;0;0;0;0;0;0;
24108;2729128;571326464;30019584;537153536;0;0;0;0;0;0;0;0;0;0;0;3967;0;0;0;0;0;0;
24109;5237211;571326464;30019584;537153536;0;0;0;0;0;0;0;0;0;0;0;3516;0;0;0;0;0;0;
24110;3001809;571326464;30019584;537153536;0;0;0;0;0;0;0;0;0;0;0;4638;0;0;0;0;0;0;
24111;5232302;571326464;30019584;537153536;0;0;0;0;0;0;0;0;0;0;0;3096;0;0;0;0;0;0;
24112;2942078;571326464;30019584;537153536;0;0;0;0;0;0;0;0;0;0;0;5280;0;0;0;0;0;0;
24113;4865755;571326464;30019584;537153536;0;0;0;0;0;0;0;0;0;0;0;2895;0;0;0;0;0;0;
24114;2708139;571326464;30019584;537153536;0;0;0;0;0;0;0;0;0;0;0;3196;0;0;0;0;0;0;
24115;5003183;571326464;30019584;537153536;0;0;0;0;0;0;0;0;0;0;0;4900;0;0;0;0;0;0;
24116;3078934;571326464;30019584;537153536;0;0;0;0;0;0;0;0;0;0;0;3467;0;0;0;0;0;0;
24117;4290095;571326464;30019584;537153536;0;0;0;0;0;0;0;0;0;0;0;1954;0;0;0;0;0;0;
24118;3004745;571326464;30019584;537153536;0;0;0;0;0;0;0;0;0;0;0;3547;0;0;0;0;0;0;
24119;4563048;571326464;30019584;537153536;0;0;0;0;0;0;0;0;0;0;0;1793;0;0;0;0;0;0;
24120;3127786;571326464;30019584;537153536;0;0;0;0;0;0;0;0;0;0;0;4538;0;0;0;0;0;0;
24121;4549372;571326464;30019584;537153536;0;0;0;0;0;0;0;0;0;0;0;1833;0;0;0;0;0;0;
24122;3584823;571326464;30019584;537153536;0;0;0;0;0;0;0;0;0;0;0;3356;0;0;0;0;0;0;
24123;4553540;571326464;30019584;537153536;0;0;0;0;0;0;0;0;0;0;0;7584;0;0;0;0;0;0;
24124;3492219;571326464;30019584;537153536;0;0;0;0;0;0;0;0;0;0;0;4358;0;0;0;0;0;0;
24125;4549662;571326464;30019584;537153536;0;0;0;0;0;0;0;0;0;0;0;1884;0;0;0;0;0;0;
24126;3316119;571326464;30019584;537153536;0;0;0;0;0;0;0;0;0;0;0;4067;0;0;0;0;0;0;
24127;4430959;571326464;30019584;537153536;0;0;0;0;0;0;0;0;0;0;0;2765;0;0;0;0;0;0;
24128;2842651;571326464;30019584;537153536;0;0;0;0;0;0;0;0;0;0;0;4338;0;0;0;0;0;0;
24129;5392503;571326464;30019584;537153536;0;0;0;0;0;0;0;0;0;0;0;4348;0;0;0;0;0;0;
24130;3221321;571326464;30019584;537153536;0;0;0;0;0;0;0;0;0;0;0;4098;0;0;0;0;0;0;
24131;5030043;571326464;30019584;537153536;0;0;0;0;0;0;0;0;0;0;0;4729;0;0;0;0;0;0;
24132;3306962;571326464;30019584;537153536;0;0;0;0;0;0;0;0;0;0;0;3757;0;0;0;0;0;0;
24133;5672859;571326464;30019584;537153536;0;0;0;0;0;0;0;0;0;0;0;3747;0;0;0;0;0;0;
24134;3806959;571326464;30019584;537153536;0;0;0;0;0;0;0;0;0;0;0;3867;0;0;0;0;0;0;
24135;5055351;571326464;30019584;537153536;0;0;0;0;0;0;0;0;0;0;0;4398;0;0;0;0;0;0;
24136;2857870;571326464;30019584;537153536;0;0;0;0;0;0;0;0;0;0;0;4338;0;0;0;0;0;0;
24137;5031145;571326464;30019584;537153536;0;0;0;0;0;0;0;0;0;0;0;2264;0;0;0;0;0;0;
24138;2655570;571326464;30019584;537153536;0;0;0;0;0;0;0;0;0;0;0;3677;0;0;0;0;0;0;
24139;4329449;571326464;30019584;537153536;0;0;0;0;0;0;0;0;0;0;0;2254;0;0;0;0;0;0;
24140;2997672;571326464;30019584;537153536;0;0;0;0;0;0;0;0;0;0;0;3657;0;0;0;0;0;0;
24141;5064288;571326464;30019584;537153536;0;0;0;0;0;0;0;0;0;0;0;2244;0;0;0;0;0;0;
24142;3037858;571326464;30019584;537153536;0;0;0;0;0;0;0;0;0;0;0;4348;0;0;0;0;0;0;
24143;4717777;571326464;30019584;537153536;0;0;0;0;0;0;0;0;0;0;0;1653;0;0;0;0;0;0;
24144;3332089;571326464;30019584;537153536;0;0;0;0;0;0;0;0;0;0;0;3807;0;0;0;0;0;0;
24145;4555533;571326464;30019584;537153536;0;0;0;0;0;0;0;0;0;0;0;2255;0;0;0;0;0;0;
24146;3329584;571326464;30019584;537153536;0;0;0;0;0;0;0;0;0;0;0;3526;0;0;0;0;0;0;
24147;4541968;571326464;30019584;537153536;0;0;0;0;0;0;0;0;0;0;0;1874;0;0;0;0;0;0;
24148;3162682;571326464;30019584;537153536;0;0;0;0;0;0;0;0;0;0;0;3136;0;0;0;0;0;0;
24149;4373021;571326464;30019584;537153536;0;0;0;0;0;0;0;0;0;0;0;2234;0;0;0;0;0;0;
24150;3023070;571326464;30019584;537153536;0;0;0;0;0;0;0;0;0;0;0;3366;0;0;0;0;0;0;
24151;4702870;571326464;30019584;537153536;0;0;0;0;0;0;0;0;0;0;0;1833;0;0;0;0;0;0;
24152;3290341;571326464;30019584;537153536;0;0;0;0;0;0;0;0;0;0;0;3677;0;0;0;0;0;0;
24153;4640633;571326464;30019584;537153536;0;0;0;0;0;0;0;0;0;0;0;1733;0;0;0;0;0;0;
24154;3628265;571326464;30019584;537153536;0;0;0;0;0;0;0;0;0;0;0;3997;0;0;0;0;0;0;
24155;4575211;571326464;30019584;537153536;0;0;0;0;0;0;0;0;0;0;0;1974;0;0;0;0;0;0;
24156;3781452;571326464;30019584;537153536;0;0;0;0;0;0;0;0;0;0;0;4188;0;0;0;0;0;0;
24157;4721755;571326464;30019584;537153536;0;0;0;0;0;0;0;0;0;0;0;2575;0;0;0;0;0;0;
24158;3324504;571326464;30019584;537153536;0;0;0;0;0;0;0;0;0;0;0;4047;0;0;0;0;0;0;
24159;4958539;571326464;30019584;537153536;0;0;0;0;0;0;0;0;0;0;0;2415;0;0;0;0;0;0;
24160;3051062;571326464;30019584;537153536;0;0;0;0;0;0;0;0;0;0;0;3356;0;0;0;0;0;0;
24161;4610026;571326464;30019584;537153536;0;0;0;0;0;0;0;0;0;0;0;2835;0;0;0;0;0;0;
24162;2851437;571326464;30019584;537153536;0;0;0;0;0;0;0;0;0;0;0;3957;0;0;0;0;0;0;
24163;4460345;571326464;30019584;537153536;0;0;0;0;0;0;0;0;0;0;0;2134;0;0;0;0;0;0;
24164;3585605;571326464;30019584;537153536;0;0;0;0;0;0;0;0;0;0;0;3797;0;0;0;0;0;0;
24165;5107329;571326464;30019584;537153536;0;0;0;0;0;0;0;0;0;0;0;3166;0;0;0;0;0;0;
24166;3178351;571326464;30019584;537153536;0;0;0;0;0;0;0;0;0;0;0;3948;0;0;0;0;0;0;
24167;5044962;571326464;30019584;537153536;0;0;0;0;0;0;0;0;0;0;0;3085;0;0;0;0;0;0;
24168;2677561;571326464;30019584;537153536;0;0;0;0;0;0;0;0;0;0;0;4269;0;0;0;0;0;0;
24169;5373838;571326464;30019584;537153536;0;0;0;0;0;0;0;0;0;0;0;3897;0;0;0;0;0;0;
24170;3267537;571326464;30019584;537153536;0;0;0;0;0;0;0;0;0;0;0;4889;0;0;0;0;0;0;
24171;5370512;571326464;30019584;537153536;0;0;0;0;0;0;0;0;0;0;0;3767;0;0;0;0;0;0;
24172;3187258;571326464;30019584;537153536;0;0;0;0;0;0;0;0;0;0;0;3527;0;0;0;0;0;0;
24173;5334525;571326464;30019584;537153536;0;0;0;0;0;0;0;0;0;0;0;3827;0;0;0;0;0;0;
24174;2789000;571326464;30019584;537153536;0;0;0;0;0;0;0;0;0;0;0;4038;0;0;0;0;0;0;
24175;4683403;571326464;30019584;537153536;0;0;0;0;0;0;0;0;0;0;0;2374;0;0;0;0;0;0;
24176;3278328;571326464;30019584;537153536;0;0;0;0;0;0;0;0;0;0;0;4238;0;0;0;0;0;0;
24177;5457374;571326464;30019584;537153536;0;0;0;0;0;0;0;0;0;0;0;3927;0;0;0;0;0;0;
24178;3557512;571326464;30019584;537153536;0;0;0;0;0;0;0;0;0;0;0;3977;0;0;0;0;0;0;
24179;4726825;571326464;30019584;537153536;0;0;0;0;0;0;0;0;0;0;0;3617;0;0;0;0;0;0;
24180;3085246;571326464;30019584;537153536;0;0;0;0;0;0;0;0;0;0;0;4038;0;0;0;0;0;0;
24181;4886103;571326464;30019584;537153536;0;0;0;0;0;0;0;0;0;0;0;1823;0;0;0;0;0;0;
24182;3123909;571326464;30019584;537153536;0;0;0;0;0;0;0;0;0;0;0;5190;0;0;0;0;0;0;
24183;4811684;571326464;30019584;537153536;0;0;0;0;0;0;0;0;0;0;0;2665;0;0;0;0;0;0;
24184;2990007;571326464;30019584;537153536;0;0;0;0;0;0;0;0;0;0;0;3997;0;0;0;0;0;0;
24185;4646344;571326464;30019584;537153536;0;0;0;0;0;0;0;0;0;0;0;3396;0;0;0;0;0;0;
24186;2874782;571326464;30019584;537153536;0;0;0;0;0;0;0;0;0;0;0;4799;0;0;0;0;0;0;
24187;4954512;571326464;30019584;537153536;0;0;0;0;0;0;0;0;0;0;0;3136;0;0;0;0;0;0;
24188;2560903;571326464;30019584;537153536;0;0;0;0;0;0;0;0;0;0;0;4578;0;0;0;0;0;0;
24189;4534935;571326464;30019584;537153536;0;0;0;0;0;0;0;0;0;0;0;2094;0;0;0;0;0;0;
24190;2858130;571326464;30019584;537153536;0;0;0;0;0;0;0;0;0;0;0;3196;0;0;0;0;0;0;
24191;4195078;571326464;30019584;537153536;0;0;0;0;0;0;0;0;0;0;0;1643;0;0;0;0;0;0;
24192;3571447;571326464;30019584;537153536;0;0;0;0;0;0;0;0;0;0;0;3967;0;0;0;0;0;0;
24193;4539653;571326464;30019584;537153536;0;0;0;0;0;0;0;0;0;0;0;2084;0;0;0;0;0;0;
24194;3068695;571326464;30019584;537153536;0;0;0;0;0;0;0;0;0;0;0;3466;0;0;0;0;0;0;
24195;4478018;571326464;30019584;537153536;0;0;0;0;0;0;0;0;0;0;0;2405;0;0;0;0;0;0;
24196;2784482;571326464;30019584;537153536;0;0;0;0;0;0;0;0;0;0;0;4528;0;0;0;0;0;0;
24197;5027549;571326464;30019584;537153536;0;0;0;0;0;0;0;0;0;0;0;2044;0;0;0;0;0;0;
24198;2912312;571326464;30019584;537153536;0;0;0;0;0;0;0;0;0;0;0;3827;0;0;0;0;0;0;
24199;4314842;571326464;30019584;537153536;0;0;0;0;0;0;0;0;0;0;0;1663;0;0;0;0;0;0;
24200;3228615;571326464;30019584;537153536;0;0;0;0;0;0;0;0;0;0;0;4198;0;0;0;0;0;0;
24201;4344358;571326464;30019584;537153536;0;0;0;0;0;0;0;0;0;0;0;2195;0;0;0;0;0;0;
24202;2997431;571326464;30019584;537153536;0;0;0;0;0;0;0;0;0;0;0;3988;0;0;0;0;0;0;
24203;5392764;571326464;30019584;537153536;0;0;0;0;0;0;0;0;0;0;0;3286;0;0;0;0;0;0;
24204;3764680;571326464;30019584;537153536;0;0;0;0;0;0;0;0;0;0;0;3547;0;0;0;0;0;0;
24205;5597968;571326464;30019584;537153536;0;0;0;0;0;0;0;0;0;0;0;3687;0;0;0;0;0;0;
24206;3094804;571326464;30019584;537153536;0;0;0;0;0;0;0;0;0;0;0;5540;0;0;0;0;0;0;
24207;5248222;571326464;30019584;537153536;0;0;0;0;0;0;0;0;0;0;0;4168;0;0;0;0;0;0;
24208;3480477;571326464;30019584;537153536;0;0;0;0;0;0;0;0;0;0;0;4429;0;0;0;0;0;0;
24209;5302524;571326464;30019584;537153536;0;0;0;0;0;0;0;0;0;0;0;3175;0;0;0;0;0;0;
24210;3337078;571326464;30019584;537153536;0;0;0;0;0;0;0;0;0;0;0;4058;0;0;0;0;0;0;
24211;5747309;571326464;30019584;537153536;0;0;0;0;0;0;0;0;0;0;0;4097;0;0;0;0;0;0;
24212;3918108;571326464;30019584;537153536;0;0;0;0;0;0;0;0;0;0;0;3747;0;0;0;0;0;0;
24213;5705370;571326464;30019584;537153536;0;0;0;0;0;0;0;0;0;0;0;3938;0;0;0;0;0;0;
24214;4004360;571326464;30019584;537153536;0;0;0;0;0;0;0;0;0;0;0;3286;0;0;0;0;0;0;
24215;5057665;571326464;30019584;537153536;0;0;0;0;0;0;0;0;0;0;0;4288;0;0;0;0;0;0;
24216;2821030;571326464;30019584;537153536;0;0;0;0;0;0;0;0;0;0;0;3126;0;0;0;0;0;0;
24217;5366584;571326464;30019584;537153536;0;0;0;0;0;0;0;0;0;0;0;2836;0;0;0;0;0;0;
24218;3380590;571326464;30019584;537153536;0;0;0;0;0;0;0;0;0;0;0;3466;0;0;0;0;0;0;
24219;10841081;571326464;30019584;537153536;0;0;0;0;0;0;0;0;0;0;0;7715;0;0;0;0;0;0;
24220;3073323;571326464;30019584;537153536;0;0;0;0;0;0;0;0;0;0;0;3556;0;0;0;0;0;0;
24221;5473334;571326464;30019584;537153536;0;0;0;0;0;0;0;0;0;0;0;4007;0;0;0;0;0;0;
24222;3434902;571326464;30019584;537153536;0;0;0;0;0;0;0;0;0;0;0;5130;0;0;0;0;0;0;
24223;5144559;571326464;30019584;537153536;0;0;0;0;0;0;0;0;0;0;0;3677;0;0;0;0;0;0;
24224;2913955;571326464;30019584;537153536;0;0;0;0;0;0;0;0;0;0;0;3978;0;0;0;0;0;0;
24225;5364651;571326464;30019584;537153536;0;0;0;0;0;0;0;0;0;0;0;3527;0;0;0;0;0;0;
24226;3141712;571326464;30019584;537153536;0;0;0;0;0;0;0;0;0;0;0;4137;0;0;0;0;0;0;
24227;4983416;571326464;30019584;537153536;0;0;0;0;0;0;0;0;0;0;0;4248;0;0;0;0;0;0;
24228;3505735;571326464;30019584;537153536;0;0;0;0;0;0;0;0;0;0;0;4859;0;0;0;0;0;0;
24229;5517748;571326464;30019584;537153536;0;0;0;0;0;0;0;0;0;0;0;3276;0;0;0;0;0;0;
24230;3723463;571326464;30019584;537153536;0;0;0;0;0;0;0;0;0;0;0;3637;0;0;0;0;0;0;
24231;4898767;571326464;30019584;537153536;0;0;0;0;0;0;0;0;0;0;0;4238;0;0;0;0;0;0;
24232;3793985;571326464;30019584;537153536;0;0;0;0;0;0;0;0;0;0;0;4889;0;0;0;0;0;0;
24233;4628931;571326464;30019584;537153536;0;0;0;0;0;0;0;0;0;0;0;3537;0;0;0;0;0;0;
24234;2978405;571326464;30019584;537153536;0;0;0;0;0;0;0;0;0;0;0;5891;0;0;0;0;0;0;
24235;4631035;571326464;30019584;537153536;0;0;0;0;0;0;0;0;0;0;0;2836;0;0;0;0;0;0;
24236;3138235;571326464;30019584;537153536;0;0;0;0;0;0;0;0;0;0;0;3847;0;0;0;0;0;0;
24237;5027679;571326464;30019584;537153536;0;0;0;0;0;0;0;0;0;0;0;3176;0;0;0;0;0;0;
24238;2706977;571326464;30019584;537153536;0;0;0;0;0;0;0;0;0;0;0;3867;0;0;0;0;0;0;
24239;4609855;571326464;30019584;537153536;0;0;0;0;0;0;0;0;0;0;0;3537;0;0;0;0;0;0;
24240;2683733;571326464;30019584;537153536;0;0;0;0;0;0;0;0;0;0;0;4148;0;0;0;0;0;0;
24241;4473470;571326464;30019584;537153536;0;0;0;0;0;0;0;0;0;0;0;1913;0;0;0;0;0;0;
24242;2655290;571326464;30019584;537153536;0;0;0;0;0;0;0;0;0;0;0;3236;0;0;0;0;0;0;
24243;4439055;571326464;30019584;537153536;0;0;0;0;0;0;0;0;0;0;0;1663;0;0;0;0;0;0;
24244;3479065;571326464;30019584;537153536;0;0;0;0;0;0;0;0;0;0;0;3256;0;0;0;0;0;0;
24245;4494730;571326464;30019584;537153536;0;0;0;0;0;0;0;0;0;0;0;2144;0;0;0;0;0;0;
24246;3422208;571326464;30019584;537153536;0;0;0;0;0;0;0;0;0;0;0;3256;0;0;0;0;0;0;
24247;4262724;571326464;30019584;537153536;0;0;0;0;0;0;0;0;0;0;0;1593;0;0;0;0;0;0;
24248;3343730;571326464;30019584;537153536;0;0;0;0;0;0;0;0;0;0;0;3687;0;0;0;0;0;0;
24249;4218201;571326464;30019584;537153536;0;0;0;0;0;0;0;0;0;0;0;1864;0;0;0;0;0;0;
24250;3272036;571326464;30019584;537153536;0;0;0;0;0;0;0;0;0;0;0;3496;0;0;0;0;0;0;
24251;4722928;571326464;30019584;537153536;0;0;0;0;0;0;0;0;0;0;0;1793;0;0;0;0;0;0;
24252;2925807;571326464;30019584;537153536;0;0;0;0;0;0;0;0;0;0;0;3416;0;0;0;0;0;0;
24253;4648157;571326464;30019584;537153536;0;0;0;0;0;0;0;0;0;0;0;1823;0;0;0;0;0;0;
24254;3973722;571326464;30019584;537153536;0;0;0;0;0;0;0;0;0;0;0;3757;0;0;0;0;0;0;
24255;4909658;571326464;30019584;537153536;0;0;0;0;0;0;0;0;0;0;0;3647;0;0;0;0;0;0;
24256;4405312;571326464;30019584;537153536;0;0;0;0;0;0;0;0;0;0;0;3076;0;0;0;0;0;0;
24257;5315870;571326464;30019584;537153536;0;0;0;0;0;0;0;0;0;0;0;3055;0;0;0;0;0;0;
24258;4094940;571326464;30019584;537153536;0;0;0;0;0;0;0;0;0;0;0;3526;0;0;0;0;0;0;
24259;4879821;571326464;30019584;537153536;0;0;0;0;0;0;0;0;0;0;0;3777;0;0;0;0;0;0;
24260;3691142;571326464;30019584;537153536;0;0;0;0;0;0;0;0;0;0;0;4207;0;0;0;0;0;0;
24261;4801304;571326464;30019584;537153536;0;0;0;0;0;0;0;0;0;0;0;3386;0;0;0;0;0;0;
24262;3747297;571326464;30019584;537153536;0;0;0;0;0;0;0;0;0;0;0;4409;0;0;0;0;0;0;
24263;5110574;571326464;30019584;537153536;0;0;0;0;0;0;0;0;0;0;0;3557;0;0;0;0;0;0;
24264;3803172;571326464;30019584;537153536;0;0;0;0;0;0;0;0;0;0;0;4849;0;0;0;0;0;0;
24265;5402722;571326464;30019584;537153536;0;0;0;0;0;0;0;0;0;0;0;2555;0;0;0;0;0;0;
24266;3731068;571326464;30019584;537153536;0;0;0;0;0;0;0;0;0;0;0;4609;0;0;0;0;0;0;
24267;4722036;571326464;30019584;537153536;0;0;0;0;0;0;0;0;0;0;0;1954;0;0;0;0;0;0;
24268;4248006;571326464;30019584;537153536;0;0;0;0;0;0;0;0;0;0;0;3196;0;0;0;0;0;0;
24269;5244736;571326464;30019584;537153536;0;0;0;0;0;0;0;0;0;0;0;2615;0;0;0;0;0;0;
24270;4162195;571326464;30019584;537153536;0;0;0;0;0;0;0;0;0;0;0;3457;0;0;0;0;0;0;
24271;5026727;571326464;30019584;537153536;0;0;0;0;0;0;0;0;0;0;0;2053;0;0;0;0;0;0;
24272;3640928;571326464;30019584;537153536;0;0;0;0;0;0;0;0;0;0;0;5090;0;0;0;0;0;0;
24273;4791166;571326464;30019584;537153536;0;0;0;0;0;0;0;0;0;0;0;3577;0;0;0;0;0;0;
24274;3895917;571326464;30019584;537153536;0;0;0;0;0;0;0;0;0;0;0;3316;0;0;0;0;0;0;
24275;5641600;571326464;30019584;537153536;0;0;0;0;0;0;0;0;0;0;0;4117;0;0;0;0;0;0;
24276;3967821;571326464;30019584;537153536;0;0;0;0;0;0;0;0;0;0;0;3417;0;0;0;0;0;0;
24277;4986852;571326464;30019584;537153536;0;0;0;0;0;0;0;0;0;0;0;4008;0;0;0;0;0;0;
24278;3657840;571326464;30019584;537153536;0;0;0;0;0;0;0;0;0;0;0;3125;0;0;0;0;0;0;
24279;5336247;571326464;30019584;537153536;0;0;0;0;0;0;0;0;0;0;0;3797;0;0;0;0;0;0;
24280;3896488;571326464;30019584;537153536;0;0;0;0;0;0;0;0;0;0;0;5039;0;0;0;0;0;0;
24281;4929735;571326464;30019584;537153536;0;0;0;0;0;0;0;0;0;0;0;3507;0;0;0;0;0;0;
24282;3457645;571326464;30019584;537153536;0;0;0;0;0;0;0;0;0;0;0;3967;0;0;0;0;0;0;
24283;4476976;571326464;30019584;537153536;0;0;0;0;0;0;0;0;0;0;0;2024;0;0;0;0;0;0;
24284;4007485;571326464;30019584;537153536;0;0;0;0;0;0;0;0;0;0;0;5350;0;0;0;0;0;0;
24285;4986712;571326464;30019584;537153536;0;0;0;0;0;0;0;0;0;0;0;3617;0;0;0;0;0;0;
24286;3755623;571326464;30019584;537153536;0;0;0;0;0;0;0;0;0;0;0;4608;0;0;0;0;0;0;
24287;4868320;571326464;30019584;537153536;0;0;0;0;0;0;0;0;0;0;0;2695;0;0;0;0;0;0;
24288;3496637;571326464;30019584;537153536;0;0;0;0;0;0;0;0;0;0;0;5029;0;0;0;0;0;0;
24289;4871386;571326464;30019584;537153536;0;0;0;0;0;0;0;0;0;0;0;3616;0;0;0;0;0;0;
24290;3753319;571326464;30019584;537153536;0;0;0;0;0;0;0;0;0;0;0;3236;0;0;0;0;0;0;
24291;5375852;571326464;30019584;537153536;0;0;0;0;0;0;0;0;0;0;0;4068;0;0;0;0;0;0;
24292;3979393;571326464;30019584;537153536;0;0;0;0;0;0;0;0;0;0;0;3527;0;0;0;0;0;0;
24293;5499394;571326464;30019584;537153536;0;0;0;0;0;0;0;0;0;0;0;3657;0;0;0;0;0;0;
24294;3885707;571326464;30019584;537153536;0;0;0;0;0;0;0;0;0;0;0;4759;0;0;0;0;0;0;
24295;5595944;571326464;30019584;537153536;0;0;0;0;0;0;0;0;0;0;0;2394;0;0;0;0;0;0;
24296;3180004;571326464;30019584;537153536;0;0;0;0;0;0;0;0;0;0;0;5140;0;0;0;0;0;0;
24297;4778191;571326464;30019584;537153536;0;0;0;0;0;0;0;0;0;0;0;2966;0;0;0;0;0;0;
24298;3258440;571326464;30019584;537153536;0;0;0;0;0;0;0;0;0;0;0;3436;0;0;0;0;0;0;
24299;5040984;571326464;30019584;537153536;0;0;0;0;0;0;0;0;0;0;0;3917;0;0;0;0;0;0;
24300;3419292;571326464;30019584;537153536;0;0;0;0;0;0;0;0;0;0;0;3747;0;0;0;0;0;0;
24301;4570802;571326464;30019584;537153536;0;0;0;0;0;0;0;0;0;0;0;2344;0;0;0;0;0;0;
24302;3419443;571326464;30019584;537153536;0;0;0;0;0;0;0;0;0;0;0;4007;0;0;0;0;0;0;
24303;4829146;571326464;30019584;537153536;0;0;0;0;0;0;0;0;0;0;0;3477;0;0;0;0;0;0;
24304;4581542;571326464;30019584;537153536;0;0;0;0;0;0;0;0;0;0;0;50896;0;0;0;0;0;0;
24305;4703300;571326464;30019584;537153536;0;0;0;0;0;0;0;0;0;0;0;2856;0;0;0;0;0;0;
24306;3915263;571326464;30019584;537153536;0;0;0;0;0;0;0;0;0;0;0;2926;0;0;0;0;0;0;
24307;4975631;571326464;30019584;537153536;0;0;0;0;0;0;0;0;0;0;0;3547;0;0;0;0;0;0;
24308;3839531;571326464;30019584;537153536;0;0;0;0;0;0;0;0;0;0;0;3537;0;0;0;0;0;0;
24309;5614480;571326464;30019584;537153536;0;0;0;0;0;0;0;0;0;0;0;5120;0;0;0;0;0;0;
24310;3909933;571326464;30019584;537153536;0;0;0;0;0;0;0;0;0;0;0;3757;0;0;0;0;0;0;
24311;5970116;571326464;30019584;537153536;0;0;0;0;0;0;0;0;0;0;0;5330;0;0;0;0;0;0;
24312;3460299;571326464;30019584;537153536;0;0;0;0;0;0;0;0;0;0;0;3957;0;0;0;0;0;0;
24313;5703135;571326464;30019584;537153536;0;0;0;0;0;0;0;0;0;0;0;6121;0;0;0;0;0;0;
24314;3414553;571326464;30019584;537153536;0;0;0;0;0;0;0;0;0;0;0;3467;0;0;0;0;0;0;
24315;5978783;571326464;30019584;537153536;0;0;0;0;0;0;0;0;0;0;0;4018;0;0;0;0;0;0;
24316;4002266;571326464;30019584;537153536;0;0;0;0;0;0;0;0;0;0;0;4247;0;0;0;0;0;0;
24317;5560859;571326464;30019584;537153536;0;0;0;0;0;0;0;0;0;0;0;5951;0;0;0;0;0;0;
24318;3959917;571326464;30019584;537153536;0;0;0;0;0;0;0;0;0;0;0;3547;0;0;0;0;0;0;
24319;5783737;571326464;30019584;537153536;0;0;0;0;0;0;0;0;0;0;0;4428;0;0;0;0;0;0;
24320;4465304;571326464;30019584;537153536;0;0;0;0;0;0;0;0;0;0;0;3987;0;0;0;0;0;0;
24321;5455491;571326464;30019584;537153536;0;0;0;0;0;0;0;0;0;0;0;4038;0;0;0;0;0;0;
24322;3345283;571326464;30019584;537153536;0;0;0;0;0;0;0;0;0;0;0;4098;0;0;0;0;0;0;
24323;4763523;571326464;30019584;537153536;0;0;0;0;0;0;0;0;0;0;0;3607;0;0;0;0;0;0;
24324;4342724;571326464;30019584;537153536;0;0;0;0;0;0;0;0;0;0;0;4609;0;0;0;0;0;0;
24325;5447346;571326464;30019584;537153536;0;0;0;0;0;0;0;0;0;0;0;2515;0;0;0;0;0;0;
24326;3623857;571326464;30019584;537153536;0;0;0;0;0;0;0;0;0;0;0;3737;0;0;0;0;0;0;
24327;4530507;571326464;30019584;537153536;0;0;0;0;0;0;0;0;0;0;0;1864;0;0;0;0;0;0;
24328;3517266;571326464;30019584;537153536;0;0;0;0;0;0;0;0;0;0;0;4970;0;0;0;0;0;0;
24329;4706757;571326464;30019584;537153536;0;0;0;0;0;0;0;0;0;0;0;3426;0;0;0;0;0;0;
24330;3174333;571326464;30019584;537153536;0;0;0;0;0;0;0;0;0;0;0;4268;0;0;0;0;0;0;
24331;4694414;571326464;30019584;537153536;0;0;0;0;0;0;0;0;0;0;0;4448;0;0;0;0;0;0;
24332;3474496;571326464;30019584;537153536;0;0;0;0;0;0;0;0;0;0;0;3436;0;0;0;0;0;0;
24333;5230860;571326464;30019584;537153536;0;0;0;0;0;0;0;0;0;0;0;3727;0;0;0;0;0;0;
24334;4071165;571326464;30019584;537153536;0;0;0;0;0;0;0;0;0;0;0;3987;0;0;0;0;0;0;
24335;5634156;571326464;30019584;537153536;0;0;0;0;0;0;0;0;0;0;0;4308;0;0;0;0;0;0;
24336;3044439;571326464;30019584;537153536;0;0;0;0;0;0;0;0;0;0;0;4488;0;0;0;0;0;0;
24337;5277317;571326464;30019584;537153536;0;0;0;0;0;0;0;0;0;0;0;4699;0;0;0;0;0;0;
24338;3647991;571326464;30019584;537153536;0;0;0;0;0;0;0;0;0;0;0;3216;0;0;0;0;0;0;
24339;5478584;571326464;30019584;537153536;0;0;0;0;0;0;0;0;0;0;0;3076;0;0;0;0;0;0;
24340;3592768;571326464;30019584;537153536;0;0;0;0;0;0;0;0;0;0;0;3657;0;0;0;0;0;0;
24341;5644917;571326464;30019584;537153536;0;0;0;0;0;0;0;0;0;0;0;4529;0;0;0;0;0;0;
24342;3556780;571326464;30019584;537153536;0;0;0;0;0;0;0;0;0;0;0;4088;0;0;0;0;0;0;
24343;5575226;571326464;30019584;537153536;0;0;0;0;0;0;0;0;0;0;0;3607;0;0;0;0;0;0;
24344;3771914;571326464;30019584;537153536;0;0;0;0;0;0;0;0;0;0;0;3487;0;0;0;0;0;0;
24345;5109913;571326464;30019584;537153536;0;0;0;0;0;0;0;0;0;0;0;3947;0;0;0;0;0;0;
24346;3145509;571326464;30019584;537153536;0;0;0;0;0;0;0;0;0;0;0;3546;0;0;0;0;0;0;
24347;4377970;571326464;30019584;537153536;0;0;0;0;0;0;0;0;0;0;0;2464;0;0;0;0;0;0;
24348;4048412;571326464;30019584;537153536;0;0;0;0;0;0;0;0;0;0;0;4268;0;0;0;0;0;0;
24349;4995007;571326464;30019584;537153536;0;0;0;0;0;0;0;0;0;0;0;2044;0;0;0;0;0;0;
24350;3892170;571326464;30019584;537153536;0;0;0;0;0;0;0;0;0;0;0;3797;0;0;0;0;0;0;
24351;4700305;571326464;30019584;537153536;0;0;0;0;0;0;0;0;0;0;0;2856;0;0;0;0;0;0;
24352;3342789;571326464;30019584;537153536;0;0;0;0;0;0;0;0;0;0;0;5931;0;0;0;0;0;0;
24353;4772320;571326464;30019584;537153536;0;0;0;0;0;0;0;0;0;0;0;4008;0;0;0;0;0;0;
24354;3925521;571326464;30019584;537153536;0;0;0;0;0;0;0;0;0;0;0;3987;0;0;0;0;0;0;
24355;5317151;571326464;30019584;537153536;0;0;0;0;0;0;0;0;0;0;0;7144;0;0;0;0;0;0;
24356;3483203;571326464;30019584;537153536;0;0;0;0;0;0;0;0;0;0;0;4599;0;0;0;0;0;0;
24357;4718008;571326464;30019584;537153536;0;0;0;0;0;0;0;0;0;0;0;2595;0;0;0;0;0;0;
24358;3497359;571326464;30019584;537153536;0;0;0;0;0;0;0;0;0;0;0;3416;0;0;0;0;0;0;
24359;4638689;571326464;30019584;537153536;0;0;0;0;0;0;0;0;0;0;0;2504;0;0;0;0;0;0;
24360;3651648;571326464;30019584;537153536;0;0;0;0;0;0;0;0;0;0;0;5510;0;0;0;0;0;0;
24361;4729569;571326464;30019584;537153536;0;0;0;0;0;0;0;0;0;0;0;2134;0;0;0;0;0;0;
24362;3876921;571326464;30019584;537153536;0;0;0;0;0;0;0;0;0;0;0;4228;0;0;0;0;0;0;
24363;4436330;571326464;30019584;537153536;0;0;0;0;0;0;0;0;0;0;0;2064;0;0;0;0;0;0;
24364;4316315;571326464;30019584;537153536;0;0;0;0;0;0;0;0;0;0;0;3697;0;0;0;0;0;0;
24365;4781587;571326464;30019584;537153536;0;0;0;0;0;0;0;0;0;0;0;2905;0;0;0;0;0;0;
24366;4037061;571326464;30019584;537153536;0;0;0;0;0;0;0;0;0;0;0;4027;0;0;0;0;0;0;
24367;4676580;571326464;30019584;537153536;0;0;0;0;0;0;0;0;0;0;0;3206;0;0;0;0;0;0;
24368;3624277;571326464;30019584;537153536;0;0;0;0;0;0;0;0;0;0;0;4378;0;0;0;0;0;0;
24369;4682131;571326464;30019584;537153536;0;0;0;0;0;0;0;0;0;0;0;2895;0;0;0;0;0;0;
24370;3232011;571326464;30019584;537153536;0;0;0;0;0;0;0;0;0;0;0;4048;0;0;0;0;0;0;
24371;4940575;571326464;30019584;537153536;0;0;0;0;0;0;0;0;0;0;0;3928;0;0;0;0;0;0;
24372;3011498;571326464;30019584;537153536;0;0;0;0;0;0;0;0;0;0;0;3928;0;0;0;0;0;0;
24373;4845417;571326464;30019584;537153536;0;0;0;0;0;0;0;0;0;0;0;5591;0;0;0;0;0;0;
24374;4023806;571326464;30019584;537153536;0;0;0;0;0;0;0;0;0;0;0;4859;0;0;0;0;0;0;
24375;5937785;571326464;30019584;537153536;0;0;0;0;0;0;0;0;0;0;0;5420;0;0;0;0;0;0;
24376;4954091;571326464;30019584;537153536;0;0;0;0;0;0;0;0;0;0;0;3837;0;0;0;0;0;0;
24377;5758058;571326464;30019584;537153536;0;0;0;0;0;0;0;0;0;0;0;3567;0;0;0;0;0;0;
24378;3599240;571326464;30019584;537153536;0;0;0;0;0;0;0;0;0;0;0;6573;0;0;0;0;0;0;
24379;5247952;571326464;30019584;537153536;0;0;0;0;0;0;0;0;0;0;0;4448;0;0;0;0;0;0;
24380;4184136;571326464;30019584;537153536;0;0;0;0;0;0;0;0;0;0;0;4318;0;0;0;0;0;0;
24381;5460401;571326464;30019584;537153536;0;0;0;0;0;0;0;0;0;0;0;4699;0;0;0;0;0;0;
24382;3739583;571326464;30019584;537153536;0;0;0;0;0;0;0;0;0;0;0;5390;0;0;0;0;0;0;
24383;5118219;571326464;30019584;537153536;0;0;0;0;0;0;0;0;0;0;0;4298;0;0;0;0;0;0;
24384;3943516;571326464;30019584;537153536;0;0;0;0;0;0;0;0;0;0;0;3938;0;0;0;0;0;0;
24385;5566519;571326464;30019584;537153536;0;0;0;0;0;0;0;0;0;0;0;4468;0;0;0;0;0;0;
24386;3645918;571326464;30019584;537153536;0;0;0;0;0;0;0;0;0;0;0;5099;0;0;0;0;0;0;
24387;5916386;571326464;30019584;537153536;0;0;0;0;0;0;0;0;0;0;0;3987;0;0;0;0;0;0;
24388;3516815;571326464;30019584;537153536;0;0;0;0;0;0;0;0;0;0;0;3136;0;0;0;0;0;0;
24389;5617174;571326464;30019584;537153536;0;0;0;0;0;0;0;0;0;0;0;5951;0;0;0;0;0;0;
24390;3705499;571326464;30019584;537153536;0;0;0;0;0;0;0;0;0;0;0;3807;0;0;0;0;0;0;
24391;5902740;571326464;30019584;537153536;0;0;0;0;0;0;0;0;0;0;0;6833;0;0;0;0;0;0;
24392;3994492;571326464;30019584;537153536;0;0;0;0;0;0;0;0;0;0;0;4098;0;0;0;0;0;0;
24393;6243328;571326464;30019584;537153536;0;0;0;0;0;0;0;0;0;0;0;3737;0;0;0;0;0;0;
24394;5229016;571326464;30019584;537153536;0;0;0;0;0;0;0;0;0;0;0;5110;0;0;0;0;0;0;
24395;5258642;571326464;30019584;537153536;0;0;0;0;0;0;0;0;0;0;0;7554;0;0;0;0;0;0;
24396;3658912;571326464;30019584;537153536;0;0;0;0;0;0;0;0;0;0;0;4278;0;0;0;0;0;0;
24397;6159571;571326464;30019584;537153536;0;0;0;0;0;0;0;0;0;0;0;8786;0;0;0;0;0;0;
24398;3583651;571326464;30019584;537153536;0;0;0;0;0;0;0;0;0;0;0;3336;0;0;0;0;0;0;
24399;4631646;571326464;30019584;537153536;0;0;0;0;0;0;0;0;0;0;0;3637;0;0;0;0;0;0;
24400;4847881;571326464;30019584;537153536;0;0;0;0;0;0;0;0;0;0;0;4048;0;0;0;0;0;0;
24401;5843659;571326464;30019584;537153536;0;0;0;0;0;0;0;0;0;0;0;2675;0;0;0;0;0;0;
24402;4519155;571326464;30019584;537153536;0;0;0;0;0;0;0;0;0;0;0;4930;0;0;0;0;0;0;
24403;4946336;571326464;30019584;537153536;0;0;0;0;0;0;0;0;0;0;0;3287;0;0;0;0;0;0;
24404;5238474;571326464;30019584;537153536;0;0;0;0;0;0;0;0;0;0;0;4278;0;0;0;0;0;0;
24405;5360133;571326464;30019584;537153536;0;0;0;0;0;0;0;0;0;0;0;3326;0;0;0;0;0;0;
24406;4063421;571326464;30019584;537153536;0;0;0;0;0;0;0;0;0;0;0;4148;0;0;0;0;0;0;
24407;5513189;571326464;30019584;537153536;0;0;0;0;0;0;0;0;0;0;0;1873;0;0;0;0;0;0;
24408;4470344;571326464;30019584;537153536;0;0;0;0;0;0;0;0;0;0;0;3717;0;0;0;0;0;0;
24409;5409215;571326464;30019584;537153536;0;0;0;0;0;0;0;0;0;0;0;2475;0;0;0;0;0;0;
24410;4348385;571326464;30019584;537153536;0;0;0;0;0;0;0;0;0;0;0;3557;0;0;0;0;0;0;
24411;4801264;571326464;30019584;537153536;0;0;0;0;0;0;0;0;0;0;0;2644;0;0;0;0;0;0;
24412;4805592;571326464;30019584;537153536;0;0;0;0;0;0;0;0;0;0;0;3296;0;0;0;0;0;0;
24413;4563338;571326464;30019584;537153536;0;0;0;0;0;0;0;0;0;0;0;2615;0;0;0;0;0;0;
24414;3426165;571326464;30019584;537153536;0;0;0;0;0;0;0;0;0;0;0;3526;0;0;0;0;0;0;
24415;5191626;571326464;30019584;537153536;0;0;0;0;0;0;0;0;0;0;0;3576;0;0;0;0;0;0;
24416;3114721;571326464;30019584;537153536;0;0;0;0;0;0;0;0;0;0;0;4489;0;0;0;0;0;0;
24417;5004005;571326464;30019584;537153536;0;0;0;0;0;0;0;0;0;0;0;3537;0;0;0;0;0;0;
24418;3444870;571326464;30019584;537153536;0;0;0;0;0;0;0;0;0;0;0;3957;0;0;0;0;0;0;
24419;5183842;571326464;30019584;537153536;0;0;0;0;0;0;0;0;0;0;0;3396;0;0;0;0;0;0;
24420;3050010;571326464;30019584;537153536;0;0;0;0;0;0;0;0;0;0;0;4007;0;0;0;0;0;0;
24421;5224678;571326464;30019584;537153536;0;0;0;0;0;0;0;0;0;0;0;5410;0;0;0;0;0;0;
24422;2843473;571326464;30019584;537153536;0;0;0;0;0;0;0;0;0;0;0;3106;0;0;0;0;0;0;
24423;4995318;571326464;30019584;537153536;0;0;0;0;0;0;0;0;0;0;0;4068;0;0;0;0;0;0;
24424;3230349;571326464;30019584;537153536;0;0;0;0;0;0;0;0;0;0;0;3626;0;0;0;0;0;0;
24425;4401334;571326464;30019584;537153536;0;0;0;0;0;0;0;0;0;0;0;2455;0;0;0;0;0;0;
24426;3419052;571326464;30019584;537153536;0;0;0;0;0;0;0;0;0;0;0;3837;0;0;0;0;0;0;
24427;4649840;571326464;30019584;537153536;0;0;0;0;0;0;0;0;0;0;0;2184;0;0;0;0;0;0;
24428;3636209;571326464;30019584;537153536;0;0;0;0;0;0;0;0;0;0;0;4308;0;0;0;0;0;0;
24429;5332821;571326464;30019584;537153536;0;0;0;0;0;0;0;0;0;0;0;2785;0;0;0;0;0;0;
24430;2960832;571326464;30019584;537153536;0;0;0;0;0;0;0;0;0;0;0;4409;0;0;0;0;0;0;
24431;4876125;571326464;30019584;537153536;0;0;0;0;0;0;0;0;0;0;0;2635;0;0;0;0;0;0;
24432;2818495;571326464;30019584;537153536;0;0;0;0;0;0;0;0;0;0;0;2905;0;0;0;0;0;0;
24433;5393936;571326464;30019584;537153536;0;0;0;0;0;0;0;0;0;0;0;3526;0;0;0;0;0;0;
24434;2872256;571326464;30019584;537153536;0;0;0;0;0;0;0;0;0;0;0;3457;0;0;0;0;0;0;
24435;4412615;571326464;30019584;537153536;0;0;0;0;0;0;0;0;0;0;0;1824;0;0;0;0;0;0;
24436;3056422;571326464;30019584;537153536;0;0;0;0;0;0;0;0;0;0;0;4047;0;0;0;0;0;0;
24437;4565773;571326464;30019584;537153536;0;0;0;0;0;0;0;0;0;0;0;2705;0;0;0;0;0;0;
24438;3074646;571326464;30019584;537153536;0;0;0;0;0;0;0;0;0;0;0;3947;0;0;0;0;0;0;
24439;4534754;571326464;30019584;537153536;0;0;0;0;0;0;0;0;0;0;0;2585;0;0;0;0;0;0;
24440;3756194;571326464;30019584;537153536;0;0;0;0;0;0;0;0;0;0;0;4839;0;0;0;0;0;0;
24441;8244702;571326464;30019584;537153536;0;0;0;0;0;0;0;0;0;0;0;3316;0;0;0;0;0;0;
24442;3660445;571326464;30019584;537153536;0;0;0;0;0;0;0;0;0;0;0;3417;0;0;0;0;0;0;
24443;4845026;571326464;30019584;537153536;0;0;0;0;0;0;0;0;0;0;0;2164;0;0;0;0;0;0;
24444;9156643;571326464;30019584;537153536;0;0;0;0;0;0;0;0;0;0;0;3125;0;0;0;0;0;0;
24445;7692115;571326464;30019584;537153536;0;0;0;0;0;0;0;0;0;0;0;1943;0;0;0;0;0;0;
24446;2947217;571326464;30019584;537153536;0;0;0;0;0;0;0;0;0;0;0;2655;0;0;0;0;0;0;
24447;4580490;571326464;30019584;537153536;0;0;0;0;0;0;0;0;0;0;0;2524;0;0;0;0;0;0;
24448;3090035;571326464;30019584;537153536;0;0;0;0;0;0;0;0;0;0;0;4138;0;0;0;0;0;0;
24449;4619784;571326464;30019584;537153536;0;0;0;0;0;0;0;0;0;0;0;3025;0;0;0;0;0;0;
24450;3581447;571326464;30019584;537153536;0;0;0;0;0;0;0;0;0;0;0;3616;0;0;0;0;0;0;
24451;4582043;571326464;30019584;537153536;0;0;0;0;0;0;0;0;0;0;0;3296;0;0;0;0;0;0;
24452;4505429;571326464;30019584;537153536;0;0;0;0;0;0;0;0;0;0;0;3196;0;0;0;0;0;0;
24453;4934074;571326464;30019584;537153536;0;0;0;0;0;0;0;0;0;0;0;2976;0;0;0;0;0;0;
24454;3405065;571326464;30019584;537153536;0;0;0;0;0;0;0;0;0;0;0;4198;0;0;0;0;0;0;
24455;4642716;571326464;30019584;537153536;0;0;0;0;0;0;0;0;0;0;0;3206;0;0;0;0;0;0;
24456;3378285;571326464;30019584;537153536;0;0;0;0;0;0;0;0;0;0;0;4248;0;0;0;0;0;0;
24457;4814920;571326464;30019584;537153536;0;0;0;0;0;0;0;0;0;0;0;3336;0;0;0;0;0;0;
24458;3431876;571326464;30019584;537153536;0;0;0;0;0;0;0;0;0;0;0;3547;0;0;0;0;0;0;
24459;5055902;571326464;30019584;537153536;0;0;0;0;0;0;0;0;0;0;0;3196;0;0;0;0;0;0;
24460;4257485;571326464;30019584;537153536;0;0;0;0;0;0;0;0;0;0;0;4809;0;0;0;0;0;0;
24461;5056052;571326464;30019584;537153536;0;0;0;0;0;0;0;0;0;0;0;5320;0;0;0;0;0;0;
24462;4341061;571326464;30019584;537153536;0;0;0;0;0;0;0;0;0;0;0;3316;0;0;0;0;0;0;
24463;5570998;571326464;30019584;537153536;0;0;0;0;0;0;0;0;0;0;0;4007;0;0;0;0;0;0;
24464;3931423;571326464;30019584;537153536;0;0;0;0;0;0;0;0;0;0;0;3767;0;0;0;0;0;0;
24465;5256828;571326464;30019584;537153536;0;0;0;0;0;0;0;0;0;0;0;3837;0;0;0;0;0;0;
24466;4091964;571326464;30027776;537161728;0;0;0;0;0;0;0;0;0;0;0;4659;0;0;0;0;0;0;
24467;5346627;571326464;30027776;537161728;0;0;0;0;0;0;0;0;0;0;0;3627;0;0;0;0;0;0;
24468;3003132;571326464;30027776;537161728;0;0;0;0;0;0;0;0;0;0;0;3647;0;0;0;0;0;0;
24469;4817144;571326464;30027776;537161728;0;0;0;0;0;0;0;0;0;0;0;2334;0;0;0;0;0;0;
24470;3988911;571326464;30027776;537161728;0;0;0;0;0;0;0;0;0;0;0;3577;0;0;0;0;0;0;
24471;5214790;571326464;30027776;537161728;0;0;0;0;0;0;0;0;0;0;0;3958;0;0;0;0;0;0;
24472;3611673;571326464;30019584;537153536;0;0;0;0;0;0;0;0;0;0;0;4117;0;0;0;0;0;0;
24473;5148305;571326464;30019584;537153536;0;0;0;0;0;0;0;0;0;0;0;4167;0;0;0;0;0;0;
24474;3883704;571326464;30019584;537153536;0;0;0;0;0;0;0;0;0;0;0;4549;0;0;0;0;0;0;
24475;4681459;571326464;30019584;537153536;0;0;0;0;0;0;0;0;0;0;0;1743;0;0;0;0;0;0;
24476;3455150;571326464;30019584;537153536;0;0;0;0;0;0;0;0;0;0;0;4208;0;0;0;0;0;0;
24477;5580305;571326464;30019584;537153536;0;0;0;0;0;0;0;0;0;0;0;4639;0;0;0;0;0;0;
24478;3378626;571326464;30019584;537153536;0;0;0;0;0;0;0;0;0;0;0;4288;0;0;0;0;0;0;
24479;5199982;571326464;30019584;537153536;0;0;0;0;0;0;0;0;0;0;0;4899;0;0;0;0;0;0;
24480;3174754;571326464;30019584;537153536;0;0;0;0;0;0;0;0;0;0;0;4719;0;0;0;0;0;0;
24481;4479140;571326464;30019584;537153536;0;0;0;0;0;0;0;0;0;0;0;2445;0;0;0;0;0;0;
24482;5596986;571326464;30019584;537153536;0;0;0;0;0;0;0;0;0;0;0;3717;0;0;0;0;0;0;
24483;5042927;571326464;30019584;537153536;0;0;0;0;0;0;0;0;0;0;0;4799;0;0;0;0;0;0;
24484;2851958;571326464;30019584;537153536;0;0;0;0;0;0;0;0;0;0;0;4849;0;0;0;0;0;0;
24485;5069758;571326464;30019584;537153536;0;0;0;0;0;0;0;0;0;0;0;2856;0;0;0;0;0;0;
24486;3758518;571326464;30019584;537153536;0;0;0;0;0;0;0;0;0;0;0;4028;0;0;0;0;0;0;
24487;5522877;571326464;30019584;537153536;0;0;0;0;0;0;0;0;0;0;0;4789;0;0;0;0;0;0;
24488;3790629;571326464;30019584;537153536;0;0;0;0;0;0;0;0;0;0;0;4499;0;0;0;0;0;0;
24489;4796034;571326464;30019584;537153536;0;0;0;0;0;0;0;0;0;0;0;2986;0;0;0;0;0;0;
24490;3896538;571326464;30019584;537153536;0;0;0;0;0;0;0;0;0;0;0;4057;0;0;0;0;0;0;
24491;4803990;571326464;30019584;537153536;0;0;0;0;0;0;0;0;0;0;0;3377;0;0;0;0;0;0;
24492;3641600;571326464;30019584;537153536;0;0;0;0;0;0;0;0;0;0;0;4439;0;0;0;0;0;0;
24493;4899488;571326464;30019584;537153536;0;0;0;0;0;0;0;0;0;0;0;3927;0;0;0;0;0;0;
24494;3993910;571326464;30019584;537153536;0;0;0;0;0;0;0;0;0;0;0;3857;0;0;0;0;0;0;
24495;4912954;571326464;30019584;537153536;0;0;0;0;0;0;0;0;0;0;0;4168;0;0;0;0;0;0;
24496;4518254;571326464;30019584;537153536;0;0;0;0;0;0;0;0;0;0;0;3867;0;0;0;0;0;0;
24497;5357858;571326464;30019584;537153536;0;0;0;0;0;0;0;0;0;0;0;3657;0;0;0;0;0;0;
24498;4123363;571326464;30019584;537153536;0;0;0;0;0;0;0;0;0;0;0;2935;0;0;0;0;0;0;
24499;5265165;571326464;30019584;537153536;0;0;0;0;0;0;0;0;0;0;0;4478;0;0;0;0;0;0;
24500;3774549;571326464;30019584;537153536;0;0;0;0;0;0;0;0;0;0;0;3998;0;0;0;0;0;0;
24501;4883478;571326464;30019584;537153536;0;0;0;0;0;0;0;0;0;0;0;3156;0;0;0;0;0;0;
24502;3108951;571326464;30019584;537153536;0;0;0;0;0;0;0;0;0;0;0;3667;0;0;0;0;0;0;
24503;4586101;571326464;30019584;537153536;0;0;0;0;0;0;0;0;0;0;0;2374;0;0;0;0;0;0;
24504;3038759;571326464;30019584;537153536;0;0;0;0;0;0;0;0;0;0;0;3286;0;0;0;0;0;0;
24505;5320809;571326464;30019584;537153536;0;0;0;0;0;0;0;0;0;0;0;2625;0;0;0;0;0;0;
24506;3182959;571326464;30019584;537153536;0;0;0;0;0;0;0;0;0;0;0;3657;0;0;0;0;0;0;
24507;5309558;571326464;30019584;537153536;0;0;0;0;0;0;0;0;0;0;0;4168;0;0;0;0;0;0;
24508;3412831;571326464;30019584;537153536;0;0;0;0;0;0;0;0;0;0;0;3586;0;0;0;0;0;0;
24509;4488729;571326464;30019584;537153536;0;0;0;0;0;0;0;0;0;0;0;2645;0;0;0;0;0;0;
24510;3143926;571326464;30019584;537153536;0;0;0;0;0;0;0;0;0;0;0;3066;0;0;0;0;0;0;
24511;4969861;571326464;30019584;537153536;0;0;0;0;0;0;0;0;0;0;0;1953;0;0;0;0;0;0;
24512;3104272;571326464;30019584;537153536;0;0;0;0;0;0;0;0;0;0;0;4528;0;0;0;0;0;0;
24513;4593184;571326464;30019584;537153536;0;0;0;0;0;0;0;0;0;0;0;2735;0;0;0;0;0;0;
24514;3034261;571326464;30019584;537153536;0;0;0;0;0;0;0;0;0;0;0;3978;0;0;0;0;0;0;
24515;5064949;571326464;30019584;537153536;0;0;0;0;0;0;0;0;0;0;0;3487;0;0;0;0;0;0;
24516;3449299;571326464;30019584;537153536;0;0;0;0;0;0;0;0;0;0;0;3908;0;0;0;0;0;0;
24517;4770496;571326464;30019584;537153536;0;0;0;0;0;0;0;0;0;0;0;5871;0;0;0;0;0;0;
24518;2977725;571326464;30019584;537153536;0;0;0;0;0;0;0;0;0;0;0;3046;0;0;0;0;0;0;
24519;5048769;571326464;30019584;537153536;0;0;0;0;0;0;0;0;0;0;0;3757;0;0;0;0;0;0;
24520;3639225;571326464;30019584;537153536;0;0;0;0;0;0;0;0;0;0;0;3487;0;0;0;0;0;0;
24521;5160719;571326464;30019584;537153536;0;0;0;0;0;0;0;0;0;0;0;3777;0;0;0;0;0;0;
24522;2849384;571326464;30019584;537153536;0;0;0;0;0;0;0;0;0;0;0;3707;0;0;0;0;0;0;
24523;4866497;571326464;30019584;537153536;0;0;0;0;0;0;0;0;0;0;0;4809;0;0;0;0;0;0;
24524;2947187;571326464;30019584;537153536;0;0;0;0;0;0;0;0;0;0;0;2976;0;0;0;0;0;0;
24525;4768132;571326464;30019584;537153536;0;0;0;0;0;0;0;0;0;0;0;3416;0;0;0;0;0;0;
24526;3051953;571326464;30019584;537153536;0;0;0;0;0;0;0;0;0;0;0;3566;0;0;0;0;0;0;
24527;4647225;571326464;30019584;537153536;0;0;0;0;0;0;0;0;0;0;0;1433;0;0;0;0;0;0;
24528;4188605;571326464;30019584;537153536;0;0;0;0;0;0;0;0;0;0;0;3867;0;0;0;0;0;0;
24529;4770066;571326464;30019584;537153536;0;0;0;0;0;0;0;0;0;0;0;2405;0;0;0;0;0;0;
24530;3382503;571326464;30019584;537153536;0;0;0;0;0;0;0;0;0;0;0;3106;0;0;0;0;0;0;
24531;4812435;571326464;30019584;537153536;0;0;0;0;0;0;0;0;0;0;0;1452;0;0;0;0;0;0;
24532;3493883;571326464;30019584;537153536;0;0;0;0;0;0;0;0;0;0;0;2965;0;0;0;0;0;0;
24533;4573297;571326464;30019584;537153536;0;0;0;0;0;0;0;0;0;0;0;2385;0;0;0;0;0;0;
24534;3740384;571326464;30019584;537153536;0;0;0;0;0;0;0;0;0;0;0;3907;0;0;0;0;0;0;
24535;4753374;571326464;30019584;537153536;0;0;0;0;0;0;0;0;0;0;0;4498;0;0;0;0;0;0;
24536;3730676;571326464;30019584;537153536;0;0;0;0;0;0;0;0;0;0;0;9157;0;0;0;0;0;0;
24537;5221793;571326464;30019584;537153536;0;0;0;0;0;0;0;0;0;0;0;3496;0;0;0;0;0;0;
24538;3882812;571326464;30019584;537153536;0;0;0;0;0;0;0;0;0;0;0;4979;0;0;0;0;0;0;
24539;5840664;571326464;30019584;537153536;0;0;0;0;0;0;0;0;0;0;0;3447;0;0;0;0;0;0;
24540;3376973;571326464;30019584;537153536;0;0;0;0;0;0;0;0;0;0;0;3767;0;0;0;0;0;0;
24541;5140370;571326464;30019584;537153536;0;0;0;0;0;0;0;0;0;0;0;4619;0;0;0;0;0;0;
24542;3002461;571326464;30019584;537153536;0;0;0;0;0;0;0;0;0;0;0;5130;0;0;0;0;0;0;
24543;5450572;571326464;30019584;537153536;0;0;0;0;0;0;0;0;0;0;0;4218;0;0;0;0;0;0;
24544;3261797;571326464;30019584;537153536;0;0;0;0;0;0;0;0;0;0;0;4829;0;0;0;0;0;0;
24545;5493663;571326464;30019584;537153536;0;0;0;0;0;0;0;0;0;0;0;3807;0;0;0;0;0;0;
24546;4145134;571326464;30019584;537153536;0;0;0;0;0;0;0;0;0;0;0;4689;0;0;0;0;0;0;
24547;5094094;571326464;30019584;537153536;0;0;0;0;0;0;0;0;0;0;0;4578;0;0;0;0;0;0;
24548;2828043;571326464;30019584;537153536;0;0;0;0;0;0;0;0;0;0;0;3297;0;0;0;0;0;0;
24549;5442197;571326464;30019584;537153536;0;0;0;0;0;0;0;0;0;0;0;5400;0;0;0;0;0;0;
24550;2968086;571326464;30019584;537153536;0;0;0;0;0;0;0;0;0;0;0;3095;0;0;0;0;0;0;
24551;4841610;571326464;30019584;537153536;0;0;0;0;0;0;0;0;0;0;0;4308;0;0;0;0;0;0;
24552;2834646;571326464;30019584;537153536;0;0;0;0;0;0;0;0;0;0;0;3727;0;0;0;0;0;0;
24553;5050932;571326464;30019584;537153536;0;0;0;0;0;0;0;0;0;0;0;2394;0;0;0;0;0;0;
24554;3260104;571326464;30019584;537153536;0;0;0;0;0;0;0;0;0;0;0;3086;0;0;0;0;0;0;
24555;4578917;571326464;30019584;537153536;0;0;0;0;0;0;0;0;0;0;0;1753;0;0;0;0;0;0;
24556;3319526;571326464;30019584;537153536;0;0;0;0;0;0;0;0;0;0;0;4048;0;0;0;0;0;0;
24557;4545685;571326464;30019584;537153536;0;0;0;0;0;0;0;0;0;0;0;2254;0;0;0;0;0;0;
24558;3736046;571326464;30019584;537153536;0;0;0;0;0;0;0;0;0;0;0;3657;0;0;0;0;0;0;
24559;5552373;571326464;30019584;537153536;0;0;0;0;0;0;0;0;0;0;0;3927;0;0;0;0;0;0;
24560;3814333;571326464;30019584;537153536;0;0;0;0;0;0;0;0;0;0;0;3938;0;0;0;0;0;0;
24561;5830344;571326464;30019584;537153536;0;0;0;0;0;0;0;0;0;0;0;4849;0;0;0;0;0;0;
24562;2771127;571326464;30019584;537153536;0;0;0;0;0;0;0;0;0;0;0;4058;0;0;0;0;0;0;
24563;4470584;571326464;30019584;537153536;0;0;0;0;0;0;0;0;0;0;0;2244;0;0;0;0;0;0;
24564;3262829;571326464;30019584;537153536;0;0;0;0;0;0;0;0;0;0;0;3356;0;0;0;0;0;0;
24565;4723828;571326464;30019584;537153536;0;0;0;0;0;0;0;0;0;0;0;2494;0;0;0;0;0;0;
24566;3441223;571326464;30019584;537153536;0;0;0;0;0;0;0;0;0;0;0;4268;0;0;0;0;0;0;
24567;4559681;571326464;30019584;537153536;0;0;0;0;0;0;0;0;0;0;0;2154;0;0;0;0;0;0;
24568;3303465;571326464;30019584;537153536;0;0;0;0;0;0;0;0;0;0;0;3757;0;0;0;0;0;0;
24569;4504377;571326464;30019584;537153536;0;0;0;0;0;0;0;0;0;0;0;1974;0;0;0;0;0;0;
24570;4153941;571326464;30019584;537153536;0;0;0;0;0;0;0;0;0;0;0;4058;0;0;0;0;0;0;
24571;5581598;571326464;30019584;537153536;0;0;0;0;0;0;0;0;0;0;0;3868;0;0;0;0;0;0;
24572;3675343;571326464;30019584;537153536;0;0;0;0;0;0;0;0;0;0;0;4278;0;0;0;0;0;0;
24573;5292255;571326464;30019584;537153536;0;0;0;0;0;0;0;0;0;0;0;3587;0;0;0;0;0;0;
24574;3286003;571326464;30019584;537153536;0;0;0;0;0;0;0;0;0;0;0;4539;0;0;0;0;0;0;
24575;4573687;571326464;30019584;537153536;0;0;0;0;0;0;0;0;0;0;0;3055;0;0;0;0;0;0;
24576;2793810;571326464;30019584;537153536;0;0;0;0;0;0;0;0;0;0;0;3997;0;0;0;0;0;0;
24577;5165678;571326464;30019584;537153536;0;0;0;0;0;0;0;0;0;0;0;4107;0;0;0;0;0;0;
24578;3132204;571326464;30019584;537153536;0;0;0;0;0;0;0;0;0;0;0;3987;0;0;0;0;0;0;
24579;4884971;571326464;30019584;537153536;0;0;0;0;0;0;0;0;0;0;0;2094;0;0;0;0;0;0;
24580;2797205;571326464;30019584;537153536;0;0;0;0;0;0;0;0;0;0;0;4008;0;0;0;0;0;0;
24581;5037327;571326464;30019584;537153536;0;0;0;0;0;0;0;0;0;0;0;3456;0;0;0;0;0;0;
24582;3484976;571326464;30019584;537153536;0;0;0;0;0;0;0;0;0;0;0;3637;0;0;0;0;0;0;
24583;5307844;571326464;30019584;537153536;0;0;0;0;0;0;0;0;0;0;0;4228;0;0;0;0;0;0;
24584;3805787;571326464;30027776;537161728;0;0;0;0;0;0;0;0;0;0;0;2926;0;0;0;0;0;0;
24585;5498682;571326464;30027776;537161728;0;0;0;0;0;0;0;0;0;0;0;3957;0;0;0;0;0;0;
24586;3839441;571326464;30027776;537161728;0;0;0;0;0;0;0;0;0;0;0;4728;0;0;0;0;0;0;
24587;5120863;571326464;30027776;537161728;0;0;0;0;0;0;0;0;0;0;0;3146;0;0;0;0;0;0;
24588;3775070;571326464;30027776;537161728;0;0;0;0;0;0;0;0;0;0;0;4018;0;0;0;0;0;0;
24589;4867388;571326464;30027776;537161728;0;0;0;0;0;0;0;0;0;0;0;2755;0;0;0;0;0;0;
24590;3245125;571326464;30019584;537153536;0;0;0;0;0;0;0;0;0;0;0;4097;0;0;0;0;0;0;
24591;4778902;571326464;30019584;537153536;0;0;0;0;0;0;0;0;0;0;0;2204;0;0;0;0;0;0;
24592;2949070;571326464;30019584;537153536;0;0;0;0;0;0;0;0;0;0;0;3947;0;0;0;0;0;0;
24593;4910529;571326464;30019584;537153536;0;0;0;0;0;0;0;0;0;0;0;3437;0;0;0;0;0;0;
24594;2956705;571326464;30019584;537153536;0;0;0;0;0;0;0;0;0;0;0;3897;0;0;0;0;0;0;
24595;4785765;571326464;30019584;537153536;0;0;0;0;0;0;0;0;0;0;0;2856;0;0;0;0;0;0;
24596;3560026;571326464;30019584;537153536;0;0;0;0;0;0;0;0;0;0;0;3998;0;0;0;0;0;0;
24597;5018051;571326464;30019584;537153536;0;0;0;0;0;0;0;0;0;0;0;3346;0;0;0;0;0;0;
24598;3274852;571326464;30019584;537153536;0;0;0;0;0;0;0;0;0;0;0;3868;0;0;0;0;0;0;
24599;4736973;571326464;30019584;537153536;0;0;0;0;0;0;0;0;0;0;0;3597;0;0;0;0;0;0;
24600;3434811;571326464;30019584;537153536;0;0;0;0;0;0;0;0;0;0;0;3697;0;0;0;0;0;0;
24601;4673003;571326464;30019584;537153536;0;0;0;0;0;0;0;0;0;0;0;2504;0;0;0;0;0;0;
24602;3718243;571326464;30019584;537153536;0;0;0;0;0;0;0;0;0;0;0;3576;0;0;0;0;0;0;
24603;5074386;571326464;30019584;537153536;0;0;0;0;0;0;0;0;0;0;0;4228;0;0;0;0;0;0;
24604;2901271;571326464;30019584;537153536;0;0;0;0;0;0;0;0;0;0;0;11061;0;0;0;0;0;0;
24605;5185926;571326464;30019584;537153536;0;0;0;0;0;0;0;0;0;0;0;4920;0;0;0;0;0;0;
24606;3184823;571326464;30019584;537153536;0;0;0;0;0;0;0;0;0;0;0;4027;0;0;0;0;0;0;
24607;4797046;571326464;30019584;537153536;0;0;0;0;0;0;0;0;0;0;0;3376;0;0;0;0;0;0;
24608;3289439;571326464;30019584;537153536;0;0;0;0;0;0;0;0;0;0;0;4028;0;0;0;0;0;0;
24609;4781598;571326464;30019584;537153536;0;0;0;0;0;0;0;0;0;0;0;2064;0;0;0;0;0;0;
24610;3248903;571326464;30019584;537153536;0;0;0;0;0;0;0;0;0;0;0;2815;0;0;0;0;0;0;
24611;4833134;571326464;30019584;537153536;0;0;0;0;0;0;0;0;0;0;0;2254;0;0;0;0;0;0;
24612;3685101;571326464;30019584;537153536;0;0;0;0;0;0;0;0;0;0;0;4308;0;0;0;0;0;0;
24613;5286484;571326464;30019584;537153536;0;0;0;0;0;0;0;0;0;0;0;4037;0;0;0;0;0;0;
24614;3945429;571326464;30019584;537153536;0;0;0;0;0;0;0;0;0;0;0;5229;0;0;0;0;0;0;
24615;5491880;571326464;30019584;537153536;0;0;0;0;0;0;0;0;0;0;0;3085;0;0;0;0;0;0;
24616;3026045;571326464;30019584;537153536;0;0;0;0;0;0;0;0;0;0;0;4379;0;0;0;0;0;0;
24617;4848953;571326464;30019584;537153536;0;0;0;0;0;0;0;0;0;0;0;2134;0;0;0;0;0;0;
24618;2887905;571326464;30019584;537153536;0;0;0;0;0;0;0;0;0;0;0;3216;0;0;0;0;0;0;
24619;4985930;571326464;30019584;537153536;0;0;0;0;0;0;0;0;0;0;0;3105;0;0;0;0;0;0;
24620;2996099;571326464;30019584;537153536;0;0;0;0;0;0;0;0;0;0;0;6072;0;0;0;0;0;0;
24621;4674877;571326464;30019584;537153536;0;0;0;0;0;0;0;0;0;0;0;2655;0;0;0;0;0;0;
24622;3293165;571326464;30019584;537153536;0;0;0;0;0;0;0;0;0;0;0;3587;0;0;0;0;0;0;
24623;5228986;571326464;30019584;537153536;0;0;0;0;0;0;0;0;0;0;0;3868;0;0;0;0;0;0;
24624;3090015;571326464;30019584;537153536;0;0;0;0;0;0;0;0;0;0;0;3516;0;0;0;0;0;0;
24625;5818061;571326464;30019584;537153536;0;0;0;0;0;0;0;0;0;0;0;3687;0;0;0;0;0;0;
24626;3369079;571326464;30019584;537153536;0;0;0;0;0;0;0;0;0;0;0;3637;0;0;0;0;0;0;
24627;5324716;571326464;30019584;537153536;0;0;0;0;0;0;0;0;0;0;0;3156;0;0;0;0;0;0;
24628;3234556;571326464;30019584;537153536;0;0;0;0;0;0;0;0;0;0;0;3126;0;0;0;0;0;0;
24629;5480889;571326464;30019584;537153536;0;0;0;0;0;0;0;0;0;0;0;3777;0;0;0;0;0;0;
24630;3993610;571326464;30019584;537153536;0;0;0;0;0;0;0;0;0;0;0;3667;0;0;0;0;0;0;
24631;5527196;571326464;30019584;537153536;0;0;0;0;0;0;0;0;0;0;0;3667;0;0;0;0;0;0;
24632;3660003;571326464;30019584;537153536;0;0;0;0;0;0;0;0;0;0;0;4849;0;0;0;0;0;0;
24633;5238855;571326464;30019584;537153536;0;0;0;0;0;0;0;0;0;0;0;2835;0;0;0;0;0;0;
24634;3194852;571326464;30019584;537153536;0;0;0;0;0;0;0;0;0;0;0;3586;0;0;0;0;0;0;
24635;4381166;571326464;30019584;537153536;0;0;0;0;0;0;0;0;0;0;0;2044;0;0;0;0;0;0;
24636;3418230;571326464;30019584;537153536;0;0;0;0;0;0;0;0;0;0;0;3216;0;0;0;0;0;0;
24637;5042847;571326464;30019584;537153536;0;0;0;0;0;0;0;0;0;0;0;3286;0;0;0;0;0;0;
24638;3707202;571326464;30019584;537153536;0;0;0;0;0;0;0;0;0;0;0;4940;0;0;0;0;0;0;
24639;5029222;571326464;30019584;537153536;0;0;0;0;0;0;0;0;0;0;0;3076;0;0;0;0;0;0;
24640;3644956;571326464;30019584;537153536;0;0;0;0;0;0;0;0;0;0;0;3797;0;0;0;0;0;0;
24641;5449580;571326464;30019584;537153536;0;0;0;0;0;0;0;0;0;0;0;4518;0;0;0;0;0;0;
24642;2806603;571326464;30019584;537153536;0;0;0;0;0;0;0;0;0;0;0;3196;0;0;0;0;0;0;
24643;5260125;571326464;30019584;537153536;0;0;0;0;0;0;0;0;0;0;0;3186;0;0;0;0;0;0;
24644;3056221;571326464;30019584;537153536;0;0;0;0;0;0;0;0;0;0;0;3456;0;0;0;0;0;0;
24645;5116415;571326464;30019584;537153536;0;0;0;0;0;0;0;0;0;0;0;3016;0;0;0;0;0;0;
24646;3070439;571326464;30019584;537153536;0;0;0;0;0;0;0;0;0;0;0;3607;0;0;0;0;0;0;
24647;5338502;571326464;30019584;537153536;0;0;0;0;0;0;0;0;0;0;0;3457;0;0;0;0;0;0;
24648;3169584;571326464;30019584;537153536;0;0;0;0;0;0;0;0;0;0;0;3146;0;0;0;0;0;0;
24649;5790739;571326464;30019584;537153536;0;0;0;0;0;0;0;0;0;0;0;4058;0;0;0;0;0;0;
24650;3030945;571326464;30019584;537153536;0;0;0;0;0;0;0;0;0;0;0;3426;0;0;0;0;0;0;
24651;5326500;571326464;30019584;537153536;0;0;0;0;0;0;0;0;0;0;0;4318;0;0;0;0;0;0;
24652;2986110;571326464;30019584;537153536;0;0;0;0;0;0;0;0;0;0;0;3677;0;0;0;0;0;0;
24653;4864623;571326464;30019584;537153536;0;0;0;0;0;0;0;0;0;0;0;3687;0;0;0;0;0;0;
24654;3477822;571326464;30019584;537153536;0;0;0;0;0;0;0;0;0;0;0;2775;0;0;0;0;0;0;
24655;4687722;571326464;30019584;537153536;0;0;0;0;0;0;0;0;0;0;0;2235;0;0;0;0;0;0;
24656;3615010;571326464;30019584;537153536;0;0;0;0;0;0;0;0;0;0;0;3296;0;0;0;0;0;0;
24657;4569971;571326464;30019584;537153536;0;0;0;0;0;0;0;0;0;0;0;2455;0;0;0;0;0;0;
24658;4812716;571326464;30019584;537153536;0;0;0;0;0;0;0;0;0;0;0;3737;0;0;0;0;0;0;
24659;4828595;571326464;30019584;537153536;0;0;0;0;0;0;0;0;0;0;0;2064;0;0;0;0;0;0;
24660;4588986;571326464;30019584;537153536;0;0;0;0;0;0;0;0;0;0;0;3486;0;0;0;0;0;0;
24661;4670589;571326464;30019584;537153536;0;0;0;0;0;0;0;0;0;0;0;2985;0;0;0;0;0;0;
24662;4382599;571326464;30019584;537153536;0;0;0;0;0;0;0;0;0;0;0;3977;0;0;0;0;0;0;
24663;5516025;571326464;30019584;537153536;0;0;0;0;0;0;0;0;0;0;0;2525;0;0;0;0;0;0;
24664;4063571;571326464;30019584;537153536;0;0;0;0;0;0;0;0;0;0;0;5139;0;0;0;0;0;0;
24665;5127486;571326464;30019584;537153536;0;0;0;0;0;0;0;0;0;0;0;2915;0;0;0;0;0;0;
24666;4161715;571326464;30019584;537153536;0;0;0;0;0;0;0;0;0;0;0;4449;0;0;0;0;0;0;
24667;4801304;571326464;30019584;537153536;0;0;0;0;0;0;0;0;0;0;0;3707;0;0;0;0;0;0;
24668;4476415;571326464;30019584;537153536;0;0;0;0;0;0;0;0;0;0;0;10439;0;0;0;0;0;0;
24669;4694464;571326464;30019584;537153536;0;0;0;0;0;0;0;0;0;0;0;3126;0;0;0;0;0;0;
24670;4825459;571326464;30019584;537153536;0;0;0;0;0;0;0;0;0;0;0;4919;0;0;0;0;0;0;
24671;4997192;571326464;30019584;537153536;0;0;0;0;0;0;0;0;0;0;0;3527;0;0;0;0;0;0;
24672;3514541;571326464;30019584;537153536;0;0;0;0;0;0;0;0;0;0;0;3967;0;0;0;0;0;0;
24673;5409084;571326464;30019584;537153536;0;0;0;0;0;0;0;0;0;0;0;4027;0;0;0;0;0;0;
24674;4750649;571326464;30019584;537153536;0;0;0;0;0;0;0;0;0;0;0;3667;0;0;0;0;0;0;
24675;8228562;571326464;30019584;537153536;0;0;0;0;0;0;0;0;0;0;0;4368;0;0;0;0;0;0;
24676;9937707;571326464;30019584;537153536;0;0;0;0;0;0;0;0;0;0;0;3707;0;0;0;0;0;0;
24677;5264803;571326464;30019584;537153536;0;0;0;0;0;0;0;0;0;0;0;3436;0;0;0;0;0;0;
24678;3761735;571326464;30019584;537153536;0;0;0;0;0;0;0;0;0;0;0;3456;0;0;0;0;0;0;
24679;5316711;571326464;30019584;537153536;0;0;0;0;0;0;0;0;0;0;0;3827;0;0;0;0;0;0;
24680;3655656;571326464;30019584;537153536;0;0;0;0;0;0;0;0;0;0;0;4999;0;0;0;0;0;0;
24681;5065730;571326464;30019584;537153536;0;0;0;0;0;0;0;0;0;0;0;3286;0;0;0;0;0;0;
24682;3596675;571326464;30019584;537153536;0;0;0;0;0;0;0;0;0;0;0;7303;0;0;0;0;0;0;
24683;4937881;571326464;30019584;537153536;0;0;0;0;0;0;0;0;0;0;0;2915;0;0;0;0;0;0;
24684;3273880;571326464;30019584;537153536;0;0;0;0;0;0;0;0;0;0;0;3287;0;0;0;0;0;0;
24685;5099484;571326464;30019584;537153536;0;0;0;0;0;0;0;0;0;0;0;3346;0;0;0;0;0;0;
24686;2681549;571326464;30019584;537153536;0;0;0;0;0;0;0;0;0;0;0;5199;0;0;0;0;0;0;
24687;4553179;571326464;30019584;537153536;0;0;0;0;0;0;0;0;0;0;0;3727;0;0;0;0;0;0;
24688;2932459;571326464;30019584;537153536;0;0;0;0;0;0;0;0;0;0;0;3346;0;0;0;0;0;0;
24689;4405912;571326464;30019584;537153536;0;0;0;0;0;0;0;0;0;0;0;2715;0;0;0;0;0;0;
24690;3385559;571326464;30019584;537153536;0;0;0;0;0;0;0;0;0;0;0;4438;0;0;0;0;0;0;
24691;4387328;571326464;30019584;537153536;0;0;0;0;0;0;0;0;0;0;0;1913;0;0;0;0;0;0;
24692;3955398;571326464;30019584;537153536;0;0;0;0;0;0;0;0;0;0;0;4819;0;0;0;0;0;0;
24693;4934725;571326464;30019584;537153536;0;0;0;0;0;0;0;0;0;0;0;2094;0;0;0;0;0;0;
24694;2896392;571326464;30019584;537153536;0;0;0;0;0;0;0;0;0;0;0;3166;0;0;0;0;0;0;
24695;5015195;571326464;30019584;537153536;0;0;0;0;0;0;0;0;0;0;0;3917;0;0;0;0;0;0;
24696;2807936;571326464;30019584;537153536;0;0;0;0;0;0;0;0;0;0;0;4117;0;0;0;0;0;0;
24697;4719582;571326464;30019584;537153536;0;0;0;0;0;0;0;0;0;0;0;1753;0;0;0;0;0;0;
24698;3305449;571326464;30019584;537153536;0;0;0;0;0;0;0;0;0;0;0;4648;0;0;0;0;0;0;
24699;5067173;571326464;30019584;537153536;0;0;0;0;0;0;0;0;0;0;0;3437;0;0;0;0;0;0;
24700;3598378;571326464;30019584;537153536;0;0;0;0;0;0;0;0;0;0;0;3998;0;0;0;0;0;0;
24701;4686308;571326464;30019584;537153536;0;0;0;0;0;0;0;0;0;0;0;2955;0;0;0;0;0;0;
24702;3298667;571326464;30019584;537153536;0;0;0;0;0;0;0;0;0;0;0;5049;0;0;0;0;0;0;
24703;5035072;571326464;30019584;537153536;0;0;0;0;0;0;0;0;0;0;0;3096;0;0;0;0;0;0;
24704;2914837;571326464;30019584;537153536;0;0;0;0;0;0;0;0;0;0;0;3867;0;0;0;0;0;0;
24705;4669558;571326464;30019584;537153536;0;0;0;0;0;0;0;0;0;0;0;3266;0;0;0;0;0;0;
24706;3164735;571326464;30019584;537153536;0;0;0;0;0;0;0;0;0;0;0;4238;0;0;0;0;0;0;
24707;5250777;571326464;30019584;537153536;0;0;0;0;0;0;0;0;0;0;0;3998;0;0;0;0;0;0;
24708;3308014;571326464;30019584;537153536;0;0;0;0;0;0;0;0;0;0;0;3907;0;0;0;0;0;0;
24709;4831841;571326464;30019584;537153536;0;0;0;0;0;0;0;0;0;0;0;4258;0;0;0;0;0;0;
24710;3385038;571326464;30019584;537153536;0;0;0;0;0;0;0;0;0;0;0;4278;0;0;0;0;0;0;
24711;4944753;571326464;30019584;537153536;0;0;0;0;0;0;0;0;0;0;0;3236;0;0;0;0;0;0;
24712;3101447;571326464;30019584;537153536;0;0;0;0;0;0;0;0;0;0;0;4098;0;0;0;0;0;0;
24713;5378607;571326464;30019584;537153536;0;0;0;0;0;0;0;0;0;0;0;3246;0;0;0;0;0;0;
24714;2750638;571326464;30019584;537153536;0;0;0;0;0;0;0;0;0;0;0;3716;0;0;0;0;0;0;
24715;5105384;571326464;30019584;537153536;0;0;0;0;0;0;0;0;0;0;0;3777;0;0;0;0;0;0;
24716;3216572;571326464;30019584;537153536;0;0;0;0;0;0;0;0;0;0;0;3987;0;0;0;0;0;0;
24717;4993655;571326464;30019584;537153536;0;0;0;0;0;0;0;0;0;0;0;3226;0;0;0;0;0;0;
24718;2974819;571326464;30019584;537153536;0;0;0;0;0;0;0;0;0;0;0;3817;0;0;0;0;0;0;
24719;4828014;571326464;30019584;537153536;0;0;0;0;0;0;0;0;0;0;0;3115;0;0;0;0;0;0;
24720;3631851;571326464;30019584;537153536;0;0;0;0;0;0;0;0;0;0;0;3206;0;0;0;0;0;0;
24721;4759696;571326464;30019584;537153536;0;0;0;0;0;0;0;0;0;0;0;3446;0;0;0;0;0;0;
24722;3415976;571326464;30019584;537153536;0;0;0;0;0;0;0;0;0;0;0;4939;0;0;0;0;0;0;
24723;4818146;571326464;30019584;537153536;0;0;0;0;0;0;0;0;0;0;0;3356;0;0;0;0;0;0;
24724;3663581;571326464;30019584;537153536;0;0;0;0;0;0;0;0;0;0;0;4519;0;0;0;0;0;0;
24725;5019493;571326464;30019584;537153536;0;0;0;0;0;0;0;0;0;0;0;3937;0;0;0;0;0;0;
24726;3524139;571326464;30019584;537153536;0;0;0;0;0;0;0;0;0;0;0;4519;0;0;0;0;0;0;
24727;6126449;571326464;30019584;537153536;0;0;0;0;0;0;0;0;0;0;0;2755;0;0;0;0;0;0;
24728;3298165;571326464;30019584;537153536;0;0;0;0;0;0;0;0;0;0;0;3706;0;0;0;0;0;0;
24729;5220901;571326464;30019584;537153536;0;0;0;0;0;0;0;0;0;0;0;3556;0;0;0;0;0;0;
24730;4004350;571326464;30019584;537153536;0;0;0;0;0;0;0;0;0;0;0;5279;0;0;0;0;0;0;
24731;4738547;571326464;30019584;537153536;0;0;0;0;0;0;0;0;0;0;0;3006;0;0;0;0;0;0;
24732;2946215;571326464;30019584;537153536;0;0;0;0;0;0;0;0;0;0;0;5239;0;0;0;0;0;0;
24733;4752483;571326464;30019584;537153536;0;0;0;0;0;0;0;0;0;0;0;3306;0;0;0;0;0;0;
24734;3049929;571326464;30019584;537153536;0;0;0;0;0;0;0;0;0;0;0;3347;0;0;0;0;0;0;
24735;5446014;571326464;30019584;537153536;0;0;0;0;0;0;0;0;0;0;0;4038;0;0;0;0;0;0;
24736;3745835;571326464;30019584;537153536;0;0;0;0;0;0;0;0;0;0;0;4258;0;0;0;0;0;0;
24737;4937159;571326464;30019584;537153536;0;0;0;0;0;0;0;0;0;0;0;3768;0;0;0;0;0;0;
24738;3540279;571326464;30019584;537153536;0;0;0;0;0;0;0;0;0;0;0;3897;0;0;0;0;0;0;
24739;5455371;571326464;30019584;537153536;0;0;0;0;0;0;0;0;0;0;0;4338;0;0;0;0;0;0;
24740;3324354;571326464;30019584;537153536;0;0;0;0;0;0;0;0;0;0;0;3897;0;0;0;0;0;0;
24741;5571379;571326464;30019584;537153536;0;0;0;0;0;0;0;0;0;0;0;4238;0;0;0;0;0;0;
24742;3248873;571326464;30019584;537153536;0;0;0;0;0;0;0;0;0;0;0;3677;0;0;0;0;0;0;
24743;5371925;571326464;30019584;537153536;0;0;0;0;0;0;0;0;0;0;0;4759;0;0;0;0;0;0;
24744;3530050;571326464;30019584;537153536;0;0;0;0;0;0;0;0;0;0;0;3988;0;0;0;0;0;0;
24745;5741508;571326464;30019584;537153536;0;0;0;0;0;0;0;0;0;0;0;5039;0;0;0;0;0;0;
24746;4064563;571326464;30019584;537153536;0;0;0;0;0;0;0;0;0;0;0;3947;0;0;0;0;0;0;
24747;5331298;571326464;30019584;537153536;0;0;0;0;0;0;0;0;0;0;0;4629;0;0;0;0;0;0;
24748;2581642;571326464;30019584;537153536;0;0;0;0;0;0;0;0;0;0;0;5100;0;0;0;0;0;0;
24749;5065560;571326464;30019584;537153536;0;0;0;0;0;0;0;0;0;0;0;3667;0;0;0;0;0;0;
24750;3732380;571326464;30019584;537153536;0;0;0;0;0;0;0;0;0;0;0;4619;0;0;0;0;0;0;
24751;5269222;571326464;30019584;537153536;0;0;0;0;0;0;0;0;0;0;0;4919;0;0;0;0;0;0;
24752;3438037;571326464;30019584;537153536;0;0;0;0;0;0;0;0;0;0;0;3516;0;0;0;0;0;0;
24753;4705955;571326464;30019584;537153536;0;0;0;0;0;0;0;0;0;0;0;2325;0;0;0;0;0;0;
24754;2475452;571326464;30019584;537153536;0;0;0;0;0;0;0;0;0;0;0;3477;0;0;0;0;0;0;
24755;4471616;571326464;30019584;537153536;0;0;0;0;0;0;0;0;0;0;0;2334;0;0;0;0;0;0;
24756;3145509;571326464;30019584;537153536;0;0;0;0;0;0;0;0;0;0;0;3978;0;0;0;0;0;0;
24757;4775817;571326464;30019584;537153536;0;0;0;0;0;0;0;0;0;0;0;2224;0;0;0;0;0;0;
24758;3246038;571326464;30019584;537153536;0;0;0;0;0;0;0;0;0;0;0;3797;0;0;0;0;0;0;
24759;4324540;571326464;30019584;537153536;0;0;0;0;0;0;0;0;0;0;0;2655;0;0;0;0;0;0;
24760;2892945;571326464;30019584;537153536;0;0;0;0;0;0;0;0;0;0;0;3546;0;0;0;0;0;0;
24761;5352639;571326464;30019584;537153536;0;0;0;0;0;0;0;0;0;0;0;3877;0;0;0;0;0;0;
24762;4113294;571326464;30019584;537153536;0;0;0;0;0;0;0;0;0;0;0;4318;0;0;0;0;0;0;
24763;4737996;571326464;30019584;537153536;0;0;0;0;0;0;0;0;0;0;0;3526;0;0;0;0;0;0;
24764;3083293;571326464;30019584;537153536;0;0;0;0;0;0;0;0;0;0;0;3136;0;0;0;0;0;0;
24765;4795644;571326464;30019584;537153536;0;0;0;0;0;0;0;0;0;0;0;3556;0;0;0;0;0;0;
24766;2881855;571326464;30019584;537153536;0;0;0;0;0;0;0;0;0;0;0;5410;0;0;0;0;0;0;
24767;4871346;571326464;30019584;537153536;0;0;0;0;0;0;0;0;0;0;0;3777;0;0;0;0;0;0;
24768;3287655;571326464;30019584;537153536;0;0;0;0;0;0;0;0;0;0;0;5169;0;0;0;0;0;0;
24769;5153706;571326464;30019584;537153536;0;0;0;0;0;0;0;0;0;0;0;3687;0;0;0;0;0;0;
24770;3013692;571326464;30019584;537153536;0;0;0;0;0;0;0;0;0;0;0;3918;0;0;0;0;0;0;
24771;5114872;571326464;30019584;537153536;0;0;0;0;0;0;0;0;0;0;0;5049;0;0;0;0;0;0;
24772;3004574;571326464;30019584;537153536;0;0;0;0;0;0;0;0;0;0;0;3657;0;0;0;0;0;0;
24773;4748365;571326464;30019584;537153536;0;0;0;0;0;0;0;0;0;0;0;2935;0;0;0;0;0;0;
24774;3328782;571326464;30019584;537153536;0;0;0;0;0;0;0;0;0;0;0;3838;0;0;0;0;0;0;
24775;4374144;571326464;30019584;537153536;0;0;0;0;0;0;0;0;0;0;0;2204;0;0;0;0;0;0;
24776;3120963;571326464;30019584;537153536;0;0;0;0;0;0;0;0;0;0;0;4749;0;0;0;0;0;0;
24777;4503085;571326464;30019584;537153536;0;0;0;0;0;0;0;0;0;0;0;2695;0;0;0;0;0;0;
24778;3226571;571326464;30019584;537153536;0;0;0;0;0;0;0;0;0;0;0;3437;0;0;0;0;0;0;
24779;5382996;571326464;30019584;537153536;0;0;0;0;0;0;0;0;0;0;0;4709;0;0;0;0;0;0;
24780;4219072;571326464;30019584;537153536;0;0;0;0;0;0;0;0;0;0;0;4508;0;0;0;0;0;0;
24781;5523859;571326464;30019584;537153536;0;0;0;0;0;0;0;0;0;0;0;4339;0;0;0;0;0;0;
24782;3673890;571326464;30019584;537153536;0;0;0;0;0;0;0;0;0;0;0;3266;0;0;0;0;0;0;
24783;4986421;571326464;30019584;537153536;0;0;0;0;0;0;0;0;0;0;0;5641;0;0;0;0;0;0;
24784;3536703;571326464;30019584;537153536;0;0;0;0;0;0;0;0;0;0;0;4488;0;0;0;0;0;0;
24785;5049620;571326464;30019584;537153536;0;0;0;0;0;0;0;0;0;0;0;3286;0;0;0;0;0;0;
24786;2972655;571326464;30019584;537153536;0;0;0;0;0;0;0;0;0;0;0;5029;0;0;0;0;0;0;
24787;5284090;571326464;30019584;537153536;0;0;0;0;0;0;0;0;0;0;0;3927;0;0;0;0;0;0;
24788;3293937;571326464;30019584;537153536;0;0;0;0;0;0;0;0;0;0;0;4058;0;0;0;0;0;0;
24789;5016017;571326464;30019584;537153536;0;0;0;0;0;0;0;0;0;0;0;4067;0;0;0;0;0;0;
24790;3135961;571326464;30019584;537153536;0;0;0;0;0;0;0;0;0;0;0;3716;0;0;0;0;0;0;
24791;5127496;571326464;30019584;537153536;0;0;0;0;0;0;0;0;0;0;0;4298;0;0;0;0;0;0;
24792;3003533;571326464;30019584;537153536;0;0;0;0;0;0;0;0;0;0;0;5140;0;0;0;0;0;0;
24793;5460320;571326464;30019584;537153536;0;0;0;0;0;0;0;0;0;0;0;3407;0;0;0;0;0;0;
24794;3250175;571326464;30019584;537153536;0;0;0;0;0;0;0;0;0;0;0;4028;0;0;0;0;0;0;
24795;5282326;571326464;30019584;537153536;0;0;0;0;0;0;0;0;0;0;0;2826;0;0;0;0;0;0;
24796;3022729;571326464;30019584;537153536;0;0;0;0;0;0;0;0;0;0;0;4138;0;0;0;0;0;0;
24797;5565277;571326464;30019584;537153536;0;0;0;0;0;0;0;0;0;0;0;4318;0;0;0;0;0;0;
24798;3258130;571326464;30019584;537153536;0;0;0;0;0;0;0;0;0;0;0;3657;0;0;0;0;0;0;
24799;5372576;571326464;30019584;537153536;0;0;0;0;0;0;0;0;0;0;0;3627;0;0;0;0;0;0;
24800;2983986;571326464;30019584;537153536;0;0;0;0;0;0;0;0;0;0;0;4028;0;0;0;0;0;0;
24801;4892275;571326464;30019584;537153536;0;0;0;0;0;0;0;0;0;0;0;3878;0;0;0;0;0;0;
24802;3045100;571326464;30019584;537153536;0;0;0;0;0;0;0;0;0;0;0;5691;0;0;0;0;0;0;
24803;4638018;571326464;30019584;537153536;0;0;0;0;0;0;0;0;0;0;0;2735;0;0;0;0;0;0;
24804;2741662;571326464;30019584;537153536;0;0;0;0;0;0;0;0;0;0;0;3517;0;0;0;0;0;0;
24805;5044340;571326464;30019584;537153536;0;0;0;0;0;0;0;0;0;0;0;3707;0;0;0;0;0;0;
24806;3043117;571326464;30019584;537153536;0;0;0;0;0;0;0;0;0;0;0;3677;0;0;0;0;0;0;
24807;4360627;571326464;30019584;537153536;0;0;0;0;0;0;0;0;0;0;0;1813;0;0;0;0;0;0;
24808;3804655;571326464;30019584;537153536;0;0;0;0;0;0;0;0;0;0;0;3496;0;0;0;0;0;0;
24809;4454424;571326464;30019584;537153536;0;0;0;0;0;0;0;0;0;0;0;2414;0;0;0;0;0;0;
24810;3359661;571326464;30019584;537153536;0;0;0;0;0;0;0;0;0;0;0;4519;0;0;0;0;0;0;
24811;4450066;571326464;30019584;537153536;0;0;0;0;0;0;0;0;0;0;0;2845;0;0;0;0;0;0;
24812;3540209;571326464;30019584;537153536;0;0;0;0;0;0;0;0;0;0;0;4819;0;0;0;0;0;0;
24813;5480048;571326464;30019584;537153536;0;0;0;0;0;0;0;0;0;0;0;4458;0;0;0;0;0;0;
24814;4373783;571326464;30019584;537153536;0;0;0;0;0;0;0;0;0;0;0;3557;0;0;0;0;0;0;
24815;5554237;571326464;30019584;537153536;0;0;0;0;0;0;0;0;0;0;0;5279;0;0;0;0;0;0;
24816;3937755;571326464;30019584;537153536;0;0;0;0;0;0;0;0;0;0;0;4198;0;0;0;0;0;0;
24817;5379419;571326464;30019584;537153536;0;0;0;0;0;0;0;0;0;0;0;3887;0;0;0;0;0;0;
24818;3538105;571326464;30019584;537153536;0;0;0;0;0;0;0;0;0;0;0;5079;0;0;0;0;0;0;
24819;5951782;571326464;30019584;537153536;0;0;0;0;0;0;0;0;0;0;0;6953;0;0;0;0;0;0;
24820;3430303;571326464;30019584;537153536;0;0;0;0;0;0;0;0;0;0;0;3787;0;0;0;0;0;0;
24821;5623476;571326464;30019584;537153536;0;0;0;0;0;0;0;0;0;0;0;3998;0;0;0;0;0;0;
24822;3500475;571326464;30019584;537153536;0;0;0;0;0;0;0;0;0;0;0;4428;0;0;0;0;0;0;
24823;5901347;571326464;30019584;537153536;0;0;0;0;0;0;0;0;0;0;0;4498;0;0;0;0;0;0;
24824;3510354;571326464;30019584;537153536;0;0;0;0;0;0;0;0;0;0;0;4369;0;0;0;0;0;0;
24825;5649154;571326464;30019584;537153536;0;0;0;0;0;0;0;0;0;0;0;5600;0;0;0;0;0;0;
24826;3779328;571326464;30019584;537153536;0;0;0;0;0;0;0;0;0;0;0;2795;0;0;0;0;0;0;
24827;5069186;571326464;30019584;537153536;0;0;0;0;0;0;0;0;0;0;0;3807;0;0;0;0;0;0;
24828;3101747;571326464;30019584;537153536;0;0;0;0;0;0;0;0;0;0;0;3186;0;0;0;0;0;0;
24829;5048828;571326464;30019584;537153536;0;0;0;0;0;0;0;0;0;0;0;4108;0;0;0;0;0;0;
24830;3485757;571326464;30019584;537153536;0;0;0;0;0;0;0;0;0;0;0;4158;0;0;0;0;0;0;
24831;5032488;571326464;30019584;537153536;0;0;0;0;0;0;0;0;0;0;0;3306;0;0;0;0;0;0;
24832;3089834;571326464;30019584;537153536;0;0;0;0;0;0;0;0;0;0;0;3476;0;0;0;0;0;0;
24833;4730842;571326464;30019584;537153536;0;0;0;0;0;0;0;0;0;0;0;2504;0;0;0;0;0;0;
24834;2766909;571326464;30019584;537153536;0;0;0;0;0;0;0;0;0;0;0;3947;0;0;0;0;0;0;
24835;4988515;571326464;30019584;537153536;0;0;0;0;0;0;0;0;0;0;0;4098;0;0;0;0;0;0;
24836;3513860;571326464;30019584;537153536;0;0;0;0;0;0;0;0;0;0;0;3467;0;0;0;0;0;0;
24837;5113099;571326464;30019584;537153536;0;0;0;0;0;0;0;0;0;0;0;3948;0;0;0;0;0;0;
24838;3200362;571326464;30019584;537153536;0;0;0;0;0;0;0;0;0;0;0;4208;0;0;0;0;0;0;
24839;5253532;571326464;30019584;537153536;0;0;0;0;0;0;0;0;0;0;0;4088;0;0;0;0;0;0;
24840;3206544;571326464;30019584;537153536;0;0;0;0;0;0;0;0;0;0;0;2935;0;0;0;0;0;0;
24841;5107859;571326464;30019584;537153536;0;0;0;0;0;0;0;0;0;0;0;3477;0;0;0;0;0;0;
24842;3426867;571326464;30019584;537153536;0;0;0;0;0;0;0;0;0;0;0;3467;0;0;0;0;0;0;
24843;5781182;571326464;30019584;537153536;0;0;0;0;0;0;0;0;0;0;0;4038;0;0;0;0;0;0;
24844;2799179;571326464;30019584;537153536;0;0;0;0;0;0;0;0;0;0;0;4118;0;0;0;0;0;0;
24845;5662219;571326464;30019584;537153536;0;0;0;0;0;0;0;0;0;0;0;3457;0;0;0;0;0;0;
24846;3606514;571326464;30019584;537153536;0;0;0;0;0;0;0;0;0;0;0;3206;0;0;0;0;0;0;
24847;5582980;571326464;30019584;537153536;0;0;0;0;0;0;0;0;0;0;0;3316;0;0;0;0;0;0;
24848;3809003;571326464;30019584;537153536;0;0;0;0;0;0;0;0;0;0;0;3587;0;0;0;0;0;0;
24849;5258962;571326464;30019584;537153536;0;0;0;0;0;0;0;0;0;0;0;10800;0;0;0;0;0;0;
24850;2870163;571326464;30019584;537153536;0;0;0;0;0;0;0;0;0;0;0;3316;0;0;0;0;0;0;
24851;5378326;571326464;30019584;537153536;0;0;0;0;0;0;0;0;0;0;0;5340;0;0;0;0;0;0;
24852;2708219;571326464;30019584;537153536;0;0;0;0;0;0;0;0;0;0;0;3366;0;0;0;0;0;0;
24853;5071822;571326464;30019584;537153536;0;0;0;0;0;0;0;0;0;0;0;1903;0;0;0;0;0;0;
24854;3023280;571326464;30019584;537153536;0;0;0;0;0;0;0;0;0;0;0;3366;0;0;0;0;0;0;
24855;4751692;571326464;30019584;537153536;0;0;0;0;0;0;0;0;0;0;0;2835;0;0;0;0;0;0;
24856;2943680;571326464;30019584;537153536;0;0;0;0;0;0;0;0;0;0;0;4037;0;0;0;0;0;0;
24857;4978286;571326464;30019584;537153536;0;0;0;0;0;0;0;0;0;0;0;2154;0;0;0;0;0;0;
24858;3279350;571326464;30019584;537153536;0;0;0;0;0;0;0;0;0;0;0;2936;0;0;0;0;0;0;
24859;4424437;571326464;30019584;537153536;0;0;0;0;0;0;0;0;0;0;0;2244;0;0;0;0;0;0;
24860;3481339;571326464;30019584;537153536;0;0;0;0;0;0;0;0;0;0;0;3397;0;0;0;0;0;0;
24861;4425289;571326464;30019584;537153536;0;0;0;0;0;0;0;0;0;0;0;2324;0;0;0;0;0;0;
24862;3377414;571326464;30019584;537153536;0;0;0;0;0;0;0;0;0;0;0;4258;0;0;0;0;0;0;
24863;4539202;571326464;30019584;537153536;0;0;0;0;0;0;0;0;0;0;0;2615;0;0;0;0;0;0;
24864;3159655;571326464;30019584;537153536;0;0;0;0;0;0;0;0;0;0;0;3777;0;0;0;0;0;0;
24865;4986181;571326464;30019584;537153536;0;0;0;0;0;0;0;0;0;0;0;3717;0;0;0;0;0;0;
24866;3072512;571326464;30019584;537153536;0;0;0;0;0;0;0;0;0;0;0;4087;0;0;0;0;0;0;
24867;5148385;571326464;30019584;537153536;0;0;0;0;0;0;0;0;0;0;0;4288;0;0;0;0;0;0;
24868;3183611;571326464;30019584;537153536;0;0;0;0;0;0;0;0;0;0;0;3958;0;0;0;0;0;0;
24869;5368999;571326464;30019584;537153536;0;0;0;0;0;0;0;0;0;0;0;3667;0;0;0;0;0;0;
24870;2871666;571326464;30019584;537153536;0;0;0;0;0;0;0;0;0;0;0;3957;0;0;0;0;0;0;
24871;4871606;571326464;30019584;537153536;0;0;0;0;0;0;0;0;0;0;0;3186;0;0;0;0;0;0;
24872;2890801;571326464;30019584;537153536;0;0;0;0;0;0;0;0;0;0;0;4909;0;0;0;0;0;0;
24873;5041414;571326464;30019584;537153536;0;0;0;0;0;0;0;0;0;0;0;4890;0;0;0;0;0;0;
24874;3519390;571326464;30019584;537153536;0;0;0;0;0;0;0;0;0;0;0;3637;0;0;0;0;0;0;
24875;5360092;571326464;30019584;537153536;0;0;0;0;0;0;0;0;0;0;0;3506;0;0;0;0;0;0;
24876;3561930;571326464;30019584;537153536;0;0;0;0;0;0;0;0;0;0;0;3486;0;0;0;0;0;0;
24877;5463787;571326464;30019584;537153536;0;0;0;0;0;0;0;0;0;0;0;3647;0;0;0;0;0;0;
24878;4324951;571326464;30019584;537153536;0;0;0;0;0;0;0;0;0;0;0;3878;0;0;0;0;0;0;
24879;4970451;571326464;30019584;537153536;0;0;0;0;0;0;0;0;0;0;0;2665;0;0;0;0;0;0;
24880;2589967;571326464;30019584;537153536;0;0;0;0;0;0;0;0;0;0;0;4529;0;0;0;0;0;0;
24881;5307894;571326464;30019584;537153536;0;0;0;0;0;0;0;0;0;0;0;3246;0;0;0;0;0;0;
24882;2497093;571326464;30019584;537153536;0;0;0;0;0;0;0;0;0;0;0;4188;0;0;0;0;0;0;
24883;5019564;571326464;30019584;537153536;0;0;0;0;0;0;0;0;0;0;0;3867;0;0;0;0;0;0;
24884;2669837;571326464;30019584;537153536;0;0;0;0;0;0;0;0;0;0;0;4248;0;0;0;0;0;0;
24885;4989878;571326464;30019584;537153536;0;0;0;0;0;0;0;0;0;0;0;2645;0;0;0;0;0;0;
24886;3301802;571326464;30019584;537153536;0;0;0;0;0;0;0;0;0;0;0;4388;0;0;0;0;0;0;
24887;4471997;571326464;30019584;537153536;0;0;0;0;0;0;0;0;0;0;0;2615;0;0;0;0;0;0;
24888;5897700;571326464;30019584;537153536;0;0;0;0;0;0;0;0;0;0;0;3777;0;0;0;0;0;0;
24889;5195022;571326464;30019584;537153536;0;0;0;0;0;0;0;0;0;0;0;4168;0;0;0;0;0;0;
24890;3261887;571326464;30019584;537153536;0;0;0;0;0;0;0;0;0;0;0;3837;0;0;0;0;0;0;
24891;5070870;571326464;30019584;537153536;0;0;0;0;0;0;0;0;0;0;0;3847;0;0;0;0;0;0;
24892;2910117;571326464;30019584;537153536;0;0;0;0;0;0;0;0;0;0;0;5350;0;0;0;0;0;0;
24893;4582474;571326464;30019584;537153536;0;0;0;0;0;0;0;0;0;0;0;2985;0;0;0;0;0;0;
24894;3131493;571326464;30019584;537153536;0;0;0;0;0;0;0;0;0;0;0;4088;0;0;0;0;0;0;
24895;4497435;571326464;30019584;537153536;0;0;0;0;0;0;0;0;0;0;0;2355;0;0;0;0;0;0;
24896;3231070;571326464;30019584;537153536;0;0;0;0;0;0;0;0;0;0;0;4839;0;0;0;0;0;0;
24897;5193199;571326464;30019584;537153536;0;0;0;0;0;0;0;0;0;0;0;3356;0;0;0;0;0;0;
24898;3075268;571326464;30019584;537153536;0;0;0;0;0;0;0;0;0;0;0;4178;0;0;0;0;0;0;
24899;4977074;571326464;30019584;537153536;0;0;0;0;0;0;0;0;0;0;0;4859;0;0;0;0;0;0;
24900;2983144;571326464;30019584;537153536;0;0;0;0;0;0;0;0;0;0;0;3407;0;0;0;0;0;0;
24901;4881545;571326464;30019584;537153536;0;0;0;0;0;0;0;0;0;0;0;3867;0;0;0;0;0;0;
24902;3022168;571326464;30019584;537153536;0;0;0;0;0;0;0;0;0;0;0;5149;0;0;0;0;0;0;
24903;4831631;571326464;30019584;537153536;0;0;0;0;0;0;0;0;0;0;0;3346;0;0;0;0;0;0;
24904;3520101;571326464;30019584;537153536;0;0;0;0;0;0;0;0;0;0;0;4379;0;0;0;0;0;0;
24905;5179564;571326464;30019584;537153536;0;0;0;0;0;0;0;0;0;0;0;4078;0;0;0;0;0;0;
24906;3669341;571326464;30019584;537153536;0;0;0;0;0;0;0;0;0;0;0;3847;0;0;0;0;0;0;
24907;5249956;571326464;30019584;537153536;0;0;0;0;0;0;0;0;0;0;0;4288;0;0;0;0;0;0;
24908;3310448;571326464;30019584;537153536;0;0;0;0;0;0;0;0;0;0;0;4318;0;0;0;0;0;0;
24909;5050943;571326464;30019584;537153536;0;0;0;0;0;0;0;0;0;0;0;3647;0;0;0;0;0;0;
24910;3410757;571326464;30019584;537153536;0;0;0;0;0;0;0;0;0;0;0;3997;0;0;0;0;0;0;
24911;10759568;571326464;30019584;537153536;0;0;0;0;0;0;0;0;0;0;0;4258;0;0;0;0;0;0;
24912;6185050;571326464;30019584;537153536;0;0;0;0;0;0;0;0;0;0;0;3787;0;0;0;0;0;0;
24913;5024082;571326464;30019584;537153536;0;0;0;0;0;0;0;0;0;0;0;3958;0;0;0;0;0;0;
24914;4008327;571326464;30019584;537153536;0;0;0;0;0;0;0;0;0;0;0;5270;0;0;0;0;0;0;
24915;5179343;571326464;30019584;537153536;0;0;0;0;0;0;0;0;0;0;0;3887;0;0;0;0;0;0;
24916;3575395;571326464;30019584;537153536;0;0;0;0;0;0;0;0;0;0;0;4729;0;0;0;0;0;0;
24917;5272999;571326464;30019584;537153536;0;0;0;0;0;0;0;0;0;0;0;14056;0;0;0;0;0;0;
24918;3559385;571326464;30019584;537153536;0;0;0;0;0;0;0;0;0;0;0;4659;0;0;0;0;0;0;
24919;5198509;571326464;30019584;537153536;0;0;0;0;0;0;0;0;0;0;0;3817;0;0;0;0;0;0;
24920;3753569;571326464;30019584;537153536;0;0;0;0;0;0;0;0;0;0;0;4769;0;0;0;0;0;0;
24921;5412460;571326464;30019584;537153536;0;0;0;0;0;0;0;0;0;0;0;3026;0;0;0;0;0;0;
24922;3698786;571326464;30019584;537153536;0;0;0;0;0;0;0;0;0;0;0;3938;0;0;0;0;0;0;
24923;5011258;571326464;30019584;537153536;0;0;0;0;0;0;0;0;0;0;0;3576;0;0;0;0;0;0;
24924;3304737;571326464;30019584;537153536;0;0;0;0;0;0;0;0;0;0;0;3487;0;0;0;0;0;0;
24925;5147965;571326464;30019584;537153536;0;0;0;0;0;0;0;0;0;0;0;3416;0;0;0;0;0;0;
24926;3390859;571326464;30019584;537153536;0;0;0;0;0;0;0;0;0;0;0;3336;0;0;0;0;0;0;
24927;5316811;571326464;30019584;537153536;0;0;0;0;0;0;0;0;0;0;0;3838;0;0;0;0;0;0;
24928;2927601;571326464;30019584;537153536;0;0;0;0;0;0;0;0;0;0;0;3787;0;0;0;0;0;0;
24929;5011358;571326464;30019584;537153536;0;0;0;0;0;0;0;0;0;0;0;3697;0;0;0;0;0;0;
24930;3557953;571326464;30019584;537153536;0;0;0;0;0;0;0;0;0;0;0;3867;0;0;0;0;0;0;
24931;5203118;571326464;30019584;537153536;0;0;0;0;0;0;0;0;0;0;0;3727;0;0;0;0;0;0;
24932;3192607;571326464;30019584;537153536;0;0;0;0;0;0;0;0;0;0;0;3326;0;0;0;0;0;0;
24933;5597077;571326464;30019584;537153536;0;0;0;0;0;0;0;0;0;0;0;2655;0;0;0;0;0;0;
24934;2820890;571326464;30019584;537153536;0;0;0;0;0;0;0;0;0;0;0;3697;0;0;0;0;0;0;
24935;4747162;571326464;30019584;537153536;0;0;0;0;0;0;0;0;0;0;0;2395;0;0;0;0;0;0;
24936;3466060;571326464;30019584;537153536;0;0;0;0;0;0;0;0;0;0;0;3757;0;0;0;0;0;0;
24937;5525232;571326464;30019584;537153536;0;0;0;0;0;0;0;0;0;0;0;17162;0;0;0;0;0;0;
24938;2981201;571326464;30019584;537153536;0;0;0;0;0;0;0;0;0;0;0;3556;0;0;0;0;0;0;
24939;4699553;571326464;30019584;537153536;0;0;0;0;0;0;0;0;0;0;0;2184;0;0;0;0;0;0;
24940;3172830;571326464;30019584;537153536;0;0;0;0;0;0;0;0;0;0;0;3787;0;0;0;0;0;0;
24941;4999406;571326464;30019584;537153536;0;0;0;0;0;0;0;0;0;0;0;2354;0;0;0;0;0;0;
24942;3024092;571326464;30019584;537153536;0;0;0;0;0;0;0;0;0;0;0;4738;0;0;0;0;0;0;
24943;5166839;571326464;30019584;537153536;0;0;0;0;0;0;0;0;0;0;0;3427;0;0;0;0;0;0;
24944;2933903;571326464;30019584;537153536;0;0;0;0;0;0;0;0;0;0;0;3677;0;0;0;0;0;0;
24945;5519932;571326464;30019584;537153536;0;0;0;0;0;0;0;0;0;0;0;4980;0;0;0;0;0;0;
24946;3214970;571326464;30019584;537153536;0;0;0;0;0;0;0;0;0;0;0;3406;0;0;0;0;0;0;
24947;5285923;571326464;30019584;537153536;0;0;0;0;0;0;0;0;0;0;0;3827;0;0;0;0;0;0;
24948;3318794;571326464;30019584;537153536;0;0;0;0;0;0;0;0;0;0;0;3717;0;0;0;0;0;0;
24949;5700361;571326464;30019584;537153536;0;0;0;0;0;0;0;0;0;0;0;3356;0;0;0;0;0;0;
24950;3216222;571326464;30019584;537153536;0;0;0;0;0;0;0;0;0;0;0;3346;0;0;0;0;0;0;
24951;5260315;571326464;30019584;537153536;0;0;0;0;0;0;0;0;0;0;0;3777;0;0;0;0;0;0;
24952;3233414;571326464;30019584;537153536;0;0;0;0;0;0;0;0;0;0;0;5100;0;0;0;0;0;0;
24953;5367867;571326464;30019584;537153536;0;0;0;0;0;0;0;0;0;0;0;3687;0;0;0;0;0;0;
24954;3167711;571326464;30019584;537153536;0;0;0;0;0;0;0;0;0;0;0;3506;0;0;0;0;0;0;
24955;4726855;571326464;30019584;537153536;0;0;0;0;0;0;0;0;0;0;0;2675;0;0;0;0;0;0;
24956;2724510;571326464;30019584;537153536;0;0;0;0;0;0;0;0;0;0;0;3657;0;0;0;0;0;0;
24957;5349692;571326464;30019584;537153536;0;0;0;0;0;0;0;0;0;0;0;5350;0;0;0;0;0;0;
24958;2852399;571326464;30019584;537153536;0;0;0;0;0;0;0;0;0;0;0;3847;0;0;0;0;0;0;
24959;4426571;571326464;30019584;537153536;0;0;0;0;0;0;0;0;0;0;0;2455;0;0;0;0;0;0;
24960;2913203;571326464;30019584;537153536;0;0;0;0;0;0;0;0;0;0;0;3376;0;0;0;0;0;0;
24961;4393590;571326464;30019584;537153536;0;0;0;0;0;0;0;0;0;0;0;2013;0;0;0;0;0;0;
24962;3180294;571326464;30019584;537153536;0;0;0;0;0;0;0;0;0;0;0;3526;0;0;0;0;0;0;
24963;4458652;571326464;30019584;537153536;0;0;0;0;0;0;0;0;0;0;0;2104;0;0;0;0;0;0;
24964;3147352;571326464;30019584;537153536;0;0;0;0;0;0;0;0;0;0;0;3516;0;0;0;0;0;0;
24965;5198829;571326464;30019584;537153536;0;0;0;0;0;0;0;0;0;0;0;4498;0;0;0;0;0;0;
24966;4973407;571326464;30019584;537153536;0;0;0;0;0;0;0;0;0;0;0;3587;0;0;0;0;0;0;
24967;4717787;571326464;30019584;537153536;0;0;0;0;0;0;0;0;0;0;0;2876;0;0;0;0;0;0;
24968;3292404;571326464;30019584;537153536;0;0;0;0;0;0;0;0;0;0;0;3286;0;0;0;0;0;0;
24969;4968438;571326464;30019584;537153536;0;0;0;0;0;0;0;0;0;0;0;3957;0;0;0;0;0;0;
24970;3336938;571326464;30019584;537153536;0;0;0;0;0;0;0;0;0;0;0;3276;0;0;0;0;0;0;
24971;5151401;571326464;30019584;537153536;0;0;0;0;0;0;0;0;0;0;0;4688;0;0;0;0;0;0;
24972;3358789;571326464;30019584;537153536;0;0;0;0;0;0;0;0;0;0;0;3336;0;0;0;0;0;0;
24973;4846459;571326464;30019584;537153536;0;0;0;0;0;0;0;0;0;0;0;3927;0;0;0;0;0;0;
24974;3139628;571326464;30019584;537153536;0;0;0;0;0;0;0;0;0;0;0;3306;0;0;0;0;0;0;
24975;4950274;571326464;30019584;537153536;0;0;0;0;0;0;0;0;0;0;0;3727;0;0;0;0;0;0;
24976;3581286;571326464;30019584;537153536;0;0;0;0;0;0;0;0;0;0;0;3577;0;0;0;0;0;0;
24977;4578686;571326464;30019584;537153536;0;0;0;0;0;0;0;0;0;0;0;2295;0;0;0;0;0;0;
24978;3445712;571326464;30019584;537153536;0;0;0;0;0;0;0;0;0;0;0;3978;0;0;0;0;0;0;
24979;4759305;571326464;30019584;537153536;0;0;0;0;0;0;0;0;0;0;0;2375;0;0;0;0;0;0;
24980;2978687;571326464;30019584;537153536;0;0;0;0;0;0;0;0;0;0;0;3176;0;0;0;0;0;0;
24981;4768873;571326464;30019584;537153536;0;0;0;0;0;0;0;0;0;0;0;2444;0;0;0;0;0;0;
24982;3125812;571326464;30019584;537153536;0;0;0;0;0;0;0;0;0;0;0;4068;0;0;0;0;0;0;
24983;4276930;571326464;30019584;537153536;0;0;0;0;0;0;0;0;0;0;0;2083;0;0;0;0;0;0;
24984;3400036;571326464;30019584;537153536;0;0;0;0;0;0;0;0;0;0;0;3476;0;0;0;0;0;0;
24985;5301552;571326464;30019584;537153536;0;0;0;0;0;0;0;0;0;0;0;5230;0;0;0;0;0;0;
24986;4278283;571326464;30019584;537153536;0;0;0;0;0;0;0;0;0;0;0;4138;0;0;0;0;0;0;
24987;4826912;571326464;30019584;537153536;0;0;0;0;0;0;0;0;0;0;0;4018;0;0;0;0;0;0;
24988;4222178;571326464;30019584;537153536;0;0;0;0;0;0;0;0;0;0;0;3857;0;0;0;0;0;0;
24989;4478769;571326464;30019584;537153536;0;0;0;0;0;0;0;0;0;0;0;2715;0;0;0;0;0;0;
24990;4217028;571326464;30019584;537153536;0;0;0;0;0;0;0;0;0;0;0;3717;0;0;0;0;0;0;
24991;4575090;571326464;30019584;537153536;0;0;0;0;0;0;0;0;0;0;0;2565;0;0;0;0;0;0;
24992;3996655;571326464;30019584;537153536;0;0;0;0;0;0;0;0;0;0;0;5831;0;0;0;0;0;0;
24993;4643528;571326464;30019584;537153536;0;0;0;0;0;0;0;0;0;0;0;3767;0;0;0;0;0;0;
24994;3506737;571326464;30019584;537153536;0;0;0;0;0;0;0;0;0;0;0;5671;0;0;0;0;0;0;
24995;4739558;571326464;30019584;537153536;0;0;0;0;0;0;0;0;0;0;0;3326;0;0;0;0;0;0;
24996;3447155;571326464;30019584;537153536;0;0;0;0;0;0;0;0;0;0;0;3486;0;0;0;0;0;0;
24997;5127757;571326464;30019584;537153536;0;0;0;0;0;0;0;0;0;0;0;4208;0;0;0;0;0;0;
24998;2723448;571326464;30019584;537153536;0;0;0;0;0;0;0;0;0;0;0;4689;0;0;0;0;0;0;
24999;4624372;571326464;30019584;537153536;0;0;0;0;0;0;0;0;0;0;0;3657;0;0;0;0;0;0;
25000;2975801;571326464;30019584;537153536;0;0;0;0;0;0;0;0;0;0;0;4318;0;0;0;0;0;0;
25001;5150089;571326464;30019584;537153536;0;0;0;0;0;0;0;0;0;0;0;4749;0;0;0;0;0;0;
25002;3339743;571326464;30019584;537153536;0;0;0;0;0;0;0;0;0;0;0;3447;0;0;0;0;0;0;
25003;5016998;571326464;30019584;537153536;0;0;0;0;0;0;0;0;0;0;0;3347;0;0;0;0;0;0;
25004;3656127;571326464;30019584;537153536;0;0;0;0;0;0;0;0;0;0;0;3297;0;0;0;0;0;0;
25005;4749197;571326464;30019584;537153536;0;0;0;0;0;0;0;0;0;0;0;2916;0;0;0;0;0;0;
25006;3604239;571326464;30019584;537153536;0;0;0;0;0;0;0;0;0;0;0;3917;0;0;0;0;0;0;
25007;4702619;571326464;30019584;537153536;0;0;0;0;0;0;0;0;0;0;0;2946;0;0;0;0;0;0;
25008;3409464;571326464;30019584;537153536;0;0;0;0;0;0;0;0;0;0;0;4849;0;0;0;0;0;0;
25009;4759896;571326464;30019584;537153536;0;0;0;0;0;0;0;0;0;0;0;2385;0;0;0;0;0;0;
25010;3075147;571326464;30019584;537153536;0;0;0;0;0;0;0;0;0;0;0;5080;0;0;0;0;0;0;
25011;4802807;571326464;30019584;537153536;0;0;0;0;0;0;0;0;0;0;0;3026;0;0;0;0;0;0;
25012;3325757;571326464;30019584;537153536;0;0;0;0;0;0;0;0;0;0;0;3607;0;0;0;0;0;0;
25013;5404596;571326464;30019584;537153536;0;0;0;0;0;0;0;0;0;0;0;3396;0;0;0;0;0;0;
25014;3688547;571326464;30019584;537153536;0;0;0;0;0;0;0;0;0;0;0;3797;0;0;0;0;0;0;
25015;5820936;571326464;30019584;537153536;0;0;0;0;0;0;0;0;0;0;0;3857;0;0;0;0;0;0;
25016;3351155;571326464;30019584;537153536;0;0;0;0;0;0;0;0;0;0;0;4539;0;0;0;0;0;0;
25017;5155618;571326464;30019584;537153536;0;0;0;0;0;0;0;0;0;0;0;3396;0;0;0;0;0;0;
25018;3345043;571326464;30019584;537153536;0;0;0;0;0;0;0;0;0;0;0;4138;0;0;0;0;0;0;
25019;5098201;571326464;30019584;537153536;0;0;0;0;0;0;0;0;0;0;0;6332;0;0;0;0;0;0;
25020;2977764;571326464;30019584;537153536;0;0;0;0;0;0;0;0;0;0;0;4288;0;0;0;0;0;0;
25021;5000097;571326464;30019584;537153536;0;0;0;0;0;0;0;0;0;0;0;3287;0;0;0;0;0;0;
25022;2582944;571326464;30019584;537153536;0;0;0;0;0;0;0;0;0;0;0;3296;0;0;0;0;0;0;
25023;4644100;571326464;30019584;537153536;0;0;0;0;0;0;0;0;0;0;0;2655;0;0;0;0;0;0;
25024;2843422;571326464;30019584;537153536;0;0;0;0;0;0;0;0;0;0;0;3817;0;0;0;0;0;0;
25025;4391746;571326464;30019584;537153536;0;0;0;0;0;0;0;0;0;0;0;2023;0;0;0;0;0;0;
25026;3181126;571326464;30019584;537153536;0;0;0;0;0;0;0;0;0;0;0;4278;0;0;0;0;0;0;
25027;5003483;571326464;30019584;537153536;0;0;0;0;0;0;0;0;0;0;0;2044;0;0;0;0;0;0;
25028;3515934;571326464;30019584;537153536;0;0;0;0;0;0;0;0;0;0;0;4278;0;0;0;0;0;0;
25029;4499738;571326464;30019584;537153536;0;0;0;0;0;0;0;0;0;0;0;2205;0;0;0;0;0;0;
25030;3929760;571326464;30019584;537153536;0;0;0;0;0;0;0;0;0;0;0;4258;0;0;0;0;0;0;
25031;5068475;571326464;30019584;537153536;0;0;0;0;0;0;0;0;0;0;0;2264;0;0;0;0;0;0;
25032;4240382;571326464;30019584;537153536;0;0;0;0;0;0;0;0;0;0;0;4638;0;0;0;0;0;0;
25033;5230510;571326464;30019584;537153536;0;0;0;0;0;0;0;0;0;0;0;3878;0;0;0;0;0;0;
25034;3734093;571326464;30019584;537153536;0;0;0;0;0;0;0;0;0;0;0;3577;0;0;0;0;0;0;
25035;4858261;571326464;30019584;537153536;0;0;0;0;0;0;0;0;0;0;0;3417;0;0;0;0;0;0;
25036;3849509;571326464;30019584;537153536;0;0;0;0;0;0;0;0;0;0;0;4027;0;0;0;0;0;0;
25037;5316300;571326464;30019584;537153536;0;0;0;0;0;0;0;0;0;0;0;4168;0;0;0;0;0;0;
25038;4254158;571326464;30019584;537153536;0;0;0;0;0;0;0;0;0;0;0;7825;0;0;0;0;0;0;
25039;4639741;571326464;30019584;537153536;0;0;0;0;0;0;0;0;0;0;0;3056;0;0;0;0;0;0;
25040;3727691;571326464;30019584;537153536;0;0;0;0;0;0;0;0;0;0;0;4378;0;0;0;0;0;0;
25041;5284220;571326464;30019584;537153536;0;0;0;0;0;0;0;0;0;0;0;3837;0;0;0;0;0;0;
25042;3663310;571326464;30019584;537153536;0;0;0;0;0;0;0;0;0;0;0;4739;0;0;0;0;0;0;
25043;4997812;571326464;30019584;537153536;0;0;0;0;0;0;0;0;0;0;0;3567;0;0;0;0;0;0;
25044;3113960;571326464;30019584;537153536;0;0;0;0;0;0;0;0;0;0;0;3527;0;0;0;0;0;0;
25045;5223436;571326464;30019584;537153536;0;0;0;0;0;0;0;0;0;0;0;5380;0;0;0;0;0;0;
25046;3516956;571326464;30019584;537153536;0;0;0;0;0;0;0;0;0;0;0;4067;0;0;0;0;0;0;
25047;5034903;571326464;30019584;537153536;0;0;0;0;0;0;0;0;0;0;0;1773;0;0;0;0;0;0;
25048;3281865;571326464;30019584;537153536;0;0;0;0;0;0;0;0;0;0;0;3898;0;0;0;0;0;0;
25049;5232242;571326464;30019584;537153536;0;0;0;0;0;0;0;0;0;0;0;3015;0;0;0;0;0;0;
25050;3978712;571326464;30019584;537153536;0;0;0;0;0;0;0;0;0;0;0;3797;0;0;0;0;0;0;
25051;5355864;571326464;30019584;537153536;0;0;0;0;0;0;0;0;0;0;0;3396;0;0;0;0;0;0;
25052;3779267;571326464;30019584;537153536;0;0;0;0;0;0;0;0;0;0;0;3877;0;0;0;0;0;0;
25053;5656127;571326464;30019584;537153536;0;0;0;0;0;0;0;0;0;0;0;4038;0;0;0;0;0;0;
25054;3696642;571326464;30019584;537153536;0;0;0;0;0;0;0;0;0;0;0;3447;0;0;0;0;0;0;
25055;5448117;571326464;30019584;537153536;0;0;0;0;0;0;0;0;0;0;0;4628;0;0;0;0;0;0;
25056;3427278;571326464;30019584;537153536;0;0;0;0;0;0;0;0;0;0;0;3567;0;0;0;0;0;0;
25057;5099624;571326464;30019584;537153536;0;0;0;0;0;0;0;0;0;0;0;4609;0;0;0;0;0;0;
25058;4249760;571326464;30019584;537153536;0;0;0;0;0;0;0;0;0;0;0;3807;0;0;0;0;0;0;
25059;5823732;571326464;30019584;537153536;0;0;0;0;0;0;0;0;0;0;0;4078;0;0;0;0;0;0;
25060;4354646;571326464;30019584;537153536;0;0;0;0;0;0;0;0;0;0;0;4819;0;0;0;0;0;0;
25061;5308575;571326464;30019584;537153536;0;0;0;0;0;0;0;0;0;0;0;3957;0;0;0;0;0;0;
25062;3829743;571326464;30019584;537153536;0;0;0;0;0;0;0;0;0;0;0;3447;0;0;0;0;0;0;
25063;5239106;571326464;30019584;537153536;0;0;0;0;0;0;0;0;0;0;0;4649;0;0;0;0;0;0;
25064;3091568;571326464;30019584;537153536;0;0;0;0;0;0;0;0;0;0;0;3336;0;0;0;0;0;0;
25065;6629844;571326464;30019584;537153536;0;0;0;0;0;0;0;0;0;0;0;4358;0;0;0;0;0;0;
25066;4187243;571326464;30019584;537153536;0;0;0;0;0;0;0;0;0;0;0;4378;0;0;0;0;0;0;
25067;5265104;571326464;30019584;537153536;0;0;0;0;0;0;0;0;0;0;0;3607;0;0;0;0;0;0;
25068;4171002;571326464;30019584;537153536;0;0;0;0;0;0;0;0;0;0;0;3446;0;0;0;0;0;0;
25069;5413212;571326464;30019584;537153536;0;0;0;0;0;0;0;0;0;0;0;5891;0;0;0;0;0;0;
25070;3446253;571326464;30019584;537153536;0;0;0;0;0;0;0;0;0;0;0;3848;0;0;0;0;0;0;
25071;4926920;571326464;30019584;537153536;0;0;0;0;0;0;0;0;0;0;0;3977;0;0;0;0;0;0;
25072;3068825;571326464;30019584;537153536;0;0;0;0;0;0;0;0;0;0;0;4669;0;0;0;0;0;0;
25073;4904618;571326464;30019584;537153536;0;0;0;0;0;0;0;0;0;0;0;2845;0;0;0;0;0;0;
25074;2937850;571326464;30019584;537153536;0;0;0;0;0;0;0;0;0;0;0;3566;0;0;0;0;0;0;
25075;5099504;571326464;30019584;537153536;0;0;0;0;0;0;0;0;0;0;0;2946;0;0;0;0;0;0;
25076;2834565;571326464;30019584;537153536;0;0;0;0;0;0;0;0;0;0;0;3797;0;0;0;0;0;0;
25077;4773292;571326464;30019584;537153536;0;0;0;0;0;0;0;0;0;0;0;2725;0;0;0;0;0;0;
25078;3232332;571326464;30019584;537153536;0;0;0;0;0;0;0;0;0;0;0;3908;0;0;0;0;0;0;
25079;4407376;571326464;30019584;537153536;0;0;0;0;0;0;0;0;0;0;0;2024;0;0;0;0;0;0;
25080;3364880;571326464;30019584;537153536;0;0;0;0;0;0;0;0;0;0;0;4749;0;0;0;0;0;0;
25081;5418131;571326464;30019584;537153536;0;0;0;0;0;0;0;0;0;0;0;3937;0;0;0;0;0;0;
25082;4276440;571326464;30019584;537153536;0;0;0;0;0;0;0;0;0;0;0;3567;0;0;0;0;0;0;
25083;5265745;571326464;30019584;537153536;0;0;0;0;0;0;0;0;0;0;0;4598;0;0;0;0;0;0;
25084;3198348;571326464;30019584;537153536;0;0;0;0;0;0;0;0;0;0;0;4399;0;0;0;0;0;0;
25085;5045112;571326464;30019584;537153536;0;0;0;0;0;0;0;0;0;0;0;1884;0;0;0;0;0;0;
25086;3274270;571326464;30019584;537153536;0;0;0;0;0;0;0;0;0;0;0;4288;0;0;0;0;0;0;
25087;5151852;571326464;30019584;537153536;0;0;0;0;0;0;0;0;0;0;0;2945;0;0;0;0;0;0;
25088;3398424;571326464;30019584;537153536;0;0;0;0;0;0;0;0;0;0;0;5801;0;0;0;0;0;0;
25089;4879641;571326464;30019584;537153536;0;0;0;0;0;0;0;0;0;0;0;3396;0;0;0;0;0;0;
25090;3372585;571326464;30019584;537153536;0;0;0;0;0;0;0;0;0;0;0;3747;0;0;0;0;0;0;
25091;5391201;571326464;30019584;537153536;0;0;0;0;0;0;0;0;0;0;0;4498;0;0;0;0;0;0;
25092;3290912;571326464;30019584;537153536;0;0;0;0;0;0;0;0;0;0;0;3667;0;0;0;0;0;0;
25093;5120333;571326464;30019584;537153536;0;0;0;0;0;0;0;0;0;0;0;4018;0;0;0;0;0;0;
25094;3223605;571326464;30019584;537153536;0;0;0;0;0;0;0;0;0;0;0;4469;0;0;0;0;0;0;
25095;5359642;571326464;30019584;537153536;0;0;0;0;0;0;0;0;0;0;0;3656;0;0;0;0;0;0;
25096;3008172;571326464;30019584;537153536;0;0;0;0;0;0;0;0;0;0;0;3667;0;0;0;0;0;0;
25097;5796791;571326464;30019584;537153536;0;0;0;0;0;0;0;0;0;0;0;4038;0;0;0;0;0;0;
25098;3288608;571326464;30019584;537153536;0;0;0;0;0;0;0;0;0;0;0;3727;0;0;0;0;0;0;
25099;5404917;571326464;30019584;537153536;0;0;0;0;0;0;0;0;0;0;0;3707;0;0;0;0;0;0;
25100;3478784;571326464;30019584;537153536;0;0;0;0;0;0;0;0;0;0;0;3406;0;0;0;0;0;0;
25101;4945475;571326464;30019584;537153536;0;0;0;0;0;0;0;0;0;0;0;3977;0;0;0;0;0;0;
25102;3424913;571326464;30019584;537153536;0;0;0;0;0;0;0;0;0;0;0;4279;0;0;0;0;0;0;
25103;4607961;571326464;30019584;537153536;0;0;0;0;0;0;0;0;0;0;0;2184;0;0;0;0;0;0;
25104;3393965;571326464;30019584;537153536;0;0;0;0;0;0;0;0;0;0;0;4258;0;0;0;0;0;0;
25105;5045622;571326464;30019584;537153536;0;0;0;0;0;0;0;0;0;0;0;3847;0;0;0;0;0;0;
25106;3341386;571326464;30019584;537153536;0;0;0;0;0;0;0;0;0;0;0;4288;0;0;0;0;0;0;
25107;5149137;571326464;30019584;537153536;0;0;0;0;0;0;0;0;0;0;0;4108;0;0;0;0;0;0;
25108;4289915;571326464;30019584;537153536;0;0;0;0;0;0;0;0;0;0;0;3667;0;0;0;0;0;0;
25109;5330246;571326464;30019584;537153536;0;0;0;0;0;0;0;0;0;0;0;3857;0;0;0;0;0;0;
25110;3237211;571326464;30019584;537153536;0;0;0;0;0;0;0;0;0;0;0;4969;0;0;0;0;0;0;
25111;5228205;571326464;30019584;537153536;0;0;0;0;0;0;0;0;0;0;0;3927;0;0;0;0;0;0;
25112;3840904;571326464;30019584;537153536;0;0;0;0;0;0;0;0;0;0;0;5059;0;0;0;0;0;0;
25113;5214179;571326464;30019584;537153536;0;0;0;0;0;0;0;0;0;0;0;3587;0;0;0;0;0;0;
25114;3179763;571326464;30019584;537153536;0;0;0;0;0;0;0;0;0;0;0;3456;0;0;0;0;0;0;
25115;5039792;571326464;30019584;537153536;0;0;0;0;0;0;0;0;0;0;0;4418;0;0;0;0;0;0;
25116;2826211;571326464;30019584;537153536;0;0;0;0;0;0;0;0;0;0;0;4308;0;0;0;0;0;0;
25117;4762411;571326464;30019584;537153536;0;0;0;0;0;0;0;0;0;0;0;2755;0;0;0;0;0;0;
25118;3560587;571326464;30019584;537153536;0;0;0;0;0;0;0;0;0;0;0;4859;0;0;0;0;0;0;
25119;4936628;571326464;30019584;537153536;0;0;0;0;0;0;0;0;0;0;0;3407;0;0;0;0;0;0;
25120;3280643;571326464;30019584;537153536;0;0;0;0;0;0;0;0;0;0;0;10870;0;0;0;0;0;0;
25121;5012180;571326464;30019584;537153536;0;0;0;0;0;0;0;0;0;0;0;3135;0;0;0;0;0;0;
25122;2980310;571326464;30019584;537153536;0;0;0;0;0;0;0;0;0;0;0;3657;0;0;0;0;0;0;
25123;5329915;571326464;30019584;537153536;0;0;0;0;0;0;0;0;0;0;0;4228;0;0;0;0;0;0;
25124;2949512;571326464;30019584;537153536;0;0;0;0;0;0;0;0;0;0;0;3627;0;0;0;0;0;0;
25125;5652210;571326464;30019584;537153536;0;0;0;0;0;0;0;0;0;0;0;3527;0;0;0;0;0;0;
25126;3259262;571326464;30019584;537153536;0;0;0;0;0;0;0;0;0;0;0;4288;0;0;0;0;0;0;
25127;4411613;571326464;30019584;537153536;0;0;0;0;0;0;0;0;0;0;0;2104;0;0;0;0;0;0;
25128;2993895;571326464;30019584;537153536;0;0;0;0;0;0;0;0;0;0;0;3006;0;0;0;0;0;0;
25129;4529625;571326464;30019584;537153536;0;0;0;0;0;0;0;0;0;0;0;2284;0;0;0;0;0;0;
25130;2997571;571326464;30019584;537153536;0;0;0;0;0;0;0;0;0;0;0;5090;0;0;0;0;0;0;
25131;4929023;571326464;30019584;537153536;0;0;0;0;0;0;0;0;0;0;0;3747;0;0;0;0;0;0;
25132;3176638;571326464;30019584;537153536;0;0;0;0;0;0;0;0;0;0;0;4519;0;0;0;0;0;0;
25133;4786456;571326464;30019584;537153536;0;0;0;0;0;0;0;0;0;0;0;3617;0;0;0;0;0;0;
25134;2521018;571326464;30019584;537153536;0;0;0;0;0;0;0;0;0;0;0;3356;0;0;0;0;0;0;
25135;5345986;571326464;30019584;537153536;0;0;0;0;0;0;0;0;0;0;0;4298;0;0;0;0;0;0;
25136;3075147;571326464;30019584;537153536;0;0;0;0;0;0;0;0;0;0;0;2915;0;0;0;0;0;0;
25137;4792277;571326464;30019584;537153536;0;0;0;0;0;0;0;0;0;0;0;3216;0;0;0;0;0;0;
25138;3111435;571326464;30019584;537153536;0;0;0;0;0;0;0;0;0;0;0;3887;0;0;0;0;0;0;
25139;4785214;571326464;30019584;537153536;0;0;0;0;0;0;0;0;0;0;0;2013;0;0;0;0;0;0;
25140;3676565;571326464;30019584;537153536;0;0;0;0;0;0;0;0;0;0;0;4048;0;0;0;0;0;0;
25141;4775927;571326464;30019584;537153536;0;0;0;0;0;0;0;0;0;0;0;2264;0;0;0;0;0;0;
25142;3585074;571326464;30019584;537153536;0;0;0;0;0;0;0;0;0;0;0;3296;0;0;0;0;0;0;
25143;4457660;571326464;30019584;537153536;0;0;0;0;0;0;0;0;0;0;0;2084;0;0;0;0;0;0;
25144;9397964;571326464;30019584;537153536;0;0;0;0;0;0;0;0;0;0;0;3317;0;0;0;0;0;0;
25145;7939409;571326464;30019584;537153536;0;0;0;0;0;0;0;0;0;0;0;2334;0;0;0;0;0;0;
25146;3475447;571326464;30019584;537153536;0;0;0;0;0;0;0;0;0;0;0;4569;0;0;0;0;0;0;
25147;4667494;571326464;30019584;537153536;0;0;0;0;0;0;0;0;0;0;0;9718;0;0;0;0;0;0;
25148;3617073;571326464;30019584;537153536;0;0;0;0;0;0;0;0;0;0;0;4068;0;0;0;0;0;0;
25149;4590859;571326464;30019584;537153536;0;0;0;0;0;0;0;0;0;0;0;2655;0;0;0;0;0;0;
25150;3393013;571326464;30019584;537153536;0;0;0;0;0;0;0;0;0;0;0;3707;0;0;0;0;0;0;
25151;4492265;571326464;30019584;537153536;0;0;0;0;0;0;0;0;0;0;0;2044;0;0;0;0;0;0;
25152;3093351;571326464;30019584;537153536;0;0;0;0;0;0;0;0;0;0;0;4608;0;0;0;0;0;0;
25153;4821432;571326464;30019584;537153536;0;0;0;0;0;0;0;0;0;0;0;3747;0;0;0;0;0;0;
25154;3607616;571326464;30019584;537153536;0;0;0;0;0;0;0;0;0;0;0;3697;0;0;0;0;0;0;
25155;4860475;571326464;30019584;537153536;0;0;0;0;0;0;0;0;0;0;0;12002;0;0;0;0;0;0;
25156;2812244;571326464;30019584;537153536;0;0;0;0;0;0;0;0;0;0;0;82545;0;0;0;0;0;0;
25157;6992504;571326464;30019584;537153536;0;0;0;0;0;0;0;0;0;0;0;3837;0;0;0;0;0;0;
25158;4056778;571326464;30019584;537153536;0;0;0;0;0;0;0;0;0;0;0;3747;0;0;0;0;0;0;
25159;4798619;571326464;30019584;537153536;0;0;0;0;0;0;0;0;0;0;0;3206;0;0;0;0;0;0;
25160;3131583;571326464;30019584;537153536;0;0;0;0;0;0;0;0;0;0;0;3326;0;0;0;0;0;0;
25161;5103952;571326464;30019584;537153536;0;0;0;0;0;0;0;0;0;0;0;3948;0;0;0;0;0;0;
25162;3223525;571326464;30019584;537153536;0;0;0;0;0;0;0;0;0;0;0;4088;0;0;0;0;0;0;
25163;4777099;571326464;30019584;537153536;0;0;0;0;0;0;0;0;0;0;0;3476;0;0;0;0;0;0;
25164;3155117;571326464;30019584;537153536;0;0;0;0;0;0;0;0;0;0;0;3857;0;0;0;0;0;0;
25165;4701437;571326464;30019584;537153536;0;0;0;0;0;0;0;0;0;0;0;2445;0;0;0;0;0;0;
25166;3526193;571326464;30019584;537153536;0;0;0;0;0;0;0;0;0;0;0;4438;0;0;0;0;0;0;
25167;5095376;571326464;30019584;537153536;0;0;0;0;0;0;0;0;0;0;0;2144;0;0;0;0;0;0;
25168;4218260;571326464;30019584;537153536;0;0;0;0;0;0;0;0;0;0;0;3847;0;0;0;0;0;0;
25169;4977405;571326464;30019584;537153536;0;0;0;0;0;0;0;0;0;0;0;2575;0;0;0;0;0;0;
25170;3624708;571326464;30019584;537153536;0;0;0;0;0;0;0;0;0;0;0;3556;0;0;0;0;0;0;
25171;4836961;571326464;30019584;537153536;0;0;0;0;0;0;0;0;0;0;0;2284;0;0;0;0;0;0;
25172;3576848;571326464;30019584;537153536;0;0;0;0;0;0;0;0;0;0;0;3356;0;0;0;0;0;0;
25173;4698131;571326464;30019584;537153536;0;0;0;0;0;0;0;0;0;0;0;2665;0;0;0;0;0;0;
25174;3503431;571326464;30019584;537153536;0;0;0;0;0;0;0;0;0;0;0;4469;0;0;0;0;0;0;
25175;5058687;571326464;30019584;537153536;0;0;0;0;0;0;0;0;0;0;0;3216;0;0;0;0;0;0;
25176;3863045;571326464;30019584;537153536;0;0;0;0;0;0;0;0;0;0;0;3998;0;0;0;0;0;0;
25177;5089715;571326464;30019584;537153536;0;0;0;0;0;0;0;0;0;0;0;3196;0;0;0;0;0;0;
25178;3847095;571326464;30019584;537153536;0;0;0;0;0;0;0;0;0;0;0;3697;0;0;0;0;0;0;
25179;4667453;571326464;30019584;537153536;0;0;0;0;0;0;0;0;0;0;0;2164;0;0;0;0;0;0;
25180;3802792;571326464;30019584;537153536;0;0;0;0;0;0;0;0;0;0;0;3968;0;0;0;0;0;0;
25181;4640984;571326464;30019584;537153536;0;0;0;0;0;0;0;0;0;0;0;2234;0;0;0;0;0;0;
25182;3638193;571326464;30019584;537153536;0;0;0;0;0;0;0;0;0;0;0;3947;0;0;0;0;0;0;
25183;4650040;571326464;30019584;537153536;0;0;0;0;0;0;0;0;0;0;0;2495;0;0;0;0;0;0;
25184;3137724;571326464;30019584;537153536;0;0;0;0;0;0;0;0;0;0;0;4809;0;0;0;0;0;0;
25185;4870113;571326464;30019584;537153536;0;0;0;0;0;0;0;0;0;0;0;2906;0;0;0;0;0;0;
25186;4085652;571326464;30019584;537153536;0;0;0;0;0;0;0;0;0;0;0;3466;0;0;0;0;0;0;
25187;4564571;571326464;30019584;537153536;0;0;0;0;0;0;0;0;0;0;0;2214;0;0;0;0;0;0;
25188;4367350;571326464;30019584;537153536;0;0;0;0;0;0;0;0;0;0;0;4228;0;0;0;0;0;0;
25189;5024002;571326464;30019584;537153536;0;0;0;0;0;0;0;0;0;0;0;3277;0;0;0;0;0;0;
25190;2995909;571326464;30019584;537153536;0;0;0;0;0;0;0;0;0;0;0;4038;0;0;0;0;0;0;
25191;5077953;571326464;30019584;537153536;0;0;0;0;0;0;0;0;0;0;0;4438;0;0;0;0;0;0;
25192;3988410;571326464;30019584;537153536;0;0;0;0;0;0;0;0;0;0;0;4769;0;0;0;0;0;0;
25193;5927035;571326464;30019584;537153536;0;0;0;0;0;0;0;0;0;0;0;4929;0;0;0;0;0;0;
25194;3931383;571326464;30019584;537153536;0;0;0;0;0;0;0;0;0;0;0;3606;0;0;0;0;0;0;
25195;4991471;571326464;30019584;537153536;0;0;0;0;0;0;0;0;0;0;0;3787;0;0;0;0;0;0;
25196;3623225;571326464;30019584;537153536;0;0;0;0;0;0;0;0;0;0;0;4428;0;0;0;0;0;0;
25197;5161189;571326464;30019584;537153536;0;0;0;0;0;0;0;0;0;0;0;4167;0;0;0;0;0;0;
25198;2943991;571326464;30019584;537153536;0;0;0;0;0;0;0;0;0;0;0;4218;0;0;0;0;0;0;
25199;4893257;571326464;30019584;537153536;0;0;0;0;0;0;0;0;0;0;0;2895;0;0;0;0;0;0;
25200;3650335;571326464;30019584;537153536;0;0;0;0;0;0;0;0;0;0;0;4439;0;0;0;0;0;0;
25201;5050342;571326464;30019584;537153536;0;0;0;0;0;0;0;0;0;0;0;4739;0;0;0;0;0;0;
25202;3297664;571326464;30019584;537153536;0;0;0;0;0;0;0;0;0;0;0;3547;0;0;0;0;0;0;
25203;5549357;571326464;30019584;537153536;0;0;0;0;0;0;0;0;0;0;0;3477;0;0;0;0;0;0;
25204;2703700;571326464;30019584;537153536;0;0;0;0;0;0;0;0;0;0;0;3717;0;0;0;0;0;0;
25205;4718479;571326464;30019584;537153536;0;0;0;0;0;0;0;0;0;0;0;3106;0;0;0;0;0;0;
25206;3571167;571326464;30019584;537153536;0;0;0;0;0;0;0;0;0;0;0;3727;0;0;0;0;0;0;
25207;5121645;571326464;30019584;537153536;0;0;0;0;0;0;0;0;0;0;0;2525;0;0;0;0;0;0;
25208;3613256;571326464;30019584;537153536;0;0;0;0;0;0;0;0;0;0;0;4668;0;0;0;0;0;0;
25209;4792929;571326464;30019584;537153536;0;0;0;0;0;0;0;0;0;0;0;3406;0;0;0;0;0;0;
25210;3704848;571326464;30019584;537153536;0;0;0;0;0;0;0;0;0;0;0;4088;0;0;0;0;0;0;
25211;4732746;571326464;30019584;537153536;0;0;0;0;0;0;0;0;0;0;0;5671;0;0;0;0;0;0;
25212;3589001;571326464;30019584;537153536;0;0;0;0;0;0;0;0;0;0;0;4188;0;0;0;0;0;0;
25213;5211714;571326464;30019584;537153536;0;0;0;0;0;0;0;0;0;0;0;4127;0;0;0;0;0;0;
25214;4007426;571326464;30019584;537153536;0;0;0;0;0;0;0;0;0;0;0;4549;0;0;0;0;0;0;
25215;5208167;571326464;30019584;537153536;0;0;0;0;0;0;0;0;0;0;0;2675;0;0;0;0;0;0;
25216;3544668;571326464;30019584;537153536;0;0;0;0;0;0;0;0;0;0;0;3717;0;0;0;0;0;0;
25217;4821472;571326464;30019584;537153536;0;0;0;0;0;0;0;0;0;0;0;3857;0;0;0;0;0;0;
25218;2770005;571326464;30019584;537153536;0;0;0;0;0;0;0;0;0;0;0;3877;0;0;0;0;0;0;
25219;5098632;571326464;30019584;537153536;0;0;0;0;0;0;0;0;0;0;0;4108;0;0;0;0;0;0;
25220;2987092;571326464;30019584;537153536;0;0;0;0;0;0;0;0;0;0;0;3727;0;0;0;0;0;0;
25221;5065059;571326464;30019584;537153536;0;0;0;0;0;0;0;0;0;0;0;4819;0;0;0;0;0;0;
25222;3047275;571326464;30019584;537153536;0;0;0;0;0;0;0;0;0;0;0;3727;0;0;0;0;0;0;
25223;4819749;571326464;30019584;537153536;0;0;0;0;0;0;0;0;0;0;0;4157;0;0;0;0;0;0;
25224;2999946;571326464;30019584;537153536;0;0;0;0;0;0;0;0;0;0;0;4258;0;0;0;0;0;0;
25225;4937811;571326464;30019584;537153536;0;0;0;0;0;0;0;0;0;0;0;4037;0;0;0;0;0;0;
25226;2901191;571326464;30019584;537153536;0;0;0;0;0;0;0;0;0;0;0;4318;0;0;0;0;0;0;
25227;4493927;571326464;30019584;537153536;0;0;0;0;0;0;0;0;0;0;0;2264;0;0;0;0;0;0;
25228;3246779;571326464;30019584;537153536;0;0;0;0;0;0;0;0;0;0;0;3447;0;0;0;0;0;0;
25229;5185725;571326464;30019584;537153536;0;0;0;0;0;0;0;0;0;0;0;4458;0;0;0;0;0;0;
25230;3197417;571326464;30019584;537153536;0;0;0;0;0;0;0;0;0;0;0;3937;0;0;0;0;0;0;
25231;4416122;571326464;30019584;537153536;0;0;0;0;0;0;0;0;0;0;0;1923;0;0;0;0;0;0;
25232;3686683;571326464;30019584;537153536;0;0;0;0;0;0;0;0;0;0;0;4689;0;0;0;0;0;0;
25233;4598023;571326464;30019584;537153536;0;0;0;0;0;0;0;0;0;0;0;2815;0;0;0;0;0;0;
25234;3638243;571326464;30019584;537153536;0;0;0;0;0;0;0;0;0;0;0;3436;0;0;0;0;0;0;
25235;4732746;571326464;30019584;537153536;0;0;0;0;0;0;0;0;0;0;0;3686;0;0;0;0;0;0;
25236;3680502;571326464;30019584;537153536;0;0;0;0;0;0;0;0;0;0;0;4999;0;0;0;0;0;0;
25237;5092961;571326464;30019584;537153536;0;0;0;0;0;0;0;0;0;0;0;4188;0;0;0;0;0;0;
25238;3830624;571326464;30019584;537153536;0;0;0;0;0;0;0;0;0;0;0;5069;0;0;0;0;0;0;
25239;5489375;571326464;30019584;537153536;0;0;0;0;0;0;0;0;0;0;0;4578;0;0;0;0;0;0;
25240;4491473;571326464;30019584;537153536;0;0;0;0;0;0;0;0;0;0;0;7374;0;0;0;0;0;0;
25241;4890121;571326464;30019584;537153536;0;0;0;0;0;0;0;0;0;0;0;3597;0;0;0;0;0;0;
25242;4179618;571326464;30019584;537153536;0;0;0;0;0;0;0;0;0;0;0;3567;0;0;0;0;0;0;
25243;5589653;571326464;30019584;537153536;0;0;0;0;0;0;0;0;0;0;0;3877;0;0;0;0;0;0;
25244;4291839;571326464;30019584;537153536;0;0;0;0;0;0;0;0;0;0;0;4298;0;0;0;0;0;0;
25245;5849420;571326464;30019584;537153536;0;0;0;0;0;0;0;0;0;0;0;3867;0;0;0;0;0;0;
25246;4486123;571326464;30019584;537153536;0;0;0;0;0;0;0;0;0;0;0;3907;0;0;0;0;0;0;
25247;5619138;571326464;30019584;537153536;0;0;0;0;0;0;0;0;0;0;0;3937;0;0;0;0;0;0;
25248;3703305;571326464;30019584;537153536;0;0;0;0;0;0;0;0;0;0;0;4078;0;0;0;0;0;0;
25249;4969269;571326464;30019584;537153536;0;0;0;0;0;0;0;0;0;0;0;3106;0;0;0;0;0;0;
25250;3440131;571326464;30019584;537153536;0;0;0;0;0;0;0;0;0;0;0;4589;0;0;0;0;0;0;
25251;5060411;571326464;30019584;537153536;0;0;0;0;0;0;0;0;0;0;0;3988;0;0;0;0;0;0;
25252;4223661;571326464;30019584;537153536;0;0;0;0;0;0;0;0;0;0;0;4929;0;0;0;0;0;0;
25253;4984127;571326464;30019584;537153536;0;0;0;0;0;0;0;0;0;0;0;4569;0;0;0;0;0;0;
25254;4422745;571326464;30019584;537153536;0;0;0;0;0;0;0;0;0;0;0;4759;0;0;0;0;0;0;
25255;4872218;571326464;30019584;537153536;0;0;0;0;0;0;0;0;0;0;0;2966;0;0;0;0;0;0;
25256;3141271;571326464;30019584;537153536;0;0;0;0;0;0;0;0;0;0;0;3626;0;0;0;0;0;0;
25257;5565197;571326464;30019584;537153536;0;0;0;0;0;0;0;0;0;0;0;3096;0;0;0;0;0;0;
25258;3353129;571326464;30019584;537153536;0;0;0;0;0;0;0;0;0;0;0;3466;0;0;0;0;0;0;
25259;4949412;571326464;30019584;537153536;0;0;0;0;0;0;0;0;0;0;0;3347;0;0;0;0;0;0;
25260;2992723;571326464;30019584;537153536;0;0;0;0;0;0;0;0;0;0;0;3166;0;0;0;0;0;0;
25261;5626301;571326464;30019584;537153536;0;0;0;0;0;0;0;0;0;0;0;6202;0;0;0;0;0;0;
25262;2977354;571326464;30019584;537153536;0;0;0;0;0;0;0;0;0;0;0;4007;0;0;0;0;0;0;
25263;4628921;571326464;30019584;537153536;0;0;0;0;0;0;0;0;0;0;0;3226;0;0;0;0;0;0;
25264;3534699;571326464;30019584;537153536;0;0;0;0;0;0;0;0;0;0;0;3587;0;0;0;0;0;0;
25265;5685012;571326464;30019584;537153536;0;0;0;0;0;0;0;0;0;0;0;4909;0;0;0;0;0;0;
25266;3546711;571326464;30019584;537153536;0;0;0;0;0;0;0;0;0;0;0;3767;0;0;0;0;0;0;
25267;5024182;571326464;30019584;537153536;0;0;0;0;0;0;0;0;0;0;0;5170;0;0;0;0;0;0;
25268;3263941;571326464;30019584;537153536;0;0;0;0;0;0;0;0;0;0;0;3918;0;0;0;0;0;0;
25269;5476120;571326464;30019584;537153536;0;0;0;0;0;0;0;0;0;0;0;5640;0;0;0;0;0;0;
25270;3501927;571326464;30019584;537153536;0;0;0;0;0;0;0;0;0;0;0;4138;0;0;0;0;0;0;
25271;5098521;571326464;30019584;537153536;0;0;0;0;0;0;0;0;0;0;0;2965;0;0;0;0;0;0;
25272;2964509;571326464;30019584;537153536;0;0;0;0;0;0;0;0;0;0;0;3416;0;0;0;0;0;0;
25273;4707599;571326464;30019584;537153536;0;0;0;0;0;0;0;0;0;0;0;2564;0;0;0;0;0;0;
25274;3527185;571326464;30019584;537153536;0;0;0;0;0;0;0;0;0;0;0;4659;0;0;0;0;0;0;
25275;4901312;571326464;30019584;537153536;0;0;0;0;0;0;0;0;0;0;0;3006;0;0;0;0;0;0;
25276;3228915;571326464;30019584;537153536;0;0;0;0;0;0;0;0;0;0;0;4890;0;0;0;0;0;0;
25277;5084545;571326464;30019584;537153536;0;0;0;0;0;0;0;0;0;0;0;3877;0;0;0;0;0;0;
25278;3676755;571326464;30019584;537153536;0;0;0;0;0;0;0;0;0;0;0;3807;0;0;0;0;0;0;
25279;5525954;571326464;30019584;537153536;0;0;0;0;0;0;0;0;0;0;0;3386;0;0;0;0;0;0;
25280;3738632;571326464;30019584;537153536;0;0;0;0;0;0;0;0;0;0;0;5089;0;0;0;0;0;0;
25281;5031145;571326464;30019584;537153536;0;0;0;0;0;0;0;0;0;0;0;3687;0;0;0;0;0;0;
25282;3410676;571326464;30019584;537153536;0;0;0;0;0;0;0;0;0;0;0;3196;0;0;0;0;0;0;
25283;5172210;571326464;30019584;537153536;0;0;0;0;0;0;0;0;0;0;0;3326;0;0;0;0;0;0;
25284;4296247;571326464;30019584;537153536;0;0;0;0;0;0;0;0;0;0;0;3828;0;0;0;0;0;0;
25285;6132821;571326464;30019584;537153536;0;0;0;0;0;0;0;0;0;0;0;3236;0;0;0;0;0;0;
25286;3836475;571326464;30019584;537153536;0;0;0;0;0;0;0;0;0;0;0;3006;0;0;0;0;0;0;
25287;5032629;571326464;30019584;537153536;0;0;0;0;0;0;0;0;0;0;0;3376;0;0;0;0;0;0;
25288;4854494;571326464;30019584;537153536;0;0;0;0;0;0;0;0;0;0;0;3797;0;0;0;0;0;0;
25289;4974599;571326464;30019584;537153536;0;0;0;0;0;0;0;0;0;0;0;2494;0;0;0;0;0;0;
25290;4209745;571326464;30019584;537153536;0;0;0;0;0;0;0;0;0;0;0;5190;0;0;0;0;0;0;
25291;4740841;571326464;30019584;537153536;0;0;0;0;0;0;0;0;0;0;0;2545;0;0;0;0;0;0;
25292;4730301;571326464;30019584;537153536;0;0;0;0;0;0;0;0;0;0;0;3928;0;0;0;0;0;0;
25293;4926469;571326464;30019584;537153536;0;0;0;0;0;0;0;0;0;0;0;2224;0;0;0;0;0;0;
25294;4553500;571326464;30019584;537153536;0;0;0;0;0;0;0;0;0;0;0;3627;0;0;0;0;0;0;
25295;4739899;571326464;30019584;537153536;0;0;0;0;0;0;0;0;0;0;0;2895;0;0;0;0;0;0;
25296;3890988;571326464;30019584;537153536;0;0;0;0;0;0;0;0;0;0;0;4018;0;0;0;0;0;0;
25297;5048337;571326464;30019584;537153536;0;0;0;0;0;0;0;0;0;0;0;4228;0;0;0;0;0;0;
25298;4391035;571326464;30019584;537153536;0;0;0;0;0;0;0;0;0;0;0;4569;0;0;0;0;0;0;
25299;5241370;571326464;30019584;537153536;0;0;0;0;0;0;0;0;0;0;0;3416;0;0;0;0;0;0;
25300;3650807;571326464;30019584;537153536;0;0;0;0;0;0;0;0;0;0;0;4859;0;0;0;0;0;0;
25301;5411077;571326464;30019584;537153536;0;0;0;0;0;0;0;0;0;0;0;4648;0;0;0;0;0;0;
25302;4257915;571326464;30019584;537153536;0;0;0;0;0;0;0;0;0;0;0;4910;0;0;0;0;0;0;
25303;5128698;571326464;30019584;537153536;0;0;0;0;0;0;0;0;0;0;0;4348;0;0;0;0;0;0;
25304;4120627;571326464;30019584;537153536;0;0;0;0;0;0;0;0;0;0;0;3687;0;0;0;0;0;0;
25305;5720728;571326464;30019584;537153536;0;0;0;0;0;0;0;0;0;0;0;4247;0;0;0;0;0;0;
25306;4495781;571326464;30019584;537153536;0;0;0;0;0;0;0;0;0;0;0;4308;0;0;0;0;0;0;
25307;5088133;571326464;30019584;537153536;0;0;0;0;0;0;0;0;0;0;0;3547;0;0;0;0;0;0;
25308;3729504;571326464;30019584;537153536;0;0;0;0;0;0;0;0;0;0;0;4037;0;0;0;0;0;0;
25309;5106076;571326464;30019584;537153536;0;0;0;0;0;0;0;0;0;0;0;4028;0;0;0;0;0;0;
25310;3871661;571326464;30019584;537153536;0;0;0;0;0;0;0;0;0;0;0;3576;0;0;0;0;0;0;
25311;4515428;571326464;30019584;537153536;0;0;0;0;0;0;0;0;0;0;0;1974;0;0;0;0;0;0;
25312;3080658;571326464;30019584;537153536;0;0;0;0;0;0;0;0;0;0;0;3477;0;0;0;0;0;0;
25313;5125162;571326464;30019584;537153536;0;0;0;0;0;0;0;0;0;0;0;4018;0;0;0;0;0;0;
25314;3609840;571326464;30019584;537153536;0;0;0;0;0;0;0;0;0;0;0;3016;0;0;0;0;0;0;
25315;5167751;571326464;30019584;537153536;0;0;0;0;0;0;0;0;0;0;0;3787;0;0;0;0;0;0;
25316;3740085;571326464;30019584;537153536;0;0;0;0;0;0;0;0;0;0;0;4459;0;0;0;0;0;0;
25317;5101587;571326464;30019584;537153536;0;0;0;0;0;0;0;0;0;0;0;3647;0;0;0;0;0;0;
25318;3865108;571326464;30019584;537153536;0;0;0;0;0;0;0;0;0;0;0;3336;0;0;0;0;0;0;
25319;5057645;571326464;30019584;537153536;0;0;0;0;0;0;0;0;0;0;0;4308;0;0;0;0;0;0;
25320;3298536;571326464;30019584;537153536;0;0;0;0;0;0;0;0;0;0;0;3747;0;0;0;0;0;0;
25321;5453287;571326464;30019584;537153536;0;0;0;0;0;0;0;0;0;0;0;3777;0;0;0;0;0;0;
25322;3812470;571326464;30019584;537153536;0;0;0;0;0;0;0;0;0;0;0;3076;0;0;0;0;0;0;
25323;5286775;571326464;30019584;537153536;0;0;0;0;0;0;0;0;0;0;0;5170;0;0;0;0;0;0;
25324;3466461;571326464;30019584;537153536;0;0;0;0;0;0;0;0;0;0;0;3857;0;0;0;0;0;0;
25325;5293888;571326464;30019584;537153536;0;0;0;0;0;0;0;0;0;0;0;3978;0;0;0;0;0;0;
25326;3476420;571326464;30019584;537153536;0;0;0;0;0;0;0;0;0;0;0;3867;0;0;0;0;0;0;
25327;5145119;571326464;30019584;537153536;0;0;0;0;0;0;0;0;0;0;0;4949;0;0;0;0;0;0;
25328;3558363;571326464;30019584;537153536;0;0;0;0;0;0;0;0;0;0;0;4127;0;0;0;0;0;0;
25329;5216352;571326464;30019584;537153536;0;0;0;0;0;0;0;0;0;0;0;3938;0;0;0;0;0;0;
25330;3606714;571326464;30019584;537153536;0;0;0;0;0;0;0;0;0;0;0;3296;0;0;0;0;0;0;
25331;5062745;571326464;30019584;537153536;0;0;0;0;0;0;0;0;0;0;0;3777;0;0;0;0;0;0;
25332;3770571;571326464;30019584;537153536;0;0;0;0;0;0;0;0;0;0;0;3446;0;0;0;0;0;0;
25333;5229457;571326464;30019584;537153536;0;0;0;0;0;0;0;0;0;0;0;3767;0;0;0;0;0;0;
25334;3543185;571326464;30019584;537153536;0;0;0;0;0;0;0;0;0;0;0;4669;0;0;0;0;0;0;
25335;5088824;571326464;30019584;537153536;0;0;0;0;0;0;0;0;0;0;0;2395;0;0;0;0;0;0;
25336;3928858;571326464;30019584;537153536;0;0;0;0;0;0;0;0;0;0;0;4559;0;0;0;0;0;0;
25337;4849275;571326464;30019584;537153536;0;0;0;0;0;0;0;0;0;0;0;2895;0;0;0;0;0;0;
25338;3873966;571326464;30019584;537153536;0;0;0;0;0;0;0;0;0;0;0;4839;0;0;0;0;0;0;
25339;4834075;571326464;30019584;537153536;0;0;0;0;0;0;0;0;0;0;0;2975;0;0;0;0;0;0;
25340;4173868;571326464;30019584;537153536;0;0;0;0;0;0;0;0;0;0;0;4849;0;0;0;0;0;0;
25341;4773111;571326464;30019584;537153536;0;0;0;0;0;0;0;0;0;0;0;4007;0;0;0;0;0;0;
25342;4073809;571326464;30019584;537153536;0;0;0;0;0;0;0;0;0;0;0;3476;0;0;0;0;0;0;
25343;6132471;571326464;30019584;537153536;0;0;0;0;0;0;0;0;0;0;0;3917;0;0;0;0;0;0;
25344;3456372;571326464;30019584;537153536;0;0;0;0;0;0;0;0;0;0;0;4187;0;0;0;0;0;0;
25345;5420986;571326464;30019584;537153536;0;0;0;0;0;0;0;0;0;0;0;4388;0;0;0;0;0;0;
25346;3391951;571326464;30019584;537153536;0;0;0;0;0;0;0;0;0;0;0;4108;0;0;0;0;0;0;
25347;5937385;571326464;30019584;537153536;0;0;0;0;0;0;0;0;0;0;0;3196;0;0;0;0;0;0;
25348;3914251;571326464;30019584;537153536;0;0;0;0;0;0;0;0;0;0;0;3877;0;0;0;0;0;0;
25349;5243944;571326464;30019584;537153536;0;0;0;0;0;0;0;0;0;0;0;4338;0;0;0;0;0;0;
25350;3361484;571326464;30019584;537153536;0;0;0;0;0;0;0;0;0;0;0;3547;0;0;0;0;0;0;
25351;5456392;571326464;30019584;537153536;0;0;0;0;0;0;0;0;0;0;0;4008;0;0;0;0;0;0;
25352;3467433;571326464;30019584;537153536;0;0;0;0;0;0;0;0;0;0;0;3537;0;0;0;0;0;0;
25353;5401820;571326464;30019584;537153536;0;0;0;0;0;0;0;0;0;0;0;4178;0;0;0;0;0;0;
25354;3645547;571326464;30019584;537153536;0;0;0;0;0;0;0;0;0;0;0;4258;0;0;0;0;0;0;
25355;5245147;571326464;30019584;537153536;0;0;0;0;0;0;0;0;0;0;0;4278;0;0;0;0;0;0;
25356;3577209;571326464;30019584;537153536;0;0;0;0;0;0;0;0;0;0;0;3206;0;0;0;0;0;0;
25357;5407731;571326464;30019584;537153536;0;0;0;0;0;0;0;0;0;0;0;6242;0;0;0;0;0;0;
25358;3312472;571326464;30019584;537153536;0;0;0;0;0;0;0;0;0;0;0;3727;0;0;0;0;0;0;
25359;4810582;571326464;30019584;537153536;0;0;0;0;0;0;0;0;0;0;0;2826;0;0;0;0;0;0;
25360;3048577;571326464;30019584;537153536;0;0;0;0;0;0;0;0;0;0;0;3967;0;0;0;0;0;0;
25361;4661592;571326464;30019584;537153536;0;0;0;0;0;0;0;0;0;0;0;2975;0;0;0;0;0;0;
25362;4263024;571326464;30019584;537153536;0;0;0;0;0;0;0;0;0;0;0;3436;0;0;0;0;0;0;
25363;5271476;571326464;30019584;537153536;0;0;0;0;0;0;0;0;0;0;0;4198;0;0;0;0;0;0;
25364;4623030;571326464;30019584;537153536;0;0;0;0;0;0;0;0;0;0;0;3216;0;0;0;0;0;0;
25365;5053217;571326464;30019584;537153536;0;0;0;0;0;0;0;0;0;0;0;3397;0;0;0;0;0;0;
25366;3936412;571326464;30019584;537153536;0;0;0;0;0;0;0;0;0;0;0;11031;0;0;0;0;0;0;
25367;4581082;571326464;30019584;537153536;0;0;0;0;0;0;0;0;0;0;0;4178;0;0;0;0;0;0;
25368;3232291;571326464;30019584;537153536;0;0;0;0;0;0;0;0;0;0;0;3526;0;0;0;0;0;0;
25369;5548365;571326464;30019584;537153536;0;0;0;0;0;0;0;0;0;0;0;3838;0;0;0;0;0;0;
25370;11715061;571326464;30019584;537153536;0;0;0;0;0;0;0;0;0;0;0;4358;0;0;0;0;0;0;
25371;5474928;571326464;30019584;537153536;0;0;0;0;0;0;0;0;0;0;0;4088;0;0;0;0;0;0;
25372;3633655;571326464;30019584;537153536;0;0;0;0;0;0;0;0;0;0;0;4528;0;0;0;0;0;0;
25373;6081355;571326464;30019584;537153536;0;0;0;0;0;0;0;0;0;0;0;6943;0;0;0;0;0;0;
25374;3250256;571326464;30019584;537153536;0;0;0;0;0;0;0;0;0;0;0;4469;0;0;0;0;0;0;
25375;5091529;571326464;30019584;537153536;0;0;0;0;0;0;0;0;0;0;0;3516;0;0;0;0;0;0;
25376;2834887;571326464;30019584;537153536;0;0;0;0;0;0;0;0;0;0;0;3076;0;0;0;0;0;0;
25377;5316130;571326464;30019584;537153536;0;0;0;0;0;0;0;0;0;0;0;4449;0;0;0;0;0;0;
25378;3555397;571326464;30019584;537153536;0;0;0;0;0;0;0;0;0;0;0;3287;0;0;0;0;0;0;
25379;4550343;571326464;30019584;537153536;0;0;0;0;0;0;0;0;0;0;0;2314;0;0;0;0;0;0;
25380;3925502;571326464;30019584;537153536;0;0;0;0;0;0;0;0;0;0;0;3938;0;0;0;0;0;0;
25381;4580881;571326464;30019584;537153536;0;0;0;0;0;0;0;0;0;0;0;2164;0;0;0;0;0;0;
25382;3964816;571326464;30019584;537153536;0;0;0;0;0;0;0;0;0;0;0;3757;0;0;0;0;0;0;
25383;4559811;571326464;30019584;537153536;0;0;0;0;0;0;0;0;0;0;0;2184;0;0;0;0;0;0;
25384;3263691;571326464;30019584;537153536;0;0;0;0;0;0;0;0;0;0;0;3226;0;0;0;0;0;0;
25385;5182469;571326464;30019584;537153536;0;0;0;0;0;0;0;0;0;0;0;3436;0;0;0;0;0;0;
25386;3724535;571326464;30019584;537153536;0;0;0;0;0;0;0;0;0;0;0;4499;0;0;0;0;0;0;
25387;5371905;571326464;30019584;537153536;0;0;0;0;0;0;0;0;0;0;0;4749;0;0;0;0;0;0;
25388;3199180;571326464;30019584;537153536;0;0;0;0;0;0;0;0;0;0;0;3788;0;0;0;0;0;0;
25389;4755798;571326464;30019584;537153536;0;0;0;0;0;0;0;0;0;0;0;4709;0;0;0;0;0;0;
25390;3258501;571326464;30019584;537153536;0;0;0;0;0;0;0;0;0;0;0;3687;0;0;0;0;0;0;
25391;5163924;571326464;30019584;537153536;0;0;0;0;0;0;0;0;0;0;0;3336;0;0;0;0;0;0;
25392;3977319;571326464;30019584;537153536;0;0;0;0;0;0;0;0;0;0;0;4168;0;0;0;0;0;0;
25393;4822815;571326464;30019584;537153536;0;0;0;0;0;0;0;0;0;0;0;3456;0;0;0;0;0;0;
25394;4787338;571326464;30019584;537153536;0;0;0;0;0;0;0;0;0;0;0;3877;0;0;0;0;0;0;
25395;5141893;571326464;30019584;537153536;0;0;0;0;0;0;0;0;0;0;0;4228;0;0;0;0;0;0;
25396;3808001;571326464;30019584;537153536;0;0;0;0;0;0;0;0;0;0;0;3526;0;0;0;0;0;0;
25397;5799557;571326464;30019584;537153536;0;0;0;0;0;0;0;0;0;0;0;4518;0;0;0;0;0;0;
25398;3076680;571326464;30019584;537153536;0;0;0;0;0;0;0;0;0;0;0;4027;0;0;0;0;0;0;
25399;5445592;571326464;30019584;537153536;0;0;0;0;0;0;0;0;0;0;0;3927;0;0;0;0;0;0;
25400;3531513;571326464;30019584;537153536;0;0;0;0;0;0;0;0;0;0;0;3817;0;0;0;0;0;0;
25401;5975346;571326464;30019584;537153536;0;0;0;0;0;0;0;0;0;0;0;3447;0;0;0;0;0;0;
25402;2943290;571326464;30019584;537153536;0;0;0;0;0;0;0;0;0;0;0;4048;0;0;0;0;0;0;
25403;4463671;571326464;30019584;537153536;0;0;0;0;0;0;0;0;0;0;0;2465;0;0;0;0;0;0;
25404;3383756;571326464;30019584;537153536;0;0;0;0;0;0;0;0;0;0;0;2855;0;0;0;0;0;0;
25405;4583606;571326464;30019584;537153536;0;0;0;0;0;0;0;0;0;0;0;3417;0;0;0;0;0;0;
25406;3698466;571326464;30019584;537153536;0;0;0;0;0;0;0;0;0;0;0;4459;0;0;0;0;0;0;
25407;4985650;571326464;30019584;537153536;0;0;0;0;0;0;0;0;0;0;0;2866;0;0;0;0;0;0;
25408;3468004;571326464;30019584;537153536;0;0;0;0;0;0;0;0;0;0;0;4097;0;0;0;0;0;0;
25409;5384107;571326464;30019584;537153536;0;0;0;0;0;0;0;0;0;0;0;3517;0;0;0;0;0;0;
25410;3655937;571326464;30019584;537153536;0;0;0;0;0;0;0;0;0;0;0;3797;0;0;0;0;0;0;
25411;6272934;571326464;30019584;537153536;0;0;0;0;0;0;0;0;0;0;0;6071;0;0;0;0;0;0;
25412;4288052;571326464;30019584;537153536;0;0;0;0;0;0;0;0;0;0;0;4719;0;0;0;0;0;0;
25413;5685823;571326464;30019584;537153536;0;0;0;0;0;0;0;0;0;0;0;3807;0;0;0;0;0;0;
25414;4440308;571326464;30019584;537153536;0;0;0;0;0;0;0;0;0;0;0;4849;0;0;0;0;0;0;
25415;4876566;571326464;30019584;537153536;0;0;0;0;0;0;0;0;0;0;0;5660;0;0;0;0;0;0;
25416;5065570;571326464;30019584;537153536;0;0;0;0;0;0;0;0;0;0;0;3797;0;0;0;0;0;0;
25417;5262620;571326464;30019584;537153536;0;0;0;0;0;0;0;0;0;0;0;3557;0;0;0;0;0;0;
25418;3914300;571326464;30019584;537153536;0;0;0;0;0;0;0;0;0;0;0;4649;0;0;0;0;0;0;
25419;4870494;571326464;30019584;537153536;0;0;0;0;0;0;0;0;0;0;0;3076;0;0;0;0;0;0;
25420;3776743;571326464;30019584;537153536;0;0;0;0;0;0;0;0;0;0;0;5871;0;0;0;0;0;0;
25421;5048418;571326464;30019584;537153536;0;0;0;0;0;0;0;0;0;0;0;2535;0;0;0;0;0;0;
25422;3322992;571326464;30019584;537153536;0;0;0;0;0;0;0;0;0;0;0;3216;0;0;0;0;0;0;
25423;5152102;571326464;30019584;537153536;0;0;0;0;0;0;0;0;0;0;0;5420;0;0;0;0;0;0;
25424;3011758;571326464;30019584;537153536;0;0;0;0;0;0;0;0;0;0;0;3887;0;0;0;0;0;0;
25425;5285022;571326464;30019584;537153536;0;0;0;0;0;0;0;0;0;0;0;4408;0;0;0;0;0;0;
25426;3090977;571326464;30019584;537153536;0;0;0;0;0;0;0;0;0;0;0;3717;0;0;0;0;0;0;
25427;4581462;571326464;30019584;537153536;0;0;0;0;0;0;0;0;0;0;0;2114;0;0;0;0;0;0;
25428;3729785;571326464;30019584;537153536;0;0;0;0;0;0;0;0;0;0;0;4228;0;0;0;0;0;0;
25429;4679466;571326464;30019584;537153536;0;0;0;0;0;0;0;0;0;0;0;2114;0;0;0;0;0;0;
25430;4782459;571326464;30019584;537153536;0;0;0;0;0;0;0;0;0;0;0;3156;0;0;0;0;0;0;
25431;4591331;571326464;30019584;537153536;0;0;0;0;0;0;0;0;0;0;0;2304;0;0;0;0;0;0;
25432;3907277;571326464;30019584;537153536;0;0;0;0;0;0;0;0;0;0;0;3847;0;0;0;0;0;0;
25433;4911872;571326464;30019584;537153536;0;0;0;0;0;0;0;0;0;0;0;3206;0;0;0;0;0;0;
25434;3754231;571326464;30019584;537153536;0;0;0;0;0;0;0;0;0;0;0;3606;0;0;0;0;0;0;
25435;5221643;571326464;30019584;537153536;0;0;0;0;0;0;0;0;0;0;0;4829;0;0;0;0;0;0;
25436;2857348;571326464;30019584;537153536;0;0;0;0;0;0;0;0;0;0;0;5631;0;0;0;0;0;0;
25437;4771689;571326464;30019584;537153536;0;0;0;0;0;0;0;0;0;0;0;3436;0;0;0;0;0;0;
25438;3313213;571326464;30019584;537153536;0;0;0;0;0;0;0;0;0;0;0;2886;0;0;0;0;0;0;
25439;5597707;571326464;30019584;537153536;0;0;0;0;0;0;0;0;0;0;0;4578;0;0;0;0;0;0;
25440;3461342;571326464;30019584;537153536;0;0;0;0;0;0;0;0;0;0;0;3246;0;0;0;0;0;0;
25441;5919682;571326464;30019584;537153536;0;0;0;0;0;0;0;0;0;0;0;4679;0;0;0;0;0;0;
25442;2881684;571326464;30019584;537153536;0;0;0;0;0;0;0;0;0;0;0;2996;0;0;0;0;0;0;
25443;5612155;571326464;30019584;537153536;0;0;0;0;0;0;0;0;0;0;0;3567;0;0;0;0;0;0;
25444;3459598;571326464;30019584;537153536;0;0;0;0;0;0;0;0;0;0;0;13055;0;0;0;0;0;0;
25445;5419003;571326464;30019584;537153536;0;0;0;0;0;0;0;0;0;0;0;4940;0;0;0;0;0;0;
25446;3663631;571326464;30019584;537153536;0;0;0;0;0;0;0;0;0;0;0;2876;0;0;0;0;0;0;
25447;4827924;571326464;30019584;537153536;0;0;0;0;0;0;0;0;0;0;0;3657;0;0;0;0;0;0;
25448;3761754;571326464;30019584;537153536;0;0;0;0;0;0;0;0;0;0;0;3637;0;0;0;0;0;0;
25449;4489981;571326464;30019584;537153536;0;0;0;0;0;0;0;0;0;0;0;2294;0;0;0;0;0;0;
25450;3911074;571326464;30019584;537153536;0;0;0;0;0;0;0;0;0;0;0;3196;0;0;0;0;0;0;
25451;4607862;571326464;30019584;537153536;0;0;0;0;0;0;0;0;0;0;0;1953;0;0;0;0;0;0;
25452;4117121;571326464;30019584;537153536;0;0;0;0;0;0;0;0;0;0;0;3747;0;0;0;0;0;0;
25453;4621908;571326464;30019584;537153536;0;0;0;0;0;0;0;0;0;0;0;2735;0;0;0;0;0;0;
25454;3624808;571326464;30019584;537153536;0;0;0;0;0;0;0;0;0;0;0;4027;0;0;0;0;0;0;
25455;4565121;571326464;30019584;537153536;0;0;0;0;0;0;0;0;0;0;0;2464;0;0;0;0;0;0;
25456;4083468;571326464;30019584;537153536;0;0;0;0;0;0;0;0;0;0;0;2895;0;0;0;0;0;0;
25457;5185545;571326464;30019584;537153536;0;0;0;0;0;0;0;0;0;0;0;1953;0;0;0;0;0;0;
25458;3788515;571326464;30019584;537153536;0;0;0;0;0;0;0;0;0;0;0;3196;0;0;0;0;0;0;
25459;4956616;571326464;30019584;537153536;0;0;0;0;0;0;0;0;0;0;0;2204;0;0;0;0;0;0;
25460;3403713;571326464;30019584;537153536;0;0;0;0;0;0;0;0;0;0;0;3126;0;0;0;0;0;0;
25461;4670900;571326464;30019584;537153536;0;0;0;0;0;0;0;0;0;0;0;2565;0;0;0;0;0;0;
25462;3728161;571326464;30019584;537153536;0;0;0;0;0;0;0;0;0;0;0;4709;0;0;0;0;0;0;
25463;4630203;571326464;30019584;537153536;0;0;0;0;0;0;0;0;0;0;0;2765;0;0;0;0;0;0;
25464;3857284;571326464;30019584;537153536;0;0;0;0;0;0;0;0;0;0;0;3436;0;0;0;0;0;0;
25465;5661908;571326464;30019584;537153536;0;0;0;0;0;0;0;0;0;0;0;4007;0;0;0;0;0;0;
25466;4698742;571326464;30019584;537153536;0;0;0;0;0;0;0;0;0;0;0;4178;0;0;0;0;0;0;
25467;4783301;571326464;30019584;537153536;0;0;0;0;0;0;0;0;0;0;0;2535;0;0;0;0;0;0;
25468;5076781;571326464;30019584;537153536;0;0;0;0;0;0;0;0;0;0;0;4378;0;0;0;0;0;0;
25469;5020586;571326464;30019584;537153536;0;0;0;0;0;0;0;0;0;0;0;2865;0;0;0;0;0;0;
25470;4389802;571326464;30019584;537153536;0;0;0;0;0;0;0;0;0;0;0;3527;0;0;0;0;0;0;
25471;4516701;571326464;30019584;537153536;0;0;0;0;0;0;0;0;0;0;0;2314;0;0;0;0;0;0;
25472;3595353;571326464;30019584;537153536;0;0;0;0;0;0;0;0;0;0;0;3637;0;0;0;0;0;0;
25473;5100936;571326464;30019584;537153536;0;0;0;0;0;0;0;0;0;0;0;3326;0;0;0;0;0;0;
25474;3687245;571326464;30019584;537153536;0;0;0;0;0;0;0;0;0;0;0;4428;0;0;0;0;0;0;
25475;5785049;571326464;30019584;537153536;0;0;0;0;0;0;0;0;0;0;0;4318;0;0;0;0;0;0;
25476;4972575;571326464;30019584;537153536;0;0;0;0;0;0;0;0;0;0;0;4408;0;0;0;0;0;0;
25477;5922206;571326464;30019584;537153536;0;0;0;0;0;0;0;0;0;0;0;4037;0;0;0;0;0;0;
25478;4154381;571326464;30019584;537153536;0;0;0;0;0;0;0;0;0;0;0;3416;0;0;0;0;0;0;
25479;5514993;571326464;30019584;537153536;0;0;0;0;0;0;0;0;0;0;0;5520;0;0;0;0;0;0;
25480;3414984;571326464;30019584;537153536;0;0;0;0;0;0;0;0;0;0;0;6022;0;0;0;0;0;0;
25481;4991691;571326464;30019584;537153536;0;0;0;0;0;0;0;0;0;0;0;2966;0;0;0;0;0;0;
25482;3354731;571326464;30019584;537153536;0;0;0;0;0;0;0;0;0;0;0;3346;0;0;0;0;0;0;
25483;5966429;571326464;30019584;537153536;0;0;0;0;0;0;0;0;0;0;0;4068;0;0;0;0;0;0;
25484;4133522;571326464;30019584;537153536;0;0;0;0;0;0;0;0;0;0;0;6753;0;0;0;0;0;0;
25485;5309397;571326464;30019584;537153536;0;0;0;0;0;0;0;0;0;0;0;3226;0;0;0;0;0;0;
25486;4045607;571326464;30019584;537153536;0;0;0;0;0;0;0;0;0;0;0;5280;0;0;0;0;0;0;
25487;4633620;571326464;30019584;537153536;0;0;0;0;0;0;0;0;0;0;0;3716;0;0;0;0;0;0;
25488;3265354;571326464;30019584;537153536;0;0;0;0;0;0;0;0;0;0;0;4098;0;0;0;0;0;0;
25489;5031275;571326464;30019584;537153536;0;0;0;0;0;0;0;0;0;0;0;2314;0;0;0;0;0;0;
25490;3096808;571326464;30019584;537153536;0;0;0;0;0;0;0;0;0;0;0;3817;0;0;0;0;0;0;
25491;4504778;571326464;30019584;537153536;0;0;0;0;0;0;0;0;0;0;0;2014;0;0;0;0;0;0;
25492;4031430;571326464;30019584;537153536;0;0;0;0;0;0;0;0;0;0;0;3667;0;0;0;0;0;0;
25493;4330421;571326464;30019584;537153536;0;0;0;0;0;0;0;0;0;0;0;2385;0;0;0;0;0;0;
25494;3683448;571326464;30019584;537153536;0;0;0;0;0;0;0;0;0;0;0;5791;0;0;0;0;0;0;
25495;4541608;571326464;30019584;537153536;0;0;0;0;0;0;0;0;0;0;0;3226;0;0;0;0;0;0;
25496;3908870;571326464;30019584;537153536;0;0;0;0;0;0;0;0;0;0;0;3176;0;0;0;0;0;0;
25497;5480508;571326464;30019584;537153536;0;0;0;0;0;0;0;0;0;0;0;3477;0;0;0;0;0;0;
25498;3657239;571326464;30019584;537153536;0;0;0;0;0;0;0;0;0;0;0;3246;0;0;0;0;0;0;
25499;5201154;571326464;30019584;537153536;0;0;0;0;0;0;0;0;0;0;0;4088;0;0;0;0;0;0;
25500;4138742;571326464;30019584;537153536;0;0;0;0;0;0;0;0;0;0;0;6001;0;0;0;0;0;0;
25501;5129951;571326464;30019584;537153536;0;0;0;0;0;0;0;0;0;0;0;4148;0;0;0;0;0;0;
25502;4040337;571326464;30019584;537153536;0;0;0;0;0;0;0;0;0;0;0;6793;0;0;0;0;0;0;
25503;5503581;571326464;30019584;537153536;0;0;0;0;0;0;0;0;0;0;0;4349;0;0;0;0;0;0;
25504;4647636;571326464;30019584;537153536;0;0;0;0;0;0;0;0;0;0;0;4899;0;0;0;0;0;0;
25505;5223826;571326464;30019584;537153536;0;0;0;0;0;0;0;0;0;0;0;2855;0;0;0;0;0;0;
25506;3423180;571326464;30019584;537153536;0;0;0;0;0;0;0;0;0;0;0;4057;0;0;0;0;0;0;
25507;4988014;571326464;30019584;537153536;0;0;0;0;0;0;0;0;0;0;0;4218;0;0;0;0;0;0;
25508;3668971;571326464;30019584;537153536;0;0;0;0;0;0;0;0;0;0;0;3386;0;0;0;0;0;0;
25509;5500215;571326464;30019584;537153536;0;0;0;0;0;0;0;0;0;0;0;3577;0;0;0;0;0;0;
25510;3583861;571326464;30019584;537153536;0;0;0;0;0;0;0;0;0;0;0;3186;0;0;0;0;0;0;
25511;5459518;571326464;30019584;537153536;0;0;0;0;0;0;0;0;0;0;0;4438;0;0;0;0;0;0;
25512;3063535;571326464;30019584;537153536;0;0;0;0;0;0;0;0;0;0;0;5511;0;0;0;0;0;0;
25513;5182840;571326464;30019584;537153536;0;0;0;0;0;0;0;0;0;0;0;5640;0;0;0;0;0;0;
25514;3375841;571326464;30019584;537153536;0;0;0;0;0;0;0;0;0;0;0;4198;0;0;0;0;0;0;
25515;5359411;571326464;30019584;537153536;0;0;0;0;0;0;0;0;0;0;0;2926;0;0;0;0;0;0;
25516;3609490;571326464;30019584;537153536;0;0;0;0;0;0;0;0;0;0;0;3186;0;0;0;0;0;0;
25517;5496848;571326464;30019584;537153536;0;0;0;0;0;0;0;0;0;0;0;3186;0;0;0;0;0;0;
25518;3051152;571326464;30019584;537153536;0;0;0;0;0;0;0;0;0;0;0;3707;0;0;0;0;0;0;
25519;4790023;571326464;30019584;537153536;0;0;0;0;0;0;0;0;0;0;0;3337;0;0;0;0;0;0;
25520;4095451;571326464;30019584;537153536;0;0;0;0;0;0;0;0;0;0;0;3337;0;0;0;0;0;0;
25521;4622910;571326464;30019584;537153536;0;0;0;0;0;0;0;0;0;0;0;2635;0;0;0;0;0;0;
25522;3174804;571326464;30019584;537153536;0;0;0;0;0;0;0;0;0;0;0;3557;0;0;0;0;0;0;
25523;5086479;571326464;30019584;537153536;0;0;0;0;0;0;0;0;0;0;0;3967;0;0;0;0;0;0;
25524;3599781;571326464;30019584;537153536;0;0;0;0;0;0;0;0;0;0;0;4318;0;0;0;0;0;0;
25525;5168453;571326464;30019584;537153536;0;0;0;0;0;0;0;0;0;0;0;4027;0;0;0;0;0;0;
25526;3448457;571326464;30019584;537153536;0;0;0;0;0;0;0;0;0;0;0;2895;0;0;0;0;0;0;
25527;5692476;571326464;30019584;537153536;0;0;0;0;0;0;0;0;0;0;0;4328;0;0;0;0;0;0;
25528;3828089;571326464;30019584;537153536;0;0;0;0;0;0;0;0;0;0;0;4288;0;0;0;0;0;0;
25529;5438449;571326464;30019584;537153536;0;0;0;0;0;0;0;0;0;0;0;3957;0;0;0;0;0;0;
25530;3498010;571326464;30019584;537153536;0;0;0;0;0;0;0;0;0;0;0;3486;0;0;0;0;0;0;
25531;5366444;571326464;30019584;537153536;0;0;0;0;0;0;0;0;0;0;0;5179;0;0;0;0;0;0;
25532;4738948;571326464;30019584;537153536;0;0;0;0;0;0;0;0;0;0;0;4148;0;0;0;0;0;0;
25533;5576708;571326464;30019584;537153536;0;0;0;0;0;0;0;0;0;0;0;4008;0;0;0;0;0;0;
25534;3399545;571326464;30019584;537153536;0;0;0;0;0;0;0;0;0;0;0;4549;0;0;0;0;0;0;
25535;4883328;571326464;30019584;537153536;0;0;0;0;0;0;0;0;0;0;0;2414;0;0;0;0;0;0;
25536;3590573;571326464;30019584;537153536;0;0;0;0;0;0;0;0;0;0;0;5240;0;0;0;0;0;0;
25537;5022579;571326464;30019584;537153536;0;0;0;0;0;0;0;0;0;0;0;4298;0;0;0;0;0;0;
25538;3588940;571326464;30019584;537153536;0;0;0;0;0;0;0;0;0;0;0;3697;0;0;0;0;0;0;
25539;5492912;571326464;30019584;537153536;0;0;0;0;0;0;0;0;0;0;0;4729;0;0;0;0;0;0;
25540;3675794;571326464;30019584;537153536;0;0;0;0;0;0;0;0;0;0;0;4178;0;0;0;0;0;0;
25541;6183377;571326464;30019584;537153536;0;0;0;0;0;0;0;0;0;0;0;4669;0;0;0;0;0;0;
25542;3084895;571326464;30019584;537153536;0;0;0;0;0;0;0;0;0;0;0;4058;0;0;0;0;0;0;
25543;4551886;571326464;30019584;537153536;0;0;0;0;0;0;0;0;0;0;0;2705;0;0;0;0;0;0;
25544;3293967;571326464;30019584;537153536;0;0;0;0;0;0;0;0;0;0;0;3336;0;0;0;0;0;0;
25545;5209279;571326464;30019584;537153536;0;0;0;0;0;0;0;0;0;0;0;3817;0;0;0;0;0;0;
25546;3433500;571326464;30019584;537153536;0;0;0;0;0;0;0;0;0;0;0;3907;0;0;0;0;0;0;
25547;5201414;571326464;30019584;537153536;0;0;0;0;0;0;0;0;0;0;0;2775;0;0;0;0;0;0;
25548;3549376;571326464;30019584;537153536;0;0;0;0;0;0;0;0;0;0;0;3347;0;0;0;0;0;0;
25549;5095356;571326464;30019584;537153536;0;0;0;0;0;0;0;0;0;0;0;2936;0;0;0;0;0;0;
25550;3167981;571326464;30019584;537153536;0;0;0;0;0;0;0;0;0;0;0;3417;0;0;0;0;0;0;
25551;5106857;571326464;30019584;537153536;0;0;0;0;0;0;0;0;0;0;0;4959;0;0;0;0;0;0;
25552;3041223;571326464;30019584;537153536;0;0;0;0;0;0;0;0;0;0;0;5269;0;0;0;0;0;0;
25553;4764455;571326464;30019584;537153536;0;0;0;0;0;0;0;0;0;0;0;2866;0;0;0;0;0;0;
25554;3108209;571326464;30019584;537153536;0;0;0;0;0;0;0;0;0;0;0;3997;0;0;0;0;0;0;
25555;4943732;571326464;30019584;537153536;0;0;0;0;0;0;0;0;0;0;0;4088;0;0;0;0;0;0;
25556;3302403;571326464;30019584;537153536;0;0;0;0;0;0;0;0;0;0;0;3156;0;0;0;0;0;0;
25557;4890732;571326464;30019584;537153536;0;0;0;0;0;0;0;0;0;0;0;2455;0;0;0;0;0;0;
25558;3877131;571326464;30019584;537153536;0;0;0;0;0;0;0;0;0;0;0;3716;0;0;0;0;0;0;
25559;4891043;571326464;30019584;537153536;0;0;0;0;0;0;0;0;0;0;0;2424;0;0;0;0;0;0;
25560;4087907;571326464;30019584;537153536;0;0;0;0;0;0;0;0;0;0;0;3517;0;0;0;0;0;0;
25561;5185695;571326464;30019584;537153536;0;0;0;0;0;0;0;0;0;0;0;2524;0;0;0;0;0;0;
25562;3432297;571326464;30019584;537153536;0;0;0;0;0;0;0;0;0;0;0;3456;0;0;0;0;0;0;
25563;4540996;571326464;30019584;537153536;0;0;0;0;0;0;0;0;0;0;0;2665;0;0;0;0;0;0;
25564;3481549;571326464;30019584;537153536;0;0;0;0;0;0;0;0;0;0;0;4359;0;0;0;0;0;0;
25565;5298055;571326464;30019584;537153536;0;0;0;0;0;0;0;0;0;0;0;2575;0;0;0;0;0;0;
25566;3854409;571326464;30019584;537153536;0;0;0;0;0;0;0;0;0;0;0;4138;0;0;0;0;0;0;
25567;4809871;571326464;30019584;537153536;0;0;0;0;0;0;0;0;0;0;0;2214;0;0;0;0;0;0;
25568;3708565;571326464;30019584;537153536;0;0;0;0;0;0;0;0;0;0;0;4859;0;0;0;0;0;0;
25569;4579769;571326464;30019584;537153536;0;0;0;0;0;0;0;0;0;0;0;2535;0;0;0;0;0;0;
25570;3636740;571326464;30019584;537153536;0;0;0;0;0;0;0;0;0;0;0;5150;0;0;0;0;0;0;
25571;5293648;571326464;30019584;537153536;0;0;0;0;0;0;0;0;0;0;0;3156;0;0;0;0;0;0;
25572;4130436;571326464;30019584;537153536;0;0;0;0;0;0;0;0;0;0;0;4158;0;0;0;0;0;0;
25573;4985991;571326464;30019584;537153536;0;0;0;0;0;0;0;0;0;0;0;2365;0;0;0;0;0;0;
25574;3236740;571326464;30019584;537153536;0;0;0;0;0;0;0;0;0;0;0;3737;0;0;0;0;0;0;
25575;4551205;571326464;30019584;537153536;0;0;0;0;0;0;0;0;0;0;0;3306;0;0;0;0;0;0;
25576;3627182;571326464;30019584;537153536;0;0;0;0;0;0;0;0;0;0;0;3968;0;0;0;0;0;0;
25577;5287546;571326464;30019584;537153536;0;0;0;0;0;0;0;0;0;0;0;3747;0;0;0;0;0;0;
25578;4971003;571326464;30019584;537153536;0;0;0;0;0;0;0;0;0;0;0;4809;0;0;0;0;0;0;
25579;5137345;571326464;30019584;537153536;0;0;0;0;0;0;0;0;0;0;0;3487;0;0;0;0;0;0;
25580;3698156;571326464;30019584;537153536;0;0;0;0;0;0;0;0;0;0;0;4529;0;0;0;0;0;0;
25581;5536403;571326464;30019584;537153536;0;0;0;0;0;0;0;0;0;0;0;3436;0;0;0;0;0;0;
25582;3404915;571326464;30019584;537153536;0;0;0;0;0;0;0;0;0;0;0;3657;0;0;0;0;0;0;
25583;5323894;571326464;30019584;537153536;0;0;0;0;0;0;0;0;0;0;0;4018;0;0;0;0;0;0;
25584;3179633;571326464;30019584;537153536;0;0;0;0;0;0;0;0;0;0;0;3867;0;0;0;0;0;0;
25585;5363508;571326464;30019584;537153536;0;0;0;0;0;0;0;0;0;0;0;4859;0;0;0;0;0;0;
25586;3109312;571326464;30019584;537153536;0;0;0;0;0;0;0;0;0;0;0;4047;0;0;0;0;0;0;
25587;4902213;571326464;30019584;537153536;0;0;0;0;0;0;0;0;0;0;0;3096;0;0;0;0;0;0;
25588;3183110;571326464;30019584;537153536;0;0;0;0;0;0;0;0;0;0;0;4037;0;0;0;0;0;0;
25589;5420655;571326464;30019584;537153536;0;0;0;0;0;0;0;0;0;0;0;4288;0;0;0;0;0;0;
25590;2902613;571326464;30019584;537153536;0;0;0;0;0;0;0;0;0;0;0;3757;0;0;0;0;0;0;
25591;4858150;571326464;30019584;537153536;0;0;0;0;0;0;0;0;0;0;0;2905;0;0;0;0;0;0;
25592;2846147;571326464;30019584;537153536;0;0;0;0;0;0;0;0;0;0;0;3537;0;0;0;0;0;0;
25593;4667152;571326464;30019584;537153536;0;0;0;0;0;0;0;0;0;0;0;2074;0;0;0;0;0;0;
25594;3285081;571326464;30019584;537153536;0;0;0;0;0;0;0;0;0;0;0;3257;0;0;0;0;0;0;
25595;10364297;571326464;30019584;537153536;0;0;0;0;0;0;0;0;0;0;0;1944;0;0;0;0;0;0;
25596;1477450;571326464;30019584;537153536;0;0;0;0;0;0;0;0;0;0;0;2755;0;0;0;0;0;0;
25597;5898292;571326464;30019584;537153536;0;0;0;0;0;0;0;0;0;0;0;4959;0;0;0;0;0;0;
25598;2616197;571326464;30019584;537153536;0;0;0;0;0;0;0;0;0;0;0;2455;0;0;0;0;0;0;
25599;4580450;571326464;30019584;537153536;0;0;0;0;0;0;0;0;0;0;0;2414;0;0;0;0;0;0;
25600;3717753;571326464;30019584;537153536;0;0;0;0;0;0;0;0;0;0;0;3407;0;0;0;0;0;0;
25601;5028390;571326464;30019584;537153536;0;0;0;0;0;0;0;0;0;0;0;2845;0;0;0;0;0;0;
25602;4431490;571326464;30019584;537153536;0;0;0;0;0;0;0;0;0;0;0;3606;0;0;0;0;0;0;
25603;4974218;571326464;30019584;537153536;0;0;0;0;0;0;0;0;0;0;0;2484;0;0;0;0;0;0;
25604;4607711;571326464;30019584;537153536;0;0;0;0;0;0;0;0;0;0;0;3477;0;0;0;0;0;0;
25605;4702819;571326464;30019584;537153536;0;0;0;0;0;0;0;0;0;0;0;2905;0;0;0;0;0;0;
25606;3974514;571326464;30019584;537153536;0;0;0;0;0;0;0;0;0;0;0;3847;0;0;0;0;0;0;
25607;4897996;571326464;30019584;537153536;0;0;0;0;0;0;0;0;0;0;0;3777;0;0;0;0;0;0;
25608;4211027;571326464;30019584;537153536;0;0;0;0;0;0;0;0;0;0;0;3767;0;0;0;0;0;0;
25609;5588681;571326464;30019584;537153536;0;0;0;0;0;0;0;0;0;0;0;4288;0;0;0;0;0;0;
25610;3207415;571326464;30019584;537153536;0;0;0;0;0;0;0;0;0;0;0;3496;0;0;0;0;0;0;
25611;4704893;571326464;30019584;537153536;0;0;0;0;0;0;0;0;0;0;0;3206;0;0;0;0;0;0;
25612;2992592;571326464;30019584;537153536;0;0;0;0;0;0;0;0;0;0;0;4038;0;0;0;0;0;0;
25613;5346256;571326464;30019584;537153536;0;0;0;0;0;0;0;0;0;0;0;4198;0;0;0;0;0;0;
25614;2948079;571326464;30019584;537153536;0;0;0;0;0;0;0;0;0;0;0;3456;0;0;0;0;0;0;
25615;4685637;571326464;30019584;537153536;0;0;0;0;0;0;0;0;0;0;0;2785;0;0;0;0;0;0;
25616;3816968;571326464;30019584;537153536;0;0;0;0;0;0;0;0;0;0;0;4018;0;0;0;0;0;0;
25617;5334344;571326464;30019584;537153536;0;0;0;0;0;0;0;0;0;0;0;3467;0;0;0;0;0;0;
25618;4131658;571326464;30019584;537153536;0;0;0;0;0;0;0;0;0;0;0;4468;0;0;0;0;0;0;
25619;5423752;571326464;30019584;537153536;0;0;0;0;0;0;0;0;0;0;0;4358;0;0;0;0;0;0;
25620;3696121;571326464;30019584;537153536;0;0;0;0;0;0;0;0;0;0;0;3908;0;0;0;0;0;0;
25621;5625970;571326464;30019584;537153536;0;0;0;0;0;0;0;0;0;0;0;3416;0;0;0;0;0;0;
25622;3423010;571326464;30019584;537153536;0;0;0;0;0;0;0;0;0;0;0;4589;0;0;0;0;0;0;
25623;4833975;571326464;30019584;537153536;0;0;0;0;0;0;0;0;0;0;0;2545;0;0;0;0;0;0;
25624;4044936;571326464;30019584;537153536;0;0;0;0;0;0;0;0;0;0;0;4569;0;0;0;0;0;0;
25625;5100646;571326464;30019584;537153536;0;0;0;0;0;0;0;0;0;0;0;3477;0;0;0;0;0;0;
25626;4157006;571326464;30019584;537153536;0;0;0;0;0;0;0;0;0;0;0;4498;0;0;0;0;0;0;
25627;4745510;571326464;30019584;537153536;0;0;0;0;0;0;0;0;0;0;0;3747;0;0;0;0;0;0;
25628;3669962;571326464;30019584;537153536;0;0;0;0;0;0;0;0;0;0;0;5571;0;0;0;0;0;0;
25629;4988937;571326464;30019584;537153536;0;0;0;0;0;0;0;0;0;0;0;3436;0;0;0;0;0;0;
25630;3595152;571326464;30019584;537153536;0;0;0;0;0;0;0;0;0;0;0;4128;0;0;0;0;0;0;
25631;5537354;571326464;30019584;537153536;0;0;0;0;0;0;0;0;0;0;0;3687;0;0;0;0;0;0;
25632;3550739;571326464;30019584;537153536;0;0;0;0;0;0;0;0;0;0;0;3887;0;0;0;0;0;0;
25633;5260786;571326464;30019584;537153536;0;0;0;0;0;0;0;0;0;0;0;3987;0;0;0;0;0;0;
25634;3514591;571326464;30019584;537153536;0;0;0;0;0;0;0;0;0;0;0;3186;0;0;0;0;0;0;
25635;5446765;571326464;30019584;537153536;0;0;0;0;0;0;0;0;0;0;0;3727;0;0;0;0;0;0;
25636;3999671;571326464;30019584;537153536;0;0;0;0;0;0;0;0;0;0;0;39183;0;0;0;0;0;0;
25637;5946692;571326464;30019584;537153536;0;0;0;0;0;0;0;0;0;0;0;4198;0;0;0;0;0;0;
25638;2814649;571326464;30019584;537153536;0;0;0;0;0;0;0;0;0;0;0;4088;0;0;0;0;0;0;
25639;4531248;571326464;30019584;537153536;0;0;0;0;0;0;0;0;0;0;0;1943;0;0;0;0;0;0;
25640;3479605;571326464;30019584;537153536;0;0;0;0;0;0;0;0;0;0;0;3176;0;0;0;0;0;0;
25641;4533672;571326464;30019584;537153536;0;0;0;0;0;0;0;0;0;0;0;2194;0;0;0;0;0;0;
25642;4293412;571326464;30019584;537153536;0;0;0;0;0;0;0;0;0;0;0;3937;0;0;0;0;0;0;
25643;4299994;571326464;30019584;537153536;0;0;0;0;0;0;0;0;0;0;0;2114;0;0;0;0;0;0;
25644;4045076;571326464;30019584;537153536;0;0;0;0;0;0;0;0;0;0;0;4308;0;0;0;0;0;0;
25645;4788761;571326464;30019584;537153536;0;0;0;0;0;0;0;0;0;0;0;2214;0;0;0;0;0;0;
25646;3698175;571326464;30019584;537153536;0;0;0;0;0;0;0;0;0;0;0;3246;0;0;0;0;0;0;
25647;4391917;571326464;30019584;537153536;0;0;0;0;0;0;0;0;0;0;0;1934;0;0;0;0;0;0;
25648;3379899;571326464;30019584;537153536;0;0;0;0;0;0;0;0;0;0;0;3176;0;0;0;0;0;0;
25649;5992148;571326464;30019584;537153536;0;0;0;0;0;0;0;0;0;0;0;3938;0;0;0;0;0;0;
25650;4764726;571326464;30019584;537153536;0;0;0;0;0;0;0;0;0;0;0;4088;0;0;0;0;0;0;
25651;5129881;571326464;30019584;537153536;0;0;0;0;0;0;0;0;0;0;0;4518;0;0;0;0;0;0;
25652;3972740;571326464;30019584;537153536;0;0;0;0;0;0;0;0;0;0;0;4218;0;0;0;0;0;0;
25653;5128468;571326464;30019584;537153536;0;0;0;0;0;0;0;0;0;0;0;3887;0;0;0;0;0;0;
25654;4042161;571326464;30019584;537153536;0;0;0;0;0;0;0;0;0;0;0;5039;0;0;0;0;0;0;
25655;5249334;571326464;30019584;537153536;0;0;0;0;0;0;0;0;0;0;0;4559;0;0;0;0;0;0;
25656;2877467;571326464;30019584;537153536;0;0;0;0;0;0;0;0;0;0;0;4528;0;0;0;0;0;0;
25657;4660190;571326464;30019584;537153536;0;0;0;0;0;0;0;0;0;0;0;3416;0;0;0;0;0;0;
25658;3130140;571326464;30019584;537153536;0;0;0;0;0;0;0;0;0;0;0;3417;0;0;0;0;0;0;
25659;5079206;571326464;30019584;537153536;0;0;0;0;0;0;0;0;0;0;0;4598;0;0;0;0;0;0;
25660;3037096;571326464;30019584;537153536;0;0;0;0;0;0;0;0;0;0;0;3376;0;0;0;0;0;0;
25661;5275904;571326464;30019584;537153536;0;0;0;0;0;0;0;0;0;0;0;3907;0;0;0;0;0;0;
25662;3143194;571326464;30019584;537153536;0;0;0;0;0;0;0;0;0;0;0;4078;0;0;0;0;0;0;
25663;5831957;571326464;30019584;537153536;0;0;0;0;0;0;0;0;0;0;0;4969;0;0;0;0;0;0;
25664;3117596;571326464;30019584;537153536;0;0;0;0;0;0;0;0;0;0;0;3667;0;0;0;0;0;0;
25665;5587508;571326464;30019584;537153536;0;0;0;0;0;0;0;0;0;0;0;3677;0;0;0;0;0;0;
25666;2704673;571326464;30019584;537153536;0;0;0;0;0;0;0;0;0;0;0;4328;0;0;0;0;0;0;
25667;5492090;571326464;30019584;537153536;0;0;0;0;0;0;0;0;0;0;0;4138;0;0;0;0;0;0;
25668;3269892;571326464;30019584;537153536;0;0;0;0;0;0;0;0;0;0;0;3426;0;0;0;0;0;0;
25669;5093702;571326464;30019584;537153536;0;0;0;0;0;0;0;0;0;0;0;3757;0;0;0;0;0;0;
25670;3258380;571326464;30019584;537153536;0;0;0;0;0;0;0;0;0;0;0;4067;0;0;0;0;0;0;
25671;5161911;571326464;30019584;537153536;0;0;0;0;0;0;0;0;0;0;0;2975;0;0;0;0;0;0;
25672;3871050;571326464;30019584;537153536;0;0;0;0;0;0;0;0;0;0;0;3506;0;0;0;0;0;0;
25673;5008463;571326464;30019584;537153536;0;0;0;0;0;0;0;0;0;0;0;2835;0;0;0;0;0;0;
25674;3699398;571326464;30019584;537153536;0;0;0;0;0;0;0;0;0;0;0;3036;0;0;0;0;0;0;
25675;4750519;571326464;30019584;537153536;0;0;0;0;0;0;0;0;0;0;0;2024;0;0;0;0;0;0;
25676;3966589;571326464;30019584;537153536;0;0;0;0;0;0;0;0;0;0;0;3446;0;0;0;0;0;0;
25677;4898466;571326464;30019584;537153536;0;0;0;0;0;0;0;0;0;0;0;2855;0;0;0;0;0;0;
25678;3885497;571326464;30019584;537153536;0;0;0;0;0;0;0;0;0;0;0;3787;0;0;0;0;0;0;
25679;5089905;571326464;30019584;537153536;0;0;0;0;0;0;0;0;0;0;0;2505;0;0;0;0;0;0;
25680;3952683;571326464;30019584;537153536;0;0;0;0;0;0;0;0;0;0;0;3987;0;0;0;0;0;0;
25681;4939143;571326464;30019584;537153536;0;0;0;0;0;0;0;0;0;0;0;2745;0;0;0;0;0;0;
25682;3329774;571326464;30019584;537153536;0;0;0;0;0;0;0;0;0;0;0;4228;0;0;0;0;0;0;
25683;5151972;571326464;30019584;537153536;0;0;0;0;0;0;0;0;0;0;0;4328;0;0;0;0;0;0;
25684;3227313;571326464;30019584;537153536;0;0;0;0;0;0;0;0;0;0;0;4248;0;0;0;0;0;0;
25685;4941597;571326464;30019584;537153536;0;0;0;0;0;0;0;0;0;0;0;2465;0;0;0;0;0;0;
25686;3289549;571326464;30019584;537153536;0;0;0;0;0;0;0;0;0;0;0;4078;0;0;0;0;0;0;
25687;5210662;571326464;30019584;537153536;0;0;0;0;0;0;0;0;0;0;0;3697;0;0;0;0;0;0;
25688;3423350;571326464;30019584;537153536;0;0;0;0;0;0;0;0;0;0;0;3506;0;0;0;0;0;0;
25689;5162882;571326464;30019584;537153536;0;0;0;0;0;0;0;0;0;0;0;3276;0;0;0;0;0;0;
25690;3508921;571326464;30019584;537153536;0;0;0;0;0;0;0;0;0;0;0;4769;0;0;0;0;0;0;
25691;5098552;571326464;30019584;537153536;0;0;0;0;0;0;0;0;0;0;0;3466;0;0;0;0;0;0;
25692;3665945;571326464;30019584;537153536;0;0;0;0;0;0;0;0;0;0;0;2995;0;0;0;0;0;0;
25693;5765102;571326464;30019584;537153536;0;0;0;0;0;0;0;0;0;0;0;4378;0;0;0;0;0;0;
25694;2890140;571326464;30019584;537153536;0;0;0;0;0;0;0;0;0;0;0;3376;0;0;0;0;0;0;
25695;5213417;571326464;30019584;537153536;0;0;0;0;0;0;0;0;0;0;0;3817;0;0;0;0;0;0;
25696;3138986;571326464;30019584;537153536;0;0;0;0;0;0;0;0;0;0;0;3366;0;0;0;0;0;0;
25697;5542995;571326464;30019584;537153536;0;0;0;0;0;0;0;0;0;0;0;3316;0;0;0;0;0;0;
25698;3646859;571326464;30019584;537153536;0;0;0;0;0;0;0;0;0;0;0;4188;0;0;0;0;0;0;
25699;4814028;571326464;30019584;537153536;0;0;0;0;0;0;0;0;0;0;0;3807;0;0;0;0;0;0;
25700;4442722;571326464;30019584;537153536;0;0;0;0;0;0;0;0;0;0;0;4950;0;0;0;0;0;0;
25701;5332370;571326464;30019584;537153536;0;0;0;0;0;0;0;0;0;0;0;3727;0;0;0;0;0;0;
25702;4155173;571326464;30019584;537153536;0;0;0;0;0;0;0;0;0;0;0;3727;0;0;0;0;0;0;
25703;5145921;571326464;30019584;537153536;0;0;0;0;0;0;0;0;0;0;0;4659;0;0;0;0;0;0;
25704;4642507;571326464;30019584;537153536;0;0;0;0;0;0;0;0;0;0;0;3547;0;0;0;0;0;0;
25705;5600994;571326464;30019584;537153536;0;0;0;0;0;0;0;0;0;0;0;3918;0;0;0;0;0;0;
25706;3967561;571326464;30019584;537153536;0;0;0;0;0;0;0;0;0;0;0;3707;0;0;0;0;0;0;
25707;4996851;571326464;30019584;537153536;0;0;0;0;0;0;0;0;0;0;0;4569;0;0;0;0;0;0;
25708;3495115;571326464;30019584;537153536;0;0;0;0;0;0;0;0;0;0;0;3186;0;0;0;0;0;0;
25709;5329185;571326464;30019584;537153536;0;0;0;0;0;0;0;0;0;0;0;4128;0;0;0;0;0;0;
25710;3557682;571326464;30019584;537153536;0;0;0;0;0;0;0;0;0;0;0;3466;0;0;0;0;0;0;
25711;5230579;571326464;30019584;537153536;0;0;0;0;0;0;0;0;0;0;0;4789;0;0;0;0;0;0;
25712;3734213;571326464;30019584;537153536;0;0;0;0;0;0;0;0;0;0;0;4278;0;0;0;0;0;0;
25713;4946797;571326464;30019584;537153536;0;0;0;0;0;0;0;0;0;0;0;3586;0;0;0;0;0;0;
25714;4282241;571326464;30019584;537153536;0;0;0;0;0;0;0;0;0;0;0;3878;0;0;0;0;0;0;
25715;5004505;571326464;30019584;537153536;0;0;0;0;0;0;0;0;0;0;0;2404;0;0;0;0;0;0;
25716;4461707;571326464;30019584;537153536;0;0;0;0;0;0;0;0;0;0;0;3727;0;0;0;0;0;0;
25717;5066061;571326464;30019584;537153536;0;0;0;0;0;0;0;0;0;0;0;2575;0;0;0;0;0;0;
25718;4280007;571326464;30019584;537153536;0;0;0;0;0;0;0;0;0;0;0;3065;0;0;0;0;0;0;
25719;4806193;571326464;30019584;537153536;0;0;0;0;0;0;0;0;0;0;0;2394;0;0;0;0;0;0;
25720;4263536;571326464;30019584;537153536;0;0;0;0;0;0;0;0;0;0;0;3747;0;0;0;0;0;0;
25721;5135631;571326464;30019584;537153536;0;0;0;0;0;0;0;0;0;0;0;1964;0;0;0;0;0;0;
25722;3564715;571326464;30019584;537153536;0;0;0;0;0;0;0;0;0;0;0;3356;0;0;0;0;0;0;
25723;4650952;571326464;30019584;537153536;0;0;0;0;0;0;0;0;0;0;0;2224;0;0;0;0;0;0;
25724;3619278;571326464;30019584;537153536;0;0;0;0;0;0;0;0;0;0;0;4638;0;0;0;0;0;0;
25725;4962136;571326464;30019584;537153536;0;0;0;0;0;0;0;0;0;0;0;2805;0;0;0;0;0;0;
25726;3436735;571326464;30019584;537153536;0;0;0;0;0;0;0;0;0;0;0;3547;0;0;0;0;0;0;
25727;5502009;571326464;30019584;537153536;0;0;0;0;0;0;0;0;0;0;0;135013;0;0;0;0;0;0;
25728;3952352;571326464;30019584;537153536;0;0;0;0;0;0;0;0;0;0;0;4168;0;0;0;0;0;0;
25729;5730477;571326464;30019584;537153536;0;0;0;0;0;0;0;0;0;0;0;4148;0;0;0;0;0;0;
25730;3128948;571326464;30019584;537153536;0;0;0;0;0;0;0;0;0;0;0;4067;0;0;0;0;0;0;
25731;5168272;571326464;30019584;537153536;0;0;0;0;0;0;0;0;0;0;0;4739;0;0;0;0;0;0;
25732;3328793;571326464;30019584;537153536;0;0;0;0;0;0;0;0;0;0;0;4940;0;0;0;0;0;0;
25733;5296082;571326464;30019584;537153536;0;0;0;0;0;0;0;0;0;0;0;3347;0;0;0;0;0;0;
25734;3889234;571326464;30019584;537153536;0;0;0;0;0;0;0;0;0;0;0;3868;0;0;0;0;0;0;
25735;5091779;571326464;30019584;537153536;0;0;0;0;0;0;0;0;0;0;0;3236;0;0;0;0;0;0;
25736;2971513;571326464;30019584;537153536;0;0;0;0;0;0;0;0;0;0;0;3416;0;0;0;0;0;0;
25737;4958740;571326464;30019584;537153536;0;0;0;0;0;0;0;0;0;0;0;4659;0;0;0;0;0;0;
25738;3184341;571326464;30019584;537153536;0;0;0;0;0;0;0;0;0;0;0;4819;0;0;0;0;0;0;
25739;4755639;571326464;30019584;537153536;0;0;0;0;0;0;0;0;0;0;0;2385;0;0;0;0;0;0;
25740;3512106;571326464;30019584;537153536;0;0;0;0;0;0;0;0;0;0;0;4919;0;0;0;0;0;0;
25741;4509066;571326464;30019584;537153536;0;0;0;0;0;0;0;0;0;0;0;2134;0;0;0;0;0;0;
25742;3709597;571326464;30019584;537153536;0;0;0;0;0;0;0;0;0;0;0;3296;0;0;0;0;0;0;
25743;5087601;571326464;30019584;537153536;0;0;0;0;0;0;0;0;0;0;0;2795;0;0;0;0;0;0;
25744;5589833;571326464;30019584;537153536;0;0;0;0;0;0;0;0;0;0;0;4128;0;0;0;0;0;0;
25745;4877868;571326464;30019584;537153536;0;0;0;0;0;0;0;0;0;0;0;2334;0;0;0;0;0;0;
25746;3230769;571326464;30019584;537153536;0;0;0;0;0;0;0;0;0;0;0;4238;0;0;0;0;0;0;
25747;4773923;571326464;30019584;537153536;0;0;0;0;0;0;0;0;0;0;0;2274;0;0;0;0;0;0;
25748;3214078;571326464;30019584;537153536;0;0;0;0;0;0;0;0;0;0;0;3576;0;0;0;0;0;0;
25749;5542755;571326464;30019584;537153536;0;0;0;0;0;0;0;0;0;0;0;2364;0;0;0;0;0;0;
25750;3021005;571326464;30019584;537153536;0;0;0;0;0;0;0;0;0;0;0;2735;0;0;0;0;0;0;
25751;4973807;571326464;30019584;537153536;0;0;0;0;0;0;0;0;0;0;0;2274;0;0;0;0;0;0;
25752;3737649;571326464;30019584;537153536;0;0;0;0;0;0;0;0;0;0;0;4949;0;0;0;0;0;0;
25753;4750098;571326464;30019584;537153536;0;0;0;0;0;0;0;0;0;0;0;2835;0;0;0;0;0;0;
25754;3494945;571326464;30019584;537153536;0;0;0;0;0;0;0;0;0;0;0;4399;0;0;0;0;0;0;
25755;5345334;571326464;30019584;537153536;0;0;0;0;0;0;0;0;0;0;0;3818;0;0;0;0;0;0;
25756;3929560;571326464;30019584;537153536;0;0;0;0;0;0;0;0;0;0;0;3607;0;0;0;0;0;0;
25757;5571158;571326464;30019584;537153536;0;0;0;0;0;0;0;0;0;0;0;4028;0;0;0;0;0;0;
25758;3143756;571326464;30019584;537153536;0;0;0;0;0;0;0;0;0;0;0;6562;0;0;0;0;0;0;
25759;5220851;571326464;30019584;537153536;0;0;0;0;0;0;0;0;0;0;0;3466;0;0;0;0;0;0;
25760;3061381;571326464;30019584;537153536;0;0;0;0;0;0;0;0;0;0;0;3707;0;0;0;0;0;0;
25761;5926284;571326464;30019584;537153536;0;0;0;0;0;0;0;0;0;0;0;3667;0;0;0;0;0;0;
25762;2960482;571326464;30019584;537153536;0;0;0;0;0;0;0;0;0;0;0;3427;0;0;0;0;0;0;
25763;5124871;571326464;30019584;537153536;0;0;0;0;0;0;0;0;0;0;0;5230;0;0;0;0;0;0;
25764;3405506;571326464;30019584;537153536;0;0;0;0;0;0;0;0;0;0;0;4007;0;0;0;0;0;0;
25765;5568383;571326464;30019584;537153536;0;0;0;0;0;0;0;0;0;0;0;3918;0;0;0;0;0;0;
25766;3186977;571326464;30019584;537153536;0;0;0;0;0;0;0;0;0;0;0;3707;0;0;0;0;0;0;
25767;5377515;571326464;30019584;537153536;0;0;0;0;0;0;0;0;0;0;0;4639;0;0;0;0;0;0;
25768;3085767;571326464;30019584;537153536;0;0;0;0;0;0;0;0;0;0;0;4408;0;0;0;0;0;0;
25769;5037767;571326464;30019584;537153536;0;0;0;0;0;0;0;0;0;0;0;4398;0;0;0;0;0;0;
25770;3060229;571326464;30019584;537153536;0;0;0;0;0;0;0;0;0;0;0;3246;0;0;0;0;0;0;
25771;5159205;571326464;30019584;537153536;0;0;0;0;0;0;0;0;0;0;0;4077;0;0;0;0;0;0;
25772;3378115;571326464;30019584;537153536;0;0;0;0;0;0;0;0;0;0;0;3446;0;0;0;0;0;0;
25773;5530332;571326464;30019584;537153536;0;0;0;0;0;0;0;0;0;0;0;3747;0;0;0;0;0;0;
25774;4042200;571326464;30019584;537153536;0;0;0;0;0;0;0;0;0;0;0;5831;0;0;0;0;0;0;
25775;5034953;571326464;30019584;537153536;0;0;0;0;0;0;0;0;0;0;0;3126;0;0;0;0;0;0;
25776;3080988;571326464;30019584;537153536;0;0;0;0;0;0;0;0;0;0;0;3407;0;0;0;0;0;0;
25777;5484576;571326464;30019584;537153536;0;0;0;0;0;0;0;0;0;0;0;3757;0;0;0;0;0;0;
25778;3067693;571326464;30019584;537153536;0;0;0;0;0;0;0;0;0;0;0;4388;0;0;0;0;0;0;
25779;4906772;571326464;30019584;537153536;0;0;0;0;0;0;0;0;0;0;0;3316;0;0;0;0;0;0;
25780;3945229;571326464;30019584;537153536;0;0;0;0;0;0;0;0;0;0;0;3957;0;0;0;0;0;0;
25781;5305750;571326464;30019584;537153536;0;0;0;0;0;0;0;0;0;0;0;4638;0;0;0;0;0;0;
25782;4277832;571326464;30019584;537153536;0;0;0;0;0;0;0;0;0;0;0;3377;0;0;0;0;0;0;
25783;5465690;571326464;30019584;537153536;0;0;0;0;0;0;0;0;0;0;0;4378;0;0;0;0;0;0;
25784;3297885;571326464;30019584;537153536;0;0;0;0;0;0;0;0;0;0;0;9908;0;0;0;0;0;0;
25785;5133497;571326464;30019584;537153536;0;0;0;0;0;0;0;0;0;0;0;3566;0;0;0;0;0;0;
25786;3653041;571326464;30019584;537153536;0;0;0;0;0;0;0;0;0;0;0;3747;0;0;0;0;0;0;
25787;5024964;571326464;30019584;537153536;0;0;0;0;0;0;0;0;0;0;0;4489;0;0;0;0;0;0;
25788;4166534;571326464;30019584;537153536;0;0;0;0;0;0;0;0;0;0;0;4339;0;0;0;0;0;0;
25789;5916135;571326464;30019584;537153536;0;0;0;0;0;0;0;0;0;0;0;4167;0;0;0;0;0;0;
25790;3280342;571326464;30019584;537153536;0;0;0;0;0;0;0;0;0;0;0;5170;0;0;0;0;0;0;
25791;5272337;571326464;30019584;537153536;0;0;0;0;0;0;0;0;0;0;0;4288;0;0;0;0;0;0;
25792;4035308;571326464;30019584;537153536;0;0;0;0;0;0;0;0;0;0;0;3968;0;0;0;0;0;0;
25793;5130963;571326464;30019584;537153536;0;0;0;0;0;0;0;0;0;0;0;3556;0;0;0;0;0;0;
25794;3677116;571326464;30019584;537153536;0;0;0;0;0;0;0;0;0;0;0;3506;0;0;0;0;0;0;
25795;6143501;571326464;30019584;537153536;0;0;0;0;0;0;0;0;0;0;0;4027;0;0;0;0;0;0;
25796;4167817;571326464;30019584;537153536;0;0;0;0;0;0;0;0;0;0;0;5020;0;0;0;0;0;0;
25797;5309717;571326464;30019584;537153536;0;0;0;0;0;0;0;0;0;0;0;3737;0;0;0;0;0;0;
25798;3451223;571326464;30019584;537153536;0;0;0;0;0;0;0;0;0;0;0;3626;0;0;0;0;0;0;
25799;5623306;571326464;30019584;537153536;0;0;0;0;0;0;0;0;0;0;0;4208;0;0;0;0;0;0;
25800;3709466;571326464;30019584;537153536;0;0;0;0;0;0;0;0;0;0;0;5049;0;0;0;0;0;0;
25801;5530241;571326464;30019584;537153536;0;0;0;0;0;0;0;0;0;0;0;4538;0;0;0;0;0;0;
25802;4097655;571326464;30019584;537153536;0;0;0;0;0;0;0;0;0;0;0;5440;0;0;0;0;0;0;
25803;5035393;571326464;30019584;537153536;0;0;0;0;0;0;0;0;0;0;0;4118;0;0;0;0;0;0;
25804;3649364;571326464;30019584;537153536;0;0;0;0;0;0;0;0;0;0;0;3837;0;0;0;0;0;0;
25805;5176437;571326464;30019584;537153536;0;0;0;0;0;0;0;0;0;0;0;2495;0;0;0;0;0;0;
25806;3848368;571326464;30019584;537153536;0;0;0;0;0;0;0;0;0;0;0;3246;0;0;0;0;0;0;
25807;4989468;571326464;30019584;537153536;0;0;0;0;0;0;0;0;0;0;0;2685;0;0;0;0;0;0;
25808;3717172;571326464;30019584;537153536;0;0;0;0;0;0;0;0;0;0;0;3707;0;0;0;0;0;0;
25809;4744628;571326464;30019584;537153536;0;0;0;0;0;0;0;0;0;0;0;1904;0;0;0;0;0;0;
25810;4298942;571326464;30019584;537153536;0;0;0;0;0;0;0;0;0;0;0;3497;0;0;0;0;0;0;
25811;4841720;571326464;30019584;537153536;0;0;0;0;0;0;0;0;0;0;0;2154;0;0;0;0;0;0;
25812;4138701;571326464;30019584;537153536;0;0;0;0;0;0;0;0;0;0;0;3808;0;0;0;0;0;0;
25813;5069056;571326464;30019584;537153536;0;0;0;0;0;0;0;0;0;0;0;44373;0;0;0;0;0;0;
25814;3951380;571326464;30019584;537153536;0;0;0;0;0;0;0;0;0;0;0;3957;0;0;0;0;0;0;
25815;5401841;571326464;30019584;537153536;0;0;0;0;0;0;0;0;0;0;0;3507;0;0;0;0;0;0;
25816;3750473;571326464;30019584;537153536;0;0;0;0;0;0;0;0;0;0;0;3607;0;0;0;0;0;0;
25817;5178472;571326464;30019584;537153536;0;0;0;0;0;0;0;0;0;0;0;3537;0;0;0;0;0;0;
25818;4159551;571326464;30019584;537153536;0;0;0;0;0;0;0;0;0;0;0;4087;0;0;0;0;0;0;
25819;8314262;571326464;30019584;537153536;0;0;0;0;0;0;0;0;0;0;0;3637;0;0;0;0;0;0;
25820;10162739;571326464;30019584;537153536;0;0;0;0;0;0;0;0;0;0;0;3136;0;0;0;0;0;0;
25821;4984347;571326464;30019584;537153536;0;0;0;0;0;0;0;0;0;0;0;2906;0;0;0;0;0;0;
25822;4500059;571326464;30019584;537153536;0;0;0;0;0;0;0;0;0;0;0;5160;0;0;0;0;0;0;
25823;5153405;571326464;30019584;537153536;0;0;0;0;0;0;0;0;0;0;0;4308;0;0;0;0;0;0;
25824;3284329;571326464;30019584;537153536;0;0;0;0;0;0;0;0;0;0;0;4137;0;0;0;0;0;0;
25825;5881349;571326464;30019584;537153536;0;0;0;0;0;0;0;0;0;0;0;4068;0;0;0;0;0;0;
25826;3172139;571326464;30019584;537153536;0;0;0;0;0;0;0;0;0;0;0;5891;0;0;0;0;0;0;
25827;4941817;571326464;30019584;537153536;0;0;0;0;0;0;0;0;0;0;0;3096;0;0;0;0;0;0;
25828;3308765;571326464;30019584;537153536;0;0;0;0;0;0;0;0;0;0;0;10349;0;0;0;0;0;0;
25829;5796521;571326464;30019584;537153536;0;0;0;0;0;0;0;0;0;0;0;4468;0;0;0;0;0;0;
25830;3740555;571326464;30019584;537153536;0;0;0;0;0;0;0;0;0;0;0;5169;0;0;0;0;0;0;
25831;5461042;571326464;30019584;537153536;0;0;0;0;0;0;0;0;0;0;0;3968;0;0;0;0;0;0;
25832;2731322;571326464;30019584;537153536;0;0;0;0;0;0;0;0;0;0;0;3406;0;0;0;0;0;0;
25833;5476170;571326464;30019584;537153536;0;0;0;0;0;0;0;0;0;0;0;3547;0;0;0;0;0;0;
25834;2910108;571326464;30019584;537153536;0;0;0;0;0;0;0;0;0;0;0;4779;0;0;0;0;0;0;
25835;4556676;571326464;30019584;537153536;0;0;0;0;0;0;0;0;0;0;0;2054;0;0;0;0;0;0;
25836;3607735;571326464;30019584;537153536;0;0;0;0;0;0;0;0;0;0;0;3637;0;0;0;0;0;0;
25837;4537008;571326464;30019584;537153536;0;0;0;0;0;0;0;0;0;0;0;2215;0;0;0;0;0;0;
25838;3012169;571326464;30019584;537153536;0;0;0;0;0;0;0;0;0;0;0;3897;0;0;0;0;0;0;
25839;4771359;571326464;30019584;537153536;0;0;0;0;0;0;0;0;0;0;0;3656;0;0;0;0;0;0;
25840;3200192;571326464;30019584;537153536;0;0;0;0;0;0;0;0;0;0;0;4008;0;0;0;0;0;0;
25841;5603689;571326464;30019584;537153536;0;0;0;0;0;0;0;0;0;0;0;4208;0;0;0;0;0;0;
25842;3804265;571326464;30019584;537153536;0;0;0;0;0;0;0;0;0;0;0;4318;0;0;0;0;0;0;
25843;5657500;571326464;30019584;537153536;0;0;0;0;0;0;0;0;0;0;0;4298;0;0;0;0;0;0;
25844;3705930;571326464;30019584;537153536;0;0;0;0;0;0;0;0;0;0;0;3527;0;0;0;0;0;0;
25845;5796742;571326464;30019584;537153536;0;0;0;0;0;0;0;0;0;0;0;3767;0;0;0;0;0;0;
25846;3535340;571326464;30019584;537153536;0;0;0;0;0;0;0;0;0;0;0;3186;0;0;0;0;0;0;
25847;5365452;571326464;30019584;537153536;0;0;0;0;0;0;0;0;0;0;0;6792;0;0;0;0;0;0;
25848;3528788;571326464;30027776;537161728;0;0;0;0;0;0;0;0;0;0;0;2696;0;0;0;0;0;0;
25849;4902203;571326464;30027776;537161728;0;0;0;0;0;0;0;0;0;0;0;1914;0;0;0;0;0;0;
25850;5516025;571326464;30027776;537161728;0;0;0;0;0;0;0;0;0;0;0;3888;0;0;0;0;0;0;
25851;4638589;571326464;30027776;537161728;0;0;0;0;0;0;0;0;0;0;0;2855;0;0;0;0;0;0;
25852;3309186;571326464;30027776;537161728;0;0;0;0;0;0;0;0;0;0;0;3457;0;0;0;0;0;0;
25853;4453101;571326464;30027776;537161728;0;0;0;0;0;0;0;0;0;0;0;2605;0;0;0;0;0;0;
25854;3915754;571326464;30019584;537153536;0;0;0;0;0;0;0;0;0;0;0;3236;0;0;0;0;0;0;
25855;4970872;571326464;30019584;537153536;0;0;0;0;0;0;0;0;0;0;0;3987;0;0;0;0;0;0;
25856;3786020;571326464;30019584;537153536;0;0;0;0;0;0;0;0;0;0;0;3406;0;0;0;0;0;0;
25857;5927577;571326464;30019584;537153536;0;0;0;0;0;0;0;0;0;0;0;4028;0;0;0;0;0;0;
25858;3811858;571326464;30019584;537153536;0;0;0;0;0;0;0;0;0;0;0;3767;0;0;0;0;0;0;
25859;5509142;571326464;30019584;537153536;0;0;0;0;0;0;0;0;0;0;0;3957;0;0;0;0;0;0;
25860;4041980;571326464;30019584;537153536;0;0;0;0;0;0;0;0;0;0;0;4178;0;0;0;0;0;0;
25861;5850091;571326464;30019584;537153536;0;0;0;0;0;0;0;0;0;0;0;3597;0;0;0;0;0;0;
25862;3970026;571326464;30019584;537153536;0;0;0;0;0;0;0;0;0;0;0;4649;0;0;0;0;0;0;
25863;5432358;571326464;30019584;537153536;0;0;0;0;0;0;0;0;0;0;0;3346;0;0;0;0;0;0;
25864;3594851;571326464;30019584;537153536;0;0;0;0;0;0;0;0;0;0;0;3847;0;0;0;0;0;0;
25865;5544448;571326464;30019584;537153536;0;0;0;0;0;0;0;0;0;0;0;4338;0;0;0;0;0;0;
25866;3829262;571326464;30019584;537153536;0;0;0;0;0;0;0;0;0;0;0;3256;0;0;0;0;0;0;
25867;4970842;571326464;30019584;537153536;0;0;0;0;0;0;0;0;0;0;0;3156;0;0;0;0;0;0;
25868;3482601;571326464;30019584;537153536;0;0;0;0;0;0;0;0;0;0;0;2995;0;0;0;0;0;0;
25869;6040869;571326464;30019584;537153536;0;0;0;0;0;0;0;0;0;0;0;3987;0;0;0;0;0;0;
25870;3605752;571326464;30019584;537153536;0;0;0;0;0;0;0;0;0;0;0;3657;0;0;0;0;0;0;
25871;5702945;571326464;30019584;537153536;0;0;0;0;0;0;0;0;0;0;0;3506;0;0;0;0;0;0;
25872;2765837;571326464;30019584;537153536;0;0;0;0;0;0;0;0;0;0;0;4609;0;0;0;0;0;0;
25873;4573838;571326464;30019584;537153536;0;0;0;0;0;0;0;0;0;0;0;2265;0;0;0;0;0;0;
25874;4418717;571326464;30019584;537153536;0;0;0;0;0;0;0;0;0;0;0;3186;0;0;0;0;0;0;
25875;4554812;571326464;30019584;537153536;0;0;0;0;0;0;0;0;0;0;0;2274;0;0;0;0;0;0;
25876;4013948;571326464;30019584;537153536;0;0;0;0;0;0;0;0;0;0;0;3737;0;0;0;0;0;0;
25877;4586381;571326464;30019584;537153536;0;0;0;0;0;0;0;0;0;0;0;2424;0;0;0;0;0;0;
25878;3918358;571326464;30019584;537153536;0;0;0;0;0;0;0;0;0;0;0;4068;0;0;0;0;0;0;
25879;4656833;571326464;30019584;537153536;0;0;0;0;0;0;0;0;0;0;0;2946;0;0;0;0;0;0;
25880;4421803;571326464;30019584;537153536;0;0;0;0;0;0;0;0;0;0;0;3437;0;0;0;0;0;0;
25881;4852851;571326464;30019584;537153536;0;0;0;0;0;0;0;0;0;0;0;2295;0;0;0;0;0;0;
25882;4862539;571326464;30019584;537153536;0;0;0;0;0;0;0;0;0;0;0;4819;0;0;0;0;0;0;
25883;4957718;571326464;30019584;537153536;0;0;0;0;0;0;0;0;0;0;0;3096;0;0;0;0;0;0;
25884;3975125;571326464;30019584;537153536;0;0;0;0;0;0;0;0;0;0;0;3396;0;0;0;0;0;0;
25885;4938241;571326464;30019584;537153536;0;0;0;0;0;0;0;0;0;0;0;2555;0;0;0;0;0;0;
25886;3806899;571326464;30019584;537153536;0;0;0;0;0;0;0;0;0;0;0;4349;0;0;0;0;0;0;
25887;5102990;571326464;30019584;537153536;0;0;0;0;0;0;0;0;0;0;0;3366;0;0;0;0;0;0;
25888;3593108;571326464;30019584;537153536;0;0;0;0;0;0;0;0;0;0;0;3286;0;0;0;0;0;0;
25889;5528037;571326464;30019584;537153536;0;0;0;0;0;0;0;0;0;0;0;3828;0;0;0;0;0;0;
25890;2963558;571326464;30019584;537153536;0;0;0;0;0;0;0;0;0;0;0;3376;0;0;0;0;0;0;
25891;5331969;571326464;30019584;537153536;0;0;0;0;0;0;0;0;0;0;0;2604;0;0;0;0;0;0;
25892;3491137;571326464;30019584;537153536;0;0;0;0;0;0;0;0;0;0;0;3787;0;0;0;0;0;0;
25893;5154958;571326464;30019584;537153536;0;0;0;0;0;0;0;0;0;0;0;3677;0;0;0;0;0;0;
25894;3516745;571326464;30019584;537153536;0;0;0;0;0;0;0;0;0;0;0;3977;0;0;0;0;0;0;
25895;5153745;571326464;30019584;537153536;0;0;0;0;0;0;0;0;0;0;0;4258;0;0;0;0;0;0;
25896;4578446;571326464;30019584;537153536;0;0;0;0;0;0;0;0;0;0;0;4108;0;0;0;0;0;0;
25897;5307444;571326464;30019584;537153536;0;0;0;0;0;0;0;0;0;0;0;3246;0;0;0;0;0;0;
25898;4849414;571326464;30019584;537153536;0;0;0;0;0;0;0;0;0;0;0;4468;0;0;0;0;0;0;
25899;5101507;571326464;30019584;537153536;0;0;0;0;0;0;0;0;0;0;0;2985;0;0;0;0;0;0;
25900;4495340;571326464;30019584;537153536;0;0;0;0;0;0;0;0;0;0;0;3376;0;0;0;0;0;0;
25901;5139228;571326464;30019584;537153536;0;0;0;0;0;0;0;0;0;0;0;2675;0;0;0;0;0;0;
25902;4031691;571326464;30019584;537153536;0;0;0;0;0;0;0;0;0;0;0;3407;0;0;0;0;0;0;
25903;5316371;571326464;30019584;537153536;0;0;0;0;0;0;0;0;0;0;0;3427;0;0;0;0;0;0;
25904;4409570;571326464;30019584;537153536;0;0;0;0;0;0;0;0;0;0;0;3326;0;0;0;0;0;0;
25905;5568663;571326464;30019584;537153536;0;0;0;0;0;0;0;0;0;0;0;4569;0;0;0;0;0;0;
25906;3869667;571326464;30019584;537153536;0;0;0;0;0;0;0;0;0;0;0;3717;0;0;0;0;0;0;
25907;4712628;571326464;30019584;537153536;0;0;0;0;0;0;0;0;0;0;0;2324;0;0;0;0;0;0;
25908;4318680;571326464;30019584;537153536;0;0;0;0;0;0;0;0;0;0;0;3497;0;0;0;0;0;0;
25909;5165557;571326464;30019584;537153536;0;0;0;0;0;0;0;0;0;0;0;3336;0;0;0;0;0;0;
25910;3779708;571326464;30019584;537153536;0;0;0;0;0;0;0;0;0;0;0;4328;0;0;0;0;0;0;
25911;4757883;571326464;30019584;537153536;0;0;0;0;0;0;0;0;0;0;0;2124;0;0;0;0;0;0;
25912;4271421;571326464;30019584;537153536;0;0;0;0;0;0;0;0;0;0;0;4528;0;0;0;0;0;0;
25913;4683915;571326464;30019584;537153536;0;0;0;0;0;0;0;0;0;0;0;2464;0;0;0;0;0;0;
25914;4359746;571326464;30019584;537153536;0;0;0;0;0;0;0;0;0;0;0;4028;0;0;0;0;0;0;
25915;4755028;571326464;30019584;537153536;0;0;0;0;0;0;0;0;0;0;0;2855;0;0;0;0;0;0;
25916;3891989;571326464;30019584;537153536;0;0;0;0;0;0;0;0;0;0;0;4719;0;0;0;0;0;0;
25917;5085928;571326464;30019584;537153536;0;0;0;0;0;0;0;0;0;0;0;3697;0;0;0;0;0;0;
25918;3503441;571326464;30019584;537153536;0;0;0;0;0;0;0;0;0;0;0;4148;0;0;0;0;0;0;
25919;5174354;571326464;30019584;537153536;0;0;0;0;0;0;0;0;0;0;0;3897;0;0;0;0;0;0;
25920;3321088;571326464;30019584;537153536;0;0;0;0;0;0;0;0;0;0;0;5410;0;0;0;0;0;0;
25921;5690261;571326464;30019584;537153536;0;0;0;0;0;0;0;0;0;0;0;4879;0;0;0;0;0;0;
25922;3996014;571326464;30019584;537153536;0;0;0;0;0;0;0;0;0;0;0;3737;0;0;0;0;0;0;
25923;5591015;571326464;30019584;537153536;0;0;0;0;0;0;0;0;0;0;0;4017;0;0;0;0;0;0;
25924;3422759;571326464;30019584;537153536;0;0;0;0;0;0;0;0;0;0;0;3847;0;0;0;0;0;0;
25925;5493713;571326464;30019584;537153536;0;0;0;0;0;0;0;0;0;0;0;2915;0;0;0;0;0;0;
25926;3377013;571326464;30019584;537153536;0;0;0;0;0;0;0;0;0;0;0;3727;0;0;0;0;0;0;
25927;5282126;571326464;30019584;537153536;0;0;0;0;0;0;0;0;0;0;0;5079;0;0;0;0;0;0;
25928;3038188;571326464;30019584;537153536;0;0;0;0;0;0;0;0;0;0;0;4168;0;0;0;0;0;0;
25929;4769615;571326464;30019584;537153536;0;0;0;0;0;0;0;0;0;0;0;2195;0;0;0;0;0;0;
25930;3604801;571326464;30019584;537153536;0;0;0;0;0;0;0;0;0;0;0;4218;0;0;0;0;0;0;
25931;4517282;571326464;30019584;537153536;0;0;0;0;0;0;0;0;0;0;0;1754;0;0;0;0;0;0;
25932;4313229;571326464;30019584;537153536;0;0;0;0;0;0;0;0;0;0;0;4409;0;0;0;0;0;0;
25933;4863160;571326464;30019584;537153536;0;0;0;0;0;0;0;0;0;0;0;2304;0;0;0;0;0;0;
25934;3842736;571326464;30019584;537153536;0;0;0;0;0;0;0;0;0;0;0;4118;0;0;0;0;0;0;
25935;4781537;571326464;30019584;537153536;0;0;0;0;0;0;0;0;0;0;0;2064;0;0;0;0;0;0;
25936;3685442;571326464;30019584;537153536;0;0;0;0;0;0;0;0;0;0;0;3397;0;0;0;0;0;0;
25937;4865404;571326464;30019584;537153536;0;0;0;0;0;0;0;0;0;0;0;3186;0;0;0;0;0;0;
25938;4062008;571326464;30019584;537153536;0;0;0;0;0;0;0;0;0;0;0;3286;0;0;0;0;0;0;
25939;4633009;571326464;30019584;537153536;0;0;0;0;0;0;0;0;0;0;0;2014;0;0;0;0;0;0;
25940;3785830;571326464;30019584;537153536;0;0;0;0;0;0;0;0;0;0;0;4388;0;0;0;0;0;0;
25941;5234146;571326464;30019584;537153536;0;0;0;0;0;0;0;0;0;0;0;3336;0;0;0;0;0;0;
25942;3970617;571326464;30019584;537153536;0;0;0;0;0;0;0;0;0;0;0;6102;0;0;0;0;0;0;
25943;5181648;571326464;30019584;537153536;0;0;0;0;0;0;0;0;0;0;0;4248;0;0;0;0;0;0;
25944;3057224;571326464;30019584;537153536;0;0;0;0;0;0;0;0;0;0;0;4929;0;0;0;0;0;0;
25945;5219428;571326464;30019584;537153536;0;0;0;0;0;0;0;0;0;0;0;3978;0;0;0;0;0;0;
25946;3194761;571326464;30019584;537153536;0;0;0;0;0;0;0;0;0;0;0;3838;0;0;0;0;0;0;
25947;5152944;571326464;30019584;537153536;0;0;0;0;0;0;0;0;0;0;0;4208;0;0;0;0;0;0;
25948;3287034;571326464;30019584;537153536;0;0;0;0;0;0;0;0;0;0;0;3747;0;0;0;0;0;0;
25949;5136493;571326464;30019584;537153536;0;0;0;0;0;0;0;0;0;0;0;4699;0;0;0;0;0;0;
25950;3153093;571326464;30019584;537153536;0;0;0;0;0;0;0;0;0;0;0;5881;0;0;0;0;0;0;
25951;4964751;571326464;30019584;537153536;0;0;0;0;0;0;0;0;0;0;0;3737;0;0;0;0;0;0;
25952;3381552;571326464;30019584;537153536;0;0;0;0;0;0;0;0;0;0;0;4839;0;0;0;0;0;0;
25953;5302204;571326464;30019584;537153536;0;0;0;0;0;0;0;0;0;0;0;3988;0;0;0;0;0;0;
25954;3326338;571326464;30019584;537153536;0;0;0;0;0;0;0;0;0;0;0;5190;0;0;0;0;0;0;
25955;4821392;571326464;30019584;537153536;0;0;0;0;0;0;0;0;0;0;0;2274;0;0;0;0;0;0;
25956;3755182;571326464;30019584;537153536;0;0;0;0;0;0;0;0;0;0;0;4359;0;0;0;0;0;0;
25957;5461943;571326464;30019584;537153536;0;0;0;0;0;0;0;0;0;0;0;4428;0;0;0;0;0;0;
25958;3393313;571326464;30019584;537153536;0;0;0;0;0;0;0;0;0;0;0;3446;0;0;0;0;0;0;
25959;5298086;571326464;30019584;537153536;0;0;0;0;0;0;0;0;0;0;0;4188;0;0;0;0;0;0;
25960;3152692;571326464;30027776;537161728;0;0;0;0;0;0;0;0;0;0;0;3437;0;0;0;0;0;0;
25961;5396290;571326464;30027776;537161728;0;0;0;0;0;0;0;0;0;0;0;4598;0;0;0;0;0;0;
25962;3257799;571326464;30027776;537161728;0;0;0;0;0;0;0;0;0;0;0;4358;0;0;0;0;0;0;
25963;5491739;571326464;30027776;537161728;0;0;0;0;0;0;0;0;0;0;0;5470;0;0;0;0;0;0;
25964;3417068;571326464;30027776;537161728;0;0;0;0;0;0;0;0;0;0;0;3787;0;0;0;0;0;0;
25965;4865485;571326464;30027776;537161728;0;0;0;0;0;0;0;0;0;0;0;3797;0;0;0;0;0;0;
25966;3700500;571326464;30019584;537153536;0;0;0;0;0;0;0;0;0;0;0;4127;0;0;0;0;0;0;
25967;4745710;571326464;30019584;537153536;0;0;0;0;0;0;0;0;0;0;0;2195;0;0;0;0;0;0;
25968;4420661;571326464;30019584;537153536;0;0;0;0;0;0;0;0;0;0;0;4508;0;0;0;0;0;0;
25969;5189522;571326464;30019584;537153536;0;0;0;0;0;0;0;0;0;0;0;3877;0;0;0;0;0;0;
25970;3762606;571326464;30019584;537153536;0;0;0;0;0;0;0;0;0;0;0;3918;0;0;0;0;0;0;
25971;5327380;571326464;30019584;537153536;0;0;0;0;0;0;0;0;0;0;0;3396;0;0;0;0;0;0;
25972;3219287;571326464;30019584;537153536;0;0;0;0;0;0;0;0;0;0;0;5531;0;0;0;0;0;0;
25973;5281105;571326464;30019584;537153536;0;0;0;0;0;0;0;0;0;0;0;4669;0;0;0;0;0;0;
25974;3903000;571326464;30019584;537153536;0;0;0;0;0;0;0;0;0;0;0;6071;0;0;0;0;0;0;
25975;5190945;571326464;30019584;537153536;0;0;0;0;0;0;0;0;0;0;0;3496;0;0;0;0;0;0;
25976;3318975;571326464;30019584;537153536;0;0;0;0;0;0;0;0;0;0;0;4318;0;0;0;0;0;0;
25977;5724977;571326464;30019584;537153536;0;0;0;0;0;0;0;0;0;0;0;4308;0;0;0;0;0;0;
25978;3118678;571326464;30019584;537153536;0;0;0;0;0;0;0;0;0;0;0;4969;0;0;0;0;0;0;
25979;5415336;571326464;30019584;537153536;0;0;0;0;0;0;0;0;0;0;0;6332;0;0;0;0;0;0;
25980;3174584;571326464;30019584;537153536;0;0;0;0;0;0;0;0;0;0;0;4298;0;0;0;0;0;0;
25981;5181447;571326464;30019584;537153536;0;0;0;0;0;0;0;0;0;0;0;4398;0;0;0;0;0;0;
25982;3185865;571326464;30019584;537153536;0;0;0;0;0;0;0;0;0;0;0;3697;0;0;0;0;0;0;
25983;5294780;571326464;30019584;537153536;0;0;0;0;0;0;0;0;0;0;0;4128;0;0;0;0;0;0;
25984;2801925;571326464;30019584;537153536;0;0;0;0;0;0;0;0;0;0;0;3427;0;0;0;0;0;0;
25985;5238474;571326464;30019584;537153536;0;0;0;0;0;0;0;0;0;0;0;8425;0;0;0;0;0;0;
25986;2877537;571326464;30019584;537153536;0;0;0;0;0;0;0;0;0;0;0;4889;0;0;0;0;0;0;
25987;4508485;571326464;30019584;537153536;0;0;0;0;0;0;0;0;0;0;0;2755;0;0;0;0;0;0;
25988;3279130;571326464;30019584;537153536;0;0;0;0;0;0;0;0;0;0;0;3837;0;0;0;0;0;0;
25989;4675338;571326464;30019584;537153536;0;0;0;0;0;0;0;0;0;0;0;1994;0;0;0;0;0;0;
25990;4028114;571326464;30019584;537153536;0;0;0;0;0;0;0;0;0;0;0;4919;0;0;0;0;0;0;
25991;4735070;571326464;30019584;537153536;0;0;0;0;0;0;0;0;0;0;0;2935;0;0;0;0;0;0;
25992;3977099;571326464;30019584;537153536;0;0;0;0;0;0;0;0;0;0;0;3637;0;0;0;0;0;0;
25993;5837608;571326464;30019584;537153536;0;0;0;0;0;0;0;0;0;0;0;3827;0;0;0;0;0;0;
25994;3763488;571326464;30019584;537153536;0;0;0;0;0;0;0;0;0;0;0;4679;0;0;0;0;0;0;
25995;5081179;571326464;30019584;537153536;0;0;0;0;0;0;0;0;0;0;0;3116;0;0;0;0;0;0;
25996;2985910;571326464;30019584;537153536;0;0;0;0;0;0;0;0;0;0;0;3446;0;0;0;0;0;0;
25997;5584232;571326464;30019584;537153536;0;0;0;0;0;0;0;0;0;0;0;4979;0;0;0;0;0;0;
25998;2971683;571326464;30019584;537153536;0;0;0;0;0;0;0;0;0;0;0;3577;0;0;0;0;0;0;
25999;5070178;571326464;30019584;537153536;0;0;0;0;0;0;0;0;0;0;0;2925;0;0;0;0;0;0;
26000;3233805;571326464;30019584;537153536;0;0;0;0;0;0;0;0;0;0;0;3907;0;0;0;0;0;0;
26001;4774184;571326464;30019584;537153536;0;0;0;0;0;0;0;0;0;0;0;2555;0;0;0;0;0;0;
26002;3532505;571326464;30019584;537153536;0;0;0;0;0;0;0;0;0;0;0;3997;0;0;0;0;0;0;
26003;5213948;571326464;30019584;537153536;0;0;0;0;0;0;0;0;0;0;0;2585;0;0;0;0;0;0;
26004;3845602;571326464;30019584;537153536;0;0;0;0;0;0;0;0;0;0;0;5009;0;0;0;0;0;0;
26005;5569464;571326464;30019584;537153536;0;0;0;0;0;0;0;0;0;0;0;4067;0;0;0;0;0;0;
26006;4089028;571326464;30019584;537153536;0;0;0;0;0;0;0;0;0;0;0;4989;0;0;0;0;0;0;
26007;5172791;571326464;30019584;537153536;0;0;0;0;0;0;0;0;0;0;0;2525;0;0;0;0;0;0;
26008;4722076;571326464;30019584;537153536;0;0;0;0;0;0;0;0;0;0;0;3627;0;0;0;0;0;0;
26009;5511997;571326464;30019584;537153536;0;0;0;0;0;0;0;0;0;0;0;3386;0;0;0;0;0;0;
26010;4064473;571326464;30019584;537153536;0;0;0;0;0;0;0;0;0;0;0;4879;0;0;0;0;0;0;
26011;5445372;571326464;30019584;537153536;0;0;0;0;0;0;0;0;0;0;0;3487;0;0;0;0;0;0;
26012;3629356;571326464;30019584;537153536;0;0;0;0;0;0;0;0;0;0;0;3517;0;0;0;0;0;0;
26013;5559256;571326464;30019584;537153536;0;0;0;0;0;0;0;0;0;0;0;2966;0;0;0;0;0;0;
26014;6530036;571326464;30019584;537153536;0;0;0;0;0;0;0;0;0;0;0;3797;0;0;0;0;0;0;
26015;5861362;571326464;30019584;537153536;0;0;0;0;0;0;0;0;0;0;0;4739;0;0;0;0;0;0;
26016;4336913;571326464;30019584;537153536;0;0;0;0;0;0;0;0;0;0;0;3216;0;0;0;0;0;0;
26017;5969886;571326464;30019584;537153536;0;0;0;0;0;0;0;0;0;0;0;3607;0;0;0;0;0;0;
26018;3900775;571326464;30019584;537153536;0;0;0;0;0;0;0;0;0;0;0;3767;0;0;0;0;0;0;
26019;5562953;571326464;30019584;537153536;0;0;0;0;0;0;0;0;0;0;0;3727;0;0;0;0;0;0;
26020;3442917;571326464;30019584;537153536;0;0;0;0;0;0;0;0;0;0;0;4108;0;0;0;0;0;0;
26021;5189262;571326464;30019584;537153536;0;0;0;0;0;0;0;0;0;0;0;4298;0;0;0;0;0;0;
26022;2929163;571326464;30019584;537153536;0;0;0;0;0;0;0;0;0;0;0;4008;0;0;0;0;0;0;
26023;5384247;571326464;30019584;537153536;0;0;0;0;0;0;0;0;0;0;0;4438;0;0;0;0;0;0;
26024;3089985;571326464;30019584;537153536;0;0;0;0;0;0;0;0;0;0;0;3206;0;0;0;0;0;0;
26025;4712137;571326464;30019584;537153536;0;0;0;0;0;0;0;0;0;0;0;2535;0;0;0;0;0;0;
26026;3826356;571326464;30019584;537153536;0;0;0;0;0;0;0;0;0;0;0;3086;0;0;0;0;0;0;
26027;5042557;571326464;30019584;537153536;0;0;0;0;0;0;0;0;0;0;0;2004;0;0;0;0;0;0;
26028;3894143;571326464;30019584;537153536;0;0;0;0;0;0;0;0;0;0;0;3637;0;0;0;0;0;0;
26029;4573848;571326464;30019584;537153536;0;0;0;0;0;0;0;0;0;0;0;2225;0;0;0;0;0;0;
26030;4532540;571326464;30019584;537153536;0;0;0;0;0;0;0;0;0;0;0;3787;0;0;0;0;0;0;
26031;4537158;571326464;30019584;537153536;0;0;0;0;0;0;0;0;0;0;0;1954;0;0;0;0;0;0;
26032;3668780;571326464;30019584;537153536;0;0;0;0;0;0;0;0;0;0;0;6182;0;0;0;0;0;0;
26033;4943331;571326464;30019584;537153536;0;0;0;0;0;0;0;0;0;0;0;3287;0;0;0;0;0;0;
26034;3882611;571326464;30019584;537153536;0;0;0;0;0;0;0;0;0;0;0;4038;0;0;0;0;0;0;
26035;5693658;571326464;30019584;537153536;0;0;0;0;0;0;0;0;0;0;0;4688;0;0;0;0;0;0;
26036;3107718;571326464;30019584;537153536;0;0;0;0;0;0;0;0;0;0;0;4939;0;0;0;0;0;0;
26037;5179503;571326464;30019584;537153536;0;0;0;0;0;0;0;0;0;0;0;2906;0;0;0;0;0;0;
26038;3573291;571326464;30019584;537153536;0;0;0;0;0;0;0;0;0;0;0;6592;0;0;0;0;0;0;
26039;4945625;571326464;30019584;537153536;0;0;0;0;0;0;0;0;0;0;0;3636;0;0;0;0;0;0;
26040;3120302;571326464;30019584;537153536;0;0;0;0;0;0;0;0;0;0;0;3637;0;0;0;0;0;0;
26041;4815711;571326464;30019584;537153536;0;0;0;0;0;0;0;0;0;0;0;2535;0;0;0;0;0;0;
26042;12059807;571326464;30019584;537153536;0;0;0;0;0;0;0;0;0;0;0;3256;0;0;0;0;0;0;
26043;5563714;571326464;30019584;537153536;0;0;0;0;0;0;0;0;0;0;0;4960;0;0;0;0;0;0;
26044;2808367;571326464;30019584;537153536;0;0;0;0;0;0;0;0;0;0;0;4388;0;0;0;0;0;0;
26045;4972445;571326464;30019584;537153536;0;0;0;0;0;0;0;0;0;0;0;4588;0;0;0;0;0;0;
26046;3091818;571326464;30019584;537153536;0;0;0;0;0;0;0;0;0;0;0;3908;0;0;0;0;0;0;
26047;4893557;571326464;30019584;537153536;0;0;0;0;0;0;0;0;0;0;0;5470;0;0;0;0;0;0;
26048;3300530;571326464;30019584;537153536;0;0;0;0;0;0;0;0;0;0;0;6242;0;0;0;0;0;0;
26049;5064819;571326464;30019584;537153536;0;0;0;0;0;0;0;0;0;0;0;3807;0;0;0;0;0;0;
26050;3554616;571326464;30019584;537153536;0;0;0;0;0;0;0;0;0;0;0;4769;0;0;0;0;0;0;
26051;5139409;571326464;30019584;537153536;0;0;0;0;0;0;0;0;0;0;0;5099;0;0;0;0;0;0;
26052;3576257;571326464;30019584;537153536;0;0;0;0;0;0;0;0;0;0;0;3787;0;0;0;0;0;0;
26053;4995439;571326464;30019584;537153536;0;0;0;0;0;0;0;0;0;0;0;3256;0;0;0;0;0;0;
26054;3447927;571326464;30019584;537153536;0;0;0;0;0;0;0;0;0;0;0;4919;0;0;0;0;0;0;
26055;5228576;571326464;30019584;537153536;0;0;0;0;0;0;0;0;0;0;0;3667;0;0;0;0;0;0;
26056;2993744;571326464;30019584;537153536;0;0;0;0;0;0;0;0;0;0;0;3106;0;0;0;0;0;0;
26057;5455831;571326464;30019584;537153536;0;0;0;0;0;0;0;0;0;0;0;4167;0;0;0;0;0;0;
26058;2964579;571326464;30019584;537153536;0;0;0;0;0;0;0;0;0;0;0;3517;0;0;0;0;0;0;
26059;4406293;571326464;30019584;537153536;0;0;0;0;0;0;0;0;0;0;0;2505;0;0;0;0;0;0;
26060;4107683;571326464;30019584;537153536;0;0;0;0;0;0;0;0;0;0;0;3507;0;0;0;0;0;0;
26061;5127176;571326464;30019584;537153536;0;0;0;0;0;0;0;0;0;0;0;2795;0;0;0;0;0;0;
26062;4032863;571326464;30019584;537153536;0;0;0;0;0;0;0;0;0;0;0;4038;0;0;0;0;0;0;
26063;5227784;571326464;30019584;537153536;0;0;0;0;0;0;0;0;0;0;0;2615;0;0;0;0;0;0;
26064;4044745;571326464;30019584;537153536;0;0;0;0;0;0;0;0;0;0;0;3396;0;0;0;0;0;0;
26065;5243032;571326464;30019584;537153536;0;0;0;0;0;0;0;0;0;0;0;2585;0;0;0;0;0;0;
26066;3790058;571326464;30019584;537153536;0;0;0;0;0;0;0;0;0;0;0;4538;0;0;0;0;0;0;
26067;4819900;571326464;30019584;537153536;0;0;0;0;0;0;0;0;0;0;0;2275;0;0;0;0;0;0;
26068;3782794;571326464;30019584;537153536;0;0;0;0;0;0;0;0;0;0;0;4048;0;0;0;0;0;0;
26069;5920653;571326464;30019584;537153536;0;0;0;0;0;0;0;0;0;0;0;4158;0;0;0;0;0;0;
26070;4339879;571326464;30019584;537153536;0;0;0;0;0;0;0;0;0;0;0;4719;0;0;0;0;0;0;
26071;5711431;571326464;30019584;537153536;0;0;0;0;0;0;0;0;0;0;0;4038;0;0;0;0;0;0;
26072;3901647;571326464;30019584;537153536;0;0;0;0;0;0;0;0;0;0;0;3918;0;0;0;0;0;0;
26073;5146251;571326464;30019584;537153536;0;0;0;0;0;0;0;0;0;0;0;4328;0;0;0;0;0;0;
26074;3637793;571326464;30019584;537153536;0;0;0;0;0;0;0;0;0;0;0;4368;0;0;0;0;0;0;
26075;5057214;571326464;30019584;537153536;0;0;0;0;0;0;0;0;0;0;0;2956;0;0;0;0;0;0;
26076;4368753;571326464;30019584;537153536;0;0;0;0;0;0;0;0;0;0;0;3446;0;0;0;0;0;0;
26077;5340756;571326464;30019584;537153536;0;0;0;0;0;0;0;0;0;0;0;3416;0;0;0;0;0;0;
26078;3316970;571326464;30019584;537153536;0;0;0;0;0;0;0;0;0;0;0;3908;0;0;0;0;0;0;
26079;5102730;571326464;30019584;537153536;0;0;0;0;0;0;0;0;0;0;0;5099;0;0;0;0;0;0;
26080;3434772;571326464;30019584;537153536;0;0;0;0;0;0;0;0;0;0;0;4138;0;0;0;0;0;0;
26081;5700090;571326464;30019584;537153536;0;0;0;0;0;0;0;0;0;0;0;4018;0;0;0;0;0;0;
26082;3970547;571326464;30019584;537153536;0;0;0;0;0;0;0;0;0;0;0;4508;0;0;0;0;0;0;
26083;5029302;571326464;30019584;537153536;0;0;0;0;0;0;0;0;0;0;0;3025;0;0;0;0;0;0;
26084;3965327;571326464;30019584;537153536;0;0;0;0;0;0;0;0;0;0;0;4909;0;0;0;0;0;0;
26085;5040142;571326464;30019584;537153536;0;0;0;0;0;0;0;0;0;0;0;2685;0;0;0;0;0;0;
26086;4534514;571326464;30019584;537153536;0;0;0;0;0;0;0;0;0;0;0;5350;0;0;0;0;0;0;
26087;4665980;571326464;30019584;537153536;0;0;0;0;0;0;0;0;0;0;0;2635;0;0;0;0;0;0;
26088;4779884;571326464;30019584;537153536;0;0;0;0;0;0;0;0;0;0;0;4448;0;0;0;0;0;0;
26089;4898386;571326464;30019584;537153536;0;0;0;0;0;0;0;0;0;0;0;2565;0;0;0;0;0;0;
26090;3904452;571326464;30019584;537153536;0;0;0;0;0;0;0;0;0;0;0;4949;0;0;0;0;0;0;
26091;4845768;571326464;30019584;537153536;0;0;0;0;0;0;0;0;0;0;0;2244;0;0;0;0;0;0;
26092;3553334;571326464;30019584;537153536;0;0;0;0;0;0;0;0;0;0;0;3506;0;0;0;0;0;0;
26093;5369630;571326464;30019584;537153536;0;0;0;0;0;0;0;0;0;0;0;7113;0;0;0;0;0;0;
26094;3330156;571326464;30019584;537153536;0;0;0;0;0;0;0;0;0;0;0;4589;0;0;0;0;0;0;
26095;4770767;571326464;30019584;537153536;0;0;0;0;0;0;0;0;0;0;0;3707;0;0;0;0;0;0;
26096;3361133;571326464;30019584;537153536;0;0;0;0;0;0;0;0;0;0;0;3247;0;0;0;0;0;0;
26097;5406239;571326464;30019584;537153536;0;0;0;0;0;0;0;0;0;0;0;4829;0;0;0;0;0;0;
26098;3007441;571326464;30019584;537153536;0;0;0;0;0;0;0;0;0;0;0;3036;0;0;0;0;0;0;
26099;4835709;571326464;30019584;537153536;0;0;0;0;0;0;0;0;0;0;0;1933;0;0;0;0;0;0;
26100;4222128;571326464;30019584;537153536;0;0;0;0;0;0;0;0;0;0;0;3997;0;0;0;0;0;0;
26101;4838404;571326464;30019584;537153536;0;0;0;0;0;0;0;0;0;0;0;2635;0;0;0;0;0;0;
26102;4511040;571326464;30019584;537153536;0;0;0;0;0;0;0;0;0;0;0;3727;0;0;0;0;0;0;
26103;5205913;571326464;30019584;537153536;0;0;0;0;0;0;0;0;0;0;0;2285;0;0;0;0;0;0;
26104;3686634;571326464;30019584;537153536;0;0;0;0;0;0;0;0;0;0;0;4158;0;0;0;0;0;0;
26105;5445151;571326464;30019584;537153536;0;0;0;0;0;0;0;0;0;0;0;2795;0;0;0;0;0;0;
26106;4265991;571326464;30019584;537153536;0;0;0;0;0;0;0;0;0;0;0;3246;0;0;0;0;0;0;
26107;5659474;571326464;30019584;537153536;0;0;0;0;0;0;0;0;0;0;0;4008;0;0;0;0;0;0;
26108;4131789;571326464;30019584;537153536;0;0;0;0;0;0;0;0;0;0;0;2886;0;0;0;0;0;0;
26109;5594462;571326464;30019584;537153536;0;0;0;0;0;0;0;0;0;0;0;3537;0;0;0;0;0;0;
26110;3741888;571326464;30019584;537153536;0;0;0;0;0;0;0;0;0;0;0;3587;0;0;0;0;0;0;
26111;5658502;571326464;30019584;537153536;0;0;0;0;0;0;0;0;0;0;0;3516;0;0;0;0;0;0;
26112;3447115;571326464;30019584;537153536;0;0;0;0;0;0;0;0;0;0;0;4909;0;0;0;0;0;0;
26113;5533307;571326464;30019584;537153536;0;0;0;0;0;0;0;0;0;0;0;3827;0;0;0;0;0;0;
26114;3078693;571326464;30019584;537153536;0;0;0;0;0;0;0;0;0;0;0;4860;0;0;0;0;0;0;
26115;6131378;571326464;30019584;537153536;0;0;0;0;0;0;0;0;0;0;0;3657;0;0;0;0;0;0;
26116;3223295;571326464;30019584;537153536;0;0;0;0;0;0;0;0;0;0;0;3166;0;0;0;0;0;0;
26117;5982619;571326464;30019584;537153536;0;0;0;0;0;0;0;0;0;0;0;4949;0;0;0;0;0;0;
26118;3763699;571326464;30019584;537153536;0;0;0;0;0;0;0;0;0;0;0;5280;0;0;0;0;0;0;
26119;5559857;571326464;30019584;537153536;0;0;0;0;0;0;0;0;0;0;0;3487;0;0;0;0;0;0;
26120;3328872;571326464;30019584;537153536;0;0;0;0;0;0;0;0;0;0;0;3667;0;0;0;0;0;0;
26121;5844391;571326464;30019584;537153536;0;0;0;0;0;0;0;0;0;0;0;3707;0;0;0;0;0;0;
26122;3426957;571326464;30019584;537153536;0;0;0;0;0;0;0;0;0;0;0;4709;0;0;0;0;0;0;
26123;5324055;571326464;30019584;537153536;0;0;0;0;0;0;0;0;0;0;0;6893;0;0;0;0;0;0;
26124;3622965;571326464;30019584;537153536;0;0;0;0;0;0;0;0;0;0;0;3546;0;0;0;0;0;0;
26125;5303406;571326464;30019584;537153536;0;0;0;0;0;0;0;0;0;0;0;5500;0;0;0;0;0;0;
26126;3088331;571326464;30019584;537153536;0;0;0;0;0;0;0;0;0;0;0;4027;0;0;0;0;0;0;
26127;5053287;571326464;30019584;537153536;0;0;0;0;0;0;0;0;0;0;0;4418;0;0;0;0;0;0;
26128;2818295;571326464;30019584;537153536;0;0;0;0;0;0;0;0;0;0;0;4107;0;0;0;0;0;0;
26129;4859022;571326464;30019584;537153536;0;0;0;0;0;0;0;0;0;0;0;3236;0;0;0;0;0;0;
26130;3516686;571326464;30019584;537153536;0;0;0;0;0;0;0;0;0;0;0;4128;0;0;0;0;0;0;
26131;4688122;571326464;30019584;537153536;0;0;0;0;0;0;0;0;0;0;0;2444;0;0;0;0;0;0;
26132;3571438;571326464;30019584;537153536;0;0;0;0;0;0;0;0;0;0;0;3317;0;0;0;0;0;0;
26133;5393925;571326464;30019584;537153536;0;0;0;0;0;0;0;0;0;0;0;3496;0;0;0;0;0;0;
26134;3866661;571326464;30019584;537153536;0;0;0;0;0;0;0;0;0;0;0;4078;0;0;0;0;0;0;
26135;5967261;571326464;30019584;537153536;0;0;0;0;0;0;0;0;0;0;0;7194;0;0;0;0;0;0;
26136;2858822;571326464;30019584;537153536;0;0;0;0;0;0;0;0;0;0;0;3276;0;0;0;0;0;0;
26137;5633054;571326464;30019584;537153536;0;0;0;0;0;0;0;0;0;0;0;3947;0;0;0;0;0;0;
26138;3241499;571326464;30019584;537153536;0;0;0;0;0;0;0;0;0;0;0;4819;0;0;0;0;0;0;
26139;5040573;571326464;30019584;537153536;0;0;0;0;0;0;0;0;0;0;0;4107;0;0;0;0;0;0;
26140;2964299;571326464;30019584;537153536;0;0;0;0;0;0;0;0;0;0;0;4438;0;0;0;0;0;0;
26141;5153645;571326464;30019584;537153536;0;0;0;0;0;0;0;0;0;0;0;12654;0;0;0;0;0;0;
26142;3013581;571326464;30019584;537153536;0;0;0;0;0;0;0;0;0;0;0;3577;0;0;0;0;0;0;
26143;4622348;571326464;30019584;537153536;0;0;0;0;0;0;0;0;0;0;0;2324;0;0;0;0;0;0;
26144;3799316;571326464;30019584;537153536;0;0;0;0;0;0;0;0;0;0;0;3396;0;0;0;0;0;0;
26145;4836390;571326464;30019584;537153536;0;0;0;0;0;0;0;0;0;0;0;1874;0;0;0;0;0;0;
26146;3977880;571326464;30019584;537153536;0;0;0;0;0;0;0;0;0;0;0;3577;0;0;0;0;0;0;
26147;4815641;571326464;30019584;537153536;0;0;0;0;0;0;0;0;0;0;0;2234;0;0;0;0;0;0;
26148;5142034;571326464;30019584;537153536;0;0;0;0;0;0;0;0;0;0;0;4128;0;0;0;0;0;0;
26149;4785134;571326464;30019584;537153536;0;0;0;0;0;0;0;0;0;0;0;2555;0;0;0;0;0;0;
26150;4488678;571326464;30019584;537153536;0;0;0;0;0;0;0;0;0;0;0;3837;0;0;0;0;0;0;
26151;5232113;571326464;30019584;537153536;0;0;0;0;0;0;0;0;0;0;0;3787;0;0;0;0;0;0;
26152;3670073;571326464;30019584;537153536;0;0;0;0;0;0;0;0;0;0;0;3166;0;0;0;0;0;0;
26153;6274427;571326464;30019584;537153536;0;0;0;0;0;0;0;0;0;0;0;3567;0;0;0;0;0;0;
26154;4230333;571326464;30019584;537153536;0;0;0;0;0;0;0;0;0;0;0;3777;0;0;0;0;0;0;
26155;5817771;571326464;30019584;537153536;0;0;0;0;0;0;0;0;0;0;0;4789;0;0;0;0;0;0;
26156;4164079;571326464;30019584;537153536;0;0;0;0;0;0;0;0;0;0;0;4708;0;0;0;0;0;0;
26157;5637211;571326464;30019584;537153536;0;0;0;0;0;0;0;0;0;0;0;3216;0;0;0;0;0;0;
26158;4016011;571326464;30019584;537153536;0;0;0;0;0;0;0;0;0;0;0;4207;0;0;0;0;0;0;
26159;5562492;571326464;30019584;537153536;0;0;0;0;0;0;0;0;0;0;0;3958;0;0;0;0;0;0;
26160;3960577;571326464;30019584;537153536;0;0;0;0;0;0;0;0;0;0;0;4188;0;0;0;0;0;0;
26161;5285852;571326464;30019584;537153536;0;0;0;0;0;0;0;0;0;0;0;5550;0;0;0;0;0;0;
26162;3883573;571326464;30019584;537153536;0;0;0;0;0;0;0;0;0;0;0;4097;0;0;0;0;0;0;
26163;5336949;571326464;30019584;537153536;0;0;0;0;0;0;0;0;0;0;0;5280;0;0;0;0;0;0;
26164;3939098;571326464;30019584;537153536;0;0;0;0;0;0;0;0;0;0;0;5250;0;0;0;0;0;0;
26165;5610893;571326464;30019584;537153536;0;0;0;0;0;0;0;0;0;0;0;3536;0;0;0;0;0;0;
26166;3982919;571326464;30019584;537153536;0;0;0;0;0;0;0;0;0;0;0;4178;0;0;0;0;0;0;
26167;5508811;571326464;30019584;537153536;0;0;0;0;0;0;0;0;0;0;0;4107;0;0;0;0;0;0;
26168;4006794;571326464;30019584;537153536;0;0;0;0;0;0;0;0;0;0;0;4128;0;0;0;0;0;0;
26169;5549157;571326464;30019584;537153536;0;0;0;0;0;0;0;0;0;0;0;3427;0;0;0;0;0;0;
26170;3877993;571326464;30019584;537153536;0;0;0;0;0;0;0;0;0;0;0;4419;0;0;0;0;0;0;
26171;5860130;571326464;30019584;537153536;0;0;0;0;0;0;0;0;0;0;0;3938;0;0;0;0;0;0;
26172;3442896;571326464;30019584;537153536;0;0;0;0;0;0;0;0;0;0;0;3577;0;0;0;0;0;0;
26173;5919412;571326464;30019584;537153536;0;0;0;0;0;0;0;0;0;0;0;7654;0;0;0;0;0;0;
26174;3171909;571326464;30019584;537153536;0;0;0;0;0;0;0;0;0;0;0;4538;0;0;0;0;0;0;
26175;5048999;571326464;30019584;537153536;0;0;0;0;0;0;0;0;0;0;0;4107;0;0;0;0;0;0;
26176;3610241;571326464;30019584;537153536;0;0;0;0;0;0;0;0;0;0;0;4137;0;0;0;0;0;0;
26177;5306481;571326464;30019584;537153536;0;0;0;0;0;0;0;0;0;0;0;3287;0;0;0;0;0;0;
26178;3601184;571326464;30019584;537153536;0;0;0;0;0;0;0;0;0;0;0;3266;0;0;0;0;0;0;
26179;5174053;571326464;30019584;537153536;0;0;0;0;0;0;0;0;0;0;0;5891;0;0;0;0;0;0;
26180;2956304;571326464;30019584;537153536;0;0;0;0;0;0;0;0;0;0;0;3898;0;0;0;0;0;0;
26181;5343371;571326464;30019584;537153536;0;0;0;0;0;0;0;0;0;0;0;5070;0;0;0;0;0;0;
26182;3294809;571326464;30019584;537153536;0;0;0;0;0;0;0;0;0;0;0;3637;0;0;0;0;0;0;
26183;4956525;571326464;30019584;537153536;0;0;0;0;0;0;0;0;0;0;0;5230;0;0;0;0;0;0;
26184;2899828;571326464;30019584;537153536;0;0;0;0;0;0;0;0;0;0;0;3577;0;0;0;0;0;0;
26185;5066872;571326464;30019584;537153536;0;0;0;0;0;0;0;0;0;0;0;2595;0;0;0;0;0;0;
26186;3772485;571326464;30019584;537153536;0;0;0;0;0;0;0;0;0;0;0;3957;0;0;0;0;0;0;
26187;5104153;571326464;30019584;537153536;0;0;0;0;0;0;0;0;0;0;0;2514;0;0;0;0;0;0;
26188;3402261;571326464;30019584;537153536;0;0;0;0;0;0;0;0;0;0;0;2545;0;0;0;0;0;0;
26189;4428556;571326464;30019584;537153536;0;0;0;0;0;0;0;0;0;0;0;2144;0;0;0;0;0;0;
26190;3550087;571326464;30019584;537153536;0;0;0;0;0;0;0;0;0;0;0;3697;0;0;0;0;0;0;
26191;5067564;571326464;30019584;537153536;0;0;0;0;0;0;0;0;0;0;0;4930;0;0;0;0;0;0;
26192;3327640;571326464;30019584;537153536;0;0;0;0;0;0;0;0;0;0;0;3837;0;0;0;0;0;0;
26193;5408843;571326464;30019584;537153536;0;0;0;0;0;0;0;0;0;0;0;3357;0;0;0;0;0;0;
26194;3853947;571326464;30019584;537153536;0;0;0;0;0;0;0;0;0;0;0;3346;0;0;0;0;0;0;
26195;5191256;571326464;30019584;537153536;0;0;0;0;0;0;0;0;0;0;0;3467;0;0;0;0;0;0;
26196;4066988;571326464;30019584;537153536;0;0;0;0;0;0;0;0;0;0;0;3988;0;0;0;0;0;0;
26197;5589763;571326464;30019584;537153536;0;0;0;0;0;0;0;0;0;0;0;3927;0;0;0;0;0;0;
26198;4502685;571326464;30019584;537153536;0;0;0;0;0;0;0;0;0;0;0;4068;0;0;0;0;0;0;
26199;5485467;571326464;30019584;537153536;0;0;0;0;0;0;0;0;0;0;0;4539;0;0;0;0;0;0;
26200;3491338;571326464;30019584;537153536;0;0;0;0;0;0;0;0;0;0;0;4488;0;0;0;0;0;0;
26201;5372947;571326464;30019584;537153536;0;0;0;0;0;0;0;0;0;0;0;5581;0;0;0;0;0;0;
26202;3029682;571326464;30019584;537153536;0;0;0;0;0;0;0;0;0;0;0;13085;0;0;0;0;0;0;
26203;5194622;571326464;30019584;537153536;0;0;0;0;0;0;0;0;0;0;0;3577;0;0;0;0;0;0;
26204;3107698;571326464;30019584;537153536;0;0;0;0;0;0;0;0;0;0;0;4339;0;0;0;0;0;0;
26205;4965522;571326464;30019584;537153536;0;0;0;0;0;0;0;0;0;0;0;2846;0;0;0;0;0;0;
26206;3480297;571326464;30019584;537153536;0;0;0;0;0;0;0;0;0;0;0;3587;0;0;0;0;0;0;
26207;4889590;571326464;30019584;537153536;0;0;0;0;0;0;0;0;0;0;0;4538;0;0;0;0;0;0;
26208;3337549;571326464;30019584;537153536;0;0;0;0;0;0;0;0;0;0;0;3967;0;0;0;0;0;0;
26209;5327271;571326464;30019584;537153536;0;0;0;0;0;0;0;0;0;0;0;4638;0;0;0;0;0;0;
26210;2904527;571326464;30019584;537153536;0;0;0;0;0;0;0;0;0;0;0;4087;0;0;0;0;0;0;
26211;5477552;571326464;30019584;537153536;0;0;0;0;0;0;0;0;0;0;0;4268;0;0;0;0;0;0;
26212;2995869;571326464;30019584;537153536;0;0;0;0;0;0;0;0;0;0;0;3527;0;0;0;0;0;0;
26213;4741241;571326464;30019584;537153536;0;0;0;0;0;0;0;0;0;0;0;2865;0;0;0;0;0;0;
26214;3495235;571326464;30019584;537153536;0;0;0;0;0;0;0;0;0;0;0;3867;0;0;0;0;0;0;
26215;4549302;571326464;30019584;537153536;0;0;0;0;0;0;0;0;0;0;0;2415;0;0;0;0;0;0;
26216;3730746;571326464;30019584;537153536;0;0;0;0;0;0;0;0;0;0;0;4809;0;0;0;0;0;0;
26217;5061312;571326464;30019584;537153536;0;0;0;0;0;0;0;0;0;0;0;2525;0;0;0;0;0;0;
26218;3673309;571326464;30019584;537153536;0;0;0;0;0;0;0;0;0;0;0;4418;0;0;0;0;0;0;
26219;5023972;571326464;30019584;537153536;0;0;0;0;0;0;0;0;0;0;0;2485;0;0;0;0;0;0;
26220;3436765;571326464;30019584;537153536;0;0;0;0;0;0;0;0;0;0;0;4799;0;0;0;0;0;0;
26221;6396476;571326464;30019584;537153536;0;0;0;0;0;0;0;0;0;0;0;5029;0;0;0;0;0;0;
26222;3809223;571326464;30019584;537153536;0;0;0;0;0;0;0;0;0;0;0;3647;0;0;0;0;0;0;
26223;5829914;571326464;30019584;537153536;0;0;0;0;0;0;0;0;0;0;0;3296;0;0;0;0;0;0;
26224;3961549;571326464;30019584;537153536;0;0;0;0;0;0;0;0;0;0;0;4028;0;0;0;0;0;0;
26225;5619209;571326464;30019584;537153536;0;0;0;0;0;0;0;0;0;0;0;5420;0;0;0;0;0;0;
