Frame Number;Main Thread;System Used Memory;GC Reserved Memory;Total Reserved Memory;ServerFixedUpdate;TerrainGeneration;PlayerTerrainGenCheck;StructureGeneration;TerrainLogicSystem;GetUpdates;ReevaluatePropagateMarker;PropagateLogicState;PropInputBlocks;PropActiveLogicBlocks;CheckGateState;StatisticsSystem;GhostSimulationSystemGroup;PredictedSimulationSystemGroup;Number of Terrain Areas (Client);Number of Terrain Areas (Server);Number of Players (Client);Number of Players (Server);
1;0;471371776;9527296;397123584;0;0;0;0;0;0;0;0;0;0;0;0;0;0;
2;42626882;476487680;9527296;397123584;0;0;0;0;0;0;0;0;0;0;0;100810;0;0;0;0;0;0;
3;3218075;476487680;9527296;397123584;0;0;0;0;0;0;0;0;0;0;0;2295;0;0;0;0;0;0;
4;1421035;477278208;9527296;397123584;0;0;0;0;0;0;0;0;0;0;0;1202;0;0;0;0;0;0;
5;2344757;486129664;9527296;430678016;0;0;0;0;0;0;0;0;0;0;0;1153;0;0;0;0;0;0;
6;820699;486670336;9527296;430678016;0;0;0;0;0;0;0;0;0;0;0;1954;0;0;0;0;0;0;
7;489498;486670336;9527296;430678016;0;0;0;0;0;0;0;0;0;0;0;1403;0;0;0;0;0;0;
8;491171;486670336;9527296;430678016;0;0;0;0;0;0;0;0;0;0;0;1363;0;0;0;0;0;0;
9;480521;486670336;9527296;430678016;0;0;0;0;0;0;0;0;0;0;0;1342;0;0;0;0;0;0;
10;592000;486670336;9527296;430678016;0;0;0;0;0;0;0;0;0;0;0;1383;0;0;0;0;0;0;
11;514585;486670336;9527296;430678016;0;0;0;0;0;0;0;0;0;0;0;1453;0;0;0;0;0;0;
12;668253;486670336;9527296;430678016;0;0;0;0;0;0;0;0;0;0;0;1362;0;0;0;0;0;0;
13;678433;486670336;9527296;430678016;0;0;0;0;0;0;0;0;0;0;0;1362;0;0;0;0;0;0;
14;486191;486670336;9527296;430678016;0;0;0;0;0;0;0;0;0;0;0;1333;0;0;0;0;0;0;
15;657123;486670336;9527296;430678016;0;0;0;0;0;0;0;0;0;0;0;1363;0;0;0;0;0;0;
16;884649;486670336;9527296;430678016;0;0;0;0;0;0;0;0;0;0;0;1422;0;0;0;0;0;0;
17;507492;486670336;9527296;430678016;0;0;0;0;0;0;0;0;0;0;0;1432;0;0;0;0;0;0;
18;599354;486670336;9527296;430678016;0;0;0;0;0;0;0;0;0;0;0;1513;0;0;0;0;0;0;
19;491212;486670336;9527296;430678016;0;0;0;0;0;0;0;0;0;0;0;1383;0;0;0;0;0;0;
20;553579;487116800;9527296;430678016;0;0;0;0;0;0;0;0;0;0;0;1392;0;0;0;0;0;0;
21;500389;487116800;9527296;430678016;0;0;0;0;0;0;0;0;0;0;0;1393;0;0;0;0;0;0;
22;571241;487497728;9527296;430678016;0;0;0;0;0;0;0;0;0;0;0;1403;0;0;0;0;0;0;
23;496892;487497728;9527296;430678016;0;0;0;0;0;0;0;0;0;0;0;1744;0;0;0;0;0;0;
24;713739;487497728;9527296;430678016;0;0;0;0;0;0;0;0;0;0;0;1423;0;0;0;0;0;0;
25;581621;487497728;9527296;430678016;0;0;0;0;0;0;0;0;0;0;0;1382;0;0;0;0;0;0;
26;541666;487497728;9527296;430678016;0;0;0;0;0;0;0;0;0;0;0;1382;0;0;0;0;0;0;
27;610816;487497728;9527296;430678016;0;0;0;0;0;0;0;0;0;0;0;1293;0;0;0;0;0;0;
28;509665;487497728;9527296;430678016;0;0;0;0;0;0;0;0;0;0;0;1343;0;0;0;0;0;0;
29;490430;487497728;9527296;430678016;0;0;0;0;0;0;0;0;0;0;0;1453;0;0;0;0;0;0;
30;497152;487497728;9527296;430678016;0;0;0;0;0;0;0;0;0;0;0;1473;0;0;0;0;0;0;
31;614292;487497728;9527296;430678016;0;0;0;0;0;0;0;0;0;0;0;1443;0;0;0;0;0;0;
32;504016;489046016;9527296;430678016;0;0;0;0;0;0;0;0;0;0;0;1343;0;0;0;0;0;0;
33;647334;489046016;9527296;430678016;0;0;0;0;0;0;0;0;0;0;0;1382;0;0;0;0;0;0;
34;467106;489046016;9527296;430678016;0;0;0;0;0;0;0;0;0;0;0;1352;0;0;0;0;0;0;
35;497393;489046016;9527296;430678016;0;0;0;0;0;0;0;0;0;0;0;1442;0;0;0;0;0;0;
36;523872;489046016;9527296;430678016;0;0;0;0;0;0;0;0;0;0;0;1503;0;0;0;0;0;0;
37;584086;489046016;9527296;430678016;0;0;0;0;0;0;0;0;0;0;0;1503;0;0;0;0;0;0;
38;540504;489046016;9527296;430678016;0;0;0;0;0;0;0;0;0;0;0;1432;0;0;0;0;0;0;
39;483537;489046016;9527296;430678016;0;0;0;0;0;0;0;0;0;0;0;1412;0;0;0;0;0;0;
40;523883;489046016;9527296;430678016;0;0;0;0;0;0;0;0;0;0;0;1482;0;0;0;0;0;0;
41;510989;489046016;9527296;430678016;0;0;0;0;0;0;0;0;0;0;0;1833;0;0;0;0;0;0;
42;503474;489046016;9527296;430678016;0;0;0;0;0;0;0;0;0;0;0;1422;0;0;0;0;0;0;
43;496281;489316352;9527296;430678016;0;0;0;0;0;0;0;0;0;0;0;1453;0;0;0;0;0;0;
44;520626;489316352;9527296;430678016;0;0;0;0;0;0;0;0;0;0;0;1482;0;0;0;0;0;0;
45;568827;489316352;9527296;430678016;0;0;0;0;0;0;0;0;0;0;0;1462;0;0;0;0;0;0;
46;1668699;489316352;9527296;430678016;0;0;0;0;0;0;0;0;0;0;0;1503;0;0;0;0;0;0;
47;530295;491413504;9527296;447455232;0;0;0;0;0;0;0;0;0;0;0;1462;0;0;0;0;0;0;
48;480391;493510656;9527296;447455232;0;0;0;0;0;0;0;0;0;0;0;1462;0;0;0;0;0;0;
49;499146;493510656;9527296;447455232;0;0;0;0;0;0;0;0;0;0;0;1363;0;0;0;0;0;0;
50;474550;493510656;9527296;447455232;0;0;0;0;0;0;0;0;0;0;0;1383;0;0;0;0;0;0;
51;457899;493510656;9527296;447455232;0;0;0;0;0;0;0;0;0;0;0;1122;0;0;0;0;0;0;
52;3144056;493510656;9527296;447455232;0;0;0;0;0;0;0;0;0;0;0;1262;0;0;0;0;0;0;
53;7000489;494256128;9527296;447455232;0;0;0;0;0;0;0;0;0;0;0;1272;0;0;0;0;0;0;
54;842109;494256128;9527296;447455232;0;0;0;0;0;0;0;0;0;0;0;1773;0;0;0;0;0;0;
55;600667;494256128;9527296;447455232;0;0;0;0;0;0;0;0;0;0;0;1372;0;0;0;0;0;0;
56;599815;494256128;9527296;447455232;0;0;0;0;0;0;0;0;0;0;0;1282;0;0;0;0;0;0;
57;486712;494256128;9527296;447455232;0;0;0;0;0;0;0;0;0;0;0;1302;0;0;0;0;0;0;
58;538340;494256128;9527296;447455232;0;0;0;0;0;0;0;0;0;0;0;1232;0;0;0;0;0;0;
59;626124;494583808;9527296;447455232;0;0;0;0;0;0;0;0;0;0;0;1283;0;0;0;0;0;0;
60;464982;494583808;9527296;447455232;0;0;0;0;0;0;0;0;0;0;0;1232;0;0;0;0;0;0;
61;582613;494583808;9527296;447455232;0;0;0;0;0;0;0;0;0;0;0;1283;0;0;0;0;0;0;
62;582302;494583808;9527296;447455232;0;0;0;0;0;0;0;0;0;0;0;1293;0;0;0;0;0;0;
63;508343;494583808;9527296;447455232;0;0;0;0;0;0;0;0;0;0;0;1283;0;0;0;0;0;0;
64;723486;494583808;9527296;447455232;0;0;0;0;0;0;0;0;0;0;0;1313;0;0;0;0;0;0;
65;535233;494583808;9527296;447455232;0;0;0;0;0;0;0;0;0;0;0;1383;0;0;0;0;0;0;
66;464571;494583808;9527296;447455232;0;0;0;0;0;0;0;0;0;0;0;1412;0;0;0;0;0;0;
67;540053;494583808;9527296;447455232;0;0;0;0;0;0;0;0;0;0;0;1363;0;0;0;0;0;0;
68;502833;494583808;9527296;447455232;0;0;0;0;0;0;0;0;0;0;0;1272;0;0;0;0;0;0;
69;491051;494583808;9527296;447455232;0;0;0;0;0;0;0;0;0;0;0;1343;0;0;0;0;0;0;
70;495780;494583808;9527296;447455232;0;0;0;0;0;0;0;0;0;0;0;1282;0;0;0;0;0;0;
71;555352;494583808;9527296;447455232;0;0;0;0;0;0;0;0;0;0;0;1283;0;0;0;0;0;0;
72;547847;494583808;9527296;447455232;0;0;0;0;0;0;0;0;0;0;0;1262;0;0;0;0;0;0;
73;792245;494583808;9527296;447455232;0;0;0;0;0;0;0;0;0;0;0;1393;0;0;0;0;0;0;
74;691296;494583808;9527296;447455232;0;0;0;0;0;0;0;0;0;0;0;1783;0;0;0;0;0;0;
75;665749;494583808;9527296;447455232;0;0;0;0;0;0;0;0;0;0;0;1643;0;0;0;0;0;0;
76;680536;494854144;9527296;447455232;0;0;0;0;0;0;0;0;0;0;0;1613;0;0;0;0;0;0;
77;663204;494854144;9527296;447455232;0;0;0;0;0;0;0;0;0;0;0;1643;0;0;0;0;0;0;
78;721623;494854144;9527296;447455232;0;0;0;0;0;0;0;0;0;0;0;1603;0;0;0;0;0;0;
79;652584;494854144;9527296;447455232;0;0;0;0;0;0;0;0;0;0;0;1483;0;0;0;0;0;0;
80;751509;494854144;9527296;447455232;0;0;0;0;0;0;0;0;0;0;0;1633;0;0;0;0;0;0;
81;676268;494854144;9527296;447455232;0;0;0;0;0;0;0;0;0;0;0;1603;0;0;0;0;0;0;
82;577213;494854144;9527296;447455232;0;0;0;0;0;0;0;0;0;0;0;1623;0;0;0;0;0;0;
83;716835;494854144;9527296;447455232;0;0;0;0;0;0;0;0;0;0;0;1653;0;0;0;0;0;0;
84;791414;494854144;9527296;447455232;0;0;0;0;0;0;0;0;0;0;0;1683;0;0;0;0;0;0;
85;970961;494854144;9527296;447455232;0;0;0;0;0;0;0;0;0;0;0;1713;0;0;0;0;0;0;
86;730159;494854144;9527296;447455232;0;0;0;0;0;0;0;0;0;0;0;1673;0;0;0;0;0;0;
87;669716;494854144;9527296;447455232;0;0;0;0;0;0;0;0;0;0;0;1623;0;0;0;0;0;0;
88;681959;494854144;9527296;447455232;0;0;0;0;0;0;0;0;0;0;0;1593;0;0;0;0;0;0;
89;593864;494854144;9527296;447455232;0;0;0;0;0;0;0;0;0;0;0;1323;0;0;0;0;0;0;
90;490049;494854144;9527296;447455232;0;0;0;0;0;0;0;0;0;0;0;1262;0;0;0;0;0;0;
91;635802;495124480;9527296;447455232;0;0;0;0;0;0;0;0;0;0;0;1302;0;0;0;0;0;0;
92;550362;495124480;9527296;447455232;0;0;0;0;0;0;0;0;0;0;0;1263;0;0;0;0;0;0;
93;677822;495124480;9527296;447455232;0;0;0;0;0;0;0;0;0;0;0;1343;0;0;0;0;0;0;
94;618149;495124480;9527296;447455232;0;0;0;0;0;0;0;0;0;0;0;1273;0;0;0;0;0;0;
95;674515;495124480;9527296;447455232;0;0;0;0;0;0;0;0;0;0;0;1292;0;0;0;0;0;0;
96;580238;495124480;9527296;447455232;0;0;0;0;0;0;0;0;0;0;0;1332;0;0;0;0;0;0;
97;541255;495124480;9527296;447455232;0;0;0;0;0;0;0;0;0;0;0;1323;0;0;0;0;0;0;
98;647314;495124480;9527296;447455232;0;0;0;0;0;0;0;0;0;0;0;1322;0;0;0;0;0;0;
99;649338;495124480;9527296;447455232;0;0;0;0;0;0;0;0;0;0;0;1282;0;0;0;0;0;0;
100;903885;495124480;9527296;447455232;0;0;0;0;0;0;0;0;0;0;0;1292;0;0;0;0;0;0;
101;922029;495124480;9527296;447455232;0;0;0;0;0;0;0;0;0;0;0;1333;0;0;0;0;0;0;
102;679254;495124480;9527296;447455232;0;0;0;0;0;0;0;0;0;0;0;1313;0;0;0;0;0;0;
103;587251;495394816;9527296;447455232;0;0;0;0;0;0;0;0;0;0;0;1322;0;0;0;0;0;0;
104;797366;495394816;9527296;447455232;0;0;0;0;0;0;0;0;0;0;0;1242;0;0;0;0;0;0;
105;747873;495394816;9527296;447455232;0;0;0;0;0;0;0;0;0;0;0;1303;0;0;0;0;0;0;
106;556714;495394816;9527296;447455232;0;0;0;0;0;0;0;0;0;0;0;1302;0;0;0;0;0;0;
107;519163;495394816;9527296;447455232;0;0;0;0;0;0;0;0;0;0;0;1312;0;0;0;0;0;0;
108;700073;495394816;9527296;447455232;0;0;0;0;0;0;0;0;0;0;0;1342;0;0;0;0;0;0;
109;530214;495394816;9527296;447455232;0;0;0;0;0;0;0;0;0;0;0;1303;0;0;0;0;0;0;
110;701686;495665152;9527296;447455232;0;0;0;0;0;0;0;0;0;0;0;1323;0;0;0;0;0;0;
111;1278267;499859456;9527296;464232448;0;0;0;0;0;0;0;0;0;0;0;1482;0;0;0;0;0;0;
112;577433;499859456;9527296;464232448;0;0;0;0;0;0;0;0;0;0;0;1332;0;0;0;0;0;0;
113;464251;499859456;9527296;464232448;0;0;0;0;0;0;0;0;0;0;0;1302;0;0;0;0;0;0;
114;535725;499859456;9527296;464232448;0;0;0;0;0;0;0;0;0;0;0;1343;0;0;0;0;0;0;
115;681939;499859456;9527296;464232448;0;0;0;0;0;0;0;0;0;0;0;1302;0;0;0;0;0;0;
116;462458;500121600;9527296;464232448;0;0;0;0;0;0;0;0;0;0;0;1252;0;0;0;0;0;0;
117;738184;500121600;9527296;464232448;0;0;0;0;0;0;0;0;0;0;0;1283;0;0;0;0;0;0;
118;625954;500121600;9527296;464232448;0;0;0;0;0;0;0;0;0;0;0;1282;0;0;0;0;0;0;
119;567084;500121600;9527296;464232448;0;0;0;0;0;0;0;0;0;0;0;1292;0;0;0;0;0;0;
120;657022;500121600;9527296;464232448;0;0;0;0;0;0;0;0;0;0;0;1343;0;0;0;0;0;0;
121;538079;500121600;9527296;464232448;0;0;0;0;0;0;0;0;0;0;0;1383;0;0;0;0;0;0;
122;583565;500121600;9527296;464232448;0;0;0;0;0;0;0;0;0;0;0;1283;0;0;0;0;0;0;
123;501992;500391936;9527296;464232448;0;0;0;0;0;0;0;0;0;0;0;1283;0;0;0;0;0;0;
124;474039;500391936;9527296;464232448;0;0;0;0;0;0;0;0;0;0;0;1252;0;0;0;0;0;0;
125;517811;500391936;9527296;464232448;0;0;0;0;0;0;0;0;0;0;0;1303;0;0;0;0;0;0;
126;599775;500391936;9527296;464232448;0;0;0;0;0;0;0;0;0;0;0;1272;0;0;0;0;0;0;
127;542387;500391936;9527296;464232448;0;0;0;0;0;0;0;0;0;0;0;1263;0;0;0;0;0;0;
128;539422;500391936;9527296;464232448;0;0;0;0;0;0;0;0;0;0;0;1303;0;0;0;0;0;0;
129;677972;500391936;9527296;464232448;0;0;0;0;0;0;0;0;0;0;0;1363;0;0;0;0;0;0;
130;476163;500391936;9527296;464232448;0;0;0;0;0;0;0;0;0;0;0;1323;0;0;0;0;0;0;
131;644689;500391936;9527296;464232448;0;0;0;0;0;0;0;0;0;0;0;1122;0;0;0;0;0;0;
132;1712051;500391936;9527296;464232448;0;0;0;0;0;0;0;0;0;0;0;1303;0;0;0;0;0;0;
133;717175;500391936;9527296;464232448;0;0;0;0;0;0;0;0;0;0;0;1373;0;0;0;0;0;0;
134;674645;500391936;9527296;464232448;0;0;0;0;0;0;0;0;0;0;0;1503;0;0;0;0;0;0;
135;475331;500391936;9527296;464232448;0;0;0;0;0;0;0;0;0;0;0;1413;0;0;0;0;0;0;
136;572544;500391936;9527296;464232448;0;0;0;0;0;0;0;0;0;0;0;1322;0;0;0;0;0;0;
137;629801;500391936;9527296;464232448;0;0;0;0;0;0;0;0;0;0;0;1383;0;0;0;0;0;0;
138;567775;500391936;9527296;464232448;0;0;0;0;0;0;0;0;0;0;0;1352;0;0;0;0;0;0;
139;495319;500391936;9527296;464232448;0;0;0;0;0;0;0;0;0;0;0;1372;0;0;0;0;0;0;
140;516759;500391936;9527296;464232448;0;0;0;0;0;0;0;0;0;0;0;1323;0;0;0;0;0;0;
141;606617;500391936;9527296;464232448;0;0;0;0;0;0;0;0;0;0;0;1303;0;0;0;0;0;0;
142;521138;500391936;9527296;464232448;0;0;0;0;0;0;0;0;0;0;0;1252;0;0;0;0;0;0;
143;971122;500658176;9527296;464232448;0;0;0;0;0;0;0;0;0;0;0;1422;0;0;0;0;0;0;
144;564609;500658176;9527296;464232448;0;0;0;0;0;0;0;0;0;0;0;1322;0;0;0;0;0;0;
145;454202;500658176;9527296;464232448;0;0;0;0;0;0;0;0;0;0;0;1352;0;0;0;0;0;0;
146;584286;500658176;9527296;464232448;0;0;0;0;0;0;0;0;0;0;0;1323;0;0;0;0;0;0;
147;513263;500658176;9527296;464232448;0;0;0;0;0;0;0;0;0;0;0;1292;0;0;0;0;0;0;
148;553649;500658176;9527296;464232448;0;0;0;0;0;0;0;0;0;0;0;1232;0;0;0;0;0;0;
149;657914;500658176;9527296;464232448;0;0;0;0;0;0;0;0;0;0;0;1312;0;0;0;0;0;0;
150;548649;500658176;9527296;464232448;0;0;0;0;0;0;0;0;0;0;0;1282;0;0;0;0;0;0;
151;693992;500658176;9527296;464232448;0;0;0;0;0;0;0;0;0;0;0;1132;0;0;0;0;0;0;
152;687980;500658176;9527296;464232448;0;0;0;0;0;0;0;0;0;0;0;1312;0;0;0;0;0;0;
153;598071;500658176;9527296;464232448;0;0;0;0;0;0;0;0;0;0;0;1292;0;0;0;0;0;0;
154;506720;500658176;9527296;464232448;0;0;0;0;0;0;0;0;0;0;0;1292;0;0;0;0;0;0;
155;686898;500658176;9527296;464232448;0;0;0;0;0;0;0;0;0;0;0;1282;0;0;0;0;0;0;
156;638938;500658176;9527296;464232448;0;0;0;0;0;0;0;0;0;0;0;1282;0;0;0;0;0;0;
157;565901;500658176;9527296;464232448;0;0;0;0;0;0;0;0;0;0;0;1322;0;0;0;0;0;0;
158;562896;500658176;9527296;464232448;0;0;0;0;0;0;0;0;0;0;0;1282;0;0;0;0;0;0;
159;539461;500658176;9527296;464232448;0;0;0;0;0;0;0;0;0;0;0;1422;0;0;0;0;0;0;
160;559429;500658176;9527296;464232448;0;0;0;0;0;0;0;0;0;0;0;1302;0;0;0;0;0;0;
161;578525;500658176;9527296;464232448;0;0;0;0;0;0;0;0;0;0;0;1343;0;0;0;0;0;0;
162;597942;500658176;9527296;464232448;0;0;0;0;0;0;0;0;0;0;0;1252;0;0;0;0;0;0;
163;555572;500658176;9527296;464232448;0;0;0;0;0;0;0;0;0;0;0;1292;0;0;0;0;0;0;
164;526928;500658176;9527296;464232448;0;0;0;0;0;0;0;0;0;0;0;1302;0;0;0;0;0;0;
165;2568246;501194752;9527296;464232448;0;0;0;0;0;0;0;0;0;0;0;2265;0;0;0;0;44;0;
166;749345;501194752;9527296;464232448;0;0;0;0;0;0;0;0;0;0;0;1383;0;0;0;0;44;0;
167;630021;501194752;9527296;464232448;0;0;0;0;0;0;0;0;0;0;0;1583;0;0;0;0;44;0;
168;687709;501194752;9527296;464232448;0;0;0;0;0;0;0;0;0;0;0;1463;0;0;0;0;44;0;
169;719138;501194752;9527296;464232448;0;0;0;0;0;0;0;0;0;0;0;1352;0;0;0;0;44;0;
170;642805;501194752;9527296;464232448;0;0;0;0;0;0;0;0;0;0;0;1413;0;0;0;0;44;0;
171;635542;501194752;9527296;464232448;0;0;0;0;0;0;0;0;0;0;0;1392;0;0;0;0;44;0;
172;681068;501194752;9527296;464232448;0;0;0;0;0;0;0;0;0;0;0;1522;0;0;0;0;44;0;
173;645591;501194752;9527296;464232448;0;0;0;0;0;0;0;0;0;0;0;1373;0;0;0;0;44;0;
174;688511;501194752;9527296;464232448;0;0;0;0;0;0;0;0;0;0;0;1363;0;0;0;0;44;0;
175;684022;501194752;9527296;464232448;0;0;0;0;0;0;0;0;0;0;0;1393;0;0;0;0;44;0;
176;902161;501194752;9527296;464232448;0;0;0;0;0;0;0;0;0;0;0;1412;0;0;0;0;44;0;
177;694954;501194752;9527296;464232448;0;0;0;0;0;0;0;0;0;0;0;1402;0;0;0;0;44;0;
178;706305;501194752;9527296;464232448;0;0;0;0;0;0;0;0;0;0;0;1432;0;0;0;0;44;0;
179;630783;501194752;9527296;464232448;0;0;0;0;0;0;0;0;0;0;0;1372;0;0;0;0;44;0;
180;732905;501194752;9527296;464232448;0;0;0;0;0;0;0;0;0;0;0;1432;0;0;0;0;44;0;
181;727134;501465088;9527296;464232448;0;0;0;0;0;0;0;0;0;0;0;1373;0;0;0;0;44;0;
182;626164;501465088;9527296;464232448;0;0;0;0;0;0;0;0;0;0;0;1383;0;0;0;0;44;0;
183;587011;501465088;9527296;464232448;0;0;0;0;0;0;0;0;0;0;0;1312;0;0;0;0;44;0;
184;573976;501465088;9527296;464232448;0;0;0;0;0;0;0;0;0;0;0;1323;0;0;0;0;44;0;
185;638808;501465088;9527296;464232448;0;0;0;0;0;0;0;0;0;0;0;1392;0;0;0;0;44;0;
186;587521;501465088;9527296;464232448;0;0;0;0;0;0;0;0;0;0;0;1323;0;0;0;0;44;0;
187;728697;501465088;9527296;464232448;0;0;0;0;0;0;0;0;0;0;0;1483;0;0;0;0;44;0;
188;1878423;503627776;9527296;464232448;0;0;0;0;0;0;0;0;0;0;0;2024;0;0;0;0;71;0;
189;832692;503627776;9527296;464232448;0;0;0;0;0;0;0;0;0;0;0;1443;0;0;0;0;71;0;
190;1140488;503627776;9527296;464232448;0;0;0;0;0;0;0;0;0;0;0;1353;0;0;0;0;71;0;
191;742923;503627776;9527296;464232448;0;0;0;0;0;0;0;0;0;0;0;1403;0;0;0;0;71;0;
192;897493;503627776;9527296;464232448;0;0;0;0;0;0;0;0;0;0;0;1353;0;0;0;0;71;0;
193;946605;503627776;9527296;464232448;0;0;0;0;0;0;0;0;0;0;0;1412;0;0;0;0;71;0;
194;714410;503627776;9527296;464232448;0;0;0;0;0;0;0;0;0;0;0;1443;0;0;0;0;71;0;
195;783951;503627776;9527296;464232448;0;0;0;0;0;0;0;0;0;0;0;1513;0;0;0;0;71;0;
196;674134;503627776;9527296;464232448;0;0;0;0;0;0;0;0;0;0;0;1312;0;0;0;0;71;0;
197;843522;503627776;9527296;464232448;0;0;0;0;0;0;0;0;0;0;0;1482;0;0;0;0;71;0;
198;712967;503627776;9527296;464232448;0;0;0;0;0;0;0;0;0;0;0;1422;0;0;0;0;71;0;
199;883106;503627776;9527296;464232448;0;0;0;0;0;0;0;0;0;0;0;1403;0;0;0;0;71;0;
200;732063;503627776;9527296;464232448;0;0;0;0;0;0;0;0;0;0;0;1403;0;0;0;0;71;0;
201;735610;503627776;9527296;464232448;0;0;0;0;0;0;0;0;0;0;0;1453;0;0;0;0;71;0;
202;665298;503627776;9527296;464232448;0;0;0;0;0;0;0;0;0;0;0;1372;0;0;0;0;71;0;
203;682110;503627776;9527296;464232448;0;0;0;0;0;0;0;0;0;0;0;1403;0;0;0;0;71;0;
204;857017;503627776;9527296;464232448;0;0;0;0;0;0;0;0;0;0;0;1403;0;0;0;0;71;0;
205;670508;503627776;9527296;464232448;0;0;0;0;0;0;0;0;0;0;0;1363;0;0;0;0;71;0;
206;503013;503627776;9527296;464232448;0;0;0;0;0;0;0;0;0;0;0;1413;0;0;0;0;71;0;
207;632526;503627776;9527296;464232448;0;0;0;0;0;0;0;0;0;0;0;1403;0;0;0;0;71;0;
208;504326;503627776;9527296;464232448;0;0;0;0;0;0;0;0;0;0;0;1362;0;0;0;0;71;0;
209;667511;503627776;9527296;464232448;0;0;0;0;0;0;0;0;0;0;0;1423;0;0;0;0;71;0;
210;596359;503627776;9527296;464232448;0;0;0;0;0;0;0;0;0;0;0;1362;0;0;0;0;71;0;
211;739567;503627776;9527296;464232448;0;0;0;0;0;0;0;0;0;0;0;1533;0;0;0;0;71;0;
212;1758978;503627776;9527296;464232448;0;0;0;0;0;0;0;0;0;0;0;1894;0;0;0;0;71;0;
213;675436;503627776;9527296;464232448;0;0;0;0;0;0;0;0;0;0;0;1463;0;0;0;0;71;0;
214;739307;503627776;9527296;464232448;0;0;0;0;0;0;0;0;0;0;0;1492;0;0;0;0;71;0;
215;624371;503627776;9527296;464232448;0;0;0;0;0;0;0;0;0;0;0;1513;0;0;0;0;71;0;
216;665999;503627776;9527296;464232448;0;0;0;0;0;0;0;0;0;0;0;1402;0;0;0;0;71;0;
217;783499;503627776;9527296;464232448;0;0;0;0;0;0;0;0;0;0;0;1453;0;0;0;0;71;0;
218;899958;503627776;9527296;464232448;0;0;0;0;0;0;0;0;0;0;0;1423;0;0;0;0;71;0;
219;737002;503627776;9527296;464232448;0;0;0;0;0;0;0;0;0;0;0;1503;0;0;0;0;71;0;
220;563056;503627776;9527296;464232448;0;0;0;0;0;0;0;0;0;0;0;1453;0;0;0;0;71;0;
221;896802;503627776;9527296;464232448;0;0;0;0;0;0;0;0;0;0;0;1392;0;0;0;0;71;0;
222;703028;503627776;9527296;464232448;0;0;0;0;0;0;0;0;0;0;0;1422;0;0;0;0;71;0;
223;750367;503627776;9527296;464232448;0;0;0;0;0;0;0;0;0;0;0;1503;0;0;0;0;71;0;
224;724849;503627776;9527296;464232448;0;0;0;0;0;0;0;0;0;0;0;1502;0;0;0;0;71;0;
225;708809;503627776;9527296;464232448;0;0;0;0;0;0;0;0;0;0;0;1432;0;0;0;0;71;0;
226;727094;503627776;9527296;464232448;0;0;0;0;0;0;0;0;0;0;0;1493;0;0;0;0;71;0;
227;734427;503627776;9527296;464232448;0;0;0;0;0;0;0;0;0;0;0;1422;0;0;0;0;71;0;
228;734958;503627776;9527296;464232448;0;0;0;0;0;0;0;0;0;0;0;1553;0;0;0;0;71;0;
229;1967670;503627776;9527296;464232448;0;0;0;0;0;0;0;0;0;0;0;2004;0;0;0;0;71;0;
230;756148;503627776;9527296;464232448;0;0;0;0;0;0;0;0;0;0;0;1443;0;0;0;0;71;0;
231;756088;503627776;9527296;464232448;0;0;0;0;0;0;0;0;0;0;0;1383;0;0;0;0;71;0;
232;1113208;503627776;9527296;464232448;0;0;0;0;0;0;0;0;0;0;0;1493;0;0;0;0;71;0;
233;781355;503627776;9527296;464232448;0;0;0;0;0;0;0;0;0;0;0;1403;0;0;0;0;71;0;
234;516629;503894016;9527296;464232448;0;0;0;0;0;0;0;0;0;0;0;1423;0;0;0;0;71;0;
235;1256706;503894016;9527296;464232448;0;0;0;0;0;0;0;0;0;0;0;1432;0;0;0;0;71;0;
236;773561;503894016;9527296;464232448;0;0;0;0;0;0;0;0;0;0;0;1442;0;0;0;0;71;0;
237;712917;503894016;9527296;464232448;0;0;0;0;0;0;0;0;0;0;0;1372;0;0;0;0;71;0;
238;496762;503894016;9527296;464232448;0;0;0;0;0;0;0;0;0;0;0;1393;0;0;0;0;71;0;
239;904436;503894016;9527296;464232448;0;0;0;0;0;0;0;0;0;0;0;1513;0;0;0;0;71;0;
240;495379;503894016;9527296;464232448;0;0;0;0;0;0;0;0;0;0;0;1383;0;0;0;0;71;0;
241;707668;503894016;9527296;464232448;0;0;0;0;0;0;0;0;0;0;0;1392;0;0;0;0;71;0;
242;814097;503894016;9527296;464232448;0;0;0;0;0;0;0;0;0;0;0;1593;0;0;0;0;71;0;
243;2595157;503894016;9527296;464232448;0;0;0;0;0;0;0;0;0;0;0;1393;0;0;0;0;71;0;
244;602190;503894016;9527296;464232448;0;0;0;0;0;0;0;0;0;0;0;1423;0;0;0;0;71;0;
245;793177;503894016;9527296;464232448;0;0;0;0;0;0;0;0;0;0;0;1313;0;0;0;0;71;0;
246;984236;503894016;9527296;464232448;0;0;0;0;0;0;0;0;0;0;0;1653;0;0;0;0;71;0;
247;789070;503894016;9527296;464232448;0;0;0;0;0;0;0;0;0;0;0;1412;0;0;0;0;71;0;
248;2488987;503894016;9527296;464232448;0;0;0;0;0;0;0;0;0;0;0;1563;0;0;0;0;71;0;
249;2492614;510185472;9527296;481009664;0;0;0;0;0;0;0;0;0;0;0;2224;0;0;1;0;71;0;
250;884148;510185472;9527296;481009664;0;0;0;0;0;0;0;0;0;0;0;1493;0;0;1;0;71;0;
251;1380840;510185472;9527296;481009664;0;0;0;0;0;0;0;0;0;0;0;1262;0;0;1;0;71;0;
252;587842;510185472;9527296;481009664;0;0;0;0;0;0;0;0;0;0;0;1453;0;0;1;0;71;0;
253;848992;510185472;9527296;481009664;0;0;0;0;0;0;0;0;0;0;0;1523;0;0;1;0;71;0;
254;755937;510185472;9527296;481009664;0;0;0;0;0;0;0;0;0;0;0;1472;0;0;1;0;71;0;
255;1900785;510185472;9527296;481009664;0;0;0;0;0;0;0;0;0;0;0;1493;0;0;1;0;71;0;
256;808036;510185472;9527296;481009664;0;0;0;0;0;0;0;0;0;0;0;1283;0;0;1;0;71;0;
257;896161;510185472;9527296;481009664;0;0;0;0;0;0;0;0;0;0;0;1273;0;0;1;0;71;0;
258;950393;510185472;9527296;481009664;0;0;0;0;0;0;0;0;0;0;0;1523;0;0;1;0;71;0;
259;652624;510185472;9527296;481009664;0;0;0;0;0;0;0;0;0;0;0;1322;0;0;1;0;71;0;
260;1100604;510185472;9527296;481009664;0;0;0;0;0;0;0;0;0;0;0;1343;0;0;1;0;71;0;
261;776977;510554112;9527296;481009664;0;0;0;0;0;0;0;0;0;0;0;1342;0;0;1;0;71;0;
262;754795;510554112;9527296;481009664;0;0;0;0;0;0;0;0;0;0;0;1472;0;0;1;0;71;0;
263;825929;510554112;9527296;481009664;0;0;0;0;0;0;0;0;0;0;0;1322;0;0;1;0;71;0;
264;896781;510554112;9527296;481009664;0;0;0;0;0;0;0;0;0;0;0;1312;0;0;1;0;71;0;
265;2093456;514805760;9527296;481009664;0;0;0;0;0;0;0;0;0;0;0;1513;0;0;2;0;71;0;
266;711023;514805760;9527296;481009664;0;0;0;0;0;0;0;0;0;0;0;1302;0;0;2;0;71;0;
267;593393;514805760;9527296;481009664;0;0;0;0;0;0;0;0;0;0;0;1293;0;0;2;0;71;0;
268;1156739;515067904;9527296;481009664;0;0;0;0;0;0;0;0;0;0;0;1533;0;0;2;0;71;0;
269;717395;515067904;9527296;481009664;0;0;0;0;0;0;0;0;0;0;0;1352;0;0;2;0;71;0;
270;842420;515067904;9527296;481009664;0;0;0;0;0;0;0;0;0;0;0;1303;0;0;2;0;71;0;
271;744807;515067904;9527296;481009664;0;0;0;0;0;0;0;0;0;0;0;1483;0;0;2;0;71;0;
272;961233;515067904;9527296;481009664;0;0;0;0;0;0;0;0;0;0;0;1423;0;0;2;0;71;0;
273;2078919;515067904;9527296;481009664;0;0;0;0;0;0;0;0;0;0;0;1293;0;0;2;0;71;0;
274;1388263;515067904;9527296;481009664;0;0;0;0;0;0;0;0;0;0;0;3246;0;0;2;0;71;0;
275;1189961;515067904;9527296;481009664;0;0;0;0;0;0;0;0;0;0;0;1653;0;0;2;0;71;0;
276;919825;515067904;9527296;481009664;0;0;0;0;0;0;0;0;0;0;0;1443;0;0;2;0;71;0;
277;1338269;515067904;9527296;481009664;0;0;0;0;0;0;0;0;0;0;0;1393;0;0;2;0;71;0;
278;1325656;515067904;9527296;481009664;0;0;0;0;0;0;0;0;0;0;0;1442;0;0;2;0;71;0;
279;1024602;515067904;9527296;481009664;0;0;0;0;0;0;0;0;0;0;0;1403;0;0;2;0;71;0;
280;1528386;515067904;9527296;481009664;0;0;0;0;0;0;0;0;0;0;0;1373;0;0;2;0;71;0;
281;1288596;515067904;9527296;481009664;0;0;0;0;0;0;0;0;0;0;0;1773;0;0;2;0;71;0;
282;733185;515067904;9527296;481009664;0;0;0;0;0;0;0;0;0;0;0;1313;0;0;2;0;71;0;
283;926387;515067904;9527296;481009664;0;0;0;0;0;0;0;0;0;0;0;1423;0;0;2;0;71;0;
284;707628;515067904;9527296;481009664;0;0;0;0;0;0;0;0;0;0;0;1443;0;0;2;0;71;0;
285;1037055;515067904;9527296;481009664;0;0;0;0;0;0;0;0;0;0;0;1482;0;0;2;0;71;0;
286;800211;515067904;9527296;481009664;0;0;0;0;0;0;0;0;0;0;0;1463;0;0;2;0;71;0;
287;819156;515067904;9527296;481009664;0;0;0;0;0;0;0;0;0;0;0;1453;0;0;2;0;71;0;
288;1131793;515067904;9527296;481009664;0;0;0;0;0;0;0;0;0;0;0;1252;0;0;2;0;71;0;
289;1428328;515067904;9527296;481009664;0;0;0;0;0;0;0;0;0;0;0;1513;0;0;2;0;71;0;
290;1174894;515067904;9527296;481009664;0;0;0;0;0;0;0;0;0;0;0;1483;0;0;2;0;71;0;
291;765535;515067904;9527296;481009664;0;0;0;0;0;0;0;0;0;0;0;1593;0;0;2;0;71;0;
292;780283;515067904;9527296;481009664;0;0;0;0;0;0;0;0;0;0;0;1442;0;0;2;0;71;0;
293;729619;515067904;9527296;481009664;0;0;0;0;0;0;0;0;0;0;0;1332;0;0;2;0;71;0;
294;1237060;515067904;9527296;481009664;0;0;0;0;0;0;0;0;0;0;0;1333;0;0;2;0;71;0;
295;674706;515067904;9527296;481009664;0;0;0;0;0;0;0;0;0;0;0;1282;0;0;2;0;71;0;
296;988404;515067904;9527296;481009664;0;0;0;0;0;0;0;0;0;0;0;1453;0;0;2;0;71;0;
297;1638012;515067904;9527296;481009664;0;0;0;0;0;0;0;0;0;0;0;1332;0;0;2;0;71;0;
298;796895;515067904;9527296;481009664;0;0;0;0;0;0;0;0;0;0;0;1393;0;0;2;0;71;0;
299;1055229;515067904;9527296;481009664;0;0;0;0;0;0;0;0;0;0;0;1563;0;0;2;0;71;0;
300;653425;515067904;9527296;481009664;0;0;0;0;0;0;0;0;0;0;0;1412;0;0;2;0;71;0;
301;825719;515067904;9527296;481009664;0;0;0;0;0;0;0;0;0;0;0;1312;0;0;2;0;71;0;
302;1085876;515067904;9527296;481009664;0;0;0;0;0;0;0;0;0;0;0;1473;0;0;2;0;71;0;
303;1340223;515067904;9527296;481009664;0;0;0;0;0;0;0;0;0;0;0;1412;0;0;2;0;71;0;
304;1185784;515067904;9527296;481009664;0;0;0;0;0;0;0;0;0;0;0;1392;0;0;2;0;71;0;
305;938260;515067904;9527296;481009664;0;0;0;0;0;0;0;0;0;0;0;1262;0;0;2;0;71;0;
306;1668299;515067904;9527296;481009664;0;0;0;0;0;0;0;0;0;0;0;1403;0;0;2;0;71;0;
307;1457172;515067904;9527296;481009664;0;0;0;0;0;0;0;0;0;0;0;1413;0;0;2;0;71;0;
308;878819;515067904;9527296;481009664;0;0;0;0;0;0;0;0;0;0;0;1493;0;0;2;0;71;0;
309;1126893;515067904;9527296;481009664;0;0;0;0;0;0;0;0;0;0;0;1453;0;0;2;0;71;0;
310;826741;515067904;9527296;481009664;0;0;0;0;0;0;0;0;0;0;0;1383;0;0;2;0;71;0;
311;1234244;515067904;9527296;481009664;0;0;0;0;0;0;0;0;0;0;0;1413;0;0;2;0;71;0;
312;796093;515067904;9527296;481009664;0;0;0;0;0;0;0;0;0;0;0;1392;0;0;2;0;71;0;
313;1015224;515067904;9527296;481009664;0;0;0;0;0;0;0;0;0;0;0;1363;0;0;2;0;71;0;
314;727705;515067904;9527296;481009664;0;0;0;0;0;0;0;0;0;0;0;1312;0;0;2;0;71;0;
315;929142;515067904;9527296;481009664;0;0;0;0;0;0;0;0;0;0;0;1313;0;0;2;0;71;0;
316;683512;515067904;9527296;481009664;0;0;0;0;0;0;0;0;0;0;0;1463;0;0;2;0;71;0;
317;1184952;515067904;9527296;481009664;0;0;0;0;0;0;0;0;0;0;0;1473;0;0;2;0;71;0;
318;1000106;515067904;9527296;481009664;0;0;0;0;0;0;0;0;0;0;0;1543;0;0;2;0;71;0;
319;846828;515067904;9527296;481009664;0;0;0;0;0;0;0;0;0;0;0;1433;0;0;2;0;71;0;
320;948259;515067904;9527296;481009664;0;0;0;0;0;0;0;0;0;0;0;1513;0;0;2;0;71;0;
321;738735;515067904;9527296;481009664;0;0;0;0;0;0;0;0;0;0;0;1453;0;0;2;0;71;0;
322;1131532;515067904;9527296;481009664;0;0;0;0;0;0;0;0;0;0;0;1352;0;0;2;0;71;0;
323;801213;515067904;9527296;481009664;0;0;0;0;0;0;0;0;0;0;0;1332;0;0;2;0;71;0;
324;1495776;515067904;9527296;481009664;0;0;0;0;0;0;0;0;0;0;0;1382;0;0;2;0;71;0;
325;1027126;515067904;9527296;481009664;0;0;0;0;0;0;0;0;0;0;0;1382;0;0;2;0;71;0;
326;881183;515067904;9527296;481009664;0;0;0;0;0;0;0;0;0;0;0;1302;0;0;2;0;71;0;
327;905498;515067904;9527296;481009664;0;0;0;0;0;0;0;0;0;0;0;1333;0;0;2;0;71;0;
328;1195552;515067904;9527296;481009664;0;0;0;0;0;0;0;0;0;0;0;1343;0;0;2;0;71;0;
329;948459;515067904;9527296;481009664;0;0;0;0;0;0;0;0;0;0;0;1343;0;0;2;0;71;0;
330;856226;515067904;9527296;481009664;0;0;0;0;0;0;0;0;0;0;0;1473;0;0;2;0;71;0;
331;891562;515067904;9527296;481009664;0;0;0;0;0;0;0;0;0;0;0;1452;0;0;2;0;71;0;
332;668574;515067904;9527296;481009664;0;0;0;0;0;0;0;0;0;0;0;1403;0;0;2;0;71;0;
333;823254;515067904;9527296;481009664;0;0;0;0;0;0;0;0;0;0;0;1362;0;0;2;0;71;0;
334;730460;515067904;9527296;481009664;0;0;0;0;0;0;0;0;0;0;0;1282;0;0;2;0;71;0;
335;935474;515067904;9527296;481009664;0;0;0;0;0;0;0;0;0;0;0;1342;0;0;2;0;71;0;
336;839985;515067904;9527296;481009664;0;0;0;0;0;0;0;0;0;0;0;1442;0;0;2;0;71;0;
337;1690110;515067904;9527296;481009664;0;0;0;0;0;0;0;0;0;0;0;1453;0;0;2;0;71;0;
338;907511;515067904;9527296;481009664;0;0;0;0;0;0;0;0;0;0;0;1553;0;0;2;0;71;0;
339;743294;515067904;9527296;481009664;0;0;0;0;0;0;0;0;0;0;0;1313;0;0;2;0;71;0;
340;705282;515067904;9527296;481009664;0;0;0;0;0;0;0;0;0;0;0;1563;0;0;2;0;71;0;
341;956264;515067904;9527296;481009664;0;0;0;0;0;0;0;0;0;0;0;1433;0;0;2;0;71;0;
342;1109150;515067904;9527296;481009664;0;0;0;0;0;0;0;0;0;0;0;1373;0;0;2;0;71;0;
343;960992;515067904;9527296;481009664;0;0;0;0;0;0;0;0;0;0;0;1433;0;0;2;0;71;0;
344;990688;515067904;9527296;481009664;0;0;0;0;0;0;0;0;0;0;0;1843;0;0;2;0;71;0;
345;2300184;515067904;9527296;481009664;0;0;0;0;0;0;0;0;0;0;0;1372;0;0;2;0;71;0;
346;983564;515067904;9527296;481009664;0;0;0;0;0;0;0;0;0;0;0;1443;0;0;2;0;71;0;
347;697188;515067904;9527296;481009664;0;0;0;0;0;0;0;0;0;0;0;1323;0;0;2;0;71;0;
348;726633;515067904;9527296;481009664;0;0;0;0;0;0;0;0;0;0;0;1302;0;0;2;0;71;0;
349;886192;515067904;9527296;481009664;0;0;0;0;0;0;0;0;0;0;0;1292;0;0;2;0;71;0;
350;869932;515067904;9527296;481009664;0;0;0;0;0;0;0;0;0;0;0;1313;0;0;2;0;71;0;
351;838151;515067904;9527296;481009664;0;0;0;0;0;0;0;0;0;0;0;1383;0;0;2;0;71;0;
352;805110;515067904;9527296;481009664;0;0;0;0;0;0;0;0;0;0;0;1472;0;0;2;0;71;0;
353;1559344;515067904;9527296;481009664;0;0;0;0;0;0;0;0;0;0;0;1513;0;0;2;0;71;0;
354;1054808;515067904;9527296;481009664;0;0;0;0;0;0;0;0;0;0;0;1343;0;0;2;0;71;0;
355;910087;515067904;9527296;481009664;0;0;0;0;0;0;0;0;0;0;0;1423;0;0;2;0;71;0;
356;781365;515067904;9527296;481009664;0;0;0;0;0;0;0;0;0;0;0;1352;0;0;2;0;71;0;
357;762801;515067904;9527296;481009664;0;0;0;0;0;0;0;0;0;0;0;1453;0;0;2;0;71;0;
358;937398;515067904;9527296;481009664;0;0;0;0;0;0;0;0;0;0;0;1463;0;0;2;0;71;0;
359;1498891;515067904;9527296;481009664;0;0;0;0;0;0;0;0;0;0;0;1363;0;0;2;0;71;0;
360;1248411;515067904;9527296;481009664;0;0;0;0;0;0;0;0;0;0;0;1613;0;0;2;0;71;0;
361;1341015;515067904;9527296;481009664;0;0;0;0;0;0;0;0;0;0;0;1443;0;0;2;0;71;0;
362;844093;515067904;9527296;481009664;0;0;0;0;0;0;0;0;0;0;0;1332;0;0;2;0;71;0;
363;945162;515067904;9527296;481009664;0;0;0;0;0;0;0;0;0;0;0;1272;0;0;2;0;71;0;
364;970480;515067904;9527296;481009664;0;0;0;0;0;0;0;0;0;0;0;1292;0;0;2;0;71;0;
365;1479635;515031040;9347072;480829440;0;0;0;0;0;0;0;0;0;0;0;1312;0;0;2;0;71;0;
366;973376;515031040;9347072;480829440;0;0;0;0;0;0;0;0;0;0;0;1472;0;0;2;0;71;0;
367;799109;515031040;9347072;480829440;0;0;0;0;0;0;0;0;0;0;0;1282;0;0;2;0;71;0;
368;951324;515031040;9347072;480829440;0;0;0;0;0;0;0;0;0;0;0;1283;0;0;2;0;71;0;
369;849102;515031040;9347072;480829440;0;0;0;0;0;0;0;0;0;0;0;1322;0;0;2;0;71;0;
370;1224215;515031040;9347072;480829440;0;0;0;0;0;0;0;0;0;0;0;1432;0;0;2;0;71;0;
371;1010024;515031040;9347072;480829440;0;0;0;0;0;0;0;0;0;0;0;1473;0;0;2;0;71;0;
372;822562;515031040;9347072;480829440;0;0;0;0;0;0;0;0;0;0;0;1353;0;0;2;0;71;0;
373;1661365;515031040;9347072;480829440;0;0;0;0;0;0;0;0;0;0;0;1342;0;0;2;0;71;0;
374;1009543;515031040;9347072;480829440;0;0;0;0;0;0;0;0;0;0;0;1302;0;0;2;0;71;0;
375;694502;515031040;9347072;480829440;0;0;0;0;0;0;0;0;0;0;0;1513;0;0;2;0;71;0;
376;1029911;515031040;9347072;480829440;0;0;0;0;0;0;0;0;0;0;0;1343;0;0;2;0;71;0;
377;1043136;515031040;9347072;480829440;0;0;0;0;0;0;0;0;0;0;0;1343;0;0;2;0;71;0;
378;963397;515031040;9347072;480829440;0;0;0;0;0;0;0;0;0;0;0;1263;0;0;2;0;71;0;
379;1080336;515031040;9347072;480829440;0;0;0;0;0;0;0;0;0;0;0;1342;0;0;2;0;71;0;
380;803426;515031040;9347072;480829440;0;0;0;0;0;0;0;0;0;0;0;1382;0;0;2;0;71;0;
381;1085004;515031040;9347072;480829440;0;0;0;0;0;0;0;0;0;0;0;1432;0;0;2;0;71;0;
382;850916;515031040;9347072;480829440;0;0;0;0;0;0;0;0;0;0;0;1473;0;0;2;0;71;0;
383;990106;515031040;9347072;480829440;0;0;0;0;0;0;0;0;0;0;0;1393;0;0;2;0;71;0;
384;798217;515031040;9347072;480829440;0;0;0;0;0;0;0;0;0;0;0;1293;0;0;2;0;71;0;
385;802626;515031040;9347072;480829440;0;0;0;0;0;0;0;0;0;0;0;1332;0;0;2;0;71;0;
386;718247;515031040;9347072;480829440;0;0;0;0;0;0;0;0;0;0;0;1463;0;0;2;0;71;0;
387;715472;515031040;9347072;480829440;0;0;0;0;0;0;0;0;0;0;0;1332;0;0;2;0;71;0;
388;735289;515031040;9347072;480829440;0;0;0;0;0;0;0;0;0;0;0;1292;0;0;2;0;71;0;
389;842130;515031040;9347072;480829440;0;0;0;0;0;0;0;0;0;0;0;1363;0;0;2;0;71;0;
390;862979;515031040;9347072;480829440;0;0;0;0;0;0;0;0;0;0;0;1403;0;0;2;0;71;0;
391;1647089;514772992;9089024;480571392;0;0;0;0;0;0;0;0;0;0;0;1443;0;0;2;0;71;0;
392;910257;514772992;9089024;480571392;0;0;0;0;0;0;0;0;0;0;0;2796;0;0;2;0;71;0;
393;1184592;514772992;9089024;480571392;0;0;0;0;0;0;0;0;0;0;0;1433;0;0;2;0;71;0;
394;811903;514772992;9089024;480571392;0;0;0;0;0;0;0;0;0;0;0;1703;0;0;2;0;71;0;
395;714299;514772992;9089024;480571392;0;0;0;0;0;0;0;0;0;0;0;1282;0;0;2;0;71;0;
396;864882;514772992;9089024;480571392;0;0;0;0;0;0;0;0;0;0;0;1423;0;0;2;0;71;0;
397;913813;514772992;9089024;480571392;0;0;0;0;0;0;0;0;0;0;0;1463;0;0;2;0;71;0;
398;734758;514772992;9089024;480571392;0;0;0;0;0;0;0;0;0;0;0;1283;0;0;2;0;71;0;
399;855755;514772992;9089024;480571392;0;0;0;0;0;0;0;0;0;0;0;1402;0;0;2;0;71;0;
400;784822;514772992;9089024;480571392;0;0;0;0;0;0;0;0;0;0;0;1302;0;0;2;0;71;0;
401;819006;514772992;9089024;480571392;0;0;0;0;0;0;0;0;0;0;0;1412;0;0;2;0;71;0;
402;817824;514772992;9089024;480571392;0;0;0;0;0;0;0;0;0;0;0;1453;0;0;2;0;71;0;
403;678492;514772992;9089024;480571392;0;0;0;0;0;0;0;0;0;0;0;1403;0;0;2;0;71;0;
404;790913;514772992;9089024;480571392;0;0;0;0;0;0;0;0;0;0;0;1453;0;0;2;0;71;0;
405;862287;514772992;9089024;480571392;0;0;0;0;0;0;0;0;0;0;0;1432;0;0;2;0;71;0;
406;664035;514772992;9089024;480571392;0;0;0;0;0;0;0;0;0;0;0;1473;0;0;2;0;71;0;
407;668063;514772992;9089024;480571392;0;0;0;0;0;0;0;0;0;0;0;1413;0;0;2;0;71;0;
408;564839;514772992;9089024;480571392;0;0;0;0;0;0;0;0;0;0;0;1333;0;0;2;0;71;0;
409;554770;514772992;9089024;480571392;0;0;0;0;0;0;0;0;0;0;0;1312;0;0;2;0;71;0;
410;906961;514772992;9089024;480571392;0;0;0;0;0;0;0;0;0;0;0;1463;0;0;2;0;71;0;
411;1127484;514772992;9089024;480571392;0;0;0;0;0;0;0;0;0;0;0;1313;0;0;2;0;71;0;
412;781426;514772992;9089024;480571392;0;0;0;0;0;0;0;0;0;0;0;1433;0;0;2;0;71;0;
413;798187;514772992;9089024;480571392;0;0;0;0;0;0;0;0;0;0;0;1293;0;0;2;0;71;0;
414;798477;514772992;9089024;480571392;0;0;0;0;0;0;0;0;0;0;0;1342;0;0;2;0;71;0;
415;1355943;514772992;9089024;480571392;0;0;0;0;0;0;0;0;0;0;0;1834;0;0;2;0;71;0;
416;1572879;514838528;12312576;483794944;0;0;0;0;0;0;0;0;0;0;0;1643;0;0;2;0;71;0;
417;873368;514838528;12312576;483794944;0;0;0;0;0;0;0;0;0;0;0;1422;0;0;2;0;71;0;
418;693611;514838528;12312576;483794944;0;0;0;0;0;0;0;0;0;0;0;1473;0;0;2;0;71;0;
419;941566;514838528;12312576;483794944;0;0;0;0;0;0;0;0;0;0;0;1473;0;0;2;0;71;0;
420;992982;514838528;12312576;483794944;0;0;0;0;0;0;0;0;0;0;0;1393;0;0;2;0;71;0;
421;651251;514838528;12312576;483794944;0;0;0;0;0;0;0;0;0;0;0;1433;0;0;2;0;71;0;
422;751299;514838528;12312576;483794944;0;0;0;0;0;0;0;0;0;0;0;1373;0;0;2;0;71;0;
423;702607;514838528;12312576;483794944;0;0;0;0;0;0;0;0;0;0;0;1413;0;0;2;0;71;0;
424;768271;514838528;12312576;483794944;0;0;0;0;0;0;0;0;0;0;0;1402;0;0;2;0;71;0;
425;909546;514838528;12312576;483794944;0;0;0;0;0;0;0;0;0;0;0;1453;0;0;2;0;71;0;
426;1148874;514838528;12312576;483794944;0;0;0;0;0;0;0;0;0;0;0;1323;0;0;2;0;71;0;
427;740419;514838528;12312576;483794944;0;0;0;0;0;0;0;0;0;0;0;1363;0;0;2;0;71;0;
428;703870;514838528;12312576;483794944;0;0;0;0;0;0;0;0;0;0;0;1493;0;0;2;0;71;0;
429;920767;514838528;12312576;483794944;0;0;0;0;0;0;0;0;0;0;0;1453;0;0;2;0;71;0;
430;786595;514838528;12312576;483794944;0;0;0;0;0;0;0;0;0;0;0;1332;0;0;2;0;71;0;
431;1202074;514838528;12312576;483794944;0;0;0;0;0;0;0;0;0;0;0;1423;0;0;2;0;71;0;
432;1128617;514838528;12312576;483794944;0;0;0;0;0;0;0;0;0;0;0;1333;0;0;2;0;71;0;
433;2723097;518881280;12312576;483794944;0;0;0;0;0;0;0;0;0;0;0;1914;0;0;3;0;71;0;
434;997951;518881280;12312576;483794944;0;0;0;0;0;0;0;0;0;0;0;1412;0;0;3;0;71;0;
435;800641;518881280;12312576;483794944;0;0;0;0;0;0;0;0;0;0;0;1433;0;0;3;0;71;0;
436;736702;518881280;12312576;483794944;0;0;0;0;0;0;0;0;0;0;0;1372;0;0;3;0;71;0;
437;773881;518881280;12312576;483794944;0;0;0;0;0;0;0;0;0;0;0;1332;0;0;3;0;71;0;
438;1033067;518881280;12312576;483794944;0;0;0;0;0;0;0;0;0;0;0;1373;0;0;3;0;71;0;
439;1681985;519069696;12267520;483749888;0;0;0;0;0;0;0;0;0;0;0;1342;0;0;3;0;71;0;
440;1543485;519069696;12267520;483749888;0;0;0;0;0;0;0;0;0;0;0;1403;0;0;3;0;71;0;
441;902573;519069696;12267520;483749888;0;0;0;0;0;0;0;0;0;0;0;1432;0;0;3;0;71;0;
442;913673;519069696;12267520;483749888;0;0;0;0;0;0;0;0;0;0;0;1343;0;0;3;0;71;0;
443;772248;519069696;12267520;483749888;0;0;0;0;0;0;0;0;0;0;0;1312;0;0;3;0;71;0;
444;999254;519069696;12267520;483749888;0;0;0;0;0;0;0;0;0;0;0;1323;0;0;3;0;71;0;
445;886002;519069696;12267520;483749888;0;0;0;0;0;0;0;0;0;0;0;1483;0;0;3;0;71;0;
446;1090936;519069696;12267520;483749888;0;0;0;0;0;0;0;0;0;0;0;1402;0;0;3;0;71;0;
447;2413756;519069696;12267520;483749888;0;0;0;0;0;0;0;0;0;0;0;2345;0;0;3;0;72;0;
448;3053186;519069696;12267520;483749888;0;0;0;0;0;0;0;0;0;0;0;2244;0;0;3;0;72;0;
449;1372283;519069696;12267520;483749888;0;0;0;0;0;0;0;0;0;0;0;1423;0;0;3;0;72;0;
450;1410335;519069696;12267520;483749888;0;0;0;0;0;0;0;0;0;0;0;1623;0;0;3;0;72;0;
451;1847765;519069696;12267520;483749888;0;0;0;0;0;0;0;0;0;0;0;1363;0;0;3;0;72;0;
452;1271255;519069696;12267520;483749888;0;0;0;0;0;0;0;0;0;0;0;1363;0;0;3;0;72;0;
453;994395;519069696;12267520;483749888;0;0;0;0;0;0;0;0;0;0;0;1513;0;0;3;0;72;0;
454;1158602;519069696;12267520;483749888;0;0;0;0;0;0;0;0;0;0;0;1353;0;0;3;0;72;0;
455;1169092;519069696;12267520;483749888;0;0;0;0;0;0;0;0;0;0;0;1352;0;0;3;0;72;0;
456;1109591;519069696;12267520;483749888;0;0;0;0;0;0;0;0;0;0;0;1453;0;0;3;0;72;0;
457;1046904;519069696;12267520;483749888;0;0;0;0;0;0;0;0;0;0;0;1583;0;0;3;0;72;0;
458;1034290;519069696;12267520;483749888;0;0;0;0;0;0;0;0;0;0;0;1432;0;0;3;0;72;0;
459;1090636;519069696;12267520;483749888;0;0;0;0;0;0;0;0;0;0;0;1453;0;0;3;0;72;0;
460;1573601;519069696;12267520;483749888;0;0;0;0;0;0;0;0;0;0;0;1483;0;0;3;0;72;0;
461;1894212;519933952;12263424;483745792;0;0;0;0;0;0;0;0;0;0;0;1352;0;0;3;0;72;0;
462;947086;519933952;12263424;483745792;0;0;0;0;0;0;0;0;0;0;0;1453;0;0;3;0;72;0;
463;1056120;519933952;12263424;483745792;0;0;0;0;0;0;0;0;0;0;0;1443;0;0;3;0;72;0;
464;1088912;519933952;12263424;483745792;0;0;0;0;0;0;0;0;0;0;0;1423;0;0;3;0;72;0;
465;1220779;519933952;12263424;483745792;0;0;0;0;0;0;0;0;0;0;0;1383;0;0;3;0;72;0;
466;997671;519933952;12263424;483745792;0;0;0;0;0;0;0;0;0;0;0;1282;0;0;3;0;72;0;
467;1024471;519933952;12263424;483745792;0;0;0;0;0;0;0;0;0;0;0;1492;0;0;3;0;72;0;
468;1693126;519933952;12263424;483745792;0;0;0;0;0;0;0;0;0;0;0;2334;0;0;3;0;74;0;
469;1439700;524128256;12263424;500523008;0;0;0;0;0;0;0;0;0;0;0;1713;0;0;3;0;74;0;
470;919154;524128256;12263424;500523008;0;0;0;0;0;0;0;0;0;0;0;1543;0;0;3;0;74;0;
471;1162561;524128256;12263424;500523008;0;0;0;0;0;0;0;0;0;0;0;1192;0;0;3;0;74;0;
472;1246398;524128256;12263424;500523008;0;0;0;0;0;0;0;0;0;0;0;1533;0;0;3;0;74;0;
473;899166;524128256;12263424;500523008;0;0;0;0;0;0;0;0;0;0;0;1492;0;0;3;0;74;0;
474;1313994;524128256;12263424;500523008;0;0;0;0;0;0;0;0;0;0;0;1593;0;0;3;0;74;0;
475;1650254;524128256;12263424;500523008;0;0;0;0;0;0;0;0;0;0;0;1914;0;0;3;0;74;0;
476;1042986;524128256;12263424;500523008;0;0;0;0;0;0;0;0;0;0;0;1733;0;0;3;0;74;0;
477;1019772;524128256;12263424;500523008;0;0;0;0;0;0;0;0;0;0;0;1353;0;0;3;0;74;0;
478;1404454;524128256;12263424;500523008;0;0;0;0;0;0;0;0;0;0;0;1623;0;0;3;0;74;0;
479;1224787;524128256;12263424;500523008;0;0;0;0;0;0;0;0;0;0;0;1473;0;0;3;0;74;0;
480;1112997;524128256;12263424;500523008;0;0;0;0;0;0;0;0;0;0;0;1463;0;0;3;0;74;0;
481;1047525;524382208;12263424;500523008;0;0;0;0;0;0;0;0;0;0;0;1223;0;0;3;0;74;0;
482;2365947;524468224;12259328;500518912;0;0;0;0;0;0;0;0;0;0;0;1352;0;0;3;0;74;0;
483;2191580;528711680;12259328;500518912;0;0;0;0;0;0;0;0;0;0;0;1623;0;0;4;0;74;0;
484;979046;528711680;12259328;500518912;0;0;0;0;0;0;0;0;0;0;0;1473;0;0;4;0;74;0;
485;950482;528711680;12259328;500518912;0;0;0;0;0;0;0;0;0;0;0;1452;0;0;4;0;74;0;
486;1524509;528711680;12259328;500518912;0;0;0;0;0;0;0;0;0;0;0;1493;0;0;4;0;74;0;
487;1017198;528711680;12259328;500518912;0;0;0;0;0;0;0;0;0;0;0;1392;0;0;4;0;74;0;
488;1521924;528711680;12259328;500518912;0;0;0;0;0;0;0;0;0;0;0;1583;0;0;4;0;74;0;
489;923763;528711680;12259328;500518912;0;0;0;0;0;0;0;0;0;0;0;1523;0;0;4;0;74;0;
490;1012138;528711680;12259328;500518912;0;0;0;0;0;0;0;0;0;0;0;1513;0;0;4;0;74;0;
491;734517;528711680;12259328;500518912;0;0;0;0;0;0;0;0;0;0;0;1443;0;0;4;0;74;0;
492;1875978;528711680;12259328;500518912;0;0;0;0;0;0;0;0;0;0;0;1493;0;0;4;0;74;0;
493;904176;528711680;12259328;500518912;0;0;0;0;0;0;0;0;0;0;0;1513;0;0;4;0;74;0;
494;860193;528711680;12259328;500518912;0;0;0;0;0;0;0;0;0;0;0;1542;0;0;4;0;74;0;
495;1282655;528711680;12259328;500518912;0;0;0;0;0;0;0;0;0;0;0;1433;0;0;4;0;74;0;
496;1938114;535003136;12259328;517296128;0;0;0;0;0;0;0;0;0;0;0;1953;0;0;5;0;74;0;
497;1090836;535003136;12259328;517296128;0;0;0;0;0;0;0;0;0;0;0;1513;0;0;5;0;74;0;
498;1346665;535003136;12259328;517296128;0;0;0;0;0;0;0;0;0;0;0;1633;0;0;5;0;74;0;
499;1254042;535003136;12259328;517296128;0;0;0;0;0;0;0;0;0;0;0;1513;0;0;5;0;74;0;
500;791485;535003136;12259328;517296128;0;0;0;0;0;0;0;0;0;0;0;1663;0;0;5;0;74;0;
501;1134728;535003136;12259328;517296128;0;0;0;0;0;0;0;0;0;0;0;1573;0;0;5;0;74;0;
502;916549;535257088;12259328;517296128;0;0;0;0;0;0;0;0;0;0;0;1593;0;0;5;0;74;0;
503;4118003;535257088;12259328;517296128;0;0;0;0;0;0;0;0;0;0;0;1543;0;0;5;0;74;0;
504;2446739;535257088;12259328;517296128;0;0;0;0;0;0;0;0;0;0;0;1603;0;0;5;0;74;0;
505;1103900;535257088;12259328;517296128;0;0;0;0;0;0;0;0;0;0;0;1643;0;0;5;0;74;0;
506;1328461;535257088;12259328;517296128;0;0;0;0;0;0;0;0;0;0;0;1483;0;0;5;0;74;0;
507;2077236;539512832;12259328;517296128;0;0;0;0;0;0;0;0;0;0;0;1693;0;0;6;0;74;0;
508;1033338;539512832;12259328;517296128;0;0;0;0;0;0;0;0;0;0;0;1513;0;0;6;0;74;0;
509;14687815;539512832;12259328;517296128;0;0;0;0;0;0;0;0;0;0;0;1503;0;0;6;0;74;0;
510;3032907;543870976;12259328;517296128;0;0;0;0;0;0;0;0;0;0;0;1883;0;0;7;0;74;0;
511;1080516;543870976;12259328;517296128;0;0;0;0;0;0;0;0;0;0;0;1744;0;0;7;0;74;0;
512;1161358;543870976;12259328;517296128;0;0;0;0;0;0;0;0;0;0;0;1533;0;0;7;0;74;0;
513;1436804;543870976;12259328;517296128;0;0;0;0;0;0;0;0;0;0;0;1493;0;0;7;0;74;0;
514;1091677;543870976;12259328;517296128;0;0;0;0;0;0;0;0;0;0;0;1533;0;0;7;0;74;0;
515;1489934;543870976;12259328;517296128;0;0;0;0;0;0;0;0;0;0;0;1713;0;0;7;0;74;0;
516;1263480;543870976;12259328;517296128;0;0;0;0;0;0;0;0;0;0;0;1533;0;0;7;0;74;0;
517;1170986;543870976;12259328;517296128;0;0;0;0;0;0;0;0;0;0;0;1422;0;0;7;0;74;0;
518;1215830;543870976;12259328;517296128;0;0;0;0;0;0;0;0;0;0;0;1523;0;0;7;0;74;0;
519;877536;543870976;12259328;517296128;0;0;0;0;0;0;0;0;0;0;0;1543;0;0;7;0;74;0;
520;1151460;543870976;12259328;517296128;0;0;0;0;0;0;0;0;0;0;0;1493;0;0;7;0;74;0;
521;1118087;543870976;12259328;517296128;0;0;0;0;0;0;0;0;0;0;0;1362;0;0;7;0;74;0;
522;2540575;546033664;12259328;517296128;0;0;0;0;0;0;0;0;0;0;0;1653;0;0;8;0;74;0;
523;1710267;546033664;12259328;517296128;0;0;0;0;0;0;0;0;0;0;0;1613;0;0;8;0;74;0;
524;945402;546033664;12259328;517296128;0;0;0;0;0;0;0;0;0;0;0;1623;0;0;8;0;74;0;
525;1193498;546033664;12259328;517296128;0;0;0;0;0;0;0;0;0;0;0;1332;0;0;8;0;74;0;
526;1086998;546033664;12259328;517296128;0;0;0;0;0;0;0;0;0;0;0;1452;0;0;8;0;74;0;
527;1005626;546033664;12259328;517296128;0;0;0;0;0;0;0;0;0;0;0;1483;0;0;8;0;74;0;
528;1091757;546033664;12259328;517296128;0;0;0;0;0;0;0;0;0;0;0;1583;0;0;8;0;74;0;
529;976762;546033664;12259328;517296128;0;0;0;0;0;0;0;0;0;0;0;1372;0;0;8;0;74;0;
530;1096166;546033664;12259328;517296128;0;0;0;0;0;0;0;0;0;0;0;1453;0;0;8;0;74;0;
531;1179121;546033664;12259328;517296128;0;0;0;0;0;0;0;0;0;0;0;1543;0;0;8;0;74;0;
532;726062;546033664;12259328;517296128;0;0;0;0;0;0;0;0;0;0;0;1352;0;0;8;0;74;0;
533;1193418;546033664;12259328;517296128;0;0;0;0;0;0;0;0;0;0;0;1343;0;0;8;0;74;0;
534;973436;546033664;12259328;517296128;0;0;0;0;0;0;0;0;0;0;0;1473;0;0;8;0;74;0;
535;2899427;550088704;12259328;517296128;0;0;0;0;0;0;0;0;0;0;0;1954;0;0;9;0;74;0;
536;1075648;550088704;12259328;517296128;0;0;0;0;0;0;0;0;0;0;0;1342;0;0;9;0;74;0;
537;1344001;550088704;12259328;517296128;0;0;0;0;0;0;0;0;0;0;0;1453;0;0;9;0;74;0;
538;1215229;550088704;12259328;517296128;0;0;0;0;0;0;0;0;0;0;0;1643;0;0;9;0;74;0;
539;1104933;550088704;12259328;517296128;0;0;0;0;0;0;0;0;0;0;0;1472;0;0;9;0;74;0;
540;1593949;550088704;12259328;517296128;0;0;0;0;0;0;0;0;0;0;0;1363;0;0;9;0;74;0;
541;1149596;550088704;12259328;517296128;0;0;0;0;0;0;0;0;0;0;0;1593;0;0;9;0;74;0;
542;2892395;550088704;12259328;517296128;0;0;0;0;0;0;0;0;0;0;0;1633;0;0;9;0;74;0;
543;1296481;550088704;12259328;517296128;0;0;0;0;0;0;0;0;0;0;0;1422;0;0;9;0;74;0;
544;966212;550088704;12259328;517296128;0;0;0;0;0;0;0;0;0;0;0;1373;0;0;9;0;74;0;
545;1268259;550088704;12259328;517296128;0;0;0;0;0;0;0;0;0;0;0;1393;0;0;9;0;74;0;
546;1786431;550359040;12259328;517296128;0;0;0;0;0;0;0;0;0;0;0;2374;0;0;9;0;79;0;
547;874450;550359040;12259328;517296128;0;0;0;0;0;0;0;0;0;0;0;1592;0;0;9;0;79;0;
548;1145999;550359040;12259328;517296128;0;0;0;0;0;0;0;0;0;0;0;1623;0;0;9;0;79;0;
549;890751;550359040;12259328;517296128;0;0;0;0;0;0;0;0;0;0;0;1563;0;0;9;0;79;0;
550;718958;550359040;12259328;517296128;0;0;0;0;0;0;0;0;0;0;0;1713;0;0;9;0;79;0;
551;1345774;550359040;12259328;517296128;0;0;0;0;0;0;0;0;0;0;0;1533;0;0;9;0;79;0;
552;1137533;550359040;12259328;517296128;0;0;0;0;0;0;0;0;0;0;0;1542;0;0;9;0;79;0;
553;1037185;550359040;12259328;517296128;0;0;0;0;0;0;0;0;0;0;0;1513;0;0;9;0;79;0;
554;1012679;550359040;12259328;517296128;0;0;0;0;0;0;0;0;0;0;0;1663;0;0;9;0;79;0;
555;890009;550359040;12259328;517296128;0;0;0;0;0;0;0;0;0;0;0;1463;0;0;9;0;79;0;
556;1510954;550359040;12259328;517296128;0;0;0;0;0;0;0;0;0;0;0;1453;0;0;9;0;79;0;
557;832752;550359040;12259328;517296128;0;0;0;0;0;0;0;0;0;0;0;1603;0;0;9;0;79;0;
558;668073;550359040;12259328;517296128;0;0;0;0;0;0;0;0;0;0;0;1493;0;0;9;0;79;0;
559;1157611;550359040;12259328;517296128;0;0;0;0;0;0;0;0;0;0;0;1463;0;0;9;0;79;0;
560;1854057;550359040;12259328;517296128;0;0;0;0;0;0;0;0;0;0;0;1703;0;0;9;0;79;0;
561;2669666;550359040;12259328;517296128;0;0;0;0;0;0;0;0;0;0;0;4108;0;0;9;0;79;0;
562;1128426;550359040;12259328;517296128;0;0;0;0;0;0;0;0;0;0;0;1382;0;0;9;0;79;0;
563;1409053;550359040;12259328;517296128;0;0;0;0;0;0;0;0;0;0;0;1553;0;0;9;0;79;0;
564;1083251;550359040;12259328;517296128;0;0;0;0;0;0;0;0;0;0;0;1473;0;0;9;0;79;0;
565;1049578;550359040;12259328;517296128;0;0;0;0;0;0;0;0;0;0;0;1403;0;0;9;0;79;0;
566;1556890;550359040;12259328;517296128;0;0;0;0;0;0;0;0;0;0;0;1553;0;0;9;0;79;0;
567;975549;550359040;12259328;517296128;0;0;0;0;0;0;0;0;0;0;0;1603;0;0;9;0;79;0;
568;1480877;550359040;12259328;517296128;0;0;0;0;0;0;0;0;0;0;0;1633;0;0;9;0;79;0;
569;1010385;550359040;12259328;517296128;0;0;0;0;0;0;0;0;0;0;0;1443;0;0;9;0;79;0;
570;953358;550359040;12259328;517296128;0;0;0;0;0;0;0;0;0;0;0;1503;0;0;9;0;79;0;
571;1170415;550359040;12259328;517296128;0;0;0;0;0;0;0;0;0;0;0;1392;0;0;9;0;79;0;
572;933871;550359040;12259328;517296128;0;0;0;0;0;0;0;0;0;0;0;1433;0;0;9;0;79;0;
573;1144576;550359040;12259328;517296128;0;0;0;0;0;0;0;0;0;0;0;1413;0;0;9;0;79;0;
574;1214367;550359040;12259328;517296128;0;0;0;0;0;0;0;0;0;0;0;1382;0;0;9;0;79;0;
575;1102849;550359040;12259328;517296128;0;0;0;0;0;0;0;0;0;0;0;1343;0;0;9;0;79;0;
576;806973;550359040;12259328;517296128;0;0;0;0;0;0;0;0;0;0;0;1352;0;0;9;0;79;0;
577;924523;550359040;12259328;517296128;0;0;0;0;0;0;0;0;0;0;0;1353;0;0;9;0;79;0;
578;1729724;550359040;12259328;517296128;0;0;0;0;0;0;0;0;0;0;0;1463;0;0;9;0;79;0;
579;730610;550359040;12259328;517296128;0;0;0;0;0;0;0;0;0;0;0;1473;0;0;9;0;79;0;
580;958407;550359040;12259328;517296128;0;0;0;0;0;0;0;0;0;0;0;1403;0;0;9;0;79;0;
581;695384;550359040;12259328;517296128;0;0;0;0;0;0;0;0;0;0;0;1373;0;0;9;0;79;0;
582;809478;550359040;12259328;517296128;0;0;0;0;0;0;0;0;0;0;0;1572;0;0;9;0;79;0;
583;764473;550359040;12259328;517296128;0;0;0;0;0;0;0;0;0;0;0;1442;0;0;9;0;79;0;
584;900970;550359040;12259328;517296128;0;0;0;0;0;0;0;0;0;0;0;1634;0;0;9;0;79;0;
585;991519;550359040;12259328;517296128;0;0;0;0;0;0;0;0;0;0;0;1193;0;0;9;0;79;0;
586;1339773;550359040;12259328;517296128;0;0;0;0;0;0;0;0;0;0;0;1353;0;0;9;0;79;0;
587;1533806;554553344;12259328;534073344;0;0;0;0;0;0;0;0;0;0;0;1523;0;0;9;0;79;0;
588;748705;554553344;12259328;534073344;0;0;0;0;0;0;0;0;0;0;0;1492;0;0;9;0;79;0;
589;1320527;554553344;12259328;534073344;0;0;0;0;0;0;0;0;0;0;0;1413;0;0;9;0;79;0;
590;2173055;558526464;12259328;534073344;0;0;0;0;0;0;0;0;0;0;0;1734;0;0;10;0;79;0;
591;984145;558526464;12259328;534073344;0;0;0;0;0;0;0;0;0;0;0;1693;0;0;10;0;79;0;
592;930415;558526464;12259328;534073344;0;0;0;0;0;0;0;0;0;0;0;1432;0;0;10;0;79;0;
593;1331647;558526464;12259328;534073344;0;0;0;0;0;0;0;0;0;0;0;1393;0;0;10;0;79;0;
594;1010856;558526464;12259328;534073344;0;0;0;0;0;0;0;0;0;0;0;1643;0;0;10;0;79;0;
595;1876228;558526464;12259328;534073344;0;0;0;0;0;0;0;0;0;0;0;1482;0;0;10;0;79;0;
596;1501306;558526464;12259328;534073344;0;0;0;0;0;0;0;0;0;0;0;1443;0;0;10;0;79;0;
597;723708;558526464;12259328;534073344;0;0;0;0;0;0;0;0;0;0;0;1393;0;0;10;0;79;0;
598;1432476;558526464;12259328;534073344;0;0;0;0;0;0;0;0;0;0;0;1412;0;0;10;0;79;0;
599;1427747;558526464;12259328;534073344;0;0;0;0;0;0;0;0;0;0;0;1412;0;0;10;0;79;0;
600;1429510;558526464;12259328;534073344;0;0;0;0;0;0;0;0;0;0;0;1453;0;0;10;0;79;0;
601;974898;558526464;12259328;534073344;0;0;0;0;0;0;0;0;0;0;0;7104;0;0;10;0;79;0;
602;1146370;558526464;12259328;534073344;0;0;0;0;0;0;0;0;0;0;0;1773;0;0;10;0;79;0;
603;1388103;558526464;12259328;534073344;0;0;0;0;0;0;0;0;0;0;0;1443;0;0;10;0;79;0;
604;1102517;558526464;12259328;534073344;0;0;0;0;0;0;0;0;0;0;0;1422;0;0;10;0;79;0;
605;688100;558526464;12259328;534073344;0;0;0;0;0;0;0;0;0;0;0;1443;0;0;10;0;79;0;
606;782628;558526464;12259328;534073344;0;0;0;0;0;0;0;0;0;0;0;1232;0;0;10;0;79;0;
607;1014412;558526464;12259328;534073344;0;0;0;0;0;0;0;0;0;0;0;1442;0;0;10;0;79;0;
608;1251336;558526464;12259328;534073344;0;0;0;0;0;0;0;0;0;0;0;1543;0;0;10;0;79;0;
609;1143595;558526464;12259328;534073344;0;0;0;0;0;0;0;0;0;0;0;1443;0;0;10;0;79;0;
610;1359169;558526464;12259328;534073344;0;0;0;0;0;0;0;0;0;0;0;1402;0;0;10;0;79;0;
611;1031043;558526464;12259328;534073344;0;0;0;0;0;0;0;0;0;0;0;1383;0;0;10;0;79;0;
612;1754009;558780416;9879552;531693568;0;0;0;0;0;0;0;0;0;0;0;1413;0;0;10;0;79;0;
613;1168451;558780416;9879552;531693568;0;0;0;0;0;0;0;0;0;0;0;1563;0;0;10;0;79;0;
614;2118804;558780416;9879552;531693568;0;0;0;0;0;0;0;0;0;0;0;1453;0;0;10;0;79;0;
615;1273478;558780416;9879552;531693568;0;0;0;0;0;0;0;0;0;0;0;1503;0;0;10;0;79;0;
616;1235447;558780416;9879552;531693568;0;0;0;0;0;0;0;0;0;0;0;1433;0;0;10;0;79;0;
617;1428579;558780416;9879552;531693568;0;0;0;0;0;0;0;0;0;0;0;1553;0;0;10;0;79;0;
618;1039960;558780416;9879552;531693568;0;0;0;0;0;0;0;0;0;0;0;1453;0;0;10;0;79;0;
619;927009;558780416;9879552;531693568;0;0;0;0;0;0;0;0;0;0;0;1353;0;0;10;0;79;0;
620;1754381;558780416;9879552;531693568;0;0;0;0;0;0;0;0;0;0;0;1513;0;0;10;0;79;0;
621;1309797;558780416;9879552;531693568;0;0;0;0;0;0;0;0;0;0;0;1422;0;0;10;0;79;0;
622;1622473;558780416;9879552;531693568;0;0;0;0;0;0;0;0;0;0;0;1413;0;0;10;0;79;0;
623;1427337;558780416;9879552;531693568;0;0;0;0;0;0;0;0;0;0;0;1383;0;0;10;0;79;0;
624;1588479;558780416;9879552;531693568;0;0;0;0;0;0;0;0;0;0;0;1383;0;0;10;0;79;0;
625;1230267;558780416;9879552;531693568;0;0;0;0;0;0;0;0;0;0;0;1443;0;0;10;0;79;0;
626;1154295;558780416;9879552;531693568;0;0;0;0;0;0;0;0;0;0;0;1473;0;0;10;0;79;0;
627;1659492;558780416;9879552;531693568;0;0;0;0;0;0;0;0;0;0;0;1423;0;0;10;0;79;0;
628;5676866;562671616;9723904;531537920;0;0;0;0;0;0;0;0;0;0;0;3276;0;0;11;0;79;0;
629;1244364;562671616;9723904;531537920;0;0;0;0;0;0;0;0;0;0;0;2084;0;0;11;0;79;0;
630;1224507;562671616;9723904;531537920;0;0;0;0;0;0;0;0;0;0;0;1372;0;0;11;0;79;0;
631;1012820;562671616;9723904;531537920;0;0;0;0;0;0;0;0;0;0;0;1633;0;0;11;0;79;0;
632;1251908;562671616;9723904;531537920;0;0;0;0;0;0;0;0;0;0;0;1694;0;0;11;0;79;0;
633;1201333;562671616;9723904;531537920;0;0;0;0;0;0;0;0;0;0;0;1273;0;0;11;0;79;0;
634;1803993;562671616;9723904;531537920;0;0;0;0;0;0;0;0;0;0;0;77445;0;0;11;0;79;0;
635;1837226;562671616;9723904;531537920;0;0;0;0;0;0;0;0;0;0;0;1263;0;0;11;0;79;0;
636;2314631;562671616;9723904;531537920;0;0;0;0;0;0;0;0;0;0;0;2836;0;0;11;0;80;0;
637;1368887;562671616;9723904;531537920;0;0;0;0;0;0;0;0;0;0;0;1563;0;0;11;0;80;0;
638;1438939;562671616;9723904;531537920;0;0;0;0;0;0;0;0;0;0;0;1573;0;0;11;0;80;0;
639;1707352;562671616;9723904;531537920;0;0;0;0;0;0;0;0;0;0;0;3847;0;0;11;0;80;0;
640;938971;562671616;9723904;531537920;0;0;0;0;0;0;0;0;0;0;0;1693;0;0;11;0;80;0;
641;1494172;562671616;9723904;531537920;0;0;0;0;0;0;0;0;0;0;0;1723;0;0;11;0;80;0;
642;2490541;562671616;9723904;531537920;0;0;0;0;0;0;0;0;0;0;0;1774;0;0;11;0;80;0;
643;1784847;562671616;9723904;531537920;0;0;0;0;0;0;0;0;0;0;0;1834;0;0;11;0;80;0;
644;3417329;562802688;9670656;531484672;0;0;0;0;0;0;0;0;0;0;0;1773;0;0;11;0;80;0;
645;2706626;562802688;9670656;531484672;0;0;0;0;0;0;0;0;0;0;0;2415;0;0;11;0;80;0;
646;1686423;566996992;9670656;548261888;0;0;0;0;0;0;0;0;0;0;0;1633;0;0;11;0;80;0;
647;1028559;566996992;9670656;548261888;0;0;0;0;0;0;0;0;0;0;0;1232;0;0;11;0;80;0;
648;1355592;566996992;9670656;548261888;0;0;0;0;0;0;0;0;0;0;0;1453;0;0;11;0;80;0;
649;1279149;566996992;9670656;548261888;0;0;0;0;0;0;0;0;0;0;0;1232;0;0;11;0;80;0;
650;1448166;566996992;9670656;548261888;0;0;0;0;0;0;0;0;0;0;0;1563;0;0;11;0;80;0;
651;931146;566996992;9670656;548261888;0;0;0;0;0;0;0;0;0;0;0;1382;0;0;11;0;80;0;
652;1162590;566996992;9670656;548261888;0;0;0;0;0;0;0;0;0;0;0;1723;0;0;11;0;80;0;
653;943951;566996992;9670656;548261888;0;0;0;0;0;0;0;0;0;0;0;1373;0;0;11;0;80;0;
654;1269972;566996992;9670656;548261888;0;0;0;0;0;0;0;0;0;0;0;1463;0;0;11;0;80;0;
655;817293;566996992;9670656;548261888;0;0;0;0;0;0;0;0;0;0;0;1463;0;0;11;0;80;0;
656;1765241;566996992;9670656;548261888;0;0;0;0;0;0;0;0;0;0;0;1683;0;0;11;0;80;0;
657;1673859;566996992;9670656;548261888;0;0;0;0;0;0;0;0;0;0;0;1853;0;0;11;0;80;0;
658;1284810;566996992;9670656;548261888;0;0;0;0;0;0;0;0;0;0;0;1433;0;0;11;0;80;0;
659;1204539;566996992;12050432;550641664;0;0;0;0;0;0;0;0;0;0;0;1593;0;0;11;0;80;0;
660;1622924;567218176;11964416;550555648;0;0;0;0;0;0;0;0;0;0;0;1523;0;0;11;0;80;0;
661;1286663;567218176;11964416;550555648;0;0;0;0;0;0;0;0;0;0;0;1433;0;0;11;0;80;0;
662;822933;567218176;11964416;550555648;0;0;0;0;0;0;0;0;0;0;0;1663;0;0;11;0;80;0;
663;1663961;567218176;11964416;550555648;0;0;0;0;0;0;0;0;0;0;0;1813;0;0;11;0;80;0;
664;1440231;567218176;11964416;550555648;0;0;0;0;0;0;0;0;0;0;0;1573;0;0;11;0;80;0;
665;739416;567218176;11964416;550555648;0;0;0;0;0;0;0;0;0;0;0;1263;0;0;11;0;80;0;
666;963898;567218176;11964416;550555648;0;0;0;0;0;0;0;0;0;0;0;1533;0;0;11;0;80;0;
667;1259502;567218176;11964416;550555648;0;0;0;0;0;0;0;0;0;0;0;1483;0;0;11;0;80;0;
668;979917;567218176;11964416;550555648;0;0;0;0;0;0;0;0;0;0;0;1393;0;0;11;0;80;0;
669;2709572;571191296;11964416;550555648;0;0;0;0;0;0;0;0;0;0;0;2295;0;0;12;0;80;0;
670;945293;571191296;11964416;550555648;0;0;0;0;0;0;0;0;0;0;0;1472;0;0;12;0;80;0;
671;1270983;571191296;11964416;550555648;0;0;0;0;0;0;0;0;0;0;0;1523;0;0;12;0;80;0;
672;1087039;571191296;11964416;550555648;0;0;0;0;0;0;0;0;0;0;0;1483;0;0;12;0;80;0;
673;988905;571191296;11964416;550555648;0;0;0;0;0;0;0;0;0;0;0;1633;0;0;12;0;80;0;
674;1027788;571191296;11964416;550555648;0;0;0;0;0;0;0;0;0;0;0;1573;0;0;12;0;80;0;
675;1897949;571461632;11964416;550555648;0;0;0;0;0;0;0;0;0;0;0;1463;0;0;12;0;80;0;
676;1165406;571461632;11964416;550555648;0;0;0;0;0;0;0;0;0;0;0;1473;0;0;12;0;80;0;
677;996058;571461632;11964416;550555648;0;0;0;0;0;0;0;0;0;0;0;1152;0;0;12;0;80;0;
678;2138321;571461632;11964416;550555648;0;0;0;0;0;0;0;0;0;0;0;1583;0;0;12;0;80;0;
679;1492358;571461632;11964416;550555648;0;0;0;0;0;0;0;0;0;0;0;1633;0;0;12;0;80;0;
680;859572;571461632;11964416;550555648;0;0;0;0;0;0;0;0;0;0;0;1613;0;0;12;0;80;0;
681;3110864;575512576;11964416;550555648;0;0;0;0;0;0;0;0;0;0;0;2014;0;0;13;0;80;0;
682;976331;575512576;11964416;550555648;0;0;0;0;0;0;0;0;0;0;0;1563;0;0;13;0;80;0;
683;1313954;575512576;11964416;550555648;0;0;0;0;0;0;0;0;0;0;0;1773;0;0;13;0;80;0;
684;1434761;575512576;11964416;550555648;0;0;0;0;0;0;0;0;0;0;0;1593;0;0;13;0;80;0;
685;1635487;575512576;11964416;550555648;0;0;0;0;0;0;0;0;0;0;0;1403;0;0;13;0;80;0;
686;1114550;575512576;11964416;550555648;0;0;0;0;0;0;0;0;0;0;0;1513;0;0;13;0;80;0;
687;1058585;575512576;11964416;550555648;0;0;0;0;0;0;0;0;0;0;0;1593;0;0;13;0;80;0;
688;1010615;575512576;11964416;550555648;0;0;0;0;0;0;0;0;0;0;0;1463;0;0;13;0;80;0;
689;1372144;575512576;11964416;550555648;0;0;0;0;0;0;0;0;0;0;0;1492;0;0;13;0;80;0;
690;1831986;575782912;11964416;550555648;0;0;0;0;0;0;0;0;0;0;0;1483;0;0;13;0;80;0;
691;815058;575782912;11964416;550555648;0;0;0;0;0;0;0;0;0;0;0;1543;0;0;13;0;80;0;
692;2701957;582074368;11964416;567332864;0;0;0;0;0;0;0;0;0;0;0;2364;0;0;14;0;80;0;
693;887014;582074368;11964416;567332864;0;0;0;0;0;0;0;0;0;0;0;1402;0;0;14;0;80;0;
694;950743;582074368;11964416;567332864;0;0;0;0;0;0;0;0;0;0;0;1513;0;0;14;0;80;0;
695;1709015;582074368;11964416;567332864;0;0;0;0;0;0;0;0;0;0;0;1503;0;0;14;0;80;0;
696;2820570;582074368;11964416;567332864;0;0;0;0;0;0;0;0;0;0;0;1553;0;0;14;0;80;0;
697;1251968;582074368;11964416;567332864;0;0;0;0;0;0;0;0;0;0;0;1462;0;0;14;0;80;0;
698;1641088;582074368;11964416;567332864;0;0;0;0;0;0;0;0;0;0;0;1533;0;0;14;0;80;0;
699;1466059;582074368;11964416;567332864;0;0;0;0;0;0;0;0;0;0;0;1583;0;0;14;0;80;0;
700;1469195;582074368;11964416;567332864;0;0;0;0;0;0;0;0;0;0;0;1503;0;0;14;0;80;0;
701;2068149;582074368;11964416;567332864;0;0;0;0;0;0;0;0;0;0;0;1593;0;0;14;0;80;0;
702;1294388;582074368;11964416;567332864;0;0;0;0;0;0;0;0;0;0;0;1343;0;0;14;0;80;0;
703;1128587;582074368;11964416;567332864;0;0;0;0;0;0;0;0;0;0;0;1684;0;0;14;0;80;0;
704;1255214;582074368;11964416;567332864;0;0;0;0;0;0;0;0;0;0;0;1433;0;0;14;0;80;0;
705;2611979;582197248;11870208;567238656;0;0;0;0;0;0;0;0;0;0;0;1393;0;0;14;0;80;0;
706;1061371;582197248;11870208;567238656;0;0;0;0;0;0;0;0;0;0;0;1423;0;0;14;0;80;0;
707;2280497;582197248;11870208;567238656;0;0;0;0;0;0;0;0;0;0;0;1943;0;0;14;0;80;0;
708;1419523;582197248;11870208;567238656;0;0;0;0;0;0;0;0;0;0;0;233167;0;0;14;0;80;0;
709;1316409;582197248;11870208;567238656;0;0;0;0;0;0;0;0;0;0;0;1523;0;0;14;0;80;0;
710;831279;582197248;11870208;567238656;0;0;0;0;0;0;0;0;0;0;0;1403;0;0;14;0;80;0;
711;930875;582197248;11870208;567238656;0;0;0;0;0;0;0;0;0;0;0;1343;0;0;14;0;80;0;
712;866225;582197248;11870208;567238656;0;0;0;0;0;0;0;0;0;0;0;1313;0;0;14;0;80;0;
713;1912085;582197248;11870208;567238656;0;0;0;0;0;0;0;0;0;0;0;1342;0;0;14;0;80;0;
714;977573;582197248;11870208;567238656;0;0;0;0;0;0;0;0;0;0;0;1412;0;0;14;0;80;0;
715;1423299;582197248;11870208;567238656;0;0;0;0;0;0;0;0;0;0;0;1403;0;0;14;0;80;0;
716;1891567;582197248;11870208;567238656;0;0;0;0;0;0;0;0;0;0;0;1362;0;0;14;0;80;0;
717;2903275;586178560;11870208;567238656;0;0;0;0;0;0;0;0;0;0;0;2174;0;0;15;0;80;0;
718;1175154;586178560;11870208;567238656;0;0;0;0;0;0;0;0;0;0;0;1403;0;0;15;0;80;0;
719;2088206;586178560;11870208;567238656;0;0;0;0;0;0;0;0;0;0;0;1583;0;0;15;0;80;0;
720;2249409;586444800;11870208;567238656;0;0;0;0;0;0;0;0;0;0;0;1502;0;0;15;0;80;0;
721;1678328;586444800;11870208;567238656;0;0;0;0;0;0;0;0;0;0;0;1483;0;0;15;0;80;0;
722;1048076;586444800;11870208;567238656;0;0;0;0;0;0;0;0;0;0;0;1493;0;0;15;0;80;0;
723;1508339;586444800;11870208;567238656;0;0;0;0;0;0;0;0;0;0;0;1433;0;0;15;0;80;0;
724;962826;586444800;11870208;567238656;0;0;0;0;0;0;0;0;0;0;0;1502;0;0;15;0;80;0;
725;1080626;586444800;11870208;567238656;0;0;0;0;0;0;0;0;0;0;0;1493;0;0;15;0;80;0;
726;887654;586444800;11870208;567238656;0;0;0;0;0;0;0;0;0;0;0;1403;0;0;15;0;80;0;
727;1101636;586444800;11870208;567238656;0;0;0;0;0;0;0;0;0;0;0;1362;0;0;15;0;80;0;
728;874560;586444800;11870208;567238656;0;0;0;0;0;0;0;0;0;0;0;1663;0;0;15;0;80;0;
729;1437055;586444800;11870208;567238656;0;0;0;0;0;0;0;0;0;0;0;1603;0;0;15;0;80;0;
730;986510;586444800;11870208;567238656;0;0;0;0;0;0;0;0;0;0;0;1563;0;0;15;0;80;0;
731;1050640;586444800;11870208;567238656;0;0;0;0;0;0;0;0;0;0;0;1633;0;0;15;0;80;0;
732;1127805;586444800;11870208;567238656;0;0;0;0;0;0;0;0;0;0;0;1403;0;0;15;0;80;0;
733;956865;586444800;11870208;567238656;0;0;0;0;0;0;0;0;0;0;0;1383;0;0;15;0;80;0;
734;1845932;586776576;11866112;567234560;0;0;0;0;0;0;0;0;0;0;0;1133;0;0;15;0;80;0;
735;1924179;586776576;11866112;567234560;0;0;0;0;0;0;0;0;0;0;0;1523;0;0;15;0;80;0;
736;857929;586776576;11866112;567234560;0;0;0;0;0;0;0;0;0;0;0;1533;0;0;15;0;80;0;
737;1003392;586776576;11866112;567234560;0;0;0;0;0;0;0;0;0;0;0;1383;0;0;15;0;80;0;
738;1176927;586776576;11866112;567234560;0;0;0;0;0;0;0;0;0;0;0;1493;0;0;15;0;80;0;
739;1087168;586776576;11866112;567234560;0;0;0;0;0;0;0;0;0;0;0;1543;0;0;15;0;80;0;
740;1410435;586776576;11866112;567234560;0;0;0;0;0;0;0;0;0;0;0;1372;0;0;15;0;80;0;
741;1100334;586776576;11866112;567234560;0;0;0;0;0;0;0;0;0;0;0;1373;0;0;15;0;80;0;
742;1059917;586776576;11866112;567234560;0;0;0;0;0;0;0;0;0;0;0;1343;0;0;15;0;80;0;
743;1050590;586776576;11866112;567234560;0;0;0;0;0;0;0;0;0;0;0;1623;0;0;15;0;80;0;
744;1256457;586776576;11866112;567234560;0;0;0;0;0;0;0;0;0;0;0;1523;0;0;15;0;80;0;
745;996969;586776576;11866112;567234560;0;0;0;0;0;0;0;0;0;0;0;1463;0;0;15;0;80;0;
746;754585;586776576;11866112;567234560;0;0;0;0;0;0;0;0;0;0;0;1402;0;0;15;0;80;0;
747;747802;586776576;11866112;567234560;0;0;0;0;0;0;0;0;0;0;0;1502;0;0;15;0;80;0;
748;1230127;586776576;11866112;567234560;0;0;0;0;0;0;0;0;0;0;0;1403;0;0;15;0;80;0;
749;932940;586776576;11866112;567234560;0;0;0;0;0;0;0;0;0;0;0;1513;0;0;15;0;80;0;
750;853240;586776576;11866112;567234560;0;0;0;0;0;0;0;0;0;0;0;1342;0;0;15;0;80;0;
751;1721128;586776576;11866112;567234560;0;0;0;0;0;0;0;0;0;0;0;1172;0;0;15;0;80;0;
752;1197095;586776576;11866112;567234560;0;0;0;0;0;0;0;0;0;0;0;1482;0;0;15;0;80;0;
753;834535;586776576;11866112;567234560;0;0;0;0;0;0;0;0;0;0;0;1593;0;0;15;0;80;0;
754;1500034;586776576;11866112;567234560;0;0;0;0;0;0;0;0;0;0;0;1432;0;0;15;0;80;0;
755;994966;586776576;11866112;567234560;0;0;0;0;0;0;0;0;0;0;0;1503;0;0;15;0;80;0;
756;1081609;586776576;11866112;567234560;0;0;0;0;0;0;0;0;0;0;0;1442;0;0;15;0;80;0;
757;666600;586776576;11866112;567234560;0;0;0;0;0;0;0;0;0;0;0;1483;0;0;15;0;80;0;
758;1225288;586776576;11866112;567234560;0;0;0;0;0;0;0;0;0;0;0;141235;0;0;15;0;80;0;
759;948078;586776576;11866112;567234560;0;0;0;0;0;0;0;0;0;0;0;1463;0;0;15;0;80;0;
760;1209498;586776576;11866112;567234560;0;0;0;0;0;0;0;0;0;0;0;1593;0;0;15;0;80;0;
761;713047;586776576;11866112;567234560;0;0;0;0;0;0;0;0;0;0;0;1402;0;0;15;0;80;0;
762;1995442;587042816;11866112;567234560;0;0;0;0;0;0;0;0;0;0;0;1503;0;0;15;0;80;0;
763;847369;587042816;11866112;567234560;0;0;0;0;0;0;0;0;0;0;0;1462;0;0;15;0;80;0;
764;1236849;587042816;11866112;567234560;0;0;0;0;0;0;0;0;0;0;0;1563;0;0;15;0;80;0;
765;1571196;587042816;11866112;567234560;0;0;0;0;0;0;0;0;0;0;0;1363;0;0;15;0;80;0;
766;863830;587042816;11866112;567234560;0;0;0;0;0;0;0;0;0;0;0;1553;0;0;15;0;80;0;
767;945363;587042816;11866112;567234560;0;0;0;0;0;0;0;0;0;0;0;1493;0;0;15;0;80;0;
768;1167439;587042816;11866112;567234560;0;0;0;0;0;0;0;0;0;0;0;1362;0;0;15;0;80;0;
769;1117245;587042816;11866112;567234560;0;0;0;0;0;0;0;0;0;0;0;1333;0;0;15;0;80;0;
770;928191;587042816;11866112;567234560;0;0;0;0;0;0;0;0;0;0;0;1373;0;0;15;0;80;0;
771;946224;587042816;11866112;567234560;0;0;0;0;0;0;0;0;0;0;0;1313;0;0;15;0;80;0;
772;1074345;587042816;11866112;567234560;0;0;0;0;0;0;0;0;0;0;0;1413;0;0;15;0;80;0;
773;1441523;587042816;11866112;567234560;0;0;0;0;0;0;0;0;0;0;0;1393;0;0;15;0;80;0;
774;1307873;587042816;11866112;567234560;0;0;0;0;0;0;0;0;0;0;0;1363;0;0;15;0;80;0;
775;1067913;587042816;11866112;567234560;0;0;0;0;0;0;0;0;0;0;0;1573;0;0;15;0;80;0;
776;4386496;587313152;11866112;567234560;0;0;0;0;0;0;0;0;0;0;0;1402;0;0;15;0;80;0;
777;2053902;587313152;11874304;567242752;0;0;0;0;0;0;0;0;0;0;0;1693;0;0;15;0;80;0;
778;1324945;587313152;11874304;567242752;0;0;0;0;0;0;0;0;0;0;0;1402;0;0;15;0;80;0;
779;1251457;587313152;11874304;567242752;0;0;0;0;0;0;0;0;0;0;0;1362;0;0;15;0;80;0;
780;1052604;587313152;11874304;567242752;0;0;0;0;0;0;0;0;0;0;0;1462;0;0;15;0;80;0;
781;1148524;587313152;11874304;567242752;0;0;0;0;0;0;0;0;0;0;0;1653;0;0;15;0;80;0;
782;1582989;587313152;11874304;567242752;0;0;0;0;0;0;0;0;0;0;0;1322;0;0;15;0;80;0;
783;1171487;587583488;11874304;567242752;0;0;0;0;0;0;0;0;0;0;0;1593;0;0;15;0;80;0;
784;2182874;587583488;11874304;567242752;0;0;0;0;0;0;0;0;0;0;0;1383;0;0;15;0;80;0;
785;1585955;587853824;11874304;567242752;0;0;0;0;0;0;0;0;0;0;0;1403;0;0;15;0;80;0;
786;745158;587853824;11874304;567242752;0;0;0;0;0;0;0;0;0;0;0;1403;0;0;15;0;80;0;
787;804148;587853824;11874304;567242752;0;0;0;0;0;0;0;0;0;0;0;1302;0;0;15;0;80;0;
788;836158;587853824;11874304;567242752;0;0;0;0;0;0;0;0;0;0;0;1503;0;0;15;0;80;0;
789;924133;587853824;11874304;567242752;0;0;0;0;0;0;0;0;0;0;0;1393;0;0;15;0;80;0;
790;1515172;587853824;11874304;567242752;0;0;0;0;0;0;0;0;0;0;0;1363;0;0;15;0;80;0;
791;1269221;587853824;11874304;567242752;0;0;0;0;0;0;0;0;0;0;0;1353;0;0;15;0;80;0;
792;1076298;587853824;11874304;567242752;0;0;0;0;0;0;0;0;0;0;0;1463;0;0;15;0;80;0;
793;1191565;587853824;11874304;567242752;0;0;0;0;0;0;0;0;0;0;0;1553;0;0;15;0;80;0;
794;1236308;587853824;11874304;567242752;0;0;0;0;0;0;0;0;0;0;0;1443;0;0;15;0;80;0;
795;1487800;587853824;11874304;567242752;0;0;0;0;0;0;0;0;0;0;0;1382;0;0;15;0;80;0;
796;1244373;587853824;11874304;567242752;0;0;0;0;0;0;0;0;0;0;0;1323;0;0;15;0;80;0;
797;1013160;587853824;11874304;567242752;0;0;0;0;0;0;0;0;0;0;0;1593;0;0;15;0;80;0;
798;1162841;587853824;11874304;567242752;0;0;0;0;0;0;0;0;0;0;0;1373;0;0;15;0;80;0;
799;1260133;587853824;11874304;567242752;0;0;0;0;0;0;0;0;0;0;0;1503;0;0;15;0;80;0;
800;1050820;587853824;11874304;567242752;0;0;0;0;0;0;0;0;0;0;0;1523;0;0;15;0;80;0;
801;841318;587853824;11874304;567242752;0;0;0;0;0;0;0;0;0;0;0;1132;0;0;15;0;80;0;
802;917380;587853824;11874304;567242752;0;0;0;0;0;0;0;0;0;0;0;1613;0;0;15;0;80;0;
803;1895996;587853824;11874304;567242752;0;0;0;0;0;0;0;0;0;0;0;1402;0;0;15;0;80;0;
804;937117;587853824;11874304;567242752;0;0;0;0;0;0;0;0;0;0;0;1784;0;0;15;0;80;0;
805;1036765;587853824;11874304;567242752;0;0;0;0;0;0;0;0;0;0;0;1333;0;0;15;0;80;0;
806;1160066;587853824;11874304;567242752;0;0;0;0;0;0;0;0;0;0;0;1373;0;0;15;0;80;0;
807;984496;587853824;11874304;567242752;0;0;0;0;0;0;0;0;0;0;0;1583;0;0;15;0;80;0;
808;1188128;587853824;11874304;567242752;0;0;0;0;0;0;0;0;0;0;0;1343;0;0;15;0;80;0;
809;861425;587853824;11874304;567242752;0;0;0;0;0;0;0;0;0;0;0;1473;0;0;15;0;80;0;
810;777217;587853824;11874304;567242752;0;0;0;0;0;0;0;0;0;0;0;1332;0;0;15;0;80;0;
811;826881;587853824;11874304;567242752;0;0;0;0;0;0;0;0;0;0;0;1523;0;0;15;0;80;0;
812;1111394;587853824;11874304;567242752;0;0;0;0;0;0;0;0;0;0;0;1332;0;0;15;0;80;0;
813;1246047;587853824;11874304;567242752;0;0;0;0;0;0;0;0;0;0;0;1402;0;0;15;0;80;0;
814;722655;587853824;11874304;567242752;0;0;0;0;0;0;0;0;0;0;0;1372;0;0;15;0;80;0;
815;761849;587853824;11874304;567242752;0;0;0;0;0;0;0;0;0;0;0;1323;0;0;15;0;80;0;
816;1707612;587853824;11874304;567242752;0;0;0;0;0;0;0;0;0;0;0;1342;0;0;15;0;80;0;
817;823224;587853824;11874304;567242752;0;0;0;0;0;0;0;0;0;0;0;1503;0;0;15;0;80;0;
818;1297293;587853824;11874304;567242752;0;0;0;0;0;0;0;0;0;0;0;1653;0;0;15;0;80;0;
819;987252;587853824;11874304;567242752;0;0;0;0;0;0;0;0;0;0;0;1433;0;0;15;0;80;0;
820;904046;587853824;11874304;567242752;0;0;0;0;0;0;0;0;0;0;0;1523;0;0;15;0;80;0;
821;905899;587853824;11874304;567242752;0;0;0;0;0;0;0;0;0;0;0;1433;0;0;15;0;80;0;
822;1095685;587853824;11874304;567242752;0;0;0;0;0;0;0;0;0;0;0;1403;0;0;15;0;80;0;
823;1071430;587853824;11874304;567242752;0;0;0;0;0;0;0;0;0;0;0;1523;0;0;15;0;80;0;
824;1152372;587853824;11874304;567242752;0;0;0;0;0;0;0;0;0;0;0;1402;0;0;15;0;80;0;
825;1186575;587853824;11874304;567242752;0;0;0;0;0;0;0;0;0;0;0;1523;0;0;15;0;80;0;
826;825468;587853824;11874304;567242752;0;0;0;0;0;0;0;0;0;0;0;1222;0;0;15;0;80;0;
827;1326167;587853824;11874304;567242752;0;0;0;0;0;0;0;0;0;0;0;1392;0;0;15;0;80;0;
828;1482400;587853824;11874304;567242752;0;0;0;0;0;0;0;0;0;0;0;1513;0;0;15;0;80;0;
829;1573621;587853824;11874304;567242752;0;0;0;0;0;0;0;0;0;0;0;1382;0;0;15;0;80;0;
830;2568147;587853824;11874304;567242752;0;0;0;0;0;0;0;0;0;0;0;1412;0;0;15;0;80;0;
831;918383;587853824;11874304;567242752;0;0;0;0;0;0;0;0;0;0;0;1423;0;0;15;0;80;0;
832;888266;587853824;11874304;567242752;0;0;0;0;0;0;0;0;0;0;0;1392;0;0;15;0;80;0;
833;995918;587853824;11874304;567242752;0;0;0;0;0;0;0;0;0;0;0;1413;0;0;15;0;80;0;
834;1219367;587853824;11874304;567242752;0;0;0;0;0;0;0;0;0;0;0;1393;0;0;15;0;80;0;
835;883668;587853824;11874304;567242752;0;0;0;0;0;0;0;0;0;0;0;1373;0;0;15;0;80;0;
836;1112366;587853824;11874304;567242752;0;0;0;0;0;0;0;0;0;0;0;1373;0;0;15;0;80;0;
837;977733;587853824;11874304;567242752;0;0;0;0;0;0;0;0;0;0;0;1353;0;0;15;0;80;0;
838;847069;587853824;11874304;567242752;0;0;0;0;0;0;0;0;0;0;0;1433;0;0;15;0;80;0;
839;791124;587853824;11874304;567242752;0;0;0;0;0;0;0;0;0;0;0;1362;0;0;15;0;80;0;
840;1530210;587853824;11874304;567242752;0;0;0;0;0;0;0;0;0;0;0;1362;0;0;15;0;80;0;
841;1499532;587853824;11874304;567242752;0;0;0;0;0;0;0;0;0;0;0;1373;0;0;15;0;80;0;
842;856396;587853824;11874304;567242752;0;0;0;0;0;0;0;0;0;0;0;1383;0;0;15;0;80;0;
843;1153292;587853824;11874304;567242752;0;0;0;0;0;0;0;0;0;0;0;1573;0;0;15;0;80;0;
844;856486;587853824;11874304;567242752;0;0;0;0;0;0;0;0;0;0;0;1343;0;0;15;0;80;0;
845;740849;587853824;11874304;567242752;0;0;0;0;0;0;0;0;0;0;0;1383;0;0;15;0;80;0;
846;659667;587853824;11874304;567242752;0;0;0;0;0;0;0;0;0;0;0;1313;0;0;15;0;80;0;
847;644539;587853824;11874304;567242752;0;0;0;0;0;0;0;0;0;0;0;1303;0;0;15;0;80;0;
848;1092960;587853824;11874304;567242752;0;0;0;0;0;0;0;0;0;0;0;1533;0;0;15;0;80;0;
849;887254;587853824;11874304;567242752;0;0;0;0;0;0;0;0;0;0;0;1412;0;0;15;0;80;0;
850;1223795;587853824;11874304;567242752;0;0;0;0;0;0;0;0;0;0;0;1624;0;0;15;0;80;0;
851;707457;587853824;11874304;567242752;0;0;0;0;0;0;0;0;0;0;0;1352;0;0;15;0;80;0;
852;1430944;587853824;11874304;567242752;0;0;0;0;0;0;0;0;0;0;0;1473;0;0;15;0;80;0;
853;813075;587853824;11874304;567242752;0;0;0;0;0;0;0;0;0;0;0;1343;0;0;15;0;80;0;
854;993854;587853824;11874304;567242752;0;0;0;0;0;0;0;0;0;0;0;1343;0;0;15;0;80;0;
855;1130440;587853824;11874304;567242752;0;0;0;0;0;0;0;0;0;0;0;1503;0;0;15;0;80;0;
856;1132574;587853824;11874304;567242752;0;0;0;0;0;0;0;0;0;0;0;1372;0;0;15;0;80;0;
857;914094;587853824;11874304;567242752;0;0;0;0;0;0;0;0;0;0;0;1483;0;0;15;0;80;0;
858;909276;587853824;11874304;567242752;0;0;0;0;0;0;0;0;0;0;0;1352;0;0;15;0;80;0;
859;831449;587853824;11874304;567242752;0;0;0;0;0;0;0;0;0;0;0;1362;0;0;15;0;80;0;
860;917310;587853824;11874304;567242752;0;0;0;0;0;0;0;0;0;0;0;1603;0;0;15;0;80;0;
861;1826525;587853824;11874304;567242752;0;0;0;0;0;0;0;0;0;0;0;1303;0;0;15;0;80;0;
862;895189;587853824;11874304;567242752;0;0;0;0;0;0;0;0;0;0;0;1593;0;0;15;0;80;0;
863;1673438;587853824;11874304;567242752;0;0;0;0;0;0;0;0;0;0;0;1152;0;0;15;0;80;0;
864;1688997;587976704;11771904;567140352;0;0;0;0;0;0;0;0;0;0;0;1523;0;0;15;0;80;0;
865;1424081;587976704;11771904;567140352;0;0;0;0;0;0;0;0;0;0;0;1543;0;0;15;0;80;0;
866;1146681;587976704;11771904;567140352;0;0;0;0;0;0;0;0;0;0;0;1513;0;0;15;0;80;0;
867;900539;587976704;11771904;567140352;0;0;0;0;0;0;0;0;0;0;0;1352;0;0;15;0;80;0;
868;1126583;587976704;11771904;567140352;0;0;0;0;0;0;0;0;0;0;0;1563;0;0;15;0;80;0;
869;898695;587976704;11771904;567140352;0;0;0;0;0;0;0;0;0;0;0;1463;0;0;15;0;80;0;
870;1035021;587976704;11771904;567140352;0;0;0;0;0;0;0;0;0;0;0;1473;0;0;15;0;80;0;
871;757351;587976704;11771904;567140352;0;0;0;0;0;0;0;0;0;0;0;1393;0;0;15;0;80;0;
872;1664031;587976704;11771904;567140352;0;0;0;0;0;0;0;0;0;0;0;1603;0;0;15;0;80;0;
873;1248732;587976704;11771904;567140352;0;0;0;0;0;0;0;0;0;0;0;1583;0;0;15;0;80;0;
874;1163692;587976704;11771904;567140352;0;0;0;0;0;0;0;0;0;0;0;1122;0;0;15;0;80;0;
875;776196;587976704;11771904;567140352;0;0;0;0;0;0;0;0;0;0;0;1363;0;0;15;0;80;0;
876;1406348;587976704;11771904;567140352;0;0;0;0;0;0;0;0;0;0;0;1523;0;0;15;0;80;0;
877;830027;587976704;11771904;567140352;0;0;0;0;0;0;0;0;0;0;0;1563;0;0;15;0;80;0;
878;1058455;587976704;11771904;567140352;0;0;0;0;0;0;0;0;0;0;0;1443;0;0;15;0;80;0;
879;1174022;587976704;11771904;567140352;0;0;0;0;0;0;0;0;0;0;0;1353;0;0;15;0;80;0;
880;1041112;587976704;11771904;567140352;0;0;0;0;0;0;0;0;0;0;0;1362;0;0;15;0;80;0;
881;722435;587976704;11771904;567140352;0;0;0;0;0;0;0;0;0;0;0;1422;0;0;15;0;80;0;
882;1330415;587976704;11771904;567140352;0;0;0;0;0;0;0;0;0;0;0;1362;0;0;15;0;80;0;
883;1249623;587976704;11771904;567140352;0;0;0;0;0;0;0;0;0;0;0;1573;0;0;15;0;80;0;
884;844804;587976704;11771904;567140352;0;0;0;0;0;0;0;0;0;0;0;1372;0;0;15;0;80;0;
885;1075797;587976704;11771904;567140352;0;0;0;0;0;0;0;0;0;0;0;1322;0;0;15;0;80;0;
886;928501;587976704;11771904;567140352;0;0;0;0;0;0;0;0;0;0;0;1482;0;0;15;0;80;0;
887;1340414;587976704;11771904;567140352;0;0;0;0;0;0;0;0;0;0;0;1402;0;0;15;0;80;0;
888;1470909;587976704;11771904;567140352;0;0;0;0;0;0;0;0;0;0;0;1492;0;0;15;0;80;0;
889;1089313;587976704;11771904;567140352;0;0;0;0;0;0;0;0;0;0;0;1383;0;0;15;0;80;0;
890;794289;587976704;11771904;567140352;0;0;0;0;0;0;0;0;0;0;0;1363;0;0;15;0;80;0;
891;753833;587976704;11771904;567140352;0;0;0;0;0;0;0;0;0;0;0;1323;0;0;15;0;80;0;
892;859642;587976704;11771904;567140352;0;0;0;0;0;0;0;0;0;0;0;1573;0;0;15;0;80;0;
893;766007;587976704;11771904;567140352;0;0;0;0;0;0;0;0;0;0;0;1453;0;0;15;0;80;0;
894;1309465;587976704;11771904;567140352;0;0;0;0;0;0;0;0;0;0;0;1343;0;0;15;0;80;0;
895;1102267;587976704;11771904;567140352;0;0;0;0;0;0;0;0;0;0;0;1893;0;0;15;0;80;0;
896;1130270;587976704;11771904;567140352;0;0;0;0;0;0;0;0;0;0;0;1402;0;0;15;0;80;0;
897;959740;587976704;11771904;567140352;0;0;0;0;0;0;0;0;0;0;0;1553;0;0;15;0;80;0;
898;870623;587976704;11771904;567140352;0;0;0;0;0;0;0;0;0;0;0;1423;0;0;15;0;80;0;
899;1005446;587976704;11771904;567140352;0;0;0;0;0;0;0;0;0;0;0;1342;0;0;15;0;80;0;
900;1430452;587866112;11653120;567021568;0;0;0;0;0;0;0;0;0;0;0;1503;0;0;15;0;80;0;
901;881593;587866112;11653120;567021568;0;0;0;0;0;0;0;0;0;0;0;1393;0;0;15;0;80;0;
902;667673;587866112;11653120;567021568;0;0;0;0;0;0;0;0;0;0;0;1443;0;0;15;0;80;0;
903;1107407;587866112;11653120;567021568;0;0;0;0;0;0;0;0;0;0;0;1794;0;0;15;0;80;0;
904;1559655;587866112;11653120;567021568;0;0;0;0;0;0;0;0;0;0;0;1483;0;0;15;0;80;0;
905;1176897;587866112;11653120;567021568;0;0;0;0;0;0;0;0;0;0;0;1372;0;0;15;0;80;0;
906;895629;587866112;11653120;567021568;0;0;0;0;0;0;0;0;0;0;0;1483;0;0;15;0;80;0;
907;754615;587866112;11653120;567021568;0;0;0;0;0;0;0;0;0;0;0;1423;0;0;15;0;80;0;
908;753854;587866112;11653120;567021568;0;0;0;0;0;0;0;0;0;0;0;1472;0;0;15;0;80;0;
909;1153524;587866112;11653120;567021568;0;0;0;0;0;0;0;0;0;0;0;1372;0;0;15;0;80;0;
910;1443107;587866112;11653120;567021568;0;0;0;0;0;0;0;0;0;0;0;1663;0;0;15;0;80;0;
911;1134718;587866112;11653120;567021568;0;0;0;0;0;0;0;0;0;0;0;1493;0;0;15;0;80;0;
912;1436645;587866112;11653120;567021568;0;0;0;0;0;0;0;0;0;0;0;1393;0;0;15;0;80;0;
913;899106;587866112;11653120;567021568;0;0;0;0;0;0;0;0;0;0;0;1392;0;0;15;0;80;0;
914;1155578;587866112;11653120;567021568;0;0;0;0;0;0;0;0;0;0;0;1373;0;0;15;0;80;0;
915;847319;587866112;11653120;567021568;0;0;0;0;0;0;0;0;0;0;0;1403;0;0;15;0;80;0;
916;1405937;587866112;11653120;567021568;0;0;0;0;0;0;0;0;0;0;0;1543;0;0;15;0;80;0;
917;1208266;587866112;11653120;567021568;0;0;0;0;0;0;0;0;0;0;0;1392;0;0;15;0;80;0;
918;743314;587866112;11653120;567021568;0;0;0;0;0;0;0;0;0;0;0;1333;0;0;15;0;80;0;
919;721013;587866112;11653120;567021568;0;0;0;0;0;0;0;0;0;0;0;1402;0;0;15;0;80;0;
920;1245085;587866112;11653120;567021568;0;0;0;0;0;0;0;0;0;0;0;1393;0;0;15;0;80;0;
921;718778;587866112;11653120;567021568;0;0;0;0;0;0;0;0;0;0;0;1373;0;0;15;0;80;0;
922;731392;587866112;11653120;567021568;0;0;0;0;0;0;0;0;0;0;0;1513;0;0;15;0;80;0;
923;720171;587866112;11653120;567021568;0;0;0;0;0;0;0;0;0;0;0;1493;0;0;15;0;80;0;
924;1242049;587599872;11382784;566751232;0;0;0;0;0;0;0;0;0;0;0;1493;0;0;15;0;80;0;
925;1045000;587599872;11382784;566751232;0;0;0;0;0;0;0;0;0;0;0;1673;0;0;15;0;80;0;
926;1116944;587599872;11382784;566751232;0;0;0;0;0;0;0;0;0;0;0;1452;0;0;15;0;80;0;
927;656351;587599872;11382784;566751232;0;0;0;0;0;0;0;0;0;0;0;1372;0;0;15;0;80;0;
928;696096;587599872;11382784;566751232;0;0;0;0;0;0;0;0;0;0;0;1472;0;0;15;0;80;0;
929;719299;587599872;11382784;566751232;0;0;0;0;0;0;0;0;0;0;0;1463;0;0;15;0;80;0;
930;1039569;587599872;11382784;566751232;0;0;0;0;0;0;0;0;0;0;0;1322;0;0;15;0;80;0;
931;905007;587599872;11382784;566751232;0;0;0;0;0;0;0;0;0;0;0;1372;0;0;15;0;80;0;
932;755447;587599872;11382784;566751232;0;0;0;0;0;0;0;0;0;0;0;1313;0;0;15;0;80;0;
933;1212394;589697024;11382784;568848384;0;0;0;0;0;0;0;0;0;0;0;1533;0;0;15;0;80;0;
934;994715;589697024;11382784;568848384;0;0;0;0;0;0;0;0;0;0;0;1423;0;0;15;0;80;0;
935;4187343;589697024;11382784;568848384;0;0;0;0;0;0;0;0;0;0;0;1382;0;0;15;0;80;0;
936;1783415;589697024;11382784;568848384;0;0;0;0;0;0;0;0;0;0;0;1623;0;0;15;0;80;0;
937;1157611;589697024;11382784;568848384;0;0;0;0;0;0;0;0;0;0;0;1412;0;0;15;0;80;0;
938;1829061;589697024;11382784;568848384;0;0;0;0;0;0;0;0;0;0;0;1704;0;0;15;0;80;0;
939;856055;589697024;11382784;568848384;0;0;0;0;0;0;0;0;0;0;0;1372;0;0;15;0;80;0;
940;857528;589697024;11382784;568848384;0;0;0;0;0;0;0;0;0;0;0;1403;0;0;15;0;80;0;
941;1819893;589697024;11382784;568848384;0;0;0;0;0;0;0;0;0;0;0;1763;0;0;15;0;80;0;
942;1066269;589697024;11382784;568848384;0;0;0;0;0;0;0;0;0;0;0;1363;0;0;15;0;80;0;
943;996900;589697024;11382784;568848384;0;0;0;0;0;0;0;0;0;0;0;1503;0;0;15;0;80;0;
944;1104341;589697024;11382784;568848384;0;0;0;0;0;0;0;0;0;0;0;1513;0;0;15;0;80;0;
945;839024;589697024;11382784;568848384;0;0;0;0;0;0;0;0;0;0;0;1413;0;0;15;0;80;0;
946;1391430;589697024;11382784;568848384;0;0;0;0;0;0;0;0;0;0;0;1413;0;0;15;0;80;0;
947;1592647;589697024;11382784;568848384;0;0;0;0;0;0;0;0;0;0;0;1693;0;0;15;0;80;0;
948;1170435;589697024;11382784;568848384;0;0;0;0;0;0;0;0;0;0;0;1352;0;0;15;0;80;0;
949;1439760;589697024;11382784;568848384;0;0;0;0;0;0;0;0;0;0;0;1383;0;0;15;0;80;0;
950;725600;589697024;11382784;568848384;0;0;0;0;0;0;0;0;0;0;0;1293;0;0;15;0;80;0;
951;694953;589697024;11382784;568848384;0;0;0;0;0;0;0;0;0;0;0;1503;0;0;15;0;80;0;
952;1464506;589697024;11382784;568848384;0;0;0;0;0;0;0;0;0;0;0;1453;0;0;15;0;80;0;
953;1475397;589697024;11382784;568848384;0;0;0;0;0;0;0;0;0;0;0;1472;0;0;15;0;80;0;
954;1061681;589697024;11382784;568848384;0;0;0;0;0;0;0;0;0;0;0;1422;0;0;15;0;80;0;
955;1310277;589697024;11382784;568848384;0;0;0;0;0;0;0;0;0;0;0;1403;0;0;15;0;80;0;
956;1144647;589697024;11382784;568848384;0;0;0;0;0;0;0;0;0;0;0;1432;0;0;15;0;80;0;
957;1722821;589697024;11382784;568848384;0;0;0;0;0;0;0;0;0;0;0;1472;0;0;15;0;80;0;
958;2106400;589697024;11382784;568848384;0;0;0;0;0;0;0;0;0;0;0;1412;0;0;15;0;80;0;
959;1221571;589697024;11382784;568848384;0;0;0;0;0;0;0;0;0;0;0;1603;0;0;15;0;80;0;
960;1086738;589697024;11382784;568848384;0;0;0;0;0;0;0;0;0;0;0;1433;0;0;15;0;80;0;
961;789911;589697024;11382784;568848384;0;0;0;0;0;0;0;0;0;0;0;1482;0;0;15;0;80;0;
962;811933;589697024;11382784;568848384;0;0;0;0;0;0;0;0;0;0;0;1483;0;0;15;0;80;0;
963;943830;589697024;11382784;568848384;0;0;0;0;0;0;0;0;0;0;0;1342;0;0;15;0;80;0;
964;849383;589697024;11382784;568848384;0;0;0;0;0;0;0;0;0;0;0;1523;0;0;15;0;80;0;
965;1057513;589697024;11382784;568848384;0;0;0;0;0;0;0;0;0;0;0;1382;0;0;15;0;80;0;
966;1045611;589697024;11382784;568848384;0;0;0;0;0;0;0;0;0;0;0;1362;0;0;15;0;80;0;
967;1277325;589697024;11382784;568848384;0;0;0;0;0;0;0;0;0;0;0;1523;0;0;15;0;80;0;
968;1137063;589697024;11382784;568848384;0;0;0;0;0;0;0;0;0;0;0;1583;0;0;15;0;80;0;
969;1591755;589697024;11382784;568848384;0;0;0;0;0;0;0;0;0;0;0;1443;0;0;15;0;80;0;
970;1054538;589697024;11382784;568848384;0;0;0;0;0;0;0;0;0;0;0;1322;0;0;15;0;80;0;
971;1717191;589697024;11382784;568848384;0;0;0;0;0;0;0;0;0;0;0;1382;0;0;15;0;80;0;
972;1486838;589697024;11382784;568848384;0;0;0;0;0;0;0;0;0;0;0;1392;0;0;15;0;80;0;
973;1292434;589697024;11382784;568848384;0;0;0;0;0;0;0;0;0;0;0;1383;0;0;15;0;80;0;
974;1045881;589697024;11382784;568848384;0;0;0;0;0;0;0;0;0;0;0;1342;0;0;15;0;80;0;
975;3138266;589697024;11382784;568848384;0;0;0;0;0;0;0;0;0;0;0;1523;0;0;15;0;80;0;
976;1379137;589697024;11382784;568848384;0;0;0;0;0;0;0;0;0;0;0;1422;0;0;15;0;80;0;
977;1349240;589697024;11382784;568848384;0;0;0;0;0;0;0;0;0;0;0;1413;0;0;15;0;80;0;
978;1152421;589697024;11382784;568848384;0;0;0;0;0;0;0;0;0;0;0;1313;0;0;15;0;80;0;
979;1184331;589697024;11382784;568848384;0;0;0;0;0;0;0;0;0;0;0;1373;0;0;15;0;80;0;
980;1735434;589697024;11382784;568848384;0;0;0;0;0;0;0;0;0;0;0;1352;0;0;15;0;80;0;
981;1019081;589697024;11382784;568848384;0;0;0;0;0;0;0;0;0;0;0;1553;0;0;15;0;80;0;
982;707386;589697024;11382784;568848384;0;0;0;0;0;0;0;0;0;0;0;1473;0;0;15;0;80;0;
983;947967;589697024;11382784;568848384;0;0;0;0;0;0;0;0;0;0;0;1383;0;0;15;0;80;0;
984;1218475;589697024;11382784;568848384;0;0;0;0;0;0;0;0;0;0;0;1463;0;0;15;0;80;0;
985;879529;589697024;11382784;568848384;0;0;0;0;0;0;0;0;0;0;0;1383;0;0;15;0;80;0;
986;812944;589697024;11382784;568848384;0;0;0;0;0;0;0;0;0;0;0;1402;0;0;15;0;80;0;
987;689543;589697024;11382784;568848384;0;0;0;0;0;0;0;0;0;0;0;1373;0;0;15;0;80;0;
988;1546230;589697024;11382784;568848384;0;0;0;0;0;0;0;0;0;0;0;1322;0;0;15;0;80;0;
989;686328;589697024;11382784;568848384;0;0;0;0;0;0;0;0;0;0;0;1342;0;0;15;0;80;0;
990;680817;589697024;11382784;568848384;0;0;0;0;0;0;0;0;0;0;0;1573;0;0;15;0;80;0;
991;1982878;589697024;11382784;568848384;0;0;0;0;0;0;0;0;0;0;0;1533;0;0;15;0;80;0;
992;1158312;589697024;11382784;568848384;0;0;0;0;0;0;0;0;0;0;0;1402;0;0;15;0;80;0;
993;996308;589697024;11382784;568848384;0;0;0;0;0;0;0;0;0;0;0;1543;0;0;15;0;80;0;
994;1944086;589697024;11382784;568848384;0;0;0;0;0;0;0;0;0;0;0;1313;0;0;15;0;80;0;
995;2227297;589697024;11382784;568848384;0;0;0;0;0;0;0;0;0;0;0;1623;0;0;15;0;80;0;
996;1079154;589697024;11382784;568848384;0;0;0;0;0;0;0;0;0;0;0;1362;0;0;15;0;80;0;
997;1303695;589697024;11382784;568848384;0;0;0;0;0;0;0;0;0;0;0;1483;0;0;15;0;80;0;
998;1009894;589697024;11382784;568848384;0;0;0;0;0;0;0;0;0;0;0;1774;0;0;15;0;80;0;
999;1403071;589697024;11382784;568848384;0;0;0;0;0;0;0;0;0;0;0;1593;0;0;15;0;80;0;
1000;1502438;589697024;11382784;568848384;0;0;0;0;0;0;0;0;0;0;0;1403;0;0;15;0;80;0;
1001;2798188;589697024;11382784;568848384;0;0;0;0;0;0;0;0;0;0;0;3537;0;0;15;0;80;0;
1002;1513038;589697024;11382784;568848384;0;0;0;0;0;0;0;0;0;0;0;1803;0;0;15;0;80;0;
1003;1144116;589697024;11382784;568848384;0;0;0;0;0;0;0;0;0;0;0;1422;0;0;15;0;80;0;
1004;1823008;589697024;11382784;568848384;0;0;0;0;0;0;0;0;0;0;0;1433;0;0;15;0;80;0;
1005;1252028;589697024;11382784;568848384;0;0;0;0;0;0;0;0;0;0;0;1422;0;0;15;0;80;0;
1006;1905814;589697024;11382784;568848384;0;0;0;0;0;0;0;0;0;0;0;1492;0;0;15;0;80;0;
1007;1701792;589697024;11382784;568848384;0;0;0;0;0;0;0;0;0;0;0;1453;0;0;15;0;80;0;
1008;1323272;589697024;11382784;568848384;0;0;0;0;0;0;0;0;0;0;0;1483;0;0;15;0;80;0;
1009;1447996;589697024;11382784;568848384;0;0;0;0;0;0;0;0;0;0;0;1502;0;0;15;0;80;0;
1010;1036263;589697024;11382784;568848384;0;0;0;0;0;0;0;0;0;0;0;1353;0;0;15;0;80;0;
1011;1299447;589291520;10977280;568442880;0;0;0;0;0;0;0;0;0;0;0;1423;0;0;15;0;80;0;
1012;2002055;589291520;10977280;568442880;0;0;0;0;0;0;0;0;0;0;0;1883;0;0;15;0;80;0;
1013;949421;589291520;10977280;568442880;0;0;0;0;0;0;0;0;0;0;0;1523;0;0;15;0;80;0;
1014;1444329;589291520;10977280;568442880;0;0;0;0;0;0;0;0;0;0;0;1613;0;0;15;0;80;0;
1015;1514610;589291520;10977280;568442880;0;0;0;0;0;0;0;0;0;0;0;1392;0;0;15;0;80;0;
1016;957446;589291520;10977280;568442880;0;0;0;0;0;0;0;0;0;0;0;1353;0;0;15;0;80;0;
1017;2377609;589291520;10977280;568442880;0;0;0;0;0;0;0;0;0;0;0;1553;0;0;15;0;80;0;
1018;922731;589291520;10977280;568442880;0;0;0;0;0;0;0;0;0;0;0;1353;0;0;15;0;80;0;
1019;1330916;589291520;10977280;568442880;0;0;0;0;0;0;0;0;0;0;0;1573;0;0;15;0;80;0;
1020;961062;589291520;10977280;568442880;0;0;0;0;0;0;0;0;0;0;0;1553;0;0;15;0;80;0;
1021;2880111;589291520;10977280;568442880;0;0;0;0;0;0;0;0;0;0;0;1543;0;0;15;0;80;0;
1022;1624977;589291520;10977280;568442880;0;0;0;0;0;0;0;0;0;0;0;122210;0;0;15;0;80;0;
1023;901932;589291520;10977280;568442880;0;0;0;0;0;0;0;0;0;0;0;1463;0;0;15;0;80;0;
1024;1594761;589291520;10977280;568442880;0;0;0;0;0;0;0;0;0;0;0;1413;0;0;15;0;80;0;
1025;1463645;589291520;10977280;568442880;0;0;0;0;0;0;0;0;0;0;0;1482;0;0;15;0;80;0;
1026;1309496;589291520;10977280;568442880;0;0;0;0;0;0;0;0;0;0;0;1322;0;0;15;0;80;0;
1027;2790002;589291520;10977280;568442880;0;0;0;0;0;0;0;0;0;0;0;1854;0;0;15;0;80;0;
1028;1698305;589291520;10977280;568442880;0;0;0;0;0;0;0;0;0;0;0;1633;0;0;15;0;80;0;
1029;1010686;589291520;10977280;568442880;0;0;0;0;0;0;0;0;0;0;0;1402;0;0;15;0;80;0;
1030;1171096;589291520;10977280;568442880;0;0;0;0;0;0;0;0;0;0;0;1503;0;0;15;0;80;0;
1031;2629661;589291520;10977280;568442880;0;0;0;0;0;0;0;0;0;0;0;1593;0;0;15;0;80;0;
1032;997461;589291520;10977280;568442880;0;0;0;0;0;0;0;0;0;0;0;1373;0;0;15;0;80;0;
1033;663384;589291520;10977280;568442880;0;0;0;0;0;0;0;0;0;0;0;1333;0;0;15;0;80;0;
1034;876343;589291520;10977280;568442880;0;0;0;0;0;0;0;0;0;0;0;1443;0;0;15;0;80;0;
1035;1174863;589291520;10977280;568442880;0;0;0;0;0;0;0;0;0;0;0;1362;0;0;15;0;80;0;
1036;1677957;589291520;10977280;568442880;0;0;0;0;0;0;0;0;0;0;0;1553;0;0;15;0;80;0;
1037;1556188;589291520;10977280;568442880;0;0;0;0;0;0;0;0;0;0;0;1483;0;0;15;0;80;0;
1038;1236709;589291520;10977280;568442880;0;0;0;0;0;0;0;0;0;0;0;1363;0;0;15;0;80;0;
1039;1270874;589291520;10977280;568442880;0;0;0;0;0;0;0;0;0;0;0;1503;0;0;15;0;80;0;
1040;844404;589291520;10977280;568442880;0;0;0;0;0;0;0;0;0;0;0;1383;0;0;15;0;80;0;
1041;1877151;589291520;10977280;568442880;0;0;0;0;0;0;0;0;0;0;0;1743;0;0;15;0;80;0;
1042;1492418;589291520;10977280;568442880;0;0;0;0;0;0;0;0;0;0;0;1583;0;0;15;0;80;0;
1043;1083232;589291520;10977280;568442880;0;0;0;0;0;0;0;0;0;0;0;1523;0;0;15;0;80;0;
1044;1713914;589291520;10977280;568442880;0;0;0;0;0;0;0;0;0;0;0;1423;0;0;15;0;80;0;
1045;1486628;589291520;10977280;568442880;0;0;0;0;0;0;0;0;0;0;0;1713;0;0;15;0;80;0;
1046;2560703;589291520;10977280;568442880;0;0;0;0;0;0;0;0;0;0;0;1533;0;0;15;0;80;0;
1047;1192887;589291520;10977280;568442880;0;0;0;0;0;0;0;0;0;0;0;1502;0;0;15;0;80;0;
1048;1565426;589291520;10977280;568442880;0;0;0;0;0;0;0;0;0;0;0;1373;0;0;15;0;80;0;
1049;1139277;589291520;10977280;568442880;0;0;0;0;0;0;0;0;0;0;0;1413;0;0;15;0;80;0;
1050;975129;589291520;10977280;568442880;0;0;0;0;0;0;0;0;0;0;0;1412;0;0;15;0;80;0;
1051;1989461;589291520;10977280;568442880;0;0;0;0;0;0;0;0;0;0;0;1924;0;0;15;0;80;0;
1052;1855870;589291520;10977280;568442880;0;0;0;0;0;0;0;0;0;0;0;1903;0;0;15;0;80;0;
1053;1135599;589291520;10977280;568442880;0;0;0;0;0;0;0;0;0;0;0;1393;0;0;15;0;80;0;
1054;1778595;589291520;10977280;568442880;0;0;0;0;0;0;0;0;0;0;0;1522;0;0;15;0;80;0;
1055;1009793;589291520;10977280;568442880;0;0;0;0;0;0;0;0;0;0;0;1432;0;0;15;0;80;0;
1056;984346;589291520;10977280;568442880;0;0;0;0;0;0;0;0;0;0;0;1482;0;0;15;0;80;0;
1057;2040497;589291520;10977280;568442880;0;0;0;0;0;0;0;0;0;0;0;1533;0;0;15;0;80;0;
1058;1842355;593485824;10977280;585220096;0;0;0;0;0;0;0;0;0;0;0;1503;0;0;15;0;80;0;
1059;1377283;593485824;10977280;585220096;0;0;0;0;0;0;0;0;0;0;0;1873;0;0;15;0;80;0;
1060;1357606;593485824;10977280;585220096;0;0;0;0;0;0;0;0;0;0;0;1393;0;0;15;0;80;0;
1061;5325417;593485824;10977280;585220096;0;0;0;0;0;0;0;0;0;0;0;1402;0;0;15;0;80;0;
1062;2918242;593457152;11673600;585916416;0;0;0;0;0;0;0;0;0;0;0;1944;0;0;15;0;80;0;
1063;1276915;593719296;11673600;585916416;0;0;0;0;0;0;0;0;0;0;0;1943;0;0;15;0;80;0;
1064;1525791;593719296;11673600;585916416;0;0;0;0;0;0;0;0;0;0;0;1463;0;0;15;0;80;0;
1065;1696161;593719296;11673600;585916416;0;0;0;0;0;0;0;0;0;0;0;1593;0;0;15;0;80;0;
1066;2753624;597696512;11673600;585916416;0;0;0;0;0;0;0;0;0;0;0;2474;0;0;16;0;80;0;
1067;1415725;597696512;11673600;585916416;0;0;0;0;0;0;0;0;0;0;0;1433;0;0;16;0;80;0;
1068;2339999;597696512;11673600;585916416;0;0;0;0;0;0;0;0;0;0;0;1493;0;0;16;0;80;0;
1069;1649333;597966848;11673600;585916416;0;0;0;0;0;0;0;0;0;0;0;1593;0;0;16;0;80;0;
1070;1280071;598237184;11673600;585916416;0;0;0;0;0;0;0;0;0;0;0;1422;0;0;16;0;80;0;
1071;1485446;598237184;11673600;585916416;0;0;0;0;0;0;0;0;0;0;0;1423;0;0;16;0;80;0;
1072;2283081;598237184;11673600;585916416;0;0;0;0;0;0;0;0;0;0;0;1463;0;0;16;0;80;0;
1073;1453506;598237184;11673600;585916416;0;0;0;0;0;0;0;0;0;0;0;1563;0;0;16;0;80;0;
1074;2933952;604786688;11673600;602693632;0;0;0;0;0;0;0;0;0;0;0;2064;0;0;17;0;80;0;
1075;1344231;604786688;11673600;602693632;0;0;0;0;0;0;0;0;0;0;0;1663;0;0;17;0;80;0;
1076;1412409;604786688;11673600;602693632;0;0;0;0;0;0;0;0;0;0;0;1503;0;0;17;0;80;0;
1077;1167319;604786688;11673600;602693632;0;0;0;0;0;0;0;0;0;0;0;1583;0;0;17;0;80;0;
1078;1956930;604786688;11673600;602693632;0;0;0;0;0;0;0;0;0;0;0;1392;0;0;17;0;80;0;
1079;1731968;604786688;11673600;602693632;0;0;0;0;0;0;0;0;0;0;0;1412;0;0;17;0;80;0;
1080;1106796;604786688;11673600;602693632;0;0;0;0;0;0;0;0;0;0;0;1573;0;0;17;0;80;0;
1081;889999;604786688;11673600;602693632;0;0;0;0;0;0;0;0;0;0;0;1372;0;0;17;0;80;0;
1082;1925922;604786688;11673600;602693632;0;0;0;0;0;0;0;0;0;0;0;1533;0;0;17;0;80;0;
1083;1306060;604786688;11673600;602693632;0;0;0;0;0;0;0;0;0;0;0;1533;0;0;17;0;80;0;
1084;3394526;608768000;11673600;602693632;0;0;0;0;0;0;0;0;0;0;0;2866;0;0;18;0;80;0;
1085;1894964;608768000;11673600;602693632;0;0;0;0;0;0;0;0;0;0;0;1823;0;0;18;0;80;0;
1086;871975;608768000;11673600;602693632;0;0;0;0;0;0;0;0;0;0;0;1402;0;0;18;0;80;0;
1087;932229;608768000;11673600;602693632;0;0;0;0;0;0;0;0;0;0;0;1352;0;0;18;0;80;0;
1088;1637691;608768000;11673600;602693632;0;0;0;0;0;0;0;0;0;0;0;1452;0;0;18;0;80;0;
1089;871926;608768000;11673600;602693632;0;0;0;0;0;0;0;0;0;0;0;1412;0;0;18;0;80;0;
1090;716333;608768000;11673600;602693632;0;0;0;0;0;0;0;0;0;0;0;1473;0;0;18;0;80;0;
1091;1599560;608768000;11673600;602693632;0;0;0;0;0;0;0;0;0;0;0;1453;0;0;18;0;80;0;
1092;1712772;608768000;11673600;602693632;0;0;0;0;0;0;0;0;0;0;0;1382;0;0;18;0;80;0;
1093;1308363;608768000;11673600;602693632;0;0;0;0;0;0;0;0;0;0;0;1553;0;0;18;0;80;0;
1094;1233013;608768000;11673600;602693632;0;0;0;0;0;0;0;0;0;0;0;1513;0;0;18;0;80;0;
1095;2515718;613007360;11673600;602693632;0;0;0;0;0;0;0;0;0;0;0;2023;0;0;19;0;80;0;
1096;1691532;613007360;11673600;602693632;0;0;0;0;0;0;0;0;0;0;0;1643;0;0;19;0;80;0;
1097;978255;613007360;11673600;602693632;0;0;0;0;0;0;0;0;0;0;0;1353;0;0;19;0;80;0;
1098;1822298;613007360;11673600;602693632;0;0;0;0;0;0;0;0;0;0;0;1553;0;0;19;0;80;0;
1099;1355652;613007360;11673600;602693632;0;0;0;0;0;0;0;0;0;0;0;1523;0;0;19;0;80;0;
1100;1300829;613007360;11673600;602693632;0;0;0;0;0;0;0;0;0;0;0;1342;0;0;19;0;80;0;
1101;934092;613007360;11673600;602693632;0;0;0;0;0;0;0;0;0;0;0;1363;0;0;19;0;80;0;
1102;1689308;613007360;11673600;602693632;0;0;0;0;0;0;0;0;0;0;0;1473;0;0;19;0;80;0;
1103;1151961;613007360;11673600;602693632;0;0;0;0;0;0;0;0;0;0;0;1382;0;0;19;0;80;0;
1104;1141331;613007360;11673600;602693632;0;0;0;0;0;0;0;0;0;0;0;1342;0;0;19;0;80;0;
1105;887074;613007360;11673600;602693632;0;0;0;0;0;0;0;0;0;0;0;1383;0;0;19;0;80;0;
1106;2869411;615170048;11673600;602693632;0;0;0;0;0;0;0;0;0;0;0;2094;0;0;20;0;80;0;
1107;1685842;615170048;11673600;602693632;0;0;0;0;0;0;0;0;0;0;0;1784;0;0;20;0;80;0;
1108;1899342;615170048;11673600;602693632;0;0;0;0;0;0;0;0;0;0;0;1543;0;0;20;0;80;0;
1109;2260069;615170048;11673600;602693632;0;0;0;0;0;0;0;0;0;0;0;1342;0;0;20;0;80;0;
1110;3473635;615170048;11673600;602693632;0;0;0;0;0;0;0;0;0;0;0;1553;0;0;20;0;80;0;
1111;1601764;615170048;11673600;602693632;0;0;0;0;0;0;0;0;0;0;0;1383;0;0;20;0;80;0;
1112;1855530;615170048;11673600;602693632;0;0;0;0;0;0;0;0;0;0;0;1373;0;0;20;0;80;0;
1113;4454003;619225088;11673600;602693632;0;0;0;0;0;0;0;0;0;0;0;2455;0;0;21;0;80;0;
1114;1750593;619225088;11673600;602693632;0;0;0;0;0;0;0;0;0;0;0;66285;0;0;21;0;80;0;
1115;2219312;619225088;11673600;602693632;0;0;0;0;0;0;0;0;0;0;0;1603;0;0;21;0;80;0;
1116;1474275;619225088;11673600;602693632;0;0;0;0;0;0;0;0;0;0;0;1353;0;0;21;0;80;0;
1117;1113508;619225088;11673600;602693632;0;0;0;0;0;0;0;0;0;0;0;1383;0;0;21;0;80;0;
1118;1592657;619225088;11673600;602693632;0;0;0;0;0;0;0;0;0;0;0;3677;0;0;21;0;80;0;
1119;2838103;619225088;11673600;602693632;0;0;0;0;0;0;0;0;0;0;0;1663;0;0;21;0;80;0;
1120;1774709;619225088;11673600;602693632;0;0;0;0;0;0;0;0;0;0;0;1382;0;0;21;0;80;0;
1121;1151720;619225088;11673600;602693632;0;0;0;0;0;0;0;0;0;0;0;1513;0;0;21;0;80;0;
1122;1561048;619225088;11673600;602693632;0;0;0;0;0;0;0;0;0;0;0;1493;0;0;21;0;80;0;
1123;755546;619225088;11673600;602693632;0;0;0;0;0;0;0;0;0;0;0;1413;0;0;21;0;80;0;
1124;1245676;619225088;11673600;602693632;0;0;0;0;0;0;0;0;0;0;0;1653;0;0;21;0;80;0;
1125;1403512;619225088;11673600;602693632;0;0;0;0;0;0;0;0;0;0;0;1492;0;0;21;0;80;0;
1126;1122244;619225088;11673600;602693632;0;0;0;0;0;0;0;0;0;0;0;1523;0;0;21;0;80;0;
1127;2050224;619225088;11673600;602693632;0;0;0;0;0;0;0;0;0;0;0;1362;0;0;21;0;80;0;
1128;2413125;619470848;11669504;602689536;0;0;0;0;0;0;0;0;0;0;0;1383;0;0;21;0;80;0;
1129;1547362;619470848;11669504;602689536;0;0;0;0;0;0;0;0;0;0;0;1403;0;0;21;0;80;0;
1130;1355633;619470848;11669504;602689536;0;0;0;0;0;0;0;0;0;0;0;1352;0;0;21;0;80;0;
1131;1599790;619470848;11669504;602689536;0;0;0;0;0;0;0;0;0;0;0;1402;0;0;21;0;80;0;
1132;1142242;619470848;11669504;602689536;0;0;0;0;0;0;0;0;0;0;0;1523;0;0;21;0;80;0;
1133;1236018;619470848;11669504;602689536;0;0;0;0;0;0;0;0;0;0;0;1493;0;0;21;0;80;0;
1134;1241889;619470848;11669504;602689536;0;0;0;0;0;0;0;0;0;0;0;1433;0;0;21;0;80;0;
1135;1225017;619470848;11669504;602689536;0;0;0;0;0;0;0;0;0;0;0;1563;0;0;21;0;80;0;
1136;1324063;619470848;11669504;602689536;0;0;0;0;0;0;0;0;0;0;0;1433;0;0;21;0;80;0;
1137;2567515;619470848;11669504;602689536;0;0;0;0;0;0;0;0;0;0;0;1392;0;0;21;0;80;0;
1138;1392582;619470848;11669504;602689536;0;0;0;0;0;0;0;0;0;0;0;1472;0;0;21;0;80;0;
1139;1415054;619470848;11669504;602689536;0;0;0;0;0;0;0;0;0;0;0;1583;0;0;21;0;80;0;
1140;1445601;619470848;11669504;602689536;0;0;0;0;0;0;0;0;0;0;0;1182;0;0;21;0;80;0;
1141;1218054;619470848;11669504;602689536;0;0;0;0;0;0;0;0;0;0;0;1463;0;0;21;0;80;0;
1142;1884183;619470848;11669504;602689536;0;0;0;0;0;0;0;0;0;0;0;1433;0;0;21;0;80;0;
1143;1259652;619470848;11669504;602689536;0;0;0;0;0;0;0;0;0;0;0;1483;0;0;21;0;80;0;
1144;1920482;619470848;11669504;602689536;0;0;0;0;0;0;0;0;0;0;0;1583;0;0;21;0;80;0;
1145;1362866;619470848;11669504;602689536;0;0;0;0;0;0;0;0;0;0;0;1433;0;0;21;0;80;0;
1146;1530390;619470848;11669504;602689536;0;0;0;0;0;0;0;0;0;0;0;1583;0;0;21;0;80;0;
1147;1299697;619470848;11669504;602689536;0;0;0;0;0;0;0;0;0;0;0;1523;0;0;21;0;80;0;
1148;1843557;619470848;11669504;602689536;0;0;0;0;0;0;0;0;0;0;0;1192;0;0;21;0;80;0;
1149;2543710;623665152;11669504;619466752;0;0;0;0;0;0;0;0;0;0;0;1553;0;0;21;0;80;0;
1150;1680402;623665152;11669504;619466752;0;0;0;0;0;0;0;0;0;0;0;1773;0;0;21;0;80;0;
1151;1342407;623665152;11669504;619466752;0;0;0;0;0;0;0;0;0;0;0;1422;0;0;21;0;80;0;
1152;1695900;623665152;11669504;619466752;0;0;0;0;0;0;0;0;0;0;0;1513;0;0;21;0;80;0;
1153;1672366;623665152;11669504;619466752;0;0;0;0;0;0;0;0;0;0;0;1432;0;0;21;0;80;0;
1154;1362596;623665152;11669504;619466752;0;0;0;0;0;0;0;0;0;0;0;1463;0;0;21;0;80;0;
1155;2328497;623681536;11513856;619311104;0;0;0;0;0;0;0;0;0;0;0;1522;0;0;21;0;80;0;
1156;1304757;623681536;11513856;619311104;0;0;0;0;0;0;0;0;0;0;0;1543;0;0;21;0;80;0;
1157;1306811;623681536;11513856;619311104;0;0;0;0;0;0;0;0;0;0;0;1533;0;0;21;0;80;0;
1158;2406483;623681536;11513856;619311104;0;0;0;0;0;0;0;0;0;0;0;1452;0;0;21;0;80;0;
1159;1602656;623681536;11513856;619311104;0;0;0;0;0;0;0;0;0;0;0;1452;0;0;21;0;80;0;
1160;1242390;623681536;11513856;619311104;0;0;0;0;0;0;0;0;0;0;0;1423;0;0;21;0;80;0;
1161;3693247;627662848;11513856;619311104;0;0;0;0;0;0;0;0;0;0;0;2956;0;0;22;0;80;0;
1162;1939698;627662848;11513856;619311104;0;0;0;0;0;0;0;0;0;0;0;1683;0;0;22;0;80;0;
1163;1382553;627662848;11513856;619311104;0;0;0;0;0;0;0;0;0;0;0;1563;0;0;22;0;80;0;
1164;3790238;627662848;11513856;619311104;0;0;0;0;0;0;0;0;0;0;0;1503;0;0;22;0;80;0;
1165;3193830;627662848;11522048;619319296;0;0;0;0;0;0;0;0;0;0;0;1883;0;0;22;0;80;0;
1166;2141306;627662848;11522048;619319296;0;0;0;0;0;0;0;0;0;0;0;1603;0;0;22;0;80;0;
1167;1924700;627924992;11522048;619319296;0;0;0;0;0;0;0;0;0;0;0;1433;0;0;22;0;80;0;
1168;1311710;627924992;11522048;619319296;0;0;0;0;0;0;0;0;0;0;0;1573;0;0;22;0;80;0;
1169;1336827;627924992;11522048;619319296;0;0;0;0;0;0;0;0;0;0;0;1393;0;0;22;0;80;0;
1170;1387141;627924992;11522048;619319296;0;0;0;0;0;0;0;0;0;0;0;1373;0;0;22;0;80;0;
1171;1494012;627924992;11522048;619319296;0;0;0;0;0;0;0;0;0;0;0;1382;0;0;22;0;80;0;
1172;1575785;627924992;11522048;619319296;0;0;0;0;0;0;0;0;0;0;0;1412;0;0;22;0;80;0;
1173;1573611;627924992;11522048;619319296;0;0;0;0;0;0;0;0;0;0;0;1383;0;0;22;0;80;0;
1174;2820479;627924992;11522048;619319296;0;0;0;0;0;0;0;0;0;0;0;1583;0;0;22;0;80;0;
1175;2105890;627924992;11522048;619319296;0;0;0;0;0;0;0;0;0;0;0;1653;0;0;22;0;80;0;
1176;4368272;630083584;11522048;619319296;0;0;0;0;0;0;0;0;0;0;0;4178;0;0;23;0;80;0;
1177;1443327;630083584;11522048;619319296;0;0;0;0;0;0;0;0;0;0;0;1413;0;0;23;0;80;0;
1178;1003181;630083584;11522048;619319296;0;0;0;0;0;0;0;0;0;0;0;1552;0;0;23;0;80;0;
1179;1505373;630083584;11522048;619319296;0;0;0;0;0;0;0;0;0;0;0;1142;0;0;23;0;80;0;
1180;1816998;630083584;11522048;619319296;0;0;0;0;0;0;0;0;0;0;0;1693;0;0;23;0;80;0;
1181;1708684;630083584;11522048;619319296;0;0;0;0;0;0;0;0;0;0;0;1343;0;0;23;0;80;0;
1182;1493460;630083584;11522048;619319296;0;0;0;0;0;0;0;0;0;0;0;1512;0;0;23;0;80;0;
1183;2862529;630083584;11522048;619319296;0;0;0;0;0;0;0;0;0;0;0;1433;0;0;23;0;80;0;
1184;1687796;630083584;11522048;619319296;0;0;0;0;0;0;0;0;0;0;0;1142;0;0;23;0;80;0;
1185;1309736;630083584;11522048;619319296;0;0;0;0;0;0;0;0;0;0;0;1472;0;0;23;0;80;0;
1186;1952712;630083584;11522048;619319296;0;0;0;0;0;0;0;0;0;0;0;1483;0;0;23;0;80;0;
1187;1963342;630083584;11522048;619319296;0;0;0;0;0;0;0;0;0;0;0;1423;0;0;23;0;80;0;
1188;1514410;630083584;11522048;619319296;0;0;0;0;0;0;0;0;0;0;0;1383;0;0;23;0;80;0;
1189;1984362;630083584;11522048;619319296;0;0;0;0;0;0;0;0;0;0;0;1553;0;0;23;0;80;0;
1190;1714987;630083584;11522048;619319296;0;0;0;0;0;0;0;0;0;0;0;1654;0;0;23;0;80;0;
1191;2507322;630083584;11522048;619319296;0;0;0;0;0;0;0;0;0;0;0;1503;0;0;23;0;80;0;
1192;3125651;630083584;11522048;619319296;0;0;0;0;0;0;0;0;0;0;0;1453;0;0;23;0;80;0;
1193;3231911;636375040;11522048;636096512;0;0;0;0;0;0;0;0;0;0;0;2185;0;0;24;0;80;0;
1194;1552893;636375040;11522048;636096512;0;0;0;0;0;0;0;0;0;0;0;2004;0;0;24;0;80;0;
1195;1749651;636375040;11522048;636096512;0;0;0;0;0;0;0;0;0;0;0;1904;0;0;24;0;80;0;
1196;1339672;636375040;11522048;636096512;0;0;0;0;0;0;0;0;0;0;0;1352;0;0;24;0;80;0;
1197;1659572;636375040;11522048;636096512;0;0;0;0;0;0;0;0;0;0;0;1453;0;0;24;0;80;0;
1198;1453476;636375040;11522048;636096512;0;0;0;0;0;0;0;0;0;0;0;1703;0;0;24;0;80;0;
1199;2706405;636375040;11522048;636096512;0;0;0;0;0;0;0;0;0;0;0;1573;0;0;24;0;80;0;
1200;1469115;636375040;11522048;636096512;0;0;0;0;0;0;0;0;0;0;0;1573;0;0;24;0;80;0;
1201;3948385;636637184;11522048;636096512;0;0;0;0;0;0;0;0;0;0;0;1853;0;0;24;0;80;0;
1202;1593107;636637184;11522048;636096512;0;0;0;0;0;0;0;0;0;0;0;1463;0;0;24;0;80;0;
1203;1921163;636637184;11522048;636096512;0;0;0;0;0;0;0;0;0;0;0;1703;0;0;24;0;80;0;
1204;1290791;636637184;11522048;636096512;0;0;0;0;0;0;0;0;0;0;0;1433;0;0;24;0;80;0;
1205;1964765;636637184;11522048;636096512;0;0;0;0;0;0;0;0;0;0;0;1342;0;0;24;0;80;0;
1206;1572419;636637184;11522048;636096512;0;0;0;0;0;0;0;0;0;0;0;1393;0;0;24;0;80;0;
1207;1686382;636637184;11522048;636096512;0;0;0;0;0;0;0;0;0;0;0;1533;0;0;24;0;80;0;
1208;899177;636637184;11522048;636096512;0;0;0;0;0;0;0;0;0;0;0;1493;0;0;24;0;80;0;
1209;1765631;636637184;11522048;636096512;0;0;0;0;0;0;0;0;0;0;0;1362;0;0;24;0;80;0;
1210;2566534;636637184;11522048;636096512;0;0;0;0;0;0;0;0;0;0;0;1393;0;0;24;0;80;0;
1211;1745323;636637184;11522048;636096512;0;0;0;0;0;0;0;0;0;0;0;1503;0;0;24;0;80;0;
1212;1667737;636637184;11522048;636096512;0;0;0;0;0;0;0;0;0;0;0;1333;0;0;24;0;80;0;
1213;1454187;636637184;11522048;636096512;0;0;0;0;0;0;0;0;0;0;0;1403;0;0;24;0;80;0;
1214;1274070;636637184;11522048;636096512;0;0;0;0;0;0;0;0;0;0;0;1633;0;0;24;0;80;0;
1215;849834;636637184;11522048;636096512;0;0;0;0;0;0;0;0;0;0;0;1393;0;0;24;0;80;0;
1216;1098881;636637184;11522048;636096512;0;0;0;0;0;0;0;0;0;0;0;1433;0;0;24;0;80;0;
1217;1254522;636637184;11522048;636096512;0;0;0;0;0;0;0;0;0;0;0;1412;0;0;24;0;80;0;
1218;1214167;636637184;11522048;636096512;0;0;0;0;0;0;0;0;0;0;0;1403;0;0;24;0;80;0;
1219;7513440;636637184;11522048;636096512;0;0;0;0;0;0;0;0;0;0;0;1523;0;0;24;0;80;0;
1220;2054162;636637184;11522048;636096512;0;0;0;0;0;0;0;0;0;0;0;2975;0;0;24;0;82;0;
1221;1492379;636637184;11522048;636096512;0;0;0;0;0;0;0;0;0;0;0;1493;0;0;24;0;82;0;
1222;1500444;636637184;11522048;636096512;0;0;0;0;0;0;0;0;0;0;0;1924;0;0;24;0;82;0;
1223;2051067;636637184;11522048;636096512;0;0;0;0;0;0;0;0;0;0;0;1743;0;0;24;0;82;0;
1224;1529598;636637184;11522048;636096512;0;0;0;0;0;0;0;0;0;0;0;1432;0;0;24;0;82;0;
1225;2860765;636637184;11522048;636096512;0;0;0;0;0;0;0;0;0;0;0;1553;0;0;24;0;82;0;
1226;1881268;636637184;11522048;636096512;0;0;0;0;0;0;0;0;0;0;0;1563;0;0;24;0;82;0;
1227;1773446;636637184;11522048;636096512;0;0;0;0;0;0;0;0;0;0;0;1553;0;0;24;0;82;0;
1228;1643552;636817408;11513856;636088320;0;0;0;0;0;0;0;0;0;0;0;1483;0;0;24;0;82;0;
1229;1750854;636817408;11513856;636088320;0;0;0;0;0;0;0;0;0;0;0;2004;0;0;24;0;82;0;
1230;1384266;636817408;11513856;636088320;0;0;0;0;0;0;0;0;0;0;0;1733;0;0;24;0;82;0;
1231;2505188;636817408;11513856;636088320;0;0;0;0;0;0;0;0;0;0;0;1483;0;0;24;0;82;0;
1232;1818070;636817408;11513856;636088320;0;0;0;0;0;0;0;0;0;0;0;1433;0;0;24;0;82;0;
1233;2021812;636817408;11513856;636088320;0;0;0;0;0;0;0;0;0;0;0;1453;0;0;24;0;82;0;
1234;4873890;640794624;11513856;636088320;0;0;0;0;0;0;0;0;0;0;0;3165;0;0;25;0;82;0;
1235;2078407;640794624;11513856;636088320;0;0;0;0;0;0;0;0;0;0;0;2164;0;0;25;0;82;0;
1236;1625579;640794624;11513856;636088320;0;0;0;0;0;0;0;0;0;0;0;1342;0;0;25;0;82;0;
1237;2308459;640794624;11513856;636088320;0;0;0;0;0;0;0;0;0;0;0;1353;0;0;25;0;82;0;
1238;1415905;640794624;11513856;636088320;0;0;0;0;0;0;0;0;0;0;0;1994;0;0;25;0;82;0;
1239;2850596;640794624;11513856;636088320;0;0;0;0;0;0;0;0;0;0;0;1553;0;0;25;0;82;0;
1240;2704252;640794624;11513856;636088320;0;0;0;0;0;0;0;0;0;0;0;1743;0;0;25;0;82;0;
1241;5947304;645115904;11513856;636088320;0;0;0;0;0;0;0;0;0;0;0;2424;0;0;26;0;82;0;
1242;2748816;645115904;11513856;636088320;0;0;0;0;0;0;0;0;0;0;0;2224;0;0;26;0;82;0;
1243;2152597;645115904;11513856;636088320;0;0;0;0;0;0;0;0;0;0;0;1472;0;0;26;0;82;0;
1244;2422824;645115904;11513856;636088320;0;0;0;0;0;0;0;0;0;0;0;1503;0;0;26;0;82;0;
1245;1976817;645115904;11513856;636088320;0;0;0;0;0;0;0;0;0;0;0;1413;0;0;26;0;82;0;
1246;2732094;645115904;11513856;636088320;0;0;0;0;0;0;0;0;0;0;0;1593;0;0;26;0;82;0;
1247;1908890;645115904;11513856;636088320;0;0;0;0;0;0;0;0;0;0;0;2314;0;0;26;0;82;0;
1248;2314911;645115904;11513856;636088320;0;0;0;0;0;0;0;0;0;0;0;2124;0;0;26;0;82;0;
1249;1605992;645115904;11513856;636088320;0;0;0;0;0;0;0;0;0;0;0;1563;0;0;26;0;82;0;
1250;2145534;645115904;11513856;636088320;0;0;0;0;0;0;0;0;0;0;0;1833;0;0;26;0;82;0;
1251;2019748;645115904;11513856;636088320;0;0;0;0;0;0;0;0;0;0;0;1833;0;0;26;0;82;0;
1252;2531097;645115904;11513856;636088320;0;0;0;0;0;0;0;0;0;0;0;1613;0;0;26;0;82;0;
1253;2023114;645115904;11513856;636088320;0;0;0;0;0;0;0;0;0;0;0;2145;0;0;26;0;82;0;
1254;2298300;645115904;11513856;636088320;0;0;0;0;0;0;0;0;0;0;0;1613;0;0;26;0;82;0;
1255;3973672;645115904;11513856;636088320;0;0;0;0;0;0;0;0;0;0;0;1302;0;0;26;0;82;0;
1256;3593940;645115904;11517952;636092416;0;0;0;0;0;0;0;0;0;0;0;3687;0;0;26;0;82;0;
1257;2868069;645115904;11517952;636092416;0;0;0;0;0;0;0;0;0;0;0;1823;0;0;26;0;82;0;
1258;2954571;645115904;11517952;636092416;0;0;0;0;0;0;0;0;0;0;0;2024;0;0;26;0;82;0;
1259;4401234;645115904;11517952;636092416;0;0;0;0;0;0;0;0;0;0;0;2785;0;0;26;0;82;0;
1260;2001523;645115904;11517952;636092416;0;0;0;0;0;0;0;0;0;0;0;1553;0;0;26;0;82;0;
1261;1740053;645115904;11517952;636092416;0;0;0;0;0;0;0;0;0;0;0;1513;0;0;26;0;82;0;
1262;2113815;645115904;11517952;636092416;0;0;0;0;0;0;0;0;0;0;0;1563;0;0;26;0;82;0;
1263;4293843;645115904;11517952;636092416;0;0;0;0;0;0;0;0;0;0;0;1553;0;0;26;0;82;0;
1264;2291528;645115904;11517952;636092416;0;0;0;0;0;0;0;0;0;0;0;2365;0;0;26;0;82;0;
1265;2613060;645115904;11517952;636092416;0;0;0;0;0;0;0;0;0;0;0;1703;0;0;26;0;82;0;
1266;1940709;645115904;11517952;636092416;0;0;0;0;0;0;0;0;0;0;0;1984;0;0;26;0;82;0;
1267;1612654;645115904;11517952;636092416;0;0;0;0;0;0;0;0;0;0;0;1583;0;0;26;0;82;0;
1268;2117822;645115904;11517952;636092416;0;0;0;0;0;0;0;0;0;0;0;1733;0;0;26;0;82;0;
1269;1443658;645115904;11517952;636092416;0;0;0;0;0;0;0;0;0;0;0;1472;0;0;26;0;82;0;
1270;1135369;645115904;11517952;636092416;0;0;0;0;0;0;0;0;0;0;0;1372;0;0;26;0;82;0;
1271;3022338;645115904;11517952;636092416;0;0;0;0;0;0;0;0;0;0;0;1453;0;0;26;0;82;0;
1272;3279791;645115904;11517952;636092416;0;0;0;0;0;0;0;0;0;0;0;3216;0;0;26;0;82;0;
1273;2011473;645115904;11517952;636092416;0;0;0;0;0;0;0;0;0;0;0;138129;0;0;26;0;82;0;
1274;3672728;645115904;11517952;636092416;0;0;0;0;0;0;0;0;0;0;0;2064;0;0;26;0;82;0;
1275;1411196;645115904;11517952;636092416;0;0;0;0;0;0;0;0;0;0;0;1473;0;0;26;0;82;0;
1276;2015680;645115904;11517952;636092416;0;0;0;0;0;0;0;0;0;0;0;1713;0;0;26;0;82;0;
1277;2578135;645115904;11517952;636092416;0;0;0;0;0;0;0;0;0;0;0;1583;0;0;26;0;82;0;
1278;2036369;645115904;11517952;636092416;0;0;0;0;0;0;0;0;0;0;0;1623;0;0;26;0;82;0;
1279;2915547;645115904;11517952;636092416;0;0;0;0;0;0;0;0;0;0;0;1764;0;0;26;0;82;0;
1280;1641549;645115904;11517952;636092416;0;0;0;0;0;0;0;0;0;0;0;1603;0;0;26;0;82;0;
1281;1536341;645115904;11517952;636092416;0;0;0;0;0;0;0;0;0;0;0;1543;0;0;26;0;82;0;
1282;2091843;645115904;11517952;636092416;0;0;0;0;0;0;0;0;0;0;0;2074;0;0;26;0;82;0;
1283;2273033;645115904;11517952;636092416;0;0;0;0;0;0;0;0;0;0;0;1823;0;0;26;0;82;0;
1284;2262944;645115904;11517952;636092416;0;0;0;0;0;0;0;0;0;0;0;1432;0;0;26;0;82;0;
1285;1237772;645115904;11517952;636092416;0;0;0;0;0;0;0;0;0;0;0;1573;0;0;26;0;82;0;
1286;2048572;645115904;11517952;636092416;0;0;0;0;0;0;0;0;0;0;0;1563;0;0;26;0;82;0;
1287;2820059;645115904;11517952;636092416;0;0;0;0;0;0;0;0;0;0;0;1512;0;0;26;0;82;0;
1288;1211101;645115904;11517952;636092416;0;0;0;0;0;0;0;0;0;0;0;1443;0;0;26;0;82;0;
1289;1695860;645115904;11517952;636092416;0;0;0;0;0;0;0;0;0;0;0;1733;0;0;26;0;82;0;
1290;2425399;645115904;11517952;636092416;0;0;0;0;0;0;0;0;0;0;0;2064;0;0;26;0;82;0;
1291;1797902;645115904;11517952;636092416;0;0;0;0;0;0;0;0;0;0;0;1533;0;0;26;0;82;0;
1292;1860499;645115904;11517952;636092416;0;0;0;0;0;0;0;0;0;0;0;1593;0;0;26;0;82;0;
1293;932239;645115904;11517952;636092416;0;0;0;0;0;0;0;0;0;0;0;1483;0;0;26;0;82;0;
1294;1729454;645115904;11517952;636092416;0;0;0;0;0;0;0;0;0;0;0;1814;0;0;26;0;82;0;
1295;2404970;645115904;11517952;636092416;0;0;0;0;0;0;0;0;0;0;0;3336;0;0;26;0;82;0;
1296;1261585;645115904;11517952;636092416;0;0;0;0;0;0;0;0;0;0;0;1453;0;0;26;0;82;0;
1297;1664943;645115904;11517952;636092416;0;0;0;0;0;0;0;0;0;0;0;1232;0;0;26;0;82;0;
1298;1480076;645115904;11517952;636092416;0;0;0;0;0;0;0;0;0;0;0;1533;0;0;26;0;82;0;
1299;1635247;645115904;11517952;636092416;0;0;0;0;0;0;0;0;0;0;0;1463;0;0;26;0;82;0;
1300;1330225;645115904;11517952;636092416;0;0;0;0;0;0;0;0;0;0;0;1422;0;0;26;0;82;0;
1301;1258821;645115904;11517952;636092416;0;0;0;0;0;0;0;0;0;0;0;1373;0;0;26;0;82;0;
1302;1623385;645115904;11517952;636092416;0;0;0;0;0;0;0;0;0;0;0;1393;0;0;26;0;82;0;
1303;2132669;645050368;11403264;635977728;0;0;0;0;0;0;0;0;0;0;0;1653;0;0;26;0;82;0;
1304;1941722;645050368;11403264;635977728;0;0;0;0;0;0;0;0;0;0;0;1512;0;0;26;0;82;0;
1305;1777554;645050368;11403264;635977728;0;0;0;0;0;0;0;0;0;0;0;1412;0;0;26;0;82;0;
1306;1838889;645050368;11403264;635977728;0;0;0;0;0;0;0;0;0;0;0;1403;0;0;26;0;82;0;
1307;718067;645050368;11403264;635977728;0;0;0;0;0;0;0;0;0;0;0;1472;0;0;26;0;82;0;
1308;1560186;645050368;11403264;635977728;0;0;0;0;0;0;0;0;0;0;0;1583;0;0;26;0;82;0;
1309;1452664;645050368;11403264;635977728;0;0;0;0;0;0;0;0;0;0;0;1413;0;0;26;0;82;0;
1310;1543645;645050368;11403264;635977728;0;0;0;0;0;0;0;0;0;0;0;1463;0;0;26;0;82;0;
1311;1660795;645050368;11403264;635977728;0;0;0;0;0;0;0;0;0;0;0;1382;0;0;26;0;82;0;
1312;1196634;645050368;11403264;635977728;0;0;0;0;0;0;0;0;0;0;0;1383;0;0;26;0;82;0;
1313;1434130;645050368;11403264;635977728;0;0;0;0;0;0;0;0;0;0;0;3967;0;0;26;0;82;0;
1314;1422067;645050368;11403264;635977728;0;0;0;0;0;0;0;0;0;0;0;1413;0;0;26;0;82;0;
1315;2276810;645050368;11403264;635977728;0;0;0;0;0;0;0;0;0;0;0;1803;0;0;26;0;82;0;
1316;968576;645050368;11403264;635977728;0;0;0;0;0;0;0;0;0;0;0;1392;0;0;26;0;82;0;
1317;1598468;645050368;11403264;635977728;0;0;0;0;0;0;0;0;0;0;0;1503;0;0;26;0;82;0;
1318;3357646;653213696;11403264;652754944;0;0;0;0;0;0;0;0;0;0;0;2745;0;0;27;0;82;0;
1319;1577088;653213696;11403264;652754944;0;0;0;0;0;0;0;0;0;0;0;1563;0;0;27;0;82;0;
1320;1761223;653213696;11403264;652754944;0;0;0;0;0;0;0;0;0;0;0;1503;0;0;27;0;82;0;
1321;1193247;653213696;11403264;652754944;0;0;0;0;0;0;0;0;0;0;0;1473;0;0;27;0;82;0;
1322;1176085;653213696;11403264;652754944;0;0;0;0;0;0;0;0;0;0;0;1393;0;0;27;0;82;0;
1323;1556929;653213696;11403264;652754944;0;0;0;0;0;0;0;0;0;0;0;1533;0;0;27;0;82;0;
1324;1011778;653213696;11403264;652754944;0;0;0;0;0;0;0;0;0;0;0;1383;0;0;27;0;82;0;
1325;1378485;653213696;11403264;652754944;0;0;0;0;0;0;0;0;0;0;0;1352;0;0;27;0;82;0;
1326;1459598;653213696;11403264;652754944;0;0;0;0;0;0;0;0;0;0;0;1553;0;0;27;0;82;0;
1327;5673840;653213696;11407360;652759040;0;0;0;0;0;0;0;0;0;0;0;1674;0;0;27;0;82;0;
1328;2098386;653213696;11419648;652771328;0;0;0;0;0;0;0;0;0;0;0;1623;0;0;27;0;82;0;
1329;1789085;653213696;11419648;652771328;0;0;0;0;0;0;0;0;0;0;0;1373;0;0;27;0;82;0;
1330;1436273;653213696;11419648;652771328;0;0;0;0;0;0;0;0;0;0;0;1453;0;0;27;0;82;0;
1331;1947833;653213696;11419648;652771328;0;0;0;0;0;0;0;0;0;0;0;1572;0;0;27;0;82;0;
1332;1495555;653213696;11419648;652771328;0;0;0;0;0;0;0;0;0;0;0;1643;0;0;27;0;82;0;
1333;1415395;653213696;11419648;652771328;0;0;0;0;0;0;0;0;0;0;0;1412;0;0;27;0;82;0;
1334;1841493;653213696;11419648;652771328;0;0;0;0;0;0;0;0;0;0;0;1383;0;0;27;0;82;0;
1335;1694387;653213696;11419648;652771328;0;0;0;0;0;0;0;0;0;0;0;1423;0;0;27;0;82;0;
1336;2499137;653213696;11419648;652771328;0;0;0;0;0;0;0;0;0;0;0;1493;0;0;27;0;82;0;
1337;1191585;653213696;11419648;652771328;0;0;0;0;0;0;0;0;0;0;0;1553;0;0;27;0;82;0;
1338;1551339;653213696;11419648;652771328;0;0;0;0;0;0;0;0;0;0;0;1382;0;0;27;0;82;0;
1339;964539;653213696;11419648;652771328;0;0;0;0;0;0;0;0;0;0;0;1442;0;0;27;0;82;0;
1340;1100254;653213696;11419648;652771328;0;0;0;0;0;0;0;0;0;0;0;1412;0;0;27;0;82;0;
1341;949862;653213696;11419648;652771328;0;0;0;0;0;0;0;0;0;0;0;1473;0;0;27;0;82;0;
1342;911670;653213696;11419648;652771328;0;0;0;0;0;0;0;0;0;0;0;1423;0;0;27;0;82;0;
1343;1615781;653213696;11419648;652771328;0;0;0;0;0;0;0;0;0;0;0;1483;0;0;27;0;82;0;
1344;2629351;653213696;11419648;652771328;0;0;0;0;0;0;0;0;0;0;0;1353;0;0;27;0;82;0;
1345;1537543;653213696;11419648;652771328;0;0;0;0;0;0;0;0;0;0;0;1493;0;0;27;0;82;0;
1346;1525521;653213696;11419648;652771328;0;0;0;0;0;0;0;0;0;0;0;1403;0;0;27;0;82;0;
1347;1056592;653213696;11419648;652771328;0;0;0;0;0;0;0;0;0;0;0;1363;0;0;27;0;82;0;
1348;1363738;653213696;11419648;652771328;0;0;0;0;0;0;0;0;0;0;0;1433;0;0;27;0;82;0;
1349;1377774;653213696;11419648;652771328;0;0;0;0;0;0;0;0;0;0;0;1403;0;0;27;0;82;0;
1350;1336105;653213696;11419648;652771328;0;0;0;0;0;0;0;0;0;0;0;1393;0;0;27;0;82;0;
1351;2099617;653213696;11419648;652771328;0;0;0;0;0;0;0;0;0;0;0;1413;0;0;27;0;82;0;
1352;1549787;653213696;11419648;652771328;0;0;0;0;0;0;0;0;0;0;0;1723;0;0;27;0;82;0;
1353;1247760;653213696;11419648;652771328;0;0;0;0;0;0;0;0;0;0;0;1483;0;0;27;0;82;0;
1354;1007239;653213696;11419648;652771328;0;0;0;0;0;0;0;0;0;0;0;1273;0;0;27;0;82;0;
1355;1441132;653213696;11419648;652771328;0;0;0;0;0;0;0;0;0;0;0;1342;0;0;27;0;82;0;
1356;1425393;653213696;11419648;652771328;0;0;0;0;0;0;0;0;0;0;0;1402;0;0;27;0;82;0;
1357;1483192;653213696;11419648;652771328;0;0;0;0;0;0;0;0;0;0;0;1462;0;0;27;0;82;0;
1358;1707903;653213696;11419648;652771328;0;0;0;0;0;0;0;0;0;0;0;1412;0;0;27;0;82;0;
1359;942187;653213696;11419648;652771328;0;0;0;0;0;0;0;0;0;0;0;1423;0;0;27;0;82;0;
1360;2767790;653213696;11419648;652771328;0;0;0;0;0;0;0;0;0;0;0;1413;0;0;27;0;82;0;
1361;1667006;653213696;11419648;652771328;0;0;0;0;0;0;0;0;0;0;0;1443;0;0;27;0;82;0;
1362;1230889;653213696;11419648;652771328;0;0;0;0;0;0;0;0;0;0;0;1463;0;0;27;0;82;0;
1363;1126773;653213696;11419648;652771328;0;0;0;0;0;0;0;0;0;0;0;1383;0;0;27;0;82;0;
1364;1370120;653213696;11419648;652771328;0;0;0;0;0;0;0;0;0;0;0;1443;0;0;27;0;82;0;
1365;1341857;653213696;11419648;652771328;0;0;0;0;0;0;0;0;0;0;0;1332;0;0;27;0;82;0;
1366;1472581;653213696;11419648;652771328;0;0;0;0;0;0;0;0;0;0;0;1393;0;0;27;0;82;0;
1367;1038387;653213696;11419648;652771328;0;0;0;0;0;0;0;0;0;0;0;1443;0;0;27;0;82;0;
1368;2707117;653828096;11419648;652771328;0;0;0;0;0;0;0;0;0;0;0;1482;0;0;27;0;82;0;
1369;1416837;653828096;11419648;652771328;0;0;0;0;0;0;0;0;0;0;0;1503;0;0;27;0;82;0;
1370;1249624;653828096;11419648;652771328;0;0;0;0;0;0;0;0;0;0;0;1402;0;0;27;0;82;0;
1371;937328;653828096;11419648;652771328;0;0;0;0;0;0;0;0;0;0;0;1403;0;0;27;0;82;0;
1372;703920;653828096;11419648;652771328;0;0;0;0;0;0;0;0;0;0;0;1343;0;0;27;0;82;0;
1373;852339;653828096;11419648;652771328;0;0;0;0;0;0;0;0;0;0;0;1373;0;0;27;0;82;0;
1374;1313624;653828096;11419648;652771328;0;0;0;0;0;0;0;0;0;0;0;1383;0;0;27;0;82;0;
1375;1325155;653828096;11419648;652771328;0;0;0;0;0;0;0;0;0;0;0;1393;0;0;27;0;82;0;
1376;3242380;653828096;11419648;652771328;0;0;0;0;0;0;0;0;0;0;0;1623;0;0;27;0;82;0;
1377;1871981;653828096;11419648;652771328;0;0;0;0;0;0;0;0;0;0;0;1974;0;0;27;0;82;0;
1378;1511114;653828096;11419648;652771328;0;0;0;0;0;0;0;0;0;0;0;1432;0;0;27;0;82;0;
1379;1079394;653828096;11419648;652771328;0;0;0;0;0;0;0;0;0;0;0;1362;0;0;27;0;82;0;
1380;799119;653828096;11419648;652771328;0;0;0;0;0;0;0;0;0;0;0;1392;0;0;27;0;82;0;
1381;1459387;653828096;11419648;652771328;0;0;0;0;0;0;0;0;0;0;0;1392;0;0;27;0;82;0;
1382;1605110;653828096;11419648;652771328;0;0;0;0;0;0;0;0;0;0;0;1473;0;0;27;0;82;0;
1383;1802490;653828096;11419648;652771328;0;0;0;0;0;0;0;0;0;0;0;1553;0;0;27;0;82;0;
1384;1720105;653848576;11186176;652537856;0;0;0;0;0;0;0;0;0;0;0;1483;0;0;27;0;82;0;
1385;1023710;653848576;11186176;652537856;0;0;0;0;0;0;0;0;0;0;0;1362;0;0;27;0;82;0;
1386;1779497;653848576;11186176;652537856;0;0;0;0;0;0;0;0;0;0;0;1473;0;0;27;0;82;0;
1387;1507958;653848576;11186176;652537856;0;0;0;0;0;0;0;0;0;0;0;1363;0;0;27;0;82;0;
1388;1010074;653848576;11186176;652537856;0;0;0;0;0;0;0;0;0;0;0;1773;0;0;27;0;82;0;
1389;1575855;653848576;11186176;652537856;0;0;0;0;0;0;0;0;0;0;0;1422;0;0;27;0;82;0;
1390;806452;653848576;11186176;652537856;0;0;0;0;0;0;0;0;0;0;0;1623;0;0;27;0;82;0;
1391;1477160;653848576;11186176;652537856;0;0;0;0;0;0;0;0;0;0;0;1363;0;0;27;0;82;0;
1392;2426591;653848576;11186176;652537856;0;0;0;0;0;0;0;0;0;0;0;1503;0;0;27;0;82;0;
1393;1169704;653848576;11186176;652537856;0;0;0;0;0;0;0;0;0;0;0;1472;0;0;27;0;82;0;
1394;1542112;653848576;11186176;652537856;0;0;0;0;0;0;0;0;0;0;0;1433;0;0;27;0;82;0;
1395;1510844;653848576;11186176;652537856;0;0;0;0;0;0;0;0;0;0;0;1443;0;0;27;0;82;0;
1396;1651096;653848576;11186176;652537856;0;0;0;0;0;0;0;0;0;0;0;1192;0;0;27;0;82;0;
1397;875902;653848576;11186176;652537856;0;0;0;0;0;0;0;0;0;0;0;1483;0;0;27;0;82;0;
1398;785964;653848576;11186176;652537856;0;0;0;0;0;0;0;0;0;0;0;1383;0;0;27;0;82;0;
1399;1213335;653848576;11186176;652537856;0;0;0;0;0;0;0;0;0;0;0;1432;0;0;27;0;82;0;
1400;4478278;653545472;11157504;652509184;0;0;0;0;0;0;0;0;0;0;0;1402;0;0;27;0;82;0;
1401;2362610;653811712;11620352;652972032;0;0;0;0;0;0;0;0;0;0;0;1733;0;0;27;0;82;0;
1402;1472922;653811712;11620352;652972032;0;0;0;0;0;0;0;0;0;0;0;1262;0;0;27;0;82;0;
1403;1516554;654082048;11620352;652972032;0;0;0;0;0;0;0;0;0;0;0;1383;0;0;27;0;82;0;
1404;1133386;654082048;11620352;652972032;0;0;0;0;0;0;0;0;0;0;0;1492;0;0;27;0;82;0;
1405;1367184;654082048;11620352;652972032;0;0;0;0;0;0;0;0;0;0;0;1422;0;0;27;0;82;0;
1406;899858;654082048;11620352;652972032;0;0;0;0;0;0;0;0;0;0;0;1403;0;0;27;0;82;0;
1407;1577018;654082048;11620352;652972032;0;0;0;0;0;0;0;0;0;0;0;1393;0;0;27;0;82;0;
1408;1647750;654082048;11620352;652972032;0;0;0;0;0;0;0;0;0;0;0;1563;0;0;27;0;82;0;
1409;1248240;654082048;11620352;652972032;0;0;0;0;0;0;0;0;0;0;0;1563;0;0;27;0;82;0;
1410;1064666;654082048;11620352;652972032;0;0;0;0;0;0;0;0;0;0;0;1593;0;0;27;0;82;0;
1411;1158442;654082048;11620352;652972032;0;0;0;0;0;0;0;0;0;0;0;1433;0;0;27;0;82;0;
1412;1411237;654082048;11620352;652972032;0;0;0;0;0;0;0;0;0;0;0;1382;0;0;27;0;82;0;
1413;1527634;654082048;11620352;652972032;0;0;0;0;0;0;0;0;0;0;0;1403;0;0;27;0;82;0;
1414;1028760;654082048;11620352;652972032;0;0;0;0;0;0;0;0;0;0;0;1442;0;0;27;0;82;0;
1415;1695249;654082048;11620352;652972032;0;0;0;0;0;0;0;0;0;0;0;1412;0;0;27;0;82;0;
1416;1109751;654082048;11620352;652972032;0;0;0;0;0;0;0;0;0;0;0;1352;0;0;27;0;82;0;
1417;1117716;654082048;11620352;652972032;0;0;0;0;0;0;0;0;0;0;0;1663;0;0;27;0;82;0;
1418;1440822;654082048;11620352;652972032;0;0;0;0;0;0;0;0;0;0;0;1703;0;0;27;0;82;0;
1419;996318;654082048;11620352;652972032;0;0;0;0;0;0;0;0;0;0;0;1483;0;0;27;0;82;0;
1420;1070708;654082048;11620352;652972032;0;0;0;0;0;0;0;0;0;0;0;1373;0;0;27;0;82;0;
1421;1047564;654082048;11620352;652972032;0;0;0;0;0;0;0;0;0;0;0;1393;0;0;27;0;82;0;
1422;2123894;654082048;11620352;652972032;0;0;0;0;0;0;0;0;0;0;0;1573;0;0;27;0;82;0;
1423;846557;654082048;11620352;652972032;0;0;0;0;0;0;0;0;0;0;0;1353;0;0;27;0;82;0;
1424;1078873;654082048;11620352;652972032;0;0;0;0;0;0;0;0;0;0;0;1373;0;0;27;0;82;0;
1425;726092;654082048;11620352;652972032;0;0;0;0;0;0;0;0;0;0;0;1443;0;0;27;0;82;0;
1426;1293676;654082048;11620352;652972032;0;0;0;0;0;0;0;0;0;0;0;1353;0;0;27;0;82;0;
1427;1185242;654082048;11620352;652972032;0;0;0;0;0;0;0;0;0;0;0;1603;0;0;27;0;82;0;
1428;1496958;654082048;11620352;652972032;0;0;0;0;0;0;0;0;0;0;0;1563;0;0;27;0;82;0;
1429;2161684;654082048;11620352;652972032;0;0;0;0;0;0;0;0;0;0;0;1363;0;0;27;0;82;0;
1430;3374339;654082048;11620352;652972032;0;0;0;0;0;0;0;0;0;0;0;1543;0;0;27;0;82;0;
1431;860013;654082048;11620352;652972032;0;0;0;0;0;0;0;0;0;0;0;1352;0;0;27;0;82;0;
1432;1492519;654082048;11620352;652972032;0;0;0;0;0;0;0;0;0;0;0;1463;0;0;27;0;82;0;
1433;955542;654082048;11620352;652972032;0;0;0;0;0;0;0;0;0;0;0;1412;0;0;27;0;82;0;
1434;1081088;654082048;11620352;652972032;0;0;0;0;0;0;0;0;0;0;0;1423;0;0;27;0;82;0;
1435;1574263;654082048;11620352;652972032;0;0;0;0;0;0;0;0;0;0;0;1453;0;0;27;0;82;0;
1436;1495645;654082048;11620352;652972032;0;0;0;0;0;0;0;0;0;0;0;1573;0;0;27;0;82;0;
1437;1316048;654082048;11620352;652972032;0;0;0;0;0;0;0;0;0;0;0;9818;0;0;27;0;82;0;
1438;1259843;654082048;11620352;652972032;0;0;0;0;0;0;0;0;0;0;0;1143;0;0;27;0;82;0;
1439;1163813;654082048;11620352;652972032;0;0;0;0;0;0;0;0;0;0;0;1402;0;0;27;0;82;0;
1440;1177889;654082048;11620352;652972032;0;0;0;0;0;0;0;0;0;0;0;1603;0;0;27;0;82;0;
1441;1256206;654082048;11620352;652972032;0;0;0;0;0;0;0;0;0;0;0;1463;0;0;27;0;82;0;
1442;1421456;654082048;11620352;652972032;0;0;0;0;0;0;0;0;0;0;0;1483;0;0;27;0;82;0;
1443;1836224;654331904;11575296;652926976;0;0;0;0;0;0;0;0;0;0;0;1412;0;0;27;0;82;0;
1444;1678548;654331904;11575296;652926976;0;0;0;0;0;0;0;0;0;0;0;1443;0;0;27;0;82;0;
1445;1765361;658526208;11575296;669704192;0;0;0;0;0;0;0;0;0;0;0;1362;0;0;27;0;82;0;
1446;1205701;658526208;11575296;669704192;0;0;0;0;0;0;0;0;0;0;0;1413;0;0;27;0;82;0;
1447;1212464;658526208;11575296;669704192;0;0;0;0;0;0;0;0;0;0;0;1443;0;0;27;0;82;0;
1448;1352747;658526208;11575296;669704192;0;0;0;0;0;0;0;0;0;0;0;1363;0;0;27;0;82;0;
1449;2102433;658526208;11575296;669704192;0;0;0;0;0;0;0;0;0;0;0;1483;0;0;27;0;82;0;
1450;1809343;658288640;11325440;669454336;0;0;0;0;0;0;0;0;0;0;0;1583;0;0;27;0;82;0;
1451;1434179;658288640;11325440;669454336;0;0;0;0;0;0;0;0;0;0;0;1433;0;0;27;0;82;0;
1452;1298365;658288640;11325440;669454336;0;0;0;0;0;0;0;0;0;0;0;1403;0;0;27;0;82;0;
1453;790031;658288640;11325440;669454336;0;0;0;0;0;0;0;0;0;0;0;1533;0;0;27;0;82;0;
1454;749836;658288640;11325440;669454336;0;0;0;0;0;0;0;0;0;0;0;1353;0;0;27;0;82;0;
1455;915648;658288640;11325440;669454336;0;0;0;0;0;0;0;0;0;0;0;1583;0;0;27;0;82;0;
1456;1603036;658288640;11325440;669454336;0;0;0;0;0;0;0;0;0;0;0;1222;0;0;27;0;82;0;
1457;2261321;658288640;11325440;669454336;0;0;0;0;0;0;0;0;0;0;0;1422;0;0;27;0;82;0;
1458;790072;658288640;11325440;669454336;0;0;0;0;0;0;0;0;0;0;0;1392;0;0;27;0;82;0;
1459;1022318;658288640;11325440;669454336;0;0;0;0;0;0;0;0;0;0;0;1463;0;0;27;0;82;0;
1460;966963;658288640;11325440;669454336;0;0;0;0;0;0;0;0;0;0;0;1433;0;0;27;0;82;0;
1461;1344892;658288640;11325440;669454336;0;0;0;0;0;0;0;0;0;0;0;1393;0;0;27;0;82;0;
1462;1035462;658288640;11325440;669454336;0;0;0;0;0;0;0;0;0;0;0;1452;0;0;27;0;82;0;
1463;934833;658288640;11325440;669454336;0;0;0;0;0;0;0;0;0;0;0;1393;0;0;27;0;82;0;
1464;5116125;658288640;11329536;669458432;0;0;0;0;0;0;0;0;0;0;0;1573;0;0;27;0;82;0;
1465;2717917;658231296;11661312;669790208;0;0;0;0;0;0;0;0;0;0;0;1493;0;0;27;0;82;0;
1466;3135411;662478848;11661312;669790208;0;0;0;0;0;0;0;0;0;0;0;3426;0;0;28;0;82;0;
1467;1716650;662478848;11661312;669790208;0;0;0;0;0;0;0;0;0;0;0;1693;0;0;28;0;82;0;
1468;1540960;662478848;11661312;669790208;0;0;0;0;0;0;0;0;0;0;0;1403;0;0;28;0;82;0;
1469;1522906;662478848;11661312;669790208;0;0;0;0;0;0;0;0;0;0;0;1563;0;0;28;0;82;0;
1470;1774848;662478848;11661312;669790208;0;0;0;0;0;0;0;0;0;0;0;1433;0;0;28;0;82;0;
1471;1712321;662745088;11661312;669790208;0;0;0;0;0;0;0;0;0;0;0;1402;0;0;28;0;82;0;
1472;2132038;662745088;11661312;669790208;0;0;0;0;0;0;0;0;0;0;0;1543;0;0;28;0;82;0;
1473;1664863;662745088;11661312;669790208;0;0;0;0;0;0;0;0;0;0;0;1503;0;0;28;0;82;0;
1474;3539538;666796032;11661312;669790208;0;0;0;0;0;0;0;0;0;0;0;2355;0;0;29;0;82;0;
1475;1226260;666796032;11661312;669790208;0;0;0;0;0;0;0;0;0;0;0;1452;0;0;29;0;82;0;
1476;1518789;666796032;11661312;669790208;0;0;0;0;0;0;0;0;0;0;0;1453;0;0;29;0;82;0;
1477;1140830;666796032;11661312;669790208;0;0;0;0;0;0;0;0;0;0;0;1724;0;0;29;0;82;0;
1478;1725687;666796032;11661312;669790208;0;0;0;0;0;0;0;0;0;0;0;1402;0;0;29;0;82;0;
1479;2292790;666796032;11661312;669790208;0;0;0;0;0;0;0;0;0;0;0;1513;0;0;29;0;82;0;
1480;1619988;666796032;11661312;669790208;0;0;0;0;0;0;0;0;0;0;0;1353;0;0;29;0;82;0;
1481;1811357;666796032;11661312;669790208;0;0;0;0;0;0;0;0;0;0;0;1543;0;0;29;0;82;0;
1482;1353198;666796032;11661312;669790208;0;0;0;0;0;0;0;0;0;0;0;1493;0;0;29;0;82;0;
1483;1265353;666796032;11661312;669790208;0;0;0;0;0;0;0;0;0;0;0;1663;0;0;29;0;82;0;
1484;1319946;666796032;11661312;669790208;0;0;0;0;0;0;0;0;0;0;0;1412;0;0;29;0;82;0;
1485;1492670;666796032;11661312;669790208;0;0;0;0;0;0;0;0;0;0;0;1423;0;0;29;0;82;0;
1486;2026681;666796032;11661312;669790208;0;0;0;0;0;0;0;0;0;0;0;1583;0;0;29;0;82;0;
1487;1121113;666796032;11661312;669790208;0;0;0;0;0;0;0;0;0;0;0;1402;0;0;29;0;82;0;
1488;1098661;666796032;11661312;669790208;0;0;0;0;0;0;0;0;0;0;0;1333;0;0;29;0;82;0;
1489;1112386;666796032;11661312;669790208;0;0;0;0;0;0;0;0;0;0;0;1353;0;0;29;0;82;0;
1490;943670;666796032;11661312;669790208;0;0;0;0;0;0;0;0;0;0;0;1393;0;0;29;0;82;0;
1491;1170014;666796032;11661312;669790208;0;0;0;0;0;0;0;0;0;0;0;1573;0;0;29;0;82;0;
1492;1862904;666796032;11661312;669790208;0;0;0;0;0;0;0;0;0;0;0;1413;0;0;29;0;82;0;
1493;1767325;666796032;11661312;669790208;0;0;0;0;0;0;0;0;0;0;0;1423;0;0;29;0;82;0;
1494;1275221;666796032;11661312;669790208;0;0;0;0;0;0;0;0;0;0;0;1443;0;0;29;0;82;0;
1495;3222524;666796032;11661312;669790208;0;0;0;0;0;0;0;0;0;0;0;1473;0;0;29;0;82;0;
1496;1760571;666796032;11661312;669790208;0;0;0;0;0;0;0;0;0;0;0;1462;0;0;29;0;82;0;
1497;1444198;666796032;11661312;669790208;0;0;0;0;0;0;0;0;0;0;0;1392;0;0;29;0;82;0;
1498;2037672;666796032;11661312;669790208;0;0;0;0;0;0;0;0;0;0;0;1453;0;0;29;0;82;0;
1499;2957957;673087488;11661312;686567424;0;0;0;0;0;0;0;0;0;0;0;2815;0;0;30;0;82;0;
1500;2223580;673087488;11661312;686567424;0;0;0;0;0;0;0;0;0;0;0;1193;0;0;30;0;82;0;
1501;1190542;673087488;11661312;686567424;0;0;0;0;0;0;0;0;0;0;0;1493;0;0;30;0;82;0;
1502;1342979;673087488;11661312;686567424;0;0;0;0;0;0;0;0;0;0;0;1403;0;0;30;0;82;0;
1503;1082921;673087488;11661312;686567424;0;0;0;0;0;0;0;0;0;0;0;1142;0;0;30;0;82;0;
1504;1582988;673087488;11661312;686567424;0;0;0;0;0;0;0;0;0;0;0;1162;0;0;30;0;82;0;
1505;1104781;673087488;11661312;686567424;0;0;0;0;0;0;0;0;0;0;0;1363;0;0;30;0;82;0;
1506;910648;673087488;11661312;686567424;0;0;0;0;0;0;0;0;0;0;0;1402;0;0;30;0;82;0;
1507;1925351;673329152;11649024;686555136;0;0;0;0;0;0;0;0;0;0;0;1433;0;0;30;0;82;0;
1508;1464376;673329152;11649024;686555136;0;0;0;0;0;0;0;0;0;0;0;1443;0;0;30;0;82;0;
1509;1243021;673329152;11649024;686555136;0;0;0;0;0;0;0;0;0;0;0;1442;0;0;30;0;82;0;
1510;1297313;673329152;11649024;686555136;0;0;0;0;0;0;0;0;0;0;0;1403;0;0;30;0;82;0;
1511;893606;673329152;11649024;686555136;0;0;0;0;0;0;0;0;0;0;0;1492;0;0;30;0;82;0;
1512;1135479;673329152;11649024;686555136;0;0;0;0;0;0;0;0;0;0;0;1683;0;0;30;0;82;0;
1513;1122145;673329152;11649024;686555136;0;0;0;0;0;0;0;0;0;0;0;1393;0;0;30;0;82;0;
1514;1468514;673316864;11636736;686542848;0;0;0;0;0;0;0;0;0;0;0;1223;0;0;30;0;82;0;
1515;1572399;673316864;11636736;686542848;0;0;0;0;0;0;0;0;0;0;0;1423;0;0;30;0;82;0;
1516;1466971;673316864;11636736;686542848;0;0;0;0;0;0;0;0;0;0;0;1483;0;0;30;0;82;0;
1517;1176847;673316864;11636736;686542848;0;0;0;0;0;0;0;0;0;0;0;1382;0;0;30;0;82;0;
1518;1309756;673316864;11636736;686542848;0;0;0;0;0;0;0;0;0;0;0;1473;0;0;30;0;82;0;
1519;1111675;673316864;11636736;686542848;0;0;0;0;0;0;0;0;0;0;0;1593;0;0;30;0;82;0;
1520;859252;673316864;11636736;686542848;0;0;0;0;0;0;0;0;0;0;0;1453;0;0;30;0;82;0;
1521;4504077;673316864;11640832;686546944;0;0;0;0;0;0;0;0;0;0;0;1393;0;0;30;0;82;0;
1522;1864486;673316864;11649024;686555136;0;0;0;0;0;0;0;0;0;0;0;1373;0;0;30;0;82;0;
1523;2263414;673316864;11649024;686555136;0;0;0;0;0;0;0;0;0;0;0;1373;0;0;30;0;82;0;
1524;1796308;673316864;11649024;686555136;0;0;0;0;0;0;0;0;0;0;0;1493;0;0;30;0;82;0;
1525;1908199;673316864;11649024;686555136;0;0;0;0;0;0;0;0;0;0;0;1442;0;0;30;0;82;0;
1526;870122;673316864;11649024;686555136;0;0;0;0;0;0;0;0;0;0;0;1533;0;0;30;0;82;0;
1527;1633944;673316864;11649024;686555136;0;0;0;0;0;0;0;0;0;0;0;1623;0;0;30;0;82;0;
1528;1940990;673316864;11649024;686555136;0;0;0;0;0;0;0;0;0;0;0;1413;0;0;30;0;82;0;
1529;1196654;673316864;11649024;686555136;0;0;0;0;0;0;0;0;0;0;0;1523;0;0;30;0;82;0;
1530;1283206;673316864;11649024;686555136;0;0;0;0;0;0;0;0;0;0;0;1372;0;0;30;0;82;0;
1531;1314826;673316864;11649024;686555136;0;0;0;0;0;0;0;0;0;0;0;1493;0;0;30;0;82;0;
1532;1403482;673316864;11649024;686555136;0;0;0;0;0;0;0;0;0;0;0;1543;0;0;30;0;82;0;
1533;1419001;673316864;11649024;686555136;0;0;0;0;0;0;0;0;0;0;0;1543;0;0;30;0;82;0;
1534;1505173;673316864;11649024;686555136;0;0;0;0;0;0;0;0;0;0;0;1382;0;0;30;0;82;0;
1535;1348008;673316864;11649024;686555136;0;0;0;0;0;0;0;0;0;0;0;1303;0;0;30;0;82;0;
1536;1925181;673316864;11649024;686555136;0;0;0;0;0;0;0;0;0;0;0;1473;0;0;30;0;82;0;
1537;1524259;673316864;11649024;686555136;0;0;0;0;0;0;0;0;0;0;0;1543;0;0;30;0;82;0;
1538;2025138;673316864;11649024;686555136;0;0;0;0;0;0;0;0;0;0;0;1503;0;0;30;0;82;0;
1539;1819503;673316864;11649024;686555136;0;0;0;0;0;0;0;0;0;0;0;1362;0;0;30;0;82;0;
1540;1668229;673316864;11649024;686555136;0;0;0;0;0;0;0;0;0;0;0;1402;0;0;30;0;82;0;
1541;1552151;673316864;11649024;686555136;0;0;0;0;0;0;0;0;0;0;0;1462;0;0;30;0;82;0;
1542;1611012;673316864;11649024;686555136;0;0;0;0;0;0;0;0;0;0;0;1392;0;0;30;0;82;0;
1543;921208;673316864;11649024;686555136;0;0;0;0;0;0;0;0;0;0;0;1473;0;0;30;0;82;0;
1544;1577298;673316864;11649024;686555136;0;0;0;0;0;0;0;0;0;0;0;1633;0;0;30;0;82;0;
1545;1394765;673316864;11649024;686555136;0;0;0;0;0;0;0;0;0;0;0;1644;0;0;30;0;82;0;
1546;1326728;673316864;11649024;686555136;0;0;0;0;0;0;0;0;0;0;0;1673;0;0;30;0;82;0;
1547;1579582;673316864;11649024;686555136;0;0;0;0;0;0;0;0;0;0;0;1603;0;0;30;0;82;0;
1548;1342017;673316864;11649024;686555136;0;0;0;0;0;0;0;0;0;0;0;1393;0;0;30;0;82;0;
1549;2126728;673316864;11649024;686555136;0;0;0;0;0;0;0;0;0;0;0;1422;0;0;30;0;82;0;
1550;2092214;673316864;11649024;686555136;0;0;0;0;0;0;0;0;0;0;0;1623;0;0;30;0;82;0;
1551;2661502;673316864;11649024;686555136;0;0;0;0;0;0;0;0;0;0;0;1603;0;0;30;0;82;0;
1552;1603848;673316864;11649024;686555136;0;0;0;0;0;0;0;0;0;0;0;1343;0;0;30;0;82;0;
1553;1600401;673316864;11649024;686555136;0;0;0;0;0;0;0;0;0;0;0;1372;0;0;30;0;82;0;
1554;1347738;673316864;11649024;686555136;0;0;0;0;0;0;0;0;0;0;0;1402;0;0;30;0;82;0;
1555;2070182;673316864;11649024;686555136;0;0;0;0;0;0;0;0;0;0;0;1423;0;0;30;0;82;0;
1556;2257063;673316864;11649024;686555136;0;0;0;0;0;0;0;0;0;0;0;1483;0;0;30;0;82;0;
1557;1743800;673316864;11649024;686555136;0;0;0;0;0;0;0;0;0;0;0;1453;0;0;30;0;82;0;
1558;1872261;673316864;11649024;686555136;0;0;0;0;0;0;0;0;0;0;0;1563;0;0;30;0;82;0;
1559;1366723;673316864;11649024;686555136;0;0;0;0;0;0;0;0;0;0;0;1352;0;0;30;0;82;0;
1560;2139622;673316864;11649024;686555136;0;0;0;0;0;0;0;0;0;0;0;1373;0;0;30;0;82;0;
1561;2038203;673316864;11649024;686555136;0;0;0;0;0;0;0;0;0;0;0;1423;0;0;30;0;82;0;
1562;2071835;673316864;11649024;686555136;0;0;0;0;0;0;0;0;0;0;0;1423;0;0;30;0;82;0;
1563;2779843;673316864;11649024;686555136;0;0;0;0;0;0;0;0;0;0;0;1453;0;0;30;0;82;0;
1564;1567820;673316864;11649024;686555136;0;0;0;0;0;0;0;0;0;0;0;1422;0;0;30;0;82;0;
1565;1849920;673316864;11649024;686555136;0;0;0;0;0;0;0;0;0;0;0;1423;0;0;30;0;82;0;
1566;2162495;673316864;11649024;686555136;0;0;0;0;0;0;0;0;0;0;0;1442;0;0;30;0;82;0;
1567;2275106;673316864;11649024;686555136;0;0;0;0;0;0;0;0;0;0;0;1403;0;0;30;0;82;0;
1568;2076093;673316864;11649024;686555136;0;0;0;0;0;0;0;0;0;0;0;1523;0;0;30;0;82;0;
1569;1733020;673316864;11649024;686555136;0;0;0;0;0;0;0;0;0;0;0;1382;0;0;30;0;82;0;
1570;2460564;673320960;11640832;686546944;0;0;0;0;0;0;0;0;0;0;0;1152;0;0;30;0;82;0;
1571;1695109;673320960;11640832;686546944;0;0;0;0;0;0;0;0;0;0;0;1493;0;0;30;0;82;0;
1572;1975786;673320960;11640832;686546944;0;0;0;0;0;0;0;0;0;0;0;1423;0;0;30;0;82;0;
1573;2249408;673320960;11640832;686546944;0;0;0;0;0;0;0;0;0;0;0;1393;0;0;30;0;82;0;
1574;1262457;673320960;11640832;686546944;0;0;0;0;0;0;0;0;0;0;0;1373;0;0;30;0;82;0;
1575;908373;673320960;11640832;686546944;0;0;0;0;0;0;0;0;0;0;0;1402;0;0;30;0;82;0;
1576;1834080;673320960;11640832;686546944;0;0;0;0;0;0;0;0;0;0;0;1383;0;0;30;0;82;0;
1577;5278439;673275904;11837440;686743552;0;0;0;0;0;0;0;0;0;0;0;1593;0;0;30;0;82;0;
1578;2050306;673275904;11849728;686755840;0;0;0;0;0;0;0;0;0;0;0;1172;0;0;30;0;82;0;
1579;3279901;673275904;11849728;686755840;0;0;0;0;0;0;0;0;0;0;0;1422;0;0;30;0;82;0;
1580;2124033;673275904;11849728;686755840;0;0;0;0;0;0;0;0;0;0;0;1393;0;0;30;0;82;0;
1581;1973471;673275904;11849728;686755840;0;0;0;0;0;0;0;0;0;0;0;1463;0;0;30;0;82;0;
1582;1782042;673275904;11849728;686755840;0;0;0;0;0;0;0;0;0;0;0;1363;0;0;30;0;82;0;
1583;1530109;673275904;11849728;686755840;0;0;0;0;0;0;0;0;0;0;0;1463;0;0;30;0;82;0;
1584;2402425;673275904;11849728;686755840;0;0;0;0;0;0;0;0;0;0;0;1473;0;0;30;0;82;0;
1585;1989250;673275904;11849728;686755840;0;0;0;0;0;0;0;0;0;0;0;1392;0;0;30;0;82;0;
1586;2230253;673275904;11849728;686755840;0;0;0;0;0;0;0;0;0;0;0;1393;0;0;30;0;82;0;
1587;2366088;673275904;11849728;686755840;0;0;0;0;0;0;0;0;0;0;0;1463;0;0;30;0;82;0;
1588;1834570;673275904;11849728;686755840;0;0;0;0;0;0;0;0;0;0;0;1452;0;0;30;0;82;0;
1589;1686823;673275904;11849728;686755840;0;0;0;0;0;0;0;0;0;0;0;1432;0;0;30;0;82;0;
1590;2028454;673275904;11849728;686755840;0;0;0;0;0;0;0;0;0;0;0;1413;0;0;30;0;82;0;
1591;2246523;673275904;11849728;686755840;0;0;0;0;0;0;0;0;0;0;0;1352;0;0;30;0;82;0;
1592;1972379;673275904;11849728;686755840;0;0;0;0;0;0;0;0;0;0;0;1513;0;0;30;0;82;0;
1593;2012885;673275904;11849728;686755840;0;0;0;0;0;0;0;0;0;0;0;1382;0;0;30;0;82;0;
1594;1940539;673275904;11849728;686755840;0;0;0;0;0;0;0;0;0;0;0;1493;0;0;30;0;82;0;
1595;1899562;673275904;11849728;686755840;0;0;0;0;0;0;0;0;0;0;0;1523;0;0;30;0;82;0;
1596;1549075;673275904;11849728;686755840;0;0;0;0;0;0;0;0;0;0;0;1493;0;0;30;0;82;0;
1597;1261035;673275904;11849728;686755840;0;0;0;0;0;0;0;0;0;0;0;1363;0;0;30;0;82;0;
1598;1936272;673275904;11849728;686755840;0;0;0;0;0;0;0;0;0;0;0;1412;0;0;30;0;82;0;
1599;1814323;673275904;11849728;686755840;0;0;0;0;0;0;0;0;0;0;0;1563;0;0;30;0;82;0;
1600;1920291;673275904;11849728;686755840;0;0;0;0;0;0;0;0;0;0;0;1503;0;0;30;0;82;0;
1601;1801548;673275904;11849728;686755840;0;0;0;0;0;0;0;0;0;0;0;1513;0;0;30;0;82;0;
1602;1465178;673275904;11849728;686755840;0;0;0;0;0;0;0;0;0;0;0;1413;0;0;30;0;82;0;
1603;1705138;673275904;11849728;686755840;0;0;0;0;0;0;0;0;0;0;0;1463;0;0;30;0;82;0;
1604;1493191;673275904;11849728;686755840;0;0;0;0;0;0;0;0;0;0;0;1693;0;0;30;0;82;0;
1605;2366338;673275904;11849728;686755840;0;0;0;0;0;0;0;0;0;0;0;1453;0;0;30;0;82;0;
1606;1884313;673275904;11849728;686755840;0;0;0;0;0;0;0;0;0;0;0;1252;0;0;30;0;82;0;
1607;2241654;673275904;11849728;686755840;0;0;0;0;0;0;0;0;0;0;0;1913;0;0;30;0;82;0;
1608;2003407;673275904;11849728;686755840;0;0;0;0;0;0;0;0;0;0;0;1513;0;0;30;0;82;0;
1609;1545248;673275904;11849728;686755840;0;0;0;0;0;0;0;0;0;0;0;1422;0;0;30;0;82;0;
1610;1725266;673275904;11849728;686755840;0;0;0;0;0;0;0;0;0;0;0;1463;0;0;30;0;82;0;
1611;1827978;673275904;11849728;686755840;0;0;0;0;0;0;0;0;0;0;0;6502;0;0;30;0;82;0;
1612;2439546;673275904;11849728;686755840;0;0;0;0;0;0;0;0;0;0;0;1603;0;0;30;0;82;0;
1613;1814383;673275904;11849728;686755840;0;0;0;0;0;0;0;0;0;0;0;1553;0;0;30;0;82;0;
1614;2066926;673275904;11849728;686755840;0;0;0;0;0;0;0;0;0;0;0;1382;0;0;30;0;82;0;
1615;2140464;673275904;11849728;686755840;0;0;0;0;0;0;0;0;0;0;0;1613;0;0;30;0;82;0;
1616;1594520;673275904;11849728;686755840;0;0;0;0;0;0;0;0;0;0;0;1603;0;0;30;0;82;0;
1617;1683958;673275904;11849728;686755840;0;0;0;0;0;0;0;0;0;0;0;1432;0;0;30;0;82;0;
1618;2162656;673275904;11849728;686755840;0;0;0;0;0;0;0;0;0;0;0;1223;0;0;30;0;82;0;
1619;2087946;673275904;11849728;686755840;0;0;0;0;0;0;0;0;0;0;0;1412;0;0;30;0;82;0;
1620;1959635;673275904;11849728;686755840;0;0;0;0;0;0;0;0;0;0;0;1542;0;0;30;0;82;0;
1621;1999289;673275904;11849728;686755840;0;0;0;0;0;0;0;0;0;0;0;1463;0;0;30;0;82;0;
1622;1821847;673275904;11849728;686755840;0;0;0;0;0;0;0;0;0;0;0;84588;0;0;30;0;82;0;
1623;1946630;673275904;11849728;686755840;0;0;0;0;0;0;0;0;0;0;0;1472;0;0;30;0;82;0;
1624;1369108;673275904;11849728;686755840;0;0;0;0;0;0;0;0;0;0;0;1463;0;0;30;0;82;0;
1625;2402305;673275904;11849728;686755840;0;0;0;0;0;0;0;0;0;0;0;1493;0;0;30;0;82;0;
1626;2055855;673259520;11579392;686485504;0;0;0;0;0;0;0;0;0;0;0;1413;0;0;30;0;82;0;
1627;2064171;673259520;11579392;686485504;0;0;0;0;0;0;0;0;0;0;0;169578;0;0;30;0;82;0;
1628;1752496;673259520;11579392;686485504;0;0;0;0;0;0;0;0;0;0;0;1433;0;0;30;0;82;0;
1629;2097424;673259520;11579392;686485504;0;0;0;0;0;0;0;0;0;0;0;1583;0;0;30;0;82;0;
1630;1811247;673259520;11579392;686485504;0;0;0;0;0;0;0;0;0;0;0;1503;0;0;30;0;82;0;
1631;1542092;673259520;11579392;686485504;0;0;0;0;0;0;0;0;0;0;0;1472;0;0;30;0;82;0;
1632;2085481;673259520;11579392;686485504;0;0;0;0;0;0;0;0;0;0;0;1363;0;0;30;0;82;0;
1633;4961705;673259520;11583488;686489600;0;0;0;0;0;0;0;0;0;0;0;1803;0;0;30;0;82;0;
1634;3031525;673259520;11591680;686497792;0;0;0;0;0;0;0;0;0;0;0;1433;0;0;30;0;82;0;
1635;2433644;673259520;11591680;686497792;0;0;0;0;0;0;0;0;0;0;0;1472;0;0;30;0;82;0;
1636;2463971;673259520;11591680;686497792;0;0;0;0;0;0;0;0;0;0;0;1432;0;0;30;0;82;0;
1637;2493236;673259520;11591680;686497792;0;0;0;0;0;0;0;0;0;0;0;1153;0;0;30;0;82;0;
1638;2529474;673259520;11591680;686497792;0;0;0;0;0;0;0;0;0;0;0;1192;0;0;30;0;82;0;
1639;2365106;673259520;11591680;686497792;0;0;0;0;0;0;0;0;0;0;0;1543;0;0;30;0;82;0;
1640;2228679;673259520;11591680;686497792;0;0;0;0;0;0;0;0;0;0;0;1433;0;0;30;0;82;0;
1641;1968712;673259520;11591680;686497792;0;0;0;0;0;0;0;0;0;0;0;1382;0;0;30;0;82;0;
1642;2249409;673259520;11591680;686497792;0;0;0;0;0;0;0;0;0;0;0;1453;0;0;30;0;82;0;
1643;2182714;673259520;11591680;686497792;0;0;0;0;0;0;0;0;0;0;0;1503;0;0;30;0;82;0;
1644;2467778;673259520;11591680;686497792;0;0;0;0;0;0;0;0;0;0;0;1443;0;0;30;0;82;0;
1645;2274255;673259520;11591680;686497792;0;0;0;0;0;0;0;0;0;0;0;1804;0;0;30;0;82;0;
1646;3650416;673259520;11591680;686497792;0;0;0;0;0;0;0;0;0;0;0;2024;0;0;30;0;82;0;
1647;2973526;673259520;11591680;686497792;0;0;0;0;0;0;0;0;0;0;0;182222;0;0;30;0;82;0;
1648;2410140;673259520;11591680;686497792;0;0;0;0;0;0;0;0;0;0;0;1653;0;0;30;0;82;0;
1649;2401914;673259520;11591680;686497792;0;0;0;0;0;0;0;0;0;0;0;1573;0;0;30;0;82;0;
1650;2573456;673259520;11591680;686497792;0;0;0;0;0;0;0;0;0;0;0;110447;0;0;30;0;82;0;
1651;2641273;673259520;11591680;686497792;0;0;0;0;0;0;0;0;0;0;0;1623;0;0;30;0;82;0;
1652;2877938;673259520;11591680;686497792;0;0;0;0;0;0;0;0;0;0;0;1934;0;0;30;0;82;0;
1653;2659027;673259520;11591680;686497792;0;0;0;0;0;0;0;0;0;0;0;2344;0;0;30;0;82;0;
1654;1951300;673259520;11591680;686497792;0;0;0;0;0;0;0;0;0;0;0;1593;0;0;30;0;82;0;
1655;1937263;673259520;11591680;686497792;0;0;0;0;0;0;0;0;0;0;0;1413;0;0;30;0;82;0;
1656;2286428;673259520;11591680;686497792;0;0;0;0;0;0;0;0;0;0;0;1453;0;0;30;0;82;0;
1657;2577224;673259520;11591680;686497792;0;0;0;0;0;0;0;0;0;0;0;23524;0;0;30;0;82;0;
1658;2510047;673259520;11591680;686497792;0;0;0;0;0;0;0;0;0;0;0;1423;0;0;30;0;82;0;
1659;2945143;673259520;11591680;686497792;0;0;0;0;0;0;0;0;0;0;0;1502;0;0;30;0;82;0;
1660;2170320;673259520;11591680;686497792;0;0;0;0;0;0;0;0;0;0;0;1513;0;0;30;0;82;0;
1661;1906456;673259520;11591680;686497792;0;0;0;0;0;0;0;0;0;0;0;1583;0;0;30;0;82;0;
1662;2539112;673259520;11591680;686497792;0;0;0;0;0;0;0;0;0;0;0;1472;0;0;30;0;82;0;
1663;2433304;673259520;11591680;686497792;0;0;0;0;0;0;0;0;0;0;0;1413;0;0;30;0;82;0;
1664;3333522;677453824;11591680;703275008;0;0;0;0;0;0;0;0;0;0;0;2064;0;0;30;0;82;0;
1665;2896612;677453824;11591680;703275008;0;0;0;0;0;0;0;0;0;0;0;1623;0;0;30;0;82;0;
1666;2684184;677453824;11591680;703275008;0;0;0;0;0;0;0;0;0;0;0;1492;0;0;30;0;82;0;
1667;2070303;677453824;11591680;703275008;0;0;0;0;0;0;0;0;0;0;0;1463;0;0;30;0;82;0;
1668;2036710;677453824;11591680;703275008;0;0;0;0;0;0;0;0;0;0;0;1462;0;0;30;0;82;0;
1669;4016352;681684992;11591680;703275008;0;0;0;0;0;0;0;0;0;0;0;2024;0;0;31;0;82;0;
1670;2374894;681684992;11591680;703275008;0;0;0;0;0;0;0;0;0;0;0;1623;0;0;31;0;82;0;
1671;2311174;681684992;11591680;703275008;0;0;0;0;0;0;0;0;0;0;0;1603;0;0;31;0;82;0;
1672;2731202;681684992;11591680;703275008;0;0;0;0;0;0;0;0;0;0;0;1412;0;0;31;0;82;0;
1673;2804269;681684992;11591680;703275008;0;0;0;0;0;0;0;0;0;0;0;1433;0;0;31;0;82;0;
1674;2765136;681684992;11591680;703275008;0;0;0;0;0;0;0;0;0;0;0;1503;0;0;31;0;82;0;
1675;4271812;685928448;11591680;703275008;0;0;0;0;0;0;0;0;0;0;0;46057;0;0;32;0;82;0;
1676;2953909;685928448;11591680;703275008;0;0;0;0;0;0;0;0;0;0;0;1482;0;0;32;0;82;0;
1677;2894979;690122752;11591680;720052224;0;0;0;0;0;0;0;0;0;0;0;1483;0;0;32;0;82;0;
1678;1998729;690122752;11591680;720052224;0;0;0;0;0;0;0;0;0;0;0;1452;0;0;32;0;82;0;
1679;2650341;690380800;16216064;724676608;0;0;0;0;0;0;0;0;0;0;0;1442;0;0;32;0;82;0;
1680;4933843;695033856;16203776;724664320;0;0;0;0;0;0;0;0;0;0;0;2004;0;0;33;0;82;0;
1681;2951415;695033856;16203776;724664320;0;0;0;0;0;0;0;0;0;0;0;1463;0;0;33;0;82;0;
1682;2119975;695033856;16203776;724664320;0;0;0;0;0;0;0;0;0;0;0;1463;0;0;33;0;82;0;
1683;1948635;695033856;16203776;724664320;0;0;0;0;0;0;0;0;0;0;0;1472;0;0;33;0;82;0;
1684;2172485;695033856;16203776;724664320;0;0;0;0;0;0;0;0;0;0;0;1493;0;0;33;0;82;0;
1685;2383160;695033856;16203776;724664320;0;0;0;0;0;0;0;0;0;0;0;1223;0;0;33;0;82;0;
1686;4928352;699346944;16203776;724664320;0;0;0;0;0;0;0;0;0;0;0;2955;0;0;34;0;82;0;
1687;6429538;699617280;16207872;724668416;0;0;0;0;0;0;0;0;0;0;0;1763;0;0;34;0;82;0;
1688;3356585;699887616;16216064;724676608;0;0;0;0;0;0;0;0;0;0;0;1573;0;0;34;0;82;0;
1689;4490351;706179072;16216064;741453824;0;0;0;0;0;0;0;0;0;0;0;3396;0;0;35;0;82;0;
1690;2613522;706179072;16216064;741453824;0;0;0;0;0;0;0;0;0;0;0;1743;0;0;35;0;82;0;
1691;2550713;706179072;16216064;741453824;0;0;0;0;0;0;0;0;0;0;0;23634;0;0;35;0;82;0;
1692;2723988;706179072;16216064;741453824;0;0;0;0;0;0;0;0;0;0;0;1483;0;0;35;0;82;0;
1693;1313363;706179072;16216064;741453824;0;0;0;0;0;0;0;0;0;0;0;1423;0;0;35;0;82;0;
1694;2593734;706179072;16216064;741453824;0;0;0;0;0;0;0;0;0;0;0;83787;0;0;35;0;82;0;
1695;5113440;710483968;16216064;741453824;0;0;0;0;0;0;0;0;0;0;0;3116;0;0;36;0;82;0;
1696;2931999;710483968;16216064;741453824;0;0;0;0;0;0;0;0;0;0;0;1914;0;0;36;0;82;0;
1697;3459698;710483968;16216064;741453824;0;0;0;0;0;0;0;0;0;0;0;1913;0;0;36;0;82;0;
1698;3299077;710483968;16216064;741453824;0;0;0;0;0;0;0;0;0;0;0;1683;0;0;36;0;82;0;
1699;5210091;714727424;16216064;741453824;0;0;0;0;0;0;0;0;0;0;0;3507;0;0;37;0;82;0;
1700;3260985;714727424;16216064;741453824;0;0;0;0;0;0;0;0;0;0;0;2074;0;0;37;0;82;0;
1701;2866156;714727424;16216064;741453824;0;0;0;0;0;0;0;0;0;0;0;2034;0;0;37;0;82;0;
1702;2654488;714727424;16216064;741453824;0;0;0;0;0;0;0;0;0;0;0;1793;0;0;37;0;82;0;
1703;2622127;714727424;16216064;741453824;0;0;0;0;0;0;0;0;0;0;0;1834;0;0;37;0;82;0;
1704;5149247;718782464;16216064;741453824;0;0;0;0;0;0;0;0;0;0;0;3176;0;0;38;0;82;0;
1705;2100269;718782464;16216064;741453824;0;0;0;0;0;0;0;0;0;0;0;1713;0;0;38;0;82;0;
1706;3035182;719052800;16216064;741453824;0;0;0;0;0;0;0;0;0;0;0;1693;0;0;38;0;82;0;
1707;2955883;719052800;16216064;741453824;0;0;0;0;0;0;0;0;0;0;0;2865;0;0;38;0;82;0;
1708;1721479;719052800;16216064;741453824;0;0;0;0;0;0;0;0;0;0;0;1353;0;0;38;0;82;0;
1709;1704446;719052800;16216064;741453824;0;0;0;0;0;0;0;0;0;0;0;2014;0;0;38;0;82;0;
1710;2712376;719052800;16216064;741453824;0;0;0;0;0;0;0;0;0;0;0;1683;0;0;38;0;82;0;
1711;1677406;719052800;16216064;741453824;0;0;0;0;0;0;0;0;0;0;0;1623;0;0;38;0;82;0;
1712;3819804;721416192;16216064;741453824;0;0;0;0;0;0;0;0;0;0;0;1923;0;0;38;0;82;0;
1713;2111009;721416192;16216064;741453824;0;0;0;0;0;0;0;0;0;0;0;1763;0;0;38;0;82;0;
1714;2371327;721416192;16216064;741453824;0;0;0;0;0;0;0;0;0;0;0;1542;0;0;38;0;82;0;
1715;1674431;721416192;16216064;741453824;0;0;0;0;0;0;0;0;0;0;0;1853;0;0;38;0;82;0;
1716;3975245;725467136;16216064;741453824;0;0;0;0;0;0;0;0;0;0;0;2244;0;0;39;0;82;0;
1717;2580459;725467136;16216064;741453824;0;0;0;0;0;0;0;0;0;0;0;1673;0;0;39;0;82;0;
1718;1876850;725467136;16216064;741453824;0;0;0;0;0;0;0;0;0;0;0;1563;0;0;39;0;82;0;
1719;1485095;725467136;16216064;741453824;0;0;0;0;0;0;0;0;0;0;0;1743;0;0;39;0;82;0;
1720;1055129;725467136;16216064;741453824;0;0;0;0;0;0;0;0;0;0;0;1493;0;0;39;0;82;0;
1721;1617012;725467136;16216064;741453824;0;0;0;0;0;0;0;0;0;0;0;1483;0;0;39;0;82;0;
1722;2356279;725467136;16216064;741453824;0;0;0;0;0;0;0;0;0;0;0;1713;0;0;39;0;82;0;
1723;1960917;725467136;16216064;741453824;0;0;0;0;0;0;0;0;0;0;0;1663;0;0;39;0;82;0;
1724;2026821;725467136;16216064;741453824;0;0;0;0;0;0;0;0;0;0;0;1353;0;0;39;0;82;0;
1725;2234200;725467136;16216064;741453824;0;0;0;0;0;0;0;0;0;0;0;2585;0;0;39;0;82;0;
1726;1474335;725467136;16216064;741453824;0;0;0;0;0;0;0;0;0;0;0;1363;0;0;39;0;82;0;
1727;1229816;725467136;16216064;741453824;0;0;0;0;0;0;0;0;0;0;0;1452;0;0;39;0;82;0;
1728;1387132;725467136;16216064;741453824;0;0;0;0;0;0;0;0;0;0;0;1433;0;0;39;0;82;0;
1729;1969604;725467136;16216064;741453824;0;0;0;0;0;0;0;0;0;0;0;1412;0;0;39;0;82;0;
1730;6787079;725467136;16216064;741453824;0;0;0;0;0;0;0;0;0;0;0;1402;0;0;39;0;82;0;
1731;4123984;725467136;16216064;741453824;0;0;0;0;0;0;0;0;0;0;0;1964;0;0;39;0;82;0;
1732;3689830;729661440;16216064;758231040;0;0;0;0;0;0;0;0;0;0;0;3316;0;0;39;0;82;0;
1733;1942453;729661440;16216064;758231040;0;0;0;0;0;0;0;0;0;0;0;1552;0;0;39;0;82;0;
1734;1641909;729661440;16216064;758231040;0;0;0;0;0;0;0;0;0;0;0;1293;0;0;39;0;82;0;
1735;1471420;729661440;16216064;758231040;0;0;0;0;0;0;0;0;0;0;0;1483;0;0;39;0;82;0;
1736;1707452;729661440;16216064;758231040;0;0;0;0;0;0;0;0;0;0;0;1413;0;0;39;0;82;0;
1737;2723908;729661440;16216064;758231040;0;0;0;0;0;0;0;0;0;0;0;1843;0;0;39;0;82;0;
1738;1498751;729661440;16216064;758231040;0;0;0;0;0;0;0;0;0;0;0;1543;0;0;39;0;82;0;
1739;2718318;729661440;16216064;758231040;0;0;0;0;0;0;0;0;0;0;0;1553;0;0;39;0;82;0;
1740;1908850;729919488;16216064;758231040;0;0;0;0;0;0;0;0;0;0;0;1423;0;0;39;0;82;0;
1741;1978931;729919488;16216064;758231040;0;0;0;0;0;0;0;0;0;0;0;1694;0;0;39;0;82;0;
1742;1872361;729919488;16216064;758231040;0;0;0;0;0;0;0;0;0;0;0;1533;0;0;39;0;82;0;
1743;2543050;729919488;16216064;758231040;0;0;0;0;0;0;0;0;0;0;0;1443;0;0;39;0;82;0;
1744;1970415;729919488;16216064;758231040;0;0;0;0;0;0;0;0;0;0;0;1553;0;0;39;0;82;0;
1745;2565531;729919488;16216064;758231040;0;0;0;0;0;0;0;0;0;0;0;1563;0;0;39;0;82;0;
1746;2150894;729919488;16216064;758231040;0;0;0;0;0;0;0;0;0;0;0;1623;0;0;39;0;82;0;
1747;1967860;729919488;16216064;758231040;0;0;0;0;0;0;0;0;0;0;0;1423;0;0;39;0;82;0;
1748;1895685;729919488;16216064;758231040;0;0;0;0;0;0;0;0;0;0;0;1603;0;0;39;0;82;0;
1749;2789491;729919488;16216064;758231040;0;0;0;0;0;0;0;0;0;0;0;1493;0;0;39;0;82;0;
1750;2159089;729919488;16216064;758231040;0;0;0;0;0;0;0;0;0;0;0;1613;0;0;39;0;82;0;
1751;2301737;734113792;16216064;775008256;0;0;0;0;0;0;0;0;0;0;0;1763;0;0;39;0;82;0;
1752;3879696;738349056;16216064;775008256;0;0;0;0;0;0;0;0;0;0;0;1984;0;0;40;0;82;0;
1753;2210245;738349056;16216064;775008256;0;0;0;0;0;0;0;0;0;0;0;1392;0;0;40;0;82;0;
1754;2388991;738349056;16216064;775008256;0;0;0;0;0;0;0;0;0;0;0;1362;0;0;40;0;82;0;
1755;2806584;738349056;16216064;775008256;0;0;0;0;0;0;0;0;0;0;0;1413;0;0;40;0;82;0;
1756;2397366;738349056;16216064;775008256;0;0;0;0;0;0;0;0;0;0;0;1513;0;0;40;0;82;0;
1757;2197992;738349056;16216064;775008256;0;0;0;0;0;0;0;0;0;0;0;1402;0;0;40;0;82;0;
1758;3061091;744886272;16216064;791785472;0;0;0;0;0;0;0;0;0;0;0;2195;0;0;41;0;82;0;
1759;1956218;744886272;16216064;791785472;0;0;0;0;0;0;0;0;0;0;0;1432;0;0;41;0;82;0;
1760;1844940;744886272;16216064;791785472;0;0;0;0;0;0;0;0;0;0;0;1463;0;0;41;0;82;0;
1761;2622408;744886272;16216064;791785472;0;0;0;0;0;0;0;0;0;0;0;1483;0;0;41;0;82;0;
1762;1938104;744886272;16216064;791785472;0;0;0;0;0;0;0;0;0;0;0;1633;0;0;41;0;82;0;
1763;2807926;744886272;16216064;791785472;0;0;0;0;0;0;0;0;0;0;0;1453;0;0;41;0;82;0;
1764;2072837;744886272;16216064;791785472;0;0;0;0;0;0;0;0;0;0;0;1473;0;0;41;0;82;0;
1765;3761104;748859392;16216064;791785472;0;0;0;0;0;0;0;0;0;0;0;1673;0;0;42;0;82;0;
1766;1773647;748859392;16216064;791785472;0;0;0;0;0;0;0;0;0;0;0;1503;0;0;42;0;82;0;
1767;2706225;745213952;11829248;787398656;0;0;0;0;0;0;0;0;0;0;0;1452;0;0;42;0;82;0;
1768;2223941;745213952;11829248;787398656;0;0;0;0;0;0;0;0;0;0;0;1784;0;0;42;0;82;0;
1769;2058881;745213952;11829248;787398656;0;0;0;0;0;0;0;0;0;0;0;1483;0;0;42;0;82;0;
1770;1680922;745213952;11829248;787398656;0;0;0;0;0;0;0;0;0;0;0;1153;0;0;42;0;82;0;
1771;3602266;749187072;11829248;787398656;0;0;0;0;0;0;0;0;0;0;0;2565;0;0;43;0;82;0;
1772;2196720;749187072;11829248;787398656;0;0;0;0;0;0;0;0;0;0;0;1523;0;0;43;0;82;0;
1773;5380040;749187072;11829248;787398656;0;0;0;0;0;0;0;0;0;0;0;1553;0;0;43;0;82;0;
1774;2654448;749408256;11821056;787390464;0;0;0;0;0;0;0;0;0;0;0;1874;0;0;43;0;82;0;
1775;2083156;749408256;11821056;787390464;0;0;0;0;0;0;0;0;0;0;0;1463;0;0;43;0;82;0;
1776;1915742;749408256;11821056;787390464;0;0;0;0;0;0;0;0;0;0;0;1493;0;0;43;0;82;0;
1777;4408738;753455104;11821056;787390464;0;0;0;0;0;0;0;0;0;0;0;2204;0;0;44;0;82;0;
1778;2921619;753455104;11821056;787390464;0;0;0;0;0;0;0;0;0;0;0;1763;0;0;44;0;82;0;
1779;2387658;753455104;11821056;787390464;0;0;0;0;0;0;0;0;0;0;0;1423;0;0;44;0;82;0;
1780;3524470;753455104;11821056;787390464;0;0;0;0;0;0;0;0;0;0;0;1422;0;0;44;0;82;0;
1781;2309631;753455104;11821056;787390464;0;0;0;0;0;0;0;0;0;0;0;1653;0;0;44;0;82;0;
1782;4018877;757510144;11821056;787390464;0;0;0;0;0;0;0;0;0;0;0;3397;0;0;45;0;82;0;
1783;2131808;757510144;11821056;787390464;0;0;0;0;0;0;0;0;0;0;0;1423;0;0;45;0;82;0;
1784;3372836;757510144;11821056;787390464;0;0;0;0;0;0;0;0;0;0;0;1553;0;0;45;0;82;0;
1785;2196389;757510144;11821056;787390464;0;0;0;0;0;0;0;0;0;0;0;1683;0;0;45;0;82;0;
1786;2708519;757510144;11821056;787390464;0;0;0;0;0;0;0;0;0;0;0;1363;0;0;45;0;82;0;
1787;1216742;757510144;11821056;787390464;0;0;0;0;0;0;0;0;0;0;0;1403;0;0;45;0;82;0;
1788;2554771;757510144;11821056;787390464;0;0;0;0;0;0;0;0;0;0;0;1513;0;0;45;0;82;0;
1789;2503655;757510144;11821056;787390464;0;0;0;0;0;0;0;0;0;0;0;1393;0;0;45;0;82;0;
1790;1916344;761704448;11821056;804167680;0;0;0;0;0;0;0;0;0;0;0;2013;0;0;45;0;82;0;
1791;2345188;761704448;11821056;804167680;0;0;0;0;0;0;0;0;0;0;0;1593;0;0;45;0;82;0;
1792;2092835;761704448;11821056;804167680;0;0;0;0;0;0;0;0;0;0;0;1423;0;0;45;0;82;0;
1793;1981436;761704448;11821056;804167680;0;0;0;0;0;0;0;0;0;0;0;1513;0;0;45;0;82;0;
1794;2165280;761704448;11821056;804167680;0;0;0;0;0;0;0;0;0;0;0;1253;0;0;45;0;82;0;
1795;1895424;761958400;11821056;804167680;0;0;0;0;0;0;0;0;0;0;0;1633;0;0;45;0;82;0;
1796;1528637;761958400;11821056;804167680;0;0;0;0;0;0;0;0;0;0;0;1453;0;0;45;0;82;0;
1797;2356981;761958400;11821056;804167680;0;0;0;0;0;0;0;0;0;0;0;1473;0;0;45;0;82;0;
1798;2472447;761958400;11821056;804167680;0;0;0;0;0;0;0;0;0;0;0;1393;0;0;45;0;82;0;
1799;2162255;761958400;11821056;804167680;0;0;0;0;0;0;0;0;0;0;0;1483;0;0;45;0;82;0;
1800;1530230;761958400;11821056;804167680;0;0;0;0;0;0;0;0;0;0;0;1463;0;0;45;0;82;0;
1801;1980605;761958400;11821056;804167680;0;0;0;0;0;0;0;0;0;0;0;1523;0;0;45;0;82;0;
1802;1833699;761958400;11821056;804167680;0;0;0;0;0;0;0;0;0;0;0;1223;0;0;45;0;82;0;
1803;1507577;761958400;11821056;804167680;0;0;0;0;0;0;0;0;0;0;0;1442;0;0;45;0;82;0;
1804;4419598;765939712;11821056;804167680;0;0;0;0;0;0;0;0;0;0;0;2324;0;0;46;0;82;0;
1805;1923918;765939712;11821056;804167680;0;0;0;0;0;0;0;0;0;0;0;1623;0;0;46;0;82;0;
1806;1960266;765939712;11821056;804167680;0;0;0;0;0;0;0;0;0;0;0;1423;0;0;46;0;82;0;
1807;1611652;765939712;11821056;804167680;0;0;0;0;0;0;0;0;0;0;0;1402;0;0;46;0;82;0;
1808;1545909;765939712;11821056;804167680;0;0;0;0;0;0;0;0;0;0;0;1463;0;0;46;0;82;0;
1809;1752817;765939712;11821056;804167680;0;0;0;0;0;0;0;0;0;0;0;1362;0;0;46;0;82;0;
1810;2121068;765939712;11821056;804167680;0;0;0;0;0;0;0;0;0;0;0;1403;0;0;46;0;82;0;
1811;4209164;770260992;11821056;804167680;0;0;0;0;0;0;0;0;0;0;0;2375;0;0;47;0;82;0;
1812;2431680;774455296;11821056;820944896;0;0;0;0;0;0;0;0;0;0;0;1803;0;0;47;0;82;0;
1813;2181331;774455296;11821056;820944896;0;0;0;0;0;0;0;0;0;0;0;1573;0;0;47;0;82;0;
1814;1773807;774455296;11821056;820944896;0;0;0;0;0;0;0;0;0;0;0;1633;0;0;47;0;82;0;
1815;2099567;774455296;11821056;820944896;0;0;0;0;0;0;0;0;0;0;0;1483;0;0;47;0;82;0;
1816;5720498;774455296;11821056;820944896;0;0;0;0;0;0;0;0;0;0;0;1583;0;0;47;0;82;0;
1817;6180421;778960896;16207872;825331712;0;0;0;0;0;0;0;0;0;0;0;3286;0;0;48;0;82;0;
1818;2635152;778960896;16207872;825331712;0;0;0;0;0;0;0;0;0;0;0;1853;0;0;48;0;82;0;
1819;1761424;778960896;16207872;825331712;0;0;0;0;0;0;0;0;0;0;0;1532;0;0;48;0;82;0;
1820;2555142;778960896;16207872;825331712;0;0;0;0;0;0;0;0;0;0;0;1553;0;0;48;0;82;0;
1821;2533832;778960896;16207872;825331712;0;0;0;0;0;0;0;0;0;0;0;1423;0;0;48;0;82;0;
1822;1431034;778960896;16207872;825331712;0;0;0;0;0;0;0;0;0;0;0;1372;0;0;48;0;82;0;
1823;2283773;778960896;16207872;825331712;0;0;0;0;0;0;0;0;0;0;0;1383;0;0;48;0;82;0;
1824;1564023;778960896;16207872;825331712;0;0;0;0;0;0;0;0;0;0;0;1453;0;0;48;0;82;0;
1825;1988920;778960896;16207872;825331712;0;0;0;0;0;0;0;0;0;0;0;1443;0;0;48;0;82;0;
1826;2375374;778960896;16207872;825331712;0;0;0;0;0;0;0;0;0;0;0;1503;0;0;48;0;82;0;
1827;1636549;778960896;16207872;825331712;0;0;0;0;0;0;0;0;0;0;0;1482;0;0;48;0;82;0;
1828;1622753;778960896;16207872;825331712;0;0;0;0;0;0;0;0;0;0;0;1553;0;0;48;0;82;0;
1829;3544587;778960896;16207872;825331712;0;0;0;0;0;0;0;0;0;0;0;3155;0;0;48;0;82;0;
1830;3370110;785252352;16207872;842108928;0;0;0;0;0;0;0;0;0;0;0;2655;0;0;49;0;82;0;
1831;1710819;785252352;16207872;842108928;0;0;0;0;0;0;0;0;0;0;0;1452;0;0;49;0;82;0;
1832;1395888;785252352;16207872;842108928;0;0;0;0;0;0;0;0;0;0;0;1433;0;0;49;0;82;0;
1833;1437796;785252352;16207872;842108928;0;0;0;0;0;0;0;0;0;0;0;1392;0;0;49;0;82;0;
1834;1403021;785252352;16207872;842108928;0;0;0;0;0;0;0;0;0;0;0;1353;0;0;49;0;82;0;
1835;2632087;785252352;16207872;842108928;0;0;0;0;0;0;0;0;0;0;0;1473;0;0;49;0;82;0;
1836;1365741;785252352;16207872;842108928;0;0;0;0;0;0;0;0;0;0;0;1403;0;0;49;0;82;0;
1837;1001578;785252352;16207872;842108928;0;0;0;0;0;0;0;0;0;0;0;1463;0;0;49;0;82;0;
1838;4885783;789479424;16207872;842108928;0;0;0;0;0;0;0;0;0;0;0;2204;0;0;50;0;82;0;
1839;1500805;789479424;16207872;842108928;0;0;0;0;0;0;0;0;0;0;0;1693;0;0;50;0;82;0;
1840;1807089;789479424;16207872;842108928;0;0;0;0;0;0;0;0;0;0;0;1423;0;0;50;0;82;0;
1841;2429416;789479424;16207872;842108928;0;0;0;0;0;0;0;0;0;0;0;1382;0;0;50;0;82;0;
1842;1107337;789479424;16207872;842108928;0;0;0;0;0;0;0;0;0;0;0;1493;0;0;50;0;82;0;
1843;1260784;789479424;16207872;842108928;0;0;0;0;0;0;0;0;0;0;0;1412;0;0;50;0;82;0;
1844;978135;789479424;16207872;842108928;0;0;0;0;0;0;0;0;0;0;0;1462;0;0;50;0;82;0;
1845;1525781;789479424;16207872;842108928;0;0;0;0;0;0;0;0;0;0;0;1542;0;0;50;0;82;0;
1846;1242711;789479424;16207872;842108928;0;0;0;0;0;0;0;0;0;0;0;1483;0;0;50;0;82;0;
1847;3531643;793726976;16207872;842108928;0;0;0;0;0;0;0;0;0;0;0;2094;0;0;51;0;82;0;
1848;1819773;793726976;16207872;842108928;0;0;0;0;0;0;0;0;0;0;0;1392;0;0;51;0;82;0;
1849;1964825;793726976;16207872;842108928;0;0;0;0;0;0;0;0;0;0;0;1383;0;0;51;0;82;0;
1850;2465203;793726976;16207872;842108928;0;0;0;0;0;0;0;0;0;0;0;1463;0;0;51;0;82;0;
1851;1598327;793726976;16207872;842108928;0;0;0;0;0;0;0;0;0;0;0;1423;0;0;51;0;82;0;
1852;1654022;793726976;16207872;842108928;0;0;0;0;0;0;0;0;0;0;0;1543;0;0;51;0;82;0;
1853;2670769;793853952;12062720;837963776;0;0;0;0;0;0;0;0;0;0;0;1392;0;0;51;0;82;0;
1854;1899522;793853952;12062720;837963776;0;0;0;0;0;0;0;0;0;0;0;1904;0;0;51;0;82;0;
1855;2175670;793853952;12062720;837963776;0;0;0;0;0;0;0;0;0;0;0;1492;0;0;51;0;82;0;
1856;1712792;793853952;12062720;837963776;0;0;0;0;0;0;0;0;0;0;0;43261;0;0;51;0;82;0;
1857;1782012;793853952;12062720;837963776;0;0;0;0;0;0;0;0;0;0;0;1433;0;0;51;0;82;0;
1858;2538431;793853952;12062720;837963776;0;0;0;0;0;0;0;0;0;0;0;1462;0;0;51;0;82;0;
1859;4451839;793853952;12062720;837963776;0;0;0;0;0;0;0;0;0;0;0;1453;0;0;51;0;82;0;
1860;2079319;793853952;12062720;837963776;0;0;0;0;0;0;0;0;0;0;0;1664;0;0;51;0;82;0;
1861;2400442;800145408;12062720;854740992;0;0;0;0;0;0;0;0;0;0;0;2625;0;0;52;0;82;0;
1862;1509131;800145408;12062720;854740992;0;0;0;0;0;0;0;0;0;0;0;1433;0;0;52;0;82;0;
1863;2403156;800145408;12062720;854740992;0;0;0;0;0;0;0;0;0;0;0;1493;0;0;52;0;82;0;
1864;1722821;800145408;12062720;854740992;0;0;0;0;0;0;0;0;0;0;0;1372;0;0;52;0;82;0;
1865;1436774;800145408;12062720;854740992;0;0;0;0;0;0;0;0;0;0;0;1573;0;0;52;0;82;0;
1866;1797521;800145408;12062720;854740992;0;0;0;0;0;0;0;0;0;0;0;1563;0;0;52;0;82;0;
1867;1911215;800145408;12062720;854740992;0;0;0;0;0;0;0;0;0;0;0;1452;0;0;52;0;82;0;
1868;1995172;800145408;12062720;854740992;0;0;0;0;0;0;0;0;0;0;0;1443;0;0;52;0;82;0;
1869;1598077;800145408;12062720;854740992;0;0;0;0;0;0;0;0;0;0;0;1523;0;0;52;0;82;0;
1870;3162992;804372480;12062720;854740992;0;0;0;0;0;0;0;0;0;0;0;2645;0;0;53;0;82;0;
1871;1052433;804372480;12062720;854740992;0;0;0;0;0;0;0;0;0;0;0;1393;0;0;53;0;82;0;
1872;2295595;804372480;12062720;854740992;0;0;0;0;0;0;0;0;0;0;0;1523;0;0;53;0;82;0;
1873;1430002;804372480;12062720;854740992;0;0;0;0;0;0;0;0;0;0;0;1943;0;0;53;0;82;0;
1874;1375199;804372480;12062720;854740992;0;0;0;0;0;0;0;0;0;0;0;1423;0;0;53;0;82;0;
1875;1628033;804372480;12062720;854740992;0;0;0;0;0;0;0;0;0;0;0;1393;0;0;53;0;82;0;
1876;1793454;804372480;12062720;854740992;0;0;0;0;0;0;0;0;0;0;0;1403;0;0;53;0;82;0;
1877;1800587;804372480;12062720;854740992;0;0;0;0;0;0;0;0;0;0;0;1413;0;0;53;0;82;0;
1878;2380815;804372480;12062720;854740992;0;0;0;0;0;0;0;0;0;0;0;1423;0;0;53;0;82;0;
1879;1899533;804372480;12062720;854740992;0;0;0;0;0;0;0;0;0;0;0;1593;0;0;53;0;82;0;
1880;1520011;804372480;12062720;854740992;0;0;0;0;0;0;0;0;0;0;0;1403;0;0;53;0;82;0;
1881;1252750;804372480;12062720;854740992;0;0;0;0;0;0;0;0;0;0;0;1432;0;0;53;0;82;0;
1882;1309386;804372480;12062720;854740992;0;0;0;0;0;0;0;0;0;0;0;1432;0;0;53;0;82;0;
1883;901521;804372480;12062720;854740992;0;0;0;0;0;0;0;0;0;0;0;1362;0;0;53;0;82;0;
1884;1814994;804372480;12062720;854740992;0;0;0;0;0;0;0;0;0;0;0;1412;0;0;53;0;82;0;
1885;1676023;804372480;12062720;854740992;0;0;0;0;0;0;0;0;0;0;0;1433;0;0;53;0;82;0;
1886;1269030;804372480;12062720;854740992;0;0;0;0;0;0;0;0;0;0;0;1623;0;0;53;0;82;0;
1887;1378365;804372480;12062720;854740992;0;0;0;0;0;0;0;0;0;0;0;1684;0;0;53;0;82;0;
1888;1399053;804372480;12062720;854740992;0;0;0;0;0;0;0;0;0;0;0;1482;0;0;53;0;82;0;
1889;810540;804372480;12062720;854740992;0;0;0;0;0;0;0;0;0;0;0;1453;0;0;53;0;82;0;
1890;3679210;810663936;12062720;871518208;0;0;0;0;0;0;0;0;0;0;0;2164;0;0;54;0;82;0;
1891;1597746;810663936;12062720;871518208;0;0;0;0;0;0;0;0;0;0;0;1713;0;0;54;0;82;0;
1892;1347397;810663936;12062720;871518208;0;0;0;0;0;0;0;0;0;0;0;1403;0;0;54;0;82;0;
1893;1742568;810663936;12062720;871518208;0;0;0;0;0;0;0;0;0;0;0;1543;0;0;54;0;82;0;
1894;1925531;810663936;12062720;871518208;0;0;0;0;0;0;0;0;0;0;0;1463;0;0;54;0;82;0;
1895;1468454;810663936;12062720;871518208;0;0;0;0;0;0;0;0;0;0;0;1402;0;0;54;0;82;0;
1896;2146485;810663936;12062720;871518208;0;0;0;0;0;0;0;0;0;0;0;1423;0;0;54;0;82;0;
1897;1556920;810663936;12062720;871518208;0;0;0;0;0;0;0;0;0;0;0;1723;0;0;54;0;82;0;
1898;1768446;810663936;12062720;871518208;0;0;0;0;0;0;0;0;0;0;0;1373;0;0;54;0;82;0;
1899;3558233;814895104;12062720;871518208;0;0;0;0;0;0;0;0;0;0;0;1773;0;0;55;0;82;0;
1900;1623044;814895104;12062720;871518208;0;0;0;0;0;0;0;0;0;0;0;1483;0;0;55;0;82;0;
1901;1647880;814895104;12062720;871518208;0;0;0;0;0;0;0;0;0;0;0;1512;0;0;55;0;82;0;
1902;4126739;814895104;12062720;871518208;0;0;0;0;0;0;0;0;0;0;0;1513;0;0;55;0;82;0;
1903;2375175;814895104;12062720;871518208;0;0;0;0;0;0;0;0;0;0;0;1693;0;0;55;0;82;0;
1904;1979683;814895104;12062720;871518208;0;0;0;0;0;0;0;0;0;0;0;1483;0;0;55;0;82;0;
1905;2740750;821186560;12062720;888295424;0;0;0;0;0;0;0;0;0;0;0;3116;0;0;56;0;82;0;
1906;1493040;821186560;12062720;888295424;0;0;0;0;0;0;0;0;0;0;0;1423;0;0;56;0;82;0;
1907;1453867;821186560;12062720;888295424;0;0;0;0;0;0;0;0;0;0;0;1392;0;0;56;0;82;0;
1908;1919069;821186560;12062720;888295424;0;0;0;0;0;0;0;0;0;0;0;1513;0;0;56;0;82;0;
1909;2178265;821186560;12062720;888295424;0;0;0;0;0;0;0;0;0;0;0;1412;0;0;56;0;82;0;
1910;2027483;821186560;12062720;888295424;0;0;0;0;0;0;0;0;0;0;0;1193;0;0;56;0;82;0;
1911;1767184;821186560;12062720;888295424;0;0;0;0;0;0;0;0;0;0;0;1462;0;0;56;0;82;0;
1912;1937704;821186560;12062720;888295424;0;0;0;0;0;0;0;0;0;0;0;1422;0;0;56;0;82;0;
1913;1941501;821186560;12062720;888295424;0;0;0;0;0;0;0;0;0;0;0;1453;0;0;56;0;82;0;
1914;3935872;825421824;12062720;888295424;0;0;0;0;0;0;0;0;0;0;0;2234;0;0;57;0;82;0;
1915;2464532;825421824;12062720;888295424;0;0;0;0;0;0;0;0;0;0;0;1443;0;0;57;0;82;0;
1916;2063169;825421824;12062720;888295424;0;0;0;0;0;0;0;0;0;0;0;74329;0;0;57;0;82;0;
1917;1428900;825421824;12062720;888295424;0;0;0;0;0;0;0;0;0;0;0;1523;0;0;57;0;82;0;
1918;1083232;825421824;12062720;888295424;0;0;0;0;0;0;0;0;0;0;0;1472;0;0;57;0;82;0;
1919;1750924;825421824;12062720;888295424;0;0;0;0;0;0;0;0;0;0;0;1403;0;0;57;0;82;0;
1920;1848898;825421824;12062720;888295424;0;0;0;0;0;0;0;0;0;0;0;1433;0;0;57;0;82;0;
1921;2401855;825421824;12062720;888295424;0;0;0;0;0;0;0;0;0;0;0;1503;0;0;57;0;82;0;
1922;3215400;829665280;12062720;888295424;0;0;0;0;0;0;0;0;0;0;0;2074;0;0;58;0;82;0;
1923;1970735;829665280;12062720;888295424;0;0;0;0;0;0;0;0;0;0;0;1593;0;0;58;0;82;0;
1924;1618285;829665280;12062720;888295424;0;0;0;0;0;0;0;0;0;0;0;1442;0;0;58;0;82;0;
1925;1614016;829665280;12062720;888295424;0;0;0;0;0;0;0;0;0;0;0;1613;0;0;58;0;82;0;
1926;1976416;829665280;12062720;888295424;0;0;0;0;0;0;0;0;0;0;0;1372;0;0;58;0;82;0;
1927;2305244;829665280;12062720;888295424;0;0;0;0;0;0;0;0;0;0;0;1493;0;0;58;0;82;0;
1928;1787131;829665280;12062720;888295424;0;0;0;0;0;0;0;0;0;0;0;1973;0;0;58;0;82;0;
1929;4144533;833720320;12062720;888295424;0;0;0;0;0;0;0;0;0;0;0;2304;0;0;59;0;82;0;
1930;1782192;833720320;12062720;888295424;0;0;0;0;0;0;0;0;0;0;0;1483;0;0;59;0;82;0;
1931;1609859;833720320;12062720;888295424;0;0;0;0;0;0;0;0;0;0;0;1593;0;0;59;0;82;0;
1932;1740615;833720320;12062720;888295424;0;0;0;0;0;0;0;0;0;0;0;1463;0;0;59;0;82;0;
1933;1935008;833720320;12062720;888295424;0;0;0;0;0;0;0;0;0;0;0;1563;0;0;59;0;82;0;
1934;1673208;833720320;12062720;888295424;0;0;0;0;0;0;0;0;0;0;0;1623;0;0;59;0;82;0;
1935;1772364;833720320;12062720;888295424;0;0;0;0;0;0;0;0;0;0;0;1513;0;0;59;0;82;0;
1936;1405186;833720320;12062720;888295424;0;0;0;0;0;0;0;0;0;0;0;1433;0;0;59;0;82;0;
1937;2530976;835883008;12062720;888295424;0;0;0;0;0;0;0;0;0;0;0;1933;0;0;60;0;82;0;
1938;1467643;835883008;12062720;888295424;0;0;0;0;0;0;0;0;0;0;0;1583;0;0;60;0;82;0;
1939;2145193;835883008;12062720;888295424;0;0;0;0;0;0;0;0;0;0;0;1563;0;0;60;0;82;0;
1940;1507276;835883008;12062720;888295424;0;0;0;0;0;0;0;0;0;0;0;1422;0;0;60;0;82;0;
1941;1438858;835883008;12062720;888295424;0;0;0;0;0;0;0;0;0;0;0;1483;0;0;60;0;82;0;
1942;1868084;835883008;12062720;888295424;0;0;0;0;0;0;0;0;0;0;0;1432;0;0;60;0;82;0;
1943;2070674;835883008;12062720;888295424;0;0;0;0;0;0;0;0;0;0;0;1443;0;0;60;0;82;0;
1944;2110067;835883008;12062720;888295424;0;0;0;0;0;0;0;0;0;0;0;1443;0;0;60;0;82;0;
1945;5134449;835883008;12062720;888295424;0;0;0;0;0;0;0;0;0;0;0;1383;0;0;60;0;82;0;
1946;2389050;836153344;16146432;892379136;0;0;0;0;0;0;0;0;0;0;0;1933;0;0;60;0;82;0;
1947;2230092;836153344;16146432;892379136;0;0;0;0;0;0;0;0;0;0;0;1452;0;0;60;0;82;0;
1948;2456998;836153344;16146432;892379136;0;0;0;0;0;0;0;0;0;0;0;1423;0;0;60;0;82;0;
1949;1808071;836153344;16146432;892379136;0;0;0;0;0;0;0;0;0;0;0;1383;0;0;60;0;82;0;
1950;1954646;836153344;16146432;892379136;0;0;0;0;0;0;0;0;0;0;0;1432;0;0;60;0;82;0;
1951;1359089;836153344;16146432;892379136;0;0;0;0;0;0;0;0;0;0;0;1372;0;0;60;0;82;0;
1952;2864532;836153344;16146432;892379136;0;0;0;0;0;0;0;0;0;0;0;1463;0;0;60;0;82;0;
1953;1556038;836153344;16146432;892379136;0;0;0;0;0;0;0;0;0;0;0;1442;0;0;60;0;82;0;
1954;1082741;836153344;16146432;892379136;0;0;0;0;0;0;0;0;0;0;0;1413;0;0;60;0;82;0;
1955;1685221;836153344;16146432;892379136;0;0;0;0;0;0;0;0;0;0;0;1423;0;0;60;0;82;0;
1956;1210791;836153344;16146432;892379136;0;0;0;0;0;0;0;0;0;0;0;1412;0;0;60;0;82;0;
1957;2341652;836153344;16146432;892379136;0;0;0;0;0;0;0;0;0;0;0;1402;0;0;60;0;82;0;
1958;1701030;836153344;16146432;892379136;0;0;0;0;0;0;0;0;0;0;0;1723;0;0;60;0;82;0;
1959;1792682;836153344;16146432;892379136;0;0;0;0;0;0;0;0;0;0;0;1403;0;0;60;0;82;0;
1960;1320577;836153344;16146432;892379136;0;0;0;0;0;0;0;0;0;0;0;1443;0;0;60;0;82;0;
1961;1596554;836153344;16146432;892379136;0;0;0;0;0;0;0;0;0;0;0;1443;0;0;60;0;82;0;
1962;1711880;836153344;16146432;892379136;0;0;0;0;0;0;0;0;0;0;0;1403;0;0;60;0;82;0;
1963;1791159;836153344;16146432;892379136;0;0;0;0;0;0;0;0;0;0;0;1382;0;0;60;0;82;0;
1964;1463565;836153344;16146432;892379136;0;0;0;0;0;0;0;0;0;0;0;1743;0;0;60;0;82;0;
1965;1264191;836153344;16146432;892379136;0;0;0;0;0;0;0;0;0;0;0;1403;0;0;60;0;82;0;
1966;1814223;836153344;16146432;892379136;0;0;0;0;0;0;0;0;0;0;0;1423;0;0;60;0;82;0;
1967;1226861;836153344;16146432;892379136;0;0;0;0;0;0;0;0;0;0;0;1523;0;0;60;0;82;0;
1968;1208546;836153344;16146432;892379136;0;0;0;0;0;0;0;0;0;0;0;1423;0;0;60;0;82;0;
1969;1874866;836153344;16146432;892379136;0;0;0;0;0;0;0;0;0;0;0;1433;0;0;60;0;82;0;
1970;1572890;836153344;16146432;892379136;0;0;0;0;0;0;0;0;0;0;0;1443;0;0;60;0;82;0;
1971;1212144;836153344;16146432;892379136;0;0;0;0;0;0;0;0;0;0;0;1363;0;0;60;0;82;0;
1972;1744561;836153344;16146432;892379136;0;0;0;0;0;0;0;0;0;0;0;1422;0;0;60;0;82;0;
1973;1561890;836153344;16146432;892379136;0;0;0;0;0;0;0;0;0;0;0;1443;0;0;60;0;82;0;
1974;1138896;836153344;16146432;892379136;0;0;0;0;0;0;0;0;0;0;0;1383;0;0;60;0;82;0;
1975;1828449;836153344;16146432;892379136;0;0;0;0;0;0;0;0;0;0;0;1433;0;0;60;0;82;0;
1976;1451071;836153344;16146432;892379136;0;0;0;0;0;0;0;0;0;0;0;1363;0;0;60;0;82;0;
1977;1284689;836153344;16146432;892379136;0;0;0;0;0;0;0;0;0;0;0;1503;0;0;60;0;82;0;
1978;1350002;836153344;16146432;892379136;0;0;0;0;0;0;0;0;0;0;0;1423;0;0;60;0;82;0;
1979;1409173;836153344;16146432;892379136;0;0;0;0;0;0;0;0;0;0;0;1573;0;0;60;0;82;0;
1980;1613817;836153344;16146432;892379136;0;0;0;0;0;0;0;0;0;0;0;1693;0;0;60;0;82;0;
1981;2231926;836165632;12206080;888438784;0;0;0;0;0;0;0;0;0;0;0;1403;0;0;60;0;82;0;
1982;1192576;836165632;12206080;888438784;0;0;0;0;0;0;0;0;0;0;0;44774;0;0;60;0;82;0;
1983;1674901;836165632;12206080;888438784;0;0;0;0;0;0;0;0;0;0;0;1683;0;0;60;0;82;0;
1984;1233313;836165632;12206080;888438784;0;0;0;0;0;0;0;0;0;0;0;1492;0;0;60;0;82;0;
1985;1242470;836165632;12206080;888438784;0;0;0;0;0;0;0;0;0;0;0;1352;0;0;60;0;82;0;
1986;1698395;836165632;12206080;888438784;0;0;0;0;0;0;0;0;0;0;0;1422;0;0;60;0;82;0;
1987;4517582;836165632;12206080;888438784;0;0;0;0;0;0;0;0;0;0;0;1473;0;0;60;0;82;0;
1988;4312117;838262784;15966208;892198912;0;0;0;0;0;0;0;0;0;0;0;2324;0;0;60;0;82;0;
1989;1705498;838262784;15966208;892198912;0;0;0;0;0;0;0;0;0;0;0;1393;0;0;60;0;82;0;
1990;1440492;838262784;15966208;892198912;0;0;0;0;0;0;0;0;0;0;0;1342;0;0;60;0;82;0;
1991;1329222;838262784;15966208;892198912;0;0;0;0;0;0;0;0;0;0;0;1413;0;0;60;0;82;0;
1992;1712903;838262784;15966208;892198912;0;0;0;0;0;0;0;0;0;0;0;1573;0;0;60;0;82;0;
1993;1945388;838262784;15966208;892198912;0;0;0;0;0;0;0;0;0;0;0;1423;0;0;60;0;82;0;
1994;1233082;838262784;15966208;892198912;0;0;0;0;0;0;0;0;0;0;0;1422;0;0;60;0;82;0;
1995;2032041;838262784;15966208;892198912;0;0;0;0;0;0;0;0;0;0;0;1473;0;0;60;0;82;0;
1996;1702423;838262784;15966208;892198912;0;0;0;0;0;0;0;0;0;0;0;1442;0;0;60;0;82;0;
1997;1622402;838262784;15966208;892198912;0;0;0;0;0;0;0;0;0;0;0;1402;0;0;60;0;82;0;
1998;2207580;838262784;15966208;892198912;0;0;0;0;0;0;0;0;0;0;0;1462;0;0;60;0;82;0;
1999;1251126;838262784;15966208;892198912;0;0;0;0;0;0;0;0;0;0;0;1483;0;0;60;0;82;0;
2000;2036830;838262784;15966208;892198912;0;0;0;0;0;0;0;0;0;0;0;1423;0;0;60;0;82;0;
2001;1393543;838262784;15966208;892198912;0;0;0;0;0;0;0;0;0;0;0;1423;0;0;60;0;82;0;
2002;1074164;838262784;15966208;892198912;0;0;0;0;0;0;0;0;0;0;0;1393;0;0;60;0;82;0;
2003;1986455;838262784;15966208;892198912;0;0;0;0;0;0;0;0;0;0;0;1423;0;0;60;0;82;0;
2004;1738821;838262784;15966208;892198912;0;0;0;0;0;0;0;0;0;0;0;1472;0;0;60;0;82;0;
2005;1647960;838262784;15966208;892198912;0;0;0;0;0;0;0;0;0;0;0;1383;0;0;60;0;82;0;
2006;1729033;838262784;15966208;892198912;0;0;0;0;0;0;0;0;0;0;0;1443;0;0;60;0;82;0;
2007;1828980;838262784;15966208;892198912;0;0;0;0;0;0;0;0;0;0;0;1432;0;0;60;0;82;0;
2008;2237517;838262784;15966208;892198912;0;0;0;0;0;0;0;0;0;0;0;1453;0;0;60;0;82;0;
2009;1669090;838262784;15966208;892198912;0;0;0;0;0;0;0;0;0;0;0;1413;0;0;60;0;82;0;
2010;1966728;838262784;15966208;892198912;0;0;0;0;0;0;0;0;0;0;0;1422;0;0;60;0;82;0;
2011;1674239;838262784;15966208;892198912;0;0;0;0;0;0;0;0;0;0;0;1433;0;0;60;0;82;0;
2012;2028524;838795264;15966208;892198912;0;0;0;0;0;0;0;0;0;0;0;1783;0;0;60;0;82;0;
2013;1481078;839065600;15966208;892198912;0;0;0;0;0;0;0;0;0;0;0;1232;0;0;60;0;82;0;
2014;2119996;839335936;15966208;892198912;0;0;0;0;0;0;0;0;0;0;0;1423;0;0;60;0;82;0;
2015;1996414;839606272;15966208;892198912;0;0;0;0;0;0;0;0;0;0;0;1983;0;0;60;0;82;0;
2016;1571848;839606272;15966208;892198912;0;0;0;0;0;0;0;0;0;0;0;1442;0;0;60;0;82;0;
2017;1358428;839606272;15966208;892198912;0;0;0;0;0;0;0;0;0;0;0;1503;0;0;60;0;82;0;
2018;1514140;839606272;15966208;892198912;0;0;0;0;0;0;0;0;0;0;0;1613;0;0;60;0;82;0;
2019;1633713;839606272;15966208;892198912;0;0;0;0;0;0;0;0;0;0;0;1543;0;0;60;0;82;0;
2020;2188835;839606272;15966208;892198912;0;0;0;0;0;0;0;0;0;0;0;1633;0;0;60;0;82;0;
2021;1842125;839606272;15966208;892198912;0;0;0;0;0;0;0;0;0;0;0;1583;0;0;60;0;82;0;
2022;1719715;839606272;15966208;892198912;0;0;0;0;0;0;0;0;0;0;0;1453;0;0;60;0;82;0;
2023;2268805;839606272;15966208;892198912;0;0;0;0;0;0;0;0;0;0;0;2825;0;0;60;0;82;0;
2024;2056847;839606272;15966208;892198912;0;0;0;0;0;0;0;0;0;0;0;2334;0;0;60;0;82;0;
2025;1619858;839606272;15966208;892198912;0;0;0;0;0;0;0;0;0;0;0;1874;0;0;60;0;82;0;
2026;4306567;839606272;15966208;892198912;0;0;0;0;0;0;0;0;0;0;0;1503;0;0;60;0;82;0;
2027;3069507;839606272;15966208;892198912;0;0;0;0;0;0;0;0;0;0;0;2866;0;0;60;0;82;0;
2028;1935590;839606272;15966208;892198912;0;0;0;0;0;0;0;0;0;0;0;2565;0;0;60;0;82;0;
2029;2026050;839606272;15966208;892198912;0;0;0;0;0;0;0;0;0;0;0;1633;0;0;60;0;82;0;
2030;2140594;839606272;15966208;892198912;0;0;0;0;0;0;0;0;0;0;0;1603;0;0;60;0;82;0;
2031;1750363;839606272;15966208;892198912;0;0;0;0;0;0;0;0;0;0;0;1573;0;0;60;0;82;0;
2032;1563973;839606272;15966208;892198912;0;0;0;0;0;0;0;0;0;0;0;1603;0;0;60;0;82;0;
2033;1072532;839606272;15966208;892198912;0;0;0;0;0;0;0;0;0;0;0;1913;0;0;60;0;82;0;
2034;1116043;839606272;15966208;892198912;0;0;0;0;0;0;0;0;0;0;0;1543;0;0;60;0;82;0;
2035;1361183;839606272;15966208;892198912;0;0;0;0;0;0;0;0;0;0;0;1513;0;0;60;0;82;0;
2036;1828008;839606272;15966208;892198912;0;0;0;0;0;0;0;0;0;0;0;2024;0;0;60;0;82;0;
2037;2063460;839606272;15966208;892198912;0;0;0;0;0;0;0;0;0;0;0;1994;0;0;60;0;82;0;
2038;1987287;839606272;15966208;892198912;0;0;0;0;0;0;0;0;0;0;0;2244;0;0;60;0;82;0;
2039;964830;839606272;15966208;892198912;0;0;0;0;0;0;0;0;0;0;0;1382;0;0;60;0;82;0;
2040;1094823;839606272;15966208;892198912;0;0;0;0;0;0;0;0;0;0;0;1492;0;0;60;0;82;0;
2041;1998027;839606272;15966208;892198912;0;0;0;0;0;0;0;0;0;0;0;57388;0;0;60;0;82;0;
2042;2122070;839606272;15966208;892198912;0;0;0;0;0;0;0;0;0;0;0;1683;0;0;60;0;82;0;
2043;989456;839606272;15966208;892198912;0;0;0;0;0;0;0;0;0;0;0;1793;0;0;60;0;82;0;
2044;1308253;839606272;15966208;892198912;0;0;0;0;0;0;0;0;0;0;0;1342;0;0;60;0;82;0;
2045;1505053;839606272;15966208;892198912;0;0;0;0;0;0;0;0;0;0;0;1763;0;0;60;0;82;0;
2046;1551950;839606272;15966208;892198912;0;0;0;0;0;0;0;0;0;0;0;1393;0;0;60;0;82;0;
2047;2644279;839606272;15966208;892198912;0;0;0;0;0;0;0;0;0;0;0;1583;0;0;60;0;82;0;
2048;2577594;839606272;15966208;892198912;0;0;0;0;0;0;0;0;0;0;0;3747;0;0;60;0;82;0;
2049;2523643;839606272;15966208;892198912;0;0;0;0;0;0;0;0;0;0;0;1593;0;0;60;0;82;0;
2050;1205200;839606272;15966208;892198912;0;0;0;0;0;0;0;0;0;0;0;1543;0;0;60;0;82;0;
2051;1188308;839606272;15966208;892198912;0;0;0;0;0;0;0;0;0;0;0;1463;0;0;60;0;82;0;
2052;2043152;839606272;15966208;892198912;0;0;0;0;0;0;0;0;0;0;0;1383;0;0;60;0;82;0;
2053;849333;839606272;15966208;892198912;0;0;0;0;0;0;0;0;0;0;0;1362;0;0;60;0;82;0;
2054;1255705;839606272;15966208;892198912;0;0;0;0;0;0;0;0;0;0;0;1422;0;0;60;0;82;0;
2055;1900204;839606272;15966208;892198912;0;0;0;0;0;0;0;0;0;0;0;1513;0;0;60;0;82;0;
2056;1356033;839606272;15966208;892198912;0;0;0;0;0;0;0;0;0;0;0;1352;0;0;60;0;82;0;
2057;2478448;839606272;15966208;892198912;0;0;0;0;0;0;0;0;0;0;0;1433;0;0;60;0;82;0;
2058;1334483;839606272;15966208;892198912;0;0;0;0;0;0;0;0;0;0;0;1413;0;0;60;0;82;0;
2059;972705;839606272;15966208;892198912;0;0;0;0;0;0;0;0;0;0;0;1693;0;0;60;0;82;0;
2060;1069757;839606272;15966208;892198912;0;0;0;0;0;0;0;0;0;0;0;1523;0;0;60;0;82;0;
2061;1863705;839606272;15966208;892198912;0;0;0;0;0;0;0;0;0;0;0;1433;0;0;60;0;82;0;
2062;5345054;839606272;15966208;892198912;0;0;0;0;0;0;0;0;0;0;0;1543;0;0;60;0;82;0;
2063;3917457;839827456;15962112;892194816;0;0;0;0;0;0;0;0;0;0;0;3487;0;0;60;0;82;0;
2064;1660013;839827456;15962112;892194816;0;0;0;0;0;0;0;0;0;0;0;2946;0;0;60;0;82;0;
2065;1174152;839827456;15962112;892194816;0;0;0;0;0;0;0;0;0;0;0;1503;0;0;60;0;82;0;
2066;2472497;839827456;15962112;892194816;0;0;0;0;0;0;0;0;0;0;0;1493;0;0;60;0;82;0;
2067;1828198;839827456;15962112;892194816;0;0;0;0;0;0;0;0;0;0;0;1393;0;0;60;0;82;0;
2068;1718693;839827456;15962112;892194816;0;0;0;0;0;0;0;0;0;0;0;1543;0;0;60;0;82;0;
2069;2269026;839827456;15962112;892194816;0;0;0;0;0;0;0;0;0;0;0;1523;0;0;60;0;82;0;
2070;1588529;839827456;15962112;892194816;0;0;0;0;0;0;0;0;0;0;0;1563;0;0;60;0;82;0;
2071;2785714;839827456;15962112;892194816;0;0;0;0;0;0;0;0;0;0;0;1783;0;0;60;0;82;0;
2072;2384141;839827456;15962112;892194816;0;0;0;0;0;0;0;0;0;0;0;1964;0;0;60;0;82;0;
2073;2673614;839827456;15962112;892194816;0;0;0;0;0;0;0;0;0;0;0;1653;0;0;60;0;82;0;
2074;1558603;839827456;15962112;892194816;0;0;0;0;0;0;0;0;0;0;0;2484;0;0;60;0;82;0;
2075;1969784;839827456;15962112;892194816;0;0;0;0;0;0;0;0;0;0;0;2134;0;0;60;0;82;0;
2076;1157400;839827456;15962112;892194816;0;0;0;0;0;0;0;0;0;0;0;1833;0;0;60;0;82;0;
2077;924704;839827456;15962112;892194816;0;0;0;0;0;0;0;0;0;0;0;1673;0;0;60;0;82;0;
2078;1585473;839827456;15962112;892194816;0;0;0;0;0;0;0;0;0;0;0;1403;0;0;60;0;82;0;
2079;1276234;839827456;15962112;892194816;0;0;0;0;0;0;0;0;0;0;0;1382;0;0;60;0;82;0;
2080;2024316;839827456;15962112;892194816;0;0;0;0;0;0;0;0;0;0;0;1393;0;0;60;0;82;0;
2081;1591083;839827456;15962112;892194816;0;0;0;0;0;0;0;0;0;0;0;1413;0;0;60;0;82;0;
2082;1373837;839827456;15962112;892194816;0;0;0;0;0;0;0;0;0;0;0;1433;0;0;60;0;82;0;
2083;1778315;839827456;15962112;892194816;0;0;0;0;0;0;0;0;0;0;0;1693;0;0;60;0;82;0;
2084;2736843;839827456;15962112;892194816;0;0;0;0;0;0;0;0;0;0;0;2174;0;0;60;0;82;0;
2085;1922585;839827456;15962112;892194816;0;0;0;0;0;0;0;0;0;0;0;1943;0;0;60;0;82;0;
2086;1736787;839827456;15962112;892194816;0;0;0;0;0;0;0;0;0;0;0;1402;0;0;60;0;82;0;
2087;2265990;839827456;15962112;892194816;0;0;0;0;0;0;0;0;0;0;0;1854;0;0;60;0;82;0;
2088;1572739;839827456;15962112;892194816;0;0;0;0;0;0;0;0;0;0;0;1743;0;0;60;0;82;0;
2089;1605041;839827456;15962112;892194816;0;0;0;0;0;0;0;0;0;0;0;1654;0;0;60;0;82;0;
2090;2193073;839827456;15962112;892194816;0;0;0;0;0;0;0;0;0;0;0;1563;0;0;60;0;82;0;
2091;1706982;839827456;15962112;892194816;0;0;0;0;0;0;0;0;0;0;0;1603;0;0;60;0;82;0;
2092;1833919;839827456;15962112;892194816;0;0;0;0;0;0;0;0;0;0;0;1523;0;0;60;0;82;0;
2093;4418326;839827456;15962112;892194816;0;0;0;0;0;0;0;0;0;0;0;1583;0;0;60;0;82;0;
2094;3824463;839827456;15962112;892194816;0;0;0;0;0;0;0;0;0;0;0;2584;0;0;60;0;82;0;
2095;1625498;839827456;15962112;892194816;0;0;0;0;0;0;0;0;0;0;0;3026;0;0;60;0;83;0;
2096;852128;839827456;15962112;892194816;0;0;0;0;0;0;0;0;0;0;0;1403;0;0;60;0;83;0;
2097;1138845;839827456;15962112;892194816;0;0;0;0;0;0;0;0;0;0;0;1583;0;0;60;0;83;0;
2098;1167519;839827456;15962112;892194816;0;0;0;0;0;0;0;0;0;0;0;1533;0;0;60;0;83;0;
2099;2919385;839847936;15958016;892190720;0;0;0;0;0;0;0;0;0;0;0;1633;0;0;60;0;83;0;
2100;2533541;839847936;15958016;892190720;0;0;0;0;0;0;0;0;0;0;0;2325;0;0;60;0;83;0;
2101;2244540;839847936;15958016;892190720;0;0;0;0;0;0;0;0;0;0;0;1833;0;0;60;0;83;0;
2102;1781271;839847936;15958016;892190720;0;0;0;0;0;0;0;0;0;0;0;1663;0;0;60;0;83;0;
2103;1785298;839847936;15958016;892190720;0;0;0;0;0;0;0;0;0;0;0;1543;0;0;60;0;83;0;
2104;2128962;839847936;15958016;892190720;0;0;0;0;0;0;0;0;0;0;0;1884;0;0;60;0;83;0;
2105;1761003;839847936;15958016;892190720;0;0;0;0;0;0;0;0;0;0;0;1744;0;0;60;0;83;0;
2106;1838227;839847936;15958016;892190720;0;0;0;0;0;0;0;0;0;0;0;1653;0;0;60;0;83;0;
2107;1766844;839847936;15958016;892190720;0;0;0;0;0;0;0;0;0;0;0;1783;0;0;60;0;83;0;
2108;1449909;839847936;15958016;892190720;0;0;0;0;0;0;0;0;0;0;0;1573;0;0;60;0;83;0;
2109;2499698;839847936;15958016;892190720;0;0;0;0;0;0;0;0;0;0;0;1754;0;0;60;0;83;0;
2110;2016261;839847936;15958016;892190720;0;0;0;0;0;0;0;0;0;0;0;2875;0;0;60;0;83;0;
2111;1562861;839847936;15958016;892190720;0;0;0;0;0;0;0;0;0;0;0;1633;0;0;60;0;83;0;
2112;1505754;839847936;15958016;892190720;0;0;0;0;0;0;0;0;0;0;0;1693;0;0;60;0;83;0;
2113;1857634;839847936;15958016;892190720;0;0;0;0;0;0;0;0;0;0;0;1463;0;0;60;0;83;0;
2114;2979869;839847936;15958016;892190720;0;0;0;0;0;0;0;0;0;0;0;1683;0;0;60;0;83;0;
2115;2394691;839847936;15958016;892190720;0;0;0;0;0;0;0;0;0;0;0;2935;0;0;60;0;83;0;
2116;2308760;839847936;15958016;892190720;0;0;0;0;0;0;0;0;0;0;0;1724;0;0;60;0;83;0;
2117;1467001;844042240;15958016;908967936;0;0;0;0;0;0;0;0;0;0;0;1643;0;0;60;0;83;0;
2118;993914;844042240;15958016;908967936;0;0;0;0;0;0;0;0;0;0;0;1513;0;0;60;0;83;0;
2119;1728511;844042240;15958016;908967936;0;0;0;0;0;0;0;0;0;0;0;1323;0;0;60;0;83;0;
2120;1907368;844042240;15958016;908967936;0;0;0;0;0;0;0;0;0;0;0;2665;0;0;60;0;83;0;
2121;1995893;844042240;15958016;908967936;0;0;0;0;0;0;0;0;0;0;0;1674;0;0;60;0;83;0;
2122;1043857;844042240;15958016;908967936;0;0;0;0;0;0;0;0;0;0;0;1372;0;0;60;0;83;0;
2123;1313674;844042240;15958016;908967936;0;0;0;0;0;0;0;0;0;0;0;1593;0;0;60;0;83;0;
2124;5910074;844042240;15958016;908967936;0;0;0;0;0;0;0;0;0;0;0;1663;0;0;60;0;83;0;
2125;3533857;844042240;15958016;908967936;0;0;0;0;0;0;0;0;0;0;0;2725;0;0;60;0;83;0;
2126;1031835;844042240;15958016;908967936;0;0;0;0;0;0;0;0;0;0;0;1864;0;0;60;0;83;0;
2127;1043106;844042240;15958016;908967936;0;0;0;0;0;0;0;0;0;0;0;1533;0;0;60;0;83;0;
2128;829756;844042240;15958016;908967936;0;0;0;0;0;0;0;0;0;0;0;1403;0;0;60;0;83;0;
2129;1676413;844042240;15958016;908967936;0;0;0;0;0;0;0;0;0;0;0;1553;0;0;60;0;83;0;
2130;2139573;844042240;15958016;908967936;0;0;0;0;0;0;0;0;0;0;0;1403;0;0;60;0;83;0;
2131;1558894;844042240;15958016;908967936;0;0;0;0;0;0;0;0;0;0;0;1764;0;0;60;0;83;0;
2132;1486548;844042240;15958016;908967936;0;0;0;0;0;0;0;0;0;0;0;1844;0;0;60;0;83;0;
2133;2433524;844042240;15958016;908967936;0;0;0;0;0;0;0;0;0;0;0;1774;0;0;60;0;83;0;
2134;1787342;844042240;15958016;908967936;0;0;0;0;0;0;0;0;0;0;0;1382;0;0;60;0;83;0;
2135;2226565;844042240;15958016;908967936;0;0;0;0;0;0;0;0;0;0;0;1583;0;0;60;0;83;0;
2136;2578075;844042240;15958016;908967936;0;0;0;0;0;0;0;0;0;0;0;1984;0;0;60;0;83;0;
2137;2445876;848273408;15958016;908967936;0;0;0;0;0;0;0;0;0;0;0;2164;0;0;61;0;83;0;
2138;1720105;848273408;15958016;908967936;0;0;0;0;0;0;0;0;0;0;0;2174;0;0;61;0;83;0;
2139;1507958;848273408;15958016;908967936;0;0;0;0;0;0;0;0;0;0;0;1322;0;0;61;0;83;0;
2140;2542618;848273408;15958016;908967936;0;0;0;0;0;0;0;0;0;0;0;1402;0;0;61;0;83;0;
2141;1575445;848273408;15958016;908967936;0;0;0;0;0;0;0;0;0;0;0;1513;0;0;61;0;83;0;
2142;2231024;848273408;15958016;908967936;0;0;0;0;0;0;0;0;0;0;0;1733;0;0;61;0;83;0;
2143;2355618;848273408;15958016;908967936;0;0;0;0;0;0;0;0;0;0;0;1854;0;0;61;0;83;0;
2144;1532203;848273408;15958016;908967936;0;0;0;0;0;0;0;0;0;0;0;1673;0;0;61;0;83;0;
2145;2308089;848273408;15958016;908967936;0;0;0;0;0;0;0;0;0;0;0;1413;0;0;61;0;83;0;
2146;3266657;852324352;15958016;908967936;0;0;0;0;0;0;0;0;0;0;0;2825;0;0;62;0;83;0;
2147;1322541;852324352;15958016;908967936;0;0;0;0;0;0;0;0;0;0;0;1383;0;0;62;0;83;0;
2148;1501256;852324352;15958016;908967936;0;0;0;0;0;0;0;0;0;0;0;1844;0;0;62;0;83;0;
2149;1288937;852324352;15958016;908967936;0;0;0;0;0;0;0;0;0;0;0;1603;0;0;62;0;83;0;
2150;1915973;852324352;15958016;908967936;0;0;0;0;0;0;0;0;0;0;0;1412;0;0;62;0;83;0;
2151;1843898;852324352;15958016;908967936;0;0;0;0;0;0;0;0;0;0;0;1863;0;0;62;0;83;0;
2152;1460209;852324352;15958016;908967936;0;0;0;0;0;0;0;0;0;0;0;1142;0;0;62;0;83;0;
2153;1034430;852324352;15958016;908967936;0;0;0;0;0;0;0;0;0;0;0;1563;0;0;62;0;83;0;
2154;1019682;852324352;15958016;908967936;0;0;0;0;0;0;0;0;0;0;0;1433;0;0;62;0;83;0;
2155;5072623;852324352;15958016;908967936;0;0;0;0;0;0;0;0;0;0;0;1533;0;0;62;0;83;0;
2156;3675283;852324352;15958016;908967936;0;0;0;0;0;0;0;0;0;0;0;4138;0;0;62;0;83;0;
2157;1890786;852324352;15958016;908967936;0;0;0;0;0;0;0;0;0;0;0;2344;0;0;62;0;83;0;
2158;1260303;852324352;15958016;908967936;0;0;0;0;0;0;0;0;0;0;0;1433;0;0;62;0;83;0;
2159;2887645;852324352;15958016;908967936;0;0;0;0;0;0;0;0;0;0;0;1904;0;0;62;0;83;0;
2160;1013120;852324352;15958016;908967936;0;0;0;0;0;0;0;0;0;0;0;1543;0;0;62;0;83;0;
2161;5467885;858615808;15958016;925745152;0;0;0;0;0;0;0;0;0;0;0;2305;0;0;63;0;83;0;
2162;1578911;858615808;15958016;925745152;0;0;0;0;0;0;0;0;0;0;0;3046;0;0;63;0;83;0;
2163;1745733;858615808;15958016;925745152;0;0;0;0;0;0;0;0;0;0;0;1763;0;0;63;0;83;0;
2164;1677777;858615808;15958016;925745152;0;0;0;0;0;0;0;0;0;0;0;1603;0;0;63;0;83;0;
2165;1418460;858615808;15958016;925745152;0;0;0;0;0;0;0;0;0;0;0;1343;0;0;63;0;83;0;
2166;1509130;858615808;15958016;925745152;0;0;0;0;0;0;0;0;0;0;0;1613;0;0;63;0;83;0;
2167;2276961;858615808;15958016;925745152;0;0;0;0;0;0;0;0;0;0;0;2404;0;0;63;0;83;0;
2168;1714665;858615808;15958016;925745152;0;0;0;0;0;0;0;0;0;0;0;2033;0;0;63;0;83;0;
2169;1708695;858615808;15958016;925745152;0;0;0;0;0;0;0;0;0;0;0;1483;0;0;63;0;83;0;
2170;2120066;858615808;15958016;925745152;0;0;0;0;0;0;0;0;0;0;0;1784;0;0;63;0;83;0;
2171;2843864;858615808;15958016;925745152;0;0;0;0;0;0;0;0;0;0;0;1443;0;0;63;0;83;0;
2172;3208056;858615808;15958016;925745152;0;0;0;0;0;0;0;0;0;0;0;2675;0;0;63;0;83;0;
2173;1094262;858615808;15958016;925745152;0;0;0;0;0;0;0;0;0;0;0;1463;0;0;63;0;83;0;
2174;1238022;858615808;15958016;925745152;0;0;0;0;0;0;0;0;0;0;0;1843;0;0;63;0;83;0;
2175;1534929;858615808;15958016;925745152;0;0;0;0;0;0;0;0;0;0;0;1403;0;0;63;0;83;0;
2176;2342954;858615808;15958016;925745152;0;0;0;0;0;0;0;0;0;0;0;1653;0;0;63;0;83;0;
2177;1776161;858615808;15958016;925745152;0;0;0;0;0;0;0;0;0;0;0;1552;0;0;63;0;83;0;
2178;2851117;858615808;15958016;925745152;0;0;0;0;0;0;0;0;0;0;0;2144;0;0;63;0;83;0;
2179;2184537;858615808;15958016;925745152;0;0;0;0;0;0;0;0;0;0;0;1623;0;0;63;0;83;0;
2180;1912056;858615808;15958016;925745152;0;0;0;0;0;0;0;0;0;0;0;1873;0;0;63;0;83;0;
2181;3214358;858615808;15958016;925745152;0;0;0;0;0;0;0;0;0;0;0;1533;0;0;63;0;83;0;
2182;2559550;858615808;15958016;925745152;0;0;0;0;0;0;0;0;0;0;0;2886;0;0;63;0;83;0;
2183;1183730;858615808;15958016;925745152;0;0;0;0;0;0;0;0;0;0;0;1673;0;0;63;0;83;0;
2184;1627031;858615808;15958016;925745152;0;0;0;0;0;0;0;0;0;0;0;1523;0;0;63;0;83;0;
2185;1381881;858615808;15958016;925745152;0;0;0;0;0;0;0;0;0;0;0;1553;0;0;63;0;83;0;
2186;7099284;858615808;15958016;925745152;0;0;0;0;0;0;0;0;0;0;0;1923;0;0;63;0;83;0;
2187;4099278;858615808;15958016;925745152;0;0;0;0;0;0;0;0;0;0;0;2715;0;0;63;0;83;0;
2188;1753939;858615808;15958016;925745152;0;0;0;0;0;0;0;0;0;0;0;2384;0;0;63;0;83;0;
2189;1461370;858615808;15958016;925745152;0;0;0;0;0;0;0;0;0;0;0;1403;0;0;63;0;83;0;
2190;1485315;858615808;15958016;925745152;0;0;0;0;0;0;0;0;0;0;0;1182;0;0;63;0;83;0;
2191;1283377;858615808;15958016;925745152;0;0;0;0;0;0;0;0;0;0;0;1593;0;0;63;0;83;0;
2192;3199089;858615808;15958016;925745152;0;0;0;0;0;0;0;0;0;0;0;1713;0;0;63;0;83;0;
2193;2505900;858615808;15958016;925745152;0;0;0;0;0;0;0;0;0;0;0;2224;0;0;63;0;83;0;
2194;1127154;858615808;15958016;925745152;0;0;0;0;0;0;0;0;0;0;0;1673;0;0;63;0;83;0;
2195;2041329;858615808;15958016;925745152;0;0;0;0;0;0;0;0;0;0;0;1543;0;0;63;0;83;0;
2196;1735234;858615808;15958016;925745152;0;0;0;0;0;0;0;0;0;0;0;1272;0;0;63;0;83;0;
2197;3106947;858615808;15958016;925745152;0;0;0;0;0;0;0;0;0;0;0;1593;0;0;63;0;83;0;
2198;2469551;858615808;15958016;925745152;0;0;0;0;0;0;0;0;0;0;0;2164;0;0;63;0;83;0;
2199;1812930;858615808;15958016;925745152;0;0;0;0;0;0;0;0;0;0;0;1923;0;0;63;0;83;0;
2200;1138285;858615808;15958016;925745152;0;0;0;0;0;0;0;0;0;0;0;1553;0;0;63;0;83;0;
2201;1554455;858615808;15958016;925745152;0;0;0;0;0;0;0;0;0;0;0;1533;0;0;63;0;83;0;
2202;2011232;858615808;15958016;925745152;0;0;0;0;0;0;0;0;0;0;0;1844;0;0;63;0;83;0;
2203;2272412;858615808;15958016;925745152;0;0;0;0;0;0;0;0;0;0;0;1993;0;0;63;0;83;0;
2204;1821476;858615808;15958016;925745152;0;0;0;0;0;0;0;0;0;0;0;1513;0;0;63;0;83;0;
2205;2483969;858615808;15958016;925745152;0;0;0;0;0;0;0;0;0;0;0;3136;0;0;63;0;83;0;
2206;2291016;858615808;15958016;925745152;0;0;0;0;0;0;0;0;0;0;0;2495;0;0;63;0;90;0;
2207;2331122;858615808;15958016;925745152;0;0;0;0;0;0;0;0;0;0;0;1703;0;0;63;0;90;0;
2208;2476795;858615808;15958016;925745152;0;0;0;0;0;0;0;0;0;0;0;2314;0;0;63;0;90;0;
2209;2332996;858615808;15958016;925745152;0;0;0;0;0;0;0;0;0;0;0;1773;0;0;63;0;90;0;
2210;2107652;858615808;15958016;925745152;0;0;0;0;0;0;0;0;0;0;0;1593;0;0;63;0;90;0;
2211;1091016;858615808;15958016;925745152;0;0;0;0;0;0;0;0;0;0;0;1633;0;0;63;0;90;0;
2212;5041745;858615808;15958016;925745152;0;0;0;0;0;0;0;0;0;0;0;1413;0;0;63;0;90;0;
2213;2589556;858615808;15958016;925745152;0;0;0;0;0;0;0;0;0;0;0;1753;0;0;63;0;90;0;
2214;2217208;858615808;15958016;925745152;0;0;0;0;0;0;0;0;0;0;0;1874;0;0;63;0;90;0;
2215;2055635;858615808;15958016;925745152;0;0;0;0;0;0;0;0;0;0;0;1734;0;0;63;0;90;0;
2216;1073854;858615808;15958016;925745152;0;0;0;0;0;0;0;0;0;0;0;1503;0;0;63;0;90;0;
2217;4867468;858615808;15958016;925745152;0;0;0;0;0;0;0;0;0;0;0;1743;0;0;63;0;90;0;
2218;3392612;858615808;15958016;925745152;0;0;0;0;0;0;0;0;0;0;0;2505;0;0;63;0;90;0;
2219;3544457;858615808;15958016;925745152;0;0;0;0;0;0;0;0;0;0;0;2434;0;0;63;0;90;0;
2220;2220394;858615808;15958016;925745152;0;0;0;0;0;0;0;0;0;0;0;2114;0;0;63;0;90;0;
2221;1838418;858615808;15958016;925745152;0;0;0;0;0;0;0;0;0;0;0;1563;0;0;63;0;90;0;
2222;5045733;858615808;15958016;925745152;0;0;0;0;0;0;0;0;0;0;0;2204;0;0;63;0;90;0;
2223;4678554;858615808;15958016;925745152;0;0;0;0;0;0;0;0;0;0;0;2184;0;0;63;0;90;0;
2224;1987788;858615808;15958016;925745152;0;0;0;0;0;0;0;0;0;0;0;2375;0;0;63;0;90;0;
2225;1915923;858615808;15958016;925745152;0;0;0;0;0;0;0;0;0;0;0;1824;0;0;63;0;90;0;
2226;2672402;858615808;15958016;925745152;0;0;0;0;0;0;0;0;0;0;0;1883;0;0;63;0;90;0;
2227;2309662;858615808;15958016;925745152;0;0;0;0;0;0;0;0;0;0;0;1613;0;0;63;0;90;0;
2228;3498722;858615808;15958016;925745152;0;0;0;0;0;0;0;0;0;0;0;2485;0;0;63;0;90;0;
2229;3717582;858615808;15958016;925745152;0;0;0;0;0;0;0;0;0;0;0;2695;0;0;63;0;90;0;
2230;2220604;858615808;15958016;925745152;0;0;0;0;0;0;0;0;0;0;0;2475;0;0;63;0;90;0;
2231;2604775;858615808;15958016;925745152;0;0;0;0;0;0;0;0;0;0;0;1573;0;0;63;0;90;0;
2232;2880462;858615808;15958016;925745152;0;0;0;0;0;0;0;0;0;0;0;2415;0;0;63;0;90;0;
2233;3824081;858615808;15958016;925745152;0;0;0;0;0;0;0;0;0;0;0;2104;0;0;63;0;90;0;
2234;2175169;858615808;15958016;925745152;0;0;0;0;0;0;0;0;0;0;0;2364;0;0;63;0;90;0;
2235;2957537;858615808;15958016;925745152;0;0;0;0;0;0;0;0;0;0;0;1974;0;0;63;0;90;0;
2236;2451247;858615808;15958016;925745152;0;0;0;0;0;0;0;0;0;0;0;1593;0;0;63;0;90;0;
2237;3019202;858615808;15958016;925745152;0;0;0;0;0;0;0;0;0;0;0;2094;0;0;63;0;90;0;
2238;3854529;858615808;15958016;925745152;0;0;0;0;0;0;0;0;0;0;0;1994;0;0;63;0;90;0;
2239;3379859;858615808;15958016;925745152;0;0;0;0;0;0;0;0;0;0;0;4058;0;0;63;0;90;0;
2240;2348474;858615808;15958016;925745152;0;0;0;0;0;0;0;0;0;0;0;2174;0;0;63;0;90;0;
2241;1845621;858886144;15958016;925745152;0;0;0;0;0;0;0;0;0;0;0;1743;0;0;63;0;90;0;
2242;3269692;858886144;15958016;925745152;0;0;0;0;0;0;0;0;0;0;0;2645;0;0;63;0;90;0;
2243;6067208;863117312;15958016;925745152;0;0;0;0;0;0;0;0;0;0;0;2445;0;0;64;0;90;0;
2244;3166738;863117312;15958016;925745152;0;0;0;0;0;0;0;0;0;0;0;2886;0;0;64;0;90;0;
2245;2542819;863117312;15958016;925745152;0;0;0;0;0;0;0;0;0;0;0;2564;0;0;64;0;90;0;
2246;3343620;863117312;15958016;925745152;0;0;0;0;0;0;0;0;0;0;0;2304;0;0;64;0;90;0;
2247;2501181;863117312;15958016;925745152;0;0;0;0;0;0;0;0;0;0;0;1793;0;0;64;0;90;0;
2248;6203113;863117312;15958016;925745152;0;0;0;0;0;0;0;0;0;0;0;1313;0;0;64;0;90;0;
2249;4477487;863117312;15958016;925745152;0;0;0;0;0;0;0;0;0;0;0;2806;0;0;64;0;90;0;
2250;3111105;863117312;15958016;925745152;0;0;0;0;0;0;0;0;0;0;0;3056;0;0;64;0;90;0;
2251;2311485;863117312;15958016;925745152;0;0;0;0;0;0;0;0;0;0;0;1653;0;0;64;0;90;0;
2252;2620254;863117312;15958016;925745152;0;0;0;0;0;0;0;0;0;0;0;1984;0;0;64;0;90;0;
2253;2422733;863117312;15958016;925745152;0;0;0;0;0;0;0;0;0;0;0;1573;0;0;64;0;90;0;
2254;5092901;863117312;15958016;925745152;0;0;0;0;0;0;0;0;0;0;0;2395;0;0;64;0;90;0;
2255;3132745;863117312;15958016;925745152;0;0;0;0;0;0;0;0;0;0;0;3236;0;0;64;0;90;0;
2256;2060024;863117312;15958016;925745152;0;0;0;0;0;0;0;0;0;0;0;2625;0;0;64;0;90;0;
2257;2626145;863117312;15958016;925745152;0;0;0;0;0;0;0;0;0;0;0;2625;0;0;64;0;91;0;
2258;2031199;863117312;15958016;925745152;0;0;0;0;0;0;0;0;0;0;0;1843;0;0;64;0;91;0;
2259;2978326;863117312;15958016;925745152;0;0;0;0;0;0;0;0;0;0;0;2104;0;0;64;0;91;0;
2260;2492274;863117312;15958016;925745152;0;0;0;0;0;0;0;0;0;0;0;1743;0;0;64;0;91;0;
2261;2250752;863117312;15958016;925745152;0;0;0;0;0;0;0;0;0;0;0;2976;0;0;64;0;91;0;
2262;2765746;863117312;15958016;925745152;0;0;0;0;0;0;0;0;0;0;0;1923;0;0;64;0;91;0;
2263;2017123;863117312;15958016;925745152;0;0;0;0;0;0;0;0;0;0;0;1783;0;0;64;0;91;0;
2264;4484921;863117312;15958016;925745152;0;0;0;0;0;0;0;0;0;0;0;2765;0;0;64;0;91;0;
2265;2642636;863117312;15958016;925745152;0;0;0;0;0;0;0;0;0;0;0;3076;0;0;64;0;91;0;
2266;3707142;863117312;15958016;925745152;0;0;0;0;0;0;0;0;0;0;0;2625;0;0;64;0;91;0;
2267;2361619;863117312;15958016;925745152;0;0;0;0;0;0;0;0;0;0;0;1583;0;0;64;0;91;0;
2268;2168277;863117312;15958016;925745152;0;0;0;0;0;0;0;0;0;0;0;1663;0;0;64;0;91;0;
2269;4779182;865271808;15958016;925745152;0;0;0;0;0;0;0;0;0;0;0;2965;0;0;65;0;91;0;
2270;1870888;865271808;15958016;925745152;0;0;0;0;0;0;0;0;0;0;0;2885;0;0;65;0;91;0;
2271;2358473;865271808;15958016;925745152;0;0;0;0;0;0;0;0;0;0;0;1853;0;0;65;0;91;0;
2272;2633289;865271808;15958016;925745152;0;0;0;0;0;0;0;0;0;0;0;2344;0;0;65;0;91;0;
2273;1803192;865271808;15958016;925745152;0;0;0;0;0;0;0;0;0;0;0;1532;0;0;65;0;91;0;
2274;3491077;865271808;15958016;925745152;0;0;0;0;0;0;0;0;0;0;0;1994;0;0;65;0;91;0;
2275;2592161;865271808;15958016;925745152;0;0;0;0;0;0;0;0;0;0;0;2525;0;0;65;0;91;0;
2276;3181686;865271808;15958016;925745152;0;0;0;0;0;0;0;0;0;0;0;425328;0;0;65;0;91;0;
2277;2675979;869466112;15958016;942522368;0;0;0;0;0;0;0;0;0;0;0;2985;0;0;65;0;91;0;
2278;1858055;869466112;15958016;942522368;0;0;0;0;0;0;0;0;0;0;0;1503;0;0;65;0;91;0;
2279;6249209;869466112;15958016;942522368;0;0;0;0;0;0;0;0;0;0;0;1854;0;0;65;0;91;0;
2280;5041565;869466112;15958016;942522368;0;0;0;0;0;0;0;0;0;0;0;3066;0;0;65;0;91;0;
2281;3776573;873701376;15958016;942522368;0;0;0;0;0;0;0;0;0;0;0;2344;0;0;66;0;91;0;
2282;2284764;873701376;15958016;942522368;0;0;0;0;0;0;0;0;0;0;0;2214;0;0;66;0;91;0;
2283;3651928;873701376;15958016;942522368;0;0;0;0;0;0;0;0;0;0;0;2404;0;0;66;0;91;0;
2284;2692609;873701376;15958016;942522368;0;0;0;0;0;0;0;0;0;0;0;2174;0;0;66;0;91;0;
2285;3780741;873701376;15958016;942522368;0;0;0;0;0;0;0;0;0;0;0;2444;0;0;66;0;91;0;
2286;2457919;873701376;15958016;942522368;0;0;0;0;0;0;0;0;0;0;0;479800;0;0;66;0;91;0;
2287;3104923;873701376;15958016;942522368;0;0;0;0;0;0;0;0;0;0;0;2785;0;0;66;0;91;0;
2288;2036880;873701376;15958016;942522368;0;0;0;0;0;0;0;0;0;0;0;1573;0;0;66;0;91;0;
2289;1418801;873701376;15958016;942522368;0;0;0;0;0;0;0;0;0;0;0;1473;0;0;66;0;91;0;
2290;4306948;873701376;15958016;942522368;0;0;0;0;0;0;0;0;0;0;0;1964;0;0;66;0;91;0;
2291;4586812;879992832;15958016;959299584;0;0;0;0;0;0;0;0;0;0;0;2755;0;0;67;0;91;0;
2292;3405166;879992832;15958016;959299584;0;0;0;0;0;0;0;0;0;0;0;2184;0;0;67;0;91;0;
2293;2583455;880238592;15958016;959299584;0;0;0;0;0;0;0;0;0;0;0;2475;0;0;67;0;91;0;
2294;2805491;880238592;15958016;959299584;0;0;0;0;0;0;0;0;0;0;0;2244;0;0;67;0;91;0;
2295;2978706;880238592;15958016;959299584;0;0;0;0;0;0;0;0;0;0;0;1523;0;0;67;0;91;0;
2296;4003808;884215808;15958016;959299584;0;0;0;0;0;0;0;0;0;0;0;3096;0;0;68;0;91;0;
2297;2590919;884215808;15958016;959299584;0;0;0;0;0;0;0;0;0;0;0;2064;0;0;68;0;91;0;
2298;3371453;884215808;15958016;959299584;0;0;0;0;0;0;0;0;0;0;0;1553;0;0;68;0;91;0;
2299;3633013;884215808;15958016;959299584;0;0;0;0;0;0;0;0;0;0;0;2134;0;0;68;0;91;0;
2300;2987753;884215808;15958016;959299584;0;0;0;0;0;0;0;0;0;0;0;1724;0;0;68;0;91;0;
2301;4611599;890761216;15958016;976076800;0;0;0;0;0;0;0;0;0;0;0;26730;0;0;69;0;91;0;
2302;2467959;890761216;15958016;976076800;0;0;0;0;0;0;0;0;0;0;0;1423;0;0;69;0;91;0;
2303;2710984;890761216;15958016;976076800;0;0;0;0;0;0;0;0;0;0;0;1803;0;0;69;0;91;0;
2304;2509306;890761216;15958016;976076800;0;0;0;0;0;0;0;0;0;0;0;1523;0;0;69;0;91;0;
2305;3684009;890761216;15958016;976076800;0;0;0;0;0;0;0;0;0;0;0;1804;0;0;69;0;91;0;
2306;3589342;890761216;15958016;976076800;0;0;0;0;0;0;0;0;0;0;0;2905;0;0;69;0;91;0;
2307;2533080;890761216;15958016;976076800;0;0;0;0;0;0;0;0;0;0;0;2445;0;0;69;0;91;0;
2308;3483172;890761216;15958016;976076800;0;0;0;0;0;0;0;0;0;0;0;6732;0;0;69;0;91;0;
2309;2956765;890761216;15958016;976076800;0;0;0;0;0;0;0;0;0;0;0;1583;0;0;69;0;91;0;
2310;6162066;890761216;15958016;976076800;0;0;0;0;0;0;0;0;0;0;0;1923;0;0;69;0;91;0;
2311;7678260;894812160;15958016;976076800;0;0;0;0;0;0;0;0;0;0;0;2815;0;0;70;0;91;0;
2312;2171473;894812160;15958016;976076800;0;0;0;0;0;0;0;0;0;0;0;2074;0;0;70;0;91;0;
2313;2047440;894812160;15958016;976076800;0;0;0;0;0;0;0;0;0;0;0;1583;0;0;70;0;91;0;
2314;2221086;894812160;15958016;976076800;0;0;0;0;0;0;0;0;0;0;0;1623;0;0;70;0;91;0;
2315;6094770;899063808;15958016;976076800;0;0;0;0;0;0;0;0;0;0;0;2845;0;0;71;0;91;0;
2316;3514451;899063808;15958016;976076800;0;0;0;0;0;0;0;0;0;0;0;1763;0;0;71;0;91;0;
2317;1995793;899325952;15958016;976076800;0;0;0;0;0;0;0;0;0;0;0;1332;0;0;71;0;91;0;
2318;1788885;899325952;15958016;976076800;0;0;0;0;0;0;0;0;0;0;0;1413;0;0;71;0;91;0;
2319;2456467;899325952;15958016;976076800;0;0;0;0;0;0;0;0;0;0;0;1603;0;0;71;0;91;0;
2320;2434546;899325952;15958016;976076800;0;0;0;0;0;0;0;0;0;0;0;1513;0;0;71;0;91;0;
2321;3983280;899325952;15958016;976076800;0;0;0;0;0;0;0;0;0;0;0;1483;0;0;71;0;91;0;
2322;2813947;899325952;15958016;976076800;0;0;0;0;0;0;0;0;0;0;0;1583;0;0;71;0;91;0;
2323;2825969;899325952;15958016;976076800;0;0;0;0;0;0;0;0;0;0;0;1472;0;0;71;0;91;0;
2324;1452384;899325952;15958016;976076800;0;0;0;0;0;0;0;0;0;0;0;1403;0;0;71;0;91;0;
2325;2964089;899325952;15958016;976076800;0;0;0;0;0;0;0;0;0;0;0;186269;0;0;71;0;91;0;
2326;3395407;899325952;15958016;976076800;0;0;0;0;0;0;0;0;0;0;0;2876;0;0;71;0;91;0;
2327;3118969;899325952;15958016;976076800;0;0;0;0;0;0;0;0;0;0;0;2735;0;0;71;0;91;0;
2328;2081894;899325952;15958016;976076800;0;0;0;0;0;0;0;0;0;0;0;1883;0;0;71;0;91;0;
2329;2803278;899325952;15958016;976076800;0;0;0;0;0;0;0;0;0;0;0;1924;0;0;71;0;91;0;
2330;2539202;899325952;15958016;976076800;0;0;0;0;0;0;0;0;0;0;0;1803;0;0;71;0;91;0;
2331;3885086;899325952;15958016;976076800;0;0;0;0;0;0;0;0;0;0;0;1623;0;0;71;0;91;0;
2332;1789355;899325952;15958016;976076800;0;0;0;0;0;0;0;0;0;0;0;1823;0;0;71;0;91;0;
2333;2064953;899325952;15958016;976076800;0;0;0;0;0;0;0;0;0;0;0;1863;0;0;71;0;91;0;
2334;1979813;899325952;15958016;976076800;0;0;0;0;0;0;0;0;0;0;0;2414;0;0;71;0;91;0;
2335;1932064;899325952;15958016;976076800;0;0;0;0;0;0;0;0;0;0;0;2004;0;0;71;0;91;0;
2336;2387367;899325952;15958016;976076800;0;0;0;0;0;0;0;0;0;0;0;1332;0;0;71;0;91;0;
2337;2355097;899325952;15958016;976076800;0;0;0;0;0;0;0;0;0;0;0;146024;0;0;71;0;91;0;
2338;2564159;899325952;15958016;976076800;0;0;0;0;0;0;0;0;0;0;0;2234;0;0;71;0;91;0;
2339;1472111;899325952;15958016;976076800;0;0;0;0;0;0;0;0;0;0;0;1433;0;0;71;0;91;0;
2340;2080201;899325952;15958016;976076800;0;0;0;0;0;0;0;0;0;0;0;1663;0;0;71;0;91;0;
2341;5909974;899325952;15958016;976076800;0;0;0;0;0;0;0;0;0;0;0;1823;0;0;71;0;91;0;
2342;3503711;899325952;15958016;976076800;0;0;0;0;0;0;0;0;0;0;0;2084;0;0;71;0;91;0;
2343;4036470;899325952;15958016;976076800;0;0;0;0;0;0;0;0;0;0;0;2535;0;0;71;0;91;0;
2344;2852750;899325952;15958016;976076800;0;0;0;0;0;0;0;0;0;0;0;1944;0;0;71;0;91;0;
2345;2961905;899325952;15958016;976076800;0;0;0;0;0;0;0;0;0;0;0;2094;0;0;71;0;91;0;
2346;3142062;899325952;15958016;976076800;0;0;0;0;0;0;0;0;0;0;0;1874;0;0;71;0;91;0;
2347;3593559;899325952;15958016;976076800;0;0;0;0;0;0;0;0;0;0;0;1723;0;0;71;0;91;0;
2348;2061586;899325952;15958016;976076800;0;0;0;0;0;0;0;0;0;0;0;1633;0;0;71;0;91;0;
2349;1692154;899325952;15958016;976076800;0;0;0;0;0;0;0;0;0;0;0;1843;0;0;71;0;91;0;
2350;2135304;899325952;15958016;976076800;0;0;0;0;0;0;0;0;0;0;0;1442;0;0;71;0;91;0;
2351;2882345;899325952;15958016;976076800;0;0;0;0;0;0;0;0;0;0;0;1523;0;0;71;0;91;0;
2352;3634576;899325952;15958016;976076800;0;0;0;0;0;0;0;0;0;0;0;2094;0;0;71;0;91;0;
2353;3143365;899325952;15958016;976076800;0;0;0;0;0;0;0;0;0;0;0;2896;0;0;71;0;91;0;
2354;3066301;899325952;15958016;976076800;0;0;0;0;0;0;0;0;0;0;0;3156;0;0;71;0;91;0;
2355;4135896;905617408;15958016;992854016;0;0;0;0;0;0;0;0;0;0;0;2846;0;0;72;0;91;0;
2356;2182393;905617408;15958016;992854016;0;0;0;0;0;0;0;0;0;0;0;1643;0;0;72;0;91;0;
2357;3721640;905617408;15958016;992854016;0;0;0;0;0;0;0;0;0;0;0;1934;0;0;72;0;91;0;
2358;2297509;905617408;15958016;992854016;0;0;0;0;0;0;0;0;0;0;0;2525;0;0;72;0;91;0;
2359;2730110;905617408;15958016;992854016;0;0;0;0;0;0;0;0;0;0;0;2094;0;0;72;0;91;0;
2360;3487139;905617408;15958016;992854016;0;0;0;0;0;0;0;0;0;0;0;2174;0;0;72;0;91;0;
2361;2680407;905617408;15958016;992854016;0;0;0;0;0;0;0;0;0;0;0;1733;0;0;72;0;91;0;
2362;4265700;905617408;15958016;992854016;0;0;0;0;0;0;0;0;0;0;0;1884;0;0;72;0;91;0;
2363;2057499;905617408;15958016;992854016;0;0;0;0;0;0;0;0;0;0;0;2585;0;0;72;0;91;0;
2364;1758488;905617408;15958016;992854016;0;0;0;0;0;0;0;0;0;0;0;1643;0;0;72;0;91;0;
2365;3112166;905617408;15958016;992854016;0;0;0;0;0;0;0;0;0;0;0;2465;0;0;72;0;91;0;
2366;5268000;909844480;15958016;992854016;0;0;0;0;0;0;0;0;0;0;0;2745;0;0;73;0;91;0;
2367;2480913;909844480;15958016;992854016;0;0;0;0;0;0;0;0;0;0;0;1874;0;0;73;0;91;0;
2368;1379457;909844480;15958016;992854016;0;0;0;0;0;0;0;0;0;0;0;1794;0;0;73;0;91;0;
2369;1605250;909844480;15958016;992854016;0;0;0;0;0;0;0;0;0;0;0;1603;0;0;73;0;91;0;
2370;3255766;909844480;15958016;992854016;0;0;0;0;0;0;0;0;0;0;0;1773;0;0;73;0;91;0;
2371;5042286;912003072;15958016;992854016;0;0;0;0;0;0;0;0;0;0;0;2314;0;0;74;0;91;0;
2372;6216999;912003072;15958016;992854016;0;0;0;0;0;0;0;0;0;0;0;2074;0;0;74;0;91;0;
2373;4045427;912003072;15958016;992854016;0;0;0;0;0;0;0;0;0;0;0;2535;0;0;74;0;91;0;
2374;1636229;912003072;15958016;992854016;0;0;0;0;0;0;0;0;0;0;0;2485;0;0;74;0;91;0;
2375;3334564;912003072;15958016;992854016;0;0;0;0;0;0;0;0;0;0;0;2715;0;0;74;0;91;0;
2376;1786610;912003072;15958016;992854016;0;0;0;0;0;0;0;0;0;0;0;1943;0;0;74;0;91;0;
2377;3590593;912003072;15958016;992854016;0;0;0;0;0;0;0;0;0;0;0;2695;0;0;74;0;91;0;
2378;2813215;916197376;15958016;1009631232;0;0;0;0;0;0;0;0;0;0;0;2534;0;0;74;0;91;0;
2379;2304622;916197376;15958016;1009631232;0;0;0;0;0;0;0;0;0;0;0;2385;0;0;74;0;91;0;
2380;2715463;916197376;15958016;1009631232;0;0;0;0;0;0;0;0;0;0;0;2514;0;0;74;0;91;0;
2381;4448843;920432640;15958016;1009631232;0;0;0;0;0;0;0;0;0;0;0;2505;0;0;75;0;91;0;
2382;2774443;920432640;15958016;1009631232;0;0;0;0;0;0;0;0;0;0;0;2394;0;0;75;0;91;0;
2383;3819513;920432640;15958016;1009631232;0;0;0;0;0;0;0;0;0;0;0;2404;0;0;75;0;91;0;
2384;2432753;920432640;15958016;1009631232;0;0;0;0;0;0;0;0;0;0;0;1884;0;0;75;0;91;0;
2385;2580099;920432640;15958016;1009631232;0;0;0;0;0;0;0;0;0;0;0;1944;0;0;75;0;91;0;
2386;4428755;924684288;15958016;1009631232;0;0;0;0;0;0;0;0;0;0;0;3186;0;0;76;0;91;0;
2387;2849994;924684288;15958016;1009631232;0;0;0;0;0;0;0;0;0;0;0;3166;0;0;76;0;91;0;
2388;3150959;924684288;15958016;1009631232;0;0;0;0;0;0;0;0;0;0;0;2174;0;0;76;0;91;0;
2389;2983756;924684288;15958016;1009631232;0;0;0;0;0;0;0;0;0;0;0;2735;0;0;76;0;91;0;
2390;2243397;924684288;15958016;1009631232;0;0;0;0;0;0;0;0;0;0;0;2074;0;0;76;0;91;0;
2391;1803502;924684288;15958016;1009631232;0;0;0;0;0;0;0;0;0;0;0;1743;0;0;76;0;91;0;
2392;4307989;928735232;15958016;1009631232;0;0;0;0;0;0;0;0;0;0;0;2825;0;0;77;0;91;0;
2393;3036946;928735232;15958016;1009631232;0;0;0;0;0;0;0;0;0;0;0;1834;0;0;77;0;91;0;
2394;2388319;928735232;15958016;1009631232;0;0;0;0;0;0;0;0;0;0;0;2405;0;0;77;0;91;0;
2395;2814669;928735232;15958016;1009631232;0;0;0;0;0;0;0;0;0;0;0;1933;0;0;77;0;91;0;
2396;3289940;932929536;15958016;1026408448;0;0;0;0;0;0;0;0;0;0;0;2274;0;0;77;0;91;0;
2397;3888733;937168896;15958016;1026408448;0;0;0;0;0;0;0;0;0;0;0;2555;0;0;78;0;91;0;
2398;2473699;937168896;15958016;1026408448;0;0;0;0;0;0;0;0;0;0;0;2595;0;0;78;0;91;0;
2399;1451112;937168896;15958016;1026408448;0;0;0;0;0;0;0;0;0;0;0;1863;0;0;78;0;91;0;
2400;2181270;937168896;15958016;1026408448;0;0;0;0;0;0;0;0;0;0;0;2013;0;0;78;0;91;0;
2401;2709832;937168896;15958016;1026408448;0;0;0;0;0;0;0;0;0;0;0;1863;0;0;78;0;91;0;
2402;4202741;937168896;15958016;1026408448;0;0;0;0;0;0;0;0;0;0;0;2144;0;0;78;0;91;0;
2403;6750931;937168896;15958016;1026408448;0;0;0;0;0;0;0;0;0;0;0;1894;0;0;78;0;91;0;
2404;3742078;937168896;15958016;1026408448;0;0;0;0;0;0;0;0;0;0;0;3667;0;0;78;0;91;0;
2405;3345534;937168896;15958016;1026408448;0;0;0;0;0;0;0;0;0;0;0;2625;0;0;78;0;91;0;
2406;2344186;937168896;15958016;1026408448;0;0;0;0;0;0;0;0;0;0;0;2735;0;0;78;0;91;0;
2407;4663025;943460352;15958016;1043185664;0;0;0;0;0;0;0;0;0;0;0;2785;0;0;79;0;91;0;
2408;2923062;943460352;15958016;1043185664;0;0;0;0;0;0;0;0;0;0;0;2194;0;0;79;0;91;0;
2409;3366714;943460352;15958016;1043185664;0;0;0;0;0;0;0;0;0;0;0;1854;0;0;79;0;91;0;
2410;3263671;943460352;15958016;1043185664;0;0;0;0;0;0;0;0;0;0;0;2495;0;0;79;0;91;0;
2411;2608181;943460352;15958016;1043185664;0;0;0;0;0;0;0;0;0;0;0;2254;0;0;79;0;91;0;
2412;4409229;947683328;15958016;1043185664;0;0;0;0;0;0;0;0;0;0;0;2605;0;0;80;0;91;0;
2413;2957617;947683328;15958016;1043185664;0;0;0;0;0;0;0;0;0;0;0;2134;0;0;80;0;91;0;
2414;3149156;947683328;15958016;1043185664;0;0;0;0;0;0;0;0;0;0;0;1693;0;0;80;0;91;0;
2415;3600943;947683328;15958016;1043185664;0;0;0;0;0;0;0;0;0;0;0;2274;0;0;80;0;91;0;
2416;2613982;947683328;15958016;1043185664;0;0;0;0;0;0;0;0;0;0;0;1933;0;0;80;0;91;0;
2417;4404811;953974784;15958016;1059962880;0;0;0;0;0;0;0;0;0;0;0;2745;0;0;81;0;91;0;
2418;2794401;953974784;15958016;1059962880;0;0;0;0;0;0;0;0;0;0;0;2144;0;0;81;0;91;0;
2419;3131904;953974784;15958016;1059962880;0;0;0;0;0;0;0;0;0;0;0;1673;0;0;81;0;91;0;
2420;2507974;953974784;15958016;1059962880;0;0;0;0;0;0;0;0;0;0;0;2645;0;0;81;0;91;0;
2421;2341571;953974784;15958016;1059962880;0;0;0;0;0;0;0;0;0;0;0;1733;0;0;81;0;91;0;
2422;2923442;953974784;15958016;1059962880;0;0;0;0;0;0;0;0;0;0;0;2124;0;0;81;0;91;0;
2423;6179449;958275584;15958016;1059962880;0;0;0;0;0;0;0;0;0;0;0;4208;0;0;82;0;91;0;
2424;3943576;958275584;15958016;1059962880;0;0;0;0;0;0;0;0;0;0;0;2224;0;0;82;0;91;0;
2425;2981772;958275584;15958016;1059962880;0;0;0;0;0;0;0;0;0;0;0;2525;0;0;82;0;91;0;
2426;3062763;958275584;15958016;1059962880;0;0;0;0;0;0;0;0;0;0;0;1753;0;0;82;0;91;0;
2427;6401095;962260992;15958016;1059962880;0;0;0;0;0;0;0;0;0;0;0;3186;0;0;83;0;91;0;
2428;3131573;962260992;15958016;1059962880;0;0;0;0;0;0;0;0;0;0;0;2415;0;0;83;0;91;0;
2429;3378576;962260992;15958016;1059962880;0;0;0;0;0;0;0;0;0;0;0;2525;0;0;83;0;91;0;
2430;2704532;962260992;15958016;1059962880;0;0;0;0;0;0;0;0;0;0;0;2274;0;0;83;0;91;0;
2431;2449864;962260992;15958016;1059962880;0;0;0;0;0;0;0;0;0;0;0;2164;0;0;83;0;91;0;
2432;3035082;962260992;15958016;1059962880;0;0;0;0;0;0;0;0;0;0;0;1723;0;0;83;0;91;0;
2433;2333477;962260992;15958016;1059962880;0;0;0;0;0;0;0;0;0;0;0;1874;0;0;83;0;91;0;
2434;7075630;962523136;15958016;1059962880;0;0;0;0;0;0;0;0;0;0;0;2164;0;0;83;0;91;0;
2435;4746081;962523136;15958016;1059962880;0;0;0;0;0;0;0;0;0;0;0;3146;0;0;83;0;91;0;
2436;2593834;962523136;15958016;1059962880;0;0;0;0;0;0;0;0;0;0;0;2855;0;0;83;0;91;0;
2437;2051137;962523136;15958016;1059962880;0;0;0;0;0;0;0;0;0;0;0;1473;0;0;83;0;91;0;
2438;2882395;962523136;15958016;1059962880;0;0;0;0;0;0;0;0;0;0;0;2224;0;0;83;0;91;0;
2439;4340149;966717440;15958016;1076740096;0;0;0;0;0;0;0;0;0;0;0;2665;0;0;83;0;91;0;
2440;3810567;966717440;15958016;1076740096;0;0;0;0;0;0;0;0;0;0;0;1943;0;0;83;0;91;0;
2441;4486644;970956800;15958016;1076740096;0;0;0;0;0;0;0;0;0;0;0;2725;0;0;84;0;91;0;
2442;2660640;970956800;15958016;1076740096;0;0;0;0;0;0;0;0;0;0;0;1422;0;0;84;0;91;0;
2443;2058060;970956800;15958016;1076740096;0;0;0;0;0;0;0;0;0;0;0;1774;0;0;84;0;91;0;
2444;2026701;970956800;15958016;1076740096;0;0;0;0;0;0;0;0;0;0;0;1543;0;0;84;0;91;0;
2445;2975300;970956800;15958016;1076740096;0;0;0;0;0;0;0;0;0;0;0;2114;0;0;84;0;91;0;
2446;4755659;975007744;15958016;1076740096;0;0;0;0;0;0;0;0;0;0;0;2665;0;0;85;0;91;0;
2447;2924554;975007744;15958016;1076740096;0;0;0;0;0;0;0;0;0;0;0;1984;0;0;85;0;91;0;
2448;2775896;975007744;15958016;1076740096;0;0;0;0;0;0;0;0;0;0;0;2014;0;0;85;0;91;0;
2449;2599094;975007744;15958016;1076740096;0;0;0;0;0;0;0;0;0;0;0;1803;0;0;85;0;91;0;
2450;2291497;975007744;15958016;1076740096;0;0;0;0;0;0;0;0;0;0;0;1563;0;0;85;0;91;0;
2451;2284314;975007744;15958016;1076740096;0;0;0;0;0;0;0;0;0;0;0;1663;0;0;85;0;91;0;
2452;4441750;979255296;15958016;1076740096;0;0;0;0;0;0;0;0;0;0;0;2836;0;0;86;0;91;0;
2453;1825835;979255296;15958016;1076740096;0;0;0;0;0;0;0;0;0;0;0;2134;0;0;86;0;91;0;
2454;2897625;979255296;15958016;1076740096;0;0;0;0;0;0;0;0;0;0;0;2685;0;0;86;0;91;0;
2455;3026005;979255296;15958016;1076740096;0;0;0;0;0;0;0;0;0;0;0;2224;0;0;86;0;91;0;
2456;2221506;979255296;15958016;1076740096;0;0;0;0;0;0;0;0;0;0;0;1803;0;0;86;0;91;0;
2457;2572665;979255296;15958016;1076740096;0;0;0;0;0;0;0;0;0;0;0;1873;0;0;86;0;91;0;
2458;4722747;985546752;15958016;1093517312;0;0;0;0;0;0;0;0;0;0;0;4328;0;0;87;0;91;0;
2459;3250917;985546752;15958016;1093517312;0;0;0;0;0;0;0;0;0;0;0;1603;0;0;87;0;91;0;
2460;3872723;985546752;15958016;1093517312;0;0;0;0;0;0;0;0;0;0;0;1764;0;0;87;0;91;0;
2461;3504543;985546752;15958016;1093517312;0;0;0;0;0;0;0;0;0;0;0;2605;0;0;87;0;91;0;
2462;2532370;985546752;15958016;1093517312;0;0;0;0;0;0;0;0;0;0;0;1733;0;0;87;0;91;0;
2463;2766127;985546752;15958016;1093517312;0;0;0;0;0;0;0;0;0;0;0;1934;0;0;87;0;91;0;
2464;3170085;985546752;15958016;1093517312;0;0;0;0;0;0;0;0;0;0;0;1924;0;0;87;0;91;0;
2465;6631737;985546752;15958016;1093517312;0;0;0;0;0;0;0;0;0;0;0;1853;0;0;87;0;91;0;
2466;5333022;985546752;15958016;1093517312;0;0;0;0;0;0;0;0;0;0;0;3527;0;0;87;0;91;0;
2467;2270569;985546752;15958016;1093517312;0;0;0;0;0;0;0;0;0;0;0;3035;0;0;87;0;91;0;
2468;3204590;985546752;15958016;1093517312;0;0;0;0;0;0;0;0;0;0;0;1743;0;0;87;0;91;0;
2469;2197831;985546752;15958016;1093517312;0;0;0;0;0;0;0;0;0;0;0;1903;0;0;87;0;91;0;
2470;3122937;985546752;15958016;1093517312;0;0;0;0;0;0;0;0;0;0;0;1673;0;0;87;0;91;0;
2471;2776077;985546752;15958016;1093517312;0;0;0;0;0;0;0;0;0;0;0;2805;0;0;87;0;91;0;
2472;2918063;985546752;15958016;1093517312;0;0;0;0;0;0;0;0;0;0;0;1683;0;0;87;0;91;0;
2473;2443042;985546752;15958016;1093517312;0;0;0;0;0;0;0;0;0;0;0;1964;0;0;87;0;91;0;
2474;2861256;986079232;15958016;1093517312;0;0;0;0;0;0;0;0;0;0;0;1533;0;0;87;0;91;0;
2475;3109903;986079232;15958016;1093517312;0;0;0;0;0;0;0;0;0;0;0;3727;0;0;87;0;92;0;
2476;2372018;986079232;15958016;1093517312;0;0;0;0;0;0;0;0;0;0;0;1543;0;0;87;0;92;0;
2477;2391164;986079232;15958016;1093517312;0;0;0;0;0;0;0;0;0;0;0;1853;0;0;87;0;92;0;
2478;2501170;986079232;15958016;1093517312;0;0;0;0;0;0;0;0;0;0;0;2414;0;0;87;0;92;0;
2479;3076830;986079232;15958016;1093517312;0;0;0;0;0;0;0;0;0;0;0;1553;0;0;87;0;92;0;
2480;4422915;990314496;15958016;1093517312;0;0;0;0;0;0;0;0;0;0;0;3166;0;0;88;0;92;0;
2481;3019814;990314496;15958016;1093517312;0;0;0;0;0;0;0;0;0;0;0;104145;0;0;88;0;92;0;
2482;2128932;990314496;15958016;1093517312;0;0;0;0;0;0;0;0;0;0;0;1714;0;0;88;0;92;0;
2483;2653296;990314496;15958016;1093517312;0;0;0;0;0;0;0;0;0;0;0;1513;0;0;88;0;92;0;
2484;3454027;990314496;15958016;1093517312;0;0;0;0;0;0;0;0;0;0;0;1432;0;0;88;0;92;0;
2485;3094073;990314496;15958016;1093517312;0;0;0;0;0;0;0;0;0;0;0;3447;0;0;88;0;92;0;
2486;2713730;990314496;15958016;1093517312;0;0;0;0;0;0;0;0;0;0;0;213130;0;0;88;0;92;0;
2487;2782097;990314496;15958016;1093517312;0;0;0;0;0;0;0;0;0;0;0;1724;0;0;88;0;92;0;
2488;2618671;990314496;15958016;1093517312;0;0;0;0;0;0;0;0;0;0;0;1653;0;0;88;0;92;0;
2489;3174072;990314496;15958016;1093517312;0;0;0;0;0;0;0;0;0;0;0;1783;0;0;88;0;92;0;
2490;1816316;990314496;15958016;1093517312;0;0;0;0;0;0;0;0;0;0;0;1493;0;0;88;0;92;0;
2491;2110859;990314496;15958016;1093517312;0;0;0;0;0;0;0;0;0;0;0;1653;0;0;88;0;92;0;
2492;3167290;990314496;15958016;1093517312;0;0;0;0;0;0;0;0;0;0;0;2034;0;0;88;0;92;0;
2493;3773066;990314496;15958016;1093517312;0;0;0;0;0;0;0;0;0;0;0;2254;0;0;88;0;92;0;
2494;6999757;990314496;15958016;1093517312;0;0;0;0;0;0;0;0;0;0;0;2685;0;0;88;0;92;0;
2495;3079967;990314496;15958016;1093517312;0;0;0;0;0;0;0;0;0;0;0;3056;0;0;88;0;92;0;
2496;2351119;990314496;15958016;1093517312;0;0;0;0;0;0;0;0;0;0;0;2505;0;0;88;0;92;0;
2497;2146705;990314496;15958016;1093517312;0;0;0;0;0;0;0;0;0;0;0;1503;0;0;88;0;92;0;
2498;2300645;990314496;15958016;1093517312;0;0;0;0;0;0;0;0;0;0;0;1433;0;0;88;0;92;0;
2499;3097418;990314496;15958016;1093517312;0;0;0;0;0;0;0;0;0;0;0;1603;0;0;88;0;92;0;
2500;2198564;990314496;15958016;1093517312;0;0;0;0;0;0;0;0;0;0;0;2174;0;0;88;0;92;0;
2501;2409578;990314496;15958016;1093517312;0;0;0;0;0;0;0;0;0;0;0;1843;0;0;88;0;92;0;
2502;2660870;990314496;15958016;1093517312;0;0;0;0;0;0;0;0;0;0;0;1934;0;0;88;0;92;0;
2503;3214940;990314496;15958016;1093517312;0;0;0;0;0;0;0;0;0;0;0;2425;0;0;88;0;92;0;
2504;1829010;990314496;15958016;1093517312;0;0;0;0;0;0;0;0;0;0;0;2856;0;0;88;0;92;0;
2505;2557436;990314496;15958016;1093517312;0;0;0;0;0;0;0;0;0;0;0;1733;0;0;88;0;92;0;
2506;3520963;990314496;15958016;1093517312;0;0;0;0;0;0;0;0;0;0;0;3056;0;0;88;0;92;0;
2507;3315528;990314496;15958016;1093517312;0;0;0;0;0;0;0;0;0;0;0;1493;0;0;88;0;92;0;
2508;2629391;990314496;15958016;1093517312;0;0;0;0;0;0;0;0;0;0;0;2124;0;0;88;0;92;0;
2509;2412685;990314496;15958016;1093517312;0;0;0;0;0;0;0;0;0;0;0;167544;0;0;88;0;92;0;
2510;4383220;990314496;15958016;1093517312;0;0;0;0;0;0;0;0;0;0;0;2785;0;0;88;0;92;0;
2511;2477256;990314496;15958016;1093517312;0;0;0;0;0;0;0;0;0;0;0;2805;0;0;88;0;92;0;
2512;4396295;990314496;15958016;1093517312;0;0;0;0;0;0;0;0;0;0;0;2014;0;0;88;0;92;0;
2513;1738079;990314496;15958016;1093517312;0;0;0;0;0;0;0;0;0;0;0;3677;0;0;88;0;92;0;
2514;2943821;990314496;15958016;1093517312;0;0;0;0;0;0;0;0;0;0;0;1383;0;0;88;0;92;0;
2515;3446704;990314496;15958016;1093517312;0;0;0;0;0;0;0;0;0;0;0;1723;0;0;88;0;92;0;
2516;2389481;990314496;15958016;1093517312;0;0;0;0;0;0;0;0;0;0;0;1562;0;0;88;0;92;0;
2517;3347017;990314496;15958016;1093517312;0;0;0;0;0;0;0;0;0;0;0;1423;0;0;88;0;92;0;
2518;2102122;990314496;15958016;1093517312;0;0;0;0;0;0;0;0;0;0;0;2284;0;0;88;0;92;0;
2519;3658311;990314496;15958016;1093517312;0;0;0;0;0;0;0;0;0;0;0;1944;0;0;88;0;92;0;
2520;1486337;990314496;15958016;1093517312;0;0;0;0;0;0;0;0;0;0;0;2004;0;0;88;0;92;0;
2521;2018535;990314496;15958016;1093517312;0;0;0;0;0;0;0;0;0;0;0;1673;0;0;88;0;92;0;
2522;5253603;990314496;15958016;1093517312;0;0;0;0;0;0;0;0;0;0;0;1563;0;0;88;0;92;0;
2523;4219053;990314496;15958016;1093517312;0;0;0;0;0;0;0;0;0;0;0;4268;0;0;88;0;92;0;
2524;1940399;990314496;15958016;1093517312;0;0;0;0;0;0;0;0;0;0;0;1573;0;0;88;0;92;0;
2525;3100394;990314496;15958016;1093517312;0;0;0;0;0;0;0;0;0;0;0;1934;0;0;88;0;92;0;
2526;2159480;990314496;15958016;1093517312;0;0;0;0;0;0;0;0;0;0;0;1613;0;0;88;0;92;0;
2527;2828375;990314496;15958016;1093517312;0;0;0;0;0;0;0;0;0;0;0;1513;0;0;88;0;92;0;
2528;2300515;990314496;15958016;1093517312;0;0;0;0;0;0;0;0;0;0;0;1883;0;0;88;0;92;0;
2529;2118212;990314496;15958016;1093517312;0;0;0;0;0;0;0;0;0;0;0;2054;0;0;88;0;92;0;
2530;2668835;990314496;15958016;1093517312;0;0;0;0;0;0;0;0;0;0;0;1673;0;0;88;0;92;0;
2531;2827733;990314496;15958016;1093517312;0;0;0;0;0;0;0;0;0;0;0;2084;0;0;88;0;92;0;
2532;1640757;990314496;15958016;1093517312;0;0;0;0;0;0;0;0;0;0;0;1312;0;0;88;0;92;0;
2533;1422267;990314496;15958016;1093517312;0;0;0;0;0;0;0;0;0;0;0;1413;0;0;88;0;92;0;
2534;2109426;990314496;15958016;1093517312;0;0;0;0;0;0;0;0;0;0;0;1132;0;0;88;0;92;0;
2535;7723364;990314496;15958016;1093517312;0;0;0;0;0;0;0;0;0;0;0;1523;0;0;88;0;92;0;
2536;2838614;990314496;15958016;1093517312;0;0;0;0;0;0;0;0;0;0;0;2605;0;0;88;0;92;0;
2537;2184467;990314496;15958016;1093517312;0;0;0;0;0;0;0;0;0;0;0;2305;0;0;88;0;92;0;
2538;1326057;990314496;15958016;1093517312;0;0;0;0;0;0;0;0;0;0;0;1714;0;0;88;0;92;0;
2539;2082997;990314496;15958016;1093517312;0;0;0;0;0;0;0;0;0;0;0;1914;0;0;88;0;92;0;
2540;2627418;990314496;15958016;1093517312;0;0;0;0;0;0;0;0;0;0;0;2565;0;0;88;0;92;0;
2541;2647385;990314496;15958016;1093517312;0;0;0;0;0;0;0;0;0;0;0;2073;0;0;88;0;92;0;
2542;3218987;990314496;15958016;1093517312;0;0;0;0;0;0;0;0;0;0;0;2184;0;0;88;0;92;0;
2543;2166252;990314496;15958016;1093517312;0;0;0;0;0;0;0;0;0;0;0;1753;0;0;88;0;92;0;
2544;3367245;990314496;15958016;1093517312;0;0;0;0;0;0;0;0;0;0;0;1553;0;0;88;0;92;0;
2545;2942328;990314496;15958016;1093517312;0;0;0;0;0;0;0;0;0;0;0;2895;0;0;88;0;92;0;
2546;2810160;990314496;15958016;1093517312;0;0;0;0;0;0;0;0;0;0;0;2064;0;0;88;0;92;0;
2547;2229391;990314496;15958016;1093517312;0;0;0;0;0;0;0;0;0;0;0;2184;0;0;88;0;92;0;
2548;2371257;990314496;15958016;1093517312;0;0;0;0;0;0;0;0;0;0;0;2354;0;0;88;0;92;0;
2549;5687456;990314496;15958016;1093517312;0;0;0;0;0;0;0;0;0;0;0;1433;0;0;88;0;92;0;
2550;3040983;990314496;15958016;1093517312;0;0;0;0;0;0;0;0;0;0;0;2995;0;0;88;0;92;0;
2551;1680662;990314496;15958016;1093517312;0;0;0;0;0;0;0;0;0;0;0;1984;0;0;88;0;92;0;
2552;2500540;990314496;15958016;1093517312;0;0;0;0;0;0;0;0;0;0;0;1904;0;0;88;0;92;0;
2553;2396895;990314496;15958016;1093517312;0;0;0;0;0;0;0;0;0;0;0;1934;0;0;88;0;92;0;
2554;3104081;990314496;15958016;1093517312;0;0;0;0;0;0;0;0;0;0;0;1894;0;0;88;0;92;0;
2555;3332299;990314496;15958016;1093517312;0;0;0;0;0;0;0;0;0;0;0;3276;0;0;88;0;92;0;
2556;3091758;990314496;15958016;1093517312;0;0;0;0;0;0;0;0;0;0;0;2785;0;0;88;0;92;0;
2557;2568076;990314496;15958016;1093517312;0;0;0;0;0;0;0;0;0;0;0;71865;0;0;88;0;92;0;
2558;3091057;990314496;15958016;1093517312;0;0;0;0;0;0;0;0;0;0;0;2064;0;0;88;0;92;0;
2559;2048862;990314496;15958016;1093517312;0;0;0;0;0;0;0;0;0;0;0;2084;0;0;88;0;92;0;
2560;1978511;990314496;15958016;1093517312;0;0;0;0;0;0;0;0;0;0;0;1783;0;0;88;0;92;0;
2561;2197902;990314496;15958016;1093517312;0;0;0;0;0;0;0;0;0;0;0;2264;0;0;88;0;92;0;
2562;5133657;990314496;15958016;1093517312;0;0;0;0;0;0;0;0;0;0;0;2906;0;0;88;0;92;0;
2563;4719130;990314496;15958016;1093517312;0;0;0;0;0;0;0;0;0;0;0;4769;0;0;88;0;92;0;
2564;3161199;990314496;15958016;1093517312;0;0;0;0;0;0;0;0;0;0;0;2986;0;0;88;0;92;0;
2565;3393885;990314496;15958016;1093517312;0;0;0;0;0;0;0;0;0;0;0;3026;0;0;88;0;92;0;
2566;3157011;990314496;15958016;1093517312;0;0;0;0;0;0;0;0;0;0;0;1824;0;0;88;0;92;0;
2567;2529844;990314496;15958016;1093517312;0;0;0;0;0;0;0;0;0;0;0;2244;0;0;88;0;92;0;
2568;2503755;990314496;15958016;1093517312;0;0;0;0;0;0;0;0;0;0;0;1572;0;0;88;0;92;0;
2569;3311701;990314496;15958016;1093517312;0;0;0;0;0;0;0;0;0;0;0;2465;0;0;88;0;92;0;
2570;3639796;990314496;15958016;1093517312;0;0;0;0;0;0;0;0;0;0;0;2885;0;0;88;0;92;0;
2571;4002526;990314496;15958016;1093517312;0;0;0;0;0;0;0;0;0;0;0;6031;0;0;88;0;92;0;
2572;2663856;990314496;15958016;1093517312;0;0;0;0;0;0;0;0;0;0;0;3357;0;0;88;0;92;0;
2573;1930771;990314496;15958016;1093517312;0;0;0;0;0;0;0;0;0;0;0;1603;0;0;88;0;92;0;
2574;3005938;990314496;15958016;1093517312;0;0;0;0;0;0;0;0;0;0;0;1422;0;0;88;0;92;0;
2575;7887462;990314496;15958016;1093517312;0;0;0;0;0;0;0;0;0;0;0;1583;0;0;88;0;92;0;
2576;4640282;990580736;15958016;1093517312;0;0;0;0;0;0;0;0;0;0;0;3797;0;0;88;0;92;0;
2577;2848341;990580736;15958016;1093517312;0;0;0;0;0;0;0;0;0;0;0;2965;0;0;88;0;92;0;
2578;1299116;990580736;15958016;1093517312;0;0;0;0;0;0;0;0;0;0;0;1472;0;0;88;0;92;0;
2579;1413521;990580736;15958016;1093517312;0;0;0;0;0;0;0;0;0;0;0;1493;0;0;88;0;92;0;
2580;3190663;990580736;15958016;1093517312;0;0;0;0;0;0;0;0;0;0;0;1563;0;0;88;0;92;0;
2581;2676058;990580736;15958016;1093517312;0;0;0;0;0;0;0;0;0;0;0;2495;0;0;88;0;92;0;
2582;2928321;990580736;15958016;1093517312;0;0;0;0;0;0;0;0;0;0;0;2114;0;0;88;0;92;0;
2583;1861962;990580736;15958016;1093517312;0;0;0;0;0;0;0;0;0;0;0;2073;0;0;88;0;92;0;
2584;3495285;990580736;15958016;1093517312;0;0;0;0;0;0;0;0;0;0;0;1904;0;0;88;0;92;0;
2585;2383861;990580736;15958016;1093517312;0;0;0;0;0;0;0;0;0;0;0;2254;0;0;88;0;92;0;
2586;2634320;990580736;15958016;1093517312;0;0;0;0;0;0;0;0;0;0;0;1673;0;0;88;0;92;0;
2587;1563002;990580736;15958016;1093517312;0;0;0;0;0;0;0;0;0;0;0;1863;0;0;88;0;92;0;
2588;2396314;990580736;15958016;1093517312;0;0;0;0;0;0;0;0;0;0;0;1533;0;0;88;0;92;0;
2589;3099653;990580736;15958016;1093517312;0;0;0;0;0;0;0;0;0;0;0;2645;0;0;88;0;92;0;
2590;2644920;990580736;15958016;1093517312;0;0;0;0;0;0;0;0;0;0;0;2435;0;0;88;0;92;0;
2591;2506581;990580736;15958016;1093517312;0;0;0;0;0;0;0;0;0;0;0;2074;0;0;88;0;92;0;
2592;3052374;990580736;15958016;1093517312;0;0;0;0;0;0;0;0;0;0;0;1583;0;0;88;0;92;0;
2593;2781997;990580736;15958016;1093517312;0;0;0;0;0;0;0;0;0;0;0;2375;0;0;88;0;92;0;
2594;2300815;990580736;15958016;1093517312;0;0;0;0;0;0;0;0;0;0;0;2144;0;0;88;0;92;0;
2595;2242355;990580736;15958016;1093517312;0;0;0;0;0;0;0;0;0;0;0;1844;0;0;88;0;92;0;
2596;5214880;990580736;15958016;1093517312;0;0;0;0;0;0;0;0;0;0;0;39504;0;0;88;0;92;0;
2597;4448031;990580736;15962112;1093521408;0;0;0;0;0;0;0;0;0;0;0;2425;0;0;88;0;92;0;
2598;2270728;990580736;15962112;1093521408;0;0;0;0;0;0;0;0;0;0;0;2615;0;0;88;0;92;0;
2599;2034285;990580736;15962112;1093521408;0;0;0;0;0;0;0;0;0;0;0;1803;0;0;88;0;92;0;
2600;2955763;990580736;15962112;1093521408;0;0;0;0;0;0;0;0;0;0;0;1814;0;0;88;0;92;0;
2601;3567500;990580736;15962112;1093521408;0;0;0;0;0;0;0;0;0;0;0;2364;0;0;88;0;92;0;
2602;1963352;990580736;15962112;1093521408;0;0;0;0;0;0;0;0;0;0;0;2334;0;0;88;0;92;0;
2603;2255921;990580736;15962112;1093521408;0;0;0;0;0;0;0;0;0;0;0;1553;0;0;88;0;92;0;
2604;1773346;990580736;15962112;1093521408;0;0;0;0;0;0;0;0;0;0;0;1603;0;0;88;0;92;0;
2605;3198368;990580736;15962112;1093521408;0;0;0;0;0;0;0;0;0;0;0;1944;0;0;88;0;92;0;
2606;3087521;990580736;15962112;1093521408;0;0;0;0;0;0;0;0;0;0;0;2805;0;0;88;0;92;0;
2607;2678814;990580736;15962112;1093521408;0;0;0;0;0;0;0;0;0;0;0;2044;0;0;88;0;92;0;
2608;3085215;990580736;15962112;1093521408;0;0;0;0;0;0;0;0;0;0;0;2565;0;0;88;0;92;0;
2609;6043143;990580736;15962112;1093521408;0;0;0;0;0;0;0;0;0;0;0;2224;0;0;88;0;92;0;
2610;4068550;990580736;15962112;1093521408;0;0;0;0;0;0;0;0;0;0;0;2685;0;0;88;0;92;0;
2611;2369223;990580736;15962112;1093521408;0;0;0;0;0;0;0;0;0;0;0;2414;0;0;88;0;92;0;
2612;3110474;990580736;15962112;1093521408;0;0;0;0;0;0;0;0;0;0;0;2064;0;0;88;0;92;0;
2613;2506040;990580736;15962112;1093521408;0;0;0;0;0;0;0;0;0;0;0;1864;0;0;88;0;92;0;
2614;1825042;990580736;15962112;1093521408;0;0;0;0;0;0;0;0;0;0;0;2294;0;0;88;0;92;0;
2615;2633879;990580736;15962112;1093521408;0;0;0;0;0;0;0;0;0;0;0;1804;0;0;88;0;92;0;
2616;2110117;990580736;15962112;1093521408;0;0;0;0;0;0;0;0;0;0;0;1683;0;0;88;0;92;0;
2617;5458386;990580736;15962112;1093521408;0;0;0;0;0;0;0;0;0;0;0;1162;0;0;88;0;92;0;
2618;4238078;990580736;15962112;1093521408;0;0;0;0;0;0;0;0;0;0;0;2705;0;0;88;0;92;0;
2619;2596029;990580736;15962112;1093521408;0;0;0;0;0;0;0;0;0;0;0;2996;0;0;88;0;92;0;
2620;2428194;990580736;15962112;1093521408;0;0;0;0;0;0;0;0;0;0;0;1803;0;0;88;0;92;0;
2621;3336848;990580736;15962112;1093521408;0;0;0;0;0;0;0;0;0;0;0;2465;0;0;88;0;92;0;
2622;4215005;990580736;15962112;1093521408;0;0;0;0;0;0;0;0;0;0;0;2374;0;0;88;0;92;0;
2623;2226706;990580736;15962112;1093521408;0;0;0;0;0;0;0;0;0;0;0;2354;0;0;88;0;92;0;
2624;3289429;990580736;15962112;1093521408;0;0;0;0;0;0;0;0;0;0;0;1804;0;0;88;0;92;0;
2625;2943480;990580736;15962112;1093521408;0;0;0;0;0;0;0;0;0;0;0;2254;0;0;88;0;92;0;
2626;3443397;990580736;15962112;1093521408;0;0;0;0;0;0;0;0;0;0;0;1993;0;0;88;0;92;0;
2627;2854703;990580736;15962112;1093521408;0;0;0;0;0;0;0;0;0;0;0;2124;0;0;88;0;92;0;
2628;2898355;990580736;15962112;1093521408;0;0;0;0;0;0;0;0;0;0;0;1663;0;0;88;0;92;0;
2629;2518864;990580736;15962112;1093521408;0;0;0;0;0;0;0;0;0;0;0;1764;0;0;88;0;92;0;
2630;2967966;990580736;15962112;1093521408;0;0;0;0;0;0;0;0;0;0;0;1964;0;0;88;0;92;0;
2631;2110669;990580736;15962112;1093521408;0;0;0;0;0;0;0;0;0;0;0;2164;0;0;88;0;92;0;
2632;2372038;990580736;15962112;1093521408;0;0;0;0;0;0;0;0;0;0;0;2415;0;0;88;0;92;0;
2633;1848557;990580736;15962112;1093521408;0;0;0;0;0;0;0;0;0;0;0;2164;0;0;88;0;92;0;
2634;3938776;990580736;15962112;1093521408;0;0;0;0;0;0;0;0;0;0;0;1794;0;0;88;0;92;0;
2635;2225744;990580736;15962112;1093521408;0;0;0;0;0;0;0;0;0;0;0;3266;0;0;88;0;92;0;
2636;2771087;990580736;15962112;1093521408;0;0;0;0;0;0;0;0;0;0;0;2635;0;0;88;0;92;0;
2637;2981932;990580736;15962112;1093521408;0;0;0;0;0;0;0;0;0;0;0;2625;0;0;88;0;92;0;
2638;7124351;990580736;15962112;1093521408;0;0;0;0;0;0;0;0;0;0;0;2424;0;0;88;0;92;0;
2639;4416413;990580736;15962112;1093521408;0;0;0;0;0;0;0;0;0;0;0;2745;0;0;88;0;92;0;
2640;2255240;990580736;15962112;1093521408;0;0;0;0;0;0;0;0;0;0;0;2795;0;0;88;0;92;0;
2641;2659378;990580736;15962112;1093521408;0;0;0;0;0;0;0;0;0;0;0;1493;0;0;88;0;92;0;
2642;4694584;994562048;15962112;1093521408;0;0;0;0;0;0;0;0;0;0;0;3737;0;0;89;0;92;0;
2643;4959060;994562048;15962112;1093521408;0;0;0;0;0;0;0;0;0;0;0;2475;0;0;89;0;92;0;
2644;2518874;994562048;15962112;1093521408;0;0;0;0;0;0;0;0;0;0;0;2645;0;0;89;0;92;0;
2645;2545825;994562048;15962112;1093521408;0;0;0;0;0;0;0;0;0;0;0;2786;0;0;89;0;92;0;
2646;2196900;994562048;15962112;1093521408;0;0;0;0;0;0;0;0;0;0;0;2074;0;0;89;0;92;0;
2647;3697344;994562048;15962112;1093521408;0;0;0;0;0;0;0;0;0;0;0;2094;0;0;89;0;92;0;
2648;3371853;994562048;15962112;1093521408;0;0;0;0;0;0;0;0;0;0;0;2845;0;0;89;0;92;0;
2649;3253131;994562048;15962112;1093521408;0;0;0;0;0;0;0;0;0;0;0;2615;0;0;89;0;92;0;
2650;2285195;994562048;15962112;1093521408;0;0;0;0;0;0;0;0;0;0;0;2555;0;0;89;0;92;0;
2651;2771187;994562048;15962112;1093521408;0;0;0;0;0;0;0;0;0;0;0;1963;0;0;89;0;92;0;
2652;2581000;994562048;15962112;1093521408;0;0;0;0;0;0;0;0;0;0;0;2515;0;0;89;0;92;0;
2653;3041754;994562048;15962112;1093521408;0;0;0;0;0;0;0;0;0;0;0;2926;0;0;89;0;92;0;
2654;3101457;994562048;15962112;1093521408;0;0;0;0;0;0;0;0;0;0;0;3446;0;0;89;0;92;0;
2655;2925006;994562048;15962112;1093521408;0;0;0;0;0;0;0;0;0;0;0;1933;0;0;89;0;92;0;
2656;2973957;994562048;15962112;1093521408;0;0;0;0;0;0;0;0;0;0;0;2545;0;0;89;0;92;0;
2657;3035572;994562048;15962112;1093521408;0;0;0;0;0;0;0;0;0;0;0;2775;0;0;89;0;92;0;
2658;4056507;994562048;15962112;1093521408;0;0;0;0;0;0;0;0;0;0;0;3076;0;0;89;0;92;0;
2659;6314963;994562048;15962112;1093521408;0;0;0;0;0;0;0;0;0;0;0;2575;0;0;89;0;92;0;
2660;7956922;1000853504;15962112;1110298624;0;0;0;0;0;0;0;0;0;0;0;2284;0;0;90;0;92;0;
2661;2907312;1000853504;15962112;1110298624;0;0;0;0;0;0;0;0;0;0;0;2835;0;0;90;0;92;0;
2662;3324635;1000853504;15962112;1110298624;0;0;0;0;0;0;0;0;0;0;0;2525;0;0;90;0;92;0;
2663;3019623;1000853504;15962112;1110298624;0;0;0;0;0;0;0;0;0;0;0;3617;0;0;90;0;92;0;
2664;3358679;1000853504;15962112;1110298624;0;0;0;0;0;0;0;0;0;0;0;2165;0;0;90;0;92;0;
2665;2469240;1000853504;15962112;1110298624;0;0;0;0;0;0;0;0;0;0;0;2444;0;0;90;0;92;0;
2666;2727345;1000853504;15962112;1110298624;0;0;0;0;0;0;0;0;0;0;0;2695;0;0;90;0;92;0;
2667;3300028;1000853504;15962112;1110298624;0;0;0;0;0;0;0;0;0;0;0;2545;0;0;90;0;92;0;
2668;4594987;1000853504;15962112;1110298624;0;0;0;0;0;0;0;0;0;0;0;3477;0;0;90;0;92;0;
2669;4280117;1000853504;15962112;1110298624;0;0;0;0;0;0;0;0;0;0;0;2915;0;0;90;0;92;0;
2670;3920101;1001103360;15962112;1110298624;0;0;0;0;0;0;0;0;0;0;0;2565;0;0;90;0;92;0;
2671;3344151;1001103360;15962112;1110298624;0;0;0;0;0;0;0;0;0;0;0;2505;0;0;90;0;92;0;
2672;3915423;1001103360;15962112;1110298624;0;0;0;0;0;0;0;0;0;0;0;2104;0;0;90;0;92;0;
2673;7038520;1005355008;15962112;1110298624;0;0;0;0;0;0;0;0;0;0;0;2384;0;0;91;0;92;0;
2674;3326759;1005355008;15962112;1110298624;0;0;0;0;0;0;0;0;0;0;0;3667;0;0;91;0;92;0;
2675;2512432;1005355008;15962112;1110298624;0;0;0;0;0;0;0;0;0;0;0;2335;0;0;91;0;92;0;
2676;2186190;1005355008;15962112;1110298624;0;0;0;0;0;0;0;0;0;0;0;1453;0;0;91;0;92;0;
2677;1313904;1005355008;15962112;1110298624;0;0;0;0;0;0;0;0;0;0;0;1633;0;0;91;0;92;0;
2678;1917927;1005355008;15962112;1110298624;0;0;0;0;0;0;0;0;0;0;0;1423;0;0;91;0;92;0;
2679;1627862;1005355008;15962112;1110298624;0;0;0;0;0;0;0;0;0;0;0;1603;0;0;91;0;92;0;
2680;5390168;1005355008;15962112;1110298624;0;0;0;0;0;0;0;0;0;0;0;1573;0;0;91;0;92;0;
2681;2706716;1005355008;15962112;1110298624;0;0;0;0;0;0;0;0;0;0;0;1723;0;0;91;0;92;0;
2682;2046859;1005355008;15962112;1110298624;0;0;0;0;0;0;0;0;0;0;0;1924;0;0;91;0;92;0;
2683;3557291;1013522432;15962112;1127075840;0;0;0;0;0;0;0;0;0;0;0;3246;0;0;92;0;92;0;
2684;1580735;1013522432;15962112;1127075840;0;0;0;0;0;0;0;0;0;0;0;1793;0;0;92;0;92;0;
2685;2853662;1013522432;15962112;1127075840;0;0;0;0;0;0;0;0;0;0;0;1693;0;0;92;0;92;0;
2686;2538951;1013522432;15962112;1127075840;0;0;0;0;0;0;0;0;0;0;0;2504;0;0;92;0;92;0;
2687;2367951;1013522432;15962112;1127075840;0;0;0;0;0;0;0;0;0;0;0;1563;0;0;92;0;92;0;
2688;1807449;1013522432;15962112;1127075840;0;0;0;0;0;0;0;0;0;0;0;1763;0;0;92;0;92;0;
2689;2306786;1013522432;15962112;1127075840;0;0;0;0;0;0;0;0;0;0;0;1413;0;0;92;0;92;0;
2690;5231101;1017765888;15962112;1127075840;0;0;0;0;0;0;0;0;0;0;0;2575;0;0;93;0;92;0;
2691;3151931;1017765888;15962112;1127075840;0;0;0;0;0;0;0;0;0;0;0;2755;0;0;93;0;92;0;
2692;2378751;1017765888;15962112;1127075840;0;0;0;0;0;0;0;0;0;0;0;2174;0;0;93;0;92;0;
2693;2982533;1017765888;15962112;1127075840;0;0;0;0;0;0;0;0;0;0;0;2535;0;0;93;0;92;0;
2694;2067448;1017765888;15962112;1127075840;0;0;0;0;0;0;0;0;0;0;0;2344;0;0;93;0;92;0;
2695;2245321;1017765888;15962112;1127075840;0;0;0;0;0;0;0;0;0;0;0;2946;0;0;93;0;92;0;
2696;3046773;1017765888;15962112;1127075840;0;0;0;0;0;0;0;0;0;0;0;2736;0;0;93;0;92;0;
2697;3332219;1017765888;15962112;1127075840;0;0;0;0;0;0;0;0;0;0;0;2384;0;0;93;0;92;0;
2698;2385293;1017765888;15962112;1127075840;0;0;0;0;0;0;0;0;0;0;0;3005;0;0;93;0;92;0;
2699;2666781;1017765888;15962112;1127075840;0;0;0;0;0;0;0;0;0;0;0;2254;0;0;93;0;92;0;
2700;2708690;1017765888;15962112;1127075840;0;0;0;0;0;0;0;0;0;0;0;2755;0;0;93;0;92;0;
2701;10788562;1022087168;15966208;1127079936;0;0;0;0;0;0;0;0;0;0;0;2084;0;0;94;0;92;0;
2702;4293061;1022087168;15970304;1127084032;0;0;0;0;0;0;0;0;0;0;0;2715;0;0;94;0;92;0;
2703;3609749;1022087168;15970304;1127084032;0;0;0;0;0;0;0;0;0;0;0;2756;0;0;94;0;92;0;
2704;2186701;1022087168;15970304;1127084032;0;0;0;0;0;0;0;0;0;0;0;3056;0;0;94;0;92;0;
2705;3744843;1022087168;15970304;1127084032;0;0;0;0;0;0;0;0;0;0;0;2174;0;0;94;0;92;0;
2706;5000137;1022087168;15970304;1127084032;0;0;0;0;0;0;0;0;0;0;0;4459;0;0;94;0;92;0;
2707;2901361;1022087168;15970304;1127084032;0;0;0;0;0;0;0;0;0;0;0;3507;0;0;94;0;92;0;
2708;2445586;1022087168;15970304;1127084032;0;0;0;0;0;0;0;0;0;0;0;1643;0;0;94;0;92;0;
2709;3198909;1022087168;15970304;1127084032;0;0;0;0;0;0;0;0;0;0;0;2475;0;0;94;0;92;0;
2710;4299664;1022087168;15970304;1127084032;0;0;0;0;0;0;0;0;0;0;0;2124;0;0;94;0;92;0;
2711;2449393;1022087168;15970304;1127084032;0;0;0;0;0;0;0;0;0;0;0;2635;0;0;94;0;92;0;
2712;3037977;1022087168;15970304;1127084032;0;0;0;0;0;0;0;0;0;0;0;3256;0;0;94;0;92;0;
2713;4280397;1022087168;15970304;1127084032;0;0;0;0;0;0;0;0;0;0;0;2966;0;0;94;0;92;0;
2714;3895947;1022087168;15970304;1127084032;0;0;0;0;0;0;0;0;0;0;0;2304;0;0;94;0;92;0;
2715;3088663;1022087168;15970304;1127084032;0;0;0;0;0;0;0;0;0;0;0;2614;0;0;94;0;92;0;
2716;3059077;1022087168;15970304;1127084032;0;0;0;0;0;0;0;0;0;0;0;2955;0;0;94;0;92;0;
2717;3218946;1022087168;15970304;1127084032;0;0;0;0;0;0;0;0;0;0;0;2825;0;0;94;0;92;0;
2718;3452515;1022087168;15970304;1127084032;0;0;0;0;0;0;0;0;0;0;0;2445;0;0;94;0;92;0;
2719;2987252;1022087168;15970304;1127084032;0;0;0;0;0;0;0;0;0;0;0;2394;0;0;94;0;92;0;
2720;2938010;1022087168;15970304;1127084032;0;0;0;0;0;0;0;0;0;0;0;2514;0;0;94;0;92;0;
2721;3803874;1022087168;15970304;1127084032;0;0;0;0;0;0;0;0;0;0;0;3016;0;0;94;0;92;0;
2722;6866928;1022087168;15970304;1127084032;0;0;0;0;0;0;0;0;0;0;0;2785;0;0;94;0;92;0;
2723;4330631;1022087168;15970304;1127084032;0;0;0;0;0;0;0;0;0;0;0;2785;0;0;94;0;92;0;
2724;3432247;1022087168;15970304;1127084032;0;0;0;0;0;0;0;0;0;0;0;3006;0;0;94;0;92;0;
2725;3206303;1022087168;15970304;1127084032;0;0;0;0;0;0;0;0;0;0;0;2875;0;0;94;0;92;0;
2726;3002170;1022087168;15970304;1127084032;0;0;0;0;0;0;0;0;0;0;0;3747;0;0;94;0;92;0;
2727;4668986;1022087168;15970304;1127084032;0;0;0;0;0;0;0;0;0;0;0;2916;0;0;94;0;92;0;
2728;2322345;1022087168;15970304;1127084032;0;0;0;0;0;0;0;0;0;0;0;2655;0;0;94;0;92;0;
2729;3087951;1022087168;15970304;1127084032;0;0;0;0;0;0;0;0;0;0;0;2765;0;0;94;0;92;0;
2730;3416758;1022087168;15970304;1127084032;0;0;0;0;0;0;0;0;0;0;0;2836;0;0;94;0;92;0;
2731;2454994;1022087168;15962112;1127075840;0;0;0;0;0;0;0;0;0;0;0;2726;0;0;94;0;92;0;
2732;1465448;1022087168;15962112;1127075840;0;0;0;0;0;0;0;0;0;0;0;2124;0;0;94;0;92;0;
2733;3334684;1022087168;15962112;1127075840;0;0;0;0;0;0;0;0;0;0;0;2264;0;0;94;0;92;0;
2734;2823635;1022087168;15962112;1127075840;0;0;0;0;0;0;0;0;0;0;0;2344;0;0;94;0;92;0;
2735;4036980;1022087168;15962112;1127075840;0;0;0;0;0;0;0;0;0;0;0;2465;0;0;94;0;92;0;
2736;2670228;1022087168;15962112;1127075840;0;0;0;0;0;0;0;0;0;0;0;2705;0;0;94;0;92;0;
2737;2500159;1022087168;15962112;1127075840;0;0;0;0;0;0;0;0;0;0;0;2485;0;0;94;0;92;0;
2738;2640392;1022087168;15962112;1127075840;0;0;0;0;0;0;0;0;0;0;0;3356;0;0;94;0;92;0;
2739;3637262;1022087168;15962112;1127075840;0;0;0;0;0;0;0;0;0;0;0;2315;0;0;94;0;92;0;
2740;2681619;1022087168;15962112;1127075840;0;0;0;0;0;0;0;0;0;0;0;2234;0;0;94;0;92;0;
2741;2550223;1022087168;15962112;1127075840;0;0;0;0;0;0;0;0;0;0;0;1954;0;0;94;0;92;0;
2742;2376897;1022087168;15962112;1127075840;0;0;0;0;0;0;0;0;0;0;0;1964;0;0;94;0;92;0;
2743;5242542;1022087168;15962112;1127075840;0;0;0;0;0;0;0;0;0;0;0;2024;0;0;94;0;92;0;
2744;4795794;1022087168;15962112;1127075840;0;0;0;0;0;0;0;0;0;0;0;2584;0;0;94;0;92;0;
2745;4042381;1022087168;15962112;1127075840;0;0;0;0;0;0;0;0;0;0;0;2936;0;0;94;0;92;0;
2746;5280994;1030250496;15962112;1143853056;0;0;0;0;0;0;0;0;0;0;0;2925;0;0;95;0;92;0;
2747;3031015;1030250496;15962112;1143853056;0;0;0;0;0;0;0;0;0;0;0;2464;0;0;95;0;92;0;
2748;4098295;1030250496;15962112;1143853056;0;0;0;0;0;0;0;0;0;0;0;2525;0;0;95;0;92;0;
2749;2931388;1030250496;15962112;1143853056;0;0;0;0;0;0;0;0;0;0;0;3557;0;0;95;0;92;0;
2750;2383229;1030250496;15962112;1143853056;0;0;0;0;0;0;0;0;0;0;0;2444;0;0;95;0;92;0;
2751;2840167;1030250496;15962112;1143853056;0;0;0;0;0;0;0;0;0;0;0;2635;0;0;95;0;92;0;
2752;3776843;1030250496;15962112;1143853056;0;0;0;0;0;0;0;0;0;0;0;2174;0;0;95;0;92;0;
2753;3277937;1030250496;15962112;1143853056;0;0;0;0;0;0;0;0;0;0;0;3416;0;0;95;0;92;0;
2754;2975200;1030250496;15962112;1143853056;0;0;0;0;0;0;0;0;0;0;0;2365;0;0;95;0;92;0;
2755;1474395;1030250496;15962112;1143853056;0;0;0;0;0;0;0;0;0;0;0;1603;0;0;95;0;92;0;
2756;3516796;1030250496;15962112;1143853056;0;0;0;0;0;0;0;0;0;0;0;2064;0;0;95;0;92;0;
2757;2987933;1030250496;15962112;1143853056;0;0;0;0;0;0;0;0;0;0;0;2695;0;0;95;0;92;0;
2758;3435813;1030250496;15962112;1143853056;0;0;0;0;0;0;0;0;0;0;0;3126;0;0;95;0;92;0;
2759;2528041;1030250496;15962112;1143853056;0;0;0;0;0;0;0;0;0;0;0;3156;0;0;95;0;92;0;
2760;4522301;1030250496;15962112;1143853056;0;0;0;0;0;0;0;0;0;0;0;2825;0;0;95;0;92;0;
2761;2605256;1030250496;15962112;1143853056;0;0;0;0;0;0;0;0;0;0;0;2615;0;0;95;0;92;0;
2762;3199250;1030250496;15962112;1143853056;0;0;0;0;0;0;0;0;0;0;0;3056;0;0;95;0;92;0;
2763;3110754;1030250496;15962112;1143853056;0;0;0;0;0;0;0;0;0;0;0;1944;0;0;95;0;92;0;
2764;7859740;1030250496;15962112;1143853056;0;0;0;0;0;0;0;0;0;0;0;2925;0;0;95;0;92;0;
2765;4499028;1030250496;15962112;1143853056;0;0;0;0;0;0;0;0;0;0;0;2736;0;0;95;0;92;0;
2766;3062183;1030250496;15962112;1143853056;0;0;0;0;0;0;0;0;0;0;0;3216;0;0;95;0;92;0;
2767;2595547;1030250496;15962112;1143853056;0;0;0;0;0;0;0;0;0;0;0;2204;0;0;95;0;92;0;
2768;2724640;1030250496;15962112;1143853056;0;0;0;0;0;0;0;0;0;0;0;3026;0;0;95;0;92;0;
2769;5523739;1030250496;15962112;1143853056;0;0;0;0;0;0;0;0;0;0;0;2565;0;0;95;0;92;0;
2770;3644155;1030250496;15962112;1143853056;0;0;0;0;0;0;0;0;0;0;0;2725;0;0;95;0;92;0;
2771;4050386;1030250496;15962112;1143853056;0;0;0;0;0;0;0;0;0;0;0;3316;0;0;95;0;92;0;
2772;3167971;1030250496;15962112;1143853056;0;0;0;0;0;0;0;0;0;0;0;2856;0;0;95;0;92;0;
2773;5239786;1030250496;15962112;1143853056;0;0;0;0;0;0;0;0;0;0;0;2926;0;0;95;0;92;0;
2774;2791606;1030250496;15962112;1143853056;0;0;0;0;0;0;0;0;0;0;0;3126;0;0;95;0;92;0;
2775;2817664;1030250496;15962112;1143853056;0;0;0;0;0;0;0;0;0;0;0;2986;0;0;95;0;92;0;
2776;3470207;1030250496;15962112;1143853056;0;0;0;0;0;0;0;0;0;0;0;2786;0;0;95;0;92;0;
2777;3650466;1030250496;15962112;1143853056;0;0;0;0;0;0;0;0;0;0;0;3677;0;0;95;0;92;0;
2778;3150068;1030250496;15962112;1143853056;0;0;0;0;0;0;0;0;0;0;0;2435;0;0;95;0;92;0;
2779;2685477;1030250496;15962112;1143853056;0;0;0;0;0;0;0;0;0;0;0;2835;0;0;95;0;92;0;
2780;3405877;1030250496;15962112;1143853056;0;0;0;0;0;0;0;0;0;0;0;3096;0;0;95;0;92;0;
2781;3331538;1030250496;15962112;1143853056;0;0;0;0;0;0;0;0;0;0;0;2795;0;0;95;0;92;0;
2782;2437121;1030250496;15962112;1143853056;0;0;0;0;0;0;0;0;0;0;0;3417;0;0;95;0;92;0;
2783;1969504;1030250496;15962112;1143853056;0;0;0;0;0;0;0;0;0;0;0;2425;0;0;95;0;92;0;
2784;1614318;1030250496;15962112;1143853056;0;0;0;0;0;0;0;0;0;0;0;1913;0;0;95;0;92;0;
2785;6033976;1030250496;15962112;1143853056;0;0;0;0;0;0;0;0;0;0;0;2776;0;0;95;0;92;0;
2786;3775080;1030250496;15962112;1143853056;0;0;0;0;0;0;0;0;0;0;0;3125;0;0;95;0;92;0;
2787;3379047;1030250496;15962112;1143853056;0;0;0;0;0;0;0;0;0;0;0;3456;0;0;95;0;92;0;
2788;2671951;1030250496;15962112;1143853056;0;0;0;0;0;0;0;0;0;0;0;3366;0;0;95;0;92;0;
2789;2540174;1030250496;15962112;1143853056;0;0;0;0;0;0;0;0;0;0;0;3096;0;0;95;0;92;0;
2790;2470884;1030250496;15962112;1143853056;0;0;0;0;0;0;0;0;0;0;0;1833;0;0;95;0;92;0;
2791;3847705;1030250496;15962112;1143853056;0;0;0;0;0;0;0;0;0;0;0;2825;0;0;95;0;92;0;
2792;2261602;1030250496;15962112;1143853056;0;0;0;0;0;0;0;0;0;0;0;3176;0;0;95;0;92;0;
2793;3183741;1030250496;15962112;1143853056;0;0;0;0;0;0;0;0;0;0;0;3166;0;0;95;0;92;0;
2794;3417579;1030250496;15962112;1143853056;0;0;0;0;0;0;0;0;0;0;0;2414;0;0;95;0;92;0;
2795;2406132;1030250496;15962112;1143853056;0;0;0;0;0;0;0;0;0;0;0;3066;0;0;95;0;92;0;
2796;2890411;1030250496;15962112;1143853056;0;0;0;0;0;0;0;0;0;0;0;3928;0;0;95;0;92;0;
2797;3115784;1030250496;15962112;1143853056;0;0;0;0;0;0;0;0;0;0;0;2605;0;0;95;0;92;0;
2798;3193299;1030250496;15962112;1143853056;0;0;0;0;0;0;0;0;0;0;0;2725;0;0;95;0;92;0;
2799;3451994;1030250496;15962112;1143853056;0;0;0;0;0;0;0;0;0;0;0;2775;0;0;95;0;92;0;
2800;4222018;1030508544;15962112;1143853056;0;0;0;0;0;0;0;0;0;0;0;5180;0;0;95;0;92;0;
2801;3184903;1030508544;15962112;1143853056;0;0;0;0;0;0;0;0;0;0;0;2705;0;0;95;0;92;0;
2802;3432928;1030508544;15962112;1143853056;0;0;0;0;0;0;0;0;0;0;0;2475;0;0;95;0;92;0;
2803;2721794;1030508544;15962112;1143853056;0;0;0;0;0;0;0;0;0;0;0;3055;0;0;95;0;92;0;
2804;2180730;1030508544;15962112;1143853056;0;0;0;0;0;0;0;0;0;0;0;2605;0;0;95;0;92;0;
2805;1917426;1030508544;15962112;1143853056;0;0;0;0;0;0;0;0;0;0;0;2014;0;0;95;0;92;0;
2806;6051008;1030508544;15962112;1143853056;0;0;0;0;0;0;0;0;0;0;0;2074;0;0;95;0;92;0;
2807;3081799;1030508544;15962112;1143853056;0;0;0;0;0;0;0;0;0;0;0;2935;0;0;95;0;92;0;
2808;3849589;1030508544;15962112;1143853056;0;0;0;0;0;0;0;0;0;0;0;2756;0;0;95;0;92;0;
2809;1949386;1030508544;15962112;1143853056;0;0;0;0;0;0;0;0;0;0;0;2916;0;0;95;0;92;0;
2810;2278392;1030508544;15962112;1143853056;0;0;0;0;0;0;0;0;0;0;0;2103;0;0;95;0;92;0;
2811;4100861;1030508544;15962112;1143853056;0;0;0;0;0;0;0;0;0;0;0;2074;0;0;95;0;92;0;
2812;2744017;1030508544;15962112;1143853056;0;0;0;0;0;0;0;0;0;0;0;2665;0;0;95;0;92;0;
2813;4473629;1036800000;15962112;1160630272;0;0;0;0;0;0;0;0;0;0;0;3647;0;0;96;0;92;0;
2814;1922214;1036800000;15962112;1160630272;0;0;0;0;0;0;0;0;0;0;0;2685;0;0;96;0;92;0;
2815;2439575;1036800000;15962112;1160630272;0;0;0;0;0;0;0;0;0;0;0;1824;0;0;96;0;92;0;
2816;2429656;1036800000;15962112;1160630272;0;0;0;0;0;0;0;0;0;0;0;3276;0;0;96;0;92;0;
2817;2605447;1036800000;15962112;1160630272;0;0;0;0;0;0;0;0;0;0;0;2505;0;0;96;0;92;0;
2818;1370841;1036800000;15962112;1160630272;0;0;0;0;0;0;0;0;0;0;0;2154;0;0;96;0;92;0;
2819;3777314;1036800000;15962112;1160630272;0;0;0;0;0;0;0;0;0;0;0;2294;0;0;96;0;92;0;
2820;1668168;1036800000;15962112;1160630272;0;0;0;0;0;0;0;0;0;0;0;2936;0;0;96;0;92;0;
2821;1715437;1036800000;15962112;1160630272;0;0;0;0;0;0;0;0;0;0;0;1664;0;0;96;0;92;0;
2822;1840512;1036800000;15962112;1160630272;0;0;0;0;0;0;0;0;0;0;0;2515;0;0;96;0;92;0;
2823;3047976;1036800000;15962112;1160630272;0;0;0;0;0;0;0;0;0;0;0;2344;0;0;96;0;92;0;
2824;1302643;1036800000;15962112;1160630272;0;0;0;0;0;0;0;0;0;0;0;2224;0;0;96;0;92;0;
2825;1821486;1036800000;15962112;1160630272;0;0;0;0;0;0;0;0;0;0;0;1904;0;0;96;0;92;0;
2826;1582808;1036800000;15962112;1160630272;0;0;0;0;0;0;0;0;0;0;0;1603;0;0;96;0;92;0;
2827;4688092;1036800000;15962112;1160630272;0;0;0;0;0;0;0;0;0;0;0;1663;0;0;96;0;92;0;
2828;4913294;1036800000;15962112;1160630272;0;0;0;0;0;0;0;0;0;0;0;3316;0;0;96;0;92;0;
2829;1937714;1036800000;15962112;1160630272;0;0;0;0;0;0;0;0;0;0;0;2484;0;0;96;0;92;0;
2830;1152973;1036800000;15962112;1160630272;0;0;0;0;0;0;0;0;0;0;0;1503;0;0;96;0;92;0;
2831;1237481;1036800000;15962112;1160630272;0;0;0;0;0;0;0;0;0;0;0;1563;0;0;96;0;92;0;
2832;2254659;1036800000;15962112;1160630272;0;0;0;0;0;0;0;0;0;0;0;1583;0;0;96;0;92;0;
2833;2639671;1036800000;15962112;1160630272;0;0;0;0;0;0;0;0;0;0;0;1693;0;0;96;0;92;0;
2834;3117857;1036800000;15962112;1160630272;0;0;0;0;0;0;0;0;0;0;0;1663;0;0;96;0;92;0;
2835;2663215;1036800000;15962112;1160630272;0;0;0;0;0;0;0;0;0;0;0;1663;0;0;96;0;92;0;
2836;2288142;1036800000;15962112;1160630272;0;0;0;0;0;0;0;0;0;0;0;1573;0;0;96;0;92;0;
2837;2152056;1036800000;15962112;1160630272;0;0;0;0;0;0;0;0;0;0;0;1994;0;0;96;0;92;0;
2838;3221792;1036800000;15962112;1160630272;0;0;0;0;0;0;0;0;0;0;0;1723;0;0;96;0;92;0;
2839;2595007;1036800000;15962112;1160630272;0;0;0;0;0;0;0;0;0;0;0;1964;0;0;96;0;92;0;
2840;2171503;1036800000;15962112;1160630272;0;0;0;0;0;0;0;0;0;0;0;1663;0;0;96;0;92;0;
2841;1118567;1036800000;15962112;1160630272;0;0;0;0;0;0;0;0;0;0;0;1764;0;0;96;0;92;0;
2842;1886357;1036800000;15962112;1160630272;0;0;0;0;0;0;0;0;0;0;0;1784;0;0;96;0;92;0;
2843;2025619;1036800000;15962112;1160630272;0;0;0;0;0;0;0;0;0;0;0;1222;0;0;96;0;92;0;
2844;2908936;1036800000;15962112;1160630272;0;0;0;0;0;0;0;0;0;0;0;1663;0;0;96;0;92;0;
2845;1407921;1036800000;15962112;1160630272;0;0;0;0;0;0;0;0;0;0;0;1943;0;0;96;0;92;0;
2846;1900284;1036800000;15962112;1160630272;0;0;0;0;0;0;0;0;0;0;0;1743;0;0;96;0;92;0;
2847;1382112;1036800000;15962112;1160630272;0;0;0;0;0;0;0;0;0;0;0;1553;0;0;96;0;92;0;
2848;5056433;1036800000;15962112;1160630272;0;0;0;0;0;0;0;0;0;0;0;1573;0;0;96;0;92;0;
2849;2526969;1036800000;15962112;1160630272;0;0;0;0;0;0;0;0;0;0;0;2064;0;0;96;0;92;0;
2850;2303920;1036800000;15962112;1160630272;0;0;0;0;0;0;0;0;0;0;0;2014;0;0;96;0;92;0;
2851;1934548;1036800000;15962112;1160630272;0;0;0;0;0;0;0;0;0;0;0;1633;0;0;96;0;92;0;
2852;1497418;1036800000;15962112;1160630272;0;0;0;0;0;0;0;0;0;0;0;1423;0;0;96;0;92;0;
2853;7803264;1036800000;15962112;1160630272;0;0;0;0;0;0;0;0;0;0;0;1623;0;0;96;0;92;0;
2854;2389310;1036800000;15962112;1160630272;0;0;0;0;0;0;0;0;0;0;0;2244;0;0;96;0;92;0;
2855;1490756;1036800000;15962112;1160630272;0;0;0;0;0;0;0;0;0;0;0;1763;0;0;96;0;92;0;
2856;2266240;1036800000;15962112;1160630272;0;0;0;0;0;0;0;0;0;0;0;1634;0;0;96;0;92;0;
2857;3300800;1036800000;15962112;1160630272;0;0;0;0;0;0;0;0;0;0;0;1663;0;0;96;0;92;0;
2858;1859117;1036800000;15962112;1160630272;0;0;0;0;0;0;0;0;0;0;0;1964;0;0;96;0;92;0;
2859;997591;1036800000;15962112;1160630272;0;0;0;0;0;0;0;0;0;0;0;1482;0;0;96;0;92;0;
2860;1213676;1036800000;15962112;1160630272;0;0;0;0;0;0;0;0;0;0;0;1763;0;0;96;0;92;0;
2861;1989531;1036800000;15962112;1160630272;0;0;0;0;0;0;0;0;0;0;0;2064;0;0;96;0;92;0;
2862;2039815;1036800000;15962112;1160630272;0;0;0;0;0;0;0;0;0;0;0;2255;0;0;96;0;92;0;
2863;2497554;1036800000;15962112;1160630272;0;0;0;0;0;0;0;0;0;0;0;1733;0;0;96;0;92;0;
2864;2433323;1036800000;15962112;1160630272;0;0;0;0;0;0;0;0;0;0;0;1863;0;0;96;0;92;0;
2865;2700905;1036800000;15962112;1160630272;0;0;0;0;0;0;0;0;0;0;0;1774;0;0;96;0;92;0;
2866;1867523;1036800000;15962112;1160630272;0;0;0;0;0;0;0;0;0;0;0;1623;0;0;96;0;92;0;
2867;1678999;1036800000;15962112;1160630272;0;0;0;0;0;0;0;0;0;0;0;1683;0;0;96;0;92;0;
2868;1601353;1036800000;15962112;1160630272;0;0;0;0;0;0;0;0;0;0;0;1643;0;0;96;0;92;0;
2869;4893026;1036800000;15962112;1160630272;0;0;0;0;0;0;0;0;0;0;0;1343;0;0;96;0;92;0;
2870;2439686;1036800000;15962112;1160630272;0;0;0;0;0;0;0;0;0;0;0;2384;0;0;96;0;92;0;
2871;2365727;1036800000;15962112;1160630272;0;0;0;0;0;0;0;0;0;0;0;1923;0;0;96;0;92;0;
2872;2136507;1036800000;15962112;1160630272;0;0;0;0;0;0;0;0;0;0;0;1883;0;0;96;0;92;0;
2873;1776652;1036800000;15962112;1160630272;0;0;0;0;0;0;0;0;0;0;0;1503;0;0;96;0;92;0;
2874;3367756;1036800000;15962112;1160630272;0;0;0;0;0;0;0;0;0;0;0;2004;0;0;96;0;92;0;
2875;1849258;1036800000;15962112;1160630272;0;0;0;0;0;0;0;0;0;0;0;1794;0;0;96;0;92;0;
2876;2088466;1036800000;15962112;1160630272;0;0;0;0;0;0;0;0;0;0;0;1814;0;0;96;0;92;0;
2877;1721108;1036800000;15962112;1160630272;0;0;0;0;0;0;0;0;0;0;0;1493;0;0;96;0;92;0;
2878;2549752;1036800000;15962112;1160630272;0;0;0;0;0;0;0;0;0;0;0;1583;0;0;96;0;92;0;
2879;1586194;1036800000;15962112;1160630272;0;0;0;0;0;0;0;0;0;0;0;1954;0;0;96;0;92;0;
2880;2323607;1036800000;15962112;1160630272;0;0;0;0;0;0;0;0;0;0;0;1783;0;0;96;0;92;0;
2881;1943475;1036800000;15962112;1160630272;0;0;0;0;0;0;0;0;0;0;0;1593;0;0;96;0;92;0;
2882;2257564;1036800000;15962112;1160630272;0;0;0;0;0;0;0;0;0;0;0;1583;0;0;96;0;92;0;
2883;2651382;1036800000;15962112;1160630272;0;0;0;0;0;0;0;0;0;0;0;359504;0;0;96;0;92;0;
2884;2618981;1036800000;15962112;1160630272;0;0;0;0;0;0;0;0;0;0;0;1813;0;0;96;0;92;0;
2885;5254695;1036800000;15962112;1160630272;0;0;0;0;0;0;0;0;0;0;0;1543;0;0;96;0;92;0;
2886;2994926;1036800000;15962112;1160630272;0;0;0;0;0;0;0;0;0;0;0;1402;0;0;96;0;92;0;
2887;1495796;1036800000;15962112;1160630272;0;0;0;0;0;0;0;0;0;0;0;1633;0;0;96;0;92;0;
2888;1914941;1036800000;15962112;1160630272;0;0;0;0;0;0;0;0;0;0;0;1633;0;0;96;0;92;0;
2889;1943735;1036800000;15962112;1160630272;0;0;0;0;0;0;0;0;0;0;0;1433;0;0;96;0;92;0;
2890;5101407;1036800000;15962112;1160630272;0;0;0;0;0;0;0;0;0;0;0;1693;0;0;96;0;92;0;
2891;3240237;1036800000;15962112;1160630272;0;0;0;0;0;0;0;0;0;0;0;2685;0;0;96;0;92;0;
2892;2108624;1036800000;15962112;1160630272;0;0;0;0;0;0;0;0;0;0;0;1854;0;0;96;0;92;0;
2893;2389200;1036800000;15962112;1160630272;0;0;0;0;0;0;0;0;0;0;0;1613;0;0;96;0;92;0;
2894;2089408;1036800000;15962112;1160630272;0;0;0;0;0;0;0;0;0;0;0;1533;0;0;96;0;92;0;
2895;1165807;1036800000;15962112;1160630272;0;0;0;0;0;0;0;0;0;0;0;1403;0;0;96;0;92;0;
2896;1335124;1036800000;15962112;1160630272;0;0;0;0;0;0;0;0;0;0;0;1452;0;0;96;0;92;0;
2897;1338360;1036800000;15962112;1160630272;0;0;0;0;0;0;0;0;0;0;0;1463;0;0;96;0;92;0;
2898;2711295;1036800000;15962112;1160630272;0;0;0;0;0;0;0;0;0;0;0;1583;0;0;96;0;92;0;
2899;2246523;1036800000;15962112;1160630272;0;0;0;0;0;0;0;0;0;0;0;1884;0;0;96;0;92;0;
2900;1523788;1036800000;15962112;1160630272;0;0;0;0;0;0;0;0;0;0;0;1412;0;0;96;0;92;0;
2901;1723732;1036800000;15962112;1160630272;0;0;0;0;0;0;0;0;0;0;0;1483;0;0;96;0;92;0;
2902;2062959;1036800000;15962112;1160630272;0;0;0;0;0;0;0;0;0;0;0;6342;0;0;96;0;92;0;
2903;1526683;1036800000;15962112;1160630272;0;0;0;0;0;0;0;0;0;0;0;109035;0;0;96;0;92;0;
2904;1701260;1036800000;15962112;1160630272;0;0;0;0;0;0;0;0;0;0;0;1583;0;0;96;0;92;0;
2905;2197220;1036800000;15962112;1160630272;0;0;0;0;0;0;0;0;0;0;0;1613;0;0;96;0;92;0;
2906;2139472;1036800000;15962112;1160630272;0;0;0;0;0;0;0;0;0;0;0;1684;0;0;96;0;92;0;
2907;1569884;1036800000;15962112;1160630272;0;0;0;0;0;0;0;0;0;0;0;1773;0;0;96;0;92;0;
2908;1269721;1036800000;15962112;1160630272;0;0;0;0;0;0;0;0;0;0;0;1472;0;0;96;0;92;0;
2909;1208957;1036800000;15962112;1160630272;0;0;0;0;0;0;0;0;0;0;0;1613;0;0;96;0;92;0;
2910;5907388;1036800000;15962112;1160630272;0;0;0;0;0;0;0;0;0;0;0;1303;0;0;96;0;92;0;
2911;3584322;1036800000;15962112;1160630272;0;0;0;0;0;0;0;0;0;0;0;2434;0;0;96;0;92;0;
2912;2553669;1036800000;15962112;1160630272;0;0;0;0;0;0;0;0;0;0;0;1743;0;0;96;0;92;0;
2913;2215816;1036800000;15962112;1160630272;0;0;0;0;0;0;0;0;0;0;0;1643;0;0;96;0;92;0;
2914;2710083;1036800000;15962112;1160630272;0;0;0;0;0;0;0;0;0;0;0;1683;0;0;96;0;92;0;
2915;1404113;1036800000;15962112;1160630272;0;0;0;0;0;0;0;0;0;0;0;2083;0;0;96;0;92;0;
2916;1508650;1036800000;15962112;1160630272;0;0;0;0;0;0;0;0;0;0;0;1533;0;0;96;0;92;0;
2917;1094834;1036800000;15962112;1160630272;0;0;0;0;0;0;0;0;0;0;0;1523;0;0;96;0;92;0;
2918;2764875;1036800000;15962112;1160630272;0;0;0;0;0;0;0;0;0;0;0;1763;0;0;96;0;92;0;
2919;2170411;1036800000;15962112;1160630272;0;0;0;0;0;0;0;0;0;0;0;1834;0;0;96;0;92;0;
2920;2776687;1036800000;15962112;1160630272;0;0;0;0;0;0;0;0;0;0;0;1573;0;0;96;0;92;0;
2921;1209038;1036800000;15962112;1160630272;0;0;0;0;0;0;0;0;0;0;0;1593;0;0;96;0;92;0;
2922;2819277;1036800000;15962112;1160630272;0;0;0;0;0;0;0;0;0;0;0;1633;0;0;96;0;92;0;
2923;1804625;1036800000;15962112;1160630272;0;0;0;0;0;0;0;0;0;0;0;1903;0;0;96;0;92;0;
2924;2486643;1036800000;15962112;1160630272;0;0;0;0;0;0;0;0;0;0;0;1663;0;0;96;0;92;0;
2925;2019217;1036800000;15962112;1160630272;0;0;0;0;0;0;0;0;0;0;0;1443;0;0;96;0;92;0;
2926;2047610;1036800000;15962112;1160630272;0;0;0;0;0;0;0;0;0;0;0;1443;0;0;96;0;92;0;
2927;1774788;1036800000;15962112;1160630272;0;0;0;0;0;0;0;0;0;0;0;1543;0;0;96;0;92;0;
2928;2047359;1036800000;15962112;1160630272;0;0;0;0;0;0;0;0;0;0;0;1713;0;0;96;0;92;0;
2929;1684279;1036800000;15962112;1160630272;0;0;0;0;0;0;0;0;0;0;0;1733;0;0;96;0;92;0;
2930;6308892;1036800000;15962112;1160630272;0;0;0;0;0;0;0;0;0;0;0;1483;0;0;96;0;92;0;
2931;4336213;1036800000;15962112;1160630272;0;0;0;0;0;0;0;0;0;0;0;3196;0;0;96;0;92;0;
2932;2777759;1036800000;15962112;1160630272;0;0;0;0;0;0;0;0;0;0;0;2675;0;0;96;0;92;0;
2933;1377654;1036800000;15962112;1160630272;0;0;0;0;0;0;0;0;0;0;0;1473;0;0;96;0;92;0;
2934;1862032;1036800000;15962112;1160630272;0;0;0;0;0;0;0;0;0;0;0;1503;0;0;96;0;92;0;
2935;2418366;1036800000;15962112;1160630272;0;0;0;0;0;0;0;0;0;0;0;1834;0;0;96;0;92;0;
2936;1954245;1036800000;15962112;1160630272;0;0;0;0;0;0;0;0;0;0;0;2475;0;0;96;0;92;0;
2937;1335465;1036800000;15962112;1160630272;0;0;0;0;0;0;0;0;0;0;0;1373;0;0;96;0;92;0;
2938;2054483;1036800000;15962112;1160630272;0;0;0;0;0;0;0;0;0;0;0;1423;0;0;96;0;92;0;
2939;3495556;1036800000;15962112;1160630272;0;0;0;0;0;0;0;0;0;0;0;1483;0;0;96;0;92;0;
2940;2059482;1036800000;15962112;1160630272;0;0;0;0;0;0;0;0;0;0;0;2565;0;0;96;0;92;0;
2941;1801098;1036800000;15962112;1160630272;0;0;0;0;0;0;0;0;0;0;0;2003;0;0;96;0;92;0;
2942;2312627;1036800000;15962112;1160630272;0;0;0;0;0;0;0;0;0;0;0;2034;0;0;96;0;92;0;
2943;2366038;1036800000;15962112;1160630272;0;0;0;0;0;0;0;0;0;0;0;2234;0;0;96;0;92;0;
2944;1502337;1036800000;15962112;1160630272;0;0;0;0;0;0;0;0;0;0;0;1603;0;0;96;0;92;0;
2945;1973040;1036800000;15962112;1160630272;0;0;0;0;0;0;0;0;0;0;0;1583;0;0;96;0;92;0;
2946;1020985;1036800000;15962112;1160630272;0;0;0;0;0;0;0;0;0;0;0;1543;0;0;96;0;92;0;
2947;3337689;1036800000;15962112;1160630272;0;0;0;0;0;0;0;0;0;0;0;1934;0;0;96;0;92;0;
2948;2035777;1036800000;15962112;1160630272;0;0;0;0;0;0;0;0;0;0;0;1783;0;0;96;0;92;0;
2949;1710127;1036800000;15962112;1160630272;0;0;0;0;0;0;0;0;0;0;0;1723;0;0;96;0;92;0;
2950;1705869;1036800000;15962112;1160630272;0;0;0;0;0;0;0;0;0;0;0;1873;0;0;96;0;92;0;
2951;5587299;1036800000;15962112;1160630272;0;0;0;0;0;0;0;0;0;0;0;1943;0;0;96;0;92;0;
2952;3020835;1036800000;15962112;1160630272;0;0;0;0;0;0;0;0;0;0;0;2224;0;0;96;0;92;0;
2953;1596194;1036800000;15962112;1160630272;0;0;0;0;0;0;0;0;0;0;0;1934;0;0;96;0;92;0;
2954;2837060;1036800000;15962112;1160630272;0;0;0;0;0;0;0;0;0;0;0;1933;0;0;96;0;92;0;
2955;2411052;1036800000;15962112;1160630272;0;0;0;0;0;0;0;0;0;0;0;2044;0;0;96;0;92;0;
2956;2888537;1036800000;15962112;1160630272;0;0;0;0;0;0;0;0;0;0;0;1232;0;0;96;0;92;0;
2957;2279344;1036800000;15962112;1160630272;0;0;0;0;0;0;0;0;0;0;0;2355;0;0;96;0;92;0;
2958;2016842;1036800000;15962112;1160630272;0;0;0;0;0;0;0;0;0;0;0;1353;0;0;96;0;92;0;
2959;2414528;1036800000;15962112;1160630272;0;0;0;0;0;0;0;0;0;0;0;1673;0;0;96;0;92;0;
2960;2285967;1036800000;15962112;1160630272;0;0;0;0;0;0;0;0;0;0;0;1503;0;0;96;0;92;0;
2961;1702864;1036800000;15962112;1160630272;0;0;0;0;0;0;0;0;0;0;0;1944;0;0;96;0;92;0;
2962;1723682;1036800000;15962112;1160630272;0;0;0;0;0;0;0;0;0;0;0;1643;0;0;96;0;92;0;
2963;1337538;1036800000;15962112;1160630272;0;0;0;0;0;0;0;0;0;0;0;1463;0;0;96;0;92;0;
2964;2557486;1036800000;15962112;1160630272;0;0;0;0;0;0;0;0;0;0;0;179757;0;0;96;0;92;0;
2965;2833915;1036800000;15962112;1160630272;0;0;0;0;0;0;0;0;0;0;0;1823;0;0;96;0;92;0;
2966;2107452;1036800000;15962112;1160630272;0;0;0;0;0;0;0;0;0;0;0;1583;0;0;96;0;92;0;
2967;1912597;1036800000;15962112;1160630272;0;0;0;0;0;0;0;0;0;0;0;1253;0;0;96;0;92;0;
2968;2781707;1036800000;15962112;1160630272;0;0;0;0;0;0;0;0;0;0;0;1513;0;0;96;0;92;0;
2969;1900474;1036800000;15962112;1160630272;0;0;0;0;0;0;0;0;0;0;0;1713;0;0;96;0;92;0;
2970;2348635;1036800000;15962112;1160630272;0;0;0;0;0;0;0;0;0;0;0;1803;0;0;96;0;92;0;
2971;1606312;1036800000;15962112;1160630272;0;0;0;0;0;0;0;0;0;0;0;1423;0;0;96;0;92;0;
2972;4720602;1036800000;15962112;1160630272;0;0;0;0;0;0;0;0;0;0;0;1553;0;0;96;0;92;0;
2973;2761659;1036800000;15962112;1160630272;0;0;0;0;0;0;0;0;0;0;0;1793;0;0;96;0;92;0;
2974;2196289;1036800000;15962112;1160630272;0;0;0;0;0;0;0;0;0;0;0;1963;0;0;96;0;92;0;
2975;2262082;1036800000;15962112;1160630272;0;0;0;0;0;0;0;0;0;0;0;1783;0;0;96;0;92;0;
2976;2188273;1036800000;15962112;1160630272;0;0;0;0;0;0;0;0;0;0;0;1643;0;0;96;0;92;0;
2977;2670588;1036800000;15962112;1160630272;0;0;0;0;0;0;0;0;0;0;0;1884;0;0;96;0;92;0;
2978;1631370;1036800000;15962112;1160630272;0;0;0;0;0;0;0;0;0;0;0;1683;0;0;96;0;92;0;
2979;2065043;1036800000;15962112;1160630272;0;0;0;0;0;0;0;0;0;0;0;1794;0;0;96;0;92;0;
2980;2014197;1036800000;15962112;1160630272;0;0;0;0;0;0;0;0;0;0;0;1613;0;0;96;0;92;0;
2981;3035042;1036800000;15962112;1160630272;0;0;0;0;0;0;0;0;0;0;0;2024;0;0;96;0;92;0;
2982;1824722;1036800000;15962112;1160630272;0;0;0;0;0;0;0;0;0;0;0;1673;0;0;96;0;92;0;
2983;3312281;1036800000;15962112;1160630272;0;0;0;0;0;0;0;0;0;0;0;1733;0;0;96;0;92;0;
2984;1266315;1036800000;15962112;1160630272;0;0;0;0;0;0;0;0;0;0;0;1753;0;0;96;0;92;0;
2985;2322395;1036800000;15962112;1160630272;0;0;0;0;0;0;0;0;0;0;0;1533;0;0;96;0;92;0;
2986;2875754;1036800000;15962112;1160630272;0;0;0;0;0;0;0;0;0;0;0;2715;0;0;96;0;92;0;
2987;1471369;1036800000;15962112;1160630272;0;0;0;0;0;0;0;0;0;0;0;1413;0;0;96;0;92;0;
2988;2074891;1036800000;15962112;1160630272;0;0;0;0;0;0;0;0;0;0;0;1623;0;0;96;0;92;0;
2989;3130712;1036800000;15962112;1160630272;0;0;0;0;0;0;0;0;0;0;0;1493;0;0;96;0;92;0;
2990;2093346;1037041664;15962112;1160630272;0;0;0;0;0;0;0;0;0;0;0;1653;0;0;96;0;92;0;
2991;2254878;1037041664;15962112;1160630272;0;0;0;0;0;0;0;0;0;0;0;1834;0;0;96;0;92;0;
2992;2762171;1037041664;15962112;1160630272;0;0;0;0;0;0;0;0;0;0;0;1663;0;0;96;0;92;0;
2993;6202903;1037041664;15962112;1160630272;0;0;0;0;0;0;0;0;0;0;0;1643;0;0;96;0;92;0;
2994;4767851;1037041664;15962112;1160630272;0;0;0;0;0;0;0;0;0;0;0;1984;0;0;96;0;92;0;
2995;3217414;1037041664;15962112;1160630272;0;0;0;0;0;0;0;0;0;0;0;2705;0;0;96;0;92;0;
2996;3664683;1043333120;15962112;1177407488;0;0;0;0;0;0;0;0;0;0;0;3446;0;0;97;0;92;0;
2997;1473764;1043333120;15962112;1177407488;0;0;0;0;0;0;0;0;0;0;0;1603;0;0;97;0;92;0;
2998;2410220;1043333120;15962112;1177407488;0;0;0;0;0;0;0;0;0;0;0;1463;0;0;97;0;92;0;
2999;1803111;1043333120;15962112;1177407488;0;0;0;0;0;0;0;0;0;0;0;1693;0;0;97;0;92;0;
3000;1686693;1043333120;15962112;1177407488;0;0;0;0;0;0;0;0;0;0;0;1633;0;0;97;0;92;0;
3001;2712296;1043333120;15962112;1177407488;0;0;0;0;0;0;0;0;0;0;0;1473;0;0;97;0;92;0;
3002;2718488;1043333120;15962112;1177407488;0;0;0;0;0;0;0;0;0;0;0;1683;0;0;97;0;92;0;
3003;5296593;1047367680;15962112;1177407488;0;0;0;0;0;0;0;0;0;0;0;2945;0;0;98;0;92;0;
3004;2261431;1047367680;15962112;1177407488;0;0;0;0;0;0;0;0;0;0;0;1993;0;0;98;0;92;0;
3005;2188935;1047367680;15962112;1177407488;0;0;0;0;0;0;0;0;0;0;0;1643;0;0;98;0;92;0;
3006;2289704;1047367680;15962112;1177407488;0;0;0;0;0;0;0;0;0;0;0;1553;0;0;98;0;92;0;
3007;1490195;1047367680;15962112;1177407488;0;0;0;0;0;0;0;0;0;0;0;1803;0;0;98;0;92;0;
3008;1684609;1047367680;15962112;1177407488;0;0;0;0;0;0;0;0;0;0;0;1553;0;0;98;0;92;0;
3009;1368406;1047367680;15962112;1177407488;0;0;0;0;0;0;0;0;0;0;0;1543;0;0;98;0;92;0;
3010;1863865;1047367680;15962112;1177407488;0;0;0;0;0;0;0;0;0;0;0;1653;0;0;98;0;92;0;
3011;1673548;1047367680;15962112;1177407488;0;0;0;0;0;0;0;0;0;0;0;1232;0;0;98;0;92;0;
3012;1723202;1047367680;15962112;1177407488;0;0;0;0;0;0;0;0;0;0;0;1873;0;0;98;0;92;0;
3013;1829642;1047367680;15962112;1177407488;0;0;0;0;0;0;0;0;0;0;0;1443;0;0;98;0;92;0;
3014;5407260;1047367680;15962112;1177407488;0;0;0;0;0;0;0;0;0;0;0;1513;0;0;98;0;92;0;
3015;3815997;1047367680;15962112;1177407488;0;0;0;0;0;0;0;0;0;0;0;2766;0;0;98;0;92;0;
3016;5074767;1053921280;15962112;1194184704;0;0;0;0;0;0;0;0;0;0;0;3707;0;0;99;0;92;0;
3017;2381997;1053921280;15962112;1194184704;0;0;0;0;0;0;0;0;0;0;0;1733;0;0;99;0;92;0;
3018;2334648;1053921280;15962112;1194184704;0;0;0;0;0;0;0;0;0;0;0;1613;0;0;99;0;92;0;
3019;1890886;1053921280;15962112;1194184704;0;0;0;0;0;0;0;0;0;0;0;1473;0;0;99;0;92;0;
3020;2269376;1053921280;15962112;1194184704;0;0;0;0;0;0;0;0;0;0;0;1563;0;0;99;0;92;0;
3021;2099077;1053921280;15962112;1194184704;0;0;0;0;0;0;0;0;0;0;0;1423;0;0;99;0;92;0;
3022;1156489;1053921280;15962112;1194184704;0;0;0;0;0;0;0;0;0;0;0;1433;0;0;99;0;92;0;
3023;2845075;1053921280;15962112;1194184704;0;0;0;0;0;0;0;0;0;0;0;1543;0;0;99;0;92;0;
3024;2018635;1053921280;15962112;1194184704;0;0;0;0;0;0;0;0;0;0;0;2134;0;0;99;0;92;0;
3025;2248246;1053921280;15962112;1194184704;0;0;0;0;0;0;0;0;0;0;0;1763;0;0;99;0;92;0;
3026;2038543;1053921280;15962112;1194184704;0;0;0;0;0;0;0;0;0;0;0;1523;0;0;99;0;92;0;
3027;2562736;1053921280;15962112;1194184704;0;0;0;0;0;0;0;0;0;0;0;1482;0;0;99;0;92;0;
3028;4963098;1057951744;15962112;1194184704;0;0;0;0;0;0;0;0;0;0;0;3146;0;0;100;0;92;0;
3029;3322631;1057951744;15962112;1194184704;0;0;0;0;0;0;0;0;0;0;0;1933;0;0;100;0;92;0;
3030;2026160;1057951744;15962112;1194184704;0;0;0;0;0;0;0;0;0;0;0;1733;0;0;100;0;92;0;
3031;2129304;1057951744;15962112;1194184704;0;0;0;0;0;0;0;0;0;0;0;1583;0;0;100;0;92;0;
3032;1787232;1057951744;15962112;1194184704;0;0;0;0;0;0;0;0;0;0;0;1393;0;0;100;0;92;0;
3033;1643462;1057951744;15962112;1194184704;0;0;0;0;0;0;0;0;0;0;0;1633;0;0;100;0;92;0;
3034;1437025;1057951744;15962112;1194184704;0;0;0;0;0;0;0;0;0;0;0;1472;0;0;100;0;92;0;
3035;4739849;1057951744;15962112;1194184704;0;0;0;0;0;0;0;0;0;0;0;1673;0;0;100;0;92;0;
3036;21732988;1057951744;15962112;1194184704;0;0;0;0;0;0;0;0;0;0;0;3296;0;0;100;0;92;0;
3037;5085798;1062199296;15962112;1194184704;0;0;0;0;0;0;0;0;0;0;0;2325;0;0;101;0;92;0;
3038;3022909;1062199296;15962112;1194184704;0;0;0;0;0;0;0;0;0;0;0;2435;0;0;101;0;92;0;
3039;3132133;1062199296;15962112;1194184704;0;0;0;0;0;0;0;0;0;0;0;1823;0;0;101;0;92;0;
3040;1490184;1062199296;15962112;1194184704;0;0;0;0;0;0;0;0;0;0;0;1663;0;0;101;0;92;0;
3041;1937754;1062199296;15962112;1194184704;0;0;0;0;0;0;0;0;0;0;0;1512;0;0;101;0;92;0;
3042;2080582;1062199296;15962112;1194184704;0;0;0;0;0;0;0;0;0;0;0;1713;0;0;101;0;92;0;
3043;2414639;1062199296;15962112;1194184704;0;0;0;0;0;0;0;0;0;0;0;1613;0;0;101;0;92;0;
3044;3381411;1066450944;15962112;1194184704;0;0;0;0;0;0;0;0;0;0;0;2906;0;0;102;0;92;0;
3045;1721879;1066450944;15962112;1194184704;0;0;0;0;0;0;0;0;0;0;0;1713;0;0;102;0;92;0;
3046;2327796;1066450944;15962112;1194184704;0;0;0;0;0;0;0;0;0;0;0;1733;0;0;102;0;92;0;
3047;2156124;1066450944;15962112;1194184704;0;0;0;0;0;0;0;0;0;0;0;1694;0;0;102;0;92;0;
3048;1097108;1066450944;15962112;1194184704;0;0;0;0;0;0;0;0;0;0;0;1984;0;0;102;0;92;0;
3049;1431494;1066450944;15962112;1194184704;0;0;0;0;0;0;0;0;0;0;0;1624;0;0;102;0;92;0;
3050;1411557;1066450944;15962112;1194184704;0;0;0;0;0;0;0;0;0;0;0;1993;0;0;102;0;92;0;
3051;2057779;1066450944;15962112;1194184704;0;0;0;0;0;0;0;0;0;0;0;1542;0;0;102;0;92;0;
3052;1878052;1066450944;15962112;1194184704;0;0;0;0;0;0;0;0;0;0;0;1663;0;0;102;0;92;0;
3053;1941521;1066450944;15962112;1194184704;0;0;0;0;0;0;0;0;0;0;0;1724;0;0;102;0;92;0;
3054;1739452;1066450944;15962112;1194184704;0;0;0;0;0;0;0;0;0;0;0;1673;0;0;102;0;92;0;
3055;4514035;1066450944;15962112;1194184704;0;0;0;0;0;0;0;0;0;0;0;1913;0;0;102;0;92;0;
3056;2981502;1066450944;15962112;1194184704;0;0;0;0;0;0;0;0;0;0;0;3396;0;0;102;0;92;0;
3057;1879825;1066450944;15962112;1194184704;0;0;0;0;0;0;0;0;0;0;0;2004;0;0;102;0;92;0;
3058;1659663;1066450944;15962112;1194184704;0;0;0;0;0;0;0;0;0;0;0;1904;0;0;102;0;92;0;
3059;2568787;1066450944;15962112;1194184704;0;0;0;0;0;0;0;0;0;0;0;2524;0;0;102;0;95;0;
3060;1854738;1066450944;15962112;1194184704;0;0;0;0;0;0;0;0;0;0;0;1803;0;0;102;0;95;0;
3061;1233403;1066450944;15962112;1194184704;0;0;0;0;0;0;0;0;0;0;0;2054;0;0;102;0;95;0;
3062;2032792;1066450944;15962112;1194184704;0;0;0;0;0;0;0;0;0;0;0;1814;0;0;102;0;95;0;
3063;2286108;1066450944;15962112;1194184704;0;0;0;0;0;0;0;0;0;0;0;1704;0;0;102;0;95;0;
3064;1653591;1066450944;15962112;1194184704;0;0;0;0;0;0;0;0;0;0;0;1553;0;0;102;0;95;0;
3065;1909711;1066450944;15962112;1194184704;0;0;0;0;0;0;0;0;0;0;0;1843;0;0;102;0;95;0;
3066;1856211;1066450944;15962112;1194184704;0;0;0;0;0;0;0;0;0;0;0;1754;0;0;102;0;95;0;
3067;2123022;1066450944;15962112;1194184704;0;0;0;0;0;0;0;0;0;0;0;1803;0;0;102;0;95;0;
3068;1788254;1066450944;15962112;1194184704;0;0;0;0;0;0;0;0;0;0;0;2134;0;0;102;0;95;0;
3069;2087605;1066450944;15962112;1194184704;0;0;0;0;0;0;0;0;0;0;0;2635;0;0;102;0;95;0;
3070;2275768;1066450944;15962112;1194184704;0;0;0;0;0;0;0;0;0;0;0;2164;0;0;102;0;95;0;
3071;2446268;1066450944;15962112;1194184704;0;0;0;0;0;0;0;0;0;0;0;1683;0;0;102;0;95;0;
3072;2154250;1066450944;15962112;1194184704;0;0;0;0;0;0;0;0;0;0;0;1833;0;0;102;0;95;0;
3073;1793965;1066450944;15962112;1194184704;0;0;0;0;0;0;0;0;0;0;0;2074;0;0;102;0;95;0;
3074;2369083;1066450944;15962112;1194184704;0;0;0;0;0;0;0;0;0;0;0;1784;0;0;102;0;95;0;
3075;4681169;1066450944;15962112;1194184704;0;0;0;0;0;0;0;0;0;0;0;1803;0;0;102;0;95;0;
3076;3221832;1066450944;15962112;1194184704;0;0;0;0;0;0;0;0;0;0;0;2154;0;0;102;0;95;0;
3077;2245812;1066450944;15962112;1194184704;0;0;0;0;0;0;0;0;0;0;0;1824;0;0;102;0;95;0;
3078;2036670;1066450944;15962112;1194184704;0;0;0;0;0;0;0;0;0;0;0;1663;0;0;102;0;95;0;
3079;2673023;1066450944;15962112;1194184704;0;0;0;0;0;0;0;0;0;0;0;1884;0;0;102;0;95;0;
3080;2572464;1066450944;15962112;1194184704;0;0;0;0;0;0;0;0;0;0;0;1874;0;0;102;0;95;0;
3081;2646944;1066450944;15962112;1194184704;0;0;0;0;0;0;0;0;0;0;0;1683;0;0;102;0;95;0;
3082;2249508;1066450944;15962112;1194184704;0;0;0;0;0;0;0;0;0;0;0;1954;0;0;102;0;95;0;
3083;2389201;1066450944;15962112;1194184704;0;0;0;0;0;0;0;0;0;0;0;1593;0;0;102;0;95;0;
3084;2435557;1066450944;15962112;1194184704;0;0;0;0;0;0;0;0;0;0;0;2355;0;0;102;0;95;0;
3085;1749141;1066450944;15962112;1194184704;0;0;0;0;0;0;0;0;0;0;0;1593;0;0;102;0;95;0;
3086;1927955;1066450944;15962112;1194184704;0;0;0;0;0;0;0;0;0;0;0;1703;0;0;102;0;95;0;
3087;5129590;1070505984;15962112;1194184704;0;0;0;0;0;0;0;0;0;0;0;2204;0;0;103;0;95;0;
3088;2550143;1070505984;15962112;1194184704;0;0;0;0;0;0;0;0;0;0;0;1753;0;0;103;0;95;0;
3089;2323848;1070505984;15962112;1194184704;0;0;0;0;0;0;0;0;0;0;0;1653;0;0;103;0;95;0;
3090;2163959;1070505984;15962112;1194184704;0;0;0;0;0;0;0;0;0;0;0;1683;0;0;103;0;95;0;
3091;2630704;1070505984;15962112;1194184704;0;0;0;0;0;0;0;0;0;0;0;1573;0;0;103;0;95;0;
3092;4221657;1074561024;15962112;1194184704;0;0;0;0;0;0;0;0;0;0;0;2465;0;0;104;0;95;0;
3093;1689919;1074561024;15962112;1194184704;0;0;0;0;0;0;0;0;0;0;0;1923;0;0;104;0;95;0;
3094;1921914;1074561024;15962112;1194184704;0;0;0;0;0;0;0;0;0;0;0;1643;0;0;104;0;95;0;
3095;4866016;1074561024;15962112;1194184704;0;0;0;0;0;0;0;0;0;0;0;65613;0;0;104;0;95;0;
3096;3145038;1074561024;15962112;1194184704;0;0;0;0;0;0;0;0;0;0;0;2144;0;0;104;0;95;0;
3097;2197120;1074561024;15962112;1194184704;0;0;0;0;0;0;0;0;0;0;0;1934;0;0;104;0;95;0;
3098;2114706;1074561024;15962112;1194184704;0;0;0;0;0;0;0;0;0;0;0;1703;0;0;104;0;95;0;
3099;1753990;1074561024;15962112;1194184704;0;0;0;0;0;0;0;0;0;0;0;1653;0;0;104;0;95;0;
3100;2107212;1074561024;15962112;1194184704;0;0;0;0;0;0;0;0;0;0;0;1683;0;0;104;0;95;0;
3101;2083547;1074561024;15962112;1194184704;0;0;0;0;0;0;0;0;0;0;0;1583;0;0;104;0;95;0;
3102;1797982;1074561024;15962112;1194184704;0;0;0;0;0;0;0;0;0;0;0;1593;0;0;104;0;95;0;
3103;1751425;1074561024;15962112;1194184704;0;0;0;0;0;0;0;0;0;0;0;1824;0;0;104;0;95;0;
3104;2314471;1074561024;15962112;1194184704;0;0;0;0;0;0;0;0;0;0;0;1603;0;0;104;0;95;0;
3105;3076940;1074561024;15962112;1194184704;0;0;0;0;0;0;0;0;0;0;0;1814;0;0;104;0;95;0;
3106;2800643;1074561024;15962112;1194184704;0;0;0;0;0;0;0;0;0;0;0;1453;0;0;104;0;95;0;
3107;2506641;1074561024;15962112;1194184704;0;0;0;0;0;0;0;0;0;0;0;1242;0;0;104;0;95;0;
3108;2796835;1074561024;15962112;1194184704;0;0;0;0;0;0;0;0;0;0;0;1573;0;0;104;0;95;0;
3109;2412303;1074561024;15962112;1194184704;0;0;0;0;0;0;0;0;0;0;0;1653;0;0;104;0;95;0;
3110;2748435;1074561024;15962112;1194184704;0;0;0;0;0;0;0;0;0;0;0;2164;0;0;104;0;95;0;
3111;2002395;1074561024;15962112;1194184704;0;0;0;0;0;0;0;0;0;0;0;1813;0;0;104;0;95;0;
3112;2842581;1074561024;15962112;1194184704;0;0;0;0;0;0;0;0;0;0;0;1783;0;0;104;0;95;0;
3113;2124083;1074561024;15962112;1194184704;0;0;0;0;0;0;0;0;0;0;0;1993;0;0;104;0;95;0;
3114;2055706;1074561024;15962112;1194184704;0;0;0;0;0;0;0;0;0;0;0;1803;0;0;104;0;95;0;
3115;2037381;1074561024;15962112;1194184704;0;0;0;0;0;0;0;0;0;0;0;1933;0;0;104;0;95;0;
3116;4930226;1074561024;15962112;1194184704;0;0;0;0;0;0;0;0;0;0;0;1824;0;0;104;0;95;0;
3117;3497228;1074561024;15962112;1194184704;0;0;0;0;0;0;0;0;0;0;0;1994;0;0;104;0;95;0;
3118;2247475;1074561024;15962112;1194184704;0;0;0;0;0;0;0;0;0;0;0;1653;0;0;104;0;95;0;
3119;2644088;1074561024;15962112;1194184704;0;0;0;0;0;0;0;0;0;0;0;1693;0;0;104;0;95;0;
3120;2307247;1074561024;15962112;1194184704;0;0;0;0;0;0;0;0;0;0;0;1744;0;0;104;0;95;0;
3121;2435187;1074561024;15962112;1194184704;0;0;0;0;0;0;0;0;0;0;0;23373;0;0;104;0;95;0;
3122;2319590;1074561024;15962112;1194184704;0;0;0;0;0;0;0;0;0;0;0;1894;0;0;104;0;95;0;
3123;2374043;1074561024;15962112;1194184704;0;0;0;0;0;0;0;0;0;0;0;1954;0;0;104;0;95;0;
3124;3349091;1074561024;15962112;1194184704;0;0;0;0;0;0;0;0;0;0;0;2174;0;0;104;0;95;0;
3125;2561264;1074561024;15962112;1194184704;0;0;0;0;0;0;0;0;0;0;0;2004;0;0;104;0;95;0;
3126;2132810;1074561024;15962112;1194184704;0;0;0;0;0;0;0;0;0;0;0;1923;0;0;104;0;95;0;
3127;1221912;1074561024;15962112;1194184704;0;0;0;0;0;0;0;0;0;0;0;1813;0;0;104;0;95;0;
3128;1974343;1074561024;15962112;1194184704;0;0;0;0;0;0;0;0;0;0;0;1653;0;0;104;0;95;0;
3129;2241514;1074561024;15962112;1194184704;0;0;0;0;0;0;0;0;0;0;0;1623;0;0;104;0;95;0;
3130;1485085;1074561024;15962112;1194184704;0;0;0;0;0;0;0;0;0;0;0;1553;0;0;104;0;95;0;
3131;2177163;1074561024;15962112;1194184704;0;0;0;0;0;0;0;0;0;0;0;1483;0;0;104;0;95;0;
3132;1815024;1074561024;15962112;1194184704;0;0;0;0;0;0;0;0;0;0;0;1503;0;0;104;0;95;0;
3133;1609899;1074561024;15962112;1194184704;0;0;0;0;0;0;0;0;0;0;0;1863;0;0;104;0;95;0;
3134;1242089;1074561024;15962112;1194184704;0;0;0;0;0;0;0;0;0;0;0;1523;0;0;104;0;95;0;
3135;1984993;1074561024;15962112;1194184704;0;0;0;0;0;0;0;0;0;0;0;1733;0;0;104;0;95;0;
3136;5916186;1074561024;15962112;1194184704;0;0;0;0;0;0;0;0;0;0;0;1713;0;0;104;0;95;0;
3137;3435342;1074561024;15962112;1194184704;0;0;0;0;0;0;0;0;0;0;0;1723;0;0;104;0;95;0;
3138;1726748;1074561024;15962112;1194184704;0;0;0;0;0;0;0;0;0;0;0;1794;0;0;104;0;95;0;
3139;2163938;1074561024;15962112;1194184704;0;0;0;0;0;0;0;0;0;0;0;1713;0;0;104;0;95;0;
3140;2065563;1074561024;15962112;1194184704;0;0;0;0;0;0;0;0;0;0;0;1523;0;0;104;0;95;0;
3141;2518443;1074561024;15962112;1194184704;0;0;0;0;0;0;0;0;0;0;0;1663;0;0;104;0;95;0;
3142;2708119;1074561024;15962112;1194184704;0;0;0;0;0;0;0;0;0;0;0;1924;0;0;104;0;95;0;
3143;1560577;1074561024;15962112;1194184704;0;0;0;0;0;0;0;0;0;0;0;1493;0;0;104;0;95;0;
3144;1913148;1074561024;15962112;1194184704;0;0;0;0;0;0;0;0;0;0;0;1643;0;0;104;0;95;0;
3145;2409439;1074561024;15962112;1194184704;0;0;0;0;0;0;0;0;0;0;0;1523;0;0;104;0;95;0;
3146;2365216;1074561024;15962112;1194184704;0;0;0;0;0;0;0;0;0;0;0;2043;0;0;104;0;95;0;
3147;3975335;1082990592;15962112;1210961920;0;0;0;0;0;0;0;0;0;0;0;3456;0;0;105;0;95;0;
3148;2175190;1082990592;15962112;1210961920;0;0;0;0;0;0;0;0;0;0;0;1704;0;0;105;0;95;0;
3149;2573436;1082990592;15962112;1210961920;0;0;0;0;0;0;0;0;0;0;0;1523;0;0;105;0;95;0;
3150;1651327;1082990592;15962112;1210961920;0;0;0;0;0;0;0;0;0;0;0;1803;0;0;105;0;95;0;
3151;1564023;1082990592;15962112;1210961920;0;0;0;0;0;0;0;0;0;0;0;1643;0;0;105;0;95;0;
3152;2375394;1082990592;15962112;1210961920;0;0;0;0;0;0;0;0;0;0;0;1703;0;0;105;0;95;0;
3153;2652936;1082990592;15962112;1210961920;0;0;0;0;0;0;0;0;0;0;0;1623;0;0;105;0;95;0;
3154;1865869;1082990592;15962112;1210961920;0;0;0;0;0;0;0;0;0;0;0;1553;0;0;105;0;95;0;
3155;1948605;1082990592;15962112;1210961920;0;0;0;0;0;0;0;0;0;0;0;1814;0;0;105;0;95;0;
3156;1641789;1082990592;15962112;1210961920;0;0;0;0;0;0;0;0;0;0;0;1553;0;0;105;0;95;0;
3157;4619964;1082990592;15962112;1210961920;0;0;0;0;0;0;0;0;0;0;0;1814;0;0;105;0;95;0;
3158;3020775;1082990592;15962112;1210961920;0;0;0;0;0;0;0;0;0;0;0;2525;0;0;105;0;95;0;
3159;2193233;1082990592;15962112;1210961920;0;0;0;0;0;0;0;0;0;0;0;1944;0;0;105;0;95;0;
3160;1710407;1082990592;15962112;1210961920;0;0;0;0;0;0;0;0;0;0;0;1773;0;0;105;0;95;0;
3161;2286919;1082990592;15962112;1210961920;0;0;0;0;0;0;0;0;0;0;0;1643;0;0;105;0;95;0;
3162;2345058;1082990592;15962112;1210961920;0;0;0;0;0;0;0;0;0;0;0;2084;0;0;105;0;95;0;
3163;1746655;1082990592;15962112;1210961920;0;0;0;0;0;0;0;0;0;0;0;1954;0;0;105;0;95;0;
3164;1684369;1082990592;15962112;1210961920;0;0;0;0;0;0;0;0;0;0;0;1763;0;0;105;0;95;0;
3165;1928617;1082990592;15962112;1210961920;0;0;0;0;0;0;0;0;0;0;0;1783;0;0;105;0;95;0;
3166;1751915;1082990592;15962112;1210961920;0;0;0;0;0;0;0;0;0;0;0;4729;0;0;105;0;95;0;
3167;2238758;1082990592;15962112;1210961920;0;0;0;0;0;0;0;0;0;0;0;1372;0;0;105;0;95;0;
3168;1838027;1082990592;15962112;1210961920;0;0;0;0;0;0;0;0;0;0;0;1824;0;0;105;0;95;0;
3169;2238248;1082990592;15962112;1210961920;0;0;0;0;0;0;0;0;0;0;0;2385;0;0;105;0;98;0;
3170;2662743;1082990592;15962112;1210961920;0;0;0;0;0;0;0;0;0;0;0;1633;0;0;105;0;98;0;
3171;2008537;1082990592;15962112;1210961920;0;0;0;0;0;0;0;0;0;0;0;1573;0;0;105;0;98;0;
3172;2200146;1082990592;15962112;1210961920;0;0;0;0;0;0;0;0;0;0;0;1503;0;0;105;0;98;0;
3173;2032872;1082990592;15962112;1210961920;0;0;0;0;0;0;0;0;0;0;0;1773;0;0;105;0;98;0;
3174;2852810;1082990592;15962112;1210961920;0;0;0;0;0;0;0;0;0;0;0;1583;0;0;105;0;98;0;
3175;1862984;1082990592;15962112;1210961920;0;0;0;0;0;0;0;0;0;0;0;2034;0;0;105;0;98;0;
3176;1731207;1082990592;15962112;1210961920;0;0;0;0;0;0;0;0;0;0;0;1673;0;0;105;0;98;0;
3177;1733390;1082990592;15962112;1210961920;0;0;0;0;0;0;0;0;0;0;0;1853;0;0;105;0;98;0;
3178;4905599;1082990592;15962112;1210961920;0;0;0;0;0;0;0;0;0;0;0;1503;0;0;105;0;98;0;
3179;2790894;1082990592;15962112;1210961920;0;0;0;0;0;0;0;0;0;0;0;1824;0;0;105;0;98;0;
3180;1596464;1082990592;15962112;1210961920;0;0;0;0;0;0;0;0;0;0;0;1864;0;0;105;0;98;0;
3181;1653541;1082990592;15962112;1210961920;0;0;0;0;0;0;0;0;0;0;0;2094;0;0;105;0;98;0;
3182;1917567;1082990592;15962112;1210961920;0;0;0;0;0;0;0;0;0;0;0;1543;0;0;105;0;98;0;
3183;2417243;1082990592;15962112;1210961920;0;0;0;0;0;0;0;0;0;0;0;1573;0;0;105;0;98;0;
3184;2515828;1082990592;15962112;1210961920;0;0;0;0;0;0;0;0;0;0;0;2204;0;0;105;0;98;0;
3185;2253086;1082990592;15962112;1210961920;0;0;0;0;0;0;0;0;0;0;0;1754;0;0;105;0;98;0;
3186;1861591;1082990592;15962112;1210961920;0;0;0;0;0;0;0;0;0;0;0;93756;0;0;105;0;98;0;
3187;2258545;1083105280;15958016;1210957824;0;0;0;0;0;0;0;0;0;0;0;1573;0;0;105;0;98;0;
3188;1774177;1083105280;15958016;1210957824;0;0;0;0;0;0;0;0;0;0;0;1864;0;0;105;0;98;0;
3189;1635327;1083105280;15958016;1210957824;0;0;0;0;0;0;0;0;0;0;0;2114;0;0;105;0;98;0;
3190;2225744;1083105280;15958016;1210957824;0;0;0;0;0;0;0;0;0;0;0;1493;0;0;105;0;98;0;
3191;2945153;1083105280;15958016;1210957824;0;0;0;0;0;0;0;0;0;0;0;1794;0;0;105;0;98;0;
3192;1504111;1083105280;15958016;1210957824;0;0;0;0;0;0;0;0;0;0;0;1573;0;0;105;0;98;0;
3193;2066325;1083105280;15958016;1210957824;0;0;0;0;0;0;0;0;0;0;0;1463;0;0;105;0;98;0;
3194;1838227;1083105280;15958016;1210957824;0;0;0;0;0;0;0;0;0;0;0;1533;0;0;105;0;98;0;
3195;3509131;1083105280;15958016;1210957824;0;0;0;0;0;0;0;0;0;0;0;2214;0;0;105;0;98;0;
3196;2020870;1083105280;15958016;1210957824;0;0;0;0;0;0;0;0;0;0;0;1883;0;0;105;0;98;0;
3197;1772885;1083105280;15958016;1210957824;0;0;0;0;0;0;0;0;0;0;0;1543;0;0;105;0;98;0;
3198;3484305;1083105280;15958016;1210957824;0;0;0;0;0;0;0;0;0;0;0;1673;0;0;105;0;98;0;
3199;5489806;1083105280;15958016;1210957824;0;0;0;0;0;0;0;0;0;0;0;1943;0;0;105;0;98;0;
3200;3391550;1083105280;15958016;1210957824;0;0;0;0;0;0;0;0;0;0;0;2154;0;0;105;0;98;0;
3201;3047916;1083105280;15958016;1210957824;0;0;0;0;0;0;0;0;0;0;0;2194;0;0;105;0;98;0;
3202;2651533;1083105280;15958016;1210957824;0;0;0;0;0;0;0;0;0;0;0;1493;0;0;105;0;98;0;
3203;2074801;1083105280;15958016;1210957824;0;0;0;0;0;0;0;0;0;0;0;1834;0;0;105;0;98;0;
3204;2203613;1083105280;15958016;1210957824;0;0;0;0;0;0;0;0;0;0;0;1572;0;0;105;0;98;0;
3205;1951670;1083105280;15958016;1210957824;0;0;0;0;0;0;0;0;0;0;0;1653;0;0;105;0;98;0;
3206;2146285;1083105280;15958016;1210957824;0;0;0;0;0;0;0;0;0;0;0;1944;0;0;105;0;98;0;
3207;2047009;1083105280;15958016;1210957824;0;0;0;0;0;0;0;0;0;0;0;2084;0;0;105;0;98;0;
3208;2499969;1083105280;15958016;1210957824;0;0;0;0;0;0;0;0;0;0;0;1884;0;0;105;0;98;0;
3209;1596614;1083105280;15958016;1210957824;0;0;0;0;0;0;0;0;0;0;0;1774;0;0;105;0;98;0;
3210;1990482;1083105280;15958016;1210957824;0;0;0;0;0;0;0;0;0;0;0;1703;0;0;105;0;98;0;
3211;1947393;1083105280;15958016;1210957824;0;0;0;0;0;0;0;0;0;0;0;2275;0;0;105;0;98;0;
3212;2729148;1083105280;15958016;1210957824;0;0;0;0;0;0;0;0;0;0;0;1873;0;0;105;0;98;0;
3213;1846252;1083105280;15958016;1210957824;0;0;0;0;0;0;0;0;0;0;0;1863;0;0;105;0;98;0;
3214;1947712;1083105280;15958016;1210957824;0;0;0;0;0;0;0;0;0;0;0;1853;0;0;105;0;98;0;
3215;1571758;1083105280;15958016;1210957824;0;0;0;0;0;0;0;0;0;0;0;1482;0;0;105;0;98;0;
3216;3874255;1083105280;15958016;1210957824;0;0;0;0;0;0;0;0;0;0;0;1543;0;0;105;0;98;0;
3217;2580360;1083105280;15958016;1210957824;0;0;0;0;0;0;0;0;0;0;0;2084;0;0;105;0;98;0;
3218;2630053;1083105280;15958016;1210957824;0;0;0;0;0;0;0;0;0;0;0;1934;0;0;105;0;98;0;
3219;1921474;1083105280;15958016;1210957824;0;0;0;0;0;0;0;0;0;0;0;1944;0;0;105;0;98;0;
3220;5276605;1083105280;15958016;1210957824;0;0;0;0;0;0;0;0;0;0;0;1844;0;0;105;0;98;0;
3221;3544938;1083105280;15962112;1210961920;0;0;0;0;0;0;0;0;0;0;0;2154;0;0;105;0;98;0;
3222;2771046;1083105280;15962112;1210961920;0;0;0;0;0;0;0;0;0;0;0;2215;0;0;105;0;98;0;
3223;2331743;1083105280;15962112;1210961920;0;0;0;0;0;0;0;0;0;0;0;2134;0;0;105;0;98;0;
3224;2216436;1083105280;15962112;1210961920;0;0;0;0;0;0;0;0;0;0;0;1794;0;0;105;0;98;0;
3225;2212920;1083105280;15962112;1210961920;0;0;0;0;0;0;0;0;0;0;0;1803;0;0;105;0;98;0;
3226;2644830;1083105280;15962112;1210961920;0;0;0;0;0;0;0;0;0;0;0;2194;0;0;105;0;98;0;
3227;1952151;1083105280;15962112;1210961920;0;0;0;0;0;0;0;0;0;0;0;1523;0;0;105;0;98;0;
3228;2381637;1083105280;15962112;1210961920;0;0;0;0;0;0;0;0;0;0;0;1874;0;0;105;0;98;0;
3229;2617248;1083105280;15962112;1210961920;0;0;0;0;0;0;0;0;0;0;0;1694;0;0;105;0;98;0;
3230;2371087;1083105280;15962112;1210961920;0;0;0;0;0;0;0;0;0;0;0;1523;0;0;105;0;98;0;
3231;2508715;1083105280;15962112;1210961920;0;0;0;0;0;0;0;0;0;0;0;1663;0;0;105;0;98;0;
3232;2235122;1083105280;15962112;1210961920;0;0;0;0;0;0;0;0;0;0;0;1613;0;0;105;0;98;0;
3233;2518303;1083105280;15962112;1210961920;0;0;0;0;0;0;0;0;0;0;0;1643;0;0;105;0;98;0;
3234;2067768;1083105280;15962112;1210961920;0;0;0;0;0;0;0;0;0;0;0;23985;0;0;105;0;98;0;
3235;2661131;1083105280;15962112;1210961920;0;0;0;0;0;0;0;0;0;0;0;1683;0;0;105;0;98;0;
3236;3825845;1087299584;15962112;1227739136;0;0;0;0;0;0;0;0;0;0;0;2324;0;0;105;0;98;0;
3237;2744948;1087299584;15962112;1227739136;0;0;0;0;0;0;0;0;0;0;0;2344;0;0;105;0;98;0;
3238;2164279;1087299584;15962112;1227739136;0;0;0;0;0;0;0;0;0;0;0;2294;0;0;105;0;98;0;
3239;2013456;1087299584;15962112;1227739136;0;0;0;0;0;0;0;0;0;0;0;1753;0;0;105;0;98;0;
3240;2009969;1087299584;15962112;1227739136;0;0;0;0;0;0;0;0;0;0;0;1462;0;0;105;0;98;0;
3241;5711131;1087299584;15962112;1227739136;0;0;0;0;0;0;0;0;0;0;0;1573;0;0;105;0;98;0;
3242;5432147;1091526656;15962112;1227739136;0;0;0;0;0;0;0;0;0;0;0;3346;0;0;106;0;102;0;
3243;2733086;1091526656;15962112;1227739136;0;0;0;0;0;0;0;0;0;0;0;1763;0;0;106;0;102;0;
3244;1962931;1091526656;15962112;1227739136;0;0;0;0;0;0;0;0;0;0;0;1563;0;0;106;0;102;0;
3245;1975735;1091526656;15962112;1227739136;0;0;0;0;0;0;0;0;0;0;0;1773;0;0;106;0;102;0;
3246;3356835;1091526656;15962112;1227739136;0;0;0;0;0;0;0;0;0;0;0;50385;0;0;106;0;102;0;
3247;4918865;1098084352;15962112;1244516352;0;0;0;0;0;0;0;0;0;0;0;24836;0;0;107;0;102;0;
3248;2333767;1098084352;15962112;1244516352;0;0;0;0;0;0;0;0;0;0;0;1733;0;0;107;0;102;0;
3249;2329589;1098084352;15962112;1244516352;0;0;0;0;0;0;0;0;0;0;0;1874;0;0;107;0;102;0;
3250;2554360;1098084352;15962112;1244516352;0;0;0;0;0;0;0;0;0;0;0;1613;0;0;107;0;102;0;
3251;2286347;1098084352;15962112;1244516352;0;0;0;0;0;0;0;0;0;0;0;1833;0;0;107;0;102;0;
3252;2392197;1098084352;15962112;1244516352;0;0;0;0;0;0;0;0;0;0;0;1673;0;0;107;0;102;0;
3253;3933908;1102307328;15962112;1244516352;0;0;0;0;0;0;0;0;0;0;0;3256;0;0;108;0;102;0;
3254;8482017;1102307328;15962112;1244516352;0;0;0;0;0;0;0;0;0;0;0;1703;0;0;108;0;102;0;
3255;1946901;1102307328;15962112;1244516352;0;0;0;0;0;0;0;0;0;0;0;1913;0;0;108;0;102;0;
3256;4125968;1106358272;15962112;1244516352;0;0;0;0;0;0;0;0;0;0;0;1884;0;0;109;0;102;0;
3257;2596750;1106358272;15962112;1244516352;0;0;0;0;0;0;0;0;0;0;0;1844;0;0;109;0;102;0;
3258;2576622;1106358272;15962112;1244516352;0;0;0;0;0;0;0;0;0;0;0;1944;0;0;109;0;102;0;
3259;1938715;1106358272;15962112;1244516352;0;0;0;0;0;0;0;0;0;0;0;2385;0;0;109;0;102;0;
3260;2201248;1106358272;15962112;1244516352;0;0;0;0;0;0;0;0;0;0;0;1393;0;0;109;0;102;0;
3261;2389882;1106358272;15962112;1244516352;0;0;0;0;0;0;0;0;0;0;0;1803;0;0;109;0;102;0;
3262;5421397;1106358272;15962112;1244516352;0;0;0;0;0;0;0;0;0;0;0;1803;0;0;109;0;102;0;
3263;3280082;1106358272;15962112;1244516352;0;0;0;0;0;0;0;0;0;0;0;2454;0;0;109;0;102;0;
3264;3345654;1106358272;15962112;1244516352;0;0;0;0;0;0;0;0;0;0;0;2925;0;0;109;0;102;0;
3265;3348710;1106358272;15962112;1244516352;0;0;0;0;0;0;0;0;0;0;0;2404;0;0;109;0;102;0;
3266;4469873;1106358272;15962112;1244516352;0;0;0;0;0;0;0;0;0;0;0;27030;0;0;109;0;102;0;
3267;2962386;1106358272;15962112;1244516352;0;0;0;0;0;0;0;0;0;0;0;2043;0;0;109;0;102;0;
3268;2943230;1106358272;15962112;1244516352;0;0;0;0;0;0;0;0;0;0;0;2144;0;0;109;0;102;0;
3269;2374763;1106358272;15962112;1244516352;0;0;0;0;0;0;0;0;0;0;0;1924;0;0;109;0;102;0;
3270;3598449;1106358272;15962112;1244516352;0;0;0;0;0;0;0;0;0;0;0;1763;0;0;109;0;102;0;
3271;2258415;1106358272;15962112;1244516352;0;0;0;0;0;0;0;0;0;0;0;1933;0;0;109;0;102;0;
3272;2656312;1106358272;15962112;1244516352;0;0;0;0;0;0;0;0;0;0;0;1914;0;0;109;0;102;0;
3273;2681179;1106358272;15962112;1244516352;0;0;0;0;0;0;0;0;0;0;0;1934;0;0;109;0;102;0;
3274;2897123;1106358272;15962112;1244516352;0;0;0;0;0;0;0;0;0;0;0;57157;0;0;109;0;102;0;
3275;2500269;1106358272;15962112;1244516352;0;0;0;0;0;0;0;0;0;0;0;2114;0;0;109;0;102;0;
3276;2163638;1106358272;15962112;1244516352;0;0;0;0;0;0;0;0;0;0;0;2114;0;0;109;0;102;0;
3277;2482876;1106358272;15962112;1244516352;0;0;0;0;0;0;0;0;0;0;0;1854;0;0;109;0;102;0;
3278;3302002;1106358272;15962112;1244516352;0;0;0;0;0;0;0;0;0;0;0;2274;0;0;109;0;102;0;
3279;2295084;1106358272;15962112;1244516352;0;0;0;0;0;0;0;0;0;0;0;106680;0;0;109;0;102;0;
3280;2389100;1106358272;15962112;1244516352;0;0;0;0;0;0;0;0;0;0;0;2003;0;0;109;0;102;0;
3281;2294483;1106358272;15962112;1244516352;0;0;0;0;0;0;0;0;0;0;0;1643;0;0;109;0;102;0;
3282;5871841;1106358272;15962112;1244516352;0;0;0;0;0;0;0;0;0;0;0;2114;0;0;109;0;102;0;
3283;3381832;1106358272;15962112;1244516352;0;0;0;0;0;0;0;0;0;0;0;2274;0;0;109;0;102;0;
3284;2623179;1106358272;15962112;1244516352;0;0;0;0;0;0;0;0;0;0;0;2224;0;0;109;0;102;0;
3285;2375945;1106358272;15962112;1244516352;0;0;0;0;0;0;0;0;0;0;0;2114;0;0;109;0;102;0;
3286;3081850;1106358272;15962112;1244516352;0;0;0;0;0;0;0;0;0;0;0;1804;0;0;109;0;102;0;
3287;2707227;1106358272;15962112;1244516352;0;0;0;0;0;0;0;0;0;0;0;1964;0;0;109;0;102;0;
3288;2712076;1106358272;15962112;1244516352;0;0;0;0;0;0;0;0;0;0;0;1693;0;0;109;0;102;0;
3289;2648878;1106358272;15962112;1244516352;0;0;0;0;0;0;0;0;0;0;0;1833;0;0;109;0;102;0;
3290;3612625;1106358272;15962112;1244516352;0;0;0;0;0;0;0;0;0;0;0;1833;0;0;109;0;102;0;
3291;2584487;1106358272;15962112;1244516352;0;0;0;0;0;0;0;0;0;0;0;1763;0;0;109;0;102;0;
3292;1735615;1106358272;15962112;1244516352;0;0;0;0;0;0;0;0;0;0;0;2004;0;0;109;0;102;0;
3293;2748284;1106358272;15962112;1244516352;0;0;0;0;0;0;0;0;0;0;0;1693;0;0;109;0;102;0;
3294;2618280;1106358272;15962112;1244516352;0;0;0;0;0;0;0;0;0;0;0;1904;0;0;109;0;102;0;
3295;1881949;1106358272;15962112;1244516352;0;0;0;0;0;0;0;0;0;0;0;1833;0;0;109;0;102;0;
3296;2745910;1106358272;15962112;1244516352;0;0;0;0;0;0;0;0;0;0;0;1984;0;0;109;0;102;0;
3297;1770600;1106358272;15962112;1244516352;0;0;0;0;0;0;0;0;0;0;0;1743;0;0;109;0;102;0;
3298;2722085;1106358272;15962112;1244516352;0;0;0;0;0;0;0;0;0;0;0;1653;0;0;109;0;102;0;
3299;2237997;1106358272;15962112;1244516352;0;0;0;0;0;0;0;0;0;0;0;1733;0;0;109;0;102;0;
3300;1890305;1106358272;15962112;1244516352;0;0;0;0;0;0;0;0;0;0;0;1362;0;0;109;0;102;0;
3301;2364425;1106358272;15962112;1244516352;0;0;0;0;0;0;0;0;0;0;0;2134;0;0;109;0;102;0;
3302;6024297;1106358272;15962112;1244516352;0;0;0;0;0;0;0;0;0;0;0;2615;0;0;109;0;102;0;
3303;4040478;1106358272;15962112;1244516352;0;0;0;0;0;0;0;0;0;0;0;2214;0;0;109;0;102;0;
3304;2352011;1106358272;15962112;1244516352;0;0;0;0;0;0;0;0;0;0;0;1874;0;0;109;0;102;0;
3305;2402195;1106358272;15962112;1244516352;0;0;0;0;0;0;0;0;0;0;0;1903;0;0;109;0;102;0;
3306;3093371;1106358272;15962112;1244516352;0;0;0;0;0;0;0;0;0;0;0;1973;0;0;109;0;102;0;
3307;2528511;1106358272;15962112;1244516352;0;0;0;0;0;0;0;0;0;0;0;1884;0;0;109;0;102;0;
3308;2602230;1106358272;15962112;1244516352;0;0;0;0;0;0;0;0;0;0;0;1733;0;0;109;0;102;0;
3309;3168572;1106358272;15962112;1244516352;0;0;0;0;0;0;0;0;0;0;0;1944;0;0;109;0;102;0;
3310;2724399;1106358272;15962112;1244516352;0;0;0;0;0;0;0;0;0;0;0;1673;0;0;109;0;102;0;
3311;2329098;1106358272;15962112;1244516352;0;0;0;0;0;0;0;0;0;0;0;1723;0;0;109;0;102;0;
3312;2396134;1106358272;15962112;1244516352;0;0;0;0;0;0;0;0;0;0;0;1753;0;0;109;0;102;0;
3313;2893206;1106358272;15962112;1244516352;0;0;0;0;0;0;0;0;0;0;0;1793;0;0;109;0;102;0;
3314;2396004;1106358272;15962112;1244516352;0;0;0;0;0;0;0;0;0;0;0;1723;0;0;109;0;102;0;
3315;2632317;1106358272;15962112;1244516352;0;0;0;0;0;0;0;0;0;0;0;1854;0;0;109;0;102;0;
3316;2292760;1106358272;15962112;1244516352;0;0;0;0;0;0;0;0;0;0;0;1653;0;0;109;0;102;0;
3317;2931969;1106358272;15962112;1244516352;0;0;0;0;0;0;0;0;0;0;0;1713;0;0;109;0;102;0;
3318;2347783;1106358272;15962112;1244516352;0;0;0;0;0;0;0;0;0;0;0;1823;0;0;109;0;102;0;
3319;1791821;1106358272;15962112;1244516352;0;0;0;0;0;0;0;0;0;0;0;1412;0;0;109;0;102;0;
3320;1537092;1106358272;15962112;1244516352;0;0;0;0;0;0;0;0;0;0;0;1443;0;0;109;0;102;0;
3321;4184869;1106358272;15962112;1244516352;0;0;0;0;0;0;0;0;0;0;0;1533;0;0;109;0;102;0;
3322;3304618;1106358272;15962112;1244516352;0;0;0;0;0;0;0;0;0;0;0;2074;0;0;109;0;102;0;
3323;2021171;1106358272;15962112;1244516352;0;0;0;0;0;0;0;0;0;0;0;2104;0;0;109;0;102;0;
3324;2115718;1106358272;15962112;1244516352;0;0;0;0;0;0;0;0;0;0;0;1312;0;0;109;0;102;0;
3325;2445556;1106358272;15962112;1244516352;0;0;0;0;0;0;0;0;0;0;0;1783;0;0;109;0;102;0;
3326;1742899;1106358272;15962112;1244516352;0;0;0;0;0;0;0;0;0;0;0;1503;0;0;109;0;102;0;
3327;1104802;1106358272;15962112;1244516352;0;0;0;0;0;0;0;0;0;0;0;1863;0;0;109;0;102;0;
3328;1419312;1106358272;15962112;1244516352;0;0;0;0;0;0;0;0;0;0;0;1593;0;0;109;0;102;0;
3329;1714335;1106358272;15962112;1244516352;0;0;0;0;0;0;0;0;0;0;0;1573;0;0;109;0;102;0;
3330;2117511;1106358272;15962112;1244516352;0;0;0;0;0;0;0;0;0;0;0;1282;0;0;109;0;102;0;
3331;1994169;1106358272;15962112;1244516352;0;0;0;0;0;0;0;0;0;0;0;1563;0;0;109;0;102;0;
3332;2709381;1106358272;15962112;1244516352;0;0;0;0;0;0;0;0;0;0;0;1703;0;0;109;0;102;0;
3333;1864256;1106358272;15962112;1244516352;0;0;0;0;0;0;0;0;0;0;0;2254;0;0;109;0;102;0;
3334;2660620;1106358272;15962112;1244516352;0;0;0;0;0;0;0;0;0;0;0;1863;0;0;109;0;102;0;
3335;2127520;1106358272;15962112;1244516352;0;0;0;0;0;0;0;0;0;0;0;1542;0;0;109;0;102;0;
3336;3321469;1106358272;15962112;1244516352;0;0;0;0;0;0;0;0;0;0;0;1452;0;0;109;0;102;0;
3337;2007124;1106358272;15962112;1244516352;0;0;0;0;0;0;0;0;0;0;0;1954;0;0;109;0;102;0;
3338;2285236;1106358272;15962112;1244516352;0;0;0;0;0;0;0;0;0;0;0;1182;0;0;109;0;102;0;
3339;1539657;1106358272;15962112;1244516352;0;0;0;0;0;0;0;0;0;0;0;1603;0;0;109;0;102;0;
3340;4787649;1106358272;15962112;1244516352;0;0;0;0;0;0;0;0;0;0;0;1553;0;0;109;0;102;0;
3341;4078299;1106358272;15962112;1244516352;0;0;0;0;0;0;0;0;0;0;0;2305;0;0;109;0;102;0;
3342;1501837;1106358272;15962112;1244516352;0;0;0;0;0;0;0;0;0;0;0;1503;0;0;109;0;102;0;
3343;3098691;1106358272;15962112;1244516352;0;0;0;0;0;0;0;0;0;0;0;1553;0;0;109;0;102;0;
3344;2666922;1106358272;15962112;1244516352;0;0;0;0;0;0;0;0;0;0;0;2043;0;0;109;0;102;0;
3345;2097694;1106358272;15962112;1244516352;0;0;0;0;0;0;0;0;0;0;0;1493;0;0;109;0;102;0;
3346;2620073;1106358272;15962112;1244516352;0;0;0;0;0;0;0;0;0;0;0;1452;0;0;109;0;102;0;
3347;2094618;1106358272;15962112;1244516352;0;0;0;0;0;0;0;0;0;0;0;1674;0;0;109;0;102;0;
3348;1584362;1106358272;15962112;1244516352;0;0;0;0;0;0;0;0;0;0;0;1914;0;0;109;0;102;0;
3349;2814237;1106358272;15962112;1244516352;0;0;0;0;0;0;0;0;0;0;0;2043;0;0;109;0;102;0;
3350;2580319;1106358272;15962112;1244516352;0;0;0;0;0;0;0;0;0;0;0;2214;0;0;109;0;102;0;
3351;2052599;1106358272;15962112;1244516352;0;0;0;0;0;0;0;0;0;0;0;1793;0;0;109;0;102;0;
3352;2188574;1106358272;15962112;1244516352;0;0;0;0;0;0;0;0;0;0;0;1633;0;0;109;0;102;0;
3353;1770711;1106358272;15962112;1244516352;0;0;0;0;0;0;0;0;0;0;0;1653;0;0;109;0;102;0;
3354;2033263;1106358272;15962112;1244516352;0;0;0;0;0;0;0;0;0;0;0;2024;0;0;109;0;102;0;
3355;1842576;1106358272;15962112;1244516352;0;0;0;0;0;0;0;0;0;0;0;1704;0;0;109;0;102;0;
3356;4954081;1106358272;15962112;1244516352;0;0;0;0;0;0;0;0;0;0;0;1192;0;0;109;0;102;0;
3357;3401699;1106358272;15962112;1244516352;0;0;0;0;0;0;0;0;0;0;0;2094;0;0;109;0;102;0;
3358;2713679;1106358272;15962112;1244516352;0;0;0;0;0;0;0;0;0;0;0;2425;0;0;109;0;102;0;
3359;2348725;1106358272;15962112;1244516352;0;0;0;0;0;0;0;0;0;0;0;2074;0;0;109;0;102;0;
3360;2604324;1106358272;15962112;1244516352;0;0;0;0;0;0;0;0;0;0;0;1883;0;0;109;0;102;0;
3361;2193945;1106358272;15962112;1244516352;0;0;0;0;0;0;0;0;0;0;0;1773;0;0;109;0;102;0;
3362;1762365;1106358272;15962112;1244516352;0;0;0;0;0;0;0;0;0;0;0;1663;0;0;109;0;102;0;
3363;2704031;1106358272;15962112;1244516352;0;0;0;0;0;0;0;0;0;0;0;1843;0;0;109;0;102;0;
3364;2059602;1106358272;15962112;1244516352;0;0;0;0;0;0;0;0;0;0;0;1823;0;0;109;0;102;0;
3365;2435197;1106358272;15962112;1244516352;0;0;0;0;0;0;0;0;0;0;0;1683;0;0;109;0;102;0;
3366;2842641;1106358272;15962112;1244516352;0;0;0;0;0;0;0;0;0;0;0;1924;0;0;109;0;102;0;
3367;2211126;1106358272;15962112;1244516352;0;0;0;0;0;0;0;0;0;0;0;2124;0;0;109;0;102;0;
3368;2002626;1106358272;15962112;1244516352;0;0;0;0;0;0;0;0;0;0;0;1813;0;0;109;0;102;0;
3369;2153538;1106358272;15962112;1244516352;0;0;0;0;0;0;0;0;0;0;0;1643;0;0;109;0;102;0;
3370;2997441;1106358272;15962112;1244516352;0;0;0;0;0;0;0;0;0;0;0;1573;0;0;109;0;102;0;
3371;2392968;1106358272;15962112;1244516352;0;0;0;0;0;0;0;0;0;0;0;2074;0;0;109;0;102;0;
3372;2068439;1106358272;15962112;1244516352;0;0;0;0;0;0;0;0;0;0;0;1683;0;0;109;0;102;0;
3373;2265639;1106358272;15962112;1244516352;0;0;0;0;0;0;0;0;0;0;0;2575;0;0;109;0;102;0;
3374;5910043;1106358272;15962112;1244516352;0;0;0;0;0;0;0;0;0;0;0;1643;0;0;109;0;102;0;
3375;2871024;1106358272;15962112;1244516352;0;0;0;0;0;0;0;0;0;0;0;3146;0;0;109;0;102;0;
3376;2497684;1106358272;15962112;1244516352;0;0;0;0;0;0;0;0;0;0;0;2014;0;0;109;0;102;0;
3377;1657418;1106358272;15962112;1244516352;0;0;0;0;0;0;0;0;0;0;0;1703;0;0;109;0;102;0;
3378;2635332;1106358272;15962112;1244516352;0;0;0;0;0;0;0;0;0;0;0;1813;0;0;109;0;102;0;
3379;2174218;1106358272;15962112;1244516352;0;0;0;0;0;0;0;0;0;0;0;2254;0;0;109;0;102;0;
3380;2231505;1106358272;15962112;1244516352;0;0;0;0;0;0;0;0;0;0;0;1773;0;0;109;0;102;0;
3381;2437591;1106358272;15962112;1244516352;0;0;0;0;0;0;0;0;0;0;0;1402;0;0;109;0;102;0;
3382;1816236;1106358272;15962112;1244516352;0;0;0;0;0;0;0;0;0;0;0;1633;0;0;109;0;102;0;
3383;2027452;1106358272;15962112;1244516352;0;0;0;0;0;0;0;0;0;0;0;1653;0;0;109;0;102;0;
3384;3029491;1106358272;15962112;1244516352;0;0;0;0;0;0;0;0;0;0;0;1984;0;0;109;0;102;0;
3385;2114316;1106358272;15962112;1244516352;0;0;0;0;0;0;0;0;0;0;0;2354;0;0;109;0;102;0;
3386;2906631;1106358272;15962112;1244516352;0;0;0;0;0;0;0;0;0;0;0;2294;0;0;109;0;102;0;
3387;2773411;1106358272;15962112;1244516352;0;0;0;0;0;0;0;0;0;0;0;1813;0;0;109;0;102;0;
3388;3013913;1106358272;15962112;1244516352;0;0;0;0;0;0;0;0;0;0;0;1553;0;0;109;0;102;0;
3389;2155032;1106358272;15962112;1244516352;0;0;0;0;0;0;0;0;0;0;0;1412;0;0;109;0;102;0;
3390;2284274;1106358272;15962112;1244516352;0;0;0;0;0;0;0;0;0;0;0;1824;0;0;109;0;102;0;
3391;2155653;1106358272;15962112;1244516352;0;0;0;0;0;0;0;0;0;0;0;1704;0;0;109;0;102;0;
3392;5074647;1106358272;15962112;1244516352;0;0;0;0;0;0;0;0;0;0;0;1483;0;0;109;0;102;0;
3393;4164309;1106358272;15962112;1244516352;0;0;0;0;0;0;0;0;0;0;0;1944;0;0;109;0;102;0;
3394;2055305;1106358272;15962112;1244516352;0;0;0;0;0;0;0;0;0;0;0;1843;0;0;109;0;102;0;
3395;1934258;1106358272;15962112;1244516352;0;0;0;0;0;0;0;0;0;0;0;1522;0;0;109;0;102;0;
3396;2576221;1106358272;15962112;1244516352;0;0;0;0;0;0;0;0;0;0;0;1312;0;0;109;0;102;0;
3397;1967160;1106358272;15962112;1244516352;0;0;0;0;0;0;0;0;0;0;0;2154;0;0;109;0;102;0;
3398;2150032;1106358272;15962112;1244516352;0;0;0;0;0;0;0;0;0;0;0;2154;0;0;109;0;102;0;
3399;2671681;1106358272;15962112;1244516352;0;0;0;0;0;0;0;0;0;0;0;1794;0;0;109;0;102;0;
3400;1984411;1106358272;15962112;1244516352;0;0;0;0;0;0;0;0;0;0;0;1963;0;0;109;0;102;0;
3401;2259818;1106358272;15962112;1244516352;0;0;0;0;0;0;0;0;0;0;0;1653;0;0;109;0;102;0;
3402;2864582;1106358272;15962112;1244516352;0;0;0;0;0;0;0;0;0;0;0;1743;0;0;109;0;102;0;
3403;2251202;1106358272;15962112;1244516352;0;0;0;0;0;0;0;0;0;0;0;2164;0;0;109;0;102;0;
3404;2229852;1106358272;15962112;1244516352;0;0;0;0;0;0;0;0;0;0;0;1664;0;0;109;0;102;0;
3405;2620034;1106358272;15962112;1244516352;0;0;0;0;0;0;0;0;0;0;0;1954;0;0;109;0;102;0;
3406;2537108;1106358272;15962112;1244516352;0;0;0;0;0;0;0;0;0;0;0;1824;0;0;109;0;102;0;
3407;2289965;1106358272;15962112;1244516352;0;0;0;0;0;0;0;0;0;0;0;1743;0;0;109;0;102;0;
3408;2143590;1106358272;15962112;1244516352;0;0;0;0;0;0;0;0;0;0;0;1683;0;0;109;0;102;0;
3409;5219549;1106358272;15962112;1244516352;0;0;0;0;0;0;0;0;0;0;0;1683;0;0;109;0;102;0;
3410;3070798;1106358272;15962112;1244516352;0;0;0;0;0;0;0;0;0;0;0;2174;0;0;109;0;102;0;
3411;2380144;1106358272;15962112;1244516352;0;0;0;0;0;0;0;0;0;0;0;2225;0;0;109;0;102;0;
3412;2627548;1106358272;15962112;1244516352;0;0;0;0;0;0;0;0;0;0;0;1513;0;0;109;0;102;0;
3413;2451728;1106358272;15962112;1244516352;0;0;0;0;0;0;0;0;0;0;0;1633;0;0;109;0;102;0;
3414;2079470;1106358272;15962112;1244516352;0;0;0;0;0;0;0;0;0;0;0;1864;0;0;109;0;102;0;
3415;1972078;1106358272;15962112;1244516352;0;0;0;0;0;0;0;0;0;0;0;1643;0;0;109;0;102;0;
3416;2501722;1106358272;15962112;1244516352;0;0;0;0;0;0;0;0;0;0;0;1723;0;0;109;0;102;0;
3417;2905399;1106358272;15962112;1244516352;0;0;0;0;0;0;0;0;0;0;0;1703;0;0;109;0;102;0;
3418;2607761;1106358272;15962112;1244516352;0;0;0;0;0;0;0;0;0;0;0;1914;0;0;109;0;102;0;
3419;4301908;1106358272;15962112;1244516352;0;0;0;0;0;0;0;0;0;0;0;1924;0;0;109;0;102;0;
3420;3084385;1106358272;15962112;1244516352;0;0;0;0;0;0;0;0;0;0;0;2365;0;0;109;0;102;0;
3421;2581972;1106358272;15962112;1244516352;0;0;0;0;0;0;0;0;0;0;0;1924;0;0;109;0;102;0;
3422;7262219;1106624512;15962112;1244516352;0;0;0;0;0;0;0;0;0;0;0;2234;0;0;109;0;102;0;
3423;3590795;1106624512;15966208;1244520448;0;0;0;0;0;0;0;0;0;0;0;2064;0;0;109;0;102;0;
3424;2287029;1106624512;15966208;1244520448;0;0;0;0;0;0;0;0;0;0;0;1654;0;0;109;0;102;0;
3425;2379512;1106624512;15966208;1244520448;0;0;0;0;0;0;0;0;0;0;0;1794;0;0;109;0;102;0;
3426;2903585;1106624512;15966208;1244520448;0;0;0;0;0;0;0;0;0;0;0;1693;0;0;109;0;102;0;
3427;1680000;1106624512;15966208;1244520448;0;0;0;0;0;0;0;0;0;0;0;1643;0;0;109;0;102;0;
3428;2663865;1106624512;15966208;1244520448;0;0;0;0;0;0;0;0;0;0;0;1593;0;0;109;0;102;0;
3429;3627152;1106624512;15966208;1244520448;0;0;0;0;0;0;0;0;0;0;0;2765;0;0;109;0;102;0;
3430;2705524;1106624512;15966208;1244520448;0;0;0;0;0;0;0;0;0;0;0;1553;0;0;109;0;102;0;
3431;2299452;1106624512;15966208;1244520448;0;0;0;0;0;0;0;0;0;0;0;1753;0;0;109;0;102;0;
3432;3741156;1106624512;15966208;1244520448;0;0;0;0;0;0;0;0;0;0;0;1553;0;0;109;0;102;0;
3433;2122781;1106624512;15966208;1244520448;0;0;0;0;0;0;0;0;0;0;0;1874;0;0;109;0;102;0;
3434;1733942;1106624512;15966208;1244520448;0;0;0;0;0;0;0;0;0;0;0;1452;0;0;109;0;102;0;
3435;5311111;1106624512;15966208;1244520448;0;0;0;0;0;0;0;0;0;0;0;1383;0;0;109;0;102;0;
3436;3599240;1106624512;15966208;1244520448;0;0;0;0;0;0;0;0;0;0;0;2264;0;0;109;0;102;0;
3437;2645812;1106624512;15966208;1244520448;0;0;0;0;0;0;0;0;0;0;0;2044;0;0;109;0;102;0;
3438;2283502;1106624512;15966208;1244520448;0;0;0;0;0;0;0;0;0;0;0;1713;0;0;109;0;102;0;
3439;3264853;1106624512;15966208;1244520448;0;0;0;0;0;0;0;0;0;0;0;1783;0;0;109;0;102;0;
3440;2059934;1106624512;15966208;1244520448;0;0;0;0;0;0;0;0;0;0;0;1874;0;0;109;0;102;0;
3441;2326433;1106624512;15966208;1244520448;0;0;0;0;0;0;0;0;0;0;0;1603;0;0;109;0;102;0;
3442;3494904;1106624512;15966208;1244520448;0;0;0;0;0;0;0;0;0;0;0;79359;0;0;109;0;102;0;
3443;2740470;1106624512;15966208;1244520448;0;0;0;0;0;0;0;0;0;0;0;78989;0;0;109;0;102;0;
3444;2054823;1106624512;15966208;1244520448;0;0;0;0;0;0;0;0;0;0;0;1533;0;0;109;0;102;0;
3445;2793529;1106624512;15966208;1244520448;0;0;0;0;0;0;0;0;0;0;0;1613;0;0;109;0;102;0;
3446;2433243;1106624512;15966208;1244520448;0;0;0;0;0;0;0;0;0;0;0;1573;0;0;109;0;102;0;
3447;2073158;1106624512;15966208;1244520448;0;0;0;0;0;0;0;0;0;0;0;1703;0;0;109;0;102;0;
3448;5835283;1106624512;15966208;1244520448;0;0;0;0;0;0;0;0;0;0;0;2154;0;0;109;0;102;0;
3449;3564946;1106624512;15966208;1244520448;0;0;0;0;0;0;0;0;0;0;0;2335;0;0;109;0;102;0;
3450;2862769;1106624512;15966208;1244520448;0;0;0;0;0;0;0;0;0;0;0;1844;0;0;109;0;102;0;
3451;3047705;1106624512;15966208;1244520448;0;0;0;0;0;0;0;0;0;0;0;2164;0;0;109;0;102;0;
3452;2904848;1106624512;15966208;1244520448;0;0;0;0;0;0;0;0;0;0;0;1784;0;0;109;0;102;0;
3453;3125692;1106624512;15966208;1244520448;0;0;0;0;0;0;0;0;0;0;0;1563;0;0;109;0;102;0;
3454;3635879;1106624512;15966208;1244520448;0;0;0;0;0;0;0;0;0;0;0;2174;0;0;109;0;102;0;
3455;3026666;1106624512;15966208;1244520448;0;0;0;0;0;0;0;0;0;0;0;2094;0;0;109;0;102;0;
3456;2873829;1106624512;15966208;1244520448;0;0;0;0;0;0;0;0;0;0;0;2294;0;0;109;0;102;0;
3457;3536663;1106624512;15966208;1244520448;0;0;0;0;0;0;0;0;0;0;0;1933;0;0;109;0;102;0;
3458;3403593;1106624512;15966208;1244520448;0;0;0;0;0;0;0;0;0;0;0;3266;0;0;109;0;102;0;
3459;3125812;1106624512;15966208;1244520448;0;0;0;0;0;0;0;0;0;0;0;2074;0;0;109;0;102;0;
3460;6558219;1106624512;15966208;1244520448;0;0;0;0;0;0;0;0;0;0;0;2034;0;0;109;0;102;0;
3461;3743560;1106624512;15966208;1244520448;0;0;0;0;0;0;0;0;0;0;0;2915;0;0;109;0;102;0;
3462;3085075;1106624512;15966208;1244520448;0;0;0;0;0;0;0;0;0;0;0;3016;0;0;109;0;102;0;
3463;3222974;1106624512;15966208;1244520448;0;0;0;0;0;0;0;0;0;0;0;2475;0;0;109;0;102;0;
3464;4586842;1106624512;15966208;1244520448;0;0;0;0;0;0;0;0;0;0;0;2985;0;0;109;0;102;0;
3465;3509121;1106624512;15966208;1244520448;0;0;0;0;0;0;0;0;0;0;0;3216;0;0;109;0;102;0;
3466;3181918;1106624512;15966208;1244520448;0;0;0;0;0;0;0;0;0;0;0;2925;0;0;109;0;102;0;
3467;3526213;1106624512;15966208;1244520448;0;0;0;0;0;0;0;0;0;0;0;2134;0;0;109;0;102;0;
3468;2871666;1106624512;15966208;1244520448;0;0;0;0;0;0;0;0;0;0;0;2394;0;0;109;0;102;0;
3469;2807355;1106624512;15966208;1244520448;0;0;0;0;0;0;0;0;0;0;0;2013;0;0;109;0;102;0;
3470;3201514;1106624512;15966208;1244520448;0;0;0;0;0;0;0;0;0;0;0;2044;0;0;109;0;102;0;
3471;2936777;1106624512;15966208;1244520448;0;0;0;0;0;0;0;0;0;0;0;2044;0;0;109;0;102;0;
3472;1459898;1106624512;15966208;1244520448;0;0;0;0;0;0;0;0;0;0;0;1753;0;0;109;0;102;0;
3473;5490016;1106624512;15966208;1244520448;0;0;0;0;0;0;0;0;0;0;0;1683;0;0;109;0;102;0;
3474;4408227;1106624512;15966208;1244520448;0;0;0;0;0;0;0;0;0;0;0;1884;0;0;109;0;102;0;
3475;2709301;1106624512;15966208;1244520448;0;0;0;0;0;0;0;0;0;0;0;1913;0;0;109;0;102;0;
3476;2663846;1106624512;15966208;1244520448;0;0;0;0;0;0;0;0;0;0;0;1563;0;0;109;0;102;0;
3477;3254734;1106624512;15966208;1244520448;0;0;0;0;0;0;0;0;0;0;0;1853;0;0;109;0;102;0;
3478;2602712;1106624512;15966208;1244520448;0;0;0;0;0;0;0;0;0;0;0;1833;0;0;109;0;102;0;
3479;2493476;1106624512;15966208;1244520448;0;0;0;0;0;0;0;0;0;0;0;1743;0;0;109;0;102;0;
3480;2405842;1106624512;15966208;1244520448;0;0;0;0;0;0;0;0;0;0;0;2054;0;0;109;0;102;0;
3481;2773211;1106624512;15966208;1244520448;0;0;0;0;0;0;0;0;0;0;0;2014;0;0;109;0;102;0;
3482;2427463;1106624512;15966208;1244520448;0;0;0;0;0;0;0;0;0;0;0;1864;0;0;109;0;102;0;
3483;3208748;1106624512;15966208;1244520448;0;0;0;0;0;0;0;0;0;0;0;1853;0;0;109;0;102;0;
3484;2807144;1106624512;15966208;1244520448;0;0;0;0;0;0;0;0;0;0;0;1733;0;0;109;0;102;0;
3485;2883317;1106624512;15966208;1244520448;0;0;0;0;0;0;0;0;0;0;0;1974;0;0;109;0;102;0;
3486;5439862;1106624512;15966208;1244520448;0;0;0;0;0;0;0;0;0;0;0;1994;0;0;109;0;102;0;
3487;3397271;1106624512;15966208;1244520448;0;0;0;0;0;0;0;0;0;0;0;1994;0;0;109;0;102;0;
3488;2475041;1106624512;15966208;1244520448;0;0;0;0;0;0;0;0;0;0;0;2214;0;0;109;0;102;0;
3489;2974258;1106624512;15966208;1244520448;0;0;0;0;0;0;0;0;0;0;0;1733;0;0;109;0;102;0;
3490;3597076;1106624512;15966208;1244520448;0;0;0;0;0;0;0;0;0;0;0;1833;0;0;109;0;102;0;
3491;2570060;1106624512;15966208;1244520448;0;0;0;0;0;0;0;0;0;0;0;1784;0;0;109;0;102;0;
3492;3129800;1106624512;15966208;1244520448;0;0;0;0;0;0;0;0;0;0;0;45075;0;0;109;0;102;0;
3493;3075808;1106624512;15966208;1244520448;0;0;0;0;0;0;0;0;0;0;0;1793;0;0;109;0;102;0;
3494;3748950;1106890752;15966208;1244520448;0;0;0;0;0;0;0;0;0;0;0;2204;0;0;109;0;102;0;
3495;2561834;1106890752;15966208;1244520448;0;0;0;0;0;0;0;0;0;0;0;1944;0;0;109;0;102;0;
3496;3186306;1106890752;15966208;1244520448;0;0;0;0;0;0;0;0;0;0;0;1713;0;0;109;0;102;0;
3497;2719400;1106890752;15966208;1244520448;0;0;0;0;0;0;0;0;0;0;0;1864;0;0;109;0;102;0;
3498;3441144;1106890752;15966208;1244520448;0;0;0;0;0;0;0;0;0;0;0;1613;0;0;109;0;102;0;
3499;5705450;1106890752;15966208;1244520448;0;0;0;0;0;0;0;0;0;0;0;1763;0;0;109;0;102;0;
3500;3533256;1106890752;15966208;1244520448;0;0;0;0;0;0;0;0;0;0;0;2295;0;0;109;0;102;0;
3501;2249729;1106890752;15966208;1244520448;0;0;0;0;0;0;0;0;0;0;0;1613;0;0;109;0;102;0;
3502;3056923;1106890752;15966208;1244520448;0;0;0;0;0;0;0;0;0;0;0;1913;0;0;109;0;102;0;
3503;2979428;1106890752;15966208;1244520448;0;0;0;0;0;0;0;0;0;0;0;2225;0;0;109;0;102;0;
3504;2796214;1106890752;15966208;1244520448;0;0;0;0;0;0;0;0;0;0;0;1733;0;0;109;0;102;0;
3505;3150318;1106890752;15966208;1244520448;0;0;0;0;0;0;0;0;0;0;0;23053;0;0;109;0;102;0;
3506;3540029;1106890752;15966208;1244520448;0;0;0;0;0;0;0;0;0;0;0;1783;0;0;109;0;102;0;
3507;2411633;1106890752;15966208;1244520448;0;0;0;0;0;0;0;0;0;0;0;1663;0;0;109;0;102;0;
3508;2795412;1106890752;15966208;1244520448;0;0;0;0;0;0;0;0;0;0;0;1803;0;0;109;0;102;0;
3509;2492714;1106890752;15966208;1244520448;0;0;0;0;0;0;0;0;0;0;0;2164;0;0;109;0;102;0;
3510;2579658;1106890752;15966208;1244520448;0;0;0;0;0;0;0;0;0;0;0;1643;0;0;109;0;102;0;
3511;5680313;1106890752;15966208;1244520448;0;0;0;0;0;0;0;0;0;0;0;2194;0;0;109;0;102;0;
3512;3381973;1106890752;15970304;1244524544;0;0;0;0;0;0;0;0;0;0;0;2175;0;0;109;0;102;0;
3513;2660960;1106890752;15970304;1244524544;0;0;0;0;0;0;0;0;0;0;0;2044;0;0;109;0;102;0;
3514;2317776;1106890752;15970304;1244524544;0;0;0;0;0;0;0;0;0;0;0;1894;0;0;109;0;102;0;
3515;3013702;1106890752;15970304;1244524544;0;0;0;0;0;0;0;0;0;0;0;1593;0;0;109;0;102;0;
3516;2338345;1106890752;15970304;1244524544;0;0;0;0;0;0;0;0;0;0;0;1804;0;0;109;0;102;0;
3517;2656783;1106890752;15970304;1244524544;0;0;0;0;0;0;0;0;0;0;0;1794;0;0;109;0;102;0;
3518;3624497;1106890752;15970304;1244524544;0;0;0;0;0;0;0;0;0;0;0;1774;0;0;109;0;102;0;
3519;2961855;1106890752;15970304;1244524544;0;0;0;0;0;0;0;0;0;0;0;2204;0;0;109;0;102;0;
3520;2500129;1106890752;15970304;1244524544;0;0;0;0;0;0;0;0;0;0;0;1794;0;0;109;0;102;0;
3521;3434270;1106890752;15970304;1244524544;0;0;0;0;0;0;0;0;0;0;0;2184;0;0;109;0;102;0;
3522;2728256;1106890752;15970304;1244524544;0;0;0;0;0;0;0;0;0;0;0;2154;0;0;109;0;102;0;
3523;2588174;1106890752;15970304;1244524544;0;0;0;0;0;0;0;0;0;0;0;1984;0;0;109;0;102;0;
3524;5667789;1106890752;15970304;1244524544;0;0;0;0;0;0;0;0;0;0;0;2275;0;0;109;0;102;0;
3525;4979138;1106890752;15970304;1244524544;0;0;0;0;0;0;0;0;0;0;0;3086;0;0;109;0;102;0;
3526;2665860;1106890752;15970304;1244524544;0;0;0;0;0;0;0;0;0;0;0;2425;0;0;109;0;102;0;
3527;2726644;1106890752;15970304;1244524544;0;0;0;0;0;0;0;0;0;0;0;2084;0;0;109;0;102;0;
3528;3420825;1106890752;15970304;1244524544;0;0;0;0;0;0;0;0;0;0;0;1904;0;0;109;0;102;0;
3529;2487044;1106890752;15970304;1244524544;0;0;0;0;0;0;0;0;0;0;0;1893;0;0;109;0;102;0;
3530;3000627;1106890752;15970304;1244524544;0;0;0;0;0;0;0;0;0;0;0;1693;0;0;109;0;102;0;
3531;3222664;1106890752;15970304;1244524544;0;0;0;0;0;0;0;0;0;0;0;1654;0;0;109;0;102;0;
3532;2972174;1106890752;15970304;1244524544;0;0;0;0;0;0;0;0;0;0;0;1914;0;0;109;0;102;0;
3533;2959340;1106890752;15970304;1244524544;0;0;0;0;0;0;0;0;0;0;0;1944;0;0;109;0;102;0;
3534;2901031;1107062784;15966208;1244520448;0;0;0;0;0;0;0;0;0;0;0;1903;0;0;109;0;102;0;
3535;2619592;1107062784;15966208;1244520448;0;0;0;0;0;0;0;0;0;0;0;1934;0;0;109;0;102;0;
3536;2859592;1107062784;15966208;1244520448;0;0;0;0;0;0;0;0;0;0;0;2063;0;0;109;0;102;0;
3537;5630910;1107062784;15966208;1244520448;0;0;0;0;0;0;0;0;0;0;0;1764;0;0;109;0;102;0;
3538;4001414;1107062784;15966208;1244520448;0;0;0;0;0;0;0;0;0;0;0;2004;0;0;109;0;102;0;
3539;2226716;1107062784;15966208;1244520448;0;0;0;0;0;0;0;0;0;0;0;2064;0;0;109;0;102;0;
3540;3142733;1107062784;15966208;1244520448;0;0;0;0;0;0;0;0;0;0;0;1924;0;0;109;0;102;0;
3541;3774869;1107062784;15966208;1244520448;0;0;0;0;0;0;0;0;0;0;0;1763;0;0;109;0;102;0;
3542;2456547;1107062784;15966208;1244520448;0;0;0;0;0;0;0;0;0;0;0;1844;0;0;109;0;102;0;
3543;2139732;1107062784;15966208;1244520448;0;0;0;0;0;0;0;0;0;0;0;2004;0;0;109;0;102;0;
3544;2945655;1107062784;15966208;1244520448;0;0;0;0;0;0;0;0;0;0;0;1683;0;0;109;0;102;0;
3545;2574298;1107062784;15966208;1244520448;0;0;0;0;0;0;0;0;0;0;0;1934;0;0;109;0;102;0;
3546;2497344;1107062784;15966208;1244520448;0;0;0;0;0;0;0;0;0;0;0;1533;0;0;109;0;102;0;
3547;3518578;1107062784;15966208;1244520448;0;0;0;0;0;0;0;0;0;0;0;1783;0;0;109;0;102;0;
3548;3195873;1107062784;15966208;1244520448;0;0;0;0;0;0;0;0;0;0;0;1683;0;0;109;0;102;0;
3549;2608091;1107062784;15966208;1244520448;0;0;0;0;0;0;0;0;0;0;0;1974;0;0;109;0;102;0;
3550;5906006;1107062784;15966208;1244520448;0;0;0;0;0;0;0;0;0;0;0;1894;0;0;109;0;102;0;
3551;3472853;1107062784;15966208;1244520448;0;0;0;0;0;0;0;0;0;0;0;2215;0;0;109;0;102;0;
3552;3067843;1107062784;15966208;1244520448;0;0;0;0;0;0;0;0;0;0;0;1974;0;0;109;0;102;0;
3553;2525507;1107062784;15966208;1244520448;0;0;0;0;0;0;0;0;0;0;0;1813;0;0;109;0;102;0;
3554;2609403;1107062784;15966208;1244520448;0;0;0;0;0;0;0;0;0;0;0;1723;0;0;109;0;102;0;
3555;2618430;1107062784;15966208;1244520448;0;0;0;0;0;0;0;0;0;0;0;1994;0;0;109;0;102;0;
3556;2670288;1107062784;15966208;1244520448;0;0;0;0;0;0;0;0;0;0;0;2214;0;0;109;0;102;0;
3557;3690291;1107062784;15966208;1244520448;0;0;0;0;0;0;0;0;0;0;0;1814;0;0;109;0;102;0;
3558;3480998;1107062784;15966208;1244520448;0;0;0;0;0;0;0;0;0;0;0;2304;0;0;109;0;102;0;
3559;3718884;1107062784;15966208;1244520448;0;0;0;0;0;0;0;0;0;0;0;3366;0;0;109;0;102;0;
3560;4047421;1107062784;15966208;1244520448;0;0;0;0;0;0;0;0;0;0;0;3046;0;0;109;0;102;0;
3561;2664136;1107062784;15966208;1244520448;0;0;0;0;0;0;0;0;0;0;0;2675;0;0;109;0;102;0;
3562;2933893;1107062784;15966208;1244520448;0;0;0;0;0;0;0;0;0;0;0;2905;0;0;109;0;102;0;
3563;6688714;1107062784;15966208;1244520448;0;0;0;0;0;0;0;0;0;0;0;3105;0;0;109;0;102;0;
3564;5080999;1107062784;15966208;1244520448;0;0;0;0;0;0;0;0;0;0;0;2735;0;0;109;0;102;0;
3565;2910468;1107062784;15966208;1244520448;0;0;0;0;0;0;0;0;0;0;0;2435;0;0;109;0;102;0;
3566;2574418;1107062784;15966208;1244520448;0;0;0;0;0;0;0;0;0;0;0;2395;0;0;109;0;102;0;
3567;3373907;1107062784;15966208;1244520448;0;0;0;0;0;0;0;0;0;0;0;3046;0;0;109;0;102;0;
3568;5227704;1115226112;15966208;1261297664;0;0;0;0;0;0;0;0;0;0;0;2435;0;0;110;0;102;0;
3569;3271345;1115226112;15966208;1261297664;0;0;0;0;0;0;0;0;0;0;0;1894;0;0;110;0;102;0;
3570;3520593;1115668480;15966208;1261297664;0;0;0;0;0;0;0;0;0;0;0;2584;0;0;110;0;102;0;
3571;2552467;1115668480;15966208;1261297664;0;0;0;0;0;0;0;0;0;0;0;2745;0;0;110;0;102;0;
3572;2547027;1115668480;15966208;1261297664;0;0;0;0;0;0;0;0;0;0;0;2615;0;0;110;0;102;0;
3573;2850727;1115668480;15966208;1261297664;0;0;0;0;0;0;0;0;0;0;0;2144;0;0;110;0;102;0;
3574;8782480;1115668480;15966208;1261297664;0;0;0;0;0;0;0;0;0;0;0;3687;0;0;110;0;102;0;
3575;2793509;1115668480;15966208;1261297664;0;0;0;0;0;0;0;0;0;0;0;2435;0;0;110;0;102;0;
3576;5648863;1115926528;15966208;1261297664;0;0;0;0;0;0;0;0;0;0;0;2535;0;0;110;0;102;0;
3577;2819077;1115926528;15966208;1261297664;0;0;0;0;0;0;0;0;0;0;0;2325;0;0;110;0;102;0;
3578;2512822;1115926528;15966208;1261297664;0;0;0;0;0;0;0;0;0;0;0;2545;0;0;110;0;102;0;
3579;2652685;1115926528;15966208;1261297664;0;0;0;0;0;0;0;0;0;0;0;1884;0;0;110;0;102;0;
3580;2894468;1115926528;15966208;1261297664;0;0;0;0;0;0;0;0;0;0;0;1834;0;0;110;0;102;0;
3581;3015665;1115926528;15966208;1261297664;0;0;0;0;0;0;0;0;0;0;0;2354;0;0;110;0;102;0;
3582;2500930;1115926528;15966208;1261297664;0;0;0;0;0;0;0;0;0;0;0;1923;0;0;110;0;102;0;
3583;2775905;1115926528;15966208;1261297664;0;0;0;0;0;0;0;0;0;0;0;1673;0;0;110;0;102;0;
3584;3287235;1115926528;15966208;1261297664;0;0;0;0;0;0;0;0;0;0;0;2364;0;0;110;0;102;0;
3585;3512176;1115926528;15966208;1261297664;0;0;0;0;0;0;0;0;0;0;0;2866;0;0;110;0;102;0;
3586;4233860;1115926528;15966208;1261297664;0;0;0;0;0;0;0;0;0;0;0;2404;0;0;110;0;102;0;
3587;2629651;1115926528;15966208;1261297664;0;0;0;0;0;0;0;0;0;0;0;2796;0;0;110;0;102;0;
3588;2544432;1115926528;15966208;1261297664;0;0;0;0;0;0;0;0;0;0;0;2054;0;0;110;0;102;0;
3589;8501033;1115926528;15966208;1261297664;0;0;0;0;0;0;0;0;0;0;0;2084;0;0;110;0;102;0;
3590;5904002;1115926528;15966208;1261297664;0;0;0;0;0;0;0;0;0;0;0;3547;0;0;110;0;102;0;
3591;1859047;1115926528;15966208;1261297664;0;0;0;0;0;0;0;0;0;0;0;4799;0;0;110;0;102;0;
3592;2322706;1115926528;15966208;1261297664;0;0;0;0;0;0;0;0;0;0;0;2424;0;0;110;0;102;0;
3593;4340370;1115926528;15966208;1261297664;0;0;0;0;0;0;0;0;0;0;0;2184;0;0;110;0;102;0;
3594;3384678;1115926528;15966208;1261297664;0;0;0;0;0;0;0;0;0;0;0;2665;0;0;110;0;102;0;
3595;2262894;1115926528;15966208;1261297664;0;0;0;0;0;0;0;0;0;0;0;1893;0;0;110;0;102;0;
3596;2752783;1115926528;15966208;1261297664;0;0;0;0;0;0;0;0;0;0;0;2745;0;0;110;0;102;0;
3597;2896562;1115926528;15966208;1261297664;0;0;0;0;0;0;0;0;0;0;0;2394;0;0;110;0;102;0;
3598;2763492;1115926528;15966208;1261297664;0;0;0;0;0;0;0;0;0;0;0;1953;0;0;110;0;102;0;
3599;3670644;1115926528;15966208;1261297664;0;0;0;0;0;0;0;0;0;0;0;2535;0;0;110;0;102;0;
3600;3318093;1115926528;15966208;1261297664;0;0;0;0;0;0;0;0;0;0;0;2745;0;0;110;0;102;0;
3601;4440037;1122217984;15966208;1278074880;0;0;0;0;0;0;0;0;0;0;0;2965;0;0;111;0;102;0;
3602;6501052;1122217984;15966208;1278074880;0;0;0;0;0;0;0;0;0;0;0;2665;0;0;111;0;102;0;
3603;3965276;1122217984;15966208;1278074880;0;0;0;0;0;0;0;0;0;0;0;3366;0;0;111;0;102;0;
3604;4602271;1122217984;15966208;1278074880;0;0;0;0;0;0;0;0;0;0;0;2655;0;0;111;0;102;0;
3605;2826661;1122217984;15966208;1278074880;0;0;0;0;0;0;0;0;0;0;0;2324;0;0;111;0;102;0;
3606;3857645;1122217984;15966208;1278074880;0;0;0;0;0;0;0;0;0;0;0;2475;0;0;111;0;102;0;
3607;3460339;1122217984;15966208;1278074880;0;0;0;0;0;0;0;0;0;0;0;2695;0;0;111;0;102;0;
3608;3681524;1122217984;15966208;1278074880;0;0;0;0;0;0;0;0;0;0;0;2084;0;0;111;0;102;0;
3609;2861146;1122217984;15966208;1278074880;0;0;0;0;0;0;0;0;0;0;0;2184;0;0;111;0;102;0;
3610;2081664;1122217984;15966208;1278074880;0;0;0;0;0;0;0;0;0;0;0;2404;0;0;111;0;102;0;
3611;2559800;1122217984;15966208;1278074880;0;0;0;0;0;0;0;0;0;0;0;1903;0;0;111;0;102;0;
3612;2465153;1122217984;15966208;1278074880;0;0;0;0;0;0;0;0;0;0;0;2354;0;0;111;0;102;0;
3613;3016698;1122217984;15966208;1278074880;0;0;0;0;0;0;0;0;0;0;0;2665;0;0;111;0;102;0;
3614;2889088;1122217984;15966208;1278074880;0;0;0;0;0;0;0;0;0;0;0;2164;0;0;111;0;102;0;
3615;6870725;1122217984;15966208;1278074880;0;0;0;0;0;0;0;0;0;0;0;2465;0;0;111;0;102;0;
3616;4636977;1122217984;15966208;1278074880;0;0;0;0;0;0;0;0;0;0;0;2855;0;0;111;0;102;0;
3617;2203091;1122217984;15966208;1278074880;0;0;0;0;0;0;0;0;0;0;0;3056;0;0;111;0;102;0;
3618;2250350;1122217984;15966208;1278074880;0;0;0;0;0;0;0;0;0;0;0;2896;0;0;111;0;102;0;
3619;3765081;1122217984;15966208;1278074880;0;0;0;0;0;0;0;0;0;0;0;2865;0;0;111;0;102;0;
3620;4109687;1123201024;15966208;1278074880;0;0;0;0;0;0;0;0;0;0;0;3006;0;0;111;0;102;0;
3621;3621883;1123201024;15966208;1278074880;0;0;0;0;0;0;0;0;0;0;0;3266;0;0;111;0;102;0;
3622;3401208;1123201024;15966208;1278074880;0;0;0;0;0;0;0;0;0;0;0;2685;0;0;111;0;102;0;
3623;3881349;1123201024;15966208;1278074880;0;0;0;0;0;0;0;0;0;0;0;3246;0;0;111;0;102;0;
3624;2933131;1123201024;15966208;1278074880;0;0;0;0;0;0;0;0;0;0;0;146064;0;0;111;0;102;0;
3625;3502087;1123201024;15966208;1278074880;0;0;0;0;0;0;0;0;0;0;0;2595;0;0;111;0;102;0;
3626;2981281;1123201024;15966208;1278074880;0;0;0;0;0;0;0;0;0;0;0;2574;0;0;111;0;102;0;
3627;2533040;1123201024;15966208;1278074880;0;0;0;0;0;0;0;0;0;0;0;2254;0;0;111;0;102;0;
3628;6225986;1123201024;15966208;1278074880;0;0;0;0;0;0;0;0;0;0;0;2074;0;0;111;0;102;0;
3629;4061678;1123201024;15966208;1278074880;0;0;0;0;0;0;0;0;0;0;0;3236;0;0;111;0;102;0;
3630;2479070;1123201024;15966208;1278074880;0;0;0;0;0;0;0;0;0;0;0;2825;0;0;111;0;102;0;
3631;2033965;1123201024;15966208;1278074880;0;0;0;0;0;0;0;0;0;0;0;2234;0;0;111;0;102;0;
3632;3257068;1123201024;15966208;1278074880;0;0;0;0;0;0;0;0;0;0;0;3727;0;0;111;0;102;0;
3633;3648562;1123201024;15966208;1278074880;0;0;0;0;0;0;0;0;0;0;0;2935;0;0;111;0;102;0;
3634;2873349;1123201024;15966208;1278074880;0;0;0;0;0;0;0;0;0;0;0;2234;0;0;111;0;102;0;
3635;2715383;1123201024;15966208;1278074880;0;0;0;0;0;0;0;0;0;0;0;2424;0;0;111;0;102;0;
3636;2969790;1123201024;15966208;1278074880;0;0;0;0;0;0;0;0;0;0;0;2775;0;0;111;0;102;0;
3637;2852470;1123201024;15966208;1278074880;0;0;0;0;0;0;0;0;0;0;0;2084;0;0;111;0;102;0;
3638;3052845;1123201024;15966208;1278074880;0;0;0;0;0;0;0;0;0;0;0;2344;0;0;111;0;102;0;
3639;3822198;1123201024;15966208;1278074880;0;0;0;0;0;0;0;0;0;0;0;2885;0;0;111;0;102;0;
3640;3550900;1123201024;15966208;1278074880;0;0;0;0;0;0;0;0;0;0;0;2735;0;0;111;0;102;0;
3641;7052967;1123201024;15966208;1278074880;0;0;0;0;0;0;0;0;0;0;0;2394;0;0;111;0;102;0;
3642;4104808;1123201024;15966208;1278074880;0;0;0;0;0;0;0;0;0;0;0;3246;0;0;111;0;102;0;
3643;3359891;1123201024;15966208;1278074880;0;0;0;0;0;0;0;0;0;0;0;2655;0;0;111;0;102;0;
3644;2559911;1123201024;15966208;1278074880;0;0;0;0;0;0;0;0;0;0;0;2534;0;0;111;0;102;0;
3645;2382758;1123201024;15966208;1278074880;0;0;0;0;0;0;0;0;0;0;0;1853;0;0;111;0;102;0;
3646;2475332;1123201024;15966208;1278074880;0;0;0;0;0;0;0;0;0;0;0;2976;0;0;111;0;102;0;
3647;3260615;1123201024;15966208;1278074880;0;0;0;0;0;0;0;0;0;0;0;3507;0;0;111;0;102;0;
3648;3527746;1123201024;15966208;1278074880;0;0;0;0;0;0;0;0;0;0;0;2715;0;0;111;0;102;0;
3649;3375200;1123201024;15966208;1278074880;0;0;0;0;0;0;0;0;0;0;0;2755;0;0;111;0;102;0;
3650;2575570;1123201024;15966208;1278074880;0;0;0;0;0;0;0;0;0;0;0;2585;0;0;111;0;102;0;
3651;3437737;1123201024;15966208;1278074880;0;0;0;0;0;0;0;0;0;0;0;2395;0;0;111;0;102;0;
3652;2626075;1123201024;15966208;1278074880;0;0;0;0;0;0;0;0;0;0;0;3036;0;0;111;0;102;0;
3653;3601945;1123201024;15966208;1278074880;0;0;0;0;0;0;0;0;0;0;0;3556;0;0;111;0;102;0;
3654;7595364;1123201024;15966208;1278074880;0;0;0;0;0;0;0;0;0;0;0;2565;0;0;111;0;102;0;
3655;4200628;1123201024;15966208;1278074880;0;0;0;0;0;0;0;0;0;0;0;3978;0;0;111;0;102;0;
3656;2067257;1123201024;15966208;1278074880;0;0;0;0;0;0;0;0;0;0;0;2545;0;0;111;0;102;0;
3657;2717697;1123201024;15966208;1278074880;0;0;0;0;0;0;0;0;0;0;0;2364;0;0;111;0;102;0;
3658;4071436;1123201024;15966208;1278074880;0;0;0;0;0;0;0;0;0;0;0;2314;0;0;111;0;102;0;
3659;3486689;1123201024;15966208;1278074880;0;0;0;0;0;0;0;0;0;0;0;3286;0;0;111;0;102;0;
3660;2663976;1123201024;15966208;1278074880;0;0;0;0;0;0;0;0;0;0;0;2504;0;0;111;0;102;0;
3661;3206002;1123201024;15966208;1278074880;0;0;0;0;0;0;0;0;0;0;0;2354;0;0;111;0;102;0;
3662;2848262;1123201024;15966208;1278074880;0;0;0;0;0;0;0;0;0;0;0;3045;0;0;111;0;102;0;
3663;2806333;1123201024;15966208;1278074880;0;0;0;0;0;0;0;0;0;0;0;2685;0;0;111;0;102;0;
3664;3672608;1123201024;15966208;1278074880;0;0;0;0;0;0;0;0;0;0;0;2254;0;0;111;0;102;0;
3665;2588113;1123201024;15966208;1278074880;0;0;0;0;0;0;0;0;0;0;0;2645;0;0;111;0;102;0;
3666;3266296;1123201024;15966208;1278074880;0;0;0;0;0;0;0;0;0;0;0;2494;0;0;111;0;102;0;
3667;5902810;1123201024;15966208;1278074880;0;0;0;0;0;0;0;0;0;0;0;2104;0;0;111;0;102;0;
3668;4457078;1123201024;15966208;1278074880;0;0;0;0;0;0;0;0;0;0;0;2615;0;0;111;0;102;0;
3669;3102408;1123201024;15966208;1278074880;0;0;0;0;0;0;0;0;0;0;0;2695;0;0;111;0;102;0;
3670;2974879;1123201024;15966208;1278074880;0;0;0;0;0;0;0;0;0;0;0;2194;0;0;111;0;102;0;
3671;4158188;1123201024;15966208;1278074880;0;0;0;0;0;0;0;0;0;0;0;3497;0;0;111;0;102;0;
3672;3283257;1123201024;15966208;1278074880;0;0;0;0;0;0;0;0;0;0;0;3697;0;0;111;0;102;0;
3673;3136592;1123201024;15966208;1278074880;0;0;0;0;0;0;0;0;0;0;0;2454;0;0;111;0;102;0;
3674;3752167;1123201024;15966208;1278074880;0;0;0;0;0;0;0;0;0;0;0;2314;0;0;111;0;102;0;
3675;3374678;1123201024;15966208;1278074880;0;0;0;0;0;0;0;0;0;0;0;2965;0;0;111;0;102;0;
3676;2663746;1123201024;15966208;1278074880;0;0;0;0;0;0;0;0;0;0;0;2846;0;0;111;0;102;0;
3677;4416582;1123201024;15966208;1278074880;0;0;0;0;0;0;0;0;0;0;0;2325;0;0;111;0;102;0;
3678;3675723;1123201024;15966208;1278074880;0;0;0;0;0;0;0;0;0;0;0;3136;0;0;111;0;102;0;
3679;2879200;1123201024;15966208;1278074880;0;0;0;0;0;0;0;0;0;0;0;2815;0;0;111;0;102;0;
3680;6471587;1123201024;15966208;1278074880;0;0;0;0;0;0;0;0;0;0;0;2615;0;0;111;0;102;0;
3681;4818337;1123201024;15966208;1278074880;0;0;0;0;0;0;0;0;0;0;0;3236;0;0;111;0;102;0;
3682;2277992;1123201024;15966208;1278074880;0;0;0;0;0;0;0;0;0;0;0;2535;0;0;111;0;102;0;
3683;2351760;1123201024;15966208;1278074880;0;0;0;0;0;0;0;0;0;0;0;1964;0;0;111;0;102;0;
3684;4166975;1123201024;15966208;1278074880;0;0;0;0;0;0;0;0;0;0;0;3226;0;0;111;0;102;0;
3685;2488898;1123201024;15966208;1278074880;0;0;0;0;0;0;0;0;0;0;0;3266;0;0;111;0;102;0;
3686;2616847;1123201024;15966208;1278074880;0;0;0;0;0;0;0;0;0;0;0;2525;0;0;111;0;102;0;
3687;2756330;1123201024;15966208;1278074880;0;0;0;0;0;0;0;0;0;0;0;1783;0;0;111;0;102;0;
3688;3181146;1123201024;15966208;1278074880;0;0;0;0;0;0;0;0;0;0;0;2655;0;0;111;0;102;0;
3689;2770946;1123201024;15966208;1278074880;0;0;0;0;0;0;0;0;0;0;0;3717;0;0;111;0;102;0;
3690;2702889;1123201024;15966208;1278074880;0;0;0;0;0;0;0;0;0;0;0;2424;0;0;111;0;102;0;
3691;2605817;1123201024;15966208;1278074880;0;0;0;0;0;0;0;0;0;0;0;2665;0;0;111;0;102;0;
3692;2994846;1123201024;15966208;1278074880;0;0;0;0;0;0;0;0;0;0;0;2374;0;0;111;0;102;0;
3693;6381658;1123201024;15966208;1278074880;0;0;0;0;0;0;0;0;0;0;0;3076;0;0;111;0;102;0;
3694;4532240;1123201024;15966208;1278074880;0;0;0;0;0;0;0;0;0;0;0;3436;0;0;111;0;102;0;
3695;3100905;1123201024;15966208;1278074880;0;0;0;0;0;0;0;0;0;0;0;2976;0;0;111;0;102;0;
3696;3492250;1123201024;15966208;1278074880;0;0;0;0;0;0;0;0;0;0;0;2184;0;0;111;0;102;0;
3697;2886985;1123201024;15966208;1278074880;0;0;0;0;0;0;0;0;0;0;0;2655;0;0;111;0;102;0;
3698;2614553;1123201024;15966208;1278074880;0;0;0;0;0;0;0;0;0;0;0;3146;0;0;111;0;102;0;
3699;3243783;1123201024;15966208;1278074880;0;0;0;0;0;0;0;0;0;0;0;3076;0;0;111;0;102;0;
3700;5631902;1123201024;15966208;1278074880;0;0;0;0;0;0;0;0;0;0;0;2024;0;0;111;0;102;0;
3701;3504171;1123201024;15966208;1278074880;0;0;0;0;0;0;0;0;0;0;0;3226;0;0;111;0;102;0;
3702;2816692;1123201024;15966208;1278074880;0;0;0;0;0;0;0;0;0;0;0;2716;0;0;111;0;102;0;
3703;2286257;1123201024;15966208;1278074880;0;0;0;0;0;0;0;0;0;0;0;1673;0;0;111;0;102;0;
3704;2466876;1123201024;15966208;1278074880;0;0;0;0;0;0;0;0;0;0;0;2084;0;0;111;0;102;0;
3705;2965020;1123201024;15966208;1278074880;0;0;0;0;0;0;0;0;0;0;0;2986;0;0;111;0;102;0;
3706;6102294;1123201024;15966208;1278074880;0;0;0;0;0;0;0;0;0;0;0;2765;0;0;111;0;102;0;
3707;3935340;1123201024;15966208;1278074880;0;0;0;0;0;0;0;0;0;0;0;2705;0;0;111;0;102;0;
3708;4062609;1127432192;15966208;1278074880;0;0;0;0;0;0;0;0;0;0;0;2504;0;0;112;0;102;0;
3709;2201158;1127432192;15966208;1278074880;0;0;0;0;0;0;0;0;0;0;0;2434;0;0;112;0;102;0;
3710;3254844;1127432192;15966208;1278074880;0;0;0;0;0;0;0;0;0;0;0;2214;0;0;112;0;102;0;
3711;3412790;1127432192;15966208;1278074880;0;0;0;0;0;0;0;0;0;0;0;2635;0;0;112;0;102;0;
3712;2325732;1127432192;15966208;1278074880;0;0;0;0;0;0;0;0;0;0;0;2265;0;0;112;0;102;0;
3713;3016678;1127432192;15966208;1278074880;0;0;0;0;0;0;0;0;0;0;0;2044;0;0;112;0;102;0;
3714;3214628;1127432192;15966208;1278074880;0;0;0;0;0;0;0;0;0;0;0;3206;0;0;112;0;102;0;
3715;1974774;1127432192;15966208;1278074880;0;0;0;0;0;0;0;0;0;0;0;1583;0;0;112;0;102;0;
3716;3562992;1127432192;15966208;1278074880;0;0;0;0;0;0;0;0;0;0;0;1523;0;0;112;0;102;0;
3717;2997492;1127432192;15966208;1278074880;0;0;0;0;0;0;0;0;0;0;0;3456;0;0;112;0;102;0;
3718;2042611;1127432192;15966208;1278074880;0;0;0;0;0;0;0;0;0;0;0;2565;0;0;112;0;102;0;
3719;7505265;1127432192;15966208;1278074880;0;0;0;0;0;0;0;0;0;0;0;2184;0;0;112;0;102;0;
3720;3282897;1127432192;15966208;1278074880;0;0;0;0;0;0;0;0;0;0;0;3296;0;0;112;0;102;0;
3721;2208782;1127432192;15966208;1278074880;0;0;0;0;0;0;0;0;0;0;0;2585;0;0;112;0;102;0;
3722;2571974;1127432192;15966208;1278074880;0;0;0;0;0;0;0;0;0;0;0;2033;0;0;112;0;102;0;
3723;3834050;1127432192;15966208;1278074880;0;0;0;0;0;0;0;0;0;0;0;2505;0;0;112;0;102;0;
3724;2890701;1127432192;15966208;1278074880;0;0;0;0;0;0;0;0;0;0;0;3055;0;0;112;0;102;0;
3725;2176983;1127432192;15966208;1278074880;0;0;0;0;0;0;0;0;0;0;0;2374;0;0;112;0;102;0;
3726;3246879;1127432192;15966208;1278074880;0;0;0;0;0;0;0;0;0;0;0;1893;0;0;112;0;102;0;
3727;2012805;1127432192;15966208;1278074880;0;0;0;0;0;0;0;0;0;0;0;2564;0;0;112;0;102;0;
3728;1533495;1127432192;15966208;1278074880;0;0;0;0;0;0;0;0;0;0;0;1663;0;0;112;0;102;0;
3729;2358422;1127432192;15966208;1278074880;0;0;0;0;0;0;0;0;0;0;0;2214;0;0;112;0;102;0;
3730;2810711;1127432192;15966208;1278074880;0;0;0;0;0;0;0;0;0;0;0;3026;0;0;112;0;102;0;
3731;2798027;1127432192;15966208;1278074880;0;0;0;0;0;0;0;0;0;0;0;2866;0;0;112;0;102;0;
3732;7613979;1127432192;15966208;1278074880;0;0;0;0;0;0;0;0;0;0;0;2645;0;0;112;0;102;0;
3733;4298982;1127432192;15966208;1278074880;0;0;0;0;0;0;0;0;0;0;0;2505;0;0;112;0;102;0;
3734;2176772;1127432192;15966208;1278074880;0;0;0;0;0;0;0;0;0;0;0;2395;0;0;112;0;102;0;
3735;1977959;1127432192;15966208;1278074880;0;0;0;0;0;0;0;0;0;0;0;1824;0;0;112;0;102;0;
3736;2751049;1127432192;15966208;1278074880;0;0;0;0;0;0;0;0;0;0;0;1804;0;0;112;0;102;0;
3737;3219057;1127432192;15966208;1278074880;0;0;0;0;0;0;0;0;0;0;0;3326;0;0;112;0;102;0;
3738;1987297;1127432192;15966208;1278074880;0;0;0;0;0;0;0;0;0;0;0;2314;0;0;112;0;102;0;
3739;3569153;1127432192;15966208;1278074880;0;0;0;0;0;0;0;0;0;0;0;2355;0;0;112;0;102;0;
3740;2880041;1127432192;15966208;1278074880;0;0;0;0;0;0;0;0;0;0;0;2755;0;0;112;0;102;0;
3741;2911871;1127432192;15966208;1278074880;0;0;0;0;0;0;0;0;0;0;0;2605;0;0;112;0;102;0;
3742;2874631;1127432192;15966208;1278074880;0;0;0;0;0;0;0;0;0;0;0;2264;0;0;112;0;102;0;
3743;2450516;1127432192;15966208;1278074880;0;0;0;0;0;0;0;0;0;0;0;1894;0;0;112;0;102;0;
3744;2451497;1127432192;15966208;1278074880;0;0;0;0;0;0;0;0;0;0;0;2415;0;0;112;0;102;0;
3745;5903271;1127432192;15966208;1278074880;0;0;0;0;0;0;0;0;0;0;0;2244;0;0;112;0;102;0;
3746;3441795;1127432192;15966208;1278074880;0;0;0;0;0;0;0;0;0;0;0;64731;0;0;112;0;102;0;
3747;2463771;1127432192;15966208;1278074880;0;0;0;0;0;0;0;0;0;0;0;2594;0;0;112;0;102;0;
3748;2732024;1127432192;15966208;1278074880;0;0;0;0;0;0;0;0;0;0;0;2124;0;0;112;0;102;0;
3749;3176087;1127432192;15966208;1278074880;0;0;0;0;0;0;0;0;0;0;0;2454;0;0;112;0;102;0;
3750;2062869;1127432192;15966208;1278074880;0;0;0;0;0;0;0;0;0;0;0;1904;0;0;112;0;102;0;
3751;2012074;1127432192;15966208;1278074880;0;0;0;0;0;0;0;0;0;0;0;1843;0;0;112;0;102;0;
3752;3391450;1127432192;15966208;1278074880;0;0;0;0;0;0;0;0;0;0;0;2144;0;0;112;0;102;0;
3753;2686929;1127432192;15966208;1278074880;0;0;0;0;0;0;0;0;0;0;0;2364;0;0;112;0;102;0;
3754;3086248;1127432192;15966208;1278074880;0;0;0;0;0;0;0;0;0;0;0;2375;0;0;112;0;102;0;
3755;3314786;1127432192;15966208;1278074880;0;0;0;0;0;0;0;0;0;0;0;2244;0;0;112;0;102;0;
3756;2759996;1127432192;15966208;1278074880;0;0;0;0;0;0;0;0;0;0;0;2535;0;0;112;0;102;0;
3757;2075181;1127432192;15966208;1278074880;0;0;0;0;0;0;0;0;0;0;0;2205;0;0;112;0;102;0;
3758;5110133;1127432192;15966208;1278074880;0;0;0;0;0;0;0;0;0;0;0;1933;0;0;112;0;102;0;
3759;2828664;1127432192;15966208;1278074880;0;0;0;0;0;0;0;0;0;0;0;2565;0;0;112;0;102;0;
3760;2001754;1127432192;15966208;1278074880;0;0;0;0;0;0;0;0;0;0;0;2555;0;0;112;0;102;0;
3761;3030554;1127432192;15966208;1278074880;0;0;0;0;0;0;0;0;0;0;0;1824;0;0;112;0;102;0;
3762;2271039;1127432192;15966208;1278074880;0;0;0;0;0;0;0;0;0;0;0;2505;0;0;112;0;102;0;
3763;3387142;1127432192;15966208;1278074880;0;0;0;0;0;0;0;0;0;0;0;2645;0;0;112;0;102;0;
3764;2976842;1127432192;15966208;1278074880;0;0;0;0;0;0;0;0;0;0;0;2284;0;0;112;0;102;0;
3765;1559394;1127432192;15966208;1278074880;0;0;0;0;0;0;0;0;0;0;0;2104;0;0;112;0;102;0;
3766;2096232;1127432192;15966208;1278074880;0;0;0;0;0;0;0;0;0;0;0;2004;0;0;112;0;102;0;
3767;3141752;1127432192;15966208;1278074880;0;0;0;0;0;0;0;0;0;0;0;2444;0;0;112;0;102;0;
3768;2973446;1127432192;15966208;1278074880;0;0;0;0;0;0;0;0;0;0;0;2725;0;0;112;0;102;0;
3769;2366818;1127432192;15966208;1278074880;0;0;0;0;0;0;0;0;0;0;0;2414;0;0;112;0;102;0;
3770;5517788;1127432192;15966208;1278074880;0;0;0;0;0;0;0;0;0;0;0;2444;0;0;112;0;102;0;
3771;3145428;1127432192;15970304;1278078976;0;0;0;0;0;0;0;0;0;0;0;2675;0;0;112;0;102;0;
3772;2180660;1127432192;15970304;1278078976;0;0;0;0;0;0;0;0;0;0;0;2725;0;0;112;0;102;0;
3773;1586004;1127432192;15970304;1278078976;0;0;0;0;0;0;0;0;0;0;0;1793;0;0;112;0;102;0;
3774;3421016;1127432192;15970304;1278078976;0;0;0;0;0;0;0;0;0;0;0;2134;0;0;112;0;102;0;
3775;2731502;1127432192;15970304;1278078976;0;0;0;0;0;0;0;0;0;0;0;2585;0;0;112;0;102;0;
3776;2567665;1127432192;15970304;1278078976;0;0;0;0;0;0;0;0;0;0;0;2505;0;0;112;0;102;0;
3777;2852299;1127432192;15970304;1278078976;0;0;0;0;0;0;0;0;0;0;0;1833;0;0;112;0;102;0;
3778;2376267;1127432192;15970304;1278078976;0;0;0;0;0;0;0;0;0;0;0;2585;0;0;112;0;102;0;
3779;2994976;1127432192;15970304;1278078976;0;0;0;0;0;0;0;0;0;0;0;2715;0;0;112;0;102;0;
3780;3284630;1127432192;15970304;1278078976;0;0;0;0;0;0;0;0;0;0;0;2475;0;0;112;0;102;0;
3781;1903921;1127432192;15970304;1278078976;0;0;0;0;0;0;0;0;0;0;0;1994;0;0;112;0;102;0;
3782;1877190;1127432192;15970304;1278078976;0;0;0;0;0;0;0;0;0;0;0;1833;0;0;112;0;102;0;
3783;5587699;1127432192;15970304;1278078976;0;0;0;0;0;0;0;0;0;0;0;1713;0;0;112;0;102;0;
3784;3477201;1127432192;15970304;1278078976;0;0;0;0;0;0;0;0;0;0;0;3046;0;0;112;0;102;0;
3785;3274381;1127432192;15970304;1278078976;0;0;0;0;0;0;0;0;0;0;0;2765;0;0;112;0;102;0;
3786;2223389;1127432192;15970304;1278078976;0;0;0;0;0;0;0;0;0;0;0;1422;0;0;112;0;102;0;
3787;2340649;1127432192;15970304;1278078976;0;0;0;0;0;0;0;0;0;0;0;1613;0;0;112;0;102;0;
3788;2668004;1127432192;15970304;1278078976;0;0;0;0;0;0;0;0;0;0;0;2534;0;0;112;0;102;0;
3789;2285646;1127432192;15970304;1278078976;0;0;0;0;0;0;0;0;0;0;0;2665;0;0;112;0;102;0;
3790;3715608;1127432192;15970304;1278078976;0;0;0;0;0;0;0;0;0;0;0;2735;0;0;112;0;102;0;
3791;2253627;1127432192;15970304;1278078976;0;0;0;0;0;0;0;0;0;0;0;3066;0;0;112;0;102;0;
3792;1638363;1127432192;15970304;1278078976;0;0;0;0;0;0;0;0;0;0;0;2264;0;0;112;0;102;0;
3793;3391280;1127469056;15966208;1278074880;0;0;0;0;0;0;0;0;0;0;0;1794;0;0;112;0;102;0;
3794;2609083;1127469056;15966208;1278074880;0;0;0;0;0;0;0;0;0;0;0;2524;0;0;112;0;102;0;
3795;1402460;1127469056;15966208;1278074880;0;0;0;0;0;0;0;0;0;0;0;1843;0;0;112;0;102;0;
3796;5757908;1127469056;15966208;1278074880;0;0;0;0;0;0;0;0;0;0;0;1763;0;0;112;0;102;0;
3797;3497289;1127469056;15966208;1278074880;0;0;0;0;0;0;0;0;0;0;0;2976;0;0;112;0;102;0;
3798;2625924;1127469056;15966208;1278074880;0;0;0;0;0;0;0;0;0;0;0;2595;0;0;112;0;102;0;
3799;2662333;1127469056;15966208;1278074880;0;0;0;0;0;0;0;0;0;0;0;2274;0;0;112;0;102;0;
3800;2166793;1127469056;15966208;1278074880;0;0;0;0;0;0;0;0;0;0;0;1803;0;0;112;0;102;0;
3801;2167965;1127469056;15966208;1278074880;0;0;0;0;0;0;0;0;0;0;0;1713;0;0;112;0;102;0;
3802;2061536;1127469056;15966208;1278074880;0;0;0;0;0;0;0;0;0;0;0;2324;0;0;112;0;102;0;
3803;3347868;1127469056;15966208;1278074880;0;0;0;0;0;0;0;0;0;0;0;2134;0;0;112;0;102;0;
3804;3015686;1127469056;15966208;1278074880;0;0;0;0;0;0;0;0;0;0;0;2584;0;0;112;0;102;0;
3805;2698772;1127469056;15966208;1278074880;0;0;0;0;0;0;0;0;0;0;0;3056;0;0;112;0;102;0;
3806;4289244;1127469056;15966208;1278074880;0;0;0;0;0;0;0;0;0;0;0;2815;0;0;112;0;102;0;
3807;1505784;1127469056;15966208;1278074880;0;0;0;0;0;0;0;0;0;0;0;2435;0;0;112;0;102;0;
3808;1333651;1127469056;15966208;1278074880;0;0;0;0;0;0;0;0;0;0;0;1583;0;0;112;0;102;0;
3809;5044380;1127469056;15966208;1278074880;0;0;0;0;0;0;0;0;0;0;0;1272;0;0;112;0;102;0;
3810;4124605;1127469056;15966208;1278074880;0;0;0;0;0;0;0;0;0;0;0;3346;0;0;112;0;102;0;
3811;2592823;1127469056;15966208;1278074880;0;0;0;0;0;0;0;0;0;0;0;2765;0;0;112;0;102;0;
3812;2836139;1127469056;15966208;1278074880;0;0;0;0;0;0;0;0;0;0;0;2595;0;0;112;0;102;0;
3813;3150308;1127469056;15966208;1278074880;0;0;0;0;0;0;0;0;0;0;0;2575;0;0;112;0;102;0;
3814;2262773;1127469056;15966208;1278074880;0;0;0;0;0;0;0;0;0;0;0;2275;0;0;112;0;102;0;
3815;2004299;1127469056;15966208;1278074880;0;0;0;0;0;0;0;0;0;0;0;1683;0;0;112;0;102;0;
3816;3107648;1127469056;15966208;1278074880;0;0;0;0;0;0;0;0;0;0;0;1964;0;0;112;0;102;0;
3817;2786446;1127469056;15966208;1278074880;0;0;0;0;0;0;0;0;0;0;0;2254;0;0;112;0;102;0;
3818;2530897;1127469056;15966208;1278074880;0;0;0;0;0;0;0;0;0;0;0;2745;0;0;112;0;102;0;
3819;3256457;1127469056;15966208;1278074880;0;0;0;0;0;0;0;0;0;0;0;3025;0;0;112;0;102;0;
3820;2263805;1127469056;15966208;1278074880;0;0;0;0;0;0;0;0;0;0;0;2224;0;0;112;0;102;0;
3821;2826311;1127469056;15966208;1278074880;0;0;0;0;0;0;0;0;0;0;0;2415;0;0;112;0;102;0;
3822;5532365;1127469056;15966208;1278074880;0;0;0;0;0;0;0;0;0;0;0;1914;0;0;112;0;102;0;
3823;3908590;1127469056;15966208;1278074880;0;0;0;0;0;0;0;0;0;0;0;3407;0;0;112;0;102;0;
3824;3610201;1127469056;15966208;1278074880;0;0;0;0;0;0;0;0;0;0;0;3246;0;0;112;0;102;0;
3825;2924244;1127469056;15966208;1278074880;0;0;0;0;0;0;0;0;0;0;0;2776;0;0;112;0;102;0;
3826;4087456;1127469056;15966208;1278074880;0;0;0;0;0;0;0;0;0;0;0;3186;0;0;112;0;102;0;
3827;2805000;1127469056;15966208;1278074880;0;0;0;0;0;0;0;0;0;0;0;3086;0;0;112;0;102;0;
3828;1898511;1127469056;15966208;1278074880;0;0;0;0;0;0;0;0;0;0;0;2184;0;0;112;0;102;0;
3829;3352097;1127469056;15966208;1278074880;0;0;0;0;0;0;0;0;0;0;0;2284;0;0;112;0;102;0;
3830;3045051;1127469056;15966208;1278074880;0;0;0;0;0;0;0;0;0;0;0;2926;0;0;112;0;102;0;
3831;3586907;1127469056;15966208;1278074880;0;0;0;0;0;0;0;0;0;0;0;3677;0;0;112;0;102;0;
3832;3814624;1127469056;15966208;1278074880;0;0;0;0;0;0;0;0;0;0;0;2114;0;0;112;0;102;0;
3833;2799340;1127469056;15966208;1278074880;0;0;0;0;0;0;0;0;0;0;0;2615;0;0;112;0;102;0;
3834;2197651;1127469056;15966208;1278074880;0;0;0;0;0;0;0;0;0;0;0;2876;0;0;112;0;102;0;
3835;6041060;1127469056;15966208;1278074880;0;0;0;0;0;0;0;0;0;0;0;2214;0;0;112;0;102;0;
3836;4107162;1127469056;15966208;1278074880;0;0;0;0;0;0;0;0;0;0;0;2915;0;0;112;0;102;0;
3837;3160467;1127469056;15966208;1278074880;0;0;0;0;0;0;0;0;0;0;0;2715;0;0;112;0;102;0;
3838;3671525;1127469056;15966208;1278074880;0;0;0;0;0;0;0;0;0;0;0;2415;0;0;112;0;102;0;
3839;3178621;1127469056;15966208;1278074880;0;0;0;0;0;0;0;0;0;0;0;2144;0;0;112;0;102;0;
3840;4540926;1127469056;15966208;1278074880;0;0;0;0;0;0;0;0;0;0;0;2955;0;0;112;0;102;0;
3841;2916119;1127469056;15966208;1278074880;0;0;0;0;0;0;0;0;0;0;0;3466;0;0;112;0;102;0;
3842;4463520;1127469056;15966208;1278074880;0;0;0;0;0;0;0;0;0;0;0;2945;0;0;112;0;102;0;
3843;2521989;1127469056;15966208;1278074880;0;0;0;0;0;0;0;0;0;0;0;3186;0;0;112;0;102;0;
3844;2243437;1127469056;15966208;1278074880;0;0;0;0;0;0;0;0;0;0;0;2435;0;0;112;0;102;0;
3845;6692251;1127469056;15966208;1278074880;0;0;0;0;0;0;0;0;0;0;0;2975;0;0;112;0;102;0;
3846;2339147;1127469056;15966208;1278074880;0;0;0;0;0;0;0;0;0;0;0;3266;0;0;112;0;102;0;
3847;2685937;1127469056;15966208;1278074880;0;0;0;0;0;0;0;0;0;0;0;3226;0;0;112;0;102;0;
3848;7015106;1127469056;15966208;1278074880;0;0;0;0;0;0;0;0;0;0;0;3306;0;0;112;0;102;0;
3849;4455316;1127469056;15966208;1278074880;0;0;0;0;0;0;0;0;0;0;0;5541;0;0;112;0;102;0;
3850;2703500;1127469056;15966208;1278074880;0;0;0;0;0;0;0;0;0;0;0;2726;0;0;112;0;102;0;
3851;2734438;1127469056;15966208;1278074880;0;0;0;0;0;0;0;0;0;0;0;2014;0;0;112;0;102;0;
3852;3042386;1127469056;15966208;1278074880;0;0;0;0;0;0;0;0;0;0;0;3326;0;0;112;0;102;0;
3853;2764946;1127469056;15966208;1278074880;0;0;0;0;0;0;0;0;0;0;0;2685;0;0;112;0;102;0;
3854;3023039;1127469056;15966208;1278074880;0;0;0;0;0;0;0;0;0;0;0;2965;0;0;112;0;102;0;
3855;3741437;1127469056;15966208;1278074880;0;0;0;0;0;0;0;0;0;0;0;2685;0;0;112;0;102;0;
3856;3145719;1127469056;15966208;1278074880;0;0;0;0;0;0;0;0;0;0;0;3096;0;0;112;0;102;0;
3857;3836896;1127469056;15966208;1278074880;0;0;0;0;0;0;0;0;0;0;0;3757;0;0;112;0;102;0;
3858;3839391;1127469056;15966208;1278074880;0;0;0;0;0;0;0;0;0;0;0;3026;0;0;112;0;102;0;
3859;2391265;1127469056;15966208;1278074880;0;0;0;0;0;0;0;0;0;0;0;2905;0;0;112;0;102;0;
3860;2285105;1127469056;15966208;1278074880;0;0;0;0;0;0;0;0;0;0;0;2595;0;0;112;0;102;0;
3861;6573027;1127469056;15966208;1278074880;0;0;0;0;0;0;0;0;0;0;0;3166;0;0;112;0;102;0;
3862;4815702;1127469056;15966208;1278074880;0;0;0;0;0;0;0;0;0;0;0;3486;0;0;112;0;102;0;
3863;2483988;1127469056;15966208;1278074880;0;0;0;0;0;0;0;0;0;0;0;2885;0;0;112;0;102;0;
3864;4321605;1127469056;15966208;1278074880;0;0;0;0;0;0;0;0;0;0;0;3517;0;0;112;0;102;0;
3865;2949210;1127469056;15966208;1278074880;0;0;0;0;0;0;0;0;0;0;0;2935;0;0;112;0;102;0;
3866;2010901;1127469056;15966208;1278074880;0;0;0;0;0;0;0;0;0;0;0;2445;0;0;112;0;102;0;
3867;2953809;1127469056;15966208;1278074880;0;0;0;0;0;0;0;0;0;0;0;2945;0;0;112;0;102;0;
3868;3146932;1127469056;15966208;1278074880;0;0;0;0;0;0;0;0;0;0;0;3106;0;0;112;0;102;0;
3869;3085757;1127469056;15966208;1278074880;0;0;0;0;0;0;0;0;0;0;0;3547;0;0;112;0;102;0;
3870;3040923;1127469056;15966208;1278074880;0;0;0;0;0;0;0;0;0;0;0;2866;0;0;112;0;102;0;
3871;5725007;1133760512;15966208;1294852096;0;0;0;0;0;0;0;0;0;0;0;2544;0;0;113;0;102;0;
3872;2373571;1133760512;15966208;1294852096;0;0;0;0;0;0;0;0;0;0;0;3266;0;0;113;0;102;0;
3873;2255140;1133760512;15966208;1294852096;0;0;0;0;0;0;0;0;0;0;0;2355;0;0;113;0;102;0;
3874;7755624;1133760512;15966208;1294852096;0;0;0;0;0;0;0;0;0;0;0;37130;0;0;113;0;102;0;
3875;6668256;1137786880;15966208;1294852096;0;0;0;0;0;0;0;0;0;0;0;2565;0;0;114;0;102;0;
3876;3085126;1137786880;15966208;1294852096;0;0;0;0;0;0;0;0;0;0;0;3647;0;0;114;0;102;0;
3877;3411959;1137786880;15966208;1294852096;0;0;0;0;0;0;0;0;0;0;0;4438;0;0;114;0;102;0;
3878;3243763;1137786880;15966208;1294852096;0;0;0;0;0;0;0;0;0;0;0;2074;0;0;114;0;102;0;
3879;2925016;1137786880;15966208;1294852096;0;0;0;0;0;0;0;0;0;0;0;3145;0;0;114;0;102;0;
3880;2659618;1137786880;15966208;1294852096;0;0;0;0;0;0;0;0;0;0;0;2444;0;0;114;0;102;0;
3881;3050741;1137786880;15966208;1294852096;0;0;0;0;0;0;0;0;0;0;0;134122;0;0;114;0;102;0;
3882;3042476;1137786880;15966208;1294852096;0;0;0;0;0;0;0;0;0;0;0;3056;0;0;114;0;102;0;
3883;3434622;1137786880;15966208;1294852096;0;0;0;0;0;0;0;0;0;0;0;2795;0;0;114;0;102;0;
3884;3161879;1137786880;15966208;1294852096;0;0;0;0;0;0;0;0;0;0;0;3236;0;0;114;0;102;0;
3885;2389311;1137786880;15966208;1294852096;0;0;0;0;0;0;0;0;0;0;0;2745;0;0;114;0;102;0;
3886;2787668;1137786880;15966208;1294852096;0;0;0;0;0;0;0;0;0;0;0;2945;0;0;114;0;102;0;
3887;6698872;1137786880;15966208;1294852096;0;0;0;0;0;0;0;0;0;0;0;2033;0;0;114;0;102;0;
3888;4007135;1137786880;15966208;1294852096;0;0;0;0;0;0;0;0;0;0;0;3276;0;0;114;0;102;0;
3889;2772149;1137786880;15966208;1294852096;0;0;0;0;0;0;0;0;0;0;0;3506;0;0;114;0;102;0;
3890;3261346;1137786880;15966208;1294852096;0;0;0;0;0;0;0;0;0;0;0;2995;0;0;114;0;102;0;
3891;5440002;1137786880;15966208;1294852096;0;0;0;0;0;0;0;0;0;0;0;1933;0;0;114;0;102;0;
3892;2089588;1137786880;15966208;1294852096;0;0;0;0;0;0;0;0;0;0;0;2534;0;0;114;0;102;0;
3893;1144256;1137786880;15966208;1294852096;0;0;0;0;0;0;0;0;0;0;0;1723;0;0;114;0;102;0;
3894;2279816;1137786880;15966208;1294852096;0;0;0;0;0;0;0;0;0;0;0;1743;0;0;114;0;102;0;
3895;1805986;1137786880;15966208;1294852096;0;0;0;0;0;0;0;0;0;0;0;2695;0;0;114;0;102;0;
3896;2475002;1137786880;15966208;1294852096;0;0;0;0;0;0;0;0;0;0;0;2765;0;0;114;0;102;0;
3897;3327149;1137786880;15966208;1294852096;0;0;0;0;0;0;0;0;0;0;0;3176;0;0;114;0;102;0;
3898;2215034;1137786880;15966208;1294852096;0;0;0;0;0;0;0;0;0;0;0;2896;0;0;114;0;102;0;
3899;4165602;1137786880;15966208;1294852096;0;0;0;0;0;0;0;0;0;0;0;2936;0;0;114;0;102;0;
3900;6314122;1137786880;15966208;1294852096;0;0;0;0;0;0;0;0;0;0;0;2765;0;0;114;0;102;0;
3901;5321951;1137786880;15974400;1294860288;0;0;0;0;0;0;0;0;0;0;0;3096;0;0;114;0;102;0;
3902;4475944;1137786880;15974400;1294860288;0;0;0;0;0;0;0;0;0;0;0;4127;0;0;114;0;102;0;
3903;2178375;1137786880;15974400;1294860288;0;0;0;0;0;0;0;0;0;0;0;2494;0;0;114;0;102;0;
3904;3631962;1137786880;15974400;1294860288;0;0;0;0;0;0;0;0;0;0;0;2555;0;0;114;0;102;0;
3905;2100669;1137786880;15974400;1294860288;0;0;0;0;0;0;0;0;0;0;0;2264;0;0;114;0;102;0;
3906;2287610;1137786880;15974400;1294860288;0;0;0;0;0;0;0;0;0;0;0;2004;0;0;114;0;102;0;
3907;2891202;1137786880;15974400;1294860288;0;0;0;0;0;0;0;0;0;0;0;1994;0;0;114;0;102;0;
3908;3999471;1137786880;15974400;1294860288;0;0;0;0;0;0;0;0;0;0;0;4338;0;0;114;0;102;0;
3909;3073714;1137786880;15974400;1294860288;0;0;0;0;0;0;0;0;0;0;0;2805;0;0;114;0;102;0;
3910;4005943;1137786880;15974400;1294860288;0;0;0;0;0;0;0;0;0;0;0;2134;0;0;114;0;102;0;
3911;3899784;1137786880;15974400;1294860288;0;0;0;0;0;0;0;0;0;0;0;2604;0;0;114;0;102;0;
3912;2546856;1137786880;15974400;1294860288;0;0;0;0;0;0;0;0;0;0;0;2945;0;0;114;0;102;0;
3913;5986437;1137786880;15974400;1294860288;0;0;0;0;0;0;0;0;0;0;0;2364;0;0;114;0;102;0;
3914;3548064;1137786880;15974400;1294860288;0;0;0;0;0;0;0;0;0;0;0;3486;0;0;114;0;102;0;
3915;3206553;1137786880;15974400;1294860288;0;0;0;0;0;0;0;0;0;0;0;2835;0;0;114;0;102;0;
3916;2769153;1137786880;15974400;1294860288;0;0;0;0;0;0;0;0;0;0;0;2414;0;0;114;0;102;0;
3917;2837842;1137786880;15974400;1294860288;0;0;0;0;0;0;0;0;0;0;0;1724;0;0;114;0;102;0;
3918;2149891;1137786880;15974400;1294860288;0;0;0;0;0;0;0;0;0;0;0;2094;0;0;114;0;102;0;
3919;2162375;1137786880;15974400;1294860288;0;0;0;0;0;0;0;0;0;0;0;1402;0;0;114;0;102;0;
3920;2539713;1137786880;15974400;1294860288;0;0;0;0;0;0;0;0;0;0;0;1814;0;0;114;0;102;0;
3921;3701602;1137786880;15974400;1294860288;0;0;0;0;0;0;0;0;0;0;0;2605;0;0;114;0;102;0;
3922;2517041;1137786880;15974400;1294860288;0;0;0;0;0;0;0;0;0;0;0;2385;0;0;114;0;102;0;
3923;3595412;1137975296;15966208;1294852096;0;0;0;0;0;0;0;0;0;0;0;1783;0;0;114;0;102;0;
3924;2666571;1137975296;15966208;1294852096;0;0;0;0;0;0;0;0;0;0;0;2464;0;0;114;0;102;0;
3925;3167130;1137975296;15966208;1294852096;0;0;0;0;0;0;0;0;0;0;0;1853;0;0;114;0;102;0;
3926;5224829;1137975296;15966208;1294852096;0;0;0;0;0;0;0;0;0;0;0;2003;0;0;114;0;102;0;
3927;4184408;1137975296;15966208;1294852096;0;0;0;0;0;0;0;0;0;0;0;3236;0;0;114;0;102;0;
3928;2450405;1137975296;15966208;1294852096;0;0;0;0;0;0;0;0;0;0;0;2595;0;0;114;0;102;0;
3929;2873198;1137975296;15966208;1294852096;0;0;0;0;0;0;0;0;0;0;0;1673;0;0;114;0;102;0;
3930;2802636;1137975296;15966208;1294852096;0;0;0;0;0;0;0;0;0;0;0;2023;0;0;114;0;102;0;
3931;2701046;1137975296;15966208;1294852096;0;0;0;0;0;0;0;0;0;0;0;2675;0;0;114;0;102;0;
3932;2772489;1137975296;15966208;1294852096;0;0;0;0;0;0;0;0;0;0;0;2194;0;0;114;0;102;0;
3933;3098842;1137975296;15966208;1294852096;0;0;0;0;0;0;0;0;0;0;0;1924;0;0;114;0;102;0;
3934;2130996;1137975296;15966208;1294852096;0;0;0;0;0;0;0;0;0;0;0;2826;0;0;114;0;102;0;
3935;1974954;1137975296;15966208;1294852096;0;0;0;0;0;0;0;0;0;0;0;1724;0;0;114;0;102;0;
3936;2702127;1137975296;15966208;1294852096;0;0;0;0;0;0;0;0;0;0;0;1924;0;0;114;0;102;0;
3937;2653606;1137975296;15966208;1294852096;0;0;0;0;0;0;0;0;0;0;0;2124;0;0;114;0;102;0;
3938;2324249;1137975296;15966208;1294852096;0;0;0;0;0;0;0;0;0;0;0;1994;0;0;114;0;102;0;
3939;5692586;1137975296;15966208;1294852096;0;0;0;0;0;0;0;0;0;0;0;3015;0;0;114;0;102;0;
3940;5445803;1137975296;15966208;1294852096;0;0;0;0;0;0;0;0;0;0;0;3146;0;0;114;0;102;0;
3941;3295580;1137975296;15966208;1294852096;0;0;0;0;0;0;0;0;0;0;0;4779;0;0;114;0;102;0;
3942;2058270;1137975296;15966208;1294852096;0;0;0;0;0;0;0;0;0;0;0;1393;0;0;114;0;102;0;
3943;3060019;1137975296;15966208;1294852096;0;0;0;0;0;0;0;0;0;0;0;2334;0;0;114;0;102;0;
3944;3169584;1137975296;15966208;1294852096;0;0;0;0;0;0;0;0;0;0;0;2315;0;0;114;0;102;0;
3945;2302949;1137975296;15966208;1294852096;0;0;0;0;0;0;0;0;0;0;0;2525;0;0;114;0;102;0;
3946;3638594;1137975296;15966208;1294852096;0;0;0;0;0;0;0;0;0;0;0;2736;0;0;114;0;102;0;
3947;3260104;1137975296;15966208;1294852096;0;0;0;0;0;0;0;0;0;0;0;2936;0;0;114;0;102;0;
3948;1415114;1137975296;15966208;1294852096;0;0;0;0;0;0;0;0;0;0;0;1744;0;0;114;0;102;0;
3949;3261326;1137975296;15966208;1294852096;0;0;0;0;0;0;0;0;0;0;0;1774;0;0;114;0;102;0;
3950;1758217;1137975296;15966208;1294852096;0;0;0;0;0;0;0;0;0;0;0;1933;0;0;114;0;102;0;
3951;1882320;1137975296;15966208;1294852096;0;0;0;0;0;0;0;0;0;0;0;2054;0;0;114;0;102;0;
3952;6102294;1137975296;15966208;1294852096;0;0;0;0;0;0;0;0;0;0;0;2104;0;0;114;0;102;0;
3953;5026426;1137975296;15966208;1294852096;0;0;0;0;0;0;0;0;0;0;0;2956;0;0;114;0;102;0;
3954;2672522;1137975296;15966208;1294852096;0;0;0;0;0;0;0;0;0;0;0;3517;0;0;114;0;102;0;
3955;2520767;1137975296;15966208;1294852096;0;0;0;0;0;0;0;0;0;0;0;2244;0;0;114;0;102;0;
3956;3150539;1137975296;15966208;1294852096;0;0;0;0;0;0;0;0;0;0;0;3015;0;0;114;0;102;0;
3957;2280537;1137975296;15966208;1294852096;0;0;0;0;0;0;0;0;0;0;0;2535;0;0;114;0;102;0;
3958;2032321;1137975296;15966208;1294852096;0;0;0;0;0;0;0;0;0;0;0;1502;0;0;114;0;102;0;
3959;3225799;1137975296;15966208;1294852096;0;0;0;0;0;0;0;0;0;0;0;2484;0;0;114;0;102;0;
3960;2536868;1137975296;15966208;1294852096;0;0;0;0;0;0;0;0;0;0;0;2354;0;0;114;0;102;0;
3961;3194591;1137975296;15966208;1294852096;0;0;0;0;0;0;0;0;0;0;0;2354;0;0;114;0;102;0;
3962;4247155;1137975296;15966208;1294852096;0;0;0;0;0;0;0;0;0;0;0;2825;0;0;114;0;102;0;
3963;3011538;1137975296;15966208;1294852096;0;0;0;0;0;0;0;0;0;0;0;2835;0;0;114;0;102;0;
3964;2735570;1137975296;15966208;1294852096;0;0;0;0;0;0;0;0;0;0;0;3086;0;0;114;0;102;0;
3965;5744894;1137975296;15966208;1294852096;0;0;0;0;0;0;0;0;0;0;0;2786;0;0;114;0;102;0;
3966;3671375;1137975296;15966208;1294852096;0;0;0;0;0;0;0;0;0;0;0;3126;0;0;114;0;102;0;
3967;3006588;1137975296;15966208;1294852096;0;0;0;0;0;0;0;0;0;0;0;2825;0;0;114;0;102;0;
3968;2907112;1137975296;15966208;1294852096;0;0;0;0;0;0;0;0;0;0;0;2966;0;0;114;0;102;0;
3969;3068204;1137975296;15966208;1294852096;0;0;0;0;0;0;0;0;0;0;0;2264;0;0;114;0;102;0;
3970;3416407;1137975296;15966208;1294852096;0;0;0;0;0;0;0;0;0;0;0;2765;0;0;114;0;102;0;
3971;2383971;1137975296;15966208;1294852096;0;0;0;0;0;0;0;0;0;0;0;2615;0;0;114;0;102;0;
3972;3237010;1137975296;15966208;1294852096;0;0;0;0;0;0;0;0;0;0;0;2334;0;0;114;0;102;0;
3973;3152943;1137975296;15966208;1294852096;0;0;0;0;0;0;0;0;0;0;0;5590;0;0;114;0;102;0;
3974;3388956;1137975296;15966208;1294852096;0;0;0;0;0;0;0;0;0;0;0;4138;0;0;114;0;102;0;
3975;3721268;1137975296;15966208;1294852096;0;0;0;0;0;0;0;0;0;0;0;3286;0;0;114;0;102;0;
3976;2971743;1137975296;15966208;1294852096;0;0;0;0;0;0;0;0;0;0;0;42590;0;0;114;0;102;0;
3977;2943059;1137975296;15966208;1294852096;0;0;0;0;0;0;0;0;0;0;0;2885;0;0;114;0;102;0;
3978;5447696;1137975296;15966208;1294852096;0;0;0;0;0;0;0;0;0;0;0;2415;0;0;114;0;102;0;
3979;3827859;1137975296;15966208;1294852096;0;0;0;0;0;0;0;0;0;0;0;2806;0;0;114;0;102;0;
3980;2779724;1137975296;15966208;1294852096;0;0;0;0;0;0;0;0;0;0;0;2765;0;0;114;0;102;0;
3981;3527615;1137975296;15966208;1294852096;0;0;0;0;0;0;0;0;0;0;0;3426;0;0;114;0;102;0;
3982;3012940;1137975296;15966208;1294852096;0;0;0;0;0;0;0;0;0;0;0;2725;0;0;114;0;102;0;
3983;2568327;1137975296;15966208;1294852096;0;0;0;0;0;0;0;0;0;0;0;3437;0;0;114;0;102;0;
3984;4194166;1137975296;15966208;1294852096;0;0;0;0;0;0;0;0;0;0;0;3196;0;0;114;0;102;0;
3985;2696628;1137975296;15966208;1294852096;0;0;0;0;0;0;0;0;0;0;0;2795;0;0;114;0;102;0;
3986;2786095;1137975296;15966208;1294852096;0;0;0;0;0;0;0;0;0;0;0;3065;0;0;114;0;102;0;
3987;4374614;1137975296;15966208;1294852096;0;0;0;0;0;0;0;0;0;0;0;2735;0;0;114;0;102;0;
3988;3590664;1137975296;15966208;1294852096;0;0;0;0;0;0;0;0;0;0;0;2204;0;0;114;0;102;0;
3989;2309862;1137975296;15966208;1294852096;0;0;0;0;0;0;0;0;0;0;0;3196;0;0;114;0;102;0;
3990;5734565;1137975296;15966208;1294852096;0;0;0;0;0;0;0;0;0;0;0;2826;0;0;114;0;102;0;
3991;4082537;1137975296;15970304;1294856192;0;0;0;0;0;0;0;0;0;0;0;2174;0;0;114;0;102;0;
3992;2874932;1137975296;15970304;1294856192;0;0;0;0;0;0;0;0;0;0;0;3306;0;0;114;0;102;0;
3993;2479761;1137975296;15970304;1294856192;0;0;0;0;0;0;0;0;0;0;0;3026;0;0;114;0;102;0;
3994;3499223;1137975296;15970304;1294856192;0;0;0;0;0;0;0;0;0;0;0;2524;0;0;114;0;102;0;
3995;3541592;1137975296;15970304;1294856192;0;0;0;0;0;0;0;0;0;0;0;3396;0;0;114;0;102;0;
3996;3315497;1137975296;15970304;1294856192;0;0;0;0;0;0;0;0;0;0;0;2785;0;0;114;0;102;0;
3997;3021336;1137975296;15970304;1294856192;0;0;0;0;0;0;0;0;0;0;0;2074;0;0;114;0;102;0;
3998;3088432;1137975296;15970304;1294856192;0;0;0;0;0;0;0;0;0;0;0;3226;0;0;114;0;102;0;
3999;2433343;1137975296;15970304;1294856192;0;0;0;0;0;0;0;0;0;0;0;2455;0;0;114;0;102;0;
4000;4183616;1137975296;15970304;1294856192;0;0;0;0;0;0;0;0;0;0;0;2866;0;0;114;0;102;0;
4001;2970310;1137975296;15970304;1294856192;0;0;0;0;0;0;0;0;0;0;0;3396;0;0;114;0;102;0;
4002;2442981;1137975296;15970304;1294856192;0;0;0;0;0;0;0;0;0;0;0;2344;0;0;114;0;102;0;
4003;5944148;1137975296;15970304;1294856192;0;0;0;0;0;0;0;0;0;0;0;3146;0;0;114;0;102;0;
4004;5441946;1137975296;15970304;1294856192;0;0;0;0;0;0;0;0;0;0;0;5180;0;0;114;0;102;0;
4005;4389302;1137975296;15970304;1294856192;0;0;0;0;0;0;0;0;0;0;0;3126;0;0;114;0;102;0;
4006;3052895;1137975296;15970304;1294856192;0;0;0;0;0;0;0;0;0;0;0;2545;0;0;114;0;102;0;
4007;3944398;1137975296;15970304;1294856192;0;0;0;0;0;0;0;0;0;0;0;2414;0;0;114;0;102;0;
4008;3503871;1137975296;15970304;1294856192;0;0;0;0;0;0;0;0;0;0;0;2705;0;0;114;0;102;0;
4009;2982664;1137975296;15970304;1294856192;0;0;0;0;0;0;0;0;0;0;0;2665;0;0;114;0;102;0;
4010;2620905;1137975296;15970304;1294856192;0;0;0;0;0;0;0;0;0;0;0;2404;0;0;114;0;102;0;
4011;2061345;1137975296;15970304;1294856192;0;0;0;0;0;0;0;0;0;0;0;3005;0;0;114;0;102;0;
4012;1907928;1137975296;15970304;1294856192;0;0;0;0;0;0;0;0;0;0;0;2494;0;0;114;0;102;0;
4013;4225765;1138061312;15966208;1294852096;0;0;0;0;0;0;0;0;0;0;0;2214;0;0;114;0;102;0;
4014;2536386;1138061312;15966208;1294852096;0;0;0;0;0;0;0;0;0;0;0;2765;0;0;114;0;102;0;
4015;3465739;1138061312;15966208;1294852096;0;0;0;0;0;0;0;0;0;0;0;2455;0;0;114;0;102;0;
4016;6247717;1138061312;15966208;1294852096;0;0;0;0;0;0;0;0;0;0;0;2394;0;0;114;0;102;0;
4017;3831536;1138061312;15966208;1294852096;0;0;0;0;0;0;0;0;0;0;0;3076;0;0;114;0;102;0;
4018;2616026;1138061312;15966208;1294852096;0;0;0;0;0;0;0;0;0;0;0;2895;0;0;114;0;102;0;
4019;2493617;1138061312;15966208;1294852096;0;0;0;0;0;0;0;0;0;0;0;2605;0;0;114;0;102;0;
4020;5548976;1142038528;15966208;1294852096;0;0;0;0;0;0;0;0;0;0;0;2855;0;0;115;0;102;0;
4021;1955387;1142038528;15966208;1294852096;0;0;0;0;0;0;0;0;0;0;0;3166;0;0;115;0;102;0;
4022;2195256;1142038528;15966208;1294852096;0;0;0;0;0;0;0;0;0;0;0;1943;0;0;115;0;102;0;
4023;3344412;1142038528;15966208;1294852096;0;0;0;0;0;0;0;0;0;0;0;2755;0;0;115;0;102;0;
4024;3142985;1142038528;15966208;1294852096;0;0;0;0;0;0;0;0;0;0;0;2625;0;0;115;0;102;0;
4025;5697625;1146359808;15966208;1294852096;0;0;0;0;0;0;0;0;0;0;0;2705;0;0;116;0;102;0;
4026;6851800;1150554112;15966208;1311629312;0;0;0;0;0;0;0;0;0;0;0;2916;0;0;116;0;102;0;
4027;4573246;1150554112;15966208;1311629312;0;0;0;0;0;0;0;0;0;0;0;3196;0;0;116;0;102;0;
4028;2076374;1150554112;15966208;1311629312;0;0;0;0;0;0;0;0;0;0;0;2825;0;0;116;0;102;0;
4029;6002998;1150554112;15966208;1311629312;0;0;0;0;0;0;0;0;0;0;0;2565;0;0;116;0;102;0;
4030;5664553;1150554112;15966208;1311629312;0;0;0;0;0;0;0;0;0;0;0;3226;0;0;116;0;102;0;
4031;3756865;1150554112;15966208;1311629312;0;0;0;0;0;0;0;0;0;0;0;5430;0;0;116;0;102;0;
4032;3267387;1150554112;15966208;1311629312;0;0;0;0;0;0;0;0;0;0;0;2224;0;0;116;0;102;0;
4033;3752097;1150554112;15966208;1311629312;0;0;0;0;0;0;0;0;0;0;0;2514;0;0;116;0;102;0;
4034;3204369;1150554112;15966208;1311629312;0;0;0;0;0;0;0;0;0;0;0;3146;0;0;116;0;102;0;
4035;3486930;1150554112;15966208;1311629312;0;0;0;0;0;0;0;0;0;0;0;2655;0;0;116;0;102;0;
4036;3871070;1150554112;15966208;1311629312;0;0;0;0;0;0;0;0;0;0;0;2404;0;0;116;0;102;0;
4037;2733666;1150554112;15966208;1311629312;0;0;0;0;0;0;0;0;0;0;0;3236;0;0;116;0;102;0;
4038;2588714;1150554112;15966208;1311629312;0;0;0;0;0;0;0;0;0;0;0;2525;0;0;116;0;102;0;
4039;3725346;1150554112;15966208;1311629312;0;0;0;0;0;0;0;0;0;0;0;2515;0;0;116;0;102;0;
4040;3538066;1150554112;15966208;1311629312;0;0;0;0;0;0;0;0;0;0;0;3607;0;0;116;0;102;0;
4041;7262600;1154527232;15966208;1311629312;0;0;0;0;0;0;0;0;0;0;0;2555;0;0;117;0;102;0;
4042;7245048;1154527232;15966208;1311629312;0;0;0;0;0;0;0;0;0;0;0;2715;0;0;117;0;102;0;
4043;5382835;1154785280;15966208;1311629312;0;0;0;0;0;0;0;0;0;0;0;2805;0;0;117;0;102;0;
4044;4172805;1154785280;15966208;1311629312;0;0;0;0;0;0;0;0;0;0;0;2685;0;0;117;0;102;0;
4045;3763879;1154785280;15966208;1311629312;0;0;0;0;0;0;0;0;0;0;0;2675;0;0;117;0;102;0;
4046;3663521;1158979584;15966208;1328406528;0;0;0;0;0;0;0;0;0;0;0;2756;0;0;117;0;102;0;
4047;4952368;1158979584;15966208;1328406528;0;0;0;0;0;0;0;0;0;0;0;2645;0;0;117;0;102;0;
4048;4500941;1158979584;15966208;1328406528;0;0;0;0;0;0;0;0;0;0;0;2644;0;0;117;0;102;0;
4049;3566128;1158979584;15966208;1328406528;0;0;0;0;0;0;0;0;0;0;0;2354;0;0;117;0;102;0;
4050;4561535;1158979584;15966208;1328406528;0;0;0;0;0;0;0;0;0;0;0;2405;0;0;117;0;102;0;
4051;3193078;1158979584;15966208;1328406528;0;0;0;0;0;0;0;0;0;0;0;3035;0;0;117;0;102;0;
4052;4363945;1158979584;15966208;1328406528;0;0;0;0;0;0;0;0;0;0;0;3416;0;0;117;0;102;0;
4053;3484114;1158979584;15966208;1328406528;0;0;0;0;0;0;0;0;0;0;0;3026;0;0;117;0;102;0;
4054;3548796;1158979584;15966208;1328406528;0;0;0;0;0;0;0;0;0;0;0;2705;0;0;117;0;102;0;
4055;7192388;1158979584;15966208;1328406528;0;0;0;0;0;0;0;0;0;0;0;2245;0;0;117;0;102;0;
4056;5981067;1158979584;15966208;1328406528;0;0;0;0;0;0;0;0;0;0;0;3507;0;0;117;0;102;0;
4057;6510450;1163214848;15966208;1328406528;0;0;0;0;0;0;0;0;0;0;0;2976;0;0;118;0;102;0;
4058;4664818;1163214848;15966208;1328406528;0;0;0;0;0;0;0;0;0;0;0;2334;0;0;118;0;102;0;
4059;4183556;1163214848;15966208;1328406528;0;0;0;0;0;0;0;0;0;0;0;2234;0;0;118;0;102;0;
4060;4990519;1167265792;15966208;1328406528;0;0;0;0;0;0;0;0;0;0;0;2965;0;0;119;0;102;0;
4061;4751101;1167265792;15966208;1328406528;0;0;0;0;0;0;0;0;0;0;0;2584;0;0;119;0;102;0;
4062;5042627;1167265792;15966208;1328406528;0;0;0;0;0;0;0;0;0;0;0;2826;0;0;119;0;102;0;
4063;4508365;1167265792;15966208;1328406528;0;0;0;0;0;0;0;0;0;0;0;2885;0;0;119;0;102;0;
4064;5143326;1167265792;15966208;1328406528;0;0;0;0;0;0;0;0;0;0;0;3687;0;0;119;0;106;0;
4065;3656979;1167265792;15966208;1328406528;0;0;0;0;0;0;0;0;0;0;0;2705;0;0;119;0;106;0;
4066;4119276;1167265792;15966208;1328406528;0;0;0;0;0;0;0;0;0;0;0;2465;0;0;119;0;106;0;
4067;2594696;1167265792;15966208;1328406528;0;0;0;0;0;0;0;0;0;0;0;2244;0;0;119;0;106;0;
4068;8171535;1167265792;15966208;1328406528;0;0;0;0;0;0;0;0;0;0;0;3286;0;0;119;0;106;0;
4069;4123223;1167265792;15966208;1328406528;0;0;0;0;0;0;0;0;0;0;0;2815;0;0;119;0;106;0;
4070;2980399;1167265792;15966208;1328406528;0;0;0;0;0;0;0;0;0;0;0;3016;0;0;119;0;106;0;
4071;1900575;1167265792;15966208;1328406528;0;0;0;0;0;0;0;0;0;0;0;2064;0;0;119;0;106;0;
4072;3205642;1167265792;15966208;1328406528;0;0;0;0;0;0;0;0;0;0;0;1884;0;0;119;0;106;0;
4073;3864978;1167265792;15966208;1328406528;0;0;0;0;0;0;0;0;0;0;0;2424;0;0;119;0;106;0;
4074;2845706;1167265792;15966208;1328406528;0;0;0;0;0;0;0;0;0;0;0;2414;0;0;119;0;106;0;
4075;4641394;1167265792;15966208;1328406528;0;0;0;0;0;0;0;0;0;0;0;2234;0;0;119;0;106;0;
4076;3327911;1167265792;15966208;1328406528;0;0;0;0;0;0;0;0;0;0;0;2434;0;0;119;0;106;0;
4077;4844816;1167265792;15966208;1328406528;0;0;0;0;0;0;0;0;0;0;0;2785;0;0;119;0;106;0;
4078;2970662;1167265792;15966208;1328406528;0;0;0;0;0;0;0;0;0;0;0;1923;0;0;119;0;106;0;
4079;2578115;1167265792;15966208;1328406528;0;0;0;0;0;0;0;0;0;0;0;2835;0;0;119;0;106;0;
4080;3002371;1167265792;15966208;1328406528;0;0;0;0;0;0;0;0;0;0;0;3266;0;0;119;0;106;0;
4081;8370748;1167265792;15966208;1328406528;0;0;0;0;0;0;0;0;0;0;0;2244;0;0;119;0;106;0;
4082;4960753;1167265792;15966208;1328406528;0;0;0;0;0;0;0;0;0;0;0;2525;0;0;119;0;106;0;
4083;3237511;1167265792;15966208;1328406528;0;0;0;0;0;0;0;0;0;0;0;2395;0;0;119;0;106;0;
4084;4323969;1167265792;15966208;1328406528;0;0;0;0;0;0;0;0;0;0;0;2314;0;0;119;0;106;0;
4085;3420405;1167265792;15966208;1328406528;0;0;0;0;0;0;0;0;0;0;0;2505;0;0;119;0;106;0;
4086;3491628;1167265792;15966208;1328406528;0;0;0;0;0;0;0;0;0;0;0;2184;0;0;119;0;106;0;
4087;2669426;1167265792;15966208;1328406528;0;0;0;0;0;0;0;0;0;0;0;1944;0;0;119;0;106;0;
4088;4721755;1167265792;15966208;1328406528;0;0;0;0;0;0;0;0;0;0;0;2565;0;0;119;0;106;0;
4089;3175575;1167265792;15966208;1328406528;0;0;0;0;0;0;0;0;0;0;0;2164;0;0;119;0;106;0;
4090;2272322;1167265792;15966208;1328406528;0;0;0;0;0;0;0;0;0;0;0;2234;0;0;119;0;106;0;
4091;2857368;1167265792;15966208;1328406528;0;0;0;0;0;0;0;0;0;0;0;1793;0;0;119;0;106;0;
4092;2332805;1167265792;15966208;1328406528;0;0;0;0;0;0;0;0;0;0;0;2094;0;0;119;0;106;0;
4093;1932184;1167265792;15966208;1328406528;0;0;0;0;0;0;0;0;0;0;0;1644;0;0;119;0;106;0;
4094;5816117;1167265792;15966208;1328406528;0;0;0;0;0;0;0;0;0;0;0;1753;0;0;119;0;106;0;
4095;4360297;1167265792;15966208;1328406528;0;0;0;0;0;0;0;0;0;0;0;2304;0;0;119;0;106;0;
4096;2561244;1167265792;15966208;1328406528;0;0;0;0;0;0;0;0;0;0;0;148519;0;0;119;0;106;0;
4097;1853556;1167265792;15966208;1328406528;0;0;0;0;0;0;0;0;0;0;0;1934;0;0;119;0;106;0;
4098;3210320;1167265792;15966208;1328406528;0;0;0;0;0;0;0;0;0;0;0;1633;0;0;119;0;106;0;
4099;2089379;1167265792;15966208;1328406528;0;0;0;0;0;0;0;0;0;0;0;2284;0;0;119;0;106;0;
4100;2558678;1167265792;15966208;1328406528;0;0;0;0;0;0;0;0;0;0;0;1833;0;0;119;0;106;0;
4101;3205572;1167265792;15966208;1328406528;0;0;0;0;0;0;0;0;0;0;0;1563;0;0;119;0;106;0;
4102;2680447;1167265792;15966208;1328406528;0;0;0;0;0;0;0;0;0;0;0;1864;0;0;119;0;106;0;
4103;2211547;1167265792;15966208;1328406528;0;0;0;0;0;0;0;0;0;0;0;1883;0;0;119;0;106;0;
4104;2872787;1167265792;15966208;1328406528;0;0;0;0;0;0;0;0;0;0;0;1573;0;0;119;0;106;0;
4105;3346896;1167265792;15966208;1328406528;0;0;0;0;0;0;0;0;0;0;0;1643;0;0;119;0;106;0;
4106;2733997;1167265792;15966208;1328406528;0;0;0;0;0;0;0;0;0;0;0;1964;0;0;119;0;106;0;
4107;6794993;1167265792;15966208;1328406528;0;0;0;0;0;0;0;0;0;0;0;1773;0;0;119;0;106;0;
4108;3681845;1167265792;15966208;1328406528;0;0;0;0;0;0;0;0;0;0;0;2454;0;0;119;0;106;0;
4109;1853977;1167265792;15966208;1328406528;0;0;0;0;0;0;0;0;0;0;0;2345;0;0;119;0;106;0;
4110;2315663;1167265792;15966208;1328406528;0;0;0;0;0;0;0;0;0;0;0;2284;0;0;119;0;106;0;
4111;2699413;1167265792;15966208;1328406528;0;0;0;0;0;0;0;0;0;0;0;1643;0;0;119;0;106;0;
4112;2017022;1167265792;15966208;1328406528;0;0;0;0;0;0;0;0;0;0;0;1643;0;0;119;0;106;0;
4113;1850501;1167265792;15966208;1328406528;0;0;0;0;0;0;0;0;0;0;0;51356;0;0;119;0;106;0;
4114;2265710;1167265792;15966208;1328406528;0;0;0;0;0;0;0;0;0;0;0;1603;0;0;119;0;106;0;
4115;1632601;1167265792;15966208;1328406528;0;0;0;0;0;0;0;0;0;0;0;1873;0;0;119;0;106;0;
4116;1804344;1167265792;15966208;1328406528;0;0;0;0;0;0;0;0;0;0;0;1794;0;0;119;0;106;0;
4117;1916484;1167265792;15966208;1328406528;0;0;0;0;0;0;0;0;0;0;0;1503;0;0;119;0;106;0;
4118;2378400;1167265792;15966208;1328406528;0;0;0;0;0;0;0;0;0;0;0;1783;0;0;119;0;106;0;
4119;2276719;1167265792;15966208;1328406528;0;0;0;0;0;0;0;0;0;0;0;1803;0;0;119;0;106;0;
4120;5107869;1167265792;15966208;1328406528;0;0;0;0;0;0;0;0;0;0;0;1593;0;0;119;0;106;0;
4121;3089434;1167265792;15966208;1328406528;0;0;0;0;0;0;0;0;0;0;0;1993;0;0;119;0;106;0;
4122;3914561;1167265792;15966208;1328406528;0;0;0;0;0;0;0;0;0;0;0;2084;0;0;119;0;106;0;
4123;1550919;1167265792;15966208;1328406528;0;0;0;0;0;0;0;0;0;0;0;1523;0;0;119;0;106;0;
4124;3759240;1167265792;15966208;1328406528;0;0;0;0;0;0;0;0;0;0;0;1563;0;0;119;0;106;0;
4125;2844133;1167265792;15966208;1328406528;0;0;0;0;0;0;0;0;0;0;0;1734;0;0;119;0;106;0;
4126;2223009;1167265792;15966208;1328406528;0;0;0;0;0;0;0;0;0;0;0;1663;0;0;119;0;106;0;
4127;3892740;1167265792;15966208;1328406528;0;0;0;0;0;0;0;0;0;0;0;1873;0;0;119;0;106;0;
4128;1998317;1167265792;15966208;1328406528;0;0;0;0;0;0;0;0;0;0;0;1634;0;0;119;0;106;0;
4129;2340199;1167265792;15966208;1328406528;0;0;0;0;0;0;0;0;0;0;0;1663;0;0;119;0;106;0;
4130;3435312;1167265792;15966208;1328406528;0;0;0;0;0;0;0;0;0;0;0;1422;0;0;119;0;106;0;
4131;1809313;1167265792;15966208;1328406528;0;0;0;0;0;0;0;0;0;0;0;1523;0;0;119;0;106;0;
4132;2545153;1167265792;15966208;1328406528;0;0;0;0;0;0;0;0;0;0;0;1503;0;0;119;0;106;0;
4133;5840934;1167265792;15966208;1328406528;0;0;0;0;0;0;0;0;0;0;0;1764;0;0;119;0;106;0;
4134;2872236;1167265792;15966208;1328406528;0;0;0;0;0;0;0;0;0;0;0;2164;0;0;119;0;106;0;
4135;1892198;1167265792;15966208;1328406528;0;0;0;0;0;0;0;0;0;0;0;1634;0;0;119;0;106;0;
4136;1951750;1167265792;15966208;1328406528;0;0;0;0;0;0;0;0;0;0;0;1653;0;0;119;0;106;0;
4137;3008963;1167265792;15966208;1328406528;0;0;0;0;0;0;0;0;0;0;0;1873;0;0;119;0;106;0;
4138;2378991;1167265792;15966208;1328406528;0;0;0;0;0;0;0;0;0;0;0;1904;0;0;119;0;106;0;
4139;1864247;1167265792;15966208;1328406528;0;0;0;0;0;0;0;0;0;0;0;1513;0;0;119;0;106;0;
4140;2368321;1167265792;15966208;1328406528;0;0;0;0;0;0;0;0;0;0;0;1793;0;0;119;0;106;0;
4141;1714836;1167265792;15966208;1328406528;0;0;0;0;0;0;0;0;0;0;0;1793;0;0;119;0;106;0;
4142;1851783;1167265792;15966208;1328406528;0;0;0;0;0;0;0;0;0;0;0;1523;0;0;119;0;106;0;
4143;2746190;1167265792;15966208;1328406528;0;0;0;0;0;0;0;0;0;0;0;1563;0;0;119;0;106;0;
4144;2254007;1167265792;15966208;1328406528;0;0;0;0;0;0;0;0;0;0;0;1964;0;0;119;0;106;0;
4145;3125922;1167265792;15966208;1328406528;0;0;0;0;0;0;0;0;0;0;0;2024;0;0;119;0;106;0;
4146;4600608;1167265792;15966208;1328406528;0;0;0;0;0;0;0;0;0;0;0;1552;0;0;119;0;106;0;
4147;3128989;1167265792;15966208;1328406528;0;0;0;0;0;0;0;0;0;0;0;1874;0;0;119;0;106;0;
4148;3190924;1167265792;15966208;1328406528;0;0;0;0;0;0;0;0;0;0;0;1844;0;0;119;0;106;0;
4149;1798553;1167265792;15966208;1328406528;0;0;0;0;0;0;0;0;0;0;0;1774;0;0;119;0;106;0;
4150;3389857;1167265792;15966208;1328406528;0;0;0;0;0;0;0;0;0;0;0;1994;0;0;119;0;106;0;
4151;3316880;1167265792;15966208;1328406528;0;0;0;0;0;0;0;0;0;0;0;1974;0;0;119;0;106;0;
4152;1252669;1167265792;15966208;1328406528;0;0;0;0;0;0;0;0;0;0;0;1673;0;0;119;0;106;0;
4153;2754445;1167265792;15966208;1328406528;0;0;0;0;0;0;0;0;0;0;0;1563;0;0;119;0;106;0;
4154;1540239;1167265792;15966208;1328406528;0;0;0;0;0;0;0;0;0;0;0;1423;0;0;119;0;106;0;
4155;2098325;1167265792;15966208;1328406528;0;0;0;0;0;0;0;0;0;0;0;1623;0;0;119;0;106;0;
4156;3272337;1167265792;15966208;1328406528;0;0;0;0;0;0;0;0;0;0;0;1452;0;0;119;0;106;0;
4157;1627011;1167265792;15966208;1328406528;0;0;0;0;0;0;0;0;0;0;0;1523;0;0;119;0;106;0;
4158;2143040;1167265792;15966208;1328406528;0;0;0;0;0;0;0;0;0;0;0;1193;0;0;119;0;106;0;
4159;5039351;1167265792;15966208;1328406528;0;0;0;0;0;0;0;0;0;0;0;1603;0;0;119;0;106;0;
4160;4242085;1167265792;15966208;1328406528;0;0;0;0;0;0;0;0;0;0;0;2034;0;0;119;0;106;0;
4161;2286649;1167265792;15966208;1328406528;0;0;0;0;0;0;0;0;0;0;0;1784;0;0;119;0;106;0;
4162;3945249;1167265792;15966208;1328406528;0;0;0;0;0;0;0;0;0;0;0;1403;0;0;119;0;106;0;
4163;2294904;1167265792;15966208;1328406528;0;0;0;0;0;0;0;0;0;0;0;1854;0;0;119;0;106;0;
4164;2239590;1167265792;15966208;1328406528;0;0;0;0;0;0;0;0;0;0;0;1733;0;0;119;0;106;0;
4165;2849975;1167265792;15966208;1328406528;0;0;0;0;0;0;0;0;0;0;0;1693;0;0;119;0;106;0;
4166;2366368;1167265792;15966208;1328406528;0;0;0;0;0;0;0;0;0;0;0;1443;0;0;119;0;106;0;
4167;2241333;1167265792;15966208;1328406528;0;0;0;0;0;0;0;0;0;0;0;1433;0;0;119;0;106;0;
4168;2811853;1167265792;15966208;1328406528;0;0;0;0;0;0;0;0;0;0;0;1462;0;0;119;0;106;0;
4169;2219453;1167265792;15966208;1328406528;0;0;0;0;0;0;0;0;0;0;0;1693;0;0;119;0;106;0;
4170;2366438;1167265792;15966208;1328406528;0;0;0;0;0;0;0;0;0;0;0;2014;0;0;119;0;106;0;
4171;5244105;1167265792;15966208;1328406528;0;0;0;0;0;0;0;0;0;0;0;1803;0;0;119;0;106;0;
4172;3674471;1167265792;15970304;1328410624;0;0;0;0;0;0;0;0;0;0;0;25017;0;0;119;0;106;0;
4173;2914095;1167265792;15970304;1328410624;0;0;0;0;0;0;0;0;0;0;0;1623;0;0;119;0;106;0;
4174;2286639;1167265792;15970304;1328410624;0;0;0;0;0;0;0;0;0;0;0;1423;0;0;119;0;106;0;
4175;2692369;1167265792;15970304;1328410624;0;0;0;0;0;0;0;0;0;0;0;1543;0;0;119;0;106;0;
4176;2085531;1167265792;15970304;1328410624;0;0;0;0;0;0;0;0;0;0;0;1804;0;0;119;0;106;0;
4177;2223761;1167265792;15970304;1328410624;0;0;0;0;0;0;0;0;0;0;0;1663;0;0;119;0;106;0;
4178;3153193;1167265792;15970304;1328410624;0;0;0;0;0;0;0;0;0;0;0;1593;0;0;119;0;106;0;
4179;1686373;1167265792;15970304;1328410624;0;0;0;0;0;0;0;0;0;0;0;70242;0;0;119;0;106;0;
4180;2545143;1167265792;15970304;1328410624;0;0;0;0;0;0;0;0;0;0;0;1714;0;0;119;0;106;0;
4181;1877341;1167265792;15970304;1328410624;0;0;0;0;0;0;0;0;0;0;0;1453;0;0;119;0;106;0;
4182;2656402;1167265792;15970304;1328410624;0;0;0;0;0;0;0;0;0;0;0;2044;0;0;119;0;106;0;
4183;1692424;1167265792;15970304;1328410624;0;0;0;0;0;0;0;0;0;0;0;1443;0;0;119;0;106;0;
4184;7899405;1167265792;15970304;1328410624;0;0;0;0;0;0;0;0;0;0;0;1793;0;0;119;0;106;0;
4185;5084616;1167265792;15970304;1328410624;0;0;0;0;0;0;0;0;0;0;0;3536;0;0;119;0;106;0;
4186;3412770;1167265792;15970304;1328410624;0;0;0;0;0;0;0;0;0;0;0;3527;0;0;119;0;106;0;
4187;2838664;1167265792;15970304;1328410624;0;0;0;0;0;0;0;0;0;0;0;1904;0;0;119;0;106;0;
4188;8331856;1167265792;15970304;1328410624;0;0;0;0;0;0;0;0;0;0;0;1402;0;0;119;0;106;0;
4189;2510388;1167265792;15970304;1328410624;0;0;0;0;0;0;0;0;0;0;0;3066;0;0;119;0;106;0;
4190;2802586;1167265792;15970304;1328410624;0;0;0;0;0;0;0;0;0;0;0;2315;0;0;119;0;106;0;
4191;3187538;1167265792;15970304;1328410624;0;0;0;0;0;0;0;0;0;0;0;1944;0;0;119;0;106;0;
4192;2164659;1167265792;15970304;1328410624;0;0;0;0;0;0;0;0;0;0;0;1663;0;0;119;0;106;0;
4193;2676660;1167265792;15970304;1328410624;0;0;0;0;0;0;0;0;0;0;0;2534;0;0;119;0;106;0;
4194;3214629;1167441920;15962112;1328402432;0;0;0;0;0;0;0;0;0;0;0;1754;0;0;119;0;106;0;
4195;2146576;1167441920;15962112;1328402432;0;0;0;0;0;0;0;0;0;0;0;2625;0;0;119;0;106;0;
4196;2267442;1167441920;15962112;1328402432;0;0;0;0;0;0;0;0;0;0;0;1633;0;0;119;0;106;0;
4197;6679547;1167441920;15962112;1328402432;0;0;0;0;0;0;0;0;0;0;0;2354;0;0;119;0;106;0;
4198;3481419;1167441920;15970304;1328410624;0;0;0;0;0;0;0;0;0;0;0;3336;0;0;119;0;106;0;
4199;2861807;1167441920;15970304;1328410624;0;0;0;0;0;0;0;0;0;0;0;3496;0;0;119;0;106;0;
4200;3430213;1167441920;15970304;1328410624;0;0;0;0;0;0;0;0;0;0;0;2505;0;0;119;0;106;0;
4201;3927396;1167441920;15970304;1328410624;0;0;0;0;0;0;0;0;0;0;0;2405;0;0;119;0;106;0;
4202;2930166;1167441920;15970304;1328410624;0;0;0;0;0;0;0;0;0;0;0;2886;0;0;119;0;106;0;
4203;2215765;1167441920;15970304;1328410624;0;0;0;0;0;0;0;0;0;0;0;2084;0;0;119;0;109;0;
4204;2408787;1167441920;15970304;1328410624;0;0;0;0;0;0;0;0;0;0;0;1533;0;0;119;0;109;0;
4205;2013305;1167441920;15970304;1328410624;0;0;0;0;0;0;0;0;0;0;0;2154;0;0;119;0;109;0;
4206;2571292;1167441920;15970304;1328410624;0;0;0;0;0;0;0;0;0;0;0;1754;0;0;119;0;109;0;
4207;4069081;1167441920;15970304;1328410624;0;0;0;0;0;0;0;0;0;0;0;2053;0;0;119;0;109;0;
4208;2510068;1167441920;15970304;1328410624;0;0;0;0;0;0;0;0;0;0;0;3025;0;0;119;0;109;0;
4209;2714521;1167441920;15970304;1328410624;0;0;0;0;0;0;0;0;0;0;0;1793;0;0;119;0;109;0;
4210;6118745;1167441920;15970304;1328410624;0;0;0;0;0;0;0;0;0;0;0;2124;0;0;119;0;109;0;
4211;3174173;1167441920;15970304;1328410624;0;0;0;0;0;0;0;0;0;0;0;2344;0;0;119;0;109;0;
4212;2134603;1167441920;15970304;1328410624;0;0;0;0;0;0;0;0;0;0;0;2896;0;0;119;0;109;0;
4213;2303600;1167441920;15970304;1328410624;0;0;0;0;0;0;0;0;0;0;0;2225;0;0;119;0;109;0;
4214;3277086;1167441920;15970304;1328410624;0;0;0;0;0;0;0;0;0;0;0;1853;0;0;119;0;109;0;
4215;2505238;1167441920;15970304;1328410624;0;0;0;0;0;0;0;0;0;0;0;2094;0;0;119;0;109;0;
4216;2799671;1167441920;15970304;1328410624;0;0;0;0;0;0;0;0;0;0;0;2966;0;0;119;0;109;0;
4217;3134008;1167441920;15970304;1328410624;0;0;0;0;0;0;0;0;0;0;0;2805;0;0;119;0;109;0;
4218;1725717;1167441920;15970304;1328410624;0;0;0;0;0;0;0;0;0;0;0;1784;0;0;119;0;109;0;
4219;1797371;1167441920;15970304;1328410624;0;0;0;0;0;0;0;0;0;0;0;1172;0;0;119;0;109;0;
4220;4291658;1167486976;15966208;1328406528;0;0;0;0;0;0;0;0;0;0;0;1653;0;0;119;0;109;0;
4221;2656572;1167486976;15966208;1328406528;0;0;0;0;0;0;0;0;0;0;0;3216;0;0;119;0;109;0;
4222;3037617;1167486976;15966208;1328406528;0;0;0;0;0;0;0;0;0;0;0;2515;0;0;119;0;109;0;
4223;5649655;1167486976;15966208;1328406528;0;0;0;0;0;0;0;0;0;0;0;1974;0;0;119;0;109;0;
4224;3488382;1167486976;15966208;1328406528;0;0;0;0;0;0;0;0;0;0;0;2885;0;0;119;0;109;0;
4225;2194565;1167486976;15966208;1328406528;0;0;0;0;0;0;0;0;0;0;0;2565;0;0;119;0;109;0;
4226;2542318;1167486976;15966208;1328406528;0;0;0;0;0;0;0;0;0;0;0;3286;0;0;119;0;109;0;
4227;3714436;1167486976;15966208;1328406528;0;0;0;0;0;0;0;0;0;0;0;2395;0;0;119;0;109;0;
4228;3034020;1167486976;15966208;1328406528;0;0;0;0;0;0;0;0;0;0;0;2655;0;0;119;0;109;0;
4229;2483177;1167486976;15966208;1328406528;0;0;0;0;0;0;0;0;0;0;0;2614;0;0;119;0;109;0;
4230;3016156;1167486976;15966208;1328406528;0;0;0;0;0;0;0;0;0;0;0;2284;0;0;119;0;109;0;
4231;2939553;1167486976;15966208;1328406528;0;0;0;0;0;0;0;0;0;0;0;2114;0;0;119;0;109;0;
4232;1988059;1167486976;15966208;1328406528;0;0;0;0;0;0;0;0;0;0;0;1864;0;0;119;0;109;0;
4233;3857705;1167486976;15966208;1328406528;0;0;0;0;0;0;0;0;0;0;0;2545;0;0;119;0;109;0;
4234;3135751;1167486976;15966208;1328406528;0;0;0;0;0;0;0;0;0;0;0;3206;0;0;119;0;109;0;
4235;3533427;1167486976;15966208;1328406528;0;0;0;0;0;0;0;0;0;0;0;2564;0;0;119;0;109;0;
4236;8093288;1167486976;15966208;1328406528;0;0;0;0;0;0;0;0;0;0;0;2685;0;0;119;0;109;0;
4237;4362501;1167486976;15966208;1328406528;0;0;0;0;0;0;0;0;0;0;0;3627;0;0;119;0;109;0;
4238;3314155;1167486976;15966208;1328406528;0;0;0;0;0;0;0;0;0;0;0;3476;0;0;119;0;109;0;
4239;3750434;1167486976;15966208;1328406528;0;0;0;0;0;0;0;0;0;0;0;2846;0;0;119;0;109;0;
4240;3555217;1167486976;15966208;1328406528;0;0;0;0;0;0;0;0;0;0;0;2825;0;0;119;0;109;0;
4241;3897479;1167486976;15966208;1328406528;0;0;0;0;0;0;0;0;0;0;0;3015;0;0;119;0;109;0;
4242;2604685;1167486976;15966208;1328406528;0;0;0;0;0;0;0;0;0;0;0;3386;0;0;119;0;111;0;
4243;2893496;1167486976;15966208;1328406528;0;0;0;0;0;0;0;0;0;0;0;2124;0;0;119;0;111;0;
4244;2102804;1167486976;15966208;1328406528;0;0;0;0;0;0;0;0;0;0;0;1864;0;0;119;0;111;0;
4245;3082160;1167486976;15966208;1328406528;0;0;0;0;0;0;0;0;0;0;0;2434;0;0;119;0;111;0;
4246;3755793;1167486976;15966208;1328406528;0;0;0;0;0;0;0;0;0;0;0;2975;0;0;119;0;111;0;
4247;2886464;1167486976;15966208;1328406528;0;0;0;0;0;0;0;0;0;0;0;3076;0;0;119;0;111;0;
4248;2397286;1167486976;15966208;1328406528;0;0;0;0;0;0;0;0;0;0;0;2415;0;0;119;0;111;0;
4249;6889410;1167486976;15966208;1328406528;0;0;0;0;0;0;0;0;0;0;0;1934;0;0;119;0;111;0;
4250;3189041;1167486976;15966208;1328406528;0;0;0;0;0;0;0;0;0;0;0;3556;0;0;119;0;111;0;
4251;2923262;1167486976;15966208;1328406528;0;0;0;0;0;0;0;0;0;0;0;2986;0;0;119;0;111;0;
4252;3189061;1167486976;15966208;1328406528;0;0;0;0;0;0;0;0;0;0;0;2074;0;0;119;0;111;0;
4253;3994301;1167486976;15966208;1328406528;0;0;0;0;0;0;0;0;0;0;0;2034;0;0;119;0;111;0;
4254;2641344;1167486976;15966208;1328406528;0;0;0;0;0;0;0;0;0;0;0;3356;0;0;119;0;111;0;
4255;1817288;1167486976;15966208;1328406528;0;0;0;0;0;0;0;0;0;0;0;2254;0;0;119;0;111;0;
4256;4015531;1167486976;15966208;1328406528;0;0;0;0;0;0;0;0;0;0;0;2755;0;0;119;0;111;0;
4257;2638458;1167486976;15966208;1328406528;0;0;0;0;0;0;0;0;0;0;0;2786;0;0;119;0;111;0;
4258;2731713;1167486976;15966208;1328406528;0;0;0;0;0;0;0;0;0;0;0;2645;0;0;119;0;111;0;
4259;5028600;1167486976;15966208;1328406528;0;0;0;0;0;0;0;0;0;0;0;3788;0;0;119;0;111;0;
4260;3281434;1167486976;15966208;1328406528;0;0;0;0;0;0;0;0;0;0;0;3056;0;0;119;0;111;0;
4261;2689373;1167486976;15966208;1328406528;0;0;0;0;0;0;0;0;0;0;0;3527;0;0;119;0;111;0;
4262;5860721;1167486976;15966208;1328406528;0;0;0;0;0;0;0;0;0;0;0;2435;0;0;119;0;111;0;
4263;4132160;1167486976;15966208;1328406528;0;0;0;0;0;0;0;0;0;0;0;3056;0;0;119;0;111;0;
4264;3522456;1167486976;15966208;1328406528;0;0;0;0;0;0;0;0;0;0;0;3105;0;0;119;0;111;0;
4265;2767690;1167486976;15966208;1328406528;0;0;0;0;0;0;0;0;0;0;0;2775;0;0;119;0;111;0;
4266;4006724;1167486976;15966208;1328406528;0;0;0;0;0;0;0;0;0;0;0;3096;0;0;119;0;111;0;
4267;3913259;1167486976;15966208;1328406528;0;0;0;0;0;0;0;0;0;0;0;2695;0;0;119;0;111;0;
4268;3541251;1167486976;15966208;1328406528;0;0;0;0;0;0;0;0;0;0;0;3045;0;0;119;0;111;0;
4269;3669261;1167486976;15966208;1328406528;0;0;0;0;0;0;0;0;0;0;0;2855;0;0;119;0;111;0;
4270;4182914;1167486976;15966208;1328406528;0;0;0;0;0;0;0;0;0;0;0;3296;0;0;119;0;111;0;
4271;3396490;1167486976;15966208;1328406528;0;0;0;0;0;0;0;0;0;0;0;3697;0;0;119;0;111;0;
4272;4509828;1167486976;15966208;1328406528;0;0;0;0;0;0;0;0;0;0;0;2545;0;0;119;0;111;0;
4273;2944462;1167486976;15966208;1328406528;0;0;0;0;0;0;0;0;0;0;0;2365;0;0;119;0;111;0;
4274;3559696;1167486976;15966208;1328406528;0;0;0;0;0;0;0;0;0;0;0;2675;0;0;119;0;111;0;
4275;9347740;1167486976;15966208;1328406528;0;0;0;0;0;0;0;0;0;0;0;2565;0;0;119;0;111;0;
4276;6189087;1167486976;15966208;1328406528;0;0;0;0;0;0;0;0;0;0;0;3487;0;0;119;0;111;0;
4277;3865650;1171681280;15966208;1345183744;0;0;0;0;0;0;0;0;0;0;0;3206;0;0;119;0;111;0;
4278;3675974;1171681280;15966208;1345183744;0;0;0;0;0;0;0;0;0;0;0;2796;0;0;119;0;111;0;
4279;3218996;1171681280;15966208;1345183744;0;0;0;0;0;0;0;0;0;0;0;2435;0;0;119;0;111;0;
4280;4145294;1171681280;15966208;1345183744;0;0;0;0;0;0;0;0;0;0;0;3116;0;0;119;0;111;0;
4281;3785649;1171681280;15966208;1345183744;0;0;0;0;0;0;0;0;0;0;0;3397;0;0;119;0;111;0;
4282;4110338;1171681280;15966208;1345183744;0;0;0;0;0;0;0;0;0;0;0;2284;0;0;119;0;111;0;
4283;3815245;1171681280;15966208;1345183744;0;0;0;0;0;0;0;0;0;0;0;2695;0;0;119;0;111;0;
4284;4870984;1171681280;15966208;1345183744;0;0;0;0;0;0;0;0;0;0;0;2755;0;0;119;0;111;0;
4285;4205166;1171681280;15966208;1345183744;0;0;0;0;0;0;0;0;0;0;0;2464;0;0;119;0;111;0;
4286;3792423;1171681280;15966208;1345183744;0;0;0;0;0;0;0;0;0;0;0;3015;0;0;119;0;111;0;
4287;3440031;1171681280;15966208;1345183744;0;0;0;0;0;0;0;0;0;0;0;3467;0;0;119;0;111;0;
4288;10511103;1175904256;15966208;1345183744;0;0;0;0;0;0;0;0;0;0;0;2785;0;0;120;0;111;0;
4289;3540961;1175904256;15966208;1345183744;0;0;0;0;0;0;0;0;0;0;0;3246;0;0;120;0;111;0;
4290;3881219;1175904256;15966208;1345183744;0;0;0;0;0;0;0;0;0;0;0;3326;0;0;120;0;111;0;
4291;5944007;1179955200;15966208;1345183744;0;0;0;0;0;0;0;0;0;0;0;2795;0;0;121;0;111;0;
4292;6114978;1179955200;15966208;1345183744;0;0;0;0;0;0;0;0;0;0;0;4378;0;0;121;0;111;0;
4293;3116765;1179955200;15966208;1345183744;0;0;0;0;0;0;0;0;0;0;0;2755;0;0;121;0;111;0;
4294;5544277;1186246656;15966208;1361960960;0;0;0;0;0;0;0;0;0;0;0;3045;0;0;122;0;111;0;
4295;3058185;1186246656;15966208;1361960960;0;0;0;0;0;0;0;0;0;0;0;2174;0;0;122;0;111;0;
4296;4034727;1186246656;15966208;1361960960;0;0;0;0;0;0;0;0;0;0;0;2525;0;0;122;0;111;0;
4297;2975119;1186246656;15966208;1361960960;0;0;0;0;0;0;0;0;0;0;0;2134;0;0;122;0;111;0;
4298;5303717;1186246656;15966208;1361960960;0;0;0;0;0;0;0;0;0;0;0;2665;0;0;122;0;111;0;
4299;3593799;1186246656;15966208;1361960960;0;0;0;0;0;0;0;0;0;0;0;3066;0;0;122;0;111;0;
4300;2520828;1186246656;15966208;1361960960;0;0;0;0;0;0;0;0;0;0;0;2334;0;0;122;0;111;0;
4301;7116056;1186246656;15966208;1361960960;0;0;0;0;0;0;0;0;0;0;0;2364;0;0;122;0;111;0;
4302;5048187;1186246656;15966208;1361960960;0;0;0;0;0;0;0;0;0;0;0;2745;0;0;122;0;111;0;
4303;2410541;1186246656;15966208;1361960960;0;0;0;0;0;0;0;0;0;0;0;3135;0;0;122;0;111;0;
4304;2735961;1186246656;15966208;1361960960;0;0;0;0;0;0;0;0;0;0;0;2485;0;0;122;0;111;0;
4305;4296177;1186246656;15966208;1361960960;0;0;0;0;0;0;0;0;0;0;0;2775;0;0;122;0;111;0;
4306;3046754;1186246656;15966208;1361960960;0;0;0;0;0;0;0;0;0;0;0;3026;0;0;122;0;111;0;
4307;3790278;1186246656;15966208;1361960960;0;0;0;0;0;0;0;0;0;0;0;3838;0;0;122;0;111;0;
4308;4128242;1186246656;15966208;1361960960;0;0;0;0;0;0;0;0;0;0;0;2414;0;0;122;0;111;0;
4309;3457224;1186246656;15966208;1361960960;0;0;0;0;0;0;0;0;0;0;0;3927;0;0;122;0;111;0;
4310;2362411;1186246656;15966208;1361960960;0;0;0;0;0;0;0;0;0;0;0;1803;0;0;122;0;111;0;
4311;3814974;1186246656;15966208;1361960960;0;0;0;0;0;0;0;0;0;0;0;1683;0;0;122;0;111;0;
4312;2927680;1186246656;15966208;1361960960;0;0;0;0;0;0;0;0;0;0;0;2274;0;0;122;0;111;0;
4313;2794151;1186246656;15966208;1361960960;0;0;0;0;0;0;0;0;0;0;0;2024;0;0;122;0;111;0;
4314;7224178;1186246656;15966208;1361960960;0;0;0;0;0;0;0;0;0;0;0;1623;0;0;122;0;111;0;
4315;4647707;1186246656;15966208;1361960960;0;0;0;0;0;0;0;0;0;0;0;3798;0;0;122;0;111;0;
4316;3216291;1186246656;15966208;1361960960;0;0;0;0;0;0;0;0;0;0;0;3306;0;0;122;0;111;0;
4317;1809694;1186246656;15966208;1361960960;0;0;0;0;0;0;0;0;0;0;0;1493;0;0;122;0;111;0;
4318;3071340;1186246656;15966208;1361960960;0;0;0;0;0;0;0;0;0;0;0;1563;0;0;122;0;111;0;
4319;2897514;1186246656;15966208;1361960960;0;0;0;0;0;0;0;0;0;0;0;1954;0;0;122;0;111;0;
4320;2395894;1186246656;15966208;1361960960;0;0;0;0;0;0;0;0;0;0;0;1573;0;0;122;0;111;0;
4321;3227884;1186246656;15966208;1361960960;0;0;0;0;0;0;0;0;0;0;0;1883;0;0;122;0;111;0;
4322;3344281;1186492416;15966208;1361960960;0;0;0;0;0;0;0;0;0;0;0;2485;0;0;122;0;111;0;
4323;2042570;1186492416;15966208;1361960960;0;0;0;0;0;0;0;0;0;0;0;1784;0;0;122;0;111;0;
4324;3218216;1186492416;15966208;1361960960;0;0;0;0;0;0;0;0;0;0;0;1634;0;0;122;0;111;0;
4325;2288141;1186492416;15966208;1361960960;0;0;0;0;0;0;0;0;0;0;0;2214;0;0;122;0;111;0;
4326;1888131;1186492416;15966208;1361960960;0;0;0;0;0;0;0;0;0;0;0;1413;0;0;122;0;111;0;
4327;6084010;1186492416;15966208;1361960960;0;0;0;0;0;0;0;0;0;0;0;1593;0;0;122;0;111;0;
4328;5426036;1190744064;15966208;1361960960;0;0;0;0;0;0;0;0;0;0;0;2826;0;0;123;0;111;0;
4329;2775826;1190744064;15966208;1361960960;0;0;0;0;0;0;0;0;0;0;0;2806;0;0;123;0;111;0;
4330;1837877;1190744064;15966208;1361960960;0;0;0;0;0;0;0;0;0;0;0;1603;0;0;123;0;111;0;
4331;2758834;1190744064;15966208;1361960960;0;0;0;0;0;0;0;0;0;0;0;1763;0;0;123;0;111;0;
4332;3589422;1192632320;15966208;1361960960;0;0;0;0;0;0;0;0;0;0;0;2845;0;0;124;0;111;0;
4333;1930110;1192632320;15966208;1361960960;0;0;0;0;0;0;0;0;0;0;0;2394;0;0;124;0;111;0;
4334;2927050;1192632320;15966208;1361960960;0;0;0;0;0;0;0;0;0;0;0;1633;0;0;124;0;111;0;
4335;2209243;1192632320;15966208;1361960960;0;0;0;0;0;0;0;0;0;0;0;2074;0;0;124;0;111;0;
4336;2216296;1192632320;15966208;1361960960;0;0;0;0;0;0;0;0;0;0;0;1713;0;0;124;0;111;0;
4337;3170877;1192632320;15966208;1361960960;0;0;0;0;0;0;0;0;0;0;0;1553;0;0;124;0;111;0;
4338;1985073;1192632320;15966208;1361960960;0;0;0;0;0;0;0;0;0;0;0;2033;0;0;124;0;111;0;
4339;1988369;1192632320;15966208;1361960960;0;0;0;0;0;0;0;0;0;0;0;1773;0;0;124;0;111;0;
4340;5108190;1192632320;15966208;1361960960;0;0;0;0;0;0;0;0;0;0;0;1963;0;0;124;0;111;0;
4341;3729655;1192632320;15966208;1361960960;0;0;0;0;0;0;0;0;0;0;0;3717;0;0;124;0;111;0;
4342;2063069;1192632320;15966208;1361960960;0;0;0;0;0;0;0;0;0;0;0;2244;0;0;124;0;111;0;
4343;2222047;1192632320;15966208;1361960960;0;0;0;0;0;0;0;0;0;0;0;2154;0;0;124;0;111;0;
4344;2799741;1192632320;15966208;1361960960;0;0;0;0;0;0;0;0;0;0;0;1463;0;0;124;0;111;0;
4345;2516609;1192632320;15966208;1361960960;0;0;0;0;0;0;0;0;0;0;0;1863;0;0;124;0;111;0;
4346;2555112;1192632320;15966208;1361960960;0;0;0;0;0;0;0;0;0;0;0;1633;0;0;124;0;111;0;
4347;2006243;1192632320;15966208;1361960960;0;0;0;0;0;0;0;0;0;0;0;1663;0;0;124;0;111;0;
4348;2009679;1192632320;15966208;1361960960;0;0;0;0;0;0;0;0;0;0;0;1853;0;0;124;0;111;0;
4349;2371037;1192632320;15966208;1361960960;0;0;0;0;0;0;0;0;0;0;0;1643;0;0;124;0;111;0;
4350;2704391;1192632320;15966208;1361960960;0;0;0;0;0;0;0;0;0;0;0;1453;0;0;124;0;111;0;
4351;2004760;1192632320;15966208;1361960960;0;0;0;0;0;0;0;0;0;0;0;2474;0;0;124;0;111;0;
4352;2943059;1192632320;15966208;1361960960;0;0;0;0;0;0;0;0;0;0;0;25198;0;0;124;0;111;0;
4353;6542940;1192632320;15966208;1361960960;0;0;0;0;0;0;0;0;0;0;0;1814;0;0;124;0;111;0;
4354;3699819;1192632320;15966208;1361960960;0;0;0;0;0;0;0;0;0;0;0;2896;0;0;124;0;111;0;
4355;2028073;1192632320;15966208;1361960960;0;0;0;0;0;0;0;0;0;0;0;1593;0;0;124;0;111;0;
4356;2941476;1192632320;15966208;1361960960;0;0;0;0;0;0;0;0;0;0;0;1843;0;0;124;0;111;0;
4357;3992478;1192632320;15966208;1361960960;0;0;0;0;0;0;0;0;0;0;0;1853;0;0;124;0;111;0;
4358;1789305;1192632320;15966208;1361960960;0;0;0;0;0;0;0;0;0;0;0;1984;0;0;124;0;111;0;
4359;2392727;1192632320;15966208;1361960960;0;0;0;0;0;0;0;0;0;0;0;1542;0;0;124;0;111;0;
4360;2529785;1192632320;15966208;1361960960;0;0;0;0;0;0;0;0;0;0;0;1703;0;0;124;0;111;0;
4361;2413686;1192632320;15966208;1361960960;0;0;0;0;0;0;0;0;0;0;0;1613;0;0;124;0;111;0;
4362;2910238;1192632320;15966208;1361960960;0;0;0;0;0;0;0;0;0;0;0;2074;0;0;124;0;111;0;
4363;2737594;1192632320;15966208;1361960960;0;0;0;0;0;0;0;0;0;0;0;135134;0;0;124;0;111;0;
4364;2326353;1192632320;15966208;1361960960;0;0;0;0;0;0;0;0;0;0;0;1904;0;0;124;0;111;0;
4365;2112592;1192632320;15966208;1361960960;0;0;0;0;0;0;0;0;0;0;0;1663;0;0;124;0;111;0;
4366;6490331;1192898560;15966208;1361960960;0;0;0;0;0;0;0;0;0;0;0;1764;0;0;124;0;111;0;
4367;4169609;1192898560;15966208;1361960960;0;0;0;0;0;0;0;0;0;0;0;2685;0;0;124;0;111;0;
4368;2880121;1192898560;15966208;1361960960;0;0;0;0;0;0;0;0;0;0;0;2194;0;0;124;0;111;0;
4369;2332173;1192898560;15966208;1361960960;0;0;0;0;0;0;0;0;0;0;0;1623;0;0;124;0;111;0;
4370;3276124;1192898560;15966208;1361960960;0;0;0;0;0;0;0;0;0;0;0;1744;0;0;124;0;111;0;
4371;2827613;1192898560;15966208;1361960960;0;0;0;0;0;0;0;0;0;0;0;2014;0;0;124;0;111;0;
4372;1892229;1192898560;15966208;1361960960;0;0;0;0;0;0;0;0;0;0;0;1423;0;0;124;0;111;0;
4373;3044290;1192898560;15966208;1361960960;0;0;0;0;0;0;0;0;0;0;0;1783;0;0;124;0;111;0;
4374;2417694;1192898560;15966208;1361960960;0;0;0;0;0;0;0;0;0;0;0;2264;0;0;124;0;111;0;
4375;2210526;1192898560;15966208;1361960960;0;0;0;0;0;0;0;0;0;0;0;1533;0;0;124;0;111;0;
4376;3555768;1192898560;15966208;1361960960;0;0;0;0;0;0;0;0;0;0;0;1402;0;0;124;0;111;0;
4377;4187243;1192898560;15966208;1361960960;0;0;0;0;0;0;0;0;0;0;0;2344;0;0;124;0;111;0;
4378;2275588;1192898560;15966208;1361960960;0;0;0;0;0;0;0;0;0;0;0;1814;0;0;124;0;111;0;
4379;7200273;1192898560;15966208;1361960960;0;0;0;0;0;0;0;0;0;0;0;2054;0;0;124;0;111;0;
4380;4124996;1192898560;15966208;1361960960;0;0;0;0;0;0;0;0;0;0;0;325320;0;0;124;0;111;0;
4381;2410220;1192898560;15966208;1361960960;0;0;0;0;0;0;0;0;0;0;0;2084;0;0;124;0;111;0;
4382;2313489;1192898560;15966208;1361960960;0;0;0;0;0;0;0;0;0;0;0;1613;0;0;124;0;111;0;
4383;3655726;1192898560;15966208;1361960960;0;0;0;0;0;0;0;0;0;0;0;1442;0;0;124;0;111;0;
4384;1733832;1192898560;15966208;1361960960;0;0;0;0;0;0;0;0;0;0;0;1713;0;0;124;0;111;0;
4385;2471425;1192898560;15966208;1361960960;0;0;0;0;0;0;0;0;0;0;0;1763;0;0;124;0;111;0;
4386;3270854;1192898560;15966208;1361960960;0;0;0;0;0;0;0;0;0;0;0;1573;0;0;124;0;111;0;
4387;3134969;1192898560;15966208;1361960960;0;0;0;0;0;0;0;0;0;0;0;1964;0;0;124;0;111;0;
4388;3400307;1192898560;15966208;1361960960;0;0;0;0;0;0;0;0;0;0;0;1693;0;0;124;0;111;0;
4389;2997381;1192898560;15966208;1361960960;0;0;0;0;0;0;0;0;0;0;0;1563;0;0;124;0;111;0;
4390;2618601;1192898560;15966208;1361960960;0;0;0;0;0;0;0;0;0;0;0;1663;0;0;124;0;111;0;
4391;3923638;1192898560;15966208;1361960960;0;0;0;0;0;0;0;0;0;0;0;1894;0;0;124;0;111;0;
4392;6949954;1192898560;15966208;1361960960;0;0;0;0;0;0;0;0;0;0;0;2214;0;0;124;0;111;0;
4393;3560157;1192898560;15966208;1361960960;0;0;0;0;0;0;0;0;0;0;0;2745;0;0;124;0;111;0;
4394;2732044;1192898560;15966208;1361960960;0;0;0;0;0;0;0;0;0;0;0;2124;0;0;124;0;111;0;
4395;2693622;1192898560;15966208;1361960960;0;0;0;0;0;0;0;0;0;0;0;1794;0;0;124;0;111;0;
4396;4255420;1192898560;15966208;1361960960;0;0;0;0;0;0;0;0;0;0;0;1893;0;0;124;0;111;0;
4397;3334604;1192898560;15966208;1361960960;0;0;0;0;0;0;0;0;0;0;0;1874;0;0;124;0;111;0;
4398;3030834;1192898560;15966208;1361960960;0;0;0;0;0;0;0;0;0;0;0;1694;0;0;124;0;111;0;
4399;3831355;1192898560;15966208;1361960960;0;0;0;0;0;0;0;0;0;0;0;1443;0;0;124;0;111;0;
4400;2611197;1192898560;15966208;1361960960;0;0;0;0;0;0;0;0;0;0;0;1754;0;0;124;0;111;0;
4401;2278423;1192898560;15966208;1361960960;0;0;0;0;0;0;0;0;0;0;0;1563;0;0;124;0;111;0;
4402;2349376;1192898560;15966208;1361960960;0;0;0;0;0;0;0;0;0;0;0;1533;0;0;124;0;111;0;
4403;2436840;1192898560;15966208;1361960960;0;0;0;0;0;0;0;0;0;0;0;2074;0;0;124;0;111;0;
4404;2132299;1192898560;15966208;1361960960;0;0;0;0;0;0;0;0;0;0;0;1513;0;0;124;0;111;0;
4405;5412360;1192898560;15966208;1361960960;0;0;0;0;0;0;0;0;0;0;0;1493;0;0;124;0;111;0;
4406;3805517;1192898560;15966208;1361960960;0;0;0;0;0;0;0;0;0;0;0;1874;0;0;124;0;111;0;
4407;2258105;1192898560;15966208;1361960960;0;0;0;0;0;0;0;0;0;0;0;2154;0;0;124;0;111;0;
4408;2914095;1192898560;15966208;1361960960;0;0;0;0;0;0;0;0;0;0;0;2164;0;0;124;0;111;0;
4409;2542898;1192898560;15966208;1361960960;0;0;0;0;0;0;0;0;0;0;0;1723;0;0;124;0;111;0;
4410;1466069;1192898560;15966208;1361960960;0;0;0;0;0;0;0;0;0;0;0;2033;0;0;124;0;111;0;
4411;1485947;1192898560;15966208;1361960960;0;0;0;0;0;0;0;0;0;0;0;1844;0;0;124;0;111;0;
4412;2527460;1192898560;15966208;1361960960;0;0;0;0;0;0;0;0;0;0;0;1743;0;0;124;0;111;0;
4413;1039159;1192898560;15966208;1361960960;0;0;0;0;0;0;0;0;0;0;0;1683;0;0;124;0;111;0;
4414;890460;1192898560;15966208;1361960960;0;0;0;0;0;0;0;0;0;0;0;1593;0;0;124;0;111;0;
4415;1718503;1192898560;15966208;1361960960;0;0;0;0;0;0;0;0;0;0;0;1753;0;0;124;0;111;0;
4416;956504;1192898560;15966208;1361960960;0;0;0;0;0;0;0;0;0;0;0;1703;0;0;124;0;111;0;
4417;887143;1192898560;15966208;1361960960;0;0;0;0;0;0;0;0;0;0;0;1733;0;0;124;0;111;0;
4418;4202973;1192898560;15966208;1361960960;0;0;0;0;0;0;0;0;0;0;0;1643;0;0;124;0;111;0;
4419;2936508;1192898560;15966208;1361960960;0;0;0;0;0;0;0;0;0;0;0;2495;0;0;124;0;111;0;
4420;2306726;1192898560;15966208;1361960960;0;0;0;0;0;0;0;0;0;0;0;6683;0;0;124;0;111;0;
4421;2811873;1192898560;15966208;1361960960;0;0;0;0;0;0;0;0;0;0;0;1413;0;0;124;0;111;0;
4422;1747988;1192898560;15966208;1361960960;0;0;0;0;0;0;0;0;0;0;0;1483;0;0;124;0;111;0;
4423;1898691;1192898560;15966208;1361960960;0;0;0;0;0;0;0;0;0;0;0;1482;0;0;124;0;111;0;
4424;2525927;1192898560;15966208;1361960960;0;0;0;0;0;0;0;0;0;0;0;1362;0;0;124;0;111;0;
4425;1359429;1192898560;15966208;1361960960;0;0;0;0;0;0;0;0;0;0;0;1733;0;0;124;0;111;0;
4426;1944687;1192898560;15966208;1361960960;0;0;0;0;0;0;0;0;0;0;0;1603;0;0;124;0;111;0;
4427;2682831;1192898560;15966208;1361960960;0;0;0;0;0;0;0;0;0;0;0;1904;0;0;124;0;111;0;
4428;2007425;1192898560;15966208;1361960960;0;0;0;0;0;0;0;0;0;0;0;1713;0;0;124;0;111;0;
4429;2086132;1192898560;15966208;1361960960;0;0;0;0;0;0;0;0;0;0;0;1723;0;0;124;0;111;0;
4430;5382845;1192898560;15966208;1361960960;0;0;0;0;0;0;0;0;0;0;0;1954;0;0;124;0;111;0;
4431;2815490;1192898560;15970304;1361965056;0;0;0;0;0;0;0;0;0;0;0;2655;0;0;124;0;111;0;
4432;2382579;1192898560;15970304;1361965056;0;0;0;0;0;0;0;0;0;0;0;2083;0;0;124;0;111;0;
4433;2427963;1192898560;15970304;1361965056;0;0;0;0;0;0;0;0;0;0;0;1593;0;0;124;0;111;0;
4434;2051718;1192898560;15970304;1361965056;0;0;0;0;0;0;0;0;0;0;0;1412;0;0;124;0;111;0;
4435;1500825;1192898560;15970304;1361965056;0;0;0;0;0;0;0;0;0;0;0;1674;0;0;124;0;111;0;
4436;1866300;1192898560;15970304;1361965056;0;0;0;0;0;0;0;0;0;0;0;1442;0;0;124;0;111;0;
4437;2675237;1192898560;15970304;1361965056;0;0;0;0;0;0;0;0;0;0;0;1363;0;0;124;0;111;0;
4438;4579569;1192898560;15970304;1361965056;0;0;0;0;0;0;0;0;0;0;0;2354;0;0;124;0;111;0;
4439;3074495;1192898560;15970304;1361965056;0;0;0;0;0;0;0;0;0;0;0;1532;0;0;124;0;111;0;
4440;2977183;1192898560;15970304;1361965056;0;0;0;0;0;0;0;0;0;0;0;1674;0;0;124;0;111;0;
4441;2079400;1192898560;15970304;1361965056;0;0;0;0;0;0;0;0;0;0;0;1994;0;0;124;0;111;0;
4442;2408527;1193164800;15970304;1361965056;0;0;0;0;0;0;0;0;0;0;0;1552;0;0;124;0;111;0;
4443;5566500;1193164800;15970304;1361965056;0;0;0;0;0;0;0;0;0;0;0;1713;0;0;124;0;111;0;
4444;4140394;1193164800;15970304;1361965056;0;0;0;0;0;0;0;0;0;0;0;2334;0;0;124;0;111;0;
4445;2731633;1193164800;15970304;1361965056;0;0;0;0;0;0;0;0;0;0;0;2264;0;0;124;0;111;0;
4446;2548048;1193164800;15970304;1361965056;0;0;0;0;0;0;0;0;0;0;0;2144;0;0;124;0;111;0;
4447;2490570;1193164800;15970304;1361965056;0;0;0;0;0;0;0;0;0;0;0;1933;0;0;124;0;111;0;
4448;1819372;1193164800;15970304;1361965056;0;0;0;0;0;0;0;0;0;0;0;1834;0;0;124;0;111;0;
4449;1728101;1193164800;15970304;1361965056;0;0;0;0;0;0;0;0;0;0;0;1864;0;0;124;0;111;0;
4450;2261772;1193164800;15970304;1361965056;0;0;0;0;0;0;0;0;0;0;0;1633;0;0;124;0;111;0;
4451;2455275;1193164800;15970304;1361965056;0;0;0;0;0;0;0;0;0;0;0;1673;0;0;124;0;111;0;
4452;847580;1193164800;15970304;1361965056;0;0;0;0;0;0;0;0;0;0;0;1633;0;0;124;0;111;0;
4453;2716925;1193410560;15966208;1361960960;0;0;0;0;0;0;0;0;0;0;0;1973;0;0;124;0;111;0;
4454;2965982;1193410560;15966208;1361960960;0;0;0;0;0;0;0;0;0;0;0;2044;0;0;124;0;111;0;
4455;2062057;1193410560;15966208;1361960960;0;0;0;0;0;0;0;0;0;0;0;1683;0;0;124;0;111;0;
4456;5058737;1193410560;15966208;1361960960;0;0;0;0;0;0;0;0;0;0;0;1683;0;0;124;0;111;0;
4457;2562486;1193410560;15966208;1361960960;0;0;0;0;0;0;0;0;0;0;0;1553;0;0;124;0;111;0;
4458;2538150;1193410560;15966208;1361960960;0;0;0;0;0;0;0;0;0;0;0;1423;0;0;124;0;111;0;
4459;1374668;1193410560;15966208;1361960960;0;0;0;0;0;0;0;0;0;0;0;1193;0;0;124;0;111;0;
4460;2535064;1193410560;15966208;1361960960;0;0;0;0;0;0;0;0;0;0;0;1603;0;0;124;0;111;0;
4461;1133426;1193410560;15966208;1361960960;0;0;0;0;0;0;0;0;0;0;0;1392;0;0;124;0;111;0;
4462;1172649;1193410560;15966208;1361960960;0;0;0;0;0;0;0;0;0;0;0;1583;0;0;124;0;111;0;
4463;1631490;1193410560;15966208;1361960960;0;0;0;0;0;0;0;0;0;0;0;1463;0;0;124;0;111;0;
4464;1254933;1193410560;15966208;1361960960;0;0;0;0;0;0;0;0;0;0;0;1734;0;0;124;0;111;0;
4465;1873003;1193410560;15966208;1361960960;0;0;0;0;0;0;0;0;0;0;0;1553;0;0;124;0;111;0;
4466;2519394;1193410560;15966208;1361960960;0;0;0;0;0;0;0;0;0;0;0;1422;0;0;124;0;111;0;
4467;1665353;1193410560;15966208;1361960960;0;0;0;0;0;0;0;0;0;0;0;1703;0;0;124;0;111;0;
4468;1114150;1193410560;15966208;1361960960;0;0;0;0;0;0;0;0;0;0;0;1422;0;0;124;0;111;0;
4469;4087876;1193410560;15966208;1361960960;0;0;0;0;0;0;0;0;0;0;0;1392;0;0;124;0;111;0;
4470;3663611;1193410560;15966208;1361960960;0;0;0;0;0;0;0;0;0;0;0;2194;0;0;124;0;111;0;
4471;1711640;1193410560;15966208;1361960960;0;0;0;0;0;0;0;0;0;0;0;1924;0;0;124;0;111;0;
4472;1183389;1193410560;15966208;1361960960;0;0;0;0;0;0;0;0;0;0;0;1412;0;0;124;0;111;0;
4473;2599846;1193410560;15966208;1361960960;0;0;0;0;0;0;0;0;0;0;0;1293;0;0;124;0;111;0;
4474;1652710;1193410560;15966208;1361960960;0;0;0;0;0;0;0;0;0;0;0;1373;0;0;124;0;111;0;
4475;1794987;1193410560;15966208;1361960960;0;0;0;0;0;0;0;0;0;0;0;1603;0;0;124;0;111;0;
4476;2845025;1193410560;15966208;1361960960;0;0;0;0;0;0;0;0;0;0;0;1653;0;0;124;0;111;0;
4477;2062047;1193410560;15966208;1361960960;0;0;0;0;0;0;0;0;0;0;0;1522;0;0;124;0;111;0;
4478;2102603;1193410560;15966208;1361960960;0;0;0;0;0;0;0;0;0;0;0;1563;0;0;124;0;111;0;
4479;2396685;1193410560;15966208;1361960960;0;0;0;0;0;0;0;0;0;0;0;1532;0;0;124;0;111;0;
4480;1684209;1193410560;15966208;1361960960;0;0;0;0;0;0;0;0;0;0;0;1733;0;0;124;0;111;0;
4481;938640;1193410560;15966208;1361960960;0;0;0;0;0;0;0;0;0;0;0;1382;0;0;124;0;111;0;
4482;4563618;1193410560;15966208;1361960960;0;0;0;0;0;0;0;0;0;0;0;1433;0;0;124;0;111;0;
4483;2893567;1193410560;15966208;1361960960;0;0;0;0;0;0;0;0;0;0;0;2184;0;0;124;0;111;0;
4484;2439024;1193410560;15966208;1361960960;0;0;0;0;0;0;0;0;0;0;0;2054;0;0;124;0;111;0;
4485;1696010;1193410560;15966208;1361960960;0;0;0;0;0;0;0;0;0;0;0;2003;0;0;124;0;111;0;
4486;3049639;1193410560;15966208;1361960960;0;0;0;0;0;0;0;0;0;0;0;1984;0;0;124;0;111;0;
4487;1407820;1193410560;15966208;1361960960;0;0;0;0;0;0;0;0;0;0;0;1843;0;0;124;0;111;0;
4488;1282185;1193410560;15966208;1361960960;0;0;0;0;0;0;0;0;0;0;0;1773;0;0;124;0;111;0;
4489;2231515;1193410560;15966208;1361960960;0;0;0;0;0;0;0;0;0;0;0;1402;0;0;124;0;111;0;
4490;1905373;1193410560;15966208;1361960960;0;0;0;0;0;0;0;0;0;0;0;1943;0;0;124;0;111;0;
4491;1206032;1193410560;15966208;1361960960;0;0;0;0;0;0;0;0;0;0;0;1853;0;0;124;0;111;0;
4492;3068154;1193410560;15966208;1361960960;0;0;0;0;0;0;0;0;0;0;0;1833;0;0;124;0;111;0;
4493;2553038;1193410560;15966208;1361960960;0;0;0;0;0;0;0;0;0;0;0;2124;0;0;124;0;111;0;
4494;1631109;1193410560;15966208;1361960960;0;0;0;0;0;0;0;0;0;0;0;1733;0;0;124;0;111;0;
4495;4604255;1193410560;15966208;1361960960;0;0;0;0;0;0;0;0;0;0;0;1764;0;0;124;0;111;0;
4496;3599982;1193410560;15966208;1361960960;0;0;0;0;0;0;0;0;0;0;0;2084;0;0;124;0;111;0;
4497;2344116;1193410560;15966208;1361960960;0;0;0;0;0;0;0;0;0;0;0;1663;0;0;124;0;111;0;
4498;1363117;1193410560;15966208;1361960960;0;0;0;0;0;0;0;0;0;0;0;1503;0;0;124;0;111;0;
4499;2364254;1193410560;15966208;1361960960;0;0;0;0;0;0;0;0;0;0;0;1573;0;0;124;0;111;0;
4500;1647400;1193410560;15966208;1361960960;0;0;0;0;0;0;0;0;0;0;0;1863;0;0;124;0;111;0;
4501;2304662;1193410560;15966208;1361960960;0;0;0;0;0;0;0;0;0;0;0;1502;0;0;124;0;111;0;
4502;2813556;1193410560;15966208;1361960960;0;0;0;0;0;0;0;0;0;0;0;1443;0;0;124;0;111;0;
4503;2034906;1193410560;15966208;1361960960;0;0;0;0;0;0;0;0;0;0;0;2004;0;0;124;0;111;0;
4504;2142358;1193410560;15966208;1361960960;0;0;0;0;0;0;0;0;0;0;0;1944;0;0;124;0;111;0;
4505;2604925;1193410560;15966208;1361960960;0;0;0;0;0;0;0;0;0;0;0;1653;0;0;124;0;111;0;
4506;1857243;1193410560;15966208;1361960960;0;0;0;0;0;0;0;0;0;0;0;1944;0;0;124;0;111;0;
4507;908934;1193410560;15966208;1361960960;0;0;0;0;0;0;0;0;0;0;0;1443;0;0;124;0;111;0;
4508;3872542;1193410560;15966208;1361960960;0;0;0;0;0;0;0;0;0;0;0;1343;0;0;124;0;111;0;
4509;3169655;1193410560;15966208;1361960960;0;0;0;0;0;0;0;0;0;0;0;2444;0;0;124;0;111;0;
4510;2590137;1193410560;15966208;1361960960;0;0;0;0;0;0;0;0;0;0;0;2495;0;0;124;0;111;0;
4511;6101122;1193410560;15966208;1361960960;0;0;0;0;0;0;0;0;0;0;0;2014;0;0;124;0;111;0;
4512;1605291;1193410560;15966208;1361960960;0;0;0;0;0;0;0;0;0;0;0;1984;0;0;124;0;111;0;
4513;1128727;1193410560;15966208;1361960960;0;0;0;0;0;0;0;0;0;0;0;1463;0;0;124;0;111;0;
4514;2044495;1193410560;15966208;1361960960;0;0;0;0;0;0;0;0;0;0;0;1684;0;0;124;0;111;0;
4515;2717877;1193410560;15966208;1361960960;0;0;0;0;0;0;0;0;0;0;0;1864;0;0;124;0;111;0;
4516;2224932;1193410560;15966208;1361960960;0;0;0;0;0;0;0;0;0;0;0;1634;0;0;124;0;111;0;
4517;2151415;1193410560;15966208;1361960960;0;0;0;0;0;0;0;0;0;0;0;1453;0;0;124;0;111;0;
4518;1307773;1193410560;15966208;1361960960;0;0;0;0;0;0;0;0;0;0;0;1633;0;0;124;0;111;0;
4519;1419562;1193410560;15966208;1361960960;0;0;0;0;0;0;0;0;0;0;0;1543;0;0;124;0;111;0;
4520;5216824;1193410560;15966208;1361960960;0;0;0;0;0;0;0;0;0;0;0;1623;0;0;124;0;111;0;
4521;4219643;1193410560;15970304;1361965056;0;0;0;0;0;0;0;0;0;0;0;2785;0;0;124;0;111;0;
4522;2879340;1193410560;15970304;1361965056;0;0;0;0;0;0;0;0;0;0;0;2404;0;0;124;0;111;0;
4523;1543755;1193410560;15970304;1361965056;0;0;0;0;0;0;0;0;0;0;0;2044;0;0;124;0;111;0;
4524;3036745;1193410560;15970304;1361965056;0;0;0;0;0;0;0;0;0;0;0;1823;0;0;124;0;111;0;
4525;2155252;1193410560;15970304;1361965056;0;0;0;0;0;0;0;0;0;0;0;1943;0;0;124;0;111;0;
4526;1369288;1193410560;15970304;1361965056;0;0;0;0;0;0;0;0;0;0;0;1823;0;0;124;0;111;0;
4527;3276034;1193410560;15970304;1361965056;0;0;0;0;0;0;0;0;0;0;0;1984;0;0;124;0;111;0;
4528;1357316;1193410560;15970304;1361965056;0;0;0;0;0;0;0;0;0;0;0;1403;0;0;124;0;111;0;
4529;1158252;1193410560;15970304;1361965056;0;0;0;0;0;0;0;0;0;0;0;1543;0;0;124;0;111;0;
4530;2880191;1193410560;15970304;1361965056;0;0;0;0;0;0;0;0;0;0;0;1683;0;0;124;0;111;0;
4531;2119665;1193410560;15970304;1361965056;0;0;0;0;0;0;0;0;0;0;0;2144;0;0;124;0;111;0;
4532;1232021;1193410560;15970304;1361965056;0;0;0;0;0;0;0;0;0;0;0;1403;0;0;124;0;111;0;
4533;5012701;1193410560;15970304;1361965056;0;0;0;0;0;0;0;0;0;0;0;1413;0;0;124;0;111;0;
4534;4006413;1193410560;15970304;1361965056;0;0;0;0;0;0;0;0;0;0;0;3246;0;0;124;0;111;0;
4535;1211703;1193410560;15970304;1361965056;0;0;0;0;0;0;0;0;0;0;0;1883;0;0;124;0;111;0;
4536;2032020;1193410560;15970304;1361965056;0;0;0;0;0;0;0;0;0;0;0;1734;0;0;124;0;111;0;
4537;2576502;1193410560;15970304;1361965056;0;0;0;0;0;0;0;0;0;0;0;2264;0;0;124;0;111;0;
4538;1750603;1193410560;15970304;1361965056;0;0;0;0;0;0;0;0;0;0;0;1703;0;0;124;0;111;0;
4539;1041263;1193410560;15970304;1361965056;0;0;0;0;0;0;0;0;0;0;0;1603;0;0;124;0;111;0;
4540;2023074;1193410560;15970304;1361965056;0;0;0;0;0;0;0;0;0;0;0;1813;0;0;124;0;111;0;
4541;1082751;1193410560;15970304;1361965056;0;0;0;0;0;0;0;0;0;0;0;2064;0;0;124;0;111;0;
4542;1460098;1193410560;15970304;1361965056;0;0;0;0;0;0;0;0;0;0;0;1674;0;0;124;0;111;0;
4543;2552567;1193410560;15966208;1361960960;0;0;0;0;0;0;0;0;0;0;0;1543;0;0;124;0;111;0;
4544;882334;1193410560;15966208;1361960960;0;0;0;0;0;0;0;0;0;0;0;1462;0;0;124;0;111;0;
4545;1930551;1193410560;15966208;1361960960;0;0;0;0;0;0;0;0;0;0;0;1372;0;0;124;0;111;0;
4546;5460210;1193410560;15966208;1361960960;0;0;0;0;0;0;0;0;0;0;0;1252;0;0;124;0;111;0;
4547;3338952;1193410560;15966208;1361960960;0;0;0;0;0;0;0;0;0;0;0;2945;0;0;124;0;111;0;
4548;2101692;1193410560;15966208;1361960960;0;0;0;0;0;0;0;0;0;0;0;2214;0;0;124;0;111;0;
4549;1786961;1193410560;15966208;1361960960;0;0;0;0;0;0;0;0;0;0;0;1593;0;0;124;0;111;0;
4550;2343044;1193410560;15966208;1361960960;0;0;0;0;0;0;0;0;0;0;0;1493;0;0;124;0;111;0;
4551;1766793;1193410560;15966208;1361960960;0;0;0;0;0;0;0;0;0;0;0;1593;0;0;124;0;111;0;
4552;1867271;1193410560;15966208;1361960960;0;0;0;0;0;0;0;0;0;0;0;1513;0;0;124;0;111;0;
4553;2024376;1193410560;15966208;1361960960;0;0;0;0;0;0;0;0;0;0;0;1382;0;0;124;0;111;0;
4554;2290947;1193410560;15966208;1361960960;0;0;0;0;0;0;0;0;0;0;0;1783;0;0;124;0;111;0;
4555;1769910;1193410560;15966208;1361960960;0;0;0;0;0;0;0;0;0;0;0;1433;0;0;124;0;111;0;
4556;1913048;1193410560;15966208;1361960960;0;0;0;0;0;0;0;0;0;0;0;1532;0;0;124;0;111;0;
4557;1159644;1193410560;15966208;1361960960;0;0;0;0;0;0;0;0;0;0;0;1373;0;0;124;0;111;0;
4558;794299;1193410560;15966208;1361960960;0;0;0;0;0;0;0;0;0;0;0;1413;0;0;124;0;111;0;
4559;4002446;1193410560;15966208;1361960960;0;0;0;0;0;0;0;0;0;0;0;1703;0;0;124;0;111;0;
4560;3049138;1193410560;15966208;1361960960;0;0;0;0;0;0;0;0;0;0;0;2855;0;0;124;0;111;0;
4561;1038818;1193410560;15966208;1361960960;0;0;0;0;0;0;0;0;0;0;0;1914;0;0;124;0;111;0;
4562;1685371;1193410560;15966208;1361960960;0;0;0;0;0;0;0;0;0;0;0;1543;0;0;124;0;111;0;
4563;1710267;1193410560;15966208;1361960960;0;0;0;0;0;0;0;0;0;0;0;1483;0;0;124;0;111;0;
4564;2081784;1193410560;15966208;1361960960;0;0;0;0;0;0;0;0;0;0;0;1253;0;0;124;0;111;0;
4565;2690696;1193410560;15966208;1361960960;0;0;0;0;0;0;0;0;0;0;0;1403;0;0;124;0;111;0;
4566;2207239;1193410560;15966208;1361960960;0;0;0;0;0;0;0;0;0;0;0;1703;0;0;124;0;111;0;
4567;2443713;1193410560;15966208;1361960960;0;0;0;0;0;0;0;0;0;0;0;1903;0;0;124;0;111;0;
4568;1686172;1193410560;15966208;1361960960;0;0;0;0;0;0;0;0;0;0;0;1573;0;0;124;0;111;0;
4569;2525246;1193410560;15966208;1361960960;0;0;0;0;0;0;0;0;0;0;0;1503;0;0;124;0;111;0;
4570;1347918;1193410560;15966208;1361960960;0;0;0;0;0;0;0;0;0;0;0;1753;0;0;124;0;111;0;
4571;1337959;1193410560;15966208;1361960960;0;0;0;0;0;0;0;0;0;0;0;1653;0;0;124;0;111;0;
4572;5163764;1193410560;15966208;1361960960;0;0;0;0;0;0;0;0;0;0;0;1383;0;0;124;0;111;0;
4573;3320217;1193410560;15966208;1361960960;0;0;0;0;0;0;0;0;0;0;0;1853;0;0;124;0;111;0;
4574;1700579;1193410560;15966208;1361960960;0;0;0;0;0;0;0;0;0;0;0;1593;0;0;124;0;111;0;
4575;1932083;1193410560;15966208;1361960960;0;0;0;0;0;0;0;0;0;0;0;2114;0;0;124;0;111;0;
4576;2448091;1193410560;15966208;1361960960;0;0;0;0;0;0;0;0;0;0;0;1643;0;0;124;0;111;0;
4577;1957822;1193410560;15966208;1361960960;0;0;0;0;0;0;0;0;0;0;0;1593;0;0;124;0;111;0;
4578;2430578;1193410560;15966208;1361960960;0;0;0;0;0;0;0;0;0;0;0;1423;0;0;124;0;111;0;
4579;1765270;1193410560;15966208;1361960960;0;0;0;0;0;0;0;0;0;0;0;1463;0;0;124;0;111;0;
4580;1862102;1193410560;15966208;1361960960;0;0;0;0;0;0;0;0;0;0;0;1663;0;0;124;0;111;0;
4581;1717040;1193410560;15966208;1361960960;0;0;0;0;0;0;0;0;0;0;0;1193;0;0;124;0;111;0;
4582;2605296;1193410560;15966208;1361960960;0;0;0;0;0;0;0;0;0;0;0;1964;0;0;124;0;111;0;
4583;1832406;1193410560;15966208;1361960960;0;0;0;0;0;0;0;0;0;0;0;2284;0;0;124;0;111;0;
4584;2138571;1193410560;15966208;1361960960;0;0;0;0;0;0;0;0;0;0;0;2354;0;0;124;0;111;0;
4585;4821351;1193410560;15966208;1361960960;0;0;0;0;0;0;0;0;0;0;0;1834;0;0;124;0;111;0;
4586;3777264;1193410560;15966208;1361960960;0;0;0;0;0;0;0;0;0;0;0;2795;0;0;124;0;111;0;
4587;1887239;1193410560;15966208;1361960960;0;0;0;0;0;0;0;0;0;0;0;1844;0;0;124;0;111;0;
4588;2339237;1193410560;15966208;1361960960;0;0;0;0;0;0;0;0;0;0;0;1853;0;0;124;0;111;0;
4589;1895915;1193410560;15966208;1361960960;0;0;0;0;0;0;0;0;0;0;0;1653;0;0;124;0;111;0;
4590;1819773;1193410560;15966208;1361960960;0;0;0;0;0;0;0;0;0;0;0;1613;0;0;124;0;111;0;
4591;2186561;1193410560;15966208;1361960960;0;0;0;0;0;0;0;0;0;0;0;1714;0;0;124;0;111;0;
4592;1902719;1193410560;15966208;1361960960;0;0;0;0;0;0;0;0;0;0;0;1573;0;0;124;0;111;0;
4593;1942072;1193410560;15966208;1361960960;0;0;0;0;0;0;0;0;0;0;0;1513;0;0;124;0;111;0;
4594;1641648;1193410560;15966208;1361960960;0;0;0;0;0;0;0;0;0;0;0;1413;0;0;124;0;111;0;
4595;1907788;1193410560;15966208;1361960960;0;0;0;0;0;0;0;0;0;0;0;2344;0;0;124;0;111;0;
4596;1259703;1193410560;15966208;1361960960;0;0;0;0;0;0;0;0;0;0;0;1392;0;0;124;0;111;0;
4597;5124972;1193410560;15966208;1361960960;0;0;0;0;0;0;0;0;0;0;0;1423;0;0;124;0;111;0;
4598;2346370;1193410560;15970304;1361965056;0;0;0;0;0;0;0;0;0;0;0;1713;0;0;124;0;111;0;
4599;2347513;1193410560;15970304;1361965056;0;0;0;0;0;0;0;0;0;0;0;1403;0;0;124;0;111;0;
4600;1770710;1193410560;15970304;1361965056;0;0;0;0;0;0;0;0;0;0;0;1613;0;0;124;0;111;0;
4601;2460384;1193410560;15970304;1361965056;0;0;0;0;0;0;0;0;0;0;0;1353;0;0;124;0;111;0;
4602;2048521;1193410560;15970304;1361965056;0;0;0;0;0;0;0;0;0;0;0;1804;0;0;124;0;111;0;
4603;1808772;1193410560;15970304;1361965056;0;0;0;0;0;0;0;0;0;0;0;1743;0;0;124;0;111;0;
4604;2251823;1193410560;15970304;1361965056;0;0;0;0;0;0;0;0;0;0;0;1683;0;0;124;0;111;0;
4605;897794;1193410560;15970304;1361965056;0;0;0;0;0;0;0;0;0;0;0;1423;0;0;124;0;111;0;
4606;1399174;1193410560;15970304;1361965056;0;0;0;0;0;0;0;0;0;0;0;1462;0;0;124;0;111;0;
4607;1417067;1193410560;15970304;1361965056;0;0;0;0;0;0;0;0;0;0;0;1383;0;0;124;0;111;0;
4608;1275202;1193410560;15970304;1361965056;0;0;0;0;0;0;0;0;0;0;0;1523;0;0;124;0;111;0;
4609;1121964;1193410560;15970304;1361965056;0;0;0;0;0;0;0;0;0;0;0;1473;0;0;124;0;111;0;
4610;4181482;1193410560;15970304;1361965056;0;0;0;0;0;0;0;0;0;0;0;1422;0;0;124;0;111;0;
4611;1881208;1193410560;15970304;1361965056;0;0;0;0;0;0;0;0;0;0;0;2184;0;0;124;0;111;0;
4612;1186315;1193410560;15970304;1361965056;0;0;0;0;0;0;0;0;0;0;0;1573;0;0;124;0;111;0;
4613;3605983;1193410560;15970304;1361965056;0;0;0;0;0;0;0;0;0;0;0;1413;0;0;124;0;111;0;
4614;1401979;1193410560;15970304;1361965056;0;0;0;0;0;0;0;0;0;0;0;1553;0;0;124;0;111;0;
4615;1757856;1193410560;15970304;1361965056;0;0;0;0;0;0;0;0;0;0;0;1422;0;0;124;0;111;0;
4616;2947988;1193410560;15970304;1361965056;0;0;0;0;0;0;0;0;0;0;0;1673;0;0;124;0;111;0;
4617;1444809;1193410560;15970304;1361965056;0;0;0;0;0;0;0;0;0;0;0;1853;0;0;124;0;111;0;
4618;1479023;1193410560;15970304;1361965056;0;0;0;0;0;0;0;0;0;0;0;1433;0;0;124;0;111;0;
4619;2442861;1193410560;15966208;1361960960;0;0;0;0;0;0;0;0;0;0;0;1463;0;0;124;0;111;0;
4620;1692343;1193410560;15966208;1361960960;0;0;0;0;0;0;0;0;0;0;0;1593;0;0;124;0;111;0;
4621;2026371;1193410560;15966208;1361960960;0;0;0;0;0;0;0;0;0;0;0;1402;0;0;124;0;111;0;
4622;4938241;1193410560;15966208;1361960960;0;0;0;0;0;0;0;0;0;0;0;1583;0;0;124;0;111;0;
4623;3355292;1193410560;15970304;1361965056;0;0;0;0;0;0;0;0;0;0;0;1864;0;0;124;0;111;0;
4624;3082321;1193410560;15970304;1361965056;0;0;0;0;0;0;0;0;0;0;0;1753;0;0;124;0;111;0;
4625;1799816;1193410560;15970304;1361965056;0;0;0;0;0;0;0;0;0;0;0;1633;0;0;124;0;111;0;
4626;2594726;1193410560;15970304;1361965056;0;0;0;0;0;0;0;0;0;0;0;1433;0;0;124;0;111;0;
4627;1863345;1193410560;15970304;1361965056;0;0;0;0;0;0;0;0;0;0;0;1773;0;0;124;0;111;0;
4628;1655945;1193410560;15970304;1361965056;0;0;0;0;0;0;0;0;0;0;0;1673;0;0;124;0;111;0;
4629;3067673;1193410560;15970304;1361965056;0;0;0;0;0;0;0;0;0;0;0;1453;0;0;124;0;111;0;
4630;2342944;1193410560;15970304;1361965056;0;0;0;0;0;0;0;0;0;0;0;1643;0;0;124;0;111;0;
4631;2033474;1193410560;15970304;1361965056;0;0;0;0;0;0;0;0;0;0;0;1393;0;0;124;0;111;0;
4632;1823751;1193410560;15970304;1361965056;0;0;0;0;0;0;0;0;0;0;0;1473;0;0;124;0;111;0;
4633;911600;1193410560;15970304;1361965056;0;0;0;0;0;0;0;0;0;0;0;1453;0;0;124;0;111;0;
4634;2369504;1193410560;15970304;1361965056;0;0;0;0;0;0;0;0;0;0;0;1493;0;0;124;0;111;0;
4635;5819814;1193680896;15970304;1361965056;0;0;0;0;0;0;0;0;0;0;0;1823;0;0;124;0;111;0;
4636;3822138;1193680896;15970304;1361965056;0;0;0;0;0;0;0;0;0;0;0;2966;0;0;124;0;111;0;
4637;1555106;1193680896;15970304;1361965056;0;0;0;0;0;0;0;0;0;0;0;1923;0;0;124;0;111;0;
4638;1948123;1193680896;15970304;1361965056;0;0;0;0;0;0;0;0;0;0;0;1773;0;0;124;0;111;0;
4639;1993949;1193680896;15970304;1361965056;0;0;0;0;0;0;0;0;0;0;0;1412;0;0;124;0;111;0;
4640;1900163;1193680896;15970304;1361965056;0;0;0;0;0;0;0;0;0;0;0;1493;0;0;124;0;111;0;
4641;1797591;1193680896;15970304;1361965056;0;0;0;0;0;0;0;0;0;0;0;1542;0;0;124;0;111;0;
4642;2405301;1193680896;15970304;1361965056;0;0;0;0;0;0;0;0;0;0;0;1483;0;0;124;0;111;0;
4643;1616852;1193680896;15970304;1361965056;0;0;0;0;0;0;0;0;0;0;0;1433;0;0;124;0;111;0;
4644;1802691;1193680896;15970304;1361965056;0;0;0;0;0;0;0;0;0;0;0;1413;0;0;124;0;111;0;
4645;2166002;1193680896;15966208;1361960960;0;0;0;0;0;0;0;0;0;0;0;1473;0;0;124;0;111;0;
4646;2033143;1193680896;15966208;1361960960;0;0;0;0;0;0;0;0;0;0;0;2064;0;0;124;0;111;0;
4647;2778832;1193680896;15966208;1361960960;0;0;0;0;0;0;0;0;0;0;0;1683;0;0;124;0;111;0;
4648;4327816;1193680896;15966208;1361960960;0;0;0;0;0;0;0;0;0;0;0;1573;0;0;124;0;111;0;
4649;2797827;1193680896;15966208;1361960960;0;0;0;0;0;0;0;0;0;0;0;1653;0;0;124;0;111;0;
4650;1491407;1193680896;15966208;1361960960;0;0;0;0;0;0;0;0;0;0;0;1543;0;0;124;0;111;0;
4651;2074922;1193680896;15966208;1361960960;0;0;0;0;0;0;0;0;0;0;0;1573;0;0;124;0;111;0;
4652;2216737;1193680896;15966208;1361960960;0;0;0;0;0;0;0;0;0;0;0;1713;0;0;124;0;111;0;
4653;2120888;1193680896;15966208;1361960960;0;0;0;0;0;0;0;0;0;0;0;1623;0;0;124;0;111;0;
4654;2051808;1193680896;15966208;1361960960;0;0;0;0;0;0;0;0;0;0;0;1583;0;0;124;0;111;0;
4655;2794510;1193680896;15966208;1361960960;0;0;0;0;0;0;0;0;0;0;0;1694;0;0;124;0;111;0;
4656;1782092;1193680896;15966208;1361960960;0;0;0;0;0;0;0;0;0;0;0;1633;0;0;124;0;111;0;
4657;1878182;1193680896;15966208;1361960960;0;0;0;0;0;0;0;0;0;0;0;1523;0;0;124;0;111;0;
4658;2506892;1193680896;15966208;1361960960;0;0;0;0;0;0;0;0;0;0;0;1563;0;0;124;0;111;0;
4659;2258655;1193680896;15966208;1361960960;0;0;0;0;0;0;0;0;0;0;0;1683;0;0;124;0;111;0;
4660;1766994;1193680896;15966208;1361960960;0;0;0;0;0;0;0;0;0;0;0;1593;0;0;124;0;111;0;
4661;4208924;1193680896;15966208;1361960960;0;0;0;0;0;0;0;0;0;0;0;1593;0;0;124;0;111;0;
4662;2941616;1193680896;15966208;1361960960;0;0;0;0;0;0;0;0;0;0;0;2024;0;0;124;0;111;0;
4663;2267583;1193680896;15966208;1361960960;0;0;0;0;0;0;0;0;0;0;0;1603;0;0;124;0;111;0;
4664;2861997;1193680896;15966208;1361960960;0;0;0;0;0;0;0;0;0;0;0;2214;0;0;124;0;111;0;
4665;2245371;1193680896;15966208;1361960960;0;0;0;0;0;0;0;0;0;0;0;1984;0;0;124;0;111;0;
4666;2077887;1193680896;15966208;1361960960;0;0;0;0;0;0;0;0;0;0;0;2113;0;0;124;0;111;0;
4667;3079635;1193680896;15966208;1361960960;0;0;0;0;0;0;0;0;0;0;0;1543;0;0;124;0;111;0;
4668;2229461;1193680896;15966208;1361960960;0;0;0;0;0;0;0;0;0;0;0;1823;0;0;124;0;111;0;
4669;2037601;1193680896;15966208;1361960960;0;0;0;0;0;0;0;0;0;0;0;1623;0;0;124;0;111;0;
4670;2195498;1193680896;15966208;1361960960;0;0;0;0;0;0;0;0;0;0;0;1633;0;0;124;0;111;0;
4671;1387673;1193680896;15966208;1361960960;0;0;0;0;0;0;0;0;0;0;0;1523;0;0;124;0;111;0;
4672;1365371;1193680896;15966208;1361960960;0;0;0;0;0;0;0;0;0;0;0;1492;0;0;124;0;111;0;
4673;4227267;1193680896;15966208;1361960960;0;0;0;0;0;0;0;0;0;0;0;1383;0;0;124;0;111;0;
4674;3841705;1193680896;15970304;1361965056;0;0;0;0;0;0;0;0;0;0;0;2475;0;0;124;0;111;0;
4675;2570781;1193680896;15970304;1361965056;0;0;0;0;0;0;0;0;0;0;0;1443;0;0;124;0;111;0;
4676;2497194;1193680896;15970304;1361965056;0;0;0;0;0;0;0;0;0;0;0;1633;0;0;124;0;111;0;
4677;2611116;1193680896;15970304;1361965056;0;0;0;0;0;0;0;0;0;0;0;2215;0;0;124;0;111;0;
4678;2166543;1193680896;15970304;1361965056;0;0;0;0;0;0;0;0;0;0;0;1683;0;0;124;0;111;0;
4679;3372835;1193680896;15970304;1361965056;0;0;0;0;0;0;0;0;0;0;0;1763;0;0;124;0;111;0;
4680;2109195;1193680896;15970304;1361965056;0;0;0;0;0;0;0;0;0;0;0;2184;0;0;124;0;111;0;
4681;4250712;1193680896;15970304;1361965056;0;0;0;0;0;0;0;0;0;0;0;2104;0;0;124;0;111;0;
4682;3473564;1193680896;15970304;1361965056;0;0;0;0;0;0;0;0;0;0;0;2595;0;0;124;0;111;0;
4683;4001925;1193680896;15970304;1361965056;0;0;0;0;0;0;0;0;0;0;0;2935;0;0;124;0;111;0;
4684;2141366;1193680896;15970304;1361965056;0;0;0;0;0;0;0;0;0;0;0;1914;0;0;124;0;111;0;
4685;4936328;1193680896;15970304;1361965056;0;0;0;0;0;0;0;0;0;0;0;66314;0;0;124;0;111;0;
4686;6143962;1193680896;15970304;1361965056;0;0;0;0;0;0;0;0;0;0;0;3116;0;0;124;0;111;0;
4687;3063425;1193680896;15970304;1361965056;0;0;0;0;0;0;0;0;0;0;0;2956;0;0;124;0;111;0;
4688;2563487;1193680896;15970304;1361965056;0;0;0;0;0;0;0;0;0;0;0;3596;0;0;124;0;111;0;
4689;4915799;1193951232;15970304;1361965056;0;0;0;0;0;0;0;0;0;0;0;3096;0;0;124;0;111;0;
4690;3576216;1193951232;15970304;1361965056;0;0;0;0;0;0;0;0;0;0;0;3216;0;0;124;0;111;0;
4691;3682325;1193951232;15970304;1361965056;0;0;0;0;0;0;0;0;0;0;0;3316;0;0;124;0;111;0;
4692;3292154;1193951232;15970304;1361965056;0;0;0;0;0;0;0;0;0;0;0;2545;0;0;124;0;111;0;
4693;1837386;1193951232;15970304;1361965056;0;0;0;0;0;0;0;0;0;0;0;3026;0;0;124;0;111;0;
4694;2580499;1193951232;15970304;1361965056;0;0;0;0;0;0;0;0;0;0;0;2134;0;0;124;0;111;0;
4695;4084891;1193951232;15966208;1361960960;0;0;0;0;0;0;0;0;0;0;0;3025;0;0;124;0;111;0;
4696;2890661;1193951232;15966208;1361960960;0;0;0;0;0;0;0;0;0;0;0;3166;0;0;124;0;111;0;
4697;2755588;1193951232;15966208;1361960960;0;0;0;0;0;0;0;0;0;0;0;2695;0;0;124;0;111;0;
4698;5168463;1193951232;15966208;1361960960;0;0;0;0;0;0;0;0;0;0;0;2634;0;0;124;0;111;0;
4699;4459574;1193951232;15966208;1361960960;0;0;0;0;0;0;0;0;0;0;0;2886;0;0;124;0;111;0;
4700;3449960;1193951232;15966208;1361960960;0;0;0;0;0;0;0;0;0;0;0;3466;0;0;124;0;111;0;
4701;3104322;1193951232;15966208;1361960960;0;0;0;0;0;0;0;0;0;0;0;3156;0;0;124;0;111;0;
4702;4128292;1193951232;15966208;1361960960;0;0;0;0;0;0;0;0;0;0;0;3387;0;0;124;0;111;0;
4703;3216813;1193951232;15966208;1361960960;0;0;0;0;0;0;0;0;0;0;0;3206;0;0;124;0;111;0;
4704;1719605;1193951232;15966208;1361960960;0;0;0;0;0;0;0;0;0;0;0;2615;0;0;124;0;111;0;
4705;3027848;1193951232;15966208;1361960960;0;0;0;0;0;0;0;0;0;0;0;2966;0;0;124;0;111;0;
4706;2653356;1193951232;15966208;1361960960;0;0;0;0;0;0;0;0;0;0;0;2936;0;0;124;0;111;0;
4707;1914160;1193951232;15966208;1361960960;0;0;0;0;0;0;0;0;0;0;0;2886;0;0;124;0;111;0;
4708;3054168;1193947136;15962112;1361956864;0;0;0;0;0;0;0;0;0;0;0;2064;0;0;124;0;111;0;
4709;3514210;1193947136;15962112;1361956864;0;0;0;0;0;0;0;0;0;0;0;3176;0;0;124;0;111;0;
4710;3415626;1193947136;15962112;1361956864;0;0;0;0;0;0;0;0;0;0;0;2755;0;0;124;0;111;0;
4711;6245934;1193947136;15962112;1361956864;0;0;0;0;0;0;0;0;0;0;0;2655;0;0;124;0;111;0;
4712;4313660;1193947136;15966208;1361960960;0;0;0;0;0;0;0;0;0;0;0;3226;0;0;124;0;111;0;
4713;3389277;1193947136;15966208;1361960960;0;0;0;0;0;0;0;0;0;0;0;3507;0;0;124;0;111;0;
4714;5341488;1193947136;15966208;1361960960;0;0;0;0;0;0;0;0;0;0;0;3387;0;0;124;0;111;0;
4715;4031451;1193947136;15966208;1361960960;0;0;0;0;0;0;0;0;0;0;0;3687;0;0;124;0;111;0;
4716;3228084;1193947136;15966208;1361960960;0;0;0;0;0;0;0;0;0;0;0;3326;0;0;124;0;111;0;
4717;2658095;1193947136;15966208;1361960960;0;0;0;0;0;0;0;0;0;0;0;2615;0;0;124;0;111;0;
4718;4882427;1193947136;15966208;1361960960;0;0;0;0;0;0;0;0;0;0;0;2555;0;0;124;0;111;0;
4719;2802255;1193947136;15966208;1361960960;0;0;0;0;0;0;0;0;0;0;0;2955;0;0;124;0;111;0;
4720;3520372;1193947136;15966208;1361960960;0;0;0;0;0;0;0;0;0;0;0;2695;0;0;124;0;111;0;
4721;3259653;1193947136;15966208;1361960960;0;0;0;0;0;0;0;0;0;0;0;2625;0;0;124;0;111;0;
4722;4144322;1194217472;15966208;1361960960;0;0;0;0;0;0;0;0;0;0;0;2755;0;0;124;0;111;0;
4723;4257264;1194217472;15966208;1361960960;0;0;0;0;0;0;0;0;0;0;0;3306;0;0;124;0;111;0;
4724;6635524;1194217472;15966208;1361960960;0;0;0;0;0;0;0;0;0;0;0;2074;0;0;124;0;111;0;
4725;4063039;1194217472;15966208;1361960960;0;0;0;0;0;0;0;0;0;0;0;2765;0;0;124;0;111;0;
4726;3234546;1194217472;15966208;1361960960;0;0;0;0;0;0;0;0;0;0;0;3376;0;0;124;0;111;0;
4727;2660911;1194217472;15966208;1361960960;0;0;0;0;0;0;0;0;0;0;0;2114;0;0;124;0;111;0;
4728;4135966;1194217472;15966208;1361960960;0;0;0;0;0;0;0;0;0;0;0;1553;0;0;124;0;111;0;
4729;2597722;1194217472;15966208;1361960960;0;0;0;0;0;0;0;0;0;0;0;2164;0;0;124;0;111;0;
4730;2277691;1194217472;15966208;1361960960;0;0;0;0;0;0;0;0;0;0;0;1783;0;0;124;0;111;0;
4731;5746257;1194217472;15966208;1361960960;0;0;0;0;0;0;0;0;0;0;0;1643;0;0;124;0;111;0;
4732;3663591;1194217472;15966208;1361960960;0;0;0;0;0;0;0;0;0;0;0;2565;0;0;124;0;111;0;
4733;3364600;1194217472;15966208;1361960960;0;0;0;0;0;0;0;0;0;0;0;1823;0;0;124;0;111;0;
4734;4175892;1194217472;15966208;1361960960;0;0;0;0;0;0;0;0;0;0;0;1583;0;0;124;0;111;0;
4735;4181692;1194217472;15966208;1361960960;0;0;0;0;0;0;0;0;0;0;0;2785;0;0;124;0;111;0;
4736;3696172;1194217472;15966208;1361960960;0;0;0;0;0;0;0;0;0;0;0;1804;0;0;124;0;111;0;
4737;7889055;1194217472;15966208;1361960960;0;0;0;0;0;0;0;0;0;0;0;1684;0;0;124;0;111;0;
4738;6295276;1194217472;15966208;1361960960;0;0;0;0;0;0;0;0;0;0;0;2494;0;0;124;0;111;0;
4739;3150328;1194217472;15966208;1361960960;0;0;0;0;0;0;0;0;0;0;0;3948;0;0;124;0;111;0;
4740;2807095;1194217472;15966208;1361960960;0;0;0;0;0;0;0;0;0;0;0;2555;0;0;124;0;111;0;
4741;2111119;1194217472;15966208;1361960960;0;0;0;0;0;0;0;0;0;0;0;1683;0;0;124;0;111;0;
4742;1674060;1194217472;15966208;1361960960;0;0;0;0;0;0;0;0;0;0;0;1903;0;0;124;0;111;0;
4743;1881949;1194217472;15966208;1361960960;0;0;0;0;0;0;0;0;0;0;0;1453;0;0;124;0;111;0;
4744;2493927;1194217472;15966208;1361960960;0;0;0;0;0;0;0;0;0;0;0;1513;0;0;124;0;111;0;
4745;1368287;1194217472;15966208;1361960960;0;0;0;0;0;0;0;0;0;0;0;1563;0;0;124;0;111;0;
4746;2204915;1194217472;15966208;1361960960;0;0;0;0;0;0;0;0;0;0;0;1413;0;0;124;0;111;0;
4747;2497183;1194217472;15966208;1361960960;0;0;0;0;0;0;0;0;0;0;0;1623;0;0;124;0;111;0;
4748;2152286;1194217472;15966208;1361960960;0;0;0;0;0;0;0;0;0;0;0;1893;0;0;124;0;111;0;
4749;1435823;1194217472;15966208;1361960960;0;0;0;0;0;0;0;0;0;0;0;1423;0;0;124;0;111;0;
4750;5627814;1194217472;15966208;1361960960;0;0;0;0;0;0;0;0;0;0;0;1543;0;0;124;0;111;0;
4751;4387478;1194217472;15966208;1361960960;0;0;0;0;0;0;0;0;0;0;0;3297;0;0;124;0;111;0;
4752;1817028;1194217472;15966208;1361960960;0;0;0;0;0;0;0;0;0;0;0;2024;0;0;124;0;111;0;
4753;2134423;1194217472;15966208;1361960960;0;0;0;0;0;0;0;0;0;0;0;1924;0;0;124;0;111;0;
4754;2774804;1194217472;15966208;1361960960;0;0;0;0;0;0;0;0;0;0;0;1273;0;0;124;0;111;0;
4755;2616737;1194217472;15966208;1361960960;0;0;0;0;0;0;0;0;0;0;0;1884;0;0;124;0;111;0;
4756;2206388;1194217472;15966208;1361960960;0;0;0;0;0;0;0;0;0;0;0;2154;0;0;124;0;111;0;
4757;2650030;1194217472;15966208;1361960960;0;0;0;0;0;0;0;0;0;0;0;1843;0;0;124;0;111;0;
4758;2281739;1194217472;15966208;1361960960;0;0;0;0;0;0;0;0;0;0;0;1904;0;0;124;0;111;0;
4759;1751615;1194217472;15966208;1361960960;0;0;0;0;0;0;0;0;0;0;0;1443;0;0;124;0;111;0;
4760;3138927;1194217472;15966208;1361960960;0;0;0;0;0;0;0;0;0;0;0;1593;0;0;124;0;111;0;
4761;1822888;1194217472;15966208;1361960960;0;0;0;0;0;0;0;0;0;0;0;1783;0;0;124;0;111;0;
4762;2359114;1194217472;15966208;1361960960;0;0;0;0;0;0;0;0;0;0;0;1372;0;0;124;0;111;0;
4763;6044777;1194217472;15966208;1361960960;0;0;0;0;0;0;0;0;0;0;0;1563;0;0;124;0;111;0;
4764;5828040;1194217472;15966208;1361960960;0;0;0;0;0;0;0;0;0;0;0;2344;0;0;124;0;111;0;
4765;3342117;1194217472;15966208;1361960960;0;0;0;0;0;0;0;0;0;0;0;2555;0;0;124;0;111;0;
4766;2163578;1194217472;15966208;1361960960;0;0;0;0;0;0;0;0;0;0;0;1923;0;0;124;0;111;0;
4767;3841855;1194217472;15966208;1361960960;0;0;0;0;0;0;0;0;0;0;0;1763;0;0;124;0;111;0;
4768;2457288;1194217472;15966208;1361960960;0;0;0;0;0;0;0;0;0;0;0;118452;0;0;124;0;111;0;
4769;1392341;1194217472;15966208;1361960960;0;0;0;0;0;0;0;0;0;0;0;1363;0;0;124;0;111;0;
4770;3854088;1194217472;15966208;1361960960;0;0;0;0;0;0;0;0;0;0;0;2034;0;0;124;0;111;0;
4771;1762315;1194217472;15966208;1361960960;0;0;0;0;0;0;0;0;0;0;0;1843;0;0;124;0;111;0;
4772;2007054;1194217472;15966208;1361960960;0;0;0;0;0;0;0;0;0;0;0;2114;0;0;124;0;111;0;
4773;2599856;1194217472;15966208;1361960960;0;0;0;0;0;0;0;0;0;0;0;2625;0;0;124;0;111;0;
4774;1359430;1194217472;15966208;1361960960;0;0;0;0;0;0;0;0;0;0;0;2244;0;0;124;0;111;0;
4775;934102;1194217472;15966208;1361960960;0;0;0;0;0;0;0;0;0;0;0;1843;0;0;124;0;111;0;
4776;5538426;1194217472;15966208;1361960960;0;0;0;0;0;0;0;0;0;0;0;2315;0;0;124;0;111;0;
4777;4226757;1194217472;16207872;1362202624;0;0;0;0;0;0;0;0;0;0;0;3596;0;0;124;0;111;0;
4778;2141837;1194217472;16207872;1362202624;0;0;0;0;0;0;0;0;0;0;0;2435;0;0;124;0;111;0;
4779;2170520;1194217472;16207872;1362202624;0;0;0;0;0;0;0;0;0;0;0;2184;0;0;124;0;111;0;
4780;3739704;1194217472;16207872;1362202624;0;0;0;0;0;0;0;0;0;0;0;2786;0;0;124;0;111;0;
4781;3653943;1194217472;16207872;1362202624;0;0;0;0;0;0;0;0;0;0;0;2485;0;0;124;0;111;0;
4782;3505555;1194217472;16207872;1362202624;0;0;0;0;0;0;0;0;0;0;0;3286;0;0;124;0;111;0;
4783;3810627;1194217472;16207872;1362202624;0;0;0;0;0;0;0;0;0;0;0;3056;0;0;124;0;111;0;
4784;3193149;1194217472;16207872;1362202624;0;0;0;0;0;0;0;0;0;0;0;3437;0;0;124;0;111;0;
4785;2241874;1194217472;16207872;1362202624;0;0;0;0;0;0;0;0;0;0;0;3186;0;0;124;0;111;0;
4786;2397917;1194217472;16207872;1362202624;0;0;0;0;0;0;0;0;0;0;0;1863;0;0;124;0;111;0;
4787;1990633;1194217472;16207872;1362202624;0;0;0;0;0;0;0;0;0;0;0;2525;0;0;124;0;111;0;
4788;2491753;1194217472;16207872;1362202624;0;0;0;0;0;0;0;0;0;0;0;2254;0;0;124;0;111;0;
4789;5638655;1194217472;16207872;1362202624;0;0;0;0;0;0;0;0;0;0;0;2274;0;0;124;0;111;0;
4790;3938697;1194217472;16207872;1362202624;0;0;0;0;0;0;0;0;0;0;0;3747;0;0;124;0;111;0;
4791;2224963;1194217472;16207872;1362202624;0;0;0;0;0;0;0;0;0;0;0;3176;0;0;124;0;111;0;
4792;2401364;1194217472;16207872;1362202624;0;0;0;0;0;0;0;0;0;0;0;2826;0;0;124;0;111;0;
4793;3569765;1194217472;16207872;1362202624;0;0;0;0;0;0;0;0;0;0;0;2655;0;0;124;0;111;0;
4794;2410671;1194217472;16207872;1362202624;0;0;0;0;0;0;0;0;0;0;0;3397;0;0;124;0;111;0;
4795;2831801;1194217472;16207872;1362202624;0;0;0;0;0;0;0;0;0;0;0;2685;0;0;124;0;111;0;
4796;4801725;1194217472;16207872;1362202624;0;0;0;0;0;0;0;0;0;0;0;1893;0;0;124;0;111;0;
4797;4203173;1194217472;16207872;1362202624;0;0;0;0;0;0;0;0;0;0;0;3016;0;0;124;0;111;0;
4798;3061321;1194217472;16207872;1362202624;0;0;0;0;0;0;0;0;0;0;0;2825;0;0;124;0;111;0;
4799;3457835;1194217472;16207872;1362202624;0;0;0;0;0;0;0;0;0;0;0;2876;0;0;124;0;111;0;
4800;2448562;1194217472;16207872;1362202624;0;0;0;0;0;0;0;0;0;0;0;2716;0;0;124;0;111;0;
4801;2656973;1194217472;16207872;1362202624;0;0;0;0;0;0;0;0;0;0;0;2165;0;0;124;0;111;0;
4802;6167777;1194217472;16207872;1362202624;0;0;0;0;0;0;0;0;0;0;0;2875;0;0;124;0;111;0;
4803;5036516;1194217472;16207872;1362202624;0;0;0;0;0;0;0;0;0;0;0;3867;0;0;124;0;111;0;
4804;3797091;1194217472;16207872;1362202624;0;0;0;0;0;0;0;0;0;0;0;2845;0;0;124;0;111;0;
4805;3177669;1194217472;16207872;1362202624;0;0;0;0;0;0;0;0;0;0;0;3526;0;0;124;0;111;0;
4806;3453397;1194217472;16207872;1362202624;0;0;0;0;0;0;0;0;0;0;0;2945;0;0;124;0;111;0;
4807;3514692;1194217472;16207872;1362202624;0;0;0;0;0;0;0;0;0;0;0;3947;0;0;124;0;111;0;
4808;2701376;1194217472;16207872;1362202624;0;0;0;0;0;0;0;0;0;0;0;2805;0;0;124;0;111;0;
4809;3292235;1194217472;16207872;1362202624;0;0;0;0;0;0;0;0;0;0;0;2615;0;0;124;0;111;0;
4810;3597286;1194217472;16207872;1362202624;0;0;0;0;0;0;0;0;0;0;0;3126;0;0;124;0;111;0;
4811;2345429;1194217472;16207872;1362202624;0;0;0;0;0;0;0;0;0;0;0;2986;0;0;124;0;111;0;
4812;3316220;1194217472;16207872;1362202624;0;0;0;0;0;0;0;0;0;0;0;3045;0;0;124;0;111;0;
4813;1809053;1194217472;16207872;1362202624;0;0;0;0;0;0;0;0;0;0;0;3116;0;0;124;0;111;0;
4814;2057439;1194217472;16207872;1362202624;0;0;0;0;0;0;0;0;0;0;0;1482;0;0;124;0;111;0;
4815;4513535;1194217472;16207872;1362202624;0;0;0;0;0;0;0;0;0;0;0;1563;0;0;124;0;111;0;
4816;2767850;1194217472;16207872;1362202624;0;0;0;0;0;0;0;0;0;0;0;3116;0;0;124;0;111;0;
4817;2383209;1194217472;16207872;1362202624;0;0;0;0;0;0;0;0;0;0;0;2164;0;0;124;0;111;0;
4818;1632050;1194217472;16207872;1362202624;0;0;0;0;0;0;0;0;0;0;0;1633;0;0;124;0;111;0;
4819;2022593;1194217472;16207872;1362202624;0;0;0;0;0;0;0;0;0;0;0;1573;0;0;124;0;111;0;
4820;2162465;1194217472;16207872;1362202624;0;0;0;0;0;0;0;0;0;0;0;2194;0;0;124;0;111;0;
4821;1960957;1194217472;16207872;1362202624;0;0;0;0;0;0;0;0;0;0;0;1734;0;0;124;0;111;0;
4822;2874441;1194217472;16207872;1362202624;0;0;0;0;0;0;0;0;0;0;0;1973;0;0;124;0;111;0;
4823;2036900;1194217472;16207872;1362202624;0;0;0;0;0;0;0;0;0;0;0;2074;0;0;124;0;111;0;
4824;1897138;1194217472;16207872;1362202624;0;0;0;0;0;0;0;0;0;0;0;1663;0;0;124;0;111;0;
4825;2002997;1194217472;16207872;1362202624;0;0;0;0;0;0;0;0;0;0;0;1172;0;0;124;0;111;0;
4826;1809473;1194217472;16207872;1362202624;0;0;0;0;0;0;0;0;0;0;0;1673;0;0;124;0;111;0;
4827;2203572;1194217472;16207872;1362202624;0;0;0;0;0;0;0;0;0;0;0;1603;0;0;124;0;111;0;
4828;4906782;1194217472;16207872;1362202624;0;0;0;0;0;0;0;0;0;0;0;1513;0;0;124;0;111;0;
4829;2052749;1194217472;16207872;1362202624;0;0;0;0;0;0;0;0;0;0;0;2234;0;0;124;0;111;0;
4830;1432827;1194217472;16207872;1362202624;0;0;0;0;0;0;0;0;0;0;0;1673;0;0;124;0;111;0;
4831;1343640;1194217472;16207872;1362202624;0;0;0;0;0;0;0;0;0;0;0;1753;0;0;124;0;111;0;
4832;1181166;1194217472;16207872;1362202624;0;0;0;0;0;0;0;0;0;0;0;1694;0;0;124;0;111;0;
4833;2149211;1194217472;16207872;1362202624;0;0;0;0;0;0;0;0;0;0;0;1473;0;0;124;0;111;0;
4834;2325942;1194217472;16207872;1362202624;0;0;0;0;0;0;0;0;0;0;0;2194;0;0;124;0;111;0;
4835;1699958;1194217472;16207872;1362202624;0;0;0;0;0;0;0;0;0;0;0;1563;0;0;124;0;111;0;
4836;2082185;1194217472;16207872;1362202624;0;0;0;0;0;0;0;0;0;0;0;1282;0;0;124;0;111;0;
4837;2119835;1194217472;16207872;1362202624;0;0;0;0;0;0;0;0;0;0;0;1343;0;0;124;0;111;0;
4838;1414413;1194217472;16207872;1362202624;0;0;0;0;0;0;0;0;0;0;0;1443;0;0;124;0;111;0;
4839;5897490;1194217472;16207872;1362202624;0;0;0;0;0;0;0;0;0;0;0;1974;0;0;124;0;111;0;
4840;2385323;1194217472;16211968;1362206720;0;0;0;0;0;0;0;0;0;0;0;1824;0;0;124;0;111;0;
4841;1585333;1194217472;16211968;1362206720;0;0;0;0;0;0;0;0;0;0;0;1734;0;0;124;0;111;0;
4842;1889314;1194217472;16211968;1362206720;0;0;0;0;0;0;0;0;0;0;0;2074;0;0;124;0;111;0;
4843;2743335;1194217472;16211968;1362206720;0;0;0;0;0;0;0;0;0;0;0;2425;0;0;124;0;111;0;
4844;2106450;1194217472;16211968;1362206720;0;0;0;0;0;0;0;0;0;0;0;2204;0;0;124;0;111;0;
4845;1012999;1194217472;16211968;1362206720;0;0;0;0;0;0;0;0;0;0;0;1663;0;0;124;0;111;0;
4846;1895335;1194217472;16211968;1362206720;0;0;0;0;0;0;0;0;0;0;0;1733;0;0;124;0;111;0;
4847;1543365;1194217472;16211968;1362206720;0;0;0;0;0;0;0;0;0;0;0;1382;0;0;124;0;111;0;
4848;1302382;1194217472;16211968;1362206720;0;0;0;0;0;0;0;0;0;0;0;1403;0;0;124;0;111;0;
4849;2491913;1194217472;16211968;1362206720;0;0;0;0;0;0;0;0;0;0;0;1744;0;0;124;0;111;0;
4850;1296532;1194217472;16211968;1362206720;0;0;0;0;0;0;0;0;0;0;0;1573;0;0;124;0;111;0;
4851;1888812;1194217472;16211968;1362206720;0;0;0;0;0;0;0;0;0;0;0;1633;0;0;124;0;111;0;
4852;4584338;1194217472;16211968;1362206720;0;0;0;0;0;0;0;0;0;0;0;1422;0;0;124;0;111;0;
4853;2615635;1194217472;16211968;1362206720;0;0;0;0;0;0;0;0;0;0;0;2936;0;0;124;0;111;0;
4854;2203032;1194217472;16211968;1362206720;0;0;0;0;0;0;0;0;0;0;0;1904;0;0;124;0;111;0;
4855;1228173;1194217472;16211968;1362206720;0;0;0;0;0;0;0;0;0;0;0;1963;0;0;124;0;111;0;
4856;1875418;1194217472;16211968;1362206720;0;0;0;0;0;0;0;0;0;0;0;2044;0;0;124;0;111;0;
4857;2627528;1194217472;16211968;1362206720;0;0;0;0;0;0;0;0;0;0;0;1593;0;0;124;0;111;0;
4858;1687375;1194217472;16211968;1362206720;0;0;0;0;0;0;0;0;0;0;0;1814;0;0;124;0;111;0;
4859;1766052;1194217472;16211968;1362206720;0;0;0;0;0;0;0;0;0;0;0;1573;0;0;124;0;111;0;
4860;1994431;1194274816;16207872;1362202624;0;0;0;0;0;0;0;0;0;0;0;1543;0;0;124;0;111;0;
4861;1554716;1194274816;16207872;1362202624;0;0;0;0;0;0;0;0;0;0;0;1884;0;0;124;0;111;0;
4862;1172369;1194274816;16207872;1362202624;0;0;0;0;0;0;0;0;0;0;0;1483;0;0;124;0;111;0;
4863;4325302;1194274816;16207872;1362202624;0;0;0;0;0;0;0;0;0;0;0;1523;0;0;124;0;111;0;
4864;2288802;1194274816;16211968;1362206720;0;0;0;0;0;0;0;0;0;0;0;2475;0;0;124;0;111;0;
4865;1630618;1194274816;16211968;1362206720;0;0;0;0;0;0;0;0;0;0;0;1904;0;0;124;0;111;0;
4866;998913;1194274816;16211968;1362206720;0;0;0;0;0;0;0;0;0;0;0;1934;0;0;124;0;111;0;
4867;2062478;1194274816;16211968;1362206720;0;0;0;0;0;0;0;0;0;0;0;1473;0;0;124;0;111;0;
4868;1879535;1194274816;16211968;1362206720;0;0;0;0;0;0;0;0;0;0;0;1363;0;0;124;0;111;0;
4869;1349191;1194274816;16211968;1362206720;0;0;0;0;0;0;0;0;0;0;0;1423;0;0;124;0;111;0;
4870;1432767;1194274816;16211968;1362206720;0;0;0;0;0;0;0;0;0;0;0;1523;0;0;124;0;111;0;
4871;2246162;1194274816;16211968;1362206720;0;0;0;0;0;0;0;0;0;0;0;2023;0;0;124;0;111;0;
4872;1546029;1194274816;16211968;1362206720;0;0;0;0;0;0;0;0;0;0;0;1563;0;0;124;0;111;0;
4873;1832196;1194274816;16211968;1362206720;0;0;0;0;0;0;0;0;0;0;0;1834;0;0;124;0;111;0;
4874;4466467;1194274816;16211968;1362206720;0;0;0;0;0;0;0;0;0;0;0;1543;0;0;124;0;111;0;
4875;2571833;1194274816;16211968;1362206720;0;0;0;0;0;0;0;0;0;0;0;2425;0;0;124;0;111;0;
4876;2011773;1194274816;16211968;1362206720;0;0;0;0;0;0;0;0;0;0;0;1794;0;0;124;0;111;0;
4877;1590703;1194274816;16211968;1362206720;0;0;0;0;0;0;0;0;0;0;0;1854;0;0;124;0;111;0;
4878;1196965;1194274816;16211968;1362206720;0;0;0;0;0;0;0;0;0;0;0;1393;0;0;124;0;111;0;
4879;1651106;1194274816;16211968;1362206720;0;0;0;0;0;0;0;0;0;0;0;2043;0;0;124;0;111;0;
4880;1366713;1194274816;16211968;1362206720;0;0;0;0;0;0;0;0;0;0;0;1323;0;0;124;0;111;0;
4881;1765511;1194283008;16207872;1362202624;0;0;0;0;0;0;0;0;0;0;0;2034;0;0;124;0;111;0;
4882;1624246;1194283008;16207872;1362202624;0;0;0;0;0;0;0;0;0;0;0;1744;0;0;124;0;111;0;
4883;1400828;1194283008;16207872;1362202624;0;0;0;0;0;0;0;0;0;0;0;1372;0;0;124;0;111;0;
4884;5040793;1194283008;16207872;1362202624;0;0;0;0;0;0;0;0;0;0;0;1433;0;0;124;0;111;0;
4885;3223595;1194283008;16207872;1362202624;0;0;0;0;0;0;0;0;0;0;0;2886;0;0;124;0;111;0;
4886;7579103;1194283008;16207872;1362202624;0;0;0;0;0;0;0;0;0;0;0;1453;0;0;124;0;111;0;
4887;1446924;1194283008;16207872;1362202624;0;0;0;0;0;0;0;0;0;0;0;1944;0;0;124;0;111;0;
4888;7090327;1194283008;16207872;1362202624;0;0;0;0;0;0;0;0;0;0;0;3406;0;0;124;0;111;0;
4889;3356575;1194283008;16207872;1362202624;0;0;0;0;0;0;0;0;0;0;0;3356;0;0;124;0;111;0;
4890;2455966;1194283008;16207872;1362202624;0;0;0;0;0;0;0;0;0;0;0;2054;0;0;124;0;111;0;
4891;2291107;1194283008;16207872;1362202624;0;0;0;0;0;0;0;0;0;0;0;1633;0;0;124;0;111;0;
4892;3196585;1194283008;16207872;1362202624;0;0;0;0;0;0;0;0;0;0;0;3226;0;0;124;0;111;0;
4893;1973130;1194283008;16207872;1362202624;0;0;0;0;0;0;0;0;0;0;0;2274;0;0;124;0;111;0;
4894;5422439;1194283008;16207872;1362202624;0;0;0;0;0;0;0;0;0;0;0;1783;0;0;124;0;111;0;
4895;4496172;1194283008;16207872;1362202624;0;0;0;0;0;0;0;0;0;0;0;3346;0;0;124;0;111;0;
4896;1829531;1194283008;16207872;1362202624;0;0;0;0;0;0;0;0;0;0;0;2375;0;0;124;0;111;0;
4897;2233769;1194283008;16207872;1362202624;0;0;0;0;0;0;0;0;0;0;0;2295;0;0;124;0;111;0;
4898;2702468;1194283008;16207872;1362202624;0;0;0;0;0;0;0;0;0;0;0;2184;0;0;124;0;111;0;
4899;3442957;1194283008;16207872;1362202624;0;0;0;0;0;0;0;0;0;0;0;2825;0;0;124;0;111;0;
4900;2802426;1194283008;16207872;1362202624;0;0;0;0;0;0;0;0;0;0;0;1813;0;0;124;0;111;0;
4901;1734543;1194283008;16207872;1362202624;0;0;0;0;0;0;0;0;0;0;0;2264;0;0;124;0;111;0;
4902;3181797;1194283008;16207872;1362202624;0;0;0;0;0;0;0;0;0;0;0;2465;0;0;124;0;111;0;
4903;3038529;1194283008;16207872;1362202624;0;0;0;0;0;0;0;0;0;0;0;3036;0;0;124;0;111;0;
4904;1841693;1194283008;16207872;1362202624;0;0;0;0;0;0;0;0;0;0;0;1814;0;0;124;0;111;0;
4905;1140459;1194283008;16207872;1362202624;0;0;0;0;0;0;0;0;0;0;0;1472;0;0;124;0;111;0;
4906;5494474;1194283008;16207872;1362202624;0;0;0;0;0;0;0;0;0;0;0;2053;0;0;124;0;111;0;
4907;3912126;1194283008;16207872;1362202624;0;0;0;0;0;0;0;0;0;0;0;2865;0;0;124;0;111;0;
4908;1951470;1194283008;16207872;1362202624;0;0;0;0;0;0;0;0;0;0;0;3096;0;0;124;0;111;0;
4909;3302243;1194283008;16207872;1362202624;0;0;0;0;0;0;0;0;0;0;0;2305;0;0;124;0;111;0;
4910;2242746;1194283008;16207872;1362202624;0;0;0;0;0;0;0;0;0;0;0;1963;0;0;124;0;111;0;
4911;2398117;1194283008;16207872;1362202624;0;0;0;0;0;0;0;0;0;0;0;2334;0;0;124;0;111;0;
4912;4430348;1194283008;16207872;1362202624;0;0;0;0;0;0;0;0;0;0;0;3206;0;0;124;0;111;0;
4913;1730947;1194283008;16207872;1362202624;0;0;0;0;0;0;0;0;0;0;0;2224;0;0;124;0;111;0;
4914;2109055;1194283008;16207872;1362202624;0;0;0;0;0;0;0;0;0;0;0;1804;0;0;124;0;111;0;
4915;4312047;1194283008;16207872;1362202624;0;0;0;0;0;0;0;0;0;0;0;2094;0;0;124;0;111;0;
4916;1724754;1194283008;16207872;1362202624;0;0;0;0;0;0;0;0;0;0;0;2645;0;0;124;0;111;0;
4917;2327004;1194283008;16207872;1362202624;0;0;0;0;0;0;0;0;0;0;0;2044;0;0;124;0;111;0;
4918;6074933;1194283008;16207872;1362202624;0;0;0;0;0;0;0;0;0;0;0;2524;0;0;124;0;111;0;
4919;3086789;1194283008;16207872;1362202624;0;0;0;0;0;0;0;0;0;0;0;3186;0;0;124;0;111;0;
4920;1706961;1194283008;16207872;1362202624;0;0;0;0;0;0;0;0;0;0;0;2164;0;0;124;0;111;0;
4921;3557342;1194283008;16207872;1362202624;0;0;0;0;0;0;0;0;0;0;0;2755;0;0;124;0;111;0;
4922;3121845;1194283008;16207872;1362202624;0;0;0;0;0;0;0;0;0;0;0;2535;0;0;124;0;111;0;
4923;1895375;1194283008;16207872;1362202624;0;0;0;0;0;0;0;0;0;0;0;1713;0;0;124;0;111;0;
4924;2691517;1194283008;16207872;1362202624;0;0;0;0;0;0;0;0;0;0;0;1433;0;0;124;0;111;0;
4925;2955833;1194283008;16207872;1362202624;0;0;0;0;0;0;0;0;0;0;0;3016;0;0;124;0;111;0;
4926;3442435;1194283008;16207872;1362202624;0;0;0;0;0;0;0;0;0;0;0;2544;0;0;124;0;111;0;
4927;2732935;1194283008;16207872;1362202624;0;0;0;0;0;0;0;0;0;0;0;1723;0;0;124;0;111;0;
4928;2375655;1194283008;16207872;1362202624;0;0;0;0;0;0;0;0;0;0;0;2715;0;0;124;0;111;0;
4929;2871015;1194283008;16207872;1362202624;0;0;0;0;0;0;0;0;0;0;0;1973;0;0;124;0;111;0;
4930;4834686;1194283008;16207872;1362202624;0;0;0;0;0;0;0;0;0;0;0;1693;0;0;124;0;111;0;
4931;4335550;1194283008;16207872;1362202624;0;0;0;0;0;0;0;0;0;0;0;3176;0;0;124;0;111;0;
4932;3050721;1194283008;16207872;1362202624;0;0;0;0;0;0;0;0;0;0;0;2145;0;0;124;0;111;0;
4933;1750733;1194283008;16207872;1362202624;0;0;0;0;0;0;0;0;0;0;0;1964;0;0;124;0;111;0;
4934;4121440;1194283008;16207872;1362202624;0;0;0;0;0;0;0;0;0;0;0;4909;0;0;124;0;111;0;
4935;4063350;1194283008;16207872;1362202624;0;0;0;0;0;0;0;0;0;0;0;2775;0;0;124;0;111;0;
4936;1748369;1194283008;16207872;1362202624;0;0;0;0;0;0;0;0;0;0;0;1884;0;0;124;0;111;0;
4937;3186686;1194283008;16207872;1362202624;0;0;0;0;0;0;0;0;0;0;0;1683;0;0;124;0;111;0;
4938;2856767;1194283008;16207872;1362202624;0;0;0;0;0;0;0;0;0;0;0;1853;0;0;124;0;111;0;
4939;1720617;1194283008;16207872;1362202624;0;0;0;0;0;0;0;0;0;0;0;1984;0;0;124;0;111;0;
4940;6502926;1194283008;16207872;1362202624;0;0;0;0;0;0;0;0;0;0;0;1773;0;0;124;0;111;0;
4941;3545699;1194283008;16211968;1362206720;0;0;0;0;0;0;0;0;0;0;0;3036;0;0;124;0;111;0;
4942;2330300;1194283008;16211968;1362206720;0;0;0;0;0;0;0;0;0;0;0;2465;0;0;124;0;111;0;
4943;4260720;1194283008;16211968;1362206720;0;0;0;0;0;0;0;0;0;0;0;6853;0;0;124;0;111;0;
4944;2416783;1194283008;16211968;1362206720;0;0;0;0;0;0;0;0;0;0;0;2514;0;0;124;0;111;0;
4945;1529238;1194283008;16211968;1362206720;0;0;0;0;0;0;0;0;0;0;0;1733;0;0;124;0;111;0;
4946;3128487;1194283008;16211968;1362206720;0;0;0;0;0;0;0;0;0;0;0;1613;0;0;124;0;111;0;
4947;3248822;1194283008;16211968;1362206720;0;0;0;0;0;0;0;0;0;0;0;2455;0;0;124;0;111;0;
4948;2511841;1194283008;16211968;1362206720;0;0;0;0;0;0;0;0;0;0;0;1533;0;0;124;0;111;0;
4949;1671645;1194283008;16211968;1362206720;0;0;0;0;0;0;0;0;0;0;0;1794;0;0;124;0;111;0;
4950;1772083;1194283008;16211968;1362206720;0;0;0;0;0;0;0;0;0;0;0;1583;0;0;124;0;111;0;
4951;2608772;1194283008;16211968;1362206720;0;0;0;0;0;0;0;0;0;0;0;1984;0;0;124;0;111;0;
4952;6171063;1194283008;16211968;1362206720;0;0;0;0;0;0;0;0;0;0;0;1493;0;0;124;0;111;0;
4953;4041760;1194283008;16211968;1362206720;0;0;0;0;0;0;0;0;0;0;0;2865;0;0;124;0;111;0;
4954;2183545;1194283008;16211968;1362206720;0;0;0;0;0;0;0;0;0;0;0;2725;0;0;124;0;111;0;
4955;3674921;1194283008;16211968;1362206720;0;0;0;0;0;0;0;0;0;0;0;2254;0;0;124;0;111;0;
4956;2448742;1194283008;16211968;1362206720;0;0;0;0;0;0;0;0;0;0;0;1483;0;0;124;0;111;0;
4957;2639630;1194283008;16211968;1362206720;0;0;0;0;0;0;0;0;0;0;0;2164;0;0;124;0;111;0;
4958;3461511;1194283008;16211968;1362206720;0;0;0;0;0;0;0;0;0;0;0;1783;0;0;124;0;111;0;
4959;2650601;1194283008;16211968;1362206720;0;0;0;0;0;0;0;0;0;0;0;2335;0;0;124;0;111;0;
4960;2204624;1194283008;16211968;1362206720;0;0;0;0;0;0;0;0;0;0;0;1803;0;0;124;0;111;0;
4961;3040212;1194311680;16207872;1362202624;0;0;0;0;0;0;0;0;0;0;0;1472;0;0;124;0;111;0;
4962;2718268;1194311680;16207872;1362202624;0;0;0;0;0;0;0;0;0;0;0;1703;0;0;124;0;111;0;
4963;2397627;1194311680;16207872;1362202624;0;0;0;0;0;0;0;0;0;0;0;1863;0;0;124;0;111;0;
4964;6497735;1194311680;16207872;1362202624;0;0;0;0;0;0;0;0;0;0;0;1573;0;0;124;0;111;0;
4965;3253422;1194311680;16207872;1362202624;0;0;0;0;0;0;0;0;0;0;0;3086;0;0;124;0;111;0;
4966;3048026;1194311680;16207872;1362202624;0;0;0;0;0;0;0;0;0;0;0;3237;0;0;124;0;111;0;
4967;3019313;1194311680;16207872;1362202624;0;0;0;0;0;0;0;0;0;0;0;2615;0;0;124;0;111;0;
4968;2419858;1194311680;16207872;1362202624;0;0;0;0;0;0;0;0;0;0;0;160420;0;0;124;0;111;0;
4969;2954360;1194311680;16207872;1362202624;0;0;0;0;0;0;0;0;0;0;0;2044;0;0;124;0;111;0;
4970;3421677;1194311680;16207872;1362202624;0;0;0;0;0;0;0;0;0;0;0;1683;0;0;124;0;111;0;
4971;2145904;1194311680;16207872;1362202624;0;0;0;0;0;0;0;0;0;0;0;2304;0;0;124;0;111;0;
4972;2675938;1194311680;16207872;1362202624;0;0;0;0;0;0;0;0;0;0;0;2094;0;0;124;0;111;0;
4973;3786511;1194311680;16207872;1362202624;0;0;0;0;0;0;0;0;0;0;0;1783;0;0;124;0;111;0;
4974;2211127;1194311680;16207872;1362202624;0;0;0;0;0;0;0;0;0;0;0;2204;0;0;124;0;111;0;
4975;2151676;1194311680;16207872;1362202624;0;0;0;0;0;0;0;0;0;0;0;1633;0;0;124;0;111;0;
4976;5993781;1194311680;16207872;1362202624;0;0;0;0;0;0;0;0;0;0;0;1803;0;0;124;0;111;0;
4977;3977790;1194311680;16207872;1362202624;0;0;0;0;0;0;0;0;0;0;0;2384;0;0;124;0;111;0;
4978;2285627;1194311680;16207872;1362202624;0;0;0;0;0;0;0;0;0;0;0;2434;0;0;124;0;111;0;
4979;3055410;1194311680;16207872;1362202624;0;0;0;0;0;0;0;0;0;0;0;1763;0;0;124;0;111;0;
4980;1562570;1194311680;16207872;1362202624;0;0;0;0;0;0;0;0;0;0;0;1422;0;0;124;0;111;0;
4981;2430078;1194311680;16207872;1362202624;0;0;0;0;0;0;0;0;0;0;0;1543;0;0;124;0;111;0;
4982;3017219;1194311680;16207872;1362202624;0;0;0;0;0;0;0;0;0;0;0;1723;0;0;124;0;111;0;
4983;2749947;1194311680;16207872;1362202624;0;0;0;0;0;0;0;0;0;0;0;2335;0;0;124;0;111;0;
4984;1681905;1194311680;16207872;1362202624;0;0;0;0;0;0;0;0;0;0;0;2074;0;0;124;0;111;0;
4985;2027983;1194311680;16207872;1362202624;0;0;0;0;0;0;0;0;0;0;0;1723;0;0;124;0;111;0;
4986;2309862;1194311680;16207872;1362202624;0;0;0;0;0;0;0;0;0;0;0;2425;0;0;124;0;111;0;
4987;2137929;1194311680;16207872;1362202624;0;0;0;0;0;0;0;0;0;0;0;1904;0;0;124;0;111;0;
4988;5618647;1194311680;16207872;1362202624;0;0;0;0;0;0;0;0;0;0;0;1572;0;0;124;0;111;0;
4989;3699739;1194311680;16207872;1362202624;0;0;0;0;0;0;0;0;0;0;0;2515;0;0;124;0;111;0;
4990;2715884;1194311680;16207872;1362202624;0;0;0;0;0;0;0;0;0;0;0;2104;0;0;124;0;111;0;
4991;2818746;1194311680;16207872;1362202624;0;0;0;0;0;0;0;0;0;0;0;2154;0;0;124;0;111;0;
4992;1870488;1194311680;16207872;1362202624;0;0;0;0;0;0;0;0;0;0;0;1764;0;0;124;0;111;0;
4993;2433694;1194311680;16207872;1362202624;0;0;0;0;0;0;0;0;0;0;0;2044;0;0;124;0;111;0;
4994;1752096;1194311680;16207872;1362202624;0;0;0;0;0;0;0;0;0;0;0;1743;0;0;124;0;111;0;
4995;2178355;1194311680;16207872;1362202624;0;0;0;0;0;0;0;0;0;0;0;1523;0;0;124;0;111;0;
4996;2982283;1194311680;16207872;1362202624;0;0;0;0;0;0;0;0;0;0;0;1373;0;0;124;0;111;0;
4997;2015259;1194311680;16207872;1362202624;0;0;0;0;0;0;0;0;0;0;0;1493;0;0;124;0;111;0;
4998;1907718;1194311680;16207872;1362202624;0;0;0;0;0;0;0;0;0;0;0;1793;0;0;124;0;111;0;
4999;5752879;1194311680;16207872;1362202624;0;0;0;0;0;0;0;0;0;0;0;1603;0;0;124;0;111;0;
5000;3714085;1194311680;16207872;1362202624;0;0;0;0;0;0;0;0;0;0;0;2414;0;0;124;0;111;0;
5001;2427182;1194311680;16207872;1362202624;0;0;0;0;0;0;0;0;0;0;0;2324;0;0;124;0;111;0;
5002;2959100;1194311680;16207872;1362202624;0;0;0;0;0;0;0;0;0;0;0;1843;0;0;124;0;111;0;
5003;1500704;1194311680;16207872;1362202624;0;0;0;0;0;0;0;0;0;0;0;2205;0;0;124;0;111;0;
5004;3283748;1194311680;16207872;1362202624;0;0;0;0;0;0;0;0;0;0;0;2926;0;0;124;0;111;0;
5005;1678087;1194311680;16207872;1362202624;0;0;0;0;0;0;0;0;0;0;0;1854;0;0;124;0;111;0;
5006;1693075;1194311680;16207872;1362202624;0;0;0;0;0;0;0;0;0;0;0;1974;0;0;124;0;111;0;
5007;2784092;1194311680;16207872;1362202624;0;0;0;0;0;0;0;0;0;0;0;1613;0;0;124;0;111;0;
5008;1993318;1194311680;16207872;1362202624;0;0;0;0;0;0;0;0;0;0;0;1944;0;0;124;0;111;0;
5009;1219297;1194311680;16207872;1362202624;0;0;0;0;0;0;0;0;0;0;0;1613;0;0;124;0;111;0;
5010;5560969;1194311680;16207872;1362202624;0;0;0;0;0;0;0;0;0;0;0;2044;0;0;124;0;111;0;
5011;2643678;1194311680;16207872;1362202624;0;0;0;0;0;0;0;0;0;0;0;2214;0;0;124;0;111;0;
5012;2478157;1194311680;16207872;1362202624;0;0;0;0;0;0;0;0;0;0;0;1884;0;0;124;0;111;0;
5013;2501802;1194311680;16207872;1362202624;0;0;0;0;0;0;0;0;0;0;0;2044;0;0;124;0;111;0;
5014;2500549;1194311680;16207872;1362202624;0;0;0;0;0;0;0;0;0;0;0;2224;0;0;124;0;111;0;
5015;4415551;1194311680;16207872;1362202624;0;0;0;0;0;0;0;0;0;0;0;2084;0;0;124;0;111;0;
5016;6168889;1194311680;16207872;1362202624;0;0;0;0;0;0;0;0;0;0;0;2154;0;0;124;0;111;0;
5017;3615280;1194311680;16207872;1362202624;0;0;0;0;0;0;0;0;0;0;0;2004;0;0;124;0;111;0;
5018;2506400;1194311680;16207872;1362202624;0;0;0;0;0;0;0;0;0;0;0;2044;0;0;124;0;111;0;
5019;3925261;1194311680;16207872;1362202624;0;0;0;0;0;0;0;0;0;0;0;2305;0;0;124;0;111;0;
5020;2865113;1194311680;16207872;1362202624;0;0;0;0;0;0;0;0;0;0;0;1733;0;0;124;0;111;0;
5021;1849800;1194311680;16207872;1362202624;0;0;0;0;0;0;0;0;0;0;0;2084;0;0;124;0;111;0;
5022;1669861;1194311680;16207872;1362202624;0;0;0;0;0;0;0;0;0;0;0;1673;0;0;124;0;111;0;
5023;1718052;1194311680;16207872;1362202624;0;0;0;0;0;0;0;0;0;0;0;1593;0;0;124;0;111;0;
5024;2539343;1194311680;16207872;1362202624;0;0;0;0;0;0;0;0;0;0;0;1593;0;0;124;0;111;0;
5025;1283988;1194311680;16207872;1362202624;0;0;0;0;0;0;0;0;0;0;0;1803;0;0;124;0;111;0;
5026;1836484;1194311680;16207872;1362202624;0;0;0;0;0;0;0;0;0;0;0;1523;0;0;124;0;111;0;
5027;6661162;1194311680;16207872;1362202624;0;0;0;0;0;0;0;0;0;0;0;2014;0;0;124;0;111;0;
5028;2850856;1194311680;16207872;1362202624;0;0;0;0;0;0;0;0;0;0;0;1924;0;0;124;0;111;0;
5029;1440081;1194311680;16207872;1362202624;0;0;0;0;0;0;0;0;0;0;0;1814;0;0;124;0;111;0;
5030;1920060;1194311680;16207872;1362202624;0;0;0;0;0;0;0;0;0;0;0;1844;0;0;124;0;111;0;
5031;1737809;1194311680;16207872;1362202624;0;0;0;0;0;0;0;0;0;0;0;1593;0;0;124;0;111;0;
5032;3341146;1194311680;16207872;1362202624;0;0;0;0;0;0;0;0;0;0;0;2816;0;0;124;0;111;0;
5033;1871881;1194311680;16207872;1362202624;0;0;0;0;0;0;0;0;0;0;0;2975;0;0;124;0;111;0;
5034;2074511;1194311680;16207872;1362202624;0;0;0;0;0;0;0;0;0;0;0;1703;0;0;124;0;111;0;
5035;1926513;1194311680;16207872;1362202624;0;0;0;0;0;0;0;0;0;0;0;1513;0;0;124;0;111;0;
5036;2485661;1194311680;16207872;1362202624;0;0;0;0;0;0;0;0;0;0;0;2044;0;0;124;0;111;0;
5037;2347662;1194311680;16207872;1362202624;0;0;0;0;0;0;0;0;0;0;0;1683;0;0;124;0;111;0;
5038;4695677;1194311680;16207872;1362202624;0;0;0;0;0;0;0;0;0;0;0;1904;0;0;124;0;111;0;
5039;4057780;1194311680;16207872;1362202624;0;0;0;0;0;0;0;0;0;0;0;3457;0;0;124;0;111;0;
5040;2812495;1194311680;16207872;1362202624;0;0;0;0;0;0;0;0;0;0;0;1663;0;0;124;0;111;0;
5041;2448562;1194311680;16207872;1362202624;0;0;0;0;0;0;0;0;0;0;0;2204;0;0;124;0;111;0;
5042;3204620;1194311680;16207872;1362202624;0;0;0;0;0;0;0;0;0;0;0;2645;0;0;124;0;111;0;
5043;2105910;1194311680;16207872;1362202624;0;0;0;0;0;0;0;0;0;0;0;1894;0;0;124;0;111;0;
5044;6327206;1194311680;16207872;1362202624;0;0;0;0;0;0;0;0;0;0;0;3337;0;0;124;0;111;0;
5045;4309321;1194311680;16207872;1362202624;0;0;0;0;0;0;0;0;0;0;0;2415;0;0;124;0;111;0;
5046;2209714;1194311680;16207872;1362202624;0;0;0;0;0;0;0;0;0;0;0;1873;0;0;124;0;111;0;
5047;2446578;1194311680;16207872;1362202624;0;0;0;0;0;0;0;0;0;0;0;2144;0;0;124;0;111;0;
5048;2786827;1194311680;16207872;1362202624;0;0;0;0;0;0;0;0;0;0;0;66054;0;0;124;0;111;0;
5049;4142990;1194311680;16207872;1362202624;0;0;0;0;0;0;0;0;0;0;0;2053;0;0;124;0;111;0;
5050;2280517;1194311680;16207872;1362202624;0;0;0;0;0;0;0;0;0;0;0;1623;0;0;124;0;111;0;
5051;3093501;1194311680;16207872;1362202624;0;0;0;0;0;0;0;0;0;0;0;1643;0;0;124;0;111;0;
5052;3062173;1194311680;16207872;1362202624;0;0;0;0;0;0;0;0;0;0;0;1613;0;0;124;0;111;0;
5053;1241188;1194311680;16207872;1362202624;0;0;0;0;0;0;0;0;0;0;0;1603;0;0;124;0;111;0;
5054;1077481;1194311680;16207872;1362202624;0;0;0;0;0;0;0;0;0;0;0;1443;0;0;124;0;111;0;
5055;5131193;1194311680;16207872;1362202624;0;0;0;0;0;0;0;0;0;0;0;1684;0;0;124;0;111;0;
5056;4378581;1194311680;16207872;1362202624;0;0;0;0;0;0;0;0;0;0;0;3016;0;0;124;0;111;0;
5057;3339974;1194311680;16207872;1362202624;0;0;0;0;0;0;0;0;0;0;0;2264;0;0;124;0;111;0;
5058;3089945;1194311680;16207872;1362202624;0;0;0;0;0;0;0;0;0;0;0;2205;0;0;124;0;111;0;
5059;3037947;1194311680;16207872;1362202624;0;0;0;0;0;0;0;0;0;0;0;2425;0;0;124;0;111;0;
5060;3230939;1194311680;16207872;1362202624;0;0;0;0;0;0;0;0;0;0;0;2104;0;0;124;0;111;0;
5061;5381953;1194311680;16207872;1362202624;0;0;0;0;0;0;0;0;0;0;0;2164;0;0;124;0;111;0;
5062;5514391;1194311680;16207872;1362202624;0;0;0;0;0;0;0;0;0;0;0;2104;0;0;124;0;111;0;
5063;2439335;1194311680;16207872;1362202624;0;0;0;0;0;0;0;0;0;0;0;1603;0;0;124;0;111;0;
5064;3687916;1194311680;16207872;1362202624;0;0;0;0;0;0;0;0;0;0;0;2365;0;0;124;0;111;0;
5065;2510317;1194311680;16207872;1362202624;0;0;0;0;0;0;0;0;0;0;0;2645;0;0;124;0;111;0;
5066;3387403;1194311680;16207872;1362202624;0;0;0;0;0;0;0;0;0;0;0;1763;0;0;124;0;111;0;
5067;1911465;1194311680;16207872;1362202624;0;0;0;0;0;0;0;0;0;0;0;1683;0;0;124;0;111;0;
5068;1896998;1194311680;16207872;1362202624;0;0;0;0;0;0;0;0;0;0;0;1563;0;0;124;0;111;0;
5069;2388800;1194311680;16207872;1362202624;0;0;0;0;0;0;0;0;0;0;0;1763;0;0;124;0;111;0;
5070;2975260;1194311680;16207872;1362202624;0;0;0;0;0;0;0;0;0;0;0;1994;0;0;124;0;111;0;
5071;2544933;1194311680;16207872;1362202624;0;0;0;0;0;0;0;0;0;0;0;1963;0;0;124;0;111;0;
5072;4764996;1194311680;16207872;1362202624;0;0;0;0;0;0;0;0;0;0;0;1643;0;0;124;0;111;0;
5073;3230468;1194311680;16207872;1362202624;0;0;0;0;0;0;0;0;0;0;0;2715;0;0;124;0;111;0;
5074;2998914;1194311680;16207872;1362202624;0;0;0;0;0;0;0;0;0;0;0;2194;0;0;124;0;111;0;
5075;2786005;1194311680;16207872;1362202624;0;0;0;0;0;0;0;0;0;0;0;2595;0;0;124;0;111;0;
5076;2527811;1194311680;16207872;1362202624;0;0;0;0;0;0;0;0;0;0;0;2404;0;0;124;0;111;0;
5077;2107693;1194311680;16207872;1362202624;0;0;0;0;0;0;0;0;0;0;0;2004;0;0;124;0;111;0;
5078;6226186;1194311680;16207872;1362202624;0;0;0;0;0;0;0;0;0;0;0;2013;0;0;124;0;111;0;
5079;4177535;1194311680;16207872;1362202624;0;0;0;0;0;0;0;0;0;0;0;1944;0;0;124;0;111;0;
5080;2763933;1194311680;16207872;1362202624;0;0;0;0;0;0;0;0;0;0;0;2404;0;0;124;0;111;0;
5081;2758222;1194311680;16207872;1362202624;0;0;0;0;0;0;0;0;0;0;0;2374;0;0;124;0;111;0;
5082;1731918;1194311680;16207872;1362202624;0;0;0;0;0;0;0;0;0;0;0;1473;0;0;124;0;111;0;
5083;1876689;1194311680;16207872;1362202624;0;0;0;0;0;0;0;0;0;0;0;1603;0;0;124;0;111;0;
5084;3025524;1194311680;16207872;1362202624;0;0;0;0;0;0;0;0;0;0;0;1723;0;0;124;0;111;0;
5085;2893686;1194311680;16207872;1362202624;0;0;0;0;0;0;0;0;0;0;0;2765;0;0;124;0;111;0;
5086;2241644;1194311680;16207872;1362202624;0;0;0;0;0;0;0;0;0;0;0;1523;0;0;124;0;111;0;
5087;1811798;1194311680;16207872;1362202624;0;0;0;0;0;0;0;0;0;0;0;1593;0;0;124;0;111;0;
5088;2249989;1194311680;16207872;1362202624;0;0;0;0;0;0;0;0;0;0;0;1553;0;0;124;0;111;0;
5089;5071311;1194311680;16207872;1362202624;0;0;0;0;0;0;0;0;0;0;0;1633;0;0;124;0;111;0;
5090;4024988;1194311680;16207872;1362202624;0;0;0;0;0;0;0;0;0;0;0;2385;0;0;124;0;111;0;
5091;2481764;1194311680;16207872;1362202624;0;0;0;0;0;0;0;0;0;0;0;2936;0;0;124;0;111;0;
5092;3166438;1194311680;16207872;1362202624;0;0;0;0;0;0;0;0;0;0;0;2214;0;0;124;0;111;0;
5093;1865949;1194311680;16207872;1362202624;0;0;0;0;0;0;0;0;0;0;0;1713;0;0;124;0;111;0;
5094;2410541;1194311680;16207872;1362202624;0;0;0;0;0;0;0;0;0;0;0;1833;0;0;124;0;111;0;
5095;2396875;1194311680;16207872;1362202624;0;0;0;0;0;0;0;0;0;0;0;1372;0;0;124;0;111;0;
5096;3091267;1194311680;16207872;1362202624;0;0;0;0;0;0;0;0;0;0;0;1603;0;0;124;0;111;0;
5097;3114671;1194311680;16207872;1362202624;0;0;0;0;0;0;0;0;0;0;0;1873;0;0;124;0;111;0;
5098;1817529;1194311680;16207872;1362202624;0;0;0;0;0;0;0;0;0;0;0;1653;0;0;124;0;111;0;
5099;4712217;1194311680;16207872;1362202624;0;0;0;0;0;0;0;0;0;0;0;1834;0;0;124;0;111;0;
5100;5127887;1194311680;16207872;1362202624;0;0;0;0;0;0;0;0;0;0;0;2545;0;0;124;0;111;0;
5101;3261897;1194311680;16207872;1362202624;0;0;0;0;0;0;0;0;0;0;0;1512;0;0;124;0;111;0;
5102;2169950;1194311680;16207872;1362202624;0;0;0;0;0;0;0;0;0;0;0;122440;0;0;124;0;111;0;
5103;2400883;1194311680;16207872;1362202624;0;0;0;0;0;0;0;0;0;0;0;1513;0;0;124;0;111;0;
5104;2542028;1194311680;16207872;1362202624;0;0;0;0;0;0;0;0;0;0;0;1603;0;0;124;0;111;0;
5105;5938426;1194311680;16207872;1362202624;0;0;0;0;0;0;0;0;0;0;0;2094;0;0;124;0;111;0;
5106;3503510;1194311680;16207872;1362202624;0;0;0;0;0;0;0;0;0;0;0;1593;0;0;124;0;111;0;
5107;1866491;1194311680;16207872;1362202624;0;0;0;0;0;0;0;0;0;0;0;1753;0;0;124;0;111;0;
5108;2905800;1194311680;16207872;1362202624;0;0;0;0;0;0;0;0;0;0;0;1543;0;0;124;0;111;0;
5109;2530506;1194311680;16207872;1362202624;0;0;0;0;0;0;0;0;0;0;0;1703;0;0;124;0;111;0;
5110;2913714;1194311680;16207872;1362202624;0;0;0;0;0;0;0;0;0;0;0;1623;0;0;124;0;111;0;
5111;2212850;1194311680;16207872;1362202624;0;0;0;0;0;0;0;0;0;0;0;1573;0;0;124;0;111;0;
5112;2475592;1194311680;16207872;1362202624;0;0;0;0;0;0;0;0;0;0;0;1533;0;0;124;0;111;0;
5113;3258751;1194311680;16207872;1362202624;0;0;0;0;0;0;0;0;0;0;0;1423;0;0;124;0;111;0;
5114;1597356;1194311680;16207872;1362202624;0;0;0;0;0;0;0;0;0;0;0;1463;0;0;124;0;111;0;
5115;5187659;1194311680;16207872;1362202624;0;0;0;0;0;0;0;0;0;0;0;1462;0;0;124;0;111;0;
5116;3642521;1194311680;16207872;1362202624;0;0;0;0;0;0;0;0;0;0;0;2154;0;0;124;0;111;0;
5117;3064076;1194311680;16207872;1362202624;0;0;0;0;0;0;0;0;0;0;0;1903;0;0;124;0;111;0;
5118;2425769;1194311680;16207872;1362202624;0;0;0;0;0;0;0;0;0;0;0;2094;0;0;124;0;111;0;
5119;3582899;1194311680;16207872;1362202624;0;0;0;0;0;0;0;0;0;0;0;1783;0;0;124;0;111;0;
5120;2344898;1194311680;16207872;1362202624;0;0;0;0;0;0;0;0;0;0;0;1793;0;0;124;0;111;0;
5121;6194968;1194311680;16207872;1362202624;0;0;0;0;0;0;0;0;0;0;0;2114;0;0;124;0;111;0;
5122;2724630;1194311680;16207872;1362202624;0;0;0;0;0;0;0;0;0;0;0;1533;0;0;124;0;111;0;
5123;1928557;1194311680;16207872;1362202624;0;0;0;0;0;0;0;0;0;0;0;226816;0;0;124;0;111;0;
5124;2910208;1194311680;16207872;1362202624;0;0;0;0;0;0;0;0;0;0;0;2234;0;0;124;0;111;0;
5125;3213336;1194311680;16207872;1362202624;0;0;0;0;0;0;0;0;0;0;0;2475;0;0;124;0;113;0;
5126;2667303;1194311680;16207872;1362202624;0;0;0;0;0;0;0;0;0;0;0;1984;0;0;124;0;113;0;
5127;2854724;1194311680;16207872;1362202624;0;0;0;0;0;0;0;0;0;0;0;1633;0;0;124;0;113;0;
5128;6094629;1194311680;16207872;1362202624;0;0;0;0;0;0;0;0;0;0;0;1973;0;0;124;0;113;0;
5129;3282105;1194311680;16207872;1362202624;0;0;0;0;0;0;0;0;0;0;0;77806;0;0;124;0;113;0;
5130;2344477;1194311680;16207872;1362202624;0;0;0;0;0;0;0;0;0;0;0;1913;0;0;124;0;113;0;
5131;2660840;1194311680;16207872;1362202624;0;0;0;0;0;0;0;0;0;0;0;2144;0;0;124;0;113;0;
5132;2140825;1194311680;16207872;1362202624;0;0;0;0;0;0;0;0;0;0;0;2204;0;0;124;0;113;0;
5133;2991660;1194311680;16207872;1362202624;0;0;0;0;0;0;0;0;0;0;0;1804;0;0;124;0;113;0;
5134;2294373;1194311680;16207872;1362202624;0;0;0;0;0;0;0;0;0;0;0;1442;0;0;124;0;113;0;
5135;5559076;1194311680;16207872;1362202624;0;0;0;0;0;0;0;0;0;0;0;2024;0;0;124;0;113;0;
5136;2979357;1194311680;16207872;1362202624;0;0;0;0;0;0;0;0;0;0;0;1513;0;0;124;0;113;0;
5137;1534938;1194311680;16207872;1362202624;0;0;0;0;0;0;0;0;0;0;0;1783;0;0;124;0;113;0;
5138;3113920;1194414080;16203776;1362198528;0;0;0;0;0;0;0;0;0;0;0;42360;0;0;124;0;113;0;
5139;1622934;1194414080;16203776;1362198528;0;0;0;0;0;0;0;0;0;0;0;1383;0;0;124;0;113;0;
5140;2977784;1194414080;16203776;1362198528;0;0;0;0;0;0;0;0;0;0;0;1793;0;0;124;0;113;0;
5141;2270238;1194414080;16203776;1362198528;0;0;0;0;0;0;0;0;0;0;0;1372;0;0;124;0;113;0;
5142;7017030;1194414080;16203776;1362198528;0;0;0;0;0;0;0;0;0;0;0;1974;0;0;124;0;113;0;
5143;2976191;1194414080;16203776;1362198528;0;0;0;0;0;0;0;0;0;0;0;1714;0;0;124;0;113;0;
5144;1920362;1194414080;16203776;1362198528;0;0;0;0;0;0;0;0;0;0;0;1744;0;0;124;0;113;0;
5145;3042806;1194414080;16203776;1362198528;0;0;0;0;0;0;0;0;0;0;0;1793;0;0;124;0;113;0;
5146;2991871;1194414080;16203776;1362198528;0;0;0;0;0;0;0;0;0;0;0;1513;0;0;124;0;113;0;
5147;3446734;1194414080;16203776;1362198528;0;0;0;0;0;0;0;0;0;0;0;2084;0;0;124;0;113;0;
5148;2419879;1194414080;16203776;1362198528;0;0;0;0;0;0;0;0;0;0;0;1553;0;0;124;0;113;0;
5149;6116621;1194414080;16203776;1362198528;0;0;0;0;0;0;0;0;0;0;0;1704;0;0;124;0;113;0;
5150;3524179;1194414080;16203776;1362198528;0;0;0;0;0;0;0;0;0;0;0;1542;0;0;124;0;113;0;
5151;2774975;1194414080;16203776;1362198528;0;0;0;0;0;0;0;0;0;0;0;1713;0;0;124;0;113;0;
5152;2489548;1194414080;16203776;1362198528;0;0;0;0;0;0;0;0;0;0;0;1803;0;0;124;0;113;0;
5153;2447139;1194414080;16203776;1362198528;0;0;0;0;0;0;0;0;0;0;0;24927;0;0;124;0;113;0;
5154;3173902;1194414080;16203776;1362198528;0;0;0;0;0;0;0;0;0;0;0;1603;0;0;124;0;113;0;
5155;2244099;1194414080;16203776;1362198528;0;0;0;0;0;0;0;0;0;0;0;2064;0;0;124;0;113;0;
5156;6010592;1194414080;16203776;1362198528;0;0;0;0;0;0;0;0;0;0;0;1673;0;0;124;0;113;0;
5157;3229357;1194414080;16203776;1362198528;0;0;0;0;0;0;0;0;0;0;0;1513;0;0;124;0;113;0;
5158;2837451;1194414080;16203776;1362198528;0;0;0;0;0;0;0;0;0;0;0;1784;0;0;124;0;113;0;
5159;3473835;1194414080;16203776;1362198528;0;0;0;0;0;0;0;0;0;0;0;2375;0;0;124;0;113;0;
5160;4112913;1194414080;16203776;1362198528;0;0;0;0;0;0;0;0;0;0;0;2535;0;0;124;0;113;0;
5161;3325316;1194414080;16203776;1362198528;0;0;0;0;0;0;0;0;0;0;0;1734;0;0;124;0;113;0;
5162;2333286;1194414080;16203776;1362198528;0;0;0;0;0;0;0;0;0;0;0;1503;0;0;124;0;113;0;
5163;5836716;1194414080;16203776;1362198528;0;0;0;0;0;0;0;0;0;0;0;1773;0;0;124;0;113;0;
5164;4843633;1194414080;16203776;1362198528;0;0;0;0;0;0;0;0;0;0;0;2054;0;0;124;0;113;0;
5165;3074045;1194414080;16203776;1362198528;0;0;0;0;0;0;0;0;0;0;0;2094;0;0;124;0;113;0;
5166;2405140;1194414080;16203776;1362198528;0;0;0;0;0;0;0;0;0;0;0;2275;0;0;124;0;113;0;
5167;2451778;1194414080;16203776;1362198528;0;0;0;0;0;0;0;0;0;0;0;2084;0;0;124;0;113;0;
5168;4346151;1194414080;16203776;1362198528;0;0;0;0;0;0;0;0;0;0;0;1884;0;0;124;0;113;0;
5169;3500816;1194414080;16203776;1362198528;0;0;0;0;0;0;0;0;0;0;0;2104;0;0;124;0;113;0;
5170;5663101;1194414080;16203776;1362198528;0;0;0;0;0;0;0;0;0;0;0;2484;0;0;124;0;113;0;
5171;3753188;1194414080;16203776;1362198528;0;0;0;0;0;0;0;0;0;0;0;2144;0;0;124;0;113;0;
5172;3087871;1194414080;16203776;1362198528;0;0;0;0;0;0;0;0;0;0;0;2345;0;0;124;0;113;0;
5173;3297304;1194414080;16203776;1362198528;0;0;0;0;0;0;0;0;0;0;0;2124;0;0;124;0;113;0;
5174;3078143;1194414080;16203776;1362198528;0;0;0;0;0;0;0;0;0;0;0;1954;0;0;124;0;113;0;
5175;3568743;1194414080;16203776;1362198528;0;0;0;0;0;0;0;0;0;0;0;2124;0;0;124;0;113;0;
5176;2576342;1194414080;16203776;1362198528;0;0;0;0;0;0;0;0;0;0;0;1903;0;0;124;0;113;0;
5177;6401545;1194414080;16203776;1362198528;0;0;0;0;0;0;0;0;0;0;0;2244;0;0;124;0;113;0;
5178;3255004;1194414080;16203776;1362198528;0;0;0;0;0;0;0;0;0;0;0;1663;0;0;124;0;113;0;
5179;2353524;1194414080;16203776;1362198528;0;0;0;0;0;0;0;0;0;0;0;1573;0;0;124;0;113;0;
5180;3586175;1194414080;16203776;1362198528;0;0;0;0;0;0;0;0;0;0;0;1503;0;0;124;0;113;0;
5181;1920652;1194414080;16203776;1362198528;0;0;0;0;0;0;0;0;0;0;0;1883;0;0;124;0;113;0;
5182;3148876;1194414080;16203776;1362198528;0;0;0;0;0;0;0;0;0;0;0;1873;0;0;124;0;113;0;
5183;2682381;1194414080;16203776;1362198528;0;0;0;0;0;0;0;0;0;0;0;1994;0;0;124;0;113;0;
5184;5863156;1194414080;16203776;1362198528;0;0;0;0;0;0;0;0;0;0;0;2104;0;0;124;0;113;0;
5185;4389943;1194414080;16203776;1362198528;0;0;0;0;0;0;0;0;0;0;0;1673;0;0;124;0;113;0;
5186;3370251;1194414080;16203776;1362198528;0;0;0;0;0;0;0;0;0;0;0;2054;0;0;124;0;113;0;
5187;3663360;1194414080;16203776;1362198528;0;0;0;0;0;0;0;0;0;0;0;1322;0;0;124;0;113;0;
5188;2903715;1194414080;16203776;1362198528;0;0;0;0;0;0;0;0;0;0;0;1673;0;0;124;0;113;0;
5189;2675728;1194414080;16203776;1362198528;0;0;0;0;0;0;0;0;0;0;0;1623;0;0;124;0;113;0;
5190;2879440;1194414080;16203776;1362198528;0;0;0;0;0;0;0;0;0;0;0;1512;0;0;124;0;113;0;
5191;6247697;1194414080;16203776;1362198528;0;0;0;0;0;0;0;0;0;0;0;1944;0;0;124;0;113;0;
5192;2998523;1194414080;16203776;1362198528;0;0;0;0;0;0;0;0;0;0;0;1704;0;0;124;0;113;0;
5193;2538671;1194414080;16203776;1362198528;0;0;0;0;0;0;0;0;0;0;0;1583;0;0;124;0;113;0;
5194;3315428;1194414080;16203776;1362198528;0;0;0;0;0;0;0;0;0;0;0;1713;0;0;124;0;113;0;
5195;2390954;1194414080;16203776;1362198528;0;0;0;0;0;0;0;0;0;0;0;1793;0;0;124;0;113;0;
5196;2587933;1194414080;16203776;1362198528;0;0;0;0;0;0;0;0;0;0;0;1713;0;0;124;0;113;0;
5197;2280026;1194414080;16203776;1362198528;0;0;0;0;0;0;0;0;0;0;0;1834;0;0;124;0;113;0;
5198;5930461;1194414080;16203776;1362198528;0;0;0;0;0;0;0;0;0;0;0;1863;0;0;124;0;113;0;
5199;3321820;1194414080;16203776;1362198528;0;0;0;0;0;0;0;0;0;0;0;1743;0;0;124;0;113;0;
5200;2138932;1194414080;16203776;1362198528;0;0;0;0;0;0;0;0;0;0;0;1623;0;0;124;0;113;0;
5201;4589777;1194414080;16203776;1362198528;0;0;0;0;0;0;0;0;0;0;0;2264;0;0;124;0;113;0;
5202;3153294;1194414080;16203776;1362198528;0;0;0;0;0;0;0;0;0;0;0;1703;0;0;124;0;113;0;
5203;3131613;1194414080;16203776;1362198528;0;0;0;0;0;0;0;0;0;0;0;1663;0;0;124;0;113;0;
5204;2143580;1194414080;16203776;1362198528;0;0;0;0;0;0;0;0;0;0;0;1683;0;0;124;0;113;0;
5205;11104295;1194414080;16203776;1362198528;0;0;0;0;0;0;0;0;0;0;0;2244;0;0;124;0;113;0;
5206;6886475;1194414080;16203776;1362198528;0;0;0;0;0;0;0;0;0;0;0;3466;0;0;124;0;113;0;
5207;2538731;1194414080;16203776;1362198528;0;0;0;0;0;0;0;0;0;0;0;1613;0;0;124;0;113;0;
5208;2890170;1194414080;16203776;1362198528;0;0;0;0;0;0;0;0;0;0;0;1493;0;0;124;0;113;0;
5209;2566193;1194414080;16203776;1362198528;0;0;0;0;0;0;0;0;0;0;0;1623;0;0;124;0;113;0;
5210;2881584;1194414080;16203776;1362198528;0;0;0;0;0;0;0;0;0;0;0;1543;0;0;124;0;113;0;
5211;2490691;1194414080;16203776;1362198528;0;0;0;0;0;0;0;0;0;0;0;1813;0;0;124;0;113;0;
5212;5592668;1194414080;16203776;1362198528;0;0;0;0;0;0;0;0;0;0;0;2144;0;0;124;0;113;0;
5213;2890531;1194414080;16203776;1362198528;0;0;0;0;0;0;0;0;0;0;0;2245;0;0;124;0;113;0;
5214;2393408;1194414080;16203776;1362198528;0;0;0;0;0;0;0;0;0;0;0;1593;0;0;124;0;113;0;
5215;2096511;1194414080;16203776;1362198528;0;0;0;0;0;0;0;0;0;0;0;1664;0;0;124;0;113;0;
5216;2733646;1194414080;16203776;1362198528;0;0;0;0;0;0;0;0;0;0;0;1764;0;0;124;0;113;0;
5217;2764755;1194414080;16203776;1362198528;0;0;0;0;0;0;0;0;0;0;0;1292;0;0;124;0;113;0;
5218;5948896;1194414080;16203776;1362198528;0;0;0;0;0;0;0;0;0;0;0;1944;0;0;124;0;113;0;
5219;3617805;1194414080;16216064;1362210816;0;0;0;0;0;0;0;0;0;0;0;1703;0;0;124;0;113;0;
5220;3079455;1194414080;16216064;1362210816;0;0;0;0;0;0;0;0;0;0;0;45846;0;0;124;0;113;0;
5221;2799460;1194414080;16216064;1362210816;0;0;0;0;0;0;0;0;0;0;0;2084;0;0;124;0;113;0;
5222;2672893;1194414080;16216064;1362210816;0;0;0;0;0;0;0;0;0;0;0;1693;0;0;124;0;113;0;
5223;3067984;1194414080;16216064;1362210816;0;0;0;0;0;0;0;0;0;0;0;2024;0;0;124;0;113;0;
5224;1490475;1194414080;16216064;1362210816;0;0;0;0;0;0;0;0;0;0;0;1563;0;0;124;0;113;0;
5225;5733533;1194414080;16216064;1362210816;0;0;0;0;0;0;0;0;0;0;0;1844;0;0;124;0;113;0;
5226;2627638;1194414080;16216064;1362210816;0;0;0;0;0;0;0;0;0;0;0;1623;0;0;124;0;113;0;
5227;2319310;1194414080;16216064;1362210816;0;0;0;0;0;0;0;0;0;0;0;1663;0;0;124;0;113;0;
5228;2156655;1194414080;16216064;1362210816;0;0;0;0;0;0;0;0;0;0;0;1734;0;0;124;0;113;0;
5229;2727595;1194414080;16216064;1362210816;0;0;0;0;0;0;0;0;0;0;0;1583;0;0;124;0;113;0;
5230;2385193;1194414080;16216064;1362210816;0;0;0;0;0;0;0;0;0;0;0;1643;0;0;124;0;113;0;
5231;5149066;1194414080;16216064;1362210816;0;0;0;0;0;0;0;0;0;0;0;2114;0;0;124;0;113;0;
5232;2556584;1194414080;16216064;1362210816;0;0;0;0;0;0;0;0;0;0;0;2034;0;0;124;0;113;0;
5233;3056513;1194471424;16207872;1362202624;0;0;0;0;0;0;0;0;0;0;0;1643;0;0;124;0;113;0;
5234;2055444;1194471424;16207872;1362202624;0;0;0;0;0;0;0;0;0;0;0;1603;0;0;124;0;113;0;
5235;2779964;1194471424;16207872;1362202624;0;0;0;0;0;0;0;0;0;0;0;2044;0;0;124;0;113;0;
5236;2756309;1194471424;16207872;1362202624;0;0;0;0;0;0;0;0;0;0;0;1703;0;0;124;0;113;0;
5237;6000924;1194471424;16207872;1362202624;0;0;0;0;0;0;0;0;0;0;0;1813;0;0;124;0;113;0;
5238;2934433;1194471424;16207872;1362202624;0;0;0;0;0;0;0;0;0;0;0;2063;0;0;124;0;113;0;
5239;3109121;1194471424;16207872;1362202624;0;0;0;0;0;0;0;0;0;0;0;1893;0;0;124;0;113;0;
5240;2019808;1194471424;16207872;1362202624;0;0;0;0;0;0;0;0;0;0;0;2054;0;0;124;0;113;0;
5241;2995808;1194471424;16207872;1362202624;0;0;0;0;0;0;0;0;0;0;0;2204;0;0;124;0;113;0;
5242;2066465;1194471424;16207872;1362202624;0;0;0;0;0;0;0;0;0;0;0;1943;0;0;124;0;113;0;
5243;5446594;1194471424;16207872;1362202624;0;0;0;0;0;0;0;0;0;0;0;2014;0;0;124;0;113;0;
5244;3552933;1194471424;16207872;1362202624;0;0;0;0;0;0;0;0;0;0;0;1803;0;0;124;0;113;0;
5245;2452820;1194471424;16207872;1362202624;0;0;0;0;0;0;0;0;0;0;0;1643;0;0;124;0;113;0;
5246;1050620;1194471424;16207872;1362202624;0;0;0;0;0;0;0;0;0;0;0;1733;0;0;124;0;113;0;
5247;3257138;1194471424;16207872;1362202624;0;0;0;0;0;0;0;0;0;0;0;1874;0;0;124;0;113;0;
5248;2105449;1194471424;16207872;1362202624;0;0;0;0;0;0;0;0;0;0;0;1913;0;0;124;0;113;0;
5249;5668962;1194471424;16207872;1362202624;0;0;0;0;0;0;0;0;0;0;0;1623;0;0;124;0;113;0;
5250;2580549;1194471424;16207872;1362202624;0;0;0;0;0;0;0;0;0;0;0;1763;0;0;124;0;113;0;
5251;3001849;1194471424;16207872;1362202624;0;0;0;0;0;0;0;0;0;0;0;1633;0;0;124;0;113;0;
5252;2363442;1194471424;16207872;1362202624;0;0;0;0;0;0;0;0;0;0;0;1643;0;0;124;0;113;0;
5253;2987152;1194471424;16207872;1362202624;0;0;0;0;0;0;0;0;0;0;0;1994;0;0;124;0;113;0;
5254;2322446;1194471424;16207872;1362202624;0;0;0;0;0;0;0;0;0;0;0;1442;0;0;124;0;113;0;
5255;5496077;1194471424;16207872;1362202624;0;0;0;0;0;0;0;0;0;0;0;2174;0;0;124;0;113;0;
5256;2864372;1194471424;16207872;1362202624;0;0;0;0;0;0;0;0;0;0;0;2054;0;0;124;0;113;0;
5257;2780775;1194471424;16207872;1362202624;0;0;0;0;0;0;0;0;0;0;0;1553;0;0;124;0;113;0;
5258;2584988;1194471424;16207872;1362202624;0;0;0;0;0;0;0;0;0;0;0;2164;0;0;124;0;117;0;
5259;2959571;1194471424;16207872;1362202624;0;0;0;0;0;0;0;0;0;0;0;1853;0;0;124;0;117;0;
5260;2238027;1194471424;16207872;1362202624;0;0;0;0;0;0;0;0;0;0;0;1604;0;0;124;0;117;0;
5261;5975386;1194471424;16207872;1362202624;0;0;0;0;0;0;0;0;0;0;0;29245;0;0;124;0;117;0;
5262;3030182;1194471424;16207872;1362202624;0;0;0;0;0;0;0;0;0;0;0;2114;0;0;124;0;117;0;
5263;2130867;1194471424;16207872;1362202624;0;0;0;0;0;0;0;0;0;0;0;2023;0;0;124;0;117;0;
5264;2759966;1194471424;16207872;1362202624;0;0;0;0;0;0;0;0;0;0;0;2034;0;0;124;0;117;0;
5265;2600988;1194471424;16207872;1362202624;0;0;0;0;0;0;0;0;0;0;0;1643;0;0;124;0;117;0;
5266;2687600;1194471424;16207872;1362202624;0;0;0;0;0;0;0;0;0;0;0;1803;0;0;124;0;117;0;
5267;2496162;1194471424;16207872;1362202624;0;0;0;0;0;0;0;0;0;0;0;1823;0;0;124;0;117;0;
5268;5972881;1194471424;16207872;1362202624;0;0;0;0;0;0;0;0;0;0;0;1903;0;0;124;0;117;0;
5269;3130010;1194471424;16207872;1362202624;0;0;0;0;0;0;0;0;0;0;0;1874;0;0;124;0;117;0;
5270;2361078;1194471424;16207872;1362202624;0;0;0;0;0;0;0;0;0;0;0;2154;0;0;124;0;117;0;
5271;2940034;1194471424;16207872;1362202624;0;0;0;0;0;0;0;0;0;0;0;1763;0;0;124;0;117;0;
5272;2768802;1194471424;16207872;1362202624;0;0;0;0;0;0;0;0;0;0;0;1814;0;0;124;0;117;0;
5273;3226210;1194471424;16207872;1362202624;0;0;0;0;0;0;0;0;0;0;0;1744;0;0;124;0;117;0;
5274;2491333;1194471424;16207872;1362202624;0;0;0;0;0;0;0;0;0;0;0;1743;0;0;124;0;117;0;
5275;5866312;1194471424;16207872;1362202624;0;0;0;0;0;0;0;0;0;0;0;24125;0;0;124;0;117;0;
5276;2516630;1194471424;16207872;1362202624;0;0;0;0;0;0;0;0;0;0;0;2104;0;0;124;0;117;0;
5277;3443928;1194561536;16203776;1362198528;0;0;0;0;0;0;0;0;0;0;0;2064;0;0;124;0;117;0;
5278;2381105;1194561536;16203776;1362198528;0;0;0;0;0;0;0;0;0;0;0;2294;0;0;124;0;117;0;
5279;3190133;1194561536;16203776;1362198528;0;0;0;0;0;0;0;0;0;0;0;2284;0;0;124;0;117;0;
5280;2522972;1194561536;16203776;1362198528;0;0;0;0;0;0;0;0;0;0;0;1894;0;0;124;0;117;0;
5281;5510544;1194561536;16203776;1362198528;0;0;0;0;0;0;0;0;0;0;0;2164;0;0;124;0;117;0;
5282;3048828;1194561536;16207872;1362202624;0;0;0;0;0;0;0;0;0;0;0;1713;0;0;124;0;117;0;
5283;2645021;1194561536;16207872;1362202624;0;0;0;0;0;0;0;0;0;0;0;1873;0;0;124;0;117;0;
5284;2402045;1194561536;16207872;1362202624;0;0;0;0;0;0;0;0;0;0;0;2534;0;0;124;0;117;0;
5285;1836094;1194561536;16207872;1362202624;0;0;0;0;0;0;0;0;0;0;0;2063;0;0;124;0;117;0;
5286;3398774;1194561536;16207872;1362202624;0;0;0;0;0;0;0;0;0;0;0;2054;0;0;124;0;117;0;
5287;2539022;1194561536;16207872;1362202624;0;0;0;0;0;0;0;0;0;0;0;1874;0;0;124;0;117;0;
5288;5588310;1194561536;16207872;1362202624;0;0;0;0;0;0;0;0;0;0;0;2044;0;0;124;0;117;0;
5289;2829336;1194561536;16207872;1362202624;0;0;0;0;0;0;0;0;0;0;0;2054;0;0;124;0;117;0;
5290;2203132;1194561536;16207872;1362202624;0;0;0;0;0;0;0;0;0;0;0;1764;0;0;124;0;117;0;
5291;2694142;1194561536;16207872;1362202624;0;0;0;0;0;0;0;0;0;0;0;1964;0;0;124;0;117;0;
5292;2696226;1194561536;16207872;1362202624;0;0;0;0;0;0;0;0;0;0;0;1884;0;0;124;0;117;0;
5293;2621687;1194561536;16207872;1362202624;0;0;0;0;0;0;0;0;0;0;0;1804;0;0;124;0;117;0;
5294;5447657;1194561536;16207872;1362202624;0;0;0;0;0;0;0;0;0;0;0;1743;0;0;124;0;117;0;
5295;3048998;1194561536;16207872;1362202624;0;0;0;0;0;0;0;0;0;0;0;1413;0;0;124;0;117;0;
5296;2414408;1194561536;16207872;1362202624;0;0;0;0;0;0;0;0;0;0;0;2064;0;0;124;0;117;0;
5297;3226631;1194561536;16207872;1362202624;0;0;0;0;0;0;0;0;0;0;0;1803;0;0;124;0;117;0;
5298;2268354;1194561536;16207872;1362202624;0;0;0;0;0;0;0;0;0;0;0;1763;0;0;124;0;117;0;
5299;2805130;1194561536;16207872;1362202624;0;0;0;0;0;0;0;0;0;0;0;1923;0;0;124;0;117;0;
5300;2274185;1194561536;16207872;1362202624;0;0;0;0;0;0;0;0;0;0;0;1754;0;0;124;0;117;0;
5301;5539689;1194561536;16207872;1362202624;0;0;0;0;0;0;0;0;0;0;0;1923;0;0;124;0;117;0;
5302;2856607;1194561536;16207872;1362202624;0;0;0;0;0;0;0;0;0;0;0;2044;0;0;124;0;117;0;
5303;2931318;1194561536;16207872;1362202624;0;0;0;0;0;0;0;0;0;0;0;1703;0;0;124;0;117;0;
5304;1991245;1194561536;16207872;1362202624;0;0;0;0;0;0;0;0;0;0;0;1593;0;0;124;0;117;0;
5305;2256682;1194561536;16207872;1362202624;0;0;0;0;0;0;0;0;0;0;0;2144;0;0;124;0;117;0;
5306;2889329;1194561536;16207872;1362202624;0;0;0;0;0;0;0;0;0;0;0;1493;0;0;124;0;117;0;
5307;6053603;1194561536;16207872;1362202624;0;0;0;0;0;0;0;0;0;0;0;2204;0;0;124;0;117;0;
5308;3037266;1194561536;16207872;1362202624;0;0;0;0;0;0;0;0;0;0;0;44263;0;0;124;0;117;0;
5309;3051854;1194561536;16207872;1362202624;0;0;0;0;0;0;0;0;0;0;0;1884;0;0;124;0;117;0;
5310;2636684;1194561536;16207872;1362202624;0;0;0;0;0;0;0;0;0;0;0;1973;0;0;124;0;117;0;
5311;3279450;1194561536;16207872;1362202624;0;0;0;0;0;0;0;0;0;0;0;2054;0;0;124;0;117;0;
5312;2859342;1194561536;16207872;1362202624;0;0;0;0;0;0;0;0;0;0;0;1894;0;0;124;0;117;0;
5313;5660266;1194561536;16207872;1362202624;0;0;0;0;0;0;0;0;0;0;0;2645;0;0;124;0;117;0;
5314;3013792;1194561536;16207872;1362202624;0;0;0;0;0;0;0;0;0;0;0;1583;0;0;124;0;117;0;
5315;2262152;1194561536;16207872;1362202624;0;0;0;0;0;0;0;0;0;0;0;1703;0;0;124;0;117;0;
5316;2755157;1194561536;16207872;1362202624;0;0;0;0;0;0;0;0;0;0;0;1723;0;0;124;0;117;0;
5317;2356369;1194561536;16207872;1362202624;0;0;0;0;0;0;0;0;0;0;0;1673;0;0;124;0;117;0;
5318;2781316;1194561536;16207872;1362202624;0;0;0;0;0;0;0;0;0;0;0;1883;0;0;124;0;117;0;
5319;2037581;1194561536;16207872;1362202624;0;0;0;0;0;0;0;0;0;0;0;1774;0;0;124;0;117;0;
5320;6463362;1194561536;16207872;1362202624;0;0;0;0;0;0;0;0;0;0;0;2154;0;0;124;0;117;0;
5321;2949221;1194561536;16207872;1362202624;0;0;0;0;0;0;0;0;0;0;0;1823;0;0;124;0;117;0;
5322;2809269;1194561536;16207872;1362202624;0;0;0;0;0;0;0;0;0;0;0;1873;0;0;124;0;117;0;
5323;3337199;1194561536;16207872;1362202624;0;0;0;0;0;0;0;0;0;0;0;1953;0;0;124;0;117;0;
5324;2217448;1194561536;16207872;1362202624;0;0;0;0;0;0;0;0;0;0;0;1713;0;0;124;0;117;0;
5325;3570266;1194561536;16207872;1362202624;0;0;0;0;0;0;0;0;0;0;0;1983;0;0;124;0;117;0;
5326;2911561;1194561536;16207872;1362202624;0;0;0;0;0;0;0;0;0;0;0;1854;0;0;124;0;117;0;
5327;5933868;1194561536;16207872;1362202624;0;0;0;0;0;0;0;0;0;0;0;2034;0;0;124;0;117;0;
5328;3935411;1194561536;16207872;1362202624;0;0;0;0;0;0;0;0;0;0;0;1954;0;0;124;0;117;0;
5329;2749807;1194561536;16207872;1362202624;0;0;0;0;0;0;0;0;0;0;0;2004;0;0;124;0;117;0;
5330;2014668;1194586112;16203776;1362198528;0;0;0;0;0;0;0;0;0;0;0;2434;0;0;124;0;117;0;
5331;1622252;1194586112;16203776;1362198528;0;0;0;0;0;0;0;0;0;0;0;2084;0;0;124;0;117;0;
5332;2922420;1194586112;16203776;1362198528;0;0;0;0;0;0;0;0;0;0;0;2054;0;0;124;0;117;0;
5333;2386726;1194586112;16203776;1362198528;0;0;0;0;0;0;0;0;0;0;0;2144;0;0;124;0;117;0;
5334;5962452;1194586112;16203776;1362198528;0;0;0;0;0;0;0;0;0;0;0;2164;0;0;124;0;117;0;
5335;3735295;1194586112;16203776;1362198528;0;0;0;0;0;0;0;0;0;0;0;1743;0;0;124;0;117;0;
5336;2936577;1194586112;16203776;1362198528;0;0;0;0;0;0;0;0;0;0;0;1633;0;0;124;0;117;0;
5337;3248412;1194586112;16203776;1362198528;0;0;0;0;0;0;0;0;0;0;0;1913;0;0;124;0;117;0;
5338;1782092;1194586112;16203776;1362198528;0;0;0;0;0;0;0;0;0;0;0;1953;0;0;124;0;117;0;
5339;3292634;1194586112;16203776;1362198528;0;0;0;0;0;0;0;0;0;0;0;1844;0;0;124;0;117;0;
5340;2778581;1194586112;16203776;1362198528;0;0;0;0;0;0;0;0;0;0;0;1493;0;0;124;0;117;0;
5341;5847426;1194586112;16203776;1362198528;0;0;0;0;0;0;0;0;0;0;0;2705;0;0;124;0;117;0;
5342;3107508;1194586112;16203776;1362198528;0;0;0;0;0;0;0;0;0;0;0;1843;0;0;124;0;117;0;
5343;2064472;1194586112;16203776;1362198528;0;0;0;0;0;0;0;0;0;0;0;1623;0;0;124;0;117;0;
5344;2075542;1194586112;16203776;1362198528;0;0;0;0;0;0;0;0;0;0;0;1673;0;0;124;0;117;0;
5345;2270317;1194586112;16203776;1362198528;0;0;0;0;0;0;0;0;0;0;0;1653;0;0;124;0;117;0;
5346;3222103;1194586112;16203776;1362198528;0;0;0;0;0;0;0;0;0;0;0;1893;0;0;124;0;117;0;
5347;3257850;1194586112;16203776;1362198528;0;0;0;0;0;0;0;0;0;0;0;2154;0;0;124;0;117;0;
5348;6780886;1194586112;16203776;1362198528;0;0;0;0;0;0;0;0;0;0;0;1953;0;0;124;0;117;0;
5349;3185113;1194586112;16203776;1362198528;0;0;0;0;0;0;0;0;0;0;0;1733;0;0;124;0;117;0;
5350;2305463;1194586112;16203776;1362198528;0;0;0;0;0;0;0;0;0;0;0;95630;0;0;124;0;117;0;
5351;3398032;1194586112;16203776;1362198528;0;0;0;0;0;0;0;0;0;0;0;1893;0;0;124;0;117;0;
5352;2922862;1194586112;16203776;1362198528;0;0;0;0;0;0;0;0;0;0;0;1774;0;0;124;0;117;0;
5353;3113930;1194586112;16203776;1362198528;0;0;0;0;0;0;0;0;0;0;0;44343;0;0;124;0;117;0;
5354;2346110;1194586112;16203776;1362198528;0;0;0;0;0;0;0;0;0;0;0;1333;0;0;124;0;117;0;
5355;5404064;1194586112;16203776;1362198528;0;0;0;0;0;0;0;0;0;0;0;1834;0;0;124;0;117;0;
5356;3638954;1194586112;16203776;1362198528;0;0;0;0;0;0;0;0;0;0;0;1503;0;0;124;0;117;0;
5357;3160046;1194586112;16203776;1362198528;0;0;0;0;0;0;0;0;0;0;0;1543;0;0;124;0;117;0;
5358;2924124;1194586112;16203776;1362198528;0;0;0;0;0;0;0;0;0;0;0;1663;0;0;124;0;117;0;
5359;2532199;1194586112;16203776;1362198528;0;0;0;0;0;0;0;0;0;0;0;3397;0;0;124;0;118;0;
5360;2797326;1194586112;16203776;1362198528;0;0;0;0;0;0;0;0;0;0;0;1864;0;0;124;0;118;0;
5361;6248699;1194586112;16203776;1362198528;0;0;0;0;0;0;0;0;0;0;0;2795;0;0;124;0;118;0;
5362;3392803;1194586112;16207872;1362202624;0;0;0;0;0;0;0;0;0;0;0;2225;0;0;124;0;118;0;
5363;2974348;1194586112;16207872;1362202624;0;0;0;0;0;0;0;0;0;0;0;2174;0;0;124;0;118;0;
5364;3347938;1194586112;16207872;1362202624;0;0;0;0;0;0;0;0;0;0;0;2625;0;0;124;0;118;0;
5365;2894358;1194586112;16207872;1362202624;0;0;0;0;0;0;0;0;0;0;0;2134;0;0;124;0;118;0;
5366;3902990;1194586112;16207872;1362202624;0;0;0;0;0;0;0;0;0;0;0;2124;0;0;124;0;118;0;
5367;2641003;1194586112;16207872;1362202624;0;0;0;0;0;0;0;0;0;0;0;1813;0;0;124;0;118;0;
5368;6475194;1194586112;16207872;1362202624;0;0;0;0;0;0;0;0;0;0;0;3126;0;0;124;0;118;0;
5369;3215150;1194586112;16207872;1362202624;0;0;0;0;0;0;0;0;0;0;0;2084;0;0;124;0;118;0;
5370;2802045;1194586112;16207872;1362202624;0;0;0;0;0;0;0;0;0;0;0;2134;0;0;124;0;118;0;
5371;3360312;1194586112;16207872;1362202624;0;0;0;0;0;0;0;0;0;0;0;2084;0;0;124;0;118;0;
5372;3026025;1194586112;16207872;1362202624;0;0;0;0;0;0;0;0;0;0;0;1843;0;0;124;0;118;0;
5373;2699412;1194586112;16207872;1362202624;0;0;0;0;0;0;0;0;0;0;0;1843;0;0;124;0;118;0;
5374;2993825;1194586112;16207872;1362202624;0;0;0;0;0;0;0;0;0;0;0;1734;0;0;124;0;118;0;
5375;5750234;1194586112;16211968;1362206720;0;0;0;0;0;0;0;0;0;0;0;3366;0;0;124;0;118;0;
5376;1707682;1194586112;16211968;1362206720;0;0;0;0;0;0;0;0;0;0;0;1744;0;0;124;0;118;0;
5377;2151935;1194586112;16211968;1362206720;0;0;0;0;0;0;0;0;0;0;0;1993;0;0;124;0;118;0;
5378;2988324;1194586112;16211968;1362206720;0;0;0;0;0;0;0;0;0;0;0;1823;0;0;124;0;118;0;
5379;3029832;1194586112;16211968;1362206720;0;0;0;0;0;0;0;0;0;0;0;1543;0;0;124;0;118;0;
5380;2939723;1194586112;16211968;1362206720;0;0;0;0;0;0;0;0;0;0;0;1513;0;0;124;0;118;0;
5381;2474922;1194586112;16211968;1362206720;0;0;0;0;0;0;0;0;0;0;0;1823;0;0;124;0;118;0;
5382;6010522;1194586112;16211968;1362206720;0;0;0;0;0;0;0;0;0;0;0;2715;0;0;124;0;118;0;
5383;3920803;1194586112;16211968;1362206720;0;0;0;0;0;0;0;0;0;0;0;2084;0;0;124;0;118;0;
5384;3055560;1194586112;16211968;1362206720;0;0;0;0;0;0;0;0;0;0;0;1803;0;0;124;0;118;0;
5385;3308615;1194586112;16211968;1362206720;0;0;0;0;0;0;0;0;0;0;0;2114;0;0;124;0;118;0;
5386;2547508;1194586112;16211968;1362206720;0;0;0;0;0;0;0;0;0;0;0;2114;0;0;124;0;118;0;
5387;3443177;1194586112;16211968;1362206720;0;0;0;0;0;0;0;0;0;0;0;1823;0;0;124;0;118;0;
5388;2440758;1194586112;16211968;1362206720;0;0;0;0;0;0;0;0;0;0;0;2195;0;0;124;0;118;0;
5389;5850001;1194586112;16211968;1362206720;0;0;0;0;0;0;0;0;0;0;0;1963;0;0;124;0;118;0;
5390;2882265;1194586112;16211968;1362206720;0;0;0;0;0;0;0;0;0;0;0;1993;0;0;124;0;118;0;
5391;2532028;1194586112;16211968;1362206720;0;0;0;0;0;0;0;0;0;0;0;1714;0;0;124;0;118;0;
5392;3042055;1194602496;16203776;1362198528;0;0;0;0;0;0;0;0;0;0;0;1893;0;0;124;0;118;0;
5393;1990142;1194602496;16203776;1362198528;0;0;0;0;0;0;0;0;0;0;0;1813;0;0;124;0;118;0;
5394;2788219;1194602496;16203776;1362198528;0;0;0;0;0;0;0;0;0;0;0;1873;0;0;124;0;118;0;
5395;2211206;1194602496;16203776;1362198528;0;0;0;0;0;0;0;0;0;0;0;1793;0;0;124;0;118;0;
5396;6178277;1194602496;16203776;1362198528;0;0;0;0;0;0;0;0;0;0;0;2124;0;0;124;0;118;0;
5397;3179292;1194602496;16203776;1362198528;0;0;0;0;0;0;0;0;0;0;0;1813;0;0;124;0;118;0;
5398;1888272;1194602496;16203776;1362198528;0;0;0;0;0;0;0;0;0;0;0;1813;0;0;124;0;118;0;
5399;3386100;1194602496;16203776;1362198528;0;0;0;0;0;0;0;0;0;0;0;1894;0;0;124;0;118;0;
5400;2202551;1194602496;16203776;1362198528;0;0;0;0;0;0;0;0;0;0;0;1683;0;0;124;0;118;0;
5401;2875373;1194602496;16203776;1362198528;0;0;0;0;0;0;0;0;0;0;0;1874;0;0;124;0;118;0;
5402;2543540;1194602496;16203776;1362198528;0;0;0;0;0;0;0;0;0;0;0;1964;0;0;124;0;118;0;
5403;6034677;1194602496;16203776;1362198528;0;0;0;0;0;0;0;0;0;0;0;1963;0;0;124;0;118;0;
5404;2977304;1194602496;16203776;1362198528;0;0;0;0;0;0;0;0;0;0;0;1783;0;0;124;0;118;0;
5405;2499708;1194602496;16203776;1362198528;0;0;0;0;0;0;0;0;0;0;0;2094;0;0;124;0;118;0;
5406;2649789;1194602496;16203776;1362198528;0;0;0;0;0;0;0;0;0;0;0;2124;0;0;124;0;118;0;
5407;3194200;1194602496;16203776;1362198528;0;0;0;0;0;0;0;0;0;0;0;1793;0;0;124;0;118;0;
5408;3336737;1194602496;16203776;1362198528;0;0;0;0;0;0;0;0;0;0;0;2053;0;0;124;0;118;0;
5409;2757662;1194602496;16203776;1362198528;0;0;0;0;0;0;0;0;0;0;0;1783;0;0;124;0;118;0;
5410;5555358;1194602496;16203776;1362198528;0;0;0;0;0;0;0;0;0;0;0;2003;0;0;124;0;118;0;
5411;4139193;1194602496;16203776;1362198528;0;0;0;0;0;0;0;0;0;0;0;1783;0;0;124;0;118;0;
5412;2557055;1194602496;16203776;1362198528;0;0;0;0;0;0;0;0;0;0;0;23353;0;0;124;0;118;0;
5413;2989116;1194602496;16203776;1362198528;0;0;0;0;0;0;0;0;0;0;0;1924;0;0;124;0;118;0;
5414;2999766;1194602496;16203776;1362198528;0;0;0;0;0;0;0;0;0;0;0;1914;0;0;124;0;118;0;
5415;3186916;1194602496;16203776;1362198528;0;0;0;0;0;0;0;0;0;0;0;24405;0;0;124;0;118;0;
5416;2191801;1194602496;16203776;1362198528;0;0;0;0;0;0;0;0;0;0;0;1853;0;0;124;0;118;0;
5417;5884425;1194602496;16203776;1362198528;0;0;0;0;0;0;0;0;0;0;0;1944;0;0;124;0;118;0;
5418;2978466;1194602496;16203776;1362198528;0;0;0;0;0;0;0;0;0;0;0;1603;0;0;124;0;118;0;
5419;2045937;1194602496;16203776;1362198528;0;0;0;0;0;0;0;0;0;0;0;2054;0;0;124;0;118;0;
5420;3179463;1194602496;16203776;1362198528;0;0;0;0;0;0;0;0;0;0;0;2214;0;0;124;0;118;0;
5421;3070329;1194602496;16203776;1362198528;0;0;0;0;0;0;0;0;0;0;0;1934;0;0;124;0;118;0;
5422;3056702;1194602496;16203776;1362198528;0;0;0;0;0;0;0;0;0;0;0;2004;0;0;124;0;118;0;
5423;3102809;1194872832;16203776;1362198528;0;0;0;0;0;0;0;0;0;0;0;1704;0;0;124;0;118;0;
5424;5968503;1194872832;16203776;1362198528;0;0;0;0;0;0;0;0;0;0;0;1643;0;0;124;0;118;0;
5425;2885501;1194872832;16203776;1362198528;0;0;0;0;0;0;0;0;0;0;0;1683;0;0;124;0;118;0;
5426;2956654;1194872832;16203776;1362198528;0;0;0;0;0;0;0;0;0;0;0;1874;0;0;124;0;118;0;
5427;3285732;1194872832;16203776;1362198528;0;0;0;0;0;0;0;0;0;0;0;1643;0;0;124;0;118;0;
5428;2456016;1194872832;16203776;1362198528;0;0;0;0;0;0;0;0;0;0;0;1843;0;0;124;0;118;0;
5429;2844875;1194872832;16203776;1362198528;0;0;0;0;0;0;0;0;0;0;0;2023;0;0;124;0;118;0;
5430;2225664;1194872832;16203776;1362198528;0;0;0;0;0;0;0;0;0;0;0;2003;0;0;124;0;118;0;
5431;5538988;1194872832;16203776;1362198528;0;0;0;0;0;0;0;0;0;0;0;2003;0;0;124;0;118;0;
5432;2996149;1194872832;16203776;1362198528;0;0;0;0;0;0;0;0;0;0;0;1873;0;0;124;0;118;0;
5433;2255110;1194872832;16203776;1362198528;0;0;0;0;0;0;0;0;0;0;0;1774;0;0;124;0;118;0;
5434;2365205;1194872832;16203776;1362198528;0;0;0;0;0;0;0;0;0;0;0;2084;0;0;124;0;118;0;
5435;3420003;1194872832;16203776;1362198528;0;0;0;0;0;0;0;0;0;0;0;1964;0;0;124;0;118;0;
5436;2919385;1194872832;16203776;1362198528;0;0;0;0;0;0;0;0;0;0;0;1773;0;0;124;0;118;0;
5437;5208067;1194872832;16203776;1362198528;0;0;0;0;0;0;0;0;0;0;0;2074;0;0;124;0;118;0;
5438;3464788;1194872832;16207872;1362202624;0;0;0;0;0;0;0;0;0;0;0;1933;0;0;124;0;118;0;
5439;3470849;1194872832;16207872;1362202624;0;0;0;0;0;0;0;0;0;0;0;1633;0;0;124;0;118;0;
5440;2769454;1194872832;16207872;1362202624;0;0;0;0;0;0;0;0;0;0;0;23895;0;0;124;0;118;0;
5441;2864122;1194872832;16207872;1362202624;0;0;0;0;0;0;0;0;0;0;0;63719;0;0;124;0;118;0;
5442;2692319;1194872832;16207872;1362202624;0;0;0;0;0;0;0;0;0;0;0;1954;0;0;124;0;118;0;
5443;5903040;1194872832;16207872;1362202624;0;0;0;0;0;0;0;0;0;0;0;2354;0;0;124;0;118;0;
5444;3640858;1194872832;16207872;1362202624;0;0;0;0;0;0;0;0;0;0;0;2024;0;0;124;0;118;0;
5445;2687100;1194872832;16207872;1362202624;0;0;0;0;0;0;0;0;0;0;0;2084;0;0;124;0;118;0;
5446;2648026;1194872832;16207872;1362202624;0;0;0;0;0;0;0;0;0;0;0;24286;0;0;124;0;118;0;
5447;2382268;1194872832;16207872;1362202624;0;0;0;0;0;0;0;0;0;0;0;1834;0;0;124;0;118;0;
5448;2987743;1194872832;16207872;1362202624;0;0;0;0;0;0;0;0;0;0;0;84739;0;0;124;0;118;0;
5449;2238337;1194872832;16207872;1362202624;0;0;0;0;0;0;0;0;0;0;0;2164;0;0;124;0;118;0;
5450;5652721;1194872832;16207872;1362202624;0;0;0;0;0;0;0;0;0;0;0;2284;0;0;124;0;118;0;
5451;3508340;1194872832;16207872;1362202624;0;0;0;0;0;0;0;0;0;0;0;3006;0;0;124;0;119;0;
5452;2881925;1194872832;16207872;1362202624;0;0;0;0;0;0;0;0;0;0;0;2215;0;0;124;0;119;0;
5453;2980740;1194872832;16207872;1362202624;0;0;0;0;0;0;0;0;0;0;0;1914;0;0;124;0;119;0;
5454;2758664;1194872832;16207872;1362202624;0;0;0;0;0;0;0;0;0;0;0;1973;0;0;124;0;119;0;
5455;3338671;1194872832;16207872;1362202624;0;0;0;0;0;0;0;0;0;0;0;1834;0;0;124;0;119;0;
5456;2635973;1194872832;16207872;1362202624;0;0;0;0;0;0;0;0;0;0;0;1814;0;0;124;0;119;0;
5457;5234627;1194872832;16207872;1362202624;0;0;0;0;0;0;0;0;0;0;0;2174;0;0;124;0;119;0;
5458;2881043;1194872832;16207872;1362202624;0;0;0;0;0;0;0;0;0;0;0;1894;0;0;124;0;119;0;
5459;3426015;1194872832;16203776;1362198528;0;0;0;0;0;0;0;0;0;0;0;2064;0;0;124;0;119;0;
5460;2698781;1194872832;16203776;1362198528;0;0;0;0;0;0;0;0;0;0;0;1863;0;0;124;0;119;0;
5461;3034521;1194872832;16203776;1362198528;0;0;0;0;0;0;0;0;0;0;0;1423;0;0;124;0;119;0;
5462;2294773;1194872832;16203776;1362198528;0;0;0;0;0;0;0;0;0;0;0;1663;0;0;124;0;119;0;
5463;6703601;1194872832;16203776;1362198528;0;0;0;0;0;0;0;0;0;0;0;2745;0;0;124;0;119;0;
5464;3809154;1194872832;16207872;1362202624;0;0;0;0;0;0;0;0;0;0;0;2094;0;0;124;0;119;0;
5465;3040803;1194872832;16207872;1362202624;0;0;0;0;0;0;0;0;0;0;0;2485;0;0;124;0;119;0;
5466;3389727;1194872832;16207872;1362202624;0;0;0;0;0;0;0;0;0;0;0;2144;0;0;124;0;119;0;
5467;2181210;1194872832;16207872;1362202624;0;0;0;0;0;0;0;0;0;0;0;1944;0;0;124;0;119;0;
5468;3346106;1194872832;16207872;1362202624;0;0;0;0;0;0;0;0;0;0;0;1673;0;0;124;0;119;0;
5469;2538661;1194872832;16207872;1362202624;0;0;0;0;0;0;0;0;0;0;0;2033;0;0;124;0;119;0;
5470;5479286;1194872832;16207872;1362202624;0;0;0;0;0;0;0;0;0;0;0;1953;0;0;124;0;119;0;
5471;3157762;1194872832;16207872;1362202624;0;0;0;0;0;0;0;0;0;0;0;1613;0;0;124;0;119;0;
5472;5359171;1194872832;16207872;1362202624;0;0;0;0;0;0;0;0;0;0;0;1703;0;0;124;0;119;0;
5473;3163873;1194872832;16207872;1362202624;0;0;0;0;0;0;0;0;0;0;0;1643;0;0;124;0;119;0;
5474;2897023;1194872832;16207872;1362202624;0;0;0;0;0;0;0;0;0;0;0;2104;0;0;124;0;119;0;
5475;2884430;1194872832;16207872;1362202624;0;0;0;0;0;0;0;0;0;0;0;2024;0;0;124;0;119;0;
5476;4348645;1194872832;16207872;1362202624;0;0;0;0;0;0;0;0;0;0;0;1693;0;0;124;0;119;0;
5477;3680192;1194872832;16207872;1362202624;0;0;0;0;0;0;0;0;0;0;0;1483;0;0;124;0;119;0;
5478;3250516;1194872832;16207872;1362202624;0;0;0;0;0;0;0;0;0;0;0;1303;0;0;124;0;119;0;
5479;2665459;1194872832;16207872;1362202624;0;0;0;0;0;0;0;0;0;0;0;1653;0;0;124;0;119;0;
5480;3088351;1194872832;16207872;1362202624;0;0;0;0;0;0;0;0;0;0;0;1883;0;0;124;0;119;0;
5481;2435027;1194872832;16207872;1362202624;0;0;0;0;0;0;0;0;0;0;0;1813;0;0;124;0;119;0;
5482;5829202;1194872832;16207872;1362202624;0;0;0;0;0;0;0;0;0;0;0;2475;0;0;124;0;119;0;
5483;3618917;1194872832;16207872;1362202624;0;0;0;0;0;0;0;0;0;0;0;2134;0;0;124;0;119;0;
5484;3146191;1194872832;16207872;1362202624;0;0;0;0;0;0;0;0;0;0;0;1624;0;0;124;0;119;0;
5485;2713989;1194872832;16207872;1362202624;0;0;0;0;0;0;0;0;0;0;0;1954;0;0;124;0;119;0;
5486;3155368;1194872832;16207872;1362202624;0;0;0;0;0;0;0;0;0;0;0;2044;0;0;124;0;119;0;
5487;2885682;1194872832;16207872;1362202624;0;0;0;0;0;0;0;0;0;0;0;1874;0;0;124;0;119;0;
5488;6175451;1194872832;16207872;1362202624;0;0;0;0;0;0;0;0;0;0;0;2034;0;0;124;0;119;0;
5489;3357115;1194872832;16207872;1362202624;0;0;0;0;0;0;0;0;0;0;0;1734;0;0;124;0;119;0;
5490;2601489;1194872832;16207872;1362202624;0;0;0;0;0;0;0;0;0;0;0;1322;0;0;124;0;119;0;
5491;2315673;1194872832;16207872;1362202624;0;0;0;0;0;0;0;0;0;0;0;1954;0;0;124;0;119;0;
5492;2790653;1194872832;16207872;1362202624;0;0;0;0;0;0;0;0;0;0;0;1874;0;0;124;0;119;0;
5493;2660920;1194872832;16207872;1362202624;0;0;0;0;0;0;0;0;0;0;0;2204;0;0;124;0;119;0;
5494;6210367;1194872832;16207872;1362202624;0;0;0;0;0;0;0;0;0;0;0;2324;0;0;124;0;119;0;
5495;3373346;1194872832;16207872;1362202624;0;0;0;0;0;0;0;0;0;0;0;2004;0;0;124;0;119;0;
5496;3038529;1194872832;16207872;1362202624;0;0;0;0;0;0;0;0;0;0;0;1813;0;0;124;0;119;0;
5497;3050802;1194872832;16207872;1362202624;0;0;0;0;0;0;0;0;0;0;0;2255;0;0;124;0;119;0;
5498;2901802;1194872832;16207872;1362202624;0;0;0;0;0;0;0;0;0;0;0;2484;0;0;124;0;119;0;
5499;2605416;1194872832;16207872;1362202624;0;0;0;0;0;0;0;0;0;0;0;1834;0;0;124;0;119;0;
5500;5535642;1194872832;16207872;1362202624;0;0;0;0;0;0;0;0;0;0;0;1913;0;0;124;0;119;0;
5501;4115838;1194872832;16207872;1362202624;0;0;0;0;0;0;0;0;0;0;0;1873;0;0;124;0;119;0;
5502;3156259;1194872832;16207872;1362202624;0;0;0;0;0;0;0;0;0;0;0;1854;0;0;124;0;119;0;
5503;2050325;1194872832;16207872;1362202624;0;0;0;0;0;0;0;0;0;0;0;1853;0;0;124;0;119;0;
5504;3540259;1194872832;16207872;1362202624;0;0;0;0;0;0;0;0;0;0;0;2054;0;0;124;0;119;0;
5505;2919305;1194872832;16207872;1362202624;0;0;0;0;0;0;0;0;0;0;0;1723;0;0;124;0;119;0;
5506;6740481;1194872832;16207872;1362202624;0;0;0;0;0;0;0;0;0;0;0;2074;0;0;124;0;119;0;
5507;3247791;1194872832;16207872;1362202624;0;0;0;0;0;0;0;0;0;0;0;1994;0;0;124;0;119;0;
5508;5722131;1194872832;16207872;1362202624;0;0;0;0;0;0;0;0;0;0;0;1443;0;0;124;0;119;0;
5509;2550584;1194872832;16207872;1362202624;0;0;0;0;0;0;0;0;0;0;0;1933;0;0;124;0;119;0;
5510;2773692;1194872832;16207872;1362202624;0;0;0;0;0;0;0;0;0;0;0;2264;0;0;124;0;119;0;
5511;2380354;1194872832;16207872;1362202624;0;0;0;0;0;0;0;0;0;0;0;1813;0;0;124;0;119;0;
5512;6147639;1194872832;16207872;1362202624;0;0;0;0;0;0;0;0;0;0;0;2875;0;0;124;0;119;0;
5513;2929424;1194872832;16207872;1362202624;0;0;0;0;0;0;0;0;0;0;0;2044;0;0;124;0;119;0;
5514;3066831;1194872832;16207872;1362202624;0;0;0;0;0;0;0;0;0;0;0;1733;0;0;124;0;119;0;
5515;3399766;1194872832;16207872;1362202624;0;0;0;0;0;0;0;0;0;0;0;2024;0;0;124;0;119;0;
5516;2157516;1194872832;16207872;1362202624;0;0;0;0;0;0;0;0;0;0;0;2144;0;0;124;0;119;0;
5517;2262062;1194872832;16207872;1362202624;0;0;0;0;0;0;0;0;0;0;0;2103;0;0;124;0;119;0;
5518;6242407;1194872832;16207872;1362202624;0;0;0;0;0;0;0;0;0;0;0;2214;0;0;124;0;119;0;
5519;3924410;1194872832;16207872;1362202624;0;0;0;0;0;0;0;0;0;0;0;2124;0;0;124;0;119;0;
5520;2975751;1194872832;16207872;1362202624;0;0;0;0;0;0;0;0;0;0;0;2365;0;0;124;0;119;0;
5521;2999396;1194872832;16207872;1362202624;0;0;0;0;0;0;0;0;0;0;0;1994;0;0;124;0;119;0;
5522;2523913;1194872832;16207872;1362202624;0;0;0;0;0;0;0;0;0;0;0;1643;0;0;124;0;119;0;
5523;3271956;1194872832;16207872;1362202624;0;0;0;0;0;0;0;0;0;0;0;2124;0;0;124;0;119;0;
5524;3696573;1194872832;16207872;1362202624;0;0;0;0;0;0;0;0;0;0;0;1703;0;0;124;0;119;0;
5525;7000027;1194872832;16207872;1362202624;0;0;0;0;0;0;0;0;0;0;0;2224;0;0;124;0;119;0;
5526;3639526;1194872832;16207872;1362202624;0;0;0;0;0;0;0;0;0;0;0;2044;0;0;124;0;119;0;
5527;3176387;1194872832;16207872;1362202624;0;0;0;0;0;0;0;0;0;0;0;1854;0;0;124;0;119;0;
5528;3813532;1194872832;16207872;1362202624;0;0;0;0;0;0;0;0;0;0;0;2234;0;0;124;0;119;0;
5529;1984963;1194872832;16207872;1362202624;0;0;0;0;0;0;0;0;0;0;0;2084;0;0;124;0;119;0;
5530;3324515;1194872832;16207872;1362202624;0;0;0;0;0;0;0;0;0;0;0;2044;0;0;124;0;119;0;
5531;2372028;1194872832;16207872;1362202624;0;0;0;0;0;0;0;0;0;0;0;1833;0;0;124;0;119;0;
5532;5676104;1194872832;16207872;1362202624;0;0;0;0;0;0;0;0;0;0;0;2284;0;0;124;0;119;0;
5533;3982269;1195409408;16207872;1362202624;0;0;0;0;0;0;0;0;0;0;0;1844;0;0;124;0;119;0;
5534;2696748;1195409408;16207872;1362202624;0;0;0;0;0;0;0;0;0;0;0;1603;0;0;124;0;119;0;
5535;3666076;1195409408;16203776;1362198528;0;0;0;0;0;0;0;0;0;0;0;28694;0;0;124;0;119;0;
5536;2698951;1195409408;16203776;1362198528;0;0;0;0;0;0;0;0;0;0;0;1864;0;0;124;0;119;0;
5537;3142814;1195409408;16203776;1362198528;0;0;0;0;0;0;0;0;0;0;0;1873;0;0;124;0;119;0;
5538;3291313;1195409408;16203776;1362198528;0;0;0;0;0;0;0;0;0;0;0;1894;0;0;124;0;119;0;
5539;6190038;1195409408;16203776;1362198528;0;0;0;0;0;0;0;0;0;0;0;1924;0;0;124;0;119;0;
5540;4060464;1195409408;16203776;1362198528;0;0;0;0;0;0;0;0;0;0;0;1693;0;0;124;0;119;0;
5541;2576713;1195409408;16203776;1362198528;0;0;0;0;0;0;0;0;0;0;0;2345;0;0;124;0;119;0;
5542;3643363;1195409408;16203776;1362198528;0;0;0;0;0;0;0;0;0;0;0;105267;0;0;124;0;119;0;
5543;3629406;1195409408;16203776;1362198528;0;0;0;0;0;0;0;0;0;0;0;1823;0;0;124;0;119;0;
5544;3811608;1195409408;16203776;1362198528;0;0;0;0;0;0;0;0;0;0;0;1993;0;0;124;0;119;0;
5545;3059888;1195409408;16203776;1362198528;0;0;0;0;0;0;0;0;0;0;0;2245;0;0;124;0;119;0;
5546;5688388;1195409408;16203776;1362198528;0;0;0;0;0;0;0;0;0;0;0;2244;0;0;124;0;119;0;
5547;4377940;1195409408;16203776;1362198528;0;0;0;0;0;0;0;0;0;0;0;1854;0;0;124;0;119;0;
5548;2923923;1195409408;16203776;1362198528;0;0;0;0;0;0;0;0;0;0;0;2435;0;0;124;0;119;0;
5549;3905143;1195409408;16203776;1362198528;0;0;0;0;0;0;0;0;0;0;0;134161;0;0;124;0;119;0;
5550;3139718;1195409408;16203776;1362198528;0;0;0;0;0;0;0;0;0;0;0;1964;0;0;124;0;119;0;
5551;3162731;1195409408;16203776;1362198528;0;0;0;0;0;0;0;0;0;0;0;2265;0;0;124;0;119;0;
5552;3736497;1195409408;16203776;1362198528;0;0;0;0;0;0;0;0;0;0;0;2093;0;0;124;0;119;0;
5553;5894724;1199603712;16203776;1378975744;0;0;0;0;0;0;0;0;0;0;0;2635;0;0;124;0;119;0;
5554;3077041;1199603712;16203776;1378975744;0;0;0;0;0;0;0;0;0;0;0;1943;0;0;124;0;119;0;
5555;3683338;1199603712;16203776;1378975744;0;0;0;0;0;0;0;0;0;0;0;1814;0;0;124;0;119;0;
5556;2965381;1199603712;16203776;1378975744;0;0;0;0;0;0;0;0;0;0;0;1973;0;0;124;0;119;0;
5557;4070173;1199603712;16203776;1378975744;0;0;0;0;0;0;0;0;0;0;0;2073;0;0;124;0;119;0;
5558;2843082;1199603712;16203776;1378975744;0;0;0;0;0;0;0;0;0;0;0;1773;0;0;124;0;119;0;
5559;6194878;1199603712;16203776;1378975744;0;0;0;0;0;0;0;0;0;0;0;2204;0;0;124;0;119;0;
5560;3727501;1199603712;16207872;1378979840;0;0;0;0;0;0;0;0;0;0;0;2524;0;0;124;0;119;0;
5561;3397272;1199603712;16207872;1378979840;0;0;0;0;0;0;0;0;0;0;0;3536;0;0;124;0;119;0;
5562;3436093;1199603712;16207872;1378979840;0;0;0;0;0;0;0;0;0;0;0;2205;0;0;124;0;119;0;
5563;2843813;1199603712;16207872;1378979840;0;0;0;0;0;0;0;0;0;0;0;1923;0;0;124;0;119;0;
5564;3575826;1199603712;16207872;1378979840;0;0;0;0;0;0;0;0;0;0;0;69159;0;0;124;0;119;0;
5565;2931428;1199603712;16207872;1378979840;0;0;0;0;0;0;0;0;0;0;0;1753;0;0;124;0;119;0;
5566;5781993;1199603712;16207872;1378979840;0;0;0;0;0;0;0;0;0;0;0;2545;0;0;124;0;119;0;
5567;3632933;1199603712;16207872;1378979840;0;0;0;0;0;0;0;0;0;0;0;2124;0;0;124;0;119;0;
5568;4638409;1199603712;16207872;1378979840;0;0;0;0;0;0;0;0;0;0;0;1943;0;0;124;0;119;0;
5569;3047846;1199603712;16207872;1378979840;0;0;0;0;0;0;0;0;0;0;0;2054;0;0;124;0;119;0;
5570;5957813;1203572736;16207872;1378979840;0;0;0;0;0;0;0;0;0;0;0;25919;0;0;125;0;119;0;
5571;2882085;1203572736;16207872;1378979840;0;0;0;0;0;0;0;0;0;0;0;1744;0;0;125;0;119;0;
5572;6549713;1203572736;16207872;1378979840;0;0;0;0;0;0;0;0;0;0;0;2144;0;0;125;0;119;0;
5573;4202140;1203572736;16207872;1378979840;0;0;0;0;0;0;0;0;0;0;0;2275;0;0;125;0;119;0;
5574;3245747;1203572736;16207872;1378979840;0;0;0;0;0;0;0;0;0;0;0;2204;0;0;125;0;119;0;
5575;4072117;1203572736;16207872;1378979840;0;0;0;0;0;0;0;0;0;0;0;2084;0;0;125;0;119;0;
5576;2474821;1203572736;16207872;1378979840;0;0;0;0;0;0;0;0;0;0;0;1954;0;0;125;0;119;0;
5577;3000256;1203572736;16207872;1378979840;0;0;0;0;0;0;0;0;0;0;0;1383;0;0;125;0;119;0;
5578;2494989;1203572736;16207872;1378979840;0;0;0;0;0;0;0;0;0;0;0;1653;0;0;125;0;119;0;
5579;5647271;1203572736;16207872;1378979840;0;0;0;0;0;0;0;0;0;0;0;1924;0;0;125;0;119;0;
5580;3683358;1203572736;16207872;1378979840;0;0;0;0;0;0;0;0;0;0;0;1973;0;0;125;0;119;0;
5581;2953058;1203572736;16207872;1378979840;0;0;0;0;0;0;0;0;0;0;0;1493;0;0;125;0;119;0;
5582;2569589;1203572736;16207872;1378979840;0;0;0;0;0;0;0;0;0;0;0;1793;0;0;125;0;119;0;
5583;3778627;1203572736;16207872;1378979840;0;0;0;0;0;0;0;0;0;0;0;1723;0;0;125;0;119;0;
5584;3538166;1203572736;16207872;1378979840;0;0;0;0;0;0;0;0;0;0;0;1693;0;0;125;0;119;0;
5585;6344178;1203572736;16207872;1378979840;0;0;0;0;0;0;0;0;0;0;0;2304;0;0;125;0;119;0;
5586;3851873;1203572736;16207872;1378979840;0;0;0;0;0;0;0;0;0;0;0;1673;0;0;125;0;119;0;
5587;3007791;1203572736;16207872;1378979840;0;0;0;0;0;0;0;0;0;0;0;1783;0;0;125;0;119;0;
5588;3379848;1203572736;16207872;1378979840;0;0;0;0;0;0;0;0;0;0;0;1933;0;0;125;0;119;0;
5589;2361939;1203572736;16207872;1378979840;0;0;0;0;0;0;0;0;0;0;0;1754;0;0;125;0;119;0;
5590;2569649;1203572736;16207872;1378979840;0;0;0;0;0;0;0;0;0;0;0;1472;0;0;125;0;119;0;
5591;2949161;1203572736;16207872;1378979840;0;0;0;0;0;0;0;0;0;0;0;1443;0;0;125;0;119;0;
5592;6267074;1203572736;16207872;1378979840;0;0;0;0;0;0;0;0;0;0;0;2054;0;0;125;0;119;0;
5593;4129244;1203572736;16207872;1378979840;0;0;0;0;0;0;0;0;0;0;0;1874;0;0;125;0;119;0;
5594;2956956;1203572736;16207872;1378979840;0;0;0;0;0;0;0;0;0;0;0;1593;0;0;125;0;119;0;
5595;2385173;1203572736;16207872;1378979840;0;0;0;0;0;0;0;0;0;0;0;1944;0;0;125;0;119;0;
5596;2862098;1203572736;16207872;1378979840;0;0;0;0;0;0;0;0;0;0;0;1873;0;0;125;0;119;0;
5597;2992112;1203572736;16207872;1378979840;0;0;0;0;0;0;0;0;0;0;0;1783;0;0;125;0;119;0;
5598;2796244;1203572736;16207872;1378979840;0;0;0;0;0;0;0;0;0;0;0;1563;0;0;125;0;119;0;
5599;6697550;1203572736;16207872;1378979840;0;0;0;0;0;0;0;0;0;0;0;2014;0;0;125;0;119;0;
5600;3567000;1203572736;16207872;1378979840;0;0;0;0;0;0;0;0;0;0;0;1643;0;0;125;0;119;0;
5601;2734028;1203572736;16207872;1378979840;0;0;0;0;0;0;0;0;0;0;0;1713;0;0;125;0;119;0;
5602;3098622;1203806208;16203776;1378975744;0;0;0;0;0;0;0;0;0;0;0;1613;0;0;125;0;119;0;
5603;2882015;1203806208;16203776;1378975744;0;0;0;0;0;0;0;0;0;0;0;1513;0;0;125;0;119;0;
5604;2854393;1203806208;16203776;1378975744;0;0;0;0;0;0;0;0;0;0;0;1683;0;0;125;0;119;0;
5605;2168757;1203806208;16203776;1378975744;0;0;0;0;0;0;0;0;0;0;0;1543;0;0;125;0;119;0;
5606;6627860;1203806208;16203776;1378975744;0;0;0;0;0;0;0;0;0;0;0;1963;0;0;125;0;119;0;
5607;3720317;1203806208;16203776;1378975744;0;0;0;0;0;0;0;0;0;0;0;1663;0;0;125;0;119;0;
5608;2706215;1203806208;16203776;1378975744;0;0;0;0;0;0;0;0;0;0;0;1513;0;0;125;0;119;0;
5609;3376873;1203806208;16203776;1378975744;0;0;0;0;0;0;0;0;0;0;0;1753;0;0;125;0;119;0;
5610;2742133;1203806208;16203776;1378975744;0;0;0;0;0;0;0;0;0;0;0;1543;0;0;125;0;119;0;
5611;2859793;1203806208;16203776;1378975744;0;0;0;0;0;0;0;0;0;0;0;1853;0;0;125;0;119;0;
5612;2819387;1203806208;16203776;1378975744;0;0;0;0;0;0;0;0;0;0;0;1713;0;0;125;0;119;0;
5613;7356606;1203806208;16203776;1378975744;0;0;0;0;0;0;0;0;0;0;0;2174;0;0;125;0;119;0;
5614;4568237;1203806208;16203776;1378975744;0;0;0;0;0;0;0;0;0;0;0;1513;0;0;125;0;119;0;
5615;2858451;1203806208;16203776;1378975744;0;0;0;0;0;0;0;0;0;0;0;1824;0;0;125;0;119;0;
5616;2487926;1203806208;16203776;1378975744;0;0;0;0;0;0;0;0;0;0;0;2063;0;0;125;0;119;0;
5617;3026356;1203806208;16203776;1378975744;0;0;0;0;0;0;0;0;0;0;0;1704;0;0;125;0;119;0;
5618;2838363;1203806208;16203776;1378975744;0;0;0;0;0;0;0;0;0;0;0;2415;0;0;125;0;119;0;
5619;2956114;1203806208;16203776;1378975744;0;0;0;0;0;0;0;0;0;0;0;1603;0;0;125;0;119;0;
5620;5452445;1203806208;16203776;1378975744;0;0;0;0;0;0;0;0;0;0;0;2034;0;0;125;0;119;0;
5621;3736637;1203806208;16203776;1378975744;0;0;0;0;0;0;0;0;0;0;0;1753;0;0;125;0;119;0;
5622;2587793;1203806208;16203776;1378975744;0;0;0;0;0;0;0;0;0;0;0;2134;0;0;125;0;119;0;
5623;3006418;1203806208;16203776;1378975744;0;0;0;0;0;0;0;0;0;0;0;1763;0;0;125;0;119;0;
5624;2408166;1203806208;16203776;1378975744;0;0;0;0;0;0;0;0;0;0;0;1693;0;0;125;0;119;0;
5625;3096447;1203806208;16203776;1378975744;0;0;0;0;0;0;0;0;0;0;0;2104;0;0;125;0;119;0;
5626;2700724;1203806208;16203776;1378975744;0;0;0;0;0;0;0;0;0;0;0;1403;0;0;125;0;119;0;
5627;6169550;1203806208;16203776;1378975744;0;0;0;0;0;0;0;0;0;0;0;2495;0;0;125;0;119;0;
5628;4798760;1203806208;16203776;1378975744;0;0;0;0;0;0;0;0;0;0;0;2354;0;0;125;0;119;0;
5629;2433284;1203806208;16203776;1378975744;0;0;0;0;0;0;0;0;0;0;0;1944;0;0;125;0;119;0;
5630;2704261;1203806208;16203776;1378975744;0;0;0;0;0;0;0;0;0;0;0;1974;0;0;125;0;119;0;
5631;3400958;1203806208;16203776;1378975744;0;0;0;0;0;0;0;0;0;0;0;2154;0;0;125;0;119;0;
5632;4104548;1203806208;16203776;1378975744;0;0;0;0;0;0;0;0;0;0;0;2515;0;0;125;0;119;0;
5633;3734373;1203806208;16203776;1378975744;0;0;0;0;0;0;0;0;0;0;0;2224;0;0;125;0;119;0;
5634;5528007;1203806208;16203776;1378975744;0;0;0;0;0;0;0;0;0;0;0;1853;0;0;125;0;119;0;
5635;3281153;1203806208;16203776;1378975744;0;0;0;0;0;0;0;0;0;0;0;1553;0;0;125;0;119;0;
5636;3167350;1203806208;16203776;1378975744;0;0;0;0;0;0;0;0;0;0;0;1894;0;0;125;0;119;0;
5637;2736281;1203806208;16203776;1378975744;0;0;0;0;0;0;0;0;0;0;0;2064;0;0;125;0;119;0;
5638;2400452;1203806208;16203776;1378975744;0;0;0;0;0;0;0;0;0;0;0;1663;0;0;125;0;119;0;
5639;4284805;1203806208;16203776;1378975744;0;0;0;0;0;0;0;0;0;0;0;1734;0;0;125;0;119;0;
5640;2042621;1203806208;16203776;1378975744;0;0;0;0;0;0;0;0;0;0;0;1603;0;0;125;0;119;0;
5641;6379003;1203806208;16203776;1378975744;0;0;0;0;0;0;0;0;0;0;0;2435;0;0;125;0;119;0;
5642;4675558;1203806208;16203776;1378975744;0;0;0;0;0;0;0;0;0;0;0;2254;0;0;125;0;119;0;
5643;3500134;1203806208;16203776;1378975744;0;0;0;0;0;0;0;0;0;0;0;2395;0;0;125;0;119;0;
5644;4376096;1203806208;16203776;1378975744;0;0;0;0;0;0;0;0;0;0;0;2454;0;0;125;0;119;0;
5645;2904407;1203806208;16203776;1378975744;0;0;0;0;0;0;0;0;0;0;0;1573;0;0;125;0;119;0;
5646;3782523;1203806208;16203776;1378975744;0;0;0;0;0;0;0;0;0;0;0;1583;0;0;125;0;119;0;
5647;2114124;1203806208;16203776;1378975744;0;0;0;0;0;0;0;0;0;0;0;2325;0;0;125;0;119;0;
5648;6769305;1203806208;16203776;1378975744;0;0;0;0;0;0;0;0;0;0;0;2284;0;0;125;0;119;0;
5649;3438819;1203806208;16203776;1378975744;0;0;0;0;0;0;0;0;0;0;0;147367;0;0;125;0;119;0;
5650;3131132;1203806208;16203776;1378975744;0;0;0;0;0;0;0;0;0;0;0;2194;0;0;125;0;119;0;
5651;3166909;1203806208;16203776;1378975744;0;0;0;0;0;0;0;0;0;0;0;1653;0;0;125;0;119;0;
5652;2683282;1203806208;16203776;1378975744;0;0;0;0;0;0;0;0;0;0;0;1934;0;0;125;0;119;0;
5653;3589622;1203806208;16203776;1378975744;0;0;0;0;0;0;0;0;0;0;0;1493;0;0;125;0;119;0;
5654;2594395;1203806208;16203776;1378975744;0;0;0;0;0;0;0;0;0;0;0;1633;0;0;125;0;119;0;
5655;6156105;1203806208;16203776;1378975744;0;0;0;0;0;0;0;0;0;0;0;2063;0;0;125;0;119;0;
5656;2916008;1203806208;16203776;1378975744;0;0;0;0;0;0;0;0;0;0;0;1262;0;0;125;0;119;0;
5657;2678433;1203806208;16203776;1378975744;0;0;0;0;0;0;0;0;0;0;0;1673;0;0;125;0;119;0;
5658;3528908;1203806208;16203776;1378975744;0;0;0;0;0;0;0;0;0;0;0;2415;0;0;125;0;119;0;
5659;2199655;1203806208;16203776;1378975744;0;0;0;0;0;0;0;0;0;0;0;1523;0;0;125;0;119;0;
5660;3775241;1203806208;16203776;1378975744;0;0;0;0;0;0;0;0;0;0;0;1643;0;0;125;0;119;0;
5661;2335309;1203806208;16203776;1378975744;0;0;0;0;0;0;0;0;0;0;0;1603;0;0;125;0;119;0;
5662;5931434;1203806208;16203776;1378975744;0;0;0;0;0;0;0;0;0;0;0;2194;0;0;125;0;119;0;
5663;2960321;1203806208;16203776;1378975744;0;0;0;0;0;0;0;0;0;0;0;1313;0;0;125;0;119;0;
5664;1879756;1203806208;16203776;1378975744;0;0;0;0;0;0;0;0;0;0;0;1643;0;0;125;0;119;0;
5665;3068354;1203806208;16203776;1378975744;0;0;0;0;0;0;0;0;0;0;0;1823;0;0;125;0;119;0;
5666;3015155;1203806208;16203776;1378975744;0;0;0;0;0;0;0;0;0;0;0;1533;0;0;125;0;119;0;
5667;2730912;1203806208;16203776;1378975744;0;0;0;0;0;0;0;0;0;0;0;1844;0;0;125;0;119;0;
5668;3096256;1203806208;16203776;1378975744;0;0;0;0;0;0;0;0;0;0;0;1273;0;0;125;0;119;0;
5669;6022654;1203806208;16203776;1378975744;0;0;0;0;0;0;0;0;0;0;0;1523;0;0;125;0;119;0;
5670;2837742;1203806208;16203776;1378975744;0;0;0;0;0;0;0;0;0;0;0;1553;0;0;125;0;119;0;
5671;2298530;1203806208;16203776;1378975744;0;0;0;0;0;0;0;0;0;0;0;1613;0;0;125;0;119;0;
5672;2798468;1203806208;16203776;1378975744;0;0;0;0;0;0;0;0;0;0;0;2504;0;0;125;0;120;0;
5673;2672482;1203806208;16203776;1378975744;0;0;0;0;0;0;0;0;0;0;0;24085;0;0;125;0;120;0;
5674;2580700;1203806208;16203776;1378975744;0;0;0;0;0;0;0;0;0;0;0;1763;0;0;125;0;120;0;
5675;2067127;1203806208;16203776;1378975744;0;0;0;0;0;0;0;0;0;0;0;1503;0;0;125;0;120;0;
5676;6582264;1203806208;16203776;1378975744;0;0;0;0;0;0;0;0;0;0;0;1663;0;0;125;0;120;0;
5677;2890500;1203806208;16203776;1378975744;0;0;0;0;0;0;0;0;0;0;0;1613;0;0;125;0;120;0;
5678;2211036;1203806208;16203776;1378975744;0;0;0;0;0;0;0;0;0;0;0;1403;0;0;125;0;120;0;
5679;2426891;1203806208;16203776;1378975744;0;0;0;0;0;0;0;0;0;0;0;1613;0;0;125;0;120;0;
5680;2966634;1203806208;16203776;1378975744;0;0;0;0;0;0;0;0;0;0;0;1563;0;0;125;0;120;0;
5681;2659217;1203806208;16203776;1378975744;0;0;0;0;0;0;0;0;0;0;0;1583;0;0;125;0;120;0;
5682;5960549;1203806208;16203776;1378975744;0;0;0;0;0;0;0;0;0;0;0;2094;0;0;125;0;120;0;
5683;2654508;1203806208;16207872;1378979840;0;0;0;0;0;0;0;0;0;0;0;1413;0;0;125;0;120;0;
5684;1626570;1203806208;16207872;1378979840;0;0;0;0;0;0;0;0;0;0;0;1503;0;0;125;0;120;0;
5685;3038508;1203806208;16207872;1378979840;0;0;0;0;0;0;0;0;0;0;0;64290;0;0;125;0;120;0;
5686;2352011;1203806208;16207872;1378979840;0;0;0;0;0;0;0;0;0;0;0;1613;0;0;125;0;120;0;
5687;2792938;1203806208;16207872;1378979840;0;0;0;0;0;0;0;0;0;0;0;1834;0;0;125;0;120;0;
5688;2825789;1203806208;16207872;1378979840;0;0;0;0;0;0;0;0;0;0;0;1583;0;0;125;0;120;0;
5689;6531428;1203806208;16207872;1378979840;0;0;0;0;0;0;0;0;0;0;0;2004;0;0;125;0;120;0;
5690;2972866;1203806208;16207872;1378979840;0;0;0;0;0;0;0;0;0;0;0;1663;0;0;125;0;120;0;
5691;2332955;1203806208;16207872;1378979840;0;0;0;0;0;0;0;0;0;0;0;1513;0;0;125;0;120;0;
5692;2393268;1203806208;16207872;1378979840;0;0;0;0;0;0;0;0;0;0;0;1483;0;0;125;0;120;0;
5693;1872922;1203806208;16207872;1378979840;0;0;0;0;0;0;0;0;0;0;0;1513;0;0;125;0;120;0;
5694;3112277;1203806208;16207872;1378979840;0;0;0;0;0;0;0;0;0;0;0;1803;0;0;125;0;120;0;
5695;2674245;1203806208;16207872;1378979840;0;0;0;0;0;0;0;0;0;0;0;1453;0;0;125;0;120;0;
5696;5326088;1203806208;16207872;1378979840;0;0;0;0;0;0;0;0;0;0;0;1844;0;0;125;0;120;0;
5697;2665499;1203806208;16207872;1378979840;0;0;0;0;0;0;0;0;0;0;0;1523;0;0;125;0;120;0;
5698;2783670;1203822592;16203776;1378975744;0;0;0;0;0;0;0;0;0;0;0;1433;0;0;125;0;120;0;
5699;2826050;1203822592;16203776;1378975744;0;0;0;0;0;0;0;0;0;0;0;1593;0;0;125;0;120;0;
5700;3019723;1203822592;16203776;1378975744;0;0;0;0;0;0;0;0;0;0;0;1703;0;0;125;0;120;0;
5701;2163297;1203822592;16203776;1378975744;0;0;0;0;0;0;0;0;0;0;0;1303;0;0;125;0;120;0;
5702;5950009;1203822592;16203776;1378975744;0;0;0;0;0;0;0;0;0;0;0;2765;0;0;125;0;120;0;
5703;4256342;1203822592;16207872;1378979840;0;0;0;0;0;0;0;0;0;0;0;1813;0;0;125;0;120;0;
5704;3189481;1203822592;16207872;1378979840;0;0;0;0;0;0;0;0;0;0;0;3045;0;0;125;0;121;0;
5705;3366002;1203822592;16207872;1378979840;0;0;0;0;0;0;0;0;0;0;0;2174;0;0;125;0;121;0;
5706;2019447;1203822592;16207872;1378979840;0;0;0;0;0;0;0;0;0;0;0;1493;0;0;125;0;121;0;
5707;2557136;1203822592;16207872;1378979840;0;0;0;0;0;0;0;0;0;0;0;1593;0;0;125;0;121;0;
5708;2804570;1203822592;16207872;1378979840;0;0;0;0;0;0;0;0;0;0;0;1503;0;0;125;0;121;0;
5709;5995373;1203822592;16207872;1378979840;0;0;0;0;0;0;0;0;0;0;0;1803;0;0;125;0;121;0;
5710;3211272;1203822592;16207872;1378979840;0;0;0;0;0;0;0;0;0;0;0;1823;0;0;125;0;121;0;
5711;2960783;1203822592;16207872;1378979840;0;0;0;0;0;0;0;0;0;0;0;1583;0;0;125;0;121;0;
5712;2292169;1203822592;16207872;1378979840;0;0;0;0;0;0;0;0;0;0;0;2315;0;0;125;0;121;0;
5713;2989686;1203822592;16207872;1378979840;0;0;0;0;0;0;0;0;0;0;0;1653;0;0;125;0;121;0;
5714;2780775;1203822592;16207872;1378979840;0;0;0;0;0;0;0;0;0;0;0;1944;0;0;125;0;121;0;
5715;5098912;1203822592;16207872;1378979840;0;0;0;0;0;0;0;0;0;0;0;1673;0;0;125;0;121;0;
5716;3075518;1203822592;16207872;1378979840;0;0;0;0;0;0;0;0;0;0;0;1453;0;0;125;0;121;0;
5717;2308850;1203822592;16207872;1378979840;0;0;0;0;0;0;0;0;0;0;0;1533;0;0;125;0;121;0;
5718;2779814;1203822592;16207872;1378979840;0;0;0;0;0;0;0;0;0;0;0;1593;0;0;125;0;121;0;
5719;1996814;1203822592;16207872;1378979840;0;0;0;0;0;0;0;0;0;0;0;1483;0;0;125;0;121;0;
5720;2609874;1203822592;16207872;1378979840;0;0;0;0;0;0;0;0;0;0;0;1563;0;0;125;0;121;0;
5721;2942989;1203822592;16207872;1378979840;0;0;0;0;0;0;0;0;0;0;0;1503;0;0;125;0;121;0;
5722;5042076;1203822592;16207872;1378979840;0;0;0;0;0;0;0;0;0;0;0;1493;0;0;125;0;121;0;
5723;3035603;1203822592;16207872;1378979840;0;0;0;0;0;0;0;0;0;0;0;1523;0;0;125;0;121;0;
5724;2415921;1203822592;16207872;1378979840;0;0;0;0;0;0;0;0;0;0;0;1513;0;0;125;0;121;0;
5725;2728287;1203822592;16207872;1378979840;0;0;0;0;0;0;0;0;0;0;0;1533;0;0;125;0;121;0;
5726;2289463;1203822592;16207872;1378979840;0;0;0;0;0;0;0;0;0;0;0;1473;0;0;125;0;121;0;
5727;2836920;1203822592;16207872;1378979840;0;0;0;0;0;0;0;0;0;0;0;1623;0;0;125;0;121;0;
5728;1975896;1203822592;16207872;1378979840;0;0;0;0;0;0;0;0;0;0;0;1483;0;0;125;0;121;0;
5729;5494234;1203822592;16207872;1378979840;0;0;0;0;0;0;0;0;0;0;0;1613;0;0;125;0;121;0;
5730;2427041;1203822592;16207872;1378979840;0;0;0;0;0;0;0;0;0;0;0;1623;0;0;125;0;121;0;
5731;2472647;1203822592;16207872;1378979840;0;0;0;0;0;0;0;0;0;0;0;2344;0;0;125;0;121;0;
5732;2710413;1203826688;16203776;1378975744;0;0;0;0;0;0;0;0;0;0;0;2204;0;0;125;0;121;0;
5733;1985855;1203826688;16203776;1378975744;0;0;0;0;0;0;0;0;0;0;0;1693;0;0;125;0;121;0;
5734;2657193;1203826688;16203776;1378975744;0;0;0;0;0;0;0;0;0;0;0;1673;0;0;125;0;121;0;
5735;1198849;1203826688;16203776;1378975744;0;0;0;0;0;0;0;0;0;0;0;1403;0;0;125;0;121;0;
5736;5181527;1203826688;16203776;1378975744;0;0;0;0;0;0;0;0;0;0;0;2024;0;0;125;0;121;0;
5737;3023741;1203826688;16203776;1378975744;0;0;0;0;0;0;0;0;0;0;0;1583;0;0;125;0;121;0;
5738;2567535;1203826688;16203776;1378975744;0;0;0;0;0;0;0;0;0;0;0;1734;0;0;125;0;121;0;
5739;2725892;1203826688;16203776;1378975744;0;0;0;0;0;0;0;0;0;0;0;1734;0;0;125;0;121;0;
5740;2751930;1203826688;16203776;1378975744;0;0;0;0;0;0;0;0;0;0;0;1754;0;0;125;0;121;0;
5741;2562817;1203826688;16203776;1378975744;0;0;0;0;0;0;0;0;0;0;0;1503;0;0;125;0;121;0;
5742;5886710;1203826688;16203776;1378975744;0;0;0;0;0;0;0;0;0;0;0;1694;0;0;125;0;121;0;
5743;3180534;1203826688;16207872;1378979840;0;0;0;0;0;0;0;0;0;0;0;1713;0;0;125;0;121;0;
5744;2874691;1203826688;16207872;1378979840;0;0;0;0;0;0;0;0;0;0;0;1502;0;0;125;0;121;0;
5745;3014253;1203826688;16207872;1378979840;0;0;0;0;0;0;0;0;0;0;0;1743;0;0;125;0;121;0;
5746;3116174;1203826688;16207872;1378979840;0;0;0;0;0;0;0;0;0;0;0;1934;0;0;125;0;121;0;
5747;2553478;1203826688;16207872;1378979840;0;0;0;0;0;0;0;0;0;0;0;1793;0;0;125;0;121;0;
5748;5774269;1203826688;16207872;1378979840;0;0;0;0;0;0;0;0;0;0;0;2134;0;0;125;0;121;0;
5749;3508530;1203826688;16207872;1378979840;0;0;0;0;0;0;0;0;0;0;0;1864;0;0;125;0;121;0;
5750;2307277;1203826688;16207872;1378979840;0;0;0;0;0;0;0;0;0;0;0;1873;0;0;125;0;121;0;
5751;2889259;1203826688;16207872;1378979840;0;0;0;0;0;0;0;0;0;0;0;1723;0;0;125;0;121;0;
5752;2756058;1203826688;16207872;1378979840;0;0;0;0;0;0;0;0;0;0;0;1623;0;0;125;0;121;0;
5753;4013397;1203826688;16207872;1378979840;0;0;0;0;0;0;0;0;0;0;0;1813;0;0;125;0;121;0;
5754;2352713;1203826688;16207872;1378979840;0;0;0;0;0;0;0;0;0;0;0;2525;0;0;125;0;122;0;
5755;5732931;1203826688;16207872;1378979840;0;0;0;0;0;0;0;0;0;0;0;1783;0;0;125;0;122;0;
5756;3821267;1203826688;16207872;1378979840;0;0;0;0;0;0;0;0;0;0;0;1583;0;0;125;0;122;0;
5757;2924094;1203826688;16207872;1378979840;0;0;0;0;0;0;0;0;0;0;0;1463;0;0;125;0;122;0;
5758;2521018;1203826688;16207872;1378979840;0;0;0;0;0;0;0;0;0;0;0;1663;0;0;125;0;122;0;
5759;2904708;1203826688;16207872;1378979840;0;0;0;0;0;0;0;0;0;0;0;1734;0;0;125;0;122;0;
5760;2362681;1203826688;16207872;1378979840;0;0;0;0;0;0;0;0;0;0;0;1654;0;0;125;0;122;0;
5761;5540761;1203826688;16207872;1378979840;0;0;0;0;0;0;0;0;0;0;0;1803;0;0;125;0;122;0;
5762;3381852;1203826688;16207872;1378979840;0;0;0;0;0;0;0;0;0;0;0;1442;0;0;125;0;122;0;
5763;2690125;1203826688;16207872;1378979840;0;0;0;0;0;0;0;0;0;0;0;1483;0;0;125;0;122;0;
5764;2393067;1203826688;16207872;1378979840;0;0;0;0;0;0;0;0;0;0;0;1593;0;0;125;0;122;0;
5765;2474461;1203826688;16207872;1378979840;0;0;0;0;0;0;0;0;0;0;0;1673;0;0;125;0;122;0;
5766;2013246;1203826688;16207872;1378979840;0;0;0;0;0;0;0;0;0;0;0;1283;0;0;125;0;122;0;
5767;5660055;1203826688;16207872;1378979840;0;0;0;0;0;0;0;0;0;0;0;1824;0;0;125;0;122;0;
5768;2751971;1203826688;16207872;1378979840;0;0;0;0;0;0;0;0;0;0;0;1763;0;0;125;0;122;0;
5769;3247570;1203826688;16207872;1378979840;0;0;0;0;0;0;0;0;0;0;0;1643;0;0;125;0;122;0;
5770;1979663;1203826688;16207872;1378979840;0;0;0;0;0;0;0;0;0;0;0;1623;0;0;125;0;122;0;
5771;3009835;1203826688;16207872;1378979840;0;0;0;0;0;0;0;0;0;0;0;1633;0;0;125;0;122;0;
5772;2887164;1203826688;16207872;1378979840;0;0;0;0;0;0;0;0;0;0;0;1613;0;0;125;0;122;0;
5773;5844240;1203826688;16207872;1378979840;0;0;0;0;0;0;0;0;0;0;0;1813;0;0;125;0;122;0;
5774;2463279;1203826688;16207872;1378979840;0;0;0;0;0;0;0;0;0;0;0;1543;0;0;125;0;122;0;
5775;2432211;1203826688;16207872;1378979840;0;0;0;0;0;0;0;0;0;0;0;1232;0;0;125;0;122;0;
5776;2425759;1203826688;16207872;1378979840;0;0;0;0;0;0;0;0;0;0;0;1633;0;0;125;0;122;0;
5777;1662658;1203826688;16207872;1378979840;0;0;0;0;0;0;0;0;0;0;0;1382;0;0;125;0;122;0;
5778;2695144;1203826688;16207872;1378979840;0;0;0;0;0;0;0;0;0;0;0;23634;0;0;125;0;122;0;
5779;2297248;1203826688;16207872;1378979840;0;0;0;0;0;0;0;0;0;0;0;1493;0;0;125;0;122;0;
5780;5234507;1203826688;16207872;1378979840;0;0;0;0;0;0;0;0;0;0;0;1894;0;0;125;0;122;0;
5781;2723267;1203826688;16207872;1378979840;0;0;0;0;0;0;0;0;0;0;0;1522;0;0;125;0;122;0;
5782;2441448;1203826688;16207872;1378979840;0;0;0;0;0;0;0;0;0;0;0;1483;0;0;125;0;122;0;
5783;2660108;1203826688;16207872;1378979840;0;0;0;0;0;0;0;0;0;0;0;1473;0;0;125;0;122;0;
5784;1682786;1203826688;16207872;1378979840;0;0;0;0;0;0;0;0;0;0;0;1513;0;0;125;0;122;0;
5785;3416287;1203826688;16207872;1378979840;0;0;0;0;0;0;0;0;0;0;0;1673;0;0;125;0;122;0;
5786;2025568;1203826688;16207872;1378979840;0;0;0;0;0;0;0;0;0;0;0;1473;0;0;125;0;122;0;
5787;6096874;1203826688;16207872;1378979840;0;0;0;0;0;0;0;0;0;0;0;2084;0;0;125;0;122;0;
5788;2729479;1203826688;16207872;1378979840;0;0;0;0;0;0;0;0;0;0;0;1793;0;0;125;0;122;0;
5789;1998177;1203826688;16207872;1378979840;0;0;0;0;0;0;0;0;0;0;0;1483;0;0;125;0;122;0;
5790;2587713;1203830784;16203776;1378975744;0;0;0;0;0;0;0;0;0;0;0;1984;0;0;125;0;122;0;
5791;2461125;1203830784;16203776;1378975744;0;0;0;0;0;0;0;0;0;0;0;1754;0;0;125;0;122;0;
5792;2386796;1203830784;16203776;1378975744;0;0;0;0;0;0;0;0;0;0;0;1503;0;0;125;0;122;0;
5793;3022909;1203830784;16203776;1378975744;0;0;0;0;0;0;0;0;0;0;0;1463;0;0;125;0;122;0;
5794;5783346;1203830784;16203776;1378975744;0;0;0;0;0;0;0;0;0;0;0;2234;0;0;125;0;122;0;
5795;3224367;1203830784;16203776;1378975744;0;0;0;0;0;0;0;0;0;0;0;1643;0;0;125;0;122;0;
5796;2057939;1203830784;16203776;1378975744;0;0;0;0;0;0;0;0;0;0;0;1673;0;0;125;0;122;0;
5797;2633198;1203830784;16203776;1378975744;0;0;0;0;0;0;0;0;0;0;0;1643;0;0;125;0;122;0;
5798;2934514;1203830784;16203776;1378975744;0;0;0;0;0;0;0;0;0;0;0;1513;0;0;125;0;122;0;
5799;2959249;1204097024;16203776;1378975744;0;0;0;0;0;0;0;0;0;0;0;1964;0;0;125;0;122;0;
5800;2892795;1204097024;16203776;1378975744;0;0;0;0;0;0;0;0;0;0;0;1763;0;0;125;0;122;0;
5801;9387866;1204097024;16203776;1378975744;0;0;0;0;0;0;0;0;0;0;0;3647;0;0;125;0;122;0;
5802;4723569;1204097024;16203776;1378975744;0;0;0;0;0;0;0;0;0;0;0;2996;0;0;125;0;122;0;
5803;3950759;1204097024;16203776;1378975744;0;0;0;0;0;0;0;0;0;0;0;3517;0;0;125;0;122;0;
5804;3957001;1204097024;16203776;1378975744;0;0;0;0;0;0;0;0;0;0;0;2905;0;0;125;0;122;0;
5805;3383375;1204097024;16203776;1378975744;0;0;0;0;0;0;0;0;0;0;0;2965;0;0;125;0;122;0;
5806;3429051;1204097024;16203776;1378975744;0;0;0;0;0;0;0;0;0;0;0;3277;0;0;125;0;122;0;
5807;3362286;1204097024;16203776;1378975744;0;0;0;0;0;0;0;0;0;0;0;3426;0;0;125;0;122;0;
5808;7437518;1204097024;16203776;1378975744;0;0;0;0;0;0;0;0;0;0;0;3016;0;0;125;0;122;0;
5809;4280367;1204097024;16203776;1378975744;0;0;0;0;0;0;0;0;0;0;0;3317;0;0;125;0;122;0;
5810;4007746;1204097024;16203776;1378975744;0;0;0;0;0;0;0;0;0;0;0;4388;0;0;125;0;122;0;
5811;3272107;1204097024;16203776;1378975744;0;0;0;0;0;0;0;0;0;0;0;2544;0;0;125;0;122;0;
5812;3780029;1204097024;16203776;1378975744;0;0;0;0;0;0;0;0;0;0;0;2775;0;0;125;0;122;0;
5813;3754261;1204097024;16203776;1378975744;0;0;0;0;0;0;0;0;0;0;0;2846;0;0;125;0;122;0;
5814;2767120;1204097024;16203776;1378975744;0;0;0;0;0;0;0;0;0;0;0;2354;0;0;125;0;122;0;
5815;5839641;1204097024;16203776;1378975744;0;0;0;0;0;0;0;0;0;0;0;2514;0;0;125;0;122;0;
5816;4170321;1204097024;16203776;1378975744;0;0;0;0;0;0;0;0;0;0;0;3888;0;0;125;0;122;0;
5817;3467293;1204097024;16203776;1378975744;0;0;0;0;0;0;0;0;0;0;0;3647;0;0;125;0;122;0;
5818;4046128;1204097024;16203776;1378975744;0;0;0;0;0;0;0;0;0;0;0;3105;0;0;125;0;122;0;
5819;3243183;1204097024;16203776;1378975744;0;0;0;0;0;0;0;0;0;0;0;2876;0;0;125;0;122;0;
5820;3668380;1204097024;16203776;1378975744;0;0;0;0;0;0;0;0;0;0;0;2084;0;0;125;0;122;0;
5821;2637156;1204097024;16203776;1378975744;0;0;0;0;0;0;0;0;0;0;0;1994;0;0;125;0;122;0;
5822;6601170;1204097024;16203776;1378975744;0;0;0;0;0;0;0;0;0;0;0;2645;0;0;125;0;122;0;
5823;5086580;1204097024;16203776;1378975744;0;0;0;0;0;0;0;0;0;0;0;3868;0;0;125;0;122;0;
5824;3053636;1204097024;16203776;1378975744;0;0;0;0;0;0;0;0;0;0;0;3337;0;0;125;0;122;0;
5825;3394506;1204097024;16203776;1378975744;0;0;0;0;0;0;0;0;0;0;0;3166;0;0;125;0;122;0;
5826;2475672;1204097024;16203776;1378975744;0;0;0;0;0;0;0;0;0;0;0;2194;0;0;125;0;122;0;
5827;3778847;1204097024;16203776;1378975744;0;0;0;0;0;0;0;0;0;0;0;3757;0;0;125;0;122;0;
5828;7676306;1204097024;16203776;1378975744;0;0;0;0;0;0;0;0;0;0;0;3246;0;0;125;0;122;0;
5829;9203359;1204097024;16203776;1378975744;0;0;0;0;0;0;0;0;0;0;0;3797;0;0;125;0;122;0;
5830;6685639;1204097024;16203776;1378975744;0;0;0;0;0;0;0;0;0;0;0;3798;0;0;125;0;122;0;
5831;4349848;1204097024;16203776;1378975744;0;0;0;0;0;0;0;0;0;0;0;3246;0;0;125;0;122;0;
5832;3650056;1204097024;16203776;1378975744;0;0;0;0;0;0;0;0;0;0;0;2795;0;0;125;0;122;0;
5833;3897309;1204097024;16203776;1378975744;0;0;0;0;0;0;0;0;0;0;0;2495;0;0;125;0;122;0;
5834;5341527;1204097024;16203776;1378975744;0;0;0;0;0;0;0;0;0;0;0;2806;0;0;125;0;122;0;
5835;4611939;1204097024;16203776;1378975744;0;0;0;0;0;0;0;0;0;0;0;2976;0;0;125;0;122;0;
5836;8844336;1204097024;16203776;1378975744;0;0;0;0;0;0;0;0;0;0;0;2985;0;0;125;0;122;0;
5837;4708761;1204097024;16203776;1378975744;0;0;0;0;0;0;0;0;0;0;0;3016;0;0;125;0;122;0;
5838;2865834;1204097024;16203776;1378975744;0;0;0;0;0;0;0;0;0;0;0;2394;0;0;125;0;122;0;
5839;5052075;1204097024;16203776;1378975744;0;0;0;0;0;0;0;0;0;0;0;2996;0;0;125;0;122;0;
5840;2285817;1204097024;16203776;1378975744;0;0;0;0;0;0;0;0;0;0;0;2395;0;0;125;0;122;0;
5841;4041038;1204097024;16203776;1378975744;0;0;0;0;0;0;0;0;0;0;0;3106;0;0;125;0;122;0;
5842;3462644;1204097024;16203776;1378975744;0;0;0;0;0;0;0;0;0;0;0;3296;0;0;125;0;122;0;
5843;7761886;1204097024;16203776;1378975744;0;0;0;0;0;0;0;0;0;0;0;3336;0;0;125;0;122;0;
5844;5079245;1204097024;16203776;1378975744;0;0;0;0;0;0;0;0;0;0;0;3286;0;0;125;0;122;0;
5845;3224608;1204097024;16203776;1378975744;0;0;0;0;0;0;0;0;0;0;0;3015;0;0;125;0;122;0;
5846;4856578;1204097024;16203776;1378975744;0;0;0;0;0;0;0;0;0;0;0;2826;0;0;125;0;122;0;
5847;3713074;1204097024;16203776;1378975744;0;0;0;0;0;0;0;0;0;0;0;3005;0;0;125;0;122;0;
5848;5176908;1204097024;16203776;1378975744;0;0;0;0;0;0;0;0;0;0;0;2935;0;0;125;0;122;0;
5849;1874105;1204097024;16203776;1378975744;0;0;0;0;0;0;0;0;0;0;0;1933;0;0;125;0;122;0;
5850;5642072;1204097024;16203776;1378975744;0;0;0;0;0;0;0;0;0;0;0;2485;0;0;125;0;122;0;
5851;3716680;1204097024;16203776;1378975744;0;0;0;0;0;0;0;0;0;0;0;2746;0;0;125;0;122;0;
5852;3534559;1204097024;16203776;1378975744;0;0;0;0;0;0;0;0;0;0;0;2064;0;0;125;0;122;0;
5853;3947012;1204097024;16203776;1378975744;0;0;0;0;0;0;0;0;0;0;0;3256;0;0;125;0;122;0;
5854;4928272;1204097024;16203776;1378975744;0;0;0;0;0;0;0;0;0;0;0;3296;0;0;125;0;122;0;
5855;3933306;1204097024;16203776;1378975744;0;0;0;0;0;0;0;0;0;0;0;2665;0;0;125;0;122;0;
5856;6878901;1204097024;16203776;1378975744;0;0;0;0;0;0;0;0;0;0;0;3297;0;0;125;0;122;0;
5857;4747213;1204097024;16207872;1378979840;0;0;0;0;0;0;0;0;0;0;0;3136;0;0;125;0;122;0;
5858;5020806;1204097024;16207872;1378979840;0;0;0;0;0;0;0;0;0;0;0;3466;0;0;125;0;122;0;
5859;6576544;1204097024;16207872;1378979840;0;0;0;0;0;0;0;0;0;0;0;3938;0;0;125;0;122;0;
5860;4789633;1204097024;16207872;1378979840;0;0;0;0;0;0;0;0;0;0;0;3546;0;0;125;0;122;0;
5861;4529314;1204097024;16207872;1378979840;0;0;0;0;0;0;0;0;0;0;0;3095;0;0;125;0;122;0;
5862;4392117;1204097024;16207872;1378979840;0;0;0;0;0;0;0;0;0;0;0;3807;0;0;125;0;122;0;
5863;8329351;1204097024;16207872;1378979840;0;0;0;0;0;0;0;0;0;0;0;3456;0;0;125;0;122;0;
5864;4802326;1204097024;16207872;1378979840;0;0;0;0;0;0;0;0;0;0;0;2615;0;0;125;0;122;0;
5865;3614228;1204097024;16207872;1378979840;0;0;0;0;0;0;0;0;0;0;0;3757;0;0;125;0;122;0;
5866;4102865;1204097024;16207872;1378979840;0;0;0;0;0;0;0;0;0;0;0;2645;0;0;125;0;122;0;
5867;2945093;1204097024;16207872;1378979840;0;0;0;0;0;0;0;0;0;0;0;2796;0;0;125;0;122;0;
5868;4480072;1204097024;16207872;1378979840;0;0;0;0;0;0;0;0;0;0;0;3356;0;0;125;0;122;0;
5869;3691493;1204097024;16207872;1378979840;0;0;0;0;0;0;0;0;0;0;0;3336;0;0;125;0;122;0;
5870;7349523;1204097024;16207872;1378979840;0;0;0;0;0;0;0;0;0;0;0;3216;0;0;125;0;122;0;
5871;4351691;1204097024;16207872;1378979840;0;0;0;0;0;0;0;0;0;0;0;2966;0;0;125;0;122;0;
5872;4058902;1204097024;16207872;1378979840;0;0;0;0;0;0;0;0;0;0;0;3266;0;0;125;0;122;0;
5873;4658416;1204097024;16203776;1378975744;0;0;0;0;0;0;0;0;0;0;0;4028;0;0;125;0;122;0;
5874;2662844;1204097024;16203776;1378975744;0;0;0;0;0;0;0;0;0;0;0;2825;0;0;125;0;122;0;
5875;5627013;1204097024;16203776;1378975744;0;0;0;0;0;0;0;0;0;0;0;3557;0;0;125;0;122;0;
5876;3524049;1204097024;16203776;1378975744;0;0;0;0;0;0;0;0;0;0;0;2755;0;0;125;0;122;0;
5877;6705996;1204097024;16203776;1378975744;0;0;0;0;0;0;0;0;0;0;0;3967;0;0;125;0;122;0;
5878;5226542;1204097024;16203776;1378975744;0;0;0;0;0;0;0;0;0;0;0;3206;0;0;125;0;122;0;
5879;3547172;1204097024;16203776;1378975744;0;0;0;0;0;0;0;0;0;0;0;2625;0;0;125;0;122;0;
5880;4474542;1204097024;16203776;1378975744;0;0;0;0;0;0;0;0;0;0;0;3036;0;0;125;0;122;0;
5881;3361494;1204097024;16203776;1378975744;0;0;0;0;0;0;0;0;0;0;0;2715;0;0;125;0;122;0;
5882;4379333;1204097024;16203776;1378975744;0;0;0;0;0;0;0;0;0;0;0;2495;0;0;125;0;122;0;
5883;3542384;1204097024;16203776;1378975744;0;0;0;0;0;0;0;0;0;0;0;2635;0;0;125;0;122;0;
5884;6576243;1204097024;16203776;1378975744;0;0;0;0;0;0;0;0;0;0;0;3417;0;0;125;0;122;0;
5885;4282892;1204097024;16203776;1378975744;0;0;0;0;0;0;0;0;0;0;0;2836;0;0;125;0;122;0;
5886;2991050;1204097024;16203776;1378975744;0;0;0;0;0;0;0;0;0;0;0;2525;0;0;125;0;122;0;
5887;4102023;1204097024;16203776;1378975744;0;0;0;0;0;0;0;0;0;0;0;2675;0;0;125;0;122;0;
5888;2869542;1204097024;16203776;1378975744;0;0;0;0;0;0;0;0;0;0;0;1903;0;0;125;0;122;0;
5889;3845121;1204097024;16203776;1378975744;0;0;0;0;0;0;0;0;0;0;0;3046;0;0;125;0;122;0;
5890;2828435;1204097024;16203776;1378975744;0;0;0;0;0;0;0;0;0;0;0;3326;0;0;125;0;122;0;
5891;7436977;1204097024;16203776;1378975744;0;0;0;0;0;0;0;0;0;0;0;3186;0;0;125;0;122;0;
5892;5623386;1204097024;16203776;1378975744;0;0;0;0;0;0;0;0;0;0;0;3115;0;0;125;0;122;0;
5893;4011113;1204097024;16203776;1378975744;0;0;0;0;0;0;0;0;0;0;0;2835;0;0;125;0;122;0;
5894;4351621;1204097024;16203776;1378975744;0;0;0;0;0;0;0;0;0;0;0;2424;0;0;125;0;122;0;
5895;3065859;1204097024;16203776;1378975744;0;0;0;0;0;0;0;0;0;0;0;3056;0;0;125;0;122;0;
5896;2825799;1204097024;16203776;1378975744;0;0;0;0;0;0;0;0;0;0;0;2074;0;0;125;0;122;0;
5897;2296948;1204097024;16203776;1378975744;0;0;0;0;0;0;0;0;0;0;0;2114;0;0;125;0;122;0;
5898;7951803;1204097024;16203776;1378975744;0;0;0;0;0;0;0;0;0;0;0;3075;0;0;125;0;122;0;
5899;5576117;1204097024;16203776;1378975744;0;0;0;0;0;0;0;0;0;0;0;3035;0;0;125;0;122;0;
5900;3708034;1204097024;16203776;1378975744;0;0;0;0;0;0;0;0;0;0;0;3397;0;0;125;0;122;0;
5901;3666326;1204097024;16203776;1378975744;0;0;0;0;0;0;0;0;0;0;0;3016;0;0;125;0;122;0;
5902;3590463;1204097024;16203776;1378975744;0;0;0;0;0;0;0;0;0;0;0;2705;0;0;125;0;122;0;
5903;4671832;1204097024;16203776;1378975744;0;0;0;0;0;0;0;0;0;0;0;2204;0;0;125;0;122;0;
5904;3588620;1204097024;16203776;1378975744;0;0;0;0;0;0;0;0;0;0;0;2595;0;0;125;0;122;0;
5905;6744138;1204097024;16203776;1378975744;0;0;0;0;0;0;0;0;0;0;0;3497;0;0;125;0;122;0;
5906;3994141;1204097024;16203776;1378975744;0;0;0;0;0;0;0;0;0;0;0;2315;0;0;125;0;122;0;
5907;3265614;1204097024;16203776;1378975744;0;0;0;0;0;0;0;0;0;0;0;3226;0;0;125;0;122;0;
5908;3065579;1204097024;16203776;1378975744;0;0;0;0;0;0;0;0;0;0;0;2946;0;0;125;0;122;0;
5909;3487440;1204097024;16203776;1378975744;0;0;0;0;0;0;0;0;0;0;0;3397;0;0;125;0;122;0;
5910;4578947;1204097024;16203776;1378975744;0;0;0;0;0;0;0;0;0;0;0;2374;0;0;125;0;122;0;
5911;3477822;1204097024;16203776;1378975744;0;0;0;0;0;0;0;0;0;0;0;2585;0;0;125;0;122;0;
5912;6768693;1204097024;16203776;1378975744;0;0;0;0;0;0;0;0;0;0;0;3056;0;0;125;0;122;0;
5913;4739719;1204097024;16203776;1378975744;0;0;0;0;0;0;0;0;0;0;0;3076;0;0;125;0;122;0;
5914;3100435;1204097024;16203776;1378975744;0;0;0;0;0;0;0;0;0;0;0;2906;0;0;125;0;122;0;
5915;3111345;1204097024;16203776;1378975744;0;0;0;0;0;0;0;0;0;0;0;2725;0;0;125;0;122;0;
5916;2626416;1204097024;16203776;1378975744;0;0;0;0;0;0;0;0;0;0;0;1854;0;0;125;0;122;0;
5917;3766694;1204097024;16203776;1378975744;0;0;0;0;0;0;0;0;0;0;0;2925;0;0;125;0;122;0;
5918;1623655;1204097024;16203776;1378975744;0;0;0;0;0;0;0;0;0;0;0;2014;0;0;125;0;122;0;
5919;10616791;1204097024;16203776;1378975744;0;0;0;0;0;0;0;0;0;0;0;3136;0;0;125;0;122;0;
5920;3085125;1204097024;16203776;1378975744;0;0;0;0;0;0;0;0;0;0;0;2304;0;0;125;0;122;0;
5921;4914266;1204097024;16203776;1378975744;0;0;0;0;0;0;0;0;0;0;0;2955;0;0;125;0;122;0;
5922;3400417;1204097024;16203776;1378975744;0;0;0;0;0;0;0;0;0;0;0;2425;0;0;125;0;122;0;
5923;1539668;1204097024;16203776;1378975744;0;0;0;0;0;0;0;0;0;0;0;1373;0;0;125;0;122;0;
5924;3557682;1204097024;16203776;1378975744;0;0;0;0;0;0;0;0;0;0;0;1663;0;0;125;0;122;0;
5925;2894749;1204097024;16203776;1378975744;0;0;0;0;0;0;0;0;0;0;0;2925;0;0;125;0;122;0;
5926;6107684;1204097024;16211968;1378983936;0;0;0;0;0;0;0;0;0;0;0;2805;0;0;125;0;122;0;
5927;3579684;1204097024;16211968;1378983936;0;0;0;0;0;0;0;0;0;0;0;1884;0;0;125;0;122;0;
5928;2661110;1204097024;16211968;1378983936;0;0;0;0;0;0;0;0;0;0;0;2275;0;0;125;0;122;0;
5929;3731198;1204097024;16211968;1378983936;0;0;0;0;0;0;0;0;0;0;0;2675;0;0;125;0;122;0;
5930;3253341;1204097024;16211968;1378983936;0;0;0;0;0;0;0;0;0;0;0;2725;0;0;125;0;122;0;
5931;2347181;1204097024;16211968;1378983936;0;0;0;0;0;0;0;0;0;0;0;1523;0;0;125;0;122;0;
5932;2528953;1204097024;16211968;1378983936;0;0;0;0;0;0;0;0;0;0;0;1874;0;0;125;0;122;0;
5933;6252336;1204097024;16211968;1378983936;0;0;0;0;0;0;0;0;0;0;0;2795;0;0;125;0;122;0;
5934;4919777;1204097024;16211968;1378983936;0;0;0;0;0;0;0;0;0;0;0;2876;0;0;125;0;122;0;
5935;2681859;1204097024;16211968;1378983936;0;0;0;0;0;0;0;0;0;0;0;3075;0;0;125;0;122;0;
5936;2907503;1204097024;16211968;1378983936;0;0;0;0;0;0;0;0;0;0;0;2665;0;0;125;0;122;0;
5937;2441238;1204097024;16211968;1378983936;0;0;0;0;0;0;0;0;0;0;0;1713;0;0;125;0;122;0;
5938;3516384;1204097024;16211968;1378983936;0;0;0;0;0;0;0;0;0;0;0;2244;0;0;125;0;122;0;
5939;2898335;1204097024;16211968;1378983936;0;0;0;0;0;0;0;0;0;0;0;2274;0;0;125;0;122;0;
5940;7021558;1204097024;16211968;1378983936;0;0;0;0;0;0;0;0;0;0;0;3016;0;0;125;0;122;0;
5941;2853893;1204097024;16211968;1378983936;0;0;0;0;0;0;0;0;0;0;0;2324;0;0;125;0;122;0;
5942;2205366;1204097024;16211968;1378983936;0;0;0;0;0;0;0;0;0;0;0;1673;0;0;125;0;122;0;
5943;2701326;1204097024;16203776;1378975744;0;0;0;0;0;0;0;0;0;0;0;1964;0;0;125;0;122;0;
5944;3332440;1204097024;16203776;1378975744;0;0;0;0;0;0;0;0;0;0;0;1773;0;0;125;0;122;0;
5945;3061682;1204097024;16203776;1378975744;0;0;0;0;0;0;0;0;0;0;0;1984;0;0;125;0;122;0;
5946;2789551;1204097024;16203776;1378975744;0;0;0;0;0;0;0;0;0;0;0;2235;0;0;125;0;122;0;
5947;6919868;1204097024;16203776;1378975744;0;0;0;0;0;0;0;0;0;0;0;2896;0;0;125;0;122;0;
5948;3503961;1204097024;16203776;1378975744;0;0;0;0;0;0;0;0;0;0;0;3216;0;0;125;0;122;0;
5949;3385088;1204097024;16203776;1378975744;0;0;0;0;0;0;0;0;0;0;0;2054;0;0;125;0;122;0;
5950;3876410;1204097024;16203776;1378975744;0;0;0;0;0;0;0;0;0;0;0;2194;0;0;125;0;122;0;
5951;3113829;1204097024;16203776;1378975744;0;0;0;0;0;0;0;0;0;0;0;2414;0;0;125;0;122;0;
5952;1849910;1204097024;16203776;1378975744;0;0;0;0;0;0;0;0;0;0;0;2474;0;0;125;0;122;0;
5953;3101036;1204097024;16203776;1378975744;0;0;0;0;0;0;0;0;0;0;0;1794;0;0;125;0;122;0;
5954;8069102;1204097024;16203776;1378975744;0;0;0;0;0;0;0;0;0;0;0;2375;0;0;125;0;122;0;
5955;3475978;1204097024;16203776;1378975744;0;0;0;0;0;0;0;0;0;0;0;1613;0;0;125;0;122;0;
5956;2437431;1204097024;16203776;1378975744;0;0;0;0;0;0;0;0;0;0;0;1704;0;0;125;0;122;0;
5957;4164410;1204097024;16203776;1378975744;0;0;0;0;0;0;0;0;0;0;0;2184;0;0;125;0;122;0;
5958;3307343;1204097024;16203776;1378975744;0;0;0;0;0;0;0;0;0;0;0;2004;0;0;125;0;122;0;
5959;4142489;1204097024;16203776;1378975744;0;0;0;0;0;0;0;0;0;0;0;3306;0;0;125;0;122;0;
5960;2278362;1204097024;16203776;1378975744;0;0;0;0;0;0;0;0;0;0;0;1333;0;0;125;0;122;0;
5961;6803459;1204097024;16203776;1378975744;0;0;0;0;0;0;0;0;0;0;0;2495;0;0;125;0;122;0;
5962;4581883;1204097024;16203776;1378975744;0;0;0;0;0;0;0;0;0;0;0;2435;0;0;125;0;122;0;
5963;3153714;1204097024;16203776;1378975744;0;0;0;0;0;0;0;0;0;0;0;3005;0;0;125;0;122;0;
5964;3780269;1204097024;16203776;1378975744;0;0;0;0;0;0;0;0;0;0;0;2735;0;0;125;0;122;0;
5965;4371017;1204097024;16203776;1378975744;0;0;0;0;0;0;0;0;0;0;0;2595;0;0;125;0;122;0;
5966;4739018;1204367360;16203776;1378975744;0;0;0;0;0;0;0;0;0;0;0;3226;0;0;125;0;122;0;
5967;2811623;1204367360;16203776;1378975744;0;0;0;0;0;0;0;0;0;0;0;2795;0;0;125;0;122;0;
5968;6837283;1204367360;16203776;1378975744;0;0;0;0;0;0;0;0;0;0;0;4067;0;0;125;0;122;0;
5969;4410301;1204367360;16203776;1378975744;0;0;0;0;0;0;0;0;0;0;0;2966;0;0;125;0;122;0;
5970;3643883;1204367360;16203776;1378975744;0;0;0;0;0;0;0;0;0;0;0;2795;0;0;125;0;122;0;
5971;3922476;1204367360;16203776;1378975744;0;0;0;0;0;0;0;0;0;0;0;2775;0;0;125;0;122;0;
5972;3830694;1204367360;16203776;1378975744;0;0;0;0;0;0;0;0;0;0;0;3407;0;0;125;0;122;0;
5973;4577565;1204367360;16203776;1378975744;0;0;0;0;0;0;0;0;0;0;0;2574;0;0;125;0;122;0;
5974;4004079;1204367360;16203776;1378975744;0;0;0;0;0;0;0;0;0;0;0;3517;0;0;125;0;122;0;
5975;6388761;1204367360;16203776;1378975744;0;0;0;0;0;0;0;0;0;0;0;31659;0;0;125;0;122;0;
5976;4245973;1204367360;16203776;1378975744;0;0;0;0;0;0;0;0;0;0;0;2194;0;0;125;0;122;0;
5977;4002275;1204367360;16203776;1378975744;0;0;0;0;0;0;0;0;0;0;0;2916;0;0;125;0;122;0;
5978;3853727;1204367360;16203776;1378975744;0;0;0;0;0;0;0;0;0;0;0;3136;0;0;125;0;122;0;
5979;3047254;1204367360;16203776;1378975744;0;0;0;0;0;0;0;0;0;0;0;130124;0;0;125;0;122;0;
5980;4127641;1204367360;16203776;1378975744;0;0;0;0;0;0;0;0;0;0;0;2635;0;0;125;0;122;0;
5981;2646503;1204367360;16203776;1378975744;0;0;0;0;0;0;0;0;0;0;0;2294;0;0;125;0;122;0;
5982;7083774;1204367360;16203776;1378975744;0;0;0;0;0;0;0;0;0;0;0;2975;0;0;125;0;122;0;
5983;4226898;1204367360;16203776;1378975744;0;0;0;0;0;0;0;0;0;0;0;3317;0;0;125;0;122;0;
5984;3281094;1204367360;16203776;1378975744;0;0;0;0;0;0;0;0;0;0;0;3025;0;0;125;0;122;0;
5985;4113294;1204367360;16203776;1378975744;0;0;0;0;0;0;0;0;0;0;0;2905;0;0;125;0;122;0;
5986;3691283;1204367360;16203776;1378975744;0;0;0;0;0;0;0;0;0;0;0;2545;0;0;125;0;122;0;
5987;2776737;1204367360;16203776;1378975744;0;0;0;0;0;0;0;0;0;0;0;2415;0;0;125;0;122;0;
5988;2111941;1204367360;16203776;1378975744;0;0;0;0;0;0;0;0;0;0;0;2174;0;0;125;0;122;0;
5989;6230545;1204367360;16203776;1378975744;0;0;0;0;0;0;0;0;0;0;0;2956;0;0;125;0;122;0;
5990;4225154;1204367360;16203776;1378975744;0;0;0;0;0;0;0;0;0;0;0;2896;0;0;125;0;122;0;
5991;3085918;1204367360;16203776;1378975744;0;0;0;0;0;0;0;0;0;0;0;3065;0;0;125;0;122;0;
5992;3352567;1204367360;16203776;1378975744;0;0;0;0;0;0;0;0;0;0;0;2484;0;0;125;0;122;0;
5993;2460233;1204367360;16203776;1378975744;0;0;0;0;0;0;0;0;0;0;0;1943;0;0;125;0;122;0;
5994;3432568;1204367360;16203776;1378975744;0;0;0;0;0;0;0;0;0;0;0;2625;0;0;125;0;122;0;
5995;4211198;1204367360;16203776;1378975744;0;0;0;0;0;0;0;0;0;0;0;2184;0;0;125;0;122;0;
5996;8825441;1204367360;16203776;1378975744;0;0;0;0;0;0;0;0;0;0;0;2875;0;0;125;0;122;0;
5997;3358037;1204367360;16203776;1378975744;0;0;0;0;0;0;0;0;0;0;0;3166;0;0;125;0;122;0;
5998;1160416;1204367360;16203776;1378975744;0;0;0;0;0;0;0;0;0;0;0;2134;0;0;125;0;122;0;
5999;2300244;1204367360;16203776;1378975744;0;0;0;0;0;0;0;0;0;0;0;2084;0;0;125;0;122;0;
6000;2223590;1204367360;16203776;1378975744;0;0;0;0;0;0;0;0;0;0;0;2245;0;0;125;0;122;0;
6001;3978241;1204367360;16203776;1378975744;0;0;0;0;0;0;0;0;0;0;0;2726;0;0;125;0;122;0;
6002;3069657;1204367360;16203776;1378975744;0;0;0;0;0;0;0;0;0;0;0;2103;0;0;125;0;122;0;
6003;5308345;1204367360;16203776;1378975744;0;0;0;0;0;0;0;0;0;0;0;2485;0;0;125;0;122;0;
6004;4589527;1204367360;16203776;1378975744;0;0;0;0;0;0;0;0;0;0;0;1783;0;0;125;0;122;0;
6005;4035598;1204367360;16203776;1378975744;0;0;0;0;0;0;0;0;0;0;0;2995;0;0;125;0;122;0;
6006;3234766;1204367360;16203776;1378975744;0;0;0;0;0;0;0;0;0;0;0;1854;0;0;125;0;122;0;
6007;2793189;1204367360;16203776;1378975744;0;0;0;0;0;0;0;0;0;0;0;1703;0;0;125;0;122;0;
6008;2746821;1204367360;16203776;1378975744;0;0;0;0;0;0;0;0;0;0;0;2285;0;0;125;0;122;0;
6009;3613567;1204367360;16203776;1378975744;0;0;0;0;0;0;0;0;0;0;0;2144;0;0;125;0;122;0;
6010;6125187;1204367360;16203776;1378975744;0;0;0;0;0;0;0;0;0;0;0;2825;0;0;125;0;122;0;
6011;4133472;1204367360;16203776;1378975744;0;0;0;0;0;0;0;0;0;0;0;2244;0;0;125;0;122;0;
6012;3423641;1204367360;16203776;1378975744;0;0;0;0;0;0;0;0;0;0;0;2425;0;0;125;0;122;0;
6013;4129223;1204367360;16203776;1378975744;0;0;0;0;0;0;0;0;0;0;0;2435;0;0;125;0;122;0;
6014;1915332;1204367360;16203776;1378975744;0;0;0;0;0;0;0;0;0;0;0;1944;0;0;125;0;122;0;
6015;3680773;1204367360;16203776;1378975744;0;0;0;0;0;0;0;0;0;0;0;2364;0;0;125;0;122;0;
6016;2831961;1204367360;16203776;1378975744;0;0;0;0;0;0;0;0;0;0;0;2154;0;0;125;0;122;0;
6017;6870645;1204367360;16203776;1378975744;0;0;0;0;0;0;0;0;0;0;0;2585;0;0;125;0;122;0;
6018;5306281;1204367360;16203776;1378975744;0;0;0;0;0;0;0;0;0;0;0;2515;0;0;125;0;122;0;
6019;3342859;1204367360;16203776;1378975744;0;0;0;0;0;0;0;0;0;0;0;2825;0;0;125;0;122;0;
6020;2374042;1204367360;16203776;1378975744;0;0;0;0;0;0;0;0;0;0;0;1913;0;0;125;0;122;0;
6021;3403222;1204367360;16203776;1378975744;0;0;0;0;0;0;0;0;0;0;0;1884;0;0;125;0;122;0;
6022;3422709;1204367360;16203776;1378975744;0;0;0;0;0;0;0;0;0;0;0;2896;0;0;125;0;122;0;
6023;7391121;1204367360;16203776;1378975744;0;0;0;0;0;0;0;0;0;0;0;2795;0;0;125;0;122;0;
6024;4562597;1204367360;16207872;1378979840;0;0;0;0;0;0;0;0;0;0;0;2905;0;0;125;0;122;0;
6025;3755774;1204367360;16207872;1378979840;0;0;0;0;0;0;0;0;0;0;0;3055;0;0;125;0;122;0;
6026;3275793;1204367360;16207872;1378979840;0;0;0;0;0;0;0;0;0;0;0;3787;0;0;125;0;122;0;
6027;2544762;1204367360;16207872;1378979840;0;0;0;0;0;0;0;0;0;0;0;1934;0;0;125;0;122;0;
6028;3787433;1204367360;16207872;1378979840;0;0;0;0;0;0;0;0;0;0;0;2114;0;0;125;0;122;0;
6029;3612615;1204367360;16207872;1378979840;0;0;0;0;0;0;0;0;0;0;0;2825;0;0;125;0;122;0;
6030;9936084;1204367360;16207872;1378979840;0;0;0;0;0;0;0;0;0;0;0;3056;0;0;125;0;122;0;
6031;4421321;1204367360;16207872;1378979840;0;0;0;0;0;0;0;0;0;0;0;2675;0;0;125;0;122;0;
6032;3330656;1204367360;16207872;1378979840;0;0;0;0;0;0;0;0;0;0;0;2324;0;0;125;0;122;0;
6033;3258601;1204367360;16207872;1378979840;0;0;0;0;0;0;0;0;0;0;0;2024;0;0;125;0;122;0;
6034;2490300;1204367360;16207872;1378979840;0;0;0;0;0;0;0;0;0;0;0;1854;0;0;125;0;122;0;
6035;6408288;1204367360;16207872;1378979840;0;0;0;0;0;0;0;0;0;0;0;3065;0;0;125;0;122;0;
6036;3024912;1204367360;16207872;1378979840;0;0;0;0;0;0;0;0;0;0;0;3737;0;0;125;0;122;0;
6037;11006412;1204367360;16207872;1378979840;0;0;0;0;0;0;0;0;0;0;0;3947;0;0;125;0;122;0;
6038;3204810;1204367360;16207872;1378979840;0;0;0;0;0;0;0;0;0;0;0;1793;0;0;125;0;122;0;
6039;2652675;1204367360;16207872;1378979840;0;0;0;0;0;0;0;0;0;0;0;1753;0;0;125;0;122;0;
6040;3045442;1204367360;16203776;1378975744;0;0;0;0;0;0;0;0;0;0;0;2314;0;0;125;0;122;0;
6041;2777238;1204367360;16203776;1378975744;0;0;0;0;0;0;0;0;0;0;0;2264;0;0;125;0;122;0;
6042;3421417;1204367360;16203776;1378975744;0;0;0;0;0;0;0;0;0;0;0;2825;0;0;125;0;122;0;
6043;3529419;1204367360;16203776;1378975744;0;0;0;0;0;0;0;0;0;0;0;2465;0;0;125;0;122;0;
6044;6979879;1204367360;16203776;1378975744;0;0;0;0;0;0;0;0;0;0;0;3055;0;0;125;0;122;0;
6045;4289594;1204367360;16203776;1378975744;0;0;0;0;0;0;0;0;0;0;0;2434;0;0;125;0;122;0;
6046;2662904;1204367360;16203776;1378975744;0;0;0;0;0;0;0;0;0;0;0;3035;0;0;125;0;122;0;
6047;4111420;1204367360;16203776;1378975744;0;0;0;0;0;0;0;0;0;0;0;2826;0;0;125;0;122;0;
6048;2834776;1204367360;16203776;1378975744;0;0;0;0;0;0;0;0;0;0;0;2464;0;0;125;0;122;0;
6049;3769510;1204367360;16203776;1378975744;0;0;0;0;0;0;0;0;0;0;0;2415;0;0;125;0;122;0;
6050;3081369;1204367360;16203776;1378975744;0;0;0;0;0;0;0;0;0;0;0;2544;0;0;125;0;122;0;
6051;8438155;1204367360;16203776;1378975744;0;0;0;0;0;0;0;0;0;0;0;2375;0;0;125;0;122;0;
6052;3189661;1204367360;16203776;1378975744;0;0;0;0;0;0;0;0;0;0;0;1914;0;0;125;0;122;0;
6053;4309943;1204367360;16203776;1378975744;0;0;0;0;0;0;0;0;0;0;0;2425;0;0;125;0;122;0;
6054;2977835;1204367360;16203776;1378975744;0;0;0;0;0;0;0;0;0;0;0;3296;0;0;125;0;122;0;
6055;4590629;1204367360;16203776;1378975744;0;0;0;0;0;0;0;0;0;0;0;2325;0;0;125;0;122;0;
6056;2510298;1204367360;16203776;1378975744;0;0;0;0;0;0;0;0;0;0;0;2174;0;0;125;0;122;0;
6057;6725533;1204367360;16203776;1378975744;0;0;0;0;0;0;0;0;0;0;0;2625;0;0;125;0;122;0;
6058;3911375;1204367360;16207872;1378979840;0;0;0;0;0;0;0;0;0;0;0;2514;0;0;125;0;122;0;
6059;3313664;1204367360;16207872;1378979840;0;0;0;0;0;0;0;0;0;0;0;1643;0;0;125;0;122;0;
6060;3417138;1204367360;16207872;1378979840;0;0;0;0;0;0;0;0;0;0;0;2575;0;0;125;0;122;0;
6061;4139713;1204367360;16207872;1378979840;0;0;0;0;0;0;0;0;0;0;0;2895;0;0;125;0;122;0;
6062;3429502;1204367360;16207872;1378979840;0;0;0;0;0;0;0;0;0;0;0;2765;0;0;125;0;122;0;
6063;6337866;1204367360;16207872;1378979840;0;0;0;0;0;0;0;0;0;0;0;2765;0;0;125;0;122;0;
6064;2074911;1204367360;16207872;1378979840;0;0;0;0;0;0;0;0;0;0;0;9568;0;0;125;0;122;0;
6065;1676635;1204367360;16207872;1378979840;0;0;0;0;0;0;0;0;0;0;0;1703;0;0;125;0;122;0;
6066;1037115;1204367360;16207872;1378979840;0;0;0;0;0;0;0;0;0;0;0;1783;0;0;125;0;122;0;
6067;2435067;1204367360;16207872;1378979840;0;0;0;0;0;0;0;0;0;0;0;1553;0;0;125;0;122;0;
6068;2369263;1204367360;16207872;1378979840;0;0;0;0;0;0;0;0;0;0;0;2004;0;0;125;0;122;0;
6069;6839616;1204367360;16207872;1378979840;0;0;0;0;0;0;0;0;0;0;0;2825;0;0;125;0;122;0;
6070;4759276;1204367360;16207872;1378979840;0;0;0;0;0;0;0;0;0;0;0;3176;0;0;125;0;122;0;
6071;3447025;1204367360;16207872;1378979840;0;0;0;0;0;0;0;0;0;0;0;1754;0;0;125;0;122;0;
6072;2912552;1204367360;16207872;1378979840;0;0;0;0;0;0;0;0;0;0;0;2415;0;0;125;0;122;0;
6073;2896472;1204367360;16207872;1378979840;0;0;0;0;0;0;0;0;0;0;0;2204;0;0;125;0;122;0;
6074;3066111;1204367360;16207872;1378979840;0;0;0;0;0;0;0;0;0;0;0;2184;0;0;125;0;122;0;
6075;6214444;1204367360;16207872;1378979840;0;0;0;0;0;0;0;0;0;0;0;2916;0;0;125;0;122;0;
6076;4501793;1204367360;16207872;1378979840;0;0;0;0;0;0;0;0;0;0;0;2755;0;0;125;0;122;0;
6077;3701512;1204367360;16207872;1378979840;0;0;0;0;0;0;0;0;0;0;0;2494;0;0;125;0;122;0;
6078;2783941;1204367360;16207872;1378979840;0;0;0;0;0;0;0;0;0;0;0;2394;0;0;125;0;122;0;
6079;3649414;1204367360;16207872;1378979840;0;0;0;0;0;0;0;0;0;0;0;2915;0;0;125;0;122;0;
6080;3243963;1204367360;16207872;1378979840;0;0;0;0;0;0;0;0;0;0;0;2003;0;0;125;0;122;0;
6081;6947309;1204367360;16207872;1378979840;0;0;0;0;0;0;0;0;0;0;0;3868;0;0;125;0;122;0;
6082;3689729;1204367360;16207872;1378979840;0;0;0;0;0;0;0;0;0;0;0;3006;0;0;125;0;122;0;
6083;3599430;1204367360;16207872;1378979840;0;0;0;0;0;0;0;0;0;0;0;2796;0;0;125;0;122;0;
6084;3289449;1204367360;16207872;1378979840;0;0;0;0;0;0;0;0;0;0;0;3016;0;0;125;0;122;0;
6085;3453667;1204367360;16207872;1378979840;0;0;0;0;0;0;0;0;0;0;0;2504;0;0;125;0;122;0;
6086;2496912;1204367360;16207872;1378979840;0;0;0;0;0;0;0;0;0;0;0;2455;0;0;125;0;122;0;
6087;6002307;1204367360;16207872;1378979840;0;0;0;0;0;0;0;0;0;0;0;2595;0;0;125;0;122;0;
6088;3852876;1204367360;16207872;1378979840;0;0;0;0;0;0;0;0;0;0;0;2314;0;0;125;0;122;0;
6089;4163498;1204367360;16207872;1378979840;0;0;0;0;0;0;0;0;0;0;0;2204;0;0;125;0;122;0;
6090;3242591;1204367360;16207872;1378979840;0;0;0;0;0;0;0;0;0;0;0;2755;0;0;125;0;122;0;
6091;3400768;1204367360;16207872;1378979840;0;0;0;0;0;0;0;0;0;0;0;2755;0;0;125;0;122;0;
6092;3626411;1204367360;16207872;1378979840;0;0;0;0;0;0;0;0;0;0;0;3867;0;0;125;0;122;0;
6093;6635895;1204367360;16207872;1378979840;0;0;0;0;0;0;0;0;0;0;0;2595;0;0;125;0;122;0;
6094;3137895;1204367360;16207872;1378979840;0;0;0;0;0;0;0;0;0;0;0;3106;0;0;125;0;122;0;
6095;4578256;1204367360;16207872;1378979840;0;0;0;0;0;0;0;0;0;0;0;1974;0;0;125;0;122;0;
6096;2556023;1204367360;16207872;1378979840;0;0;0;0;0;0;0;0;0;0;0;2455;0;0;125;0;122;0;
6097;3104843;1204367360;16207872;1378979840;0;0;0;0;0;0;0;0;0;0;0;2915;0;0;125;0;122;0;
6098;3315418;1204367360;16207872;1378979840;0;0;0;0;0;0;0;0;0;0;0;2555;0;0;125;0;122;0;
6099;5581307;1204367360;16207872;1378979840;0;0;0;0;0;0;0;0;0;0;0;2816;0;0;125;0;122;0;
6100;3358779;1204367360;16207872;1378979840;0;0;0;0;0;0;0;0;0;0;0;2755;0;0;125;0;122;0;
6101;3795859;1204367360;16207872;1378979840;0;0;0;0;0;0;0;0;0;0;0;2254;0;0;125;0;122;0;
6102;2673373;1204367360;16207872;1378979840;0;0;0;0;0;0;0;0;0;0;0;2605;0;0;125;0;122;0;
6103;4028825;1204367360;16207872;1378979840;0;0;0;0;0;0;0;0;0;0;0;2926;0;0;125;0;122;0;
6104;3209809;1204367360;16207872;1378979840;0;0;0;0;0;0;0;0;0;0;0;2605;0;0;125;0;122;0;
6105;7551722;1204367360;16207872;1378979840;0;0;0;0;0;0;0;0;0;0;0;2786;0;0;125;0;122;0;
6106;3490907;1204367360;16207872;1378979840;0;0;0;0;0;0;0;0;0;0;0;1853;0;0;125;0;122;0;
6107;3979373;1204367360;16207872;1378979840;0;0;0;0;0;0;0;0;0;0;0;2094;0;0;125;0;122;0;
6108;4324510;1204367360;16207872;1378979840;0;0;0;0;0;0;0;0;0;0;0;3527;0;0;125;0;122;0;
6109;4098767;1204367360;16207872;1378979840;0;0;0;0;0;0;0;0;0;0;0;3406;0;0;125;0;122;0;
6110;2580750;1204367360;16207872;1378979840;0;0;0;0;0;0;0;0;0;0;0;3236;0;0;125;0;122;0;
6111;6914698;1204367360;16207872;1378979840;0;0;0;0;0;0;0;0;0;0;0;3436;0;0;125;0;122;0;
6112;3443939;1204367360;16207872;1378979840;0;0;0;0;0;0;0;0;0;0;0;2946;0;0;125;0;122;0;
6113;3695761;1204367360;16207872;1378979840;0;0;0;0;0;0;0;0;0;0;0;3526;0;0;125;0;122;0;
6114;2664687;1204367360;16207872;1378979840;0;0;0;0;0;0;0;0;0;0;0;2806;0;0;125;0;122;0;
6115;3504022;1204367360;16207872;1378979840;0;0;0;0;0;0;0;0;0;0;0;2274;0;0;125;0;122;0;
6116;3662378;1204367360;16207872;1378979840;0;0;0;0;0;0;0;0;0;0;0;2574;0;0;125;0;122;0;
6117;6454063;1204367360;16207872;1378979840;0;0;0;0;0;0;0;0;0;0;0;3015;0;0;125;0;122;0;
6118;2973636;1204367360;16207872;1378979840;0;0;0;0;0;0;0;0;0;0;0;1994;0;0;125;0;122;0;
6119;2503596;1204367360;16207872;1378979840;0;0;0;0;0;0;0;0;0;0;0;1764;0;0;125;0;122;0;
6120;4445738;1204367360;16207872;1378979840;0;0;0;0;0;0;0;0;0;0;0;3346;0;0;125;0;122;0;
6121;4336172;1204367360;16207872;1378979840;0;0;0;0;0;0;0;0;0;0;0;3146;0;0;125;0;122;0;
6122;2644209;1204367360;16207872;1378979840;0;0;0;0;0;0;0;0;0;0;0;2134;0;0;125;0;122;0;
6123;6948922;1204367360;16207872;1378979840;0;0;0;0;0;0;0;0;0;0;0;3316;0;0;125;0;122;0;
6124;2812605;1204367360;16207872;1378979840;0;0;0;0;0;0;0;0;0;0;0;2084;0;0;125;0;122;0;
6125;2433664;1204367360;16207872;1378979840;0;0;0;0;0;0;0;0;0;0;0;1803;0;0;125;0;122;0;
6126;3040883;1204367360;16207872;1378979840;0;0;0;0;0;0;0;0;0;0;0;2004;0;0;125;0;122;0;
6127;3635358;1204367360;16207872;1378979840;0;0;0;0;0;0;0;0;0;0;0;3016;0;0;125;0;122;0;
6128;2838844;1204367360;16207872;1378979840;0;0;0;0;0;0;0;0;0;0;0;2234;0;0;125;0;122;0;
6129;6751682;1204367360;16207872;1378979840;0;0;0;0;0;0;0;0;0;0;0;2755;0;0;125;0;122;0;
6130;2804249;1204367360;16207872;1378979840;0;0;0;0;0;0;0;0;0;0;0;2104;0;0;125;0;122;0;
6131;2616507;1204367360;16207872;1378979840;0;0;0;0;0;0;0;0;0;0;0;1733;0;0;125;0;122;0;
6132;2770185;1204367360;16207872;1378979840;0;0;0;0;0;0;0;0;0;0;0;2164;0;0;125;0;122;0;
6133;3211954;1204367360;16207872;1378979840;0;0;0;0;0;0;0;0;0;0;0;2475;0;0;125;0;122;0;
6134;2929694;1204367360;16207872;1378979840;0;0;0;0;0;0;0;0;0;0;0;2826;0;0;125;0;122;0;
6135;5770903;1204367360;16207872;1378979840;0;0;0;0;0;0;0;0;0;0;0;2865;0;0;125;0;122;0;
6136;2771688;1204367360;16207872;1378979840;0;0;0;0;0;0;0;0;0;0;0;2285;0;0;125;0;122;0;
6137;2479850;1204367360;16207872;1378979840;0;0;0;0;0;0;0;0;0;0;0;1764;0;0;125;0;122;0;
6138;2338104;1204367360;16207872;1378979840;0;0;0;0;0;0;0;0;0;0;0;2004;0;0;125;0;122;0;
6139;3231901;1204367360;16207872;1378979840;0;0;0;0;0;0;0;0;0;0;0;2224;0;0;125;0;122;0;
6140;1896246;1204367360;16207872;1378979840;0;0;0;0;0;0;0;0;0;0;0;1493;0;0;125;0;122;0;
6141;5202547;1204367360;16207872;1378979840;0;0;0;0;0;0;0;0;0;0;0;2425;0;0;125;0;122;0;
6142;2652143;1204367360;16207872;1378979840;0;0;0;0;0;0;0;0;0;0;0;2184;0;0;125;0;122;0;
6143;2648897;1204367360;16207872;1378979840;0;0;0;0;0;0;0;0;0;0;0;1452;0;0;125;0;122;0;
6144;1681283;1204367360;16207872;1378979840;0;0;0;0;0;0;0;0;0;0;0;1924;0;0;125;0;122;0;
6145;2766388;1204367360;16207872;1378979840;0;0;0;0;0;0;0;0;0;0;0;2264;0;0;125;0;122;0;
6146;2619983;1204367360;16207872;1378979840;0;0;0;0;0;0;0;0;0;0;0;1743;0;0;125;0;122;0;
6147;6787920;1204367360;16207872;1378979840;0;0;0;0;0;0;0;0;0;0;0;2725;0;0;125;0;122;0;
6148;3010996;1204367360;16207872;1378979840;0;0;0;0;0;0;0;0;0;0;0;3286;0;0;125;0;122;0;
6149;2481834;1204367360;16207872;1378979840;0;0;0;0;0;0;0;0;0;0;0;1653;0;0;125;0;122;0;
6150;2413106;1204367360;16207872;1378979840;0;0;0;0;0;0;0;0;0;0;0;1904;0;0;125;0;122;0;
6151;3167761;1204367360;16207872;1378979840;0;0;0;0;0;0;0;0;0;0;0;2544;0;0;125;0;122;0;
6152;2473629;1204367360;16207872;1378979840;0;0;0;0;0;0;0;0;0;0;0;2224;0;0;125;0;122;0;
6153;5952152;1204367360;16207872;1378979840;0;0;0;0;0;0;0;0;0;0;0;3046;0;0;125;0;122;0;
6154;3553144;1204367360;16207872;1378979840;0;0;0;0;0;0;0;0;0;0;0;3407;0;0;125;0;122;0;
6155;2290435;1204367360;16207872;1378979840;0;0;0;0;0;0;0;0;0;0;0;1653;0;0;125;0;122;0;
6156;2077737;1204367360;16207872;1378979840;0;0;0;0;0;0;0;0;0;0;0;1472;0;0;125;0;122;0;
6157;2944091;1204367360;16207872;1378979840;0;0;0;0;0;0;0;0;0;0;0;2154;0;0;125;0;122;0;
6158;2595768;1204367360;16207872;1378979840;0;0;0;0;0;0;0;0;0;0;0;2204;0;0;125;0;122;0;
6159;6469353;1204367360;16207872;1378979840;0;0;0;0;0;0;0;0;0;0;0;2475;0;0;125;0;122;0;
6160;2871205;1204367360;16207872;1378979840;0;0;0;0;0;0;0;0;0;0;0;2205;0;0;125;0;122;0;
6161;2597992;1204367360;16207872;1378979840;0;0;0;0;0;0;0;0;0;0;0;1794;0;0;125;0;122;0;
6162;1142944;1204367360;16207872;1378979840;0;0;0;0;0;0;0;0;0;0;0;1694;0;0;125;0;122;0;
6163;2787738;1204367360;16207872;1378979840;0;0;0;0;0;0;0;0;0;0;0;2454;0;0;125;0;122;0;
6164;2592452;1204367360;16207872;1378979840;0;0;0;0;0;0;0;0;0;0;0;2354;0;0;125;0;122;0;
6165;7440824;1204367360;16207872;1378979840;0;0;0;0;0;0;0;0;0;0;0;3486;0;0;125;0;122;0;
6166;4044856;1204367360;16207872;1378979840;0;0;0;0;0;0;0;0;0;0;0;3186;0;0;125;0;122;0;
6167;2906821;1204367360;16207872;1378979840;0;0;0;0;0;0;0;0;0;0;0;1783;0;0;125;0;122;0;
6168;2264758;1204367360;16207872;1378979840;0;0;0;0;0;0;0;0;0;0;0;2785;0;0;125;0;122;0;
6169;4636896;1204367360;16207872;1378979840;0;0;0;0;0;0;0;0;0;0;0;2565;0;0;125;0;122;0;
6170;3104001;1204367360;16207872;1378979840;0;0;0;0;0;0;0;0;0;0;0;3126;0;0;125;0;122;0;
6171;6943081;1204367360;16207872;1378979840;0;0;0;0;0;0;0;0;0;0;0;3206;0;0;125;0;122;0;
6172;4321083;1204367360;16207872;1378979840;0;0;0;0;0;0;0;0;0;0;0;3517;0;0;125;0;122;0;
6173;3547663;1204367360;16207872;1378979840;0;0;0;0;0;0;0;0;0;0;0;2564;0;0;125;0;122;0;
6174;3030623;1204367360;16207872;1378979840;0;0;0;0;0;0;0;0;0;0;0;2865;0;0;125;0;122;0;
6175;3208507;1204367360;16207872;1378979840;0;0;0;0;0;0;0;0;0;0;0;2725;0;0;125;0;122;0;
6176;3191085;1204367360;16207872;1378979840;0;0;0;0;0;0;0;0;0;0;0;3026;0;0;125;0;122;0;
6177;6379434;1204367360;16207872;1378979840;0;0;0;0;0;0;0;0;0;0;0;3256;0;0;125;0;122;0;
6178;3746015;1204367360;16207872;1378979840;0;0;0;0;0;0;0;0;0;0;0;3075;0;0;125;0;122;0;
6179;2985038;1204367360;16207872;1378979840;0;0;0;0;0;0;0;0;0;0;0;2345;0;0;125;0;122;0;
6180;3608477;1204367360;16207872;1378979840;0;0;0;0;0;0;0;0;0;0;0;3146;0;0;125;0;122;0;
6181;3887280;1204367360;16207872;1378979840;0;0;0;0;0;0;0;0;0;0;0;2885;0;0;125;0;122;0;
6182;4471375;1204367360;16207872;1378979840;0;0;0;0;0;0;0;0;0;0;0;3286;0;0;125;0;122;0;
6183;6225184;1204367360;16207872;1378979840;0;0;0;0;0;0;0;0;0;0;0;3396;0;0;125;0;122;0;
6184;7576529;1204367360;16207872;1378979840;0;0;0;0;0;0;0;0;0;0;0;3947;0;0;125;0;122;0;
6185;4107253;1204367360;16207872;1378979840;0;0;0;0;0;0;0;0;0;0;0;3136;0;0;125;0;122;0;
6186;2816702;1204367360;16207872;1378979840;0;0;0;0;0;0;0;0;0;0;0;2364;0;0;125;0;122;0;
6187;3298406;1204367360;16207872;1378979840;0;0;0;0;0;0;0;0;0;0;0;1794;0;0;125;0;122;0;
6188;3136402;1204367360;16207872;1378979840;0;0;0;0;0;0;0;0;0;0;0;3477;0;0;125;0;122;0;
6189;7792414;1204367360;16207872;1378979840;0;0;0;0;0;0;0;0;0;0;0;3837;0;0;125;0;122;0;
6190;6263727;1204367360;16207872;1378979840;0;0;0;0;0;0;0;0;0;0;0;2985;0;0;125;0;122;0;
6191;5505485;1204367360;16207872;1378979840;0;0;0;0;0;0;0;0;0;0;0;3557;0;0;125;0;122;0;
6192;2932520;1204367360;16207872;1378979840;0;0;0;0;0;0;0;0;0;0;0;2705;0;0;125;0;122;0;
6193;4532340;1204367360;16207872;1378979840;0;0;0;0;0;0;0;0;0;0;0;3757;0;0;125;0;122;0;
6194;4974679;1204367360;16207872;1378979840;0;0;0;0;0;0;0;0;0;0;0;3266;0;0;125;0;122;0;
6195;8841191;1204367360;16207872;1378979840;0;0;0;0;0;0;0;0;0;0;0;3176;0;0;125;0;122;0;
6196;3998017;1204367360;16207872;1378979840;0;0;0;0;0;0;0;0;0;0;0;2866;0;0;125;0;122;0;
6197;5040423;1204367360;16207872;1378979840;0;0;0;0;0;0;0;0;0;0;0;2665;0;0;125;0;122;0;
6198;4362141;1204367360;16207872;1378979840;0;0;0;0;0;0;0;0;0;0;0;2995;0;0;125;0;122;0;
6199;4113204;1204367360;16207872;1378979840;0;0;0;0;0;0;0;0;0;0;0;2865;0;0;125;0;122;0;
6200;4011513;1204367360;16207872;1378979840;0;0;0;0;0;0;0;0;0;0;0;3005;0;0;125;0;122;0;
6201;9555009;1204367360;16207872;1378979840;0;0;0;0;0;0;0;0;0;0;0;4088;0;0;125;0;122;0;
6202;5152503;1204367360;16207872;1378979840;0;0;0;0;0;0;0;0;0;0;0;3075;0;0;125;0;122;0;
6203;6160162;1204367360;16207872;1378979840;0;0;0;0;0;0;0;0;0;0;0;2915;0;0;125;0;122;0;
6204;5090767;1204367360;16207872;1378979840;0;0;0;0;0;0;0;0;0;0;0;3396;0;0;125;0;122;0;
6205;5271486;1204367360;16207872;1378979840;0;0;0;0;0;0;0;0;0;0;0;3697;0;0;125;0;122;0;
6206;4521490;1204367360;16207872;1378979840;0;0;0;0;0;0;0;0;0;0;0;2956;0;0;125;0;122;0;
6207;8068001;1204367360;16207872;1378979840;0;0;0;0;0;0;0;0;0;0;0;3376;0;0;125;0;122;0;
6208;4964761;1204367360;16207872;1378979840;0;0;0;0;0;0;0;0;0;0;0;2766;0;0;125;0;122;0;
6209;4198665;1204367360;16207872;1378979840;0;0;0;0;0;0;0;0;0;0;0;2846;0;0;125;0;122;0;
6210;3952933;1204367360;16207872;1378979840;0;0;0;0;0;0;0;0;0;0;0;2786;0;0;125;0;122;0;
6211;4243858;1204367360;16207872;1378979840;0;0;0;0;0;0;0;0;0;0;0;2504;0;0;125;0;122;0;
6212;3475858;1204367360;16207872;1378979840;0;0;0;0;0;0;0;0;0;0;0;3076;0;0;125;0;122;0;
6213;11236012;1204367360;16207872;1378979840;0;0;0;0;0;0;0;0;0;0;0;3026;0;0;125;0;122;0;
6214;5996516;1204367360;16207872;1378979840;0;0;0;0;0;0;0;0;0;0;0;3857;0;0;125;0;122;0;
6215;5104693;1204367360;16207872;1378979840;0;0;0;0;0;0;0;0;0;0;0;2454;0;0;125;0;122;0;
6216;4939303;1204367360;16207872;1378979840;0;0;0;0;0;0;0;0;0;0;0;2995;0;0;125;0;122;0;
6217;4089469;1204367360;16207872;1378979840;0;0;0;0;0;0;0;0;0;0;0;3386;0;0;125;0;122;0;
6218;4225454;1204367360;16207872;1378979840;0;0;0;0;0;0;0;0;0;0;0;3056;0;0;125;0;122;0;
6219;8108637;1204367360;16207872;1378979840;0;0;0;0;0;0;0;0;0;0;0;3517;0;0;125;0;122;0;
6220;6124756;1204367360;16207872;1378979840;0;0;0;0;0;0;0;0;0;0;0;4388;0;0;125;0;122;0;
6221;6218562;1204367360;16207872;1378979840;0;0;0;0;0;0;0;0;0;0;0;3266;0;0;125;0;122;0;
6222;4483909;1204367360;16207872;1378979840;0;0;0;0;0;0;0;0;0;0;0;3717;0;0;125;0;122;0;
6223;5654885;1204367360;16207872;1378979840;0;0;0;0;0;0;0;0;0;0;0;3577;0;0;125;0;122;0;
6224;4305003;1204367360;16207872;1378979840;0;0;0;0;0;0;0;0;0;0;0;3597;0;0;125;0;122;0;
6225;9684983;1204367360;16207872;1378979840;0;0;0;0;0;0;0;0;0;0;0;3667;0;0;125;0;122;0;
6226;7082352;1204367360;16207872;1378979840;0;0;0;0;0;0;0;0;0;0;0;3166;0;0;125;0;122;0;
6227;6715885;1204367360;16207872;1378979840;0;0;0;0;0;0;0;0;0;0;0;3216;0;0;125;0;122;0;
6228;4994817;1204367360;16207872;1378979840;0;0;0;0;0;0;0;0;0;0;0;3146;0;0;125;0;122;0;
6229;3898161;1204367360;16207872;1378979840;0;0;0;0;0;0;0;0;0;0;0;3516;0;0;125;0;122;0;
6230;6894440;1204367360;16207872;1378979840;0;0;0;0;0;0;0;0;0;0;0;3186;0;0;125;0;122;0;
6231;8836151;1204367360;16207872;1378979840;0;0;0;0;0;0;0;0;0;0;0;3467;0;0;125;0;122;0;
6232;7928358;1204367360;16207872;1378979840;0;0;0;0;0;0;0;0;0;0;0;3988;0;0;125;0;122;0;
6233;6642177;1204367360;16207872;1378979840;0;0;0;0;0;0;0;0;0;0;0;3196;0;0;125;0;122;0;
6234;6702419;1204367360;16207872;1378979840;0;0;0;0;0;0;0;0;0;0;0;3086;0;0;125;0;122;0;
6235;15541607;1204367360;16207872;1378979840;0;0;0;0;0;0;0;0;0;0;0;4528;0;0;125;0;122;0;
6236;3969384;1204367360;16207872;1378979840;0;0;0;0;0;0;0;0;0;0;0;3136;0;0;125;0;122;0;
6237;10467771;1204367360;16207872;1378979840;0;0;0;0;0;0;0;0;0;0;0;3337;0;0;125;0;122;0;
6238;8415432;1204367360;16207872;1378979840;0;0;0;0;0;0;0;0;0;0;0;3286;0;0;125;0;122;0;
6239;6958410;1204367360;16207872;1378979840;0;0;0;0;0;0;0;0;0;0;0;3286;0;0;125;0;122;0;
6240;3582759;1204367360;16207872;1378979840;0;0;0;0;0;0;0;0;0;0;0;2956;0;0;125;0;122;0;
6241;5449500;1204367360;16207872;1378979840;0;0;0;0;0;0;0;0;0;0;0;3907;0;0;125;0;122;0;
6242;5300982;1204367360;16207872;1378979840;0;0;0;0;0;0;0;0;0;0;0;3426;0;0;125;0;122;0;
6243;8218032;1204367360;16207872;1378979840;0;0;0;0;0;0;0;0;0;0;0;3286;0;0;125;0;122;0;
6244;5987088;1204367360;16207872;1378979840;0;0;0;0;0;0;0;0;0;0;0;5951;0;0;125;0;122;0;
6245;7115604;1204367360;16207872;1378979840;0;0;0;0;0;0;0;0;0;0;0;2875;0;0;125;0;122;0;
6246;4034877;1204367360;16207872;1378979840;0;0;0;0;0;0;0;0;0;0;0;3587;0;0;125;0;122;0;
6247;5236601;1204367360;16207872;1378979840;0;0;0;0;0;0;0;0;0;0;0;11371;0;0;125;0;122;0;
6248;4054584;1204367360;16207872;1378979840;0;0;0;0;0;0;0;0;0;0;0;3046;0;0;125;0;122;0;
6249;7640138;1204367360;16207872;1378979840;0;0;0;0;0;0;0;0;0;0;0;3707;0;0;125;0;122;0;
6250;6498477;1204367360;16207872;1378979840;0;0;0;0;0;0;0;0;0;0;0;3487;0;0;125;0;122;0;
6251;4974268;1204367360;16207872;1378979840;0;0;0;0;0;0;0;0;0;0;0;3807;0;0;125;0;122;0;
6252;2548659;1204367360;16207872;1378979840;0;0;0;0;0;0;0;0;0;0;0;4048;0;0;125;0;122;0;
6253;3536923;1204367360;16207872;1378979840;0;0;0;0;0;0;0;0;0;0;0;2535;0;0;125;0;122;0;
6254;3722421;1204367360;16207872;1378979840;0;0;0;0;0;0;0;0;0;0;0;2665;0;0;125;0;122;0;
6255;7045763;1204367360;16207872;1378979840;0;0;0;0;0;0;0;0;0;0;0;2755;0;0;125;0;122;0;
6256;5095366;1204367360;16207872;1378979840;0;0;0;0;0;0;0;0;0;0;0;2816;0;0;125;0;122;0;
6257;2643007;1204367360;16207872;1378979840;0;0;0;0;0;0;0;0;0;0;0;2575;0;0;125;0;122;0;
6258;3090436;1204367360;16207872;1378979840;0;0;0;0;0;0;0;0;0;0;0;3096;0;0;125;0;122;0;
6259;4146056;1204367360;16207872;1378979840;0;0;0;0;0;0;0;0;0;0;0;3216;0;0;125;0;122;0;
6260;2737293;1204367360;16207872;1378979840;0;0;0;0;0;0;0;0;0;0;0;2294;0;0;125;0;122;0;
6261;7214951;1204367360;16207872;1378979840;0;0;0;0;0;0;0;0;0;0;0;3286;0;0;125;0;122;0;
6262;10803641;1204367360;16207872;1378979840;0;0;0;0;0;0;0;0;0;0;0;3336;0;0;125;0;122;0;
6263;4410692;1204367360;16207872;1378979840;0;0;0;0;0;0;0;0;0;0;0;2585;0;0;125;0;122;0;
6264;4142850;1204367360;16207872;1378979840;0;0;0;0;0;0;0;0;0;0;0;3586;0;0;125;0;122;0;
6265;4554661;1204367360;16207872;1378979840;0;0;0;0;0;0;0;0;0;0;0;2856;0;0;125;0;122;0;
6266;5086389;1204367360;16207872;1378979840;0;0;0;0;0;0;0;0;0;0;0;3156;0;0;125;0;122;0;
6267;9458138;1204367360;16207872;1378979840;0;0;0;0;0;0;0;0;0;0;0;2795;0;0;125;0;122;0;
6268;9207708;1204367360;16207872;1378979840;0;0;0;0;0;0;0;0;0;0;0;3366;0;0;125;0;122;0;
6269;4728477;1204367360;16207872;1378979840;0;0;0;0;0;0;0;0;0;0;0;3547;0;0;125;0;122;0;
6270;3251879;1204367360;16207872;1378979840;0;0;0;0;0;0;0;0;0;0;0;3095;0;0;125;0;122;0;
6271;2581562;1204367360;16207872;1378979840;0;0;0;0;0;0;0;0;0;0;0;2866;0;0;125;0;122;0;
6272;2790023;1204367360;16207872;1378979840;0;0;0;0;0;0;0;0;0;0;0;2435;0;0;125;0;122;0;
6273;8184008;1204367360;16207872;1378979840;0;0;0;0;0;0;0;0;0;0;0;3136;0;0;125;0;122;0;
6274;5720819;1204367360;16207872;1378979840;0;0;0;0;0;0;0;0;0;0;0;3787;0;0;125;0;122;0;
6275;5747459;1204367360;16207872;1378979840;0;0;0;0;0;0;0;0;0;0;0;3938;0;0;125;0;122;0;
6276;3062944;1204367360;16207872;1378979840;0;0;0;0;0;0;0;0;0;0;0;3216;0;0;125;0;122;0;
6277;4270839;1204367360;16207872;1378979840;0;0;0;0;0;0;0;0;0;0;0;3056;0;0;125;0;122;0;
6278;4311255;1204367360;16207872;1378979840;0;0;0;0;0;0;0;0;0;0;0;3126;0;0;125;0;122;0;
6279;7637132;1204367360;16207872;1378979840;0;0;0;0;0;0;0;0;0;0;0;3126;0;0;125;0;122;0;
6280;7160869;1204367360;16207872;1378979840;0;0;0;0;0;0;0;0;0;0;0;2885;0;0;125;0;122;0;
6281;3032427;1204367360;16207872;1378979840;0;0;0;0;0;0;0;0;0;0;0;3347;0;0;125;0;122;0;
6282;2504587;1204367360;16207872;1378979840;0;0;0;0;0;0;0;0;0;0;0;3306;0;0;125;0;122;0;
6283;4468650;1204367360;16207872;1378979840;0;0;0;0;0;0;0;0;0;0;0;2945;0;0;125;0;122;0;
6284;3322781;1204367360;16207872;1378979840;0;0;0;0;0;0;0;0;0;0;0;2975;0;0;125;0;122;0;
6285;8706178;1204367360;16207872;1378979840;0;0;0;0;0;0;0;0;0;0;0;2965;0;0;125;0;122;0;
6286;2816823;1204367360;16207872;1378979840;0;0;0;0;0;0;0;0;0;0;0;3095;0;0;125;0;122;0;
6287;1748810;1204367360;16207872;1378979840;0;0;0;0;0;0;0;0;0;0;0;1262;0;0;125;0;122;0;
6288;1721779;1204367360;16207872;1378979840;0;0;0;0;0;0;0;0;0;0;0;1563;0;0;125;0;122;0;
6289;3219448;1204367360;16207872;1378979840;0;0;0;0;0;0;0;0;0;0;0;2495;0;0;125;0;122;0;
6290;3525211;1204367360;16207872;1378979840;0;0;0;0;0;0;0;0;0;0;0;2906;0;0;125;0;122;0;
6291;6463702;1204367360;16207872;1378979840;0;0;0;0;0;0;0;0;0;0;0;3647;0;0;125;0;122;0;
6292;5269753;1204367360;16207872;1378979840;0;0;0;0;0;0;0;0;0;0;0;2976;0;0;125;0;122;0;
6293;3461712;1204367360;16207872;1378979840;0;0;0;0;0;0;0;0;0;0;0;9197;0;0;125;0;122;0;
6294;4780264;1204367360;16207872;1378979840;0;0;0;0;0;0;0;0;0;0;0;3286;0;0;125;0;122;0;
6295;4610807;1204367360;16207872;1378979840;0;0;0;0;0;0;0;0;0;0;0;2685;0;0;125;0;122;0;
6296;4848983;1204367360;16207872;1378979840;0;0;0;0;0;0;0;0;0;0;0;2635;0;0;125;0;122;0;
6297;7151962;1204367360;16207872;1378979840;0;0;0;0;0;0;0;0;0;0;0;3055;0;0;125;0;122;0;
6298;2734037;1204367360;16207872;1378979840;0;0;0;0;0;0;0;0;0;0;0;2575;0;0;125;0;122;0;
6299;4169540;1204367360;16207872;1378979840;0;0;0;0;0;0;0;0;0;0;0;2004;0;0;125;0;122;0;
6300;2840738;1204367360;16207872;1378979840;0;0;0;0;0;0;0;0;0;0;0;2394;0;0;125;0;122;0;
6301;3776242;1204367360;16207872;1378979840;0;0;0;0;0;0;0;0;0;0;0;2405;0;0;125;0;122;0;
6302;2422153;1204367360;16207872;1378979840;0;0;0;0;0;0;0;0;0;0;0;2284;0;0;125;0;122;0;
6303;6159932;1204367360;16207872;1378979840;0;0;0;0;0;0;0;0;0;0;0;2955;0;0;125;0;122;0;
6304;3322441;1204367360;16207872;1378979840;0;0;0;0;0;0;0;0;0;0;0;3086;0;0;125;0;122;0;
6305;3331448;1204367360;16207872;1378979840;0;0;0;0;0;0;0;0;0;0;0;2274;0;0;125;0;122;0;
6306;2164870;1204367360;16207872;1378979840;0;0;0;0;0;0;0;0;0;0;0;2545;0;0;125;0;122;0;
6307;2601429;1204367360;16207872;1378979840;0;0;0;0;0;0;0;0;0;0;0;2945;0;0;125;0;122;0;
6308;2555092;1204367360;16207872;1378979840;0;0;0;0;0;0;0;0;0;0;0;2615;0;0;125;0;122;0;
6309;6340891;1204367360;16207872;1378979840;0;0;0;0;0;0;0;0;0;0;0;2755;0;0;125;0;122;0;
6310;3313524;1204367360;16207872;1378979840;0;0;0;0;0;0;0;0;0;0;0;2334;0;0;125;0;122;0;
6311;2721394;1204367360;16207872;1378979840;0;0;0;0;0;0;0;0;0;0;0;2284;0;0;125;0;122;0;
6312;1216060;1204367360;16207872;1378979840;0;0;0;0;0;0;0;0;0;0;0;2083;0;0;125;0;122;0;
6313;1324283;1204367360;16207872;1378979840;0;0;0;0;0;0;0;0;0;0;0;2144;0;0;125;0;122;0;
6314;1956990;1204367360;16207872;1378979840;0;0;0;0;0;0;0;0;0;0;0;2074;0;0;125;0;122;0;
6315;6146417;1204367360;16207872;1378979840;0;0;0;0;0;0;0;0;0;0;0;3296;0;0;125;0;122;0;
6316;1888441;1204367360;16207872;1378979840;0;0;0;0;0;0;0;0;0;0;0;1583;0;0;125;0;122;0;
6317;2365827;1204367360;16207872;1378979840;0;0;0;0;0;0;0;0;0;0;0;1432;0;0;125;0;122;0;
6318;1078303;1204367360;16207872;1378979840;0;0;0;0;0;0;0;0;0;0;0;1813;0;0;125;0;122;0;
6319;2419547;1204367360;16207872;1378979840;0;0;0;0;0;0;0;0;0;0;0;2235;0;0;125;0;122;0;
6320;2649058;1204367360;16207872;1378979840;0;0;0;0;0;0;0;0;0;0;0;2525;0;0;125;0;122;0;
6321;6473390;1204367360;16207872;1378979840;0;0;0;0;0;0;0;0;0;0;0;2695;0;0;125;0;122;0;
6322;3167159;1204367360;16207872;1378979840;0;0;0;0;0;0;0;0;0;0;0;3407;0;0;125;0;122;0;
6323;1748870;1204367360;16207872;1378979840;0;0;0;0;0;0;0;0;0;0;0;1383;0;0;125;0;122;0;
6324;1705489;1204367360;16207872;1378979840;0;0;0;0;0;0;0;0;0;0;0;1412;0;0;125;0;122;0;
6325;1841784;1204367360;16207872;1378979840;0;0;0;0;0;0;0;0;0;0;0;1934;0;0;125;0;122;0;
6326;3378757;1204367360;16207872;1378979840;0;0;0;0;0;0;0;0;0;0;0;1783;0;0;125;0;122;0;
6327;7528780;1204367360;16207872;1378979840;0;0;0;0;0;0;0;0;0;0;0;2695;0;0;125;0;122;0;
6328;2150713;1204367360;16207872;1378979840;0;0;0;0;0;0;0;0;0;0;0;2214;0;0;125;0;122;0;
6329;1980023;1204367360;16207872;1378979840;0;0;0;0;0;0;0;0;0;0;0;1463;0;0;125;0;122;0;
6330;1781681;1204367360;16207872;1378979840;0;0;0;0;0;0;0;0;0;0;0;1693;0;0;125;0;122;0;
6331;2983856;1204367360;16207872;1378979840;0;0;0;0;0;0;0;0;0;0;0;2495;0;0;125;0;122;0;
6332;2154911;1204367360;16207872;1378979840;0;0;0;0;0;0;0;0;0;0;0;1603;0;0;125;0;122;0;
6333;6539014;1204367360;16207872;1378979840;0;0;0;0;0;0;0;0;0;0;0;2625;0;0;125;0;122;0;
6334;2778461;1204367360;16207872;1378979840;0;0;0;0;0;0;0;0;0;0;0;2655;0;0;125;0;122;0;
6335;1700268;1204367360;16207872;1378979840;0;0;0;0;0;0;0;0;0;0;0;1733;0;0;125;0;122;0;
6336;1907858;1204367360;16207872;1378979840;0;0;0;0;0;0;0;0;0;0;0;1733;0;0;125;0;122;0;
6337;3062113;1204367360;16207872;1378979840;0;0;0;0;0;0;0;0;0;0;0;2264;0;0;125;0;122;0;
6338;2390804;1204367360;16207872;1378979840;0;0;0;0;0;0;0;0;0;0;0;1933;0;0;125;0;122;0;
6339;7285843;1204367360;16207872;1378979840;0;0;0;0;0;0;0;0;0;0;0;2896;0;0;125;0;122;0;
6340;2463129;1204367360;16207872;1378979840;0;0;0;0;0;0;0;0;0;0;0;2585;0;0;125;0;122;0;
6341;1806718;1204367360;16207872;1378979840;0;0;0;0;0;0;0;0;0;0;0;105718;0;0;125;0;122;0;
6342;2025809;1204367360;16207872;1378979840;0;0;0;0;0;0;0;0;0;0;0;1643;0;0;125;0;122;0;
6343;2894308;1204367360;16207872;1378979840;0;0;0;0;0;0;0;0;0;0;0;2244;0;0;125;0;122;0;
6344;2652154;1204367360;16207872;1378979840;0;0;0;0;0;0;0;0;0;0;0;2525;0;0;125;0;122;0;
6345;6361691;1204367360;16207872;1378979840;0;0;0;0;0;0;0;0;0;0;0;2354;0;0;125;0;122;0;
6346;3231370;1204367360;16207872;1378979840;0;0;0;0;0;0;0;0;0;0;0;2825;0;0;125;0;122;0;
6347;2598333;1204367360;16207872;1378979840;0;0;0;0;0;0;0;0;0;0;0;1563;0;0;125;0;122;0;
6348;1629145;1204367360;16207872;1378979840;0;0;0;0;0;0;0;0;0;0;0;1593;0;0;125;0;122;0;
6349;2683122;1204367360;16207872;1378979840;0;0;0;0;0;0;0;0;0;0;0;2555;0;0;125;0;122;0;
6350;1970966;1204367360;16207872;1378979840;0;0;0;0;0;0;0;0;0;0;0;1884;0;0;125;0;122;0;
6351;6908676;1204367360;16207872;1378979840;0;0;0;0;0;0;0;0;0;0;0;2485;0;0;125;0;122;0;
6352;3187738;1204367360;16207872;1378979840;0;0;0;0;0;0;0;0;0;0;0;2856;0;0;125;0;122;0;
6353;4142869;1204367360;16207872;1378979840;0;0;0;0;0;0;0;0;0;0;0;1883;0;0;125;0;122;0;
6354;2547879;1204367360;16207872;1378979840;0;0;0;0;0;0;0;0;0;0;0;2184;0;0;125;0;122;0;
6355;3392993;1204367360;16207872;1378979840;0;0;0;0;0;0;0;0;0;0;0;2134;0;0;125;0;122;0;
6356;2148129;1204367360;16207872;1378979840;0;0;0;0;0;0;0;0;0;0;0;1784;0;0;125;0;122;0;
6357;5715048;1204367360;16207872;1378979840;0;0;0;0;0;0;0;0;0;0;0;2815;0;0;125;0;122;0;
6358;3258090;1204367360;16207872;1378979840;0;0;0;0;0;0;0;0;0;0;0;3156;0;0;125;0;122;0;
6359;2192692;1204367360;16207872;1378979840;0;0;0;0;0;0;0;0;0;0;0;1443;0;0;125;0;122;0;
6360;2290696;1204367360;16207872;1378979840;0;0;0;0;0;0;0;0;0;0;0;1623;0;0;125;0;122;0;
6361;2173897;1204367360;16207872;1378979840;0;0;0;0;0;0;0;0;0;0;0;1994;0;0;125;0;122;0;
6362;2837752;1204367360;16207872;1378979840;0;0;0;0;0;0;0;0;0;0;0;1864;0;0;125;0;122;0;
6363;5745816;1204367360;16207872;1378979840;0;0;0;0;0;0;0;0;0;0;0;2675;0;0;125;0;122;0;
6364;3758288;1204367360;16207872;1378979840;0;0;0;0;0;0;0;0;0;0;0;2064;0;0;125;0;122;0;
6365;3340785;1204367360;16207872;1378979840;0;0;0;0;0;0;0;0;0;0;0;2435;0;0;125;0;122;0;
6366;1797010;1204367360;16207872;1378979840;0;0;0;0;0;0;0;0;0;0;0;1593;0;0;125;0;122;0;
6367;1926934;1204367360;16207872;1378979840;0;0;0;0;0;0;0;0;0;0;0;1523;0;0;125;0;122;0;
6368;2126287;1204367360;16207872;1378979840;0;0;0;0;0;0;0;0;0;0;0;1493;0;0;125;0;122;0;
6369;6937871;1204367360;16207872;1378979840;0;0;0;0;0;0;0;0;0;0;0;3387;0;0;125;0;122;0;
6370;3989231;1204367360;16207872;1378979840;0;0;0;0;0;0;0;0;0;0;0;3066;0;0;125;0;122;0;
6371;3226872;1204367360;16207872;1378979840;0;0;0;0;0;0;0;0;0;0;0;2294;0;0;125;0;122;0;
6372;2646774;1204367360;16207872;1378979840;0;0;0;0;0;0;0;0;0;0;0;2495;0;0;125;0;122;0;
6373;2524404;1204367360;16207872;1378979840;0;0;0;0;0;0;0;0;0;0;0;1853;0;0;125;0;122;0;
6374;1796028;1204367360;16207872;1378979840;0;0;0;0;0;0;0;0;0;0;0;1243;0;0;125;0;122;0;
6375;6456438;1204367360;16207872;1378979840;0;0;0;0;0;0;0;0;0;0;0;3105;0;0;125;0;122;0;
6376;3801058;1204367360;16207872;1378979840;0;0;0;0;0;0;0;0;0;0;0;2925;0;0;125;0;122;0;
6377;3532194;1204367360;16207872;1378979840;0;0;0;0;0;0;0;0;0;0;0;1964;0;0;125;0;122;0;
6378;2123783;1204367360;16207872;1378979840;0;0;0;0;0;0;0;0;0;0;0;1994;0;0;125;0;122;0;
6379;1607836;1204367360;16207872;1378979840;0;0;0;0;0;0;0;0;0;0;0;1452;0;0;125;0;122;0;
6380;1320666;1204367360;16207872;1378979840;0;0;0;0;0;0;0;0;0;0;0;1463;0;0;125;0;122;0;
6381;6937030;1204367360;16207872;1378979840;0;0;0;0;0;0;0;0;0;0;0;3136;0;0;125;0;122;0;
6382;4230735;1204367360;16207872;1378979840;0;0;0;0;0;0;0;0;0;0;0;3146;0;0;125;0;122;0;
6383;2971253;1204367360;16207872;1378979840;0;0;0;0;0;0;0;0;0;0;0;2464;0;0;125;0;122;0;
6384;1773907;1204367360;16207872;1378979840;0;0;0;0;0;0;0;0;0;0;0;2604;0;0;125;0;122;0;
6385;12474144;1204367360;16207872;1378979840;0;0;0;0;0;0;0;0;0;0;0;88917;0;0;125;0;122;0;
6386;2259948;1204367360;16207872;1378979840;0;0;0;0;0;0;0;0;0;0;0;3156;0;0;125;0;122;0;
6387;4388410;1204367360;16207872;1378979840;0;0;0;0;0;0;0;0;0;0;0;2434;0;0;125;0;122;0;
6388;3182939;1204367360;16207872;1378979840;0;0;0;0;0;0;0;0;0;0;0;2314;0;0;125;0;122;0;
6389;2744567;1204367360;16207872;1378979840;0;0;0;0;0;0;0;0;0;0;0;1853;0;0;125;0;122;0;
6390;1942382;1204367360;16207872;1378979840;0;0;0;0;0;0;0;0;0;0;0;2334;0;0;125;0;122;0;
6391;3033679;1204367360;16207872;1378979840;0;0;0;0;0;0;0;0;0;0;0;2655;0;0;125;0;122;0;
6392;2318638;1204367360;16207872;1378979840;0;0;0;0;0;0;0;0;0;0;0;2094;0;0;125;0;122;0;
6393;5387504;1204367360;16207872;1378979840;0;0;0;0;0;0;0;0;0;0;0;2475;0;0;125;0;122;0;
6394;2677652;1204367360;16207872;1378979840;0;0;0;0;0;0;0;0;0;0;0;3086;0;0;125;0;122;0;
6395;2780224;1204367360;16207872;1378979840;0;0;0;0;0;0;0;0;0;0;0;1673;0;0;125;0;122;0;
6396;1985133;1204367360;16207872;1378979840;0;0;0;0;0;0;0;0;0;0;0;2004;0;0;125;0;122;0;
6397;2987452;1204367360;16207872;1378979840;0;0;0;0;0;0;0;0;0;0;0;2535;0;0;125;0;122;0;
6398;2575660;1204367360;16207872;1378979840;0;0;0;0;0;0;0;0;0;0;0;2064;0;0;125;0;122;0;
6399;6655041;1204367360;16207872;1378979840;0;0;0;0;0;0;0;0;0;0;0;3116;0;0;125;0;122;0;
6400;2843693;1204367360;16207872;1378979840;0;0;0;0;0;0;0;0;0;0;0;2685;0;0;125;0;122;0;
6401;2521198;1204367360;16207872;1378979840;0;0;0;0;0;0;0;0;0;0;0;1613;0;0;125;0;122;0;
6402;2113644;1204367360;16207872;1378979840;0;0;0;0;0;0;0;0;0;0;0;1914;0;0;125;0;122;0;
6403;3516995;1204367360;16207872;1378979840;0;0;0;0;0;0;0;0;0;0;0;2415;0;0;125;0;122;0;
6404;2580390;1204367360;16207872;1378979840;0;0;0;0;0;0;0;0;0;0;0;2454;0;0;125;0;122;0;
6405;6993155;1204367360;16207872;1378979840;0;0;0;0;0;0;0;0;0;0;0;3036;0;0;125;0;122;0;
6406;3537695;1204367360;16207872;1378979840;0;0;0;0;0;0;0;0;0;0;0;2385;0;0;125;0;122;0;
6407;1567810;1204367360;16207872;1378979840;0;0;0;0;0;0;0;0;0;0;0;1633;0;0;125;0;122;0;
6408;1960507;1204367360;16207872;1378979840;0;0;0;0;0;0;0;0;0;0;0;2605;0;0;125;0;122;0;
6409;2251532;1204367360;16207872;1378979840;0;0;0;0;0;0;0;0;0;0;0;2084;0;0;125;0;122;0;
6410;2237867;1204367360;16207872;1378979840;0;0;0;0;0;0;0;0;0;0;0;2384;0;0;125;0;122;0;
6411;5410697;1204367360;16207872;1378979840;0;0;0;0;0;0;0;0;0;0;0;3586;0;0;125;0;122;0;
6412;4195749;1204367360;16207872;1378979840;0;0;0;0;0;0;0;0;0;0;0;2545;0;0;125;0;122;0;
6413;3030764;1204367360;16207872;1378979840;0;0;0;0;0;0;0;0;0;0;0;1823;0;0;125;0;122;0;
6414;2788319;1204367360;16207872;1378979840;0;0;0;0;0;0;0;0;0;0;0;2565;0;0;125;0;122;0;
6415;3906456;1204367360;16207872;1378979840;0;0;0;0;0;0;0;0;0;0;0;2876;0;0;125;0;122;0;
6416;2130827;1204367360;16207872;1378979840;0;0;0;0;0;0;0;0;0;0;0;2835;0;0;125;0;122;0;
6417;8635785;1204367360;16216064;1378988032;0;0;0;0;0;0;0;0;0;0;0;2675;0;0;125;0;122;0;
6418;3906817;1204367360;16216064;1378988032;0;0;0;0;0;0;0;0;0;0;0;2464;0;0;125;0;122;0;
6419;3154556;1204367360;16216064;1378988032;0;0;0;0;0;0;0;0;0;0;0;1743;0;0;125;0;122;0;
6420;1811687;1204367360;16216064;1378988032;0;0;0;0;0;0;0;0;0;0;0;2094;0;0;125;0;122;0;
6421;2761990;1204367360;16216064;1378988032;0;0;0;0;0;0;0;0;0;0;0;2084;0;0;125;0;122;0;
6422;3256297;1204367360;16216064;1378988032;0;0;0;0;0;0;0;0;0;0;0;3146;0;0;125;0;122;0;
6423;6980931;1204367360;16216064;1378988032;0;0;0;0;0;0;0;0;0;0;0;3015;0;0;125;0;122;0;
6424;1568291;1204367360;16216064;1378988032;0;0;0;0;0;0;0;0;0;0;0;1834;0;0;125;0;122;0;
6425;2004729;1204367360;16216064;1378988032;0;0;0;0;0;0;0;0;0;0;0;1493;0;0;125;0;122;0;
6426;2585119;1204367360;16216064;1378988032;0;0;0;0;0;0;0;0;0;0;0;107242;0;0;125;0;122;0;
6427;3518419;1204367360;16216064;1378988032;0;0;0;0;0;0;0;0;0;0;0;2354;0;0;125;0;122;0;
6428;2517672;1204367360;16216064;1378988032;0;0;0;0;0;0;0;0;0;0;0;3807;0;0;125;0;122;0;
6429;5970366;1204367360;16216064;1378988032;0;0;0;0;0;0;0;0;0;0;0;2325;0;0;125;0;122;0;
6430;2526949;1204367360;16216064;1378988032;0;0;0;0;0;0;0;0;0;0;0;2785;0;0;125;0;122;0;
6431;2707388;1204371456;16207872;1378979840;0;0;0;0;0;0;0;0;0;0;0;1553;0;0;125;0;122;0;
6432;1625018;1204371456;16207872;1378979840;0;0;0;0;0;0;0;0;0;0;0;2164;0;0;125;0;122;0;
6433;5179193;1204371456;16207872;1378979840;0;0;0;0;0;0;0;0;0;0;0;2475;0;0;125;0;122;0;
6434;3992979;1204371456;16207872;1378979840;0;0;0;0;0;0;0;0;0;0;0;3327;0;0;125;0;122;0;
6435;8061809;1204371456;16207872;1378979840;0;0;0;0;0;0;0;0;0;0;0;4408;0;0;125;0;122;0;
6436;4943250;1204371456;16207872;1378979840;0;0;0;0;0;0;0;0;0;0;0;2755;0;0;125;0;122;0;
6437;4760518;1204371456;16207872;1378979840;0;0;0;0;0;0;0;0;0;0;0;2425;0;0;125;0;122;0;
6438;3615721;1204371456;16207872;1378979840;0;0;0;0;0;0;0;0;0;0;0;4388;0;0;125;0;122;0;
6439;4107202;1204371456;16207872;1378979840;0;0;0;0;0;0;0;0;0;0;0;2395;0;0;125;0;122;0;
6440;4078018;1204371456;16207872;1378979840;0;0;0;0;0;0;0;0;0;0;0;2796;0;0;125;0;122;0;
6441;8723960;1204371456;16207872;1378979840;0;0;0;0;0;0;0;0;0;0;0;3306;0;0;125;0;122;0;
6442;4640503;1204371456;16207872;1378979840;0;0;0;0;0;0;0;0;0;0;0;2765;0;0;125;0;122;0;
6443;2339337;1204371456;16207872;1378979840;0;0;0;0;0;0;0;0;0;0;0;1814;0;0;125;0;122;0;
6444;2281208;1204371456;16207872;1378979840;0;0;0;0;0;0;0;0;0;0;0;1913;0;0;125;0;122;0;
6445;3341076;1204371456;16207872;1378979840;0;0;0;0;0;0;0;0;0;0;0;2034;0;0;125;0;122;0;
6446;4679155;1204641792;16207872;1378979840;0;0;0;0;0;0;0;0;0;0;0;2915;0;0;125;0;122;0;
6447;6474542;1204641792;16207872;1378979840;0;0;0;0;0;0;0;0;0;0;0;3266;0;0;125;0;122;0;
6448;4239440;1204641792;16207872;1378979840;0;0;0;0;0;0;0;0;0;0;0;2275;0;0;125;0;122;0;
6449;6691279;1210933248;16207872;1395757056;0;0;0;0;0;0;0;0;0;0;0;3627;0;0;126;0;122;0;
6450;5314897;1210933248;16207872;1395757056;0;0;0;0;0;0;0;0;0;0;0;3016;0;0;126;0;122;0;
6451;3950970;1210933248;16207872;1395757056;0;0;0;0;0;0;0;0;0;0;0;2775;0;0;126;0;122;0;
6452;2933341;1210933248;16207872;1395757056;0;0;0;0;0;0;0;0;0;0;0;2545;0;0;126;0;122;0;
6453;5131043;1210933248;16207872;1395757056;0;0;0;0;0;0;0;0;0;0;0;1964;0;0;126;0;122;0;
6454;6161355;1210933248;16207872;1395757056;0;0;0;0;0;0;0;0;0;0;0;3156;0;0;126;0;122;0;
6455;3907158;1210933248;16207872;1395757056;0;0;0;0;0;0;0;0;0;0;0;2324;0;0;126;0;122;0;
6456;2676750;1210933248;16207872;1395757056;0;0;0;0;0;0;0;0;0;0;0;2595;0;0;126;0;122;0;
6457;3514040;1210933248;16207872;1395757056;0;0;0;0;0;0;0;0;0;0;0;3687;0;0;126;0;122;0;
6458;2847400;1210933248;16207872;1395757056;0;0;0;0;0;0;0;0;0;0;0;2094;0;0;126;0;122;0;
6459;8152369;1210933248;16207872;1395757056;0;0;0;0;0;0;0;0;0;0;0;3056;0;0;126;0;122;0;
6460;5367145;1210933248;16207872;1395757056;0;0;0;0;0;0;0;0;0;0;0;3156;0;0;126;0;122;0;
6461;5469046;1210933248;16207872;1395757056;0;0;0;0;0;0;0;0;0;0;0;2554;0;0;126;0;122;0;
6462;2562235;1210933248;16207872;1395757056;0;0;0;0;0;0;0;0;0;0;0;2485;0;0;126;0;122;0;
6463;3703886;1210933248;16207872;1395757056;0;0;0;0;0;0;0;0;0;0;0;2164;0;0;126;0;122;0;
6464;2838253;1210933248;16207872;1395757056;0;0;0;0;0;0;0;0;0;0;0;2374;0;0;126;0;122;0;
6465;7952394;1210933248;16207872;1395757056;0;0;0;0;0;0;0;0;0;0;0;3256;0;0;126;0;122;0;
6466;4127952;1210933248;16207872;1395757056;0;0;0;0;0;0;0;0;0;0;0;2014;0;0;126;0;122;0;
6467;4040367;1210933248;16207872;1395757056;0;0;0;0;0;0;0;0;0;0;0;1794;0;0;126;0;122;0;
6468;3110153;1210933248;16207872;1395757056;0;0;0;0;0;0;0;0;0;0;0;2515;0;0;126;0;122;0;
6469;4704633;1210933248;16207872;1395757056;0;0;0;0;0;0;0;0;0;0;0;2965;0;0;126;0;122;0;
6470;3111124;1210933248;16207872;1395757056;0;0;0;0;0;0;0;0;0;0;0;2295;0;0;126;0;122;0;
6471;8058603;1210933248;16207872;1395757056;0;0;0;0;0;0;0;0;0;0;0;3326;0;0;126;0;122;0;
6472;3688958;1210933248;16207872;1395757056;0;0;0;0;0;0;0;0;0;0;0;2315;0;0;126;0;122;0;
6473;3665404;1210933248;16207872;1395757056;0;0;0;0;0;0;0;0;0;0;0;2234;0;0;126;0;122;0;
6474;4294163;1210933248;16207872;1395757056;0;0;0;0;0;0;0;0;0;0;0;3667;0;0;126;0;122;0;
6475;4269006;1210933248;16207872;1395757056;0;0;0;0;0;0;0;0;0;0;0;3286;0;0;126;0;122;0;
6476;4222810;1210933248;16207872;1395757056;0;0;0;0;0;0;0;0;0;0;0;2515;0;0;126;0;122;0;
6477;6471878;1210933248;16207872;1395757056;0;0;0;0;0;0;0;0;0;0;0;3266;0;0;126;0;122;0;
6478;5980786;1210933248;16207872;1395757056;0;0;0;0;0;0;0;0;0;0;0;3586;0;0;126;0;122;0;
6479;2749086;1210933248;16207872;1395757056;0;0;0;0;0;0;0;0;0;0;0;2304;0;0;126;0;122;0;
6480;3143335;1210933248;16207872;1395757056;0;0;0;0;0;0;0;0;0;0;0;2855;0;0;126;0;122;0;
6481;4106983;1210933248;16207872;1395757056;0;0;0;0;0;0;0;0;0;0;0;2575;0;0;126;0;122;0;
6482;4258606;1210933248;16207872;1395757056;0;0;0;0;0;0;0;0;0;0;0;3196;0;0;126;0;122;0;
6483;7106768;1210933248;16207872;1395757056;0;0;0;0;0;0;0;0;0;0;0;2935;0;0;126;0;122;0;
6484;5479226;1210933248;16207872;1395757056;0;0;0;0;0;0;0;0;0;0;0;3125;0;0;126;0;122;0;
6485;4874171;1210933248;16207872;1395757056;0;0;0;0;0;0;0;0;0;0;0;2354;0;0;126;0;122;0;
6486;3301031;1210933248;16207872;1395757056;0;0;0;0;0;0;0;0;0;0;0;3226;0;0;126;0;122;0;
6487;5271015;1210933248;16207872;1395757056;0;0;0;0;0;0;0;0;0;0;0;3376;0;0;126;0;122;0;
6488;2981621;1210933248;16207872;1395757056;0;0;0;0;0;0;0;0;0;0;0;2735;0;0;126;0;122;0;
6489;7682568;1210933248;16207872;1395757056;0;0;0;0;0;0;0;0;0;0;0;3216;0;0;126;0;122;0;
6490;5229468;1210933248;16207872;1395757056;0;0;0;0;0;0;0;0;0;0;0;3376;0;0;126;0;122;0;
6491;3475958;1210933248;16207872;1395757056;0;0;0;0;0;0;0;0;0;0;0;2916;0;0;126;0;122;0;
6492;1809213;1210933248;16207872;1395757056;0;0;0;0;0;0;0;0;0;0;0;2765;0;0;126;0;122;0;
6493;2741762;1210933248;16207872;1395757056;0;0;0;0;0;0;0;0;0;0;0;2094;0;0;126;0;122;0;
6494;1584542;1210933248;16207872;1395757056;0;0;0;0;0;0;0;0;0;0;0;1733;0;0;126;0;122;0;
6495;6320493;1210933248;16207872;1395757056;0;0;0;0;0;0;0;0;0;0;0;2265;0;0;126;0;122;0;
6496;3006829;1210933248;16207872;1395757056;0;0;0;0;0;0;0;0;0;0;0;2155;0;0;126;0;122;0;
6497;2731973;1210933248;16207872;1395757056;0;0;0;0;0;0;0;0;0;0;0;1503;0;0;126;0;122;0;
6498;3695070;1210933248;16207872;1395757056;0;0;0;0;0;0;0;0;0;0;0;2424;0;0;126;0;122;0;
6499;5262730;1210933248;16207872;1395757056;0;0;0;0;0;0;0;0;0;0;0;3587;0;0;126;0;122;0;
6500;2133471;1210933248;16207872;1395757056;0;0;0;0;0;0;0;0;0;0;0;1863;0;0;126;0;122;0;
6501;7439762;1210933248;16207872;1395757056;0;0;0;0;0;0;0;0;0;0;0;3035;0;0;126;0;122;0;
6502;5790099;1210933248;16207872;1395757056;0;0;0;0;0;0;0;0;0;0;0;2835;0;0;126;0;122;0;
6503;5180636;1210933248;16207872;1395757056;0;0;0;0;0;0;0;0;0;0;0;3095;0;0;126;0;122;0;
6504;4477126;1210933248;16207872;1395757056;0;0;0;0;0;0;0;0;0;0;0;3116;0;0;126;0;122;0;
6505;3687686;1210933248;16207872;1395757056;0;0;0;0;0;0;0;0;0;0;0;2956;0;0;126;0;122;0;
6506;2469200;1210933248;16207872;1395757056;0;0;0;0;0;0;0;0;0;0;0;1853;0;0;126;0;122;0;
6507;7806851;1210933248;16207872;1395757056;0;0;0;0;0;0;0;0;0;0;0;2795;0;0;126;0;122;0;
6508;4286710;1210933248;16207872;1395757056;0;0;0;0;0;0;0;0;0;0;0;2385;0;0;126;0;122;0;
6509;3982659;1210933248;16207872;1395757056;0;0;0;0;0;0;0;0;0;0;0;3326;0;0;126;0;122;0;
6510;4134523;1210933248;16207872;1395757056;0;0;0;0;0;0;0;0;0;0;0;2725;0;0;126;0;122;0;
6511;3595974;1210933248;16207872;1395757056;0;0;0;0;0;0;0;0;0;0;0;2975;0;0;126;0;122;0;
6512;1572429;1210933248;16207872;1395757056;0;0;0;0;0;0;0;0;0;0;0;1933;0;0;126;0;122;0;
6513;9763911;1210933248;16207872;1395757056;0;0;0;0;0;0;0;0;0;0;0;2875;0;0;126;0;122;0;
6514;4101732;1210933248;16207872;1395757056;0;0;0;0;0;0;0;0;0;0;0;3035;0;0;126;0;122;0;
6515;5407692;1210933248;16207872;1395757056;0;0;0;0;0;0;0;0;0;0;0;1863;0;0;126;0;122;0;
6516;2078188;1210933248;16207872;1395757056;0;0;0;0;0;0;0;0;0;0;0;2184;0;0;126;0;122;0;
6517;8592825;1210933248;16207872;1395757056;0;0;0;0;0;0;0;0;0;0;0;2635;0;0;126;0;122;0;
6518;2785774;1210933248;16207872;1395757056;0;0;0;0;0;0;0;0;0;0;0;1653;0;0;126;0;122;0;
6519;6217731;1210933248;16207872;1395757056;0;0;0;0;0;0;0;0;0;0;0;1793;0;0;126;0;122;0;
6520;3352537;1210933248;16207872;1395757056;0;0;0;0;0;0;0;0;0;0;0;2114;0;0;126;0;122;0;
6521;2677952;1210933248;16207872;1395757056;0;0;0;0;0;0;0;0;0;0;0;1603;0;0;126;0;122;0;
6522;1977168;1210933248;16207872;1395757056;0;0;0;0;0;0;0;0;0;0;0;1763;0;0;126;0;122;0;
6523;1882180;1210933248;16207872;1395757056;0;0;0;0;0;0;0;0;0;0;0;1784;0;0;126;0;122;0;
6524;2394271;1210933248;16207872;1395757056;0;0;0;0;0;0;0;0;0;0;0;1262;0;0;126;0;122;0;
6525;6039246;1210933248;16207872;1395757056;0;0;0;0;0;0;0;0;0;0;0;2685;0;0;126;0;122;0;
6526;3446674;1210933248;16207872;1395757056;0;0;0;0;0;0;0;0;0;0;0;1783;0;0;126;0;122;0;
6527;3748039;1210933248;16207872;1395757056;0;0;0;0;0;0;0;0;0;0;0;1452;0;0;126;0;122;0;
6528;1160586;1210933248;16207872;1395757056;0;0;0;0;0;0;0;0;0;0;0;1453;0;0;126;0;122;0;
6529;1510543;1210933248;16207872;1395757056;0;0;0;0;0;0;0;0;0;0;0;1443;0;0;126;0;122;0;
6530;1736487;1210933248;16207872;1395757056;0;0;0;0;0;0;0;0;0;0;0;1543;0;0;126;0;122;0;
6531;5428792;1210933248;16207872;1395757056;0;0;0;0;0;0;0;0;0;0;0;3076;0;0;126;0;122;0;
6532;4225645;1210933248;16207872;1395757056;0;0;0;0;0;0;0;0;0;0;0;2615;0;0;126;0;122;0;
6533;3791771;1210933248;16207872;1395757056;0;0;0;0;0;0;0;0;0;0;0;1613;0;0;126;0;122;0;
6534;1871199;1210933248;16207872;1395757056;0;0;0;0;0;0;0;0;0;0;0;1703;0;0;126;0;122;0;
6535;2457498;1210933248;16207872;1395757056;0;0;0;0;0;0;0;0;0;0;0;1683;0;0;126;0;122;0;
6536;2970541;1210933248;16207872;1395757056;0;0;0;0;0;0;0;0;0;0;0;1933;0;0;126;0;122;0;
6537;7589583;1210933248;16207872;1395757056;0;0;0;0;0;0;0;0;0;0;0;3286;0;0;126;0;122;0;
6538;4989838;1210933248;16207872;1395757056;0;0;0;0;0;0;0;0;0;0;0;1984;0;0;126;0;122;0;
6539;4240834;1210933248;16207872;1395757056;0;0;0;0;0;0;0;0;0;0;0;2014;0;0;126;0;122;0;
6540;4103906;1210933248;16207872;1395757056;0;0;0;0;0;0;0;0;0;0;0;2524;0;0;126;0;122;0;
6541;3376542;1210933248;16207872;1395757056;0;0;0;0;0;0;0;0;0;0;0;1412;0;0;126;0;122;0;
6542;1693296;1210933248;16207872;1395757056;0;0;0;0;0;0;0;0;0;0;0;1423;0;0;126;0;122;0;
6543;6588085;1210933248;16207872;1395757056;0;0;0;0;0;0;0;0;0;0;0;2184;0;0;126;0;122;0;
6544;4446760;1210933248;16207872;1395757056;0;0;0;0;0;0;0;0;0;0;0;2394;0;0;126;0;122;0;
6545;2762812;1210933248;16207872;1395757056;0;0;0;0;0;0;0;0;0;0;0;1553;0;0;126;0;122;0;
6546;2600587;1210933248;16207872;1395757056;0;0;0;0;0;0;0;0;0;0;0;1623;0;0;126;0;122;0;
6547;2821170;1210933248;16207872;1395757056;0;0;0;0;0;0;0;0;0;0;0;1593;0;0;126;0;122;0;
6548;1873714;1210933248;16207872;1395757056;0;0;0;0;0;0;0;0;0;0;0;1714;0;0;126;0;122;0;
6549;8638290;1210933248;16207872;1395757056;0;0;0;0;0;0;0;0;0;0;0;3246;0;0;126;0;122;0;
6550;3609940;1210933248;16207872;1395757056;0;0;0;0;0;0;0;0;0;0;0;2395;0;0;126;0;122;0;
6551;3764109;1210933248;16207872;1395757056;0;0;0;0;0;0;0;0;0;0;0;1523;0;0;126;0;122;0;
6552;2936898;1210933248;16207872;1395757056;0;0;0;0;0;0;0;0;0;0;0;2104;0;0;126;0;122;0;
6553;2901972;1210933248;16207872;1395757056;0;0;0;0;0;0;0;0;0;0;0;2214;0;0;126;0;122;0;
6554;2808436;1210933248;16207872;1395757056;0;0;0;0;0;0;0;0;0;0;0;1142;0;0;126;0;122;0;
6555;5516816;1210933248;16207872;1395757056;0;0;0;0;0;0;0;0;0;0;0;106249;0;0;126;0;122;0;
6556;3001990;1210933248;16207872;1395757056;0;0;0;0;0;0;0;0;0;0;0;1623;0;0;126;0;122;0;
6557;2981381;1210933248;16207872;1395757056;0;0;0;0;0;0;0;0;0;0;0;1493;0;0;126;0;122;0;
6558;1687154;1210933248;16207872;1395757056;0;0;0;0;0;0;0;0;0;0;0;1533;0;0;126;0;122;0;
6559;2111560;1210933248;16207872;1395757056;0;0;0;0;0;0;0;0;0;0;0;1713;0;0;126;0;122;0;
6560;1959755;1210933248;16207872;1395757056;0;0;0;0;0;0;0;0;0;0;0;2615;0;0;126;0;122;0;
6561;9160219;1210933248;16207872;1395757056;0;0;0;0;0;0;0;0;0;0;0;3777;0;0;126;0;122;0;
6562;3903761;1210933248;16207872;1395757056;0;0;0;0;0;0;0;0;0;0;0;3056;0;0;126;0;122;0;
6563;3748400;1210933248;16207872;1395757056;0;0;0;0;0;0;0;0;0;0;0;3296;0;0;126;0;122;0;
6564;2719440;1210933248;16207872;1395757056;0;0;0;0;0;0;0;0;0;0;0;49552;0;0;126;0;122;0;
6565;1852995;1210933248;16207872;1395757056;0;0;0;0;0;0;0;0;0;0;0;2245;0;0;126;0;122;0;
6566;1352897;1210933248;16207872;1395757056;0;0;0;0;0;0;0;0;0;0;0;1463;0;0;126;0;122;0;
6567;6820191;1210933248;16207872;1395757056;0;0;0;0;0;0;0;0;0;0;0;2965;0;0;126;0;122;0;
6568;2701457;1210933248;16207872;1395757056;0;0;0;0;0;0;0;0;0;0;0;2936;0;0;126;0;122;0;
6569;4917613;1210933248;16207872;1395757056;0;0;0;0;0;0;0;0;0;0;0;2484;0;0;126;0;122;0;
6570;3010776;1210933248;16207872;1395757056;0;0;0;0;0;0;0;0;0;0;0;4268;0;0;126;0;122;0;
6571;2570521;1210933248;16207872;1395757056;0;0;0;0;0;0;0;0;0;0;0;2083;0;0;126;0;122;0;
6572;1697123;1210933248;16207872;1395757056;0;0;0;0;0;0;0;0;0;0;0;1943;0;0;126;0;122;0;
6573;8644932;1210933248;16207872;1395757056;0;0;0;0;0;0;0;0;0;0;0;2835;0;0;126;0;122;0;
6574;6979720;1210933248;16207872;1395757056;0;0;0;0;0;0;0;0;0;0;0;2584;0;0;126;0;122;0;
6575;3390248;1210933248;16207872;1395757056;0;0;0;0;0;0;0;0;0;0;0;2134;0;0;126;0;122;0;
6576;1115341;1210933248;16207872;1395757056;0;0;0;0;0;0;0;0;0;0;0;1723;0;0;126;0;122;0;
6577;2084219;1210933248;16207872;1395757056;0;0;0;0;0;0;0;0;0;0;0;1754;0;0;126;0;122;0;
6578;5302264;1210933248;16207872;1395757056;0;0;0;0;0;0;0;0;0;0;0;3877;0;0;126;0;122;0;
6579;6235755;1210933248;16207872;1395757056;0;0;0;0;0;0;0;0;0;0;0;2555;0;0;126;0;122;0;
6580;3770671;1210933248;16207872;1395757056;0;0;0;0;0;0;0;0;0;0;0;2665;0;0;126;0;122;0;
6581;3335255;1210933248;16207872;1395757056;0;0;0;0;0;0;0;0;0;0;0;2064;0;0;126;0;122;0;
6582;2522381;1210933248;16207872;1395757056;0;0;0;0;0;0;0;0;0;0;0;1663;0;0;126;0;122;0;
6583;2964860;1210933248;16207872;1395757056;0;0;0;0;0;0;0;0;0;0;0;1633;0;0;126;0;122;0;
6584;3383415;1210933248;16207872;1395757056;0;0;0;0;0;0;0;0;0;0;0;1693;0;0;126;0;122;0;
6585;7489466;1210933248;16207872;1395757056;0;0;0;0;0;0;0;0;0;0;0;2003;0;0;126;0;122;0;
6586;4063381;1210933248;16207872;1395757056;0;0;0;0;0;0;0;0;0;0;0;1633;0;0;126;0;122;0;
6587;2713599;1210933248;16207872;1395757056;0;0;0;0;0;0;0;0;0;0;0;1613;0;0;126;0;122;0;
6588;2340068;1210933248;16207872;1395757056;0;0;0;0;0;0;0;0;0;0;0;1963;0;0;126;0;122;0;
6589;2958829;1210933248;16207872;1395757056;0;0;0;0;0;0;0;0;0;0;0;1703;0;0;126;0;122;0;
6590;3404795;1210933248;16207872;1395757056;0;0;0;0;0;0;0;0;0;0;0;1513;0;0;126;0;122;0;
6591;6181031;1210933248;16207872;1395757056;0;0;0;0;0;0;0;0;0;0;0;2074;0;0;126;0;122;0;
6592;3779729;1210933248;16207872;1395757056;0;0;0;0;0;0;0;0;0;0;0;2475;0;0;126;0;122;0;
6593;2034406;1210933248;16207872;1395757056;0;0;0;0;0;0;0;0;0;0;0;1523;0;0;126;0;122;0;
6594;2565151;1210933248;16207872;1395757056;0;0;0;0;0;0;0;0;0;0;0;1593;0;0;126;0;122;0;
6595;3215069;1210933248;16207872;1395757056;0;0;0;0;0;0;0;0;0;0;0;1643;0;0;126;0;122;0;
6596;2794852;1210933248;16207872;1395757056;0;0;0;0;0;0;0;0;0;0;0;1653;0;0;126;0;122;0;
6597;6102083;1210933248;16207872;1395757056;0;0;0;0;0;0;0;0;0;0;0;1944;0;0;126;0;122;0;
6598;3054107;1210933248;16207872;1395757056;0;0;0;0;0;0;0;0;0;0;0;1613;0;0;126;0;122;0;
6599;2858160;1210933248;16207872;1395757056;0;0;0;0;0;0;0;0;0;0;0;1693;0;0;126;0;122;0;
6600;1976697;1210933248;16207872;1395757056;0;0;0;0;0;0;0;0;0;0;0;1492;0;0;126;0;122;0;
6601;2854694;1210933248;16207872;1395757056;0;0;0;0;0;0;0;0;0;0;0;1573;0;0;126;0;122;0;
6602;2747232;1210933248;16207872;1395757056;0;0;0;0;0;0;0;0;0;0;0;1482;0;0;126;0;122;0;
6603;5820766;1210933248;16207872;1395757056;0;0;0;0;0;0;0;0;0;0;0;2184;0;0;126;0;122;0;
6604;3285742;1210933248;16207872;1395757056;0;0;0;0;0;0;0;0;0;0;0;2024;0;0;126;0;122;0;
6605;2447751;1210933248;16207872;1395757056;0;0;0;0;0;0;0;0;0;0;0;1162;0;0;126;0;122;0;
6606;1819221;1210933248;16207872;1395757056;0;0;0;0;0;0;0;0;0;0;0;1483;0;0;126;0;122;0;
6607;2520877;1210933248;16207872;1395757056;0;0;0;0;0;0;0;0;0;0;0;1543;0;0;126;0;122;0;
6608;2891272;1210933248;16207872;1395757056;0;0;0;0;0;0;0;0;0;0;0;1613;0;0;126;0;122;0;
6609;5476861;1210933248;16207872;1395757056;0;0;0;0;0;0;0;0;0;0;0;1763;0;0;126;0;122;0;
6610;4079811;1210933248;16207872;1395757056;0;0;0;0;0;0;0;0;0;0;0;1813;0;0;126;0;122;0;
6611;3356585;1210933248;16207872;1395757056;0;0;0;0;0;0;0;0;0;0;0;1412;0;0;126;0;122;0;
6612;2120958;1210933248;16207872;1395757056;0;0;0;0;0;0;0;0;0;0;0;1473;0;0;126;0;122;0;
6613;3209178;1210933248;16207872;1395757056;0;0;0;0;0;0;0;0;0;0;0;1633;0;0;126;0;122;0;
6614;1827988;1210933248;16207872;1395757056;0;0;0;0;0;0;0;0;0;0;0;1413;0;0;126;0;122;0;
6615;6644321;1210933248;16207872;1395757056;0;0;0;0;0;0;0;0;0;0;0;2064;0;0;126;0;122;0;
6616;3573201;1210933248;16207872;1395757056;0;0;0;0;0;0;0;0;0;0;0;1513;0;0;126;0;122;0;
6617;2698541;1210933248;16207872;1395757056;0;0;0;0;0;0;0;0;0;0;0;1563;0;0;126;0;122;0;
6618;1631549;1210933248;16207872;1395757056;0;0;0;0;0;0;0;0;0;0;0;1563;0;0;126;0;122;0;
6619;2524765;1210933248;16207872;1395757056;0;0;0;0;0;0;0;0;0;0;0;1593;0;0;126;0;122;0;
6620;2444985;1210933248;16207872;1395757056;0;0;0;0;0;0;0;0;0;0;0;1393;0;0;126;0;122;0;
6621;5507910;1210933248;16207872;1395757056;0;0;0;0;0;0;0;0;0;0;0;23314;0;0;126;0;122;0;
6622;2562055;1210933248;16207872;1395757056;0;0;0;0;0;0;0;0;0;0;0;1583;0;0;126;0;122;0;
6623;3729404;1210933248;16207872;1395757056;0;0;0;0;0;0;0;0;0;0;0;1803;0;0;126;0;122;0;
6624;2596640;1210933248;16207872;1395757056;0;0;0;0;0;0;0;0;0;0;0;1543;0;0;126;0;122;0;
6625;2689193;1210933248;16207872;1395757056;0;0;0;0;0;0;0;0;0;0;0;1483;0;0;126;0;122;0;
6626;1870508;1210933248;16207872;1395757056;0;0;0;0;0;0;0;0;0;0;0;1383;0;0;126;0;122;0;
6627;6555565;1210933248;16207872;1395757056;0;0;0;0;0;0;0;0;0;0;0;2044;0;0;126;0;122;0;
6628;4523945;1210933248;16207872;1395757056;0;0;0;0;0;0;0;0;0;0;0;2475;0;0;126;0;122;0;
6629;3021146;1210933248;16207872;1395757056;0;0;0;0;0;0;0;0;0;0;0;1583;0;0;126;0;122;0;
6630;2728717;1210933248;16207872;1395757056;0;0;0;0;0;0;0;0;0;0;0;1473;0;0;126;0;122;0;
6631;2769874;1210933248;16207872;1395757056;0;0;0;0;0;0;0;0;0;0;0;1513;0;0;126;0;122;0;
6632;2518974;1210933248;16207872;1395757056;0;0;0;0;0;0;0;0;0;0;0;1603;0;0;126;0;122;0;
6633;6781528;1210933248;16207872;1395757056;0;0;0;0;0;0;0;0;0;0;0;2956;0;0;126;0;122;0;
6634;4052690;1210933248;16207872;1395757056;0;0;0;0;0;0;0;0;0;0;0;2164;0;0;126;0;122;0;
6635;2872036;1210933248;16207872;1395757056;0;0;0;0;0;0;0;0;0;0;0;1453;0;0;126;0;122;0;
6636;2225073;1210933248;16207872;1395757056;0;0;0;0;0;0;0;0;0;0;0;1483;0;0;126;0;122;0;
6637;2689243;1210933248;16207872;1395757056;0;0;0;0;0;0;0;0;0;0;0;1643;0;0;126;0;122;0;
6638;3032698;1210933248;16207872;1395757056;0;0;0;0;0;0;0;0;0;0;0;1663;0;0;126;0;122;0;
6639;5973843;1210933248;16207872;1395757056;0;0;0;0;0;0;0;0;0;0;0;2044;0;0;126;0;122;0;
6640;3774258;1210933248;16207872;1395757056;0;0;0;0;0;0;0;0;0;0;0;1793;0;0;126;0;122;0;
6641;3381141;1210933248;16207872;1395757056;0;0;0;0;0;0;0;0;0;0;0;1603;0;0;126;0;122;0;
6642;1536892;1210933248;16207872;1395757056;0;0;0;0;0;0;0;0;0;0;0;1232;0;0;126;0;122;0;
6643;2974288;1210933248;16207872;1395757056;0;0;0;0;0;0;0;0;0;0;0;1513;0;0;126;0;122;0;
6644;2781947;1210933248;16207872;1395757056;0;0;0;0;0;0;0;0;0;0;0;1693;0;0;126;0;122;0;
6645;6282512;1210933248;16207872;1395757056;0;0;0;0;0;0;0;0;0;0;0;2544;0;0;126;0;122;0;
6646;2652113;1210933248;16207872;1395757056;0;0;0;0;0;0;0;0;0;0;0;1403;0;0;126;0;122;0;
6647;1356484;1210933248;16207872;1395757056;0;0;0;0;0;0;0;0;0;0;0;1523;0;0;126;0;122;0;
6648;1876740;1210933248;16207872;1395757056;0;0;0;0;0;0;0;0;0;0;0;1473;0;0;126;0;122;0;
6649;3851052;1210933248;16207872;1395757056;0;0;0;0;0;0;0;0;0;0;0;1924;0;0;126;0;122;0;
6650;1909962;1210933248;16207872;1395757056;0;0;0;0;0;0;0;0;0;0;0;1572;0;0;126;0;122;0;
6651;5077593;1210933248;16207872;1395757056;0;0;0;0;0;0;0;0;0;0;0;1373;0;0;126;0;122;0;
6652;3708325;1210933248;16207872;1395757056;0;0;0;0;0;0;0;0;0;0;0;2805;0;0;126;0;122;0;
6653;2417604;1210933248;16207872;1395757056;0;0;0;0;0;0;0;0;0;0;0;1643;0;0;126;0;122;0;
6654;1768407;1210933248;16207872;1395757056;0;0;0;0;0;0;0;0;0;0;0;1563;0;0;126;0;122;0;
6655;2988695;1210933248;16207872;1395757056;0;0;0;0;0;0;0;0;0;0;0;1403;0;0;126;0;122;0;
6656;1826846;1210933248;16207872;1395757056;0;0;0;0;0;0;0;0;0;0;0;1373;0;0;126;0;122;0;
6657;6544153;1210933248;16207872;1395757056;0;0;0;0;0;0;0;0;0;0;0;2034;0;0;126;0;122;0;
6658;3512617;1210933248;16207872;1395757056;0;0;0;0;0;0;0;0;0;0;0;1543;0;0;126;0;122;0;
6659;2936718;1210933248;16207872;1395757056;0;0;0;0;0;0;0;0;0;0;0;1543;0;0;126;0;122;0;
6660;1654954;1210933248;16207872;1395757056;0;0;0;0;0;0;0;0;0;0;0;1553;0;0;126;0;122;0;
6661;3724896;1210933248;16207872;1395757056;0;0;0;0;0;0;0;0;0;0;0;2104;0;0;126;0;122;0;
6662;1829341;1210933248;16207872;1395757056;0;0;0;0;0;0;0;0;0;0;0;1573;0;0;126;0;122;0;
6663;5875409;1210933248;16207872;1395757056;0;0;0;0;0;0;0;0;0;0;0;2124;0;0;126;0;122;0;
6664;3506867;1210933248;16207872;1395757056;0;0;0;0;0;0;0;0;0;0;0;2224;0;0;126;0;122;0;
6665;2801604;1210933248;16207872;1395757056;0;0;0;0;0;0;0;0;0;0;0;1683;0;0;126;0;122;0;
6666;1968241;1210933248;16207872;1395757056;0;0;0;0;0;0;0;0;0;0;0;1893;0;0;126;0;122;0;
6667;2827984;1210933248;16207872;1395757056;0;0;0;0;0;0;0;0;0;0;0;1954;0;0;126;0;122;0;
6668;2203703;1210933248;16207872;1395757056;0;0;0;0;0;0;0;0;0;0;0;1903;0;0;126;0;122;0;
6669;5287867;1210933248;16207872;1395757056;0;0;0;0;0;0;0;0;0;0;0;2034;0;0;126;0;122;0;
6670;2532760;1210933248;16207872;1395757056;0;0;0;0;0;0;0;0;0;0;0;1603;0;0;126;0;122;0;
6671;2054833;1210933248;16207872;1395757056;0;0;0;0;0;0;0;0;0;0;0;1413;0;0;126;0;122;0;
6672;1762786;1210933248;16207872;1395757056;0;0;0;0;0;0;0;0;0;0;0;1643;0;0;126;0;122;0;
6673;2583876;1210933248;16207872;1395757056;0;0;0;0;0;0;0;0;0;0;0;1743;0;0;126;0;122;0;
6674;1382273;1210933248;16207872;1395757056;0;0;0;0;0;0;0;0;0;0;0;1502;0;0;126;0;122;0;
6675;8483830;1210933248;16207872;1395757056;0;0;0;0;0;0;0;0;0;0;0;2625;0;0;126;0;122;0;
6676;3854830;1210933248;16207872;1395757056;0;0;0;0;0;0;0;0;0;0;0;3086;0;0;126;0;122;0;
6677;3008893;1210933248;16207872;1395757056;0;0;0;0;0;0;0;0;0;0;0;1663;0;0;126;0;122;0;
6678;1282836;1210933248;16207872;1395757056;0;0;0;0;0;0;0;0;0;0;0;1593;0;0;126;0;122;0;
6679;2740159;1210933248;16207872;1395757056;0;0;0;0;0;0;0;0;0;0;0;1763;0;0;126;0;122;0;
6680;3709156;1210933248;16207872;1395757056;0;0;0;0;0;0;0;0;0;0;0;2365;0;0;126;0;122;0;
6681;6340972;1210933248;16207872;1395757056;0;0;0;0;0;0;0;0;0;0;0;1573;0;0;126;0;122;0;
6682;3871390;1210933248;16207872;1395757056;0;0;0;0;0;0;0;0;0;0;0;3327;0;0;126;0;122;0;
6683;3517467;1210933248;16207872;1395757056;0;0;0;0;0;0;0;0;0;0;0;1923;0;0;126;0;122;0;
6684;1488231;1210933248;16207872;1395757056;0;0;0;0;0;0;0;0;0;0;0;1783;0;0;126;0;122;0;
6685;3290802;1210933248;16207872;1395757056;0;0;0;0;0;0;0;0;0;0;0;1523;0;0;126;0;122;0;
6686;1968903;1210933248;16207872;1395757056;0;0;0;0;0;0;0;0;0;0;0;1412;0;0;126;0;122;0;
6687;6946357;1210933248;16207872;1395757056;0;0;0;0;0;0;0;0;0;0;0;2836;0;0;126;0;122;0;
6688;2673814;1210933248;16207872;1395757056;0;0;0;0;0;0;0;0;0;0;0;2325;0;0;126;0;122;0;
6689;3574364;1210933248;16207872;1395757056;0;0;0;0;0;0;0;0;0;0;0;1543;0;0;126;0;122;0;
6690;3415936;1210933248;16207872;1395757056;0;0;0;0;0;0;0;0;0;0;0;2785;0;0;126;0;122;0;
6691;3136241;1210933248;16207872;1395757056;0;0;0;0;0;0;0;0;0;0;0;2475;0;0;126;0;122;0;
6692;2876084;1210933248;16207872;1395757056;0;0;0;0;0;0;0;0;0;0;0;1793;0;0;126;0;122;0;
6693;6601069;1210933248;16207872;1395757056;0;0;0;0;0;0;0;0;0;0;0;2695;0;0;126;0;122;0;
6694;5158154;1210933248;16207872;1395757056;0;0;0;0;0;0;0;0;0;0;0;2996;0;0;126;0;122;0;
6695;4932450;1210933248;16207872;1395757056;0;0;0;0;0;0;0;0;0;0;0;1923;0;0;126;0;122;0;
6696;2374303;1210933248;16207872;1395757056;0;0;0;0;0;0;0;0;0;0;0;1873;0;0;126;0;122;0;
6697;3703646;1210933248;16207872;1395757056;0;0;0;0;0;0;0;0;0;0;0;2485;0;0;126;0;122;0;
6698;1744532;1210933248;16207872;1395757056;0;0;0;0;0;0;0;0;0;0;0;1433;0;0;126;0;122;0;
6699;8531029;1210933248;16207872;1395757056;0;0;0;0;0;0;0;0;0;0;0;3357;0;0;126;0;122;0;
6700;3480728;1210933248;16207872;1395757056;0;0;0;0;0;0;0;0;0;0;0;2535;0;0;126;0;122;0;
6701;4585861;1210933248;16207872;1395757056;0;0;0;0;0;0;0;0;0;0;0;1854;0;0;126;0;122;0;
6702;2738706;1210933248;16207872;1395757056;0;0;0;0;0;0;0;0;0;0;0;2755;0;0;126;0;122;0;
6703;4106100;1210933248;16207872;1395757056;0;0;0;0;0;0;0;0;0;0;0;4799;0;0;126;0;122;0;
6704;2689334;1210933248;16207872;1395757056;0;0;0;0;0;0;0;0;0;0;0;2886;0;0;126;0;122;0;
6705;8582245;1210933248;16207872;1395757056;0;0;0;0;0;0;0;0;0;0;0;3436;0;0;126;0;122;0;
6706;6215085;1210933248;16207872;1395757056;0;0;0;0;0;0;0;0;0;0;0;3918;0;0;126;0;122;0;
6707;4453802;1210933248;16207872;1395757056;0;0;0;0;0;0;0;0;0;0;0;2385;0;0;126;0;122;0;
6708;3080828;1210933248;16207872;1395757056;0;0;0;0;0;0;0;0;0;0;0;2886;0;0;126;0;122;0;
6709;4741352;1210933248;16207872;1395757056;0;0;0;0;0;0;0;0;0;0;0;2424;0;0;126;0;122;0;
6710;2467809;1210933248;16207872;1395757056;0;0;0;0;0;0;0;0;0;0;0;2234;0;0;126;0;122;0;
6711;6653238;1210933248;16207872;1395757056;0;0;0;0;0;0;0;0;0;0;0;2856;0;0;126;0;122;0;
6712;3272437;1210933248;16207872;1395757056;0;0;0;0;0;0;0;0;0;0;0;2585;0;0;126;0;122;0;
6713;3338291;1210933248;16207872;1395757056;0;0;0;0;0;0;0;0;0;0;0;2224;0;0;126;0;122;0;
6714;2451467;1210933248;16207872;1395757056;0;0;0;0;0;0;0;0;0;0;0;2284;0;0;126;0;122;0;
6715;5610653;1210933248;16207872;1395757056;0;0;0;0;0;0;0;0;0;0;0;3396;0;0;126;0;122;0;
6716;4515067;1210933248;16207872;1395757056;0;0;0;0;0;0;0;0;0;0;0;2324;0;0;126;0;122;0;
6717;7959016;1210933248;16207872;1395757056;0;0;0;0;0;0;0;0;0;0;0;2715;0;0;126;0;122;0;
6718;8006044;1210933248;16207872;1395757056;0;0;0;0;0;0;0;0;0;0;0;3196;0;0;126;0;122;0;
6719;4993936;1210933248;16207872;1395757056;0;0;0;0;0;0;0;0;0;0;0;2355;0;0;126;0;122;0;
6720;1844309;1210933248;16207872;1395757056;0;0;0;0;0;0;0;0;0;0;0;2224;0;0;126;0;122;0;
6721;3734984;1210933248;16207872;1395757056;0;0;0;0;0;0;0;0;0;0;0;2104;0;0;126;0;122;0;
6722;5956942;1210933248;16207872;1395757056;0;0;0;0;0;0;0;0;0;0;0;3126;0;0;126;0;122;0;
6723;11400991;1210933248;16207872;1395757056;0;0;0;0;0;0;0;0;0;0;0;2545;0;0;126;0;122;0;
6724;6135847;1210933248;16207872;1395757056;0;0;0;0;0;0;0;0;0;0;0;2565;0;0;126;0;122;0;
6725;4220425;1210933248;16207872;1395757056;0;0;0;0;0;0;0;0;0;0;0;2394;0;0;126;0;122;0;
6726;4359115;1210933248;16207872;1395757056;0;0;0;0;0;0;0;0;0;0;0;2946;0;0;126;0;122;0;
6727;5154597;1210933248;16207872;1395757056;0;0;0;0;0;0;0;0;0;0;0;2405;0;0;126;0;122;0;
6728;1980905;1210933248;16207872;1395757056;0;0;0;0;0;0;0;0;0;0;0;1994;0;0;126;0;122;0;
6729;8376880;1210933248;16207872;1395757056;0;0;0;0;0;0;0;0;0;0;0;3135;0;0;126;0;122;0;
6730;7858257;1210933248;16207872;1395757056;0;0;0;0;0;0;0;0;0;0;0;2995;0;0;126;0;122;0;
6731;5776002;1210933248;16207872;1395757056;0;0;0;0;0;0;0;0;0;0;0;2124;0;0;126;0;122;0;
6732;4808999;1210933248;16207872;1395757056;0;0;0;0;0;0;0;0;0;0;0;2935;0;0;126;0;122;0;
6733;4594306;1210933248;16207872;1395757056;0;0;0;0;0;0;0;0;0;0;0;2685;0;0;126;0;122;0;
6734;5041895;1210933248;16207872;1395757056;0;0;0;0;0;0;0;0;0;0;0;3156;0;0;126;0;122;0;
6735;6460095;1210933248;16207872;1395757056;0;0;0;0;0;0;0;0;0;0;0;2044;0;0;126;0;122;0;
6736;4467388;1210933248;16207872;1395757056;0;0;0;0;0;0;0;0;0;0;0;2605;0;0;126;0;122;0;
6737;4688773;1210933248;16207872;1395757056;0;0;0;0;0;0;0;0;0;0;0;2334;0;0;126;0;122;0;
6738;3050360;1210933248;16207872;1395757056;0;0;0;0;0;0;0;0;0;0;0;2886;0;0;126;0;122;0;
6739;5697906;1210933248;16207872;1395757056;0;0;0;0;0;0;0;0;0;0;0;2986;0;0;126;0;122;0;
6740;3863465;1210933248;16207872;1395757056;0;0;0;0;0;0;0;0;0;0;0;3416;0;0;126;0;122;0;
6741;7522898;1210933248;16207872;1395757056;0;0;0;0;0;0;0;0;0;0;0;2725;0;0;126;0;122;0;
6742;6217500;1210933248;16207872;1395757056;0;0;0;0;0;0;0;0;0;0;0;2334;0;0;126;0;122;0;
6743;3183941;1210933248;16207872;1395757056;0;0;0;0;0;0;0;0;0;0;0;2716;0;0;126;0;122;0;
6744;1695520;1210933248;16207872;1395757056;0;0;0;0;0;0;0;0;0;0;0;1894;0;0;126;0;122;0;
6745;3206814;1210933248;16207872;1395757056;0;0;0;0;0;0;0;0;0;0;0;2935;0;0;126;0;122;0;
6746;2526489;1210933248;16207872;1395757056;0;0;0;0;0;0;0;0;0;0;0;1743;0;0;126;0;122;0;
6747;7509162;1210933248;16207872;1395757056;0;0;0;0;0;0;0;0;0;0;0;2945;0;0;126;0;122;0;
6748;5958955;1210933248;16207872;1395757056;0;0;0;0;0;0;0;0;0;0;0;2895;0;0;126;0;122;0;
6749;4369063;1210933248;16207872;1395757056;0;0;0;0;0;0;0;0;0;0;0;2344;0;0;126;0;122;0;
6750;3896848;1210933248;16207872;1395757056;0;0;0;0;0;0;0;0;0;0;0;3316;0;0;126;0;122;0;
6751;3290671;1210933248;16207872;1395757056;0;0;0;0;0;0;0;0;0;0;0;2315;0;0;126;0;122;0;
6752;3638964;1210933248;16207872;1395757056;0;0;0;0;0;0;0;0;0;0;0;2946;0;0;126;0;122;0;
6753;6177996;1210933248;16207872;1395757056;0;0;0;0;0;0;0;0;0;0;0;2796;0;0;126;0;122;0;
6754;5081940;1210933248;16207872;1395757056;0;0;0;0;0;0;0;0;0;0;0;3066;0;0;126;0;122;0;
6755;5275163;1210933248;16207872;1395757056;0;0;0;0;0;0;0;0;0;0;0;2936;0;0;126;0;122;0;
6756;3525912;1210933248;16207872;1395757056;0;0;0;0;0;0;0;0;0;0;0;2795;0;0;126;0;122;0;
6757;4910359;1210933248;16207872;1395757056;0;0;0;0;0;0;0;0;0;0;0;3026;0;0;126;0;122;0;
6758;3086879;1210933248;16207872;1395757056;0;0;0;0;0;0;0;0;0;0;0;2796;0;0;126;0;122;0;
6759;9722023;1210933248;16207872;1395757056;0;0;0;0;0;0;0;0;0;0;0;3015;0;0;126;0;122;0;
6760;5242582;1210933248;16207872;1395757056;0;0;0;0;0;0;0;0;0;0;0;2835;0;0;126;0;122;0;
6761;2664097;1210933248;16207872;1395757056;0;0;0;0;0;0;0;0;0;0;0;1894;0;0;126;0;122;0;
6762;2977955;1210933248;16207872;1395757056;0;0;0;0;0;0;0;0;0;0;0;1743;0;0;126;0;122;0;
6763;5079576;1210933248;16207872;1395757056;0;0;0;0;0;0;0;0;0;0;0;2535;0;0;126;0;122;0;
6764;3420665;1210933248;16207872;1395757056;0;0;0;0;0;0;0;0;0;0;0;2955;0;0;126;0;122;0;
6765;6913115;1210933248;16207872;1395757056;0;0;0;0;0;0;0;0;0;0;0;2645;0;0;126;0;122;0;
6766;4898496;1210933248;16207872;1395757056;0;0;0;0;0;0;0;0;0;0;0;3006;0;0;126;0;122;0;
6767;2874591;1210933248;16207872;1395757056;0;0;0;0;0;0;0;0;0;0;0;3136;0;0;126;0;122;0;
6768;4151716;1210933248;16207872;1395757056;0;0;0;0;0;0;0;0;0;0;0;3165;0;0;126;0;122;0;
6769;6248478;1210933248;16207872;1395757056;0;0;0;0;0;0;0;0;0;0;0;4328;0;0;126;0;122;0;
6770;4868781;1210933248;16207872;1395757056;0;0;0;0;0;0;0;0;0;0;0;3907;0;0;126;0;122;0;
6771;12341455;1210933248;16207872;1395757056;0;0;0;0;0;0;0;0;0;0;0;6342;0;0;126;0;122;0;
6772;7955499;1210933248;16207872;1395757056;0;0;0;0;0;0;0;0;0;0;0;3757;0;0;126;0;122;0;
6773;4519906;1210933248;16207872;1395757056;0;0;0;0;0;0;0;0;0;0;0;2765;0;0;126;0;122;0;
6774;3679601;1210933248;16207872;1395757056;0;0;0;0;0;0;0;0;0;0;0;3156;0;0;126;0;122;0;
6775;5026857;1210933248;16207872;1395757056;0;0;0;0;0;0;0;0;0;0;0;3075;0;0;126;0;122;0;
6776;2346110;1210933248;16207872;1395757056;0;0;0;0;0;0;0;0;0;0;0;1973;0;0;126;0;122;0;
6777;6804331;1210933248;16207872;1395757056;0;0;0;0;0;0;0;0;0;0;0;3407;0;0;126;0;122;0;
6778;6703171;1210933248;16207872;1395757056;0;0;0;0;0;0;0;0;0;0;0;3166;0;0;126;0;122;0;
6779;5707333;1210933248;16207872;1395757056;0;0;0;0;0;0;0;0;0;0;0;3176;0;0;126;0;122;0;
6780;4133061;1210933248;16207872;1395757056;0;0;0;0;0;0;0;0;0;0;0;3226;0;0;126;0;122;0;
6781;3257209;1210933248;16207872;1395757056;0;0;0;0;0;0;0;0;0;0;0;2846;0;0;126;0;122;0;
6782;3584021;1210933248;16207872;1395757056;0;0;0;0;0;0;0;0;0;0;0;3487;0;0;126;0;122;0;
6783;10174191;1210933248;16207872;1395757056;0;0;0;0;0;0;0;0;0;0;0;3386;0;0;126;0;122;0;
6784;7654125;1210933248;16207872;1395757056;0;0;0;0;0;0;0;0;0;0;0;3126;0;0;126;0;122;0;
6785;4175521;1210933248;16207872;1395757056;0;0;0;0;0;0;0;0;0;0;0;3216;0;0;126;0;122;0;
6786;3155237;1210933248;16207872;1395757056;0;0;0;0;0;0;0;0;0;0;0;3196;0;0;126;0;122;0;
6787;4814259;1210933248;16207872;1395757056;0;0;0;0;0;0;0;0;0;0;0;2605;0;0;126;0;122;0;
6788;3013602;1210933248;16207872;1395757056;0;0;0;0;0;0;0;0;0;0;0;2695;0;0;126;0;122;0;
6789;7138056;1210933248;16207872;1395757056;0;0;0;0;0;0;0;0;0;0;0;3387;0;0;126;0;122;0;
6790;3380580;1210933248;16207872;1395757056;0;0;0;0;0;0;0;0;0;0;0;2244;0;0;126;0;122;0;
6791;2908244;1210933248;16207872;1395757056;0;0;0;0;0;0;0;0;0;0;0;1573;0;0;126;0;122;0;
6792;3489875;1210933248;16207872;1395757056;0;0;0;0;0;0;0;0;0;0;0;4328;0;0;126;0;122;0;
6793;5736688;1210933248;16207872;1395757056;0;0;0;0;0;0;0;0;0;0;0;3677;0;0;126;0;122;0;
6794;2950343;1210933248;16207872;1395757056;0;0;0;0;0;0;0;0;0;0;0;2485;0;0;126;0;122;0;
6795;8140035;1210933248;16207872;1395757056;0;0;0;0;0;0;0;0;0;0;0;2915;0;0;126;0;122;0;
6796;2272803;1210933248;16207872;1395757056;0;0;0;0;0;0;0;0;0;0;0;2345;0;0;126;0;122;0;
6797;2457709;1210933248;16207872;1395757056;0;0;0;0;0;0;0;0;0;0;0;1703;0;0;126;0;122;0;
6798;3622744;1210933248;16207872;1395757056;0;0;0;0;0;0;0;0;0;0;0;2475;0;0;126;0;122;0;
6799;4647997;1210933248;16207872;1395757056;0;0;0;0;0;0;0;0;0;0;0;3707;0;0;126;0;122;0;
6800;3228806;1210933248;16207872;1395757056;0;0;0;0;0;0;0;0;0;0;0;2224;0;0;126;0;122;0;
6801;8544795;1210933248;16207872;1395757056;0;0;0;0;0;0;0;0;0;0;0;2825;0;0;126;0;122;0;
6802;3034541;1210933248;16207872;1395757056;0;0;0;0;0;0;0;0;0;0;0;2344;0;0;126;0;122;0;
6803;3357055;1210933248;16207872;1395757056;0;0;0;0;0;0;0;0;0;0;0;2785;0;0;126;0;122;0;
6804;3813472;1210933248;16207872;1395757056;0;0;0;0;0;0;0;0;0;0;0;3286;0;0;126;0;122;0;
6805;3208998;1210933248;16207872;1395757056;0;0;0;0;0;0;0;0;0;0;0;2996;0;0;126;0;122;0;
6806;3354561;1210933248;16207872;1395757056;0;0;0;0;0;0;0;0;0;0;0;2154;0;0;126;0;122;0;
6807;7639066;1210933248;16207872;1395757056;0;0;0;0;0;0;0;0;0;0;0;3016;0;0;126;0;122;0;
6808;2926789;1210933248;16207872;1395757056;0;0;0;0;0;0;0;0;0;0;0;2635;0;0;126;0;122;0;
6809;2181942;1210933248;16207872;1395757056;0;0;0;0;0;0;0;0;0;0;0;1633;0;0;126;0;122;0;
6810;2844544;1210933248;16207872;1395757056;0;0;0;0;0;0;0;0;0;0;0;2715;0;0;126;0;122;0;
6811;4856638;1210933248;16207872;1395757056;0;0;0;0;0;0;0;0;0;0;0;3236;0;0;126;0;122;0;
6812;3575675;1210933248;16207872;1395757056;0;0;0;0;0;0;0;0;0;0;0;2033;0;0;126;0;122;0;
6813;7619470;1210933248;16207872;1395757056;0;0;0;0;0;0;0;0;0;0;0;3056;0;0;126;0;122;0;
6814;4657254;1210933248;16207872;1395757056;0;0;0;0;0;0;0;0;0;0;0;3867;0;0;126;0;122;0;
6815;7335397;1210933248;16207872;1395757056;0;0;0;0;0;0;0;0;0;0;0;3035;0;0;126;0;122;0;
6816;5021848;1210933248;16207872;1395757056;0;0;0;0;0;0;0;0;0;0;0;2935;0;0;126;0;122;0;
6817;6177525;1210933248;16207872;1395757056;0;0;0;0;0;0;0;0;0;0;0;3426;0;0;126;0;122;0;
6818;3660314;1210933248;16207872;1395757056;0;0;0;0;0;0;0;0;0;0;0;2735;0;0;126;0;122;0;
6819;7185115;1210933248;16207872;1395757056;0;0;0;0;0;0;0;0;0;0;0;3276;0;0;126;0;122;0;
6820;5858978;1210933248;16207872;1395757056;0;0;0;0;0;0;0;0;0;0;0;3116;0;0;126;0;122;0;
6821;4911712;1210933248;16207872;1395757056;0;0;0;0;0;0;0;0;0;0;0;2695;0;0;126;0;122;0;
6822;4411844;1210933248;16207872;1395757056;0;0;0;0;0;0;0;0;0;0;0;3907;0;0;126;0;122;0;
6823;6065525;1210933248;16207872;1395757056;0;0;0;0;0;0;0;0;0;0;0;3226;0;0;126;0;122;0;
6824;4246634;1210933248;16207872;1395757056;0;0;0;0;0;0;0;0;0;0;0;3376;0;0;126;0;122;0;
6825;7597438;1210933248;16207872;1395757056;0;0;0;0;0;0;0;0;0;0;0;3076;0;0;126;0;122;0;
6826;5373698;1210933248;16207872;1395757056;0;0;0;0;0;0;0;0;0;0;0;118562;0;0;126;0;122;0;
6827;4764835;1210933248;16207872;1395757056;0;0;0;0;0;0;0;0;0;0;0;3296;0;0;126;0;122;0;
6828;3266706;1210933248;16207872;1395757056;0;0;0;0;0;0;0;0;0;0;0;2455;0;0;126;0;122;0;
6829;4950624;1210933248;16207872;1395757056;0;0;0;0;0;0;0;0;0;0;0;3356;0;0;126;0;122;0;
6830;2920467;1210933248;16207872;1395757056;0;0;0;0;0;0;0;0;0;0;0;1984;0;0;126;0;122;0;
6831;8547019;1210933248;16207872;1395757056;0;0;0;0;0;0;0;0;0;0;0;3106;0;0;126;0;122;0;
6832;7083484;1210933248;16207872;1395757056;0;0;0;0;0;0;0;0;0;0;0;4819;0;0;126;0;122;0;
6833;4261702;1210933248;16207872;1395757056;0;0;0;0;0;0;0;0;0;0;0;2665;0;0;126;0;122;0;
6834;2917341;1210933248;16207872;1395757056;0;0;0;0;0;0;0;0;0;0;0;2715;0;0;126;0;122;0;
6835;7245217;1210933248;16207872;1395757056;0;0;0;0;0;0;0;0;0;0;0;4398;0;0;126;0;122;0;
6836;5487211;1210933248;16207872;1395757056;0;0;0;0;0;0;0;0;0;0;0;3166;0;0;126;0;122;0;
6837;10900433;1210933248;16207872;1395757056;0;0;0;0;0;0;0;0;0;0;0;3527;0;0;126;0;122;0;
6838;7202176;1210933248;16207872;1395757056;0;0;0;0;0;0;0;0;0;0;0;3186;0;0;126;0;122;0;
6839;5802572;1210933248;16207872;1395757056;0;0;0;0;0;0;0;0;0;0;0;3546;0;0;126;0;122;0;
6840;4826822;1210933248;16207872;1395757056;0;0;0;0;0;0;0;0;0;0;0;2735;0;0;126;0;122;0;
6841;6158930;1210933248;16207872;1395757056;0;0;0;0;0;0;0;0;0;0;0;3737;0;0;126;0;122;0;
6842;3537274;1210933248;16207872;1395757056;0;0;0;0;0;0;0;0;0;0;0;2905;0;0;126;0;122;0;
6843;9804327;1210933248;16207872;1395757056;0;0;0;0;0;0;0;0;0;0;0;3106;0;0;126;0;122;0;
6844;4449645;1210933248;16207872;1395757056;0;0;0;0;0;0;0;0;0;0;0;3387;0;0;126;0;122;0;
6845;4903876;1210933248;16207872;1395757056;0;0;0;0;0;0;0;0;0;0;0;2705;0;0;126;0;122;0;
6846;4548320;1210933248;16207872;1395757056;0;0;0;0;0;0;0;0;0;0;0;3316;0;0;126;0;122;0;
6847;3293737;1210933248;16207872;1395757056;0;0;0;0;0;0;0;0;0;0;0;2865;0;0;126;0;122;0;
6848;3892620;1210933248;16207872;1395757056;0;0;0;0;0;0;0;0;0;0;0;3546;0;0;126;0;122;0;
6849;7526395;1210933248;16207872;1395757056;0;0;0;0;0;0;0;0;0;0;0;3236;0;0;126;0;122;0;
6850;4878048;1210933248;16207872;1395757056;0;0;0;0;0;0;0;0;0;0;0;3116;0;0;126;0;122;0;
6851;5144187;1210933248;16207872;1395757056;0;0;0;0;0;0;0;0;0;0;0;3957;0;0;126;0;122;0;
6852;3232412;1210933248;16207872;1395757056;0;0;0;0;0;0;0;0;0;0;0;3216;0;0;126;0;122;0;
6853;4205948;1210933248;16207872;1395757056;0;0;0;0;0;0;0;0;0;0;0;3908;0;0;126;0;122;0;
6854;2844795;1210933248;16207872;1395757056;0;0;0;0;0;0;0;0;0;0;0;2184;0;0;126;0;122;0;
6855;7058047;1210933248;16207872;1395757056;0;0;0;0;0;0;0;0;0;0;0;2144;0;0;126;0;122;0;
6856;4940215;1210933248;16207872;1395757056;0;0;0;0;0;0;0;0;0;0;0;2785;0;0;126;0;122;0;
6857;3611633;1210933248;16207872;1395757056;0;0;0;0;0;0;0;0;0;0;0;1593;0;0;126;0;122;0;
6858;1943525;1210933248;16207872;1395757056;0;0;0;0;0;0;0;0;0;0;0;1903;0;0;126;0;122;0;
6859;2585659;1210933248;16207872;1395757056;0;0;0;0;0;0;0;0;0;0;0;3116;0;0;126;0;122;0;
6860;3487731;1210933248;16207872;1395757056;0;0;0;0;0;0;0;0;0;0;0;2735;0;0;126;0;122;0;
6861;7498492;1210933248;16207872;1395757056;0;0;0;0;0;0;0;0;0;0;0;2845;0;0;126;0;122;0;
6862;3840051;1210933248;16207872;1395757056;0;0;0;0;0;0;0;0;0;0;0;3426;0;0;126;0;122;0;
6863;4661612;1210933248;16207872;1395757056;0;0;0;0;0;0;0;0;0;0;0;3166;0;0;126;0;122;0;
6864;2776998;1210933248;16207872;1395757056;0;0;0;0;0;0;0;0;0;0;0;2244;0;0;126;0;122;0;
6865;2349025;1210933248;16207872;1395757056;0;0;0;0;0;0;0;0;0;0;0;2405;0;0;126;0;122;0;
6866;1991374;1210933248;16207872;1395757056;0;0;0;0;0;0;0;0;0;0;0;2024;0;0;126;0;122;0;
6867;7671877;1210933248;16207872;1395757056;0;0;0;0;0;0;0;0;0;0;0;2514;0;0;126;0;122;0;
6868;2863380;1210933248;16207872;1395757056;0;0;0;0;0;0;0;0;0;0;0;2304;0;0;126;0;122;0;
6869;2529464;1210933248;16207872;1395757056;0;0;0;0;0;0;0;0;0;0;0;1643;0;0;126;0;122;0;
6870;3875808;1210933248;16207872;1395757056;0;0;0;0;0;0;0;0;0;0;0;2916;0;0;126;0;122;0;
6871;3420836;1210933248;16207872;1395757056;0;0;0;0;0;0;0;0;0;0;0;2485;0;0;126;0;122;0;
6872;1140309;1210933248;16207872;1395757056;0;0;0;0;0;0;0;0;0;0;0;1513;0;0;126;0;122;0;
6873;5601285;1210933248;16207872;1395757056;0;0;0;0;0;0;0;0;0;0;0;2615;0;0;126;0;122;0;
6874;4325983;1210933248;16207872;1395757056;0;0;0;0;0;0;0;0;0;0;0;3426;0;0;126;0;122;0;
6875;4593905;1210933248;16207872;1395757056;0;0;0;0;0;0;0;0;0;0;0;2755;0;0;126;0;122;0;
6876;2174498;1210933248;16207872;1395757056;0;0;0;0;0;0;0;0;0;0;0;2424;0;0;126;0;122;0;
6877;2522591;1210933248;16207872;1395757056;0;0;0;0;0;0;0;0;0;0;0;2084;0;0;126;0;122;0;
6878;2744747;1210933248;16207872;1395757056;0;0;0;0;0;0;0;0;0;0;0;2434;0;0;126;0;122;0;
6879;6011995;1210933248;16207872;1395757056;0;0;0;0;0;0;0;0;0;0;0;2194;0;0;126;0;122;0;
6880;3161429;1210933248;16207872;1395757056;0;0;0;0;0;0;0;0;0;0;0;2004;0;0;126;0;122;0;
6881;3412289;1210933248;16207872;1395757056;0;0;0;0;0;0;0;0;0;0;0;2194;0;0;126;0;122;0;
6882;1808792;1210933248;16207872;1395757056;0;0;0;0;0;0;0;0;0;0;0;2024;0;0;126;0;122;0;
6883;4097705;1210933248;16207872;1395757056;0;0;0;0;0;0;0;0;0;0;0;2164;0;0;126;0;122;0;
6884;1966788;1210933248;16207872;1395757056;0;0;0;0;0;0;0;0;0;0;0;1473;0;0;126;0;122;0;
6885;6716816;1210933248;16207872;1395757056;0;0;0;0;0;0;0;0;0;0;0;2886;0;0;126;0;122;0;
6886;3536582;1210933248;16207872;1395757056;0;0;0;0;0;0;0;0;0;0;0;2184;0;0;126;0;122;0;
6887;1692163;1210933248;16207872;1395757056;0;0;0;0;0;0;0;0;0;0;0;1683;0;0;126;0;122;0;
6888;1918248;1210933248;16207872;1395757056;0;0;0;0;0;0;0;0;0;0;0;1964;0;0;126;0;122;0;
6889;3922085;1210933248;16207872;1395757056;0;0;0;0;0;0;0;0;0;0;0;2865;0;0;126;0;122;0;
6890;2825228;1210933248;16207872;1395757056;0;0;0;0;0;0;0;0;0;0;0;2364;0;0;126;0;122;0;
6891;5974514;1210933248;16207872;1395757056;0;0;0;0;0;0;0;0;0;0;0;2755;0;0;126;0;122;0;
6892;4608563;1210933248;16207872;1395757056;0;0;0;0;0;0;0;0;0;0;0;2595;0;0;126;0;122;0;
6893;2288331;1210933248;16207872;1395757056;0;0;0;0;0;0;0;0;0;0;0;1573;0;0;126;0;122;0;
6894;2221586;1210933248;16207872;1395757056;0;0;0;0;0;0;0;0;0;0;0;1894;0;0;126;0;122;0;
6895;3530280;1210933248;16207872;1395757056;0;0;0;0;0;0;0;0;0;0;0;2926;0;0;126;0;122;0;
6896;4101482;1210933248;16207872;1395757056;0;0;0;0;0;0;0;0;0;0;0;2665;0;0;126;0;122;0;
6897;7157603;1210933248;16207872;1395757056;0;0;0;0;0;0;0;0;0;0;0;3086;0;0;126;0;122;0;
6898;3987458;1210933248;16207872;1395757056;0;0;0;0;0;0;0;0;0;0;0;26630;0;0;126;0;122;0;
6899;3654975;1210933248;16207872;1395757056;0;0;0;0;0;0;0;0;0;0;0;2184;0;0;126;0;122;0;
6900;2530696;1210933248;16207872;1395757056;0;0;0;0;0;0;0;0;0;0;0;2114;0;0;126;0;122;0;
6901;3504252;1210933248;16207872;1395757056;0;0;0;0;0;0;0;0;0;0;0;2625;0;0;126;0;122;0;
6902;1877531;1210933248;16207872;1395757056;0;0;0;0;0;0;0;0;0;0;0;1532;0;0;126;0;122;0;
6903;8431362;1210933248;16207872;1395757056;0;0;0;0;0;0;0;0;0;0;0;3747;0;0;126;0;122;0;
6904;2826772;1210933248;16207872;1395757056;0;0;0;0;0;0;0;0;0;0;0;3176;0;0;126;0;122;0;
6905;3256347;1210933248;16207872;1395757056;0;0;0;0;0;0;0;0;0;0;0;2325;0;0;126;0;122;0;
6906;2198283;1210933248;16207872;1395757056;0;0;0;0;0;0;0;0;0;0;0;2264;0;0;126;0;122;0;
6907;3097439;1210933248;16207872;1395757056;0;0;0;0;0;0;0;0;0;0;0;2464;0;0;126;0;122;0;
6908;1204298;1210933248;16207872;1395757056;0;0;0;0;0;0;0;0;0;0;0;1613;0;0;126;0;122;0;
6909;9466353;1210933248;16207872;1395757056;0;0;0;0;0;0;0;0;0;0;0;3406;0;0;126;0;122;0;
6910;5316811;1210933248;16207872;1395757056;0;0;0;0;0;0;0;0;0;0;0;2825;0;0;126;0;122;0;
6911;5192909;1210933248;16207872;1395757056;0;0;0;0;0;0;0;0;0;0;0;3076;0;0;126;0;122;0;
6912;2844004;1210933248;16207872;1395757056;0;0;0;0;0;0;0;0;0;0;0;2685;0;0;126;0;122;0;
6913;2857108;1210933248;16207872;1395757056;0;0;0;0;0;0;0;0;0;0;0;2364;0;0;126;0;122;0;
6914;1846032;1210933248;16207872;1395757056;0;0;0;0;0;0;0;0;0;0;0;2074;0;0;126;0;122;0;
6915;7521986;1210933248;16207872;1395757056;0;0;0;0;0;0;0;0;0;0;0;3045;0;0;126;0;122;0;
6916;3054659;1210933248;16207872;1395757056;0;0;0;0;0;0;0;0;0;0;0;2625;0;0;126;0;122;0;
6917;2643006;1210933248;16207872;1395757056;0;0;0;0;0;0;0;0;0;0;0;1964;0;0;126;0;122;0;
6918;3071942;1210933248;16207872;1395757056;0;0;0;0;0;0;0;0;0;0;0;2816;0;0;126;0;122;0;
6919;3398103;1210933248;16207872;1395757056;0;0;0;0;0;0;0;0;0;0;0;1994;0;0;126;0;122;0;
6920;1722370;1210933248;16207872;1395757056;0;0;0;0;0;0;0;0;0;0;0;1884;0;0;126;0;122;0;
6921;6066457;1210933248;16207872;1395757056;0;0;0;0;0;0;0;0;0;0;0;2635;0;0;126;0;122;0;
6922;2513354;1210933248;16207872;1395757056;0;0;0;0;0;0;0;0;0;0;0;1503;0;0;126;0;122;0;
6923;2621076;1210933248;16207872;1395757056;0;0;0;0;0;0;0;0;0;0;0;1924;0;0;126;0;122;0;
6924;3409774;1210933248;16207872;1395757056;0;0;0;0;0;0;0;0;0;0;0;2394;0;0;126;0;122;0;
6925;2527039;1210933248;16207872;1395757056;0;0;0;0;0;0;0;0;0;0;0;2224;0;0;126;0;122;0;
6926;1673458;1210933248;16207872;1395757056;0;0;0;0;0;0;0;0;0;0;0;1733;0;0;126;0;122;0;
6927;6640323;1210933248;16207872;1395757056;0;0;0;0;0;0;0;0;0;0;0;2956;0;0;126;0;122;0;
6928;2878378;1210933248;16207872;1395757056;0;0;0;0;0;0;0;0;0;0;0;2635;0;0;126;0;122;0;
6929;2677531;1210933248;16207872;1395757056;0;0;0;0;0;0;0;0;0;0;0;2084;0;0;126;0;122;0;
6930;3462964;1210933248;16207872;1395757056;0;0;0;0;0;0;0;0;0;0;0;1964;0;0;126;0;122;0;
6931;3485738;1210933248;16207872;1395757056;0;0;0;0;0;0;0;0;0;0;0;2184;0;0;126;0;122;0;
6932;2063680;1210933248;16207872;1395757056;0;0;0;0;0;0;0;0;0;0;0;1373;0;0;126;0;122;0;
6933;7342840;1210933248;16207872;1395757056;0;0;0;0;0;0;0;0;0;0;0;2776;0;0;126;0;122;0;
6934;3494573;1210933248;16207872;1395757056;0;0;0;0;0;0;0;0;0;0;0;1923;0;0;126;0;122;0;
6935;4037242;1210933248;16207872;1395757056;0;0;0;0;0;0;0;0;0;0;0;2634;0;0;126;0;122;0;
6936;3511115;1210933248;16207872;1395757056;0;0;0;0;0;0;0;0;0;0;0;2565;0;0;126;0;122;0;
6937;2935455;1210933248;16207872;1395757056;0;0;0;0;0;0;0;0;0;0;0;2164;0;0;126;0;122;0;
6938;2025448;1210933248;16207872;1395757056;0;0;0;0;0;0;0;0;0;0;0;1783;0;0;126;0;122;0;
6939;7404637;1210933248;16207872;1395757056;0;0;0;0;0;0;0;0;0;0;0;3446;0;0;126;0;122;0;
6940;3167299;1210933248;16207872;1395757056;0;0;0;0;0;0;0;0;0;0;0;2364;0;0;126;0;122;0;
6941;4834166;1210933248;16207872;1395757056;0;0;0;0;0;0;0;0;0;0;0;2134;0;0;126;0;122;0;
6942;3866802;1210933248;16207872;1395757056;0;0;0;0;0;0;0;0;0;0;0;3206;0;0;126;0;122;0;
6943;2771708;1210933248;16207872;1395757056;0;0;0;0;0;0;0;0;0;0;0;1913;0;0;126;0;122;0;
6944;2083417;1210933248;16207872;1395757056;0;0;0;0;0;0;0;0;0;0;0;1914;0;0;126;0;122;0;
6945;8018067;1210933248;16207872;1395757056;0;0;0;0;0;0;0;0;0;0;0;2905;0;0;126;0;122;0;
6946;3423089;1210933248;16207872;1395757056;0;0;0;0;0;0;0;0;0;0;0;2074;0;0;126;0;122;0;
6947;3187728;1210933248;16207872;1395757056;0;0;0;0;0;0;0;0;0;0;0;2415;0;0;126;0;122;0;
6948;3220980;1210933248;16207872;1395757056;0;0;0;0;0;0;0;0;0;0;0;2695;0;0;126;0;122;0;
6949;4355688;1210933248;16207872;1395757056;0;0;0;0;0;0;0;0;0;0;0;2836;0;0;126;0;122;0;
6950;2521379;1210933248;16207872;1395757056;0;0;0;0;0;0;0;0;0;0;0;1694;0;0;126;0;122;0;
6951;7061793;1210933248;16207872;1395757056;0;0;0;0;0;0;0;0;0;0;0;3045;0;0;126;0;122;0;
6952;3183801;1210933248;16207872;1395757056;0;0;0;0;0;0;0;0;0;0;0;2305;0;0;126;0;122;0;
6953;2657294;1210933248;16207872;1395757056;0;0;0;0;0;0;0;0;0;0;0;1623;0;0;126;0;122;0;
6954;4210917;1210933248;16207872;1395757056;0;0;0;0;0;0;0;0;0;0;0;4088;0;0;126;0;122;0;
6955;5483063;1210933248;16207872;1395757056;0;0;0;0;0;0;0;0;0;0;0;3967;0;0;126;0;122;0;
6956;3758589;1210933248;16207872;1395757056;0;0;0;0;0;0;0;0;0;0;0;3377;0;0;126;0;122;0;
6957;6400684;1210933248;16207872;1395757056;0;0;0;0;0;0;0;0;0;0;0;2795;0;0;126;0;122;0;
6958;4269748;1210933248;16207872;1395757056;0;0;0;0;0;0;0;0;0;0;0;3617;0;0;126;0;122;0;
6959;4930626;1210933248;16207872;1395757056;0;0;0;0;0;0;0;0;0;0;0;3066;0;0;126;0;122;0;
6960;3485096;1210933248;16207872;1395757056;0;0;0;0;0;0;0;0;0;0;0;3196;0;0;126;0;122;0;
6961;3914391;1210933248;16207872;1395757056;0;0;0;0;0;0;0;0;0;0;0;3787;0;0;126;0;122;0;
6962;3786862;1210933248;16207872;1395757056;0;0;0;0;0;0;0;0;0;0;0;4038;0;0;126;0;122;0;
6963;7072594;1210933248;16207872;1395757056;0;0;0;0;0;0;0;0;0;0;0;2815;0;0;126;0;122;0;
6964;4480613;1210933248;16207872;1395757056;0;0;0;0;0;0;0;0;0;0;0;2505;0;0;126;0;122;0;
6965;4090130;1210933248;16207872;1395757056;0;0;0;0;0;0;0;0;0;0;0;3597;0;0;126;0;122;0;
6966;3500655;1210933248;16207872;1395757056;0;0;0;0;0;0;0;0;0;0;0;3316;0;0;126;0;122;0;
6967;4889840;1210933248;16207872;1395757056;0;0;0;0;0;0;0;0;0;0;0;3266;0;0;126;0;122;0;
6968;3190774;1210933248;16207872;1395757056;0;0;0;0;0;0;0;0;0;0;0;2585;0;0;126;0;122;0;
6969;7500807;1210933248;16207872;1395757056;0;0;0;0;0;0;0;0;0;0;0;3908;0;0;126;0;122;0;
6970;5377044;1210933248;16207872;1395757056;0;0;0;0;0;0;0;0;0;0;0;4178;0;0;126;0;122;0;
6971;4403899;1210933248;16207872;1395757056;0;0;0;0;0;0;0;0;0;0;0;3397;0;0;126;0;122;0;
6972;4456368;1210933248;16207872;1395757056;0;0;0;0;0;0;0;0;0;0;0;2865;0;0;126;0;122;0;
6973;4816122;1210933248;16207872;1395757056;0;0;0;0;0;0;0;0;0;0;0;3105;0;0;126;0;122;0;
6974;4664097;1210933248;16207872;1395757056;0;0;0;0;0;0;0;0;0;0;0;3086;0;0;126;0;122;0;
6975;7500096;1210933248;16207872;1395757056;0;0;0;0;0;0;0;0;0;0;0;3316;0;0;126;0;122;0;
6976;6323188;1210933248;16207872;1395757056;0;0;0;0;0;0;0;0;0;0;0;4308;0;0;126;0;122;0;
6977;3713584;1210933248;16207872;1395757056;0;0;0;0;0;0;0;0;0;0;0;2716;0;0;126;0;122;0;
6978;3536041;1210933248;16207872;1395757056;0;0;0;0;0;0;0;0;0;0;0;3176;0;0;126;0;122;0;
6979;4634572;1210933248;16207872;1395757056;0;0;0;0;0;0;0;0;0;0;0;3957;0;0;126;0;122;0;
6980;3398523;1210933248;16207872;1395757056;0;0;0;0;0;0;0;0;0;0;0;3437;0;0;126;0;122;0;
6981;6456940;1210933248;16207872;1395757056;0;0;0;0;0;0;0;0;0;0;0;3316;0;0;126;0;122;0;
6982;3374198;1210933248;16207872;1395757056;0;0;0;0;0;0;0;0;0;0;0;2605;0;0;126;0;122;0;
6983;5265014;1210933248;16207872;1395757056;0;0;0;0;0;0;0;0;0;0;0;3196;0;0;126;0;122;0;
6984;3504793;1210933248;16207872;1395757056;0;0;0;0;0;0;0;0;0;0;0;2464;0;0;126;0;122;0;
6985;4424427;1210933248;16207872;1395757056;0;0;0;0;0;0;0;0;0;0;0;3586;0;0;126;0;122;0;
6986;2782137;1210933248;16207872;1395757056;0;0;0;0;0;0;0;0;0;0;0;2806;0;0;126;0;122;0;
6987;7296815;1210933248;16207872;1395757056;0;0;0;0;0;0;0;0;0;0;0;4117;0;0;126;0;122;0;
6988;5503712;1210933248;16207872;1395757056;0;0;0;0;0;0;0;0;0;0;0;3266;0;0;126;0;122;0;
6989;3770902;1210933248;16207872;1395757056;0;0;0;0;0;0;0;0;0;0;0;2525;0;0;126;0;122;0;
6990;1928257;1210933248;16207872;1395757056;0;0;0;0;0;0;0;0;0;0;0;2565;0;0;126;0;122;0;
6991;4013437;1210933248;16207872;1395757056;0;0;0;0;0;0;0;0;0;0;0;3376;0;0;126;0;122;0;
6992;3081188;1210933248;16207872;1395757056;0;0;0;0;0;0;0;0;0;0;0;3116;0;0;126;0;122;0;
6993;7057977;1210933248;16207872;1395757056;0;0;0;0;0;0;0;0;0;0;0;2495;0;0;126;0;122;0;
6994;6925007;1210933248;16207872;1395757056;0;0;0;0;0;0;0;0;0;0;0;3737;0;0;126;0;122;0;
6995;13845676;1210933248;16207872;1395757056;0;0;0;0;0;0;0;0;0;0;0;3086;0;0;126;0;122;0;
6996;2375736;1210933248;16207872;1395757056;0;0;0;0;0;0;0;0;0;0;0;5841;0;0;126;0;122;0;
6997;3715057;1210933248;16207872;1395757056;0;0;0;0;0;0;0;0;0;0;0;2514;0;0;126;0;122;0;
6998;2904457;1210933248;16207872;1395757056;0;0;0;0;0;0;0;0;0;0;0;2544;0;0;126;0;122;0;
6999;6507795;1210933248;16207872;1395757056;0;0;0;0;0;0;0;0;0;0;0;3156;0;0;126;0;122;0;
7000;3958794;1210933248;16207872;1395757056;0;0;0;0;0;0;0;0;0;0;0;3125;0;0;126;0;122;0;
7001;3541381;1210933248;16207872;1395757056;0;0;0;0;0;0;0;0;0;0;0;2214;0;0;126;0;122;0;
7002;5427860;1210933248;16207872;1395757056;0;0;0;0;0;0;0;0;0;0;0;34605;0;0;126;0;122;0;
7003;5499954;1210933248;16207872;1395757056;0;0;0;0;0;0;0;0;0;0;0;3817;0;0;126;0;122;0;
7004;3317913;1210933248;16207872;1395757056;0;0;0;0;0;0;0;0;0;0;0;2775;0;0;126;0;122;0;
7005;6305956;1210933248;16207872;1395757056;0;0;0;0;0;0;0;0;0;0;0;2786;0;0;126;0;122;0;
7006;4494138;1210933248;16207872;1395757056;0;0;0;0;0;0;0;0;0;0;0;2615;0;0;126;0;122;0;
7007;3519019;1210933248;16207872;1395757056;0;0;0;0;0;0;0;0;0;0;0;3106;0;0;126;0;122;0;
7008;2611428;1210933248;16207872;1395757056;0;0;0;0;0;0;0;0;0;0;0;2935;0;0;126;0;122;0;
7009;4922902;1210933248;16207872;1395757056;0;0;0;0;0;0;0;0;0;0;0;3186;0;0;126;0;122;0;
7010;3778777;1210933248;16207872;1395757056;0;0;0;0;0;0;0;0;0;0;0;3146;0;0;126;0;122;0;
7011;6832584;1210933248;16207872;1395757056;0;0;0;0;0;0;0;0;0;0;0;3837;0;0;126;0;122;0;
7012;4816082;1210933248;16207872;1395757056;0;0;0;0;0;0;0;0;0;0;0;3016;0;0;126;0;122;0;
7013;4927872;1210933248;16207872;1395757056;0;0;0;0;0;0;0;0;0;0;0;3006;0;0;126;0;122;0;
7014;3144337;1210933248;16207872;1395757056;0;0;0;0;0;0;0;0;0;0;0;4368;0;0;126;0;122;0;
7015;4350108;1210933248;16207872;1395757056;0;0;0;0;0;0;0;0;0;0;0;3827;0;0;126;0;122;0;
7016;3416617;1210933248;16207872;1395757056;0;0;0;0;0;0;0;0;0;0;0;3046;0;0;126;0;122;0;
7017;7072003;1210933248;16207872;1395757056;0;0;0;0;0;0;0;0;0;0;0;3807;0;0;126;0;122;0;
7018;4293301;1210933248;16207872;1395757056;0;0;0;0;0;0;0;0;0;0;0;3407;0;0;126;0;122;0;
7019;4010661;1210933248;16207872;1395757056;0;0;0;0;0;0;0;0;0;0;0;2525;0;0;126;0;122;0;
7020;2482075;1210933248;16207872;1395757056;0;0;0;0;0;0;0;0;0;0;0;2455;0;0;126;0;122;0;
7021;3689218;1210933248;16207872;1395757056;0;0;0;0;0;0;0;0;0;0;0;209313;0;0;126;0;122;0;
7022;2978375;1210933248;16207872;1395757056;0;0;0;0;0;0;0;0;0;0;0;3646;0;0;126;0;122;0;
7023;8672504;1210933248;16207872;1395757056;0;0;0;0;0;0;0;0;0;0;0;2925;0;0;126;0;122;0;
7024;6346031;1210933248;16207872;1395757056;0;0;0;0;0;0;0;0;0;0;0;3266;0;0;126;0;122;0;
7025;3995122;1210933248;16207872;1395757056;0;0;0;0;0;0;0;0;0;0;0;2424;0;0;126;0;122;0;
7026;4058551;1210933248;16207872;1395757056;0;0;0;0;0;0;0;0;0;0;0;3186;0;0;126;0;122;0;
7027;2738075;1210933248;16207872;1395757056;0;0;0;0;0;0;0;0;0;0;0;2866;0;0;126;0;122;0;
7028;1717992;1210933248;16207872;1395757056;0;0;0;0;0;0;0;0;0;0;0;1753;0;0;126;0;122;0;
7029;6814430;1210933248;16207872;1395757056;0;0;0;0;0;0;0;0;0;0;0;2945;0;0;126;0;122;0;
7030;4363974;1210933248;16207872;1395757056;0;0;0;0;0;0;0;0;0;0;0;3115;0;0;126;0;122;0;
7031;3570927;1210933248;16207872;1395757056;0;0;0;0;0;0;0;0;0;0;0;2434;0;0;126;0;122;0;
7032;2634801;1210933248;16207872;1395757056;0;0;0;0;0;0;0;0;0;0;0;2305;0;0;126;0;122;0;
7033;3081839;1210933248;16207872;1395757056;0;0;0;0;0;0;0;0;0;0;0;2245;0;0;126;0;122;0;
7034;2879200;1210933248;16207872;1395757056;0;0;0;0;0;0;0;0;0;0;0;2575;0;0;126;0;122;0;
7035;5693086;1210933248;16207872;1395757056;0;0;0;0;0;0;0;0;0;0;0;2425;0;0;126;0;122;0;
7036;2396785;1210933248;16207872;1395757056;0;0;0;0;0;0;0;0;0;0;0;2023;0;0;126;0;122;0;
7037;3081088;1210933248;16207872;1395757056;0;0;0;0;0;0;0;0;0;0;0;2284;0;0;126;0;122;0;
7038;2822053;1210933248;16207872;1395757056;0;0;0;0;0;0;0;0;0;0;0;2164;0;0;126;0;122;0;
7039;2807796;1210933248;16207872;1395757056;0;0;0;0;0;0;0;0;0;0;0;2194;0;0;126;0;122;0;
7040;2423055;1210933248;16207872;1395757056;0;0;0;0;0;0;0;0;0;0;0;2154;0;0;126;0;122;0;
7041;6943121;1210933248;16207872;1395757056;0;0;0;0;0;0;0;0;0;0;0;2625;0;0;126;0;122;0;
7042;5352468;1210933248;16207872;1395757056;0;0;0;0;0;0;0;0;0;0;0;2604;0;0;126;0;122;0;
7043;2482566;1210933248;16207872;1395757056;0;0;0;0;0;0;0;0;0;0;0;2074;0;0;126;0;122;0;
7044;1459427;1210933248;16207872;1395757056;0;0;0;0;0;0;0;0;0;0;0;1854;0;0;126;0;122;0;
7045;3507368;1210933248;16207872;1395757056;0;0;0;0;0;0;0;0;0;0;0;2575;0;0;126;0;122;0;
7046;2201699;1210933248;16207872;1395757056;0;0;0;0;0;0;0;0;0;0;0;1643;0;0;126;0;122;0;
7047;7103021;1210933248;16207872;1395757056;0;0;0;0;0;0;0;0;0;0;0;2805;0;0;126;0;122;0;
7048;4549422;1210933248;16207872;1395757056;0;0;0;0;0;0;0;0;0;0;0;3185;0;0;126;0;122;0;
7049;2704883;1210933248;16207872;1395757056;0;0;0;0;0;0;0;0;0;0;0;1793;0;0;126;0;122;0;
7050;2777599;1210933248;16207872;1395757056;0;0;0;0;0;0;0;0;0;0;0;2625;0;0;126;0;122;0;
7051;4275819;1210933248;16207872;1395757056;0;0;0;0;0;0;0;0;0;0;0;2504;0;0;126;0;122;0;
7052;2318268;1210933248;16207872;1395757056;0;0;0;0;0;0;0;0;0;0;0;1643;0;0;126;0;122;0;
7053;5374970;1210933248;16207872;1395757056;0;0;0;0;0;0;0;0;0;0;0;99526;0;0;126;0;122;0;
7054;3685311;1210933248;16207872;1395757056;0;0;0;0;0;0;0;0;0;0;0;2144;0;0;126;0;122;0;
7055;3355944;1210933248;16207872;1395757056;0;0;0;0;0;0;0;0;0;0;0;2515;0;0;126;0;122;0;
7056;2744307;1210933248;16207872;1395757056;0;0;0;0;0;0;0;0;0;0;0;2715;0;0;126;0;122;0;
7057;3607044;1210933248;16207872;1395757056;0;0;0;0;0;0;0;0;0;0;0;2565;0;0;126;0;122;0;
7058;2986481;1210933248;16207872;1395757056;0;0;0;0;0;0;0;0;0;0;0;2435;0;0;126;0;122;0;
7059;6829748;1210933248;16207872;1395757056;0;0;0;0;0;0;0;0;0;0;0;2274;0;0;126;0;122;0;
7060;3306982;1210933248;16207872;1395757056;0;0;0;0;0;0;0;0;0;0;0;2615;0;0;126;0;122;0;
7061;2165070;1210933248;16207872;1395757056;0;0;0;0;0;0;0;0;0;0;0;1603;0;0;126;0;122;0;
7062;3016877;1210933248;16207872;1395757056;0;0;0;0;0;0;0;0;0;0;0;1803;0;0;126;0;122;0;
7063;2811824;1210933248;16207872;1395757056;0;0;0;0;0;0;0;0;0;0;0;2204;0;0;126;0;122;0;
7064;2476474;1210933248;16207872;1395757056;0;0;0;0;0;0;0;0;0;0;0;1483;0;0;126;0;122;0;
7065;6772821;1210933248;16207872;1395757056;0;0;0;0;0;0;0;0;0;0;0;2655;0;0;126;0;122;0;
7066;4680428;1210933248;16207872;1395757056;0;0;0;0;0;0;0;0;0;0;0;3256;0;0;126;0;122;0;
7067;2666812;1210933248;16207872;1395757056;0;0;0;0;0;0;0;0;0;0;0;1623;0;0;126;0;122;0;
7068;1911395;1210933248;16207872;1395757056;0;0;0;0;0;0;0;0;0;0;0;2014;0;0;126;0;122;0;
7069;3619398;1210933248;16207872;1395757056;0;0;0;0;0;0;0;0;0;0;0;2104;0;0;126;0;122;0;
7070;3870238;1210933248;16207872;1395757056;0;0;0;0;0;0;0;0;0;0;0;2715;0;0;126;0;122;0;
7071;5947904;1210933248;16207872;1395757056;0;0;0;0;0;0;0;0;0;0;0;3296;0;0;126;0;122;0;
7072;4219413;1210933248;16207872;1395757056;0;0;0;0;0;0;0;0;0;0;0;2675;0;0;126;0;122;0;
7073;3935330;1210933248;16207872;1395757056;0;0;0;0;0;0;0;0;0;0;0;1924;0;0;126;0;122;0;
7074;1374207;1210933248;16207872;1395757056;0;0;0;0;0;0;0;0;0;0;0;1773;0;0;126;0;122;0;
7075;3299208;1210933248;16207872;1395757056;0;0;0;0;0;0;0;0;0;0;0;2334;0;0;126;0;122;0;
7076;2379101;1210933248;16207872;1395757056;0;0;0;0;0;0;0;0;0;0;0;2735;0;0;126;0;122;0;
7077;7552384;1210933248;16207872;1395757056;0;0;0;0;0;0;0;0;0;0;0;2936;0;0;126;0;122;0;
7078;4673274;1210933248;16207872;1395757056;0;0;0;0;0;0;0;0;0;0;0;2816;0;0;126;0;122;0;
7079;4132370;1210933248;16207872;1395757056;0;0;0;0;0;0;0;0;0;0;0;2284;0;0;126;0;122;0;
7080;2141647;1210933248;16207872;1395757056;0;0;0;0;0;0;0;0;0;0;0;2375;0;0;126;0;122;0;
7081;3357847;1210933248;16207872;1395757056;0;0;0;0;0;0;0;0;0;0;0;2644;0;0;126;0;122;0;
7082;2968738;1210933248;16207872;1395757056;0;0;0;0;0;0;0;0;0;0;0;2364;0;0;126;0;122;0;
7083;8099470;1210933248;16207872;1395757056;0;0;0;0;0;0;0;0;0;0;0;2755;0;0;126;0;122;0;
7084;5657259;1210933248;16207872;1395757056;0;0;0;0;0;0;0;0;0;0;0;3176;0;0;126;0;122;0;
7085;4645782;1210933248;16207872;1395757056;0;0;0;0;0;0;0;0;0;0;0;2335;0;0;126;0;122;0;
7086;2779061;1210933248;16207872;1395757056;0;0;0;0;0;0;0;0;0;0;0;2244;0;0;126;0;122;0;
7087;2213992;1210933248;16207872;1395757056;0;0;0;0;0;0;0;0;0;0;0;1943;0;0;126;0;122;0;
7088;1951139;1210933248;16207872;1395757056;0;0;0;0;0;0;0;0;0;0;0;1653;0;0;126;0;122;0;
7089;8046941;1210933248;16207872;1395757056;0;0;0;0;0;0;0;0;0;0;0;2756;0;0;126;0;122;0;
7090;3856513;1210933248;16207872;1395757056;0;0;0;0;0;0;0;0;0;0;0;2174;0;0;126;0;122;0;
7091;4058461;1210933248;16207872;1395757056;0;0;0;0;0;0;0;0;0;0;0;1744;0;0;126;0;122;0;
7092;2365156;1210933248;16207872;1395757056;0;0;0;0;0;0;0;0;0;0;0;2104;0;0;126;0;122;0;
7093;2061817;1210933248;16207872;1395757056;0;0;0;0;0;0;0;0;0;0;0;1793;0;0;126;0;122;0;
7094;2267101;1210933248;16207872;1395757056;0;0;0;0;0;0;0;0;0;0;0;2164;0;0;126;0;122;0;
7095;6484020;1210933248;16207872;1395757056;0;0;0;0;0;0;0;0;0;0;0;2294;0;0;126;0;122;0;
7096;4479311;1210933248;16207872;1395757056;0;0;0;0;0;0;0;0;0;0;0;2184;0;0;126;0;122;0;
7097;3960557;1210933248;16207872;1395757056;0;0;0;0;0;0;0;0;0;0;0;1953;0;0;126;0;122;0;
7098;2642876;1210933248;16207872;1395757056;0;0;0;0;0;0;0;0;0;0;0;2384;0;0;126;0;122;0;
7099;3669703;1210933248;16207872;1395757056;0;0;0;0;0;0;0;0;0;0;0;2184;0;0;126;0;122;0;
7100;1349831;1210933248;16207872;1395757056;0;0;0;0;0;0;0;0;0;0;0;1834;0;0;126;0;122;0;
7101;5687867;1210933248;16207872;1395757056;0;0;0;0;0;0;0;0;0;0;0;2555;0;0;126;0;122;0;
7102;4624914;1210933248;16207872;1395757056;0;0;0;0;0;0;0;0;0;0;0;2495;0;0;126;0;122;0;
7103;2772179;1210933248;16207872;1395757056;0;0;0;0;0;0;0;0;0;0;0;1964;0;0;126;0;122;0;
7104;2857629;1210933248;16207872;1395757056;0;0;0;0;0;0;0;0;0;0;0;1663;0;0;126;0;122;0;
7105;3718544;1210933248;16207872;1395757056;0;0;0;0;0;0;0;0;0;0;0;61085;0;0;126;0;122;0;
7106;1916895;1210933248;16207872;1395757056;0;0;0;0;0;0;0;0;0;0;0;1623;0;0;126;0;122;0;
7107;5521805;1210933248;16207872;1395757056;0;0;0;0;0;0;0;0;0;0;0;2755;0;0;126;0;122;0;
7108;4171032;1210933248;16207872;1395757056;0;0;0;0;0;0;0;0;0;0;0;2805;0;0;126;0;122;0;
7109;2961344;1210933248;16207872;1395757056;0;0;0;0;0;0;0;0;0;0;0;1933;0;0;126;0;122;0;
7110;2774904;1210933248;16207872;1395757056;0;0;0;0;0;0;0;0;0;0;0;2304;0;0;126;0;122;0;
7111;4707147;1210933248;16207872;1395757056;0;0;0;0;0;0;0;0;0;0;0;3246;0;0;126;0;122;0;
7112;1238753;1210933248;16207872;1395757056;0;0;0;0;0;0;0;0;0;0;0;2144;0;0;126;0;122;0;
7113;5898372;1210933248;16207872;1395757056;0;0;0;0;0;0;0;0;0;0;0;24035;0;0;126;0;122;0;
7114;3500715;1210933248;16207872;1395757056;0;0;0;0;0;0;0;0;0;0;0;1854;0;0;126;0;122;0;
7115;2172264;1210933248;16207872;1395757056;0;0;0;0;0;0;0;0;0;0;0;1202;0;0;126;0;122;0;
7116;1829090;1210933248;16207872;1395757056;0;0;0;0;0;0;0;0;0;0;0;2174;0;0;126;0;122;0;
7117;3892189;1210933248;16207872;1395757056;0;0;0;0;0;0;0;0;0;0;0;2315;0;0;126;0;122;0;
7118;3678158;1210933248;16207872;1395757056;0;0;0;0;0;0;0;0;0;0;0;2144;0;0;126;0;122;0;
7119;5153585;1210933248;16207872;1395757056;0;0;0;0;0;0;0;0;0;0;0;2304;0;0;126;0;122;0;
7120;2723187;1210933248;16207872;1395757056;0;0;0;0;0;0;0;0;0;0;0;1693;0;0;126;0;122;0;
7121;2318929;1210933248;16207872;1395757056;0;0;0;0;0;0;0;0;0;0;0;1603;0;0;126;0;122;0;
7122;2082415;1210933248;16207872;1395757056;0;0;0;0;0;0;0;0;0;0;0;2024;0;0;126;0;122;0;
7123;3105795;1210933248;16207872;1395757056;0;0;0;0;0;0;0;0;0;0;0;1784;0;0;126;0;122;0;
7124;2835307;1210933248;16207872;1395757056;0;0;0;0;0;0;0;0;0;0;0;1543;0;0;126;0;122;0;
7125;5453217;1210933248;16207872;1395757056;0;0;0;0;0;0;0;0;0;0;0;2495;0;0;126;0;122;0;
7126;3094423;1210933248;16207872;1395757056;0;0;0;0;0;0;0;0;0;0;0;1743;0;0;126;0;122;0;
7127;2445516;1210933248;16207872;1395757056;0;0;0;0;0;0;0;0;0;0;0;1854;0;0;126;0;122;0;
7128;1438939;1210933248;16207872;1395757056;0;0;0;0;0;0;0;0;0;0;0;2063;0;0;126;0;122;0;
7129;3318073;1210933248;16207872;1395757056;0;0;0;0;0;0;0;0;0;0;0;2044;0;0;126;0;122;0;
7130;2855806;1210933248;16207872;1395757056;0;0;0;0;0;0;0;0;0;0;0;1993;0;0;126;0;122;0;
7131;6346392;1210933248;16207872;1395757056;0;0;0;0;0;0;0;0;0;0;0;2144;0;0;126;0;122;0;
7132;2947919;1210933248;16207872;1395757056;0;0;0;0;0;0;0;0;0;0;0;1994;0;0;126;0;122;0;
7133;4218151;1210933248;16207872;1395757056;0;0;0;0;0;0;0;0;0;0;0;1743;0;0;126;0;122;0;
7134;2856718;1210933248;16207872;1395757056;0;0;0;0;0;0;0;0;0;0;0;1934;0;0;126;0;122;0;
7135;3604019;1210933248;16207872;1395757056;0;0;0;0;0;0;0;0;0;0;0;2424;0;0;126;0;122;0;
7136;2499257;1210933248;16207872;1395757056;0;0;0;0;0;0;0;0;0;0;0;112250;0;0;126;0;122;0;
7137;5326660;1210933248;16207872;1395757056;0;0;0;0;0;0;0;0;0;0;0;2335;0;0;126;0;122;0;
7138;3015706;1210933248;16207872;1395757056;0;0;0;0;0;0;0;0;0;0;0;2124;0;0;126;0;122;0;
7139;3876500;1210933248;16207872;1395757056;0;0;0;0;0;0;0;0;0;0;0;1823;0;0;126;0;122;0;
7140;2277321;1210933248;16207872;1395757056;0;0;0;0;0;0;0;0;0;0;0;2434;0;0;126;0;122;0;
7141;3360192;1210933248;16207872;1395757056;0;0;0;0;0;0;0;0;0;0;0;2204;0;0;126;0;122;0;
7142;1840973;1210933248;16207872;1395757056;0;0;0;0;0;0;0;0;0;0;0;1713;0;0;126;0;122;0;
7143;5713776;1210933248;16207872;1395757056;0;0;0;0;0;0;0;0;0;0;0;2514;0;0;126;0;122;0;
7144;3193159;1210933248;16207872;1395757056;0;0;0;0;0;0;0;0;0;0;0;1833;0;0;126;0;122;0;
7145;2053511;1210933248;16207872;1395757056;0;0;0;0;0;0;0;0;0;0;0;1624;0;0;126;0;122;0;
7146;3962922;1210933248;16207872;1395757056;0;0;0;0;0;0;0;0;0;0;0;2425;0;0;126;0;122;0;
7147;3492700;1210933248;16207872;1395757056;0;0;0;0;0;0;0;0;0;0;0;2094;0;0;126;0;122;0;
7148;2423264;1210933248;16207872;1395757056;0;0;0;0;0;0;0;0;0;0;0;1833;0;0;126;0;122;0;
7149;6932120;1210933248;16207872;1395757056;0;0;0;0;0;0;0;0;0;0;0;1863;0;0;126;0;122;0;
7150;3319746;1210933248;16207872;1395757056;0;0;0;0;0;0;0;0;0;0;0;2475;0;0;126;0;122;0;
7151;3315498;1210933248;16207872;1395757056;0;0;0;0;0;0;0;0;0;0;0;2084;0;0;126;0;122;0;
7152;3341156;1210933248;16207872;1395757056;0;0;0;0;0;0;0;0;0;0;0;2104;0;0;126;0;122;0;
7153;4071636;1210933248;16207872;1395757056;0;0;0;0;0;0;0;0;0;0;0;2745;0;0;126;0;122;0;
7154;2638548;1210933248;16207872;1395757056;0;0;0;0;0;0;0;0;0;0;0;2335;0;0;126;0;122;0;
7155;5902600;1210933248;16207872;1395757056;0;0;0;0;0;0;0;0;0;0;0;2525;0;0;126;0;122;0;
7156;3586456;1210933248;16207872;1395757056;0;0;0;0;0;0;0;0;0;0;0;2255;0;0;126;0;122;0;
7157;2904697;1210933248;16207872;1395757056;0;0;0;0;0;0;0;0;0;0;0;2084;0;0;126;0;122;0;
7158;3999291;1210933248;16207872;1395757056;0;0;0;0;0;0;0;0;0;0;0;1974;0;0;126;0;122;0;
7159;3260314;1210933248;16207872;1395757056;0;0;0;0;0;0;0;0;0;0;0;1983;0;0;126;0;122;0;
7160;2667913;1210933248;16207872;1395757056;0;0;0;0;0;0;0;0;0;0;0;1613;0;0;126;0;122;0;
7161;5606685;1210933248;16207872;1395757056;0;0;0;0;0;0;0;0;0;0;0;2214;0;0;126;0;122;0;
7162;3596235;1210933248;16207872;1395757056;0;0;0;0;0;0;0;0;0;0;0;2114;0;0;126;0;122;0;
7163;3069145;1210933248;16207872;1395757056;0;0;0;0;0;0;0;0;0;0;0;2384;0;0;126;0;122;0;
7164;1882320;1210933248;16207872;1395757056;0;0;0;0;0;0;0;0;0;0;0;1924;0;0;126;0;122;0;
7165;3350383;1210933248;16207872;1395757056;0;0;0;0;0;0;0;0;0;0;0;2054;0;0;126;0;122;0;
7166;2881434;1210933248;16207872;1395757056;0;0;0;0;0;0;0;0;0;0;0;1803;0;0;126;0;122;0;
7167;6847782;1210933248;16207872;1395757056;0;0;0;0;0;0;0;0;0;0;0;3206;0;0;126;0;122;0;
7168;2433284;1210933248;16207872;1395757056;0;0;0;0;0;0;0;0;0;0;0;2094;0;0;126;0;122;0;
7169;4004891;1210933248;16207872;1395757056;0;0;0;0;0;0;0;0;0;0;0;1733;0;0;126;0;122;0;
7170;2032852;1210933248;16207872;1395757056;0;0;0;0;0;0;0;0;0;0;0;2324;0;0;126;0;122;0;
7171;3998589;1210933248;16207872;1395757056;0;0;0;0;0;0;0;0;0;0;0;1713;0;0;126;0;122;0;
7172;2686307;1210933248;16207872;1395757056;0;0;0;0;0;0;0;0;0;0;0;1894;0;0;126;0;122;0;
7173;6676410;1210933248;16207872;1395757056;0;0;0;0;0;0;0;0;0;0;0;2735;0;0;126;0;122;0;
7174;2720632;1210933248;16207872;1395757056;0;0;0;0;0;0;0;0;0;0;0;2064;0;0;126;0;122;0;
7175;2383109;1210933248;16207872;1395757056;0;0;0;0;0;0;0;0;0;0;0;1704;0;0;126;0;122;0;
7176;2468369;1210933248;16207872;1395757056;0;0;0;0;0;0;0;0;0;0;0;2194;0;0;126;0;122;0;
7177;4148540;1210933248;16207872;1395757056;0;0;0;0;0;0;0;0;0;0;0;2104;0;0;126;0;122;0;
7178;2410811;1210933248;16207872;1395757056;0;0;0;0;0;0;0;0;0;0;0;1713;0;0;126;0;122;0;
7179;5312513;1210933248;16207872;1395757056;0;0;0;0;0;0;0;0;0;0;0;2154;0;0;126;0;122;0;
7180;3405006;1210933248;16207872;1395757056;0;0;0;0;0;0;0;0;0;0;0;2365;0;0;126;0;122;0;
7181;2803207;1210933248;16207872;1395757056;0;0;0;0;0;0;0;0;0;0;0;2114;0;0;126;0;122;0;
7182;2014087;1210933248;16207872;1395757056;0;0;0;0;0;0;0;0;0;0;0;1393;0;0;126;0;122;0;
7183;3271115;1210933248;16207872;1395757056;0;0;0;0;0;0;0;0;0;0;0;1994;0;0;126;0;122;0;
7184;2599605;1210933248;16207872;1395757056;0;0;0;0;0;0;0;0;0;0;0;1813;0;0;126;0;122;0;
7185;6826953;1210933248;16207872;1395757056;0;0;0;0;0;0;0;0;0;0;0;2445;0;0;126;0;122;0;
7186;4735892;1210933248;16207872;1395757056;0;0;0;0;0;0;0;0;0;0;0;2344;0;0;126;0;122;0;
7187;2920988;1210933248;16207872;1395757056;0;0;0;0;0;0;0;0;0;0;0;1943;0;0;126;0;122;0;
7188;2279374;1210933248;16207872;1395757056;0;0;0;0;0;0;0;0;0;0;0;2034;0;0;126;0;122;0;
7189;3259643;1210933248;16207872;1395757056;0;0;0;0;0;0;0;0;0;0;0;2325;0;0;126;0;122;0;
7190;2225083;1210933248;16207872;1395757056;0;0;0;0;0;0;0;0;0;0;0;2254;0;0;126;0;122;0;
7191;9314118;1210933248;16207872;1395757056;0;0;0;0;0;0;0;0;0;0;0;2645;0;0;126;0;122;0;
7192;3727320;1210933248;16207872;1395757056;0;0;0;0;0;0;0;0;0;0;0;2495;0;0;126;0;122;0;
7193;2231865;1210933248;16207872;1395757056;0;0;0;0;0;0;0;0;0;0;0;1663;0;0;126;0;122;0;
7194;4002496;1210933248;16207872;1395757056;0;0;0;0;0;0;0;0;0;0;0;2364;0;0;126;0;122;0;
7195;3811659;1210933248;16207872;1395757056;0;0;0;0;0;0;0;0;0;0;0;2685;0;0;126;0;122;0;
7196;2289915;1210933248;16207872;1395757056;0;0;0;0;0;0;0;0;0;0;0;2164;0;0;126;0;122;0;
7197;7552424;1210933248;16207872;1395757056;0;0;0;0;0;0;0;0;0;0;0;2976;0;0;126;0;122;0;
7198;2809649;1210933248;16207872;1395757056;0;0;0;0;0;0;0;0;0;0;0;2014;0;0;126;0;122;0;
7199;2710643;1210933248;16207872;1395757056;0;0;0;0;0;0;0;0;0;0;0;2434;0;0;126;0;122;0;
7200;3179643;1210933248;16207872;1395757056;0;0;0;0;0;0;0;0;0;0;0;2094;0;0;126;0;122;0;
7201;2716054;1210933248;16207872;1395757056;0;0;0;0;0;0;0;0;0;0;0;1954;0;0;126;0;122;0;
7202;2495139;1210933248;16207872;1395757056;0;0;0;0;0;0;0;0;0;0;0;2514;0;0;126;0;122;0;
7203;5750985;1210933248;16207872;1395757056;0;0;0;0;0;0;0;0;0;0;0;2384;0;0;126;0;122;0;
7204;2228860;1210933248;16207872;1395757056;0;0;0;0;0;0;0;0;0;0;0;1944;0;0;126;0;122;0;
7205;2693621;1210933248;16207872;1395757056;0;0;0;0;0;0;0;0;0;0;0;1764;0;0;126;0;122;0;
7206;1438558;1210933248;16207872;1395757056;0;0;0;0;0;0;0;0;0;0;0;1773;0;0;126;0;122;0;
7207;3184121;1210933248;16207872;1395757056;0;0;0;0;0;0;0;0;0;0;0;2284;0;0;126;0;122;0;
7208;1969935;1210933248;16207872;1395757056;0;0;0;0;0;0;0;0;0;0;0;1974;0;0;126;0;122;0;
7209;6236736;1210933248;16207872;1395757056;0;0;0;0;0;0;0;0;0;0;0;2345;0;0;126;0;122;0;
7210;3122125;1210933248;16207872;1395757056;0;0;0;0;0;0;0;0;0;0;0;2264;0;0;126;0;122;0;
7211;1804014;1210933248;16207872;1395757056;0;0;0;0;0;0;0;0;0;0;0;1593;0;0;126;0;122;0;
7212;2636093;1210933248;16207872;1395757056;0;0;0;0;0;0;0;0;0;0;0;2224;0;0;126;0;122;0;
7213;2726233;1210933248;16207872;1395757056;0;0;0;0;0;0;0;0;0;0;0;1964;0;0;126;0;122;0;
7214;1803883;1210933248;16207872;1395757056;0;0;0;0;0;0;0;0;0;0;0;2134;0;0;126;0;122;0;
7215;6189578;1210933248;16207872;1395757056;0;0;0;0;0;0;0;0;0;0;0;3407;0;0;126;0;122;0;
7216;2978977;1210933248;16207872;1395757056;0;0;0;0;0;0;0;0;0;0;0;3086;0;0;126;0;122;0;
7217;2013226;1210933248;16207872;1395757056;0;0;0;0;0;0;0;0;0;0;0;1984;0;0;126;0;122;0;
7218;2515748;1210933248;16207872;1395757056;0;0;0;0;0;0;0;0;0;0;0;1783;0;0;126;0;122;0;
7219;2842922;1210933248;16207872;1395757056;0;0;0;0;0;0;0;0;0;0;0;1913;0;0;126;0;122;0;
7220;1771261;1210933248;16207872;1395757056;0;0;0;0;0;0;0;0;0;0;0;1333;0;0;126;0;122;0;
7221;5603879;1210933248;16207872;1395757056;0;0;0;0;0;0;0;0;0;0;0;2535;0;0;126;0;122;0;
7222;3707002;1210933248;16207872;1395757056;0;0;0;0;0;0;0;0;0;0;0;2394;0;0;126;0;122;0;
7223;3820605;1210933248;16207872;1395757056;0;0;0;0;0;0;0;0;0;0;0;1803;0;0;126;0;122;0;
7224;1753539;1210933248;16207872;1395757056;0;0;0;0;0;0;0;0;0;0;0;1843;0;0;126;0;122;0;
7225;2016682;1210933248;16207872;1395757056;0;0;0;0;0;0;0;0;0;0;0;1533;0;0;126;0;122;0;
7226;1851081;1210933248;16207872;1395757056;0;0;0;0;0;0;0;0;0;0;0;1513;0;0;126;0;122;0;
7227;6105771;1210933248;16207872;1395757056;0;0;0;0;0;0;0;0;0;0;0;2124;0;0;126;0;122;0;
7228;4086443;1210933248;16207872;1395757056;0;0;0;0;0;0;0;0;0;0;0;2495;0;0;126;0;122;0;
7229;2675547;1210933248;16207872;1395757056;0;0;0;0;0;0;0;0;0;0;0;2124;0;0;126;0;122;0;
7230;1199058;1210933248;16207872;1395757056;0;0;0;0;0;0;0;0;0;0;0;1874;0;0;126;0;122;0;
7231;2394511;1210933248;16207872;1395757056;0;0;0;0;0;0;0;0;0;0;0;1984;0;0;126;0;122;0;
7232;1643522;1210933248;16207872;1395757056;0;0;0;0;0;0;0;0;0;0;0;1623;0;0;126;0;122;0;
7233;7190845;1210933248;16207872;1395757056;0;0;0;0;0;0;0;0;0;0;0;2875;0;0;126;0;122;0;
7234;3589542;1210933248;16207872;1395757056;0;0;0;0;0;0;0;0;0;0;0;3055;0;0;126;0;122;0;
7235;3679200;1210933248;16207872;1395757056;0;0;0;0;0;0;0;0;0;0;0;2935;0;0;126;0;122;0;
7236;2930646;1210933248;16207872;1395757056;0;0;0;0;0;0;0;0;0;0;0;2766;0;0;126;0;122;0;
7237;1939086;1210933248;16207872;1395757056;0;0;0;0;0;0;0;0;0;0;0;2044;0;0;126;0;122;0;
7238;1551440;1210933248;16207872;1395757056;0;0;0;0;0;0;0;0;0;0;0;1603;0;0;126;0;122;0;
7239;6429017;1210933248;16207872;1395757056;0;0;0;0;0;0;0;0;0;0;0;3717;0;0;126;0;122;0;
7240;4724139;1210933248;16207872;1395757056;0;0;0;0;0;0;0;0;0;0;0;2795;0;0;126;0;122;0;
7241;2991911;1210933248;16207872;1395757056;0;0;0;0;0;0;0;0;0;0;0;2194;0;0;126;0;122;0;
7242;3061471;1210933248;16207872;1395757056;0;0;0;0;0;0;0;0;0;0;0;3045;0;0;126;0;122;0;
7243;3517687;1210933248;16207872;1395757056;0;0;0;0;0;0;0;0;0;0;0;4048;0;0;126;0;122;0;
7244;3612424;1210933248;16207872;1395757056;0;0;0;0;0;0;0;0;0;0;0;2815;0;0;126;0;122;0;
7245;6256964;1210933248;16207872;1395757056;0;0;0;0;0;0;0;0;0;0;0;3958;0;0;126;0;122;0;
7246;5521004;1210933248;16207872;1395757056;0;0;0;0;0;0;0;0;0;0;0;4218;0;0;126;0;122;0;
7247;5851374;1210933248;16207872;1395757056;0;0;0;0;0;0;0;0;0;0;0;2805;0;0;126;0;122;0;
7248;3545299;1210933248;16207872;1395757056;0;0;0;0;0;0;0;0;0;0;0;3878;0;0;126;0;122;0;
7249;3879486;1210933248;16207872;1395757056;0;0;0;0;0;0;0;0;0;0;0;3838;0;0;126;0;122;0;
7250;1827427;1210933248;16207872;1395757056;0;0;0;0;0;0;0;0;0;0;0;2916;0;0;126;0;122;0;
7251;6638210;1210933248;16207872;1395757056;0;0;0;0;0;0;0;0;0;0;0;3677;0;0;126;0;122;0;
7252;3706020;1210933248;16207872;1395757056;0;0;0;0;0;0;0;0;0;0;0;3637;0;0;126;0;122;0;
7253;3336277;1210933248;16207872;1395757056;0;0;0;0;0;0;0;0;0;0;0;3096;0;0;126;0;122;0;
7254;2726003;1210933248;16207872;1395757056;0;0;0;0;0;0;0;0;0;0;0;3286;0;0;126;0;122;0;
7255;2806954;1210933248;16207872;1395757056;0;0;0;0;0;0;0;0;0;0;0;2605;0;0;126;0;122;0;
7256;2797817;1210933248;16207872;1395757056;0;0;0;0;0;0;0;0;0;0;0;2836;0;0;126;0;122;0;
7257;6805684;1210933248;16207872;1395757056;0;0;0;0;0;0;0;0;0;0;0;2555;0;0;126;0;122;0;
7258;4037642;1210933248;16207872;1395757056;0;0;0;0;0;0;0;0;0;0;0;3116;0;0;126;0;122;0;
7259;3419543;1210933248;16207872;1395757056;0;0;0;0;0;0;0;0;0;0;0;3176;0;0;126;0;122;0;
7260;4101452;1210933248;16207872;1395757056;0;0;0;0;0;0;0;0;0;0;0;2655;0;0;126;0;122;0;
7261;3948455;1210933248;16207872;1395757056;0;0;0;0;0;0;0;0;0;0;0;3297;0;0;126;0;122;0;
7262;2134032;1210933248;16207872;1395757056;0;0;0;0;0;0;0;0;0;0;0;2615;0;0;126;0;122;0;
7263;8169170;1210933248;16207872;1395757056;0;0;0;0;0;0;0;0;0;0;0;3877;0;0;126;0;122;0;
7264;10264590;1210933248;16207872;1395757056;0;0;0;0;0;0;0;0;0;0;0;3336;0;0;126;0;122;0;
7265;3649555;1210933248;16207872;1395757056;0;0;0;0;0;0;0;0;0;0;0;2285;0;0;126;0;122;0;
7266;3202967;1210933248;16207872;1395757056;0;0;0;0;0;0;0;0;0;0;0;2755;0;0;126;0;122;0;
7267;3072462;1210933248;16207872;1395757056;0;0;0;0;0;0;0;0;0;0;0;2474;0;0;126;0;122;0;
7268;2990889;1210933248;16207872;1395757056;0;0;0;0;0;0;0;0;0;0;0;2645;0;0;126;0;122;0;
7269;6631296;1210933248;16207872;1395757056;0;0;0;0;0;0;0;0;0;0;0;2625;0;0;126;0;122;0;
7270;3587999;1210933248;16207872;1395757056;0;0;0;0;0;0;0;0;0;0;0;2034;0;0;126;0;122;0;
7271;3981396;1210933248;16207872;1395757056;0;0;0;0;0;0;0;0;0;0;0;2124;0;0;126;0;122;0;
7272;2229771;1210933248;16207872;1395757056;0;0;0;0;0;0;0;0;0;0;0;2385;0;0;126;0;122;0;
7273;2262483;1210933248;16207872;1395757056;0;0;0;0;0;0;0;0;0;0;0;2124;0;0;126;0;122;0;
7274;2226626;1210933248;16207872;1395757056;0;0;0;0;0;0;0;0;0;0;0;2535;0;0;126;0;122;0;
7275;5524270;1210933248;16207872;1395757056;0;0;0;0;0;0;0;0;0;0;0;3145;0;0;126;0;122;0;
7276;3670544;1210933248;16207872;1395757056;0;0;0;0;0;0;0;0;0;0;0;2465;0;0;126;0;122;0;
7277;3273529;1210933248;16207872;1395757056;0;0;0;0;0;0;0;0;0;0;0;1583;0;0;126;0;122;0;
7278;3367015;1210933248;16207872;1395757056;0;0;0;0;0;0;0;0;0;0;0;2735;0;0;126;0;122;0;
7279;2705233;1210933248;16207872;1395757056;0;0;0;0;0;0;0;0;0;0;0;1914;0;0;126;0;122;0;
7280;2452149;1210933248;16207872;1395757056;0;0;0;0;0;0;0;0;0;0;0;2234;0;0;126;0;122;0;
7281;5900837;1210933248;16207872;1395757056;0;0;0;0;0;0;0;0;0;0;0;3086;0;0;126;0;122;0;
7282;2515057;1210933248;16207872;1395757056;0;0;0;0;0;0;0;0;0;0;0;1683;0;0;126;0;122;0;
7283;2659358;1210933248;16207872;1395757056;0;0;0;0;0;0;0;0;0;0;0;1372;0;0;126;0;122;0;
7284;1565506;1210933248;16207872;1395757056;0;0;0;0;0;0;0;0;0;0;0;1943;0;0;126;0;122;0;
7285;2637145;1210933248;16207872;1395757056;0;0;0;0;0;0;0;0;0;0;0;2505;0;0;126;0;122;0;
7286;2341972;1210933248;16207872;1395757056;0;0;0;0;0;0;0;0;0;0;0;1763;0;0;126;0;122;0;
7287;5551361;1210933248;16207872;1395757056;0;0;0;0;0;0;0;0;0;0;0;1883;0;0;126;0;122;0;
7288;3318514;1210933248;16207872;1395757056;0;0;0;0;0;0;0;0;0;0;0;2815;0;0;126;0;122;0;
7289;2000692;1210933248;16207872;1395757056;0;0;0;0;0;0;0;0;0;0;0;1673;0;0;126;0;122;0;
7290;1793002;1210933248;16207872;1395757056;0;0;0;0;0;0;0;0;0;0;0;1623;0;0;126;0;122;0;
7291;2952638;1210933248;16207872;1395757056;0;0;0;0;0;0;0;0;0;0;0;2475;0;0;126;0;122;0;
7292;2121017;1210933248;16207872;1395757056;0;0;0;0;0;0;0;0;0;0;0;1853;0;0;126;0;122;0;
7293;7546843;1210933248;16207872;1395757056;0;0;0;0;0;0;0;0;0;0;0;2705;0;0;126;0;122;0;
7294;3756726;1210933248;16207872;1395757056;0;0;0;0;0;0;0;0;0;0;0;2204;0;0;126;0;122;0;
7295;1960927;1210933248;16207872;1395757056;0;0;0;0;0;0;0;0;0;0;0;1943;0;0;126;0;122;0;
7296;2042130;1210933248;16207872;1395757056;0;0;0;0;0;0;0;0;0;0;0;1713;0;0;126;0;122;0;
7297;3743751;1210933248;16207872;1395757056;0;0;0;0;0;0;0;0;0;0;0;2174;0;0;126;0;122;0;
7298;2171512;1210933248;16207872;1395757056;0;0;0;0;0;0;0;0;0;0;0;1804;0;0;126;0;122;0;
7299;6822795;1210933248;16207872;1395757056;0;0;0;0;0;0;0;0;0;0;0;2264;0;0;126;0;122;0;
7300;4125848;1210933248;16207872;1395757056;0;0;0;0;0;0;0;0;0;0;0;2925;0;0;126;0;122;0;
7301;3106146;1210933248;16207872;1395757056;0;0;0;0;0;0;0;0;0;0;0;1753;0;0;126;0;122;0;
7302;1834480;1210933248;16207872;1395757056;0;0;0;0;0;0;0;0;0;0;0;1894;0;0;126;0;122;0;
7303;3642992;1210933248;16207872;1395757056;0;0;0;0;0;0;0;0;0;0;0;2034;0;0;126;0;122;0;
7304;2314852;1210933248;16207872;1395757056;0;0;0;0;0;0;0;0;0;0;0;2154;0;0;126;0;122;0;
7305;7108441;1210933248;16207872;1395757056;0;0;0;0;0;0;0;0;0;0;0;2675;0;0;126;0;122;0;
7306;3892440;1210933248;16207872;1395757056;0;0;0;0;0;0;0;0;0;0;0;2405;0;0;126;0;122;0;
7307;3084845;1210933248;16207872;1395757056;0;0;0;0;0;0;0;0;0;0;0;1984;0;0;126;0;122;0;
7308;2060134;1210933248;16207872;1395757056;0;0;0;0;0;0;0;0;0;0;0;1794;0;0;126;0;122;0;
7309;2958428;1210933248;16207872;1395757056;0;0;0;0;0;0;0;0;0;0;0;2044;0;0;126;0;122;0;
7310;1768547;1210933248;16207872;1395757056;0;0;0;0;0;0;0;0;0;0;0;2064;0;0;126;0;122;0;
7311;7190345;1210933248;16207872;1395757056;0;0;0;0;0;0;0;0;0;0;0;2976;0;0;126;0;122;0;
7312;4046779;1210933248;16207872;1395757056;0;0;0;0;0;0;0;0;0;0;0;3216;0;0;126;0;122;0;
7313;2535214;1210933248;16207872;1395757056;0;0;0;0;0;0;0;0;0;0;0;1703;0;0;126;0;122;0;
7314;1640156;1210933248;16207872;1395757056;0;0;0;0;0;0;0;0;0;0;0;1723;0;0;126;0;122;0;
7315;1491307;1210933248;16207872;1395757056;0;0;0;0;0;0;0;0;0;0;0;1964;0;0;126;0;122;0;
7316;1053236;1210933248;16207872;1395757056;0;0;0;0;0;0;0;0;0;0;0;1423;0;0;126;0;122;0;
7317;6580972;1210933248;16207872;1395757056;0;0;0;0;0;0;0;0;0;0;0;3006;0;0;126;0;122;0;
7318;5009755;1210933248;16207872;1395757056;0;0;0;0;0;0;0;0;0;0;0;2655;0;0;126;0;122;0;
7319;3750614;1210933248;16207872;1395757056;0;0;0;0;0;0;0;0;0;0;0;2445;0;0;126;0;122;0;
7320;3076219;1210933248;16207872;1395757056;0;0;0;0;0;0;0;0;0;0;0;2415;0;0;126;0;122;0;
7321;2736051;1210933248;16207872;1395757056;0;0;0;0;0;0;0;0;0;0;0;2315;0;0;126;0;122;0;
7322;1317932;1210933248;16207872;1395757056;0;0;0;0;0;0;0;0;0;0;0;1623;0;0;126;0;122;0;
7323;6197152;1210933248;16207872;1395757056;0;0;0;0;0;0;0;0;0;0;0;2605;0;0;126;0;122;0;
7324;5541763;1210933248;16207872;1395757056;0;0;0;0;0;0;0;0;0;0;0;2975;0;0;126;0;122;0;
7325;3230128;1210933248;16207872;1395757056;0;0;0;0;0;0;0;0;0;0;0;2164;0;0;126;0;122;0;
7326;3193669;1210933248;16207872;1395757056;0;0;0;0;0;0;0;0;0;0;0;2976;0;0;126;0;122;0;
7327;4269677;1210933248;16207872;1395757056;0;0;0;0;0;0;0;0;0;0;0;2475;0;0;126;0;122;0;
7328;1612534;1210933248;16207872;1395757056;0;0;0;0;0;0;0;0;0;0;0;2094;0;0;126;0;122;0;
7329;4969550;1210933248;16207872;1395757056;0;0;0;0;0;0;0;0;0;0;0;2495;0;0;126;0;122;0;
7330;4215395;1210933248;16207872;1395757056;0;0;0;0;0;0;0;0;0;0;0;2825;0;0;126;0;122;0;
7331;2256422;1210933248;16207872;1395757056;0;0;0;0;0;0;0;0;0;0;0;1663;0;0;126;0;122;0;
7332;2039294;1210933248;16207872;1395757056;0;0;0;0;0;0;0;0;0;0;0;1904;0;0;126;0;122;0;
7333;3260144;1210933248;16207872;1395757056;0;0;0;0;0;0;0;0;0;0;0;2074;0;0;126;0;122;0;
7334;2746200;1210933248;16207872;1395757056;0;0;0;0;0;0;0;0;0;0;0;2074;0;0;126;0;122;0;
7335;5403704;1210933248;16207872;1395757056;0;0;0;0;0;0;0;0;0;0;0;3778;0;0;126;0;122;0;
7336;3014994;1210933248;16207872;1395757056;0;0;0;0;0;0;0;0;0;0;0;2234;0;0;126;0;122;0;
7337;3025364;1210933248;16207872;1395757056;0;0;0;0;0;0;0;0;0;0;0;2024;0;0;126;0;122;0;
7338;2623751;1210933248;16207872;1395757056;0;0;0;0;0;0;0;0;0;0;0;2074;0;0;126;0;122;0;
7339;2979207;1210933248;16207872;1395757056;0;0;0;0;0;0;0;0;0;0;0;2725;0;0;126;0;122;0;
7340;2555934;1210933248;16207872;1395757056;0;0;0;0;0;0;0;0;0;0;0;2675;0;0;126;0;122;0;
7341;5492340;1210933248;16207872;1395757056;0;0;0;0;0;0;0;0;0;0;0;2775;0;0;126;0;122;0;
7342;2981962;1210933248;16207872;1395757056;0;0;0;0;0;0;0;0;0;0;0;2545;0;0;126;0;122;0;
7343;3570326;1210933248;16207872;1395757056;0;0;0;0;0;0;0;0;0;0;0;1984;0;0;126;0;122;0;
7344;2842541;1210933248;16207872;1395757056;0;0;0;0;0;0;0;0;0;0;0;2675;0;0;126;0;122;0;
7345;3530731;1210933248;16207872;1395757056;0;0;0;0;0;0;0;0;0;0;0;2225;0;0;126;0;122;0;
7346;2497764;1210933248;16207872;1395757056;0;0;0;0;0;0;0;0;0;0;0;1833;0;0;126;0;122;0;
7347;5797863;1210933248;16207872;1395757056;0;0;0;0;0;0;0;0;0;0;0;2575;0;0;126;0;122;0;
7348;3147733;1210933248;16207872;1395757056;0;0;0;0;0;0;0;0;0;0;0;2465;0;0;126;0;122;0;
7349;3785599;1210933248;16207872;1395757056;0;0;0;0;0;0;0;0;0;0;0;1733;0;0;126;0;122;0;
7350;3066461;1210933248;16207872;1395757056;0;0;0;0;0;0;0;0;0;0;0;2725;0;0;126;0;122;0;
7351;4300174;1210933248;16207872;1395757056;0;0;0;0;0;0;0;0;0;0;0;3006;0;0;126;0;122;0;
7352;2546806;1210933248;16207872;1395757056;0;0;0;0;0;0;0;0;0;0;0;2675;0;0;126;0;122;0;
7353;5347769;1210933248;16207872;1395757056;0;0;0;0;0;0;0;0;0;0;0;2996;0;0;126;0;122;0;
7354;3591535;1210933248;16207872;1395757056;0;0;0;0;0;0;0;0;0;0;0;2645;0;0;126;0;122;0;
7355;2430218;1210933248;16207872;1395757056;0;0;0;0;0;0;0;0;0;0;0;1723;0;0;126;0;122;0;
7356;2529514;1210933248;16207872;1395757056;0;0;0;0;0;0;0;0;0;0;0;2795;0;0;126;0;122;0;
7357;4930467;1210933248;16207872;1395757056;0;0;0;0;0;0;0;0;0;0;0;3026;0;0;126;0;122;0;
7358;2442581;1210933248;16207872;1395757056;0;0;0;0;0;0;0;0;0;0;0;2364;0;0;126;0;122;0;
7359;6173207;1210933248;16207872;1395757056;0;0;0;0;0;0;0;0;0;0;0;2114;0;0;126;0;122;0;
7360;3444099;1210933248;16207872;1395757056;0;0;0;0;0;0;0;0;0;0;0;2043;0;0;126;0;122;0;
7361;4459193;1210933248;16207872;1395757056;0;0;0;0;0;0;0;0;0;0;0;2285;0;0;126;0;122;0;
7362;3746617;1210933248;16207872;1395757056;0;0;0;0;0;0;0;0;0;0;0;2745;0;0;126;0;122;0;
7363;5165407;1210933248;16207872;1395757056;0;0;0;0;0;0;0;0;0;0;0;3487;0;0;126;0;122;0;
7364;3297043;1210933248;16207872;1395757056;0;0;0;0;0;0;0;0;0;0;0;2555;0;0;126;0;122;0;
7365;5014383;1210933248;16207872;1395757056;0;0;0;0;0;0;0;0;0;0;0;2084;0;0;126;0;122;0;
7366;4857659;1210933248;16207872;1395757056;0;0;0;0;0;0;0;0;0;0;0;2044;0;0;126;0;122;0;
7367;3383715;1210933248;16207872;1395757056;0;0;0;0;0;0;0;0;0;0;0;2305;0;0;126;0;122;0;
7368;2560151;1210933248;16207872;1395757056;0;0;0;0;0;0;0;0;0;0;0;1894;0;0;126;0;122;0;
7369;4021291;1210933248;16207872;1395757056;0;0;0;0;0;0;0;0;0;0;0;2164;0;0;126;0;122;0;
7370;2511109;1210933248;16207872;1395757056;0;0;0;0;0;0;0;0;0;0;0;1883;0;0;126;0;122;0;
7371;6420160;1210933248;16207872;1395757056;0;0;0;0;0;0;0;0;0;0;0;2976;0;0;126;0;122;0;
7372;4072207;1210933248;16207872;1395757056;0;0;0;0;0;0;0;0;0;0;0;2375;0;0;126;0;122;0;
7373;3117436;1210933248;16207872;1395757056;0;0;0;0;0;0;0;0;0;0;0;2013;0;0;126;0;122;0;
7374;2609463;1210933248;16207872;1395757056;0;0;0;0;0;0;0;0;0;0;0;2765;0;0;126;0;122;0;
7375;1943866;1210933248;16207872;1395757056;0;0;0;0;0;0;0;0;0;0;0;1924;0;0;126;0;122;0;
7376;2718609;1210933248;16207872;1395757056;0;0;0;0;0;0;0;0;0;0;0;1894;0;0;126;0;122;0;
7377;8108477;1210933248;16207872;1395757056;0;0;0;0;0;0;0;0;0;0;0;2856;0;0;126;0;122;0;
7378;4066316;1210933248;16207872;1395757056;0;0;0;0;0;0;0;0;0;0;0;2094;0;0;126;0;122;0;
7379;4641084;1210933248;16207872;1395757056;0;0;0;0;0;0;0;0;0;0;0;2144;0;0;126;0;122;0;
7380;2673815;1210933248;16207872;1395757056;0;0;0;0;0;0;0;0;0;0;0;2574;0;0;126;0;122;0;
7381;2211287;1210933248;16207872;1395757056;0;0;0;0;0;0;0;0;0;0;0;2634;0;0;126;0;122;0;
7382;1884404;1210933248;16207872;1395757056;0;0;0;0;0;0;0;0;0;0;0;1603;0;0;126;0;122;0;
7383;7024654;1210933248;16207872;1395757056;0;0;0;0;0;0;0;0;0;0;0;2094;0;0;126;0;122;0;
7384;3604240;1210933248;16207872;1395757056;0;0;0;0;0;0;0;0;0;0;0;2585;0;0;126;0;122;0;
7385;2505930;1210933248;16207872;1395757056;0;0;0;0;0;0;0;0;0;0;0;1993;0;0;126;0;122;0;
7386;2005511;1210933248;16207872;1395757056;0;0;0;0;0;0;0;0;0;0;0;1633;0;0;126;0;122;0;
7387;3173292;1210933248;16207872;1395757056;0;0;0;0;0;0;0;0;0;0;0;2405;0;0;126;0;122;0;
7388;1885757;1210933248;16207872;1395757056;0;0;0;0;0;0;0;0;0;0;0;1723;0;0;126;0;122;0;
7389;6290277;1210933248;16207872;1395757056;0;0;0;0;0;0;0;0;0;0;0;2845;0;0;126;0;122;0;
7390;3630749;1210933248;16207872;1395757056;0;0;0;0;0;0;0;0;0;0;0;2855;0;0;126;0;122;0;
7391;3785940;1210933248;16207872;1395757056;0;0;0;0;0;0;0;0;0;0;0;2083;0;0;126;0;122;0;
7392;3461472;1210933248;16207872;1395757056;0;0;0;0;0;0;0;0;0;0;0;2565;0;0;126;0;122;0;
7393;4332134;1210933248;16207872;1395757056;0;0;0;0;0;0;0;0;0;0;0;2054;0;0;126;0;122;0;
7394;1959425;1210933248;16207872;1395757056;0;0;0;0;0;0;0;0;0;0;0;1854;0;0;126;0;122;0;
7395;7719938;1210933248;16207872;1395757056;0;0;0;0;0;0;0;0;0;0;0;2996;0;0;126;0;122;0;
7396;2580700;1210933248;16207872;1395757056;0;0;0;0;0;0;0;0;0;0;0;2255;0;0;126;0;122;0;
7397;3020835;1210933248;16207872;1395757056;0;0;0;0;0;0;0;0;0;0;0;2154;0;0;126;0;122;0;
7398;2264717;1210933248;16207872;1395757056;0;0;0;0;0;0;0;0;0;0;0;1893;0;0;126;0;122;0;
7399;3521023;1210933248;16207872;1395757056;0;0;0;0;0;0;0;0;0;0;0;2384;0;0;126;0;122;0;
7400;2671861;1210933248;16207872;1395757056;0;0;0;0;0;0;0;0;0;0;0;2374;0;0;126;0;122;0;
7401;6841601;1210933248;16207872;1395757056;0;0;0;0;0;0;0;0;0;0;0;2364;0;0;126;0;122;0;
7402;4193664;1210933248;16207872;1395757056;0;0;0;0;0;0;0;0;0;0;0;1983;0;0;126;0;122;0;
7403;4287922;1210933248;16207872;1395757056;0;0;0;0;0;0;0;0;0;0;0;2255;0;0;126;0;122;0;
7404;1540779;1210933248;16207872;1395757056;0;0;0;0;0;0;0;0;0;0;0;2244;0;0;126;0;122;0;
7405;4634091;1210933248;16207872;1395757056;0;0;0;0;0;0;0;0;0;0;0;2284;0;0;126;0;122;0;
7406;2163117;1210933248;16207872;1395757056;0;0;0;0;0;0;0;0;0;0;0;1864;0;0;126;0;122;0;
7407;5293568;1210933248;16207872;1395757056;0;0;0;0;0;0;0;0;0;0;0;2004;0;0;126;0;122;0;
7408;4909397;1210933248;16207872;1395757056;0;0;0;0;0;0;0;0;0;0;0;2755;0;0;126;0;122;0;
7409;3481319;1210933248;16207872;1395757056;0;0;0;0;0;0;0;0;0;0;0;2745;0;0;126;0;122;0;
7410;3183380;1210933248;16207872;1395757056;0;0;0;0;0;0;0;0;0;0;0;2555;0;0;126;0;122;0;
7411;3650406;1210933248;16207872;1395757056;0;0;0;0;0;0;0;0;0;0;0;2435;0;0;126;0;122;0;
7412;2310914;1210933248;16207872;1395757056;0;0;0;0;0;0;0;0;0;0;0;1753;0;0;126;0;122;0;
7413;6236295;1210933248;16207872;1395757056;0;0;0;0;0;0;0;0;0;0;0;2275;0;0;126;0;122;0;
7414;4796876;1210933248;16207872;1395757056;0;0;0;0;0;0;0;0;0;0;0;2335;0;0;126;0;122;0;
7415;4271962;1210933248;16207872;1395757056;0;0;0;0;0;0;0;0;0;0;0;2265;0;0;126;0;122;0;
7416;2728196;1210933248;16207872;1395757056;0;0;0;0;0;0;0;0;0;0;0;2595;0;0;126;0;122;0;
7417;3957352;1210933248;16207872;1395757056;0;0;0;0;0;0;0;0;0;0;0;2264;0;0;126;0;122;0;
7418;2748855;1210933248;16207872;1395757056;0;0;0;0;0;0;0;0;0;0;0;1984;0;0;126;0;122;0;
7419;5957923;1210933248;16207872;1395757056;0;0;0;0;0;0;0;0;0;0;0;2244;0;0;126;0;122;0;
7420;3885036;1210933248;16207872;1395757056;0;0;0;0;0;0;0;0;0;0;0;2494;0;0;126;0;122;0;
7421;5478875;1210933248;16207872;1395757056;0;0;0;0;0;0;0;0;0;0;0;2665;0;0;126;0;122;0;
7422;3922667;1210933248;16207872;1395757056;0;0;0;0;0;0;0;0;0;0;0;2845;0;0;126;0;122;0;
7423;3951150;1210933248;16207872;1395757056;0;0;0;0;0;0;0;0;0;0;0;2414;0;0;126;0;122;0;
7424;1531192;1210933248;16207872;1395757056;0;0;0;0;0;0;0;0;0;0;0;1853;0;0;126;0;122;0;
7425;5689069;1210933248;16207872;1395757056;0;0;0;0;0;0;0;0;0;0;0;2295;0;0;126;0;122;0;
7426;5338722;1210933248;16207872;1395757056;0;0;0;0;0;0;0;0;0;0;0;2545;0;0;126;0;122;0;
7427;3284029;1210933248;16207872;1395757056;0;0;0;0;0;0;0;0;0;0;0;1823;0;0;126;0;122;0;
7428;2924174;1210933248;16207872;1395757056;0;0;0;0;0;0;0;0;0;0;0;2635;0;0;126;0;122;0;
7429;3491729;1210933248;16207872;1395757056;0;0;0;0;0;0;0;0;0;0;0;2335;0;0;126;0;122;0;
7430;2620815;1210933248;16207872;1395757056;0;0;0;0;0;0;0;0;0;0;0;2043;0;0;126;0;122;0;
7431;4881214;1210933248;16207872;1395757056;0;0;0;0;0;0;0;0;0;0;0;2084;0;0;126;0;122;0;
7432;5257620;1210933248;16207872;1395757056;0;0;0;0;0;0;0;0;0;0;0;2635;0;0;126;0;122;0;
7433;3591044;1210933248;16207872;1395757056;0;0;0;0;0;0;0;0;0;0;0;2154;0;0;126;0;122;0;
7434;2389351;1210933248;16207872;1395757056;0;0;0;0;0;0;0;0;0;0;0;2375;0;0;126;0;122;0;
7435;3077862;1210933248;16207872;1395757056;0;0;0;0;0;0;0;0;0;0;0;1703;0;0;126;0;122;0;
7436;2207930;1210933248;16207872;1395757056;0;0;0;0;0;0;0;0;0;0;0;1493;0;0;126;0;122;0;
7437;5577119;1210933248;16207872;1395757056;0;0;0;0;0;0;0;0;0;0;0;75922;0;0;126;0;122;0;
7438;4233149;1210933248;16207872;1395757056;0;0;0;0;0;0;0;0;0;0;0;2184;0;0;126;0;122;0;
7439;3750484;1210933248;16207872;1395757056;0;0;0;0;0;0;0;0;0;0;0;1703;0;0;126;0;122;0;
7440;2237786;1210933248;16207872;1395757056;0;0;0;0;0;0;0;0;0;0;0;1994;0;0;126;0;122;0;
7441;2718839;1210933248;16207872;1395757056;0;0;0;0;0;0;0;0;0;0;0;2003;0;0;126;0;122;0;
7442;2779753;1210933248;16207872;1395757056;0;0;0;0;0;0;0;0;0;0;0;1774;0;0;126;0;122;0;
7443;5014293;1210933248;16207872;1395757056;0;0;0;0;0;0;0;0;0;0;0;1833;0;0;126;0;122;0;
7444;2902163;1210933248;16207872;1395757056;0;0;0;0;0;0;0;0;0;0;0;1803;0;0;126;0;122;0;
7445;2603813;1210933248;16207872;1395757056;0;0;0;0;0;0;0;0;0;0;0;1563;0;0;126;0;122;0;
7446;2223439;1210933248;16207872;1395757056;0;0;0;0;0;0;0;0;0;0;0;1343;0;0;126;0;122;0;
7447;2807986;1210933248;16207872;1395757056;0;0;0;0;0;0;0;0;0;0;0;1704;0;0;126;0;122;0;
7448;2772730;1210933248;16207872;1395757056;0;0;0;0;0;0;0;0;0;0;0;1743;0;0;126;0;122;0;
7449;6216859;1210933248;16207872;1395757056;0;0;0;0;0;0;0;0;0;0;0;2575;0;0;126;0;122;0;
7450;3832868;1210933248;16207872;1395757056;0;0;0;0;0;0;0;0;0;0;0;1944;0;0;126;0;122;0;
7451;3276444;1210933248;16207872;1395757056;0;0;0;0;0;0;0;0;0;0;0;1492;0;0;126;0;122;0;
7452;2864061;1210933248;16207872;1395757056;0;0;0;0;0;0;0;0;0;0;0;1803;0;0;126;0;122;0;
7453;2927671;1210933248;16207872;1395757056;0;0;0;0;0;0;0;0;0;0;0;1873;0;0;126;0;122;0;
7454;2681509;1210933248;16207872;1395757056;0;0;0;0;0;0;0;0;0;0;0;1804;0;0;126;0;122;0;
7455;5116315;1210933248;16207872;1395757056;0;0;0;0;0;0;0;0;0;0;0;2184;0;0;126;0;122;0;
7456;2252424;1210933248;16207872;1395757056;0;0;0;0;0;0;0;0;0;0;0;1763;0;0;126;0;122;0;
7457;2863260;1210933248;16207872;1395757056;0;0;0;0;0;0;0;0;0;0;0;1783;0;0;126;0;122;0;
7458;2330501;1210933248;16207872;1395757056;0;0;0;0;0;0;0;0;0;0;0;1573;0;0;126;0;122;0;
7459;2766668;1210933248;16207872;1395757056;0;0;0;0;0;0;0;0;0;0;0;1864;0;0;126;0;122;0;
7460;1772855;1210933248;16207872;1395757056;0;0;0;0;0;0;0;0;0;0;0;1774;0;0;126;0;122;0;
7461;4839977;1210933248;16207872;1395757056;0;0;0;0;0;0;0;0;0;0;0;1764;0;0;126;0;122;0;
7462;3803523;1210933248;16207872;1395757056;0;0;0;0;0;0;0;0;0;0;0;1803;0;0;126;0;122;0;
7463;3176898;1210933248;16207872;1395757056;0;0;0;0;0;0;0;0;0;0;0;1593;0;0;126;0;122;0;
7464;2125276;1210933248;16207872;1395757056;0;0;0;0;0;0;0;0;0;0;0;2114;0;0;126;0;122;0;
7465;2648557;1210933248;16207872;1395757056;0;0;0;0;0;0;0;0;0;0;0;2345;0;0;126;0;122;0;
7466;2187302;1210933248;16207872;1395757056;0;0;0;0;0;0;0;0;0;0;0;1593;0;0;126;0;122;0;
7467;5640077;1210933248;16207872;1395757056;0;0;0;0;0;0;0;0;0;0;0;1863;0;0;126;0;122;0;
7468;2006052;1210933248;16207872;1395757056;0;0;0;0;0;0;0;0;0;0;0;2264;0;0;126;0;122;0;
7469;3678699;1210933248;16207872;1395757056;0;0;0;0;0;0;0;0;0;0;0;1954;0;0;126;0;122;0;
7470;3290511;1210933248;16207872;1395757056;0;0;0;0;0;0;0;0;0;0;0;2184;0;0;126;0;122;0;
7471;2249168;1210933248;16207872;1395757056;0;0;0;0;0;0;0;0;0;0;0;1723;0;0;126;0;122;0;
7472;2040566;1210933248;16207872;1395757056;0;0;0;0;0;0;0;0;0;0;0;1843;0;0;126;0;122;0;
7473;5688238;1210933248;16207872;1395757056;0;0;0;0;0;0;0;0;0;0;0;1903;0;0;126;0;122;0;
7474;2152837;1210933248;16207872;1395757056;0;0;0;0;0;0;0;0;0;0;0;1733;0;0;126;0;122;0;
7475;4497455;1210933248;16207872;1395757056;0;0;0;0;0;0;0;0;0;0;0;1653;0;0;126;0;122;0;
7476;2731603;1210933248;16207872;1395757056;0;0;0;0;0;0;0;0;0;0;0;211006;0;0;126;0;122;0;
7477;2635412;1210933248;16207872;1395757056;0;0;0;0;0;0;0;0;0;0;0;1884;0;0;126;0;122;0;
7478;2224522;1210933248;16207872;1395757056;0;0;0;0;0;0;0;0;0;0;0;1914;0;0;126;0;122;0;
7479;6232969;1210933248;16207872;1395757056;0;0;0;0;0;0;0;0;0;0;0;1983;0;0;126;0;122;0;
7480;4562978;1210933248;16207872;1395757056;0;0;0;0;0;0;0;0;0;0;0;2084;0;0;126;0;122;0;
7481;3920102;1210933248;16207872;1395757056;0;0;0;0;0;0;0;0;0;0;0;1974;0;0;126;0;122;0;
7482;2966544;1210933248;16207872;1395757056;0;0;0;0;0;0;0;0;0;0;0;2054;0;0;126;0;122;0;
7483;3516916;1210933248;16207872;1395757056;0;0;0;0;0;0;0;0;0;0;0;2154;0;0;126;0;122;0;
7484;3182479;1210933248;16207872;1395757056;0;0;0;0;0;0;0;0;0;0;0;1673;0;0;126;0;122;0;
7485;6106983;1210933248;16207872;1395757056;0;0;0;0;0;0;0;0;0;0;0;23664;0;0;126;0;122;0;
7486;3828871;1210933248;16207872;1395757056;0;0;0;0;0;0;0;0;0;0;0;1784;0;0;126;0;122;0;
7487;2752402;1210933248;16207872;1395757056;0;0;0;0;0;0;0;0;0;0;0;1693;0;0;126;0;122;0;
7488;2949862;1210933248;16207872;1395757056;0;0;0;0;0;0;0;0;0;0;0;1804;0;0;126;0;122;0;
7489;2965932;1210933248;16207872;1395757056;0;0;0;0;0;0;0;0;0;0;0;2053;0;0;126;0;122;0;
7490;2045366;1210933248;16207872;1395757056;0;0;0;0;0;0;0;0;0;0;0;1853;0;0;126;0;122;0;
7491;5359030;1210933248;16207872;1395757056;0;0;0;0;0;0;0;0;0;0;0;1994;0;0;126;0;122;0;
7492;2754425;1210933248;16207872;1395757056;0;0;0;0;0;0;0;0;0;0;0;1894;0;0;126;0;122;0;
7493;2138491;1210933248;16207872;1395757056;0;0;0;0;0;0;0;0;0;0;0;1703;0;0;126;0;122;0;
7494;3126633;1210933248;16207872;1395757056;0;0;0;0;0;0;0;0;0;0;0;1784;0;0;126;0;122;0;
7495;3569024;1210933248;16207872;1395757056;0;0;0;0;0;0;0;0;0;0;0;2054;0;0;126;0;122;0;
7496;2776977;1210933248;16207872;1395757056;0;0;0;0;0;0;0;0;0;0;0;1963;0;0;126;0;122;0;
7497;5807401;1210933248;16207872;1395757056;0;0;0;0;0;0;0;0;0;0;0;1974;0;0;126;0;122;0;
7498;3309627;1210933248;16207872;1395757056;0;0;0;0;0;0;0;0;0;0;0;2124;0;0;126;0;122;0;
7499;3266436;1210933248;16207872;1395757056;0;0;0;0;0;0;0;0;0;0;0;1793;0;0;126;0;122;0;
7500;2624612;1210933248;16207872;1395757056;0;0;0;0;0;0;0;0;0;0;0;1994;0;0;126;0;122;0;
7501;3701782;1210933248;16207872;1395757056;0;0;0;0;0;0;0;0;0;0;0;2965;0;0;126;0;122;0;
7502;3074315;1210933248;16207872;1395757056;0;0;0;0;0;0;0;0;0;0;0;2003;0;0;126;0;122;0;
7503;5972150;1210933248;16207872;1395757056;0;0;0;0;0;0;0;0;0;0;0;2695;0;0;126;0;122;0;
7504;3881990;1210933248;16207872;1395757056;0;0;0;0;0;0;0;0;0;0;0;2034;0;0;126;0;122;0;
7505;2685126;1210933248;16207872;1395757056;0;0;0;0;0;0;0;0;0;0;0;1763;0;0;126;0;122;0;
7506;3034671;1210933248;16207872;1395757056;0;0;0;0;0;0;0;0;0;0;0;2014;0;0;126;0;122;0;
7507;2476755;1210933248;16207872;1395757056;0;0;0;0;0;0;0;0;0;0;0;2585;0;0;126;0;122;0;
7508;3134879;1210933248;16207872;1395757056;0;0;0;0;0;0;0;0;0;0;0;2064;0;0;126;0;122;0;
7509;6027905;1210933248;16207872;1395757056;0;0;0;0;0;0;0;0;0;0;0;1773;0;0;126;0;122;0;
7510;4804340;1210933248;16207872;1395757056;0;0;0;0;0;0;0;0;0;0;0;1884;0;0;126;0;122;0;
7511;3101577;1210933248;16207872;1395757056;0;0;0;0;0;0;0;0;0;0;0;1703;0;0;126;0;122;0;
7512;1435242;1210933248;16207872;1395757056;0;0;0;0;0;0;0;0;0;0;0;2024;0;0;126;0;122;0;
7513;3116184;1210933248;16207872;1395757056;0;0;0;0;0;0;0;0;0;0;0;1964;0;0;126;0;122;0;
7514;2163728;1210933248;16207872;1395757056;0;0;0;0;0;0;0;0;0;0;0;1983;0;0;126;0;122;0;
7515;5746517;1210933248;16207872;1395757056;0;0;0;0;0;0;0;0;0;0;0;2264;0;0;126;0;122;0;
7516;2822974;1210933248;16207872;1395757056;0;0;0;0;0;0;0;0;0;0;0;2044;0;0;126;0;122;0;
7517;3655886;1210933248;16207872;1395757056;0;0;0;0;0;0;0;0;0;0;0;2114;0;0;126;0;122;0;
7518;3110313;1210933248;16207872;1395757056;0;0;0;0;0;0;0;0;0;0;0;2134;0;0;126;0;122;0;
7519;2654609;1210933248;16207872;1395757056;0;0;0;0;0;0;0;0;0;0;0;5982;0;0;126;0;122;0;
7520;2299002;1210933248;16207872;1395757056;0;0;0;0;0;0;0;0;0;0;0;3397;0;0;126;0;122;0;
7521;7881962;1210933248;16207872;1395757056;0;0;0;0;0;0;0;0;0;0;0;3547;0;0;126;0;122;0;
7522;4320152;1210933248;16207872;1395757056;0;0;0;0;0;0;0;0;0;0;0;2875;0;0;126;0;122;0;
7523;3614599;1210933248;16207872;1395757056;0;0;0;0;0;0;0;0;0;0;0;1342;0;0;126;0;122;0;
7524;2064312;1210933248;16207872;1395757056;0;0;0;0;0;0;0;0;0;0;0;1733;0;0;126;0;122;0;
7525;3383275;1210933248;16207872;1395757056;0;0;0;0;0;0;0;0;0;0;0;2094;0;0;126;0;122;0;
7526;2102673;1210933248;16207872;1395757056;0;0;0;0;0;0;0;0;0;0;0;1794;0;0;126;0;122;0;
7527;6345119;1210933248;16207872;1395757056;0;0;0;0;0;0;0;0;0;0;0;2876;0;0;126;0;122;0;
7528;4228230;1210933248;16207872;1395757056;0;0;0;0;0;0;0;0;0;0;0;2855;0;0;126;0;122;0;
7529;2881945;1210933248;16207872;1395757056;0;0;0;0;0;0;0;0;0;0;0;1463;0;0;126;0;122;0;
7530;1597766;1210933248;16207872;1395757056;0;0;0;0;0;0;0;0;0;0;0;1813;0;0;126;0;122;0;
7531;1817057;1210933248;16207872;1395757056;0;0;0;0;0;0;0;0;0;0;0;2274;0;0;126;0;122;0;
7532;2383730;1210933248;16207872;1395757056;0;0;0;0;0;0;0;0;0;0;0;1673;0;0;126;0;122;0;
7533;8145015;1210933248;16207872;1395757056;0;0;0;0;0;0;0;0;0;0;0;3646;0;0;126;0;122;0;
7534;5023551;1210933248;16207872;1395757056;0;0;0;0;0;0;0;0;0;0;0;3056;0;0;126;0;122;0;
7535;3551009;1210933248;16207872;1395757056;0;0;0;0;0;0;0;0;0;0;0;1423;0;0;126;0;122;0;
7536;2930576;1210933248;16207872;1395757056;0;0;0;0;0;0;0;0;0;0;0;2104;0;0;126;0;122;0;
7537;3357036;1210933248;16207872;1395757056;0;0;0;0;0;0;0;0;0;0;0;2575;0;0;126;0;122;0;
7538;2076604;1210933248;16207872;1395757056;0;0;0;0;0;0;0;0;0;0;0;1272;0;0;126;0;122;0;
7539;6539695;1210933248;16207872;1395757056;0;0;0;0;0;0;0;0;0;0;0;2896;0;0;126;0;122;0;
7540;9218969;1210933248;16207872;1395757056;0;0;0;0;0;0;0;0;0;0;0;3958;0;0;126;0;122;0;
7541;4911611;1210933248;16207872;1395757056;0;0;0;0;0;0;0;0;0;0;0;1923;0;0;126;0;122;0;
7542;3621732;1210933248;16207872;1395757056;0;0;0;0;0;0;0;0;0;0;0;2865;0;0;126;0;122;0;
7543;3724515;1210933248;16207872;1395757056;0;0;0;0;0;0;0;0;0;0;0;2214;0;0;126;0;122;0;
7544;1578160;1210933248;16207872;1395757056;0;0;0;0;0;0;0;0;0;0;0;2134;0;0;126;0;122;0;
7545;7430044;1210933248;16207872;1395757056;0;0;0;0;0;0;0;0;0;0;0;4178;0;0;126;0;122;0;
7546;7781994;1210933248;16207872;1395757056;0;0;0;0;0;0;0;0;0;0;0;3397;0;0;126;0;122;0;
7547;6319512;1210933248;16207872;1395757056;0;0;0;0;0;0;0;0;0;0;0;2995;0;0;126;0;122;0;
7548;3391701;1210933248;16207872;1395757056;0;0;0;0;0;0;0;0;0;0;0;3196;0;0;126;0;122;0;
7549;6592574;1210933248;16207872;1395757056;0;0;0;0;0;0;0;0;0;0;0;4949;0;0;126;0;122;0;
7550;2753845;1210933248;16207872;1395757056;0;0;0;0;0;0;0;0;0;0;0;2214;0;0;126;0;122;0;
7551;5637923;1210933248;16207872;1395757056;0;0;0;0;0;0;0;0;0;0;0;3036;0;0;126;0;122;0;
7552;4433445;1210933248;16207872;1395757056;0;0;0;0;0;0;0;0;0;0;0;2315;0;0;126;0;122;0;
7553;1704336;1210933248;16207872;1395757056;0;0;0;0;0;0;0;0;0;0;0;1483;0;0;126;0;122;0;
7554;1110944;1210933248;16207872;1395757056;0;0;0;0;0;0;0;0;0;0;0;1773;0;0;126;0;122;0;
7555;1978391;1210933248;16207872;1395757056;0;0;0;0;0;0;0;0;0;0;0;1834;0;0;126;0;122;0;
7556;2740300;1210933248;16207872;1395757056;0;0;0;0;0;0;0;0;0;0;0;2194;0;0;126;0;122;0;
7557;4736202;1210933248;16207872;1395757056;0;0;0;0;0;0;0;0;0;0;0;2695;0;0;126;0;122;0;
7558;3029922;1210933248;16207872;1395757056;0;0;0;0;0;0;0;0;0;0;0;2635;0;0;126;0;122;0;
7559;2762440;1210933248;16207872;1395757056;0;0;0;0;0;0;0;0;0;0;0;1753;0;0;126;0;122;0;
7560;1328932;1210933248;16207872;1395757056;0;0;0;0;0;0;0;0;0;0;0;1613;0;0;126;0;122;0;
7561;2830729;1210933248;16207872;1395757056;0;0;0;0;0;0;0;0;0;0;0;2134;0;0;126;0;122;0;
7562;1721198;1210933248;16207872;1395757056;0;0;0;0;0;0;0;0;0;0;0;1853;0;0;126;0;122;0;
7563;5515534;1210933248;16207872;1395757056;0;0;0;0;0;0;0;0;0;0;0;1964;0;0;126;0;122;0;
7564;3264622;1210933248;16207872;1395757056;0;0;0;0;0;0;0;0;0;0;0;1893;0;0;126;0;122;0;
7565;4540015;1210933248;16207872;1395757056;0;0;0;0;0;0;0;0;0;0;0;2675;0;0;126;0;122;0;
7566;2539402;1210933248;16207872;1395757056;0;0;0;0;0;0;0;0;0;0;0;2295;0;0;126;0;122;0;
7567;2102032;1210933248;16207872;1395757056;0;0;0;0;0;0;0;0;0;0;0;2185;0;0;126;0;122;0;
7568;2216176;1210933248;16207872;1395757056;0;0;0;0;0;0;0;0;0;0;0;1964;0;0;126;0;122;0;
7569;4786376;1210933248;16207872;1395757056;0;0;0;0;0;0;0;0;0;0;0;2434;0;0;126;0;122;0;
7570;3331528;1210933248;16207872;1395757056;0;0;0;0;0;0;0;0;0;0;0;2315;0;0;126;0;122;0;
7571;1778846;1210933248;16207872;1395757056;0;0;0;0;0;0;0;0;0;0;0;1794;0;0;126;0;122;0;
7572;1958192;1210933248;16207872;1395757056;0;0;0;0;0;0;0;0;0;0;0;2004;0;0;126;0;122;0;
7573;2641103;1210933248;16207872;1395757056;0;0;0;0;0;0;0;0;0;0;0;1944;0;0;126;0;122;0;
7574;2114876;1210933248;16207872;1395757056;0;0;0;0;0;0;0;0;0;0;0;1724;0;0;126;0;122;0;
7575;5592829;1210933248;16207872;1395757056;0;0;0;0;0;0;0;0;0;0;0;2134;0;0;126;0;122;0;
7576;3390639;1210933248;16207872;1395757056;0;0;0;0;0;0;0;0;0;0;0;1964;0;0;126;0;122;0;
7577;3525181;1210933248;16207872;1395757056;0;0;0;0;0;0;0;0;0;0;0;1784;0;0;126;0;122;0;
7578;2069702;1210933248;16207872;1395757056;0;0;0;0;0;0;0;0;0;0;0;1873;0;0;126;0;122;0;
7579;2077536;1210933248;16207872;1395757056;0;0;0;0;0;0;0;0;0;0;0;1853;0;0;126;0;122;0;
7580;2107082;1210933248;16207872;1395757056;0;0;0;0;0;0;0;0;0;0;0;1894;0;0;126;0;122;0;
7581;5981637;1210933248;16207872;1395757056;0;0;0;0;0;0;0;0;0;0;0;2295;0;0;126;0;122;0;
7582;4396915;1210933248;16207872;1395757056;0;0;0;0;0;0;0;0;0;0;0;2254;0;0;126;0;122;0;
7583;2834075;1210933248;16207872;1395757056;0;0;0;0;0;0;0;0;0;0;0;1854;0;0;126;0;122;0;
7584;2699753;1210933248;16207872;1395757056;0;0;0;0;0;0;0;0;0;0;0;1873;0;0;126;0;122;0;
7585;2559650;1210933248;16207872;1395757056;0;0;0;0;0;0;0;0;0;0;0;1923;0;0;126;0;122;0;
7586;2253997;1210933248;16207872;1395757056;0;0;0;0;0;0;0;0;0;0;0;1903;0;0;126;0;122;0;
7587;5323514;1210933248;16207872;1395757056;0;0;0;0;0;0;0;0;0;0;0;2525;0;0;126;0;122;0;
7588;3324995;1210933248;16207872;1395757056;0;0;0;0;0;0;0;0;0;0;0;2064;0;0;126;0;122;0;
7589;1918889;1210933248;16207872;1395757056;0;0;0;0;0;0;0;0;0;0;0;1703;0;0;126;0;122;0;
7590;1235306;1210933248;16207872;1395757056;0;0;0;0;0;0;0;0;0;0;0;1934;0;0;126;0;122;0;
7591;2820810;1210933248;16207872;1395757056;0;0;0;0;0;0;0;0;0;0;0;1953;0;0;126;0;122;0;
7592;2508695;1210933248;16207872;1395757056;0;0;0;0;0;0;0;0;0;0;0;1854;0;0;126;0;122;0;
7593;5922287;1210933248;16207872;1395757056;0;0;0;0;0;0;0;0;0;0;0;2525;0;0;126;0;122;0;
7594;2411082;1210933248;16207872;1395757056;0;0;0;0;0;0;0;0;0;0;0;2705;0;0;126;0;122;0;
7595;2500710;1210933248;16207872;1395757056;0;0;0;0;0;0;0;0;0;0;0;1603;0;0;126;0;122;0;
7596;2557726;1210933248;16207872;1395757056;0;0;0;0;0;0;0;0;0;0;0;1844;0;0;126;0;122;0;
7597;2797637;1210933248;16207872;1395757056;0;0;0;0;0;0;0;0;0;0;0;2785;0;0;126;0;122;0;
7598;1613065;1210933248;16207872;1395757056;0;0;0;0;0;0;0;0;0;0;0;4639;0;0;126;0;122;0;
7599;5709588;1210933248;16207872;1395757056;0;0;0;0;0;0;0;0;0;0;0;2614;0;0;126;0;122;0;
7600;3303154;1210933248;16207872;1395757056;0;0;0;0;0;0;0;0;0;0;0;2755;0;0;126;0;122;0;
7601;2376647;1210933248;16207872;1395757056;0;0;0;0;0;0;0;0;0;0;0;1894;0;0;126;0;122;0;
7602;2447349;1210933248;16207872;1395757056;0;0;0;0;0;0;0;0;0;0;0;2484;0;0;126;0;122;0;
7603;1837656;1210933248;16207872;1395757056;0;0;0;0;0;0;0;0;0;0;0;2053;0;0;126;0;122;0;
7604;1438668;1210933248;16207872;1395757056;0;0;0;0;0;0;0;0;0;0;0;1813;0;0;126;0;122;0;
7605;5614058;1210933248;16207872;1395757056;0;0;0;0;0;0;0;0;0;0;0;2845;0;0;126;0;122;0;
7606;2450756;1210933248;16207872;1395757056;0;0;0;0;0;0;0;0;0;0;0;1853;0;0;126;0;122;0;
7607;3347307;1210933248;16207872;1395757056;0;0;0;0;0;0;0;0;0;0;0;1573;0;0;126;0;122;0;
7608;2371647;1210933248;16207872;1395757056;0;0;0;0;0;0;0;0;0;0;0;2274;0;0;126;0;122;0;
7609;3194892;1210933248;16207872;1395757056;0;0;0;0;0;0;0;0;0;0;0;2886;0;0;126;0;122;0;
7610;2476153;1210933248;16207872;1395757056;0;0;0;0;0;0;0;0;0;0;0;2104;0;0;126;0;122;0;
7611;4954762;1210933248;16207872;1395757056;0;0;0;0;0;0;0;0;0;0;0;2474;0;0;126;0;122;0;
7612;3064066;1210933248;16207872;1395757056;0;0;0;0;0;0;0;0;0;0;0;1913;0;0;126;0;122;0;
7613;2867688;1210933248;16207872;1395757056;0;0;0;0;0;0;0;0;0;0;0;2034;0;0;126;0;122;0;
7614;2631395;1210933248;16207872;1395757056;0;0;0;0;0;0;0;0;0;0;0;2585;0;0;126;0;122;0;
7615;2315342;1210933248;16207872;1395757056;0;0;0;0;0;0;0;0;0;0;0;1954;0;0;126;0;122;0;
7616;1747477;1210933248;16207872;1395757056;0;0;0;0;0;0;0;0;0;0;0;1473;0;0;126;0;122;0;
7617;6996671;1210933248;16207872;1395757056;0;0;0;0;0;0;0;0;0;0;0;3176;0;0;126;0;122;0;
7618;3475908;1210933248;16207872;1395757056;0;0;0;0;0;0;0;0;0;0;0;3426;0;0;126;0;122;0;
7619;3765251;1210933248;16207872;1395757056;0;0;0;0;0;0;0;0;0;0;0;2264;0;0;126;0;122;0;
7620;1355422;1210933248;16207872;1395757056;0;0;0;0;0;0;0;0;0;0;0;1973;0;0;126;0;122;0;
7621;2906682;1210933248;16207872;1395757056;0;0;0;0;0;0;0;0;0;0;0;2705;0;0;126;0;122;0;
7622;1557611;1210933248;16207872;1395757056;0;0;0;0;0;0;0;0;0;0;0;1863;0;0;126;0;122;0;
7623;5403564;1210933248;16207872;1395757056;0;0;0;0;0;0;0;0;0;0;0;1763;0;0;126;0;122;0;
7624;2622077;1210933248;16207872;1395757056;0;0;0;0;0;0;0;0;0;0;0;2064;0;0;126;0;122;0;
7625;4668214;1210933248;16207872;1395757056;0;0;0;0;0;0;0;0;0;0;0;2355;0;0;126;0;122;0;
7626;2134002;1210933248;16207872;1395757056;0;0;0;0;0;0;0;0;0;0;0;2394;0;0;126;0;122;0;
7627;3498230;1210933248;16207872;1395757056;0;0;0;0;0;0;0;0;0;0;0;1933;0;0;126;0;122;0;
7628;1750863;1210933248;16207872;1395757056;0;0;0;0;0;0;0;0;0;0;0;2033;0;0;126;0;122;0;
7629;6156035;1210933248;16207872;1395757056;0;0;0;0;0;0;0;0;0;0;0;2274;0;0;126;0;122;0;
7630;3481169;1210933248;16207872;1395757056;0;0;0;0;0;0;0;0;0;0;0;2184;0;0;126;0;122;0;
7631;3626170;1210933248;16207872;1395757056;0;0;0;0;0;0;0;0;0;0;0;1843;0;0;126;0;122;0;
7632;2071014;1210933248;16207872;1395757056;0;0;0;0;0;0;0;0;0;0;0;2284;0;0;126;0;122;0;
7633;2224321;1210933248;16207872;1395757056;0;0;0;0;0;0;0;0;0;0;0;1904;0;0;126;0;122;0;
7634;1795658;1210933248;16207872;1395757056;0;0;0;0;0;0;0;0;0;0;0;1703;0;0;126;0;122;0;
7635;6301047;1210933248;16207872;1395757056;0;0;0;0;0;0;0;0;0;0;0;2414;0;0;126;0;122;0;
7636;4124556;1210933248;16207872;1395757056;0;0;0;0;0;0;0;0;0;0;0;2725;0;0;126;0;122;0;
7637;2140945;1210933248;16207872;1395757056;0;0;0;0;0;0;0;0;0;0;0;2084;0;0;126;0;122;0;
7638;2009168;1210933248;16207872;1395757056;0;0;0;0;0;0;0;0;0;0;0;1844;0;0;126;0;122;0;
7639;2483478;1210933248;16207872;1395757056;0;0;0;0;0;0;0;0;0;0;0;1654;0;0;126;0;122;0;
7640;2121659;1210933248;16207872;1395757056;0;0;0;0;0;0;0;0;0;0;0;1953;0;0;126;0;122;0;
7641;5436435;1210933248;16207872;1395757056;0;0;0;0;0;0;0;0;0;0;0;2174;0;0;126;0;122;0;
7642;2268775;1210933248;16207872;1395757056;0;0;0;0;0;0;0;0;0;0;0;1974;0;0;126;0;122;0;
7643;3034100;1210933248;16207872;1395757056;0;0;0;0;0;0;0;0;0;0;0;1864;0;0;126;0;122;0;
7644;2124234;1210933248;16207872;1395757056;0;0;0;0;0;0;0;0;0;0;0;2064;0;0;126;0;122;0;
7645;1771743;1210933248;16207872;1395757056;0;0;0;0;0;0;0;0;0;0;0;1833;0;0;126;0;122;0;
7646;1348859;1210933248;16207872;1395757056;0;0;0;0;0;0;0;0;0;0;0;1774;0;0;126;0;122;0;
7647;6268726;1210933248;16207872;1395757056;0;0;0;0;0;0;0;0;0;0;0;2585;0;0;126;0;122;0;
7648;3284841;1210933248;16207872;1395757056;0;0;0;0;0;0;0;0;0;0;0;2054;0;0;126;0;122;0;
7649;2293662;1210933248;16207872;1395757056;0;0;0;0;0;0;0;0;0;0;0;1563;0;0;126;0;122;0;
7650;1849468;1210933248;16207872;1395757056;0;0;0;0;0;0;0;0;0;0;0;2134;0;0;126;0;122;0;
7651;2844414;1210933248;16207872;1395757056;0;0;0;0;0;0;0;0;0;0;0;2244;0;0;126;0;122;0;
7652;2203562;1210933248;16207872;1395757056;0;0;0;0;0;0;0;0;0;0;0;1894;0;0;126;0;122;0;
7653;6110239;1210933248;16207872;1395757056;0;0;0;0;0;0;0;0;0;0;0;4138;0;0;126;0;122;0;
7654;4577003;1210933248;16207872;1395757056;0;0;0;0;0;0;0;0;0;0;0;3136;0;0;126;0;122;0;
7655;3148555;1210933248;16207872;1395757056;0;0;0;0;0;0;0;0;0;0;0;3386;0;0;126;0;122;0;
7656;2788129;1210933248;16207872;1395757056;0;0;0;0;0;0;0;0;0;0;0;2304;0;0;126;0;122;0;
7657;3009494;1210933248;16207872;1395757056;0;0;0;0;0;0;0;0;0;0;0;2364;0;0;126;0;122;0;
7658;3282687;1210933248;16207872;1395757056;0;0;0;0;0;0;0;0;0;0;0;2575;0;0;126;0;122;0;
7659;7559887;1210933248;16207872;1395757056;0;0;0;0;0;0;0;0;0;0;0;3246;0;0;126;0;122;0;
7660;3089103;1210933248;16207872;1395757056;0;0;0;0;0;0;0;0;0;0;0;2234;0;0;126;0;122;0;
7661;4470524;1210933248;16207872;1395757056;0;0;0;0;0;0;0;0;0;0;0;2825;0;0;126;0;122;0;
7662;3301712;1210933248;16207872;1395757056;0;0;0;0;0;0;0;0;0;0;0;3166;0;0;126;0;122;0;
7663;3202476;1210933248;16207872;1395757056;0;0;0;0;0;0;0;0;0;0;0;2845;0;0;126;0;122;0;
7664;2280086;1210933248;16207872;1395757056;0;0;0;0;0;0;0;0;0;0;0;1904;0;0;126;0;122;0;
7665;7367447;1210933248;16207872;1395757056;0;0;0;0;0;0;0;0;0;0;0;3757;0;0;126;0;122;0;
7666;4944443;1210933248;16207872;1395757056;0;0;0;0;0;0;0;0;0;0;0;3076;0;0;126;0;122;0;
7667;2903695;1210933248;16207872;1395757056;0;0;0;0;0;0;0;0;0;0;0;2255;0;0;126;0;122;0;
7668;3136191;1210933248;16207872;1395757056;0;0;0;0;0;0;0;0;0;0;0;3006;0;0;126;0;122;0;
7669;4614574;1210933248;16207872;1395757056;0;0;0;0;0;0;0;0;0;0;0;2685;0;0;126;0;122;0;
7670;2037060;1210933248;16207872;1395757056;0;0;0;0;0;0;0;0;0;0;0;2094;0;0;126;0;122;0;
7671;5894114;1210933248;16207872;1395757056;0;0;0;0;0;0;0;0;0;0;0;3697;0;0;126;0;122;0;
7672;3214608;1210933248;16207872;1395757056;0;0;0;0;0;0;0;0;0;0;0;2725;0;0;126;0;122;0;
7673;3263831;1210933248;16207872;1395757056;0;0;0;0;0;0;0;0;0;0;0;2494;0;0;126;0;122;0;
7674;2315663;1210933248;16207872;1395757056;0;0;0;0;0;0;0;0;0;0;0;3065;0;0;126;0;122;0;
7675;3831396;1210933248;16207872;1395757056;0;0;0;0;0;0;0;0;0;0;0;2785;0;0;126;0;122;0;
7676;3386972;1210933248;16207872;1395757056;0;0;0;0;0;0;0;0;0;0;0;2144;0;0;126;0;122;0;
7677;8756031;1210933248;16207872;1395757056;0;0;0;0;0;0;0;0;0;0;0;3096;0;0;126;0;122;0;
7678;4911541;1210933248;16207872;1395757056;0;0;0;0;0;0;0;0;0;0;0;3987;0;0;126;0;122;0;
7679;4431050;1210933248;16207872;1395757056;0;0;0;0;0;0;0;0;0;0;0;3226;0;0;126;0;122;0;
7680;2652454;1210933248;16207872;1395757056;0;0;0;0;0;0;0;0;0;0;0;2785;0;0;126;0;122;0;
7681;2702077;1210933248;16207872;1395757056;0;0;0;0;0;0;0;0;0;0;0;3005;0;0;126;0;122;0;
7682;4691929;1210933248;16207872;1395757056;0;0;0;0;0;0;0;0;0;0;0;2715;0;0;126;0;122;0;
7683;6013567;1210933248;16207872;1395757056;0;0;0;0;0;0;0;0;0;0;0;2946;0;0;126;0;122;0;
7684;3194781;1210933248;16207872;1395757056;0;0;0;0;0;0;0;0;0;0;0;2835;0;0;126;0;122;0;
7685;3852244;1210933248;16207872;1395757056;0;0;0;0;0;0;0;0;0;0;0;1933;0;0;126;0;122;0;
7686;3164695;1210933248;16207872;1395757056;0;0;0;0;0;0;0;0;0;0;0;2595;0;0;126;0;122;0;
7687;3305970;1210933248;16207872;1395757056;0;0;0;0;0;0;0;0;0;0;0;2525;0;0;126;0;122;0;
7688;1500283;1210933248;16207872;1395757056;0;0;0;0;0;0;0;0;0;0;0;1753;0;0;126;0;122;0;
7689;5546161;1210933248;16207872;1395757056;0;0;0;0;0;0;0;0;0;0;0;2635;0;0;126;0;122;0;
7690;4618231;1210933248;16207872;1395757056;0;0;0;0;0;0;0;0;0;0;0;3346;0;0;126;0;122;0;
7691;2674946;1210933248;16207872;1395757056;0;0;0;0;0;0;0;0;0;0;0;1823;0;0;126;0;122;0;
7692;3399896;1210933248;16207872;1395757056;0;0;0;0;0;0;0;0;0;0;0;3296;0;0;126;0;122;0;
7693;3603768;1210933248;16207872;1395757056;0;0;0;0;0;0;0;0;0;0;0;2775;0;0;126;0;122;0;
7694;2386395;1210933248;16207872;1395757056;0;0;0;0;0;0;0;0;0;0;0;2064;0;0;126;0;122;0;
7695;6092556;1210933248;16207872;1395757056;0;0;0;0;0;0;0;0;0;0;0;3105;0;0;126;0;122;0;
7696;3893713;1210933248;16207872;1395757056;0;0;0;0;0;0;0;0;0;0;0;3367;0;0;126;0;122;0;
7697;4184387;1210933248;16207872;1395757056;0;0;0;0;0;0;0;0;0;0;0;2294;0;0;126;0;122;0;
7698;3518659;1210933248;16207872;1395757056;0;0;0;0;0;0;0;0;0;0;0;3116;0;0;126;0;122;0;
7699;3991505;1210933248;16207872;1395757056;0;0;0;0;0;0;0;0;0;0;0;2565;0;0;126;0;122;0;
7700;1574723;1210933248;16207872;1395757056;0;0;0;0;0;0;0;0;0;0;0;1904;0;0;126;0;122;0;
7701;6692651;1210933248;16207872;1395757056;0;0;0;0;0;0;0;0;0;0;0;2876;0;0;126;0;122;0;
7702;3388835;1210933248;16207872;1395757056;0;0;0;0;0;0;0;0;0;0;0;2354;0;0;126;0;122;0;
7703;2913144;1210933248;16207872;1395757056;0;0;0;0;0;0;0;0;0;0;0;1763;0;0;126;0;122;0;
7704;2499497;1210933248;16207872;1395757056;0;0;0;0;0;0;0;0;0;0;0;1944;0;0;126;0;122;0;
7705;2021350;1210933248;16207872;1395757056;0;0;0;0;0;0;0;0;0;0;0;1824;0;0;126;0;122;0;
7706;2301747;1210933248;16207872;1395757056;0;0;0;0;0;0;0;0;0;0;0;2154;0;0;126;0;122;0;
7707;5723694;1210933248;16207872;1395757056;0;0;0;0;0;0;0;0;0;0;0;2224;0;0;126;0;122;0;
7708;3698636;1210933248;16207872;1395757056;0;0;0;0;0;0;0;0;0;0;0;2455;0;0;126;0;122;0;
7709;3581356;1210933248;16207872;1395757056;0;0;0;0;0;0;0;0;0;0;0;1573;0;0;126;0;122;0;
7710;2402385;1210933248;16207872;1395757056;0;0;0;0;0;0;0;0;0;0;0;1472;0;0;126;0;122;0;
7711;2377749;1210933248;16207872;1395757056;0;0;0;0;0;0;0;0;0;0;0;2084;0;0;126;0;122;0;
7712;2049524;1210933248;16207872;1395757056;0;0;0;0;0;0;0;0;0;0;0;1663;0;0;126;0;122;0;
7713;5596045;1210933248;16207872;1395757056;0;0;0;0;0;0;0;0;0;0;0;1663;0;0;126;0;122;0;
7714;3104232;1210933248;16207872;1395757056;0;0;0;0;0;0;0;0;0;0;0;2104;0;0;126;0;122;0;
7715;3109672;1210933248;16207872;1395757056;0;0;0;0;0;0;0;0;0;0;0;1893;0;0;126;0;122;0;
7716;2195958;1210933248;16207872;1395757056;0;0;0;0;0;0;0;0;0;0;0;2124;0;0;126;0;122;0;
7717;2372990;1210933248;16207872;1395757056;0;0;0;0;0;0;0;0;0;0;0;1943;0;0;126;0;122;0;
7718;2239519;1210933248;16207872;1395757056;0;0;0;0;0;0;0;0;0;0;0;2454;0;0;126;0;122;0;
7719;4815951;1210933248;16207872;1395757056;0;0;0;0;0;0;0;0;0;0;0;2093;0;0;126;0;122;0;
7720;2841619;1210933248;16207872;1395757056;0;0;0;0;0;0;0;0;0;0;0;1522;0;0;126;0;122;0;
7721;3611854;1210933248;16207872;1395757056;0;0;0;0;0;0;0;0;0;0;0;1883;0;0;126;0;122;0;
7722;2555041;1210933248;16207872;1395757056;0;0;0;0;0;0;0;0;0;0;0;2144;0;0;126;0;122;0;
7723;2256552;1210933248;16207872;1395757056;0;0;0;0;0;0;0;0;0;0;0;1644;0;0;126;0;122;0;
7724;2142939;1210933248;16207872;1395757056;0;0;0;0;0;0;0;0;0;0;0;1753;0;0;126;0;122;0;
7725;6373773;1210933248;16207872;1395757056;0;0;0;0;0;0;0;0;0;0;0;2815;0;0;126;0;122;0;
7726;2795513;1210933248;16207872;1395757056;0;0;0;0;0;0;0;0;0;0;0;2195;0;0;126;0;122;0;
7727;2525706;1210933248;16207872;1395757056;0;0;0;0;0;0;0;0;0;0;0;1853;0;0;126;0;122;0;
7728;1997246;1210933248;16207872;1395757056;0;0;0;0;0;0;0;0;0;0;0;2094;0;0;126;0;122;0;
7729;2778211;1210933248;16207872;1395757056;0;0;0;0;0;0;0;0;0;0;0;1953;0;0;126;0;122;0;
7730;2354125;1210933248;16207872;1395757056;0;0;0;0;0;0;0;0;0;0;0;1643;0;0;126;0;122;0;
7731;4867679;1210933248;16207872;1395757056;0;0;0;0;0;0;0;0;0;0;0;2475;0;0;126;0;122;0;
7732;2485161;1210933248;16207872;1395757056;0;0;0;0;0;0;0;0;0;0;0;1723;0;0;126;0;122;0;
7733;2878147;1210933248;16207872;1395757056;0;0;0;0;0;0;0;0;0;0;0;2064;0;0;126;0;122;0;
7734;2463129;1210933248;16207872;1395757056;0;0;0;0;0;0;0;0;0;0;0;2294;0;0;126;0;122;0;
7735;3418511;1210933248;16207872;1395757056;0;0;0;0;0;0;0;0;0;0;0;4087;0;0;126;0;122;0;
7736;3336627;1210933248;16207872;1395757056;0;0;0;0;0;0;0;0;0;0;0;3046;0;0;126;0;122;0;
7737;7476431;1210933248;16207872;1395757056;0;0;0;0;0;0;0;0;0;0;0;3647;0;0;126;0;122;0;
7738;4570952;1210933248;16207872;1395757056;0;0;0;0;0;0;0;0;0;0;0;3376;0;0;126;0;122;0;
7739;3211182;1210933248;16207872;1395757056;0;0;0;0;0;0;0;0;0;0;0;1964;0;0;126;0;122;0;
7740;2819036;1210933248;16207872;1395757056;0;0;0;0;0;0;0;0;0;0;0;2414;0;0;126;0;122;0;
7741;3272246;1210933248;16207872;1395757056;0;0;0;0;0;0;0;0;0;0;0;2284;0;0;126;0;122;0;
7742;2670699;1210933248;16207872;1395757056;0;0;0;0;0;0;0;0;0;0;0;2204;0;0;126;0;122;0;
7743;6510319;1210933248;16207872;1395757056;0;0;0;0;0;0;0;0;0;0;0;2865;0;0;126;0;122;0;
7744;3127355;1210933248;16207872;1395757056;0;0;0;0;0;0;0;0;0;0;0;1774;0;0;126;0;122;0;
7745;3119601;1210933248;16207872;1395757056;0;0;0;0;0;0;0;0;0;0;0;1654;0;0;126;0;122;0;
7746;3108790;1210933248;16207872;1395757056;0;0;0;0;0;0;0;0;0;0;0;1943;0;0;126;0;122;0;
7747;3650807;1210933248;16207872;1395757056;0;0;0;0;0;0;0;0;0;0;0;1703;0;0;126;0;122;0;
7748;2452570;1210933248;16207872;1395757056;0;0;0;0;0;0;0;0;0;0;0;2254;0;0;126;0;122;0;
7749;5569555;1210933248;16207872;1395757056;0;0;0;0;0;0;0;0;0;0;0;2334;0;0;126;0;122;0;
7750;4032052;1210933248;16207872;1395757056;0;0;0;0;0;0;0;0;0;0;0;2024;0;0;126;0;122;0;
7751;2890080;1210933248;16207872;1395757056;0;0;0;0;0;0;0;0;0;0;0;1704;0;0;126;0;122;0;
7752;2373040;1210933248;16207872;1395757056;0;0;0;0;0;0;0;0;0;0;0;1824;0;0;126;0;122;0;
7753;2147177;1210933248;16207872;1395757056;0;0;0;0;0;0;0;0;0;0;0;1914;0;0;126;0;122;0;
7754;2557276;1210933248;16207872;1395757056;0;0;0;0;0;0;0;0;0;0;0;1683;0;0;126;0;122;0;
7755;5616523;1210933248;16207872;1395757056;0;0;0;0;0;0;0;0;0;0;0;1894;0;0;126;0;122;0;
7756;2780043;1210933248;16207872;1395757056;0;0;0;0;0;0;0;0;0;0;0;2144;0;0;126;0;122;0;
7757;2068419;1210933248;16207872;1395757056;0;0;0;0;0;0;0;0;0;0;0;1903;0;0;126;0;122;0;
7758;2633048;1210933248;16207872;1395757056;0;0;0;0;0;0;0;0;0;0;0;1533;0;0;126;0;122;0;
7759;3198188;1210933248;16207872;1395757056;0;0;0;0;0;0;0;0;0;0;0;2174;0;0;126;0;122;0;
7760;2849734;1210933248;16207872;1395757056;0;0;0;0;0;0;0;0;0;0;0;2234;0;0;126;0;122;0;
7761;5303917;1210933248;16207872;1395757056;0;0;0;0;0;0;0;0;0;0;0;2245;0;0;126;0;122;0;
7762;3167330;1210933248;16207872;1395757056;0;0;0;0;0;0;0;0;0;0;0;2084;0;0;126;0;122;0;
7763;3123327;1210933248;16207872;1395757056;0;0;0;0;0;0;0;0;0;0;0;2074;0;0;126;0;122;0;
7764;2715563;1210933248;16207872;1395757056;0;0;0;0;0;0;0;0;0;0;0;1894;0;0;126;0;122;0;
7765;2840728;1210933248;16207872;1395757056;0;0;0;0;0;0;0;0;0;0;0;1934;0;0;126;0;122;0;
7766;2353294;1210933248;16207872;1395757056;0;0;0;0;0;0;0;0;0;0;0;1903;0;0;126;0;122;0;
7767;5426817;1210933248;16207872;1395757056;0;0;0;0;0;0;0;0;0;0;0;2084;0;0;126;0;122;0;
7768;3274000;1210933248;16207872;1395757056;0;0;0;0;0;0;0;0;0;0;0;1683;0;0;126;0;122;0;
7769;3111786;1210933248;16207872;1395757056;0;0;0;0;0;0;0;0;0;0;0;1563;0;0;126;0;122;0;
7770;2756269;1210933248;16207872;1395757056;0;0;0;0;0;0;0;0;0;0;0;1873;0;0;126;0;122;0;
7771;2324539;1210933248;16207872;1395757056;0;0;0;0;0;0;0;0;0;0;0;1864;0;0;126;0;122;0;
7772;1987367;1210933248;16207872;1395757056;0;0;0;0;0;0;0;0;0;0;0;1623;0;0;126;0;122;0;
7773;5170357;1210933248;16207872;1395757056;0;0;0;0;0;0;0;0;0;0;0;1944;0;0;126;0;122;0;
7774;2658455;1210933248;16207872;1395757056;0;0;0;0;0;0;0;0;0;0;0;2014;0;0;126;0;122;0;
7775;2099458;1210933248;16207872;1395757056;0;0;0;0;0;0;0;0;0;0;0;1663;0;0;126;0;122;0;
7776;2634611;1210933248;16207872;1395757056;0;0;0;0;0;0;0;0;0;0;0;2064;0;0;126;0;122;0;
7777;2947838;1210933248;16207872;1395757056;0;0;0;0;0;0;0;0;0;0;0;2625;0;0;126;0;122;0;
7778;2610766;1210933248;16207872;1395757056;0;0;0;0;0;0;0;0;0;0;0;2034;0;0;126;0;122;0;
7779;5073204;1210933248;16207872;1395757056;0;0;0;0;0;0;0;0;0;0;0;2024;0;0;126;0;122;0;
7780;3137955;1210933248;16207872;1395757056;0;0;0;0;0;0;0;0;0;0;0;1944;0;0;126;0;122;0;
7781;3933015;1210933248;16207872;1395757056;0;0;0;0;0;0;0;0;0;0;0;1974;0;0;126;0;122;0;
7782;2748875;1210933248;16207872;1395757056;0;0;0;0;0;0;0;0;0;0;0;2224;0;0;126;0;122;0;
7783;1730064;1210933248;16207872;1395757056;0;0;0;0;0;0;0;0;0;0;0;1633;0;0;126;0;122;0;
7784;1582077;1210933248;16207872;1395757056;0;0;0;0;0;0;0;0;0;0;0;1853;0;0;126;0;122;0;
7785;5435664;1210933248;16207872;1395757056;0;0;0;0;0;0;0;0;0;0;0;1833;0;0;126;0;122;0;
7786;2368341;1210933248;16207872;1395757056;0;0;0;0;0;0;0;0;0;0;0;1833;0;0;126;0;122;0;
7787;2601899;1210933248;16207872;1395757056;0;0;0;0;0;0;0;0;0;0;0;1573;0;0;126;0;122;0;
7788;3085857;1210933248;16207872;1395757056;0;0;0;0;0;0;0;0;0;0;0;1804;0;0;126;0;122;0;
7789;2534563;1210933248;16207872;1395757056;0;0;0;0;0;0;0;0;0;0;0;1833;0;0;126;0;122;0;
7790;2164189;1210933248;16207872;1395757056;0;0;0;0;0;0;0;0;0;0;0;1553;0;0;126;0;122;0;
7791;6049635;1210933248;16207872;1395757056;0;0;0;0;0;0;0;0;0;0;0;2394;0;0;126;0;122;0;
7792;3966198;1210933248;16207872;1395757056;0;0;0;0;0;0;0;0;0;0;0;2024;0;0;126;0;122;0;
7793;3096687;1210933248;16207872;1395757056;0;0;0;0;0;0;0;0;0;0;0;1532;0;0;126;0;122;0;
7794;1344121;1210933248;16207872;1395757056;0;0;0;0;0;0;0;0;0;0;0;1753;0;0;126;0;122;0;
7795;2722275;1210933248;16207872;1395757056;0;0;0;0;0;0;0;0;0;0;0;1683;0;0;126;0;122;0;
7796;2057719;1210933248;16207872;1395757056;0;0;0;0;0;0;0;0;0;0;0;1653;0;0;126;0;122;0;
7797;6181472;1210933248;16207872;1395757056;0;0;0;0;0;0;0;0;0;0;0;1824;0;0;126;0;122;0;
7798;3063184;1210933248;16207872;1395757056;0;0;0;0;0;0;0;0;0;0;0;1623;0;0;126;0;122;0;
7799;2449364;1210933248;16207872;1395757056;0;0;0;0;0;0;0;0;0;0;0;1442;0;0;126;0;122;0;
7800;2355367;1210933248;16207872;1395757056;0;0;0;0;0;0;0;0;0;0;0;1603;0;0;126;0;122;0;
7801;2029807;1210933248;16207872;1395757056;0;0;0;0;0;0;0;0;0;0;0;1794;0;0;126;0;122;0;
7802;2238968;1210933248;16207872;1395757056;0;0;0;0;0;0;0;0;0;0;0;1653;0;0;126;0;122;0;
7803;5063235;1210933248;16207872;1395757056;0;0;0;0;0;0;0;0;0;0;0;2254;0;0;126;0;122;0;
7804;3433680;1210933248;16207872;1395757056;0;0;0;0;0;0;0;0;0;0;0;1943;0;0;126;0;122;0;
7805;2009359;1210933248;16207872;1395757056;0;0;0;0;0;0;0;0;0;0;0;1623;0;0;126;0;122;0;
7806;2282871;1210933248;16207872;1395757056;0;0;0;0;0;0;0;0;0;0;0;1933;0;0;126;0;122;0;
7807;2904227;1210933248;16207872;1395757056;0;0;0;0;0;0;0;0;0;0;0;1983;0;0;126;0;122;0;
7808;1506044;1210933248;16207872;1395757056;0;0;0;0;0;0;0;0;0;0;0;1794;0;0;126;0;122;0;
7809;5669542;1210933248;16207872;1395757056;0;0;0;0;0;0;0;0;0;0;0;2265;0;0;126;0;122;0;
7810;3641850;1210933248;16207872;1395757056;0;0;0;0;0;0;0;0;0;0;0;1863;0;0;126;0;122;0;
7811;2314130;1210933248;16207872;1395757056;0;0;0;0;0;0;0;0;0;0;0;1523;0;0;126;0;122;0;
7812;2182513;1210933248;16207872;1395757056;0;0;0;0;0;0;0;0;0;0;0;147366;0;0;126;0;122;0;
7813;2565611;1210933248;16207872;1395757056;0;0;0;0;0;0;0;0;0;0;0;1603;0;0;126;0;122;0;
7814;1589932;1210933248;16207872;1395757056;0;0;0;0;0;0;0;0;0;0;0;1964;0;0;126;0;122;0;
7815;4790253;1210933248;16207872;1395757056;0;0;0;0;0;0;0;0;0;0;0;2364;0;0;126;0;122;0;
7816;3212655;1210933248;16207872;1395757056;0;0;0;0;0;0;0;0;0;0;0;1653;0;0;126;0;122;0;
7817;2500579;1210933248;16207872;1395757056;0;0;0;0;0;0;0;0;0;0;0;1453;0;0;126;0;122;0;
7818;2996019;1210933248;16207872;1395757056;0;0;0;0;0;0;0;0;0;0;0;2214;0;0;126;0;122;0;
7819;3477361;1210933248;16207872;1395757056;0;0;0;0;0;0;0;0;0;0;0;2976;0;0;126;0;122;0;
7820;1423981;1210933248;16207872;1395757056;0;0;0;0;0;0;0;0;0;0;0;1583;0;0;126;0;122;0;
7821;5078384;1210933248;16207872;1395757056;0;0;0;0;0;0;0;0;0;0;0;1843;0;0;126;0;122;0;
7822;1974122;1210933248;16207872;1395757056;0;0;0;0;0;0;0;0;0;0;0;1704;0;0;126;0;122;0;
7823;3185655;1210933248;16207872;1395757056;0;0;0;0;0;0;0;0;0;0;0;1482;0;0;126;0;122;0;
7824;1766332;1210933248;16207872;1395757056;0;0;0;0;0;0;0;0;0;0;0;1783;0;0;126;0;122;0;
7825;2907233;1210933248;16207872;1395757056;0;0;0;0;0;0;0;0;0;0;0;1573;0;0;126;0;122;0;
7826;1612153;1210933248;16207872;1395757056;0;0;0;0;0;0;0;0;0;0;0;1533;0;0;126;0;122;0;
7827;5258251;1210933248;16207872;1395757056;0;0;0;0;0;0;0;0;0;0;0;2425;0;0;126;0;122;0;
7828;3077071;1210933248;16207872;1395757056;0;0;0;0;0;0;0;0;0;0;0;1943;0;0;126;0;122;0;
7829;1960657;1210933248;16207872;1395757056;0;0;0;0;0;0;0;0;0;0;0;2064;0;0;126;0;122;0;
7830;1964965;1210933248;16207872;1395757056;0;0;0;0;0;0;0;0;0;0;0;1533;0;0;126;0;122;0;
7831;2878268;1210933248;16207872;1395757056;0;0;0;0;0;0;0;0;0;0;0;2224;0;0;126;0;122;0;
7832;2445587;1210933248;16207872;1395757056;0;0;0;0;0;0;0;0;0;0;0;1693;0;0;126;0;122;0;
7833;4229802;1210933248;16207872;1395757056;0;0;0;0;0;0;0;0;0;0;0;1623;0;0;126;0;122;0;
7834;4035529;1210933248;16207872;1395757056;0;0;0;0;0;0;0;0;0;0;0;1723;0;0;126;0;122;0;
7835;2071635;1210933248;16207872;1395757056;0;0;0;0;0;0;0;0;0;0;0;1422;0;0;126;0;122;0;
7836;1973221;1210933248;16207872;1395757056;0;0;0;0;0;0;0;0;0;0;0;1864;0;0;126;0;122;0;
7837;2311264;1210933248;16207872;1395757056;0;0;0;0;0;0;0;0;0;0;0;1603;0;0;126;0;122;0;
7838;2010200;1210933248;16207872;1395757056;0;0;0;0;0;0;0;0;0;0;0;1673;0;0;126;0;122;0;
7839;8748386;1210933248;16207872;1395757056;0;0;0;0;0;0;0;0;0;0;0;2044;0;0;126;0;122;0;
7840;5443188;1210933248;16207872;1395757056;0;0;0;0;0;0;0;0;0;0;0;2104;0;0;126;0;122;0;
7841;3424512;1210933248;16207872;1395757056;0;0;0;0;0;0;0;0;0;0;0;1834;0;0;126;0;122;0;
7842;2694032;1210933248;16207872;1395757056;0;0;0;0;0;0;0;0;0;0;0;1703;0;0;126;0;122;0;
7843;2543100;1210933248;16207872;1395757056;0;0;0;0;0;0;0;0;0;0;0;1653;0;0;126;0;122;0;
7844;1427286;1210933248;16207872;1395757056;0;0;0;0;0;0;0;0;0;0;0;1453;0;0;126;0;122;0;
7845;5518589;1210933248;16207872;1395757056;0;0;0;0;0;0;0;0;0;0;0;2174;0;0;126;0;122;0;
7846;2608903;1210933248;16207872;1395757056;0;0;0;0;0;0;0;0;0;0;0;1753;0;0;126;0;122;0;
7847;3378416;1210933248;16207872;1395757056;0;0;0;0;0;0;0;0;0;0;0;1342;0;0;126;0;122;0;
7848;1609538;1210933248;16207872;1395757056;0;0;0;0;0;0;0;0;0;0;0;1613;0;0;126;0;122;0;
7849;3367154;1210933248;16207872;1395757056;0;0;0;0;0;0;0;0;0;0;0;1703;0;0;126;0;122;0;
7850;2376747;1210933248;16207872;1395757056;0;0;0;0;0;0;0;0;0;0;0;1683;0;0;126;0;122;0;
7851;6294785;1210933248;16207872;1395757056;0;0;0;0;0;0;0;0;0;0;0;2325;0;0;126;0;122;0;
7852;3138536;1210933248;16207872;1395757056;0;0;0;0;0;0;0;0;0;0;0;1683;0;0;126;0;122;0;
7853;3430644;1210933248;16207872;1395757056;0;0;0;0;0;0;0;0;0;0;0;1863;0;0;126;0;122;0;
7854;1952722;1210933248;16207872;1395757056;0;0;0;0;0;0;0;0;0;0;0;1653;0;0;126;0;122;0;
7855;2639160;1210933248;16207872;1395757056;0;0;0;0;0;0;0;0;0;0;0;2014;0;0;126;0;122;0;
7856;2412694;1210933248;16207872;1395757056;0;0;0;0;0;0;0;0;0;0;0;1593;0;0;126;0;122;0;
7857;5530311;1210933248;16207872;1395757056;0;0;0;0;0;0;0;0;0;0;0;1813;0;0;126;0;122;0;
7858;2713799;1210933248;16207872;1395757056;0;0;0;0;0;0;0;0;0;0;0;1643;0;0;126;0;122;0;
7859;1574192;1210933248;16207872;1395757056;0;0;0;0;0;0;0;0;0;0;0;1462;0;0;126;0;122;0;
7860;2300715;1210933248;16207872;1395757056;0;0;0;0;0;0;0;0;0;0;0;1723;0;0;126;0;122;0;
7861;2388529;1210933248;16207872;1395757056;0;0;0;0;0;0;0;0;0;0;0;1843;0;0;126;0;122;0;
7862;2550443;1210933248;16207872;1395757056;0;0;0;0;0;0;0;0;0;0;0;1773;0;0;126;0;122;0;
7863;5010657;1210933248;16207872;1395757056;0;0;0;0;0;0;0;0;0;0;0;2074;0;0;126;0;122;0;
7864;2726733;1210933248;16207872;1395757056;0;0;0;0;0;0;0;0;0;0;0;1683;0;0;126;0;122;0;
7865;2040928;1210933248;16207872;1395757056;0;0;0;0;0;0;0;0;0;0;0;1533;0;0;126;0;122;0;
7866;1669010;1210933248;16207872;1395757056;0;0;0;0;0;0;0;0;0;0;0;1733;0;0;126;0;122;0;
7867;2723257;1210933248;16207872;1395757056;0;0;0;0;0;0;0;0;0;0;0;1453;0;0;126;0;122;0;
7868;2232016;1210933248;16207872;1395757056;0;0;0;0;0;0;0;0;0;0;0;1433;0;0;126;0;122;0;
7869;6645072;1210933248;16207872;1395757056;0;0;0;0;0;0;0;0;0;0;0;1964;0;0;126;0;122;0;
7870;2330811;1210933248;16207872;1395757056;0;0;0;0;0;0;0;0;0;0;0;1483;0;0;126;0;122;0;
7871;2952508;1210933248;16207872;1395757056;0;0;0;0;0;0;0;0;0;0;0;1563;0;0;126;0;122;0;
7872;1972820;1210933248;16207872;1395757056;0;0;0;0;0;0;0;0;0;0;0;1433;0;0;126;0;122;0;
7873;3275873;1210933248;16207872;1395757056;0;0;0;0;0;0;0;0;0;0;0;1613;0;0;126;0;122;0;
7874;1986385;1210933248;16207872;1395757056;0;0;0;0;0;0;0;0;0;0;0;1713;0;0;126;0;122;0;
7875;5743050;1210933248;16207872;1395757056;0;0;0;0;0;0;0;0;0;0;0;1744;0;0;126;0;122;0;
7876;3948054;1210933248;16207872;1395757056;0;0;0;0;0;0;0;0;0;0;0;1753;0;0;126;0;122;0;
7877;3288558;1210933248;16207872;1395757056;0;0;0;0;0;0;0;0;0;0;0;1543;0;0;126;0;122;0;
7878;2013326;1210933248;16207872;1395757056;0;0;0;0;0;0;0;0;0;0;0;1582;0;0;126;0;122;0;
7879;3060079;1210933248;16207872;1395757056;0;0;0;0;0;0;0;0;0;0;0;1583;0;0;126;0;122;0;
7880;1637581;1210933248;16207872;1395757056;0;0;0;0;0;0;0;0;0;0;0;1664;0;0;126;0;122;0;
7881;5222855;1210933248;16207872;1395757056;0;0;0;0;0;0;0;0;0;0;0;1993;0;0;126;0;122;0;
7882;4406164;1210933248;16207872;1395757056;0;0;0;0;0;0;0;0;0;0;0;4879;0;0;126;0;122;0;
7883;3624537;1210933248;16207872;1395757056;0;0;0;0;0;0;0;0;0;0;0;1843;0;0;126;0;122;0;
7884;1842445;1210933248;16207872;1395757056;0;0;0;0;0;0;0;0;0;0;0;1552;0;0;126;0;122;0;
7885;2676239;1210933248;16207872;1395757056;0;0;0;0;0;0;0;0;0;0;0;2254;0;0;126;0;122;0;
7886;2226245;1210933248;16207872;1395757056;0;0;0;0;0;0;0;0;0;0;0;1844;0;0;126;0;122;0;
7887;6712288;1210933248;16207872;1395757056;0;0;0;0;0;0;0;0;0;0;0;2114;0;0;126;0;122;0;
7888;5284330;1210933248;16207872;1395757056;0;0;0;0;0;0;0;0;0;0;0;1694;0;0;126;0;122;0;
7889;1968161;1210933248;16207872;1395757056;0;0;0;0;0;0;0;0;0;0;0;1493;0;0;126;0;122;0;
7890;987081;1210933248;16207872;1395757056;0;0;0;0;0;0;0;0;0;0;0;1402;0;0;126;0;122;0;
7891;1717170;1210933248;16207872;1395757056;0;0;0;0;0;0;0;0;0;0;0;1723;0;0;126;0;122;0;
7892;1648952;1210933248;16207872;1395757056;0;0;0;0;0;0;0;0;0;0;0;1483;0;0;126;0;122;0;
7893;7214250;1210933248;16207872;1395757056;0;0;0;0;0;0;0;0;0;0;0;2886;0;0;126;0;122;0;
7894;3109622;1210933248;16207872;1395757056;0;0;0;0;0;0;0;0;0;0;0;1743;0;0;126;0;122;0;
7895;2742223;1210933248;16207872;1395757056;0;0;0;0;0;0;0;0;0;0;0;1473;0;0;126;0;122;0;
7896;2331693;1210933248;16207872;1395757056;0;0;0;0;0;0;0;0;0;0;0;1724;0;0;126;0;122;0;
7897;2185378;1210933248;16207872;1395757056;0;0;0;0;0;0;0;0;0;0;0;1603;0;0;126;0;122;0;
7898;2107372;1210933248;16207872;1395757056;0;0;0;0;0;0;0;0;0;0;0;1523;0;0;126;0;122;0;
7899;5319395;1210933248;16207872;1395757056;0;0;0;0;0;0;0;0;0;0;0;1883;0;0;126;0;122;0;
7900;4014589;1210933248;16207872;1395757056;0;0;0;0;0;0;0;0;0;0;0;2054;0;0;126;0;122;0;
7901;2417794;1210933248;16207872;1395757056;0;0;0;0;0;0;0;0;0;0;0;1333;0;0;126;0;122;0;
7902;2279405;1210933248;16207872;1395757056;0;0;0;0;0;0;0;0;0;0;0;1723;0;0;126;0;122;0;
7903;3913249;1210933248;16207872;1395757056;0;0;0;0;0;0;0;0;0;0;0;1783;0;0;126;0;122;0;
7904;2663324;1210933248;16207872;1395757056;0;0;0;0;0;0;0;0;0;0;0;1964;0;0;126;0;122;0;
7905;5951441;1210933248;16207872;1395757056;0;0;0;0;0;0;0;0;0;0;0;2405;0;0;126;0;122;0;
7906;3409935;1210933248;16207872;1395757056;0;0;0;0;0;0;0;0;0;0;0;2104;0;0;126;0;122;0;
7907;2658776;1210933248;16207872;1395757056;0;0;0;0;0;0;0;0;0;0;0;1443;0;0;126;0;122;0;
7908;2386797;1210933248;16207872;1395757056;0;0;0;0;0;0;0;0;0;0;0;1613;0;0;126;0;122;0;
7909;3205241;1210933248;16207872;1395757056;0;0;0;0;0;0;0;0;0;0;0;1582;0;0;126;0;122;0;
7910;1612494;1210933248;16207872;1395757056;0;0;0;0;0;0;0;0;0;0;0;1362;0;0;126;0;122;0;
7911;6510610;1210933248;16207872;1395757056;0;0;0;0;0;0;0;0;0;0;0;3036;0;0;126;0;122;0;
7912;2631505;1210933248;16207872;1395757056;0;0;0;0;0;0;0;0;0;0;0;1864;0;0;126;0;122;0;
7913;3288707;1210933248;16207872;1395757056;0;0;0;0;0;0;0;0;0;0;0;1623;0;0;126;0;122;0;
7914;2016401;1210933248;16207872;1395757056;0;0;0;0;0;0;0;0;0;0;0;1673;0;0;126;0;122;0;
7915;2964670;1210933248;16207872;1395757056;0;0;0;0;0;0;0;0;0;0;0;1813;0;0;126;0;122;0;
7916;1601974;1210933248;16207872;1395757056;0;0;0;0;0;0;0;0;0;0;0;1423;0;0;126;0;122;0;
7917;5895947;1210933248;16207872;1395757056;0;0;0;0;0;0;0;0;0;0;0;2365;0;0;126;0;122;0;
7918;4066566;1210933248;16207872;1395757056;0;0;0;0;0;0;0;0;0;0;0;2114;0;0;126;0;122;0;
7919;3918298;1210933248;16207872;1395757056;0;0;0;0;0;0;0;0;0;0;0;2054;0;0;126;0;122;0;
7920;2224442;1210933248;16207872;1395757056;0;0;0;0;0;0;0;0;0;0;0;2054;0;0;126;0;122;0;
7921;3085206;1210933248;16207872;1395757056;0;0;0;0;0;0;0;0;0;0;0;1593;0;0;126;0;122;0;
7922;2017102;1210933248;16207872;1395757056;0;0;0;0;0;0;0;0;0;0;0;1613;0;0;126;0;122;0;
7923;5834593;1210933248;16207872;1395757056;0;0;0;0;0;0;0;0;0;0;0;2855;0;0;126;0;122;0;
7924;2863150;1210933248;16207872;1395757056;0;0;0;0;0;0;0;0;0;0;0;2044;0;0;126;0;122;0;
7925;2514005;1210933248;16207872;1395757056;0;0;0;0;0;0;0;0;0;0;0;1363;0;0;126;0;122;0;
7926;2689735;1210933248;16207872;1395757056;0;0;0;0;0;0;0;0;0;0;0;1813;0;0;126;0;122;0;
7927;3037377;1210933248;16207872;1395757056;0;0;0;0;0;0;0;0;0;0;0;2104;0;0;126;0;122;0;
7928;2442080;1210933248;16207872;1395757056;0;0;0;0;0;0;0;0;0;0;0;1804;0;0;126;0;122;0;
7929;6682463;1210933248;16207872;1395757056;0;0;0;0;0;0;0;0;0;0;0;30387;0;0;126;0;122;0;
7930;3556951;1210933248;16207872;1395757056;0;0;0;0;0;0;0;0;0;0;0;1683;0;0;126;0;122;0;
7931;2050005;1210933248;16207872;1395757056;0;0;0;0;0;0;0;0;0;0;0;1393;0;0;126;0;122;0;
7932;1954515;1210933248;16207872;1395757056;0;0;0;0;0;0;0;0;0;0;0;1903;0;0;126;0;122;0;
7933;4826020;1210933248;16207872;1395757056;0;0;0;0;0;0;0;0;0;0;0;2495;0;0;126;0;122;0;
7934;2642606;1210933248;16207872;1395757056;0;0;0;0;0;0;0;0;0;0;0;2274;0;0;126;0;122;0;
7935;4990749;1210933248;16207872;1395757056;0;0;0;0;0;0;0;0;0;0;0;1793;0;0;126;0;122;0;
7936;3419963;1210933248;16207872;1395757056;0;0;0;0;0;0;0;0;0;0;0;1723;0;0;126;0;122;0;
7937;3428149;1210933248;16207872;1395757056;0;0;0;0;0;0;0;0;0;0;0;1533;0;0;126;0;122;0;
7938;2005451;1210933248;16207872;1395757056;0;0;0;0;0;0;0;0;0;0;0;1603;0;0;126;0;122;0;
7939;3447225;1210933248;16207872;1395757056;0;0;0;0;0;0;0;0;0;0;0;2315;0;0;126;0;122;0;
7940;2121789;1210933248;16207872;1395757056;0;0;0;0;0;0;0;0;0;0;0;1804;0;0;126;0;122;0;
7941;6584338;1210933248;16207872;1395757056;0;0;0;0;0;0;0;0;0;0;0;2084;0;0;126;0;122;0;
7942;3674732;1210933248;16207872;1395757056;0;0;0;0;0;0;0;0;0;0;0;1873;0;0;126;0;122;0;
7943;2111099;1210933248;16207872;1395757056;0;0;0;0;0;0;0;0;0;0;0;1443;0;0;126;0;122;0;
7944;865102;1210933248;16207872;1395757056;0;0;0;0;0;0;0;0;0;0;0;1664;0;0;126;0;122;0;
7945;2164269;1210933248;16207872;1395757056;0;0;0;0;0;0;0;0;0;0;0;1543;0;0;126;0;122;0;
7946;2038954;1210933248;16207872;1395757056;0;0;0;0;0;0;0;0;0;0;0;1473;0;0;126;0;122;0;
7947;5521805;1210933248;16207872;1395757056;0;0;0;0;0;0;0;0;0;0;0;1753;0;0;126;0;122;0;
7948;3466592;1210933248;16207872;1395757056;0;0;0;0;0;0;0;0;0;0;0;1342;0;0;126;0;122;0;
7949;2258275;1210933248;16207872;1395757056;0;0;0;0;0;0;0;0;0;0;0;1572;0;0;126;0;122;0;
7950;2458892;1210933248;16207872;1395757056;0;0;0;0;0;0;0;0;0;0;0;116308;0;0;126;0;122;0;
7951;2242355;1210933248;16207872;1395757056;0;0;0;0;0;0;0;0;0;0;0;1784;0;0;126;0;122;0;
7952;1891508;1210933248;16207872;1395757056;0;0;0;0;0;0;0;0;0;0;0;1553;0;0;126;0;122;0;
7953;5067483;1210933248;16207872;1395757056;0;0;0;0;0;0;0;0;0;0;0;2494;0;0;126;0;122;0;
7954;2826130;1210933248;16207872;1395757056;0;0;0;0;0;0;0;0;0;0;0;1673;0;0;126;0;122;0;
7955;2918273;1210933248;16207872;1395757056;0;0;0;0;0;0;0;0;0;0;0;2043;0;0;126;0;122;0;
7956;2964710;1210933248;16207872;1395757056;0;0;0;0;0;0;0;0;0;0;0;1893;0;0;126;0;122;0;
7957;2471715;1210933248;16207872;1395757056;0;0;0;0;0;0;0;0;0;0;0;1923;0;0;126;0;122;0;
7958;2145142;1210933248;16207872;1395757056;0;0;0;0;0;0;0;0;0;0;0;1834;0;0;126;0;122;0;
7959;5874507;1210933248;16207872;1395757056;0;0;0;0;0;0;0;0;0;0;0;6893;0;0;126;0;122;0;
7960;2819607;1210933248;16207872;1395757056;0;0;0;0;0;0;0;0;0;0;0;1773;0;0;126;0;122;0;
7961;2825048;1210933248;16207872;1395757056;0;0;0;0;0;0;0;0;0;0;0;1923;0;0;126;0;122;0;
7962;2572805;1210933248;16207872;1395757056;0;0;0;0;0;0;0;0;0;0;0;1804;0;0;126;0;122;0;
7963;2242546;1210933248;16207872;1395757056;0;0;0;0;0;0;0;0;0;0;0;1694;0;0;126;0;122;0;
7964;2178596;1210933248;16207872;1395757056;0;0;0;0;0;0;0;0;0;0;0;1413;0;0;126;0;122;0;
7965;5506527;1210933248;16207872;1395757056;0;0;0;0;0;0;0;0;0;0;0;2003;0;0;126;0;122;0;
7966;2813847;1210933248;16207872;1395757056;0;0;0;0;0;0;0;0;0;0;0;1903;0;0;126;0;122;0;
7967;2246824;1210933248;16207872;1395757056;0;0;0;0;0;0;0;0;0;0;0;1683;0;0;126;0;122;0;
7968;2351460;1210933248;16207872;1395757056;0;0;0;0;0;0;0;0;0;0;0;1623;0;0;126;0;122;0;
7969;2863029;1210933248;16207872;1395757056;0;0;0;0;0;0;0;0;0;0;0;1674;0;0;126;0;122;0;
7970;1998608;1210933248;16207872;1395757056;0;0;0;0;0;0;0;0;0;0;0;1893;0;0;126;0;122;0;
7971;5356165;1210933248;16207872;1395757056;0;0;0;0;0;0;0;0;0;0;0;2304;0;0;126;0;122;0;
7972;3468525;1210933248;16207872;1395757056;0;0;0;0;0;0;0;0;0;0;0;1643;0;0;126;0;122;0;
7973;1876019;1210933248;16207872;1395757056;0;0;0;0;0;0;0;0;0;0;0;1573;0;0;126;0;122;0;
7974;1382292;1210933248;16207872;1395757056;0;0;0;0;0;0;0;0;0;0;0;1583;0;0;126;0;122;0;
7975;3055871;1210933248;16207872;1395757056;0;0;0;0;0;0;0;0;0;0;0;1713;0;0;126;0;122;0;
7976;2555643;1210933248;16207872;1395757056;0;0;0;0;0;0;0;0;0;0;0;1774;0;0;126;0;122;0;
7977;5637542;1210933248;16207872;1395757056;0;0;0;0;0;0;0;0;0;0;0;2174;0;0;126;0;122;0;
7978;3071189;1210933248;16207872;1395757056;0;0;0;0;0;0;0;0;0;0;0;1553;0;0;126;0;122;0;
7979;3783646;1210933248;16207872;1395757056;0;0;0;0;0;0;0;0;0;0;0;1653;0;0;126;0;122;0;
7980;2238488;1210933248;16207872;1395757056;0;0;0;0;0;0;0;0;0;0;0;1673;0;0;126;0;122;0;
7981;2578395;1210933248;16207872;1395757056;0;0;0;0;0;0;0;0;0;0;0;1953;0;0;126;0;122;0;
7982;2964209;1210933248;16207872;1395757056;0;0;0;0;0;0;0;0;0;0;0;1543;0;0;126;0;122;0;
7983;6300936;1210933248;16207872;1395757056;0;0;0;0;0;0;0;0;0;0;0;2344;0;0;126;0;122;0;
7984;2904517;1210933248;16207872;1395757056;0;0;0;0;0;0;0;0;0;0;0;2384;0;0;126;0;122;0;
7985;2850726;1210933248;16207872;1395757056;0;0;0;0;0;0;0;0;0;0;0;1933;0;0;126;0;122;0;
7986;2598232;1210933248;16207872;1395757056;0;0;0;0;0;0;0;0;0;0;0;1704;0;0;126;0;122;0;
7987;2312366;1210933248;16207872;1395757056;0;0;0;0;0;0;0;0;0;0;0;1853;0;0;126;0;122;0;
7988;1646819;1210933248;16207872;1395757056;0;0;0;0;0;0;0;0;0;0;0;1764;0;0;126;0;122;0;
7989;5907870;1210933248;16207872;1395757056;0;0;0;0;0;0;0;0;0;0;0;2144;0;0;126;0;122;0;
7990;2323668;1210933248;16207872;1395757056;0;0;0;0;0;0;0;0;0;0;0;2033;0;0;126;0;122;0;
7991;2112141;1210933248;16207872;1395757056;0;0;0;0;0;0;0;0;0;0;0;1593;0;0;126;0;122;0;
7992;2345008;1210933248;16207872;1395757056;0;0;0;0;0;0;0;0;0;0;0;1784;0;0;126;0;122;0;
7993;3017589;1210933248;16207872;1395757056;0;0;0;0;0;0;0;0;0;0;0;1934;0;0;126;0;122;0;
7994;1706841;1210933248;16207872;1395757056;0;0;0;0;0;0;0;0;0;0;0;1723;0;0;126;0;122;0;
7995;5805938;1210933248;16207872;1395757056;0;0;0;0;0;0;0;0;0;0;0;1803;0;0;126;0;122;0;
7996;2269145;1210933248;16207872;1395757056;0;0;0;0;0;0;0;0;0;0;0;1694;0;0;126;0;122;0;
7997;3159756;1210933248;16207872;1395757056;0;0;0;0;0;0;0;0;0;0;0;2023;0;0;126;0;122;0;
7998;3611513;1210933248;16207872;1395757056;0;0;0;0;0;0;0;0;0;0;0;2215;0;0;126;0;122;0;
7999;2675207;1210933248;16207872;1395757056;0;0;0;0;0;0;0;0;0;0;0;1994;0;0;126;0;122;0;
8000;2175851;1210933248;16207872;1395757056;0;0;0;0;0;0;0;0;0;0;0;1784;0;0;126;0;122;0;
8001;5222043;1210933248;16207872;1395757056;0;0;0;0;0;0;0;0;0;0;0;2294;0;0;126;0;122;0;
8002;3586777;1210933248;16207872;1395757056;0;0;0;0;0;0;0;0;0;0;0;1933;0;0;126;0;122;0;
8003;3176577;1210933248;16207872;1395757056;0;0;0;0;0;0;0;0;0;0;0;2064;0;0;126;0;122;0;
8004;2721714;1210933248;16207872;1395757056;0;0;0;0;0;0;0;0;0;0;0;2054;0;0;126;0;122;0;
8005;2930697;1210933248;16207872;1395757056;0;0;0;0;0;0;0;0;0;0;0;1924;0;0;126;0;122;0;
8006;2029797;1210933248;16207872;1395757056;0;0;0;0;0;0;0;0;0;0;0;1924;0;0;126;0;122;0;
8007;5350715;1210933248;16207872;1395757056;0;0;0;0;0;0;0;0;0;0;0;2154;0;0;126;0;122;0;
8008;2922491;1210933248;16207872;1395757056;0;0;0;0;0;0;0;0;0;0;0;2274;0;0;126;0;122;0;
8009;3026455;1210933248;16207872;1395757056;0;0;0;0;0;0;0;0;0;0;0;8145;0;0;126;0;122;0;
8010;2460875;1210933248;16207872;1395757056;0;0;0;0;0;0;0;0;0;0;0;1883;0;0;126;0;122;0;
8011;2650390;1210933248;16207872;1395757056;0;0;0;0;0;0;0;0;0;0;0;2084;0;0;126;0;122;0;
8012;2045195;1210933248;16207872;1395757056;0;0;0;0;0;0;0;0;0;0;0;1542;0;0;126;0;122;0;
8013;5182188;1210933248;16207872;1395757056;0;0;0;0;0;0;0;0;0;0;0;2234;0;0;126;0;122;0;
8014;3040132;1210933248;16207872;1395757056;0;0;0;0;0;0;0;0;0;0;0;1643;0;0;126;0;122;0;
8015;2564940;1210933248;16207872;1395757056;0;0;0;0;0;0;0;0;0;0;0;1603;0;0;126;0;122;0;
8016;2086333;1210933248;16207872;1395757056;0;0;0;0;0;0;0;0;0;0;0;1572;0;0;126;0;122;0;
8017;3143555;1210933248;16207872;1395757056;0;0;0;0;0;0;0;0;0;0;0;1723;0;0;126;0;122;0;
8018;2003658;1210933248;16207872;1395757056;0;0;0;0;0;0;0;0;0;0;0;1803;0;0;126;0;122;0;
8019;5475799;1210933248;16207872;1395757056;0;0;0;0;0;0;0;0;0;0;0;1763;0;0;126;0;122;0;
8020;3163333;1210933248;16207872;1395757056;0;0;0;0;0;0;0;0;0;0;0;146384;0;0;126;0;122;0;
8021;3251828;1210933248;16207872;1395757056;0;0;0;0;0;0;0;0;0;0;0;1893;0;0;126;0;122;0;
8022;2344006;1210933248;16207872;1395757056;0;0;0;0;0;0;0;0;0;0;0;1784;0;0;126;0;122;0;
8023;2646112;1210933248;16207872;1395757056;0;0;0;0;0;0;0;0;0;0;0;1873;0;0;126;0;122;0;
8024;2374874;1210933248;16207872;1395757056;0;0;0;0;0;0;0;0;0;0;0;1994;0;0;126;0;122;0;
8025;7042738;1210933248;16207872;1395757056;0;0;0;0;0;0;0;0;0;0;0;1683;0;0;126;0;122;0;
8026;3169494;1210933248;16207872;1395757056;0;0;0;0;0;0;0;0;0;0;0;2134;0;0;126;0;122;0;
8027;2682400;1210933248;16207872;1395757056;0;0;0;0;0;0;0;0;0;0;0;1673;0;0;126;0;122;0;
8028;2490291;1210933248;16207872;1395757056;0;0;0;0;0;0;0;0;0;0;0;1233;0;0;126;0;122;0;
8029;2839745;1210933248;16207872;1395757056;0;0;0;0;0;0;0;0;0;0;0;1303;0;0;126;0;122;0;
8030;1923848;1210933248;16207872;1395757056;0;0;0;0;0;0;0;0;0;0;0;1773;0;0;126;0;122;0;
8031;6305555;1210933248;16207872;1395757056;0;0;0;0;0;0;0;0;0;0;0;1954;0;0;126;0;122;0;
8032;3165817;1210933248;16207872;1395757056;0;0;0;0;0;0;0;0;0;0;0;1763;0;0;126;0;122;0;
8033;4033916;1210933248;16207872;1395757056;0;0;0;0;0;0;0;0;0;0;0;1803;0;0;126;0;122;0;
8034;2046768;1210933248;16207872;1395757056;0;0;0;0;0;0;0;0;0;0;0;2274;0;0;126;0;122;0;
8035;2970741;1210933248;16207872;1395757056;0;0;0;0;0;0;0;0;0;0;0;1804;0;0;126;0;122;0;
8036;2400432;1210933248;16207872;1395757056;0;0;0;0;0;0;0;0;0;0;0;1824;0;0;126;0;122;0;
8037;6104588;1210933248;16207872;1395757056;0;0;0;0;0;0;0;0;0;0;0;2184;0;0;126;0;122;0;
8038;3063245;1210933248;16207872;1395757056;0;0;0;0;0;0;0;0;0;0;0;2174;0;0;126;0;122;0;
8039;2888807;1210933248;16207872;1395757056;0;0;0;0;0;0;0;0;0;0;0;2064;0;0;126;0;122;0;
8040;2326192;1210933248;16207872;1395757056;0;0;0;0;0;0;0;0;0;0;0;1844;0;0;126;0;122;0;
8041;2957667;1210933248;16207872;1395757056;0;0;0;0;0;0;0;0;0;0;0;1864;0;0;126;0;122;0;
8042;2376336;1210933248;16207872;1395757056;0;0;0;0;0;0;0;0;0;0;0;1803;0;0;126;0;122;0;
8043;5740946;1210933248;16207872;1395757056;0;0;0;0;0;0;0;0;0;0;0;2966;0;0;126;0;122;0;
8044;3441554;1210933248;16207872;1395757056;0;0;0;0;0;0;0;0;0;0;0;1933;0;0;126;0;122;0;
8045;3068775;1210933248;16207872;1395757056;0;0;0;0;0;0;0;0;0;0;0;1784;0;0;126;0;122;0;
8046;2130035;1210933248;16207872;1395757056;0;0;0;0;0;0;0;0;0;0;0;3326;0;0;126;0;122;0;
8047;3318644;1210933248;16207872;1395757056;0;0;0;0;0;0;0;0;0;0;0;3987;0;0;126;0;122;0;
8048;3306461;1210933248;16207872;1395757056;0;0;0;0;0;0;0;0;0;0;0;2775;0;0;126;0;122;0;
8049;6866417;1210933248;16207872;1395757056;0;0;0;0;0;0;0;0;0;0;0;2484;0;0;126;0;122;0;
8050;4047611;1210933248;16207872;1395757056;0;0;0;0;0;0;0;0;0;0;0;3076;0;0;126;0;122;0;
8051;4178386;1210933248;16207872;1395757056;0;0;0;0;0;0;0;0;0;0;0;2575;0;0;126;0;122;0;
8052;3007610;1210933248;16207872;1395757056;0;0;0;0;0;0;0;0;0;0;0;3236;0;0;126;0;122;0;
8053;5087020;1210933248;16207872;1395757056;0;0;0;0;0;0;0;0;0;0;0;3156;0;0;126;0;122;0;
8054;2347953;1210933248;16207872;1395757056;0;0;0;0;0;0;0;0;0;0;0;1603;0;0;126;0;122;0;
8055;5880889;1210933248;16207872;1395757056;0;0;0;0;0;0;0;0;0;0;0;1683;0;0;126;0;122;0;
8056;3088943;1210933248;16207872;1395757056;0;0;0;0;0;0;0;0;0;0;0;2364;0;0;126;0;122;0;
8057;2267042;1210933248;16207872;1395757056;0;0;0;0;0;0;0;0;0;0;0;1763;0;0;126;0;122;0;
8058;2550684;1210933248;16207872;1395757056;0;0;0;0;0;0;0;0;0;0;0;1903;0;0;126;0;122;0;
8059;3072592;1210933248;16207872;1395757056;0;0;0;0;0;0;0;0;0;0;0;1813;0;0;126;0;122;0;
8060;2194205;1210933248;16207872;1395757056;0;0;0;0;0;0;0;0;0;0;0;1693;0;0;126;0;122;0;
8061;5868836;1210933248;16207872;1395757056;0;0;0;0;0;0;0;0;0;0;0;1903;0;0;126;0;122;0;
8062;3222955;1210933248;16207872;1395757056;0;0;0;0;0;0;0;0;0;0;0;1773;0;0;126;0;122;0;
8063;2641324;1210933248;16207872;1395757056;0;0;0;0;0;0;0;0;0;0;0;2003;0;0;126;0;122;0;
8064;1967189;1210933248;16207872;1395757056;0;0;0;0;0;0;0;0;0;0;0;1553;0;0;126;0;122;0;
8065;2727715;1210933248;16207872;1395757056;0;0;0;0;0;0;0;0;0;0;0;1744;0;0;126;0;122;0;
8066;2156885;1210933248;16207872;1395757056;0;0;0;0;0;0;0;0;0;0;0;1813;0;0;126;0;122;0;
8067;6036250;1210933248;16207872;1395757056;0;0;0;0;0;0;0;0;0;0;0;2234;0;0;126;0;122;0;
8068;3272938;1210933248;16207872;1395757056;0;0;0;0;0;0;0;0;0;0;0;1863;0;0;126;0;122;0;
8069;3539248;1210933248;16207872;1395757056;0;0;0;0;0;0;0;0;0;0;0;2053;0;0;126;0;122;0;
8070;1824482;1210933248;16207872;1395757056;0;0;0;0;0;0;0;0;0;0;0;1893;0;0;126;0;122;0;
8071;3047174;1210933248;16207872;1395757056;0;0;0;0;0;0;0;0;0;0;0;2305;0;0;126;0;122;0;
8072;939322;1210933248;16207872;1395757056;0;0;0;0;0;0;0;0;0;0;0;1703;0;0;126;0;122;0;
8073;4621478;1210933248;16207872;1395757056;0;0;0;0;0;0;0;0;0;0;0;1984;0;0;126;0;122;0;
8074;3071380;1210933248;16207872;1395757056;0;0;0;0;0;0;0;0;0;0;0;1693;0;0;126;0;122;0;
8075;3052093;1210933248;16207872;1395757056;0;0;0;0;0;0;0;0;0;0;0;1513;0;0;126;0;122;0;
8076;2745218;1210933248;16207872;1395757056;0;0;0;0;0;0;0;0;0;0;0;1703;0;0;126;0;122;0;
8077;3118378;1210933248;16207872;1395757056;0;0;0;0;0;0;0;0;0;0;0;1703;0;0;126;0;122;0;
8078;3065599;1210933248;16207872;1395757056;0;0;0;0;0;0;0;0;0;0;0;1352;0;0;126;0;122;0;
8079;5682557;1210933248;16207872;1395757056;0;0;0;0;0;0;0;0;0;0;0;2174;0;0;126;0;122;0;
8080;3156289;1210933248;16207872;1395757056;0;0;0;0;0;0;0;0;0;0;0;1844;0;0;126;0;122;0;
8081;2538621;1210933248;16207872;1395757056;0;0;0;0;0;0;0;0;0;0;0;1523;0;0;126;0;122;0;
8082;2676019;1210933248;16207872;1395757056;0;0;0;0;0;0;0;0;0;0;0;1864;0;0;126;0;122;0;
8083;2687130;1210933248;16207872;1395757056;0;0;0;0;0;0;0;0;0;0;0;2054;0;0;126;0;122;0;
8084;2259828;1210933248;16207872;1395757056;0;0;0;0;0;0;0;0;0;0;0;1583;0;0;126;0;122;0;
8085;6004671;1210933248;16207872;1395757056;0;0;0;0;0;0;0;0;0;0;0;1984;0;0;126;0;122;0;
8086;3603769;1210933248;16207872;1395757056;0;0;0;0;0;0;0;0;0;0;0;3857;0;0;126;0;122;0;
8087;3746356;1210933248;16207872;1395757056;0;0;0;0;0;0;0;0;0;0;0;3176;0;0;126;0;122;0;
8088;3356304;1210933248;16207872;1395757056;0;0;0;0;0;0;0;0;0;0;0;2184;0;0;126;0;122;0;
8089;3523498;1210933248;16207872;1395757056;0;0;0;0;0;0;0;0;0;0;0;1763;0;0;126;0;122;0;
8090;2392627;1210933248;16207872;1395757056;0;0;0;0;0;0;0;0;0;0;0;1573;0;0;126;0;122;0;
8091;5202426;1210933248;16207872;1395757056;0;0;0;0;0;0;0;0;0;0;0;1603;0;0;126;0;122;0;
8092;3716961;1210933248;16207872;1395757056;0;0;0;0;0;0;0;0;0;0;0;23534;0;0;126;0;122;0;
8093;2647655;1210933248;16207872;1395757056;0;0;0;0;0;0;0;0;0;0;0;1754;0;0;126;0;122;0;
8094;2574548;1210933248;16207872;1395757056;0;0;0;0;0;0;0;0;0;0;0;2234;0;0;126;0;122;0;
8095;3228044;1210933248;16207872;1395757056;0;0;0;0;0;0;0;0;0;0;0;1663;0;0;126;0;122;0;
8096;2365856;1210933248;16207872;1395757056;0;0;0;0;0;0;0;0;0;0;0;1543;0;0;126;0;122;0;
8097;4403698;1210933248;16207872;1395757056;0;0;0;0;0;0;0;0;0;0;0;2174;0;0;126;0;122;0;
8098;1968001;1210933248;16207872;1395757056;0;0;0;0;0;0;0;0;0;0;0;2084;0;0;126;0;122;0;
8099;3618657;1210933248;16207872;1395757056;0;0;0;0;0;0;0;0;0;0;0;2093;0;0;126;0;122;0;
8100;1953754;1210933248;16207872;1395757056;0;0;0;0;0;0;0;0;0;0;0;1843;0;0;126;0;122;0;
8101;2768672;1210933248;16207872;1395757056;0;0;0;0;0;0;0;0;0;0;0;2264;0;0;126;0;122;0;
8102;2316314;1210933248;16207872;1395757056;0;0;0;0;0;0;0;0;0;0;0;1793;0;0;126;0;122;0;
8103;6123915;1210933248;16207872;1395757056;0;0;0;0;0;0;0;0;0;0;0;2404;0;0;126;0;122;0;
8104;3007751;1210933248;16207872;1395757056;0;0;0;0;0;0;0;0;0;0;0;1924;0;0;126;0;122;0;
8105;3176347;1210933248;16207872;1395757056;0;0;0;0;0;0;0;0;0;0;0;2034;0;0;126;0;122;0;
8106;2824517;1210933248;16207872;1395757056;0;0;0;0;0;0;0;0;0;0;0;1833;0;0;126;0;122;0;
8107;2747232;1210933248;16207872;1395757056;0;0;0;0;0;0;0;0;0;0;0;1603;0;0;126;0;122;0;
8108;2368993;1210933248;16207872;1395757056;0;0;0;0;0;0;0;0;0;0;0;1613;0;0;126;0;122;0;
8109;5861923;1210933248;16207872;1395757056;0;0;0;0;0;0;0;0;0;0;0;2074;0;0;126;0;122;0;
8110;3061201;1210933248;16207872;1395757056;0;0;0;0;0;0;0;0;0;0;0;1623;0;0;126;0;122;0;
8111;2709271;1210933248;16207872;1395757056;0;0;0;0;0;0;0;0;0;0;0;1613;0;0;126;0;122;0;
8112;2507302;1210933248;16207872;1395757056;0;0;0;0;0;0;0;0;0;0;0;1783;0;0;126;0;122;0;
8113;2132630;1210933248;16207872;1395757056;0;0;0;0;0;0;0;0;0;0;0;1944;0;0;126;0;122;0;
8114;2346100;1210933248;16207872;1395757056;0;0;0;0;0;0;0;0;0;0;0;43622;0;0;126;0;122;0;
8115;5618216;1210933248;16207872;1395757056;0;0;0;0;0;0;0;0;0;0;0;2215;0;0;126;0;122;0;
8116;3234947;1210933248;16207872;1395757056;0;0;0;0;0;0;0;0;0;0;0;1733;0;0;126;0;122;0;
8117;2442892;1210933248;16207872;1395757056;0;0;0;0;0;0;0;0;0;0;0;1653;0;0;126;0;122;0;
8118;2840467;1210933248;16207872;1395757056;0;0;0;0;0;0;0;0;0;0;0;1733;0;0;126;0;122;0;
8119;2977474;1210933248;16207872;1395757056;0;0;0;0;0;0;0;0;0;0;0;1804;0;0;126;0;122;0;
8120;1263960;1210933248;16207872;1395757056;0;0;0;0;0;0;0;0;0;0;0;1613;0;0;126;0;122;0;
8121;4897575;1210933248;16207872;1395757056;0;0;0;0;0;0;0;0;0;0;0;1884;0;0;126;0;122;0;
8122;3357416;1210933248;16207872;1395757056;0;0;0;0;0;0;0;0;0;0;0;1603;0;0;126;0;122;0;
8123;2485812;1210933248;16207872;1395757056;0;0;0;0;0;0;0;0;0;0;0;1573;0;0;126;0;122;0;
8124;2181001;1210933248;16207872;1395757056;0;0;0;0;0;0;0;0;0;0;0;1723;0;0;126;0;122;0;
8125;3142514;1210933248;16207872;1395757056;0;0;0;0;0;0;0;0;0;0;0;1854;0;0;126;0;122;0;
8126;1732519;1210933248;16207872;1395757056;0;0;0;0;0;0;0;0;0;0;0;2264;0;0;126;0;122;0;
8127;5721991;1210933248;16207872;1395757056;0;0;0;0;0;0;0;0;0;0;0;2074;0;0;126;0;122;0;
8128;2867778;1210933248;16207872;1395757056;0;0;0;0;0;0;0;0;0;0;0;1653;0;0;126;0;122;0;
8129;3184752;1210933248;16207872;1395757056;0;0;0;0;0;0;0;0;0;0;0;1823;0;0;126;0;122;0;
8130;1945889;1210933248;16207872;1395757056;0;0;0;0;0;0;0;0;0;0;0;1754;0;0;126;0;122;0;
8131;3056291;1210933248;16207872;1395757056;0;0;0;0;0;0;0;0;0;0;0;1643;0;0;126;0;122;0;
8132;1432777;1210933248;16207872;1395757056;0;0;0;0;0;0;0;0;0;0;0;1603;0;0;126;0;122;0;
8133;6211419;1210933248;16207872;1395757056;0;0;0;0;0;0;0;0;0;0;0;1914;0;0;126;0;122;0;
8134;2981422;1210933248;16207872;1395757056;0;0;0;0;0;0;0;0;0;0;0;1573;0;0;126;0;122;0;
8135;3909481;1210933248;16207872;1395757056;0;0;0;0;0;0;0;0;0;0;0;1943;0;0;126;0;122;0;
8136;2958528;1210933248;16207872;1395757056;0;0;0;0;0;0;0;0;0;0;0;2264;0;0;126;0;122;0;
8137;2478889;1210933248;16207872;1395757056;0;0;0;0;0;0;0;0;0;0;0;1804;0;0;126;0;122;0;
8138;2334098;1210933248;16207872;1395757056;0;0;0;0;0;0;0;0;0;0;0;1674;0;0;126;0;122;0;
8139;5839922;1210933248;16207872;1395757056;0;0;0;0;0;0;0;0;0;0;0;2114;0;0;126;0;122;0;
8140;2787237;1210933248;16207872;1395757056;0;0;0;0;0;0;0;0;0;0;0;1873;0;0;126;0;122;0;
8141;2469461;1210933248;16207872;1395757056;0;0;0;0;0;0;0;0;0;0;0;1703;0;0;126;0;122;0;
8142;2374953;1210933248;16207872;1395757056;0;0;0;0;0;0;0;0;0;0;0;1513;0;0;126;0;122;0;
8143;3310598;1210933248;16207872;1395757056;0;0;0;0;0;0;0;0;0;0;0;1823;0;0;126;0;122;0;
8144;1918268;1210933248;16207872;1395757056;0;0;0;0;0;0;0;0;0;0;0;2064;0;0;126;0;122;0;
8145;6209997;1210933248;16207872;1395757056;0;0;0;0;0;0;0;0;0;0;0;1753;0;0;126;0;122;0;
8146;3209729;1210933248;16207872;1395757056;0;0;0;0;0;0;0;0;0;0;0;1984;0;0;126;0;122;0;
8147;8157118;1210933248;16207872;1395757056;0;0;0;0;0;0;0;0;0;0;0;1783;0;0;126;0;122;0;
8148;2494859;1210933248;16207872;1395757056;0;0;0;0;0;0;0;0;0;0;0;3336;0;0;126;0;122;0;
8149;4117392;1210933248;16207872;1395757056;0;0;0;0;0;0;0;0;0;0;0;2445;0;0;126;0;122;0;
8150;3365672;1210933248;16207872;1395757056;0;0;0;0;0;0;0;0;0;0;0;1743;0;0;126;0;122;0;
8151;6223492;1210933248;16207872;1395757056;0;0;0;0;0;0;0;0;0;0;0;1733;0;0;126;0;122;0;
8152;3671746;1210933248;16207872;1395757056;0;0;0;0;0;0;0;0;0;0;0;1713;0;0;126;0;122;0;
8153;3023330;1210933248;16207872;1395757056;0;0;0;0;0;0;0;0;0;0;0;2004;0;0;126;0;122;0;
8154;2904467;1210933248;16207872;1395757056;0;0;0;0;0;0;0;0;0;0;0;1593;0;0;126;0;122;0;
8155;2776297;1210933248;16207872;1395757056;0;0;0;0;0;0;0;0;0;0;0;1603;0;0;126;0;122;0;
8156;3018882;1210933248;16207872;1395757056;0;0;0;0;0;0;0;0;0;0;0;23895;0;0;126;0;122;0;
8157;4958228;1210933248;16207872;1395757056;0;0;0;0;0;0;0;0;0;0;0;1413;0;0;126;0;122;0;
8158;3724696;1210933248;16207872;1395757056;0;0;0;0;0;0;0;0;0;0;0;1804;0;0;126;0;122;0;
8159;3234315;1210933248;16207872;1395757056;0;0;0;0;0;0;0;0;0;0;0;1993;0;0;126;0;122;0;
8160;2715823;1210933248;16207872;1395757056;0;0;0;0;0;0;0;0;0;0;0;2074;0;0;126;0;122;0;
8161;2769784;1210933248;16207872;1395757056;0;0;0;0;0;0;0;0;0;0;0;1713;0;0;126;0;122;0;
8162;2821642;1210933248;16207872;1395757056;0;0;0;0;0;0;0;0;0;0;0;1533;0;0;126;0;122;0;
8163;6030179;1210933248;16207872;1395757056;0;0;0;0;0;0;0;0;0;0;0;1954;0;0;126;0;122;0;
8164;3111555;1210933248;16207872;1395757056;0;0;0;0;0;0;0;0;0;0;0;1262;0;0;126;0;122;0;
8165;2138150;1210933248;16207872;1395757056;0;0;0;0;0;0;0;0;0;0;0;1653;0;0;126;0;122;0;
8166;2670418;1210933248;16207872;1395757056;0;0;0;0;0;0;0;0;0;0;0;1994;0;0;126;0;122;0;
8167;3091617;1210933248;16207872;1395757056;0;0;0;0;0;0;0;0;0;0;0;1943;0;0;126;0;122;0;
8168;2926929;1210933248;16207872;1395757056;0;0;0;0;0;0;0;0;0;0;0;85130;0;0;126;0;122;0;
8169;5545159;1210933248;16207872;1395757056;0;0;0;0;0;0;0;0;0;0;0;1894;0;0;126;0;122;0;
8170;3012669;1210933248;16207872;1395757056;0;0;0;0;0;0;0;0;0;0;0;1944;0;0;126;0;122;0;
8171;3069156;1210933248;16207872;1395757056;0;0;0;0;0;0;0;0;0;0;0;1763;0;0;126;0;122;0;
8172;2823816;1210933248;16207872;1395757056;0;0;0;0;0;0;0;0;0;0;0;2174;0;0;126;0;122;0;
8173;2021421;1210933248;16207872;1395757056;0;0;0;0;0;0;0;0;0;0;0;2114;0;0;126;0;122;0;
8174;2067417;1210933248;16207872;1395757056;0;0;0;0;0;0;0;0;0;0;0;1774;0;0;126;0;122;0;
8175;5626983;1210933248;16207872;1395757056;0;0;0;0;0;0;0;0;0;0;0;2214;0;0;126;0;122;0;
8176;3750905;1210933248;16207872;1395757056;0;0;0;0;0;0;0;0;0;0;0;2204;0;0;126;0;122;0;
8177;3070499;1210933248;16207872;1395757056;0;0;0;0;0;0;0;0;0;0;0;1673;0;0;126;0;122;0;
8178;3045091;1210933248;16207872;1395757056;0;0;0;0;0;0;0;0;0;0;0;1603;0;0;126;0;122;0;
8179;3355323;1210933248;16207872;1395757056;0;0;0;0;0;0;0;0;0;0;0;1773;0;0;126;0;122;0;
8180;1628685;1210933248;16207872;1395757056;0;0;0;0;0;0;0;0;0;0;0;1773;0;0;126;0;122;0;
8181;5614299;1210933248;16207872;1395757056;0;0;0;0;0;0;0;0;0;0;0;1844;0;0;126;0;122;0;
8182;3357907;1210933248;16207872;1395757056;0;0;0;0;0;0;0;0;0;0;0;1873;0;0;126;0;122;0;
8183;2152227;1210933248;16207872;1395757056;0;0;0;0;0;0;0;0;0;0;0;1443;0;0;126;0;122;0;
8184;2413456;1210933248;16207872;1395757056;0;0;0;0;0;0;0;0;0;0;0;2063;0;0;126;0;122;0;
8185;2921088;1210933248;16207872;1395757056;0;0;0;0;0;0;0;0;0;0;0;1794;0;0;126;0;122;0;
8186;2311786;1210933248;16207872;1395757056;0;0;0;0;0;0;0;0;0;0;0;1773;0;0;126;0;122;0;
8187;5874868;1210933248;16207872;1395757056;0;0;0;0;0;0;0;0;0;0;0;1513;0;0;126;0;122;0;
8188;2299933;1210933248;16207872;1395757056;0;0;0;0;0;0;0;0;0;0;0;1543;0;0;126;0;122;0;
8189;3048477;1210933248;16207872;1395757056;0;0;0;0;0;0;0;0;0;0;0;1513;0;0;126;0;122;0;
8190;1968983;1210933248;16207872;1395757056;0;0;0;0;0;0;0;0;0;0;0;1913;0;0;126;0;122;0;
8191;2928692;1210933248;16207872;1395757056;0;0;0;0;0;0;0;0;0;0;0;1673;0;0;126;0;122;0;
8192;2834957;1210933248;16207872;1395757056;0;0;0;0;0;0;0;0;0;0;0;1583;0;0;126;0;122;0;
8193;5562682;1210933248;16207872;1395757056;0;0;0;0;0;0;0;0;0;0;0;2044;0;0;126;0;122;0;
8194;2743926;1210933248;16207872;1395757056;0;0;0;0;0;0;0;0;0;0;0;2134;0;0;126;0;122;0;
8195;3754040;1210933248;16207872;1395757056;0;0;0;0;0;0;0;0;0;0;0;1873;0;0;126;0;122;0;
8196;2643057;1210933248;16207872;1395757056;0;0;0;0;0;0;0;0;0;0;0;2034;0;0;126;0;122;0;
8197;2944913;1210933248;16207872;1395757056;0;0;0;0;0;0;0;0;0;0;0;2164;0;0;126;0;122;0;
8198;1553834;1210933248;16207872;1395757056;0;0;0;0;0;0;0;0;0;0;0;1824;0;0;126;0;122;0;
8199;5726369;1210933248;16207872;1395757056;0;0;0;0;0;0;0;0;0;0;0;1973;0;0;126;0;122;0;
8200;2604684;1210933248;16207872;1395757056;0;0;0;0;0;0;0;0;0;0;0;24266;0;0;126;0;122;0;
8201;2423394;1210933248;16207872;1395757056;0;0;0;0;0;0;0;0;0;0;0;1743;0;0;126;0;122;0;
8202;2807355;1210933248;16207872;1395757056;0;0;0;0;0;0;0;0;0;0;0;1463;0;0;126;0;122;0;
8203;2695645;1210933248;16207872;1395757056;0;0;0;0;0;0;0;0;0;0;0;1973;0;0;126;0;122;0;
8204;2347863;1210933248;16207872;1395757056;0;0;0;0;0;0;0;0;0;0;0;1643;0;0;126;0;122;0;
8205;5654154;1210933248;16207872;1395757056;0;0;0;0;0;0;0;0;0;0;0;1773;0;0;126;0;122;0;
8206;2332624;1210933248;16207872;1395757056;0;0;0;0;0;0;0;0;0;0;0;2034;0;0;126;0;122;0;
8207;2788609;1210933248;16207872;1395757056;0;0;0;0;0;0;0;0;0;0;0;1393;0;0;126;0;122;0;
8208;3156059;1210933248;16207872;1395757056;0;0;0;0;0;0;0;0;0;0;0;1843;0;0;126;0;122;0;
8209;2341481;1210933248;16207872;1395757056;0;0;0;0;0;0;0;0;0;0;0;1953;0;0;126;0;122;0;
8210;2716424;1210933248;16207872;1395757056;0;0;0;0;0;0;0;0;0;0;0;1764;0;0;126;0;122;0;
8211;5056263;1210933248;16207872;1395757056;0;0;0;0;0;0;0;0;0;0;0;2434;0;0;126;0;122;0;
8212;2636714;1210933248;16207872;1395757056;0;0;0;0;0;0;0;0;0;0;0;1643;0;0;126;0;122;0;
8213;2548609;1210933248;16207872;1395757056;0;0;0;0;0;0;0;0;0;0;0;1994;0;0;126;0;122;0;
8214;2474681;1210933248;16207872;1395757056;0;0;0;0;0;0;0;0;0;0;0;2294;0;0;126;0;122;0;
8215;3373737;1210933248;16207872;1395757056;0;0;0;0;0;0;0;0;0;0;0;1923;0;0;126;0;122;0;
8216;1821175;1210933248;16207872;1395757056;0;0;0;0;0;0;0;0;0;0;0;1683;0;0;126;0;122;0;
8217;5912518;1210933248;16207872;1395757056;0;0;0;0;0;0;0;0;0;0;0;2034;0;0;126;0;122;0;
8218;3129690;1210933248;16207872;1395757056;0;0;0;0;0;0;0;0;0;0;0;1954;0;0;126;0;122;0;
8219;3283889;1210933248;16207872;1395757056;0;0;0;0;0;0;0;0;0;0;0;1393;0;0;126;0;122;0;
8220;2292640;1210933248;16207872;1395757056;0;0;0;0;0;0;0;0;0;0;0;1513;0;0;126;0;122;0;
8221;2545323;1210933248;16207872;1395757056;0;0;0;0;0;0;0;0;0;0;0;1853;0;0;126;0;122;0;
8222;2414939;1210933248;16207872;1395757056;0;0;0;0;0;0;0;0;0;0;0;1723;0;0;126;0;122;0;
8223;4984889;1210933248;16207872;1395757056;0;0;0;0;0;0;0;0;0;0;0;2063;0;0;126;0;122;0;
8224;4168187;1210933248;16207872;1395757056;0;0;0;0;0;0;0;0;0;0;0;2094;0;0;126;0;122;0;
8225;2581211;1210933248;16207872;1395757056;0;0;0;0;0;0;0;0;0;0;0;1944;0;0;126;0;122;0;
8226;2080411;1210933248;16207872;1395757056;0;0;0;0;0;0;0;0;0;0;0;1522;0;0;126;0;122;0;
8227;2310743;1210933248;16207872;1395757056;0;0;0;0;0;0;0;0;0;0;0;1733;0;0;126;0;122;0;
8228;2625824;1210933248;16207872;1395757056;0;0;0;0;0;0;0;0;0;0;0;1904;0;0;126;0;122;0;
8229;5156230;1210933248;16207872;1395757056;0;0;0;0;0;0;0;0;0;0;0;1814;0;0;126;0;122;0;
8230;4160462;1210933248;16207872;1395757056;0;0;0;0;0;0;0;0;0;0;0;1924;0;0;126;0;122;0;
8231;2528992;1210933248;16207872;1395757056;0;0;0;0;0;0;0;0;0;0;0;1653;0;0;126;0;122;0;
8232;2268835;1210933248;16207872;1395757056;0;0;0;0;0;0;0;0;0;0;0;1583;0;0;126;0;122;0;
8233;3471851;1210933248;16207872;1395757056;0;0;0;0;0;0;0;0;0;0;0;2094;0;0;126;0;122;0;
8234;2363963;1210933248;16207872;1395757056;0;0;0;0;0;0;0;0;0;0;0;1733;0;0;126;0;122;0;
8235;6017034;1210933248;16207872;1395757056;0;0;0;0;0;0;0;0;0;0;0;1903;0;0;126;0;122;0;
8236;3364369;1210933248;16207872;1395757056;0;0;0;0;0;0;0;0;0;0;0;2104;0;0;126;0;122;0;
8237;2740159;1210933248;16207872;1395757056;0;0;0;0;0;0;0;0;0;0;0;1743;0;0;126;0;122;0;
8238;2011663;1210933248;16207872;1395757056;0;0;0;0;0;0;0;0;0;0;0;1634;0;0;126;0;122;0;
8239;3449079;1210933248;16207872;1395757056;0;0;0;0;0;0;0;0;0;0;0;209493;0;0;126;0;122;0;
8240;2573567;1210933248;16207872;1395757056;0;0;0;0;0;0;0;0;0;0;0;1593;0;0;126;0;122;0;
8241;4810702;1210933248;16207872;1395757056;0;0;0;0;0;0;0;0;0;0;0;2064;0;0;126;0;122;0;
8242;2488968;1210933248;16207872;1395757056;0;0;0;0;0;0;0;0;0;0;0;1804;0;0;126;0;122;0;
8243;2913214;1210933248;16207872;1395757056;0;0;0;0;0;0;0;0;0;0;0;1422;0;0;126;0;122;0;
8244;2024477;1210933248;16207872;1395757056;0;0;0;0;0;0;0;0;0;0;0;1893;0;0;126;0;122;0;
8245;3238724;1210933248;16207872;1395757056;0;0;0;0;0;0;0;0;0;0;0;1843;0;0;126;0;122;0;
8246;2601710;1210933248;16207872;1395757056;0;0;0;0;0;0;0;0;0;0;0;1633;0;0;126;0;122;0;
8247;5639106;1210933248;16207872;1395757056;0;0;0;0;0;0;0;0;0;0;0;1763;0;0;126;0;122;0;
8248;2848812;1210933248;16207872;1395757056;0;0;0;0;0;0;0;0;0;0;0;1703;0;0;126;0;122;0;
8249;3537965;1210933248;16207872;1395757056;0;0;0;0;0;0;0;0;0;0;0;1553;0;0;126;0;122;0;
8250;2533542;1210933248;16207872;1395757056;0;0;0;0;0;0;0;0;0;0;0;1613;0;0;126;0;122;0;
8251;2993354;1210933248;16207872;1395757056;0;0;0;0;0;0;0;0;0;0;0;105117;0;0;126;0;122;0;
8252;1882832;1210933248;16207872;1395757056;0;0;0;0;0;0;0;0;0;0;0;1343;0;0;126;0;122;0;
8253;6169871;1210933248;16207872;1395757056;0;0;0;0;0;0;0;0;0;0;0;1984;0;0;126;0;122;0;
8254;3230900;1210933248;16207872;1395757056;0;0;0;0;0;0;0;0;0;0;0;1613;0;0;126;0;122;0;
8255;3194781;1210933248;16207872;1395757056;0;0;0;0;0;0;0;0;0;0;0;1713;0;0;126;0;122;0;
8256;2193163;1210933248;16207872;1395757056;0;0;0;0;0;0;0;0;0;0;0;1774;0;0;126;0;122;0;
8257;3143525;1210933248;16207872;1395757056;0;0;0;0;0;0;0;0;0;0;0;1272;0;0;126;0;122;0;
8258;1976647;1210933248;16207872;1395757056;0;0;0;0;0;0;0;0;0;0;0;1443;0;0;126;0;122;0;
8259;6165002;1210933248;16207872;1395757056;0;0;0;0;0;0;0;0;0;0;0;1583;0;0;126;0;122;0;
8260;3384397;1210933248;16207872;1395757056;0;0;0;0;0;0;0;0;0;0;0;1883;0;0;126;0;122;0;
8261;3306170;1210933248;16207872;1395757056;0;0;0;0;0;0;0;0;0;0;0;1723;0;0;126;0;122;0;
8262;2256081;1210933248;16207872;1395757056;0;0;0;0;0;0;0;0;0;0;0;1733;0;0;126;0;122;0;
8263;2969770;1210933248;16207872;1395757056;0;0;0;0;0;0;0;0;0;0;0;1934;0;0;126;0;122;0;
8264;1906576;1210933248;16207872;1395757056;0;0;0;0;0;0;0;0;0;0;0;1683;0;0;126;0;122;0;
8265;5702244;1210933248;16207872;1395757056;0;0;0;0;0;0;0;0;0;0;0;1964;0;0;126;0;122;0;
8266;3144377;1210933248;16207872;1395757056;0;0;0;0;0;0;0;0;0;0;0;1663;0;0;126;0;122;0;
8267;3036364;1210933248;16207872;1395757056;0;0;0;0;0;0;0;0;0;0;0;1523;0;0;126;0;122;0;
8268;1987768;1210933248;16207872;1395757056;0;0;0;0;0;0;0;0;0;0;0;1523;0;0;126;0;122;0;
8269;3345775;1210933248;16207872;1395757056;0;0;0;0;0;0;0;0;0;0;0;1733;0;0;126;0;122;0;
8270;1958513;1210933248;16207872;1395757056;0;0;0;0;0;0;0;0;0;0;0;1522;0;0;126;0;122;0;
8271;5914593;1210933248;16207872;1395757056;0;0;0;0;0;0;0;0;0;0;0;1984;0;0;126;0;122;0;
8272;3101576;1210933248;16207872;1395757056;0;0;0;0;0;0;0;0;0;0;0;1874;0;0;126;0;122;0;
8273;3822549;1210933248;16207872;1395757056;0;0;0;0;0;0;0;0;0;0;0;1964;0;0;126;0;122;0;
8274;3234095;1210933248;16207872;1395757056;0;0;0;0;0;0;0;0;0;0;0;2454;0;0;126;0;122;0;
8275;3850321;1210933248;16207872;1395757056;0;0;0;0;0;0;0;0;0;0;0;2234;0;0;126;0;122;0;
8276;2545745;1210933248;16207872;1395757056;0;0;0;0;0;0;0;0;0;0;0;1943;0;0;126;0;122;0;
8277;5695772;1210933248;16207872;1395757056;0;0;0;0;0;0;0;0;0;0;0;2124;0;0;126;0;122;0;
8278;3156630;1210933248;16207872;1395757056;0;0;0;0;0;0;0;0;0;0;0;3206;0;0;126;0;122;0;
8279;5826567;1210933248;16207872;1395757056;0;0;0;0;0;0;0;0;0;0;0;3317;0;0;126;0;122;0;
8280;3008973;1210933248;16207872;1395757056;0;0;0;0;0;0;0;0;0;0;0;3006;0;0;126;0;122;0;
8281;5435614;1210933248;16207872;1395757056;0;0;0;0;0;0;0;0;0;0;0;2444;0;0;126;0;122;0;
8282;4140094;1210933248;16207872;1395757056;0;0;0;0;0;0;0;0;0;0;0;2074;0;0;126;0;122;0;
8283;6448634;1210933248;16207872;1395757056;0;0;0;0;0;0;0;0;0;0;0;2635;0;0;126;0;122;0;
8284;2914626;1210933248;16207872;1395757056;0;0;0;0;0;0;0;0;0;0;0;1984;0;0;126;0;122;0;
8285;3609829;1210933248;16207872;1395757056;0;0;0;0;0;0;0;0;0;0;0;1943;0;0;126;0;122;0;
8286;1739523;1210933248;16207872;1395757056;0;0;0;0;0;0;0;0;0;0;0;152726;0;0;126;0;122;0;
8287;2713048;1210933248;16207872;1395757056;0;0;0;0;0;0;0;0;0;0;0;2084;0;0;126;0;122;0;
8288;1967480;1210933248;16207872;1395757056;0;0;0;0;0;0;0;0;0;0;0;1764;0;0;126;0;122;0;
8289;6281720;1210933248;16207872;1395757056;0;0;0;0;0;0;0;0;0;0;0;3136;0;0;126;0;122;0;
8290;4002456;1210933248;16207872;1395757056;0;0;0;0;0;0;0;0;0;0;0;3456;0;0;126;0;122;0;
8291;4142579;1210933248;16207872;1395757056;0;0;0;0;0;0;0;0;0;0;0;2976;0;0;126;0;122;0;
8292;2882366;1210933248;16207872;1395757056;0;0;0;0;0;0;0;0;0;0;0;2725;0;0;126;0;122;0;
8293;4153529;1210933248;16207872;1395757056;0;0;0;0;0;0;0;0;0;0;0;2875;0;0;126;0;122;0;
8294;3199631;1210933248;16207872;1395757056;0;0;0;0;0;0;0;0;0;0;0;2675;0;0;126;0;122;0;
8295;8791277;1210933248;16207872;1395757056;0;0;0;0;0;0;0;0;0;0;0;2975;0;0;126;0;122;0;
8296;6309994;1210933248;16207872;1395757056;0;0;0;0;0;0;0;0;0;0;0;3977;0;0;126;0;122;0;
8297;5811619;1210933248;16207872;1395757056;0;0;0;0;0;0;0;0;0;0;0;2996;0;0;126;0;122;0;
8298;3981416;1210933248;16207872;1395757056;0;0;0;0;0;0;0;0;0;0;0;2845;0;0;126;0;122;0;
8299;3680752;1210933248;16207872;1395757056;0;0;0;0;0;0;0;0;0;0;0;2946;0;0;126;0;122;0;
8300;3814945;1210933248;16207872;1395757056;0;0;0;0;0;0;0;0;0;0;0;3296;0;0;126;0;122;0;
8301;13022452;1210933248;16207872;1395757056;0;0;0;0;0;0;0;0;0;0;0;4489;0;0;126;0;122;0;
8302;3546290;1210933248;16207872;1395757056;0;0;0;0;0;0;0;0;0;0;0;2535;0;0;126;0;122;0;
8303;3886789;1210933248;16207872;1395757056;0;0;0;0;0;0;0;0;0;0;0;2234;0;0;126;0;122;0;
8304;3744833;1210933248;16207872;1395757056;0;0;0;0;0;0;0;0;0;0;0;2745;0;0;126;0;122;0;
8305;3445792;1210933248;16207872;1395757056;0;0;0;0;0;0;0;0;0;0;0;2825;0;0;126;0;122;0;
8306;2026711;1210933248;16207872;1395757056;0;0;0;0;0;0;0;0;0;0;0;2465;0;0;126;0;122;0;
8307;7399708;1210933248;16207872;1395757056;0;0;0;0;0;0;0;0;0;0;0;3046;0;0;126;0;122;0;
8308;2571432;1210933248;16207872;1395757056;0;0;0;0;0;0;0;0;0;0;0;1974;0;0;126;0;122;0;
8309;2311795;1210933248;16207872;1395757056;0;0;0;0;0;0;0;0;0;0;0;1773;0;0;126;0;122;0;
8310;3290091;1210933248;16207872;1395757056;0;0;0;0;0;0;0;0;0;0;0;2585;0;0;126;0;122;0;
8311;4011713;1210933248;16207872;1395757056;0;0;0;0;0;0;0;0;0;0;0;3316;0;0;126;0;122;0;
8312;3204109;1210933248;16207872;1395757056;0;0;0;0;0;0;0;0;0;0;0;1813;0;0;126;0;122;0;
8313;6100351;1210933248;16207872;1395757056;0;0;0;0;0;0;0;0;0;0;0;2735;0;0;126;0;122;0;
8314;3658792;1210933248;16207872;1395757056;0;0;0;0;0;0;0;0;0;0;0;2575;0;0;126;0;122;0;
8315;3102378;1210933248;16207872;1395757056;0;0;0;0;0;0;0;0;0;0;0;1924;0;0;126;0;122;0;
8316;3257710;1210933248;16207872;1395757056;0;0;0;0;0;0;0;0;0;0;0;3376;0;0;126;0;122;0;
8317;3979112;1210933248;16207872;1395757056;0;0;0;0;0;0;0;0;0;0;0;2925;0;0;126;0;122;0;
8318;3152351;1210933248;16207872;1395757056;0;0;0;0;0;0;0;0;0;0;0;2154;0;0;126;0;122;0;
8319;7122507;1210933248;16207872;1395757056;0;0;0;0;0;0;0;0;0;0;0;2585;0;0;126;0;122;0;
8320;3974313;1210933248;16207872;1395757056;0;0;0;0;0;0;0;0;0;0;0;2564;0;0;126;0;122;0;
8321;2743815;1210933248;16207872;1395757056;0;0;0;0;0;0;0;0;0;0;0;1974;0;0;126;0;122;0;
8322;3763478;1210933248;16207872;1395757056;0;0;0;0;0;0;0;0;0;0;0;3196;0;0;126;0;122;0;
8323;3822188;1210933248;16207872;1395757056;0;0;0;0;0;0;0;0;0;0;0;2845;0;0;126;0;122;0;
8324;2763383;1210933248;16207872;1395757056;0;0;0;0;0;0;0;0;0;0;0;2124;0;0;126;0;122;0;
8325;6689746;1210933248;16207872;1395757056;0;0;0;0;0;0;0;0;0;0;0;3667;0;0;126;0;122;0;
8326;4001755;1210933248;16207872;1395757056;0;0;0;0;0;0;0;0;0;0;0;2785;0;0;126;0;122;0;
8327;3064898;1210933248;16207872;1395757056;0;0;0;0;0;0;0;0;0;0;0;1903;0;0;126;0;122;0;
8328;3698075;1210933248;16207872;1395757056;0;0;0;0;0;0;0;0;0;0;0;3336;0;0;126;0;122;0;
8329;4616939;1210933248;16207872;1395757056;0;0;0;0;0;0;0;0;0;0;0;3106;0;0;126;0;122;0;
8330;3639445;1210933248;16207872;1395757056;0;0;0;0;0;0;0;0;0;0;0;2355;0;0;126;0;122;0;
8331;7551733;1210933248;16207872;1395757056;0;0;0;0;0;0;0;0;0;0;0;3196;0;0;126;0;122;0;
8332;3893101;1210933248;16207872;1395757056;0;0;0;0;0;0;0;0;0;0;0;2435;0;0;126;0;122;0;
8333;4484710;1210933248;16207872;1395757056;0;0;0;0;0;0;0;0;0;0;0;3337;0;0;126;0;122;0;
8334;2913514;1210933248;16207872;1395757056;0;0;0;0;0;0;0;0;0;0;0;3407;0;0;126;0;122;0;
8335;4614835;1210933248;16207872;1395757056;0;0;0;0;0;0;0;0;0;0;0;3206;0;0;126;0;122;0;
8336;4261532;1210933248;16207872;1395757056;0;0;0;0;0;0;0;0;0;0;0;3095;0;0;126;0;122;0;
8337;7542265;1210933248;16207872;1395757056;0;0;0;0;0;0;0;0;0;0;0;3206;0;0;126;0;122;0;
8338;6942360;1210933248;16207872;1395757056;0;0;0;0;0;0;0;0;0;0;0;2805;0;0;126;0;122;0;
8339;4270158;1210933248;16207872;1395757056;0;0;0;0;0;0;0;0;0;0;0;2845;0;0;126;0;122;0;
8340;3299097;1210933248;16207872;1395757056;0;0;0;0;0;0;0;0;0;0;0;3747;0;0;126;0;122;0;
8341;3786381;1210933248;16207872;1395757056;0;0;0;0;0;0;0;0;0;0;0;3727;0;0;126;0;122;0;
8342;4065594;1210933248;16207872;1395757056;0;0;0;0;0;0;0;0;0;0;0;3467;0;0;126;0;122;0;
8343;8777351;1210933248;16207872;1395757056;0;0;0;0;0;0;0;0;0;0;0;2926;0;0;126;0;122;0;
8344;5256297;1210933248;16207872;1395757056;0;0;0;0;0;0;0;0;0;0;0;3125;0;0;126;0;122;0;
8345;3366363;1210933248;16207872;1395757056;0;0;0;0;0;0;0;0;0;0;0;2054;0;0;126;0;122;0;
8346;5069468;1210933248;16207872;1395757056;0;0;0;0;0;0;0;0;0;0;0;2956;0;0;126;0;122;0;
8347;3065869;1210933248;16207872;1395757056;0;0;0;0;0;0;0;0;0;0;0;2164;0;0;126;0;122;0;
8348;2524594;1210933248;16207872;1395757056;0;0;0;0;0;0;0;0;0;0;0;1823;0;0;126;0;122;0;
8349;7940591;1210933248;16207872;1395757056;0;0;0;0;0;0;0;0;0;0;0;2855;0;0;126;0;122;0;
8350;4440838;1210933248;16207872;1395757056;0;0;0;0;0;0;0;0;0;0;0;2504;0;0;126;0;122;0;
8351;3611513;1210933248;16207872;1395757056;0;0;0;0;0;0;0;0;0;0;0;2515;0;0;126;0;122;0;
8352;3603898;1210933248;16207872;1395757056;0;0;0;0;0;0;0;0;0;0;0;2645;0;0;126;0;122;0;
8353;3125381;1210933248;16207872;1395757056;0;0;0;0;0;0;0;0;0;0;0;1863;0;0;126;0;122;0;
8354;3731629;1210933248;16207872;1395757056;0;0;0;0;0;0;0;0;0;0;0;2855;0;0;126;0;122;0;
8355;6203605;1210933248;16207872;1395757056;0;0;0;0;0;0;0;0;0;0;0;2524;0;0;126;0;122;0;
8356;4475323;1210933248;16207872;1395757056;0;0;0;0;0;0;0;0;0;0;0;3066;0;0;126;0;122;0;
8357;3957221;1210933248;16207872;1395757056;0;0;0;0;0;0;0;0;0;0;0;2725;0;0;126;0;122;0;
8358;2285336;1210933248;16207872;1395757056;0;0;0;0;0;0;0;0;0;0;0;2475;0;0;126;0;122;0;
8359;2667162;1210933248;16207872;1395757056;0;0;0;0;0;0;0;0;0;0;0;2444;0;0;126;0;122;0;
8360;3810306;1210933248;16207872;1395757056;0;0;0;0;0;0;0;0;0;0;0;2094;0;0;126;0;122;0;
8361;5945910;1210933248;16207872;1395757056;0;0;0;0;0;0;0;0;0;0;0;2776;0;0;126;0;122;0;
8362;3081960;1210933248;16207872;1395757056;0;0;0;0;0;0;0;0;0;0;0;2525;0;0;126;0;122;0;
8363;4839536;1210933248;16207872;1395757056;0;0;0;0;0;0;0;0;0;0;0;2124;0;0;126;0;122;0;
8364;2049854;1210933248;16207872;1395757056;0;0;0;0;0;0;0;0;0;0;0;1773;0;0;126;0;122;0;
8365;2980049;1210933248;16207872;1395757056;0;0;0;0;0;0;0;0;0;0;0;1813;0;0;126;0;122;0;
8366;2285146;1210933248;16207872;1395757056;0;0;0;0;0;0;0;0;0;0;0;2204;0;0;126;0;122;0;
8367;5627173;1210933248;16207872;1395757056;0;0;0;0;0;0;0;0;0;0;0;2485;0;0;126;0;122;0;
8368;3234756;1210933248;16207872;1395757056;0;0;0;0;0;0;0;0;0;0;0;2585;0;0;126;0;122;0;
8369;3644565;1210933248;16207872;1395757056;0;0;0;0;0;0;0;0;0;0;0;1803;0;0;126;0;122;0;
8370;2640271;1210933248;16207872;1395757056;0;0;0;0;0;0;0;0;0;0;0;2805;0;0;126;0;122;0;
8371;2684525;1210933248;16207872;1395757056;0;0;0;0;0;0;0;0;0;0;0;1884;0;0;126;0;122;0;
8372;1633844;1210933248;16207872;1395757056;0;0;0;0;0;0;0;0;0;0;0;1703;0;0;126;0;122;0;
8373;6471917;1210933248;16207872;1395757056;0;0;0;0;0;0;0;0;0;0;0;3066;0;0;126;0;122;0;
8374;2970461;1210933248;16207872;1395757056;0;0;0;0;0;0;0;0;0;0;0;2244;0;0;126;0;122;0;
8375;2856307;1210933248;16207872;1395757056;0;0;0;0;0;0;0;0;0;0;0;67928;0;0;126;0;122;0;
8376;2210726;1210933248;16207872;1395757056;0;0;0;0;0;0;0;0;0;0;0;2274;0;0;126;0;122;0;
8377;3878023;1210933248;16207872;1395757056;0;0;0;0;0;0;0;0;0;0;0;2164;0;0;126;0;122;0;
8378;2375755;1210933248;16207872;1395757056;0;0;0;0;0;0;0;0;0;0;0;1723;0;0;126;0;122;0;
8379;7018342;1210933248;16207872;1395757056;0;0;0;0;0;0;0;0;0;0;0;2885;0;0;126;0;122;0;
8380;2915318;1210933248;16207872;1395757056;0;0;0;0;0;0;0;0;0;0;0;1873;0;0;126;0;122;0;
8381;3649535;1210933248;16207872;1395757056;0;0;0;0;0;0;0;0;0;0;0;1623;0;0;126;0;122;0;
8382;4153841;1210933248;16207872;1395757056;0;0;0;0;0;0;0;0;0;0;0;2454;0;0;126;0;122;0;
8383;3300419;1210933248;16207872;1395757056;0;0;0;0;0;0;0;0;0;0;0;1893;0;0;126;0;122;0;
8384;2472597;1210933248;16207872;1395757056;0;0;0;0;0;0;0;0;0;0;0;1643;0;0;126;0;122;0;
8385;6550063;1210933248;16207872;1395757056;0;0;0;0;0;0;0;0;0;0;0;2574;0;0;126;0;122;0;
8386;3701422;1210933248;16207872;1395757056;0;0;0;0;0;0;0;0;0;0;0;2024;0;0;126;0;122;0;
8387;2301305;1210933248;16207872;1395757056;0;0;0;0;0;0;0;0;0;0;0;1533;0;0;126;0;122;0;
8388;2303931;1210933248;16207872;1395757056;0;0;0;0;0;0;0;0;0;0;0;1423;0;0;126;0;122;0;
8389;2723497;1210933248;16207872;1395757056;0;0;0;0;0;0;0;0;0;0;0;1683;0;0;126;0;122;0;
8390;1938695;1210933248;16207872;1395757056;0;0;0;0;0;0;0;0;0;0;0;1533;0;0;126;0;122;0;
8391;4843694;1210933248;16207872;1395757056;0;0;0;0;0;0;0;0;0;0;0;1814;0;0;126;0;122;0;
8392;2276399;1210933248;16207872;1395757056;0;0;0;0;0;0;0;0;0;0;0;1493;0;0;126;0;122;0;
8393;3668019;1210933248;16207872;1395757056;0;0;0;0;0;0;0;0;0;0;0;1783;0;0;126;0;122;0;
8394;1879325;1210933248;16207872;1395757056;0;0;0;0;0;0;0;0;0;0;0;1433;0;0;126;0;122;0;
8395;2262343;1210933248;16207872;1395757056;0;0;0;0;0;0;0;0;0;0;0;1442;0;0;126;0;122;0;
8396;1819372;1210933248;16207872;1395757056;0;0;0;0;0;0;0;0;0;0;0;1203;0;0;126;0;122;0;
8397;5791321;1210933248;16207872;1395757056;0;0;0;0;0;0;0;0;0;0;0;1543;0;0;126;0;122;0;
8398;2897904;1210933248;16207872;1395757056;0;0;0;0;0;0;0;0;0;0;0;1483;0;0;126;0;122;0;
8399;2767390;1210933248;16207872;1395757056;0;0;0;0;0;0;0;0;0;0;0;1373;0;0;126;0;122;0;
8400;2512762;1210933248;16207872;1395757056;0;0;0;0;0;0;0;0;0;0;0;1623;0;0;126;0;122;0;
8401;2902363;1210933248;16207872;1395757056;0;0;0;0;0;0;0;0;0;0;0;1653;0;0;126;0;122;0;
8402;2526017;1210933248;16207872;1395757056;0;0;0;0;0;0;0;0;0;0;0;1463;0;0;126;0;122;0;
8403;5760142;1210933248;16207872;1395757056;0;0;0;0;0;0;0;0;0;0;0;1914;0;0;126;0;122;0;
8404;2991260;1210933248;16207872;1395757056;0;0;0;0;0;0;0;0;0;0;0;1533;0;0;126;0;122;0;
8405;2517020;1210933248;16207872;1395757056;0;0;0;0;0;0;0;0;0;0;0;1954;0;0;126;0;122;0;
8406;2896682;1210933248;16207872;1395757056;0;0;0;0;0;0;0;0;0;0;0;1753;0;0;126;0;122;0;
8407;2233559;1210933248;16207872;1395757056;0;0;0;0;0;0;0;0;0;0;0;1433;0;0;126;0;122;0;
8408;2521208;1210933248;16207872;1395757056;0;0;0;0;0;0;0;0;0;0;0;1463;0;0;126;0;122;0;
8409;4987844;1210933248;16207872;1395757056;0;0;0;0;0;0;0;0;0;0;0;1764;0;0;126;0;122;0;
8410;3156429;1210933248;16207872;1395757056;0;0;0;0;0;0;0;0;0;0;0;1733;0;0;126;0;122;0;
8411;3131533;1210933248;16207872;1395757056;0;0;0;0;0;0;0;0;0;0;0;1583;0;0;126;0;122;0;
8412;2389802;1210933248;16207872;1395757056;0;0;0;0;0;0;0;0;0;0;0;1403;0;0;126;0;122;0;
8413;2315332;1210933248;16207872;1395757056;0;0;0;0;0;0;0;0;0;0;0;1533;0;0;126;0;122;0;
8414;1905673;1210933248;16207872;1395757056;0;0;0;0;0;0;0;0;0;0;0;1463;0;0;126;0;122;0;
8415;5272538;1210933248;16207872;1395757056;0;0;0;0;0;0;0;0;0;0;0;1603;0;0;126;0;122;0;
8416;3937825;1210933248;16207872;1395757056;0;0;0;0;0;0;0;0;0;0;0;1353;0;0;126;0;122;0;
8417;3173812;1210933248;16207872;1395757056;0;0;0;0;0;0;0;0;0;0;0;1603;0;0;126;0;122;0;
8418;1785178;1210933248;16207872;1395757056;0;0;0;0;0;0;0;0;0;0;0;1603;0;0;126;0;122;0;
8419;3156650;1210933248;16207872;1395757056;0;0;0;0;0;0;0;0;0;0;0;1333;0;0;126;0;122;0;
8420;2587252;1210933248;16207872;1395757056;0;0;0;0;0;0;0;0;0;0;0;1843;0;0;126;0;122;0;
8421;5304518;1210933248;16207872;1395757056;0;0;0;0;0;0;0;0;0;0;0;1663;0;0;126;0;122;0;
8422;2368973;1210933248;16207872;1395757056;0;0;0;0;0;0;0;0;0;0;0;1382;0;0;126;0;122;0;
8423;8787049;1210933248;16207872;1395757056;0;0;0;0;0;0;0;0;0;0;0;1443;0;0;126;0;122;0;
8424;3351455;1210933248;16207872;1395757056;0;0;0;0;0;0;0;0;0;0;0;1914;0;0;126;0;122;0;
8425;2497243;1210933248;16207872;1395757056;0;0;0;0;0;0;0;0;0;0;0;1623;0;0;126;0;122;0;
8426;2006012;1210933248;16207872;1395757056;0;0;0;0;0;0;0;0;0;0;0;1663;0;0;126;0;122;0;
8427;4421091;1210933248;16207872;1395757056;0;0;0;0;0;0;0;0;0;0;0;1703;0;0;126;0;122;0;
8428;2094478;1210933248;16207872;1395757056;0;0;0;0;0;0;0;0;0;0;0;1663;0;0;126;0;122;0;
8429;2018997;1210933248;16207872;1395757056;0;0;0;0;0;0;0;0;0;0;0;1442;0;0;126;0;122;0;
8430;2656542;1210933248;16207872;1395757056;0;0;0;0;0;0;0;0;0;0;0;1734;0;0;126;0;122;0;
8431;2788049;1210933248;16207872;1395757056;0;0;0;0;0;0;0;0;0;0;0;1653;0;0;126;0;122;0;
8432;1656186;1210933248;16207872;1395757056;0;0;0;0;0;0;0;0;0;0;0;1583;0;0;126;0;122;0;
8433;5124571;1210933248;16207872;1395757056;0;0;0;0;0;0;0;0;0;0;0;1603;0;0;126;0;122;0;
8434;3053196;1210933248;16207872;1395757056;0;0;0;0;0;0;0;0;0;0;0;1543;0;0;126;0;122;0;
8435;2824286;1210933248;16207872;1395757056;0;0;0;0;0;0;0;0;0;0;0;1503;0;0;126;0;122;0;
8436;2447240;1210933248;16207872;1395757056;0;0;0;0;0;0;0;0;0;0;0;1532;0;0;126;0;122;0;
8437;3085477;1210933248;16207872;1395757056;0;0;0;0;0;0;0;0;0;0;0;2104;0;0;126;0;122;0;
8438;3213587;1210933248;16207872;1395757056;0;0;0;0;0;0;0;0;0;0;0;1553;0;0;126;0;122;0;
8439;5383576;1210933248;16207872;1395757056;0;0;0;0;0;0;0;0;0;0;0;1753;0;0;126;0;122;0;
8440;2034916;1210933248;16207872;1395757056;0;0;0;0;0;0;0;0;0;0;0;1393;0;0;126;0;122;0;
8441;2173596;1210933248;16207872;1395757056;0;0;0;0;0;0;0;0;0;0;0;1422;0;0;126;0;122;0;
8442;2015700;1210933248;16207872;1395757056;0;0;0;0;0;0;0;0;0;0;0;2063;0;0;126;0;122;0;
8443;2545484;1210933248;16207872;1395757056;0;0;0;0;0;0;0;0;0;0;0;1744;0;0;126;0;122;0;
8444;1717932;1210933248;16207872;1395757056;0;0;0;0;0;0;0;0;0;0;0;1653;0;0;126;0;122;0;
8445;4645833;1210933248;16207872;1395757056;0;0;0;0;0;0;0;0;0;0;0;1813;0;0;126;0;122;0;
8446;3025755;1210933248;16207872;1395757056;0;0;0;0;0;0;0;0;0;0;0;1663;0;0;126;0;122;0;
8447;2406213;1210933248;16207872;1395757056;0;0;0;0;0;0;0;0;0;0;0;1523;0;0;126;0;122;0;
8448;2078538;1210933248;16207872;1395757056;0;0;0;0;0;0;0;0;0;0;0;1513;0;0;126;0;122;0;
8449;1921443;1210933248;16207872;1395757056;0;0;0;0;0;0;0;0;0;0;0;1493;0;0;126;0;122;0;
8450;1794495;1210933248;16207872;1395757056;0;0;0;0;0;0;0;0;0;0;0;1532;0;0;126;0;122;0;
8451;4805993;1210933248;16207872;1395757056;0;0;0;0;0;0;0;0;0;0;0;1503;0;0;126;0;122;0;
8452;2444695;1210933248;16207872;1395757056;0;0;0;0;0;0;0;0;0;0;0;1563;0;0;126;0;122;0;
8453;2137749;1210933248;16207872;1395757056;0;0;0;0;0;0;0;0;0;0;0;1452;0;0;126;0;122;0;
8454;2215024;1210933248;16207872;1395757056;0;0;0;0;0;0;0;0;0;0;0;1513;0;0;126;0;122;0;
8455;2580490;1210933248;16207872;1395757056;0;0;0;0;0;0;0;0;0;0;0;1623;0;0;126;0;122;0;
8456;2076685;1210933248;16207872;1395757056;0;0;0;0;0;0;0;0;0;0;0;1503;0;0;126;0;122;0;
8457;5322271;1210933248;16207872;1395757056;0;0;0;0;0;0;0;0;0;0;0;1964;0;0;126;0;122;0;
8458;3738902;1210933248;16207872;1395757056;0;0;0;0;0;0;0;0;0;0;0;1543;0;0;126;0;122;0;
8459;2577393;1210933248;16207872;1395757056;0;0;0;0;0;0;0;0;0;0;0;1162;0;0;126;0;122;0;
8460;1668720;1210933248;16207872;1395757056;0;0;0;0;0;0;0;0;0;0;0;1513;0;0;126;0;122;0;
8461;2461707;1210933248;16207872;1395757056;0;0;0;0;0;0;0;0;0;0;0;1803;0;0;126;0;122;0;
8462;2565511;1210933248;16207872;1395757056;0;0;0;0;0;0;0;0;0;0;0;1663;0;0;126;0;122;0;
8463;4559541;1210933248;16207872;1395757056;0;0;0;0;0;0;0;0;0;0;0;1883;0;0;126;0;122;0;
8464;2498766;1210933248;16207872;1395757056;0;0;0;0;0;0;0;0;0;0;0;1593;0;0;126;0;122;0;
8465;2582032;1210933248;16207872;1395757056;0;0;0;0;0;0;0;0;0;0;0;1633;0;0;126;0;122;0;
8466;2524043;1210933248;16207872;1395757056;0;0;0;0;0;0;0;0;0;0;0;1713;0;0;126;0;122;0;
8467;2580629;1210933248;16207872;1395757056;0;0;0;0;0;0;0;0;0;0;0;1503;0;0;126;0;122;0;
8468;2175220;1210933248;16207872;1395757056;0;0;0;0;0;0;0;0;0;0;0;1453;0;0;126;0;122;0;
8469;5856654;1210933248;16207872;1395757056;0;0;0;0;0;0;0;0;0;0;0;2274;0;0;126;0;122;0;
8470;2369614;1210933248;16207872;1395757056;0;0;0;0;0;0;0;0;0;0;0;1583;0;0;126;0;122;0;
8471;1177769;1210933248;16207872;1395757056;0;0;0;0;0;0;0;0;0;0;0;1423;0;0;126;0;122;0;
8472;2088316;1210933248;16207872;1395757056;0;0;0;0;0;0;0;0;0;0;0;1413;0;0;126;0;122;0;
8473;1915483;1210933248;16207872;1395757056;0;0;0;0;0;0;0;0;0;0;0;1723;0;0;126;0;122;0;
8474;2162125;1210933248;16207872;1395757056;0;0;0;0;0;0;0;0;0;0;0;1533;0;0;126;0;122;0;
8475;5974415;1210933248;16207872;1395757056;0;0;0;0;0;0;0;0;0;0;0;2094;0;0;126;0;122;0;
8476;2852820;1210933248;16207872;1395757056;0;0;0;0;0;0;0;0;0;0;0;1653;0;0;126;0;122;0;
8477;2626335;1210933248;16207872;1395757056;0;0;0;0;0;0;0;0;0;0;0;1403;0;0;126;0;122;0;
8478;1997887;1210933248;16207872;1395757056;0;0;0;0;0;0;0;0;0;0;0;1633;0;0;126;0;122;0;
8479;2044284;1210933248;16207872;1395757056;0;0;0;0;0;0;0;0;0;0;0;1593;0;0;126;0;122;0;
8480;1689920;1210933248;16207872;1395757056;0;0;0;0;0;0;0;0;0;0;0;1413;0;0;126;0;122;0;
8481;5058166;1210933248;16207872;1395757056;0;0;0;0;0;0;0;0;0;0;0;2165;0;0;126;0;122;0;
8482;2892475;1210933248;16207872;1395757056;0;0;0;0;0;0;0;0;0;0;0;1412;0;0;126;0;122;0;
8483;2693942;1210933248;16207872;1395757056;0;0;0;0;0;0;0;0;0;0;0;1483;0;0;126;0;122;0;
8484;2193323;1210933248;16207872;1395757056;0;0;0;0;0;0;0;0;0;0;0;1463;0;0;126;0;122;0;
8485;2549171;1210933248;16207872;1395757056;0;0;0;0;0;0;0;0;0;0;0;1553;0;0;126;0;122;0;
8486;1590062;1210933248;16207872;1395757056;0;0;0;0;0;0;0;0;0;0;0;1603;0;0;126;0;122;0;
8487;5420174;1210933248;16207872;1395757056;0;0;0;0;0;0;0;0;0;0;0;1984;0;0;126;0;122;0;
8488;2584847;1210933248;16207872;1395757056;0;0;0;0;0;0;0;0;0;0;0;1573;0;0;126;0;122;0;
8489;3692335;1210933248;16207872;1395757056;0;0;0;0;0;0;0;0;0;0;0;1393;0;0;126;0;122;0;
8490;2196630;1210933248;16207872;1395757056;0;0;0;0;0;0;0;0;0;0;0;1733;0;0;126;0;122;0;
8491;2323197;1210933248;16207872;1395757056;0;0;0;0;0;0;0;0;0;0;0;1683;0;0;126;0;122;0;
8492;2084750;1210933248;16207872;1395757056;0;0;0;0;0;0;0;0;0;0;0;1452;0;0;126;0;122;0;
8493;6315394;1210933248;16207872;1395757056;0;0;0;0;0;0;0;0;0;0;0;1663;0;0;126;0;122;0;
8494;2890140;1210933248;16207872;1395757056;0;0;0;0;0;0;0;0;0;0;0;1663;0;0;126;0;122;0;
8495;2701096;1210933248;16207872;1395757056;0;0;0;0;0;0;0;0;0;0;0;1793;0;0;126;0;122;0;
8496;2289955;1210933248;16207872;1395757056;0;0;0;0;0;0;0;0;0;0;0;1724;0;0;126;0;122;0;
8497;3498882;1210933248;16207872;1395757056;0;0;0;0;0;0;0;0;0;0;0;1844;0;0;126;0;122;0;
8498;1837806;1210933248;16207872;1395757056;0;0;0;0;0;0;0;0;0;0;0;1644;0;0;126;0;122;0;
8499;5622755;1210933248;16207872;1395757056;0;0;0;0;0;0;0;0;0;0;0;1763;0;0;126;0;122;0;
8500;3133646;1210933248;16207872;1395757056;0;0;0;0;0;0;0;0;0;0;0;1513;0;0;126;0;122;0;
8501;3280261;1210933248;16207872;1395757056;0;0;0;0;0;0;0;0;0;0;0;1743;0;0;126;0;122;0;
8502;2179317;1210933248;16207872;1395757056;0;0;0;0;0;0;0;0;0;0;0;1283;0;0;126;0;122;0;
8503;2511830;1210933248;16207872;1395757056;0;0;0;0;0;0;0;0;0;0;0;1503;0;0;126;0;122;0;
8504;2131558;1210933248;16207872;1395757056;0;0;0;0;0;0;0;0;0;0;0;1433;0;0;126;0;122;0;
8505;6232949;1210933248;16207872;1395757056;0;0;0;0;0;0;0;0;0;0;0;2214;0;0;126;0;122;0;
8506;2377910;1210933248;16207872;1395757056;0;0;0;0;0;0;0;0;0;0;0;1473;0;0;126;0;122;0;
8507;1810084;1210933248;16207872;1395757056;0;0;0;0;0;0;0;0;0;0;0;1433;0;0;126;0;122;0;
8508;1581857;1210933248;16207872;1395757056;0;0;0;0;0;0;0;0;0;0;0;1443;0;0;126;0;122;0;
8509;3832828;1210933248;16207872;1395757056;0;0;0;0;0;0;0;0;0;0;0;1563;0;0;126;0;122;0;
8510;2714070;1210933248;16207872;1395757056;0;0;0;0;0;0;0;0;0;0;0;1613;0;0;126;0;122;0;
8511;5367035;1210933248;16207872;1395757056;0;0;0;0;0;0;0;0;0;0;0;1724;0;0;126;0;122;0;
8512;3861972;1210933248;16207872;1395757056;0;0;0;0;0;0;0;0;0;0;0;109976;0;0;126;0;122;0;
8513;2322546;1210933248;16207872;1395757056;0;0;0;0;0;0;0;0;0;0;0;1513;0;0;126;0;122;0;
8514;1374578;1210933248;16207872;1395757056;0;0;0;0;0;0;0;0;0;0;0;1553;0;0;126;0;122;0;
8515;2938861;1210933248;16207872;1395757056;0;0;0;0;0;0;0;0;0;0;0;1533;0;0;126;0;122;0;
8516;2067998;1210933248;16207872;1395757056;0;0;0;0;0;0;0;0;0;0;0;1583;0;0;126;0;122;0;
8517;5685773;1210933248;16207872;1395757056;0;0;0;0;0;0;0;0;0;0;0;38973;0;0;126;0;122;0;
8518;3557372;1210933248;16207872;1395757056;0;0;0;0;0;0;0;0;0;0;0;1753;0;0;126;0;122;0;
8519;3198879;1210933248;16207872;1395757056;0;0;0;0;0;0;0;0;0;0;0;1523;0;0;126;0;122;0;
8520;1874005;1210933248;16207872;1395757056;0;0;0;0;0;0;0;0;0;0;0;1613;0;0;126;0;122;0;
8521;3455340;1210933248;16207872;1395757056;0;0;0;0;0;0;0;0;0;0;0;1583;0;0;126;0;122;0;
8522;2040536;1210933248;16207872;1395757056;0;0;0;0;0;0;0;0;0;0;0;1413;0;0;126;0;122;0;
8523;5555860;1210933248;16207872;1395757056;0;0;0;0;0;0;0;0;0;0;0;2044;0;0;126;0;122;0;
8524;4565682;1210933248;16207872;1395757056;0;0;0;0;0;0;0;0;0;0;0;53260;0;0;126;0;122;0;
8525;2264817;1210933248;16207872;1395757056;0;0;0;0;0;0;0;0;0;0;0;1413;0;0;126;0;122;0;
8526;1629776;1210933248;16207872;1395757056;0;0;0;0;0;0;0;0;0;0;0;1623;0;0;126;0;122;0;
8527;2359315;1210933248;16207872;1395757056;0;0;0;0;0;0;0;0;0;0;0;1863;0;0;126;0;122;0;
8528;2867829;1210933248;16207872;1395757056;0;0;0;0;0;0;0;0;0;0;0;1703;0;0;126;0;122;0;
8529;5806069;1210933248;16207872;1395757056;0;0;0;0;0;0;0;0;0;0;0;1813;0;0;126;0;122;0;
8530;3971187;1210933248;16207872;1395757056;0;0;0;0;0;0;0;0;0;0;0;1803;0;0;126;0;122;0;
8531;2201138;1210933248;16207872;1395757056;0;0;0;0;0;0;0;0;0;0;0;1704;0;0;126;0;122;0;
8532;2177473;1210933248;16207872;1395757056;0;0;0;0;0;0;0;0;0;0;0;1793;0;0;126;0;122;0;
8533;2814107;1210933248;16207872;1395757056;0;0;0;0;0;0;0;0;0;0;0;63139;0;0;126;0;122;0;
8534;1076680;1210933248;16207872;1395757056;0;0;0;0;0;0;0;0;0;0;0;1503;0;0;126;0;122;0;
8535;5210461;1210933248;16207872;1395757056;0;0;0;0;0;0;0;0;0;0;0;2044;0;0;126;0;122;0;
8536;3614900;1210933248;16207872;1395757056;0;0;0;0;0;0;0;0;0;0;0;1683;0;0;126;0;122;0;
8537;2697158;1210933248;16207872;1395757056;0;0;0;0;0;0;0;0;0;0;0;1423;0;0;126;0;122;0;
8538;1874586;1210933248;16207872;1395757056;0;0;0;0;0;0;0;0;0;0;0;1933;0;0;126;0;122;0;
8539;3631730;1210933248;16207872;1395757056;0;0;0;0;0;0;0;0;0;0;0;1733;0;0;126;0;122;0;
8540;2435949;1210933248;16207872;1395757056;0;0;0;0;0;0;0;0;0;0;0;1573;0;0;126;0;122;0;
8541;6366069;1210933248;16207872;1395757056;0;0;0;0;0;0;0;0;0;0;0;1873;0;0;126;0;122;0;
8542;3028660;1210933248;16207872;1395757056;0;0;0;0;0;0;0;0;0;0;0;1734;0;0;126;0;122;0;
8543;4665319;1210933248;16207872;1395757056;0;0;0;0;0;0;0;0;0;0;0;2013;0;0;126;0;122;0;
8544;2524765;1210933248;16207872;1395757056;0;0;0;0;0;0;0;0;0;0;0;2014;0;0;126;0;122;0;
8545;2598894;1210933248;16207872;1395757056;0;0;0;0;0;0;0;0;0;0;0;1783;0;0;126;0;122;0;
8546;1666275;1210933248;16207872;1395757056;0;0;0;0;0;0;0;0;0;0;0;1553;0;0;126;0;122;0;
8547;6113586;1210933248;16207872;1395757056;0;0;0;0;0;0;0;0;0;0;0;2415;0;0;126;0;122;0;
8548;4285306;1210933248;16207872;1395757056;0;0;0;0;0;0;0;0;0;0;0;2685;0;0;126;0;122;0;
8549;2965832;1210933248;16207872;1395757056;0;0;0;0;0;0;0;0;0;0;0;1573;0;0;126;0;122;0;
8550;2469922;1210933248;16207872;1395757056;0;0;0;0;0;0;0;0;0;0;0;1704;0;0;126;0;122;0;
8551;3853978;1210933248;16207872;1395757056;0;0;0;0;0;0;0;0;0;0;0;1624;0;0;126;0;122;0;
8552;2045876;1210933248;16207872;1395757056;0;0;0;0;0;0;0;0;0;0;0;54973;0;0;126;0;122;0;
8553;6875254;1210933248;16207872;1395757056;0;0;0;0;0;0;0;0;0;0;0;1763;0;0;126;0;122;0;
8554;3662980;1210933248;16207872;1395757056;0;0;0;0;0;0;0;0;0;0;0;1743;0;0;126;0;122;0;
8555;1891908;1210933248;16207872;1395757056;0;0;0;0;0;0;0;0;0;0;0;1523;0;0;126;0;122;0;
8556;2529494;1210933248;16207872;1395757056;0;0;0;0;0;0;0;0;0;0;0;1753;0;0;126;0;122;0;
8557;2688712;1210933248;16207872;1395757056;0;0;0;0;0;0;0;0;0;0;0;1793;0;0;126;0;122;0;
8558;1490125;1210933248;16207872;1395757056;0;0;0;0;0;0;0;0;0;0;0;1422;0;0;126;0;122;0;
8559;5712594;1210933248;16207872;1395757056;0;0;0;0;0;0;0;0;0;0;0;1593;0;0;126;0;122;0;
8560;3980305;1210933248;16207872;1395757056;0;0;0;0;0;0;0;0;0;0;0;2274;0;0;126;0;122;0;
8561;2970231;1210933248;16207872;1395757056;0;0;0;0;0;0;0;0;0;0;0;1633;0;0;126;0;122;0;
8562;3104743;1210933248;16207872;1395757056;0;0;0;0;0;0;0;0;0;0;0;1873;0;0;126;0;122;0;
8563;2681909;1210933248;16207872;1395757056;0;0;0;0;0;0;0;0;0;0;0;1483;0;0;126;0;122;0;
8564;2622669;1210933248;16207872;1395757056;0;0;0;0;0;0;0;0;0;0;0;1483;0;0;126;0;122;0;
8565;6844145;1210933248;16207872;1395757056;0;0;0;0;0;0;0;0;0;0;0;2114;0;0;126;0;122;0;
8566;2614964;1210933248;16207872;1395757056;0;0;0;0;0;0;0;0;0;0;0;2014;0;0;126;0;122;0;
8567;3722681;1210933248;16207872;1395757056;0;0;0;0;0;0;0;0;0;0;0;1683;0;0;126;0;122;0;
8568;2632076;1210933248;16207872;1395757056;0;0;0;0;0;0;0;0;0;0;0;1933;0;0;126;0;122;0;
8569;3006248;1210933248;16207872;1395757056;0;0;0;0;0;0;0;0;0;0;0;1733;0;0;126;0;122;0;
8570;2696497;1210933248;16207872;1395757056;0;0;0;0;0;0;0;0;0;0;0;1623;0;0;126;0;122;0;
8571;7024123;1210933248;16207872;1395757056;0;0;0;0;0;0;0;0;0;0;0;2725;0;0;126;0;122;0;
8572;4470313;1210933248;16207872;1395757056;0;0;0;0;0;0;0;0;0;0;0;1944;0;0;126;0;122;0;
8573;3001679;1210933248;16207872;1395757056;0;0;0;0;0;0;0;0;0;0;0;1673;0;0;126;0;122;0;
8574;2210846;1210933248;16207872;1395757056;0;0;0;0;0;0;0;0;0;0;0;1733;0;0;126;0;122;0;
8575;2804810;1210933248;16207872;1395757056;0;0;0;0;0;0;0;0;0;0;0;1793;0;0;126;0;122;0;
8576;2002275;1210933248;16207872;1395757056;0;0;0;0;0;0;0;0;0;0;0;1764;0;0;126;0;122;0;
8577;6921450;1210933248;16207872;1395757056;0;0;0;0;0;0;0;0;0;0;0;2195;0;0;126;0;122;0;
8578;2138300;1210933248;16207872;1395757056;0;0;0;0;0;0;0;0;0;0;0;1713;0;0;126;0;122;0;
8579;1681704;1210933248;16207872;1395757056;0;0;0;0;0;0;0;0;0;0;0;1472;0;0;126;0;122;0;
8580;2001994;1210933248;16207872;1395757056;0;0;0;0;0;0;0;0;0;0;0;1723;0;0;126;0;122;0;
8581;2943049;1210933248;16207872;1395757056;0;0;0;0;0;0;0;0;0;0;0;1803;0;0;126;0;122;0;
8582;2973347;1210933248;16207872;1395757056;0;0;0;0;0;0;0;0;0;0;0;1823;0;0;126;0;122;0;
8583;6150916;1210933248;16207872;1395757056;0;0;0;0;0;0;0;0;0;0;0;2314;0;0;126;0;122;0;
8584;3427257;1210933248;16207872;1395757056;0;0;0;0;0;0;0;0;0;0;0;1693;0;0;126;0;122;0;
8585;3353689;1210933248;16207872;1395757056;0;0;0;0;0;0;0;0;0;0;0;1793;0;0;126;0;122;0;
8586;2735701;1210933248;16207872;1395757056;0;0;0;0;0;0;0;0;0;0;0;2003;0;0;126;0;122;0;
8587;3227402;1210933248;16207872;1395757056;0;0;0;0;0;0;0;0;0;0;0;1823;0;0;126;0;122;0;
8588;2061577;1210933248;16207872;1395757056;0;0;0;0;0;0;0;0;0;0;0;1572;0;0;126;0;122;0;
8589;6903477;1210933248;16207872;1395757056;0;0;0;0;0;0;0;0;0;0;0;26290;0;0;126;0;122;0;
8590;2494599;1210933248;16207872;1395757056;0;0;0;0;0;0;0;0;0;0;0;1603;0;0;126;0;122;0;
8591;3804946;1210933248;16207872;1395757056;0;0;0;0;0;0;0;0;0;0;0;1973;0;0;126;0;122;0;
8592;2010140;1210933248;16207872;1395757056;0;0;0;0;0;0;0;0;0;0;0;1954;0;0;126;0;122;0;
8593;3513419;1210933248;16207872;1395757056;0;0;0;0;0;0;0;0;0;0;0;1994;0;0;126;0;122;0;
8594;2648046;1210933248;16207872;1395757056;0;0;0;0;0;0;0;0;0;0;0;1613;0;0;126;0;122;0;
8595;5946542;1210933248;16207872;1395757056;0;0;0;0;0;0;0;0;0;0;0;1924;0;0;126;0;122;0;
8596;2548419;1210933248;16207872;1395757056;0;0;0;0;0;0;0;0;0;0;0;1573;0;0;126;0;122;0;
8597;3345905;1210933248;16207872;1395757056;0;0;0;0;0;0;0;0;0;0;0;1423;0;0;126;0;122;0;
8598;1977649;1210933248;16207872;1395757056;0;0;0;0;0;0;0;0;0;0;0;1684;0;0;126;0;122;0;
8599;2647335;1210933248;16207872;1395757056;0;0;0;0;0;0;0;0;0;0;0;1813;0;0;126;0;122;0;
8600;1791039;1210933248;16207872;1395757056;0;0;0;0;0;0;0;0;0;0;0;1823;0;0;126;0;122;0;
8601;5584373;1210933248;16207872;1395757056;0;0;0;0;0;0;0;0;0;0;0;1693;0;0;126;0;122;0;
8602;2469221;1210933248;16207872;1395757056;0;0;0;0;0;0;0;0;0;0;0;1523;0;0;126;0;122;0;
8603;1942883;1210933248;16207872;1395757056;0;0;0;0;0;0;0;0;0;0;0;1683;0;0;126;0;122;0;
8604;1810345;1210933248;16207872;1395757056;0;0;0;0;0;0;0;0;0;0;0;1653;0;0;126;0;122;0;
8605;2810481;1210933248;16207872;1395757056;0;0;0;0;0;0;0;0;0;0;0;1523;0;0;126;0;122;0;
8606;2208131;1210933248;16207872;1395757056;0;0;0;0;0;0;0;0;0;0;0;1493;0;0;126;0;122;0;
8607;6129485;1210933248;16207872;1395757056;0;0;0;0;0;0;0;0;0;0;0;2024;0;0;126;0;122;0;
8608;2440798;1210933248;16207872;1395757056;0;0;0;0;0;0;0;0;0;0;0;1603;0;0;126;0;122;0;
8609;2848041;1210933248;16207872;1395757056;0;0;0;0;0;0;0;0;0;0;0;1442;0;0;126;0;122;0;
8610;1775439;1210933248;16207872;1395757056;0;0;0;0;0;0;0;0;0;0;0;1603;0;0;126;0;122;0;
8611;2410120;1210933248;16207872;1395757056;0;0;0;0;0;0;0;0;0;0;0;1803;0;0;126;0;122;0;
8612;1652869;1210933248;16207872;1395757056;0;0;0;0;0;0;0;0;0;0;0;1543;0;0;126;0;122;0;
8613;6313490;1210933248;16207872;1395757056;0;0;0;0;0;0;0;0;0;0;0;1563;0;0;126;0;122;0;
8614;4626636;1210933248;16207872;1395757056;0;0;0;0;0;0;0;0;0;0;0;2084;0;0;126;0;122;0;
8615;2328748;1210933248;16207872;1395757056;0;0;0;0;0;0;0;0;0;0;0;1923;0;0;126;0;122;0;
8616;2479520;1210933248;16207872;1395757056;0;0;0;0;0;0;0;0;0;0;0;1633;0;0;126;0;122;0;
8617;3557301;1210933248;16207872;1395757056;0;0;0;0;0;0;0;0;0;0;0;1893;0;0;126;0;122;0;
8618;3202156;1210933248;16207872;1395757056;0;0;0;0;0;0;0;0;0;0;0;1663;0;0;126;0;122;0;
8619;6660211;1210933248;16207872;1395757056;0;0;0;0;0;0;0;0;0;0;0;2485;0;0;126;0;122;0;
8620;2990017;1210933248;16207872;1395757056;0;0;0;0;0;0;0;0;0;0;0;1633;0;0;126;0;122;0;
8621;2860325;1210933248;16207872;1395757056;0;0;0;0;0;0;0;0;0;0;0;1773;0;0;126;0;122;0;
8622;2689314;1210933248;16207872;1395757056;0;0;0;0;0;0;0;0;0;0;0;1723;0;0;126;0;122;0;
8623;2713328;1210933248;16207872;1395757056;0;0;0;0;0;0;0;0;0;0;0;1493;0;0;126;0;122;0;
8624;1966648;1210933248;16207872;1395757056;0;0;0;0;0;0;0;0;0;0;0;1563;0;0;126;0;122;0;
8625;5873024;1210933248;16207872;1395757056;0;0;0;0;0;0;0;0;0;0;0;1944;0;0;126;0;122;0;
8626;2838383;1210933248;16207872;1395757056;0;0;0;0;0;0;0;0;0;0;0;1523;0;0;126;0;122;0;
8627;4304342;1210933248;16207872;1395757056;0;0;0;0;0;0;0;0;0;0;0;1402;0;0;126;0;122;0;
8628;3249534;1210933248;16207872;1395757056;0;0;0;0;0;0;0;0;0;0;0;1573;0;0;126;0;122;0;
8629;3714446;1210933248;16207872;1395757056;0;0;0;0;0;0;0;0;0;0;0;1944;0;0;126;0;122;0;
8630;3312532;1210933248;16207872;1395757056;0;0;0;0;0;0;0;0;0;0;0;1683;0;0;126;0;122;0;
8631;7032028;1210933248;16207872;1395757056;0;0;0;0;0;0;0;0;0;0;0;2605;0;0;126;0;122;0;
8632;2318428;1210933248;16207872;1395757056;0;0;0;0;0;0;0;0;0;0;0;1663;0;0;126;0;122;0;
8633;2334328;1210933248;16207872;1395757056;0;0;0;0;0;0;0;0;0;0;0;1633;0;0;126;0;122;0;
8634;1908258;1210933248;16207872;1395757056;0;0;0;0;0;0;0;0;0;0;0;1573;0;0;126;0;122;0;
8635;2289374;1210933248;16207872;1395757056;0;0;0;0;0;0;0;0;0;0;0;1613;0;0;126;0;122;0;
8636;2139322;1210933248;16207872;1395757056;0;0;0;0;0;0;0;0;0;0;0;1402;0;0;126;0;122;0;
8637;5780551;1210933248;16207872;1395757056;0;0;0;0;0;0;0;0;0;0;0;1743;0;0;126;0;122;0;
8638;2772129;1210933248;16207872;1395757056;0;0;0;0;0;0;0;0;0;0;0;1643;0;0;126;0;122;0;
8639;4410972;1210933248;16207872;1395757056;0;0;0;0;0;0;0;0;0;0;0;1903;0;0;126;0;122;0;
8640;3467122;1210933248;16207872;1395757056;0;0;0;0;0;0;0;0;0;0;0;2064;0;0;126;0;122;0;
8641;2123012;1210933248;16207872;1395757056;0;0;0;0;0;0;0;0;0;0;0;1763;0;0;126;0;122;0;
8642;1814193;1210933248;16207872;1395757056;0;0;0;0;0;0;0;0;0;0;0;1653;0;0;126;0;122;0;
8643;5498912;1210933248;16207872;1395757056;0;0;0;0;0;0;0;0;0;0;0;1974;0;0;126;0;122;0;
8644;3410676;1210933248;16207872;1395757056;0;0;0;0;0;0;0;0;0;0;0;2024;0;0;126;0;122;0;
8645;3005546;1210933248;16207872;1395757056;0;0;0;0;0;0;0;0;0;0;0;1553;0;0;126;0;122;0;
8646;3060620;1210933248;16207872;1395757056;0;0;0;0;0;0;0;0;0;0;0;1743;0;0;126;0;122;0;
8647;3157812;1210933248;16207872;1395757056;0;0;0;0;0;0;0;0;0;0;0;1733;0;0;126;0;122;0;
8648;2468590;1210933248;16207872;1395757056;0;0;0;0;0;0;0;0;0;0;0;2064;0;0;126;0;122;0;
8649;6074662;1210933248;16207872;1395757056;0;0;0;0;0;0;0;0;0;0;0;2304;0;0;126;0;122;0;
8650;2992843;1210933248;16207872;1395757056;0;0;0;0;0;0;0;0;0;0;0;1754;0;0;126;0;122;0;
8651;2168386;1210933248;16207872;1395757056;0;0;0;0;0;0;0;0;0;0;0;32441;0;0;126;0;122;0;
8652;1881128;1210933248;16207872;1395757056;0;0;0;0;0;0;0;0;0;0;0;1583;0;0;126;0;122;0;
8653;2144271;1210933248;16207872;1395757056;0;0;0;0;0;0;0;0;0;0;0;1533;0;0;126;0;122;0;
8654;2640372;1210933248;16207872;1395757056;0;0;0;0;0;0;0;0;0;0;0;1704;0;0;126;0;122;0;
8655;5831547;1210933248;16207872;1395757056;0;0;0;0;0;0;0;0;0;0;0;2144;0;0;126;0;122;0;
8656;2680708;1210933248;16207872;1395757056;0;0;0;0;0;0;0;0;0;0;0;1824;0;0;126;0;122;0;
8657;2458411;1210933248;16207872;1395757056;0;0;0;0;0;0;0;0;0;0;0;1593;0;0;126;0;122;0;
8658;1729623;1210933248;16207872;1395757056;0;0;0;0;0;0;0;0;0;0;0;1422;0;0;126;0;122;0;
8659;3114230;1210933248;16207872;1395757056;0;0;0;0;0;0;0;0;0;0;0;1623;0;0;126;0;122;0;
8660;1730024;1210933248;16207872;1395757056;0;0;0;0;0;0;0;0;0;0;0;1403;0;0;126;0;122;0;
8661;5071421;1210933248;16207872;1395757056;0;0;0;0;0;0;0;0;0;0;0;2324;0;0;126;0;122;0;
8662;3730456;1210933248;16207872;1395757056;0;0;0;0;0;0;0;0;0;0;0;1763;0;0;126;0;122;0;
8663;2542378;1210933248;16207872;1395757056;0;0;0;0;0;0;0;0;0;0;0;1523;0;0;126;0;122;0;
8664;1835662;1210933248;16207872;1395757056;0;0;0;0;0;0;0;0;0;0;0;1513;0;0;126;0;122;0;
8665;2656241;1210933248;16207872;1395757056;0;0;0;0;0;0;0;0;0;0;0;1563;0;0;126;0;122;0;
8666;2545995;1210933248;16207872;1395757056;0;0;0;0;0;0;0;0;0;0;0;1533;0;0;126;0;122;0;
8667;5550229;1210933248;16207872;1395757056;0;0;0;0;0;0;0;0;0;0;0;1392;0;0;126;0;122;0;
8668;2947929;1210933248;16207872;1395757056;0;0;0;0;0;0;0;0;0;0;0;1452;0;0;126;0;122;0;
8669;3020945;1210933248;16207872;1395757056;0;0;0;0;0;0;0;0;0;0;0;1774;0;0;126;0;122;0;
8670;1773656;1210933248;16207872;1395757056;0;0;0;0;0;0;0;0;0;0;0;1773;0;0;126;0;122;0;
8671;2741191;1210933248;16207872;1395757056;0;0;0;0;0;0;0;0;0;0;0;1703;0;0;126;0;122;0;
8672;3197156;1210933248;16207872;1395757056;0;0;0;0;0;0;0;0;0;0;0;1573;0;0;126;0;122;0;
8673;5525242;1210933248;16207872;1395757056;0;0;0;0;0;0;0;0;0;0;0;1963;0;0;126;0;122;0;
8674;3040292;1210933248;16207872;1395757056;0;0;0;0;0;0;0;0;0;0;0;1673;0;0;126;0;122;0;
8675;3198128;1210933248;16207872;1395757056;0;0;0;0;0;0;0;0;0;0;0;1944;0;0;126;0;122;0;
8676;2392357;1210933248;16207872;1395757056;0;0;0;0;0;0;0;0;0;0;0;1873;0;0;126;0;122;0;
8677;2833915;1210933248;16207872;1395757056;0;0;0;0;0;0;0;0;0;0;0;1433;0;0;126;0;122;0;
8678;2637867;1210933248;16207872;1395757056;0;0;0;0;0;0;0;0;0;0;0;1513;0;0;126;0;122;0;
8679;6448173;1210933248;16207872;1395757056;0;0;0;0;0;0;0;0;0;0;0;1974;0;0;126;0;122;0;
8680;3888422;1210933248;16207872;1395757056;0;0;0;0;0;0;0;0;0;0;0;1403;0;0;126;0;122;0;
8681;3075087;1210933248;16207872;1395757056;0;0;0;0;0;0;0;0;0;0;0;1453;0;0;126;0;122;0;
8682;1844289;1210933248;16207872;1395757056;0;0;0;0;0;0;0;0;0;0;0;1603;0;0;126;0;122;0;
8683;2724830;1210933248;16207872;1395757056;0;0;0;0;0;0;0;0;0;0;0;1463;0;0;126;0;122;0;
8684;2367621;1210933248;16207872;1395757056;0;0;0;0;0;0;0;0;0;0;0;1653;0;0;126;0;122;0;
8685;5915033;1210933248;16207872;1395757056;0;0;0;0;0;0;0;0;0;0;0;2354;0;0;126;0;122;0;
8686;4046178;1210933248;16207872;1395757056;0;0;0;0;0;0;0;0;0;0;0;1753;0;0;126;0;122;0;
8687;3239325;1210933248;16207872;1395757056;0;0;0;0;0;0;0;0;0;0;0;3216;0;0;126;0;122;0;
8688;3863976;1210933248;16207872;1395757056;0;0;0;0;0;0;0;0;0;0;0;3477;0;0;126;0;122;0;
8689;3817099;1210933248;16207872;1395757056;0;0;0;0;0;0;0;0;0;0;0;3667;0;0;126;0;122;0;
8690;3062062;1210933248;16207872;1395757056;0;0;0;0;0;0;0;0;0;0;0;3046;0;0;126;0;122;0;
8691;6631146;1210933248;16207872;1395757056;0;0;0;0;0;0;0;0;0;0;0;3226;0;0;126;0;122;0;
8692;5471131;1210933248;16207872;1395757056;0;0;0;0;0;0;0;0;0;0;0;3617;0;0;126;0;122;0;
8693;2606408;1210933248;16207872;1395757056;0;0;0;0;0;0;0;0;0;0;0;2685;0;0;126;0;122;0;
8694;3412039;1210933248;16207872;1395757056;0;0;0;0;0;0;0;0;0;0;0;2895;0;0;126;0;122;0;
8695;3431235;1210933248;16207872;1395757056;0;0;0;0;0;0;0;0;0;0;0;2094;0;0;126;0;122;0;
8696;2798158;1210933248;16207872;1395757056;0;0;0;0;0;0;0;0;0;0;0;1933;0;0;126;0;122;0;
8697;8463622;1210933248;16207872;1395757056;0;0;0;0;0;0;0;0;0;0;0;4458;0;0;126;0;122;0;
8698;4564089;1210933248;16207872;1395757056;0;0;0;0;0;0;0;0;0;0;0;2905;0;0;126;0;122;0;
8699;3322561;1210933248;16207872;1395757056;0;0;0;0;0;0;0;0;0;0;0;2064;0;0;126;0;122;0;
8700;2377859;1210933248;16207872;1395757056;0;0;0;0;0;0;0;0;0;0;0;1813;0;0;126;0;122;0;
8701;3578601;1210933248;16207872;1395757056;0;0;0;0;0;0;0;0;0;0;0;1844;0;0;126;0;122;0;
8702;2822934;1210933248;16207872;1395757056;0;0;0;0;0;0;0;0;0;0;0;2495;0;0;126;0;122;0;
8703;5317392;1210933248;16207872;1395757056;0;0;0;0;0;0;0;0;0;0;0;2004;0;0;126;0;122;0;
8704;4075543;1210933248;16207872;1395757056;0;0;0;0;0;0;0;0;0;0;0;1974;0;0;126;0;122;0;
8705;2277932;1210933248;16207872;1395757056;0;0;0;0;0;0;0;0;0;0;0;1774;0;0;126;0;122;0;
8706;1910232;1210933248;16207872;1395757056;0;0;0;0;0;0;0;0;0;0;0;1974;0;0;126;0;122;0;
8707;2147888;1210933248;16207872;1395757056;0;0;0;0;0;0;0;0;0;0;0;49783;0;0;126;0;122;0;
8708;2813526;1210933248;16207872;1395757056;0;0;0;0;0;0;0;0;0;0;0;2064;0;0;126;0;122;0;
8709;6387669;1210933248;16207872;1395757056;0;0;0;0;0;0;0;0;0;0;0;3516;0;0;126;0;122;0;
8710;4939033;1210933248;16207872;1395757056;0;0;0;0;0;0;0;0;0;0;0;2765;0;0;126;0;122;0;
8711;2521869;1210933248;16207872;1395757056;0;0;0;0;0;0;0;0;0;0;0;2063;0;0;126;0;122;0;
8712;2694123;1210933248;16207872;1395757056;0;0;0;0;0;0;0;0;0;0;0;1563;0;0;126;0;122;0;
8713;3741236;1210933248;16207872;1395757056;0;0;0;0;0;0;0;0;0;0;0;2544;0;0;126;0;122;0;
8714;2467808;1210933248;16207872;1395757056;0;0;0;0;0;0;0;0;0;0;0;1964;0;0;126;0;122;0;
8715;5251178;1210933248;16207872;1395757056;0;0;0;0;0;0;0;0;0;0;0;2295;0;0;126;0;122;0;
8716;2906892;1210933248;16207872;1395757056;0;0;0;0;0;0;0;0;0;0;0;2535;0;0;126;0;122;0;
8717;2361539;1210933248;16207872;1395757056;0;0;0;0;0;0;0;0;0;0;0;1684;0;0;126;0;122;0;
8718;3083503;1210933248;16207872;1395757056;0;0;0;0;0;0;0;0;0;0;0;2034;0;0;126;0;122;0;
8719;2496422;1210933248;16207872;1395757056;0;0;0;0;0;0;0;0;0;0;0;1963;0;0;126;0;122;0;
8720;3625870;1210933248;16207872;1395757056;0;0;0;0;0;0;0;0;0;0;0;2074;0;0;126;0;122;0;
8721;6498628;1210933248;16207872;1395757056;0;0;0;0;0;0;0;0;0;0;0;2414;0;0;126;0;122;0;
8722;3220821;1210933248;16207872;1395757056;0;0;0;0;0;0;0;0;0;0;0;1774;0;0;126;0;122;0;
8723;2726403;1210933248;16207872;1395757056;0;0;0;0;0;0;0;0;0;0;0;1763;0;0;126;0;122;0;
8724;3455070;1210933248;16207872;1395757056;0;0;0;0;0;0;0;0;0;0;0;2174;0;0;126;0;122;0;
8725;2983285;1210933248;16207872;1395757056;0;0;0;0;0;0;0;0;0;0;0;2134;0;0;126;0;122;0;
8726;2519265;1210933248;16207872;1395757056;0;0;0;0;0;0;0;0;0;0;0;2044;0;0;126;0;122;0;
8727;5669101;1210933248;16207872;1395757056;0;0;0;0;0;0;0;0;0;0;0;2294;0;0;126;0;122;0;
8728;3361044;1210933248;16207872;1395757056;0;0;0;0;0;0;0;0;0;0;0;73398;0;0;126;0;122;0;
8729;9158946;1210933248;16207872;1395757056;0;0;0;0;0;0;0;0;0;0;0;1953;0;0;126;0;122;0;
8730;2683582;1210933248;16207872;1395757056;0;0;0;0;0;0;0;0;0;0;0;2996;0;0;126;0;122;0;
8731;3787863;1210933248;16207872;1395757056;0;0;0;0;0;0;0;0;0;0;0;2385;0;0;126;0;122;0;
8732;2954781;1210933248;16207872;1395757056;0;0;0;0;0;0;0;0;0;0;0;1884;0;0;126;0;122;0;
8733;4958439;1210933248;16207872;1395757056;0;0;0;0;0;0;0;0;0;0;0;2625;0;0;126;0;122;0;
8734;3022268;1210933248;16207872;1395757056;0;0;0;0;0;0;0;0;0;0;0;1843;0;0;126;0;122;0;
8735;2568738;1210933248;16207872;1395757056;0;0;0;0;0;0;0;0;0;0;0;1593;0;0;126;0;122;0;
8736;2136247;1210933248;16207872;1395757056;0;0;0;0;0;0;0;0;0;0;0;1593;0;0;126;0;122;0;
8737;3278098;1210933248;16207872;1395757056;0;0;0;0;0;0;0;0;0;0;0;1643;0;0;126;0;122;0;
8738;1980564;1210933248;16207872;1395757056;0;0;0;0;0;0;0;0;0;0;0;1593;0;0;126;0;122;0;
8739;5206814;1210933248;16207872;1395757056;0;0;0;0;0;0;0;0;0;0;0;2064;0;0;126;0;122;0;
8740;2807455;1210933248;16207872;1395757056;0;0;0;0;0;0;0;0;0;0;0;1694;0;0;126;0;122;0;
8741;2699342;1210933248;16207872;1395757056;0;0;0;0;0;0;0;0;0;0;0;1663;0;0;126;0;122;0;
8742;2367029;1210933248;16207872;1395757056;0;0;0;0;0;0;0;0;0;0;0;2004;0;0;126;0;122;0;
8743;2469802;1210933248;16207872;1395757056;0;0;0;0;0;0;0;0;0;0;0;1603;0;0;126;0;122;0;
8744;1742769;1210933248;16207872;1395757056;0;0;0;0;0;0;0;0;0;0;0;1623;0;0;126;0;122;0;
8745;5611784;1210933248;16207872;1395757056;0;0;0;0;0;0;0;0;0;0;0;2043;0;0;126;0;122;0;
8746;2553579;1210933248;16207872;1395757056;0;0;0;0;0;0;0;0;0;0;0;1583;0;0;126;0;122;0;
8747;2617860;1210933248;16207872;1395757056;0;0;0;0;0;0;0;0;0;0;0;1733;0;0;126;0;122;0;
8748;2492986;1210933248;16207872;1395757056;0;0;0;0;0;0;0;0;0;0;0;1994;0;0;126;0;122;0;
8749;2416853;1210933248;16207872;1395757056;0;0;0;0;0;0;0;0;0;0;0;2134;0;0;126;0;122;0;
8750;2386395;1210933248;16207872;1395757056;0;0;0;0;0;0;0;0;0;0;0;1603;0;0;126;0;122;0;
8751;6190740;1210933248;16207872;1395757056;0;0;0;0;0;0;0;0;0;0;0;2054;0;0;126;0;122;0;
8752;3513529;1210933248;16207872;1395757056;0;0;0;0;0;0;0;0;0;0;0;2375;0;0;126;0;122;0;
8753;2958628;1210933248;16207872;1395757056;0;0;0;0;0;0;0;0;0;0;0;1774;0;0;126;0;122;0;
8754;2511420;1210933248;16207872;1395757056;0;0;0;0;0;0;0;0;0;0;0;2104;0;0;126;0;122;0;
8755;2997381;1210933248;16207872;1395757056;0;0;0;0;0;0;0;0;0;0;0;1863;0;0;126;0;122;0;
8756;2345749;1210933248;16207872;1395757056;0;0;0;0;0;0;0;0;0;0;0;1953;0;0;126;0;122;0;
8757;5979464;1210933248;16216064;1395765248;0;0;0;0;0;0;0;0;0;0;0;2505;0;0;126;0;122;0;
8758;3421156;1210933248;16216064;1395765248;0;0;0;0;0;0;0;0;0;0;0;1873;0;0;126;0;122;0;
8759;3094563;1210933248;16216064;1395765248;0;0;0;0;0;0;0;0;0;0;0;1864;0;0;126;0;122;0;
8760;2832341;1210933248;16216064;1395765248;0;0;0;0;0;0;0;0;0;0;0;1974;0;0;126;0;122;0;
8761;2137999;1210933248;16216064;1395765248;0;0;0;0;0;0;0;0;0;0;0;1913;0;0;126;0;122;0;
8762;2641193;1210933248;16216064;1395765248;0;0;0;0;0;0;0;0;0;0;0;1943;0;0;126;0;122;0;
8763;5564676;1210933248;16216064;1395765248;0;0;0;0;0;0;0;0;0;0;0;1833;0;0;126;0;122;0;
8764;3375601;1210933248;16216064;1395765248;0;0;0;0;0;0;0;0;0;0;0;1803;0;0;126;0;122;0;
8765;3192657;1210933248;16216064;1395765248;0;0;0;0;0;0;0;0;0;0;0;1923;0;0;126;0;122;0;
8766;2475713;1210933248;16216064;1395765248;0;0;0;0;0;0;0;0;0;0;0;1613;0;0;126;0;122;0;
8767;2840667;1210933248;16216064;1395765248;0;0;0;0;0;0;0;0;0;0;0;2014;0;0;126;0;122;0;
8768;2540955;1210933248;16216064;1395765248;0;0;0;0;0;0;0;0;0;0;0;1623;0;0;126;0;122;0;
8769;5899063;1210933248;16216064;1395765248;0;0;0;0;0;0;0;0;0;0;0;2144;0;0;126;0;122;0;
8770;2834456;1210933248;16216064;1395765248;0;0;0;0;0;0;0;0;0;0;0;1583;0;0;126;0;122;0;
8771;2911941;1211031552;16207872;1395757056;0;0;0;0;0;0;0;0;0;0;0;1753;0;0;126;0;122;0;
8772;2322856;1211031552;16207872;1395757056;0;0;0;0;0;0;0;0;0;0;0;2464;0;0;126;0;122;0;
8773;2767571;1211031552;16207872;1395757056;0;0;0;0;0;0;0;0;0;0;0;1903;0;0;126;0;122;0;
8774;2534673;1211031552;16207872;1395757056;0;0;0;0;0;0;0;0;0;0;0;1693;0;0;126;0;122;0;
8775;5515734;1211031552;16207872;1395757056;0;0;0;0;0;0;0;0;0;0;0;2064;0;0;126;0;122;0;
8776;3384177;1211031552;16207872;1395757056;0;0;0;0;0;0;0;0;0;0;0;1984;0;0;126;0;122;0;
8777;2962536;1211031552;16207872;1395757056;0;0;0;0;0;0;0;0;0;0;0;2023;0;0;126;0;122;0;
8778;2077807;1211031552;16207872;1395757056;0;0;0;0;0;0;0;0;0;0;0;1493;0;0;126;0;122;0;
8779;3141972;1211031552;16207872;1395757056;0;0;0;0;0;0;0;0;0;0;0;1864;0;0;126;0;122;0;
8780;1682655;1211031552;16207872;1395757056;0;0;0;0;0;0;0;0;0;0;0;1833;0;0;126;0;122;0;
8781;5593560;1211031552;16207872;1395757056;0;0;0;0;0;0;0;0;0;0;0;1984;0;0;126;0;122;0;
8782;2940345;1211031552;16207872;1395757056;0;0;0;0;0;0;0;0;0;0;0;1743;0;0;126;0;122;0;
8783;2998163;1211031552;16207872;1395757056;0;0;0;0;0;0;0;0;0;0;0;1603;0;0;126;0;122;0;
8784;2840126;1211031552;16207872;1395757056;0;0;0;0;0;0;0;0;0;0;0;1553;0;0;126;0;122;0;
8785;2326153;1211031552;16207872;1395757056;0;0;0;0;0;0;0;0;0;0;0;1903;0;0;126;0;122;0;
8786;1634465;1211031552;16207872;1395757056;0;0;0;0;0;0;0;0;0;0;0;1643;0;0;126;0;122;0;
8787;6390835;1211031552;16207872;1395757056;0;0;0;0;0;0;0;0;0;0;0;2555;0;0;126;0;122;0;
8788;2355588;1211031552;16207872;1395757056;0;0;0;0;0;0;0;0;0;0;0;1944;0;0;126;0;122;0;
8789;2607150;1211031552;16207872;1395757056;0;0;0;0;0;0;0;0;0;0;0;1944;0;0;126;0;122;0;
8790;1960297;1211031552;16207872;1395757056;0;0;0;0;0;0;0;0;0;0;0;1893;0;0;126;0;122;0;
8791;1704186;1211031552;16207872;1395757056;0;0;0;0;0;0;0;0;0;0;0;1673;0;0;126;0;122;0;
8792;2036689;1211031552;16207872;1395757056;0;0;0;0;0;0;0;0;0;0;0;1623;0;0;126;0;122;0;
8793;5340094;1211031552;16207872;1395757056;0;0;0;0;0;0;0;0;0;0;0;2435;0;0;126;0;122;0;
8794;2841299;1211031552;16207872;1395757056;0;0;0;0;0;0;0;0;0;0;0;1383;0;0;126;0;122;0;
8795;2763302;1211031552;16207872;1395757056;0;0;0;0;0;0;0;0;0;0;0;1552;0;0;126;0;122;0;
8796;2450175;1211031552;16207872;1395757056;0;0;0;0;0;0;0;0;0;0;0;1643;0;0;126;0;122;0;
8797;2015039;1211031552;16207872;1395757056;0;0;0;0;0;0;0;0;0;0;0;1463;0;0;126;0;122;0;
8798;1426565;1211031552;16207872;1395757056;0;0;0;0;0;0;0;0;0;0;0;1442;0;0;126;0;122;0;
8799;5794658;1211031552;16207872;1395757056;0;0;0;0;0;0;0;0;0;0;0;2224;0;0;126;0;122;0;
8800;2754465;1211031552;16207872;1395757056;0;0;0;0;0;0;0;0;0;0;0;2445;0;0;126;0;122;0;
8801;2459122;1211031552;16207872;1395757056;0;0;0;0;0;0;0;0;0;0;0;2134;0;0;126;0;122;0;
8802;1614027;1211031552;16207872;1395757056;0;0;0;0;0;0;0;0;0;0;0;2305;0;0;126;0;122;0;
8803;3371754;1211031552;16207872;1395757056;0;0;0;0;0;0;0;0;0;0;0;1813;0;0;126;0;122;0;
8804;2549121;1211031552;16207872;1395757056;0;0;0;0;0;0;0;0;0;0;0;1914;0;0;126;0;122;0;
8805;5604410;1211031552;16207872;1395757056;0;0;0;0;0;0;0;0;0;0;0;2024;0;0;126;0;122;0;
8806;2142678;1211031552;16207872;1395757056;0;0;0;0;0;0;0;0;0;0;0;1713;0;0;126;0;122;0;
8807;2622509;1211031552;16207872;1395757056;0;0;0;0;0;0;0;0;0;0;0;1884;0;0;126;0;122;0;
8808;2516079;1211031552;16207872;1395757056;0;0;0;0;0;0;0;0;0;0;0;1954;0;0;126;0;122;0;
8809;3136672;1211031552;16207872;1395757056;0;0;0;0;0;0;0;0;0;0;0;1774;0;0;126;0;122;0;
8810;2568677;1211031552;16207872;1395757056;0;0;0;0;0;0;0;0;0;0;0;6042;0;0;126;0;122;0;
8811;5226932;1211031552;16207872;1395757056;0;0;0;0;0;0;0;0;0;0;0;2174;0;0;126;0;122;0;
8812;3431595;1211031552;16207872;1395757056;0;0;0;0;0;0;0;0;0;0;0;1954;0;0;126;0;122;0;
8813;2251752;1211031552;16207872;1395757056;0;0;0;0;0;0;0;0;0;0;0;1823;0;0;126;0;122;0;
8814;1812128;1211031552;16207872;1395757056;0;0;0;0;0;0;0;0;0;0;0;2324;0;0;126;0;122;0;
8815;2313849;1211031552;16207872;1395757056;0;0;0;0;0;0;0;0;0;0;0;156043;0;0;126;0;122;0;
8816;2175640;1211031552;16207872;1395757056;0;0;0;0;0;0;0;0;0;0;0;1793;0;0;126;0;122;0;
8817;6083348;1211031552;16207872;1395757056;0;0;0;0;0;0;0;0;0;0;0;2885;0;0;126;0;122;0;
8818;2383219;1211031552;16207872;1395757056;0;0;0;0;0;0;0;0;0;0;0;1753;0;0;126;0;122;0;
8819;2271310;1211031552;16207872;1395757056;0;0;0;0;0;0;0;0;0;0;0;1543;0;0;126;0;122;0;
8820;1466421;1211031552;16207872;1395757056;0;0;0;0;0;0;0;0;0;0;0;1333;0;0;126;0;122;0;
8821;2924615;1211031552;16207872;1395757056;0;0;0;0;0;0;0;0;0;0;0;2154;0;0;126;0;122;0;
8822;1668680;1211031552;16207872;1395757056;0;0;0;0;0;0;0;0;0;0;0;1703;0;0;126;0;122;0;
8823;5626502;1211031552;16207872;1395757056;0;0;0;0;0;0;0;0;0;0;0;2695;0;0;126;0;122;0;
8824;3123888;1211031552;16207872;1395757056;0;0;0;0;0;0;0;0;0;0;0;238717;0;0;126;0;122;0;
8825;2309001;1211031552;16207872;1395757056;0;0;0;0;0;0;0;0;0;0;0;1813;0;0;126;0;122;0;
8826;2222248;1211031552;16207872;1395757056;0;0;0;0;0;0;0;0;0;0;0;1903;0;0;126;0;122;0;
8827;3041324;1211031552;16207872;1395757056;0;0;0;0;0;0;0;0;0;0;0;2695;0;0;126;0;122;0;
8828;2331603;1211031552;16207872;1395757056;0;0;0;0;0;0;0;0;0;0;0;1743;0;0;126;0;122;0;
8829;6241775;1211031552;16207872;1395757056;0;0;0;0;0;0;0;0;0;0;0;2375;0;0;126;0;122;0;
8830;3174935;1211031552;16207872;1395757056;0;0;0;0;0;0;0;0;0;0;0;2204;0;0;126;0;122;0;
8831;3585414;1211031552;16207872;1395757056;0;0;0;0;0;0;0;0;0;0;0;1804;0;0;126;0;122;0;
8832;1905303;1211031552;16207872;1395757056;0;0;0;0;0;0;0;0;0;0;0;1823;0;0;126;0;122;0;
8833;1925180;1211031552;16207872;1395757056;0;0;0;0;0;0;0;0;0;0;0;1763;0;0;126;0;122;0;
8834;1484183;1211031552;16207872;1395757056;0;0;0;0;0;0;0;0;0;0;0;1994;0;0;126;0;122;0;
8835;5429963;1211031552;16207872;1395757056;0;0;0;0;0;0;0;0;0;0;0;2234;0;0;126;0;122;0;
8836;2001674;1211031552;16207872;1395757056;0;0;0;0;0;0;0;0;0;0;0;1743;0;0;126;0;122;0;
8837;2419527;1211031552;16207872;1395757056;0;0;0;0;0;0;0;0;0;0;0;1763;0;0;126;0;122;0;
8838;1614047;1211031552;16207872;1395757056;0;0;0;0;0;0;0;0;0;0;0;1814;0;0;126;0;122;0;
8839;2262543;1211031552;16207872;1395757056;0;0;0;0;0;0;0;0;0;0;0;1893;0;0;126;0;122;0;
8840;1465378;1211031552;16207872;1395757056;0;0;0;0;0;0;0;0;0;0;0;1422;0;0;126;0;122;0;
8841;6344839;1211031552;16207872;1395757056;0;0;0;0;0;0;0;0;0;0;0;2194;0;0;126;0;122;0;
8842;3404404;1211031552;16207872;1395757056;0;0;0;0;0;0;0;0;0;0;0;2174;0;0;126;0;122;0;
8843;3304618;1211031552;16207872;1395757056;0;0;0;0;0;0;0;0;0;0;0;1503;0;0;126;0;122;0;
8844;2590308;1211031552;16207872;1395757056;0;0;0;0;0;0;0;0;0;0;0;2174;0;0;126;0;122;0;
8845;2736633;1211031552;16207872;1395757056;0;0;0;0;0;0;0;0;0;0;0;1893;0;0;126;0;122;0;
8846;1593228;1211031552;16207872;1395757056;0;0;0;0;0;0;0;0;0;0;0;1473;0;0;126;0;122;0;
8847;5713024;1211031552;16207872;1395757056;0;0;0;0;0;0;0;0;0;0;0;2354;0;0;126;0;122;0;
8848;3928197;1211031552;16207872;1395757056;0;0;0;0;0;0;0;0;0;0;0;2034;0;0;126;0;122;0;
8849;2025729;1211031552;16207872;1395757056;0;0;0;0;0;0;0;0;0;0;0;1293;0;0;126;0;122;0;
8850;2507893;1211031552;16207872;1395757056;0;0;0;0;0;0;0;0;0;0;0;1653;0;0;126;0;122;0;
8851;3185163;1211031552;16207872;1395757056;0;0;0;0;0;0;0;0;0;0;0;1913;0;0;126;0;122;0;
8852;2627598;1211031552;16207872;1395757056;0;0;0;0;0;0;0;0;0;0;0;1533;0;0;126;0;122;0;
8853;6696358;1211031552;16207872;1395757056;0;0;0;0;0;0;0;0;0;0;0;2835;0;0;126;0;122;0;
8854;2752642;1211031552;16207872;1395757056;0;0;0;0;0;0;0;0;0;0;0;1853;0;0;126;0;122;0;
8855;2584938;1211031552;16207872;1395757056;0;0;0;0;0;0;0;0;0;0;0;1383;0;0;126;0;122;0;
8856;1782933;1211031552;16207872;1395757056;0;0;0;0;0;0;0;0;0;0;0;1783;0;0;126;0;122;0;
8857;2018806;1211031552;16207872;1395757056;0;0;0;0;0;0;0;0;0;0;0;1483;0;0;126;0;122;0;
8858;1606513;1211031552;16207872;1395757056;0;0;0;0;0;0;0;0;0;0;0;1573;0;0;126;0;122;0;
8859;5790238;1211031552;16207872;1395757056;0;0;0;0;0;0;0;0;0;0;0;2344;0;0;126;0;122;0;
8860;2803237;1211031552;16207872;1395757056;0;0;0;0;0;0;0;0;0;0;0;1884;0;0;126;0;122;0;
8861;2733126;1211031552;16207872;1395757056;0;0;0;0;0;0;0;0;0;0;0;1804;0;0;126;0;122;0;
8862;1741877;1211031552;16207872;1395757056;0;0;0;0;0;0;0;0;0;0;0;1944;0;0;126;0;122;0;
8863;1795448;1211031552;16207872;1395757056;0;0;0;0;0;0;0;0;0;0;0;1703;0;0;126;0;122;0;
8864;1781882;1211031552;16207872;1395757056;0;0;0;0;0;0;0;0;0;0;0;1503;0;0;126;0;122;0;
8865;5333181;1211031552;16207872;1395757056;0;0;0;0;0;0;0;0;0;0;0;2063;0;0;126;0;122;0;
8866;3745334;1211031552;16207872;1395757056;0;0;0;0;0;0;0;0;0;0;0;1813;0;0;126;0;122;0;
8867;2667392;1211031552;16207872;1395757056;0;0;0;0;0;0;0;0;0;0;0;1873;0;0;126;0;122;0;
8868;1888342;1211031552;16207872;1395757056;0;0;0;0;0;0;0;0;0;0;0;1874;0;0;126;0;122;0;
8869;2514937;1211031552;16207872;1395757056;0;0;0;0;0;0;0;0;0;0;0;1864;0;0;126;0;122;0;
8870;2133692;1211031552;16207872;1395757056;0;0;0;0;0;0;0;0;0;0;0;1513;0;0;126;0;122;0;
8871;5628876;1211031552;16207872;1395757056;0;0;0;0;0;0;0;0;0;0;0;1874;0;0;126;0;122;0;
8872;2762110;1211031552;16207872;1395757056;0;0;0;0;0;0;0;0;0;0;0;1643;0;0;126;0;122;0;
8873;2763733;1211031552;16207872;1395757056;0;0;0;0;0;0;0;0;0;0;0;1563;0;0;126;0;122;0;
8874;3026426;1211031552;16207872;1395757056;0;0;0;0;0;0;0;0;0;0;0;2054;0;0;126;0;122;0;
8875;2955983;1211031552;16207872;1395757056;0;0;0;0;0;0;0;0;0;0;0;2094;0;0;126;0;122;0;
8876;2143820;1211031552;16207872;1395757056;0;0;0;0;0;0;0;0;0;0;0;1533;0;0;126;0;122;0;
8877;6444055;1211031552;16207872;1395757056;0;0;0;0;0;0;0;0;0;0;0;2965;0;0;126;0;122;0;
8878;3619558;1211031552;16207872;1395757056;0;0;0;0;0;0;0;0;0;0;0;2014;0;0;126;0;122;0;
8879;3189992;1211031552;16207872;1395757056;0;0;0;0;0;0;0;0;0;0;0;1633;0;0;126;0;122;0;
8880;2885071;1211031552;16207872;1395757056;0;0;0;0;0;0;0;0;0;0;0;2164;0;0;126;0;122;0;
8881;2464752;1211031552;16207872;1395757056;0;0;0;0;0;0;0;0;0;0;0;1703;0;0;126;0;122;0;
8882;2179578;1211031552;16207872;1395757056;0;0;0;0;0;0;0;0;0;0;0;1683;0;0;126;0;122;0;
8883;5388025;1211031552;16207872;1395757056;0;0;0;0;0;0;0;0;0;0;0;2394;0;0;126;0;122;0;
8884;3994752;1211031552;16207872;1395757056;0;0;0;0;0;0;0;0;0;0;0;1894;0;0;126;0;122;0;
8885;2793890;1211031552;16207872;1395757056;0;0;0;0;0;0;0;0;0;0;0;1653;0;0;126;0;122;0;
8886;1578650;1211031552;16207872;1395757056;0;0;0;0;0;0;0;0;0;0;0;1833;0;0;126;0;122;0;
8887;1962029;1211031552;16207872;1395757056;0;0;0;0;0;0;0;0;0;0;0;1794;0;0;126;0;122;0;
8888;1750924;1211031552;16207872;1395757056;0;0;0;0;0;0;0;0;0;0;0;1603;0;0;126;0;122;0;
8889;5659083;1211031552;16207872;1395757056;0;0;0;0;0;0;0;0;0;0;0;2295;0;0;126;0;122;0;
8890;2851157;1211031552;16207872;1395757056;0;0;0;0;0;0;0;0;0;0;0;2444;0;0;126;0;122;0;
8891;2519755;1211031552;16207872;1395757056;0;0;0;0;0;0;0;0;0;0;0;1713;0;0;126;0;122;0;
8892;2167945;1211031552;16207872;1395757056;0;0;0;0;0;0;0;0;0;0;0;2014;0;0;126;0;122;0;
8893;3024682;1211031552;16207872;1395757056;0;0;0;0;0;0;0;0;0;0;0;2485;0;0;126;0;122;0;
8894;2366418;1211031552;16207872;1395757056;0;0;0;0;0;0;0;0;0;0;0;1723;0;0;126;0;122;0;
8895;5591166;1211031552;16207872;1395757056;0;0;0;0;0;0;0;0;0;0;0;2314;0;0;126;0;122;0;
8896;2629441;1211031552;16207872;1395757056;0;0;0;0;0;0;0;0;0;0;0;1552;0;0;126;0;122;0;
8897;2599204;1211031552;16207872;1395757056;0;0;0;0;0;0;0;0;0;0;0;1844;0;0;126;0;122;0;
8898;999244;1211031552;16207872;1395757056;0;0;0;0;0;0;0;0;0;0;0;1683;0;0;126;0;122;0;
8899;2824336;1211031552;16207872;1395757056;0;0;0;0;0;0;0;0;0;0;0;2094;0;0;126;0;122;0;
8900;2376206;1211031552;16207872;1395757056;0;0;0;0;0;0;0;0;0;0;0;1643;0;0;126;0;122;0;
8901;5674212;1211031552;16207872;1395757056;0;0;0;0;0;0;0;0;0;0;0;1974;0;0;126;0;122;0;
8902;3602606;1211031552;16207872;1395757056;0;0;0;0;0;0;0;0;0;0;0;1974;0;0;126;0;122;0;
8903;2090270;1211031552;16207872;1395757056;0;0;0;0;0;0;0;0;0;0;0;27141;0;0;126;0;122;0;
8904;2028755;1211031552;16207872;1395757056;0;0;0;0;0;0;0;0;0;0;0;1883;0;0;126;0;122;0;
8905;3469286;1211031552;16207872;1395757056;0;0;0;0;0;0;0;0;0;0;0;2385;0;0;126;0;122;0;
8906;1377854;1211031552;16207872;1395757056;0;0;0;0;0;0;0;0;0;0;0;1513;0;0;126;0;122;0;
8907;4814429;1211031552;16207872;1395757056;0;0;0;0;0;0;0;0;0;0;0;2174;0;0;126;0;122;0;
8908;3576878;1211031552;16207872;1395757056;0;0;0;0;0;0;0;0;0;0;0;2264;0;0;126;0;122;0;
8909;2454413;1211031552;16207872;1395757056;0;0;0;0;0;0;0;0;0;0;0;1522;0;0;126;0;122;0;
8910;2304252;1211031552;16207872;1395757056;0;0;0;0;0;0;0;0;0;0;0;2234;0;0;126;0;122;0;
8911;3130060;1211031552;16207872;1395757056;0;0;0;0;0;0;0;0;0;0;0;2365;0;0;126;0;122;0;
8912;1755632;1211031552;16207872;1395757056;0;0;0;0;0;0;0;0;0;0;0;1733;0;0;126;0;122;0;
8913;5320919;1211031552;16207872;1395757056;0;0;0;0;0;0;0;0;0;0;0;2164;0;0;126;0;122;0;
8914;3296623;1211031552;16207872;1395757056;0;0;0;0;0;0;0;0;0;0;0;2955;0;0;126;0;122;0;
8915;2327956;1211031552;16207872;1395757056;0;0;0;0;0;0;0;0;0;0;0;1713;0;0;126;0;122;0;
8916;2972064;1211031552;16207872;1395757056;0;0;0;0;0;0;0;0;0;0;0;1804;0;0;126;0;122;0;
8917;2933311;1211031552;16207872;1395757056;0;0;0;0;0;0;0;0;0;0;0;1834;0;0;126;0;122;0;
8918;2402956;1211031552;16207872;1395757056;0;0;0;0;0;0;0;0;0;0;0;2305;0;0;126;0;122;0;
8919;6250973;1211031552;16207872;1395757056;0;0;0;0;0;0;0;0;0;0;0;2155;0;0;126;0;122;0;
8920;3881579;1211031552;16207872;1395757056;0;0;0;0;0;0;0;0;0;0;0;3447;0;0;126;0;122;0;
8921;3140219;1211031552;16207872;1395757056;0;0;0;0;0;0;0;0;0;0;0;1884;0;0;126;0;122;0;
8922;1669951;1211031552;16207872;1395757056;0;0;0;0;0;0;0;0;0;0;0;1683;0;0;126;0;122;0;
8923;2232266;1211031552;16207872;1395757056;0;0;0;0;0;0;0;0;0;0;0;1473;0;0;126;0;122;0;
8924;3757056;1211031552;16207872;1395757056;0;0;0;0;0;0;0;0;0;0;0;2675;0;0;126;0;122;0;
8925;5894294;1211031552;16207872;1395757056;0;0;0;0;0;0;0;0;0;0;0;2294;0;0;126;0;122;0;
8926;2808578;1211031552;16207872;1395757056;0;0;0;0;0;0;0;0;0;0;0;1863;0;0;126;0;122;0;
8927;4459033;1211031552;16207872;1395757056;0;0;0;0;0;0;0;0;0;0;0;2003;0;0;126;0;122;0;
8928;2516129;1211031552;16207872;1395757056;0;0;0;0;0;0;0;0;0;0;0;1924;0;0;126;0;122;0;
8929;2136808;1211031552;16207872;1395757056;0;0;0;0;0;0;0;0;0;0;0;1944;0;0;126;0;122;0;
8930;2211978;1211031552;16207872;1395757056;0;0;0;0;0;0;0;0;0;0;0;1724;0;0;126;0;122;0;
8931;6690627;1211031552;16207872;1395757056;0;0;0;0;0;0;0;0;0;0;0;2384;0;0;126;0;122;0;
8932;2616817;1211031552;16207872;1395757056;0;0;0;0;0;0;0;0;0;0;0;2094;0;0;126;0;122;0;
8933;1885756;1211031552;16207872;1395757056;0;0;0;0;0;0;0;0;0;0;0;1814;0;0;126;0;122;0;
8934;2318809;1211031552;16207872;1395757056;0;0;0;0;0;0;0;0;0;0;0;2705;0;0;126;0;122;0;
8935;4036910;1211031552;16207872;1395757056;0;0;0;0;0;0;0;0;0;0;0;2324;0;0;126;0;122;0;
8936;1792232;1211031552;16207872;1395757056;0;0;0;0;0;0;0;0;0;0;0;1523;0;0;126;0;122;0;
8937;5191116;1211031552;16207872;1395757056;0;0;0;0;0;0;0;0;0;0;0;2245;0;0;126;0;122;0;
8938;3555488;1211031552;16207872;1395757056;0;0;0;0;0;0;0;0;0;0;0;2345;0;0;126;0;122;0;
8939;2886654;1211031552;16207872;1395757056;0;0;0;0;0;0;0;0;0;0;0;1823;0;0;126;0;122;0;
8940;1687454;1211031552;16207872;1395757056;0;0;0;0;0;0;0;0;0;0;0;2023;0;0;126;0;122;0;
8941;3312012;1211031552;16207872;1395757056;0;0;0;0;0;0;0;0;0;0;0;2544;0;0;126;0;122;0;
8942;3288998;1211031552;16207872;1395757056;0;0;0;0;0;0;0;0;0;0;0;2154;0;0;126;0;122;0;
8943;6293824;1211031552;16207872;1395757056;0;0;0;0;0;0;0;0;0;0;0;2204;0;0;126;0;122;0;
8944;3935300;1211031552;16207872;1395757056;0;0;0;0;0;0;0;0;0;0;0;68238;0;0;126;0;122;0;
8945;3569735;1211031552;16207872;1395757056;0;0;0;0;0;0;0;0;0;0;0;1813;0;0;126;0;122;0;
8946;2655590;1211031552;16207872;1395757056;0;0;0;0;0;0;0;0;0;0;0;100598;0;0;126;0;122;0;
8947;2559320;1211031552;16207872;1395757056;0;0;0;0;0;0;0;0;0;0;0;2003;0;0;126;0;122;0;
8948;2269636;1211031552;16207872;1395757056;0;0;0;0;0;0;0;0;0;0;0;2715;0;0;126;0;122;0;
8949;6540636;1211031552;16207872;1395757056;0;0;0;0;0;0;0;0;0;0;0;3016;0;0;126;0;122;0;
8950;3346175;1211031552;16207872;1395757056;0;0;0;0;0;0;0;0;0;0;0;2285;0;0;126;0;122;0;
8951;3247580;1211031552;16207872;1395757056;0;0;0;0;0;0;0;0;0;0;0;2164;0;0;126;0;122;0;
8952;2744757;1211031552;16207872;1395757056;0;0;0;0;0;0;0;0;0;0;0;2615;0;0;126;0;122;0;
8953;3344633;1211031552;16207872;1395757056;0;0;0;0;0;0;0;0;0;0;0;2565;0;0;126;0;122;0;
8954;2074390;1211031552;16207872;1395757056;0;0;0;0;0;0;0;0;0;0;0;2164;0;0;126;0;122;0;
8955;5591436;1211031552;16207872;1395757056;0;0;0;0;0;0;0;0;0;0;0;2535;0;0;126;0;122;0;
8956;3922887;1211031552;16207872;1395757056;0;0;0;0;0;0;0;0;0;0;0;3086;0;0;126;0;122;0;
8957;3393184;1211031552;16207872;1395757056;0;0;0;0;0;0;0;0;0;0;0;2034;0;0;126;0;122;0;
8958;2416452;1211031552;16207872;1395757056;0;0;0;0;0;0;0;0;0;0;0;2354;0;0;126;0;122;0;
8959;3362175;1211031552;16207872;1395757056;0;0;0;0;0;0;0;0;0;0;0;2454;0;0;126;0;122;0;
8960;2461796;1211031552;16207872;1395757056;0;0;0;0;0;0;0;0;0;0;0;1934;0;0;126;0;122;0;
8961;5737670;1211031552;16207872;1395757056;0;0;0;0;0;0;0;0;0;0;0;2605;0;0;126;0;122;0;
8962;2917692;1211031552;16207872;1395757056;0;0;0;0;0;0;0;0;0;0;0;2284;0;0;126;0;122;0;
8963;3105064;1211031552;16207872;1395757056;0;0;0;0;0;0;0;0;0;0;0;2074;0;0;126;0;122;0;
8964;2634460;1211031552;16207872;1395757056;0;0;0;0;0;0;0;0;0;0;0;2154;0;0;126;0;122;0;
8965;2789051;1211031552;16207872;1395757056;0;0;0;0;0;0;0;0;0;0;0;2134;0;0;126;0;122;0;
8966;2031931;1211031552;16207872;1395757056;0;0;0;0;0;0;0;0;0;0;0;2245;0;0;126;0;122;0;
8967;6011473;1211031552;16207872;1395757056;0;0;0;0;0;0;0;0;0;0;0;2264;0;0;126;0;122;0;
8968;3435493;1211031552;16207872;1395757056;0;0;0;0;0;0;0;0;0;0;0;2495;0;0;126;0;122;0;
8969;3475457;1211031552;16207872;1395757056;0;0;0;0;0;0;0;0;0;0;0;2275;0;0;126;0;122;0;
8970;2692009;1211031552;16207872;1395757056;0;0;0;0;0;0;0;0;0;0;0;88355;0;0;126;0;122;0;
8971;3300359;1211031552;16207872;1395757056;0;0;0;0;0;0;0;0;0;0;0;1994;0;0;126;0;122;0;
8972;2143881;1211031552;16207872;1395757056;0;0;0;0;0;0;0;0;0;0;0;1874;0;0;126;0;122;0;
8973;6550404;1211031552;16207872;1395757056;0;0;0;0;0;0;0;0;0;0;0;1884;0;0;126;0;122;0;
8974;3473835;1211031552;16207872;1395757056;0;0;0;0;0;0;0;0;0;0;0;2345;0;0;126;0;122;0;
8975;2896291;1211031552;16207872;1395757056;0;0;0;0;0;0;0;0;0;0;0;2134;0;0;126;0;122;0;
8976;3124169;1211031552;16207872;1395757056;0;0;0;0;0;0;0;0;0;0;0;1864;0;0;126;0;122;0;
8977;2856267;1211031552;16207872;1395757056;0;0;0;0;0;0;0;0;0;0;0;2514;0;0;126;0;122;0;
8978;2244850;1211031552;16207872;1395757056;0;0;0;0;0;0;0;0;0;0;0;1884;0;0;126;0;122;0;
8979;7626813;1211031552;16207872;1395757056;0;0;0;0;0;0;0;0;0;0;0;2555;0;0;126;0;122;0;
8980;2933541;1211031552;16207872;1395757056;0;0;0;0;0;0;0;0;0;0;0;1943;0;0;126;0;122;0;
8981;2767620;1211031552;16207872;1395757056;0;0;0;0;0;0;0;0;0;0;0;1532;0;0;126;0;122;0;
8982;2621737;1211031552;16207872;1395757056;0;0;0;0;0;0;0;0;0;0;0;2415;0;0;126;0;122;0;
8983;4606359;1211031552;16207872;1395757056;0;0;0;0;0;0;0;0;0;0;0;2325;0;0;126;0;122;0;
8984;2749957;1211031552;16207872;1395757056;0;0;0;0;0;0;0;0;0;0;0;1252;0;0;126;0;122;0;
8985;5779578;1211031552;16207872;1395757056;0;0;0;0;0;0;0;0;0;0;0;2285;0;0;126;0;122;0;
8986;4346481;1211031552;16207872;1395757056;0;0;0;0;0;0;0;0;0;0;0;2425;0;0;126;0;122;0;
8987;3122095;1211031552;16207872;1395757056;0;0;0;0;0;0;0;0;0;0;0;2124;0;0;126;0;122;0;
8988;2570871;1211031552;16207872;1395757056;0;0;0;0;0;0;0;0;0;0;0;1904;0;0;126;0;122;0;
8989;3614809;1211031552;16207872;1395757056;0;0;0;0;0;0;0;0;0;0;0;2615;0;0;126;0;122;0;
8990;2858340;1211031552;16207872;1395757056;0;0;0;0;0;0;0;0;0;0;0;2094;0;0;126;0;122;0;
8991;6751562;1211031552;16207872;1395757056;0;0;0;0;0;0;0;0;0;0;0;3266;0;0;126;0;122;0;
8992;3828399;1211031552;16207872;1395757056;0;0;0;0;0;0;0;0;0;0;0;2655;0;0;126;0;122;0;
8993;3651098;1211027456;16203776;1395752960;0;0;0;0;0;0;0;0;0;0;0;2374;0;0;126;0;122;0;
8994;2926638;1211027456;16203776;1395752960;0;0;0;0;0;0;0;0;0;0;0;1854;0;0;126;0;122;0;
8995;3551260;1211027456;16203776;1395752960;0;0;0;0;0;0;0;0;0;0;0;2484;0;0;126;0;122;0;
8996;2521649;1211027456;16203776;1395752960;0;0;0;0;0;0;0;0;0;0;0;1704;0;0;126;0;122;0;
8997;7030164;1211027456;16207872;1395757056;0;0;0;0;0;0;0;0;0;0;0;105428;0;0;126;0;122;0;
8998;3331828;1211027456;16207872;1395757056;0;0;0;0;0;0;0;0;0;0;0;2034;0;0;126;0;122;0;
8999;3688918;1211027456;16207872;1395757056;0;0;0;0;0;0;0;0;0;0;0;1944;0;0;126;0;122;0;
9000;3765061;1211027456;16207872;1395757056;0;0;0;0;0;0;0;0;0;0;0;2344;0;0;126;0;122;0;
9001;2928302;1211027456;16207872;1395757056;0;0;0;0;0;0;0;0;0;0;0;1713;0;0;126;0;122;0;
9002;1945458;1211027456;16207872;1395757056;0;0;0;0;0;0;0;0;0;0;0;2475;0;0;126;0;122;0;
9003;10292262;1211027456;16207872;1395757056;0;0;0;0;0;0;0;0;0;0;0;3747;0;0;126;0;122;0;
9004;6001044;1211027456;16207872;1395757056;0;0;0;0;0;0;0;0;0;0;0;2876;0;0;126;0;122;0;
9005;2763773;1211027456;16207872;1395757056;0;0;0;0;0;0;0;0;0;0;0;1764;0;0;126;0;122;0;
9006;1415104;1211027456;16207872;1395757056;0;0;0;0;0;0;0;0;0;0;0;2094;0;0;126;0;122;0;
9007;3947794;1211027456;16207872;1395757056;0;0;0;0;0;0;0;0;0;0;0;2605;0;0;126;0;122;0;
9008;4071235;1211027456;16207872;1395757056;0;0;0;0;0;0;0;0;0;0;0;2966;0;0;126;0;122;0;
9009;6875364;1213124608;23535616;1403084800;0;0;0;0;0;0;0;0;0;0;0;3376;0;0;126;0;122;0;
9010;3995653;1213124608;23535616;1403084800;0;0;0;0;0;0;0;0;0;0;0;2885;0;0;126;0;122;0;
9011;2837541;1215221760;23535616;1403084800;0;0;0;0;0;0;0;0;0;0;0;1753;0;0;126;0;122;0;
9012;2795042;1215221760;23535616;1403084800;0;0;0;0;0;0;0;0;0;0;0;2725;0;0;126;0;122;0;
9013;4419940;1217318912;23535616;1403084800;0;0;0;0;0;0;0;0;0;0;0;3296;0;0;126;0;122;0;
9014;2822483;1217318912;23535616;1403084800;0;0;0;0;0;0;0;0;0;0;0;2585;0;0;126;0;122;0;
9015;6091344;1217318912;23535616;1403084800;0;0;0;0;0;0;0;0;0;0;0;3527;0;0;126;0;122;0;
9016;4592353;1217318912;23535616;1403084800;0;0;0;0;0;0;0;0;0;0;0;3286;0;0;126;0;122;0;
9017;3407320;1217318912;23535616;1403084800;0;0;0;0;0;0;0;0;0;0;0;2996;0;0;126;0;122;0;
9018;3364199;1217318912;23535616;1403084800;0;0;0;0;0;0;0;0;0;0;0;2525;0;0;126;0;122;0;
9019;3382424;1217318912;23535616;1403084800;0;0;0;0;0;0;0;0;0;0;0;3477;0;0;126;0;122;0;
9020;2572785;1217318912;23535616;1403084800;0;0;0;0;0;0;0;0;0;0;0;2535;0;0;126;0;122;0;
9021;6784193;1217318912;23535616;1403084800;0;0;0;0;0;0;0;0;0;0;0;3056;0;0;126;0;122;0;
9022;3459528;1217318912;23535616;1403084800;0;0;0;0;0;0;0;0;0;0;0;3336;0;0;126;0;122;0;
9023;4402065;1209643008;15757312;1395306496;0;0;0;0;0;0;0;0;0;0;0;1763;0;0;126;0;122;0;
9024;2250321;1209643008;15757312;1395306496;0;0;0;0;0;0;0;0;0;0;0;2705;0;0;126;0;122;0;
9025;3995784;1209643008;15757312;1395306496;0;0;0;0;0;0;0;0;0;0;0;4499;0;0;126;0;122;0;
9026;2415089;1209643008;15757312;1395306496;0;0;0;0;0;0;0;0;0;0;0;2154;0;0;126;0;122;0;
9027;6140205;1209643008;15757312;1395306496;0;0;0;0;0;0;0;0;0;0;0;2685;0;0;126;0;122;0;
9028;3764510;1209643008;15757312;1395306496;0;0;0;0;0;0;0;0;0;0;0;2856;0;0;126;0;122;0;
9029;10314454;1209643008;15757312;1395306496;0;0;0;0;0;0;0;0;0;0;0;2394;0;0;126;0;122;0;
9030;2988455;1209643008;15757312;1395306496;0;0;0;0;0;0;0;0;0;0;0;2284;0;0;126;0;122;0;
9031;3056522;1209643008;15757312;1395306496;0;0;0;0;0;0;0;0;0;0;0;2324;0;0;126;0;122;0;
9032;3425073;1209643008;15757312;1395306496;0;0;0;0;0;0;0;0;0;0;0;2264;0;0;126;0;122;0;
9033;6463803;1210990592;23535616;1403084800;0;0;0;0;0;0;0;0;0;0;0;2093;0;0;126;0;122;0;
9034;3625669;1210990592;23535616;1403084800;0;0;0;0;0;0;0;0;0;0;0;1393;0;0;126;0;122;0;
9035;2561303;1213624320;23535616;1403084800;0;0;0;0;0;0;0;0;0;0;0;1924;0;0;126;0;122;0;
9036;1625900;1213624320;23535616;1403084800;0;0;0;0;0;0;0;0;0;0;0;1753;0;0;126;0;122;0;
9037;2830969;1215721472;23535616;1403084800;0;0;0;0;0;0;0;0;0;0;0;1844;0;0;126;0;122;0;
9038;2307798;1215721472;23535616;1403084800;0;0;0;0;0;0;0;0;0;0;0;1773;0;0;126;0;122;0;
9039;5500655;1215721472;23535616;1403084800;0;0;0;0;0;0;0;0;0;0;0;2003;0;0;126;0;122;0;
9040;3324134;1215721472;23535616;1403084800;0;0;0;0;0;0;0;0;0;0;0;1754;0;0;126;0;122;0;
9041;1659522;1215721472;23535616;1403084800;0;0;0;0;0;0;0;0;0;0;0;1503;0;0;126;0;122;0;
9042;1783515;1215721472;23535616;1403084800;0;0;0;0;0;0;0;0;0;0;0;1463;0;0;126;0;122;0;
9043;2216507;1215721472;23535616;1403084800;0;0;0;0;0;0;0;0;0;0;0;1854;0;0;126;0;122;0;
9044;3062854;1215721472;23535616;1403084800;0;0;0;0;0;0;0;0;0;0;0;1643;0;0;126;0;122;0;
9045;5283929;1215721472;23535616;1403084800;0;0;0;0;0;0;0;0;0;0;0;1953;0;0;126;0;122;0;
9046;2556274;1215721472;23535616;1403084800;0;0;0;0;0;0;0;0;0;0;0;1774;0;0;126;0;122;0;
9047;2684064;1215721472;23535616;1403084800;0;0;0;0;0;0;0;0;0;0;0;1342;0;0;126;0;122;0;
9048;2562085;1215721472;23535616;1403084800;0;0;0;0;0;0;0;0;0;0;0;1583;0;0;126;0;122;0;
9049;3220049;1215721472;23535616;1403084800;0;0;0;0;0;0;0;0;0;0;0;1693;0;0;126;0;122;0;
9050;2202971;1215721472;23535616;1403084800;0;0;0;0;0;0;0;0;0;0;0;1563;0;0;126;0;122;0;
9051;5664663;1215721472;23535616;1403084800;0;0;0;0;0;0;0;0;0;0;0;1803;0;0;126;0;122;0;
9052;2928753;1215721472;23535616;1403084800;0;0;0;0;0;0;0;0;0;0;0;1473;0;0;126;0;122;0;
9053;2635473;1215721472;23535616;1403084800;0;0;0;0;0;0;0;0;0;0;0;1593;0;0;126;0;122;0;
9054;2554611;1215721472;23535616;1403084800;0;0;0;0;0;0;0;0;0;0;0;1683;0;0;126;0;122;0;
9055;2732534;1215721472;23535616;1403084800;0;0;0;0;0;0;0;0;0;0;0;1643;0;0;126;0;122;0;
9056;1763657;1215721472;23535616;1403084800;0;0;0;0;0;0;0;0;0;0;0;1573;0;0;126;0;122;0;
9057;5742930;1215721472;23535616;1403084800;0;0;0;0;0;0;0;0;0;0;0;1624;0;0;126;0;122;0;
9058;3119620;1215721472;23535616;1403084800;0;0;0;0;0;0;0;0;0;0;0;2044;0;0;126;0;122;0;
9059;2299272;1215721472;23535616;1403084800;0;0;0;0;0;0;0;0;0;0;0;1542;0;0;126;0;122;0;
9060;2546686;1215721472;23535616;1403084800;0;0;0;0;0;0;0;0;0;0;0;1833;0;0;126;0;122;0;
9061;2510218;1215721472;23535616;1403084800;0;0;0;0;0;0;0;0;0;0;0;1813;0;0;126;0;122;0;
9062;2613080;1215721472;23535616;1403084800;0;0;0;0;0;0;0;0;0;0;0;1663;0;0;126;0;122;0;
9063;5157973;1215721472;23535616;1403084800;0;0;0;0;0;0;0;0;0;0;0;2364;0;0;126;0;122;0;
9064;3487019;1215721472;23535616;1403084800;0;0;0;0;0;0;0;0;0;0;0;1653;0;0;126;0;122;0;
9065;2729139;1215721472;23535616;1403084800;0;0;0;0;0;0;0;0;0;0;0;1573;0;0;126;0;122;0;
9066;2642405;1215721472;23535616;1403084800;0;0;0;0;0;0;0;0;0;0;0;1793;0;0;126;0;122;0;
9067;2931288;1215721472;23535616;1403084800;0;0;0;0;0;0;0;0;0;0;0;1743;0;0;126;0;122;0;
9068;2141826;1215721472;23535616;1403084800;0;0;0;0;0;0;0;0;0;0;0;1523;0;0;126;0;122;0;
9069;5472222;1215721472;23535616;1403084800;0;0;0;0;0;0;0;0;0;0;0;1923;0;0;126;0;122;0;
9070;2585509;1215721472;23535616;1403084800;0;0;0;0;0;0;0;0;0;0;0;1804;0;0;126;0;122;0;
9071;3073294;1215721472;23535616;1403084800;0;0;0;0;0;0;0;0;0;0;0;1462;0;0;126;0;122;0;
9072;2603423;1215721472;23535616;1403084800;0;0;0;0;0;0;0;0;0;0;0;1313;0;0;126;0;122;0;
9073;2572304;1215721472;23535616;1403084800;0;0;0;0;0;0;0;0;0;0;0;1603;0;0;126;0;122;0;
9074;2618501;1215721472;23535616;1403084800;0;0;0;0;0;0;0;0;0;0;0;1412;0;0;126;0;122;0;
9075;5413402;1215721472;23535616;1403084800;0;0;0;0;0;0;0;0;0;0;0;1573;0;0;126;0;122;0;
9076;2982774;1215721472;23535616;1403084800;0;0;0;0;0;0;0;0;0;0;0;1613;0;0;126;0;122;0;
9077;2469691;1215721472;23535616;1403084800;0;0;0;0;0;0;0;0;0;0;0;1533;0;0;126;0;122;0;
9078;1896787;1215721472;23535616;1403084800;0;0;0;0;0;0;0;0;0;0;0;1583;0;0;126;0;122;0;
9079;2437601;1215721472;23535616;1403084800;0;0;0;0;0;0;0;0;0;0;0;1683;0;0;126;0;122;0;
9080;1696542;1215721472;23535616;1403084800;0;0;0;0;0;0;0;0;0;0;0;1724;0;0;126;0;122;0;
9081;5248133;1215721472;23535616;1403084800;0;0;0;0;0;0;0;0;0;0;0;1593;0;0;126;0;122;0;
9082;3425694;1215721472;23535616;1403084800;0;0;0;0;0;0;0;0;0;0;0;2224;0;0;126;0;122;0;
9083;2640963;1215721472;23535616;1403084800;0;0;0;0;0;0;0;0;0;0;0;1683;0;0;126;0;122;0;
9084;2677932;1215721472;23535616;1403084800;0;0;0;0;0;0;0;0;0;0;0;1904;0;0;126;0;122;0;
9085;2140184;1215721472;23535616;1403084800;0;0;0;0;0;0;0;0;0;0;0;1743;0;0;126;0;122;0;
9086;2121229;1215721472;23535616;1403084800;0;0;0;0;0;0;0;0;0;0;0;1703;0;0;126;0;122;0;
9087;5878374;1215721472;23535616;1403084800;0;0;0;0;0;0;0;0;0;0;0;2054;0;0;126;0;122;0;
9088;2868229;1215721472;23535616;1403084800;0;0;0;0;0;0;0;0;0;0;0;1723;0;0;126;0;122;0;
9089;3045151;1215721472;23535616;1403084800;0;0;0;0;0;0;0;0;0;0;0;1994;0;0;126;0;122;0;
9090;2542228;1215721472;23535616;1403084800;0;0;0;0;0;0;0;0;0;0;0;1894;0;0;126;0;122;0;
9091;2396404;1215721472;23535616;1403084800;0;0;0;0;0;0;0;0;0;0;0;1443;0;0;126;0;122;0;
9092;2144762;1215721472;23535616;1403084800;0;0;0;0;0;0;0;0;0;0;0;1673;0;0;126;0;122;0;
9093;5648413;1215721472;23535616;1403084800;0;0;0;0;0;0;0;0;0;0;0;1874;0;0;126;0;122;0;
9094;3820946;1215721472;23535616;1403084800;0;0;0;0;0;0;0;0;0;0;0;1553;0;0;126;0;122;0;
9095;2844154;1215930368;23531520;1403080704;0;0;0;0;0;0;0;0;0;0;0;1443;0;0;126;0;122;0;
9096;1887350;1215930368;23531520;1403080704;0;0;0;0;0;0;0;0;0;0;0;1462;0;0;126;0;122;0;
9097;2278232;1215930368;23531520;1403080704;0;0;0;0;0;0;0;0;0;0;0;1493;0;0;126;0;122;0;
9098;2428104;1215930368;23531520;1403080704;0;0;0;0;0;0;0;0;0;0;0;1483;0;0;126;0;122;0;
9099;5184944;1215930368;23531520;1403080704;0;0;0;0;0;0;0;0;0;0;0;1753;0;0;126;0;122;0;
9100;2637446;1215930368;23535616;1403084800;0;0;0;0;0;0;0;0;0;0;0;2024;0;0;126;0;122;0;
9101;2516359;1215930368;23535616;1403084800;0;0;0;0;0;0;0;0;0;0;0;1683;0;0;126;0;122;0;
9102;2409399;1215930368;23535616;1403084800;0;0;0;0;0;0;0;0;0;0;0;1914;0;0;126;0;122;0;
9103;2732745;1215930368;23535616;1403084800;0;0;0;0;0;0;0;0;0;0;0;1924;0;0;126;0;122;0;
9104;2007715;1215930368;23535616;1403084800;0;0;0;0;0;0;0;0;0;0;0;1563;0;0;126;0;122;0;
9105;6248338;1215930368;23535616;1403084800;0;0;0;0;0;0;0;0;0;0;0;1773;0;0;126;0;122;0;
9106;2891563;1215930368;23535616;1403084800;0;0;0;0;0;0;0;0;0;0;0;2204;0;0;126;0;122;0;
9107;2987423;1215930368;23535616;1403084800;0;0;0;0;0;0;0;0;0;0;0;1703;0;0;126;0;122;0;
9108;1440872;1215930368;23535616;1403084800;0;0;0;0;0;0;0;0;0;0;0;1693;0;0;126;0;122;0;
9109;2476685;1215930368;23535616;1403084800;0;0;0;0;0;0;0;0;0;0;0;1653;0;0;126;0;122;0;
9110;2500710;1215930368;23535616;1403084800;0;0;0;0;0;0;0;0;0;0;0;1403;0;0;126;0;122;0;
9111;5676716;1215930368;23535616;1403084800;0;0;0;0;0;0;0;0;0;0;0;1473;0;0;126;0;122;0;
9112;2370595;1215930368;23535616;1403084800;0;0;0;0;0;0;0;0;0;0;0;1673;0;0;126;0;122;0;
9113;2138972;1215930368;23535616;1403084800;0;0;0;0;0;0;0;0;0;0;0;1403;0;0;126;0;122;0;
9114;2237326;1215930368;23535616;1403084800;0;0;0;0;0;0;0;0;0;0;0;1402;0;0;126;0;122;0;
9115;2621356;1215930368;23535616;1403084800;0;0;0;0;0;0;0;0;0;0;0;1283;0;0;126;0;122;0;
9116;1965806;1215930368;23535616;1403084800;0;0;0;0;0;0;0;0;0;0;0;1573;0;0;126;0;122;0;
9117;5365142;1215930368;23535616;1403084800;0;0;0;0;0;0;0;0;0;0;0;1653;0;0;126;0;122;0;
9118;3078023;1215930368;23535616;1403084800;0;0;0;0;0;0;0;0;0;0;0;2154;0;0;126;0;122;0;
9119;2212099;1215930368;23535616;1403084800;0;0;0;0;0;0;0;0;0;0;0;1673;0;0;126;0;122;0;
9120;2380405;1215930368;23535616;1403084800;0;0;0;0;0;0;0;0;0;0;0;1784;0;0;126;0;122;0;
9121;2636554;1215930368;23535616;1403084800;0;0;0;0;0;0;0;0;0;0;0;2094;0;0;126;0;122;0;
9122;2343986;1215930368;23535616;1403084800;0;0;0;0;0;0;0;0;0;0;0;2084;0;0;126;0;122;0;
9123;5411408;1215930368;23535616;1403084800;0;0;0;0;0;0;0;0;0;0;0;1973;0;0;126;0;122;0;
9124;1087470;1215930368;23535616;1403084800;0;0;0;0;0;0;0;0;0;0;0;1643;0;0;126;0;122;0;
9125;1973391;1215930368;23535616;1403084800;0;0;0;0;0;0;0;0;0;0;0;1883;0;0;126;0;122;0;
9126;1474966;1215930368;23535616;1403084800;0;0;0;0;0;0;0;0;0;0;0;1573;0;0;126;0;122;0;
9127;2784883;1215930368;23535616;1403084800;0;0;0;0;0;0;0;0;0;0;0;1453;0;0;126;0;122;0;
9128;2876344;1215930368;23535616;1403084800;0;0;0;0;0;0;0;0;0;0;0;1903;0;0;126;0;122;0;
9129;5405948;1215930368;23535616;1403084800;0;0;0;0;0;0;0;0;0;0;0;1954;0;0;126;0;122;0;
9130;2169318;1215930368;23535616;1403084800;0;0;0;0;0;0;0;0;0;0;0;1713;0;0;126;0;122;0;
9131;3037697;1215959040;23527424;1403076608;0;0;0;0;0;0;0;0;0;0;0;1583;0;0;126;0;122;0;
9132;2074691;1215959040;23527424;1403076608;0;0;0;0;0;0;0;0;0;0;0;1743;0;0;126;0;122;0;
9133;2760777;1215959040;23527424;1403076608;0;0;0;0;0;0;0;0;0;0;0;1684;0;0;126;0;122;0;
9134;1908870;1215959040;23527424;1403076608;0;0;0;0;0;0;0;0;0;0;0;1522;0;0;126;0;122;0;
9135;5951321;1215959040;23527424;1403076608;0;0;0;0;0;0;0;0;0;0;0;1683;0;0;126;0;122;0;
9136;1945970;1215959040;23527424;1403076608;0;0;0;0;0;0;0;0;0;0;0;1613;0;0;126;0;122;0;
9137;2715382;1215959040;23527424;1403076608;0;0;0;0;0;0;0;0;0;0;0;1603;0;0;126;0;122;0;
9138;2565711;1215959040;23527424;1403076608;0;0;0;0;0;0;0;0;0;0;0;1453;0;0;126;0;122;0;
9139;2660529;1215959040;23527424;1403076608;0;0;0;0;0;0;0;0;0;0;0;1523;0;0;126;0;122;0;
9140;1931211;1215959040;23527424;1403076608;0;0;0;0;0;0;0;0;0;0;0;1443;0;0;126;0;122;0;
9141;4883989;1215959040;23527424;1403076608;0;0;0;0;0;0;0;0;0;0;0;1663;0;0;126;0;122;0;
9142;1619657;1215959040;23527424;1403076608;0;0;0;0;0;0;0;0;0;0;0;1603;0;0;126;0;122;0;
9143;1994841;1215959040;23527424;1403076608;0;0;0;0;0;0;0;0;0;0;0;1623;0;0;126;0;122;0;
9144;2571062;1215959040;23527424;1403076608;0;0;0;0;0;0;0;0;0;0;0;1673;0;0;126;0;122;0;
9145;2465333;1215959040;23527424;1403076608;0;0;0;0;0;0;0;0;0;0;0;1673;0;0;126;0;122;0;
9146;2550964;1215959040;23527424;1403076608;0;0;0;0;0;0;0;0;0;0;0;1743;0;0;126;0;122;0;
9147;6057360;1215959040;23531520;1403080704;0;0;0;0;0;0;0;0;0;0;0;1793;0;0;126;0;122;0;
9148;3612074;1215959040;23535616;1403084800;0;0;0;0;0;0;0;0;0;0;0;1973;0;0;126;0;122;0;
9149;2759345;1215959040;23535616;1403084800;0;0;0;0;0;0;0;0;0;0;0;1864;0;0;126;0;122;0;
9150;2344957;1215959040;23535616;1403084800;0;0;0;0;0;0;0;0;0;0;0;1914;0;0;126;0;122;0;
9151;3166719;1215959040;23535616;1403084800;0;0;0;0;0;0;0;0;0;0;0;1733;0;0;126;0;122;0;
9152;2685056;1215959040;23535616;1403084800;0;0;0;0;0;0;0;0;0;0;0;1723;0;0;126;0;122;0;
9153;5219679;1215959040;23535616;1403084800;0;0;0;0;0;0;0;0;0;0;0;1913;0;0;126;0;122;0;
9154;2100690;1215959040;23535616;1403084800;0;0;0;0;0;0;0;0;0;0;0;1463;0;0;126;0;122;0;
9155;3660134;1215959040;23535616;1403084800;0;0;0;0;0;0;0;0;0;0;0;1402;0;0;126;0;122;0;
9156;2511319;1215959040;23535616;1403084800;0;0;0;0;0;0;0;0;0;0;0;1823;0;0;126;0;122;0;
9157;3047415;1215959040;23535616;1403084800;0;0;0;0;0;0;0;0;0;0;0;2334;0;0;126;0;122;0;
9158;1954455;1215959040;23535616;1403084800;0;0;0;0;0;0;0;0;0;0;0;1423;0;0;126;0;122;0;
9159;5331428;1215959040;23535616;1403084800;0;0;0;0;0;0;0;0;0;0;0;1733;0;0;126;0;122;0;
9160;2923272;1215959040;23535616;1403084800;0;0;0;0;0;0;0;0;0;0;0;1853;0;0;126;0;122;0;
9161;3432908;1215959040;23535616;1403084800;0;0;0;0;0;0;0;0;0;0;0;1373;0;0;126;0;122;0;
9162;2103504;1215959040;23535616;1403084800;0;0;0;0;0;0;0;0;0;0;0;1693;0;0;126;0;122;0;
9163;2853802;1215959040;23535616;1403084800;0;0;0;0;0;0;0;0;0;0;0;1573;0;0;126;0;122;0;
9164;2384742;1215959040;23535616;1403084800;0;0;0;0;0;0;0;0;0;0;0;1472;0;0;126;0;122;0;
9165;5420105;1215959040;23535616;1403084800;0;0;0;0;0;0;0;0;0;0;0;1523;0;0;126;0;122;0;
9166;3497830;1215959040;23535616;1403084800;0;0;0;0;0;0;0;0;0;0;0;1683;0;0;126;0;122;0;
9167;2949391;1215959040;23535616;1403084800;0;0;0;0;0;0;0;0;0;0;0;1583;0;0;126;0;122;0;
9168;2165892;1215959040;23535616;1403084800;0;0;0;0;0;0;0;0;0;0;0;1634;0;0;126;0;122;0;
9169;2759264;1215959040;23535616;1403084800;0;0;0;0;0;0;0;0;0;0;0;1714;0;0;126;0;122;0;
9170;2242255;1215959040;23535616;1403084800;0;0;0;0;0;0;0;0;0;0;0;1623;0;0;126;0;122;0;
9171;5108170;1215959040;23535616;1403084800;0;0;0;0;0;0;0;0;0;0;0;1683;0;0;126;0;122;0;
9172;2695305;1215959040;23535616;1403084800;0;0;0;0;0;0;0;0;0;0;0;1623;0;0;126;0;122;0;
9173;2801083;1215959040;23535616;1403084800;0;0;0;0;0;0;0;0;0;0;0;1423;0;0;126;0;122;0;
9174;2667733;1215959040;23535616;1403084800;0;0;0;0;0;0;0;0;0;0;0;1583;0;0;126;0;122;0;
9175;3507779;1215959040;23535616;1403084800;0;0;0;0;0;0;0;0;0;0;0;1994;0;0;126;0;122;0;
9176;2456046;1215959040;23535616;1403084800;0;0;0;0;0;0;0;0;0;0;0;1532;0;0;126;0;122;0;
9177;5226232;1215959040;23535616;1403084800;0;0;0;0;0;0;0;0;0;0;0;2114;0;0;126;0;122;0;
9178;3047315;1215959040;23535616;1403084800;0;0;0;0;0;0;0;0;0;0;0;1473;0;0;126;0;122;0;
9179;2882396;1215959040;23535616;1403084800;0;0;0;0;0;0;0;0;0;0;0;1523;0;0;126;0;122;0;
9180;2505228;1215959040;23535616;1403084800;0;0;0;0;0;0;0;0;0;0;0;1462;0;0;126;0;122;0;
9181;2951115;1215959040;23535616;1403084800;0;0;0;0;0;0;0;0;0;0;0;1573;0;0;126;0;122;0;
9182;2718608;1215959040;23535616;1403084800;0;0;0;0;0;0;0;0;0;0;0;1613;0;0;126;0;122;0;
9183;4589597;1215959040;23535616;1403084800;0;0;0;0;0;0;0;0;0;0;0;1744;0;0;126;0;122;0;
9184;3478303;1215959040;23535616;1403084800;0;0;0;0;0;0;0;0;0;0;0;1643;0;0;126;0;122;0;
9185;3129880;1215959040;23535616;1403084800;0;0;0;0;0;0;0;0;0;0;0;1483;0;0;126;0;122;0;
9186;2052599;1215959040;23535616;1403084800;0;0;0;0;0;0;0;0;0;0;0;1492;0;0;126;0;122;0;
9187;2766118;1215959040;23535616;1403084800;0;0;0;0;0;0;0;0;0;0;0;1663;0;0;126;0;122;0;
9188;1947753;1215959040;23535616;1403084800;0;0;0;0;0;0;0;0;0;0;0;22693;0;0;126;0;122;0;
9189;5614489;1215959040;23535616;1403084800;0;0;0;0;0;0;0;0;0;0;0;1984;0;0;126;0;122;0;
9190;3436996;1215959040;23535616;1403084800;0;0;0;0;0;0;0;0;0;0;0;1964;0;0;126;0;122;0;
9191;2739989;1215959040;23535616;1403084800;0;0;0;0;0;0;0;0;0;0;0;1704;0;0;126;0;122;0;
9192;2537810;1215959040;23535616;1403084800;0;0;0;0;0;0;0;0;0;0;0;1663;0;0;126;0;122;0;
9193;2995939;1215959040;23535616;1403084800;0;0;0;0;0;0;0;0;0;0;0;2134;0;0;126;0;122;0;
9194;2222759;1215959040;23535616;1403084800;0;0;0;0;0;0;0;0;0;0;0;1683;0;0;126;0;122;0;
9195;5801210;1215959040;23535616;1403084800;0;0;0;0;0;0;0;0;0;0;0;1964;0;0;126;0;122;0;
9196;2215415;1215959040;23535616;1403084800;0;0;0;0;0;0;0;0;0;0;0;1613;0;0;126;0;122;0;
9197;3457735;1215959040;23535616;1403084800;0;0;0;0;0;0;0;0;0;0;0;1813;0;0;126;0;122;0;
9198;2862067;1215959040;23535616;1403084800;0;0;0;0;0;0;0;0;0;0;0;1663;0;0;126;0;122;0;
9199;2713529;1215959040;23535616;1403084800;0;0;0;0;0;0;0;0;0;0;0;1542;0;0;126;0;122;0;
9200;2987272;1215959040;23535616;1403084800;0;0;0;0;0;0;0;0;0;0;0;64491;0;0;126;0;122;0;
9201;8998095;1215959040;23535616;1403084800;0;0;0;0;0;0;0;0;0;0;0;1774;0;0;126;0;122;0;
9202;4065855;1215959040;23535616;1403084800;0;0;0;0;0;0;0;0;0;0;0;1943;0;0;126;0;122;0;
9203;3133917;1216008192;23527424;1403076608;0;0;0;0;0;0;0;0;0;0;0;1553;0;0;126;0;122;0;
9204;2802877;1216008192;23527424;1403076608;0;0;0;0;0;0;0;0;0;0;0;2214;0;0;126;0;122;0;
9205;2659869;1216008192;23527424;1403076608;0;0;0;0;0;0;0;0;0;0;0;1974;0;0;126;0;122;0;
9206;2360086;1216008192;23527424;1403076608;0;0;0;0;0;0;0;0;0;0;0;1563;0;0;126;0;122;0;
9207;5095426;1216008192;23531520;1403080704;0;0;0;0;0;0;0;0;0;0;0;2244;0;0;126;0;122;0;
9208;3694929;1216008192;23535616;1403084800;0;0;0;0;0;0;0;0;0;0;0;2094;0;0;126;0;122;0;
9209;3995393;1216008192;23535616;1403084800;0;0;0;0;0;0;0;0;0;0;0;1643;0;0;126;0;122;0;
9210;2803507;1216008192;23535616;1403084800;0;0;0;0;0;0;0;0;0;0;0;1913;0;0;126;0;122;0;
9211;2417284;1216008192;23535616;1403084800;0;0;0;0;0;0;0;0;0;0;0;1463;0;0;126;0;122;0;
9212;2228389;1216008192;23535616;1403084800;0;0;0;0;0;0;0;0;0;0;0;1403;0;0;126;0;122;0;
9213;6596421;1216008192;23535616;1403084800;0;0;0;0;0;0;0;0;0;0;0;2485;0;0;126;0;122;0;
9214;2938331;1216008192;23535616;1403084800;0;0;0;0;0;0;0;0;0;0;0;1633;0;0;126;0;122;0;
9215;3021566;1216008192;23535616;1403084800;0;0;0;0;0;0;0;0;0;0;0;1523;0;0;126;0;122;0;
9216;2535485;1216008192;23535616;1403084800;0;0;0;0;0;0;0;0;0;0;0;1894;0;0;126;0;122;0;
9217;2701877;1216008192;23535616;1403084800;0;0;0;0;0;0;0;0;0;0;0;1814;0;0;126;0;122;0;
9218;2697870;1216008192;23535616;1403084800;0;0;0;0;0;0;0;0;0;0;0;1683;0;0;126;0;122;0;
9219;5737851;1216008192;23539712;1403088896;0;0;0;0;0;0;0;0;0;0;0;1934;0;0;126;0;122;0;
9220;2759255;1216008192;23543808;1403092992;0;0;0;0;0;0;0;0;0;0;0;1733;0;0;126;0;122;0;
9221;2306817;1216008192;23543808;1403092992;0;0;0;0;0;0;0;0;0;0;0;1593;0;0;126;0;122;0;
9222;3179543;1216008192;23543808;1403092992;0;0;0;0;0;0;0;0;0;0;0;1793;0;0;126;0;122;0;
9223;3315968;1216008192;23543808;1403092992;0;0;0;0;0;0;0;0;0;0;0;2124;0;0;126;0;122;0;
9224;2491493;1216008192;23543808;1403092992;0;0;0;0;0;0;0;0;0;0;0;1803;0;0;126;0;122;0;
9225;5868896;1216008192;23543808;1403092992;0;0;0;0;0;0;0;0;0;0;0;2254;0;0;126;0;122;0;
9226;3027598;1216008192;23543808;1403092992;0;0;0;0;0;0;0;0;0;0;0;2113;0;0;126;0;122;0;
9227;2849965;1216008192;23543808;1403092992;0;0;0;0;0;0;0;0;0;0;0;1422;0;0;126;0;122;0;
9228;2337623;1216008192;23543808;1403092992;0;0;0;0;0;0;0;0;0;0;0;1953;0;0;126;0;122;0;
9229;2694343;1216008192;23543808;1403092992;0;0;0;0;0;0;0;0;0;0;0;1834;0;0;126;0;122;0;
9230;2395392;1216008192;23543808;1403092992;0;0;0;0;0;0;0;0;0;0;0;1493;0;0;126;0;122;0;
9231;5344733;1216008192;23543808;1403092992;0;0;0;0;0;0;0;0;0;0;0;2264;0;0;126;0;122;0;
9232;2867919;1216008192;23543808;1403092992;0;0;0;0;0;0;0;0;0;0;0;1744;0;0;126;0;122;0;
9233;2841379;1216040960;23535616;1403084800;0;0;0;0;0;0;0;0;0;0;0;1493;0;0;126;0;122;0;
9234;1749711;1216040960;23535616;1403084800;0;0;0;0;0;0;0;0;0;0;0;1523;0;0;126;0;122;0;
9235;2834987;1216040960;23535616;1403084800;0;0;0;0;0;0;0;0;0;0;0;1623;0;0;126;0;122;0;
9236;1743480;1216040960;23535616;1403084800;0;0;0;0;0;0;0;0;0;0;0;1443;0;0;126;0;122;0;
9237;5849510;1216040960;23535616;1403084800;0;0;0;0;0;0;0;0;0;0;0;1463;0;0;126;0;122;0;
9238;3178451;1216040960;23535616;1403084800;0;0;0;0;0;0;0;0;0;0;0;2224;0;0;126;0;122;0;
9239;2495470;1216040960;23535616;1403084800;0;0;0;0;0;0;0;0;0;0;0;1633;0;0;126;0;122;0;
9240;2082345;1216040960;23535616;1403084800;0;0;0;0;0;0;0;0;0;0;0;1654;0;0;126;0;122;0;
9241;2451637;1216040960;23535616;1403084800;0;0;0;0;0;0;0;0;0;0;0;1913;0;0;126;0;122;0;
9242;2693632;1216040960;23535616;1403084800;0;0;0;0;0;0;0;0;0;0;0;1703;0;0;126;0;122;0;
9243;5566709;1216040960;23535616;1403084800;0;0;0;0;0;0;0;0;0;0;0;2063;0;0;126;0;122;0;
9244;2336833;1216040960;23535616;1403084800;0;0;0;0;0;0;0;0;0;0;0;1723;0;0;126;0;122;0;
9245;3200582;1216040960;23535616;1403084800;0;0;0;0;0;0;0;0;0;0;0;1683;0;0;126;0;122;0;
9246;2939643;1216040960;23535616;1403084800;0;0;0;0;0;0;0;0;0;0;0;1553;0;0;126;0;122;0;
9247;2370586;1216040960;23535616;1403084800;0;0;0;0;0;0;0;0;0;0;0;1643;0;0;126;0;122;0;
9248;2489088;1216040960;23535616;1403084800;0;0;0;0;0;0;0;0;0;0;0;1572;0;0;126;0;122;0;
9249;5954006;1216040960;23535616;1403084800;0;0;0;0;0;0;0;0;0;0;0;1944;0;0;126;0;122;0;
9250;2804309;1216040960;23535616;1403084800;0;0;0;0;0;0;0;0;0;0;0;1843;0;0;126;0;122;0;
9251;3358899;1216040960;23535616;1403084800;0;0;0;0;0;0;0;0;0;0;0;1843;0;0;126;0;122;0;
9252;2567946;1216040960;23535616;1403084800;0;0;0;0;0;0;0;0;0;0;0;1874;0;0;126;0;122;0;
9253;2550473;1216040960;23535616;1403084800;0;0;0;0;0;0;0;0;0;0;0;1583;0;0;126;0;122;0;
9254;1883943;1216040960;23535616;1403084800;0;0;0;0;0;0;0;0;0;0;0;1383;0;0;126;0;122;0;
9255;4908485;1216040960;23535616;1403084800;0;0;0;0;0;0;0;0;0;0;0;2465;0;0;126;0;122;0;
9256;3182088;1216040960;23535616;1403084800;0;0;0;0;0;0;0;0;0;0;0;1573;0;0;126;0;122;0;
9257;2814629;1216040960;23535616;1403084800;0;0;0;0;0;0;0;0;0;0;0;3566;0;0;126;0;122;0;
9258;3047415;1216040960;23535616;1403084800;0;0;0;0;0;0;0;0;0;0;0;2675;0;0;126;0;122;0;
9259;5223055;1216040960;23535616;1403084800;0;0;0;0;0;0;0;0;0;0;0;3466;0;0;126;0;122;0;
9260;2150513;1216040960;23535616;1403084800;0;0;0;0;0;0;0;0;0;0;0;2354;0;0;126;0;122;0;
9261;5706983;1216040960;23535616;1403084800;0;0;0;0;0;0;0;0;0;0;0;2605;0;0;126;0;122;0;
9262;5703526;1216040960;23535616;1403084800;0;0;0;0;0;0;0;0;0;0;0;3066;0;0;126;0;122;0;
9263;2308048;1216040960;23535616;1403084800;0;0;0;0;0;0;0;0;0;0;0;1984;0;0;126;0;122;0;
9264;3539849;1216040960;23535616;1403084800;0;0;0;0;0;0;0;0;0;0;0;2515;0;0;126;0;122;0;
9265;4045257;1216040960;23535616;1403084800;0;0;0;0;0;0;0;0;0;0;0;3216;0;0;126;0;122;0;
9266;2005291;1216040960;23535616;1403084800;0;0;0;0;0;0;0;0;0;0;0;1733;0;0;126;0;122;0;
9267;7381803;1216040960;23535616;1403084800;0;0;0;0;0;0;0;0;0;0;0;3226;0;0;126;0;122;0;
9268;2306806;1216040960;23535616;1403084800;0;0;0;0;0;0;0;0;0;0;0;2184;0;0;126;0;122;0;
9269;4030078;1216040960;23535616;1403084800;0;0;0;0;0;0;0;0;0;0;0;2525;0;0;126;0;122;0;
9270;2824257;1216040960;23535616;1403084800;0;0;0;0;0;0;0;0;0;0;0;2635;0;0;126;0;122;0;
9271;2859763;1216040960;23535616;1403084800;0;0;0;0;0;0;0;0;0;0;0;45876;0;0;126;0;122;0;
9272;983544;1216040960;23535616;1403084800;0;0;0;0;0;0;0;0;0;0;0;1754;0;0;126;0;122;0;
9273;6924486;1216040960;23535616;1403084800;0;0;0;0;0;0;0;0;0;0;0;2695;0;0;126;0;122;0;
9274;2579437;1216040960;23535616;1403084800;0;0;0;0;0;0;0;0;0;0;0;2976;0;0;126;0;122;0;
9275;3821257;1216040960;23535616;1403084800;0;0;0;0;0;0;0;0;0;0;0;1533;0;0;126;0;122;0;
9276;2455245;1216040960;23535616;1403084800;0;0;0;0;0;0;0;0;0;0;0;2775;0;0;126;0;122;0;
9277;3201164;1216040960;23535616;1403084800;0;0;0;0;0;0;0;0;0;0;0;3286;0;0;126;0;122;0;
9278;3751426;1216040960;23535616;1403084800;0;0;0;0;0;0;0;0;0;0;0;3036;0;0;126;0;122;0;
9279;5984784;1216040960;23535616;1403084800;0;0;0;0;0;0;0;0;0;0;0;2474;0;0;126;0;122;0;
9280;4239461;1216040960;23535616;1403084800;0;0;0;0;0;0;0;0;0;0;0;1924;0;0;126;0;122;0;
9281;3088031;1216040960;23535616;1403084800;0;0;0;0;0;0;0;0;0;0;0;7113;0;0;126;0;122;0;
9282;2209603;1216040960;23535616;1403084800;0;0;0;0;0;0;0;0;0;0;0;2034;0;0;126;0;122;0;
9283;3548485;1216040960;23535616;1403084800;0;0;0;0;0;0;0;0;0;0;0;2295;0;0;126;0;122;0;
9284;1753940;1216040960;23535616;1403084800;0;0;0;0;0;0;0;0;0;0;0;1654;0;0;126;0;122;0;
9285;5299549;1216040960;23535616;1403084800;0;0;0;0;0;0;0;0;0;0;0;1914;0;0;126;0;122;0;
9286;2359095;1216040960;23535616;1403084800;0;0;0;0;0;0;0;0;0;0;0;1994;0;0;126;0;122;0;
9287;2354486;1216040960;23535616;1403084800;0;0;0;0;0;0;0;0;0;0;0;1693;0;0;126;0;122;0;
9288;1731597;1216040960;23535616;1403084800;0;0;0;0;0;0;0;0;0;0;0;2154;0;0;126;0;122;0;
9289;3837396;1216040960;23535616;1403084800;0;0;0;0;0;0;0;0;0;0;0;2004;0;0;126;0;122;0;
9290;1668449;1216040960;23535616;1403084800;0;0;0;0;0;0;0;0;0;0;0;1603;0;0;126;0;122;0;
9291;6577405;1216040960;23535616;1403084800;0;0;0;0;0;0;0;0;0;0;0;2254;0;0;126;0;122;0;
9292;2768873;1216040960;23535616;1403084800;0;0;0;0;0;0;0;0;0;0;0;1763;0;0;126;0;122;0;
9293;2578104;1216040960;23535616;1403084800;0;0;0;0;0;0;0;0;0;0;0;1603;0;0;126;0;122;0;
9294;2164570;1216040960;23535616;1403084800;0;0;0;0;0;0;0;0;0;0;0;1834;0;0;126;0;122;0;
9295;4469753;1216040960;23535616;1403084800;0;0;0;0;0;0;0;0;0;0;0;2544;0;0;126;0;122;0;
9296;2940144;1216040960;23535616;1403084800;0;0;0;0;0;0;0;0;0;0;0;2465;0;0;126;0;122;0;
9297;6152438;1216040960;23535616;1403084800;0;0;0;0;0;0;0;0;0;0;0;3036;0;0;126;0;122;0;
9298;5634767;1216040960;23535616;1403084800;0;0;0;0;0;0;0;0;0;0;0;2885;0;0;126;0;122;0;
9299;3451423;1216040960;23535616;1403084800;0;0;0;0;0;0;0;0;0;0;0;1914;0;0;126;0;122;0;
9300;2216186;1216040960;23535616;1403084800;0;0;0;0;0;0;0;0;0;0;0;2124;0;0;126;0;122;0;
9301;4846499;1216040960;23535616;1403084800;0;0;0;0;0;0;0;0;0;0;0;3116;0;0;126;0;122;0;
9302;2612680;1216040960;23535616;1403084800;0;0;0;0;0;0;0;0;0;0;0;2284;0;0;126;0;122;0;
9303;6134484;1216040960;23535616;1403084800;0;0;0;0;0;0;0;0;0;0;0;2956;0;0;126;0;122;0;
9304;3899052;1216040960;23535616;1403084800;0;0;0;0;0;0;0;0;0;0;0;2555;0;0;126;0;122;0;
9305;2763743;1216040960;23535616;1403084800;0;0;0;0;0;0;0;0;0;0;0;1863;0;0;126;0;122;0;
9306;3210120;1216040960;23535616;1403084800;0;0;0;0;0;0;0;0;0;0;0;2274;0;0;126;0;122;0;
9307;3642872;1216040960;23535616;1403084800;0;0;0;0;0;0;0;0;0;0;0;2274;0;0;126;0;122;0;
9308;2716004;1216040960;23535616;1403084800;0;0;0;0;0;0;0;0;0;0;0;1964;0;0;126;0;122;0;
9309;6478840;1216040960;23535616;1403084800;0;0;0;0;0;0;0;0;0;0;0;3176;0;0;126;0;122;0;
9310;3822057;1216040960;23535616;1403084800;0;0;0;0;0;0;0;0;0;0;0;2315;0;0;126;0;122;0;
9311;3563793;1216040960;23535616;1403084800;0;0;0;0;0;0;0;0;0;0;0;2434;0;0;126;0;122;0;
9312;2886113;1216040960;23535616;1403084800;0;0;0;0;0;0;0;0;0;0;0;2415;0;0;126;0;122;0;
9313;3648452;1216040960;23535616;1403084800;0;0;0;0;0;0;0;0;0;0;0;2465;0;0;126;0;122;0;
9314;3084615;1216040960;23535616;1403084800;0;0;0;0;0;0;0;0;0;0;0;2726;0;0;126;0;122;0;
9315;5543626;1216040960;23535616;1403084800;0;0;0;0;0;0;0;0;0;0;0;2996;0;0;126;0;122;0;
9316;3459157;1216040960;23535616;1403084800;0;0;0;0;0;0;0;0;0;0;0;2225;0;0;126;0;122;0;
9317;3574023;1216040960;23535616;1403084800;0;0;0;0;0;0;0;0;0;0;0;2224;0;0;126;0;122;0;
9318;2039475;1216040960;23535616;1403084800;0;0;0;0;0;0;0;0;0;0;0;1994;0;0;126;0;122;0;
9319;2315793;1216040960;23535616;1403084800;0;0;0;0;0;0;0;0;0;0;0;1813;0;0;126;0;122;0;
9320;3094524;1216040960;23535616;1403084800;0;0;0;0;0;0;0;0;0;0;0;2525;0;0;126;0;122;0;
9321;5408453;1216040960;23535616;1403084800;0;0;0;0;0;0;0;0;0;0;0;2435;0;0;126;0;122;0;
9322;4410371;1216040960;23535616;1403084800;0;0;0;0;0;0;0;0;0;0;0;2364;0;0;126;0;122;0;
9323;4282000;1216040960;23535616;1403084800;0;0;0;0;0;0;0;0;0;0;0;2144;0;0;126;0;122;0;
9324;3443958;1216040960;23535616;1403084800;0;0;0;0;0;0;0;0;0;0;0;2625;0;0;126;0;122;0;
9325;3921284;1216040960;23535616;1403084800;0;0;0;0;0;0;0;0;0;0;0;2485;0;0;126;0;122;0;
9326;2410752;1216040960;23535616;1403084800;0;0;0;0;0;0;0;0;0;0;0;2224;0;0;126;0;122;0;
9327;5647551;1216040960;23535616;1403084800;0;0;0;0;0;0;0;0;0;0;0;3246;0;0;126;0;122;0;
9328;3825434;1216040960;23535616;1403084800;0;0;0;0;0;0;0;0;0;0;0;2414;0;0;126;0;122;0;
9329;4699424;1216040960;23535616;1403084800;0;0;0;0;0;0;0;0;0;0;0;2484;0;0;126;0;122;0;
9330;3222764;1216040960;23535616;1403084800;0;0;0;0;0;0;0;0;0;0;0;2255;0;0;126;0;122;0;
9331;2963278;1216040960;23535616;1403084800;0;0;0;0;0;0;0;0;0;0;0;2164;0;0;126;0;122;0;
9332;2296847;1216040960;23535616;1403084800;0;0;0;0;0;0;0;0;0;0;0;1904;0;0;126;0;122;0;
9333;13054562;1216040960;23535616;1403084800;0;0;0;0;0;0;0;0;0;0;0;4839;0;0;126;0;122;0;
9334;5563534;1216040960;23535616;1403084800;0;0;0;0;0;0;0;0;0;0;0;3667;0;0;126;0;122;0;
9335;2264376;1216040960;23535616;1403084800;0;0;0;0;0;0;0;0;0;0;0;1613;0;0;126;0;122;0;
9336;1858465;1216040960;23535616;1403084800;0;0;0;0;0;0;0;0;0;0;0;1653;0;0;126;0;122;0;
9337;3074797;1216040960;23535616;1403084800;0;0;0;0;0;0;0;0;0;0;0;66154;0;0;126;0;122;0;
9338;1783024;1216040960;23535616;1403084800;0;0;0;0;0;0;0;0;0;0;0;1572;0;0;126;0;122;0;
9339;6035800;1216040960;23535616;1403084800;0;0;0;0;0;0;0;0;0;0;0;2715;0;0;126;0;122;0;
9340;2654869;1216040960;23535616;1403084800;0;0;0;0;0;0;0;0;0;0;0;1783;0;0;126;0;122;0;
9341;2679274;1216040960;23535616;1403084800;0;0;0;0;0;0;0;0;0;0;0;1864;0;0;126;0;122;0;
9342;1851863;1216040960;23535616;1403084800;0;0;0;0;0;0;0;0;0;0;0;1753;0;0;126;0;122;0;
9343;2196660;1216040960;23535616;1403084800;0;0;0;0;0;0;0;0;0;0;0;1754;0;0;126;0;122;0;
9344;2507994;1216040960;23535616;1403084800;0;0;0;0;0;0;0;0;0;0;0;1583;0;0;126;0;122;0;
9345;6304783;1216040960;23535616;1403084800;0;0;0;0;0;0;0;0;0;0;0;55484;0;0;126;0;122;0;
9346;2977324;1216040960;23535616;1403084800;0;0;0;0;0;0;0;0;0;0;0;1693;0;0;126;0;122;0;
9347;2675728;1216040960;23535616;1403084800;0;0;0;0;0;0;0;0;0;0;0;1743;0;0;126;0;122;0;
9348;1951510;1216040960;23535616;1403084800;0;0;0;0;0;0;0;0;0;0;0;1413;0;0;126;0;122;0;
9349;2917230;1216040960;23535616;1403084800;0;0;0;0;0;0;0;0;0;0;0;2154;0;0;126;0;122;0;
9350;2234260;1216040960;23535616;1403084800;0;0;0;0;0;0;0;0;0;0;0;1463;0;0;126;0;122;0;
9351;5810677;1216040960;23535616;1403084800;0;0;0;0;0;0;0;0;0;0;0;1933;0;0;126;0;122;0;
9352;2233238;1216040960;23535616;1403084800;0;0;0;0;0;0;0;0;0;0;0;1673;0;0;126;0;122;0;
9353;2524514;1216040960;23535616;1403084800;0;0;0;0;0;0;0;0;0;0;0;1553;0;0;126;0;122;0;
9354;1983921;1216040960;23535616;1403084800;0;0;0;0;0;0;0;0;0;0;0;1843;0;0;126;0;122;0;
9355;1747317;1216040960;23535616;1403084800;0;0;0;0;0;0;0;0;0;0;0;1704;0;0;126;0;122;0;
9356;1158463;1216040960;23535616;1403084800;0;0;0;0;0;0;0;0;0;0;0;1713;0;0;126;0;122;0;
9357;5162421;1216040960;23535616;1403084800;0;0;0;0;0;0;0;0;0;0;0;1764;0;0;126;0;122;0;
9358;2435768;1216040960;23535616;1403084800;0;0;0;0;0;0;0;0;0;0;0;1553;0;0;126;0;122;0;
9359;2262202;1216040960;23535616;1403084800;0;0;0;0;0;0;0;0;0;0;0;1583;0;0;126;0;122;0;
9360;1865549;1216040960;23535616;1403084800;0;0;0;0;0;0;0;0;0;0;0;1573;0;0;126;0;122;0;
9361;2001613;1216040960;23535616;1403084800;0;0;0;0;0;0;0;0;0;0;0;1753;0;0;126;0;122;0;
9362;2163177;1216040960;23535616;1403084800;0;0;0;0;0;0;0;0;0;0;0;1542;0;0;126;0;122;0;
9363;5770411;1216040960;23535616;1403084800;0;0;0;0;0;0;0;0;0;0;0;2074;0;0;126;0;122;0;
9364;3257589;1216040960;23535616;1403084800;0;0;0;0;0;0;0;0;0;0;0;1873;0;0;126;0;122;0;
9365;2628820;1216040960;23535616;1403084800;0;0;0;0;0;0;0;0;0;0;0;1743;0;0;126;0;122;0;
9366;1748178;1216040960;23535616;1403084800;0;0;0;0;0;0;0;0;0;0;0;1753;0;0;126;0;122;0;
9367;3637973;1216040960;23535616;1403084800;0;0;0;0;0;0;0;0;0;0;0;1493;0;0;126;0;122;0;
9368;2235683;1216040960;23535616;1403084800;0;0;0;0;0;0;0;0;0;0;0;1563;0;0;126;0;122;0;
9369;5514321;1216040960;23535616;1403084800;0;0;0;0;0;0;0;0;0;0;0;1784;0;0;126;0;122;0;
9370;2875473;1216040960;23535616;1403084800;0;0;0;0;0;0;0;0;0;0;0;1573;0;0;126;0;122;0;
9371;2610966;1216040960;23535616;1403084800;0;0;0;0;0;0;0;0;0;0;0;1433;0;0;126;0;122;0;
9372;2613161;1216040960;23535616;1403084800;0;0;0;0;0;0;0;0;0;0;0;1523;0;0;126;0;122;0;
9373;2524485;1216040960;23535616;1403084800;0;0;0;0;0;0;0;0;0;0;0;1543;0;0;126;0;122;0;
9374;2436409;1216040960;23535616;1403084800;0;0;0;0;0;0;0;0;0;0;0;1423;0;0;126;0;122;0;
9375;4888958;1216040960;23535616;1403084800;0;0;0;0;0;0;0;0;0;0;0;1793;0;0;126;0;122;0;
9376;2883288;1216040960;23535616;1403084800;0;0;0;0;0;0;0;0;0;0;0;1773;0;0;126;0;122;0;
9377;2593765;1216040960;23535616;1403084800;0;0;0;0;0;0;0;0;0;0;0;1583;0;0;126;0;122;0;
9378;2415370;1216040960;23535616;1403084800;0;0;0;0;0;0;0;0;0;0;0;1663;0;0;126;0;122;0;
9379;2343454;1216040960;23535616;1403084800;0;0;0;0;0;0;0;0;0;0;0;2144;0;0;126;0;122;0;
9380;2206117;1216040960;23535616;1403084800;0;0;0;0;0;0;0;0;0;0;0;1803;0;0;126;0;122;0;
9381;5327391;1216040960;23535616;1403084800;0;0;0;0;0;0;0;0;0;0;0;1844;0;0;126;0;122;0;
9382;2607530;1216040960;23535616;1403084800;0;0;0;0;0;0;0;0;0;0;0;1823;0;0;126;0;122;0;
9383;2954030;1216040960;23535616;1403084800;0;0;0;0;0;0;0;0;0;0;0;1613;0;0;126;0;122;0;
9384;2159309;1216040960;23535616;1403084800;0;0;0;0;0;0;0;0;0;0;0;1643;0;0;126;0;122;0;
9385;2774293;1216040960;23535616;1403084800;0;0;0;0;0;0;0;0;0;0;0;1763;0;0;126;0;122;0;
9386;1928997;1216040960;23535616;1403084800;0;0;0;0;0;0;0;0;0;0;0;1783;0;0;126;0;122;0;
9387;5853498;1216040960;23535616;1403084800;0;0;0;0;0;0;0;0;0;0;0;2064;0;0;126;0;122;0;
9388;2606147;1216040960;23535616;1403084800;0;0;0;0;0;0;0;0;0;0;0;1863;0;0;126;0;122;0;
9389;2450074;1216040960;23535616;1403084800;0;0;0;0;0;0;0;0;0;0;0;1833;0;0;126;0;122;0;
9390;1954055;1216040960;23535616;1403084800;0;0;0;0;0;0;0;0;0;0;0;1723;0;0;126;0;122;0;
9391;3092740;1216040960;23535616;1403084800;0;0;0;0;0;0;0;0;0;0;0;1864;0;0;126;0;122;0;
9392;2243597;1216040960;23535616;1403084800;0;0;0;0;0;0;0;0;0;0;0;1443;0;0;126;0;122;0;
9393;5291193;1216040960;23535616;1403084800;0;0;0;0;0;0;0;0;0;0;0;1723;0;0;126;0;122;0;
9394;2730771;1216040960;23535616;1403084800;0;0;0;0;0;0;0;0;0;0;0;1583;0;0;126;0;122;0;
9395;2992573;1216040960;23535616;1403084800;0;0;0;0;0;0;0;0;0;0;0;1372;0;0;126;0;122;0;
9396;2073118;1216040960;23535616;1403084800;0;0;0;0;0;0;0;0;0;0;0;1583;0;0;126;0;122;0;
9397;2764986;1216040960;23535616;1403084800;0;0;0;0;0;0;0;0;0;0;0;1623;0;0;126;0;122;0;
9398;2485782;1216040960;23535616;1403084800;0;0;0;0;0;0;0;0;0;0;0;1462;0;0;126;0;122;0;
9399;5550449;1216040960;23535616;1403084800;0;0;0;0;0;0;0;0;0;0;0;2054;0;0;126;0;122;0;
9400;2900990;1216040960;23535616;1403084800;0;0;0;0;0;0;0;0;0;0;0;1803;0;0;126;0;122;0;
9401;2666531;1216040960;23535616;1403084800;0;0;0;0;0;0;0;0;0;0;0;1884;0;0;126;0;122;0;
9402;1864798;1216040960;23535616;1403084800;0;0;0;0;0;0;0;0;0;0;0;1784;0;0;126;0;122;0;
9403;2610756;1216040960;23535616;1403084800;0;0;0;0;0;0;0;0;0;0;0;1753;0;0;126;0;122;0;
9404;2400041;1216040960;23535616;1403084800;0;0;0;0;0;0;0;0;0;0;0;1693;0;0;126;0;122;0;
9405;5682477;1216040960;23535616;1403084800;0;0;0;0;0;0;0;0;0;0;0;2094;0;0;126;0;122;0;
9406;3299257;1216040960;23535616;1403084800;0;0;0;0;0;0;0;0;0;0;0;1763;0;0;126;0;122;0;
9407;2481974;1216040960;23535616;1403084800;0;0;0;0;0;0;0;0;0;0;0;1743;0;0;126;0;122;0;
9408;2216687;1216040960;23535616;1403084800;0;0;0;0;0;0;0;0;0;0;0;1853;0;0;126;0;122;0;
9409;2214673;1216040960;23535616;1403084800;0;0;0;0;0;0;0;0;0;0;0;1754;0;0;126;0;122;0;
9410;2358843;1216040960;23535616;1403084800;0;0;0;0;0;0;0;0;0;0;0;1683;0;0;126;0;122;0;
9411;5370531;1216040960;23535616;1403084800;0;0;0;0;0;0;0;0;0;0;0;1973;0;0;126;0;122;0;
9412;2392207;1216040960;23535616;1403084800;0;0;0;0;0;0;0;0;0;0;0;1653;0;0;126;0;122;0;
9413;2808457;1216040960;23535616;1403084800;0;0;0;0;0;0;0;0;0;0;0;1874;0;0;126;0;122;0;
9414;2027653;1216040960;23535616;1403084800;0;0;0;0;0;0;0;0;0;0;0;1704;0;0;126;0;122;0;
9415;2854924;1216040960;23535616;1403084800;0;0;0;0;0;0;0;0;0;0;0;1793;0;0;126;0;122;0;
9416;2283873;1216040960;23535616;1403084800;0;0;0;0;0;0;0;0;0;0;0;1573;0;0;126;0;122;0;
9417;5438679;1216040960;23535616;1403084800;0;0;0;0;0;0;0;0;0;0;0;2094;0;0;126;0;122;0;
9418;3133767;1216040960;23535616;1403084800;0;0;0;0;0;0;0;0;0;0;0;1713;0;0;126;0;122;0;
9419;2432212;1216040960;23535616;1403084800;0;0;0;0;0;0;0;0;0;0;0;1472;0;0;126;0;122;0;
9420;2210746;1216040960;23535616;1403084800;0;0;0;0;0;0;0;0;0;0;0;1493;0;0;126;0;122;0;
9421;2082005;1216040960;23535616;1403084800;0;0;0;0;0;0;0;0;0;0;0;1483;0;0;126;0;122;0;
9422;2427642;1216040960;23535616;1403084800;0;0;0;0;0;0;0;0;0;0;0;1473;0;0;126;0;122;0;
9423;5481079;1216307200;23535616;1403084800;0;0;0;0;0;0;0;0;0;0;0;1874;0;0;126;0;122;0;
9424;2902994;1216307200;23535616;1403084800;0;0;0;0;0;0;0;0;0;0;0;1823;0;0;126;0;122;0;
9425;2885662;1216307200;23535616;1403084800;0;0;0;0;0;0;0;0;0;0;0;1633;0;0;126;0;122;0;
9426;2709662;1216307200;23535616;1403084800;0;0;0;0;0;0;0;0;0;0;0;1673;0;0;126;0;122;0;
9427;2647936;1216307200;23535616;1403084800;0;0;0;0;0;0;0;0;0;0;0;1523;0;0;126;0;122;0;
9428;1626260;1216307200;23535616;1403084800;0;0;0;0;0;0;0;0;0;0;0;1733;0;0;126;0;122;0;
9429;5422569;1216307200;23535616;1403084800;0;0;0;0;0;0;0;0;0;0;0;1903;0;0;126;0;122;0;
9430;3289749;1216307200;23535616;1403084800;0;0;0;0;0;0;0;0;0;0;0;1623;0;0;126;0;122;0;
9431;3061983;1216307200;23535616;1403084800;0;0;0;0;0;0;0;0;0;0;0;1573;0;0;126;0;122;0;
9432;2193173;1216307200;23535616;1403084800;0;0;0;0;0;0;0;0;0;0;0;1453;0;0;126;0;122;0;
9433;2238759;1216307200;23535616;1403084800;0;0;0;0;0;0;0;0;0;0;0;1734;0;0;126;0;122;0;
9434;2611397;1216307200;23535616;1403084800;0;0;0;0;0;0;0;0;0;0;0;1754;0;0;126;0;122;0;
9435;5867483;1216307200;23535616;1403084800;0;0;0;0;0;0;0;0;0;0;0;203251;0;0;126;0;122;0;
9436;3583250;1216307200;23535616;1403084800;0;0;0;0;0;0;0;0;0;0;0;2524;0;0;126;0;122;0;
9437;3261828;1216307200;23535616;1403084800;0;0;0;0;0;0;0;0;0;0;0;1643;0;0;126;0;122;0;
9438;2414979;1216307200;23535616;1403084800;0;0;0;0;0;0;0;0;0;0;0;8085;0;0;126;0;122;0;
9439;2737253;1216307200;23535616;1403084800;0;0;0;0;0;0;0;0;0;0;0;1653;0;0;126;0;122;0;
9440;2510969;1216307200;23535616;1403084800;0;0;0;0;0;0;0;0;0;0;0;1473;0;0;126;0;122;0;
9441;4998094;1216307200;23535616;1403084800;0;0;0;0;0;0;0;0;0;0;0;1994;0;0;126;0;122;0;
9442;2974007;1216307200;23535616;1403084800;0;0;0;0;0;0;0;0;0;0;0;1894;0;0;126;0;122;0;
9443;3209068;1216307200;23535616;1403084800;0;0;0;0;0;0;0;0;0;0;0;2535;0;0;126;0;122;0;
9444;2364544;1216307200;23535616;1403084800;0;0;0;0;0;0;0;0;0;0;0;1853;0;0;126;0;122;0;
9445;2725912;1216307200;23535616;1403084800;0;0;0;0;0;0;0;0;0;0;0;1804;0;0;126;0;122;0;
9446;2272061;1216307200;23535616;1403084800;0;0;0;0;0;0;0;0;0;0;0;1513;0;0;126;0;122;0;
9447;5508961;1216307200;23535616;1403084800;0;0;0;0;0;0;0;0;0;0;0;1814;0;0;126;0;122;0;
9448;3041164;1216307200;23535616;1403084800;0;0;0;0;0;0;0;0;0;0;0;2094;0;0;126;0;122;0;
9449;3477622;1216307200;23535616;1403084800;0;0;0;0;0;0;0;0;0;0;0;1763;0;0;126;0;122;0;
9450;2627788;1216307200;23535616;1403084800;0;0;0;0;0;0;0;0;0;0;0;120386;0;0;126;0;122;0;
9451;2647124;1216307200;23535616;1403084800;0;0;0;0;0;0;0;0;0;0;0;1753;0;0;126;0;122;0;
9452;2264778;1216307200;23535616;1403084800;0;0;0;0;0;0;0;0;0;0;0;1953;0;0;126;0;122;0;
9453;5375090;1216307200;23535616;1403084800;0;0;0;0;0;0;0;0;0;0;0;2194;0;0;126;0;122;0;
9454;3681334;1216307200;23535616;1403084800;0;0;0;0;0;0;0;0;0;0;0;1764;0;0;126;0;122;0;
9455;3084295;1216307200;23535616;1403084800;0;0;0;0;0;0;0;0;0;0;0;1663;0;0;126;0;122;0;
9456;1858666;1216307200;23535616;1403084800;0;0;0;0;0;0;0;0;0;0;0;1924;0;0;126;0;122;0;
9457;2965381;1216307200;23535616;1403084800;0;0;0;0;0;0;0;0;0;0;0;1804;0;0;126;0;122;0;
9458;2011232;1216307200;23535616;1403084800;0;0;0;0;0;0;0;0;0;0;0;1643;0;0;126;0;122;0;
9459;5507568;1216307200;23535616;1403084800;0;0;0;0;0;0;0;0;0;0;0;1814;0;0;126;0;122;0;
9460;2841218;1216307200;23535616;1403084800;0;0;0;0;0;0;0;0;0;0;0;1713;0;0;126;0;122;0;
9461;2933491;1216307200;23535616;1403084800;0;0;0;0;0;0;0;0;0;0;0;1713;0;0;126;0;122;0;
9462;2233508;1216307200;23535616;1403084800;0;0;0;0;0;0;0;0;0;0;0;1703;0;0;126;0;122;0;
9463;2932118;1216307200;23535616;1403084800;0;0;0;0;0;0;0;0;0;0;0;1503;0;0;126;0;122;0;
9464;2411733;1216307200;23535616;1403084800;0;0;0;0;0;0;0;0;0;0;0;1482;0;0;126;0;122;0;
9465;5155028;1216307200;23535616;1403084800;0;0;0;0;0;0;0;0;0;0;0;2464;0;0;126;0;122;0;
9466;3424462;1216307200;23535616;1403084800;0;0;0;0;0;0;0;0;0;0;0;1953;0;0;126;0;122;0;
9467;2940805;1216307200;23535616;1403084800;0;0;0;0;0;0;0;0;0;0;0;1523;0;0;126;0;122;0;
9468;2257404;1216307200;23535616;1403084800;0;0;0;0;0;0;0;0;0;0;0;1202;0;0;126;0;122;0;
9469;2534653;1216307200;23535616;1403084800;0;0;0;0;0;0;0;0;0;0;0;1533;0;0;126;0;122;0;
9470;2324710;1216307200;23535616;1403084800;0;0;0;0;0;0;0;0;0;0;0;1163;0;0;126;0;122;0;
9471;5386331;1216307200;23535616;1403084800;0;0;0;0;0;0;0;0;0;0;0;1573;0;0;126;0;122;0;
9472;3532916;1216307200;23535616;1403084800;0;0;0;0;0;0;0;0;0;0;0;1583;0;0;126;0;122;0;
9473;3143495;1216307200;23535616;1403084800;0;0;0;0;0;0;0;0;0;0;0;1623;0;0;126;0;122;0;
9474;2500029;1216307200;23535616;1403084800;0;0;0;0;0;0;0;0;0;0;0;1633;0;0;126;0;122;0;
9475;2898095;1216307200;23535616;1403084800;0;0;0;0;0;0;0;0;0;0;0;1703;0;0;126;0;122;0;
9476;2125626;1216307200;23535616;1403084800;0;0;0;0;0;0;0;0;0;0;0;1963;0;0;126;0;122;0;
9477;5663431;1216307200;23535616;1403084800;0;0;0;0;0;0;0;0;0;0;0;1963;0;0;126;0;122;0;
9478;3045562;1216307200;23535616;1403084800;0;0;0;0;0;0;0;0;0;0;0;1763;0;0;126;0;122;0;
9479;2876325;1216307200;23535616;1403084800;0;0;0;0;0;0;0;0;0;0;0;1653;0;0;126;0;122;0;
9480;1772384;1216307200;23535616;1403084800;0;0;0;0;0;0;0;0;0;0;0;1724;0;0;126;0;122;0;
9481;2698410;1216307200;23535616;1403084800;0;0;0;0;0;0;0;0;0;0;0;1833;0;0;126;0;122;0;
9482;3229787;1216307200;23535616;1403084800;0;0;0;0;0;0;0;0;0;0;0;1453;0;0;126;0;122;0;
9483;5644185;1216307200;23535616;1403084800;0;0;0;0;0;0;0;0;0;0;0;1884;0;0;126;0;122;0;
9484;3056031;1216307200;23535616;1403084800;0;0;0;0;0;0;0;0;0;0;0;1623;0;0;126;0;122;0;
9485;2750838;1216307200;23535616;1403084800;0;0;0;0;0;0;0;0;0;0;0;1473;0;0;126;0;122;0;
9486;1887400;1216307200;23535616;1403084800;0;0;0;0;0;0;0;0;0;0;0;1593;0;0;126;0;122;0;
9487;3288758;1216307200;23535616;1403084800;0;0;0;0;0;0;0;0;0;0;0;1503;0;0;126;0;122;0;
9488;2347833;1216307200;23535616;1403084800;0;0;0;0;0;0;0;0;0;0;0;1172;0;0;126;0;122;0;
9489;6116751;1216307200;23535616;1403084800;0;0;0;0;0;0;0;0;0;0;0;1673;0;0;126;0;122;0;
9490;2419408;1216307200;23535616;1403084800;0;0;0;0;0;0;0;0;0;0;0;2194;0;0;126;0;122;0;
9491;3012970;1216307200;23535616;1403084800;0;0;0;0;0;0;0;0;0;0;0;1653;0;0;126;0;122;0;
9492;2609173;1216307200;23535616;1403084800;0;0;0;0;0;0;0;0;0;0;0;1793;0;0;126;0;122;0;
9493;2176161;1216307200;23535616;1403084800;0;0;0;0;0;0;0;0;0;0;0;1914;0;0;126;0;122;0;
9494;2189737;1216307200;23535616;1403084800;0;0;0;0;0;0;0;0;0;0;0;1633;0;0;126;0;122;0;
9495;5161620;1216307200;23535616;1403084800;0;0;0;0;0;0;0;0;0;0;0;2084;0;0;126;0;122;0;
9496;1999129;1216307200;23535616;1403084800;0;0;0;0;0;0;0;0;0;0;0;1743;0;0;126;0;122;0;
9497;3285993;1216307200;23535616;1403084800;0;0;0;0;0;0;0;0;0;0;0;1703;0;0;126;0;122;0;
9498;2478278;1216307200;23535616;1403084800;0;0;0;0;0;0;0;0;0;0;0;1684;0;0;126;0;122;0;
9499;2723317;1216307200;23535616;1403084800;0;0;0;0;0;0;0;0;0;0;0;1883;0;0;126;0;122;0;
9500;2705794;1216307200;23535616;1403084800;0;0;0;0;0;0;0;0;0;0;0;1603;0;0;126;0;122;0;
9501;5437968;1216307200;23535616;1403084800;0;0;0;0;0;0;0;0;0;0;0;1743;0;0;126;0;122;0;
9502;3065289;1216307200;23535616;1403084800;0;0;0;0;0;0;0;0;0;0;0;2475;0;0;126;0;122;0;
9503;3194291;1216307200;23535616;1403084800;0;0;0;0;0;0;0;0;0;0;0;1813;0;0;126;0;122;0;
9504;1670783;1216307200;23535616;1403084800;0;0;0;0;0;0;0;0;0;0;0;1894;0;0;126;0;122;0;
9505;3060570;1216307200;23535616;1403084800;0;0;0;0;0;0;0;0;0;0;0;1793;0;0;126;0;122;0;
9506;2171983;1216307200;23535616;1403084800;0;0;0;0;0;0;0;0;0;0;0;1482;0;0;126;0;122;0;
9507;5516806;1216307200;23535616;1403084800;0;0;0;0;0;0;0;0;0;0;0;1913;0;0;126;0;122;0;
9508;1962560;1216307200;23535616;1403084800;0;0;0;0;0;0;0;0;0;0;0;1693;0;0;126;0;122;0;
9509;2048752;1216307200;23535616;1403084800;0;0;0;0;0;0;0;0;0;0;0;1543;0;0;126;0;122;0;
9510;2169589;1216307200;23535616;1403084800;0;0;0;0;0;0;0;0;0;0;0;1553;0;0;126;0;122;0;
9511;2680497;1216307200;23535616;1403084800;0;0;0;0;0;0;0;0;0;0;0;1893;0;0;126;0;122;0;
9512;2303470;1216307200;23535616;1403084800;0;0;0;0;0;0;0;0;0;0;0;1764;0;0;126;0;122;0;
9513;5725738;1216307200;23535616;1403084800;0;0;0;0;0;0;0;0;0;0;0;2054;0;0;126;0;122;0;
9514;3911455;1216307200;23535616;1403084800;0;0;0;0;0;0;0;0;0;0;0;1773;0;0;126;0;122;0;
9515;3099512;1216307200;23535616;1403084800;0;0;0;0;0;0;0;0;0;0;0;1673;0;0;126;0;122;0;
9516;2801434;1216307200;23535616;1403084800;0;0;0;0;0;0;0;0;0;0;0;1743;0;0;126;0;122;0;
9517;2828244;1216307200;23535616;1403084800;0;0;0;0;0;0;0;0;0;0;0;1633;0;0;126;0;122;0;
9518;2517501;1216307200;23535616;1403084800;0;0;0;0;0;0;0;0;0;0;0;1673;0;0;126;0;122;0;
9519;5938497;1216307200;23535616;1403084800;0;0;0;0;0;0;0;0;0;0;0;2033;0;0;126;0;122;0;
9520;3606684;1216307200;23535616;1403084800;0;0;0;0;0;0;0;0;0;0;0;1924;0;0;126;0;122;0;
9521;2754215;1216307200;23535616;1403084800;0;0;0;0;0;0;0;0;0;0;0;1613;0;0;126;0;122;0;
9522;2602771;1216307200;23535616;1403084800;0;0;0;0;0;0;0;0;0;0;0;2245;0;0;126;0;122;0;
9523;3229847;1216307200;23535616;1403084800;0;0;0;0;0;0;0;0;0;0;0;1573;0;0;126;0;122;0;
9524;2822313;1216307200;23535616;1403084800;0;0;0;0;0;0;0;0;0;0;0;1573;0;0;126;0;122;0;
9525;5766785;1216307200;23543808;1403092992;0;0;0;0;0;0;0;0;0;0;0;2715;0;0;126;0;122;0;
9526;3783396;1216307200;23547904;1403097088;0;0;0;0;0;0;0;0;0;0;0;1964;0;0;126;0;122;0;
9527;3240036;1216307200;23547904;1403097088;0;0;0;0;0;0;0;0;0;0;0;1693;0;0;126;0;122;0;
9528;2560892;1216307200;23547904;1403097088;0;0;0;0;0;0;0;0;0;0;0;1753;0;0;126;0;122;0;
9529;2888356;1216307200;23547904;1403097088;0;0;0;0;0;0;0;0;0;0;0;1843;0;0;126;0;122;0;
9530;2561754;1216307200;23547904;1403097088;0;0;0;0;0;0;0;0;0;0;0;1613;0;0;126;0;122;0;
9531;5788896;1216307200;23547904;1403097088;0;0;0;0;0;0;0;0;0;0;0;1903;0;0;126;0;122;0;
9532;3023160;1216307200;23547904;1403097088;0;0;0;0;0;0;0;0;0;0;0;1693;0;0;126;0;122;0;
9533;3424602;1216307200;23547904;1403097088;0;0;0;0;0;0;0;0;0;0;0;1613;0;0;126;0;122;0;
9534;2264136;1216307200;23547904;1403097088;0;0;0;0;0;0;0;0;0;0;0;1803;0;0;126;0;122;0;
9535;2720162;1216307200;23547904;1403097088;0;0;0;0;0;0;0;0;0;0;0;1783;0;0;126;0;122;0;
9536;1457022;1216307200;23547904;1403097088;0;0;0;0;0;0;0;0;0;0;0;1643;0;0;126;0;122;0;
9537;6207070;1216307200;23547904;1403097088;0;0;0;0;0;0;0;0;0;0;0;1733;0;0;126;0;122;0;
9538;3197697;1216307200;23547904;1403097088;0;0;0;0;0;0;0;0;0;0;0;2335;0;0;126;0;122;0;
9539;2559660;1216483328;23535616;1403084800;0;0;0;0;0;0;0;0;0;0;0;1613;0;0;126;0;122;0;
9540;1560988;1216483328;23535616;1403084800;0;0;0;0;0;0;0;0;0;0;0;1934;0;0;126;0;122;0;
9541;3047855;1216483328;23535616;1403084800;0;0;0;0;0;0;0;0;0;0;0;1774;0;0;126;0;122;0;
9542;3182639;1216483328;23535616;1403084800;0;0;0;0;0;0;0;0;0;0;0;1914;0;0;126;0;122;0;
9543;5750735;1216483328;23535616;1403084800;0;0;0;0;0;0;0;0;0;0;0;2144;0;0;126;0;122;0;
9544;3089975;1216483328;23535616;1403084800;0;0;0;0;0;0;0;0;0;0;0;1733;0;0;126;0;122;0;
9545;2445917;1216483328;23535616;1403084800;0;0;0;0;0;0;0;0;0;0;0;1814;0;0;126;0;122;0;
9546;2716855;1216483328;23535616;1403084800;0;0;0;0;0;0;0;0;0;0;0;1814;0;0;126;0;122;0;
9547;2646844;1216483328;23535616;1403084800;0;0;0;0;0;0;0;0;0;0;0;1643;0;0;126;0;122;0;
9548;2827382;1216483328;23535616;1403084800;0;0;0;0;0;0;0;0;0;0;0;1593;0;0;126;0;122;0;
9549;5820856;1216483328;23535616;1403084800;0;0;0;0;0;0;0;0;0;0;0;1713;0;0;126;0;122;0;
9550;3253412;1216483328;23535616;1403084800;0;0;0;0;0;0;0;0;0;0;0;2184;0;0;126;0;122;0;
9551;3246508;1216483328;23535616;1403084800;0;0;0;0;0;0;0;0;0;0;0;1753;0;0;126;0;122;0;
9552;2758734;1216483328;23535616;1403084800;0;0;0;0;0;0;0;0;0;0;0;1794;0;0;126;0;122;0;
9553;2446248;1216483328;23535616;1403084800;0;0;0;0;0;0;0;0;0;0;0;1954;0;0;126;0;122;0;
9554;1868404;1216483328;23535616;1403084800;0;0;0;0;0;0;0;0;0;0;0;114785;0;0;126;0;122;0;
9555;4964721;1216483328;23535616;1403084800;0;0;0;0;0;0;0;0;0;0;0;2114;0;0;126;0;122;0;
9556;3169584;1216483328;23535616;1403084800;0;0;0;0;0;0;0;0;0;0;0;1873;0;0;126;0;122;0;
9557;3393905;1216483328;23535616;1403084800;0;0;0;0;0;0;0;0;0;0;0;1472;0;0;126;0;122;0;
9558;1950648;1216483328;23535616;1403084800;0;0;0;0;0;0;0;0;0;0;0;1673;0;0;126;0;122;0;
9559;2922440;1216483328;23535616;1403084800;0;0;0;0;0;0;0;0;0;0;0;2034;0;0;126;0;122;0;
9560;2642466;1216483328;23535616;1403084800;0;0;0;0;0;0;0;0;0;0;0;1803;0;0;126;0;122;0;
9561;7562242;1216483328;23535616;1403084800;0;0;0;0;0;0;0;0;0;0;0;2024;0;0;126;0;122;0;
9562;3312772;1216483328;23535616;1403084800;0;0;0;0;0;0;0;0;0;0;0;1983;0;0;126;0;122;0;
9563;3592938;1216483328;23535616;1403084800;0;0;0;0;0;0;0;0;0;0;0;1693;0;0;126;0;122;0;
9564;2512802;1216483328;23535616;1403084800;0;0;0;0;0;0;0;0;0;0;0;1964;0;0;126;0;122;0;
9565;3081359;1216483328;23535616;1403084800;0;0;0;0;0;0;0;0;0;0;0;1643;0;0;126;0;122;0;
9566;2459843;1216483328;23535616;1403084800;0;0;0;0;0;0;0;0;0;0;0;2034;0;0;126;0;122;0;
9567;5993310;1216483328;23535616;1403084800;0;0;0;0;0;0;0;0;0;0;0;1843;0;0;126;0;122;0;
9568;2870273;1216483328;23535616;1403084800;0;0;0;0;0;0;0;0;0;0;0;1813;0;0;126;0;122;0;
9569;2666030;1216483328;23535616;1403084800;0;0;0;0;0;0;0;0;0;0;0;1874;0;0;126;0;122;0;
9570;2852980;1216483328;23535616;1403084800;0;0;0;0;0;0;0;0;0;0;0;1513;0;0;126;0;122;0;
9571;3119059;1216483328;23535616;1403084800;0;0;0;0;0;0;0;0;0;0;0;1923;0;0;126;0;122;0;
9572;1729173;1216483328;23535616;1403084800;0;0;0;0;0;0;0;0;0;0;0;1683;0;0;126;0;122;0;
9573;5532165;1216483328;23535616;1403084800;0;0;0;0;0;0;0;0;0;0;0;2074;0;0;126;0;122;0;
9574;3108780;1216483328;23535616;1403084800;0;0;0;0;0;0;0;0;0;0;0;1924;0;0;126;0;122;0;
9575;3221772;1216483328;23535616;1403084800;0;0;0;0;0;0;0;0;0;0;0;1934;0;0;126;0;122;0;
9576;2185208;1216483328;23535616;1403084800;0;0;0;0;0;0;0;0;0;0;0;1864;0;0;126;0;122;0;
9577;2380705;1216483328;23535616;1403084800;0;0;0;0;0;0;0;0;0;0;0;1923;0;0;126;0;122;0;
9578;2189376;1216483328;23535616;1403084800;0;0;0;0;0;0;0;0;0;0;0;1533;0;0;126;0;122;0;
9579;5686454;1216483328;23535616;1403084800;0;0;0;0;0;0;0;0;0;0;0;1723;0;0;126;0;122;0;
9580;3558464;1216483328;23535616;1403084800;0;0;0;0;0;0;0;0;0;0;0;1874;0;0;126;0;122;0;
9581;2925346;1216483328;23535616;1403084800;0;0;0;0;0;0;0;0;0;0;0;1513;0;0;126;0;122;0;
9582;2360156;1216483328;23535616;1403084800;0;0;0;0;0;0;0;0;0;0;0;1523;0;0;126;0;122;0;
9583;2932660;1216483328;23535616;1403084800;0;0;0;0;0;0;0;0;0;0;0;1582;0;0;126;0;122;0;
9584;2191499;1216483328;23535616;1403084800;0;0;0;0;0;0;0;0;0;0;0;1603;0;0;126;0;122;0;
9585;6043564;1216483328;23535616;1403084800;0;0;0;0;0;0;0;0;0;0;0;2274;0;0;126;0;122;0;
9586;3358279;1216483328;23535616;1403084800;0;0;0;0;0;0;0;0;0;0;0;127469;0;0;126;0;122;0;
9587;2384402;1216483328;23535616;1403084800;0;0;0;0;0;0;0;0;0;0;0;1703;0;0;126;0;122;0;
9588;1974012;1216483328;23535616;1403084800;0;0;0;0;0;0;0;0;0;0;0;1893;0;0;126;0;122;0;
9589;3021757;1216483328;23535616;1403084800;0;0;0;0;0;0;0;0;0;0;0;1973;0;0;126;0;122;0;
9590;2552877;1216483328;23535616;1403084800;0;0;0;0;0;0;0;0;0;0;0;125846;0;0;126;0;122;0;
9591;5058166;1216483328;23535616;1403084800;0;0;0;0;0;0;0;0;0;0;0;2024;0;0;126;0;122;0;
9592;3452324;1216483328;23535616;1403084800;0;0;0;0;0;0;0;0;0;0;0;2695;0;0;126;0;122;0;
9593;3642491;1216483328;23535616;1403084800;0;0;0;0;0;0;0;0;0;0;0;1743;0;0;126;0;122;0;
9594;2548068;1216483328;23535616;1403084800;0;0;0;0;0;0;0;0;0;0;0;1924;0;0;126;0;122;0;
9595;3030885;1216483328;23535616;1403084800;0;0;0;0;0;0;0;0;0;0;0;2023;0;0;126;0;122;0;
9596;2946546;1216483328;23535616;1403084800;0;0;0;0;0;0;0;0;0;0;0;1763;0;0;126;0;122;0;
9597;6200187;1216483328;23535616;1403084800;0;0;0;0;0;0;0;0;0;0;0;1643;0;0;126;0;122;0;
9598;3192848;1216483328;23535616;1403084800;0;0;0;0;0;0;0;0;0;0;0;1804;0;0;126;0;122;0;
9599;3318714;1216483328;23535616;1403084800;0;0;0;0;0;0;0;0;0;0;0;1793;0;0;126;0;122;0;
9600;2365827;1216483328;23535616;1403084800;0;0;0;0;0;0;0;0;0;0;0;2014;0;0;126;0;122;0;
9601;3111455;1216483328;23535616;1403084800;0;0;0;0;0;0;0;0;0;0;0;2114;0;0;126;0;122;0;
9602;2157256;1216483328;23535616;1403084800;0;0;0;0;0;0;0;0;0;0;0;1683;0;0;126;0;122;0;
9603;5060530;1216483328;23535616;1403084800;0;0;0;0;0;0;0;0;0;0;0;2054;0;0;126;0;122;0;
9604;2795142;1216483328;23535616;1403084800;0;0;0;0;0;0;0;0;0;0;0;1814;0;0;126;0;122;0;
9605;3199650;1216483328;23535616;1403084800;0;0;0;0;0;0;0;0;0;0;0;1654;0;0;126;0;122;0;
9606;2588624;1216483328;23535616;1403084800;0;0;0;0;0;0;0;0;0;0;0;83847;0;0;126;0;122;0;
9607;2374122;1216483328;23535616;1403084800;0;0;0;0;0;0;0;0;0;0;0;1934;0;0;126;0;122;0;
9608;2028735;1216483328;23535616;1403084800;0;0;0;0;0;0;0;0;0;0;0;1713;0;0;126;0;122;0;
9609;5536683;1216483328;23535616;1403084800;0;0;0;0;0;0;0;0;0;0;0;1953;0;0;126;0;122;0;
9610;3301261;1216483328;23535616;1403084800;0;0;0;0;0;0;0;0;0;0;0;1994;0;0;126;0;122;0;
9611;3130221;1216483328;23535616;1403084800;0;0;0;0;0;0;0;0;0;0;0;1733;0;0;126;0;122;0;
9612;2199946;1216483328;23535616;1403084800;0;0;0;0;0;0;0;0;0;0;0;1654;0;0;126;0;122;0;
9613;2763552;1216483328;23535616;1403084800;0;0;0;0;0;0;0;0;0;0;0;1774;0;0;126;0;122;0;
9614;2278803;1216483328;23535616;1403084800;0;0;0;0;0;0;0;0;0;0;0;2084;0;0;126;0;122;0;
9615;5608809;1216483328;23535616;1403084800;0;0;0;0;0;0;0;0;0;0;0;1984;0;0;126;0;122;0;
9616;2993173;1216483328;23535616;1403084800;0;0;0;0;0;0;0;0;0;0;0;2235;0;0;126;0;122;0;
9617;3096738;1216483328;23535616;1403084800;0;0;0;0;0;0;0;0;0;0;0;1653;0;0;126;0;122;0;
9618;2281769;1216483328;23535616;1403084800;0;0;0;0;0;0;0;0;0;0;0;1783;0;0;126;0;122;0;
9619;2902182;1216483328;23535616;1403084800;0;0;0;0;0;0;0;0;0;0;0;2264;0;0;126;0;122;0;
9620;1462192;1216483328;23535616;1403084800;0;0;0;0;0;0;0;0;0;0;0;1784;0;0;126;0;122;0;
9621;5701663;1216483328;23535616;1403084800;0;0;0;0;0;0;0;0;0;0;0;2053;0;0;126;0;122;0;
9622;3017960;1216483328;23535616;1403084800;0;0;0;0;0;0;0;0;0;0;0;1874;0;0;126;0;122;0;
9623;3177338;1216483328;23535616;1403084800;0;0;0;0;0;0;0;0;0;0;0;1864;0;0;126;0;122;0;
9624;2502042;1216483328;23535616;1403084800;0;0;0;0;0;0;0;0;0;0;0;1843;0;0;126;0;122;0;
9625;2963668;1216483328;23535616;1403084800;0;0;0;0;0;0;0;0;0;0;0;1954;0;0;126;0;122;0;
9626;2716194;1216483328;23535616;1403084800;0;0;0;0;0;0;0;0;0;0;0;1523;0;0;126;0;122;0;
9627;5070419;1216483328;23535616;1403084800;0;0;0;0;0;0;0;0;0;0;0;1984;0;0;126;0;122;0;
9628;2649539;1216483328;23535616;1403084800;0;0;0;0;0;0;0;0;0;0;0;2024;0;0;126;0;122;0;
9629;2726213;1216483328;23535616;1403084800;0;0;0;0;0;0;0;0;0;0;0;1443;0;0;126;0;122;0;
9630;2371497;1216483328;23535616;1403084800;0;0;0;0;0;0;0;0;0;0;0;1633;0;0;126;0;122;0;
9631;1819672;1216483328;23535616;1403084800;0;0;0;0;0;0;0;0;0;0;0;1593;0;0;126;0;122;0;
9632;5646780;1216483328;23535616;1403084800;0;0;0;0;0;0;0;0;0;0;0;2054;0;0;126;0;122;0;
9633;3219958;1216483328;23535616;1403084800;0;0;0;0;0;0;0;0;0;0;0;1553;0;0;126;0;122;0;
9634;1905583;1216483328;23535616;1403084800;0;0;0;0;0;0;0;0;0;0;0;1813;0;0;126;0;122;0;
9635;2333997;1216483328;23535616;1403084800;0;0;0;0;0;0;0;0;0;0;0;1533;0;0;126;0;122;0;
9636;2366048;1216483328;23535616;1403084800;0;0;0;0;0;0;0;0;0;0;0;1693;0;0;126;0;122;0;
9637;5656788;1216483328;23535616;1403084800;0;0;0;0;0;0;0;0;0;0;0;1963;0;0;126;0;122;0;
9638;3123497;1216483328;23535616;1403084800;0;0;0;0;0;0;0;0;0;0;0;2003;0;0;126;0;122;0;
9639;3532455;1216483328;23535616;1403084800;0;0;0;0;0;0;0;0;0;0;0;1894;0;0;126;0;122;0;
9640;2848372;1216483328;23535616;1403084800;0;0;0;0;0;0;0;0;0;0;0;1933;0;0;126;0;122;0;
9641;2765286;1216483328;23535616;1403084800;0;0;0;0;0;0;0;0;0;0;0;1684;0;0;126;0;122;0;
9642;5004676;1216483328;23535616;1403084800;0;0;0;0;0;0;0;0;0;0;0;2305;0;0;126;0;122;0;
9643;3191906;1216483328;23539712;1403088896;0;0;0;0;0;0;0;0;0;0;0;1704;0;0;126;0;122;0;
9644;2383270;1216483328;23539712;1403088896;0;0;0;0;0;0;0;0;0;0;0;1793;0;0;126;0;122;0;
9645;3010837;1216483328;23539712;1403088896;0;0;0;0;0;0;0;0;0;0;0;1573;0;0;126;0;122;0;
9646;2770325;1216483328;23539712;1403088896;0;0;0;0;0;0;0;0;0;0;0;1813;0;0;126;0;122;0;
9647;12443596;1216483328;23539712;1403088896;0;0;0;0;0;0;0;0;0;0;0;2274;0;0;126;0;122;0;
9648;3574303;1209966592;16211968;1395761152;0;0;0;0;0;0;0;0;0;0;0;1784;0;0;126;0;122;0;
9649;3144057;1209966592;16211968;1395761152;0;0;0;0;0;0;0;0;0;0;0;1933;0;0;126;0;122;0;
9650;2454272;1209966592;16211968;1395761152;0;0;0;0;0;0;0;0;0;0;0;1643;0;0;126;0;122;0;
9651;2670448;1209966592;16211968;1395761152;0;0;0;0;0;0;0;0;0;0;0;1553;0;0;126;0;122;0;
9652;5906918;1209966592;16211968;1395761152;0;0;0;0;0;0;0;0;0;0;0;2264;0;0;126;0;122;0;
9653;3103741;1212137472;23531520;1403080704;0;0;0;0;0;0;0;0;0;0;0;2144;0;0;126;0;122;0;
9654;3298135;1214234624;23531520;1403080704;0;0;0;0;0;0;0;0;0;0;0;1743;0;0;126;0;122;0;
9655;3214208;1216331776;23531520;1403080704;0;0;0;0;0;0;0;0;0;0;0;1763;0;0;126;0;122;0;
9656;2647445;1216589824;23531520;1403080704;0;0;0;0;0;0;0;0;0;0;0;1703;0;0;126;0;122;0;
9657;6473650;1216589824;23531520;1403080704;0;0;0;0;0;0;0;0;0;0;0;2615;0;0;126;0;122;0;
9658;4760969;1216589824;23531520;1403080704;0;0;0;0;0;0;0;0;0;0;0;2064;0;0;126;0;122;0;
9659;2769734;1216589824;23531520;1403080704;0;0;0;0;0;0;0;0;0;0;0;1764;0;0;126;0;122;0;
9660;2759315;1216589824;23531520;1403080704;0;0;0;0;0;0;0;0;0;0;0;1763;0;0;126;0;122;0;
9661;2728848;1216589824;23531520;1403080704;0;0;0;0;0;0;0;0;0;0;0;1863;0;0;126;0;122;0;
9662;6954533;1216589824;23531520;1403080704;0;0;0;0;0;0;0;0;0;0;0;3005;0;0;126;0;122;0;
9663;3980194;1216589824;23531520;1403080704;0;0;0;0;0;0;0;0;0;0;0;2595;0;0;126;0;122;0;
9664;2498406;1216589824;23531520;1403080704;0;0;0;0;0;0;0;0;0;0;0;1833;0;0;126;0;122;0;
9665;3513830;1216589824;23531520;1403080704;0;0;0;0;0;0;0;0;0;0;0;1593;0;0;126;0;122;0;
9666;3300920;1216589824;23531520;1403080704;0;0;0;0;0;0;0;0;0;0;0;1853;0;0;126;0;122;0;
9667;5581067;1216589824;23531520;1403080704;0;0;0;0;0;0;0;0;0;0;0;1794;0;0;126;0;122;0;
9668;3519641;1209974784;16203776;1395752960;0;0;0;0;0;0;0;0;0;0;0;1893;0;0;126;0;122;0;
9669;1872993;1209974784;16203776;1395752960;0;0;0;0;0;0;0;0;0;0;0;1834;0;0;126;0;122;0;
9670;2670959;1209974784;16203776;1395752960;0;0;0;0;0;0;0;0;0;0;0;3687;0;0;126;0;122;0;
9671;2662493;1209974784;16203776;1395752960;0;0;0;0;0;0;0;0;0;0;0;3125;0;0;126;0;122;0;
9672;7139399;1209974784;16203776;1395752960;0;0;0;0;0;0;0;0;0;0;0;5560;0;0;126;0;122;0;
9673;4295656;1212071936;23531520;1403080704;0;0;0;0;0;0;0;0;0;0;0;2174;0;0;126;0;122;0;
9674;2049203;1214169088;23531520;1403080704;0;0;0;0;0;0;0;0;0;0;0;1923;0;0;126;0;122;0;
9675;4017745;1216266240;23531520;1403080704;0;0;0;0;0;0;0;0;0;0;0;8877;0;0;126;0;122;0;
9676;2064311;1216266240;23531520;1403080704;0;0;0;0;0;0;0;0;0;0;0;1733;0;0;126;0;122;0;
9677;5309257;1216520192;23531520;1403080704;0;0;0;0;0;0;0;0;0;0;0;1864;0;0;126;0;122;0;
9678;3608226;1216520192;23531520;1403080704;0;0;0;0;0;0;0;0;0;0;0;2074;0;0;126;0;122;0;
9679;2188514;1216520192;23531520;1403080704;0;0;0;0;0;0;0;0;0;0;0;2044;0;0;126;0;122;0;
9680;2863751;1216520192;23531520;1403080704;0;0;0;0;0;0;0;0;0;0;0;1502;0;0;126;0;122;0;
9681;2095791;1216520192;23531520;1403080704;0;0;0;0;0;0;0;0;0;0;0;1964;0;0;126;0;122;0;
9682;5438519;1216520192;23531520;1403080704;0;0;0;0;0;0;0;0;0;0;0;2314;0;0;126;0;122;0;
9683;3033429;1216520192;23531520;1403080704;0;0;0;0;0;0;0;0;0;0;0;1894;0;0;126;0;122;0;
9684;2503414;1216520192;23531520;1403080704;0;0;0;0;0;0;0;0;0;0;0;1903;0;0;126;0;122;0;
9685;2980309;1216520192;23531520;1403080704;0;0;0;0;0;0;0;0;0;0;0;1523;0;0;126;0;122;0;
9686;2257103;1216520192;23531520;1403080704;0;0;0;0;0;0;0;0;0;0;0;1823;0;0;126;0;122;0;
9687;5408172;1216520192;23531520;1403080704;0;0;0;0;0;0;0;0;0;0;0;1994;0;0;126;0;122;0;
9688;3241750;1216520192;23531520;1403080704;0;0;0;0;0;0;0;0;0;0;0;2074;0;0;126;0;122;0;
9689;2313659;1216520192;23531520;1403080704;0;0;0;0;0;0;0;0;0;0;0;2214;0;0;126;0;122;0;
9690;2973256;1216520192;23531520;1403080704;0;0;0;0;0;0;0;0;0;0;0;1463;0;0;126;0;122;0;
9691;2583425;1216520192;23531520;1403080704;0;0;0;0;0;0;0;0;0;0;0;1854;0;0;126;0;122;0;
9692;5470089;1216520192;23531520;1403080704;0;0;0;0;0;0;0;0;0;0;0;2374;0;0;126;0;122;0;
9693;3381211;1209991168;16203776;1395752960;0;0;0;0;0;0;0;0;0;0;0;2184;0;0;126;0;122;0;
9694;2434335;1209991168;16203776;1395752960;0;0;0;0;0;0;0;0;0;0;0;1603;0;0;126;0;122;0;
9695;3196996;1209991168;16203776;1395752960;0;0;0;0;0;0;0;0;0;0;0;1964;0;0;126;0;122;0;
9696;2548609;1209991168;16203776;1395752960;0;0;0;0;0;0;0;0;0;0;0;1683;0;0;126;0;122;0;
9697;5587429;1209991168;16203776;1395752960;0;0;0;0;0;0;0;0;0;0;0;2405;0;0;126;0;122;0;
9698;4483338;1212088320;23531520;1403080704;0;0;0;0;0;0;0;0;0;0;0;2364;0;0;126;0;122;0;
9699;2329128;1214185472;23531520;1403080704;0;0;0;0;0;0;0;0;0;0;0;1753;0;0;126;0;122;0;
9700;3042676;1216282624;23531520;1403080704;0;0;0;0;0;0;0;0;0;0;0;1703;0;0;126;0;122;0;
9701;2412364;1216282624;23531520;1403080704;0;0;0;0;0;0;0;0;0;0;0;1934;0;0;126;0;122;0;
9702;5828471;1216536576;23531520;1403080704;0;0;0;0;0;0;0;0;0;0;0;2384;0;0;126;0;122;0;
9703;3633645;1216536576;23531520;1403080704;0;0;0;0;0;0;0;0;0;0;0;2144;0;0;126;0;122;0;
9704;2082987;1216536576;23531520;1403080704;0;0;0;0;0;0;0;0;0;0;0;1823;0;0;126;0;122;0;
9705;2992512;1216536576;23531520;1403080704;0;0;0;0;0;0;0;0;0;0;0;1663;0;0;126;0;122;0;
9706;1910012;1216536576;23531520;1403080704;0;0;0;0;0;0;0;0;0;0;0;1823;0;0;126;0;122;0;
9707;6297370;1216536576;23531520;1403080704;0;0;0;0;0;0;0;0;0;0;0;2234;0;0;126;0;122;0;
9708;3219648;1216536576;23531520;1403080704;0;0;0;0;0;0;0;0;0;0;0;2494;0;0;126;0;122;0;
9709;2554922;1216536576;23531520;1403080704;0;0;0;0;0;0;0;0;0;0;0;1773;0;0;126;0;122;0;
9710;2808527;1216536576;23531520;1403080704;0;0;0;0;0;0;0;0;0;0;0;1473;0;0;126;0;122;0;
9711;2784893;1216536576;23531520;1403080704;0;0;0;0;0;0;0;0;0;0;0;1883;0;0;126;0;122;0;
9712;5765994;1216536576;23531520;1403080704;0;0;0;0;0;0;0;0;0;0;0;2124;0;0;126;0;122;0;
9713;3295761;1216536576;23531520;1403080704;0;0;0;0;0;0;0;0;0;0;0;2204;0;0;126;0;122;0;
9714;2234922;1216536576;23531520;1403080704;0;0;0;0;0;0;0;0;0;0;0;1553;0;0;126;0;122;0;
9715;3247982;1216536576;23531520;1403080704;0;0;0;0;0;0;0;0;0;0;0;1693;0;0;126;0;122;0;
9716;1680712;1216536576;23531520;1403080704;0;0;0;0;0;0;0;0;0;0;0;1883;0;0;126;0;122;0;
9717;5621042;1216536576;23531520;1403080704;0;0;0;0;0;0;0;0;0;0;0;2565;0;0;126;0;122;0;
9718;2953539;1210007552;16203776;1395752960;0;0;0;0;0;0;0;0;0;0;0;1913;0;0;126;0;122;0;
9719;1877100;1210007552;16203776;1395752960;0;0;0;0;0;0;0;0;0;0;0;1983;0;0;126;0;122;0;
9720;2458010;1210007552;16203776;1395752960;0;0;0;0;0;0;0;0;0;0;0;1673;0;0;126;0;122;0;
9721;1993178;1210007552;16203776;1395752960;0;0;0;0;0;0;0;0;0;0;0;2214;0;0;126;0;122;0;
9722;4561384;1210007552;16203776;1395752960;0;0;0;0;0;0;0;0;0;0;0;2054;0;0;126;0;122;0;
9723;3361124;1212104704;23531520;1403080704;0;0;0;0;0;0;0;0;0;0;0;1854;0;0;126;0;122;0;
9724;2517502;1214201856;23531520;1403080704;0;0;0;0;0;0;0;0;0;0;0;1653;0;0;126;0;122;0;
9725;2413777;1216299008;23531520;1403080704;0;0;0;0;0;0;0;0;0;0;0;1542;0;0;126;0;122;0;
9726;2783210;1216552960;23531520;1403080704;0;0;0;0;0;0;0;0;0;0;0;1683;0;0;126;0;122;0;
9727;5710168;1216552960;23531520;1403080704;0;0;0;0;0;0;0;0;0;0;0;2765;0;0;126;0;122;0;
9728;3078463;1216552960;23531520;1403080704;0;0;0;0;0;0;0;0;0;0;0;1944;0;0;126;0;122;0;
9729;1849799;1216552960;23531520;1403080704;0;0;0;0;0;0;0;0;0;0;0;2034;0;0;126;0;122;0;
9730;2847109;1216552960;23531520;1403080704;0;0;0;0;0;0;0;0;0;0;0;1563;0;0;126;0;122;0;
9731;1966588;1216552960;23531520;1403080704;0;0;0;0;0;0;0;0;0;0;0;1653;0;0;126;0;122;0;
9732;5692075;1216552960;23531520;1403080704;0;0;0;0;0;0;0;0;0;0;0;2394;0;0;126;0;122;0;
9733;4361329;1216552960;23531520;1403080704;0;0;0;0;0;0;0;0;0;0;0;283321;0;0;126;0;122;0;
9734;2182072;1216552960;23531520;1403080704;0;0;0;0;0;0;0;0;0;0;0;1954;0;0;126;0;122;0;
9735;2534944;1216552960;23531520;1403080704;0;0;0;0;0;0;0;0;0;0;0;1473;0;0;126;0;122;0;
9736;2079490;1216552960;23531520;1403080704;0;0;0;0;0;0;0;0;0;0;0;1814;0;0;126;0;122;0;
9737;6122231;1216552960;23531520;1403080704;0;0;0;0;0;0;0;0;0;0;0;2154;0;0;126;0;122;0;
9738;3097289;1210023936;16203776;1395752960;0;0;0;0;0;0;0;0;0;0;0;1904;0;0;126;0;122;0;
9739;2383339;1210023936;16203776;1395752960;0;0;0;0;0;0;0;0;0;0;0;1553;0;0;126;0;122;0;
9740;2927951;1210023936;16203776;1395752960;0;0;0;0;0;0;0;0;0;0;0;1603;0;0;126;0;122;0;
9741;2215414;1210023936;16203776;1395752960;0;0;0;0;0;0;0;0;0;0;0;1763;0;0;126;0;122;0;
9742;6343316;1210023936;16203776;1395752960;0;0;0;0;0;0;0;0;0;0;0;2514;0;0;126;0;122;0;
9743;3581436;1212121088;23531520;1403080704;0;0;0;0;0;0;0;0;0;0;0;2735;0;0;126;0;122;0;
9744;2818085;1214218240;23531520;1403080704;0;0;0;0;0;0;0;0;0;0;0;1673;0;0;126;0;122;0;
9745;2683082;1216315392;23531520;1403080704;0;0;0;0;0;0;0;0;0;0;0;1683;0;0;126;0;122;0;
9746;1946831;1216315392;23531520;1403080704;0;0;0;0;0;0;0;0;0;0;0;1993;0;0;126;0;122;0;
9747;5191206;1216569344;23531520;1403080704;0;0;0;0;0;0;0;0;0;0;0;2435;0;0;126;0;122;0;
9748;3850140;1216569344;23531520;1403080704;0;0;0;0;0;0;0;0;0;0;0;2064;0;0;126;0;122;0;
9749;2138691;1216569344;23531520;1403080704;0;0;0;0;0;0;0;0;0;0;0;1613;0;0;126;0;122;0;
9750;2880122;1216569344;23531520;1403080704;0;0;0;0;0;0;0;0;0;0;0;1683;0;0;126;0;122;0;
9751;1983330;1216569344;23531520;1403080704;0;0;0;0;0;0;0;0;0;0;0;1984;0;0;126;0;122;0;
9752;4680487;1216569344;23531520;1403080704;0;0;0;0;0;0;0;0;0;0;0;2114;0;0;126;0;122;0;
9753;2803517;1216569344;23531520;1403080704;0;0;0;0;0;0;0;0;0;0;0;1894;0;0;126;0;122;0;
9754;1849047;1216569344;23531520;1403080704;0;0;0;0;0;0;0;0;0;0;0;1814;0;0;126;0;122;0;
9755;3099583;1216569344;23531520;1403080704;0;0;0;0;0;0;0;0;0;0;0;1523;0;0;126;0;122;0;
9756;2041729;1216569344;23531520;1403080704;0;0;0;0;0;0;0;0;0;0;0;1633;0;0;126;0;122;0;
9757;5593270;1216569344;23531520;1403080704;0;0;0;0;0;0;0;0;0;0;0;2114;0;0;126;0;122;0;
9758;3337529;1216569344;23531520;1403080704;0;0;0;0;0;0;0;0;0;0;0;2194;0;0;126;0;122;0;
9759;2600196;1216569344;23531520;1403080704;0;0;0;0;0;0;0;0;0;0;0;1643;0;0;126;0;122;0;
9760;2255430;1216569344;23531520;1403080704;0;0;0;0;0;0;0;0;0;0;0;1693;0;0;126;0;122;0;
9761;2061165;1216569344;23531520;1403080704;0;0;0;0;0;0;0;0;0;0;0;1703;0;0;126;0;122;0;
9762;5308656;1216569344;23531520;1403080704;0;0;0;0;0;0;0;0;0;0;0;2555;0;0;126;0;122;0;
9763;3097850;1210040320;16203776;1395752960;0;0;0;0;0;0;0;0;0;0;0;1733;0;0;126;0;122;0;
9764;2642205;1210040320;16203776;1395752960;0;0;0;0;0;0;0;0;0;0;0;1603;0;0;126;0;122;0;
9765;2993524;1210040320;16203776;1395752960;0;0;0;0;0;0;0;0;0;0;0;1754;0;0;126;0;122;0;
9766;3007320;1210040320;16203776;1395752960;0;0;0;0;0;0;0;0;0;0;0;1864;0;0;126;0;122;0;
9767;5656177;1210040320;16203776;1395752960;0;0;0;0;0;0;0;0;0;0;0;2134;0;0;126;0;122;0;
9768;3970436;1212137472;23531520;1403080704;0;0;0;0;0;0;0;0;0;0;0;1983;0;0;126;0;122;0;
9769;2891021;1214234624;23531520;1403080704;0;0;0;0;0;0;0;0;0;0;0;1664;0;0;126;0;122;0;
9770;4586612;1216331776;23531520;1403080704;0;0;0;0;0;0;0;0;0;0;0;1603;0;0;126;0;122;0;
9771;2890451;1216331776;23531520;1403080704;0;0;0;0;0;0;0;0;0;0;0;2074;0;0;126;0;122;0;
9772;5461502;1216585728;23531520;1403080704;0;0;0;0;0;0;0;0;0;0;0;2255;0;0;126;0;122;0;
9773;3939077;1216585728;23531520;1403080704;0;0;0;0;0;0;0;0;0;0;0;2304;0;0;126;0;122;0;
9774;2023235;1216585728;23531520;1403080704;0;0;0;0;0;0;0;0;0;0;0;1894;0;0;126;0;122;0;
9775;2353323;1216585728;23531520;1403080704;0;0;0;0;0;0;0;0;0;0;0;1593;0;0;126;0;122;0;
9776;2370666;1216585728;23531520;1403080704;0;0;0;0;0;0;0;0;0;0;0;1923;0;0;126;0;122;0;
9777;5335446;1216585728;23531520;1403080704;0;0;0;0;0;0;0;0;0;0;0;2785;0;0;126;0;122;0;
9778;3579603;1216585728;23531520;1403080704;0;0;0;0;0;0;0;0;0;0;0;2324;0;0;126;0;122;0;
9779;2500670;1216585728;23531520;1403080704;0;0;0;0;0;0;0;0;0;0;0;2114;0;0;126;0;122;0;
9780;2616026;1216585728;23531520;1403080704;0;0;0;0;0;0;0;0;0;0;0;1443;0;0;126;0;122;0;
9781;1743880;1216585728;23531520;1403080704;0;0;0;0;0;0;0;0;0;0;0;1723;0;0;126;0;122;0;
9782;5201936;1216585728;23531520;1403080704;0;0;0;0;0;0;0;0;0;0;0;2104;0;0;126;0;122;0;
9783;4295636;1216585728;23531520;1403080704;0;0;0;0;0;0;0;0;0;0;0;2394;0;0;126;0;122;0;
9784;2590098;1216585728;23531520;1403080704;0;0;0;0;0;0;0;0;0;0;0;2104;0;0;126;0;122;0;
9785;2965872;1216585728;23531520;1403080704;0;0;0;0;0;0;0;0;0;0;0;1863;0;0;126;0;122;0;
9786;1941040;1216585728;23531520;1403080704;0;0;0;0;0;0;0;0;0;0;0;1994;0;0;126;0;122;0;
9787;5973102;1216585728;23531520;1403080704;0;0;0;0;0;0;0;0;0;0;0;1893;0;0;126;0;122;0;
9788;4083638;1210056704;16203776;1395752960;0;0;0;0;0;0;0;0;0;0;0;1944;0;0;126;0;122;0;
9789;2347242;1210056704;16203776;1395752960;0;0;0;0;0;0;0;0;0;0;0;1934;0;0;126;0;122;0;
9790;3054438;1210056704;16203776;1395752960;0;0;0;0;0;0;0;0;0;0;0;1773;0;0;126;0;122;0;
9791;2456146;1210056704;16203776;1395752960;0;0;0;0;0;0;0;0;0;0;0;1693;0;0;126;0;122;0;
9792;5858116;1210056704;16203776;1395752960;0;0;0;0;0;0;0;0;0;0;0;2635;0;0;126;0;122;0;
9793;4593805;1212153856;23531520;1403080704;0;0;0;0;0;0;0;0;0;0;0;2645;0;0;126;0;122;0;
9794;1399334;1214251008;23531520;1403080704;0;0;0;0;0;0;0;0;0;0;0;1953;0;0;126;0;122;0;
9795;3230218;1216348160;23531520;1403080704;0;0;0;0;0;0;0;0;0;0;0;2434;0;0;126;0;122;0;
9796;2121939;1216602112;23531520;1403080704;0;0;0;0;0;0;0;0;0;0;0;1783;0;0;126;0;122;0;
9797;5146071;1216602112;23531520;1403080704;0;0;0;0;0;0;0;0;0;0;0;2344;0;0;126;0;122;0;
9798;3215330;1216602112;23531520;1403080704;0;0;0;0;0;0;0;0;0;0;0;2234;0;0;126;0;122;0;
9799;2062248;1216602112;23531520;1403080704;0;0;0;0;0;0;0;0;0;0;0;1643;0;0;126;0;122;0;
9800;3224307;1216602112;23531520;1403080704;0;0;0;0;0;0;0;0;0;0;0;1493;0;0;126;0;122;0;
9801;2943791;1216602112;23531520;1403080704;0;0;0;0;0;0;0;0;0;0;0;2034;0;0;126;0;122;0;
9802;5519781;1216602112;23531520;1403080704;0;0;0;0;0;0;0;0;0;0;0;2094;0;0;126;0;122;0;
9803;3274491;1216602112;23531520;1403080704;0;0;0;0;0;0;0;0;0;0;0;2053;0;0;126;0;122;0;
9804;1997717;1216602112;23531520;1403080704;0;0;0;0;0;0;0;0;0;0;0;2104;0;0;126;0;122;0;
9805;3105133;1216602112;23531520;1403080704;0;0;0;0;0;0;0;0;0;0;0;1753;0;0;126;0;122;0;
9806;2392597;1216602112;23531520;1403080704;0;0;0;0;0;0;0;0;0;0;0;1944;0;0;126;0;122;0;
9807;5444099;1216602112;23531520;1403080704;0;0;0;0;0;0;0;0;0;0;0;1824;0;0;126;0;122;0;
9808;3701582;1210073088;16203776;1395752960;0;0;0;0;0;0;0;0;0;0;0;1903;0;0;126;0;122;0;
9809;2388179;1210073088;16203776;1395752960;0;0;0;0;0;0;0;0;0;0;0;1773;0;0;126;0;122;0;
9810;2754556;1210073088;16203776;1395752960;0;0;0;0;0;0;0;0;0;0;0;1623;0;0;126;0;122;0;
9811;2473499;1210073088;16203776;1395752960;0;0;0;0;0;0;0;0;0;0;0;1814;0;0;126;0;122;0;
9812;6077307;1210073088;16203776;1395752960;0;0;0;0;0;0;0;0;0;0;0;2725;0;0;126;0;122;0;
9813;3186686;1212170240;23531520;1403080704;0;0;0;0;0;0;0;0;0;0;0;2204;0;0;126;0;122;0;
9814;2296026;1214267392;23531520;1403080704;0;0;0;0;0;0;0;0;0;0;0;1443;0;0;126;0;122;0;
9815;2461426;1216364544;23531520;1403080704;0;0;0;0;0;0;0;0;0;0;0;1393;0;0;126;0;122;0;
9816;941115;1216364544;23531520;1403080704;0;0;0;0;0;0;0;0;0;0;0;1673;0;0;126;0;122;0;
9817;4517572;1216618496;23531520;1403080704;0;0;0;0;0;0;0;0;0;0;0;1914;0;0;126;0;122;0;
9818;4557067;1216618496;23531520;1403080704;0;0;0;0;0;0;0;0;0;0;0;1804;0;0;126;0;122;0;
9819;2307037;1216618496;23531520;1403080704;0;0;0;0;0;0;0;0;0;0;0;1543;0;0;126;0;122;0;
9820;2989657;1216618496;23531520;1403080704;0;0;0;0;0;0;0;0;0;0;0;1403;0;0;126;0;122;0;
9821;2071184;1216618496;23531520;1403080704;0;0;0;0;0;0;0;0;0;0;0;1473;0;0;126;0;122;0;
9822;4987323;1216618496;23531520;1403080704;0;0;0;0;0;0;0;0;0;0;0;1754;0;0;126;0;122;0;
9823;2991791;1216618496;23531520;1403080704;0;0;0;0;0;0;0;0;0;0;0;1784;0;0;126;0;122;0;
9824;2374383;1216618496;23531520;1403080704;0;0;0;0;0;0;0;0;0;0;0;1653;0;0;126;0;122;0;
9825;2959540;1216618496;23531520;1403080704;0;0;0;0;0;0;0;0;0;0;0;1513;0;0;126;0;122;0;
9826;1992777;1216618496;23531520;1403080704;0;0;0;0;0;0;0;0;0;0;0;1493;0;0;126;0;122;0;
9827;4947809;1216618496;23531520;1403080704;0;0;0;0;0;0;0;0;0;0;0;1773;0;0;126;0;122;0;
9828;3425174;1216618496;23531520;1403080704;0;0;0;0;0;0;0;0;0;0;0;1863;0;0;126;0;122;0;
9829;1992256;1216618496;23531520;1403080704;0;0;0;0;0;0;0;0;0;0;0;1703;0;0;126;0;122;0;
9830;1784166;1216618496;23531520;1403080704;0;0;0;0;0;0;0;0;0;0;0;1423;0;0;126;0;122;0;
9831;1701791;1216618496;23531520;1403080704;0;0;0;0;0;0;0;0;0;0;0;1653;0;0;126;0;122;0;
9832;6011564;1216618496;23531520;1403080704;0;0;0;0;0;0;0;0;0;0;0;2104;0;0;126;0;122;0;
9833;2836429;1210089472;16203776;1395752960;0;0;0;0;0;0;0;0;0;0;0;1663;0;0;126;0;122;0;
9834;1239885;1210089472;16203776;1395752960;0;0;0;0;0;0;0;0;0;0;0;1824;0;0;126;0;122;0;
9835;2340008;1210089472;16203776;1395752960;0;0;0;0;0;0;0;0;0;0;0;1643;0;0;126;0;122;0;
9836;1483922;1210089472;16203776;1395752960;0;0;0;0;0;0;0;0;0;0;0;1502;0;0;126;0;122;0;
9837;4986131;1210089472;16203776;1395752960;0;0;0;0;0;0;0;0;0;0;0;1803;0;0;126;0;122;0;
9838;3604800;1212186624;23531520;1403080704;0;0;0;0;0;0;0;0;0;0;0;1914;0;0;126;0;122;0;
9839;1581736;1214283776;23531520;1403080704;0;0;0;0;0;0;0;0;0;0;0;1844;0;0;126;0;122;0;
9840;1969233;1216380928;23531520;1403080704;0;0;0;0;0;0;0;0;0;0;0;1743;0;0;126;0;122;0;
9841;1704707;1216380928;23531520;1403080704;0;0;0;0;0;0;0;0;0;0;0;1463;0;0;126;0;122;0;
9842;5269993;1216905216;23531520;1403080704;0;0;0;0;0;0;0;0;0;0;0;1784;0;0;126;0;122;0;
9843;2280527;1216905216;23531520;1403080704;0;0;0;0;0;0;0;0;0;0;0;1653;0;0;126;0;122;0;
9844;1338039;1216905216;23531520;1403080704;0;0;0;0;0;0;0;0;0;0;0;1683;0;0;126;0;122;0;
9845;1702603;1216905216;23531520;1403080704;0;0;0;0;0;0;0;0;0;0;0;2014;0;0;126;0;122;0;
9846;1498069;1216905216;23531520;1403080704;0;0;0;0;0;0;0;0;0;0;0;1383;0;0;126;0;122;0;
9847;4494900;1216905216;23531520;1403080704;0;0;0;0;0;0;0;0;0;0;0;1623;0;0;126;0;122;0;
9848;2405642;1216905216;23531520;1403080704;0;0;0;0;0;0;0;0;0;0;0;1923;0;0;126;0;122;0;
9849;1382383;1216905216;23531520;1403080704;0;0;0;0;0;0;0;0;0;0;0;1503;0;0;126;0;122;0;
9850;1616351;1216905216;23531520;1403080704;0;0;0;0;0;0;0;0;0;0;0;1613;0;0;126;0;122;0;
9851;1004223;1216905216;23531520;1403080704;0;0;0;0;0;0;0;0;0;0;0;1633;0;0;126;0;122;0;
9852;4186852;1216905216;23531520;1403080704;0;0;0;0;0;0;0;0;0;0;0;1934;0;0;126;0;122;0;
9853;4398298;1216905216;23531520;1403080704;0;0;0;0;0;0;0;0;0;0;0;3577;0;0;126;0;122;0;
9854;1539457;1216905216;23531520;1403080704;0;0;0;0;0;0;0;0;0;0;0;1934;0;0;126;0;122;0;
9855;3814033;1216905216;23531520;1403080704;0;0;0;0;0;0;0;0;0;0;0;1863;0;0;126;0;122;0;
9856;2368502;1216905216;23531520;1403080704;0;0;0;0;0;0;0;0;0;0;0;2595;0;0;126;0;122;0;
9857;5735536;1216905216;23531520;1403080704;0;0;0;0;0;0;0;0;0;0;0;3346;0;0;126;0;122;0;
9858;5140731;1210105856;16203776;1395752960;0;0;0;0;0;0;0;0;0;0;0;3096;0;0;126;0;122;0;
9859;1996123;1210105856;16203776;1395752960;0;0;0;0;0;0;0;0;0;0;0;1693;0;0;126;0;122;0;
9860;3787904;1210105856;16203776;1395752960;0;0;0;0;0;0;0;0;0;0;0;2214;0;0;126;0;122;0;
9861;3505314;1210105856;16203776;1395752960;0;0;0;0;0;0;0;0;0;0;0;3116;0;0;126;0;122;0;
9862;7842137;1210105856;16203776;1395752960;0;0;0;0;0;0;0;0;0;0;0;5320;0;0;126;0;122;0;
9863;5051033;1212203008;23531520;1403080704;0;0;0;0;0;0;0;0;0;0;0;2825;0;0;126;0;122;0;
9864;1476579;1214300160;23531520;1403080704;0;0;0;0;0;0;0;0;0;0;0;2384;0;0;126;0;122;0;
9865;4063020;1216397312;23531520;1403080704;0;0;0;0;0;0;0;0;0;0;0;2755;0;0;126;0;122;0;
9866;3154707;1216921600;23531520;1403080704;0;0;0;0;0;0;0;0;0;0;0;2354;0;0;126;0;122;0;
9867;6302660;1216921600;23531520;1403080704;0;0;0;0;0;0;0;0;0;0;0;3196;0;0;126;0;122;0;
9868;4345659;1216921600;23531520;1403080704;0;0;0;0;0;0;0;0;0;0;0;5972;0;0;126;0;122;0;
9869;1945749;1216921600;23531520;1403080704;0;0;0;0;0;0;0;0;0;0;0;1694;0;0;126;0;122;0;
9870;2622869;1216921600;23531520;1403080704;0;0;0;0;0;0;0;0;0;0;0;1853;0;0;126;0;122;0;
9871;2982524;1216921600;23531520;1403080704;0;0;0;0;0;0;0;0;0;0;0;2355;0;0;126;0;122;0;
9872;5531023;1216921600;23531520;1403080704;0;0;0;0;0;0;0;0;0;0;0;3216;0;0;126;0;122;0;
9873;4413397;1216921600;23531520;1403080704;0;0;0;0;0;0;0;0;0;0;0;2274;0;0;126;0;122;0;
9874;3079626;1216921600;23531520;1403080704;0;0;0;0;0;0;0;0;0;0;0;2795;0;0;126;0;122;0;
9875;3497178;1216921600;23531520;1403080704;0;0;0;0;0;0;0;0;0;0;0;3626;0;0;126;0;122;0;
9876;1723272;1216921600;23531520;1403080704;0;0;0;0;0;0;0;0;0;0;0;1533;0;0;126;0;122;0;
9877;6756000;1216921600;23531520;1403080704;0;0;0;0;0;0;0;0;0;0;0;2965;0;0;126;0;122;0;
9878;3948976;1210122240;16203776;1395752960;0;0;0;0;0;0;0;0;0;0;0;2595;0;0;126;0;122;0;
9879;1737188;1210122240;16203776;1395752960;0;0;0;0;0;0;0;0;0;0;0;1583;0;0;126;0;122;0;
9880;2592953;1210122240;16203776;1395752960;0;0;0;0;0;0;0;0;0;0;0;2074;0;0;126;0;122;0;
9881;2408797;1210122240;16203776;1395752960;0;0;0;0;0;0;0;0;0;0;0;2675;0;0;126;0;122;0;
9882;6063071;1210122240;16203776;1395752960;0;0;0;0;0;0;0;0;0;0;0;3376;0;0;126;0;122;0;
9883;5218567;1212219392;23531520;1403080704;0;0;0;0;0;0;0;0;0;0;0;3376;0;0;126;0;122;0;
9884;3089715;1214316544;23531520;1403080704;0;0;0;0;0;0;0;0;0;0;0;1783;0;0;126;0;122;0;
9885;3434410;1216413696;23531520;1403080704;0;0;0;0;0;0;0;0;0;0;0;2485;0;0;126;0;122;0;
9886;2731633;1216413696;23531520;1403080704;0;0;0;0;0;0;0;0;0;0;0;2265;0;0;126;0;122;0;
9887;5817159;1216937984;23531520;1403080704;0;0;0;0;0;0;0;0;0;0;0;2444;0;0;126;0;122;0;
9888;6289615;1216937984;23531520;1403080704;0;0;0;0;0;0;0;0;0;0;0;3607;0;0;126;0;122;0;
9889;2962927;1216937984;23531520;1403080704;0;0;0;0;0;0;0;0;0;0;0;1883;0;0;126;0;122;0;
9890;2429186;1216937984;23531520;1403080704;0;0;0;0;0;0;0;0;0;0;0;2194;0;0;126;0;122;0;
9891;3255315;1216937984;23531520;1403080704;0;0;0;0;0;0;0;0;0;0;0;1813;0;0;126;0;122;0;
9892;6440488;1216937984;23531520;1403080704;0;0;0;0;0;0;0;0;0;0;0;2856;0;0;126;0;122;0;
9893;5034161;1216937984;23531520;1403080704;0;0;0;0;0;0;0;0;0;0;0;2334;0;0;126;0;122;0;
9894;3611233;1216937984;23531520;1403080704;0;0;0;0;0;0;0;0;0;0;0;2575;0;0;126;0;122;0;
9895;2449353;1216937984;23531520;1403080704;0;0;0;0;0;0;0;0;0;0;0;1553;0;0;126;0;122;0;
9896;2522771;1216937984;23531520;1403080704;0;0;0;0;0;0;0;0;0;0;0;2455;0;0;126;0;122;0;
9897;7173323;1216937984;23531520;1403080704;0;0;0;0;0;0;0;0;0;0;0;2194;0;0;126;0;122;0;
9898;4277462;1216937984;23531520;1403080704;0;0;0;0;0;0;0;0;0;0;0;2895;0;0;126;0;122;0;
9899;1095054;1216937984;23531520;1403080704;0;0;0;0;0;0;0;0;0;0;0;1694;0;0;126;0;122;0;
9900;3065299;1216937984;23531520;1403080704;0;0;0;0;0;0;0;0;0;0;0;1553;0;0;126;0;122;0;
9901;1322710;1216937984;23531520;1403080704;0;0;0;0;0;0;0;0;0;0;0;1383;0;0;126;0;122;0;
9902;6358745;1216937984;23531520;1403080704;0;0;0;0;0;0;0;0;0;0;0;2014;0;0;126;0;122;0;
9903;3420064;1210138624;16203776;1395752960;0;0;0;0;0;0;0;0;0;0;0;1703;0;0;126;0;122;0;
9904;1892409;1210138624;16203776;1395752960;0;0;0;0;0;0;0;0;0;0;0;1663;0;0;126;0;122;0;
9905;2983755;1210138624;16203776;1395752960;0;0;0;0;0;0;0;0;0;0;0;1582;0;0;126;0;122;0;
9906;2105588;1210138624;16203776;1395752960;0;0;0;0;0;0;0;0;0;0;0;1533;0;0;126;0;122;0;
9907;4927140;1210138624;16203776;1395752960;0;0;0;0;0;0;0;0;0;0;0;1864;0;0;126;0;122;0;
9908;3860850;1212235776;23531520;1403080704;0;0;0;0;0;0;0;0;0;0;0;1974;0;0;126;0;122;0;
9909;2865344;1214332928;23531520;1403080704;0;0;0;0;0;0;0;0;0;0;0;1833;0;0;126;0;122;0;
9910;2945574;1216430080;23531520;1403080704;0;0;0;0;0;0;0;0;0;0;0;1593;0;0;126;0;122;0;
9911;2967175;1216430080;23531520;1403080704;0;0;0;0;0;0;0;0;0;0;0;1974;0;0;126;0;122;0;
9912;6245703;1216954368;23531520;1403080704;0;0;0;0;0;0;0;0;0;0;0;2024;0;0;126;0;122;0;
9913;3306601;1216954368;23531520;1403080704;0;0;0;0;0;0;0;0;0;0;0;1683;0;0;126;0;122;0;
9914;2075492;1216954368;23531520;1403080704;0;0;0;0;0;0;0;0;0;0;0;1473;0;0;126;0;122;0;
9915;2193754;1216954368;23531520;1403080704;0;0;0;0;0;0;0;0;0;0;0;1373;0;0;126;0;122;0;
9916;1680912;1216954368;23531520;1403080704;0;0;0;0;0;0;0;0;0;0;0;1563;0;0;126;0;122;0;
9917;5403574;1216954368;23531520;1403080704;0;0;0;0;0;0;0;0;0;0;0;1924;0;0;126;0;122;0;
9918;2952056;1216954368;23531520;1403080704;0;0;0;0;0;0;0;0;0;0;0;1593;0;0;126;0;122;0;
9919;1988059;1216954368;23531520;1403080704;0;0;0;0;0;0;0;0;0;0;0;1583;0;0;126;0;122;0;
9920;1785619;1216954368;23531520;1403080704;0;0;0;0;0;0;0;0;0;0;0;1603;0;0;126;0;122;0;
9921;2005251;1216954368;23531520;1403080704;0;0;0;0;0;0;0;0;0;0;0;1483;0;0;126;0;122;0;
9922;5994352;1216954368;23531520;1403080704;0;0;0;0;0;0;0;0;0;0;0;1793;0;0;126;0;122;0;
9923;3317732;1216954368;23531520;1403080704;0;0;0;0;0;0;0;0;0;0;0;2064;0;0;126;0;122;0;
9924;2376296;1216954368;23531520;1403080704;0;0;0;0;0;0;0;0;0;0;0;2073;0;0;126;0;122;0;
9925;1932935;1216954368;23531520;1403080704;0;0;0;0;0;0;0;0;0;0;0;1423;0;0;126;0;122;0;
9926;1867753;1216954368;23531520;1403080704;0;0;0;0;0;0;0;0;0;0;0;1603;0;0;126;0;122;0;
9927;5516776;1216954368;23531520;1403080704;0;0;0;0;0;0;0;0;0;0;0;2054;0;0;126;0;122;0;
9928;3609810;1210155008;16203776;1395752960;0;0;0;0;0;0;0;0;0;0;0;1683;0;0;126;0;122;0;
9929;1746205;1210155008;16203776;1395752960;0;0;0;0;0;0;0;0;0;0;0;2054;0;0;126;0;122;0;
9930;2134513;1210155008;16203776;1395752960;0;0;0;0;0;0;0;0;0;0;0;1694;0;0;126;0;122;0;
9931;3118538;1210155008;16203776;1395752960;0;0;0;0;0;0;0;0;0;0;0;1583;0;0;126;0;122;0;
9932;5866412;1210155008;16203776;1395752960;0;0;0;0;0;0;0;0;0;0;0;1864;0;0;126;0;122;0;
9933;3302794;1212252160;23531520;1403080704;0;0;0;0;0;0;0;0;0;0;0;1844;0;0;126;0;122;0;
9934;2989186;1214349312;23531520;1403080704;0;0;0;0;0;0;0;0;0;0;0;1412;0;0;126;0;122;0;
9935;2510488;1216446464;23531520;1403080704;0;0;0;0;0;0;0;0;0;0;0;1513;0;0;126;0;122;0;
9936;2160712;1216970752;23531520;1403080704;0;0;0;0;0;0;0;0;0;0;0;1523;0;0;126;0;122;0;
9937;5628586;1216970752;23531520;1403080704;0;0;0;0;0;0;0;0;0;0;0;1643;0;0;126;0;122;0;
9938;4032122;1216970752;23531520;1403080704;0;0;0;0;0;0;0;0;0;0;0;1774;0;0;126;0;122;0;
9939;2275457;1216970752;23531520;1403080704;0;0;0;0;0;0;0;0;0;0;0;1462;0;0;126;0;122;0;
9940;2736402;1216970752;23531520;1403080704;0;0;0;0;0;0;0;0;0;0;0;1252;0;0;126;0;122;0;
9941;3305309;1216970752;23531520;1403080704;0;0;0;0;0;0;0;0;0;0;0;1543;0;0;126;0;122;0;
9942;9171100;1216970752;23531520;1403080704;0;0;0;0;0;0;0;0;0;0;0;7924;0;0;126;0;122;0;
9943;10796307;1216970752;23531520;1403080704;0;0;0;0;0;0;0;0;0;0;0;3246;0;0;126;0;122;0;
9944;2088166;1216970752;23531520;1403080704;0;0;0;0;0;0;0;0;0;0;0;2695;0;0;126;0;122;0;
9945;5174625;1216970752;23531520;1403080704;0;0;0;0;0;0;0;0;0;0;0;3266;0;0;126;0;122;0;
9946;4051077;1216970752;23531520;1403080704;0;0;0;0;0;0;0;0;0;0;0;4188;0;0;126;0;122;0;
9947;6650853;1216970752;23531520;1403080704;0;0;0;0;0;0;0;0;0;0;0;4038;0;0;126;0;122;0;
9948;7408213;1210171392;16203776;1395752960;0;0;0;0;0;0;0;0;0;0;0;3186;0;0;126;0;122;0;
9949;2938892;1210171392;16203776;1395752960;0;0;0;0;0;0;0;0;0;0;0;2785;0;0;126;0;122;0;
9950;3873123;1210171392;16203776;1395752960;0;0;0;0;0;0;0;0;0;0;0;3036;0;0;126;0;122;0;
9951;4221096;1210171392;16203776;1395752960;0;0;0;0;0;0;0;0;0;0;0;3426;0;0;126;0;122;0;
9952;7712233;1210171392;16203776;1395752960;0;0;0;0;0;0;0;0;0;0;0;3707;0;0;126;0;122;0;
9953;6503377;1212268544;23531520;1403080704;0;0;0;0;0;0;0;0;0;0;0;2926;0;0;126;0;122;0;
9954;3223605;1214365696;23531520;1403080704;0;0;0;0;0;0;0;0;0;0;0;2485;0;0;126;0;122;0;
9955;3100504;1216462848;23531520;1403080704;0;0;0;0;0;0;0;0;0;0;0;2926;0;0;126;0;122;0;
9956;2803959;1216462848;23531520;1403080704;0;0;0;0;0;0;0;0;0;0;0;3336;0;0;126;0;122;0;
9957;8894410;1216987136;23531520;1403080704;0;0;0;0;0;0;0;0;0;0;0;3968;0;0;126;0;122;0;
9958;5363308;1216987136;23531520;1403080704;0;0;0;0;0;0;0;0;0;0;0;4068;0;0;126;0;122;0;
9959;4419528;1216987136;23531520;1403080704;0;0;0;0;0;0;0;0;0;0;0;3527;0;0;126;0;122;0;
9960;4321684;1216987136;23531520;1403080704;0;0;0;0;0;0;0;0;0;0;0;3356;0;0;126;0;122;0;
9961;3309487;1216987136;23531520;1403080704;0;0;0;0;0;0;0;0;0;0;0;3557;0;0;126;0;122;0;
9962;7675875;1216987136;23535616;1403084800;0;0;0;0;0;0;0;0;0;0;0;3697;0;0;126;0;122;0;
9963;6583537;1216987136;23539712;1403088896;0;0;0;0;0;0;0;0;0;0;0;3015;0;0;126;0;122;0;
9964;3965417;1216987136;23539712;1403088896;0;0;0;0;0;0;0;0;0;0;0;3587;0;0;126;0;122;0;
9965;2850626;1216987136;23539712;1403088896;0;0;0;0;0;0;0;0;0;0;0;1863;0;0;126;0;122;0;
9966;2523984;1216987136;23539712;1403088896;0;0;0;0;0;0;0;0;0;0;0;2304;0;0;126;0;122;0;
9967;5633364;1216987136;23539712;1403088896;0;0;0;0;0;0;0;0;0;0;0;2815;0;0;126;0;122;0;
9968;5523829;1216987136;23539712;1403088896;0;0;0;0;0;0;0;0;0;0;0;3617;0;0;126;0;122;0;
9969;2338816;1216987136;23539712;1403088896;0;0;0;0;0;0;0;0;0;0;0;2905;0;0;126;0;122;0;
9970;2814087;1216987136;23539712;1403088896;0;0;0;0;0;0;0;0;0;0;0;1773;0;0;126;0;122;0;
9971;2175951;1216987136;23539712;1403088896;0;0;0;0;0;0;0;0;0;0;0;2775;0;0;126;0;122;0;
9972;6297069;1216987136;23539712;1403088896;0;0;0;0;0;0;0;0;0;0;0;4258;0;0;126;0;122;0;
9973;5411588;1210187776;16203776;1395752960;0;0;0;0;0;0;0;0;0;0;0;3667;0;0;126;0;122;0;
9974;3578200;1210187776;16203776;1395752960;0;0;0;0;0;0;0;0;0;0;0;2524;0;0;126;0;122;0;
9975;3475678;1210187776;16203776;1395752960;0;0;0;0;0;0;0;0;0;0;0;3376;0;0;126;0;122;0;
9976;3484214;1210187776;16203776;1395752960;0;0;0;0;0;0;0;0;0;0;0;2795;0;0;126;0;122;0;
9977;8081005;1210187776;16203776;1395752960;0;0;0;0;0;0;0;0;0;0;0;3828;0;0;126;0;122;0;
9978;5878765;1212284928;23531520;1403080704;0;0;0;0;0;0;0;0;0;0;0;2775;0;0;126;0;122;0;
9979;3001999;1214382080;23531520;1403080704;0;0;0;0;0;0;0;0;0;0;0;2675;0;0;126;0;122;0;
9980;2687360;1216479232;23531520;1403080704;0;0;0;0;0;0;0;0;0;0;0;1874;0;0;126;0;122;0;
9981;2444605;1216479232;23531520;1403080704;0;0;0;0;0;0;0;0;0;0;0;2514;0;0;126;0;122;0;
9982;6963099;1217003520;23531520;1403080704;0;0;0;0;0;0;0;0;0;0;0;4929;0;0;126;0;122;0;
9983;4982013;1217003520;23531520;1403080704;0;0;0;0;0;0;0;0;0;0;0;2736;0;0;126;0;122;0;
9984;3292795;1217003520;23531520;1403080704;0;0;0;0;0;0;0;0;0;0;0;3186;0;0;126;0;122;0;
9985;4772400;1217003520;23531520;1403080704;0;0;0;0;0;0;0;0;0;0;0;2524;0;0;126;0;122;0;
9986;2801203;1217003520;23531520;1403080704;0;0;0;0;0;0;0;0;0;0;0;2675;0;0;126;0;122;0;
9987;5834973;1217003520;23531520;1403080704;0;0;0;0;0;0;0;0;0;0;0;3196;0;0;126;0;122;0;
9988;4940986;1217003520;23531520;1403080704;0;0;0;0;0;0;0;0;0;0;0;3346;0;0;126;0;122;0;
9989;3385750;1217003520;23531520;1403080704;0;0;0;0;0;0;0;0;0;0;0;3257;0;0;126;0;122;0;
9990;4088638;1217003520;23531520;1403080704;0;0;0;0;0;0;0;0;0;0;0;2785;0;0;126;0;122;0;
9991;2666070;1217003520;23531520;1403080704;0;0;0;0;0;0;0;0;0;0;0;2585;0;0;126;0;122;0;
9992;6000614;1217003520;23531520;1403080704;0;0;0;0;0;0;0;0;0;0;0;3757;0;0;126;0;122;0;
9993;4434747;1217003520;23531520;1403080704;0;0;0;0;0;0;0;0;0;0;0;2655;0;0;126;0;122;0;
9994;3113409;1217003520;23531520;1403080704;0;0;0;0;0;0;0;0;0;0;0;2695;0;0;126;0;122;0;
9995;3243683;1217003520;23531520;1403080704;0;0;0;0;0;0;0;0;0;0;0;2756;0;0;126;0;122;0;
9996;2203613;1217003520;23531520;1403080704;0;0;0;0;0;0;0;0;0;0;0;62277;0;0;126;0;122;0;
9997;5636070;1217003520;23531520;1403080704;0;0;0;0;0;0;0;0;0;0;0;3296;0;0;126;0;122;0;
9998;4091964;1210204160;16203776;1395752960;0;0;0;0;0;0;0;0;0;0;0;3286;0;0;126;0;122;0;
9999;2852650;1210204160;16203776;1395752960;0;0;0;0;0;0;0;0;0;0;0;2865;0;0;126;0;122;0;
10000;3130441;1210204160;16203776;1395752960;0;0;0;0;0;0;0;0;0;0;0;2505;0;0;126;0;122;0;
10001;3417599;1210204160;16203776;1395752960;0;0;0;0;0;0;0;0;0;0;0;2565;0;0;126;0;122;0;
10002;6575401;1210204160;16203776;1395752960;0;0;0;0;0;0;0;0;0;0;0;2866;0;0;126;0;122;0;
10003;4539783;1212301312;23531520;1403080704;0;0;0;0;0;0;0;0;0;0;0;2625;0;0;126;0;122;0;
10004;2512292;1214398464;23531520;1403080704;0;0;0;0;0;0;0;0;0;0;0;2194;0;0;126;0;122;0;
10005;3055270;1216495616;23531520;1403080704;0;0;0;0;0;0;0;0;0;0;0;2755;0;0;126;0;122;0;
10006;3178341;1217019904;23531520;1403080704;0;0;0;0;0;0;0;0;0;0;0;3536;0;0;126;0;122;0;
10007;6632759;1217019904;23531520;1403080704;0;0;0;0;0;0;0;0;0;0;0;3627;0;0;126;0;122;0;
10008;3723653;1217019904;23531520;1403080704;0;0;0;0;0;0;0;0;0;0;0;3095;0;0;126;0;122;0;
10009;2458049;1217019904;23531520;1403080704;0;0;0;0;0;0;0;0;0;0;0;2405;0;0;126;0;122;0;
10010;3009024;1217019904;23531520;1403080704;0;0;0;0;0;0;0;0;0;0;0;2324;0;0;126;0;122;0;
10011;2396124;1217019904;23531520;1403080704;0;0;0;0;0;0;0;0;0;0;0;2675;0;0;126;0;122;0;
10012;6238449;1217019904;23531520;1403080704;0;0;0;0;0;0;0;0;0;0;0;3576;0;0;126;0;122;0;
10013;4855786;1217019904;23531520;1403080704;0;0;0;0;0;0;0;0;0;0;0;3346;0;0;126;0;122;0;
10014;1695460;1217019904;23531520;1403080704;0;0;0;0;0;0;0;0;0;0;0;2044;0;0;126;0;122;0;
10015;2665439;1217019904;23531520;1403080704;0;0;0;0;0;0;0;0;0;0;0;1543;0;0;126;0;122;0;
10016;3725096;1217019904;23531520;1403080704;0;0;0;0;0;0;0;0;0;0;0;3366;0;0;126;0;122;0;
10017;6830570;1217019904;23531520;1403080704;0;0;0;0;0;0;0;0;0;0;0;3747;0;0;126;0;122;0;
10018;4611318;1210220544;16203776;1395752960;0;0;0;0;0;0;0;0;0;0;0;3166;0;0;126;0;122;0;
10019;3599371;1210220544;16203776;1395752960;0;0;0;0;0;0;0;0;0;0;0;2885;0;0;126;0;122;0;
10020;4053852;1210220544;16203776;1395752960;0;0;0;0;0;0;0;0;0;0;0;2625;0;0;126;0;122;0;
10021;2668895;1210220544;16203776;1395752960;0;0;0;0;0;0;0;0;0;0;0;3456;0;0;126;0;122;0;
10022;6665972;1210220544;16203776;1395752960;0;0;0;0;0;0;0;0;0;0;0;3576;0;0;126;0;122;0;
10023;5393254;1212317696;23531520;1403080704;0;0;0;0;0;0;0;0;0;0;0;3256;0;0;126;0;122;0;
10024;3441104;1214414848;23531520;1403080704;0;0;0;0;0;0;0;0;0;0;0;3506;0;0;126;0;122;0;
10025;3704657;1216512000;23531520;1403080704;0;0;0;0;0;0;0;0;0;0;0;3376;0;0;126;0;122;0;
10026;2170620;1216512000;23531520;1403080704;0;0;0;0;0;0;0;0;0;0;0;2114;0;0;126;0;122;0;
10027;7483765;1217036288;23531520;1403080704;0;0;0;0;0;0;0;0;0;0;0;3667;0;0;126;0;122;0;
10028;5003954;1217036288;23531520;1403080704;0;0;0;0;0;0;0;0;0;0;0;2775;0;0;126;0;122;0;
10029;2195547;1217036288;23531520;1403080704;0;0;0;0;0;0;0;0;0;0;0;2625;0;0;126;0;122;0;
10030;3041484;1217036288;23531520;1403080704;0;0;0;0;0;0;0;0;0;0;0;1954;0;0;126;0;122;0;
10031;3026837;1217036288;23531520;1403080704;0;0;0;0;0;0;0;0;0;0;0;3286;0;0;126;0;122;0;
10032;6388671;1217036288;23531520;1403080704;0;0;0;0;0;0;0;0;0;0;0;3727;0;0;126;0;122;0;
10033;4533292;1217036288;23531520;1403080704;0;0;0;0;0;0;0;0;0;0;0;3246;0;0;126;0;122;0;
10034;3189422;1217036288;23531520;1403080704;0;0;0;0;0;0;0;0;0;0;0;3095;0;0;126;0;122;0;
10035;3118258;1217036288;23531520;1403080704;0;0;0;0;0;0;0;0;0;0;0;2545;0;0;126;0;122;0;
10036;6513686;1217036288;23531520;1403080704;0;0;0;0;0;0;0;0;0;0;0;2936;0;0;126;0;122;0;
10037;4077236;1217036288;23531520;1403080704;0;0;0;0;0;0;0;0;0;0;0;2906;0;0;126;0;122;0;
10038;3075868;1217036288;23531520;1403080704;0;0;0;0;0;0;0;0;0;0;0;2966;0;0;126;0;122;0;
10039;3652550;1217036288;23531520;1403080704;0;0;0;0;0;0;0;0;0;0;0;3146;0;0;126;0;122;0;
10040;6736624;1217036288;23531520;1403080704;0;0;0;0;0;0;0;0;0;0;0;2324;0;0;126;0;122;0;
10041;4289284;1210236928;16203776;1395752960;0;0;0;0;0;0;0;0;0;0;0;2915;0;0;126;0;122;0;
10042;2062859;1210236928;16203776;1395752960;0;0;0;0;0;0;0;0;0;0;0;1974;0;0;126;0;122;0;
10043;2019337;1210236928;16203776;1395752960;0;0;0;0;0;0;0;0;0;0;0;1683;0;0;126;0;122;0;
10044;5304037;1210236928;16203776;1395752960;0;0;0;0;0;0;0;0;0;0;0;1393;0;0;126;0;122;0;
10045;3829352;1210232832;16199680;1395748864;0;0;0;0;0;0;0;0;0;0;0;1613;0;0;126;0;122;0;
10046;1798212;1210232832;16199680;1395748864;0;0;0;0;0;0;0;0;0;0;0;1613;0;0;126;0;122;0;
10047;3728372;1210232832;16199680;1395748864;0;0;0;0;0;0;0;0;0;0;0;1913;0;0;126;0;122;0;
10048;5387344;1210232832;16199680;1395748864;0;0;0;0;0;0;0;0;0;0;0;1402;0;0;126;0;122;0;
10049;2934333;1210232832;16207872;1395757056;0;0;0;0;0;0;0;0;0;0;0;1553;0;0;126;0;122;0;
10050;2929053;1210232832;16207872;1395757056;0;0;0;0;0;0;0;0;0;0;0;1533;0;0;126;0;122;0;
10051;1477631;1210232832;16207872;1395757056;0;0;0;0;0;0;0;0;0;0;0;1593;0;0;126;0;122;0;
10052;6360689;1212329984;23535616;1403084800;0;0;0;0;0;0;0;0;0;0;0;2525;0;0;126;0;122;0;
10053;3865279;1212329984;23535616;1403084800;0;0;0;0;0;0;0;0;0;0;0;2485;0;0;126;0;122;0;
10054;5625460;1214427136;23535616;1403084800;0;0;0;0;0;0;0;0;0;0;0;1754;0;0;126;0;122;0;
10055;4342374;1214427136;23535616;1403084800;0;0;0;0;0;0;0;0;0;0;0;2895;0;0;126;0;122;0;
10056;5460591;1214427136;23535616;1403084800;0;0;0;0;0;0;0;0;0;0;0;1733;0;0;126;0;122;0;
10057;3090906;1214427136;23535616;1403084800;0;0;0;0;0;0;0;0;0;0;0;2205;0;0;126;0;122;0;
10058;5650908;1214427136;23535616;1403084800;0;0;0;0;0;0;0;0;0;0;0;1843;0;0;126;0;122;0;
10059;2833404;1207554048;15757312;1395306496;0;0;0;0;0;0;0;0;0;0;0;2355;0;0;126;0;122;0;
10060;5323434;1207554048;15757312;1395306496;0;0;0;0;0;0;0;0;0;0;0;1733;0;0;126;0;122;0;
10061;2663255;1207554048;15757312;1395306496;0;0;0;0;0;0;0;0;0;0;0;2364;0;0;126;0;122;0;
10062;6415922;1207554048;15757312;1395306496;0;0;0;0;0;0;0;0;0;0;0;1773;0;0;126;0;122;0;
10063;3692154;1207554048;15757312;1395306496;0;0;0;0;0;0;0;0;0;0;0;2094;0;0;126;0;122;0;
10064;5524771;1207554048;15757312;1395306496;0;0;0;0;0;0;0;0;0;0;0;1833;0;0;126;0;122;0;
10065;2939994;1207554048;15757312;1395306496;0;0;0;0;0;0;0;0;0;0;0;2455;0;0;126;0;122;0;
10066;5765883;1207554048;15757312;1395306496;0;0;0;0;0;0;0;0;0;0;0;1583;0;0;126;0;122;0;
10067;3042426;1207554048;15757312;1395306496;0;0;0;0;0;0;0;0;0;0;0;2484;0;0;126;0;122;0;
10068;6196511;1207554048;15757312;1395306496;0;0;0;0;0;0;0;0;0;0;0;1784;0;0;126;0;122;0;
10069;2346160;1207554048;15757312;1395306496;0;0;0;0;0;0;0;0;0;0;0;2214;0;0;126;0;122;0;
10070;5444300;1207554048;15757312;1395306496;0;0;0;0;0;0;0;0;0;0;0;1883;0;0;126;0;122;0;
10071;3600292;1207554048;15757312;1395306496;0;0;0;0;0;0;0;0;0;0;0;2083;0;0;126;0;122;0;
10072;4652234;1207554048;15757312;1395306496;0;0;0;0;0;0;0;0;0;0;0;1843;0;0;126;0;122;0;
10073;3642862;1207554048;15757312;1395306496;0;0;0;0;0;0;0;0;0;0;0;1964;0;0;126;0;122;0;
10074;5466521;1207554048;15757312;1395306496;0;0;0;0;0;0;0;0;0;0;0;1273;0;0;126;0;122;0;
10075;3577810;1207554048;15757312;1395306496;0;0;0;0;0;0;0;0;0;0;0;1934;0;0;126;0;122;0;
10076;5023311;1209651200;15757312;1395306496;0;0;0;0;0;0;0;0;0;0;0;1693;0;0;126;0;122;0;
10077;2573937;1209651200;15757312;1395306496;0;0;0;0;0;0;0;0;0;0;0;2705;0;0;126;0;122;0;
10078;5906897;1210183680;15757312;1395306496;0;0;0;0;0;0;0;0;0;0;0;2094;0;0;126;0;122;0;
10079;2857469;1210183680;15757312;1395306496;0;0;0;0;0;0;0;0;0;0;0;2094;0;0;126;0;122;0;
10080;5148065;1210183680;15757312;1395306496;0;0;0;0;0;0;0;0;0;0;0;1804;0;0;126;0;122;0;
10081;3166648;1210183680;15757312;1395306496;0;0;0;0;0;0;0;0;0;0;0;2104;0;0;126;0;122;0;
10082;4455235;1210183680;15757312;1395306496;0;0;0;0;0;0;0;0;0;0;0;2064;0;0;126;0;122;0;
10083;2560282;1210183680;15757312;1395306496;0;0;0;0;0;0;0;0;0;0;0;1483;0;0;126;0;122;0;
10084;5077422;1210183680;15757312;1395306496;0;0;0;0;0;0;0;0;0;0;0;1904;0;0;126;0;122;0;
10085;1917817;1210183680;15757312;1395306496;0;0;0;0;0;0;0;0;0;0;0;1954;0;0;126;0;122;0;
10086;4800242;1210183680;15757312;1395306496;0;0;0;0;0;0;0;0;0;0;0;1483;0;0;126;0;122;0;
10087;3200171;1210265600;15753216;1395302400;0;0;0;0;0;0;0;0;0;0;0;1553;0;0;126;0;122;0;
10088;5237392;1210265600;15753216;1395302400;0;0;0;0;0;0;0;0;0;0;0;1392;0;0;126;0;122;0;
10089;3388235;1210265600;15753216;1395302400;0;0;0;0;0;0;0;0;0;0;0;1944;0;0;126;0;122;0;
10090;5066772;1210265600;15753216;1395302400;0;0;0;0;0;0;0;0;0;0;0;1563;0;0;126;0;122;0;
10091;3371804;1210265600;15753216;1395302400;0;0;0;0;0;0;0;0;0;0;0;256160;0;0;126;0;122;0;
10092;5413502;1210265600;15753216;1395302400;0;0;0;0;0;0;0;0;0;0;0;1603;0;0;126;0;122;0;
10093;2792737;1210265600;15757312;1395306496;0;0;0;0;0;0;0;0;0;0;0;2104;0;0;126;0;122;0;
10094;6186322;1210265600;15757312;1395306496;0;0;0;0;0;0;0;0;0;0;0;1532;0;0;126;0;122;0;
10095;3333872;1210265600;15757312;1395306496;0;0;0;0;0;0;0;0;0;0;0;2194;0;0;126;0;122;0;
10096;5608077;1210265600;15757312;1395306496;0;0;0;0;0;0;0;0;0;0;0;1854;0;0;126;0;122;0;
10097;3124720;1210265600;15757312;1395306496;0;0;0;0;0;0;0;0;0;0;0;2495;0;0;126;0;122;0;
10098;5377114;1210265600;15757312;1395306496;0;0;0;0;0;0;0;0;0;0;0;1492;0;0;126;0;122;0;
10099;3038258;1210265600;15757312;1395306496;0;0;0;0;0;0;0;0;0;0;0;2204;0;0;126;0;122;0;
10100;5306712;1210265600;15757312;1395306496;0;0;0;0;0;0;0;0;0;0;0;2114;0;0;126;0;122;0;
10101;3685471;1210265600;15757312;1395306496;0;0;0;0;0;0;0;0;0;0;0;2495;0;0;126;0;122;0;
10102;5193701;1210265600;15757312;1395306496;0;0;0;0;0;0;0;0;0;0;0;1563;0;0;126;0;122;0;
10103;3097399;1210265600;15757312;1395306496;0;0;0;0;0;0;0;0;0;0;0;1744;0;0;126;0;122;0;
10104;5634326;1210265600;15757312;1395306496;0;0;0;0;0;0;0;0;0;0;0;1472;0;0;126;0;122;0;
10105;3098230;1210265600;15757312;1395306496;0;0;0;0;0;0;0;0;0;0;0;1793;0;0;126;0;122;0;
10106;4629502;1210265600;15757312;1395306496;0;0;0;0;0;0;0;0;0;0;0;1432;0;0;126;0;122;0;
10107;3407731;1210265600;15757312;1395306496;0;0;0;0;0;0;0;0;0;0;0;1824;0;0;126;0;122;0;
10108;4780586;1210265600;15757312;1395306496;0;0;0;0;0;0;0;0;0;0;0;1944;0;0;126;0;122;0;
10109;3464938;1210265600;15757312;1395306496;0;0;0;0;0;0;0;0;0;0;0;1903;0;0;126;0;122;0;
10110;4842291;1210265600;15757312;1395306496;0;0;0;0;0;0;0;0;0;0;0;1533;0;0;126;0;122;0;
10111;3788124;1210265600;15757312;1395306496;0;0;0;0;0;0;0;0;0;0;0;2445;0;0;126;0;122;0;
10112;5315900;1210265600;15757312;1395306496;0;0;0;0;0;0;0;0;0;0;0;2344;0;0;126;0;122;0;
10113;2140675;1210265600;15757312;1395306496;0;0;0;0;0;0;0;0;0;0;0;2334;0;0;126;0;122;0;
10114;6127311;1210265600;15757312;1395306496;0;0;0;0;0;0;0;0;0;0;0;1413;0;0;126;0;122;0;
10115;3278278;1210265600;15757312;1395306496;0;0;0;0;0;0;0;0;0;0;0;2224;0;0;126;0;122;0;
10116;5560988;1210265600;15757312;1395306496;0;0;0;0;0;0;0;0;0;0;0;1633;0;0;126;0;122;0;
10117;4162427;1210265600;15757312;1395306496;0;0;0;0;0;0;0;0;0;0;0;3877;0;0;126;0;122;0;
10118;9000139;1210265600;15757312;1395306496;0;0;0;0;0;0;0;0;0;0;0;3637;0;0;126;0;122;0;
10119;5814875;1210265600;15757312;1395306496;0;0;0;0;0;0;0;0;0;0;0;3075;0;0;126;0;122;0;
10120;6908286;1210265600;15757312;1395306496;0;0;0;0;0;0;0;0;0;0;0;2505;0;0;126;0;122;0;
10121;3802070;1210265600;15757312;1395306496;0;0;0;0;0;0;0;0;0;0;0;3827;0;0;126;0;122;0;
10122;7869799;1210265600;15757312;1395306496;0;0;0;0;0;0;0;0;0;0;0;2835;0;0;126;0;122;0;
10123;4126038;1210265600;15757312;1395306496;0;0;0;0;0;0;0;0;0;0;0;3296;0;0;126;0;122;0;
10124;7051804;1210265600;15757312;1395306496;0;0;0;0;0;0;0;0;0;0;0;2024;0;0;126;0;122;0;
10125;5350945;1210265600;15757312;1395306496;0;0;0;0;0;0;0;0;0;0;0;3297;0;0;126;0;122;0;
10126;7427399;1210265600;15757312;1395306496;0;0;0;0;0;0;0;0;0;0;0;3918;0;0;126;0;122;0;
10127;4975731;1210265600;15757312;1395306496;0;0;0;0;0;0;0;0;0;0;0;9668;0;0;126;0;122;0;
10128;5752358;1210265600;15757312;1395306496;0;0;0;0;0;0;0;0;0;0;0;2945;0;0;126;0;122;0;
10129;6524726;1210265600;15757312;1395306496;0;0;0;0;0;0;0;0;0;0;0;2745;0;0;126;0;122;0;
10130;7085378;1210265600;15757312;1395306496;0;0;0;0;0;0;0;0;0;0;0;2916;0;0;126;0;122;0;
10131;5542665;1210265600;15757312;1395306496;0;0;0;0;0;0;0;0;0;0;0;3216;0;0;126;0;122;0;
10132;8527853;1210265600;15757312;1395306496;0;0;0;0;0;0;0;0;0;0;0;3126;0;0;126;0;122;0;
10133;6604827;1210265600;15757312;1395306496;0;0;0;0;0;0;0;0;0;0;0;3236;0;0;126;0;122;0;
10134;8285578;1210265600;15757312;1395306496;0;0;0;0;0;0;0;0;0;0;0;2836;0;0;126;0;122;0;
10135;5432107;1210265600;15757312;1395306496;0;0;0;0;0;0;0;0;0;0;0;2926;0;0;126;0;122;0;
10136;6987524;1210265600;15757312;1395306496;0;0;0;0;0;0;0;0;0;0;0;2134;0;0;126;0;122;0;
10137;5345725;1210265600;15757312;1395306496;0;0;0;0;0;0;0;0;0;0;0;3707;0;0;126;0;122;0;
10138;5901127;1210265600;15757312;1395306496;0;0;0;0;0;0;0;0;0;0;0;2144;0;0;126;0;122;0;
10139;6181713;1210265600;15757312;1395306496;0;0;0;0;0;0;0;0;0;0;0;4258;0;0;126;0;122;0;
10140;7304629;1210265600;15757312;1395306496;0;0;0;0;0;0;0;0;0;0;0;3707;0;0;126;0;122;0;
10141;4362461;1210265600;15757312;1395306496;0;0;0;0;0;0;0;0;0;0;0;4048;0;0;126;0;122;0;
10142;7715910;1210265600;15757312;1395306496;0;0;0;0;0;0;0;0;0;0;0;2454;0;0;126;0;122;0;
10143;4285878;1210265600;15757312;1395306496;0;0;0;0;0;0;0;0;0;0;0;3767;0;0;126;0;122;0;
10144;5095767;1210265600;15757312;1395306496;0;0;0;0;0;0;0;0;0;0;0;1743;0;0;126;0;122;0;
10145;4389252;1210265600;15757312;1395306496;0;0;0;0;0;0;0;0;0;0;0;3306;0;0;126;0;122;0;
10146;6727367;1210265600;15757312;1395306496;0;0;0;0;0;0;0;0;0;0;0;2735;0;0;126;0;122;0;
10147;3758789;1210265600;15757312;1395306496;0;0;0;0;0;0;0;0;0;0;0;2865;0;0;126;0;122;0;
10148;5669863;1210265600;15757312;1395306496;0;0;0;0;0;0;0;0;0;0;0;1774;0;0;126;0;122;0;
10149;3964916;1210265600;15757312;1395306496;0;0;0;0;0;0;0;0;0;0;0;3407;0;0;126;0;122;0;
10150;7082582;1210265600;15757312;1395306496;0;0;0;0;0;0;0;0;0;0;0;2625;0;0;126;0;122;0;
10151;3054799;1210265600;15757312;1395306496;0;0;0;0;0;0;0;0;0;0;0;3036;0;0;126;0;122;0;
10152;6904198;1210265600;15757312;1395306496;0;0;0;0;0;0;0;0;0;0;0;1613;0;0;126;0;122;0;
10153;4145063;1210265600;15757312;1395306496;0;0;0;0;0;0;0;0;0;0;0;2635;0;0;126;0;122;0;
10154;5849249;1210265600;15757312;1395306496;0;0;0;0;0;0;0;0;0;0;0;2344;0;0;126;0;122;0;
10155;2976602;1210265600;15757312;1395306496;0;0;0;0;0;0;0;0;0;0;0;2835;0;0;126;0;122;0;
10156;6587925;1210265600;15757312;1395306496;0;0;0;0;0;0;0;0;0;0;0;2555;0;0;126;0;122;0;
10157;3708084;1210265600;15757312;1395306496;0;0;0;0;0;0;0;0;0;0;0;2906;0;0;126;0;122;0;
10158;5894515;1210265600;15757312;1395306496;0;0;0;0;0;0;0;0;0;0;0;2274;0;0;126;0;122;0;
10159;9029483;1210265600;15757312;1395306496;0;0;0;0;0;0;0;0;0;0;0;2675;0;0;126;0;122;0;
10160;7118339;1210265600;15757312;1395306496;0;0;0;0;0;0;0;0;0;0;0;2515;0;0;126;0;122;0;
10161;4584367;1210265600;15757312;1395306496;0;0;0;0;0;0;0;0;0;0;0;3176;0;0;126;0;122;0;
10162;5903441;1210265600;15757312;1395306496;0;0;0;0;0;0;0;0;0;0;0;2825;0;0;126;0;122;0;
10163;4718178;1210265600;15757312;1395306496;0;0;0;0;0;0;0;0;0;0;0;2535;0;0;126;0;122;0;
10164;5715098;1210265600;15757312;1395306496;0;0;0;0;0;0;0;0;0;0;0;2354;0;0;126;0;122;0;
10165;4189967;1210265600;15757312;1395306496;0;0;0;0;0;0;0;0;0;0;0;3757;0;0;126;0;122;0;
10166;5838329;1210265600;15757312;1395306496;0;0;0;0;0;0;0;0;0;0;0;2565;0;0;126;0;122;0;
10167;4406023;1210265600;15757312;1395306496;0;0;0;0;0;0;0;0;0;0;0;2264;0;0;126;0;122;0;
10168;7487932;1210265600;15757312;1395306496;0;0;0;0;0;0;0;0;0;0;0;2395;0;0;126;0;122;0;
10169;5018882;1210265600;15757312;1395306496;0;0;0;0;0;0;0;0;0;0;0;2525;0;0;126;0;122;0;
10170;5216112;1210265600;15757312;1395306496;0;0;0;0;0;0;0;0;0;0;0;1783;0;0;126;0;122;0;
10171;4386316;1210265600;15757312;1395306496;0;0;0;0;0;0;0;0;0;0;0;3066;0;0;126;0;122;0;
10172;7669553;1210265600;15757312;1395306496;0;0;0;0;0;0;0;0;0;0;0;3186;0;0;126;0;122;0;
10173;3617765;1210265600;15757312;1395306496;0;0;0;0;0;0;0;0;0;0;0;3186;0;0;126;0;122;0;
10174;5406649;1210265600;15757312;1395306496;0;0;0;0;0;0;0;0;0;0;0;1773;0;0;126;0;122;0;
10175;3876660;1210265600;15757312;1395306496;0;0;0;0;0;0;0;0;0;0;0;2555;0;0;126;0;122;0;
10176;5671477;1210265600;15757312;1395306496;0;0;0;0;0;0;0;0;0;0;0;2394;0;0;126;0;122;0;
10177;3490706;1210265600;15757312;1395306496;0;0;0;0;0;0;0;0;0;0;0;3607;0;0;126;0;122;0;
10178;6085643;1210265600;15757312;1395306496;0;0;0;0;0;0;0;0;0;0;0;1483;0;0;126;0;122;0;
10179;7614971;1210265600;15757312;1395306496;0;0;0;0;0;0;0;0;0;0;0;2895;0;0;126;0;122;0;
10180;6972355;1210265600;15757312;1395306496;0;0;0;0;0;0;0;0;0;0;0;2514;0;0;126;0;122;0;
10181;4128833;1210265600;15757312;1395306496;0;0;0;0;0;0;0;0;0;0;0;2585;0;0;126;0;122;0;
10182;5594231;1210265600;15757312;1395306496;0;0;0;0;0;0;0;0;0;0;0;2715;0;0;126;0;122;0;
10183;3222975;1210265600;15757312;1395306496;0;0;0;0;0;0;0;0;0;0;0;2104;0;0;126;0;122;0;
10184;5010457;1210265600;15757312;1395306496;0;0;0;0;0;0;0;0;0;0;0;1773;0;0;126;0;122;0;
10185;2956284;1210265600;15757312;1395306496;0;0;0;0;0;0;0;0;0;0;0;2325;0;0;126;0;122;0;
10186;5135320;1210265600;15757312;1395306496;0;0;0;0;0;0;0;0;0;0;0;1443;0;0;126;0;122;0;
10187;2385474;1210265600;15757312;1395306496;0;0;0;0;0;0;0;0;0;0;0;2034;0;0;126;0;122;0;
10188;5379539;1210265600;15757312;1395306496;0;0;0;0;0;0;0;0;0;0;0;1723;0;0;126;0;122;0;
10189;3476029;1210265600;15757312;1395306496;0;0;0;0;0;0;0;0;0;0;0;2354;0;0;126;0;122;0;
10190;5284300;1210265600;15757312;1395306496;0;0;0;0;0;0;0;0;0;0;0;1663;0;0;126;0;122;0;
10191;3636660;1210265600;15757312;1395306496;0;0;0;0;0;0;0;0;0;0;0;2605;0;0;126;0;122;0;
10192;5327421;1210265600;15757312;1395306496;0;0;0;0;0;0;0;0;0;0;0;1663;0;0;126;0;122;0;
10193;4441379;1210265600;15757312;1395306496;0;0;0;0;0;0;0;0;0;0;0;4188;0;0;126;0;122;0;
10194;4277181;1210265600;15757312;1395306496;0;0;0;0;0;0;0;0;0;0;0;1703;0;0;126;0;122;0;
10195;4060344;1210265600;15757312;1395306496;0;0;0;0;0;0;0;0;0;0;0;3146;0;0;126;0;122;0;
10196;5741267;1210265600;15757312;1395306496;0;0;0;0;0;0;0;0;0;0;0;2534;0;0;126;0;122;0;
10197;3708274;1210265600;15757312;1395306496;0;0;0;0;0;0;0;0;0;0;0;3467;0;0;126;0;122;0;
10198;5195092;1210265600;15757312;1395306496;0;0;0;0;0;0;0;0;0;0;0;2124;0;0;126;0;122;0;
10199;3876430;1210265600;15757312;1395306496;0;0;0;0;0;0;0;0;0;0;0;2805;0;0;126;0;122;0;
10200;5809325;1210265600;15757312;1395306496;0;0;0;0;0;0;0;0;0;0;0;2625;0;0;126;0;122;0;
10201;3476840;1210265600;15757312;1395306496;0;0;0;0;0;0;0;0;0;0;0;2244;0;0;126;0;122;0;
10202;5854650;1210265600;15757312;1395306496;0;0;0;0;0;0;0;0;0;0;0;2715;0;0;126;0;122;0;
10203;4035659;1210265600;15757312;1395306496;0;0;0;0;0;0;0;0;0;0;0;3076;0;0;126;0;122;0;
10204;5311631;1210265600;15757312;1395306496;0;0;0;0;0;0;0;0;0;0;0;2374;0;0;126;0;122;0;
10205;4394852;1210265600;15757312;1395306496;0;0;0;0;0;0;0;0;0;0;0;2475;0;0;126;0;122;0;
10206;6060435;1210265600;15757312;1395306496;0;0;0;0;0;0;0;0;0;0;0;1743;0;0;126;0;122;0;
10207;3511004;1210265600;15757312;1395306496;0;0;0;0;0;0;0;0;0;0;0;2515;0;0;126;0;122;0;
10208;6336543;1210265600;15757312;1395306496;0;0;0;0;0;0;0;0;0;0;0;2234;0;0;126;0;122;0;
10209;3653431;1210265600;15757312;1395306496;0;0;0;0;0;0;0;0;0;0;0;2945;0;0;126;0;122;0;
10210;6930968;1210265600;15757312;1395306496;0;0;0;0;0;0;0;0;0;0;0;2284;0;0;126;0;122;0;
10211;4567215;1210265600;15757312;1395306496;0;0;0;0;0;0;0;0;0;0;0;3797;0;0;126;0;122;0;
10212;5967291;1210265600;15757312;1395306496;0;0;0;0;0;0;0;0;0;0;0;2414;0;0;126;0;122;0;
10213;3559746;1210265600;15757312;1395306496;0;0;0;0;0;0;0;0;0;0;0;2986;0;0;126;0;122;0;
10214;6410552;1210265600;15757312;1395306496;0;0;0;0;0;0;0;0;0;0;0;3126;0;0;126;0;122;0;
10215;4087295;1210265600;15757312;1395306496;0;0;0;0;0;0;0;0;0;0;0;3687;0;0;126;0;122;0;
10216;6084892;1210265600;15757312;1395306496;0;0;0;0;0;0;0;0;0;0;0;2635;0;0;126;0;122;0;
10217;3703546;1210265600;15757312;1395306496;0;0;0;0;0;0;0;0;0;0;0;3096;0;0;126;0;122;0;
10218;5705640;1210265600;15757312;1395306496;0;0;0;0;0;0;0;0;0;0;0;2184;0;0;126;0;122;0;
10219;3031415;1210265600;15757312;1395306496;0;0;0;0;0;0;0;0;0;0;0;2765;0;0;126;0;122;0;
10220;5433370;1210265600;15757312;1395306496;0;0;0;0;0;0;0;0;0;0;0;1833;0;0;126;0;122;0;
10221;3673860;1210265600;15757312;1395306496;0;0;0;0;0;0;0;0;0;0;0;2404;0;0;126;0;122;0;
10222;5497339;1210265600;15757312;1395306496;0;0;0;0;0;0;0;0;0;0;0;1773;0;0;126;0;122;0;
10223;3602346;1210265600;15757312;1395306496;0;0;0;0;0;0;0;0;0;0;0;3316;0;0;126;0;122;0;
10224;5485317;1210265600;15757312;1395306496;0;0;0;0;0;0;0;0;0;0;0;2224;0;0;126;0;122;0;
10225;5694439;1210265600;15757312;1395306496;0;0;0;0;0;0;0;0;0;0;0;3116;0;0;126;0;122;0;
10226;5600253;1210265600;15757312;1395306496;0;0;0;0;0;0;0;0;0;0;0;1913;0;0;126;0;122;0;
10227;4472417;1210265600;15757312;1395306496;0;0;0;0;0;0;0;0;0;0;0;2284;0;0;126;0;122;0;
10228;5619027;1210265600;15757312;1395306496;0;0;0;0;0;0;0;0;0;0;0;1904;0;0;126;0;122;0;
10229;5343241;1210265600;15757312;1395306496;0;0;0;0;0;0;0;0;0;0;0;3467;0;0;126;0;122;0;
10230;5391672;1210265600;15757312;1395306496;0;0;0;0;0;0;0;0;0;0;0;1743;0;0;126;0;122;0;
10231;4329449;1210265600;15757312;1395306496;0;0;0;0;0;0;0;0;0;0;0;3135;0;0;126;0;122;0;
10232;5420515;1210265600;15757312;1395306496;0;0;0;0;0;0;0;0;0;0;0;1994;0;0;126;0;122;0;
10233;3889063;1210265600;15757312;1395306496;0;0;0;0;0;0;0;0;0;0;0;2776;0;0;126;0;122;0;
10234;5625880;1210265600;15757312;1395306496;0;0;0;0;0;0;0;0;0;0;0;1994;0;0;126;0;122;0;
10235;4983787;1210265600;15757312;1395306496;0;0;0;0;0;0;0;0;0;0;0;2595;0;0;126;0;122;0;
10236;6388612;1210265600;15757312;1395306496;0;0;0;0;0;0;0;0;0;0;0;3356;0;0;126;0;122;0;
10237;5437487;1210265600;15757312;1395306496;0;0;0;0;0;0;0;0;0;0;0;3326;0;0;126;0;122;0;
10238;7223446;1210265600;15757312;1395306496;0;0;0;0;0;0;0;0;0;0;0;2835;0;0;126;0;122;0;
10239;3609129;1210265600;15757312;1395306496;0;0;0;0;0;0;0;0;0;0;0;3006;0;0;126;0;122;0;
10240;5413823;1210265600;15757312;1395306496;0;0;0;0;0;0;0;0;0;0;0;1903;0;0;126;0;122;0;
10241;3856833;1210265600;15757312;1395306496;0;0;0;0;0;0;0;0;0;0;0;2786;0;0;126;0;122;0;
10242;6909958;1210265600;15757312;1395306496;0;0;0;0;0;0;0;0;0;0;0;2024;0;0;126;0;122;0;
10243;3898291;1210265600;15757312;1395306496;0;0;0;0;0;0;0;0;0;0;0;3045;0;0;126;0;122;0;
10244;4735702;1210265600;15757312;1395306496;0;0;0;0;0;0;0;0;0;0;0;2014;0;0;126;0;122;0;
10245;4796495;1210265600;15757312;1395306496;0;0;0;0;0;0;0;0;0;0;0;3948;0;0;126;0;122;0;
10246;8371570;1210265600;15757312;1395306496;0;0;0;0;0;0;0;0;0;0;0;3015;0;0;126;0;122;0;
10247;4862338;1210265600;15757312;1395306496;0;0;0;0;0;0;0;0;0;0;0;3757;0;0;126;0;122;0;
10248;7645067;1210265600;15757312;1395306496;0;0;0;0;0;0;0;0;0;0;0;4228;0;0;126;0;122;0;
10249;4487185;1210265600;15757312;1395306496;0;0;0;0;0;0;0;0;0;0;0;3727;0;0;126;0;122;0;
10250;7528950;1210265600;15757312;1395306496;0;0;0;0;0;0;0;0;0;0;0;3416;0;0;126;0;122;0;
10251;6130397;1210265600;15757312;1395306496;0;0;0;0;0;0;0;0;0;0;0;3827;0;0;126;0;122;0;
10252;8181463;1210265600;15757312;1395306496;0;0;0;0;0;0;0;0;0;0;0;3056;0;0;126;0;122;0;
10253;6616939;1210265600;15757312;1395306496;0;0;0;0;0;0;0;0;0;0;0;3227;0;0;126;0;122;0;
10254;5685523;1210265600;15757312;1395306496;0;0;0;0;0;0;0;0;0;0;0;2474;0;0;126;0;122;0;
10255;4726945;1210265600;15757312;1395306496;0;0;0;0;0;0;0;0;0;0;0;4028;0;0;126;0;122;0;
10256;7031156;1210265600;15757312;1395306496;0;0;0;0;0;0;0;0;0;0;0;10068;0;0;126;0;122;0;
10257;4996360;1210265600;15757312;1395306496;0;0;0;0;0;0;0;0;0;0;0;4278;0;0;126;0;122;0;
10258;6356631;1210265600;15757312;1395306496;0;0;0;0;0;0;0;0;0;0;0;2595;0;0;126;0;122;0;
10259;5118830;1210265600;15757312;1395306496;0;0;0;0;0;0;0;0;0;0;0;2865;0;0;126;0;122;0;
10260;5553214;1210265600;15757312;1395306496;0;0;0;0;0;0;0;0;0;0;0;1753;0;0;126;0;122;0;
10261;4511210;1210265600;15757312;1395306496;0;0;0;0;0;0;0;0;0;0;0;2485;0;0;126;0;122;0;
10262;5901918;1210265600;15757312;1395306496;0;0;0;0;0;0;0;0;0;0;0;1664;0;0;126;0;122;0;
10263;4239480;1210265600;15757312;1395306496;0;0;0;0;0;0;0;0;0;0;0;3026;0;0;126;0;122;0;
10264;6766359;1210265600;15757312;1395306496;0;0;0;0;0;0;0;0;0;0;0;1833;0;0;126;0;122;0;
10265;3240768;1210265600;15757312;1395306496;0;0;0;0;0;0;0;0;0;0;0;3176;0;0;126;0;122;0;
10266;6257766;1210265600;15757312;1395306496;0;0;0;0;0;0;0;0;0;0;0;2355;0;0;126;0;122;0;
10267;5101226;1210265600;15757312;1395306496;0;0;0;0;0;0;0;0;0;0;0;3075;0;0;126;0;122;0;
10268;7237173;1210265600;15757312;1395306496;0;0;0;0;0;0;0;0;0;0;0;2785;0;0;126;0;122;0;
10269;4509246;1210265600;15757312;1395306496;0;0;0;0;0;0;0;0;0;0;0;3387;0;0;126;0;122;0;
10270;7459830;1210265600;15757312;1395306496;0;0;0;0;0;0;0;0;0;0;0;3747;0;0;126;0;122;0;
10271;4044896;1210265600;15757312;1395306496;0;0;0;0;0;0;0;0;0;0;0;3196;0;0;126;0;122;0;
10272;7998089;1210265600;15757312;1395306496;0;0;0;0;0;0;0;0;0;0;0;2906;0;0;126;0;122;0;
10273;4703311;1210265600;15757312;1395306496;0;0;0;0;0;0;0;0;0;0;0;2525;0;0;126;0;122;0;
10274;8884061;1210265600;15757312;1395306496;0;0;0;0;0;0;0;0;0;0;0;2956;0;0;126;0;122;0;
10275;4451559;1210265600;15757312;1395306496;0;0;0;0;0;0;0;0;0;0;0;3506;0;0;126;0;122;0;
10276;7100857;1210265600;15757312;1395306496;0;0;0;0;0;0;0;0;0;0;0;3387;0;0;126;0;122;0;
10277;5790018;1210265600;15757312;1395306496;0;0;0;0;0;0;0;0;0;0;0;3397;0;0;126;0;122;0;
10278;7165378;1210265600;15757312;1395306496;0;0;0;0;0;0;0;0;0;0;0;3596;0;0;126;0;122;0;
10279;5148846;1210265600;15757312;1395306496;0;0;0;0;0;0;0;0;0;0;0;3466;0;0;126;0;122;0;
10280;7499345;1210265600;15757312;1395306496;0;0;0;0;0;0;0;0;0;0;0;2494;0;0;126;0;122;0;
10281;5399816;1210265600;15757312;1395306496;0;0;0;0;0;0;0;0;0;0;0;3446;0;0;126;0;122;0;
10282;6992553;1210265600;15757312;1395306496;0;0;0;0;0;0;0;0;0;0;0;3126;0;0;126;0;122;0;
10283;5002282;1210265600;15757312;1395306496;0;0;0;0;0;0;0;0;0;0;0;3246;0;0;126;0;122;0;
10284;7275024;1210265600;15757312;1395306496;0;0;0;0;0;0;0;0;0;0;0;3126;0;0;126;0;122;0;
10285;5097369;1210265600;15757312;1395306496;0;0;0;0;0;0;0;0;0;0;0;4639;0;0;126;0;122;0;
10286;7571981;1210265600;15757312;1395306496;0;0;0;0;0;0;0;0;0;0;0;2565;0;0;126;0;122;0;
10287;5816588;1210265600;15757312;1395306496;0;0;0;0;0;0;0;0;0;0;0;3546;0;0;126;0;122;0;
10288;6622289;1210265600;15757312;1395306496;0;0;0;0;0;0;0;0;0;0;0;2524;0;0;126;0;122;0;
10289;5519191;1210265600;15757312;1395306496;0;0;0;0;0;0;0;0;0;0;0;3287;0;0;126;0;122;0;
10290;8344128;1210265600;15757312;1395306496;0;0;0;0;0;0;0;0;0;0;0;2735;0;0;126;0;122;0;
10291;6129385;1210265600;15757312;1395306496;0;0;0;0;0;0;0;0;0;0;0;28965;0;0;126;0;122;0;
10292;7666738;1210265600;15757312;1395306496;0;0;0;0;0;0;0;0;0;0;0;2685;0;0;126;0;122;0;
10293;5071832;1210265600;15757312;1395306496;0;0;0;0;0;0;0;0;0;0;0;3106;0;0;126;0;122;0;
10294;5398164;1210265600;15757312;1395306496;0;0;0;0;0;0;0;0;0;0;0;2164;0;0;126;0;122;0;
10295;5504403;1210265600;15757312;1395306496;0;0;0;0;0;0;0;0;0;0;0;2956;0;0;126;0;122;0;
10296;5860350;1210265600;15757312;1395306496;0;0;0;0;0;0;0;0;0;0;0;3095;0;0;126;0;122;0;
10297;6876846;1210265600;15757312;1395306496;0;0;0;0;0;0;0;0;0;0;0;3206;0;0;126;0;122;0;
10298;6379704;1210265600;15757312;1395306496;0;0;0;0;0;0;0;0;0;0;0;2935;0;0;126;0;122;0;
10299;6630054;1210265600;15757312;1395306496;0;0;0;0;0;0;0;0;0;0;0;3336;0;0;126;0;122;0;
10300;5663151;1210265600;15757312;1395306496;0;0;0;0;0;0;0;0;0;0;0;3035;0;0;126;0;122;0;
10301;5515263;1210265600;15757312;1395306496;0;0;0;0;0;0;0;0;0;0;0;3236;0;0;126;0;122;0;
10302;6979269;1210265600;15757312;1395306496;0;0;0;0;0;0;0;0;0;0;0;2775;0;0;126;0;122;0;
10303;4590750;1210265600;15757312;1395306496;0;0;0;0;0;0;0;0;0;0;0;3066;0;0;126;0;122;0;
10304;9114323;1210265600;15757312;1395306496;0;0;0;0;0;0;0;0;0;0;0;2976;0;0;126;0;122;0;
10305;5525412;1210265600;15757312;1395306496;0;0;0;0;0;0;0;0;0;0;0;2595;0;0;126;0;122;0;
10306;6299404;1210265600;15757312;1395306496;0;0;0;0;0;0;0;0;0;0;0;2725;0;0;126;0;122;0;
10307;5980535;1210265600;15757312;1395306496;0;0;0;0;0;0;0;0;0;0;0;3346;0;0;126;0;122;0;
10308;6861538;1210265600;15757312;1395306496;0;0;0;0;0;0;0;0;0;0;0;2645;0;0;126;0;122;0;
10309;5583912;1210265600;15757312;1395306496;0;0;0;0;0;0;0;0;0;0;0;4068;0;0;126;0;122;0;
10310;5966219;1210265600;15757312;1395306496;0;0;0;0;0;0;0;0;0;0;0;2604;0;0;126;0;122;0;
10311;5982930;1210265600;15757312;1395306496;0;0;0;0;0;0;0;0;0;0;0;4098;0;0;126;0;122;0;
10312;6872859;1210265600;15757312;1395306496;0;0;0;0;0;0;0;0;0;0;0;2955;0;0;126;0;122;0;
10313;4596230;1210265600;15757312;1395306496;0;0;0;0;0;0;0;0;0;0;0;3116;0;0;126;0;122;0;
10314;5303506;1210265600;15757312;1395306496;0;0;0;0;0;0;0;0;0;0;0;2955;0;0;126;0;122;0;
10315;6362242;1210265600;15757312;1395306496;0;0;0;0;0;0;0;0;0;0;0;3967;0;0;126;0;122;0;
10316;7218137;1210265600;15757312;1395306496;0;0;0;0;0;0;0;0;0;0;0;3085;0;0;126;0;122;0;
10317;5677347;1210265600;15757312;1395306496;0;0;0;0;0;0;0;0;0;0;0;2906;0;0;126;0;122;0;
10318;7081411;1210265600;15757312;1395306496;0;0;0;0;0;0;0;0;0;0;0;2785;0;0;126;0;122;0;
10319;5576468;1210265600;15757312;1395306496;0;0;0;0;0;0;0;0;0;0;0;2675;0;0;126;0;122;0;
10320;7969206;1210265600;15757312;1395306496;0;0;0;0;0;0;0;0;0;0;0;2554;0;0;126;0;122;0;
10321;5440834;1210265600;15757312;1395306496;0;0;0;0;0;0;0;0;0;0;0;2965;0;0;126;0;122;0;
10322;8367362;1210265600;15757312;1395306496;0;0;0;0;0;0;0;0;0;0;0;3296;0;0;126;0;122;0;
10323;4980380;1210265600;15757312;1395306496;0;0;0;0;0;0;0;0;0;0;0;3657;0;0;126;0;122;0;
10324;7912889;1210265600;15757312;1395306496;0;0;0;0;0;0;0;0;0;0;0;2675;0;0;126;0;122;0;
10325;4876064;1210265600;15757312;1395306496;0;0;0;0;0;0;0;0;0;0;0;3387;0;0;126;0;122;0;
10326;8459695;1210265600;15757312;1395306496;0;0;0;0;0;0;0;0;0;0;0;2334;0;0;126;0;122;0;
10327;3337790;1210265600;15757312;1395306496;0;0;0;0;0;0;0;0;0;0;0;2996;0;0;126;0;122;0;
10328;7139700;1210265600;15757312;1395306496;0;0;0;0;0;0;0;0;0;0;0;2164;0;0;126;0;122;0;
10329;4503706;1210265600;15757312;1395306496;0;0;0;0;0;0;0;0;0;0;0;3116;0;0;126;0;122;0;
10330;8617150;1210265600;15757312;1395306496;0;0;0;0;0;0;0;0;0;0;0;2565;0;0;126;0;122;0;
10331;3179193;1210265600;15757312;1395306496;0;0;0;0;0;0;0;0;0;0;0;3496;0;0;126;0;122;0;
10332;6210747;1210265600;15757312;1395306496;0;0;0;0;0;0;0;0;0;0;0;2175;0;0;126;0;122;0;
10333;6088297;1210265600;15757312;1395306496;0;0;0;0;0;0;0;0;0;0;0;3016;0;0;126;0;122;0;
10334;6764747;1210265600;15757312;1395306496;0;0;0;0;0;0;0;0;0;0;0;2534;0;0;126;0;122;0;
10335;4864603;1210265600;15757312;1395306496;0;0;0;0;0;0;0;0;0;0;0;2725;0;0;126;0;122;0;
10336;12670923;1210265600;15757312;1395306496;0;0;0;0;0;0;0;0;0;0;0;3347;0;0;126;0;122;0;
10337;9572411;1210265600;15757312;1395306496;0;0;0;0;0;0;0;0;0;0;0;2816;0;0;126;0;122;0;
10338;8189840;1210265600;15757312;1395306496;0;0;0;0;0;0;0;0;0;0;0;3036;0;0;126;0;122;0;
10339;5880778;1210265600;15757312;1395306496;0;0;0;0;0;0;0;0;0;0;0;3647;0;0;126;0;122;0;
10340;6939074;1210265600;15757312;1395306496;0;0;0;0;0;0;0;0;0;0;0;3186;0;0;126;0;122;0;
10341;4380495;1210265600;15757312;1395306496;0;0;0;0;0;0;0;0;0;0;0;3487;0;0;126;0;122;0;
10342;7446135;1210265600;15757312;1395306496;0;0;0;0;0;0;0;0;0;0;0;2455;0;0;126;0;122;0;
10343;4462629;1210265600;15757312;1395306496;0;0;0;0;0;0;0;0;0;0;0;3807;0;0;126;0;122;0;
10344;5688488;1210265600;15757312;1395306496;0;0;0;0;0;0;0;0;0;0;0;2074;0;0;126;0;122;0;
10345;5535681;1210265600;15757312;1395306496;0;0;0;0;0;0;0;0;0;0;0;2695;0;0;126;0;122;0;
10346;6073570;1210265600;15757312;1395306496;0;0;0;0;0;0;0;0;0;0;0;2725;0;0;126;0;122;0;
10347;5233304;1210265600;15757312;1395306496;0;0;0;0;0;0;0;0;0;0;0;2986;0;0;126;0;122;0;
10348;7202437;1210265600;15757312;1395306496;0;0;0;0;0;0;0;0;0;0;0;2494;0;0;126;0;122;0;
10349;5419403;1210265600;15757312;1395306496;0;0;0;0;0;0;0;0;0;0;0;2795;0;0;126;0;122;0;
10350;7569436;1210265600;15757312;1395306496;0;0;0;0;0;0;0;0;0;0;0;3487;0;0;126;0;122;0;
10351;4326103;1210265600;15757312;1395306496;0;0;0;0;0;0;0;0;0;0;0;3266;0;0;126;0;122;0;
10352;7108461;1210265600;15757312;1395306496;0;0;0;0;0;0;0;0;0;0;0;2956;0;0;126;0;122;0;
10353;4118344;1210265600;15757312;1395306496;0;0;0;0;0;0;0;0;0;0;0;3366;0;0;126;0;122;0;
10354;7811830;1210265600;15757312;1395306496;0;0;0;0;0;0;0;0;0;0;0;2595;0;0;126;0;122;0;
10355;3417058;1210265600;15757312;1395306496;0;0;0;0;0;0;0;0;0;0;0;2574;0;0;126;0;122;0;
10356;8689016;1210265600;15757312;1395306496;0;0;0;0;0;0;0;0;0;0;0;4228;0;0;126;0;122;0;
10357;3764510;1210265600;15757312;1395306496;0;0;0;0;0;0;0;0;0;0;0;2645;0;0;126;0;122;0;
10358;6906813;1210265600;15757312;1395306496;0;0;0;0;0;0;0;0;0;0;0;2966;0;0;126;0;122;0;
10359;3569925;1210265600;15757312;1395306496;0;0;0;0;0;0;0;0;0;0;0;2695;0;0;126;0;122;0;
10360;5637713;1210265600;15757312;1395306496;0;0;0;0;0;0;0;0;0;0;0;2054;0;0;126;0;122;0;
10361;5197287;1210265600;15757312;1395306496;0;0;0;0;0;0;0;0;0;0;0;2886;0;0;126;0;122;0;
10362;5832388;1210265600;15757312;1395306496;0;0;0;0;0;0;0;0;0;0;0;2084;0;0;126;0;122;0;
10363;5160779;1210265600;15757312;1395306496;0;0;0;0;0;0;0;0;0;0;0;4138;0;0;126;0;122;0;
10364;6090131;1210265600;15757312;1395306496;0;0;0;0;0;0;0;0;0;0;0;3046;0;0;126;0;122;0;
10365;6555645;1210265600;15757312;1395306496;0;0;0;0;0;0;0;0;0;0;0;3537;0;0;126;0;122;0;
10366;6778041;1210265600;15757312;1395306496;0;0;0;0;0;0;0;0;0;0;0;2745;0;0;126;0;122;0;
10367;3160357;1210265600;15757312;1395306496;0;0;0;0;0;0;0;0;0;0;0;2726;0;0;126;0;122;0;
10368;6555935;1210265600;15757312;1395306496;0;0;0;0;0;0;0;0;0;0;0;2445;0;0;126;0;122;0;
10369;5400958;1210265600;15757312;1395306496;0;0;0;0;0;0;0;0;0;0;0;3196;0;0;126;0;122;0;
10370;7955790;1210265600;15757312;1395306496;0;0;0;0;0;0;0;0;0;0;0;3396;0;0;126;0;122;0;
10371;3036304;1210265600;15757312;1395306496;0;0;0;0;0;0;0;0;0;0;0;3276;0;0;126;0;122;0;
10372;7323574;1210265600;15757312;1395306496;0;0;0;0;0;0;0;0;0;0;0;2585;0;0;126;0;122;0;
10373;4130516;1210265600;15757312;1395306496;0;0;0;0;0;0;0;0;0;0;0;3817;0;0;126;0;122;0;
10374;6688573;1210265600;15757312;1395306496;0;0;0;0;0;0;0;0;0;0;0;2866;0;0;126;0;122;0;
10375;3361014;1210265600;15757312;1395306496;0;0;0;0;0;0;0;0;0;0;0;3326;0;0;126;0;122;0;
10376;8187184;1210265600;15757312;1395306496;0;0;0;0;0;0;0;0;0;0;0;2565;0;0;126;0;122;0;
10377;5225901;1210265600;15757312;1395306496;0;0;0;0;0;0;0;0;0;0;0;3376;0;0;126;0;122;0;
10378;8751312;1210265600;15757312;1395306496;0;0;0;0;0;0;0;0;0;0;0;2845;0;0;126;0;122;0;
10379;4897194;1210265600;15757312;1395306496;0;0;0;0;0;0;0;0;0;0;0;3125;0;0;126;0;122;0;
10380;5917046;1210265600;15757312;1395306496;0;0;0;0;0;0;0;0;0;0;0;2264;0;0;126;0;122;0;
10381;5809986;1210265600;15757312;1395306496;0;0;0;0;0;0;0;0;0;0;0;2996;0;0;126;0;122;0;
10382;6839727;1210265600;15757312;1395306496;0;0;0;0;0;0;0;0;0;0;0;2224;0;0;126;0;122;0;
10383;4495631;1210265600;15757312;1395306496;0;0;0;0;0;0;0;0;0;0;0;2585;0;0;126;0;122;0;
10384;6221989;1210265600;15757312;1395306496;0;0;0;0;0;0;0;0;0;0;0;1643;0;0;126;0;122;0;
10385;5242221;1210265600;15757312;1395306496;0;0;0;0;0;0;0;0;0;0;0;3126;0;0;126;0;122;0;
10386;6515469;1210265600;15757312;1395306496;0;0;0;0;0;0;0;0;0;0;0;2345;0;0;126;0;122;0;
10387;5667178;1210265600;15757312;1395306496;0;0;0;0;0;0;0;0;0;0;0;3276;0;0;126;0;122;0;
10388;7070801;1210265600;15757312;1395306496;0;0;0;0;0;0;0;0;0;0;0;2465;0;0;126;0;122;0;
10389;6235865;1210265600;15757312;1395306496;0;0;0;0;0;0;0;0;0;0;0;3286;0;0;126;0;122;0;
10390;8701559;1210265600;15757312;1395306496;0;0;0;0;0;0;0;0;0;0;0;2705;0;0;126;0;122;0;
10391;3976607;1210265600;15757312;1395306496;0;0;0;0;0;0;0;0;0;0;0;2885;0;0;126;0;122;0;
10392;8509668;1210265600;15757312;1395306496;0;0;0;0;0;0;0;0;0;0;0;3306;0;0;126;0;122;0;
10393;4727937;1210265600;15757312;1395306496;0;0;0;0;0;0;0;0;0;0;0;3166;0;0;126;0;122;0;
10394;7377556;1210265600;15757312;1395306496;0;0;0;0;0;0;0;0;0;0;0;2445;0;0;126;0;122;0;
10395;5577580;1210265600;15757312;1395306496;0;0;0;0;0;0;0;0;0;0;0;2715;0;0;126;0;122;0;
10396;7861743;1210265600;15757312;1395306496;0;0;0;0;0;0;0;0;0;0;0;2464;0;0;126;0;122;0;
10397;5315669;1210265600;15757312;1395306496;0;0;0;0;0;0;0;0;0;0;0;3216;0;0;126;0;122;0;
10398;6919266;1210265600;15757312;1395306496;0;0;0;0;0;0;0;0;0;0;0;2124;0;0;126;0;122;0;
10399;5271105;1210265600;15757312;1395306496;0;0;0;0;0;0;0;0;0;0;0;3206;0;0;126;0;122;0;
10400;7433000;1210265600;15757312;1395306496;0;0;0;0;0;0;0;0;0;0;0;2665;0;0;126;0;122;0;
10401;4699393;1210265600;15757312;1395306496;0;0;0;0;0;0;0;0;0;0;0;2274;0;0;126;0;122;0;
10402;6425741;1210265600;15757312;1395306496;0;0;0;0;0;0;0;0;0;0;0;2294;0;0;126;0;122;0;
10403;5379979;1210265600;15757312;1395306496;0;0;0;0;0;0;0;0;0;0;0;2895;0;0;126;0;122;0;
10404;8011224;1210265600;15757312;1395306496;0;0;0;0;0;0;0;0;0;0;0;2885;0;0;126;0;122;0;
10405;5188620;1210265600;15757312;1395306496;0;0;0;0;0;0;0;0;0;0;0;3086;0;0;126;0;122;0;
10406;7568845;1210265600;15757312;1395306496;0;0;0;0;0;0;0;0;0;0;0;2685;0;0;126;0;122;0;
10407;5806960;1210265600;15757312;1395306496;0;0;0;0;0;0;0;0;0;0;0;3196;0;0;126;0;122;0;
10408;6722597;1210265600;15757312;1395306496;0;0;0;0;0;0;0;0;0;0;0;2815;0;0;126;0;122;0;
10409;5814855;1210265600;15757312;1395306496;0;0;0;0;0;0;0;0;0;0;0;2805;0;0;126;0;122;0;
10410;5316921;1210265600;15757312;1395306496;0;0;0;0;0;0;0;0;0;0;0;2304;0;0;126;0;122;0;
10411;4733377;1210265600;15757312;1395306496;0;0;0;0;0;0;0;0;0;0;0;3036;0;0;126;0;122;0;
10412;6865255;1210265600;15757312;1395306496;0;0;0;0;0;0;0;0;0;0;0;2395;0;0;126;0;122;0;
10413;6573158;1210265600;15757312;1395306496;0;0;0;0;0;0;0;0;0;0;0;2956;0;0;126;0;122;0;
10414;6434677;1210265600;15757312;1395306496;0;0;0;0;0;0;0;0;0;0;0;1653;0;0;126;0;122;0;
10415;5888223;1210265600;15757312;1395306496;0;0;0;0;0;0;0;0;0;0;0;2435;0;0;126;0;122;0;
10416;5060029;1210265600;15757312;1395306496;0;0;0;0;0;0;0;0;0;0;0;1523;0;0;126;0;122;0;
10417;5879657;1210265600;15757312;1395306496;0;0;0;0;0;0;0;0;0;0;0;2635;0;0;126;0;122;0;
10418;6821954;1210265600;15757312;1395306496;0;0;0;0;0;0;0;0;0;0;0;3046;0;0;126;0;122;0;
10419;6935436;1210265600;15757312;1395306496;0;0;0;0;0;0;0;0;0;0;0;2454;0;0;126;0;122;0;
10420;6967576;1210265600;15757312;1395306496;0;0;0;0;0;0;0;0;0;0;0;2755;0;0;126;0;122;0;
10421;4316625;1210265600;15757312;1395306496;0;0;0;0;0;0;0;0;0;0;0;2484;0;0;126;0;122;0;
10422;6333067;1210265600;15757312;1395306496;0;0;0;0;0;0;0;0;0;0;0;2835;0;0;126;0;122;0;
10423;3686303;1210265600;15757312;1395306496;0;0;0;0;0;0;0;0;0;0;0;2885;0;0;126;0;122;0;
10424;5729865;1210265600;15757312;1395306496;0;0;0;0;0;0;0;0;0;0;0;1984;0;0;126;0;122;0;
10425;4226496;1210265600;15757312;1395306496;0;0;0;0;0;0;0;0;0;0;0;2695;0;0;126;0;122;0;
10426;6826342;1210265600;15757312;1395306496;0;0;0;0;0;0;0;0;0;0;0;2074;0;0;126;0;122;0;
10427;3455270;1210265600;15757312;1395306496;0;0;0;0;0;0;0;0;0;0;0;2475;0;0;126;0;122;0;
10428;8287562;1210265600;15757312;1395306496;0;0;0;0;0;0;0;0;0;0;0;2554;0;0;126;0;122;0;
10429;4181743;1210265600;15757312;1395306496;0;0;0;0;0;0;0;0;0;0;0;2816;0;0;126;0;122;0;
10430;6965503;1210265600;15757312;1395306496;0;0;0;0;0;0;0;0;0;0;0;2274;0;0;126;0;122;0;
10431;3244524;1210265600;15757312;1395306496;0;0;0;0;0;0;0;0;0;0;0;2775;0;0;126;0;122;0;
10432;5780792;1210265600;15757312;1395306496;0;0;0;0;0;0;0;0;0;0;0;2665;0;0;126;0;122;0;
10433;2976352;1210265600;15757312;1395306496;0;0;0;0;0;0;0;0;0;0;0;2906;0;0;126;0;122;0;
10434;5514040;1210265600;15757312;1395306496;0;0;0;0;0;0;0;0;0;0;0;2334;0;0;126;0;122;0;
10435;3368608;1210265600;15757312;1395306496;0;0;0;0;0;0;0;0;0;0;0;2735;0;0;126;0;122;0;
10436;6084010;1210265600;15757312;1395306496;0;0;0;0;0;0;0;0;0;0;0;2705;0;0;126;0;122;0;
10437;3674751;1210265600;15757312;1395306496;0;0;0;0;0;0;0;0;0;0;0;2204;0;0;126;0;122;0;
10438;6534174;1210265600;15757312;1395306496;0;0;0;0;0;0;0;0;0;0;0;2354;0;0;126;0;122;0;
10439;3395107;1210265600;15757312;1395306496;0;0;0;0;0;0;0;0;0;0;0;2214;0;0;126;0;122;0;
10440;6724571;1210265600;15757312;1395306496;0;0;0;0;0;0;0;0;0;0;0;282190;0;0;126;0;122;0;
10441;3451443;1210265600;15761408;1395310592;0;0;0;0;0;0;0;0;0;0;0;2935;0;0;126;0;122;0;
10442;5832148;1210265600;15761408;1395310592;0;0;0;0;0;0;0;0;0;0;0;2294;0;0;126;0;122;0;
10443;2782769;1210265600;15761408;1395310592;0;0;0;0;0;0;0;0;0;0;0;2083;0;0;126;0;122;0;
10444;5624869;1210265600;15761408;1395310592;0;0;0;0;0;0;0;0;0;0;0;2795;0;0;126;0;122;0;
10445;4092815;1210265600;15761408;1395310592;0;0;0;0;0;0;0;0;0;0;0;2264;0;0;126;0;122;0;
10446;5037047;1210531840;15761408;1395310592;0;0;0;0;0;0;0;0;0;0;0;2224;0;0;126;0;122;0;
10447;3327270;1210531840;15757312;1395306496;0;0;0;0;0;0;0;0;0;0;0;2595;0;0;126;0;122;0;
10448;6014700;1210531840;15757312;1395306496;0;0;0;0;0;0;0;0;0;0;0;2445;0;0;126;0;122;0;
10449;3474776;1210527744;15753216;1395302400;0;0;0;0;0;0;0;0;0;0;0;3106;0;0;126;0;122;0;
10450;5679722;1210527744;15753216;1395302400;0;0;0;0;0;0;0;0;0;0;0;2274;0;0;126;0;122;0;
10451;3532124;1210527744;15753216;1395302400;0;0;0;0;0;0;0;0;0;0;0;2304;0;0;126;0;122;0;
10452;5207887;1210527744;15753216;1395302400;0;0;0;0;0;0;0;0;0;0;0;2424;0;0;126;0;122;0;
10453;3434420;1210527744;15753216;1395302400;0;0;0;0;0;0;0;0;0;0;0;2565;0;0;126;0;122;0;
10454;4687150;1210527744;15753216;1395302400;0;0;0;0;0;0;0;0;0;0;0;1723;0;0;126;0;122;0;
10455;3436174;1210527744;15753216;1395302400;0;0;0;0;0;0;0;0;0;0;0;3737;0;0;126;0;122;0;
10456;5647742;1210527744;15753216;1395302400;0;0;0;0;0;0;0;0;0;0;0;2285;0;0;126;0;122;0;
10457;3916895;1210527744;15753216;1395302400;0;0;0;0;0;0;0;0;0;0;0;2655;0;0;126;0;122;0;
10458;6853373;1210527744;15753216;1395302400;0;0;0;0;0;0;0;0;0;0;0;2294;0;0;126;0;122;0;
10459;4336793;1210527744;15753216;1395302400;0;0;0;0;0;0;0;0;0;0;0;3036;0;0;126;0;122;0;
10460;5675394;1210527744;15753216;1395302400;0;0;0;0;0;0;0;0;0;0;0;2785;0;0;126;0;122;0;
10461;4178676;1210527744;15753216;1395302400;0;0;0;0;0;0;0;0;0;0;0;3236;0;0;126;0;122;0;
10462;6636586;1210527744;15753216;1395302400;0;0;0;0;0;0;0;0;0;0;0;2655;0;0;126;0;122;0;
10463;4560132;1210527744;15753216;1395302400;0;0;0;0;0;0;0;0;0;0;0;3426;0;0;126;0;122;0;
10464;6378943;1210527744;15753216;1395302400;0;0;0;0;0;0;0;0;0;0;0;2164;0;0;126;0;122;0;
10465;4097915;1210527744;15753216;1395302400;0;0;0;0;0;0;0;0;0;0;0;2535;0;0;126;0;122;0;
10466;5031115;1210527744;15753216;1395302400;0;0;0;0;0;0;0;0;0;0;0;1663;0;0;126;0;122;0;
10467;4443444;1210527744;15753216;1395302400;0;0;0;0;0;0;0;0;0;0;0;2765;0;0;126;0;122;0;
10468;7003404;1210527744;15753216;1395302400;0;0;0;0;0;0;0;0;0;0;0;2134;0;0;126;0;122;0;
10469;2918093;1210527744;15753216;1395302400;0;0;0;0;0;0;0;0;0;0;0;2955;0;0;126;0;122;0;
10470;6335371;1210527744;15753216;1395302400;0;0;0;0;0;0;0;0;0;0;0;3447;0;0;126;0;122;0;
10471;4909067;1210527744;15753216;1395302400;0;0;0;0;0;0;0;0;0;0;0;3156;0;0;126;0;122;0;
10472;6519106;1210527744;15753216;1395302400;0;0;0;0;0;0;0;0;0;0;0;2745;0;0;126;0;122;0;
10473;5088172;1210527744;15753216;1395302400;0;0;0;0;0;0;0;0;0;0;0;3286;0;0;126;0;122;0;
10474;5881530;1210527744;15753216;1395302400;0;0;0;0;0;0;0;0;0;0;0;2575;0;0;126;0;122;0;
10475;4029537;1210527744;15753216;1395302400;0;0;0;0;0;0;0;0;0;0;0;3105;0;0;126;0;122;0;
10476;6348646;1210527744;15753216;1395302400;0;0;0;0;0;0;0;0;0;0;0;2675;0;0;126;0;122;0;
10477;4758744;1210527744;15753216;1395302400;0;0;0;0;0;0;0;0;0;0;0;2815;0;0;126;0;122;0;
10478;6087397;1210527744;15753216;1395302400;0;0;0;0;0;0;0;0;0;0;0;2705;0;0;126;0;122;0;
10479;5063246;1210527744;15753216;1395302400;0;0;0;0;0;0;0;0;0;0;0;3216;0;0;126;0;122;0;
10480;6261482;1210527744;15753216;1395302400;0;0;0;0;0;0;0;0;0;0;0;2324;0;0;126;0;122;0;
10481;3259733;1210527744;15753216;1395302400;0;0;0;0;0;0;0;0;0;0;0;2645;0;0;126;0;122;0;
10482;6816824;1210527744;15753216;1395302400;0;0;0;0;0;0;0;0;0;0;0;2134;0;0;126;0;122;0;
10483;4469642;1210527744;15753216;1395302400;0;0;0;0;0;0;0;0;0;0;0;3096;0;0;126;0;122;0;
10484;5418231;1210527744;15753216;1395302400;0;0;0;0;0;0;0;0;0;0;0;2174;0;0;126;0;122;0;
10485;3447215;1210527744;15753216;1395302400;0;0;0;0;0;0;0;0;0;0;0;2414;0;0;126;0;122;0;
10486;6620646;1210527744;15753216;1395302400;0;0;0;0;0;0;0;0;0;0;0;2525;0;0;126;0;122;0;
10487;5744914;1210527744;15753216;1395302400;0;0;0;0;0;0;0;0;0;0;0;2695;0;0;126;0;122;0;
10488;5448298;1210527744;15753216;1395302400;0;0;0;0;0;0;0;0;0;0;0;2274;0;0;126;0;122;0;
10489;4068440;1210527744;15753216;1395302400;0;0;0;0;0;0;0;0;0;0;0;2615;0;0;126;0;122;0;
10490;4367911;1210527744;15753216;1395302400;0;0;0;0;0;0;0;0;0;0;0;2434;0;0;126;0;122;0;
10491;3825364;1210527744;15753216;1395302400;0;0;0;0;0;0;0;0;0;0;0;2284;0;0;126;0;122;0;
10492;5206214;1210527744;15753216;1395302400;0;0;0;0;0;0;0;0;0;0;0;1603;0;0;126;0;122;0;
10493;3603247;1210527744;15753216;1395302400;0;0;0;0;0;0;0;0;0;0;0;2805;0;0;126;0;122;0;
10494;5127776;1210527744;15753216;1395302400;0;0;0;0;0;0;0;0;0;0;0;1583;0;0;126;0;122;0;
10495;4650692;1210527744;15753216;1395302400;0;0;0;0;0;0;0;0;0;0;0;3317;0;0;126;0;122;0;
10496;4886193;1210527744;15753216;1395302400;0;0;0;0;0;0;0;0;0;0;0;1603;0;0;126;0;122;0;
10497;3505474;1210527744;15753216;1395302400;0;0;0;0;0;0;0;0;0;0;0;2695;0;0;126;0;122;0;
10498;4943330;1210527744;15753216;1395302400;0;0;0;0;0;0;0;0;0;0;0;1382;0;0;126;0;122;0;
10499;4406453;1210527744;15753216;1395302400;0;0;0;0;0;0;0;0;0;0;0;2685;0;0;126;0;122;0;
10500;5849871;1210527744;15753216;1395302400;0;0;0;0;0;0;0;0;0;0;0;2224;0;0;126;0;122;0;
10501;3643172;1210527744;15753216;1395302400;0;0;0;0;0;0;0;0;0;0;0;2415;0;0;126;0;122;0;
10502;5340576;1210527744;15753216;1395302400;0;0;0;0;0;0;0;0;0;0;0;2254;0;0;126;0;122;0;
10503;4590419;1210527744;15753216;1395302400;0;0;0;0;0;0;0;0;0;0;0;3376;0;0;126;0;122;0;
10504;5372195;1210527744;15753216;1395302400;0;0;0;0;0;0;0;0;0;0;0;2645;0;0;126;0;122;0;
10505;3997076;1210527744;15753216;1395302400;0;0;0;0;0;0;0;0;0;0;0;3276;0;0;126;0;122;0;
10506;5731568;1210527744;15753216;1395302400;0;0;0;0;0;0;0;0;0;0;0;2495;0;0;126;0;122;0;
10507;4669608;1210527744;15753216;1395302400;0;0;0;0;0;0;0;0;0;0;0;2786;0;0;126;0;122;0;
10508;5869578;1210527744;15753216;1395302400;0;0;0;0;0;0;0;0;0;0;0;2244;0;0;126;0;122;0;
10509;3308504;1210527744;15753216;1395302400;0;0;0;0;0;0;0;0;0;0;0;2755;0;0;126;0;122;0;
10510;4576592;1210527744;15753216;1395302400;0;0;0;0;0;0;0;0;0;0;0;1954;0;0;126;0;122;0;
10511;4084470;1210527744;15753216;1395302400;0;0;0;0;0;0;0;0;0;0;0;3016;0;0;126;0;122;0;
10512;4843804;1210527744;15753216;1395302400;0;0;0;0;0;0;0;0;0;0;0;1663;0;0;126;0;122;0;
10513;4995258;1210527744;15753216;1395302400;0;0;0;0;0;0;0;0;0;0;0;4198;0;0;126;0;122;0;
10514;5933768;1210527744;15753216;1395302400;0;0;0;0;0;0;0;0;0;0;0;2364;0;0;126;0;122;0;
10515;3640958;1210527744;15753216;1395302400;0;0;0;0;0;0;0;0;0;0;0;2685;0;0;126;0;122;0;
10516;5952944;1210527744;15753216;1395302400;0;0;0;0;0;0;0;0;0;0;0;1543;0;0;126;0;122;0;
10517;4076875;1210527744;15753216;1395302400;0;0;0;0;0;0;0;0;0;0;0;2334;0;0;126;0;122;0;
10518;7795119;1210527744;15753216;1395302400;0;0;0;0;0;0;0;0;0;0;0;1513;0;0;126;0;122;0;
10519;10661684;1210527744;15753216;1395302400;0;0;0;0;0;0;0;0;0;0;0;2855;0;0;126;0;122;0;
10520;5297856;1210527744;15753216;1395302400;0;0;0;0;0;0;0;0;0;0;0;2054;0;0;126;0;122;0;
10521;4759075;1210527744;15753216;1395302400;0;0;0;0;0;0;0;0;0;0;0;2585;0;0;126;0;122;0;
10522;4152408;1210527744;15753216;1395302400;0;0;0;0;0;0;0;0;0;0;0;1473;0;0;126;0;122;0;
10523;3946751;1210527744;15753216;1395302400;0;0;0;0;0;0;0;0;0;0;0;2745;0;0;126;0;122;0;
10524;4520147;1210527744;15753216;1395302400;0;0;0;0;0;0;0;0;0;0;0;1793;0;0;126;0;122;0;
10525;4651033;1210527744;15753216;1395302400;0;0;0;0;0;0;0;0;0;0;0;2786;0;0;126;0;122;0;
10526;4930367;1210527744;15753216;1395302400;0;0;0;0;0;0;0;0;0;0;0;1603;0;0;126;0;122;0;
10527;4467609;1210527744;15753216;1395302400;0;0;0;0;0;0;0;0;0;0;0;3467;0;0;126;0;122;0;
10528;5010657;1210527744;15753216;1395302400;0;0;0;0;0;0;0;0;0;0;0;1854;0;0;126;0;122;0;
10529;3729986;1210527744;15753216;1395302400;0;0;0;0;0;0;0;0;0;0;0;2845;0;0;126;0;122;0;
10530;5356736;1210527744;15753216;1395302400;0;0;0;0;0;0;0;0;0;0;0;1563;0;0;126;0;122;0;
10531;4825599;1210527744;15753216;1395302400;0;0;0;0;0;0;0;0;0;0;0;3126;0;0;126;0;122;0;
10532;5114772;1210527744;15753216;1395302400;0;0;0;0;0;0;0;0;0;0;0;1904;0;0;126;0;122;0;
10533;3257419;1210527744;15753216;1395302400;0;0;0;0;0;0;0;0;0;0;0;2425;0;0;126;0;122;0;
10534;5924010;1210527744;15753216;1395302400;0;0;0;0;0;0;0;0;0;0;0;1884;0;0;126;0;122;0;
10535;2797877;1210527744;15753216;1395302400;0;0;0;0;0;0;0;0;0;0;0;2475;0;0;126;0;122;0;
10536;5379438;1210527744;15753216;1395302400;0;0;0;0;0;0;0;0;0;0;0;2645;0;0;126;0;122;0;
10537;5198779;1210527744;15753216;1395302400;0;0;0;0;0;0;0;0;0;0;0;2996;0;0;126;0;122;0;
10538;6569680;1210527744;15753216;1395302400;0;0;0;0;0;0;0;0;0;0;0;2455;0;0;126;0;122;0;
10539;4937349;1210527744;15753216;1395302400;0;0;0;0;0;0;0;0;0;0;0;282730;0;0;126;0;122;0;
10540;5432058;1210527744;15753216;1395302400;0;0;0;0;0;0;0;0;0;0;0;1923;0;0;126;0;122;0;
10541;5186116;1210527744;15757312;1395306496;0;0;0;0;0;0;0;0;0;0;0;2364;0;0;126;0;122;0;
10542;5792793;1210527744;15761408;1395310592;0;0;0;0;0;0;0;0;0;0;0;2906;0;0;126;0;122;0;
10543;4404130;1210527744;15765504;1395314688;0;0;0;0;0;0;0;0;0;0;0;3026;0;0;126;0;122;0;
10544;4625825;1210527744;15765504;1395314688;0;0;0;0;0;0;0;0;0;0;0;1783;0;0;126;0;122;0;
10545;5396471;1210527744;15765504;1395314688;0;0;0;0;0;0;0;0;0;0;0;2856;0;0;126;0;122;0;
10546;5910555;1210527744;15765504;1395314688;0;0;0;0;0;0;0;0;0;0;0;1653;0;0;126;0;122;0;
10547;3596876;1210527744;15765504;1395314688;0;0;0;0;0;0;0;0;0;0;0;2415;0;0;126;0;122;0;
10548;6366890;1210527744;15765504;1395314688;0;0;0;0;0;0;0;0;0;0;0;1603;0;0;126;0;122;0;
10549;2720873;1210597376;15757312;1395306496;0;0;0;0;0;0;0;0;0;0;0;2285;0;0;126;0;122;0;
10550;6648328;1210597376;15757312;1395306496;0;0;0;0;0;0;0;0;0;0;0;2745;0;0;126;0;122;0;
10551;3223485;1210597376;15757312;1395306496;0;0;0;0;0;0;0;0;0;0;0;2574;0;0;126;0;122;0;
10552;4440267;1210597376;15757312;1395306496;0;0;0;0;0;0;0;0;0;0;0;1653;0;0;126;0;122;0;
10553;4207821;1210597376;15757312;1395306496;0;0;0;0;0;0;0;0;0;0;0;2685;0;0;126;0;122;0;
10554;6974680;1210597376;15757312;1395306496;0;0;0;0;0;0;0;0;0;0;0;1733;0;0;126;0;122;0;
10555;3323363;1210597376;15757312;1395306496;0;0;0;0;0;0;0;0;0;0;0;2625;0;0;126;0;122;0;
10556;4572204;1210597376;15757312;1395306496;0;0;0;0;0;0;0;0;0;0;0;1914;0;0;126;0;122;0;
10557;3787292;1210597376;15757312;1395306496;0;0;0;0;0;0;0;0;0;0;0;2826;0;0;126;0;122;0;
10558;5932575;1210597376;15757312;1395306496;0;0;0;0;0;0;0;0;0;0;0;1583;0;0;126;0;122;0;
10559;3264392;1210597376;15757312;1395306496;0;0;0;0;0;0;0;0;0;0;0;2926;0;0;126;0;122;0;
10560;5787313;1210597376;15757312;1395306496;0;0;0;0;0;0;0;0;0;0;0;2023;0;0;126;0;122;0;
10561;3892039;1210597376;15757312;1395306496;0;0;0;0;0;0;0;0;0;0;0;2605;0;0;126;0;122;0;
10562;6677773;1210597376;15757312;1395306496;0;0;0;0;0;0;0;0;0;0;0;2444;0;0;126;0;122;0;
10563;4962176;1210597376;15757312;1395306496;0;0;0;0;0;0;0;0;0;0;0;2926;0;0;126;0;122;0;
10564;6003599;1210597376;15757312;1395306496;0;0;0;0;0;0;0;0;0;0;0;2755;0;0;126;0;122;0;
10565;6406655;1210597376;15757312;1395306496;0;0;0;0;0;0;0;0;0;0;0;2885;0;0;126;0;122;0;
10566;6602302;1210597376;15757312;1395306496;0;0;0;0;0;0;0;0;0;0;0;1994;0;0;126;0;122;0;
10567;3580154;1210597376;15757312;1395306496;0;0;0;0;0;0;0;0;0;0;0;2695;0;0;126;0;122;0;
10568;5151892;1210597376;15757312;1395306496;0;0;0;0;0;0;0;0;0;0;0;1433;0;0;126;0;122;0;
10569;3610161;1210597376;15757312;1395306496;0;0;0;0;0;0;0;0;0;0;0;2905;0;0;126;0;122;0;
10570;6215166;1210597376;15757312;1395306496;0;0;0;0;0;0;0;0;0;0;0;1502;0;0;126;0;122;0;
10571;3745755;1210597376;15757312;1395306496;0;0;0;0;0;0;0;0;0;0;0;1864;0;0;126;0;122;0;
10572;6086815;1210597376;15757312;1395306496;0;0;0;0;0;0;0;0;0;0;0;1543;0;0;126;0;122;0;
10573;2392056;1210597376;15757312;1395306496;0;0;0;0;0;0;0;0;0;0;0;1763;0;0;126;0;122;0;
10574;5546922;1210597376;15757312;1395306496;0;0;0;0;0;0;0;0;0;0;0;1452;0;0;126;0;122;0;
10575;3460670;1210597376;15757312;1395306496;0;0;0;0;0;0;0;0;0;0;0;1603;0;0;126;0;122;0;
10576;5819143;1210597376;15757312;1395306496;0;0;0;0;0;0;0;0;0;0;0;1633;0;0;126;0;122;0;
10577;4703410;1210597376;15757312;1395306496;0;0;0;0;0;0;0;0;0;0;0;2314;0;0;126;0;122;0;
10578;4592483;1210597376;15757312;1395306496;0;0;0;0;0;0;0;0;0;0;0;1392;0;0;126;0;122;0;
10579;2444675;1210597376;15757312;1395306496;0;0;0;0;0;0;0;0;0;0;0;2124;0;0;126;0;122;0;
10580;5427989;1210597376;15757312;1395306496;0;0;0;0;0;0;0;0;0;0;0;1623;0;0;126;0;122;0;
10581;2898727;1210597376;15757312;1395306496;0;0;0;0;0;0;0;0;0;0;0;2204;0;0;126;0;122;0;
10582;5230820;1210597376;15757312;1395306496;0;0;0;0;0;0;0;0;0;0;0;1373;0;0;126;0;122;0;
10583;3219487;1210597376;15757312;1395306496;0;0;0;0;0;0;0;0;0;0;0;1843;0;0;126;0;122;0;
10584;4715564;1210597376;15757312;1395306496;0;0;0;0;0;0;0;0;0;0;0;1643;0;0;126;0;122;0;
10585;2005592;1210593280;15753216;1395302400;0;0;0;0;0;0;0;0;0;0;0;2394;0;0;126;0;122;0;
10586;6552649;1210593280;15753216;1395302400;0;0;0;0;0;0;0;0;0;0;0;1553;0;0;126;0;122;0;
10587;3374488;1210593280;15753216;1395302400;0;0;0;0;0;0;0;0;0;0;0;2064;0;0;126;0;122;0;
10588;5335486;1210593280;15753216;1395302400;0;0;0;0;0;0;0;0;0;0;0;1934;0;0;126;0;122;0;
10589;4465965;1210593280;15753216;1395302400;0;0;0;0;0;0;0;0;0;0;0;2024;0;0;126;0;122;0;
10590;5866703;1210593280;15753216;1395302400;0;0;0;0;0;0;0;0;0;0;0;1573;0;0;126;0;122;0;
10591;3027588;1210593280;15753216;1395302400;0;0;0;0;0;0;0;0;0;0;0;1884;0;0;126;0;122;0;
10592;5271786;1210593280;15753216;1395302400;0;0;0;0;0;0;0;0;0;0;0;1443;0;0;126;0;122;0;
10593;2727475;1210593280;15753216;1395302400;0;0;0;0;0;0;0;0;0;0;0;2084;0;0;126;0;122;0;
10594;4982514;1210593280;15753216;1395302400;0;0;0;0;0;0;0;0;0;0;0;1563;0;0;126;0;122;0;
10595;2944913;1210593280;15753216;1395302400;0;0;0;0;0;0;0;0;0;0;0;2254;0;0;126;0;122;0;
10596;5633765;1210593280;15753216;1395302400;0;0;0;0;0;0;0;0;0;0;0;1633;0;0;126;0;122;0;
10597;3333562;1210593280;15753216;1395302400;0;0;0;0;0;0;0;0;0;0;0;2113;0;0;126;0;122;0;
10598;4875524;1210593280;15753216;1395302400;0;0;0;0;0;0;0;0;0;0;0;1513;0;0;126;0;122;0;
10599;2873028;1210593280;15753216;1395302400;0;0;0;0;0;0;0;0;0;0;0;1643;0;0;126;0;122;0;
10600;6582876;1210593280;15753216;1395302400;0;0;0;0;0;0;0;0;0;0;0;1693;0;0;126;0;122;0;
10601;2504396;1210593280;15753216;1395302400;0;0;0;0;0;0;0;0;0;0;0;1813;0;0;126;0;122;0;
10602;5550610;1210593280;15753216;1395302400;0;0;0;0;0;0;0;0;0;0;0;1282;0;0;126;0;122;0;
10603;3194571;1210593280;15753216;1395302400;0;0;0;0;0;0;0;0;0;0;0;1693;0;0;126;0;122;0;
10604;5769520;1212211200;23531520;1403080704;0;0;0;0;0;0;0;0;0;0;0;1814;0;0;126;0;122;0;
10605;3104182;1214574592;23535616;1403084800;0;0;0;0;0;0;0;0;0;0;0;2414;0;0;126;0;122;0;
10606;4992703;1216671744;23535616;1403084800;0;0;0;0;0;0;0;0;0;0;0;1452;0;0;126;0;122;0;
10607;3391360;1216671744;23535616;1403084800;0;0;0;0;0;0;0;0;0;0;0;1894;0;0;126;0;122;0;
10608;5809696;1217748992;23535616;1403084800;0;0;0;0;0;0;0;0;0;0;0;1864;0;0;126;0;122;0;
10609;3605743;1217748992;23535616;1403084800;0;0;0;0;0;0;0;0;0;0;0;2013;0;0;126;0;122;0;
10610;5932556;1217748992;23535616;1403084800;0;0;0;0;0;0;0;0;0;0;0;1974;0;0;126;0;122;0;
10611;4786907;1210650624;16207872;1395757056;0;0;0;0;0;0;0;0;0;0;0;2234;0;0;126;0;122;0;
10612;5759041;1210650624;16207872;1395757056;0;0;0;0;0;0;0;0;0;0;0;2104;0;0;126;0;122;0;
10613;3831375;1210650624;16207872;1395757056;0;0;0;0;0;0;0;0;0;0;0;1884;0;0;126;0;122;0;
10614;5624748;1210650624;16207872;1395757056;0;0;0;0;0;0;0;0;0;0;0;1684;0;0;126;0;122;0;
10615;4317938;1212747776;23535616;1403084800;0;0;0;0;0;0;0;0;0;0;0;2334;0;0;126;0;122;0;
10616;5861933;1214844928;23535616;1403084800;0;0;0;0;0;0;0;0;0;0;0;1643;0;0;126;0;122;0;
10617;3917106;1214844928;23535616;1403084800;0;0;0;0;0;0;0;0;0;0;0;1913;0;0;126;0;122;0;
10618;4866907;1214844928;23535616;1403084800;0;0;0;0;0;0;0;0;0;0;0;1703;0;0;126;0;122;0;
10619;2963478;1214844928;23535616;1403084800;0;0;0;0;0;0;0;0;0;0;0;1934;0;0;126;0;122;0;
10620;6472839;1214844928;23535616;1403084800;0;0;0;0;0;0;0;0;0;0;0;1693;0;0;126;0;122;0;
10621;3780760;1207554048;15757312;1395306496;0;0;0;0;0;0;0;0;0;0;0;1953;0;0;126;0;122;0;
10622;5414254;1207554048;15757312;1395306496;0;0;0;0;0;0;0;0;0;0;0;1563;0;0;126;0;122;0;
10623;3566779;1207554048;15757312;1395306496;0;0;0;0;0;0;0;0;0;0;0;1703;0;0;126;0;122;0;
10624;5564997;1207554048;15757312;1395306496;0;0;0;0;0;0;0;0;0;0;0;1723;0;0;126;0;122;0;
10625;2854673;1207554048;15757312;1395306496;0;0;0;0;0;0;0;0;0;0;0;2175;0;0;126;0;122;0;
10626;5064098;1209651200;15757312;1395306496;0;0;0;0;0;0;0;0;0;0;0;1553;0;0;126;0;122;0;
10627;4028926;1209651200;15757312;1395306496;0;0;0;0;0;0;0;0;0;0;0;2354;0;0;126;0;122;0;
10628;5348260;1211265024;23535616;1403084800;0;0;0;0;0;0;0;0;0;0;0;1583;0;0;126;0;122;0;
10629;3742699;1213628416;23535616;1403084800;0;0;0;0;0;0;0;0;0;0;0;2114;0;0;126;0;122;0;
10630;5503792;1215725568;23535616;1403084800;0;0;0;0;0;0;0;0;0;0;0;1613;0;0;126;0;122;0;
10631;4060966;1216802816;23535616;1403084800;0;0;0;0;0;0;0;0;0;0;0;2205;0;0;126;0;122;0;
10632;4934935;1216802816;23535616;1403084800;0;0;0;0;0;0;0;0;0;0;0;1643;0;0;126;0;122;0;
10633;3062253;1215197184;21692416;1401241600;0;0;0;0;0;0;0;0;0;0;0;1944;0;0;126;0;122;0;
10634;4984578;1215197184;21692416;1401241600;0;0;0;0;0;0;0;0;0;0;0;1613;0;0;126;0;122;0;
10635;3106255;1208823808;14364672;1393913856;0;0;0;0;0;0;0;0;0;0;0;1844;0;0;126;0;122;0;
10636;5030845;1208823808;14364672;1393913856;0;0;0;0;0;0;0;0;0;0;0;1512;0;0;126;0;122;0;
10637;2272692;1208823808;14364672;1393913856;0;0;0;0;0;0;0;0;0;0;0;1734;0;0;126;0;122;0;
10638;5218667;1208823808;14364672;1393913856;0;0;0;0;0;0;0;0;0;0;0;1893;0;0;126;0;122;0;
10639;2978005;1208823808;14364672;1393913856;0;0;0;0;0;0;0;0;0;0;0;1653;0;0;126;0;122;0;
10640;4867729;1208823808;14364672;1393913856;0;0;0;0;0;0;0;0;0;0;0;1753;0;0;126;0;122;0;
10641;2466716;1208819712;14360576;1393909760;0;0;0;0;0;0;0;0;0;0;0;1733;0;0;126;0;122;0;
10642;5048828;1208819712;14360576;1393909760;0;0;0;0;0;0;0;0;0;0;0;1483;0;0;126;0;122;0;
10643;3476450;1208819712;14360576;1393909760;0;0;0;0;0;0;0;0;0;0;0;1803;0;0;126;0;122;0;
10644;4872768;1208819712;14360576;1393909760;0;0;0;0;0;0;0;0;0;0;0;1643;0;0;126;0;122;0;
10645;3027849;1208819712;14360576;1393909760;0;0;0;0;0;0;0;0;0;0;0;1804;0;0;126;0;122;0;
10646;4953790;1208819712;14360576;1393909760;0;0;0;0;0;0;0;0;0;0;0;1623;0;0;126;0;122;0;
10647;3167059;1208819712;14360576;1393909760;0;0;0;0;0;0;0;0;0;0;0;2004;0;0;126;0;122;0;
10648;4845246;1208819712;14360576;1393909760;0;0;0;0;0;0;0;0;0;0;0;1824;0;0;126;0;122;0;
10649;2785213;1208819712;14360576;1393909760;0;0;0;0;0;0;0;0;0;0;0;1884;0;0;126;0;122;0;
10650;5749082;1208819712;14360576;1393909760;0;0;0;0;0;0;0;0;0;0;0;1502;0;0;126;0;122;0;
10651;3106836;1208819712;14360576;1393909760;0;0;0;0;0;0;0;0;0;0;0;1793;0;0;126;0;122;0;
10652;5454058;1208819712;14360576;1393909760;0;0;0;0;0;0;0;0;0;0;0;1513;0;0;126;0;122;0;
10653;3190955;1208819712;14360576;1393909760;0;0;0;0;0;0;0;0;0;0;0;2244;0;0;126;0;122;0;
10654;5008883;1208819712;14360576;1393909760;0;0;0;0;0;0;0;0;0;0;0;1723;0;0;126;0;122;0;
10655;2596609;1208819712;14360576;1393909760;0;0;0;0;0;0;0;0;0;0;0;2114;0;0;126;0;122;0;
10656;5524390;1208819712;14360576;1393909760;0;0;0;0;0;0;0;0;0;0;0;1734;0;0;126;0;122;0;
10657;3288948;1208819712;14360576;1393909760;0;0;0;0;0;0;0;0;0;0;0;1763;0;0;126;0;122;0;
10658;5665665;1208819712;14360576;1393909760;0;0;0;0;0;0;0;0;0;0;0;1703;0;0;126;0;122;0;
10659;3810356;1208819712;14360576;1393909760;0;0;0;0;0;0;0;0;0;0;0;1934;0;0;126;0;122;0;
10660;6713310;1208819712;14360576;1393909760;0;0;0;0;0;0;0;0;0;0;0;1583;0;0;126;0;122;0;
10661;5401380;1208819712;14360576;1393909760;0;0;0;0;0;0;0;0;0;0;0;3327;0;0;126;0;122;0;
10662;6264098;1208819712;14360576;1393909760;0;0;0;0;0;0;0;0;0;0;0;1893;0;0;126;0;122;0;
10663;7559457;1208819712;14360576;1393909760;0;0;0;0;0;0;0;0;0;0;0;3176;0;0;126;0;122;0;
10664;6321425;1208819712;14360576;1393909760;0;0;0;0;0;0;0;0;0;0;0;2775;0;0;126;0;122;0;
10665;5272198;1208819712;14360576;1393909760;0;0;0;0;0;0;0;0;0;0;0;3346;0;0;126;0;122;0;
10666;6393500;1208819712;14360576;1393909760;0;0;0;0;0;0;0;0;0;0;0;2394;0;0;126;0;122;0;
10667;4181952;1208819712;14360576;1393909760;0;0;0;0;0;0;0;0;0;0;0;3226;0;0;126;0;122;0;
10668;6164190;1208819712;14360576;1393909760;0;0;0;0;0;0;0;0;0;0;0;2214;0;0;126;0;122;0;
10669;4618812;1208819712;14360576;1393909760;0;0;0;0;0;0;0;0;0;0;0;3116;0;0;126;0;122;0;
10670;6256603;1208819712;14360576;1393909760;0;0;0;0;0;0;0;0;0;0;0;2515;0;0;126;0;122;0;
10671;3855530;1208819712;14360576;1393909760;0;0;0;0;0;0;0;0;0;0;0;3086;0;0;126;0;122;0;
10672;5985044;1208819712;14360576;1393909760;0;0;0;0;0;0;0;0;0;0;0;1593;0;0;126;0;122;0;
10673;3782033;1208819712;14360576;1393909760;0;0;0;0;0;0;0;0;0;0;0;3406;0;0;126;0;122;0;
10674;6453793;1208819712;14360576;1393909760;0;0;0;0;0;0;0;0;0;0;0;2415;0;0;126;0;122;0;
10675;3441765;1208819712;14360576;1393909760;0;0;0;0;0;0;0;0;0;0;0;3186;0;0;126;0;122;0;
10676;5364922;1208819712;14360576;1393909760;0;0;0;0;0;0;0;0;0;0;0;1763;0;0;126;0;122;0;
10677;6108717;1208819712;14360576;1393909760;0;0;0;0;0;0;0;0;0;0;0;3186;0;0;126;0;122;0;
10678;7260166;1208819712;14360576;1393909760;0;0;0;0;0;0;0;0;0;0;0;2836;0;0;126;0;122;0;
10679;3364449;1208819712;14360576;1393909760;0;0;0;0;0;0;0;0;0;0;0;2986;0;0;126;0;122;0;
10680;8591733;1208819712;14360576;1393909760;0;0;0;0;0;0;0;0;0;0;0;3186;0;0;126;0;122;0;
10681;6506402;1208819712;14360576;1393909760;0;0;0;0;0;0;0;0;0;0;0;3186;0;0;126;0;122;0;
10682;7421468;1208819712;14360576;1393909760;0;0;0;0;0;0;0;0;0;0;0;2816;0;0;126;0;122;0;
10683;5528318;1208819712;14360576;1393909760;0;0;0;0;0;0;0;0;0;0;0;3066;0;0;126;0;122;0;
10684;7800429;1208819712;14360576;1393909760;0;0;0;0;0;0;0;0;0;0;0;3506;0;0;126;0;122;0;
10685;4401324;1208819712;14360576;1393909760;0;0;0;0;0;0;0;0;0;0;0;3296;0;0;126;0;122;0;
10686;5671817;1208819712;14360576;1393909760;0;0;0;0;0;0;0;0;0;0;0;2685;0;0;126;0;122;0;
10687;4803448;1208819712;14360576;1393909760;0;0;0;0;0;0;0;0;0;0;0;3768;0;0;126;0;122;0;
10688;6706817;1208819712;14360576;1393909760;0;0;0;0;0;0;0;0;0;0;0;2144;0;0;126;0;122;0;
10689;5064117;1208819712;14360576;1393909760;0;0;0;0;0;0;0;0;0;0;0;3667;0;0;126;0;122;0;
10690;5014063;1208819712;14360576;1393909760;0;0;0;0;0;0;0;0;0;0;0;2024;0;0;126;0;122;0;
10691;4488598;1208819712;14360576;1393909760;0;0;0;0;0;0;0;0;0;0;0;3136;0;0;126;0;122;0;
10692;5525482;1208819712;14360576;1393909760;0;0;0;0;0;0;0;0;0;0;0;1603;0;0;126;0;122;0;
10693;4694634;1208819712;14360576;1393909760;0;0;0;0;0;0;0;0;0;0;0;3116;0;0;126;0;122;0;
10694;5897220;1208819712;14360576;1393909760;0;0;0;0;0;0;0;0;0;0;0;1683;0;0;126;0;122;0;
10695;5278991;1208819712;14360576;1393909760;0;0;0;0;0;0;0;0;0;0;0;3777;0;0;126;0;122;0;
10696;6031221;1208819712;14360576;1393909760;0;0;0;0;0;0;0;0;0;0;0;1964;0;0;126;0;122;0;
10697;3633835;1208819712;14360576;1393909760;0;0;0;0;0;0;0;0;0;0;0;3576;0;0;126;0;122;0;
10698;5668691;1208819712;14360576;1393909760;0;0;0;0;0;0;0;0;0;0;0;1623;0;0;126;0;122;0;
10699;4693953;1208819712;14360576;1393909760;0;0;0;0;0;0;0;0;0;0;0;3025;0;0;126;0;122;0;
10700;6035248;1208819712;14360576;1393909760;0;0;0;0;0;0;0;0;0;0;0;1804;0;0;126;0;122;0;
10701;4636225;1208819712;14360576;1393909760;0;0;0;0;0;0;0;0;0;0;0;3767;0;0;126;0;122;0;
10702;6403730;1208819712;14360576;1393909760;0;0;0;0;0;0;0;0;0;0;0;1954;0;0;126;0;122;0;
10703;3471540;1208819712;14360576;1393909760;0;0;0;0;0;0;0;0;0;0;0;3406;0;0;126;0;122;0;
10704;6118635;1208819712;14360576;1393909760;0;0;0;0;0;0;0;0;0;0;0;1784;0;0;126;0;122;0;
10705;4171372;1208819712;14360576;1393909760;0;0;0;0;0;0;0;0;0;0;0;3086;0;0;126;0;122;0;
10706;5252951;1208819712;14360576;1393909760;0;0;0;0;0;0;0;0;0;0;0;1623;0;0;126;0;122;0;
10707;3896277;1208819712;14360576;1393909760;0;0;0;0;0;0;0;0;0;0;0;2805;0;0;126;0;122;0;
10708;6063422;1208819712;14360576;1393909760;0;0;0;0;0;0;0;0;0;0;0;2124;0;0;126;0;122;0;
10709;4274636;1208819712;14360576;1393909760;0;0;0;0;0;0;0;0;0;0;0;2785;0;0;126;0;122;0;
10710;6110239;1208819712;14360576;1393909760;0;0;0;0;0;0;0;0;0;0;0;2224;0;0;126;0;122;0;
10711;4883408;1208819712;14360576;1393909760;0;0;0;0;0;0;0;0;0;0;0;2875;0;0;126;0;122;0;
10712;5686013;1208819712;14360576;1393909760;0;0;0;0;0;0;0;0;0;0;0;1774;0;0;126;0;122;0;
10713;5258381;1208819712;14360576;1393909760;0;0;0;0;0;0;0;0;0;0;0;3306;0;0;126;0;122;0;
10714;6104208;1208819712;14360576;1393909760;0;0;0;0;0;0;0;0;0;0;0;2204;0;0;126;0;122;0;
10715;4731373;1208819712;14360576;1393909760;0;0;0;0;0;0;0;0;0;0;0;2865;0;0;126;0;122;0;
10716;5505234;1208819712;14360576;1393909760;0;0;0;0;0;0;0;0;0;0;0;1903;0;0;126;0;122;0;
10717;4588135;1208819712;14360576;1393909760;0;0;0;0;0;0;0;0;0;0;0;3266;0;0;126;0;122;0;
10718;5198730;1208819712;14360576;1393909760;0;0;0;0;0;0;0;0;0;0;0;1493;0;0;126;0;122;0;
10719;4511741;1208819712;14360576;1393909760;0;0;0;0;0;0;0;0;0;0;0;3426;0;0;126;0;122;0;
10720;5821237;1208819712;14360576;1393909760;0;0;0;0;0;0;0;0;0;0;0;1994;0;0;126;0;122;0;
10721;5622043;1208819712;14360576;1393909760;0;0;0;0;0;0;0;0;0;0;0;2615;0;0;126;0;122;0;
10722;5995604;1208819712;14360576;1393909760;0;0;0;0;0;0;0;0;0;0;0;1904;0;0;126;0;122;0;
10723;13032250;1208819712;14360576;1393909760;0;0;0;0;0;0;0;0;0;0;0;4749;0;0;126;0;122;0;
10724;5701091;1208819712;14360576;1393909760;0;0;0;0;0;0;0;0;0;0;0;1583;0;0;126;0;122;0;
10725;3807651;1208819712;14360576;1393909760;0;0;0;0;0;0;0;0;0;0;0;2876;0;0;126;0;122;0;
10726;4983466;1208819712;14360576;1393909760;0;0;0;0;0;0;0;0;0;0;0;1724;0;0;126;0;122;0;
10727;3753469;1208819712;14360576;1393909760;0;0;0;0;0;0;0;0;0;0;0;2875;0;0;126;0;122;0;
10728;4833765;1208819712;14360576;1393909760;0;0;0;0;0;0;0;0;0;0;0;1763;0;0;126;0;122;0;
10729;4225986;1208819712;14360576;1393909760;0;0;0;0;0;0;0;0;0;0;0;2876;0;0;126;0;122;0;
10730;5170898;1208819712;14360576;1393909760;0;0;0;0;0;0;0;0;0;0;0;1704;0;0;126;0;122;0;
10731;2533010;1208819712;14360576;1393909760;0;0;0;0;0;0;0;0;0;0;0;1964;0;0;126;0;122;0;
10732;5127737;1208819712;14360576;1393909760;0;0;0;0;0;0;0;0;0;0;0;2124;0;0;126;0;122;0;
10733;5102720;1208819712;14360576;1393909760;0;0;0;0;0;0;0;0;0;0;0;3105;0;0;126;0;122;0;
10734;5182379;1208819712;14360576;1393909760;0;0;0;0;0;0;0;0;0;0;0;1763;0;0;126;0;122;0;
10735;4248568;1208819712;14360576;1393909760;0;0;0;0;0;0;0;0;0;0;0;2755;0;0;126;0;122;0;
10736;5402301;1208819712;14360576;1393909760;0;0;0;0;0;0;0;0;0;0;0;1733;0;0;126;0;122;0;
10737;3319366;1208819712;14360576;1393909760;0;0;0;0;0;0;0;0;0;0;0;2304;0;0;126;0;122;0;
10738;5120783;1208819712;14360576;1393909760;0;0;0;0;0;0;0;0;0;0;0;1673;0;0;126;0;122;0;
10739;4145113;1208819712;14360576;1393909760;0;0;0;0;0;0;0;0;0;0;0;2195;0;0;126;0;122;0;
10740;5471682;1208819712;14360576;1393909760;0;0;0;0;0;0;0;0;0;0;0;2204;0;0;126;0;122;0;
10741;3515784;1208819712;14360576;1393909760;0;0;0;0;0;0;0;0;0;0;0;2655;0;0;126;0;122;0;
10742;5321730;1208819712;14360576;1393909760;0;0;0;0;0;0;0;0;0;0;0;1583;0;0;126;0;122;0;
10743;3632432;1208819712;14360576;1393909760;0;0;0;0;0;0;0;0;0;0;0;2284;0;0;126;0;122;0;
10744;5921044;1208819712;14360576;1393909760;0;0;0;0;0;0;0;0;0;0;0;1974;0;0;126;0;122;0;
10745;3503280;1208819712;14360576;1393909760;0;0;0;0;0;0;0;0;0;0;0;2735;0;0;126;0;122;0;
10746;5972761;1208819712;14360576;1393909760;0;0;0;0;0;0;0;0;0;0;0;1673;0;0;126;0;122;0;
10747;3491328;1208819712;14360576;1393909760;0;0;0;0;0;0;0;0;0;0;0;2575;0;0;126;0;122;0;
10748;5548315;1208819712;14360576;1393909760;0;0;0;0;0;0;0;0;0;0;0;1954;0;0;126;0;122;0;
10749;2902753;1208819712;14360576;1393909760;0;0;0;0;0;0;0;0;0;0;0;2755;0;0;126;0;122;0;
10750;5897320;1208819712;14360576;1393909760;0;0;0;0;0;0;0;0;0;0;0;1503;0;0;126;0;122;0;
10751;3324314;1208819712;14360576;1393909760;0;0;0;0;0;0;0;0;0;0;0;2595;0;0;126;0;122;0;
10752;4576853;1208819712;14360576;1393909760;0;0;0;0;0;0;0;0;0;0;0;1763;0;0;126;0;122;0;
10753;3045151;1208819712;14360576;1393909760;0;0;0;0;0;0;0;0;0;0;0;2315;0;0;126;0;122;0;
10754;4801104;1208819712;14360576;1393909760;0;0;0;0;0;0;0;0;0;0;0;1643;0;0;126;0;122;0;
10755;3025924;1208819712;14360576;1393909760;0;0;0;0;0;0;0;0;0;0;0;2174;0;0;126;0;122;0;
10756;5250076;1208819712;14360576;1393909760;0;0;0;0;0;0;0;0;0;0;0;1653;0;0;126;0;122;0;
10757;3458516;1208819712;14360576;1393909760;0;0;0;0;0;0;0;0;0;0;0;2966;0;0;126;0;122;0;
10758;5398344;1208819712;14360576;1393909760;0;0;0;0;0;0;0;0;0;0;0;1453;0;0;126;0;122;0;
10759;3717151;1208819712;14360576;1393909760;0;0;0;0;0;0;0;0;0;0;0;2655;0;0;126;0;122;0;
10760;5602557;1208819712;14360576;1393909760;0;0;0;0;0;0;0;0;0;0;0;1713;0;0;126;0;122;0;
10761;3990253;1208819712;14360576;1393909760;0;0;0;0;0;0;0;0;0;0;0;2485;0;0;126;0;122;0;
10762;5270063;1208819712;14360576;1393909760;0;0;0;0;0;0;0;0;0;0;0;1623;0;0;126;0;122;0;
10763;4445056;1208819712;14360576;1393909760;0;0;0;0;0;0;0;0;0;0;0;1843;0;0;126;0;122;0;
10764;5263050;1208819712;14360576;1393909760;0;0;0;0;0;0;0;0;0;0;0;1583;0;0;126;0;122;0;
10765;4003087;1208819712;14360576;1393909760;0;0;0;0;0;0;0;0;0;0;0;2384;0;0;126;0;122;0;
10766;4508315;1208819712;14360576;1393909760;0;0;0;0;0;0;0;0;0;0;0;1873;0;0;126;0;122;0;
10767;5407171;1208819712;14360576;1393909760;0;0;0;0;0;0;0;0;0;0;0;2205;0;0;126;0;122;0;
10768;5276065;1208819712;14360576;1393909760;0;0;0;0;0;0;0;0;0;0;0;1934;0;0;126;0;122;0;
10769;3211954;1208819712;14360576;1393909760;0;0;0;0;0;0;0;0;0;0;0;2685;0;0;126;0;122;0;
10770;5457695;1208819712;14360576;1393909760;0;0;0;0;0;0;0;0;0;0;0;1523;0;0;126;0;122;0;
10771;4064914;1208819712;14360576;1393909760;0;0;0;0;0;0;0;0;0;0;0;2404;0;0;126;0;122;0;
10772;5671467;1208819712;14360576;1393909760;0;0;0;0;0;0;0;0;0;0;0;1914;0;0;126;0;122;0;
10773;3426837;1208819712;14360576;1393909760;0;0;0;0;0;0;0;0;0;0;0;2265;0;0;126;0;122;0;
10774;7083755;1208819712;14360576;1393909760;0;0;0;0;0;0;0;0;0;0;0;1843;0;0;126;0;122;0;
10775;4316034;1208819712;14360576;1393909760;0;0;0;0;0;0;0;0;0;0;0;3296;0;0;126;0;122;0;
10776;6064834;1208819712;14360576;1393909760;0;0;0;0;0;0;0;0;0;0;0;2575;0;0;126;0;122;0;
10777;4310574;1208819712;14360576;1393909760;0;0;0;0;0;0;0;0;0;0;0;3026;0;0;126;0;122;0;
10778;6530267;1208819712;14360576;1393909760;0;0;0;0;0;0;0;0;0;0;0;1693;0;0;126;0;122;0;
10779;3251267;1208819712;14360576;1393909760;0;0;0;0;0;0;0;0;0;0;0;2926;0;0;126;0;122;0;
10780;5881079;1208819712;14360576;1393909760;0;0;0;0;0;0;0;0;0;0;0;1814;0;0;126;0;122;0;
10781;3642120;1208819712;14360576;1393909760;0;0;0;0;0;0;0;0;0;0;0;2565;0;0;126;0;122;0;
10782;4819358;1208819712;14360576;1393909760;0;0;0;0;0;0;0;0;0;0;0;1714;0;0;126;0;122;0;
10783;4511080;1208819712;14360576;1393909760;0;0;0;0;0;0;0;0;0;0;0;2374;0;0;126;0;122;0;
10784;6085763;1208819712;14360576;1393909760;0;0;0;0;0;0;0;0;0;0;0;1432;0;0;126;0;122;0;
10785;4063972;1208819712;14360576;1393909760;0;0;0;0;0;0;0;0;0;0;0;2815;0;0;126;0;122;0;
10786;6310514;1208819712;14360576;1393909760;0;0;0;0;0;0;0;0;0;0;0;2365;0;0;126;0;122;0;
10787;4398398;1208819712;14360576;1393909760;0;0;0;0;0;0;0;0;0;0;0;2805;0;0;126;0;122;0;
10788;4947448;1208819712;14360576;1393909760;0;0;0;0;0;0;0;0;0;0;0;1974;0;0;126;0;122;0;
10789;4720082;1208819712;14360576;1393909760;0;0;0;0;0;0;0;0;0;0;0;2785;0;0;126;0;122;0;
10790;5617455;1208819712;14360576;1393909760;0;0;0;0;0;0;0;0;0;0;0;1593;0;0;126;0;122;0;
10791;3011578;1208819712;14360576;1393909760;0;0;0;0;0;0;0;0;0;0;0;2505;0;0;126;0;122;0;
10792;4731143;1208819712;14360576;1393909760;0;0;0;0;0;0;0;0;0;0;0;1583;0;0;126;0;122;0;
10793;3595182;1208819712;14360576;1393909760;0;0;0;0;0;0;0;0;0;0;0;2625;0;0;126;0;122;0;
10794;4995508;1208819712;14360576;1393909760;0;0;0;0;0;0;0;0;0;0;0;1513;0;0;126;0;122;0;
10795;3146150;1208819712;14360576;1393909760;0;0;0;0;0;0;0;0;0;0;0;2445;0;0;126;0;122;0;
10796;6613093;1208819712;14360576;1393909760;0;0;0;0;0;0;0;0;0;0;0;1693;0;0;126;0;122;0;
10797;3919871;1208819712;14360576;1393909760;0;0;0;0;0;0;0;0;0;0;0;2736;0;0;126;0;122;0;
10798;6419739;1208819712;14360576;1393909760;0;0;0;0;0;0;0;0;0;0;0;2114;0;0;126;0;122;0;
10799;3091237;1208819712;14360576;1393909760;0;0;0;0;0;0;0;0;0;0;0;30087;0;0;126;0;122;0;
10800;7020907;1208819712;14360576;1393909760;0;0;0;0;0;0;0;0;0;0;0;1734;0;0;126;0;122;0;
10801;4072347;1208819712;14360576;1393909760;0;0;0;0;0;0;0;0;0;0;0;2846;0;0;126;0;122;0;
10802;6207391;1208819712;14360576;1393909760;0;0;0;0;0;0;0;0;0;0;0;2074;0;0;126;0;122;0;
10803;2826741;1208819712;14360576;1393909760;0;0;0;0;0;0;0;0;0;0;0;2776;0;0;126;0;122;0;
10804;5439792;1208819712;14360576;1393909760;0;0;0;0;0;0;0;0;0;0;0;1943;0;0;126;0;122;0;
10805;4877667;1208819712;14360576;1393909760;0;0;0;0;0;0;0;0;0;0;0;2244;0;0;126;0;122;0;
10806;5687255;1208819712;14360576;1393909760;0;0;0;0;0;0;0;0;0;0;0;1884;0;0;126;0;122;0;
10807;4169650;1208819712;14360576;1393909760;0;0;0;0;0;0;0;0;0;0;0;2956;0;0;126;0;122;0;
10808;6081646;1208819712;14360576;1393909760;0;0;0;0;0;0;0;0;0;0;0;1703;0;0;126;0;122;0;
10809;4627609;1208819712;14360576;1393909760;0;0;0;0;0;0;0;0;0;0;0;2906;0;0;126;0;122;0;
10810;5705130;1208819712;14360576;1393909760;0;0;0;0;0;0;0;0;0;0;0;1703;0;0;126;0;122;0;
10811;4896994;1208819712;14360576;1393909760;0;0;0;0;0;0;0;0;0;0;0;2415;0;0;126;0;122;0;
10812;5562823;1208819712;14360576;1393909760;0;0;0;0;0;0;0;0;0;0;0;1813;0;0;126;0;122;0;
10813;3454909;1208819712;14360576;1393909760;0;0;0;0;0;0;0;0;0;0;0;3016;0;0;126;0;122;0;
10814;5452826;1208819712;14360576;1393909760;0;0;0;0;0;0;0;0;0;0;0;1723;0;0;126;0;122;0;
10815;4038604;1208819712;14360576;1393909760;0;0;0;0;0;0;0;0;0;0;0;3156;0;0;126;0;122;0;
10816;5891429;1208819712;14360576;1393909760;0;0;0;0;0;0;0;0;0;0;0;2324;0;0;126;0;122;0;
10817;5470369;1208819712;14360576;1393909760;0;0;0;0;0;0;0;0;0;0;0;2765;0;0;126;0;122;0;
10818;6969901;1208819712;14360576;1393909760;0;0;0;0;0;0;0;0;0;0;0;2955;0;0;126;0;122;0;
10819;6814500;1208819712;14360576;1393909760;0;0;0;0;0;0;0;0;0;0;0;3326;0;0;126;0;122;0;
10820;6104699;1208819712;14360576;1393909760;0;0;0;0;0;0;0;0;0;0;0;2174;0;0;126;0;122;0;
10821;3749471;1208819712;14360576;1393909760;0;0;0;0;0;0;0;0;0;0;0;2555;0;0;126;0;122;0;
10822;7024524;1208819712;14360576;1393909760;0;0;0;0;0;0;0;0;0;0;0;2444;0;0;126;0;122;0;
10823;4072156;1208819712;14360576;1393909760;0;0;0;0;0;0;0;0;0;0;0;3537;0;0;126;0;122;0;
10824;7830305;1208819712;14360576;1393909760;0;0;0;0;0;0;0;0;0;0;0;3497;0;0;126;0;122;0;
10825;4208112;1208819712;14360576;1393909760;0;0;0;0;0;0;0;0;0;0;0;62827;0;0;126;0;122;0;
10826;6319732;1208819712;14360576;1393909760;0;0;0;0;0;0;0;0;0;0;0;2895;0;0;126;0;122;0;
10827;5560037;1208819712;14360576;1393909760;0;0;0;0;0;0;0;0;0;0;0;3687;0;0;126;0;122;0;
10828;5185184;1208819712;14360576;1393909760;0;0;0;0;0;0;0;0;0;0;0;2384;0;0;126;0;122;0;
10829;5405648;1208819712;14360576;1393909760;0;0;0;0;0;0;0;0;0;0;0;3546;0;0;126;0;122;0;
10830;4614784;1208819712;14360576;1393909760;0;0;0;0;0;0;0;0;0;0;0;1724;0;0;126;0;122;0;
10831;8653479;1208819712;14360576;1393909760;0;0;0;0;0;0;0;0;0;0;0;3005;0;0;126;0;122;0;
10832;6124195;1208819712;14360576;1393909760;0;0;0;0;0;0;0;0;0;0;0;3557;0;0;126;0;122;0;
10833;4106742;1208819712;14360576;1393909760;0;0;0;0;0;0;0;0;0;0;0;2715;0;0;126;0;122;0;
10834;6479342;1208819712;14360576;1393909760;0;0;0;0;0;0;0;0;0;0;0;2325;0;0;126;0;122;0;
10835;4591130;1208819712;14360576;1393909760;0;0;0;0;0;0;0;0;0;0;0;3206;0;0;126;0;122;0;
10836;6375837;1208819712;14360576;1393909760;0;0;0;0;0;0;0;0;0;0;0;2805;0;0;126;0;122;0;
10837;4198965;1208819712;14360576;1393909760;0;0;0;0;0;0;0;0;0;0;0;2896;0;0;126;0;122;0;
10838;6575562;1208819712;14360576;1393909760;0;0;0;0;0;0;0;0;0;0;0;1703;0;0;126;0;122;0;
10839;4726203;1208819712;14360576;1393909760;0;0;0;0;0;0;0;0;0;0;0;3606;0;0;126;0;122;0;
10840;6997302;1208819712;14360576;1393909760;0;0;0;0;0;0;0;0;0;0;0;2816;0;0;126;0;122;0;
10841;4486304;1208819712;14360576;1393909760;0;0;0;0;0;0;0;0;0;0;0;3707;0;0;126;0;122;0;
10842;7169475;1208819712;14360576;1393909760;0;0;0;0;0;0;0;0;0;0;0;2805;0;0;126;0;122;0;
10843;5849380;1208819712;14360576;1393909760;0;0;0;0;0;0;0;0;0;0;0;3687;0;0;126;0;122;0;
10844;5825245;1208819712;14360576;1393909760;0;0;0;0;0;0;0;0;0;0;0;2003;0;0;126;0;122;0;
10845;4884370;1208819712;14360576;1393909760;0;0;0;0;0;0;0;0;0;0;0;3026;0;0;126;0;122;0;
10846;7043650;1208819712;14360576;1393909760;0;0;0;0;0;0;0;0;0;0;0;2305;0;0;126;0;122;0;
10847;3629136;1208819712;14360576;1393909760;0;0;0;0;0;0;0;0;0;0;0;2906;0;0;126;0;122;0;
10848;7675735;1208819712;14364672;1393913856;0;0;0;0;0;0;0;0;0;0;0;3437;0;0;126;0;122;0;
10849;4066957;1208819712;14368768;1393917952;0;0;0;0;0;0;0;0;0;0;0;2815;0;0;126;0;122;0;
10850;6073620;1208819712;14368768;1393917952;0;0;0;0;0;0;0;0;0;0;0;1753;0;0;126;0;122;0;
10851;3794376;1208819712;14368768;1393917952;0;0;0;0;0;0;0;0;0;0;0;5090;0;0;126;0;122;0;
10852;6876756;1208819712;14368768;1393917952;0;0;0;0;0;0;0;0;0;0;0;2134;0;0;126;0;122;0;
10853;4384894;1208819712;14368768;1393917952;0;0;0;0;0;0;0;0;0;0;0;37220;0;0;126;0;122;0;
10854;8284667;1208819712;14368768;1393917952;0;0;0;0;0;0;0;0;0;0;0;2745;0;0;126;0;122;0;
10855;5984773;1208967168;14360576;1393909760;0;0;0;0;0;0;0;0;0;0;0;3657;0;0;126;0;122;0;
10856;6018267;1208967168;14360576;1393909760;0;0;0;0;0;0;0;0;0;0;0;2845;0;0;126;0;122;0;
10857;8272494;1208967168;14360576;1393909760;0;0;0;0;0;0;0;0;0;0;0;3737;0;0;126;0;122;0;
10858;6678554;1208967168;14360576;1393909760;0;0;0;0;0;0;0;0;0;0;0;2194;0;0;126;0;122;0;
10859;4593975;1208967168;14360576;1393909760;0;0;0;0;0;0;0;0;0;0;0;2815;0;0;126;0;122;0;
10860;6994978;1208967168;14360576;1393909760;0;0;0;0;0;0;0;0;0;0;0;2034;0;0;126;0;122;0;
10861;5982289;1208967168;14360576;1393909760;0;0;0;0;0;0;0;0;0;0;0;3507;0;0;126;0;122;0;
10862;6576403;1208967168;14360576;1393909760;0;0;0;0;0;0;0;0;0;0;0;3096;0;0;126;0;122;0;
10863;5095977;1208967168;14360576;1393909760;0;0;0;0;0;0;0;0;0;0;0;3306;0;0;126;0;122;0;
10864;7546994;1208967168;14360576;1393909760;0;0;0;0;0;0;0;0;0;0;0;2885;0;0;126;0;122;0;
10865;5323594;1208967168;14360576;1393909760;0;0;0;0;0;0;0;0;0;0;0;4018;0;0;126;0;122;0;
10866;7356125;1208967168;14360576;1393909760;0;0;0;0;0;0;0;0;0;0;0;3347;0;0;126;0;122;0;
10867;5133888;1208967168;14360576;1393909760;0;0;0;0;0;0;0;0;0;0;0;3466;0;0;126;0;122;0;
10868;7072514;1208967168;14360576;1393909760;0;0;0;0;0;0;0;0;0;0;0;1864;0;0;126;0;122;0;
10869;4053161;1208967168;14360576;1393909760;0;0;0;0;0;0;0;0;0;0;0;2946;0;0;126;0;122;0;
10870;6143932;1208967168;14360576;1393909760;0;0;0;0;0;0;0;0;0;0;0;2645;0;0;126;0;122;0;
10871;5639697;1208967168;14360576;1393909760;0;0;0;0;0;0;0;0;0;0;0;2585;0;0;126;0;122;0;
10872;6793671;1208967168;14360576;1393909760;0;0;0;0;0;0;0;0;0;0;0;2795;0;0;126;0;122;0;
10873;4191210;1208967168;14360576;1393909760;0;0;0;0;0;0;0;0;0;0;0;2935;0;0;126;0;122;0;
10874;6774435;1208967168;14360576;1393909760;0;0;0;0;0;0;0;0;0;0;0;2114;0;0;126;0;122;0;
10875;6110399;1208967168;14360576;1393909760;0;0;0;0;0;0;0;0;0;0;0;2935;0;0;126;0;122;0;
10876;7126796;1208967168;14360576;1393909760;0;0;0;0;0;0;0;0;0;0;0;2475;0;0;126;0;122;0;
10877;4995157;1208967168;14360576;1393909760;0;0;0;0;0;0;0;0;0;0;0;2715;0;0;126;0;122;0;
10878;6012927;1208967168;14360576;1393909760;0;0;0;0;0;0;0;0;0;0;0;2995;0;0;126;0;122;0;
10879;4765247;1208967168;14360576;1393909760;0;0;0;0;0;0;0;0;0;0;0;2945;0;0;126;0;122;0;
10880;6689906;1208967168;14360576;1393909760;0;0;0;0;0;0;0;0;0;0;0;2094;0;0;126;0;122;0;
10881;4800212;1208967168;14360576;1393909760;0;0;0;0;0;0;0;0;0;0;0;2986;0;0;126;0;122;0;
10882;4615616;1208967168;14360576;1393909760;0;0;0;0;0;0;0;0;0;0;0;2074;0;0;126;0;122;0;
10883;6131960;1208967168;14360576;1393909760;0;0;0;0;0;0;0;0;0;0;0;3066;0;0;126;0;122;0;
10884;4852230;1208967168;14360576;1393909760;0;0;0;0;0;0;0;0;0;0;0;1783;0;0;126;0;122;0;
10885;4668475;1208967168;14360576;1393909760;0;0;0;0;0;0;0;0;0;0;0;2595;0;0;126;0;122;0;
10886;5341617;1208967168;14360576;1393909760;0;0;0;0;0;0;0;0;0;0;0;1532;0;0;126;0;122;0;
10887;5053297;1208967168;14360576;1393909760;0;0;0;0;0;0;0;0;0;0;0;2955;0;0;126;0;122;0;
10888;6880754;1208967168;14360576;1393909760;0;0;0;0;0;0;0;0;0;0;0;1863;0;0;126;0;122;0;
10889;3356004;1208967168;14360576;1393909760;0;0;0;0;0;0;0;0;0;0;0;2856;0;0;126;0;122;0;
10890;7939510;1208967168;14360576;1393909760;0;0;0;0;0;0;0;0;0;0;0;2845;0;0;126;0;122;0;
10891;3435433;1208967168;14360576;1393909760;0;0;0;0;0;0;0;0;0;0;0;2866;0;0;126;0;122;0;
10892;7564967;1208967168;14360576;1393909760;0;0;0;0;0;0;0;0;0;0;0;3126;0;0;126;0;122;0;
10893;4065184;1208967168;14360576;1393909760;0;0;0;0;0;0;0;0;0;0;0;2866;0;0;126;0;122;0;
10894;6193195;1208967168;14360576;1393909760;0;0;0;0;0;0;0;0;0;0;0;2314;0;0;126;0;122;0;
10895;3414904;1208967168;14360576;1393909760;0;0;0;0;0;0;0;0;0;0;0;2505;0;0;126;0;122;0;
10896;7484105;1208967168;14360576;1393909760;0;0;0;0;0;0;0;0;0;0;0;2555;0;0;126;0;122;0;
10897;5366875;1208967168;14360576;1393909760;0;0;0;0;0;0;0;0;0;0;0;3136;0;0;126;0;122;0;
10898;6684786;1208967168;14360576;1393909760;0;0;0;0;0;0;0;0;0;0;0;3196;0;0;126;0;122;0;
10899;5619068;1208967168;14360576;1393909760;0;0;0;0;0;0;0;0;0;0;0;2776;0;0;126;0;122;0;
10900;4969770;1208967168;14360576;1393909760;0;0;0;0;0;0;0;0;0;0;0;1823;0;0;126;0;122;0;
10901;4088728;1208967168;14360576;1393909760;0;0;0;0;0;0;0;0;0;0;0;2796;0;0;126;0;122;0;
10902;8222821;1208967168;14360576;1393909760;0;0;0;0;0;0;0;0;0;0;0;2094;0;0;126;0;122;0;
10903;3787003;1208967168;14360576;1393909760;0;0;0;0;0;0;0;0;0;0;0;2915;0;0;126;0;122;0;
10904;6683764;1208967168;14360576;1393909760;0;0;0;0;0;0;0;0;0;0;0;2274;0;0;126;0;122;0;
10905;5349723;1208967168;14360576;1393909760;0;0;0;0;0;0;0;0;0;0;0;3076;0;0;126;0;122;0;
10906;6635514;1208967168;14360576;1393909760;0;0;0;0;0;0;0;0;0;0;0;2294;0;0;126;0;122;0;
10907;4884650;1208967168;14360576;1393909760;0;0;0;0;0;0;0;0;0;0;0;3758;0;0;126;0;122;0;
10908;6594487;1208967168;14360576;1393909760;0;0;0;0;0;0;0;0;0;0;0;2375;0;0;126;0;122;0;
10909;4596460;1208967168;14360576;1393909760;0;0;0;0;0;0;0;0;0;0;0;2775;0;0;126;0;122;0;
10910;7118620;1208967168;14360576;1393909760;0;0;0;0;0;0;0;0;0;0;0;2244;0;0;126;0;122;0;
10911;4603383;1208967168;14360576;1393909760;0;0;0;0;0;0;0;0;0;0;0;2494;0;0;126;0;122;0;
10912;10317530;1208967168;14360576;1393909760;0;0;0;0;0;0;0;0;0;0;0;1683;0;0;126;0;122;0;
10913;5172540;1208967168;14360576;1393909760;0;0;0;0;0;0;0;0;0;0;0;3156;0;0;126;0;122;0;
10914;6327978;1208967168;14360576;1393909760;0;0;0;0;0;0;0;0;0;0;0;2725;0;0;126;0;122;0;
10915;4675218;1208967168;14360576;1393909760;0;0;0;0;0;0;0;0;0;0;0;2535;0;0;126;0;122;0;
10916;6347964;1208967168;14360576;1393909760;0;0;0;0;0;0;0;0;0;0;0;27081;0;0;126;0;122;0;
10917;3578270;1208967168;14360576;1393909760;0;0;0;0;0;0;0;0;0;0;0;2916;0;0;126;0;122;0;
10918;5703135;1208967168;14360576;1393909760;0;0;0;0;0;0;0;0;0;0;0;2635;0;0;126;0;122;0;
10919;2859693;1208967168;14360576;1393909760;0;0;0;0;0;0;0;0;0;0;0;2935;0;0;126;0;122;0;
10920;5941412;1208967168;14360576;1393909760;0;0;0;0;0;0;0;0;0;0;0;1913;0;0;126;0;122;0;
10921;4073579;1208967168;14360576;1393909760;0;0;0;0;0;0;0;0;0;0;0;3276;0;0;126;0;122;0;
10922;6103467;1208967168;14360576;1393909760;0;0;0;0;0;0;0;0;0;0;0;2405;0;0;126;0;122;0;
10923;3508269;1208967168;14360576;1393909760;0;0;0;0;0;0;0;0;0;0;0;2665;0;0;126;0;122;0;
10924;5665826;1208967168;14360576;1393909760;0;0;0;0;0;0;0;0;0;0;0;2164;0;0;126;0;122;0;
10925;4032623;1208967168;14360576;1393909760;0;0;0;0;0;0;0;0;0;0;0;3246;0;0;126;0;122;0;
10926;7032859;1208967168;14360576;1393909760;0;0;0;0;0;0;0;0;0;0;0;2274;0;0;126;0;122;0;
10927;2793749;1208967168;14360576;1393909760;0;0;0;0;0;0;0;0;0;0;0;2314;0;0;126;0;122;0;
10928;5534469;1208967168;14360576;1393909760;0;0;0;0;0;0;0;0;0;0;0;1583;0;0;126;0;122;0;
10929;3564886;1208967168;14360576;1393909760;0;0;0;0;0;0;0;0;0;0;0;2435;0;0;126;0;122;0;
10930;6167426;1208967168;14360576;1393909760;0;0;0;0;0;0;0;0;0;0;0;2515;0;0;126;0;122;0;
10931;3615190;1208967168;14360576;1393909760;0;0;0;0;0;0;0;0;0;0;0;3176;0;0;126;0;122;0;
10932;6378502;1208967168;14360576;1393909760;0;0;0;0;0;0;0;0;0;0;0;2705;0;0;126;0;122;0;
10933;2848321;1208967168;14360576;1393909760;0;0;0;0;0;0;0;0;0;0;0;2535;0;0;126;0;122;0;
10934;4926960;1208967168;14360576;1393909760;0;0;0;0;0;0;0;0;0;0;0;1813;0;0;126;0;122;0;
10935;2961674;1208967168;14360576;1393909760;0;0;0;0;0;0;0;0;0;0;0;2845;0;0;126;0;122;0;
10936;5907418;1208967168;14360576;1393909760;0;0;0;0;0;0;0;0;0;0;0;1864;0;0;126;0;122;0;
10937;2652345;1208967168;14360576;1393909760;0;0;0;0;0;0;0;0;0;0;0;2355;0;0;126;0;122;0;
10938;6335472;1208967168;14364672;1393913856;0;0;0;0;0;0;0;0;0;0;0;2946;0;0;126;0;122;0;
10939;2988845;1208967168;14368768;1393917952;0;0;0;0;0;0;0;0;0;0;0;2094;0;0;126;0;122;0;
10940;4577054;1208967168;14368768;1393917952;0;0;0;0;0;0;0;0;0;0;0;1654;0;0;126;0;122;0;
10941;2851407;1208967168;14368768;1393917952;0;0;0;0;0;0;0;0;0;0;0;3297;0;0;126;0;122;0;
10942;5509372;1208967168;14368768;1393917952;0;0;0;0;0;0;0;0;0;0;0;1593;0;0;126;0;122;0;
10943;4738467;1208967168;14368768;1393917952;0;0;0;0;0;0;0;0;0;0;0;2725;0;0;126;0;122;0;
10944;4718409;1208967168;14368768;1393917952;0;0;0;0;0;0;0;0;0;0;0;1743;0;0;126;0;122;0;
10945;4457399;1209032704;14360576;1393909760;0;0;0;0;0;0;0;0;0;0;0;2996;0;0;126;0;122;0;
10946;5788115;1209032704;14360576;1393909760;0;0;0;0;0;0;0;0;0;0;0;2224;0;0;126;0;122;0;
10947;4022884;1209032704;14360576;1393909760;0;0;0;0;0;0;0;0;0;0;0;2575;0;0;126;0;122;0;
10948;6306808;1209032704;14360576;1393909760;0;0;0;0;0;0;0;0;0;0;0;1452;0;0;126;0;122;0;
10949;3050641;1209032704;14360576;1393909760;0;0;0;0;0;0;0;0;0;0;0;2565;0;0;126;0;122;0;
10950;6401816;1209032704;14360576;1393909760;0;0;0;0;0;0;0;0;0;0;0;1904;0;0;126;0;122;0;
10951;2993654;1209032704;14360576;1393909760;0;0;0;0;0;0;0;0;0;0;0;3186;0;0;126;0;122;0;
10952;5309477;1209032704;14360576;1393909760;0;0;0;0;0;0;0;0;0;0;0;1442;0;0;126;0;122;0;
10953;3046924;1209032704;14360576;1393909760;0;0;0;0;0;0;0;0;0;0;0;2315;0;0;126;0;122;0;
10954;5938377;1209032704;14360576;1393909760;0;0;0;0;0;0;0;0;0;0;0;1533;0;0;126;0;122;0;
10955;4200868;1209032704;14360576;1393909760;0;0;0;0;0;0;0;0;0;0;0;2415;0;0;126;0;122;0;
10956;5191707;1209032704;14360576;1393909760;0;0;0;0;0;0;0;0;0;0;0;1643;0;0;126;0;122;0;
10957;3667097;1209032704;14360576;1393909760;0;0;0;0;0;0;0;0;0;0;0;2255;0;0;126;0;122;0;
10958;4917091;1209032704;14360576;1393909760;0;0;0;0;0;0;0;0;0;0;0;1573;0;0;126;0;122;0;
10959;3475949;1209032704;14360576;1393909760;0;0;0;0;0;0;0;0;0;0;0;1924;0;0;126;0;122;0;
10960;6190400;1209032704;14360576;1393909760;0;0;0;0;0;0;0;0;0;0;0;1333;0;0;126;0;122;0;
10961;3470659;1209032704;14360576;1393909760;0;0;0;0;0;0;0;0;0;0;0;14677;0;0;126;0;122;0;
10962;4652014;1209032704;14360576;1393909760;0;0;0;0;0;0;0;0;0;0;0;1382;0;0;126;0;122;0;
10963;4614274;1209032704;14360576;1393909760;0;0;0;0;0;0;0;0;0;0;0;2705;0;0;126;0;122;0;
10964;5035403;1209032704;14360576;1393909760;0;0;0;0;0;0;0;0;0;0;0;1733;0;0;126;0;122;0;
10965;2787738;1209032704;14360576;1393909760;0;0;0;0;0;0;0;0;0;0;0;1974;0;0;126;0;122;0;
10966;5937896;1209032704;14360576;1393909760;0;0;0;0;0;0;0;0;0;0;0;1473;0;0;126;0;122;0;
10967;3072713;1209032704;14360576;1393909760;0;0;0;0;0;0;0;0;0;0;0;1954;0;0;126;0;122;0;
10968;5534810;1209032704;14360576;1393909760;0;0;0;0;0;0;0;0;0;0;0;1894;0;0;126;0;122;0;
10969;3146140;1209032704;14360576;1393909760;0;0;0;0;0;0;0;0;0;0;0;2305;0;0;126;0;122;0;
10970;6094860;1209032704;14360576;1393909760;0;0;0;0;0;0;0;0;0;0;0;2014;0;0;126;0;122;0;
10971;3339323;1209032704;14360576;1393909760;0;0;0;0;0;0;0;0;0;0;0;2815;0;0;126;0;122;0;
10972;5909793;1209032704;14360576;1393909760;0;0;0;0;0;0;0;0;0;0;0;2064;0;0;126;0;122;0;
10973;3112487;1209032704;14360576;1393909760;0;0;0;0;0;0;0;0;0;0;0;2445;0;0;126;0;122;0;
10974;7010737;1209032704;14360576;1393909760;0;0;0;0;0;0;0;0;0;0;0;1914;0;0;126;0;122;0;
10975;3886559;1209032704;14360576;1393909760;0;0;0;0;0;0;0;0;0;0;0;4348;0;0;126;0;122;0;
10976;5116936;1209032704;14360576;1393909760;0;0;0;0;0;0;0;0;0;0;0;1663;0;0;126;0;122;0;
10977;3511055;1209032704;14360576;1393909760;0;0;0;0;0;0;0;0;0;0;0;1933;0;0;126;0;122;0;
10978;6977225;1209032704;14360576;1393909760;0;0;0;0;0;0;0;0;0;0;0;1593;0;0;126;0;122;0;
10979;3561940;1209032704;14360576;1393909760;0;0;0;0;0;0;0;0;0;0;0;2605;0;0;126;0;122;0;
10980;5470599;1209032704;14360576;1393909760;0;0;0;0;0;0;0;0;0;0;0;1884;0;0;126;0;122;0;
10981;3157131;1209032704;14360576;1393909760;0;0;0;0;0;0;0;0;0;0;0;2495;0;0;126;0;122;0;
10982;5418461;1209032704;14360576;1393909760;0;0;0;0;0;0;0;0;0;0;0;2114;0;0;126;0;122;0;
10983;4933542;1209032704;14360576;1393909760;0;0;0;0;0;0;0;0;0;0;0;2334;0;0;126;0;122;0;
10984;5778106;1209032704;14360576;1393909760;0;0;0;0;0;0;0;0;0;0;0;1633;0;0;126;0;122;0;
10985;4273745;1209032704;14360576;1393909760;0;0;0;0;0;0;0;0;0;0;0;2335;0;0;126;0;122;0;
10986;5657050;1209032704;14360576;1393909760;0;0;0;0;0;0;0;0;0;0;0;1844;0;0;126;0;122;0;
10987;5109442;1209032704;14360576;1393909760;0;0;0;0;0;0;0;0;0;0;0;2685;0;0;126;0;122;0;
10988;4841710;1209032704;14360576;1393909760;0;0;0;0;0;0;0;0;0;0;0;1803;0;0;126;0;122;0;
10989;4427463;1209032704;14360576;1393909760;0;0;0;0;0;0;0;0;0;0;0;2595;0;0;126;0;122;0;
10990;4649570;1209032704;14360576;1393909760;0;0;0;0;0;0;0;0;0;0;0;2985;0;0;126;0;122;0;
10991;5247792;1209032704;14360576;1393909760;0;0;0;0;0;0;0;0;0;0;0;2615;0;0;126;0;122;0;
10992;5907068;1209032704;14360576;1393909760;0;0;0;0;0;0;0;0;0;0;0;1764;0;0;126;0;122;0;
10993;3955799;1209032704;14360576;1393909760;0;0;0;0;0;0;0;0;0;0;0;3066;0;0;126;0;122;0;
10994;5246319;1209032704;14360576;1393909760;0;0;0;0;0;0;0;0;0;0;0;2535;0;0;126;0;122;0;
10995;3617163;1209032704;14360576;1393909760;0;0;0;0;0;0;0;0;0;0;0;2715;0;0;126;0;122;0;
10996;6203354;1209032704;14360576;1393909760;0;0;0;0;0;0;0;0;0;0;0;1683;0;0;126;0;122;0;
10997;3428239;1209032704;14360576;1393909760;0;0;0;0;0;0;0;0;0;0;0;2375;0;0;126;0;122;0;
10998;6163098;1209032704;14360576;1393909760;0;0;0;0;0;0;0;0;0;0;0;1713;0;0;126;0;122;0;
10999;3352607;1209032704;14360576;1393909760;0;0;0;0;0;0;0;0;0;0;0;3006;0;0;126;0;122;0;
11000;5673911;1209032704;14360576;1393909760;0;0;0;0;0;0;0;0;0;0;0;1723;0;0;126;0;122;0;
11001;3916404;1209032704;14360576;1393909760;0;0;0;0;0;0;0;0;0;0;0;2445;0;0;126;0;122;0;
11002;6805783;1209032704;14360576;1393909760;0;0;0;0;0;0;0;0;0;0;0;1794;0;0;126;0;122;0;
11003;4435328;1209032704;14360576;1393909760;0;0;0;0;0;0;0;0;0;0;0;2815;0;0;126;0;122;0;
11004;6723359;1209032704;14360576;1393909760;0;0;0;0;0;0;0;0;0;0;0;2234;0;0;126;0;122;0;
11005;4136909;1209032704;14360576;1393909760;0;0;0;0;0;0;0;0;0;0;0;2665;0;0;126;0;122;0;
11006;5336478;1209032704;14360576;1393909760;0;0;0;0;0;0;0;0;0;0;0;1703;0;0;126;0;122;0;
11007;4351801;1209032704;14360576;1393909760;0;0;0;0;0;0;0;0;0;0;0;2936;0;0;126;0;122;0;
11008;6458843;1209032704;14360576;1393909760;0;0;0;0;0;0;0;0;0;0;0;2715;0;0;126;0;122;0;
11009;5854910;1209032704;14360576;1393909760;0;0;0;0;0;0;0;0;0;0;0;3647;0;0;126;0;122;0;
11010;7574055;1209032704;14360576;1393909760;0;0;0;0;0;0;0;0;0;0;0;2875;0;0;126;0;122;0;
11011;4890351;1209032704;14360576;1393909760;0;0;0;0;0;0;0;0;0;0;0;3397;0;0;126;0;122;0;
11012;6964230;1209032704;14360576;1393909760;0;0;0;0;0;0;0;0;0;0;0;2745;0;0;126;0;122;0;
11013;5981658;1209032704;14360576;1393909760;0;0;0;0;0;0;0;0;0;0;0;2956;0;0;126;0;122;0;
11014;5621452;1209032704;14360576;1393909760;0;0;0;0;0;0;0;0;0;0;0;1814;0;0;126;0;122;0;
11015;6324791;1209032704;14360576;1393909760;0;0;0;0;0;0;0;0;0;0;0;2836;0;0;126;0;122;0;
11016;4765096;1209032704;14360576;1393909760;0;0;0;0;0;0;0;0;0;0;0;2124;0;0;126;0;122;0;
11017;4724029;1209032704;14360576;1393909760;0;0;0;0;0;0;0;0;0;0;0;2645;0;0;126;0;122;0;
11018;6770408;1209032704;14360576;1393909760;0;0;0;0;0;0;0;0;0;0;0;2625;0;0;126;0;122;0;
11019;4422164;1209032704;14360576;1393909760;0;0;0;0;0;0;0;0;0;0;0;2775;0;0;126;0;122;0;
11020;7657040;1209032704;14360576;1393909760;0;0;0;0;0;0;0;0;0;0;0;2454;0;0;126;0;122;0;
11021;5941072;1209032704;14360576;1393909760;0;0;0;0;0;0;0;0;0;0;0;3156;0;0;126;0;122;0;
11022;6647136;1209032704;14360576;1393909760;0;0;0;0;0;0;0;0;0;0;0;2144;0;0;126;0;122;0;
11023;5670695;1209032704;14360576;1393909760;0;0;0;0;0;0;0;0;0;0;0;2585;0;0;126;0;122;0;
11024;6343156;1209032704;14360576;1393909760;0;0;0;0;0;0;0;0;0;0;0;1453;0;0;126;0;122;0;
11025;5533317;1209032704;14360576;1393909760;0;0;0;0;0;0;0;0;0;0;0;2845;0;0;126;0;122;0;
11026;5510724;1209032704;14360576;1393909760;0;0;0;0;0;0;0;0;0;0;0;2455;0;0;126;0;122;0;
11027;4970772;1209032704;14360576;1393909760;0;0;0;0;0;0;0;0;0;0;0;2755;0;0;126;0;122;0;
11028;5443589;1209032704;14360576;1393909760;0;0;0;0;0;0;0;0;0;0;0;1573;0;0;126;0;122;0;
11029;4184207;1209032704;14360576;1393909760;0;0;0;0;0;0;0;0;0;0;0;2224;0;0;126;0;122;0;
11030;6710625;1209032704;14360576;1393909760;0;0;0;0;0;0;0;0;0;0;0;1823;0;0;126;0;122;0;
11031;3189171;1209032704;14360576;1393909760;0;0;0;0;0;0;0;0;0;0;0;3126;0;0;126;0;122;0;
11032;6827514;1209032704;14360576;1393909760;0;0;0;0;0;0;0;0;0;0;0;2505;0;0;126;0;122;0;
11033;3349822;1209032704;14360576;1393909760;0;0;0;0;0;0;0;0;0;0;0;3217;0;0;126;0;122;0;
11034;6188195;1209032704;14360576;1393909760;0;0;0;0;0;0;0;0;0;0;0;2064;0;0;126;0;122;0;
11035;3248652;1209032704;14360576;1393909760;0;0;0;0;0;0;0;0;0;0;0;2995;0;0;126;0;122;0;
11036;5256838;1209032704;14360576;1393909760;0;0;0;0;0;0;0;0;0;0;0;1753;0;0;126;0;122;0;
11037;3241399;1209032704;14360576;1393909760;0;0;0;0;0;0;0;0;0;0;0;103123;0;0;126;0;122;0;
11038;6332556;1209032704;14360576;1393909760;0;0;0;0;0;0;0;0;0;0;0;2454;0;0;126;0;122;0;
11039;3691212;1209032704;14364672;1393913856;0;0;0;0;0;0;0;0;0;0;0;2896;0;0;126;0;122;0;
11040;6168358;1209032704;14364672;1393913856;0;0;0;0;0;0;0;0;0;0;0;2615;0;0;126;0;122;0;
11041;3565537;1209032704;14364672;1393913856;0;0;0;0;0;0;0;0;0;0;0;2776;0;0;126;0;122;0;
11042;6165283;1209032704;14364672;1393913856;0;0;0;0;0;0;0;0;0;0;0;2595;0;0;126;0;122;0;
11043;3808202;1209032704;14364672;1393913856;0;0;0;0;0;0;0;0;0;0;0;2915;0;0;126;0;122;0;
11044;5324916;1209032704;14364672;1393913856;0;0;0;0;0;0;0;0;0;0;0;2495;0;0;126;0;122;0;
11045;4316215;1209032704;14364672;1393913856;0;0;0;0;0;0;0;0;0;0;0;2675;0;0;126;0;122;0;
11046;5784739;1209032704;14364672;1393913856;0;0;0;0;0;0;0;0;0;0;0;2574;0;0;126;0;122;0;
11047;3659503;1209032704;14364672;1393913856;0;0;0;0;0;0;0;0;0;0;0;2775;0;0;126;0;122;0;
11048;5500887;1209032704;14364672;1393913856;0;0;0;0;0;0;0;0;0;0;0;1643;0;0;126;0;122;0;
11049;3465028;1209032704;14364672;1393913856;0;0;0;0;0;0;0;0;0;0;0;2776;0;0;126;0;122;0;
11050;6473660;1209032704;14364672;1393913856;0;0;0;0;0;0;0;0;0;0;0;26740;0;0;126;0;122;0;
11051;3275152;1209032704;14364672;1393913856;0;0;0;0;0;0;0;0;0;0;0;2705;0;0;126;0;122;0;
11052;6284055;1209032704;14364672;1393913856;0;0;0;0;0;0;0;0;0;0;0;2134;0;0;126;0;122;0;
11053;3800698;1209032704;14364672;1393913856;0;0;0;0;0;0;0;0;0;0;0;2425;0;0;126;0;122;0;
11054;6333809;1209032704;14364672;1393913856;0;0;0;0;0;0;0;0;0;0;0;1923;0;0;126;0;122;0;
11055;3552172;1209032704;14364672;1393913856;0;0;0;0;0;0;0;0;0;0;0;2715;0;0;126;0;122;0;
11056;6103145;1209032704;14364672;1393913856;0;0;0;0;0;0;0;0;0;0;0;1944;0;0;126;0;122;0;
11057;4267023;1209032704;14364672;1393913856;0;0;0;0;0;0;0;0;0;0;0;2575;0;0;126;0;122;0;
11058;7197278;1209032704;14364672;1393913856;0;0;0;0;0;0;0;0;0;0;0;2805;0;0;126;0;122;0;
11059;4482146;1209032704;14364672;1393913856;0;0;0;0;0;0;0;0;0;0;0;4107;0;0;126;0;122;0;
11060;7173192;1209032704;14364672;1393913856;0;0;0;0;0;0;0;0;0;0;0;3095;0;0;126;0;122;0;
11061;3778606;1209032704;14364672;1393913856;0;0;0;0;0;0;0;0;0;0;0;2775;0;0;126;0;122;0;
11062;6906793;1209032704;14364672;1393913856;0;0;0;0;0;0;0;0;0;0;0;3446;0;0;126;0;122;0;
11063;3803092;1209032704;14364672;1393913856;0;0;0;0;0;0;0;0;0;0;0;3376;0;0;126;0;122;0;
11064;6486625;1209032704;14364672;1393913856;0;0;0;0;0;0;0;0;0;0;0;1623;0;0;126;0;122;0;
11065;5247651;1209032704;14364672;1393913856;0;0;0;0;0;0;0;0;0;0;0;2585;0;0;126;0;122;0;
11066;7319607;1209032704;14364672;1393913856;0;0;0;0;0;0;0;0;0;0;0;2043;0;0;126;0;122;0;
11067;3663350;1209032704;14364672;1393913856;0;0;0;0;0;0;0;0;0;0;0;2575;0;0;126;0;122;0;
11068;6331103;1209032704;14364672;1393913856;0;0;0;0;0;0;0;0;0;0;0;2485;0;0;126;0;122;0;
11069;4526749;1209032704;14364672;1393913856;0;0;0;0;0;0;0;0;0;0;0;2344;0;0;126;0;122;0;
11070;6334359;1209032704;14364672;1393913856;0;0;0;0;0;0;0;0;0;0;0;2996;0;0;126;0;122;0;
11071;5111296;1209032704;14364672;1393913856;0;0;0;0;0;0;0;0;0;0;0;2805;0;0;126;0;122;0;
11072;5831006;1209032704;14364672;1393913856;0;0;0;0;0;0;0;0;0;0;0;2825;0;0;126;0;122;0;
11073;4101542;1209032704;14364672;1393913856;0;0;0;0;0;0;0;0;0;0;0;3276;0;0;126;0;122;0;
11074;7309058;1209032704;14364672;1393913856;0;0;0;0;0;0;0;0;0;0;0;3266;0;0;126;0;122;0;
11075;4154491;1209032704;14364672;1393913856;0;0;0;0;0;0;0;0;0;0;0;3216;0;0;126;0;122;0;
11076;7075880;1209032704;14364672;1393913856;0;0;0;0;0;0;0;0;0;0;0;2455;0;0;126;0;122;0;
11077;3822258;1209032704;14364672;1393913856;0;0;0;0;0;0;0;0;0;0;0;3086;0;0;126;0;122;0;
11078;5427438;1209032704;14364672;1393913856;0;0;0;0;0;0;0;0;0;0;0;3677;0;0;126;0;122;0;
11079;4069482;1209032704;14364672;1393913856;0;0;0;0;0;0;0;0;0;0;0;3566;0;0;126;0;122;0;
11080;6597763;1209032704;14364672;1393913856;0;0;0;0;0;0;0;0;0;0;0;2655;0;0;126;0;122;0;
11081;4201670;1209032704;14364672;1393913856;0;0;0;0;0;0;0;0;0;0;0;3246;0;0;126;0;122;0;
11082;6542740;1209032704;14364672;1393913856;0;0;0;0;0;0;0;0;0;0;0;3086;0;0;126;0;122;0;
11083;4536047;1209032704;14364672;1393913856;0;0;0;0;0;0;0;0;0;0;0;3807;0;0;126;0;122;0;
11084;7559577;1209032704;14364672;1393913856;0;0;0;0;0;0;0;0;0;0;0;2435;0;0;126;0;122;0;
11085;4085903;1209032704;14364672;1393913856;0;0;0;0;0;0;0;0;0;0;0;3006;0;0;126;0;122;0;
11086;8334100;1209032704;14364672;1393913856;0;0;0;0;0;0;0;0;0;0;0;2926;0;0;126;0;122;0;
11087;3119099;1209032704;14364672;1393913856;0;0;0;0;0;0;0;0;0;0;0;2975;0;0;126;0;122;0;
11088;6775426;1209032704;14364672;1393913856;0;0;0;0;0;0;0;0;0;0;0;2736;0;0;126;0;122;0;
11089;4005782;1209032704;14364672;1393913856;0;0;0;0;0;0;0;0;0;0;0;3487;0;0;126;0;122;0;
11090;4720593;1209032704;14364672;1393913856;0;0;0;0;0;0;0;0;0;0;0;2325;0;0;126;0;122;0;
11091;5387213;1209032704;14364672;1393913856;0;0;0;0;0;0;0;0;0;0;0;2865;0;0;126;0;122;0;
11092;5249615;1209032704;14364672;1393913856;0;0;0;0;0;0;0;0;0;0;0;2054;0;0;126;0;122;0;
11093;5550289;1209032704;14364672;1393913856;0;0;0;0;0;0;0;0;0;0;0;3507;0;0;126;0;122;0;
11094;5683990;1209032704;14364672;1393913856;0;0;0;0;0;0;0;0;0;0;0;2485;0;0;126;0;122;0;
11095;4263796;1209032704;14364672;1393913856;0;0;0;0;0;0;0;0;0;0;0;2915;0;0;126;0;122;0;
11096;6144784;1209032704;14364672;1393913856;0;0;0;0;0;0;0;0;0;0;0;2655;0;0;126;0;122;0;
11097;4757763;1209032704;14364672;1393913856;0;0;0;0;0;0;0;0;0;0;0;2986;0;0;126;0;122;0;
11098;6772270;1209032704;14364672;1393913856;0;0;0;0;0;0;0;0;0;0;0;3246;0;0;126;0;122;0;
11099;4157707;1209032704;14364672;1393913856;0;0;0;0;0;0;0;0;0;0;0;3326;0;0;126;0;122;0;
11100;6753656;1209032704;14364672;1393913856;0;0;0;0;0;0;0;0;0;0;0;3116;0;0;126;0;122;0;
11101;2831721;1209032704;14364672;1393913856;0;0;0;0;0;0;0;0;0;0;0;3347;0;0;126;0;122;0;
11102;6258688;1209032704;14364672;1393913856;0;0;0;0;0;0;0;0;0;0;0;2575;0;0;126;0;122;0;
11103;3755223;1209032704;14364672;1393913856;0;0;0;0;0;0;0;0;0;0;0;3236;0;0;126;0;122;0;
11104;6535427;1209032704;14364672;1393913856;0;0;0;0;0;0;0;0;0;0;0;1572;0;0;126;0;122;0;
11105;5226362;1209032704;14364672;1393913856;0;0;0;0;0;0;0;0;0;0;0;3506;0;0;126;0;122;0;
11106;6276972;1209032704;14364672;1393913856;0;0;0;0;0;0;0;0;0;0;0;1563;0;0;126;0;122;0;
11107;5416738;1209032704;14364672;1393913856;0;0;0;0;0;0;0;0;0;0;0;2765;0;0;126;0;122;0;
11108;12652108;1209032704;14364672;1393913856;0;0;0;0;0;0;0;0;0;0;0;1423;0;0;126;0;122;0;
11109;5936433;1209032704;14364672;1393913856;0;0;0;0;0;0;0;0;0;0;0;3577;0;0;126;0;122;0;
11110;7606144;1209032704;14364672;1393913856;0;0;0;0;0;0;0;0;0;0;0;3256;0;0;126;0;122;0;
11111;5192738;1209032704;14364672;1393913856;0;0;0;0;0;0;0;0;0;0;0;3276;0;0;126;0;122;0;
11112;5762156;1209032704;14364672;1393913856;0;0;0;0;0;0;0;0;0;0;0;2154;0;0;126;0;122;0;
11113;5677598;1209032704;14364672;1393913856;0;0;0;0;0;0;0;0;0;0;0;2625;0;0;126;0;122;0;
11114;6817054;1209032704;14364672;1393913856;0;0;0;0;0;0;0;0;0;0;0;3076;0;0;126;0;122;0;
11115;5403804;1209032704;14364672;1393913856;0;0;0;0;0;0;0;0;0;0;0;3807;0;0;126;0;122;0;
11116;6342174;1209032704;14364672;1393913856;0;0;0;0;0;0;0;0;0;0;0;3376;0;0;126;0;122;0;
11117;3463716;1209032704;14364672;1393913856;0;0;0;0;0;0;0;0;0;0;0;3296;0;0;126;0;122;0;
11118;7017260;1209032704;14364672;1393913856;0;0;0;0;0;0;0;0;0;0;0;3106;0;0;126;0;122;0;
11119;5087241;1209032704;14364672;1393913856;0;0;0;0;0;0;0;0;0;0;0;3276;0;0;126;0;122;0;
11120;6869873;1209032704;14364672;1393913856;0;0;0;0;0;0;0;0;0;0;0;3366;0;0;126;0;122;0;
11121;5056142;1209032704;14364672;1393913856;0;0;0;0;0;0;0;0;0;0;0;2786;0;0;126;0;122;0;
11122;5575877;1209032704;14364672;1393913856;0;0;0;0;0;0;0;0;0;0;0;2775;0;0;126;0;122;0;
11123;7484847;1209032704;14364672;1393913856;0;0;0;0;0;0;0;0;0;0;0;3657;0;0;126;0;122;0;
11124;7663392;1209032704;14364672;1393913856;0;0;0;0;0;0;0;0;0;0;0;2745;0;0;126;0;122;0;
11125;3977910;1209032704;14364672;1393913856;0;0;0;0;0;0;0;0;0;0;0;2926;0;0;126;0;122;0;
11126;5540220;1209032704;14364672;1393913856;0;0;0;0;0;0;0;0;0;0;0;2154;0;0;126;0;122;0;
11127;5268300;1209032704;14364672;1393913856;0;0;0;0;0;0;0;0;0;0;0;3025;0;0;126;0;122;0;
11128;6970983;1209032704;14364672;1393913856;0;0;0;0;0;0;0;0;0;0;0;2895;0;0;126;0;122;0;
11129;4540445;1209032704;14364672;1393913856;0;0;0;0;0;0;0;0;0;0;0;2484;0;0;126;0;122;0;
11130;7758821;1209032704;14368768;1393917952;0;0;0;0;0;0;0;0;0;0;0;3817;0;0;126;0;122;0;
11131;4897114;1209032704;14372864;1393922048;0;0;0;0;0;0;0;0;0;0;0;3567;0;0;126;0;122;0;
11132;7133839;1209032704;14372864;1393922048;0;0;0;0;0;0;0;0;0;0;0;3396;0;0;126;0;122;0;
11133;5127286;1209032704;14372864;1393922048;0;0;0;0;0;0;0;0;0;0;0;2895;0;0;126;0;122;0;
11134;5864558;1209032704;14372864;1393922048;0;0;0;0;0;0;0;0;0;0;0;2975;0;0;126;0;122;0;
11135;5660064;1209032704;14372864;1393922048;0;0;0;0;0;0;0;0;0;0;0;3787;0;0;126;0;122;0;
11136;5832739;1209032704;14372864;1393922048;0;0;0;0;0;0;0;0;0;0;0;3106;0;0;126;0;122;0;
11137;5084285;1209184256;14364672;1393913856;0;0;0;0;0;0;0;0;0;0;0;2986;0;0;126;0;122;0;
11138;6274357;1209184256;14364672;1393913856;0;0;0;0;0;0;0;0;0;0;0;4839;0;0;126;0;122;0;
11139;4625966;1209184256;14364672;1393913856;0;0;0;0;0;0;0;0;0;0;0;3497;0;0;126;0;122;0;
11140;7352168;1209184256;14364672;1393913856;0;0;0;0;0;0;0;0;0;0;0;7814;0;0;126;0;122;0;
11141;3346366;1209184256;14364672;1393913856;0;0;0;0;0;0;0;0;0;0;0;3196;0;0;126;0;122;0;
11142;6984769;1209184256;14364672;1393913856;0;0;0;0;0;0;0;0;0;0;0;2545;0;0;126;0;122;0;
11143;3037767;1209184256;14364672;1393913856;0;0;0;0;0;0;0;0;0;0;0;2935;0;0;126;0;122;0;
11144;6212270;1209184256;14364672;1393913856;0;0;0;0;0;0;0;0;0;0;0;2043;0;0;126;0;122;0;
11145;5062134;1209184256;14364672;1393913856;0;0;0;0;0;0;0;0;0;0;0;2935;0;0;126;0;122;0;
11146;6571334;1209184256;14364672;1393913856;0;0;0;0;0;0;0;0;0;0;0;1844;0;0;126;0;122;0;
11147;4117312;1209184256;14364672;1393913856;0;0;0;0;0;0;0;0;0;0;0;3156;0;0;126;0;122;0;
11148;5701352;1209184256;14364672;1393913856;0;0;0;0;0;0;0;0;0;0;0;2034;0;0;126;0;122;0;
11149;4262334;1209184256;14364672;1393913856;0;0;0;0;0;0;0;0;0;0;0;4108;0;0;126;0;122;0;
11150;7019484;1209184256;14364672;1393913856;0;0;0;0;0;0;0;0;0;0;0;3156;0;0;126;0;122;0;
11151;3656657;1209184256;14364672;1393913856;0;0;0;0;0;0;0;0;0;0;0;3567;0;0;126;0;122;0;
11152;7434082;1209184256;14364672;1393913856;0;0;0;0;0;0;0;0;0;0;0;2053;0;0;126;0;122;0;
11153;4354316;1209184256;14364672;1393913856;0;0;0;0;0;0;0;0;0;0;0;3567;0;0;126;0;122;0;
11154;7209320;1209184256;14364672;1393913856;0;0;0;0;0;0;0;0;0;0;0;3367;0;0;126;0;122;0;
11155;5247892;1209184256;14364672;1393913856;0;0;0;0;0;0;0;0;0;0;0;3868;0;0;126;0;122;0;
11156;5914812;1209184256;14364672;1393913856;0;0;0;0;0;0;0;0;0;0;0;2515;0;0;126;0;122;0;
11157;3763338;1209184256;14364672;1393913856;0;0;0;0;0;0;0;0;0;0;0;2985;0;0;126;0;122;0;
11158;6615427;1209184256;14364672;1393913856;0;0;0;0;0;0;0;0;0;0;0;2464;0;0;126;0;122;0;
11159;3330025;1209184256;14364672;1393913856;0;0;0;0;0;0;0;0;0;0;0;2915;0;0;126;0;122;0;
11160;8555906;1209184256;14364672;1393913856;0;0;0;0;0;0;0;0;0;0;0;3045;0;0;126;0;122;0;
11161;3449609;1209184256;14364672;1393913856;0;0;0;0;0;0;0;0;0;0;0;3657;0;0;126;0;122;0;
11162;7373859;1209184256;14364672;1393913856;0;0;0;0;0;0;0;0;0;0;0;2745;0;0;126;0;122;0;
11163;5474146;1209184256;14364672;1393913856;0;0;0;0;0;0;0;0;0;0;0;3477;0;0;126;0;122;0;
11164;5756265;1209184256;14364672;1393913856;0;0;0;0;0;0;0;0;0;0;0;2795;0;0;126;0;122;0;
11165;4414739;1209184256;14364672;1393913856;0;0;0;0;0;0;0;0;0;0;0;3327;0;0;126;0;122;0;
11166;7731419;1209184256;14364672;1393913856;0;0;0;0;0;0;0;0;0;0;0;3516;0;0;126;0;122;0;
11167;3146340;1209184256;14364672;1393913856;0;0;0;0;0;0;0;0;0;0;0;3056;0;0;126;0;122;0;
11168;7557103;1209184256;14364672;1393913856;0;0;0;0;0;0;0;0;0;0;0;3387;0;0;126;0;122;0;
11169;3779407;1209184256;14364672;1393913856;0;0;0;0;0;0;0;0;0;0;0;3106;0;0;126;0;122;0;
11170;6355339;1209184256;14364672;1393913856;0;0;0;0;0;0;0;0;0;0;0;2865;0;0;126;0;122;0;
11171;5346647;1209184256;14364672;1393913856;0;0;0;0;0;0;0;0;0;0;0;2995;0;0;126;0;122;0;
11172;6038465;1209184256;14364672;1393913856;0;0;0;0;0;0;0;0;0;0;0;2685;0;0;126;0;122;0;
11173;3502068;1209184256;14364672;1393913856;0;0;0;0;0;0;0;0;0;0;0;2345;0;0;126;0;122;0;
11174;5971999;1209184256;14364672;1393913856;0;0;0;0;0;0;0;0;0;0;0;2534;0;0;126;0;122;0;
11175;4136187;1209184256;14364672;1393913856;0;0;0;0;0;0;0;0;0;0;0;3717;0;0;126;0;122;0;
11176;4327405;1209184256;14364672;1393913856;0;0;0;0;0;0;0;0;0;0;0;1503;0;0;126;0;122;0;
11177;5036715;1209184256;14364672;1393913856;0;0;0;0;0;0;0;0;0;0;0;2965;0;0;126;0;122;0;
11178;6284846;1209184256;14364672;1393913856;0;0;0;0;0;0;0;0;0;0;0;2785;0;0;126;0;122;0;
11179;4886193;1209184256;14364672;1393913856;0;0;0;0;0;0;0;0;0;0;0;4999;0;0;126;0;122;0;
11180;6410682;1209184256;14364672;1393913856;0;0;0;0;0;0;0;0;0;0;0;2455;0;0;126;0;122;0;
11181;4011884;1209184256;14364672;1393913856;0;0;0;0;0;0;0;0;0;0;0;3115;0;0;126;0;122;0;
11182;6928915;1209184256;14364672;1393913856;0;0;0;0;0;0;0;0;0;0;0;2645;0;0;126;0;122;0;
11183;3661176;1209184256;14364672;1393913856;0;0;0;0;0;0;0;0;0;0;0;3577;0;0;126;0;122;0;
11184;6533373;1209184256;14364672;1393913856;0;0;0;0;0;0;0;0;0;0;0;2535;0;0;126;0;122;0;
11185;5559796;1209184256;14364672;1393913856;0;0;0;0;0;0;0;0;0;0;0;3336;0;0;126;0;122;0;
11186;5799366;1209184256;14364672;1393913856;0;0;0;0;0;0;0;0;0;0;0;2234;0;0;126;0;122;0;
11187;3693086;1209184256;14364672;1393913856;0;0;0;0;0;0;0;0;0;0;0;3808;0;0;126;0;122;0;
11188;5918479;1209184256;14364672;1393913856;0;0;0;0;0;0;0;0;0;0;0;1903;0;0;126;0;122;0;
11189;2871696;1209184256;14364672;1393913856;0;0;0;0;0;0;0;0;0;0;0;2515;0;0;126;0;122;0;
11190;4966404;1209184256;14364672;1393913856;0;0;0;0;0;0;0;0;0;0;0;1593;0;0;126;0;122;0;
11191;3736267;1209184256;14364672;1393913856;0;0;0;0;0;0;0;0;0;0;0;2966;0;0;126;0;122;0;
11192;6625655;1209184256;14364672;1393913856;0;0;0;0;0;0;0;0;0;0;0;1823;0;0;126;0;122;0;
11193;2702327;1209184256;14364672;1393913856;0;0;0;0;0;0;0;0;0;0;0;2535;0;0;126;0;122;0;
11194;5572030;1209184256;14364672;1393913856;0;0;0;0;0;0;0;0;0;0;0;1493;0;0;126;0;122;0;
11195;2557497;1209184256;14364672;1393913856;0;0;0;0;0;0;0;0;0;0;0;2574;0;0;126;0;122;0;
11196;6545746;1209184256;14364672;1393913856;0;0;0;0;0;0;0;0;0;0;0;1603;0;0;126;0;122;0;
11197;3489354;1209184256;14364672;1393913856;0;0;0;0;0;0;0;0;0;0;0;2545;0;0;126;0;122;0;
11198;5633875;1209184256;14364672;1393913856;0;0;0;0;0;0;0;0;0;0;0;2665;0;0;126;0;122;0;
11199;2559550;1209184256;14364672;1393913856;0;0;0;0;0;0;0;0;0;0;0;2444;0;0;126;0;122;0;
11200;5079787;1209184256;14364672;1393913856;0;0;0;0;0;0;0;0;0;0;0;1764;0;0;126;0;122;0;
11201;2749075;1209184256;14364672;1393913856;0;0;0;0;0;0;0;0;0;0;0;2425;0;0;126;0;122;0;
11202;4816012;1211281408;21692416;1401241600;0;0;0;0;0;0;0;0;0;0;0;1964;0;0;126;0;122;0;
11203;2880692;1213378560;21692416;1401241600;0;0;0;0;0;0;0;0;0;0;0;2775;0;0;126;0;122;0;
11204;5689810;1215475712;21692416;1401241600;0;0;0;0;0;0;0;0;0;0;0;1774;0;0;126;0;122;0;
11205;2894037;1215475712;21692416;1401241600;0;0;0;0;0;0;0;0;0;0;0;3236;0;0;126;0;122;0;
11206;5181868;1215475712;21692416;1401241600;0;0;0;0;0;0;0;0;0;0;0;1422;0;0;126;0;122;0;
11207;2656522;1215475712;21692416;1401241600;0;0;0;0;0;0;0;0;0;0;0;2775;0;0;126;0;122;0;
11208;5170357;1215475712;21692416;1401241600;0;0;0;0;0;0;0;0;0;0;0;1814;0;0;126;0;122;0;
11209;3225920;1207808000;13914112;1393463296;0;0;0;0;0;0;0;0;0;0;0;2584;0;0;126;0;122;0;
11210;5068616;1207808000;13914112;1393463296;0;0;0;0;0;0;0;0;0;0;0;1443;0;0;126;0;122;0;
11211;3220941;1207808000;13914112;1393463296;0;0;0;0;0;0;0;0;0;0;0;2425;0;0;126;0;122;0;
11212;5387684;1207808000;13914112;1393463296;0;0;0;0;0;0;0;0;0;0;0;1493;0;0;126;0;122;0;
11213;3594290;1207808000;13914112;1393463296;0;0;0;0;0;0;0;0;0;0;0;2735;0;0;126;0;122;0;
11214;5077863;1207808000;13914112;1393463296;0;0;0;0;0;0;0;0;0;0;0;1553;0;0;126;0;122;0;
11215;3579213;1207808000;13914112;1393463296;0;0;0;0;0;0;0;0;0;0;0;2465;0;0;126;0;122;0;
11216;6081114;1207808000;13914112;1393463296;0;0;0;0;0;0;0;0;0;0;0;2003;0;0;126;0;122;0;
11217;5006308;1207808000;13914112;1393463296;0;0;0;0;0;0;0;0;0;0;0;2224;0;0;126;0;122;0;
11218;5435453;1207808000;13914112;1393463296;0;0;0;0;0;0;0;0;0;0;0;1432;0;0;126;0;122;0;
11219;3466000;1207808000;13914112;1393463296;0;0;0;0;0;0;0;0;0;0;0;2515;0;0;126;0;122;0;
11220;4520127;1207808000;13914112;1393463296;0;0;0;0;0;0;0;0;0;0;0;1473;0;0;126;0;122;0;
11221;3361153;1207808000;13914112;1393463296;0;0;0;0;0;0;0;0;0;0;0;2815;0;0;126;0;122;0;
11222;5983651;1207808000;13914112;1393463296;0;0;0;0;0;0;0;0;0;0;0;1563;0;0;126;0;122;0;
11223;3012529;1207808000;13914112;1393463296;0;0;0;0;0;0;0;0;0;0;0;2665;0;0;126;0;122;0;
11224;5432929;1207808000;13914112;1393463296;0;0;0;0;0;0;0;0;0;0;0;1793;0;0;126;0;122;0;
11225;2751349;1207808000;13914112;1393463296;0;0;0;0;0;0;0;0;0;0;0;3045;0;0;126;0;122;0;
11226;5480027;1211789312;21692416;1401241600;0;0;0;0;0;0;0;0;0;0;0;2094;0;0;126;0;122;0;
11227;2794712;1211789312;21692416;1401241600;0;0;0;0;0;0;0;0;0;0;0;3206;0;0;126;0;122;0;
11228;5369370;1213886464;21692416;1401241600;0;0;0;0;0;0;0;0;0;0;0;1723;0;0;126;0;122;0;
11229;2791996;1213886464;21692416;1401241600;0;0;0;0;0;0;0;0;0;0;0;2896;0;0;126;0;122;0;
11230;6141277;1213886464;21696512;1401245696;0;0;0;0;0;0;0;0;0;0;0;3567;0;0;126;0;122;0;
11231;3035693;1213886464;21700608;1401249792;0;0;0;0;0;0;0;0;0;0;0;2014;0;0;126;0;122;0;
11232;5640127;1213886464;21700608;1401249792;0;0;0;0;0;0;0;0;0;0;0;1643;0;0;126;0;122;0;
11233;3384737;1213886464;21700608;1401249792;0;0;0;0;0;0;0;0;0;0;0;2585;0;0;126;0;122;0;
11234;4759105;1213886464;21700608;1401249792;0;0;0;0;0;0;0;0;0;0;0;2104;0;0;126;0;122;0;
11235;3054999;1213886464;21700608;1401249792;0;0;0;0;0;0;0;0;0;0;0;2555;0;0;126;0;122;0;
11236;5547875;1213886464;21700608;1401249792;0;0;0;0;0;0;0;0;0;0;0;1492;0;0;126;0;122;0;
11237;3613106;1213939712;21692416;1401241600;0;0;0;0;0;0;0;0;0;0;0;2765;0;0;126;0;122;0;
11238;5681606;1213939712;21692416;1401241600;0;0;0;0;0;0;0;0;0;0;0;1754;0;0;126;0;122;0;
11239;4113204;1207808000;13914112;1393463296;0;0;0;0;0;0;0;0;0;0;0;3266;0;0;126;0;122;0;
11240;5237783;1207808000;13914112;1393463296;0;0;0;0;0;0;0;0;0;0;0;2444;0;0;126;0;122;0;
11241;3372494;1207808000;13914112;1393463296;0;0;0;0;0;0;0;0;0;0;0;3246;0;0;126;0;122;0;
11242;5490147;1207808000;13914112;1393463296;0;0;0;0;0;0;0;0;0;0;0;1753;0;0;126;0;122;0;
11243;3436705;1207808000;13914112;1393463296;0;0;0;0;0;0;0;0;0;0;0;3005;0;0;126;0;122;0;
11244;5796891;1207808000;13914112;1393463296;0;0;0;0;0;0;0;0;0;0;0;2435;0;0;126;0;122;0;
11245;3495124;1207808000;13914112;1393463296;0;0;0;0;0;0;0;0;0;0;0;2645;0;0;126;0;122;0;
11246;5462755;1207808000;13914112;1393463296;0;0;0;0;0;0;0;0;0;0;0;2254;0;0;126;0;122;0;
11247;3301922;1207808000;13914112;1393463296;0;0;0;0;0;0;0;0;0;0;0;2565;0;0;126;0;122;0;
11248;6593465;1211789312;21692416;1401241600;0;0;0;0;0;0;0;0;0;0;0;2725;0;0;126;0;122;0;
11249;3500355;1211789312;21692416;1401241600;0;0;0;0;0;0;0;0;0;0;0;3958;0;0;126;0;122;0;
11250;5822709;1213886464;21692416;1401241600;0;0;0;0;0;0;0;0;0;0;0;2204;0;0;126;0;122;0;
11251;4088136;1213886464;21692416;1401241600;0;0;0;0;0;0;0;0;0;0;0;2946;0;0;126;0;122;0;
11252;6841871;1213886464;21692416;1401241600;0;0;0;0;0;0;0;0;0;0;0;1883;0;0;126;0;122;0;
11253;4746762;1213886464;21692416;1401241600;0;0;0;0;0;0;0;0;0;0;0;2945;0;0;126;0;122;0;
11254;4464212;1213886464;21692416;1401241600;0;0;0;0;0;0;0;0;0;0;0;2314;0;0;126;0;122;0;
11255;4263626;1207566336;14364672;1393913856;0;0;0;0;0;0;0;0;0;0;0;43411;0;0;126;0;122;0;
11256;6153299;1207566336;14364672;1393913856;0;0;0;0;0;0;0;0;0;0;0;2695;0;0;126;0;122;0;
11257;5799466;1207566336;14364672;1393913856;0;0;0;0;0;0;0;0;0;0;0;2765;0;0;126;0;122;0;
11258;5986477;1207566336;14364672;1393913856;0;0;0;0;0;0;0;0;0;0;0;2304;0;0;126;0;122;0;
11259;3974694;1207566336;14364672;1393913856;0;0;0;0;0;0;0;0;0;0;0;3035;0;0;126;0;122;0;
11260;5364390;1207566336;14364672;1393913856;0;0;0;0;0;0;0;0;0;0;0;2855;0;0;126;0;122;0;
11261;4394000;1207566336;14364672;1393913856;0;0;0;0;0;0;0;0;0;0;0;189696;0;0;126;0;122;0;
11262;5852976;1207566336;14364672;1393913856;0;0;0;0;0;0;0;0;0;0;0;2284;0;0;126;0;122;0;
11263;2876094;1207566336;14368768;1393917952;0;0;0;0;0;0;0;0;0;0;0;3237;0;0;126;0;122;0;
11264;7020216;1207566336;14368768;1393917952;0;0;0;0;0;0;0;0;0;0;0;3597;0;0;126;0;122;0;
11265;3366634;1207566336;14368768;1393917952;0;0;0;0;0;0;0;0;0;0;0;2955;0;0;126;0;122;0;
11266;6540887;1207566336;14368768;1393917952;0;0;0;0;0;0;0;0;0;0;0;3126;0;0;126;0;122;0;
11267;3423029;1207566336;14368768;1393917952;0;0;0;0;0;0;0;0;0;0;0;3707;0;0;126;0;122;0;
11268;6197152;1207566336;14368768;1393917952;0;0;0;0;0;0;0;0;0;0;0;2354;0;0;126;0;122;0;
11269;4973427;1207566336;14364672;1393913856;0;0;0;0;0;0;0;0;0;0;0;3106;0;0;126;0;122;0;
11270;7296654;1207566336;14364672;1393913856;0;0;0;0;0;0;0;0;0;0;0;4138;0;0;126;0;122;0;
11271;3730355;1207566336;14364672;1393913856;0;0;0;0;0;0;0;0;0;0;0;2595;0;0;126;0;122;0;
11272;6007126;1209663488;21692416;1401241600;0;0;0;0;0;0;0;0;0;0;0;2856;0;0;126;0;122;0;
11273;4201519;1211760640;21692416;1401241600;0;0;0;0;0;0;0;0;0;0;0;3216;0;0;126;0;122;0;
11274;7286294;1213857792;21692416;1401241600;0;0;0;0;0;0;0;0;0;0;0;2806;0;0;126;0;122;0;
11275;3939598;1213857792;21692416;1401241600;0;0;0;0;0;0;0;0;0;0;0;2985;0;0;126;0;122;0;
11276;5818703;1213857792;21692416;1401241600;0;0;0;0;0;0;0;0;0;0;0;2675;0;0;126;0;122;0;
11277;2957106;1213857792;21692416;1401241600;0;0;0;0;0;0;0;0;0;0;0;2655;0;0;126;0;122;0;
11278;5943316;1213857792;21692416;1401241600;0;0;0;0;0;0;0;0;0;0;0;2184;0;0;126;0;122;0;
11279;3747849;1207808000;13914112;1393463296;0;0;0;0;0;0;0;0;0;0;0;4008;0;0;126;0;122;0;
11280;5775852;1207808000;13914112;1393463296;0;0;0;0;0;0;0;0;0;0;0;2235;0;0;126;0;122;0;
11281;3200762;1207808000;13914112;1393463296;0;0;0;0;0;0;0;0;0;0;0;2585;0;0;126;0;122;0;
11282;5783827;1207808000;13914112;1393463296;0;0;0;0;0;0;0;0;0;0;0;2525;0;0;126;0;122;0;
11283;3468835;1207808000;13914112;1393463296;0;0;0;0;0;0;0;0;0;0;0;2885;0;0;126;0;122;0;
11284;4686379;1207808000;13914112;1393463296;0;0;0;0;0;0;0;0;0;0;0;1854;0;0;126;0;122;0;
11285;3522576;1207808000;13914112;1393463296;0;0;0;0;0;0;0;0;0;0;0;2966;0;0;126;0;122;0;
11286;5045813;1207808000;13914112;1393463296;0;0;0;0;0;0;0;0;0;0;0;1953;0;0;126;0;122;0;
11287;3121845;1207808000;13914112;1393463296;0;0;0;0;0;0;0;0;0;0;0;3246;0;0;126;0;122;0;
11288;4738066;1207808000;13914112;1393463296;0;0;0;0;0;0;0;0;0;0;0;2274;0;0;126;0;122;0;
11289;3846052;1207808000;13914112;1393463296;0;0;0;0;0;0;0;0;0;0;0;2896;0;0;126;0;122;0;
11290;5593891;1207808000;13914112;1393463296;0;0;0;0;0;0;0;0;0;0;0;2545;0;0;126;0;122;0;
11291;2922912;1207808000;13914112;1393463296;0;0;0;0;0;0;0;0;0;0;0;2605;0;0;126;0;122;0;
11292;5624428;1207808000;13914112;1393463296;0;0;0;0;0;0;0;0;0;0;0;1473;0;0;126;0;122;0;
11293;2898656;1207808000;13914112;1393463296;0;0;0;0;0;0;0;0;0;0;0;3016;0;0;126;0;122;0;
11294;5474927;1207808000;13914112;1393463296;0;0;0;0;0;0;0;0;0;0;0;1943;0;0;126;0;122;0;
11295;3313945;1207808000;13914112;1393463296;0;0;0;0;0;0;0;0;0;0;0;3065;0;0;126;0;122;0;
11296;5438529;1211789312;21692416;1401241600;0;0;0;0;0;0;0;0;0;0;0;3326;0;0;126;0;122;0;
11297;2506651;1211789312;21692416;1401241600;0;0;0;0;0;0;0;0;0;0;0;3165;0;0;126;0;122;0;
11298;5341457;1213886464;21692416;1401241600;0;0;0;0;0;0;0;0;0;0;0;2064;0;0;126;0;122;0;
11299;2746702;1213886464;21692416;1401241600;0;0;0;0;0;0;0;0;0;0;0;3206;0;0;126;0;122;0;
11300;5876210;1213886464;21692416;1401241600;0;0;0;0;0;0;0;0;0;0;0;1973;0;0;126;0;122;0;
11301;2585399;1213886464;21692416;1401241600;0;0;0;0;0;0;0;0;0;0;0;3026;0;0;126;0;122;0;
11302;4473811;1213886464;21692416;1401241600;0;0;0;0;0;0;0;0;0;0;0;2074;0;0;126;0;122;0;
11303;2922490;1207566336;14364672;1393913856;0;0;0;0;0;0;0;0;0;0;0;2906;0;0;126;0;122;0;
11304;4504027;1207566336;14364672;1393913856;0;0;0;0;0;0;0;0;0;0;0;1643;0;0;126;0;122;0;
11305;3203678;1207566336;14364672;1393913856;0;0;0;0;0;0;0;0;0;0;0;2725;0;0;126;0;122;0;
11306;5495606;1207566336;14364672;1393913856;0;0;0;0;0;0;0;0;0;0;0;1784;0;0;126;0;122;0;
11307;4407015;1207566336;14364672;1393913856;0;0;0;0;0;0;0;0;0;0;0;2945;0;0;126;0;122;0;
11308;10528576;1207566336;14364672;1393913856;0;0;0;0;0;0;0;0;0;0;0;2204;0;0;126;0;122;0;
11309;5185475;1207566336;14364672;1393913856;0;0;0;0;0;0;0;0;0;0;0;2966;0;0;126;0;122;0;
11310;5643844;1207566336;14364672;1393913856;0;0;0;0;0;0;0;0;0;0;0;2164;0;0;126;0;122;0;
11311;3465409;1207566336;14364672;1393913856;0;0;0;0;0;0;0;0;0;0;0;2925;0;0;126;0;122;0;
11312;5522176;1207566336;14364672;1393913856;0;0;0;0;0;0;0;0;0;0;0;1703;0;0;126;0;122;0;
11313;2720673;1207566336;14364672;1393913856;0;0;0;0;0;0;0;0;0;0;0;2925;0;0;126;0;122;0;
11314;4532841;1207566336;14364672;1393913856;0;0;0;0;0;0;0;0;0;0;0;1703;0;0;126;0;122;0;
11315;3408933;1207566336;14364672;1393913856;0;0;0;0;0;0;0;0;0;0;0;3116;0;0;126;0;122;0;
11316;5643925;1207566336;14364672;1393913856;0;0;0;0;0;0;0;0;0;0;0;1813;0;0;126;0;122;0;
11317;3666657;1207566336;14364672;1393913856;0;0;0;0;0;0;0;0;0;0;0;3216;0;0;126;0;122;0;
11318;5084395;1209663488;21692416;1401241600;0;0;0;0;0;0;0;0;0;0;0;1903;0;0;126;0;122;0;
11319;2821482;1211760640;21692416;1401241600;0;0;0;0;0;0;0;0;0;0;0;3657;0;0;126;0;122;0;
11320;4747865;1213857792;21692416;1401241600;0;0;0;0;0;0;0;0;0;0;0;1984;0;0;126;0;122;0;
11321;2671340;1213857792;21692416;1401241600;0;0;0;0;0;0;0;0;0;0;0;3186;0;0;126;0;122;0;
11322;5204441;1213857792;21692416;1401241600;0;0;0;0;0;0;0;0;0;0;0;1513;0;0;126;0;122;0;
11323;2869962;1213857792;21692416;1401241600;0;0;0;0;0;0;0;0;0;0;0;2955;0;0;126;0;122;0;
11324;4434185;1213857792;21692416;1401241600;0;0;0;0;0;0;0;0;0;0;0;1714;0;0;126;0;122;0;
11325;3144417;1207808000;13914112;1393463296;0;0;0;0;0;0;0;0;0;0;0;2464;0;0;126;0;122;0;
11326;5458406;1207808000;13914112;1393463296;0;0;0;0;0;0;0;0;0;0;0;1743;0;0;126;0;122;0;
11327;3103751;1207808000;13914112;1393463296;0;0;0;0;0;0;0;0;0;0;0;3006;0;0;126;0;122;0;
11328;4775466;1207808000;13914112;1393463296;0;0;0;0;0;0;0;0;0;0;0;1844;0;0;126;0;122;0;
11329;2910819;1207808000;13914112;1393463296;0;0;0;0;0;0;0;0;0;0;0;3055;0;0;126;0;122;0;
11330;4856117;1207808000;13914112;1393463296;0;0;0;0;0;0;0;0;0;0;0;1954;0;0;126;0;122;0;
11331;2795362;1207808000;13914112;1393463296;0;0;0;0;0;0;0;0;0;0;0;3396;0;0;126;0;122;0;
11332;4342935;1207808000;13914112;1393463296;0;0;0;0;0;0;0;0;0;0;0;1904;0;0;126;0;122;0;
11333;3478864;1207808000;13914112;1393463296;0;0;0;0;0;0;0;0;0;0;0;3206;0;0;126;0;122;0;
11334;5544879;1207808000;13914112;1393463296;0;0;0;0;0;0;0;0;0;0;0;1853;0;0;126;0;122;0;
11335;2882526;1207808000;13914112;1393463296;0;0;0;0;0;0;0;0;0;0;0;2886;0;0;126;0;122;0;
11336;4613772;1207808000;13914112;1393463296;0;0;0;0;0;0;0;0;0;0;0;2204;0;0;126;0;122;0;
11337;3030653;1207808000;13914112;1393463296;0;0;0;0;0;0;0;0;0;0;0;3025;0;0;126;0;122;0;
11338;4846740;1207808000;13914112;1393463296;0;0;0;0;0;0;0;0;0;0;0;1613;0;0;126;0;122;0;
11339;2561644;1207808000;13914112;1393463296;0;0;0;0;0;0;0;0;0;0;0;3317;0;0;126;0;122;0;
11340;6799592;1207808000;13918208;1393467392;0;0;0;0;0;0;0;0;0;0;0;3357;0;0;126;0;122;0;
11341;3323993;1207808000;13922304;1393471488;0;0;0;0;0;0;0;0;0;0;0;2665;0;0;126;0;122;0;
11342;5846233;1211789312;21700608;1401249792;0;0;0;0;0;0;0;0;0;0;0;3256;0;0;126;0;122;0;
11343;2684274;1211789312;21700608;1401249792;0;0;0;0;0;0;0;0;0;0;0;2996;0;0;126;0;122;0;
11344;5243203;1213886464;21700608;1401249792;0;0;0;0;0;0;0;0;0;0;0;2705;0;0;126;0;122;0;
11345;3018000;1213886464;21700608;1401249792;0;0;0;0;0;0;0;0;0;0;0;3176;0;0;126;0;122;0;
11346;5567261;1213886464;21700608;1401249792;0;0;0;0;0;0;0;0;0;0;0;1833;0;0;126;0;122;0;
11347;3551420;1213939712;21692416;1401241600;0;0;0;0;0;0;0;0;0;0;0;3115;0;0;126;0;122;0;
11348;4793690;1213939712;21692416;1401241600;0;0;0;0;0;0;0;0;0;0;0;1833;0;0;126;0;122;0;
11349;3165717;1207566336;14364672;1393913856;0;0;0;0;0;0;0;0;0;0;0;3076;0;0;126;0;122;0;
11350;5511857;1207566336;14364672;1393913856;0;0;0;0;0;0;0;0;0;0;0;1713;0;0;126;0;122;0;
11351;3338601;1207566336;14364672;1393913856;0;0;0;0;0;0;0;0;0;0;0;2855;0;0;126;0;122;0;
11352;5857916;1207566336;14364672;1393913856;0;0;0;0;0;0;0;0;0;0;0;1563;0;0;126;0;122;0;
11353;2563678;1207566336;14364672;1393913856;0;0;0;0;0;0;0;0;0;0;0;3217;0;0;126;0;122;0;
11354;5344052;1207566336;14364672;1393913856;0;0;0;0;0;0;0;0;0;0;0;1603;0;0;126;0;122;0;
11355;3945078;1207566336;14364672;1393913856;0;0;0;0;0;0;0;0;0;0;0;3547;0;0;126;0;122;0;
11356;4665851;1207566336;14364672;1393913856;0;0;0;0;0;0;0;0;0;0;0;1733;0;0;126;0;122;0;
11357;4002656;1207566336;14364672;1393913856;0;0;0;0;0;0;0;0;0;0;0;3296;0;0;126;0;122;0;
11358;5385059;1207566336;14364672;1393913856;0;0;0;0;0;0;0;0;0;0;0;1893;0;0;126;0;122;0;
11359;4885472;1207566336;14364672;1393913856;0;0;0;0;0;0;0;0;0;0;0;2565;0;0;126;0;122;0;
11360;5839451;1207566336;14364672;1393913856;0;0;0;0;0;0;0;0;0;0;0;1793;0;0;126;0;122;0;
11361;2674395;1207566336;14364672;1393913856;0;0;0;0;0;0;0;0;0;0;0;2966;0;0;126;0;122;0;
11362;5003744;1207566336;14364672;1393913856;0;0;0;0;0;0;0;0;0;0;0;1863;0;0;126;0;122;0;
11363;3953143;1207566336;14364672;1393913856;0;0;0;0;0;0;0;0;0;0;0;3016;0;0;126;0;122;0;
11364;5439070;1209663488;21692416;1401241600;0;0;0;0;0;0;0;0;0;0;0;1854;0;0;126;0;122;0;
11365;4312217;1211760640;21692416;1401241600;0;0;0;0;0;0;0;0;0;0;0;2935;0;0;126;0;122;0;
11366;5498693;1213857792;21692416;1401241600;0;0;0;0;0;0;0;0;0;0;0;1503;0;0;126;0;122;0;
11367;2618170;1213857792;21692416;1401241600;0;0;0;0;0;0;0;0;0;0;0;3135;0;0;126;0;122;0;
11368;5331970;1213857792;21692416;1401241600;0;0;0;0;0;0;0;0;0;0;0;2174;0;0;126;0;122;0;
11369;2829106;1213857792;21692416;1401241600;0;0;0;0;0;0;0;0;0;0;0;3075;0;0;126;0;122;0;
11370;5793595;1213857792;21692416;1401241600;0;0;0;0;0;0;0;0;0;0;0;1953;0;0;126;0;122;0;
11371;3408763;1207808000;13914112;1393463296;0;0;0;0;0;0;0;0;0;0;0;3266;0;0;126;0;122;0;
11372;4606790;1207808000;13914112;1393463296;0;0;0;0;0;0;0;0;0;0;0;1974;0;0;126;0;122;0;
11373;3741166;1207808000;13914112;1393463296;0;0;0;0;0;0;0;0;0;0;0;2595;0;0;126;0;122;0;
11374;6268977;1207808000;13914112;1393463296;0;0;0;0;0;0;0;0;0;0;0;2064;0;0;126;0;122;0;
11375;2918192;1207808000;13914112;1393463296;0;0;0;0;0;0;0;0;0;0;0;2765;0;0;126;0;122;0;
11376;5565949;1207808000;13914112;1393463296;0;0;0;0;0;0;0;0;0;0;0;2444;0;0;126;0;122;0;
11377;3415075;1207808000;13914112;1393463296;0;0;0;0;0;0;0;0;0;0;0;3166;0;0;126;0;122;0;
11378;5123298;1207808000;13914112;1393463296;0;0;0;0;0;0;0;0;0;0;0;1863;0;0;126;0;122;0;
11379;3317602;1207808000;13914112;1393463296;0;0;0;0;0;0;0;0;0;0;0;3156;0;0;126;0;122;0;
11380;6219263;1207808000;13914112;1393463296;0;0;0;0;0;0;0;0;0;0;0;2224;0;0;126;0;122;0;
11381;3598358;1207808000;13914112;1393463296;0;0;0;0;0;0;0;0;0;0;0;2725;0;0;126;0;122;0;
11382;6494630;1207808000;13914112;1393463296;0;0;0;0;0;0;0;0;0;0;0;2945;0;0;126;0;122;0;
11383;2578997;1207808000;13914112;1393463296;0;0;0;0;0;0;0;0;0;0;0;2285;0;0;126;0;122;0;
11384;5454189;1207808000;13914112;1393463296;0;0;0;0;0;0;0;0;0;0;0;2124;0;0;126;0;122;0;
11385;2945804;1207808000;13914112;1393463296;0;0;0;0;0;0;0;0;0;0;0;2535;0;0;126;0;122;0;
11386;5847747;1207808000;13914112;1393463296;0;0;0;0;0;0;0;0;0;0;0;1674;0;0;126;0;122;0;
11387;3127045;1207808000;13914112;1393463296;0;0;0;0;0;0;0;0;0;0;0;3166;0;0;126;0;122;0;
11388;6059624;1211789312;21692416;1401241600;0;0;0;0;0;0;0;0;0;0;0;4078;0;0;126;0;122;0;
11389;2486563;1211789312;21692416;1401241600;0;0;0;0;0;0;0;0;0;0;0;2825;0;0;126;0;122;0;
11390;5226983;1213886464;21692416;1401241600;0;0;0;0;0;0;0;0;0;0;0;2264;0;0;126;0;122;0;
11391;2464251;1213886464;21692416;1401241600;0;0;0;0;0;0;0;0;0;0;0;2805;0;0;126;0;122;0;
11392;4242957;1213886464;21692416;1401241600;0;0;0;0;0;0;0;0;0;0;0;1653;0;0;126;0;122;0;
11393;3943165;1213886464;21692416;1401241600;0;0;0;0;0;0;0;0;0;0;0;2344;0;0;126;0;122;0;
11394;6138773;1213886464;21692416;1401241600;0;0;0;0;0;0;0;0;0;0;0;1984;0;0;126;0;122;0;
11395;4391706;1207566336;14364672;1393913856;0;0;0;0;0;0;0;0;0;0;0;2625;0;0;126;0;122;0;
11396;5916426;1207566336;14364672;1393913856;0;0;0;0;0;0;0;0;0;0;0;2395;0;0;126;0;122;0;
11397;3414614;1207566336;14364672;1393913856;0;0;0;0;0;0;0;0;0;0;0;2595;0;0;126;0;122;0;
11398;5737640;1207566336;14364672;1393913856;0;0;0;0;0;0;0;0;0;0;0;1733;0;0;126;0;122;0;
11399;4775807;1207566336;14364672;1393913856;0;0;0;0;0;0;0;0;0;0;0;3297;0;0;126;0;122;0;
11400;5473915;1207566336;14364672;1393913856;0;0;0;0;0;0;0;0;0;0;0;2755;0;0;126;0;122;0;
11401;4317256;1207566336;14364672;1393913856;0;0;0;0;0;0;0;0;0;0;0;3476;0;0;126;0;122;0;
11402;6127862;1207566336;14364672;1393913856;0;0;0;0;0;0;0;0;0;0;0;3376;0;0;126;0;122;0;
11403;4806234;1207566336;14364672;1393913856;0;0;0;0;0;0;0;0;0;0;0;3637;0;0;126;0;122;0;
11404;4716835;1207566336;14364672;1393913856;0;0;0;0;0;0;0;0;0;0;0;2895;0;0;126;0;122;0;
11405;5111836;1207566336;14364672;1393913856;0;0;0;0;0;0;0;0;0;0;0;3707;0;0;126;0;122;0;
11406;5112618;1207566336;14364672;1393913856;0;0;0;0;0;0;0;0;0;0;0;2925;0;0;126;0;122;0;
11407;4727716;1207566336;14364672;1393913856;0;0;0;0;0;0;0;0;0;0;0;3196;0;0;126;0;122;0;
11408;5081791;1207566336;14364672;1393913856;0;0;0;0;0;0;0;0;0;0;0;2806;0;0;126;0;122;0;
11409;5509042;1207566336;14364672;1393913856;0;0;0;0;0;0;0;0;0;0;0;3336;0;0;126;0;122;0;
11410;5356054;1209663488;21692416;1401241600;0;0;0;0;0;0;0;0;0;0;0;2364;0;0;126;0;122;0;
11411;5169916;1211760640;21692416;1401241600;0;0;0;0;0;0;0;0;0;0;0;3016;0;0;126;0;122;0;
11412;6454084;1213857792;21692416;1401241600;0;0;0;0;0;0;0;0;0;0;0;2875;0;0;126;0;122;0;
11413;4925287;1213857792;21692416;1401241600;0;0;0;0;0;0;0;0;0;0;0;3126;0;0;126;0;122;0;
11414;6132962;1213857792;21692416;1401241600;0;0;0;0;0;0;0;0;0;0;0;2806;0;0;126;0;122;0;
11415;4483338;1213857792;21692416;1401241600;0;0;0;0;0;0;0;0;0;0;0;3006;0;0;126;0;122;0;
11416;6161064;1213857792;21692416;1401241600;0;0;0;0;0;0;0;0;0;0;0;2214;0;0;126;0;122;0;
11417;3816337;1207808000;13914112;1393463296;0;0;0;0;0;0;0;0;0;0;0;2444;0;0;126;0;122;0;
11418;6538803;1207808000;13914112;1393463296;0;0;0;0;0;0;0;0;0;0;0;2905;0;0;126;0;122;0;
11419;4188275;1207808000;13914112;1393463296;0;0;0;0;0;0;0;0;0;0;0;3637;0;0;126;0;122;0;
11420;7752709;1207808000;13914112;1393463296;0;0;0;0;0;0;0;0;0;0;0;2815;0;0;126;0;122;0;
11421;4267764;1207808000;13914112;1393463296;0;0;0;0;0;0;0;0;0;0;0;3116;0;0;126;0;122;0;
11422;6012767;1207808000;13914112;1393463296;0;0;0;0;0;0;0;0;0;0;0;2614;0;0;126;0;122;0;
11423;4082036;1207808000;13914112;1393463296;0;0;0;0;0;0;0;0;0;0;0;2685;0;0;126;0;122;0;
11424;5897731;1207808000;13914112;1393463296;0;0;0;0;0;0;0;0;0;0;0;2635;0;0;126;0;122;0;
11425;3766855;1207808000;13914112;1393463296;0;0;0;0;0;0;0;0;0;0;0;3366;0;0;126;0;122;0;
11426;5804546;1207808000;13914112;1393463296;0;0;0;0;0;0;0;0;0;0;0;2385;0;0;126;0;122;0;
11427;3334594;1207808000;13914112;1393463296;0;0;0;0;0;0;0;0;0;0;0;3297;0;0;126;0;122;0;
11428;6425119;1207808000;13914112;1393463296;0;0;0;0;0;0;0;0;0;0;0;1793;0;0;126;0;122;0;
11429;3889014;1207808000;13914112;1393463296;0;0;0;0;0;0;0;0;0;0;0;3146;0;0;126;0;122;0;
11430;5154025;1207808000;13914112;1393463296;0;0;0;0;0;0;0;0;0;0;0;2946;0;0;126;0;122;0;
11431;4584598;1207808000;13914112;1393463296;0;0;0;0;0;0;0;0;0;0;0;2835;0;0;126;0;122;0;
11432;5295501;1207808000;13914112;1393463296;0;0;0;0;0;0;0;0;0;0;0;2935;0;0;126;0;122;0;
11433;5110043;1207808000;13914112;1393463296;0;0;0;0;0;0;0;0;0;0;0;2835;0;0;126;0;122;0;
11434;5988320;1211789312;21692416;1401241600;0;0;0;0;0;0;0;0;0;0;0;2825;0;0;126;0;122;0;
11435;5183240;1211789312;21692416;1401241600;0;0;0;0;0;0;0;0;0;0;0;2975;0;0;126;0;122;0;
11436;5214869;1213886464;21692416;1401241600;0;0;0;0;0;0;0;0;0;0;0;2044;0;0;126;0;122;0;
11437;4509847;1213886464;21692416;1401241600;0;0;0;0;0;0;0;0;0;0;0;2545;0;0;126;0;122;0;
11438;5303497;1213886464;21692416;1401241600;0;0;0;0;0;0;0;0;0;0;0;3105;0;0;126;0;122;0;
11439;4158298;1213886464;21692416;1401241600;0;0;0;0;0;0;0;0;0;0;0;3286;0;0;126;0;122;0;
11440;5804786;1213886464;21692416;1401241600;0;0;0;0;0;0;0;0;0;0;0;2234;0;0;126;0;122;0;
11441;5631341;1207566336;14364672;1393913856;0;0;0;0;0;0;0;0;0;0;0;3056;0;0;126;0;122;0;
11442;5851915;1207566336;14364672;1393913856;0;0;0;0;0;0;0;0;0;0;0;2124;0;0;126;0;122;0;
11443;4208543;1207566336;14364672;1393913856;0;0;0;0;0;0;0;0;0;0;0;9628;0;0;126;0;122;0;
11444;5268871;1207566336;14364672;1393913856;0;0;0;0;0;0;0;0;0;0;0;2334;0;0;126;0;122;0;
11445;3306371;1207566336;14364672;1393913856;0;0;0;0;0;0;0;0;0;0;0;2895;0;0;126;0;122;0;
11446;6716085;1207566336;14364672;1393913856;0;0;0;0;0;0;0;0;0;0;0;2185;0;0;126;0;122;0;
11447;2911830;1207566336;14364672;1393913856;0;0;0;0;0;0;0;0;0;0;0;3186;0;0;126;0;122;0;
11448;6486555;1207566336;14364672;1393913856;0;0;0;0;0;0;0;0;0;0;0;3376;0;0;126;0;122;0;
11449;2796975;1207566336;14364672;1393913856;0;0;0;0;0;0;0;0;0;0;0;2936;0;0;126;0;122;0;
11450;5409225;1207566336;14364672;1393913856;0;0;0;0;0;0;0;0;0;0;0;3336;0;0;126;0;122;0;
11451;3234616;1207566336;14364672;1393913856;0;0;0;0;0;0;0;0;0;0;0;2795;0;0;126;0;122;0;
11452;4739899;1207566336;14364672;1393913856;0;0;0;0;0;0;0;0;0;0;0;3396;0;0;126;0;122;0;
11453;3818611;1207566336;14364672;1393913856;0;0;0;0;0;0;0;0;0;0;0;3266;0;0;126;0;122;0;
11454;5358309;1207566336;14364672;1393913856;0;0;0;0;0;0;0;0;0;0;0;2845;0;0;126;0;122;0;
11455;4538060;1207566336;14364672;1393913856;0;0;0;0;0;0;0;0;0;0;0;3537;0;0;126;0;122;0;
11456;5922967;1209663488;21692416;1401241600;0;0;0;0;0;0;0;0;0;0;0;2535;0;0;126;0;122;0;
11457;3625760;1211760640;21692416;1401241600;0;0;0;0;0;0;0;0;0;0;0;3006;0;0;126;0;122;0;
11458;5769971;1213857792;21692416;1401241600;0;0;0;0;0;0;0;0;0;0;0;1964;0;0;126;0;122;0;
11459;3193749;1213857792;21692416;1401241600;0;0;0;0;0;0;0;0;0;0;0;2635;0;0;126;0;122;0;
11460;5763889;1213857792;21692416;1401241600;0;0;0;0;0;0;0;0;0;0;0;2835;0;0;126;0;122;0;
11461;2993714;1213857792;21692416;1401241600;0;0;0;0;0;0;0;0;0;0;0;2775;0;0;126;0;122;0;
11462;5326379;1213857792;21692416;1401241600;0;0;0;0;0;0;0;0;0;0;0;3166;0;0;126;0;122;0;
11463;3473404;1207808000;13914112;1393463296;0;0;0;0;0;0;0;0;0;0;0;3126;0;0;126;0;122;0;
11464;6070955;1207808000;13914112;1393463296;0;0;0;0;0;0;0;0;0;0;0;3086;0;0;126;0;122;0;
11465;3495124;1207808000;13914112;1393463296;0;0;0;0;0;0;0;0;0;0;0;2335;0;0;126;0;122;0;
11466;6317147;1207808000;13914112;1393463296;0;0;0;0;0;0;0;0;0;0;0;2304;0;0;126;0;122;0;
11467;3295891;1207808000;13914112;1393463296;0;0;0;0;0;0;0;0;0;0;0;3597;0;0;126;0;122;0;
11468;5021447;1207808000;13914112;1393463296;0;0;0;0;0;0;0;0;0;0;0;1944;0;0;126;0;122;0;
11469;3535711;1207808000;13914112;1393463296;0;0;0;0;0;0;0;0;0;0;0;3376;0;0;126;0;122;0;
11470;5457085;1207808000;13914112;1393463296;0;0;0;0;0;0;0;0;0;0;0;1934;0;0;126;0;122;0;
11471;4540335;1207808000;13914112;1393463296;0;0;0;0;0;0;0;0;0;0;0;3076;0;0;126;0;122;0;
11472;5164466;1207808000;13914112;1393463296;0;0;0;0;0;0;0;0;0;0;0;1593;0;0;126;0;122;0;
11473;4124956;1207808000;13914112;1393463296;0;0;0;0;0;0;0;0;0;0;0;2254;0;0;126;0;122;0;
11474;4729850;1207808000;13914112;1393463296;0;0;0;0;0;0;0;0;0;0;0;76504;0;0;126;0;122;0;
11475;5293117;1207808000;13914112;1393463296;0;0;0;0;0;0;0;0;0;0;0;2875;0;0;126;0;122;0;
11476;4157376;1207808000;13914112;1393463296;0;0;0;0;0;0;0;0;0;0;0;1653;0;0;126;0;122;0;
11477;4448273;1207808000;13914112;1393463296;0;0;0;0;0;0;0;0;0;0;0;2695;0;0;126;0;122;0;
11478;6313761;1207808000;13914112;1393463296;0;0;0;0;0;0;0;0;0;0;0;2294;0;0;126;0;122;0;
11479;3339603;1207808000;13914112;1393463296;0;0;0;0;0;0;0;0;0;0;0;4278;0;0;126;0;122;0;
11480;6077237;1211789312;21692416;1401241600;0;0;0;0;0;0;0;0;0;0;0;2615;0;0;126;0;122;0;
11481;2988084;1211789312;21692416;1401241600;0;0;0;0;0;0;0;0;0;0;0;3437;0;0;126;0;122;0;
11482;5770351;1213886464;21692416;1401241600;0;0;0;0;0;0;0;0;0;0;0;2235;0;0;126;0;122;0;
11483;4039465;1213886464;21692416;1401241600;0;0;0;0;0;0;0;0;0;0;0;2675;0;0;126;0;122;0;
11484;5459338;1213886464;21692416;1401241600;0;0;0;0;0;0;0;0;0;0;0;2104;0;0;126;0;122;0;
11485;4310254;1213886464;21692416;1401241600;0;0;0;0;0;0;0;0;0;0;0;3006;0;0;126;0;122;0;
11486;6102645;1213886464;21692416;1401241600;0;0;0;0;0;0;0;0;0;0;0;2354;0;0;126;0;122;0;
11487;2813947;1207566336;14364672;1393913856;0;0;0;0;0;0;0;0;0;0;0;2685;0;0;126;0;122;0;
11488;4817444;1207566336;14364672;1393913856;0;0;0;0;0;0;0;0;0;0;0;1633;0;0;126;0;122;0;
11489;3992377;1207566336;14364672;1393913856;0;0;0;0;0;0;0;0;0;0;0;2615;0;0;126;0;122;0;
11490;4509507;1207566336;14364672;1393913856;0;0;0;0;0;0;0;0;0;0;0;1623;0;0;126;0;122;0;
11491;4262934;1207566336;14364672;1393913856;0;0;0;0;0;0;0;0;0;0;0;3336;0;0;126;0;122;0;
11492;4829808;1207566336;14364672;1393913856;0;0;0;0;0;0;0;0;0;0;0;1853;0;0;126;0;122;0;
11493;3337800;1207566336;14364672;1393913856;0;0;0;0;0;0;0;0;0;0;0;2985;0;0;126;0;122;0;
11494;4359626;1207566336;14364672;1393913856;0;0;0;0;0;0;0;0;0;0;0;1513;0;0;126;0;122;0;
11495;3383696;1207566336;14364672;1393913856;0;0;0;0;0;0;0;0;0;0;0;2365;0;0;126;0;122;0;
11496;4552317;1207566336;14364672;1393913856;0;0;0;0;0;0;0;0;0;0;0;1944;0;0;126;0;122;0;
11497;2531517;1207566336;14364672;1393913856;0;0;0;0;0;0;0;0;0;0;0;2134;0;0;126;0;122;0;
11498;4780365;1207566336;14364672;1393913856;0;0;0;0;0;0;0;0;0;0;0;1873;0;0;126;0;122;0;
11499;3058986;1207566336;14364672;1393913856;0;0;0;0;0;0;0;0;0;0;0;2104;0;0;126;0;122;0;
11500;4854524;1207566336;14364672;1393913856;0;0;0;0;0;0;0;0;0;0;0;1513;0;0;126;0;122;0;
11501;2476945;1207566336;14364672;1393913856;0;0;0;0;0;0;0;0;0;0;0;1723;0;0;126;0;122;0;
11502;4689725;1209663488;21692416;1401241600;0;0;0;0;0;0;0;0;0;0;0;1763;0;0;126;0;122;0;
11503;2608051;1211760640;21692416;1401241600;0;0;0;0;0;0;0;0;0;0;0;2154;0;0;126;0;122;0;
11504;5349162;1213857792;21692416;1401241600;0;0;0;0;0;0;0;0;0;0;0;1493;0;0;126;0;122;0;
11505;3748990;1213857792;21692416;1401241600;0;0;0;0;0;0;0;0;0;0;0;2755;0;0;126;0;122;0;
11506;4121850;1213857792;21692416;1401241600;0;0;0;0;0;0;0;0;0;0;0;1563;0;0;126;0;122;0;
11507;2320922;1213857792;21692416;1401241600;0;0;0;0;0;0;0;0;0;0;0;1843;0;0;126;0;122;0;
11508;4469422;1213857792;21692416;1401241600;0;0;0;0;0;0;0;0;0;0;0;1402;0;0;126;0;122;0;
11509;3104783;1207808000;13914112;1393463296;0;0;0;0;0;0;0;0;0;0;0;2355;0;0;126;0;122;0;
11510;4030288;1207808000;13914112;1393463296;0;0;0;0;0;0;0;0;0;0;0;1563;0;0;126;0;122;0;
11511;3766173;1207808000;13914112;1393463296;0;0;0;0;0;0;0;0;0;0;0;2054;0;0;126;0;122;0;
11512;4494269;1207808000;13914112;1393463296;0;0;0;0;0;0;0;0;0;0;0;1493;0;0;126;0;122;0;
11513;3546020;1207808000;13914112;1393463296;0;0;0;0;0;0;0;0;0;0;0;2275;0;0;126;0;122;0;
11514;4952909;1207808000;13914112;1393463296;0;0;0;0;0;0;0;0;0;0;0;1453;0;0;126;0;122;0;
11515;2176181;1207808000;13914112;1393463296;0;0;0;0;0;0;0;0;0;0;0;1954;0;0;126;0;122;0;
11516;4136687;1207808000;13914112;1393463296;0;0;0;0;0;0;0;0;0;0;0;1453;0;0;126;0;122;0;
11517;2844935;1207808000;13914112;1393463296;0;0;0;0;0;0;0;0;0;0;0;2034;0;0;126;0;122;0;
11518;4877037;1207808000;13914112;1393463296;0;0;0;0;0;0;0;0;0;0;0;1553;0;0;126;0;122;0;
11519;2572955;1207808000;13914112;1393463296;0;0;0;0;0;0;0;0;0;0;0;1983;0;0;126;0;122;0;
11520;4836991;1207808000;13914112;1393463296;0;0;0;0;0;0;0;0;0;0;0;1543;0;0;126;0;122;0;
11521;2650090;1207808000;13914112;1393463296;0;0;0;0;0;0;0;0;0;0;0;1914;0;0;126;0;122;0;
11522;3984292;1207808000;13914112;1393463296;0;0;0;0;0;0;0;0;0;0;0;1402;0;0;126;0;122;0;
11523;4001564;1207808000;13914112;1393463296;0;0;0;0;0;0;0;0;0;0;0;2004;0;0;126;0;122;0;
11524;4282210;1207808000;13914112;1393463296;0;0;0;0;0;0;0;0;0;0;0;1603;0;0;126;0;122;0;
11525;2155402;1207808000;13914112;1393463296;0;0;0;0;0;0;0;0;0;0;0;2294;0;0;126;0;122;0;
11526;6754287;1211789312;21692416;1401241600;0;0;0;0;0;0;0;0;0;0;0;2375;0;0;126;0;122;0;
11527;2662934;1211789312;21692416;1401241600;0;0;0;0;0;0;0;0;0;0;0;1813;0;0;126;0;122;0;
11528;8100732;1213886464;21692416;1401241600;0;0;0;0;0;0;0;0;0;0;0;1683;0;0;126;0;122;0;
11529;11013034;1213886464;21692416;1401241600;0;0;0;0;0;0;0;0;0;0;0;2785;0;0;126;0;122;0;
11530;5159726;1213886464;21692416;1401241600;0;0;0;0;0;0;0;0;0;0;0;2104;0;0;126;0;122;0;
11531;2820389;1213886464;21692416;1401241600;0;0;0;0;0;0;0;0;0;0;0;1934;0;0;126;0;122;0;
11532;4341061;1213886464;21692416;1401241600;0;0;0;0;0;0;0;0;0;0;0;1593;0;0;126;0;122;0;
11533;3871290;1207566336;14364672;1393913856;0;0;0;0;0;0;0;0;0;0;0;2345;0;0;126;0;122;0;
11534;4844184;1207566336;14364672;1393913856;0;0;0;0;0;0;0;0;0;0;0;1753;0;0;126;0;122;0;
11535;2658555;1207566336;14364672;1393913856;0;0;0;0;0;0;0;0;0;0;0;2164;0;0;126;0;122;0;
11536;4980881;1207566336;14364672;1393913856;0;0;0;0;0;0;0;0;0;0;0;1694;0;0;126;0;122;0;
11537;2199555;1207566336;14364672;1393913856;0;0;0;0;0;0;0;0;0;0;0;2124;0;0;126;0;122;0;
11538;4568979;1207566336;14364672;1393913856;0;0;0;0;0;0;0;0;0;0;0;1623;0;0;126;0;122;0;
11539;3336517;1207566336;14364672;1393913856;0;0;0;0;0;0;0;0;0;0;0;2164;0;0;126;0;122;0;
11540;5106697;1207566336;14364672;1393913856;0;0;0;0;0;0;0;0;0;0;0;1583;0;0;126;0;122;0;
11541;3742920;1207566336;14364672;1393913856;0;0;0;0;0;0;0;0;0;0;0;2414;0;0;126;0;122;0;
11542;4587303;1207566336;14364672;1393913856;0;0;0;0;0;0;0;0;0;0;0;1643;0;0;126;0;122;0;
11543;4517251;1207566336;14364672;1393913856;0;0;0;0;0;0;0;0;0;0;0;2124;0;0;126;0;122;0;
11544;4121570;1207566336;14364672;1393913856;0;0;0;0;0;0;0;0;0;0;0;1523;0;0;126;0;122;0;
11545;4111521;1207566336;14364672;1393913856;0;0;0;0;0;0;0;0;0;0;0;2134;0;0;126;0;122;0;
11546;5224779;1207566336;14364672;1393913856;0;0;0;0;0;0;0;0;0;0;0;1523;0;0;126;0;122;0;
11547;4200437;1207566336;14364672;1393913856;0;0;0;0;0;0;0;0;0;0;0;2535;0;0;126;0;122;0;
11548;5585265;1209663488;21692416;1401241600;0;0;0;0;0;0;0;0;0;0;0;1633;0;0;126;0;122;0;
11549;4122170;1211760640;21692416;1401241600;0;0;0;0;0;0;0;0;0;0;0;2204;0;0;126;0;122;0;
11550;5926976;1213857792;21692416;1401241600;0;0;0;0;0;0;0;0;0;0;0;1693;0;0;126;0;122;0;
11551;2907803;1213857792;21692416;1401241600;0;0;0;0;0;0;0;0;0;0;0;2224;0;0;126;0;122;0;
11552;4713609;1213857792;21692416;1401241600;0;0;0;0;0;0;0;0;0;0;0;1523;0;0;126;0;122;0;
11553;2922662;1213857792;21692416;1401241600;0;0;0;0;0;0;0;0;0;0;0;1944;0;0;126;0;122;0;
11554;4244641;1213857792;21692416;1401241600;0;0;0;0;0;0;0;0;0;0;0;1513;0;0;126;0;122;0;
11555;3734053;1207808000;13914112;1393463296;0;0;0;0;0;0;0;0;0;0;0;2705;0;0;126;0;122;0;
11556;4009238;1207808000;13914112;1393463296;0;0;0;0;0;0;0;0;0;0;0;1383;0;0;126;0;122;0;
11557;3329574;1207808000;13914112;1393463296;0;0;0;0;0;0;0;0;0;0;0;2174;0;0;126;0;122;0;
11558;5266707;1207808000;13914112;1393463296;0;0;0;0;0;0;0;0;0;0;0;1503;0;0;126;0;122;0;
11559;3013672;1207808000;13914112;1393463296;0;0;0;0;0;0;0;0;0;0;0;2284;0;0;126;0;122;0;
11560;4845958;1207808000;13914112;1393463296;0;0;0;0;0;0;0;0;0;0;0;1382;0;0;126;0;122;0;
11561;3001669;1207808000;13914112;1393463296;0;0;0;0;0;0;0;0;0;0;0;1834;0;0;126;0;122;0;
11562;6011343;1207808000;13914112;1393463296;0;0;0;0;0;0;0;0;0;0;0;1823;0;0;126;0;122;0;
11563;3294268;1207808000;13914112;1393463296;0;0;0;0;0;0;0;0;0;0;0;1863;0;0;126;0;122;0;
11564;4643067;1207808000;13914112;1393463296;0;0;0;0;0;0;0;0;0;0;0;1402;0;0;126;0;122;0;
11565;3188329;1207808000;13914112;1393463296;0;0;0;0;0;0;0;0;0;0;0;1953;0;0;126;0;122;0;
11566;5347178;1207808000;13914112;1393463296;0;0;0;0;0;0;0;0;0;0;0;1573;0;0;126;0;122;0;
11567;2984427;1207808000;13914112;1393463296;0;0;0;0;0;0;0;0;0;0;0;1883;0;0;126;0;122;0;
11568;4722757;1207808000;13914112;1393463296;0;0;0;0;0;0;0;0;0;0;0;1653;0;0;126;0;122;0;
11569;3052174;1207808000;13914112;1393463296;0;0;0;0;0;0;0;0;0;0;0;1884;0;0;126;0;122;0;
11570;4824909;1207808000;13914112;1393463296;0;0;0;0;0;0;0;0;0;0;0;1563;0;0;126;0;122;0;
11571;2928051;1207808000;13914112;1393463296;0;0;0;0;0;0;0;0;0;0;0;2244;0;0;126;0;122;0;
11572;6004561;1211789312;21692416;1401241600;0;0;0;0;0;0;0;0;0;0;0;2695;0;0;126;0;122;0;
11573;3094633;1211789312;21692416;1401241600;0;0;0;0;0;0;0;0;0;0;0;3196;0;0;126;0;122;0;
11574;6888208;1213886464;21692416;1401241600;0;0;0;0;0;0;0;0;0;0;0;3126;0;0;126;0;122;0;
11575;3928357;1213886464;21692416;1401241600;0;0;0;0;0;0;0;0;0;0;0;3457;0;0;126;0;122;0;
11576;7363500;1213886464;21692416;1401241600;0;0;0;0;0;0;0;0;0;0;0;3376;0;0;126;0;122;0;
11577;3957502;1213886464;21692416;1401241600;0;0;0;0;0;0;0;0;0;0;0;3126;0;0;126;0;122;0;
11578;6808218;1213886464;21692416;1401241600;0;0;0;0;0;0;0;0;0;0;0;2324;0;0;126;0;122;0;
11579;4507383;1207566336;14364672;1393913856;0;0;0;0;0;0;0;0;0;0;0;3757;0;0;126;0;122;0;
11580;6641986;1207566336;14364672;1393913856;0;0;0;0;0;0;0;0;0;0;0;3016;0;0;126;0;122;0;
11581;5868455;1207566336;14364672;1393913856;0;0;0;0;0;0;0;0;0;0;0;2866;0;0;126;0;122;0;
11582;7089255;1207566336;14364672;1393913856;0;0;0;0;0;0;0;0;0;0;0;2485;0;0;126;0;122;0;
11583;5188651;1207566336;14364672;1393913856;0;0;0;0;0;0;0;0;0;0;0;3597;0;0;126;0;122;0;
11584;6512062;1207566336;14364672;1393913856;0;0;0;0;0;0;0;0;0;0;0;3356;0;0;126;0;122;0;
11585;4392037;1207566336;14364672;1393913856;0;0;0;0;0;0;0;0;0;0;0;3086;0;0;126;0;122;0;
11586;6499369;1207566336;14364672;1393913856;0;0;0;0;0;0;0;0;0;0;0;2324;0;0;126;0;122;0;
11587;5178621;1207566336;14364672;1393913856;0;0;0;0;0;0;0;0;0;0;0;3066;0;0;126;0;122;0;
11588;5760803;1207566336;14364672;1393913856;0;0;0;0;0;0;0;0;0;0;0;2946;0;0;126;0;122;0;
11589;6682142;1207566336;14364672;1393913856;0;0;0;0;0;0;0;0;0;0;0;3246;0;0;126;0;122;0;
11590;6512433;1207566336;14364672;1393913856;0;0;0;0;0;0;0;0;0;0;0;2415;0;0;126;0;122;0;
11591;4628400;1207566336;14364672;1393913856;0;0;0;0;0;0;0;0;0;0;0;2795;0;0;126;0;122;0;
11592;6827795;1207566336;14364672;1393913856;0;0;0;0;0;0;0;0;0;0;0;1653;0;0;126;0;122;0;
11593;4875263;1207566336;14364672;1393913856;0;0;0;0;0;0;0;0;0;0;0;2615;0;0;126;0;122;0;
11594;7239387;1209663488;21692416;1401241600;0;0;0;0;0;0;0;0;0;0;0;2885;0;0;126;0;122;0;
11595;4478449;1211760640;21692416;1401241600;0;0;0;0;0;0;0;0;0;0;0;3366;0;0;126;0;122;0;
11596;6368674;1213857792;21692416;1401241600;0;0;0;0;0;0;0;0;0;0;0;3086;0;0;126;0;122;0;
11597;5543025;1213857792;21692416;1401241600;0;0;0;0;0;0;0;0;0;0;0;3376;0;0;126;0;122;0;
11598;7055532;1213857792;21692416;1401241600;0;0;0;0;0;0;0;0;0;0;0;2365;0;0;126;0;122;0;
11599;4014539;1213857792;21692416;1401241600;0;0;0;0;0;0;0;0;0;0;0;3737;0;0;126;0;122;0;
11600;7043178;1213857792;21692416;1401241600;0;0;0;0;0;0;0;0;0;0;0;2965;0;0;126;0;122;0;
11601;5663701;1207808000;13914112;1393463296;0;0;0;0;0;0;0;0;0;0;0;3467;0;0;126;0;122;0;
11602;6516882;1207808000;13914112;1393463296;0;0;0;0;0;0;0;0;0;0;0;2615;0;0;126;0;122;0;
11603;4699353;1207808000;13914112;1393463296;0;0;0;0;0;0;0;0;0;0;0;3517;0;0;126;0;122;0;
11604;6490923;1207808000;13914112;1393463296;0;0;0;0;0;0;0;0;0;0;0;2865;0;0;126;0;122;0;
11605;3781501;1207808000;13914112;1393463296;0;0;0;0;0;0;0;0;0;0;0;2644;0;0;126;0;122;0;
11606;6105129;1207808000;13914112;1393463296;0;0;0;0;0;0;0;0;0;0;0;3026;0;0;126;0;122;0;
11607;3220480;1207808000;13914112;1393463296;0;0;0;0;0;0;0;0;0;0;0;3155;0;0;126;0;122;0;
11608;6879031;1207808000;13914112;1393463296;0;0;0;0;0;0;0;0;0;0;0;2404;0;0;126;0;122;0;
11609;5560468;1207808000;13914112;1393463296;0;0;0;0;0;0;0;0;0;0;0;2715;0;0;126;0;122;0;
11610;4966134;1207808000;13914112;1393463296;0;0;0;0;0;0;0;0;0;0;0;1773;0;0;126;0;122;0;
11611;3930411;1207808000;13914112;1393463296;0;0;0;0;0;0;0;0;0;0;0;2755;0;0;126;0;122;0;
11612;6571273;1207808000;13914112;1393463296;0;0;0;0;0;0;0;0;0;0;0;138069;0;0;126;0;122;0;
11613;3756585;1207808000;13918208;1393467392;0;0;0;0;0;0;0;0;0;0;0;3307;0;0;126;0;122;0;
11614;5388405;1207808000;13918208;1393467392;0;0;0;0;0;0;0;0;0;0;0;3046;0;0;126;0;122;0;
11615;5092901;1207808000;13918208;1393467392;0;0;0;0;0;0;0;0;0;0;0;3055;0;0;126;0;122;0;
11616;4837392;1207808000;13918208;1393467392;0;0;0;0;0;0;0;0;0;0;0;1533;0;0;126;0;122;0;
11617;5405186;1207808000;13918208;1393467392;0;0;0;0;0;0;0;0;0;0;0;2956;0;0;126;0;122;0;
11618;7697676;1211789312;21696512;1401245696;0;0;0;0;0;0;0;0;0;0;0;2585;0;0;126;0;122;0;
11619;4646674;1213939712;21692416;1401241600;0;0;0;0;0;0;0;0;0;0;0;2594;0;0;126;0;122;0;
11620;6707980;1213939712;21692416;1401241600;0;0;0;0;0;0;0;0;0;0;0;2215;0;0;126;0;122;0;
11621;4233489;1213935616;21688320;1401237504;0;0;0;0;0;0;0;0;0;0;0;3466;0;0;126;0;122;0;
11622;5997537;1213935616;21688320;1401237504;0;0;0;0;0;0;0;0;0;0;0;1693;0;0;126;0;122;0;
11623;4426090;1213935616;21688320;1401237504;0;0;0;0;0;0;0;0;0;0;0;2856;0;0;126;0;122;0;
11624;6650001;1213935616;21688320;1401237504;0;0;0;0;0;0;0;0;0;0;0;2825;0;0;126;0;122;0;
11625;3675432;1207562240;14360576;1393909760;0;0;0;0;0;0;0;0;0;0;0;3516;0;0;126;0;122;0;
11626;5639787;1207562240;14360576;1393909760;0;0;0;0;0;0;0;0;0;0;0;2114;0;0;126;0;122;0;
11627;5441254;1207562240;14360576;1393909760;0;0;0;0;0;0;0;0;0;0;0;2836;0;0;126;0;122;0;
11628;4576072;1207562240;14360576;1393909760;0;0;0;0;0;0;0;0;0;0;0;1893;0;0;126;0;122;0;
11629;6246955;1207562240;14360576;1393909760;0;0;0;0;0;0;0;0;0;0;0;2685;0;0;126;0;122;0;
11630;6842342;1207562240;14360576;1393909760;0;0;0;0;0;0;0;0;0;0;0;2294;0;0;126;0;122;0;
11631;6306818;1207562240;14360576;1393909760;0;0;0;0;0;0;0;0;0;0;0;3246;0;0;126;0;122;0;
11632;4326754;1207562240;14360576;1393909760;0;0;0;0;0;0;0;0;0;0;0;2104;0;0;126;0;122;0;
11633;4581913;1207562240;14360576;1393909760;0;0;0;0;0;0;0;0;0;0;0;2635;0;0;126;0;122;0;
11634;5891008;1207562240;14360576;1393909760;0;0;0;0;0;0;0;0;0;0;0;1763;0;0;126;0;122;0;
11635;3732881;1207562240;14360576;1393909760;0;0;0;0;0;0;0;0;0;0;0;2785;0;0;126;0;122;0;
11636;6966806;1207562240;14360576;1393909760;0;0;0;0;0;0;0;0;0;0;0;2515;0;0;126;0;122;0;
11637;3004204;1207562240;14360576;1393909760;0;0;0;0;0;0;0;0;0;0;0;2875;0;0;126;0;122;0;
11638;6396315;1207562240;14360576;1393909760;0;0;0;0;0;0;0;0;0;0;0;2815;0;0;126;0;122;0;
11639;3505664;1207562240;14360576;1393909760;0;0;0;0;0;0;0;0;0;0;0;3046;0;0;126;0;122;0;
11640;5743231;1209659392;21688320;1401237504;0;0;0;0;0;0;0;0;0;0;0;2886;0;0;126;0;122;0;
11641;4538151;1211756544;21688320;1401237504;0;0;0;0;0;0;0;0;0;0;0;2695;0;0;126;0;122;0;
11642;5851153;1213853696;21688320;1401237504;0;0;0;0;0;0;0;0;0;0;0;2575;0;0;126;0;122;0;
11643;4540385;1213853696;21688320;1401237504;0;0;0;0;0;0;0;0;0;0;0;3758;0;0;126;0;122;0;
11644;5151221;1213853696;21688320;1401237504;0;0;0;0;0;0;0;0;0;0;0;1764;0;0;126;0;122;0;
11645;2893186;1213853696;21688320;1401237504;0;0;0;0;0;0;0;0;0;0;0;3026;0;0;126;0;122;0;
11646;5334714;1213853696;21688320;1401237504;0;0;0;0;0;0;0;0;0;0;0;1733;0;0;126;0;122;0;
11647;2995037;1207803904;13910016;1393459200;0;0;0;0;0;0;0;0;0;0;0;2925;0;0;126;0;122;0;
11648;4768413;1207803904;13910016;1393459200;0;0;0;0;0;0;0;0;0;0;0;1944;0;0;126;0;122;0;
11649;3400447;1207803904;13910016;1393459200;0;0;0;0;0;0;0;0;0;0;0;2465;0;0;126;0;122;0;
11650;5654544;1207803904;13910016;1393459200;0;0;0;0;0;0;0;0;0;0;0;1663;0;0;126;0;122;0;
11651;3720407;1207803904;13910016;1393459200;0;0;0;0;0;0;0;0;0;0;0;3226;0;0;126;0;122;0;
11652;5351797;1207803904;13910016;1393459200;0;0;0;0;0;0;0;0;0;0;0;2244;0;0;126;0;122;0;
11653;3138275;1207803904;13910016;1393459200;0;0;0;0;0;0;0;0;0;0;0;3025;0;0;126;0;122;0;
11654;5495346;1207803904;13910016;1393459200;0;0;0;0;0;0;0;0;0;0;0;2184;0;0;126;0;122;0;
11655;3677817;1207803904;13910016;1393459200;0;0;0;0;0;0;0;0;0;0;0;3116;0;0;126;0;122;0;
11656;5582389;1207803904;13910016;1393459200;0;0;0;0;0;0;0;0;0;0;0;1983;0;0;126;0;122;0;
11657;3380089;1207803904;13910016;1393459200;0;0;0;0;0;0;0;0;0;0;0;2575;0;0;126;0;122;0;
11658;5419954;1207803904;13914112;1393463296;0;0;0;0;0;0;0;0;0;0;0;3667;0;0;126;0;122;0;
11659;3441394;1207803904;13918208;1393467392;0;0;0;0;0;0;0;0;0;0;0;2324;0;0;126;0;122;0;
11660;6259048;1207803904;13918208;1393467392;0;0;0;0;0;0;0;0;0;0;0;1623;0;0;126;0;122;0;
11661;4075653;1207803904;13918208;1393467392;0;0;0;0;0;0;0;0;0;0;0;3166;0;0;126;0;122;0;
11662;6611248;1207803904;13918208;1393467392;0;0;0;0;0;0;0;0;0;0;0;2765;0;0;126;0;122;0;
11663;4808197;1207803904;13918208;1393467392;0;0;0;0;0;0;0;0;0;0;0;2374;0;0;126;0;122;0;
11664;5999862;1211785216;21696512;1401245696;0;0;0;0;0;0;0;0;0;0;0;2695;0;0;126;0;122;0;
11665;4083308;1213935616;21688320;1401237504;0;0;0;0;0;0;0;0;0;0;0;3687;0;0;126;0;122;0;
11666;6516220;1213935616;21688320;1401237504;0;0;0;0;0;0;0;0;0;0;0;1783;0;0;126;0;122;0;
11667;3393484;1213935616;21688320;1401237504;0;0;0;0;0;0;0;0;0;0;0;2454;0;0;126;0;122;0;
11668;5468596;1213935616;21688320;1401237504;0;0;0;0;0;0;0;0;0;0;0;3216;0;0;126;0;122;0;
11669;2878669;1213935616;21688320;1401237504;0;0;0;0;0;0;0;0;0;0;0;2555;0;0;126;0;122;0;
11670;5455030;1213935616;21688320;1401237504;0;0;0;0;0;0;0;0;0;0;0;2815;0;0;126;0;122;0;
11671;3065830;1207562240;14360576;1393909760;0;0;0;0;0;0;0;0;0;0;0;2705;0;0;126;0;122;0;
11672;5594271;1207562240;14360576;1393909760;0;0;0;0;0;0;0;0;0;0;0;1873;0;0;126;0;122;0;
11673;3501116;1207562240;14360576;1393909760;0;0;0;0;0;0;0;0;0;0;0;2855;0;0;126;0;122;0;
11674;5407711;1207562240;14360576;1393909760;0;0;0;0;0;0;0;0;0;0;0;2715;0;0;126;0;122;0;
11675;3635078;1207562240;14360576;1393909760;0;0;0;0;0;0;0;0;0;0;0;3317;0;0;126;0;122;0;
11676;5172801;1207562240;14360576;1393909760;0;0;0;0;0;0;0;0;0;0;0;2014;0;0;126;0;122;0;
11677;4311115;1207562240;14360576;1393909760;0;0;0;0;0;0;0;0;0;0;0;2995;0;0;126;0;122;0;
11678;5550089;1207562240;14360576;1393909760;0;0;0;0;0;0;0;0;0;0;0;1924;0;0;126;0;122;0;
11679;3011988;1207562240;14360576;1393909760;0;0;0;0;0;0;0;0;0;0;0;2655;0;0;126;0;122;0;
11680;5109732;1207562240;14360576;1393909760;0;0;0;0;0;0;0;0;0;0;0;1533;0;0;126;0;122;0;
11681;3679410;1207562240;14360576;1393909760;0;0;0;0;0;0;0;0;0;0;0;3216;0;0;126;0;122;0;
11682;5520804;1207562240;14360576;1393909760;0;0;0;0;0;0;0;0;0;0;0;1923;0;0;126;0;122;0;
11683;2880152;1207562240;14360576;1393909760;0;0;0;0;0;0;0;0;0;0;0;2675;0;0;126;0;122;0;
11684;6294285;1207562240;14360576;1393909760;0;0;0;0;0;0;0;0;0;0;0;2034;0;0;126;0;122;0;
11685;2876855;1207562240;14360576;1393909760;0;0;0;0;0;0;0;0;0;0;0;2665;0;0;126;0;122;0;
11686;5187699;1209659392;21688320;1401237504;0;0;0;0;0;0;0;0;0;0;0;2705;0;0;126;0;122;0;
11687;3224848;1211756544;21688320;1401237504;0;0;0;0;0;0;0;0;0;0;0;2505;0;0;126;0;122;0;
11688;5147594;1213853696;21688320;1401237504;0;0;0;0;0;0;0;0;0;0;0;2715;0;0;126;0;122;0;
11689;3136913;1213853696;21688320;1401237504;0;0;0;0;0;0;0;0;0;0;0;2485;0;0;126;0;122;0;
11690;6070545;1213853696;21688320;1401237504;0;0;0;0;0;0;0;0;0;0;0;2685;0;0;126;0;122;0;
11691;2560552;1213853696;21688320;1401237504;0;0;0;0;0;0;0;0;0;0;0;2976;0;0;126;0;122;0;
11692;4884881;1213853696;21688320;1401237504;0;0;0;0;0;0;0;0;0;0;0;1723;0;0;126;0;122;0;
11693;3000276;1207803904;13910016;1393459200;0;0;0;0;0;0;0;0;0;0;0;2655;0;0;126;0;122;0;
11694;4769976;1207803904;13910016;1393459200;0;0;0;0;0;0;0;0;0;0;0;1713;0;0;126;0;122;0;
11695;2929013;1207803904;13910016;1393459200;0;0;0;0;0;0;0;0;0;0;0;3015;0;0;126;0;122;0;
11696;5469738;1207803904;13910016;1393459200;0;0;0;0;0;0;0;0;0;0;0;1813;0;0;126;0;122;0;
11697;2998905;1207803904;13910016;1393459200;0;0;0;0;0;0;0;0;0;0;0;3486;0;0;126;0;122;0;
11698;4993124;1207803904;13910016;1393459200;0;0;0;0;0;0;0;0;0;0;0;2905;0;0;126;0;122;0;
11699;2578595;1207803904;13910016;1393459200;0;0;0;0;0;0;0;0;0;0;0;2505;0;0;126;0;122;0;
11700;4568017;1207803904;13910016;1393459200;0;0;0;0;0;0;0;0;0;0;0;1543;0;0;126;0;122;0;
11701;3354371;1207803904;13910016;1393459200;0;0;0;0;0;0;0;0;0;0;0;2705;0;0;126;0;122;0;
11702;6304834;1207803904;13910016;1393459200;0;0;0;0;0;0;0;0;0;0;0;2675;0;0;126;0;122;0;
11703;3284680;1207803904;13910016;1393459200;0;0;0;0;0;0;0;0;0;0;0;3286;0;0;126;0;122;0;
11704;5647872;1207803904;13910016;1393459200;0;0;0;0;0;0;0;0;0;0;0;2746;0;0;126;0;122;0;
11705;2803828;1207803904;13910016;1393459200;0;0;0;0;0;0;0;0;0;0;0;2735;0;0;126;0;122;0;
11706;5705019;1207803904;13910016;1393459200;0;0;0;0;0;0;0;0;0;0;0;2285;0;0;126;0;122;0;
11707;2498666;1207803904;13910016;1393459200;0;0;0;0;0;0;0;0;0;0;0;3046;0;0;126;0;122;0;
11708;5864459;1207803904;13910016;1393459200;0;0;0;0;0;0;0;0;0;0;0;2134;0;0;126;0;122;0;
11709;2655530;1207803904;13910016;1393459200;0;0;0;0;0;0;0;0;0;0;0;3266;0;0;126;0;122;0;
11710;6442232;1211785216;21688320;1401237504;0;0;0;0;0;0;0;0;0;0;0;2936;0;0;126;0;122;0;
11711;3879736;1213882368;21688320;1401237504;0;0;0;0;0;0;0;0;0;0;0;3106;0;0;126;0;122;0;
11712;5869627;1213882368;21688320;1401237504;0;0;0;0;0;0;0;0;0;0;0;1944;0;0;126;0;122;0;
11713;4819920;1213882368;21688320;1401237504;0;0;0;0;0;0;0;0;0;0;0;4088;0;0;126;0;122;0;
11714;4980140;1213882368;21688320;1401237504;0;0;0;0;0;0;0;0;0;0;0;2324;0;0;126;0;122;0;
11715;3313143;1213882368;21688320;1401237504;0;0;0;0;0;0;0;0;0;0;0;3146;0;0;126;0;122;0;
11716;5351196;1213882368;21688320;1401237504;0;0;0;0;0;0;0;0;0;0;0;2785;0;0;126;0;122;0;
11717;3693557;1207562240;14360576;1393909760;0;0;0;0;0;0;0;0;0;0;0;2815;0;0;126;0;122;0;
11718;5735917;1207562240;14360576;1393909760;0;0;0;0;0;0;0;0;0;0;0;2514;0;0;126;0;122;0;
11719;3813732;1207562240;14360576;1393909760;0;0;0;0;0;0;0;0;0;0;0;3246;0;0;126;0;122;0;
11720;5629577;1207562240;14360576;1393909760;0;0;0;0;0;0;0;0;0;0;0;2835;0;0;126;0;122;0;
11721;3918920;1207562240;14360576;1393909760;0;0;0;0;0;0;0;0;0;0;0;3297;0;0;126;0;122;0;
11722;5542715;1207562240;14360576;1393909760;0;0;0;0;0;0;0;0;0;0;0;2054;0;0;126;0;122;0;
11723;3522486;1207562240;14360576;1393909760;0;0;0;0;0;0;0;0;0;0;0;2986;0;0;126;0;122;0;
11724;5088483;1207562240;14360576;1393909760;0;0;0;0;0;0;0;0;0;0;0;1944;0;0;126;0;122;0;
11725;2833905;1207562240;14360576;1393909760;0;0;0;0;0;0;0;0;0;0;0;2464;0;0;126;0;122;0;
11726;6110650;1207562240;14360576;1393909760;0;0;0;0;0;0;0;0;0;0;0;2264;0;0;126;0;122;0;
11727;3314066;1207562240;14360576;1393909760;0;0;0;0;0;0;0;0;0;0;0;2184;0;0;126;0;122;0;
11728;5776674;1207562240;14360576;1393909760;0;0;0;0;0;0;0;0;0;0;0;2574;0;0;126;0;122;0;
11729;2740178;1207562240;14360576;1393909760;0;0;0;0;0;0;0;0;0;0;0;2836;0;0;126;0;122;0;
11730;5931353;1207562240;14360576;1393909760;0;0;0;0;0;0;0;0;0;0;0;2395;0;0;126;0;122;0;
11731;3074045;1207562240;14360576;1393909760;0;0;0;0;0;0;0;0;0;0;0;3697;0;0;126;0;122;0;
11732;5810998;1209659392;21688320;1401237504;0;0;0;0;0;0;0;0;0;0;0;2374;0;0;126;0;122;0;
11733;3497760;1211756544;21688320;1401237504;0;0;0;0;0;0;0;0;0;0;0;3487;0;0;126;0;122;0;
11734;5748220;1213853696;21688320;1401237504;0;0;0;0;0;0;0;0;0;0;0;2134;0;0;126;0;122;0;
11735;4453973;1213853696;21688320;1401237504;0;0;0;0;0;0;0;0;0;0;0;2985;0;0;126;0;122;0;
11736;8379094;1213853696;21688320;1401237504;0;0;0;0;0;0;0;0;0;0;0;2344;0;0;126;0;122;0;
11737;11104765;1213853696;21688320;1401237504;0;0;0;0;0;0;0;0;0;0;0;3286;0;0;126;0;122;0;
11738;6909819;1213853696;21688320;1401237504;0;0;0;0;0;0;0;0;0;0;0;3387;0;0;126;0;122;0;
11739;4290797;1207803904;13910016;1393459200;0;0;0;0;0;0;0;0;0;0;0;3506;0;0;126;0;122;0;
11740;5795599;1207803904;13910016;1393459200;0;0;0;0;0;0;0;0;0;0;0;2625;0;0;126;0;122;0;
11741;3867854;1207803904;13910016;1393459200;0;0;0;0;0;0;0;0;0;0;0;3486;0;0;126;0;122;0;
11742;6662985;1207803904;13910016;1393459200;0;0;0;0;0;0;0;0;0;0;0;2465;0;0;126;0;122;0;
11743;3436675;1207803904;13910016;1393459200;0;0;0;0;0;0;0;0;0;0;0;3246;0;0;126;0;122;0;
11744;5645417;1207803904;13910016;1393459200;0;0;0;0;0;0;0;0;0;0;0;2645;0;0;126;0;122;0;
11745;3745083;1207803904;13910016;1393459200;0;0;0;0;0;0;0;0;0;0;0;3266;0;0;126;0;122;0;
11746;5770743;1207803904;13910016;1393459200;0;0;0;0;0;0;0;0;0;0;0;2354;0;0;126;0;122;0;
11747;3278328;1207803904;13910016;1393459200;0;0;0;0;0;0;0;0;0;0;0;3226;0;0;126;0;122;0;
11748;5130241;1207803904;13910016;1393459200;0;0;0;0;0;0;0;0;0;0;0;2254;0;0;126;0;122;0;
11749;3651528;1207803904;13910016;1393459200;0;0;0;0;0;0;0;0;0;0;0;3657;0;0;126;0;122;0;
11750;5405347;1207803904;13910016;1393459200;0;0;0;0;0;0;0;0;0;0;0;2144;0;0;126;0;122;0;
11751;4575261;1207803904;13910016;1393459200;0;0;0;0;0;0;0;0;0;0;0;3397;0;0;126;0;122;0;
11752;5570216;1207803904;13910016;1393459200;0;0;0;0;0;0;0;0;0;0;0;1784;0;0;126;0;122;0;
11753;4056267;1207803904;13910016;1393459200;0;0;0;0;0;0;0;0;0;0;0;3246;0;0;126;0;122;0;
11754;5138798;1207803904;13910016;1393459200;0;0;0;0;0;0;0;0;0;0;0;1844;0;0;126;0;122;0;
11755;4240562;1207803904;13910016;1393459200;0;0;0;0;0;0;0;0;0;0;0;3096;0;0;126;0;122;0;
11756;6102504;1211785216;21688320;1401237504;0;0;0;0;0;0;0;0;0;0;0;2404;0;0;126;0;122;0;
11757;4063460;1213882368;21688320;1401237504;0;0;0;0;0;0;0;0;0;0;0;3236;0;0;126;0;122;0;
11758;4968017;1213882368;21688320;1401237504;0;0;0;0;0;0;0;0;0;0;0;1723;0;0;126;0;122;0;
11759;4074461;1213882368;21688320;1401237504;0;0;0;0;0;0;0;0;0;0;0;3256;0;0;126;0;122;0;
11760;4955293;1213882368;21688320;1401237504;0;0;0;0;0;0;0;0;0;0;0;1753;0;0;126;0;122;0;
11761;3706802;1213882368;21688320;1401237504;0;0;0;0;0;0;0;0;0;0;0;2966;0;0;126;0;122;0;
11762;5539108;1213882368;21688320;1401237504;0;0;0;0;0;0;0;0;0;0;0;1883;0;0;126;0;122;0;
11763;3841134;1207574528;14360576;1393909760;0;0;0;0;0;0;0;0;0;0;0;2625;0;0;126;0;122;0;
11764;5550920;1207574528;14360576;1393909760;0;0;0;0;0;0;0;0;0;0;0;2204;0;0;126;0;122;0;
11765;3643633;1207574528;14360576;1393909760;0;0;0;0;0;0;0;0;0;0;0;3226;0;0;126;0;122;0;
11766;4880402;1207574528;14360576;1393909760;0;0;0;0;0;0;0;0;0;0;0;2595;0;0;126;0;122;0;
11767;3885928;1207574528;14360576;1393909760;0;0;0;0;0;0;0;0;0;0;0;3656;0;0;126;0;122;0;
11768;5558484;1207574528;14360576;1393909760;0;0;0;0;0;0;0;0;0;0;0;2815;0;0;126;0;122;0;
11769;4372620;1207574528;14360576;1393909760;0;0;0;0;0;0;0;0;0;0;0;2995;0;0;126;0;122;0;
11770;6004981;1207574528;14360576;1393909760;0;0;0;0;0;0;0;0;0;0;0;3356;0;0;126;0;122;0;
11771;2880672;1207574528;14360576;1393909760;0;0;0;0;0;0;0;0;0;0;0;3667;0;0;126;0;122;0;
11772;5221472;1207574528;14360576;1393909760;0;0;0;0;0;0;0;0;0;0;0;3066;0;0;126;0;122;0;
11773;3047115;1207574528;14360576;1393909760;0;0;0;0;0;0;0;0;0;0;0;11512;0;0;126;0;122;0;
11774;5976007;1207574528;14360576;1393909760;0;0;0;0;0;0;0;0;0;0;0;2545;0;0;126;0;122;0;
11775;5410818;1207574528;14360576;1393909760;0;0;0;0;0;0;0;0;0;0;0;4027;0;0;126;0;122;0;
11776;5933307;1207574528;14360576;1393909760;0;0;0;0;0;0;0;0;0;0;0;3928;0;0;126;0;122;0;
11777;3695050;1207574528;14360576;1393909760;0;0;0;0;0;0;0;0;0;0;0;3216;0;0;126;0;122;0;
11778;5785790;1209671680;21688320;1401237504;0;0;0;0;0;0;0;0;0;0;0;3677;0;0;126;0;122;0;
11779;4228049;1211768832;21688320;1401237504;0;0;0;0;0;0;0;0;0;0;0;3707;0;0;126;0;122;0;
11780;6215797;1213865984;21688320;1401237504;0;0;0;0;0;0;0;0;0;0;0;4328;0;0;126;0;122;0;
11781;5134439;1213865984;21688320;1401237504;0;0;0;0;0;0;0;0;0;0;0;2806;0;0;126;0;122;0;
11782;6466317;1213865984;21688320;1401237504;0;0;0;0;0;0;0;0;0;0;0;3807;0;0;126;0;122;0;
11783;3974724;1213865984;21688320;1401237504;0;0;0;0;0;0;0;0;0;0;0;3617;0;0;126;0;122;0;
11784;6385906;1213865984;21688320;1401237504;0;0;0;0;0;0;0;0;0;0;0;4389;0;0;126;0;122;0;
11785;4652385;1207803904;13910016;1393459200;0;0;0;0;0;0;0;0;0;0;0;3888;0;0;126;0;122;0;
11786;9093564;1207803904;13910016;1393459200;0;0;0;0;0;0;0;0;0;0;0;2875;0;0;126;0;122;0;
11787;5548455;1207803904;13910016;1393459200;0;0;0;0;0;0;0;0;0;0;0;3506;0;0;126;0;122;0;
11788;5621683;1207803904;13910016;1393459200;0;0;0;0;0;0;0;0;0;0;0;2284;0;0;126;0;122;0;
11789;4601870;1207803904;13910016;1393459200;0;0;0;0;0;0;0;0;0;0;0;3677;0;0;126;0;122;0;
11790;6657235;1207803904;13910016;1393459200;0;0;0;0;0;0;0;0;0;0;0;2254;0;0;126;0;122;0;
11791;2796815;1207803904;13910016;1393459200;0;0;0;0;0;0;0;0;0;0;0;3356;0;0;126;0;122;0;
11792;7181719;1207803904;13910016;1393459200;0;0;0;0;0;0;0;0;0;0;0;2515;0;0;126;0;122;0;
11793;3467953;1207803904;13910016;1393459200;0;0;0;0;0;0;0;0;0;0;0;3247;0;0;126;0;122;0;
11794;6357492;1207803904;13910016;1393459200;0;0;0;0;0;0;0;0;0;0;0;3817;0;0;126;0;122;0;
11795;2585259;1207803904;13910016;1393459200;0;0;0;0;0;0;0;0;0;0;0;2785;0;0;126;0;122;0;
11796;6242347;1207803904;13910016;1393459200;0;0;0;0;0;0;0;0;0;0;0;2094;0;0;126;0;122;0;
11797;3762225;1207803904;13910016;1393459200;0;0;0;0;0;0;0;0;0;0;0;2755;0;0;126;0;122;0;
11798;6243899;1207803904;13910016;1393459200;0;0;0;0;0;0;0;0;0;0;0;1924;0;0;126;0;122;0;
11799;2999646;1207803904;13910016;1393459200;0;0;0;0;0;0;0;0;0;0;0;3287;0;0;126;0;122;0;
11800;4992633;1207803904;13910016;1393459200;0;0;0;0;0;0;0;0;0;0;0;1773;0;0;126;0;122;0;
11801;4697389;1207803904;13910016;1393459200;0;0;0;0;0;0;0;0;0;0;0;2795;0;0;126;0;122;0;
11802;7109072;1211785216;21688320;1401237504;0;0;0;0;0;0;0;0;0;0;0;3056;0;0;126;0;122;0;
11803;4665540;1213882368;21688320;1401237504;0;0;0;0;0;0;0;0;0;0;0;3076;0;0;126;0;122;0;
11804;5718324;1213882368;21688320;1401237504;0;0;0;0;0;0;0;0;0;0;0;2074;0;0;126;0;122;0;
11805;3977750;1213882368;21688320;1401237504;0;0;0;0;0;0;0;0;0;0;0;3026;0;0;126;0;122;0;
11806;6850808;1213882368;21688320;1401237504;0;0;0;0;0;0;0;0;0;0;0;1763;0;0;126;0;122;0;
11807;3277997;1213882368;21688320;1401237504;0;0;0;0;0;0;0;0;0;0;0;2996;0;0;126;0;122;0;
11808;5872714;1213882368;21688320;1401237504;0;0;0;0;0;0;0;0;0;0;0;2024;0;0;126;0;122;0;
11809;3962301;1207599104;14360576;1393909760;0;0;0;0;0;0;0;0;0;0;0;2935;0;0;126;0;122;0;
11810;4982423;1207599104;14360576;1393909760;0;0;0;0;0;0;0;0;0;0;0;2444;0;0;126;0;122;0;
11811;5267108;1207599104;14360576;1393909760;0;0;0;0;0;0;0;0;0;0;0;2845;0;0;126;0;122;0;
11812;5943056;1207599104;14360576;1393909760;0;0;0;0;0;0;0;0;0;0;0;3035;0;0;126;0;122;0;
11813;4067087;1207599104;14360576;1393909760;0;0;0;0;0;0;0;0;0;0;0;2575;0;0;126;0;122;0;
11814;5579654;1207599104;14360576;1393909760;0;0;0;0;0;0;0;0;0;0;0;2655;0;0;126;0;122;0;
11815;3843067;1207599104;14360576;1393909760;0;0;0;0;0;0;0;0;0;0;0;3186;0;0;126;0;122;0;
11816;5520293;1207599104;14360576;1393909760;0;0;0;0;0;0;0;0;0;0;0;2585;0;0;126;0;122;0;
11817;4161524;1207599104;14360576;1393909760;0;0;0;0;0;0;0;0;0;0;0;2956;0;0;126;0;122;0;
11818;4554441;1207599104;14360576;1393909760;0;0;0;0;0;0;0;0;0;0;0;1703;0;0;126;0;122;0;
11819;5599321;1207599104;14360576;1393909760;0;0;0;0;0;0;0;0;0;0;0;3246;0;0;126;0;122;0;
11820;6062259;1207599104;14360576;1393909760;0;0;0;0;0;0;0;0;0;0;0;2204;0;0;126;0;122;0;
11821;3977780;1207599104;14360576;1393909760;0;0;0;0;0;0;0;0;0;0;0;3065;0;0;126;0;122;0;
11822;5728804;1207599104;14360576;1393909760;0;0;0;0;0;0;0;0;0;0;0;1944;0;0;126;0;122;0;
11823;3935701;1207599104;14360576;1393909760;0;0;0;0;0;0;0;0;0;0;0;3597;0;0;126;0;122;0;
11824;6271792;1209696256;21688320;1401237504;0;0;0;0;0;0;0;0;0;0;0;2705;0;0;126;0;122;0;
11825;3840633;1211793408;21688320;1401237504;0;0;0;0;0;0;0;0;0;0;0;3837;0;0;126;0;122;0;
11826;5685693;1213890560;21688320;1401237504;0;0;0;0;0;0;0;0;0;0;0;3076;0;0;126;0;122;0;
11827;4038013;1213890560;21688320;1401237504;0;0;0;0;0;0;0;0;0;0;0;3106;0;0;126;0;122;0;
11828;4944433;1213890560;21688320;1401237504;0;0;0;0;0;0;0;0;0;0;0;2114;0;0;126;0;122;0;
11829;4475553;1213890560;21688320;1401237504;0;0;0;0;0;0;0;0;0;0;0;2425;0;0;126;0;122;0;
11830;5896509;1213890560;21688320;1401237504;0;0;0;0;0;0;0;0;0;0;0;2164;0;0;126;0;122;0;
11831;4789953;1207803904;13910016;1393459200;0;0;0;0;0;0;0;0;0;0;0;3456;0;0;126;0;122;0;
11832;7320720;1207803904;13910016;1393459200;0;0;0;0;0;0;0;0;0;0;0;3126;0;0;126;0;122;0;
11833;4592563;1207803904;13910016;1393459200;0;0;0;0;0;0;0;0;0;0;0;3717;0;0;126;0;122;0;
11834;7160669;1207803904;13910016;1393459200;0;0;0;0;0;0;0;0;0;0;0;3987;0;0;126;0;122;0;
11835;3500495;1207803904;13910016;1393459200;0;0;0;0;0;0;0;0;0;0;0;2615;0;0;126;0;122;0;
11836;5127707;1207803904;13910016;1393459200;0;0;0;0;0;0;0;0;0;0;0;2325;0;0;126;0;122;0;
11837;4612170;1207803904;13910016;1393459200;0;0;0;0;0;0;0;0;0;0;0;2776;0;0;126;0;122;0;
11838;4905830;1207803904;13910016;1393459200;0;0;0;0;0;0;0;0;0;0;0;1523;0;0;126;0;122;0;
11839;4667814;1207803904;13910016;1393459200;0;0;0;0;0;0;0;0;0;0;0;4098;0;0;126;0;122;0;
11840;5888543;1207803904;13910016;1393459200;0;0;0;0;0;0;0;0;0;0;0;2975;0;0;126;0;122;0;
11841;4304393;1207803904;13910016;1393459200;0;0;0;0;0;0;0;0;0;0;0;3497;0;0;126;0;122;0;
11842;4229843;1207803904;13910016;1393459200;0;0;0;0;0;0;0;0;0;0;0;1823;0;0;126;0;122;0;
11843;4844335;1207803904;13910016;1393459200;0;0;0;0;0;0;0;0;0;0;0;3277;0;0;126;0;122;0;
11844;6792619;1207803904;13910016;1393459200;0;0;0;0;0;0;0;0;0;0;0;2345;0;0;126;0;122;0;
11845;4074952;1207803904;13910016;1393459200;0;0;0;0;0;0;0;0;0;0;0;2965;0;0;126;0;122;0;
11846;5193350;1207803904;13910016;1393459200;0;0;0;0;0;0;0;0;0;0;0;2304;0;0;126;0;122;0;
11847;4053953;1207803904;13910016;1393459200;0;0;0;0;0;0;0;0;0;0;0;3016;0;0;126;0;122;0;
11848;6232779;1211785216;21688320;1401237504;0;0;0;0;0;0;0;0;0;0;0;3026;0;0;126;0;122;0;
11849;3619778;1213882368;21688320;1401237504;0;0;0;0;0;0;0;0;0;0;0;3487;0;0;126;0;122;0;
11850;4415401;1213882368;21688320;1401237504;0;0;0;0;0;0;0;0;0;0;0;1884;0;0;126;0;122;0;
11851;5137013;1213882368;21688320;1401237504;0;0;0;0;0;0;0;0;0;0;0;3597;0;0;126;0;122;0;
11852;6243699;1213882368;21688320;1401237504;0;0;0;0;0;0;0;0;0;0;0;3186;0;0;126;0;122;0;
11853;3735957;1213882368;21688320;1401237504;0;0;0;0;0;0;0;0;0;0;0;3407;0;0;126;0;122;0;
11854;5172791;1213882368;21688320;1401237504;0;0;0;0;0;0;0;0;0;0;0;2985;0;0;126;0;122;0;
11855;2921900;1207623680;14360576;1393909760;0;0;0;0;0;0;0;0;0;0;0;3476;0;0;126;0;122;0;
11856;5038889;1207623680;14360576;1393909760;0;0;0;0;0;0;0;0;0;0;0;2244;0;0;126;0;122;0;
11857;3084655;1207623680;14360576;1393909760;0;0;0;0;0;0;0;0;0;0;0;2745;0;0;126;0;122;0;
11858;5529971;1207623680;14360576;1393909760;0;0;0;0;0;0;0;0;0;0;0;1613;0;0;126;0;122;0;
11859;2889810;1207623680;14360576;1393909760;0;0;0;0;0;0;0;0;0;0;0;3496;0;0;126;0;122;0;
11860;4716165;1207623680;14360576;1393909760;0;0;0;0;0;0;0;0;0;0;0;1783;0;0;126;0;122;0;
11861;3592648;1207623680;14360576;1393909760;0;0;0;0;0;0;0;0;0;0;0;3096;0;0;126;0;122;0;
11862;5785660;1207623680;14360576;1393909760;0;0;0;0;0;0;0;0;0;0;0;1823;0;0;126;0;122;0;
11863;3168101;1207623680;14360576;1393909760;0;0;0;0;0;0;0;0;0;0;0;2505;0;0;126;0;122;0;
11864;4981993;1207623680;14360576;1393909760;0;0;0;0;0;0;0;0;0;0;0;1683;0;0;126;0;122;0;
11865;4132540;1207623680;14360576;1393909760;0;0;0;0;0;0;0;0;0;0;0;2735;0;0;126;0;122;0;
11866;5966309;1207623680;14364672;1393913856;0;0;0;0;0;0;0;0;0;0;0;3096;0;0;126;0;122;0;
11867;4202131;1207623680;14368768;1393917952;0;0;0;0;0;0;0;0;0;0;0;3256;0;0;126;0;122;0;
11868;5491078;1207623680;14368768;1393917952;0;0;0;0;0;0;0;0;0;0;0;2394;0;0;126;0;122;0;
11869;3296592;1207623680;14368768;1393917952;0;0;0;0;0;0;0;0;0;0;0;3416;0;0;126;0;122;0;
11870;4894819;1209720832;21696512;1401245696;0;0;0;0;0;0;0;0;0;0;0;2435;0;0;126;0;122;0;
11871;4834136;1211817984;21696512;1401245696;0;0;0;0;0;0;0;0;0;0;0;4248;0;0;126;0;122;0;
11872;5055892;1213915136;21696512;1401245696;0;0;0;0;0;0;0;0;0;0;0;2245;0;0;126;0;122;0;
11873;4819208;1214001152;21688320;1401237504;0;0;0;0;0;0;0;0;0;0;0;2955;0;0;126;0;122;0;
11874;5135080;1214001152;21688320;1401237504;0;0;0;0;0;0;0;0;0;0;0;1864;0;0;126;0;122;0;
11875;3475818;1214001152;21688320;1401237504;0;0;0;0;0;0;0;0;0;0;0;31519;0;0;126;0;122;0;
11876;5233966;1214001152;21688320;1401237504;0;0;0;0;0;0;0;0;0;0;0;2114;0;0;126;0;122;0;
11877;3112617;1207803904;13910016;1393459200;0;0;0;0;0;0;0;0;0;0;0;3186;0;0;126;0;122;0;
11878;5355434;1207803904;13910016;1393459200;0;0;0;0;0;0;0;0;0;0;0;2996;0;0;126;0;122;0;
11879;3184612;1207803904;13910016;1393459200;0;0;0;0;0;0;0;0;0;0;0;3026;0;0;126;0;122;0;
11880;5778817;1207803904;13910016;1393459200;0;0;0;0;0;0;0;0;0;0;0;2876;0;0;126;0;122;0;
11881;2784592;1207803904;13910016;1393459200;0;0;0;0;0;0;0;0;0;0;0;3787;0;0;126;0;122;0;
11882;6205367;1207803904;13910016;1393459200;0;0;0;0;0;0;0;0;0;0;0;2465;0;0;126;0;122;0;
11883;4405773;1207803904;13910016;1393459200;0;0;0;0;0;0;0;0;0;0;0;3276;0;0;126;0;122;0;
11884;5713595;1207803904;13910016;1393459200;0;0;0;0;0;0;0;0;0;0;0;2775;0;0;126;0;122;0;
11885;4637116;1207803904;13910016;1393459200;0;0;0;0;0;0;0;0;0;0;0;4449;0;0;126;0;122;0;
11886;4409961;1207803904;13910016;1393459200;0;0;0;0;0;0;0;0;0;0;0;2194;0;0;126;0;122;0;
11887;4317998;1207803904;13910016;1393459200;0;0;0;0;0;0;0;0;0;0;0;3026;0;0;126;0;122;0;
11888;5078424;1207803904;13910016;1393459200;0;0;0;0;0;0;0;0;0;0;0;2294;0;0;126;0;122;0;
11889;4706576;1207803904;13910016;1393459200;0;0;0;0;0;0;0;0;0;0;0;2655;0;0;126;0;122;0;
11890;6022745;1207803904;13910016;1393459200;0;0;0;0;0;0;0;0;0;0;0;1854;0;0;126;0;122;0;
11891;3122887;1207803904;13910016;1393459200;0;0;0;0;0;0;0;0;0;0;0;3156;0;0;126;0;122;0;
11892;5503011;1207803904;13910016;1393459200;0;0;0;0;0;0;0;0;0;0;0;2735;0;0;126;0;122;0;
11893;3009334;1207803904;13910016;1393459200;0;0;0;0;0;0;0;0;0;0;0;4178;0;0;126;0;122;0;
11894;6546026;1211785216;21688320;1401237504;0;0;0;0;0;0;0;0;0;0;0;3336;0;0;126;0;122;0;
11895;4156926;1213882368;21688320;1401237504;0;0;0;0;0;0;0;0;0;0;0;33984;0;0;126;0;122;0;
11896;5738682;1213882368;21688320;1401237504;0;0;0;0;0;0;0;0;0;0;0;2866;0;0;126;0;122;0;
11897;4981632;1213882368;21688320;1401237504;0;0;0;0;0;0;0;0;0;0;0;3737;0;0;126;0;122;0;
11898;4871947;1213882368;21688320;1401237504;0;0;0;0;0;0;0;0;0;0;0;2525;0;0;126;0;122;0;
11899;3563583;1213882368;21688320;1401237504;0;0;0;0;0;0;0;0;0;0;0;3497;0;0;126;0;122;0;
11900;5944288;1213882368;21688320;1401237504;0;0;0;0;0;0;0;0;0;0;0;2665;0;0;126;0;122;0;
11901;4765507;1207648256;14360576;1393909760;0;0;0;0;0;0;0;0;0;0;0;3056;0;0;126;0;122;0;
11902;4817124;1207648256;14360576;1393909760;0;0;0;0;0;0;0;0;0;0;0;1943;0;0;126;0;122;0;
11903;4186701;1207648256;14360576;1393909760;0;0;0;0;0;0;0;0;0;0;0;3767;0;0;126;0;122;0;
11904;5926605;1207648256;14360576;1393909760;0;0;0;0;0;0;0;0;0;0;0;2915;0;0;126;0;122;0;
11905;4667563;1207648256;14360576;1393909760;0;0;0;0;0;0;0;0;0;0;0;3165;0;0;126;0;122;0;
11906;5896999;1207648256;14360576;1393909760;0;0;0;0;0;0;0;0;0;0;0;2164;0;0;126;0;122;0;
11907;4902043;1207648256;14360576;1393909760;0;0;0;0;0;0;0;0;0;0;0;3556;0;0;126;0;122;0;
11908;5224078;1207648256;14360576;1393909760;0;0;0;0;0;0;0;0;0;0;0;2344;0;0;126;0;122;0;
11909;5047966;1207648256;14360576;1393909760;0;0;0;0;0;0;0;0;0;0;0;4198;0;0;126;0;122;0;
11910;5450161;1207648256;14360576;1393909760;0;0;0;0;0;0;0;0;0;0;0;1964;0;0;126;0;122;0;
11911;3517727;1207648256;14360576;1393909760;0;0;0;0;0;0;0;0;0;0;0;2986;0;0;126;0;122;0;
11912;6143291;1207648256;14360576;1393909760;0;0;0;0;0;0;0;0;0;0;0;1864;0;0;126;0;122;0;
11913;3285211;1207648256;14360576;1393909760;0;0;0;0;0;0;0;0;0;0;0;3336;0;0;126;0;122;0;
11914;5776653;1207648256;14360576;1393909760;0;0;0;0;0;0;0;0;0;0;0;1894;0;0;126;0;122;0;
11915;3664062;1207648256;14360576;1393909760;0;0;0;0;0;0;0;0;0;0;0;3116;0;0;126;0;122;0;
11916;6485192;1209745408;21688320;1401237504;0;0;0;0;0;0;0;0;0;0;0;2866;0;0;126;0;122;0;
11917;4205768;1211842560;21688320;1401237504;0;0;0;0;0;0;0;0;0;0;0;3637;0;0;126;0;122;0;
11918;6082377;1213939712;21688320;1401237504;0;0;0;0;0;0;0;0;0;0;0;3366;0;0;126;0;122;0;
11919;4054904;1213939712;21688320;1401237504;0;0;0;0;0;0;0;0;0;0;0;2655;0;0;126;0;122;0;
11920;4691218;1213939712;21688320;1401237504;0;0;0;0;0;0;0;0;0;0;0;2765;0;0;126;0;122;0;
11921;4635413;1213939712;21688320;1401237504;0;0;0;0;0;0;0;0;0;0;0;3146;0;0;126;0;122;0;
11922;5549006;1213939712;21688320;1401237504;0;0;0;0;0;0;0;0;0;0;0;3076;0;0;126;0;122;0;
11923;3984081;1207803904;13910016;1393459200;0;0;0;0;0;0;0;0;0;0;0;3256;0;0;126;0;122;0;
11924;5528548;1207803904;13910016;1393459200;0;0;0;0;0;0;0;0;0;0;0;2916;0;0;126;0;122;0;
11925;5380992;1207803904;13910016;1393459200;0;0;0;0;0;0;0;0;0;0;0;3426;0;0;126;0;122;0;
11926;4751541;1207803904;13910016;1393459200;0;0;0;0;0;0;0;0;0;0;0;1482;0;0;126;0;122;0;
11927;5260385;1207803904;13910016;1393459200;0;0;0;0;0;0;0;0;0;0;0;3366;0;0;126;0;122;0;
11928;5950770;1207803904;13910016;1393459200;0;0;0;0;0;0;0;0;0;0;0;2224;0;0;126;0;122;0;
11929;3121544;1207803904;13910016;1393459200;0;0;0;0;0;0;0;0;0;0;0;3035;0;0;126;0;122;0;
11930;5125893;1207803904;13910016;1393459200;0;0;0;0;0;0;0;0;0;0;0;1893;0;0;126;0;122;0;
11931;3986786;1207803904;13910016;1393459200;0;0;0;0;0;0;0;0;0;0;0;3857;0;0;126;0;122;0;
11932;5316952;1207803904;13910016;1393459200;0;0;0;0;0;0;0;0;0;0;0;1974;0;0;126;0;122;0;
11933;3774088;1207803904;13910016;1393459200;0;0;0;0;0;0;0;0;0;0;0;3086;0;0;126;0;122;0;
11934;5778076;1207803904;13910016;1393459200;0;0;0;0;0;0;0;0;0;0;0;2093;0;0;126;0;122;0;
11935;3666345;1207803904;13910016;1393459200;0;0;0;0;0;0;0;0;0;0;0;3055;0;0;126;0;122;0;
11936;4890441;1207803904;13910016;1393459200;0;0;0;0;0;0;0;0;0;0;0;1903;0;0;126;0;122;0;
11937;4035258;1207803904;13910016;1393459200;0;0;0;0;0;0;0;0;0;0;0;3086;0;0;126;0;122;0;
11938;4813407;1207803904;13910016;1393459200;0;0;0;0;0;0;0;0;0;0;0;1883;0;0;126;0;122;0;
11939;15856277;1207803904;13910016;1393459200;0;0;0;0;0;0;0;0;0;0;0;4709;0;0;126;0;122;0;
11940;6819780;1211785216;21688320;1401237504;0;0;0;0;0;0;0;0;0;0;0;2825;0;0;126;0;122;0;
11941;5881631;1213882368;21688320;1401237504;0;0;0;0;0;0;0;0;0;0;0;3998;0;0;126;0;122;0;
11942;4968057;1213882368;21688320;1401237504;0;0;0;0;0;0;0;0;0;0;0;2574;0;0;126;0;122;0;
11943;6651965;1213882368;21688320;1401237504;0;0;0;0;0;0;0;0;0;0;0;3186;0;0;126;0;122;0;
11944;4620986;1213882368;21688320;1401237504;0;0;0;0;0;0;0;0;0;0;0;2705;0;0;126;0;122;0;
11945;4262684;1213882368;21688320;1401237504;0;0;0;0;0;0;0;0;0;0;0;3407;0;0;126;0;122;0;
11946;4907323;1213882368;21688320;1401237504;0;0;0;0;0;0;0;0;0;0;0;2815;0;0;126;0;122;0;
11947;4634352;1207672832;14360576;1393909760;0;0;0;0;0;0;0;0;0;0;0;2806;0;0;126;0;122;0;
11948;6408489;1207672832;14360576;1393909760;0;0;0;0;0;0;0;0;0;0;0;2806;0;0;126;0;122;0;
11949;5647171;1207672832;14360576;1393909760;0;0;0;0;0;0;0;0;0;0;0;3066;0;0;126;0;122;0;
11950;5826387;1207672832;14360576;1393909760;0;0;0;0;0;0;0;0;0;0;0;2305;0;0;126;0;122;0;
11951;4528172;1207672832;14360576;1393909760;0;0;0;0;0;0;0;0;0;0;0;2615;0;0;126;0;122;0;
11952;5825675;1207672832;14360576;1393909760;0;0;0;0;0;0;0;0;0;0;0;1773;0;0;126;0;122;0;
11953;4984337;1207672832;14360576;1393909760;0;0;0;0;0;0;0;0;0;0;0;2986;0;0;126;0;122;0;
11954;5547574;1207672832;14360576;1393909760;0;0;0;0;0;0;0;0;0;0;0;1954;0;0;126;0;122;0;
11955;4351971;1207672832;14360576;1393909760;0;0;0;0;0;0;0;0;0;0;0;2805;0;0;126;0;122;0;
11956;6548992;1207672832;14360576;1393909760;0;0;0;0;0;0;0;0;0;0;0;2976;0;0;126;0;122;0;
11957;3743260;1207672832;14360576;1393909760;0;0;0;0;0;0;0;0;0;0;0;3196;0;0;126;0;122;0;
11958;6572386;1207672832;14360576;1393909760;0;0;0;0;0;0;0;0;0;0;0;2364;0;0;126;0;122;0;
11959;4191951;1207672832;14360576;1393909760;0;0;0;0;0;0;0;0;0;0;0;3156;0;0;126;0;122;0;
11960;5312373;1207672832;14360576;1393909760;0;0;0;0;0;0;0;0;0;0;0;2875;0;0;126;0;122;0;
11961;3478033;1207672832;14360576;1393909760;0;0;0;0;0;0;0;0;0;0;0;3296;0;0;126;0;122;0;
11962;6962708;1209769984;21688320;1401237504;0;0;0;0;0;0;0;0;0;0;0;2825;0;0;126;0;122;0;
11963;4204314;1211867136;21688320;1401237504;0;0;0;0;0;0;0;0;0;0;0;3145;0;0;126;0;122;0;
11964;5947284;1213964288;21688320;1401237504;0;0;0;0;0;0;0;0;0;0;0;33784;0;0;126;0;122;0;
11965;4564130;1213964288;21688320;1401237504;0;0;0;0;0;0;0;0;0;0;0;3797;0;0;126;0;122;0;
11966;5842517;1213964288;21688320;1401237504;0;0;0;0;0;0;0;0;0;0;0;2384;0;0;126;0;122;0;
11967;4426592;1213964288;21688320;1401237504;0;0;0;0;0;0;0;0;0;0;0;2916;0;0;126;0;122;0;
11968;6929495;1213964288;21688320;1401237504;0;0;0;0;0;0;0;0;0;0;0;3557;0;0;126;0;122;0;
11969;2724810;1207803904;13910016;1393459200;0;0;0;0;0;0;0;0;0;0;0;2545;0;0;126;0;122;0;
11970;5797132;1207803904;13910016;1393459200;0;0;0;0;0;0;0;0;0;0;0;2164;0;0;126;0;122;0;
11971;3763689;1207803904;13910016;1393459200;0;0;0;0;0;0;0;0;0;0;0;2795;0;0;126;0;122;0;
11972;6892396;1207803904;13910016;1393459200;0;0;0;0;0;0;0;0;0;0;0;2866;0;0;126;0;122;0;
11973;4945464;1207803904;13910016;1393459200;0;0;0;0;0;0;0;0;0;0;0;2946;0;0;126;0;122;0;
11974;5920593;1207803904;13910016;1393459200;0;0;0;0;0;0;0;0;0;0;0;2585;0;0;126;0;122;0;
11975;4189597;1207803904;13910016;1393459200;0;0;0;0;0;0;0;0;0;0;0;3357;0;0;126;0;122;0;
11976;7369661;1207803904;13910016;1393459200;0;0;0;0;0;0;0;0;0;0;0;2825;0;0;126;0;122;0;
11977;4768743;1207803904;13910016;1393459200;0;0;0;0;0;0;0;0;0;0;0;2925;0;0;126;0;122;0;
11978;6238108;1207803904;13910016;1393459200;0;0;0;0;0;0;0;0;0;0;0;2194;0;0;126;0;122;0;
11979;6294685;1207803904;13910016;1393459200;0;0;0;0;0;0;0;0;0;0;0;2544;0;0;126;0;122;0;
11980;4463862;1207803904;13910016;1393459200;0;0;0;0;0;0;0;0;0;0;0;1794;0;0;126;0;122;0;
11981;5783406;1207803904;13910016;1393459200;0;0;0;0;0;0;0;0;0;0;0;2524;0;0;126;0;122;0;
11982;6105510;1207803904;13910016;1393459200;0;0;0;0;0;0;0;0;0;0;0;2094;0;0;126;0;122;0;
11983;5391882;1207803904;13910016;1393459200;0;0;0;0;0;0;0;0;0;0;0;2444;0;0;126;0;122;0;
11984;6784103;1207803904;13910016;1393459200;0;0;0;0;0;0;0;0;0;0;0;3356;0;0;126;0;122;0;
11985;3147974;1207803904;13910016;1393459200;0;0;0;0;0;0;0;0;0;0;0;2645;0;0;126;0;122;0;
11986;7465420;1211785216;21688320;1401237504;0;0;0;0;0;0;0;0;0;0;0;3346;0;0;126;0;122;0;
11987;3825945;1213882368;21688320;1401237504;0;0;0;0;0;0;0;0;0;0;0;3607;0;0;126;0;122;0;
11988;7779510;1213882368;21688320;1401237504;0;0;0;0;0;0;0;0;0;0;0;2815;0;0;126;0;122;0;
11989;4102884;1213882368;21688320;1401237504;0;0;0;0;0;0;0;0;0;0;0;2785;0;0;126;0;122;0;
11990;7618197;1213882368;21688320;1401237504;0;0;0;0;0;0;0;0;0;0;0;3346;0;0;126;0;122;0;
11991;3866532;1213882368;21688320;1401237504;0;0;0;0;0;0;0;0;0;0;0;3035;0;0;126;0;122;0;
11992;7445443;1213882368;21688320;1401237504;0;0;0;0;0;0;0;0;0;0;0;2394;0;0;126;0;122;0;
11993;3445562;1207697408;14360576;1393909760;0;0;0;0;0;0;0;0;0;0;0;2995;0;0;126;0;122;0;
11994;7089024;1207697408;14360576;1393909760;0;0;0;0;0;0;0;0;0;0;0;3216;0;0;126;0;122;0;
11995;3047806;1207697408;14360576;1393909760;0;0;0;0;0;0;0;0;0;0;0;2946;0;0;126;0;122;0;
11996;7657240;1207697408;14360576;1393909760;0;0;0;0;0;0;0;0;0;0;0;3116;0;0;126;0;122;0;
11997;5584082;1207697408;14360576;1393909760;0;0;0;0;0;0;0;0;0;0;0;3016;0;0;126;0;122;0;
11998;6738518;1207697408;14360576;1393909760;0;0;0;0;0;0;0;0;0;0;0;2835;0;0;126;0;122;0;
11999;4068489;1207697408;14360576;1393909760;0;0;0;0;0;0;0;0;0;0;0;2705;0;0;126;0;122;0;
12000;6589077;1207697408;14360576;1393909760;0;0;0;0;0;0;0;0;0;0;0;3206;0;0;126;0;122;0;
12001;5165888;1207697408;14360576;1393909760;0;0;0;0;0;0;0;0;0;0;0;3366;0;0;126;0;122;0;
12002;5242191;1207697408;14360576;1393909760;0;0;0;0;0;0;0;0;0;0;0;2995;0;0;126;0;122;0;
12003;5611925;1207697408;14360576;1393909760;0;0;0;0;0;0;0;0;0;0;0;2645;0;0;126;0;122;0;
12004;7253583;1207697408;14360576;1393909760;0;0;0;0;0;0;0;0;0;0;0;2645;0;0;126;0;122;0;
12005;4477137;1207697408;14360576;1393909760;0;0;0;0;0;0;0;0;0;0;0;3486;0;0;126;0;122;0;
12006;6054325;1207697408;14360576;1393909760;0;0;0;0;0;0;0;0;0;0;0;2124;0;0;126;0;122;0;
12007;4586822;1207697408;14360576;1393909760;0;0;0;0;0;0;0;0;0;0;0;2345;0;0;126;0;122;0;
12008;6537771;1209794560;21688320;1401237504;0;0;0;0;0;0;0;0;0;0;0;3066;0;0;126;0;122;0;
12009;3494794;1211891712;21688320;1401237504;0;0;0;0;0;0;0;0;0;0;0;2635;0;0;126;0;122;0;
12010;5929139;1213988864;21688320;1401237504;0;0;0;0;0;0;0;0;0;0;0;1583;0;0;126;0;122;0;
12011;4449654;1213988864;21688320;1401237504;0;0;0;0;0;0;0;0;0;0;0;2956;0;0;126;0;122;0;
12012;6943342;1213988864;21688320;1401237504;0;0;0;0;0;0;0;0;0;0;0;2274;0;0;126;0;122;0;
12013;4601950;1213988864;21688320;1401237504;0;0;0;0;0;0;0;0;0;0;0;4208;0;0;126;0;122;0;
12014;8857021;1213988864;21688320;1401237504;0;0;0;0;0;0;0;0;0;0;0;3416;0;0;126;0;122;0;
12015;5136623;1207803904;13910016;1393459200;0;0;0;0;0;0;0;0;0;0;0;3527;0;0;126;0;122;0;
12016;7534329;1207803904;13910016;1393459200;0;0;0;0;0;0;0;0;0;0;0;2204;0;0;126;0;122;0;
12017;4015932;1207803904;13910016;1393459200;0;0;0;0;0;0;0;0;0;0;0;3186;0;0;126;0;122;0;
12018;6253969;1207803904;13910016;1393459200;0;0;0;0;0;0;0;0;0;0;0;3987;0;0;126;0;122;0;
12019;3345083;1207803904;13910016;1393459200;0;0;0;0;0;0;0;0;0;0;0;2996;0;0;126;0;122;0;
12020;6557849;1207803904;13910016;1393459200;0;0;0;0;0;0;0;0;0;0;0;2745;0;0;126;0;122;0;
12021;3981987;1207803904;13910016;1393459200;0;0;0;0;0;0;0;0;0;0;0;3998;0;0;126;0;122;0;
12022;6176403;1207803904;13910016;1393459200;0;0;0;0;0;0;0;0;0;0;0;2515;0;0;126;0;122;0;
12023;3986476;1207803904;13910016;1393459200;0;0;0;0;0;0;0;0;0;0;0;3527;0;0;126;0;122;0;
12024;6748817;1207803904;13910016;1393459200;0;0;0;0;0;0;0;0;0;0;0;3206;0;0;126;0;122;0;
12025;3660264;1207803904;13910016;1393459200;0;0;0;0;0;0;0;0;0;0;0;3337;0;0;126;0;122;0;
12026;6656764;1207803904;13910016;1393459200;0;0;0;0;0;0;0;0;0;0;0;2254;0;0;126;0;122;0;
12027;3756545;1207803904;13910016;1393459200;0;0;0;0;0;0;0;0;0;0;0;3267;0;0;126;0;122;0;
12028;7204411;1207803904;13910016;1393459200;0;0;0;0;0;0;0;0;0;0;0;2776;0;0;126;0;122;0;
12029;2941556;1207803904;13910016;1393459200;0;0;0;0;0;0;0;0;0;0;0;2755;0;0;126;0;122;0;
12030;6659018;1207803904;13910016;1393459200;0;0;0;0;0;0;0;0;0;0;0;2885;0;0;126;0;122;0;
12031;4393579;1207803904;13910016;1393459200;0;0;0;0;0;0;0;0;0;0;0;2705;0;0;126;0;122;0;
12032;9238646;1211785216;21688320;1401237504;0;0;0;0;0;0;0;0;0;0;0;2825;0;0;126;0;122;0;
12033;5817851;1213882368;21688320;1401237504;0;0;0;0;0;0;0;0;0;0;0;2996;0;0;126;0;122;0;
12034;7252862;1213882368;21688320;1401237504;0;0;0;0;0;0;0;0;0;0;0;3487;0;0;126;0;122;0;
12035;3021136;1213882368;21688320;1401237504;0;0;0;0;0;0;0;0;0;0;0;2805;0;0;126;0;122;0;
12036;6898206;1213882368;21688320;1401237504;0;0;0;0;0;0;0;0;0;0;0;3186;0;0;126;0;122;0;
12037;4162416;1213882368;21688320;1401237504;0;0;0;0;0;0;0;0;0;0;0;2865;0;0;126;0;122;0;
12038;6277793;1213882368;21688320;1401237504;0;0;0;0;0;0;0;0;0;0;0;2946;0;0;126;0;122;0;
12039;3520762;1207721984;14360576;1393909760;0;0;0;0;0;0;0;0;0;0;0;4007;0;0;126;0;122;0;
12040;7095357;1207721984;14360576;1393909760;0;0;0;0;0;0;0;0;0;0;0;3497;0;0;126;0;122;0;
12041;3723964;1207721984;14360576;1393909760;0;0;0;0;0;0;0;0;0;0;0;2965;0;0;126;0;122;0;
12042;6169380;1207721984;14360576;1393909760;0;0;0;0;0;0;0;0;0;0;0;3296;0;0;126;0;122;0;
12043;5314556;1207721984;14360576;1393909760;0;0;0;0;0;0;0;0;0;0;0;2995;0;0;126;0;122;0;
12044;6235364;1207721984;14360576;1393909760;0;0;0;0;0;0;0;0;0;0;0;3036;0;0;126;0;122;0;
12045;4210647;1207721984;14360576;1393909760;0;0;0;0;0;0;0;0;0;0;0;3506;0;0;126;0;122;0;
12046;6748446;1207721984;14360576;1393909760;0;0;0;0;0;0;0;0;0;0;0;3586;0;0;126;0;122;0;
12047;3856062;1207721984;14360576;1393909760;0;0;0;0;0;0;0;0;0;0;0;3436;0;0;126;0;122;0;
12048;5931244;1207721984;14360576;1393909760;0;0;0;0;0;0;0;0;0;0;0;2385;0;0;126;0;122;0;
12049;3764039;1207721984;14360576;1393909760;0;0;0;0;0;0;0;0;0;0;0;2835;0;0;126;0;122;0;
12050;5443989;1207721984;14360576;1393909760;0;0;0;0;0;0;0;0;0;0;0;3106;0;0;126;0;122;0;
12051;5047356;1207721984;14360576;1393909760;0;0;0;0;0;0;0;0;0;0;0;3246;0;0;126;0;122;0;
12052;5222965;1207721984;14360576;1393909760;0;0;0;0;0;0;0;0;0;0;0;2374;0;0;126;0;122;0;
12053;4180750;1207721984;14360576;1393909760;0;0;0;0;0;0;0;0;0;0;0;3076;0;0;126;0;122;0;
12054;4832343;1209819136;21688320;1401237504;0;0;0;0;0;0;0;0;0;0;0;1543;0;0;126;0;122;0;
12055;3664863;1211916288;21688320;1401237504;0;0;0;0;0;0;0;0;0;0;0;3446;0;0;126;0;122;0;
12056;5878956;1214013440;21688320;1401237504;0;0;0;0;0;0;0;0;0;0;0;1683;0;0;126;0;122;0;
12057;3338801;1214013440;21688320;1401237504;0;0;0;0;0;0;0;0;0;0;0;2545;0;0;126;0;122;0;
12058;4582894;1214013440;21688320;1401237504;0;0;0;0;0;0;0;0;0;0;0;1784;0;0;126;0;122;0;
12059;3951330;1214013440;21688320;1401237504;0;0;0;0;0;0;0;0;0;0;0;3096;0;0;126;0;122;0;
12060;5687276;1214013440;21688320;1401237504;0;0;0;0;0;0;0;0;0;0;0;2965;0;0;126;0;122;0;
12061;3789116;1207803904;13910016;1393459200;0;0;0;0;0;0;0;0;0;0;0;2785;0;0;126;0;122;0;
12062;6094800;1207803904;13910016;1393459200;0;0;0;0;0;0;0;0;0;0;0;2965;0;0;126;0;122;0;
12063;3236550;1207803904;13910016;1393459200;0;0;0;0;0;0;0;0;0;0;0;3246;0;0;126;0;122;0;
12064;5300971;1207803904;13910016;1393459200;0;0;0;0;0;0;0;0;0;0;0;2244;0;0;126;0;122;0;
12065;4362802;1207803904;13910016;1393459200;0;0;0;0;0;0;0;0;0;0;0;3186;0;0;126;0;122;0;
12066;6362242;1207803904;13910016;1393459200;0;0;0;0;0;0;0;0;0;0;0;2054;0;0;126;0;122;0;
12067;4425239;1207803904;13910016;1393459200;0;0;0;0;0;0;0;0;0;0;0;3115;0;0;126;0;122;0;
12068;4724511;1207803904;13910016;1393459200;0;0;0;0;0;0;0;0;0;0;0;1913;0;0;126;0;122;0;
12069;5263712;1207803904;13910016;1393459200;0;0;0;0;0;0;0;0;0;0;0;3577;0;0;126;0;122;0;
12070;5302745;1207803904;13910016;1393459200;0;0;0;0;0;0;0;0;0;0;0;2094;0;0;126;0;122;0;
12071;5522476;1207803904;13910016;1393459200;0;0;0;0;0;0;0;0;0;0;0;2775;0;0;126;0;122;0;
12072;6069693;1207803904;13910016;1393459200;0;0;0;0;0;0;0;0;0;0;0;1844;0;0;126;0;122;0;
12073;4140425;1207803904;13910016;1393459200;0;0;0;0;0;0;0;0;0;0;0;2625;0;0;126;0;122;0;
12074;6115299;1207803904;13910016;1393459200;0;0;0;0;0;0;0;0;0;0;0;1994;0;0;126;0;122;0;
12075;3184332;1207803904;13910016;1393459200;0;0;0;0;0;0;0;0;0;0;0;2484;0;0;126;0;122;0;
12076;6858803;1207803904;13910016;1393459200;0;0;0;0;0;0;0;0;0;0;0;3086;0;0;126;0;122;0;
12077;3974354;1207803904;13910016;1393459200;0;0;0;0;0;0;0;0;0;0;0;2825;0;0;126;0;122;0;
12078;6981613;1211785216;21688320;1401237504;0;0;0;0;0;0;0;0;0;0;0;2675;0;0;126;0;122;0;
12079;5185195;1213882368;21688320;1401237504;0;0;0;0;0;0;0;0;0;0;0;3627;0;0;126;0;122;0;
12080;6255672;1213882368;21688320;1401237504;0;0;0;0;0;0;0;0;0;0;0;2445;0;0;126;0;122;0;
12081;3457174;1213882368;21688320;1401237504;0;0;0;0;0;0;0;0;0;0;0;3717;0;0;126;0;122;0;
12082;6318029;1213882368;21688320;1401237504;0;0;0;0;0;0;0;0;0;0;0;1723;0;0;126;0;122;0;
12083;4316575;1213882368;21688320;1401237504;0;0;0;0;0;0;0;0;0;0;0;45375;0;0;126;0;122;0;
12084;5459398;1213882368;21688320;1401237504;0;0;0;0;0;0;0;0;0;0;0;1964;0;0;126;0;122;0;
12085;4120107;1207746560;14360576;1393909760;0;0;0;0;0;0;0;0;0;0;0;2455;0;0;126;0;122;0;
12086;5527136;1207746560;14360576;1393909760;0;0;0;0;0;0;0;0;0;0;0;1744;0;0;126;0;122;0;
12087;3278348;1207746560;14360576;1393909760;0;0;0;0;0;0;0;0;0;0;0;2926;0;0;126;0;122;0;
12088;5378357;1207746560;14360576;1393909760;0;0;0;0;0;0;0;0;0;0;0;2826;0;0;126;0;122;0;
12089;5123348;1207746560;14360576;1393909760;0;0;0;0;0;0;0;0;0;0;0;2655;0;0;126;0;122;0;
12090;6060837;1207746560;14360576;1393909760;0;0;0;0;0;0;0;0;0;0;0;3396;0;0;126;0;122;0;
12091;2850325;1207746560;14360576;1393909760;0;0;0;0;0;0;0;0;0;0;0;2494;0;0;126;0;122;0;
12092;6109718;1207746560;14360576;1393909760;0;0;0;0;0;0;0;0;0;0;0;2444;0;0;126;0;122;0;
12093;3553374;1207746560;14360576;1393909760;0;0;0;0;0;0;0;0;0;0;0;3035;0;0;126;0;122;0;
12094;6103146;1207746560;14360576;1393909760;0;0;0;0;0;0;0;0;0;0;0;2124;0;0;126;0;122;0;
12095;3871471;1207746560;14360576;1393909760;0;0;0;0;0;0;0;0;0;0;0;2835;0;0;126;0;122;0;
12096;6911592;1207746560;14360576;1393909760;0;0;0;0;0;0;0;0;0;0;0;2415;0;0;126;0;122;0;
12097;4700926;1207746560;14360576;1393909760;0;0;0;0;0;0;0;0;0;0;0;3817;0;0;126;0;122;0;
12098;6220887;1207746560;14360576;1393909760;0;0;0;0;0;0;0;0;0;0;0;3226;0;0;126;0;122;0;
12099;4576653;1207746560;14360576;1393909760;0;0;0;0;0;0;0;0;0;0;0;3626;0;0;126;0;122;0;
12100;5210672;1209843712;21688320;1401237504;0;0;0;0;0;0;0;0;0;0;0;2725;0;0;126;0;122;0;
12101;4535626;1211940864;21688320;1401237504;0;0;0;0;0;0;0;0;0;0;0;2915;0;0;126;0;122;0;
12102;5656618;1214038016;21688320;1401237504;0;0;0;0;0;0;0;0;0;0;0;2074;0;0;126;0;122;0;
12103;4521489;1214038016;21688320;1401237504;0;0;0;0;0;0;0;0;0;0;0;2735;0;0;126;0;122;0;
12104;5312162;1214038016;21688320;1401237504;0;0;0;0;0;0;0;0;0;0;0;3467;0;0;126;0;122;0;
12105;3543336;1214038016;21688320;1401237504;0;0;0;0;0;0;0;0;0;0;0;3286;0;0;126;0;122;0;
12106;6251854;1214038016;21688320;1401237504;0;0;0;0;0;0;0;0;0;0;0;1984;0;0;126;0;122;0;
12107;3548444;1207803904;13910016;1393459200;0;0;0;0;0;0;0;0;0;0;0;3206;0;0;126;0;122;0;
12108;6761741;1207803904;13910016;1393459200;0;0;0;0;0;0;0;0;0;0;0;2735;0;0;126;0;122;0;
12109;3919842;1207803904;13910016;1393459200;0;0;0;0;0;0;0;0;0;0;0;2455;0;0;126;0;122;0;
12110;6734239;1207803904;13910016;1393459200;0;0;0;0;0;0;0;0;0;0;0;3146;0;0;126;0;122;0;
12111;5697245;1207803904;13910016;1393459200;0;0;0;0;0;0;0;0;0;0;0;3517;0;0;126;0;122;0;
12112;5647782;1207803904;13910016;1393459200;0;0;0;0;0;0;0;0;0;0;0;3166;0;0;126;0;122;0;
12113;4388661;1207803904;13910016;1393459200;0;0;0;0;0;0;0;0;0;0;0;3697;0;0;126;0;122;0;
12114;6735552;1207803904;13910016;1393459200;0;0;0;0;0;0;0;0;0;0;0;2224;0;0;126;0;122;0;
12115;5608158;1207803904;13910016;1393459200;0;0;0;0;0;0;0;0;0;0;0;2925;0;0;126;0;122;0;
12116;5523268;1207803904;13910016;1393459200;0;0;0;0;0;0;0;0;0;0;0;2264;0;0;126;0;122;0;
12117;6977907;1207803904;13910016;1393459200;0;0;0;0;0;0;0;0;0;0;0;3226;0;0;126;0;122;0;
12118;5466372;1207803904;13910016;1393459200;0;0;0;0;0;0;0;0;0;0;0;1893;0;0;126;0;122;0;
12119;4110238;1207803904;13910016;1393459200;0;0;0;0;0;0;0;0;0;0;0;3175;0;0;126;0;122;0;
12120;5376673;1207803904;13910016;1393459200;0;0;0;0;0;0;0;0;0;0;0;1543;0;0;126;0;122;0;
12121;4048743;1207803904;13910016;1393459200;0;0;0;0;0;0;0;0;0;0;0;7865;0;0;126;0;122;0;
12122;5740816;1207803904;13910016;1393459200;0;0;0;0;0;0;0;0;0;0;0;2645;0;0;126;0;122;0;
12123;3939919;1207803904;13910016;1393459200;0;0;0;0;0;0;0;0;0;0;0;3085;0;0;126;0;122;0;
12124;11349425;1211785216;21688320;1401237504;0;0;0;0;0;0;0;0;0;0;0;2485;0;0;126;0;122;0;
12125;12391468;1213882368;21688320;1401237504;0;0;0;0;0;0;0;0;0;0;0;3908;0;0;126;0;122;0;
12126;6423958;1213882368;21688320;1401237504;0;0;0;0;0;0;0;0;0;0;0;2414;0;0;126;0;122;0;
12127;6143521;1213882368;21688320;1401237504;0;0;0;0;0;0;0;0;0;0;0;3356;0;0;126;0;122;0;
12128;8783993;1213882368;21688320;1401237504;0;0;0;0;0;0;0;0;0;0;0;3236;0;0;126;0;122;0;
12129;5985586;1213882368;21688320;1401237504;0;0;0;0;0;0;0;0;0;0;0;3326;0;0;126;0;122;0;
12130;6623542;1213882368;21688320;1401237504;0;0;0;0;0;0;0;0;0;0;0;2234;0;0;126;0;122;0;
12131;3287746;1207771136;14360576;1393909760;0;0;0;0;0;0;0;0;0;0;0;2845;0;0;126;0;122;0;
12132;5088513;1207771136;14360576;1393909760;0;0;0;0;0;0;0;0;0;0;0;1513;0;0;126;0;122;0;
12133;4489700;1207771136;14360576;1393909760;0;0;0;0;0;0;0;0;0;0;0;2866;0;0;126;0;122;0;
12134;6103566;1207771136;14360576;1393909760;0;0;0;0;0;0;0;0;0;0;0;2264;0;0;126;0;122;0;
12135;4219083;1207771136;14360576;1393909760;0;0;0;0;0;0;0;0;0;0;0;2625;0;0;126;0;122;0;
12136;7551612;1207771136;14360576;1393909760;0;0;0;0;0;0;0;0;0;0;0;2334;0;0;126;0;122;0;
12137;3326909;1207771136;14360576;1393909760;0;0;0;0;0;0;0;0;0;0;0;2334;0;0;126;0;122;0;
12138;7242432;1207771136;14360576;1393909760;0;0;0;0;0;0;0;0;0;0;0;2354;0;0;126;0;122;0;
12139;3990374;1207771136;14360576;1393909760;0;0;0;0;0;0;0;0;0;0;0;3597;0;0;126;0;122;0;
12140;7587860;1207771136;14360576;1393909760;0;0;0;0;0;0;0;0;0;0;0;2184;0;0;126;0;122;0;
12141;5006629;1207771136;14360576;1393909760;0;0;0;0;0;0;0;0;0;0;0;2805;0;0;126;0;122;0;
12142;6303442;1207771136;14360576;1393909760;0;0;0;0;0;0;0;0;0;0;0;2114;0;0;126;0;122;0;
12143;3861172;1207771136;14360576;1393909760;0;0;0;0;0;0;0;0;0;0;0;3417;0;0;126;0;122;0;
12144;5941312;1207771136;14360576;1393909760;0;0;0;0;0;0;0;0;0;0;0;2504;0;0;126;0;122;0;
12145;4660681;1207771136;14360576;1393909760;0;0;0;0;0;0;0;0;0;0;0;5110;0;0;126;0;122;0;
12146;5566409;1209868288;21688320;1401237504;0;0;0;0;0;0;0;0;0;0;0;1884;0;0;126;0;122;0;
12147;3622764;1211965440;21688320;1401237504;0;0;0;0;0;0;0;0;0;0;0;2695;0;0;126;0;122;0;
12148;6082006;1214062592;21688320;1401237504;0;0;0;0;0;0;0;0;0;0;0;2485;0;0;126;0;122;0;
12149;4496363;1214062592;21688320;1401237504;0;0;0;0;0;0;0;0;0;0;0;3406;0;0;126;0;122;0;
12150;5380240;1214062592;21688320;1401237504;0;0;0;0;0;0;0;0;0;0;0;1823;0;0;126;0;122;0;
12151;4862749;1214062592;21688320;1401237504;0;0;0;0;0;0;0;0;0;0;0;3146;0;0;126;0;122;0;
12152;6656233;1214062592;21688320;1401237504;0;0;0;0;0;0;0;0;0;0;0;2455;0;0;126;0;122;0;
12153;5530943;1207803904;13910016;1393459200;0;0;0;0;0;0;0;0;0;0;0;2875;0;0;126;0;122;0;
12154;5707033;1207803904;13910016;1393459200;0;0;0;0;0;0;0;0;0;0;0;2024;0;0;126;0;122;0;
12155;4424097;1207803904;13910016;1393459200;0;0;0;0;0;0;0;0;0;0;0;3086;0;0;126;0;122;0;
12156;5932897;1207803904;13910016;1393459200;0;0;0;0;0;0;0;0;0;0;0;2074;0;0;126;0;122;0;
12157;4901542;1207803904;13910016;1393459200;0;0;0;0;0;0;0;0;0;0;0;3016;0;0;126;0;122;0;
12158;5995574;1207803904;13910016;1393459200;0;0;0;0;0;0;0;0;0;0;0;2285;0;0;126;0;122;0;
12159;4628611;1207803904;13910016;1393459200;0;0;0;0;0;0;0;0;0;0;0;3046;0;0;126;0;122;0;
12160;5787955;1207803904;13910016;1393459200;0;0;0;0;0;0;0;0;0;0;0;2324;0;0;126;0;122;0;
12161;4349126;1207803904;13910016;1393459200;0;0;0;0;0;0;0;0;0;0;0;3486;0;0;126;0;122;0;
12162;6270089;1207803904;13910016;1393459200;0;0;0;0;0;0;0;0;0;0;0;2375;0;0;126;0;122;0;
12163;5148165;1207803904;13910016;1393459200;0;0;0;0;0;0;0;0;0;0;0;3056;0;0;126;0;122;0;
12164;5600854;1207803904;13910016;1393459200;0;0;0;0;0;0;0;0;0;0;0;2465;0;0;126;0;122;0;
12165;3859218;1207803904;13910016;1393459200;0;0;0;0;0;0;0;0;0;0;0;2836;0;0;126;0;122;0;
12166;6277232;1207803904;13910016;1393459200;0;0;0;0;0;0;0;0;0;0;0;2605;0;0;126;0;122;0;
12167;3278368;1207803904;13910016;1393459200;0;0;0;0;0;0;0;0;0;0;0;3316;0;0;126;0;122;0;
12168;6490112;1207803904;13910016;1393459200;0;0;0;0;0;0;0;0;0;0;0;2194;0;0;126;0;122;0;
12169;3036224;1207803904;13910016;1393459200;0;0;0;0;0;0;0;0;0;0;0;3436;0;0;126;0;122;0;
12170;6548982;1211785216;21688320;1401237504;0;0;0;0;0;0;0;0;0;0;0;2855;0;0;126;0;122;0;
12171;4248468;1213882368;21688320;1401237504;0;0;0;0;0;0;0;0;0;0;0;3927;0;0;126;0;122;0;
12172;6720434;1214148608;21688320;1401237504;0;0;0;0;0;0;0;0;0;0;0;2384;0;0;126;0;122;0;
12173;3261326;1214148608;21688320;1401237504;0;0;0;0;0;0;0;0;0;0;0;3546;0;0;126;0;122;0;
12174;6352694;1214148608;21688320;1401237504;0;0;0;0;0;0;0;0;0;0;0;3767;0;0;126;0;122;0;
12175;3616703;1214148608;21688320;1401237504;0;0;0;0;0;0;0;0;0;0;0;3497;0;0;126;0;122;0;
12176;5051374;1214148608;21688320;1401237504;0;0;0;0;0;0;0;0;0;0;0;2164;0;0;126;0;122;0;
12177;4890431;1207795712;14360576;1393909760;0;0;0;0;0;0;0;0;0;0;0;2956;0;0;126;0;122;0;
12178;4946316;1207795712;14360576;1393909760;0;0;0;0;0;0;0;0;0;0;0;2394;0;0;126;0;122;0;
12179;3502077;1207795712;14360576;1393909760;0;0;0;0;0;0;0;0;0;0;0;3647;0;0;126;0;122;0;
12180;6394052;1207795712;14360576;1393909760;0;0;0;0;0;0;0;0;0;0;0;3406;0;0;126;0;122;0;
12181;6321906;1207795712;14360576;1393909760;0;0;0;0;0;0;0;0;0;0;0;3166;0;0;126;0;122;0;
12182;5484596;1207795712;14360576;1393909760;0;0;0;0;0;0;0;0;0;0;0;2945;0;0;126;0;122;0;
12183;3984843;1207795712;14360576;1393909760;0;0;0;0;0;0;0;0;0;0;0;2614;0;0;126;0;122;0;
12184;5629167;1207795712;14360576;1393909760;0;0;0;0;0;0;0;0;0;0;0;2785;0;0;126;0;122;0;
12185;3316419;1207795712;14360576;1393909760;0;0;0;0;0;0;0;0;0;0;0;3296;0;0;126;0;122;0;
12186;5984633;1207795712;14360576;1393909760;0;0;0;0;0;0;0;0;0;0;0;2234;0;0;126;0;122;0;
12187;2855685;1207795712;14360576;1393909760;0;0;0;0;0;0;0;0;0;0;0;3035;0;0;126;0;122;0;
12188;6159862;1207795712;14360576;1393909760;0;0;0;0;0;0;0;0;0;0;0;3006;0;0;126;0;122;0;
12189;3353779;1207795712;14360576;1393909760;0;0;0;0;0;0;0;0;0;0;0;3106;0;0;126;0;122;0;
12190;4929214;1207795712;14360576;1393909760;0;0;0;0;0;0;0;0;0;0;0;3015;0;0;126;0;122;0;
12191;3514050;1207795712;14360576;1393909760;0;0;0;0;0;0;0;0;0;0;0;2234;0;0;126;0;122;0;
12192;6003098;1209892864;21688320;1401237504;0;0;0;0;0;0;0;0;0;0;0;1844;0;0;126;0;122;0;
12193;3546220;1211990016;21688320;1401237504;0;0;0;0;0;0;0;0;0;0;0;3306;0;0;126;0;122;0;
12194;5187769;1214087168;21688320;1401237504;0;0;0;0;0;0;0;0;0;0;0;1663;0;0;126;0;122;0;
12195;4227989;1214087168;21688320;1401237504;0;0;0;0;0;0;0;0;0;0;0;3326;0;0;126;0;122;0;
12196;5271877;1214087168;21688320;1401237504;0;0;0;0;0;0;0;0;0;0;0;2033;0;0;126;0;122;0;
12197;2804380;1214087168;21688320;1401237504;0;0;0;0;0;0;0;0;0;0;0;3346;0;0;126;0;122;0;
12198;5958995;1214087168;21688320;1401237504;0;0;0;0;0;0;0;0;0;0;0;2394;0;0;126;0;122;0;
12199;4770376;1207808000;13910016;1393459200;0;0;0;0;0;0;0;0;0;0;0;3025;0;0;126;0;122;0;
12200;5762677;1207808000;13910016;1393459200;0;0;0;0;0;0;0;0;0;0;0;2865;0;0;126;0;122;0;
12201;4322767;1207808000;13910016;1393459200;0;0;0;0;0;0;0;0;0;0;0;3486;0;0;126;0;122;0;
12202;5617014;1207808000;13910016;1393459200;0;0;0;0;0;0;0;0;0;0;0;1883;0;0;126;0;122;0;
12203;2976132;1207808000;13910016;1393459200;0;0;0;0;0;0;0;0;0;0;0;4298;0;0;126;0;122;0;
12204;4664267;1207808000;13910016;1393459200;0;0;0;0;0;0;0;0;0;0;0;3326;0;0;126;0;122;0;
12205;3032287;1207808000;13910016;1393459200;0;0;0;0;0;0;0;0;0;0;0;3367;0;0;126;0;122;0;
12206;6017525;1207808000;13910016;1393459200;0;0;0;0;0;0;0;0;0;0;0;2716;0;0;126;0;122;0;
12207;2879781;1207808000;13910016;1393459200;0;0;0;0;0;0;0;0;0;0;0;2685;0;0;126;0;122;0;
12208;5234928;1207808000;13910016;1393459200;0;0;0;0;0;0;0;0;0;0;0;1743;0;0;126;0;122;0;
12209;3667638;1207808000;13910016;1393459200;0;0;0;0;0;0;0;0;0;0;0;2515;0;0;126;0;122;0;
12210;4689815;1207808000;13910016;1393459200;0;0;0;0;0;0;0;0;0;0;0;2164;0;0;126;0;122;0;
12211;3402150;1207808000;13910016;1393459200;0;0;0;0;0;0;0;0;0;0;0;3035;0;0;126;0;122;0;
12212;4566253;1207808000;13910016;1393459200;0;0;0;0;0;0;0;0;0;0;0;1713;0;0;126;0;122;0;
12213;3621441;1207808000;13910016;1393459200;0;0;0;0;0;0;0;0;0;0;0;3045;0;0;126;0;122;0;
12214;4890662;1207808000;13910016;1393459200;0;0;0;0;0;0;0;0;0;0;0;2204;0;0;126;0;122;0;
12215;4205447;1207808000;13910016;1393459200;0;0;0;0;0;0;0;0;0;0;0;3547;0;0;126;0;122;0;
12216;5925523;1211789312;21688320;1401237504;0;0;0;0;0;0;0;0;0;0;0;2414;0;0;126;0;122;0;
12217;4564350;1213886464;21688320;1401237504;0;0;0;0;0;0;0;0;0;0;0;3226;0;0;126;0;122;0;
12218;5193269;1214152704;21688320;1401237504;0;0;0;0;0;0;0;0;0;0;0;2014;0;0;126;0;122;0;
12219;3036424;1214152704;21688320;1401237504;0;0;0;0;0;0;0;0;0;0;0;2915;0;0;126;0;122;0;
12220;5684260;1214152704;21688320;1401237504;0;0;0;0;0;0;0;0;0;0;0;1913;0;0;126;0;122;0;
12221;3392071;1214152704;21688320;1401237504;0;0;0;0;0;0;0;0;0;0;0;3166;0;0;126;0;122;0;
12222;5460080;1214152704;21688320;1401237504;0;0;0;0;0;0;0;0;0;0;0;2024;0;0;126;0;122;0;
12223;3066000;1207820288;14360576;1393909760;0;0;0;0;0;0;0;0;0;0;0;3486;0;0;126;0;122;0;
12224;5914852;1207820288;14360576;1393909760;0;0;0;0;0;0;0;0;0;0;0;2575;0;0;126;0;122;0;
12225;2916870;1207820288;14360576;1393909760;0;0;0;0;0;0;0;0;0;0;0;3297;0;0;126;0;122;0;
12226;5773017;1207820288;14360576;1393909760;0;0;0;0;0;0;0;0;0;0;0;1944;0;0;126;0;122;0;
12227;3027909;1207820288;14360576;1393909760;0;0;0;0;0;0;0;0;0;0;0;3687;0;0;126;0;122;0;
12228;5935130;1207820288;14360576;1393909760;0;0;0;0;0;0;0;0;0;0;0;1893;0;0;126;0;122;0;
12229;2690535;1207820288;14360576;1393909760;0;0;0;0;0;0;0;0;0;0;0;2766;0;0;126;0;122;0;
12230;4529344;1207820288;14360576;1393909760;0;0;0;0;0;0;0;0;0;0;0;1954;0;0;126;0;122;0;
12231;3757196;1207820288;14360576;1393909760;0;0;0;0;0;0;0;0;0;0;0;3015;0;0;126;0;122;0;
12232;5182800;1207820288;14360576;1393909760;0;0;0;0;0;0;0;0;0;0;0;2385;0;0;126;0;122;0;
12233;4053933;1207820288;14360576;1393909760;0;0;0;0;0;0;0;0;0;0;0;2846;0;0;126;0;122;0;
12234;5155558;1207820288;14360576;1393909760;0;0;0;0;0;0;0;0;0;0;0;1724;0;0;126;0;122;0;
12235;2961063;1207820288;14360576;1393909760;0;0;0;0;0;0;0;0;0;0;0;2865;0;0;126;0;122;0;
12236;4994687;1207820288;14360576;1393909760;0;0;0;0;0;0;0;0;0;0;0;2245;0;0;126;0;122;0;
12237;3144798;1207820288;14360576;1393909760;0;0;0;0;0;0;0;0;0;0;0;3246;0;0;126;0;122;0;
12238;5929310;1209917440;21688320;1401237504;0;0;0;0;0;0;0;0;0;0;0;2104;0;0;126;0;122;0;
12239;3262088;1212014592;21688320;1401237504;0;0;0;0;0;0;0;0;0;0;0;3616;0;0;126;0;122;0;
12240;5827198;1214111744;21688320;1401237504;0;0;0;0;0;0;0;0;0;0;0;1784;0;0;126;0;122;0;
12241;3500364;1214111744;21688320;1401237504;0;0;0;0;0;0;0;0;0;0;0;2806;0;0;126;0;122;0;
12242;5672448;1214111744;21688320;1401237504;0;0;0;0;0;0;0;0;0;0;0;2013;0;0;126;0;122;0;
12243;3524880;1214111744;21688320;1401237504;0;0;0;0;0;0;0;0;0;0;0;2916;0;0;126;0;122;0;
12244;4843533;1214111744;21688320;1401237504;0;0;0;0;0;0;0;0;0;0;0;2154;0;0;126;0;122;0;
12245;3952613;1207832576;13910016;1393459200;0;0;0;0;0;0;0;0;0;0;0;3646;0;0;126;0;122;0;
12246;6366299;1207832576;13910016;1393459200;0;0;0;0;0;0;0;0;0;0;0;3226;0;0;126;0;122;0;
12247;3881259;1207832576;13910016;1393459200;0;0;0;0;0;0;0;0;0;0;0;3025;0;0;126;0;122;0;
12248;5639456;1207832576;13910016;1393459200;0;0;0;0;0;0;0;0;0;0;0;2515;0;0;126;0;122;0;
12249;3300550;1207832576;13910016;1393459200;0;0;0;0;0;0;0;0;0;0;0;3577;0;0;126;0;122;0;
12250;5840163;1207832576;13910016;1393459200;0;0;0;0;0;0;0;0;0;0;0;3466;0;0;126;0;122;0;
12251;3579724;1207832576;13910016;1393459200;0;0;0;0;0;0;0;0;0;0;0;3506;0;0;126;0;122;0;
12252;4930767;1207832576;13910016;1393459200;0;0;0;0;0;0;0;0;0;0;0;3005;0;0;126;0;122;0;
12253;4865385;1207832576;13910016;1393459200;0;0;0;0;0;0;0;0;0;0;0;3577;0;0;126;0;122;0;
12254;5743442;1207832576;13910016;1393459200;0;0;0;0;0;0;0;0;0;0;0;3436;0;0;126;0;122;0;
12255;5748160;1207832576;13910016;1393459200;0;0;0;0;0;0;0;0;0;0;0;4078;0;0;126;0;122;0;
12256;5944247;1207832576;13910016;1393459200;0;0;0;0;0;0;0;0;0;0;0;4087;0;0;126;0;122;0;
12257;4208623;1207832576;13910016;1393459200;0;0;0;0;0;0;0;0;0;0;0;3136;0;0;126;0;122;0;
12258;6059695;1207832576;13910016;1393459200;0;0;0;0;0;0;0;0;0;0;0;3347;0;0;126;0;122;0;
12259;3536011;1207832576;13910016;1393459200;0;0;0;0;0;0;0;0;0;0;0;3256;0;0;126;0;122;0;
12260;6497805;1207832576;13910016;1393459200;0;0;0;0;0;0;0;0;0;0;0;3286;0;0;126;0;122;0;
12261;4010071;1207832576;13910016;1393459200;0;0;0;0;0;0;0;0;0;0;0;3136;0;0;126;0;122;0;
12262;6511371;1211813888;21688320;1401237504;0;0;0;0;0;0;0;0;0;0;0;4097;0;0;126;0;122;0;
12263;3471340;1213911040;21688320;1401237504;0;0;0;0;0;0;0;0;0;0;0;3166;0;0;126;0;122;0;
12264;6364226;1214177280;21688320;1401237504;0;0;0;0;0;0;0;0;0;0;0;3516;0;0;126;0;122;0;
12265;3940290;1214177280;21688320;1401237504;0;0;0;0;0;0;0;0;0;0;0;3347;0;0;126;0;122;0;
12266;6178027;1214177280;21688320;1401237504;0;0;0;0;0;0;0;0;0;0;0;2856;0;0;126;0;122;0;
12267;3463545;1214177280;21688320;1401237504;0;0;0;0;0;0;0;0;0;0;0;2955;0;0;126;0;122;0;
12268;6663878;1214177280;21688320;1401237504;0;0;0;0;0;0;0;0;0;0;0;3316;0;0;126;0;122;0;
12269;4370737;1207844864;14360576;1393909760;0;0;0;0;0;0;0;0;0;0;0;3647;0;0;126;0;122;0;
12270;6427123;1207844864;14360576;1393909760;0;0;0;0;0;0;0;0;0;0;0;2003;0;0;126;0;122;0;
12271;4163979;1207844864;14360576;1393909760;0;0;0;0;0;0;0;0;0;0;0;3006;0;0;126;0;122;0;
12272;5511726;1207844864;14360576;1393909760;0;0;0;0;0;0;0;0;0;0;0;2345;0;0;126;0;122;0;
12273;4320713;1207844864;14360576;1393909760;0;0;0;0;0;0;0;0;0;0;0;3707;0;0;126;0;122;0;
12274;5405177;1207844864;14360576;1393909760;0;0;0;0;0;0;0;0;0;0;0;2124;0;0;126;0;122;0;
12275;3418751;1207844864;14360576;1393909760;0;0;0;0;0;0;0;0;0;0;0;3436;0;0;126;0;122;0;
12276;6181513;1207844864;14360576;1393909760;0;0;0;0;0;0;0;0;0;0;0;3587;0;0;126;0;122;0;
12277;3976016;1207844864;14360576;1393909760;0;0;0;0;0;0;0;0;0;0;0;2955;0;0;126;0;122;0;
12278;5224758;1207844864;14360576;1393909760;0;0;0;0;0;0;0;0;0;0;0;2995;0;0;126;0;122;0;
12279;3839781;1207844864;14360576;1393909760;0;0;0;0;0;0;0;0;0;0;0;2965;0;0;126;0;122;0;
12280;4708249;1207844864;14360576;1393909760;0;0;0;0;0;0;0;0;0;0;0;1583;0;0;126;0;122;0;
12281;5662620;1207844864;14360576;1393909760;0;0;0;0;0;0;0;0;0;0;0;2715;0;0;126;0;122;0;
12282;4727786;1207844864;14360576;1393909760;0;0;0;0;0;0;0;0;0;0;0;1763;0;0;126;0;122;0;
12283;3710539;1207844864;14360576;1393909760;0;0;0;0;0;0;0;0;0;0;0;2655;0;0;126;0;122;0;
12284;5865320;1209942016;21688320;1401237504;0;0;0;0;0;0;0;0;0;0;0;3216;0;0;126;0;122;0;
12285;3474887;1214136320;21688320;1401237504;0;0;0;0;0;0;0;0;0;0;0;3266;0;0;126;0;122;0;
12286;5110875;1214136320;21688320;1401237504;0;0;0;0;0;0;0;0;0;0;0;2415;0;0;126;0;122;0;
12287;3697063;1214136320;21688320;1401237504;0;0;0;0;0;0;0;0;0;0;0;3737;0;0;126;0;122;0;
12288;6204947;1214136320;21688320;1401237504;0;0;0;0;0;0;0;0;0;0;0;3056;0;0;126;0;122;0;
12289;2832302;1214136320;21688320;1401237504;0;0;0;0;0;0;0;0;0;0;0;3737;0;0;126;0;122;0;
12290;6484331;1214136320;21688320;1401237504;0;0;0;0;0;0;0;0;0;0;0;3056;0;0;126;0;122;0;
12291;4439425;1207857152;13910016;1393459200;0;0;0;0;0;0;0;0;0;0;0;3226;0;0;126;0;122;0;
12292;6473200;1207857152;13910016;1393459200;0;0;0;0;0;0;0;0;0;0;0;3367;0;0;126;0;122;0;
12293;4562226;1207857152;13910016;1393459200;0;0;0;0;0;0;0;0;0;0;0;3185;0;0;126;0;122;0;
12294;5653673;1207857152;13910016;1393459200;0;0;0;0;0;0;0;0;0;0;0;2735;0;0;126;0;122;0;
12295;3450311;1207857152;13910016;1393459200;0;0;0;0;0;0;0;0;0;0;0;3216;0;0;126;0;122;0;
12296;5579483;1207857152;13910016;1393459200;0;0;0;0;0;0;0;0;0;0;0;2215;0;0;126;0;122;0;
12297;4091112;1207857152;13910016;1393459200;0;0;0;0;0;0;0;0;0;0;0;3496;0;0;126;0;122;0;
12298;5729556;1207857152;13910016;1393459200;0;0;0;0;0;0;0;0;0;0;0;1803;0;0;126;0;122;0;
12299;4267483;1207857152;13910016;1393459200;0;0;0;0;0;0;0;0;0;0;0;2905;0;0;126;0;122;0;
12300;5879998;1207857152;13910016;1393459200;0;0;0;0;0;0;0;0;0;0;0;2695;0;0;126;0;122;0;
12301;4476755;1207857152;13910016;1393459200;0;0;0;0;0;0;0;0;0;0;0;2765;0;0;126;0;122;0;
12302;4840949;1207857152;13910016;1393459200;0;0;0;0;0;0;0;0;0;0;0;1833;0;0;126;0;122;0;
12303;4043864;1207857152;13910016;1393459200;0;0;0;0;0;0;0;0;0;0;0;2595;0;0;126;0;122;0;
12304;4769775;1207857152;13910016;1393459200;0;0;0;0;0;0;0;0;0;0;0;1362;0;0;126;0;122;0;
12305;5048819;1207857152;13910016;1393459200;0;0;0;0;0;0;0;0;0;0;0;4378;0;0;126;0;122;0;
12306;5737520;1207857152;13910016;1393459200;0;0;0;0;0;0;0;0;0;0;0;2816;0;0;126;0;122;0;
12307;3381151;1207857152;13910016;1393459200;0;0;0;0;0;0;0;0;0;0;0;2615;0;0;126;0;122;0;
12308;6787940;1211838464;21688320;1401237504;0;0;0;0;0;0;0;0;0;0;0;3686;0;0;126;0;122;0;
12309;3786662;1213935616;21688320;1401237504;0;0;0;0;0;0;0;0;0;0;0;2916;0;0;126;0;122;0;
12310;5922858;1214201856;21688320;1401237504;0;0;0;0;0;0;0;0;0;0;0;2765;0;0;126;0;122;0;
12311;3336187;1214201856;21688320;1401237504;0;0;0;0;0;0;0;0;0;0;0;3226;0;0;126;0;122;0;
12312;5664533;1214201856;21688320;1401237504;0;0;0;0;0;0;0;0;0;0;0;2394;0;0;126;0;122;0;
12313;2933211;1214201856;21688320;1401237504;0;0;0;0;0;0;0;0;0;0;0;3086;0;0;126;0;122;0;
12314;6030960;1214201856;21688320;1401237504;0;0;0;0;0;0;0;0;0;0;0;2264;0;0;126;0;122;0;
12315;4279486;1207869440;14360576;1393909760;0;0;0;0;0;0;0;0;0;0;0;3036;0;0;126;0;122;0;
12316;5660025;1207869440;14360576;1393909760;0;0;0;0;0;0;0;0;0;0;0;1834;0;0;126;0;122;0;
12317;2942498;1207869440;14360576;1393909760;0;0;0;0;0;0;0;0;0;0;0;3186;0;0;126;0;122;0;
12318;4336252;1207869440;14360576;1393909760;0;0;0;0;0;0;0;0;0;0;0;1933;0;0;126;0;122;0;
12319;3756926;1207869440;14360576;1393909760;0;0;0;0;0;0;0;0;0;0;0;2084;0;0;126;0;122;0;
12320;4537790;1207869440;14360576;1393909760;0;0;0;0;0;0;0;0;0;0;0;1463;0;0;126;0;122;0;
12321;2287841;1207869440;14360576;1393909760;0;0;0;0;0;0;0;0;0;0;0;1583;0;0;126;0;122;0;
12322;4121189;1207869440;14360576;1393909760;0;0;0;0;0;0;0;0;0;0;0;1553;0;0;126;0;122;0;
12323;3209749;1207869440;14360576;1393909760;0;0;0;0;0;0;0;0;0;0;0;2184;0;0;126;0;122;0;
12324;4248337;1207869440;14360576;1393909760;0;0;0;0;0;0;0;0;0;0;0;1643;0;0;126;0;122;0;
12325;3445942;1207869440;14360576;1393909760;0;0;0;0;0;0;0;0;0;0;0;2024;0;0;126;0;122;0;
12326;5564315;1207869440;14360576;1393909760;0;0;0;0;0;0;0;0;0;0;0;1794;0;0;126;0;122;0;
12327;2477767;1207869440;14360576;1393909760;0;0;0;0;0;0;0;0;0;0;0;2124;0;0;126;0;122;0;
12328;6038394;1207869440;14360576;1393909760;0;0;0;0;0;0;0;0;0;0;0;2014;0;0;126;0;122;0;
12329;8902365;1207869440;14360576;1393909760;0;0;0;0;0;0;0;0;0;0;0;3496;0;0;126;0;122;0;
12330;7787905;1209966592;21688320;1401237504;0;0;0;0;0;0;0;0;0;0;0;1563;0;0;126;0;122;0;
12331;4343806;1214160896;21688320;1401237504;0;0;0;0;0;0;0;0;0;0;0;2575;0;0;126;0;122;0;
12332;4300395;1214160896;21688320;1401237504;0;0;0;0;0;0;0;0;0;0;0;1623;0;0;126;0;122;0;
12333;3250887;1214160896;21688320;1401237504;0;0;0;0;0;0;0;0;0;0;0;2044;0;0;126;0;122;0;
12334;4683744;1214160896;21688320;1401237504;0;0;0;0;0;0;0;0;0;0;0;1953;0;0;126;0;122;0;
12335;2593824;1214160896;21688320;1401237504;0;0;0;0;0;0;0;0;0;0;0;2134;0;0;126;0;122;0;
12336;5282316;1214160896;21688320;1401237504;0;0;0;0;0;0;0;0;0;0;0;1924;0;0;126;0;122;0;
12337;2879691;1207881728;13910016;1393459200;0;0;0;0;0;0;0;0;0;0;0;2194;0;0;126;0;122;0;
12338;5409595;1207881728;13910016;1393459200;0;0;0;0;0;0;0;0;0;0;0;1703;0;0;126;0;122;0;
12339;3028230;1207881728;13910016;1393459200;0;0;0;0;0;0;0;0;0;0;0;2565;0;0;126;0;122;0;
12340;4916139;1207881728;13910016;1393459200;0;0;0;0;0;0;0;0;0;0;0;1623;0;0;126;0;122;0;
12341;3246969;1207881728;13910016;1393459200;0;0;0;0;0;0;0;0;0;0;0;1983;0;0;126;0;122;0;
12342;5163754;1207881728;13910016;1393459200;0;0;0;0;0;0;0;0;0;0;0;1543;0;0;126;0;122;0;
12343;3674912;1207881728;13910016;1393459200;0;0;0;0;0;0;0;0;0;0;0;1843;0;0;126;0;122;0;
12344;5236590;1207881728;13910016;1393459200;0;0;0;0;0;0;0;0;0;0;0;1823;0;0;126;0;122;0;
12345;2517281;1207881728;13910016;1393459200;0;0;0;0;0;0;0;0;0;0;0;1704;0;0;126;0;122;0;
12346;5258783;1207881728;13910016;1393459200;0;0;0;0;0;0;0;0;0;0;0;45906;0;0;126;0;122;0;
12347;2971923;1207881728;13910016;1393459200;0;0;0;0;0;0;0;0;0;0;0;2184;0;0;126;0;122;0;
12348;5618798;1207881728;13910016;1393459200;0;0;0;0;0;0;0;0;0;0;0;1743;0;0;126;0;122;0;
12349;2803077;1207881728;13910016;1393459200;0;0;0;0;0;0;0;0;0;0;0;2214;0;0;126;0;122;0;
12350;4874802;1207881728;13910016;1393459200;0;0;0;0;0;0;0;0;0;0;0;1543;0;0;126;0;122;0;
12351;3594361;1207881728;13910016;1393459200;0;0;0;0;0;0;0;0;0;0;0;2034;0;0;126;0;122;0;
12352;5709858;1207881728;13910016;1393459200;0;0;0;0;0;0;0;0;0;0;0;1442;0;0;126;0;122;0;
12353;2007394;1207881728;13910016;1393459200;0;0;0;0;0;0;0;0;0;0;0;2635;0;0;126;0;122;0;
12354;5781513;1211863040;21688320;1401237504;0;0;0;0;0;0;0;0;0;0;0;1893;0;0;126;0;122;0;
12355;3541953;1213960192;21688320;1401237504;0;0;0;0;0;0;0;0;0;0;0;2515;0;0;126;0;122;0;
12356;7075980;1214226432;21688320;1401237504;0;0;0;0;0;0;0;0;0;0;0;1893;0;0;126;0;122;0;
12357;3771342;1214226432;21688320;1401237504;0;0;0;0;0;0;0;0;0;0;0;2705;0;0;126;0;122;0;
12358;6200318;1214226432;21688320;1401237504;0;0;0;0;0;0;0;0;0;0;0;2114;0;0;126;0;122;0;
12359;5499454;1214226432;21688320;1401237504;0;0;0;0;0;0;0;0;0;0;0;2365;0;0;126;0;122;0;
12360;5190494;1214226432;21688320;1401237504;0;0;0;0;0;0;0;0;0;0;0;1844;0;0;126;0;122;0;
12361;2852569;1207894016;14360576;1393909760;0;0;0;0;0;0;0;0;0;0;0;2004;0;0;126;0;122;0;
12362;5639105;1207894016;14360576;1393909760;0;0;0;0;0;0;0;0;0;0;0;1843;0;0;126;0;122;0;
12363;3257409;1207894016;14360576;1393909760;0;0;0;0;0;0;0;0;0;0;0;2615;0;0;126;0;122;0;
12364;6042532;1207894016;14364672;1393913856;0;0;0;0;0;0;0;0;0;0;0;2044;0;0;126;0;122;0;
12365;2743195;1207894016;14368768;1393917952;0;0;0;0;0;0;0;0;0;0;0;1503;0;0;126;0;122;0;
12366;4455856;1207894016;14368768;1393917952;0;0;0;0;0;0;0;0;0;0;0;1422;0;0;126;0;122;0;
12367;3107247;1207894016;14368768;1393917952;0;0;0;0;0;0;0;0;0;0;0;2405;0;0;126;0;122;0;
12368;6244271;1207894016;14368768;1393917952;0;0;0;0;0;0;0;0;0;0;0;1743;0;0;126;0;122;0;
12369;2469321;1207894016;14368768;1393917952;0;0;0;0;0;0;0;0;0;0;0;2434;0;0;126;0;122;0;
12370;5352589;1207894016;14368768;1393917952;0;0;0;0;0;0;0;0;0;0;0;1803;0;0;126;0;122;0;
12371;4201209;1207894016;14360576;1393909760;0;0;0;0;0;0;0;0;0;0;0;2545;0;0;126;0;122;0;
12372;4766489;1207894016;14360576;1393909760;0;0;0;0;0;0;0;0;0;0;0;1553;0;0;126;0;122;0;
12373;3423641;1207894016;14360576;1393909760;0;0;0;0;0;0;0;0;0;0;0;2756;0;0;126;0;122;0;
12374;4511170;1207894016;14360576;1393909760;0;0;0;0;0;0;0;0;0;0;0;1403;0;0;126;0;122;0;
12375;4553229;1207894016;14360576;1393909760;0;0;0;0;0;0;0;0;0;0;0;2394;0;0;126;0;122;0;
12376;4487135;1209991168;21688320;1401237504;0;0;0;0;0;0;0;0;0;0;0;1693;0;0;126;0;122;0;
12377;4757973;1214185472;21688320;1401237504;0;0;0;0;0;0;0;0;0;0;0;3186;0;0;126;0;122;0;
12378;5048869;1214185472;21688320;1401237504;0;0;0;0;0;0;0;0;0;0;0;1853;0;0;126;0;122;0;
12379;3932685;1214185472;21688320;1401237504;0;0;0;0;0;0;0;0;0;0;0;2194;0;0;126;0;122;0;
12380;4717326;1214185472;21688320;1401237504;0;0;0;0;0;0;0;0;0;0;0;1794;0;0;126;0;122;0;
12381;3588620;1214185472;21688320;1401237504;0;0;0;0;0;0;0;0;0;0;0;2625;0;0;126;0;122;0;
12382;5018612;1214185472;21688320;1401237504;0;0;0;0;0;0;0;0;0;0;0;1723;0;0;126;0;122;0;
12383;3683639;1207906304;13910016;1393459200;0;0;0;0;0;0;0;0;0;0;0;2194;0;0;126;0;122;0;
12384;5462374;1207906304;13910016;1393459200;0;0;0;0;0;0;0;0;0;0;0;1873;0;0;126;0;122;0;
12385;3435182;1207906304;13910016;1393459200;0;0;0;0;0;0;0;0;0;0;0;2675;0;0;126;0;122;0;
12386;5024012;1207906304;13910016;1393459200;0;0;0;0;0;0;0;0;0;0;0;1943;0;0;126;0;122;0;
12387;2474120;1207906304;13910016;1393459200;0;0;0;0;0;0;0;0;0;0;0;2365;0;0;126;0;122;0;
12388;4791867;1207906304;13910016;1393459200;0;0;0;0;0;0;0;0;0;0;0;1704;0;0;126;0;122;0;
12389;3115312;1207906304;13910016;1393459200;0;0;0;0;0;0;0;0;0;0;0;2305;0;0;126;0;122;0;
12390;5472062;1207906304;13910016;1393459200;0;0;0;0;0;0;0;0;0;0;0;1382;0;0;126;0;122;0;
12391;4750810;1207906304;13910016;1393459200;0;0;0;0;0;0;0;0;0;0;0;2445;0;0;126;0;122;0;
12392;5326609;1207906304;13910016;1393459200;0;0;0;0;0;0;0;0;0;0;0;1923;0;0;126;0;122;0;
12393;3752377;1207906304;13910016;1393459200;0;0;0;0;0;0;0;0;0;0;0;2124;0;0;126;0;122;0;
12394;4592092;1207906304;13910016;1393459200;0;0;0;0;0;0;0;0;0;0;0;1683;0;0;126;0;122;0;
12395;3229557;1207906304;13910016;1393459200;0;0;0;0;0;0;0;0;0;0;0;2806;0;0;126;0;122;0;
12396;5656489;1207906304;13910016;1393459200;0;0;0;0;0;0;0;0;0;0;0;1833;0;0;126;0;122;0;
12397;3555288;1207906304;13910016;1393459200;0;0;0;0;0;0;0;0;0;0;0;2445;0;0;126;0;122;0;
12398;4774624;1207906304;13910016;1393459200;0;0;0;0;0;0;0;0;0;0;0;1813;0;0;126;0;122;0;
12399;2862729;1207906304;13910016;1393459200;0;0;0;0;0;0;0;0;0;0;0;111970;0;0;126;0;122;0;
12400;6494530;1211887616;21688320;1401237504;0;0;0;0;0;0;0;0;0;0;0;2736;0;0;126;0;122;0;
12401;4351000;1213984768;21692416;1401241600;0;0;0;0;0;0;0;0;0;0;0;2435;0;0;126;0;122;0;
12402;5578452;1214251008;21692416;1401241600;0;0;0;0;0;0;0;0;0;0;0;2344;0;0;126;0;122;0;
12403;3460800;1214251008;21692416;1401241600;0;0;0;0;0;0;0;0;0;0;0;2705;0;0;126;0;122;0;
12404;5322612;1214251008;21692416;1401241600;0;0;0;0;0;0;0;0;0;0;0;1813;0;0;126;0;122;0;
12405;3208427;1214251008;21692416;1401241600;0;0;0;0;0;0;0;0;0;0;0;2305;0;0;126;0;122;0;
12406;5310489;1214251008;21692416;1401241600;0;0;0;0;0;0;0;0;0;0;0;1583;0;0;126;0;122;0;
12407;3596956;1207922688;14364672;1393913856;0;0;0;0;0;0;0;0;0;0;0;2785;0;0;126;0;122;0;
12408;4930106;1207922688;14364672;1393913856;0;0;0;0;0;0;0;0;0;0;0;1793;0;0;126;0;122;0;
12409;4246013;1207922688;14364672;1393913856;0;0;0;0;0;0;0;0;0;0;0;2244;0;0;126;0;122;0;
12410;5994042;1207922688;14364672;1393913856;0;0;0;0;0;0;0;0;0;0;0;1473;0;0;126;0;122;0;
12411;4906431;1207922688;14364672;1393913856;0;0;0;0;0;0;0;0;0;0;0;3536;0;0;126;0;122;0;
12412;6964731;1207922688;14364672;1393913856;0;0;0;0;0;0;0;0;0;0;0;3727;0;0;126;0;122;0;
12413;3585524;1207922688;14364672;1393913856;0;0;0;0;0;0;0;0;0;0;0;3136;0;0;126;0;122;0;
12414;7376413;1207922688;14364672;1393913856;0;0;0;0;0;0;0;0;0;0;0;2885;0;0;126;0;122;0;
12415;3179282;1207922688;14364672;1393913856;0;0;0;0;0;0;0;0;0;0;0;3035;0;0;126;0;122;0;
12416;6805543;1207922688;14364672;1393913856;0;0;0;0;0;0;0;0;0;0;0;3096;0;0;126;0;122;0;
12417;3620509;1207922688;14364672;1393913856;0;0;0;0;0;0;0;0;0;0;0;2975;0;0;126;0;122;0;
12418;6019759;1207922688;14364672;1393913856;0;0;0;0;0;0;0;0;0;0;0;3026;0;0;126;0;122;0;
12419;3521634;1207922688;14364672;1393913856;0;0;0;0;0;0;0;0;0;0;0;3116;0;0;126;0;122;0;
12420;5649855;1207922688;14364672;1393913856;0;0;0;0;0;0;0;0;0;0;0;3176;0;0;126;0;122;0;
12421;4451628;1207922688;14364672;1393913856;0;0;0;0;0;0;0;0;0;0;0;3246;0;0;126;0;122;0;
12422;5794577;1210019840;21692416;1401241600;0;0;0;0;0;0;0;0;0;0;0;3356;0;0;126;0;122;0;
12423;4833044;1214214144;21692416;1401241600;0;0;0;0;0;0;0;0;0;0;0;3276;0;0;126;0;122;0;
12424;7072173;1214214144;21692416;1401241600;0;0;0;0;0;0;0;0;0;0;0;3055;0;0;126;0;122;0;
12425;3704507;1214214144;21692416;1401241600;0;0;0;0;0;0;0;0;0;0;0;2685;0;0;126;0;122;0;
12426;6989508;1214214144;21692416;1401241600;0;0;0;0;0;0;0;0;0;0;0;3056;0;0;126;0;122;0;
12427;3740104;1214214144;21692416;1401241600;0;0;0;0;0;0;0;0;0;0;0;3567;0;0;126;0;122;0;
12428;5182650;1214214144;21692416;1401241600;0;0;0;0;0;0;0;0;0;0;0;1854;0;0;126;0;122;0;
12429;3789787;1207934976;13914112;1393463296;0;0;0;0;0;0;0;0;0;0;0;2935;0;0;126;0;122;0;
12430;4377128;1207934976;13914112;1393463296;0;0;0;0;0;0;0;0;0;0;0;1683;0;0;126;0;122;0;
12431;4257074;1207934976;13914112;1393463296;0;0;0;0;0;0;0;0;0;0;0;2976;0;0;126;0;122;0;
12432;5108400;1207934976;13914112;1393463296;0;0;0;0;0;0;0;0;0;0;0;1954;0;0;126;0;122;0;
12433;5035233;1207934976;13914112;1393463296;0;0;0;0;0;0;0;0;0;0;0;3025;0;0;126;0;122;0;
12434;5865039;1207934976;13914112;1393463296;0;0;0;0;0;0;0;0;0;0;0;2535;0;0;126;0;122;0;
12435;4193434;1207934976;13914112;1393463296;0;0;0;0;0;0;0;0;0;0;0;2876;0;0;126;0;122;0;
12436;5906166;1207934976;13914112;1393463296;0;0;0;0;0;0;0;0;0;0;0;1924;0;0;126;0;122;0;
12437;4093827;1207934976;13914112;1393463296;0;0;0;0;0;0;0;0;0;0;0;3015;0;0;126;0;122;0;
12438;5593510;1207934976;13914112;1393463296;0;0;0;0;0;0;0;0;0;0;0;1964;0;0;126;0;122;0;
12439;5743722;1207934976;13914112;1393463296;0;0;0;0;0;0;0;0;0;0;0;3677;0;0;126;0;122;0;
12440;5797293;1207934976;13914112;1393463296;0;0;0;0;0;0;0;0;0;0;0;3025;0;0;126;0;122;0;
12441;4568458;1207934976;13914112;1393463296;0;0;0;0;0;0;0;0;0;0;0;3987;0;0;126;0;122;0;
12442;7023391;1207934976;13914112;1393463296;0;0;0;0;0;0;0;0;0;0;0;3717;0;0;126;0;122;0;
12443;3479616;1207934976;13914112;1393463296;0;0;0;0;0;0;0;0;0;0;0;2875;0;0;126;0;122;0;
12444;6315654;1207934976;13914112;1393463296;0;0;0;0;0;0;0;0;0;0;0;2394;0;0;126;0;122;0;
12445;4789883;1207934976;13914112;1393463296;0;0;0;0;0;0;0;0;0;0;0;3226;0;0;126;0;122;0;
12446;5628526;1211916288;21692416;1401241600;0;0;0;0;0;0;0;0;0;0;0;2896;0;0;126;0;122;0;
12447;4621006;1214013440;21692416;1401241600;0;0;0;0;0;0;0;0;0;0;0;3437;0;0;126;0;122;0;
12448;7613448;1214279680;21692416;1401241600;0;0;0;0;0;0;0;0;0;0;0;3287;0;0;126;0;122;0;
12449;8652346;1214279680;21692416;1401241600;0;0;0;0;0;0;0;0;0;0;0;11291;0;0;126;0;122;0;
12450;6132681;1214279680;21692416;1401241600;0;0;0;0;0;0;0;0;0;0;0;2134;0;0;126;0;122;0;
12451;4418937;1214279680;21692416;1401241600;0;0;0;0;0;0;0;0;0;0;0;3487;0;0;126;0;122;0;
12452;5458717;1214279680;21692416;1401241600;0;0;0;0;0;0;0;0;0;0;0;1953;0;0;126;0;122;0;
12453;4510418;1207947264;14364672;1393913856;0;0;0;0;0;0;0;0;0;0;0;2574;0;0;126;0;122;0;
12454;5628245;1207947264;14364672;1393913856;0;0;0;0;0;0;0;0;0;0;0;2184;0;0;126;0;122;0;
12455;4830399;1207947264;14364672;1393913856;0;0;0;0;0;0;0;0;0;0;0;8105;0;0;126;0;122;0;
12456;7370462;1207947264;14364672;1393913856;0;0;0;0;0;0;0;0;0;0;0;2876;0;0;126;0;122;0;
12457;3710779;1207947264;14364672;1393913856;0;0;0;0;0;0;0;0;0;0;0;3837;0;0;126;0;122;0;
12458;7020326;1207947264;14364672;1393913856;0;0;0;0;0;0;0;0;0;0;0;3406;0;0;126;0;122;0;
12459;4293592;1207947264;14364672;1393913856;0;0;0;0;0;0;0;0;0;0;0;3176;0;0;126;0;122;0;
12460;7034934;1207947264;14364672;1393913856;0;0;0;0;0;0;0;0;0;0;0;3367;0;0;126;0;122;0;
12461;5411188;1207947264;14364672;1393913856;0;0;0;0;0;0;0;0;0;0;0;3656;0;0;126;0;122;0;
12462;5721861;1207947264;14364672;1393913856;0;0;0;0;0;0;0;0;0;0;0;2154;0;0;126;0;122;0;
12463;3864427;1207947264;14364672;1393913856;0;0;0;0;0;0;0;0;0;0;0;2916;0;0;126;0;122;0;
12464;5855892;1207947264;14364672;1393913856;0;0;0;0;0;0;0;0;0;0;0;2235;0;0;126;0;122;0;
12465;4872948;1207947264;14364672;1393913856;0;0;0;0;0;0;0;0;0;0;0;2965;0;0;126;0;122;0;
12466;6330401;1207947264;14368768;1393917952;0;0;0;0;0;0;0;0;0;0;0;3166;0;0;126;0;122;0;
12467;3649764;1210044416;21700608;1401249792;0;0;0;0;0;0;0;0;0;0;0;2545;0;0;126;0;122;0;
12468;6325032;1214238720;21700608;1401249792;0;0;0;0;0;0;0;0;0;0;0;2896;0;0;126;0;122;0;
12469;3859148;1214238720;21700608;1401249792;0;0;0;0;0;0;0;0;0;0;0;2706;0;0;126;0;122;0;
12470;5573533;1214238720;21700608;1401249792;0;0;0;0;0;0;0;0;0;0;0;3065;0;0;126;0;122;0;
12471;3193850;1214238720;21700608;1401249792;0;0;0;0;0;0;0;0;0;0;0;2975;0;0;126;0;122;0;
12472;5015646;1214238720;21700608;1401249792;0;0;0;0;0;0;0;0;0;0;0;1974;0;0;126;0;122;0;
12473;4247907;1214472192;21692416;1401241600;0;0;0;0;0;0;0;0;0;0;0;3166;0;0;126;0;122;0;
12474;5146732;1214472192;21692416;1401241600;0;0;0;0;0;0;0;0;0;0;0;1793;0;0;126;0;122;0;
12475;4286579;1207959552;13914112;1393463296;0;0;0;0;0;0;0;0;0;0;0;2335;0;0;126;0;122;0;
12476;6263817;1207959552;13914112;1393463296;0;0;0;0;0;0;0;0;0;0;0;1643;0;0;126;0;122;0;
12477;3922336;1207959552;13914112;1393463296;0;0;0;0;0;0;0;0;0;0;0;2795;0;0;126;0;122;0;
12478;6940787;1207959552;13914112;1393463296;0;0;0;0;0;0;0;0;0;0;0;2886;0;0;126;0;122;0;
12479;3715508;1207959552;13914112;1393463296;0;0;0;0;0;0;0;0;0;0;0;2826;0;0;126;0;122;0;
12480;7463958;1207959552;13914112;1393463296;0;0;0;0;0;0;0;0;0;0;0;2555;0;0;126;0;122;0;
12481;3522386;1207959552;13914112;1393463296;0;0;0;0;0;0;0;0;0;0;0;2805;0;0;126;0;122;0;
12482;5022790;1207959552;13914112;1393463296;0;0;0;0;0;0;0;0;0;0;0;3126;0;0;126;0;122;0;
12483;2960803;1207959552;13914112;1393463296;0;0;0;0;0;0;0;0;0;0;0;2855;0;0;126;0;122;0;
12484;5418021;1207959552;13914112;1393463296;0;0;0;0;0;0;0;0;0;0;0;2294;0;0;126;0;122;0;
12485;3365141;1207959552;13914112;1393463296;0;0;0;0;0;0;0;0;0;0;0;3287;0;0;126;0;122;0;
12486;4892054;1207959552;13914112;1393463296;0;0;0;0;0;0;0;0;0;0;0;2374;0;0;126;0;122;0;
12487;3395257;1207959552;13914112;1393463296;0;0;0;0;0;0;0;0;0;0;0;2936;0;0;126;0;122;0;
12488;6437764;1207959552;13914112;1393463296;0;0;0;0;0;0;0;0;0;0;0;1954;0;0;126;0;122;0;
12489;3074596;1207959552;13914112;1393463296;0;0;0;0;0;0;0;0;0;0;0;3256;0;0;126;0;122;0;
12490;5310950;1207959552;13914112;1393463296;0;0;0;0;0;0;0;0;0;0;0;2094;0;0;126;0;122;0;
12491;3180063;1207959552;13914112;1393463296;0;0;0;0;0;0;0;0;0;0;0;2344;0;0;126;0;122;0;
12492;6431081;1211940864;21692416;1401241600;0;0;0;0;0;0;0;0;0;0;0;2745;0;0;126;0;122;0;
12493;3466531;1214038016;21692416;1401241600;0;0;0;0;0;0;0;0;0;0;0;2885;0;0;126;0;122;0;
12494;5997467;1214304256;21692416;1401241600;0;0;0;0;0;0;0;0;0;0;0;1994;0;0;126;0;122;0;
12495;3213316;1214304256;21692416;1401241600;0;0;0;0;0;0;0;0;0;0;0;2996;0;0;126;0;122;0;
12496;5263791;1214304256;21692416;1401241600;0;0;0;0;0;0;0;0;0;0;0;1983;0;0;126;0;122;0;
12497;3481119;1214304256;21692416;1401241600;0;0;0;0;0;0;0;0;0;0;0;2875;0;0;126;0;122;0;
12498;4441790;1214304256;21692416;1401241600;0;0;0;0;0;0;0;0;0;0;0;1693;0;0;126;0;122;0;
12499;4000002;1207971840;14364672;1393913856;0;0;0;0;0;0;0;0;0;0;0;3477;0;0;126;0;122;0;
12500;5967291;1207971840;14364672;1393913856;0;0;0;0;0;0;0;0;0;0;0;1973;0;0;126;0;122;0;
12501;3312131;1207971840;14364672;1393913856;0;0;0;0;0;0;0;0;0;0;0;3016;0;0;126;0;122;0;
12502;5311281;1207971840;14364672;1393913856;0;0;0;0;0;0;0;0;0;0;0;1583;0;0;126;0;122;0;
12503;2906541;1207971840;14364672;1393913856;0;0;0;0;0;0;0;0;0;0;0;3146;0;0;126;0;122;0;
12504;5899774;1207971840;14364672;1393913856;0;0;0;0;0;0;0;0;0;0;0;1843;0;0;126;0;122;0;
12505;3269682;1207971840;14364672;1393913856;0;0;0;0;0;0;0;0;0;0;0;2595;0;0;126;0;122;0;
12506;5755393;1207971840;14364672;1393913856;0;0;0;0;0;0;0;0;0;0;0;2224;0;0;126;0;122;0;
12507;2960973;1207971840;14364672;1393913856;0;0;0;0;0;0;0;0;0;0;0;3186;0;0;126;0;122;0;
12508;5137976;1207971840;14364672;1393913856;0;0;0;0;0;0;0;0;0;0;0;1533;0;0;126;0;122;0;
12509;3649835;1207971840;14364672;1393913856;0;0;0;0;0;0;0;0;0;0;0;2655;0;0;126;0;122;0;
12510;6502054;1207971840;14364672;1393913856;0;0;0;0;0;0;0;0;0;0;0;1543;0;0;126;0;122;0;
12511;3171327;1207971840;14364672;1393913856;0;0;0;0;0;0;0;0;0;0;0;2765;0;0;126;0;122;0;
12512;5470399;1207971840;14364672;1393913856;0;0;0;0;0;0;0;0;0;0;0;1493;0;0;126;0;122;0;
12513;3129559;1207971840;14364672;1393913856;0;0;0;0;0;0;0;0;0;0;0;3216;0;0;126;0;122;0;
12514;5363519;1212166144;21692416;1401241600;0;0;0;0;0;0;0;0;0;0;0;2244;0;0;126;0;122;0;
12515;3682576;1214263296;21692416;1401241600;0;0;0;0;0;0;0;0;0;0;0;2595;0;0;126;0;122;0;
12516;5167752;1214517248;21692416;1401241600;0;0;0;0;0;0;0;0;0;0;0;1923;0;0;126;0;122;0;
12517;4540435;1214517248;21692416;1401241600;0;0;0;0;0;0;0;0;0;0;0;4759;0;0;126;0;122;0;
12518;5624809;1214517248;21692416;1401241600;0;0;0;0;0;0;0;0;0;0;0;2936;0;0;126;0;122;0;
12519;3186977;1214517248;21692416;1401241600;0;0;0;0;0;0;0;0;0;0;0;3547;0;0;126;0;122;0;
12520;4769004;1214517248;21692416;1401241600;0;0;0;0;0;0;0;0;0;0;0;1553;0;0;126;0;122;0;
12521;4599014;1207984128;13914112;1393463296;0;0;0;0;0;0;0;0;0;0;0;3918;0;0;126;0;122;0;
12522;4828546;1207984128;13914112;1393463296;0;0;0;0;0;0;0;0;0;0;0;2114;0;0;126;0;122;0;
12523;2815380;1207984128;13914112;1393463296;0;0;0;0;0;0;0;0;0;0;0;2585;0;0;126;0;122;0;
12524;5501247;1207984128;13914112;1393463296;0;0;0;0;0;0;0;0;0;0;0;1873;0;0;126;0;122;0;
12525;3984342;1207984128;13914112;1393463296;0;0;0;0;0;0;0;0;0;0;0;2665;0;0;126;0;122;0;
12526;5479556;1207984128;13914112;1393463296;0;0;0;0;0;0;0;0;0;0;0;1864;0;0;126;0;122;0;
12527;2902704;1207984128;13914112;1393463296;0;0;0;0;0;0;0;0;0;0;0;3025;0;0;126;0;122;0;
12528;5400668;1207984128;13914112;1393463296;0;0;0;0;0;0;0;0;0;0;0;1643;0;0;126;0;122;0;
12529;3683007;1207984128;13914112;1393463296;0;0;0;0;0;0;0;0;0;0;0;3236;0;0;126;0;122;0;
12530;5689370;1207984128;13914112;1393463296;0;0;0;0;0;0;0;0;0;0;0;1493;0;0;126;0;122;0;
12531;3418571;1207984128;13914112;1393463296;0;0;0;0;0;0;0;0;0;0;0;2434;0;0;126;0;122;0;
12532;5763639;1207984128;13914112;1393463296;0;0;0;0;0;0;0;0;0;0;0;1803;0;0;126;0;122;0;
12533;4414679;1207984128;13914112;1393463296;0;0;0;0;0;0;0;0;0;0;0;2655;0;0;126;0;122;0;
12534;5354893;1207984128;13914112;1393463296;0;0;0;0;0;0;0;0;0;0;0;1683;0;0;126;0;122;0;
12535;3932475;1207984128;13914112;1393463296;0;0;0;0;0;0;0;0;0;0;0;2445;0;0;126;0;122;0;
12536;5854910;1207984128;13914112;1393463296;0;0;0;0;0;0;0;0;0;0;0;1944;0;0;126;0;122;0;
12537;2559189;1207984128;13914112;1393463296;0;0;0;0;0;0;0;0;0;0;0;2675;0;0;126;0;122;0;
12538;6396726;1211965440;21692416;1401241600;0;0;0;0;0;0;0;0;0;0;0;1943;0;0;126;0;122;0;
12539;6927161;1214062592;21692416;1401241600;0;0;0;0;0;0;0;0;0;0;0;3216;0;0;126;0;122;0;
12540;7823532;1214328832;21692416;1401241600;0;0;0;0;0;0;0;0;0;0;0;1432;0;0;126;0;122;0;
12541;5547794;1214328832;21692416;1401241600;0;0;0;0;0;0;0;0;0;0;0;3166;0;0;126;0;122;0;
12542;6050437;1214328832;21692416;1401241600;0;0;0;0;0;0;0;0;0;0;0;2965;0;0;126;0;122;0;
12543;3987128;1214328832;21692416;1401241600;0;0;0;0;0;0;0;0;0;0;0;3426;0;0;126;0;122;0;
12544;5957312;1214328832;21692416;1401241600;0;0;0;0;0;0;0;0;0;0;0;3146;0;0;126;0;122;0;
12545;5828481;1207996416;14364672;1393913856;0;0;0;0;0;0;0;0;0;0;0;4038;0;0;126;0;122;0;
12546;5781592;1207996416;14364672;1393913856;0;0;0;0;0;0;0;0;0;0;0;2525;0;0;126;0;122;0;
12547;3685010;1207996416;14364672;1393913856;0;0;0;0;0;0;0;0;0;0;0;3286;0;0;126;0;122;0;
12548;5394347;1207996416;14364672;1393913856;0;0;0;0;0;0;0;0;0;0;0;2124;0;0;126;0;122;0;
12549;4386185;1207996416;14364672;1393913856;0;0;0;0;0;0;0;0;0;0;0;3266;0;0;126;0;122;0;
12550;5649285;1207996416;14364672;1393913856;0;0;0;0;0;0;0;0;0;0;0;2996;0;0;126;0;122;0;
12551;3598859;1207996416;14364672;1393913856;0;0;0;0;0;0;0;0;0;0;0;3446;0;0;126;0;122;0;
12552;5623917;1207996416;14364672;1393913856;0;0;0;0;0;0;0;0;0;0;0;2525;0;0;126;0;122;0;
12553;3584102;1207996416;14364672;1393913856;0;0;0;0;0;0;0;0;0;0;0;3286;0;0;126;0;122;0;
12554;4548981;1207996416;14364672;1393913856;0;0;0;0;0;0;0;0;0;0;0;1834;0;0;126;0;122;0;
12555;3273098;1207996416;14364672;1393913856;0;0;0;0;0;0;0;0;0;0;0;2816;0;0;126;0;122;0;
12556;5536774;1207996416;14364672;1393913856;0;0;0;0;0;0;0;0;0;0;0;2815;0;0;126;0;122;0;
12557;4133181;1207996416;14364672;1393913856;0;0;0;0;0;0;0;0;0;0;0;4148;0;0;126;0;122;0;
12558;6275789;1207996416;14364672;1393913856;0;0;0;0;0;0;0;0;0;0;0;2144;0;0;126;0;122;0;
12559;3301752;1207996416;14364672;1393913856;0;0;0;0;0;0;0;0;0;0;0;2905;0;0;126;0;122;0;
12560;5613176;1212190720;21692416;1401241600;0;0;0;0;0;0;0;0;0;0;0;2475;0;0;126;0;122;0;
12561;3688478;1214287872;21692416;1401241600;0;0;0;0;0;0;0;0;0;0;0;3437;0;0;126;0;122;0;
12562;5517617;1214541824;21692416;1401241600;0;0;0;0;0;0;0;0;0;0;0;2003;0;0;126;0;122;0;
12563;3222584;1214541824;21692416;1401241600;0;0;0;0;0;0;0;0;0;0;0;2445;0;0;126;0;122;0;
12564;5602437;1214541824;21692416;1401241600;0;0;0;0;0;0;0;0;0;0;0;2094;0;0;126;0;122;0;
12565;3692896;1214541824;21692416;1401241600;0;0;0;0;0;0;0;0;0;0;0;2965;0;0;126;0;122;0;
12566;5366705;1214541824;21692416;1401241600;0;0;0;0;0;0;0;0;0;0;0;1573;0;0;126;0;122;0;
12567;4029687;1208008704;13914112;1393463296;0;0;0;0;0;0;0;0;0;0;0;2605;0;0;126;0;122;0;
12568;4970031;1208008704;13914112;1393463296;0;0;0;0;0;0;0;0;0;0;0;2504;0;0;126;0;122;0;
12569;3409715;1208008704;13914112;1393463296;0;0;0;0;0;0;0;0;0;0;0;3767;0;0;126;0;122;0;
12570;4407415;1208008704;13914112;1393463296;0;0;0;0;0;0;0;0;0;0;0;1603;0;0;126;0;122;0;
12571;3678539;1208008704;13914112;1393463296;0;0;0;0;0;0;0;0;0;0;0;2935;0;0;126;0;122;0;
12572;7146262;1208008704;13914112;1393463296;0;0;0;0;0;0;0;0;0;0;0;4268;0;0;126;0;122;0;
12573;3632863;1208008704;13914112;1393463296;0;0;0;0;0;0;0;0;0;0;0;4068;0;0;126;0;122;0;
12574;5746297;1208008704;13914112;1393463296;0;0;0;0;0;0;0;0;0;0;0;1944;0;0;126;0;122;0;
12575;2873609;1208008704;13914112;1393463296;0;0;0;0;0;0;0;0;0;0;0;3427;0;0;126;0;122;0;
12576;5694019;1208008704;13914112;1393463296;0;0;0;0;0;0;0;0;0;0;0;1713;0;0;126;0;122;0;
12577;4735652;1208008704;13914112;1393463296;0;0;0;0;0;0;0;0;0;0;0;3046;0;0;126;0;122;0;
12578;4973537;1208008704;13914112;1393463296;0;0;0;0;0;0;0;0;0;0;0;1934;0;0;126;0;122;0;
12579;3373146;1208008704;13914112;1393463296;0;0;0;0;0;0;0;0;0;0;0;2995;0;0;126;0;122;0;
12580;5229748;1208008704;13914112;1393463296;0;0;0;0;0;0;0;0;0;0;0;2244;0;0;126;0;122;0;
12581;3292144;1208008704;13914112;1393463296;0;0;0;0;0;0;0;0;0;0;0;3547;0;0;126;0;122;0;
12582;6131960;1208008704;13914112;1393463296;0;0;0;0;0;0;0;0;0;0;0;1873;0;0;126;0;122;0;
12583;3524710;1208008704;13914112;1393463296;0;0;0;0;0;0;0;0;0;0;0;3065;0;0;126;0;122;0;
12584;7477173;1211990016;21692416;1401241600;0;0;0;0;0;0;0;0;0;0;0;2024;0;0;126;0;122;0;
12585;4198644;1214087168;21692416;1401241600;0;0;0;0;0;0;0;0;0;0;0;3306;0;0;126;0;122;0;
12586;5540781;1214353408;21692416;1401241600;0;0;0;0;0;0;0;0;0;0;0;1873;0;0;126;0;122;0;
12587;2967455;1214353408;21692416;1401241600;0;0;0;0;0;0;0;0;0;0;0;3126;0;0;126;0;122;0;
12588;5668801;1214353408;21692416;1401241600;0;0;0;0;0;0;0;0;0;0;0;1893;0;0;126;0;122;0;
12589;4643979;1214353408;21692416;1401241600;0;0;0;0;0;0;0;0;0;0;0;3106;0;0;126;0;122;0;
12590;5610221;1214353408;21692416;1401241600;0;0;0;0;0;0;0;0;0;0;0;2314;0;0;126;0;122;0;
12591;5097389;1208020992;14364672;1393913856;0;0;0;0;0;0;0;0;0;0;0;35827;0;0;126;0;122;0;
12592;5346557;1208020992;14364672;1393913856;0;0;0;0;0;0;0;0;0;0;0;1803;0;0;126;0;122;0;
12593;3477722;1208020992;14364672;1393913856;0;0;0;0;0;0;0;0;0;0;0;2405;0;0;126;0;122;0;
12594;5517518;1208020992;14364672;1393913856;0;0;0;0;0;0;0;0;0;0;0;1673;0;0;126;0;122;0;
12595;4937069;1208020992;14364672;1393913856;0;0;0;0;0;0;0;0;0;0;0;2775;0;0;126;0;122;0;
12596;6234963;1208020992;14364672;1393913856;0;0;0;0;0;0;0;0;0;0;0;2464;0;0;126;0;122;0;
12597;5657159;1208020992;14364672;1393913856;0;0;0;0;0;0;0;0;0;0;0;3587;0;0;126;0;122;0;
12598;6297901;1208020992;14364672;1393913856;0;0;0;0;0;0;0;0;0;0;0;2224;0;0;126;0;122;0;
12599;4924786;1208020992;14364672;1393913856;0;0;0;0;0;0;0;0;0;0;0;3226;0;0;126;0;122;0;
12600;6867920;1208020992;14364672;1393913856;0;0;0;0;0;0;0;0;0;0;0;3186;0;0;126;0;122;0;
12601;4954832;1208020992;14364672;1393913856;0;0;0;0;0;0;0;0;0;0;0;75742;0;0;126;0;122;0;
12602;7683269;1208020992;14364672;1393913856;0;0;0;0;0;0;0;0;0;0;0;3617;0;0;126;0;122;0;
12603;4476555;1208020992;14364672;1393913856;0;0;0;0;0;0;0;0;0;0;0;3366;0;0;126;0;122;0;
12604;6874382;1208020992;14364672;1393913856;0;0;0;0;0;0;0;0;0;0;0;2725;0;0;126;0;122;0;
12605;5345205;1208020992;14364672;1393913856;0;0;0;0;0;0;0;0;0;0;0;3537;0;0;126;0;122;0;
12606;6095080;1212215296;21692416;1401241600;0;0;0;0;0;0;0;0;0;0;0;3086;0;0;126;0;122;0;
12607;5420355;1214312448;21692416;1401241600;0;0;0;0;0;0;0;0;0;0;0;3798;0;0;126;0;122;0;
12608;5562592;1214566400;21692416;1401241600;0;0;0;0;0;0;0;0;0;0;0;2224;0;0;126;0;122;0;
12609;5981407;1214566400;21692416;1401241600;0;0;0;0;0;0;0;0;0;0;0;3557;0;0;126;0;122;0;
12610;5292305;1214566400;21692416;1401241600;0;0;0;0;0;0;0;0;0;0;0;2475;0;0;126;0;122;0;
12611;5451003;1214566400;21692416;1401241600;0;0;0;0;0;0;0;0;0;0;0;3387;0;0;126;0;122;0;
12612;6788701;1214566400;21692416;1401241600;0;0;0;0;0;0;0;0;0;0;0;3537;0;0;126;0;122;0;
12613;6408889;1208033280;13914112;1393463296;0;0;0;0;0;0;0;0;0;0;0;3747;0;0;126;0;122;0;
12614;6945495;1208033280;13914112;1393463296;0;0;0;0;0;0;0;0;0;0;0;2845;0;0;126;0;122;0;
12615;5276726;1208033280;13914112;1393463296;0;0;0;0;0;0;0;0;0;0;0;3316;0;0;126;0;122;0;
12616;4858983;1208033280;13914112;1393463296;0;0;0;0;0;0;0;0;0;0;0;2053;0;0;126;0;122;0;
12617;5745074;1208033280;13914112;1393463296;0;0;0;0;0;0;0;0;0;0;0;4238;0;0;126;0;122;0;
12618;6684296;1208033280;13914112;1393463296;0;0;0;0;0;0;0;0;0;0;0;2695;0;0;126;0;122;0;
12619;5207265;1208033280;13914112;1393463296;0;0;0;0;0;0;0;0;0;0;0;3105;0;0;126;0;122;0;
12620;6432864;1208033280;13914112;1393463296;0;0;0;0;0;0;0;0;0;0;0;2615;0;0;126;0;122;0;
12621;4136047;1208033280;13914112;1393463296;0;0;0;0;0;0;0;0;0;0;0;2735;0;0;126;0;122;0;
12622;5095206;1208033280;13914112;1393463296;0;0;0;0;0;0;0;0;0;0;0;2375;0;0;126;0;122;0;
12623;5722041;1208033280;13914112;1393463296;0;0;0;0;0;0;0;0;0;0;0;2635;0;0;126;0;122;0;
12624;4889440;1208033280;13914112;1393463296;0;0;0;0;0;0;0;0;0;0;0;2104;0;0;126;0;122;0;
12625;5137205;1208033280;13914112;1393463296;0;0;0;0;0;0;0;0;0;0;0;3376;0;0;126;0;122;0;
12626;5418431;1208033280;13914112;1393463296;0;0;0;0;0;0;0;0;0;0;0;2004;0;0;126;0;122;0;
12627;3753960;1208033280;13914112;1393463296;0;0;0;0;0;0;0;0;0;0;0;2966;0;0;126;0;122;0;
12628;5666187;1208033280;13914112;1393463296;0;0;0;0;0;0;0;0;0;0;0;2574;0;0;126;0;122;0;
12629;6934004;1208033280;13914112;1393463296;0;0;0;0;0;0;0;0;0;0;0;3577;0;0;126;0;122;0;
12630;7171329;1212014592;21692416;1401241600;0;0;0;0;0;0;0;0;0;0;0;2725;0;0;126;0;122;0;
12631;5458677;1214111744;21692416;1401241600;0;0;0;0;0;0;0;0;0;0;0;2575;0;0;126;0;122;0;
12632;6335381;1214377984;21692416;1401241600;0;0;0;0;0;0;0;0;0;0;0;2054;0;0;126;0;122;0;
12633;3618366;1214377984;21692416;1401241600;0;0;0;0;0;0;0;0;0;0;0;3316;0;0;126;0;122;0;
12634;5605593;1214377984;21692416;1401241600;0;0;0;0;0;0;0;0;0;0;0;1924;0;0;126;0;122;0;
12635;3588661;1214377984;21692416;1401241600;0;0;0;0;0;0;0;0;0;0;0;2845;0;0;126;0;122;0;
12636;5516085;1214377984;21692416;1401241600;0;0;0;0;0;0;0;0;0;0;0;2034;0;0;126;0;122;0;
12637;4302319;1208045568;14364672;1393913856;0;0;0;0;0;0;0;0;0;0;0;2866;0;0;126;0;122;0;
12638;5025114;1208045568;14364672;1393913856;0;0;0;0;0;0;0;0;0;0;0;2194;0;0;126;0;122;0;
12639;4864874;1208045568;14364672;1393913856;0;0;0;0;0;0;0;0;0;0;0;3006;0;0;126;0;122;0;
12640;4803128;1208045568;14364672;1393913856;0;0;0;0;0;0;0;0;0;0;0;1984;0;0;126;0;122;0;
12641;4068690;1208045568;14364672;1393913856;0;0;0;0;0;0;0;0;0;0;0;2705;0;0;126;0;122;0;
12642;4540606;1208045568;14364672;1393913856;0;0;0;0;0;0;0;0;0;0;0;1623;0;0;126;0;122;0;
12643;4125236;1208045568;14364672;1393913856;0;0;0;0;0;0;0;0;0;0;0;2294;0;0;126;0;122;0;
12644;5834151;1208045568;14364672;1393913856;0;0;0;0;0;0;0;0;0;0;0;1713;0;0;126;0;122;0;
12645;2956274;1208045568;14364672;1393913856;0;0;0;0;0;0;0;0;0;0;0;2475;0;0;126;0;122;0;
12646;6640123;1208045568;14364672;1393913856;0;0;0;0;0;0;0;0;0;0;0;2515;0;0;126;0;122;0;
12647;3304427;1208045568;14364672;1393913856;0;0;0;0;0;0;0;0;0;0;0;2284;0;0;126;0;122;0;
12648;4920087;1208045568;14364672;1393913856;0;0;0;0;0;0;0;0;0;0;0;1623;0;0;126;0;122;0;
12649;2501361;1208045568;14364672;1393913856;0;0;0;0;0;0;0;0;0;0;0;2084;0;0;126;0;122;0;
12650;5382514;1208045568;14364672;1393913856;0;0;0;0;0;0;0;0;0;0;0;1844;0;0;126;0;122;0;
12651;2680987;1208045568;14364672;1393913856;0;0;0;0;0;0;0;0;0;0;0;2494;0;0;126;0;122;0;
12652;6418217;1212239872;21692416;1401241600;0;0;0;0;0;0;0;0;0;0;0;2234;0;0;126;0;122;0;
12653;3923418;1214337024;21692416;1401241600;0;0;0;0;0;0;0;0;0;0;0;3447;0;0;126;0;122;0;
12654;5466322;1214590976;21692416;1401241600;0;0;0;0;0;0;0;0;0;0;0;2404;0;0;126;0;122;0;
12655;3280562;1214590976;21692416;1401241600;0;0;0;0;0;0;0;0;0;0;0;2725;0;0;126;0;122;0;
12656;5215922;1214590976;21692416;1401241600;0;0;0;0;0;0;0;0;0;0;0;2325;0;0;126;0;122;0;
12657;3904363;1214590976;21692416;1401241600;0;0;0;0;0;0;0;0;0;0;0;2214;0;0;126;0;122;0;
12658;4874281;1214590976;21692416;1401241600;0;0;0;0;0;0;0;0;0;0;0;1994;0;0;126;0;122;0;
12659;4264988;1208057856;13914112;1393463296;0;0;0;0;0;0;0;0;0;0;0;2856;0;0;126;0;122;0;
12660;4506571;1208057856;13914112;1393463296;0;0;0;0;0;0;0;0;0;0;0;1844;0;0;126;0;122;0;
12661;4389983;1208057856;13914112;1393463296;0;0;0;0;0;0;0;0;0;0;0;3416;0;0;126;0;122;0;
12662;5841695;1208057856;13914112;1393463296;0;0;0;0;0;0;0;0;0;0;0;2755;0;0;126;0;122;0;
12663;3913069;1208057856;13914112;1393463296;0;0;0;0;0;0;0;0;0;0;0;3416;0;0;126;0;122;0;
12664;6414890;1208057856;13914112;1393463296;0;0;0;0;0;0;0;0;0;0;0;3276;0;0;126;0;122;0;
12665;3766173;1208057856;13914112;1393463296;0;0;0;0;0;0;0;0;0;0;0;4148;0;0;126;0;122;0;
12666;5687476;1208057856;13914112;1393463296;0;0;0;0;0;0;0;0;0;0;0;3256;0;0;126;0;122;0;
12667;4291177;1208057856;13914112;1393463296;0;0;0;0;0;0;0;0;0;0;0;3988;0;0;126;0;122;0;
12668;6568528;1208057856;13914112;1393463296;0;0;0;0;0;0;0;0;0;0;0;2966;0;0;126;0;122;0;
12669;5965056;1208057856;13914112;1393463296;0;0;0;0;0;0;0;0;0;0;0;3817;0;0;126;0;122;0;
12670;5703647;1208057856;13914112;1393463296;0;0;0;0;0;0;0;0;0;0;0;3006;0;0;126;0;122;0;
12671;3662649;1208057856;13914112;1393463296;0;0;0;0;0;0;0;0;0;0;0;3256;0;0;126;0;122;0;
12672;5224618;1208057856;13914112;1393463296;0;0;0;0;0;0;0;0;0;0;0;2325;0;0;126;0;122;0;
12673;3970837;1208057856;13914112;1393463296;0;0;0;0;0;0;0;0;0;0;0;4017;0;0;126;0;122;0;
12674;5609991;1208057856;13914112;1393463296;0;0;0;0;0;0;0;0;0;0;0;2034;0;0;126;0;122;0;
12675;3611262;1208057856;13914112;1393463296;0;0;0;0;0;0;0;0;0;0;0;2464;0;0;126;0;122;0;
12676;5709287;1212039168;21692416;1401241600;0;0;0;0;0;0;0;0;0;0;0;3046;0;0;126;0;122;0;
12677;4409339;1214136320;21692416;1401241600;0;0;0;0;0;0;0;0;0;0;0;3527;0;0;126;0;122;0;
12678;6546687;1214672896;21692416;1401241600;0;0;0;0;0;0;0;0;0;0;0;4068;0;0;126;0;122;0;
12679;4981832;1214672896;21692416;1401241600;0;0;0;0;0;0;0;0;0;0;0;3085;0;0;126;0;122;0;
12680;7947174;1214672896;21692416;1401241600;0;0;0;0;0;0;0;0;0;0;0;3367;0;0;126;0;122;0;
12681;6838024;1214672896;21692416;1401241600;0;0;0;0;0;0;0;0;0;0;0;4087;0;0;126;0;122;0;
12682;6376448;1214672896;21692416;1401241600;0;0;0;0;0;0;0;0;0;0;0;2625;0;0;126;0;122;0;
12683;6927041;1208070144;14364672;1393913856;0;0;0;0;0;0;0;0;0;0;0;2986;0;0;126;0;122;0;
12684;7294149;1208070144;14364672;1393913856;0;0;0;0;0;0;0;0;0;0;0;2936;0;0;126;0;122;0;
12685;5066972;1208070144;14364672;1393913856;0;0;0;0;0;0;0;0;0;0;0;3076;0;0;126;0;122;0;
12686;6788340;1208070144;14364672;1393913856;0;0;0;0;0;0;0;0;0;0;0;3416;0;0;126;0;122;0;
12687;5492460;1208070144;14364672;1393913856;0;0;0;0;0;0;0;0;0;0;0;4168;0;0;126;0;122;0;
12688;6766018;1208070144;14364672;1393913856;0;0;0;0;0;0;0;0;0;0;0;3527;0;0;126;0;122;0;
12689;4810091;1208070144;14364672;1393913856;0;0;0;0;0;0;0;0;0;0;0;3867;0;0;126;0;122;0;
12690;7011660;1208070144;14364672;1393913856;0;0;0;0;0;0;0;0;0;0;0;3136;0;0;126;0;122;0;
12691;3163913;1208070144;14364672;1393913856;0;0;0;0;0;0;0;0;0;0;0;2906;0;0;126;0;122;0;
12692;6935878;1208070144;14364672;1393913856;0;0;0;0;0;0;0;0;0;0;0;3165;0;0;126;0;122;0;
12693;3995203;1208070144;14364672;1393913856;0;0;0;0;0;0;0;0;0;0;0;2354;0;0;126;0;122;0;
12694;5284791;1208070144;14364672;1393913856;0;0;0;0;0;0;0;0;0;0;0;2986;0;0;126;0;122;0;
12695;5409084;1208070144;14364672;1393913856;0;0;0;0;0;0;0;0;0;0;0;2765;0;0;126;0;122;0;
12696;4696377;1208070144;14364672;1393913856;0;0;0;0;0;0;0;0;0;0;0;2254;0;0;126;0;122;0;
12697;4073469;1208070144;14364672;1393913856;0;0;0;0;0;0;0;0;0;0;0;2615;0;0;126;0;122;0;
12698;6228120;1212264448;21692416;1401241600;0;0;0;0;0;0;0;0;0;0;0;2445;0;0;126;0;122;0;
12699;4954561;1214361600;21692416;1401241600;0;0;0;0;0;0;0;0;0;0;0;3196;0;0;126;0;122;0;
12700;5752428;1214615552;21692416;1401241600;0;0;0;0;0;0;0;0;0;0;0;2515;0;0;126;0;122;0;
12701;5312583;1214615552;21692416;1401241600;0;0;0;0;0;0;0;0;0;0;0;3396;0;0;126;0;122;0;
12702;5810698;1214615552;21692416;1401241600;0;0;0;0;0;0;0;0;0;0;0;2595;0;0;126;0;122;0;
12703;5895436;1214615552;21692416;1401241600;0;0;0;0;0;0;0;0;0;0;0;3066;0;0;126;0;122;0;
12704;5355684;1214615552;21692416;1401241600;0;0;0;0;0;0;0;0;0;0;0;2134;0;0;126;0;122;0;
12705;4705875;1208082432;13914112;1393463296;0;0;0;0;0;0;0;0;0;0;0;2325;0;0;126;0;122;0;
12706;5272308;1208082432;13914112;1393463296;0;0;0;0;0;0;0;0;0;0;0;2254;0;0;126;0;122;0;
12707;3658852;1208082432;13914112;1393463296;0;0;0;0;0;0;0;0;0;0;0;3717;0;0;126;0;122;0;
12708;4764786;1208082432;13914112;1393463296;0;0;0;0;0;0;0;0;0;0;0;2274;0;0;126;0;122;0;
12709;3548385;1208082432;13914112;1393463296;0;0;0;0;0;0;0;0;0;0;0;2876;0;0;126;0;122;0;
12710;5572541;1208082432;13914112;1393463296;0;0;0;0;0;0;0;0;0;0;0;2806;0;0;126;0;122;0;
12711;3197397;1208082432;13914112;1393463296;0;0;0;0;0;0;0;0;0;0;0;2885;0;0;126;0;122;0;
12712;6091253;1208082432;13914112;1393463296;0;0;0;0;0;0;0;0;0;0;0;2775;0;0;126;0;122;0;
12713;3560908;1208082432;13914112;1393463296;0;0;0;0;0;0;0;0;0;0;0;3627;0;0;126;0;122;0;
12714;5212375;1208082432;13914112;1393463296;0;0;0;0;0;0;0;0;0;0;0;3036;0;0;126;0;122;0;
12715;3808362;1208082432;13914112;1393463296;0;0;0;0;0;0;0;0;0;0;0;3367;0;0;126;0;122;0;
12716;5245327;1208082432;13914112;1393463296;0;0;0;0;0;0;0;0;0;0;0;2424;0;0;126;0;122;0;
12717;6665761;1208082432;13914112;1393463296;0;0;0;0;0;0;0;0;0;0;0;2985;0;0;126;0;122;0;
12718;5764571;1208082432;13914112;1393463296;0;0;0;0;0;0;0;0;0;0;0;2345;0;0;126;0;122;0;
12719;4721044;1208082432;13914112;1393463296;0;0;0;0;0;0;0;0;0;0;0;4058;0;0;126;0;122;0;
12720;5607627;1208082432;13914112;1393463296;0;0;0;0;0;0;0;0;0;0;0;2515;0;0;126;0;122;0;
12721;3555909;1208082432;13914112;1393463296;0;0;0;0;0;0;0;0;0;0;0;3597;0;0;126;0;122;0;
12722;6631317;1212063744;21692416;1401241600;0;0;0;0;0;0;0;0;0;0;0;2845;0;0;126;0;122;0;
12723;6042111;1214160896;21692416;1401241600;0;0;0;0;0;0;0;0;0;0;0;2715;0;0;126;0;122;0;
12724;6495612;1214697472;21692416;1401241600;0;0;0;0;0;0;0;0;0;0;0;2695;0;0;126;0;122;0;
12725;5092250;1214697472;21692416;1401241600;0;0;0;0;0;0;0;0;0;0;0;2815;0;0;126;0;122;0;
12726;5679441;1214697472;21692416;1401241600;0;0;0;0;0;0;0;0;0;0;0;2866;0;0;126;0;122;0;
12727;3501788;1214697472;21692416;1401241600;0;0;0;0;0;0;0;0;0;0;0;3597;0;0;126;0;122;0;
12728;6224003;1214697472;21692416;1401241600;0;0;0;0;0;0;0;0;0;0;0;3616;0;0;126;0;122;0;
12729;3843508;1208094720;14364672;1393913856;0;0;0;0;0;0;0;0;0;0;0;3136;0;0;126;0;122;0;
12730;6164020;1208094720;14364672;1393913856;0;0;0;0;0;0;0;0;0;0;0;2645;0;0;126;0;122;0;
12731;3587839;1208094720;14364672;1393913856;0;0;0;0;0;0;0;0;0;0;0;2955;0;0;126;0;122;0;
12732;5633244;1208094720;14364672;1393913856;0;0;0;0;0;0;0;0;0;0;0;2716;0;0;126;0;122;0;
12733;10930289;1208094720;14364672;1393913856;0;0;0;0;0;0;0;0;0;0;0;5220;0;0;126;0;122;0;
12734;5630960;1208094720;14364672;1393913856;0;0;0;0;0;0;0;0;0;0;0;3417;0;0;126;0;122;0;
12735;4962848;1208094720;14364672;1393913856;0;0;0;0;0;0;0;0;0;0;0;3317;0;0;126;0;122;0;
12736;5745906;1208094720;14364672;1393913856;0;0;0;0;0;0;0;0;0;0;0;1763;0;0;126;0;122;0;
12737;4437061;1208094720;14364672;1393913856;0;0;0;0;0;0;0;0;0;0;0;3898;0;0;126;0;122;0;
12738;4634752;1208094720;14364672;1393913856;0;0;0;0;0;0;0;0;0;0;0;2334;0;0;126;0;122;0;
12739;3949998;1208094720;14364672;1393913856;0;0;0;0;0;0;0;0;0;0;0;3096;0;0;126;0;122;0;
12740;5444570;1208094720;14364672;1393913856;0;0;0;0;0;0;0;0;0;0;0;2064;0;0;126;0;122;0;
12741;3977399;1208094720;14364672;1393913856;0;0;0;0;0;0;0;0;0;0;0;3086;0;0;126;0;122;0;
12742;5728483;1208094720;14364672;1393913856;0;0;0;0;0;0;0;0;0;0;0;2375;0;0;126;0;122;0;
12743;4607360;1208094720;14364672;1393913856;0;0;0;0;0;0;0;0;0;0;0;4178;0;0;126;0;122;0;
12744;7363970;1212289024;21692416;1401241600;0;0;0;0;0;0;0;0;0;0;0;3406;0;0;126;0;122;0;
12745;4220606;1214386176;21692416;1401241600;0;0;0;0;0;0;0;0;0;0;0;2905;0;0;126;0;122;0;
12746;7077794;1214640128;21692416;1401241600;0;0;0;0;0;0;0;0;0;0;0;3407;0;0;126;0;122;0;
12747;3853136;1214640128;21692416;1401241600;0;0;0;0;0;0;0;0;0;0;0;5039;0;0;126;0;122;0;
12748;8459645;1214640128;21692416;1401241600;0;0;0;0;0;0;0;0;0;0;0;3757;0;0;126;0;122;0;
12749;4271491;1214640128;21692416;1401241600;0;0;0;0;0;0;0;0;0;0;0;3466;0;0;126;0;122;0;
12750;7196506;1214640128;21692416;1401241600;0;0;0;0;0;0;0;0;0;0;0;2585;0;0;126;0;122;0;
12751;3818080;1208107008;13914112;1393463296;0;0;0;0;0;0;0;0;0;0;0;3106;0;0;126;0;122;0;
12752;5892891;1208107008;13914112;1393463296;0;0;0;0;0;0;0;0;0;0;0;2816;0;0;126;0;122;0;
12753;5156521;1208107008;13914112;1393463296;0;0;0;0;0;0;0;0;0;0;0;3006;0;0;126;0;122;0;
12754;7106959;1208107008;13914112;1393463296;0;0;0;0;0;0;0;0;0;0;0;2555;0;0;126;0;122;0;
12755;4902684;1208107008;13914112;1393463296;0;0;0;0;0;0;0;0;0;0;0;2986;0;0;126;0;122;0;
12756;6197122;1208107008;13914112;1393463296;0;0;0;0;0;0;0;0;0;0;0;2665;0;0;126;0;122;0;
12757;5283318;1208107008;13914112;1393463296;0;0;0;0;0;0;0;0;0;0;0;2635;0;0;126;0;122;0;
12758;5959807;1208107008;13914112;1393463296;0;0;0;0;0;0;0;0;0;0;0;2395;0;0;126;0;122;0;
12759;5402101;1208107008;13914112;1393463296;0;0;0;0;0;0;0;0;0;0;0;3937;0;0;126;0;122;0;
12760;6102534;1208107008;13914112;1393463296;0;0;0;0;0;0;0;0;0;0;0;2465;0;0;126;0;122;0;
12761;5346817;1208107008;13914112;1393463296;0;0;0;0;0;0;0;0;0;0;0;2796;0;0;126;0;122;0;
12762;5020365;1208107008;13914112;1393463296;0;0;0;0;0;0;0;0;0;0;0;1884;0;0;126;0;122;0;
12763;4510820;1208107008;13914112;1393463296;0;0;0;0;0;0;0;0;0;0;0;2555;0;0;126;0;122;0;
12764;5823401;1208107008;13918208;1393467392;0;0;0;0;0;0;0;0;0;0;0;2936;0;0;126;0;122;0;
12765;5096497;1208107008;13922304;1393471488;0;0;0;0;0;0;0;0;0;0;0;3537;0;0;126;0;122;0;
12766;6366320;1212088320;21700608;1401249792;0;0;0;0;0;0;0;0;0;0;0;2544;0;0;126;0;122;0;
12767;4667293;1214185472;21700608;1401249792;0;0;0;0;0;0;0;0;0;0;0;3546;0;0;126;0;122;0;
12768;5477512;1214722048;21700608;1401249792;0;0;0;0;0;0;0;0;0;0;0;2084;0;0;126;0;122;0;
12769;4174719;1214722048;21700608;1401249792;0;0;0;0;0;0;0;0;0;0;0;3327;0;0;126;0;122;0;
12770;4923664;1214722048;21700608;1401249792;0;0;0;0;0;0;0;0;0;0;0;2114;0;0;126;0;122;0;
12771;4903185;1214791680;21692416;1401241600;0;0;0;0;0;0;0;0;0;0;0;2965;0;0;126;0;122;0;
12772;6749699;1214791680;21692416;1401241600;0;0;0;0;0;0;0;0;0;0;0;2304;0;0;126;0;122;0;
12773;3929569;1208119296;14364672;1393913856;0;0;0;0;0;0;0;0;0;0;0;3136;0;0;126;0;122;0;
12774;5438970;1208119296;14364672;1393913856;0;0;0;0;0;0;0;0;0;0;0;2514;0;0;126;0;122;0;
12775;4732746;1208119296;14364672;1393913856;0;0;0;0;0;0;0;0;0;0;0;2755;0;0;126;0;122;0;
12776;5502629;1208119296;14364672;1393913856;0;0;0;0;0;0;0;0;0;0;0;1974;0;0;126;0;122;0;
12777;3038238;1208119296;14364672;1393913856;0;0;0;0;0;0;0;0;0;0;0;2986;0;0;126;0;122;0;
12778;5519060;1208119296;14364672;1393913856;0;0;0;0;0;0;0;0;0;0;0;2054;0;0;126;0;122;0;
12779;3790648;1208119296;14364672;1393913856;0;0;0;0;0;0;0;0;0;0;0;3166;0;0;126;0;122;0;
12780;5591727;1208119296;14364672;1393913856;0;0;0;0;0;0;0;0;0;0;0;2244;0;0;126;0;122;0;
12781;4184768;1208119296;14364672;1393913856;0;0;0;0;0;0;0;0;0;0;0;3346;0;0;126;0;122;0;
12782;9144539;1208119296;14364672;1393913856;0;0;0;0;0;0;0;0;0;0;0;3416;0;0;126;0;122;0;
12783;4200528;1208119296;14364672;1393913856;0;0;0;0;0;0;0;0;0;0;0;3066;0;0;126;0;122;0;
12784;6172997;1208119296;14364672;1393913856;0;0;0;0;0;0;0;0;0;0;0;3316;0;0;126;0;122;0;
12785;3442546;1208119296;14364672;1393913856;0;0;0;0;0;0;0;0;0;0;0;3196;0;0;126;0;122;0;
12786;7870801;1208119296;14364672;1393913856;0;0;0;0;0;0;0;0;0;0;0;3948;0;0;126;0;122;0;
12787;4521139;1208119296;14364672;1393913856;0;0;0;0;0;0;0;0;0;0;0;4158;0;0;126;0;122;0;
12788;6993185;1208119296;14364672;1393913856;0;0;0;0;0;0;0;0;0;0;0;3126;0;0;126;0;122;0;
12789;6696057;1208119296;14364672;1393913856;0;0;0;0;0;0;0;0;0;0;0;2996;0;0;126;0;122;0;
12790;5659794;1212313600;21692416;1401241600;0;0;0;0;0;0;0;0;0;0;0;3146;0;0;126;0;122;0;
12791;6034306;1214410752;21692416;1401241600;0;0;0;0;0;0;0;0;0;0;0;3717;0;0;126;0;122;0;
12792;6084952;1214664704;21692416;1401241600;0;0;0;0;0;0;0;0;0;0;0;3035;0;0;126;0;122;0;
12793;4431281;1214664704;21692416;1401241600;0;0;0;0;0;0;0;0;0;0;0;2755;0;0;126;0;122;0;
12794;6129625;1214664704;21692416;1401241600;0;0;0;0;0;0;0;0;0;0;0;3436;0;0;126;0;122;0;
12795;4465385;1214664704;21692416;1401241600;0;0;0;0;0;0;0;0;0;0;0;3747;0;0;126;0;122;0;
12796;8247818;1214664704;21692416;1401241600;0;0;0;0;0;0;0;0;0;0;0;3817;0;0;126;0;122;0;
12797;4098387;1208131584;13914112;1393463296;0;0;0;0;0;0;0;0;0;0;0;2896;0;0;126;0;122;0;
12798;5941984;1208131584;13914112;1393463296;0;0;0;0;0;0;0;0;0;0;0;2855;0;0;126;0;122;0;
12799;5656298;1208131584;13914112;1393463296;0;0;0;0;0;0;0;0;0;0;0;2946;0;0;126;0;122;0;
12800;5476350;1208131584;13914112;1393463296;0;0;0;0;0;0;0;0;0;0;0;2835;0;0;126;0;122;0;
12801;4935556;1208131584;13914112;1393463296;0;0;0;0;0;0;0;0;0;0;0;3216;0;0;126;0;122;0;
12802;5666707;1208131584;13914112;1393463296;0;0;0;0;0;0;0;0;0;0;0;2074;0;0;126;0;122;0;
12803;4303190;1208131584;13914112;1393463296;0;0;0;0;0;0;0;0;0;0;0;3326;0;0;126;0;122;0;
12804;4984708;1208131584;13914112;1393463296;0;0;0;0;0;0;0;0;0;0;0;1994;0;0;126;0;122;0;
12805;4092245;1208131584;13914112;1393463296;0;0;0;0;0;0;0;0;0;0;0;2936;0;0;126;0;122;0;
12806;5175396;1208131584;13914112;1393463296;0;0;0;0;0;0;0;0;0;0;0;2194;0;0;126;0;122;0;
12807;3891808;1208131584;13914112;1393463296;0;0;0;0;0;0;0;0;0;0;0;3296;0;0;126;0;122;0;
12808;5686294;1208131584;13914112;1393463296;0;0;0;0;0;0;0;0;0;0;0;1894;0;0;126;0;122;0;
12809;3408602;1208131584;13914112;1393463296;0;0;0;0;0;0;0;0;0;0;0;7824;0;0;126;0;122;0;
12810;5356736;1208131584;13914112;1393463296;0;0;0;0;0;0;0;0;0;0;0;2154;0;0;126;0;122;0;
12811;3192638;1208131584;13914112;1393463296;0;0;0;0;0;0;0;0;0;0;0;2374;0;0;126;0;122;0;
12812;5389918;1208131584;13914112;1393463296;0;0;0;0;0;0;0;0;0;0;0;1773;0;0;126;0;122;0;
12813;3763017;1208131584;13914112;1393463296;0;0;0;0;0;0;0;0;0;0;0;2936;0;0;126;0;122;0;
12814;7027640;1212112896;21692416;1401241600;0;0;0;0;0;0;0;0;0;0;0;2494;0;0;126;0;122;0;
12815;3163002;1214210048;21692416;1401241600;0;0;0;0;0;0;0;0;0;0;0;3156;0;0;126;0;122;0;
12816;7036005;1214746624;21692416;1401241600;0;0;0;0;0;0;0;0;0;0;0;3196;0;0;126;0;122;0;
12817;3326008;1214746624;21692416;1401241600;0;0;0;0;0;0;0;0;0;0;0;4067;0;0;126;0;122;0;
12818;5838028;1214746624;21692416;1401241600;0;0;0;0;0;0;0;0;0;0;0;2575;0;0;126;0;122;0;
12819;3108179;1214746624;21692416;1401241600;0;0;0;0;0;0;0;0;0;0;0;3066;0;0;126;0;122;0;
12820;6329961;1214746624;21692416;1401241600;0;0;0;0;0;0;0;0;0;0;0;2405;0;0;126;0;122;0;
12821;2744768;1208143872;14364672;1393913856;0;0;0;0;0;0;0;0;0;0;0;3176;0;0;126;0;122;0;
12822;5590684;1208143872;14364672;1393913856;0;0;0;0;0;0;0;0;0;0;0;1743;0;0;126;0;122;0;
12823;3410596;1208143872;14364672;1393913856;0;0;0;0;0;0;0;0;0;0;0;2935;0;0;126;0;122;0;
12824;5105034;1208143872;14364672;1393913856;0;0;0;0;0;0;0;0;0;0;0;1974;0;0;126;0;122;0;
12825;3751445;1208143872;14364672;1393913856;0;0;0;0;0;0;0;0;0;0;0;2815;0;0;126;0;122;0;
12826;6472779;1208143872;14364672;1393913856;0;0;0;0;0;0;0;0;0;0;0;1813;0;0;126;0;122;0;
12827;2876584;1208143872;14364672;1393913856;0;0;0;0;0;0;0;0;0;0;0;2875;0;0;126;0;122;0;
12828;4103946;1208143872;14364672;1393913856;0;0;0;0;0;0;0;0;0;0;0;1793;0;0;126;0;122;0;
12829;3481960;1208143872;14364672;1393913856;0;0;0;0;0;0;0;0;0;0;0;2855;0;0;126;0;122;0;
12830;6031591;1208143872;14364672;1393913856;0;0;0;0;0;0;0;0;0;0;0;2785;0;0;126;0;122;0;
12831;5115784;1208143872;14364672;1393913856;0;0;0;0;0;0;0;0;0;0;0;3166;0;0;126;0;122;0;
12832;4637757;1208143872;14364672;1393913856;0;0;0;0;0;0;0;0;0;0;0;2194;0;0;126;0;122;0;
12833;6391667;1208143872;14364672;1393913856;0;0;0;0;0;0;0;0;0;0;0;2965;0;0;126;0;122;0;
12834;5148896;1208143872;14364672;1393913856;0;0;0;0;0;0;0;0;0;0;0;2595;0;0;126;0;122;0;
12835;3381511;1208143872;14364672;1393913856;0;0;0;0;0;0;0;0;0;0;0;2354;0;0;126;0;122;0;
12836;6465225;1212338176;21692416;1401241600;0;0;0;0;0;0;0;0;0;0;0;1883;0;0;126;0;122;0;
12837;3707994;1214435328;21692416;1401241600;0;0;0;0;0;0;0;0;0;0;0;3026;0;0;126;0;122;0;
12838;4857639;1214689280;21692416;1401241600;0;0;0;0;0;0;0;0;0;0;0;1753;0;0;126;0;122;0;
12839;4840989;1214689280;21692416;1401241600;0;0;0;0;0;0;0;0;0;0;0;2625;0;0;126;0;122;0;
12840;5414074;1214689280;21692416;1401241600;0;0;0;0;0;0;0;0;0;0;0;1553;0;0;126;0;122;0;
12841;4280017;1214689280;21692416;1401241600;0;0;0;0;0;0;0;0;0;0;0;2645;0;0;126;0;122;0;
12842;5812250;1214689280;21692416;1401241600;0;0;0;0;0;0;0;0;0;0;0;1754;0;0;126;0;122;0;
12843;5619669;1208156160;13914112;1393463296;0;0;0;0;0;0;0;0;0;0;0;2585;0;0;126;0;122;0;
12844;4351531;1208156160;13914112;1393463296;0;0;0;0;0;0;0;0;0;0;0;1383;0;0;126;0;122;0;
12845;4488979;1208156160;13914112;1393463296;0;0;0;0;0;0;0;0;0;0;0;2705;0;0;126;0;122;0;
12846;5520122;1208156160;13914112;1393463296;0;0;0;0;0;0;0;0;0;0;0;2585;0;0;126;0;122;0;
12847;3108750;1208156160;13914112;1393463296;0;0;0;0;0;0;0;0;0;0;0;3076;0;0;126;0;122;0;
12848;5519020;1208156160;13914112;1393463296;0;0;0;0;0;0;0;0;0;0;0;2194;0;0;126;0;122;0;
12849;2905288;1208156160;13914112;1393463296;0;0;0;0;0;0;0;0;0;0;0;2445;0;0;126;0;122;0;
12850;6883890;1208156160;13914112;1393463296;0;0;0;0;0;0;0;0;0;0;0;2996;0;0;126;0;122;0;
12851;3070599;1208156160;13914112;1393463296;0;0;0;0;0;0;0;0;0;0;0;2475;0;0;126;0;122;0;
12852;5983231;1208156160;13914112;1393463296;0;0;0;0;0;0;0;0;0;0;0;1603;0;0;126;0;122;0;
12853;3041534;1208156160;13914112;1393463296;0;0;0;0;0;0;0;0;0;0;0;2675;0;0;126;0;122;0;
12854;5762006;1208156160;13914112;1393463296;0;0;0;0;0;0;0;0;0;0;0;1834;0;0;126;0;122;0;
12855;3495525;1208156160;13914112;1393463296;0;0;0;0;0;0;0;0;0;0;0;2735;0;0;126;0;122;0;
12856;5444059;1208156160;13914112;1393463296;0;0;0;0;0;0;0;0;0;0;0;1813;0;0;126;0;122;0;
12857;3771273;1208156160;13914112;1393463296;0;0;0;0;0;0;0;0;0;0;0;2485;0;0;126;0;122;0;
12858;5343131;1208156160;13914112;1393463296;0;0;0;0;0;0;0;0;0;0;0;1693;0;0;126;0;122;0;
12859;4523474;1208156160;13914112;1393463296;0;0;0;0;0;0;0;0;0;0;0;2945;0;0;126;0;122;0;
12860;6695377;1212137472;21692416;1401241600;0;0;0;0;0;0;0;0;0;0;0;3296;0;0;126;0;122;0;
12861;4023616;1214234624;21692416;1401241600;0;0;0;0;0;0;0;0;0;0;0;2515;0;0;126;0;122;0;
12862;5959737;1214771200;21692416;1401241600;0;0;0;0;0;0;0;0;0;0;0;2715;0;0;126;0;122;0;
12863;3084374;1214771200;21692416;1401241600;0;0;0;0;0;0;0;0;0;0;0;3407;0;0;126;0;122;0;
12864;6991802;1214771200;21696512;1401245696;0;0;0;0;0;0;0;0;0;0;0;2975;0;0;126;0;122;0;
12865;3140350;1214771200;21700608;1401249792;0;0;0;0;0;0;0;0;0;0;0;2275;0;0;126;0;122;0;
12866;5086990;1214771200;21700608;1401249792;0;0;0;0;0;0;0;0;0;0;0;2335;0;0;126;0;122;0;
12867;3030723;1214771200;21700608;1401249792;0;0;0;0;0;0;0;0;0;0;0;2815;0;0;126;0;122;0;
12868;5057445;1214771200;21700608;1401249792;0;0;0;0;0;0;0;0;0;0;0;1753;0;0;126;0;122;0;
12869;3689188;1214771200;21700608;1401249792;0;0;0;0;0;0;0;0;0;0;0;3226;0;0;126;0;122;0;
12870;5923549;1214771200;21700608;1401249792;0;0;0;0;0;0;0;0;0;0;0;1763;0;0;126;0;122;0;
12871;4580700;1214902272;21692416;1401241600;0;0;0;0;0;0;0;0;0;0;0;2976;0;0;126;0;122;0;
12872;4758363;1214902272;21692416;1401241600;0;0;0;0;0;0;0;0;0;0;0;1964;0;0;126;0;122;0;
12873;3984262;1208168448;13914112;1393463296;0;0;0;0;0;0;0;0;0;0;0;2475;0;0;126;0;122;0;
12874;5797092;1208168448;13914112;1393463296;0;0;0;0;0;0;0;0;0;0;0;29906;0;0;126;0;122;0;
12875;3145348;1208168448;13914112;1393463296;0;0;0;0;0;0;0;0;0;0;0;2916;0;0;126;0;122;0;
12876;5190304;1208168448;13914112;1393463296;0;0;0;0;0;0;0;0;0;0;0;2635;0;0;126;0;122;0;
12877;2517130;1208168448;13914112;1393463296;0;0;0;0;0;0;0;0;0;0;0;2856;0;0;126;0;122;0;
12878;4739809;1208168448;13914112;1393463296;0;0;0;0;0;0;0;0;0;0;0;1663;0;0;126;0;122;0;
12879;3952542;1208168448;13914112;1393463296;0;0;0;0;0;0;0;0;0;0;0;2906;0;0;126;0;122;0;
12880;4245101;1208168448;13914112;1393463296;0;0;0;0;0;0;0;0;0;0;0;1954;0;0;126;0;122;0;
12881;3837657;1208168448;13914112;1393463296;0;0;0;0;0;0;0;0;0;0;0;3506;0;0;126;0;122;0;
12882;5408924;1212149760;21692416;1401241600;0;0;0;0;0;0;0;0;0;0;0;2765;0;0;126;0;122;0;
12883;5272939;1214246912;21692416;1401241600;0;0;0;0;0;0;0;0;0;0;0;3016;0;0;126;0;122;0;
12884;7554968;1214783488;21692416;1401241600;0;0;0;0;0;0;0;0;0;0;0;3036;0;0;126;0;122;0;
12885;4745550;1214783488;21692416;1401241600;0;0;0;0;0;0;0;0;0;0;0;3186;0;0;126;0;122;0;
12886;5105725;1214783488;21692416;1401241600;0;0;0;0;0;0;0;0;0;0;0;1964;0;0;126;0;122;0;
12887;4715364;1214783488;21692416;1401241600;0;0;0;0;0;0;0;0;0;0;0;2765;0;0;126;0;122;0;
12888;4376027;1214783488;21692416;1401241600;0;0;0;0;0;0;0;0;0;0;0;1613;0;0;126;0;122;0;
12889;4569400;1208180736;14364672;1393913856;0;0;0;0;0;0;0;0;0;0;0;2645;0;0;126;0;122;0;
12890;6461899;1208180736;14364672;1393913856;0;0;0;0;0;0;0;0;0;0;0;3747;0;0;126;0;122;0;
12891;3497338;1208180736;14364672;1393913856;0;0;0;0;0;0;0;0;0;0;0;2955;0;0;126;0;122;0;
12892;6804341;1208180736;14364672;1393913856;0;0;0;0;0;0;0;0;0;0;0;2615;0;0;126;0;122;0;
12893;3279360;1208180736;14364672;1393913856;0;0;0;0;0;0;0;0;0;0;0;3026;0;0;126;0;122;0;
12894;4785825;1208180736;14364672;1393913856;0;0;0;0;0;0;0;0;0;0;0;1733;0;0;126;0;122;0;
12895;4136086;1208180736;14364672;1393913856;0;0;0;0;0;0;0;0;0;0;0;3046;0;0;126;0;122;0;
12896;4347583;1208180736;14364672;1393913856;0;0;0;0;0;0;0;0;0;0;0;1563;0;0;126;0;122;0;
12897;3188129;1208180736;14364672;1393913856;0;0;0;0;0;0;0;0;0;0;0;2956;0;0;126;0;122;0;
12898;6151447;1208180736;14364672;1393913856;0;0;0;0;0;0;0;0;0;0;0;3126;0;0;126;0;122;0;
12899;3569384;1208180736;14364672;1393913856;0;0;0;0;0;0;0;0;0;0;0;2896;0;0;126;0;122;0;
12900;6325252;1208180736;14364672;1393913856;0;0;0;0;0;0;0;0;0;0;0;2575;0;0;126;0;122;0;
12901;6357182;1208180736;14364672;1393913856;0;0;0;0;0;0;0;0;0;0;0;3075;0;0;126;0;122;0;
12902;6177385;1208180736;14364672;1393913856;0;0;0;0;0;0;0;0;0;0;0;2114;0;0;126;0;122;0;
12903;4754085;1208180736;14364672;1393913856;0;0;0;0;0;0;0;0;0;0;0;3036;0;0;126;0;122;0;
12904;4522452;1208180736;14364672;1393913856;0;0;0;0;0;0;0;0;0;0;0;1923;0;0;126;0;122;0;
12905;3911405;1208180736;14364672;1393913856;0;0;0;0;0;0;0;0;0;0;0;2795;0;0;126;0;122;0;
12906;5380420;1212375040;21692416;1401241600;0;0;0;0;0;0;0;0;0;0;0;2225;0;0;126;0;122;0;
12907;4195638;1214472192;21692416;1401241600;0;0;0;0;0;0;0;0;0;0;0;3747;0;0;126;0;122;0;
12908;6182113;1214726144;21692416;1401241600;0;0;0;0;0;0;0;0;0;0;0;3376;0;0;126;0;122;0;
12909;4329951;1214726144;21692416;1401241600;0;0;0;0;0;0;0;0;0;0;0;3296;0;0;126;0;122;0;
12910;5517788;1214726144;21692416;1401241600;0;0;0;0;0;0;0;0;0;0;0;2705;0;0;126;0;122;0;
12911;3336217;1214726144;21692416;1401241600;0;0;0;0;0;0;0;0;0;0;0;3407;0;0;126;0;122;0;
12912;5429633;1214726144;21692416;1401241600;0;0;0;0;0;0;0;0;0;0;0;1683;0;0;126;0;122;0;
12913;5545650;1208193024;13914112;1393463296;0;0;0;0;0;0;0;0;0;0;0;3346;0;0;126;0;122;0;
12914;5893512;1208193024;13914112;1393463296;0;0;0;0;0;0;0;0;0;0;0;2615;0;0;126;0;122;0;
12915;5141643;1208193024;13914112;1393463296;0;0;0;0;0;0;0;0;0;0;0;3016;0;0;126;0;122;0;
12916;6774946;1208193024;13914112;1393463296;0;0;0;0;0;0;0;0;0;0;0;3076;0;0;126;0;122;0;
12917;4038935;1208193024;13914112;1393463296;0;0;0;0;0;0;0;0;0;0;0;2504;0;0;126;0;122;0;
12918;6918855;1208193024;13914112;1393463296;0;0;0;0;0;0;0;0;0;0;0;2655;0;0;126;0;122;0;
12919;4683433;1208193024;13914112;1393463296;0;0;0;0;0;0;0;0;0;0;0;2806;0;0;126;0;122;0;
12920;7398325;1208193024;13914112;1393463296;0;0;0;0;0;0;0;0;0;0;0;2245;0;0;126;0;122;0;
12921;5392813;1208193024;13914112;1393463296;0;0;0;0;0;0;0;0;0;0;0;3046;0;0;126;0;122;0;
12922;6065766;1208193024;13914112;1393463296;0;0;0;0;0;0;0;0;0;0;0;2134;0;0;126;0;122;0;
12923;4178807;1208193024;13914112;1393463296;0;0;0;0;0;0;0;0;0;0;0;2765;0;0;126;0;122;0;
12924;7220331;1208193024;13914112;1393463296;0;0;0;0;0;0;0;0;0;0;0;2935;0;0;126;0;122;0;
12925;3005196;1208193024;13914112;1393463296;0;0;0;0;0;0;0;0;0;0;0;2765;0;0;126;0;122;0;
12926;6531529;1208193024;13914112;1393463296;0;0;0;0;0;0;0;0;0;0;0;2795;0;0;126;0;122;0;
12927;3181026;1208193024;13914112;1393463296;0;0;0;0;0;0;0;0;0;0;0;2354;0;0;126;0;122;0;
12928;8107194;1212174336;21692416;1401241600;0;0;0;0;0;0;0;0;0;0;0;2534;0;0;126;0;122;0;
12929;9869520;1214271488;21692416;1401241600;0;0;0;0;0;0;0;0;0;0;0;5961;0;0;126;0;122;0;
12930;5581287;1214808064;21692416;1401241600;0;0;0;0;0;0;0;0;0;0;0;1633;0;0;126;0;122;0;
12931;3755863;1214808064;21692416;1401241600;0;0;0;0;0;0;0;0;0;0;0;1823;0;0;126;0;122;0;
12932;4414609;1214808064;21692416;1401241600;0;0;0;0;0;0;0;0;0;0;0;1513;0;0;126;0;122;0;
12933;4409330;1214808064;21692416;1401241600;0;0;0;0;0;0;0;0;0;0;0;2304;0;0;126;0;122;0;
12934;5202948;1214808064;21692416;1401241600;0;0;0;0;0;0;0;0;0;0;0;1633;0;0;126;0;122;0;
12935;6782490;1208205312;14364672;1393913856;0;0;0;0;0;0;0;0;0;0;0;1834;0;0;126;0;122;0;
12936;6361770;1208205312;14364672;1393913856;0;0;0;0;0;0;0;0;0;0;0;1462;0;0;126;0;122;0;
12937;3688578;1208205312;14364672;1393913856;0;0;0;0;0;0;0;0;0;0;0;1994;0;0;126;0;122;0;
12938;4265559;1208205312;14364672;1393913856;0;0;0;0;0;0;0;0;0;0;0;1392;0;0;126;0;122;0;
12939;4157507;1208205312;14364672;1393913856;0;0;0;0;0;0;0;0;0;0;0;2235;0;0;126;0;122;0;
12940;4615415;1208205312;14364672;1393913856;0;0;0;0;0;0;0;0;0;0;0;1403;0;0;126;0;122;0;
12941;3824723;1208205312;14364672;1393913856;0;0;0;0;0;0;0;0;0;0;0;1813;0;0;126;0;122;0;
12942;4903957;1208205312;14364672;1393913856;0;0;0;0;0;0;0;0;0;0;0;1503;0;0;126;0;122;0;
12943;4227007;1208205312;14364672;1393913856;0;0;0;0;0;0;0;0;0;0;0;1683;0;0;126;0;122;0;
12944;4774715;1208205312;14364672;1393913856;0;0;0;0;0;0;0;0;0;0;0;1472;0;0;126;0;122;0;
12945;3422038;1208205312;14364672;1393913856;0;0;0;0;0;0;0;0;0;0;0;1402;0;0;126;0;122;0;
12946;5639226;1208205312;14364672;1393913856;0;0;0;0;0;0;0;0;0;0;0;1613;0;0;126;0;122;0;
12947;3000157;1208205312;14364672;1393913856;0;0;0;0;0;0;0;0;0;0;0;1954;0;0;126;0;122;0;
12948;5843318;1208205312;14364672;1393913856;0;0;0;0;0;0;0;0;0;0;0;1773;0;0;126;0;122;0;
12949;2870323;1208205312;14364672;1393913856;0;0;0;0;0;0;0;0;0;0;0;2034;0;0;126;0;122;0;
12950;5847106;1208205312;14364672;1393913856;0;0;0;0;0;0;0;0;0;0;0;2194;0;0;126;0;122;0;
12951;3370882;1208205312;14364672;1393913856;0;0;0;0;0;0;0;0;0;0;0;1953;0;0;126;0;122;0;
12952;5180365;1212399616;21692416;1401241600;0;0;0;0;0;0;0;0;0;0;0;1674;0;0;126;0;122;0;
12953;3633033;1214496768;21692416;1401241600;0;0;0;0;0;0;0;0;0;0;0;2073;0;0;126;0;122;0;
12954;4466286;1214750720;21692416;1401241600;0;0;0;0;0;0;0;0;0;0;0;1623;0;0;126;0;122;0;
12955;4168968;1214750720;21692416;1401241600;0;0;0;0;0;0;0;0;0;0;0;2114;0;0;126;0;122;0;
12956;5764381;1214750720;21692416;1401241600;0;0;0;0;0;0;0;0;0;0;0;1623;0;0;126;0;122;0;
12957;2929514;1214750720;21692416;1401241600;0;0;0;0;0;0;0;0;0;0;0;2134;0;0;126;0;122;0;
12958;5334976;1214750720;21692416;1401241600;0;0;0;0;0;0;0;0;0;0;0;1503;0;0;126;0;122;0;
12959;3489254;1208217600;13914112;1393463296;0;0;0;0;0;0;0;0;0;0;0;23213;0;0;126;0;122;0;
12960;5010336;1208217600;13914112;1393463296;0;0;0;0;0;0;0;0;0;0;0;1523;0;0;126;0;122;0;
12961;4368753;1208217600;13914112;1393463296;0;0;0;0;0;0;0;0;0;0;0;1833;0;0;126;0;122;0;
12962;5799416;1208217600;13914112;1393463296;0;0;0;0;0;0;0;0;0;0;0;1643;0;0;126;0;122;0;
12963;4504207;1208217600;13914112;1393463296;0;0;0;0;0;0;0;0;0;0;0;1703;0;0;126;0;122;0;
12964;6067308;1208217600;13914112;1393463296;0;0;0;0;0;0;0;0;0;0;0;1693;0;0;126;0;122;0;
12965;3346696;1208217600;13914112;1393463296;0;0;0;0;0;0;0;0;0;0;0;2254;0;0;126;0;122;0;
12966;6132851;1208217600;13918208;1393467392;0;0;0;0;0;0;0;0;0;0;0;2564;0;0;126;0;122;0;
12967;2599865;1208217600;13922304;1393471488;0;0;0;0;0;0;0;0;0;0;0;1743;0;0;126;0;122;0;
12968;5832408;1208217600;13922304;1393471488;0;0;0;0;0;0;0;0;0;0;0;1693;0;0;126;0;122;0;
12969;2695405;1208217600;13922304;1393471488;0;0;0;0;0;0;0;0;0;0;0;2004;0;0;126;0;122;0;
12970;5279941;1208217600;13922304;1393471488;0;0;0;0;0;0;0;0;0;0;0;1463;0;0;126;0;122;0;
12971;2628299;1208217600;13922304;1393471488;0;0;0;0;0;0;0;0;0;0;0;1974;0;0;126;0;122;0;
12972;6203364;1208217600;13922304;1393471488;0;0;0;0;0;0;0;0;0;0;0;1793;0;0;126;0;122;0;
12973;3892089;1208221696;13914112;1393463296;0;0;0;0;0;0;0;0;0;0;0;2034;0;0;126;0;122;0;
12974;6951707;1212203008;21692416;1401241600;0;0;0;0;0;0;0;0;0;0;0;2034;0;0;126;0;122;0;
12975;4119576;1214300160;21692416;1401241600;0;0;0;0;0;0;0;0;0;0;0;2244;0;0;126;0;122;0;
12976;6355679;1214836736;21692416;1401241600;0;0;0;0;0;0;0;0;0;0;0;1493;0;0;126;0;122;0;
12977;4778131;1214836736;21692416;1401241600;0;0;0;0;0;0;0;0;0;0;0;2245;0;0;126;0;122;0;
12978;5742078;1214836736;21692416;1401241600;0;0;0;0;0;0;0;0;0;0;0;1673;0;0;126;0;122;0;
12979;3225048;1214836736;21692416;1401241600;0;0;0;0;0;0;0;0;0;0;0;2094;0;0;126;0;122;0;
12980;4834437;1214836736;21692416;1401241600;0;0;0;0;0;0;0;0;0;0;0;1654;0;0;126;0;122;0;
12981;4290637;1208229888;14364672;1393913856;0;0;0;0;0;0;0;0;0;0;0;1963;0;0;126;0;122;0;
12982;5366915;1208229888;14364672;1393913856;0;0;0;0;0;0;0;0;0;0;0;1773;0;0;126;0;122;0;
12983;3295069;1208229888;14364672;1393913856;0;0;0;0;0;0;0;0;0;0;0;2365;0;0;126;0;122;0;
12984;5250777;1208229888;14364672;1393913856;0;0;0;0;0;0;0;0;0;0;0;1744;0;0;126;0;122;0;
12985;3151019;1208229888;14364672;1393913856;0;0;0;0;0;0;0;0;0;0;0;2184;0;0;126;0;122;0;
12986;6696799;1208229888;14364672;1393913856;0;0;0;0;0;0;0;0;0;0;0;1743;0;0;126;0;122;0;
12987;3644324;1208229888;14364672;1393913856;0;0;0;0;0;0;0;0;0;0;0;1984;0;0;126;0;122;0;
12988;6817636;1208229888;14364672;1393913856;0;0;0;0;0;0;0;0;0;0;0;1733;0;0;126;0;122;0;
12989;3684981;1208229888;14364672;1393913856;0;0;0;0;0;0;0;0;0;0;0;1933;0;0;126;0;122;0;
12990;5636701;1208229888;14364672;1393913856;0;0;0;0;0;0;0;0;0;0;0;1703;0;0;126;0;122;0;
12991;3838889;1208229888;14364672;1393913856;0;0;0;0;0;0;0;0;0;0;0;1994;0;0;126;0;122;0;
12992;5189803;1208229888;14364672;1393913856;0;0;0;0;0;0;0;0;0;0;0;1532;0;0;126;0;122;0;
12993;4422985;1208229888;14364672;1393913856;0;0;0;0;0;0;0;0;0;0;0;3386;0;0;126;0;122;0;
12994;5193139;1208229888;14364672;1393913856;0;0;0;0;0;0;0;0;0;0;0;1854;0;0;126;0;122;0;
12995;5105424;1208229888;14364672;1393913856;0;0;0;0;0;0;0;0;0;0;0;3206;0;0;126;0;122;0;
12996;5897349;1208229888;14364672;1393913856;0;0;0;0;0;0;0;0;0;0;0;1774;0;0;126;0;122;0;
12997;3287886;1208229888;14364672;1393913856;0;0;0;0;0;0;0;0;0;0;0;2515;0;0;126;0;122;0;
12998;5906307;1212424192;21692416;1401241600;0;0;0;0;0;0;0;0;0;0;0;3286;0;0;126;0;122;0;
12999;6150705;1214521344;21692416;1401241600;0;0;0;0;0;0;0;0;0;0;0;2965;0;0;126;0;122;0;
13000;6364987;1214775296;21692416;1401241600;0;0;0;0;0;0;0;0;0;0;0;2845;0;0;126;0;122;0;
13001;5671166;1214775296;21692416;1401241600;0;0;0;0;0;0;0;0;0;0;0;3827;0;0;126;0;122;0;
13002;6396015;1214775296;21692416;1401241600;0;0;0;0;0;0;0;0;0;0;0;2214;0;0;126;0;122;0;
13003;4764104;1214775296;21692416;1401241600;0;0;0;0;0;0;0;0;0;0;0;2464;0;0;126;0;122;0;
13004;5811639;1214775296;21692416;1401241600;0;0;0;0;0;0;0;0;0;0;0;3075;0;0;126;0;122;0;
13005;3255024;1208242176;13914112;1393463296;0;0;0;0;0;0;0;0;0;0;0;2956;0;0;126;0;122;0;
13006;6343296;1208242176;13914112;1393463296;0;0;0;0;0;0;0;0;0;0;0;3436;0;0;126;0;122;0;
13007;5271566;1208242176;13914112;1393463296;0;0;0;0;0;0;0;0;0;0;0;3647;0;0;126;0;122;0;
13008;6413748;1208242176;13914112;1393463296;0;0;0;0;0;0;0;0;0;0;0;2635;0;0;126;0;122;0;
13009;4017485;1208242176;13914112;1393463296;0;0;0;0;0;0;0;0;0;0;0;3416;0;0;126;0;122;0;
13010;6011264;1208242176;13914112;1393463296;0;0;0;0;0;0;0;0;0;0;0;2775;0;0;126;0;122;0;
13011;4481184;1208242176;13914112;1393463296;0;0;0;0;0;0;0;0;0;0;0;3667;0;0;126;0;122;0;
13012;6555694;1208242176;13914112;1393463296;0;0;0;0;0;0;0;0;0;0;0;2444;0;0;126;0;122;0;
13013;4448142;1208242176;13914112;1393463296;0;0;0;0;0;0;0;0;0;0;0;2945;0;0;126;0;122;0;
13014;5689981;1208242176;13914112;1393463296;0;0;0;0;0;0;0;0;0;0;0;2034;0;0;126;0;122;0;
13015;5138898;1208242176;13914112;1393463296;0;0;0;0;0;0;0;0;0;0;0;54833;0;0;126;0;122;0;
13016;5889855;1208242176;13914112;1393463296;0;0;0;0;0;0;0;0;0;0;0;2204;0;0;126;0;122;0;
13017;4941137;1208242176;13914112;1393463296;0;0;0;0;0;0;0;0;0;0;0;2956;0;0;126;0;122;0;
13018;4913385;1208242176;13914112;1393463296;0;0;0;0;0;0;0;0;0;0;0;1883;0;0;126;0;122;0;
13019;4512833;1208242176;13914112;1393463296;0;0;0;0;0;0;0;0;0;0;0;2946;0;0;126;0;122;0;
13020;6810442;1212223488;21692416;1401241600;0;0;0;0;0;0;0;0;0;0;0;3426;0;0;126;0;122;0;
13021;4142528;1214320640;21692416;1401241600;0;0;0;0;0;0;0;0;0;0;0;2936;0;0;126;0;122;0;
13022;5977009;1214857216;21692416;1401241600;0;0;0;0;0;0;0;0;0;0;0;2475;0;0;126;0;122;0;
13023;3916004;1214857216;21692416;1401241600;0;0;0;0;0;0;0;0;0;0;0;3176;0;0;126;0;122;0;
13024;6328849;1214857216;21692416;1401241600;0;0;0;0;0;0;0;0;0;0;0;2745;0;0;126;0;122;0;
13025;3498892;1214857216;21692416;1401241600;0;0;0;0;0;0;0;0;0;0;0;3036;0;0;126;0;122;0;
13026;5956170;1214857216;21692416;1401241600;0;0;0;0;0;0;0;0;0;0;0;3427;0;0;126;0;122;0;
13027;3336237;1208254464;14364672;1393913856;0;0;0;0;0;0;0;0;0;0;0;2585;0;0;126;0;122;0;
13028;5346888;1208254464;14364672;1393913856;0;0;0;0;0;0;0;0;0;0;0;1864;0;0;126;0;122;0;
13029;6052080;1208254464;14364672;1393913856;0;0;0;0;0;0;0;0;0;0;0;3477;0;0;126;0;122;0;
13030;6001725;1208254464;14364672;1393913856;0;0;0;0;0;0;0;0;0;0;0;2064;0;0;126;0;122;0;
13031;3825565;1208254464;14364672;1393913856;0;0;0;0;0;0;0;0;0;0;0;3096;0;0;126;0;122;0;
13032;5140049;1208254464;14364672;1393913856;0;0;0;0;0;0;0;0;0;0;0;1763;0;0;126;0;122;0;
13033;4175070;1208254464;14364672;1393913856;0;0;0;0;0;0;0;0;0;0;0;2715;0;0;126;0;122;0;
13034;4516239;1208254464;14364672;1393913856;0;0;0;0;0;0;0;0;0;0;0;1733;0;0;126;0;122;0;
13035;3767565;1208254464;14364672;1393913856;0;0;0;0;0;0;0;0;0;0;0;3307;0;0;126;0;122;0;
13036;4680287;1208254464;14364672;1393913856;0;0;0;0;0;0;0;0;0;0;0;1923;0;0;126;0;122;0;
13037;4908365;1208254464;14364672;1393913856;0;0;0;0;0;0;0;0;0;0;0;2986;0;0;126;0;122;0;
13038;4486214;1208254464;14364672;1393913856;0;0;0;0;0;0;0;0;0;0;0;2024;0;0;126;0;122;0;
13039;4204114;1208254464;14364672;1393913856;0;0;0;0;0;0;0;0;0;0;0;2635;0;0;126;0;122;0;
13040;5828961;1208254464;14364672;1393913856;0;0;0;0;0;0;0;0;0;0;0;3838;0;0;126;0;122;0;
13041;3241439;1208254464;14364672;1393913856;0;0;0;0;0;0;0;0;0;0;0;2705;0;0;126;0;122;0;
13042;5859940;1208254464;14364672;1393913856;0;0;0;0;0;0;0;0;0;0;0;2244;0;0;126;0;122;0;
13043;3848387;1208254464;14364672;1393913856;0;0;0;0;0;0;0;0;0;0;0;2475;0;0;126;0;122;0;
13044;5784398;1212448768;21692416;1401241600;0;0;0;0;0;0;0;0;0;0;0;2384;0;0;126;0;122;0;
13045;3401409;1214545920;21692416;1401241600;0;0;0;0;0;0;0;0;0;0;0;3407;0;0;126;0;122;0;
13046;5809415;1215070208;21692416;1401241600;0;0;0;0;0;0;0;0;0;0;0;2174;0;0;126;0;122;0;
13047;3249604;1215070208;21692416;1401241600;0;0;0;0;0;0;0;0;0;0;0;3036;0;0;126;0;122;0;
13048;6264779;1215070208;21692416;1401241600;0;0;0;0;0;0;0;0;0;0;0;2775;0;0;126;0;122;0;
13049;3481209;1215070208;21692416;1401241600;0;0;0;0;0;0;0;0;0;0;0;2816;0;0;126;0;122;0;
13050;5808173;1215070208;21692416;1401241600;0;0;0;0;0;0;0;0;0;0;0;2074;0;0;126;0;122;0;
13051;3556660;1208266752;13914112;1393463296;0;0;0;0;0;0;0;0;0;0;0;2906;0;0;126;0;122;0;
13052;4800332;1208266752;13914112;1393463296;0;0;0;0;0;0;0;0;0;0;0;2314;0;0;126;0;122;0;
13053;3541652;1208266752;13914112;1393463296;0;0;0;0;0;0;0;0;0;0;0;2574;0;0;126;0;122;0;
13054;5602186;1208266752;13914112;1393463296;0;0;0;0;0;0;0;0;0;0;0;2305;0;0;126;0;122;0;
13055;4022563;1208266752;13914112;1393463296;0;0;0;0;0;0;0;0;0;0;0;3015;0;0;126;0;122;0;
13056;5465079;1208266752;13914112;1393463296;0;0;0;0;0;0;0;0;0;0;0;1744;0;0;126;0;122;0;
13057;4211838;1208266752;13914112;1393463296;0;0;0;0;0;0;0;0;0;0;0;3606;0;0;126;0;122;0;
13058;4472778;1208266752;13914112;1393463296;0;0;0;0;0;0;0;0;0;0;0;1954;0;0;126;0;122;0;
13059;3719666;1208266752;13914112;1393463296;0;0;0;0;0;0;0;0;0;0;0;1994;0;0;126;0;122;0;
13060;4610457;1208266752;13914112;1393463296;0;0;0;0;0;0;0;0;0;0;0;2164;0;0;126;0;122;0;
13061;2522211;1208266752;13914112;1393463296;0;0;0;0;0;0;0;0;0;0;0;2014;0;0;126;0;122;0;
13062;4765928;1208266752;13914112;1393463296;0;0;0;0;0;0;0;0;0;0;0;1864;0;0;126;0;122;0;
13063;2741962;1208266752;13914112;1393463296;0;0;0;0;0;0;0;0;0;0;0;2475;0;0;126;0;122;0;
13064;5062434;1208266752;13914112;1393463296;0;0;0;0;0;0;0;0;0;0;0;1593;0;0;126;0;122;0;
13065;3484866;1208266752;13914112;1393463296;0;0;0;0;0;0;0;0;0;0;0;2725;0;0;126;0;122;0;
13066;6314613;1212248064;21692416;1401241600;0;0;0;0;0;0;0;0;0;0;0;2054;0;0;126;0;122;0;
13067;3582118;1214345216;21692416;1401241600;0;0;0;0;0;0;0;0;0;0;0;2354;0;0;126;0;122;0;
13068;5486009;1214881792;21692416;1401241600;0;0;0;0;0;0;0;0;0;0;0;1784;0;0;126;0;122;0;
13069;3252379;1214881792;21692416;1401241600;0;0;0;0;0;0;0;0;0;0;0;2534;0;0;126;0;122;0;
13070;5120412;1214881792;21692416;1401241600;0;0;0;0;0;0;0;0;0;0;0;1824;0;0;126;0;122;0;
13071;3823801;1214881792;21692416;1401241600;0;0;0;0;0;0;0;0;0;0;0;2044;0;0;126;0;122;0;
13072;5428751;1214881792;21692416;1401241600;0;0;0;0;0;0;0;0;0;0;0;1603;0;0;126;0;122;0;
13073;3721399;1208279040;14364672;1393913856;0;0;0;0;0;0;0;0;0;0;0;2084;0;0;126;0;122;0;
13074;5312262;1208279040;14364672;1393913856;0;0;0;0;0;0;0;0;0;0;0;1493;0;0;126;0;122;0;
13075;4320402;1208279040;14364672;1393913856;0;0;0;0;0;0;0;0;0;0;0;1953;0;0;126;0;122;0;
13076;5607967;1208279040;14364672;1393913856;0;0;0;0;0;0;0;0;0;0;0;1603;0;0;126;0;122;0;
13077;3353118;1208279040;14364672;1393913856;0;0;0;0;0;0;0;0;0;0;0;2274;0;0;126;0;122;0;
13078;5117778;1208279040;14364672;1393913856;0;0;0;0;0;0;0;0;0;0;0;1523;0;0;126;0;122;0;
13079;3512196;1208279040;14364672;1393913856;0;0;0;0;0;0;0;0;0;0;0;2394;0;0;126;0;122;0;
13080;5347769;1208279040;14364672;1393913856;0;0;0;0;0;0;0;0;0;0;0;1513;0;0;126;0;122;0;
13081;3249824;1208279040;14364672;1393913856;0;0;0;0;0;0;0;0;0;0;0;2835;0;0;126;0;122;0;
13082;5225871;1208279040;14364672;1393913856;0;0;0;0;0;0;0;0;0;0;0;1583;0;0;126;0;122;0;
13083;3218115;1208279040;14364672;1393913856;0;0;0;0;0;0;0;0;0;0;0;2224;0;0;126;0;122;0;
13084;5198039;1208279040;14364672;1393913856;0;0;0;0;0;0;0;0;0;0;0;1743;0;0;126;0;122;0;
13085;4017654;1208279040;14364672;1393913856;0;0;0;0;0;0;0;0;0;0;0;2766;0;0;126;0;122;0;
13086;4798369;1208279040;14364672;1393913856;0;0;0;0;0;0;0;0;0;0;0;1823;0;0;126;0;122;0;
13087;3680913;1208279040;14364672;1393913856;0;0;0;0;0;0;0;0;0;0;0;2976;0;0;126;0;122;0;
13088;4998304;1208279040;14364672;1393913856;0;0;0;0;0;0;0;0;0;0;0;1693;0;0;126;0;122;0;
13089;4222449;1208279040;14364672;1393913856;0;0;0;0;0;0;0;0;0;0;0;3226;0;0;126;0;122;0;
13090;5775501;1212473344;21692416;1401241600;0;0;0;0;0;0;0;0;0;0;0;2374;0;0;126;0;122;0;
13091;5131253;1214570496;21692416;1401241600;0;0;0;0;0;0;0;0;0;0;0;3156;0;0;126;0;122;0;
13092;5582189;1215094784;21692416;1401241600;0;0;0;0;0;0;0;0;0;0;0;2525;0;0;126;0;122;0;
13093;3635508;1215094784;21692416;1401241600;0;0;0;0;0;0;0;0;0;0;0;2726;0;0;126;0;122;0;
13094;5800588;1215094784;21692416;1401241600;0;0;0;0;0;0;0;0;0;0;0;1944;0;0;126;0;122;0;
13095;2637086;1215094784;21692416;1401241600;0;0;0;0;0;0;0;0;0;0;0;2305;0;0;126;0;122;0;
13096;4878830;1215094784;21692416;1401241600;0;0;0;0;0;0;0;0;0;0;0;1703;0;0;126;0;122;0;
13097;3253091;1208291328;13914112;1393463296;0;0;0;0;0;0;0;0;0;0;0;2545;0;0;126;0;122;0;
13098;5635148;1208291328;13914112;1393463296;0;0;0;0;0;0;0;0;0;0;0;1784;0;0;126;0;122;0;
13099;3507989;1208291328;13914112;1393463296;0;0;0;0;0;0;0;0;0;0;0;2555;0;0;126;0;122;0;
13100;4393850;1208291328;13914112;1393463296;0;0;0;0;0;0;0;0;0;0;0;1853;0;0;126;0;122;0;
13101;4441940;1208291328;13914112;1393463296;0;0;0;0;0;0;0;0;0;0;0;2765;0;0;126;0;122;0;
13102;5555128;1208291328;13914112;1393463296;0;0;0;0;0;0;0;0;0;0;0;2475;0;0;126;0;122;0;
13103;3297414;1208291328;13914112;1393463296;0;0;0;0;0;0;0;0;0;0;0;2725;0;0;126;0;122;0;
13104;5534639;1208291328;13914112;1393463296;0;0;0;0;0;0;0;0;0;0;0;1874;0;0;126;0;122;0;
13105;3071661;1208291328;13914112;1393463296;0;0;0;0;0;0;0;0;0;0;0;2756;0;0;126;0;122;0;
13106;4741632;1208291328;13914112;1393463296;0;0;0;0;0;0;0;0;0;0;0;1794;0;0;126;0;122;0;
13107;3081619;1208291328;13914112;1393463296;0;0;0;0;0;0;0;0;0;0;0;3396;0;0;126;0;122;0;
13108;5425344;1208291328;13914112;1393463296;0;0;0;0;0;0;0;0;0;0;0;2074;0;0;126;0;122;0;
13109;4197472;1208291328;13914112;1393463296;0;0;0;0;0;0;0;0;0;0;0;3247;0;0;126;0;122;0;
13110;4760898;1208291328;13914112;1393463296;0;0;0;0;0;0;0;0;0;0;0;2004;0;0;126;0;122;0;
13111;3858186;1208291328;13914112;1393463296;0;0;0;0;0;0;0;0;0;0;0;2625;0;0;126;0;122;0;
13112;6846690;1212272640;21692416;1401241600;0;0;0;0;0;0;0;0;0;0;0;2275;0;0;126;0;122;0;
13113;4193715;1214369792;21692416;1401241600;0;0;0;0;0;0;0;0;0;0;0;2695;0;0;126;0;122;0;
13114;5890277;1214906368;21692416;1401241600;0;0;0;0;0;0;0;0;0;0;0;1824;0;0;126;0;122;0;
13115;3892289;1214906368;21692416;1401241600;0;0;0;0;0;0;0;0;0;0;0;2465;0;0;126;0;122;0;
13116;5113680;1214906368;21692416;1401241600;0;0;0;0;0;0;0;0;0;0;0;1953;0;0;126;0;122;0;
13117;4030819;1214906368;21692416;1401241600;0;0;0;0;0;0;0;0;0;0;0;2294;0;0;126;0;122;0;
13118;5470680;1214906368;21692416;1401241600;0;0;0;0;0;0;0;0;0;0;0;1934;0;0;126;0;122;0;
13119;3885887;1208303616;14364672;1393913856;0;0;0;0;0;0;0;0;0;0;0;2104;0;0;126;0;122;0;
13120;6066377;1208303616;14364672;1393913856;0;0;0;0;0;0;0;0;0;0;0;1943;0;0;126;0;122;0;
13121;4016763;1208303616;14364672;1393913856;0;0;0;0;0;0;0;0;0;0;0;2765;0;0;126;0;122;0;
13122;5886680;1208303616;14364672;1393913856;0;0;0;0;0;0;0;0;0;0;0;1563;0;0;126;0;122;0;
13123;3627303;1208303616;14364672;1393913856;0;0;0;0;0;0;0;0;0;0;0;2625;0;0;126;0;122;0;
13124;5163042;1208303616;14364672;1393913856;0;0;0;0;0;0;0;0;0;0;0;1903;0;0;126;0;122;0;
13125;4454003;1208303616;14364672;1393913856;0;0;0;0;0;0;0;0;0;0;0;2365;0;0;126;0;122;0;
13126;5868256;1208303616;14364672;1393913856;0;0;0;0;0;0;0;0;0;0;0;2054;0;0;126;0;122;0;
13127;4265059;1208303616;14364672;1393913856;0;0;0;0;0;0;0;0;0;0;0;2265;0;0;126;0;122;0;
13128;5395038;1208303616;14364672;1393913856;0;0;0;0;0;0;0;0;0;0;0;2014;0;0;126;0;122;0;
13129;4422574;1208303616;14364672;1393913856;0;0;0;0;0;0;0;0;0;0;0;2725;0;0;126;0;122;0;
13130;4949853;1208303616;14364672;1393913856;0;0;0;0;0;0;0;0;0;0;0;1863;0;0;126;0;122;0;
13131;3701572;1208303616;14364672;1393913856;0;0;0;0;0;0;0;0;0;0;0;2464;0;0;126;0;122;0;
13132;5965628;1208303616;14364672;1393913856;0;0;0;0;0;0;0;0;0;0;0;1713;0;0;126;0;122;0;
13133;3731278;1208303616;14364672;1393913856;0;0;0;0;0;0;0;0;0;0;0;2525;0;0;126;0;122;0;
13134;5894845;1208303616;14364672;1393913856;0;0;0;0;0;0;0;0;0;0;0;2234;0;0;126;0;122;0;
13135;3210451;1208303616;14364672;1393913856;0;0;0;0;0;0;0;0;0;0;0;2725;0;0;126;0;122;0;
13136;6854485;1212497920;21692416;1401241600;0;0;0;0;0;0;0;0;0;0;0;3105;0;0;126;0;122;0;
13137;3902478;1214595072;21692416;1401241600;0;0;0;0;0;0;0;0;0;0;0;2796;0;0;126;0;122;0;
13138;5586286;1215119360;21692416;1401241600;0;0;0;0;0;0;0;0;0;0;0;2084;0;0;126;0;122;0;
13139;3957742;1215119360;21692416;1401241600;0;0;0;0;0;0;0;0;0;0;0;2464;0;0;126;0;122;0;
13140;8626207;1215119360;21692416;1401241600;0;0;0;0;0;0;0;0;0;0;0;2084;0;0;126;0;122;0;
13141;3763819;1215119360;21692416;1401241600;0;0;0;0;0;0;0;0;0;0;0;2344;0;0;126;0;122;0;
13142;5052445;1215119360;21692416;1401241600;0;0;0;0;0;0;0;0;0;0;0;2054;0;0;126;0;122;0;
13143;4154451;1208315904;13914112;1393463296;0;0;0;0;0;0;0;0;0;0;0;2845;0;0;126;0;122;0;
13144;5301553;1208315904;13914112;1393463296;0;0;0;0;0;0;0;0;0;0;0;1853;0;0;126;0;122;0;
13145;3743540;1208315904;13914112;1393463296;0;0;0;0;0;0;0;0;0;0;0;2314;0;0;126;0;122;0;
13146;5137334;1208315904;13914112;1393463296;0;0;0;0;0;0;0;0;0;0;0;1794;0;0;126;0;122;0;
13147;3767615;1208315904;13914112;1393463296;0;0;0;0;0;0;0;0;0;0;0;3326;0;0;126;0;122;0;
13148;4440858;1208315904;13914112;1393463296;0;0;0;0;0;0;0;0;0;0;0;64632;0;0;126;0;122;0;
13149;4197502;1208315904;13914112;1393463296;0;0;0;0;0;0;0;0;0;0;0;3056;0;0;126;0;122;0;
13150;5933388;1208315904;13914112;1393463296;0;0;0;0;0;0;0;0;0;0;0;2474;0;0;126;0;122;0;
13151;4500019;1208315904;13914112;1393463296;0;0;0;0;0;0;0;0;0;0;0;5360;0;0;126;0;122;0;
13152;8189248;1208315904;13914112;1393463296;0;0;0;0;0;0;0;0;0;0;0;3216;0;0;126;0;122;0;
13153;3854959;1208315904;13914112;1393463296;0;0;0;0;0;0;0;0;0;0;0;2956;0;0;126;0;122;0;
13154;6203143;1208315904;13914112;1393463296;0;0;0;0;0;0;0;0;0;0;0;2555;0;0;126;0;122;0;
13155;3346977;1208315904;13914112;1393463296;0;0;0;0;0;0;0;0;0;0;0;2525;0;0;126;0;122;0;
13156;6083239;1208315904;13914112;1393463296;0;0;0;0;0;0;0;0;0;0;0;1904;0;0;126;0;122;0;
13157;4310564;1208315904;13914112;1393463296;0;0;0;0;0;0;0;0;0;0;0;3076;0;0;126;0;122;0;
13158;7165097;1212297216;21692416;1401241600;0;0;0;0;0;0;0;0;0;0;0;2265;0;0;126;0;122;0;
13159;3394767;1214394368;21692416;1401241600;0;0;0;0;0;0;0;0;0;0;0;3266;0;0;126;0;122;0;
13160;5021307;1215201280;21692416;1401241600;0;0;0;0;0;0;0;0;0;0;0;1993;0;0;126;0;122;0;
13161;4064683;1215201280;21692416;1401241600;0;0;0;0;0;0;0;0;0;0;0;2766;0;0;126;0;122;0;
13162;5993870;1215201280;21692416;1401241600;0;0;0;0;0;0;0;0;0;0;0;2324;0;0;126;0;122;0;
13163;4083849;1215201280;21692416;1401241600;0;0;0;0;0;0;0;0;0;0;0;3376;0;0;126;0;122;0;
13164;5574354;1215201280;21692416;1401241600;0;0;0;0;0;0;0;0;0;0;0;2264;0;0;126;0;122;0;
13165;3828310;1208328192;14364672;1393913856;0;0;0;0;0;0;0;0;0;0;0;2976;0;0;126;0;122;0;
13166;6511632;1208328192;14364672;1393913856;0;0;0;0;0;0;0;0;0;0;0;2334;0;0;126;0;122;0;
13167;3562761;1208328192;14364672;1393913856;0;0;0;0;0;0;0;0;0;0;0;3237;0;0;126;0;122;0;
13168;6409380;1208328192;14364672;1393913856;0;0;0;0;0;0;0;0;0;0;0;2635;0;0;126;0;122;0;
13169;3034791;1208328192;14364672;1393913856;0;0;0;0;0;0;0;0;0;0;0;3146;0;0;126;0;122;0;
13170;5846484;1208328192;14364672;1393913856;0;0;0;0;0;0;0;0;0;0;0;1823;0;0;126;0;122;0;
13171;3846534;1208328192;14364672;1393913856;0;0;0;0;0;0;0;0;0;0;0;2695;0;0;126;0;122;0;
13172;6478079;1208328192;14364672;1393913856;0;0;0;0;0;0;0;0;0;0;0;1953;0;0;126;0;122;0;
13173;4827103;1208328192;14364672;1393913856;0;0;0;0;0;0;0;0;0;0;0;3907;0;0;126;0;122;0;
13174;7305410;1208328192;14364672;1393913856;0;0;0;0;0;0;0;0;0;0;0;5019;0;0;126;0;122;0;
13175;6716907;1208328192;14364672;1393913856;0;0;0;0;0;0;0;0;0;0;0;4208;0;0;126;0;122;0;
13176;7690292;1208328192;14364672;1393913856;0;0;0;0;0;0;0;0;0;0;0;3166;0;0;126;0;122;0;
13177;7620261;1208328192;14364672;1393913856;0;0;0;0;0;0;0;0;0;0;0;3427;0;0;126;0;122;0;
13178;7677848;1208328192;14364672;1393913856;0;0;0;0;0;0;0;0;0;0;0;3266;0;0;126;0;122;0;
13179;7125533;1208328192;14364672;1393913856;0;0;0;0;0;0;0;0;0;0;0;3687;0;0;126;0;122;0;
13180;9448339;1208328192;14364672;1393913856;0;0;0;0;0;0;0;0;0;0;0;4568;0;0;126;0;122;0;
13181;5426286;1208328192;14364672;1393913856;0;0;0;0;0;0;0;0;0;0;0;4458;0;0;126;0;122;0;
13182;8762253;1212522496;21692416;1401241600;0;0;0;0;0;0;0;0;0;0;0;3206;0;0;126;0;122;0;
13183;8126079;1214619648;21692416;1401241600;0;0;0;0;0;0;0;0;0;0;0;3176;0;0;126;0;122;0;
13184;9142386;1215143936;21692416;1401241600;0;0;0;0;0;0;0;0;0;0;0;3547;0;0;126;0;122;0;
13185;7504854;1215143936;21692416;1401241600;0;0;0;0;0;0;0;0;0;0;0;2725;0;0;126;0;122;0;
13186;6364365;1215143936;21692416;1401241600;0;0;0;0;0;0;0;0;0;0;0;3877;0;0;126;0;122;0;
13187;4917763;1215143936;21692416;1401241600;0;0;0;0;0;0;0;0;0;0;0;3256;0;0;126;0;122;0;
13188;7327341;1215143936;21692416;1401241600;0;0;0;0;0;0;0;0;0;0;0;3636;0;0;126;0;122;0;
13189;5548847;1208340480;13914112;1393463296;0;0;0;0;0;0;0;0;0;0;0;3256;0;0;126;0;122;0;
13190;8487958;1208340480;13914112;1393463296;0;0;0;0;0;0;0;0;0;0;0;4118;0;0;126;0;122;0;
13191;6124936;1208340480;13914112;1393463296;0;0;0;0;0;0;0;0;0;0;0;4378;0;0;126;0;122;0;
13192;7078595;1208340480;13914112;1393463296;0;0;0;0;0;0;0;0;0;0;0;3807;0;0;126;0;122;0;
13193;5884566;1208340480;13914112;1393463296;0;0;0;0;0;0;0;0;0;0;0;4329;0;0;126;0;122;0;
13194;7456955;1208340480;13914112;1393463296;0;0;0;0;0;0;0;0;0;0;0;2194;0;0;126;0;122;0;
13195;4730061;1208340480;13914112;1393463296;0;0;0;0;0;0;0;0;0;0;0;3447;0;0;126;0;122;0;
13196;6592063;1208340480;13914112;1393463296;0;0;0;0;0;0;0;0;0;0;0;4027;0;0;126;0;122;0;
13197;4911852;1208340480;13914112;1393463296;0;0;0;0;0;0;0;0;0;0;0;3316;0;0;126;0;122;0;
13198;6476145;1208340480;13914112;1393463296;0;0;0;0;0;0;0;0;0;0;0;3737;0;0;126;0;122;0;
13199;5400899;1208340480;13914112;1393463296;0;0;0;0;0;0;0;0;0;0;0;4008;0;0;126;0;122;0;
13200;7077923;1208340480;13914112;1393463296;0;0;0;0;0;0;0;0;0;0;0;2514;0;0;126;0;122;0;
13201;5467153;1208340480;13914112;1393463296;0;0;0;0;0;0;0;0;0;0;0;4278;0;0;126;0;122;0;
13202;7235299;1208340480;13914112;1393463296;0;0;0;0;0;0;0;0;0;0;0;3296;0;0;126;0;122;0;
13203;5402953;1208340480;13914112;1393463296;0;0;0;0;0;0;0;0;0;0;0;3908;0;0;126;0;122;0;
13204;8437544;1212321792;21692416;1401241600;0;0;0;0;0;0;0;0;0;0;0;4248;0;0;126;0;122;0;
13205;8155324;1214418944;21692416;1401241600;0;0;0;0;0;0;0;0;0;0;0;3617;0;0;126;0;122;0;
13206;6631036;1215225856;21692416;1401241600;0;0;0;0;0;0;0;0;0;0;0;2875;0;0;126;0;122;0;
13207;5350464;1215225856;21692416;1401241600;0;0;0;0;0;0;0;0;0;0;0;3206;0;0;126;0;122;0;
13208;7216935;1215225856;21692416;1401241600;0;0;0;0;0;0;0;0;0;0;0;3236;0;0;126;0;122;0;
13209;5639516;1215225856;21692416;1401241600;0;0;0;0;0;0;0;0;0;0;0;4849;0;0;126;0;122;0;
13210;7246050;1215225856;21692416;1401241600;0;0;0;0;0;0;0;0;0;0;0;116017;0;0;126;0;122;0;
13211;4655150;1208356864;14368768;1393917952;0;0;0;0;0;0;0;0;0;0;0;3627;0;0;126;0;122;0;
13212;8325774;1208356864;14368768;1393917952;0;0;0;0;0;0;0;0;0;0;0;3306;0;0;126;0;122;0;
13213;7481170;1208356864;14368768;1393917952;0;0;0;0;0;0;0;0;0;0;0;4318;0;0;126;0;122;0;
13214;6399832;1208356864;14368768;1393917952;0;0;0;0;0;0;0;0;0;0;0;3186;0;0;126;0;122;0;
13215;5611243;1208356864;14368768;1393917952;0;0;0;0;0;0;0;0;0;0;0;3616;0;0;126;0;122;0;
13216;7188681;1208356864;14368768;1393917952;0;0;0;0;0;0;0;0;0;0;0;2735;0;0;126;0;122;0;
13217;5912378;1208352768;14364672;1393913856;0;0;0;0;0;0;0;0;0;0;0;3597;0;0;126;0;122;0;
13218;5967892;1208352768;14364672;1393913856;0;0;0;0;0;0;0;0;0;0;0;2144;0;0;126;0;122;0;
13219;5608358;1208348672;14360576;1393909760;0;0;0;0;0;0;0;0;0;0;0;2825;0;0;126;0;122;0;
13220;6626597;1208348672;14360576;1393909760;0;0;0;0;0;0;0;0;0;0;0;2625;0;0;126;0;122;0;
13221;4374875;1208348672;14360576;1393909760;0;0;0;0;0;0;0;0;0;0;0;2945;0;0;126;0;122;0;
13222;6602092;1208348672;14360576;1393909760;0;0;0;0;0;0;0;0;0;0;0;3186;0;0;126;0;122;0;
13223;4815431;1208348672;14360576;1393909760;0;0;0;0;0;0;0;0;0;0;0;3577;0;0;126;0;122;0;
13224;6112423;1208348672;14360576;1393909760;0;0;0;0;0;0;0;0;0;0;0;3366;0;0;126;0;122;0;
13225;6654169;1208348672;14360576;1393909760;0;0;0;0;0;0;0;0;0;0;0;3646;0;0;126;0;122;0;
13226;8504028;1208348672;14360576;1393909760;0;0;0;0;0;0;0;0;0;0;0;3096;0;0;126;0;122;0;
13227;3818912;1208348672;14360576;1393909760;0;0;0;0;0;0;0;0;0;0;0;3646;0;0;126;0;122;0;
13228;9481963;1212542976;21688320;1401237504;0;0;0;0;0;0;0;0;0;0;0;3006;0;0;126;0;122;0;
13229;8394613;1214640128;21688320;1401237504;0;0;0;0;0;0;0;0;0;0;0;3778;0;0;126;0;122;0;
13230;5410206;1215164416;21688320;1401237504;0;0;0;0;0;0;0;0;0;0;0;2986;0;0;126;0;122;0;
13231;5644325;1215164416;21688320;1401237504;0;0;0;0;0;0;0;0;0;0;0;4048;0;0;126;0;122;0;
13232;7122407;1215164416;21688320;1401237504;0;0;0;0;0;0;0;0;0;0;0;3466;0;0;126;0;122;0;
13233;3926164;1215164416;21688320;1401237504;0;0;0;0;0;0;0;0;0;0;0;5861;0;0;126;0;122;0;
13234;6461598;1215164416;21688320;1401237504;0;0;0;0;0;0;0;0;0;0;0;4227;0;0;126;0;122;0;
13235;6338527;1208360960;13910016;1393459200;0;0;0;0;0;0;0;0;0;0;0;3717;0;0;126;0;122;0;
13236;6833295;1208360960;13910016;1393459200;0;0;0;0;0;0;0;0;0;0;0;3436;0;0;126;0;122;0;
13237;3644304;1208360960;13910016;1393459200;0;0;0;0;0;0;0;0;0;0;0;3337;0;0;126;0;122;0;
13238;7308486;1208360960;13910016;1393459200;0;0;0;0;0;0;0;0;0;0;0;3717;0;0;126;0;122;0;
13239;4877437;1208360960;13910016;1393459200;0;0;0;0;0;0;0;0;0;0;0;4228;0;0;126;0;122;0;
13240;6168548;1208360960;13910016;1393459200;0;0;0;0;0;0;0;0;0;0;0;3055;0;0;126;0;122;0;
13241;5196145;1208360960;13910016;1393459200;0;0;0;0;0;0;0;0;0;0;0;3626;0;0;126;0;122;0;
13242;6392648;1208360960;13910016;1393459200;0;0;0;0;0;0;0;0;0;0;0;3106;0;0;126;0;122;0;
13243;4333117;1208360960;13910016;1393459200;0;0;0;0;0;0;0;0;0;0;0;3367;0;0;126;0;122;0;
13244;6801746;1208360960;13910016;1393459200;0;0;0;0;0;0;0;0;0;0;0;3296;0;0;126;0;122;0;
13245;3500685;1208360960;13910016;1393459200;0;0;0;0;0;0;0;0;0;0;0;2716;0;0;126;0;122;0;
13246;7385010;1208360960;13910016;1393459200;0;0;0;0;0;0;0;0;0;0;0;2695;0;0;126;0;122;0;
13247;4633860;1208360960;13910016;1393459200;0;0;0;0;0;0;0;0;0;0;0;3266;0;0;126;0;122;0;
13248;6846149;1208360960;13910016;1393459200;0;0;0;0;0;0;0;0;0;0;0;3567;0;0;126;0;122;0;
13249;5529380;1208360960;13910016;1393459200;0;0;0;0;0;0;0;0;0;0;0;3577;0;0;126;0;122;0;
13250;5839851;1212342272;21688320;1401237504;0;0;0;0;0;0;0;0;0;0;0;2435;0;0;126;0;122;0;
13251;4789061;1214439424;21688320;1401237504;0;0;0;0;0;0;0;0;0;0;0;3937;0;0;126;0;122;0;
13252;6579539;1215246336;21688320;1401237504;0;0;0;0;0;0;0;0;0;0;0;2164;0;0;126;0;122;0;
13253;5176969;1215246336;21688320;1401237504;0;0;0;0;0;0;0;0;0;0;0;3506;0;0;126;0;122;0;
13254;6089330;1215246336;21688320;1401237504;0;0;0;0;0;0;0;0;0;0;0;2745;0;0;126;0;122;0;
13255;5357718;1215246336;21688320;1401237504;0;0;0;0;0;0;0;0;0;0;0;3657;0;0;126;0;122;0;
13256;7032759;1215246336;21688320;1401237504;0;0;0;0;0;0;0;0;0;0;0;8286;0;0;126;0;122;0;
13257;4271611;1208373248;14360576;1393909760;0;0;0;0;0;0;0;0;0;0;0;2956;0;0;126;0;122;0;
13258;5791431;1208373248;14360576;1393909760;0;0;0;0;0;0;0;0;0;0;0;2906;0;0;126;0;122;0;
13259;4178747;1208373248;14360576;1393909760;0;0;0;0;0;0;0;0;0;0;0;3156;0;0;126;0;122;0;
13260;4921721;1208373248;14360576;1393909760;0;0;0;0;0;0;0;0;0;0;0;2265;0;0;126;0;122;0;
13261;4718649;1208373248;14360576;1393909760;0;0;0;0;0;0;0;0;0;0;0;3587;0;0;126;0;122;0;
13262;7333753;1208373248;14360576;1393909760;0;0;0;0;0;0;0;0;0;0;0;3176;0;0;126;0;122;0;
13263;4212680;1208373248;14360576;1393909760;0;0;0;0;0;0;0;0;0;0;0;2936;0;0;126;0;122;0;
13264;5605493;1208373248;14360576;1393909760;0;0;0;0;0;0;0;0;0;0;0;2394;0;0;126;0;122;0;
13265;4960634;1208373248;14360576;1393909760;0;0;0;0;0;0;0;0;0;0;0;3637;0;0;126;0;122;0;
13266;5048057;1208373248;14360576;1393909760;0;0;0;0;0;0;0;0;0;0;0;2475;0;0;126;0;122;0;
13267;3714556;1208373248;14360576;1393909760;0;0;0;0;0;0;0;0;0;0;0;2986;0;0;126;0;122;0;
13268;6112413;1208373248;14360576;1393909760;0;0;0;0;0;0;0;0;0;0;0;3126;0;0;126;0;122;0;
13269;4857931;1208373248;14360576;1393909760;0;0;0;0;0;0;0;0;0;0;0;3075;0;0;126;0;122;0;
13270;6588316;1208373248;14360576;1393909760;0;0;0;0;0;0;0;0;0;0;0;4439;0;0;126;0;122;0;
13271;6888499;1208373248;14360576;1393909760;0;0;0;0;0;0;0;0;0;0;0;3397;0;0;126;0;122;0;
13272;7214479;1208373248;14360576;1393909760;0;0;0;0;0;0;0;0;0;0;0;3968;0;0;126;0;122;0;
13273;4877517;1208373248;14360576;1393909760;0;0;0;0;0;0;0;0;0;0;0;3737;0;0;126;0;122;0;
13274;7241731;1212567552;21688320;1401237504;0;0;0;0;0;0;0;0;0;0;0;7103;0;0;126;0;122;0;
13275;5782084;1214664704;21688320;1401237504;0;0;0;0;0;0;0;0;0;0;0;3386;0;0;126;0;122;0;
13276;7430314;1215188992;21688320;1401237504;0;0;0;0;0;0;0;0;0;0;0;4498;0;0;126;0;122;0;
13277;6015070;1215188992;21688320;1401237504;0;0;0;0;0;0;0;0;0;0;0;3196;0;0;126;0;122;0;
13278;6858913;1215188992;21688320;1401237504;0;0;0;0;0;0;0;0;0;0;0;3928;0;0;126;0;122;0;
13279;8199848;1215188992;21688320;1401237504;0;0;0;0;0;0;0;0;0;0;0;3216;0;0;126;0;122;0;
13280;6864564;1215188992;21688320;1401237504;0;0;0;0;0;0;0;0;0;0;0;3016;0;0;126;0;122;0;
13281;6719161;1208385536;13910016;1393459200;0;0;0;0;0;0;0;0;0;0;0;4028;0;0;126;0;122;0;
13282;5699509;1208385536;13910016;1393459200;0;0;0;0;0;0;0;0;0;0;0;2184;0;0;126;0;122;0;
13283;6077919;1208385536;13910016;1393459200;0;0;0;0;0;0;0;0;0;0;0;3145;0;0;126;0;122;0;
13284;7775021;1208385536;13910016;1393459200;0;0;0;0;0;0;0;0;0;0;0;2575;0;0;126;0;122;0;
13285;6048102;1208385536;13910016;1393459200;0;0;0;0;0;0;0;0;0;0;0;3076;0;0;126;0;122;0;
13286;5511727;1208385536;13910016;1393459200;0;0;0;0;0;0;0;0;0;0;0;2565;0;0;126;0;122;0;
13287;5701803;1208385536;13910016;1393459200;0;0;0;0;0;0;0;0;0;0;0;3587;0;0;126;0;122;0;
13288;5881640;1208385536;13910016;1393459200;0;0;0;0;0;0;0;0;0;0;0;3025;0;0;126;0;122;0;
13289;4366108;1208385536;13910016;1393459200;0;0;0;0;0;0;0;0;0;0;0;3036;0;0;126;0;122;0;
13290;5313696;1208385536;13910016;1393459200;0;0;0;0;0;0;0;0;0;0;0;3096;0;0;126;0;122;0;
13291;3618256;1208385536;13910016;1393459200;0;0;0;0;0;0;0;0;0;0;0;3136;0;0;126;0;122;0;
13292;8222050;1208385536;13910016;1393459200;0;0;0;0;0;0;0;0;0;0;0;3517;0;0;126;0;122;0;
13293;6744038;1208385536;13910016;1393459200;0;0;0;0;0;0;0;0;0;0;0;3366;0;0;126;0;122;0;
13294;5529119;1208385536;13910016;1393459200;0;0;0;0;0;0;0;0;0;0;0;2935;0;0;126;0;122;0;
13295;7005488;1208385536;13910016;1393459200;0;0;0;0;0;0;0;0;0;0;0;2985;0;0;126;0;122;0;
13296;8078139;1212366848;21688320;1401237504;0;0;0;0;0;0;0;0;0;0;0;3947;0;0;126;0;122;0;
13297;4782529;1214464000;21688320;1401237504;0;0;0;0;0;0;0;0;0;0;0;3527;0;0;126;0;122;0;
13298;5929009;1215270912;21688320;1401237504;0;0;0;0;0;0;0;0;0;0;0;3837;0;0;126;0;122;0;
13299;3404104;1215270912;21688320;1401237504;0;0;0;0;0;0;0;0;0;0;0;3176;0;0;126;0;122;0;
13300;4567816;1215270912;21688320;1401237504;0;0;0;0;0;0;0;0;0;0;0;1864;0;0;126;0;122;0;
13301;5310540;1215270912;21688320;1401237504;0;0;0;0;0;0;0;0;0;0;0;3176;0;0;126;0;122;0;
13302;5205512;1215270912;21688320;1401237504;0;0;0;0;0;0;0;0;0;0;0;2044;0;0;126;0;122;0;
13303;6121721;1208397824;14360576;1393909760;0;0;0;0;0;0;0;0;0;0;0;3296;0;0;126;0;122;0;
13304;5413172;1208397824;14360576;1393909760;0;0;0;0;0;0;0;0;0;0;0;2285;0;0;126;0;122;0;
13305;4735812;1208397824;14360576;1393909760;0;0;0;0;0;0;0;0;0;0;0;2966;0;0;126;0;122;0;
13306;5677077;1208397824;14360576;1393909760;0;0;0;0;0;0;0;0;0;0;0;2555;0;0;126;0;122;0;
13307;4132520;1208397824;14360576;1393909760;0;0;0;0;0;0;0;0;0;0;0;2966;0;0;126;0;122;0;
13308;10613955;1208397824;14360576;1393909760;0;0;0;0;0;0;0;0;0;0;0;2384;0;0;126;0;122;0;
13309;5050833;1208397824;14360576;1393909760;0;0;0;0;0;0;0;0;0;0;0;2775;0;0;126;0;122;0;
13310;4821402;1208397824;14360576;1393909760;0;0;0;0;0;0;0;0;0;0;0;2294;0;0;126;0;122;0;
13311;4301697;1208397824;14360576;1393909760;0;0;0;0;0;0;0;0;0;0;0;2685;0;0;126;0;122;0;
13312;5396010;1208397824;14360576;1393909760;0;0;0;0;0;0;0;0;0;0;0;2024;0;0;126;0;122;0;
13313;4058482;1208397824;14360576;1393909760;0;0;0;0;0;0;0;0;0;0;0;2955;0;0;126;0;122;0;
13314;5489385;1208397824;14360576;1393909760;0;0;0;0;0;0;0;0;0;0;0;2745;0;0;126;0;122;0;
13315;3527345;1208397824;14360576;1393909760;0;0;0;0;0;0;0;0;0;0;0;2485;0;0;126;0;122;0;
13316;6089951;1208397824;14360576;1393909760;0;0;0;0;0;0;0;0;0;0;0;2856;0;0;126;0;122;0;
13317;5610952;1208397824;14360576;1393909760;0;0;0;0;0;0;0;0;0;0;0;2736;0;0;126;0;122;0;
13318;5453989;1208397824;14360576;1393909760;0;0;0;0;0;0;0;0;0;0;0;2224;0;0;126;0;122;0;
13319;3478594;1208397824;14360576;1393909760;0;0;0;0;0;0;0;0;0;0;0;3727;0;0;126;0;122;0;
13320;5811168;1212592128;21688320;1401237504;0;0;0;0;0;0;0;0;0;0;0;2876;0;0;126;0;122;0;
13321;4569500;1214689280;21688320;1401237504;0;0;0;0;0;0;0;0;0;0;0;4448;0;0;126;0;122;0;
13322;5972641;1215213568;21688320;1401237504;0;0;0;0;0;0;0;0;0;0;0;3496;0;0;126;0;122;0;
13323;4034396;1215213568;21688320;1401237504;0;0;0;0;0;0;0;0;0;0;0;2935;0;0;126;0;122;0;
13324;5521876;1215213568;21688320;1401237504;0;0;0;0;0;0;0;0;0;0;0;2344;0;0;126;0;122;0;
13325;4170131;1215213568;21688320;1401237504;0;0;0;0;0;0;0;0;0;0;0;2985;0;0;126;0;122;0;
13326;4957477;1215213568;21688320;1401237504;0;0;0;0;0;0;0;0;0;0;0;2104;0;0;126;0;122;0;
13327;3782163;1208410112;13910016;1393459200;0;0;0;0;0;0;0;0;0;0;0;3146;0;0;126;0;122;0;
13328;5062033;1208410112;13910016;1393459200;0;0;0;0;0;0;0;0;0;0;0;1913;0;0;126;0;122;0;
13329;3814123;1208410112;13910016;1393459200;0;0;0;0;0;0;0;0;0;0;0;3497;0;0;126;0;122;0;
13330;5165358;1208410112;13910016;1393459200;0;0;0;0;0;0;0;0;0;0;0;1763;0;0;126;0;122;0;
13331;3080668;1208410112;13910016;1393459200;0;0;0;0;0;0;0;0;0;0;0;3096;0;0;126;0;122;0;
13332;4381367;1208410112;13910016;1393459200;0;0;0;0;0;0;0;0;0;0;0;1843;0;0;126;0;122;0;
13333;3508790;1208410112;13910016;1393459200;0;0;0;0;0;0;0;0;0;0;0;2765;0;0;126;0;122;0;
13334;5104864;1208410112;13910016;1393459200;0;0;0;0;0;0;0;0;0;0;0;1703;0;0;126;0;122;0;
13335;3466521;1208410112;13910016;1393459200;0;0;0;0;0;0;0;0;0;0;0;2445;0;0;126;0;122;0;
13336;5637463;1208410112;13910016;1393459200;0;0;0;0;0;0;0;0;0;0;0;3016;0;0;126;0;122;0;
13337;2774423;1208410112;13910016;1393459200;0;0;0;0;0;0;0;0;0;0;0;2956;0;0;126;0;122;0;
13338;5549347;1208410112;13910016;1393459200;0;0;0;0;0;0;0;0;0;0;0;2264;0;0;126;0;122;0;
13339;2842811;1208410112;13910016;1393459200;0;0;0;0;0;0;0;0;0;0;0;2815;0;0;126;0;122;0;
13340;5266467;1208410112;13910016;1393459200;0;0;0;0;0;0;0;0;0;0;0;2355;0;0;126;0;122;0;
13341;2778431;1208410112;13910016;1393459200;0;0;0;0;0;0;0;0;0;0;0;2696;0;0;126;0;122;0;
13342;5371414;1212391424;21688320;1401237504;0;0;0;0;0;0;0;0;0;0;0;2765;0;0;126;0;122;0;
13343;3011277;1214488576;21688320;1401237504;0;0;0;0;0;0;0;0;0;0;0;2815;0;0;126;0;122;0;
13344;6064674;1215295488;21688320;1401237504;0;0;0;0;0;0;0;0;0;0;0;2615;0;0;126;0;122;0;
13345;3062743;1215295488;21688320;1401237504;0;0;0;0;0;0;0;0;0;0;0;2585;0;0;126;0;122;0;
13346;5245998;1215295488;21688320;1401237504;0;0;0;0;0;0;0;0;0;0;0;3517;0;0;126;0;122;0;
13347;2733095;1215295488;21688320;1401237504;0;0;0;0;0;0;0;0;0;0;0;2555;0;0;126;0;122;0;
13348;5105395;1215295488;21688320;1401237504;0;0;0;0;0;0;0;0;0;0;0;3086;0;0;126;0;122;0;
13349;3431335;1208422400;14360576;1393909760;0;0;0;0;0;0;0;0;0;0;0;3036;0;0;126;0;122;0;
13350;4964961;1208422400;14360576;1393909760;0;0;0;0;0;0;0;0;0;0;0;2715;0;0;126;0;122;0;
13351;3413191;1208422400;14360576;1393909760;0;0;0;0;0;0;0;0;0;0;0;3276;0;0;126;0;122;0;
13352;5830555;1208422400;14360576;1393909760;0;0;0;0;0;0;0;0;0;0;0;2224;0;0;126;0;122;0;
13353;2588364;1208422400;14360576;1393909760;0;0;0;0;0;0;0;0;0;0;0;2635;0;0;126;0;122;0;
13354;5942925;1208422400;14360576;1393909760;0;0;0;0;0;0;0;0;0;0;0;2554;0;0;126;0;122;0;
13355;3600081;1208422400;14360576;1393909760;0;0;0;0;0;0;0;0;0;0;0;2815;0;0;126;0;122;0;
13356;5967561;1208422400;14360576;1393909760;0;0;0;0;0;0;0;0;0;0;0;2875;0;0;126;0;122;0;
13357;3010936;1208422400;14360576;1393909760;0;0;0;0;0;0;0;0;0;0;0;2855;0;0;126;0;122;0;
13358;4717577;1208422400;14360576;1393909760;0;0;0;0;0;0;0;0;0;0;0;1573;0;0;126;0;122;0;
13359;3773176;1208422400;14360576;1393909760;0;0;0;0;0;0;0;0;0;0;0;2604;0;0;126;0;122;0;
13360;4351380;1208422400;14360576;1393909760;0;0;0;0;0;0;0;0;0;0;0;1753;0;0;126;0;122;0;
13361;4681720;1208422400;14360576;1393909760;0;0;0;0;0;0;0;0;0;0;0;2895;0;0;126;0;122;0;
13362;5075098;1208422400;14360576;1393909760;0;0;0;0;0;0;0;0;0;0;0;1704;0;0;126;0;122;0;
13363;3010115;1208422400;14360576;1393909760;0;0;0;0;0;0;0;0;0;0;0;2275;0;0;126;0;122;0;
13364;5484446;1208422400;14360576;1393909760;0;0;0;0;0;0;0;0;0;0;0;1643;0;0;126;0;122;0;
13365;2454102;1208422400;14360576;1393909760;0;0;0;0;0;0;0;0;0;0;0;3427;0;0;126;0;122;0;
13366;5287376;1212616704;21688320;1401237504;0;0;0;0;0;0;0;0;0;0;0;2224;0;0;126;0;122;0;
13367;4656593;1214713856;21688320;1401237504;0;0;0;0;0;0;0;0;0;0;0;2665;0;0;126;0;122;0;
13368;4821402;1215238144;21688320;1401237504;0;0;0;0;0;0;0;0;0;0;0;1483;0;0;126;0;122;0;
13369;3449449;1215238144;21688320;1401237504;0;0;0;0;0;0;0;0;0;0;0;2675;0;0;126;0;122;0;
13370;5885027;1215238144;21688320;1401237504;0;0;0;0;0;0;0;0;0;0;0;2084;0;0;126;0;122;0;
13371;3943155;1215238144;21688320;1401237504;0;0;0;0;0;0;0;0;0;0;0;2755;0;0;126;0;122;0;
13372;4901642;1215238144;21688320;1401237504;0;0;0;0;0;0;0;0;0;0;0;2645;0;0;126;0;122;0;
13373;3827248;1208434688;13910016;1393459200;0;0;0;0;0;0;0;0;0;0;0;3346;0;0;126;0;122;0;
13374;4641024;1208434688;13910016;1393459200;0;0;0;0;0;0;0;0;0;0;0;1493;0;0;126;0;122;0;
13375;3552232;1208434688;13910016;1393459200;0;0;0;0;0;0;0;0;0;0;0;2114;0;0;126;0;122;0;
13376;4182855;1208434688;13910016;1393459200;0;0;0;0;0;0;0;0;0;0;0;1864;0;0;126;0;122;0;
13377;4760959;1208434688;13910016;1393459200;0;0;0;0;0;0;0;0;0;0;0;1944;0;0;126;0;122;0;
13378;4514727;1208434688;13910016;1393459200;0;0;0;0;0;0;0;0;0;0;0;1644;0;0;126;0;122;0;
13379;2016642;1208434688;13910016;1393459200;0;0;0;0;0;0;0;0;0;0;0;2034;0;0;126;0;122;0;
13380;4120036;1208434688;13910016;1393459200;0;0;0;0;0;0;0;0;0;0;0;1643;0;0;126;0;122;0;
13381;2250560;1208434688;13910016;1393459200;0;0;0;0;0;0;0;0;0;0;0;2023;0;0;126;0;122;0;
13382;4273344;1208434688;13910016;1393459200;0;0;0;0;0;0;0;0;0;0;0;1443;0;0;126;0;122;0;
13383;2680477;1208434688;13910016;1393459200;0;0;0;0;0;0;0;0;0;0;0;2003;0;0;126;0;122;0;
13384;4570091;1208434688;13910016;1393459200;0;0;0;0;0;0;0;0;0;0;0;1543;0;0;126;0;122;0;
13385;3305620;1208434688;13910016;1393459200;0;0;0;0;0;0;0;0;0;0;0;2304;0;0;126;0;122;0;
13386;4258276;1208434688;13910016;1393459200;0;0;0;0;0;0;0;0;0;0;0;1182;0;0;126;0;122;0;
13387;2885802;1208434688;13910016;1393459200;0;0;0;0;0;0;0;0;0;0;0;2786;0;0;126;0;122;0;
13388;5536623;1212416000;21688320;1401237504;0;0;0;0;0;0;0;0;0;0;0;1893;0;0;126;0;122;0;
13389;2666771;1214513152;21688320;1401237504;0;0;0;0;0;0;0;0;0;0;0;2856;0;0;126;0;122;0;
13390;4880152;1215320064;21688320;1401237504;0;0;0;0;0;0;0;0;0;0;0;1473;0;0;126;0;122;0;
13391;3205562;1215320064;21688320;1401237504;0;0;0;0;0;0;0;0;0;0;0;2004;0;0;126;0;122;0;
13392;4144552;1215320064;21688320;1401237504;0;0;0;0;0;0;0;0;0;0;0;1583;0;0;126;0;122;0;
13393;3794226;1215320064;21688320;1401237504;0;0;0;0;0;0;0;0;0;0;0;1964;0;0;126;0;122;0;
13394;4830249;1215320064;21688320;1401237504;0;0;0;0;0;0;0;0;0;0;0;1804;0;0;126;0;122;0;
13395;3758619;1208446976;14360576;1393909760;0;0;0;0;0;0;0;0;0;0;0;2405;0;0;126;0;122;0;
13396;5657290;1208446976;14360576;1393909760;0;0;0;0;0;0;0;0;0;0;0;3306;0;0;126;0;122;0;
13397;3966849;1208446976;14360576;1393909760;0;0;0;0;0;0;0;0;0;0;0;2845;0;0;126;0;122;0;
13398;5753320;1208446976;14360576;1393909760;0;0;0;0;0;0;0;0;0;0;0;2625;0;0;126;0;122;0;
13399;3970557;1208446976;14360576;1393909760;0;0;0;0;0;0;0;0;0;0;0;2725;0;0;126;0;122;0;
13400;5582419;1208446976;14360576;1393909760;0;0;0;0;0;0;0;0;0;0;0;2805;0;0;126;0;122;0;
13401;3754691;1208446976;14360576;1393909760;0;0;0;0;0;0;0;0;0;0;0;2735;0;0;126;0;122;0;
13402;4781747;1208446976;14360576;1393909760;0;0;0;0;0;0;0;0;0;0;0;2505;0;0;126;0;122;0;
13403;3328502;1208446976;14360576;1393909760;0;0;0;0;0;0;0;0;0;0;0;2836;0;0;126;0;122;0;
13404;5101718;1208446976;14360576;1393909760;0;0;0;0;0;0;0;0;0;0;0;2154;0;0;126;0;122;0;
13405;2978256;1208446976;14360576;1393909760;0;0;0;0;0;0;0;0;0;0;0;3156;0;0;126;0;122;0;
13406;5828441;1208446976;14360576;1393909760;0;0;0;0;0;0;0;0;0;0;0;1723;0;0;126;0;122;0;
13407;3384137;1208446976;14360576;1393909760;0;0;0;0;0;0;0;0;0;0;0;3076;0;0;126;0;122;0;
13408;5562953;1208446976;14360576;1393909760;0;0;0;0;0;0;0;0;0;0;0;2444;0;0;126;0;122;0;
13409;2922290;1208446976;14360576;1393909760;0;0;0;0;0;0;0;0;0;0;0;3055;0;0;126;0;122;0;
13410;5557492;1208446976;14360576;1393909760;0;0;0;0;0;0;0;0;0;0;0;2454;0;0;126;0;122;0;
13411;4078869;1208446976;14360576;1393909760;0;0;0;0;0;0;0;0;0;0;0;2966;0;0;126;0;122;0;
13412;7655787;1212641280;21688320;1401237504;0;0;0;0;0;0;0;0;0;0;0;2996;0;0;126;0;122;0;
13413;5401089;1214738432;21688320;1401237504;0;0;0;0;0;0;0;0;0;0;0;3256;0;0;126;0;122;0;
13414;5429683;1215262720;21688320;1401237504;0;0;0;0;0;0;0;0;0;0;0;2084;0;0;126;0;122;0;
13415;4074922;1215262720;21688320;1401237504;0;0;0;0;0;0;0;0;0;0;0;2866;0;0;126;0;122;0;
13416;5319266;1215262720;21688320;1401237504;0;0;0;0;0;0;0;0;0;0;0;1543;0;0;126;0;122;0;
13417;2826010;1215262720;21688320;1401237504;0;0;0;0;0;0;0;0;0;0;0;2575;0;0;126;0;122;0;
13418;4476936;1215262720;21688320;1401237504;0;0;0;0;0;0;0;0;0;0;0;1793;0;0;126;0;122;0;
13419;3334534;1208459264;13910016;1393459200;0;0;0;0;0;0;0;0;0;0;0;3065;0;0;126;0;122;0;
13420;4317707;1208459264;13910016;1393459200;0;0;0;0;0;0;0;0;0;0;0;1643;0;0;126;0;122;0;
13421;3570496;1208459264;13910016;1393459200;0;0;0;0;0;0;0;0;0;0;0;2835;0;0;126;0;122;0;
13422;5557973;1208459264;13910016;1393459200;0;0;0;0;0;0;0;0;0;0;0;1694;0;0;126;0;122;0;
13423;3343711;1208459264;13910016;1393459200;0;0;0;0;0;0;0;0;0;0;0;3106;0;0;126;0;122;0;
13424;8443675;1208459264;13910016;1393459200;0;0;0;0;0;0;0;0;0;0;0;3056;0;0;126;0;122;0;
13425;4376838;1208459264;13910016;1393459200;0;0;0;0;0;0;0;0;0;0;0;3176;0;0;126;0;122;0;
13426;5302133;1208459264;13910016;1393459200;0;0;0;0;0;0;0;0;0;0;0;2284;0;0;126;0;122;0;
13427;3860200;1208459264;13910016;1393459200;0;0;0;0;0;0;0;0;0;0;0;2395;0;0;126;0;122;0;
13428;4950424;1208459264;13910016;1393459200;0;0;0;0;0;0;0;0;0;0;0;2585;0;0;126;0;122;0;
13429;4201139;1208459264;13910016;1393459200;0;0;0;0;0;0;0;0;0;0;0;2945;0;0;126;0;122;0;
13430;4930357;1208459264;13910016;1393459200;0;0;0;0;0;0;0;0;0;0;0;2485;0;0;126;0;122;0;
13431;4040868;1208459264;13910016;1393459200;0;0;0;0;0;0;0;0;0;0;0;3477;0;0;126;0;122;0;
13432;4337905;1208459264;13910016;1393459200;0;0;0;0;0;0;0;0;0;0;0;2364;0;0;126;0;122;0;
13433;3286253;1208459264;13910016;1393459200;0;0;0;0;0;0;0;0;0;0;0;2976;0;0;126;0;122;0;
13434;6123584;1212440576;21688320;1401237504;0;0;0;0;0;0;0;0;0;0;0;2765;0;0;126;0;122;0;
13435;5028130;1214537728;21688320;1401237504;0;0;0;0;0;0;0;0;0;0;0;2726;0;0;126;0;122;0;
13436;5450131;1215344640;21688320;1401237504;0;0;0;0;0;0;0;0;0;0;0;2044;0;0;126;0;122;0;
13437;3977039;1215344640;21688320;1401237504;0;0;0;0;0;0;0;0;0;0;0;3116;0;0;126;0;122;0;
13438;5539699;1215344640;21688320;1401237504;0;0;0;0;0;0;0;0;0;0;0;1623;0;0;126;0;122;0;
13439;4046268;1215344640;21688320;1401237504;0;0;0;0;0;0;0;0;0;0;0;2826;0;0;126;0;122;0;
13440;5108300;1215344640;21688320;1401237504;0;0;0;0;0;0;0;0;0;0;0;1422;0;0;126;0;122;0;
13441;5027659;1208471552;14360576;1393909760;0;0;0;0;0;0;0;0;0;0;0;2826;0;0;126;0;122;0;
13442;5580105;1208471552;14360576;1393909760;0;0;0;0;0;0;0;0;0;0;0;3006;0;0;126;0;122;0;
13443;4719792;1208471552;14360576;1393909760;0;0;0;0;0;0;0;0;0;0;0;2495;0;0;126;0;122;0;
13444;5624178;1208471552;14360576;1393909760;0;0;0;0;0;0;0;0;0;0;0;2215;0;0;126;0;122;0;
13445;4412285;1208471552;14360576;1393909760;0;0;0;0;0;0;0;0;0;0;0;3186;0;0;126;0;122;0;
13446;5070088;1208471552;14360576;1393909760;0;0;0;0;0;0;0;0;0;0;0;3306;0;0;126;0;122;0;
13447;4736903;1208471552;14360576;1393909760;0;0;0;0;0;0;0;0;0;0;0;3436;0;0;126;0;122;0;
13448;4635874;1208471552;14360576;1393909760;0;0;0;0;0;0;0;0;0;0;0;1814;0;0;126;0;122;0;
13449;4190458;1208471552;14360576;1393909760;0;0;0;0;0;0;0;0;0;0;0;2504;0;0;126;0;122;0;
13450;5052325;1208471552;14360576;1393909760;0;0;0;0;0;0;0;0;0;0;0;2565;0;0;126;0;122;0;
13451;5493092;1208471552;14360576;1393909760;0;0;0;0;0;0;0;0;0;0;0;3286;0;0;126;0;122;0;
13452;4680228;1208471552;14360576;1393909760;0;0;0;0;0;0;0;0;0;0;0;1773;0;0;126;0;122;0;
13453;5493292;1208471552;14360576;1393909760;0;0;0;0;0;0;0;0;0;0;0;3146;0;0;126;0;122;0;
13454;6322517;1208471552;14360576;1393909760;0;0;0;0;0;0;0;0;0;0;0;2375;0;0;126;0;122;0;
13455;3503761;1208471552;14360576;1393909760;0;0;0;0;0;0;0;0;0;0;0;3176;0;0;126;0;122;0;
13456;4908706;1208471552;14360576;1393909760;0;0;0;0;0;0;0;0;0;0;0;1563;0;0;126;0;122;0;
13457;4181772;1208471552;14360576;1393909760;0;0;0;0;0;0;0;0;0;0;0;3316;0;0;126;0;122;0;
13458;5805347;1212665856;21688320;1401237504;0;0;0;0;0;0;0;0;0;0;0;217077;0;0;126;0;122;0;
13459;4426692;1214763008;21692416;1401241600;0;0;0;0;0;0;0;0;0;0;0;3276;0;0;126;0;122;0;
13460;5601886;1215287296;21692416;1401241600;0;0;0;0;0;0;0;0;0;0;0;2805;0;0;126;0;122;0;
13461;3384157;1215287296;21692416;1401241600;0;0;0;0;0;0;0;0;0;0;0;3617;0;0;126;0;122;0;
13462;5883574;1215287296;21692416;1401241600;0;0;0;0;0;0;0;0;0;0;0;2816;0;0;126;0;122;0;
13463;2685837;1215287296;21692416;1401241600;0;0;0;0;0;0;0;0;0;0;0;3247;0;0;126;0;122;0;
13464;4934194;1215287296;21692416;1401241600;0;0;0;0;0;0;0;0;0;0;0;1523;0;0;126;0;122;0;
13465;2821251;1208487936;13914112;1393463296;0;0;0;0;0;0;0;0;0;0;0;1923;0;0;126;0;122;0;
13466;5071561;1208487936;13914112;1393463296;0;0;0;0;0;0;0;0;0;0;0;1563;0;0;126;0;122;0;
13467;2594024;1208483840;13910016;1393459200;0;0;0;0;0;0;0;0;0;0;0;1753;0;0;126;0;122;0;
13468;4970051;1208483840;13910016;1393459200;0;0;0;0;0;0;0;0;0;0;0;1463;0;0;126;0;122;0;
13469;2867508;1208483840;13910016;1393459200;0;0;0;0;0;0;0;0;0;0;0;2174;0;0;126;0;122;0;
13470;5049209;1208483840;13910016;1393459200;0;0;0;0;0;0;0;0;0;0;0;1613;0;0;126;0;122;0;
13471;3270774;1208483840;13910016;1393459200;0;0;0;0;0;0;0;0;0;0;0;1923;0;0;126;0;122;0;
13472;4697790;1208483840;13910016;1393459200;0;0;0;0;0;0;0;0;0;0;0;1493;0;0;126;0;122;0;
13473;4021471;1208483840;13910016;1393459200;0;0;0;0;0;0;0;0;0;0;0;2284;0;0;126;0;122;0;
13474;4840508;1208483840;13910016;1393459200;0;0;0;0;0;0;0;0;0;0;0;1212;0;0;126;0;122;0;
13475;2919906;1208483840;13910016;1393459200;0;0;0;0;0;0;0;0;0;0;0;1933;0;0;126;0;122;0;
13476;5085177;1208483840;13910016;1393459200;0;0;0;0;0;0;0;0;0;0;0;1573;0;0;126;0;122;0;
13477;2725562;1208483840;13910016;1393459200;0;0;0;0;0;0;0;0;0;0;0;1873;0;0;126;0;122;0;
13478;4967847;1208483840;13910016;1393459200;0;0;0;0;0;0;0;0;0;0;0;1573;0;0;126;0;122;0;
13479;2606889;1208483840;13910016;1393459200;0;0;0;0;0;0;0;0;0;0;0;1994;0;0;126;0;122;0;
13480;6042552;1212465152;21688320;1401237504;0;0;0;0;0;0;0;0;0;0;0;1834;0;0;126;0;122;0;
13481;4161745;1214562304;21688320;1401237504;0;0;0;0;0;0;0;0;0;0;0;2726;0;0;126;0;122;0;
13482;4441830;1215369216;21688320;1401237504;0;0;0;0;0;0;0;0;0;0;0;1863;0;0;126;0;122;0;
13483;4580049;1215369216;21688320;1401237504;0;0;0;0;0;0;0;0;0;0;0;2715;0;0;126;0;122;0;
13484;4243758;1215369216;21688320;1401237504;0;0;0;0;0;0;0;0;0;0;0;1803;0;0;126;0;122;0;
13485;3606133;1215369216;21688320;1401237504;0;0;0;0;0;0;0;0;0;0;0;2314;0;0;126;0;122;0;
13486;4784873;1215369216;21688320;1401237504;0;0;0;0;0;0;0;0;0;0;0;1363;0;0;126;0;122;0;
13487;5003995;1208496128;14360576;1393909760;0;0;0;0;0;0;0;0;0;0;0;2825;0;0;126;0;122;0;
13488;4023826;1208496128;14360576;1393909760;0;0;0;0;0;0;0;0;0;0;0;1553;0;0;126;0;122;0;
13489;4339227;1208496128;14360576;1393909760;0;0;0;0;0;0;0;0;0;0;0;3286;0;0;126;0;122;0;
13490;4638058;1208496128;14360576;1393909760;0;0;0;0;0;0;0;0;0;0;0;1573;0;0;126;0;122;0;
13491;4166223;1208496128;14360576;1393909760;0;0;0;0;0;0;0;0;0;0;0;2565;0;0;126;0;122;0;
13492;4403298;1208496128;14360576;1393909760;0;0;0;0;0;0;0;0;0;0;0;1573;0;0;126;0;122;0;
13493;4425269;1208496128;14360576;1393909760;0;0;0;0;0;0;0;0;0;0;0;2836;0;0;126;0;122;0;
13494;4503275;1208496128;14360576;1393909760;0;0;0;0;0;0;0;0;0;0;0;1593;0;0;126;0;122;0;
13495;4318639;1208496128;14360576;1393909760;0;0;0;0;0;0;0;0;0;0;0;2535;0;0;126;0;122;0;
13496;4755989;1208496128;14360576;1393909760;0;0;0;0;0;0;0;0;0;0;0;1562;0;0;126;0;122;0;
13497;3376011;1208496128;14360576;1393909760;0;0;0;0;0;0;0;0;0;0;0;2655;0;0;126;0;122;0;
13498;4597833;1208496128;14360576;1393909760;0;0;0;0;0;0;0;0;0;0;0;1853;0;0;126;0;122;0;
13499;4650963;1208496128;14360576;1393909760;0;0;0;0;0;0;0;0;0;0;0;2284;0;0;126;0;122;0;
13500;3997687;1208496128;14360576;1393909760;0;0;0;0;0;0;0;0;0;0;0;1532;0;0;126;0;122;0;
13501;5180005;1208496128;14360576;1393909760;0;0;0;0;0;0;0;0;0;0;0;2265;0;0;126;0;122;0;
13502;5808434;1208496128;14360576;1393909760;0;0;0;0;0;0;0;0;0;0;0;1704;0;0;126;0;122;0;
13503;5728303;1208496128;14360576;1393909760;0;0;0;0;0;0;0;0;0;0;0;3887;0;0;126;0;122;0;
13504;6421923;1212690432;21688320;1401237504;0;0;0;0;0;0;0;0;0;0;0;3938;0;0;126;0;122;0;
13505;4692079;1214787584;21688320;1401237504;0;0;0;0;0;0;0;0;0;0;0;30247;0;0;126;0;122;0;
13506;7357588;1215311872;21688320;1401237504;0;0;0;0;0;0;0;0;0;0;0;2816;0;0;126;0;122;0;
13507;5477783;1215311872;21688320;1401237504;0;0;0;0;0;0;0;0;0;0;0;3457;0;0;126;0;122;0;
13508;6124626;1215311872;21688320;1401237504;0;0;0;0;0;0;0;0;0;0;0;2976;0;0;126;0;122;0;
13509;4512503;1215311872;21688320;1401237504;0;0;0;0;0;0;0;0;0;0;0;3055;0;0;126;0;122;0;
13510;6327386;1215311872;21688320;1401237504;0;0;0;0;0;0;0;0;0;0;0;2305;0;0;126;0;122;0;
13511;2961304;1208508416;13910016;1393459200;0;0;0;0;0;0;0;0;0;0;0;3357;0;0;126;0;122;0;
13512;6859164;1208508416;13910016;1393459200;0;0;0;0;0;0;0;0;0;0;0;3587;0;0;126;0;122;0;
13513;3022749;1208508416;13910016;1393459200;0;0;0;0;0;0;0;0;0;0;0;3075;0;0;126;0;122;0;
13514;6893628;1208508416;13910016;1393459200;0;0;0;0;0;0;0;0;0;0;0;3507;0;0;126;0;122;0;
13515;3066651;1208508416;13910016;1393459200;0;0;0;0;0;0;0;0;0;0;0;3116;0;0;126;0;122;0;
13516;5017860;1208508416;13910016;1393459200;0;0;0;0;0;0;0;0;0;0;0;3747;0;0;126;0;122;0;
13517;4819489;1208508416;13910016;1393459200;0;0;0;0;0;0;0;0;0;0;0;8596;0;0;126;0;122;0;
13518;6048664;1208508416;13910016;1393459200;0;0;0;0;0;0;0;0;0;0;0;3937;0;0;126;0;122;0;
13519;4745029;1208508416;13910016;1393459200;0;0;0;0;0;0;0;0;0;0;0;4378;0;0;126;0;122;0;
13520;5421297;1208508416;13910016;1393459200;0;0;0;0;0;0;0;0;0;0;0;2915;0;0;126;0;122;0;
13521;4504598;1208508416;13910016;1393459200;0;0;0;0;0;0;0;0;0;0;0;4118;0;0;126;0;122;0;
13522;5905655;1208508416;13910016;1393459200;0;0;0;0;0;0;0;0;0;0;0;2604;0;0;126;0;122;0;
13523;6672754;1208508416;13910016;1393459200;0;0;0;0;0;0;0;0;0;0;0;3346;0;0;126;0;122;0;
13524;6257104;1208508416;13910016;1393459200;0;0;0;0;0;0;0;0;0;0;0;2956;0;0;126;0;122;0;
13525;10240074;1208508416;13910016;1393459200;0;0;0;0;0;0;0;0;0;0;0;5130;0;0;126;0;122;0;
13526;8114368;1212489728;21688320;1401237504;0;0;0;0;0;0;0;0;0;0;0;2365;0;0;126;0;122;0;
13527;4213762;1214586880;21688320;1401237504;0;0;0;0;0;0;0;0;0;0;0;2766;0;0;126;0;122;0;
13528;5928038;1215393792;21688320;1401237504;0;0;0;0;0;0;0;0;0;0;0;1673;0;0;126;0;122;0;
13529;3810807;1215393792;21688320;1401237504;0;0;0;0;0;0;0;0;0;0;0;2595;0;0;126;0;122;0;
13530;4623942;1215393792;21688320;1401237504;0;0;0;0;0;0;0;0;0;0;0;1733;0;0;126;0;122;0;
13531;4842512;1215393792;21688320;1401237504;0;0;0;0;0;0;0;0;0;0;0;2905;0;0;126;0;122;0;
13532;5071992;1215393792;21688320;1401237504;0;0;0;0;0;0;0;0;0;0;0;1583;0;0;126;0;122;0;
13533;2510088;1208520704;14360576;1393909760;0;0;0;0;0;0;0;0;0;0;0;2234;0;0;126;0;122;0;
13534;4619152;1208520704;14360576;1393909760;0;0;0;0;0;0;0;0;0;0;0;1453;0;0;126;0;122;0;
13535;3848768;1208520704;14360576;1393909760;0;0;0;0;0;0;0;0;0;0;0;2835;0;0;126;0;122;0;
13536;5800328;1208520704;14360576;1393909760;0;0;0;0;0;0;0;0;0;0;0;2736;0;0;126;0;122;0;
13537;3558714;1208520704;14360576;1393909760;0;0;0;0;0;0;0;0;0;0;0;2615;0;0;126;0;122;0;
13538;5158845;1208520704;14360576;1393909760;0;0;0;0;0;0;0;0;0;0;0;2054;0;0;126;0;122;0;
13539;3394867;1208520704;14360576;1393909760;0;0;0;0;0;0;0;0;0;0;0;2565;0;0;126;0;122;0;
13540;5585555;1208520704;14360576;1393909760;0;0;0;0;0;0;0;0;0;0;0;1643;0;0;126;0;122;0;
13541;2916148;1208520704;14360576;1393909760;0;0;0;0;0;0;0;0;0;0;0;3267;0;0;126;0;122;0;
13542;5982390;1208520704;14360576;1393909760;0;0;0;0;0;0;0;0;0;0;0;1763;0;0;126;0;122;0;
13543;4249419;1208520704;14360576;1393909760;0;0;0;0;0;0;0;0;0;0;0;3627;0;0;126;0;122;0;
13544;5570466;1208520704;14360576;1393909760;0;0;0;0;0;0;0;0;0;0;0;2334;0;0;126;0;122;0;
13545;4172404;1208520704;14360576;1393909760;0;0;0;0;0;0;0;0;0;0;0;3186;0;0;126;0;122;0;
13546;4857339;1208520704;14360576;1393909760;0;0;0;0;0;0;0;0;0;0;0;2294;0;0;126;0;122;0;
13547;3395758;1208520704;14360576;1393909760;0;0;0;0;0;0;0;0;0;0;0;2695;0;0;126;0;122;0;
13548;4959151;1208520704;14360576;1393909760;0;0;0;0;0;0;0;0;0;0;0;1973;0;0;126;0;122;0;
13549;3126764;1208520704;14360576;1393909760;0;0;0;0;0;0;0;0;0;0;0;3075;0;0;126;0;122;0;
13550;5970477;1212715008;21688320;1401237504;0;0;0;0;0;0;0;0;0;0;0;2124;0;0;126;0;122;0;
13551;3250185;1214812160;21688320;1401237504;0;0;0;0;0;0;0;0;0;0;0;3276;0;0;126;0;122;0;
13552;5252079;1215606784;21688320;1401237504;0;0;0;0;0;0;0;0;0;0;0;1703;0;0;126;0;122;0;
13553;3461442;1215606784;21688320;1401237504;0;0;0;0;0;0;0;0;0;0;0;2315;0;0;126;0;122;0;
13554;4249219;1215606784;21688320;1401237504;0;0;0;0;0;0;0;0;0;0;0;1512;0;0;126;0;122;0;
13555;3708284;1215606784;21688320;1401237504;0;0;0;0;0;0;0;0;0;0;0;2264;0;0;126;0;122;0;
13556;5574234;1215606784;21688320;1401237504;0;0;0;0;0;0;0;0;0;0;0;1613;0;0;126;0;122;0;
13557;3637992;1208532992;13910016;1393459200;0;0;0;0;0;0;0;0;0;0;0;2485;0;0;126;0;122;0;
13558;5263511;1208532992;13910016;1393459200;0;0;0;0;0;0;0;0;0;0;0;1964;0;0;126;0;122;0;
13559;2469702;1208532992;13910016;1393459200;0;0;0;0;0;0;0;0;0;0;0;2685;0;0;126;0;122;0;
13560;5273700;1208532992;13910016;1393459200;0;0;0;0;0;0;0;0;0;0;0;1843;0;0;126;0;122;0;
13561;2672903;1208532992;13910016;1393459200;0;0;0;0;0;0;0;0;0;0;0;2324;0;0;126;0;122;0;
13562;6663166;1208532992;13910016;1393459200;0;0;0;0;0;0;0;0;0;0;0;1933;0;0;126;0;122;0;
13563;3781982;1208532992;13910016;1393459200;0;0;0;0;0;0;0;0;0;0;0;2505;0;0;126;0;122;0;
13564;5206445;1208532992;13910016;1393459200;0;0;0;0;0;0;0;0;0;0;0;1723;0;0;126;0;122;0;
13565;3735946;1208532992;13910016;1393459200;0;0;0;0;0;0;0;0;0;0;0;2645;0;0;126;0;122;0;
13566;5972110;1208532992;13914112;1393463296;0;0;0;0;0;0;0;0;0;0;0;2926;0;0;126;0;122;0;
13567;2792186;1208532992;13918208;1393467392;0;0;0;0;0;0;0;0;0;0;0;2274;0;0;126;0;122;0;
13568;6509127;1212514304;21696512;1401245696;0;0;0;0;0;0;0;0;0;0;0;2304;0;0;126;0;122;0;
13569;3194431;1214611456;21696512;1401245696;0;0;0;0;0;0;0;0;0;0;0;3126;0;0;126;0;122;0;
13570;5605533;1215418368;21696512;1401245696;0;0;0;0;0;0;0;0;0;0;0;1903;0;0;126;0;122;0;
13571;3183641;1215418368;21696512;1401245696;0;0;0;0;0;0;0;0;0;0;0;2996;0;0;126;0;122;0;
13572;4921760;1215418368;21696512;1401245696;0;0;0;0;0;0;0;0;0;0;0;2144;0;0;126;0;122;0;
13573;2846759;1215635456;21688320;1401237504;0;0;0;0;0;0;0;0;0;0;0;2235;0;0;126;0;122;0;
13574;5637532;1215635456;21688320;1401237504;0;0;0;0;0;0;0;0;0;0;0;1904;0;0;126;0;122;0;
13575;2987973;1215635456;21688320;1401237504;0;0;0;0;0;0;0;0;0;0;0;2525;0;0;126;0;122;0;
13576;4645051;1215635456;21688320;1401237504;0;0;0;0;0;0;0;0;0;0;0;1583;0;0;126;0;122;0;
13577;2931488;1215635456;21688320;1401237504;0;0;0;0;0;0;0;0;0;0;0;2254;0;0;126;0;122;0;
13578;5899694;1215635456;21688320;1401237504;0;0;0;0;0;0;0;0;0;0;0;1674;0;0;126;0;122;0;
13579;2743976;1208545280;13910016;1393459200;0;0;0;0;0;0;0;0;0;0;0;2554;0;0;126;0;122;0;
13580;4396215;1208545280;13910016;1393459200;0;0;0;0;0;0;0;0;0;0;0;2225;0;0;126;0;122;0;
13581;3219558;1208545280;13910016;1393459200;0;0;0;0;0;0;0;0;0;0;0;2705;0;0;126;0;122;0;
13582;6334059;1208545280;13910016;1393459200;0;0;0;0;0;0;0;0;0;0;0;1983;0;0;126;0;122;0;
13583;2490932;1208545280;13910016;1393459200;0;0;0;0;0;0;0;0;0;0;0;2384;0;0;126;0;122;0;
13584;4544774;1208545280;13910016;1393459200;0;0;0;0;0;0;0;0;0;0;0;1543;0;0;126;0;122;0;
13585;3988099;1208545280;13910016;1393459200;0;0;0;0;0;0;0;0;0;0;0;2284;0;0;126;0;122;0;
13586;5160849;1208545280;13910016;1393459200;0;0;0;0;0;0;0;0;0;0;0;1743;0;0;126;0;122;0;
13587;3391741;1208545280;13910016;1393459200;0;0;0;0;0;0;0;0;0;0;0;2364;0;0;126;0;122;0;
13588;4430388;1208545280;13910016;1393459200;0;0;0;0;0;0;0;0;0;0;0;42730;0;0;126;0;122;0;
13589;3105635;1208545280;13910016;1393459200;0;0;0;0;0;0;0;0;0;0;0;2054;0;0;126;0;122;0;
13590;5414675;1208545280;13910016;1393459200;0;0;0;0;0;0;0;0;0;0;0;2024;0;0;126;0;122;0;
13591;2476144;1208545280;13910016;1393459200;0;0;0;0;0;0;0;0;0;0;0;1974;0;0;126;0;122;0;
13592;4751341;1208545280;13910016;1393459200;0;0;0;0;0;0;0;0;0;0;0;1583;0;0;126;0;122;0;
13593;2699884;1208545280;13910016;1393459200;0;0;0;0;0;0;0;0;0;0;0;2225;0;0;126;0;122;0;
13594;5168132;1208545280;13910016;1393459200;0;0;0;0;0;0;0;0;0;0;0;1844;0;0;126;0;122;0;
13595;2525796;1208545280;13910016;1393459200;0;0;0;0;0;0;0;0;0;0;0;2475;0;0;126;0;122;0;
13596;4795123;1212526592;21688320;1401237504;0;0;0;0;0;0;0;0;0;0;0;2374;0;0;126;0;122;0;
13597;4232849;1214623744;21688320;1401237504;0;0;0;0;0;0;0;0;0;0;0;2595;0;0;126;0;122;0;
13598;5060370;1215430656;21688320;1401237504;0;0;0;0;0;0;0;0;0;0;0;1683;0;0;126;0;122;0;
13599;4371488;1215430656;21688320;1401237504;0;0;0;0;0;0;0;0;0;0;0;3156;0;0;126;0;122;0;
13600;5130491;1215430656;21688320;1401237504;0;0;0;0;0;0;0;0;0;0;0;2164;0;0;126;0;122;0;
13601;4639752;1215430656;21688320;1401237504;0;0;0;0;0;0;0;0;0;0;0;2384;0;0;126;0;122;0;
13602;5488393;1215430656;21688320;1401237504;0;0;0;0;0;0;0;0;0;0;0;1944;0;0;126;0;122;0;
13603;3146851;1208557568;14360576;1393909760;0;0;0;0;0;0;0;0;0;0;0;2805;0;0;126;0;122;0;
13604;4799851;1208557568;14360576;1393909760;0;0;0;0;0;0;0;0;0;0;0;2194;0;0;126;0;122;0;
13605;3678889;1208557568;14360576;1393909760;0;0;0;0;0;0;0;0;0;0;0;2625;0;0;126;0;122;0;
13606;5587168;1208557568;14360576;1393909760;0;0;0;0;0;0;0;0;0;0;0;2184;0;0;126;0;122;0;
13607;3483123;1208557568;14360576;1393909760;0;0;0;0;0;0;0;0;0;0;0;2335;0;0;126;0;122;0;
13608;6219785;1208557568;14360576;1393909760;0;0;0;0;0;0;0;0;0;0;0;2195;0;0;126;0;122;0;
13609;3027178;1208557568;14360576;1393909760;0;0;0;0;0;0;0;0;0;0;0;2635;0;0;126;0;122;0;
13610;5360543;1208557568;14360576;1393909760;0;0;0;0;0;0;0;0;0;0;0;2144;0;0;126;0;122;0;
13611;3985023;1208557568;14360576;1393909760;0;0;0;0;0;0;0;0;0;0;0;2665;0;0;126;0;122;0;
13612;5186627;1208557568;14360576;1393909760;0;0;0;0;0;0;0;0;0;0;0;1873;0;0;126;0;122;0;
13613;3192116;1208557568;14360576;1393909760;0;0;0;0;0;0;0;0;0;0;0;2365;0;0;126;0;122;0;
13614;5121915;1208557568;14360576;1393909760;0;0;0;0;0;0;0;0;0;0;0;1913;0;0;126;0;122;0;
13615;3015846;1208557568;14360576;1393909760;0;0;0;0;0;0;0;0;0;0;0;2264;0;0;126;0;122;0;
13616;4807376;1208557568;14360576;1393909760;0;0;0;0;0;0;0;0;0;0;0;1794;0;0;126;0;122;0;
13617;4118113;1208557568;14360576;1393909760;0;0;0;0;0;0;0;0;0;0;0;2785;0;0;126;0;122;0;
13618;5817430;1212751872;21688320;1401237504;0;0;0;0;0;0;0;0;0;0;0;2335;0;0;126;0;122;0;
13619;3315548;1214849024;21688320;1401237504;0;0;0;0;0;0;0;0;0;0;0;2996;0;0;126;0;122;0;
13620;4921650;1215643648;21688320;1401237504;0;0;0;0;0;0;0;0;0;0;0;1693;0;0;126;0;122;0;
13621;3947092;1215643648;21688320;1401237504;0;0;0;0;0;0;0;0;0;0;0;2635;0;0;126;0;122;0;
13622;6267073;1215643648;21688320;1401237504;0;0;0;0;0;0;0;0;0;0;0;1743;0;0;126;0;122;0;
13623;2695375;1215643648;21688320;1401237504;0;0;0;0;0;0;0;0;0;0;0;2805;0;0;126;0;122;0;
13624;5225139;1215643648;21688320;1401237504;0;0;0;0;0;0;0;0;0;0;0;1944;0;0;126;0;122;0;
13625;3483443;1208569856;13910016;1393459200;0;0;0;0;0;0;0;0;0;0;0;2174;0;0;126;0;122;0;
13626;4720062;1208569856;13910016;1393459200;0;0;0;0;0;0;0;0;0;0;0;1643;0;0;126;0;122;0;
13627;3705550;1208569856;13910016;1393459200;0;0;0;0;0;0;0;0;0;0;0;2605;0;0;126;0;122;0;
13628;5661717;1208569856;13910016;1393459200;0;0;0;0;0;0;0;0;0;0;0;2083;0;0;126;0;122;0;
13629;3312643;1208569856;13910016;1393459200;0;0;0;0;0;0;0;0;0;0;0;3106;0;0;126;0;122;0;
13630;7141313;1208569856;13910016;1393459200;0;0;0;0;0;0;0;0;0;0;0;1513;0;0;126;0;122;0;
13631;3264402;1208569856;13910016;1393459200;0;0;0;0;0;0;0;0;0;0;0;2995;0;0;126;0;122;0;
13632;5839973;1208569856;13910016;1393459200;0;0;0;0;0;0;0;0;0;0;0;1583;0;0;126;0;122;0;
13633;3130111;1208569856;13910016;1393459200;0;0;0;0;0;0;0;0;0;0;0;2725;0;0;126;0;122;0;
13634;4723689;1208569856;13910016;1393459200;0;0;0;0;0;0;0;0;0;0;0;1713;0;0;126;0;122;0;
13635;4604435;1208569856;13910016;1393459200;0;0;0;0;0;0;0;0;0;0;0;2645;0;0;126;0;122;0;
13636;4929224;1208569856;13910016;1393459200;0;0;0;0;0;0;0;0;0;0;0;1883;0;0;126;0;122;0;
13637;4428064;1208569856;13910016;1393459200;0;0;0;0;0;0;0;0;0;0;0;12113;0;0;126;0;122;0;
13638;4747935;1208569856;13910016;1393459200;0;0;0;0;0;0;0;0;0;0;0;2024;0;0;126;0;122;0;
13639;3904873;1208569856;13910016;1393459200;0;0;0;0;0;0;0;0;0;0;0;2494;0;0;126;0;122;0;
13640;5228315;1208569856;13910016;1393459200;0;0;0;0;0;0;0;0;0;0;0;2315;0;0;126;0;122;0;
13641;3423490;1208569856;13910016;1393459200;0;0;0;0;0;0;0;0;0;0;0;2054;0;0;126;0;122;0;
13642;6602462;1212551168;21688320;1401237504;0;0;0;0;0;0;0;0;0;0;0;2023;0;0;126;0;122;0;
13643;3397792;1214648320;21688320;1401237504;0;0;0;0;0;0;0;0;0;0;0;2865;0;0;126;0;122;0;
13644;5027809;1215455232;21688320;1401237504;0;0;0;0;0;0;0;0;0;0;0;2043;0;0;126;0;122;0;
13645;2811523;1215455232;21688320;1401237504;0;0;0;0;0;0;0;0;0;0;0;2775;0;0;126;0;122;0;
13646;5200012;1215455232;21688320;1401237504;0;0;0;0;0;0;0;0;0;0;0;1593;0;0;126;0;122;0;
13647;4432433;1215455232;21688320;1401237504;0;0;0;0;0;0;0;0;0;0;0;31799;0;0;126;0;122;0;
13648;4243899;1215455232;21688320;1401237504;0;0;0;0;0;0;0;0;0;0;0;1623;0;0;126;0;122;0;
13649;4132420;1208582144;14360576;1393909760;0;0;0;0;0;0;0;0;0;0;0;2905;0;0;126;0;122;0;
13650;5864909;1208582144;14360576;1393909760;0;0;0;0;0;0;0;0;0;0;0;2094;0;0;126;0;122;0;
13651;3410767;1208582144;14360576;1393909760;0;0;0;0;0;0;0;0;0;0;0;2344;0;0;126;0;122;0;
13652;5691163;1208582144;14360576;1393909760;0;0;0;0;0;0;0;0;0;0;0;1653;0;0;126;0;122;0;
13653;3379939;1208582144;14360576;1393909760;0;0;0;0;0;0;0;0;0;0;0;2765;0;0;126;0;122;0;
13654;4974299;1208582144;14360576;1393909760;0;0;0;0;0;0;0;0;0;0;0;2686;0;0;126;0;122;0;
13655;4006764;1208582144;14360576;1393909760;0;0;0;0;0;0;0;0;0;0;0;2846;0;0;126;0;122;0;
13656;5317092;1208582144;14360576;1393909760;0;0;0;0;0;0;0;0;0;0;0;1734;0;0;126;0;122;0;
13657;4003298;1208582144;14360576;1393909760;0;0;0;0;0;0;0;0;0;0;0;3055;0;0;126;0;122;0;
13658;5122587;1208582144;14360576;1393909760;0;0;0;0;0;0;0;0;0;0;0;2144;0;0;126;0;122;0;
13659;4877186;1208582144;14360576;1393909760;0;0;0;0;0;0;0;0;0;0;0;2494;0;0;126;0;122;0;
13660;5466813;1208582144;14360576;1393909760;0;0;0;0;0;0;0;0;0;0;0;2274;0;0;126;0;122;0;
13661;3779488;1208582144;14360576;1393909760;0;0;0;0;0;0;0;0;0;0;0;2815;0;0;126;0;122;0;
13662;5494194;1208582144;14360576;1393909760;0;0;0;0;0;0;0;0;0;0;0;1913;0;0;126;0;122;0;
13663;4582644;1208582144;14360576;1393909760;0;0;0;0;0;0;0;0;0;0;0;2975;0;0;126;0;122;0;
13664;5160668;1212776448;21688320;1401237504;0;0;0;0;0;0;0;0;0;0;0;2995;0;0;126;0;122;0;
13665;5794066;1214873600;21688320;1401237504;0;0;0;0;0;0;0;0;0;0;0;2935;0;0;126;0;122;0;
13666;6472178;1215668224;21688320;1401237504;0;0;0;0;0;0;0;0;0;0;0;3567;0;0;126;0;122;0;
13667;4323107;1215668224;21688320;1401237504;0;0;0;0;0;0;0;0;0;0;0;4157;0;0;126;0;122;0;
13668;6567667;1215668224;21688320;1401237504;0;0;0;0;0;0;0;0;0;0;0;3327;0;0;126;0;122;0;
13669;3996955;1215668224;21688320;1401237504;0;0;0;0;0;0;0;0;0;0;0;3486;0;0;126;0;122;0;
13670;6037994;1215668224;21688320;1401237504;0;0;0;0;0;0;0;0;0;0;0;3296;0;0;126;0;122;0;
13671;6276120;1208594432;13910016;1393459200;0;0;0;0;0;0;0;0;0;0;0;3527;0;0;126;0;122;0;
13672;6046520;1208594432;13910016;1393459200;0;0;0;0;0;0;0;0;0;0;0;2104;0;0;126;0;122;0;
13673;4331063;1208594432;13910016;1393459200;0;0;0;0;0;0;0;0;0;0;0;2955;0;0;126;0;122;0;
13674;5206313;1208594432;13910016;1393459200;0;0;0;0;0;0;0;0;0;0;0;1894;0;0;126;0;122;0;
13675;4494308;1208594432;13910016;1393459200;0;0;0;0;0;0;0;0;0;0;0;2885;0;0;126;0;122;0;
13676;5717182;1208594432;13910016;1393459200;0;0;0;0;0;0;0;0;0;0;0;2294;0;0;126;0;122;0;
13677;4507894;1208594432;13910016;1393459200;0;0;0;0;0;0;0;0;0;0;0;3006;0;0;126;0;122;0;
13678;5665185;1208594432;13910016;1393459200;0;0;0;0;0;0;0;0;0;0;0;2204;0;0;126;0;122;0;
13679;3469176;1208594432;13910016;1393459200;0;0;0;0;0;0;0;0;0;0;0;3075;0;0;126;0;122;0;
13680;5908701;1208594432;13910016;1393459200;0;0;0;0;0;0;0;0;0;0;0;2164;0;0;126;0;122;0;
13681;4546476;1208594432;13910016;1393459200;0;0;0;0;0;0;0;0;0;0;0;3587;0;0;126;0;122;0;
13682;6205458;1208594432;13910016;1393459200;0;0;0;0;0;0;0;0;0;0;0;3126;0;0;126;0;122;0;
13683;3618416;1208594432;13910016;1393459200;0;0;0;0;0;0;0;0;0;0;0;3777;0;0;126;0;122;0;
13684;5341788;1208594432;13910016;1393459200;0;0;0;0;0;0;0;0;0;0;0;2434;0;0;126;0;122;0;
13685;3255516;1208594432;13910016;1393459200;0;0;0;0;0;0;0;0;0;0;0;3497;0;0;126;0;122;0;
13686;6191872;1208594432;13910016;1393459200;0;0;0;0;0;0;0;0;0;0;0;2765;0;0;126;0;122;0;
13687;3872893;1208594432;13910016;1393459200;0;0;0;0;0;0;0;0;0;0;0;3276;0;0;126;0;122;0;
13688;6888839;1212575744;21688320;1401237504;0;0;0;0;0;0;0;0;0;0;0;3196;0;0;126;0;122;0;
13689;4853042;1214672896;21688320;1401237504;0;0;0;0;0;0;0;0;0;0;0;3146;0;0;126;0;122;0;
13690;5225650;1215750144;21688320;1401237504;0;0;0;0;0;0;0;0;0;0;0;2275;0;0;126;0;122;0;
13691;3895105;1215750144;21688320;1401237504;0;0;0;0;0;0;0;0;0;0;0;3046;0;0;126;0;122;0;
13692;5414264;1215750144;21688320;1401237504;0;0;0;0;0;0;0;0;0;0;0;1703;0;0;126;0;122;0;
13693;4746000;1215750144;21688320;1401237504;0;0;0;0;0;0;0;0;0;0;0;2956;0;0;126;0;122;0;
13694;5682367;1215750144;21688320;1401237504;0;0;0;0;0;0;0;0;0;0;0;2364;0;0;126;0;122;0;
13695;5724105;1208606720;14360576;1393909760;0;0;0;0;0;0;0;0;0;0;0;2775;0;0;126;0;122;0;
13696;5585745;1208606720;14360576;1393909760;0;0;0;0;0;0;0;0;0;0;0;1624;0;0;126;0;122;0;
13697;3981557;1208606720;14360576;1393909760;0;0;0;0;0;0;0;0;0;0;0;2735;0;0;126;0;122;0;
13698;4220526;1208606720;14360576;1393909760;0;0;0;0;0;0;0;0;0;0;0;1964;0;0;126;0;122;0;
13699;4306035;1208606720;14360576;1393909760;0;0;0;0;0;0;0;0;0;0;0;3376;0;0;126;0;122;0;
13700;5383627;1208606720;14360576;1393909760;0;0;0;0;0;0;0;0;0;0;0;1763;0;0;126;0;122;0;
13701;3759761;1208606720;14360576;1393909760;0;0;0;0;0;0;0;0;0;0;0;2805;0;0;126;0;122;0;
13702;6206860;1208606720;14360576;1393909760;0;0;0;0;0;0;0;0;0;0;0;3536;0;0;126;0;122;0;
13703;3841995;1208606720;14360576;1393909760;0;0;0;0;0;0;0;0;0;0;0;3307;0;0;126;0;122;0;
13704;7268341;1208606720;14360576;1393909760;0;0;0;0;0;0;0;0;0;0;0;3807;0;0;126;0;122;0;
13705;4071696;1208606720;14360576;1393909760;0;0;0;0;0;0;0;0;0;0;0;3066;0;0;126;0;122;0;
13706;7459529;1208606720;14360576;1393909760;0;0;0;0;0;0;0;0;0;0;0;2946;0;0;126;0;122;0;
13707;4493026;1208606720;14360576;1393909760;0;0;0;0;0;0;0;0;0;0;0;3116;0;0;126;0;122;0;
13708;5463356;1208606720;14360576;1393909760;0;0;0;0;0;0;0;0;0;0;0;2485;0;0;126;0;122;0;
13709;6670800;1208606720;14360576;1393909760;0;0;0;0;0;0;0;0;0;0;0;3236;0;0;126;0;122;0;
13710;7648233;1212801024;21688320;1401237504;0;0;0;0;0;0;0;0;0;0;0;3997;0;0;126;0;122;0;
13711;6101012;1214898176;21688320;1401237504;0;0;0;0;0;0;0;0;0;0;0;3617;0;0;126;0;122;0;
13712;6364847;1215692800;21688320;1401237504;0;0;0;0;0;0;0;0;0;0;0;2955;0;0;126;0;122;0;
13713;5516365;1215692800;21688320;1401237504;0;0;0;0;0;0;0;0;0;0;0;3607;0;0;126;0;122;0;
13714;5348531;1215692800;21688320;1401237504;0;0;0;0;0;0;0;0;0;0;0;2024;0;0;126;0;122;0;
13715;3308335;1215692800;21688320;1401237504;0;0;0;0;0;0;0;0;0;0;0;3507;0;0;126;0;122;0;
13716;5360723;1215692800;21688320;1401237504;0;0;0;0;0;0;0;0;0;0;0;1392;0;0;126;0;122;0;
13717;4307959;1208619008;13910016;1393459200;0;0;0;0;0;0;0;0;0;0;0;4208;0;0;126;0;122;0;
13718;5146722;1208619008;13910016;1393459200;0;0;0;0;0;0;0;0;0;0;0;1513;0;0;126;0;122;0;
13719;3965587;1208619008;13910016;1393459200;0;0;0;0;0;0;0;0;0;0;0;2384;0;0;126;0;122;0;
13720;5282507;1208619008;13910016;1393459200;0;0;0;0;0;0;0;0;0;0;0;1924;0;0;126;0;122;0;
13721;4177053;1208619008;13910016;1393459200;0;0;0;0;0;0;0;0;0;0;0;3025;0;0;126;0;122;0;
13722;5571249;1208619008;13910016;1393459200;0;0;0;0;0;0;0;0;0;0;0;1863;0;0;126;0;122;0;
13723;3824993;1208619008;13910016;1393459200;0;0;0;0;0;0;0;0;0;0;0;2414;0;0;126;0;122;0;
13724;5327161;1208619008;13910016;1393459200;0;0;0;0;0;0;0;0;0;0;0;2084;0;0;126;0;122;0;
13725;4305605;1208619008;13910016;1393459200;0;0;0;0;0;0;0;0;0;0;0;43632;0;0;126;0;122;0;
13726;6386196;1208619008;13910016;1393459200;0;0;0;0;0;0;0;0;0;0;0;2014;0;0;126;0;122;0;
13727;3439500;1208619008;13910016;1393459200;0;0;0;0;0;0;0;0;0;0;0;3176;0;0;126;0;122;0;
13728;5674642;1208619008;13910016;1393459200;0;0;0;0;0;0;0;0;0;0;0;1693;0;0;126;0;122;0;
13729;3584612;1208619008;13910016;1393459200;0;0;0;0;0;0;0;0;0;0;0;3196;0;0;126;0;122;0;
13730;6271321;1208619008;13910016;1393459200;0;0;0;0;0;0;0;0;0;0;0;2344;0;0;126;0;122;0;
13731;3333812;1208619008;13910016;1393459200;0;0;0;0;0;0;0;0;0;0;0;3236;0;0;126;0;122;0;
13732;5269492;1208619008;13910016;1393459200;0;0;0;0;0;0;0;0;0;0;0;1633;0;0;126;0;122;0;
13733;3184281;1208619008;13910016;1393459200;0;0;0;0;0;0;0;0;0;0;0;2946;0;0;126;0;122;0;
13734;6144864;1212600320;21688320;1401237504;0;0;0;0;0;0;0;0;0;0;0;2314;0;0;126;0;122;0;
13735;4343786;1214697472;21688320;1401237504;0;0;0;0;0;0;0;0;0;0;0;3156;0;0;126;0;122;0;
13736;6060436;1215774720;21688320;1401237504;0;0;0;0;0;0;0;0;0;0;0;2735;0;0;126;0;122;0;
13737;13648366;1215774720;21688320;1401237504;0;0;0;0;0;0;0;0;0;0;0;4909;0;0;126;0;122;0;
13738;6644952;1215774720;21688320;1401237504;0;0;0;0;0;0;0;0;0;0;0;4288;0;0;126;0;122;0;
13739;5145901;1215774720;21688320;1401237504;0;0;0;0;0;0;0;0;0;0;0;4438;0;0;126;0;122;0;
13740;5587319;1215774720;21688320;1401237504;0;0;0;0;0;0;0;0;0;0;0;2505;0;0;126;0;122;0;
13741;5068665;1208631296;14360576;1393909760;0;0;0;0;0;0;0;0;0;0;0;3747;0;0;126;0;122;0;
13742;7572231;1208631296;14360576;1393909760;0;0;0;0;0;0;0;0;0;0;0;4098;0;0;126;0;122;0;
13743;4332084;1208631296;14360576;1393909760;0;0;0;0;0;0;0;0;0;0;0;3336;0;0;126;0;122;0;
13744;6968419;1208631296;14360576;1393909760;0;0;0;0;0;0;0;0;0;0;0;3226;0;0;126;0;122;0;
13745;4208573;1208631296;14360576;1393909760;0;0;0;0;0;0;0;0;0;0;0;3656;0;0;126;0;122;0;
13746;7572521;1208631296;14360576;1393909760;0;0;0;0;0;0;0;0;0;0;0;2615;0;0;126;0;122;0;
13747;5797312;1208631296;14360576;1393909760;0;0;0;0;0;0;0;0;0;0;0;4078;0;0;126;0;122;0;
13748;5615321;1208631296;14360576;1393909760;0;0;0;0;0;0;0;0;0;0;0;2174;0;0;126;0;122;0;
13749;5135291;1208631296;14360576;1393909760;0;0;0;0;0;0;0;0;0;0;0;3617;0;0;126;0;122;0;
13750;7198961;1208631296;14360576;1393909760;0;0;0;0;0;0;0;0;0;0;0;3567;0;0;126;0;122;0;
13751;5174975;1208631296;14360576;1393909760;0;0;0;0;0;0;0;0;0;0;0;3256;0;0;126;0;122;0;
13752;6410903;1208631296;14360576;1393909760;0;0;0;0;0;0;0;0;0;0;0;2725;0;0;126;0;122;0;
13753;5614519;1208631296;14360576;1393909760;0;0;0;0;0;0;0;0;0;0;0;3166;0;0;126;0;122;0;
13754;7223306;1208631296;14360576;1393909760;0;0;0;0;0;0;0;0;0;0;0;3957;0;0;126;0;122;0;
13755;3753168;1208631296;14360576;1393909760;0;0;0;0;0;0;0;0;0;0;0;3827;0;0;126;0;122;0;
13756;7728554;1212825600;21688320;1401237504;0;0;0;0;0;0;0;0;0;0;0;3406;0;0;126;0;122;0;
13757;4331453;1214922752;21688320;1401237504;0;0;0;0;0;0;0;0;0;0;0;3807;0;0;126;0;122;0;
13758;7517598;1215717376;21688320;1401237504;0;0;0;0;0;0;0;0;0;0;0;4048;0;0;126;0;122;0;
13759;4558139;1215717376;21688320;1401237504;0;0;0;0;0;0;0;0;0;0;0;3587;0;0;126;0;122;0;
13760;7096709;1215717376;21688320;1401237504;0;0;0;0;0;0;0;0;0;0;0;3076;0;0;126;0;122;0;
13761;5885558;1215717376;21688320;1401237504;0;0;0;0;0;0;0;0;0;0;0;4017;0;0;126;0;122;0;
13762;5687075;1215717376;21688320;1401237504;0;0;0;0;0;0;0;0;0;0;0;2464;0;0;126;0;122;0;
13763;4779092;1208643584;13910016;1393459200;0;0;0;0;0;0;0;0;0;0;0;2805;0;0;126;0;122;0;
13764;5590684;1208643584;13910016;1393459200;0;0;0;0;0;0;0;0;0;0;0;2485;0;0;126;0;122;0;
13765;3941522;1208643584;13910016;1393459200;0;0;0;0;0;0;0;0;0;0;0;3055;0;0;126;0;122;0;
13766;5783236;1208643584;13910016;1393459200;0;0;0;0;0;0;0;0;0;0;0;1754;0;0;126;0;122;0;
13767;4674957;1208643584;13910016;1393459200;0;0;0;0;0;0;0;0;0;0;0;3517;0;0;126;0;122;0;
13768;6409500;1208643584;13910016;1393459200;0;0;0;0;0;0;0;0;0;0;0;2505;0;0;126;0;122;0;
13769;3941442;1208643584;13910016;1393459200;0;0;0;0;0;0;0;0;0;0;0;3046;0;0;126;0;122;0;
13770;6041199;1208643584;13914112;1393463296;0;0;0;0;0;0;0;0;0;0;0;5160;0;0;126;0;122;0;
13771;4027413;1208643584;13918208;1393467392;0;0;0;0;0;0;0;0;0;0;0;2705;0;0;126;0;122;0;
13772;4618101;1208643584;13918208;1393467392;0;0;0;0;0;0;0;0;0;0;0;1653;0;0;126;0;122;0;
13773;4058892;1208643584;13918208;1393467392;0;0;0;0;0;0;0;0;0;0;0;2885;0;0;126;0;122;0;
13774;5256147;1208643584;13918208;1393467392;0;0;0;0;0;0;0;0;0;0;0;1773;0;0;126;0;122;0;
13775;3753659;1208643584;13918208;1393467392;0;0;0;0;0;0;0;0;0;0;0;3968;0;0;126;0;122;0;
13776;6331474;1208643584;13918208;1393467392;0;0;0;0;0;0;0;0;0;0;0;1953;0;0;126;0;122;0;
13777;2774864;1208643584;13910016;1393459200;0;0;0;0;0;0;0;0;0;0;0;3527;0;0;126;0;122;0;
13778;4642376;1208643584;13910016;1393459200;0;0;0;0;0;0;0;0;0;0;0;1654;0;0;126;0;122;0;
13779;4405663;1208643584;13910016;1393459200;0;0;0;0;0;0;0;0;0;0;0;3777;0;0;126;0;122;0;
13780;6382910;1212624896;21688320;1401237504;0;0;0;0;0;0;0;0;0;0;0;2735;0;0;126;0;122;0;
13781;3633645;1214722048;21688320;1401237504;0;0;0;0;0;0;0;0;0;0;0;2755;0;0;126;0;122;0;
13782;4899538;1215799296;21688320;1401237504;0;0;0;0;0;0;0;0;0;0;0;1603;0;0;126;0;122;0;
13783;5177219;1215799296;21688320;1401237504;0;0;0;0;0;0;0;0;0;0;0;2595;0;0;126;0;122;0;
13784;6449105;1215799296;21688320;1401237504;0;0;0;0;0;0;0;0;0;0;0;2685;0;0;126;0;122;0;
13785;4336453;1215799296;21688320;1401237504;0;0;0;0;0;0;0;0;0;0;0;3297;0;0;126;0;122;0;
13786;6885864;1215799296;21688320;1401237504;0;0;0;0;0;0;0;0;0;0;0;2595;0;0;126;0;122;0;
13787;4657495;1208655872;14360576;1393909760;0;0;0;0;0;0;0;0;0;0;0;3617;0;0;126;0;122;0;
13788;6197182;1208655872;14360576;1393909760;0;0;0;0;0;0;0;0;0;0;0;3296;0;0;126;0;122;0;
13789;5962692;1208655872;14360576;1393909760;0;0;0;0;0;0;0;0;0;0;0;4087;0;0;126;0;122;0;
13790;5631662;1208655872;14360576;1393909760;0;0;0;0;0;0;0;0;0;0;0;2184;0;0;126;0;122;0;
13791;3774949;1208655872;14360576;1393909760;0;0;0;0;0;0;0;0;0;0;0;3025;0;0;126;0;122;0;
13792;5901267;1208655872;14360576;1393909760;0;0;0;0;0;0;0;0;0;0;0;2645;0;0;126;0;122;0;
13793;4818437;1208655872;14360576;1393909760;0;0;0;0;0;0;0;0;0;0;0;3417;0;0;126;0;122;0;
13794;6336303;1208655872;14360576;1393909760;0;0;0;0;0;0;0;0;0;0;0;3877;0;0;126;0;122;0;
13795;4133281;1208655872;14360576;1393909760;0;0;0;0;0;0;0;0;0;0;0;3035;0;0;126;0;122;0;
13796;6512172;1208655872;14360576;1393909760;0;0;0;0;0;0;0;0;0;0;0;3276;0;0;126;0;122;0;
13797;4507323;1208655872;14360576;1393909760;0;0;0;0;0;0;0;0;0;0;0;4177;0;0;126;0;122;0;
13798;6863612;1208655872;14360576;1393909760;0;0;0;0;0;0;0;0;0;0;0;2856;0;0;126;0;122;0;
13799;3757587;1208655872;14360576;1393909760;0;0;0;0;0;0;0;0;0;0;0;4107;0;0;126;0;122;0;
13800;5846204;1208655872;14360576;1393909760;0;0;0;0;0;0;0;0;0;0;0;3656;0;0;126;0;122;0;
13801;5415967;1208655872;14360576;1393909760;0;0;0;0;0;0;0;0;0;0;0;2955;0;0;126;0;122;0;
13802;6161415;1212850176;21688320;1401237504;0;0;0;0;0;0;0;0;0;0;0;3246;0;0;126;0;122;0;
13803;5031606;1214947328;21688320;1401237504;0;0;0;0;0;0;0;0;0;0;0;3066;0;0;126;0;122;0;
13804;5787474;1215741952;21688320;1401237504;0;0;0;0;0;0;0;0;0;0;0;2545;0;0;126;0;122;0;
13805;3350553;1215741952;21688320;1401237504;0;0;0;0;0;0;0;0;0;0;0;3336;0;0;126;0;122;0;
13806;6164761;1215741952;21688320;1401237504;0;0;0;0;0;0;0;0;0;0;0;3306;0;0;126;0;122;0;
13807;3771933;1215741952;21688320;1401237504;0;0;0;0;0;0;0;0;0;0;0;3687;0;0;126;0;122;0;
13808;6105561;1215741952;21688320;1401237504;0;0;0;0;0;0;0;0;0;0;0;3346;0;0;126;0;122;0;
13809;4147488;1208668160;13910016;1393459200;0;0;0;0;0;0;0;0;0;0;0;3446;0;0;126;0;122;0;
13810;6546117;1208668160;13910016;1393459200;0;0;0;0;0;0;0;0;0;0;0;3036;0;0;126;0;122;0;
13811;6046870;1208668160;13910016;1393459200;0;0;0;0;0;0;0;0;0;0;0;3977;0;0;126;0;122;0;
13812;6234291;1208668160;13910016;1393459200;0;0;0;0;0;0;0;0;0;0;0;3456;0;0;126;0;122;0;
13813;4295706;1208668160;13910016;1393459200;0;0;0;0;0;0;0;0;0;0;0;3387;0;0;126;0;122;0;
13814;7782866;1208668160;13910016;1393459200;0;0;0;0;0;0;0;0;0;0;0;2575;0;0;126;0;122;0;
13815;5582600;1208668160;13910016;1393459200;0;0;0;0;0;0;0;0;0;0;0;4228;0;0;126;0;122;0;
13816;8666052;1208668160;13910016;1393459200;0;0;0;0;0;0;0;0;0;0;0;2294;0;0;126;0;122;0;
13817;4360598;1208668160;13910016;1393459200;0;0;0;0;0;0;0;0;0;0;0;3286;0;0;126;0;122;0;
13818;7459770;1208668160;13910016;1393459200;0;0;0;0;0;0;0;0;0;0;0;3517;0;0;126;0;122;0;
13819;4110979;1208668160;13910016;1393459200;0;0;0;0;0;0;0;0;0;0;0;3486;0;0;126;0;122;0;
13820;7399196;1208668160;13910016;1393459200;0;0;0;0;0;0;0;0;0;0;0;3847;0;0;126;0;122;0;
13821;5423511;1208668160;13910016;1393459200;0;0;0;0;0;0;0;0;0;0;0;3436;0;0;126;0;122;0;
13822;7319387;1208668160;13910016;1393459200;0;0;0;0;0;0;0;0;0;0;0;2385;0;0;126;0;122;0;
13823;6437122;1208668160;13910016;1393459200;0;0;0;0;0;0;0;0;0;0;0;3467;0;0;126;0;122;0;
13824;5428751;1208668160;13910016;1393459200;0;0;0;0;0;0;0;0;0;0;0;2916;0;0;126;0;122;0;
13825;4518964;1208668160;13910016;1393459200;0;0;0;0;0;0;0;0;0;0;0;3647;0;0;126;0;122;0;
13826;7222795;1212649472;21688320;1401237504;0;0;0;0;0;0;0;0;0;0;0;3627;0;0;126;0;122;0;
13827;5543295;1214746624;21688320;1401237504;0;0;0;0;0;0;0;0;0;0;0;3798;0;0;126;0;122;0;
13828;5701983;1215823872;21688320;1401237504;0;0;0;0;0;0;0;0;0;0;0;2264;0;0;126;0;122;0;
13829;4719251;1215823872;21688320;1401237504;0;0;0;0;0;0;0;0;0;0;0;2835;0;0;126;0;122;0;
13830;5787564;1215823872;21688320;1401237504;0;0;0;0;0;0;0;0;0;0;0;2224;0;0;126;0;122;0;
13831;4067197;1215823872;21688320;1401237504;0;0;0;0;0;0;0;0;0;0;0;3206;0;0;126;0;122;0;
13832;7248794;1215823872;21688320;1401237504;0;0;0;0;0;0;0;0;0;0;0;3546;0;0;126;0;122;0;
13833;4313680;1208680448;14360576;1393909760;0;0;0;0;0;0;0;0;0;0;0;3026;0;0;126;0;122;0;
13834;6635785;1208680448;14360576;1393909760;0;0;0;0;0;0;0;0;0;0;0;2946;0;0;126;0;122;0;
13835;6131589;1208680448;14360576;1393909760;0;0;0;0;0;0;0;0;0;0;0;3496;0;0;126;0;122;0;
13836;4882547;1208680448;14360576;1393909760;0;0;0;0;0;0;0;0;0;0;0;2043;0;0;126;0;122;0;
13837;4943511;1208680448;14360576;1393909760;0;0;0;0;0;0;0;0;0;0;0;2655;0;0;126;0;122;0;
13838;5225240;1208680448;14360576;1393909760;0;0;0;0;0;0;0;0;0;0;0;1964;0;0;126;0;122;0;
13839;4758454;1208680448;14360576;1393909760;0;0;0;0;0;0;0;0;0;0;0;2505;0;0;126;0;122;0;
13840;5797653;1208680448;14360576;1393909760;0;0;0;0;0;0;0;0;0;0;0;1894;0;0;126;0;122;0;
13841;3627573;1208680448;14360576;1393909760;0;0;0;0;0;0;0;0;0;0;0;2745;0;0;126;0;122;0;
13842;7253353;1208680448;14360576;1393909760;0;0;0;0;0;0;0;0;0;0;0;2524;0;0;126;0;122;0;
13843;4127560;1208680448;14360576;1393909760;0;0;0;0;0;0;0;0;0;0;0;2725;0;0;126;0;122;0;
13844;5372806;1208680448;14360576;1393909760;0;0;0;0;0;0;0;0;0;0;0;3596;0;0;126;0;122;0;
13845;4754426;1208680448;14360576;1393909760;0;0;0;0;0;0;0;0;0;0;0;3367;0;0;126;0;122;0;
13846;6930157;1208680448;14360576;1393909760;0;0;0;0;0;0;0;0;0;0;0;3596;0;0;126;0;122;0;
13847;4057990;1208680448;14360576;1393909760;0;0;0;0;0;0;0;0;0;0;0;3026;0;0;126;0;122;0;
13848;6771750;1212874752;21688320;1401237504;0;0;0;0;0;0;0;0;0;0;0;2735;0;0;126;0;122;0;
13849;3640608;1214971904;21688320;1401237504;0;0;0;0;0;0;0;0;0;0;0;3877;0;0;126;0;122;0;
13850;6826943;1215766528;21688320;1401237504;0;0;0;0;0;0;0;0;0;0;0;3096;0;0;126;0;122;0;
13851;4406704;1215766528;21688320;1401237504;0;0;0;0;0;0;0;0;0;0;0;3266;0;0;126;0;122;0;
13852;6593957;1215766528;21688320;1401237504;0;0;0;0;0;0;0;0;0;0;0;3046;0;0;126;0;122;0;
13853;3598228;1215766528;21688320;1401237504;0;0;0;0;0;0;0;0;0;0;0;3366;0;0;126;0;122;0;
13854;5804676;1215766528;21688320;1401237504;0;0;0;0;0;0;0;0;0;0;0;2014;0;0;126;0;122;0;
13855;3644164;1208692736;13910016;1393459200;0;0;0;0;0;0;0;0;0;0;0;3216;0;0;126;0;122;0;
13856;5163353;1208692736;13910016;1393459200;0;0;0;0;0;0;0;0;0;0;0;2625;0;0;126;0;122;0;
13857;4691078;1208692736;13910016;1393459200;0;0;0;0;0;0;0;0;0;0;0;3457;0;0;126;0;122;0;
13858;5394456;1208692736;13910016;1393459200;0;0;0;0;0;0;0;0;0;0;0;2555;0;0;126;0;122;0;
13859;3600322;1208692736;13910016;1393459200;0;0;0;0;0;0;0;0;0;0;0;3056;0;0;126;0;122;0;
13860;5600803;1208692736;13910016;1393459200;0;0;0;0;0;0;0;0;0;0;0;2505;0;0;126;0;122;0;
13861;4696377;1208692736;13910016;1393459200;0;0;0;0;0;0;0;0;0;0;0;2866;0;0;126;0;122;0;
13862;5661197;1208692736;13910016;1393459200;0;0;0;0;0;0;0;0;0;0;0;2134;0;0;126;0;122;0;
13863;4401023;1208692736;13910016;1393459200;0;0;0;0;0;0;0;0;0;0;0;2716;0;0;126;0;122;0;
13864;6163789;1208692736;13914112;1393463296;0;0;0;0;0;0;0;0;0;0;0;2915;0;0;126;0;122;0;
13865;4462489;1208692736;13918208;1393467392;0;0;0;0;0;0;0;0;0;0;0;2785;0;0;126;0;122;0;
13866;6838305;1212674048;21696512;1401245696;0;0;0;0;0;0;0;0;0;0;0;2906;0;0;126;0;122;0;
13867;3456362;1214771200;21696512;1401245696;0;0;0;0;0;0;0;0;0;0;0;3246;0;0;126;0;122;0;
13868;7088774;1215848448;21696512;1401245696;0;0;0;0;0;0;0;0;0;0;0;3066;0;0;126;0;122;0;
13869;3153615;1215848448;21696512;1401245696;0;0;0;0;0;0;0;0;0;0;0;2635;0;0;126;0;122;0;
13870;6134064;1215848448;21696512;1401245696;0;0;0;0;0;0;0;0;0;0;0;2705;0;0;126;0;122;0;
13871;4185068;1215954944;21688320;1401237504;0;0;0;0;0;0;0;0;0;0;0;2855;0;0;126;0;122;0;
13872;5666236;1215954944;21688320;1401237504;0;0;0;0;0;0;0;0;0;0;0;2334;0;0;126;0;122;0;
13873;4595719;1215954944;21688320;1401237504;0;0;0;0;0;0;0;0;0;0;0;2976;0;0;126;0;122;0;
13874;6965523;1215954944;21688320;1401237504;0;0;0;0;0;0;0;0;0;0;0;3507;0;0;126;0;122;0;
13875;4791696;1215954944;21688320;1401237504;0;0;0;0;0;0;0;0;0;0;0;3767;0;0;126;0;122;0;
13876;6927723;1215954944;21688320;1401237504;0;0;0;0;0;0;0;0;0;0;0;3967;0;0;126;0;122;0;
13877;4458261;1208705024;13910016;1393459200;0;0;0;0;0;0;0;0;0;0;0;4168;0;0;126;0;122;0;
13878;6032974;1208705024;13910016;1393459200;0;0;0;0;0;0;0;0;0;0;0;2104;0;0;126;0;122;0;
13879;3053797;1208705024;13910016;1393459200;0;0;0;0;0;0;0;0;0;0;0;2965;0;0;126;0;122;0;
13880;4848963;1208705024;13910016;1393459200;0;0;0;0;0;0;0;0;0;0;0;2003;0;0;126;0;122;0;
13881;3857945;1208705024;13910016;1393459200;0;0;0;0;0;0;0;0;0;0;0;3216;0;0;126;0;122;0;
13882;5404055;1208705024;13910016;1393459200;0;0;0;0;0;0;0;0;0;0;0;2054;0;0;126;0;122;0;
13883;3536472;1208705024;13910016;1393459200;0;0;0;0;0;0;0;0;0;0;0;2855;0;0;126;0;122;0;
13884;5194913;1208705024;13910016;1393459200;0;0;0;0;0;0;0;0;0;0;0;2344;0;0;126;0;122;0;
13885;4216127;1208705024;13910016;1393459200;0;0;0;0;0;0;0;0;0;0;0;3236;0;0;126;0;122;0;
13886;5961870;1208705024;13910016;1393459200;0;0;0;0;0;0;0;0;0;0;0;3526;0;0;126;0;122;0;
13887;4007035;1208705024;13910016;1393459200;0;0;0;0;0;0;0;0;0;0;0;3316;0;0;126;0;122;0;
13888;5212606;1208705024;13910016;1393459200;0;0;0;0;0;0;0;0;0;0;0;1884;0;0;126;0;122;0;
13889;3831566;1208705024;13910016;1393459200;0;0;0;0;0;0;0;0;0;0;0;3266;0;0;126;0;122;0;
13890;5875889;1208705024;13910016;1393459200;0;0;0;0;0;0;0;0;0;0;0;2435;0;0;126;0;122;0;
13891;4864824;1208705024;13910016;1393459200;0;0;0;0;0;0;0;0;0;0;0;3055;0;0;126;0;122;0;
13892;5126514;1208705024;13910016;1393459200;0;0;0;0;0;0;0;0;0;0;0;2975;0;0;126;0;122;0;
13893;3414473;1208705024;13910016;1393459200;0;0;0;0;0;0;0;0;0;0;0;3606;0;0;126;0;122;0;
13894;5581117;1212686336;21688320;1401237504;0;0;0;0;0;0;0;0;0;0;0;3145;0;0;126;0;122;0;
13895;2761418;1214783488;21688320;1401237504;0;0;0;0;0;0;0;0;0;0;0;2855;0;0;126;0;122;0;
13896;6273636;1215860736;21688320;1401237504;0;0;0;0;0;0;0;0;0;0;0;3116;0;0;126;0;122;0;
13897;3865329;1215860736;21688320;1401237504;0;0;0;0;0;0;0;0;0;0;0;2645;0;0;126;0;122;0;
13898;5627774;1215860736;21688320;1401237504;0;0;0;0;0;0;0;0;0;0;0;3857;0;0;126;0;122;0;
13899;3975536;1215860736;21688320;1401237504;0;0;0;0;0;0;0;0;0;0;0;2555;0;0;126;0;122;0;
13900;5320317;1215860736;21688320;1401237504;0;0;0;0;0;0;0;0;0;0;0;1804;0;0;126;0;122;0;
13901;5218987;1208717312;14360576;1393909760;0;0;0;0;0;0;0;0;0;0;0;2865;0;0;126;0;122;0;
13902;5087641;1208717312;14360576;1393909760;0;0;0;0;0;0;0;0;0;0;0;1863;0;0;126;0;122;0;
13903;4559882;1208717312;14360576;1393909760;0;0;0;0;0;0;0;0;0;0;0;58530;0;0;126;0;122;0;
13904;6496022;1208717312;14360576;1393909760;0;0;0;0;0;0;0;0;0;0;0;3607;0;0;126;0;122;0;
13905;4205457;1208717312;14360576;1393909760;0;0;0;0;0;0;0;0;0;0;0;3627;0;0;126;0;122;0;
13906;5972951;1208717312;14360576;1393909760;0;0;0;0;0;0;0;0;0;0;0;2404;0;0;126;0;122;0;
13907;3536562;1208717312;14360576;1393909760;0;0;0;0;0;0;0;0;0;0;0;2845;0;0;126;0;122;0;
13908;5750374;1208717312;14360576;1393909760;0;0;0;0;0;0;0;0;0;0;0;3797;0;0;126;0;122;0;
13909;3122816;1208717312;14360576;1393909760;0;0;0;0;0;0;0;0;0;0;0;2635;0;0;126;0;122;0;
13910;4284174;1208717312;14360576;1393909760;0;0;0;0;0;0;0;0;0;0;0;1753;0;0;126;0;122;0;
13911;3827839;1208717312;14360576;1393909760;0;0;0;0;0;0;0;0;0;0;0;2715;0;0;126;0;122;0;
13912;4849946;1208717312;14360576;1393909760;0;0;0;0;0;0;0;0;0;0;0;1613;0;0;126;0;122;0;
13913;4915789;1208717312;14360576;1393909760;0;0;0;0;0;0;0;0;0;0;0;3477;0;0;126;0;122;0;
13914;5184022;1208717312;14360576;1393909760;0;0;0;0;0;0;0;0;0;0;0;1864;0;0;126;0;122;0;
13915;3180935;1208717312;14360576;1393909760;0;0;0;0;0;0;0;0;0;0;0;3246;0;0;126;0;122;0;
13916;5378487;1208717312;14360576;1393909760;0;0;0;0;0;0;0;0;0;0;0;3115;0;0;126;0;122;0;
13917;3350995;1208717312;14360576;1393909760;0;0;0;0;0;0;0;0;0;0;0;2785;0;0;126;0;122;0;
13918;6102114;1212911616;21688320;1401237504;0;0;0;0;0;0;0;0;0;0;0;3277;0;0;126;0;122;0;
13919;3930741;1215008768;21688320;1401237504;0;0;0;0;0;0;0;0;0;0;0;3066;0;0;126;0;122;0;
13920;5906647;1215803392;21688320;1401237504;0;0;0;0;0;0;0;0;0;0;0;2865;0;0;126;0;122;0;
13921;4415501;1215803392;21688320;1401237504;0;0;0;0;0;0;0;0;0;0;0;3436;0;0;126;0;122;0;
13922;5511456;1215803392;21688320;1401237504;0;0;0;0;0;0;0;0;0;0;0;1713;0;0;126;0;122;0;
13923;3177890;1215803392;21688320;1401237504;0;0;0;0;0;0;0;0;0;0;0;3457;0;0;126;0;122;0;
13924;5037157;1215803392;21688320;1401237504;0;0;0;0;0;0;0;0;0;0;0;1854;0;0;126;0;122;0;
13925;3748079;1208729600;13910016;1393459200;0;0;0;0;0;0;0;0;0;0;0;3256;0;0;126;0;122;0;
13926;10348858;1208729600;13910016;1393459200;0;0;0;0;0;0;0;0;0;0;0;1453;0;0;126;0;122;0;
13927;4332014;1208729600;13910016;1393459200;0;0;0;0;0;0;0;0;0;0;0;3547;0;0;126;0;122;0;
13928;5799206;1208729600;13910016;1393459200;0;0;0;0;0;0;0;0;0;0;0;3196;0;0;126;0;122;0;
13929;4077507;1208729600;13910016;1393459200;0;0;0;0;0;0;0;0;0;0;0;3537;0;0;126;0;122;0;
13930;5955509;1208729600;13910016;1393459200;0;0;0;0;0;0;0;0;0;0;0;3336;0;0;126;0;122;0;
13931;3604159;1208729600;13910016;1393459200;0;0;0;0;0;0;0;0;0;0;0;3086;0;0;126;0;122;0;
13932;5497139;1208729600;13910016;1393459200;0;0;0;0;0;0;0;0;0;0;0;2825;0;0;126;0;122;0;
13933;3896988;1208729600;13910016;1393459200;0;0;0;0;0;0;0;0;0;0;0;3466;0;0;126;0;122;0;
13934;6260841;1208729600;13910016;1393459200;0;0;0;0;0;0;0;0;0;0;0;3366;0;0;126;0;122;0;
13935;4300255;1208729600;13910016;1393459200;0;0;0;0;0;0;0;0;0;0;0;2455;0;0;126;0;122;0;
13936;5379739;1208729600;13910016;1393459200;0;0;0;0;0;0;0;0;0;0;0;3106;0;0;126;0;122;0;
13937;2863119;1208729600;13910016;1393459200;0;0;0;0;0;0;0;0;0;0;0;3125;0;0;126;0;122;0;
13938;5812240;1208729600;13910016;1393459200;0;0;0;0;0;0;0;0;0;0;0;2845;0;0;126;0;122;0;
13939;2555492;1208729600;13910016;1393459200;0;0;0;0;0;0;0;0;0;0;0;3326;0;0;126;0;122;0;
13940;5488383;1212710912;21688320;1401237504;0;0;0;0;0;0;0;0;0;0;0;2785;0;0;126;0;122;0;
13941;3947533;1214808064;21688320;1401237504;0;0;0;0;0;0;0;0;0;0;0;3487;0;0;126;0;122;0;
13942;5174014;1215885312;21688320;1401237504;0;0;0;0;0;0;0;0;0;0;0;2304;0;0;126;0;122;0;
13943;3776112;1215885312;21688320;1401237504;0;0;0;0;0;0;0;0;0;0;0;3547;0;0;126;0;122;0;
13944;5118419;1215885312;21688320;1401237504;0;0;0;0;0;0;0;0;0;0;0;2534;0;0;126;0;122;0;
13945;3114330;1215885312;21688320;1401237504;0;0;0;0;0;0;0;0;0;0;0;2936;0;0;126;0;122;0;
13946;4701607;1215885312;21688320;1401237504;0;0;0;0;0;0;0;0;0;0;0;1783;0;0;126;0;122;0;
13947;3375510;1208741888;14360576;1393909760;0;0;0;0;0;0;0;0;0;0;0;3206;0;0;126;0;122;0;
13948;5004456;1208741888;14360576;1393909760;0;0;0;0;0;0;0;0;0;0;0;1953;0;0;126;0;122;0;
13949;3910464;1208741888;14360576;1393909760;0;0;0;0;0;0;0;0;0;0;0;3306;0;0;126;0;122;0;
13950;4964841;1208741888;14360576;1393909760;0;0;0;0;0;0;0;0;0;0;0;1773;0;0;126;0;122;0;
13951;4020961;1208741888;14360576;1393909760;0;0;0;0;0;0;0;0;0;0;0;2976;0;0;126;0;122;0;
13952;5067413;1208741888;14360576;1393909760;0;0;0;0;0;0;0;0;0;0;0;1844;0;0;126;0;122;0;
13953;4957968;1208741888;14360576;1393909760;0;0;0;0;0;0;0;0;0;0;0;2866;0;0;126;0;122;0;
13954;4219904;1208741888;14360576;1393909760;0;0;0;0;0;0;0;0;0;0;0;1713;0;0;126;0;122;0;
13955;3842095;1208741888;14360576;1393909760;0;0;0;0;0;0;0;0;0;0;0;2705;0;0;126;0;122;0;
13956;6701819;1208741888;14360576;1393909760;0;0;0;0;0;0;0;0;0;0;0;3476;0;0;126;0;122;0;
13957;4821853;1208741888;14360576;1393909760;0;0;0;0;0;0;0;0;0;0;0;3115;0;0;126;0;122;0;
13958;7038459;1208741888;14360576;1393909760;0;0;0;0;0;0;0;0;0;0;0;2805;0;0;126;0;122;0;
13959;5662940;1208741888;14360576;1393909760;0;0;0;0;0;0;0;0;0;0;0;3016;0;0;126;0;122;0;
13960;6342965;1208741888;14360576;1393909760;0;0;0;0;0;0;0;0;0;0;0;2294;0;0;126;0;122;0;
13961;4617299;1208741888;14360576;1393909760;0;0;0;0;0;0;0;0;0;0;0;2705;0;0;126;0;122;0;
13962;4931829;1208741888;14360576;1393909760;0;0;0;0;0;0;0;0;0;0;0;2084;0;0;126;0;122;0;
13963;5332941;1208741888;14360576;1393909760;0;0;0;0;0;0;0;0;0;0;0;3036;0;0;126;0;122;0;
13964;6610196;1212936192;21688320;1401237504;0;0;0;0;0;0;0;0;0;0;0;2414;0;0;126;0;122;0;
13965;3465359;1215033344;21688320;1401237504;0;0;0;0;0;0;0;0;0;0;0;2655;0;0;126;0;122;0;
13966;4924836;1215827968;21688320;1401237504;0;0;0;0;0;0;0;0;0;0;0;1833;0;0;126;0;122;0;
13967;3520402;1215827968;21688320;1401237504;0;0;0;0;0;0;0;0;0;0;0;3246;0;0;126;0;122;0;
13968;4764706;1215827968;21688320;1401237504;0;0;0;0;0;0;0;0;0;0;0;1873;0;0;126;0;122;0;
13969;4490170;1215827968;21688320;1401237504;0;0;0;0;0;0;0;0;0;0;0;2685;0;0;126;0;122;0;
13970;6013508;1215827968;21688320;1401237504;0;0;0;0;0;0;0;0;0;0;0;2485;0;0;126;0;122;0;
13971;3808042;1208754176;13905920;1393455104;0;0;0;0;0;0;0;0;0;0;0;2806;0;0;126;0;122;0;
13972;5443219;1208754176;13905920;1393455104;0;0;0;0;0;0;0;0;0;0;0;1603;0;0;126;0;122;0;
13973;3700630;1208754176;13905920;1393455104;0;0;0;0;0;0;0;0;0;0;0;2895;0;0;126;0;122;0;
13974;5245858;1208754176;13905920;1393455104;0;0;0;0;0;0;0;0;0;0;0;2434;0;0;126;0;122;0;
13975;3963823;1208754176;13905920;1393455104;0;0;0;0;0;0;0;0;0;0;0;2995;0;0;126;0;122;0;
13976;5759291;1208754176;13905920;1393455104;0;0;0;0;0;0;0;0;0;0;0;2445;0;0;126;0;122;0;
13977;3546151;1208754176;13905920;1393455104;0;0;0;0;0;0;0;0;0;0;0;3798;0;0;126;0;122;0;
13978;4779002;1208754176;13905920;1393455104;0;0;0;0;0;0;0;0;0;0;0;1813;0;0;126;0;122;0;
13979;4719491;1208754176;13905920;1393455104;0;0;0;0;0;0;0;0;0;0;0;2716;0;0;126;0;122;0;
13980;4825179;1208754176;13905920;1393455104;0;0;0;0;0;0;0;0;0;0;0;2204;0;0;126;0;122;0;
13981;4853242;1208754176;13905920;1393455104;0;0;0;0;0;0;0;0;0;0;0;2806;0;0;126;0;122;0;
13982;4889399;1208754176;13905920;1393455104;0;0;0;0;0;0;0;0;0;0;0;1763;0;0;126;0;122;0;
13983;3367406;1208754176;13905920;1393455104;0;0;0;0;0;0;0;0;0;0;0;3096;0;0;126;0;122;0;
13984;5194672;1208754176;13905920;1393455104;0;0;0;0;0;0;0;0;0;0;0;1844;0;0;126;0;122;0;
13985;3544487;1212735488;21684224;1401233408;0;0;0;0;0;0;0;0;0;0;0;3987;0;0;126;0;122;0;
13986;4984969;1214832640;21684224;1401233408;0;0;0;0;0;0;0;0;0;0;0;2334;0;0;126;0;122;0;
13987;3898090;1214832640;21688320;1401237504;0;0;0;0;0;0;0;0;0;0;0;3286;0;0;126;0;122;0;
13988;4791176;1215909888;21688320;1401237504;0;0;0;0;0;0;0;0;0;0;0;2976;0;0;126;0;122;0;
13989;3135761;1215909888;21688320;1401237504;0;0;0;0;0;0;0;0;0;0;0;3056;0;0;126;0;122;0;
13990;5486409;1215909888;21688320;1401237504;0;0;0;0;0;0;0;0;0;0;0;2985;0;0;126;0;122;0;
13991;3555518;1215909888;21688320;1401237504;0;0;0;0;0;0;0;0;0;0;0;2996;0;0;126;0;122;0;
13992;6385966;1215909888;21688320;1401237504;0;0;0;0;0;0;0;0;0;0;0;2715;0;0;126;0;122;0;
13993;2894729;1208766464;14360576;1393909760;0;0;0;0;0;0;0;0;0;0;0;3176;0;0;126;0;122;0;
13994;7273110;1208766464;14360576;1393909760;0;0;0;0;0;0;0;0;0;0;0;3617;0;0;126;0;122;0;
13995;4541236;1208766464;14360576;1393909760;0;0;0;0;0;0;0;0;0;0;0;3256;0;0;126;0;122;0;
13996;4489490;1208766464;14360576;1393909760;0;0;0;0;0;0;0;0;0;0;0;1923;0;0;126;0;122;0;
13997;5619318;1208766464;14360576;1393909760;0;0;0;0;0;0;0;0;0;0;0;3176;0;0;126;0;122;0;
13998;5415937;1208766464;14360576;1393909760;0;0;0;0;0;0;0;0;0;0;0;2265;0;0;126;0;122;0;
13999;3439841;1208766464;14360576;1393909760;0;0;0;0;0;0;0;0;0;0;0;2635;0;0;126;0;122;0;
14000;5924801;1208766464;14360576;1393909760;0;0;0;0;0;0;0;0;0;0;0;3176;0;0;126;0;122;0;
14001;3890015;1208766464;14360576;1393909760;0;0;0;0;0;0;0;0;0;0;0;2695;0;0;126;0;122;0;
14002;5648574;1208766464;14360576;1393909760;0;0;0;0;0;0;0;0;0;0;0;2555;0;0;126;0;122;0;
14003;3631911;1208766464;14360576;1393909760;0;0;0;0;0;0;0;0;0;0;0;3907;0;0;126;0;122;0;
14004;5639356;1208766464;14360576;1393909760;0;0;0;0;0;0;0;0;0;0;0;3066;0;0;126;0;122;0;
14005;3622805;1208766464;14360576;1393909760;0;0;0;0;0;0;0;0;0;0;0;3787;0;0;126;0;122;0;
14006;5898271;1208766464;14360576;1393909760;0;0;0;0;0;0;0;0;0;0;0;4018;0;0;126;0;122;0;
14007;4055195;1208766464;14360576;1393909760;0;0;0;0;0;0;0;0;0;0;0;2766;0;0;126;0;122;0;
14008;5661417;1208766464;14360576;1393909760;0;0;0;0;0;0;0;0;0;0;0;2364;0;0;126;0;122;0;
14009;4300916;1208766464;14360576;1393909760;0;0;0;0;0;0;0;0;0;0;0;3277;0;0;126;0;122;0;
14010;5493593;1212960768;21688320;1401237504;0;0;0;0;0;0;0;0;0;0;0;3387;0;0;126;0;122;0;
14011;4677682;1215057920;21688320;1401237504;0;0;0;0;0;0;0;0;0;0;0;2625;0;0;126;0;122;0;
14012;4859162;1215057920;21688320;1401237504;0;0;0;0;0;0;0;0;0;0;0;1422;0;0;126;0;122;0;
14013;2640442;1215057920;21688320;1401237504;0;0;0;0;0;0;0;0;0;0;0;2154;0;0;126;0;122;0;
14014;4917242;1215057920;21688320;1401237504;0;0;0;0;0;0;0;0;0;0;0;1613;0;0;126;0;122;0;
14015;2775925;1215057920;21688320;1401237504;0;0;0;0;0;0;0;0;0;0;0;1944;0;0;126;0;122;0;
14016;4839636;1215057920;21688320;1401237504;0;0;0;0;0;0;0;0;0;0;0;1643;0;0;126;0;122;0;
14017;2972485;1215057920;21688320;1401237504;0;0;0;0;0;0;0;0;0;0;0;2485;0;0;126;0;122;0;
14018;4718980;1215057920;21688320;1401237504;0;0;0;0;0;0;0;0;0;0;0;1753;0;0;126;0;122;0;
14019;4577755;1208778752;14360576;1393909760;0;0;0;0;0;0;0;0;0;0;0;2003;0;0;126;0;122;0;
14020;4818717;1208778752;14360576;1393909760;0;0;0;0;0;0;0;0;0;0;0;1523;0;0;126;0;122;0;
14021;2796174;1208778752;14360576;1393909760;0;0;0;0;0;0;0;0;0;0;0;2484;0;0;126;0;122;0;
14022;4996751;1208778752;14360576;1393909760;0;0;0;0;0;0;0;0;0;0;0;1974;0;0;126;0;122;0;
14023;3155057;1208778752;14360576;1393909760;0;0;0;0;0;0;0;0;0;0;0;2023;0;0;126;0;122;0;
14024;5671917;1208778752;14360576;1393909760;0;0;0;0;0;0;0;0;0;0;0;1613;0;0;126;0;122;0;
14025;3158133;1208778752;14360576;1393909760;0;0;0;0;0;0;0;0;0;0;0;2053;0;0;126;0;122;0;
14026;5385420;1208778752;14360576;1393909760;0;0;0;0;0;0;0;0;0;0;0;1674;0;0;126;0;122;0;
14027;3105374;1208778752;14360576;1393909760;0;0;0;0;0;0;0;0;0;0;0;1994;0;0;126;0;122;0;
14028;4972235;1208778752;14360576;1393909760;0;0;0;0;0;0;0;0;0;0;0;1763;0;0;126;0;122;0;
14029;3855751;1208778752;14360576;1393909760;0;0;0;0;0;0;0;0;0;0;0;2264;0;0;126;0;122;0;
14030;5637773;1208778752;14360576;1393909760;0;0;0;0;0;0;0;0;0;0;0;2084;0;0;126;0;122;0;
14031;3233384;1208778752;14360576;1393909760;0;0;0;0;0;0;0;0;0;0;0;2485;0;0;126;0;122;0;
14032;5584363;1212973056;21688320;1401237504;0;0;0;0;0;0;0;0;0;0;0;2314;0;0;126;0;122;0;
14033;3156589;1215070208;21688320;1401237504;0;0;0;0;0;0;0;0;0;0;0;2495;0;0;126;0;122;0;
14034;5115975;1215070208;21688320;1401237504;0;0;0;0;0;0;0;0;0;0;0;1873;0;0;126;0;122;0;
14035;3035062;1215070208;21688320;1401237504;0;0;0;0;0;0;0;0;0;0;0;2084;0;0;126;0;122;0;
14036;6183076;1215070208;21688320;1401237504;0;0;0;0;0;0;0;0;0;0;0;1904;0;0;126;0;122;0;
14037;3692855;1215070208;21688320;1401237504;0;0;0;0;0;0;0;0;0;0;0;2354;0;0;126;0;122;0;
14038;5705250;1215070208;21688320;1401237504;0;0;0;0;0;0;0;0;0;0;0;1863;0;0;126;0;122;0;
14039;3989041;1215070208;21688320;1401237504;0;0;0;0;0;0;0;0;0;0;0;2725;0;0;126;0;122;0;
14040;5383536;1215070208;21688320;1401237504;0;0;0;0;0;0;0;0;0;0;0;1563;0;0;126;0;122;0;
14041;3330556;1208791040;14360576;1393909760;0;0;0;0;0;0;0;0;0;0;0;2434;0;0;126;0;122;0;
14042;5677928;1208791040;14360576;1393909760;0;0;0;0;0;0;0;0;0;0;0;1644;0;0;126;0;122;0;
14043;2880592;1208791040;14360576;1393909760;0;0;0;0;0;0;0;0;0;0;0;2024;0;0;126;0;122;0;
14044;5353700;1208791040;14360576;1393909760;0;0;0;0;0;0;0;0;0;0;0;1603;0;0;126;0;122;0;
14045;3391821;1208791040;14360576;1393909760;0;0;0;0;0;0;0;0;0;0;0;1933;0;0;126;0;122;0;
14046;5917798;1208791040;14360576;1393909760;0;0;0;0;0;0;0;0;0;0;0;1493;0;0;126;0;122;0;
14047;3655215;1208791040;14360576;1393909760;0;0;0;0;0;0;0;0;0;0;0;2945;0;0;126;0;122;0;
14048;6400583;1208791040;14360576;1393909760;0;0;0;0;0;0;0;0;0;0;0;1553;0;0;126;0;122;0;
14049;3899183;1208791040;14360576;1393909760;0;0;0;0;0;0;0;0;0;0;0;2605;0;0;126;0;122;0;
14050;5656528;1208791040;14360576;1393909760;0;0;0;0;0;0;0;0;0;0;0;1673;0;0;126;0;122;0;
14051;3465449;1208791040;14360576;1393909760;0;0;0;0;0;0;0;0;0;0;0;2735;0;0;126;0;122;0;
14052;4870313;1208791040;14360576;1393909760;0;0;0;0;0;0;0;0;0;0;0;1733;0;0;126;0;122;0;
14053;3468235;1208791040;14360576;1393909760;0;0;0;0;0;0;0;0;0;0;0;2305;0;0;126;0;122;0;
14054;5260265;1212985344;21688320;1401237504;0;0;0;0;0;0;0;0;0;0;0;2886;0;0;126;0;122;0;
14055;5182540;1215082496;21688320;1401237504;0;0;0;0;0;0;0;0;0;0;0;3095;0;0;126;0;122;0;
14056;5055231;1215082496;21688320;1401237504;0;0;0;0;0;0;0;0;0;0;0;1743;0;0;126;0;122;0;
14057;3918058;1215082496;21688320;1401237504;0;0;0;0;0;0;0;0;0;0;0;2715;0;0;126;0;122;0;
14058;5482913;1215082496;21688320;1401237504;0;0;0;0;0;0;0;0;0;0;0;1884;0;0;126;0;122;0;
14059;4266711;1215082496;21688320;1401237504;0;0;0;0;0;0;0;0;0;0;0;3266;0;0;126;0;122;0;
14060;6212300;1215082496;21688320;1401237504;0;0;0;0;0;0;0;0;0;0;0;2425;0;0;126;0;122;0;
14061;4500009;1215082496;21688320;1401237504;0;0;0;0;0;0;0;0;0;0;0;2555;0;0;126;0;122;0;
14062;6838014;1215082496;21688320;1401237504;0;0;0;0;0;0;0;0;0;0;0;3296;0;0;126;0;122;0;
14063;3651057;1208803328;14360576;1393909760;0;0;0;0;0;0;0;0;0;0;0;3006;0;0;126;0;122;0;
14064;6026983;1208803328;14360576;1393909760;0;0;0;0;0;0;0;0;0;0;0;2945;0;0;126;0;122;0;
14065;3340425;1208803328;14360576;1393909760;0;0;0;0;0;0;0;0;0;0;0;3096;0;0;126;0;122;0;
14066;5550239;1208803328;14360576;1393909760;0;0;0;0;0;0;0;0;0;0;0;2765;0;0;126;0;122;0;
14067;3683368;1208803328;14360576;1393909760;0;0;0;0;0;0;0;0;0;0;0;3446;0;0;126;0;122;0;
14068;5900956;1208803328;14360576;1393909760;0;0;0;0;0;0;0;0;0;0;0;2415;0;0;126;0;122;0;
14069;4386586;1208803328;14360576;1393909760;0;0;0;0;0;0;0;0;0;0;0;3547;0;0;126;0;122;0;
14070;6136498;1208803328;14360576;1393909760;0;0;0;0;0;0;0;0;0;0;0;2806;0;0;126;0;122;0;
14071;6999357;1208803328;14360576;1393909760;0;0;0;0;0;0;0;0;0;0;0;2905;0;0;126;0;122;0;
14072;6222550;1208803328;14360576;1393909760;0;0;0;0;0;0;0;0;0;0;0;1683;0;0;126;0;122;0;
14073;3901627;1208803328;14360576;1393909760;0;0;0;0;0;0;0;0;0;0;0;2926;0;0;126;0;122;0;
14074;5137475;1208803328;14360576;1393909760;0;0;0;0;0;0;0;0;0;0;0;2384;0;0;126;0;122;0;
14075;3811478;1208803328;14360576;1393909760;0;0;0;0;0;0;0;0;0;0;0;3186;0;0;126;0;122;0;
14076;5020766;1208803328;14360576;1393909760;0;0;0;0;0;0;0;0;0;0;0;1823;0;0;126;0;122;0;
14077;3910093;1208803328;14360576;1393909760;0;0;0;0;0;0;0;0;0;0;0;3366;0;0;126;0;122;0;
14078;6374485;1212997632;21688320;1401237504;0;0;0;0;0;0;0;0;0;0;0;2635;0;0;126;0;122;0;
14079;3189251;1215094784;21688320;1401237504;0;0;0;0;0;0;0;0;0;0;0;3236;0;0;126;0;122;0;
14080;5174744;1215094784;21688320;1401237504;0;0;0;0;0;0;0;0;0;0;0;2955;0;0;126;0;122;0;
14081;3365101;1215094784;21688320;1401237504;0;0;0;0;0;0;0;0;0;0;0;3627;0;0;126;0;122;0;
14082;5852415;1215094784;21688320;1401237504;0;0;0;0;0;0;0;0;0;0;0;2725;0;0;126;0;122;0;
14083;3784708;1215094784;21688320;1401237504;0;0;0;0;0;0;0;0;0;0;0;3637;0;0;126;0;122;0;
14084;5816889;1215094784;21688320;1401237504;0;0;0;0;0;0;0;0;0;0;0;2575;0;0;126;0;122;0;
14085;4686399;1215094784;21688320;1401237504;0;0;0;0;0;0;0;0;0;0;0;3226;0;0;126;0;122;0;
14086;6022104;1215094784;21688320;1401237504;0;0;0;0;0;0;0;0;0;0;0;1953;0;0;126;0;122;0;
14087;2945855;1208815616;14360576;1393909760;0;0;0;0;0;0;0;0;0;0;0;3807;0;0;126;0;122;0;
14088;5946883;1208815616;14360576;1393909760;0;0;0;0;0;0;0;0;0;0;0;2935;0;0;126;0;122;0;
14089;3054338;1208815616;14360576;1393909760;0;0;0;0;0;0;0;0;0;0;0;2786;0;0;126;0;122;0;
14090;5612145;1208815616;14360576;1393909760;0;0;0;0;0;0;0;0;0;0;0;2725;0;0;126;0;122;0;
14091;3322862;1208815616;14360576;1393909760;0;0;0;0;0;0;0;0;0;0;0;3526;0;0;126;0;122;0;
14092;5626763;1208815616;14360576;1393909760;0;0;0;0;0;0;0;0;0;0;0;3236;0;0;126;0;122;0;
14093;3628004;1208815616;14360576;1393909760;0;0;0;0;0;0;0;0;0;0;0;3266;0;0;126;0;122;0;
14094;5159436;1208815616;14360576;1393909760;0;0;0;0;0;0;0;0;0;0;0;151253;0;0;126;0;122;0;
14095;3940750;1208815616;14364672;1393913856;0;0;0;0;0;0;0;0;0;0;0;3307;0;0;126;0;122;0;
14096;5913961;1208815616;14364672;1393913856;0;0;0;0;0;0;0;0;0;0;0;2254;0;0;126;0;122;0;
14097;4245662;1208815616;14364672;1393913856;0;0;0;0;0;0;0;0;0;0;0;3005;0;0;126;0;122;0;
14098;5777414;1208815616;14364672;1393913856;0;0;0;0;0;0;0;0;0;0;0;1813;0;0;126;0;122;0;
14099;3790900;1208815616;14364672;1393913856;0;0;0;0;0;0;0;0;0;0;0;3576;0;0;126;0;122;0;
14100;6449446;1213009920;21692416;1401241600;0;0;0;0;0;0;0;0;0;0;0;3016;0;0;126;0;122;0;
14101;3641409;1215107072;21692416;1401241600;0;0;0;0;0;0;0;0;0;0;0;2975;0;0;126;0;122;0;
14102;5836837;1215107072;21692416;1401241600;0;0;0;0;0;0;0;0;0;0;0;2635;0;0;126;0;122;0;
14103;3421597;1215188992;21688320;1401237504;0;0;0;0;0;0;0;0;0;0;0;2535;0;0;126;0;122;0;
14104;5235719;1215188992;21688320;1401237504;0;0;0;0;0;0;0;0;0;0;0;1833;0;0;126;0;122;0;
14105;4368513;1215188992;21688320;1401237504;0;0;0;0;0;0;0;0;0;0;0;2564;0;0;126;0;122;0;
14106;5661949;1215188992;21688320;1401237504;0;0;0;0;0;0;0;0;0;0;0;2034;0;0;126;0;122;0;
14107;3911195;1215188992;21688320;1401237504;0;0;0;0;0;0;0;0;0;0;0;2986;0;0;126;0;122;0;
14108;4794522;1215188992;21688320;1401237504;0;0;0;0;0;0;0;0;0;0;0;1793;0;0;126;0;122;0;
14109;4509837;1208827904;14360576;1393909760;0;0;0;0;0;0;0;0;0;0;0;2965;0;0;126;0;122;0;
14110;5726529;1208827904;14360576;1393909760;0;0;0;0;0;0;0;0;0;0;0;2093;0;0;126;0;122;0;
14111;5407551;1208827904;14360576;1393909760;0;0;0;0;0;0;0;0;0;0;0;2856;0;0;126;0;122;0;
14112;5169365;1208827904;14360576;1393909760;0;0;0;0;0;0;0;0;0;0;0;1764;0;0;126;0;122;0;
14113;4538351;1208827904;14360576;1393909760;0;0;0;0;0;0;0;0;0;0;0;3176;0;0;126;0;122;0;
14114;5340866;1208827904;14360576;1393909760;0;0;0;0;0;0;0;0;0;0;0;2315;0;0;126;0;122;0;
14115;5430284;1208827904;14360576;1393909760;0;0;0;0;0;0;0;0;0;0;0;3697;0;0;126;0;122;0;
14116;6167727;1208827904;14360576;1393909760;0;0;0;0;0;0;0;0;0;0;0;1813;0;0;126;0;122;0;
14117;3048407;1208827904;14360576;1393909760;0;0;0;0;0;0;0;0;0;0;0;2896;0;0;126;0;122;0;
14118;4914767;1208827904;14360576;1393909760;0;0;0;0;0;0;0;0;0;0;0;2394;0;0;126;0;122;0;
14119;4116269;1208827904;14360576;1393909760;0;0;0;0;0;0;0;0;0;0;0;3486;0;0;126;0;122;0;
14120;5764540;1208827904;14360576;1393909760;0;0;0;0;0;0;0;0;0;0;0;1793;0;0;126;0;122;0;
14121;4402136;1208827904;14360576;1393909760;0;0;0;0;0;0;0;0;0;0;0;2986;0;0;126;0;122;0;
14122;5673911;1208827904;14360576;1393909760;0;0;0;0;0;0;0;0;0;0;0;2575;0;0;126;0;122;0;
14123;4035448;1208827904;14360576;1393909760;0;0;0;0;0;0;0;0;0;0;0;3106;0;0;126;0;122;0;
14124;5272838;1213022208;21688320;1401237504;0;0;0;0;0;0;0;0;0;0;0;2004;0;0;126;0;122;0;
14125;3667017;1215119360;21688320;1401237504;0;0;0;0;0;0;0;0;0;0;0;3126;0;0;126;0;122;0;
14126;5396450;1215119360;21688320;1401237504;0;0;0;0;0;0;0;0;0;0;0;2104;0;0;126;0;122;0;
14127;3996785;1215119360;21688320;1401237504;0;0;0;0;0;0;0;0;0;0;0;3116;0;0;126;0;122;0;
14128;4809159;1215119360;21688320;1401237504;0;0;0;0;0;0;0;0;0;0;0;1914;0;0;126;0;122;0;
14129;4576503;1215119360;21688320;1401237504;0;0;0;0;0;0;0;0;0;0;0;3697;0;0;126;0;122;0;
14130;5924401;1215119360;21688320;1401237504;0;0;0;0;0;0;0;0;0;0;0;1963;0;0;126;0;122;0;
14131;4094078;1215119360;21688320;1401237504;0;0;0;0;0;0;0;0;0;0;0;2885;0;0;126;0;122;0;
14132;6131208;1215119360;21688320;1401237504;0;0;0;0;0;0;0;0;0;0;0;2414;0;0;126;0;122;0;
14133;3298917;1208840192;14360576;1393909760;0;0;0;0;0;0;0;0;0;0;0;2655;0;0;126;0;122;0;
14134;6600689;1208840192;14360576;1393909760;0;0;0;0;0;0;0;0;0;0;0;2155;0;0;126;0;122;0;
14135;3085366;1208840192;14360576;1393909760;0;0;0;0;0;0;0;0;0;0;0;3346;0;0;126;0;122;0;
14136;8338748;1208840192;14360576;1393909760;0;0;0;0;0;0;0;0;0;0;0;2204;0;0;126;0;122;0;
14137;10444347;1208840192;14360576;1393909760;0;0;0;0;0;0;0;0;0;0;0;2976;0;0;126;0;122;0;
14138;6963029;1208840192;14360576;1393909760;0;0;0;0;0;0;0;0;0;0;0;3406;0;0;126;0;122;0;
14139;3150438;1208840192;14360576;1393909760;0;0;0;0;0;0;0;0;0;0;0;2614;0;0;126;0;122;0;
14140;6397127;1208840192;14360576;1393909760;0;0;0;0;0;0;0;0;0;0;0;2865;0;0;126;0;122;0;
14141;3295510;1208840192;14360576;1393909760;0;0;0;0;0;0;0;0;0;0;0;3296;0;0;126;0;122;0;
14142;6737015;1208840192;14360576;1393909760;0;0;0;0;0;0;0;0;0;0;0;2726;0;0;126;0;122;0;
14143;3447676;1208840192;14360576;1393909760;0;0;0;0;0;0;0;0;0;0;0;3747;0;0;126;0;122;0;
14144;6046560;1208840192;14360576;1393909760;0;0;0;0;0;0;0;0;0;0;0;2735;0;0;126;0;122;0;
14145;3789016;1208840192;14360576;1393909760;0;0;0;0;0;0;0;0;0;0;0;3106;0;0;126;0;122;0;
14146;6459725;1213034496;21688320;1401237504;0;0;0;0;0;0;0;0;0;0;0;2925;0;0;126;0;122;0;
14147;4914156;1215131648;21688320;1401237504;0;0;0;0;0;0;0;0;0;0;0;3617;0;0;126;0;122;0;
14148;5731038;1215131648;21688320;1401237504;0;0;0;0;0;0;0;0;0;0;0;3287;0;0;126;0;122;0;
14149;4529124;1215131648;21688320;1401237504;0;0;0;0;0;0;0;0;0;0;0;3357;0;0;126;0;122;0;
14150;6132871;1215131648;21688320;1401237504;0;0;0;0;0;0;0;0;0;0;0;3206;0;0;126;0;122;0;
14151;4015862;1215131648;21688320;1401237504;0;0;0;0;0;0;0;0;0;0;0;2835;0;0;126;0;122;0;
14152;6733168;1215131648;21688320;1401237504;0;0;0;0;0;0;0;0;0;0;0;3416;0;0;126;0;122;0;
14153;3435292;1215131648;21688320;1401237504;0;0;0;0;0;0;0;0;0;0;0;3787;0;0;126;0;122;0;
14154;7658643;1215131648;21688320;1401237504;0;0;0;0;0;0;0;0;0;0;0;2615;0;0;126;0;122;0;
14155;4782479;1208852480;14360576;1393909760;0;0;0;0;0;0;0;0;0;0;0;4329;0;0;126;0;122;0;
14156;6984439;1208852480;14360576;1393909760;0;0;0;0;0;0;0;0;0;0;0;2915;0;0;126;0;122;0;
14157;3520382;1208852480;14360576;1393909760;0;0;0;0;0;0;0;0;0;0;0;3657;0;0;126;0;122;0;
14158;7080829;1208852480;14360576;1393909760;0;0;0;0;0;0;0;0;0;0;0;3597;0;0;126;0;122;0;
14159;3455320;1208852480;14360576;1393909760;0;0;0;0;0;0;0;0;0;0;0;3536;0;0;126;0;122;0;
14160;5641971;1208852480;14360576;1393909760;0;0;0;0;0;0;0;0;0;0;0;2535;0;0;126;0;122;0;
14161;3068374;1208852480;14360576;1393909760;0;0;0;0;0;0;0;0;0;0;0;2986;0;0;126;0;122;0;
14162;6710355;1208852480;14360576;1393909760;0;0;0;0;0;0;0;0;0;0;0;2965;0;0;126;0;122;0;
14163;3006598;1208852480;14360576;1393909760;0;0;0;0;0;0;0;0;0;0;0;3176;0;0;126;0;122;0;
14164;6702810;1208852480;14360576;1393909760;0;0;0;0;0;0;0;0;0;0;0;3076;0;0;126;0;122;0;
14165;3011548;1208852480;14360576;1393909760;0;0;0;0;0;0;0;0;0;0;0;3467;0;0;126;0;122;0;
14166;6070664;1208852480;14360576;1393909760;0;0;0;0;0;0;0;0;0;0;0;2234;0;0;126;0;122;0;
14167;3941803;1208852480;14360576;1393909760;0;0;0;0;0;0;0;0;0;0;0;3246;0;0;126;0;122;0;
14168;7000408;1208852480;14360576;1393909760;0;0;0;0;0;0;0;0;0;0;0;3586;0;0;126;0;122;0;
14169;4400223;1208852480;14360576;1393909760;0;0;0;0;0;0;0;0;0;0;0;2935;0;0;126;0;122;0;
14170;6523434;1213046784;21688320;1401237504;0;0;0;0;0;0;0;0;0;0;0;2986;0;0;126;0;122;0;
14171;3698506;1215143936;21688320;1401237504;0;0;0;0;0;0;0;0;0;0;0;3186;0;0;126;0;122;0;
14172;5803855;1215143936;21688320;1401237504;0;0;0;0;0;0;0;0;0;0;0;2625;0;0;126;0;122;0;
14173;2836850;1215143936;21688320;1401237504;0;0;0;0;0;0;0;0;0;0;0;3186;0;0;126;0;122;0;
14174;5552002;1215143936;21688320;1401237504;0;0;0;0;0;0;0;0;0;0;0;8336;0;0;126;0;122;0;
14175;3952161;1215143936;21688320;1401237504;0;0;0;0;0;0;0;0;0;0;0;3747;0;0;126;0;122;0;
14176;7222655;1215143936;21692416;1401241600;0;0;0;0;0;0;0;0;0;0;0;3036;0;0;126;0;122;0;
14177;3291503;1215143936;21696512;1401245696;0;0;0;0;0;0;0;0;0;0;0;3166;0;0;126;0;122;0;
14178;4581883;1215143936;21696512;1401245696;0;0;0;0;0;0;0;0;0;0;0;1663;0;0;126;0;122;0;
14179;3996344;1215143936;21696512;1401245696;0;0;0;0;0;0;0;0;0;0;0;3066;0;0;126;0;122;0;
14180;5068396;1215143936;21696512;1401245696;0;0;0;0;0;0;0;0;0;0;0;2344;0;0;126;0;122;0;
14181;4689315;1215143936;21696512;1401245696;0;0;0;0;0;0;0;0;0;0;0;3837;0;0;126;0;122;0;
14182;6564431;1215143936;21696512;1401245696;0;0;0;0;0;0;0;0;0;0;0;3226;0;0;126;0;122;0;
14183;4973598;1215238144;21688320;1401237504;0;0;0;0;0;0;0;0;0;0;0;3907;0;0;126;0;122;0;
14184;5776253;1215238144;21688320;1401237504;0;0;0;0;0;0;0;0;0;0;0;2535;0;0;126;0;122;0;
14185;3714967;1215238144;21688320;1401237504;0;0;0;0;0;0;0;0;0;0;0;3617;0;0;126;0;122;0;
14186;6713400;1215238144;21688320;1401237504;0;0;0;0;0;0;0;0;0;0;0;3307;0;0;126;0;122;0;
14187;4597061;1208864768;14360576;1393909760;0;0;0;0;0;0;0;0;0;0;0;3627;0;0;126;0;122;0;
14188;6669558;1208864768;14360576;1393909760;0;0;0;0;0;0;0;0;0;0;0;3547;0;0;126;0;122;0;
14189;4603723;1208864768;14360576;1393909760;0;0;0;0;0;0;0;0;0;0;0;3436;0;0;126;0;122;0;
14190;6222590;1208864768;14360576;1393909760;0;0;0;0;0;0;0;0;0;0;0;2715;0;0;126;0;122;0;
14191;5962282;1208864768;14360576;1393909760;0;0;0;0;0;0;0;0;0;0;0;3778;0;0;126;0;122;0;
14192;5987148;1213059072;21688320;1401237504;0;0;0;0;0;0;0;0;0;0;0;3366;0;0;126;0;122;0;
14193;4908005;1215156224;21688320;1401237504;0;0;0;0;0;0;0;0;0;0;0;3707;0;0;126;0;122;0;
14194;6193546;1215156224;21688320;1401237504;0;0;0;0;0;0;0;0;0;0;0;2013;0;0;126;0;122;0;
14195;3815034;1215156224;21688320;1401237504;0;0;0;0;0;0;0;0;0;0;0;3446;0;0;126;0;122;0;
14196;6158349;1215156224;21688320;1401237504;0;0;0;0;0;0;0;0;0;0;0;2435;0;0;126;0;122;0;
14197;4450707;1215156224;21688320;1401237504;0;0;0;0;0;0;0;0;0;0;0;4288;0;0;126;0;122;0;
14198;6288433;1215156224;21688320;1401237504;0;0;0;0;0;0;0;0;0;0;0;2254;0;0;126;0;122;0;
14199;3819754;1215156224;21688320;1401237504;0;0;0;0;0;0;0;0;0;0;0;3216;0;0;126;0;122;0;
14200;5211283;1215156224;21688320;1401237504;0;0;0;0;0;0;0;0;0;0;0;2214;0;0;126;0;122;0;
14201;4384683;1208877056;14360576;1393909760;0;0;0;0;0;0;0;0;0;0;0;33182;0;0;126;0;122;0;
14202;6384012;1208877056;14360576;1393909760;0;0;0;0;0;0;0;0;0;0;0;2023;0;0;126;0;122;0;
14203;4564470;1208877056;14360576;1393909760;0;0;0;0;0;0;0;0;0;0;0;3757;0;0;126;0;122;0;
14204;6404762;1208877056;14360576;1393909760;0;0;0;0;0;0;0;0;0;0;0;3376;0;0;126;0;122;0;
14205;3586977;1208877056;14360576;1393909760;0;0;0;0;0;0;0;0;0;0;0;2906;0;0;126;0;122;0;
14206;5798224;1208877056;14360576;1393909760;0;0;0;0;0;0;0;0;0;0;0;2895;0;0;126;0;122;0;
14207;4119245;1208877056;14360576;1393909760;0;0;0;0;0;0;0;0;0;0;0;3476;0;0;126;0;122;0;
14208;5617645;1208877056;14360576;1393909760;0;0;0;0;0;0;0;0;0;0;0;2475;0;0;126;0;122;0;
14209;4103727;1208877056;14360576;1393909760;0;0;0;0;0;0;0;0;0;0;0;3326;0;0;126;0;122;0;
14210;5317412;1208877056;14360576;1393909760;0;0;0;0;0;0;0;0;0;0;0;3125;0;0;126;0;122;0;
14211;3086598;1208877056;14360576;1393909760;0;0;0;0;0;0;0;0;0;0;0;2344;0;0;126;0;122;0;
14212;5542465;1208877056;14360576;1393909760;0;0;0;0;0;0;0;0;0;0;0;2515;0;0;126;0;122;0;
14213;3733993;1208877056;14360576;1393909760;0;0;0;0;0;0;0;0;0;0;0;2766;0;0;126;0;122;0;
14214;5887541;1208877056;14360576;1393909760;0;0;0;0;0;0;0;0;0;0;0;2675;0;0;126;0;122;0;
14215;3441053;1208877056;14360576;1393909760;0;0;0;0;0;0;0;0;0;0;0;3055;0;0;126;0;122;0;
14216;6045367;1213071360;21688320;1401237504;0;0;0;0;0;0;0;0;0;0;0;2144;0;0;126;0;122;0;
14217;3405918;1215168512;21688320;1401237504;0;0;0;0;0;0;0;0;0;0;0;2996;0;0;126;0;122;0;
14218;6003458;1215168512;21688320;1401237504;0;0;0;0;0;0;0;0;0;0;0;2845;0;0;126;0;122;0;
14219;3022699;1215168512;21688320;1401237504;0;0;0;0;0;0;0;0;0;0;0;2976;0;0;126;0;122;0;
14220;5073194;1215168512;21688320;1401237504;0;0;0;0;0;0;0;0;0;0;0;3326;0;0;126;0;122;0;
14221;2622278;1215168512;21688320;1401237504;0;0;0;0;0;0;0;0;0;0;0;3086;0;0;126;0;122;0;
14222;5083804;1215168512;21688320;1401237504;0;0;0;0;0;0;0;0;0;0;0;2555;0;0;126;0;122;0;
14223;3157772;1215168512;21688320;1401237504;0;0;0;0;0;0;0;0;0;0;0;3406;0;0;126;0;122;0;
14224;5107268;1215168512;21688320;1401237504;0;0;0;0;0;0;0;0;0;0;0;2445;0;0;126;0;122;0;
14225;3341898;1208889344;14360576;1393909760;0;0;0;0;0;0;0;0;0;0;0;3857;0;0;126;0;122;0;
14226;4670840;1208889344;14360576;1393909760;0;0;0;0;0;0;0;0;0;0;0;2154;0;0;126;0;122;0;
14227;3638724;1208889344;14360576;1393909760;0;0;0;0;0;0;0;0;0;0;0;3467;0;0;126;0;122;0;
14228;5203859;1208889344;14360576;1393909760;0;0;0;0;0;0;0;0;0;0;0;1943;0;0;126;0;122;0;
14229;3760803;1208889344;14360576;1393909760;0;0;0;0;0;0;0;0;0;0;0;3146;0;0;126;0;122;0;
14230;5037888;1208889344;14360576;1393909760;0;0;0;0;0;0;0;0;0;0;0;1693;0;0;126;0;122;0;
14231;4033875;1208889344;14360576;1393909760;0;0;0;0;0;0;0;0;0;0;0;2996;0;0;126;0;122;0;
14232;5153495;1208889344;14360576;1393909760;0;0;0;0;0;0;0;0;0;0;0;1974;0;0;126;0;122;0;
14233;5574805;1208889344;14360576;1393909760;0;0;0;0;0;0;0;0;0;0;0;2796;0;0;126;0;122;0;
14234;5368298;1208889344;14360576;1393909760;0;0;0;0;0;0;0;0;0;0;0;3206;0;0;126;0;122;0;
14235;4729189;1208889344;14360576;1393909760;0;0;0;0;0;0;0;0;0;0;0;3106;0;0;126;0;122;0;
14236;5497871;1208889344;14360576;1393909760;0;0;0;0;0;0;0;0;0;0;0;3096;0;0;126;0;122;0;
14237;2824527;1208889344;14360576;1393909760;0;0;0;0;0;0;0;0;0;0;0;2906;0;0;126;0;122;0;
14238;5670504;1213083648;21688320;1401237504;0;0;0;0;0;0;0;0;0;0;0;4117;0;0;126;0;122;0;
14239;3388484;1215180800;21688320;1401237504;0;0;0;0;0;0;0;0;0;0;0;3146;0;0;126;0;122;0;
14240;4955834;1215180800;21688320;1401237504;0;0;0;0;0;0;0;0;0;0;0;2364;0;0;126;0;122;0;
14241;3191766;1215180800;21688320;1401237504;0;0;0;0;0;0;0;0;0;0;0;3126;0;0;126;0;122;0;
14242;6105490;1215180800;21688320;1401237504;0;0;0;0;0;0;0;0;0;0;0;1603;0;0;126;0;122;0;
14243;2932028;1215180800;21688320;1401237504;0;0;0;0;0;0;0;0;0;0;0;3407;0;0;126;0;122;0;
14244;5097330;1215180800;21688320;1401237504;0;0;0;0;0;0;0;0;0;0;0;2385;0;0;126;0;122;0;
14245;3293316;1215180800;21688320;1401237504;0;0;0;0;0;0;0;0;0;0;0;3677;0;0;126;0;122;0;
14246;10196042;1215180800;21688320;1401237504;0;0;0;0;0;0;0;0;0;0;0;3426;0;0;126;0;122;0;
14247;4580751;1208901632;14360576;1393909760;0;0;0;0;0;0;0;0;0;0;0;3356;0;0;126;0;122;0;
14248;6012275;1208901632;14360576;1393909760;0;0;0;0;0;0;0;0;0;0;0;3076;0;0;126;0;122;0;
14249;3699328;1208901632;14360576;1393909760;0;0;0;0;0;0;0;0;0;0;0;3556;0;0;126;0;122;0;
14250;5924921;1208901632;14360576;1393909760;0;0;0;0;0;0;0;0;0;0;0;3697;0;0;126;0;122;0;
14251;5575696;1208901632;14360576;1393909760;0;0;0;0;0;0;0;0;0;0;0;4128;0;0;126;0;122;0;
14252;5430704;1208901632;14360576;1393909760;0;0;0;0;0;0;0;0;0;0;0;2815;0;0;126;0;122;0;
14253;4402006;1208901632;14360576;1393909760;0;0;0;0;0;0;0;0;0;0;0;3356;0;0;126;0;122;0;
14254;5937525;1208901632;14360576;1393909760;0;0;0;0;0;0;0;0;0;0;0;3066;0;0;126;0;122;0;
14255;4180280;1208901632;14360576;1393909760;0;0;0;0;0;0;0;0;0;0;0;3145;0;0;126;0;122;0;
14256;6328549;1208901632;14360576;1393909760;0;0;0;0;0;0;0;0;0;0;0;3897;0;0;126;0;122;0;
14257;4145485;1208901632;14360576;1393909760;0;0;0;0;0;0;0;0;0;0;0;4599;0;0;126;0;122;0;
14258;4654249;1208901632;14360576;1393909760;0;0;0;0;0;0;0;0;0;0;0;2024;0;0;126;0;122;0;
14259;3364640;1208901632;14360576;1393909760;0;0;0;0;0;0;0;0;0;0;0;3958;0;0;126;0;122;0;
14260;7949749;1208901632;14360576;1393909760;0;0;0;0;0;0;0;0;0;0;0;4248;0;0;126;0;122;0;
14261;3630308;1208901632;14360576;1393909760;0;0;0;0;0;0;0;0;0;0;0;4389;0;0;126;0;122;0;
14262;7542074;1213095936;21688320;1401237504;0;0;0;0;0;0;0;0;0;0;0;3767;0;0;126;0;122;0;
14263;5929800;1215193088;21688320;1401237504;0;0;0;0;0;0;0;0;0;0;0;3186;0;0;126;0;122;0;
14264;6322016;1215193088;21688320;1401237504;0;0;0;0;0;0;0;0;0;0;0;3066;0;0;126;0;122;0;
14265;6359216;1215193088;21688320;1401237504;0;0;0;0;0;0;0;0;0;0;0;3607;0;0;126;0;122;0;
14266;5576889;1215193088;21688320;1401237504;0;0;0;0;0;0;0;0;0;0;0;2194;0;0;126;0;122;0;
14267;5643063;1215193088;21688320;1401237504;0;0;0;0;0;0;0;0;0;0;0;2786;0;0;126;0;122;0;
14268;5811218;1215193088;21688320;1401237504;0;0;0;0;0;0;0;0;0;0;0;2414;0;0;126;0;122;0;
14269;4081674;1215193088;21688320;1401237504;0;0;0;0;0;0;0;0;0;0;0;3386;0;0;126;0;122;0;
14270;6720503;1215193088;21688320;1401237504;0;0;0;0;0;0;0;0;0;0;0;1853;0;0;126;0;122;0;
14271;4173357;1208913920;14360576;1393909760;0;0;0;0;0;0;0;0;0;0;0;2756;0;0;126;0;122;0;
14272;6674437;1208913920;14360576;1393909760;0;0;0;0;0;0;0;0;0;0;0;3847;0;0;126;0;122;0;
14273;3655035;1208913920;14360576;1393909760;0;0;0;0;0;0;0;0;0;0;0;3336;0;0;126;0;122;0;
14274;5924100;1208913920;14360576;1393909760;0;0;0;0;0;0;0;0;0;0;0;2545;0;0;126;0;122;0;
14275;3075087;1208913920;14360576;1393909760;0;0;0;0;0;0;0;0;0;0;0;3617;0;0;126;0;122;0;
14276;6259169;1208913920;14364672;1393913856;0;0;0;0;0;0;0;0;0;0;0;3436;0;0;126;0;122;0;
14277;3503460;1208913920;14368768;1393917952;0;0;0;0;0;0;0;0;0;0;0;3126;0;0;126;0;122;0;
14278;5501808;1213108224;21696512;1401245696;0;0;0;0;0;0;0;0;0;0;0;2856;0;0;126;0;122;0;
14279;3923548;1215205376;21696512;1401245696;0;0;0;0;0;0;0;0;0;0;0;3356;0;0;126;0;122;0;
14280;6287091;1215205376;21696512;1401245696;0;0;0;0;0;0;0;0;0;0;0;3376;0;0;126;0;122;0;
14281;4060375;1215205376;21696512;1401245696;0;0;0;0;0;0;0;0;0;0;0;2806;0;0;126;0;122;0;
14282;5260275;1215205376;21696512;1401245696;0;0;0;0;0;0;0;0;0;0;0;2384;0;0;126;0;122;0;
14283;4732846;1215287296;21688320;1401237504;0;0;0;0;0;0;0;0;0;0;0;3467;0;0;126;0;122;0;
14284;7420787;1215287296;21688320;1401237504;0;0;0;0;0;0;0;0;0;0;0;3256;0;0;126;0;122;0;
14285;3475978;1215287296;21688320;1401237504;0;0;0;0;0;0;0;0;0;0;0;3346;0;0;126;0;122;0;
14286;6250432;1215287296;21688320;1401237504;0;0;0;0;0;0;0;0;0;0;0;3166;0;0;126;0;122;0;
14287;3472432;1215287296;21688320;1401237504;0;0;0;0;0;0;0;0;0;0;0;3376;0;0;126;0;122;0;
14288;5868846;1215287296;21688320;1401237504;0;0;0;0;0;0;0;0;0;0;0;3066;0;0;126;0;122;0;
14289;3383375;1215287296;21688320;1401237504;0;0;0;0;0;0;0;0;0;0;0;3276;0;0;126;0;122;0;
14290;5492581;1215287296;21688320;1401237504;0;0;0;0;0;0;0;0;0;0;0;2394;0;0;126;0;122;0;
14291;3546561;1215287296;21688320;1401237504;0;0;0;0;0;0;0;0;0;0;0;3116;0;0;126;0;122;0;
14292;6269087;1215287296;21688320;1401237504;0;0;0;0;0;0;0;0;0;0;0;1613;0;0;126;0;122;0;
14293;3922316;1208926208;14360576;1393909760;0;0;0;0;0;0;0;0;0;0;0;3526;0;0;126;0;122;0;
14294;5667349;1208926208;14360576;1393909760;0;0;0;0;0;0;0;0;0;0;0;2014;0;0;126;0;122;0;
14295;4057890;1208926208;14360576;1393909760;0;0;0;0;0;0;0;0;0;0;0;2936;0;0;126;0;122;0;
14296;4977876;1208926208;14360576;1393909760;0;0;0;0;0;0;0;0;0;0;0;2004;0;0;126;0;122;0;
14297;4155944;1208926208;14360576;1393909760;0;0;0;0;0;0;0;0;0;0;0;3457;0;0;126;0;122;0;
14298;4704803;1208926208;14360576;1393909760;0;0;0;0;0;0;0;0;0;0;0;2184;0;0;126;0;122;0;
14299;4402847;1208926208;14360576;1393909760;0;0;0;0;0;0;0;0;0;0;0;4268;0;0;126;0;122;0;
14300;5376743;1208926208;14360576;1393909760;0;0;0;0;0;0;0;0;0;0;0;2845;0;0;126;0;122;0;
14301;4562717;1208926208;14360576;1393909760;0;0;0;0;0;0;0;0;0;0;0;3306;0;0;126;0;122;0;
14302;6331865;1208926208;14360576;1393909760;0;0;0;0;0;0;0;0;0;0;0;3246;0;0;126;0;122;0;
14303;3865980;1208926208;14360576;1393909760;0;0;0;0;0;0;0;0;0;0;0;3577;0;0;126;0;122;0;
14304;6124846;1208926208;14360576;1393909760;0;0;0;0;0;0;0;0;0;0;0;4208;0;0;126;0;122;0;
14305;4350018;1208926208;14360576;1393909760;0;0;0;0;0;0;0;0;0;0;0;4098;0;0;126;0;122;0;
14306;6048303;1208926208;14360576;1393909760;0;0;0;0;0;0;0;0;0;0;0;3898;0;0;126;0;122;0;
14307;3882772;1208926208;14360576;1393909760;0;0;0;0;0;0;0;0;0;0;0;3807;0;0;126;0;122;0;
14308;6547379;1213120512;21688320;1401237504;0;0;0;0;0;0;0;0;0;0;0;2815;0;0;126;0;122;0;
14309;4370596;1215217664;21688320;1401237504;0;0;0;0;0;0;0;0;0;0;0;4318;0;0;126;0;122;0;
14310;6035118;1215217664;21688320;1401237504;0;0;0;0;0;0;0;0;0;0;0;4008;0;0;126;0;122;0;
14311;3355733;1215217664;21688320;1401237504;0;0;0;0;0;0;0;0;0;0;0;3346;0;0;126;0;122;0;
14312;5603990;1215217664;21688320;1401237504;0;0;0;0;0;0;0;0;0;0;0;2585;0;0;126;0;122;0;
14313;3081970;1215217664;21688320;1401237504;0;0;0;0;0;0;0;0;0;0;0;2084;0;0;126;0;122;0;
14314;5295952;1215217664;21688320;1401237504;0;0;0;0;0;0;0;0;0;0;0;1923;0;0;126;0;122;0;
14315;3660895;1215217664;21688320;1401237504;0;0;0;0;0;0;0;0;0;0;0;3256;0;0;126;0;122;0;
14316;4745981;1215217664;21688320;1401237504;0;0;0;0;0;0;0;0;0;0;0;2745;0;0;126;0;122;0;
14317;4034837;1208938496;14360576;1393909760;0;0;0;0;0;0;0;0;0;0;0;3196;0;0;126;0;122;0;
14318;5316350;1208938496;14360576;1393909760;0;0;0;0;0;0;0;0;0;0;0;1653;0;0;126;0;122;0;
14319;4091052;1208938496;14360576;1393909760;0;0;0;0;0;0;0;0;0;0;0;3457;0;0;126;0;122;0;
14320;5264803;1208938496;14360576;1393909760;0;0;0;0;0;0;0;0;0;0;0;2074;0;0;126;0;122;0;
14321;3843338;1208938496;14360576;1393909760;0;0;0;0;0;0;0;0;0;0;0;3126;0;0;126;0;122;0;
14322;5488233;1208938496;14360576;1393909760;0;0;0;0;0;0;0;0;0;0;0;2244;0;0;126;0;122;0;
14323;3775510;1208938496;14360576;1393909760;0;0;0;0;0;0;0;0;0;0;0;3627;0;0;126;0;122;0;
14324;5751216;1208938496;14360576;1393909760;0;0;0;0;0;0;0;0;0;0;0;2034;0;0;126;0;122;0;
14325;3393354;1208938496;14360576;1393909760;0;0;0;0;0;0;0;0;0;0;0;3026;0;0;126;0;122;0;
14326;5605773;1208938496;14360576;1393909760;0;0;0;0;0;0;0;0;0;0;0;2044;0;0;126;0;122;0;
14327;3110163;1208938496;14360576;1393909760;0;0;0;0;0;0;0;0;0;0;0;3507;0;0;126;0;122;0;
14328;5243343;1208938496;14360576;1393909760;0;0;0;0;0;0;0;0;0;0;0;2364;0;0;126;0;122;0;
14329;4347313;1208938496;14360576;1393909760;0;0;0;0;0;0;0;0;0;0;0;3807;0;0;126;0;122;0;
14330;5910173;1213132800;21688320;1401237504;0;0;0;0;0;0;0;0;0;0;0;3216;0;0;126;0;122;0;
14331;4192853;1215229952;21688320;1401237504;0;0;0;0;0;0;0;0;0;0;0;3276;0;0;126;0;122;0;
14332;5041194;1215229952;21688320;1401237504;0;0;0;0;0;0;0;0;0;0;0;2083;0;0;126;0;122;0;
14333;4552137;1215229952;21688320;1401237504;0;0;0;0;0;0;0;0;0;0;0;3456;0;0;126;0;122;0;
14334;5871501;1215229952;21688320;1401237504;0;0;0;0;0;0;0;0;0;0;0;2094;0;0;126;0;122;0;
14335;4399050;1215229952;21688320;1401237504;0;0;0;0;0;0;0;0;0;0;0;3657;0;0;126;0;122;0;
14336;10855018;1215229952;21688320;1401237504;0;0;0;0;0;0;0;0;0;0;0;1744;0;0;126;0;122;0;
14337;5377345;1215229952;21688320;1401237504;0;0;0;0;0;0;0;0;0;0;0;3627;0;0;126;0;122;0;
14338;5423912;1215229952;21688320;1401237504;0;0;0;0;0;0;0;0;0;0;0;2806;0;0;126;0;122;0;
14339;4797377;1208950784;14360576;1393909760;0;0;0;0;0;0;0;0;0;0;0;2876;0;0;126;0;122;0;
14340;5396010;1208950784;14360576;1393909760;0;0;0;0;0;0;0;0;0;0;0;2966;0;0;126;0;122;0;
14341;5206625;1208950784;14360576;1393909760;0;0;0;0;0;0;0;0;0;0;0;3447;0;0;126;0;122;0;
14342;5739193;1208950784;14360576;1393909760;0;0;0;0;0;0;0;0;0;0;0;3106;0;0;126;0;122;0;
14343;4854364;1208950784;14360576;1393909760;0;0;0;0;0;0;0;0;0;0;0;3276;0;0;126;0;122;0;
14344;5600102;1208950784;14360576;1393909760;0;0;0;0;0;0;0;0;0;0;0;2735;0;0;126;0;122;0;
14345;4399481;1208950784;14360576;1393909760;0;0;0;0;0;0;0;0;0;0;0;3396;0;0;126;0;122;0;
14346;5602066;1208950784;14360576;1393909760;0;0;0;0;0;0;0;0;0;0;0;3406;0;0;126;0;122;0;
14347;4904889;1208950784;14360576;1393909760;0;0;0;0;0;0;0;0;0;0;0;3406;0;0;126;0;122;0;
14348;5964686;1208950784;14360576;1393909760;0;0;0;0;0;0;0;0;0;0;0;4990;0;0;126;0;122;0;
14349;4303231;1208950784;14360576;1393909760;0;0;0;0;0;0;0;0;0;0;0;3256;0;0;126;0;122;0;
14350;5515825;1208950784;14360576;1393909760;0;0;0;0;0;0;0;0;0;0;0;3356;0;0;126;0;122;0;
14351;4604054;1208950784;14360576;1393909760;0;0;0;0;0;0;0;0;0;0;0;3366;0;0;126;0;122;0;
14352;6833396;1208950784;14360576;1393909760;0;0;0;0;0;0;0;0;0;0;0;2845;0;0;126;0;122;0;
14353;5637081;1208950784;14360576;1393909760;0;0;0;0;0;0;0;0;0;0;0;3997;0;0;126;0;122;0;
14354;7024112;1213145088;21688320;1401237504;0;0;0;0;0;0;0;0;0;0;0;3988;0;0;126;0;122;0;
14355;5997167;1215242240;21688320;1401237504;0;0;0;0;0;0;0;0;0;0;0;4759;0;0;126;0;122;0;
14356;5769089;1215242240;21688320;1401237504;0;0;0;0;0;0;0;0;0;0;0;2685;0;0;126;0;122;0;
14357;4666652;1215242240;21688320;1401237504;0;0;0;0;0;0;0;0;0;0;0;3216;0;0;126;0;122;0;
14358;4730752;1215242240;21688320;1401237504;0;0;0;0;0;0;0;0;0;0;0;2275;0;0;126;0;122;0;
14359;5903221;1215242240;21688320;1401237504;0;0;0;0;0;0;0;0;0;0;0;3667;0;0;126;0;122;0;
14360;5035263;1215242240;21688320;1401237504;0;0;0;0;0;0;0;0;0;0;0;2044;0;0;126;0;122;0;
14361;4159430;1215242240;21688320;1401237504;0;0;0;0;0;0;0;0;0;0;0;2955;0;0;126;0;122;0;
14362;6726595;1215242240;21688320;1401237504;0;0;0;0;0;0;0;0;0;0;0;2264;0;0;126;0;122;0;
14363;5456393;1208963072;14360576;1393909760;0;0;0;0;0;0;0;0;0;0;0;3126;0;0;126;0;122;0;
14364;5892751;1208963072;14360576;1393909760;0;0;0;0;0;0;0;0;0;0;0;2855;0;0;126;0;122;0;
14365;6113635;1208963072;14360576;1393909760;0;0;0;0;0;0;0;0;0;0;0;3637;0;0;126;0;122;0;
14366;5426206;1208963072;14360576;1393909760;0;0;0;0;0;0;0;0;0;0;0;2425;0;0;126;0;122;0;
14367;4375235;1208963072;14360576;1393909760;0;0;0;0;0;0;0;0;0;0;0;3356;0;0;126;0;122;0;
14368;5680403;1208963072;14360576;1393909760;0;0;0;0;0;0;0;0;0;0;0;2495;0;0;126;0;122;0;
14369;5693648;1208963072;14360576;1393909760;0;0;0;0;0;0;0;0;0;0;0;3125;0;0;126;0;122;0;
14370;6650081;1208963072;14360576;1393909760;0;0;0;0;0;0;0;0;0;0;0;2245;0;0;126;0;122;0;
14371;5133247;1208963072;14360576;1393909760;0;0;0;0;0;0;0;0;0;0;0;3076;0;0;126;0;122;0;
14372;4865134;1208963072;14360576;1393909760;0;0;0;0;0;0;0;0;0;0;0;1924;0;0;126;0;122;0;
14373;4361740;1208963072;14360576;1393909760;0;0;0;0;0;0;0;0;0;0;0;3436;0;0;126;0;122;0;
14374;5727301;1208963072;14364672;1393913856;0;0;0;0;0;0;0;0;0;0;0;3206;0;0;126;0;122;0;
14375;4259999;1208963072;14368768;1393917952;0;0;0;0;0;0;0;0;0;0;0;3247;0;0;126;0;122;0;
14376;6274587;1208963072;14368768;1393917952;0;0;0;0;0;0;0;0;0;0;0;3116;0;0;126;0;122;0;
14377;5130862;1208963072;14368768;1393917952;0;0;0;0;0;0;0;0;0;0;0;3396;0;0;126;0;122;0;
14378;7265936;1213157376;21696512;1401245696;0;0;0;0;0;0;0;0;0;0;0;2444;0;0;126;0;122;0;
14379;5430375;1215254528;21696512;1401245696;0;0;0;0;0;0;0;0;0;0;0;3236;0;0;126;0;122;0;
14380;5983381;1215254528;21696512;1401245696;0;0;0;0;0;0;0;0;0;0;0;2355;0;0;126;0;122;0;
14381;5344002;1215340544;21688320;1401237504;0;0;0;0;0;0;0;0;0;0;0;2876;0;0;126;0;122;0;
14382;5015646;1215340544;21688320;1401237504;0;0;0;0;0;0;0;0;0;0;0;1813;0;0;126;0;122;0;
14383;5116125;1215340544;21688320;1401237504;0;0;0;0;0;0;0;0;0;0;0;2835;0;0;126;0;122;0;
14384;4372721;1215340544;21688320;1401237504;0;0;0;0;0;0;0;0;0;0;0;2274;0;0;126;0;122;0;
14385;4524134;1215340544;21688320;1401237504;0;0;0;0;0;0;0;0;0;0;0;3407;0;0;126;0;122;0;
14386;5716190;1215340544;21688320;1401237504;0;0;0;0;0;0;0;0;0;0;0;2946;0;0;126;0;122;0;
14387;4046068;1208975360;14360576;1393909760;0;0;0;0;0;0;0;0;0;0;0;2836;0;0;126;0;122;0;
14388;5386943;1208975360;14360576;1393909760;0;0;0;0;0;0;0;0;0;0;0;3246;0;0;126;0;122;0;
14389;3073855;1208975360;14360576;1393909760;0;0;0;0;0;0;0;0;0;0;0;2965;0;0;126;0;122;0;
14390;4660280;1208975360;14360576;1393909760;0;0;0;0;0;0;0;0;0;0;0;3046;0;0;126;0;122;0;
14391;4438333;1208975360;14360576;1393909760;0;0;0;0;0;0;0;0;0;0;0;3667;0;0;126;0;122;0;
14392;4621748;1208975360;14360576;1393909760;0;0;0;0;0;0;0;0;0;0;0;1723;0;0;126;0;122;0;
14393;4048723;1208975360;14360576;1393909760;0;0;0;0;0;0;0;0;0;0;0;3085;0;0;126;0;122;0;
14394;7615242;1208975360;14360576;1393909760;0;0;0;0;0;0;0;0;0;0;0;3196;0;0;126;0;122;0;
14395;4569490;1208975360;14360576;1393909760;0;0;0;0;0;0;0;0;0;0;0;3096;0;0;126;0;122;0;
14396;6271972;1208975360;14360576;1393909760;0;0;0;0;0;0;0;0;0;0;0;3326;0;0;126;0;122;0;
14397;4652165;1208975360;14360576;1393909760;0;0;0;0;0;0;0;0;0;0;0;3346;0;0;126;0;122;0;
14398;6186212;1208975360;14360576;1393909760;0;0;0;0;0;0;0;0;0;0;0;2655;0;0;126;0;122;0;
14399;4836120;1208975360;14360576;1393909760;0;0;0;0;0;0;0;0;0;0;0;3216;0;0;126;0;122;0;
14400;6930918;1213169664;21688320;1401237504;0;0;0;0;0;0;0;0;0;0;0;2915;0;0;126;0;122;0;
14401;5552133;1215266816;21688320;1401237504;0;0;0;0;0;0;0;0;0;0;0;3036;0;0;126;0;122;0;
14402;5306732;1215266816;21688320;1401237504;0;0;0;0;0;0;0;0;0;0;0;2705;0;0;126;0;122;0;
14403;3618146;1215266816;21688320;1401237504;0;0;0;0;0;0;0;0;0;0;0;2876;0;0;126;0;122;0;
14404;6962217;1215266816;21688320;1401237504;0;0;0;0;0;0;0;0;0;0;0;2004;0;0;126;0;122;0;
14405;4524405;1215266816;21688320;1401237504;0;0;0;0;0;0;0;0;0;0;0;2915;0;0;126;0;122;0;
14406;6032724;1215266816;21688320;1401237504;0;0;0;0;0;0;0;0;0;0;0;3337;0;0;126;0;122;0;
14407;4655531;1215266816;21688320;1401237504;0;0;0;0;0;0;0;0;0;0;0;3717;0;0;126;0;122;0;
14408;5541613;1215266816;21688320;1401237504;0;0;0;0;0;0;0;0;0;0;0;2725;0;0;126;0;122;0;
14409;4704362;1208987648;14360576;1393909760;0;0;0;0;0;0;0;0;0;0;0;3015;0;0;126;0;122;0;
14410;6221076;1208987648;14360576;1393909760;0;0;0;0;0;0;0;0;0;0;0;3025;0;0;126;0;122;0;
14411;5020085;1208987648;14360576;1393909760;0;0;0;0;0;0;0;0;0;0;0;2675;0;0;126;0;122;0;
14412;5852015;1208987648;14360576;1393909760;0;0;0;0;0;0;0;0;0;0;0;2755;0;0;126;0;122;0;
14413;4896223;1208987648;14360576;1393909760;0;0;0;0;0;0;0;0;0;0;0;3486;0;0;126;0;122;0;
14414;6279537;1208987648;14360576;1393909760;0;0;0;0;0;0;0;0;0;0;0;3226;0;0;126;0;122;0;
14415;4224071;1208987648;14360576;1393909760;0;0;0;0;0;0;0;0;0;0;0;3707;0;0;126;0;122;0;
14416;6622760;1208987648;14360576;1393909760;0;0;0;0;0;0;0;0;0;0;0;2975;0;0;126;0;122;0;
14417;4972705;1208987648;14360576;1393909760;0;0;0;0;0;0;0;0;0;0;0;3136;0;0;126;0;122;0;
14418;6606559;1208987648;14360576;1393909760;0;0;0;0;0;0;0;0;0;0;0;3135;0;0;126;0;122;0;
14419;3181797;1208987648;14360576;1393909760;0;0;0;0;0;0;0;0;0;0;0;3437;0;0;126;0;122;0;
14420;6916241;1208987648;14360576;1393909760;0;0;0;0;0;0;0;0;0;0;0;3307;0;0;126;0;122;0;
14421;3493241;1208987648;14360576;1393909760;0;0;0;0;0;0;0;0;0;0;0;3406;0;0;126;0;122;0;
14422;6278364;1208987648;14360576;1393909760;0;0;0;0;0;0;0;0;0;0;0;3025;0;0;126;0;122;0;
14423;5144838;1208987648;14360576;1393909760;0;0;0;0;0;0;0;0;0;0;0;3356;0;0;126;0;122;0;
14424;8068121;1213181952;21688320;1401237504;0;0;0;0;0;0;0;0;0;0;0;3556;0;0;126;0;122;0;
14425;5851714;1215279104;21688320;1401237504;0;0;0;0;0;0;0;0;0;0;0;3016;0;0;126;0;122;0;
14426;6162297;1215279104;21688320;1401237504;0;0;0;0;0;0;0;0;0;0;0;3015;0;0;126;0;122;0;
14427;4466016;1215279104;21688320;1401237504;0;0;0;0;0;0;0;0;0;0;0;3056;0;0;126;0;122;0;
14428;5258291;1215279104;21688320;1401237504;0;0;0;0;0;0;0;0;0;0;0;1613;0;0;126;0;122;0;
14429;3697194;1215279104;21688320;1401237504;0;0;0;0;0;0;0;0;0;0;0;2013;0;0;126;0;122;0;
14430;4363072;1215279104;21688320;1401237504;0;0;0;0;0;0;0;0;0;0;0;1733;0;0;126;0;122;0;
14431;4368683;1215279104;21688320;1401237504;0;0;0;0;0;0;0;0;0;0;0;3656;0;0;126;0;122;0;
14432;6079512;1215279104;21688320;1401237504;0;0;0;0;0;0;0;0;0;0;0;2534;0;0;126;0;122;0;
14433;5010777;1208999936;14360576;1393909760;0;0;0;0;0;0;0;0;0;0;0;3767;0;0;126;0;122;0;
14434;7326029;1208999936;14360576;1393909760;0;0;0;0;0;0;0;0;0;0;0;2715;0;0;126;0;122;0;
14435;3685602;1208999936;14360576;1393909760;0;0;0;0;0;0;0;0;0;0;0;2675;0;0;126;0;122;0;
14436;5691794;1208999936;14360576;1393909760;0;0;0;0;0;0;0;0;0;0;0;2915;0;0;126;0;122;0;
14437;5728753;1208999936;14360576;1393909760;0;0;0;0;0;0;0;0;0;0;0;3517;0;0;126;0;122;0;
14438;5380270;1208999936;14360576;1393909760;0;0;0;0;0;0;0;0;0;0;0;2334;0;0;126;0;122;0;
14439;3534138;1208999936;14360576;1393909760;0;0;0;0;0;0;0;0;0;0;0;4258;0;0;126;0;122;0;
14440;4787478;1208999936;14360576;1393909760;0;0;0;0;0;0;0;0;0;0;0;1814;0;0;126;0;122;0;
14441;4240182;1208999936;14360576;1393909760;0;0;0;0;0;0;0;0;0;0;0;3066;0;0;126;0;122;0;
14442;4614154;1208999936;14360576;1393909760;0;0;0;0;0;0;0;0;0;0;0;2013;0;0;126;0;122;0;
14443;4877768;1208999936;14360576;1393909760;0;0;0;0;0;0;0;0;0;0;0;3156;0;0;126;0;122;0;
14444;4974740;1208999936;14360576;1393909760;0;0;0;0;0;0;0;0;0;0;0;2154;0;0;126;0;122;0;
14445;4921610;1208999936;14360576;1393909760;0;0;0;0;0;0;0;0;0;0;0;3006;0;0;126;0;122;0;
14446;6630214;1213194240;21688320;1401237504;0;0;0;0;0;0;0;0;0;0;0;2344;0;0;126;0;122;0;
14447;6392237;1215291392;21688320;1401237504;0;0;0;0;0;0;0;0;0;0;0;3517;0;0;126;0;122;0;
14448;5747819;1215291392;21688320;1401237504;0;0;0;0;0;0;0;0;0;0;0;2755;0;0;126;0;122;0;
14449;4067758;1215291392;21688320;1401237504;0;0;0;0;0;0;0;0;0;0;0;3597;0;0;126;0;122;0;
14450;6129966;1215291392;21688320;1401237504;0;0;0;0;0;0;0;0;0;0;0;1823;0;0;126;0;122;0;
14451;4391175;1215291392;21688320;1401237504;0;0;0;0;0;0;0;0;0;0;0;3095;0;0;126;0;122;0;
14452;7710170;1215291392;21688320;1401237504;0;0;0;0;0;0;0;0;0;0;0;2605;0;0;126;0;122;0;
14453;4072348;1215291392;21688320;1401237504;0;0;0;0;0;0;0;0;0;0;0;2805;0;0;126;0;122;0;
14454;5907259;1215291392;21688320;1401237504;0;0;0;0;0;0;0;0;0;0;0;2054;0;0;126;0;122;0;
14455;4288061;1209012224;14360576;1393909760;0;0;0;0;0;0;0;0;0;0;0;2935;0;0;126;0;122;0;
14456;6270029;1209012224;14360576;1393909760;0;0;0;0;0;0;0;0;0;0;0;2465;0;0;126;0;122;0;
14457;4902103;1209012224;14360576;1393909760;0;0;0;0;0;0;0;0;0;0;0;36659;0;0;126;0;122;0;
14458;5889706;1209012224;14360576;1393909760;0;0;0;0;0;0;0;0;0;0;0;3166;0;0;126;0;122;0;
14459;3551350;1209012224;14360576;1393909760;0;0;0;0;0;0;0;0;0;0;0;2976;0;0;126;0;122;0;
14460;5478424;1209012224;14360576;1393909760;0;0;0;0;0;0;0;0;0;0;0;1773;0;0;126;0;122;0;
14461;3851523;1209012224;14360576;1393909760;0;0;0;0;0;0;0;0;0;0;0;3226;0;0;126;0;122;0;
14462;6187675;1209012224;14360576;1393909760;0;0;0;0;0;0;0;0;0;0;0;2745;0;0;126;0;122;0;
14463;4219884;1209012224;14360576;1393909760;0;0;0;0;0;0;0;0;0;0;0;2675;0;0;126;0;122;0;
14464;7943497;1209012224;14360576;1393909760;0;0;0;0;0;0;0;0;0;0;0;2785;0;0;126;0;122;0;
14465;4081644;1209012224;14360576;1393909760;0;0;0;0;0;0;0;0;0;0;0;2896;0;0;126;0;122;0;
14466;6773804;1209012224;14360576;1393909760;0;0;0;0;0;0;0;0;0;0;0;2715;0;0;126;0;122;0;
14467;3909241;1209012224;14360576;1393909760;0;0;0;0;0;0;0;0;0;0;0;2655;0;0;126;0;122;0;
14468;6545836;1209012224;14360576;1393909760;0;0;0;0;0;0;0;0;0;0;0;3166;0;0;126;0;122;0;
14469;3653752;1209012224;14360576;1393909760;0;0;0;0;0;0;0;0;0;0;0;2535;0;0;126;0;122;0;
14470;6309964;1213206528;21688320;1401237504;0;0;0;0;0;0;0;0;0;0;0;3126;0;0;126;0;122;0;
14471;4112823;1215303680;21688320;1401237504;0;0;0;0;0;0;0;0;0;0;0;2936;0;0;126;0;122;0;
14472;7033320;1215303680;21688320;1401237504;0;0;0;0;0;0;0;0;0;0;0;2996;0;0;126;0;122;0;
14473;4821002;1215303680;21688320;1401237504;0;0;0;0;0;0;0;0;0;0;0;3677;0;0;126;0;122;0;
14474;6506392;1215303680;21688320;1401237504;0;0;0;0;0;0;0;0;0;0;0;3086;0;0;126;0;122;0;
14475;4517923;1215303680;21688320;1401237504;0;0;0;0;0;0;0;0;0;0;0;3627;0;0;126;0;122;0;
14476;5734094;1215303680;21688320;1401237504;0;0;0;0;0;0;0;0;0;0;0;2454;0;0;126;0;122;0;
14477;5540741;1215303680;21688320;1401237504;0;0;0;0;0;0;0;0;0;0;0;2846;0;0;126;0;122;0;
14478;6639542;1215303680;21688320;1401237504;0;0;0;0;0;0;0;0;0;0;0;2104;0;0;126;0;122;0;
14479;5506026;1209024512;14360576;1393909760;0;0;0;0;0;0;0;0;0;0;0;3446;0;0;126;0;122;0;
14480;7325047;1209024512;14360576;1393909760;0;0;0;0;0;0;0;0;0;0;0;3026;0;0;126;0;122;0;
14481;5421919;1209024512;14360576;1393909760;0;0;0;0;0;0;0;0;0;0;0;3356;0;0;126;0;122;0;
14482;6284636;1209024512;14360576;1393909760;0;0;0;0;0;0;0;0;0;0;0;2455;0;0;126;0;122;0;
14483;5571799;1209024512;14360576;1393909760;0;0;0;0;0;0;0;0;0;0;0;2966;0;0;126;0;122;0;
14484;5546512;1209024512;14360576;1393909760;0;0;0;0;0;0;0;0;0;0;0;2154;0;0;126;0;122;0;
14485;4893637;1209024512;14360576;1393909760;0;0;0;0;0;0;0;0;0;0;0;3055;0;0;126;0;122;0;
14486;7040093;1209024512;14360576;1393909760;0;0;0;0;0;0;0;0;0;0;0;2494;0;0;126;0;122;0;
14487;4520548;1209024512;14360576;1393909760;0;0;0;0;0;0;0;0;0;0;0;31750;0;0;126;0;122;0;
14488;6926209;1209024512;14360576;1393909760;0;0;0;0;0;0;0;0;0;0;0;2585;0;0;126;0;122;0;
14489;4016061;1209024512;14360576;1393909760;0;0;0;0;0;0;0;0;0;0;0;2835;0;0;126;0;122;0;
14490;6831813;1209024512;14360576;1393909760;0;0;0;0;0;0;0;0;0;0;0;3427;0;0;126;0;122;0;
14491;5976338;1209024512;14360576;1393909760;0;0;0;0;0;0;0;0;0;0;0;2935;0;0;126;0;122;0;
14492;7961531;1213218816;21688320;1401237504;0;0;0;0;0;0;0;0;0;0;0;2705;0;0;126;0;122;0;
14493;5150830;1215315968;21688320;1401237504;0;0;0;0;0;0;0;0;0;0;0;3085;0;0;126;0;122;0;
14494;6495461;1215315968;21688320;1401237504;0;0;0;0;0;0;0;0;0;0;0;3116;0;0;126;0;122;0;
14495;6143772;1215315968;21688320;1401237504;0;0;0;0;0;0;0;0;0;0;0;3917;0;0;126;0;122;0;
14496;6738727;1215315968;21688320;1401237504;0;0;0;0;0;0;0;0;0;0;0;2796;0;0;126;0;122;0;
14497;8053634;1215315968;21688320;1401237504;0;0;0;0;0;0;0;0;0;0;0;3085;0;0;126;0;122;0;
14498;4679867;1215315968;21688320;1401237504;0;0;0;0;0;0;0;0;0;0;0;1663;0;0;126;0;122;0;
14499;4764125;1215315968;21688320;1401237504;0;0;0;0;0;0;0;0;0;0;0;2936;0;0;126;0;122;0;
14500;6359076;1215315968;21688320;1401237504;0;0;0;0;0;0;0;0;0;0;0;1653;0;0;126;0;122;0;
14501;4166524;1209036800;14360576;1393909760;0;0;0;0;0;0;0;0;0;0;0;3266;0;0;126;0;122;0;
14502;6681791;1209036800;14360576;1393909760;0;0;0;0;0;0;0;0;0;0;0;2645;0;0;126;0;122;0;
14503;4360458;1209036800;14360576;1393909760;0;0;0;0;0;0;0;0;0;0;0;3266;0;0;126;0;122;0;
14504;6873110;1209036800;14360576;1393909760;0;0;0;0;0;0;0;0;0;0;0;3136;0;0;126;0;122;0;
14505;5145079;1209036800;14360576;1393909760;0;0;0;0;0;0;0;0;0;0;0;3035;0;0;126;0;122;0;
14506;5574585;1209036800;14360576;1393909760;0;0;0;0;0;0;0;0;0;0;0;2014;0;0;126;0;122;0;
14507;4859183;1209036800;14360576;1393909760;0;0;0;0;0;0;0;0;0;0;0;3357;0;0;126;0;122;0;
14508;5062354;1209036800;14360576;1393909760;0;0;0;0;0;0;0;0;0;0;0;2444;0;0;126;0;122;0;
14509;4888077;1209036800;14360576;1393909760;0;0;0;0;0;0;0;0;0;0;0;3327;0;0;126;0;122;0;
14510;4997312;1209036800;14360576;1393909760;0;0;0;0;0;0;0;0;0;0;0;2575;0;0;126;0;122;0;
14511;4697169;1209036800;14360576;1393909760;0;0;0;0;0;0;0;0;0;0;0;2845;0;0;126;0;122;0;
14512;5456272;1209036800;14360576;1393909760;0;0;0;0;0;0;0;0;0;0;0;1914;0;0;126;0;122;0;
14513;3810436;1209036800;14360576;1393909760;0;0;0;0;0;0;0;0;0;0;0;3126;0;0;126;0;122;0;
14514;7932046;1209036800;14360576;1393909760;0;0;0;0;0;0;0;0;0;0;0;3637;0;0;126;0;122;0;
14515;4236525;1209036800;14360576;1393909760;0;0;0;0;0;0;0;0;0;0;0;3717;0;0;126;0;122;0;
14516;7920895;1213231104;21688320;1401237504;0;0;0;0;0;0;0;0;0;0;0;3086;0;0;126;0;122;0;
14517;4674527;1215328256;21688320;1401237504;0;0;0;0;0;0;0;0;0;0;0;3016;0;0;126;0;122;0;
14518;9133770;1215328256;21688320;1401237504;0;0;0;0;0;0;0;0;0;0;0;44314;0;0;126;0;122;0;
14519;12220077;1215328256;21688320;1401237504;0;0;0;0;0;0;0;0;0;0;0;3727;0;0;126;0;122;0;
14520;7469358;1215328256;21688320;1401237504;0;0;0;0;0;0;0;0;0;0;0;2755;0;0;126;0;122;0;
14521;4324310;1215328256;21688320;1401237504;0;0;0;0;0;0;0;0;0;0;0;2995;0;0;126;0;122;0;
14522;6332125;1215328256;21688320;1401237504;0;0;0;0;0;0;0;0;0;0;0;2445;0;0;126;0;122;0;
14523;3625359;1215328256;21688320;1401237504;0;0;0;0;0;0;0;0;0;0;0;3887;0;0;126;0;122;0;
14524;6709493;1215328256;21688320;1401237504;0;0;0;0;0;0;0;0;0;0;0;2224;0;0;126;0;122;0;
14525;3996655;1209049088;14360576;1393909760;0;0;0;0;0;0;0;0;0;0;0;3106;0;0;126;0;122;0;
14526;6258517;1209049088;14360576;1393909760;0;0;0;0;0;0;0;0;0;0;0;3176;0;0;126;0;122;0;
14527;4742484;1209049088;14360576;1393909760;0;0;0;0;0;0;0;0;0;0;0;3557;0;0;126;0;122;0;
14528;6957057;1209049088;14360576;1393909760;0;0;0;0;0;0;0;0;0;0;0;2405;0;0;126;0;122;0;
14529;3841034;1209049088;14360576;1393909760;0;0;0;0;0;0;0;0;0;0;0;3526;0;0;126;0;122;0;
14530;6701358;1209049088;14360576;1393909760;0;0;0;0;0;0;0;0;0;0;0;3797;0;0;126;0;122;0;
14531;2997452;1209049088;14360576;1393909760;0;0;0;0;0;0;0;0;0;0;0;2805;0;0;126;0;122;0;
14532;5255406;1209049088;14360576;1393909760;0;0;0;0;0;0;0;0;0;0;0;2685;0;0;126;0;122;0;
14533;3538266;1209049088;14360576;1393909760;0;0;0;0;0;0;0;0;0;0;0;2655;0;0;126;0;122;0;
14534;5770512;1209049088;14360576;1393909760;0;0;0;0;0;0;0;0;0;0;0;3016;0;0;126;0;122;0;
14535;3165867;1209049088;14360576;1393909760;0;0;0;0;0;0;0;0;0;0;0;3617;0;0;126;0;122;0;
14536;4323297;1209049088;14360576;1393909760;0;0;0;0;0;0;0;0;0;0;0;2284;0;0;126;0;122;0;
14537;3212785;1209049088;14360576;1393909760;0;0;0;0;0;0;0;0;0;0;0;2805;0;0;126;0;122;0;
14538;5516806;1213243392;21688320;1401237504;0;0;0;0;0;0;0;0;0;0;0;2374;0;0;126;0;122;0;
14539;2953649;1215340544;21688320;1401237504;0;0;0;0;0;0;0;0;0;0;0;3076;0;0;126;0;122;0;
14540;4716616;1215340544;21688320;1401237504;0;0;0;0;0;0;0;0;0;0;0;1894;0;0;126;0;122;0;
14541;3586416;1215340544;21688320;1401237504;0;0;0;0;0;0;0;0;0;0;0;2826;0;0;126;0;122;0;
14542;5682808;1215340544;21688320;1401237504;0;0;0;0;0;0;0;0;0;0;0;2765;0;0;126;0;122;0;
14543;3593930;1215340544;21688320;1401237504;0;0;0;0;0;0;0;0;0;0;0;2815;0;0;126;0;122;0;
14544;5469458;1215340544;21688320;1401237504;0;0;0;0;0;0;0;0;0;0;0;2375;0;0;126;0;122;0;
14545;3187528;1215340544;21688320;1401237504;0;0;0;0;0;0;0;0;0;0;0;2835;0;0;126;0;122;0;
14546;5118249;1215340544;21688320;1401237504;0;0;0;0;0;0;0;0;0;0;0;2414;0;0;126;0;122;0;
14547;3366944;1209061376;14360576;1393909760;0;0;0;0;0;0;0;0;0;0;0;3376;0;0;126;0;122;0;
14548;4509557;1209061376;14360576;1393909760;0;0;0;0;0;0;0;0;0;0;0;1733;0;0;126;0;122;0;
14549;3376251;1209061376;14360576;1393909760;0;0;0;0;0;0;0;0;0;0;0;2996;0;0;126;0;122;0;
14550;5079596;1209061376;14360576;1393909760;0;0;0;0;0;0;0;0;0;0;0;2144;0;0;126;0;122;0;
14551;3116545;1209061376;14360576;1393909760;0;0;0;0;0;0;0;0;0;0;0;2605;0;0;126;0;122;0;
14552;4333247;1209061376;14360576;1393909760;0;0;0;0;0;0;0;0;0;0;0;1573;0;0;126;0;122;0;
14553;3416327;1209061376;14360576;1393909760;0;0;0;0;0;0;0;0;0;0;0;3337;0;0;126;0;122;0;
14554;4915148;1209061376;14360576;1393909760;0;0;0;0;0;0;0;0;0;0;0;1853;0;0;126;0;122;0;
14555;3626080;1209061376;14360576;1393909760;0;0;0;0;0;0;0;0;0;0;0;3156;0;0;126;0;122;0;
14556;5010627;1209061376;14360576;1393909760;0;0;0;0;0;0;0;0;0;0;0;1683;0;0;126;0;122;0;
14557;3856552;1209061376;14360576;1393909760;0;0;0;0;0;0;0;0;0;0;0;3056;0;0;126;0;122;0;
14558;4689965;1209061376;14360576;1393909760;0;0;0;0;0;0;0;0;0;0;0;1683;0;0;126;0;122;0;
14559;4074011;1209061376;14360576;1393909760;0;0;0;0;0;0;0;0;0;0;0;2645;0;0;126;0;122;0;
14560;5916536;1209061376;14360576;1393909760;0;0;0;0;0;0;0;0;0;0;0;1843;0;0;126;0;122;0;
14561;3906687;1209061376;14360576;1393909760;0;0;0;0;0;0;0;0;0;0;0;2675;0;0;126;0;122;0;
14562;5215101;1213255680;21688320;1401237504;0;0;0;0;0;0;0;0;0;0;0;2144;0;0;126;0;122;0;
14563;3743160;1215352832;21688320;1401237504;0;0;0;0;0;0;0;0;0;0;0;3166;0;0;126;0;122;0;
14564;6363775;1215352832;21692416;1401241600;0;0;0;0;0;0;0;0;0;0;0;2765;0;0;126;0;122;0;
14565;3612815;1215352832;21696512;1401245696;0;0;0;0;0;0;0;0;0;0;0;2645;0;0;126;0;122;0;
14566;5931294;1215352832;21696512;1401245696;0;0;0;0;0;0;0;0;0;0;0;2274;0;0;126;0;122;0;
14567;4141146;1215352832;21696512;1401245696;0;0;0;0;0;0;0;0;0;0;0;2605;0;0;126;0;122;0;
14568;6266101;1215352832;21696512;1401245696;0;0;0;0;0;0;0;0;0;0;0;2405;0;0;126;0;122;0;
14569;2988204;1215352832;21696512;1401245696;0;0;0;0;0;0;0;0;0;0;0;2765;0;0;126;0;122;0;
14570;6122111;1215352832;21696512;1401245696;0;0;0;0;0;0;0;0;0;0;0;2305;0;0;126;0;122;0;
14571;3001960;1209073664;14360576;1393909760;0;0;0;0;0;0;0;0;0;0;0;3046;0;0;126;0;122;0;
14572;5683669;1209073664;14360576;1393909760;0;0;0;0;0;0;0;0;0;0;0;2876;0;0;126;0;122;0;
14573;3737549;1209073664;14360576;1393909760;0;0;0;0;0;0;0;0;0;0;0;2855;0;0;126;0;122;0;
14574;5734725;1209073664;14360576;1393909760;0;0;0;0;0;0;0;0;0;0;0;3577;0;0;126;0;122;0;
14575;3860279;1209073664;14360576;1393909760;0;0;0;0;0;0;0;0;0;0;0;2585;0;0;126;0;122;0;
14576;5970317;1209073664;14360576;1393909760;0;0;0;0;0;0;0;0;0;0;0;2485;0;0;126;0;122;0;
14577;4657515;1209073664;14360576;1393909760;0;0;0;0;0;0;0;0;0;0;0;2786;0;0;126;0;122;0;
14578;5349713;1209073664;14360576;1393909760;0;0;0;0;0;0;0;0;0;0;0;2144;0;0;126;0;122;0;
14579;3314205;1209073664;14360576;1393909760;0;0;0;0;0;0;0;0;0;0;0;3046;0;0;126;0;122;0;
14580;5018762;1209073664;14360576;1393909760;0;0;0;0;0;0;0;0;0;0;0;3056;0;0;126;0;122;0;
14581;3939529;1209073664;14360576;1393909760;0;0;0;0;0;0;0;0;0;0;0;3527;0;0;126;0;122;0;
14582;6708932;1209073664;14360576;1393909760;0;0;0;0;0;0;0;0;0;0;0;2545;0;0;126;0;122;0;
14583;3519170;1209073664;14360576;1393909760;0;0;0;0;0;0;0;0;0;0;0;3266;0;0;126;0;122;0;
14584;8054876;1213267968;21688320;1401237504;0;0;0;0;0;0;0;0;0;0;0;3467;0;0;126;0;122;0;
14585;3978251;1215365120;21688320;1401237504;0;0;0;0;0;0;0;0;0;0;0;9417;0;0;126;0;122;0;
14586;6628531;1215365120;21688320;1401237504;0;0;0;0;0;0;0;0;0;0;0;2945;0;0;126;0;122;0;
14587;4268936;1215365120;21688320;1401237504;0;0;0;0;0;0;0;0;0;0;0;3016;0;0;126;0;122;0;
14588;6675339;1215365120;21688320;1401237504;0;0;0;0;0;0;0;0;0;0;0;2515;0;0;126;0;122;0;
14589;3868776;1215365120;21688320;1401237504;0;0;0;0;0;0;0;0;0;0;0;3116;0;0;126;0;122;0;
14590;5977220;1215365120;21688320;1401237504;0;0;0;0;0;0;0;0;0;0;0;2134;0;0;126;0;122;0;
14591;3363508;1215365120;21688320;1401237504;0;0;0;0;0;0;0;0;0;0;0;3236;0;0;126;0;122;0;
14592;5351386;1215365120;21688320;1401237504;0;0;0;0;0;0;0;0;0;0;0;1803;0;0;126;0;122;0;
14593;2920828;1209085952;14360576;1393909760;0;0;0;0;0;0;0;0;0;0;0;3256;0;0;126;0;122;0;
14594;4994166;1209085952;14360576;1393909760;0;0;0;0;0;0;0;0;0;0;0;1943;0;0;126;0;122;0;
14595;3730155;1209085952;14360576;1393909760;0;0;0;0;0;0;0;0;0;0;0;2725;0;0;126;0;122;0;
14596;5046515;1209085952;14360576;1393909760;0;0;0;0;0;0;0;0;0;0;0;1453;0;0;126;0;122;0;
14597;3937594;1209085952;14360576;1393909760;0;0;0;0;0;0;0;0;0;0;0;3727;0;0;126;0;122;0;
14598;7401210;1209085952;14360576;1393909760;0;0;0;0;0;0;0;0;0;0;0;2635;0;0;126;0;122;0;
14599;2904367;1209085952;14360576;1393909760;0;0;0;0;0;0;0;0;0;0;0;3196;0;0;126;0;122;0;
14600;6273295;1209085952;14360576;1393909760;0;0;0;0;0;0;0;0;0;0;0;2013;0;0;126;0;122;0;
14601;2732945;1209085952;14360576;1393909760;0;0;0;0;0;0;0;0;0;0;0;3477;0;0;126;0;122;0;
14602;5698286;1209085952;14360576;1393909760;0;0;0;0;0;0;0;0;0;0;0;2154;0;0;126;0;122;0;
14603;3876720;1209085952;14360576;1393909760;0;0;0;0;0;0;0;0;0;0;0;3907;0;0;126;0;122;0;
14604;5691734;1209085952;14360576;1393909760;0;0;0;0;0;0;0;0;0;0;0;2364;0;0;126;0;122;0;
14605;2995478;1209085952;14360576;1393909760;0;0;0;0;0;0;0;0;0;0;0;2726;0;0;126;0;122;0;
14606;6120007;1209085952;14360576;1393909760;0;0;0;0;0;0;0;0;0;0;0;2274;0;0;126;0;122;0;
14607;3793435;1209085952;14360576;1393909760;0;0;0;0;0;0;0;0;0;0;0;2985;0;0;126;0;122;0;
14608;6705546;1213280256;21688320;1401237504;0;0;0;0;0;0;0;0;0;0;0;3506;0;0;126;0;122;0;
14609;3103520;1215377408;21688320;1401237504;0;0;0;0;0;0;0;0;0;0;0;2856;0;0;126;0;122;0;
14610;6061087;1215377408;21688320;1401237504;0;0;0;0;0;0;0;0;0;0;0;3306;0;0;126;0;122;0;
14611;2845827;1215377408;21688320;1401237504;0;0;0;0;0;0;0;0;0;0;0;2815;0;0;126;0;122;0;
14612;4768272;1215377408;21688320;1401237504;0;0;0;0;0;0;0;0;0;0;0;1743;0;0;126;0;122;0;
14613;3493020;1215377408;21688320;1401237504;0;0;0;0;0;0;0;0;0;0;0;2655;0;0;126;0;122;0;
14614;5701312;1215377408;21688320;1401237504;0;0;0;0;0;0;0;0;0;0;0;2204;0;0;126;0;122;0;
14615;3284379;1215377408;21688320;1401237504;0;0;0;0;0;0;0;0;0;0;0;2805;0;0;126;0;122;0;
14616;5757447;1215377408;21688320;1401237504;0;0;0;0;0;0;0;0;0;0;0;2394;0;0;126;0;122;0;
14617;2492254;1209098240;14360576;1393909760;0;0;0;0;0;0;0;0;0;0;0;3176;0;0;126;0;122;0;
14618;4645462;1209098240;14360576;1393909760;0;0;0;0;0;0;0;0;0;0;0;1813;0;0;126;0;122;0;
14619;3473213;1209098240;14360576;1393909760;0;0;0;0;0;0;0;0;0;0;0;2855;0;0;126;0;122;0;
14620;4652034;1209098240;14360576;1393909760;0;0;0;0;0;0;0;0;0;0;0;1964;0;0;126;0;122;0;
14621;3341546;1209098240;14360576;1393909760;0;0;0;0;0;0;0;0;0;0;0;2785;0;0;126;0;122;0;
14622;4875173;1209098240;14360576;1393909760;0;0;0;0;0;0;0;0;0;0;0;1924;0;0;126;0;122;0;
14623;4399661;1209098240;14360576;1393909760;0;0;0;0;0;0;0;0;0;0;0;2494;0;0;126;0;122;0;
14624;5396109;1209098240;14360576;1393909760;0;0;0;0;0;0;0;0;0;0;0;2635;0;0;126;0;122;0;
14625;3089344;1209098240;14360576;1393909760;0;0;0;0;0;0;0;0;0;0;0;2635;0;0;126;0;122;0;
14626;4736623;1209098240;14360576;1393909760;0;0;0;0;0;0;0;0;0;0;0;1754;0;0;126;0;122;0;
14627;3356164;1209098240;14360576;1393909760;0;0;0;0;0;0;0;0;0;0;0;3367;0;0;126;0;122;0;
14628;4954983;1209098240;14360576;1393909760;0;0;0;0;0;0;0;0;0;0;0;2314;0;0;126;0;122;0;
14629;2905689;1209098240;14360576;1393909760;0;0;0;0;0;0;0;0;0;0;0;2715;0;0;126;0;122;0;
14630;6297981;1213292544;21688320;1401237504;0;0;0;0;0;0;0;0;0;0;0;2264;0;0;126;0;122;0;
14631;3767195;1215389696;21688320;1401237504;0;0;0;0;0;0;0;0;0;0;0;3266;0;0;126;0;122;0;
14632;5702715;1215389696;21688320;1401237504;0;0;0;0;0;0;0;0;0;0;0;2073;0;0;126;0;122;0;
14633;2883097;1215389696;21688320;1401237504;0;0;0;0;0;0;0;0;0;0;0;2655;0;0;126;0;122;0;
14634;5561790;1215389696;21688320;1401237504;0;0;0;0;0;0;0;0;0;0;0;1432;0;0;126;0;122;0;
14635;3564705;1215389696;21688320;1401237504;0;0;0;0;0;0;0;0;0;0;0;2505;0;0;126;0;122;0;
14636;5130492;1215389696;21688320;1401237504;0;0;0;0;0;0;0;0;0;0;0;2104;0;0;126;0;122;0;
14637;3097960;1215389696;21688320;1401237504;0;0;0;0;0;0;0;0;0;0;0;3216;0;0;126;0;122;0;
14638;5020726;1215389696;21688320;1401237504;0;0;0;0;0;0;0;0;0;0;0;2374;0;0;126;0;122;0;
14639;3285923;1209110528;14360576;1393909760;0;0;0;0;0;0;0;0;0;0;0;3396;0;0;126;0;122;0;
14640;4902163;1209110528;14360576;1393909760;0;0;0;0;0;0;0;0;0;0;0;1813;0;0;126;0;122;0;
14641;3726168;1209110528;14360576;1393909760;0;0;0;0;0;0;0;0;0;0;0;2856;0;0;126;0;122;0;
14642;4912242;1209110528;14360576;1393909760;0;0;0;0;0;0;0;0;0;0;0;1663;0;0;126;0;122;0;
14643;2867317;1209110528;14360576;1393909760;0;0;0;0;0;0;0;0;0;0;0;2835;0;0;126;0;122;0;
14644;5565668;1209110528;14360576;1393909760;0;0;0;0;0;0;0;0;0;0;0;1763;0;0;126;0;122;0;
14645;2622829;1209110528;14360576;1393909760;0;0;0;0;0;0;0;0;0;0;0;2284;0;0;126;0;122;0;
14646;4389352;1209110528;14360576;1393909760;0;0;0;0;0;0;0;0;0;0;0;2144;0;0;126;0;122;0;
14647;3234576;1209110528;14360576;1393909760;0;0;0;0;0;0;0;0;0;0;0;2675;0;0;126;0;122;0;
14648;4913014;1209110528;14360576;1393909760;0;0;0;0;0;0;0;0;0;0;0;1793;0;0;126;0;122;0;
14649;3897649;1209110528;14360576;1393909760;0;0;0;0;0;0;0;0;0;0;0;2835;0;0;126;0;122;0;
14650;5081359;1209110528;14360576;1393909760;0;0;0;0;0;0;0;0;0;0;0;1613;0;0;126;0;122;0;
14651;3806568;1209110528;14360576;1393909760;0;0;0;0;0;0;0;0;0;0;0;3367;0;0;126;0;122;0;
14652;4549402;1209110528;14360576;1393909760;0;0;0;0;0;0;0;0;0;0;0;1673;0;0;126;0;122;0;
14653;3777294;1209110528;14360576;1393909760;0;0;0;0;0;0;0;0;0;0;0;1934;0;0;126;0;122;0;
14654;5504293;1213304832;21688320;1401237504;0;0;0;0;0;0;0;0;0;0;0;2073;0;0;126;0;122;0;
14655;2754165;1215401984;21688320;1401237504;0;0;0;0;0;0;0;0;0;0;0;3396;0;0;126;0;122;0;
14656;4995639;1215401984;21688320;1401237504;0;0;0;0;0;0;0;0;0;0;0;2074;0;0;126;0;122;0;
14657;3493141;1215401984;21688320;1401237504;0;0;0;0;0;0;0;0;0;0;0;3026;0;0;126;0;122;0;
14658;5100044;1215401984;21688320;1401237504;0;0;0;0;0;0;0;0;0;0;0;1864;0;0;126;0;122;0;
14659;3470749;1215401984;21688320;1401237504;0;0;0;0;0;0;0;0;0;0;0;3527;0;0;126;0;122;0;
14660;4586061;1215401984;21688320;1401237504;0;0;0;0;0;0;0;0;0;0;0;1783;0;0;126;0;122;0;
14661;3232161;1215401984;21688320;1401237504;0;0;0;0;0;0;0;0;0;0;0;9257;0;0;126;0;122;0;
14662;5535161;1215401984;21688320;1401237504;0;0;0;0;0;0;0;0;0;0;0;3076;0;0;126;0;122;0;
14663;2968528;1209122816;14360576;1393909760;0;0;0;0;0;0;0;0;0;0;0;3627;0;0;126;0;122;0;
14664;5221403;1209122816;14360576;1393909760;0;0;0;0;0;0;0;0;0;0;0;2655;0;0;126;0;122;0;
14665;3820766;1209122816;14360576;1393909760;0;0;0;0;0;0;0;0;0;0;0;3186;0;0;126;0;122;0;
14666;4857049;1209122816;14360576;1393909760;0;0;0;0;0;0;0;0;0;0;0;1934;0;0;126;0;122;0;
14667;4199055;1209122816;14360576;1393909760;0;0;0;0;0;0;0;0;0;0;0;3887;0;0;126;0;122;0;
14668;5599621;1209122816;14360576;1393909760;0;0;0;0;0;0;0;0;0;0;0;3857;0;0;126;0;122;0;
14669;4339889;1209122816;14360576;1393909760;0;0;0;0;0;0;0;0;0;0;0;3126;0;0;126;0;122;0;
14670;5611133;1209122816;14360576;1393909760;0;0;0;0;0;0;0;0;0;0;0;3496;0;0;126;0;122;0;
14671;3903400;1209122816;14360576;1393909760;0;0;0;0;0;0;0;0;0;0;0;3166;0;0;126;0;122;0;
14672;5596946;1209122816;14360576;1393909760;0;0;0;0;0;0;0;0;0;0;0;3386;0;0;126;0;122;0;
14673;3488262;1209122816;14360576;1393909760;0;0;0;0;0;0;0;0;0;0;0;3857;0;0;126;0;122;0;
14674;5627223;1209122816;14360576;1393909760;0;0;0;0;0;0;0;0;0;0;0;3266;0;0;126;0;122;0;
14675;2986161;1209122816;14360576;1393909760;0;0;0;0;0;0;0;0;0;0;0;3426;0;0;126;0;122;0;
14676;5944297;1213317120;21688320;1401237504;0;0;0;0;0;0;0;0;0;0;0;2786;0;0;126;0;122;0;
14677;3290481;1215414272;21688320;1401237504;0;0;0;0;0;0;0;0;0;0;0;2745;0;0;126;0;122;0;
14678;5479847;1215414272;21688320;1401237504;0;0;0;0;0;0;0;0;0;0;0;2755;0;0;126;0;122;0;
14679;2947587;1215414272;21688320;1401237504;0;0;0;0;0;0;0;0;0;0;0;3066;0;0;126;0;122;0;
14680;5986387;1215414272;21688320;1401237504;0;0;0;0;0;0;0;0;0;0;0;2675;0;0;126;0;122;0;
14681;2776286;1215414272;21688320;1401237504;0;0;0;0;0;0;0;0;0;0;0;3236;0;0;126;0;122;0;
14682;5999180;1215414272;21688320;1401237504;0;0;0;0;0;0;0;0;0;0;0;2785;0;0;126;0;122;0;
14683;4639651;1215414272;21688320;1401237504;0;0;0;0;0;0;0;0;0;0;0;2925;0;0;126;0;122;0;
14684;5869347;1215414272;21688320;1401237504;0;0;0;0;0;0;0;0;0;0;0;95659;0;0;126;0;122;0;
14685;3792332;1209135104;14360576;1393909760;0;0;0;0;0;0;0;0;0;0;0;3306;0;0;126;0;122;0;
14686;5892972;1209135104;14360576;1393909760;0;0;0;0;0;0;0;0;0;0;0;2926;0;0;126;0;122;0;
14687;3132665;1209135104;14360576;1393909760;0;0;0;0;0;0;0;0;0;0;0;2945;0;0;126;0;122;0;
14688;6046088;1209135104;14360576;1393909760;0;0;0;0;0;0;0;0;0;0;0;2776;0;0;126;0;122;0;
14689;4195999;1209135104;14360576;1393909760;0;0;0;0;0;0;0;0;0;0;0;2926;0;0;126;0;122;0;
14690;6112904;1209135104;14360576;1393909760;0;0;0;0;0;0;0;0;0;0;0;2775;0;0;126;0;122;0;
14691;3736879;1209135104;14360576;1393909760;0;0;0;0;0;0;0;0;0;0;0;2995;0;0;126;0;122;0;
14692;5808553;1209135104;14360576;1393909760;0;0;0;0;0;0;0;0;0;0;0;2745;0;0;126;0;122;0;
14693;3965617;1209135104;14360576;1393909760;0;0;0;0;0;0;0;0;0;0;0;3045;0;0;126;0;122;0;
14694;5518369;1209135104;14360576;1393909760;0;0;0;0;0;0;0;0;0;0;0;3036;0;0;126;0;122;0;
14695;3233454;1209135104;14360576;1393909760;0;0;0;0;0;0;0;0;0;0;0;3186;0;0;126;0;122;0;
14696;4650201;1209135104;14360576;1393909760;0;0;0;0;0;0;0;0;0;0;0;1903;0;0;126;0;122;0;
14697;4326824;1209135104;14360576;1393909760;0;0;0;0;0;0;0;0;0;0;0;2885;0;0;126;0;122;0;
14698;5934530;1209135104;14360576;1393909760;0;0;0;0;0;0;0;0;0;0;0;2044;0;0;126;0;122;0;
14699;4311746;1209135104;14360576;1393909760;0;0;0;0;0;0;0;0;0;0;0;3346;0;0;126;0;122;0;
14700;6511632;1213329408;21688320;1401237504;0;0;0;0;0;0;0;0;0;0;0;2756;0;0;126;0;122;0;
14701;4305505;1215426560;21688320;1401237504;0;0;0;0;0;0;0;0;0;0;0;3075;0;0;126;0;122;0;
14702;5834242;1215426560;21688320;1401237504;0;0;0;0;0;0;0;0;0;0;0;2555;0;0;126;0;122;0;
14703;3886719;1215426560;21688320;1401237504;0;0;0;0;0;0;0;0;0;0;0;27331;0;0;126;0;122;0;
14704;5761254;1215426560;21688320;1401237504;0;0;0;0;0;0;0;0;0;0;0;2254;0;0;126;0;122;0;
14705;4284485;1215426560;21688320;1401237504;0;0;0;0;0;0;0;0;0;0;0;2965;0;0;126;0;122;0;
14706;5626342;1215426560;21688320;1401237504;0;0;0;0;0;0;0;0;0;0;0;2414;0;0;126;0;122;0;
14707;4750569;1215426560;21688320;1401237504;0;0;0;0;0;0;0;0;0;0;0;3707;0;0;126;0;122;0;
14708;5214018;1215426560;21688320;1401237504;0;0;0;0;0;0;0;0;0;0;0;1973;0;0;126;0;122;0;
14709;4783612;1209147392;14360576;1393909760;0;0;0;0;0;0;0;0;0;0;0;2755;0;0;126;0;122;0;
14710;5521805;1209147392;14360576;1393909760;0;0;0;0;0;0;0;0;0;0;0;2154;0;0;126;0;122;0;
14711;3233083;1209147392;14360576;1393909760;0;0;0;0;0;0;0;0;0;0;0;2865;0;0;126;0;122;0;
14712;5453707;1209147392;14360576;1393909760;0;0;0;0;0;0;0;0;0;0;0;2174;0;0;126;0;122;0;
14713;4332285;1209147392;14360576;1393909760;0;0;0;0;0;0;0;0;0;0;0;2865;0;0;126;0;122;0;
14714;5593670;1209147392;14360576;1393909760;0;0;0;0;0;0;0;0;0;0;0;2084;0;0;126;0;122;0;
14715;3731227;1209147392;14360576;1393909760;0;0;0;0;0;0;0;0;0;0;0;2986;0;0;126;0;122;0;
14716;5024192;1209147392;14360576;1393909760;0;0;0;0;0;0;0;0;0;0;0;2795;0;0;126;0;122;0;
14717;4234682;1209147392;14360576;1393909760;0;0;0;0;0;0;0;0;0;0;0;3337;0;0;126;0;122;0;
14718;4900210;1209147392;14360576;1393909760;0;0;0;0;0;0;0;0;0;0;0;1793;0;0;126;0;122;0;
14719;3700530;1209147392;14360576;1393909760;0;0;0;0;0;0;0;0;0;0;0;2805;0;0;126;0;122;0;
14720;5143045;1209147392;14360576;1393909760;0;0;0;0;0;0;0;0;0;0;0;2174;0;0;126;0;122;0;
14721;5069588;1209147392;14360576;1393909760;0;0;0;0;0;0;0;0;0;0;0;3056;0;0;126;0;122;0;
14722;5549788;1213341696;21688320;1401237504;0;0;0;0;0;0;0;0;0;0;0;2344;0;0;126;0;122;0;
14723;4083528;1215438848;21688320;1401237504;0;0;0;0;0;0;0;0;0;0;0;2856;0;0;126;0;122;0;
14724;4815521;1215438848;21688320;1401237504;0;0;0;0;0;0;0;0;0;0;0;2454;0;0;126;0;122;0;
14725;3942985;1215438848;21688320;1401237504;0;0;0;0;0;0;0;0;0;0;0;3597;0;0;126;0;122;0;
14726;5278719;1215438848;21688320;1401237504;0;0;0;0;0;0;0;0;0;0;0;1814;0;0;126;0;122;0;
14727;3795849;1215438848;21688320;1401237504;0;0;0;0;0;0;0;0;0;0;0;2836;0;0;126;0;122;0;
14728;5106287;1215438848;21688320;1401237504;0;0;0;0;0;0;0;0;0;0;0;2765;0;0;126;0;122;0;
14729;3051002;1215438848;21688320;1401237504;0;0;0;0;0;0;0;0;0;0;0;3426;0;0;126;0;122;0;
14730;5355945;1215438848;21688320;1401237504;0;0;0;0;0;0;0;0;0;0;0;2335;0;0;126;0;122;0;
14731;3364750;1209159680;14360576;1393909760;0;0;0;0;0;0;0;0;0;0;0;2474;0;0;126;0;122;0;
14732;5363238;1209159680;14360576;1393909760;0;0;0;0;0;0;0;0;0;0;0;2685;0;0;126;0;122;0;
14733;5954347;1209159680;14360576;1393909760;0;0;0;0;0;0;0;0;0;0;0;2715;0;0;126;0;122;0;
14734;7821799;1209159680;14360576;1393909760;0;0;0;0;0;0;0;0;0;0;0;2274;0;0;126;0;122;0;
14735;4856778;1209159680;14360576;1393909760;0;0;0;0;0;0;0;0;0;0;0;3176;0;0;126;0;122;0;
14736;6355098;1209159680;14360576;1393909760;0;0;0;0;0;0;0;0;0;0;0;4007;0;0;126;0;122;0;
14737;4355127;1209159680;14360576;1393909760;0;0;0;0;0;0;0;0;0;0;0;2565;0;0;126;0;122;0;
14738;5121434;1209159680;14360576;1393909760;0;0;0;0;0;0;0;0;0;0;0;2816;0;0;126;0;122;0;
14739;3954676;1209159680;14360576;1393909760;0;0;0;0;0;0;0;0;0;0;0;2906;0;0;126;0;122;0;
14740;5560338;1209159680;14360576;1393909760;0;0;0;0;0;0;0;0;0;0;0;3196;0;0;126;0;122;0;
14741;3654233;1209159680;14360576;1393909760;0;0;0;0;0;0;0;0;0;0;0;3637;0;0;126;0;122;0;
14742;5786352;1209159680;14360576;1393909760;0;0;0;0;0;0;0;0;0;0;0;1804;0;0;126;0;122;0;
14743;3852275;1209159680;14360576;1393909760;0;0;0;0;0;0;0;0;0;0;0;3005;0;0;126;0;122;0;
14744;5700020;1209159680;14360576;1393909760;0;0;0;0;0;0;0;0;0;0;0;2925;0;0;126;0;122;0;
14745;3849720;1209159680;14360576;1393909760;0;0;0;0;0;0;0;0;0;0;0;3256;0;0;126;0;122;0;
14746;5610943;1213353984;21688320;1401237504;0;0;0;0;0;0;0;0;0;0;0;3185;0;0;126;0;122;0;
14747;3477412;1215451136;21688320;1401237504;0;0;0;0;0;0;0;0;0;0;0;3186;0;0;126;0;122;0;
14748;4654298;1215451136;21688320;1401237504;0;0;0;0;0;0;0;0;0;0;0;2494;0;0;126;0;122;0;
14749;4253637;1215451136;21688320;1401237504;0;0;0;0;0;0;0;0;0;0;0;3677;0;0;126;0;122;0;
14750;5974415;1215451136;21688320;1401237504;0;0;0;0;0;0;0;0;0;0;0;2314;0;0;126;0;122;0;
14751;3858686;1215451136;21688320;1401237504;0;0;0;0;0;0;0;0;0;0;0;3226;0;0;126;0;122;0;
14752;5201194;1215451136;21688320;1401237504;0;0;0;0;0;0;0;0;0;0;0;2615;0;0;126;0;122;0;
14753;4709772;1215451136;21688320;1401237504;0;0;0;0;0;0;0;0;0;0;0;3406;0;0;126;0;122;0;
14754;5443349;1215451136;21688320;1401237504;0;0;0;0;0;0;0;0;0;0;0;2013;0;0;126;0;122;0;
14755;4821812;1209171968;14360576;1393909760;0;0;0;0;0;0;0;0;0;0;0;3466;0;0;126;0;122;0;
14756;5455761;1209171968;14360576;1393909760;0;0;0;0;0;0;0;0;0;0;0;2956;0;0;126;0;122;0;
14757;3982118;1209171968;14360576;1393909760;0;0;0;0;0;0;0;0;0;0;0;3126;0;0;126;0;122;0;
14758;5648343;1209171968;14360576;1393909760;0;0;0;0;0;0;0;0;0;0;0;2695;0;0;126;0;122;0;
14759;4520999;1209171968;14360576;1393909760;0;0;0;0;0;0;0;0;0;0;0;3126;0;0;126;0;122;0;
14760;6027704;1209171968;14360576;1393909760;0;0;0;0;0;0;0;0;0;0;0;2846;0;0;126;0;122;0;
14761;3922166;1209171968;14360576;1393909760;0;0;0;0;0;0;0;0;0;0;0;3687;0;0;126;0;122;0;
14762;5533337;1209171968;14360576;1393909760;0;0;0;0;0;0;0;0;0;0;0;2234;0;0;126;0;122;0;
14763;5164406;1209171968;14360576;1393909760;0;0;0;0;0;0;0;0;0;0;0;3186;0;0;126;0;122;0;
14764;6127641;1209171968;14360576;1393909760;0;0;0;0;0;0;0;0;0;0;0;2435;0;0;126;0;122;0;
14765;4001484;1209171968;14360576;1393909760;0;0;0;0;0;0;0;0;0;0;0;3767;0;0;126;0;122;0;
14766;5049089;1209171968;14360576;1393909760;0;0;0;0;0;0;0;0;0;0;0;2535;0;0;126;0;122;0;
14767;4224292;1209171968;14360576;1393909760;0;0;0;0;0;0;0;0;0;0;0;2855;0;0;126;0;122;0;
14768;5880569;1213366272;21688320;1401237504;0;0;0;0;0;0;0;0;0;0;0;2845;0;0;126;0;122;0;
14769;4421101;1215463424;21688320;1401237504;0;0;0;0;0;0;0;0;0;0;0;2945;0;0;126;0;122;0;
14770;6143361;1215463424;21688320;1401237504;0;0;0;0;0;0;0;0;0;0;0;2645;0;0;126;0;122;0;
14771;3731337;1215463424;21688320;1401237504;0;0;0;0;0;0;0;0;0;0;0;2965;0;0;126;0;122;0;
14772;5549277;1215463424;21688320;1401237504;0;0;0;0;0;0;0;0;0;0;0;2275;0;0;126;0;122;0;
14773;4095210;1215463424;21688320;1401237504;0;0;0;0;0;0;0;0;0;0;0;3416;0;0;126;0;122;0;
14774;5704919;1215463424;21688320;1401237504;0;0;0;0;0;0;0;0;0;0;0;3005;0;0;126;0;122;0;
14775;3335846;1215463424;21688320;1401237504;0;0;0;0;0;0;0;0;0;0;0;3427;0;0;126;0;122;0;
14776;5778768;1215463424;21688320;1401237504;0;0;0;0;0;0;0;0;0;0;0;2896;0;0;126;0;122;0;
14777;4253226;1209184256;14360576;1393909760;0;0;0;0;0;0;0;0;0;0;0;29255;0;0;126;0;122;0;
14778;6581513;1209184256;14360576;1393909760;0;0;0;0;0;0;0;0;0;0;0;3055;0;0;126;0;122;0;
14779;3220389;1209184256;14360576;1393909760;0;0;0;0;0;0;0;0;0;0;0;4127;0;0;126;0;122;0;
14780;6384654;1209184256;14360576;1393909760;0;0;0;0;0;0;0;0;0;0;0;2945;0;0;126;0;122;0;
14781;3148113;1209184256;14360576;1393909760;0;0;0;0;0;0;0;0;0;0;0;2545;0;0;126;0;122;0;
14782;5492581;1209184256;14360576;1393909760;0;0;0;0;0;0;0;0;0;0;0;2535;0;0;126;0;122;0;
14783;4114075;1209184256;14360576;1393909760;0;0;0;0;0;0;0;0;0;0;0;3076;0;0;126;0;122;0;
14784;5538236;1209184256;14360576;1393909760;0;0;0;0;0;0;0;0;0;0;0;2375;0;0;126;0;122;0;
14785;3345464;1209184256;14360576;1393909760;0;0;0;0;0;0;0;0;0;0;0;3918;0;0;126;0;122;0;
14786;5269673;1209184256;14360576;1393909760;0;0;0;0;0;0;0;0;0;0;0;2835;0;0;126;0;122;0;
14787;4865615;1209184256;14360576;1393909760;0;0;0;0;0;0;0;0;0;0;0;3146;0;0;126;0;122;0;
14788;6485232;1209184256;14360576;1393909760;0;0;0;0;0;0;0;0;0;0;0;2795;0;0;126;0;122;0;
14789;4514616;1209184256;14360576;1393909760;0;0;0;0;0;0;0;0;0;0;0;3346;0;0;126;0;122;0;
14790;5913019;1209184256;14360576;1393909760;0;0;0;0;0;0;0;0;0;0;0;3606;0;0;126;0;122;0;
14791;4123463;1209184256;14360576;1393909760;0;0;0;0;0;0;0;0;0;0;0;4218;0;0;126;0;122;0;
14792;6754919;1213378560;21688320;1401237504;0;0;0;0;0;0;0;0;0;0;0;3677;0;0;126;0;122;0;
14793;4313530;1215475712;21688320;1401237504;0;0;0;0;0;0;0;0;0;0;0;3166;0;0;126;0;122;0;
14794;6410742;1215475712;21688320;1401237504;0;0;0;0;0;0;0;0;0;0;0;2796;0;0;126;0;122;0;
14795;4929986;1215475712;21688320;1401237504;0;0;0;0;0;0;0;0;0;0;0;3366;0;0;126;0;122;0;
14796;6439897;1215475712;21688320;1401237504;0;0;0;0;0;0;0;0;0;0;0;2535;0;0;126;0;122;0;
14797;2458992;1215475712;21688320;1401237504;0;0;0;0;0;0;0;0;0;0;0;2585;0;0;126;0;122;0;
14798;4810431;1215475712;21688320;1401237504;0;0;0;0;0;0;0;0;0;0;0;2215;0;0;126;0;122;0;
14799;3797813;1215475712;21688320;1401237504;0;0;0;0;0;0;0;0;0;0;0;4298;0;0;126;0;122;0;
14800;6481916;1215475712;21688320;1401237504;0;0;0;0;0;0;0;0;0;0;0;2755;0;0;126;0;122;0;
14801;5002221;1209196544;14360576;1393909760;0;0;0;0;0;0;0;0;0;0;0;4008;0;0;126;0;122;0;
14802;5510244;1209196544;14360576;1393909760;0;0;0;0;0;0;0;0;0;0;0;2745;0;0;126;0;122;0;
14803;4036460;1209196544;14360576;1393909760;0;0;0;0;0;0;0;0;0;0;0;3948;0;0;126;0;122;0;
14804;5777455;1209196544;14360576;1393909760;0;0;0;0;0;0;0;0;0;0;0;2826;0;0;126;0;122;0;
14805;5354812;1209196544;14360576;1393909760;0;0;0;0;0;0;0;0;0;0;0;3667;0;0;126;0;122;0;
14806;6992243;1209196544;14360576;1393909760;0;0;0;0;0;0;0;0;0;0;0;3426;0;0;126;0;122;0;
14807;3741176;1209196544;14360576;1393909760;0;0;0;0;0;0;0;0;0;0;0;3036;0;0;126;0;122;0;
14808;6778683;1209196544;14360576;1393909760;0;0;0;0;0;0;0;0;0;0;0;2185;0;0;126;0;122;0;
14809;4257975;1209196544;14360576;1393909760;0;0;0;0;0;0;0;0;0;0;0;3747;0;0;126;0;122;0;
14810;5673651;1209196544;14360576;1393909760;0;0;0;0;0;0;0;0;0;0;0;2905;0;0;126;0;122;0;
14811;5455682;1209196544;14360576;1393909760;0;0;0;0;0;0;0;0;0;0;0;3166;0;0;126;0;122;0;
14812;6751802;1209196544;14360576;1393909760;0;0;0;0;0;0;0;0;0;0;0;2975;0;0;126;0;122;0;
14813;2210556;1209196544;14360576;1393909760;0;0;0;0;0;0;0;0;0;0;0;3015;0;0;126;0;122;0;
14814;8813659;1213390848;21688320;1401237504;0;0;0;0;0;0;0;0;0;0;0;3356;0;0;126;0;122;0;
14815;5176919;1215488000;21688320;1401237504;0;0;0;0;0;0;0;0;0;0;0;3676;0;0;126;0;122;0;
14816;7142785;1215488000;21688320;1401237504;0;0;0;0;0;0;0;0;0;0;0;3237;0;0;126;0;122;0;
14817;3356425;1215488000;21688320;1401237504;0;0;0;0;0;0;0;0;0;0;0;3357;0;0;126;0;122;0;
14818;7035955;1215488000;21688320;1401237504;0;0;0;0;0;0;0;0;0;0;0;3557;0;0;126;0;122;0;
14819;3550890;1215488000;21688320;1401237504;0;0;0;0;0;0;0;0;0;0;0;3216;0;0;126;0;122;0;
14820;5965347;1215488000;21688320;1401237504;0;0;0;0;0;0;0;0;0;0;0;2725;0;0;126;0;122;0;
14821;3905224;1215488000;21688320;1401237504;0;0;0;0;0;0;0;0;0;0;0;3066;0;0;126;0;122;0;
14822;7088513;1215488000;21688320;1401237504;0;0;0;0;0;0;0;0;0;0;0;2655;0;0;126;0;122;0;
14823;4331113;1209208832;14360576;1393909760;0;0;0;0;0;0;0;0;0;0;0;3306;0;0;126;0;122;0;
14824;7288078;1209208832;14360576;1393909760;0;0;0;0;0;0;0;0;0;0;0;2315;0;0;126;0;122;0;
14825;5113360;1209208832;14360576;1393909760;0;0;0;0;0;0;0;0;0;0;0;3216;0;0;126;0;122;0;
14826;6287041;1209208832;14360576;1393909760;0;0;0;0;0;0;0;0;0;0;0;4248;0;0;126;0;122;0;
14827;4133913;1209208832;14360576;1393909760;0;0;0;0;0;0;0;0;0;0;0;3156;0;0;126;0;122;0;
14828;6762021;1209208832;14360576;1393909760;0;0;0;0;0;0;0;0;0;0;0;2696;0;0;126;0;122;0;
14829;4238378;1209208832;14360576;1393909760;0;0;0;0;0;0;0;0;0;0;0;3557;0;0;126;0;122;0;
14830;7431998;1209208832;14360576;1393909760;0;0;0;0;0;0;0;0;0;0;0;3707;0;0;126;0;122;0;
14831;5220541;1209208832;14360576;1393909760;0;0;0;0;0;0;0;0;0;0;0;3907;0;0;126;0;122;0;
14832;7966541;1209208832;14360576;1393909760;0;0;0;0;0;0;0;0;0;0;0;3246;0;0;126;0;122;0;
14833;3478303;1209208832;14360576;1393909760;0;0;0;0;0;0;0;0;0;0;0;3416;0;0;126;0;122;0;
14834;6270710;1209208832;14360576;1393909760;0;0;0;0;0;0;0;0;0;0;0;2425;0;0;126;0;122;0;
14835;4019228;1209208832;14360576;1393909760;0;0;0;0;0;0;0;0;0;0;0;4399;0;0;126;0;122;0;
14836;7811349;1209208832;14360576;1393909760;0;0;0;0;0;0;0;0;0;0;0;3787;0;0;126;0;122;0;
14837;3858216;1209208832;14360576;1393909760;0;0;0;0;0;0;0;0;0;0;0;3086;0;0;126;0;122;0;
14838;8355150;1213403136;21688320;1401237504;0;0;0;0;0;0;0;0;0;0;0;3987;0;0;126;0;122;0;
14839;5336358;1215500288;21688320;1401237504;0;0;0;0;0;0;0;0;0;0;0;3647;0;0;126;0;122;0;
14840;7220752;1215500288;21688320;1401237504;0;0;0;0;0;0;0;0;0;0;0;2946;0;0;126;0;122;0;
14841;5927887;1215500288;21688320;1401237504;0;0;0;0;0;0;0;0;0;0;0;4328;0;0;126;0;122;0;
14842;6312658;1215500288;21688320;1401237504;0;0;0;0;0;0;0;0;0;0;0;3547;0;0;126;0;122;0;
14843;5196195;1215500288;21688320;1401237504;0;0;0;0;0;0;0;0;0;0;0;4057;0;0;126;0;122;0;
14844;7846745;1215500288;21688320;1401237504;0;0;0;0;0;0;0;0;0;0;0;3206;0;0;126;0;122;0;
14845;5850792;1215500288;21688320;1401237504;0;0;0;0;0;0;0;0;0;0;0;2995;0;0;126;0;122;0;
14846;6041300;1215500288;21688320;1401237504;0;0;0;0;0;0;0;0;0;0;0;2074;0;0;126;0;122;0;
14847;5905224;1215500288;21688320;1401237504;0;0;0;0;0;0;0;0;0;0;0;3627;0;0;126;0;122;0;
14848;6264207;1215500288;21688320;1401237504;0;0;0;0;0;0;0;0;0;0;0;2134;0;0;126;0;122;0;
14849;5811058;1215500288;21688320;1401237504;0;0;0;0;0;0;0;0;0;0;0;3306;0;0;126;0;122;0;
14850;6403148;1215500288;21688320;1401237504;0;0;0;0;0;0;0;0;0;0;0;2605;0;0;126;0;122;0;
14851;4311255;1215500288;21688320;1401237504;0;0;0;0;0;0;0;0;0;0;0;2765;0;0;126;0;122;0;
14852;7063116;1215500288;21688320;1401237504;0;0;0;0;0;0;0;0;0;0;0;3687;0;0;126;0;122;0;
14853;3630999;1215500288;21688320;1401237504;0;0;0;0;0;0;0;0;0;0;0;2955;0;0;126;0;122;0;
14854;7437048;1215500288;21688320;1401237504;0;0;0;0;0;0;0;0;0;0;0;3156;0;0;126;0;122;0;
14855;4218381;1215500288;21688320;1401237504;0;0;0;0;0;0;0;0;0;0;0;3476;0;0;126;0;122;0;
14856;6799582;1215500288;21688320;1401237504;0;0;0;0;0;0;0;0;0;0;0;3206;0;0;126;0;122;0;
14857;3490466;1215500288;21688320;1401237504;0;0;0;0;0;0;0;0;0;0;0;2635;0;0;126;0;122;0;
14858;7654926;1215500288;21688320;1401237504;0;0;0;0;0;0;0;0;0;0;0;3367;0;0;126;0;122;0;
14859;3828530;1215500288;21688320;1401237504;0;0;0;0;0;0;0;0;0;0;0;2775;0;0;126;0;122;0;
14860;5531063;1215500288;21688320;1401237504;0;0;0;0;0;0;0;0;0;0;0;3186;0;0;126;0;122;0;
14861;6586181;1215500288;21688320;1401237504;0;0;0;0;0;0;0;0;0;0;0;3296;0;0;126;0;122;0;
14862;6432663;1215500288;21688320;1401237504;0;0;0;0;0;0;0;0;0;0;0;3176;0;0;126;0;122;0;
14863;6832954;1215500288;21688320;1401237504;0;0;0;0;0;0;0;0;0;0;0;2945;0;0;126;0;122;0;
14864;6417726;1215500288;21688320;1401237504;0;0;0;0;0;0;0;0;0;0;0;2845;0;0;126;0;122;0;
14865;5161790;1215500288;21688320;1401237504;0;0;0;0;0;0;0;0;0;0;0;2845;0;0;126;0;122;0;
14866;7274944;1215500288;21688320;1401237504;0;0;0;0;0;0;0;0;0;0;0;3406;0;0;126;0;122;0;
14867;4180149;1215500288;21688320;1401237504;0;0;0;0;0;0;0;0;0;0;0;3516;0;0;126;0;122;0;
14868;7577280;1215500288;21688320;1401237504;0;0;0;0;0;0;0;0;0;0;0;3045;0;0;126;0;122;0;
14869;4198554;1215500288;21688320;1401237504;0;0;0;0;0;0;0;0;0;0;0;4057;0;0;126;0;122;0;
14870;6824579;1215500288;21688320;1401237504;0;0;0;0;0;0;0;0;0;0;0;3928;0;0;126;0;122;0;
14871;4858601;1215500288;21688320;1401237504;0;0;0;0;0;0;0;0;0;0;0;3376;0;0;126;0;122;0;
14872;7130913;1215500288;21688320;1401237504;0;0;0;0;0;0;0;0;0;0;0;2485;0;0;126;0;122;0;
14873;5923920;1215500288;21688320;1401237504;0;0;0;0;0;0;0;0;0;0;0;2755;0;0;126;0;122;0;
14874;6782370;1215500288;21688320;1401237504;0;0;0;0;0;0;0;0;0;0;0;2615;0;0;126;0;122;0;
14875;2978276;1215500288;21688320;1401237504;0;0;0;0;0;0;0;0;0;0;0;2725;0;0;126;0;122;0;
14876;6464323;1215500288;21688320;1401237504;0;0;0;0;0;0;0;0;0;0;0;3276;0;0;126;0;122;0;
14877;3798083;1215500288;21688320;1401237504;0;0;0;0;0;0;0;0;0;0;0;3757;0;0;126;0;122;0;
14878;5593209;1215500288;21688320;1401237504;0;0;0;0;0;0;0;0;0;0;0;2224;0;0;126;0;122;0;
14879;5488162;1215500288;21688320;1401237504;0;0;0;0;0;0;0;0;0;0;0;2915;0;0;126;0;122;0;
14880;6703552;1215500288;21688320;1401237504;0;0;0;0;0;0;0;0;0;0;0;2725;0;0;126;0;122;0;
14881;3863345;1215500288;21688320;1401237504;0;0;0;0;0;0;0;0;0;0;0;3297;0;0;126;0;122;0;
14882;5719877;1215500288;21688320;1401237504;0;0;0;0;0;0;0;0;0;0;0;2164;0;0;126;0;122;0;
14883;4112082;1215500288;21688320;1401237504;0;0;0;0;0;0;0;0;0;0;0;2965;0;0;126;0;122;0;
14884;6202612;1215500288;21688320;1401237504;0;0;0;0;0;0;0;0;0;0;0;3216;0;0;126;0;122;0;
14885;3374258;1215500288;21688320;1401237504;0;0;0;0;0;0;0;0;0;0;0;2865;0;0;126;0;122;0;
14886;7034582;1215500288;21688320;1401237504;0;0;0;0;0;0;0;0;0;0;0;3106;0;0;126;0;122;0;
14887;4296858;1215500288;21688320;1401237504;0;0;0;0;0;0;0;0;0;0;0;3386;0;0;126;0;122;0;
14888;6228361;1215500288;21688320;1401237504;0;0;0;0;0;0;0;0;0;0;0;3467;0;0;126;0;122;0;
14889;3823821;1215500288;21688320;1401237504;0;0;0;0;0;0;0;0;0;0;0;3737;0;0;126;0;122;0;
14890;7683539;1215500288;21688320;1401237504;0;0;0;0;0;0;0;0;0;0;0;2735;0;0;126;0;122;0;
14891;5272177;1215500288;21688320;1401237504;0;0;0;0;0;0;0;0;0;0;0;2795;0;0;126;0;122;0;
14892;5958665;1215500288;21688320;1401237504;0;0;0;0;0;0;0;0;0;0;0;3376;0;0;126;0;122;0;
14893;5520664;1215500288;21688320;1401237504;0;0;0;0;0;0;0;0;0;0;0;3326;0;0;126;0;122;0;
14894;6706417;1215500288;21688320;1401237504;0;0;0;0;0;0;0;0;0;0;0;2174;0;0;126;0;122;0;
14895;5362657;1215500288;21688320;1401237504;0;0;0;0;0;0;0;0;0;0;0;2685;0;0;126;0;122;0;
14896;5581668;1215500288;21688320;1401237504;0;0;0;0;0;0;0;0;0;0;0;3126;0;0;126;0;122;0;
14897;4532480;1215500288;21688320;1401237504;0;0;0;0;0;0;0;0;0;0;0;4188;0;0;126;0;122;0;
14898;4597582;1215500288;21688320;1401237504;0;0;0;0;0;0;0;0;0;0;0;2284;0;0;126;0;122;0;
14899;4886935;1215500288;21688320;1401237504;0;0;0;0;0;0;0;0;0;0;0;3196;0;0;126;0;122;0;
14900;6454164;1215500288;21688320;1401237504;0;0;0;0;0;0;0;0;0;0;0;3717;0;0;126;0;122;0;
14901;4061507;1215500288;21688320;1401237504;0;0;0;0;0;0;0;0;0;0;0;2755;0;0;126;0;122;0;
14902;6441400;1215500288;21688320;1401237504;0;0;0;0;0;0;0;0;0;0;0;3286;0;0;126;0;122;0;
14903;5846054;1215500288;21688320;1401237504;0;0;0;0;0;0;0;0;0;0;0;3116;0;0;126;0;122;0;
14904;5182780;1215500288;21688320;1401237504;0;0;0;0;0;0;0;0;0;0;0;2274;0;0;126;0;122;0;
14905;4599937;1215500288;21688320;1401237504;0;0;0;0;0;0;0;0;0;0;0;2805;0;0;126;0;122;0;
14906;5256198;1215500288;21688320;1401237504;0;0;0;0;0;0;0;0;0;0;0;1633;0;0;126;0;122;0;
14907;4389692;1215500288;21688320;1401237504;0;0;0;0;0;0;0;0;0;0;0;3096;0;0;126;0;122;0;
14908;6004420;1215500288;21688320;1401237504;0;0;0;0;0;0;0;0;0;0;0;2515;0;0;126;0;122;0;
14909;4467128;1215500288;21688320;1401237504;0;0;0;0;0;0;0;0;0;0;0;2885;0;0;126;0;122;0;
14910;5818933;1215500288;21688320;1401237504;0;0;0;0;0;0;0;0;0;0;0;2094;0;0;126;0;122;0;
14911;4207811;1215500288;21688320;1401237504;0;0;0;0;0;0;0;0;0;0;0;3317;0;0;126;0;122;0;
14912;5756245;1215500288;21688320;1401237504;0;0;0;0;0;0;0;0;0;0;0;2976;0;0;126;0;122;0;
14913;3831185;1215500288;21688320;1401237504;0;0;0;0;0;0;0;0;0;0;0;3396;0;0;126;0;122;0;
14914;6400213;1215500288;21688320;1401237504;0;0;0;0;0;0;0;0;0;0;0;2865;0;0;126;0;122;0;
14915;2908324;1215500288;21688320;1401237504;0;0;0;0;0;0;0;0;0;0;0;3417;0;0;126;0;122;0;
14916;6068130;1215500288;21688320;1401237504;0;0;0;0;0;0;0;0;0;0;0;2765;0;0;126;0;122;0;
14917;2888927;1215500288;21688320;1401237504;0;0;0;0;0;0;0;0;0;0;0;2925;0;0;126;0;122;0;
14918;5458857;1215500288;21688320;1401237504;0;0;0;0;0;0;0;0;0;0;0;2254;0;0;126;0;122;0;
14919;3830815;1215500288;21688320;1401237504;0;0;0;0;0;0;0;0;0;0;0;2525;0;0;126;0;122;0;
14920;10800615;1215500288;21688320;1401237504;0;0;0;0;0;0;0;0;0;0;0;2364;0;0;126;0;122;0;
14921;6494630;1215500288;21688320;1401237504;0;0;0;0;0;0;0;0;0;0;0;3236;0;0;126;0;122;0;
14922;6086164;1215500288;21688320;1401237504;0;0;0;0;0;0;0;0;0;0;0;2625;0;0;126;0;122;0;
14923;4293622;1215500288;21688320;1401237504;0;0;0;0;0;0;0;0;0;0;0;2334;0;0;126;0;122;0;
14924;5310800;1215500288;21688320;1401237504;0;0;0;0;0;0;0;0;0;0;0;2064;0;0;126;0;122;0;
14925;3654885;1215500288;21688320;1401237504;0;0;0;0;0;0;0;0;0;0;0;2625;0;0;126;0;122;0;
14926;5480948;1215500288;21688320;1401237504;0;0;0;0;0;0;0;0;0;0;0;1924;0;0;126;0;122;0;
14927;3617113;1215500288;21688320;1401237504;0;0;0;0;0;0;0;0;0;0;0;3035;0;0;126;0;122;0;
14928;4830018;1215500288;21688320;1401237504;0;0;0;0;0;0;0;0;0;0;0;1853;0;0;126;0;122;0;
14929;3461321;1215500288;21688320;1401237504;0;0;0;0;0;0;0;0;0;0;0;3036;0;0;126;0;122;0;
14930;5626231;1215500288;21688320;1401237504;0;0;0;0;0;0;0;0;0;0;0;2464;0;0;126;0;122;0;
14931;5661378;1215500288;21688320;1401237504;0;0;0;0;0;0;0;0;0;0;0;2735;0;0;126;0;122;0;
14932;7219459;1215500288;21688320;1401237504;0;0;0;0;0;0;0;0;0;0;0;2715;0;0;126;0;122;0;
14933;3624808;1215500288;21688320;1401237504;0;0;0;0;0;0;0;0;0;0;0;3847;0;0;126;0;122;0;
14934;5933849;1215500288;21688320;1401237504;0;0;0;0;0;0;0;0;0;0;0;2665;0;0;126;0;122;0;
14935;4792648;1215500288;21688320;1401237504;0;0;0;0;0;0;0;0;0;0;0;3186;0;0;126;0;122;0;
14936;6484872;1215500288;21688320;1401237504;0;0;0;0;0;0;0;0;0;0;0;3366;0;0;126;0;122;0;
14937;5272428;1215500288;21688320;1401237504;0;0;0;0;0;0;0;0;0;0;0;3537;0;0;126;0;122;0;
14938;5897320;1215500288;21688320;1401237504;0;0;0;0;0;0;0;0;0;0;0;1953;0;0;126;0;122;0;
14939;4040116;1215500288;21688320;1401237504;0;0;0;0;0;0;0;0;0;0;0;3236;0;0;126;0;122;0;
14940;5118800;1215500288;21688320;1401237504;0;0;0;0;0;0;0;0;0;0;0;1833;0;0;126;0;122;0;
14941;4124605;1215500288;21688320;1401237504;0;0;0;0;0;0;0;0;0;0;0;2925;0;0;126;0;122;0;
14942;6802958;1215500288;21688320;1401237504;0;0;0;0;0;0;0;0;0;0;0;1834;0;0;126;0;122;0;
14943;3728402;1215500288;21688320;1401237504;0;0;0;0;0;0;0;0;0;0;0;2655;0;0;126;0;122;0;
14944;7311792;1215500288;21688320;1401237504;0;0;0;0;0;0;0;0;0;0;0;2775;0;0;126;0;122;0;
14945;3956550;1215500288;21688320;1401237504;0;0;0;0;0;0;0;0;0;0;0;2876;0;0;126;0;122;0;
14946;6758084;1215500288;21688320;1401237504;0;0;0;0;0;0;0;0;0;0;0;3176;0;0;126;0;122;0;
14947;4902815;1215500288;21688320;1401237504;0;0;0;0;0;0;0;0;0;0;0;3437;0;0;126;0;122;0;
14948;6403058;1215500288;21688320;1401237504;0;0;0;0;0;0;0;0;0;0;0;2725;0;0;126;0;122;0;
14949;5427058;1215500288;21688320;1401237504;0;0;0;0;0;0;0;0;0;0;0;2935;0;0;126;0;122;0;
14950;5529259;1215500288;21688320;1401237504;0;0;0;0;0;0;0;0;0;0;0;2134;0;0;126;0;122;0;
14951;4385174;1215500288;21688320;1401237504;0;0;0;0;0;0;0;0;0;0;0;2455;0;0;126;0;122;0;
14952;4834967;1215500288;21688320;1401237504;0;0;0;0;0;0;0;0;0;0;0;1643;0;0;126;0;122;0;
14953;3571788;1215500288;21688320;1401237504;0;0;0;0;0;0;0;0;0;0;0;3065;0;0;126;0;122;0;
14954;5272838;1215500288;21688320;1401237504;0;0;0;0;0;0;0;0;0;0;0;1613;0;0;126;0;122;0;
14955;4435829;1215500288;21688320;1401237504;0;0;0;0;0;0;0;0;0;0;0;3046;0;0;126;0;122;0;
14956;6179158;1215500288;21688320;1401237504;0;0;0;0;0;0;0;0;0;0;0;23514;0;0;126;0;122;0;
14957;3412309;1215500288;21688320;1401237504;0;0;0;0;0;0;0;0;0;0;0;2905;0;0;126;0;122;0;
14958;5913741;1215500288;21688320;1401237504;0;0;0;0;0;0;0;0;0;0;0;2614;0;0;126;0;122;0;
14959;2888627;1215500288;21688320;1401237504;0;0;0;0;0;0;0;0;0;0;0;2675;0;0;126;0;122;0;
14960;6275258;1215500288;21688320;1401237504;0;0;0;0;0;0;0;0;0;0;0;2645;0;0;126;0;122;0;
14961;3126513;1215500288;21688320;1401237504;0;0;0;0;0;0;0;0;0;0;0;3006;0;0;126;0;122;0;
14962;6327587;1215500288;21688320;1401237504;0;0;0;0;0;0;0;0;0;0;0;3286;0;0;126;0;122;0;
14963;3173181;1215500288;21688320;1401237504;0;0;0;0;0;0;0;0;0;0;0;3266;0;0;126;0;122;0;
14964;5244936;1215500288;21688320;1401237504;0;0;0;0;0;0;0;0;0;0;0;2094;0;0;126;0;122;0;
14965;3390678;1215500288;21688320;1401237504;0;0;0;0;0;0;0;0;0;0;0;3206;0;0;126;0;122;0;
14966;6791026;1215500288;21688320;1401237504;0;0;0;0;0;0;0;0;0;0;0;2805;0;0;126;0;122;0;
14967;4602060;1215500288;21688320;1401237504;0;0;0;0;0;0;0;0;0;0;0;2766;0;0;126;0;122;0;
14968;4902103;1215500288;21688320;1401237504;0;0;0;0;0;0;0;0;0;0;0;2685;0;0;126;0;122;0;
14969;3676786;1215500288;21688320;1401237504;0;0;0;0;0;0;0;0;0;0;0;3767;0;0;126;0;122;0;
14970;5615662;1215500288;21688320;1401237504;0;0;0;0;0;0;0;0;0;0;0;3026;0;0;126;0;122;0;
14971;3729504;1215500288;21688320;1401237504;0;0;0;0;0;0;0;0;0;0;0;2936;0;0;126;0;122;0;
14972;4847781;1215500288;21688320;1401237504;0;0;0;0;0;0;0;0;0;0;0;2164;0;0;126;0;122;0;
14973;5947875;1215500288;21688320;1401237504;0;0;0;0;0;0;0;0;0;0;0;3356;0;0;126;0;122;0;
14974;4753224;1215500288;21688320;1401237504;0;0;0;0;0;0;0;0;0;0;0;1613;0;0;126;0;122;0;
14975;5468475;1215500288;21688320;1401237504;0;0;0;0;0;0;0;0;0;0;0;3446;0;0;126;0;122;0;
14976;5501547;1215500288;21688320;1401237504;0;0;0;0;0;0;0;0;0;0;0;3296;0;0;126;0;122;0;
14977;4074692;1215500288;21688320;1401237504;0;0;0;0;0;0;0;0;0;0;0;3506;0;0;126;0;122;0;
14978;5143466;1215500288;21688320;1401237504;0;0;0;0;0;0;0;0;0;0;0;3096;0;0;126;0;122;0;
14979;3399405;1215500288;21688320;1401237504;0;0;0;0;0;0;0;0;0;0;0;2695;0;0;126;0;122;0;
14980;6957919;1215500288;21688320;1401237504;0;0;0;0;0;0;0;0;0;0;0;2926;0;0;126;0;122;0;
14981;5512388;1215500288;21688320;1401237504;0;0;0;0;0;0;0;0;0;0;0;2835;0;0;126;0;122;0;
14982;5363579;1215500288;21688320;1401237504;0;0;0;0;0;0;0;0;0;0;0;1984;0;0;126;0;122;0;
14983;4931849;1215500288;21688320;1401237504;0;0;0;0;0;0;0;0;0;0;0;2795;0;0;126;0;122;0;
14984;6160103;1215500288;21688320;1401237504;0;0;0;0;0;0;0;0;0;0;0;3016;0;0;126;0;122;0;
14985;3537624;1215500288;21688320;1401237504;0;0;0;0;0;0;0;0;0;0;0;2654;0;0;126;0;122;0;
14986;6270980;1215500288;21688320;1401237504;0;0;0;0;0;0;0;0;0;0;0;2885;0;0;126;0;122;0;
14987;2813747;1215500288;21688320;1401237504;0;0;0;0;0;0;0;0;0;0;0;2906;0;0;126;0;122;0;
14988;5880548;1215500288;21688320;1401237504;0;0;0;0;0;0;0;0;0;0;0;2845;0;0;126;0;122;0;
14989;4337434;1215500288;21688320;1401237504;0;0;0;0;0;0;0;0;0;0;0;2806;0;0;126;0;122;0;
14990;7075189;1215500288;21688320;1401237504;0;0;0;0;0;0;0;0;0;0;0;3005;0;0;126;0;122;0;
14991;5027419;1215500288;21688320;1401237504;0;0;0;0;0;0;0;0;0;0;0;3036;0;0;126;0;122;0;
14992;5908080;1215500288;21688320;1401237504;0;0;0;0;0;0;0;0;0;0;0;2535;0;0;126;0;122;0;
14993;5331729;1215500288;21688320;1401237504;0;0;0;0;0;0;0;0;0;0;0;2845;0;0;126;0;122;0;
14994;6347374;1215500288;21688320;1401237504;0;0;0;0;0;0;0;0;0;0;0;2635;0;0;126;0;122;0;
14995;3887681;1215500288;21688320;1401237504;0;0;0;0;0;0;0;0;0;0;0;2855;0;0;126;0;122;0;
14996;5628816;1215500288;21688320;1401237504;0;0;0;0;0;0;0;0;0;0;0;1954;0;0;126;0;122;0;
14997;4488949;1215500288;21688320;1401237504;0;0;0;0;0;0;0;0;0;0;0;3627;0;0;126;0;122;0;
14998;6712298;1215500288;21688320;1401237504;0;0;0;0;0;0;0;0;0;0;0;2544;0;0;126;0;122;0;
14999;5668711;1215500288;21688320;1401237504;0;0;0;0;0;0;0;0;0;0;0;3066;0;0;126;0;122;0;
15000;8006245;1215500288;21688320;1401237504;0;0;0;0;0;0;0;0;0;0;0;2515;0;0;126;0;122;0;
15001;6272323;1215500288;21688320;1401237504;0;0;0;0;0;0;0;0;0;0;0;3877;0;0;126;0;122;0;
15002;7259996;1215500288;21688320;1401237504;0;0;0;0;0;0;0;0;0;0;0;3016;0;0;126;0;122;0;
15003;5255095;1215500288;21688320;1401237504;0;0;0;0;0;0;0;0;0;0;0;2414;0;0;126;0;122;0;
15004;5039240;1215500288;21688320;1401237504;0;0;0;0;0;0;0;0;0;0;0;2344;0;0;126;0;122;0;
15005;4535175;1215500288;21688320;1401237504;0;0;0;0;0;0;0;0;0;0;0;3176;0;0;126;0;122;0;
15006;5899283;1215500288;21688320;1401237504;0;0;0;0;0;0;0;0;0;0;0;2054;0;0;126;0;122;0;
15007;3639806;1215500288;21688320;1401237504;0;0;0;0;0;0;0;0;0;0;0;2895;0;0;126;0;122;0;
15008;6110820;1215500288;21688320;1401237504;0;0;0;0;0;0;0;0;0;0;0;3316;0;0;126;0;122;0;
15009;4714983;1215500288;21688320;1401237504;0;0;0;0;0;0;0;0;0;0;0;3126;0;0;126;0;122;0;
15010;5812060;1215500288;21688320;1401237504;0;0;0;0;0;0;0;0;0;0;0;3566;0;0;126;0;122;0;
15011;4705234;1215500288;21688320;1401237504;0;0;0;0;0;0;0;0;0;0;0;3847;0;0;126;0;122;0;
15012;7418914;1215500288;21688320;1401237504;0;0;0;0;0;0;0;0;0;0;0;2895;0;0;126;0;122;0;
15013;4610396;1215500288;21688320;1401237504;0;0;0;0;0;0;0;0;0;0;0;3086;0;0;126;0;122;0;
15014;7484757;1215500288;21688320;1401237504;0;0;0;0;0;0;0;0;0;0;0;5350;0;0;126;0;122;0;
15015;6153831;1215500288;21688320;1401237504;0;0;0;0;0;0;0;0;0;0;0;3727;0;0;126;0;122;0;
15016;5104152;1215500288;21688320;1401237504;0;0;0;0;0;0;0;0;0;0;0;2966;0;0;126;0;122;0;
15017;4102223;1215500288;21688320;1401237504;0;0;0;0;0;0;0;0;0;0;0;3056;0;0;126;0;122;0;
15018;5006589;1215500288;21688320;1401237504;0;0;0;0;0;0;0;0;0;0;0;2655;0;0;126;0;122;0;
15019;6426251;1215500288;21688320;1401237504;0;0;0;0;0;0;0;0;0;0;0;3547;0;0;126;0;122;0;
15020;6246895;1215500288;21688320;1401237504;0;0;0;0;0;0;0;0;0;0;0;3066;0;0;126;0;122;0;
15021;4297500;1215500288;21688320;1401237504;0;0;0;0;0;0;0;0;0;0;0;3377;0;0;126;0;122;0;
15022;5751296;1215500288;21688320;1401237504;0;0;0;0;0;0;0;0;0;0;0;60624;0;0;126;0;122;0;
15023;5799626;1215500288;21688320;1401237504;0;0;0;0;0;0;0;0;0;0;0;3417;0;0;126;0;122;0;
15024;5777916;1215500288;21688320;1401237504;0;0;0;0;0;0;0;0;0;0;0;2004;0;0;126;0;122;0;
15025;4214503;1215500288;21688320;1401237504;0;0;0;0;0;0;0;0;0;0;0;3056;0;0;126;0;122;0;
15026;5582279;1215500288;21688320;1401237504;0;0;0;0;0;0;0;0;0;0;0;2364;0;0;126;0;122;0;
15027;3584853;1215500288;21688320;1401237504;0;0;0;0;0;0;0;0;0;0;0;3116;0;0;126;0;122;0;
15028;7070760;1215500288;21688320;1401237504;0;0;0;0;0;0;0;0;0;0;0;2916;0;0;126;0;122;0;
15029;3620379;1215500288;21688320;1401237504;0;0;0;0;0;0;0;0;0;0;0;3186;0;0;126;0;122;0;
15030;5806149;1215500288;21688320;1401237504;0;0;0;0;0;0;0;0;0;0;0;2084;0;0;126;0;122;0;
15031;4301827;1215500288;21688320;1401237504;0;0;0;0;0;0;0;0;0;0;0;2605;0;0;126;0;122;0;
15032;6734319;1215500288;21688320;1401237504;0;0;0;0;0;0;0;0;0;0;0;2665;0;0;126;0;122;0;
15033;4378512;1215500288;21688320;1401237504;0;0;0;0;0;0;0;0;0;0;0;3587;0;0;126;0;122;0;
15034;5546482;1215500288;21688320;1401237504;0;0;0;0;0;0;0;0;0;0;0;2344;0;0;126;0;122;0;
15035;6622680;1215500288;21688320;1401237504;0;0;0;0;0;0;0;0;0;0;0;2966;0;0;126;0;122;0;
15036;6506331;1215500288;21688320;1401237504;0;0;0;0;0;0;0;0;0;0;0;2665;0;0;126;0;122;0;
15037;3529059;1215500288;21688320;1401237504;0;0;0;0;0;0;0;0;0;0;0;3586;0;0;126;0;122;0;
15038;6866207;1215500288;21688320;1401237504;0;0;0;0;0;0;0;0;0;0;0;3697;0;0;126;0;122;0;
15039;4788962;1215500288;21688320;1401237504;0;0;0;0;0;0;0;0;0;0;0;2856;0;0;126;0;122;0;
15040;6142871;1215500288;21688320;1401237504;0;0;0;0;0;0;0;0;0;0;0;2975;0;0;126;0;122;0;
15041;4533352;1215500288;21688320;1401237504;0;0;0;0;0;0;0;0;0;0;0;2845;0;0;126;0;122;0;
15042;5417940;1215500288;21688320;1401237504;0;0;0;0;0;0;0;0;0;0;0;2805;0;0;126;0;122;0;
15043;5669994;1215500288;21688320;1401237504;0;0;0;0;0;0;0;0;0;0;0;3116;0;0;126;0;122;0;
15044;5832508;1215500288;21688320;1401237504;0;0;0;0;0;0;0;0;0;0;0;2345;0;0;126;0;122;0;
15045;4758534;1215500288;21688320;1401237504;0;0;0;0;0;0;0;0;0;0;0;2805;0;0;126;0;122;0;
15046;5425254;1215500288;21688320;1401237504;0;0;0;0;0;0;0;0;0;0;0;2034;0;0;126;0;122;0;
15047;4384112;1215500288;21688320;1401237504;0;0;0;0;0;0;0;0;0;0;0;2745;0;0;126;0;122;0;
15048;5864659;1215500288;21688320;1401237504;0;0;0;0;0;0;0;0;0;0;0;3276;0;0;126;0;122;0;
15049;4314351;1215500288;21688320;1401237504;0;0;0;0;0;0;0;0;0;0;0;3056;0;0;126;0;122;0;
15050;6089891;1215500288;21688320;1401237504;0;0;0;0;0;0;0;0;0;0;0;2525;0;0;126;0;122;0;
15051;3767014;1215500288;21688320;1401237504;0;0;0;0;0;0;0;0;0;0;0;3367;0;0;126;0;122;0;
15052;5726329;1215500288;21688320;1401237504;0;0;0;0;0;0;0;0;0;0;0;2545;0;0;126;0;122;0;
15053;3912377;1215500288;21688320;1401237504;0;0;0;0;0;0;0;0;0;0;0;2604;0;0;126;0;122;0;
15054;5991647;1215500288;21688320;1401237504;0;0;0;0;0;0;0;0;0;0;0;2665;0;0;126;0;122;0;
15055;4589778;1215500288;21688320;1401237504;0;0;0;0;0;0;0;0;0;0;0;2745;0;0;126;0;122;0;
15056;5955699;1215500288;21688320;1401237504;0;0;0;0;0;0;0;0;0;0;0;3336;0;0;126;0;122;0;
15057;5599922;1215500288;21688320;1401237504;0;0;0;0;0;0;0;0;0;0;0;3286;0;0;126;0;122;0;
15058;5567902;1215500288;21688320;1401237504;0;0;0;0;0;0;0;0;0;0;0;2514;0;0;126;0;122;0;
15059;4100410;1215500288;21688320;1401237504;0;0;0;0;0;0;0;0;0;0;0;2645;0;0;126;0;122;0;
15060;6175572;1215500288;21688320;1401237504;0;0;0;0;0;0;0;0;0;0;0;1914;0;0;126;0;122;0;
15061;4573928;1215500288;21688320;1401237504;0;0;0;0;0;0;0;0;0;0;0;2926;0;0;126;0;122;0;
15062;6186782;1215500288;21688320;1401237504;0;0;0;0;0;0;0;0;0;0;0;2525;0;0;126;0;122;0;
15063;3837387;1215500288;21688320;1401237504;0;0;0;0;0;0;0;0;0;0;0;3376;0;0;126;0;122;0;
15064;6035809;1215500288;21688320;1401237504;0;0;0;0;0;0;0;0;0;0;0;3657;0;0;126;0;122;0;
15065;2935505;1215500288;21688320;1401237504;0;0;0;0;0;0;0;0;0;0;0;2886;0;0;126;0;122;0;
15066;7294159;1215500288;21688320;1401237504;0;0;0;0;0;0;0;0;0;0;0;3005;0;0;126;0;122;0;
15067;3988329;1215500288;21688320;1401237504;0;0;0;0;0;0;0;0;0;0;0;3847;0;0;126;0;122;0;
15068;5795238;1215500288;21688320;1401237504;0;0;0;0;0;0;0;0;0;0;0;3115;0;0;126;0;122;0;
15069;3597467;1215500288;21688320;1401237504;0;0;0;0;0;0;0;0;0;0;0;3266;0;0;126;0;122;0;
15070;8403570;1215500288;21688320;1401237504;0;0;0;0;0;0;0;0;0;0;0;2956;0;0;126;0;122;0;
15071;6440469;1215500288;21688320;1401237504;0;0;0;0;0;0;0;0;0;0;0;2946;0;0;126;0;122;0;
15072;4868801;1215500288;21688320;1401237504;0;0;0;0;0;0;0;0;0;0;0;2575;0;0;126;0;122;0;
15073;5391091;1215500288;21688320;1401237504;0;0;0;0;0;0;0;0;0;0;0;2725;0;0;126;0;122;0;
15074;6396516;1215500288;21688320;1401237504;0;0;0;0;0;0;0;0;0;0;0;3447;0;0;126;0;122;0;
15075;4782138;1215500288;21688320;1401237504;0;0;0;0;0;0;0;0;0;0;0;3366;0;0;126;0;122;0;
15076;7340185;1215500288;21688320;1401237504;0;0;0;0;0;0;0;0;0;0;0;2615;0;0;126;0;122;0;
15077;3957933;1215500288;21688320;1401237504;0;0;0;0;0;0;0;0;0;0;0;3346;0;0;126;0;122;0;
15078;6731845;1215500288;21688320;1401237504;0;0;0;0;0;0;0;0;0;0;0;2515;0;0;126;0;122;0;
15079;5069838;1215500288;21688320;1401237504;0;0;0;0;0;0;0;0;0;0;0;2986;0;0;126;0;122;0;
15080;6684315;1215500288;21688320;1401237504;0;0;0;0;0;0;0;0;0;0;0;3336;0;0;126;0;122;0;
15081;3705710;1215500288;21688320;1401237504;0;0;0;0;0;0;0;0;0;0;0;3597;0;0;126;0;122;0;
15082;6405703;1215500288;21688320;1401237504;0;0;0;0;0;0;0;0;0;0;0;2645;0;0;126;0;122;0;
15083;3589772;1215500288;21688320;1401237504;0;0;0;0;0;0;0;0;0;0;0;2946;0;0;126;0;122;0;
15084;6100611;1215500288;21688320;1401237504;0;0;0;0;0;0;0;0;0;0;0;2495;0;0;126;0;122;0;
15085;4080393;1215500288;21688320;1401237504;0;0;0;0;0;0;0;0;0;0;0;3276;0;0;126;0;122;0;
15086;6067478;1215500288;21688320;1401237504;0;0;0;0;0;0;0;0;0;0;0;2986;0;0;126;0;122;0;
15087;4554100;1215500288;21688320;1401237504;0;0;0;0;0;0;0;0;0;0;0;3176;0;0;126;0;122;0;
15088;7056874;1215500288;21688320;1401237504;0;0;0;0;0;0;0;0;0;0;0;3496;0;0;126;0;122;0;
15089;4585941;1215500288;21688320;1401237504;0;0;0;0;0;0;0;0;0;0;0;2775;0;0;126;0;122;0;
15090;6305224;1215500288;21688320;1401237504;0;0;0;0;0;0;0;0;0;0;0;2985;0;0;126;0;122;0;
15091;4092415;1215500288;21688320;1401237504;0;0;0;0;0;0;0;0;0;0;0;3626;0;0;126;0;122;0;
15092;4758694;1215500288;21688320;1401237504;0;0;0;0;0;0;0;0;0;0;0;3106;0;0;126;0;122;0;
15093;4053001;1215500288;21688320;1401237504;0;0;0;0;0;0;0;0;0;0;0;2795;0;0;126;0;122;0;
15094;6607923;1215500288;21688320;1401237504;0;0;0;0;0;0;0;0;0;0;0;2725;0;0;126;0;122;0;
15095;5607997;1215500288;21688320;1401237504;0;0;0;0;0;0;0;0;0;0;0;3176;0;0;126;0;122;0;
15096;6645813;1215500288;21688320;1401237504;0;0;0;0;0;0;0;0;0;0;0;3216;0;0;126;0;122;0;
15097;4318239;1215500288;21688320;1401237504;0;0;0;0;0;0;0;0;0;0;0;2846;0;0;126;0;122;0;
15098;6752564;1215500288;21688320;1401237504;0;0;0;0;0;0;0;0;0;0;0;3636;0;0;126;0;122;0;
15099;3854889;1215500288;21688320;1401237504;0;0;0;0;0;0;0;0;0;0;0;3917;0;0;126;0;122;0;
15100;5639817;1215500288;21688320;1401237504;0;0;0;0;0;0;0;0;0;0;0;2524;0;0;126;0;122;0;
15101;3773717;1215500288;21688320;1401237504;0;0;0;0;0;0;0;0;0;0;0;5481;0;0;126;0;122;0;
15102;5989823;1215500288;21688320;1401237504;0;0;0;0;0;0;0;0;0;0;0;3026;0;0;126;0;122;0;
15103;4663877;1215500288;21688320;1401237504;0;0;0;0;0;0;0;0;0;0;0;3556;0;0;126;0;122;0;
15104;5990905;1215500288;21688320;1401237504;0;0;0;0;0;0;0;0;0;0;0;3146;0;0;126;0;122;0;
15105;3939368;1215500288;21688320;1401237504;0;0;0;0;0;0;0;0;0;0;0;3156;0;0;126;0;122;0;
15106;5357126;1215500288;21688320;1401237504;0;0;0;0;0;0;0;0;0;0;0;3166;0;0;126;0;122;0;
15107;4553359;1215500288;21688320;1401237504;0;0;0;0;0;0;0;0;0;0;0;3827;0;0;126;0;122;0;
15108;8120108;1215500288;21688320;1401237504;0;0;0;0;0;0;0;0;0;0;0;3036;0;0;126;0;122;0;
15109;10224916;1215500288;21688320;1401237504;0;0;0;0;0;0;0;0;0;0;0;3427;0;0;126;0;122;0;
15110;6175301;1215500288;21688320;1401237504;0;0;0;0;0;0;0;0;0;0;0;2745;0;0;126;0;122;0;
15111;5090557;1215500288;21688320;1401237504;0;0;0;0;0;0;0;0;0;0;0;4599;0;0;126;0;122;0;
15112;5582139;1215500288;21688320;1401237504;0;0;0;0;0;0;0;0;0;0;0;2916;0;0;126;0;122;0;
15113;5393906;1215500288;21688320;1401237504;0;0;0;0;0;0;0;0;0;0;0;4177;0;0;126;0;122;0;
15114;5330657;1215500288;21688320;1401237504;0;0;0;0;0;0;0;0;0;0;0;2936;0;0;126;0;122;0;
15115;3951009;1215500288;21688320;1401237504;0;0;0;0;0;0;0;0;0;0;0;2755;0;0;126;0;122;0;
15116;5780320;1215500288;21688320;1401237504;0;0;0;0;0;0;0;0;0;0;0;3046;0;0;126;0;122;0;
15117;4813678;1215500288;21688320;1401237504;0;0;0;0;0;0;0;0;0;0;0;3336;0;0;126;0;122;0;
15118;6230114;1215500288;21688320;1401237504;0;0;0;0;0;0;0;0;0;0;0;3186;0;0;126;0;122;0;
15119;4346371;1215500288;21688320;1401237504;0;0;0;0;0;0;0;0;0;0;0;3497;0;0;126;0;122;0;
15120;6078560;1215500288;21688320;1401237504;0;0;0;0;0;0;0;0;0;0;0;3026;0;0;126;0;122;0;
15121;3936412;1215500288;21688320;1401237504;0;0;0;0;0;0;0;0;0;0;0;2925;0;0;126;0;122;0;
15122;7283710;1215500288;21688320;1401237504;0;0;0;0;0;0;0;0;0;0;0;4308;0;0;126;0;122;0;
15123;3483203;1215500288;21688320;1401237504;0;0;0;0;0;0;0;0;0;0;0;3036;0;0;126;0;122;0;
15124;5026777;1215500288;21688320;1401237504;0;0;0;0;0;0;0;0;0;0;0;2354;0;0;126;0;122;0;
15125;3132615;1215500288;21688320;1401237504;0;0;0;0;0;0;0;0;0;0;0;3527;0;0;126;0;122;0;
15126;6163720;1215500288;21688320;1401237504;0;0;0;0;0;0;0;0;0;0;0;2665;0;0;126;0;122;0;
15127;3421507;1215500288;21688320;1401237504;0;0;0;0;0;0;0;0;0;0;0;3266;0;0;126;0;122;0;
15128;5466853;1215500288;21688320;1401237504;0;0;0;0;0;0;0;0;0;0;0;2074;0;0;126;0;122;0;
15129;3528137;1215500288;21688320;1401237504;0;0;0;0;0;0;0;0;0;0;0;3436;0;0;126;0;122;0;
15130;4397537;1215500288;21688320;1401237504;0;0;0;0;0;0;0;0;0;0;0;2244;0;0;126;0;122;0;
15131;4194917;1215500288;21688320;1401237504;0;0;0;0;0;0;0;0;0;0;0;3497;0;0;126;0;122;0;
15132;5300190;1215500288;21688320;1401237504;0;0;0;0;0;0;0;0;0;0;0;2785;0;0;126;0;122;0;
15133;5105374;1215500288;21688320;1401237504;0;0;0;0;0;0;0;0;0;0;0;2515;0;0;126;0;122;0;
15134;6525147;1215500288;21688320;1401237504;0;0;0;0;0;0;0;0;0;0;0;3306;0;0;126;0;122;0;
15135;4324560;1215500288;21688320;1401237504;0;0;0;0;0;0;0;0;0;0;0;3667;0;0;126;0;122;0;
15136;6746682;1215500288;21688320;1401237504;0;0;0;0;0;0;0;0;0;0;0;2735;0;0;126;0;122;0;
15137;3482471;1215500288;21688320;1401237504;0;0;0;0;0;0;0;0;0;0;0;3135;0;0;126;0;122;0;
15138;6993475;1215500288;21688320;1401237504;0;0;0;0;0;0;0;0;0;0;0;4359;0;0;126;0;122;0;
15139;4013257;1215500288;21688320;1401237504;0;0;0;0;0;0;0;0;0;0;0;3216;0;0;126;0;122;0;
15140;6699745;1215500288;21688320;1401237504;0;0;0;0;0;0;0;0;0;0;0;3025;0;0;126;0;122;0;
15141;4109377;1215500288;21688320;1401237504;0;0;0;0;0;0;0;0;0;0;0;2625;0;0;126;0;122;0;
15142;6953951;1215500288;21688320;1401237504;0;0;0;0;0;0;0;0;0;0;0;3427;0;0;126;0;122;0;
15143;5382875;1215500288;21688320;1401237504;0;0;0;0;0;0;0;0;0;0;0;3186;0;0;126;0;122;0;
15144;7162964;1215500288;21688320;1401237504;0;0;0;0;0;0;0;0;0;0;0;3446;0;0;126;0;122;0;
15145;5463346;1215500288;21688320;1401237504;0;0;0;0;0;0;0;0;0;0;0;4308;0;0;126;0;122;0;
15146;8769857;1215500288;21688320;1401237504;0;0;0;0;0;0;0;0;0;0;0;4017;0;0;126;0;122;0;
15147;5455812;1215500288;21688320;1401237504;0;0;0;0;0;0;0;0;0;0;0;3697;0;0;126;0;122;0;
15148;6395404;1215500288;21688320;1401237504;0;0;0;0;0;0;0;0;0;0;0;3777;0;0;126;0;122;0;
15149;3484956;1215500288;21688320;1401237504;0;0;0;0;0;0;0;0;0;0;0;3847;0;0;126;0;122;0;
15150;7038049;1215500288;21688320;1401237504;0;0;0;0;0;0;0;0;0;0;0;2986;0;0;126;0;122;0;
15151;4898106;1215500288;21688320;1401237504;0;0;0;0;0;0;0;0;0;0;0;2936;0;0;126;0;122;0;
15152;7159907;1215500288;21692416;1401241600;0;0;0;0;0;0;0;0;0;0;0;3256;0;0;126;0;122;0;
15153;4830479;1215500288;21696512;1401245696;0;0;0;0;0;0;0;0;0;0;0;2995;0;0;126;0;122;0;
15154;7943908;1215500288;21696512;1401245696;0;0;0;0;0;0;0;0;0;0;0;3536;0;0;126;0;122;0;
15155;4303791;1215500288;21696512;1401245696;0;0;0;0;0;0;0;0;0;0;0;3326;0;0;126;0;122;0;
15156;8401937;1215500288;21696512;1401245696;0;0;0;0;0;0;0;0;0;0;0;3787;0;0;126;0;122;0;
15157;4633290;1215500288;21696512;1401245696;0;0;0;0;0;0;0;0;0;0;0;3587;0;0;126;0;122;0;
15158;7554999;1215500288;21696512;1401245696;0;0;0;0;0;0;0;0;0;0;0;3507;0;0;126;0;122;0;
15159;4187353;1215582208;21688320;1401237504;0;0;0;0;0;0;0;0;0;0;0;4188;0;0;126;0;122;0;
15160;7639808;1215582208;21688320;1401237504;0;0;0;0;0;0;0;0;0;0;0;3106;0;0;126;0;122;0;
15161;5149788;1215582208;21688320;1401237504;0;0;0;0;0;0;0;0;0;0;0;3287;0;0;126;0;122;0;
15162;6207852;1215582208;21688320;1401237504;0;0;0;0;0;0;0;0;0;0;0;2805;0;0;126;0;122;0;
15163;4612280;1215582208;21688320;1401237504;0;0;0;0;0;0;0;0;0;0;0;3096;0;0;126;0;122;0;
15164;7151853;1215582208;21688320;1401237504;0;0;0;0;0;0;0;0;0;0;0;3346;0;0;126;0;122;0;
15165;6175642;1215582208;21688320;1401237504;0;0;0;0;0;0;0;0;0;0;0;3026;0;0;126;0;122;0;
15166;7162743;1215582208;21688320;1401237504;0;0;0;0;0;0;0;0;0;0;0;3317;0;0;126;0;122;0;
15167;8042793;1215582208;21688320;1401237504;0;0;0;0;0;0;0;0;0;0;0;3176;0;0;126;0;122;0;
15168;7359171;1215582208;21688320;1401237504;0;0;0;0;0;0;0;0;0;0;0;4278;0;0;126;0;122;0;
15169;5573753;1215582208;21688320;1401237504;0;0;0;0;0;0;0;0;0;0;0;2985;0;0;126;0;122;0;
15170;6552668;1215582208;21688320;1401237504;0;0;0;0;0;0;0;0;0;0;0;2805;0;0;126;0;122;0;
15171;5883774;1215582208;21688320;1401237504;0;0;0;0;0;0;0;0;0;0;0;3396;0;0;126;0;122;0;
15172;7609541;1215582208;21688320;1401237504;0;0;0;0;0;0;0;0;0;0;0;3757;0;0;126;0;122;0;
15173;6302079;1215582208;21688320;1401237504;0;0;0;0;0;0;0;0;0;0;0;3627;0;0;126;0;122;0;
15174;6806565;1215582208;21688320;1401237504;0;0;0;0;0;0;0;0;0;0;0;3226;0;0;126;0;122;0;
15175;5070559;1215582208;21688320;1401237504;0;0;0;0;0;0;0;0;0;0;0;3146;0;0;126;0;122;0;
15176;7509874;1215582208;21688320;1401237504;0;0;0;0;0;0;0;0;0;0;0;4157;0;0;126;0;122;0;
15177;7049570;1215582208;21688320;1401237504;0;0;0;0;0;0;0;0;0;0;0;3717;0;0;126;0;122;0;
15178;8053884;1215582208;21688320;1401237504;0;0;0;0;0;0;0;0;0;0;0;3236;0;0;126;0;122;0;
15179;6145885;1215582208;21688320;1401237504;0;0;0;0;0;0;0;0;0;0;0;4037;0;0;126;0;122;0;
15180;7970257;1215582208;21688320;1401237504;0;0;0;0;0;0;0;0;0;0;0;2995;0;0;126;0;122;0;
15181;6557207;1215582208;21688320;1401237504;0;0;0;0;0;0;0;0;0;0;0;3557;0;0;126;0;122;0;
15182;6681099;1215582208;21688320;1401237504;0;0;0;0;0;0;0;0;0;0;0;3346;0;0;126;0;122;0;
15183;5087992;1215582208;21688320;1401237504;0;0;0;0;0;0;0;0;0;0;0;3958;0;0;126;0;122;0;
15184;7572923;1215582208;21688320;1401237504;0;0;0;0;0;0;0;0;0;0;0;3236;0;0;126;0;122;0;
15185;4720713;1215582208;21688320;1401237504;0;0;0;0;0;0;0;0;0;0;0;3256;0;0;126;0;122;0;
15186;8389253;1215582208;21688320;1401237504;0;0;0;0;0;0;0;0;0;0;0;3647;0;0;126;0;122;0;
15187;4028054;1215582208;21688320;1401237504;0;0;0;0;0;0;0;0;0;0;0;2835;0;0;126;0;122;0;
15188;8288564;1215582208;21688320;1401237504;0;0;0;0;0;0;0;0;0;0;0;3416;0;0;126;0;122;0;
15189;6071266;1215582208;21688320;1401237504;0;0;0;0;0;0;0;0;0;0;0;3617;0;0;126;0;122;0;
15190;6756701;1215582208;21688320;1401237504;0;0;0;0;0;0;0;0;0;0;0;2885;0;0;126;0;122;0;
15191;3247710;1215582208;21688320;1401237504;0;0;0;0;0;0;0;0;0;0;0;3046;0;0;126;0;122;0;
15192;6854666;1215582208;21688320;1401237504;0;0;0;0;0;0;0;0;0;0;0;4078;0;0;126;0;122;0;
15193;3215932;1215582208;21688320;1401237504;0;0;0;0;0;0;0;0;0;0;0;2475;0;0;126;0;122;0;
15194;6263095;1215582208;21688320;1401237504;0;0;0;0;0;0;0;0;0;0;0;2685;0;0;126;0;122;0;
15195;3415616;1215582208;21688320;1401237504;0;0;0;0;0;0;0;0;0;0;0;3827;0;0;126;0;122;0;
15196;5888153;1215582208;21688320;1401237504;0;0;0;0;0;0;0;0;0;0;0;3516;0;0;126;0;122;0;
15197;4736884;1215582208;21688320;1401237504;0;0;0;0;0;0;0;0;0;0;0;3496;0;0;126;0;122;0;
15198;5240508;1215582208;21688320;1401237504;0;0;0;0;0;0;0;0;0;0;0;3276;0;0;126;0;122;0;
15199;5959016;1215582208;21688320;1401237504;0;0;0;0;0;0;0;0;0;0;0;3496;0;0;126;0;122;0;
15200;4998244;1215582208;21688320;1401237504;0;0;0;0;0;0;0;0;0;0;0;2735;0;0;126;0;122;0;
15201;4408347;1215582208;21688320;1401237504;0;0;0;0;0;0;0;0;0;0;0;4118;0;0;126;0;122;0;
15202;5825656;1215582208;21688320;1401237504;0;0;0;0;0;0;0;0;0;0;0;2906;0;0;126;0;122;0;
15203;4615095;1215582208;21688320;1401237504;0;0;0;0;0;0;0;0;0;0;0;3076;0;0;126;0;122;0;
15204;5802332;1215582208;21688320;1401237504;0;0;0;0;0;0;0;0;0;0;0;2295;0;0;126;0;122;0;
15205;5860681;1215582208;21688320;1401237504;0;0;0;0;0;0;0;0;0;0;0;3576;0;0;126;0;122;0;
15206;5198750;1215582208;21688320;1401237504;0;0;0;0;0;0;0;0;0;0;0;2395;0;0;126;0;122;0;
15207;4980781;1215582208;21688320;1401237504;0;0;0;0;0;0;0;0;0;0;0;4649;0;0;126;0;122;0;
15208;5537104;1215582208;21688320;1401237504;0;0;0;0;0;0;0;0;0;0;0;2806;0;0;126;0;122;0;
15209;5541723;1215582208;21688320;1401237504;0;0;0;0;0;0;0;0;0;0;0;3867;0;0;126;0;122;0;
15210;5624938;1215582208;21688320;1401237504;0;0;0;0;0;0;0;0;0;0;0;2906;0;0;126;0;122;0;
15211;5129900;1215582208;21688320;1401237504;0;0;0;0;0;0;0;0;0;0;0;3487;0;0;126;0;122;0;
15212;6063802;1215582208;21688320;1401237504;0;0;0;0;0;0;0;0;0;0;0;2975;0;0;126;0;122;0;
15213;4886103;1215582208;21688320;1401237504;0;0;0;0;0;0;0;0;0;0;0;2836;0;0;126;0;122;0;
15214;6666823;1215582208;21688320;1401237504;0;0;0;0;0;0;0;0;0;0;0;3486;0;0;126;0;122;0;
15215;3991526;1215582208;21688320;1401237504;0;0;0;0;0;0;0;0;0;0;0;3497;0;0;126;0;122;0;
15216;6074402;1215582208;21688320;1401237504;0;0;0;0;0;0;0;0;0;0;0;2805;0;0;126;0;122;0;
15217;3652149;1215582208;21688320;1401237504;0;0;0;0;0;0;0;0;0;0;0;2995;0;0;126;0;122;0;
15218;7876742;1215582208;21688320;1401237504;0;0;0;0;0;0;0;0;0;0;0;3566;0;0;126;0;122;0;
15219;4141076;1215582208;21688320;1401237504;0;0;0;0;0;0;0;0;0;0;0;3697;0;0;126;0;122;0;
15220;6937260;1215582208;21688320;1401237504;0;0;0;0;0;0;0;0;0;0;0;3707;0;0;126;0;122;0;
15221;5251889;1215582208;21688320;1401237504;0;0;0;0;0;0;0;0;0;0;0;3446;0;0;126;0;122;0;
15222;6779725;1215582208;21688320;1401237504;0;0;0;0;0;0;0;0;0;0;0;3146;0;0;126;0;122;0;
15223;4643679;1215582208;21688320;1401237504;0;0;0;0;0;0;0;0;0;0;0;3076;0;0;126;0;122;0;
15224;5289139;1215582208;21688320;1401237504;0;0;0;0;0;0;0;0;0;0;0;3717;0;0;126;0;122;0;
15225;4215245;1215582208;21688320;1401237504;0;0;0;0;0;0;0;0;0;0;0;3186;0;0;126;0;122;0;
15226;6370017;1215582208;21688320;1401237504;0;0;0;0;0;0;0;0;0;0;0;2916;0;0;126;0;122;0;
15227;4360377;1215582208;21688320;1401237504;0;0;0;0;0;0;0;0;0;0;0;3046;0;0;126;0;122;0;
15228;5377645;1215582208;21688320;1401237504;0;0;0;0;0;0;0;0;0;0;0;4108;0;0;126;0;122;0;
15229;5054259;1215582208;21688320;1401237504;0;0;0;0;0;0;0;0;0;0;0;3486;0;0;126;0;122;0;
15230;5564375;1215582208;21688320;1401237504;0;0;0;0;0;0;0;0;0;0;0;2765;0;0;126;0;122;0;
15231;4122661;1215582208;21688320;1401237504;0;0;0;0;0;0;0;0;0;0;0;2445;0;0;126;0;122;0;
15232;5398584;1215582208;21688320;1401237504;0;0;0;0;0;0;0;0;0;0;0;2384;0;0;126;0;122;0;
15233;4734078;1215582208;21688320;1401237504;0;0;0;0;0;0;0;0;0;0;0;3868;0;0;126;0;122;0;
15234;6503536;1215582208;21688320;1401237504;0;0;0;0;0;0;0;0;0;0;0;3517;0;0;126;0;122;0;
15235;3994391;1215582208;21688320;1401237504;0;0;0;0;0;0;0;0;0;0;0;4038;0;0;126;0;122;0;
15236;6143892;1215582208;21688320;1401237504;0;0;0;0;0;0;0;0;0;0;0;3006;0;0;126;0;122;0;
15237;3522085;1215582208;21688320;1401237504;0;0;0;0;0;0;0;0;0;0;0;2605;0;0;126;0;122;0;
15238;7494795;1215582208;21692416;1401241600;0;0;0;0;0;0;0;0;0;0;0;2775;0;0;126;0;122;0;
15239;4133382;1215582208;21696512;1401245696;0;0;0;0;0;0;0;0;0;0;0;2244;0;0;126;0;122;0;
15240;6209656;1215582208;21696512;1401245696;0;0;0;0;0;0;0;0;0;0;0;3567;0;0;126;0;122;0;
15241;4804711;1215582208;21696512;1401245696;0;0;0;0;0;0;0;0;0;0;0;3356;0;0;126;0;122;0;
15242;6759136;1215582208;21696512;1401245696;0;0;0;0;0;0;0;0;0;0;0;2124;0;0;126;0;122;0;
15243;4507633;1215582208;21696512;1401245696;0;0;0;0;0;0;0;0;0;0;0;3667;0;0;126;0;122;0;
15244;6145244;1215582208;21696512;1401245696;0;0;0;0;0;0;0;0;0;0;0;2645;0;0;126;0;122;0;
15245;4708480;1215582208;21688320;1401237504;0;0;0;0;0;0;0;0;0;0;0;3356;0;0;126;0;122;0;
15246;5478274;1215582208;21688320;1401237504;0;0;0;0;0;0;0;0;0;0;0;2876;0;0;126;0;122;0;
15247;4794482;1215582208;21688320;1401237504;0;0;0;0;0;0;0;0;0;0;0;3126;0;0;126;0;122;0;
15248;5849320;1215582208;21688320;1401237504;0;0;0;0;0;0;0;0;0;0;0;3196;0;0;126;0;122;0;
15249;5654314;1215582208;21688320;1401237504;0;0;0;0;0;0;0;0;0;0;0;3186;0;0;126;0;122;0;
15250;5107087;1215582208;21688320;1401237504;0;0;0;0;0;0;0;0;0;0;0;2745;0;0;126;0;122;0;
15251;4145234;1215582208;21688320;1401237504;0;0;0;0;0;0;0;0;0;0;0;3967;0;0;126;0;122;0;
15252;6078720;1215582208;21688320;1401237504;0;0;0;0;0;0;0;0;0;0;0;3106;0;0;126;0;122;0;
15253;5639627;1215582208;21688320;1401237504;0;0;0;0;0;0;0;0;0;0;0;3546;0;0;126;0;122;0;
15254;5901868;1215582208;21688320;1401237504;0;0;0;0;0;0;0;0;0;0;0;3126;0;0;126;0;122;0;
15255;4020981;1215582208;21688320;1401237504;0;0;0;0;0;0;0;0;0;0;0;3517;0;0;126;0;122;0;
15256;6801305;1215582208;21688320;1401237504;0;0;0;0;0;0;0;0;0;0;0;2645;0;0;126;0;122;0;
15257;4995118;1215582208;21688320;1401237504;0;0;0;0;0;0;0;0;0;0;0;3066;0;0;126;0;122;0;
15258;7475660;1215582208;21688320;1401237504;0;0;0;0;0;0;0;0;0;0;0;3967;0;0;126;0;122;0;
15259;3596385;1215582208;21688320;1401237504;0;0;0;0;0;0;0;0;0;0;0;2746;0;0;126;0;122;0;
15260;5019102;1215582208;21688320;1401237504;0;0;0;0;0;0;0;0;0;0;0;2164;0;0;126;0;122;0;
15261;4182464;1215582208;21688320;1401237504;0;0;0;0;0;0;0;0;0;0;0;3707;0;0;126;0;122;0;
15262;5061242;1215582208;21688320;1401237504;0;0;0;0;0;0;0;0;0;0;0;2394;0;0;126;0;122;0;
15263;4127631;1215582208;21688320;1401237504;0;0;0;0;0;0;0;0;0;0;0;3647;0;0;126;0;122;0;
15264;5307433;1215582208;21688320;1401237504;0;0;0;0;0;0;0;0;0;0;0;2063;0;0;126;0;122;0;
15265;4881305;1215582208;21688320;1401237504;0;0;0;0;0;0;0;0;0;0;0;2725;0;0;126;0;122;0;
15266;5495055;1215582208;21688320;1401237504;0;0;0;0;0;0;0;0;0;0;0;2265;0;0;126;0;122;0;
15267;4273534;1215582208;21688320;1401237504;0;0;0;0;0;0;0;0;0;0;0;3637;0;0;126;0;122;0;
15268;6152008;1215582208;21688320;1401237504;0;0;0;0;0;0;0;0;0;0;0;3277;0;0;126;0;122;0;
15269;4298401;1215582208;21688320;1401237504;0;0;0;0;0;0;0;0;0;0;0;3196;0;0;126;0;122;0;
15270;5793556;1215582208;21688320;1401237504;0;0;0;0;0;0;0;0;0;0;0;2785;0;0;126;0;122;0;
15271;3828359;1215582208;21688320;1401237504;0;0;0;0;0;0;0;0;0;0;0;3387;0;0;126;0;122;0;
15272;5895206;1215582208;21688320;1401237504;0;0;0;0;0;0;0;0;0;0;0;2385;0;0;126;0;122;0;
15273;3623836;1215582208;21688320;1401237504;0;0;0;0;0;0;0;0;0;0;0;4278;0;0;126;0;122;0;
15274;5397122;1215582208;21688320;1401237504;0;0;0;0;0;0;0;0;0;0;0;2295;0;0;126;0;122;0;
15275;4815240;1215582208;21688320;1401237504;0;0;0;0;0;0;0;0;0;0;0;3727;0;0;126;0;122;0;
15276;5824093;1215582208;21688320;1401237504;0;0;0;0;0;0;0;0;0;0;0;2004;0;0;126;0;122;0;
15277;4285888;1215582208;21688320;1401237504;0;0;0;0;0;0;0;0;0;0;0;3757;0;0;126;0;122;0;
15278;5629557;1215582208;21688320;1401237504;0;0;0;0;0;0;0;0;0;0;0;1883;0;0;126;0;122;0;
15279;5000828;1215582208;21688320;1401237504;0;0;0;0;0;0;0;0;0;0;0;3457;0;0;126;0;122;0;
15280;5624157;1215582208;21688320;1401237504;0;0;0;0;0;0;0;0;0;0;0;2665;0;0;126;0;122;0;
15281;4695946;1215582208;21688320;1401237504;0;0;0;0;0;0;0;0;0;0;0;3156;0;0;126;0;122;0;
15282;5349382;1215582208;21688320;1401237504;0;0;0;0;0;0;0;0;0;0;0;2625;0;0;126;0;122;0;
15283;6466868;1215582208;21688320;1401237504;0;0;0;0;0;0;0;0;0;0;0;2455;0;0;126;0;122;0;
15284;6238540;1215582208;21688320;1401237504;0;0;0;0;0;0;0;0;0;0;0;3607;0;0;126;0;122;0;
15285;4428244;1215582208;21688320;1401237504;0;0;0;0;0;0;0;0;0;0;0;3045;0;0;126;0;122;0;
15286;6315815;1215582208;21688320;1401237504;0;0;0;0;0;0;0;0;0;0;0;2925;0;0;126;0;122;0;
15287;13265498;1215582208;21688320;1401237504;0;0;0;0;0;0;0;0;0;0;0;5781;0;0;126;0;122;0;
15288;6159922;1215582208;21688320;1401237504;0;0;0;0;0;0;0;0;0;0;0;2595;0;0;126;0;122;0;
15289;3315468;1215582208;21688320;1401237504;0;0;0;0;0;0;0;0;0;0;0;3416;0;0;126;0;122;0;
15290;4720743;1215582208;21688320;1401237504;0;0;0;0;0;0;0;0;0;0;0;3426;0;0;126;0;122;0;
15291;5512558;1215582208;21688320;1401237504;0;0;0;0;0;0;0;0;0;0;0;3737;0;0;126;0;122;0;
15292;6293873;1215582208;21688320;1401237504;0;0;0;0;0;0;0;0;0;0;0;3146;0;0;126;0;122;0;
15293;4778351;1215582208;21688320;1401237504;0;0;0;0;0;0;0;0;0;0;0;2735;0;0;126;0;122;0;
15294;6237247;1215582208;21688320;1401237504;0;0;0;0;0;0;0;0;0;0;0;3506;0;0;126;0;122;0;
15295;3828179;1215582208;21688320;1401237504;0;0;0;0;0;0;0;0;0;0;0;3226;0;0;126;0;122;0;
15296;5535200;1215582208;21688320;1401237504;0;0;0;0;0;0;0;0;0;0;0;2464;0;0;126;0;122;0;
15297;4335170;1215582208;21688320;1401237504;0;0;0;0;0;0;0;0;0;0;0;3216;0;0;126;0;122;0;
15298;5418532;1215582208;21688320;1401237504;0;0;0;0;0;0;0;0;0;0;0;1943;0;0;126;0;122;0;
15299;3850601;1215582208;21688320;1401237504;0;0;0;0;0;0;0;0;0;0;0;2705;0;0;126;0;122;0;
15300;4993424;1215582208;21688320;1401237504;0;0;0;0;0;0;0;0;0;0;0;2154;0;0;126;0;122;0;
15301;3626370;1215582208;21688320;1401237504;0;0;0;0;0;0;0;0;0;0;0;2976;0;0;126;0;122;0;
15302;5146952;1215582208;21688320;1401237504;0;0;0;0;0;0;0;0;0;0;0;1633;0;0;126;0;122;0;
15303;4420149;1215582208;21688320;1401237504;0;0;0;0;0;0;0;0;0;0;0;2936;0;0;126;0;122;0;
15304;4595819;1215582208;21688320;1401237504;0;0;0;0;0;0;0;0;0;0;0;2224;0;0;126;0;122;0;
15305;4042291;1215582208;21688320;1401237504;0;0;0;0;0;0;0;0;0;0;0;3116;0;0;126;0;122;0;
15306;5301803;1215582208;21688320;1401237504;0;0;0;0;0;0;0;0;0;0;0;1964;0;0;126;0;122;0;
15307;3449209;1215582208;21688320;1401237504;0;0;0;0;0;0;0;0;0;0;0;2555;0;0;126;0;122;0;
15308;4557618;1215582208;21688320;1401237504;0;0;0;0;0;0;0;0;0;0;0;2054;0;0;126;0;122;0;
15309;4247175;1215582208;21688320;1401237504;0;0;0;0;0;0;0;0;0;0;0;2845;0;0;126;0;122;0;
15310;5224869;1215582208;21688320;1401237504;0;0;0;0;0;0;0;0;0;0;0;2064;0;0;126;0;122;0;
15311;4406684;1215582208;21688320;1401237504;0;0;0;0;0;0;0;0;0;0;0;2955;0;0;126;0;122;0;
15312;5717793;1215582208;21688320;1401237504;0;0;0;0;0;0;0;0;0;0;0;2855;0;0;126;0;122;0;
15313;3520052;1215582208;21688320;1401237504;0;0;0;0;0;0;0;0;0;0;0;3246;0;0;126;0;122;0;
15314;5288688;1215582208;21688320;1401237504;0;0;0;0;0;0;0;0;0;0;0;3176;0;0;126;0;122;0;
15315;3935351;1215582208;21688320;1401237504;0;0;0;0;0;0;0;0;0;0;0;3045;0;0;126;0;122;0;
15316;5754101;1215582208;21688320;1401237504;0;0;0;0;0;0;0;0;0;0;0;3927;0;0;126;0;122;0;
15317;5725728;1215582208;21688320;1401237504;0;0;0;0;0;0;0;0;0;0;0;3276;0;0;126;0;122;0;
15318;7008894;1215582208;21688320;1401237504;0;0;0;0;0;0;0;0;0;0;0;3577;0;0;126;0;122;0;
15319;5391071;1215582208;21688320;1401237504;0;0;0;0;0;0;0;0;0;0;0;3306;0;0;126;0;122;0;
15320;6753155;1215582208;21688320;1401237504;0;0;0;0;0;0;0;0;0;0;0;3997;0;0;126;0;122;0;
15321;5047867;1215582208;21688320;1401237504;0;0;0;0;0;0;0;0;0;0;0;3647;0;0;126;0;122;0;
15322;6756801;1215582208;21688320;1401237504;0;0;0;0;0;0;0;0;0;0;0;3036;0;0;126;0;122;0;
15323;3875068;1215582208;21688320;1401237504;0;0;0;0;0;0;0;0;0;0;0;3276;0;0;126;0;122;0;
15324;7021167;1215582208;21688320;1401237504;0;0;0;0;0;0;0;0;0;0;0;3556;0;0;126;0;122;0;
15325;6368514;1215582208;21688320;1401237504;0;0;0;0;0;0;0;0;0;0;0;4048;0;0;126;0;122;0;
15326;7522879;1215582208;21688320;1401237504;0;0;0;0;0;0;0;0;0;0;0;3216;0;0;126;0;122;0;
15327;5670004;1215582208;21688320;1401237504;0;0;0;0;0;0;0;0;0;0;0;4187;0;0;126;0;122;0;
15328;7654966;1215582208;21688320;1401237504;0;0;0;0;0;0;0;0;0;0;0;4759;0;0;126;0;122;0;
15329;6982976;1215582208;21688320;1401237504;0;0;0;0;0;0;0;0;0;0;0;4398;0;0;126;0;122;0;
15330;6258737;1215582208;21688320;1401237504;0;0;0;0;0;0;0;0;0;0;0;3857;0;0;126;0;122;0;
15331;5598780;1215582208;21688320;1401237504;0;0;0;0;0;0;0;0;0;0;0;3206;0;0;126;0;122;0;
15332;7317754;1215582208;21692416;1401241600;0;0;0;0;0;0;0;0;0;0;0;4378;0;0;126;0;122;0;
15333;3852214;1215582208;21696512;1401245696;0;0;0;0;0;0;0;0;0;0;0;2995;0;0;126;0;122;0;
15334;4510008;1215582208;21696512;1401245696;0;0;0;0;0;0;0;0;0;0;0;2084;0;0;126;0;122;0;
15335;3732340;1215582208;21696512;1401245696;0;0;0;0;0;0;0;0;0;0;0;3667;0;0;126;0;122;0;
15336;5326148;1215582208;21696512;1401245696;0;0;0;0;0;0;0;0;0;0;0;2425;0;0;126;0;122;0;
15337;4746802;1215582208;21696512;1401245696;0;0;0;0;0;0;0;0;0;0;0;3697;0;0;126;0;122;0;
15338;6286520;1215582208;21696512;1401245696;0;0;0;0;0;0;0;0;0;0;0;2915;0;0;126;0;122;0;
15339;4492044;1215582208;21688320;1401237504;0;0;0;0;0;0;0;0;0;0;0;3066;0;0;126;0;122;0;
15340;6261283;1215582208;21688320;1401237504;0;0;0;0;0;0;0;0;0;0;0;3777;0;0;126;0;122;0;
15341;4431871;1215582208;21688320;1401237504;0;0;0;0;0;0;0;0;0;0;0;4138;0;0;126;0;122;0;
15342;6372270;1215582208;21688320;1401237504;0;0;0;0;0;0;0;0;0;0;0;3256;0;0;126;0;122;0;
15343;4869963;1215582208;21688320;1401237504;0;0;0;0;0;0;0;0;0;0;0;3386;0;0;126;0;122;0;
15344;6824299;1215582208;21688320;1401237504;0;0;0;0;0;0;0;0;0;0;0;4208;0;0;126;0;122;0;
15345;3594391;1215582208;21688320;1401237504;0;0;0;0;0;0;0;0;0;0;0;3196;0;0;126;0;122;0;
15346;5583581;1215582208;21688320;1401237504;0;0;0;0;0;0;0;0;0;0;0;2795;0;0;126;0;122;0;
15347;3520142;1215582208;21688320;1401237504;0;0;0;0;0;0;0;0;0;0;0;3516;0;0;126;0;122;0;
15348;4789171;1215582208;21688320;1401237504;0;0;0;0;0;0;0;0;0;0;0;2415;0;0;126;0;122;0;
15349;4374745;1215582208;21688320;1401237504;0;0;0;0;0;0;0;0;0;0;0;3146;0;0;126;0;122;0;
15350;6212330;1215582208;21688320;1401237504;0;0;0;0;0;0;0;0;0;0;0;3226;0;0;126;0;122;0;
15351;3323804;1215582208;21688320;1401237504;0;0;0;0;0;0;0;0;0;0;0;2886;0;0;126;0;122;0;
15352;5082061;1215582208;21688320;1401237504;0;0;0;0;0;0;0;0;0;0;0;2645;0;0;126;0;122;0;
15353;3310067;1215582208;21688320;1401237504;0;0;0;0;0;0;0;0;0;0;0;3106;0;0;126;0;122;0;
15354;5109963;1215582208;21688320;1401237504;0;0;0;0;0;0;0;0;0;0;0;1934;0;0;126;0;122;0;
15355;5023020;1215582208;21688320;1401237504;0;0;0;0;0;0;0;0;0;0;0;3006;0;0;126;0;122;0;
15356;5334635;1215582208;21688320;1401237504;0;0;0;0;0;0;0;0;0;0;0;2655;0;0;126;0;122;0;
15357;5374640;1215582208;21688320;1401237504;0;0;0;0;0;0;0;0;0;0;0;2726;0;0;126;0;122;0;
15358;5335846;1215582208;21688320;1401237504;0;0;0;0;0;0;0;0;0;0;0;2735;0;0;126;0;122;0;
15359;4329760;1215582208;21688320;1401237504;0;0;0;0;0;0;0;0;0;0;0;3096;0;0;126;0;122;0;
15360;4732165;1215582208;21688320;1401237504;0;0;0;0;0;0;0;0;0;0;0;2635;0;0;126;0;122;0;
15361;3510754;1215582208;21688320;1401237504;0;0;0;0;0;0;0;0;0;0;0;2875;0;0;126;0;122;0;
15362;5090526;1215582208;21688320;1401237504;0;0;0;0;0;0;0;0;0;0;0;3536;0;0;126;0;122;0;
15363;4431231;1215582208;21688320;1401237504;0;0;0;0;0;0;0;0;0;0;0;2785;0;0;126;0;122;0;
15364;5719436;1215582208;21688320;1401237504;0;0;0;0;0;0;0;0;0;0;0;3156;0;0;126;0;122;0;
15365;5722472;1215582208;21688320;1401237504;0;0;0;0;0;0;0;0;0;0;0;3656;0;0;126;0;122;0;
15366;5746918;1215582208;21688320;1401237504;0;0;0;0;0;0;0;0;0;0;0;3637;0;0;126;0;122;0;
15367;5002992;1215582208;21688320;1401237504;0;0;0;0;0;0;0;0;0;0;0;4378;0;0;126;0;122;0;
15368;5843479;1215582208;21688320;1401237504;0;0;0;0;0;0;0;0;0;0;0;3226;0;0;126;0;122;0;
15369;4525127;1215582208;21688320;1401237504;0;0;0;0;0;0;0;0;0;0;0;3817;0;0;126;0;122;0;
15370;5664213;1215582208;21688320;1401237504;0;0;0;0;0;0;0;0;0;0;0;3006;0;0;126;0;122;0;
15371;5429322;1215582208;21688320;1401237504;0;0;0;0;0;0;0;0;0;0;0;3486;0;0;126;0;122;0;
15372;6866808;1215582208;21688320;1401237504;0;0;0;0;0;0;0;0;0;0;0;3206;0;0;126;0;122;0;
15373;7247703;1215582208;21688320;1401237504;0;0;0;0;0;0;0;0;0;0;0;3476;0;0;126;0;122;0;
15374;8349399;1215582208;21688320;1401237504;0;0;0;0;0;0;0;0;0;0;0;4238;0;0;126;0;122;0;
15375;5079917;1215582208;21688320;1401237504;0;0;0;0;0;0;0;0;0;0;0;3957;0;0;126;0;122;0;
15376;7874237;1215582208;21688320;1401237504;0;0;0;0;0;0;0;0;0;0;0;3567;0;0;126;0;122;0;
15377;3096928;1215582208;21688320;1401237504;0;0;0;0;0;0;0;0;0;0;0;3556;0;0;126;0;122;0;
15378;7207015;1215582208;21688320;1401237504;0;0;0;0;0;0;0;0;0;0;0;3277;0;0;126;0;122;0;
15379;2523583;1215582208;21688320;1401237504;0;0;0;0;0;0;0;0;0;0;0;3096;0;0;126;0;122;0;
15380;7874498;1215582208;21688320;1401237504;0;0;0;0;0;0;0;0;0;0;0;3527;0;0;126;0;122;0;
15381;4611308;1215582208;21688320;1401237504;0;0;0;0;0;0;0;0;0;0;0;3326;0;0;126;0;122;0;
15382;9030807;1215582208;21688320;1401237504;0;0;0;0;0;0;0;0;0;0;0;4228;0;0;126;0;122;0;
15383;6647737;1215582208;21688320;1401237504;0;0;0;0;0;0;0;0;0;0;0;3677;0;0;126;0;122;0;
15384;6297490;1215582208;21688320;1401237504;0;0;0;0;0;0;0;0;0;0;0;3005;0;0;126;0;122;0;
15385;4960463;1215582208;21688320;1401237504;0;0;0;0;0;0;0;0;0;0;0;3386;0;0;126;0;122;0;
15386;5807461;1215582208;21688320;1401237504;0;0;0;0;0;0;0;0;0;0;0;5750;0;0;126;0;122;0;
15387;4732164;1215582208;21688320;1401237504;0;0;0;0;0;0;0;0;0;0;0;3357;0;0;126;0;122;0;
15388;6570603;1215582208;21688320;1401237504;0;0;0;0;0;0;0;0;0;0;0;2966;0;0;126;0;122;0;
15389;4707899;1215582208;21688320;1401237504;0;0;0;0;0;0;0;0;0;0;0;2905;0;0;126;0;122;0;
15390;7214860;1215582208;21688320;1401237504;0;0;0;0;0;0;0;0;0;0;0;3637;0;0;126;0;122;0;
15391;5379719;1215582208;21688320;1401237504;0;0;0;0;0;0;0;0;0;0;0;3547;0;0;126;0;122;0;
15392;6881124;1215582208;21688320;1401237504;0;0;0;0;0;0;0;0;0;0;0;3036;0;0;126;0;122;0;
15393;7945140;1215582208;21688320;1401237504;0;0;0;0;0;0;0;0;0;0;0;3537;0;0;126;0;122;0;
15394;6205868;1215582208;21688320;1401237504;0;0;0;0;0;0;0;0;0;0;0;3817;0;0;126;0;122;0;
15395;4567185;1215582208;21688320;1401237504;0;0;0;0;0;0;0;0;0;0;0;3396;0;0;126;0;122;0;
15396;6140025;1215582208;21688320;1401237504;0;0;0;0;0;0;0;0;0;0;0;4128;0;0;126;0;122;0;
15397;3586967;1215582208;21688320;1401237504;0;0;0;0;0;0;0;0;0;0;0;2685;0;0;126;0;122;0;
15398;5614419;1215582208;21688320;1401237504;0;0;0;0;0;0;0;0;0;0;0;4068;0;0;126;0;122;0;
15399;4445307;1215582208;21688320;1401237504;0;0;0;0;0;0;0;0;0;0;0;3297;0;0;126;0;122;0;
15400;6514297;1215582208;21688320;1401237504;0;0;0;0;0;0;0;0;0;0;0;3467;0;0;126;0;122;0;
15401;5384709;1215582208;21688320;1401237504;0;0;0;0;0;0;0;0;0;0;0;3136;0;0;126;0;122;0;
15402;6124987;1215582208;21688320;1401237504;0;0;0;0;0;0;0;0;0;0;0;2535;0;0;126;0;122;0;
15403;3468585;1215582208;21688320;1401237504;0;0;0;0;0;0;0;0;0;0;0;4048;0;0;126;0;122;0;
15404;6687823;1215582208;21688320;1401237504;0;0;0;0;0;0;0;0;0;0;0;2925;0;0;126;0;122;0;
15405;4007977;1215582208;21688320;1401237504;0;0;0;0;0;0;0;0;0;0;0;2725;0;0;126;0;122;0;
15406;6685879;1215582208;21688320;1401237504;0;0;0;0;0;0;0;0;0;0;0;3837;0;0;126;0;122;0;
15407;3788335;1215582208;21688320;1401237504;0;0;0;0;0;0;0;0;0;0;0;3126;0;0;126;0;122;0;
15408;6258888;1215582208;21688320;1401237504;0;0;0;0;0;0;0;0;0;0;0;4228;0;0;126;0;122;0;
15409;3992036;1215582208;21688320;1401237504;0;0;0;0;0;0;0;0;0;0;0;2445;0;0;126;0;122;0;
15410;5321730;1215582208;21688320;1401237504;0;0;0;0;0;0;0;0;0;0;0;2404;0;0;126;0;122;0;
15411;4766910;1215582208;21688320;1401237504;0;0;0;0;0;0;0;0;0;0;0;2685;0;0;126;0;122;0;
15412;4600989;1215582208;21688320;1401237504;0;0;0;0;0;0;0;0;0;0;0;2275;0;0;126;0;122;0;
15413;5409385;1215582208;21688320;1401237504;0;0;0;0;0;0;0;0;0;0;0;3637;0;0;126;0;122;0;
15414;5997869;1215582208;21688320;1401237504;0;0;0;0;0;0;0;0;0;0;0;2705;0;0;126;0;122;0;
15415;5459328;1215582208;21688320;1401237504;0;0;0;0;0;0;0;0;0;0;0;3357;0;0;126;0;122;0;
15416;4840648;1215582208;21688320;1401237504;0;0;0;0;0;0;0;0;0;0;0;2474;0;0;126;0;122;0;
15417;5566710;1215582208;21688320;1401237504;0;0;0;0;0;0;0;0;0;0;0;4078;0;0;126;0;122;0;
15418;5932105;1215582208;21688320;1401237504;0;0;0;0;0;0;0;0;0;0;0;3106;0;0;126;0;122;0;
15419;5579314;1215582208;21688320;1401237504;0;0;0;0;0;0;0;0;0;0;0;3136;0;0;126;0;122;0;
15420;5896498;1215582208;21688320;1401237504;0;0;0;0;0;0;0;0;0;0;0;2955;0;0;126;0;122;0;
15421;4665119;1215582208;21688320;1401237504;0;0;0;0;0;0;0;0;0;0;0;3657;0;0;126;0;122;0;
15422;6695657;1215582208;21688320;1401237504;0;0;0;0;0;0;0;0;0;0;0;2936;0;0;126;0;122;0;
15423;5221472;1215582208;21688320;1401237504;0;0;0;0;0;0;0;0;0;0;0;3437;0;0;126;0;122;0;
15424;6791627;1215582208;21688320;1401237504;0;0;0;0;0;0;0;0;0;0;0;3497;0;0;126;0;122;0;
15425;4589347;1215582208;21688320;1401237504;0;0;0;0;0;0;0;0;0;0;0;3226;0;0;126;0;122;0;
15426;6891864;1215582208;21688320;1401237504;0;0;0;0;0;0;0;0;0;0;0;3717;0;0;126;0;122;0;
15427;4278253;1215582208;21688320;1401237504;0;0;0;0;0;0;0;0;0;0;0;3085;0;0;126;0;122;0;
15428;5907720;1215582208;21688320;1401237504;0;0;0;0;0;0;0;0;0;0;0;3857;0;0;126;0;122;0;
15429;4521419;1215582208;21688320;1401237504;0;0;0;0;0;0;0;0;0;0;0;54091;0;0;126;0;122;0;
15430;6347955;1215582208;21688320;1401237504;0;0;0;0;0;0;0;0;0;0;0;3697;0;0;126;0;122;0;
15431;4909367;1215582208;21688320;1401237504;0;0;0;0;0;0;0;0;0;0;0;3076;0;0;126;0;122;0;
15432;5883183;1215582208;21688320;1401237504;0;0;0;0;0;0;0;0;0;0;0;2665;0;0;126;0;122;0;
15433;3885417;1215582208;21688320;1401237504;0;0;0;0;0;0;0;0;0;0;0;3767;0;0;126;0;122;0;
15434;5595965;1215582208;21688320;1401237504;0;0;0;0;0;0;0;0;0;0;0;3597;0;0;126;0;122;0;
15435;4982775;1215582208;21688320;1401237504;0;0;0;0;0;0;0;0;0;0;0;3266;0;0;126;0;122;0;
15436;6282752;1215582208;21688320;1401237504;0;0;0;0;0;0;0;0;0;0;0;3667;0;0;126;0;122;0;
15437;4278344;1215582208;21688320;1401237504;0;0;0;0;0;0;0;0;0;0;0;3376;0;0;126;0;122;0;
15438;5561621;1215582208;21688320;1401237504;0;0;0;0;0;0;0;0;0;0;0;3216;0;0;126;0;122;0;
15439;4532981;1215582208;21688320;1401237504;0;0;0;0;0;0;0;0;0;0;0;3236;0;0;126;0;122;0;
15440;5967832;1215582208;21688320;1401237504;0;0;0;0;0;0;0;0;0;0;0;2555;0;0;126;0;122;0;
15441;4754436;1215582208;21688320;1401237504;0;0;0;0;0;0;0;0;0;0;0;2876;0;0;126;0;122;0;
15442;6884672;1215582208;21688320;1401237504;0;0;0;0;0;0;0;0;0;0;0;2435;0;0;126;0;122;0;
15443;4391175;1215582208;21688320;1401237504;0;0;0;0;0;0;0;0;0;0;0;3787;0;0;126;0;122;0;
15444;6279276;1215582208;21688320;1401237504;0;0;0;0;0;0;0;0;0;0;0;2584;0;0;126;0;122;0;
15445;5451203;1215582208;21688320;1401237504;0;0;0;0;0;0;0;0;0;0;0;3757;0;0;126;0;122;0;
15446;5689871;1215582208;21688320;1401237504;0;0;0;0;0;0;0;0;0;0;0;3276;0;0;126;0;122;0;
15447;5278991;1215582208;21688320;1401237504;0;0;0;0;0;0;0;0;0;0;0;3416;0;0;126;0;122;0;
15448;5675053;1215582208;21688320;1401237504;0;0;0;0;0;0;0;0;0;0;0;3096;0;0;126;0;122;0;
15449;4379864;1215582208;21688320;1401237504;0;0;0;0;0;0;0;0;0;0;0;3166;0;0;126;0;122;0;
15450;6542189;1215582208;21688320;1401237504;0;0;0;0;0;0;0;0;0;0;0;2594;0;0;126;0;122;0;
15451;4132290;1215582208;21688320;1401237504;0;0;0;0;0;0;0;0;0;0;0;2916;0;0;126;0;122;0;
15452;6067949;1215582208;21688320;1401237504;0;0;0;0;0;0;0;0;0;0;0;2765;0;0;126;0;122;0;
15453;4067688;1215582208;21688320;1401237504;0;0;0;0;0;0;0;0;0;0;0;4018;0;0;126;0;122;0;
15454;6352404;1215582208;21688320;1401237504;0;0;0;0;0;0;0;0;0;0;0;3136;0;0;126;0;122;0;
15455;4216016;1215582208;21688320;1401237504;0;0;0;0;0;0;0;0;0;0;0;3407;0;0;126;0;122;0;
15456;6786788;1215582208;21688320;1401237504;0;0;0;0;0;0;0;0;0;0;0;4278;0;0;126;0;122;0;
15457;4059624;1215582208;21688320;1401237504;0;0;0;0;0;0;0;0;0;0;0;4318;0;0;126;0;122;0;
15458;6867089;1215582208;21688320;1401237504;0;0;0;0;0;0;0;0;0;0;0;3156;0;0;126;0;122;0;
15459;4453593;1215582208;21688320;1401237504;0;0;0;0;0;0;0;0;0;0;0;3587;0;0;126;0;122;0;
15460;7034372;1215582208;21688320;1401237504;0;0;0;0;0;0;0;0;0;0;0;4278;0;0;126;0;122;0;
15461;6573118;1215582208;21688320;1401237504;0;0;0;0;0;0;0;0;0;0;0;3787;0;0;126;0;122;0;
15462;6452481;1215582208;21688320;1401237504;0;0;0;0;0;0;0;0;0;0;0;2775;0;0;126;0;122;0;
15463;5149808;1215582208;21688320;1401237504;0;0;0;0;0;0;0;0;0;0;0;3156;0;0;126;0;122;0;
15464;5243423;1215582208;21688320;1401237504;0;0;0;0;0;0;0;0;0;0;0;2294;0;0;126;0;122;0;
15465;4892536;1215582208;21688320;1401237504;0;0;0;0;0;0;0;0;0;0;0;2955;0;0;126;0;122;0;
15466;5217846;1215582208;21688320;1401237504;0;0;0;0;0;0;0;0;0;0;0;2114;0;0;126;0;122;0;
15467;5068716;1215582208;21688320;1401237504;0;0;0;0;0;0;0;0;0;0;0;3517;0;0;126;0;122;0;
15468;5151761;1215582208;21688320;1401237504;0;0;0;0;0;0;0;0;0;0;0;2785;0;0;126;0;122;0;
15469;5639626;1215582208;21688320;1401237504;0;0;0;0;0;0;0;0;0;0;0;3046;0;0;126;0;122;0;
15470;5055561;1215582208;21688320;1401237504;0;0;0;0;0;0;0;0;0;0;0;2995;0;0;126;0;122;0;
15471;14729934;1215582208;21688320;1401237504;0;0;0;0;0;0;0;0;0;0;0;6422;0;0;126;0;122;0;
15472;5165568;1215582208;21688320;1401237504;0;0;0;0;0;0;0;0;0;0;0;3817;0;0;126;0;122;0;
15473;3508921;1215582208;21688320;1401237504;0;0;0;0;0;0;0;0;0;0;0;3417;0;0;126;0;122;0;
15474;7145500;1215582208;21688320;1401237504;0;0;0;0;0;0;0;0;0;0;0;3516;0;0;126;0;122;0;
15475;3205972;1215582208;21688320;1401237504;0;0;0;0;0;0;0;0;0;0;0;4569;0;0;126;0;122;0;
15476;6137340;1215582208;21688320;1401237504;0;0;0;0;0;0;0;0;0;0;0;3146;0;0;126;0;122;0;
15477;4509026;1215582208;21688320;1401237504;0;0;0;0;0;0;0;0;0;0;0;2745;0;0;126;0;122;0;
15478;6183887;1215582208;21688320;1401237504;0;0;0;0;0;0;0;0;0;0;0;3085;0;0;126;0;122;0;
15479;3857133;1215582208;21688320;1401237504;0;0;0;0;0;0;0;0;0;0;0;3206;0;0;126;0;122;0;
15480;6803118;1215582208;21688320;1401237504;0;0;0;0;0;0;0;0;0;0;0;3817;0;0;126;0;122;0;
15481;3020805;1215582208;21688320;1401237504;0;0;0;0;0;0;0;0;0;0;0;2635;0;0;126;0;122;0;
15482;6999257;1215582208;21688320;1401237504;0;0;0;0;0;0;0;0;0;0;0;3276;0;0;126;0;122;0;
15483;3368036;1215582208;21688320;1401237504;0;0;0;0;0;0;0;0;0;0;0;3066;0;0;126;0;122;0;
15484;4876075;1215582208;21688320;1401237504;0;0;0;0;0;0;0;0;0;0;0;2294;0;0;126;0;122;0;
15485;4033584;1215582208;21688320;1401237504;0;0;0;0;0;0;0;0;0;0;0;3266;0;0;126;0;122;0;
15486;5099534;1215582208;21688320;1401237504;0;0;0;0;0;0;0;0;0;0;0;2244;0;0;126;0;122;0;
15487;4759856;1215582208;21688320;1401237504;0;0;0;0;0;0;0;0;0;0;0;3457;0;0;126;0;122;0;
15488;5557192;1215582208;21688320;1401237504;0;0;0;0;0;0;0;0;0;0;0;2224;0;0;126;0;122;0;
15489;3717622;1215582208;21688320;1401237504;0;0;0;0;0;0;0;0;0;0;0;3175;0;0;126;0;122;0;
15490;4871295;1215582208;21688320;1401237504;0;0;0;0;0;0;0;0;0;0;0;2104;0;0;126;0;122;0;
15491;4455426;1215582208;21688320;1401237504;0;0;0;0;0;0;0;0;0;0;0;3367;0;0;126;0;122;0;
15492;6090853;1215582208;21688320;1401237504;0;0;0;0;0;0;0;0;0;0;0;2435;0;0;126;0;122;0;
15493;4199456;1215582208;21688320;1401237504;0;0;0;0;0;0;0;0;0;0;0;3507;0;0;126;0;122;0;
15494;6712138;1215582208;21688320;1401237504;0;0;0;0;0;0;0;0;0;0;0;2214;0;0;126;0;122;0;
15495;2942308;1215582208;21688320;1401237504;0;0;0;0;0;0;0;0;0;0;0;3497;0;0;126;0;122;0;
15496;4619774;1215582208;21688320;1401237504;0;0;0;0;0;0;0;0;0;0;0;1953;0;0;126;0;122;0;
15497;5033119;1215582208;21688320;1401237504;0;0;0;0;0;0;0;0;0;0;0;2966;0;0;126;0;122;0;
15498;5326519;1215582208;21688320;1401237504;0;0;0;0;0;0;0;0;0;0;0;2675;0;0;126;0;122;0;
15499;6118855;1215582208;21688320;1401237504;0;0;0;0;0;0;0;0;0;0;0;2876;0;0;126;0;122;0;
15500;5158895;1215582208;21688320;1401237504;0;0;0;0;0;0;0;0;0;0;0;2134;0;0;126;0;122;0;
15501;6846520;1215582208;21688320;1401237504;0;0;0;0;0;0;0;0;0;0;0;3877;0;0;126;0;122;0;
15502;6966345;1215582208;21688320;1401237504;0;0;0;0;0;0;0;0;0;0;0;5770;0;0;126;0;122;0;
15503;3808141;1215582208;21688320;1401237504;0;0;0;0;0;0;0;0;0;0;0;3717;0;0;126;0;122;0;
15504;5794827;1215582208;21688320;1401237504;0;0;0;0;0;0;0;0;0;0;0;2765;0;0;126;0;122;0;
15505;7108912;1215582208;21688320;1401237504;0;0;0;0;0;0;0;0;0;0;0;3807;0;0;126;0;122;0;
15506;6779865;1215582208;21688320;1401237504;0;0;0;0;0;0;0;0;0;0;0;2846;0;0;126;0;122;0;
15507;6160714;1215582208;21688320;1401237504;0;0;0;0;0;0;0;0;0;0;0;3577;0;0;126;0;122;0;
15508;5826247;1215582208;21688320;1401237504;0;0;0;0;0;0;0;0;0;0;0;3065;0;0;126;0;122;0;
15509;4993865;1215582208;21688320;1401237504;0;0;0;0;0;0;0;0;0;0;0;3116;0;0;126;0;122;0;
15510;6257144;1215582208;21688320;1401237504;0;0;0;0;0;0;0;0;0;0;0;3266;0;0;126;0;122;0;
15511;6128663;1215582208;21688320;1401237504;0;0;0;0;0;0;0;0;0;0;0;2745;0;0;126;0;122;0;
15512;6831391;1215582208;21688320;1401237504;0;0;0;0;0;0;0;0;0;0;0;3366;0;0;126;0;122;0;
15513;4153800;1215582208;21688320;1401237504;0;0;0;0;0;0;0;0;0;0;0;3587;0;0;126;0;122;0;
15514;7901919;1215582208;21688320;1401237504;0;0;0;0;0;0;0;0;0;0;0;3477;0;0;126;0;122;0;
15515;4838193;1215582208;21688320;1401237504;0;0;0;0;0;0;0;0;0;0;0;4268;0;0;126;0;122;0;
15516;7062414;1215582208;21688320;1401237504;0;0;0;0;0;0;0;0;0;0;0;3176;0;0;126;0;122;0;
15517;5086669;1215582208;21688320;1401237504;0;0;0;0;0;0;0;0;0;0;0;3636;0;0;126;0;122;0;
15518;5761876;1215582208;21688320;1401237504;0;0;0;0;0;0;0;0;0;0;0;3977;0;0;126;0;122;0;
15519;4791246;1215582208;21688320;1401237504;0;0;0;0;0;0;0;0;0;0;0;3166;0;0;126;0;122;0;
15520;4743405;1215582208;21688320;1401237504;0;0;0;0;0;0;0;0;0;0;0;2976;0;0;126;0;122;0;
15521;5680272;1215582208;21688320;1401237504;0;0;0;0;0;0;0;0;0;0;0;2856;0;0;126;0;122;0;
15522;5812280;1215582208;21688320;1401237504;0;0;0;0;0;0;0;0;0;0;0;1913;0;0;126;0;122;0;
15523;5419484;1215582208;21688320;1401237504;0;0;0;0;0;0;0;0;0;0;0;2995;0;0;126;0;122;0;
15524;6301027;1215582208;21688320;1401237504;0;0;0;0;0;0;0;0;0;0;0;1663;0;0;126;0;122;0;
15525;7019364;1215582208;21688320;1401237504;0;0;0;0;0;0;0;0;0;0;0;3066;0;0;126;0;122;0;
15526;8173488;1215582208;21688320;1401237504;0;0;0;0;0;0;0;0;0;0;0;3878;0;0;126;0;122;0;
15527;4821823;1215582208;21688320;1401237504;0;0;0;0;0;0;0;0;0;0;0;2965;0;0;126;0;122;0;
15528;5655847;1215582208;21688320;1401237504;0;0;0;0;0;0;0;0;0;0;0;3536;0;0;126;0;122;0;
15529;3271665;1215582208;21688320;1401237504;0;0;0;0;0;0;0;0;0;0;0;3256;0;0;126;0;122;0;
15530;6826221;1215582208;21688320;1401237504;0;0;0;0;0;0;0;0;0;0;0;2384;0;0;126;0;122;0;
15531;3829222;1215582208;21688320;1401237504;0;0;0;0;0;0;0;0;0;0;0;3276;0;0;126;0;122;0;
15532;8580622;1215582208;21688320;1401237504;0;0;0;0;0;0;0;0;0;0;0;3727;0;0;126;0;122;0;
15533;6003559;1215582208;21688320;1401237504;0;0;0;0;0;0;0;0;0;0;0;3947;0;0;126;0;122;0;
15534;5650858;1215582208;21688320;1401237504;0;0;0;0;0;0;0;0;0;0;0;2295;0;0;126;0;122;0;
15535;4239310;1215582208;21688320;1401237504;0;0;0;0;0;0;0;0;0;0;0;3086;0;0;126;0;122;0;
15536;7876281;1215582208;21688320;1401237504;0;0;0;0;0;0;0;0;0;0;0;3076;0;0;126;0;122;0;
15537;5612666;1215582208;21688320;1401237504;0;0;0;0;0;0;0;0;0;0;0;2594;0;0;126;0;122;0;
15538;6439617;1215582208;21688320;1401237504;0;0;0;0;0;0;0;0;0;0;0;3005;0;0;126;0;122;0;
15539;3697063;1215582208;21688320;1401237504;0;0;0;0;0;0;0;0;0;0;0;3526;0;0;126;0;122;0;
15540;5910615;1215582208;21688320;1401237504;0;0;0;0;0;0;0;0;0;0;0;3497;0;0;126;0;122;0;
15541;4585560;1215582208;21688320;1401237504;0;0;0;0;0;0;0;0;0;0;0;2945;0;0;126;0;122;0;
15542;6594397;1215582208;21688320;1401237504;0;0;0;0;0;0;0;0;0;0;0;3226;0;0;126;0;122;0;
15543;4011813;1215582208;21688320;1401237504;0;0;0;0;0;0;0;0;0;0;0;3076;0;0;126;0;122;0;
15544;5081269;1215582208;21688320;1401237504;0;0;0;0;0;0;0;0;0;0;0;3026;0;0;126;0;122;0;
15545;4399991;1215582208;21688320;1401237504;0;0;0;0;0;0;0;0;0;0;0;3357;0;0;126;0;122;0;
15546;5881329;1215582208;21688320;1401237504;0;0;0;0;0;0;0;0;0;0;0;2144;0;0;126;0;122;0;
15547;5076481;1215582208;21688320;1401237504;0;0;0;0;0;0;0;0;0;0;0;3576;0;0;126;0;122;0;
15548;5628325;1215582208;21688320;1401237504;0;0;0;0;0;0;0;0;0;0;0;3587;0;0;126;0;122;0;
15549;3995483;1215582208;21688320;1401237504;0;0;0;0;0;0;0;0;0;0;0;3827;0;0;126;0;122;0;
15550;5000738;1215582208;21688320;1401237504;0;0;0;0;0;0;0;0;0;0;0;1553;0;0;126;0;122;0;
15551;4590880;1215582208;21688320;1401237504;0;0;0;0;0;0;0;0;0;0;0;2765;0;0;126;0;122;0;
15552;8137931;1215582208;21688320;1401237504;0;0;0;0;0;0;0;0;0;0;0;3747;0;0;126;0;122;0;
15553;3636630;1215582208;21688320;1401237504;0;0;0;0;0;0;0;0;0;0;0;3086;0;0;126;0;122;0;
15554;6442873;1215582208;21688320;1401237504;0;0;0;0;0;0;0;0;0;0;0;2675;0;0;126;0;122;0;
15555;5280683;1215582208;21688320;1401237504;0;0;0;0;0;0;0;0;0;0;0;3316;0;0;126;0;122;0;
15556;5779839;1215582208;21688320;1401237504;0;0;0;0;0;0;0;0;0;0;0;3377;0;0;126;0;122;0;
15557;5305009;1215582208;21688320;1401237504;0;0;0;0;0;0;0;0;0;0;0;3026;0;0;126;0;122;0;
15558;7647983;1215582208;21688320;1401237504;0;0;0;0;0;0;0;0;0;0;0;2906;0;0;126;0;122;0;
15559;4723599;1215582208;21688320;1401237504;0;0;0;0;0;0;0;0;0;0;0;3266;0;0;126;0;122;0;
15560;6564220;1215582208;21688320;1401237504;0;0;0;0;0;0;0;0;0;0;0;2795;0;0;126;0;122;0;
15561;4651223;1215582208;21688320;1401237504;0;0;0;0;0;0;0;0;0;0;0;3777;0;0;126;0;122;0;
15562;5735456;1215582208;21688320;1401237504;0;0;0;0;0;0;0;0;0;0;0;1963;0;0;126;0;122;0;
15563;4458471;1215582208;21688320;1401237504;0;0;0;0;0;0;0;0;0;0;0;3286;0;0;126;0;122;0;
15564;6089040;1215582208;21688320;1401237504;0;0;0;0;0;0;0;0;0;0;0;3416;0;0;126;0;122;0;
15565;4952427;1215582208;21688320;1401237504;0;0;0;0;0;0;0;0;0;0;0;4719;0;0;126;0;122;0;
15566;6715504;1215582208;21688320;1401237504;0;0;0;0;0;0;0;0;0;0;0;2445;0;0;126;0;122;0;
15567;6328348;1215582208;21688320;1401237504;0;0;0;0;0;0;0;0;0;0;0;3307;0;0;126;0;122;0;
15568;6009961;1215582208;21688320;1401237504;0;0;0;0;0;0;0;0;0;0;0;3026;0;0;126;0;122;0;
15569;6382289;1215582208;21688320;1401237504;0;0;0;0;0;0;0;0;0;0;0;4468;0;0;126;0;122;0;
15570;6305795;1215582208;21688320;1401237504;0;0;0;0;0;0;0;0;0;0;0;2204;0;0;126;0;122;0;
15571;4816693;1215582208;21688320;1401237504;0;0;0;0;0;0;0;0;0;0;0;3206;0;0;126;0;122;0;
15572;6044165;1215582208;21688320;1401237504;0;0;0;0;0;0;0;0;0;0;0;2394;0;0;126;0;122;0;
15573;5104854;1215582208;21688320;1401237504;0;0;0;0;0;0;0;0;0;0;0;3126;0;0;126;0;122;0;
15574;6416884;1215582208;21688320;1401237504;0;0;0;0;0;0;0;0;0;0;0;2134;0;0;126;0;122;0;
15575;4677171;1215582208;21688320;1401237504;0;0;0;0;0;0;0;0;0;0;0;2915;0;0;126;0;122;0;
15576;7381704;1215582208;21688320;1401237504;0;0;0;0;0;0;0;0;0;0;0;3096;0;0;126;0;122;0;
15577;4883879;1215582208;21688320;1401237504;0;0;0;0;0;0;0;0;0;0;0;3206;0;0;126;0;122;0;
15578;6303312;1215582208;21688320;1401237504;0;0;0;0;0;0;0;0;0;0;0;2655;0;0;126;0;122;0;
15579;4289945;1215582208;21688320;1401237504;0;0;0;0;0;0;0;0;0;0;0;3817;0;0;126;0;122;0;
15580;6572847;1215582208;21688320;1401237504;0;0;0;0;0;0;0;0;0;0;0;3807;0;0;126;0;122;0;
15581;4736924;1215582208;21688320;1401237504;0;0;0;0;0;0;0;0;0;0;0;2806;0;0;126;0;122;0;
15582;6757623;1215582208;21688320;1401237504;0;0;0;0;0;0;0;0;0;0;0;2985;0;0;126;0;122;0;
15583;4533061;1215582208;21688320;1401237504;0;0;0;0;0;0;0;0;0;0;0;3536;0;0;126;0;122;0;
15584;7868857;1215582208;21688320;1401237504;0;0;0;0;0;0;0;0;0;0;0;3025;0;0;126;0;122;0;
15585;5257450;1215582208;21688320;1401237504;0;0;0;0;0;0;0;0;0;0;0;3416;0;0;126;0;122;0;
15586;6000493;1215582208;21688320;1401237504;0;0;0;0;0;0;0;0;0;0;0;2014;0;0;126;0;122;0;
15587;4605287;1215582208;21688320;1401237504;0;0;0;0;0;0;0;0;0;0;0;3096;0;0;126;0;122;0;
15588;5316991;1215582208;21688320;1401237504;0;0;0;0;0;0;0;0;0;0;0;2555;0;0;126;0;122;0;
15589;4701457;1215582208;21688320;1401237504;0;0;0;0;0;0;0;0;0;0;0;2675;0;0;126;0;122;0;
15590;6873451;1215582208;21688320;1401237504;0;0;0;0;0;0;0;0;0;0;0;3968;0;0;126;0;122;0;
15591;3792342;1215582208;21688320;1401237504;0;0;0;0;0;0;0;0;0;0;0;2786;0;0;126;0;122;0;
15592;6454114;1215582208;21688320;1401237504;0;0;0;0;0;0;0;0;0;0;0;2995;0;0;126;0;122;0;
15593;5034732;1215582208;21688320;1401237504;0;0;0;0;0;0;0;0;0;0;0;3687;0;0;126;0;122;0;
15594;5874948;1215582208;21688320;1401237504;0;0;0;0;0;0;0;0;0;0;0;3687;0;0;126;0;122;0;
15595;4790344;1215582208;21688320;1401237504;0;0;0;0;0;0;0;0;0;0;0;2926;0;0;126;0;122;0;
15596;5782034;1215582208;21688320;1401237504;0;0;0;0;0;0;0;0;0;0;0;3757;0;0;126;0;122;0;
15597;6359206;1215582208;21688320;1401237504;0;0;0;0;0;0;0;0;0;0;0;3336;0;0;126;0;122;0;
15598;7329716;1215582208;21688320;1401237504;0;0;0;0;0;0;0;0;0;0;0;127729;0;0;126;0;122;0;
15599;4891924;1215582208;21692416;1401241600;0;0;0;0;0;0;0;0;0;0;0;3216;0;0;126;0;122;0;
15600;5151652;1215582208;21692416;1401241600;0;0;0;0;0;0;0;0;0;0;0;2184;0;0;126;0;122;0;
15601;3908069;1215582208;21692416;1401241600;0;0;0;0;0;0;0;0;0;0;0;2906;0;0;126;0;122;0;
15602;6813197;1215582208;21692416;1401241600;0;0;0;0;0;0;0;0;0;0;0;2826;0;0;126;0;122;0;
15603;4463971;1215582208;21692416;1401241600;0;0;0;0;0;0;0;0;0;0;0;2755;0;0;126;0;122;0;
15604;6713811;1215582208;21692416;1401241600;0;0;0;0;0;0;0;0;0;0;0;3917;0;0;126;0;122;0;
15605;3258040;1215582208;21692416;1401241600;0;0;0;0;0;0;0;0;0;0;0;2635;0;0;126;0;122;0;
15606;6099479;1215582208;21692416;1401241600;0;0;0;0;0;0;0;0;0;0;0;1904;0;0;126;0;122;0;
15607;4509266;1215582208;21688320;1401237504;0;0;0;0;0;0;0;0;0;0;0;2565;0;0;126;0;122;0;
15608;5735386;1215582208;21688320;1401237504;0;0;0;0;0;0;0;0;0;0;0;1983;0;0;126;0;122;0;
15609;4500240;1215582208;21688320;1401237504;0;0;0;0;0;0;0;0;0;0;0;3276;0;0;126;0;122;0;
15610;6123454;1215582208;21688320;1401237504;0;0;0;0;0;0;0;0;0;0;0;1923;0;0;126;0;122;0;
15611;4017424;1215582208;21688320;1401237504;0;0;0;0;0;0;0;0;0;0;0;2875;0;0;126;0;122;0;
15612;6142650;1215582208;21688320;1401237504;0;0;0;0;0;0;0;0;0;0;0;3737;0;0;126;0;122;0;
15613;3193930;1215582208;21688320;1401237504;0;0;0;0;0;0;0;0;0;0;0;3046;0;0;126;0;122;0;
15614;5654875;1215582208;21688320;1401237504;0;0;0;0;0;0;0;0;0;0;0;2865;0;0;126;0;122;0;
15615;4304884;1215582208;21688320;1401237504;0;0;0;0;0;0;0;0;0;0;0;2445;0;0;126;0;122;0;
15616;5263772;1215582208;21688320;1401237504;0;0;0;0;0;0;0;0;0;0;0;2825;0;0;126;0;122;0;
15617;4223300;1215582208;21688320;1401237504;0;0;0;0;0;0;0;0;0;0;0;2975;0;0;126;0;122;0;
15618;6142670;1215582208;21688320;1401237504;0;0;0;0;0;0;0;0;0;0;0;2946;0;0;126;0;122;0;
15619;3940861;1215582208;21688320;1401237504;0;0;0;0;0;0;0;0;0;0;0;2795;0;0;126;0;122;0;
15620;6147609;1215582208;21688320;1401237504;0;0;0;0;0;0;0;0;0;0;0;3857;0;0;126;0;122;0;
15621;2761680;1215582208;21688320;1401237504;0;0;0;0;0;0;0;0;0;0;0;3387;0;0;126;0;122;0;
15622;4716546;1215582208;21688320;1401237504;0;0;0;0;0;0;0;0;0;0;0;1994;0;0;126;0;122;0;
15623;3905615;1215582208;21688320;1401237504;0;0;0;0;0;0;0;0;0;0;0;2836;0;0;126;0;122;0;
15624;6061348;1215582208;21688320;1401237504;0;0;0;0;0;0;0;0;0;0;0;2345;0;0;126;0;122;0;
15625;3341617;1215582208;21688320;1401237504;0;0;0;0;0;0;0;0;0;0;0;3216;0;0;126;0;122;0;
15626;6112794;1215582208;21688320;1401237504;0;0;0;0;0;0;0;0;0;0;0;2123;0;0;126;0;122;0;
15627;3265404;1215582208;21688320;1401237504;0;0;0;0;0;0;0;0;0;0;0;2655;0;0;126;0;122;0;
15628;5221191;1215582208;21688320;1401237504;0;0;0;0;0;0;0;0;0;0;0;2665;0;0;126;0;122;0;
15629;3776622;1215582208;21688320;1401237504;0;0;0;0;0;0;0;0;0;0;0;2534;0;0;126;0;122;0;
15630;4834356;1215582208;21688320;1401237504;0;0;0;0;0;0;0;0;0;0;0;1864;0;0;126;0;122;0;
15631;4407556;1215582208;21688320;1401237504;0;0;0;0;0;0;0;0;0;0;0;2515;0;0;126;0;122;0;
15632;4926809;1215582208;21688320;1401237504;0;0;0;0;0;0;0;0;0;0;0;2053;0;0;126;0;122;0;
15633;3892791;1215582208;21688320;1401237504;0;0;0;0;0;0;0;0;0;0;0;3607;0;0;126;0;122;0;
15634;5057174;1215582208;21688320;1401237504;0;0;0;0;0;0;0;0;0;0;0;2274;0;0;126;0;122;0;
15635;4670309;1215582208;21688320;1401237504;0;0;0;0;0;0;0;0;0;0;0;3366;0;0;126;0;122;0;
15636;5408734;1215582208;21688320;1401237504;0;0;0;0;0;0;0;0;0;0;0;2114;0;0;126;0;122;0;
15637;3557131;1215582208;21688320;1401237504;0;0;0;0;0;0;0;0;0;0;0;2705;0;0;126;0;122;0;
15638;4940956;1215582208;21688320;1401237504;0;0;0;0;0;0;0;0;0;0;0;2154;0;0;126;0;122;0;
15639;3833740;1215582208;21688320;1401237504;0;0;0;0;0;0;0;0;0;0;0;2945;0;0;126;0;122;0;
15640;5197026;1215582208;21688320;1401237504;0;0;0;0;0;0;0;0;0;0;0;1993;0;0;126;0;122;0;
15641;3660945;1215582208;21688320;1401237504;0;0;0;0;0;0;0;0;0;0;0;3286;0;0;126;0;122;0;
15642;5046825;1215582208;21688320;1401237504;0;0;0;0;0;0;0;0;0;0;0;2394;0;0;126;0;122;0;
15643;4659588;1215582208;21688320;1401237504;0;0;0;0;0;0;0;0;0;0;0;2745;0;0;126;0;122;0;
15644;4574759;1215582208;21688320;1401237504;0;0;0;0;0;0;0;0;0;0;0;2535;0;0;126;0;122;0;
15645;3948505;1215582208;21688320;1401237504;0;0;0;0;0;0;0;0;0;0;0;3316;0;0;126;0;122;0;
15646;5643774;1215582208;21688320;1401237504;0;0;0;0;0;0;0;0;0;0;0;2264;0;0;126;0;122;0;
15647;4248568;1215582208;21688320;1401237504;0;0;0;0;0;0;0;0;0;0;0;3136;0;0;126;0;122;0;
15648;5547774;1215582208;21688320;1401237504;0;0;0;0;0;0;0;0;0;0;0;2835;0;0;126;0;122;0;
15649;3046143;1215582208;21688320;1401237504;0;0;0;0;0;0;0;0;0;0;0;2835;0;0;126;0;122;0;
15650;5235989;1215582208;21688320;1401237504;0;0;0;0;0;0;0;0;0;0;0;2364;0;0;126;0;122;0;
15651;4019999;1215582208;21688320;1401237504;0;0;0;0;0;0;0;0;0;0;0;3376;0;0;126;0;122;0;
15652;6201560;1215582208;21688320;1401237504;0;0;0;0;0;0;0;0;0;0;0;3607;0;0;126;0;122;0;
15653;3759461;1215582208;21688320;1401237504;0;0;0;0;0;0;0;0;0;0;0;3075;0;0;126;0;122;0;
15654;5857325;1215582208;21688320;1401237504;0;0;0;0;0;0;0;0;0;0;0;4017;0;0;126;0;122;0;
15655;3581728;1215582208;21688320;1401237504;0;0;0;0;0;0;0;0;0;0;0;4088;0;0;126;0;122;0;
15656;5468496;1215582208;21688320;1401237504;0;0;0;0;0;0;0;0;0;0;0;3507;0;0;126;0;122;0;
15657;3441244;1215582208;21688320;1401237504;0;0;0;0;0;0;0;0;0;0;0;3106;0;0;126;0;122;0;
15658;10218243;1215582208;21688320;1401237504;0;0;0;0;0;0;0;0;0;0;0;2385;0;0;126;0;122;0;
15659;5271516;1215582208;21688320;1401237504;0;0;0;0;0;0;0;0;0;0;0;3427;0;0;126;0;122;0;
15660;4841539;1215582208;21688320;1401237504;0;0;0;0;0;0;0;0;0;0;0;2244;0;0;126;0;122;0;
15661;3829833;1215582208;21688320;1401237504;0;0;0;0;0;0;0;0;0;0;0;3978;0;0;126;0;122;0;
15662;5523929;1215582208;21688320;1401237504;0;0;0;0;0;0;0;0;0;0;0;1813;0;0;126;0;122;0;
15663;4626085;1215582208;21688320;1401237504;0;0;0;0;0;0;0;0;0;0;0;4148;0;0;126;0;122;0;
15664;5195944;1215582208;21688320;1401237504;0;0;0;0;0;0;0;0;0;0;0;3086;0;0;126;0;122;0;
15665;5037687;1215582208;21688320;1401237504;0;0;0;0;0;0;0;0;0;0;0;3877;0;0;126;0;122;0;
15666;4571624;1215582208;21688320;1401237504;0;0;0;0;0;0;0;0;0;0;0;2284;0;0;126;0;122;0;
15667;4165552;1215582208;21688320;1401237504;0;0;0;0;0;0;0;0;0;0;0;4278;0;0;126;0;122;0;
15668;4717166;1215582208;21688320;1401237504;0;0;0;0;0;0;0;0;0;0;0;2374;0;0;126;0;122;0;
15669;4451879;1215582208;21688320;1401237504;0;0;0;0;0;0;0;0;0;0;0;3988;0;0;126;0;122;0;
15670;6512183;1215582208;21688320;1401237504;0;0;0;0;0;0;0;0;0;0;0;4839;0;0;126;0;122;0;
15671;3977399;1215582208;21688320;1401237504;0;0;0;0;0;0;0;0;0;0;0;3507;0;0;126;0;122;0;
15672;6038985;1215582208;21688320;1401237504;0;0;0;0;0;0;0;0;0;0;0;3576;0;0;126;0;122;0;
15673;4443774;1215582208;21688320;1401237504;0;0;0;0;0;0;0;0;0;0;0;2975;0;0;126;0;122;0;
15674;6523785;1215582208;21688320;1401237504;0;0;0;0;0;0;0;0;0;0;0;3617;0;0;126;0;122;0;
15675;4223751;1215582208;21688320;1401237504;0;0;0;0;0;0;0;0;0;0;0;4238;0;0;126;0;122;0;
15676;6132511;1215582208;21688320;1401237504;0;0;0;0;0;0;0;0;0;0;0;3126;0;0;126;0;122;0;
15677;4788721;1215582208;21688320;1401237504;0;0;0;0;0;0;0;0;0;0;0;3617;0;0;126;0;122;0;
15678;4956265;1215582208;21688320;1401237504;0;0;0;0;0;0;0;0;0;0;0;3547;0;0;126;0;122;0;
15679;3994110;1215582208;21688320;1401237504;0;0;0;0;0;0;0;0;0;0;0;4077;0;0;126;0;122;0;
15680;6108486;1215582208;21688320;1401237504;0;0;0;0;0;0;0;0;0;0;0;3426;0;0;126;0;122;0;
15681;4735351;1215582208;21688320;1401237504;0;0;0;0;0;0;0;0;0;0;0;2966;0;0;126;0;122;0;
15682;5472022;1215582208;21688320;1401237504;0;0;0;0;0;0;0;0;0;0;0;3397;0;0;126;0;122;0;
15683;4450988;1215582208;21688320;1401237504;0;0;0;0;0;0;0;0;0;0;0;3967;0;0;126;0;122;0;
15684;5963233;1215582208;21688320;1401237504;0;0;0;0;0;0;0;0;0;0;0;3397;0;0;126;0;122;0;
15685;3292334;1215582208;21688320;1401237504;0;0;0;0;0;0;0;0;0;0;0;3527;0;0;126;0;122;0;
15686;5565057;1215582208;21688320;1401237504;0;0;0;0;0;0;0;0;0;0;0;2254;0;0;126;0;122;0;
15687;3616983;1215582208;21688320;1401237504;0;0;0;0;0;0;0;0;0;0;0;3116;0;0;126;0;122;0;
15688;5813592;1215582208;21688320;1401237504;0;0;0;0;0;0;0;0;0;0;0;3336;0;0;126;0;122;0;
15689;4625675;1215582208;21688320;1401237504;0;0;0;0;0;0;0;0;0;0;0;3276;0;0;126;0;122;0;
15690;5569815;1215582208;21688320;1401237504;0;0;0;0;0;0;0;0;0;0;0;3136;0;0;126;0;122;0;
15691;4202842;1215582208;21688320;1401237504;0;0;0;0;0;0;0;0;0;0;0;34224;0;0;126;0;122;0;
15692;5370491;1215582208;21688320;1401237504;0;0;0;0;0;0;0;0;0;0;0;3006;0;0;126;0;122;0;
15693;3803984;1215582208;21688320;1401237504;0;0;0;0;0;0;0;0;0;0;0;3036;0;0;126;0;122;0;
15694;5394376;1215582208;21688320;1401237504;0;0;0;0;0;0;0;0;0;0;0;2555;0;0;126;0;122;0;
15695;4838354;1215582208;21688320;1401237504;0;0;0;0;0;0;0;0;0;0;0;4108;0;0;126;0;122;0;
15696;5743471;1215582208;21688320;1401237504;0;0;0;0;0;0;0;0;0;0;0;2394;0;0;126;0;122;0;
15697;5650377;1215582208;21688320;1401237504;0;0;0;0;0;0;0;0;0;0;0;2955;0;0;126;0;122;0;
15698;5881771;1215582208;21688320;1401237504;0;0;0;0;0;0;0;0;0;0;0;1974;0;0;126;0;122;0;
15699;4414960;1215582208;21688320;1401237504;0;0;0;0;0;0;0;0;0;0;0;3596;0;0;126;0;122;0;
15700;4880563;1215582208;21688320;1401237504;0;0;0;0;0;0;0;0;0;0;0;1983;0;0;126;0;122;0;
15701;4974659;1215582208;21688320;1401237504;0;0;0;0;0;0;0;0;0;0;0;3918;0;0;126;0;122;0;
15702;5986056;1215582208;21688320;1401237504;0;0;0;0;0;0;0;0;0;0;0;2114;0;0;126;0;122;0;
15703;4439025;1215582208;21688320;1401237504;0;0;0;0;0;0;0;0;0;0;0;3336;0;0;126;0;122;0;
15704;5491589;1215582208;21688320;1401237504;0;0;0;0;0;0;0;0;0;0;0;2665;0;0;126;0;122;0;
15705;4009178;1215582208;21688320;1401237504;0;0;0;0;0;0;0;0;0;0;0;3908;0;0;126;0;122;0;
15706;5716531;1215582208;21688320;1401237504;0;0;0;0;0;0;0;0;0;0;0;2855;0;0;126;0;122;0;
15707;4385224;1215582208;21688320;1401237504;0;0;0;0;0;0;0;0;0;0;0;3376;0;0;126;0;122;0;
15708;5641310;1215582208;21688320;1401237504;0;0;0;0;0;0;0;0;0;0;0;2595;0;0;126;0;122;0;
15709;4856237;1215582208;21688320;1401237504;0;0;0;0;0;0;0;0;0;0;0;3186;0;0;126;0;122;0;
15710;6401886;1215582208;21692416;1401241600;0;0;0;0;0;0;0;0;0;0;0;3817;0;0;126;0;122;0;
15711;4550394;1215582208;21696512;1401245696;0;0;0;0;0;0;0;0;0;0;0;2455;0;0;126;0;122;0;
15712;4999065;1215582208;21696512;1401245696;0;0;0;0;0;0;0;0;0;0;0;2645;0;0;126;0;122;0;
15713;6003099;1215582208;21696512;1401245696;0;0;0;0;0;0;0;0;0;0;0;3076;0;0;126;0;122;0;
15714;6035038;1215582208;21696512;1401245696;0;0;0;0;0;0;0;0;0;0;0;2304;0;0;126;0;122;0;
15715;4988525;1215582208;21696512;1401245696;0;0;0;0;0;0;0;0;0;0;0;3737;0;0;126;0;122;0;
15716;5098782;1215582208;21696512;1401245696;0;0;0;0;0;0;0;0;0;0;0;2345;0;0;126;0;122;0;
15717;5556781;1215582208;21688320;1401237504;0;0;0;0;0;0;0;0;0;0;0;2915;0;0;126;0;122;0;
15718;5189653;1215582208;21688320;1401237504;0;0;0;0;0;0;0;0;0;0;0;2294;0;0;126;0;122;0;
15719;3984212;1215582208;21688320;1401237504;0;0;0;0;0;0;0;0;0;0;0;3206;0;0;126;0;122;0;
15720;5854690;1215582208;21688320;1401237504;0;0;0;0;0;0;0;0;0;0;0;3476;0;0;126;0;122;0;
15721;3805657;1215582208;21688320;1401237504;0;0;0;0;0;0;0;0;0;0;0;2835;0;0;126;0;122;0;
15722;5697545;1215582208;21688320;1401237504;0;0;0;0;0;0;0;0;0;0;0;3607;0;0;126;0;122;0;
15723;3202626;1215582208;21688320;1401237504;0;0;0;0;0;0;0;0;0;0;0;3396;0;0;126;0;122;0;
15724;4620906;1215582208;21688320;1401237504;0;0;0;0;0;0;0;0;0;0;0;2755;0;0;126;0;122;0;
15725;4985499;1215582208;21688320;1401237504;0;0;0;0;0;0;0;0;0;0;0;2946;0;0;126;0;122;0;
15726;6372341;1215582208;21688320;1401237504;0;0;0;0;0;0;0;0;0;0;0;2394;0;0;126;0;122;0;
15727;4830539;1215582208;21688320;1401237504;0;0;0;0;0;0;0;0;0;0;0;3036;0;0;126;0;122;0;
15728;4839075;1215582208;21688320;1401237504;0;0;0;0;0;0;0;0;0;0;0;2465;0;0;126;0;122;0;
15729;5636801;1215582208;21688320;1401237504;0;0;0;0;0;0;0;0;0;0;0;4138;0;0;126;0;122;0;
15730;5660686;1215582208;21688320;1401237504;0;0;0;0;0;0;0;0;0;0;0;2564;0;0;126;0;122;0;
15731;4484190;1215582208;21688320;1401237504;0;0;0;0;0;0;0;0;0;0;0;3376;0;0;126;0;122;0;
15732;4747303;1215582208;21688320;1401237504;0;0;0;0;0;0;0;0;0;0;0;1803;0;0;126;0;122;0;
15733;3253261;1215582208;21688320;1401237504;0;0;0;0;0;0;0;0;0;0;0;2375;0;0;126;0;122;0;
15734;4176403;1215582208;21688320;1401237504;0;0;0;0;0;0;0;0;0;0;0;1653;0;0;126;0;122;0;
15735;2507843;1215582208;21688320;1401237504;0;0;0;0;0;0;0;0;0;0;0;3357;0;0;126;0;122;0;
15736;4515919;1215582208;21688320;1401237504;0;0;0;0;0;0;0;0;0;0;0;1944;0;0;126;0;122;0;
15737;3664172;1215582208;21688320;1401237504;0;0;0;0;0;0;0;0;0;0;0;2836;0;0;126;0;122;0;
15738;5627844;1215582208;21688320;1401237504;0;0;0;0;0;0;0;0;0;0;0;2144;0;0;126;0;122;0;
15739;3213567;1215582208;21688320;1401237504;0;0;0;0;0;0;0;0;0;0;0;2685;0;0;126;0;122;0;
15740;4868751;1215582208;21688320;1401237504;0;0;0;0;0;0;0;0;0;0;0;1523;0;0;126;0;122;0;
15741;4253046;1215582208;21688320;1401237504;0;0;0;0;0;0;0;0;0;0;0;2836;0;0;126;0;122;0;
15742;5010977;1215582208;21688320;1401237504;0;0;0;0;0;0;0;0;0;0;0;37340;0;0;126;0;122;0;
15743;4539233;1215582208;21688320;1401237504;0;0;0;0;0;0;0;0;0;0;0;3377;0;0;126;0;122;0;
15744;6191651;1215582208;21688320;1401237504;0;0;0;0;0;0;0;0;0;0;0;2144;0;0;126;0;122;0;
15745;5337981;1215582208;21688320;1401237504;0;0;0;0;0;0;0;0;0;0;0;2765;0;0;126;0;122;0;
15746;4955433;1215582208;21688320;1401237504;0;0;0;0;0;0;0;0;0;0;0;2164;0;0;126;0;122;0;
15747;3890266;1215582208;21688320;1401237504;0;0;0;0;0;0;0;0;0;0;0;3266;0;0;126;0;122;0;
15748;5781703;1215582208;21688320;1401237504;0;0;0;0;0;0;0;0;0;0;0;2695;0;0;126;0;122;0;
15749;5216994;1215582208;21688320;1401237504;0;0;0;0;0;0;0;0;0;0;0;2514;0;0;126;0;122;0;
15750;5839161;1215582208;21688320;1401237504;0;0;0;0;0;0;0;0;0;0;0;145823;0;0;126;0;122;0;
15751;3273549;1215582208;21692416;1401241600;0;0;0;0;0;0;0;0;0;0;0;2785;0;0;126;0;122;0;
15752;5538466;1215582208;21692416;1401241600;0;0;0;0;0;0;0;0;0;0;0;2524;0;0;126;0;122;0;
15753;4766128;1215582208;21692416;1401241600;0;0;0;0;0;0;0;0;0;0;0;2825;0;0;126;0;122;0;
15754;8123605;1215582208;21692416;1401241600;0;0;0;0;0;0;0;0;0;0;0;2494;0;0;126;0;122;0;
15755;4169680;1215582208;21692416;1401241600;0;0;0;0;0;0;0;0;0;0;0;2876;0;0;126;0;122;0;
15756;4969690;1215582208;21692416;1401241600;0;0;0;0;0;0;0;0;0;0;0;1703;0;0;126;0;122;0;
15757;4620816;1215582208;21692416;1401241600;0;0;0;0;0;0;0;0;0;0;0;3417;0;0;126;0;122;0;
15758;5375411;1215582208;21692416;1401241600;0;0;0;0;0;0;0;0;0;0;0;2034;0;0;126;0;122;0;
15759;3493462;1215582208;21688320;1401237504;0;0;0;0;0;0;0;0;0;0;0;2595;0;0;126;0;122;0;
15760;4578616;1215582208;21688320;1401237504;0;0;0;0;0;0;0;0;0;0;0;2174;0;0;126;0;122;0;
15761;4117401;1215582208;21688320;1401237504;0;0;0;0;0;0;0;0;0;0;0;2285;0;0;126;0;122;0;
15762;5532826;1215582208;21688320;1401237504;0;0;0;0;0;0;0;0;0;0;0;2054;0;0;126;0;122;0;
15763;2808437;1215582208;21688320;1401237504;0;0;0;0;0;0;0;0;0;0;0;2725;0;0;126;0;122;0;
15764;5929821;1215582208;21688320;1401237504;0;0;0;0;0;0;0;0;0;0;0;2315;0;0;126;0;122;0;
15765;2743194;1215582208;21688320;1401237504;0;0;0;0;0;0;0;0;0;0;0;2935;0;0;126;0;122;0;
15766;4564360;1215582208;21688320;1401237504;0;0;0;0;0;0;0;0;0;0;0;1893;0;0;126;0;122;0;
15767;4454945;1215582208;21688320;1401237504;0;0;0;0;0;0;0;0;0;0;0;3006;0;0;126;0;122;0;
15768;4872819;1215582208;21688320;1401237504;0;0;0;0;0;0;0;0;0;0;0;1924;0;0;126;0;122;0;
15769;4244160;1215582208;21688320;1401237504;0;0;0;0;0;0;0;0;0;0;0;3717;0;0;126;0;122;0;
15770;5261126;1215582208;21688320;1401237504;0;0;0;0;0;0;0;0;0;0;0;2405;0;0;126;0;122;0;
15771;5564886;1215582208;21688320;1401237504;0;0;0;0;0;0;0;0;0;0;0;3858;0;0;126;0;122;0;
15772;5627423;1215582208;21688320;1401237504;0;0;0;0;0;0;0;0;0;0;0;2575;0;0;126;0;122;0;
15773;5091960;1215582208;21688320;1401237504;0;0;0;0;0;0;0;0;0;0;0;3186;0;0;126;0;122;0;
15774;5988901;1215582208;21688320;1401237504;0;0;0;0;0;0;0;0;0;0;0;2114;0;0;126;0;122;0;
15775;4910479;1215582208;21688320;1401237504;0;0;0;0;0;0;0;0;0;0;0;3356;0;0;126;0;122;0;
15776;6515889;1215582208;21688320;1401237504;0;0;0;0;0;0;0;0;0;0;0;2445;0;0;126;0;122;0;
15777;4545534;1215582208;21688320;1401237504;0;0;0;0;0;0;0;0;0;0;0;3968;0;0;126;0;122;0;
15778;5257239;1215582208;21688320;1401237504;0;0;0;0;0;0;0;0;0;0;0;1753;0;0;126;0;122;0;
15779;3551871;1215582208;21688320;1401237504;0;0;0;0;0;0;0;0;0;0;0;3046;0;0;126;0;122;0;
15780;5713355;1215582208;21688320;1401237504;0;0;0;0;0;0;0;0;0;0;0;2314;0;0;126;0;122;0;
15781;3874827;1215582208;21688320;1401237504;0;0;0;0;0;0;0;0;0;0;0;3045;0;0;126;0;122;0;
15782;5858967;1215582208;21688320;1401237504;0;0;0;0;0;0;0;0;0;0;0;2986;0;0;126;0;122;0;
15783;3906917;1215582208;21688320;1401237504;0;0;0;0;0;0;0;0;0;0;0;3336;0;0;126;0;122;0;
15784;5516055;1215582208;21688320;1401237504;0;0;0;0;0;0;0;0;0;0;0;2354;0;0;126;0;122;0;
15785;4739999;1215582208;21688320;1401237504;0;0;0;0;0;0;0;0;0;0;0;3126;0;0;126;0;122;0;
15786;6598866;1215582208;21688320;1401237504;0;0;0;0;0;0;0;0;0;0;0;2996;0;0;126;0;122;0;
15787;4913314;1215582208;21688320;1401237504;0;0;0;0;0;0;0;0;0;0;0;3527;0;0;126;0;122;0;
15788;5158283;1215582208;21688320;1401237504;0;0;0;0;0;0;0;0;0;0;0;2375;0;0;126;0;122;0;
15789;3850541;1215582208;21688320;1401237504;0;0;0;0;0;0;0;0;0;0;0;3146;0;0;126;0;122;0;
15790;4431130;1215582208;21688320;1401237504;0;0;0;0;0;0;0;0;0;0;0;1793;0;0;126;0;122;0;
15791;5626902;1215582208;21688320;1401237504;0;0;0;0;0;0;0;0;0;0;0;3737;0;0;126;0;122;0;
15792;4596059;1215582208;21688320;1401237504;0;0;0;0;0;0;0;0;0;0;0;2214;0;0;126;0;122;0;
15793;5705490;1215582208;21688320;1401237504;0;0;0;0;0;0;0;0;0;0;0;3577;0;0;126;0;122;0;
15794;5827709;1215582208;21688320;1401237504;0;0;0;0;0;0;0;0;0;0;0;2544;0;0;126;0;122;0;
15795;4843273;1215582208;21688320;1401237504;0;0;0;0;0;0;0;0;0;0;0;3737;0;0;126;0;122;0;
15796;5322492;1215582208;21688320;1401237504;0;0;0;0;0;0;0;0;0;0;0;1984;0;0;126;0;122;0;
15797;5011038;1215582208;21688320;1401237504;0;0;0;0;0;0;0;0;0;0;0;3517;0;0;126;0;122;0;
15798;5312203;1215582208;21688320;1401237504;0;0;0;0;0;0;0;0;0;0;0;2275;0;0;126;0;122;0;
15799;3594451;1215582208;21688320;1401237504;0;0;0;0;0;0;0;0;0;0;0;3216;0;0;126;0;122;0;
15800;4602692;1215582208;21688320;1401237504;0;0;0;0;0;0;0;0;0;0;0;1863;0;0;126;0;122;0;
15801;5298848;1215582208;21688320;1401237504;0;0;0;0;0;0;0;0;0;0;0;3377;0;0;126;0;122;0;
15802;5044130;1215582208;21688320;1401237504;0;0;0;0;0;0;0;0;0;0;0;2625;0;0;126;0;122;0;
15803;4089029;1215582208;21688320;1401237504;0;0;0;0;0;0;0;0;0;0;0;3116;0;0;126;0;122;0;
15804;6924687;1215582208;21688320;1401237504;0;0;0;0;0;0;0;0;0;0;0;2555;0;0;126;0;122;0;
15805;5158314;1215582208;21688320;1401237504;0;0;0;0;0;0;0;0;0;0;0;3126;0;0;126;0;122;0;
15806;6566305;1215582208;21688320;1401237504;0;0;0;0;0;0;0;0;0;0;0;2595;0;0;126;0;122;0;
15807;5513079;1215582208;21688320;1401237504;0;0;0;0;0;0;0;0;0;0;0;2945;0;0;126;0;122;0;
15808;6053472;1215582208;21688320;1401237504;0;0;0;0;0;0;0;0;0;0;0;3557;0;0;126;0;122;0;
15809;3979453;1215582208;21688320;1401237504;0;0;0;0;0;0;0;0;0;0;0;3316;0;0;126;0;122;0;
15810;5892220;1215582208;21688320;1401237504;0;0;0;0;0;0;0;0;0;0;0;3867;0;0;126;0;122;0;
15811;4262273;1215582208;21688320;1401237504;0;0;0;0;0;0;0;0;0;0;0;3596;0;0;126;0;122;0;
15812;5643484;1215582208;21688320;1401237504;0;0;0;0;0;0;0;0;0;0;0;2786;0;0;126;0;122;0;
15813;3457454;1215582208;21688320;1401237504;0;0;0;0;0;0;0;0;0;0;0;4729;0;0;126;0;122;0;
15814;5300220;1215582208;21688320;1401237504;0;0;0;0;0;0;0;0;0;0;0;2245;0;0;126;0;122;0;
15815;3500725;1215582208;21688320;1401237504;0;0;0;0;0;0;0;0;0;0;0;3526;0;0;126;0;122;0;
15816;5615762;1215582208;21688320;1401237504;0;0;0;0;0;0;0;0;0;0;0;3566;0;0;126;0;122;0;
15817;3601404;1215582208;21688320;1401237504;0;0;0;0;0;0;0;0;0;0;0;2765;0;0;126;0;122;0;
15818;5084957;1215582208;21688320;1401237504;0;0;0;0;0;0;0;0;0;0;0;3056;0;0;126;0;122;0;
15819;3442556;1215582208;21688320;1401237504;0;0;0;0;0;0;0;0;0;0;0;3086;0;0;126;0;122;0;
15820;5623456;1215582208;21688320;1401237504;0;0;0;0;0;0;0;0;0;0;0;2194;0;0;126;0;122;0;
15821;3529980;1215582208;21688320;1401237504;0;0;0;0;0;0;0;0;0;0;0;29896;0;0;126;0;122;0;
15822;4753445;1215582208;21688320;1401237504;0;0;0;0;0;0;0;0;0;0;0;2404;0;0;126;0;122;0;
15823;3970176;1215582208;21688320;1401237504;0;0;0;0;0;0;0;0;0;0;0;2605;0;0;126;0;122;0;
15824;4527370;1215582208;21688320;1401237504;0;0;0;0;0;0;0;0;0;0;0;2144;0;0;126;0;122;0;
15825;4553089;1215582208;21688320;1401237504;0;0;0;0;0;0;0;0;0;0;0;2605;0;0;126;0;122;0;
15826;5232232;1215582208;21688320;1401237504;0;0;0;0;0;0;0;0;0;0;0;2995;0;0;126;0;122;0;
15827;3555968;1215582208;21688320;1401237504;0;0;0;0;0;0;0;0;0;0;0;3196;0;0;126;0;122;0;
15828;5608087;1215582208;21688320;1401237504;0;0;0;0;0;0;0;0;0;0;0;2144;0;0;126;0;122;0;
15829;3943365;1215582208;21688320;1401237504;0;0;0;0;0;0;0;0;0;0;0;3106;0;0;126;0;122;0;
15830;5221362;1215582208;21688320;1401237504;0;0;0;0;0;0;0;0;0;0;0;2214;0;0;126;0;122;0;
15831;2941707;1215582208;21688320;1401237504;0;0;0;0;0;0;0;0;0;0;0;3166;0;0;126;0;122;0;
15832;4979759;1215582208;21688320;1401237504;0;0;0;0;0;0;0;0;0;0;0;3928;0;0;126;0;122;0;
15833;4333367;1215582208;21688320;1401237504;0;0;0;0;0;0;0;0;0;0;0;3296;0;0;126;0;122;0;
15834;5387904;1215582208;21688320;1401237504;0;0;0;0;0;0;0;0;0;0;0;1723;0;0;126;0;122;0;
15835;3987188;1215582208;21688320;1401237504;0;0;0;0;0;0;0;0;0;0;0;3837;0;0;126;0;122;0;
15836;5259253;1215582208;21688320;1401237504;0;0;0;0;0;0;0;0;0;0;0;2344;0;0;126;0;122;0;
15837;4275238;1215582208;21688320;1401237504;0;0;0;0;0;0;0;0;0;0;0;2875;0;0;126;0;122;0;
15838;5255275;1215582208;21688320;1401237504;0;0;0;0;0;0;0;0;0;0;0;2254;0;0;126;0;122;0;
15839;4916139;1215582208;21688320;1401237504;0;0;0;0;0;0;0;0;0;0;0;3226;0;0;126;0;122;0;
15840;6278455;1215582208;21688320;1401237504;0;0;0;0;0;0;0;0;0;0;0;2214;0;0;126;0;122;0;
15841;3943646;1215582208;21688320;1401237504;0;0;0;0;0;0;0;0;0;0;0;2745;0;0;126;0;122;0;
15842;5621783;1215582208;21688320;1401237504;0;0;0;0;0;0;0;0;0;0;0;1613;0;0;126;0;122;0;
15843;3824773;1215582208;21688320;1401237504;0;0;0;0;0;0;0;0;0;0;0;2875;0;0;126;0;122;0;
15844;5272798;1215582208;21688320;1401237504;0;0;0;0;0;0;0;0;0;0;0;1814;0;0;126;0;122;0;
15845;3625920;1215582208;21688320;1401237504;0;0;0;0;0;0;0;0;0;0;0;3657;0;0;126;0;122;0;
15846;5255967;1215582208;21688320;1401237504;0;0;0;0;0;0;0;0;0;0;0;1943;0;0;126;0;122;0;
15847;3773977;1215582208;21688320;1401237504;0;0;0;0;0;0;0;0;0;0;0;3366;0;0;126;0;122;0;
15848;5287015;1215582208;21688320;1401237504;0;0;0;0;0;0;0;0;0;0;0;2294;0;0;126;0;122;0;
15849;3769680;1215582208;21688320;1401237504;0;0;0;0;0;0;0;0;0;0;0;3146;0;0;126;0;122;0;
15850;4957818;1215582208;21688320;1401237504;0;0;0;0;0;0;0;0;0;0;0;1954;0;0;126;0;122;0;
15851;4218271;1215582208;21688320;1401237504;0;0;0;0;0;0;0;0;0;0;0;3416;0;0;126;0;122;0;
15852;5062644;1215582208;21688320;1401237504;0;0;0;0;0;0;0;0;0;0;0;1864;0;0;126;0;122;0;
15853;3911045;1215582208;21688320;1401237504;0;0;0;0;0;0;0;0;0;0;0;2644;0;0;126;0;122;0;
15854;5070479;1215582208;21688320;1401237504;0;0;0;0;0;0;0;0;0;0;0;1954;0;0;126;0;122;0;
15855;6325813;1215582208;21688320;1401237504;0;0;0;0;0;0;0;0;0;0;0;3025;0;0;126;0;122;0;
15856;5262299;1215582208;21688320;1401237504;0;0;0;0;0;0;0;0;0;0;0;2835;0;0;126;0;122;0;
15857;4281450;1215582208;21688320;1401237504;0;0;0;0;0;0;0;0;0;0;0;3056;0;0;126;0;122;0;
15858;5474827;1215582208;21688320;1401237504;0;0;0;0;0;0;0;0;0;0;0;3647;0;0;126;0;122;0;
15859;3084094;1215582208;21688320;1401237504;0;0;0;0;0;0;0;0;0;0;0;3146;0;0;126;0;122;0;
15860;8478690;1215582208;21688320;1401237504;0;0;0;0;0;0;0;0;0;0;0;3216;0;0;126;0;122;0;
15861;11125695;1215582208;21688320;1401237504;0;0;0;0;0;0;0;0;0;0;0;3426;0;0;126;0;122;0;
15862;6566916;1215582208;21688320;1401237504;0;0;0;0;0;0;0;0;0;0;0;3256;0;0;126;0;122;0;
15863;4193635;1215582208;21688320;1401237504;0;0;0;0;0;0;0;0;0;0;0;4278;0;0;126;0;122;0;
15864;7121005;1215582208;21688320;1401237504;0;0;0;0;0;0;0;0;0;0;0;2715;0;0;126;0;122;0;
15865;3322972;1215582208;21688320;1401237504;0;0;0;0;0;0;0;0;0;0;0;3106;0;0;126;0;122;0;
15866;6166935;1215582208;21688320;1401237504;0;0;0;0;0;0;0;0;0;0;0;3436;0;0;126;0;122;0;
15867;3549316;1215582208;21688320;1401237504;0;0;0;0;0;0;0;0;0;0;0;2816;0;0;126;0;122;0;
15868;5689160;1215582208;21688320;1401237504;0;0;0;0;0;0;0;0;0;0;0;3095;0;0;126;0;122;0;
15869;3816347;1215582208;21688320;1401237504;0;0;0;0;0;0;0;0;0;0;0;3076;0;0;126;0;122;0;
15870;4737856;1215582208;21688320;1401237504;0;0;0;0;0;0;0;0;0;0;0;2314;0;0;126;0;122;0;
15871;4599877;1215582208;21688320;1401237504;0;0;0;0;0;0;0;0;0;0;0;4589;0;0;126;0;122;0;
15872;6018116;1215582208;21688320;1401237504;0;0;0;0;0;0;0;0;0;0;0;3105;0;0;126;0;122;0;
15873;4354988;1215582208;21688320;1401237504;0;0;0;0;0;0;0;0;0;0;0;3046;0;0;126;0;122;0;
15874;6910850;1215582208;21688320;1401237504;0;0;0;0;0;0;0;0;0;0;0;2926;0;0;126;0;122;0;
15875;4904178;1215582208;21688320;1401237504;0;0;0;0;0;0;0;0;0;0;0;2835;0;0;126;0;122;0;
15876;6334610;1215582208;21688320;1401237504;0;0;0;0;0;0;0;0;0;0;0;3266;0;0;126;0;122;0;
15877;3615030;1215582208;21688320;1401237504;0;0;0;0;0;0;0;0;0;0;0;3436;0;0;126;0;122;0;
15878;5434622;1215582208;21688320;1401237504;0;0;0;0;0;0;0;0;0;0;0;2224;0;0;126;0;122;0;
15879;4350098;1215582208;21688320;1401237504;0;0;0;0;0;0;0;0;0;0;0;3436;0;0;126;0;122;0;
15880;6191151;1215582208;21688320;1401237504;0;0;0;0;0;0;0;0;0;0;0;2715;0;0;126;0;122;0;
15881;3543175;1215582208;21688320;1401237504;0;0;0;0;0;0;0;0;0;0;0;3477;0;0;126;0;122;0;
15882;5514281;1215582208;21688320;1401237504;0;0;0;0;0;0;0;0;0;0;0;2895;0;0;126;0;122;0;
15883;4329319;1215582208;21688320;1401237504;0;0;0;0;0;0;0;0;0;0;0;3277;0;0;126;0;122;0;
15884;6330121;1215582208;21688320;1401237504;0;0;0;0;0;0;0;0;0;0;0;2825;0;0;126;0;122;0;
15885;4298091;1215582208;21688320;1401237504;0;0;0;0;0;0;0;0;0;0;0;2976;0;0;126;0;122;0;
15886;5902930;1215582208;21688320;1401237504;0;0;0;0;0;0;0;0;0;0;0;3196;0;0;126;0;122;0;
15887;4285907;1215582208;21688320;1401237504;0;0;0;0;0;0;0;0;0;0;0;4218;0;0;126;0;122;0;
15888;5514722;1215582208;21688320;1401237504;0;0;0;0;0;0;0;0;0;0;0;3427;0;0;126;0;122;0;
15889;3811198;1215582208;21688320;1401237504;0;0;0;0;0;0;0;0;0;0;0;3667;0;0;126;0;122;0;
15890;5526755;1215582208;21688320;1401237504;0;0;0;0;0;0;0;0;0;0;0;2795;0;0;126;0;122;0;
15891;3317391;1215582208;21688320;1401237504;0;0;0;0;0;0;0;0;0;0;0;3887;0;0;126;0;122;0;
15892;7001661;1215582208;21688320;1401237504;0;0;0;0;0;0;0;0;0;0;0;4348;0;0;126;0;122;0;
15893;2909126;1215582208;21688320;1401237504;0;0;0;0;0;0;0;0;0;0;0;2564;0;0;126;0;122;0;
15894;5676436;1215582208;21688320;1401237504;0;0;0;0;0;0;0;0;0;0;0;1964;0;0;126;0;122;0;
15895;3406989;1215582208;21688320;1401237504;0;0;0;0;0;0;0;0;0;0;0;3116;0;0;126;0;122;0;
15896;6709563;1215582208;21688320;1401237504;0;0;0;0;0;0;0;0;0;0;0;3086;0;0;126;0;122;0;
15897;3945890;1215582208;21688320;1401237504;0;0;0;0;0;0;0;0;0;0;0;2986;0;0;126;0;122;0;
15898;5822980;1215582208;21688320;1401237504;0;0;0;0;0;0;0;0;0;0;0;2454;0;0;126;0;122;0;
15899;4943270;1215582208;21688320;1401237504;0;0;0;0;0;0;0;0;0;0;0;3977;0;0;126;0;122;0;
15900;5654254;1215582208;21688320;1401237504;0;0;0;0;0;0;0;0;0;0;0;2976;0;0;126;0;122;0;
15901;3702193;1215582208;21688320;1401237504;0;0;0;0;0;0;0;0;0;0;0;2876;0;0;126;0;122;0;
15902;5428721;1215582208;21688320;1401237504;0;0;0;0;0;0;0;0;0;0;0;2715;0;0;126;0;122;0;
15903;3073113;1215582208;21688320;1401237504;0;0;0;0;0;0;0;0;0;0;0;3557;0;0;126;0;122;0;
15904;5922577;1215582208;21688320;1401237504;0;0;0;0;0;0;0;0;0;0;0;2464;0;0;126;0;122;0;
15905;3491027;1215582208;21688320;1401237504;0;0;0;0;0;0;0;0;0;0;0;2756;0;0;126;0;122;0;
15906;5959827;1215582208;21688320;1401237504;0;0;0;0;0;0;0;0;0;0;0;3276;0;0;126;0;122;0;
15907;3353819;1215582208;21688320;1401237504;0;0;0;0;0;0;0;0;0;0;0;3517;0;0;126;0;122;0;
15908;5585475;1215582208;21688320;1401237504;0;0;0;0;0;0;0;0;0;0;0;2124;0;0;126;0;122;0;
15909;4037361;1215582208;21688320;1401237504;0;0;0;0;0;0;0;0;0;0;0;3456;0;0;126;0;122;0;
15910;4518093;1215582208;21688320;1401237504;0;0;0;0;0;0;0;0;0;0;0;2194;0;0;126;0;122;0;
15911;4247856;1215582208;21688320;1401237504;0;0;0;0;0;0;0;0;0;0;0;3166;0;0;126;0;122;0;
15912;5930241;1215582208;21688320;1401237504;0;0;0;0;0;0;0;0;0;0;0;3206;0;0;126;0;122;0;
15913;3820304;1215582208;21688320;1401237504;0;0;0;0;0;0;0;0;0;0;0;3417;0;0;126;0;122;0;
15914;8645333;1215582208;21692416;1401241600;0;0;0;0;0;0;0;0;0;0;0;3937;0;0;126;0;122;0;
15915;4817495;1215582208;21696512;1401245696;0;0;0;0;0;0;0;0;0;0;0;3286;0;0;126;0;122;0;
15916;5961981;1215582208;21696512;1401245696;0;0;0;0;0;0;0;0;0;0;0;3597;0;0;126;0;122;0;
15917;4051879;1215582208;21696512;1401245696;0;0;0;0;0;0;0;0;0;0;0;3858;0;0;126;0;122;0;
15918;6455507;1215582208;21696512;1401245696;0;0;0;0;0;0;0;0;0;0;0;4398;0;0;126;0;122;0;
15919;4527961;1215582208;21696512;1401245696;0;0;0;0;0;0;0;0;0;0;0;3687;0;0;126;0;122;0;
15920;6439867;1215582208;21696512;1401245696;0;0;0;0;0;0;0;0;0;0;0;2675;0;0;126;0;122;0;
15921;3467774;1215582208;21688320;1401237504;0;0;0;0;0;0;0;0;0;0;0;3327;0;0;126;0;122;0;
15922;6156496;1215582208;21688320;1401237504;0;0;0;0;0;0;0;0;0;0;0;2935;0;0;126;0;122;0;
15923;4762542;1215582208;21688320;1401237504;0;0;0;0;0;0;0;0;0;0;0;3376;0;0;126;0;122;0;
15924;4846619;1215582208;21688320;1401237504;0;0;0;0;0;0;0;0;0;0;0;3116;0;0;126;0;122;0;
15925;7391922;1215582208;21688320;1401237504;0;0;0;0;0;0;0;0;0;0;0;3386;0;0;126;0;122;0;
15926;5794747;1215582208;21688320;1401237504;0;0;0;0;0;0;0;0;0;0;0;3176;0;0;126;0;122;0;
15927;6527241;1215582208;21688320;1401237504;0;0;0;0;0;0;0;0;0;0;0;3697;0;0;126;0;122;0;
15928;5873284;1215582208;21688320;1401237504;0;0;0;0;0;0;0;0;0;0;0;3426;0;0;126;0;122;0;
15929;6827263;1215582208;21688320;1401237504;0;0;0;0;0;0;0;0;0;0;0;3847;0;0;126;0;122;0;
15930;7605022;1215582208;21688320;1401237504;0;0;0;0;0;0;0;0;0;0;0;4258;0;0;126;0;122;0;
15931;4860304;1215582208;21688320;1401237504;0;0;0;0;0;0;0;0;0;0;0;3677;0;0;126;0;122;0;
15932;6922532;1215582208;21688320;1401237504;0;0;0;0;0;0;0;0;0;0;0;3978;0;0;126;0;122;0;
15933;5069808;1215582208;21688320;1401237504;0;0;0;0;0;0;0;0;0;0;0;3467;0;0;126;0;122;0;
15934;6670510;1215582208;21688320;1401237504;0;0;0;0;0;0;0;0;0;0;0;3096;0;0;126;0;122;0;
15935;5022168;1215582208;21688320;1401237504;0;0;0;0;0;0;0;0;0;0;0;2965;0;0;126;0;122;0;
15936;6488088;1215582208;21688320;1401237504;0;0;0;0;0;0;0;0;0;0;0;3477;0;0;126;0;122;0;
15937;4133542;1215582208;21688320;1401237504;0;0;0;0;0;0;0;0;0;0;0;3586;0;0;126;0;122;0;
15938;6583797;1215582208;21688320;1401237504;0;0;0;0;0;0;0;0;0;0;0;2745;0;0;126;0;122;0;
15939;3379137;1215582208;21688320;1401237504;0;0;0;0;0;0;0;0;0;0;0;2886;0;0;126;0;122;0;
15940;5703466;1215582208;21688320;1401237504;0;0;0;0;0;0;0;0;0;0;0;2655;0;0;126;0;122;0;
15941;3466250;1215582208;21688320;1401237504;0;0;0;0;0;0;0;0;0;0;0;2936;0;0;126;0;122;0;
15942;5895407;1215582208;21688320;1401237504;0;0;0;0;0;0;0;0;0;0;0;3146;0;0;126;0;122;0;
15943;4409369;1215582208;21688320;1401237504;0;0;0;0;0;0;0;0;0;0;0;3166;0;0;126;0;122;0;
15944;7207006;1215582208;21688320;1401237504;0;0;0;0;0;0;0;0;0;0;0;3166;0;0;126;0;122;0;
15945;4791706;1215582208;21688320;1401237504;0;0;0;0;0;0;0;0;0;0;0;3707;0;0;126;0;122;0;
15946;6133442;1215582208;21688320;1401237504;0;0;0;0;0;0;0;0;0;0;0;2725;0;0;126;0;122;0;
15947;4473730;1215582208;21688320;1401237504;0;0;0;0;0;0;0;0;0;0;0;3807;0;0;126;0;122;0;
15948;4715824;1215582208;21688320;1401237504;0;0;0;0;0;0;0;0;0;0;0;2264;0;0;126;0;122;0;
15949;4711666;1215582208;21688320;1401237504;0;0;0;0;0;0;0;0;0;0;0;3777;0;0;126;0;122;0;
15950;6012796;1215582208;21688320;1401237504;0;0;0;0;0;0;0;0;0;0;0;3136;0;0;126;0;122;0;
15951;8353376;1215582208;21688320;1401237504;0;0;0;0;0;0;0;0;0;0;0;3447;0;0;126;0;122;0;
15952;7327422;1215582208;21688320;1401237504;0;0;0;0;0;0;0;0;0;0;0;3046;0;0;126;0;122;0;
15953;4574469;1215582208;21688320;1401237504;0;0;0;0;0;0;0;0;0;0;0;3556;0;0;126;0;122;0;
15954;5363669;1215582208;21688320;1401237504;0;0;0;0;0;0;0;0;0;0;0;2956;0;0;126;0;122;0;
15955;3352116;1215582208;21688320;1401237504;0;0;0;0;0;0;0;0;0;0;0;3547;0;0;126;0;122;0;
15956;5434102;1215582208;21688320;1401237504;0;0;0;0;0;0;0;0;0;0;0;3135;0;0;126;0;122;0;
15957;3661987;1215582208;21688320;1401237504;0;0;0;0;0;0;0;0;0;0;0;3266;0;0;126;0;122;0;
15958;5950279;1215582208;21688320;1401237504;0;0;0;0;0;0;0;0;0;0;0;2826;0;0;126;0;122;0;
15959;3951160;1215582208;21688320;1401237504;0;0;0;0;0;0;0;0;0;0;0;2956;0;0;126;0;122;0;
15960;5852175;1215582208;21688320;1401237504;0;0;0;0;0;0;0;0;0;0;0;2455;0;0;126;0;122;0;
15961;4657855;1215582208;21688320;1401237504;0;0;0;0;0;0;0;0;0;0;0;3035;0;0;126;0;122;0;
15962;5350424;1215582208;21688320;1401237504;0;0;0;0;0;0;0;0;0;0;0;2936;0;0;126;0;122;0;
15963;4272072;1215582208;21688320;1401237504;0;0;0;0;0;0;0;0;0;0;0;3487;0;0;126;0;122;0;
15964;5993730;1215582208;21688320;1401237504;0;0;0;0;0;0;0;0;0;0;0;2555;0;0;126;0;122;0;
15965;4050255;1215582208;21688320;1401237504;0;0;0;0;0;0;0;0;0;0;0;3857;0;0;126;0;122;0;
15966;6021723;1215582208;21688320;1401237504;0;0;0;0;0;0;0;0;0;0;0;2925;0;0;126;0;122;0;
15967;6495372;1215582208;21688320;1401237504;0;0;0;0;0;0;0;0;0;0;0;3487;0;0;126;0;122;0;
15968;5553695;1215582208;21688320;1401237504;0;0;0;0;0;0;0;0;0;0;0;3306;0;0;126;0;122;0;
15969;4971855;1215582208;21688320;1401237504;0;0;0;0;0;0;0;0;0;0;0;2945;0;0;126;0;122;0;
15970;6865015;1215582208;21688320;1401237504;0;0;0;0;0;0;0;0;0;0;0;3066;0;0;126;0;122;0;
15971;5396751;1215582208;21688320;1401237504;0;0;0;0;0;0;0;0;0;0;0;3486;0;0;126;0;122;0;
15972;6168859;1215582208;21688320;1401237504;0;0;0;0;0;0;0;0;0;0;0;3707;0;0;126;0;122;0;
15973;5635338;1215582208;21688320;1401237504;0;0;0;0;0;0;0;0;0;0;0;3998;0;0;126;0;122;0;
15974;5091809;1215582208;21688320;1401237504;0;0;0;0;0;0;0;0;0;0;0;3116;0;0;126;0;122;0;
15975;3757056;1215582208;21688320;1401237504;0;0;0;0;0;0;0;0;0;0;0;3216;0;0;126;0;122;0;
15976;5900466;1215582208;21688320;1401237504;0;0;0;0;0;0;0;0;0;0;0;2955;0;0;126;0;122;0;
15977;3397832;1215582208;21688320;1401237504;0;0;0;0;0;0;0;0;0;0;0;3807;0;0;126;0;122;0;
15978;6565954;1215582208;21688320;1401237504;0;0;0;0;0;0;0;0;0;0;0;2775;0;0;126;0;122;0;
15979;3676575;1215582208;21688320;1401237504;0;0;0;0;0;0;0;0;0;0;0;3276;0;0;126;0;122;0;
15980;6450918;1215582208;21688320;1401237504;0;0;0;0;0;0;0;0;0;0;0;3236;0;0;126;0;122;0;
15981;3691232;1215582208;21688320;1401237504;0;0;0;0;0;0;0;0;0;0;0;3106;0;0;126;0;122;0;
15982;5367255;1215582208;21688320;1401237504;0;0;0;0;0;0;0;0;0;0;0;2655;0;0;126;0;122;0;
15983;3661757;1215582208;21688320;1401237504;0;0;0;0;0;0;0;0;0;0;0;3116;0;0;126;0;122;0;
15984;5556761;1215582208;21688320;1401237504;0;0;0;0;0;0;0;0;0;0;0;2645;0;0;126;0;122;0;
15985;4304493;1215582208;21688320;1401237504;0;0;0;0;0;0;0;0;0;0;0;3817;0;0;126;0;122;0;
15986;5638294;1215582208;21688320;1401237504;0;0;0;0;0;0;0;0;0;0;0;2505;0;0;126;0;122;0;
15987;4239962;1215582208;21688320;1401237504;0;0;0;0;0;0;0;0;0;0;0;2966;0;0;126;0;122;0;
15988;5236170;1215582208;21688320;1401237504;0;0;0;0;0;0;0;0;0;0;0;2374;0;0;126;0;122;0;
15989;4707138;1215582208;21688320;1401237504;0;0;0;0;0;0;0;0;0;0;0;3096;0;0;126;0;122;0;
15990;4794181;1215582208;21688320;1401237504;0;0;0;0;0;0;0;0;0;0;0;1894;0;0;126;0;122;0;
15991;4746031;1215582208;21688320;1401237504;0;0;0;0;0;0;0;0;0;0;0;3035;0;0;126;0;122;0;
15992;5702615;1215582208;21688320;1401237504;0;0;0;0;0;0;0;0;0;0;0;2114;0;0;126;0;122;0;
15993;5043579;1215582208;21688320;1401237504;0;0;0;0;0;0;0;0;0;0;0;2715;0;0;126;0;122;0;
15994;4627969;1215582208;21688320;1401237504;0;0;0;0;0;0;0;0;0;0;0;2275;0;0;126;0;122;0;
15995;4574439;1215582208;21688320;1401237504;0;0;0;0;0;0;0;0;0;0;0;2625;0;0;126;0;122;0;
15996;4470785;1215582208;21688320;1401237504;0;0;0;0;0;0;0;0;0;0;0;2395;0;0;126;0;122;0;
15997;4780506;1215582208;21688320;1401237504;0;0;0;0;0;0;0;0;0;0;0;3657;0;0;126;0;122;0;
15998;5745234;1215582208;21688320;1401237504;0;0;0;0;0;0;0;0;0;0;0;2926;0;0;126;0;122;0;
15999;3560748;1215582208;21688320;1401237504;0;0;0;0;0;0;0;0;0;0;0;2885;0;0;126;0;122;0;
16000;6784985;1215582208;21688320;1401237504;0;0;0;0;0;0;0;0;0;0;0;2595;0;0;126;0;122;0;
16001;2712227;1215582208;21688320;1401237504;0;0;0;0;0;0;0;0;0;0;0;2675;0;0;126;0;122;0;
16002;9547756;1215582208;21688320;1401237504;0;0;0;0;0;0;0;0;0;0;0;3767;0;0;126;0;122;0;
16003;4322226;1215582208;21688320;1401237504;0;0;0;0;0;0;0;0;0;0;0;3466;0;0;126;0;122;0;
16004;5877212;1215582208;21688320;1401237504;0;0;0;0;0;0;0;0;0;0;0;3066;0;0;126;0;122;0;
16005;5168343;1215582208;21688320;1401237504;0;0;0;0;0;0;0;0;0;0;0;3376;0;0;126;0;122;0;
16006;6223742;1215582208;21688320;1401237504;0;0;0;0;0;0;0;0;0;0;0;3427;0;0;126;0;122;0;
16007;5331198;1215582208;21688320;1401237504;0;0;0;0;0;0;0;0;0;0;0;3346;0;0;126;0;122;0;
16008;6803479;1215582208;21688320;1401237504;0;0;0;0;0;0;0;0;0;0;0;3226;0;0;126;0;122;0;
16009;3972289;1215582208;21688320;1401237504;0;0;0;0;0;0;0;0;0;0;0;2895;0;0;126;0;122;0;
16010;5737400;1215582208;21688320;1401237504;0;0;0;0;0;0;0;0;0;0;0;3306;0;0;126;0;122;0;
16011;3841214;1215582208;21688320;1401237504;0;0;0;0;0;0;0;0;0;0;0;2895;0;0;126;0;122;0;
16012;8031252;1215582208;21688320;1401237504;0;0;0;0;0;0;0;0;0;0;0;2976;0;0;126;0;122;0;
16013;4652896;1215582208;21688320;1401237504;0;0;0;0;0;0;0;0;0;0;0;3507;0;0;126;0;122;0;
16014;6518445;1215582208;21688320;1401237504;0;0;0;0;0;0;0;0;0;0;0;2836;0;0;126;0;122;0;
16015;4933733;1215582208;21688320;1401237504;0;0;0;0;0;0;0;0;0;0;0;4027;0;0;126;0;122;0;
16016;4790073;1215582208;21688320;1401237504;0;0;0;0;0;0;0;0;0;0;0;3557;0;0;126;0;122;0;
16017;5703276;1215582208;21688320;1401237504;0;0;0;0;0;0;0;0;0;0;0;3908;0;0;126;0;122;0;
16018;6130877;1215582208;21688320;1401237504;0;0;0;0;0;0;0;0;0;0;0;3647;0;0;126;0;122;0;
16019;4381888;1215582208;21688320;1401237504;0;0;0;0;0;0;0;0;0;0;0;3146;0;0;126;0;122;0;
16020;6241565;1215582208;21688320;1401237504;0;0;0;0;0;0;0;0;0;0;0;2785;0;0;126;0;122;0;
16021;3705860;1215582208;21688320;1401237504;0;0;0;0;0;0;0;0;0;0;0;3086;0;0;126;0;122;0;
16022;5276165;1215582208;21688320;1401237504;0;0;0;0;0;0;0;0;0;0;0;3406;0;0;126;0;122;0;
16023;3477942;1215582208;21688320;1401237504;0;0;0;0;0;0;0;0;0;0;0;3036;0;0;126;0;122;0;
16024;5548415;1215582208;21688320;1401237504;0;0;0;0;0;0;0;0;0;0;0;1893;0;0;126;0;122;0;
16025;4371528;1215582208;21688320;1401237504;0;0;0;0;0;0;0;0;0;0;0;2976;0;0;126;0;122;0;
16026;4966494;1215582208;21688320;1401237504;0;0;0;0;0;0;0;0;0;0;0;2595;0;0;126;0;122;0;
16027;5594983;1215582208;21688320;1401237504;0;0;0;0;0;0;0;0;0;0;0;2665;0;0;126;0;122;0;
16028;5074927;1215582208;21688320;1401237504;0;0;0;0;0;0;0;0;0;0;0;3236;0;0;126;0;122;0;
16029;5338252;1215582208;21688320;1401237504;0;0;0;0;0;0;0;0;0;0;0;3847;0;0;126;0;122;0;
16030;5390970;1215582208;21688320;1401237504;0;0;0;0;0;0;0;0;0;0;0;2925;0;0;126;0;122;0;
16031;5004405;1215582208;21688320;1401237504;0;0;0;0;0;0;0;0;0;0;0;3256;0;0;126;0;122;0;
16032;5630108;1215582208;21688320;1401237504;0;0;0;0;0;0;0;0;0;0;0;2985;0;0;126;0;122;0;
16033;5146922;1215582208;21688320;1401237504;0;0;0;0;0;0;0;0;0;0;0;3075;0;0;126;0;122;0;
16034;7096809;1215582208;21688320;1401237504;0;0;0;0;0;0;0;0;0;0;0;2555;0;0;126;0;122;0;
16035;5224448;1215582208;21688320;1401237504;0;0;0;0;0;0;0;0;0;0;0;3577;0;0;126;0;122;0;
16036;7477203;1215582208;21688320;1401237504;0;0;0;0;0;0;0;0;0;0;0;2695;0;0;126;0;122;0;
16037;4129113;1215582208;21688320;1401237504;0;0;0;0;0;0;0;0;0;0;0;8936;0;0;126;0;122;0;
16038;6052140;1215582208;21688320;1401237504;0;0;0;0;0;0;0;0;0;0;0;2835;0;0;126;0;122;0;
16039;3717372;1215582208;21688320;1401237504;0;0;0;0;0;0;0;0;0;0;0;2956;0;0;126;0;122;0;
16040;8855498;1215582208;21688320;1401237504;0;0;0;0;0;0;0;0;0;0;0;3877;0;0;126;0;122;0;
16041;4814149;1215582208;21688320;1401237504;0;0;0;0;0;0;0;0;0;0;0;2966;0;0;126;0;122;0;
16042;6254038;1215582208;21688320;1401237504;0;0;0;0;0;0;0;0;0;0;0;2725;0;0;126;0;122;0;
16043;4000513;1215582208;21688320;1401237504;0;0;0;0;0;0;0;0;0;0;0;3156;0;0;126;0;122;0;
16044;6302309;1215582208;21688320;1401237504;0;0;0;0;0;0;0;0;0;0;0;2544;0;0;126;0;122;0;
16045;2928753;1215582208;21688320;1401237504;0;0;0;0;0;0;0;0;0;0;0;3827;0;0;126;0;122;0;
16046;7630390;1215582208;21688320;1401237504;0;0;0;0;0;0;0;0;0;0;0;2835;0;0;126;0;122;0;
16047;3787443;1215582208;21688320;1401237504;0;0;0;0;0;0;0;0;0;0;0;3016;0;0;126;0;122;0;
16048;9613759;1215582208;21688320;1401237504;0;0;0;0;0;0;0;0;0;0;0;3747;0;0;126;0;122;0;
16049;10617001;1215582208;21688320;1401237504;0;0;0;0;0;0;0;0;0;0;0;6632;0;0;126;0;122;0;
16050;7017330;1215582208;21688320;1401237504;0;0;0;0;0;0;0;0;0;0;0;3096;0;0;126;0;122;0;
16051;3312803;1215582208;21688320;1401237504;0;0;0;0;0;0;0;0;0;0;0;2926;0;0;126;0;122;0;
16052;6665541;1215582208;21688320;1401237504;0;0;0;0;0;0;0;0;0;0;0;4438;0;0;126;0;122;0;
16053;4266301;1215582208;21688320;1401237504;0;0;0;0;0;0;0;0;0;0;0;3707;0;0;126;0;122;0;
16054;6638009;1215582208;21688320;1401237504;0;0;0;0;0;0;0;0;0;0;0;3296;0;0;126;0;122;0;
16055;2915076;1215582208;21688320;1401237504;0;0;0;0;0;0;0;0;0;0;0;3176;0;0;126;0;122;0;
16056;6217750;1215582208;21688320;1401237504;0;0;0;0;0;0;0;0;0;0;0;3356;0;0;126;0;122;0;
16057;3100134;1215582208;21688320;1401237504;0;0;0;0;0;0;0;0;0;0;0;2696;0;0;126;0;122;0;
16058;5164596;1215582208;21688320;1401237504;0;0;0;0;0;0;0;0;0;0;0;2715;0;0;126;0;122;0;
16059;2973537;1215582208;21688320;1401237504;0;0;0;0;0;0;0;0;0;0;0;2746;0;0;126;0;122;0;
16060;5645969;1215582208;21688320;1401237504;0;0;0;0;0;0;0;0;0;0;0;2575;0;0;126;0;122;0;
16061;3874386;1215582208;21688320;1401237504;0;0;0;0;0;0;0;0;0;0;0;3025;0;0;126;0;122;0;
16062;5406990;1215582208;21688320;1401237504;0;0;0;0;0;0;0;0;0;0;0;2084;0;0;126;0;122;0;
16063;5342549;1215582208;21688320;1401237504;0;0;0;0;0;0;0;0;0;0;0;4108;0;0;126;0;122;0;
16064;6652896;1215582208;21688320;1401237504;0;0;0;0;0;0;0;0;0;0;0;3066;0;0;126;0;122;0;
16065;3146070;1215582208;21688320;1401237504;0;0;0;0;0;0;0;0;0;0;0;2645;0;0;126;0;122;0;
16066;5158845;1215582208;21688320;1401237504;0;0;0;0;0;0;0;0;0;0;0;2905;0;0;126;0;122;0;
16067;5802321;1215582208;21688320;1401237504;0;0;0;0;0;0;0;0;0;0;0;3967;0;0;126;0;122;0;
16068;7132336;1215582208;21688320;1401237504;0;0;0;0;0;0;0;0;0;0;0;2826;0;0;126;0;122;0;
16069;3820435;1215582208;21688320;1401237504;0;0;0;0;0;0;0;0;0;0;0;3176;0;0;126;0;122;0;
16070;5441826;1215582208;21688320;1401237504;0;0;0;0;0;0;0;0;0;0;0;2455;0;0;126;0;122;0;
16071;4358864;1215582208;21688320;1401237504;0;0;0;0;0;0;0;0;0;0;0;3437;0;0;126;0;122;0;
16072;5426416;1215582208;21688320;1401237504;0;0;0;0;0;0;0;0;0;0;0;3006;0;0;126;0;122;0;
16073;3546151;1215582208;21688320;1401237504;0;0;0;0;0;0;0;0;0;0;0;2655;0;0;126;0;122;0;
16074;4692400;1215582208;21688320;1401237504;0;0;0;0;0;0;0;0;0;0;0;2625;0;0;126;0;122;0;
16075;5258151;1215582208;21688320;1401237504;0;0;0;0;0;0;0;0;0;0;0;2766;0;0;126;0;122;0;
16076;5935611;1215582208;21688320;1401237504;0;0;0;0;0;0;0;0;0;0;0;2394;0;0;126;0;122;0;
16077;4955984;1215582208;21688320;1401237504;0;0;0;0;0;0;0;0;0;0;0;2675;0;0;126;0;122;0;
16078;6707268;1215582208;21688320;1401237504;0;0;0;0;0;0;0;0;0;0;0;2725;0;0;126;0;122;0;
16079;3918559;1215582208;21688320;1401237504;0;0;0;0;0;0;0;0;0;0;0;3226;0;0;126;0;122;0;
16080;5251409;1215582208;21688320;1401237504;0;0;0;0;0;0;0;0;0;0;0;2955;0;0;126;0;122;0;
16081;4569940;1215582208;21688320;1401237504;0;0;0;0;0;0;0;0;0;0;0;3427;0;0;126;0;122;0;
16082;4758194;1215582208;21688320;1401237504;0;0;0;0;0;0;0;0;0;0;0;2264;0;0;126;0;122;0;
16083;5315849;1215582208;21688320;1401237504;0;0;0;0;0;0;0;0;0;0;0;2955;0;0;126;0;122;0;
16084;4924876;1215582208;21688320;1401237504;0;0;0;0;0;0;0;0;0;0;0;2315;0;0;126;0;122;0;
16085;4831230;1215582208;21688320;1401237504;0;0;0;0;0;0;0;0;0;0;0;3506;0;0;126;0;122;0;
16086;7205173;1215582208;21688320;1401237504;0;0;0;0;0;0;0;0;0;0;0;3817;0;0;126;0;122;0;
16087;5594683;1215582208;21688320;1401237504;0;0;0;0;0;0;0;0;0;0;0;2995;0;0;126;0;122;0;
16088;7115965;1215582208;21688320;1401237504;0;0;0;0;0;0;0;0;0;0;0;3236;0;0;126;0;122;0;
16089;4965602;1215582208;21688320;1401237504;0;0;0;0;0;0;0;0;0;0;0;2945;0;0;126;0;122;0;
16090;5702685;1215582208;21688320;1401237504;0;0;0;0;0;0;0;0;0;0;0;3817;0;0;126;0;122;0;
16091;4389512;1215582208;21688320;1401237504;0;0;0;0;0;0;0;0;0;0;0;4128;0;0;126;0;122;0;
16092;5182379;1215582208;21688320;1401237504;0;0;0;0;0;0;0;0;0;0;0;3106;0;0;126;0;122;0;
16093;5392593;1215582208;21688320;1401237504;0;0;0;0;0;0;0;0;0;0;0;3307;0;0;126;0;122;0;
16094;5728343;1215582208;21688320;1401237504;0;0;0;0;0;0;0;0;0;0;0;2324;0;0;126;0;122;0;
16095;5097059;1215582208;21688320;1401237504;0;0;0;0;0;0;0;0;0;0;0;3176;0;0;126;0;122;0;
16096;4938231;1215582208;21688320;1401237504;0;0;0;0;0;0;0;0;0;0;0;2575;0;0;126;0;122;0;
16097;3782954;1215582208;21688320;1401237504;0;0;0;0;0;0;0;0;0;0;0;3657;0;0;126;0;122;0;
16098;4869893;1215582208;21688320;1401237504;0;0;0;0;0;0;0;0;0;0;0;2515;0;0;126;0;122;0;
16099;4849815;1215582208;21688320;1401237504;0;0;0;0;0;0;0;0;0;0;0;2885;0;0;126;0;122;0;
16100;5961721;1215582208;21688320;1401237504;0;0;0;0;0;0;0;0;0;0;0;3677;0;0;126;0;122;0;
16101;5520043;1215582208;21688320;1401237504;0;0;0;0;0;0;0;0;0;0;0;3326;0;0;126;0;122;0;
16102;6292290;1215582208;21688320;1401237504;0;0;0;0;0;0;0;0;0;0;0;3026;0;0;126;0;122;0;
16103;4793610;1215582208;21688320;1401237504;0;0;0;0;0;0;0;0;0;0;0;3056;0;0;126;0;122;0;
16104;7536815;1215582208;21688320;1401237504;0;0;0;0;0;0;0;0;0;0;0;3867;0;0;126;0;122;0;
16105;4004721;1215582208;21688320;1401237504;0;0;0;0;0;0;0;0;0;0;0;3977;0;0;126;0;122;0;
16106;6844586;1215582208;21688320;1401237504;0;0;0;0;0;0;0;0;0;0;0;2705;0;0;126;0;122;0;
16107;5344613;1215582208;21688320;1401237504;0;0;0;0;0;0;0;0;0;0;0;3507;0;0;126;0;122;0;
16108;6854154;1215582208;21688320;1401237504;0;0;0;0;0;0;0;0;0;0;0;2986;0;0;126;0;122;0;
16109;5325427;1215582208;21688320;1401237504;0;0;0;0;0;0;0;0;0;0;0;3597;0;0;126;0;122;0;
16110;6694425;1215582208;21688320;1401237504;0;0;0;0;0;0;0;0;0;0;0;2766;0;0;126;0;122;0;
16111;5235588;1215582208;21688320;1401237504;0;0;0;0;0;0;0;0;0;0;0;3496;0;0;126;0;122;0;
16112;4531639;1215582208;21688320;1401237504;0;0;0;0;0;0;0;0;0;0;0;3336;0;0;126;0;122;0;
16113;7489917;1215582208;21688320;1401237504;0;0;0;0;0;0;0;0;0;0;0;3727;0;0;126;0;122;0;
16114;5324265;1215582208;21688320;1401237504;0;0;0;0;0;0;0;0;0;0;0;2665;0;0;126;0;122;0;
16115;4150784;1215582208;21688320;1401237504;0;0;0;0;0;0;0;0;0;0;0;3827;0;0;126;0;122;0;
16116;8055498;1215582208;21688320;1401237504;0;0;0;0;0;0;0;0;0;0;0;3015;0;0;126;0;122;0;
16117;5666758;1215582208;21688320;1401237504;0;0;0;0;0;0;0;0;0;0;0;3326;0;0;126;0;122;0;
16118;4908846;1215582208;21688320;1401237504;0;0;0;0;0;0;0;0;0;0;0;2485;0;0;126;0;122;0;
16119;3994100;1215582208;21688320;1401237504;0;0;0;0;0;0;0;0;0;0;0;4158;0;0;126;0;122;0;
16120;6261753;1215582208;21688320;1401237504;0;0;0;0;0;0;0;0;0;0;0;3426;0;0;126;0;122;0;
16121;4004841;1215582208;21688320;1401237504;0;0;0;0;0;0;0;0;0;0;0;3326;0;0;126;0;122;0;
16122;6724902;1215582208;21688320;1401237504;0;0;0;0;0;0;0;0;0;0;0;3416;0;0;126;0;122;0;
16123;6469313;1215582208;21688320;1401237504;0;0;0;0;0;0;0;0;0;0;0;3036;0;0;126;0;122;0;
16124;8834808;1215582208;21688320;1401237504;0;0;0;0;0;0;0;0;0;0;0;3306;0;0;126;0;122;0;
16125;5160437;1215582208;21688320;1401237504;0;0;0;0;0;0;0;0;0;0;0;3035;0;0;126;0;122;0;
16126;6447782;1215582208;21688320;1401237504;0;0;0;0;0;0;0;0;0;0;0;2935;0;0;126;0;122;0;
16127;4593574;1215582208;21688320;1401237504;0;0;0;0;0;0;0;0;0;0;0;3045;0;0;126;0;122;0;
16128;6273215;1215582208;21688320;1401237504;0;0;0;0;0;0;0;0;0;0;0;3086;0;0;126;0;122;0;
16129;4232498;1215582208;21688320;1401237504;0;0;0;0;0;0;0;0;0;0;0;3416;0;0;126;0;122;0;
16130;5511867;1215582208;21688320;1401237504;0;0;0;0;0;0;0;0;0;0;0;3256;0;0;126;0;122;0;
16131;3785639;1215582208;21688320;1401237504;0;0;0;0;0;0;0;0;0;0;0;3346;0;0;126;0;122;0;
16132;5587398;1215582208;21688320;1401237504;0;0;0;0;0;0;0;0;0;0;0;2544;0;0;126;0;122;0;
16133;4648527;1215582208;21688320;1401237504;0;0;0;0;0;0;0;0;0;0;0;3447;0;0;126;0;122;0;
16134;6042772;1215582208;21688320;1401237504;0;0;0;0;0;0;0;0;0;0;0;2074;0;0;126;0;122;0;
16135;5573012;1215582208;21688320;1401237504;0;0;0;0;0;0;0;0;0;0;0;3055;0;0;126;0;122;0;
16136;5011609;1215582208;21688320;1401237504;0;0;0;0;0;0;0;0;0;0;0;2996;0;0;126;0;122;0;
16137;5965708;1215582208;21688320;1401237504;0;0;0;0;0;0;0;0;0;0;0;3237;0;0;126;0;122;0;
16138;6095060;1215582208;21688320;1401237504;0;0;0;0;0;0;0;0;0;0;0;2585;0;0;126;0;122;0;
16139;5921635;1215582208;21688320;1401237504;0;0;0;0;0;0;0;0;0;0;0;3165;0;0;126;0;122;0;
16140;7573433;1215582208;21688320;1401237504;0;0;0;0;0;0;0;0;0;0;0;3156;0;0;126;0;122;0;
16141;3975635;1215582208;21688320;1401237504;0;0;0;0;0;0;0;0;0;0;0;4068;0;0;126;0;122;0;
16142;6820952;1215582208;21688320;1401237504;0;0;0;0;0;0;0;0;0;0;0;2865;0;0;126;0;122;0;
16143;4274055;1215582208;21688320;1401237504;0;0;0;0;0;0;0;0;0;0;0;3286;0;0;126;0;122;0;
16144;6913105;1215582208;21688320;1401237504;0;0;0;0;0;0;0;0;0;0;0;2444;0;0;126;0;122;0;
16145;4628761;1215582208;21688320;1401237504;0;0;0;0;0;0;0;0;0;0;0;3116;0;0;126;0;122;0;
16146;6403830;1215582208;21688320;1401237504;0;0;0;0;0;0;0;0;0;0;0;2645;0;0;126;0;122;0;
16147;4457629;1215582208;21688320;1401237504;0;0;0;0;0;0;0;0;0;0;0;3086;0;0;126;0;122;0;
16148;7038380;1215582208;21688320;1401237504;0;0;0;0;0;0;0;0;0;0;0;3456;0;0;126;0;122;0;
16149;5377305;1215582208;21688320;1401237504;0;0;0;0;0;0;0;0;0;0;0;3797;0;0;126;0;122;0;
16150;7213188;1215582208;21688320;1401237504;0;0;0;0;0;0;0;0;0;0;0;3396;0;0;126;0;122;0;
16151;7117598;1215582208;21688320;1401237504;0;0;0;0;0;0;0;0;0;0;0;12112;0;0;126;0;122;0;
16152;6847963;1215582208;21688320;1401237504;0;0;0;0;0;0;0;0;0;0;0;3507;0;0;126;0;122;0;
16153;4548481;1215582208;21688320;1401237504;0;0;0;0;0;0;0;0;0;0;0;3236;0;0;126;0;122;0;
16154;7059890;1215582208;21688320;1401237504;0;0;0;0;0;0;0;0;0;0;0;3377;0;0;126;0;122;0;
16155;5687236;1215582208;21688320;1401237504;0;0;0;0;0;0;0;0;0;0;0;3015;0;0;126;0;122;0;
16156;6215336;1215582208;21688320;1401237504;0;0;0;0;0;0;0;0;0;0;0;2986;0;0;126;0;122;0;
16157;4797297;1215582208;21688320;1401237504;0;0;0;0;0;0;0;0;0;0;0;2796;0;0;126;0;122;0;
16158;6353916;1215582208;21688320;1401237504;0;0;0;0;0;0;0;0;0;0;0;3166;0;0;126;0;122;0;
16159;4568948;1215582208;21688320;1401237504;0;0;0;0;0;0;0;0;0;0;0;2695;0;0;126;0;122;0;
16160;5915003;1215582208;21688320;1401237504;0;0;0;0;0;0;0;0;0;0;0;2725;0;0;126;0;122;0;
16161;3971578;1215582208;21688320;1401237504;0;0;0;0;0;0;0;0;0;0;0;9318;0;0;126;0;122;0;
16162;6794112;1215582208;21688320;1401237504;0;0;0;0;0;0;0;0;0;0;0;3105;0;0;126;0;122;0;
16163;3771383;1215582208;21688320;1401237504;0;0;0;0;0;0;0;0;0;0;0;3536;0;0;126;0;122;0;
16164;7125653;1215582208;21688320;1401237504;0;0;0;0;0;0;0;0;0;0;0;3557;0;0;126;0;122;0;
16165;5052315;1215582208;21688320;1401237504;0;0;0;0;0;0;0;0;0;0;0;4719;0;0;126;0;122;0;
16166;7257230;1215582208;21688320;1401237504;0;0;0;0;0;0;0;0;0;0;0;2826;0;0;126;0;122;0;
16167;6361841;1215582208;21688320;1401237504;0;0;0;0;0;0;0;0;0;0;0;3637;0;0;126;0;122;0;
16168;5282276;1215582208;21688320;1401237504;0;0;0;0;0;0;0;0;0;0;0;3116;0;0;126;0;122;0;
16169;5139940;1215582208;21688320;1401237504;0;0;0;0;0;0;0;0;0;0;0;3958;0;0;126;0;122;0;
16170;5713695;1215582208;21688320;1401237504;0;0;0;0;0;0;0;0;0;0;0;2915;0;0;126;0;122;0;
16171;4971233;1215582208;21688320;1401237504;0;0;0;0;0;0;0;0;0;0;0;3196;0;0;126;0;122;0;
16172;6148811;1215582208;21688320;1401237504;0;0;0;0;0;0;0;0;0;0;0;2495;0;0;126;0;122;0;
16173;3488813;1215582208;21688320;1401237504;0;0;0;0;0;0;0;0;0;0;0;3416;0;0;126;0;122;0;
16174;6644291;1215582208;21688320;1401237504;0;0;0;0;0;0;0;0;0;0;0;2495;0;0;126;0;122;0;
16175;4118694;1215582208;21688320;1401237504;0;0;0;0;0;0;0;0;0;0;0;3306;0;0;126;0;122;0;
16176;6262114;1215582208;21688320;1401237504;0;0;0;0;0;0;0;0;0;0;0;3757;0;0;126;0;122;0;
16177;4731423;1215582208;21688320;1401237504;0;0;0;0;0;0;0;0;0;0;0;3597;0;0;126;0;122;0;
16178;6703772;1215582208;21688320;1401237504;0;0;0;0;0;0;0;0;0;0;0;3276;0;0;126;0;122;0;
16179;3779318;1215582208;21688320;1401237504;0;0;0;0;0;0;0;0;0;0;0;3898;0;0;126;0;122;0;
16180;5811829;1215582208;21688320;1401237504;0;0;0;0;0;0;0;0;0;0;0;2585;0;0;126;0;122;0;
16181;5512999;1215582208;21688320;1401237504;0;0;0;0;0;0;0;0;0;0;0;3647;0;0;126;0;122;0;
16182;6579238;1215582208;21688320;1401237504;0;0;0;0;0;0;0;0;0;0;0;3377;0;0;126;0;122;0;
16183;4296167;1215582208;21688320;1401237504;0;0;0;0;0;0;0;0;0;0;0;3226;0;0;126;0;122;0;
16184;7301524;1215582208;21688320;1401237504;0;0;0;0;0;0;0;0;0;0;0;3687;0;0;126;0;122;0;
16185;5589443;1215582208;21688320;1401237504;0;0;0;0;0;0;0;0;0;0;0;3396;0;0;126;0;122;0;
16186;6835208;1215582208;21688320;1401237504;0;0;0;0;0;0;0;0;0;0;0;3437;0;0;126;0;122;0;
16187;4112924;1215582208;21688320;1401237504;0;0;0;0;0;0;0;0;0;0;0;3237;0;0;126;0;122;0;
16188;5436004;1215582208;21688320;1401237504;0;0;0;0;0;0;0;0;0;0;0;3186;0;0;126;0;122;0;
16189;5282747;1215582208;21688320;1401237504;0;0;0;0;0;0;0;0;0;0;0;3146;0;0;126;0;122;0;
16190;6242317;1215582208;21688320;1401237504;0;0;0;0;0;0;0;0;0;0;0;2965;0;0;126;0;122;0;
16191;7282157;1215582208;21688320;1401237504;0;0;0;0;0;0;0;0;0;0;0;4518;0;0;126;0;122;0;
16192;6884280;1215582208;21688320;1401237504;0;0;0;0;0;0;0;0;0;0;0;3247;0;0;126;0;122;0;
16193;5918620;1215582208;21688320;1401237504;0;0;0;0;0;0;0;0;0;0;0;3937;0;0;126;0;122;0;
16194;6515539;1215582208;21688320;1401237504;0;0;0;0;0;0;0;0;0;0;0;2755;0;0;126;0;122;0;
16195;5519100;1215582208;21688320;1401237504;0;0;0;0;0;0;0;0;0;0;0;3587;0;0;126;0;122;0;
16196;6321225;1215582208;21688320;1401237504;0;0;0;0;0;0;0;0;0;0;0;3376;0;0;126;0;122;0;
16197;4907905;1215582208;21688320;1401237504;0;0;0;0;0;0;0;0;0;0;0;3397;0;0;126;0;122;0;
16198;6385936;1215582208;21688320;1401237504;0;0;0;0;0;0;0;0;0;0;0;3717;0;0;126;0;122;0;
16199;4792668;1215582208;21688320;1401237504;0;0;0;0;0;0;0;0;0;0;0;3276;0;0;126;0;122;0;
16200;6633711;1215582208;21688320;1401237504;0;0;0;0;0;0;0;0;0;0;0;2915;0;0;126;0;122;0;
16201;7443269;1215582208;21688320;1401237504;0;0;0;0;0;0;0;0;0;0;0;3807;0;0;126;0;122;0;
16202;5212125;1215582208;21688320;1401237504;0;0;0;0;0;0;0;0;0;0;0;2655;0;0;126;0;122;0;
16203;5860020;1215582208;21688320;1401237504;0;0;0;0;0;0;0;0;0;0;0;2435;0;0;126;0;122;0;
16204;5990835;1215582208;21688320;1401237504;0;0;0;0;0;0;0;0;0;0;0;2074;0;0;126;0;122;0;
16205;3485236;1215582208;21688320;1401237504;0;0;0;0;0;0;0;0;0;0;0;3086;0;0;126;0;122;0;
16206;6769054;1215582208;21688320;1401237504;0;0;0;0;0;0;0;0;0;0;0;4699;0;0;126;0;122;0;
16207;4485563;1215582208;21688320;1401237504;0;0;0;0;0;0;0;0;0;0;0;2785;0;0;126;0;122;0;
16208;5857625;1215582208;21688320;1401237504;0;0;0;0;0;0;0;0;0;0;0;2755;0;0;126;0;122;0;
16209;4740491;1215582208;21688320;1401237504;0;0;0;0;0;0;0;0;0;0;0;2675;0;0;126;0;122;0;
16210;7606275;1215582208;21688320;1401237504;0;0;0;0;0;0;0;0;0;0;0;3206;0;0;126;0;122;0;
16211;3752297;1215582208;21688320;1401237504;0;0;0;0;0;0;0;0;0;0;0;2995;0;0;126;0;122;0;
16212;7149989;1215582208;21688320;1401237504;0;0;0;0;0;0;0;0;0;0;0;3256;0;0;126;0;122;0;
16213;4138672;1215582208;21688320;1401237504;0;0;0;0;0;0;0;0;0;0;0;2866;0;0;126;0;122;0;
16214;6926429;1215582208;21688320;1401237504;0;0;0;0;0;0;0;0;0;0;0;3537;0;0;126;0;122;0;
16215;3123177;1215582208;21688320;1401237504;0;0;0;0;0;0;0;0;0;0;0;3367;0;0;126;0;122;0;
16216;5945009;1215582208;21688320;1401237504;0;0;0;0;0;0;0;0;0;0;0;2034;0;0;126;0;122;0;
16217;4096863;1215582208;21688320;1401237504;0;0;0;0;0;0;0;0;0;0;0;3186;0;0;126;0;122;0;
16218;6992233;1215582208;21688320;1401237504;0;0;0;0;0;0;0;0;0;0;0;3467;0;0;126;0;122;0;
16219;4782659;1215582208;21688320;1401237504;0;0;0;0;0;0;0;0;0;0;0;3256;0;0;126;0;122;0;
16220;7498583;1215582208;21688320;1401237504;0;0;0;0;0;0;0;0;0;0;0;3607;0;0;126;0;122;0;
16221;4250791;1215582208;21688320;1401237504;0;0;0;0;0;0;0;0;0;0;0;3607;0;0;126;0;122;0;
16222;5646579;1215582208;21688320;1401237504;0;0;0;0;0;0;0;0;0;0;0;3867;0;0;126;0;122;0;
16223;4432703;1215582208;21688320;1401237504;0;0;0;0;0;0;0;0;0;0;0;2895;0;0;126;0;122;0;
16224;7246781;1215582208;21688320;1401237504;0;0;0;0;0;0;0;0;0;0;0;3356;0;0;126;0;122;0;
16225;4404540;1215582208;21688320;1401237504;0;0;0;0;0;0;0;0;0;0;0;3166;0;0;126;0;122;0;
16226;6092316;1215582208;21688320;1401237504;0;0;0;0;0;0;0;0;0;0;0;2464;0;0;126;0;122;0;
16227;3669241;1215582208;21688320;1401237504;0;0;0;0;0;0;0;0;0;0;0;2845;0;0;126;0;122;0;
16228;10767303;1215582208;21688320;1401237504;0;0;0;0;0;0;0;0;0;0;0;2535;0;0;126;0;122;0;
16229;5652882;1215582208;21688320;1401237504;0;0;0;0;0;0;0;0;0;0;0;3957;0;0;126;0;122;0;
16230;5393244;1215582208;21688320;1401237504;0;0;0;0;0;0;0;0;0;0;0;3025;0;0;126;0;122;0;
16231;3591145;1215582208;21688320;1401237504;0;0;0;0;0;0;0;0;0;0;0;3707;0;0;126;0;122;0;
16232;5791922;1215582208;21688320;1401237504;0;0;0;0;0;0;0;0;0;0;0;2154;0;0;126;0;122;0;
16233;4433896;1215582208;21688320;1401237504;0;0;0;0;0;0;0;0;0;0;0;3466;0;0;126;0;122;0;
16234;6005283;1215582208;21688320;1401237504;0;0;0;0;0;0;0;0;0;0;0;3917;0;0;126;0;122;0;
16235;4091363;1215582208;21688320;1401237504;0;0;0;0;0;0;0;0;0;0;0;2765;0;0;126;0;122;0;
16236;8052952;1215582208;21688320;1401237504;0;0;0;0;0;0;0;0;0;0;0;3326;0;0;126;0;122;0;
16237;4467097;1215582208;21688320;1401237504;0;0;0;0;0;0;0;0;0;0;0;4308;0;0;126;0;122;0;
16238;6613844;1215582208;21688320;1401237504;0;0;0;0;0;0;0;0;0;0;0;3617;0;0;126;0;122;0;
16239;6240994;1215582208;21688320;1401237504;0;0;0;0;0;0;0;0;0;0;0;3587;0;0;126;0;122;0;
16240;6491565;1215582208;21688320;1401237504;0;0;0;0;0;0;0;0;0;0;0;3166;0;0;126;0;122;0;
16241;5715088;1215582208;21688320;1401237504;0;0;0;0;0;0;0;0;0;0;0;4018;0;0;126;0;122;0;
16242;6511321;1215582208;21688320;1401237504;0;0;0;0;0;0;0;0;0;0;0;2895;0;0;126;0;122;0;
16243;4315203;1215582208;21688320;1401237504;0;0;0;0;0;0;0;0;0;0;0;3356;0;0;126;0;122;0;
16244;5562753;1215582208;21688320;1401237504;0;0;0;0;0;0;0;0;0;0;0;3446;0;0;126;0;122;0;
16245;4196770;1215582208;21688320;1401237504;0;0;0;0;0;0;0;0;0;0;0;3246;0;0;126;0;122;0;
16246;7684131;1215582208;21688320;1401237504;0;0;0;0;0;0;0;0;0;0;0;3867;0;0;126;0;122;0;
16247;5583872;1215582208;21688320;1401237504;0;0;0;0;0;0;0;0;0;0;0;3216;0;0;126;0;122;0;
16248;6686640;1215582208;21688320;1401237504;0;0;0;0;0;0;0;0;0;0;0;2204;0;0;126;0;122;0;
16249;5368949;1215582208;21688320;1401237504;0;0;0;0;0;0;0;0;0;0;0;2966;0;0;126;0;122;0;
16250;7171189;1215582208;21688320;1401237504;0;0;0;0;0;0;0;0;0;0;0;2725;0;0;126;0;122;0;
16251;3789216;1215582208;21688320;1401237504;0;0;0;0;0;0;0;0;0;0;0;3256;0;0;126;0;122;0;
16252;6248078;1215582208;21688320;1401237504;0;0;0;0;0;0;0;0;0;0;0;2915;0;0;126;0;122;0;
16253;6392709;1215582208;21688320;1401237504;0;0;0;0;0;0;0;0;0;0;0;3486;0;0;126;0;122;0;
16254;5046614;1215582208;21688320;1401237504;0;0;0;0;0;0;0;0;0;0;0;2335;0;0;126;0;122;0;
16255;4794061;1215582208;21688320;1401237504;0;0;0;0;0;0;0;0;0;0;0;2975;0;0;126;0;122;0;
16256;4757192;1215582208;21688320;1401237504;0;0;0;0;0;0;0;0;0;0;0;1723;0;0;126;0;122;0;
16257;4424227;1215582208;21688320;1401237504;0;0;0;0;0;0;0;0;0;0;0;3327;0;0;126;0;122;0;
16258;6495111;1215582208;21688320;1401237504;0;0;0;0;0;0;0;0;0;0;0;2054;0;0;126;0;122;0;
16259;3593660;1215582208;21688320;1401237504;0;0;0;0;0;0;0;0;0;0;0;3136;0;0;126;0;122;0;
16260;5625620;1215582208;21688320;1401237504;0;0;0;0;0;0;0;0;0;0;0;3918;0;0;126;0;122;0;
16261;4761580;1215582208;21688320;1401237504;0;0;0;0;0;0;0;0;0;0;0;3146;0;0;126;0;122;0;
16262;5999241;1215582208;21688320;1401237504;0;0;0;0;0;0;0;0;0;0;0;3536;0;0;126;0;122;0;
16263;5694149;1215582208;21688320;1401237504;0;0;0;0;0;0;0;0;0;0;0;4138;0;0;126;0;122;0;
16264;5616013;1215582208;21688320;1401237504;0;0;0;0;0;0;0;0;0;0;0;2505;0;0;126;0;122;0;
16265;5937546;1215582208;21688320;1401237504;0;0;0;0;0;0;0;0;0;0;0;3777;0;0;126;0;122;0;
16266;5973873;1215582208;21688320;1401237504;0;0;0;0;0;0;0;0;0;0;0;2715;0;0;126;0;122;0;
16267;5550750;1215582208;21688320;1401237504;0;0;0;0;0;0;0;0;0;0;0;4137;0;0;126;0;122;0;
16268;6237948;1215582208;21688320;1401237504;0;0;0;0;0;0;0;0;0;0;0;2514;0;0;126;0;122;0;
16269;5105455;1215582208;21688320;1401237504;0;0;0;0;0;0;0;0;0;0;0;3396;0;0;126;0;122;0;
16270;6259489;1215582208;21688320;1401237504;0;0;0;0;0;0;0;0;0;0;0;3196;0;0;126;0;122;0;
16271;3755423;1215582208;21688320;1401237504;0;0;0;0;0;0;0;0;0;0;0;3256;0;0;126;0;122;0;
16272;5891038;1215582208;21688320;1401237504;0;0;0;0;0;0;0;0;0;0;0;3587;0;0;126;0;122;0;
16273;3081249;1215582208;21688320;1401237504;0;0;0;0;0;0;0;0;0;0;0;3377;0;0;126;0;122;0;
16274;6918475;1215582208;21688320;1401237504;0;0;0;0;0;0;0;0;0;0;0;17754;0;0;126;0;122;0;
16275;4649941;1215582208;21688320;1401237504;0;0;0;0;0;0;0;0;0;0;0;3286;0;0;126;0;122;0;
16276;6523173;1215582208;21688320;1401237504;0;0;0;0;0;0;0;0;0;0;0;3346;0;0;126;0;122;0;
16277;5540801;1215582208;21688320;1401237504;0;0;0;0;0;0;0;0;0;0;0;3977;0;0;126;0;122;0;
16278;8489551;1215582208;21692416;1401241600;0;0;0;0;0;0;0;0;0;0;0;2925;0;0;126;0;122;0;
16279;4828264;1215582208;21696512;1401245696;0;0;0;0;0;0;0;0;0;0;0;3686;0;0;126;0;122;0;
16280;6088929;1215582208;21696512;1401245696;0;0;0;0;0;0;0;0;0;0;0;3146;0;0;126;0;122;0;
16281;4815692;1215582208;21696512;1401245696;0;0;0;0;0;0;0;0;0;0;0;2434;0;0;126;0;122;0;
16282;6885874;1215582208;21696512;1401245696;0;0;0;0;0;0;0;0;0;0;0;2405;0;0;126;0;122;0;
16283;4019398;1215582208;21696512;1401245696;0;0;0;0;0;0;0;0;0;0;0;3887;0;0;126;0;122;0;
16284;5685102;1215582208;21696512;1401245696;0;0;0;0;0;0;0;0;0;0;0;3487;0;0;126;0;122;0;
16285;5516786;1215582208;21688320;1401237504;0;0;0;0;0;0;0;0;0;0;0;3847;0;0;126;0;122;0;
16286;7091108;1215582208;21688320;1401237504;0;0;0;0;0;0;0;0;0;0;0;2965;0;0;126;0;122;0;
16287;6812887;1215582208;21688320;1401237504;0;0;0;0;0;0;0;0;0;0;0;3306;0;0;126;0;122;0;
16288;5232633;1215582208;21688320;1401237504;0;0;0;0;0;0;0;0;0;0;0;2585;0;0;126;0;122;0;
16289;7691475;1215582208;21688320;1401237504;0;0;0;0;0;0;0;0;0;0;0;3576;0;0;126;0;122;0;
16290;6972196;1215582208;21688320;1401237504;0;0;0;0;0;0;0;0;0;0;0;3717;0;0;126;0;122;0;
16291;5207856;1215582208;21688320;1401237504;0;0;0;0;0;0;0;0;0;0;0;2936;0;0;126;0;122;0;
16292;7185596;1215582208;21688320;1401237504;0;0;0;0;0;0;0;0;0;0;0;2975;0;0;126;0;122;0;
16293;6093507;1215582208;21688320;1401237504;0;0;0;0;0;0;0;0;0;0;0;3346;0;0;126;0;122;0;
16294;8491836;1215582208;21688320;1401237504;0;0;0;0;0;0;0;0;0;0;0;2846;0;0;126;0;122;0;
16295;8607963;1215582208;21688320;1401237504;0;0;0;0;0;0;0;0;0;0;0;4429;0;0;126;0;122;0;
16296;7033190;1215582208;21688320;1401237504;0;0;0;0;0;0;0;0;0;0;0;3326;0;0;126;0;122;0;
16297;5227153;1215582208;21688320;1401237504;0;0;0;0;0;0;0;0;0;0;0;2785;0;0;126;0;122;0;
16298;7154467;1215582208;21688320;1401237504;0;0;0;0;0;0;0;0;0;0;0;4158;0;0;126;0;122;0;
16299;4264458;1215582208;21688320;1401237504;0;0;0;0;0;0;0;0;0;0;0;3847;0;0;126;0;122;0;
16300;5859799;1215582208;21688320;1401237504;0;0;0;0;0;0;0;0;0;0;0;2645;0;0;126;0;122;0;
16301;5888914;1215582208;21688320;1401237504;0;0;0;0;0;0;0;0;0;0;0;4108;0;0;126;0;122;0;
16302;5617925;1215582208;21688320;1401237504;0;0;0;0;0;0;0;0;0;0;0;2685;0;0;126;0;122;0;
16303;4770126;1215582208;21688320;1401237504;0;0;0;0;0;0;0;0;0;0;0;3106;0;0;126;0;122;0;
16304;6039036;1215582208;21688320;1401237504;0;0;0;0;0;0;0;0;0;0;0;2234;0;0;126;0;122;0;
16305;5946272;1215582208;21688320;1401237504;0;0;0;0;0;0;0;0;0;0;0;3036;0;0;126;0;122;0;
16306;7493383;1215582208;21688320;1401237504;0;0;0;0;0;0;0;0;0;0;0;3607;0;0;126;0;122;0;
16307;6685288;1215582208;21688320;1401237504;0;0;0;0;0;0;0;0;0;0;0;3466;0;0;126;0;122;0;
16308;6585360;1215582208;21688320;1401237504;0;0;0;0;0;0;0;0;0;0;0;2575;0;0;126;0;122;0;
16309;6134465;1215582208;21688320;1401237504;0;0;0;0;0;0;0;0;0;0;0;3607;0;0;126;0;122;0;
16310;7742800;1215582208;21688320;1401237504;0;0;0;0;0;0;0;0;0;0;0;2875;0;0;126;0;122;0;
16311;5559697;1215582208;21688320;1401237504;0;0;0;0;0;0;0;0;0;0;0;3116;0;0;126;0;122;0;
16312;5597949;1215582208;21688320;1401237504;0;0;0;0;0;0;0;0;0;0;0;2274;0;0;126;0;122;0;
16313;5574895;1215582208;21688320;1401237504;0;0;0;0;0;0;0;0;0;0;0;2936;0;0;126;0;122;0;
16314;6313139;1215582208;21688320;1401237504;0;0;0;0;0;0;0;0;0;0;0;3175;0;0;126;0;122;0;
16315;3939959;1215582208;21688320;1401237504;0;0;0;0;0;0;0;0;0;0;0;3146;0;0;126;0;122;0;
16316;6101984;1215582208;21688320;1401237504;0;0;0;0;0;0;0;0;0;0;0;2515;0;0;126;0;122;0;
16317;4146206;1215582208;21688320;1401237504;0;0;0;0;0;0;0;0;0;0;0;12754;0;0;126;0;122;0;
16318;6362843;1215582208;21688320;1401237504;0;0;0;0;0;0;0;0;0;0;0;3236;0;0;126;0;122;0;
16319;3494874;1215582208;21688320;1401237504;0;0;0;0;0;0;0;0;0;0;0;3887;0;0;126;0;122;0;
16320;7221072;1215582208;21688320;1401237504;0;0;0;0;0;0;0;0;0;0;0;3887;0;0;126;0;122;0;
16321;4530957;1215582208;21688320;1401237504;0;0;0;0;0;0;0;0;0;0;0;2885;0;0;126;0;122;0;
16322;6402517;1215582208;21688320;1401237504;0;0;0;0;0;0;0;0;0;0;0;2484;0;0;126;0;122;0;
16323;5195002;1215582208;21688320;1401237504;0;0;0;0;0;0;0;0;0;0;0;3086;0;0;126;0;122;0;
16324;6314853;1215582208;21688320;1401237504;0;0;0;0;0;0;0;0;0;0;0;2685;0;0;126;0;122;0;
16325;3462103;1215582208;21688320;1401237504;0;0;0;0;0;0;0;0;0;0;0;2685;0;0;126;0;122;0;
16326;5496008;1215582208;21688320;1401237504;0;0;0;0;0;0;0;0;0;0;0;3186;0;0;126;0;122;0;
16327;4246554;1215582208;21688320;1401237504;0;0;0;0;0;0;0;0;0;0;0;3587;0;0;126;0;122;0;
16328;5694790;1215582208;21688320;1401237504;0;0;0;0;0;0;0;0;0;0;0;2224;0;0;126;0;122;0;
16329;3520202;1215582208;21688320;1401237504;0;0;0;0;0;0;0;0;0;0;0;2675;0;0;126;0;122;0;
16330;5995204;1215582208;21688320;1401237504;0;0;0;0;0;0;0;0;0;0;0;3807;0;0;126;0;122;0;
16331;4151585;1215582208;21688320;1401237504;0;0;0;0;0;0;0;0;0;0;0;3657;0;0;126;0;122;0;
16332;5894555;1215582208;21688320;1401237504;0;0;0;0;0;0;0;0;0;0;0;3667;0;0;126;0;122;0;
16333;3251057;1215582208;21688320;1401237504;0;0;0;0;0;0;0;0;0;0;0;3045;0;0;126;0;122;0;
16334;5839792;1215582208;21688320;1401237504;0;0;0;0;0;0;0;0;0;0;0;3256;0;0;126;0;122;0;
16335;3565768;1215582208;21688320;1401237504;0;0;0;0;0;0;0;0;0;0;0;3136;0;0;126;0;122;0;
16336;6308791;1215582208;21688320;1401237504;0;0;0;0;0;0;0;0;0;0;0;4107;0;0;126;0;122;0;
16337;3876019;1215582208;21688320;1401237504;0;0;0;0;0;0;0;0;0;0;0;2966;0;0;126;0;122;0;
16338;5927837;1215582208;21688320;1401237504;0;0;0;0;0;0;0;0;0;0;0;3276;0;0;126;0;122;0;
16339;3052504;1215582208;21688320;1401237504;0;0;0;0;0;0;0;0;0;0;0;3928;0;0;126;0;122;0;
16340;6776419;1215582208;21688320;1401237504;0;0;0;0;0;0;0;0;0;0;0;3346;0;0;126;0;122;0;
16341;3854348;1215582208;21688320;1401237504;0;0;0;0;0;0;0;0;0;0;0;3797;0;0;126;0;122;0;
16342;5471351;1215582208;21688320;1401237504;0;0;0;0;0;0;0;0;0;0;0;3677;0;0;126;0;122;0;
16343;4098647;1215582208;21688320;1401237504;0;0;0;0;0;0;0;0;0;0;0;3496;0;0;126;0;122;0;
16344;6133202;1215582208;21688320;1401237504;0;0;0;0;0;0;0;0;0;0;0;2324;0;0;126;0;122;0;
16345;3640678;1215582208;21688320;1401237504;0;0;0;0;0;0;0;0;0;0;0;3767;0;0;126;0;122;0;
16346;6006855;1215582208;21688320;1401237504;0;0;0;0;0;0;0;0;0;0;0;2886;0;0;126;0;122;0;
16347;4004369;1215582208;21688320;1401237504;0;0;0;0;0;0;0;0;0;0;0;3176;0;0;126;0;122;0;
16348;6741222;1215582208;21688320;1401237504;0;0;0;0;0;0;0;0;0;0;0;3106;0;0;126;0;122;0;
16349;3359190;1215582208;21688320;1401237504;0;0;0;0;0;0;0;0;0;0;0;4067;0;0;126;0;122;0;
16350;6766259;1215582208;21688320;1401237504;0;0;0;0;0;0;0;0;0;0;0;3848;0;0;126;0;122;0;
16351;5059749;1215582208;21688320;1401237504;0;0;0;0;0;0;0;0;0;0;0;3506;0;0;126;0;122;0;
16352;5695461;1215582208;21688320;1401237504;0;0;0;0;0;0;0;0;0;0;0;3416;0;0;126;0;122;0;
16353;4779764;1215582208;21688320;1401237504;0;0;0;0;0;0;0;0;0;0;0;4057;0;0;126;0;122;0;
16354;6469763;1215582208;21688320;1401237504;0;0;0;0;0;0;0;0;0;0;0;3026;0;0;126;0;122;0;
16355;3942274;1215582208;21688320;1401237504;0;0;0;0;0;0;0;0;0;0;0;3316;0;0;126;0;122;0;
16356;5261618;1215582208;21688320;1401237504;0;0;0;0;0;0;0;0;0;0;0;2705;0;0;126;0;122;0;
16357;4032783;1215582208;21688320;1401237504;0;0;0;0;0;0;0;0;0;0;0;3196;0;0;126;0;122;0;
16358;5653893;1215582208;21688320;1401237504;0;0;0;0;0;0;0;0;0;0;0;3146;0;0;126;0;122;0;
16359;3085507;1215582208;21688320;1401237504;0;0;0;0;0;0;0;0;0;0;0;2936;0;0;126;0;122;0;
16360;5436545;1215582208;21688320;1401237504;0;0;0;0;0;0;0;0;0;0;0;2845;0;0;126;0;122;0;
16361;4002466;1215582208;21688320;1401237504;0;0;0;0;0;0;0;0;0;0;0;3076;0;0;126;0;122;0;
16362;5163463;1215582208;21688320;1401237504;0;0;0;0;0;0;0;0;0;0;0;2746;0;0;126;0;122;0;
16363;4739649;1215582208;21688320;1401237504;0;0;0;0;0;0;0;0;0;0;0;3086;0;0;126;0;122;0;
16364;6670550;1215582208;21688320;1401237504;0;0;0;0;0;0;0;0;0;0;0;3476;0;0;126;0;122;0;
16365;4079811;1215582208;21688320;1401237504;0;0;0;0;0;0;0;0;0;0;0;3607;0;0;126;0;122;0;
16366;6280969;1215582208;21688320;1401237504;0;0;0;0;0;0;0;0;0;0;0;3196;0;0;126;0;122;0;
16367;4069642;1215582208;21688320;1401237504;0;0;0;0;0;0;0;0;0;0;0;3767;0;0;126;0;122;0;
16368;6216438;1215582208;21688320;1401237504;0;0;0;0;0;0;0;0;0;0;0;3506;0;0;126;0;122;0;
16369;3576678;1215582208;21688320;1401237504;0;0;0;0;0;0;0;0;0;0;0;3717;0;0;126;0;122;0;
16370;4768693;1215582208;21688320;1401237504;0;0;0;0;0;0;0;0;0;0;0;2024;0;0;126;0;122;0;
16371;5018110;1215582208;21688320;1401237504;0;0;0;0;0;0;0;0;0;0;0;4068;0;0;126;0;122;0;
16372;5598209;1215582208;21688320;1401237504;0;0;0;0;0;0;0;0;0;0;0;2725;0;0;126;0;122;0;
16373;4660530;1215582208;21688320;1401237504;0;0;0;0;0;0;0;0;0;0;0;3397;0;0;126;0;122;0;
16374;4796475;1215582208;21688320;1401237504;0;0;0;0;0;0;0;0;0;0;0;2925;0;0;126;0;122;0;
16375;4788951;1215582208;21688320;1401237504;0;0;0;0;0;0;0;0;0;0;0;4048;0;0;126;0;122;0;
16376;5918840;1215582208;21688320;1401237504;0;0;0;0;0;0;0;0;0;0;0;3917;0;0;126;0;122;0;
16377;3881449;1215582208;21688320;1401237504;0;0;0;0;0;0;0;0;0;0;0;3897;0;0;126;0;122;0;
16378;5645598;1215582208;21688320;1401237504;0;0;0;0;0;0;0;0;0;0;0;2194;0;0;126;0;122;0;
16379;4834055;1215582208;21688320;1401237504;0;0;0;0;0;0;0;0;0;0;0;3737;0;0;126;0;122;0;
16380;4935676;1215582208;21688320;1401237504;0;0;0;0;0;0;0;0;0;0;0;2515;0;0;126;0;122;0;
16381;3624638;1215582208;21688320;1401237504;0;0;0;0;0;0;0;0;0;0;0;3096;0;0;126;0;122;0;
16382;5293878;1215582208;21688320;1401237504;0;0;0;0;0;0;0;0;0;0;0;1993;0;0;126;0;122;0;
16383;3616212;1215582208;21688320;1401237504;0;0;0;0;0;0;0;0;0;0;0;3627;0;0;126;0;122;0;
16384;5789568;1215582208;21688320;1401237504;0;0;0;0;0;0;0;0;0;0;0;2404;0;0;126;0;122;0;
16385;3831816;1215582208;21688320;1401237504;0;0;0;0;0;0;0;0;0;0;0;3296;0;0;126;0;122;0;
16386;5211774;1215582208;21688320;1401237504;0;0;0;0;0;0;0;0;0;0;0;1923;0;0;126;0;122;0;
16387;3838499;1215582208;21688320;1401237504;0;0;0;0;0;0;0;0;0;0;0;2294;0;0;126;0;122;0;
16388;4994647;1215582208;21688320;1401237504;0;0;0;0;0;0;0;0;0;0;0;2585;0;0;126;0;122;0;
16389;3940249;1215582208;21688320;1401237504;0;0;0;0;0;0;0;0;0;0;0;3116;0;0;126;0;122;0;
16390;6524265;1215582208;21688320;1401237504;0;0;0;0;0;0;0;0;0;0;0;3306;0;0;126;0;122;0;
16391;3672157;1215582208;21688320;1401237504;0;0;0;0;0;0;0;0;0;0;0;3146;0;0;126;0;122;0;
16392;5200583;1215582208;21688320;1401237504;0;0;0;0;0;0;0;0;0;0;0;2505;0;0;126;0;122;0;
16393;3877552;1215582208;21688320;1401237504;0;0;0;0;0;0;0;0;0;0;0;3597;0;0;126;0;122;0;
16394;6371810;1215582208;21688320;1401237504;0;0;0;0;0;0;0;0;0;0;0;2565;0;0;126;0;122;0;
16395;5588711;1219563520;21688320;1401237504;0;0;0;0;0;0;0;0;0;0;0;3526;0;0;127;0;122;0;
16396;5699699;1219563520;21688320;1401237504;0;0;0;0;0;0;0;0;0;0;0;1933;0;0;127;0;122;0;
16397;4467157;1219563520;21688320;1401237504;0;0;0;0;0;0;0;0;0;0;0;3026;0;0;127;0;122;0;
16398;4664819;1219563520;21688320;1401237504;0;0;0;0;0;0;0;0;0;0;0;3176;0;0;127;0;122;0;
16399;2928533;1219563520;21688320;1401237504;0;0;0;0;0;0;0;0;0;0;0;2856;0;0;127;0;122;0;
16400;5483394;1219563520;21688320;1401237504;0;0;0;0;0;0;0;0;0;0;0;2004;0;0;127;0;122;0;
16401;2838823;1219563520;21688320;1401237504;0;0;0;0;0;0;0;0;0;0;0;2655;0;0;127;0;122;0;
16402;5267699;1219563520;21688320;1401237504;0;0;0;0;0;0;0;0;0;0;0;1994;0;0;127;0;122;0;
16403;4031461;1219563520;21688320;1401237504;0;0;0;0;0;0;0;0;0;0;0;3687;0;0;127;0;122;0;
16404;4825189;1219563520;21688320;1401237504;0;0;0;0;0;0;0;0;0;0;0;2104;0;0;127;0;122;0;
16405;4024127;1219563520;21688320;1401237504;0;0;0;0;0;0;0;0;0;0;0;3026;0;0;127;0;122;0;
16406;4487767;1219563520;21688320;1401237504;0;0;0;0;0;0;0;0;0;0;0;2124;0;0;127;0;122;0;
16407;4746451;1219563520;21688320;1401237504;0;0;0;0;0;0;0;0;0;0;0;3226;0;0;127;0;122;0;
16408;4515098;1219563520;21688320;1401237504;0;0;0;0;0;0;0;0;0;0;0;2134;0;0;127;0;122;0;
16409;4813027;1219563520;21688320;1401237504;0;0;0;0;0;0;0;0;0;0;0;2995;0;0;127;0;122;0;
16410;5064808;1219563520;21688320;1401237504;0;0;0;0;0;0;0;0;0;0;0;3206;0;0;127;0;122;0;
16411;4019878;1219563520;21688320;1401237504;0;0;0;0;0;0;0;0;0;0;0;3827;0;0;127;0;122;0;
16412;5850021;1219563520;21688320;1401237504;0;0;0;0;0;0;0;0;0;0;0;2454;0;0;127;0;122;0;
16413;4478338;1219563520;21688320;1401237504;0;0;0;0;0;0;0;0;0;0;0;3898;0;0;127;0;122;0;
16414;11100587;1219563520;21688320;1401237504;0;0;0;0;0;0;0;0;0;0;0;2825;0;0;127;0;122;0;
16415;4909367;1219563520;21688320;1401237504;0;0;0;0;0;0;0;0;0;0;0;3697;0;0;127;0;122;0;
16416;5671045;1219563520;21688320;1401237504;0;0;0;0;0;0;0;0;0;0;0;3176;0;0;127;0;122;0;
16417;3107929;1219563520;21688320;1401237504;0;0;0;0;0;0;0;0;0;0;0;3216;0;0;127;0;122;0;
16418;6447762;1219563520;21688320;1401237504;0;0;0;0;0;0;0;0;0;0;0;2324;0;0;127;0;122;0;
16419;2779282;1219563520;21688320;1401237504;0;0;0;0;0;0;0;0;0;0;0;2805;0;0;127;0;122;0;
16420;6125086;1219563520;21688320;1401237504;0;0;0;0;0;0;0;0;0;0;0;2073;0;0;127;0;122;0;
16421;2583415;1219563520;21688320;1401237504;0;0;0;0;0;0;0;0;0;0;0;3256;0;0;127;0;122;0;
16422;5446444;1219563520;21688320;1401237504;0;0;0;0;0;0;0;0;0;0;0;1893;0;0;127;0;122;0;
16423;4341192;1219563520;21688320;1401237504;0;0;0;0;0;0;0;0;0;0;0;2935;0;0;127;0;122;0;
16424;5217515;1219563520;21688320;1401237504;0;0;0;0;0;0;0;0;0;0;0;2515;0;0;127;0;122;0;
16425;3420995;1219563520;21688320;1401237504;0;0;0;0;0;0;0;0;0;0;0;3827;0;0;127;0;122;0;
16426;5266116;1219563520;21688320;1401237504;0;0;0;0;0;0;0;0;0;0;0;1593;0;0;127;0;122;0;
16427;4806304;1219563520;21688320;1401237504;0;0;0;0;0;0;0;0;0;0;0;2846;0;0;127;0;122;0;
16428;6212731;1219563520;21688320;1401237504;0;0;0;0;0;0;0;0;0;0;0;2435;0;0;127;0;122;0;
16429;3934709;1219563520;21688320;1401237504;0;0;0;0;0;0;0;0;0;0;0;3336;0;0;127;0;122;0;
16430;6662175;1219563520;21688320;1401237504;0;0;0;0;0;0;0;0;0;0;0;2775;0;0;127;0;122;0;
16431;4291579;1219563520;21688320;1401237504;0;0;0;0;0;0;0;0;0;0;0;4078;0;0;127;0;122;0;
16432;6550925;1219563520;21688320;1401237504;0;0;0;0;0;0;0;0;0;0;0;3076;0;0;127;0;122;0;
16433;3860850;1219563520;21688320;1401237504;0;0;0;0;0;0;0;0;0;0;0;2966;0;0;127;0;122;0;
16434;5240919;1219563520;21688320;1401237504;0;0;0;0;0;0;0;0;0;0;0;2024;0;0;127;0;122;0;
16435;3444239;1219563520;21688320;1401237504;0;0;0;0;0;0;0;0;0;0;0;2966;0;0;127;0;122;0;
16436;4828064;1219563520;21688320;1401237504;0;0;0;0;0;0;0;0;0;0;0;2214;0;0;127;0;122;0;
16437;5398594;1219563520;21688320;1401237504;0;0;0;0;0;0;0;0;0;0;0;3357;0;0;127;0;122;0;
16438;5178812;1219563520;21688320;1401237504;0;0;0;0;0;0;0;0;0;0;0;2164;0;0;127;0;122;0;
16439;4087216;1219563520;21688320;1401237504;0;0;0;0;0;0;0;0;0;0;0;2985;0;0;127;0;122;0;
16440;4821933;1219563520;21688320;1401237504;0;0;0;0;0;0;0;0;0;0;0;2876;0;0;127;0;122;0;
16441;4313409;1219563520;21688320;1401237504;0;0;0;0;0;0;0;0;0;0;0;3386;0;0;127;0;122;0;
16442;6105630;1219563520;21688320;1401237504;0;0;0;0;0;0;0;0;0;0;0;2645;0;0;127;0;122;0;
16443;4658957;1219563520;21688320;1401237504;0;0;0;0;0;0;0;0;0;0;0;3958;0;0;127;0;122;0;
16444;5107548;1219563520;21688320;1401237504;0;0;0;0;0;0;0;0;0;0;0;2445;0;0;127;0;122;0;
16445;3858647;1219563520;21688320;1401237504;0;0;0;0;0;0;0;0;0;0;0;2685;0;0;127;0;122;0;
16446;6130608;1219563520;21688320;1401237504;0;0;0;0;0;0;0;0;0;0;0;3246;0;0;127;0;122;0;
16447;4252705;1219563520;21688320;1401237504;0;0;0;0;0;0;0;0;0;0;0;3246;0;0;127;0;122;0;
16448;6630034;1219563520;21688320;1401237504;0;0;0;0;0;0;0;0;0;0;0;2825;0;0;127;0;122;0;
16449;5111506;1219563520;21688320;1401237504;0;0;0;0;0;0;0;0;0;0;0;3086;0;0;127;0;122;0;
16450;6665220;1219563520;21688320;1401237504;0;0;0;0;0;0;0;0;0;0;0;2745;0;0;127;0;122;0;
16451;3917567;1219563520;21688320;1401237504;0;0;0;0;0;0;0;0;0;0;0;3626;0;0;127;0;122;0;
16452;6945345;1219563520;21688320;1401237504;0;0;0;0;0;0;0;0;0;0;0;3336;0;0;127;0;122;0;
16453;3589231;1219563520;21688320;1401237504;0;0;0;0;0;0;0;0;0;0;0;3076;0;0;127;0;122;0;
16454;6811334;1219563520;21688320;1401237504;0;0;0;0;0;0;0;0;0;0;0;1934;0;0;127;0;122;0;
16455;3049469;1219563520;21688320;1401237504;0;0;0;0;0;0;0;0;0;0;0;2645;0;0;127;0;122;0;
16456;5961710;1219563520;21688320;1401237504;0;0;0;0;0;0;0;0;0;0;0;2134;0;0;127;0;122;0;
16457;4267934;1219563520;21688320;1401237504;0;0;0;0;0;0;0;0;0;0;0;3276;0;0;127;0;122;0;
16458;6767241;1219563520;21688320;1401237504;0;0;0;0;0;0;0;0;0;0;0;2344;0;0;127;0;122;0;
16459;4279947;1219563520;21688320;1401237504;0;0;0;0;0;0;0;0;0;0;0;4197;0;0;127;0;122;0;
16460;6797007;1219563520;21688320;1401237504;0;0;0;0;0;0;0;0;0;0;0;2515;0;0;127;0;122;0;
16461;4148840;1219563520;21688320;1401237504;0;0;0;0;0;0;0;0;0;0;0;2574;0;0;127;0;122;0;
16462;6797899;1219563520;21688320;1401237504;0;0;0;0;0;0;0;0;0;0;0;2635;0;0;127;0;122;0;
16463;4009640;1219563520;21688320;1401237504;0;0;0;0;0;0;0;0;0;0;0;90791;0;0;127;0;122;0;
16464;6382229;1219563520;21688320;1401237504;0;0;0;0;0;0;0;0;0;0;0;3026;0;0;127;0;122;0;
16465;4466326;1219563520;21688320;1401237504;0;0;0;0;0;0;0;0;0;0;0;4027;0;0;127;0;122;0;
16466;6389072;1219563520;21688320;1401237504;0;0;0;0;0;0;0;0;0;0;0;3407;0;0;127;0;122;0;
16467;4400042;1219563520;21688320;1401237504;0;0;0;0;0;0;0;0;0;0;0;3206;0;0;127;0;122;0;
16468;6321636;1219563520;21688320;1401237504;0;0;0;0;0;0;0;0;0;0;0;2725;0;0;127;0;122;0;
16469;5307333;1219563520;21688320;1401237504;0;0;0;0;0;0;0;0;0;0;0;3857;0;0;127;0;122;0;
16470;6713561;1219563520;21692416;1401241600;0;0;0;0;0;0;0;0;0;0;0;3637;0;0;127;0;122;0;
16471;4965432;1219563520;21696512;1401245696;0;0;0;0;0;0;0;0;0;0;0;3507;0;0;127;0;122;0;
16472;6434427;1219563520;21696512;1401245696;0;0;0;0;0;0;0;0;0;0;0;2715;0;0;127;0;122;0;
16473;5053838;1219563520;21696512;1401245696;0;0;0;0;0;0;0;0;0;0;0;3557;0;0;127;0;122;0;
16474;5987459;1219563520;21696512;1401245696;0;0;0;0;0;0;0;0;0;0;0;2225;0;0;127;0;122;0;
16475;4008948;1219563520;21696512;1401245696;0;0;0;0;0;0;0;0;0;0;0;2936;0;0;127;0;122;0;
16476;6517253;1219563520;21696512;1401245696;0;0;0;0;0;0;0;0;0;0;0;2465;0;0;127;0;122;0;
16477;4339428;1219784704;21688320;1401237504;0;0;0;0;0;0;0;0;0;0;0;3797;0;0;127;0;122;0;
16478;5926385;1219784704;21688320;1401237504;0;0;0;0;0;0;0;0;0;0;0;2645;0;0;127;0;122;0;
16479;4500981;1219784704;21688320;1401237504;0;0;0;0;0;0;0;0;0;0;0;3126;0;0;127;0;122;0;
16480;5877152;1219784704;21688320;1401237504;0;0;0;0;0;0;0;0;0;0;0;2415;0;0;127;0;122;0;
16481;4055816;1219784704;21688320;1401237504;0;0;0;0;0;0;0;0;0;0;0;3236;0;0;127;0;122;0;
16482;5802733;1219784704;21688320;1401237504;0;0;0;0;0;0;0;0;0;0;0;2866;0;0;127;0;122;0;
16483;4886624;1219784704;21688320;1401237504;0;0;0;0;0;0;0;0;0;0;0;3166;0;0;127;0;122;0;
16484;5296072;1219784704;21688320;1401237504;0;0;0;0;0;0;0;0;0;0;0;2575;0;0;127;0;122;0;
16485;4688714;1219784704;21688320;1401237504;0;0;0;0;0;0;0;0;0;0;0;3446;0;0;127;0;122;0;
16486;7222766;1219784704;21688320;1401237504;0;0;0;0;0;0;0;0;0;0;0;2795;0;0;127;0;122;0;
16487;5091248;1219784704;21688320;1401237504;0;0;0;0;0;0;0;0;0;0;0;3376;0;0;127;0;122;0;
16488;6482457;1219784704;21688320;1401237504;0;0;0;0;0;0;0;0;0;0;0;3296;0;0;127;0;122;0;
16489;4495511;1219784704;21688320;1401237504;0;0;0;0;0;0;0;0;0;0;0;3236;0;0;127;0;122;0;
16490;5730257;1219784704;21688320;1401237504;0;0;0;0;0;0;0;0;0;0;0;2144;0;0;127;0;122;0;
16491;5686445;1219784704;21688320;1401237504;0;0;0;0;0;0;0;0;0;0;0;3466;0;0;127;0;122;0;
16492;6465385;1219784704;21688320;1401237504;0;0;0;0;0;0;0;0;0;0;0;3306;0;0;127;0;122;0;
16493;6142259;1219784704;21688320;1401237504;0;0;0;0;0;0;0;0;0;0;0;3226;0;0;127;0;122;0;
16494;5683629;1219784704;21688320;1401237504;0;0;0;0;0;0;0;0;0;0;0;2404;0;0;127;0;122;0;
16495;4008618;1219784704;21688320;1401237504;0;0;0;0;0;0;0;0;0;0;0;3607;0;0;127;0;122;0;
16496;5390108;1219784704;21688320;1401237504;0;0;0;0;0;0;0;0;0;0;0;2695;0;0;127;0;122;0;
16497;4621948;1219784704;21688320;1401237504;0;0;0;0;0;0;0;0;0;0;0;3526;0;0;127;0;122;0;
16498;5165408;1219784704;21688320;1401237504;0;0;0;0;0;0;0;0;0;0;0;2174;0;0;127;0;122;0;
16499;4915048;1219784704;21688320;1401237504;0;0;0;0;0;0;0;0;0;0;0;2836;0;0;127;0;122;0;
16500;5391972;1219784704;21688320;1401237504;0;0;0;0;0;0;0;0;0;0;0;2605;0;0;127;0;122;0;
16501;4274006;1219784704;21688320;1401237504;0;0;0;0;0;0;0;0;0;0;0;2916;0;0;127;0;122;0;
16502;5832779;1219784704;21688320;1401237504;0;0;0;0;0;0;0;0;0;0;0;3076;0;0;127;0;122;0;
16503;4979328;1219784704;21688320;1401237504;0;0;0;0;0;0;0;0;0;0;0;3467;0;0;127;0;122;0;
16504;6100972;1219784704;21688320;1401237504;0;0;0;0;0;0;0;0;0;0;0;2966;0;0;127;0;122;0;
16505;3237632;1219784704;21688320;1401237504;0;0;0;0;0;0;0;0;0;0;0;3407;0;0;127;0;122;0;
16506;5467875;1219784704;21688320;1401237504;0;0;0;0;0;0;0;0;0;0;0;2845;0;0;127;0;122;0;
16507;4258957;1219784704;21688320;1401237504;0;0;0;0;0;0;0;0;0;0;0;3377;0;0;127;0;122;0;
16508;5086439;1219784704;21688320;1401237504;0;0;0;0;0;0;0;0;0;0;0;2354;0;0;127;0;122;0;
16509;3734604;1219784704;21688320;1401237504;0;0;0;0;0;0;0;0;0;0;0;3506;0;0;127;0;122;0;
16510;5021557;1219784704;21688320;1401237504;0;0;0;0;0;0;0;0;0;0;0;2084;0;0;127;0;122;0;
16511;4857840;1219784704;21688320;1401237504;0;0;0;0;0;0;0;0;0;0;0;3617;0;0;127;0;122;0;
16512;5950910;1219784704;21688320;1401237504;0;0;0;0;0;0;0;0;0;0;0;2154;0;0;127;0;122;0;
16513;4377489;1219784704;21688320;1401237504;0;0;0;0;0;0;0;0;0;0;0;4007;0;0;127;0;122;0;
16514;5260957;1219784704;21688320;1401237504;0;0;0;0;0;0;0;0;0;0;0;2204;0;0;127;0;122;0;
16515;3755974;1219784704;21688320;1401237504;0;0;0;0;0;0;0;0;0;0;0;68128;0;0;127;0;122;0;
16516;6663096;1219784704;21688320;1401237504;0;0;0;0;0;0;0;0;0;0;0;2585;0;0;127;0;122;0;
16517;3556851;1219784704;21688320;1401237504;0;0;0;0;0;0;0;0;0;0;0;3276;0;0;127;0;122;0;
16518;5689229;1219784704;21688320;1401237504;0;0;0;0;0;0;0;0;0;0;0;2695;0;0;127;0;122;0;
16519;3659874;1219784704;21688320;1401237504;0;0;0;0;0;0;0;0;0;0;0;2906;0;0;127;0;122;0;
16520;5839291;1219784704;21688320;1401237504;0;0;0;0;0;0;0;0;0;0;0;2475;0;0;127;0;122;0;
16521;3417890;1219784704;21688320;1401237504;0;0;0;0;0;0;0;0;0;0;0;3917;0;0;127;0;122;0;
16522;6060075;1219784704;21688320;1401237504;0;0;0;0;0;0;0;0;0;0;0;2114;0;0;127;0;122;0;
16523;3722210;1219784704;21688320;1401237504;0;0;0;0;0;0;0;0;0;0;0;3356;0;0;127;0;122;0;
16524;5491729;1219784704;21688320;1401237504;0;0;0;0;0;0;0;0;0;0;0;1863;0;0;127;0;122;0;
16525;4474631;1219784704;21688320;1401237504;0;0;0;0;0;0;0;0;0;0;0;3667;0;0;127;0;122;0;
16526;5709207;1219784704;21688320;1401237504;0;0;0;0;0;0;0;0;0;0;0;1973;0;0;127;0;122;0;
16527;4299634;1219784704;21688320;1401237504;0;0;0;0;0;0;0;0;0;0;0;3787;0;0;127;0;122;0;
16528;5901337;1219784704;21688320;1401237504;0;0;0;0;0;0;0;0;0;0;0;2244;0;0;127;0;122;0;
16529;4739678;1219784704;21688320;1401237504;0;0;0;0;0;0;0;0;0;0;0;3256;0;0;127;0;122;0;
16530;5812481;1219784704;21688320;1401237504;0;0;0;0;0;0;0;0;0;0;0;1804;0;0;127;0;122;0;
16531;3881419;1219784704;21688320;1401237504;0;0;0;0;0;0;0;0;0;0;0;2765;0;0;127;0;122;0;
16532;5622745;1219784704;21688320;1401237504;0;0;0;0;0;0;0;0;0;0;0;2215;0;0;127;0;122;0;
16533;3959646;1219784704;21688320;1401237504;0;0;0;0;0;0;0;0;0;0;0;2885;0;0;127;0;122;0;
16534;6151817;1219784704;21688320;1401237504;0;0;0;0;0;0;0;0;0;0;0;1923;0;0;127;0;122;0;
16535;4878029;1219784704;21688320;1401237504;0;0;0;0;0;0;0;0;0;0;0;3236;0;0;127;0;122;0;
16536;6502374;1219784704;21688320;1401237504;0;0;0;0;0;0;0;0;0;0;0;2876;0;0;127;0;122;0;
16537;4374344;1219784704;21688320;1401237504;0;0;0;0;0;0;0;0;0;0;0;3486;0;0;127;0;122;0;
16538;5602476;1219784704;21688320;1401237504;0;0;0;0;0;0;0;0;0;0;0;2615;0;0;127;0;122;0;
16539;7513711;1219784704;21688320;1401237504;0;0;0;0;0;0;0;0;0;0;0;6191;0;0;127;0;122;0;
16540;6443865;1219784704;21688320;1401237504;0;0;0;0;0;0;0;0;0;0;0;2134;0;0;127;0;122;0;
16541;4226586;1219784704;21688320;1401237504;0;0;0;0;0;0;0;0;0;0;0;3246;0;0;127;0;122;0;
16542;6194076;1219784704;21688320;1401237504;0;0;0;0;0;0;0;0;0;0;0;2495;0;0;127;0;122;0;
16543;4889450;1219784704;21688320;1401237504;0;0;0;0;0;0;0;0;0;0;0;3146;0;0;127;0;122;0;
16544;5922597;1219784704;21688320;1401237504;0;0;0;0;0;0;0;0;0;0;0;2434;0;0;127;0;122;0;
16545;4098496;1219784704;21688320;1401237504;0;0;0;0;0;0;0;0;0;0;0;2966;0;0;127;0;122;0;
16546;5062394;1219784704;21688320;1401237504;0;0;0;0;0;0;0;0;0;0;0;2806;0;0;127;0;122;0;
16547;3909011;1219784704;21688320;1401237504;0;0;0;0;0;0;0;0;0;0;0;3086;0;0;127;0;122;0;
16548;5948786;1219784704;21688320;1401237504;0;0;0;0;0;0;0;0;0;0;0;1913;0;0;127;0;122;0;
16549;3251749;1219784704;21688320;1401237504;0;0;0;0;0;0;0;0;0;0;0;3055;0;0;127;0;122;0;
16550;5683168;1219784704;21688320;1401237504;0;0;0;0;0;0;0;0;0;0;0;2345;0;0;127;0;122;0;
16551;4251543;1219784704;21688320;1401237504;0;0;0;0;0;0;0;0;0;0;0;2805;0;0;127;0;122;0;
16552;6455056;1219784704;21688320;1401237504;0;0;0;0;0;0;0;0;0;0;0;2655;0;0;127;0;122;0;
16553;4258507;1219784704;21688320;1401237504;0;0;0;0;0;0;0;0;0;0;0;2956;0;0;127;0;122;0;
16554;5848839;1219784704;21688320;1401237504;0;0;0;0;0;0;0;0;0;0;0;3046;0;0;127;0;122;0;
16555;4329760;1219784704;21688320;1401237504;0;0;0;0;0;0;0;0;0;0;0;3696;0;0;127;0;122;0;
16556;6218923;1219784704;21688320;1401237504;0;0;0;0;0;0;0;0;0;0;0;3246;0;0;127;0;122;0;
16557;4773552;1219784704;21688320;1401237504;0;0;0;0;0;0;0;0;0;0;0;3426;0;0;127;0;122;0;
16558;5743241;1219784704;21688320;1401237504;0;0;0;0;0;0;0;0;0;0;0;2905;0;0;127;0;122;0;
16559;3732700;1219784704;21688320;1401237504;0;0;0;0;0;0;0;0;0;0;0;2875;0;0;127;0;122;0;
16560;6257997;1219784704;21688320;1401237504;0;0;0;0;0;0;0;0;0;0;0;3176;0;0;127;0;122;0;
16561;3602206;1219784704;21688320;1401237504;0;0;0;0;0;0;0;0;0;0;0;3006;0;0;127;0;122;0;
16562;6764105;1219784704;21688320;1401237504;0;0;0;0;0;0;0;0;0;0;0;2685;0;0;127;0;122;0;
16563;3323402;1219784704;21688320;1401237504;0;0;0;0;0;0;0;0;0;0;0;3066;0;0;127;0;122;0;
16564;5473304;1219784704;21688320;1401237504;0;0;0;0;0;0;0;0;0;0;0;2515;0;0;127;0;122;0;
16565;4414298;1219784704;21688320;1401237504;0;0;0;0;0;0;0;0;0;0;0;3617;0;0;127;0;122;0;
16566;6213572;1219784704;21688320;1401237504;0;0;0;0;0;0;0;0;0;0;0;2404;0;0;127;0;122;0;
16567;4466917;1219784704;21688320;1401237504;0;0;0;0;0;0;0;0;0;0;0;2786;0;0;127;0;122;0;
16568;6489901;1219784704;21688320;1401237504;0;0;0;0;0;0;0;0;0;0;0;2314;0;0;127;0;122;0;
16569;3986266;1219784704;21688320;1401237504;0;0;0;0;0;0;0;0;0;0;0;3026;0;0;127;0;122;0;
16570;6913085;1219784704;21688320;1401237504;0;0;0;0;0;0;0;0;0;0;0;2986;0;0;127;0;122;0;
16571;3594090;1219784704;21688320;1401237504;0;0;0;0;0;0;0;0;0;0;0;4498;0;0;127;0;122;0;
16572;6451359;1219784704;21688320;1401237504;0;0;0;0;0;0;0;0;0;0;0;2825;0;0;127;0;122;0;
16573;4392107;1219784704;21688320;1401237504;0;0;0;0;0;0;0;0;0;0;0;3146;0;0;127;0;122;0;
16574;6331063;1219784704;21688320;1401237504;0;0;0;0;0;0;0;0;0;0;0;3657;0;0;127;0;122;0;
16575;3320897;1219784704;21688320;1401237504;0;0;0;0;0;0;0;0;0;0;0;2915;0;0;127;0;122;0;
16576;7225631;1223761920;21688320;1401237504;0;0;0;0;0;0;0;0;0;0;0;2825;0;0;128;0;122;0;
16577;4506131;1223761920;21688320;1401237504;0;0;0;0;0;0;0;0;0;0;0;3326;0;0;128;0;122;0;
16578;5693347;1223761920;21688320;1401237504;0;0;0;0;0;0;0;0;0;0;0;3346;0;0;128;0;122;0;
16579;4036901;1223761920;21688320;1401237504;0;0;0;0;0;0;0;0;0;0;0;3066;0;0;128;0;122;0;
16580;5930652;1223761920;21688320;1401237504;0;0;0;0;0;0;0;0;0;0;0;2575;0;0;128;0;122;0;
16581;4808868;1223761920;21688320;1401237504;0;0;0;0;0;0;0;0;0;0;0;3447;0;0;128;0;122;0;
16582;6231546;1223761920;21688320;1401237504;0;0;0;0;0;0;0;0;0;0;0;7805;0;0;128;0;122;0;
16583;4363823;1223761920;21688320;1401237504;0;0;0;0;0;0;0;0;0;0;0;3236;0;0;128;0;122;0;
16584;5341327;1223761920;21688320;1401237504;0;0;0;0;0;0;0;0;0;0;0;2615;0;0;128;0;122;0;
16585;4477918;1223761920;21688320;1401237504;0;0;0;0;0;0;0;0;0;0;0;3516;0;0;128;0;122;0;
16586;5638575;1223761920;21688320;1401237504;0;0;0;0;0;0;0;0;0;0;0;2675;0;0;128;0;122;0;
16587;2975129;1223761920;21688320;1401237504;0;0;0;0;0;0;0;0;0;0;0;3096;0;0;128;0;122;0;
16588;6289405;1223761920;21688320;1401237504;0;0;0;0;0;0;0;0;0;0;0;2965;0;0;128;0;122;0;
16589;3488792;1223761920;21688320;1401237504;0;0;0;0;0;0;0;0;0;0;0;2865;0;0;128;0;122;0;
16590;5927727;1223761920;21688320;1401237504;0;0;0;0;0;0;0;0;0;0;0;3026;0;0;128;0;122;0;
16591;3488472;1223761920;21688320;1401237504;0;0;0;0;0;0;0;0;0;0;0;3376;0;0;128;0;122;0;
16592;5847697;1223761920;21688320;1401237504;0;0;0;0;0;0;0;0;0;0;0;1824;0;0;128;0;122;0;
16593;3390398;1223761920;21688320;1401237504;0;0;0;0;0;0;0;0;0;0;0;3056;0;0;128;0;122;0;
16594;5450552;1223761920;21688320;1401237504;0;0;0;0;0;0;0;0;0;0;0;2885;0;0;128;0;122;0;
16595;4421793;1223761920;21688320;1401237504;0;0;0;0;0;0;0;0;0;0;0;2685;0;0;128;0;122;0;
16596;5407832;1223761920;21688320;1401237504;0;0;0;0;0;0;0;0;0;0;0;2525;0;0;128;0;122;0;
16597;4292450;1223761920;21688320;1401237504;0;0;0;0;0;0;0;0;0;0;0;3627;0;0;128;0;122;0;
16598;5649485;1223761920;21688320;1401237504;0;0;0;0;0;0;0;0;0;0;0;2555;0;0;128;0;122;0;
16599;3685121;1223761920;21688320;1401237504;0;0;0;0;0;0;0;0;0;0;0;2805;0;0;128;0;122;0;
16600;5929470;1223761920;21688320;1401237504;0;0;0;0;0;0;0;0;0;0;0;1844;0;0;128;0;122;0;
16601;4789332;1223761920;21688320;1401237504;0;0;0;0;0;0;0;0;0;0;0;3686;0;0;128;0;122;0;
16602;5237071;1223761920;21688320;1401237504;0;0;0;0;0;0;0;0;0;0;0;2605;0;0;128;0;122;0;
16603;3766494;1223761920;21688320;1401237504;0;0;0;0;0;0;0;0;0;0;0;2455;0;0;128;0;122;0;
16604;5680954;1223761920;21688320;1401237504;0;0;0;0;0;0;0;0;0;0;0;2495;0;0;128;0;122;0;
16605;5295822;1223761920;21688320;1401237504;0;0;0;0;0;0;0;0;0;0;0;3236;0;0;128;0;122;0;
16606;6487697;1223761920;21688320;1401237504;0;0;0;0;0;0;0;0;0;0;0;3146;0;0;128;0;122;0;
16607;4080132;1223761920;21688320;1401237504;0;0;0;0;0;0;0;0;0;0;0;2845;0;0;128;0;122;0;
16608;8581103;1223761920;21688320;1401237504;0;0;0;0;0;0;0;0;0;0;0;2465;0;0;128;0;122;0;
16609;14152621;1230323712;21688320;1418014720;0;0;0;0;0;0;0;0;0;0;0;3546;0;0;129;0;122;0;
16610;6997262;1230323712;21688320;1418014720;0;0;0;0;0;0;0;0;0;0;0;3406;0;0;129;0;122;0;
16611;4755097;1230323712;21688320;1418014720;0;0;0;0;0;0;0;0;0;0;0;3006;0;0;129;0;122;0;
16612;7492622;1230323712;21688320;1418014720;0;0;0;0;0;0;0;0;0;0;0;3226;0;0;129;0;122;0;
16613;3962952;1230323712;21688320;1418014720;0;0;0;0;0;0;0;0;0;0;0;3256;0;0;129;0;122;0;
16614;6078750;1230323712;21688320;1418014720;0;0;0;0;0;0;0;0;0;0;0;3616;0;0;129;0;122;0;
16615;4302539;1230323712;21688320;1418014720;0;0;0;0;0;0;0;0;0;0;0;4519;0;0;129;0;122;0;
16616;5227754;1230323712;21688320;1418014720;0;0;0;0;0;0;0;0;0;0;0;2895;0;0;129;0;122;0;
16617;5437658;1230323712;21688320;1418014720;0;0;0;0;0;0;0;0;0;0;0;3967;0;0;129;0;122;0;
16618;5871091;1230323712;21688320;1418014720;0;0;0;0;0;0;0;0;0;0;0;3887;0;0;129;0;122;0;
16619;6436391;1230323712;21688320;1418014720;0;0;0;0;0;0;0;0;0;0;0;194935;0;0;129;0;122;0;
16620;5828280;1230323712;21688320;1418014720;0;0;0;0;0;0;0;0;0;0;0;3737;0;0;129;0;122;0;
16621;5180125;1230323712;21692416;1418018816;0;0;0;0;0;0;0;0;0;0;0;3667;0;0;129;0;122;0;
16622;6398670;1230323712;21692416;1418018816;0;0;0;0;0;0;0;0;0;0;0;2906;0;0;129;0;122;0;
16623;6392899;1230323712;21692416;1418018816;0;0;0;0;0;0;0;0;0;0;0;3637;0;0;129;0;122;0;
16624;7053277;1230323712;21692416;1418018816;0;0;0;0;0;0;0;0;0;0;0;3216;0;0;129;0;122;0;
16625;4616167;1230323712;21692416;1418018816;0;0;0;0;0;0;0;0;0;0;0;5220;0;0;129;0;122;0;
16626;6501733;1230323712;21692416;1418018816;0;0;0;0;0;0;0;0;0;0;0;4268;0;0;129;0;122;0;
16627;4209214;1230323712;21692416;1418018816;0;0;0;0;0;0;0;0;0;0;0;3266;0;0;129;0;122;0;
16628;6383592;1230323712;21692416;1418018816;0;0;0;0;0;0;0;0;0;0;0;3477;0;0;129;0;122;0;
16629;5209259;1230323712;21692416;1418018816;0;0;0;0;0;0;0;0;0;0;0;3076;0;0;129;0;122;0;
16630;7394307;1230323712;21692416;1418018816;0;0;0;0;0;0;0;0;0;0;0;3917;0;0;129;0;122;0;
16631;4611288;1230323712;21692416;1418018816;0;0;0;0;0;0;0;0;0;0;0;3747;0;0;129;0;122;0;
16632;7547955;1230323712;21692416;1418018816;0;0;0;0;0;0;0;0;0;0;0;2765;0;0;129;0;122;0;
16633;5114351;1230323712;21692416;1418018816;0;0;0;0;0;0;0;0;0;0;0;3156;0;0;129;0;122;0;
16634;7178482;1230323712;21692416;1418018816;0;0;0;0;0;0;0;0;0;0;0;3957;0;0;129;0;122;0;
16635;3590984;1230323712;21692416;1418018816;0;0;0;0;0;0;0;0;0;0;0;3377;0;0;129;0;122;0;
16636;6032323;1230323712;21692416;1418018816;0;0;0;0;0;0;0;0;0;0;0;3066;0;0;129;0;122;0;
16637;5218336;1230323712;21692416;1418018816;0;0;0;0;0;0;0;0;0;0;0;3778;0;0;129;0;122;0;
16638;7598009;1230323712;21692416;1418018816;0;0;0;0;0;0;0;0;0;0;0;3497;0;0;129;0;122;0;
16639;5997909;1230323712;21692416;1418018816;0;0;0;0;0;0;0;0;0;0;0;3206;0;0;129;0;122;0;
16640;5341307;1230323712;21692416;1418018816;0;0;0;0;0;0;0;0;0;0;0;2575;0;0;129;0;122;0;
16641;5890617;1230323712;21692416;1418018816;0;0;0;0;0;0;0;0;0;0;0;3196;0;0;129;0;122;0;
16642;6461397;1230323712;21692416;1418018816;0;0;0;0;0;0;0;0;0;0;0;2835;0;0;129;0;122;0;
16643;6575351;1230323712;21692416;1418018816;0;0;0;0;0;0;0;0;0;0;0;3317;0;0;129;0;122;0;
16644;4903055;1230323712;21692416;1418018816;0;0;0;0;0;0;0;0;0;0;0;2946;0;0;129;0;122;0;
16645;4491233;1230323712;21692416;1418018816;0;0;0;0;0;0;0;0;0;0;0;4498;0;0;129;0;122;0;
16646;5790760;1230323712;21692416;1418018816;0;0;0;0;0;0;0;0;0;0;0;3567;0;0;129;0;122;0;
16647;6385655;1230323712;21692416;1418018816;0;0;0;0;0;0;0;0;0;0;0;4108;0;0;129;0;122;0;
16648;7666468;1230323712;21692416;1418018816;0;0;0;0;0;0;0;0;0;0;0;3537;0;0;129;0;122;0;
16649;5042427;1230323712;21692416;1418018816;0;0;0;0;0;0;0;0;0;0;0;4068;0;0;129;0;122;0;
16650;6916020;1230323712;21692416;1418018816;0;0;0;0;0;0;0;0;0;0;0;3847;0;0;129;0;122;0;
16651;4754095;1230323712;21692416;1418018816;0;0;0;0;0;0;0;0;0;0;0;10821;0;0;129;0;122;0;
16652;7292627;1230323712;21692416;1418018816;0;0;0;0;0;0;0;0;0;0;0;3877;0;0;129;0;122;0;
16653;3669742;1230323712;21692416;1418018816;0;0;0;0;0;0;0;0;0;0;0;4158;0;0;129;0;122;0;
16654;6499630;1230323712;21692416;1418018816;0;0;0;0;0;0;0;0;0;0;0;4138;0;0;129;0;122;0;
16655;3007190;1230323712;21692416;1418018816;0;0;0;0;0;0;0;0;0;0;0;2895;0;0;129;0;122;0;
16656;4929414;1230323712;21692416;1418018816;0;0;0;0;0;0;0;0;0;0;0;2034;0;0;129;0;122;0;
16657;5742079;1230323712;21692416;1418018816;0;0;0;0;0;0;0;0;0;0;0;3066;0;0;129;0;122;0;
16658;5315288;1230323712;21692416;1418018816;0;0;0;0;0;0;0;0;0;0;0;2885;0;0;129;0;122;0;
16659;5383205;1230323712;21692416;1418018816;0;0;0;0;0;0;0;0;0;0;0;3517;0;0;129;0;122;0;
16660;6166034;1230323712;21692416;1418018816;0;0;0;0;0;0;0;0;0;0;0;2855;0;0;129;0;122;0;
16661;7426748;1230323712;21692416;1418018816;0;0;0;0;0;0;0;0;0;0;0;4007;0;0;129;0;122;0;
16662;6912524;1230323712;21692416;1418018816;0;0;0;0;0;0;0;0;0;0;0;2765;0;0;129;0;122;0;
16663;6748596;1230323712;21692416;1418018816;0;0;0;0;0;0;0;0;0;0;0;2575;0;0;129;0;122;0;
16664;5956150;1230323712;21692416;1418018816;0;0;0;0;0;0;0;0;0;0;0;2625;0;0;129;0;122;0;
16665;5362617;1230323712;21692416;1418018816;0;0;0;0;0;0;0;0;0;0;0;3366;0;0;129;0;122;0;
16666;5278218;1230323712;21692416;1418018816;0;0;0;0;0;0;0;0;0;0;0;2865;0;0;129;0;122;0;
16667;5622144;1230323712;21692416;1418018816;0;0;0;0;0;0;0;0;0;0;0;3427;0;0;129;0;122;0;
16668;5451454;1230323712;21692416;1418018816;0;0;0;0;0;0;0;0;0;0;0;3196;0;0;129;0;122;0;
16669;5307303;1230323712;21692416;1418018816;0;0;0;0;0;0;0;0;0;0;0;4178;0;0;129;0;122;0;
16670;5843108;1230323712;21692416;1418018816;0;0;0;0;0;0;0;0;0;0;0;3948;0;0;129;0;122;0;
16671;7213338;1230323712;21692416;1418018816;0;0;0;0;0;0;0;0;0;0;0;3647;0;0;129;0;122;0;
16672;5047405;1230323712;21692416;1418018816;0;0;0;0;0;0;0;0;0;0;0;2164;0;0;129;0;122;0;
16673;6833986;1230323712;21692416;1418018816;0;0;0;0;0;0;0;0;0;0;0;3567;0;0;129;0;122;0;
16674;5781523;1230323712;21692416;1418018816;0;0;0;0;0;0;0;0;0;0;0;2584;0;0;129;0;122;0;
16675;6692691;1230323712;21692416;1418018816;0;0;0;0;0;0;0;0;0;0;0;3807;0;0;129;0;122;0;
16676;6045568;1230323712;21692416;1418018816;0;0;0;0;0;0;0;0;0;0;0;2615;0;0;129;0;122;0;
16677;6919326;1234558976;21692416;1418018816;0;0;0;0;0;0;0;0;0;0;0;2735;0;0;130;0;122;0;
16678;6413478;1234558976;21692416;1418018816;0;0;0;0;0;0;0;0;0;0;0;3196;0;0;130;0;122;0;
16679;5213327;1234558976;21692416;1418018816;0;0;0;0;0;0;0;0;0;0;0;2935;0;0;130;0;122;0;
16680;6224112;1234558976;21692416;1418018816;0;0;0;0;0;0;0;0;0;0;0;2955;0;0;130;0;122;0;
16681;5562221;1234558976;21692416;1418018816;0;0;0;0;0;0;0;0;0;0;0;3987;0;0;130;0;122;0;
16682;6002006;1234558976;21692416;1418018816;0;0;0;0;0;0;0;0;0;0;0;4028;0;0;130;0;122;0;
16683;4598564;1234558976;21692416;1418018816;0;0;0;0;0;0;0;0;0;0;0;3968;0;0;130;0;122;0;
16684;5562211;1234558976;21692416;1418018816;0;0;0;0;0;0;0;0;0;0;0;3797;0;0;130;0;122;0;
16685;5176518;1234558976;21692416;1418018816;0;0;0;0;0;0;0;0;0;0;0;4338;0;0;130;0;122;0;
16686;7402262;1234558976;21692416;1418018816;0;0;0;0;0;0;0;0;0;0;0;3376;0;0;130;0;122;0;
16687;5499263;1234558976;21692416;1418018816;0;0;0;0;0;0;0;0;0;0;0;2956;0;0;130;0;122;0;
16688;7432719;1234558976;21692416;1418018816;0;0;0;0;0;0;0;0;0;0;0;3507;0;0;130;0;122;0;
16689;4599295;1234558976;21692416;1418018816;0;0;0;0;0;0;0;0;0;0;0;3186;0;0;130;0;122;0;
16690;6441942;1234558976;21692416;1418018816;0;0;0;0;0;0;0;0;0;0;0;3857;0;0;130;0;122;0;
16691;3596585;1234558976;21692416;1418018816;0;0;0;0;0;0;0;0;0;0;0;4248;0;0;130;0;122;0;
16692;6611399;1234558976;21692416;1418018816;0;0;0;0;0;0;0;0;0;0;0;3636;0;0;130;0;122;0;
16693;3362667;1234558976;21692416;1418018816;0;0;0;0;0;0;0;0;0;0;0;3467;0;0;130;0;122;0;
16694;6432704;1234558976;21692416;1418018816;0;0;0;0;0;0;0;0;0;0;0;2976;0;0;130;0;122;0;
16695;3262308;1234558976;21692416;1418018816;0;0;0;0;0;0;0;0;0;0;0;3076;0;0;130;0;122;0;
16696;6410342;1234558976;21692416;1418018816;0;0;0;0;0;0;0;0;0;0;0;3096;0;0;130;0;122;0;
16697;3538285;1234558976;21692416;1418018816;0;0;0;0;0;0;0;0;0;0;0;2996;0;0;130;0;122;0;
16698;5924030;1234558976;21692416;1418018816;0;0;0;0;0;0;0;0;0;0;0;2575;0;0;130;0;122;0;
16699;3706420;1234558976;21692416;1418018816;0;0;0;0;0;0;0;0;0;0;0;4449;0;0;130;0;122;0;
16700;4887626;1234558976;21692416;1418018816;0;0;0;0;0;0;0;0;0;0;0;2455;0;0;130;0;122;0;
16701;6586282;1234558976;21692416;1418018816;0;0;0;0;0;0;0;0;0;0;0;3567;0;0;130;0;122;0;
16702;5617686;1234558976;21692416;1418018816;0;0;0;0;0;0;0;0;0;0;0;2595;0;0;130;0;122;0;
16703;7695241;1234558976;21692416;1418018816;0;0;0;0;0;0;0;0;0;0;0;3306;0;0;130;0;122;0;
16704;5990284;1234558976;21692416;1418018816;0;0;0;0;0;0;0;0;0;0;0;2595;0;0;130;0;122;0;
16705;5588841;1234558976;21692416;1418018816;0;0;0;0;0;0;0;0;0;0;0;3556;0;0;130;0;122;0;
16706;6207591;1234558976;21692416;1418018816;0;0;0;0;0;0;0;0;0;0;0;2695;0;0;130;0;122;0;
16707;4648417;1234558976;21692416;1418018816;0;0;0;0;0;0;0;0;0;0;0;3967;0;0;130;0;122;0;
16708;6511832;1234558976;21692416;1418018816;0;0;0;0;0;0;0;0;0;0;0;3236;0;0;130;0;122;0;
16709;5553625;1234558976;21692416;1418018816;0;0;0;0;0;0;0;0;0;0;0;3206;0;0;130;0;122;0;
16710;6782650;1234558976;21692416;1418018816;0;0;0;0;0;0;0;0;0;0;0;3496;0;0;130;0;122;0;
16711;5823201;1234558976;21692416;1418018816;0;0;0;0;0;0;0;0;0;0;0;4128;0;0;130;0;122;0;
16712;7118089;1234558976;21692416;1418018816;0;0;0;0;0;0;0;0;0;0;0;2946;0;0;130;0;122;0;
16713;4267733;1234558976;21692416;1418018816;0;0;0;0;0;0;0;0;0;0;0;4388;0;0;130;0;122;0;
16714;6204015;1234558976;21692416;1418018816;0;0;0;0;0;0;0;0;0;0;0;3166;0;0;130;0;122;0;
16715;4470264;1234558976;21692416;1418018816;0;0;0;0;0;0;0;0;0;0;0;3577;0;0;130;0;122;0;
16716;5415336;1234558976;21692416;1418018816;0;0;0;0;0;0;0;0;0;0;0;2935;0;0;130;0;122;0;
16717;4758013;1234558976;21692416;1418018816;0;0;0;0;0;0;0;0;0;0;0;2725;0;0;130;0;122;0;
16718;7728073;1234558976;21692416;1418018816;0;0;0;0;0;0;0;0;0;0;0;3657;0;0;130;0;122;0;
16719;4475985;1234558976;21692416;1418018816;0;0;0;0;0;0;0;0;0;0;0;3206;0;0;130;0;122;0;
16720;7525173;1234558976;21692416;1418018816;0;0;0;0;0;0;0;0;0;0;0;4288;0;0;130;0;122;0;
16721;4525267;1234558976;21692416;1418018816;0;0;0;0;0;0;0;0;0;0;0;3116;0;0;130;0;122;0;
16722;6448654;1234558976;21692416;1418018816;0;0;0;0;0;0;0;0;0;0;0;2926;0;0;130;0;122;0;
16723;4875513;1234558976;21692416;1418018816;0;0;0;0;0;0;0;0;0;0;0;3266;0;0;130;0;122;0;
16724;6809761;1234558976;21692416;1418018816;0;0;0;0;0;0;0;0;0;0;0;2785;0;0;130;0;122;0;
16725;4479461;1234558976;21692416;1418018816;0;0;0;0;0;0;0;0;0;0;0;3767;0;0;130;0;122;0;
16726;5456292;1234558976;21692416;1418018816;0;0;0;0;0;0;0;0;0;0;0;2685;0;0;130;0;122;0;
16727;3625149;1234558976;21692416;1418018816;0;0;0;0;0;0;0;0;0;0;0;3026;0;0;130;0;122;0;
16728;6091844;1234558976;21692416;1418018816;0;0;0;0;0;0;0;0;0;0;0;3717;0;0;130;0;122;0;
16729;4168498;1234558976;21692416;1418018816;0;0;0;0;0;0;0;0;0;0;0;3045;0;0;130;0;122;0;
16730;6614164;1234558976;21692416;1418018816;0;0;0;0;0;0;0;0;0;0;0;3617;0;0;130;0;122;0;
16731;5591517;1234558976;21692416;1418018816;0;0;0;0;0;0;0;0;0;0;0;4138;0;0;130;0;122;0;
16732;7089516;1234558976;21692416;1418018816;0;0;0;0;0;0;0;0;0;0;0;3306;0;0;130;0;122;0;
16733;5469237;1234558976;21692416;1418018816;0;0;0;0;0;0;0;0;0;0;0;3036;0;0;130;0;122;0;
16734;7216684;1234558976;21692416;1418018816;0;0;0;0;0;0;0;0;0;0;0;3226;0;0;130;0;122;0;
16735;5848779;1234558976;21692416;1418018816;0;0;0;0;0;0;0;0;0;0;0;4078;0;0;130;0;122;0;
16736;8012437;1234558976;21692416;1418018816;0;0;0;0;0;0;0;0;0;0;0;3085;0;0;130;0;122;0;
16737;4488779;1234558976;21692416;1418018816;0;0;0;0;0;0;0;0;0;0;0;4488;0;0;130;0;122;0;
16738;7151452;1234558976;21692416;1418018816;0;0;0;0;0;0;0;0;0;0;0;3547;0;0;130;0;122;0;
16739;4109657;1234558976;21692416;1418018816;0;0;0;0;0;0;0;0;0;0;0;3657;0;0;130;0;122;0;
16740;6341413;1234558976;21692416;1418018816;0;0;0;0;0;0;0;0;0;0;0;3797;0;0;130;0;122;0;
16741;3349301;1234558976;21692416;1418018816;0;0;0;0;0;0;0;0;0;0;0;2645;0;0;130;0;122;0;
16742;5103380;1234558976;21692416;1418018816;0;0;0;0;0;0;0;0;0;0;0;2716;0;0;130;0;122;0;
16743;4664728;1234558976;21692416;1418018816;0;0;0;0;0;0;0;0;0;0;0;3627;0;0;130;0;122;0;
16744;8156447;1240850432;21692416;1434796032;0;0;0;0;0;0;0;0;0;0;0;3095;0;0;131;0;122;0;
16745;4961444;1240850432;21692416;1434796032;0;0;0;0;0;0;0;0;0;0;0;3527;0;0;131;0;122;0;
16746;5745796;1240850432;21692416;1434796032;0;0;0;0;0;0;0;0;0;0;0;3076;0;0;131;0;122;0;
16747;4223781;1240850432;21692416;1434796032;0;0;0;0;0;0;0;0;0;0;0;3526;0;0;131;0;122;0;
16748;5970056;1240850432;21692416;1434796032;0;0;0;0;0;0;0;0;0;0;0;3687;0;0;131;0;122;0;
16749;4918464;1240850432;21692416;1434796032;0;0;0;0;0;0;0;0;0;0;0;3537;0;0;131;0;122;0;
16750;8087156;1244880896;21692416;1434796032;0;0;0;0;0;0;0;0;0;0;0;3036;0;0;132;0;122;0;
16751;4303320;1244880896;21692416;1434796032;0;0;0;0;0;0;0;0;0;0;0;3327;0;0;132;0;122;0;
16752;5521114;1244880896;21692416;1434796032;0;0;0;0;0;0;0;0;0;0;0;2956;0;0;132;0;122;0;
16753;4083578;1244880896;21692416;1434796032;0;0;0;0;0;0;0;0;0;0;0;3086;0;0;132;0;122;0;
16754;6117603;1244880896;21692416;1434796032;0;0;0;0;0;0;0;0;0;0;0;2134;0;0;132;0;122;0;
16755;4042031;1244880896;21692416;1434796032;0;0;0;0;0;0;0;0;0;0;0;3526;0;0;132;0;122;0;
16756;5310800;1244880896;21692416;1434796032;0;0;0;0;0;0;0;0;0;0;0;2304;0;0;132;0;122;0;
16757;3248612;1244880896;21692416;1434796032;0;0;0;0;0;0;0;0;0;0;0;3547;0;0;132;0;122;0;
16758;5131653;1244880896;21692416;1434796032;0;0;0;0;0;0;0;0;0;0;0;3116;0;0;132;0;122;0;
16759;4281941;1244880896;21692416;1434796032;0;0;0;0;0;0;0;0;0;0;0;3847;0;0;132;0;122;0;
16760;5070640;1244880896;21692416;1434796032;0;0;0;0;0;0;0;0;0;0;0;2074;0;0;132;0;122;0;
16761;3866381;1244880896;21692416;1434796032;0;0;0;0;0;0;0;0;0;0;0;2925;0;0;132;0;122;0;
16762;4809691;1244880896;21692416;1434796032;0;0;0;0;0;0;0;0;0;0;0;2285;0;0;132;0;122;0;
16763;4102133;1244880896;21692416;1434796032;0;0;0;0;0;0;0;0;0;0;0;3206;0;0;132;0;122;0;
16764;6175261;1244880896;21692416;1434796032;0;0;0;0;0;0;0;0;0;0;0;2966;0;0;132;0;122;0;
16765;3686082;1244880896;21692416;1434796032;0;0;0;0;0;0;0;0;0;0;0;2645;0;0;132;0;122;0;
16766;5531063;1244880896;21692416;1434796032;0;0;0;0;0;0;0;0;0;0;0;2535;0;0;132;0;122;0;
16767;3651848;1244880896;21692416;1434796032;0;0;0;0;0;0;0;0;0;0;0;4358;0;0;132;0;122;0;
16768;6282202;1244880896;21692416;1434796032;0;0;0;0;0;0;0;0;0;0;0;2625;0;0;132;0;122;0;
16769;4335511;1244880896;21692416;1434796032;0;0;0;0;0;0;0;0;0;0;0;2645;0;0;132;0;122;0;
16770;5434893;1244880896;21692416;1434796032;0;0;0;0;0;0;0;0;0;0;0;2926;0;0;132;0;122;0;
16771;4735421;1244880896;21692416;1434796032;0;0;0;0;0;0;0;0;0;0;0;2745;0;0;132;0;122;0;
16772;5972451;1244880896;21692416;1434796032;0;0;0;0;0;0;0;0;0;0;0;3226;0;0;132;0;122;0;
16773;4644841;1244880896;21692416;1434796032;0;0;0;0;0;0;0;0;0;0;0;8627;0;0;132;0;122;0;
16774;5265575;1244880896;21692416;1434796032;0;0;0;0;0;0;0;0;0;0;0;2795;0;0;132;0;122;0;
16775;3515433;1244880896;21692416;1434796032;0;0;0;0;0;0;0;0;0;0;0;3737;0;0;132;0;122;0;
16776;5688288;1244880896;21692416;1434796032;0;0;0;0;0;0;0;0;0;0;0;3687;0;0;132;0;122;0;
16777;4163047;1244880896;21692416;1434796032;0;0;0;0;0;0;0;0;0;0;0;3196;0;0;132;0;122;0;
16778;5744143;1244880896;21692416;1434796032;0;0;0;0;0;0;0;0;0;0;0;3367;0;0;132;0;122;0;
16779;4246583;1244880896;21692416;1434796032;0;0;0;0;0;0;0;0;0;0;0;3616;0;0;132;0;122;0;
16780;6880765;1244880896;21692416;1434796032;0;0;0;0;0;0;0;0;0;0;0;2755;0;0;132;0;122;0;
16781;4284906;1244880896;21692416;1434796032;0;0;0;0;0;0;0;0;0;0;0;3366;0;0;132;0;122;0;
16782;6464694;1244880896;21692416;1434796032;0;0;0;0;0;0;0;0;0;0;0;3827;0;0;132;0;122;0;
16783;3495005;1244880896;21692416;1434796032;0;0;0;0;0;0;0;0;0;0;0;2955;0;0;132;0;122;0;
16784;9759653;1244880896;21692416;1434796032;0;0;0;0;0;0;0;0;0;0;0;3096;0;0;132;0;122;0;
16785;9445474;1244880896;21692416;1434796032;0;0;0;0;0;0;0;0;0;0;0;3357;0;0;132;0;122;0;
16786;5355544;1244880896;21692416;1434796032;0;0;0;0;0;0;0;0;0;0;0;4018;0;0;132;0;122;0;
16787;3482972;1244880896;21692416;1434796032;0;0;0;0;0;0;0;0;0;0;0;2856;0;0;132;0;122;0;
16788;5049981;1244880896;21692416;1434796032;0;0;0;0;0;0;0;0;0;0;0;2224;0;0;132;0;122;0;
16789;4037202;1244880896;21692416;1434796032;0;0;0;0;0;0;0;0;0;0;0;4147;0;0;132;0;122;0;
16790;4907714;1244880896;21692416;1434796032;0;0;0;0;0;0;0;0;0;0;0;3096;0;0;132;0;122;0;
16791;4262704;1244880896;21692416;1434796032;0;0;0;0;0;0;0;0;0;0;0;2776;0;0;132;0;122;0;
16792;5711662;1244880896;21692416;1434796032;0;0;0;0;0;0;0;0;0;0;0;3055;0;0;132;0;122;0;
16793;4070714;1244880896;21692416;1434796032;0;0;0;0;0;0;0;0;0;0;0;3858;0;0;132;0;122;0;
16794;6551627;1244880896;21692416;1434796032;0;0;0;0;0;0;0;0;0;0;0;2484;0;0;132;0;122;0;
16795;3446474;1244880896;21692416;1434796032;0;0;0;0;0;0;0;0;0;0;0;3056;0;0;132;0;122;0;
16796;5261347;1244880896;21692416;1434796032;0;0;0;0;0;0;0;0;0;0;0;3377;0;0;132;0;122;0;
16797;4949682;1244880896;21692416;1434796032;0;0;0;0;0;0;0;0;0;0;0;3046;0;0;132;0;122;0;
16798;5054559;1244880896;21692416;1434796032;0;0;0;0;0;0;0;0;0;0;0;2976;0;0;132;0;122;0;
16799;4381487;1244880896;21692416;1434796032;0;0;0;0;0;0;0;0;0;0;0;3867;0;0;132;0;122;0;
16800;5801420;1244880896;21692416;1434796032;0;0;0;0;0;0;0;0;0;0;0;2725;0;0;132;0;122;0;
16801;6770036;1244880896;21692416;1434796032;0;0;0;0;0;0;0;0;0;0;0;4298;0;0;132;0;122;0;
16802;5680613;1244880896;21692416;1434796032;0;0;0;0;0;0;0;0;0;0;0;2846;0;0;132;0;122;0;
16803;5305540;1244880896;21692416;1434796032;0;0;0;0;0;0;0;0;0;0;0;3246;0;0;132;0;122;0;
16804;5122837;1244880896;21692416;1434796032;0;0;0;0;0;0;0;0;0;0;0;2895;0;0;132;0;122;0;
16805;7442788;1244880896;21692416;1434796032;0;0;0;0;0;0;0;0;0;0;0;3437;0;0;132;0;122;0;
16806;6107123;1244880896;21692416;1434796032;0;0;0;0;0;0;0;0;0;0;0;3287;0;0;132;0;122;0;
16807;5952964;1244880896;21692416;1434796032;0;0;0;0;0;0;0;0;0;0;0;2675;0;0;132;0;122;0;
16808;4890071;1244880896;21692416;1434796032;0;0;0;0;0;0;0;0;0;0;0;2204;0;0;132;0;122;0;
16809;4832673;1244880896;21692416;1434796032;0;0;0;0;0;0;0;0;0;0;0;3296;0;0;132;0;122;0;
16810;5769440;1244880896;21692416;1434796032;0;0;0;0;0;0;0;0;0;0;0;3887;0;0;132;0;122;0;
16811;3496517;1244880896;21692416;1434796032;0;0;0;0;0;0;0;0;0;0;0;3467;0;0;132;0;122;0;
16812;5643053;1244880896;21692416;1434796032;0;0;0;0;0;0;0;0;0;0;0;2745;0;0;132;0;122;0;
16813;4521740;1244880896;21692416;1434796032;0;0;0;0;0;0;0;0;0;0;0;3166;0;0;132;0;122;0;
16814;4894870;1244880896;21692416;1434796032;0;0;0;0;0;0;0;0;0;0;0;2204;0;0;132;0;122;0;
16815;5088493;1244880896;21692416;1434796032;0;0;0;0;0;0;0;0;0;0;0;3006;0;0;132;0;122;0;
16816;4599876;1244880896;21692416;1434796032;0;0;0;0;0;0;0;0;0;0;0;2405;0;0;132;0;122;0;
16817;4252064;1244880896;21692416;1434796032;0;0;0;0;0;0;0;0;0;0;0;4278;0;0;132;0;122;0;
16818;5711491;1244880896;21692416;1434796032;0;0;0;0;0;0;0;0;0;0;0;2624;0;0;132;0;122;0;
16819;6734559;1244880896;21692416;1434796032;0;0;0;0;0;0;0;0;0;0;0;3005;0;0;132;0;122;0;
16820;5810828;1244880896;21692416;1434796032;0;0;0;0;0;0;0;0;0;0;0;2575;0;0;132;0;122;0;
16821;4235493;1244880896;21692416;1434796032;0;0;0;0;0;0;0;0;0;0;0;2935;0;0;132;0;122;0;
16822;5329925;1244880896;21692416;1434796032;0;0;0;0;0;0;0;0;0;0;0;2916;0;0;132;0;122;0;
16823;3367315;1244880896;21692416;1434796032;0;0;0;0;0;0;0;0;0;0;0;3347;0;0;132;0;122;0;
16824;6850398;1244880896;21692416;1434796032;0;0;0;0;0;0;0;0;0;0;0;3957;0;0;132;0;122;0;
16825;3694037;1244880896;21692416;1434796032;0;0;0;0;0;0;0;0;0;0;0;3166;0;0;132;0;122;0;
16826;5954568;1244880896;21692416;1434796032;0;0;0;0;0;0;0;0;0;0;0;3596;0;0;132;0;122;0;
16827;4021742;1244880896;21692416;1434796032;0;0;0;0;0;0;0;0;0;0;0;3476;0;0;132;0;122;0;
16828;5484235;1244880896;21692416;1434796032;0;0;0;0;0;0;0;0;0;0;0;2896;0;0;132;0;122;0;
16829;5422278;1244880896;21692416;1434796032;0;0;0;0;0;0;0;0;0;0;0;3116;0;0;132;0;122;0;
16830;6737255;1244880896;21692416;1434796032;0;0;0;0;0;0;0;0;0;0;0;4328;0;0;132;0;122;0;
16831;5145539;1244880896;21692416;1434796032;0;0;0;0;0;0;0;0;0;0;0;3396;0;0;132;0;122;0;
16832;5459168;1244880896;21692416;1434796032;0;0;0;0;0;0;0;0;0;0;0;3015;0;0;132;0;122;0;
16833;7043910;1244880896;21692416;1434796032;0;0;0;0;0;0;0;0;0;0;0;3506;0;0;132;0;122;0;
16834;6098948;1244880896;21692416;1434796032;0;0;0;0;0;0;0;0;0;0;0;3166;0;0;132;0;122;0;
16835;5515063;1244880896;21692416;1434796032;0;0;0;0;0;0;0;0;0;0;0;4488;0;0;132;0;122;0;
16836;7296684;1244880896;21692416;1434796032;0;0;0;0;0;0;0;0;0;0;0;2796;0;0;132;0;122;0;
16837;3809835;1244880896;21692416;1434796032;0;0;0;0;0;0;0;0;0;0;0;2745;0;0;132;0;122;0;
16838;6500682;1244880896;21692416;1434796032;0;0;0;0;0;0;0;0;0;0;0;2054;0;0;132;0;122;0;
16839;5158925;1244880896;21692416;1434796032;0;0;0;0;0;0;0;0;0;0;0;3216;0;0;132;0;122;0;
16840;6620806;1244880896;21692416;1434796032;0;0;0;0;0;0;0;0;0;0;0;3116;0;0;132;0;122;0;
16841;4657445;1244880896;21692416;1434796032;0;0;0;0;0;0;0;0;0;0;0;3206;0;0;132;0;122;0;
16842;5728483;1244880896;21692416;1434796032;0;0;0;0;0;0;0;0;0;0;0;2355;0;0;132;0;122;0;
16843;4651473;1244880896;21692416;1434796032;0;0;0;0;0;0;0;0;0;0;0;3176;0;0;132;0;122;0;
16844;5632904;1244880896;21692416;1434796032;0;0;0;0;0;0;0;0;0;0;0;2896;0;0;132;0;122;0;
16845;4626757;1244880896;21692416;1434796032;0;0;0;0;0;0;0;0;0;0;0;2855;0;0;132;0;122;0;
16846;6214524;1244880896;21692416;1434796032;0;0;0;0;0;0;0;0;0;0;0;3457;0;0;132;0;122;0;
16847;3602857;1244880896;21692416;1434796032;0;0;0;0;0;0;0;0;0;0;0;3276;0;0;132;0;122;0;
16848;5485678;1244880896;21692416;1434796032;0;0;0;0;0;0;0;0;0;0;0;2465;0;0;132;0;122;0;
16849;3892841;1244880896;21692416;1434796032;0;0;0;0;0;0;0;0;0;0;0;3707;0;0;132;0;122;0;
16850;5927857;1244880896;21692416;1434796032;0;0;0;0;0;0;0;0;0;0;0;2515;0;0;132;0;122;0;
16851;5340646;1244880896;21692416;1434796032;0;0;0;0;0;0;0;0;0;0;0;3246;0;0;132;0;122;0;
16852;4902625;1244880896;21692416;1434796032;0;0;0;0;0;0;0;0;0;0;0;2565;0;0;132;0;122;0;
16853;4970932;1244880896;21692416;1434796032;0;0;0;0;0;0;0;0;0;0;0;2816;0;0;132;0;122;0;
16854;5336948;1244880896;21692416;1434796032;0;0;0;0;0;0;0;0;0;0;0;3006;0;0;132;0;122;0;
16855;4071205;1244880896;21692416;1434796032;0;0;0;0;0;0;0;0;0;0;0;4038;0;0;132;0;122;0;
16856;5810587;1244880896;21692416;1434796032;0;0;0;0;0;0;0;0;0;0;0;2705;0;0;132;0;122;0;
16857;3983110;1244880896;21692416;1434796032;0;0;0;0;0;0;0;0;0;0;0;4238;0;0;132;0;122;0;
16858;5331379;1244880896;21692416;1434796032;0;0;0;0;0;0;0;0;0;0;0;3015;0;0;132;0;122;0;
16859;3266186;1244880896;21692416;1434796032;0;0;0;0;0;0;0;0;0;0;0;2906;0;0;132;0;122;0;
16860;5162231;1244880896;21692416;1434796032;0;0;0;0;0;0;0;0;0;0;0;2825;0;0;132;0;122;0;
16861;3478103;1244880896;21692416;1434796032;0;0;0;0;0;0;0;0;0;0;0;3055;0;0;132;0;122;0;
16862;6212601;1244880896;21692416;1434796032;0;0;0;0;0;0;0;0;0;0;0;2975;0;0;132;0;122;0;
16863;4769425;1244880896;21692416;1434796032;0;0;0;0;0;0;0;0;0;0;0;3036;0;0;132;0;122;0;
16864;5976107;1244880896;21692416;1434796032;0;0;0;0;0;0;0;0;0;0;0;3597;0;0;132;0;122;0;
16865;4244389;1244880896;21692416;1434796032;0;0;0;0;0;0;0;0;0;0;0;3176;0;0;132;0;122;0;
16866;5339403;1244880896;21692416;1434796032;0;0;0;0;0;0;0;0;0;0;0;3547;0;0;132;0;122;0;
16867;4161264;1244880896;21692416;1434796032;0;0;0;0;0;0;0;0;0;0;0;4168;0;0;132;0;122;0;
16868;6446350;1244880896;21692416;1434796032;0;0;0;0;0;0;0;0;0;0;0;2634;0;0;132;0;122;0;
16869;4756060;1244880896;21692416;1434796032;0;0;0;0;0;0;0;0;0;0;0;3647;0;0;132;0;122;0;
16870;6016493;1244880896;21692416;1434796032;0;0;0;0;0;0;0;0;0;0;0;2936;0;0;132;0;122;0;
16871;3253572;1244880896;21692416;1434796032;0;0;0;0;0;0;0;0;0;0;0;3246;0;0;132;0;122;0;
16872;6503707;1244880896;21692416;1434796032;0;0;0;0;0;0;0;0;0;0;0;3487;0;0;132;0;122;0;
16873;3929570;1244880896;21692416;1434796032;0;0;0;0;0;0;0;0;0;0;0;3036;0;0;132;0;122;0;
16874;5894164;1244880896;21692416;1434796032;0;0;0;0;0;0;0;0;0;0;0;3276;0;0;132;0;122;0;
16875;4030238;1244880896;21692416;1434796032;0;0;0;0;0;0;0;0;0;0;0;2965;0;0;132;0;122;0;
16876;6917263;1244880896;21692416;1434796032;0;0;0;0;0;0;0;0;0;0;0;3166;0;0;132;0;122;0;
16877;3517025;1244880896;21692416;1434796032;0;0;0;0;0;0;0;0;0;0;0;4238;0;0;132;0;122;0;
16878;5915494;1244880896;21692416;1434796032;0;0;0;0;0;0;0;0;0;0;0;3637;0;0;132;0;122;0;
16879;3111385;1244880896;21692416;1434796032;0;0;0;0;0;0;0;0;0;0;0;2836;0;0;132;0;122;0;
16880;5954196;1244880896;21692416;1434796032;0;0;0;0;0;0;0;0;0;0;0;2905;0;0;132;0;122;0;
16881;3183199;1244880896;21692416;1434796032;0;0;0;0;0;0;0;0;0;0;0;3497;0;0;132;0;122;0;
16882;4709101;1244880896;21692416;1434796032;0;0;0;0;0;0;0;0;0;0;0;2725;0;0;132;0;122;0;
16883;5241470;1244880896;21692416;1434796032;0;0;0;0;0;0;0;0;0;0;0;3106;0;0;132;0;122;0;
16884;4806474;1244880896;21692416;1434796032;0;0;0;0;0;0;0;0;0;0;0;2194;0;0;132;0;122;0;
16885;4611489;1244880896;21692416;1434796032;0;0;0;0;0;0;0;0;0;0;0;4518;0;0;132;0;122;0;
16886;5396010;1244880896;21692416;1434796032;0;0;0;0;0;0;0;0;0;0;0;2715;0;0;132;0;122;0;
16887;4763804;1244880896;21692416;1434796032;0;0;0;0;0;0;0;0;0;0;0;3757;0;0;132;0;122;0;
16888;5572891;1244880896;21692416;1434796032;0;0;0;0;0;0;0;0;0;0;0;2505;0;0;132;0;122;0;
16889;3606343;1244880896;21692416;1434796032;0;0;0;0;0;0;0;0;0;0;0;3367;0;0;132;0;122;0;
16890;5806789;1244880896;21692416;1434796032;0;0;0;0;0;0;0;0;0;0;0;3888;0;0;132;0;122;0;
16891;3046003;1244880896;21692416;1434796032;0;0;0;0;0;0;0;0;0;0;0;4128;0;0;132;0;122;0;
16892;5753630;1244880896;21692416;1434796032;0;0;0;0;0;0;0;0;0;0;0;2735;0;0;132;0;122;0;
16893;6116301;1244880896;21692416;1434796032;0;0;0;0;0;0;0;0;0;0;0;3256;0;0;132;0;122;0;
16894;6447161;1244880896;21692416;1434796032;0;0;0;0;0;0;0;0;0;0;0;4298;0;0;132;0;122;0;
16895;4427323;1244880896;21692416;1434796032;0;0;0;0;0;0;0;0;0;0;0;3216;0;0;132;0;122;0;
16896;6650072;1244880896;21692416;1434796032;0;0;0;0;0;0;0;0;0;0;0;3226;0;0;132;0;122;0;
16897;3777444;1244880896;21692416;1434796032;0;0;0;0;0;0;0;0;0;0;0;2815;0;0;132;0;122;0;
16898;6885133;1244880896;21692416;1434796032;0;0;0;0;0;0;0;0;0;0;0;3998;0;0;132;0;122;0;
16899;6503777;1244880896;21692416;1434796032;0;0;0;0;0;0;0;0;0;0;0;3727;0;0;132;0;122;0;
16900;6524405;1244880896;21692416;1434796032;0;0;0;0;0;0;0;0;0;0;0;3447;0;0;132;0;122;0;
16901;4890531;1244880896;21692416;1434796032;0;0;0;0;0;0;0;0;0;0;0;4077;0;0;132;0;122;0;
16902;5675624;1244880896;21692416;1434796032;0;0;0;0;0;0;0;0;0;0;0;2835;0;0;132;0;122;0;
16903;3846424;1244880896;21692416;1434796032;0;0;0;0;0;0;0;0;0;0;0;3166;0;0;132;0;122;0;
16904;6347444;1244880896;21692416;1434796032;0;0;0;0;0;0;0;0;0;0;0;3937;0;0;132;0;122;0;
16905;3614468;1244880896;21692416;1434796032;0;0;0;0;0;0;0;0;0;0;0;3596;0;0;132;0;122;0;
16906;6177746;1244880896;21692416;1434796032;0;0;0;0;0;0;0;0;0;0;0;2475;0;0;132;0;122;0;
16907;4830148;1244880896;21692416;1434796032;0;0;0;0;0;0;0;0;0;0;0;3086;0;0;132;0;122;0;
16908;5538346;1244880896;21692416;1434796032;0;0;0;0;0;0;0;0;0;0;0;2465;0;0;132;0;122;0;
16909;5111396;1244880896;21692416;1434796032;0;0;0;0;0;0;0;0;0;0;0;3706;0;0;132;0;122;0;
16910;4852771;1244880896;21692416;1434796032;0;0;0;0;0;0;0;0;0;0;0;2425;0;0;132;0;122;0;
16911;5556671;1244880896;21692416;1434796032;0;0;0;0;0;0;0;0;0;0;0;3136;0;0;132;0;122;0;
16912;5910735;1244880896;21692416;1434796032;0;0;0;0;0;0;0;0;0;0;0;2314;0;0;132;0;122;0;
16913;6436000;1244880896;21692416;1434796032;0;0;0;0;0;0;0;0;0;0;0;3707;0;0;132;0;122;0;
16914;6326775;1244880896;21692416;1434796032;0;0;0;0;0;0;0;0;0;0;0;3357;0;0;132;0;122;0;
16915;5920423;1244880896;21692416;1434796032;0;0;0;0;0;0;0;0;0;0;0;3597;0;0;132;0;122;0;
16916;5673399;1244880896;21692416;1434796032;0;0;0;0;0;0;0;0;0;0;0;2354;0;0;132;0;122;0;
16917;4856508;1244880896;21692416;1434796032;0;0;0;0;0;0;0;0;0;0;0;3606;0;0;132;0;122;0;
16918;6080413;1244880896;21692416;1434796032;0;0;0;0;0;0;0;0;0;0;0;2986;0;0;132;0;122;0;
16919;5153695;1244880896;21692416;1434796032;0;0;0;0;0;0;0;0;0;0;0;4048;0;0;132;0;122;0;
16920;6734369;1244880896;21692416;1434796032;0;0;0;0;0;0;0;0;0;0;0;4018;0;0;132;0;122;0;
16921;4905008;1244880896;21692416;1434796032;0;0;0;0;0;0;0;0;0;0;0;4057;0;0;132;0;122;0;
16922;5859770;1244880896;21692416;1434796032;0;0;0;0;0;0;0;0;0;0;0;3977;0;0;132;0;122;0;
16923;5474527;1244880896;21692416;1434796032;0;0;0;0;0;0;0;0;0;0;0;4068;0;0;132;0;122;0;
16924;6442533;1244880896;21692416;1434796032;0;0;0;0;0;0;0;0;0;0;0;3116;0;0;132;0;122;0;
16925;4205787;1244880896;21692416;1434796032;0;0;0;0;0;0;0;0;0;0;0;3256;0;0;132;0;122;0;
16926;5553946;1244880896;21692416;1434796032;0;0;0;0;0;0;0;0;0;0;0;2615;0;0;132;0;122;0;
16927;3534609;1244880896;21692416;1434796032;0;0;0;0;0;0;0;0;0;0;0;4248;0;0;132;0;122;0;
16928;5783607;1244880896;21692416;1434796032;0;0;0;0;0;0;0;0;0;0;0;2765;0;0;132;0;122;0;
16929;4005422;1244880896;21692416;1434796032;0;0;0;0;0;0;0;0;0;0;0;2965;0;0;132;0;122;0;
16930;5608929;1244880896;21692416;1434796032;0;0;0;0;0;0;0;0;0;0;0;4739;0;0;132;0;122;0;
16931;3744953;1244880896;21692416;1434796032;0;0;0;0;0;0;0;0;0;0;0;2515;0;0;132;0;122;0;
16932;7280533;1244880896;21692416;1434796032;0;0;0;0;0;0;0;0;0;0;0;3146;0;0;132;0;122;0;
16933;3811538;1244880896;21692416;1434796032;0;0;0;0;0;0;0;0;0;0;0;3606;0;0;132;0;122;0;
16934;5230399;1244880896;21692416;1434796032;0;0;0;0;0;0;0;0;0;0;0;2404;0;0;132;0;122;0;
16935;4205828;1244880896;21692416;1434796032;0;0;0;0;0;0;0;0;0;0;0;3497;0;0;132;0;122;0;
16936;4670629;1244880896;21692416;1434796032;0;0;0;0;0;0;0;0;0;0;0;2114;0;0;132;0;122;0;
16937;3867583;1244880896;21692416;1434796032;0;0;0;0;0;0;0;0;0;0;0;2996;0;0;132;0;122;0;
16938;5508291;1244880896;21692416;1434796032;0;0;0;0;0;0;0;0;0;0;0;2785;0;0;132;0;122;0;
16939;4776558;1244880896;21692416;1434796032;0;0;0;0;0;0;0;0;0;0;0;2916;0;0;132;0;122;0;
16940;6008338;1244880896;21692416;1434796032;0;0;0;0;0;0;0;0;0;0;0;2004;0;0;132;0;122;0;
16941;4283514;1244880896;21692416;1434796032;0;0;0;0;0;0;0;0;0;0;0;3747;0;0;132;0;122;0;
16942;6654049;1244880896;21692416;1434796032;0;0;0;0;0;0;0;0;0;0;0;194655;0;0;132;0;122;0;
16943;3981667;1244880896;21696512;1434800128;0;0;0;0;0;0;0;0;0;0;0;4068;0;0;132;0;122;0;
16944;6287812;1244880896;21696512;1434800128;0;0;0;0;0;0;0;0;0;0;0;2845;0;0;132;0;122;0;
16945;4918243;1244880896;21696512;1434800128;0;0;0;0;0;0;0;0;0;0;0;4348;0;0;132;0;122;0;
16946;6366058;1244880896;21696512;1434800128;0;0;0;0;0;0;0;0;0;0;0;2464;0;0;132;0;122;0;
16947;3769019;1244880896;21696512;1434800128;0;0;0;0;0;0;0;0;0;0;0;2845;0;0;132;0;122;0;
16948;5102318;1244880896;21696512;1434800128;0;0;0;0;0;0;0;0;0;0;0;3236;0;0;132;0;122;0;
16949;6363954;1245011968;21692416;1434796032;0;0;0;0;0;0;0;0;0;0;0;3637;0;0;132;0;122;0;
16950;7846555;1245011968;21692416;1434796032;0;0;0;0;0;0;0;0;0;0;0;2715;0;0;132;0;122;0;
16951;3157582;1245007872;21688320;1434791936;0;0;0;0;0;0;0;0;0;0;0;3426;0;0;132;0;122;0;
16952;6360960;1245007872;21688320;1434791936;0;0;0;0;0;0;0;0;0;0;0;2665;0;0;132;0;122;0;
16953;4829738;1245007872;21688320;1434791936;0;0;0;0;0;0;0;0;0;0;0;3015;0;0;132;0;122;0;
16954;5274902;1245007872;21688320;1434791936;0;0;0;0;0;0;0;0;0;0;0;3176;0;0;132;0;122;0;
16955;6166074;1245007872;21688320;1434791936;0;0;0;0;0;0;0;0;0;0;0;2855;0;0;132;0;122;0;
16956;5275323;1245007872;21688320;1434791936;0;0;0;0;0;0;0;0;0;0;0;2615;0;0;132;0;122;0;
16957;5000508;1245007872;21688320;1434791936;0;0;0;0;0;0;0;0;0;0;0;2445;0;0;132;0;122;0;
16958;5758189;1245007872;21688320;1434791936;0;0;0;0;0;0;0;0;0;0;0;2414;0;0;132;0;122;0;
16959;5333222;1245007872;21688320;1434791936;0;0;0;0;0;0;0;0;0;0;0;3537;0;0;132;0;122;0;
16960;5655747;1245007872;21688320;1434791936;0;0;0;0;0;0;0;0;0;0;0;2384;0;0;132;0;122;0;
16961;4836320;1245007872;21688320;1434791936;0;0;0;0;0;0;0;0;0;0;0;4879;0;0;132;0;122;0;
16962;7291635;1245007872;21688320;1434791936;0;0;0;0;0;0;0;0;0;0;0;2775;0;0;132;0;122;0;
16963;4469271;1245007872;21688320;1434791936;0;0;0;0;0;0;0;0;0;0;0;2755;0;0;132;0;122;0;
16964;7552825;1245007872;21688320;1434791936;0;0;0;0;0;0;0;0;0;0;0;3166;0;0;132;0;122;0;
16965;4968287;1245007872;21688320;1434791936;0;0;0;0;0;0;0;0;0;0;0;3978;0;0;132;0;122;0;
16966;5863737;1245007872;21688320;1434791936;0;0;0;0;0;0;0;0;0;0;0;3887;0;0;132;0;122;0;
16967;5405036;1245007872;21688320;1434791936;0;0;0;0;0;0;0;0;0;0;0;2936;0;0;132;0;122;0;
16968;7385240;1245007872;21688320;1434791936;0;0;0;0;0;0;0;0;0;0;0;3456;0;0;132;0;122;0;
16969;3746045;1245007872;21688320;1434791936;0;0;0;0;0;0;0;0;0;0;0;2705;0;0;132;0;122;0;
16970;6398569;1245007872;21688320;1434791936;0;0;0;0;0;0;0;0;0;0;0;4579;0;0;132;0;122;0;
16971;4049524;1245007872;21688320;1434791936;0;0;0;0;0;0;0;0;0;0;0;3697;0;0;132;0;122;0;
16972;5768428;1245007872;21688320;1434791936;0;0;0;0;0;0;0;0;0;0;0;3146;0;0;132;0;122;0;
16973;4879781;1245007872;21688320;1434791936;0;0;0;0;0;0;0;0;0;0;0;2895;0;0;132;0;122;0;
16974;10718481;1245007872;21688320;1434791936;0;0;0;0;0;0;0;0;0;0;0;2014;0;0;132;0;122;0;
16975;6861267;1245007872;21688320;1434791936;0;0;0;0;0;0;0;0;0;0;0;2895;0;0;132;0;122;0;
16976;6563579;1245007872;21688320;1434791936;0;0;0;0;0;0;0;0;0;0;0;2916;0;0;132;0;122;0;
16977;5899233;1245007872;21688320;1434791936;0;0;0;0;0;0;0;0;0;0;0;4358;0;0;132;0;122;0;
16978;6513325;1245007872;21688320;1434791936;0;0;0;0;0;0;0;0;0;0;0;3156;0;0;132;0;122;0;
16979;5086570;1245007872;21688320;1434791936;0;0;0;0;0;0;0;0;0;0;0;3136;0;0;132;0;122;0;
16980;7284792;1245007872;21688320;1434791936;0;0;0;0;0;0;0;0;0;0;0;3537;0;0;132;0;122;0;
16981;8921091;1245007872;21688320;1434791936;0;0;0;0;0;0;0;0;0;0;0;2866;0;0;132;0;122;0;
16982;6784614;1245007872;21688320;1434791936;0;0;0;0;0;0;0;0;0;0;0;3777;0;0;132;0;122;0;
16983;6132922;1245007872;21688320;1434791936;0;0;0;0;0;0;0;0;0;0;0;3105;0;0;132;0;122;0;
16984;7666848;1245007872;21688320;1434791936;0;0;0;0;0;0;0;0;0;0;0;3496;0;0;132;0;122;0;
16985;4773783;1245007872;21688320;1434791936;0;0;0;0;0;0;0;0;0;0;0;3497;0;0;132;0;122;0;
16986;5704699;1245007872;21688320;1434791936;0;0;0;0;0;0;0;0;0;0;0;2525;0;0;132;0;122;0;
16987;5866331;1245007872;21688320;1434791936;0;0;0;0;0;0;0;0;0;0;0;3096;0;0;132;0;122;0;
16988;6422435;1245007872;21688320;1434791936;0;0;0;0;0;0;0;0;0;0;0;2675;0;0;132;0;122;0;
16989;6477368;1245007872;21688320;1434791936;0;0;0;0;0;0;0;0;0;0;0;3066;0;0;132;0;122;0;
16990;6562357;1245007872;21688320;1434791936;0;0;0;0;0;0;0;0;0;0;0;3076;0;0;132;0;122;0;
16991;5042276;1245007872;21688320;1434791936;0;0;0;0;0;0;0;0;0;0;0;3677;0;0;132;0;122;0;
16992;6824188;1245007872;21688320;1434791936;0;0;0;0;0;0;0;0;0;0;0;3667;0;0;132;0;122;0;
16993;5468606;1245007872;21688320;1434791936;0;0;0;0;0;0;0;0;0;0;0;3527;0;0;132;0;122;0;
16994;7954959;1245007872;21688320;1434791936;0;0;0;0;0;0;0;0;0;0;0;3186;0;0;132;0;122;0;
16995;4545675;1245007872;21688320;1434791936;0;0;0;0;0;0;0;0;0;0;0;3958;0;0;132;0;122;0;
16996;7628686;1245007872;21688320;1434791936;0;0;0;0;0;0;0;0;0;0;0;3406;0;0;132;0;122;0;
16997;5511186;1245007872;21688320;1434791936;0;0;0;0;0;0;0;0;0;0;0;4268;0;0;132;0;122;0;
16998;7064989;1245007872;21688320;1434791936;0;0;0;0;0;0;0;0;0;0;0;3506;0;0;132;0;122;0;
16999;4766409;1245007872;21688320;1434791936;0;0;0;0;0;0;0;0;0;0;0;3377;0;0;132;0;122;0;
17000;7801511;1245007872;21688320;1434791936;0;0;0;0;0;0;0;0;0;0;0;2986;0;0;132;0;122;0;
17001;4272273;1245007872;21688320;1434791936;0;0;0;0;0;0;0;0;0;0;0;3006;0;0;132;0;122;0;
17002;6005903;1245007872;21688320;1434791936;0;0;0;0;0;0;0;0;0;0;0;3517;0;0;132;0;122;0;
17003;4016643;1245007872;21688320;1434791936;0;0;0;0;0;0;0;0;0;0;0;3396;0;0;132;0;122;0;
17004;5898291;1245007872;21688320;1434791936;0;0;0;0;0;0;0;0;0;0;0;3957;0;0;132;0;122;0;
17005;3447244;1245007872;21688320;1434791936;0;0;0;0;0;0;0;0;0;0;0;3286;0;0;132;0;122;0;
17006;6030951;1245007872;21688320;1434791936;0;0;0;0;0;0;0;0;0;0;0;2485;0;0;132;0;122;0;
17007;5509552;1245007872;21688320;1434791936;0;0;0;0;0;0;0;0;0;0;0;3537;0;0;132;0;122;0;
17008;5269342;1245007872;21688320;1434791936;0;0;0;0;0;0;0;0;0;0;0;2294;0;0;132;0;122;0;
17009;4589107;1245007872;21688320;1434791936;0;0;0;0;0;0;0;0;0;0;0;3507;0;0;132;0;122;0;
17010;5099143;1245007872;21688320;1434791936;0;0;0;0;0;0;0;0;0;0;0;2545;0;0;132;0;122;0;
17011;4356800;1245007872;21688320;1434791936;0;0;0;0;0;0;0;0;0;0;0;3747;0;0;132;0;122;0;
17012;5603218;1245007872;21688320;1434791936;0;0;0;0;0;0;0;0;0;0;0;4098;0;0;132;0;122;0;
17013;3394365;1245007872;21688320;1434791936;0;0;0;0;0;0;0;0;0;0;0;4389;0;0;132;0;122;0;
17014;7176799;1245007872;21688320;1434791936;0;0;0;0;0;0;0;0;0;0;0;3567;0;0;132;0;122;0;
17015;3083172;1245007872;21688320;1434791936;0;0;0;0;0;0;0;0;0;0;0;3276;0;0;132;0;122;0;
17016;5978381;1245007872;21688320;1434791936;0;0;0;0;0;0;0;0;0;0;0;4148;0;0;132;0;122;0;
17017;4307769;1245007872;21688320;1434791936;0;0;0;0;0;0;0;0;0;0;0;3006;0;0;132;0;122;0;
17018;5485347;1245007872;21688320;1434791936;0;0;0;0;0;0;0;0;0;0;0;2134;0;0;132;0;122;0;
17019;5866552;1245007872;21688320;1434791936;0;0;0;0;0;0;0;0;0;0;0;2806;0;0;132;0;122;0;
17020;5614229;1245007872;21688320;1434791936;0;0;0;0;0;0;0;0;0;0;0;4088;0;0;132;0;122;0;
17021;5607105;1245007872;21688320;1434791936;0;0;0;0;0;0;0;0;0;0;0;2735;0;0;132;0;122;0;
17022;6517723;1245007872;21688320;1434791936;0;0;0;0;0;0;0;0;0;0;0;3336;0;0;132;0;122;0;
17023;4451288;1245007872;21688320;1434791936;0;0;0;0;0;0;0;0;0;0;0;3206;0;0;132;0;122;0;
17024;7004897;1245007872;21688320;1434791936;0;0;0;0;0;0;0;0;0;0;0;4568;0;0;132;0;122;0;
17025;3876349;1245007872;21688320;1434791936;0;0;0;0;0;0;0;0;0;0;0;3617;0;0;132;0;122;0;
17026;7795169;1245007872;21688320;1434791936;0;0;0;0;0;0;0;0;0;0;0;3858;0;0;132;0;122;0;
17027;4862359;1245007872;21688320;1434791936;0;0;0;0;0;0;0;0;0;0;0;3477;0;0;132;0;122;0;
17028;6917773;1245007872;21688320;1434791936;0;0;0;0;0;0;0;0;0;0;0;2966;0;0;132;0;122;0;
17029;3638353;1245007872;21688320;1434791936;0;0;0;0;0;0;0;0;0;0;0;2806;0;0;132;0;122;0;
17030;5225851;1245007872;21688320;1434791936;0;0;0;0;0;0;0;0;0;0;0;2766;0;0;132;0;122;0;
17031;4178796;1245007872;21688320;1434791936;0;0;0;0;0;0;0;0;0;0;0;2996;0;0;132;0;122;0;
17032;5494925;1245007872;21688320;1434791936;0;0;0;0;0;0;0;0;0;0;0;2495;0;0;132;0;122;0;
17033;4987443;1245007872;21688320;1434791936;0;0;0;0;0;0;0;0;0;0;0;3296;0;0;132;0;122;0;
17034;6351742;1245007872;21688320;1434791936;0;0;0;0;0;0;0;0;0;0;0;4168;0;0;132;0;122;0;
17035;3997647;1245007872;21688320;1434791936;0;0;0;0;0;0;0;0;0;0;0;3697;0;0;132;0;122;0;
17036;6480925;1245007872;21688320;1434791936;0;0;0;0;0;0;0;0;0;0;0;2685;0;0;132;0;122;0;
17037;4048783;1245007872;21688320;1434791936;0;0;0;0;0;0;0;0;0;0;0;2905;0;0;132;0;122;0;
17038;6704844;1245007872;21688320;1434791936;0;0;0;0;0;0;0;0;0;0;0;3206;0;0;132;0;122;0;
17039;4775446;1245007872;21688320;1434791936;0;0;0;0;0;0;0;0;0;0;0;2765;0;0;132;0;122;0;
17040;5822008;1245007872;21688320;1434791936;0;0;0;0;0;0;0;0;0;0;0;3427;0;0;132;0;122;0;
17041;3931864;1245007872;21688320;1434791936;0;0;0;0;0;0;0;0;0;0;0;3146;0;0;132;0;122;0;
17042;7416328;1245007872;21688320;1434791936;0;0;0;0;0;0;0;0;0;0;0;2886;0;0;132;0;122;0;
17043;4652295;1245007872;21688320;1434791936;0;0;0;0;0;0;0;0;0;0;0;3527;0;0;132;0;122;0;
17044;6283855;1245007872;21688320;1434791936;0;0;0;0;0;0;0;0;0;0;0;3306;0;0;132;0;122;0;
17045;4631456;1245007872;21688320;1434791936;0;0;0;0;0;0;0;0;0;0;0;3727;0;0;132;0;122;0;
17046;6088759;1245007872;21688320;1434791936;0;0;0;0;0;0;0;0;0;0;0;3446;0;0;132;0;122;0;
17047;3926153;1245007872;21688320;1434791936;0;0;0;0;0;0;0;0;0;0;0;3145;0;0;132;0;122;0;
17048;5215721;1245007872;21688320;1434791936;0;0;0;0;0;0;0;0;0;0;0;5039;0;0;132;0;122;0;
17049;4428154;1245007872;21688320;1434791936;0;0;0;0;0;0;0;0;0;0;0;3266;0;0;132;0;122;0;
17050;5224919;1245007872;21688320;1434791936;0;0;0;0;0;0;0;0;0;0;0;2926;0;0;132;0;122;0;
17051;4632558;1245007872;21688320;1434791936;0;0;0;0;0;0;0;0;0;0;0;3557;0;0;132;0;122;0;
17052;6547068;1245007872;21688320;1434791936;0;0;0;0;0;0;0;0;0;0;0;3607;0;0;132;0;122;0;
17053;5249645;1245007872;21688320;1434791936;0;0;0;0;0;0;0;0;0;0;0;5931;0;0;132;0;122;0;
17054;6311316;1245007872;21688320;1434791936;0;0;0;0;0;0;0;0;0;0;0;3046;0;0;132;0;122;0;
17055;4314882;1245007872;21688320;1434791936;0;0;0;0;0;0;0;0;0;0;0;3015;0;0;132;0;122;0;
17056;6829678;1245007872;21688320;1434791936;0;0;0;0;0;0;0;0;0;0;0;3287;0;0;132;0;122;0;
17057;4536417;1245007872;21688320;1434791936;0;0;0;0;0;0;0;0;0;0;0;2945;0;0;132;0;122;0;
17058;5016367;1245007872;21688320;1434791936;0;0;0;0;0;0;0;0;0;0;0;2434;0;0;132;0;122;0;
17059;5488172;1245007872;21688320;1434791936;0;0;0;0;0;0;0;0;0;0;0;3066;0;0;132;0;122;0;
17060;4656213;1245007872;21688320;1434791936;0;0;0;0;0;0;0;0;0;0;0;2825;0;0;132;0;122;0;
17061;7040744;1245007872;21688320;1434791936;0;0;0;0;0;0;0;0;0;0;0;3536;0;0;132;0;122;0;
17062;6451469;1245007872;21688320;1434791936;0;0;0;0;0;0;0;0;0;0;0;2676;0;0;132;0;122;0;
17063;5647591;1245007872;21688320;1434791936;0;0;0;0;0;0;0;0;0;0;0;3787;0;0;132;0;122;0;
17064;6318540;1245007872;21688320;1434791936;0;0;0;0;0;0;0;0;0;0;0;2765;0;0;132;0;122;0;
17065;4544332;1245007872;21688320;1434791936;0;0;0;0;0;0;0;0;0;0;0;3556;0;0;132;0;122;0;
17066;5974775;1245007872;21688320;1434791936;0;0;0;0;0;0;0;0;0;0;0;3066;0;0;132;0;122;0;
17067;5268621;1245007872;21688320;1434791936;0;0;0;0;0;0;0;0;0;0;0;3867;0;0;132;0;122;0;
17068;6834387;1245007872;21688320;1434791936;0;0;0;0;0;0;0;0;0;0;0;3347;0;0;132;0;122;0;
17069;4527711;1245007872;21688320;1434791936;0;0;0;0;0;0;0;0;0;0;0;3567;0;0;132;0;122;0;
17070;6939474;1245007872;21688320;1434791936;0;0;0;0;0;0;0;0;0;0;0;4097;0;0;132;0;122;0;
17071;3704086;1245007872;21688320;1434791936;0;0;0;0;0;0;0;0;0;0;0;3346;0;0;132;0;122;0;
17072;6918545;1245007872;21688320;1434791936;0;0;0;0;0;0;0;0;0;0;0;3627;0;0;132;0;122;0;
17073;4141778;1245007872;21688320;1434791936;0;0;0;0;0;0;0;0;0;0;0;3206;0;0;132;0;122;0;
17074;8555655;1245007872;21688320;1434791936;0;0;0;0;0;0;0;0;0;0;0;3266;0;0;132;0;122;0;
17075;3122766;1245007872;21688320;1434791936;0;0;0;0;0;0;0;0;0;0;0;3116;0;0;132;0;122;0;
17076;5641119;1245007872;21688320;1434791936;0;0;0;0;0;0;0;0;0;0;0;3497;0;0;132;0;122;0;
17077;4270268;1245007872;21688320;1434791936;0;0;0;0;0;0;0;0;0;0;0;3035;0;0;132;0;122;0;
17078;5586878;1245007872;21688320;1434791936;0;0;0;0;0;0;0;0;0;0;0;3827;0;0;132;0;122;0;
17079;4690667;1245007872;21688320;1434791936;0;0;0;0;0;0;0;0;0;0;0;3126;0;0;132;0;122;0;
17080;5040142;1245007872;21688320;1434791936;0;0;0;0;0;0;0;0;0;0;0;2304;0;0;132;0;122;0;
17081;6621989;1245007872;21688320;1434791936;0;0;0;0;0;0;0;0;0;0;0;3346;0;0;132;0;122;0;
17082;6007376;1245007872;21688320;1434791936;0;0;0;0;0;0;0;0;0;0;0;2455;0;0;132;0;122;0;
17083;5137976;1245007872;21688320;1434791936;0;0;0;0;0;0;0;0;0;0;0;3386;0;0;132;0;122;0;
17084;7186086;1245007872;21688320;1434791936;0;0;0;0;0;0;0;0;0;0;0;3616;0;0;132;0;122;0;
17085;6688984;1245007872;21688320;1434791936;0;0;0;0;0;0;0;0;0;0;0;3446;0;0;132;0;122;0;
17086;6314482;1245007872;21688320;1434791936;0;0;0;0;0;0;0;0;0;0;0;4217;0;0;132;0;122;0;
17087;4592153;1245007872;21688320;1434791936;0;0;0;0;0;0;0;0;0;0;0;4038;0;0;132;0;122;0;
17088;8277484;1245007872;21688320;1434791936;0;0;0;0;0;0;0;0;0;0;0;3426;0;0;132;0;122;0;
17089;4057088;1245007872;21688320;1434791936;0;0;0;0;0;0;0;0;0;0;0;3937;0;0;132;0;122;0;
17090;6853222;1245007872;21688320;1434791936;0;0;0;0;0;0;0;0;0;0;0;5520;0;0;132;0;122;0;
17091;4131097;1245007872;21688320;1434791936;0;0;0;0;0;0;0;0;0;0;0;3105;0;0;132;0;122;0;
17092;9380321;1245007872;21688320;1434791936;0;0;0;0;0;0;0;0;0;0;0;3967;0;0;132;0;122;0;
17093;3160678;1245007872;21688320;1434791936;0;0;0;0;0;0;0;0;0;0;0;3647;0;0;132;0;122;0;
17094;7921265;1245007872;21688320;1434791936;0;0;0;0;0;0;0;0;0;0;0;4539;0;0;132;0;122;0;
17095;3702253;1245007872;21688320;1434791936;0;0;0;0;0;0;0;0;0;0;0;3256;0;0;132;0;122;0;
17096;7416539;1245007872;21688320;1434791936;0;0;0;0;0;0;0;0;0;0;0;3046;0;0;132;0;122;0;
17097;4005882;1245007872;21688320;1434791936;0;0;0;0;0;0;0;0;0;0;0;3125;0;0;132;0;122;0;
17098;6126810;1245007872;21688320;1434791936;0;0;0;0;0;0;0;0;0;0;0;3426;0;0;132;0;122;0;
17099;4775987;1245007872;21688320;1434791936;0;0;0;0;0;0;0;0;0;0;0;3627;0;0;132;0;122;0;
17100;5841575;1245007872;21688320;1434791936;0;0;0;0;0;0;0;0;0;0;0;2816;0;0;132;0;122;0;
17101;5516746;1245007872;21688320;1434791936;0;0;0;0;0;0;0;0;0;0;0;2515;0;0;132;0;122;0;
17102;5607747;1245007872;21688320;1434791936;0;0;0;0;0;0;0;0;0;0;0;2535;0;0;132;0;122;0;
17103;4622098;1245007872;21688320;1434791936;0;0;0;0;0;0;0;0;0;0;0;3076;0;0;132;0;122;0;
17104;7250548;1245007872;21688320;1434791936;0;0;0;0;0;0;0;0;0;0;0;3086;0;0;132;0;122;0;
17105;4434136;1245007872;21688320;1434791936;0;0;0;0;0;0;0;0;0;0;0;3436;0;0;132;0;122;0;
17106;5695962;1245007872;21688320;1434791936;0;0;0;0;0;0;0;0;0;0;0;3346;0;0;132;0;122;0;
17107;4761810;1245007872;21688320;1434791936;0;0;0;0;0;0;0;0;0;0;0;3196;0;0;132;0;122;0;
17108;5473985;1245007872;21688320;1434791936;0;0;0;0;0;0;0;0;0;0;0;2685;0;0;132;0;122;0;
17109;5157483;1245007872;21688320;1434791936;0;0;0;0;0;0;0;0;0;0;0;4218;0;0;132;0;122;0;
17110;6099999;1245007872;21688320;1434791936;0;0;0;0;0;0;0;0;0;0;0;3016;0;0;132;0;122;0;
17111;5067423;1245007872;21688320;1434791936;0;0;0;0;0;0;0;0;0;0;0;4248;0;0;132;0;122;0;
17112;5245758;1245007872;21688320;1434791936;0;0;0;0;0;0;0;0;0;0;0;2975;0;0;132;0;122;0;
17113;3838879;1245007872;21688320;1434791936;0;0;0;0;0;0;0;0;0;0;0;2825;0;0;132;0;122;0;
17114;6265470;1245007872;21688320;1434791936;0;0;0;0;0;0;0;0;0;0;0;3676;0;0;132;0;122;0;
17115;3271947;1245007872;21688320;1434791936;0;0;0;0;0;0;0;0;0;0;0;3166;0;0;132;0;122;0;
17116;6040989;1245007872;21688320;1434791936;0;0;0;0;0;0;0;0;0;0;0;4037;0;0;132;0;122;0;
17117;4090141;1245007872;21688320;1434791936;0;0;0;0;0;0;0;0;0;0;0;3146;0;0;132;0;122;0;
17118;6131118;1245007872;21688320;1434791936;0;0;0;0;0;0;0;0;0;0;0;3006;0;0;132;0;122;0;
17119;2743284;1245007872;21688320;1434791936;0;0;0;0;0;0;0;0;0;0;0;3126;0;0;132;0;122;0;
17120;5887602;1245007872;21688320;1434791936;0;0;0;0;0;0;0;0;0;0;0;2154;0;0;132;0;122;0;
17121;3917577;1245007872;21688320;1434791936;0;0;0;0;0;0;0;0;0;0;0;3357;0;0;132;0;122;0;
17122;5247682;1245007872;21688320;1434791936;0;0;0;0;0;0;0;0;0;0;0;2795;0;0;132;0;122;0;
17123;4304392;1245007872;21688320;1434791936;0;0;0;0;0;0;0;0;0;0;0;2665;0;0;132;0;122;0;
17124;4734629;1245007872;21688320;1434791936;0;0;0;0;0;0;0;0;0;0;0;2906;0;0;132;0;122;0;
17125;4859143;1245007872;21688320;1434791936;0;0;0;0;0;0;0;0;0;0;0;2835;0;0;132;0;122;0;
17126;4593284;1245007872;21688320;1434791936;0;0;0;0;0;0;0;0;0;0;0;1834;0;0;132;0;122;0;
17127;4119545;1245007872;21688320;1434791936;0;0;0;0;0;0;0;0;0;0;0;2876;0;0;132;0;122;0;
17128;4720222;1245007872;21688320;1434791936;0;0;0;0;0;0;0;0;0;0;0;2565;0;0;132;0;122;0;
17129;3653111;1245007872;21688320;1434791936;0;0;0;0;0;0;0;0;0;0;0;4188;0;0;132;0;122;0;
17130;5526484;1245007872;21688320;1434791936;0;0;0;0;0;0;0;0;0;0;0;2625;0;0;132;0;122;0;
17131;4739769;1245007872;21688320;1434791936;0;0;0;0;0;0;0;0;0;0;0;2625;0;0;132;0;122;0;
17132;6482367;1245007872;21688320;1434791936;0;0;0;0;0;0;0;0;0;0;0;4178;0;0;132;0;122;0;
17133;5317442;1245007872;21688320;1434791936;0;0;0;0;0;0;0;0;0;0;0;2605;0;0;132;0;122;0;
17134;5986397;1245007872;21688320;1434791936;0;0;0;0;0;0;0;0;0;0;0;2926;0;0;132;0;122;0;
17135;4288222;1245007872;21688320;1434791936;0;0;0;0;0;0;0;0;0;0;0;3196;0;0;132;0;122;0;
17136;6311686;1245007872;21688320;1434791936;0;0;0;0;0;0;0;0;0;0;0;2976;0;0;132;0;122;0;
17137;5271836;1245007872;21688320;1434791936;0;0;0;0;0;0;0;0;0;0;0;3887;0;0;132;0;122;0;
17138;5042917;1245007872;21688320;1434791936;0;0;0;0;0;0;0;0;0;0;0;3487;0;0;132;0;122;0;
17139;4862649;1245007872;21688320;1434791936;0;0;0;0;0;0;0;0;0;0;0;3226;0;0;132;0;122;0;
17140;5203208;1245007872;21688320;1434791936;0;0;0;0;0;0;0;0;0;0;0;1854;0;0;132;0;122;0;
17141;5698567;1245007872;21688320;1434791936;0;0;0;0;0;0;0;0;0;0;0;3486;0;0;132;0;122;0;
17142;5882051;1245007872;21688320;1434791936;0;0;0;0;0;0;0;0;0;0;0;2785;0;0;132;0;122;0;
17143;4640543;1245007872;21688320;1434791936;0;0;0;0;0;0;0;0;0;0;0;3356;0;0;132;0;122;0;
17144;5901578;1245007872;21688320;1434791936;0;0;0;0;0;0;0;0;0;0;0;2104;0;0;132;0;122;0;
17145;5753330;1245007872;21688320;1434791936;0;0;0;0;0;0;0;0;0;0;0;3357;0;0;132;0;122;0;
17146;5630539;1245007872;21688320;1434791936;0;0;0;0;0;0;0;0;0;0;0;2264;0;0;132;0;122;0;
17147;3626140;1245007872;21688320;1434791936;0;0;0;0;0;0;0;0;0;0;0;3095;0;0;132;0;122;0;
17148;5429552;1245007872;21688320;1434791936;0;0;0;0;0;0;0;0;0;0;0;2204;0;0;132;0;122;0;
17149;4329840;1245007872;21688320;1434791936;0;0;0;0;0;0;0;0;0;0;0;3507;0;0;132;0;122;0;
17150;5297645;1245007872;21688320;1434791936;0;0;0;0;0;0;0;0;0;0;0;2274;0;0;132;0;122;0;
17151;4849896;1245007872;21688320;1434791936;0;0;0;0;0;0;0;0;0;0;0;2825;0;0;132;0;122;0;
17152;5081479;1245007872;21688320;1434791936;0;0;0;0;0;0;0;0;0;0;0;2745;0;0;132;0;122;0;
17153;4624994;1245007872;21688320;1434791936;0;0;0;0;0;0;0;0;0;0;0;3296;0;0;132;0;122;0;
17154;7896549;1245007872;21688320;1434791936;0;0;0;0;0;0;0;0;0;0;0;1884;0;0;132;0;122;0;
17155;12038196;1248989184;21688320;1434791936;0;0;0;0;0;0;0;0;0;0;0;2524;0;0;133;0;122;0;
17156;6718830;1248989184;21688320;1434791936;0;0;0;0;0;0;0;0;0;0;0;2755;0;0;133;0;122;0;
17157;3389055;1248989184;21688320;1434791936;0;0;0;0;0;0;0;0;0;0;0;2695;0;0;133;0;122;0;
17158;5550139;1248989184;21688320;1434791936;0;0;0;0;0;0;0;0;0;0;0;2234;0;0;133;0;122;0;
17159;4048513;1248989184;21688320;1434791936;0;0;0;0;0;0;0;0;0;0;0;2565;0;0;133;0;122;0;
17160;4582954;1248989184;21688320;1434791936;0;0;0;0;0;0;0;0;0;0;0;1954;0;0;133;0;122;0;
17161;4480072;1248989184;21688320;1434791936;0;0;0;0;0;0;0;0;0;0;0;3377;0;0;133;0;122;0;
17162;5657340;1248989184;21688320;1434791936;0;0;0;0;0;0;0;0;0;0;0;1913;0;0;133;0;122;0;
17163;4776318;1248989184;21688320;1434791936;0;0;0;0;0;0;0;0;0;0;0;2815;0;0;133;0;122;0;
17164;5373126;1248989184;21688320;1434791936;0;0;0;0;0;0;0;0;0;0;0;1864;0;0;133;0;122;0;
17165;4333557;1248989184;21688320;1434791936;0;0;0;0;0;0;0;0;0;0;0;2835;0;0;133;0;122;0;
17166;4848894;1248989184;21688320;1434791936;0;0;0;0;0;0;0;0;0;0;0;1953;0;0;133;0;122;0;
17167;3410976;1248989184;21688320;1434791936;0;0;0;0;0;0;0;0;0;0;0;2915;0;0;133;0;122;0;
17168;5650126;1248989184;21688320;1434791936;0;0;0;0;0;0;0;0;0;0;0;2565;0;0;133;0;122;0;
17169;2858461;1248989184;21688320;1434791936;0;0;0;0;0;0;0;0;0;0;0;3407;0;0;133;0;122;0;
17170;6007255;1248989184;21688320;1434791936;0;0;0;0;0;0;0;0;0;0;0;3897;0;0;133;0;122;0;
17171;3385459;1248989184;21688320;1434791936;0;0;0;0;0;0;0;0;0;0;0;3687;0;0;133;0;122;0;
17172;5579944;1248989184;21688320;1434791936;0;0;0;0;0;0;0;0;0;0;0;2585;0;0;133;0;122;0;
17173;3937514;1248989184;21688320;1434791936;0;0;0;0;0;0;0;0;0;0;0;2635;0;0;133;0;122;0;
17174;5593279;1248989184;21688320;1434791936;0;0;0;0;0;0;0;0;0;0;0;3166;0;0;133;0;122;0;
17175;3355002;1248989184;21688320;1434791936;0;0;0;0;0;0;0;0;0;0;0;2815;0;0;133;0;122;0;
17176;6735983;1248989184;21688320;1434791936;0;0;0;0;0;0;0;0;0;0;0;3646;0;0;133;0;122;0;
17177;3891749;1248989184;21688320;1434791936;0;0;0;0;0;0;0;0;0;0;0;3317;0;0;133;0;122;0;
17178;4884650;1248989184;21688320;1434791936;0;0;0;0;0;0;0;0;0;0;0;3066;0;0;133;0;122;0;
17179;3928227;1248989184;21688320;1434791936;0;0;0;0;0;0;0;0;0;0;0;2625;0;0;133;0;122;0;
17180;6138602;1248989184;21688320;1434791936;0;0;0;0;0;0;0;0;0;0;0;3346;0;0;133;0;122;0;
17181;3790158;1248989184;21688320;1434791936;0;0;0;0;0;0;0;0;0;0;0;3226;0;0;133;0;122;0;
17182;6457210;1248989184;21688320;1434791936;0;0;0;0;0;0;0;0;0;0;0;3196;0;0;133;0;122;0;
17183;5495255;1248989184;21688320;1434791936;0;0;0;0;0;0;0;0;0;0;0;2585;0;0;133;0;122;0;
17184;6690868;1248989184;21688320;1434791936;0;0;0;0;0;0;0;0;0;0;0;3296;0;0;133;0;122;0;
17185;5263331;1248989184;21688320;1434791936;0;0;0;0;0;0;0;0;0;0;0;3446;0;0;133;0;122;0;
17186;5576669;1248989184;21688320;1434791936;0;0;0;0;0;0;0;0;0;0;0;2444;0;0;133;0;122;0;
17187;4406814;1248989184;21688320;1434791936;0;0;0;0;0;0;0;0;0;0;0;3467;0;0;133;0;122;0;
17188;5375842;1248989184;21688320;1434791936;0;0;0;0;0;0;0;0;0;0;0;1903;0;0;133;0;122;0;
17189;4328558;1248989184;21688320;1434791936;0;0;0;0;0;0;0;0;0;0;0;3126;0;0;133;0;122;0;
17190;5017880;1248989184;21688320;1434791936;0;0;0;0;0;0;0;0;0;0;0;2194;0;0;133;0;122;0;
17191;3854449;1248989184;21688320;1434791936;0;0;0;0;0;0;0;0;0;0;0;2775;0;0;133;0;122;0;
17192;4665179;1248989184;21688320;1434791936;0;0;0;0;0;0;0;0;0;0;0;1773;0;0;133;0;122;0;
17193;4326013;1248989184;21688320;1434791936;0;0;0;0;0;0;0;0;0;0;0;2906;0;0;133;0;122;0;
17194;4705535;1248989184;21688320;1434791936;0;0;0;0;0;0;0;0;0;0;0;1904;0;0;133;0;122;0;
17195;3404415;1248989184;21688320;1434791936;0;0;0;0;0;0;0;0;0;0;0;2755;0;0;133;0;122;0;
17196;4438313;1248989184;21688320;1434791936;0;0;0;0;0;0;0;0;0;0;0;1683;0;0;133;0;122;0;
17197;3670654;1248989184;21688320;1434791936;0;0;0;0;0;0;0;0;0;0;0;3206;0;0;133;0;122;0;
17198;6081094;1248989184;21688320;1434791936;0;0;0;0;0;0;0;0;0;0;0;2825;0;0;133;0;122;0;
17199;4614414;1248989184;21688320;1434791936;0;0;0;0;0;0;0;0;0;0;0;4738;0;0;133;0;122;0;
17200;4696377;1248989184;21688320;1434791936;0;0;0;0;0;0;0;0;0;0;0;2214;0;0;133;0;122;0;
17201;4490462;1248989184;21688320;1434791936;0;0;0;0;0;0;0;0;0;0;0;3897;0;0;133;0;122;0;
17202;4786617;1248989184;21688320;1434791936;0;0;0;0;0;0;0;0;0;0;0;2184;0;0;133;0;122;0;
17203;5373868;1248989184;21688320;1434791936;0;0;0;0;0;0;0;0;0;0;0;3126;0;0;133;0;122;0;
17204;4760949;1248989184;21688320;1434791936;0;0;0;0;0;0;0;0;0;0;0;2014;0;0;133;0;122;0;
17205;4822134;1248989184;21688320;1434791936;0;0;0;0;0;0;0;0;0;0;0;3206;0;0;133;0;122;0;
17206;5323764;1248989184;21688320;1434791936;0;0;0;0;0;0;0;0;0;0;0;1874;0;0;133;0;122;0;
17207;3986005;1248989184;21688320;1434791936;0;0;0;0;0;0;0;0;0;0;0;3086;0;0;133;0;122;0;
17208;5915834;1248989184;21688320;1434791936;0;0;0;0;0;0;0;0;0;0;0;1683;0;0;133;0;122;0;
17209;3750203;1248989184;21688320;1434791936;0;0;0;0;0;0;0;0;0;0;0;2564;0;0;133;0;122;0;
17210;5059058;1248989184;21688320;1434791936;0;0;0;0;0;0;0;0;0;0;0;2234;0;0;133;0;122;0;
17211;5165137;1248989184;21688320;1434791936;0;0;0;0;0;0;0;0;0;0;0;3496;0;0;133;0;122;0;
17212;4902805;1248989184;21688320;1434791936;0;0;0;0;0;0;0;0;0;0;0;1974;0;0;133;0;122;0;
17213;5020025;1248989184;21688320;1434791936;0;0;0;0;0;0;0;0;0;0;0;3477;0;0;133;0;122;0;
17214;5343431;1248989184;21688320;1434791936;0;0;0;0;0;0;0;0;0;0;0;1944;0;0;133;0;122;0;
17215;3999731;1248989184;21688320;1434791936;0;0;0;0;0;0;0;0;0;0;0;2465;0;0;133;0;122;0;
17216;5907859;1248989184;21688320;1434791936;0;0;0;0;0;0;0;0;0;0;0;3377;0;0;133;0;122;0;
17217;4098366;1248989184;21688320;1434791936;0;0;0;0;0;0;0;0;0;0;0;3737;0;0;133;0;122;0;
17218;5376763;1248989184;21688320;1434791936;0;0;0;0;0;0;0;0;0;0;0;3146;0;0;133;0;122;0;
17219;4091764;1248989184;21688320;1434791936;0;0;0;0;0;0;0;0;0;0;0;3136;0;0;133;0;122;0;
17220;6069924;1248989184;21688320;1434791936;0;0;0;0;0;0;0;0;0;0;0;3136;0;0;133;0;122;0;
17221;2903656;1248989184;21688320;1434791936;0;0;0;0;0;0;0;0;0;0;0;2895;0;0;133;0;122;0;
17222;6056018;1248989184;21688320;1434791936;0;0;0;0;0;0;0;0;0;0;0;4098;0;0;133;0;122;0;
17223;3625820;1248989184;21688320;1434791936;0;0;0;0;0;0;0;0;0;0;0;3376;0;0;133;0;122;0;
17224;6204927;1248989184;21688320;1434791936;0;0;0;0;0;0;0;0;0;0;0;3176;0;0;133;0;122;0;
17225;3621932;1248989184;21688320;1434791936;0;0;0;0;0;0;0;0;0;0;0;3176;0;0;133;0;122;0;
17226;5317072;1248989184;21688320;1434791936;0;0;0;0;0;0;0;0;0;0;0;2425;0;0;133;0;122;0;
17227;3570606;1248989184;21688320;1434791936;0;0;0;0;0;0;0;0;0;0;0;2925;0;0;133;0;122;0;
17228;5691464;1248989184;21688320;1434791936;0;0;0;0;0;0;0;0;0;0;0;2415;0;0;133;0;122;0;
17229;5251479;1248989184;21688320;1434791936;0;0;0;0;0;0;0;0;0;0;0;3437;0;0;133;0;122;0;
17230;5099995;1248989184;21688320;1434791936;0;0;0;0;0;0;0;0;0;0;0;2215;0;0;133;0;122;0;
17231;4468901;1248989184;21688320;1434791936;0;0;0;0;0;0;0;0;0;0;0;2885;0;0;133;0;122;0;
17232;5883805;1248989184;21688320;1434791936;0;0;0;0;0;0;0;0;0;0;0;2324;0;0;133;0;122;0;
17233;3748691;1248989184;21688320;1434791936;0;0;0;0;0;0;0;0;0;0;0;3546;0;0;133;0;122;0;
17234;5944087;1248989184;21688320;1434791936;0;0;0;0;0;0;0;0;0;0;0;2295;0;0;133;0;122;0;
17235;4121269;1248989184;21688320;1434791936;0;0;0;0;0;0;0;0;0;0;0;3777;0;0;133;0;122;0;
17236;5285582;1248989184;21688320;1434791936;0;0;0;0;0;0;0;0;0;0;0;1843;0;0;133;0;122;0;
17237;6326315;1248989184;21688320;1434791936;0;0;0;0;0;0;0;0;0;0;0;2886;0;0;133;0;122;0;
17238;5843980;1248989184;21688320;1434791936;0;0;0;0;0;0;0;0;0;0;0;2625;0;0;133;0;122;0;
17239;4147408;1248989184;21688320;1434791936;0;0;0;0;0;0;0;0;0;0;0;3396;0;0;133;0;122;0;
17240;6220486;1248989184;21688320;1434791936;0;0;0;0;0;0;0;0;0;0;0;2625;0;0;133;0;122;0;
17241;4366700;1248989184;21688320;1434791936;0;0;0;0;0;0;0;0;0;0;0;3507;0;0;133;0;122;0;
17242;5955639;1248989184;21688320;1434791936;0;0;0;0;0;0;0;0;0;0;0;2845;0;0;133;0;122;0;
17243;4376016;1248989184;21688320;1434791936;0;0;0;0;0;0;0;0;0;0;0;3095;0;0;133;0;122;0;
17244;5520703;1248989184;21688320;1434791936;0;0;0;0;0;0;0;0;0;0;0;3236;0;0;133;0;122;0;
17245;4077126;1248989184;21688320;1434791936;0;0;0;0;0;0;0;0;0;0;0;3266;0;0;133;0;122;0;
17246;6080323;1248989184;21688320;1434791936;0;0;0;0;0;0;0;0;0;0;0;3296;0;0;133;0;122;0;
17247;3184201;1248989184;21688320;1434791936;0;0;0;0;0;0;0;0;0;0;0;2855;0;0;133;0;122;0;
17248;5416337;1248989184;21688320;1434791936;0;0;0;0;0;0;0;0;0;0;0;2976;0;0;133;0;122;0;
17249;3143295;1248989184;21688320;1434791936;0;0;0;0;0;0;0;0;0;0;0;2585;0;0;133;0;122;0;
17250;5190324;1248989184;21688320;1434791936;0;0;0;0;0;0;0;0;0;0;0;3005;0;0;133;0;122;0;
17251;3700430;1248989184;21688320;1434791936;0;0;0;0;0;0;0;0;0;0;0;3086;0;0;133;0;122;0;
17252;5656928;1248989184;21688320;1434791936;0;0;0;0;0;0;0;0;0;0;0;1793;0;0;133;0;122;0;
17253;4524044;1248989184;21688320;1434791936;0;0;0;0;0;0;0;0;0;0;0;3106;0;0;133;0;122;0;
17254;5422960;1248989184;21688320;1434791936;0;0;0;0;0;0;0;0;0;0;0;3036;0;0;133;0;122;0;
17255;3994421;1248989184;21688320;1434791936;0;0;0;0;0;0;0;0;0;0;0;3457;0;0;133;0;122;0;
17256;5913399;1248989184;21688320;1434791936;0;0;0;0;0;0;0;0;0;0;0;1863;0;0;133;0;122;0;
17257;3482812;1248989184;21688320;1434791936;0;0;0;0;0;0;0;0;0;0;0;3256;0;0;133;0;122;0;
17258;4578025;1248989184;21688320;1434791936;0;0;0;0;0;0;0;0;0;0;0;2414;0;0;133;0;122;0;
17259;5510384;1248989184;21688320;1434791936;0;0;0;0;0;0;0;0;0;0;0;2875;0;0;133;0;122;0;
17260;4714962;1248989184;21688320;1434791936;0;0;0;0;0;0;0;0;0;0;0;2655;0;0;133;0;122;0;
17261;4780706;1248989184;21688320;1434791936;0;0;0;0;0;0;0;0;0;0;0;3136;0;0;133;0;122;0;
17262;5294269;1248989184;21688320;1434791936;0;0;0;0;0;0;0;0;0;0;0;2315;0;0;133;0;122;0;
17263;4407455;1248989184;21688320;1434791936;0;0;0;0;0;0;0;0;0;0;0;3346;0;0;133;0;122;0;
17264;5457105;1248989184;21688320;1434791936;0;0;0;0;0;0;0;0;0;0;0;2806;0;0;133;0;122;0;
17265;4099749;1248989184;21688320;1434791936;0;0;0;0;0;0;0;0;0;0;0;3517;0;0;133;0;122;0;
17266;6071536;1248989184;21688320;1434791936;0;0;0;0;0;0;0;0;0;0;0;2805;0;0;133;0;122;0;
17267;3718754;1248989184;21688320;1434791936;0;0;0;0;0;0;0;0;0;0;0;3516;0;0;133;0;122;0;
17268;6064513;1248989184;21688320;1434791936;0;0;0;0;0;0;0;0;0;0;0;3056;0;0;133;0;122;0;
17269;5117498;1248989184;21688320;1434791936;0;0;0;0;0;0;0;0;0;0;0;3737;0;0;133;0;122;0;
17270;4822354;1248989184;21688320;1434791936;0;0;0;0;0;0;0;0;0;0;0;2806;0;0;133;0;122;0;
17271;5367036;1248989184;21688320;1434791936;0;0;0;0;0;0;0;0;0;0;0;4218;0;0;133;0;122;0;
17272;4718900;1248989184;21688320;1434791936;0;0;0;0;0;0;0;0;0;0;0;2474;0;0;133;0;122;0;
17273;4376658;1248989184;21688320;1434791936;0;0;0;0;0;0;0;0;0;0;0;3627;0;0;133;0;122;0;
17274;5078835;1248989184;21688320;1434791936;0;0;0;0;0;0;0;0;0;0;0;2314;0;0;133;0;122;0;
17275;5315719;1248989184;21688320;1434791936;0;0;0;0;0;0;0;0;0;0;0;3417;0;0;133;0;122;0;
17276;5124270;1248989184;21688320;1434791936;0;0;0;0;0;0;0;0;0;0;0;2284;0;0;133;0;122;0;
17277;3559886;1248989184;21688320;1434791936;0;0;0;0;0;0;0;0;0;0;0;3847;0;0;133;0;122;0;
17278;6282813;1248989184;21688320;1434791936;0;0;0;0;0;0;0;0;0;0;0;3076;0;0;133;0;122;0;
17279;3779138;1248989184;21688320;1434791936;0;0;0;0;0;0;0;0;0;0;0;3306;0;0;133;0;122;0;
17280;5263291;1248989184;21688320;1434791936;0;0;0;0;0;0;0;0;0;0;0;2043;0;0;133;0;122;0;
17281;4203373;1248989184;21688320;1434791936;0;0;0;0;0;0;0;0;0;0;0;3356;0;0;133;0;122;0;
17282;4411794;1248989184;21688320;1434791936;0;0;0;0;0;0;0;0;0;0;0;2455;0;0;133;0;122;0;
17283;4947207;1248989184;21688320;1434791936;0;0;0;0;0;0;0;0;0;0;0;3346;0;0;133;0;122;0;
17284;5184863;1248989184;21688320;1434791936;0;0;0;0;0;0;0;0;0;0;0;2986;0;0;133;0;122;0;
17285;3309848;1248989184;21688320;1434791936;0;0;0;0;0;0;0;0;0;0;0;3055;0;0;133;0;122;0;
17286;4967546;1248989184;21688320;1434791936;0;0;0;0;0;0;0;0;0;0;0;3176;0;0;133;0;122;0;
17287;3654023;1248989184;21688320;1434791936;0;0;0;0;0;0;0;0;0;0;0;3427;0;0;133;0;122;0;
17288;6805312;1248989184;21688320;1434791936;0;0;0;0;0;0;0;0;0;0;0;2916;0;0;133;0;122;0;
17289;4468390;1248989184;21688320;1434791936;0;0;0;0;0;0;0;0;0;0;0;3296;0;0;133;0;122;0;
17290;5891048;1248989184;21688320;1434791936;0;0;0;0;0;0;0;0;0;0;0;3296;0;0;133;0;122;0;
17291;5311040;1248989184;21688320;1434791936;0;0;0;0;0;0;0;0;0;0;0;3757;0;0;133;0;122;0;
17292;6809631;1248989184;21688320;1434791936;0;0;0;0;0;0;0;0;0;0;0;3276;0;0;133;0;122;0;
17293;4493567;1248989184;21688320;1434791936;0;0;0;0;0;0;0;0;0;0;0;3226;0;0;133;0;122;0;
17294;7451284;1248989184;21688320;1434791936;0;0;0;0;0;0;0;0;0;0;0;3416;0;0;133;0;122;0;
17295;6174089;1248989184;21688320;1434791936;0;0;0;0;0;0;0;0;0;0;0;3447;0;0;133;0;122;0;
17296;6887146;1248989184;21688320;1434791936;0;0;0;0;0;0;0;0;0;0;0;3837;0;0;133;0;122;0;
17297;4324731;1248989184;21688320;1434791936;0;0;0;0;0;0;0;0;0;0;0;3416;0;0;133;0;122;0;
17298;5838259;1248989184;21688320;1434791936;0;0;0;0;0;0;0;0;0;0;0;3647;0;0;133;0;122;0;
17299;3247560;1248989184;21688320;1434791936;0;0;0;0;0;0;0;0;0;0;0;3657;0;0;133;0;122;0;
17300;6540826;1248989184;21688320;1434791936;0;0;0;0;0;0;0;0;0;0;0;2755;0;0;133;0;122;0;
17301;4744958;1248989184;21688320;1434791936;0;0;0;0;0;0;0;0;0;0;0;3547;0;0;133;0;122;0;
17302;5375381;1248989184;21688320;1434791936;0;0;0;0;0;0;0;0;0;0;0;3076;0;0;133;0;122;0;
17303;4391936;1248989184;21688320;1434791936;0;0;0;0;0;0;0;0;0;0;0;3537;0;0;133;0;122;0;
17304;5510985;1248989184;21688320;1434791936;0;0;0;0;0;0;0;0;0;0;0;3016;0;0;133;0;122;0;
17305;3666526;1248989184;21688320;1434791936;0;0;0;0;0;0;0;0;0;0;0;2946;0;0;133;0;122;0;
17306;5194972;1248989184;21688320;1434791936;0;0;0;0;0;0;0;0;0;0;0;2144;0;0;133;0;122;0;
17307;4214694;1248989184;21688320;1434791936;0;0;0;0;0;0;0;0;0;0;0;3306;0;0;133;0;122;0;
17308;6838806;1248989184;21688320;1434791936;0;0;0;0;0;0;0;0;0;0;0;3076;0;0;133;0;122;0;
17309;4239501;1248989184;21688320;1434791936;0;0;0;0;0;0;0;0;0;0;0;3827;0;0;133;0;122;0;
17310;6994357;1248989184;21688320;1434791936;0;0;0;0;0;0;0;0;0;0;0;3556;0;0;133;0;122;0;
17311;4697850;1248989184;21688320;1434791936;0;0;0;0;0;0;0;0;0;0;0;4168;0;0;133;0;122;0;
17312;6081726;1248989184;21688320;1434791936;0;0;0;0;0;0;0;0;0;0;0;3777;0;0;133;0;122;0;
17313;4705083;1248989184;21688320;1434791936;0;0;0;0;0;0;0;0;0;0;0;4238;0;0;133;0;122;0;
17314;6029978;1248989184;21688320;1434791936;0;0;0;0;0;0;0;0;0;0;0;2986;0;0;133;0;122;0;
17315;3302033;1248989184;21688320;1434791936;0;0;0;0;0;0;0;0;0;0;0;3186;0;0;133;0;122;0;
17316;6220896;1248989184;21688320;1434791936;0;0;0;0;0;0;0;0;0;0;0;2715;0;0;133;0;122;0;
17317;3451914;1248989184;21688320;1434791936;0;0;0;0;0;0;0;0;0;0;0;3577;0;0;133;0;122;0;
17318;6523263;1248989184;21688320;1434791936;0;0;0;0;0;0;0;0;0;0;0;2564;0;0;133;0;122;0;
17319;5124561;1248989184;21688320;1434791936;0;0;0;0;0;0;0;0;0;0;0;4118;0;0;133;0;122;0;
17320;5958123;1248989184;21688320;1434791936;0;0;0;0;0;0;0;0;0;0;0;3036;0;0;133;0;122;0;
17321;4288603;1248989184;21688320;1434791936;0;0;0;0;0;0;0;0;0;0;0;4489;0;0;133;0;122;0;
17322;6392007;1248989184;21688320;1434791936;0;0;0;0;0;0;0;0;0;0;0;3206;0;0;133;0;122;0;
17323;4700195;1248989184;21688320;1434791936;0;0;0;0;0;0;0;0;0;0;0;3477;0;0;133;0;122;0;
17324;5385720;1248989184;21688320;1434791936;0;0;0;0;0;0;0;0;0;0;0;2324;0;0;133;0;122;0;
17325;4642557;1248989184;21688320;1434791936;0;0;0;0;0;0;0;0;0;0;0;3827;0;0;133;0;122;0;
17326;6378983;1248989184;21688320;1434791936;0;0;0;0;0;0;0;0;0;0;0;3336;0;0;133;0;122;0;
17327;5417169;1248989184;21688320;1434791936;0;0;0;0;0;0;0;0;0;0;0;4499;0;0;133;0;122;0;
17328;6699304;1248989184;21688320;1434791936;0;0;0;0;0;0;0;0;0;0;0;3356;0;0;133;0;122;0;
17329;5547884;1248989184;21688320;1434791936;0;0;0;0;0;0;0;0;0;0;0;3847;0;0;133;0;122;0;
17330;5473715;1248989184;21688320;1434791936;0;0;0;0;0;0;0;0;0;0;0;2615;0;0;133;0;122;0;
17331;4881084;1248989184;21688320;1434791936;0;0;0;0;0;0;0;0;0;0;0;4078;0;0;133;0;122;0;
17332;6290608;1248989184;21688320;1434791936;0;0;0;0;0;0;0;0;0;0;0;2665;0;0;133;0;122;0;
17333;4014399;1248989184;21688320;1434791936;0;0;0;0;0;0;0;0;0;0;0;3086;0;0;133;0;122;0;
17334;6270950;1248989184;21688320;1434791936;0;0;0;0;0;0;0;0;0;0;0;2966;0;0;133;0;122;0;
17335;4642757;1248989184;21688320;1434791936;0;0;0;0;0;0;0;0;0;0;0;3065;0;0;133;0;122;0;
17336;5293658;1248989184;21688320;1434791936;0;0;0;0;0;0;0;0;0;0;0;2686;0;0;133;0;122;0;
17337;4273274;1248989184;21688320;1434791936;0;0;0;0;0;0;0;0;0;0;0;2885;0;0;133;0;122;0;
17338;5944629;1248989184;21688320;1434791936;0;0;0;0;0;0;0;0;0;0;0;3025;0;0;133;0;122;0;
17339;4616587;1248989184;21688320;1434791936;0;0;0;0;0;0;0;0;0;0;0;3657;0;0;133;0;122;0;
17340;5178000;1248989184;21688320;1434791936;0;0;0;0;0;0;0;0;0;0;0;2595;0;0;133;0;122;0;
17341;4874421;1248989184;21688320;1434791936;0;0;0;0;0;0;0;0;0;0;0;3296;0;0;133;0;122;0;
17342;6944313;1248989184;21688320;1434791936;0;0;0;0;0;0;0;0;0;0;0;2935;0;0;133;0;122;0;
17343;4746422;1248989184;21688320;1434791936;0;0;0;0;0;0;0;0;0;0;0;4268;0;0;133;0;122;0;
17344;5750836;1248989184;21688320;1434791936;0;0;0;0;0;0;0;0;0;0;0;1964;0;0;133;0;122;0;
17345;4590258;1248989184;21688320;1434791936;0;0;0;0;0;0;0;0;0;0;0;2886;0;0;133;0;122;0;
17346;5607086;1248989184;21688320;1434791936;0;0;0;0;0;0;0;0;0;0;0;2134;0;0;133;0;122;0;
17347;3116254;1248989184;21688320;1434791936;0;0;0;0;0;0;0;0;0;0;0;3085;0;0;133;0;122;0;
17348;4790233;1248989184;21688320;1434791936;0;0;0;0;0;0;0;0;0;0;0;1814;0;0;133;0;122;0;
17349;5860981;1248989184;21688320;1434791936;0;0;0;0;0;0;0;0;0;0;0;3126;0;0;133;0;122;0;
17350;5868996;1248989184;21688320;1434791936;0;0;0;0;0;0;0;0;0;0;0;2395;0;0;133;0;122;0;
17351;3977720;1248989184;21688320;1434791936;0;0;0;0;0;0;0;0;0;0;0;3045;0;0;133;0;122;0;
17352;12481307;1248989184;21688320;1434791936;0;0;0;0;0;0;0;0;0;0;0;2906;0;0;133;0;122;0;
17353;9821919;1248989184;21688320;1434791936;0;0;0;0;0;0;0;0;0;0;0;3446;0;0;133;0;122;0;
17354;5171007;1248989184;21688320;1434791936;0;0;0;0;0;0;0;0;0;0;0;3577;0;0;133;0;122;0;
17355;5289911;1248989184;21688320;1434791936;0;0;0;0;0;0;0;0;0;0;0;2535;0;0;133;0;122;0;
17356;7771054;1248989184;21688320;1434791936;0;0;0;0;0;0;0;0;0;0;0;3717;0;0;133;0;122;0;
17357;5220320;1248989184;21688320;1434791936;0;0;0;0;0;0;0;0;0;0;0;2735;0;0;133;0;122;0;
17358;6353705;1248989184;21688320;1434791936;0;0;0;0;0;0;0;0;0;0;0;2695;0;0;133;0;122;0;
17359;4878770;1248989184;21688320;1434791936;0;0;0;0;0;0;0;0;0;0;0;3387;0;0;133;0;122;0;
17360;5730336;1248989184;21688320;1434791936;0;0;0;0;0;0;0;0;0;0;0;2785;0;0;133;0;122;0;
17361;5469908;1248989184;21688320;1434791936;0;0;0;0;0;0;0;0;0;0;0;3467;0;0;133;0;122;0;
17362;5316490;1248989184;21688320;1434791936;0;0;0;0;0;0;0;0;0;0;0;3908;0;0;133;0;122;0;
17363;5614239;1248989184;21688320;1434791936;0;0;0;0;0;0;0;0;0;0;0;4178;0;0;133;0;122;0;
17364;6438245;1248989184;21688320;1434791936;0;0;0;0;0;0;0;0;0;0;0;2624;0;0;133;0;122;0;
17365;5903030;1248989184;21688320;1434791936;0;0;0;0;0;0;0;0;0;0;0;2625;0;0;133;0;122;0;
17366;6502705;1248989184;21688320;1434791936;0;0;0;0;0;0;0;0;0;0;0;3035;0;0;133;0;122;0;
17367;4748375;1248989184;21688320;1434791936;0;0;0;0;0;0;0;0;0;0;0;4628;0;0;133;0;122;0;
17368;6296989;1248989184;21688320;1434791936;0;0;0;0;0;0;0;0;0;0;0;3226;0;0;133;0;122;0;
17369;7163585;1248989184;21688320;1434791936;0;0;0;0;0;0;0;0;0;0;0;3818;0;0;133;0;122;0;
17370;8398010;1248989184;21688320;1434791936;0;0;0;0;0;0;0;0;0;0;0;3376;0;0;133;0;122;0;
17371;5950579;1248989184;21688320;1434791936;0;0;0;0;0;0;0;0;0;0;0;2995;0;0;133;0;122;0;
17372;8183808;1248989184;21688320;1434791936;0;0;0;0;0;0;0;0;0;0;0;3467;0;0;133;0;122;0;
17373;5958454;1248989184;21688320;1434791936;0;0;0;0;0;0;0;0;0;0;0;2845;0;0;133;0;122;0;
17374;5166279;1248989184;21688320;1434791936;0;0;0;0;0;0;0;0;0;0;0;3627;0;0;133;0;122;0;
17375;5536583;1248989184;21688320;1434791936;0;0;0;0;0;0;0;0;0;0;0;2926;0;0;133;0;122;0;
17376;5552543;1248989184;21688320;1434791936;0;0;0;0;0;0;0;0;0;0;0;3266;0;0;133;0;122;0;
17377;5069938;1248989184;21688320;1434791936;0;0;0;0;0;0;0;0;0;0;0;2705;0;0;133;0;122;0;
17378;7055331;1248989184;21688320;1434791936;0;0;0;0;0;0;0;0;0;0;0;6361;0;0;133;0;122;0;
17379;4501863;1248989184;21688320;1434791936;0;0;0;0;0;0;0;0;0;0;0;3386;0;0;133;0;122;0;
17380;5986517;1248989184;21688320;1434791936;0;0;0;0;0;0;0;0;0;0;0;3246;0;0;133;0;122;0;
17381;5481731;1248989184;21688320;1434791936;0;0;0;0;0;0;0;0;0;0;0;3457;0;0;133;0;122;0;
17382;6936008;1248989184;21688320;1434791936;0;0;0;0;0;0;0;0;0;0;0;3346;0;0;133;0;122;0;
17383;5308355;1248989184;21688320;1434791936;0;0;0;0;0;0;0;0;0;0;0;3677;0;0;133;0;122;0;
17384;5979454;1248989184;21688320;1434791936;0;0;0;0;0;0;0;0;0;0;0;3537;0;0;133;0;122;0;
17385;3598719;1248989184;21688320;1434791936;0;0;0;0;0;0;0;0;0;0;0;2705;0;0;133;0;122;0;
17386;5721600;1248989184;21688320;1434791936;0;0;0;0;0;0;0;0;0;0;0;2194;0;0;133;0;122;0;
17387;4278293;1248989184;21688320;1434791936;0;0;0;0;0;0;0;0;0;0;0;3437;0;0;133;0;122;0;
17388;5483113;1248989184;21688320;1434791936;0;0;0;0;0;0;0;0;0;0;0;3246;0;0;133;0;122;0;
17389;4287240;1248989184;21688320;1434791936;0;0;0;0;0;0;0;0;0;0;0;3176;0;0;133;0;122;0;
17390;5218967;1248989184;21688320;1434791936;0;0;0;0;0;0;0;0;0;0;0;2475;0;0;133;0;122;0;
17391;4871977;1248989184;21688320;1434791936;0;0;0;0;0;0;0;0;0;0;0;3637;0;0;133;0;122;0;
17392;6921751;1248989184;21688320;1434791936;0;0;0;0;0;0;0;0;0;0;0;2805;0;0;133;0;122;0;
17393;5232183;1248989184;21688320;1434791936;0;0;0;0;0;0;0;0;0;0;0;3486;0;0;133;0;122;0;
17394;6322146;1248989184;21688320;1434791936;0;0;0;0;0;0;0;0;0;0;0;3366;0;0;133;0;122;0;
17395;4481755;1248989184;21688320;1434791936;0;0;0;0;0;0;0;0;0;0;0;4769;0;0;133;0;122;0;
17396;5191085;1248989184;21688320;1434791936;0;0;0;0;0;0;0;0;0;0;0;3236;0;0;133;0;122;0;
17397;3605061;1248989184;21688320;1434791936;0;0;0;0;0;0;0;0;0;0;0;3817;0;0;133;0;122;0;
17398;5801239;1248989184;21688320;1434791936;0;0;0;0;0;0;0;0;0;0;0;2255;0;0;133;0;122;0;
17399;3974454;1248989184;21688320;1434791936;0;0;0;0;0;0;0;0;0;0;0;3466;0;0;133;0;122;0;
17400;5876741;1248989184;21688320;1434791936;0;0;0;0;0;0;0;0;0;0;0;3346;0;0;133;0;122;0;
17401;4385655;1248989184;21688320;1434791936;0;0;0;0;0;0;0;0;0;0;0;4678;0;0;133;0;122;0;
17402;5558104;1248989184;21688320;1434791936;0;0;0;0;0;0;0;0;0;0;0;2585;0;0;133;0;122;0;
17403;5442747;1248989184;21688320;1434791936;0;0;0;0;0;0;0;0;0;0;0;4138;0;0;133;0;122;0;
17404;6119627;1248989184;21688320;1434791936;0;0;0;0;0;0;0;0;0;0;0;4478;0;0;133;0;122;0;
17405;5267318;1248989184;21688320;1434791936;0;0;0;0;0;0;0;0;0;0;0;4990;0;0;133;0;122;0;
17406;6329400;1248989184;21688320;1434791936;0;0;0;0;0;0;0;0;0;0;0;2765;0;0;133;0;122;0;
17407;3761815;1248989184;21688320;1434791936;0;0;0;0;0;0;0;0;0;0;0;3116;0;0;133;0;122;0;
17408;7230741;1248989184;21692416;1434796032;0;0;0;0;0;0;0;0;0;0;0;3537;0;0;133;0;122;0;
17409;3881118;1248989184;21696512;1434800128;0;0;0;0;0;0;0;0;0;0;0;3016;0;0;133;0;122;0;
17410;5680473;1248989184;21696512;1434800128;0;0;0;0;0;0;0;0;0;0;0;2565;0;0;133;0;122;0;
17411;4422534;1248989184;21696512;1434800128;0;0;0;0;0;0;0;0;0;0;0;3025;0;0;133;0;122;0;
17412;6600068;1248989184;21696512;1434800128;0;0;0;0;0;0;0;0;0;0;0;2635;0;0;133;0;122;0;
17413;4348966;1248989184;21696512;1434800128;0;0;0;0;0;0;0;0;0;0;0;3356;0;0;133;0;122;0;
17414;5135100;1248989184;21696512;1434800128;0;0;0;0;0;0;0;0;0;0;0;2334;0;0;133;0;122;0;
17415;6049665;1249222656;21688320;1434791936;0;0;0;0;0;0;0;0;0;0;0;3146;0;0;133;0;122;0;
17416;7804928;1249222656;21688320;1434791936;0;0;0;0;0;0;0;0;0;0;0;4549;0;0;133;0;122;0;
17417;4529294;1249222656;21688320;1434791936;0;0;0;0;0;0;0;0;0;0;0;3677;0;0;133;0;122;0;
17418;5327552;1249222656;21688320;1434791936;0;0;0;0;0;0;0;0;0;0;0;3397;0;0;133;0;122;0;
17419;6045718;1249222656;21688320;1434791936;0;0;0;0;0;0;0;0;0;0;0;3948;0;0;133;0;122;0;
17420;7238424;1249222656;21688320;1434791936;0;0;0;0;0;0;0;0;0;0;0;3356;0;0;133;0;122;0;
17421;4707028;1249222656;21688320;1434791936;0;0;0;0;0;0;0;0;0;0;0;3035;0;0;133;0;122;0;
17422;7315489;1249222656;21688320;1434791936;0;0;0;0;0;0;0;0;0;0;0;4689;0;0;133;0;122;0;
17423;4425540;1249222656;21688320;1434791936;0;0;0;0;0;0;0;0;0;0;0;4138;0;0;133;0;122;0;
17424;6207020;1249222656;21688320;1434791936;0;0;0;0;0;0;0;0;0;0;0;4228;0;0;133;0;122;0;
17425;6710836;1249222656;21688320;1434791936;0;0;0;0;0;0;0;0;0;0;0;3817;0;0;133;0;122;0;
17426;7247011;1249222656;21688320;1434791936;0;0;0;0;0;0;0;0;0;0;0;3737;0;0;133;0;122;0;
17427;5172981;1249222656;21688320;1434791936;0;0;0;0;0;0;0;0;0;0;0;2534;0;0;133;0;122;0;
17428;6497105;1249222656;21688320;1434791936;0;0;0;0;0;0;0;0;0;0;0;2695;0;0;133;0;122;0;
17429;4440779;1249222656;21688320;1434791936;0;0;0;0;0;0;0;0;0;0;0;3226;0;0;133;0;122;0;
17430;6372601;1249222656;21688320;1434791936;0;0;0;0;0;0;0;0;0;0;0;1964;0;0;133;0;122;0;
17431;4918544;1249222656;21688320;1434791936;0;0;0;0;0;0;0;0;0;0;0;3226;0;0;133;0;122;0;
17432;7261177;1249222656;21688320;1434791936;0;0;0;0;0;0;0;0;0;0;0;2264;0;0;133;0;122;0;
17433;4098476;1249222656;21688320;1434791936;0;0;0;0;0;0;0;0;0;0;0;3176;0;0;133;0;122;0;
17434;6142169;1249222656;21688320;1434791936;0;0;0;0;0;0;0;0;0;0;0;2495;0;0;133;0;122;0;
17435;4423225;1249222656;21688320;1434791936;0;0;0;0;0;0;0;0;0;0;0;2736;0;0;133;0;122;0;
17436;6224744;1249222656;21688320;1434791936;0;0;0;0;0;0;0;0;0;0;0;4148;0;0;133;0;122;0;
17437;3654754;1249222656;21688320;1434791936;0;0;0;0;0;0;0;0;0;0;0;3626;0;0;133;0;122;0;
17438;6478069;1249222656;21688320;1434791936;0;0;0;0;0;0;0;0;0;0;0;3026;0;0;133;0;122;0;
17439;4170782;1249222656;21688320;1434791936;0;0;0;0;0;0;0;0;0;0;0;3076;0;0;133;0;122;0;
17440;5972160;1249222656;21688320;1434791936;0;0;0;0;0;0;0;0;0;0;0;3466;0;0;133;0;122;0;
17441;4976423;1249222656;21688320;1434791936;0;0;0;0;0;0;0;0;0;0;0;3136;0;0;133;0;122;0;
17442;6863972;1249222656;21688320;1434791936;0;0;0;0;0;0;0;0;0;0;0;3937;0;0;133;0;122;0;
17443;5059719;1249222656;21688320;1434791936;0;0;0;0;0;0;0;0;0;0;0;3356;0;0;133;0;122;0;
17444;6931278;1249222656;21688320;1434791936;0;0;0;0;0;0;0;0;0;0;0;3366;0;0;133;0;122;0;
17445;3611353;1249222656;21688320;1434791936;0;0;0;0;0;0;0;0;0;0;0;3156;0;0;133;0;122;0;
17446;6057600;1249222656;21688320;1434791936;0;0;0;0;0;0;0;0;0;0;0;2895;0;0;133;0;122;0;
17447;4041600;1249222656;21688320;1434791936;0;0;0;0;0;0;0;0;0;0;0;3597;0;0;133;0;122;0;
17448;6596250;1249222656;21688320;1434791936;0;0;0;0;0;0;0;0;0;0;0;2534;0;0;133;0;122;0;
17449;5009735;1249222656;21688320;1434791936;0;0;0;0;0;0;0;0;0;0;0;2765;0;0;133;0;122;0;
17450;6351331;1249222656;21688320;1434791936;0;0;0;0;0;0;0;0;0;0;0;2815;0;0;133;0;122;0;
17451;4340060;1249222656;21688320;1434791936;0;0;0;0;0;0;0;0;0;0;0;3326;0;0;133;0;122;0;
17452;4903255;1249222656;21688320;1434791936;0;0;0;0;0;0;0;0;0;0;0;2094;0;0;133;0;122;0;
17453;5960458;1249222656;21688320;1434791936;0;0;0;0;0;0;0;0;0;0;0;3927;0;0;133;0;122;0;
17454;7636471;1249222656;21688320;1434791936;0;0;0;0;0;0;0;0;0;0;0;3607;0;0;133;0;122;0;
17455;4728749;1249222656;21688320;1434791936;0;0;0;0;0;0;0;0;0;0;0;2635;0;0;133;0;122;0;
17456;7019384;1249222656;21688320;1434791936;0;0;0;0;0;0;0;0;0;0;0;3316;0;0;133;0;122;0;
17457;5320909;1249222656;21688320;1434791936;0;0;0;0;0;0;0;0;0;0;0;3206;0;0;133;0;122;0;
17458;6301167;1249222656;21688320;1434791936;0;0;0;0;0;0;0;0;0;0;0;3216;0;0;133;0;122;0;
17459;5177149;1249222656;21688320;1434791936;0;0;0;0;0;0;0;0;0;0;0;3016;0;0;133;0;122;0;
17460;6315785;1249222656;21688320;1434791936;0;0;0;0;0;0;0;0;0;0;0;4087;0;0;133;0;122;0;
17461;3738371;1249222656;21688320;1434791936;0;0;0;0;0;0;0;0;0;0;0;2945;0;0;133;0;122;0;
17462;7400990;1249222656;21688320;1434791936;0;0;0;0;0;0;0;0;0;0;0;3186;0;0;133;0;122;0;
17463;3165417;1249222656;21688320;1434791936;0;0;0;0;0;0;0;0;0;0;0;3546;0;0;133;0;122;0;
17464;6635113;1249222656;21688320;1434791936;0;0;0;0;0;0;0;0;0;0;0;59041;0;0;133;0;122;0;
17465;3687396;1249222656;21688320;1434791936;0;0;0;0;0;0;0;0;0;0;0;4027;0;0;133;0;122;0;
17466;5555329;1249222656;21688320;1434791936;0;0;0;0;0;0;0;0;0;0;0;2435;0;0;133;0;122;0;
17467;6057770;1249222656;21688320;1434791936;0;0;0;0;0;0;0;0;0;0;0;2595;0;0;133;0;122;0;
17468;5669933;1249222656;21688320;1434791936;0;0;0;0;0;0;0;0;0;0;0;2595;0;0;133;0;122;0;
17469;4422223;1249222656;21688320;1434791936;0;0;0;0;0;0;0;0;0;0;0;4078;0;0;133;0;122;0;
17470;6597312;1249222656;21688320;1434791936;0;0;0;0;0;0;0;0;0;0;0;4578;0;0;133;0;122;0;
17471;6933594;1249222656;21688320;1434791936;0;0;0;0;0;0;0;0;0;0;0;3527;0;0;133;0;122;0;
17472;6454916;1249222656;21688320;1434791936;0;0;0;0;0;0;0;0;0;0;0;2755;0;0;133;0;122;0;
17473;4179198;1249222656;21688320;1434791936;0;0;0;0;0;0;0;0;0;0;0;3326;0;0;133;0;122;0;
17474;6072659;1249222656;21688320;1434791936;0;0;0;0;0;0;0;0;0;0;0;2545;0;0;133;0;122;0;
17475;3789647;1249222656;21688320;1434791936;0;0;0;0;0;0;0;0;0;0;0;3075;0;0;133;0;122;0;
17476;5736108;1249222656;21688320;1434791936;0;0;0;0;0;0;0;0;0;0;0;3567;0;0;133;0;122;0;
17477;3527616;1249222656;21688320;1434791936;0;0;0;0;0;0;0;0;0;0;0;3547;0;0;133;0;122;0;
17478;5605222;1249222656;21688320;1434791936;0;0;0;0;0;0;0;0;0;0;0;2936;0;0;133;0;122;0;
17479;5181296;1249222656;21688320;1434791936;0;0;0;0;0;0;0;0;0;0;0;4809;0;0;133;0;122;0;
17480;6682683;1249222656;21688320;1434791936;0;0;0;0;0;0;0;0;0;0;0;3186;0;0;133;0;122;0;
17481;3923237;1249222656;21688320;1434791936;0;0;0;0;0;0;0;0;0;0;0;3998;0;0;133;0;122;0;
17482;5711732;1249222656;21688320;1434791936;0;0;0;0;0;0;0;0;0;0;0;3838;0;0;133;0;122;0;
17483;4046118;1249222656;21688320;1434791936;0;0;0;0;0;0;0;0;0;0;0;2685;0;0;133;0;122;0;
17484;5696684;1249222656;21688320;1434791936;0;0;0;0;0;0;0;0;0;0;0;2935;0;0;133;0;122;0;
17485;4472167;1249222656;21688320;1434791936;0;0;0;0;0;0;0;0;0;0;0;3917;0;0;133;0;122;0;
17486;6681149;1249222656;21688320;1434791936;0;0;0;0;0;0;0;0;0;0;0;3867;0;0;133;0;122;0;
17487;4061076;1249222656;21688320;1434791936;0;0;0;0;0;0;0;0;0;0;0;3938;0;0;133;0;122;0;
17488;6826803;1249222656;21688320;1434791936;0;0;0;0;0;0;0;0;0;0;0;3436;0;0;133;0;122;0;
17489;4434536;1249222656;21688320;1434791936;0;0;0;0;0;0;0;0;0;0;0;2775;0;0;133;0;122;0;
17490;6593185;1249222656;21688320;1434791936;0;0;0;0;0;0;0;0;0;0;0;3777;0;0;133;0;122;0;
17491;4254599;1249222656;21688320;1434791936;0;0;0;0;0;0;0;0;0;0;0;3336;0;0;133;0;122;0;
17492;5609149;1249222656;21688320;1434791936;0;0;0;0;0;0;0;0;0;0;0;3246;0;0;133;0;122;0;
17493;4050506;1249222656;21688320;1434791936;0;0;0;0;0;0;0;0;0;0;0;3767;0;0;133;0;122;0;
17494;5151070;1249222656;21688320;1434791936;0;0;0;0;0;0;0;0;0;0;0;2515;0;0;133;0;122;0;
17495;4625364;1249222656;21688320;1434791936;0;0;0;0;0;0;0;0;0;0;0;3577;0;0;133;0;122;0;
17496;5649094;1249222656;21688320;1434791936;0;0;0;0;0;0;0;0;0;0;0;3086;0;0;133;0;122;0;
17497;5087150;1249222656;21688320;1434791936;0;0;0;0;0;0;0;0;0;0;0;3416;0;0;133;0;122;0;
17498;5047676;1249222656;21688320;1434791936;0;0;0;0;0;0;0;0;0;0;0;1994;0;0;133;0;122;0;
17499;5101427;1249222656;21688320;1434791936;0;0;0;0;0;0;0;0;0;0;0;3256;0;0;133;0;122;0;
17500;4688312;1249222656;21688320;1434791936;0;0;0;0;0;0;0;0;0;0;0;2124;0;0;133;0;122;0;
17501;4430319;1249222656;21688320;1434791936;0;0;0;0;0;0;0;0;0;0;0;3446;0;0;133;0;122;0;
17502;5953415;1249222656;21688320;1434791936;0;0;0;0;0;0;0;0;0;0;0;2605;0;0;133;0;122;0;
17503;5187649;1249222656;21688320;1434791936;0;0;0;0;0;0;0;0;0;0;0;3626;0;0;133;0;122;0;
17504;5293307;1249222656;21688320;1434791936;0;0;0;0;0;0;0;0;0;0;0;2625;0;0;133;0;122;0;
17505;4634261;1249222656;21688320;1434791936;0;0;0;0;0;0;0;0;0;0;0;3005;0;0;133;0;122;0;
17506;5899154;1249222656;21688320;1434791936;0;0;0;0;0;0;0;0;0;0;0;2855;0;0;133;0;122;0;
17507;4842031;1249222656;21688320;1434791936;0;0;0;0;0;0;0;0;0;0;0;3707;0;0;133;0;122;0;
17508;5566129;1249222656;21688320;1434791936;0;0;0;0;0;0;0;0;0;0;0;2434;0;0;133;0;122;0;
17509;4638148;1249222656;21688320;1434791936;0;0;0;0;0;0;0;0;0;0;0;4298;0;0;133;0;122;0;
17510;5374169;1249222656;21688320;1434791936;0;0;0;0;0;0;0;0;0;0;0;2014;0;0;133;0;122;0;
17511;3910694;1249222656;21688320;1434791936;0;0;0;0;0;0;0;0;0;0;0;3897;0;0;133;0;122;0;
17512;6092917;1249222656;21688320;1434791936;0;0;0;0;0;0;0;0;0;0;0;2465;0;0;133;0;122;0;
17513;3775821;1249222656;21688320;1434791936;0;0;0;0;0;0;0;0;0;0;0;3848;0;0;133;0;122;0;
17514;6370898;1249222656;21688320;1434791936;0;0;0;0;0;0;0;0;0;0;0;3196;0;0;133;0;122;0;
17515;2801494;1249222656;21688320;1434791936;0;0;0;0;0;0;0;0;0;0;0;3506;0;0;133;0;122;0;
17516;5910995;1249222656;21688320;1434791936;0;0;0;0;0;0;0;0;0;0;0;2164;0;0;133;0;122;0;
17517;3329644;1249222656;21688320;1434791936;0;0;0;0;0;0;0;0;0;0;0;2956;0;0;133;0;122;0;
17518;6317738;1249222656;21688320;1434791936;0;0;0;0;0;0;0;0;0;0;0;2976;0;0;133;0;122;0;
17519;3682776;1249222656;21688320;1434791936;0;0;0;0;0;0;0;0;0;0;0;3156;0;0;133;0;122;0;
17520;5448418;1249222656;21688320;1434791936;0;0;0;0;0;0;0;0;0;0;0;2876;0;0;133;0;122;0;
17521;5506276;1249222656;21688320;1434791936;0;0;0;0;0;0;0;0;0;0;0;2786;0;0;133;0;122;0;
17522;6620075;1249222656;21688320;1434791936;0;0;0;0;0;0;0;0;0;0;0;3426;0;0;133;0;122;0;
17523;4401014;1249222656;21688320;1434791936;0;0;0;0;0;0;0;0;0;0;0;2635;0;0;133;0;122;0;
17524;5707234;1249222656;21688320;1434791936;0;0;0;0;0;0;0;0;0;0;0;3016;0;0;133;0;122;0;
17525;4010021;1249222656;21688320;1434791936;0;0;0;0;0;0;0;0;0;0;0;2585;0;0;133;0;122;0;
17526;6206920;1249222656;21688320;1434791936;0;0;0;0;0;0;0;0;0;0;0;3156;0;0;133;0;122;0;
17527;3490286;1249222656;21688320;1434791936;0;0;0;0;0;0;0;0;0;0;0;3085;0;0;133;0;122;0;
17528;5758009;1249222656;21688320;1434791936;0;0;0;0;0;0;0;0;0;0;0;2746;0;0;133;0;122;0;
17529;3386331;1249222656;21688320;1434791936;0;0;0;0;0;0;0;0;0;0;0;3296;0;0;133;0;122;0;
17530;4777249;1249222656;21688320;1434791936;0;0;0;0;0;0;0;0;0;0;0;2174;0;0;133;0;122;0;
17531;4214654;1249222656;21688320;1434791936;0;0;0;0;0;0;0;0;0;0;0;3627;0;0;133;0;122;0;
17532;4519286;1249222656;21688320;1434791936;0;0;0;0;0;0;0;0;0;0;0;2655;0;0;133;0;122;0;
17533;5613197;1249222656;21688320;1434791936;0;0;0;0;0;0;0;0;0;0;0;3036;0;0;133;0;122;0;
17534;11160610;1249222656;21688320;1434791936;0;0;0;0;0;0;0;0;0;0;0;2494;0;0;133;0;122;0;
17535;9322844;1249222656;21688320;1434791936;0;0;0;0;0;0;0;0;0;0;0;3647;0;0;133;0;122;0;
17536;6106061;1249222656;21688320;1434791936;0;0;0;0;0;0;0;0;0;0;0;3176;0;0;133;0;122;0;
17537;4995378;1249222656;21688320;1434791936;0;0;0;0;0;0;0;0;0;0;0;2895;0;0;133;0;122;0;
17538;5643514;1249222656;21688320;1434791936;0;0;0;0;0;0;0;0;0;0;0;2936;0;0;133;0;122;0;
17539;4035779;1249222656;21688320;1434791936;0;0;0;0;0;0;0;0;0;0;0;4177;0;0;133;0;122;0;
17540;6820601;1249222656;21688320;1434791936;0;0;0;0;0;0;0;0;0;0;0;3096;0;0;133;0;122;0;
17541;4238539;1249222656;21688320;1434791936;0;0;0;0;0;0;0;0;0;0;0;3747;0;0;133;0;122;0;
17542;6758505;1249222656;21688320;1434791936;0;0;0;0;0;0;0;0;0;0;0;4329;0;0;133;0;122;0;
17543;4491343;1249222656;21688320;1434791936;0;0;0;0;0;0;0;0;0;0;0;3416;0;0;133;0;122;0;
17544;6793921;1249222656;21688320;1434791936;0;0;0;0;0;0;0;0;0;0;0;3707;0;0;133;0;122;0;
17545;4301577;1249222656;21688320;1434791936;0;0;0;0;0;0;0;0;0;0;0;3366;0;0;133;0;122;0;
17546;7149568;1249222656;21688320;1434791936;0;0;0;0;0;0;0;0;0;0;0;3326;0;0;133;0;122;0;
17547;4138652;1249222656;21688320;1434791936;0;0;0;0;0;0;0;0;0;0;0;3286;0;0;133;0;122;0;
17548;7487602;1249222656;21688320;1434791936;0;0;0;0;0;0;0;0;0;0;0;3136;0;0;133;0;122;0;
17549;3343560;1249222656;21688320;1434791936;0;0;0;0;0;0;0;0;0;0;0;3076;0;0;133;0;122;0;
17550;7124020;1249222656;21688320;1434791936;0;0;0;0;0;0;0;0;0;0;0;3857;0;0;133;0;122;0;
17551;5704648;1249222656;21688320;1434791936;0;0;0;0;0;0;0;0;0;0;0;2846;0;0;133;0;122;0;
17552;7147745;1249222656;21688320;1434791936;0;0;0;0;0;0;0;0;0;0;0;2855;0;0;133;0;122;0;
17553;4202551;1249222656;21688320;1434791936;0;0;0;0;0;0;0;0;0;0;0;3897;0;0;133;0;122;0;
17554;5837097;1249222656;21688320;1434791936;0;0;0;0;0;0;0;0;0;0;0;3497;0;0;133;0;122;0;
17555;4492905;1249222656;21688320;1434791936;0;0;0;0;0;0;0;0;0;0;0;3176;0;0;133;0;122;0;
17556;7360855;1249222656;21688320;1434791936;0;0;0;0;0;0;0;0;0;0;0;4749;0;0;133;0;122;0;
17557;5707264;1249222656;21688320;1434791936;0;0;0;0;0;0;0;0;0;0;0;3427;0;0;133;0;122;0;
17558;7067114;1249222656;21688320;1434791936;0;0;0;0;0;0;0;0;0;0;0;3707;0;0;133;0;122;0;
17559;4964721;1249222656;21688320;1434791936;0;0;0;0;0;0;0;0;0;0;0;3616;0;0;133;0;122;0;
17560;7260316;1249222656;21688320;1434791936;0;0;0;0;0;0;0;0;0;0;0;3286;0;0;133;0;122;0;
17561;4618362;1249222656;21688320;1434791936;0;0;0;0;0;0;0;0;0;0;0;3256;0;0;133;0;122;0;
17562;7541643;1249222656;21688320;1434791936;0;0;0;0;0;0;0;0;0;0;0;3237;0;0;133;0;122;0;
17563;5538267;1249222656;21688320;1434791936;0;0;0;0;0;0;0;0;0;0;0;3587;0;0;133;0;122;0;
17564;5531593;1249222656;21688320;1434791936;0;0;0;0;0;0;0;0;0;0;0;3567;0;0;133;0;122;0;
17565;4697469;1249222656;21688320;1434791936;0;0;0;0;0;0;0;0;0;0;0;2885;0;0;133;0;122;0;
17566;5555468;1249222656;21688320;1434791936;0;0;0;0;0;0;0;0;0;0;0;2936;0;0;133;0;122;0;
17567;4699003;1249222656;21688320;1434791936;0;0;0;0;0;0;0;0;0;0;0;3416;0;0;133;0;122;0;
17568;7308305;1249222656;21688320;1434791936;0;0;0;0;0;0;0;0;0;0;0;3576;0;0;133;0;122;0;
17569;4732064;1249222656;21688320;1434791936;0;0;0;0;0;0;0;0;0;0;0;2906;0;0;133;0;122;0;
17570;4629682;1249222656;21688320;1434791936;0;0;0;0;0;0;0;0;0;0;0;1903;0;0;133;0;122;0;
17571;5790629;1249222656;21688320;1434791936;0;0;0;0;0;0;0;0;0;0;0;3487;0;0;133;0;122;0;
17572;6719722;1249222656;21688320;1434791936;0;0;0;0;0;0;0;0;0;0;0;3627;0;0;133;0;122;0;
17573;5709277;1249222656;21688320;1434791936;0;0;0;0;0;0;0;0;0;0;0;3997;0;0;133;0;122;0;
17574;7693638;1249222656;21688320;1434791936;0;0;0;0;0;0;0;0;0;0;0;3306;0;0;133;0;122;0;
17575;3959856;1249222656;21688320;1434791936;0;0;0;0;0;0;0;0;0;0;0;3606;0;0;133;0;122;0;
17576;7035394;1249222656;21688320;1434791936;0;0;0;0;0;0;0;0;0;0;0;3868;0;0;133;0;122;0;
17577;5150359;1249222656;21688320;1434791936;0;0;0;0;0;0;0;0;0;0;0;3757;0;0;133;0;122;0;
17578;7234027;1249222656;21688320;1434791936;0;0;0;0;0;0;0;0;0;0;0;3807;0;0;133;0;122;0;
17579;5750695;1249222656;21688320;1434791936;0;0;0;0;0;0;0;0;0;0;0;8696;0;0;133;0;122;0;
17580;6864784;1249222656;21688320;1434791936;0;0;0;0;0;0;0;0;0;0;0;3166;0;0;133;0;122;0;
17581;3851613;1249222656;21688320;1434791936;0;0;0;0;0;0;0;0;0;0;0;4989;0;0;133;0;122;0;
17582;7120023;1249222656;21688320;1434791936;0;0;0;0;0;0;0;0;0;0;0;3337;0;0;133;0;122;0;
17583;6871457;1249222656;21688320;1434791936;0;0;0;0;0;0;0;0;0;0;0;5159;0;0;133;0;122;0;
17584;5932977;1249222656;21688320;1434791936;0;0;0;0;0;0;0;0;0;0;0;2886;0;0;133;0;122;0;
17585;5466632;1249222656;21688320;1434791936;0;0;0;0;0;0;0;0;0;0;0;4328;0;0;133;0;122;0;
17586;7909003;1249222656;21688320;1434791936;0;0;0;0;0;0;0;0;0;0;0;3286;0;0;133;0;122;0;
17587;4738957;1249222656;21688320;1434791936;0;0;0;0;0;0;0;0;0;0;0;3457;0;0;133;0;122;0;
17588;8085493;1249222656;21688320;1434791936;0;0;0;0;0;0;0;0;0;0;0;3777;0;0;133;0;122;0;
17589;4641294;1249222656;21688320;1434791936;0;0;0;0;0;0;0;0;0;0;0;3757;0;0;133;0;122;0;
17590;5825445;1249222656;21688320;1434791936;0;0;0;0;0;0;0;0;0;0;0;3356;0;0;133;0;122;0;
17591;5917528;1249222656;21688320;1434791936;0;0;0;0;0;0;0;0;0;0;0;3417;0;0;133;0;122;0;
17592;5908290;1249222656;21688320;1434791936;0;0;0;0;0;0;0;0;0;0;0;2555;0;0;133;0;122;0;
17593;6105841;1249222656;21688320;1434791936;0;0;0;0;0;0;0;0;0;0;0;4398;0;0;133;0;122;0;
17594;7179354;1249222656;21688320;1434791936;0;0;0;0;0;0;0;0;0;0;0;4639;0;0;133;0;122;0;
17595;6321044;1249222656;21688320;1434791936;0;0;0;0;0;0;0;0;0;0;0;4017;0;0;133;0;122;0;
17596;7440584;1249222656;21688320;1434791936;0;0;0;0;0;0;0;0;0;0;0;3206;0;0;133;0;122;0;
17597;7095507;1249222656;21688320;1434791936;0;0;0;0;0;0;0;0;0;0;0;3657;0;0;133;0;122;0;
17598;7208098;1249222656;21688320;1434791936;0;0;0;0;0;0;0;0;0;0;0;3306;0;0;133;0;122;0;
17599;5504713;1249222656;21688320;1434791936;0;0;0;0;0;0;0;0;0;0;0;4088;0;0;133;0;122;0;
17600;5473936;1249222656;21688320;1434791936;0;0;0;0;0;0;0;0;0;0;0;3106;0;0;133;0;122;0;
17601;5509763;1249222656;21688320;1434791936;0;0;0;0;0;0;0;0;0;0;0;3105;0;0;133;0;122;0;
17602;5020425;1249222656;21688320;1434791936;0;0;0;0;0;0;0;0;0;0;0;2605;0;0;133;0;122;0;
17603;6183968;1249222656;21688320;1434791936;0;0;0;0;0;0;0;0;0;0;0;3357;0;0;133;0;122;0;
17604;5222104;1249222656;21688320;1434791936;0;0;0;0;0;0;0;0;0;0;0;2534;0;0;133;0;122;0;
17605;5650176;1249222656;21688320;1434791936;0;0;0;0;0;0;0;0;0;0;0;3436;0;0;133;0;122;0;
17606;7123029;1249222656;21688320;1434791936;0;0;0;0;0;0;0;0;0;0;0;3086;0;0;133;0;122;0;
17607;5942825;1249222656;21688320;1434791936;0;0;0;0;0;0;0;0;0;0;0;3757;0;0;133;0;122;0;
17608;5764761;1249222656;21688320;1434791936;0;0;0;0;0;0;0;0;0;0;0;3877;0;0;133;0;122;0;
17609;3570576;1249222656;21688320;1434791936;0;0;0;0;0;0;0;0;0;0;0;3346;0;0;133;0;122;0;
17610;6203193;1249222656;21688320;1434791936;0;0;0;0;0;0;0;0;0;0;0;3527;0;0;133;0;122;0;
17611;4639901;1249222656;21688320;1434791936;0;0;0;0;0;0;0;0;0;0;0;3216;0;0;133;0;122;0;
17612;7403674;1249222656;21688320;1434791936;0;0;0;0;0;0;0;0;0;0;0;2685;0;0;133;0;122;0;
17613;4612810;1249222656;21688320;1434791936;0;0;0;0;0;0;0;0;0;0;0;3446;0;0;133;0;122;0;
17614;6250653;1249222656;21688320;1434791936;0;0;0;0;0;0;0;0;0;0;0;2976;0;0;133;0;122;0;
17615;4896222;1249222656;21688320;1434791936;0;0;0;0;0;0;0;0;0;0;0;3246;0;0;133;0;122;0;
17616;6498167;1249222656;21688320;1434791936;0;0;0;0;0;0;0;0;0;0;0;3226;0;0;133;0;122;0;
17617;4601880;1249222656;21688320;1434791936;0;0;0;0;0;0;0;0;0;0;0;3216;0;0;133;0;122;0;
17618;6966335;1249222656;21688320;1434791936;0;0;0;0;0;0;0;0;0;0;0;3086;0;0;133;0;122;0;
17619;4347083;1249222656;21688320;1434791936;0;0;0;0;0;0;0;0;0;0;0;2505;0;0;133;0;122;0;
17620;6496413;1249222656;21688320;1434791936;0;0;0;0;0;0;0;0;0;0;0;4288;0;0;133;0;122;0;
17621;4788320;1249222656;21688320;1434791936;0;0;0;0;0;0;0;0;0;0;0;4779;0;0;133;0;122;0;
17622;5831245;1249222656;21688320;1434791936;0;0;0;0;0;0;0;0;0;0;0;2795;0;0;133;0;122;0;
17623;5544428;1249222656;21688320;1434791936;0;0;0;0;0;0;0;0;0;0;0;3467;0;0;133;0;122;0;
17624;6298923;1249222656;21688320;1434791936;0;0;0;0;0;0;0;0;0;0;0;3687;0;0;133;0;122;0;
17625;3617825;1249222656;21688320;1434791936;0;0;0;0;0;0;0;0;0;0;0;3797;0;0;133;0;122;0;
17626;6429107;1249222656;21688320;1434791936;0;0;0;0;0;0;0;0;0;0;0;3396;0;0;133;0;122;0;
17627;4155112;1249222656;21688320;1434791936;0;0;0;0;0;0;0;0;0;0;0;3216;0;0;133;0;122;0;
17628;5813913;1249222656;21688320;1434791936;0;0;0;0;0;0;0;0;0;0;0;3456;0;0;133;0;122;0;
17629;3296532;1249222656;21688320;1434791936;0;0;0;0;0;0;0;0;0;0;0;3196;0;0;133;0;122;0;
17630;5287857;1249222656;21688320;1434791936;0;0;0;0;0;0;0;0;0;0;0;2856;0;0;133;0;122;0;
17631;5948987;1249222656;21688320;1434791936;0;0;0;0;0;0;0;0;0;0;0;3156;0;0;133;0;122;0;
17632;6590039;1249222656;21688320;1434791936;0;0;0;0;0;0;0;0;0;0;0;3096;0;0;133;0;122;0;
17633;5359221;1249222656;21688320;1434791936;0;0;0;0;0;0;0;0;0;0;0;3647;0;0;133;0;122;0;
17634;6174179;1249222656;21688320;1434791936;0;0;0;0;0;0;0;0;0;0;0;3767;0;0;133;0;122;0;
17635;3933897;1249222656;21688320;1434791936;0;0;0;0;0;0;0;0;0;0;0;3316;0;0;133;0;122;0;
17636;5387404;1249222656;21688320;1434791936;0;0;0;0;0;0;0;0;0;0;0;2434;0;0;133;0;122;0;
17637;5654624;1249222656;21688320;1434791936;0;0;0;0;0;0;0;0;0;0;0;3427;0;0;133;0;122;0;
17638;6696749;1249222656;21688320;1434791936;0;0;0;0;0;0;0;0;0;0;0;2795;0;0;133;0;122;0;
17639;3897199;1249222656;21688320;1434791936;0;0;0;0;0;0;0;0;0;0;0;3296;0;0;133;0;122;0;
17640;5233475;1249222656;21688320;1434791936;0;0;0;0;0;0;0;0;0;0;0;2044;0;0;133;0;122;0;
17641;4622008;1249222656;21688320;1434791936;0;0;0;0;0;0;0;0;0;0;0;3306;0;0;133;0;122;0;
17642;5731078;1249222656;21688320;1434791936;0;0;0;0;0;0;0;0;0;0;0;2545;0;0;133;0;122;0;
17643;5664984;1249222656;21688320;1434791936;0;0;0;0;0;0;0;0;0;0;0;2625;0;0;133;0;122;0;
17644;4931027;1249222656;21688320;1434791936;0;0;0;0;0;0;0;0;0;0;0;2124;0;0;133;0;122;0;
17645;6079601;1249222656;21688320;1434791936;0;0;0;0;0;0;0;0;0;0;0;3236;0;0;133;0;122;0;
17646;5625139;1249222656;21688320;1434791936;0;0;0;0;0;0;0;0;0;0;0;2224;0;0;133;0;122;0;
17647;4759445;1249222656;21688320;1434791936;0;0;0;0;0;0;0;0;0;0;0;2735;0;0;133;0;122;0;
17648;5498953;1249222656;21688320;1434791936;0;0;0;0;0;0;0;0;0;0;0;2585;0;0;133;0;122;0;
17649;5442166;1249222656;21688320;1434791936;0;0;0;0;0;0;0;0;0;0;0;3176;0;0;133;0;122;0;
17650;5221733;1249222656;21688320;1434791936;0;0;0;0;0;0;0;0;0;0;0;2926;0;0;133;0;122;0;
17651;5101657;1249222656;21688320;1434791936;0;0;0;0;0;0;0;0;0;0;0;3006;0;0;133;0;122;0;
17652;4701617;1249222656;21688320;1434791936;0;0;0;0;0;0;0;0;0;0;0;2345;0;0;133;0;122;0;
17653;6021783;1249222656;21688320;1434791936;0;0;0;0;0;0;0;0;0;0;0;2815;0;0;133;0;122;0;
17654;6086956;1249222656;21688320;1434791936;0;0;0;0;0;0;0;0;0;0;0;2164;0;0;133;0;122;0;
17655;5101076;1249222656;21688320;1434791936;0;0;0;0;0;0;0;0;0;0;0;3035;0;0;133;0;122;0;
17656;6298773;1249222656;21688320;1434791936;0;0;0;0;0;0;0;0;0;0;0;2474;0;0;133;0;122;0;
17657;5060571;1249222656;21688320;1434791936;0;0;0;0;0;0;0;0;0;0;0;2855;0;0;133;0;122;0;
17658;5931274;1249222656;21688320;1434791936;0;0;0;0;0;0;0;0;0;0;0;2265;0;0;133;0;122;0;
17659;4206890;1249222656;21688320;1434791936;0;0;0;0;0;0;0;0;0;0;0;3016;0;0;133;0;122;0;
17660;5586878;1249222656;21688320;1434791936;0;0;0;0;0;0;0;0;0;0;0;5441;0;0;133;0;122;0;
17661;6594888;1249222656;21688320;1434791936;0;0;0;0;0;0;0;0;0;0;0;3006;0;0;133;0;122;0;
17662;5176488;1249222656;21688320;1434791936;0;0;0;0;0;0;0;0;0;0;0;2454;0;0;133;0;122;0;
17663;5432097;1249222656;21688320;1434791936;0;0;0;0;0;0;0;0;0;0;0;2726;0;0;133;0;122;0;
17664;5315909;1249222656;21688320;1434791936;0;0;0;0;0;0;0;0;0;0;0;2795;0;0;133;0;122;0;
17665;4524816;1249222656;21688320;1434791936;0;0;0;0;0;0;0;0;0;0;0;3316;0;0;133;0;122;0;
17666;6011564;1249222656;21688320;1434791936;0;0;0;0;0;0;0;0;0;0;0;3166;0;0;133;0;122;0;
17667;4638689;1249222656;21688320;1434791936;0;0;0;0;0;0;0;0;0;0;0;3346;0;0;133;0;122;0;
17668;6034697;1249222656;21688320;1434791936;0;0;0;0;0;0;0;0;0;0;0;3467;0;0;133;0;122;0;
17669;3285902;1249222656;21688320;1434791936;0;0;0;0;0;0;0;0;0;0;0;3576;0;0;133;0;122;0;
17670;7150941;1249222656;21688320;1434791936;0;0;0;0;0;0;0;0;0;0;0;2655;0;0;133;0;122;0;
17671;6652937;1249222656;21688320;1434791936;0;0;0;0;0;0;0;0;0;0;0;4409;0;0;133;0;122;0;
17672;6168799;1249222656;21688320;1434791936;0;0;0;0;0;0;0;0;0;0;0;3005;0;0;133;0;122;0;
17673;5255005;1249222656;21688320;1434791936;0;0;0;0;0;0;0;0;0;0;0;4829;0;0;133;0;122;0;
17674;5602286;1249222656;21688320;1434791936;0;0;0;0;0;0;0;0;0;0;0;2645;0;0;133;0;122;0;
17675;4595268;1249222656;21688320;1434791936;0;0;0;0;0;0;0;0;0;0;0;3596;0;0;133;0;122;0;
17676;5719205;1249222656;21688320;1434791936;0;0;0;0;0;0;0;0;0;0;0;3246;0;0;133;0;122;0;
17677;4345550;1249222656;21688320;1434791936;0;0;0;0;0;0;0;0;0;0;0;3166;0;0;133;0;122;0;
17678;5413292;1249222656;21688320;1434791936;0;0;0;0;0;0;0;0;0;0;0;4188;0;0;133;0;122;0;
17679;4328037;1249222656;21688320;1434791936;0;0;0;0;0;0;0;0;0;0;0;2965;0;0;133;0;122;0;
17680;5093102;1249222656;21688320;1434791936;0;0;0;0;0;0;0;0;0;0;0;2315;0;0;133;0;122;0;
17681;4729299;1249222656;21688320;1434791936;0;0;0;0;0;0;0;0;0;0;0;2755;0;0;133;0;122;0;
17682;6425700;1249222656;21688320;1434791936;0;0;0;0;0;0;0;0;0;0;0;3837;0;0;133;0;122;0;
17683;5421096;1249222656;21688320;1434791936;0;0;0;0;0;0;0;0;0;0;0;3336;0;0;133;0;122;0;
17684;5261126;1249222656;21688320;1434791936;0;0;0;0;0;0;0;0;0;0;0;2725;0;0;133;0;122;0;
17685;5697185;1249222656;21688320;1434791936;0;0;0;0;0;0;0;0;0;0;0;3096;0;0;133;0;122;0;
17686;4952348;1249222656;21688320;1434791936;0;0;0;0;0;0;0;0;0;0;0;2334;0;0;133;0;122;0;
17687;5702124;1249222656;21688320;1434791936;0;0;0;0;0;0;0;0;0;0;0;3607;0;0;133;0;122;0;
17688;5241259;1249222656;21688320;1434791936;0;0;0;0;0;0;0;0;0;0;0;2515;0;0;133;0;122;0;
17689;4947959;1249222656;21688320;1434791936;0;0;0;0;0;0;0;0;0;0;0;3386;0;0;133;0;122;0;
17690;6200648;1249222656;21688320;1434791936;0;0;0;0;0;0;0;0;0;0;0;3547;0;0;133;0;122;0;
17691;5777345;1249222656;21688320;1434791936;0;0;0;0;0;0;0;0;0;0;0;3957;0;0;133;0;122;0;
17692;6905611;1249222656;21688320;1434791936;0;0;0;0;0;0;0;0;0;0;0;3246;0;0;133;0;122;0;
17693;4138551;1249222656;21688320;1434791936;0;0;0;0;0;0;0;0;0;0;0;3286;0;0;133;0;122;0;
17694;6901804;1249222656;21688320;1434791936;0;0;0;0;0;0;0;0;0;0;0;2935;0;0;133;0;122;0;
17695;3322731;1249222656;21688320;1434791936;0;0;0;0;0;0;0;0;0;0;0;3247;0;0;133;0;122;0;
17696;6627769;1249222656;21688320;1434791936;0;0;0;0;0;0;0;0;0;0;0;4469;0;0;133;0;122;0;
17697;4018586;1249222656;21688320;1434791936;0;0;0;0;0;0;0;0;0;0;0;4168;0;0;133;0;122;0;
17698;6778863;1249222656;21688320;1434791936;0;0;0;0;0;0;0;0;0;0;0;3347;0;0;133;0;122;0;
17699;3138195;1249222656;21688320;1434791936;0;0;0;0;0;0;0;0;0;0;0;3006;0;0;133;0;122;0;
17700;6634933;1249222656;21688320;1434791936;0;0;0;0;0;0;0;0;0;0;0;2425;0;0;133;0;122;0;
17701;4202902;1249222656;21688320;1434791936;0;0;0;0;0;0;0;0;0;0;0;2816;0;0;133;0;122;0;
17702;6060997;1249222656;21688320;1434791936;0;0;0;0;0;0;0;0;0;0;0;3236;0;0;133;0;122;0;
17703;4612000;1249222656;21688320;1434791936;0;0;0;0;0;0;0;0;0;0;0;2425;0;0;133;0;122;0;
17704;6568008;1249222656;21688320;1434791936;0;0;0;0;0;0;0;0;0;0;0;3066;0;0;133;0;122;0;
17705;3941051;1249222656;21688320;1434791936;0;0;0;0;0;0;0;0;0;0;0;3567;0;0;133;0;122;0;
17706;6538803;1249222656;21688320;1434791936;0;0;0;0;0;0;0;0;0;0;0;3687;0;0;133;0;122;0;
17707;3395227;1249222656;21688320;1434791936;0;0;0;0;0;0;0;0;0;0;0;3316;0;0;133;0;122;0;
17708;5978472;1249222656;21688320;1434791936;0;0;0;0;0;0;0;0;0;0;0;3787;0;0;133;0;122;0;
17709;3705158;1249222656;21688320;1434791936;0;0;0;0;0;0;0;0;0;0;0;3216;0;0;133;0;122;0;
17710;8734711;1249222656;21688320;1434791936;0;0;0;0;0;0;0;0;0;0;0;3116;0;0;133;0;122;0;
17711;11069570;1249222656;21688320;1434791936;0;0;0;0;0;0;0;0;0;0;0;3887;0;0;133;0;122;0;
17712;8073811;1249222656;21688320;1434791936;0;0;0;0;0;0;0;0;0;0;0;3426;0;0;133;0;122;0;
17713;4592012;1249222656;21688320;1434791936;0;0;0;0;0;0;0;0;0;0;0;3898;0;0;133;0;122;0;
17714;6696328;1249222656;21688320;1434791936;0;0;0;0;0;0;0;0;0;0;0;4107;0;0;133;0;122;0;
17715;4836440;1249222656;21688320;1434791936;0;0;0;0;0;0;0;0;0;0;0;4198;0;0;133;0;122;0;
17716;5388035;1249222656;21688320;1434791936;0;0;0;0;0;0;0;0;0;0;0;2645;0;0;133;0;122;0;
17717;6410963;1249222656;21688320;1434791936;0;0;0;0;0;0;0;0;0;0;0;3477;0;0;133;0;122;0;
17718;5625671;1249222656;21688320;1434791936;0;0;0;0;0;0;0;0;0;0;0;45685;0;0;133;0;122;0;
17719;5244105;1249222656;21688320;1434791936;0;0;0;0;0;0;0;0;0;0;0;2975;0;0;133;0;122;0;
17720;4846399;1249222656;21688320;1434791936;0;0;0;0;0;0;0;0;0;0;0;2465;0;0;133;0;122;0;
17721;4563057;1249222656;21688320;1434791936;0;0;0;0;0;0;0;0;0;0;0;3216;0;0;133;0;122;0;
17722;6745901;1249222656;21688320;1434791936;0;0;0;0;0;0;0;0;0;0;0;3356;0;0;133;0;122;0;
17723;3860730;1249222656;21688320;1434791936;0;0;0;0;0;0;0;0;0;0;0;3096;0;0;133;0;122;0;
17724;7681837;1249222656;21688320;1434791936;0;0;0;0;0;0;0;0;0;0;0;5410;0;0;133;0;122;0;
17725;4154251;1249222656;21688320;1434791936;0;0;0;0;0;0;0;0;0;0;0;4478;0;0;133;0;122;0;
17726;6769826;1249222656;21688320;1434791936;0;0;0;0;0;0;0;0;0;0;0;3997;0;0;133;0;122;0;
17727;3883874;1249222656;21688320;1434791936;0;0;0;0;0;0;0;0;0;0;0;3076;0;0;133;0;122;0;
17728;6667404;1249222656;21688320;1434791936;0;0;0;0;0;0;0;0;0;0;0;3326;0;0;133;0;122;0;
17729;4040417;1249222656;21688320;1434791936;0;0;0;0;0;0;0;0;0;0;0;2825;0;0;133;0;122;0;
17730;5520223;1249222656;21688320;1434791936;0;0;0;0;0;0;0;0;0;0;0;3827;0;0;133;0;122;0;
17731;4818346;1249222656;21688320;1434791936;0;0;0;0;0;0;0;0;0;0;0;3136;0;0;133;0;122;0;
17732;5433861;1249222656;21688320;1434791936;0;0;0;0;0;0;0;0;0;0;0;2715;0;0;133;0;122;0;
17733;5242542;1249222656;21688320;1434791936;0;0;0;0;0;0;0;0;0;0;0;3647;0;0;133;0;122;0;
17734;6862860;1249222656;21688320;1434791936;0;0;0;0;0;0;0;0;0;0;0;2635;0;0;133;0;122;0;
17735;4144873;1249222656;21688320;1434791936;0;0;0;0;0;0;0;0;0;0;0;2845;0;0;133;0;122;0;
17736;6526961;1249222656;21688320;1434791936;0;0;0;0;0;0;0;0;0;0;0;4008;0;0;133;0;122;0;
17737;4291478;1249222656;21688320;1434791936;0;0;0;0;0;0;0;0;0;0;0;3096;0;0;133;0;122;0;
17738;5972301;1249222656;21688320;1434791936;0;0;0;0;0;0;0;0;0;0;0;3075;0;0;133;0;122;0;
17739;4730081;1249222656;21688320;1434791936;0;0;0;0;0;0;0;0;0;0;0;3637;0;0;133;0;122;0;
17740;6943682;1249222656;21688320;1434791936;0;0;0;0;0;0;0;0;0;0;0;4238;0;0;133;0;122;0;
17741;4143691;1249222656;21688320;1434791936;0;0;0;0;0;0;0;0;0;0;0;2975;0;0;133;0;122;0;
17742;7379329;1249222656;21688320;1434791936;0;0;0;0;0;0;0;0;0;0;0;3276;0;0;133;0;122;0;
17743;4702650;1249222656;21688320;1434791936;0;0;0;0;0;0;0;0;0;0;0;2835;0;0;133;0;122;0;
17744;7053869;1249222656;21688320;1434791936;0;0;0;0;0;0;0;0;0;0;0;2395;0;0;133;0;122;0;
17745;4222639;1249222656;21688320;1434791936;0;0;0;0;0;0;0;0;0;0;0;2875;0;0;133;0;122;0;
17746;5384878;1249222656;21688320;1434791936;0;0;0;0;0;0;0;0;0;0;0;2875;0;0;133;0;122;0;
17747;4481264;1249222656;21688320;1434791936;0;0;0;0;0;0;0;0;0;0;0;2916;0;0;133;0;122;0;
17748;4778462;1249222656;21688320;1434791936;0;0;0;0;0;0;0;0;0;0;0;2445;0;0;133;0;122;0;
17749;5291534;1249222656;21688320;1434791936;0;0;0;0;0;0;0;0;0;0;0;3246;0;0;133;0;122;0;
17750;4725071;1249222656;21688320;1434791936;0;0;0;0;0;0;0;0;0;0;0;2205;0;0;133;0;122;0;
17751;5201865;1249222656;21688320;1434791936;0;0;0;0;0;0;0;0;0;0;0;2986;0;0;133;0;122;0;
17752;5031796;1249222656;21688320;1434791936;0;0;0;0;0;0;0;0;0;0;0;2906;0;0;133;0;122;0;
17753;4942559;1249222656;21688320;1434791936;0;0;0;0;0;0;0;0;0;0;0;4117;0;0;133;0;122;0;
17754;7531715;1249222656;21688320;1434791936;0;0;0;0;0;0;0;0;0;0;0;3246;0;0;133;0;122;0;
17755;4831230;1249222656;21688320;1434791936;0;0;0;0;0;0;0;0;0;0;0;2766;0;0;133;0;122;0;
17756;5367156;1249222656;21688320;1434791936;0;0;0;0;0;0;0;0;0;0;0;4880;0;0;133;0;122;0;
17757;4777069;1249222656;21688320;1434791936;0;0;0;0;0;0;0;0;0;0;0;2805;0;0;133;0;122;0;
17758;5048197;1249222656;21688320;1434791936;0;0;0;0;0;0;0;0;0;0;0;2184;0;0;133;0;122;0;
17759;5262148;1249222656;21688320;1434791936;0;0;0;0;0;0;0;0;0;0;0;3256;0;0;133;0;122;0;
17760;5519211;1249222656;21688320;1434791936;0;0;0;0;0;0;0;0;0;0;0;3677;0;0;133;0;122;0;
17761;5210081;1249222656;21688320;1434791936;0;0;0;0;0;0;0;0;0;0;0;2545;0;0;133;0;122;0;
17762;5436876;1249222656;21688320;1434791936;0;0;0;0;0;0;0;0;0;0;0;2965;0;0;133;0;122;0;
17763;5640649;1249222656;21688320;1434791936;0;0;0;0;0;0;0;0;0;0;0;3116;0;0;133;0;122;0;
17764;5844812;1249222656;21688320;1434791936;0;0;0;0;0;0;0;0;0;0;0;2906;0;0;133;0;122;0;
17765;5225019;1249222656;21688320;1434791936;0;0;0;0;0;0;0;0;0;0;0;2554;0;0;133;0;122;0;
17766;6300256;1249222656;21688320;1434791936;0;0;0;0;0;0;0;0;0;0;0;3547;0;0;133;0;122;0;
17767;7497461;1249222656;21688320;1434791936;0;0;0;0;0;0;0;0;0;0;0;2945;0;0;133;0;122;0;
17768;6994186;1249222656;21688320;1434791936;0;0;0;0;0;0;0;0;0;0;0;4799;0;0;133;0;122;0;
17769;3007651;1249222656;21688320;1434791936;0;0;0;0;0;0;0;0;0;0;0;3577;0;0;133;0;122;0;
17770;7104374;1249222656;21692416;1434796032;0;0;0;0;0;0;0;0;0;0;0;4057;0;0;133;0;122;0;
17771;3812930;1249222656;21696512;1434800128;0;0;0;0;0;0;0;0;0;0;0;2675;0;0;133;0;122;0;
17772;5385119;1249222656;21696512;1434800128;0;0;0;0;0;0;0;0;0;0;0;2464;0;0;133;0;122;0;
17773;5305049;1249222656;21696512;1434800128;0;0;0;0;0;0;0;0;0;0;0;3456;0;0;133;0;122;0;
17774;6646565;1249222656;21696512;1434800128;0;0;0;0;0;0;0;0;0;0;0;2935;0;0;133;0;122;0;
17775;3723994;1249222656;21696512;1434800128;0;0;0;0;0;0;0;0;0;0;0;3447;0;0;133;0;122;0;
17776;5482121;1249222656;21696512;1434800128;0;0;0;0;0;0;0;0;0;0;0;2044;0;0;133;0;122;0;
17777;5150389;1249222656;21688320;1434791936;0;0;0;0;0;0;0;0;0;0;0;3828;0;0;133;0;122;0;
17778;6457711;1249222656;21688320;1434791936;0;0;0;0;0;0;0;0;0;0;0;3747;0;0;133;0;122;0;
17779;4304463;1249222656;21688320;1434791936;0;0;0;0;0;0;0;0;0;0;0;3206;0;0;133;0;122;0;
17780;7890968;1249222656;21688320;1434791936;0;0;0;0;0;0;0;0;0;0;0;3406;0;0;133;0;122;0;
17781;3862444;1249222656;21688320;1434791936;0;0;0;0;0;0;0;0;0;0;0;2575;0;0;133;0;122;0;
17782;7040944;1249222656;21688320;1434791936;0;0;0;0;0;0;0;0;0;0;0;4188;0;0;133;0;122;0;
17783;4578898;1249222656;21688320;1434791936;0;0;0;0;0;0;0;0;0;0;0;2525;0;0;133;0;122;0;
17784;6788811;1249222656;21688320;1434791936;0;0;0;0;0;0;0;0;0;0;0;4368;0;0;133;0;122;0;
17785;5316841;1249222656;21688320;1434791936;0;0;0;0;0;0;0;0;0;0;0;3807;0;0;133;0;122;0;
17786;7032499;1249222656;21688320;1434791936;0;0;0;0;0;0;0;0;0;0;0;3296;0;0;133;0;122;0;
17787;5928789;1249222656;21688320;1434791936;0;0;0;0;0;0;0;0;0;0;0;3066;0;0;133;0;122;0;
17788;6955765;1249222656;21688320;1434791936;0;0;0;0;0;0;0;0;0;0;0;2705;0;0;133;0;122;0;
17789;4464883;1249222656;21688320;1434791936;0;0;0;0;0;0;0;0;0;0;0;3777;0;0;133;0;122;0;
17790;5446164;1249222656;21688320;1434791936;0;0;0;0;0;0;0;0;0;0;0;3466;0;0;133;0;122;0;
17791;4432122;1249222656;21688320;1434791936;0;0;0;0;0;0;0;0;0;0;0;3277;0;0;133;0;122;0;
17792;5645728;1249222656;21688320;1434791936;0;0;0;0;0;0;0;0;0;0;0;3456;0;0;133;0;122;0;
17793;3018150;1249222656;21688320;1434791936;0;0;0;0;0;0;0;0;0;0;0;3116;0;0;133;0;122;0;
17794;6816574;1249222656;21688320;1434791936;0;0;0;0;0;0;0;0;0;0;0;3186;0;0;133;0;122;0;
17795;4456378;1249222656;21688320;1434791936;0;0;0;0;0;0;0;0;0;0;0;3897;0;0;133;0;122;0;
17796;6726826;1249222656;21688320;1434791936;0;0;0;0;0;0;0;0;0;0;0;4328;0;0;133;0;122;0;
17797;4527401;1249222656;21688320;1434791936;0;0;0;0;0;0;0;0;0;0;0;4007;0;0;133;0;122;0;
17798;6594807;1249222656;21688320;1434791936;0;0;0;0;0;0;0;0;0;0;0;4188;0;0;133;0;122;0;
17799;3254233;1249222656;21688320;1434791936;0;0;0;0;0;0;0;0;0;0;0;3106;0;0;133;0;122;0;
17800;6444906;1249222656;21688320;1434791936;0;0;0;0;0;0;0;0;0;0;0;3526;0;0;133;0;122;0;
17801;3523558;1249222656;21688320;1434791936;0;0;0;0;0;0;0;0;0;0;0;3376;0;0;133;0;122;0;
17802;5752408;1249222656;21688320;1434791936;0;0;0;0;0;0;0;0;0;0;0;3927;0;0;133;0;122;0;
17803;4056848;1249222656;21688320;1434791936;0;0;0;0;0;0;0;0;0;0;0;3236;0;0;133;0;122;0;
17804;6663917;1249222656;21688320;1434791936;0;0;0;0;0;0;0;0;0;0;0;2104;0;0;133;0;122;0;
17805;3459939;1249222656;21688320;1434791936;0;0;0;0;0;0;0;0;0;0;0;3166;0;0;133;0;122;0;
17806;5689300;1249222656;21688320;1434791936;0;0;0;0;0;0;0;0;0;0;0;2465;0;0;133;0;122;0;
17807;4420420;1249222656;21688320;1434791936;0;0;0;0;0;0;0;0;0;0;0;2746;0;0;133;0;122;0;
17808;4776518;1249222656;21688320;1434791936;0;0;0;0;0;0;0;0;0;0;0;2564;0;0;133;0;122;0;
17809;4826282;1249222656;21688320;1434791936;0;0;0;0;0;0;0;0;0;0;0;2876;0;0;133;0;122;0;
17810;5008062;1249222656;21688320;1434791936;0;0;0;0;0;0;0;0;0;0;0;2144;0;0;133;0;122;0;
17811;4546086;1249222656;21688320;1434791936;0;0;0;0;0;0;0;0;0;0;0;2645;0;0;133;0;122;0;
17812;5536903;1249222656;21688320;1434791936;0;0;0;0;0;0;0;0;0;0;0;3537;0;0;133;0;122;0;
17813;4273946;1249222656;21688320;1434791936;0;0;0;0;0;0;0;0;0;0;0;3947;0;0;133;0;122;0;
17814;5371594;1249222656;21688320;1434791936;0;0;0;0;0;0;0;0;0;0;0;2455;0;0;133;0;122;0;
17815;4507944;1249222656;21688320;1434791936;0;0;0;0;0;0;0;0;0;0;0;3336;0;0;133;0;122;0;
17816;6153971;1249222656;21688320;1434791936;0;0;0;0;0;0;0;0;0;0;0;3396;0;0;133;0;122;0;
17817;4627488;1249222656;21688320;1434791936;0;0;0;0;0;0;0;0;0;0;0;3938;0;0;133;0;122;0;
17818;7642904;1249222656;21688320;1434791936;0;0;0;0;0;0;0;0;0;0;0;4338;0;0;133;0;122;0;
17819;4302318;1249222656;21688320;1434791936;0;0;0;0;0;0;0;0;0;0;0;3136;0;0;133;0;122;0;
17820;7076932;1249222656;21688320;1434791936;0;0;0;0;0;0;0;0;0;0;0;3286;0;0;133;0;122;0;
17821;3687947;1249222656;21688320;1434791936;0;0;0;0;0;0;0;0;0;0;0;3276;0;0;133;0;122;0;
17822;7456083;1249222656;21688320;1434791936;0;0;0;0;0;0;0;0;0;0;0;4238;0;0;133;0;122;0;
17823;3830454;1249222656;21688320;1434791936;0;0;0;0;0;0;0;0;0;0;0;3206;0;0;133;0;122;0;
17824;6684577;1249222656;21688320;1434791936;0;0;0;0;0;0;0;0;0;0;0;5109;0;0;133;0;122;0;
17825;3770361;1249222656;21688320;1434791936;0;0;0;0;0;0;0;0;0;0;0;3557;0;0;133;0;122;0;
17826;6893208;1249222656;21688320;1434791936;0;0;0;0;0;0;0;0;0;0;0;3426;0;0;133;0;122;0;
17827;3819413;1249222656;21688320;1434791936;0;0;0;0;0;0;0;0;0;0;0;2875;0;0;133;0;122;0;
17828;4937159;1249222656;21688320;1434791936;0;0;0;0;0;0;0;0;0;0;0;2595;0;0;133;0;122;0;
17829;6437243;1249222656;21688320;1434791936;0;0;0;0;0;0;0;0;0;0;0;66525;0;0;133;0;122;0;
17830;7196526;1249222656;21688320;1434791936;0;0;0;0;0;0;0;0;0;0;0;2624;0;0;133;0;122;0;
17831;4338817;1249222656;21688320;1434791936;0;0;0;0;0;0;0;0;0;0;0;3196;0;0;133;0;122;0;
17832;5969776;1249222656;21688320;1434791936;0;0;0;0;0;0;0;0;0;0;0;2545;0;0;133;0;122;0;
17833;4000562;1249222656;21688320;1434791936;0;0;0;0;0;0;0;0;0;0;0;3947;0;0;133;0;122;0;
17834;6465685;1249222656;21688320;1434791936;0;0;0;0;0;0;0;0;0;0;0;3847;0;0;133;0;122;0;
17835;3461021;1249222656;21688320;1434791936;0;0;0;0;0;0;0;0;0;0;0;3928;0;0;133;0;122;0;
17836;5982359;1249222656;21688320;1434791936;0;0;0;0;0;0;0;0;0;0;0;3096;0;0;133;0;122;0;
17837;4080012;1249222656;21688320;1434791936;0;0;0;0;0;0;0;0;0;0;0;3577;0;0;133;0;122;0;
17838;5313335;1249222656;21688320;1434791936;0;0;0;0;0;0;0;0;0;0;0;3065;0;0;133;0;122;0;
17839;4664968;1249222656;21688320;1434791936;0;0;0;0;0;0;0;0;0;0;0;2935;0;0;133;0;122;0;
17840;5755434;1249222656;21688320;1434791936;0;0;0;0;0;0;0;0;0;0;0;2555;0;0;133;0;122;0;
17841;4788931;1249222656;21688320;1434791936;0;0;0;0;0;0;0;0;0;0;0;3016;0;0;133;0;122;0;
17842;6389472;1249222656;21688320;1434791936;0;0;0;0;0;0;0;0;0;0;0;2665;0;0;133;0;122;0;
17843;4049414;1249222656;21688320;1434791936;0;0;0;0;0;0;0;0;0;0;0;4218;0;0;133;0;122;0;
17844;7119451;1249222656;21688320;1434791936;0;0;0;0;0;0;0;0;0;0;0;2755;0;0;133;0;122;0;
17845;4933532;1249222656;21688320;1434791936;0;0;0;0;0;0;0;0;0;0;0;4559;0;0;133;0;122;0;
17846;6276931;1249222656;21688320;1434791936;0;0;0;0;0;0;0;0;0;0;0;4008;0;0;133;0;122;0;
17847;4625394;1249222656;21688320;1434791936;0;0;0;0;0;0;0;0;0;0;0;4248;0;0;133;0;122;0;
17848;5492922;1249222656;21688320;1434791936;0;0;0;0;0;0;0;0;0;0;0;3918;0;0;133;0;122;0;
17849;3998919;1249222656;21688320;1434791936;0;0;0;0;0;0;0;0;0;0;0;5100;0;0;133;0;122;0;
17850;5846434;1249222656;21688320;1434791936;0;0;0;0;0;0;0;0;0;0;0;2775;0;0;133;0;122;0;
17851;4293522;1249222656;21688320;1434791936;0;0;0;0;0;0;0;0;0;0;0;4198;0;0;133;0;122;0;
17852;7435785;1249222656;21688320;1434791936;0;0;0;0;0;0;0;0;0;0;0;4057;0;0;133;0;122;0;
17853;4217490;1249222656;21688320;1434791936;0;0;0;0;0;0;0;0;0;0;0;2685;0;0;133;0;122;0;
17854;5952323;1249222656;21688320;1434791936;0;0;0;0;0;0;0;0;0;0;0;3937;0;0;133;0;122;0;
17855;4183817;1249222656;21688320;1434791936;0;0;0;0;0;0;0;0;0;0;0;3637;0;0;133;0;122;0;
17856;6892325;1249222656;21688320;1434791936;0;0;0;0;0;0;0;0;0;0;0;2735;0;0;133;0;122;0;
17857;4108264;1249222656;21688320;1434791936;0;0;0;0;0;0;0;0;0;0;0;2965;0;0;133;0;122;0;
17858;6406815;1249222656;21688320;1434791936;0;0;0;0;0;0;0;0;0;0;0;3376;0;0;133;0;122;0;
17859;4283273;1249222656;21688320;1434791936;0;0;0;0;0;0;0;0;0;0;0;3797;0;0;133;0;122;0;
17860;6201510;1249222656;21688320;1434791936;0;0;0;0;0;0;0;0;0;0;0;3647;0;0;133;0;122;0;
17861;3129299;1249222656;21688320;1434791936;0;0;0;0;0;0;0;0;0;0;0;3667;0;0;133;0;122;0;
17862;5577981;1249222656;21688320;1434791936;0;0;0;0;0;0;0;0;0;0;0;2745;0;0;133;0;122;0;
17863;3869968;1249222656;21688320;1434791936;0;0;0;0;0;0;0;0;0;0;0;3056;0;0;133;0;122;0;
17864;5655997;1249222656;21688320;1434791936;0;0;0;0;0;0;0;0;0;0;0;2885;0;0;133;0;122;0;
17865;4116991;1249222656;21688320;1434791936;0;0;0;0;0;0;0;0;0;0;0;3627;0;0;133;0;122;0;
17866;5674021;1249222656;21688320;1434791936;0;0;0;0;0;0;0;0;0;0;0;3537;0;0;133;0;122;0;
17867;3682065;1249222656;21688320;1434791936;0;0;0;0;0;0;0;0;0;0;0;3306;0;0;133;0;122;0;
17868;5192077;1249222656;21688320;1434791936;0;0;0;0;0;0;0;0;0;0;0;3226;0;0;133;0;122;0;
17869;3813562;1249222656;21688320;1434791936;0;0;0;0;0;0;0;0;0;0;0;3216;0;0;133;0;122;0;
17870;4737174;1249222656;21688320;1434791936;0;0;0;0;0;0;0;0;0;0;0;2435;0;0;133;0;122;0;
17871;4524405;1249222656;21688320;1434791936;0;0;0;0;0;0;0;0;0;0;0;4077;0;0;133;0;122;0;
17872;5541322;1249222656;21688320;1434791936;0;0;0;0;0;0;0;0;0;0;0;2484;0;0;133;0;122;0;
17873;4341642;1249222656;21688320;1434791936;0;0;0;0;0;0;0;0;0;0;0;3466;0;0;133;0;122;0;
17874;4992964;1249222656;21688320;1434791936;0;0;0;0;0;0;0;0;0;0;0;2194;0;0;133;0;122;0;
17875;4248137;1249222656;21688320;1434791936;0;0;0;0;0;0;0;0;0;0;0;4288;0;0;133;0;122;0;
17876;5006038;1249222656;21688320;1434791936;0;0;0;0;0;0;0;0;0;0;0;2375;0;0;133;0;122;0;
17877;4932410;1249222656;21688320;1434791936;0;0;0;0;0;0;0;0;0;0;0;3627;0;0;133;0;122;0;
17878;5470560;1249222656;21688320;1434791936;0;0;0;0;0;0;0;0;0;0;0;2545;0;0;133;0;122;0;
17879;3896969;1249222656;21688320;1434791936;0;0;0;0;0;0;0;0;0;0;0;3597;0;0;133;0;122;0;
17880;4949753;1249222656;21688320;1434791936;0;0;0;0;0;0;0;0;0;0;0;3196;0;0;133;0;122;0;
17881;3823981;1249222656;21688320;1434791936;0;0;0;0;0;0;0;0;0;0;0;4688;0;0;133;0;122;0;
17882;5251619;1249222656;21688320;1434791936;0;0;0;0;0;0;0;0;0;0;0;2925;0;0;133;0;122;0;
17883;4378542;1249222656;21688320;1434791936;0;0;0;0;0;0;0;0;0;0;0;4078;0;0;133;0;122;0;
17884;5183181;1249222656;21688320;1434791936;0;0;0;0;0;0;0;0;0;0;0;3697;0;0;133;0;122;0;
17885;4107584;1249222656;21688320;1434791936;0;0;0;0;0;0;0;0;0;0;0;3286;0;0;133;0;122;0;
17886;5277087;1249222656;21688320;1434791936;0;0;0;0;0;0;0;0;0;0;0;3256;0;0;133;0;122;0;
17887;4164180;1249222656;21688320;1434791936;0;0;0;0;0;0;0;0;0;0;0;3276;0;0;133;0;122;0;
17888;5153655;1249222656;21688320;1434791936;0;0;0;0;0;0;0;0;0;0;0;2745;0;0;133;0;122;0;
17889;4475924;1249222656;21688320;1434791936;0;0;0;0;0;0;0;0;0;0;0;3857;0;0;133;0;122;0;
17890;6194968;1249222656;21688320;1434791936;0;0;0;0;0;0;0;0;0;0;0;3336;0;0;133;0;122;0;
17891;5592899;1249222656;21688320;1434791936;0;0;0;0;0;0;0;0;0;0;0;2836;0;0;133;0;122;0;
17892;5676626;1249222656;21688320;1434791936;0;0;0;0;0;0;0;0;0;0;0;2455;0;0;133;0;122;0;
17893;4500670;1249222656;21688320;1434791936;0;0;0;0;0;0;0;0;0;0;0;2936;0;0;133;0;122;0;
17894;5632684;1249222656;21688320;1434791936;0;0;0;0;0;0;0;0;0;0;0;3196;0;0;133;0;122;0;
17895;4266772;1249222656;21688320;1434791936;0;0;0;0;0;0;0;0;0;0;0;3677;0;0;133;0;122;0;
17896;4998904;1249222656;21688320;1434791936;0;0;0;0;0;0;0;0;0;0;0;2685;0;0;133;0;122;0;
17897;4787148;1249222656;21688320;1434791936;0;0;0;0;0;0;0;0;0;0;0;4238;0;0;133;0;122;0;
17898;10622041;1249222656;21688320;1434791936;0;0;0;0;0;0;0;0;0;0;0;2895;0;0;133;0;122;0;
17899;8576975;1249222656;21688320;1434791936;0;0;0;0;0;0;0;0;0;0;0;3607;0;0;133;0;122;0;
17900;6479462;1249222656;21688320;1434791936;0;0;0;0;0;0;0;0;0;0;0;4047;0;0;133;0;122;0;
17901;3702333;1249222656;21688320;1434791936;0;0;0;0;0;0;0;0;0;0;0;3636;0;0;133;0;122;0;
17902;7229799;1249222656;21688320;1434791936;0;0;0;0;0;0;0;0;0;0;0;2875;0;0;133;0;122;0;
17903;3434200;1249222656;21688320;1434791936;0;0;0;0;0;0;0;0;0;0;0;4048;0;0;133;0;122;0;
17904;7148156;1249222656;21688320;1434791936;0;0;0;0;0;0;0;0;0;0;0;3577;0;0;133;0;122;0;
17905;3191505;1249222656;21688320;1434791936;0;0;0;0;0;0;0;0;0;0;0;4308;0;0;133;0;122;0;
17906;5873625;1249222656;21688320;1434791936;0;0;0;0;0;0;0;0;0;0;0;3467;0;0;133;0;122;0;
17907;4943892;1249222656;21688320;1434791936;0;0;0;0;0;0;0;0;0;0;0;3196;0;0;133;0;122;0;
17908;7889195;1249222656;21688320;1434791936;0;0;0;0;0;0;0;0;0;0;0;3397;0;0;133;0;122;0;
17909;4071997;1249222656;21688320;1434791936;0;0;0;0;0;0;0;0;0;0;0;3456;0;0;133;0;122;0;
17910;5202357;1249222656;21688320;1434791936;0;0;0;0;0;0;0;0;0;0;0;2735;0;0;133;0;122;0;
17911;4838303;1249222656;21688320;1434791936;0;0;0;0;0;0;0;0;0;0;0;3166;0;0;133;0;122;0;
17912;5072142;1249222656;21688320;1434791936;0;0;0;0;0;0;0;0;0;0;0;2404;0;0;133;0;122;0;
17913;4677302;1249222656;21688320;1434791936;0;0;0;0;0;0;0;0;0;0;0;3096;0;0;133;0;122;0;
17914;5214399;1249222656;21688320;1434791936;0;0;0;0;0;0;0;0;0;0;0;2394;0;0;133;0;122;0;
17915;4508244;1249222656;21688320;1434791936;0;0;0;0;0;0;0;0;0;0;0;3316;0;0;133;0;122;0;
17916;4533933;1249222656;21688320;1434791936;0;0;0;0;0;0;0;0;0;0;0;2414;0;0;133;0;122;0;
17917;4508775;1249222656;21688320;1434791936;0;0;0;0;0;0;0;0;0;0;0;2825;0;0;133;0;122;0;
17918;5752248;1249222656;21688320;1434791936;0;0;0;0;0;0;0;0;0;0;0;2445;0;0;133;0;122;0;
17919;5307654;1249222656;21688320;1434791936;0;0;0;0;0;0;0;0;0;0;0;3387;0;0;133;0;122;0;
17920;6408558;1249222656;21688320;1434791936;0;0;0;0;0;0;0;0;0;0;0;2825;0;0;133;0;122;0;
17921;4260830;1249222656;21688320;1434791936;0;0;0;0;0;0;0;0;0;0;0;2865;0;0;133;0;122;0;
17922;5642131;1249222656;21688320;1434791936;0;0;0;0;0;0;0;0;0;0;0;3747;0;0;133;0;122;0;
17923;4427823;1249222656;21688320;1434791936;0;0;0;0;0;0;0;0;0;0;0;3587;0;0;133;0;122;0;
17924;5923920;1249222656;21688320;1434791936;0;0;0;0;0;0;0;0;0;0;0;3337;0;0;133;0;122;0;
17925;4179017;1249222656;21688320;1434791936;0;0;0;0;0;0;0;0;0;0;0;3908;0;0;133;0;122;0;
17926;5540500;1249222656;21688320;1434791936;0;0;0;0;0;0;0;0;0;0;0;2094;0;0;133;0;122;0;
17927;4192834;1249222656;21688320;1434791936;0;0;0;0;0;0;0;0;0;0;0;2705;0;0;133;0;122;0;
17928;5341567;1249222656;21688320;1434791936;0;0;0;0;0;0;0;0;0;0;0;2244;0;0;133;0;122;0;
17929;5254384;1249222656;21688320;1434791936;0;0;0;0;0;0;0;0;0;0;0;4078;0;0;133;0;122;0;
17930;5511216;1249222656;21688320;1434791936;0;0;0;0;0;0;0;0;0;0;0;2936;0;0;133;0;122;0;
17931;5162101;1249222656;21688320;1434791936;0;0;0;0;0;0;0;0;0;0;0;3427;0;0;133;0;122;0;
17932;5840713;1249222656;21688320;1434791936;0;0;0;0;0;0;0;0;0;0;0;2776;0;0;133;0;122;0;
17933;5029603;1249222656;21688320;1434791936;0;0;0;0;0;0;0;0;0;0;0;3466;0;0;133;0;122;0;
17934;5178843;1249222656;21688320;1434791936;0;0;0;0;0;0;0;0;0;0;0;2435;0;0;133;0;122;0;
17935;7407902;1249222656;21688320;1434791936;0;0;0;0;0;0;0;0;0;0;0;2715;0;0;133;0;122;0;
17936;4907433;1249222656;21688320;1434791936;0;0;0;0;0;0;0;0;0;0;0;2164;0;0;133;0;122;0;
17937;5866391;1249222656;21688320;1434791936;0;0;0;0;0;0;0;0;0;0;0;4027;0;0;133;0;122;0;
17938;7170989;1249222656;21688320;1434791936;0;0;0;0;0;0;0;0;0;0;0;3868;0;0;133;0;122;0;
17939;5211283;1249222656;21688320;1434791936;0;0;0;0;0;0;0;0;0;0;0;3737;0;0;133;0;122;0;
17940;6091313;1249222656;21688320;1434791936;0;0;0;0;0;0;0;0;0;0;0;4408;0;0;133;0;122;0;
17941;4903677;1249222656;21688320;1434791936;0;0;0;0;0;0;0;0;0;0;0;2635;0;0;133;0;122;0;
17942;5323163;1249222656;21688320;1434791936;0;0;0;0;0;0;0;0;0;0;0;2795;0;0;133;0;122;0;
17943;5870820;1249222656;21688320;1434791936;0;0;0;0;0;0;0;0;0;0;0;3106;0;0;133;0;122;0;
17944;6379454;1249222656;21688320;1434791936;0;0;0;0;0;0;0;0;0;0;0;2765;0;0;133;0;122;0;
17945;3696252;1249222656;21688320;1434791936;0;0;0;0;0;0;0;0;0;0;0;2986;0;0;133;0;122;0;
17946;6840158;1249222656;21688320;1434791936;0;0;0;0;0;0;0;0;0;0;0;3025;0;0;133;0;122;0;
17947;5767917;1249222656;21688320;1434791936;0;0;0;0;0;0;0;0;0;0;0;3927;0;0;133;0;122;0;
17948;7971961;1249222656;21688320;1434791936;0;0;0;0;0;0;0;0;0;0;0;3967;0;0;133;0;122;0;
17949;6100901;1249222656;21688320;1434791936;0;0;0;0;0;0;0;0;0;0;0;3246;0;0;133;0;122;0;
17950;6365558;1249222656;21688320;1434791936;0;0;0;0;0;0;0;0;0;0;0;2645;0;0;133;0;122;0;
17951;5011379;1249222656;21688320;1434791936;0;0;0;0;0;0;0;0;0;0;0;4178;0;0;133;0;122;0;
17952;7107980;1249222656;21688320;1434791936;0;0;0;0;0;0;0;0;0;0;0;3697;0;0;133;0;122;0;
17953;6510630;1249222656;21688320;1434791936;0;0;0;0;0;0;0;0;0;0;0;3286;0;0;133;0;122;0;
17954;6564511;1249222656;21688320;1434791936;0;0;0;0;0;0;0;0;0;0;0;2735;0;0;133;0;122;0;
17955;5201154;1249222656;21688320;1434791936;0;0;0;0;0;0;0;0;0;0;0;5591;0;0;133;0;122;0;
17956;7099744;1249222656;21688320;1434791936;0;0;0;0;0;0;0;0;0;0;0;3937;0;0;133;0;122;0;
17957;5254705;1249222656;21688320;1434791936;0;0;0;0;0;0;0;0;0;0;0;2876;0;0;133;0;122;0;
17958;6759476;1249222656;21688320;1434791936;0;0;0;0;0;0;0;0;0;0;0;3386;0;0;133;0;122;0;
17959;4622409;1249222656;21688320;1434791936;0;0;0;0;0;0;0;0;0;0;0;3236;0;0;133;0;122;0;
17960;4969790;1249222656;21688320;1434791936;0;0;0;0;0;0;0;0;0;0;0;2605;0;0;133;0;122;0;
17961;6175482;1249222656;21688320;1434791936;0;0;0;0;0;0;0;0;0;0;0;2995;0;0;133;0;122;0;
17962;6240934;1249222656;21688320;1434791936;0;0;0;0;0;0;0;0;0;0;0;3136;0;0;133;0;122;0;
17963;6264078;1249222656;21688320;1434791936;0;0;0;0;0;0;0;0;0;0;0;2946;0;0;133;0;122;0;
17964;5797563;1249222656;21688320;1434791936;0;0;0;0;0;0;0;0;0;0;0;2786;0;0;133;0;122;0;
17965;6320984;1249222656;21688320;1434791936;0;0;0;0;0;0;0;0;0;0;0;3617;0;0;133;0;122;0;
17966;5810337;1249222656;21688320;1434791936;0;0;0;0;0;0;0;0;0;0;0;3787;0;0;133;0;122;0;
17967;4249609;1249222656;21688320;1434791936;0;0;0;0;0;0;0;0;0;0;0;3456;0;0;133;0;122;0;
17968;5096658;1249222656;21688320;1434791936;0;0;0;0;0;0;0;0;0;0;0;2364;0;0;133;0;122;0;
17969;5708656;1249222656;21688320;1434791936;0;0;0;0;0;0;0;0;0;0;0;3336;0;0;133;0;122;0;
17970;6930387;1249222656;21688320;1434791936;0;0;0;0;0;0;0;0;0;0;0;3025;0;0;133;0;122;0;
17971;3859037;1249222656;21688320;1434791936;0;0;0;0;0;0;0;0;0;0;0;3176;0;0;133;0;122;0;
17972;5833680;1249222656;21688320;1434791936;0;0;0;0;0;0;0;0;0;0;0;2685;0;0;133;0;122;0;
17973;4745139;1249222656;21688320;1434791936;0;0;0;0;0;0;0;0;0;0;0;2965;0;0;133;0;122;0;
17974;6257415;1249222656;21688320;1434791936;0;0;0;0;0;0;0;0;0;0;0;3727;0;0;133;0;122;0;
17975;4771197;1249222656;21688320;1434791936;0;0;0;0;0;0;0;0;0;0;0;3567;0;0;133;0;122;0;
17976;5521745;1249222656;21688320;1434791936;0;0;0;0;0;0;0;0;0;0;0;3727;0;0;133;0;122;0;
17977;4900410;1249222656;21688320;1434791936;0;0;0;0;0;0;0;0;0;0;0;3176;0;0;133;0;122;0;
17978;5728994;1249222656;21688320;1434791936;0;0;0;0;0;0;0;0;0;0;0;2685;0;0;133;0;122;0;
17979;5005247;1249222656;21688320;1434791936;0;0;0;0;0;0;0;0;0;0;0;4789;0;0;133;0;122;0;
17980;5368749;1249222656;21688320;1434791936;0;0;0;0;0;0;0;0;0;0;0;3206;0;0;133;0;122;0;
17981;4121599;1249222656;21688320;1434791936;0;0;0;0;0;0;0;0;0;0;0;13655;0;0;133;0;122;0;
17982;5736147;1249222656;21688320;1434791936;0;0;0;0;0;0;0;0;0;0;0;2815;0;0;133;0;122;0;
17983;5029513;1249222656;21688320;1434791936;0;0;0;0;0;0;0;0;0;0;0;3617;0;0;133;0;122;0;
17984;5005877;1249222656;21688320;1434791936;0;0;0;0;0;0;0;0;0;0;0;3226;0;0;133;0;122;0;
17985;4540636;1249222656;21688320;1434791936;0;0;0;0;0;0;0;0;0;0;0;3527;0;0;133;0;122;0;
17986;5660906;1249222656;21688320;1434791936;0;0;0;0;0;0;0;0;0;0;0;3978;0;0;133;0;122;0;
17987;5323814;1249222656;21688320;1434791936;0;0;0;0;0;0;0;0;0;0;0;3286;0;0;133;0;122;0;
17988;5060610;1249222656;21688320;1434791936;0;0;0;0;0;0;0;0;0;0;0;4118;0;0;133;0;122;0;
17989;4894429;1249222656;21688320;1434791936;0;0;0;0;0;0;0;0;0;0;0;5731;0;0;133;0;122;0;
17990;5118750;1249222656;21688320;1434791936;0;0;0;0;0;0;0;0;0;0;0;2925;0;0;133;0;122;0;
17991;5335045;1249222656;21688320;1434791936;0;0;0;0;0;0;0;0;0;0;0;4338;0;0;133;0;122;0;
17992;6079472;1249222656;21688320;1434791936;0;0;0;0;0;0;0;0;0;0;0;3797;0;0;133;0;122;0;
17993;4737034;1249222656;21688320;1434791936;0;0;0;0;0;0;0;0;0;0;0;3607;0;0;133;0;122;0;
17994;6576764;1249222656;21688320;1434791936;0;0;0;0;0;0;0;0;0;0;0;4147;0;0;133;0;122;0;
17995;5279791;1249222656;21688320;1434791936;0;0;0;0;0;0;0;0;0;0;0;3156;0;0;133;0;122;0;
17996;7028020;1249222656;21688320;1434791936;0;0;0;0;0;0;0;0;0;0;0;2895;0;0;133;0;122;0;
17997;5756075;1249222656;21688320;1434791936;0;0;0;0;0;0;0;0;0;0;0;3236;0;0;133;0;122;0;
17998;6285858;1249222656;21688320;1434791936;0;0;0;0;0;0;0;0;0;0;0;2735;0;0;133;0;122;0;
17999;6223651;1249222656;21688320;1434791936;0;0;0;0;0;0;0;0;0;0;0;3747;0;0;133;0;122;0;
18000;5777945;1249222656;21688320;1434791936;0;0;0;0;0;0;0;0;0;0;0;3536;0;0;133;0;122;0;
18001;6201109;1249222656;21688320;1434791936;0;0;0;0;0;0;0;0;0;0;0;4318;0;0;133;0;122;0;
18002;7217977;1249222656;21688320;1434791936;0;0;0;0;0;0;0;0;0;0;0;3637;0;0;133;0;122;0;
18003;4322075;1249222656;21688320;1434791936;0;0;0;0;0;0;0;0;0;0;0;3727;0;0;133;0;122;0;
18004;7484006;1249222656;21688320;1434791936;0;0;0;0;0;0;0;0;0;0;0;3537;0;0;133;0;122;0;
18005;4010451;1249222656;21688320;1434791936;0;0;0;0;0;0;0;0;0;0;0;3546;0;0;133;0;122;0;
18006;7535181;1249222656;21688320;1434791936;0;0;0;0;0;0;0;0;0;0;0;3146;0;0;133;0;122;0;
18007;7182701;1249222656;21688320;1434791936;0;0;0;0;0;0;0;0;0;0;0;4298;0;0;133;0;122;0;
18008;5724205;1249222656;21688320;1434791936;0;0;0;0;0;0;0;0;0;0;0;4458;0;0;133;0;122;0;
18009;7491759;1249222656;21688320;1434791936;0;0;0;0;0;0;0;0;0;0;0;3266;0;0;133;0;122;0;
18010;6276571;1249222656;21688320;1434791936;0;0;0;0;0;0;0;0;0;0;0;3627;0;0;133;0;122;0;
18011;7125443;1249222656;21688320;1434791936;0;0;0;0;0;0;0;0;0;0;0;3196;0;0;133;0;122;0;
18012;7801131;1249222656;21688320;1434791936;0;0;0;0;0;0;0;0;0;0;0;3327;0;0;133;0;122;0;
18013;6382059;1249222656;21688320;1434791936;0;0;0;0;0;0;0;0;0;0;0;3887;0;0;133;0;122;0;
18014;6241065;1249222656;21688320;1434791936;0;0;0;0;0;0;0;0;0;0;0;2906;0;0;133;0;122;0;
18015;7314958;1249222656;21688320;1434791936;0;0;0;0;0;0;0;0;0;0;0;3947;0;0;133;0;122;0;
18016;6402447;1249222656;21688320;1434791936;0;0;0;0;0;0;0;0;0;0;0;3587;0;0;133;0;122;0;
18017;7807873;1249222656;21688320;1434791936;0;0;0;0;0;0;0;0;0;0;0;4268;0;0;133;0;122;0;
18018;7508852;1249222656;21688320;1434791936;0;0;0;0;0;0;0;0;0;0;0;3647;0;0;133;0;122;0;
18019;8372782;1249222656;21688320;1434791936;0;0;0;0;0;0;0;0;0;0;0;4158;0;0;133;0;122;0;
18020;6735171;1249222656;21688320;1434791936;0;0;0;0;0;0;0;0;0;0;0;3837;0;0;133;0;122;0;
18021;6404070;1249222656;21688320;1434791936;0;0;0;0;0;0;0;0;0;0;0;3135;0;0;133;0;122;0;
18022;7243745;1249222656;21688320;1434791936;0;0;0;0;0;0;0;0;0;0;0;9187;0;0;133;0;122;0;
18023;5882191;1249222656;21688320;1434791936;0;0;0;0;0;0;0;0;0;0;0;3467;0;0;133;0;122;0;
18024;8470225;1249222656;21688320;1434791936;0;0;0;0;0;0;0;0;0;0;0;4218;0;0;133;0;122;0;
18025;7162672;1249222656;21688320;1434791936;0;0;0;0;0;0;0;0;0;0;0;4999;0;0;133;0;122;0;
18026;8390836;1249222656;21688320;1434791936;0;0;0;0;0;0;0;0;0;0;0;4067;0;0;133;0;122;0;
18027;6533102;1249222656;21688320;1434791936;0;0;0;0;0;0;0;0;0;0;0;4389;0;0;133;0;122;0;
18028;7535703;1249222656;21688320;1434791936;0;0;0;0;0;0;0;0;0;0;0;3477;0;0;133;0;122;0;
18029;4346812;1249222656;21688320;1434791936;0;0;0;0;0;0;0;0;0;0;0;3596;0;0;133;0;122;0;
18030;9254235;1249222656;21688320;1434791936;0;0;0;0;0;0;0;0;0;0;0;3296;0;0;133;0;122;0;
18031;8198025;1249222656;21688320;1434791936;0;0;0;0;0;0;0;0;0;0;0;3226;0;0;133;0;122;0;
18032;8855488;1249222656;21688320;1434791936;0;0;0;0;0;0;0;0;0;0;0;3316;0;0;133;0;122;0;
18033;7601175;1249222656;21688320;1434791936;0;0;0;0;0;0;0;0;0;0;0;3396;0;0;133;0;122;0;
18034;10875987;1249222656;21688320;1434791936;0;0;0;0;0;0;0;0;0;0;0;3166;0;0;133;0;122;0;
18035;5341417;1249222656;21688320;1434791936;0;0;0;0;0;0;0;0;0;0;0;2885;0;0;133;0;122;0;
18036;9957364;1249222656;21688320;1434791936;0;0;0;0;0;0;0;0;0;0;0;3466;0;0;133;0;122;0;
18037;5287235;1249222656;21688320;1434791936;0;0;0;0;0;0;0;0;0;0;0;3196;0;0;133;0;122;0;
18038;7528249;1249222656;21688320;1434791936;0;0;0;0;0;0;0;0;0;0;0;3697;0;0;133;0;122;0;
18039;6309452;1249222656;21688320;1434791936;0;0;0;0;0;0;0;0;0;0;0;3286;0;0;133;0;122;0;
18040;9114042;1249222656;21688320;1434791936;0;0;0;0;0;0;0;0;0;0;0;2976;0;0;133;0;122;0;
18041;8430310;1249222656;21688320;1434791936;0;0;0;0;0;0;0;0;0;0;0;3637;0;0;133;0;122;0;
18042;6554382;1249222656;21688320;1434791936;0;0;0;0;0;0;0;0;0;0;0;2885;0;0;133;0;122;0;
18043;6713670;1249222656;21688320;1434791936;0;0;0;0;0;0;0;0;0;0;0;3156;0;0;133;0;122;0;
18044;7850452;1249222656;21688320;1434791936;0;0;0;0;0;0;0;0;0;0;0;3797;0;0;133;0;122;0;
18045;6307149;1249222656;21688320;1434791936;0;0;0;0;0;0;0;0;0;0;0;3386;0;0;133;0;122;0;
18046;6397528;1249222656;21688320;1434791936;0;0;0;0;0;0;0;0;0;0;0;2855;0;0;133;0;122;0;
18047;5445733;1249222656;21688320;1434791936;0;0;0;0;0;0;0;0;0;0;0;3196;0;0;133;0;122;0;
18048;5988400;1249222656;21688320;1434791936;0;0;0;0;0;0;0;0;0;0;0;3727;0;0;133;0;122;0;
18049;6085322;1249222656;21688320;1434791936;0;0;0;0;0;0;0;0;0;0;0;3828;0;0;133;0;122;0;
18050;7148026;1249222656;21688320;1434791936;0;0;0;0;0;0;0;0;0;0;0;5671;0;0;133;0;122;0;
18051;5888333;1249222656;21688320;1434791936;0;0;0;0;0;0;0;0;0;0;0;2995;0;0;133;0;122;0;
18052;8683315;1249222656;21688320;1434791936;0;0;0;0;0;0;0;0;0;0;0;3096;0;0;133;0;122;0;
18053;4058802;1249222656;21688320;1434791936;0;0;0;0;0;0;0;0;0;0;0;3747;0;0;133;0;122;0;
18054;8547761;1249222656;21688320;1434791936;0;0;0;0;0;0;0;0;0;0;0;3317;0;0;133;0;122;0;
18055;6005954;1249222656;21688320;1434791936;0;0;0;0;0;0;0;0;0;0;0;4428;0;0;133;0;122;0;
18056;7260135;1249222656;21688320;1434791936;0;0;0;0;0;0;0;0;0;0;0;2916;0;0;133;0;122;0;
18057;6525147;1249222656;21688320;1434791936;0;0;0;0;0;0;0;0;0;0;0;3136;0;0;133;0;122;0;
18058;7420877;1249222656;21688320;1434791936;0;0;0;0;0;0;0;0;0;0;0;3436;0;0;133;0;122;0;
18059;5292656;1249222656;21688320;1434791936;0;0;0;0;0;0;0;0;0;0;0;2966;0;0;133;0;122;0;
18060;6761320;1249222656;21688320;1434791936;0;0;0;0;0;0;0;0;0;0;0;4668;0;0;133;0;122;0;
18061;10542330;1249222656;21688320;1434791936;0;0;0;0;0;0;0;0;0;0;0;2845;0;0;133;0;122;0;
18062;7839352;1249222656;21688320;1434791936;0;0;0;0;0;0;0;0;0;0;0;1984;0;0;133;0;122;0;
18063;7419414;1249222656;21688320;1434791936;0;0;0;0;0;0;0;0;0;0;0;3436;0;0;133;0;122;0;
18064;6768854;1249222656;21688320;1434791936;0;0;0;0;0;0;0;0;0;0;0;2925;0;0;133;0;122;0;
18065;5919831;1249222656;21688320;1434791936;0;0;0;0;0;0;0;0;0;0;0;3897;0;0;133;0;122;0;
18066;5750405;1249222656;21688320;1434791936;0;0;0;0;0;0;0;0;0;0;0;3016;0;0;133;0;122;0;
18067;5216233;1249222656;21688320;1434791936;0;0;0;0;0;0;0;0;0;0;0;4167;0;0;133;0;122;0;
18068;7389468;1249222656;21688320;1434791936;0;0;0;0;0;0;0;0;0;0;0;3256;0;0;133;0;122;0;
18069;6493568;1249222656;21688320;1434791936;0;0;0;0;0;0;0;0;0;0;0;4128;0;0;133;0;122;0;
18070;6527611;1249222656;21688320;1434791936;0;0;0;0;0;0;0;0;0;0;0;3256;0;0;133;0;122;0;
18071;5508170;1249222656;21688320;1434791936;0;0;0;0;0;0;0;0;0;0;0;2975;0;0;133;0;122;0;
18072;6909157;1249222656;21688320;1434791936;0;0;0;0;0;0;0;0;0;0;0;3817;0;0;133;0;122;0;
18073;3430614;1249222656;21688320;1434791936;0;0;0;0;0;0;0;0;0;0;0;3487;0;0;133;0;122;0;
18074;5759411;1249222656;21688320;1434791936;0;0;0;0;0;0;0;0;0;0;0;2835;0;0;133;0;122;0;
18075;4812505;1249222656;21688320;1434791936;0;0;0;0;0;0;0;0;0;0;0;3186;0;0;133;0;122;0;
18076;7428231;1249222656;21688320;1434791936;0;0;0;0;0;0;0;0;0;0;0;2866;0;0;133;0;122;0;
18077;4407636;1249222656;21688320;1434791936;0;0;0;0;0;0;0;0;0;0;0;3426;0;0;133;0;122;0;
18078;6085553;1249222656;21688320;1434791936;0;0;0;0;0;0;0;0;0;0;0;2716;0;0;133;0;122;0;
18079;4840729;1249222656;21688320;1434791936;0;0;0;0;0;0;0;0;0;0;0;4499;0;0;133;0;122;0;
18080;6438354;1249222656;21688320;1434791936;0;0;0;0;0;0;0;0;0;0;0;2435;0;0;133;0;122;0;
18081;4732816;1249222656;21688320;1434791936;0;0;0;0;0;0;0;0;0;0;0;3056;0;0;133;0;122;0;
18082;6605438;1249222656;21688320;1434791936;0;0;0;0;0;0;0;0;0;0;0;4037;0;0;133;0;122;0;
18083;4356750;1249222656;21688320;1434791936;0;0;0;0;0;0;0;0;0;0;0;3637;0;0;133;0;122;0;
18084;5640479;1249222656;21688320;1434791936;0;0;0;0;0;0;0;0;0;0;0;3116;0;0;133;0;122;0;
18085;6600438;1249222656;21688320;1434791936;0;0;0;0;0;0;0;0;0;0;0;3447;0;0;133;0;122;0;
18086;6334529;1249222656;21688320;1434791936;0;0;0;0;0;0;0;0;0;0;0;4298;0;0;133;0;122;0;
18087;5394446;1249222656;21688320;1434791936;0;0;0;0;0;0;0;0;0;0;0;3035;0;0;133;0;122;0;
18088;6577986;1249222656;21688320;1434791936;0;0;0;0;0;0;0;0;0;0;0;2835;0;0;133;0;122;0;
18089;5678680;1249222656;21688320;1434791936;0;0;0;0;0;0;0;0;0;0;0;3186;0;0;133;0;122;0;
18090;6226597;1249222656;21688320;1434791936;0;0;0;0;0;0;0;0;0;0;0;3136;0;0;133;0;122;0;
18091;4654329;1249222656;21688320;1434791936;0;0;0;0;0;0;0;0;0;0;0;2645;0;0;133;0;122;0;
18092;5740045;1249222656;21688320;1434791936;0;0;0;0;0;0;0;0;0;0;0;3317;0;0;133;0;122;0;
18093;4254239;1249222656;21688320;1434791936;0;0;0;0;0;0;0;0;0;0;0;3386;0;0;133;0;122;0;
18094;5521495;1249222656;21688320;1434791936;0;0;0;0;0;0;0;0;0;0;0;2665;0;0;133;0;122;0;
18095;4684705;1249222656;21688320;1434791936;0;0;0;0;0;0;0;0;0;0;0;3647;0;0;133;0;122;0;
18096;5220892;1249222656;21688320;1434791936;0;0;0;0;0;0;0;0;0;0;0;2876;0;0;133;0;122;0;
18097;5010867;1249222656;21688320;1434791936;0;0;0;0;0;0;0;0;0;0;0;4208;0;0;133;0;122;0;
18098;6165794;1249222656;21688320;1434791936;0;0;0;0;0;0;0;0;0;0;0;47179;0;0;133;0;122;0;
18099;5906858;1249222656;21688320;1434791936;0;0;0;0;0;0;0;0;0;0;0;3686;0;0;133;0;122;0;
18100;6050887;1249222656;21688320;1434791936;0;0;0;0;0;0;0;0;0;0;0;3226;0;0;133;0;122;0;
18101;4895691;1249222656;21688320;1434791936;0;0;0;0;0;0;0;0;0;0;0;3286;0;0;133;0;122;0;
18102;5295862;1249222656;21688320;1434791936;0;0;0;0;0;0;0;0;0;0;0;3176;0;0;133;0;122;0;
18103;5616954;1249222656;21688320;1434791936;0;0;0;0;0;0;0;0;0;0;0;30828;0;0;133;0;122;0;
18104;8193166;1249222656;21688320;1434791936;0;0;0;0;0;0;0;0;0;0;0;3687;0;0;133;0;122;0;
18105;4686820;1249222656;21688320;1434791936;0;0;0;0;0;0;0;0;0;0;0;3727;0;0;133;0;122;0;
18106;6751030;1249222656;21688320;1434791936;0;0;0;0;0;0;0;0;0;0;0;3366;0;0;133;0;122;0;
18107;4804981;1249222656;21688320;1434791936;0;0;0;0;0;0;0;0;0;0;0;3727;0;0;133;0;122;0;
18108;6634032;1249222656;21688320;1434791936;0;0;0;0;0;0;0;0;0;0;0;3667;0;0;133;0;122;0;
18109;4527070;1249222656;21688320;1434791936;0;0;0;0;0;0;0;0;0;0;0;3767;0;0;133;0;122;0;
18110;6684165;1249222656;21688320;1434791936;0;0;0;0;0;0;0;0;0;0;0;3236;0;0;133;0;122;0;
18111;4845838;1249222656;21688320;1434791936;0;0;0;0;0;0;0;0;0;0;0;3427;0;0;133;0;122;0;
18112;6786468;1249222656;21688320;1434791936;0;0;0;0;0;0;0;0;0;0;0;4529;0;0;133;0;122;0;
18113;4360918;1249222656;21688320;1434791936;0;0;0;0;0;0;0;0;0;0;0;9758;0;0;133;0;122;0;
18114;6541488;1249222656;21688320;1434791936;0;0;0;0;0;0;0;0;0;0;0;3006;0;0;133;0;122;0;
18115;3442556;1249222656;21688320;1434791936;0;0;0;0;0;0;0;0;0;0;0;3256;0;0;133;0;122;0;
18116;5144959;1249222656;21688320;1434791936;0;0;0;0;0;0;0;0;0;0;0;2244;0;0;133;0;122;0;
18117;3617925;1249222656;21688320;1434791936;0;0;0;0;0;0;0;0;0;0;0;4128;0;0;133;0;122;0;
18118;6496894;1249222656;21688320;1434791936;0;0;0;0;0;0;0;0;0;0;0;3376;0;0;133;0;122;0;
18119;3576487;1249222656;21688320;1434791936;0;0;0;0;0;0;0;0;0;0;0;3908;0;0;133;0;122;0;
18120;5294650;1249222656;21688320;1434791936;0;0;0;0;0;0;0;0;0;0;0;3246;0;0;133;0;122;0;
18121;6857600;1249222656;21688320;1434791936;0;0;0;0;0;0;0;0;0;0;0;3697;0;0;133;0;122;0;
18122;6492415;1249222656;21692416;1434796032;0;0;0;0;0;0;0;0;0;0;0;3266;0;0;133;0;122;0;
18123;4287441;1249222656;21696512;1434800128;0;0;0;0;0;0;0;0;0;0;0;3006;0;0;133;0;122;0;
18124;6841520;1249222656;21696512;1434800128;0;0;0;0;0;0;0;0;0;0;0;3286;0;0;133;0;122;0;
18125;4892245;1249222656;21696512;1434800128;0;0;0;0;0;0;0;0;0;0;0;3356;0;0;133;0;122;0;
18126;6391196;1249222656;21696512;1434800128;0;0;0;0;0;0;0;0;0;0;0;2906;0;0;133;0;122;0;
18127;4809309;1249222656;21696512;1434800128;0;0;0;0;0;0;0;0;0;0;0;3867;0;0;133;0;122;0;
18128;5978562;1249222656;21696512;1434800128;0;0;0;0;0;0;0;0;0;0;0;3035;0;0;133;0;122;0;
18129;5265726;1249222656;21688320;1434791936;0;0;0;0;0;0;0;0;0;0;0;3396;0;0;133;0;122;0;
18130;7848379;1249222656;21688320;1434791936;0;0;0;0;0;0;0;0;0;0;0;3987;0;0;133;0;122;0;
18131;4204495;1249222656;21688320;1434791936;0;0;0;0;0;0;0;0;0;0;0;4218;0;0;133;0;122;0;
18132;7570718;1249222656;21688320;1434791936;0;0;0;0;0;0;0;0;0;0;0;3676;0;0;133;0;122;0;
18133;4260741;1249222656;21688320;1434791936;0;0;0;0;0;0;0;0;0;0;0;3637;0;0;133;0;122;0;
18134;8761351;1249222656;21688320;1434791936;0;0;0;0;0;0;0;0;0;0;0;4679;0;0;133;0;122;0;
18135;3003352;1249222656;21688320;1434791936;0;0;0;0;0;0;0;0;0;0;0;3116;0;0;133;0;122;0;
18136;6707619;1249222656;21688320;1434791936;0;0;0;0;0;0;0;0;0;0;0;2695;0;0;133;0;122;0;
18137;4241003;1249222656;21688320;1434791936;0;0;0;0;0;0;0;0;0;0;0;3877;0;0;133;0;122;0;
18138;5965979;1249222656;21688320;1434791936;0;0;0;0;0;0;0;0;0;0;0;3366;0;0;133;0;122;0;
18139;4412686;1249222656;21688320;1434791936;0;0;0;0;0;0;0;0;0;0;0;3978;0;0;133;0;122;0;
18140;6011493;1249222656;21688320;1434791936;0;0;0;0;0;0;0;0;0;0;0;3035;0;0;133;0;122;0;
18141;4401114;1249222656;21688320;1434791936;0;0;0;0;0;0;0;0;0;0;0;3106;0;0;133;0;122;0;
18142;4845097;1249222656;21688320;1434791936;0;0;0;0;0;0;0;0;0;0;0;2495;0;0;133;0;122;0;
18143;5960067;1249222656;21688320;1434791936;0;0;0;0;0;0;0;0;0;0;0;2996;0;0;133;0;122;0;
18144;4978958;1249222656;21688320;1434791936;0;0;0;0;0;0;0;0;0;0;0;3426;0;0;133;0;122;0;
18145;5134570;1249222656;21688320;1434791936;0;0;0;0;0;0;0;0;0;0;0;3567;0;0;133;0;122;0;
18146;7380752;1249222656;21688320;1434791936;0;0;0;0;0;0;0;0;0;0;0;4749;0;0;133;0;122;0;
18147;3999330;1249222656;21688320;1434791936;0;0;0;0;0;0;0;0;0;0;0;3026;0;0;133;0;122;0;
18148;6216559;1249222656;21688320;1434791936;0;0;0;0;0;0;0;0;0;0;0;4117;0;0;133;0;122;0;
18149;3877171;1249222656;21688320;1434791936;0;0;0;0;0;0;0;0;0;0;0;2865;0;0;133;0;122;0;
18150;6183947;1249222656;21688320;1434791936;0;0;0;0;0;0;0;0;0;0;0;2705;0;0;133;0;122;0;
18151;4375336;1249222656;21688320;1434791936;0;0;0;0;0;0;0;0;0;0;0;3586;0;0;133;0;122;0;
18152;5321059;1249222656;21688320;1434791936;0;0;0;0;0;0;0;0;0;0;0;2505;0;0;133;0;122;0;
18153;4988575;1249222656;21688320;1434791936;0;0;0;0;0;0;0;0;0;0;0;4057;0;0;133;0;122;0;
18154;5881710;1249222656;21688320;1434791936;0;0;0;0;0;0;0;0;0;0;0;2705;0;0;133;0;122;0;
18155;4421953;1249222656;21688320;1434791936;0;0;0;0;0;0;0;0;0;0;0;3125;0;0;133;0;122;0;
18156;5001590;1249222656;21688320;1434791936;0;0;0;0;0;0;0;0;0;0;0;2405;0;0;133;0;122;0;
18157;4730592;1249222656;21688320;1434791936;0;0;0;0;0;0;0;0;0;0;0;2725;0;0;133;0;122;0;
18158;4576342;1249222656;21688320;1434791936;0;0;0;0;0;0;0;0;0;0;0;2444;0;0;133;0;122;0;
18159;4215135;1249222656;21688320;1434791936;0;0;0;0;0;0;0;0;0;0;0;2725;0;0;133;0;122;0;
18160;6611519;1249222656;21688320;1434791936;0;0;0;0;0;0;0;0;0;0;0;3517;0;0;133;0;122;0;
18161;4294314;1249222656;21688320;1434791936;0;0;0;0;0;0;0;0;0;0;0;3217;0;0;133;0;122;0;
18162;6024217;1249222656;21688320;1434791936;0;0;0;0;0;0;0;0;0;0;0;3446;0;0;133;0;122;0;
18163;3455932;1249222656;21688320;1434791936;0;0;0;0;0;0;0;0;0;0;0;3787;0;0;133;0;122;0;
18164;6840058;1249222656;21688320;1434791936;0;0;0;0;0;0;0;0;0;0;0;2415;0;0;133;0;122;0;
18165;3777214;1249222656;21688320;1434791936;0;0;0;0;0;0;0;0;0;0;0;3767;0;0;133;0;122;0;
18166;6347344;1249222656;21688320;1434791936;0;0;0;0;0;0;0;0;0;0;0;3286;0;0;133;0;122;0;
18167;4212040;1249222656;21688320;1434791936;0;0;0;0;0;0;0;0;0;0;0;2695;0;0;133;0;122;0;
18168;6746182;1249222656;21688320;1434791936;0;0;0;0;0;0;0;0;0;0;0;3386;0;0;133;0;122;0;
18169;4982895;1249222656;21688320;1434791936;0;0;0;0;0;0;0;0;0;0;0;2785;0;0;133;0;122;0;
18170;5470890;1249222656;21688320;1434791936;0;0;0;0;0;0;0;0;0;0;0;2364;0;0;133;0;122;0;
18171;4065414;1249222656;21688320;1434791936;0;0;0;0;0;0;0;0;0;0;0;2825;0;0;133;0;122;0;
18172;5178572;1249222656;21688320;1434791936;0;0;0;0;0;0;0;0;0;0;0;1884;0;0;133;0;122;0;
18173;5143657;1249222656;21688320;1434791936;0;0;0;0;0;0;0;0;0;0;0;2505;0;0;133;0;122;0;
18174;6244501;1249222656;21688320;1434791936;0;0;0;0;0;0;0;0;0;0;0;2405;0;0;133;0;122;0;
18175;3853647;1249222656;21688320;1434791936;0;0;0;0;0;0;0;0;0;0;0;3266;0;0;133;0;122;0;
18176;6064103;1249222656;21688320;1434791936;0;0;0;0;0;0;0;0;0;0;0;3046;0;0;133;0;122;0;
18177;4225965;1249222656;21688320;1434791936;0;0;0;0;0;0;0;0;0;0;0;2855;0;0;133;0;122;0;
18178;6824028;1249222656;21688320;1434791936;0;0;0;0;0;0;0;0;0;0;0;3396;0;0;133;0;122;0;
18179;3452164;1249222656;21688320;1434791936;0;0;0;0;0;0;0;0;0;0;0;3356;0;0;133;0;122;0;
18180;5418272;1249222656;21688320;1434791936;0;0;0;0;0;0;0;0;0;0;0;2054;0;0;133;0;122;0;
18181;4476235;1249222656;21688320;1434791936;0;0;0;0;0;0;0;0;0;0;0;3196;0;0;133;0;122;0;
18182;5645697;1249222656;21688320;1434791936;0;0;0;0;0;0;0;0;0;0;0;2575;0;0;133;0;122;0;
18183;4342063;1249222656;21688320;1434791936;0;0;0;0;0;0;0;0;0;0;0;3447;0;0;133;0;122;0;
18184;5324296;1249222656;21688320;1434791936;0;0;0;0;0;0;0;0;0;0;0;2525;0;0;133;0;122;0;
18185;4370146;1249222656;21688320;1434791936;0;0;0;0;0;0;0;0;0;0;0;2374;0;0;133;0;122;0;
18186;5691223;1249222656;21688320;1434791936;0;0;0;0;0;0;0;0;0;0;0;3076;0;0;133;0;122;0;
18187;4671902;1249222656;21688320;1434791936;0;0;0;0;0;0;0;0;0;0;0;3647;0;0;133;0;122;0;
18188;5319686;1249222656;21688320;1434791936;0;0;0;0;0;0;0;0;0;0;0;3367;0;0;133;0;122;0;
18189;4227348;1249222656;21688320;1434791936;0;0;0;0;0;0;0;0;0;0;0;3987;0;0;133;0;122;0;
18190;6741072;1249222656;21688320;1434791936;0;0;0;0;0;0;0;0;0;0;0;3116;0;0;133;0;122;0;
18191;7826127;1249222656;21688320;1434791936;0;0;0;0;0;0;0;0;0;0;0;3376;0;0;133;0;122;0;
18192;5871893;1249222656;21688320;1434791936;0;0;0;0;0;0;0;0;0;0;0;2786;0;0;133;0;122;0;
18193;4119606;1249222656;21688320;1434791936;0;0;0;0;0;0;0;0;0;0;0;3537;0;0;133;0;122;0;
18194;4819879;1249222656;21688320;1434791936;0;0;0;0;0;0;0;0;0;0;0;2795;0;0;133;0;122;0;
18195;5666788;1249222656;21688320;1434791936;0;0;0;0;0;0;0;0;0;0;0;3166;0;0;133;0;122;0;
18196;5259343;1249222656;21688320;1434791936;0;0;0;0;0;0;0;0;0;0;0;2375;0;0;133;0;122;0;
18197;5248272;1249222656;21688320;1434791936;0;0;0;0;0;0;0;0;0;0;0;3166;0;0;133;0;122;0;
18198;4642997;1249222656;21688320;1434791936;0;0;0;0;0;0;0;0;0;0;0;2154;0;0;133;0;122;0;
18199;4319000;1249222656;21688320;1434791936;0;0;0;0;0;0;0;0;0;0;0;3055;0;0;133;0;122;0;
18200;6017004;1249222656;21688320;1434791936;0;0;0;0;0;0;0;0;0;0;0;2795;0;0;133;0;122;0;
18201;4658276;1249222656;21688320;1434791936;0;0;0;0;0;0;0;0;0;0;0;2695;0;0;133;0;122;0;
18202;5462244;1249222656;21688320;1434791936;0;0;0;0;0;0;0;0;0;0;0;2385;0;0;133;0;122;0;
18203;4487566;1249222656;21688320;1434791936;0;0;0;0;0;0;0;0;0;0;0;3577;0;0;133;0;122;0;
18204;6292882;1249222656;21688320;1434791936;0;0;0;0;0;0;0;0;0;0;0;2625;0;0;133;0;122;0;
18205;4388129;1249222656;21688320;1434791936;0;0;0;0;0;0;0;0;0;0;0;2434;0;0;133;0;122;0;
18206;6467829;1249222656;21688320;1434791936;0;0;0;0;0;0;0;0;0;0;0;2645;0;0;133;0;122;0;
18207;3812801;1249222656;21688320;1434791936;0;0;0;0;0;0;0;0;0;0;0;3516;0;0;133;0;122;0;
18208;5857095;1249222656;21688320;1434791936;0;0;0;0;0;0;0;0;0;0;0;2665;0;0;133;0;122;0;
18209;4054193;1249222656;21688320;1434791936;0;0;0;0;0;0;0;0;0;0;0;2825;0;0;133;0;122;0;
18210;5802432;1249222656;21688320;1434791936;0;0;0;0;0;0;0;0;0;0;0;3487;0;0;133;0;122;0;
18211;4090412;1249222656;21688320;1434791936;0;0;0;0;0;0;0;0;0;0;0;3216;0;0;133;0;122;0;
18212;6807357;1249222656;21688320;1434791936;0;0;0;0;0;0;0;0;0;0;0;2965;0;0;133;0;122;0;
18213;2873619;1249222656;21688320;1434791936;0;0;0;0;0;0;0;0;0;0;0;3316;0;0;133;0;122;0;
18214;6916831;1249222656;21688320;1434791936;0;0;0;0;0;0;0;0;0;0;0;3887;0;0;133;0;122;0;
18215;3886910;1249222656;21688320;1434791936;0;0;0;0;0;0;0;0;0;0;0;3236;0;0;133;0;122;0;
18216;6523464;1249222656;21688320;1434791936;0;0;0;0;0;0;0;0;0;0;0;2835;0;0;133;0;122;0;
18217;3007080;1249222656;21688320;1434791936;0;0;0;0;0;0;0;0;0;0;0;2945;0;0;133;0;122;0;
18218;5489635;1249222656;21688320;1434791936;0;0;0;0;0;0;0;0;0;0;0;2024;0;0;133;0;122;0;
18219;3965718;1249222656;21688320;1434791936;0;0;0;0;0;0;0;0;0;0;0;3427;0;0;133;0;122;0;
18220;6241355;1249222656;21688320;1434791936;0;0;0;0;0;0;0;0;0;0;0;3256;0;0;133;0;122;0;
18221;3419723;1249222656;21688320;1434791936;0;0;0;0;0;0;0;0;0;0;0;3116;0;0;133;0;122;0;
18222;6185982;1249222656;21688320;1434791936;0;0;0;0;0;0;0;0;0;0;0;3937;0;0;133;0;122;0;
18223;3780199;1249222656;21688320;1434791936;0;0;0;0;0;0;0;0;0;0;0;3076;0;0;133;0;122;0;
18224;5674722;1249222656;21688320;1434791936;0;0;0;0;0;0;0;0;0;0;0;2955;0;0;133;0;122;0;
18225;3885006;1249222656;21688320;1434791936;0;0;0;0;0;0;0;0;0;0;0;3767;0;0;133;0;122;0;
18226;5741027;1249222656;21688320;1434791936;0;0;0;0;0;0;0;0;0;0;0;2966;0;0;133;0;122;0;
18227;4394732;1249222656;21688320;1434791936;0;0;0;0;0;0;0;0;0;0;0;3126;0;0;133;0;122;0;
18228;5863567;1249222656;21688320;1434791936;0;0;0;0;0;0;0;0;0;0;0;3246;0;0;133;0;122;0;
18229;3084585;1249222656;21688320;1434791936;0;0;0;0;0;0;0;0;0;0;0;2725;0;0;133;0;122;0;
18230;5480367;1249222656;21688320;1434791936;0;0;0;0;0;0;0;0;0;0;0;3386;0;0;133;0;122;0;
18231;3174143;1249222656;21688320;1434791936;0;0;0;0;0;0;0;0;0;0;0;2935;0;0;133;0;122;0;
18232;6112153;1249222656;21688320;1434791936;0;0;0;0;0;0;0;0;0;0;0;2996;0;0;133;0;122;0;
18233;2817053;1249222656;21688320;1434791936;0;0;0;0;0;0;0;0;0;0;0;3657;0;0;133;0;122;0;
18234;5849250;1249222656;21688320;1434791936;0;0;0;0;0;0;0;0;0;0;0;4058;0;0;133;0;122;0;
18235;3310568;1249222656;21688320;1434791936;0;0;0;0;0;0;0;0;0;0;0;4137;0;0;133;0;122;0;
18236;5159386;1249222656;21688320;1434791936;0;0;0;0;0;0;0;0;0;0;0;4038;0;0;133;0;122;0;
18237;3402050;1249222656;21688320;1434791936;0;0;0;0;0;0;0;0;0;0;0;2625;0;0;133;0;122;0;
18238;4610527;1249222656;21688320;1434791936;0;0;0;0;0;0;0;0;0;0;0;2174;0;0;133;0;122;0;
18239;3684269;1249222656;21688320;1434791936;0;0;0;0;0;0;0;0;0;0;0;2795;0;0;133;0;122;0;
18240;5281655;1249222656;21688320;1434791936;0;0;0;0;0;0;0;0;0;0;0;2675;0;0;133;0;122;0;
18241;3672397;1249222656;21688320;1434791936;0;0;0;0;0;0;0;0;0;0;0;3487;0;0;133;0;122;0;
18242;4953630;1249222656;21688320;1434791936;0;0;0;0;0;0;0;0;0;0;0;2385;0;0;133;0;122;0;
18243;4880894;1249222656;21688320;1434791936;0;0;0;0;0;0;0;0;0;0;0;3376;0;0;133;0;122;0;
18244;4921219;1249222656;21688320;1434791936;0;0;0;0;0;0;0;0;0;0;0;2094;0;0;133;0;122;0;
18245;4219463;1249222656;21688320;1434791936;0;0;0;0;0;0;0;0;0;0;0;2484;0;0;133;0;122;0;
18246;5012931;1249222656;21688320;1434791936;0;0;0;0;0;0;0;0;0;0;0;1874;0;0;133;0;122;0;
18247;4580720;1249222656;21688320;1434791936;0;0;0;0;0;0;0;0;0;0;0;2865;0;0;133;0;122;0;
18248;7687998;1249222656;21688320;1434791936;0;0;0;0;0;0;0;0;0;0;0;2054;0;0;133;0;122;0;
18249;9647543;1249222656;21688320;1434791936;0;0;0;0;0;0;0;0;0;0;0;4087;0;0;133;0;122;0;
18250;6024609;1249222656;21688320;1434791936;0;0;0;0;0;0;0;0;0;0;0;4438;0;0;133;0;122;0;
18251;3417129;1249222656;21688320;1434791936;0;0;0;0;0;0;0;0;0;0;0;3456;0;0;133;0;122;0;
18252;5322461;1249222656;21688320;1434791936;0;0;0;0;0;0;0;0;0;0;0;2946;0;0;133;0;122;0;
18253;2988605;1249222656;21688320;1434791936;0;0;0;0;0;0;0;0;0;0;0;3246;0;0;133;0;122;0;
18254;4923052;1249222656;21688320;1434791936;0;0;0;0;0;0;0;0;0;0;0;2155;0;0;133;0;122;0;
18255;3640377;1249222656;21688320;1434791936;0;0;0;0;0;0;0;0;0;0;0;3337;0;0;133;0;122;0;
18256;5146442;1249222656;21688320;1434791936;0;0;0;0;0;0;0;0;0;0;0;1934;0;0;133;0;122;0;
18257;3976437;1249222656;21688320;1434791936;0;0;0;0;0;0;0;0;0;0;0;2705;0;0;133;0;122;0;
18258;4661412;1249222656;21688320;1434791936;0;0;0;0;0;0;0;0;0;0;0;6873;0;0;133;0;122;0;
18259;5233485;1249222656;21688320;1434791936;0;0;0;0;0;0;0;0;0;0;0;3076;0;0;133;0;122;0;
18260;5248643;1249222656;21688320;1434791936;0;0;0;0;0;0;0;0;0;0;0;2164;0;0;133;0;122;0;
18261;3940149;1249222656;21688320;1434791936;0;0;0;0;0;0;0;0;0;0;0;2415;0;0;133;0;122;0;
18262;5033019;1249222656;21688320;1434791936;0;0;0;0;0;0;0;0;0;0;0;2464;0;0;133;0;122;0;
18263;4321154;1249222656;21688320;1434791936;0;0;0;0;0;0;0;0;0;0;0;3035;0;0;133;0;122;0;
18264;4960824;1249222656;21688320;1434791936;0;0;0;0;0;0;0;0;0;0;0;2254;0;0;133;0;122;0;
18265;3795828;1249222656;21688320;1434791936;0;0;0;0;0;0;0;0;0;0;0;4268;0;0;133;0;122;0;
18266;5496418;1249222656;21688320;1434791936;0;0;0;0;0;0;0;0;0;0;0;2164;0;0;133;0;122;0;
18267;4089810;1249222656;21688320;1434791936;0;0;0;0;0;0;0;0;0;0;0;2645;0;0;133;0;122;0;
18268;5039020;1249222656;21688320;1434791936;0;0;0;0;0;0;0;0;0;0;0;2204;0;0;133;0;122;0;
18269;4036830;1249222656;21688320;1434791936;0;0;0;0;0;0;0;0;0;0;0;3837;0;0;133;0;122;0;
18270;5699919;1249222656;21688320;1434791936;0;0;0;0;0;0;0;0;0;0;0;2605;0;0;133;0;122;0;
18271;3410506;1249222656;21688320;1434791936;0;0;0;0;0;0;0;0;0;0;0;2905;0;0;133;0;122;0;
18272;6041661;1249222656;21688320;1434791936;0;0;0;0;0;0;0;0;0;0;0;2225;0;0;133;0;122;0;
18273;3355914;1249222656;21688320;1434791936;0;0;0;0;0;0;0;0;0;0;0;3877;0;0;133;0;122;0;
18274;5672908;1249222656;21688320;1434791936;0;0;0;0;0;0;0;0;0;0;0;3006;0;0;133;0;122;0;
18275;3054458;1249222656;21688320;1434791936;0;0;0;0;0;0;0;0;0;0;0;2775;0;0;133;0;122;0;
18276;4619643;1249222656;21688320;1434791936;0;0;0;0;0;0;0;0;0;0;0;2835;0;0;133;0;122;0;
18277;3708024;1249222656;21688320;1434791936;0;0;0;0;0;0;0;0;0;0;0;4027;0;0;133;0;122;0;
18278;5484716;1249222656;21688320;1434791936;0;0;0;0;0;0;0;0;0;0;0;2053;0;0;133;0;122;0;
18279;3664683;1249222656;21688320;1434791936;0;0;0;0;0;0;0;0;0;0;0;2625;0;0;133;0;122;0;
18280;5322482;1249222656;21688320;1434791936;0;0;0;0;0;0;0;0;0;0;0;2525;0;0;133;0;122;0;
18281;4532530;1249222656;21688320;1434791936;0;0;0;0;0;0;0;0;0;0;0;3416;0;0;133;0;122;0;
18282;6708641;1249222656;21688320;1434791936;0;0;0;0;0;0;0;0;0;0;0;3046;0;0;133;0;122;0;
18283;3168262;1249222656;21688320;1434791936;0;0;0;0;0;0;0;0;0;0;0;3356;0;0;133;0;122;0;
18284;5991366;1249222656;21688320;1434791936;0;0;0;0;0;0;0;0;0;0;0;3456;0;0;133;0;122;0;
18285;3938827;1249222656;21688320;1434791936;0;0;0;0;0;0;0;0;0;0;0;3066;0;0;133;0;122;0;
18286;4726745;1249222656;21688320;1434791936;0;0;0;0;0;0;0;0;0;0;0;2745;0;0;133;0;122;0;
18287;5455882;1249222656;21688320;1434791936;0;0;0;0;0;0;0;0;0;0;0;2615;0;0;133;0;122;0;
18288;6342094;1249222656;21688320;1434791936;0;0;0;0;0;0;0;0;0;0;0;2725;0;0;133;0;122;0;
18289;4240502;1249222656;21688320;1434791936;0;0;0;0;0;0;0;0;0;0;0;3226;0;0;133;0;122;0;
18290;6509187;1249222656;21688320;1434791936;0;0;0;0;0;0;0;0;0;0;0;3527;0;0;133;0;122;0;
18291;4768944;1249222656;21688320;1434791936;0;0;0;0;0;0;0;0;0;0;0;4709;0;0;133;0;122;0;
18292;5925522;1249222656;21688320;1434791936;0;0;0;0;0;0;0;0;0;0;0;3066;0;0;133;0;122;0;
18293;3885637;1249222656;21688320;1434791936;0;0;0;0;0;0;0;0;0;0;0;4328;0;0;133;0;122;0;
18294;6566214;1249222656;21688320;1434791936;0;0;0;0;0;0;0;0;0;0;0;3527;0;0;133;0;122;0;
18295;4207330;1249222656;21688320;1434791936;0;0;0;0;0;0;0;0;0;0;0;4218;0;0;133;0;122;0;
18296;6660080;1249222656;21688320;1434791936;0;0;0;0;0;0;0;0;0;0;0;4298;0;0;133;0;122;0;
18297;4165542;1249222656;21688320;1434791936;0;0;0;0;0;0;0;0;0;0;0;3496;0;0;133;0;122;0;
18298;5670855;1249222656;21688320;1434791936;0;0;0;0;0;0;0;0;0;0;0;3607;0;0;133;0;122;0;
18299;4974249;1249222656;21688320;1434791936;0;0;0;0;0;0;0;0;0;0;0;4659;0;0;133;0;122;0;
18300;5303306;1249222656;21688320;1434791936;0;0;0;0;0;0;0;0;0;0;0;3807;0;0;133;0;122;0;
18301;4229552;1249222656;21688320;1434791936;0;0;0;0;0;0;0;0;0;0;0;49843;0;0;133;0;122;0;
18302;6615817;1249222656;21688320;1434791936;0;0;0;0;0;0;0;0;0;0;0;2875;0;0;133;0;122;0;
18303;4165372;1249222656;21688320;1434791936;0;0;0;0;0;0;0;0;0;0;0;3146;0;0;133;0;122;0;
18304;6762171;1249222656;21688320;1434791936;0;0;0;0;0;0;0;0;0;0;0;3447;0;0;133;0;122;0;
18305;4963237;1249222656;21688320;1434791936;0;0;0;0;0;0;0;0;0;0;0;4769;0;0;133;0;122;0;
18306;5450312;1249222656;21688320;1434791936;0;0;0;0;0;0;0;0;0;0;0;4589;0;0;133;0;122;0;
18307;5007571;1249222656;21688320;1434791936;0;0;0;0;0;0;0;0;0;0;0;3837;0;0;133;0;122;0;
18308;5438289;1249222656;21688320;1434791936;0;0;0;0;0;0;0;0;0;0;0;2484;0;0;133;0;122;0;
18309;6042753;1249222656;21688320;1434791936;0;0;0;0;0;0;0;0;0;0;0;3026;0;0;133;0;122;0;
18310;6240884;1249222656;21688320;1434791936;0;0;0;0;0;0;0;0;0;0;0;2404;0;0;133;0;122;0;
18311;4099378;1249222656;21688320;1434791936;0;0;0;0;0;0;0;0;0;0;0;3556;0;0;133;0;122;0;
18312;5095356;1249222656;21688320;1434791936;0;0;0;0;0;0;0;0;0;0;0;3697;0;0;133;0;122;0;
18313;3659123;1249222656;21688320;1434791936;0;0;0;0;0;0;0;0;0;0;0;3957;0;0;133;0;122;0;
18314;7449501;1249222656;21688320;1434791936;0;0;0;0;0;0;0;0;0;0;0;3566;0;0;133;0;122;0;
18315;4099368;1249222656;21688320;1434791936;0;0;0;0;0;0;0;0;0;0;0;2985;0;0;133;0;122;0;
18316;6617300;1249222656;21688320;1434791936;0;0;0;0;0;0;0;0;0;0;0;4028;0;0;133;0;122;0;
18317;4357372;1249222656;21688320;1434791936;0;0;0;0;0;0;0;0;0;0;0;4358;0;0;133;0;122;0;
18318;6080182;1249222656;21688320;1434791936;0;0;0;0;0;0;0;0;0;0;0;2635;0;0;133;0;122;0;
18319;4777900;1249222656;21688320;1434791936;0;0;0;0;0;0;0;0;0;0;0;3556;0;0;133;0;122;0;
18320;5325828;1249222656;21688320;1434791936;0;0;0;0;0;0;0;0;0;0;0;3356;0;0;133;0;122;0;
18321;5240628;1249222656;21688320;1434791936;0;0;0;0;0;0;0;0;0;0;0;4358;0;0;133;0;122;0;
18322;6498748;1249222656;21688320;1434791936;0;0;0;0;0;0;0;0;0;0;0;3427;0;0;133;0;122;0;
18323;4493137;1249222656;21688320;1434791936;0;0;0;0;0;0;0;0;0;0;0;3406;0;0;133;0;122;0;
18324;7410939;1249222656;21688320;1434791936;0;0;0;0;0;0;0;0;0;0;0;4388;0;0;133;0;122;0;
18325;5056072;1249222656;21688320;1434791936;0;0;0;0;0;0;0;0;0;0;0;5461;0;0;133;0;122;0;
18326;6340211;1249222656;21688320;1434791936;0;0;0;0;0;0;0;0;0;0;0;3206;0;0;133;0;122;0;
18327;4820741;1249222656;21688320;1434791936;0;0;0;0;0;0;0;0;0;0;0;3316;0;0;133;0;122;0;
18328;6836291;1249222656;21688320;1434791936;0;0;0;0;0;0;0;0;0;0;0;3216;0;0;133;0;122;0;
18329;5262720;1249222656;21688320;1434791936;0;0;0;0;0;0;0;0;0;0;0;3076;0;0;133;0;122;0;
18330;5155458;1249222656;21688320;1434791936;0;0;0;0;0;0;0;0;0;0;0;2665;0;0;133;0;122;0;
18331;5663031;1249222656;21688320;1434791936;0;0;0;0;0;0;0;0;0;0;0;2725;0;0;133;0;122;0;
18332;4831491;1249222656;21688320;1434791936;0;0;0;0;0;0;0;0;0;0;0;2766;0;0;133;0;122;0;
18333;5744484;1249222656;21688320;1434791936;0;0;0;0;0;0;0;0;0;0;0;3406;0;0;133;0;122;0;
18334;4908836;1249222656;21688320;1434791936;0;0;0;0;0;0;0;0;0;0;0;2856;0;0;133;0;122;0;
18335;4579138;1249222656;21688320;1434791936;0;0;0;0;0;0;0;0;0;0;0;4047;0;0;133;0;122;0;
18336;5704278;1249222656;21688320;1434791936;0;0;0;0;0;0;0;0;0;0;0;4167;0;0;133;0;122;0;
18337;3798433;1249222656;21688320;1434791936;0;0;0;0;0;0;0;0;0;0;0;4448;0;0;133;0;122;0;
18338;5405808;1249222656;21688320;1434791936;0;0;0;0;0;0;0;0;0;0;0;2725;0;0;133;0;122;0;
18339;4073449;1249222656;21688320;1434791936;0;0;0;0;0;0;0;0;0;0;0;2956;0;0;133;0;122;0;
18340;5715068;1249222656;21688320;1434791936;0;0;0;0;0;0;0;0;0;0;0;3507;0;0;133;0;122;0;
18341;3629427;1249222656;21688320;1434791936;0;0;0;0;0;0;0;0;0;0;0;2966;0;0;133;0;122;0;
18342;5387052;1249222656;21688320;1434791936;0;0;0;0;0;0;0;0;0;0;0;4127;0;0;133;0;122;0;
18343;3215059;1249222656;21688320;1434791936;0;0;0;0;0;0;0;0;0;0;0;3376;0;0;133;0;122;0;
18344;6431551;1249222656;21688320;1434791936;0;0;0;0;0;0;0;0;0;0;0;3317;0;0;133;0;122;0;
18345;4071446;1249222656;21688320;1434791936;0;0;0;0;0;0;0;0;0;0;0;4047;0;0;133;0;122;0;
18346;5748942;1249222656;21688320;1434791936;0;0;0;0;0;0;0;0;0;0;0;3697;0;0;133;0;122;0;
18347;5420846;1249222656;21688320;1434791936;0;0;0;0;0;0;0;0;0;0;0;3627;0;0;133;0;122;0;
18348;4910479;1249222656;21688320;1434791936;0;0;0;0;0;0;0;0;0;0;0;2164;0;0;133;0;122;0;
18349;4854825;1249222656;21688320;1434791936;0;0;0;0;0;0;0;0;0;0;0;3316;0;0;133;0;122;0;
18350;4674787;1249222656;21688320;1434791936;0;0;0;0;0;0;0;0;0;0;0;2695;0;0;133;0;122;0;
18351;5350324;1249222656;21688320;1434791936;0;0;0;0;0;0;0;0;0;0;0;3667;0;0;133;0;122;0;
18352;6651384;1249222656;21688320;1434791936;0;0;0;0;0;0;0;0;0;0;0;2625;0;0;133;0;122;0;
18353;3699538;1249222656;21688320;1434791936;0;0;0;0;0;0;0;0;0;0;0;2845;0;0;133;0;122;0;
18354;5862474;1249222656;21688320;1434791936;0;0;0;0;0;0;0;0;0;0;0;3576;0;0;133;0;122;0;
18355;4282261;1249222656;21688320;1434791936;0;0;0;0;0;0;0;0;0;0;0;3416;0;0;133;0;122;0;
18356;4928694;1249222656;21688320;1434791936;0;0;0;0;0;0;0;0;0;0;0;3006;0;0;133;0;122;0;
18357;3880768;1249222656;21688320;1434791936;0;0;0;0;0;0;0;0;0;0;0;2895;0;0;133;0;122;0;
18358;5788576;1249222656;21688320;1434791936;0;0;0;0;0;0;0;0;0;0;0;3617;0;0;133;0;122;0;
18359;4142368;1249222656;21688320;1434791936;0;0;0;0;0;0;0;0;0;0;0;3597;0;0;133;0;122;0;
18360;5459830;1249222656;21688320;1434791936;0;0;0;0;0;0;0;0;0;0;0;3888;0;0;133;0;122;0;
18361;4177054;1249222656;21688320;1434791936;0;0;0;0;0;0;0;0;0;0;0;4318;0;0;133;0;122;0;
18362;6522772;1249222656;21688320;1434791936;0;0;0;0;0;0;0;0;0;0;0;3386;0;0;133;0;122;0;
18363;4050536;1249222656;21688320;1434791936;0;0;0;0;0;0;0;0;0;0;0;3557;0;0;133;0;122;0;
18364;5842717;1249222656;21688320;1434791936;0;0;0;0;0;0;0;0;0;0;0;3577;0;0;133;0;122;0;
18365;3276495;1249222656;21688320;1434791936;0;0;0;0;0;0;0;0;0;0;0;2755;0;0;133;0;122;0;
18366;6164140;1249222656;21688320;1434791936;0;0;0;0;0;0;0;0;0;0;0;4028;0;0;133;0;122;0;
18367;3630629;1249222656;21688320;1434791936;0;0;0;0;0;0;0;0;0;0;0;2775;0;0;133;0;122;0;
18368;5988721;1249222656;21688320;1434791936;0;0;0;0;0;0;0;0;0;0;0;3346;0;0;133;0;122;0;
18369;4282201;1249222656;21688320;1434791936;0;0;0;0;0;0;0;0;0;0;0;3226;0;0;133;0;122;0;
18370;6380226;1249222656;21688320;1434791936;0;0;0;0;0;0;0;0;0;0;0;3005;0;0;133;0;122;0;
18371;5282777;1249222656;21688320;1434791936;0;0;0;0;0;0;0;0;0;0;0;3466;0;0;133;0;122;0;
18372;5302495;1249222656;21688320;1434791936;0;0;0;0;0;0;0;0;0;0;0;2766;0;0;133;0;122;0;
18373;6318430;1249222656;21688320;1434791936;0;0;0;0;0;0;0;0;0;0;0;3577;0;0;133;0;122;0;
18374;5567150;1249222656;21688320;1434791936;0;0;0;0;0;0;0;0;0;0;0;3647;0;0;133;0;122;0;
18375;5383496;1249222656;21688320;1434791936;0;0;0;0;0;0;0;0;0;0;0;3196;0;0;133;0;122;0;
18376;6229242;1249222656;21688320;1434791936;0;0;0;0;0;0;0;0;0;0;0;3677;0;0;133;0;122;0;
18377;4377209;1249222656;21688320;1434791936;0;0;0;0;0;0;0;0;0;0;0;2795;0;0;133;0;122;0;
18378;6869483;1249222656;21688320;1434791936;0;0;0;0;0;0;0;0;0;0;0;29315;0;0;133;0;122;0;
18379;4073539;1249222656;21688320;1434791936;0;0;0;0;0;0;0;0;0;0;0;3337;0;0;133;0;122;0;
18380;7661949;1249222656;21688320;1434791936;0;0;0;0;0;0;0;0;0;0;0;4238;0;0;133;0;122;0;
18381;4795213;1249222656;21688320;1434791936;0;0;0;0;0;0;0;0;0;0;0;3547;0;0;133;0;122;0;
18382;5950820;1249222656;21688320;1434791936;0;0;0;0;0;0;0;0;0;0;0;3947;0;0;133;0;122;0;
18383;4686740;1249222656;21688320;1434791936;0;0;0;0;0;0;0;0;0;0;0;4168;0;0;133;0;122;0;
18384;5100986;1249222656;21688320;1434791936;0;0;0;0;0;0;0;0;0;0;0;2504;0;0;133;0;122;0;
18385;5292505;1249222656;21688320;1434791936;0;0;0;0;0;0;0;0;0;0;0;2935;0;0;133;0;122;0;
18386;6306417;1249222656;21688320;1434791936;0;0;0;0;0;0;0;0;0;0;0;4358;0;0;133;0;122;0;
18387;4770928;1249222656;21688320;1434791936;0;0;0;0;0;0;0;0;0;0;0;3136;0;0;133;0;122;0;
18388;6823787;1249222656;21688320;1434791936;0;0;0;0;0;0;0;0;0;0;0;3908;0;0;133;0;122;0;
18389;4323939;1249222656;21688320;1434791936;0;0;0;0;0;0;0;0;0;0;0;2996;0;0;133;0;122;0;
18390;5880748;1249222656;21688320;1434791936;0;0;0;0;0;0;0;0;0;0;0;4278;0;0;133;0;122;0;
18391;3694147;1249222656;21688320;1434791936;0;0;0;0;0;0;0;0;0;0;0;3216;0;0;133;0;122;0;
18392;6431732;1249222656;21688320;1434791936;0;0;0;0;0;0;0;0;0;0;0;3828;0;0;133;0;122;0;
18393;3850992;1249222656;21688320;1434791936;0;0;0;0;0;0;0;0;0;0;0;3126;0;0;133;0;122;0;
18394;5734044;1249222656;21688320;1434791936;0;0;0;0;0;0;0;0;0;0;0;3917;0;0;133;0;122;0;
18395;3995022;1249222656;21688320;1434791936;0;0;0;0;0;0;0;0;0;0;0;2746;0;0;133;0;122;0;
18396;6966314;1249222656;21688320;1434791936;0;0;0;0;0;0;0;0;0;0;0;3376;0;0;133;0;122;0;
18397;5599231;1249222656;21688320;1434791936;0;0;0;0;0;0;0;0;0;0;0;3356;0;0;133;0;122;0;
18398;7312393;1249222656;21688320;1434791936;0;0;0;0;0;0;0;0;0;0;0;3988;0;0;133;0;122;0;
18399;7208389;1249222656;21688320;1434791936;0;0;0;0;0;0;0;0;0;0;0;3396;0;0;133;0;122;0;
18400;5938727;1249222656;21688320;1434791936;0;0;0;0;0;0;0;0;0;0;0;2905;0;0;133;0;122;0;
18401;5508220;1249222656;21688320;1434791936;0;0;0;0;0;0;0;0;0;0;0;3106;0;0;133;0;122;0;
18402;5118649;1249222656;21688320;1434791936;0;0;0;0;0;0;0;0;0;0;0;2845;0;0;133;0;122;0;
18403;5327341;1249222656;21688320;1434791936;0;0;0;0;0;0;0;0;0;0;0;3086;0;0;133;0;122;0;
18404;5801911;1249222656;21688320;1434791936;0;0;0;0;0;0;0;0;0;0;0;2965;0;0;133;0;122;0;
18405;5175987;1249222656;21688320;1434791936;0;0;0;0;0;0;0;0;0;0;0;3737;0;0;133;0;122;0;
18406;7230299;1249222656;21688320;1434791936;0;0;0;0;0;0;0;0;0;0;0;4028;0;0;133;0;122;0;
18407;3768999;1249222656;21688320;1434791936;0;0;0;0;0;0;0;0;0;0;0;2946;0;0;133;0;122;0;
18408;5733052;1249222656;21688320;1434791936;0;0;0;0;0;0;0;0;0;0;0;3296;0;0;133;0;122;0;
18409;4723108;1249222656;21688320;1434791936;0;0;0;0;0;0;0;0;0;0;0;2855;0;0;133;0;122;0;
18410;5388406;1249222656;21688320;1434791936;0;0;0;0;0;0;0;0;0;0;0;2866;0;0;133;0;122;0;
18411;6242347;1249222656;21688320;1434791936;0;0;0;0;0;0;0;0;0;0;0;3025;0;0;133;0;122;0;
18412;6890673;1249222656;21688320;1434791936;0;0;0;0;0;0;0;0;0;0;0;4027;0;0;133;0;122;0;
18413;4754407;1249222656;21688320;1434791936;0;0;0;0;0;0;0;0;0;0;0;3597;0;0;133;0;122;0;
18414;6964421;1249222656;21688320;1434791936;0;0;0;0;0;0;0;0;0;0;0;4558;0;0;133;0;122;0;
18415;5973503;1249222656;21688320;1434791936;0;0;0;0;0;0;0;0;0;0;0;3546;0;0;133;0;122;0;
18416;6208122;1249222656;21688320;1434791936;0;0;0;0;0;0;0;0;0;0;0;3787;0;0;133;0;122;0;
18417;4539994;1249222656;21688320;1434791936;0;0;0;0;0;0;0;0;0;0;0;3667;0;0;133;0;122;0;
18418;6504468;1249222656;21688320;1434791936;0;0;0;0;0;0;0;0;0;0;0;3697;0;0;133;0;122;0;
18419;4167515;1249222656;21688320;1434791936;0;0;0;0;0;0;0;0;0;0;0;3456;0;0;133;0;122;0;
18420;7062755;1249222656;21688320;1434791936;0;0;0;0;0;0;0;0;0;0;0;2696;0;0;133;0;122;0;
18421;4105840;1249222656;21688320;1434791936;0;0;0;0;0;0;0;0;0;0;0;3487;0;0;133;0;122;0;
18422;8966917;1249222656;21688320;1434791936;0;0;0;0;0;0;0;0;0;0;0;3917;0;0;133;0;122;0;
18423;4206038;1249222656;21688320;1434791936;0;0;0;0;0;0;0;0;0;0;0;4248;0;0;133;0;122;0;
18424;7149107;1249222656;21688320;1434791936;0;0;0;0;0;0;0;0;0;0;0;3898;0;0;133;0;122;0;
18425;3635769;1249222656;21688320;1434791936;0;0;0;0;0;0;0;0;0;0;0;2835;0;0;133;0;122;0;
18426;7188952;1249222656;21688320;1434791936;0;0;0;0;0;0;0;0;0;0;0;5410;0;0;133;0;122;0;
18427;6118715;1249222656;21688320;1434791936;0;0;0;0;0;0;0;0;0;0;0;4188;0;0;133;0;122;0;
18428;7978944;1249222656;21688320;1434791936;0;0;0;0;0;0;0;0;0;0;0;3337;0;0;133;0;122;0;
18429;6458812;1249222656;21688320;1434791936;0;0;0;0;0;0;0;0;0;0;0;3286;0;0;133;0;122;0;
18430;7003074;1249222656;21688320;1434791936;0;0;0;0;0;0;0;0;0;0;0;2685;0;0;133;0;122;0;
18431;6508275;1249222656;21688320;1434791936;0;0;0;0;0;0;0;0;0;0;0;3015;0;0;133;0;122;0;
18432;5771183;1249222656;21688320;1434791936;0;0;0;0;0;0;0;0;0;0;0;3506;0;0;133;0;122;0;
18433;5885838;1249222656;21688320;1434791936;0;0;0;0;0;0;0;0;0;0;0;5320;0;0;133;0;122;0;
18434;5664303;1249222656;21688320;1434791936;0;0;0;0;0;0;0;0;0;0;0;3086;0;0;133;0;122;0;
18435;5294970;1249222656;21688320;1434791936;0;0;0;0;0;0;0;0;0;0;0;4298;0;0;133;0;122;0;
18436;12515121;1249222656;21688320;1434791936;0;0;0;0;0;0;0;0;0;0;0;4489;0;0;133;0;122;0;
18437;4807175;1249222656;21688320;1434791936;0;0;0;0;0;0;0;0;0;0;0;3597;0;0;133;0;122;0;
18438;6869493;1249222656;21688320;1434791936;0;0;0;0;0;0;0;0;0;0;0;3276;0;0;133;0;122;0;
18439;5743271;1249222656;21688320;1434791936;0;0;0;0;0;0;0;0;0;0;0;4308;0;0;133;0;122;0;
18440;8333559;1249222656;21688320;1434791936;0;0;0;0;0;0;0;0;0;0;0;3667;0;0;133;0;122;0;
18441;6404070;1249222656;21688320;1434791936;0;0;0;0;0;0;0;0;0;0;0;3547;0;0;133;0;122;0;
18442;7430585;1249222656;21688320;1434791936;0;0;0;0;0;0;0;0;0;0;0;3457;0;0;133;0;122;0;
18443;6272183;1249222656;21688320;1434791936;0;0;0;0;0;0;0;0;0;0;0;3657;0;0;133;0;122;0;
18444;7789118;1249222656;21688320;1434791936;0;0;0;0;0;0;0;0;0;0;0;5080;0;0;133;0;122;0;
18445;4825891;1249222656;21688320;1434791936;0;0;0;0;0;0;0;0;0;0;0;3156;0;0;133;0;122;0;
18446;6734279;1249222656;21688320;1434791936;0;0;0;0;0;0;0;0;0;0;0;4157;0;0;133;0;122;0;
18447;4399040;1249222656;21688320;1434791936;0;0;0;0;0;0;0;0;0;0;0;3366;0;0;133;0;122;0;
18448;7419364;1249222656;21688320;1434791936;0;0;0;0;0;0;0;0;0;0;0;3136;0;0;133;0;122;0;
18449;5658051;1249222656;21688320;1434791936;0;0;0;0;0;0;0;0;0;0;0;4138;0;0;133;0;122;0;
18450;7766926;1249222656;21688320;1434791936;0;0;0;0;0;0;0;0;0;0;0;6442;0;0;133;0;122;0;
18451;5405367;1249222656;21688320;1434791936;0;0;0;0;0;0;0;0;0;0;0;2926;0;0;133;0;122;0;
18452;6906282;1249222656;21688320;1434791936;0;0;0;0;0;0;0;0;0;0;0;3867;0;0;133;0;122;0;
18453;6225354;1249222656;21688320;1434791936;0;0;0;0;0;0;0;0;0;0;0;4970;0;0;133;0;122;0;
18454;7905516;1249222656;21688320;1434791936;0;0;0;0;0;0;0;0;0;0;0;3336;0;0;133;0;122;0;
18455;7126014;1249222656;21688320;1434791936;0;0;0;0;0;0;0;0;0;0;0;3126;0;0;133;0;122;0;
18456;8501664;1249222656;21688320;1434791936;0;0;0;0;0;0;0;0;0;0;0;4208;0;0;133;0;122;0;
18457;6130247;1249222656;21688320;1434791936;0;0;0;0;0;0;0;0;0;0;0;4609;0;0;133;0;122;0;
18458;8689757;1249222656;21688320;1434791936;0;0;0;0;0;0;0;0;0;0;0;4047;0;0;133;0;122;0;
18459;4400683;1249222656;21688320;1434791936;0;0;0;0;0;0;0;0;0;0;0;3507;0;0;133;0;122;0;
18460;8153912;1249222656;21688320;1434791936;0;0;0;0;0;0;0;0;0;0;0;4138;0;0;133;0;122;0;
18461;6057871;1249222656;21688320;1434791936;0;0;0;0;0;0;0;0;0;0;0;4388;0;0;133;0;122;0;
18462;7534149;1249222656;21688320;1434791936;0;0;0;0;0;0;0;0;0;0;0;3366;0;0;133;0;122;0;
18463;5369389;1249222656;21688320;1434791936;0;0;0;0;0;0;0;0;0;0;0;3166;0;0;133;0;122;0;
18464;5376403;1249222656;21688320;1434791936;0;0;0;0;0;0;0;0;0;0;0;2735;0;0;133;0;122;0;
18465;6673566;1249222656;21688320;1434791936;0;0;0;0;0;0;0;0;0;0;0;3276;0;0;133;0;122;0;
18466;7083294;1249222656;21688320;1434791936;0;0;0;0;0;0;0;0;0;0;0;3717;0;0;133;0;122;0;
18467;8201681;1249222656;21688320;1434791936;0;0;0;0;0;0;0;0;0;0;0;4027;0;0;133;0;122;0;
18468;7754943;1249222656;21688320;1434791936;0;0;0;0;0;0;0;0;0;0;0;3226;0;0;133;0;122;0;
18469;4968467;1249222656;21688320;1434791936;0;0;0;0;0;0;0;0;0;0;0;3366;0;0;133;0;122;0;
18470;7217335;1249222656;21688320;1434791936;0;0;0;0;0;0;0;0;0;0;0;4829;0;0;133;0;122;0;
18471;4034155;1249222656;21688320;1434791936;0;0;0;0;0;0;0;0;0;0;0;4027;0;0;133;0;122;0;
18472;7019564;1249222656;21688320;1434791936;0;0;0;0;0;0;0;0;0;0;0;4088;0;0;133;0;122;0;
18473;6112754;1249222656;21688320;1434791936;0;0;0;0;0;0;0;0;0;0;0;3647;0;0;133;0;122;0;
18474;7347018;1249222656;21688320;1434791936;0;0;0;0;0;0;0;0;0;0;0;4779;0;0;133;0;122;0;
18475;6668806;1249222656;21688320;1434791936;0;0;0;0;0;0;0;0;0;0;0;3386;0;0;133;0;122;0;
18476;8658418;1249222656;21688320;1434791936;0;0;0;0;0;0;0;0;0;0;0;4008;0;0;133;0;122;0;
18477;6762893;1249222656;21688320;1434791936;0;0;0;0;0;0;0;0;0;0;0;3887;0;0;133;0;122;0;
18478;8722929;1249222656;21688320;1434791936;0;0;0;0;0;0;0;0;0;0;0;3687;0;0;133;0;122;0;
18479;4594978;1249222656;21688320;1434791936;0;0;0;0;0;0;0;0;0;0;0;4468;0;0;133;0;122;0;
18480;7984694;1249222656;21688320;1434791936;0;0;0;0;0;0;0;0;0;0;0;3657;0;0;133;0;122;0;
18481;4513585;1249222656;21688320;1434791936;0;0;0;0;0;0;0;0;0;0;0;4007;0;0;133;0;122;0;
18482;7775142;1249222656;21688320;1434791936;0;0;0;0;0;0;0;0;0;0;0;4168;0;0;133;0;122;0;
18483;7893293;1249222656;21688320;1434791936;0;0;0;0;0;0;0;0;0;0;0;3006;0;0;133;0;122;0;
18484;6701829;1249222656;21688320;1434791936;0;0;0;0;0;0;0;0;0;0;0;3597;0;0;133;0;122;0;
18485;5970116;1249222656;21688320;1434791936;0;0;0;0;0;0;0;0;0;0;0;3947;0;0;133;0;122;0;
18486;6986132;1249222656;21688320;1434791936;0;0;0;0;0;0;0;0;0;0;0;3015;0;0;133;0;122;0;
18487;5336999;1249222656;21688320;1434791936;0;0;0;0;0;0;0;0;0;0;0;3446;0;0;133;0;122;0;
18488;7938738;1249222656;21688320;1434791936;0;0;0;0;0;0;0;0;0;0;0;4248;0;0;133;0;122;0;
18489;6693393;1249222656;21688320;1434791936;0;0;0;0;0;0;0;0;0;0;0;3947;0;0;133;0;122;0;
18490;9183763;1249222656;21692416;1434796032;0;0;0;0;0;0;0;0;0;0;0;4178;0;0;133;0;122;0;
18491;6211529;1249222656;21696512;1434800128;0;0;0;0;0;0;0;0;0;0;0;3296;0;0;133;0;122;0;
18492;9584895;1249222656;21696512;1434800128;0;0;0;0;0;0;0;0;0;0;0;3587;0;0;133;0;122;0;
18493;6713420;1249222656;21696512;1434800128;0;0;0;0;0;0;0;0;0;0;0;2986;0;0;133;0;122;0;
18494;7808854;1249222656;21696512;1434800128;0;0;0;0;0;0;0;0;0;0;0;3106;0;0;133;0;122;0;
18495;4538121;1249222656;21696512;1434800128;0;0;0;0;0;0;0;0;0;0;0;2595;0;0;133;0;122;0;
18496;6110730;1249222656;21696512;1434800128;0;0;0;0;0;0;0;0;0;0;0;4288;0;0;133;0;122;0;
18497;4248537;1249341440;21688320;1434791936;0;0;0;0;0;0;0;0;0;0;0;4349;0;0;133;0;122;0;
18498;7393636;1249341440;21688320;1434791936;0;0;0;0;0;0;0;0;0;0;0;4208;0;0;133;0;122;0;
18499;4916009;1249341440;21688320;1434791936;0;0;0;0;0;0;0;0;0;0;0;3266;0;0;133;0;122;0;
18500;6289846;1249341440;21688320;1434791936;0;0;0;0;0;0;0;0;0;0;0;3046;0;0;133;0;122;0;
18501;5545170;1249341440;21688320;1434791936;0;0;0;0;0;0;0;0;0;0;0;2955;0;0;133;0;122;0;
18502;6359056;1249341440;21688320;1434791936;0;0;0;0;0;0;0;0;0;0;0;4248;0;0;133;0;122;0;
18503;6639512;1249341440;21688320;1434791936;0;0;0;0;0;0;0;0;0;0;0;4058;0;0;133;0;122;0;
18504;6740732;1249341440;21688320;1434791936;0;0;0;0;0;0;0;0;0;0;0;2705;0;0;133;0;122;0;
18505;5567651;1249341440;21688320;1434791936;0;0;0;0;0;0;0;0;0;0;0;3506;0;0;133;0;122;0;
18506;7402743;1249341440;21688320;1434791936;0;0;0;0;0;0;0;0;0;0;0;3226;0;0;133;0;122;0;
18507;4719741;1249341440;21688320;1434791936;0;0;0;0;0;0;0;0;0;0;0;3817;0;0;133;0;122;0;
18508;4947157;1249341440;21688320;1434791936;0;0;0;0;0;0;0;0;0;0;0;3036;0;0;133;0;122;0;
18509;5234857;1249341440;21688320;1434791936;0;0;0;0;0;0;0;0;0;0;0;3246;0;0;133;0;122;0;
18510;6947078;1249341440;21688320;1434791936;0;0;0;0;0;0;0;0;0;0;0;7003;0;0;133;0;122;0;
18511;6613983;1249341440;21688320;1434791936;0;0;0;0;0;0;0;0;0;0;0;3747;0;0;133;0;122;0;
18512;7820336;1249341440;21688320;1434791936;0;0;0;0;0;0;0;0;0;0;0;3947;0;0;133;0;122;0;
18513;3769239;1249341440;21688320;1434791936;0;0;0;0;0;0;0;0;0;0;0;3787;0;0;133;0;122;0;
18514;6797738;1249341440;21688320;1434791936;0;0;0;0;0;0;0;0;0;0;0;2835;0;0;133;0;122;0;
18515;5944719;1249341440;21688320;1434791936;0;0;0;0;0;0;0;0;0;0;0;3306;0;0;133;0;122;0;
18516;6296529;1249341440;21688320;1434791936;0;0;0;0;0;0;0;0;0;0;0;3447;0;0;133;0;122;0;
18517;5876551;1249341440;21688320;1434791936;0;0;0;0;0;0;0;0;0;0;0;4529;0;0;133;0;122;0;
18518;5276134;1249341440;21688320;1434791936;0;0;0;0;0;0;0;0;0;0;0;3006;0;0;133;0;122;0;
18519;5016518;1249341440;21688320;1434791936;0;0;0;0;0;0;0;0;0;0;0;3427;0;0;133;0;122;0;
18520;6771539;1249341440;21688320;1434791936;0;0;0;0;0;0;0;0;0;0;0;4669;0;0;133;0;122;0;
18521;4792638;1249341440;21688320;1434791936;0;0;0;0;0;0;0;0;0;0;0;3797;0;0;133;0;122;0;
18522;6374134;1249341440;21688320;1434791936;0;0;0;0;0;0;0;0;0;0;0;3947;0;0;133;0;122;0;
18523;4025890;1249341440;21688320;1434791936;0;0;0;0;0;0;0;0;0;0;0;4369;0;0;133;0;122;0;
18524;5228986;1249341440;21688320;1434791936;0;0;0;0;0;0;0;0;0;0;0;3627;0;0;133;0;122;0;
18525;5429612;1249341440;21688320;1434791936;0;0;0;0;0;0;0;0;0;0;0;2986;0;0;133;0;122;0;
18526;8319673;1249341440;21688320;1434791936;0;0;0;0;0;0;0;0;0;0;0;2805;0;0;133;0;122;0;
18527;4598945;1249341440;21688320;1434791936;0;0;0;0;0;0;0;0;0;0;0;3857;0;0;133;0;122;0;
18528;6046790;1249341440;21688320;1434791936;0;0;0;0;0;0;0;0;0;0;0;2956;0;0;133;0;122;0;
18529;4482767;1249341440;21688320;1434791936;0;0;0;0;0;0;0;0;0;0;0;3427;0;0;133;0;122;0;
18530;6123634;1249341440;21688320;1434791936;0;0;0;0;0;0;0;0;0;0;0;2865;0;0;133;0;122;0;
18531;4059623;1249341440;21688320;1434791936;0;0;0;0;0;0;0;0;0;0;0;3296;0;0;133;0;122;0;
18532;5504814;1249341440;21688320;1434791936;0;0;0;0;0;0;0;0;0;0;0;3897;0;0;133;0;122;0;
18533;4116901;1249341440;21688320;1434791936;0;0;0;0;0;0;0;0;0;0;0;3878;0;0;133;0;122;0;
18534;7867034;1249341440;21688320;1434791936;0;0;0;0;0;0;0;0;0;0;0;2975;0;0;133;0;122;0;
18535;4062909;1249341440;21688320;1434791936;0;0;0;0;0;0;0;0;0;0;0;3286;0;0;133;0;122;0;
18536;7269112;1249341440;21688320;1434791936;0;0;0;0;0;0;0;0;0;0;0;3406;0;0;133;0;122;0;
18537;4775115;1249341440;21688320;1434791936;0;0;0;0;0;0;0;0;0;0;0;3977;0;0;133;0;122;0;
18538;7795930;1249341440;21688320;1434791936;0;0;0;0;0;0;0;0;0;0;0;3036;0;0;133;0;122;0;
18539;4623611;1249341440;21688320;1434791936;0;0;0;0;0;0;0;0;0;0;0;2615;0;0;133;0;122;0;
18540;6497014;1249341440;21688320;1434791936;0;0;0;0;0;0;0;0;0;0;0;3206;0;0;133;0;122;0;
18541;3030664;1249341440;21688320;1434791936;0;0;0;0;0;0;0;0;0;0;0;3346;0;0;133;0;122;0;
18542;6667815;1249341440;21688320;1434791936;0;0;0;0;0;0;0;0;0;0;0;2555;0;0;133;0;122;0;
18543;4726113;1249341440;21688320;1434791936;0;0;0;0;0;0;0;0;0;0;0;2866;0;0;133;0;122;0;
18544;6268936;1249341440;21688320;1434791936;0;0;0;0;0;0;0;0;0;0;0;3616;0;0;133;0;122;0;
18545;3170506;1249341440;21688320;1434791936;0;0;0;0;0;0;0;0;0;0;0;2946;0;0;133;0;122;0;
18546;4720283;1249341440;21688320;1434791936;0;0;0;0;0;0;0;0;0;0;0;2284;0;0;133;0;122;0;
18547;5767466;1249341440;21688320;1434791936;0;0;0;0;0;0;0;0;0;0;0;3166;0;0;133;0;122;0;
18548;5079135;1249341440;21688320;1434791936;0;0;0;0;0;0;0;0;0;0;0;2184;0;0;133;0;122;0;
18549;4541867;1249341440;21688320;1434791936;0;0;0;0;0;0;0;0;0;0;0;2685;0;0;133;0;122;0;
18550;6956185;1249341440;21688320;1434791936;0;0;0;0;0;0;0;0;0;0;0;2445;0;0;133;0;122;0;
18551;5562010;1249341440;21688320;1434791936;0;0;0;0;0;0;0;0;0;0;0;3066;0;0;133;0;122;0;
18552;5384538;1249341440;21688320;1434791936;0;0;0;0;0;0;0;0;0;0;0;1974;0;0;133;0;122;0;
18553;5540210;1249341440;21688320;1434791936;0;0;0;0;0;0;0;0;0;0;0;2955;0;0;133;0;122;0;
18554;6600399;1249341440;21688320;1434791936;0;0;0;0;0;0;0;0;0;0;0;3086;0;0;133;0;122;0;
18555;4592292;1249341440;21688320;1434791936;0;0;0;0;0;0;0;0;0;0;0;3146;0;0;133;0;122;0;
18556;6159903;1249341440;21688320;1434791936;0;0;0;0;0;0;0;0;0;0;0;2034;0;0;133;0;122;0;
18557;4000463;1249341440;21688320;1434791936;0;0;0;0;0;0;0;0;0;0;0;2815;0;0;133;0;122;0;
18558;5229788;1249341440;21688320;1434791936;0;0;0;0;0;0;0;0;0;0;0;2304;0;0;133;0;122;0;
18559;4503866;1249341440;21688320;1434791936;0;0;0;0;0;0;0;0;0;0;0;3166;0;0;133;0;122;0;
18560;6434246;1249341440;21688320;1434791936;0;0;0;0;0;0;0;0;0;0;0;2344;0;0;133;0;122;0;
18561;3668430;1249341440;21688320;1434791936;0;0;0;0;0;0;0;0;0;0;0;3337;0;0;133;0;122;0;
18562;5924591;1249341440;21688320;1434791936;0;0;0;0;0;0;0;0;0;0;0;3486;0;0;133;0;122;0;
18563;3769349;1249341440;21688320;1434791936;0;0;0;0;0;0;0;0;0;0;0;3126;0;0;133;0;122;0;
18564;6833866;1249341440;21688320;1434791936;0;0;0;0;0;0;0;0;0;0;0;3707;0;0;133;0;122;0;
18565;3393945;1249341440;21688320;1434791936;0;0;0;0;0;0;0;0;0;0;0;3276;0;0;133;0;122;0;
18566;6150033;1249341440;21688320;1434791936;0;0;0;0;0;0;0;0;0;0;0;2876;0;0;133;0;122;0;
18567;3553885;1249341440;21688320;1434791936;0;0;0;0;0;0;0;0;0;0;0;3296;0;0;133;0;122;0;
18568;7285834;1249341440;21688320;1434791936;0;0;0;0;0;0;0;0;0;0;0;3216;0;0;133;0;122;0;
18569;3901667;1249341440;21688320;1434791936;0;0;0;0;0;0;0;0;0;0;0;3707;0;0;133;0;122;0;
18570;5915043;1249341440;21688320;1434791936;0;0;0;0;0;0;0;0;0;0;0;2855;0;0;133;0;122;0;
18571;4576382;1249341440;21688320;1434791936;0;0;0;0;0;0;0;0;0;0;0;2635;0;0;133;0;122;0;
18572;5937295;1249341440;21688320;1434791936;0;0;0;0;0;0;0;0;0;0;0;2926;0;0;133;0;122;0;
18573;5003543;1249341440;21688320;1434791936;0;0;0;0;0;0;0;0;0;0;0;2615;0;0;133;0;122;0;
18574;5915103;1249341440;21688320;1434791936;0;0;0;0;0;0;0;0;0;0;0;2936;0;0;133;0;122;0;
18575;4795092;1249341440;21688320;1434791936;0;0;0;0;0;0;0;0;0;0;0;3536;0;0;133;0;122;0;
18576;4909227;1249341440;21688320;1434791936;0;0;0;0;0;0;0;0;0;0;0;2465;0;0;133;0;122;0;
18577;4756340;1249341440;21688320;1434791936;0;0;0;0;0;0;0;0;0;0;0;3216;0;0;133;0;122;0;
18578;6085343;1249341440;21688320;1434791936;0;0;0;0;0;0;0;0;0;0;0;3757;0;0;133;0;122;0;
18579;4836009;1249341440;21688320;1434791936;0;0;0;0;0;0;0;0;0;0;0;3456;0;0;133;0;122;0;
18580;5835333;1249341440;21688320;1434791936;0;0;0;0;0;0;0;0;0;0;0;3767;0;0;133;0;122;0;
18581;5254143;1249341440;21688320;1434791936;0;0;0;0;0;0;0;0;0;0;0;3407;0;0;133;0;122;0;
18582;6756171;1249341440;21688320;1434791936;0;0;0;0;0;0;0;0;0;0;0;3938;0;0;133;0;122;0;
18583;3677898;1249341440;21688320;1434791936;0;0;0;0;0;0;0;0;0;0;0;3566;0;0;133;0;122;0;
18584;6338587;1249341440;21688320;1434791936;0;0;0;0;0;0;0;0;0;0;0;4408;0;0;133;0;122;0;
18585;3621031;1249341440;21688320;1434791936;0;0;0;0;0;0;0;0;0;0;0;3787;0;0;133;0;122;0;
18586;7190014;1249341440;21688320;1434791936;0;0;0;0;0;0;0;0;0;0;0;3747;0;0;133;0;122;0;
18587;4137720;1249341440;21688320;1434791936;0;0;0;0;0;0;0;0;0;0;0;3116;0;0;133;0;122;0;
18588;6606399;1249341440;21688320;1434791936;0;0;0;0;0;0;0;0;0;0;0;3206;0;0;133;0;122;0;
18589;4179388;1249341440;21688320;1434791936;0;0;0;0;0;0;0;0;0;0;0;4098;0;0;133;0;122;0;
18590;6297941;1249341440;21688320;1434791936;0;0;0;0;0;0;0;0;0;0;0;2825;0;0;133;0;122;0;
18591;4518514;1249341440;21688320;1434791936;0;0;0;0;0;0;0;0;0;0;0;3887;0;0;133;0;122;0;
18592;5770662;1249341440;21688320;1434791936;0;0;0;0;0;0;0;0;0;0;0;3336;0;0;133;0;122;0;
18593;5126094;1249341440;21688320;1434791936;0;0;0;0;0;0;0;0;0;0;0;4258;0;0;133;0;122;0;
18594;6559041;1249341440;21688320;1434791936;0;0;0;0;0;0;0;0;0;0;0;3316;0;0;133;0;122;0;
18595;5390980;1249341440;21688320;1434791936;0;0;0;0;0;0;0;0;0;0;0;2965;0;0;133;0;122;0;
18596;5703626;1249341440;21688320;1434791936;0;0;0;0;0;0;0;0;0;0;0;2735;0;0;133;0;122;0;
18597;4087857;1249341440;21688320;1434791936;0;0;0;0;0;0;0;0;0;0;0;3647;0;0;133;0;122;0;
18598;4691348;1249341440;21688320;1434791936;0;0;0;0;0;0;0;0;0;0;0;3547;0;0;133;0;122;0;
18599;4544533;1249341440;21688320;1434791936;0;0;0;0;0;0;0;0;0;0;0;3527;0;0;133;0;122;0;
18600;6291499;1249341440;21688320;1434791936;0;0;0;0;0;0;0;0;0;0;0;3757;0;0;133;0;122;0;
18601;5185114;1249341440;21688320;1434791936;0;0;0;0;0;0;0;0;0;0;0;3176;0;0;133;0;122;0;
18602;6879331;1249341440;21688320;1434791936;0;0;0;0;0;0;0;0;0;0;0;3577;0;0;133;0;122;0;
18603;13070171;1249341440;21688320;1434791936;0;0;0;0;0;0;0;0;0;0;0;4759;0;0;133;0;122;0;
18604;6300435;1249341440;21688320;1434791936;0;0;0;0;0;0;0;0;0;0;0;3266;0;0;133;0;122;0;
18605;3626501;1249341440;21688320;1434791936;0;0;0;0;0;0;0;0;0;0;0;4068;0;0;133;0;122;0;
18606;6281651;1249341440;21688320;1434791936;0;0;0;0;0;0;0;0;0;0;0;2956;0;0;133;0;122;0;
18607;3827297;1249341440;21688320;1434791936;0;0;0;0;0;0;0;0;0;0;0;2695;0;0;133;0;122;0;
18608;5960909;1249341440;21688320;1434791936;0;0;0;0;0;0;0;0;0;0;0;3416;0;0;133;0;122;0;
18609;4507644;1249341440;21688320;1434791936;0;0;0;0;0;0;0;0;0;0;0;3968;0;0;133;0;122;0;
18610;6009039;1249341440;21688320;1434791936;0;0;0;0;0;0;0;0;0;0;0;2885;0;0;133;0;122;0;
18611;5398324;1249341440;21688320;1434791936;0;0;0;0;0;0;0;0;0;0;0;3256;0;0;133;0;122;0;
18612;5710249;1249341440;21688320;1434791936;0;0;0;0;0;0;0;0;0;0;0;3166;0;0;133;0;122;0;
18613;6029588;1249341440;21688320;1434791936;0;0;0;0;0;0;0;0;0;0;0;3226;0;0;133;0;122;0;
18614;4994046;1249341440;21688320;1434791936;0;0;0;0;0;0;0;0;0;0;0;3106;0;0;133;0;122;0;
18615;5265775;1249341440;21688320;1434791936;0;0;0;0;0;0;0;0;0;0;0;3377;0;0;133;0;122;0;
18616;5854139;1249341440;21688320;1434791936;0;0;0;0;0;0;0;0;0;0;0;2414;0;0;133;0;122;0;
18617;5272488;1249341440;21688320;1434791936;0;0;0;0;0;0;0;0;0;0;0;3166;0;0;133;0;122;0;
18618;5703957;1249341440;21688320;1434791936;0;0;0;0;0;0;0;0;0;0;0;3576;0;0;133;0;122;0;
18619;3750865;1249341440;21688320;1434791936;0;0;0;0;0;0;0;0;0;0;0;3196;0;0;133;0;122;0;
18620;7683038;1249341440;21688320;1434791936;0;0;0;0;0;0;0;0;0;0;0;2955;0;0;133;0;122;0;
18621;4097935;1249341440;21688320;1434791936;0;0;0;0;0;0;0;0;0;0;0;3096;0;0;133;0;122;0;
18622;6492025;1249341440;21688320;1434791936;0;0;0;0;0;0;0;0;0;0;0;3346;0;0;133;0;122;0;
18623;3629557;1249341440;21688320;1434791936;0;0;0;0;0;0;0;0;0;0;0;3056;0;0;133;0;122;0;
18624;6705906;1249341440;21688320;1434791936;0;0;0;0;0;0;0;0;0;0;0;2946;0;0;133;0;122;0;
18625;3795888;1249341440;21688320;1434791936;0;0;0;0;0;0;0;0;0;0;0;3025;0;0;133;0;122;0;
18626;6111932;1249341440;21688320;1434791936;0;0;0;0;0;0;0;0;0;0;0;3627;0;0;133;0;122;0;
18627;3986706;1249341440;21688320;1434791936;0;0;0;0;0;0;0;0;0;0;0;2785;0;0;133;0;122;0;
18628;6954081;1249341440;21688320;1434791936;0;0;0;0;0;0;0;0;0;0;0;2124;0;0;133;0;122;0;
18629;4026541;1249341440;21688320;1434791936;0;0;0;0;0;0;0;0;0;0;0;3236;0;0;133;0;122;0;
18630;6297320;1249341440;21688320;1434791936;0;0;0;0;0;0;0;0;0;0;0;2375;0;0;133;0;122;0;
18631;4505420;1249341440;21688320;1434791936;0;0;0;0;0;0;0;0;0;0;0;2655;0;0;133;0;122;0;
18632;5213638;1249341440;21688320;1434791936;0;0;0;0;0;0;0;0;0;0;0;2204;0;0;133;0;122;0;
18633;3771082;1249341440;21688320;1434791936;0;0;0;0;0;0;0;0;0;0;0;2384;0;0;133;0;122;0;
18634;6094179;1249341440;21688320;1434791936;0;0;0;0;0;0;0;0;0;0;0;2906;0;0;133;0;122;0;
18635;4259499;1249341440;21688320;1434791936;0;0;0;0;0;0;0;0;0;0;0;2775;0;0;133;0;122;0;
18636;6618002;1249341440;21688320;1434791936;0;0;0;0;0;0;0;0;0;0;0;2876;0;0;133;0;122;0;
18637;3539959;1249341440;21688320;1434791936;0;0;0;0;0;0;0;0;0;0;0;3166;0;0;133;0;122;0;
18638;5754442;1249341440;21688320;1434791936;0;0;0;0;0;0;0;0;0;0;0;2685;0;0;133;0;122;0;
18639;3252971;1249341440;21688320;1434791936;0;0;0;0;0;0;0;0;0;0;0;3006;0;0;133;0;122;0;
18640;6638319;1249341440;21688320;1434791936;0;0;0;0;0;0;0;0;0;0;0;3196;0;0;133;0;122;0;
18641;3959125;1249341440;21688320;1434791936;0;0;0;0;0;0;0;0;0;0;0;3286;0;0;133;0;122;0;
18642;4556625;1249341440;21688320;1434791936;0;0;0;0;0;0;0;0;0;0;0;2074;0;0;133;0;122;0;
18643;3928537;1249341440;21688320;1434791936;0;0;0;0;0;0;0;0;0;0;0;82214;0;0;133;0;122;0;
18644;5158485;1249341440;21688320;1434791936;0;0;0;0;0;0;0;0;0;0;0;2515;0;0;133;0;122;0;
18645;4543842;1249341440;21688320;1434791936;0;0;0;0;0;0;0;0;0;0;0;3066;0;0;133;0;122;0;
18646;6025390;1249341440;21688320;1434791936;0;0;0;0;0;0;0;0;0;0;0;2595;0;0;133;0;122;0;
18647;3831876;1249341440;21688320;1434791936;0;0;0;0;0;0;0;0;0;0;0;3376;0;0;133;0;122;0;
18648;5490036;1249341440;21688320;1434791936;0;0;0;0;0;0;0;0;0;0;0;2574;0;0;133;0;122;0;
18649;5441585;1249341440;21688320;1434791936;0;0;0;0;0;0;0;0;0;0;0;30898;0;0;133;0;122;0;
18650;6629533;1249341440;21688320;1434791936;0;0;0;0;0;0;0;0;0;0;0;2825;0;0;133;0;122;0;
18651;4517272;1249341440;21688320;1434791936;0;0;0;0;0;0;0;0;0;0;0;2725;0;0;133;0;122;0;
18652;6409320;1249341440;21688320;1434791936;0;0;0;0;0;0;0;0;0;0;0;2605;0;0;133;0;122;0;
18653;4040899;1249341440;21688320;1434791936;0;0;0;0;0;0;0;0;0;0;0;29355;0;0;133;0;122;0;
18654;5191776;1249341440;21688320;1434791936;0;0;0;0;0;0;0;0;0;0;0;2104;0;0;133;0;122;0;
18655;3670213;1249341440;21688320;1434791936;0;0;0;0;0;0;0;0;0;0;0;3377;0;0;133;0;122;0;
18656;6234953;1249341440;21688320;1434791936;0;0;0;0;0;0;0;0;0;0;0;3016;0;0;133;0;122;0;
18657;4042261;1249341440;21688320;1434791936;0;0;0;0;0;0;0;0;0;0;0;3146;0;0;133;0;122;0;
18658;6147519;1249341440;21688320;1434791936;0;0;0;0;0;0;0;0;0;0;0;3467;0;0;133;0;122;0;
18659;3370230;1249341440;21688320;1434791936;0;0;0;0;0;0;0;0;0;0;0;3106;0;0;133;0;122;0;
18660;5136823;1249341440;21688320;1434791936;0;0;0;0;0;0;0;0;0;0;0;2394;0;0;133;0;122;0;
18661;4448824;1249341440;21688320;1434791936;0;0;0;0;0;0;0;0;0;0;0;2845;0;0;133;0;122;0;
18662;5629197;1249341440;21688320;1434791936;0;0;0;0;0;0;0;0;0;0;0;2524;0;0;133;0;122;0;
18663;4658787;1249341440;21688320;1434791936;0;0;0;0;0;0;0;0;0;0;0;3226;0;0;133;0;122;0;
18664;5874166;1249341440;21688320;1434791936;0;0;0;0;0;0;0;0;0;0;0;2514;0;0;133;0;122;0;
18665;3547332;1249341440;21688320;1434791936;0;0;0;0;0;0;0;0;0;0;0;2715;0;0;133;0;122;0;
18666;5077472;1249341440;21688320;1434791936;0;0;0;0;0;0;0;0;0;0;0;1673;0;0;133;0;122;0;
18667;4475193;1249341440;21688320;1434791936;0;0;0;0;0;0;0;0;0;0;0;4127;0;0;133;0;122;0;
18668;5253452;1249341440;21688320;1434791936;0;0;0;0;0;0;0;0;0;0;0;3045;0;0;133;0;122;0;
18669;4906431;1249341440;21688320;1434791936;0;0;0;0;0;0;0;0;0;0;0;3457;0;0;133;0;122;0;
18670;6505039;1249341440;21688320;1434791936;0;0;0;0;0;0;0;0;0;0;0;3086;0;0;133;0;122;0;
18671;5866041;1249341440;21688320;1434791936;0;0;0;0;0;0;0;0;0;0;0;64711;0;0;133;0;122;0;
18672;5440353;1249341440;21688320;1434791936;0;0;0;0;0;0;0;0;0;0;0;3336;0;0;133;0;122;0;
18673;6289225;1249341440;21688320;1434791936;0;0;0;0;0;0;0;0;0;0;0;3878;0;0;133;0;122;0;
18674;6921560;1249341440;21692416;1434796032;0;0;0;0;0;0;0;0;0;0;0;32952;0;0;133;0;122;0;
18675;6100681;1249341440;21696512;1434800128;0;0;0;0;0;0;0;0;0;0;0;2715;0;0;133;0;122;0;
18676;6756491;1249341440;21696512;1434800128;0;0;0;0;0;0;0;0;0;0;0;3978;0;0;133;0;122;0;
18677;5792182;1249341440;21696512;1434800128;0;0;0;0;0;0;0;0;0;0;0;4759;0;0;133;0;122;0;
18678;8819209;1249341440;21696512;1434800128;0;0;0;0;0;0;0;0;0;0;0;4207;0;0;133;0;122;0;
18679;4905951;1249341440;21696512;1434800128;0;0;0;0;0;0;0;0;0;0;0;3367;0;0;133;0;122;0;
18680;8044306;1249341440;21696512;1434800128;0;0;0;0;0;0;0;0;0;0;0;3607;0;0;133;0;122;0;
18681;6243849;1249406976;21688320;1434791936;0;0;0;0;0;0;0;0;0;0;0;4729;0;0;133;0;122;0;
18682;8105160;1249406976;21688320;1434791936;0;0;0;0;0;0;0;0;0;0;0;3937;0;0;133;0;122;0;
18683;8257777;1249406976;21688320;1434791936;0;0;0;0;0;0;0;0;0;0;0;3977;0;0;133;0;122;0;
18684;6174690;1249406976;21688320;1434791936;0;0;0;0;0;0;0;0;0;0;0;3286;0;0;133;0;122;0;
18685;5916576;1249406976;21688320;1434791936;0;0;0;0;0;0;0;0;0;0;0;3477;0;0;133;0;122;0;
18686;7232984;1249406976;21688320;1434791936;0;0;0;0;0;0;0;0;0;0;0;4188;0;0;133;0;122;0;
18687;4787418;1249406976;21688320;1434791936;0;0;0;0;0;0;0;0;0;0;0;2465;0;0;133;0;122;0;
18688;6919377;1249406976;21688320;1434791936;0;0;0;0;0;0;0;0;0;0;0;2745;0;0;133;0;122;0;
18689;4446960;1249406976;21688320;1434791936;0;0;0;0;0;0;0;0;0;0;0;2905;0;0;133;0;122;0;
18690;6058973;1249406976;21688320;1434791936;0;0;0;0;0;0;0;0;0;0;0;2564;0;0;133;0;122;0;
18691;5796961;1249406976;21688320;1434791936;0;0;0;0;0;0;0;0;0;0;0;3617;0;0;133;0;122;0;
18692;6855276;1249406976;21688320;1434791936;0;0;0;0;0;0;0;0;0;0;0;4278;0;0;133;0;122;0;
18693;5091508;1249406976;21688320;1434791936;0;0;0;0;0;0;0;0;0;0;0;4468;0;0;133;0;122;0;
18694;7220401;1249406976;21688320;1434791936;0;0;0;0;0;0;0;0;0;0;0;3637;0;0;133;0;122;0;
18695;5723133;1249406976;21688320;1434791936;0;0;0;0;0;0;0;0;0;0;0;4178;0;0;133;0;122;0;
18696;7176689;1249406976;21688320;1434791936;0;0;0;0;0;0;0;0;0;0;0;3497;0;0;133;0;122;0;
18697;6317577;1249406976;21688320;1434791936;0;0;0;0;0;0;0;0;0;0;0;3597;0;0;133;0;122;0;
18698;5919872;1249406976;21688320;1434791936;0;0;0;0;0;0;0;0;0;0;0;2605;0;0;133;0;122;0;
18699;4538040;1249406976;21688320;1434791936;0;0;0;0;0;0;0;0;0;0;0;3777;0;0;133;0;122;0;
18700;6374004;1249406976;21688320;1434791936;0;0;0;0;0;0;0;0;0;0;0;2936;0;0;133;0;122;0;
18701;4123373;1249406976;21688320;1434791936;0;0;0;0;0;0;0;0;0;0;0;2745;0;0;133;0;122;0;
18702;5462425;1249406976;21688320;1434791936;0;0;0;0;0;0;0;0;0;0;0;2164;0;0;133;0;122;0;
18703;4556355;1249406976;21688320;1434791936;0;0;0;0;0;0;0;0;0;0;0;2776;0;0;133;0;122;0;
18704;5974124;1249406976;21688320;1434791936;0;0;0;0;0;0;0;0;0;0;0;2895;0;0;133;0;122;0;
18705;3229416;1249406976;21688320;1434791936;0;0;0;0;0;0;0;0;0;0;0;2826;0;0;133;0;122;0;
18706;6908316;1249406976;21688320;1434791936;0;0;0;0;0;0;0;0;0;0;0;2565;0;0;133;0;122;0;
18707;3166728;1249406976;21688320;1434791936;0;0;0;0;0;0;0;0;0;0;0;3626;0;0;133;0;122;0;
18708;7459740;1249406976;21688320;1434791936;0;0;0;0;0;0;0;0;0;0;0;2164;0;0;133;0;122;0;
18709;3761304;1249406976;21688320;1434791936;0;0;0;0;0;0;0;0;0;0;0;3757;0;0;133;0;122;0;
18710;6002246;1249406976;21688320;1434791936;0;0;0;0;0;0;0;0;0;0;0;2435;0;0;133;0;122;0;
18711;4273645;1249406976;21688320;1434791936;0;0;0;0;0;0;0;0;0;0;0;3016;0;0;133;0;122;0;
18712;6454134;1249406976;21688320;1434791936;0;0;0;0;0;0;0;0;0;0;0;2846;0;0;133;0;122;0;
18713;3669482;1249406976;21688320;1434791936;0;0;0;0;0;0;0;0;0;0;0;2565;0;0;133;0;122;0;
18714;5847636;1249406976;21688320;1434791936;0;0;0;0;0;0;0;0;0;0;0;2294;0;0;133;0;122;0;
18715;3778345;1249406976;21688320;1434791936;0;0;0;0;0;0;0;0;0;0;0;5680;0;0;133;0;122;0;
18716;7530633;1249406976;21688320;1434791936;0;0;0;0;0;0;0;0;0;0;0;2444;0;0;133;0;122;0;
18717;4469412;1249406976;21688320;1434791936;0;0;0;0;0;0;0;0;0;0;0;2885;0;0;133;0;122;0;
18718;6241766;1249406976;21688320;1434791936;0;0;0;0;0;0;0;0;0;0;0;3327;0;0;133;0;122;0;
18719;4803519;1249406976;21688320;1434791936;0;0;0;0;0;0;0;0;0;0;0;2965;0;0;133;0;122;0;
18720;5831306;1249406976;21688320;1434791936;0;0;0;0;0;0;0;0;0;0;0;3747;0;0;133;0;122;0;
18721;4353033;1249406976;21688320;1434791936;0;0;0;0;0;0;0;0;0;0;0;3085;0;0;133;0;122;0;
18722;5043578;1249406976;21688320;1434791936;0;0;0;0;0;0;0;0;0;0;0;2686;0;0;133;0;122;0;
18723;4674317;1249406976;21688320;1434791936;0;0;0;0;0;0;0;0;0;0;0;2615;0;0;133;0;122;0;
18724;5144347;1249406976;21688320;1434791936;0;0;0;0;0;0;0;0;0;0;0;2806;0;0;133;0;122;0;
18725;4773612;1249406976;21688320;1434791936;0;0;0;0;0;0;0;0;0;0;0;3146;0;0;133;0;122;0;
18726;5470770;1249406976;21688320;1434791936;0;0;0;0;0;0;0;0;0;0;0;2715;0;0;133;0;122;0;
18727;4821893;1249406976;21688320;1434791936;0;0;0;0;0;0;0;0;0;0;0;3056;0;0;133;0;122;0;
18728;6206569;1249406976;21688320;1434791936;0;0;0;0;0;0;0;0;0;0;0;24125;0;0;133;0;122;0;
18729;3607526;1249406976;21688320;1434791936;0;0;0;0;0;0;0;0;0;0;0;3256;0;0;133;0;122;0;
18730;5953796;1249406976;21688320;1434791936;0;0;0;0;0;0;0;0;0;0;0;3286;0;0;133;0;122;0;
18731;4008047;1249406976;21688320;1434791936;0;0;0;0;0;0;0;0;0;0;0;2835;0;0;133;0;122;0;
18732;6506622;1249406976;21688320;1434791936;0;0;0;0;0;0;0;0;0;0;0;2324;0;0;133;0;122;0;
18733;3796109;1249406976;21688320;1434791936;0;0;0;0;0;0;0;0;0;0;0;3637;0;0;133;0;122;0;
18734;5210452;1249406976;21688320;1434791936;0;0;0;0;0;0;0;0;0;0;0;3376;0;0;133;0;122;0;
18735;3393574;1249406976;21688320;1434791936;0;0;0;0;0;0;0;0;0;0;0;2856;0;0;133;0;122;0;
18736;5968393;1249406976;21688320;1434791936;0;0;0;0;0;0;0;0;0;0;0;2965;0;0;133;0;122;0;
18737;3369018;1249406976;21688320;1434791936;0;0;0;0;0;0;0;0;0;0;0;3326;0;0;133;0;122;0;
18738;6404812;1249406976;21688320;1434791936;0;0;0;0;0;0;0;0;0;0;0;2776;0;0;133;0;122;0;
18739;5245958;1249406976;21688320;1434791936;0;0;0;0;0;0;0;0;0;0;0;4188;0;0;133;0;122;0;
18740;6386226;1249406976;21688320;1434791936;0;0;0;0;0;0;0;0;0;0;0;4227;0;0;133;0;122;0;
18741;7878234;1249406976;21688320;1434791936;0;0;0;0;0;0;0;0;0;0;0;3667;0;0;133;0;122;0;
18742;8978459;1249406976;21688320;1434791936;0;0;0;0;0;0;0;0;0;0;0;3416;0;0;133;0;122;0;
18743;6636165;1249406976;21688320;1434791936;0;0;0;0;0;0;0;0;0;0;0;4068;0;0;133;0;122;0;
18744;9596887;1249406976;21688320;1434791936;0;0;0;0;0;0;0;0;0;0;0;3937;0;0;133;0;122;0;
18745;6547429;1249406976;21688320;1434791936;0;0;0;0;0;0;0;0;0;0;0;3717;0;0;133;0;122;0;
18746;8330473;1249406976;21688320;1434791936;0;0;0;0;0;0;0;0;0;0;0;3597;0;0;133;0;122;0;
18747;5824924;1249406976;21688320;1434791936;0;0;0;0;0;0;0;0;0;0;0;10310;0;0;133;0;122;0;
18748;7164807;1249406976;21688320;1434791936;0;0;0;0;0;0;0;0;0;0;0;3246;0;0;133;0;122;0;
18749;5142935;1249406976;21688320;1434791936;0;0;0;0;0;0;0;0;0;0;0;3106;0;0;133;0;122;0;
18750;7530693;1249406976;21688320;1434791936;0;0;0;0;0;0;0;0;0;0;0;3898;0;0;133;0;122;0;
18751;4809550;1249406976;21688320;1434791936;0;0;0;0;0;0;0;0;0;0;0;3155;0;0;133;0;122;0;
18752;6578267;1249406976;21688320;1434791936;0;0;0;0;0;0;0;0;0;0;0;3065;0;0;133;0;122;0;
18753;5618948;1249406976;21688320;1434791936;0;0;0;0;0;0;0;0;0;0;0;3176;0;0;133;0;122;0;
18754;8174249;1249406976;21688320;1434791936;0;0;0;0;0;0;0;0;0;0;0;4609;0;0;133;0;122;0;
18755;5508421;1249406976;21688320;1434791936;0;0;0;0;0;0;0;0;0;0;0;3667;0;0;133;0;122;0;
18756;7829092;1249406976;21688320;1434791936;0;0;0;0;0;0;0;0;0;0;0;3266;0;0;133;0;122;0;
18757;5825105;1249406976;21688320;1434791936;0;0;0;0;0;0;0;0;0;0;0;3817;0;0;133;0;122;0;
18758;9139360;1249406976;21688320;1434791936;0;0;0;0;0;0;0;0;0;0;0;3146;0;0;133;0;122;0;
18759;7376874;1249406976;21688320;1434791936;0;0;0;0;0;0;0;0;0;0;0;4288;0;0;133;0;122;0;
18760;8030500;1249406976;21688320;1434791936;0;0;0;0;0;0;0;0;0;0;0;3226;0;0;133;0;122;0;
18761;9622385;1249406976;21688320;1434791936;0;0;0;0;0;0;0;0;0;0;0;3827;0;0;133;0;122;0;
18762;8892267;1249406976;21688320;1434791936;0;0;0;0;0;0;0;0;0;0;0;3697;0;0;133;0;122;0;
18763;6064123;1249406976;21688320;1434791936;0;0;0;0;0;0;0;0;0;0;0;4067;0;0;133;0;122;0;
18764;9132086;1249406976;21688320;1434791936;0;0;0;0;0;0;0;0;0;0;0;59121;0;0;133;0;122;0;
18765;6660030;1249406976;21688320;1434791936;0;0;0;0;0;0;0;0;0;0;0;3416;0;0;133;0;122;0;
18766;7204311;1249406976;21688320;1434791936;0;0;0;0;0;0;0;0;0;0;0;3336;0;0;133;0;122;0;
18767;4400773;1249406976;21688320;1434791936;0;0;0;0;0;0;0;0;0;0;0;3196;0;0;133;0;122;0;
18768;5849220;1249406976;21688320;1434791936;0;0;0;0;0;0;0;0;0;0;0;2775;0;0;133;0;122;0;
18769;5848869;1249406976;21688320;1434791936;0;0;0;0;0;0;0;0;0;0;0;3547;0;0;133;0;122;0;
18770;8440339;1249406976;21688320;1434791936;0;0;0;0;0;0;0;0;0;0;0;3837;0;0;133;0;122;0;
18771;8225436;1249406976;21688320;1434791936;0;0;0;0;0;0;0;0;0;0;0;3537;0;0;133;0;122;0;
18772;6303802;1249406976;21688320;1434791936;0;0;0;0;0;0;0;0;0;0;0;8505;0;0;133;0;122;0;
18773;6516651;1249406976;21688320;1434791936;0;0;0;0;0;0;0;0;0;0;0;3176;0;0;133;0;122;0;
18774;5768899;1249406976;21688320;1434791936;0;0;0;0;0;0;0;0;0;0;0;2565;0;0;133;0;122;0;
18775;5422449;1249406976;21688320;1434791936;0;0;0;0;0;0;0;0;0;0;0;2855;0;0;133;0;122;0;
18776;10883741;1249406976;21688320;1434791936;0;0;0;0;0;0;0;0;0;0;0;2244;0;0;133;0;122;0;
18777;5790529;1249406976;21688320;1434791936;0;0;0;0;0;0;0;0;0;0;0;3376;0;0;133;0;122;0;
18778;5976919;1249406976;21688320;1434791936;0;0;0;0;0;0;0;0;0;0;0;4078;0;0;133;0;122;0;
18779;3822017;1249406976;21688320;1434791936;0;0;0;0;0;0;0;0;0;0;0;3607;0;0;133;0;122;0;
18780;6912384;1249406976;21688320;1434791936;0;0;0;0;0;0;0;0;0;0;0;2925;0;0;133;0;122;0;
18781;5365563;1249406976;21688320;1434791936;0;0;0;0;0;0;0;0;0;0;0;3356;0;0;133;0;122;0;
18782;6278324;1249406976;21688320;1434791936;0;0;0;0;0;0;0;0;0;0;0;3687;0;0;133;0;122;0;
18783;5654174;1249406976;21688320;1434791936;0;0;0;0;0;0;0;0;0;0;0;3757;0;0;133;0;122;0;
18784;5932365;1249406976;21688320;1434791936;0;0;0;0;0;0;0;0;0;0;0;2595;0;0;133;0;122;0;
18785;4934344;1249406976;21688320;1434791936;0;0;0;0;0;0;0;0;0;0;0;3316;0;0;133;0;122;0;
18786;6013708;1249406976;21688320;1434791936;0;0;0;0;0;0;0;0;0;0;0;2946;0;0;133;0;122;0;
18787;3939488;1249406976;21688320;1434791936;0;0;0;0;0;0;0;0;0;0;0;3277;0;0;133;0;122;0;
18788;5907819;1249406976;21688320;1434791936;0;0;0;0;0;0;0;0;0;0;0;3737;0;0;133;0;122;0;
18789;5190995;1249406976;21688320;1434791936;0;0;0;0;0;0;0;0;0;0;0;3577;0;0;133;0;122;0;
18790;5613979;1249406976;21688320;1434791936;0;0;0;0;0;0;0;0;0;0;0;3126;0;0;133;0;122;0;
18791;4969490;1249406976;21688320;1434791936;0;0;0;0;0;0;0;0;0;0;0;3236;0;0;133;0;122;0;
18792;6861558;1249406976;21688320;1434791936;0;0;0;0;0;0;0;0;0;0;0;2765;0;0;133;0;122;0;
18793;5632423;1249406976;21688320;1434791936;0;0;0;0;0;0;0;0;0;0;0;3506;0;0;133;0;122;0;
18794;6579930;1249406976;21688320;1434791936;0;0;0;0;0;0;0;0;0;0;0;3557;0;0;133;0;122;0;
18795;5586256;1249406976;21688320;1434791936;0;0;0;0;0;0;0;0;0;0;0;3376;0;0;133;0;122;0;
18796;7015487;1249406976;21688320;1434791936;0;0;0;0;0;0;0;0;0;0;0;2896;0;0;133;0;122;0;
18797;4305284;1249406976;21688320;1434791936;0;0;0;0;0;0;0;0;0;0;0;3707;0;0;133;0;122;0;
18798;6593295;1249406976;21688320;1434791936;0;0;0;0;0;0;0;0;0;0;0;3567;0;0;133;0;122;0;
18799;4227699;1249406976;21688320;1434791936;0;0;0;0;0;0;0;0;0;0;0;3777;0;0;133;0;122;0;
18800;6669558;1249406976;21688320;1434791936;0;0;0;0;0;0;0;0;0;0;0;3347;0;0;133;0;122;0;
18801;3676244;1249406976;21688320;1434791936;0;0;0;0;0;0;0;0;0;0;0;3727;0;0;133;0;122;0;
18802;7524812;1249406976;21688320;1434791936;0;0;0;0;0;0;0;0;0;0;0;3717;0;0;133;0;122;0;
18803;5044992;1249406976;21688320;1434791936;0;0;0;0;0;0;0;0;0;0;0;3597;0;0;133;0;122;0;
18804;6385565;1249406976;21688320;1434791936;0;0;0;0;0;0;0;0;0;0;0;3537;0;0;133;0;122;0;
18805;5493272;1249406976;21688320;1434791936;0;0;0;0;0;0;0;0;0;0;0;3196;0;0;133;0;122;0;
18806;6022985;1249406976;21688320;1434791936;0;0;0;0;0;0;0;0;0;0;0;2585;0;0;133;0;122;0;
18807;6936509;1249406976;21688320;1434791936;0;0;0;0;0;0;0;0;0;0;0;3016;0;0;133;0;122;0;
18808;4958900;1249406976;21688320;1434791936;0;0;0;0;0;0;0;0;0;0;0;2775;0;0;133;0;122;0;
18809;5809144;1249406976;21688320;1434791936;0;0;0;0;0;0;0;0;0;0;0;4198;0;0;133;0;122;0;
18810;5481149;1249406976;21688320;1434791936;0;0;0;0;0;0;0;0;0;0;0;3166;0;0;133;0;122;0;
18811;6206520;1249406976;21688320;1434791936;0;0;0;0;0;0;0;0;0;0;0;3636;0;0;133;0;122;0;
18812;6117102;1249406976;21688320;1434791936;0;0;0;0;0;0;0;0;0;0;0;2424;0;0;133;0;122;0;
18813;5385770;1249406976;21688320;1434791936;0;0;0;0;0;0;0;0;0;0;0;3417;0;0;133;0;122;0;
18814;5680053;1249406976;21688320;1434791936;0;0;0;0;0;0;0;0;0;0;0;2425;0;0;133;0;122;0;
18815;4886554;1249406976;21688320;1434791936;0;0;0;0;0;0;0;0;0;0;0;3807;0;0;133;0;122;0;
18816;5182409;1249406976;21688320;1434791936;0;0;0;0;0;0;0;0;0;0;0;2865;0;0;133;0;122;0;
18817;4723197;1249406976;21688320;1434791936;0;0;0;0;0;0;0;0;0;0;0;10069;0;0;133;0;122;0;
18818;5735546;1249406976;21688320;1434791936;0;0;0;0;0;0;0;0;0;0;0;2846;0;0;133;0;122;0;
18819;5136563;1249406976;21688320;1434791936;0;0;0;0;0;0;0;0;0;0;0;3626;0;0;133;0;122;0;
18820;6556706;1249406976;21688320;1434791936;0;0;0;0;0;0;0;0;0;0;0;3026;0;0;133;0;122;0;
18821;6045348;1249406976;21688320;1434791936;0;0;0;0;0;0;0;0;0;0;0;4408;0;0;133;0;122;0;
18822;5652792;1249406976;21688320;1434791936;0;0;0;0;0;0;0;0;0;0;0;2935;0;0;133;0;122;0;
18823;5253212;1249406976;21688320;1434791936;0;0;0;0;0;0;0;0;0;0;0;2705;0;0;133;0;122;0;
18824;6302119;1249406976;21688320;1434791936;0;0;0;0;0;0;0;0;0;0;0;2845;0;0;133;0;122;0;
18825;4868370;1249406976;21688320;1434791936;0;0;0;0;0;0;0;0;0;0;0;3937;0;0;133;0;122;0;
18826;6336253;1249406976;21688320;1434791936;0;0;0;0;0;0;0;0;0;0;0;2866;0;0;133;0;122;0;
18827;5935742;1249406976;21688320;1434791936;0;0;0;0;0;0;0;0;0;0;0;3337;0;0;133;0;122;0;
18828;6686811;1249406976;21688320;1434791936;0;0;0;0;0;0;0;0;0;0;0;3817;0;0;133;0;122;0;
18829;4975952;1249406976;21688320;1434791936;0;0;0;0;0;0;0;0;0;0;0;3046;0;0;133;0;122;0;
18830;7896739;1249406976;21688320;1434791936;0;0;0;0;0;0;0;0;0;0;0;4038;0;0;133;0;122;0;
18831;4005802;1249406976;21688320;1434791936;0;0;0;0;0;0;0;0;0;0;0;3226;0;0;133;0;122;0;
18832;6677532;1249406976;21688320;1434791936;0;0;0;0;0;0;0;0;0;0;0;2164;0;0;133;0;122;0;
18833;3084815;1249406976;21688320;1434791936;0;0;0;0;0;0;0;0;0;0;0;2945;0;0;133;0;122;0;
18834;5624398;1249406976;21688320;1434791936;0;0;0;0;0;0;0;0;0;0;0;2254;0;0;133;0;122;0;
18835;3950048;1249406976;21688320;1434791936;0;0;0;0;0;0;0;0;0;0;0;2835;0;0;133;0;122;0;
18836;5495837;1249406976;21688320;1434791936;0;0;0;0;0;0;0;0;0;0;0;2294;0;0;133;0;122;0;
18837;3259743;1249406976;21688320;1434791936;0;0;0;0;0;0;0;0;0;0;0;3367;0;0;133;0;122;0;
18838;5122898;1249406976;21688320;1434791936;0;0;0;0;0;0;0;0;0;0;0;2104;0;0;133;0;122;0;
18839;2553760;1249406976;21688320;1434791936;0;0;0;0;0;0;0;0;0;0;0;3377;0;0;133;0;122;0;
18840;4846378;1249406976;21688320;1434791936;0;0;0;0;0;0;0;0;0;0;0;2094;0;0;133;0;122;0;
18841;4559400;1249406976;21688320;1434791936;0;0;0;0;0;0;0;0;0;0;0;2835;0;0;133;0;122;0;
18842;5528929;1249406976;21688320;1434791936;0;0;0;0;0;0;0;0;0;0;0;2675;0;0;133;0;122;0;
18843;4099268;1249406976;21688320;1434791936;0;0;0;0;0;0;0;0;0;0;0;3025;0;0;133;0;122;0;
18844;4939984;1249406976;21688320;1434791936;0;0;0;0;0;0;0;0;0;0;0;3617;0;0;133;0;122;0;
18845;4853392;1249406976;21688320;1434791936;0;0;0;0;0;0;0;0;0;0;0;3166;0;0;133;0;122;0;
18846;6489841;1249406976;21688320;1434791936;0;0;0;0;0;0;0;0;0;0;0;3647;0;0;133;0;122;0;
18847;4191431;1249406976;21688320;1434791936;0;0;0;0;0;0;0;0;0;0;0;3236;0;0;133;0;122;0;
18848;6555534;1249406976;21688320;1434791936;0;0;0;0;0;0;0;0;0;0;0;3236;0;0;133;0;122;0;
18849;4399610;1249406976;21688320;1434791936;0;0;0;0;0;0;0;0;0;0;0;3065;0;0;133;0;122;0;
18850;6606319;1249406976;21688320;1434791936;0;0;0;0;0;0;0;0;0;0;0;3317;0;0;133;0;122;0;
18851;4274847;1249406976;21688320;1434791936;0;0;0;0;0;0;0;0;0;0;0;4167;0;0;133;0;122;0;
18852;6888679;1249406976;21688320;1434791936;0;0;0;0;0;0;0;0;0;0;0;3546;0;0;133;0;122;0;
18853;5431897;1249406976;21688320;1434791936;0;0;0;0;0;0;0;0;0;0;0;3076;0;0;133;0;122;0;
18854;5061623;1249406976;21688320;1434791936;0;0;0;0;0;0;0;0;0;0;0;2755;0;0;133;0;122;0;
18855;4669116;1249406976;21688320;1434791936;0;0;0;0;0;0;0;0;0;0;0;3556;0;0;133;0;122;0;
18856;5221713;1249406976;21688320;1434791936;0;0;0;0;0;0;0;0;0;0;0;3496;0;0;133;0;122;0;
18857;5390058;1249406976;21688320;1434791936;0;0;0;0;0;0;0;0;0;0;0;3005;0;0;133;0;122;0;
18858;4949572;1249406976;21688320;1434791936;0;0;0;0;0;0;0;0;0;0;0;2124;0;0;133;0;122;0;
18859;3553023;1249406976;21688320;1434791936;0;0;0;0;0;0;0;0;0;0;0;3727;0;0;133;0;122;0;
18860;6139584;1249406976;21688320;1434791936;0;0;0;0;0;0;0;0;0;0;0;2756;0;0;133;0;122;0;
18861;4150544;1249406976;21688320;1434791936;0;0;0;0;0;0;0;0;0;0;0;3146;0;0;133;0;122;0;
18862;4810611;1249406976;21688320;1434791936;0;0;0;0;0;0;0;0;0;0;0;1853;0;0;133;0;122;0;
18863;4068349;1249406976;21688320;1434791936;0;0;0;0;0;0;0;0;0;0;0;3216;0;0;133;0;122;0;
18864;5407311;1249406976;21688320;1434791936;0;0;0;0;0;0;0;0;0;0;0;2434;0;0;133;0;122;0;
18865;4173136;1249406976;21688320;1434791936;0;0;0;0;0;0;0;0;0;0;0;2765;0;0;133;0;122;0;
18866;4344428;1249406976;21688320;1434791936;0;0;0;0;0;0;0;0;0;0;0;1873;0;0;133;0;122;0;
18867;4505589;1249406976;21688320;1434791936;0;0;0;0;0;0;0;0;0;0;0;2815;0;0;133;0;122;0;
18868;5931874;1249406976;21688320;1434791936;0;0;0;0;0;0;0;0;0;0;0;1994;0;0;133;0;122;0;
18869;4270128;1249406976;21688320;1434791936;0;0;0;0;0;0;0;0;0;0;0;3306;0;0;133;0;122;0;
18870;6774885;1249406976;21688320;1434791936;0;0;0;0;0;0;0;0;0;0;0;4067;0;0;133;0;122;0;
18871;3546291;1249406976;21688320;1434791936;0;0;0;0;0;0;0;0;0;0;0;3547;0;0;133;0;122;0;
18872;7715179;1249406976;21688320;1434791936;0;0;0;0;0;0;0;0;0;0;0;3907;0;0;133;0;122;0;
18873;3745204;1249406976;21688320;1434791936;0;0;0;0;0;0;0;0;0;0;0;3196;0;0;133;0;122;0;
18874;5705260;1249406976;21688320;1434791936;0;0;0;0;0;0;0;0;0;0;0;3907;0;0;133;0;122;0;
18875;4951376;1249406976;21688320;1434791936;0;0;0;0;0;0;0;0;0;0;0;3887;0;0;133;0;122;0;
18876;6962468;1249406976;21688320;1434791936;0;0;0;0;0;0;0;0;0;0;0;3627;0;0;133;0;122;0;
18877;4662645;1249406976;21688320;1434791936;0;0;0;0;0;0;0;0;0;0;0;4338;0;0;133;0;122;0;
18878;6448474;1249406976;21688320;1434791936;0;0;0;0;0;0;0;0;0;0;0;3246;0;0;133;0;122;0;
18879;5124120;1249406976;21688320;1434791936;0;0;0;0;0;0;0;0;0;0;0;4519;0;0;133;0;122;0;
18880;5695341;1249406976;21688320;1434791936;0;0;0;0;0;0;0;0;0;0;0;2294;0;0;133;0;122;0;
18881;5134910;1249406976;21688320;1434791936;0;0;0;0;0;0;0;0;0;0;0;2905;0;0;133;0;122;0;
18882;5111256;1249406976;21688320;1434791936;0;0;0;0;0;0;0;0;0;0;0;2184;0;0;133;0;122;0;
18883;4131748;1249406976;21688320;1434791936;0;0;0;0;0;0;0;0;0;0;0;2554;0;0;133;0;122;0;
18884;4631325;1249406976;21688320;1434791936;0;0;0;0;0;0;0;0;0;0;0;2174;0;0;133;0;122;0;
18885;4615776;1249406976;21688320;1434791936;0;0;0;0;0;0;0;0;0;0;0;3266;0;0;133;0;122;0;
18886;6339980;1249406976;21688320;1434791936;0;0;0;0;0;0;0;0;0;0;0;2024;0;0;133;0;122;0;
18887;3559145;1249406976;21688320;1434791936;0;0;0;0;0;0;0;0;0;0;0;3256;0;0;133;0;122;0;
18888;6701087;1249406976;21688320;1434791936;0;0;0;0;0;0;0;0;0;0;0;3046;0;0;133;0;122;0;
18889;3565888;1249406976;21688320;1434791936;0;0;0;0;0;0;0;0;0;0;0;2715;0;0;133;0;122;0;
18890;4552798;1249406976;21688320;1434791936;0;0;0;0;0;0;0;0;0;0;0;1593;0;0;133;0;122;0;
18891;3953975;1249406976;21688320;1434791936;0;0;0;0;0;0;0;0;0;0;0;2525;0;0;133;0;122;0;
18892;5536844;1249406976;21688320;1434791936;0;0;0;0;0;0;0;0;0;0;0;1753;0;0;133;0;122;0;
18893;4391596;1249406976;21688320;1434791936;0;0;0;0;0;0;0;0;0;0;0;2935;0;0;133;0;122;0;
18894;6555724;1249406976;21688320;1434791936;0;0;0;0;0;0;0;0;0;0;0;2174;0;0;133;0;122;0;
18895;3653131;1249406976;21688320;1434791936;0;0;0;0;0;0;0;0;0;0;0;2906;0;0;133;0;122;0;
18896;7163054;1249406976;21688320;1434791936;0;0;0;0;0;0;0;0;0;0;0;3727;0;0;133;0;122;0;
18897;3532335;1249406976;21688320;1434791936;0;0;0;0;0;0;0;0;0;0;0;3577;0;0;133;0;122;0;
18898;6554202;1249406976;21688320;1434791936;0;0;0;0;0;0;0;0;0;0;0;3446;0;0;133;0;122;0;
18899;6585430;1249406976;21688320;1434791936;0;0;0;0;0;0;0;0;0;0;0;2755;0;0;133;0;122;0;
18900;8220727;1249406976;21688320;1434791936;0;0;0;0;0;0;0;0;0;0;0;2955;0;0;133;0;122;0;
18901;4498957;1249406976;21688320;1434791936;0;0;0;0;0;0;0;0;0;0;0;3156;0;0;133;0;122;0;
18902;5754071;1249406976;21688320;1434791936;0;0;0;0;0;0;0;0;0;0;0;2234;0;0;133;0;122;0;
18903;7410087;1249406976;21688320;1434791936;0;0;0;0;0;0;0;0;0;0;0;3958;0;0;133;0;122;0;
18904;6814370;1249406976;21688320;1434791936;0;0;0;0;0;0;0;0;0;0;0;3657;0;0;133;0;122;0;
18905;4646764;1249406976;21688320;1434791936;0;0;0;0;0;0;0;0;0;0;0;94868;0;0;133;0;122;0;
18906;6206239;1249406976;21688320;1434791936;0;0;0;0;0;0;0;0;0;0;0;3657;0;0;133;0;122;0;
18907;4000181;1249406976;21688320;1434791936;0;0;0;0;0;0;0;0;0;0;0;3006;0;0;133;0;122;0;
18908;6831301;1249406976;21688320;1434791936;0;0;0;0;0;0;0;0;0;0;0;3266;0;0;133;0;122;0;
18909;4492485;1249406976;21688320;1434791936;0;0;0;0;0;0;0;0;0;0;0;3186;0;0;133;0;122;0;
18910;5495336;1249406976;21688320;1434791936;0;0;0;0;0;0;0;0;0;0;0;3126;0;0;133;0;122;0;
18911;5912127;1249406976;21688320;1434791936;0;0;0;0;0;0;0;0;0;0;0;3427;0;0;133;0;122;0;
18912;7793166;1249406976;21688320;1434791936;0;0;0;0;0;0;0;0;0;0;0;3106;0;0;133;0;122;0;
18913;5239967;1249406976;21688320;1434791936;0;0;0;0;0;0;0;0;0;0;0;3657;0;0;133;0;122;0;
18914;7977330;1249406976;21688320;1434791936;0;0;0;0;0;0;0;0;0;0;0;4087;0;0;133;0;122;0;
18915;6020862;1249406976;21688320;1434791936;0;0;0;0;0;0;0;0;0;0;0;6111;0;0;133;0;122;0;
18916;5913140;1249406976;21688320;1434791936;0;0;0;0;0;0;0;0;0;0;0;2845;0;0;133;0;122;0;
18917;7436516;1249406976;21688320;1434791936;0;0;0;0;0;0;0;0;0;0;0;3576;0;0;133;0;122;0;
18918;6480954;1249406976;21688320;1434791936;0;0;0;0;0;0;0;0;0;0;0;2806;0;0;133;0;122;0;
18919;6416584;1249406976;21688320;1434791936;0;0;0;0;0;0;0;0;0;0;0;4078;0;0;133;0;122;0;
18920;6676591;1249406976;21688320;1434791936;0;0;0;0;0;0;0;0;0;0;0;3316;0;0;133;0;122;0;
18921;4981212;1249406976;21688320;1434791936;0;0;0;0;0;0;0;0;0;0;0;3156;0;0;133;0;122;0;
18922;6831131;1249406976;21688320;1434791936;0;0;0;0;0;0;0;0;0;0;0;2435;0;0;133;0;122;0;
18923;5057074;1249406976;21688320;1434791936;0;0;0;0;0;0;0;0;0;0;0;3316;0;0;133;0;122;0;
18924;5867684;1249406976;21688320;1434791936;0;0;0;0;0;0;0;0;0;0;0;2224;0;0;133;0;122;0;
18925;5473084;1249406976;21688320;1434791936;0;0;0;0;0;0;0;0;0;0;0;2985;0;0;133;0;122;0;
18926;4613432;1249406976;21688320;1434791936;0;0;0;0;0;0;0;0;0;0;0;2465;0;0;133;0;122;0;
18927;5711621;1249406976;21688320;1434791936;0;0;0;0;0;0;0;0;0;0;0;2665;0;0;133;0;122;0;
18928;6156716;1249406976;21688320;1434791936;0;0;0;0;0;0;0;0;0;0;0;2194;0;0;133;0;122;0;
18929;4651964;1249406976;21688320;1434791936;0;0;0;0;0;0;0;0;0;0;0;3416;0;0;133;0;122;0;
18930;5723363;1249406976;21688320;1434791936;0;0;0;0;0;0;0;0;0;0;0;2064;0;0;133;0;122;0;
18931;5543667;1249406976;21688320;1434791936;0;0;0;0;0;0;0;0;0;0;0;3667;0;0;133;0;122;0;
18932;6106061;1249406976;21688320;1434791936;0;0;0;0;0;0;0;0;0;0;0;2284;0;0;133;0;122;0;
18933;5347087;1249406976;21688320;1434791936;0;0;0;0;0;0;0;0;0;0;0;3106;0;0;133;0;122;0;
18934;6015472;1249406976;21688320;1434791936;0;0;0;0;0;0;0;0;0;0;0;2575;0;0;133;0;122;0;
18935;4652254;1249406976;21688320;1434791936;0;0;0;0;0;0;0;0;0;0;0;3196;0;0;133;0;122;0;
18936;5427088;1249406976;21688320;1434791936;0;0;0;0;0;0;0;0;0;0;0;2475;0;0;133;0;122;0;
18937;4056918;1249406976;21688320;1434791936;0;0;0;0;0;0;0;0;0;0;0;3376;0;0;133;0;122;0;
18938;5143997;1249406976;21688320;1434791936;0;0;0;0;0;0;0;0;0;0;0;2485;0;0;133;0;122;0;
18939;4942639;1249406976;21688320;1434791936;0;0;0;0;0;0;0;0;0;0;0;2785;0;0;133;0;122;0;
18940;6202011;1249406976;21688320;1434791936;0;0;0;0;0;0;0;0;0;0;0;3317;0;0;133;0;122;0;
18941;4251984;1249406976;21688320;1434791936;0;0;0;0;0;0;0;0;0;0;0;3046;0;0;133;0;122;0;
18942;6155324;1249406976;21688320;1434791936;0;0;0;0;0;0;0;0;0;0;0;3366;0;0;133;0;122;0;
18943;5374469;1249406976;21688320;1434791936;0;0;0;0;0;0;0;0;0;0;0;4107;0;0;133;0;122;0;
18944;6403619;1249406976;21688320;1434791936;0;0;0;0;0;0;0;0;0;0;0;3116;0;0;133;0;122;0;
18945;3830052;1249406976;21688320;1434791936;0;0;0;0;0;0;0;0;0;0;0;2885;0;0;133;0;122;0;
18946;6761209;1249406976;21688320;1434791936;0;0;0;0;0;0;0;0;0;0;0;3496;0;0;133;0;122;0;
18947;5276946;1249406976;21688320;1434791936;0;0;0;0;0;0;0;0;0;0;0;4198;0;0;133;0;122;0;
18948;8026012;1249406976;21688320;1434791936;0;0;0;0;0;0;0;0;0;0;0;3226;0;0;133;0;122;0;
18949;8794363;1249406976;21688320;1434791936;0;0;0;0;0;0;0;0;0;0;0;4047;0;0;133;0;122;0;
18950;7698748;1249406976;21688320;1434791936;0;0;0;0;0;0;0;0;0;0;0;3937;0;0;133;0;122;0;
18951;9451826;1249406976;21688320;1434791936;0;0;0;0;0;0;0;0;0;0;0;3637;0;0;133;0;122;0;
18952;7096078;1249406976;21688320;1434791936;0;0;0;0;0;0;0;0;0;0;0;2966;0;0;133;0;122;0;
18953;5281465;1249406976;21688320;1434791936;0;0;0;0;0;0;0;0;0;0;0;3808;0;0;133;0;122;0;
18954;5438770;1249406976;21688320;1434791936;0;0;0;0;0;0;0;0;0;0;0;2595;0;0;133;0;122;0;
18955;12975314;1249406976;21688320;1434791936;0;0;0;0;0;0;0;0;0;0;0;3907;0;0;133;0;122;0;
18956;7567452;1249406976;21688320;1434791936;0;0;0;0;0;0;0;0;0;0;0;2875;0;0;133;0;122;0;
18957;3570056;1249406976;21688320;1434791936;0;0;0;0;0;0;0;0;0;0;0;3337;0;0;133;0;122;0;
18958;5990023;1249406976;21688320;1434791936;0;0;0;0;0;0;0;0;0;0;0;3897;0;0;133;0;122;0;
18959;3581838;1249406976;21688320;1434791936;0;0;0;0;0;0;0;0;0;0;0;3006;0;0;133;0;122;0;
18960;4882206;1249406976;21688320;1434791936;0;0;0;0;0;0;0;0;0;0;0;1984;0;0;133;0;122;0;
18961;4550063;1249406976;21688320;1434791936;0;0;0;0;0;0;0;0;0;0;0;3016;0;0;133;0;122;0;
18962;6112153;1249406976;21688320;1434791936;0;0;0;0;0;0;0;0;0;0;0;2475;0;0;133;0;122;0;
18963;3593720;1249406976;21688320;1434791936;0;0;0;0;0;0;0;0;0;0;0;2736;0;0;133;0;122;0;
18964;12019892;1249406976;21688320;1434791936;0;0;0;0;0;0;0;0;0;0;0;2986;0;0;133;0;122;0;
18965;4527150;1249406976;21688320;1434791936;0;0;0;0;0;0;0;0;0;0;0;4418;0;0;133;0;122;0;
18966;4880923;1249406976;21688320;1434791936;0;0;0;0;0;0;0;0;0;0;0;2565;0;0;133;0;122;0;
18967;4796485;1249406976;21688320;1434791936;0;0;0;0;0;0;0;0;0;0;0;10179;0;0;133;0;122;0;
18968;5376563;1249406976;21688320;1434791936;0;0;0;0;0;0;0;0;0;0;0;2475;0;0;133;0;122;0;
18969;4958219;1249406976;21688320;1434791936;0;0;0;0;0;0;0;0;0;0;0;2895;0;0;133;0;122;0;
18970;4623962;1249406976;21688320;1434791936;0;0;0;0;0;0;0;0;0;0;0;2114;0;0;133;0;122;0;
18971;3678458;1249406976;21688320;1434791936;0;0;0;0;0;0;0;0;0;0;0;2675;0;0;133;0;122;0;
18972;6389012;1249406976;21688320;1434791936;0;0;0;0;0;0;0;0;0;0;0;2565;0;0;133;0;122;0;
18973;3963123;1249406976;21688320;1434791936;0;0;0;0;0;0;0;0;0;0;0;3276;0;0;133;0;122;0;
18974;6219233;1249406976;21688320;1434791936;0;0;0;0;0;0;0;0;0;0;0;1713;0;0;133;0;122;0;
18975;3015024;1249406976;21688320;1434791936;0;0;0;0;0;0;0;0;0;0;0;2615;0;0;133;0;122;0;
18976;5478925;1249406976;21688320;1434791936;0;0;0;0;0;0;0;0;0;0;0;3096;0;0;133;0;122;0;
18977;3526454;1249406976;21688320;1434791936;0;0;0;0;0;0;0;0;0;0;0;2865;0;0;133;0;122;0;
18978;4990990;1249406976;21688320;1434791936;0;0;0;0;0;0;0;0;0;0;0;2274;0;0;133;0;122;0;
18979;3930672;1249406976;21688320;1434791936;0;0;0;0;0;0;0;0;0;0;0;3457;0;0;133;0;122;0;
18980;5326179;1249406976;21688320;1434791936;0;0;0;0;0;0;0;0;0;0;0;2054;0;0;133;0;122;0;
18981;4217990;1249406976;21688320;1434791936;0;0;0;0;0;0;0;0;0;0;0;3337;0;0;133;0;122;0;
18982;4248067;1249406976;21688320;1434791936;0;0;0;0;0;0;0;0;0;0;0;1894;0;0;133;0;122;0;
18983;3712102;1249406976;21688320;1434791936;0;0;0;0;0;0;0;0;0;0;0;2965;0;0;133;0;122;0;
18984;5713515;1249406976;21688320;1434791936;0;0;0;0;0;0;0;0;0;0;0;2475;0;0;133;0;122;0;
18985;3177679;1249406976;21688320;1434791936;0;0;0;0;0;0;0;0;0;0;0;2975;0;0;133;0;122;0;
18986;6117493;1249406976;21688320;1434791936;0;0;0;0;0;0;0;0;0;0;0;3416;0;0;133;0;122;0;
18987;3565336;1249406976;21688320;1434791936;0;0;0;0;0;0;0;0;0;0;0;3256;0;0;133;0;122;0;
18988;6584258;1249406976;21688320;1434791936;0;0;0;0;0;0;0;0;0;0;0;3236;0;0;133;0;122;0;
18989;3676234;1249406976;21688320;1434791936;0;0;0;0;0;0;0;0;0;0;0;3336;0;0;133;0;122;0;
18990;5414885;1249406976;21688320;1434791936;0;0;0;0;0;0;0;0;0;0;0;3347;0;0;133;0;122;0;
18991;3579453;1249406976;21688320;1434791936;0;0;0;0;0;0;0;0;0;0;0;3406;0;0;133;0;122;0;
18992;5952223;1249406976;21688320;1434791936;0;0;0;0;0;0;0;0;0;0;0;3176;0;0;133;0;122;0;
18993;3804785;1249406976;21688320;1434791936;0;0;0;0;0;0;0;0;0;0;0;3907;0;0;133;0;122;0;
18994;5299940;1249406976;21688320;1434791936;0;0;0;0;0;0;0;0;0;0;0;2274;0;0;133;0;122;0;
18995;4773272;1249406976;21688320;1434791936;0;0;0;0;0;0;0;0;0;0;0;3947;0;0;133;0;122;0;
18996;6219294;1249406976;21688320;1434791936;0;0;0;0;0;0;0;0;0;0;0;3857;0;0;133;0;122;0;
18997;3576848;1249406976;21688320;1434791936;0;0;0;0;0;0;0;0;0;0;0;2976;0;0;133;0;122;0;
18998;7072093;1249406976;21688320;1434791936;0;0;0;0;0;0;0;0;0;0;0;2965;0;0;133;0;122;0;
18999;3850120;1249406976;21688320;1434791936;0;0;0;0;0;0;0;0;0;0;0;3347;0;0;133;0;122;0;
19000;6386567;1249406976;21688320;1434791936;0;0;0;0;0;0;0;0;0;0;0;2334;0;0;133;0;122;0;
19001;3771423;1249406976;21688320;1434791936;0;0;0;0;0;0;0;0;0;0;0;2565;0;0;133;0;122;0;
19002;6254129;1249406976;21688320;1434791936;0;0;0;0;0;0;0;0;0;0;0;3646;0;0;133;0;122;0;
19003;3433520;1249406976;21688320;1434791936;0;0;0;0;0;0;0;0;0;0;0;3297;0;0;133;0;122;0;
19004;4971253;1249406976;21688320;1434791936;0;0;0;0;0;0;0;0;0;0;0;2114;0;0;133;0;122;0;
19005;3701873;1249406976;21688320;1434791936;0;0;0;0;0;0;0;0;0;0;0;2826;0;0;133;0;122;0;
19006;5005287;1249406976;21688320;1434791936;0;0;0;0;0;0;0;0;0;0;0;1833;0;0;133;0;122;0;
19007;4389342;1249406976;21688320;1434791936;0;0;0;0;0;0;0;0;0;0;0;2625;0;0;133;0;122;0;
19008;6490883;1249406976;21688320;1434791936;0;0;0;0;0;0;0;0;0;0;0;1923;0;0;133;0;122;0;
19009;4095090;1249406976;21688320;1434791936;0;0;0;0;0;0;0;0;0;0;0;3236;0;0;133;0;122;0;
19010;6130677;1249406976;21688320;1434791936;0;0;0;0;0;0;0;0;0;0;0;2595;0;0;133;0;122;0;
19011;4232758;1249406976;21688320;1434791936;0;0;0;0;0;0;0;0;0;0;0;3056;0;0;133;0;122;0;
19012;6570031;1249406976;21688320;1434791936;0;0;0;0;0;0;0;0;0;0;0;2334;0;0;133;0;122;0;
19013;3917797;1249406976;21688320;1434791936;0;0;0;0;0;0;0;0;0;0;0;3326;0;0;133;0;122;0;
19014;5533267;1249406976;21688320;1434791936;0;0;0;0;0;0;0;0;0;0;0;2886;0;0;133;0;122;0;
19015;4428936;1249406976;21688320;1434791936;0;0;0;0;0;0;0;0;0;0;0;3206;0;0;133;0;122;0;
19016;6314292;1249406976;21688320;1434791936;0;0;0;0;0;0;0;0;0;0;0;2916;0;0;133;0;122;0;
19017;5483934;1249406976;21688320;1434791936;0;0;0;0;0;0;0;0;0;0;0;3556;0;0;133;0;122;0;
19018;5966810;1249406976;21688320;1434791936;0;0;0;0;0;0;0;0;0;0;0;3066;0;0;133;0;122;0;
19019;4546226;1249406976;21688320;1434791936;0;0;0;0;0;0;0;0;0;0;0;4859;0;0;133;0;122;0;
19020;6418918;1249406976;21688320;1434791936;0;0;0;0;0;0;0;0;0;0;0;2354;0;0;133;0;122;0;
19021;6015311;1249406976;21688320;1434791936;0;0;0;0;0;0;0;0;0;0;0;3477;0;0;133;0;122;0;
19022;6032744;1249406976;21688320;1434791936;0;0;0;0;0;0;0;0;0;0;0;2745;0;0;133;0;122;0;
19023;4036961;1249406976;21688320;1434791936;0;0;0;0;0;0;0;0;0;0;0;2805;0;0;133;0;122;0;
19024;5195674;1249406976;21688320;1434791936;0;0;0;0;0;0;0;0;0;0;0;2585;0;0;133;0;122;0;
19025;3921946;1249406976;21688320;1434791936;0;0;0;0;0;0;0;0;0;0;0;3086;0;0;133;0;122;0;
19026;5379308;1249406976;21688320;1434791936;0;0;0;0;0;0;0;0;0;0;0;2895;0;0;133;0;122;0;
19027;4635544;1249406976;21688320;1434791936;0;0;0;0;0;0;0;0;0;0;0;2936;0;0;133;0;122;0;
19028;5116595;1249406976;21688320;1434791936;0;0;0;0;0;0;0;0;0;0;0;2224;0;0;133;0;122;0;
19029;4243648;1249406976;21688320;1434791936;0;0;0;0;0;0;0;0;0;0;0;3186;0;0;133;0;122;0;
19030;5351636;1249406976;21688320;1434791936;0;0;0;0;0;0;0;0;0;0;0;2705;0;0;133;0;122;0;
19031;5598369;1249406976;21688320;1434791936;0;0;0;0;0;0;0;0;0;0;0;2615;0;0;133;0;122;0;
19032;4910600;1249406976;21688320;1434791936;0;0;0;0;0;0;0;0;0;0;0;2134;0;0;133;0;122;0;
19033;4511481;1249406976;21688320;1434791936;0;0;0;0;0;0;0;0;0;0;0;2825;0;0;133;0;122;0;
19034;4709702;1249406976;21688320;1434791936;0;0;0;0;0;0;0;0;0;0;0;2034;0;0;133;0;122;0;
19035;5299258;1249406976;21688320;1434791936;0;0;0;0;0;0;0;0;0;0;0;2865;0;0;133;0;122;0;
19036;6107334;1249406976;21688320;1434791936;0;0;0;0;0;0;0;0;0;0;0;2956;0;0;133;0;122;0;
19037;4645312;1249406976;21688320;1434791936;0;0;0;0;0;0;0;0;0;0;0;2986;0;0;133;0;122;0;
19038;5148566;1249406976;21688320;1434791936;0;0;0;0;0;0;0;0;0;0;0;2144;0;0;133;0;122;0;
19039;4417675;1249406976;21688320;1434791936;0;0;0;0;0;0;0;0;0;0;0;2675;0;0;133;0;122;0;
19040;8240223;1249406976;21688320;1434791936;0;0;0;0;0;0;0;0;0;0;0;3606;0;0;133;0;122;0;
19041;3844851;1249406976;21688320;1434791936;0;0;0;0;0;0;0;0;0;0;0;3075;0;0;133;0;122;0;
19042;6788080;1249406976;21688320;1434791936;0;0;0;0;0;0;0;0;0;0;0;5871;0;0;133;0;122;0;
19043;4744358;1249406976;21688320;1434791936;0;0;0;0;0;0;0;0;0;0;0;3076;0;0;133;0;122;0;
19044;6615356;1249406976;21688320;1434791936;0;0;0;0;0;0;0;0;0;0;0;4548;0;0;133;0;122;0;
19045;4752884;1249406976;21688320;1434791936;0;0;0;0;0;0;0;0;0;0;0;3426;0;0;133;0;122;0;
19046;6435309;1249406976;21688320;1434791936;0;0;0;0;0;0;0;0;0;0;0;4188;0;0;133;0;122;0;
19047;4215105;1249406976;21688320;1434791936;0;0;0;0;0;0;0;0;0;0;0;3176;0;0;133;0;122;0;
19048;5980707;1249406976;21688320;1434791936;0;0;0;0;0;0;0;0;0;0;0;3827;0;0;133;0;122;0;
19049;5434021;1249406976;21688320;1434791936;0;0;0;0;0;0;0;0;0;0;0;3086;0;0;133;0;122;0;
19050;5830395;1249406976;21688320;1434791936;0;0;0;0;0;0;0;0;0;0;0;3326;0;0;133;0;122;0;
19051;5696494;1249406976;21688320;1434791936;0;0;0;0;0;0;0;0;0;0;0;3476;0;0;133;0;122;0;
19052;4901322;1249406976;21688320;1434791936;0;0;0;0;0;0;0;0;0;0;0;3586;0;0;133;0;122;0;
19053;5422218;1249406976;21688320;1434791936;0;0;0;0;0;0;0;0;0;0;0;2976;0;0;133;0;122;0;
19054;5109242;1249406976;21688320;1434791936;0;0;0;0;0;0;0;0;0;0;0;2304;0;0;133;0;122;0;
19055;8298423;1249406976;21688320;1434791936;0;0;0;0;0;0;0;0;0;0;0;3297;0;0;133;0;122;0;
19056;4978877;1249406976;21688320;1434791936;0;0;0;0;0;0;0;0;0;0;0;1763;0;0;133;0;122;0;
19057;5778427;1249406976;21688320;1434791936;0;0;0;0;0;0;0;0;0;0;0;2775;0;0;133;0;122;0;
19058;7186567;1249406976;21688320;1434791936;0;0;0;0;0;0;0;0;0;0;0;2474;0;0;133;0;122;0;
19059;5149247;1249406976;21688320;1434791936;0;0;0;0;0;0;0;0;0;0;0;3116;0;0;133;0;122;0;
19060;5962632;1249406976;21688320;1434791936;0;0;0;0;0;0;0;0;0;0;0;2594;0;0;133;0;122;0;
19061;5391662;1249406976;21688320;1434791936;0;0;0;0;0;0;0;0;0;0;0;3186;0;0;133;0;122;0;
19062;5104032;1249406976;21688320;1434791936;0;0;0;0;0;0;0;0;0;0;0;3146;0;0;133;0;122;0;
19063;5235999;1249406976;21688320;1434791936;0;0;0;0;0;0;0;0;0;0;0;2515;0;0;133;0;122;0;
19064;5648563;1249406976;21688320;1434791936;0;0;0;0;0;0;0;0;0;0;0;2064;0;0;133;0;122;0;
19065;6210236;1249406976;21688320;1434791936;0;0;0;0;0;0;0;0;0;0;0;3196;0;0;133;0;122;0;
19066;5901637;1249406976;21688320;1434791936;0;0;0;0;0;0;0;0;0;0;0;2554;0;0;133;0;122;0;
19067;6545695;1249406976;21688320;1434791936;0;0;0;0;0;0;0;0;0;0;0;2946;0;0;133;0;122;0;
19068;7177932;1249406976;21688320;1434791936;0;0;0;0;0;0;0;0;0;0;0;3907;0;0;133;0;122;0;
19069;4686980;1249406976;21688320;1434791936;0;0;0;0;0;0;0;0;0;0;0;3356;0;0;133;0;122;0;
19070;6500020;1249406976;21688320;1434791936;0;0;0;0;0;0;0;0;0;0;0;2996;0;0;133;0;122;0;
19071;5497369;1249406976;21688320;1434791936;0;0;0;0;0;0;0;0;0;0;0;2976;0;0;133;0;122;0;
19072;7860271;1249406976;21688320;1434791936;0;0;0;0;0;0;0;0;0;0;0;3066;0;0;133;0;122;0;
19073;4699924;1249406976;21688320;1434791936;0;0;0;0;0;0;0;0;0;0;0;2845;0;0;133;0;122;0;
19074;7725959;1249406976;21688320;1434791936;0;0;0;0;0;0;0;0;0;0;0;2996;0;0;133;0;122;0;
19075;4816242;1249406976;21688320;1434791936;0;0;0;0;0;0;0;0;0;0;0;3256;0;0;133;0;122;0;
19076;7215271;1249406976;21688320;1434791936;0;0;0;0;0;0;0;0;0;0;0;2434;0;0;133;0;122;0;
19077;6901152;1249406976;21688320;1434791936;0;0;0;0;0;0;0;0;0;0;0;3557;0;0;133;0;122;0;
19078;8480915;1249406976;21688320;1434791936;0;0;0;0;0;0;0;0;0;0;0;5039;0;0;133;0;122;0;
19079;5660385;1249406976;21688320;1434791936;0;0;0;0;0;0;0;0;0;0;0;3507;0;0;133;0;122;0;
19080;6612681;1249406976;21688320;1434791936;0;0;0;0;0;0;0;0;0;0;0;3747;0;0;133;0;122;0;
19081;5156340;1249406976;21688320;1434791936;0;0;0;0;0;0;0;0;0;0;0;5020;0;0;133;0;122;0;
19082;5303947;1249406976;21688320;1434791936;0;0;0;0;0;0;0;0;0;0;0;2775;0;0;133;0;122;0;
19083;5451354;1249406976;21688320;1434791936;0;0;0;0;0;0;0;0;0;0;0;3176;0;0;133;0;122;0;
19084;5496628;1249406976;21688320;1434791936;0;0;0;0;0;0;0;0;0;0;0;3667;0;0;133;0;122;0;
19085;5437788;1249406976;21688320;1434791936;0;0;0;0;0;0;0;0;0;0;0;4278;0;0;133;0;122;0;
19086;6134574;1249406976;21688320;1434791936;0;0;0;0;0;0;0;0;0;0;0;3396;0;0;133;0;122;0;
19087;5356596;1249406976;21688320;1434791936;0;0;0;0;0;0;0;0;0;0;0;2865;0;0;133;0;122;0;
19088;5807180;1249406976;21688320;1434791936;0;0;0;0;0;0;0;0;0;0;0;3487;0;0;133;0;122;0;
19089;5313946;1249406976;21688320;1434791936;0;0;0;0;0;0;0;0;0;0;0;3056;0;0;133;0;122;0;
19090;5969415;1249406976;21688320;1434791936;0;0;0;0;0;0;0;0;0;0;0;2625;0;0;133;0;122;0;
19091;5384718;1249406976;21688320;1434791936;0;0;0;0;0;0;0;0;0;0;0;3156;0;0;133;0;122;0;
19092;5286324;1249406976;21688320;1434791936;0;0;0;0;0;0;0;0;0;0;0;3256;0;0;133;0;122;0;
19093;4934995;1249406976;21688320;1434791936;0;0;0;0;0;0;0;0;0;0;0;2244;0;0;133;0;122;0;
19094;5953816;1249406976;21688320;1434791936;0;0;0;0;0;0;0;0;0;0;0;2815;0;0;133;0;122;0;
19095;5087831;1249406976;21688320;1434791936;0;0;0;0;0;0;0;0;0;0;0;3376;0;0;133;0;122;0;
19096;5034452;1249406976;21688320;1434791936;0;0;0;0;0;0;0;0;0;0;0;2495;0;0;133;0;122;0;
19097;5785500;1249406976;21688320;1434791936;0;0;0;0;0;0;0;0;0;0;0;3496;0;0;133;0;122;0;
19098;6054143;1249406976;21688320;1434791936;0;0;0;0;0;0;0;0;0;0;0;2214;0;0;133;0;122;0;
19099;5187638;1249406976;21688320;1434791936;0;0;0;0;0;0;0;0;0;0;0;4018;0;0;133;0;122;0;
19100;6706687;1249406976;21688320;1434791936;0;0;0;0;0;0;0;0;0;0;0;2665;0;0;133;0;122;0;
19101;4100450;1249406976;21688320;1434791936;0;0;0;0;0;0;0;0;0;0;0;4198;0;0;133;0;122;0;
19102;5760773;1249406976;21688320;1434791936;0;0;0;0;0;0;0;0;0;0;0;2484;0;0;133;0;122;0;
19103;5026737;1249406976;21688320;1434791936;0;0;0;0;0;0;0;0;0;0;0;3737;0;0;133;0;122;0;
19104;5922347;1249406976;21688320;1434791936;0;0;0;0;0;0;0;0;0;0;0;2695;0;0;133;0;122;0;
19105;4431962;1249406976;21688320;1434791936;0;0;0;0;0;0;0;0;0;0;0;2906;0;0;133;0;122;0;
19106;5286655;1249406976;21688320;1434791936;0;0;0;0;0;0;0;0;0;0;0;2555;0;0;133;0;122;0;
19107;4777369;1249406976;21688320;1434791936;0;0;0;0;0;0;0;0;0;0;0;3026;0;0;133;0;122;0;
19108;6608333;1249406976;21688320;1434791936;0;0;0;0;0;0;0;0;0;0;0;2535;0;0;133;0;122;0;
19109;4327826;1249406976;21688320;1434791936;0;0;0;0;0;0;0;0;0;0;0;3617;0;0;133;0;122;0;
19110;5596896;1249406976;21688320;1434791936;0;0;0;0;0;0;0;0;0;0;0;2304;0;0;133;0;122;0;
19111;5038549;1249406976;21688320;1434791936;0;0;0;0;0;0;0;0;0;0;0;2846;0;0;133;0;122;0;
19112;5259905;1249406976;21688320;1434791936;0;0;0;0;0;0;0;0;0;0;0;2245;0;0;133;0;122;0;
19113;4158348;1249406976;21688320;1434791936;0;0;0;0;0;0;0;0;0;0;0;3126;0;0;133;0;122;0;
19114;5716030;1249406976;21688320;1434791936;0;0;0;0;0;0;0;0;0;0;0;2315;0;0;133;0;122;0;
19115;4651764;1249406976;21688320;1434791936;0;0;0;0;0;0;0;0;0;0;0;2845;0;0;133;0;122;0;
19116;5943046;1249406976;21688320;1434791936;0;0;0;0;0;0;0;0;0;0;0;2244;0;0;133;0;122;0;
19117;4729119;1249406976;21688320;1434791936;0;0;0;0;0;0;0;0;0;0;0;2866;0;0;133;0;122;0;
19118;6243729;1249406976;21688320;1434791936;0;0;0;0;0;0;0;0;0;0;0;2756;0;0;133;0;122;0;
19119;5020685;1249406976;21688320;1434791936;0;0;0;0;0;0;0;0;0;0;0;3606;0;0;133;0;122;0;
19120;6609816;1249406976;21692416;1434796032;0;0;0;0;0;0;0;0;0;0;0;2866;0;0;133;0;122;0;
19121;6030249;1249406976;21696512;1434800128;0;0;0;0;0;0;0;0;0;0;0;3045;0;0;133;0;122;0;
19122;6210737;1249406976;21696512;1434800128;0;0;0;0;0;0;0;0;0;0;0;2545;0;0;133;0;122;0;
19123;4122331;1249406976;21696512;1434800128;0;0;0;0;0;0;0;0;0;0;0;3797;0;0;133;0;122;0;
19124;7399106;1249406976;21696512;1434800128;0;0;0;0;0;0;0;0;0;0;0;2464;0;0;133;0;122;0;
19125;3911185;1249406976;21696512;1434800128;0;0;0;0;0;0;0;0;0;0;0;3196;0;0;133;0;122;0;
19126;7453739;1249406976;21696512;1434800128;0;0;0;0;0;0;0;0;0;0;0;3126;0;0;133;0;122;0;
19127;6114628;1249566720;21688320;1434791936;0;0;0;0;0;0;0;0;0;0;0;3446;0;0;133;0;122;0;
19128;6201000;1249566720;21688320;1434791936;0;0;0;0;0;0;0;0;0;0;0;2785;0;0;133;0;122;0;
19129;4579768;1249566720;21688320;1434791936;0;0;0;0;0;0;0;0;0;0;0;3276;0;0;133;0;122;0;
19130;6159952;1249566720;21688320;1434791936;0;0;0;0;0;0;0;0;0;0;0;2594;0;0;133;0;122;0;
19131;5168473;1249566720;21688320;1434791936;0;0;0;0;0;0;0;0;0;0;0;2855;0;0;133;0;122;0;
19132;6302088;1249566720;21688320;1434791936;0;0;0;0;0;0;0;0;0;0;0;3006;0;0;133;0;122;0;
19133;7552995;1249566720;21688320;1434791936;0;0;0;0;0;0;0;0;0;0;0;2815;0;0;133;0;122;0;
19134;6119637;1249566720;21688320;1434791936;0;0;0;0;0;0;0;0;0;0;0;2535;0;0;133;0;122;0;
19135;4569920;1249566720;21688320;1434791936;0;0;0;0;0;0;0;0;0;0;0;3507;0;0;133;0;122;0;
19136;6244531;1249566720;21688320;1434791936;0;0;0;0;0;0;0;0;0;0;0;2805;0;0;133;0;122;0;
19137;4770527;1249566720;21688320;1434791936;0;0;0;0;0;0;0;0;0;0;0;3957;0;0;133;0;122;0;
19138;7957803;1249566720;21688320;1434791936;0;0;0;0;0;0;0;0;0;0;0;2295;0;0;133;0;122;0;
19139;10835100;1249566720;21688320;1434791936;0;0;0;0;0;0;0;0;0;0;0;4709;0;0;133;0;122;0;
19140;6307600;1249566720;21688320;1434791936;0;0;0;0;0;0;0;0;0;0;0;3286;0;0;133;0;122;0;
19141;6272132;1249566720;21688320;1434791936;0;0;0;0;0;0;0;0;0;0;0;4278;0;0;133;0;122;0;
19142;6276200;1249566720;21688320;1434791936;0;0;0;0;0;0;0;0;0;0;0;3707;0;0;133;0;122;0;
19143;4992733;1249566720;21688320;1434791936;0;0;0;0;0;0;0;0;0;0;0;4198;0;0;133;0;122;0;
19144;6047862;1249566720;21688320;1434791936;0;0;0;0;0;0;0;0;0;0;0;3977;0;0;133;0;122;0;
19145;4178776;1249566720;21688320;1434791936;0;0;0;0;0;0;0;0;0;0;0;3727;0;0;133;0;122;0;
19146;6943292;1249566720;21688320;1434791936;0;0;0;0;0;0;0;0;0;0;0;2835;0;0;133;0;122;0;
19147;5101778;1249566720;21688320;1434791936;0;0;0;0;0;0;0;0;0;0;0;3126;0;0;133;0;122;0;
19148;5612495;1249566720;21688320;1434791936;0;0;0;0;0;0;0;0;0;0;0;3547;0;0;133;0;122;0;
19149;4252996;1249566720;21688320;1434791936;0;0;0;0;0;0;0;0;0;0;0;3316;0;0;133;0;122;0;
19150;5086109;1249566720;21688320;1434791936;0;0;0;0;0;0;0;0;0;0;0;2555;0;0;133;0;122;0;
19151;4279135;1249566720;21688320;1434791936;0;0;0;0;0;0;0;0;0;0;0;3617;0;0;133;0;122;0;
19152;5574845;1249566720;21688320;1434791936;0;0;0;0;0;0;0;0;0;0;0;2414;0;0;133;0;122;0;
19153;4267353;1249566720;21688320;1434791936;0;0;0;0;0;0;0;0;0;0;0;3026;0;0;133;0;122;0;
19154;5256588;1249566720;21688320;1434791936;0;0;0;0;0;0;0;0;0;0;0;1914;0;0;133;0;122;0;
19155;4204976;1249566720;21688320;1434791936;0;0;0;0;0;0;0;0;0;0;0;3196;0;0;133;0;122;0;
19156;4538541;1249566720;21688320;1434791936;0;0;0;0;0;0;0;0;0;0;0;1683;0;0;133;0;122;0;
19157;3824993;1249566720;21688320;1434791936;0;0;0;0;0;0;0;0;0;0;0;2855;0;0;133;0;122;0;
19158;5405598;1249566720;21688320;1434791936;0;0;0;0;0;0;0;0;0;0;0;2154;0;0;133;0;122;0;
19159;5133888;1249566720;21688320;1434791936;0;0;0;0;0;0;0;0;0;0;0;3437;0;0;133;0;122;0;
19160;5498943;1249566720;21688320;1434791936;0;0;0;0;0;0;0;0;0;0;0;2033;0;0;133;0;122;0;
19161;4951326;1249566720;21688320;1434791936;0;0;0;0;0;0;0;0;0;0;0;3406;0;0;133;0;122;0;
19162;6818367;1249566720;21688320;1434791936;0;0;0;0;0;0;0;0;0;0;0;2535;0;0;133;0;122;0;
19163;3095796;1249566720;21688320;1434791936;0;0;0;0;0;0;0;0;0;0;0;3787;0;0;133;0;122;0;
19164;4952648;1249566720;21688320;1434791936;0;0;0;0;0;0;0;0;0;0;0;2275;0;0;133;0;122;0;
19165;3841284;1249566720;21688320;1434791936;0;0;0;0;0;0;0;0;0;0;0;3496;0;0;133;0;122;0;
19166;6106823;1249566720;21688320;1434791936;0;0;0;0;0;0;0;0;0;0;0;1713;0;0;133;0;122;0;
19167;3800587;1249566720;21688320;1434791936;0;0;0;0;0;0;0;0;0;0;0;3817;0;0;133;0;122;0;
19168;5593179;1249566720;21688320;1434791936;0;0;0;0;0;0;0;0;0;0;0;3267;0;0;133;0;122;0;
19169;3595293;1249566720;21688320;1434791936;0;0;0;0;0;0;0;0;0;0;0;3096;0;0;133;0;122;0;
19170;6051930;1249566720;21688320;1434791936;0;0;0;0;0;0;0;0;0;0;0;2505;0;0;133;0;122;0;
19171;3389476;1249566720;21688320;1434791936;0;0;0;0;0;0;0;0;0;0;0;3346;0;0;133;0;122;0;
19172;5218536;1249566720;21688320;1434791936;0;0;0;0;0;0;0;0;0;0;0;3446;0;0;133;0;122;0;
19173;3424473;1249566720;21688320;1434791936;0;0;0;0;0;0;0;0;0;0;0;3286;0;0;133;0;122;0;
19174;5057865;1249566720;21688320;1434791936;0;0;0;0;0;0;0;0;0;0;0;2365;0;0;133;0;122;0;
19175;3516104;1249566720;21688320;1434791936;0;0;0;0;0;0;0;0;0;0;0;3516;0;0;133;0;122;0;
19176;4919396;1249566720;21688320;1434791936;0;0;0;0;0;0;0;0;0;0;0;1723;0;0;133;0;122;0;
19177;4151205;1249566720;21688320;1434791936;0;0;0;0;0;0;0;0;0;0;0;3226;0;0;133;0;122;0;
19178;6554813;1249566720;21688320;1434791936;0;0;0;0;0;0;0;0;0;0;0;2525;0;0;133;0;122;0;
19179;2875673;1249566720;21688320;1434791936;0;0;0;0;0;0;0;0;0;0;0;3587;0;0;133;0;122;0;
19180;7164366;1249566720;21688320;1434791936;0;0;0;0;0;0;0;0;0;0;0;4057;0;0;133;0;122;0;
19181;2758884;1249566720;21688320;1434791936;0;0;0;0;0;0;0;0;0;0;0;2705;0;0;133;0;122;0;
19182;5745826;1249566720;21688320;1434791936;0;0;0;0;0;0;0;0;0;0;0;2685;0;0;133;0;122;0;
19183;3067042;1249566720;21688320;1434791936;0;0;0;0;0;0;0;0;0;0;0;3166;0;0;133;0;122;0;
19184;5269452;1249566720;21688320;1434791936;0;0;0;0;0;0;0;0;0;0;0;2064;0;0;133;0;122;0;
19185;3528056;1249566720;21688320;1434791936;0;0;0;0;0;0;0;0;0;0;0;3376;0;0;133;0;122;0;
19186;5041064;1249566720;21688320;1434791936;0;0;0;0;0;0;0;0;0;0;0;2354;0;0;133;0;122;0;
19187;4314983;1249566720;21688320;1434791936;0;0;0;0;0;0;0;0;0;0;0;2966;0;0;133;0;122;0;
19188;5073585;1249566720;21688320;1434791936;0;0;0;0;0;0;0;0;0;0;0;1933;0;0;133;0;122;0;
19189;3964275;1249566720;21688320;1434791936;0;0;0;0;0;0;0;0;0;0;0;3126;0;0;133;0;122;0;
19190;6108165;1249566720;21688320;1434791936;0;0;0;0;0;0;0;0;0;0;0;2585;0;0;133;0;122;0;
19191;5643253;1249566720;21688320;1434791936;0;0;0;0;0;0;0;0;0;0;0;3045;0;0;133;0;122;0;
19192;7167602;1249566720;21688320;1434791936;0;0;0;0;0;0;0;0;0;0;0;3337;0;0;133;0;122;0;
19193;3879506;1249566720;21688320;1434791936;0;0;0;0;0;0;0;0;0;0;0;4298;0;0;133;0;122;0;
19194;7377155;1249566720;21688320;1434791936;0;0;0;0;0;0;0;0;0;0;0;3817;0;0;133;0;122;0;
19195;3659703;1249566720;21688320;1434791936;0;0;0;0;0;0;0;0;0;0;0;3326;0;0;133;0;122;0;
19196;6905360;1249566720;21688320;1434791936;0;0;0;0;0;0;0;0;0;0;0;4398;0;0;133;0;122;0;
19197;5069257;1249566720;21688320;1434791936;0;0;0;0;0;0;0;0;0;0;0;3526;0;0;133;0;122;0;
19198;6003569;1249566720;21688320;1434791936;0;0;0;0;0;0;0;0;0;0;0;3897;0;0;133;0;122;0;
19199;5187849;1249566720;21688320;1434791936;0;0;0;0;0;0;0;0;0;0;0;4929;0;0;133;0;122;0;
19200;6351041;1249566720;21688320;1434791936;0;0;0;0;0;0;0;0;0;0;0;3617;0;0;133;0;122;0;
19201;4303832;1249566720;21688320;1434791936;0;0;0;0;0;0;0;0;0;0;0;3326;0;0;133;0;122;0;
19202;5739935;1249566720;21688320;1434791936;0;0;0;0;0;0;0;0;0;0;0;3026;0;0;133;0;122;0;
19203;4985169;1249566720;21688320;1434791936;0;0;0;0;0;0;0;0;0;0;0;3757;0;0;133;0;122;0;
19204;4508665;1249566720;21688320;1434791936;0;0;0;0;0;0;0;0;0;0;0;2245;0;0;133;0;122;0;
19205;5748621;1249566720;21688320;1434791936;0;0;0;0;0;0;0;0;0;0;0;4108;0;0;133;0;122;0;
19206;4876204;1249566720;21688320;1434791936;0;0;0;0;0;0;0;0;0;0;0;2425;0;0;133;0;122;0;
19207;5481189;1249566720;21688320;1434791936;0;0;0;0;0;0;0;0;0;0;0;3246;0;0;133;0;122;0;
19208;5975326;1249566720;21688320;1434791936;0;0;0;0;0;0;0;0;0;0;0;2615;0;0;133;0;122;0;
19209;5169585;1249566720;21688320;1434791936;0;0;0;0;0;0;0;0;0;0;0;4298;0;0;133;0;122;0;
19210;6299424;1249566720;21688320;1434791936;0;0;0;0;0;0;0;0;0;0;0;2414;0;0;133;0;122;0;
19211;4257755;1249566720;21688320;1434791936;0;0;0;0;0;0;0;0;0;0;0;3287;0;0;133;0;122;0;
19212;7172752;1249566720;21688320;1434791936;0;0;0;0;0;0;0;0;0;0;0;3266;0;0;133;0;122;0;
19213;4130226;1249566720;21688320;1434791936;0;0;0;0;0;0;0;0;0;0;0;2795;0;0;133;0;122;0;
19214;6044225;1249566720;21692416;1434796032;0;0;0;0;0;0;0;0;0;0;0;3918;0;0;133;0;122;0;
19215;4416753;1249566720;21696512;1434800128;0;0;0;0;0;0;0;0;0;0;0;2996;0;0;133;0;122;0;
19216;6385826;1249566720;21696512;1434800128;0;0;0;0;0;0;0;0;0;0;0;2926;0;0;133;0;122;0;
19217;3087500;1249566720;21696512;1434800128;0;0;0;0;0;0;0;0;0;0;0;11251;0;0;133;0;122;0;
19218;7645048;1249566720;21696512;1434800128;0;0;0;0;0;0;0;0;0;0;0;3777;0;0;133;0;122;0;
19219;3233935;1249566720;21696512;1434800128;0;0;0;0;0;0;0;0;0;0;0;4128;0;0;133;0;122;0;
19220;5132886;1249566720;21696512;1434800128;0;0;0;0;0;0;0;0;0;0;0;2485;0;0;133;0;122;0;
19221;5107980;1249599488;21688320;1434791936;0;0;0;0;0;0;0;0;0;0;0;3056;0;0;133;0;122;0;
19222;5511826;1249599488;21688320;1434791936;0;0;0;0;0;0;0;0;0;0;0;3247;0;0;133;0;122;0;
19223;4670719;1249599488;21688320;1434791936;0;0;0;0;0;0;0;0;0;0;0;3467;0;0;133;0;122;0;
19224;5246269;1249599488;21688320;1434791936;0;0;0;0;0;0;0;0;0;0;0;2274;0;0;133;0;122;0;
19225;6066777;1249599488;21688320;1434791936;0;0;0;0;0;0;0;0;0;0;0;2845;0;0;133;0;122;0;
19226;5351957;1249599488;21688320;1434791936;0;0;0;0;0;0;0;0;0;0;0;2715;0;0;133;0;122;0;
19227;4572626;1249599488;21688320;1434791936;0;0;0;0;0;0;0;0;0;0;0;2595;0;0;133;0;122;0;
19228;4934063;1249599488;21688320;1434791936;0;0;0;0;0;0;0;0;0;0;0;2214;0;0;133;0;122;0;
19229;6114858;1249599488;21688320;1434791936;0;0;0;0;0;0;0;0;0;0;0;2855;0;0;133;0;122;0;
19230;4805221;1249599488;21688320;1434791936;0;0;0;0;0;0;0;0;0;0;0;2054;0;0;133;0;122;0;
19231;4383020;1249599488;21688320;1434791936;0;0;0;0;0;0;0;0;0;0;0;2705;0;0;133;0;122;0;
19232;7051554;1249599488;21688320;1434791936;0;0;0;0;0;0;0;0;0;0;0;2345;0;0;133;0;122;0;
19233;3823961;1249599488;21688320;1434791936;0;0;0;0;0;0;0;0;0;0;0;2164;0;0;133;0;122;0;
19234;4490010;1249599488;21688320;1434791936;0;0;0;0;0;0;0;0;0;0;0;2024;0;0;133;0;122;0;
19235;4406824;1249599488;21688320;1434791936;0;0;0;0;0;0;0;0;0;0;0;2615;0;0;133;0;122;0;
19236;5668521;1249599488;21688320;1434791936;0;0;0;0;0;0;0;0;0;0;0;1553;0;0;133;0;122;0;
19237;4511511;1249599488;21688320;1434791936;0;0;0;0;0;0;0;0;0;0;0;3186;0;0;133;0;122;0;
19238;6993345;1249599488;21688320;1434791936;0;0;0;0;0;0;0;0;0;0;0;3937;0;0;133;0;122;0;
19239;4587494;1249599488;21688320;1434791936;0;0;0;0;0;0;0;0;0;0;0;3055;0;0;133;0;122;0;
19240;6099759;1249599488;21688320;1434791936;0;0;0;0;0;0;0;0;0;0;0;3146;0;0;133;0;122;0;
19241;5207576;1249599488;21688320;1434791936;0;0;0;0;0;0;0;0;0;0;0;4268;0;0;133;0;122;0;
19242;7686505;1249599488;21688320;1434791936;0;0;0;0;0;0;0;0;0;0;0;2625;0;0;133;0;122;0;
19243;4560714;1249599488;21688320;1434791936;0;0;0;0;0;0;0;0;0;0;0;3026;0;0;133;0;122;0;
19244;6465986;1249599488;21688320;1434791936;0;0;0;0;0;0;0;0;0;0;0;3838;0;0;133;0;122;0;
19245;3620610;1249599488;21688320;1434791936;0;0;0;0;0;0;0;0;0;0;0;2815;0;0;133;0;122;0;
19246;7304759;1249599488;21688320;1434791936;0;0;0;0;0;0;0;0;0;0;0;3547;0;0;133;0;122;0;
19247;4419077;1249599488;21688320;1434791936;0;0;0;0;0;0;0;0;0;0;0;3827;0;0;133;0;122;0;
19248;6995149;1249599488;21688320;1434791936;0;0;0;0;0;0;0;0;0;0;0;3666;0;0;133;0;122;0;
19249;5444350;1249599488;21688320;1434791936;0;0;0;0;0;0;0;0;0;0;0;3626;0;0;133;0;122;0;
19250;6161415;1249599488;21688320;1434791936;0;0;0;0;0;0;0;0;0;0;0;2745;0;0;133;0;122;0;
19251;5346347;1249599488;21688320;1434791936;0;0;0;0;0;0;0;0;0;0;0;2605;0;0;133;0;122;0;
19252;6653368;1249599488;21688320;1434791936;0;0;0;0;0;0;0;0;0;0;0;2264;0;0;133;0;122;0;
19253;3905935;1249599488;21688320;1434791936;0;0;0;0;0;0;0;0;0;0;0;3667;0;0;133;0;122;0;
19254;6672704;1249599488;21688320;1434791936;0;0;0;0;0;0;0;0;0;0;0;2975;0;0;133;0;122;0;
19255;5266236;1249599488;21688320;1434791936;0;0;0;0;0;0;0;0;0;0;0;3336;0;0;133;0;122;0;
19256;6675249;1249599488;21688320;1434791936;0;0;0;0;0;0;0;0;0;0;0;3196;0;0;133;0;122;0;
19257;4238629;1249599488;21688320;1434791936;0;0;0;0;0;0;0;0;0;0;0;4098;0;0;133;0;122;0;
19258;6993856;1249599488;21688320;1434791936;0;0;0;0;0;0;0;0;0;0;0;3436;0;0;133;0;122;0;
19259;5354371;1249599488;21688320;1434791936;0;0;0;0;0;0;0;0;0;0;0;8646;0;0;133;0;122;0;
19260;6493137;1249599488;21688320;1434791936;0;0;0;0;0;0;0;0;0;0;0;3546;0;0;133;0;122;0;
19261;3162181;1249599488;21688320;1434791936;0;0;0;0;0;0;0;0;0;0;0;3687;0;0;133;0;122;0;
19262;5644515;1249599488;21688320;1434791936;0;0;0;0;0;0;0;0;0;0;0;2625;0;0;133;0;122;0;
19263;2811602;1249599488;21688320;1434791936;0;0;0;0;0;0;0;0;0;0;0;2254;0;0;133;0;122;0;
19264;6499880;1249599488;21688320;1434791936;0;0;0;0;0;0;0;0;0;0;0;2044;0;0;133;0;122;0;
19265;2998503;1249599488;21688320;1434791936;0;0;0;0;0;0;0;0;0;0;0;2244;0;0;133;0;122;0;
19266;5575396;1249599488;21688320;1434791936;0;0;0;0;0;0;0;0;0;0;0;1593;0;0;133;0;122;0;
19267;3021446;1249599488;21688320;1434791936;0;0;0;0;0;0;0;0;0;0;0;2285;0;0;133;0;122;0;
19268;5972781;1249599488;21688320;1434791936;0;0;0;0;0;0;0;0;0;0;0;2245;0;0;133;0;122;0;
19269;3211483;1249599488;21688320;1434791936;0;0;0;0;0;0;0;0;0;0;0;2475;0;0;133;0;122;0;
19270;5023391;1249599488;21688320;1434791936;0;0;0;0;0;0;0;0;0;0;0;1904;0;0;133;0;122;0;
19271;4375055;1249599488;21688320;1434791936;0;0;0;0;0;0;0;0;0;0;0;1833;0;0;133;0;122;0;
19272;5393544;1249599488;21688320;1434791936;0;0;0;0;0;0;0;0;0;0;0;1653;0;0;133;0;122;0;
19273;4460055;1249599488;21688320;1434791936;0;0;0;0;0;0;0;0;0;0;0;2334;0;0;133;0;122;0;
19274;5649906;1249599488;21688320;1434791936;0;0;0;0;0;0;0;0;0;0;0;1853;0;0;133;0;122;0;
19275;3856863;1249599488;21688320;1434791936;0;0;0;0;0;0;0;0;0;0;0;2375;0;0;133;0;122;0;
19276;4918665;1249599488;21688320;1434791936;0;0;0;0;0;0;0;0;0;0;0;2194;0;0;133;0;122;0;
19277;4654569;1249599488;21688320;1434791936;0;0;0;0;0;0;0;0;0;0;0;2515;0;0;133;0;122;0;
19278;4846329;1249599488;21688320;1434791936;0;0;0;0;0;0;0;0;0;0;0;2054;0;0;133;0;122;0;
19279;4457219;1249599488;21688320;1434791936;0;0;0;0;0;0;0;0;0;0;0;2214;0;0;133;0;122;0;
19280;6128323;1249599488;21688320;1434791936;0;0;0;0;0;0;0;0;0;0;0;1754;0;0;133;0;122;0;
19281;4682401;1249599488;21688320;1434791936;0;0;0;0;0;0;0;0;0;0;0;2565;0;0;133;0;122;0;
19282;4744508;1249599488;21688320;1434791936;0;0;0;0;0;0;0;0;0;0;0;2014;0;0;133;0;122;0;
19283;4139594;1249599488;21688320;1434791936;0;0;0;0;0;0;0;0;0;0;0;2294;0;0;133;0;122;0;
19284;4506141;1249599488;21688320;1434791936;0;0;0;0;0;0;0;0;0;0;0;2234;0;0;133;0;122;0;
19285;3574373;1249599488;21688320;1434791936;0;0;0;0;0;0;0;0;0;0;0;2304;0;0;133;0;122;0;
19286;5394928;1249599488;21688320;1434791936;0;0;0;0;0;0;0;0;0;0;0;2084;0;0;133;0;122;0;
19287;4834015;1249599488;21688320;1434791936;0;0;0;0;0;0;0;0;0;0;0;2505;0;0;133;0;122;0;
19288;6029708;1249599488;21688320;1434791936;0;0;0;0;0;0;0;0;0;0;0;2124;0;0;133;0;122;0;
19289;3765010;1249599488;21688320;1434791936;0;0;0;0;0;0;0;0;0;0;0;2455;0;0;133;0;122;0;
19290;5608027;1249599488;21688320;1434791936;0;0;0;0;0;0;0;0;0;0;0;1924;0;0;133;0;122;0;
19291;3885597;1249599488;21688320;1434791936;0;0;0;0;0;0;0;0;0;0;0;2104;0;0;133;0;122;0;
19292;5041645;1249599488;21688320;1434791936;0;0;0;0;0;0;0;0;0;0;0;1703;0;0;133;0;122;0;
19293;4201730;1249599488;21688320;1434791936;0;0;0;0;0;0;0;0;0;0;0;2976;0;0;133;0;122;0;
19294;5452456;1249599488;21688320;1434791936;0;0;0;0;0;0;0;0;0;0;0;2034;0;0;133;0;122;0;
19295;3621432;1249599488;21688320;1434791936;0;0;0;0;0;0;0;0;0;0;0;2013;0;0;133;0;122;0;
19296;5776944;1249599488;21688320;1434791936;0;0;0;0;0;0;0;0;0;0;0;2064;0;0;133;0;122;0;
19297;3506385;1249599488;21688320;1434791936;0;0;0;0;0;0;0;0;0;0;0;2484;0;0;133;0;122;0;
19298;4480863;1249599488;21688320;1434791936;0;0;0;0;0;0;0;0;0;0;0;2134;0;0;133;0;122;0;
19299;3527726;1249599488;21688320;1434791936;0;0;0;0;0;0;0;0;0;0;0;2746;0;0;133;0;122;0;
19300;5201575;1249599488;21688320;1434791936;0;0;0;0;0;0;0;0;0;0;0;1874;0;0;133;0;122;0;
19301;3556230;1249599488;21688320;1434791936;0;0;0;0;0;0;0;0;0;0;0;2675;0;0;133;0;122;0;
19302;5777986;1249599488;21688320;1434791936;0;0;0;0;0;0;0;0;0;0;0;1703;0;0;133;0;122;0;
19303;3166047;1249599488;21688320;1434791936;0;0;0;0;0;0;0;0;0;0;0;2355;0;0;133;0;122;0;
19304;4737725;1249599488;21688320;1434791936;0;0;0;0;0;0;0;0;0;0;0;2034;0;0;133;0;122;0;
19305;2596019;1249599488;21688320;1434791936;0;0;0;0;0;0;0;0;0;0;0;2064;0;0;133;0;122;0;
19306;5358870;1249599488;21688320;1434791936;0;0;0;0;0;0;0;0;0;0;0;2014;0;0;133;0;122;0;
19307;2961143;1249599488;21688320;1434791936;0;0;0;0;0;0;0;0;0;0;0;2485;0;0;133;0;122;0;
19308;4864834;1249599488;21688320;1434791936;0;0;0;0;0;0;0;0;0;0;0;2094;0;0;133;0;122;0;
19309;2541216;1249599488;21688320;1434791936;0;0;0;0;0;0;0;0;0;0;0;2475;0;0;133;0;122;0;
19310;6422044;1249599488;21688320;1434791936;0;0;0;0;0;0;0;0;0;0;0;1793;0;0;133;0;122;0;
19311;3054659;1249599488;21688320;1434791936;0;0;0;0;0;0;0;0;0;0;0;2415;0;0;133;0;122;0;
19312;5441605;1249599488;21688320;1434791936;0;0;0;0;0;0;0;0;0;0;0;1694;0;0;133;0;122;0;
19313;3405246;1249599488;21688320;1434791936;0;0;0;0;0;0;0;0;0;0;0;2805;0;0;133;0;122;0;
19314;5238765;1249599488;21688320;1434791936;0;0;0;0;0;0;0;0;0;0;0;2014;0;0;133;0;122;0;
19315;3360923;1249599488;21688320;1434791936;0;0;0;0;0;0;0;0;0;0;0;1903;0;0;133;0;122;0;
19316;5000248;1249599488;21688320;1434791936;0;0;0;0;0;0;0;0;0;0;0;1764;0;0;133;0;122;0;
19317;3396229;1249599488;21688320;1434791936;0;0;0;0;0;0;0;0;0;0;0;2305;0;0;133;0;122;0;
19318;4709983;1249599488;21688320;1434791936;0;0;0;0;0;0;0;0;0;0;0;2795;0;0;133;0;122;0;
19319;2780725;1249599488;21688320;1434791936;0;0;0;0;0;0;0;0;0;0;0;2705;0;0;133;0;122;0;
19320;4237086;1249599488;21688320;1434791936;0;0;0;0;0;0;0;0;0;0;0;1924;0;0;133;0;122;0;
19321;3983741;1249599488;21688320;1434791936;0;0;0;0;0;0;0;0;0;0;0;2975;0;0;133;0;122;0;
19322;5676887;1249599488;21688320;1434791936;0;0;0;0;0;0;0;0;0;0;0;1964;0;0;133;0;122;0;
19323;2781998;1249599488;21688320;1434791936;0;0;0;0;0;0;0;0;0;0;0;2394;0;0;133;0;122;0;
19324;4372851;1249599488;21688320;1434791936;0;0;0;0;0;0;0;0;0;0;0;1863;0;0;133;0;122;0;
19325;4346120;1249599488;21688320;1434791936;0;0;0;0;0;0;0;0;0;0;0;2445;0;0;133;0;122;0;
19326;4188004;1249599488;21688320;1434791936;0;0;0;0;0;0;0;0;0;0;0;1784;0;0;133;0;122;0;
19327;3403573;1249599488;21688320;1434791936;0;0;0;0;0;0;0;0;0;0;0;2294;0;0;133;0;122;0;
19328;5359591;1249599488;21688320;1434791936;0;0;0;0;0;0;0;0;0;0;0;2154;0;0;133;0;122;0;
19329;6331003;1249599488;21688320;1434791936;0;0;0;0;0;0;0;0;0;0;0;2575;0;0;133;0;122;0;
19330;5288368;1249599488;21688320;1434791936;0;0;0;0;0;0;0;0;0;0;0;2094;0;0;133;0;122;0;
19331;3814924;1249599488;21688320;1434791936;0;0;0;0;0;0;0;0;0;0;0;2905;0;0;133;0;122;0;
19332;4835518;1249599488;21688320;1434791936;0;0;0;0;0;0;0;0;0;0;0;2174;0;0;133;0;122;0;
19333;4081073;1249599488;21688320;1434791936;0;0;0;0;0;0;0;0;0;0;0;2425;0;0;133;0;122;0;
19334;4699212;1249599488;21688320;1434791936;0;0;0;0;0;0;0;0;0;0;0;1743;0;0;133;0;122;0;
19335;3654113;1249599488;21688320;1434791936;0;0;0;0;0;0;0;0;0;0;0;2335;0;0;133;0;122;0;
19336;5243564;1249599488;21688320;1434791936;0;0;0;0;0;0;0;0;0;0;0;1894;0;0;133;0;122;0;
19337;2895901;1249599488;21688320;1434791936;0;0;0;0;0;0;0;0;0;0;0;2204;0;0;133;0;122;0;
19338;4823707;1249599488;21688320;1434791936;0;0;0;0;0;0;0;0;0;0;0;1774;0;0;133;0;122;0;
19339;3282496;1249599488;21688320;1434791936;0;0;0;0;0;0;0;0;0;0;0;2275;0;0;133;0;122;0;
19340;10519698;1249599488;21688320;1434791936;0;0;0;0;0;0;0;0;0;0;0;1613;0;0;133;0;122;0;
19341;2789151;1249599488;21688320;1434791936;0;0;0;0;0;0;0;0;0;0;0;2335;0;0;133;0;122;0;
19342;5139198;1249599488;21688320;1434791936;0;0;0;0;0;0;0;0;0;0;0;1743;0;0;133;0;122;0;
19343;3378065;1249599488;21688320;1434791936;0;0;0;0;0;0;0;0;0;0;0;2635;0;0;133;0;122;0;
19344;5223416;1249599488;21688320;1434791936;0;0;0;0;0;0;0;0;0;0;0;1943;0;0;133;0;122;0;
19345;3672116;1249599488;21688320;1434791936;0;0;0;0;0;0;0;0;0;0;0;2264;0;0;133;0;122;0;
19346;5650437;1249599488;21688320;1434791936;0;0;0;0;0;0;0;0;0;0;0;1794;0;0;133;0;122;0;
19347;3213697;1249599488;21688320;1434791936;0;0;0;0;0;0;0;0;0;0;0;2354;0;0;133;0;122;0;
19348;5064037;1249599488;21688320;1434791936;0;0;0;0;0;0;0;0;0;0;0;1512;0;0;133;0;122;0;
19349;3680662;1249599488;21688320;1434791936;0;0;0;0;0;0;0;0;0;0;0;2554;0;0;133;0;122;0;
19350;5373368;1249599488;21688320;1434791936;0;0;0;0;0;0;0;0;0;0;0;2194;0;0;133;0;122;0;
19351;3922777;1249599488;21688320;1434791936;0;0;0;0;0;0;0;0;0;0;0;2735;0;0;133;0;122;0;
19352;4972937;1249599488;21688320;1434791936;0;0;0;0;0;0;0;0;0;0;0;1623;0;0;133;0;122;0;
19353;4118203;1249599488;21688320;1434791936;0;0;0;0;0;0;0;0;0;0;0;2043;0;0;133;0;122;0;
19354;4670219;1249599488;21688320;1434791936;0;0;0;0;0;0;0;0;0;0;0;1923;0;0;133;0;122;0;
19355;3800397;1249599488;21688320;1434791936;0;0;0;0;0;0;0;0;0;0;0;2374;0;0;133;0;122;0;
19356;5406219;1249599488;21688320;1434791936;0;0;0;0;0;0;0;0;0;0;0;1984;0;0;133;0;122;0;
19357;3606443;1249599488;21688320;1434791936;0;0;0;0;0;0;0;0;0;0;0;2314;0;0;133;0;122;0;
19358;5079426;1249599488;21688320;1434791936;0;0;0;0;0;0;0;0;0;0;0;2185;0;0;133;0;122;0;
19359;3318684;1249599488;21688320;1434791936;0;0;0;0;0;0;0;0;0;0;0;2846;0;0;133;0;122;0;
19360;4986241;1249599488;21688320;1434791936;0;0;0;0;0;0;0;0;0;0;0;1964;0;0;133;0;122;0;
19361;3363638;1249599488;21688320;1434791936;0;0;0;0;0;0;0;0;0;0;0;2245;0;0;133;0;122;0;
19362;5230880;1249599488;21688320;1434791936;0;0;0;0;0;0;0;0;0;0;0;1833;0;0;133;0;122;0;
19363;4538261;1249599488;21688320;1434791936;0;0;0;0;0;0;0;0;0;0;0;3336;0;0;133;0;122;0;
19364;5755894;1249599488;21688320;1434791936;0;0;0;0;0;0;0;0;0;0;0;2926;0;0;133;0;122;0;
19365;5364861;1249599488;21688320;1434791936;0;0;0;0;0;0;0;0;0;0;0;3186;0;0;133;0;122;0;
19366;5653803;1249599488;21688320;1434791936;0;0;0;0;0;0;0;0;0;0;0;2144;0;0;133;0;122;0;
19367;4352122;1249599488;21688320;1434791936;0;0;0;0;0;0;0;0;0;0;0;2334;0;0;133;0;122;0;
19368;5588731;1249599488;21688320;1434791936;0;0;0;0;0;0;0;0;0;0;0;1413;0;0;133;0;122;0;
19369;3474156;1249599488;21688320;1434791936;0;0;0;0;0;0;0;0;0;0;0;2114;0;0;133;0;122;0;
19370;5452275;1249599488;21688320;1434791936;0;0;0;0;0;0;0;0;0;0;0;1914;0;0;133;0;122;0;
19371;3749391;1249599488;21688320;1434791936;0;0;0;0;0;0;0;0;0;0;0;2515;0;0;133;0;122;0;
19372;5285352;1249599488;21688320;1434791936;0;0;0;0;0;0;0;0;0;0;0;1843;0;0;133;0;122;0;
19373;3910073;1249599488;21688320;1434791936;0;0;0;0;0;0;0;0;0;0;0;2435;0;0;133;0;122;0;
19374;4576172;1249599488;21688320;1434791936;0;0;0;0;0;0;0;0;0;0;0;2013;0;0;133;0;122;0;
19375;3418751;1249599488;21688320;1434791936;0;0;0;0;0;0;0;0;0;0;0;1954;0;0;133;0;122;0;
19376;4927692;1249599488;21688320;1434791936;0;0;0;0;0;0;0;0;0;0;0;1693;0;0;133;0;122;0;
19377;3073434;1249599488;21688320;1434791936;0;0;0;0;0;0;0;0;0;0;0;2375;0;0;133;0;122;0;
19378;4578556;1249599488;21688320;1434791936;0;0;0;0;0;0;0;0;0;0;0;1824;0;0;133;0;122;0;
19379;2690576;1249599488;21688320;1434791936;0;0;0;0;0;0;0;0;0;0;0;1723;0;0;133;0;122;0;
19380;5671376;1249599488;21688320;1434791936;0;0;0;0;0;0;0;0;0;0;0;1744;0;0;133;0;122;0;
19381;2439114;1249599488;21688320;1434791936;0;0;0;0;0;0;0;0;0;0;0;1983;0;0;133;0;122;0;
19382;5471130;1249599488;21688320;1434791936;0;0;0;0;0;0;0;0;0;0;0;1853;0;0;133;0;122;0;
19383;3507788;1249599488;21688320;1434791936;0;0;0;0;0;0;0;0;0;0;0;1833;0;0;133;0;122;0;
19384;5500075;1249599488;21688320;1434791936;0;0;0;0;0;0;0;0;0;0;0;1563;0;0;133;0;122;0;
19385;3620910;1249599488;21688320;1434791936;0;0;0;0;0;0;0;0;0;0;0;8045;0;0;133;0;122;0;
19386;5239175;1249599488;21688320;1434791936;0;0;0;0;0;0;0;0;0;0;0;1894;0;0;133;0;122;0;
19387;2965972;1249599488;21688320;1434791936;0;0;0;0;0;0;0;0;0;0;0;2094;0;0;133;0;122;0;
19388;5515804;1249599488;21688320;1434791936;0;0;0;0;0;0;0;0;0;0;0;1914;0;0;133;0;122;0;
19389;5598540;1249599488;21688320;1434791936;0;0;0;0;0;0;0;0;0;0;0;2325;0;0;133;0;122;0;
19390;5362707;1249599488;21688320;1434791936;0;0;0;0;0;0;0;0;0;0;0;1794;0;0;133;0;122;0;
19391;2712006;1249599488;21688320;1434791936;0;0;0;0;0;0;0;0;0;0;0;2094;0;0;133;0;122;0;
19392;5476550;1249599488;21688320;1434791936;0;0;0;0;0;0;0;0;0;0;0;2335;0;0;133;0;122;0;
19393;4078879;1249599488;21688320;1434791936;0;0;0;0;0;0;0;0;0;0;0;2705;0;0;133;0;122;0;
19394;5372696;1249599488;21688320;1434791936;0;0;0;0;0;0;0;0;0;0;0;1753;0;0;133;0;122;0;
19395;3475278;1249599488;21688320;1434791936;0;0;0;0;0;0;0;0;0;0;0;2144;0;0;133;0;122;0;
19396;5552042;1249599488;21688320;1434791936;0;0;0;0;0;0;0;0;0;0;0;2064;0;0;133;0;122;0;
19397;3716519;1249599488;21688320;1434791936;0;0;0;0;0;0;0;0;0;0;0;2725;0;0;133;0;122;0;
19398;4911632;1249599488;21688320;1434791936;0;0;0;0;0;0;0;0;0;0;0;2454;0;0;133;0;122;0;
19399;4116019;1249599488;21688320;1434791936;0;0;0;0;0;0;0;0;0;0;0;2064;0;0;133;0;122;0;
19400;5171328;1249599488;21688320;1434791936;0;0;0;0;0;0;0;0;0;0;0;1573;0;0;133;0;122;0;
19401;3840683;1249599488;21688320;1434791936;0;0;0;0;0;0;0;0;0;0;0;2475;0;0;133;0;122;0;
19402;5528418;1249599488;21688320;1434791936;0;0;0;0;0;0;0;0;0;0;0;2124;0;0;133;0;122;0;
19403;3657429;1249599488;21688320;1434791936;0;0;0;0;0;0;0;0;0;0;0;3497;0;0;133;0;122;0;
19404;5840262;1249599488;21688320;1434791936;0;0;0;0;0;0;0;0;0;0;0;2956;0;0;133;0;122;0;
19405;4955062;1249599488;21688320;1434791936;0;0;0;0;0;0;0;0;0;0;0;3125;0;0;133;0;122;0;
19406;6758205;1249599488;21688320;1434791936;0;0;0;0;0;0;0;0;0;0;0;2985;0;0;133;0;122;0;
19407;6082697;1249599488;21688320;1434791936;0;0;0;0;0;0;0;0;0;0;0;3897;0;0;133;0;122;0;
19408;5073836;1249599488;21688320;1434791936;0;0;0;0;0;0;0;0;0;0;0;3587;0;0;133;0;122;0;
19409;5755904;1249599488;21688320;1434791936;0;0;0;0;0;0;0;0;0;0;0;3226;0;0;133;0;122;0;
19410;6820852;1249599488;21688320;1434791936;0;0;0;0;0;0;0;0;0;0;0;2965;0;0;133;0;122;0;
19411;4004710;1249599488;21688320;1434791936;0;0;0;0;0;0;0;0;0;0;0;3557;0;0;133;0;122;0;
19412;6561085;1249599488;21688320;1434791936;0;0;0;0;0;0;0;0;0;0;0;4038;0;0;133;0;122;0;
19413;4899779;1249599488;21688320;1434791936;0;0;0;0;0;0;0;0;0;0;0;4789;0;0;133;0;122;0;
19414;9117999;1249599488;21688320;1434791936;0;0;0;0;0;0;0;0;0;0;0;3948;0;0;133;0;122;0;
19415;6567577;1249599488;21688320;1434791936;0;0;0;0;0;0;0;0;0;0;0;3236;0;0;133;0;122;0;
19416;6510099;1249599488;21688320;1434791936;0;0;0;0;0;0;0;0;0;0;0;3206;0;0;133;0;122;0;
19417;5247190;1249599488;21688320;1434791936;0;0;0;0;0;0;0;0;0;0;0;3536;0;0;133;0;122;0;
19418;7410247;1249599488;21688320;1434791936;0;0;0;0;0;0;0;0;0;0;0;4398;0;0;133;0;122;0;
19419;4314291;1249599488;21688320;1434791936;0;0;0;0;0;0;0;0;0;0;0;4959;0;0;133;0;122;0;
19420;6048023;1249599488;21688320;1434791936;0;0;0;0;0;0;0;0;0;0;0;2905;0;0;133;0;122;0;
19421;3429502;1249599488;21688320;1434791936;0;0;0;0;0;0;0;0;0;0;0;2886;0;0;133;0;122;0;
19422;6259770;1249599488;21688320;1434791936;0;0;0;0;0;0;0;0;0;0;0;2374;0;0;133;0;122;0;
19423;3130791;1249599488;21688320;1434791936;0;0;0;0;0;0;0;0;0;0;0;2254;0;0;133;0;122;0;
19424;5084134;1249599488;21688320;1434791936;0;0;0;0;0;0;0;0;0;0;0;1843;0;0;133;0;122;0;
19425;6102114;1249599488;21688320;1434791936;0;0;0;0;0;0;0;0;0;0;0;2676;0;0;133;0;122;0;
19426;5972180;1249599488;21688320;1434791936;0;0;0;0;0;0;0;0;0;0;0;1913;0;0;133;0;122;0;
19427;6469252;1249599488;21688320;1434791936;0;0;0;0;0;0;0;0;0;0;0;3096;0;0;133;0;122;0;
19428;5616803;1249599488;21688320;1434791936;0;0;0;0;0;0;0;0;0;0;0;2605;0;0;133;0;122;0;
19429;4089088;1249599488;21688320;1434791936;0;0;0;0;0;0;0;0;0;0;0;2815;0;0;133;0;122;0;
19430;6800664;1249599488;21688320;1434791936;0;0;0;0;0;0;0;0;0;0;0;2585;0;0;133;0;122;0;
19431;4808348;1249599488;21688320;1434791936;0;0;0;0;0;0;0;0;0;0;0;4117;0;0;133;0;122;0;
19432;6605758;1249599488;21688320;1434791936;0;0;0;0;0;0;0;0;0;0;0;2494;0;0;133;0;122;0;
19433;5304138;1249599488;21688320;1434791936;0;0;0;0;0;0;0;0;0;0;0;3877;0;0;133;0;122;0;
19434;7261358;1249599488;21688320;1434791936;0;0;0;0;0;0;0;0;0;0;0;4138;0;0;133;0;122;0;
19435;5283248;1249599488;21688320;1434791936;0;0;0;0;0;0;0;0;0;0;0;4338;0;0;133;0;122;0;
19436;6876006;1249599488;21688320;1434791936;0;0;0;0;0;0;0;0;0;0;0;3576;0;0;133;0;122;0;
19437;5823721;1249599488;21688320;1434791936;0;0;0;0;0;0;0;0;0;0;0;4218;0;0;133;0;122;0;
19438;6869593;1249599488;21688320;1434791936;0;0;0;0;0;0;0;0;0;0;0;4238;0;0;133;0;122;0;
19439;5543286;1249599488;21688320;1434791936;0;0;0;0;0;0;0;0;0;0;0;4338;0;0;133;0;122;0;
19440;6643018;1249599488;21688320;1434791936;0;0;0;0;0;0;0;0;0;0;0;4098;0;0;133;0;122;0;
19441;4878859;1249599488;21688320;1434791936;0;0;0;0;0;0;0;0;0;0;0;4298;0;0;133;0;122;0;
19442;5481680;1249599488;21688320;1434791936;0;0;0;0;0;0;0;0;0;0;0;3015;0;0;133;0;122;0;
19443;5849981;1249599488;21688320;1434791936;0;0;0;0;0;0;0;0;0;0;0;3887;0;0;133;0;122;0;
19444;6030078;1249599488;21688320;1434791936;0;0;0;0;0;0;0;0;0;0;0;2766;0;0;133;0;122;0;
19445;4827183;1249599488;21688320;1434791936;0;0;0;0;0;0;0;0;0;0;0;4208;0;0;133;0;122;0;
19446;5684180;1249599488;21688320;1434791936;0;0;0;0;0;0;0;0;0;0;0;2795;0;0;133;0;122;0;
19447;5318154;1249599488;21688320;1434791936;0;0;0;0;0;0;0;0;0;0;0;3928;0;0;133;0;122;0;
19448;5491970;1249599488;21688320;1434791936;0;0;0;0;0;0;0;0;0;0;0;4348;0;0;133;0;122;0;
19449;4204205;1249599488;21688320;1434791936;0;0;0;0;0;0;0;0;0;0;0;3226;0;0;133;0;122;0;
19450;8367071;1249599488;21688320;1434791936;0;0;0;0;0;0;0;0;0;0;0;3787;0;0;133;0;122;0;
19451;5600203;1249599488;21688320;1434791936;0;0;0;0;0;0;0;0;0;0;0;4348;0;0;133;0;122;0;
19452;6616909;1249599488;21688320;1434791936;0;0;0;0;0;0;0;0;0;0;0;9198;0;0;133;0;122;0;
19453;6672543;1249599488;21688320;1434791936;0;0;0;0;0;0;0;0;0;0;0;4769;0;0;133;0;122;0;
19454;5500135;1249599488;21688320;1434791936;0;0;0;0;0;0;0;0;0;0;0;5009;0;0;133;0;122;0;
19455;5542965;1249599488;21688320;1434791936;0;0;0;0;0;0;0;0;0;0;0;3216;0;0;133;0;122;0;
19456;6161365;1249599488;21688320;1434791936;0;0;0;0;0;0;0;0;0;0;0;2464;0;0;133;0;122;0;
19457;4635513;1249599488;21688320;1434791936;0;0;0;0;0;0;0;0;0;0;0;3617;0;0;133;0;122;0;
19458;5191646;1249599488;21688320;1434791936;0;0;0;0;0;0;0;0;0;0;0;3166;0;0;133;0;122;0;
19459;4321816;1249599488;21688320;1434791936;0;0;0;0;0;0;0;0;0;0;0;3447;0;0;133;0;122;0;
19460;7050011;1249599488;21688320;1434791936;0;0;0;0;0;0;0;0;0;0;0;3536;0;0;133;0;122;0;
19461;4810541;1249599488;21688320;1434791936;0;0;0;0;0;0;0;0;0;0;0;4418;0;0;133;0;122;0;
19462;7836086;1249599488;21688320;1434791936;0;0;0;0;0;0;0;0;0;0;0;3817;0;0;133;0;122;0;
19463;7215813;1249599488;21688320;1434791936;0;0;0;0;0;0;0;0;0;0;0;4258;0;0;133;0;122;0;
19464;5407801;1249599488;21688320;1434791936;0;0;0;0;0;0;0;0;0;0;0;2525;0;0;133;0;122;0;
19465;5121154;1249599488;21688320;1434791936;0;0;0;0;0;0;0;0;0;0;0;3276;0;0;133;0;122;0;
19466;7076191;1249599488;21688320;1434791936;0;0;0;0;0;0;0;0;0;0;0;3607;0;0;133;0;122;0;
19467;6625275;1249599488;21688320;1434791936;0;0;0;0;0;0;0;0;0;0;0;4238;0;0;133;0;122;0;
19468;5608177;1249599488;21688320;1434791936;0;0;0;0;0;0;0;0;0;0;0;3186;0;0;133;0;122;0;
19469;6123864;1249599488;21688320;1434791936;0;0;0;0;0;0;0;0;0;0;0;3667;0;0;133;0;122;0;
19470;6863231;1249599488;21688320;1434791936;0;0;0;0;0;0;0;0;0;0;0;2715;0;0;133;0;122;0;
19471;6480764;1249599488;21688320;1434791936;0;0;0;0;0;0;0;0;0;0;0;5110;0;0;133;0;122;0;
19472;7654996;1249599488;21688320;1434791936;0;0;0;0;0;0;0;0;0;0;0;3848;0;0;133;0;122;0;
19473;6114757;1249599488;21688320;1434791936;0;0;0;0;0;0;0;0;0;0;0;4067;0;0;133;0;122;0;
19474;7182540;1249599488;21688320;1434791936;0;0;0;0;0;0;0;0;0;0;0;3647;0;0;133;0;122;0;
19475;4903335;1249599488;21688320;1434791936;0;0;0;0;0;0;0;0;0;0;0;3767;0;0;133;0;122;0;
19476;5615842;1249599488;21688320;1434791936;0;0;0;0;0;0;0;0;0;0;0;3928;0;0;133;0;122;0;
19477;5541993;1249599488;21688320;1434791936;0;0;0;0;0;0;0;0;0;0;0;4378;0;0;133;0;122;0;
19478;7259224;1249599488;21688320;1434791936;0;0;0;0;0;0;0;0;0;0;0;4308;0;0;133;0;122;0;
19479;5135742;1249599488;21688320;1434791936;0;0;0;0;0;0;0;0;0;0;0;3577;0;0;133;0;122;0;
19480;6815231;1249599488;21688320;1434791936;0;0;0;0;0;0;0;0;0;0;0;2836;0;0;133;0;122;0;
19481;4141016;1249599488;21688320;1434791936;0;0;0;0;0;0;0;0;0;0;0;3597;0;0;133;0;122;0;
19482;7092130;1249599488;21688320;1434791936;0;0;0;0;0;0;0;0;0;0;0;3266;0;0;133;0;122;0;
19483;5690882;1249599488;21688320;1434791936;0;0;0;0;0;0;0;0;0;0;0;3326;0;0;133;0;122;0;
19484;6342194;1249599488;21688320;1434791936;0;0;0;0;0;0;0;0;0;0;0;2735;0;0;133;0;122;0;
19485;5232543;1249599488;21688320;1434791936;0;0;0;0;0;0;0;0;0;0;0;3657;0;0;133;0;122;0;
19486;5001068;1249599488;21688320;1434791936;0;0;0;0;0;0;0;0;0;0;0;1894;0;0;133;0;122;0;
19487;5289169;1249599488;21688320;1434791936;0;0;0;0;0;0;0;0;0;0;0;3547;0;0;133;0;122;0;
19488;5993670;1249599488;21688320;1434791936;0;0;0;0;0;0;0;0;0;0;0;2886;0;0;133;0;122;0;
19489;4992754;1249599488;21688320;1434791936;0;0;0;0;0;0;0;0;0;0;0;3086;0;0;133;0;122;0;
19490;6571384;1249599488;21688320;1434791936;0;0;0;0;0;0;0;0;0;0;0;3807;0;0;133;0;122;0;
19491;6438475;1249599488;21688320;1434791936;0;0;0;0;0;0;0;0;0;0;0;4218;0;0;133;0;122;0;
19492;6144965;1249599488;21688320;1434791936;0;0;0;0;0;0;0;0;0;0;0;3146;0;0;133;0;122;0;
19493;4329810;1249599488;21688320;1434791936;0;0;0;0;0;0;0;0;0;0;0;2825;0;0;133;0;122;0;
19494;7525123;1249599488;21688320;1434791936;0;0;0;0;0;0;0;0;0;0;0;3877;0;0;133;0;122;0;
19495;4004139;1249599488;21688320;1434791936;0;0;0;0;0;0;0;0;0;0;0;3917;0;0;133;0;122;0;
19496;6819109;1249599488;21688320;1434791936;0;0;0;0;0;0;0;0;0;0;0;3226;0;0;133;0;122;0;
19497;5723675;1249599488;21688320;1434791936;0;0;0;0;0;0;0;0;0;0;0;3046;0;0;133;0;122;0;
19498;5846644;1249599488;21688320;1434791936;0;0;0;0;0;0;0;0;0;0;0;2485;0;0;133;0;122;0;
19499;3657689;1249599488;21688320;1434791936;0;0;0;0;0;0;0;0;0;0;0;3877;0;0;133;0;122;0;
19500;7041696;1249599488;21688320;1434791936;0;0;0;0;0;0;0;0;0;0;0;2655;0;0;133;0;122;0;
19501;4197021;1249599488;21688320;1434791936;0;0;0;0;0;0;0;0;0;0;0;3286;0;0;133;0;122;0;
19502;6920518;1249599488;21688320;1434791936;0;0;0;0;0;0;0;0;0;0;0;4469;0;0;133;0;122;0;
19503;4519716;1249599488;21688320;1434791936;0;0;0;0;0;0;0;0;0;0;0;3928;0;0;133;0;122;0;
19504;6560013;1249599488;21688320;1434791936;0;0;0;0;0;0;0;0;0;0;0;2775;0;0;133;0;122;0;
19505;5844381;1249599488;21688320;1434791936;0;0;0;0;0;0;0;0;0;0;0;3557;0;0;133;0;122;0;
19506;5034061;1249599488;21688320;1434791936;0;0;0;0;0;0;0;0;0;0;0;2214;0;0;133;0;122;0;
19507;4583816;1249599488;21688320;1434791936;0;0;0;0;0;0;0;0;0;0;0;3647;0;0;133;0;122;0;
19508;6450898;1249599488;21688320;1434791936;0;0;0;0;0;0;0;0;0;0;0;2565;0;0;133;0;122;0;
19509;3782333;1249599488;21688320;1434791936;0;0;0;0;0;0;0;0;0;0;0;4528;0;0;133;0;122;0;
19510;4964671;1249599488;21688320;1434791936;0;0;0;0;0;0;0;0;0;0;0;2645;0;0;133;0;122;0;
19511;5488112;1249599488;21688320;1434791936;0;0;0;0;0;0;0;0;0;0;0;3306;0;0;133;0;122;0;
19512;5875339;1249599488;21688320;1434791936;0;0;0;0;0;0;0;0;0;0;0;1803;0;0;133;0;122;0;
19513;3889975;1249599488;21688320;1434791936;0;0;0;0;0;0;0;0;0;0;0;2555;0;0;133;0;122;0;
19514;5599621;1249599488;21688320;1434791936;0;0;0;0;0;0;0;0;0;0;0;1884;0;0;133;0;122;0;
19515;4492455;1249599488;21688320;1434791936;0;0;0;0;0;0;0;0;0;0;0;2594;0;0;133;0;122;0;
19516;4983576;1249599488;21688320;1434791936;0;0;0;0;0;0;0;0;0;0;0;1933;0;0;133;0;122;0;
19517;3855300;1249599488;21688320;1434791936;0;0;0;0;0;0;0;0;0;0;0;3276;0;0;133;0;122;0;
19518;5638234;1249599488;21688320;1434791936;0;0;0;0;0;0;0;0;0;0;0;2355;0;0;133;0;122;0;
19519;4197392;1249599488;21688320;1434791936;0;0;0;0;0;0;0;0;0;0;0;2905;0;0;133;0;122;0;
19520;5964776;1249599488;21688320;1434791936;0;0;0;0;0;0;0;0;0;0;0;1523;0;0;133;0;122;0;
19521;3877922;1249599488;21688320;1434791936;0;0;0;0;0;0;0;0;0;0;0;3216;0;0;133;0;122;0;
19522;5196525;1249599488;21688320;1434791936;0;0;0;0;0;0;0;0;0;0;0;1864;0;0;133;0;122;0;
19523;3710769;1249599488;21688320;1434791936;0;0;0;0;0;0;0;0;0;0;0;2164;0;0;133;0;122;0;
19524;5601555;1249599488;21688320;1434791936;0;0;0;0;0;0;0;0;0;0;0;2434;0;0;133;0;122;0;
19525;4135525;1249599488;21688320;1434791936;0;0;0;0;0;0;0;0;0;0;0;3196;0;0;133;0;122;0;
19526;6311626;1249599488;21688320;1434791936;0;0;0;0;0;0;0;0;0;0;0;2905;0;0;133;0;122;0;
19527;5298667;1249599488;21688320;1434791936;0;0;0;0;0;0;0;0;0;0;0;2986;0;0;133;0;122;0;
19528;11160140;1249599488;21688320;1434791936;0;0;0;0;0;0;0;0;0;0;0;2675;0;0;133;0;122;0;
19529;5784629;1249599488;21688320;1434791936;0;0;0;0;0;0;0;0;0;0;0;4298;0;0;133;0;122;0;
19530;4752022;1249599488;21688320;1434791936;0;0;0;0;0;0;0;0;0;0;0;2675;0;0;133;0;122;0;
19531;3256076;1249599488;21688320;1434791936;0;0;0;0;0;0;0;0;0;0;0;3026;0;0;133;0;122;0;
19532;6472147;1249599488;21688320;1434791936;0;0;0;0;0;0;0;0;0;0;0;3276;0;0;133;0;122;0;
19533;4161003;1249599488;21688320;1434791936;0;0;0;0;0;0;0;0;0;0;0;3186;0;0;133;0;122;0;
19534;6168308;1249599488;21688320;1434791936;0;0;0;0;0;0;0;0;0;0;0;2845;0;0;133;0;122;0;
19535;4618622;1249599488;21688320;1434791936;0;0;0;0;0;0;0;0;0;0;0;3336;0;0;133;0;122;0;
19536;6117432;1249599488;21688320;1434791936;0;0;0;0;0;0;0;0;0;0;0;3156;0;0;133;0;122;0;
19537;3900484;1249599488;21688320;1434791936;0;0;0;0;0;0;0;0;0;0;0;3427;0;0;133;0;122;0;
19538;6657335;1249599488;21688320;1434791936;0;0;0;0;0;0;0;0;0;0;0;2946;0;0;133;0;122;0;
19539;6077087;1249599488;21688320;1434791936;0;0;0;0;0;0;0;0;0;0;0;3787;0;0;133;0;122;0;
19540;5875649;1249599488;21688320;1434791936;0;0;0;0;0;0;0;0;0;0;0;3356;0;0;133;0;122;0;
19541;5077312;1249599488;21688320;1434791936;0;0;0;0;0;0;0;0;0;0;0;4107;0;0;133;0;122;0;
19542;5617775;1249599488;21688320;1434791936;0;0;0;0;0;0;0;0;0;0;0;2716;0;0;133;0;122;0;
19543;4353334;1249599488;21688320;1434791936;0;0;0;0;0;0;0;0;0;0;0;2976;0;0;133;0;122;0;
19544;5494965;1249599488;21688320;1434791936;0;0;0;0;0;0;0;0;0;0;0;3126;0;0;133;0;122;0;
19545;5751646;1249599488;21688320;1434791936;0;0;0;0;0;0;0;0;0;0;0;3968;0;0;133;0;122;0;
19546;6743307;1249599488;21688320;1434791936;0;0;0;0;0;0;0;0;0;0;0;2776;0;0;133;0;122;0;
19547;4110489;1249599488;21688320;1434791936;0;0;0;0;0;0;0;0;0;0;0;4037;0;0;133;0;122;0;
19548;5253342;1249599488;21688320;1434791936;0;0;0;0;0;0;0;0;0;0;0;2435;0;0;133;0;122;0;
19549;4193895;1249599488;21688320;1434791936;0;0;0;0;0;0;0;0;0;0;0;3246;0;0;133;0;122;0;
19550;5992017;1249599488;21688320;1434791936;0;0;0;0;0;0;0;0;0;0;0;2434;0;0;133;0;122;0;
19551;4388330;1249599488;21688320;1434791936;0;0;0;0;0;0;0;0;0;0;0;2875;0;0;133;0;122;0;
19552;5012771;1249599488;21688320;1434791936;0;0;0;0;0;0;0;0;0;0;0;2244;0;0;133;0;122;0;
19553;5243734;1249599488;21688320;1434791936;0;0;0;0;0;0;0;0;0;0;0;3376;0;0;133;0;122;0;
19554;6447352;1249599488;21688320;1434791936;0;0;0;0;0;0;0;0;0;0;0;2284;0;0;133;0;122;0;
19555;4009950;1249599488;21688320;1434791936;0;0;0;0;0;0;0;0;0;0;0;2955;0;0;133;0;122;0;
19556;6333107;1249599488;21688320;1434791936;0;0;0;0;0;0;0;0;0;0;0;2796;0;0;133;0;122;0;
19557;3570666;1249599488;21688320;1434791936;0;0;0;0;0;0;0;0;0;0;0;3066;0;0;133;0;122;0;
19558;6141467;1249599488;21688320;1434791936;0;0;0;0;0;0;0;0;0;0;0;2665;0;0;133;0;122;0;
19559;3758388;1249599488;21688320;1434791936;0;0;0;0;0;0;0;0;0;0;0;3176;0;0;133;0;122;0;
19560;7033931;1249599488;21688320;1434791936;0;0;0;0;0;0;0;0;0;0;0;2134;0;0;133;0;122;0;
19561;3645146;1249599488;21688320;1434791936;0;0;0;0;0;0;0;0;0;0;0;2906;0;0;133;0;122;0;
19562;5871291;1249599488;21688320;1434791936;0;0;0;0;0;0;0;0;0;0;0;2074;0;0;133;0;122;0;
19563;4016402;1249599488;21688320;1434791936;0;0;0;0;0;0;0;0;0;0;0;2796;0;0;133;0;122;0;
19564;6288202;1249599488;21688320;1434791936;0;0;0;0;0;0;0;0;0;0;0;2575;0;0;133;0;122;0;
19565;4101983;1249599488;21688320;1434791936;0;0;0;0;0;0;0;0;0;0;0;2445;0;0;133;0;122;0;
19566;5864839;1249599488;21688320;1434791936;0;0;0;0;0;0;0;0;0;0;0;2305;0;0;133;0;122;0;
19567;4595979;1249599488;21688320;1434791936;0;0;0;0;0;0;0;0;0;0;0;3727;0;0;133;0;122;0;
19568;6184248;1249599488;21688320;1434791936;0;0;0;0;0;0;0;0;0;0;0;2645;0;0;133;0;122;0;
19569;5065350;1249599488;21688320;1434791936;0;0;0;0;0;0;0;0;0;0;0;3666;0;0;133;0;122;0;
19570;5579945;1249599488;21688320;1434791936;0;0;0;0;0;0;0;0;0;0;0;2565;0;0;133;0;122;0;
19571;4370897;1249599488;21688320;1434791936;0;0;0;0;0;0;0;0;0;0;0;3146;0;0;133;0;122;0;
19572;4716726;1249599488;21688320;1434791936;0;0;0;0;0;0;0;0;0;0;0;2164;0;0;133;0;122;0;
19573;3769299;1249599488;21688320;1434791936;0;0;0;0;0;0;0;0;0;0;0;2514;0;0;133;0;122;0;
19574;5374028;1249599488;21688320;1434791936;0;0;0;0;0;0;0;0;0;0;0;2234;0;0;133;0;122;0;
19575;3276955;1249599488;21688320;1434791936;0;0;0;0;0;0;0;0;0;0;0;2635;0;0;133;0;122;0;
19576;5794277;1249599488;21688320;1434791936;0;0;0;0;0;0;0;0;0;0;0;2174;0;0;133;0;122;0;
19577;3251087;1249599488;21688320;1434791936;0;0;0;0;0;0;0;0;0;0;0;2875;0;0;133;0;122;0;
19578;5893934;1249599488;21688320;1434791936;0;0;0;0;0;0;0;0;0;0;0;2685;0;0;133;0;122;0;
19579;4372129;1249599488;21688320;1434791936;0;0;0;0;0;0;0;0;0;0;0;5080;0;0;133;0;122;0;
19580;6361129;1249599488;21688320;1434791936;0;0;0;0;0;0;0;0;0;0;0;2896;0;0;133;0;122;0;
19581;5487922;1249599488;21688320;1434791936;0;0;0;0;0;0;0;0;0;0;0;4428;0;0;133;0;122;0;
19582;6980722;1249599488;21688320;1434791936;0;0;0;0;0;0;0;0;0;0;0;3427;0;0;133;0;122;0;
19583;5122807;1249599488;21688320;1434791936;0;0;0;0;0;0;0;0;0;0;0;3537;0;0;133;0;122;0;
19584;7505486;1249599488;21688320;1434791936;0;0;0;0;0;0;0;0;0;0;0;3957;0;0;133;0;122;0;
19585;6320935;1249599488;21688320;1434791936;0;0;0;0;0;0;0;0;0;0;0;3536;0;0;133;0;122;0;
19586;6120478;1249599488;21688320;1434791936;0;0;0;0;0;0;0;0;0;0;0;3848;0;0;133;0;122;0;
19587;6847271;1249599488;21688320;1434791936;0;0;0;0;0;0;0;0;0;0;0;3666;0;0;133;0;122;0;
19588;7873546;1249599488;21688320;1434791936;0;0;0;0;0;0;0;0;0;0;0;3878;0;0;133;0;122;0;
19589;5449730;1249599488;21688320;1434791936;0;0;0;0;0;0;0;0;0;0;0;3066;0;0;133;0;122;0;
19590;8360168;1249599488;21688320;1434791936;0;0;0;0;0;0;0;0;0;0;0;4549;0;0;133;0;122;0;
19591;6106212;1249599488;21688320;1434791936;0;0;0;0;0;0;0;0;0;0;0;3276;0;0;133;0;122;0;
19592;7560789;1249599488;21688320;1434791936;0;0;0;0;0;0;0;0;0;0;0;3506;0;0;133;0;122;0;
19593;5704107;1249599488;21688320;1434791936;0;0;0;0;0;0;0;0;0;0;0;4038;0;0;133;0;122;0;
19594;7546312;1249599488;21688320;1434791936;0;0;0;0;0;0;0;0;0;0;0;4008;0;0;133;0;122;0;
19595;6806946;1249599488;21688320;1434791936;0;0;0;0;0;0;0;0;0;0;0;3076;0;0;133;0;122;0;
19596;7038379;1249599488;21688320;1434791936;0;0;0;0;0;0;0;0;0;0;0;3757;0;0;133;0;122;0;
19597;5085437;1249599488;21688320;1434791936;0;0;0;0;0;0;0;0;0;0;0;2895;0;0;133;0;122;0;
19598;6425049;1249599488;21688320;1434791936;0;0;0;0;0;0;0;0;0;0;0;3887;0;0;133;0;122;0;
19599;4699734;1249599488;21688320;1434791936;0;0;0;0;0;0;0;0;0;0;0;4779;0;0;133;0;122;0;
19600;6450908;1249599488;21688320;1434791936;0;0;0;0;0;0;0;0;0;0;0;3116;0;0;133;0;122;0;
19601;5438199;1249599488;21688320;1434791936;0;0;0;0;0;0;0;0;0;0;0;3296;0;0;133;0;122;0;
19602;5888684;1249599488;21688320;1434791936;0;0;0;0;0;0;0;0;0;0;0;2585;0;0;133;0;122;0;
19603;4899148;1249599488;21688320;1434791936;0;0;0;0;0;0;0;0;0;0;0;3877;0;0;133;0;122;0;
19604;7021949;1249599488;21688320;1434791936;0;0;0;0;0;0;0;0;0;0;0;2865;0;0;133;0;122;0;
19605;4732776;1249599488;21688320;1434791936;0;0;0;0;0;0;0;0;0;0;0;3707;0;0;133;0;122;0;
19606;7504964;1249599488;21688320;1434791936;0;0;0;0;0;0;0;0;0;0;0;4919;0;0;133;0;122;0;
19607;5398645;1249599488;21688320;1434791936;0;0;0;0;0;0;0;0;0;0;0;3326;0;0;133;0;122;0;
19608;6246084;1249599488;21688320;1434791936;0;0;0;0;0;0;0;0;0;0;0;3607;0;0;133;0;122;0;
19609;3676775;1249599488;21688320;1434791936;0;0;0;0;0;0;0;0;0;0;0;4148;0;0;133;0;122;0;
19610;6167617;1249599488;21688320;1434791936;0;0;0;0;0;0;0;0;0;0;0;3637;0;0;133;0;122;0;
19611;4424087;1249599488;21688320;1434791936;0;0;0;0;0;0;0;0;0;0;0;2916;0;0;133;0;122;0;
19612;6171193;1249599488;21688320;1434791936;0;0;0;0;0;0;0;0;0;0;0;3537;0;0;133;0;122;0;
19613;4245682;1249599488;21688320;1434791936;0;0;0;0;0;0;0;0;0;0;0;3817;0;0;133;0;122;0;
19614;6174159;1249599488;21688320;1434791936;0;0;0;0;0;0;0;0;0;0;0;3627;0;0;133;0;122;0;
19615;4913905;1249599488;21688320;1434791936;0;0;0;0;0;0;0;0;0;0;0;3757;0;0;133;0;122;0;
19616;6477087;1249599488;21688320;1434791936;0;0;0;0;0;0;0;0;0;0;0;3486;0;0;133;0;122;0;
19617;3725546;1249599488;21688320;1434791936;0;0;0;0;0;0;0;0;0;0;0;3457;0;0;133;0;122;0;
19618;6767852;1249599488;21688320;1434791936;0;0;0;0;0;0;0;0;0;0;0;4178;0;0;133;0;122;0;
19619;5689951;1249599488;21688320;1434791936;0;0;0;0;0;0;0;0;0;0;0;4028;0;0;133;0;122;0;
19620;5568323;1249599488;21688320;1434791936;0;0;0;0;0;0;0;0;0;0;0;3226;0;0;133;0;122;0;
19621;5394096;1249599488;21688320;1434791936;0;0;0;0;0;0;0;0;0;0;0;2986;0;0;133;0;122;0;
19622;6290777;1249599488;21688320;1434791936;0;0;0;0;0;0;0;0;0;0;0;3005;0;0;133;0;122;0;
19623;4011594;1249599488;21688320;1434791936;0;0;0;0;0;0;0;0;0;0;0;2836;0;0;133;0;122;0;
19624;5419975;1249599488;21688320;1434791936;0;0;0;0;0;0;0;0;0;0;0;2174;0;0;133;0;122;0;
19625;4673144;1249599488;21688320;1434791936;0;0;0;0;0;0;0;0;0;0;0;3356;0;0;133;0;122;0;
19626;5241910;1249599488;21688320;1434791936;0;0;0;0;0;0;0;0;0;0;0;2094;0;0;133;0;122;0;
19627;4036670;1249599488;21688320;1434791936;0;0;0;0;0;0;0;0;0;0;0;2776;0;0;133;0;122;0;
19628;6315123;1249599488;21688320;1434791936;0;0;0;0;0;0;0;0;0;0;0;3246;0;0;133;0;122;0;
19629;3782755;1249599488;21688320;1434791936;0;0;0;0;0;0;0;0;0;0;0;3096;0;0;133;0;122;0;
19630;6272974;1249599488;21688320;1434791936;0;0;0;0;0;0;0;0;0;0;0;3136;0;0;133;0;122;0;
19631;3682456;1249599488;21688320;1434791936;0;0;0;0;0;0;0;0;0;0;0;3697;0;0;133;0;122;0;
19632;5894484;1249599488;21688320;1434791936;0;0;0;0;0;0;0;0;0;0;0;3076;0;0;133;0;122;0;
19633;3193198;1249599488;21688320;1434791936;0;0;0;0;0;0;0;0;0;0;0;2736;0;0;133;0;122;0;
19634;5884085;1249599488;21688320;1434791936;0;0;0;0;0;0;0;0;0;0;0;2976;0;0;133;0;122;0;
19635;5865190;1249599488;21688320;1434791936;0;0;0;0;0;0;0;0;0;0;0;3536;0;0;133;0;122;0;
19636;5926274;1249599488;21688320;1434791936;0;0;0;0;0;0;0;0;0;0;0;3146;0;0;133;0;122;0;
19637;3856172;1249599488;21688320;1434791936;0;0;0;0;0;0;0;0;0;0;0;3577;0;0;133;0;122;0;
19638;6639371;1249599488;21688320;1434791936;0;0;0;0;0;0;0;0;0;0;0;6171;0;0;133;0;122;0;
19639;4916470;1249599488;21688320;1434791936;0;0;0;0;0;0;0;0;0;0;0;3466;0;0;133;0;122;0;
19640;6261642;1249599488;21688320;1434791936;0;0;0;0;0;0;0;0;0;0;0;3577;0;0;133;0;122;0;
19641;4344828;1249599488;21688320;1434791936;0;0;0;0;0;0;0;0;0;0;0;3046;0;0;133;0;122;0;
19642;6154031;1249599488;21688320;1434791936;0;0;0;0;0;0;0;0;0;0;0;2855;0;0;133;0;122;0;
19643;4827744;1249599488;21688320;1434791936;0;0;0;0;0;0;0;0;0;0;0;3186;0;0;133;0;122;0;
19644;5402943;1249599488;21688320;1434791936;0;0;0;0;0;0;0;0;0;0;0;1964;0;0;133;0;122;0;
19645;6274808;1249599488;21688320;1434791936;0;0;0;0;0;0;0;0;0;0;0;3557;0;0;133;0;122;0;
19646;5416468;1249599488;21688320;1434791936;0;0;0;0;0;0;0;0;0;0;0;2445;0;0;133;0;122;0;
19647;4599346;1249599488;21688320;1434791936;0;0;0;0;0;0;0;0;0;0;0;3267;0;0;133;0;122;0;
19648;5629938;1249599488;21688320;1434791936;0;0;0;0;0;0;0;0;0;0;0;2565;0;0;133;0;122;0;
19649;4152537;1249599488;21688320;1434791936;0;0;0;0;0;0;0;0;0;0;0;4589;0;0;133;0;122;0;
19650;7537706;1249599488;21688320;1434791936;0;0;0;0;0;0;0;0;0;0;0;2766;0;0;133;0;122;0;
19651;3898391;1249599488;21688320;1434791936;0;0;0;0;0;0;0;0;0;0;0;2495;0;0;133;0;122;0;
19652;6351862;1249599488;21688320;1434791936;0;0;0;0;0;0;0;0;0;0;0;2555;0;0;133;0;122;0;
19653;3399806;1249599488;21688320;1434791936;0;0;0;0;0;0;0;0;0;0;0;3095;0;0;133;0;122;0;
19654;6406375;1249599488;21688320;1434791936;0;0;0;0;0;0;0;0;0;0;0;2545;0;0;133;0;122;0;
19655;4617860;1249599488;21688320;1434791936;0;0;0;0;0;0;0;0;0;0;0;2415;0;0;133;0;122;0;
19656;5914062;1249599488;21688320;1434791936;0;0;0;0;0;0;0;0;0;0;0;3106;0;0;133;0;122;0;
19657;5393464;1249599488;21688320;1434791936;0;0;0;0;0;0;0;0;0;0;0;3026;0;0;133;0;122;0;
19658;6129706;1249599488;21688320;1434791936;0;0;0;0;0;0;0;0;0;0;0;2845;0;0;133;0;122;0;
19659;4485993;1249599488;21688320;1434791936;0;0;0;0;0;0;0;0;0;0;0;2705;0;0;133;0;122;0;
19660;5694119;1249599488;21688320;1434791936;0;0;0;0;0;0;0;0;0;0;0;3126;0;0;133;0;122;0;
19661;3803212;1249599488;21688320;1434791936;0;0;0;0;0;0;0;0;0;0;0;2865;0;0;133;0;122;0;
19662;5012179;1249599488;21688320;1434791936;0;0;0;0;0;0;0;0;0;0;0;3086;0;0;133;0;122;0;
19663;4170211;1249599488;21688320;1434791936;0;0;0;0;0;0;0;0;0;0;0;3256;0;0;133;0;122;0;
19664;6479792;1249599488;21688320;1434791936;0;0;0;0;0;0;0;0;0;0;0;3337;0;0;133;0;122;0;
19665;4116430;1249599488;21688320;1434791936;0;0;0;0;0;0;0;0;0;0;0;2775;0;0;133;0;122;0;
19666;5096037;1249599488;21688320;1434791936;0;0;0;0;0;0;0;0;0;0;0;2184;0;0;133;0;122;0;
19667;4187303;1249599488;21688320;1434791936;0;0;0;0;0;0;0;0;0;0;0;2755;0;0;133;0;122;0;
19668;6742605;1249599488;21688320;1434791936;0;0;0;0;0;0;0;0;0;0;0;2855;0;0;133;0;122;0;
19669;3816638;1249599488;21688320;1434791936;0;0;0;0;0;0;0;0;0;0;0;2905;0;0;133;0;122;0;
19670;5713715;1249599488;21688320;1434791936;0;0;0;0;0;0;0;0;0;0;0;2034;0;0;133;0;122;0;
19671;4089128;1249599488;21688320;1434791936;0;0;0;0;0;0;0;0;0;0;0;3296;0;0;133;0;122;0;
19672;5630429;1249599488;21688320;1434791936;0;0;0;0;0;0;0;0;0;0;0;2174;0;0;133;0;122;0;
19673;4386927;1249599488;21688320;1434791936;0;0;0;0;0;0;0;0;0;0;0;2886;0;0;133;0;122;0;
19674;5586787;1249599488;21688320;1434791936;0;0;0;0;0;0;0;0;0;0;0;2404;0;0;133;0;122;0;
19675;4581452;1249599488;21688320;1434791936;0;0;0;0;0;0;0;0;0;0;0;3887;0;0;133;0;122;0;
19676;7045312;1249599488;21688320;1434791936;0;0;0;0;0;0;0;0;0;0;0;2384;0;0;133;0;122;0;
19677;5588580;1249599488;21688320;1434791936;0;0;0;0;0;0;0;0;0;0;0;3256;0;0;133;0;122;0;
19678;6893397;1249599488;21688320;1434791936;0;0;0;0;0;0;0;0;0;0;0;3717;0;0;133;0;122;0;
19679;3648773;1249599488;21688320;1434791936;0;0;0;0;0;0;0;0;0;0;0;3416;0;0;133;0;122;0;
19680;7739885;1249599488;21688320;1434791936;0;0;0;0;0;0;0;0;0;0;0;2985;0;0;133;0;122;0;
19681;4859033;1249599488;21688320;1434791936;0;0;0;0;0;0;0;0;0;0;0;3146;0;0;133;0;122;0;
19682;6259098;1249599488;21688320;1434791936;0;0;0;0;0;0;0;0;0;0;0;2815;0;0;133;0;122;0;
19683;4716455;1249599488;21688320;1434791936;0;0;0;0;0;0;0;0;0;0;0;3567;0;0;133;0;122;0;
19684;7132726;1249599488;21688320;1434791936;0;0;0;0;0;0;0;0;0;0;0;3196;0;0;133;0;122;0;
19685;5087982;1249599488;21688320;1434791936;0;0;0;0;0;0;0;0;0;0;0;4027;0;0;133;0;122;0;
19686;6149071;1249599488;21688320;1434791936;0;0;0;0;0;0;0;0;0;0;0;2034;0;0;133;0;122;0;
19687;4993094;1249599488;21688320;1434791936;0;0;0;0;0;0;0;0;0;0;0;3297;0;0;133;0;122;0;
19688;5561069;1249599488;21688320;1434791936;0;0;0;0;0;0;0;0;0;0;0;2484;0;0;133;0;122;0;
19689;6691048;1249599488;21688320;1434791936;0;0;0;0;0;0;0;0;0;0;0;3377;0;0;133;0;122;0;
19690;7348240;1249599488;21688320;1434791936;0;0;0;0;0;0;0;0;0;0;0;3697;0;0;133;0;122;0;
19691;4875002;1249599488;21688320;1434791936;0;0;0;0;0;0;0;0;0;0;0;3106;0;0;133;0;122;0;
19692;6686540;1249599488;21692416;1434796032;0;0;0;0;0;0;0;0;0;0;0;3056;0;0;133;0;122;0;
19693;4749056;1249599488;21696512;1434800128;0;0;0;0;0;0;0;0;0;0;0;3777;0;0;133;0;122;0;
19694;7504894;1249599488;21696512;1434800128;0;0;0;0;0;0;0;0;0;0;0;2896;0;0;133;0;122;0;
19695;4494650;1249599488;21696512;1434800128;0;0;0;0;0;0;0;0;0;0;0;2716;0;0;133;0;122;0;
19696;5650106;1249599488;21696512;1434800128;0;0;0;0;0;0;0;0;0;0;0;4077;0;0;133;0;122;0;
19697;4212490;1249599488;21696512;1434800128;0;0;0;0;0;0;0;0;0;0;0;3266;0;0;133;0;122;0;
19698;6668376;1249599488;21696512;1434800128;0;0;0;0;0;0;0;0;0;0;0;2555;0;0;133;0;122;0;
19699;5033841;1249771520;21688320;1434791936;0;0;0;0;0;0;0;0;0;0;0;3978;0;0;133;0;122;0;
19700;5302584;1249771520;21688320;1434791936;0;0;0;0;0;0;0;0;0;0;0;2825;0;0;133;0;122;0;
19701;6760228;1249771520;21688320;1434791936;0;0;0;0;0;0;0;0;0;0;0;3095;0;0;133;0;122;0;
19702;7278641;1249771520;21688320;1434791936;0;0;0;0;0;0;0;0;0;0;0;3807;0;0;133;0;122;0;
19703;4808207;1249771520;21688320;1434791936;0;0;0;0;0;0;0;0;0;0;0;3146;0;0;133;0;122;0;
19704;6286901;1249771520;21688320;1434791936;0;0;0;0;0;0;0;0;0;0;0;2574;0;0;133;0;122;0;
19705;4921499;1249771520;21688320;1434791936;0;0;0;0;0;0;0;0;0;0;0;3226;0;0;133;0;122;0;
19706;7632644;1249771520;21688320;1434791936;0;0;0;0;0;0;0;0;0;0;0;3106;0;0;133;0;122;0;
19707;5506166;1249771520;21688320;1434791936;0;0;0;0;0;0;0;0;0;0;0;3076;0;0;133;0;122;0;
19708;10232590;1249771520;21688320;1434791936;0;0;0;0;0;0;0;0;0;0;0;2345;0;0;133;0;122;0;
19709;14091137;1249771520;21688320;1434791936;0;0;0;0;0;0;0;0;0;0;0;2855;0;0;133;0;122;0;
19710;6726675;1249771520;21688320;1434791936;0;0;0;0;0;0;0;0;0;0;0;2274;0;0;133;0;122;0;
19711;4206008;1249771520;21688320;1434791936;0;0;0;0;0;0;0;0;0;0;0;3055;0;0;133;0;122;0;
19712;6993055;1249771520;21688320;1434791936;0;0;0;0;0;0;0;0;0;0;0;3166;0;0;133;0;122;0;
19713;4484951;1249771520;21688320;1434791936;0;0;0;0;0;0;0;0;0;0;0;2845;0;0;133;0;122;0;
19714;6215467;1249771520;21688320;1434791936;0;0;0;0;0;0;0;0;0;0;0;3226;0;0;133;0;122;0;
19715;6529515;1249771520;21688320;1434791936;0;0;0;0;0;0;0;0;0;0;0;2895;0;0;133;0;122;0;
19716;6444376;1249771520;21688320;1434791936;0;0;0;0;0;0;0;0;0;0;0;2695;0;0;133;0;122;0;
19717;5429372;1249771520;21688320;1434791936;0;0;0;0;0;0;0;0;0;0;0;3587;0;0;133;0;122;0;
19718;6195599;1249771520;21688320;1434791936;0;0;0;0;0;0;0;0;0;0;0;3326;0;0;133;0;122;0;
19719;4575671;1249771520;21688320;1434791936;0;0;0;0;0;0;0;0;0;0;0;4087;0;0;133;0;122;0;
19720;6186993;1249771520;21688320;1434791936;0;0;0;0;0;0;0;0;0;0;0;4188;0;0;133;0;122;0;
19721;4713550;1249771520;21688320;1434791936;0;0;0;0;0;0;0;0;0;0;0;3647;0;0;133;0;122;0;
19722;5951291;1249771520;21688320;1434791936;0;0;0;0;0;0;0;0;0;0;0;3367;0;0;133;0;122;0;
19723;6616999;1249771520;21688320;1434791936;0;0;0;0;0;0;0;0;0;0;0;3186;0;0;133;0;122;0;
19724;7254826;1249771520;21688320;1434791936;0;0;0;0;0;0;0;0;0;0;0;3497;0;0;133;0;122;0;
19725;6875685;1249771520;21688320;1434791936;0;0;0;0;0;0;0;0;0;0;0;3417;0;0;133;0;122;0;
19726;7184283;1249771520;21688320;1434791936;0;0;0;0;0;0;0;0;0;0;0;3146;0;0;133;0;122;0;
19727;8191021;1249771520;21688320;1434791936;0;0;0;0;0;0;0;0;0;0;0;3306;0;0;133;0;122;0;
19728;5166950;1249771520;21688320;1434791936;0;0;0;0;0;0;0;0;0;0;0;2735;0;0;133;0;122;0;
19729;5857404;1249771520;21688320;1434791936;0;0;0;0;0;0;0;0;0;0;0;2705;0;0;133;0;122;0;
19730;6945395;1249771520;21688320;1434791936;0;0;0;0;0;0;0;0;0;0;0;2976;0;0;133;0;122;0;
19731;6116100;1249771520;21688320;1434791936;0;0;0;0;0;0;0;0;0;0;0;3487;0;0;133;0;122;0;
19732;6382159;1249771520;21688320;1434791936;0;0;0;0;0;0;0;0;0;0;0;3156;0;0;133;0;122;0;
19733;5586878;1249771520;21688320;1434791936;0;0;0;0;0;0;0;0;0;0;0;3336;0;0;133;0;122;0;
19734;6408408;1249771520;21688320;1434791936;0;0;0;0;0;0;0;0;0;0;0;3396;0;0;133;0;122;0;
19735;4147388;1249771520;21688320;1434791936;0;0;0;0;0;0;0;0;0;0;0;3025;0;0;133;0;122;0;
19736;6907835;1249771520;21688320;1434791936;0;0;0;0;0;0;0;0;0;0;0;2615;0;0;133;0;122;0;
19737;3917307;1249771520;21688320;1434791936;0;0;0;0;0;0;0;0;0;0;0;3717;0;0;133;0;122;0;
19738;6110921;1249771520;21688320;1434791936;0;0;0;0;0;0;0;0;0;0;0;2926;0;0;133;0;122;0;
19739;4710064;1249771520;21688320;1434791936;0;0;0;0;0;0;0;0;0;0;0;4208;0;0;133;0;122;0;
19740;6858572;1249771520;21688320;1434791936;0;0;0;0;0;0;0;0;0;0;0;2806;0;0;133;0;122;0;
19741;4714171;1249771520;21688320;1434791936;0;0;0;0;0;0;0;0;0;0;0;4168;0;0;133;0;122;0;
19742;7048168;1249771520;21688320;1434791936;0;0;0;0;0;0;0;0;0;0;0;2926;0;0;133;0;122;0;
19743;4373532;1249771520;21688320;1434791936;0;0;0;0;0;0;0;0;0;0;0;3297;0;0;133;0;122;0;
19744;6381528;1249771520;21688320;1434791936;0;0;0;0;0;0;0;0;0;0;0;4649;0;0;133;0;122;0;
19745;5011588;1249771520;21688320;1434791936;0;0;0;0;0;0;0;0;0;0;0;2825;0;0;133;0;122;0;
19746;7247131;1249771520;21688320;1434791936;0;0;0;0;0;0;0;0;0;0;0;3507;0;0;133;0;122;0;
19747;4284765;1249771520;21688320;1434791936;0;0;0;0;0;0;0;0;0;0;0;2906;0;0;133;0;122;0;
19748;7205914;1249771520;21688320;1434791936;0;0;0;0;0;0;0;0;0;0;0;3988;0;0;133;0;122;0;
19749;4810291;1249771520;21688320;1434791936;0;0;0;0;0;0;0;0;0;0;0;3105;0;0;133;0;122;0;
19750;7161891;1249771520;21688320;1434791936;0;0;0;0;0;0;0;0;0;0;0;2866;0;0;133;0;122;0;
19751;4128031;1249771520;21688320;1434791936;0;0;0;0;0;0;0;0;0;0;0;4018;0;0;133;0;122;0;
19752;5763679;1249771520;21688320;1434791936;0;0;0;0;0;0;0;0;0;0;0;2735;0;0;133;0;122;0;
19753;5962262;1249771520;21688320;1434791936;0;0;0;0;0;0;0;0;0;0;0;3296;0;0;133;0;122;0;
19754;6941709;1249771520;21688320;1434791936;0;0;0;0;0;0;0;0;0;0;0;3737;0;0;133;0;122;0;
19755;4486674;1249771520;21688320;1434791936;0;0;0;0;0;0;0;0;0;0;0;8747;0;0;133;0;122;0;
19756;6195559;1249771520;21688320;1434791936;0;0;0;0;0;0;0;0;0;0;0;3266;0;0;133;0;122;0;
19757;3429031;1249771520;21688320;1434791936;0;0;0;0;0;0;0;0;0;0;0;3176;0;0;133;0;122;0;
19758;7772917;1249771520;21688320;1434791936;0;0;0;0;0;0;0;0;0;0;0;3677;0;0;133;0;122;0;
19759;3527355;1249771520;21688320;1434791936;0;0;0;0;0;0;0;0;0;0;0;3196;0;0;133;0;122;0;
19760;7241000;1249771520;21688320;1434791936;0;0;0;0;0;0;0;0;0;0;0;4027;0;0;133;0;122;0;
19761;3744933;1249771520;21688320;1434791936;0;0;0;0;0;0;0;0;0;0;0;3546;0;0;133;0;122;0;
19762;6954332;1249771520;21688320;1434791936;0;0;0;0;0;0;0;0;0;0;0;3026;0;0;133;0;122;0;
19763;3191836;1249771520;21688320;1434791936;0;0;0;0;0;0;0;0;0;0;0;2966;0;0;133;0;122;0;
19764;6087507;1249771520;21688320;1434791936;0;0;0;0;0;0;0;0;0;0;0;3357;0;0;133;0;122;0;
19765;4093637;1249771520;21688320;1434791936;0;0;0;0;0;0;0;0;0;0;0;4018;0;0;133;0;122;0;
19766;7334896;1249771520;21688320;1434791936;0;0;0;0;0;0;0;0;0;0;0;4007;0;0;133;0;122;0;
19767;3362106;1249771520;21688320;1434791936;0;0;0;0;0;0;0;0;0;0;0;2635;0;0;133;0;122;0;
19768;5830725;1249771520;21688320;1434791936;0;0;0;0;0;0;0;0;0;0;0;2114;0;0;133;0;122;0;
19769;3839791;1249771520;21688320;1434791936;0;0;0;0;0;0;0;0;0;0;0;2705;0;0;133;0;122;0;
19770;6049185;1249771520;21688320;1434791936;0;0;0;0;0;0;0;0;0;0;0;2324;0;0;133;0;122;0;
19771;8100391;1249771520;21688320;1434791936;0;0;0;0;0;0;0;0;0;0;0;3016;0;0;133;0;122;0;
19772;7165418;1249771520;21688320;1434791936;0;0;0;0;0;0;0;0;0;0;0;3487;0;0;133;0;122;0;
19773;4470795;1249771520;21688320;1434791936;0;0;0;0;0;0;0;0;0;0;0;2756;0;0;133;0;122;0;
19774;6656373;1249771520;21688320;1434791936;0;0;0;0;0;0;0;0;0;0;0;3116;0;0;133;0;122;0;
19775;4202691;1249771520;21688320;1434791936;0;0;0;0;0;0;0;0;0;0;0;3186;0;0;133;0;122;0;
19776;5872724;1249771520;21692416;1434796032;0;0;0;0;0;0;0;0;0;0;0;3176;0;0;133;0;122;0;
19777;3773497;1249771520;21696512;1434800128;0;0;0;0;0;0;0;0;0;0;0;3246;0;0;133;0;122;0;
19778;5208238;1249771520;21696512;1434800128;0;0;0;0;0;0;0;0;0;0;0;2535;0;0;133;0;122;0;
19779;4219573;1249771520;21696512;1434800128;0;0;0;0;0;0;0;0;0;0;0;3407;0;0;133;0;122;0;
19780;5016708;1249771520;21696512;1434800128;0;0;0;0;0;0;0;0;0;0;0;3015;0;0;133;0;122;0;
19781;4400372;1249771520;21696512;1434800128;0;0;0;0;0;0;0;0;0;0;0;2685;0;0;133;0;122;0;
19782;7089616;1249771520;21696512;1434800128;0;0;0;0;0;0;0;0;0;0;0;2875;0;0;133;0;122;0;
19783;4023686;1249800192;21688320;1434791936;0;0;0;0;0;0;0;0;0;0;0;3496;0;0;133;0;122;0;
19784;6664920;1249800192;21688320;1434791936;0;0;0;0;0;0;0;0;0;0;0;3196;0;0;133;0;122;0;
19785;4354346;1249800192;21688320;1434791936;0;0;0;0;0;0;0;0;0;0;0;3096;0;0;133;0;122;0;
19786;7414615;1249800192;21688320;1434791936;0;0;0;0;0;0;0;0;0;0;0;3597;0;0;133;0;122;0;
19787;3179343;1249800192;21688320;1434791936;0;0;0;0;0;0;0;0;0;0;0;3296;0;0;133;0;122;0;
19788;5232092;1249800192;21688320;1434791936;0;0;0;0;0;0;0;0;0;0;0;3597;0;0;133;0;122;0;
19789;3359290;1249800192;21688320;1434791936;0;0;0;0;0;0;0;0;0;0;0;3577;0;0;133;0;122;0;
19790;5243584;1249800192;21688320;1434791936;0;0;0;0;0;0;0;0;0;0;0;3517;0;0;133;0;122;0;
19791;4901302;1249800192;21688320;1434791936;0;0;0;0;0;0;0;0;0;0;0;2876;0;0;133;0;122;0;
19792;6284356;1249800192;21688320;1434791936;0;0;0;0;0;0;0;0;0;0;0;1954;0;0;133;0;122;0;
19793;4924666;1249800192;21688320;1434791936;0;0;0;0;0;0;0;0;0;0;0;2915;0;0;133;0;122;0;
19794;6067249;1249800192;21688320;1434791936;0;0;0;0;0;0;0;0;0;0;0;2375;0;0;133;0;122;0;
19795;4246002;1249800192;21688320;1434791936;0;0;0;0;0;0;0;0;0;0;0;3427;0;0;133;0;122;0;
19796;5837938;1249800192;21688320;1434791936;0;0;0;0;0;0;0;0;0;0;0;3356;0;0;133;0;122;0;
19797;5095646;1249800192;21688320;1434791936;0;0;0;0;0;0;0;0;0;0;0;3627;0;0;133;0;122;0;
19798;5201856;1249800192;21688320;1434791936;0;0;0;0;0;0;0;0;0;0;0;3146;0;0;133;0;122;0;
19799;4836881;1249800192;21688320;1434791936;0;0;0;0;0;0;0;0;0;0;0;3286;0;0;133;0;122;0;
19800;5935000;1249800192;21688320;1434791936;0;0;0;0;0;0;0;0;0;0;0;4148;0;0;133;0;122;0;
19801;4351631;1249800192;21688320;1434791936;0;0;0;0;0;0;0;0;0;0;0;2514;0;0;133;0;122;0;
19802;5084846;1249800192;21688320;1434791936;0;0;0;0;0;0;0;0;0;0;0;2234;0;0;133;0;122;0;
19803;4507754;1249800192;21688320;1434791936;0;0;0;0;0;0;0;0;0;0;0;3035;0;0;133;0;122;0;
19804;5999442;1249800192;21688320;1434791936;0;0;0;0;0;0;0;0;0;0;0;2405;0;0;133;0;122;0;
19805;4646484;1249800192;21688320;1434791936;0;0;0;0;0;0;0;0;0;0;0;2815;0;0;133;0;122;0;
19806;6872268;1249800192;21688320;1434791936;0;0;0;0;0;0;0;0;0;0;0;3016;0;0;133;0;122;0;
19807;4090461;1249800192;21688320;1434791936;0;0;0;0;0;0;0;0;0;0;0;2765;0;0;133;0;122;0;
19808;6700516;1249800192;21688320;1434791936;0;0;0;0;0;0;0;0;0;0;0;2665;0;0;133;0;122;0;
19809;4165943;1249800192;21688320;1434791936;0;0;0;0;0;0;0;0;0;0;0;2785;0;0;133;0;122;0;
19810;6186532;1249800192;21688320;1434791936;0;0;0;0;0;0;0;0;0;0;0;4148;0;0;133;0;122;0;
19811;4297399;1249800192;21688320;1434791936;0;0;0;0;0;0;0;0;0;0;0;3075;0;0;133;0;122;0;
19812;7144559;1249800192;21688320;1434791936;0;0;0;0;0;0;0;0;0;0;0;3286;0;0;133;0;122;0;
19813;4039145;1249800192;21688320;1434791936;0;0;0;0;0;0;0;0;0;0;0;2825;0;0;133;0;122;0;
19814;5689640;1249800192;21688320;1434791936;0;0;0;0;0;0;0;0;0;0;0;3747;0;0;133;0;122;0;
19815;4513605;1249800192;21688320;1434791936;0;0;0;0;0;0;0;0;0;0;0;2935;0;0;133;0;122;0;
19816;5671867;1249800192;21688320;1434791936;0;0;0;0;0;0;0;0;0;0;0;3687;0;0;133;0;122;0;
19817;3772816;1249800192;21688320;1434791936;0;0;0;0;0;0;0;0;0;0;0;3246;0;0;133;0;122;0;
19818;6551146;1249800192;21688320;1434791936;0;0;0;0;0;0;0;0;0;0;0;4048;0;0;133;0;122;0;
19819;4746301;1249800192;21688320;1434791936;0;0;0;0;0;0;0;0;0;0;0;3567;0;0;133;0;122;0;
19820;6687111;1249800192;21688320;1434791936;0;0;0;0;0;0;0;0;0;0;0;3337;0;0;133;0;122;0;
19821;4706487;1249800192;21688320;1434791936;0;0;0;0;0;0;0;0;0;0;0;3506;0;0;133;0;122;0;
19822;6020591;1249800192;21688320;1434791936;0;0;0;0;0;0;0;0;0;0;0;3006;0;0;133;0;122;0;
19823;6131288;1249800192;21688320;1434791936;0;0;0;0;0;0;0;0;0;0;0;3196;0;0;133;0;122;0;
19824;6548161;1249800192;21688320;1434791936;0;0;0;0;0;0;0;0;0;0;0;3036;0;0;133;0;122;0;
19825;4470174;1249800192;21688320;1434791936;0;0;0;0;0;0;0;0;0;0;0;3106;0;0;133;0;122;0;
19826;5478855;1249800192;21688320;1434791936;0;0;0;0;0;0;0;0;0;0;0;2245;0;0;133;0;122;0;
19827;5655035;1249800192;21688320;1434791936;0;0;0;0;0;0;0;0;0;0;0;2755;0;0;133;0;122;0;
19828;6219975;1249800192;21688320;1434791936;0;0;0;0;0;0;0;0;0;0;0;5300;0;0;133;0;122;0;
19829;4251052;1249800192;21688320;1434791936;0;0;0;0;0;0;0;0;0;0;0;2865;0;0;133;0;122;0;
19830;5765252;1249800192;21688320;1434791936;0;0;0;0;0;0;0;0;0;0;0;2544;0;0;133;0;122;0;
19831;5180686;1249800192;21688320;1434791936;0;0;0;0;0;0;0;0;0;0;0;3426;0;0;133;0;122;0;
19832;5343451;1249800192;21688320;1434791936;0;0;0;0;0;0;0;0;0;0;0;3035;0;0;133;0;122;0;
19833;4722787;1249800192;21688320;1434791936;0;0;0;0;0;0;0;0;0;0;0;3356;0;0;133;0;122;0;
19834;5541813;1249800192;21688320;1434791936;0;0;0;0;0;0;0;0;0;0;0;3136;0;0;133;0;122;0;
19835;5138286;1249800192;21688320;1434791936;0;0;0;0;0;0;0;0;0;0;0;3387;0;0;133;0;122;0;
19836;5282898;1249800192;21688320;1434791936;0;0;0;0;0;0;0;0;0;0;0;3396;0;0;133;0;122;0;
19837;4881274;1249800192;21688320;1434791936;0;0;0;0;0;0;0;0;0;0;0;3066;0;0;133;0;122;0;
19838;6236806;1249800192;21688320;1434791936;0;0;0;0;0;0;0;0;0;0;0;2876;0;0;133;0;122;0;
19839;3649203;1249800192;21688320;1434791936;0;0;0;0;0;0;0;0;0;0;0;3567;0;0;133;0;122;0;
19840;6897956;1249800192;21688320;1434791936;0;0;0;0;0;0;0;0;0;0;0;3417;0;0;133;0;122;0;
19841;4311556;1249800192;21688320;1434791936;0;0;0;0;0;0;0;0;0;0;0;3296;0;0;133;0;122;0;
19842;5617144;1249800192;21688320;1434791936;0;0;0;0;0;0;0;0;0;0;0;3437;0;0;133;0;122;0;
19843;5661227;1249800192;21688320;1434791936;0;0;0;0;0;0;0;0;0;0;0;2986;0;0;133;0;122;0;
19844;6225124;1249800192;21688320;1434791936;0;0;0;0;0;0;0;0;0;0;0;3045;0;0;133;0;122;0;
19845;3924189;1249800192;21688320;1434791936;0;0;0;0;0;0;0;0;0;0;0;3577;0;0;133;0;122;0;
19846;4891704;1249800192;21688320;1434791936;0;0;0;0;0;0;0;0;0;0;0;2605;0;0;133;0;122;0;
19847;4303692;1249800192;21688320;1434791936;0;0;0;0;0;0;0;0;0;0;0;3166;0;0;133;0;122;0;
19848;5859679;1249800192;21688320;1434791936;0;0;0;0;0;0;0;0;0;0;0;2905;0;0;133;0;122;0;
19849;4742735;1249800192;21688320;1434791936;0;0;0;0;0;0;0;0;0;0;0;4959;0;0;133;0;122;0;
19850;6377220;1249800192;21688320;1434791936;0;0;0;0;0;0;0;0;0;0;0;3646;0;0;133;0;122;0;
19851;5289280;1249800192;21688320;1434791936;0;0;0;0;0;0;0;0;0;0;0;4188;0;0;133;0;122;0;
19852;6906503;1249800192;21688320;1434791936;0;0;0;0;0;0;0;0;0;0;0;5010;0;0;133;0;122;0;
19853;5688027;1249800192;21688320;1434791936;0;0;0;0;0;0;0;0;0;0;0;3035;0;0;133;0;122;0;
19854;6980571;1249800192;21688320;1434791936;0;0;0;0;0;0;0;0;0;0;0;3406;0;0;133;0;122;0;
19855;4988235;1249800192;21688320;1434791936;0;0;0;0;0;0;0;0;0;0;0;3456;0;0;133;0;122;0;
19856;6395895;1249800192;21688320;1434791936;0;0;0;0;0;0;0;0;0;0;0;2374;0;0;133;0;122;0;
19857;5147744;1249800192;21688320;1434791936;0;0;0;0;0;0;0;0;0;0;0;3276;0;0;133;0;122;0;
19858;6733198;1249800192;21688320;1434791936;0;0;0;0;0;0;0;0;0;0;0;2835;0;0;133;0;122;0;
19859;5912718;1249800192;21688320;1434791936;0;0;0;0;0;0;0;0;0;0;0;3106;0;0;133;0;122;0;
19860;6645172;1249800192;21688320;1434791936;0;0;0;0;0;0;0;0;0;0;0;3056;0;0;133;0;122;0;
19861;3483804;1249800192;21688320;1434791936;0;0;0;0;0;0;0;0;0;0;0;3797;0;0;133;0;122;0;
19862;6282171;1249800192;21688320;1434791936;0;0;0;0;0;0;0;0;0;0;0;2896;0;0;133;0;122;0;
19863;7566410;1249800192;21688320;1434791936;0;0;0;0;0;0;0;0;0;0;0;3507;0;0;133;0;122;0;
19864;5462624;1249800192;21688320;1434791936;0;0;0;0;0;0;0;0;0;0;0;2915;0;0;133;0;122;0;
19865;4503205;1249800192;21688320;1434791936;0;0;0;0;0;0;0;0;0;0;0;4138;0;0;133;0;122;0;
19866;4943230;1249800192;21688320;1434791936;0;0;0;0;0;0;0;0;0;0;0;2755;0;0;133;0;122;0;
19867;5212185;1249800192;21688320;1434791936;0;0;0;0;0;0;0;0;0;0;0;3767;0;0;133;0;122;0;
19868;5804065;1249800192;21688320;1434791936;0;0;0;0;0;0;0;0;0;0;0;2975;0;0;133;0;122;0;
19869;3623836;1249800192;21688320;1434791936;0;0;0;0;0;0;0;0;0;0;0;3486;0;0;133;0;122;0;
19870;5756386;1249800192;21688320;1434791936;0;0;0;0;0;0;0;0;0;0;0;2245;0;0;133;0;122;0;
19871;4143150;1249800192;21688320;1434791936;0;0;0;0;0;0;0;0;0;0;0;2936;0;0;133;0;122;0;
19872;6679867;1249800192;21688320;1434791936;0;0;0;0;0;0;0;0;0;0;0;2494;0;0;133;0;122;0;
19873;3269933;1249800192;21688320;1434791936;0;0;0;0;0;0;0;0;0;0;0;3276;0;0;133;0;122;0;
19874;5959507;1249800192;21688320;1434791936;0;0;0;0;0;0;0;0;0;0;0;2505;0;0;133;0;122;0;
19875;3458966;1249800192;21688320;1434791936;0;0;0;0;0;0;0;0;0;0;0;3116;0;0;133;0;122;0;
19876;5108250;1249800192;21688320;1434791936;0;0;0;0;0;0;0;0;0;0;0;3006;0;0;133;0;122;0;
19877;4859734;1249800192;21688320;1434791936;0;0;0;0;0;0;0;0;0;0;0;3206;0;0;133;0;122;0;
19878;5361435;1249800192;21688320;1434791936;0;0;0;0;0;0;0;0;0;0;0;2926;0;0;133;0;122;0;
19879;4370717;1249800192;21688320;1434791936;0;0;0;0;0;0;0;0;0;0;0;3406;0;0;133;0;122;0;
19880;5531955;1249800192;21688320;1434791936;0;0;0;0;0;0;0;0;0;0;0;3547;0;0;133;0;122;0;
19881;4071535;1249800192;21688320;1434791936;0;0;0;0;0;0;0;0;0;0;0;3306;0;0;133;0;122;0;
19882;6948862;1249800192;21688320;1434791936;0;0;0;0;0;0;0;0;0;0;0;4298;0;0;133;0;122;0;
19883;3210891;1249800192;21688320;1434791936;0;0;0;0;0;0;0;0;0;0;0;3066;0;0;133;0;122;0;
19884;7203459;1249800192;21688320;1434791936;0;0;0;0;0;0;0;0;0;0;0;3326;0;0;133;0;122;0;
19885;3669541;1249800192;21688320;1434791936;0;0;0;0;0;0;0;0;0;0;0;3567;0;0;133;0;122;0;
19886;7168885;1249800192;21688320;1434791936;0;0;0;0;0;0;0;0;0;0;0;4569;0;0;133;0;122;0;
19887;3595443;1249800192;21688320;1434791936;0;0;0;0;0;0;0;0;0;0;0;3136;0;0;133;0;122;0;
19888;5247140;1249800192;21688320;1434791936;0;0;0;0;0;0;0;0;0;0;0;2785;0;0;133;0;122;0;
19889;12402008;1249800192;21688320;1434791936;0;0;0;0;0;0;0;0;0;0;0;3406;0;0;133;0;122;0;
19890;7825716;1249800192;21688320;1434791936;0;0;0;0;0;0;0;0;0;0;0;3066;0;0;133;0;122;0;
19891;4809569;1249800192;21688320;1434791936;0;0;0;0;0;0;0;0;0;0;0;3837;0;0;133;0;122;0;
19892;5839572;1249800192;21688320;1434791936;0;0;0;0;0;0;0;0;0;0;0;3226;0;0;133;0;122;0;
19893;3471259;1249800192;21688320;1434791936;0;0;0;0;0;0;0;0;0;0;0;3236;0;0;133;0;122;0;
19894;6518234;1249800192;21688320;1434791936;0;0;0;0;0;0;0;0;0;0;0;2935;0;0;133;0;122;0;
19895;4700656;1249800192;21688320;1434791936;0;0;0;0;0;0;0;0;0;0;0;3707;0;0;133;0;122;0;
19896;5861713;1249800192;21688320;1434791936;0;0;0;0;0;0;0;0;0;0;0;3747;0;0;133;0;122;0;
19897;4280447;1249800192;21688320;1434791936;0;0;0;0;0;0;0;0;0;0;0;3426;0;0;133;0;122;0;
19898;5725637;1249800192;21688320;1434791936;0;0;0;0;0;0;0;0;0;0;0;3076;0;0;133;0;122;0;
19899;4505470;1249800192;21688320;1434791936;0;0;0;0;0;0;0;0;0;0;0;3236;0;0;133;0;122;0;
19900;5989012;1249800192;21688320;1434791936;0;0;0;0;0;0;0;0;0;0;0;2986;0;0;133;0;122;0;
19901;4279325;1249800192;21688320;1434791936;0;0;0;0;0;0;0;0;0;0;0;3496;0;0;133;0;122;0;
19902;5971199;1249800192;21688320;1434791936;0;0;0;0;0;0;0;0;0;0;0;4358;0;0;133;0;122;0;
19903;3514591;1249800192;21688320;1434791936;0;0;0;0;0;0;0;0;0;0;0;3186;0;0;133;0;122;0;
19904;5242582;1249800192;21688320;1434791936;0;0;0;0;0;0;0;0;0;0;0;3066;0;0;133;0;122;0;
19905;3879897;1249800192;21688320;1434791936;0;0;0;0;0;0;0;0;0;0;0;3266;0;0;133;0;122;0;
19906;4849785;1249800192;21688320;1434791936;0;0;0;0;0;0;0;0;0;0;0;2505;0;0;133;0;122;0;
19907;3326008;1249800192;21688320;1434791936;0;0;0;0;0;0;0;0;0;0;0;3186;0;0;133;0;122;0;
19908;5430344;1249800192;21688320;1434791936;0;0;0;0;0;0;0;0;0;0;0;2364;0;0;133;0;122;0;
19909;4443002;1249800192;21688320;1434791936;0;0;0;0;0;0;0;0;0;0;0;3106;0;0;133;0;122;0;
19910;5551502;1249800192;21688320;1434791936;0;0;0;0;0;0;0;0;0;0;0;2565;0;0;133;0;122;0;
19911;4598023;1249800192;21688320;1434791936;0;0;0;0;0;0;0;0;0;0;0;4068;0;0;133;0;122;0;
19912;5673460;1249800192;21688320;1434791936;0;0;0;0;0;0;0;0;0;0;0;3808;0;0;133;0;122;0;
19913;3773477;1249800192;21688320;1434791936;0;0;0;0;0;0;0;0;0;0;0;3116;0;0;133;0;122;0;
19914;4903686;1249800192;21688320;1434791936;0;0;0;0;0;0;0;0;0;0;0;2695;0;0;133;0;122;0;
19915;4138612;1249800192;21688320;1434791936;0;0;0;0;0;0;0;0;0;0;0;4168;0;0;133;0;122;0;
19916;5125723;1249800192;21688320;1434791936;0;0;0;0;0;0;0;0;0;0;0;2565;0;0;133;0;122;0;
19917;3815245;1249800192;21688320;1434791936;0;0;0;0;0;0;0;0;0;0;0;2945;0;0;133;0;122;0;
19918;6811614;1249800192;21688320;1434791936;0;0;0;0;0;0;0;0;0;0;0;2515;0;0;133;0;122;0;
19919;4181211;1249800192;21688320;1434791936;0;0;0;0;0;0;0;0;0;0;0;3075;0;0;133;0;122;0;
19920;6458753;1249800192;21688320;1434791936;0;0;0;0;0;0;0;0;0;0;0;3497;0;0;133;0;122;0;
19921;3140920;1249800192;21688320;1434791936;0;0;0;0;0;0;0;0;0;0;0;3276;0;0;133;0;122;0;
19922;5362427;1249800192;21688320;1434791936;0;0;0;0;0;0;0;0;0;0;0;2655;0;0;133;0;122;0;
19923;4292550;1249800192;21688320;1434791936;0;0;0;0;0;0;0;0;0;0;0;2815;0;0;133;0;122;0;
19924;4627298;1249800192;21688320;1434791936;0;0;0;0;0;0;0;0;0;0;0;2575;0;0;133;0;122;0;
19925;4233159;1249800192;21688320;1434791936;0;0;0;0;0;0;0;0;0;0;0;3536;0;0;133;0;122;0;
19926;5165929;1249800192;21688320;1434791936;0;0;0;0;0;0;0;0;0;0;0;2174;0;0;133;0;122;0;
19927;3707493;1249800192;21688320;1434791936;0;0;0;0;0;0;0;0;0;0;0;3386;0;0;133;0;122;0;
19928;5059338;1249800192;21688320;1434791936;0;0;0;0;0;0;0;0;0;0;0;2275;0;0;133;0;122;0;
19929;4147589;1249800192;21688320;1434791936;0;0;0;0;0;0;0;0;0;0;0;3156;0;0;133;0;122;0;
19930;5872363;1249800192;21688320;1434791936;0;0;0;0;0;0;0;0;0;0;0;2435;0;0;133;0;122;0;
19931;3817660;1249800192;21688320;1434791936;0;0;0;0;0;0;0;0;0;0;0;3367;0;0;133;0;122;0;
19932;5979253;1249800192;21688320;1434791936;0;0;0;0;0;0;0;0;0;0;0;2455;0;0;133;0;122;0;
19933;3758929;1249800192;21688320;1434791936;0;0;0;0;0;0;0;0;0;0;0;3065;0;0;133;0;122;0;
19934;5328302;1249800192;21688320;1434791936;0;0;0;0;0;0;0;0;0;0;0;2405;0;0;133;0;122;0;
19935;3816528;1249800192;21688320;1434791936;0;0;0;0;0;0;0;0;0;0;0;3767;0;0;133;0;122;0;
19936;5741457;1249800192;21688320;1434791936;0;0;0;0;0;0;0;0;0;0;0;2735;0;0;133;0;122;0;
19937;4707529;1249800192;21688320;1434791936;0;0;0;0;0;0;0;0;0;0;0;3316;0;0;133;0;122;0;
19938;5434642;1249800192;21688320;1434791936;0;0;0;0;0;0;0;0;0;0;0;2204;0;0;133;0;122;0;
19939;4306436;1249800192;21688320;1434791936;0;0;0;0;0;0;0;0;0;0;0;2605;0;0;133;0;122;0;
19940;5727100;1249800192;21688320;1434791936;0;0;0;0;0;0;0;0;0;0;0;2514;0;0;133;0;122;0;
19941;4294654;1249800192;21688320;1434791936;0;0;0;0;0;0;0;0;0;0;0;3627;0;0;133;0;122;0;
19942;5620751;1249800192;21688320;1434791936;0;0;0;0;0;0;0;0;0;0;0;2635;0;0;133;0;122;0;
19943;5288939;1249800192;21688320;1434791936;0;0;0;0;0;0;0;0;0;0;0;3106;0;0;133;0;122;0;
19944;4920208;1249800192;21688320;1434791936;0;0;0;0;0;0;0;0;0;0;0;2435;0;0;133;0;122;0;
19945;5158614;1249800192;21688320;1434791936;0;0;0;0;0;0;0;0;0;0;0;3146;0;0;133;0;122;0;
19946;6069312;1249800192;21688320;1434791936;0;0;0;0;0;0;0;0;0;0;0;3446;0;0;133;0;122;0;
19947;4463100;1249800192;21688320;1434791936;0;0;0;0;0;0;0;0;0;0;0;3406;0;0;133;0;122;0;
19948;6002097;1249800192;21688320;1434791936;0;0;0;0;0;0;0;0;0;0;0;3196;0;0;133;0;122;0;
19949;4194446;1249800192;21688320;1434791936;0;0;0;0;0;0;0;0;0;0;0;3496;0;0;133;0;122;0;
19950;6657615;1249800192;21688320;1434791936;0;0;0;0;0;0;0;0;0;0;0;4067;0;0;133;0;122;0;
19951;3958403;1249800192;21688320;1434791936;0;0;0;0;0;0;0;0;0;0;0;3957;0;0;133;0;122;0;
19952;6701478;1249800192;21688320;1434791936;0;0;0;0;0;0;0;0;0;0;0;3096;0;0;133;0;122;0;
19953;4359305;1249800192;21688320;1434791936;0;0;0;0;0;0;0;0;0;0;0;3346;0;0;133;0;122;0;
19954;5558074;1249800192;21688320;1434791936;0;0;0;0;0;0;0;0;0;0;0;3046;0;0;133;0;122;0;
19955;4277602;1249800192;21688320;1434791936;0;0;0;0;0;0;0;0;0;0;0;4739;0;0;133;0;122;0;
19956;7552654;1249800192;21688320;1434791936;0;0;0;0;0;0;0;0;0;0;0;2966;0;0;133;0;122;0;
19957;3275573;1249800192;21688320;1434791936;0;0;0;0;0;0;0;0;0;0;0;33112;0;0;133;0;122;0;
19958;6704865;1249800192;21688320;1434791936;0;0;0;0;0;0;0;0;0;0;0;3556;0;0;133;0;122;0;
19959;3742328;1249800192;21688320;1434791936;0;0;0;0;0;0;0;0;0;0;0;2865;0;0;133;0;122;0;
19960;6049956;1249800192;21688320;1434791936;0;0;0;0;0;0;0;0;0;0;0;3146;0;0;133;0;122;0;
19961;4432352;1249800192;21688320;1434791936;0;0;0;0;0;0;0;0;0;0;0;4047;0;0;133;0;122;0;
19962;6119676;1249800192;21688320;1434791936;0;0;0;0;0;0;0;0;0;0;0;2866;0;0;133;0;122;0;
19963;4157126;1249800192;21688320;1434791936;0;0;0;0;0;0;0;0;0;0;0;3166;0;0;133;0;122;0;
19964;6488609;1249800192;21688320;1434791936;0;0;0;0;0;0;0;0;0;0;0;3978;0;0;133;0;122;0;
19965;4528523;1249800192;21688320;1434791936;0;0;0;0;0;0;0;0;0;0;0;2435;0;0;133;0;122;0;
19966;4352913;1249800192;21688320;1434791936;0;0;0;0;0;0;0;0;0;0;0;1824;0;0;133;0;122;0;
19967;3832067;1249800192;21688320;1434791936;0;0;0;0;0;0;0;0;0;0;0;2896;0;0;133;0;122;0;
19968;6136348;1249800192;21692416;1434796032;0;0;0;0;0;0;0;0;0;0;0;3767;0;0;133;0;122;0;
19969;4993164;1249800192;21696512;1434800128;0;0;0;0;0;0;0;0;0;0;0;3456;0;0;133;0;122;0;
19970;5010346;1249800192;21696512;1434800128;0;0;0;0;0;0;0;0;0;0;0;2494;0;0;133;0;122;0;
19971;4188114;1249800192;21696512;1434800128;0;0;0;0;0;0;0;0;0;0;0;2344;0;0;133;0;122;0;
19972;5297675;1249800192;21696512;1434800128;0;0;0;0;0;0;0;0;0;0;0;2304;0;0;133;0;122;0;
19973;4937730;1249800192;21696512;1434800128;0;0;0;0;0;0;0;0;0;0;0;3566;0;0;133;0;122;0;
19974;4510969;1249800192;21696512;1434800128;0;0;0;0;0;0;0;0;0;0;0;2214;0;0;133;0;122;0;
19975;4245372;1249869824;21688320;1434791936;0;0;0;0;0;0;0;0;0;0;0;2716;0;0;133;0;122;0;
19976;6157317;1249869824;21688320;1434791936;0;0;0;0;0;0;0;0;0;0;0;2435;0;0;133;0;122;0;
19977;4143331;1249869824;21688320;1434791936;0;0;0;0;0;0;0;0;0;0;0;2525;0;0;133;0;122;0;
19978;5402783;1249869824;21688320;1434791936;0;0;0;0;0;0;0;0;0;0;0;2515;0;0;133;0;122;0;
19979;4431551;1249869824;21688320;1434791936;0;0;0;0;0;0;0;0;0;0;0;2745;0;0;133;0;122;0;
19980;4788961;1249869824;21688320;1434791936;0;0;0;0;0;0;0;0;0;0;0;2395;0;0;133;0;122;0;
19981;4904948;1249869824;21688320;1434791936;0;0;0;0;0;0;0;0;0;0;0;3036;0;0;133;0;122;0;
19982;5332691;1249869824;21688320;1434791936;0;0;0;0;0;0;0;0;0;0;0;2194;0;0;133;0;122;0;
19983;5197127;1249869824;21688320;1434791936;0;0;0;0;0;0;0;0;0;0;0;3236;0;0;133;0;122;0;
19984;5622554;1249869824;21688320;1434791936;0;0;0;0;0;0;0;0;0;0;0;2825;0;0;133;0;122;0;
19985;4577986;1249869824;21688320;1434791936;0;0;0;0;0;0;0;0;0;0;0;37019;0;0;133;0;122;0;
19986;4827173;1249869824;21688320;1434791936;0;0;0;0;0;0;0;0;0;0;0;2415;0;0;133;0;122;0;
19987;3695190;1249869824;21688320;1434791936;0;0;0;0;0;0;0;0;0;0;0;3356;0;0;133;0;122;0;
19988;5224388;1249869824;21688320;1434791936;0;0;0;0;0;0;0;0;0;0;0;2675;0;0;133;0;122;0;
19989;4259278;1249869824;21688320;1434791936;0;0;0;0;0;0;0;0;0;0;0;2806;0;0;133;0;122;0;
19990;5487592;1249869824;21688320;1434791936;0;0;0;0;0;0;0;0;0;0;0;2645;0;0;133;0;122;0;
19991;2741331;1249869824;21688320;1434791936;0;0;0;0;0;0;0;0;0;0;0;3226;0;0;133;0;122;0;
19992;4730572;1249869824;21688320;1434791936;0;0;0;0;0;0;0;0;0;0;0;1933;0;0;133;0;122;0;
19993;4986171;1249869824;21688320;1434791936;0;0;0;0;0;0;0;0;0;0;0;2665;0;0;133;0;122;0;
19994;8184509;1249869824;21688320;1434791936;0;0;0;0;0;0;0;0;0;0;0;3516;0;0;133;0;122;0;
19995;4088368;1249869824;21688320;1434791936;0;0;0;0;0;0;0;0;0;0;0;2625;0;0;133;0;122;0;
19996;6333087;1249869824;21688320;1434791936;0;0;0;0;0;0;0;0;0;0;0;3486;0;0;133;0;122;0;
19997;4956425;1249869824;21688320;1434791936;0;0;0;0;0;0;0;0;0;0;0;4078;0;0;133;0;122;0;
19998;6130847;1249869824;21688320;1434791936;0;0;0;0;0;0;0;0;0;0;0;3086;0;0;133;0;122;0;
19999;4897685;1249869824;21688320;1434791936;0;0;0;0;0;0;0;0;0;0;0;3437;0;0;133;0;122;0;
20000;4727165;1249869824;21688320;1434791936;0;0;0;0;0;0;0;0;0;0;0;2665;0;0;133;0;122;0;
20001;4954552;1249869824;21688320;1434791936;0;0;0;0;0;0;0;0;0;0;0;198122;0;0;133;0;122;0;
20002;5964215;1249869824;21688320;1434791936;0;0;0;0;0;0;0;0;0;0;0;2916;0;0;133;0;122;0;
20003;5384808;1249869824;21692416;1434796032;0;0;0;0;0;0;0;0;0;0;0;3025;0;0;133;0;122;0;
20004;5628796;1249869824;21692416;1434796032;0;0;0;0;0;0;0;0;0;0;0;3456;0;0;133;0;122;0;
20005;5564555;1249869824;21692416;1434796032;0;0;0;0;0;0;0;0;0;0;0;3607;0;0;133;0;122;0;
20006;5276415;1249869824;21692416;1434796032;0;0;0;0;0;0;0;0;0;0;0;2324;0;0;133;0;122;0;
20007;3767786;1249869824;21692416;1434796032;0;0;0;0;0;0;0;0;0;0;0;2936;0;0;133;0;122;0;
20008;4937630;1249869824;21692416;1434796032;0;0;0;0;0;0;0;0;0;0;0;2104;0;0;133;0;122;0;
20009;3682326;1249869824;21692416;1434796032;0;0;0;0;0;0;0;0;0;0;0;3026;0;0;133;0;122;0;
20010;5499393;1249869824;21692416;1434796032;0;0;0;0;0;0;0;0;0;0;0;2054;0;0;133;0;122;0;
20011;4046269;1249869824;21692416;1434796032;0;0;0;0;0;0;0;0;0;0;0;2685;0;0;133;0;122;0;
20012;5046404;1249869824;21692416;1434796032;0;0;0;0;0;0;0;0;0;0;0;2014;0;0;133;0;122;0;
20013;4756841;1249869824;21692416;1434796032;0;0;0;0;0;0;0;0;0;0;0;2705;0;0;133;0;122;0;
20014;5098622;1249869824;21692416;1434796032;0;0;0;0;0;0;0;0;0;0;0;2113;0;0;133;0;122;0;
20015;5303195;1249869824;21692416;1434796032;0;0;0;0;0;0;0;0;0;0;0;3206;0;0;133;0;122;0;
20016;5704087;1249869824;21692416;1434796032;0;0;0;0;0;0;0;0;0;0;0;2715;0;0;133;0;122;0;
20017;4658497;1249869824;21692416;1434796032;0;0;0;0;0;0;0;0;0;0;0;2855;0;0;133;0;122;0;
20018;5039280;1249869824;21692416;1434796032;0;0;0;0;0;0;0;0;0;0;0;2615;0;0;133;0;122;0;
20019;5183481;1249869824;21692416;1434796032;0;0;0;0;0;0;0;0;0;0;0;3136;0;0;133;0;122;0;
20020;4925166;1249869824;21692416;1434796032;0;0;0;0;0;0;0;0;0;0;0;2184;0;0;133;0;122;0;
20021;4562797;1249869824;21692416;1434796032;0;0;0;0;0;0;0;0;0;0;0;3006;0;0;133;0;122;0;
20022;5952313;1249869824;21692416;1434796032;0;0;0;0;0;0;0;0;0;0;0;2314;0;0;133;0;122;0;
20023;4368082;1249869824;21692416;1434796032;0;0;0;0;0;0;0;0;0;0;0;2955;0;0;133;0;122;0;
20024;6276080;1249869824;21692416;1434796032;0;0;0;0;0;0;0;0;0;0;0;3206;0;0;133;0;122;0;
20025;4242086;1249869824;21692416;1434796032;0;0;0;0;0;0;0;0;0;0;0;3246;0;0;133;0;122;0;
20026;6208814;1249869824;21692416;1434796032;0;0;0;0;0;0;0;0;0;0;0;2966;0;0;133;0;122;0;
20027;3635228;1249869824;21692416;1434796032;0;0;0;0;0;0;0;0;0;0;0;2886;0;0;133;0;122;0;
20028;6905911;1249869824;21692416;1434796032;0;0;0;0;0;0;0;0;0;0;0;2615;0;0;133;0;122;0;
20029;3279711;1249869824;21692416;1434796032;0;0;0;0;0;0;0;0;0;0;0;2655;0;0;133;0;122;0;
20030;6425180;1249869824;21692416;1434796032;0;0;0;0;0;0;0;0;0;0;0;2655;0;0;133;0;122;0;
20031;3517366;1249869824;21692416;1434796032;0;0;0;0;0;0;0;0;0;0;0;2925;0;0;133;0;122;0;
20032;5119411;1249869824;21692416;1434796032;0;0;0;0;0;0;0;0;0;0;0;3386;0;0;133;0;122;0;
20033;4476405;1249869824;21692416;1434796032;0;0;0;0;0;0;0;0;0;0;0;3437;0;0;133;0;122;0;
20034;5510434;1249869824;21692416;1434796032;0;0;0;0;0;0;0;0;0;0;0;2274;0;0;133;0;122;0;
20035;5281334;1249869824;21692416;1434796032;0;0;0;0;0;0;0;0;0;0;0;3537;0;0;133;0;122;0;
20036;6528142;1249869824;21692416;1434796032;0;0;0;0;0;0;0;0;0;0;0;2425;0;0;133;0;122;0;
20037;3563553;1249869824;21692416;1434796032;0;0;0;0;0;0;0;0;0;0;0;2464;0;0;133;0;122;0;
20038;5628275;1249869824;21692416;1434796032;0;0;0;0;0;0;0;0;0;0;0;2214;0;0;133;0;122;0;
20039;3898732;1249869824;21692416;1434796032;0;0;0;0;0;0;0;0;0;0;0;2675;0;0;133;0;122;0;
20040;5173262;1249869824;21692416;1434796032;0;0;0;0;0;0;0;0;0;0;0;2365;0;0;133;0;122;0;
20041;4467458;1249869824;21692416;1434796032;0;0;0;0;0;0;0;0;0;0;0;2996;0;0;133;0;122;0;
20042;5426066;1249869824;21692416;1434796032;0;0;0;0;0;0;0;0;0;0;0;2615;0;0;133;0;122;0;
20043;4058130;1249869824;21692416;1434796032;0;0;0;0;0;0;0;0;0;0;0;3066;0;0;133;0;122;0;
20044;5691183;1249869824;21692416;1434796032;0;0;0;0;0;0;0;0;0;0;0;2044;0;0;133;0;122;0;
20045;3729524;1249869824;21692416;1434796032;0;0;0;0;0;0;0;0;0;0;0;2915;0;0;133;0;122;0;
20046;4850266;1249869824;21692416;1434796032;0;0;0;0;0;0;0;0;0;0;0;1904;0;0;133;0;122;0;
20047;3796640;1249869824;21692416;1434796032;0;0;0;0;0;0;0;0;0;0;0;2144;0;0;133;0;122;0;
20048;5296172;1249869824;21692416;1434796032;0;0;0;0;0;0;0;0;0;0;0;1663;0;0;133;0;122;0;
20049;4026351;1249869824;21692416;1434796032;0;0;0;0;0;0;0;0;0;0;0;3397;0;0;133;0;122;0;
20050;4979759;1249869824;21692416;1434796032;0;0;0;0;0;0;0;0;0;0;0;2124;0;0;133;0;122;0;
20051;3662719;1249869824;21692416;1434796032;0;0;0;0;0;0;0;0;0;0;0;2454;0;0;133;0;122;0;
20052;6177675;1249869824;21692416;1434796032;0;0;0;0;0;0;0;0;0;0;0;2895;0;0;133;0;122;0;
20053;3480687;1249869824;21692416;1434796032;0;0;0;0;0;0;0;0;0;0;0;3146;0;0;133;0;122;0;
20054;5841606;1249869824;21692416;1434796032;0;0;0;0;0;0;0;0;0;0;0;2955;0;0;133;0;122;0;
20055;2826311;1249869824;21692416;1434796032;0;0;0;0;0;0;0;0;0;0;0;2715;0;0;133;0;122;0;
20056;6587083;1249869824;21692416;1434796032;0;0;0;0;0;0;0;0;0;0;0;3426;0;0;133;0;122;0;
20057;3640878;1249869824;21692416;1434796032;0;0;0;0;0;0;0;0;0;0;0;2856;0;0;133;0;122;0;
20058;6587033;1249869824;21692416;1434796032;0;0;0;0;0;0;0;0;0;0;0;7314;0;0;133;0;122;0;
20059;5580967;1249869824;21692416;1434796032;0;0;0;0;0;0;0;0;0;0;0;4278;0;0;133;0;122;0;
20060;7284191;1249869824;21692416;1434796032;0;0;0;0;0;0;0;0;0;0;0;3506;0;0;133;0;122;0;
20061;4022945;1249869824;21692416;1434796032;0;0;0;0;0;0;0;0;0;0;0;3126;0;0;133;0;122;0;
20062;7297305;1249869824;21692416;1434796032;0;0;0;0;0;0;0;0;0;0;0;4659;0;0;133;0;122;0;
20063;5472854;1249869824;21692416;1434796032;0;0;0;0;0;0;0;0;0;0;0;3226;0;0;133;0;122;0;
20064;6346401;1249869824;21692416;1434796032;0;0;0;0;0;0;0;0;0;0;0;3076;0;0;133;0;122;0;
20065;4101732;1249869824;21692416;1434796032;0;0;0;0;0;0;0;0;0;0;0;2885;0;0;133;0;122;0;
20066;6255652;1249869824;21692416;1434796032;0;0;0;0;0;0;0;0;0;0;0;3256;0;0;133;0;122;0;
20067;3978361;1249869824;21692416;1434796032;0;0;0;0;0;0;0;0;0;0;0;4128;0;0;133;0;122;0;
20068;6766790;1249869824;21696512;1434800128;0;0;0;0;0;0;0;0;0;0;0;3587;0;0;133;0;122;0;
20069;8678085;1249869824;21700608;1434804224;0;0;0;0;0;0;0;0;0;0;0;3927;0;0;133;0;122;0;
20070;4720462;1249869824;21700608;1434804224;0;0;0;0;0;0;0;0;0;0;0;2905;0;0;133;0;122;0;
20071;5226442;1249869824;21700608;1434804224;0;0;0;0;0;0;0;0;0;0;0;3276;0;0;133;0;122;0;
20072;5291764;1249869824;21700608;1434804224;0;0;0;0;0;0;0;0;0;0;0;2716;0;0;133;0;122;0;
20073;3917396;1249869824;21700608;1434804224;0;0;0;0;0;0;0;0;0;0;0;3206;0;0;133;0;122;0;
20074;5702214;1249869824;21700608;1434804224;0;0;0;0;0;0;0;0;0;0;0;2886;0;0;133;0;122;0;
20075;4721385;1249906688;21692416;1434796032;0;0;0;0;0;0;0;0;0;0;0;2915;0;0;133;0;122;0;
20076;4911411;1249906688;21692416;1434796032;0;0;0;0;0;0;0;0;0;0;0;2225;0;0;133;0;122;0;
20077;4946226;1249906688;21692416;1434796032;0;0;0;0;0;0;0;0;0;0;0;2895;0;0;133;0;122;0;
20078;4507954;1249906688;21692416;1434796032;0;0;0;0;0;0;0;0;0;0;0;2124;0;0;133;0;122;0;
20079;4667603;1249906688;21692416;1434796032;0;0;0;0;0;0;0;0;0;0;0;3818;0;0;133;0;122;0;
20080;5363930;1249906688;21692416;1434796032;0;0;0;0;0;0;0;0;0;0;0;2805;0;0;133;0;122;0;
20081;5553325;1249906688;21692416;1434796032;0;0;0;0;0;0;0;0;0;0;0;3377;0;0;133;0;122;0;
20082;4715343;1249906688;21692416;1434796032;0;0;0;0;0;0;0;0;0;0;0;1814;0;0;133;0;122;0;
20083;5151812;1249906688;21692416;1434796032;0;0;0;0;0;0;0;0;0;0;0;3357;0;0;133;0;122;0;
20084;4773833;1249906688;21692416;1434796032;0;0;0;0;0;0;0;0;0;0;0;2665;0;0;133;0;122;0;
20085;10491876;1249906688;21692416;1434796032;0;0;0;0;0;0;0;0;0;0;0;3085;0;0;133;0;122;0;
20086;7979505;1249906688;21692416;1434796032;0;0;0;0;0;0;0;0;0;0;0;1893;0;0;133;0;122;0;
20087;3505815;1249906688;21692416;1434796032;0;0;0;0;0;0;0;0;0;0;0;2655;0;0;133;0;122;0;
20088;5193510;1249906688;21692416;1434796032;0;0;0;0;0;0;0;0;0;0;0;2314;0;0;133;0;122;0;
20089;5114151;1249906688;21692416;1434796032;0;0;0;0;0;0;0;0;0;0;0;4088;0;0;133;0;122;0;
20090;5703457;1249906688;21692416;1434796032;0;0;0;0;0;0;0;0;0;0;0;2224;0;0;133;0;122;0;
20091;3752277;1249906688;21692416;1434796032;0;0;0;0;0;0;0;0;0;0;0;3206;0;0;133;0;122;0;
20092;5155789;1249906688;21692416;1434796032;0;0;0;0;0;0;0;0;0;0;0;2074;0;0;133;0;122;0;
20093;4020981;1249906688;21692416;1434796032;0;0;0;0;0;0;0;0;0;0;0;3396;0;0;133;0;122;0;
20094;4703811;1249906688;21692416;1434796032;0;0;0;0;0;0;0;0;0;0;0;2284;0;0;133;0;122;0;
20095;4020631;1249906688;21692416;1434796032;0;0;0;0;0;0;0;0;0;0;0;2695;0;0;133;0;122;0;
20096;4659268;1249906688;21692416;1434796032;0;0;0;0;0;0;0;0;0;0;0;2094;0;0;133;0;122;0;
20097;4806033;1249906688;21692416;1434796032;0;0;0;0;0;0;0;0;0;0;0;3527;0;0;133;0;122;0;
20098;4649790;1249906688;21692416;1434796032;0;0;0;0;0;0;0;0;0;0;0;2104;0;0;133;0;122;0;
20099;4711115;1249906688;21692416;1434796032;0;0;0;0;0;0;0;0;0;0;0;3076;0;0;133;0;122;0;
20100;4903305;1249906688;21692416;1434796032;0;0;0;0;0;0;0;0;0;0;0;3186;0;0;133;0;122;0;
20101;4005762;1249906688;21692416;1434796032;0;0;0;0;0;0;0;0;0;0;0;2856;0;0;133;0;122;0;
20102;5936724;1249906688;21692416;1434796032;0;0;0;0;0;0;0;0;0;0;0;3326;0;0;133;0;122;0;
20103;4743586;1249906688;21692416;1434796032;0;0;0;0;0;0;0;0;0;0;0;3447;0;0;133;0;122;0;
20104;5725727;1249906688;21692416;1434796032;0;0;0;0;0;0;0;0;0;0;0;2235;0;0;133;0;122;0;
20105;4854254;1249906688;21692416;1434796032;0;0;0;0;0;0;0;0;0;0;0;3446;0;0;133;0;122;0;
20106;5754282;1249906688;21692416;1434796032;0;0;0;0;0;0;0;0;0;0;0;3407;0;0;133;0;122;0;
20107;4446419;1249906688;21692416;1434796032;0;0;0;0;0;0;0;0;0;0;0;3818;0;0;133;0;122;0;
20108;6643008;1249906688;21692416;1434796032;0;0;0;0;0;0;0;0;0;0;0;3427;0;0;133;0;122;0;
20109;5039811;1249906688;21692416;1434796032;0;0;0;0;0;0;0;0;0;0;0;4098;0;0;133;0;122;0;
20110;5473585;1249906688;21692416;1434796032;0;0;0;0;0;0;0;0;0;0;0;3036;0;0;133;0;122;0;
20111;4709142;1249906688;21692416;1434796032;0;0;0;0;0;0;0;0;0;0;0;3957;0;0;133;0;122;0;
20112;6028286;1249906688;21692416;1434796032;0;0;0;0;0;0;0;0;0;0;0;3045;0;0;133;0;122;0;
20113;3942193;1249906688;21692416;1434796032;0;0;0;0;0;0;0;0;0;0;0;4018;0;0;133;0;122;0;
20114;5414765;1249906688;21692416;1434796032;0;0;0;0;0;0;0;0;0;0;0;2925;0;0;133;0;122;0;
20115;4635584;1249906688;21692416;1434796032;0;0;0;0;0;0;0;0;0;0;0;2856;0;0;133;0;122;0;
20116;5593149;1249906688;21692416;1434796032;0;0;0;0;0;0;0;0;0;0;0;2334;0;0;133;0;122;0;
20117;4980841;1249906688;21692416;1434796032;0;0;0;0;0;0;0;0;0;0;0;3096;0;0;133;0;122;0;
20118;6459023;1249906688;21692416;1434796032;0;0;0;0;0;0;0;0;0;0;0;2224;0;0;133;0;122;0;
20119;3949968;1249906688;21692416;1434796032;0;0;0;0;0;0;0;0;0;0;0;2956;0;0;133;0;122;0;
20120;5598349;1249906688;21692416;1434796032;0;0;0;0;0;0;0;0;0;0;0;2675;0;0;133;0;122;0;
20121;4358073;1249906688;21692416;1434796032;0;0;0;0;0;0;0;0;0;0;0;2795;0;0;133;0;122;0;
20122;4782208;1249906688;21692416;1434796032;0;0;0;0;0;0;0;0;0;0;0;1884;0;0;133;0;122;0;
20123;4932019;1249906688;21692416;1434796032;0;0;0;0;0;0;0;0;0;0;0;2454;0;0;133;0;122;0;
20124;5812661;1249906688;21692416;1434796032;0;0;0;0;0;0;0;0;0;0;0;3006;0;0;133;0;122;0;
20125;3774498;1249906688;21692416;1434796032;0;0;0;0;0;0;0;0;0;0;0;3677;0;0;133;0;122;0;
20126;5211414;1249906688;21692416;1434796032;0;0;0;0;0;0;0;0;0;0;0;2585;0;0;133;0;122;0;
20127;4628981;1249906688;21692416;1434796032;0;0;0;0;0;0;0;0;0;0;0;2614;0;0;133;0;122;0;
20128;6185239;1249906688;21692416;1434796032;0;0;0;0;0;0;0;0;0;0;0;3567;0;0;133;0;122;0;
20129;3609549;1249906688;21692416;1434796032;0;0;0;0;0;0;0;0;0;0;0;3576;0;0;133;0;122;0;
20130;5829803;1249906688;21692416;1434796032;0;0;0;0;0;0;0;0;0;0;0;3677;0;0;133;0;122;0;
20131;3054829;1249906688;21692416;1434796032;0;0;0;0;0;0;0;0;0;0;0;3046;0;0;133;0;122;0;
20132;6912945;1249906688;21692416;1434796032;0;0;0;0;0;0;0;0;0;0;0;3427;0;0;133;0;122;0;
20133;4184698;1249906688;21692416;1434796032;0;0;0;0;0;0;0;0;0;0;0;3025;0;0;133;0;122;0;
20134;6119336;1249906688;21692416;1434796032;0;0;0;0;0;0;0;0;0;0;0;3807;0;0;133;0;122;0;
20135;3483282;1249906688;21692416;1434796032;0;0;0;0;0;0;0;0;0;0;0;3797;0;0;133;0;122;0;
20136;6175512;1249906688;21692416;1434796032;0;0;0;0;0;0;0;0;0;0;0;2145;0;0;133;0;122;0;
20137;3244845;1249906688;21692416;1434796032;0;0;0;0;0;0;0;0;0;0;0;3125;0;0;133;0;122;0;
20138;5341337;1249906688;21692416;1434796032;0;0;0;0;0;0;0;0;0;0;0;2975;0;0;133;0;122;0;
20139;3521694;1249906688;21692416;1434796032;0;0;0;0;0;0;0;0;0;0;0;3246;0;0;133;0;122;0;
20140;5171899;1249906688;21692416;1434796032;0;0;0;0;0;0;0;0;0;0;0;2465;0;0;133;0;122;0;
20141;3828550;1249906688;21692416;1434796032;0;0;0;0;0;0;0;0;0;0;0;3837;0;0;133;0;122;0;
20142;5144979;1249906688;21692416;1434796032;0;0;0;0;0;0;0;0;0;0;0;2024;0;0;133;0;122;0;
20143;3479525;1249906688;21692416;1434796032;0;0;0;0;0;0;0;0;0;0;0;3136;0;0;133;0;122;0;
20144;5678389;1249906688;21692416;1434796032;0;0;0;0;0;0;0;0;0;0;0;2585;0;0;133;0;122;0;
20145;3662749;1249906688;21692416;1434796032;0;0;0;0;0;0;0;0;0;0;0;3427;0;0;133;0;122;0;
20146;4890381;1249906688;21692416;1434796032;0;0;0;0;0;0;0;0;0;0;0;2174;0;0;133;0;122;0;
20147;3589100;1249906688;21692416;1434796032;0;0;0;0;0;0;0;0;0;0;0;2404;0;0;133;0;122;0;
20148;4975682;1249906688;21692416;1434796032;0;0;0;0;0;0;0;0;0;0;0;2374;0;0;133;0;122;0;
20149;3715077;1249906688;21692416;1434796032;0;0;0;0;0;0;0;0;0;0;0;2875;0;0;133;0;122;0;
20150;5163654;1249906688;21692416;1434796032;0;0;0;0;0;0;0;0;0;0;0;2214;0;0;133;0;122;0;
20151;3023951;1249906688;21692416;1434796032;0;0;0;0;0;0;0;0;0;0;0;3286;0;0;133;0;122;0;
20152;4587293;1249906688;21692416;1434796032;0;0;0;0;0;0;0;0;0;0;0;1973;0;0;133;0;122;0;
20153;3497049;1249906688;21692416;1434796032;0;0;0;0;0;0;0;0;0;0;0;3347;0;0;133;0;122;0;
20154;5216703;1249906688;21692416;1434796032;0;0;0;0;0;0;0;0;0;0;0;2154;0;0;133;0;122;0;
20155;3363808;1249906688;21692416;1434796032;0;0;0;0;0;0;0;0;0;0;0;3286;0;0;133;0;122;0;
20156;4833946;1249906688;21692416;1434796032;0;0;0;0;0;0;0;0;0;0;0;1903;0;0;133;0;122;0;
20157;3417249;1249906688;21692416;1434796032;0;0;0;0;0;0;0;0;0;0;0;3065;0;0;133;0;122;0;
20158;4955834;1249906688;21692416;1434796032;0;0;0;0;0;0;0;0;0;0;0;2154;0;0;133;0;122;0;
20159;3526815;1249906688;21692416;1434796032;0;0;0;0;0;0;0;0;0;0;0;3577;0;0;133;0;122;0;
20160;4888968;1249906688;21692416;1434796032;0;0;0;0;0;0;0;0;0;0;0;1764;0;0;133;0;122;0;
20161;3762406;1249906688;21692416;1434796032;0;0;0;0;0;0;0;0;0;0;0;3387;0;0;133;0;122;0;
20162;4896803;1249906688;21692416;1434796032;0;0;0;0;0;0;0;0;0;0;0;2264;0;0;133;0;122;0;
20163;3328231;1249906688;21692416;1434796032;0;0;0;0;0;0;0;0;0;0;0;2565;0;0;133;0;122;0;
20164;5379258;1249906688;21692416;1434796032;0;0;0;0;0;0;0;0;0;0;0;2275;0;0;133;0;122;0;
20165;3373747;1249906688;21692416;1434796032;0;0;0;0;0;0;0;0;0;0;0;3176;0;0;133;0;122;0;
20166;5597016;1249906688;21692416;1434796032;0;0;0;0;0;0;0;0;0;0;0;1843;0;0;133;0;122;0;
20167;3900014;1249906688;21692416;1434796032;0;0;0;0;0;0;0;0;0;0;0;2705;0;0;133;0;122;0;
20168;5394307;1249906688;21692416;1434796032;0;0;0;0;0;0;0;0;0;0;0;3166;0;0;133;0;122;0;
20169;3371493;1249906688;21692416;1434796032;0;0;0;0;0;0;0;0;0;0;0;3487;0;0;133;0;122;0;
20170;5899183;1249906688;21692416;1434796032;0;0;0;0;0;0;0;0;0;0;0;2675;0;0;133;0;122;0;
20171;3504372;1249906688;21692416;1434796032;0;0;0;0;0;0;0;0;0;0;0;2655;0;0;133;0;122;0;
20172;5349122;1249906688;21692416;1434796032;0;0;0;0;0;0;0;0;0;0;0;2415;0;0;133;0;122;0;
20173;3228255;1249906688;21692416;1434796032;0;0;0;0;0;0;0;0;0;0;0;3557;0;0;133;0;122;0;
20174;4992192;1249906688;21692416;1434796032;0;0;0;0;0;0;0;0;0;0;0;3296;0;0;133;0;122;0;
20175;2945664;1249906688;21692416;1434796032;0;0;0;0;0;0;0;0;0;0;0;2685;0;0;133;0;122;0;
20176;5109602;1249906688;21692416;1434796032;0;0;0;0;0;0;0;0;0;0;0;4508;0;0;133;0;122;0;
20177;3261587;1249906688;21692416;1434796032;0;0;0;0;0;0;0;0;0;0;0;3517;0;0;133;0;122;0;
20178;5029392;1249906688;21692416;1434796032;0;0;0;0;0;0;0;0;0;0;0;3246;0;0;133;0;122;0;
20179;3186957;1249906688;21692416;1434796032;0;0;0;0;0;0;0;0;0;0;0;3576;0;0;133;0;122;0;
20180;4811964;1249906688;21692416;1434796032;0;0;0;0;0;0;0;0;0;0;0;2614;0;0;133;0;122;0;
20181;3613046;1249906688;21692416;1434796032;0;0;0;0;0;0;0;0;0;0;0;2826;0;0;133;0;122;0;
20182;5118148;1249906688;21692416;1434796032;0;0;0;0;0;0;0;0;0;0;0;2104;0;0;133;0;122;0;
20183;3706421;1249906688;21692416;1434796032;0;0;0;0;0;0;0;0;0;0;0;2255;0;0;133;0;122;0;
20184;5117758;1249906688;21692416;1434796032;0;0;0;0;0;0;0;0;0;0;0;2685;0;0;133;0;122;0;
20185;3151430;1249906688;21692416;1434796032;0;0;0;0;0;0;0;0;0;0;0;3827;0;0;133;0;122;0;
20186;5699388;1249906688;21692416;1434796032;0;0;0;0;0;0;0;0;0;0;0;2825;0;0;133;0;122;0;
20187;2957697;1249906688;21692416;1434796032;0;0;0;0;0;0;0;0;0;0;0;3026;0;0;133;0;122;0;
20188;4909417;1249906688;21692416;1434796032;0;0;0;0;0;0;0;0;0;0;0;8316;0;0;133;0;122;0;
20189;3697735;1249906688;21692416;1434796032;0;0;0;0;0;0;0;0;0;0;0;3406;0;0;133;0;122;0;
20190;4878158;1249906688;21692416;1434796032;0;0;0;0;0;0;0;0;0;0;0;2585;0;0;133;0;122;0;
20191;3372284;1249906688;21692416;1434796032;0;0;0;0;0;0;0;0;0;0;0;2876;0;0;133;0;122;0;
20192;4765738;1249906688;21692416;1434796032;0;0;0;0;0;0;0;0;0;0;0;2354;0;0;133;0;122;0;
20193;4244410;1249906688;21692416;1434796032;0;0;0;0;0;0;0;0;0;0;0;2926;0;0;133;0;122;0;
20194;5813913;1249906688;21692416;1434796032;0;0;0;0;0;0;0;0;0;0;0;2244;0;0;133;0;122;0;
20195;3402621;1249906688;21692416;1434796032;0;0;0;0;0;0;0;0;0;0;0;3317;0;0;133;0;122;0;
20196;5788275;1249906688;21692416;1434796032;0;0;0;0;0;0;0;0;0;0;0;2745;0;0;133;0;122;0;
20197;3217073;1249906688;21692416;1434796032;0;0;0;0;0;0;0;0;0;0;0;3536;0;0;133;0;122;0;
20198;5324245;1249906688;21692416;1434796032;0;0;0;0;0;0;0;0;0;0;0;2464;0;0;133;0;122;0;
20199;4378943;1249906688;21692416;1434796032;0;0;0;0;0;0;0;0;0;0;0;3486;0;0;133;0;122;0;
20200;5698898;1249906688;21692416;1434796032;0;0;0;0;0;0;0;0;0;0;0;2665;0;0;133;0;122;0;
20201;4089279;1249906688;21692416;1434796032;0;0;0;0;0;0;0;0;0;0;0;3526;0;0;133;0;122;0;
20202;6398680;1249906688;21692416;1434796032;0;0;0;0;0;0;0;0;0;0;0;2265;0;0;133;0;122;0;
20203;3351806;1249906688;21692416;1434796032;0;0;0;0;0;0;0;0;0;0;0;3677;0;0;133;0;122;0;
20204;5793966;1249906688;21692416;1434796032;0;0;0;0;0;0;0;0;0;0;0;3837;0;0;133;0;122;0;
20205;3532705;1249906688;21692416;1434796032;0;0;0;0;0;0;0;0;0;0;0;3036;0;0;133;0;122;0;
20206;5482792;1249906688;21692416;1434796032;0;0;0;0;0;0;0;0;0;0;0;2475;0;0;133;0;122;0;
20207;3437416;1249906688;21692416;1434796032;0;0;0;0;0;0;0;0;0;0;0;3446;0;0;133;0;122;0;
20208;5722782;1249906688;21692416;1434796032;0;0;0;0;0;0;0;0;0;0;0;3156;0;0;133;0;122;0;
20209;3207976;1249906688;21692416;1434796032;0;0;0;0;0;0;0;0;0;0;0;3607;0;0;133;0;122;0;
20210;4610757;1249906688;21692416;1434796032;0;0;0;0;0;0;0;0;0;0;0;2936;0;0;133;0;122;0;
20211;3848718;1249906688;21692416;1434796032;0;0;0;0;0;0;0;0;0;0;0;3186;0;0;133;0;122;0;
20212;7044682;1249906688;21692416;1434796032;0;0;0;0;0;0;0;0;0;0;0;3116;0;0;133;0;122;0;
20213;5956862;1249906688;21692416;1434796032;0;0;0;0;0;0;0;0;0;0;0;3858;0;0;133;0;122;0;
20214;5923870;1249906688;21692416;1434796032;0;0;0;0;0;0;0;0;0;0;0;3827;0;0;133;0;122;0;
20215;4997082;1249906688;21692416;1434796032;0;0;0;0;0;0;0;0;0;0;0;3807;0;0;133;0;122;0;
20216;6932191;1249906688;21692416;1434796032;0;0;0;0;0;0;0;0;0;0;0;4218;0;0;133;0;122;0;
20217;4727847;1249906688;21692416;1434796032;0;0;0;0;0;0;0;0;0;0;0;3727;0;0;133;0;122;0;
20218;7305721;1249906688;21692416;1434796032;0;0;0;0;0;0;0;0;0;0;0;3717;0;0;133;0;122;0;
20219;3643142;1249906688;21692416;1434796032;0;0;0;0;0;0;0;0;0;0;0;3366;0;0;133;0;122;0;
20220;6233420;1249906688;21692416;1434796032;0;0;0;0;0;0;0;0;0;0;0;3948;0;0;133;0;122;0;
20221;4776268;1249906688;21692416;1434796032;0;0;0;0;0;0;0;0;0;0;0;4378;0;0;133;0;122;0;
20222;5575526;1249906688;21692416;1434796032;0;0;0;0;0;0;0;0;0;0;0;2505;0;0;133;0;122;0;
20223;5351436;1249906688;21692416;1434796032;0;0;0;0;0;0;0;0;0;0;0;3777;0;0;133;0;122;0;
20224;6365988;1249906688;21692416;1434796032;0;0;0;0;0;0;0;0;0;0;0;3306;0;0;133;0;122;0;
20225;6096052;1249906688;21692416;1434796032;0;0;0;0;0;0;0;0;0;0;0;3206;0;0;133;0;122;0;
20226;5401019;1249906688;21692416;1434796032;0;0;0;0;0;0;0;0;0;0;0;3316;0;0;133;0;122;0;
20227;4407075;1249906688;21692416;1434796032;0;0;0;0;0;0;0;0;0;0;0;2725;0;0;133;0;122;0;
20228;6388010;1249906688;21692416;1434796032;0;0;0;0;0;0;0;0;0;0;0;3597;0;0;133;0;122;0;
20229;5937044;1249906688;21692416;1434796032;0;0;0;0;0;0;0;0;0;0;0;3236;0;0;133;0;122;0;
20230;6369796;1249906688;21692416;1434796032;0;0;0;0;0;0;0;0;0;0;0;3987;0;0;133;0;122;0;
20231;5697415;1249906688;21692416;1434796032;0;0;0;0;0;0;0;0;0;0;0;4819;0;0;133;0;122;0;
20232;5617925;1249906688;21692416;1434796032;0;0;0;0;0;0;0;0;0;0;0;3467;0;0;133;0;122;0;
20233;6735121;1249906688;21692416;1434796032;0;0;0;0;0;0;0;0;0;0;0;5290;0;0;133;0;122;0;
20234;5559597;1249906688;21692416;1434796032;0;0;0;0;0;0;0;0;0;0;0;3426;0;0;133;0;122;0;
20235;5621052;1249906688;21692416;1434796032;0;0;0;0;0;0;0;0;0;0;0;4028;0;0;133;0;122;0;
20236;6940136;1249906688;21692416;1434796032;0;0;0;0;0;0;0;0;0;0;0;3426;0;0;133;0;122;0;
20237;6031241;1249906688;21692416;1434796032;0;0;0;0;0;0;0;0;0;0;0;2364;0;0;133;0;122;0;
20238;6700246;1249906688;21692416;1434796032;0;0;0;0;0;0;0;0;0;0;0;3046;0;0;133;0;122;0;
20239;5494985;1249906688;21692416;1434796032;0;0;0;0;0;0;0;0;0;0;0;3587;0;0;133;0;122;0;
20240;5658502;1249906688;21692416;1434796032;0;0;0;0;0;0;0;0;0;0;0;2494;0;0;133;0;122;0;
20241;3764279;1249906688;21692416;1434796032;0;0;0;0;0;0;0;0;0;0;0;3928;0;0;133;0;122;0;
20242;6284506;1249906688;21692416;1434796032;0;0;0;0;0;0;0;0;0;0;0;2875;0;0;133;0;122;0;
20243;4269918;1249906688;21692416;1434796032;0;0;0;0;0;0;0;0;0;0;0;4117;0;0;133;0;122;0;
20244;7117077;1249906688;21692416;1434796032;0;0;0;0;0;0;0;0;0;0;0;4889;0;0;133;0;122;0;
20245;5391230;1249906688;21692416;1434796032;0;0;0;0;0;0;0;0;0;0;0;3617;0;0;133;0;122;0;
20246;6349467;1249906688;21692416;1434796032;0;0;0;0;0;0;0;0;0;0;0;3917;0;0;133;0;122;0;
20247;4781057;1249906688;21692416;1434796032;0;0;0;0;0;0;0;0;0;0;0;5120;0;0;133;0;122;0;
20248;6633080;1249906688;21692416;1434796032;0;0;0;0;0;0;0;0;0;0;0;3226;0;0;133;0;122;0;
20249;5637082;1249906688;21692416;1434796032;0;0;0;0;0;0;0;0;0;0;0;3447;0;0;133;0;122;0;
20250;5832097;1249906688;21692416;1434796032;0;0;0;0;0;0;0;0;0;0;0;2946;0;0;133;0;122;0;
20251;5630790;1249906688;21692416;1434796032;0;0;0;0;0;0;0;0;0;0;0;2525;0;0;133;0;122;0;
20252;6174700;1249906688;21692416;1434796032;0;0;0;0;0;0;0;0;0;0;0;3727;0;0;133;0;122;0;
20253;5170727;1249906688;21692416;1434796032;0;0;0;0;0;0;0;0;0;0;0;3317;0;0;133;0;122;0;
20254;6425140;1249906688;21692416;1434796032;0;0;0;0;0;0;0;0;0;0;0;3857;0;0;133;0;122;0;
20255;6120729;1249906688;21692416;1434796032;0;0;0;0;0;0;0;0;0;0;0;4117;0;0;133;0;122;0;
20256;6658127;1249906688;21692416;1434796032;0;0;0;0;0;0;0;0;0;0;0;3116;0;0;133;0;122;0;
20257;4773823;1249906688;21692416;1434796032;0;0;0;0;0;0;0;0;0;0;0;3817;0;0;133;0;122;0;
20258;6291408;1249906688;21692416;1434796032;0;0;0;0;0;0;0;0;0;0;0;4599;0;0;133;0;122;0;
20259;4938331;1249906688;21692416;1434796032;0;0;0;0;0;0;0;0;0;0;0;3838;0;0;133;0;122;0;
20260;6332807;1249906688;21692416;1434796032;0;0;0;0;0;0;0;0;0;0;0;3286;0;0;133;0;122;0;
20261;3956821;1249906688;21692416;1434796032;0;0;0;0;0;0;0;0;0;0;0;9338;0;0;133;0;122;0;
20262;6581283;1249906688;21692416;1434796032;0;0;0;0;0;0;0;0;0;0;0;3106;0;0;133;0;122;0;
20263;4707278;1249906688;21692416;1434796032;0;0;0;0;0;0;0;0;0;0;0;7404;0;0;133;0;122;0;
20264;6130657;1249906688;21692416;1434796032;0;0;0;0;0;0;0;0;0;0;0;2495;0;0;133;0;122;0;
20265;4608343;1249906688;21692416;1434796032;0;0;0;0;0;0;0;0;0;0;0;3607;0;0;133;0;122;0;
20266;6093919;1249906688;21692416;1434796032;0;0;0;0;0;0;0;0;0;0;0;4138;0;0;133;0;122;0;
20267;4452049;1249906688;21692416;1434796032;0;0;0;0;0;0;0;0;0;0;0;4339;0;0;133;0;122;0;
20268;7209110;1249906688;21696512;1434800128;0;0;0;0;0;0;0;0;0;0;0;3286;0;0;133;0;122;0;
20269;4914677;1249906688;21700608;1434804224;0;0;0;0;0;0;0;0;0;0;0;3065;0;0;133;0;122;0;
20270;6191342;1249906688;21700608;1434804224;0;0;0;0;0;0;0;0;0;0;0;3837;0;0;133;0;122;0;
20271;4384954;1249906688;21700608;1434804224;0;0;0;0;0;0;0;0;0;0;0;4148;0;0;133;0;122;0;
20272;6810954;1249906688;21700608;1434804224;0;0;0;0;0;0;0;0;0;0;0;4488;0;0;133;0;122;0;
20273;6401265;1249906688;21700608;1434804224;0;0;0;0;0;0;0;0;0;0;0;4379;0;0;133;0;122;0;
20274;6589108;1249906688;21700608;1434804224;0;0;0;0;0;0;0;0;0;0;0;3677;0;0;133;0;122;0;
20275;5973062;1249980416;21692416;1434796032;0;0;0;0;0;0;0;0;0;0;0;4077;0;0;133;0;122;0;
20276;6308300;1249980416;21692416;1434796032;0;0;0;0;0;0;0;0;0;0;0;3196;0;0;133;0;122;0;
20277;5594752;1249980416;21692416;1434796032;0;0;0;0;0;0;0;0;0;0;0;4438;0;0;133;0;122;0;
20278;6947931;1249980416;21692416;1434796032;0;0;0;0;0;0;0;0;0;0;0;3637;0;0;133;0;122;0;
20279;5450762;1249980416;21692416;1434796032;0;0;0;0;0;0;0;0;0;0;0;4869;0;0;133;0;122;0;
20280;7674924;1249980416;21692416;1434796032;0;0;0;0;0;0;0;0;0;0;0;3266;0;0;133;0;122;0;
20281;6446940;1249980416;21692416;1434796032;0;0;0;0;0;0;0;0;0;0;0;2785;0;0;133;0;122;0;
20282;8435029;1249980416;21692416;1434796032;0;0;0;0;0;0;0;0;0;0;0;2545;0;0;133;0;122;0;
20283;5178462;1249980416;21692416;1434796032;0;0;0;0;0;0;0;0;0;0;0;3757;0;0;133;0;122;0;
20284;7451946;1249980416;21692416;1434796032;0;0;0;0;0;0;0;0;0;0;0;3587;0;0;133;0;122;0;
20285;5182329;1249980416;21692416;1434796032;0;0;0;0;0;0;0;0;0;0;0;3587;0;0;133;0;122;0;
20286;6638660;1249980416;21692416;1434796032;0;0;0;0;0;0;0;0;0;0;0;3947;0;0;133;0;122;0;
20287;6033465;1249980416;21692416;1434796032;0;0;0;0;0;0;0;0;0;0;0;3487;0;0;133;0;122;0;
20288;7537335;1249980416;21692416;1434796032;0;0;0;0;0;0;0;0;0;0;0;2816;0;0;133;0;122;0;
20289;7069268;1249980416;21692416;1434796032;0;0;0;0;0;0;0;0;0;0;0;3907;0;0;133;0;122;0;
20290;7101118;1249980416;21692416;1434796032;0;0;0;0;0;0;0;0;0;0;0;4198;0;0;133;0;122;0;
20291;4884260;1249980416;21692416;1434796032;0;0;0;0;0;0;0;0;0;0;0;3116;0;0;133;0;122;0;
20292;7194983;1249980416;21692416;1434796032;0;0;0;0;0;0;0;0;0;0;0;5350;0;0;133;0;122;0;
20293;4537580;1249980416;21692416;1434796032;0;0;0;0;0;0;0;0;0;0;0;4208;0;0;133;0;122;0;
20294;5774279;1249980416;21692416;1434796032;0;0;0;0;0;0;0;0;0;0;0;4218;0;0;133;0;122;0;
20295;5276806;1249980416;21692416;1434796032;0;0;0;0;0;0;0;0;0;0;0;6061;0;0;133;0;122;0;
20296;7584874;1249980416;21692416;1434796032;0;0;0;0;0;0;0;0;0;0;0;5020;0;0;133;0;122;0;
20297;4728067;1249980416;21692416;1434796032;0;0;0;0;0;0;0;0;0;0;0;3848;0;0;133;0;122;0;
20298;7317383;1249980416;21692416;1434796032;0;0;0;0;0;0;0;0;0;0;0;4068;0;0;133;0;122;0;
20299;4806975;1249980416;21692416;1434796032;0;0;0;0;0;0;0;0;0;0;0;3437;0;0;133;0;122;0;
20300;7271898;1249980416;21692416;1434796032;0;0;0;0;0;0;0;0;0;0;0;3807;0;0;133;0;122;0;
20301;4367391;1249980416;21692416;1434796032;0;0;0;0;0;0;0;0;0;0;0;3366;0;0;133;0;122;0;
20302;6494550;1249980416;21692416;1434796032;0;0;0;0;0;0;0;0;0;0;0;2806;0;0;133;0;122;0;
20303;4779584;1249980416;21692416;1434796032;0;0;0;0;0;0;0;0;0;0;0;3687;0;0;133;0;122;0;
20304;6823136;1249980416;21692416;1434796032;0;0;0;0;0;0;0;0;0;0;0;3797;0;0;133;0;122;0;
20305;4681930;1249980416;21692416;1434796032;0;0;0;0;0;0;0;0;0;0;0;3396;0;0;133;0;122;0;
20306;6882928;1249980416;21692416;1434796032;0;0;0;0;0;0;0;0;0;0;0;4198;0;0;133;0;122;0;
20307;5743441;1249980416;21692416;1434796032;0;0;0;0;0;0;0;0;0;0;0;2985;0;0;133;0;122;0;
20308;6016373;1249980416;21692416;1434796032;0;0;0;0;0;0;0;0;0;0;0;2545;0;0;133;0;122;0;
20309;4939413;1249980416;21692416;1434796032;0;0;0;0;0;0;0;0;0;0;0;4198;0;0;133;0;122;0;
20310;7185615;1249980416;21692416;1434796032;0;0;0;0;0;0;0;0;0;0;0;3616;0;0;133;0;122;0;
20311;4721134;1249980416;21692416;1434796032;0;0;0;0;0;0;0;0;0;0;0;3497;0;0;133;0;122;0;
20312;7686555;1249980416;21692416;1434796032;0;0;0;0;0;0;0;0;0;0;0;4509;0;0;133;0;122;0;
20313;7513411;1249980416;21692416;1434796032;0;0;0;0;0;0;0;0;0;0;0;3877;0;0;133;0;122;0;
20314;6172275;1249980416;21692416;1434796032;0;0;0;0;0;0;0;0;0;0;0;3877;0;0;133;0;122;0;
20315;5584724;1249980416;21692416;1434796032;0;0;0;0;0;0;0;0;0;0;0;3747;0;0;133;0;122;0;
20316;7192449;1249980416;21692416;1434796032;0;0;0;0;0;0;0;0;0;0;0;4609;0;0;133;0;122;0;
20317;6605888;1249980416;21692416;1434796032;0;0;0;0;0;0;0;0;0;0;0;3717;0;0;133;0;122;0;
20318;7345797;1249980416;21692416;1434796032;0;0;0;0;0;0;0;0;0;0;0;3256;0;0;133;0;122;0;
20319;6018437;1249980416;21692416;1434796032;0;0;0;0;0;0;0;0;0;0;0;3737;0;0;133;0;122;0;
20320;6764146;1249980416;21692416;1434796032;0;0;0;0;0;0;0;0;0;0;0;3777;0;0;133;0;122;0;
20321;5787403;1249980416;21692416;1434796032;0;0;0;0;0;0;0;0;0;0;0;2835;0;0;133;0;122;0;
20322;7438039;1249980416;21692416;1434796032;0;0;0;0;0;0;0;0;0;0;0;3647;0;0;133;0;122;0;
20323;6769986;1249980416;21692416;1434796032;0;0;0;0;0;0;0;0;0;0;0;4037;0;0;133;0;122;0;
20324;5956821;1249980416;21692416;1434796032;0;0;0;0;0;0;0;0;0;0;0;4418;0;0;133;0;122;0;
20325;4363474;1249980416;21692416;1434796032;0;0;0;0;0;0;0;0;0;0;0;4038;0;0;133;0;122;0;
20326;6630886;1249980416;21692416;1434796032;0;0;0;0;0;0;0;0;0;0;0;3567;0;0;133;0;122;0;
20327;6052250;1249980416;21692416;1434796032;0;0;0;0;0;0;0;0;0;0;0;4107;0;0;133;0;122;0;
20328;5607797;1249980416;21692416;1434796032;0;0;0;0;0;0;0;0;0;0;0;3747;0;0;133;0;122;0;
20329;6834557;1249980416;21692416;1434796032;0;0;0;0;0;0;0;0;0;0;0;3667;0;0;133;0;122;0;
20330;9010969;1249980416;21692416;1434796032;0;0;0;0;0;0;0;0;0;0;0;4398;0;0;133;0;122;0;
20331;4632527;1249980416;21692416;1434796032;0;0;0;0;0;0;0;0;0;0;0;4599;0;0;133;0;122;0;
20332;8383663;1249980416;21692416;1434796032;0;0;0;0;0;0;0;0;0;0;0;4037;0;0;133;0;122;0;
20333;5675443;1249980416;21692416;1434796032;0;0;0;0;0;0;0;0;0;0;0;4047;0;0;133;0;122;0;
20334;7193341;1249980416;21692416;1434796032;0;0;0;0;0;0;0;0;0;0;0;3737;0;0;133;0;122;0;
20335;5164716;1249980416;21692416;1434796032;0;0;0;0;0;0;0;0;0;0;0;3547;0;0;133;0;122;0;
20336;7142074;1249980416;21692416;1434796032;0;0;0;0;0;0;0;0;0;0;0;4438;0;0;133;0;122;0;
20337;5957643;1249980416;21692416;1434796032;0;0;0;0;0;0;0;0;0;0;0;4389;0;0;133;0;122;0;
20338;5464999;1249980416;21692416;1434796032;0;0;0;0;0;0;0;0;0;0;0;2595;0;0;133;0;122;0;
20339;6564811;1249980416;21692416;1434796032;0;0;0;0;0;0;0;0;0;0;0;35587;0;0;133;0;122;0;
20340;7285182;1249980416;21692416;1434796032;0;0;0;0;0;0;0;0;0;0;0;2365;0;0;133;0;122;0;
20341;5060821;1249980416;21692416;1434796032;0;0;0;0;0;0;0;0;0;0;0;3386;0;0;133;0;122;0;
20342;7020577;1249980416;21692416;1434796032;0;0;0;0;0;0;0;0;0;0;0;4438;0;0;133;0;122;0;
20343;5435454;1249980416;21692416;1434796032;0;0;0;0;0;0;0;0;0;0;0;3427;0;0;133;0;122;0;
20344;7513280;1249980416;21692416;1434796032;0;0;0;0;0;0;0;0;0;0;0;3647;0;0;133;0;122;0;
20345;4537159;1249980416;21692416;1434796032;0;0;0;0;0;0;0;0;0;0;0;3025;0;0;133;0;122;0;
20346;6667755;1249980416;21692416;1434796032;0;0;0;0;0;0;0;0;0;0;0;3407;0;0;133;0;122;0;
20347;5385711;1249980416;21692416;1434796032;0;0;0;0;0;0;0;0;0;0;0;3417;0;0;133;0;122;0;
20348;7512008;1249980416;21696512;1434800128;0;0;0;0;0;0;0;0;0;0;0;4058;0;0;133;0;122;0;
20349;4368202;1249980416;21700608;1434804224;0;0;0;0;0;0;0;0;0;0;0;3827;0;0;133;0;122;0;
20350;4618160;1249980416;21700608;1434804224;0;0;0;0;0;0;0;0;0;0;0;2284;0;0;133;0;122;0;
20351;5459409;1249980416;21700608;1434804224;0;0;0;0;0;0;0;0;0;0;0;3447;0;0;133;0;122;0;
20352;5125302;1249980416;21700608;1434804224;0;0;0;0;0;0;0;0;0;0;0;3747;0;0;133;0;122;0;
20353;5720017;1249980416;21700608;1434804224;0;0;0;0;0;0;0;0;0;0;0;3456;0;0;133;0;122;0;
20354;6952178;1249980416;21700608;1434804224;0;0;0;0;0;0;0;0;0;0;0;3186;0;0;133;0;122;0;
20355;5840964;1250004992;21692416;1434796032;0;0;0;0;0;0;0;0;0;0;0;4789;0;0;133;0;122;0;
20356;6646615;1250004992;21692416;1434796032;0;0;0;0;0;0;0;0;0;0;0;3357;0;0;133;0;122;0;
20357;5840002;1250004992;21692416;1434796032;0;0;0;0;0;0;0;0;0;0;0;3838;0;0;133;0;122;0;
20358;8866548;1250004992;21692416;1434796032;0;0;0;0;0;0;0;0;0;0;0;4599;0;0;133;0;122;0;
20359;5142384;1250004992;21692416;1434796032;0;0;0;0;0;0;0;0;0;0;0;3777;0;0;133;0;122;0;
20360;6723049;1250004992;21692416;1434796032;0;0;0;0;0;0;0;0;0;0;0;3386;0;0;133;0;122;0;
20361;5650938;1250004992;21692416;1434796032;0;0;0;0;0;0;0;0;0;0;0;3717;0;0;133;0;122;0;
20362;6490623;1250004992;21692416;1434796032;0;0;0;0;0;0;0;0;0;0;0;3366;0;0;133;0;122;0;
20363;6256573;1250004992;21692416;1434796032;0;0;0;0;0;0;0;0;0;0;0;4358;0;0;133;0;122;0;
20364;6132671;1250004992;21692416;1434796032;0;0;0;0;0;0;0;0;0;0;0;3247;0;0;133;0;122;0;
20365;5165017;1250004992;21692416;1434796032;0;0;0;0;0;0;0;0;0;0;0;3496;0;0;133;0;122;0;
20366;5532405;1250004992;21692416;1434796032;0;0;0;0;0;0;0;0;0;0;0;2425;0;0;133;0;122;0;
20367;4473360;1250004992;21692416;1434796032;0;0;0;0;0;0;0;0;0;0;0;4228;0;0;133;0;122;0;
20368;5634537;1250004992;21692416;1434796032;0;0;0;0;0;0;0;0;0;0;0;3456;0;0;133;0;122;0;
20369;3890707;1250004992;21692416;1434796032;0;0;0;0;0;0;0;0;0;0;0;2915;0;0;133;0;122;0;
20370;4680187;1250004992;21692416;1434796032;0;0;0;0;0;0;0;0;0;0;0;2655;0;0;133;0;122;0;
20371;4534925;1250004992;21692416;1434796032;0;0;0;0;0;0;0;0;0;0;0;3436;0;0;133;0;122;0;
20372;5577099;1250004992;21692416;1434796032;0;0;0;0;0;0;0;0;0;0;0;3175;0;0;133;0;122;0;
20373;4906381;1250004992;21692416;1434796032;0;0;0;0;0;0;0;0;0;0;0;3306;0;0;133;0;122;0;
20374;5099644;1250004992;21692416;1434796032;0;0;0;0;0;0;0;0;0;0;0;2836;0;0;133;0;122;0;
20375;5820075;1250004992;21692416;1434796032;0;0;0;0;0;0;0;0;0;0;0;3817;0;0;133;0;122;0;
20376;4958219;1250004992;21692416;1434796032;0;0;0;0;0;0;0;0;0;0;0;2364;0;0;133;0;122;0;
20377;4806544;1250004992;21692416;1434796032;0;0;0;0;0;0;0;0;0;0;0;3086;0;0;133;0;122;0;
20378;4948180;1250004992;21692416;1434796032;0;0;0;0;0;0;0;0;0;0;0;2164;0;0;133;0;122;0;
20379;4758704;1250004992;21692416;1434796032;0;0;0;0;0;0;0;0;0;0;0;4288;0;0;133;0;122;0;
20380;6203354;1250004992;21692416;1434796032;0;0;0;0;0;0;0;0;0;0;0;2545;0;0;133;0;122;0;
20381;4609054;1250004992;21692416;1434796032;0;0;0;0;0;0;0;0;0;0;0;3246;0;0;133;0;122;0;
20382;4963108;1250004992;21692416;1434796032;0;0;0;0;0;0;0;0;0;0;0;2645;0;0;133;0;122;0;
20383;5205252;1250004992;21692416;1434796032;0;0;0;0;0;0;0;0;0;0;0;144391;0;0;133;0;122;0;
20384;6350549;1250004992;21692416;1434796032;0;0;0;0;0;0;0;0;0;0;0;3146;0;0;133;0;122;0;
20385;5080919;1250004992;21696512;1434800128;0;0;0;0;0;0;0;0;0;0;0;4048;0;0;133;0;122;0;
20386;5714277;1250004992;21696512;1434800128;0;0;0;0;0;0;0;0;0;0;0;2184;0;0;133;0;122;0;
20387;4599756;1250004992;21696512;1434800128;0;0;0;0;0;0;0;0;0;0;0;3016;0;0;133;0;122;0;
20388;6157047;1250004992;21696512;1434800128;0;0;0;0;0;0;0;0;0;0;0;2474;0;0;133;0;122;0;
20389;5199921;1250004992;21696512;1434800128;0;0;0;0;0;0;0;0;0;0;0;3056;0;0;133;0;122;0;
20390;5276746;1250004992;21696512;1434800128;0;0;0;0;0;0;0;0;0;0;0;1844;0;0;133;0;122;0;
20391;5111045;1250021376;21692416;1434796032;0;0;0;0;0;0;0;0;0;0;0;4389;0;0;133;0;122;0;
20392;5468956;1250021376;21692416;1434796032;0;0;0;0;0;0;0;0;0;0;0;2805;0;0;133;0;122;0;
20393;4791055;1250021376;21692416;1434796032;0;0;0;0;0;0;0;0;0;0;0;3547;0;0;133;0;122;0;
20394;4700415;1250021376;21692416;1434796032;0;0;0;0;0;0;0;0;0;0;0;2354;0;0;133;0;122;0;
20395;3974534;1250021376;21692416;1434796032;0;0;0;0;0;0;0;0;0;0;0;3838;0;0;133;0;122;0;
20396;6006084;1250021376;21692416;1434796032;0;0;0;0;0;0;0;0;0;0;0;3045;0;0;133;0;122;0;
20397;3688367;1250021376;21692416;1434796032;0;0;0;0;0;0;0;0;0;0;0;3066;0;0;133;0;122;0;
20398;6853874;1250021376;21692416;1434796032;0;0;0;0;0;0;0;0;0;0;0;2815;0;0;133;0;122;0;
20399;3916114;1250021376;21692416;1434796032;0;0;0;0;0;0;0;0;0;0;0;2985;0;0;133;0;122;0;
20400;6733458;1250021376;21692416;1434796032;0;0;0;0;0;0;0;0;0;0;0;2234;0;0;133;0;122;0;
20401;3171608;1250021376;21692416;1434796032;0;0;0;0;0;0;0;0;0;0;0;3316;0;0;133;0;122;0;
20402;6511873;1250021376;21692416;1434796032;0;0;0;0;0;0;0;0;0;0;0;2795;0;0;133;0;122;0;
20403;4688041;1250021376;21692416;1434796032;0;0;0;0;0;0;0;0;0;0;0;2925;0;0;133;0;122;0;
20404;5569716;1250021376;21692416;1434796032;0;0;0;0;0;0;0;0;0;0;0;2144;0;0;133;0;122;0;
20405;4066295;1250021376;21692416;1434796032;0;0;0;0;0;0;0;0;0;0;0;3036;0;0;133;0;122;0;
20406;4839907;1250021376;21692416;1434796032;0;0;0;0;0;0;0;0;0;0;0;2305;0;0;133;0;122;0;
20407;6633199;1250021376;21692416;1434796032;0;0;0;0;0;0;0;0;0;0;0;4168;0;0;133;0;122;0;
20408;6080283;1250021376;21692416;1434796032;0;0;0;0;0;0;0;0;0;0;0;2936;0;0;133;0;122;0;
20409;5442146;1250021376;21692416;1434796032;0;0;0;0;0;0;0;0;0;0;0;3216;0;0;133;0;122;0;
20410;6994828;1250021376;21692416;1434796032;0;0;0;0;0;0;0;0;0;0;0;2314;0;0;133;0;122;0;
20411;5802111;1250021376;21692416;1434796032;0;0;0;0;0;0;0;0;0;0;0;30727;0;0;133;0;122;0;
20412;5343191;1250021376;21692416;1434796032;0;0;0;0;0;0;0;0;0;0;0;1994;0;0;133;0;122;0;
20413;5899834;1250021376;21692416;1434796032;0;0;0;0;0;0;0;0;0;0;0;38813;0;0;133;0;122;0;
20414;5135070;1250021376;21692416;1434796032;0;0;0;0;0;0;0;0;0;0;0;2634;0;0;133;0;122;0;
20415;4761079;1250021376;21692416;1434796032;0;0;0;0;0;0;0;0;0;0;0;2805;0;0;133;0;122;0;
20416;6021953;1250021376;21692416;1434796032;0;0;0;0;0;0;0;0;0;0;0;2184;0;0;133;0;122;0;
20417;3768067;1250021376;21692416;1434796032;0;0;0;0;0;0;0;0;0;0;0;2374;0;0;133;0;122;0;
20418;4947218;1250021376;21692416;1434796032;0;0;0;0;0;0;0;0;0;0;0;1944;0;0;133;0;122;0;
20419;4287610;1250021376;21692416;1434796032;0;0;0;0;0;0;0;0;0;0;0;2705;0;0;133;0;122;0;
20420;5119901;1250021376;21692416;1434796032;0;0;0;0;0;0;0;0;0;0;0;2244;0;0;133;0;122;0;
20421;4836891;1250021376;21692416;1434796032;0;0;0;0;0;0;0;0;0;0;0;2475;0;0;133;0;122;0;
20422;5070439;1250021376;21692416;1434796032;0;0;0;0;0;0;0;0;0;0;0;2295;0;0;133;0;122;0;
20423;3911195;1250021376;21692416;1434796032;0;0;0;0;0;0;0;0;0;0;0;2124;0;0;133;0;122;0;
20424;5724145;1250021376;21692416;1434796032;0;0;0;0;0;0;0;0;0;0;0;1964;0;0;133;0;122;0;
20425;3145018;1250021376;21692416;1434796032;0;0;0;0;0;0;0;0;0;0;0;2194;0;0;133;0;122;0;
20426;5462494;1250021376;21692416;1434796032;0;0;0;0;0;0;0;0;0;0;0;1743;0;0;133;0;122;0;
20427;3364760;1250021376;21692416;1434796032;0;0;0;0;0;0;0;0;0;0;0;2184;0;0;133;0;122;0;
20428;5205232;1250021376;21692416;1434796032;0;0;0;0;0;0;0;0;0;0;0;1623;0;0;133;0;122;0;
20429;2920998;1250021376;21692416;1434796032;0;0;0;0;0;0;0;0;0;0;0;2314;0;0;133;0;122;0;
20430;5264092;1250021376;21692416;1434796032;0;0;0;0;0;0;0;0;0;0;0;1913;0;0;133;0;122;0;
20431;3564114;1250021376;21692416;1434796032;0;0;0;0;0;0;0;0;0;0;0;2275;0;0;133;0;122;0;
20432;4720763;1250021376;21692416;1434796032;0;0;0;0;0;0;0;0;0;0;0;2595;0;0;133;0;122;0;
20433;3873995;1250021376;21692416;1434796032;0;0;0;0;0;0;0;0;0;0;0;2926;0;0;133;0;122;0;
20434;5641861;1250021376;21692416;1434796032;0;0;0;0;0;0;0;0;0;0;0;2164;0;0;133;0;122;0;
20435;3949246;1250021376;21692416;1434796032;0;0;0;0;0;0;0;0;0;0;0;2565;0;0;133;0;122;0;
20436;4969359;1250021376;21692416;1434796032;0;0;0;0;0;0;0;0;0;0;0;2114;0;0;133;0;122;0;
20437;3465940;1250021376;21692416;1434796032;0;0;0;0;0;0;0;0;0;0;0;2535;0;0;133;0;122;0;
20438;5487311;1250021376;21692416;1434796032;0;0;0;0;0;0;0;0;0;0;0;2074;0;0;133;0;122;0;
20439;3648532;1250021376;21692416;1434796032;0;0;0;0;0;0;0;0;0;0;0;2214;0;0;133;0;122;0;
20440;5016828;1250021376;21692416;1434796032;0;0;0;0;0;0;0;0;0;0;0;2084;0;0;133;0;122;0;
20441;3180625;1250021376;21692416;1434796032;0;0;0;0;0;0;0;0;0;0;0;7594;0;0;133;0;122;0;
20442;5460851;1250021376;21692416;1434796032;0;0;0;0;0;0;0;0;0;0;0;1934;0;0;133;0;122;0;
20443;4589538;1250021376;21692416;1434796032;0;0;0;0;0;0;0;0;0;0;0;2986;0;0;133;0;122;0;
20444;5592689;1250021376;21692416;1434796032;0;0;0;0;0;0;0;0;0;0;0;2165;0;0;133;0;122;0;
20445;4479040;1250021376;21692416;1434796032;0;0;0;0;0;0;0;0;0;0;0;2955;0;0;133;0;122;0;
20446;4991161;1250021376;21692416;1434796032;0;0;0;0;0;0;0;0;0;0;0;2264;0;0;133;0;122;0;
20447;3500605;1250021376;21692416;1434796032;0;0;0;0;0;0;0;0;0;0;0;2304;0;0;133;0;122;0;
20448;4874101;1250021376;21692416;1434796032;0;0;0;0;0;0;0;0;0;0;0;1933;0;0;133;0;122;0;
20449;4532470;1250021376;21692416;1434796032;0;0;0;0;0;0;0;0;0;0;0;3156;0;0;133;0;122;0;
20450;6047662;1250021376;21692416;1434796032;0;0;0;0;0;0;0;0;0;0;0;2645;0;0;133;0;122;0;
20451;3958884;1250021376;21692416;1434796032;0;0;0;0;0;0;0;0;0;0;0;2595;0;0;133;0;122;0;
20452;6107183;1250021376;21692416;1434796032;0;0;0;0;0;0;0;0;0;0;0;3767;0;0;133;0;122;0;
20453;4544673;1250021376;21692416;1434796032;0;0;0;0;0;0;0;0;0;0;0;82946;0;0;133;0;122;0;
20454;6326014;1250021376;21692416;1434796032;0;0;0;0;0;0;0;0;0;0;0;3918;0;0;133;0;122;0;
20455;4218191;1250021376;21692416;1434796032;0;0;0;0;0;0;0;0;0;0;0;3056;0;0;133;0;122;0;
20456;6557377;1250021376;21692416;1434796032;0;0;0;0;0;0;0;0;0;0;0;3266;0;0;133;0;122;0;
20457;3083362;1250021376;21692416;1434796032;0;0;0;0;0;0;0;0;0;0;0;3687;0;0;133;0;122;0;
20458;5064558;1250021376;21692416;1434796032;0;0;0;0;0;0;0;0;0;0;0;2415;0;0;133;0;122;0;
20459;5103160;1250021376;21692416;1434796032;0;0;0;0;0;0;0;0;0;0;0;2845;0;0;133;0;122;0;
20460;4690767;1250021376;21692416;1434796032;0;0;0;0;0;0;0;0;0;0;0;2264;0;0;133;0;122;0;
20461;13019707;1250021376;21692416;1434796032;0;0;0;0;0;0;0;0;0;0;0;6502;0;0;133;0;122;0;
20462;8622981;1250021376;21692416;1434796032;0;0;0;0;0;0;0;0;0;0;0;5109;0;0;133;0;122;0;
20463;3304127;1250021376;21692416;1434796032;0;0;0;0;0;0;0;0;0;0;0;3496;0;0;133;0;122;0;
20464;6049556;1250021376;21692416;1434796032;0;0;0;0;0;0;0;0;0;0;0;2715;0;0;133;0;122;0;
20465;3812790;1250021376;21692416;1434796032;0;0;0;0;0;0;0;0;0;0;0;2495;0;0;133;0;122;0;
20466;5240929;1250021376;21692416;1434796032;0;0;0;0;0;0;0;0;0;0;0;2815;0;0;133;0;122;0;
20467;5286184;1250021376;21692416;1434796032;0;0;0;0;0;0;0;0;0;0;0;3045;0;0;133;0;122;0;
20468;7399967;1250021376;21692416;1434796032;0;0;0;0;0;0;0;0;0;0;0;3246;0;0;133;0;122;0;
20469;4211478;1250021376;21692416;1434796032;0;0;0;0;0;0;0;0;0;0;0;3186;0;0;133;0;122;0;
20470;5540721;1250021376;21692416;1434796032;0;0;0;0;0;0;0;0;0;0;0;3446;0;0;133;0;122;0;
20471;3873234;1250021376;21692416;1434796032;0;0;0;0;0;0;0;0;0;0;0;3025;0;0;133;0;122;0;
20472;5439421;1250021376;21692416;1434796032;0;0;0;0;0;0;0;0;0;0;0;2485;0;0;133;0;122;0;
20473;4982374;1250021376;21692416;1434796032;0;0;0;0;0;0;0;0;0;0;0;3466;0;0;133;0;122;0;
20474;4831541;1250021376;21692416;1434796032;0;0;0;0;0;0;0;0;0;0;0;2154;0;0;133;0;122;0;
20475;4126459;1250021376;21692416;1434796032;0;0;0;0;0;0;0;0;0;0;0;3426;0;0;133;0;122;0;
20476;6612882;1250021376;21692416;1434796032;0;0;0;0;0;0;0;0;0;0;0;2264;0;0;133;0;122;0;
20477;4056197;1250021376;21692416;1434796032;0;0;0;0;0;0;0;0;0;0;0;3457;0;0;133;0;122;0;
20478;5599792;1250021376;21692416;1434796032;0;0;0;0;0;0;0;0;0;0;0;2885;0;0;133;0;122;0;
20479;4504979;1250021376;21692416;1434796032;0;0;0;0;0;0;0;0;0;0;0;3035;0;0;133;0;122;0;
20480;5727992;1250021376;21692416;1434796032;0;0;0;0;0;0;0;0;0;0;0;2845;0;0;133;0;122;0;
20481;5025274;1250021376;21692416;1434796032;0;0;0;0;0;0;0;0;0;0;0;3617;0;0;133;0;122;0;
20482;6581914;1250021376;21692416;1434796032;0;0;0;0;0;0;0;0;0;0;0;2675;0;0;133;0;122;0;
20483;4362311;1250021376;21692416;1434796032;0;0;0;0;0;0;0;0;0;0;0;3046;0;0;133;0;122;0;
20484;6707800;1250021376;21692416;1434796032;0;0;0;0;0;0;0;0;0;0;0;3486;0;0;133;0;122;0;
20485;3310298;1250021376;21692416;1434796032;0;0;0;0;0;0;0;0;0;0;0;3376;0;0;133;0;122;0;
20486;6189809;1250021376;21692416;1434796032;0;0;0;0;0;0;0;0;0;0;0;3306;0;0;133;0;122;0;
20487;3752948;1250021376;21692416;1434796032;0;0;0;0;0;0;0;0;0;0;0;4087;0;0;133;0;122;0;
20488;6228260;1250021376;21692416;1434796032;0;0;0;0;0;0;0;0;0;0;0;3176;0;0;133;0;122;0;
20489;3091859;1250021376;21692416;1434796032;0;0;0;0;0;0;0;0;0;0;0;2895;0;0;133;0;122;0;
20490;5297084;1250021376;21692416;1434796032;0;0;0;0;0;0;0;0;0;0;0;2054;0;0;133;0;122;0;
20491;4374184;1250021376;21692416;1434796032;0;0;0;0;0;0;0;0;0;0;0;2895;0;0;133;0;122;0;
20492;6166074;1250021376;21692416;1434796032;0;0;0;0;0;0;0;0;0;0;0;2585;0;0;133;0;122;0;
20493;4435128;1250021376;21692416;1434796032;0;0;0;0;0;0;0;0;0;0;0;2675;0;0;133;0;122;0;
20494;6060405;1250021376;21692416;1434796032;0;0;0;0;0;0;0;0;0;0;0;2174;0;0;133;0;122;0;
20495;4384042;1250021376;21692416;1434796032;0;0;0;0;0;0;0;0;0;0;0;2655;0;0;133;0;122;0;
20496;6633621;1250021376;21692416;1434796032;0;0;0;0;0;0;0;0;0;0;0;2414;0;0;133;0;122;0;
20497;5146231;1250021376;21692416;1434796032;0;0;0;0;0;0;0;0;0;0;0;3997;0;0;133;0;122;0;
20498;7946653;1250021376;21692416;1434796032;0;0;0;0;0;0;0;0;0;0;0;3216;0;0;133;0;122;0;
20499;3278909;1250021376;21692416;1434796032;0;0;0;0;0;0;0;0;0;0;0;2505;0;0;133;0;122;0;
20500;6959642;1250021376;21692416;1434796032;0;0;0;0;0;0;0;0;0;0;0;3757;0;0;133;0;122;0;
20501;3254994;1250021376;21692416;1434796032;0;0;0;0;0;0;0;0;0;0;0;2875;0;0;133;0;122;0;
20502;6080924;1250021376;21692416;1434796032;0;0;0;0;0;0;0;0;0;0;0;2445;0;0;133;0;122;0;
20503;4541588;1250021376;21692416;1434796032;0;0;0;0;0;0;0;0;0;0;0;3066;0;0;133;0;122;0;
20504;5430615;1250021376;21692416;1434796032;0;0;0;0;0;0;0;0;0;0;0;2415;0;0;133;0;122;0;
20505;5097480;1250021376;21692416;1434796032;0;0;0;0;0;0;0;0;0;0;0;3276;0;0;133;0;122;0;
20506;5947835;1250021376;21692416;1434796032;0;0;0;0;0;0;0;0;0;0;0;2464;0;0;133;0;122;0;
20507;4821061;1250021376;21692416;1434796032;0;0;0;0;0;0;0;0;0;0;0;2485;0;0;133;0;122;0;
20508;5572421;1250021376;21692416;1434796032;0;0;0;0;0;0;0;0;0;0;0;2595;0;0;133;0;122;0;
20509;4646865;1250021376;21692416;1434796032;0;0;0;0;0;0;0;0;0;0;0;3236;0;0;133;0;122;0;
20510;5624288;1250021376;21692416;1434796032;0;0;0;0;0;0;0;0;0;0;0;2295;0;0;133;0;122;0;
20511;4651424;1250021376;21692416;1434796032;0;0;0;0;0;0;0;0;0;0;0;3186;0;0;133;0;122;0;
20512;5918679;1250021376;21692416;1434796032;0;0;0;0;0;0;0;0;0;0;0;2304;0;0;133;0;122;0;
20513;5129590;1250021376;21692416;1434796032;0;0;0;0;0;0;0;0;0;0;0;3517;0;0;133;0;122;0;
20514;6837433;1250021376;21692416;1434796032;0;0;0;0;0;0;0;0;0;0;0;2365;0;0;133;0;122;0;
20515;3617654;1250021376;21692416;1434796032;0;0;0;0;0;0;0;0;0;0;0;3126;0;0;133;0;122;0;
20516;6789513;1250021376;21692416;1434796032;0;0;0;0;0;0;0;0;0;0;0;4028;0;0;133;0;122;0;
20517;2883608;1250021376;21692416;1434796032;0;0;0;0;0;0;0;0;0;0;0;3116;0;0;133;0;122;0;
20518;5276345;1250021376;21692416;1434796032;0;0;0;0;0;0;0;0;0;0;0;2194;0;0;133;0;122;0;
20519;4211588;1250021376;21692416;1434796032;0;0;0;0;0;0;0;0;0;0;0;3136;0;0;133;0;122;0;
20520;5091088;1250021376;21692416;1434796032;0;0;0;0;0;0;0;0;0;0;0;2004;0;0;133;0;122;0;
20521;4490180;1250021376;21692416;1434796032;0;0;0;0;0;0;0;0;0;0;0;3557;0;0;133;0;122;0;
20522;5184313;1250021376;21692416;1434796032;0;0;0;0;0;0;0;0;0;0;0;2876;0;0;133;0;122;0;
20523;4432001;1250021376;21692416;1434796032;0;0;0;0;0;0;0;0;0;0;0;3627;0;0;133;0;122;0;
20524;5973603;1250021376;21692416;1434796032;0;0;0;0;0;0;0;0;0;0;0;2835;0;0;133;0;122;0;
20525;3421597;1250021376;21692416;1434796032;0;0;0;0;0;0;0;0;0;0;0;3206;0;0;133;0;122;0;
20526;6351312;1250021376;21692416;1434796032;0;0;0;0;0;0;0;0;0;0;0;4167;0;0;133;0;122;0;
20527;3529840;1250021376;21692416;1434796032;0;0;0;0;0;0;0;0;0;0;0;3135;0;0;133;0;122;0;
20528;5890547;1250021376;21692416;1434796032;0;0;0;0;0;0;0;0;0;0;0;2806;0;0;133;0;122;0;
20529;3331268;1250021376;21692416;1434796032;0;0;0;0;0;0;0;0;0;0;0;3867;0;0;133;0;122;0;
20530;6085322;1250021376;21692416;1434796032;0;0;0;0;0;0;0;0;0;0;0;5881;0;0;133;0;122;0;
20531;4042391;1250021376;21692416;1434796032;0;0;0;0;0;0;0;0;0;0;0;3516;0;0;133;0;122;0;
20532;8213754;1250021376;21692416;1434796032;0;0;0;0;0;0;0;0;0;0;0;2945;0;0;133;0;122;0;
20533;3717111;1250021376;21692416;1434796032;0;0;0;0;0;0;0;0;0;0;0;3787;0;0;133;0;122;0;
20534;6166554;1250021376;21692416;1434796032;0;0;0;0;0;0;0;0;0;0;0;4108;0;0;133;0;122;0;
20535;3774658;1250021376;21692416;1434796032;0;0;0;0;0;0;0;0;0;0;0;3477;0;0;133;0;122;0;
20536;5768307;1250021376;21692416;1434796032;0;0;0;0;0;0;0;0;0;0;0;3457;0;0;133;0;122;0;
20537;3673970;1250021376;21692416;1434796032;0;0;0;0;0;0;0;0;0;0;0;3226;0;0;133;0;122;0;
20538;5619479;1250021376;21692416;1434796032;0;0;0;0;0;0;0;0;0;0;0;3947;0;0;133;0;122;0;
20539;3843629;1250021376;21692416;1434796032;0;0;0;0;0;0;0;0;0;0;0;3096;0;0;133;0;122;0;
20540;6689926;1250021376;21692416;1434796032;0;0;0;0;0;0;0;0;0;0;0;3527;0;0;133;0;122;0;
20541;4233449;1250021376;21692416;1434796032;0;0;0;0;0;0;0;0;0;0;0;3126;0;0;133;0;122;0;
20542;5800999;1250021376;21696512;1434800128;0;0;0;0;0;0;0;0;0;0;0;2975;0;0;133;0;122;0;
20543;2830068;1250021376;21700608;1434804224;0;0;0;0;0;0;0;0;0;0;0;4128;0;0;133;0;122;0;
20544;6148050;1250021376;21700608;1434804224;0;0;0;0;0;0;0;0;0;0;0;2295;0;0;133;0;122;0;
20545;3632603;1250021376;21700608;1434804224;0;0;0;0;0;0;0;0;0;0;0;3006;0;0;133;0;122;0;
20546;6745030;1250021376;21700608;1434804224;0;0;0;0;0;0;0;0;0;0;0;3406;0;0;133;0;122;0;
20547;4010391;1250021376;21700608;1434804224;0;0;0;0;0;0;0;0;0;0;0;3576;0;0;133;0;122;0;
20548;4997883;1250021376;21700608;1434804224;0;0;0;0;0;0;0;0;0;0;0;2595;0;0;133;0;122;0;
20549;5606194;1250078720;21692416;1434796032;0;0;0;0;0;0;0;0;0;0;0;3536;0;0;133;0;122;0;
20550;6409431;1250078720;21692416;1434796032;0;0;0;0;0;0;0;0;0;0;0;3206;0;0;133;0;122;0;
20551;4952307;1250078720;21692416;1434796032;0;0;0;0;0;0;0;0;0;0;0;2635;0;0;133;0;122;0;
20552;7156581;1250078720;21692416;1434796032;0;0;0;0;0;0;0;0;0;0;0;2685;0;0;133;0;122;0;
20553;4314261;1250078720;21692416;1434796032;0;0;0;0;0;0;0;0;0;0;0;3407;0;0;133;0;122;0;
20554;7466804;1250078720;21692416;1434796032;0;0;0;0;0;0;0;0;0;0;0;3666;0;0;133;0;122;0;
20555;3771223;1250078720;21692416;1434796032;0;0;0;0;0;0;0;0;0;0;0;2966;0;0;133;0;122;0;
20556;6667114;1250078720;21692416;1434796032;0;0;0;0;0;0;0;0;0;0;0;4168;0;0;133;0;122;0;
20557;5332871;1250078720;21692416;1434796032;0;0;0;0;0;0;0;0;0;0;0;3396;0;0;133;0;122;0;
20558;6328799;1250078720;21692416;1434796032;0;0;0;0;0;0;0;0;0;0;0;2865;0;0;133;0;122;0;
20559;4150734;1250078720;21692416;1434796032;0;0;0;0;0;0;0;0;0;0;0;3987;0;0;133;0;122;0;
20560;7519973;1250078720;21692416;1434796032;0;0;0;0;0;0;0;0;0;0;0;2976;0;0;133;0;122;0;
20561;4573046;1250078720;21692416;1434796032;0;0;0;0;0;0;0;0;0;0;0;3186;0;0;133;0;122;0;
20562;6746823;1250078720;21692416;1434796032;0;0;0;0;0;0;0;0;0;0;0;3066;0;0;133;0;122;0;
20563;4774213;1250078720;21692416;1434796032;0;0;0;0;0;0;0;0;0;0;0;2925;0;0;133;0;122;0;
20564;6384684;1250078720;21692416;1434796032;0;0;0;0;0;0;0;0;0;0;0;3006;0;0;133;0;122;0;
20565;4968849;1250078720;21692416;1434796032;0;0;0;0;0;0;0;0;0;0;0;3547;0;0;133;0;122;0;
20566;6243389;1250078720;21692416;1434796032;0;0;0;0;0;0;0;0;0;0;0;3297;0;0;133;0;122;0;
20567;3997076;1250078720;21692416;1434796032;0;0;0;0;0;0;0;0;0;0;0;4128;0;0;133;0;122;0;
20568;6414840;1250078720;21692416;1434796032;0;0;0;0;0;0;0;0;0;0;0;3155;0;0;133;0;122;0;
20569;3834952;1250078720;21692416;1434796032;0;0;0;0;0;0;0;0;0;0;0;3787;0;0;133;0;122;0;
20570;7218277;1250078720;21692416;1434796032;0;0;0;0;0;0;0;0;0;0;0;3907;0;0;133;0;122;0;
20571;4947969;1250078720;21692416;1434796032;0;0;0;0;0;0;0;0;0;0;0;3466;0;0;133;0;122;0;
20572;6495832;1250078720;21692416;1434796032;0;0;0;0;0;0;0;0;0;0;0;3848;0;0;133;0;122;0;
20573;4715303;1250078720;21692416;1434796032;0;0;0;0;0;0;0;0;0;0;0;2875;0;0;133;0;122;0;
20574;5412109;1250078720;21692416;1434796032;0;0;0;0;0;0;0;0;0;0;0;2625;0;0;133;0;122;0;
20575;3958283;1250078720;21692416;1434796032;0;0;0;0;0;0;0;0;0;0;0;3015;0;0;133;0;122;0;
20576;7364612;1250078720;21692416;1434796032;0;0;0;0;0;0;0;0;0;0;0;3597;0;0;133;0;122;0;
20577;4426291;1250078720;21692416;1434796032;0;0;0;0;0;0;0;0;0;0;0;2785;0;0;133;0;122;0;
20578;6451980;1250078720;21692416;1434796032;0;0;0;0;0;0;0;0;0;0;0;3266;0;0;133;0;122;0;
20579;4484450;1250078720;21692416;1434796032;0;0;0;0;0;0;0;0;0;0;0;3156;0;0;133;0;122;0;
20580;6575532;1250078720;21692416;1434796032;0;0;0;0;0;0;0;0;0;0;0;5100;0;0;133;0;122;0;
20581;4534784;1250078720;21692416;1434796032;0;0;0;0;0;0;0;0;0;0;0;3236;0;0;133;0;122;0;
20582;9745046;1250078720;21692416;1434796032;0;0;0;0;0;0;0;0;0;0;0;2856;0;0;133;0;122;0;
20583;7817861;1250078720;21692416;1434796032;0;0;0;0;0;0;0;0;0;0;0;3367;0;0;133;0;122;0;
20584;5207085;1250078720;21692416;1434796032;0;0;0;0;0;0;0;0;0;0;0;3056;0;0;133;0;122;0;
20585;5398374;1250078720;21692416;1434796032;0;0;0;0;0;0;0;0;0;0;0;3256;0;0;133;0;122;0;
20586;6712498;1250078720;21692416;1434796032;0;0;0;0;0;0;0;0;0;0;0;2665;0;0;133;0;122;0;
20587;4437773;1250078720;21692416;1434796032;0;0;0;0;0;0;0;0;0;0;0;3677;0;0;133;0;122;0;
20588;6346442;1250078720;21692416;1434796032;0;0;0;0;0;0;0;0;0;0;0;3346;0;0;133;0;122;0;
20589;4745961;1250078720;21692416;1434796032;0;0;0;0;0;0;0;0;0;0;0;2875;0;0;133;0;122;0;
20590;5047516;1250078720;21692416;1434796032;0;0;0;0;0;0;0;0;0;0;0;3487;0;0;133;0;122;0;
20591;5158003;1250078720;21692416;1434796032;0;0;0;0;0;0;0;0;0;0;0;3326;0;0;133;0;122;0;
20592;6963328;1250078720;21692416;1434796032;0;0;0;0;0;0;0;0;0;0;0;2474;0;0;133;0;122;0;
20593;4517983;1250078720;21692416;1434796032;0;0;0;0;0;0;0;0;0;0;0;3637;0;0;133;0;122;0;
20594;6479833;1250078720;21692416;1434796032;0;0;0;0;0;0;0;0;0;0;0;3276;0;0;133;0;122;0;
20595;4924285;1250078720;21692416;1434796032;0;0;0;0;0;0;0;0;0;0;0;2535;0;0;133;0;122;0;
20596;5756175;1250078720;21692416;1434796032;0;0;0;0;0;0;0;0;0;0;0;2655;0;0;133;0;122;0;
20597;5350925;1250078720;21692416;1434796032;0;0;0;0;0;0;0;0;0;0;0;2836;0;0;133;0;122;0;
20598;5109432;1250078720;21692416;1434796032;0;0;0;0;0;0;0;0;0;0;0;2454;0;0;133;0;122;0;
20599;4713299;1250078720;21692416;1434796032;0;0;0;0;0;0;0;0;0;0;0;2394;0;0;133;0;122;0;
20600;6313470;1250078720;21692416;1434796032;0;0;0;0;0;0;0;0;0;0;0;2685;0;0;133;0;122;0;
20601;5294679;1250078720;21692416;1434796032;0;0;0;0;0;0;0;0;0;0;0;2996;0;0;133;0;122;0;
20602;5422339;1250078720;21692416;1434796032;0;0;0;0;0;0;0;0;0;0;0;2885;0;0;133;0;122;0;
20603;5224869;1250078720;21692416;1434796032;0;0;0;0;0;0;0;0;0;0;0;3527;0;0;133;0;122;0;
20604;5216463;1250078720;21692416;1434796032;0;0;0;0;0;0;0;0;0;0;0;2986;0;0;133;0;122;0;
20605;4965292;1250078720;21692416;1434796032;0;0;0;0;0;0;0;0;0;0;0;3266;0;0;133;0;122;0;
20606;5026577;1250078720;21692416;1434796032;0;0;0;0;0;0;0;0;0;0;0;2414;0;0;133;0;122;0;
20607;5005307;1250078720;21692416;1434796032;0;0;0;0;0;0;0;0;0;0;0;4087;0;0;133;0;122;0;
20608;5921154;1250078720;21692416;1434796032;0;0;0;0;0;0;0;0;0;0;0;3156;0;0;133;0;122;0;
20609;5113971;1250078720;21692416;1434796032;0;0;0;0;0;0;0;0;0;0;0;2875;0;0;133;0;122;0;
20610;6579970;1250078720;21692416;1434796032;0;0;0;0;0;0;0;0;0;0;0;3396;0;0;133;0;122;0;
20611;4335560;1250078720;21692416;1434796032;0;0;0;0;0;0;0;0;0;0;0;2324;0;0;133;0;122;0;
20612;6962628;1250078720;21692416;1434796032;0;0;0;0;0;0;0;0;0;0;0;2735;0;0;133;0;122;0;
20613;3793574;1250078720;21692416;1434796032;0;0;0;0;0;0;0;0;0;0;0;3436;0;0;133;0;122;0;
20614;5594802;1250078720;21692416;1434796032;0;0;0;0;0;0;0;0;0;0;0;3287;0;0;133;0;122;0;
20615;4402727;1250078720;21692416;1434796032;0;0;0;0;0;0;0;0;0;0;0;2845;0;0;133;0;122;0;
20616;5889405;1250078720;21692416;1434796032;0;0;0;0;0;0;0;0;0;0;0;3005;0;0;133;0;122;0;
20617;3775591;1250078720;21692416;1434796032;0;0;0;0;0;0;0;0;0;0;0;3557;0;0;133;0;122;0;
20618;5741728;1250078720;21692416;1434796032;0;0;0;0;0;0;0;0;0;0;0;3727;0;0;133;0;122;0;
20619;5143486;1250078720;21692416;1434796032;0;0;0;0;0;0;0;0;0;0;0;3126;0;0;133;0;122;0;
20620;6775907;1250078720;21692416;1434796032;0;0;0;0;0;0;0;0;0;0;0;3306;0;0;133;0;122;0;
20621;7195054;1250078720;21692416;1434796032;0;0;0;0;0;0;0;0;0;0;0;3066;0;0;133;0;122;0;
20622;5200443;1250078720;21692416;1434796032;0;0;0;0;0;0;0;0;0;0;0;3076;0;0;133;0;122;0;
20623;5549417;1250078720;21692416;1434796032;0;0;0;0;0;0;0;0;0;0;0;3627;0;0;133;0;122;0;
20624;6034136;1250078720;21692416;1434796032;0;0;0;0;0;0;0;0;0;0;0;2555;0;0;133;0;122;0;
20625;3764940;1250078720;21692416;1434796032;0;0;0;0;0;0;0;0;0;0;0;3146;0;0;133;0;122;0;
20626;5944357;1250078720;21692416;1434796032;0;0;0;0;0;0;0;0;0;0;0;2795;0;0;133;0;122;0;
20627;4057750;1250078720;21692416;1434796032;0;0;0;0;0;0;0;0;0;0;0;3146;0;0;133;0;122;0;
20628;5431396;1250078720;21692416;1434796032;0;0;0;0;0;0;0;0;0;0;0;3126;0;0;133;0;122;0;
20629;4157837;1250078720;21692416;1434796032;0;0;0;0;0;0;0;0;0;0;0;2745;0;0;133;0;122;0;
20630;4949523;1250078720;21692416;1434796032;0;0;0;0;0;0;0;0;0;0;0;3616;0;0;133;0;122;0;
20631;3489254;1250078720;21692416;1434796032;0;0;0;0;0;0;0;0;0;0;0;3327;0;0;133;0;122;0;
20632;4704904;1250078720;21692416;1434796032;0;0;0;0;0;0;0;0;0;0;0;2004;0;0;133;0;122;0;
20633;3826155;1250078720;21692416;1434796032;0;0;0;0;0;0;0;0;0;0;0;2384;0;0;133;0;122;0;
20634;6751923;1250078720;21696512;1434800128;0;0;0;0;0;0;0;0;0;0;0;3777;0;0;133;0;122;0;
20635;4624453;1250078720;21700608;1434804224;0;0;0;0;0;0;0;0;0;0;0;3727;0;0;133;0;122;0;
20636;5418071;1250078720;21700608;1434804224;0;0;0;0;0;0;0;0;0;0;0;3226;0;0;133;0;122;0;
20637;3857494;1250078720;21700608;1434804224;0;0;0;0;0;0;0;0;0;0;0;2915;0;0;133;0;122;0;
20638;5813803;1250078720;21700608;1434804224;0;0;0;0;0;0;0;0;0;0;0;2725;0;0;133;0;122;0;
20639;4158488;1250078720;21700608;1434804224;0;0;0;0;0;0;0;0;0;0;0;4058;0;0;133;0;122;0;
20640;5343531;1250078720;21700608;1434804224;0;0;0;0;0;0;0;0;0;0;0;2565;0;0;133;0;122;0;
20641;5745625;1250111488;21692416;1434796032;0;0;0;0;0;0;0;0;0;0;0;3287;0;0;133;0;122;0;
20642;5462124;1250111488;21692416;1434796032;0;0;0;0;0;0;0;0;0;0;0;3747;0;0;133;0;122;0;
20643;4269477;1250111488;21692416;1434796032;0;0;0;0;0;0;0;0;0;0;0;3406;0;0;133;0;122;0;
20644;4781236;1250111488;21692416;1434796032;0;0;0;0;0;0;0;0;0;0;0;2505;0;0;133;0;122;0;
20645;4116981;1250111488;21692416;1434796032;0;0;0;0;0;0;0;0;0;0;0;2775;0;0;133;0;122;0;
20646;5031225;1250111488;21692416;1434796032;0;0;0;0;0;0;0;0;0;0;0;2886;0;0;133;0;122;0;
20647;3432888;1250111488;21692416;1434796032;0;0;0;0;0;0;0;0;0;0;0;4919;0;0;133;0;122;0;
20648;8625686;1250111488;21692416;1434796032;0;0;0;0;0;0;0;0;0;0;0;2695;0;0;133;0;122;0;
20649;12847023;1250111488;21692416;1434796032;0;0;0;0;0;0;0;0;0;0;0;3747;0;0;133;0;122;0;
20650;5132856;1250111488;21692416;1434796032;0;0;0;0;0;0;0;0;0;0;0;3267;0;0;133;0;122;0;
20651;5401410;1250111488;21692416;1434796032;0;0;0;0;0;0;0;0;0;0;0;3607;0;0;133;0;122;0;
20652;5127305;1250111488;21692416;1434796032;0;0;0;0;0;0;0;0;0;0;0;3266;0;0;133;0;122;0;
20653;6179519;1250111488;21692416;1434796032;0;0;0;0;0;0;0;0;0;0;0;3636;0;0;133;0;122;0;
20654;7315660;1250111488;21692416;1434796032;0;0;0;0;0;0;0;0;0;0;0;3316;0;0;133;0;122;0;
20655;4838624;1250111488;21692416;1434796032;0;0;0;0;0;0;0;0;0;0;0;3557;0;0;133;0;122;0;
20656;9066203;1250111488;21692416;1434796032;0;0;0;0;0;0;0;0;0;0;0;3426;0;0;133;0;122;0;
20657;7969196;1250111488;21692416;1434796032;0;0;0;0;0;0;0;0;0;0;0;3266;0;0;133;0;122;0;
20658;5133498;1250111488;21692416;1434796032;0;0;0;0;0;0;0;0;0;0;0;3686;0;0;133;0;122;0;
20659;4324110;1250111488;21692416;1434796032;0;0;0;0;0;0;0;0;0;0;0;5019;0;0;133;0;122;0;
20660;6081375;1250111488;21692416;1434796032;0;0;0;0;0;0;0;0;0;0;0;2986;0;0;133;0;122;0;
20661;3400067;1250111488;21692416;1434796032;0;0;0;0;0;0;0;0;0;0;0;3367;0;0;133;0;122;0;
20662;7477193;1250111488;21692416;1434796032;0;0;0;0;0;0;0;0;0;0;0;4900;0;0;133;0;122;0;
20663;4712558;1250111488;21692416;1434796032;0;0;0;0;0;0;0;0;0;0;0;3617;0;0;133;0;122;0;
20664;7760544;1250111488;21692416;1434796032;0;0;0;0;0;0;0;0;0;0;0;4569;0;0;133;0;122;0;
20665;4408277;1250111488;21692416;1434796032;0;0;0;0;0;0;0;0;0;0;0;4018;0;0;133;0;122;0;
20666;6859113;1250111488;21692416;1434796032;0;0;0;0;0;0;0;0;0;0;0;3838;0;0;133;0;122;0;
20667;5327141;1250111488;21692416;1434796032;0;0;0;0;0;0;0;0;0;0;0;3547;0;0;133;0;122;0;
20668;6871637;1250111488;21692416;1434796032;0;0;0;0;0;0;0;0;0;0;0;3477;0;0;133;0;122;0;
20669;11096541;1250111488;21692416;1434796032;0;0;0;0;0;0;0;0;0;0;0;3286;0;0;133;0;122;0;
20670;5546451;1250111488;21692416;1434796032;0;0;0;0;0;0;0;0;0;0;0;2685;0;0;133;0;122;0;
20671;7923530;1250111488;21692416;1434796032;0;0;0;0;0;0;0;0;0;0;0;3576;0;0;133;0;122;0;
20672;4832713;1250111488;21692416;1434796032;0;0;0;0;0;0;0;0;0;0;0;3156;0;0;133;0;122;0;
20673;5952183;1250111488;21692416;1434796032;0;0;0;0;0;0;0;0;0;0;0;3426;0;0;133;0;122;0;
20674;5093202;1250111488;21692416;1434796032;0;0;0;0;0;0;0;0;0;0;0;3928;0;0;133;0;122;0;
20675;6363574;1250111488;21692416;1434796032;0;0;0;0;0;0;0;0;0;0;0;3316;0;0;133;0;122;0;
20676;6588085;1250111488;21692416;1434796032;0;0;0;0;0;0;0;0;0;0;0;3647;0;0;133;0;122;0;
20677;5697325;1250111488;21692416;1434796032;0;0;0;0;0;0;0;0;0;0;0;2926;0;0;133;0;122;0;
20678;4929324;1250111488;21692416;1434796032;0;0;0;0;0;0;0;0;0;0;0;2875;0;0;133;0;122;0;
20679;4387287;1250111488;21692416;1434796032;0;0;0;0;0;0;0;0;0;0;0;3346;0;0;133;0;122;0;
20680;5512037;1250111488;21692416;1434796032;0;0;0;0;0;0;0;0;0;0;0;3417;0;0;133;0;122;0;
20681;4874341;1250111488;21692416;1434796032;0;0;0;0;0;0;0;0;0;0;0;3227;0;0;133;0;122;0;
20682;6706327;1250111488;21692416;1434796032;0;0;0;0;0;0;0;0;0;0;0;3216;0;0;133;0;122;0;
20683;5406258;1250111488;21692416;1434796032;0;0;0;0;0;0;0;0;0;0;0;3066;0;0;133;0;122;0;
20684;6037062;1250111488;21692416;1434796032;0;0;0;0;0;0;0;0;0;0;0;2715;0;0;133;0;122;0;
20685;4983526;1250111488;21692416;1434796032;0;0;0;0;0;0;0;0;0;0;0;3617;0;0;133;0;122;0;
20686;6125117;1250111488;21692416;1434796032;0;0;0;0;0;0;0;0;0;0;0;3386;0;0;133;0;122;0;
20687;6503136;1250111488;21692416;1434796032;0;0;0;0;0;0;0;0;0;0;0;3877;0;0;133;0;122;0;
20688;6101382;1250111488;21692416;1434796032;0;0;0;0;0;0;0;0;0;0;0;3206;0;0;133;0;122;0;
20689;5074176;1250111488;21692416;1434796032;0;0;0;0;0;0;0;0;0;0;0;3156;0;0;133;0;122;0;
20690;6429247;1250111488;21692416;1434796032;0;0;0;0;0;0;0;0;0;0;0;3146;0;0;133;0;122;0;
20691;5225189;1250111488;21692416;1434796032;0;0;0;0;0;0;0;0;0;0;0;3486;0;0;133;0;122;0;
20692;5849661;1250111488;21692416;1434796032;0;0;0;0;0;0;0;0;0;0;0;2865;0;0;133;0;122;0;
20693;5886870;1250111488;21692416;1434796032;0;0;0;0;0;0;0;0;0;0;0;3056;0;0;133;0;122;0;
20694;5709448;1250111488;21692416;1434796032;0;0;0;0;0;0;0;0;0;0;0;2534;0;0;133;0;122;0;
20695;5994502;1250111488;21692416;1434796032;0;0;0;0;0;0;0;0;0;0;0;3356;0;0;133;0;122;0;
20696;5898101;1250111488;21692416;1434796032;0;0;0;0;0;0;0;0;0;0;0;3657;0;0;133;0;122;0;
20697;5502029;1250111488;21692416;1434796032;0;0;0;0;0;0;0;0;0;0;0;2875;0;0;133;0;122;0;
20698;4749547;1250111488;21692416;1434796032;0;0;0;0;0;0;0;0;0;0;0;3086;0;0;133;0;122;0;
20699;4197903;1250111488;21692416;1434796032;0;0;0;0;0;0;0;0;0;0;0;4118;0;0;133;0;122;0;
20700;7283750;1250111488;21692416;1434796032;0;0;0;0;0;0;0;0;0;0;0;3086;0;0;133;0;122;0;
20701;6705846;1250111488;21692416;1434796032;0;0;0;0;0;0;0;0;0;0;0;3496;0;0;133;0;122;0;
20702;6058742;1250111488;21692416;1434796032;0;0;0;0;0;0;0;0;0;0;0;3537;0;0;133;0;122;0;
20703;5419614;1250111488;21692416;1434796032;0;0;0;0;0;0;0;0;0;0;0;3096;0;0;133;0;122;0;
20704;6613413;1250111488;21692416;1434796032;0;0;0;0;0;0;0;0;0;0;0;3567;0;0;133;0;122;0;
20705;5117537;1250111488;21692416;1434796032;0;0;0;0;0;0;0;0;0;0;0;3627;0;0;133;0;122;0;
20706;6139805;1250111488;21692416;1434796032;0;0;0;0;0;0;0;0;0;0;0;3917;0;0;133;0;122;0;
20707;6218082;1250111488;21692416;1434796032;0;0;0;0;0;0;0;0;0;0;0;3867;0;0;133;0;122;0;
20708;6464554;1250111488;21692416;1434796032;0;0;0;0;0;0;0;0;0;0;0;2906;0;0;133;0;122;0;
20709;4401775;1250111488;21692416;1434796032;0;0;0;0;0;0;0;0;0;0;0;3537;0;0;133;0;122;0;
20710;6798820;1250111488;21692416;1434796032;0;0;0;0;0;0;0;0;0;0;0;3757;0;0;133;0;122;0;
20711;6103636;1250111488;21692416;1434796032;0;0;0;0;0;0;0;0;0;0;0;3377;0;0;133;0;122;0;
20712;6562327;1250111488;21692416;1434796032;0;0;0;0;0;0;0;0;0;0;0;3206;0;0;133;0;122;0;
20713;6234983;1250111488;21692416;1434796032;0;0;0;0;0;0;0;0;0;0;0;3456;0;0;133;0;122;0;
20714;6601120;1250111488;21692416;1434796032;0;0;0;0;0;0;0;0;0;0;0;3046;0;0;133;0;122;0;
20715;7122127;1250111488;21692416;1434796032;0;0;0;0;0;0;0;0;0;0;0;3447;0;0;133;0;122;0;
20716;5768729;1250111488;21692416;1434796032;0;0;0;0;0;0;0;0;0;0;0;3016;0;0;133;0;122;0;
20717;5692556;1250111488;21692416;1434796032;0;0;0;0;0;0;0;0;0;0;0;3817;0;0;133;0;122;0;
20718;6402517;1250111488;21692416;1434796032;0;0;0;0;0;0;0;0;0;0;0;3317;0;0;133;0;122;0;
20719;6622088;1250111488;21692416;1434796032;0;0;0;0;0;0;0;0;0;0;0;4168;0;0;133;0;122;0;
20720;7178443;1250111488;21692416;1434796032;0;0;0;0;0;0;0;0;0;0;0;2435;0;0;133;0;122;0;
20721;9303297;1250111488;21692416;1434796032;0;0;0;0;0;0;0;0;0;0;0;3696;0;0;133;0;122;0;
20722;8255813;1250111488;21692416;1434796032;0;0;0;0;0;0;0;0;0;0;0;3156;0;0;133;0;122;0;
20723;7177260;1250111488;21692416;1434796032;0;0;0;0;0;0;0;0;0;0;0;3887;0;0;133;0;122;0;
20724;7415247;1250111488;21692416;1434796032;0;0;0;0;0;0;0;0;0;0;0;3887;0;0;133;0;122;0;
20725;6159471;1250111488;21692416;1434796032;0;0;0;0;0;0;0;0;0;0;0;4198;0;0;133;0;122;0;
20726;5936473;1250111488;21692416;1434796032;0;0;0;0;0;0;0;0;0;0;0;3957;0;0;133;0;122;0;
20727;6231096;1250111488;21692416;1434796032;0;0;0;0;0;0;0;0;0;0;0;3526;0;0;133;0;122;0;
20728;9469589;1250111488;21692416;1434796032;0;0;0;0;0;0;0;0;0;0;0;122039;0;0;133;0;122;0;
20729;5242211;1250111488;21696512;1434800128;0;0;0;0;0;0;0;0;0;0;0;4719;0;0;133;0;122;0;
20730;7274823;1250111488;21696512;1434800128;0;0;0;0;0;0;0;0;0;0;0;4118;0;0;133;0;122;0;
20731;4020680;1250111488;21696512;1434800128;0;0;0;0;0;0;0;0;0;0;0;3697;0;0;133;0;122;0;
20732;7939700;1250111488;21696512;1434800128;0;0;0;0;0;0;0;0;0;0;0;4007;0;0;133;0;122;0;
20733;3223094;1250111488;21696512;1434800128;0;0;0;0;0;0;0;0;0;0;0;3306;0;0;133;0;122;0;
20734;5869007;1250111488;21696512;1434800128;0;0;0;0;0;0;0;0;0;0;0;4288;0;0;133;0;122;0;
20735;4598764;1250144256;21692416;1434796032;0;0;0;0;0;0;0;0;0;0;0;3146;0;0;133;0;122;0;
20736;5703606;1250144256;21692416;1434796032;0;0;0;0;0;0;0;0;0;0;0;3707;0;0;133;0;122;0;
20737;5264443;1250140160;21688320;1434791936;0;0;0;0;0;0;0;0;0;0;0;3206;0;0;133;0;122;0;
20738;5329615;1250140160;21688320;1434791936;0;0;0;0;0;0;0;0;0;0;0;2745;0;0;133;0;122;0;
20739;6410312;1250140160;21688320;1434791936;0;0;0;0;0;0;0;0;0;0;0;3116;0;0;133;0;122;0;
20740;6011995;1250140160;21688320;1434791936;0;0;0;0;0;0;0;0;0;0;0;3166;0;0;133;0;122;0;
20741;5278489;1250140160;21688320;1434791936;0;0;0;0;0;0;0;0;0;0;0;2956;0;0;133;0;122;0;
20742;6875173;1250140160;21688320;1434791936;0;0;0;0;0;0;0;0;0;0;0;4238;0;0;133;0;122;0;
20743;7459609;1250140160;21688320;1434791936;0;0;0;0;0;0;0;0;0;0;0;3858;0;0;133;0;122;0;
20744;7878395;1250140160;21688320;1434791936;0;0;0;0;0;0;0;0;0;0;0;3246;0;0;133;0;122;0;
20745;6120248;1250140160;21688320;1434791936;0;0;0;0;0;0;0;0;0;0;0;4708;0;0;133;0;122;0;
20746;6902244;1250140160;21688320;1434791936;0;0;0;0;0;0;0;0;0;0;0;2986;0;0;133;0;122;0;
20747;4463460;1250140160;21688320;1434791936;0;0;0;0;0;0;0;0;0;0;0;3015;0;0;133;0;122;0;
20748;6581382;1250140160;21688320;1434791936;0;0;0;0;0;0;0;0;0;0;0;4278;0;0;133;0;122;0;
20749;4823225;1250140160;21688320;1434791936;0;0;0;0;0;0;0;0;0;0;0;4408;0;0;133;0;122;0;
20750;6964381;1250140160;21688320;1434791936;0;0;0;0;0;0;0;0;0;0;0;4138;0;0;133;0;122;0;
20751;5722141;1250140160;21688320;1434791936;0;0;0;0;0;0;0;0;0;0;0;3296;0;0;133;0;122;0;
20752;6099999;1250140160;21688320;1434791936;0;0;0;0;0;0;0;0;0;0;0;2966;0;0;133;0;122;0;
20753;5417920;1250140160;21688320;1434791936;0;0;0;0;0;0;0;0;0;0;0;3366;0;0;133;0;122;0;
20754;5413122;1250140160;21688320;1434791936;0;0;0;0;0;0;0;0;0;0;0;3797;0;0;133;0;122;0;
20755;4775195;1250140160;21688320;1434791936;0;0;0;0;0;0;0;0;0;0;0;3036;0;0;133;0;122;0;
20756;5558294;1250140160;21688320;1434791936;0;0;0;0;0;0;0;0;0;0;0;2835;0;0;133;0;122;0;
20757;4379754;1250140160;21688320;1434791936;0;0;0;0;0;0;0;0;0;0;0;4208;0;0;133;0;122;0;
20758;7293819;1250140160;21688320;1434791936;0;0;0;0;0;0;0;0;0;0;0;3166;0;0;133;0;122;0;
20759;4556085;1250140160;21688320;1434791936;0;0;0;0;0;0;0;0;0;0;0;3696;0;0;133;0;122;0;
20760;6062930;1250140160;21688320;1434791936;0;0;0;0;0;0;0;0;0;0;0;2825;0;0;133;0;122;0;
20761;4475473;1250140160;21688320;1434791936;0;0;0;0;0;0;0;0;0;0;0;3998;0;0;133;0;122;0;
20762;7039371;1250140160;21688320;1434791936;0;0;0;0;0;0;0;0;0;0;0;2936;0;0;133;0;122;0;
20763;5523679;1250140160;21688320;1434791936;0;0;0;0;0;0;0;0;0;0;0;4268;0;0;133;0;122;0;
20764;7242934;1250140160;21688320;1434791936;0;0;0;0;0;0;0;0;0;0;0;3597;0;0;133;0;122;0;
20765;5297946;1250140160;21688320;1434791936;0;0;0;0;0;0;0;0;0;0;0;3666;0;0;133;0;122;0;
20766;6150114;1250140160;21688320;1434791936;0;0;0;0;0;0;0;0;0;0;0;3427;0;0;133;0;122;0;
20767;4497003;1250140160;21688320;1434791936;0;0;0;0;0;0;0;0;0;0;0;2926;0;0;133;0;122;0;
20768;6218482;1250140160;21688320;1434791936;0;0;0;0;0;0;0;0;0;0;0;2985;0;0;133;0;122;0;
20769;4375235;1250140160;21688320;1434791936;0;0;0;0;0;0;0;0;0;0;0;3977;0;0;133;0;122;0;
20770;6747775;1250140160;21688320;1434791936;0;0;0;0;0;0;0;0;0;0;0;2835;0;0;133;0;122;0;
20771;5131554;1250140160;21688320;1434791936;0;0;0;0;0;0;0;0;0;0;0;3316;0;0;133;0;122;0;
20772;6402687;1250140160;21688320;1434791936;0;0;0;0;0;0;0;0;0;0;0;3226;0;0;133;0;122;0;
20773;5095266;1250140160;21688320;1434791936;0;0;0;0;0;0;0;0;0;0;0;2705;0;0;133;0;122;0;
20774;6485061;1250140160;21688320;1434791936;0;0;0;0;0;0;0;0;0;0;0;3657;0;0;133;0;122;0;
20775;5867764;1250140160;21688320;1434791936;0;0;0;0;0;0;0;0;0;0;0;3797;0;0;133;0;122;0;
20776;7642473;1250140160;21688320;1434791936;0;0;0;0;0;0;0;0;0;0;0;3767;0;0;133;0;122;0;
20777;5929460;1250140160;21688320;1434791936;0;0;0;0;0;0;0;0;0;0;0;3837;0;0;133;0;122;0;
20778;6215647;1250140160;21688320;1434791936;0;0;0;0;0;0;0;0;0;0;0;2505;0;0;133;0;122;0;
20779;6582495;1250140160;21688320;1434791936;0;0;0;0;0;0;0;0;0;0;0;4178;0;0;133;0;122;0;
20780;6181001;1250140160;21688320;1434791936;0;0;0;0;0;0;0;0;0;0;0;3938;0;0;133;0;122;0;
20781;6844236;1250140160;21688320;1434791936;0;0;0;0;0;0;0;0;0;0;0;3968;0;0;133;0;122;0;
20782;6721365;1250140160;21688320;1434791936;0;0;0;0;0;0;0;0;0;0;0;3276;0;0;133;0;122;0;
20783;4196059;1250140160;21688320;1434791936;0;0;0;0;0;0;0;0;0;0;0;3487;0;0;133;0;122;0;
20784;7161781;1250140160;21688320;1434791936;0;0;0;0;0;0;0;0;0;0;0;4388;0;0;133;0;122;0;
20785;5322541;1250140160;21688320;1434791936;0;0;0;0;0;0;0;0;0;0;0;3056;0;0;133;0;122;0;
20786;6737906;1250140160;21688320;1434791936;0;0;0;0;0;0;0;0;0;0;0;4197;0;0;133;0;122;0;
20787;5428901;1250140160;21688320;1434791936;0;0;0;0;0;0;0;0;0;0;0;4057;0;0;133;0;122;0;
20788;7346618;1250140160;21688320;1434791936;0;0;0;0;0;0;0;0;0;0;0;2445;0;0;133;0;122;0;
20789;6289235;1250140160;21688320;1434791936;0;0;0;0;0;0;0;0;0;0;0;3336;0;0;133;0;122;0;
20790;6421092;1250140160;21688320;1434791936;0;0;0;0;0;0;0;0;0;0;0;3727;0;0;133;0;122;0;
20791;5237252;1250140160;21688320;1434791936;0;0;0;0;0;0;0;0;0;0;0;2915;0;0;133;0;122;0;
20792;6999176;1250140160;21688320;1434791936;0;0;0;0;0;0;0;0;0;0;0;3897;0;0;133;0;122;0;
20793;4198243;1250140160;21688320;1434791936;0;0;0;0;0;0;0;0;0;0;0;2434;0;0;133;0;122;0;
20794;6744708;1250140160;21688320;1434791936;0;0;0;0;0;0;0;0;0;0;0;3426;0;0;133;0;122;0;
20795;5636902;1250140160;21688320;1434791936;0;0;0;0;0;0;0;0;0;0;0;4518;0;0;133;0;122;0;
20796;7380200;1250140160;21688320;1434791936;0;0;0;0;0;0;0;0;0;0;0;3266;0;0;133;0;122;0;
20797;6358064;1250140160;21688320;1434791936;0;0;0;0;0;0;0;0;0;0;0;3797;0;0;133;0;122;0;
20798;6946488;1250140160;21688320;1434791936;0;0;0;0;0;0;0;0;0;0;0;3737;0;0;133;0;122;0;
20799;4093697;1250140160;21688320;1434791936;0;0;0;0;0;0;0;0;0;0;0;4028;0;0;133;0;122;0;
20800;7647912;1250140160;21688320;1434791936;0;0;0;0;0;0;0;0;0;0;0;3517;0;0;133;0;122;0;
20801;4430509;1250140160;21688320;1434791936;0;0;0;0;0;0;0;0;0;0;0;3436;0;0;133;0;122;0;
20802;7141082;1250140160;21688320;1434791936;0;0;0;0;0;0;0;0;0;0;0;3566;0;0;133;0;122;0;
20803;6040729;1250140160;21688320;1434791936;0;0;0;0;0;0;0;0;0;0;0;2965;0;0;133;0;122;0;
20804;6482076;1250140160;21688320;1434791936;0;0;0;0;0;0;0;0;0;0;0;3557;0;0;133;0;122;0;
20805;6477318;1250140160;21688320;1434791936;0;0;0;0;0;0;0;0;0;0;0;3566;0;0;133;0;122;0;
20806;6725523;1250140160;21688320;1434791936;0;0;0;0;0;0;0;0;0;0;0;2815;0;0;133;0;122;0;
20807;6924957;1250140160;21688320;1434791936;0;0;0;0;0;0;0;0;0;0;0;3006;0;0;133;0;122;0;
20808;4806554;1250140160;21688320;1434791936;0;0;0;0;0;0;0;0;0;0;0;2885;0;0;133;0;122;0;
20809;5400718;1250140160;21688320;1434791936;0;0;0;0;0;0;0;0;0;0;0;2655;0;0;133;0;122;0;
20810;5859589;1250140160;21688320;1434791936;0;0;0;0;0;0;0;0;0;0;0;2555;0;0;133;0;122;0;
20811;4814178;1250140160;21688320;1434791936;0;0;0;0;0;0;0;0;0;0;0;3106;0;0;133;0;122;0;
20812;10863714;1250140160;21688320;1434791936;0;0;0;0;0;0;0;0;0;0;0;2354;0;0;133;0;122;0;
20813;8176895;1250140160;21688320;1434791936;0;0;0;0;0;0;0;0;0;0;0;5561;0;0;133;0;122;0;
20814;7491730;1250140160;21688320;1434791936;0;0;0;0;0;0;0;0;0;0;0;3416;0;0;133;0;122;0;
20815;5983291;1250140160;21688320;1434791936;0;0;0;0;0;0;0;0;0;0;0;3657;0;0;133;0;122;0;
20816;6687742;1250140160;21688320;1434791936;0;0;0;0;0;0;0;0;0;0;0;3526;0;0;133;0;122;0;
20817;5606013;1250140160;21688320;1434791936;0;0;0;0;0;0;0;0;0;0;0;4748;0;0;133;0;122;0;
20818;6170852;1250140160;21688320;1434791936;0;0;0;0;0;0;0;0;0;0;0;2766;0;0;133;0;122;0;
20819;6561055;1250140160;21688320;1434791936;0;0;0;0;0;0;0;0;0;0;0;3647;0;0;133;0;122;0;
20820;6428866;1250140160;21688320;1434791936;0;0;0;0;0;0;0;0;0;0;0;3126;0;0;133;0;122;0;
20821;5630870;1250140160;21688320;1434791936;0;0;0;0;0;0;0;0;0;0;0;3937;0;0;133;0;122;0;
20822;5088062;1250140160;21688320;1434791936;0;0;0;0;0;0;0;0;0;0;0;3307;0;0;133;0;122;0;
20823;5414023;1250140160;21688320;1434791936;0;0;0;0;0;0;0;0;0;0;0;3948;0;0;133;0;122;0;
20824;5244946;1250140160;21688320;1434791936;0;0;0;0;0;0;0;0;0;0;0;3326;0;0;133;0;122;0;
20825;3991716;1250140160;21688320;1434791936;0;0;0;0;0;0;0;0;0;0;0;3717;0;0;133;0;122;0;
20826;6506552;1250140160;21688320;1434791936;0;0;0;0;0;0;0;0;0;0;0;2725;0;0;133;0;122;0;
20827;3688557;1250140160;21688320;1434791936;0;0;0;0;0;0;0;0;0;0;0;3636;0;0;133;0;122;0;
20828;7230611;1250140160;21688320;1434791936;0;0;0;0;0;0;0;0;0;0;0;3075;0;0;133;0;122;0;
20829;3641449;1250140160;21688320;1434791936;0;0;0;0;0;0;0;0;0;0;0;3777;0;0;133;0;122;0;
20830;6667264;1250140160;21688320;1434791936;0;0;0;0;0;0;0;0;0;0;0;2345;0;0;133;0;122;0;
20831;3766413;1250140160;21688320;1434791936;0;0;0;0;0;0;0;0;0;0;0;3035;0;0;133;0;122;0;
20832;6035529;1250140160;21688320;1434791936;0;0;0;0;0;0;0;0;0;0;0;2365;0;0;133;0;122;0;
20833;5003674;1250140160;21688320;1434791936;0;0;0;0;0;0;0;0;0;0;0;3536;0;0;133;0;122;0;
20834;6159601;1250140160;21688320;1434791936;0;0;0;0;0;0;0;0;0;0;0;3016;0;0;133;0;122;0;
20835;4678714;1250140160;21688320;1434791936;0;0;0;0;0;0;0;0;0;0;0;3477;0;0;133;0;122;0;
20836;6593005;1250140160;21688320;1434791936;0;0;0;0;0;0;0;0;0;0;0;2545;0;0;133;0;122;0;
20837;3652399;1250140160;21688320;1434791936;0;0;0;0;0;0;0;0;0;0;0;4208;0;0;133;0;122;0;
20838;4420820;1250140160;21688320;1434791936;0;0;0;0;0;0;0;0;0;0;0;2024;0;0;133;0;122;0;
20839;4154101;1250140160;21688320;1434791936;0;0;0;0;0;0;0;0;0;0;0;3426;0;0;133;0;122;0;
20840;5538527;1250140160;21688320;1434791936;0;0;0;0;0;0;0;0;0;0;0;2986;0;0;133;0;122;0;
20841;4668084;1250140160;21688320;1434791936;0;0;0;0;0;0;0;0;0;0;0;4358;0;0;133;0;122;0;
20842;6427394;1250140160;21688320;1434791936;0;0;0;0;0;0;0;0;0;0;0;3266;0;0;133;0;122;0;
20843;5306952;1250140160;21688320;1434791936;0;0;0;0;0;0;0;0;0;0;0;3797;0;0;133;0;122;0;
20844;5400688;1250140160;21688320;1434791936;0;0;0;0;0;0;0;0;0;0;0;3296;0;0;133;0;122;0;
20845;5041866;1250140160;21688320;1434791936;0;0;0;0;0;0;0;0;0;0;0;3637;0;0;133;0;122;0;
20846;5795739;1250140160;21688320;1434791936;0;0;0;0;0;0;0;0;0;0;0;3527;0;0;133;0;122;0;
20847;4253747;1250140160;21688320;1434791936;0;0;0;0;0;0;0;0;0;0;0;3086;0;0;133;0;122;0;
20848;7055222;1250140160;21688320;1434791936;0;0;0;0;0;0;0;0;0;0;0;2645;0;0;133;0;122;0;
20849;4465805;1250140160;21688320;1434791936;0;0;0;0;0;0;0;0;0;0;0;2955;0;0;133;0;122;0;
20850;5849339;1250140160;21688320;1434791936;0;0;0;0;0;0;0;0;0;0;0;2906;0;0;133;0;122;0;
20851;4095671;1250140160;21688320;1434791936;0;0;0;0;0;0;0;0;0;0;0;4298;0;0;133;0;122;0;
20852;5728533;1250140160;21688320;1434791936;0;0;0;0;0;0;0;0;0;0;0;2775;0;0;133;0;122;0;
20853;4326774;1250140160;21688320;1434791936;0;0;0;0;0;0;0;0;0;0;0;3246;0;0;133;0;122;0;
20854;7054289;1250140160;21688320;1434791936;0;0;0;0;0;0;0;0;0;0;0;2264;0;0;133;0;122;0;
20855;3334253;1250140160;21688320;1434791936;0;0;0;0;0;0;0;0;0;0;0;2895;0;0;133;0;122;0;
20856;5706542;1250140160;21688320;1434791936;0;0;0;0;0;0;0;0;0;0;0;3196;0;0;133;0;122;0;
20857;3153264;1250140160;21688320;1434791936;0;0;0;0;0;0;0;0;0;0;0;3086;0;0;133;0;122;0;
20858;4966103;1250140160;21688320;1434791936;0;0;0;0;0;0;0;0;0;0;0;2535;0;0;133;0;122;0;
20859;4613572;1250140160;21688320;1434791936;0;0;0;0;0;0;0;0;0;0;0;3056;0;0;133;0;122;0;
20860;5608148;1250140160;21688320;1434791936;0;0;0;0;0;0;0;0;0;0;0;2505;0;0;133;0;122;0;
20861;3786491;1250140160;21688320;1434791936;0;0;0;0;0;0;0;0;0;0;0;2785;0;0;133;0;122;0;
20862;6720854;1250140160;21688320;1434791936;0;0;0;0;0;0;0;0;0;0;0;3076;0;0;133;0;122;0;
20863;3909242;1250140160;21688320;1434791936;0;0;0;0;0;0;0;0;0;0;0;2655;0;0;133;0;122;0;
20864;6262284;1250140160;21688320;1434791936;0;0;0;0;0;0;0;0;0;0;0;2976;0;0;133;0;122;0;
20865;3379548;1250140160;21688320;1434791936;0;0;0;0;0;0;0;0;0;0;0;3917;0;0;133;0;122;0;
20866;7185295;1255677952;33566720;1446670336;0;0;0;0;0;0;0;0;0;0;0;3256;0;0;133;0;122;0;
20867;3082591;1255677952;33566720;1446670336;0;0;0;0;0;0;0;0;0;0;0;2875;0;0;133;0;122;0;
20868;5740846;1255677952;33566720;1446670336;0;0;0;0;0;0;0;0;0;0;0;2495;0;0;133;0;122;0;
20869;3565677;1255677952;33566720;1446670336;0;0;0;0;0;0;0;0;0;0;0;2875;0;0;133;0;122;0;
20870;5628486;1255677952;33566720;1446670336;0;0;0;0;0;0;0;0;0;0;0;2284;0;0;133;0;122;0;
20871;4035358;1255677952;33566720;1446670336;0;0;0;0;0;0;0;0;0;0;0;3196;0;0;133;0;122;0;
20872;5322923;1255677952;33566720;1446670336;0;0;0;0;0;0;0;0;0;0;0;2154;0;0;133;0;122;0;
20873;5363759;1255677952;33566720;1446670336;0;0;0;0;0;0;0;0;0;0;0;2555;0;0;133;0;122;0;
20874;5616884;1255677952;33566720;1446670336;0;0;0;0;0;0;0;0;0;0;0;2695;0;0;133;0;122;0;
20875;4318249;1255677952;33566720;1446670336;0;0;0;0;0;0;0;0;0;0;0;3046;0;0;133;0;122;0;
20876;6275129;1255677952;33566720;1446670336;0;0;0;0;0;0;0;0;0;0;0;2655;0;0;133;0;122;0;
20877;4266271;1255677952;33566720;1446670336;0;0;0;0;0;0;0;0;0;0;0;3216;0;0;133;0;122;0;
20878;5850752;1255677952;33566720;1446670336;0;0;0;0;0;0;0;0;0;0;0;2565;0;0;133;0;122;0;
20879;5100235;1255677952;33566720;1446670336;0;0;0;0;0;0;0;0;0;0;0;2986;0;0;133;0;122;0;
20880;5484425;1255677952;33566720;1446670336;0;0;0;0;0;0;0;0;0;0;0;2665;0;0;133;0;122;0;
20881;4256232;1255677952;33566720;1446670336;0;0;0;0;0;0;0;0;0;0;0;3637;0;0;133;0;122;0;
20882;5324255;1255677952;33566720;1446670336;0;0;0;0;0;0;0;0;0;0;0;2234;0;0;133;0;122;0;
20883;4099659;1255677952;33566720;1446670336;0;0;0;0;0;0;0;0;0;0;0;3066;0;0;133;0;122;0;
20884;5443148;1255677952;33566720;1446670336;0;0;0;0;0;0;0;0;0;0;0;2384;0;0;133;0;122;0;
20885;3554967;1255677952;33566720;1446670336;0;0;0;0;0;0;0;0;0;0;0;3296;0;0;133;0;122;0;
20886;6545255;1255677952;33566720;1446670336;0;0;0;0;0;0;0;0;0;0;0;2054;0;0;133;0;122;0;
20887;5377896;1255677952;33566720;1446670336;0;0;0;0;0;0;0;0;0;0;0;2995;0;0;133;0;122;0;
20888;5212946;1255677952;33566720;1446670336;0;0;0;0;0;0;0;0;0;0;0;2935;0;0;133;0;122;0;
20889;4506061;1255677952;33566720;1446670336;0;0;0;0;0;0;0;0;0;0;0;3577;0;0;133;0;122;0;
20890;5226312;1257775104;33566720;1446670336;0;0;0;0;0;0;0;0;0;0;0;2234;0;0;133;0;122;0;
20891;4471295;1257775104;33566720;1446670336;0;0;0;0;0;0;0;0;0;0;0;3507;0;0;133;0;122;0;
20892;5682667;1257775104;33566720;1446670336;0;0;0;0;0;0;0;0;0;0;0;2285;0;0;133;0;122;0;
20893;4050576;1257775104;33566720;1446670336;0;0;0;0;0;0;0;0;0;0;0;2444;0;0;133;0;122;0;
20894;6434086;1257775104;33570816;1446674432;0;0;0;0;0;0;0;0;0;0;0;3096;0;0;133;0;122;0;
20895;3220389;1257775104;33574912;1446678528;0;0;0;0;0;0;0;0;0;0;0;2545;0;0;133;0;122;0;
20896;7040293;1257775104;33574912;1446678528;0;0;0;0;0;0;0;0;0;0;0;2805;0;0;133;0;122;0;
20897;3054778;1257775104;33574912;1446678528;0;0;0;0;0;0;0;0;0;0;0;2776;0;0;133;0;122;0;
20898;5614248;1257775104;33574912;1446678528;0;0;0;0;0;0;0;0;0;0;0;2245;0;0;133;0;122;0;
20899;3127886;1257775104;33574912;1446678528;0;0;0;0;0;0;0;0;0;0;0;2615;0;0;133;0;122;0;
20900;5743050;1257775104;33574912;1446678528;0;0;0;0;0;0;0;0;0;0;0;2053;0;0;133;0;122;0;
20901;3326178;1257971712;33566720;1446670336;0;0;0;0;0;0;0;0;0;0;0;2965;0;0;133;0;122;0;
20902;7391192;1257971712;33566720;1446670336;0;0;0;0;0;0;0;0;0;0;0;2755;0;0;133;0;122;0;
20903;5074156;1257971712;33566720;1446670336;0;0;0;0;0;0;0;0;0;0;0;3526;0;0;133;0;122;0;
20904;5560208;1257971712;33566720;1446670336;0;0;0;0;0;0;0;0;0;0;0;3126;0;0;133;0;122;0;
20905;4247757;1257971712;33566720;1446670336;0;0;0;0;0;0;0;0;0;0;0;3807;0;0;133;0;122;0;
20906;5467123;1257971712;33566720;1446670336;0;0;0;0;0;0;0;0;0;0;0;3297;0;0;133;0;122;0;
20907;4160924;1257971712;33566720;1446670336;0;0;0;0;0;0;0;0;0;0;0;3457;0;0;133;0;122;0;
20908;5095806;1257971712;33566720;1446670336;0;0;0;0;0;0;0;0;0;0;0;2695;0;0;133;0;122;0;
20909;4980230;1257971712;33566720;1446670336;0;0;0;0;0;0;0;0;0;0;0;3617;0;0;133;0;122;0;
20910;5681084;1257971712;33566720;1446670336;0;0;0;0;0;0;0;0;0;0;0;3276;0;0;133;0;122;0;
20911;3536121;1257971712;33566720;1446670336;0;0;0;0;0;0;0;0;0;0;0;3727;0;0;133;0;122;0;
20912;5476691;1257971712;33566720;1446670336;0;0;0;0;0;0;0;0;0;0;0;3877;0;0;133;0;122;0;
20913;3937835;1257971712;33566720;1446670336;0;0;0;0;0;0;0;0;0;0;0;2876;0;0;133;0;122;0;
20914;6608433;1257971712;33566720;1446670336;0;0;0;0;0;0;0;0;0;0;0;2765;0;0;133;0;122;0;
20915;3769800;1257971712;33566720;1446670336;0;0;0;0;0;0;0;0;0;0;0;2815;0;0;133;0;122;0;
20916;6497095;1257971712;33566720;1446670336;0;0;0;0;0;0;0;0;0;0;0;3837;0;0;133;0;122;0;
20917;4067949;1257971712;33566720;1446670336;0;0;0;0;0;0;0;0;0;0;0;2996;0;0;133;0;122;0;
20918;5982349;1257971712;33566720;1446670336;0;0;0;0;0;0;0;0;0;0;0;3296;0;0;133;0;122;0;
20919;3914261;1257971712;33566720;1446670336;0;0;0;0;0;0;0;0;0;0;0;2725;0;0;133;0;122;0;
20920;5791842;1257971712;33566720;1446670336;0;0;0;0;0;0;0;0;0;0;0;4308;0;0;133;0;122;0;
20921;3269852;1257971712;33566720;1446670336;0;0;0;0;0;0;0;0;0;0;0;3316;0;0;133;0;122;0;
20922;6030349;1257971712;33566720;1446670336;0;0;0;0;0;0;0;0;0;0;0;3125;0;0;133;0;122;0;
20923;3963543;1257971712;33566720;1446670336;0;0;0;0;0;0;0;0;0;0;0;3687;0;0;133;0;122;0;
20924;6018908;1257971712;33566720;1446670336;0;0;0;0;0;0;0;0;0;0;0;2875;0;0;133;0;122;0;
20925;2738395;1257971712;33566720;1446670336;0;0;0;0;0;0;0;0;0;0;0;3727;0;0;133;0;122;0;
20926;4365537;1257971712;33566720;1446670336;0;0;0;0;0;0;0;0;0;0;0;2515;0;0;133;0;122;0;
20927;4024056;1257971712;33566720;1446670336;0;0;0;0;0;0;0;0;0;0;0;3707;0;0;133;0;122;0;
20928;5543737;1257971712;33566720;1446670336;0;0;0;0;0;0;0;0;0;0;0;3557;0;0;133;0;122;0;
20929;4367150;1257971712;33566720;1446670336;0;0;0;0;0;0;0;0;0;0;0;3577;0;0;133;0;122;0;
20930;6548571;1257971712;33566720;1446670336;0;0;0;0;0;0;0;0;0;0;0;3957;0;0;133;0;122;0;
20931;3862714;1257971712;33566720;1446670336;0;0;0;0;0;0;0;0;0;0;0;3196;0;0;133;0;122;0;
20932;5669542;1257971712;33566720;1446670336;0;0;0;0;0;0;0;0;0;0;0;4067;0;0;133;0;122;0;
20933;3589010;1257971712;33566720;1446670336;0;0;0;0;0;0;0;0;0;0;0;3446;0;0;133;0;122;0;
20934;4808839;1257971712;33566720;1446670336;0;0;0;0;0;0;0;0;0;0;0;2585;0;0;133;0;122;0;
20935;4887125;1257971712;33566720;1446670336;0;0;0;0;0;0;0;0;0;0;0;3016;0;0;133;0;122;0;
20936;6920418;1257971712;33566720;1446670336;0;0;0;0;0;0;0;0;0;0;0;3096;0;0;133;0;122;0;
20937;3435623;1257971712;33566720;1446670336;0;0;0;0;0;0;0;0;0;0;0;2975;0;0;133;0;122;0;
20938;5372005;1257971712;33566720;1446670336;0;0;0;0;0;0;0;0;0;0;0;2796;0;0;133;0;122;0;
20939;4006183;1257971712;33566720;1446670336;0;0;0;0;0;0;0;0;0;0;0;2985;0;0;133;0;122;0;
20940;6136889;1257971712;33566720;1446670336;0;0;0;0;0;0;0;0;0;0;0;4057;0;0;133;0;122;0;
20941;3690140;1257971712;33566720;1446670336;0;0;0;0;0;0;0;0;0;0;0;3577;0;0;133;0;122;0;
20942;7289270;1257971712;33566720;1446670336;0;0;0;0;0;0;0;0;0;0;0;3978;0;0;133;0;122;0;
20943;4050496;1257971712;33566720;1446670336;0;0;0;0;0;0;0;0;0;0;0;3216;0;0;133;0;122;0;
20944;7779009;1257971712;33566720;1446670336;0;0;0;0;0;0;0;0;0;0;0;2855;0;0;133;0;122;0;
20945;4281619;1257971712;33566720;1446670336;0;0;0;0;0;0;0;0;0;0;0;3737;0;0;133;0;122;0;
20946;6931359;1257971712;33566720;1446670336;0;0;0;0;0;0;0;0;0;0;0;3817;0;0;133;0;122;0;
20947;4848012;1257971712;33566720;1446670336;0;0;0;0;0;0;0;0;0;0;0;3266;0;0;133;0;122;0;
20948;7569496;1257971712;33566720;1446670336;0;0;0;0;0;0;0;0;0;0;0;2976;0;0;133;0;122;0;
20949;4970912;1257971712;33566720;1446670336;0;0;0;0;0;0;0;0;0;0;0;3086;0;0;133;0;122;0;
20950;5834943;1257971712;33566720;1446670336;0;0;0;0;0;0;0;0;0;0;0;3015;0;0;133;0;122;0;
20951;5174434;1257971712;33566720;1446670336;0;0;0;0;0;0;0;0;0;0;0;3036;0;0;133;0;122;0;
20952;6836220;1257971712;33566720;1446670336;0;0;0;0;0;0;0;0;0;0;0;3777;0;0;133;0;122;0;
20953;4036680;1257971712;33566720;1446670336;0;0;0;0;0;0;0;0;0;0;0;2896;0;0;133;0;122;0;
20954;7775462;1257971712;33566720;1446670336;0;0;0;0;0;0;0;0;0;0;0;2966;0;0;133;0;122;0;
20955;4171323;1257971712;33566720;1446670336;0;0;0;0;0;0;0;0;0;0;0;4108;0;0;133;0;122;0;
20956;7003313;1257971712;33566720;1446670336;0;0;0;0;0;0;0;0;0;0;0;3646;0;0;133;0;122;0;
20957;5651579;1257971712;33566720;1446670336;0;0;0;0;0;0;0;0;0;0;0;3988;0;0;133;0;122;0;
20958;6301547;1257971712;33566720;1446670336;0;0;0;0;0;0;0;0;0;0;0;2695;0;0;133;0;122;0;
20959;4617029;1257971712;33566720;1446670336;0;0;0;0;0;0;0;0;0;0;0;4078;0;0;133;0;122;0;
20960;6574119;1257971712;33566720;1446670336;0;0;0;0;0;0;0;0;0;0;0;2615;0;0;133;0;122;0;
20961;3529069;1257971712;33566720;1446670336;0;0;0;0;0;0;0;0;0;0;0;3817;0;0;133;0;122;0;
20962;6255842;1257971712;33566720;1446670336;0;0;0;0;0;0;0;0;0;0;0;4408;0;0;133;0;122;0;
20963;5330867;1257971712;33566720;1446670336;0;0;0;0;0;0;0;0;0;0;0;3135;0;0;133;0;122;0;
20964;8210228;1257971712;33566720;1446670336;0;0;0;0;0;0;0;0;0;0;0;4118;0;0;133;0;122;0;
20965;6137461;1257971712;33566720;1446670336;0;0;0;0;0;0;0;0;0;0;0;3577;0;0;133;0;122;0;
20966;7200603;1257971712;33566720;1446670336;0;0;0;0;0;0;0;0;0;0;0;3997;0;0;133;0;122;0;
20967;6602181;1257971712;33566720;1446670336;0;0;0;0;0;0;0;0;0;0;0;4929;0;0;133;0;122;0;
20968;9303618;1257971712;33566720;1446670336;0;0;0;0;0;0;0;0;0;0;0;4308;0;0;133;0;122;0;
20969;6920669;1257971712;33566720;1446670336;0;0;0;0;0;0;0;0;0;0;0;3797;0;0;133;0;122;0;
20970;6612691;1257971712;33566720;1446670336;0;0;0;0;0;0;0;0;0;0;0;2896;0;0;133;0;122;0;
20971;4940716;1257971712;33566720;1446670336;0;0;0;0;0;0;0;0;0;0;0;2935;0;0;133;0;122;0;
20972;6131339;1257971712;33566720;1446670336;0;0;0;0;0;0;0;0;0;0;0;2785;0;0;133;0;122;0;
20973;5225400;1257971712;33566720;1446670336;0;0;0;0;0;0;0;0;0;0;0;3427;0;0;133;0;122;0;
20974;6740080;1257971712;33566720;1446670336;0;0;0;0;0;0;0;0;0;0;0;3447;0;0;133;0;122;0;
20975;5869628;1257971712;33566720;1446670336;0;0;0;0;0;0;0;0;0;0;0;2865;0;0;133;0;122;0;
20976;5662450;1257971712;33566720;1446670336;0;0;0;0;0;0;0;0;0;0;0;2415;0;0;133;0;122;0;
20977;4632738;1257971712;33566720;1446670336;0;0;0;0;0;0;0;0;0;0;0;2675;0;0;133;0;122;0;
20978;5521244;1257971712;33566720;1446670336;0;0;0;0;0;0;0;0;0;0;0;3176;0;0;133;0;122;0;
20979;5532145;1257971712;33566720;1446670336;0;0;0;0;0;0;0;0;0;0;0;3807;0;0;133;0;122;0;
20980;5066222;1257971712;33566720;1446670336;0;0;0;0;0;0;0;0;0;0;0;2515;0;0;133;0;122;0;
20981;5077392;1257971712;33566720;1446670336;0;0;0;0;0;0;0;0;0;0;0;3877;0;0;133;0;122;0;
20982;6866086;1257971712;33566720;1446670336;0;0;0;0;0;0;0;0;0;0;0;3677;0;0;133;0;122;0;
20983;4823506;1257971712;33566720;1446670336;0;0;0;0;0;0;0;0;0;0;0;4619;0;0;133;0;122;0;
20984;6531299;1257971712;33566720;1446670336;0;0;0;0;0;0;0;0;0;0;0;3898;0;0;133;0;122;0;
20985;3917917;1257971712;33566720;1446670336;0;0;0;0;0;0;0;0;0;0;0;3757;0;0;133;0;122;0;
20986;6384854;1257971712;33566720;1446670336;0;0;0;0;0;0;0;0;0;0;0;3146;0;0;133;0;122;0;
20987;3475609;1257971712;33566720;1446670336;0;0;0;0;0;0;0;0;0;0;0;5380;0;0;133;0;122;0;
20988;5297345;1257971712;33566720;1446670336;0;0;0;0;0;0;0;0;0;0;0;2906;0;0;133;0;122;0;
20989;4284615;1257971712;33566720;1446670336;0;0;0;0;0;0;0;0;0;0;0;3316;0;0;133;0;122;0;
20990;7643475;1257971712;33566720;1446670336;0;0;0;0;0;0;0;0;0;0;0;3226;0;0;133;0;122;0;
20991;6256183;1257971712;33566720;1446670336;0;0;0;0;0;0;0;0;0;0;0;3837;0;0;133;0;122;0;
20992;6374093;1257971712;33566720;1446670336;0;0;0;0;0;0;0;0;0;0;0;3246;0;0;133;0;122;0;
20993;4371178;1257971712;33566720;1446670336;0;0;0;0;0;0;0;0;0;0;0;3436;0;0;133;0;122;0;
20994;5843749;1257971712;33566720;1446670336;0;0;0;0;0;0;0;0;0;0;0;3005;0;0;133;0;122;0;
20995;4771969;1257971712;33566720;1446670336;0;0;0;0;0;0;0;0;0;0;0;4489;0;0;133;0;122;0;
20996;6109177;1257971712;33566720;1446670336;0;0;0;0;0;0;0;0;0;0;0;2675;0;0;133;0;122;0;
20997;4676480;1257971712;33566720;1446670336;0;0;0;0;0;0;0;0;0;0;0;3447;0;0;133;0;122;0;
20998;12560636;1257971712;33566720;1446670336;0;0;0;0;0;0;0;0;0;0;0;3226;0;0;133;0;122;0;
20999;5503401;1257971712;33566720;1446670336;0;0;0;0;0;0;0;0;0;0;0;4288;0;0;133;0;122;0;
21000;6210858;1257971712;33566720;1446670336;0;0;0;0;0;0;0;0;0;0;0;2825;0;0;133;0;122;0;
21001;5204460;1257971712;33566720;1446670336;0;0;0;0;0;0;0;0;0;0;0;3536;0;0;133;0;122;0;
21002;5779108;1257971712;33566720;1446670336;0;0;0;0;0;0;0;0;0;0;0;2525;0;0;133;0;122;0;
21003;4945274;1257971712;33566720;1446670336;0;0;0;0;0;0;0;0;0;0;0;2876;0;0;133;0;122;0;
21004;5687186;1257971712;33566720;1446670336;0;0;0;0;0;0;0;0;0;0;0;3937;0;0;133;0;122;0;
21005;4664417;1257971712;33566720;1446670336;0;0;0;0;0;0;0;0;0;0;0;3888;0;0;133;0;122;0;
21006;5916506;1257971712;33566720;1446670336;0;0;0;0;0;0;0;0;0;0;0;2885;0;0;133;0;122;0;
21007;4601650;1257971712;33566720;1446670336;0;0;0;0;0;0;0;0;0;0;0;3938;0;0;133;0;122;0;
21008;6135707;1257971712;33566720;1446670336;0;0;0;0;0;0;0;0;0;0;0;87113;0;0;133;0;122;0;
21009;5164485;1257971712;33566720;1446670336;0;0;0;0;0;0;0;0;0;0;0;3496;0;0;133;0;122;0;
21010;6206489;1257971712;33566720;1446670336;0;0;0;0;0;0;0;0;0;0;0;3026;0;0;133;0;122;0;
21011;5249826;1257971712;33566720;1446670336;0;0;0;0;0;0;0;0;0;0;0;3646;0;0;133;0;122;0;
21012;7118860;1257971712;33566720;1446670336;0;0;0;0;0;0;0;0;0;0;0;3817;0;0;133;0;122;0;
21013;4024378;1257971712;33566720;1446670336;0;0;0;0;0;0;0;0;0;0;0;3106;0;0;133;0;122;0;
21014;5636741;1257971712;33566720;1446670336;0;0;0;0;0;0;0;0;0;0;0;3316;0;0;133;0;122;0;
21015;5579594;1257971712;33566720;1446670336;0;0;0;0;0;0;0;0;0;0;0;3266;0;0;133;0;122;0;
21016;4852370;1257971712;33566720;1446670336;0;0;0;0;0;0;0;0;0;0;0;2905;0;0;133;0;122;0;
21017;5125272;1257971712;33566720;1446670336;0;0;0;0;0;0;0;0;0;0;0;3086;0;0;133;0;122;0;
21018;7102419;1257971712;33566720;1446670336;0;0;0;0;0;0;0;0;0;0;0;3888;0;0;133;0;122;0;
21019;4322927;1257971712;33566720;1446670336;0;0;0;0;0;0;0;0;0;0;0;3577;0;0;133;0;122;0;
21020;6798650;1257971712;33566720;1446670336;0;0;0;0;0;0;0;0;0;0;0;3166;0;0;133;0;122;0;
21021;5066071;1257971712;33566720;1446670336;0;0;0;0;0;0;0;0;0;0;0;3477;0;0;133;0;122;0;
21022;6985420;1257971712;33566720;1446670336;0;0;0;0;0;0;0;0;0;0;0;3226;0;0;133;0;122;0;
21023;5880578;1257971712;33566720;1446670336;0;0;0;0;0;0;0;0;0;0;0;4098;0;0;133;0;122;0;
21024;7030835;1257971712;33566720;1446670336;0;0;0;0;0;0;0;0;0;0;0;3146;0;0;133;0;122;0;
21025;3499613;1257971712;33566720;1446670336;0;0;0;0;0;0;0;0;0;0;0;3677;0;0;133;0;122;0;
21026;7795690;1257971712;33566720;1446670336;0;0;0;0;0;0;0;0;0;0;0;3125;0;0;133;0;122;0;
21027;5845422;1257971712;33566720;1446670336;0;0;0;0;0;0;0;0;0;0;0;2936;0;0;133;0;122;0;
21028;5576599;1257971712;33566720;1446670336;0;0;0;0;0;0;0;0;0;0;0;2645;0;0;133;0;122;0;
21029;5181787;1257971712;33566720;1446670336;0;0;0;0;0;0;0;0;0;0;0;4308;0;0;133;0;122;0;
21030;4836149;1257971712;33566720;1446670336;0;0;0;0;0;0;0;0;0;0;0;2254;0;0;133;0;122;0;
21031;4342274;1257971712;33566720;1446670336;0;0;0;0;0;0;0;0;0;0;0;2534;0;0;133;0;122;0;
21032;8162828;1257971712;33566720;1446670336;0;0;0;0;0;0;0;0;0;0;0;3777;0;0;133;0;122;0;
21033;7395459;1257971712;33566720;1446670336;0;0;0;0;0;0;0;0;0;0;0;3727;0;0;133;0;122;0;
21034;6602482;1257971712;33566720;1446670336;0;0;0;0;0;0;0;0;0;0;0;2966;0;0;133;0;122;0;
21035;4600007;1257971712;33566720;1446670336;0;0;0;0;0;0;0;0;0;0;0;3477;0;0;133;0;122;0;
21036;7702785;1257971712;33566720;1446670336;0;0;0;0;0;0;0;0;0;0;0;3066;0;0;133;0;122;0;
21037;5454279;1257971712;33566720;1446670336;0;0;0;0;0;0;0;0;0;0;0;3076;0;0;133;0;122;0;
21038;6318861;1257971712;33566720;1446670336;0;0;0;0;0;0;0;0;0;0;0;3416;0;0;133;0;122;0;
21039;4650181;1257971712;33566720;1446670336;0;0;0;0;0;0;0;0;0;0;0;3406;0;0;133;0;122;0;
21040;6760719;1257971712;33566720;1446670336;0;0;0;0;0;0;0;0;0;0;0;3236;0;0;133;0;122;0;
21041;4302318;1257971712;33566720;1446670336;0;0;0;0;0;0;0;0;0;0;0;3646;0;0;133;0;122;0;
21042;5982840;1257971712;33566720;1446670336;0;0;0;0;0;0;0;0;0;0;0;2875;0;0;133;0;122;0;
21043;7088153;1257971712;33566720;1446670336;0;0;0;0;0;0;0;0;0;0;0;3727;0;0;133;0;122;0;
21044;7469818;1257971712;33566720;1446670336;0;0;0;0;0;0;0;0;0;0;0;3306;0;0;133;0;122;0;
21045;4271471;1257971712;33566720;1446670336;0;0;0;0;0;0;0;0;0;0;0;3226;0;0;133;0;122;0;
21046;6647035;1257971712;33566720;1446670336;0;0;0;0;0;0;0;0;0;0;0;2806;0;0;133;0;122;0;
21047;5595804;1257971712;33566720;1446670336;0;0;0;0;0;0;0;0;0;0;0;4218;0;0;133;0;122;0;
21048;5873825;1257971712;33566720;1446670336;0;0;0;0;0;0;0;0;0;0;0;2775;0;0;133;0;122;0;
21049;6228651;1257971712;33566720;1446670336;0;0;0;0;0;0;0;0;0;0;0;3466;0;0;133;0;122;0;
21050;6139544;1257971712;33566720;1446670336;0;0;0;0;0;0;0;0;0;0;0;3326;0;0;133;0;122;0;
21051;4916620;1257971712;33566720;1446670336;0;0;0;0;0;0;0;0;0;0;0;3055;0;0;133;0;122;0;
21052;6904047;1257971712;33566720;1446670336;0;0;0;0;0;0;0;0;0;0;0;3677;0;0;133;0;122;0;
21053;4285858;1257971712;33566720;1446670336;0;0;0;0;0;0;0;0;0;0;0;2876;0;0;133;0;122;0;
21054;5498442;1257971712;33566720;1446670336;0;0;0;0;0;0;0;0;0;0;0;2915;0;0;133;0;122;0;
21055;5631882;1257971712;33566720;1446670336;0;0;0;0;0;0;0;0;0;0;0;3366;0;0;133;0;122;0;
21056;6016233;1257971712;33566720;1446670336;0;0;0;0;0;0;0;0;0;0;0;5189;0;0;133;0;122;0;
21057;4297710;1257971712;33566720;1446670336;0;0;0;0;0;0;0;0;0;0;0;2736;0;0;133;0;122;0;
21058;6518755;1257971712;33566720;1446670336;0;0;0;0;0;0;0;0;0;0;0;2615;0;0;133;0;122;0;
21059;4641435;1257971712;33566720;1446670336;0;0;0;0;0;0;0;0;0;0;0;2915;0;0;133;0;122;0;
21060;5467203;1257971712;33566720;1446670336;0;0;0;0;0;0;0;0;0;0;0;2104;0;0;133;0;122;0;
21061;5325768;1257971712;33566720;1446670336;0;0;0;0;0;0;0;0;0;0;0;3537;0;0;133;0;122;0;
21062;5974444;1257971712;33566720;1446670336;0;0;0;0;0;0;0;0;0;0;0;2735;0;0;133;0;122;0;
21063;4954802;1257971712;33566720;1446670336;0;0;0;0;0;0;0;0;0;0;0;3106;0;0;133;0;122;0;
21064;6226157;1257971712;33566720;1446670336;0;0;0;0;0;0;0;0;0;0;0;2695;0;0;133;0;122;0;
21065;4982043;1257971712;33566720;1446670336;0;0;0;0;0;0;0;0;0;0;0;3136;0;0;133;0;122;0;
21066;5731589;1257971712;33566720;1446670336;0;0;0;0;0;0;0;0;0;0;0;2475;0;0;133;0;122;0;
21067;5151922;1257971712;33566720;1446670336;0;0;0;0;0;0;0;0;0;0;0;2534;0;0;133;0;122;0;
21068;5830564;1257971712;33566720;1446670336;0;0;0;0;0;0;0;0;0;0;0;4659;0;0;133;0;122;0;
21069;4807065;1257971712;33566720;1446670336;0;0;0;0;0;0;0;0;0;0;0;4197;0;0;133;0;122;0;
21070;5216813;1257971712;33566720;1446670336;0;0;0;0;0;0;0;0;0;0;0;2725;0;0;133;0;122;0;
21071;3993249;1257971712;33566720;1446670336;0;0;0;0;0;0;0;0;0;0;0;3026;0;0;133;0;122;0;
21072;6094650;1257971712;33566720;1446670336;0;0;0;0;0;0;0;0;0;0;0;3206;0;0;133;0;122;0;
21073;3308795;1257971712;33566720;1446670336;0;0;0;0;0;0;0;0;0;0;0;3446;0;0;133;0;122;0;
21074;6340411;1257971712;33566720;1446670336;0;0;0;0;0;0;0;0;0;0;0;3606;0;0;133;0;122;0;
21075;4041760;1257971712;33566720;1446670336;0;0;0;0;0;0;0;0;0;0;0;3236;0;0;133;0;122;0;
21076;5310209;1257971712;33566720;1446670336;0;0;0;0;0;0;0;0;0;0;0;3256;0;0;133;0;122;0;
21077;3951570;1257971712;33566720;1446670336;0;0;0;0;0;0;0;0;0;0;0;3376;0;0;133;0;122;0;
21078;4536026;1257971712;33566720;1446670336;0;0;0;0;0;0;0;0;0;0;0;2174;0;0;133;0;122;0;
21079;6712208;1257971712;33566720;1446670336;0;0;0;0;0;0;0;0;0;0;0;3266;0;0;133;0;122;0;
21080;6002077;1257971712;33566720;1446670336;0;0;0;0;0;0;0;0;0;0;0;3196;0;0;133;0;122;0;
21081;4109407;1257971712;33566720;1446670336;0;0;0;0;0;0;0;0;0;0;0;3466;0;0;133;0;122;0;
21082;6115719;1257971712;33566720;1446670336;0;0;0;0;0;0;0;0;0;0;0;3787;0;0;133;0;122;0;
21083;4165612;1257971712;33566720;1446670336;0;0;0;0;0;0;0;0;0;0;0;2815;0;0;133;0;122;0;
21084;6115068;1257971712;33566720;1446670336;0;0;0;0;0;0;0;0;0;0;0;3596;0;0;133;0;122;0;
21085;3946201;1257971712;33566720;1446670336;0;0;0;0;0;0;0;0;0;0;0;3807;0;0;133;0;122;0;
21086;6320243;1257971712;33566720;1446670336;0;0;0;0;0;0;0;0;0;0;0;2415;0;0;133;0;122;0;
21087;3978311;1257971712;33566720;1446670336;0;0;0;0;0;0;0;0;0;0;0;4048;0;0;133;0;122;0;
21088;5571549;1257971712;33566720;1446670336;0;0;0;0;0;0;0;0;0;0;0;2305;0;0;133;0;122;0;
21089;3537113;1257971712;33566720;1446670336;0;0;0;0;0;0;0;0;0;0;0;2725;0;0;133;0;122;0;
21090;5569805;1257971712;33566720;1446670336;0;0;0;0;0;0;0;0;0;0;0;3196;0;0;133;0;122;0;
21091;3784678;1257971712;33566720;1446670336;0;0;0;0;0;0;0;0;0;0;0;2885;0;0;133;0;122;0;
21092;5727711;1257971712;33566720;1446670336;0;0;0;0;0;0;0;0;0;0;0;3467;0;0;133;0;122;0;
21093;4602942;1257971712;33566720;1446670336;0;0;0;0;0;0;0;0;0;0;0;3146;0;0;133;0;122;0;
21094;5000077;1257971712;33566720;1446670336;0;0;0;0;0;0;0;0;0;0;0;2194;0;0;133;0;122;0;
21095;4377770;1257971712;33566720;1446670336;0;0;0;0;0;0;0;0;0;0;0;3456;0;0;133;0;122;0;
21096;6019108;1257971712;33566720;1446670336;0;0;0;0;0;0;0;0;0;0;0;2745;0;0;133;0;122;0;
21097;4333126;1257971712;33566720;1446670336;0;0;0;0;0;0;0;0;0;0;0;2715;0;0;133;0;122;0;
21098;5618487;1257971712;33566720;1446670336;0;0;0;0;0;0;0;0;0;0;0;3346;0;0;133;0;122;0;
21099;4160612;1257971712;33566720;1446670336;0;0;0;0;0;0;0;0;0;0;0;2906;0;0;133;0;122;0;
21100;6055747;1257971712;33566720;1446670336;0;0;0;0;0;0;0;0;0;0;0;4087;0;0;133;0;122;0;
21101;3793224;1257971712;33566720;1446670336;0;0;0;0;0;0;0;0;0;0;0;3757;0;0;133;0;122;0;
21102;5594552;1257971712;33566720;1446670336;0;0;0;0;0;0;0;0;0;0;0;3476;0;0;133;0;122;0;
21103;4340560;1257971712;33566720;1446670336;0;0;0;0;0;0;0;0;0;0;0;3096;0;0;133;0;122;0;
21104;5611674;1257971712;33566720;1446670336;0;0;0;0;0;0;0;0;0;0;0;3696;0;0;133;0;122;0;
21105;3801479;1257971712;33566720;1446670336;0;0;0;0;0;0;0;0;0;0;0;2895;0;0;133;0;122;0;
21106;5562411;1257971712;33566720;1446670336;0;0;0;0;0;0;0;0;0;0;0;4638;0;0;133;0;122;0;
21107;3505414;1257971712;33566720;1446670336;0;0;0;0;0;0;0;0;0;0;0;3277;0;0;133;0;122;0;
21108;6644260;1257971712;33566720;1446670336;0;0;0;0;0;0;0;0;0;0;0;3386;0;0;133;0;122;0;
21109;3437707;1257971712;33566720;1446670336;0;0;0;0;0;0;0;0;0;0;0;3036;0;0;133;0;122;0;
21110;7049730;1257971712;33566720;1446670336;0;0;0;0;0;0;0;0;0;0;0;4098;0;0;133;0;122;0;
21111;2901882;1257971712;33566720;1446670336;0;0;0;0;0;0;0;0;0;0;0;3086;0;0;133;0;122;0;
21112;6747394;1257971712;33566720;1446670336;0;0;0;0;0;0;0;0;0;0;0;2685;0;0;133;0;122;0;
21113;4296918;1257971712;33566720;1446670336;0;0;0;0;0;0;0;0;0;0;0;3437;0;0;133;0;122;0;
21114;6112944;1257971712;33566720;1446670336;0;0;0;0;0;0;0;0;0;0;0;3337;0;0;133;0;122;0;
21115;4385835;1257971712;33566720;1446670336;0;0;0;0;0;0;0;0;0;0;0;2875;0;0;133;0;122;0;
21116;6156014;1257971712;33566720;1446670336;0;0;0;0;0;0;0;0;0;0;0;4258;0;0;133;0;122;0;
21117;4296608;1257971712;33566720;1446670336;0;0;0;0;0;0;0;0;0;0;0;3267;0;0;133;0;122;0;
21118;6020982;1257971712;33566720;1446670336;0;0;0;0;0;0;0;0;0;0;0;2775;0;0;133;0;122;0;
21119;4622088;1257971712;33566720;1446670336;0;0;0;0;0;0;0;0;0;0;0;3917;0;0;133;0;122;0;
21120;6803679;1257971712;33566720;1446670336;0;0;0;0;0;0;0;0;0;0;0;4108;0;0;133;0;122;0;
21121;4549863;1257971712;33566720;1446670336;0;0;0;0;0;0;0;0;0;0;0;2826;0;0;133;0;122;0;
21122;5992939;1257971712;33566720;1446670336;0;0;0;0;0;0;0;0;0;0;0;3326;0;0;133;0;122;0;
21123;4364575;1257971712;33566720;1446670336;0;0;0;0;0;0;0;0;0;0;0;3236;0;0;133;0;122;0;
21124;6722327;1257971712;33566720;1446670336;0;0;0;0;0;0;0;0;0;0;0;3737;0;0;133;0;122;0;
21125;5332751;1257971712;33566720;1446670336;0;0;0;0;0;0;0;0;0;0;0;4158;0;0;133;0;122;0;
21126;7136895;1257971712;33566720;1446670336;0;0;0;0;0;0;0;0;0;0;0;3426;0;0;133;0;122;0;
21127;4237207;1257971712;33566720;1446670336;0;0;0;0;0;0;0;0;0;0;0;3867;0;0;133;0;122;0;
21128;6185750;1257971712;33566720;1446670336;0;0;0;0;0;0;0;0;0;0;0;2485;0;0;133;0;122;0;
21129;5539679;1257971712;33566720;1446670336;0;0;0;0;0;0;0;0;0;0;0;3407;0;0;133;0;122;0;
21130;5383926;1257971712;33566720;1446670336;0;0;0;0;0;0;0;0;0;0;0;2475;0;0;133;0;122;0;
21131;5035524;1257971712;33566720;1446670336;0;0;0;0;0;0;0;0;0;0;0;3076;0;0;133;0;122;0;
21132;7009846;1257971712;33566720;1446670336;0;0;0;0;0;0;0;0;0;0;0;3947;0;0;133;0;122;0;
21133;4040297;1257971712;33566720;1446670336;0;0;0;0;0;0;0;0;0;0;0;3927;0;0;133;0;122;0;
21134;6294925;1257971712;33566720;1446670336;0;0;0;0;0;0;0;0;0;0;0;3136;0;0;133;0;122;0;
21135;4372900;1257971712;33566720;1446670336;0;0;0;0;0;0;0;0;0;0;0;3407;0;0;133;0;122;0;
21136;6242928;1257971712;33566720;1446670336;0;0;0;0;0;0;0;0;0;0;0;3487;0;0;133;0;122;0;
21137;4655541;1257971712;33566720;1446670336;0;0;0;0;0;0;0;0;0;0;0;4098;0;0;133;0;122;0;
21138;5668350;1257971712;33566720;1446670336;0;0;0;0;0;0;0;0;0;0;0;2916;0;0;133;0;122;0;
21139;4942980;1257971712;33566720;1446670336;0;0;0;0;0;0;0;0;0;0;0;3637;0;0;133;0;122;0;
21140;6053543;1257971712;33566720;1446670336;0;0;0;0;0;0;0;0;0;0;0;2956;0;0;133;0;122;0;
21141;4146056;1257971712;33566720;1446670336;0;0;0;0;0;0;0;0;0;0;0;2826;0;0;133;0;122;0;
21142;5822529;1257971712;33566720;1446670336;0;0;0;0;0;0;0;0;0;0;0;2585;0;0;133;0;122;0;
21143;4459012;1257971712;33566720;1446670336;0;0;0;0;0;0;0;0;0;0;0;3236;0;0;133;0;122;0;
21144;5883724;1257971712;33566720;1446670336;0;0;0;0;0;0;0;0;0;0;0;2435;0;0;133;0;122;0;
21145;5054799;1257971712;33566720;1446670336;0;0;0;0;0;0;0;0;0;0;0;3737;0;0;133;0;122;0;
21146;6163609;1257971712;33566720;1446670336;0;0;0;0;0;0;0;0;0;0;0;2876;0;0;133;0;122;0;
21147;3854369;1257971712;33566720;1446670336;0;0;0;0;0;0;0;0;0;0;0;3526;0;0;133;0;122;0;
21148;6774274;1257971712;33566720;1446670336;0;0;0;0;0;0;0;0;0;0;0;3516;0;0;133;0;122;0;
21149;3608347;1257971712;33566720;1446670336;0;0;0;0;0;0;0;0;0;0;0;2975;0;0;133;0;122;0;
21150;5832458;1257971712;33566720;1446670336;0;0;0;0;0;0;0;0;0;0;0;4138;0;0;133;0;122;0;
21151;3647210;1257971712;33566720;1446670336;0;0;0;0;0;0;0;0;0;0;0;3677;0;0;133;0;122;0;
21152;7067184;1257971712;33566720;1446670336;0;0;0;0;0;0;0;0;0;0;0;3717;0;0;133;0;122;0;
21153;3101076;1257971712;33566720;1446670336;0;0;0;0;0;0;0;0;0;0;0;3376;0;0;133;0;122;0;
21154;6413248;1257971712;33566720;1446670336;0;0;0;0;0;0;0;0;0;0;0;2905;0;0;133;0;122;0;
21155;3836014;1257971712;33566720;1446670336;0;0;0;0;0;0;0;0;0;0;0;3155;0;0;133;0;122;0;
21156;5965769;1257971712;33566720;1446670336;0;0;0;0;0;0;0;0;0;0;0;3426;0;0;133;0;122;0;
21157;3381251;1257971712;33566720;1446670336;0;0;0;0;0;0;0;0;0;0;0;3056;0;0;133;0;122;0;
21158;6481946;1257971712;33566720;1446670336;0;0;0;0;0;0;0;0;0;0;0;3918;0;0;133;0;122;0;
21159;3463095;1257971712;33566720;1446670336;0;0;0;0;0;0;0;0;0;0;0;2765;0;0;133;0;122;0;
21160;6022584;1257971712;33566720;1446670336;0;0;0;0;0;0;0;0;0;0;0;3706;0;0;133;0;122;0;
21161;3138475;1257971712;33566720;1446670336;0;0;0;0;0;0;0;0;0;0;0;3076;0;0;133;0;122;0;
21162;5422199;1257971712;33566720;1446670336;0;0;0;0;0;0;0;0;0;0;0;2806;0;0;133;0;122;0;
21163;3541030;1257971712;33566720;1446670336;0;0;0;0;0;0;0;0;0;0;0;3637;0;0;133;0;122;0;
21164;5954486;1257971712;33566720;1446670336;0;0;0;0;0;0;0;0;0;0;0;3306;0;0;133;0;122;0;
21165;4315073;1257971712;33566720;1446670336;0;0;0;0;0;0;0;0;0;0;0;3186;0;0;133;0;122;0;
21166;6380005;1257971712;33566720;1446670336;0;0;0;0;0;0;0;0;0;0;0;3536;0;0;133;0;122;0;
21167;4226286;1257971712;33566720;1446670336;0;0;0;0;0;0;0;0;0;0;0;2946;0;0;133;0;122;0;
21168;6247637;1257971712;33566720;1446670336;0;0;0;0;0;0;0;0;0;0;0;3246;0;0;133;0;122;0;
21169;4212030;1257971712;33566720;1446670336;0;0;0;0;0;0;0;0;0;0;0;3367;0;0;133;0;122;0;
21170;6604275;1257971712;33566720;1446670336;0;0;0;0;0;0;0;0;0;0;0;3897;0;0;133;0;122;0;
21171;3739133;1257971712;33566720;1446670336;0;0;0;0;0;0;0;0;0;0;0;3656;0;0;133;0;122;0;
21172;6880293;1257971712;33566720;1446670336;0;0;0;0;0;0;0;0;0;0;0;3036;0;0;133;0;122;0;
21173;3572740;1257971712;33566720;1446670336;0;0;0;0;0;0;0;0;0;0;0;3897;0;0;133;0;122;0;
21174;6545997;1257971712;33566720;1446670336;0;0;0;0;0;0;0;0;0;0;0;3697;0;0;133;0;122;0;
21175;3555629;1257971712;33566720;1446670336;0;0;0;0;0;0;0;0;0;0;0;3747;0;0;133;0;122;0;
21176;5508460;1257971712;33566720;1446670336;0;0;0;0;0;0;0;0;0;0;0;3055;0;0;133;0;122;0;
21177;4785865;1257971712;33566720;1446670336;0;0;0;0;0;0;0;0;0;0;0;2945;0;0;133;0;122;0;
21178;5752097;1257971712;33566720;1446670336;0;0;0;0;0;0;0;0;0;0;0;3988;0;0;133;0;122;0;
21179;4044675;1257971712;33566720;1446670336;0;0;0;0;0;0;0;0;0;0;0;3336;0;0;133;0;122;0;
21180;5696192;1257971712;33566720;1446670336;0;0;0;0;0;0;0;0;0;0;0;3727;0;0;133;0;122;0;
21181;4424497;1257971712;33566720;1446670336;0;0;0;0;0;0;0;0;0;0;0;3606;0;0;133;0;122;0;
21182;5904513;1257971712;33566720;1446670336;0;0;0;0;0;0;0;0;0;0;0;2885;0;0;133;0;122;0;
21183;5798895;1257971712;33566720;1446670336;0;0;0;0;0;0;0;0;0;0;0;2605;0;0;133;0;122;0;
21184;11067987;1257971712;33566720;1446670336;0;0;0;0;0;0;0;0;0;0;0;2475;0;0;133;0;122;0;
21185;4145153;1257971712;33566720;1446670336;0;0;0;0;0;0;0;0;0;0;0;3426;0;0;133;0;122;0;
21186;5037247;1257971712;33566720;1446670336;0;0;0;0;0;0;0;0;0;0;0;2515;0;0;133;0;122;0;
21187;4050286;1257971712;33566720;1446670336;0;0;0;0;0;0;0;0;0;0;0;3647;0;0;133;0;122;0;
21188;5451383;1257971712;33566720;1446670336;0;0;0;0;0;0;0;0;0;0;0;3928;0;0;133;0;122;0;
21189;3651218;1257971712;33566720;1446670336;0;0;0;0;0;0;0;0;0;0;0;4298;0;0;133;0;122;0;
21190;5434241;1257971712;33566720;1446670336;0;0;0;0;0;0;0;0;0;0;0;3437;0;0;133;0;122;0;
21191;3517697;1257971712;33566720;1446670336;0;0;0;0;0;0;0;0;0;0;0;3707;0;0;133;0;122;0;
21192;5798995;1257971712;33566720;1446670336;0;0;0;0;0;0;0;0;0;0;0;3286;0;0;133;0;122;0;
21193;3269762;1257971712;33566720;1446670336;0;0;0;0;0;0;0;0;0;0;0;3237;0;0;133;0;122;0;
21194;5648984;1257971712;33566720;1446670336;0;0;0;0;0;0;0;0;0;0;0;3967;0;0;133;0;122;0;
21195;3820806;1257971712;33566720;1446670336;0;0;0;0;0;0;0;0;0;0;0;3286;0;0;133;0;122;0;
21196;6463171;1257971712;33566720;1446670336;0;0;0;0;0;0;0;0;0;0;0;3526;0;0;133;0;122;0;
21197;3947283;1257971712;33566720;1446670336;0;0;0;0;0;0;0;0;0;0;0;3176;0;0;133;0;122;0;
21198;6118836;1257971712;33566720;1446670336;0;0;0;0;0;0;0;0;0;0;0;3196;0;0;133;0;122;0;
21199;4061637;1257971712;33566720;1446670336;0;0;0;0;0;0;0;0;0;0;0;4077;0;0;133;0;122;0;
21200;6209615;1257971712;33566720;1446670336;0;0;0;0;0;0;0;0;0;0;0;4088;0;0;133;0;122;0;
21201;4188856;1257971712;33566720;1446670336;0;0;0;0;0;0;0;0;0;0;0;3967;0;0;133;0;122;0;
21202;6273054;1257971712;33566720;1446670336;0;0;0;0;0;0;0;0;0;0;0;1994;0;0;133;0;122;0;
21203;4106361;1257971712;33566720;1446670336;0;0;0;0;0;0;0;0;0;0;0;3387;0;0;133;0;122;0;
21204;5787323;1257971712;33566720;1446670336;0;0;0;0;0;0;0;0;0;0;0;3527;0;0;133;0;122;0;
21205;3905054;1257971712;33566720;1446670336;0;0;0;0;0;0;0;0;0;0;0;4028;0;0;133;0;122;0;
21206;4745269;1257971712;33566720;1446670336;0;0;0;0;0;0;0;0;0;0;0;2665;0;0;133;0;122;0;
21207;3730416;1257971712;33566720;1446670336;0;0;0;0;0;0;0;0;0;0;0;3246;0;0;133;0;122;0;
21208;5593620;1257971712;33566720;1446670336;0;0;0;0;0;0;0;0;0;0;0;2795;0;0;133;0;122;0;
21209;3715097;1257971712;33566720;1446670336;0;0;0;0;0;0;0;0;0;0;0;2916;0;0;133;0;122;0;
21210;5940530;1257971712;33566720;1446670336;0;0;0;0;0;0;0;0;0;0;0;3867;0;0;133;0;122;0;
21211;5377545;1257971712;33566720;1446670336;0;0;0;0;0;0;0;0;0;0;0;4328;0;0;133;0;122;0;
21212;6044055;1257971712;33566720;1446670336;0;0;0;0;0;0;0;0;0;0;0;3316;0;0;133;0;122;0;
21213;4617509;1257971712;33566720;1446670336;0;0;0;0;0;0;0;0;0;0;0;3105;0;0;133;0;122;0;
21214;5928949;1257971712;33566720;1446670336;0;0;0;0;0;0;0;0;0;0;0;2986;0;0;133;0;122;0;
21215;5298136;1257971712;33566720;1446670336;0;0;0;0;0;0;0;0;0;0;0;3667;0;0;133;0;122;0;
21216;5920323;1257971712;33566720;1446670336;0;0;0;0;0;0;0;0;0;0;0;2806;0;0;133;0;122;0;
21217;4867779;1257971712;33566720;1446670336;0;0;0;0;0;0;0;0;0;0;0;3707;0;0;133;0;122;0;
21218;5013122;1257971712;33566720;1446670336;0;0;0;0;0;0;0;0;0;0;0;2645;0;0;133;0;122;0;
21219;4328968;1257971712;33566720;1446670336;0;0;0;0;0;0;0;0;0;0;0;3937;0;0;133;0;122;0;
21220;5443298;1257971712;33566720;1446670336;0;0;0;0;0;0;0;0;0;0;0;3136;0;0;133;0;122;0;
21221;4615936;1257971712;33566720;1446670336;0;0;0;0;0;0;0;0;0;0;0;4588;0;0;133;0;122;0;
21222;6736694;1257971712;33566720;1446670336;0;0;0;0;0;0;0;0;0;0;0;3176;0;0;133;0;122;0;
21223;5361715;1257971712;33566720;1446670336;0;0;0;0;0;0;0;0;0;0;0;3757;0;0;133;0;122;0;
21224;8221889;1257971712;33566720;1446670336;0;0;0;0;0;0;0;0;0;0;0;4629;0;0;133;0;122;0;
21225;4906271;1257971712;33566720;1446670336;0;0;0;0;0;0;0;0;0;0;0;4108;0;0;133;0;122;0;
21226;6948641;1257971712;33566720;1446670336;0;0;0;0;0;0;0;0;0;0;0;3717;0;0;133;0;122;0;
21227;4341321;1257971712;33566720;1446670336;0;0;0;0;0;0;0;0;0;0;0;3517;0;0;133;0;122;0;
21228;5861122;1257971712;33566720;1446670336;0;0;0;0;0;0;0;0;0;0;0;2865;0;0;133;0;122;0;
21229;6043363;1257971712;33566720;1446670336;0;0;0;0;0;0;0;0;0;0;0;3376;0;0;133;0;122;0;
21230;5918960;1257971712;33566720;1446670336;0;0;0;0;0;0;0;0;0;0;0;2685;0;0;133;0;122;0;
21231;4908576;1257971712;33566720;1446670336;0;0;0;0;0;0;0;0;0;0;0;3276;0;0;133;0;122;0;
21232;9839953;1257971712;33566720;1446670336;0;0;0;0;0;0;0;0;0;0;0;2995;0;0;133;0;122;0;
21233;4453382;1257971712;33566720;1446670336;0;0;0;0;0;0;0;0;0;0;0;3366;0;0;133;0;122;0;
21234;5180706;1257971712;33566720;1446670336;0;0;0;0;0;0;0;0;0;0;0;2786;0;0;133;0;122;0;
21235;4364565;1257971712;33566720;1446670336;0;0;0;0;0;0;0;0;0;0;0;3777;0;0;133;0;122;0;
21236;6204957;1257971712;33566720;1446670336;0;0;0;0;0;0;0;0;0;0;0;2685;0;0;133;0;122;0;
21237;6059955;1257971712;33566720;1446670336;0;0;0;0;0;0;0;0;0;0;0;3196;0;0;133;0;122;0;
21238;6877027;1257971712;33566720;1446670336;0;0;0;0;0;0;0;0;0;0;0;3136;0;0;133;0;122;0;
21239;4741402;1257971712;33566720;1446670336;0;0;0;0;0;0;0;0;0;0;0;3517;0;0;133;0;122;0;
21240;5342028;1257971712;33566720;1446670336;0;0;0;0;0;0;0;0;0;0;0;3126;0;0;133;0;122;0;
21241;6205929;1257971712;33566720;1446670336;0;0;0;0;0;0;0;0;0;0;0;3206;0;0;133;0;122;0;
21242;6106852;1257971712;33566720;1446670336;0;0;0;0;0;0;0;0;0;0;0;2986;0;0;133;0;122;0;
21243;4776508;1257971712;33566720;1446670336;0;0;0;0;0;0;0;0;0;0;0;3256;0;0;133;0;122;0;
21244;5261337;1257971712;33566720;1446670336;0;0;0;0;0;0;0;0;0;0;0;2264;0;0;133;0;122;0;
21245;4891143;1257971712;33566720;1446670336;0;0;0;0;0;0;0;0;0;0;0;3546;0;0;133;0;122;0;
21246;5789447;1257971712;33566720;1446670336;0;0;0;0;0;0;0;0;0;0;0;3677;0;0;133;0;122;0;
21247;5082622;1257971712;33566720;1446670336;0;0;0;0;0;0;0;0;0;0;0;3937;0;0;133;0;122;0;
21248;6511121;1257971712;33566720;1446670336;0;0;0;0;0;0;0;0;0;0;0;3367;0;0;133;0;122;0;
21249;4792237;1257971712;33566720;1446670336;0;0;0;0;0;0;0;0;0;0;0;3476;0;0;133;0;122;0;
21250;7002141;1257971712;33566720;1446670336;0;0;0;0;0;0;0;0;0;0;0;4478;0;0;133;0;122;0;
21251;5763148;1257971712;33566720;1446670336;0;0;0;0;0;0;0;0;0;0;0;3246;0;0;133;0;122;0;
21252;7140151;1257971712;33566720;1446670336;0;0;0;0;0;0;0;0;0;0;0;3657;0;0;133;0;122;0;
21253;4651874;1257971712;33566720;1446670336;0;0;0;0;0;0;0;0;0;0;0;3667;0;0;133;0;122;0;
21254;5973492;1257971712;33566720;1446670336;0;0;0;0;0;0;0;0;0;0;0;2375;0;0;133;0;122;0;
21255;5380360;1257971712;33566720;1446670336;0;0;0;0;0;0;0;0;0;0;0;3767;0;0;133;0;122;0;
21256;6852431;1257971712;33566720;1446670336;0;0;0;0;0;0;0;0;0;0;0;4449;0;0;133;0;122;0;
21257;3388965;1257971712;33566720;1446670336;0;0;0;0;0;0;0;0;0;0;0;4178;0;0;133;0;122;0;
21258;7651480;1257971712;33566720;1446670336;0;0;0;0;0;0;0;0;0;0;0;2865;0;0;133;0;122;0;
21259;3986756;1257971712;33566720;1446670336;0;0;0;0;0;0;0;0;0;0;0;3386;0;0;133;0;122;0;
21260;7252131;1257971712;33566720;1446670336;0;0;0;0;0;0;0;0;0;0;0;3297;0;0;133;0;122;0;
21261;4728047;1257971712;33566720;1446670336;0;0;0;0;0;0;0;0;0;0;0;3517;0;0;133;0;122;0;
21262;6890032;1257971712;33566720;1446670336;0;0;0;0;0;0;0;0;0;0;0;3837;0;0;133;0;122;0;
21263;3757427;1257971712;33566720;1446670336;0;0;0;0;0;0;0;0;0;0;0;3406;0;0;133;0;122;0;
21264;6201620;1257971712;33566720;1446670336;0;0;0;0;0;0;0;0;0;0;0;4328;0;0;133;0;122;0;
21265;6044555;1257971712;33566720;1446670336;0;0;0;0;0;0;0;0;0;0;0;3297;0;0;133;0;122;0;
21266;8103748;1257971712;33570816;1446674432;0;0;0;0;0;0;0;0;0;0;0;3447;0;0;133;0;122;0;
21267;7587860;1257971712;33574912;1446678528;0;0;0;0;0;0;0;0;0;0;0;3677;0;0;133;0;122;0;
21268;8608234;1257971712;33574912;1446678528;0;0;0;0;0;0;0;0;0;0;0;3917;0;0;133;0;122;0;
21269;7341428;1257971712;33574912;1446678528;0;0;0;0;0;0;0;0;0;0;0;4659;0;0;133;0;122;0;
21270;8186152;1257971712;33574912;1446678528;0;0;0;0;0;0;0;0;0;0;0;3516;0;0;133;0;122;0;
21271;6488989;1257971712;33574912;1446678528;0;0;0;0;0;0;0;0;0;0;0;6091;0;0;133;0;122;0;
21272;6679246;1257971712;33574912;1446678528;0;0;0;0;0;0;0;0;0;0;0;3066;0;0;133;0;122;0;
21273;6447762;1257971712;33566720;1446670336;0;0;0;0;0;0;0;0;0;0;0;7664;0;0;133;0;122;0;
21274;6483950;1257971712;33566720;1446670336;0;0;0;0;0;0;0;0;0;0;0;2966;0;0;133;0;122;0;
21275;6075925;1257971712;33566720;1446670336;0;0;0;0;0;0;0;0;0;0;0;3316;0;0;133;0;122;0;
21276;6284125;1257971712;33566720;1446670336;0;0;0;0;0;0;0;0;0;0;0;3246;0;0;133;0;122;0;
21277;6017716;1257971712;33566720;1446670336;0;0;0;0;0;0;0;0;0;0;0;3947;0;0;133;0;122;0;
21278;7254505;1257971712;33566720;1446670336;0;0;0;0;0;0;0;0;0;0;0;3026;0;0;133;0;122;0;
21279;3984362;1257971712;33566720;1446670336;0;0;0;0;0;0;0;0;0;0;0;3627;0;0;133;0;122;0;
21280;6516801;1257971712;33566720;1446670336;0;0;0;0;0;0;0;0;0;0;0;4860;0;0;133;0;122;0;
21281;3604189;1257971712;33566720;1446670336;0;0;0;0;0;0;0;0;0;0;0;3627;0;0;133;0;122;0;
21282;5756997;1257971712;33566720;1446670336;0;0;0;0;0;0;0;0;0;0;0;3337;0;0;133;0;122;0;
21283;4374093;1257971712;33566720;1446670336;0;0;0;0;0;0;0;0;0;0;0;40867;0;0;133;0;122;0;
21284;7168173;1257971712;33566720;1446670336;0;0;0;0;0;0;0;0;0;0;0;2285;0;0;133;0;122;0;
21285;3858036;1257971712;33566720;1446670336;0;0;0;0;0;0;0;0;0;0;0;3366;0;0;133;0;122;0;
21286;7356466;1257971712;33566720;1446670336;0;0;0;0;0;0;0;0;0;0;0;2765;0;0;133;0;122;0;
21287;3955949;1257971712;33566720;1446670336;0;0;0;0;0;0;0;0;0;0;0;3136;0;0;133;0;122;0;
21288;7303587;1257971712;33566720;1446670336;0;0;0;0;0;0;0;0;0;0;0;2896;0;0;133;0;122;0;
21289;4498176;1257971712;33566720;1446670336;0;0;0;0;0;0;0;0;0;0;0;3246;0;0;133;0;122;0;
21290;7190575;1257971712;33566720;1446670336;0;0;0;0;0;0;0;0;0;0;0;4468;0;0;133;0;122;0;
21291;4291458;1257971712;33566720;1446670336;0;0;0;0;0;0;0;0;0;0;0;5199;0;0;133;0;122;0;
21292;7854490;1257971712;33566720;1446670336;0;0;0;0;0;0;0;0;0;0;0;2615;0;0;133;0;122;0;
21293;5171950;1257971712;33566720;1446670336;0;0;0;0;0;0;0;0;0;0;0;3667;0;0;133;0;122;0;
21294;7200384;1257971712;33566720;1446670336;0;0;0;0;0;0;0;0;0;0;0;3677;0;0;133;0;122;0;
21295;5291513;1257971712;33566720;1446670336;0;0;0;0;0;0;0;0;0;0;0;3196;0;0;133;0;122;0;
21296;6300686;1257971712;33566720;1446670336;0;0;0;0;0;0;0;0;0;0;0;2475;0;0;133;0;122;0;
21297;5708365;1257971712;33566720;1446670336;0;0;0;0;0;0;0;0;0;0;0;3837;0;0;133;0;122;0;
21298;6640644;1257971712;33566720;1446670336;0;0;0;0;0;0;0;0;0;0;0;2475;0;0;133;0;122;0;
21299;4952949;1257971712;33566720;1446670336;0;0;0;0;0;0;0;0;0;0;0;3006;0;0;133;0;122;0;
21300;5518750;1257971712;33566720;1446670336;0;0;0;0;0;0;0;0;0;0;0;2515;0;0;133;0;122;0;
21301;3897450;1257971712;33566720;1446670336;0;0;0;0;0;0;0;0;0;0;0;3466;0;0;133;0;122;0;
21302;5538657;1257971712;33566720;1446670336;0;0;0;0;0;0;0;0;0;0;0;2525;0;0;133;0;122;0;
21303;3659553;1257971712;33566720;1446670336;0;0;0;0;0;0;0;0;0;0;0;3086;0;0;133;0;122;0;
21304;6259729;1257971712;33566720;1446670336;0;0;0;0;0;0;0;0;0;0;0;2995;0;0;133;0;122;0;
21305;3317361;1257971712;33566720;1446670336;0;0;0;0;0;0;0;0;0;0;0;2985;0;0;133;0;122;0;
21306;5187468;1257971712;33566720;1446670336;0;0;0;0;0;0;0;0;0;0;0;2926;0;0;133;0;122;0;
21307;4601299;1257971712;33566720;1446670336;0;0;0;0;0;0;0;0;0;0;0;3156;0;0;133;0;122;0;
21308;6555474;1257971712;33566720;1446670336;0;0;0;0;0;0;0;0;0;0;0;2525;0;0;133;0;122;0;
21309;4469993;1257971712;33566720;1446670336;0;0;0;0;0;0;0;0;0;0;0;2945;0;0;133;0;122;0;
21310;6759917;1257971712;33566720;1446670336;0;0;0;0;0;0;0;0;0;0;0;3587;0;0;133;0;122;0;
21311;4991742;1257971712;33566720;1446670336;0;0;0;0;0;0;0;0;0;0;0;5019;0;0;133;0;122;0;
21312;5714087;1257971712;33566720;1446670336;0;0;0;0;0;0;0;0;0;0;0;5110;0;0;133;0;122;0;
21313;4271420;1257971712;33566720;1446670336;0;0;0;0;0;0;0;0;0;0;0;4569;0;0;133;0;122;0;
21314;6174249;1257971712;33566720;1446670336;0;0;0;0;0;0;0;0;0;0;0;3546;0;0;133;0;122;0;
21315;4352754;1257971712;33566720;1446670336;0;0;0;0;0;0;0;0;0;0;0;3887;0;0;133;0;122;0;
21316;8075264;1257971712;33566720;1446670336;0;0;0;0;0;0;0;0;0;0;0;3657;0;0;133;0;122;0;
21317;5045873;1257971712;33566720;1446670336;0;0;0;0;0;0;0;0;0;0;0;3287;0;0;133;0;122;0;
21318;7143226;1257971712;33566720;1446670336;0;0;0;0;0;0;0;0;0;0;0;4037;0;0;133;0;122;0;
21319;5822950;1257971712;33566720;1446670336;0;0;0;0;0;0;0;0;0;0;0;3376;0;0;133;0;122;0;
21320;6481005;1257971712;33566720;1446670336;0;0;0;0;0;0;0;0;0;0;0;2925;0;0;133;0;122;0;
21321;4734659;1257971712;33566720;1446670336;0;0;0;0;0;0;0;0;0;0;0;3186;0;0;133;0;122;0;
21322;6450627;1257971712;33566720;1446670336;0;0;0;0;0;0;0;0;0;0;0;3386;0;0;133;0;122;0;
21323;5034882;1257971712;33566720;1446670336;0;0;0;0;0;0;0;0;0;0;0;2846;0;0;133;0;122;0;
21324;6619354;1257971712;33566720;1446670336;0;0;0;0;0;0;0;0;0;0;0;3507;0;0;133;0;122;0;
21325;4941347;1257971712;33566720;1446670336;0;0;0;0;0;0;0;0;0;0;0;5610;0;0;133;0;122;0;
21326;7501589;1257971712;33566720;1446670336;0;0;0;0;0;0;0;0;0;0;0;2425;0;0;133;0;122;0;
21327;6178637;1257971712;33566720;1446670336;0;0;0;0;0;0;0;0;0;0;0;3597;0;0;133;0;122;0;
21328;6249841;1257971712;33566720;1446670336;0;0;0;0;0;0;0;0;0;0;0;2966;0;0;133;0;122;0;
21329;5802932;1257971712;33566720;1446670336;0;0;0;0;0;0;0;0;0;0;0;4268;0;0;133;0;122;0;
21330;7052035;1257971712;33566720;1446670336;0;0;0;0;0;0;0;0;0;0;0;3015;0;0;133;0;122;0;
21331;4717417;1257971712;33566720;1446670336;0;0;0;0;0;0;0;0;0;0;0;3977;0;0;133;0;122;0;
21332;7141383;1257971712;33566720;1446670336;0;0;0;0;0;0;0;0;0;0;0;4128;0;0;133;0;122;0;
21333;4485322;1257971712;33566720;1446670336;0;0;0;0;0;0;0;0;0;0;0;3867;0;0;133;0;122;0;
21334;7597138;1257971712;33566720;1446670336;0;0;0;0;0;0;0;0;0;0;0;4538;0;0;133;0;122;0;
21335;3871671;1257971712;33566720;1446670336;0;0;0;0;0;0;0;0;0;0;0;3526;0;0;133;0;122;0;
21336;7716030;1257971712;33566720;1446670336;0;0;0;0;0;0;0;0;0;0;0;4669;0;0;133;0;122;0;
21337;3339593;1257971712;33566720;1446670336;0;0;0;0;0;0;0;0;0;0;0;3666;0;0;133;0;122;0;
21338;6349709;1257971712;33566720;1446670336;0;0;0;0;0;0;0;0;0;0;0;4077;0;0;133;0;122;0;
21339;4314562;1257971712;33566720;1446670336;0;0;0;0;0;0;0;0;0;0;0;3547;0;0;133;0;122;0;
21340;6779094;1257971712;33566720;1446670336;0;0;0;0;0;0;0;0;0;0;0;2515;0;0;133;0;122;0;
21341;6905150;1257971712;33566720;1446670336;0;0;0;0;0;0;0;0;0;0;0;3016;0;0;133;0;122;0;
21342;6439707;1257971712;33566720;1446670336;0;0;0;0;0;0;0;0;0;0;0;3657;0;0;133;0;122;0;
21343;6133072;1257971712;33566720;1446670336;0;0;0;0;0;0;0;0;0;0;0;2816;0;0;133;0;122;0;
21344;6603444;1257971712;33566720;1446670336;0;0;0;0;0;0;0;0;0;0;0;3566;0;0;133;0;122;0;
21345;4586150;1257971712;33566720;1446670336;0;0;0;0;0;0;0;0;0;0;0;3236;0;0;133;0;122;0;
21346;7439342;1257971712;33566720;1446670336;0;0;0;0;0;0;0;0;0;0;0;3617;0;0;133;0;122;0;
21347;3878343;1257971712;33566720;1446670336;0;0;0;0;0;0;0;0;0;0;0;2925;0;0;133;0;122;0;
21348;6234342;1257971712;33566720;1446670336;0;0;0;0;0;0;0;0;0;0;0;3968;0;0;133;0;122;0;
21349;3820956;1257971712;33566720;1446670336;0;0;0;0;0;0;0;0;0;0;0;39303;0;0;133;0;122;0;
21350;6089009;1257971712;33566720;1446670336;0;0;0;0;0;0;0;0;0;0;0;2895;0;0;133;0;122;0;
21351;5184884;1257971712;33566720;1446670336;0;0;0;0;0;0;0;0;0;0;0;3156;0;0;133;0;122;0;
21352;6930066;1257971712;33566720;1446670336;0;0;0;0;0;0;0;0;0;0;0;3857;0;0;133;0;122;0;
21353;4451639;1257971712;33566720;1446670336;0;0;0;0;0;0;0;0;0;0;0;3677;0;0;133;0;122;0;
21354;7029744;1257971712;33566720;1446670336;0;0;0;0;0;0;0;0;0;0;0;3366;0;0;133;0;122;0;
21355;4495561;1257971712;33566720;1446670336;0;0;0;0;0;0;0;0;0;0;0;3737;0;0;133;0;122;0;
21356;6567617;1257971712;33566720;1446670336;0;0;0;0;0;0;0;0;0;0;0;3426;0;0;133;0;122;0;
21357;3287916;1257971712;33566720;1446670336;0;0;0;0;0;0;0;0;0;0;0;5049;0;0;133;0;122;0;
21358;5533537;1257971712;33566720;1446670336;0;0;0;0;0;0;0;0;0;0;0;2886;0;0;133;0;122;0;
21359;5204571;1257971712;33566720;1446670336;0;0;0;0;0;0;0;0;0;0;0;3867;0;0;133;0;122;0;
21360;10767193;1257971712;33566720;1446670336;0;0;0;0;0;0;0;0;0;0;0;2335;0;0;133;0;122;0;
21361;6409991;1257971712;33566720;1446670336;0;0;0;0;0;0;0;0;0;0;0;3888;0;0;133;0;122;0;
21362;6546377;1257971712;33566720;1446670336;0;0;0;0;0;0;0;0;0;0;0;3677;0;0;133;0;122;0;
21363;5246409;1257971712;33566720;1446670336;0;0;0;0;0;0;0;0;0;0;0;3767;0;0;133;0;122;0;
21364;6767481;1257971712;33566720;1446670336;0;0;0;0;0;0;0;0;0;0;0;4308;0;0;133;0;122;0;
21365;5105224;1257971712;33566720;1446670336;0;0;0;0;0;0;0;0;0;0;0;2645;0;0;133;0;122;0;
21366;5678509;1257971712;33566720;1446670336;0;0;0;0;0;0;0;0;0;0;0;4438;0;0;133;0;122;0;
21367;4693351;1257971712;33566720;1446670336;0;0;0;0;0;0;0;0;0;0;0;3226;0;0;133;0;122;0;
21368;5712003;1257971712;33566720;1446670336;0;0;0;0;0;0;0;0;0;0;0;3647;0;0;133;0;122;0;
21369;4976192;1257971712;33566720;1446670336;0;0;0;0;0;0;0;0;0;0;0;3386;0;0;133;0;122;0;
21370;5711031;1257971712;33566720;1446670336;0;0;0;0;0;0;0;0;0;0;0;3677;0;0;133;0;122;0;
21371;4379754;1257971712;33566720;1446670336;0;0;0;0;0;0;0;0;0;0;0;3035;0;0;133;0;122;0;
21372;6357533;1257971712;33566720;1446670336;0;0;0;0;0;0;0;0;0;0;0;4699;0;0;133;0;122;0;
21373;4552147;1257971712;33566720;1446670336;0;0;0;0;0;0;0;0;0;0;0;3828;0;0;133;0;122;0;
21374;6217450;1257971712;33566720;1446670336;0;0;0;0;0;0;0;0;0;0;0;3276;0;0;133;0;122;0;
21375;3826536;1257971712;33566720;1446670336;0;0;0;0;0;0;0;0;0;0;0;3837;0;0;133;0;122;0;
21376;6336714;1257971712;33566720;1446670336;0;0;0;0;0;0;0;0;0;0;0;4218;0;0;133;0;122;0;
21377;4333968;1257971712;33566720;1446670336;0;0;0;0;0;0;0;0;0;0;0;4539;0;0;133;0;122;0;
21378;6573528;1257971712;33566720;1446670336;0;0;0;0;0;0;0;0;0;0;0;3998;0;0;133;0;122;0;
21379;4240112;1257971712;33566720;1446670336;0;0;0;0;0;0;0;0;0;0;0;5029;0;0;133;0;122;0;
21380;6187214;1257971712;33566720;1446670336;0;0;0;0;0;0;0;0;0;0;0;3827;0;0;133;0;122;0;
21381;5041255;1257971712;33566720;1446670336;0;0;0;0;0;0;0;0;0;0;0;3607;0;0;133;0;122;0;
21382;5668661;1257971712;33566720;1446670336;0;0;0;0;0;0;0;0;0;0;0;5239;0;0;133;0;122;0;
21383;3598588;1257971712;33566720;1446670336;0;0;0;0;0;0;0;0;0;0;0;3727;0;0;133;0;122;0;
21384;5930282;1257971712;33566720;1446670336;0;0;0;0;0;0;0;0;0;0;0;3356;0;0;133;0;122;0;
21385;4253647;1257971712;33566720;1446670336;0;0;0;0;0;0;0;0;0;0;0;3476;0;0;133;0;122;0;
21386;5767216;1257971712;33566720;1446670336;0;0;0;0;0;0;0;0;0;0;0;3236;0;0;133;0;122;0;
21387;6038745;1257971712;33566720;1446670336;0;0;0;0;0;0;0;0;0;0;0;3146;0;0;133;0;122;0;
21388;5645147;1257971712;33566720;1446670336;0;0;0;0;0;0;0;0;0;0;0;3186;0;0;133;0;122;0;
21389;4881344;1257971712;33566720;1446670336;0;0;0;0;0;0;0;0;0;0;0;2965;0;0;133;0;122;0;
21390;4727526;1257971712;33566720;1446670336;0;0;0;0;0;0;0;0;0;0;0;2645;0;0;133;0;122;0;
21391;5545781;1257971712;33566720;1446670336;0;0;0;0;0;0;0;0;0;0;0;4348;0;0;133;0;122;0;
21392;6843874;1257971712;33566720;1446670336;0;0;0;0;0;0;0;0;0;0;0;2325;0;0;133;0;122;0;
21393;5312272;1257971712;33566720;1446670336;0;0;0;0;0;0;0;0;0;0;0;3616;0;0;133;0;122;0;
21394;5081741;1257971712;33566720;1446670336;0;0;0;0;0;0;0;0;0;0;0;2575;0;0;133;0;122;0;
21395;5774198;1257971712;33566720;1446670336;0;0;0;0;0;0;0;0;0;0;0;4007;0;0;133;0;122;0;
21396;7293728;1257971712;33566720;1446670336;0;0;0;0;0;0;0;0;0;0;0;3817;0;0;133;0;122;0;
21397;5435544;1257971712;33566720;1446670336;0;0;0;0;0;0;0;0;0;0;0;3366;0;0;133;0;122;0;
21398;6143862;1257971712;33566720;1446670336;0;0;0;0;0;0;0;0;0;0;0;3908;0;0;133;0;122;0;
21399;4598564;1257971712;33566720;1446670336;0;0;0;0;0;0;0;0;0;0;0;4419;0;0;133;0;122;0;
21400;5302354;1257971712;33566720;1446670336;0;0;0;0;0;0;0;0;0;0;0;3066;0;0;133;0;122;0;
21401;5823191;1257971712;33566720;1446670336;0;0;0;0;0;0;0;0;0;0;0;4128;0;0;133;0;122;0;
21402;7298518;1257971712;33566720;1446670336;0;0;0;0;0;0;0;0;0;0;0;3116;0;0;133;0;122;0;
21403;4839636;1257971712;33566720;1446670336;0;0;0;0;0;0;0;0;0;0;0;3967;0;0;133;0;122;0;
21404;7355094;1257971712;33566720;1446670336;0;0;0;0;0;0;0;0;0;0;0;3957;0;0;133;0;122;0;
21405;4840297;1257971712;33566720;1446670336;0;0;0;0;0;0;0;0;0;0;0;3697;0;0;133;0;122;0;
21406;6996431;1257971712;33566720;1446670336;0;0;0;0;0;0;0;0;0;0;0;2815;0;0;133;0;122;0;
21407;3981086;1257971712;33566720;1446670336;0;0;0;0;0;0;0;0;0;0;0;3566;0;0;133;0;122;0;
21408;7386653;1257971712;33566720;1446670336;0;0;0;0;0;0;0;0;0;0;0;3606;0;0;133;0;122;0;
21409;3913470;1257971712;33566720;1446670336;0;0;0;0;0;0;0;0;0;0;0;3236;0;0;133;0;122;0;
21410;7282487;1257971712;33566720;1446670336;0;0;0;0;0;0;0;0;0;0;0;3356;0;0;133;0;122;0;
21411;4904528;1257971712;33566720;1446670336;0;0;0;0;0;0;0;0;0;0;0;2845;0;0;133;0;122;0;
21412;6588266;1257971712;33566720;1446670336;0;0;0;0;0;0;0;0;0;0;0;2084;0;0;133;0;122;0;
21413;3469727;1257971712;33566720;1446670336;0;0;0;0;0;0;0;0;0;0;0;3106;0;0;133;0;122;0;
21414;5377635;1257971712;33566720;1446670336;0;0;0;0;0;0;0;0;0;0;0;2364;0;0;133;0;122;0;
21415;4774645;1257971712;33566720;1446670336;0;0;0;0;0;0;0;0;0;0;0;3136;0;0;133;0;122;0;
21416;5411699;1257971712;33566720;1446670336;0;0;0;0;0;0;0;0;0;0;0;2575;0;0;133;0;122;0;
21417;4227428;1257971712;33566720;1446670336;0;0;0;0;0;0;0;0;0;0;0;2906;0;0;133;0;122;0;
21418;5119922;1257971712;33566720;1446670336;0;0;0;0;0;0;0;0;0;0;0;2144;0;0;133;0;122;0;
21419;4464212;1257971712;33566720;1446670336;0;0;0;0;0;0;0;0;0;0;0;2685;0;0;133;0;122;0;
21420;4800353;1257971712;33566720;1446670336;0;0;0;0;0;0;0;0;0;0;0;2455;0;0;133;0;122;0;
21421;5628054;1257971712;33566720;1446670336;0;0;0;0;0;0;0;0;0;0;0;2825;0;0;133;0;122;0;
21422;6207251;1257971712;33566720;1446670336;0;0;0;0;0;0;0;0;0;0;0;5190;0;0;133;0;122;0;
21423;4916581;1257971712;33566720;1446670336;0;0;0;0;0;0;0;0;0;0;0;2816;0;0;133;0;122;0;
21424;6241315;1257971712;33566720;1446670336;0;0;0;0;0;0;0;0;0;0;0;2495;0;0;133;0;122;0;
21425;4307798;1257971712;33566720;1446670336;0;0;0;0;0;0;0;0;0;0;0;3326;0;0;133;0;122;0;
21426;5761835;1257971712;33566720;1446670336;0;0;0;0;0;0;0;0;0;0;0;2515;0;0;133;0;122;0;
21427;6185209;1257971712;33566720;1446670336;0;0;0;0;0;0;0;0;0;0;0;3165;0;0;133;0;122;0;
21428;4969700;1257971712;33566720;1446670336;0;0;0;0;0;0;0;0;0;0;0;2485;0;0;133;0;122;0;
21429;4790514;1257971712;33566720;1446670336;0;0;0;0;0;0;0;0;0;0;0;3407;0;0;133;0;122;0;
21430;6742225;1257971712;33566720;1446670336;0;0;0;0;0;0;0;0;0;0;0;2956;0;0;133;0;122;0;
21431;6170001;1257971712;33566720;1446670336;0;0;0;0;0;0;0;0;0;0;0;3336;0;0;133;0;122;0;
21432;5752869;1257971712;33566720;1446670336;0;0;0;0;0;0;0;0;0;0;0;2495;0;0;133;0;122;0;
21433;4728067;1257971712;33566720;1446670336;0;0;0;0;0;0;0;0;0;0;0;2625;0;0;133;0;122;0;
21434;5399316;1257971712;33566720;1446670336;0;0;0;0;0;0;0;0;0;0;0;2475;0;0;133;0;122;0;
21435;3972800;1257971712;33566720;1446670336;0;0;0;0;0;0;0;0;0;0;0;2685;0;0;133;0;122;0;
21436;5086539;1257971712;33566720;1446670336;0;0;0;0;0;0;0;0;0;0;0;2395;0;0;133;0;122;0;
21437;4713058;1257971712;33566720;1446670336;0;0;0;0;0;0;0;0;0;0;0;2976;0;0;133;0;122;0;
21438;6080814;1257971712;33566720;1446670336;0;0;0;0;0;0;0;0;0;0;0;2425;0;0;133;0;122;0;
21439;3428499;1257971712;33566720;1446670336;0;0;0;0;0;0;0;0;0;0;0;2925;0;0;133;0;122;0;
21440;6110579;1257971712;33566720;1446670336;0;0;0;0;0;0;0;0;0;0;0;3567;0;0;133;0;122;0;
21441;3272908;1257971712;33566720;1446670336;0;0;0;0;0;0;0;0;0;0;0;2996;0;0;133;0;122;0;
21442;5878835;1257971712;33566720;1446670336;0;0;0;0;0;0;0;0;0;0;0;3958;0;0;133;0;122;0;
21443;3688267;1257971712;33566720;1446670336;0;0;0;0;0;0;0;0;0;0;0;3276;0;0;133;0;122;0;
21444;6978357;1257971712;33566720;1446670336;0;0;0;0;0;0;0;0;0;0;0;4449;0;0;133;0;122;0;
21445;3109302;1257971712;33566720;1446670336;0;0;0;0;0;0;0;0;0;0;0;3857;0;0;133;0;122;0;
21446;6752584;1257971712;33566720;1446670336;0;0;0;0;0;0;0;0;0;0;0;3507;0;0;133;0;122;0;
21447;3308746;1257971712;33566720;1446670336;0;0;0;0;0;0;0;0;0;0;0;3066;0;0;133;0;122;0;
21448;6716145;1257971712;33566720;1446670336;0;0;0;0;0;0;0;0;0;0;0;3757;0;0;133;0;122;0;
21449;3666947;1257971712;33566720;1446670336;0;0;0;0;0;0;0;0;0;0;0;2775;0;0;133;0;122;0;
21450;6982354;1257971712;33566720;1446670336;0;0;0;0;0;0;0;0;0;0;0;3627;0;0;133;0;122;0;
21451;3411348;1257971712;33566720;1446670336;0;0;0;0;0;0;0;0;0;0;0;3567;0;0;133;0;122;0;
21452;6078660;1257971712;33566720;1446670336;0;0;0;0;0;0;0;0;0;0;0;3747;0;0;133;0;122;0;
21453;3809694;1257971712;33566720;1446670336;0;0;0;0;0;0;0;0;0;0;0;3767;0;0;133;0;122;0;
21454;6023126;1257971712;33566720;1446670336;0;0;0;0;0;0;0;0;0;0;0;3376;0;0;133;0;122;0;
21455;3803964;1257971712;33566720;1446670336;0;0;0;0;0;0;0;0;0;0;0;3006;0;0;133;0;122;0;
21456;6378592;1257971712;33566720;1446670336;0;0;0;0;0;0;0;0;0;0;0;2986;0;0;133;0;122;0;
21457;3425194;1257971712;33566720;1446670336;0;0;0;0;0;0;0;0;0;0;0;30187;0;0;133;0;122;0;
21458;5319877;1257971712;33566720;1446670336;0;0;0;0;0;0;0;0;0;0;0;2675;0;0;133;0;122;0;
21459;5342098;1257971712;33566720;1446670336;0;0;0;0;0;0;0;0;0;0;0;2545;0;0;133;0;122;0;
21460;6610066;1257971712;33566720;1446670336;0;0;0;0;0;0;0;0;0;0;0;3296;0;0;133;0;122;0;
21461;4628099;1257971712;33566720;1446670336;0;0;0;0;0;0;0;0;0;0;0;4057;0;0;133;0;122;0;
21462;7119311;1257971712;33566720;1446670336;0;0;0;0;0;0;0;0;0;0;0;4238;0;0;133;0;122;0;
21463;4900701;1257971712;33566720;1446670336;0;0;0;0;0;0;0;0;0;0;0;3015;0;0;133;0;122;0;
21464;6189819;1257971712;33566720;1446670336;0;0;0;0;0;0;0;0;0;0;0;2835;0;0;133;0;122;0;
21465;6521411;1257971712;33566720;1446670336;0;0;0;0;0;0;0;0;0;0;0;2876;0;0;133;0;122;0;
21466;6753255;1257971712;33566720;1446670336;0;0;0;0;0;0;0;0;0;0;0;3417;0;0;133;0;122;0;
21467;5716150;1257971712;33566720;1446670336;0;0;0;0;0;0;0;0;0;0;0;3306;0;0;133;0;122;0;
21468;6198585;1257971712;33566720;1446670336;0;0;0;0;0;0;0;0;0;0;0;3416;0;0;133;0;122;0;
21469;4503686;1257971712;33566720;1446670336;0;0;0;0;0;0;0;0;0;0;0;3787;0;0;133;0;122;0;
21470;5365492;1257971712;33566720;1446670336;0;0;0;0;0;0;0;0;0;0;0;2735;0;0;133;0;122;0;
21471;5230579;1257971712;33566720;1446670336;0;0;0;0;0;0;0;0;0;0;0;3456;0;0;133;0;122;0;
21472;6430499;1257971712;33566720;1446670336;0;0;0;0;0;0;0;0;0;0;0;2665;0;0;133;0;122;0;
21473;4269337;1257971712;33566720;1446670336;0;0;0;0;0;0;0;0;0;0;0;3146;0;0;133;0;122;0;
21474;5309508;1257971712;33566720;1446670336;0;0;0;0;0;0;0;0;0;0;0;3146;0;0;133;0;122;0;
21475;6497275;1257971712;33566720;1446670336;0;0;0;0;0;0;0;0;0;0;0;4118;0;0;133;0;122;0;
21476;6534435;1257971712;33566720;1446670336;0;0;0;0;0;0;0;0;0;0;0;3927;0;0;133;0;122;0;
21477;4860516;1257971712;33566720;1446670336;0;0;0;0;0;0;0;0;0;0;0;3417;0;0;133;0;122;0;
21478;6636315;1257971712;33566720;1446670336;0;0;0;0;0;0;0;0;0;0;0;4038;0;0;133;0;122;0;
21479;4721956;1257971712;33566720;1446670336;0;0;0;0;0;0;0;0;0;0;0;4137;0;0;133;0;122;0;
21480;7075129;1257971712;33566720;1446670336;0;0;0;0;0;0;0;0;0;0;0;3557;0;0;133;0;122;0;
21481;4008928;1257971712;33566720;1446670336;0;0;0;0;0;0;0;0;0;0;0;3417;0;0;133;0;122;0;
21482;6220245;1257971712;33566720;1446670336;0;0;0;0;0;0;0;0;0;0;0;3446;0;0;133;0;122;0;
21483;5109372;1257971712;33566720;1446670336;0;0;0;0;0;0;0;0;0;0;0;3366;0;0;133;0;122;0;
21484;6432894;1257971712;33566720;1446670336;0;0;0;0;0;0;0;0;0;0;0;3026;0;0;133;0;122;0;
21485;4747593;1257971712;33566720;1446670336;0;0;0;0;0;0;0;0;0;0;0;3146;0;0;133;0;122;0;
21486;6539965;1257971712;33566720;1446670336;0;0;0;0;0;0;0;0;0;0;0;3206;0;0;133;0;122;0;
21487;4293983;1257971712;33566720;1446670336;0;0;0;0;0;0;0;0;0;0;0;2935;0;0;133;0;122;0;
21488;6038654;1257971712;33566720;1446670336;0;0;0;0;0;0;0;0;0;0;0;3086;0;0;133;0;122;0;
21489;4190238;1257971712;33566720;1446670336;0;0;0;0;0;0;0;0;0;0;0;3597;0;0;133;0;122;0;
21490;6516931;1257971712;33566720;1446670336;0;0;0;0;0;0;0;0;0;0;0;2785;0;0;133;0;122;0;
21491;4093608;1257971712;33566720;1446670336;0;0;0;0;0;0;0;0;0;0;0;3566;0;0;133;0;122;0;
21492;6217871;1257971712;33566720;1446670336;0;0;0;0;0;0;0;0;0;0;0;3636;0;0;133;0;122;0;
21493;3368087;1257971712;33566720;1446670336;0;0;0;0;0;0;0;0;0;0;0;3406;0;0;133;0;122;0;
21494;5268580;1257971712;33566720;1446670336;0;0;0;0;0;0;0;0;0;0;0;2475;0;0;133;0;122;0;
21495;3962892;1257971712;33566720;1446670336;0;0;0;0;0;0;0;0;0;0;0;2695;0;0;133;0;122;0;
21496;6400243;1257971712;33566720;1446670336;0;0;0;0;0;0;0;0;0;0;0;3146;0;0;133;0;122;0;
21497;3130822;1257971712;33566720;1446670336;0;0;0;0;0;0;0;0;0;0;0;3557;0;0;133;0;122;0;
21498;7069077;1257971712;33566720;1446670336;0;0;0;0;0;0;0;0;0;0;0;4408;0;0;133;0;122;0;
21499;3444339;1257971712;33566720;1446670336;0;0;0;0;0;0;0;0;0;0;0;3336;0;0;133;0;122;0;
21500;6257565;1257971712;33566720;1446670336;0;0;0;0;0;0;0;0;0;0;0;3396;0;0;133;0;122;0;
21501;3638253;1257971712;33566720;1446670336;0;0;0;0;0;0;0;0;0;0;0;3086;0;0;133;0;122;0;
21502;6404992;1257971712;33566720;1446670336;0;0;0;0;0;0;0;0;0;0;0;3116;0;0;133;0;122;0;
21503;3688067;1257971712;33566720;1446670336;0;0;0;0;0;0;0;0;0;0;0;3717;0;0;133;0;122;0;
21504;5670815;1257971712;33566720;1446670336;0;0;0;0;0;0;0;0;0;0;0;2775;0;0;133;0;122;0;
21505;4057248;1257971712;33566720;1446670336;0;0;0;0;0;0;0;0;0;0;0;4839;0;0;133;0;122;0;
21506;6156386;1257971712;33566720;1446670336;0;0;0;0;0;0;0;0;0;0;0;2705;0;0;133;0;122;0;
21507;3889183;1257971712;33566720;1446670336;0;0;0;0;0;0;0;0;0;0;0;3566;0;0;133;0;122;0;
21508;6564841;1257971712;33566720;1446670336;0;0;0;0;0;0;0;0;0;0;0;3116;0;0;133;0;122;0;
21509;3479235;1257971712;33566720;1446670336;0;0;0;0;0;0;0;0;0;0;0;4148;0;0;133;0;122;0;
21510;5641320;1257971712;33566720;1446670336;0;0;0;0;0;0;0;0;0;0;0;3065;0;0;133;0;122;0;
21511;3696011;1257971712;33566720;1446670336;0;0;0;0;0;0;0;0;0;0;0;3476;0;0;133;0;122;0;
21512;5699889;1257971712;33566720;1446670336;0;0;0;0;0;0;0;0;0;0;0;2946;0;0;133;0;122;0;
21513;3366734;1257971712;33566720;1446670336;0;0;0;0;0;0;0;0;0;0;0;2916;0;0;133;0;122;0;
21514;5908451;1257971712;33566720;1446670336;0;0;0;0;0;0;0;0;0;0;0;3036;0;0;133;0;122;0;
21515;3479124;1257971712;33566720;1446670336;0;0;0;0;0;0;0;0;0;0;0;4198;0;0;133;0;122;0;
21516;6006465;1257971712;33566720;1446670336;0;0;0;0;0;0;0;0;0;0;0;3968;0;0;133;0;122;0;
21517;4191791;1257971712;33566720;1446670336;0;0;0;0;0;0;0;0;0;0;0;3887;0;0;133;0;122;0;
21518;6423407;1257971712;33566720;1446670336;0;0;0;0;0;0;0;0;0;0;0;3336;0;0;133;0;122;0;
21519;4241795;1257971712;33566720;1446670336;0;0;0;0;0;0;0;0;0;0;0;3727;0;0;133;0;122;0;
21520;5576087;1257971712;33566720;1446670336;0;0;0;0;0;0;0;0;0;0;0;3818;0;0;133;0;122;0;
21521;3688578;1257971712;33566720;1446670336;0;0;0;0;0;0;0;0;0;0;0;3978;0;0;133;0;122;0;
21522;6359597;1257971712;33566720;1446670336;0;0;0;0;0;0;0;0;0;0;0;3266;0;0;133;0;122;0;
21523;3432938;1257971712;33566720;1446670336;0;0;0;0;0;0;0;0;0;0;0;3607;0;0;133;0;122;0;
21524;5791672;1257971712;33566720;1446670336;0;0;0;0;0;0;0;0;0;0;0;2655;0;0;133;0;122;0;
21525;5284209;1257971712;33566720;1446670336;0;0;0;0;0;0;0;0;0;0;0;3557;0;0;133;0;122;0;
21526;4877077;1257971712;33566720;1446670336;0;0;0;0;0;0;0;0;0;0;0;2715;0;0;133;0;122;0;
21527;3673680;1257971712;33566720;1446670336;0;0;0;0;0;0;0;0;0;0;0;3587;0;0;133;0;122;0;
21528;5517427;1257971712;33566720;1446670336;0;0;0;0;0;0;0;0;0;0;0;2504;0;0;133;0;122;0;
21529;6910510;1257971712;33566720;1446670336;0;0;0;0;0;0;0;0;0;0;0;4348;0;0;133;0;122;0;
21530;6151647;1257971712;33566720;1446670336;0;0;0;0;0;0;0;0;0;0;0;2625;0;0;133;0;122;0;
21531;5892200;1257971712;33566720;1446670336;0;0;0;0;0;0;0;0;0;0;0;2675;0;0;133;0;122;0;
21532;5543547;1257971712;33566720;1446670336;0;0;0;0;0;0;0;0;0;0;0;2254;0;0;133;0;122;0;
21533;3980165;1257971712;33566720;1446670336;0;0;0;0;0;0;0;0;0;0;0;3046;0;0;133;0;122;0;
21534;5531053;1257971712;33566720;1446670336;0;0;0;0;0;0;0;0;0;0;0;2485;0;0;133;0;122;0;
21535;3576427;1257971712;33566720;1446670336;0;0;0;0;0;0;0;0;0;0;0;2866;0;0;133;0;122;0;
21536;5992658;1257971712;33566720;1446670336;0;0;0;0;0;0;0;0;0;0;0;2445;0;0;133;0;122;0;
21537;3982548;1257971712;33566720;1446670336;0;0;0;0;0;0;0;0;0;0;0;3477;0;0;133;0;122;0;
21538;5764480;1257971712;33566720;1446670336;0;0;0;0;0;0;0;0;0;0;0;2474;0;0;133;0;122;0;
21539;3531593;1257971712;33566720;1446670336;0;0;0;0;0;0;0;0;0;0;0;3597;0;0;133;0;122;0;
21540;6639632;1257971712;33566720;1446670336;0;0;0;0;0;0;0;0;0;0;0;3367;0;0;133;0;122;0;
21541;3088492;1257971712;33566720;1446670336;0;0;0;0;0;0;0;0;0;0;0;4278;0;0;133;0;122;0;
21542;7228686;1257971712;33566720;1446670336;0;0;0;0;0;0;0;0;0;0;0;2906;0;0;133;0;122;0;
21543;4560353;1257971712;33566720;1446670336;0;0;0;0;0;0;0;0;0;0;0;3156;0;0;133;0;122;0;
21544;6383431;1257971712;33566720;1446670336;0;0;0;0;0;0;0;0;0;0;0;2806;0;0;133;0;122;0;
21545;3559555;1257971712;33566720;1446670336;0;0;0;0;0;0;0;0;0;0;0;3297;0;0;133;0;122;0;
21546;5977891;1257971712;33566720;1446670336;0;0;0;0;0;0;0;0;0;0;0;2736;0;0;133;0;122;0;
21547;13693881;1257971712;33566720;1446670336;0;0;0;0;0;0;0;0;0;0;0;3507;0;0;133;0;122;0;
21548;6613934;1257971712;33566720;1446670336;0;0;0;0;0;0;0;0;0;0;0;3076;0;0;133;0;122;0;
21549;3719766;1257971712;33566720;1446670336;0;0;0;0;0;0;0;0;0;0;0;3346;0;0;133;0;122;0;
21550;7290733;1257971712;33566720;1446670336;0;0;0;0;0;0;0;0;0;0;0;3537;0;0;133;0;122;0;
21551;5587189;1257971712;33566720;1446670336;0;0;0;0;0;0;0;0;0;0;0;3276;0;0;133;0;122;0;
21552;5715889;1257971712;33566720;1446670336;0;0;0;0;0;0;0;0;0;0;0;2605;0;0;133;0;122;0;
21553;5388004;1257971712;33566720;1446670336;0;0;0;0;0;0;0;0;0;0;0;2976;0;0;133;0;122;0;
21554;7205122;1257971712;33566720;1446670336;0;0;0;0;0;0;0;0;0;0;0;2905;0;0;133;0;122;0;
21555;4735731;1257971712;33566720;1446670336;0;0;0;0;0;0;0;0;0;0;0;3216;0;0;133;0;122;0;
21556;4827283;1257971712;33566720;1446670336;0;0;0;0;0;0;0;0;0;0;0;2003;0;0;133;0;122;0;
21557;5193991;1257971712;33566720;1446670336;0;0;0;0;0;0;0;0;0;0;0;3206;0;0;133;0;122;0;
21558;6211308;1257971712;33566720;1446670336;0;0;0;0;0;0;0;0;0;0;0;4108;0;0;133;0;122;0;
21559;4027494;1257971712;33566720;1446670336;0;0;0;0;0;0;0;0;0;0;0;2895;0;0;133;0;122;0;
21560;5800448;1257971712;33566720;1446670336;0;0;0;0;0;0;0;0;0;0;0;3687;0;0;133;0;122;0;
21561;3726358;1257971712;33566720;1446670336;0;0;0;0;0;0;0;0;0;0;0;3206;0;0;133;0;122;0;
21562;5485387;1257971712;33566720;1446670336;0;0;0;0;0;0;0;0;0;0;0;2154;0;0;133;0;122;0;
21563;3773787;1257971712;33566720;1446670336;0;0;0;0;0;0;0;0;0;0;0;3336;0;0;133;0;122;0;
21564;5497159;1257971712;33566720;1446670336;0;0;0;0;0;0;0;0;0;0;0;3737;0;0;133;0;122;0;
21565;3890597;1257971712;33566720;1446670336;0;0;0;0;0;0;0;0;0;0;0;2925;0;0;133;0;122;0;
21566;6152188;1257971712;33566720;1446670336;0;0;0;0;0;0;0;0;0;0;0;3447;0;0;133;0;122;0;
21567;3499904;1257971712;33566720;1446670336;0;0;0;0;0;0;0;0;0;0;0;3576;0;0;133;0;122;0;
21568;6408007;1257971712;33566720;1446670336;0;0;0;0;0;0;0;0;0;0;0;3256;0;0;133;0;122;0;
21569;5354011;1257971712;33566720;1446670336;0;0;0;0;0;0;0;0;0;0;0;3737;0;0;133;0;122;0;
21570;6177986;1257971712;33566720;1446670336;0;0;0;0;0;0;0;0;0;0;0;2735;0;0;133;0;122;0;
21571;4873420;1257971712;33566720;1446670336;0;0;0;0;0;0;0;0;0;0;0;3166;0;0;133;0;122;0;
21572;5456623;1257971712;33566720;1446670336;0;0;0;0;0;0;0;0;0;0;0;2255;0;0;133;0;122;0;
21573;3942083;1257971712;33566720;1446670336;0;0;0;0;0;0;0;0;0;0;0;3617;0;0;133;0;122;0;
21574;5529219;1257971712;33566720;1446670336;0;0;0;0;0;0;0;0;0;0;0;3877;0;0;133;0;122;0;
21575;3719365;1257971712;33566720;1446670336;0;0;0;0;0;0;0;0;0;0;0;2865;0;0;133;0;122;0;
21576;6502405;1257971712;33566720;1446670336;0;0;0;0;0;0;0;0;0;0;0;3376;0;0;133;0;122;0;
21577;3679350;1257971712;33566720;1446670336;0;0;0;0;0;0;0;0;0;0;0;3256;0;0;133;0;122;0;
21578;6532681;1257971712;33566720;1446670336;0;0;0;0;0;0;0;0;0;0;0;3777;0;0;133;0;122;0;
21579;4264537;1257971712;33566720;1446670336;0;0;0;0;0;0;0;0;0;0;0;3025;0;0;133;0;122;0;
21580;6565783;1257971712;33566720;1446670336;0;0;0;0;0;0;0;0;0;0;0;3467;0;0;133;0;122;0;
21581;4754857;1257971712;33566720;1446670336;0;0;0;0;0;0;0;0;0;0;0;3867;0;0;133;0;122;0;
21582;5853618;1257971712;33566720;1446670336;0;0;0;0;0;0;0;0;0;0;0;3617;0;0;133;0;122;0;
21583;4556375;1257971712;33566720;1446670336;0;0;0;0;0;0;0;0;0;0;0;3947;0;0;133;0;122;0;
21584;6359707;1257971712;33566720;1446670336;0;0;0;0;0;0;0;0;0;0;0;3326;0;0;133;0;122;0;
21585;3108549;1257971712;33566720;1446670336;0;0;0;0;0;0;0;0;0;0;0;3317;0;0;133;0;122;0;
21586;6128343;1257971712;33566720;1446670336;0;0;0;0;0;0;0;0;0;0;0;2294;0;0;133;0;122;0;
21587;3795828;1257971712;33566720;1446670336;0;0;0;0;0;0;0;0;0;0;0;3396;0;0;133;0;122;0;
21588;8025010;1257971712;33566720;1446670336;0;0;0;0;0;0;0;0;0;0;0;2665;0;0;133;0;122;0;
21589;3669512;1257971712;33566720;1446670336;0;0;0;0;0;0;0;0;0;0;0;3146;0;0;133;0;122;0;
21590;6655832;1257971712;33566720;1446670336;0;0;0;0;0;0;0;0;0;0;0;3356;0;0;133;0;122;0;
21591;4812495;1257971712;33566720;1446670336;0;0;0;0;0;0;0;0;0;0;0;4939;0;0;133;0;122;0;
21592;5040052;1257971712;33566720;1446670336;0;0;0;0;0;0;0;0;0;0;0;2284;0;0;133;0;122;0;
21593;4876576;1257971712;33566720;1446670336;0;0;0;0;0;0;0;0;0;0;0;3486;0;0;133;0;122;0;
21594;5369850;1257971712;33566720;1446670336;0;0;0;0;0;0;0;0;0;0;0;3296;0;0;133;0;122;0;
21595;3797802;1257971712;33566720;1446670336;0;0;0;0;0;0;0;0;0;0;0;4398;0;0;133;0;122;0;
21596;5591787;1257971712;33566720;1446670336;0;0;0;0;0;0;0;0;0;0;0;3046;0;0;133;0;122;0;
21597;4582664;1257971712;33566720;1446670336;0;0;0;0;0;0;0;0;0;0;0;4037;0;0;133;0;122;0;
21598;7322112;1257971712;33566720;1446670336;0;0;0;0;0;0;0;0;0;0;0;3045;0;0;133;0;122;0;
21599;4771729;1257971712;33566720;1446670336;0;0;0;0;0;0;0;0;0;0;0;3316;0;0;133;0;122;0;
21600;5148355;1257971712;33566720;1446670336;0;0;0;0;0;0;0;0;0;0;0;2715;0;0;133;0;122;0;
21601;4001725;1257971712;33566720;1446670336;0;0;0;0;0;0;0;0;0;0;0;2735;0;0;133;0;122;0;
21602;6167316;1257971712;33566720;1446670336;0;0;0;0;0;0;0;0;0;0;0;3005;0;0;133;0;122;0;
21603;3895365;1257971712;33566720;1446670336;0;0;0;0;0;0;0;0;0;0;0;6152;0;0;133;0;122;0;
21604;6494640;1257971712;33566720;1446670336;0;0;0;0;0;0;0;0;0;0;0;2675;0;0;133;0;122;0;
21605;7157914;1257971712;33566720;1446670336;0;0;0;0;0;0;0;0;0;0;0;3897;0;0;133;0;122;0;
21606;6770046;1257971712;33566720;1446670336;0;0;0;0;0;0;0;0;0;0;0;40696;0;0;133;0;122;0;
21607;5619659;1257971712;33566720;1446670336;0;0;0;0;0;0;0;0;0;0;0;6702;0;0;133;0;122;0;
21608;6285547;1257971712;33566720;1446670336;0;0;0;0;0;0;0;0;0;0;0;2875;0;0;133;0;122;0;
21609;6524526;1257971712;33566720;1446670336;0;0;0;0;0;0;0;0;0;0;0;3487;0;0;133;0;122;0;
21610;8225977;1257971712;33566720;1446670336;0;0;0;0;0;0;0;0;0;0;0;4498;0;0;133;0;122;0;
21611;9744825;1257971712;33566720;1446670336;0;0;0;0;0;0;0;0;0;0;0;3125;0;0;133;0;122;0;
21612;7642884;1257971712;33566720;1446670336;0;0;0;0;0;0;0;0;0;0;0;4118;0;0;133;0;122;0;
21613;4987123;1257971712;33566720;1446670336;0;0;0;0;0;0;0;0;0;0;0;3356;0;0;133;0;122;0;
21614;6546117;1257971712;33566720;1446670336;0;0;0;0;0;0;0;0;0;0;0;2695;0;0;133;0;122;0;
21615;7119922;1257971712;33566720;1446670336;0;0;0;0;0;0;0;0;0;0;0;3566;0;0;133;0;122;0;
21616;7749363;1257971712;33566720;1446670336;0;0;0;0;0;0;0;0;0;0;0;4398;0;0;133;0;122;0;
21617;6510840;1257971712;33566720;1446670336;0;0;0;0;0;0;0;0;0;0;0;2916;0;0;133;0;122;0;
21618;7905786;1257971712;33566720;1446670336;0;0;0;0;0;0;0;0;0;0;0;4568;0;0;133;0;122;0;
21619;5944248;1257971712;33566720;1446670336;0;0;0;0;0;0;0;0;0;0;0;3357;0;0;133;0;122;0;
21620;8557158;1257971712;33566720;1446670336;0;0;0;0;0;0;0;0;0;0;0;5220;0;0;133;0;122;0;
21621;5685914;1257971712;33566720;1446670336;0;0;0;0;0;0;0;0;0;0;0;3526;0;0;133;0;122;0;
21622;9563996;1257971712;33566720;1446670336;0;0;0;0;0;0;0;0;0;0;0;3556;0;0;133;0;122;0;
21623;5629176;1257971712;33566720;1446670336;0;0;0;0;0;0;0;0;0;0;0;3897;0;0;133;0;122;0;
21624;8333839;1257971712;33566720;1446670336;0;0;0;0;0;0;0;0;0;0;0;3526;0;0;133;0;122;0;
21625;5981258;1257971712;33566720;1446670336;0;0;0;0;0;0;0;0;0;0;0;34354;0;0;133;0;122;0;
21626;8035831;1257971712;33570816;1446674432;0;0;0;0;0;0;0;0;0;0;0;3537;0;0;133;0;122;0;
21627;6207642;1257971712;33574912;1446678528;0;0;0;0;0;0;0;0;0;0;0;4539;0;0;133;0;122;0;
21628;7882312;1257971712;33574912;1446678528;0;0;0;0;0;0;0;0;0;0;0;3517;0;0;133;0;122;0;
21629;6704543;1257971712;33574912;1446678528;0;0;0;0;0;0;0;0;0;0;0;3807;0;0;133;0;122;0;
21630;6797919;1257971712;33574912;1446678528;0;0;0;0;0;0;0;0;0;0;0;3156;0;0;133;0;122;0;
21631;5840433;1257971712;33574912;1446678528;0;0;0;0;0;0;0;0;0;0;0;2545;0;0;133;0;122;0;
21632;6474372;1257971712;33574912;1446678528;0;0;0;0;0;0;0;0;0;0;0;3496;0;0;133;0;122;0;
21633;5627514;1257971712;33566720;1446670336;0;0;0;0;0;0;0;0;0;0;0;3286;0;0;133;0;122;0;
21634;7839332;1257971712;33566720;1446670336;0;0;0;0;0;0;0;0;0;0;0;6302;0;0;133;0;122;0;
21635;5574084;1257971712;33566720;1446670336;0;0;0;0;0;0;0;0;0;0;0;4138;0;0;133;0;122;0;
21636;6637918;1257971712;33566720;1446670336;0;0;0;0;0;0;0;0;0;0;0;3707;0;0;133;0;122;0;
21637;4921389;1257971712;33566720;1446670336;0;0;0;0;0;0;0;0;0;0;0;3707;0;0;133;0;122;0;
21638;7171529;1257971712;33566720;1446670336;0;0;0;0;0;0;0;0;0;0;0;4338;0;0;133;0;122;0;
21639;4626506;1257971712;33566720;1446670336;0;0;0;0;0;0;0;0;0;0;0;4148;0;0;133;0;122;0;
21640;5391852;1257971712;33566720;1446670336;0;0;0;0;0;0;0;0;0;0;0;3056;0;0;133;0;122;0;
21641;4620465;1257971712;33566720;1446670336;0;0;0;0;0;0;0;0;0;0;0;2995;0;0;133;0;122;0;
21642;7710451;1257971712;33566720;1446670336;0;0;0;0;0;0;0;0;0;0;0;5089;0;0;133;0;122;0;
21643;5573132;1257971712;33566720;1446670336;0;0;0;0;0;0;0;0;0;0;0;2925;0;0;133;0;122;0;
21644;7262019;1257971712;33566720;1446670336;0;0;0;0;0;0;0;0;0;0;0;4409;0;0;133;0;122;0;
21645;5094805;1257971712;33566720;1446670336;0;0;0;0;0;0;0;0;0;0;0;2726;0;0;133;0;122;0;
21646;6728679;1257971712;33566720;1446670336;0;0;0;0;0;0;0;0;0;0;0;3296;0;0;133;0;122;0;
21647;7018242;1257971712;33566720;1446670336;0;0;0;0;0;0;0;0;0;0;0;4879;0;0;133;0;122;0;
21648;5737059;1257971712;33566720;1446670336;0;0;0;0;0;0;0;0;0;0;0;3005;0;0;133;0;122;0;
21649;7309638;1257971712;33566720;1446670336;0;0;0;0;0;0;0;0;0;0;0;4178;0;0;133;0;122;0;
21650;6386086;1257971712;33566720;1446670336;0;0;0;0;0;0;0;0;0;0;0;3377;0;0;133;0;122;0;
21651;5035443;1257971712;33566720;1446670336;0;0;0;0;0;0;0;0;0;0;0;4408;0;0;133;0;122;0;
21652;7575177;1257971712;33566720;1446670336;0;0;0;0;0;0;0;0;0;0;0;3466;0;0;133;0;122;0;
21653;5832899;1257971712;33566720;1446670336;0;0;0;0;0;0;0;0;0;0;0;3387;0;0;133;0;122;0;
21654;6374665;1257971712;33566720;1446670336;0;0;0;0;0;0;0;0;0;0;0;3727;0;0;133;0;122;0;
21655;4186181;1257971712;33566720;1446670336;0;0;0;0;0;0;0;0;0;0;0;3977;0;0;133;0;122;0;
21656;7691184;1257971712;33566720;1446670336;0;0;0;0;0;0;0;0;0;0;0;3206;0;0;133;0;122;0;
21657;5300901;1257971712;33566720;1446670336;0;0;0;0;0;0;0;0;0;0;0;5681;0;0;133;0;122;0;
21658;8112133;1257971712;33566720;1446670336;0;0;0;0;0;0;0;0;0;0;0;3226;0;0;133;0;122;0;
21659;5666086;1257971712;33566720;1446670336;0;0;0;0;0;0;0;0;0;0;0;3617;0;0;133;0;122;0;
21660;7566049;1257971712;33566720;1446670336;0;0;0;0;0;0;0;0;0;0;0;3567;0;0;133;0;122;0;
21661;6778392;1257971712;33566720;1446670336;0;0;0;0;0;0;0;0;0;0;0;3336;0;0;133;0;122;0;
21662;7610112;1257971712;33566720;1446670336;0;0;0;0;0;0;0;0;0;0;0;3186;0;0;133;0;122;0;
21663;4428345;1257971712;33566720;1446670336;0;0;0;0;0;0;0;0;0;0;0;3085;0;0;133;0;122;0;
21664;7828111;1257971712;33566720;1446670336;0;0;0;0;0;0;0;0;0;0;0;4118;0;0;133;0;122;0;
21665;4096021;1257971712;33566720;1446670336;0;0;0;0;0;0;0;0;0;0;0;3787;0;0;133;0;122;0;
21666;9146624;1257971712;33566720;1446670336;0;0;0;0;0;0;0;0;0;0;0;8436;0;0;133;0;122;0;
21667;5212886;1257971712;33566720;1446670336;0;0;0;0;0;0;0;0;0;0;0;3606;0;0;133;0;122;0;
21668;6958280;1257971712;33566720;1446670336;0;0;0;0;0;0;0;0;0;0;0;3938;0;0;133;0;122;0;
21669;4626377;1257971712;33566720;1446670336;0;0;0;0;0;0;0;0;0;0;0;3948;0;0;133;0;122;0;
21670;7759432;1257971712;33566720;1446670336;0;0;0;0;0;0;0;0;0;0;0;4187;0;0;133;0;122;0;
21671;5684290;1257971712;33566720;1446670336;0;0;0;0;0;0;0;0;0;0;0;3867;0;0;133;0;122;0;
21672;6437934;1257971712;33566720;1446670336;0;0;0;0;0;0;0;0;0;0;0;3737;0;0;133;0;122;0;
21673;4579809;1257971712;33566720;1446670336;0;0;0;0;0;0;0;0;0;0;0;3306;0;0;133;0;122;0;
21674;8143492;1257971712;33566720;1446670336;0;0;0;0;0;0;0;0;0;0;0;4088;0;0;133;0;122;0;
21675;5099253;1257971712;33566720;1446670336;0;0;0;0;0;0;0;0;0;0;0;3437;0;0;133;0;122;0;
21676;4582033;1257971712;33566720;1446670336;0;0;0;0;0;0;0;0;0;0;0;2876;0;0;133;0;122;0;
21677;6427474;1257971712;33566720;1446670336;0;0;0;0;0;0;0;0;0;0;0;3727;0;0;133;0;122;0;
21678;6181673;1257971712;33566720;1446670336;0;0;0;0;0;0;0;0;0;0;0;11031;0;0;133;0;122;0;
21679;4715844;1257971712;33566720;1446670336;0;0;0;0;0;0;0;0;0;0;0;3136;0;0;133;0;122;0;
21680;5751346;1257971712;33566720;1446670336;0;0;0;0;0;0;0;0;0;0;0;4158;0;0;133;0;122;0;
21681;5363017;1257971712;33566720;1446670336;0;0;0;0;0;0;0;0;0;0;0;3065;0;0;133;0;122;0;
21682;6980360;1257971712;33566720;1446670336;0;0;0;0;0;0;0;0;0;0;0;3487;0;0;133;0;122;0;
21683;6313070;1257971712;33566720;1446670336;0;0;0;0;0;0;0;0;0;0;0;3727;0;0;133;0;122;0;
21684;8493759;1257971712;33566720;1446670336;0;0;0;0;0;0;0;0;0;0;0;3417;0;0;133;0;122;0;
21685;4867017;1257971712;33566720;1446670336;0;0;0;0;0;0;0;0;0;0;0;3316;0;0;133;0;122;0;
21686;7818914;1257971712;33566720;1446670336;0;0;0;0;0;0;0;0;0;0;0;3637;0;0;133;0;122;0;
21687;5667468;1257971712;33566720;1446670336;0;0;0;0;0;0;0;0;0;0;0;6653;0;0;133;0;122;0;
21688;6731734;1257971712;33566720;1446670336;0;0;0;0;0;0;0;0;0;0;0;5100;0;0;133;0;122;0;
21689;4202682;1257971712;33566720;1446670336;0;0;0;0;0;0;0;0;0;0;0;6252;0;0;133;0;122;0;
21690;8161276;1257971712;33566720;1446670336;0;0;0;0;0;0;0;0;0;0;0;2885;0;0;133;0;122;0;
21691;5862394;1257971712;33566720;1446670336;0;0;0;0;0;0;0;0;0;0;0;4348;0;0;133;0;122;0;
21692;9729256;1257971712;33566720;1446670336;0;0;0;0;0;0;0;0;0;0;0;4228;0;0;133;0;122;0;
21693;6528934;1257971712;33566720;1446670336;0;0;0;0;0;0;0;0;0;0;0;3216;0;0;133;0;122;0;
21694;7204010;1257971712;33566720;1446670336;0;0;0;0;0;0;0;0;0;0;0;4288;0;0;133;0;122;0;
21695;4029928;1257971712;33566720;1446670336;0;0;0;0;0;0;0;0;0;0;0;3898;0;0;133;0;122;0;
21696;7804927;1257971712;33566720;1446670336;0;0;0;0;0;0;0;0;0;0;0;4348;0;0;133;0;122;0;
21697;4456197;1257971712;33566720;1446670336;0;0;0;0;0;0;0;0;0;0;0;3837;0;0;133;0;122;0;
21698;7414665;1257971712;33566720;1446670336;0;0;0;0;0;0;0;0;0;0;0;3456;0;0;133;0;122;0;
21699;5402051;1257971712;33566720;1446670336;0;0;0;0;0;0;0;0;0;0;0;3086;0;0;133;0;122;0;
21700;7416899;1257971712;33566720;1446670336;0;0;0;0;0;0;0;0;0;0;0;3977;0;0;133;0;122;0;
21701;4784643;1257971712;33566720;1446670336;0;0;0;0;0;0;0;0;0;0;0;4528;0;0;133;0;122;0;
21702;7767857;1257971712;33566720;1446670336;0;0;0;0;0;0;0;0;0;0;0;3567;0;0;133;0;122;0;
21703;6488468;1257971712;33566720;1446670336;0;0;0;0;0;0;0;0;0;0;0;4429;0;0;133;0;122;0;
21704;6837382;1257971712;33566720;1446670336;0;0;0;0;0;0;0;0;0;0;0;4458;0;0;133;0;122;0;
21705;5471461;1257971712;33566720;1446670336;0;0;0;0;0;0;0;0;0;0;0;3417;0;0;133;0;122;0;
21706;7816580;1257971712;33566720;1446670336;0;0;0;0;0;0;0;0;0;0;0;3486;0;0;133;0;122;0;
21707;5092961;1257971712;33566720;1446670336;0;0;0;0;0;0;0;0;0;0;0;3968;0;0;133;0;122;0;
21708;6374565;1257971712;33566720;1446670336;0;0;0;0;0;0;0;0;0;0;0;3958;0;0;133;0;122;0;
21709;3821647;1257971712;33566720;1446670336;0;0;0;0;0;0;0;0;0;0;0;3226;0;0;133;0;122;0;
21710;9974736;1257971712;33566720;1446670336;0;0;0;0;0;0;0;0;0;0;0;3356;0;0;133;0;122;0;
21711;12080135;1257971712;33566720;1446670336;0;0;0;0;0;0;0;0;0;0;0;5250;0;0;133;0;122;0;
21712;6600268;1257971712;33566720;1446670336;0;0;0;0;0;0;0;0;0;0;0;3436;0;0;133;0;122;0;
21713;4776458;1257971712;33566720;1446670336;0;0;0;0;0;0;0;0;0;0;0;4338;0;0;133;0;122;0;
21714;5480939;1257971712;33566720;1446670336;0;0;0;0;0;0;0;0;0;0;0;2525;0;0;133;0;122;0;
21715;5912919;1257971712;33566720;1446670336;0;0;0;0;0;0;0;0;0;0;0;4078;0;0;133;0;122;0;
21716;6124946;1257971712;33566720;1446670336;0;0;0;0;0;0;0;0;0;0;0;3106;0;0;133;0;122;0;
21717;4054824;1257971712;33566720;1446670336;0;0;0;0;0;0;0;0;0;0;0;3326;0;0;133;0;122;0;
21718;5444591;1257971712;33566720;1446670336;0;0;0;0;0;0;0;0;0;0;0;2435;0;0;133;0;122;0;
21719;3767715;1257971712;33566720;1446670336;0;0;0;0;0;0;0;0;0;0;0;3787;0;0;133;0;122;0;
21720;5520693;1257971712;33566720;1446670336;0;0;0;0;0;0;0;0;0;0;0;3156;0;0;133;0;122;0;
21721;3645036;1257971712;33566720;1446670336;0;0;0;0;0;0;0;0;0;0;0;3396;0;0;133;0;122;0;
21722;5232964;1257971712;33566720;1446670336;0;0;0;0;0;0;0;0;0;0;0;2285;0;0;133;0;122;0;
21723;4718809;1257971712;33566720;1446670336;0;0;0;0;0;0;0;0;0;0;0;3236;0;0;133;0;122;0;
21724;5290732;1257971712;33566720;1446670336;0;0;0;0;0;0;0;0;0;0;0;2655;0;0;133;0;122;0;
21725;3457514;1257971712;33566720;1446670336;0;0;0;0;0;0;0;0;0;0;0;3316;0;0;133;0;122;0;
21726;5299890;1257971712;33566720;1446670336;0;0;0;0;0;0;0;0;0;0;0;2655;0;0;133;0;122;0;
21727;4245893;1257971712;33566720;1446670336;0;0;0;0;0;0;0;0;0;0;0;2835;0;0;133;0;122;0;
21728;5617344;1257971712;33566720;1446670336;0;0;0;0;0;0;0;0;0;0;0;3396;0;0;133;0;122;0;
21729;3820395;1257971712;33566720;1446670336;0;0;0;0;0;0;0;0;0;0;0;3066;0;0;133;0;122;0;
21730;5736508;1257971712;33566720;1446670336;0;0;0;0;0;0;0;0;0;0;0;3095;0;0;133;0;122;0;
21731;3076810;1257971712;33566720;1446670336;0;0;0;0;0;0;0;0;0;0;0;3707;0;0;133;0;122;0;
21732;5169544;1257971712;33566720;1446670336;0;0;0;0;0;0;0;0;0;0;0;2675;0;0;133;0;122;0;
21733;3426226;1257971712;33566720;1446670336;0;0;0;0;0;0;0;0;0;0;0;3647;0;0;133;0;122;0;
21734;5617646;1257971712;33566720;1446670336;0;0;0;0;0;0;0;0;0;0;0;3307;0;0;133;0;122;0;
21735;3736318;1257971712;33566720;1446670336;0;0;0;0;0;0;0;0;0;0;0;3357;0;0;133;0;122;0;
21736;5269422;1257971712;33566720;1446670336;0;0;0;0;0;0;0;0;0;0;0;2655;0;0;133;0;122;0;
21737;4055195;1257971712;33566720;1446670336;0;0;0;0;0;0;0;0;0;0;0;3767;0;0;133;0;122;0;
21738;4864052;1257971712;33566720;1446670336;0;0;0;0;0;0;0;0;0;0;0;2254;0;0;133;0;122;0;
21739;3959505;1257971712;33566720;1446670336;0;0;0;0;0;0;0;0;0;0;0;3467;0;0;133;0;122;0;
21740;5858998;1257971712;33566720;1446670336;0;0;0;0;0;0;0;0;0;0;0;2545;0;0;133;0;122;0;
21741;4068300;1257971712;33566720;1446670336;0;0;0;0;0;0;0;0;0;0;0;3887;0;0;133;0;122;0;
21742;4731644;1257971712;33566720;1446670336;0;0;0;0;0;0;0;0;0;0;0;2655;0;0;133;0;122;0;
21743;4015731;1257971712;33566720;1446670336;0;0;0;0;0;0;0;0;0;0;0;3817;0;0;133;0;122;0;
21744;4975181;1257971712;33566720;1446670336;0;0;0;0;0;0;0;0;0;0;0;3156;0;0;133;0;122;0;
21745;4110248;1257971712;33566720;1446670336;0;0;0;0;0;0;0;0;0;0;0;3176;0;0;133;0;122;0;
21746;5383776;1257971712;33566720;1446670336;0;0;0;0;0;0;0;0;0;0;0;2905;0;0;133;0;122;0;
21747;3927365;1257971712;33566720;1446670336;0;0;0;0;0;0;0;0;0;0;0;3257;0;0;133;0;122;0;
21748;5226071;1257971712;33566720;1446670336;0;0;0;0;0;0;0;0;0;0;0;10941;0;0;133;0;122;0;
21749;3836685;1257971712;33566720;1446670336;0;0;0;0;0;0;0;0;0;0;0;2996;0;0;133;0;122;0;
21750;5853437;1257971712;33566720;1446670336;0;0;0;0;0;0;0;0;0;0;0;2485;0;0;133;0;122;0;
21751;3119299;1257971712;33566720;1446670336;0;0;0;0;0;0;0;0;0;0;0;4098;0;0;133;0;122;0;
21752;5406459;1257971712;33566720;1446670336;0;0;0;0;0;0;0;0;0;0;0;2715;0;0;133;0;122;0;
21753;3525622;1257971712;33566720;1446670336;0;0;0;0;0;0;0;0;0;0;0;2795;0;0;133;0;122;0;
21754;5058346;1257971712;33566720;1446670336;0;0;0;0;0;0;0;0;0;0;0;3496;0;0;133;0;122;0;
21755;4409159;1257971712;33566720;1446670336;0;0;0;0;0;0;0;0;0;0;0;5119;0;0;133;0;122;0;
21756;5728213;1257971712;33566720;1446670336;0;0;0;0;0;0;0;0;0;0;0;2935;0;0;133;0;122;0;
21757;3283548;1257971712;33566720;1446670336;0;0;0;0;0;0;0;0;0;0;0;3306;0;0;133;0;122;0;
21758;5051263;1257971712;33566720;1446670336;0;0;0;0;0;0;0;0;0;0;0;3386;0;0;133;0;122;0;
21759;4474150;1257971712;33566720;1446670336;0;0;0;0;0;0;0;0;0;0;0;3416;0;0;133;0;122;0;
21760;5845032;1257971712;33566720;1446670336;0;0;0;0;0;0;0;0;0;0;0;3466;0;0;133;0;122;0;
21761;3770832;1257971712;33566720;1446670336;0;0;0;0;0;0;0;0;0;0;0;3145;0;0;133;0;122;0;
21762;5374009;1257971712;33566720;1446670336;0;0;0;0;0;0;0;0;0;0;0;2725;0;0;133;0;122;0;
21763;3556460;1257971712;33566720;1446670336;0;0;0;0;0;0;0;0;0;0;0;3306;0;0;133;0;122;0;
21764;4749528;1257971712;33566720;1446670336;0;0;0;0;0;0;0;0;0;0;0;2755;0;0;133;0;122;0;
21765;3577148;1257971712;33566720;1446670336;0;0;0;0;0;0;0;0;0;0;0;3356;0;0;133;0;122;0;
21766;5572541;1257971712;33566720;1446670336;0;0;0;0;0;0;0;0;0;0;0;2715;0;0;133;0;122;0;
21767;4039546;1257971712;33566720;1446670336;0;0;0;0;0;0;0;0;0;0;0;3516;0;0;133;0;122;0;
21768;6143081;1257971712;33566720;1446670336;0;0;0;0;0;0;0;0;0;0;0;4087;0;0;133;0;122;0;
21769;4199015;1257971712;33566720;1446670336;0;0;0;0;0;0;0;0;0;0;0;2976;0;0;133;0;122;0;
21770;5680262;1257971712;33566720;1446670336;0;0;0;0;0;0;0;0;0;0;0;2625;0;0;133;0;122;0;
21771;4218531;1257971712;33566720;1446670336;0;0;0;0;0;0;0;0;0;0;0;4058;0;0;133;0;122;0;
21772;5687406;1257971712;33566720;1446670336;0;0;0;0;0;0;0;0;0;0;0;2875;0;0;133;0;122;0;
21773;6459194;1257971712;33566720;1446670336;0;0;0;0;0;0;0;0;0;0;0;3888;0;0;133;0;122;0;
21774;5208338;1257971712;33566720;1446670336;0;0;0;0;0;0;0;0;0;0;0;3246;0;0;133;0;122;0;
21775;5986487;1257971712;33566720;1446670336;0;0;0;0;0;0;0;0;0;0;0;4379;0;0;133;0;122;0;
21776;5826097;1257971712;33566720;1446670336;0;0;0;0;0;0;0;0;0;0;0;3025;0;0;133;0;122;0;
21777;4490711;1257971712;33566720;1446670336;0;0;0;0;0;0;0;0;0;0;0;3386;0;0;133;0;122;0;
21778;7288939;1257971712;33566720;1446670336;0;0;0;0;0;0;0;0;0;0;0;3597;0;0;133;0;122;0;
21779;4724209;1257971712;33566720;1446670336;0;0;0;0;0;0;0;0;0;0;0;2966;0;0;133;0;122;0;
21780;6406915;1257971712;33566720;1446670336;0;0;0;0;0;0;0;0;0;0;0;4088;0;0;133;0;122;0;
21781;3073674;1257971712;33566720;1446670336;0;0;0;0;0;0;0;0;0;0;0;5991;0;0;133;0;122;0;
21782;5506416;1257971712;33566720;1446670336;0;0;0;0;0;0;0;0;0;0;0;3607;0;0;133;0;122;0;
21783;4110209;1257971712;33566720;1446670336;0;0;0;0;0;0;0;0;0;0;0;3867;0;0;133;0;122;0;
21784;6361941;1257971712;33566720;1446670336;0;0;0;0;0;0;0;0;0;0;0;3266;0;0;133;0;122;0;
21785;4303150;1257971712;33566720;1446670336;0;0;0;0;0;0;0;0;0;0;0;4017;0;0;133;0;122;0;
21786;7262420;1257971712;33566720;1446670336;0;0;0;0;0;0;0;0;0;0;0;4529;0;0;133;0;122;0;
21787;4146075;1257971712;33566720;1446670336;0;0;0;0;0;0;0;0;0;0;0;3747;0;0;133;0;122;0;
21788;7326400;1257971712;33566720;1446670336;0;0;0;0;0;0;0;0;0;0;0;3116;0;0;133;0;122;0;
21789;4740630;1257971712;33566720;1446670336;0;0;0;0;0;0;0;0;0;0;0;4398;0;0;133;0;122;0;
21790;5992518;1257971712;33566720;1446670336;0;0;0;0;0;0;0;0;0;0;0;2906;0;0;133;0;122;0;
21791;7143026;1257971712;33566720;1446670336;0;0;0;0;0;0;0;0;0;0;0;3888;0;0;133;0;122;0;
21792;6490903;1257971712;33566720;1446670336;0;0;0;0;0;0;0;0;0;0;0;3377;0;0;133;0;122;0;
21793;3940229;1257971712;33566720;1446670336;0;0;0;0;0;0;0;0;0;0;0;3917;0;0;133;0;122;0;
21794;9018914;1257971712;33566720;1446670336;0;0;0;0;0;0;0;0;0;0;0;3968;0;0;133;0;122;0;
21795;3234556;1257971712;33566720;1446670336;0;0;0;0;0;0;0;0;0;0;0;3376;0;0;133;0;122;0;
21796;6359647;1257971712;33566720;1446670336;0;0;0;0;0;0;0;0;0;0;0;3977;0;0;133;0;122;0;
21797;6305535;1257971712;33566720;1446670336;0;0;0;0;0;0;0;0;0;0;0;3737;0;0;133;0;122;0;
21798;6234632;1257971712;33566720;1446670336;0;0;0;0;0;0;0;0;0;0;0;5050;0;0;133;0;122;0;
21799;5550359;1257971712;33566720;1446670336;0;0;0;0;0;0;0;0;0;0;0;4489;0;0;133;0;122;0;
21800;8128925;1257971712;33566720;1446670336;0;0;0;0;0;0;0;0;0;0;0;4429;0;0;133;0;122;0;
21801;6146487;1257971712;33566720;1446670336;0;0;0;0;0;0;0;0;0;0;0;5009;0;0;133;0;122;0;
21802;6503055;1257971712;33566720;1446670336;0;0;0;0;0;0;0;0;0;0;0;3287;0;0;133;0;122;0;
21803;5241499;1257971712;33566720;1446670336;0;0;0;0;0;0;0;0;0;0;0;4559;0;0;133;0;122;0;
21804;6861017;1257971712;33566720;1446670336;0;0;0;0;0;0;0;0;0;0;0;2845;0;0;133;0;122;0;
21805;5078344;1257971712;33566720;1446670336;0;0;0;0;0;0;0;0;0;0;0;3065;0;0;133;0;122;0;
21806;7055091;1257971712;33566720;1446670336;0;0;0;0;0;0;0;0;0;0;0;4298;0;0;133;0;122;0;
21807;4783972;1257971712;33566720;1446670336;0;0;0;0;0;0;0;0;0;0;0;4318;0;0;133;0;122;0;
21808;7712735;1257971712;33566720;1446670336;0;0;0;0;0;0;0;0;0;0;0;3777;0;0;133;0;122;0;
21809;4448292;1257971712;33566720;1446670336;0;0;0;0;0;0;0;0;0;0;0;35847;0;0;133;0;122;0;
21810;7853178;1257971712;33566720;1446670336;0;0;0;0;0;0;0;0;0;0;0;4098;0;0;133;0;122;0;
21811;3628505;1257971712;33566720;1446670336;0;0;0;0;0;0;0;0;0;0;0;4057;0;0;133;0;122;0;
21812;7087111;1257971712;33566720;1446670336;0;0;0;0;0;0;0;0;0;0;0;3707;0;0;133;0;122;0;
21813;5836325;1257971712;33566720;1446670336;0;0;0;0;0;0;0;0;0;0;0;4579;0;0;133;0;122;0;
21814;7214981;1257971712;33566720;1446670336;0;0;0;0;0;0;0;0;0;0;0;4829;0;0;133;0;122;0;
21815;6613162;1257971712;33566720;1446670336;0;0;0;0;0;0;0;0;0;0;0;3386;0;0;133;0;122;0;
21816;6425390;1257971712;33566720;1446670336;0;0;0;0;0;0;0;0;0;0;0;3026;0;0;133;0;122;0;
21817;6410502;1257971712;33566720;1446670336;0;0;0;0;0;0;0;0;0;0;0;2796;0;0;133;0;122;0;
21818;6222159;1257971712;33566720;1446670336;0;0;0;0;0;0;0;0;0;0;0;2936;0;0;133;0;122;0;
21819;5247621;1257971712;33566720;1446670336;0;0;0;0;0;0;0;0;0;0;0;3186;0;0;133;0;122;0;
21820;7157704;1257971712;33566720;1446670336;0;0;0;0;0;0;0;0;0;0;0;4749;0;0;133;0;122;0;
21821;4426752;1257971712;33566720;1446670336;0;0;0;0;0;0;0;0;0;0;0;3817;0;0;133;0;122;0;
21822;9080289;1257971712;33566720;1446670336;0;0;0;0;0;0;0;0;0;0;0;4128;0;0;133;0;122;0;
21823;4769515;1257971712;33566720;1446670336;0;0;0;0;0;0;0;0;0;0;0;3476;0;0;133;0;122;0;
21824;6275960;1257971712;33566720;1446670336;0;0;0;0;0;0;0;0;0;0;0;3737;0;0;133;0;122;0;
21825;5050251;1257971712;33566720;1446670336;0;0;0;0;0;0;0;0;0;0;0;3657;0;0;133;0;122;0;
21826;8211630;1257971712;33566720;1446670336;0;0;0;0;0;0;0;0;0;0;0;3887;0;0;133;0;122;0;
21827;4012666;1257971712;33566720;1446670336;0;0;0;0;0;0;0;0;0;0;0;5370;0;0;133;0;122;0;
21828;6489851;1257971712;33566720;1446670336;0;0;0;0;0;0;0;0;0;0;0;3958;0;0;133;0;122;0;
21829;4439916;1257971712;33566720;1446670336;0;0;0;0;0;0;0;0;0;0;0;4078;0;0;133;0;122;0;
21830;8605248;1257971712;33566720;1446670336;0;0;0;0;0;0;0;0;0;0;0;3697;0;0;133;0;122;0;
21831;7035485;1257971712;33566720;1446670336;0;0;0;0;0;0;0;0;0;0;0;3446;0;0;133;0;122;0;
21832;6574910;1257971712;33566720;1446670336;0;0;0;0;0;0;0;0;0;0;0;3417;0;0;133;0;122;0;
21833;5653893;1257971712;33566720;1446670336;0;0;0;0;0;0;0;0;0;0;0;3797;0;0;133;0;122;0;
21834;7331509;1257971712;33566720;1446670336;0;0;0;0;0;0;0;0;0;0;0;4669;0;0;133;0;122;0;
21835;5390730;1257971712;33566720;1446670336;0;0;0;0;0;0;0;0;0;0;0;4498;0;0;133;0;122;0;
21836;8067890;1257971712;33566720;1446670336;0;0;0;0;0;0;0;0;0;0;0;4959;0;0;133;0;122;0;
21837;4462719;1257971712;33566720;1446670336;0;0;0;0;0;0;0;0;0;0;0;3707;0;0;133;0;122;0;
21838;6465686;1257971712;33566720;1446670336;0;0;0;0;0;0;0;0;0;0;0;3427;0;0;133;0;122;0;
21839;4676801;1257971712;33566720;1446670336;0;0;0;0;0;0;0;0;0;0;0;4679;0;0;133;0;122;0;
21840;5727882;1257971712;33566720;1446670336;0;0;0;0;0;0;0;0;0;0;0;3857;0;0;133;0;122;0;
21841;5284641;1257971712;33566720;1446670336;0;0;0;0;0;0;0;0;0;0;0;4859;0;0;133;0;122;0;
21842;6634281;1257971712;33566720;1446670336;0;0;0;0;0;0;0;0;0;0;0;3657;0;0;133;0;122;0;
21843;5294259;1257971712;33566720;1446670336;0;0;0;0;0;0;0;0;0;0;0;4278;0;0;133;0;122;0;
21844;6431721;1257971712;33566720;1446670336;0;0;0;0;0;0;0;0;0;0;0;4699;0;0;133;0;122;0;
21845;5204200;1257971712;33566720;1446670336;0;0;0;0;0;0;0;0;0;0;0;4268;0;0;133;0;122;0;
21846;6245032;1257971712;33566720;1446670336;0;0;0;0;0;0;0;0;0;0;0;3417;0;0;133;0;122;0;
21847;5798665;1257971712;33566720;1446670336;0;0;0;0;0;0;0;0;0;0;0;4238;0;0;133;0;122;0;
21848;6703512;1257971712;33566720;1446670336;0;0;0;0;0;0;0;0;0;0;0;3166;0;0;133;0;122;0;
21849;6627399;1257971712;33566720;1446670336;0;0;0;0;0;0;0;0;0;0;0;3917;0;0;133;0;122;0;
21850;7126485;1257971712;33566720;1446670336;0;0;0;0;0;0;0;0;0;0;0;3216;0;0;133;0;122;0;
21851;4820600;1257971712;33566720;1446670336;0;0;0;0;0;0;0;0;0;0;0;3798;0;0;133;0;122;0;
21852;6564131;1257971712;33566720;1446670336;0;0;0;0;0;0;0;0;0;0;0;3246;0;0;133;0;122;0;
21853;5287797;1257971712;33566720;1446670336;0;0;0;0;0;0;0;0;0;0;0;3968;0;0;133;0;122;0;
21854;6909618;1257971712;33566720;1446670336;0;0;0;0;0;0;0;0;0;0;0;3747;0;0;133;0;122;0;
21855;5295511;1257971712;33566720;1446670336;0;0;0;0;0;0;0;0;0;0;0;3406;0;0;133;0;122;0;
21856;6180531;1257971712;33566720;1446670336;0;0;0;0;0;0;0;0;0;0;0;4138;0;0;133;0;122;0;
21857;4866517;1257971712;33566720;1446670336;0;0;0;0;0;0;0;0;0;0;0;3466;0;0;133;0;122;0;
21858;6866287;1257971712;33566720;1446670336;0;0;0;0;0;0;0;0;0;0;0;4248;0;0;133;0;122;0;
21859;3743370;1257971712;33566720;1446670336;0;0;0;0;0;0;0;0;0;0;0;4719;0;0;133;0;122;0;
21860;5781242;1257971712;33566720;1446670336;0;0;0;0;0;0;0;0;0;0;0;2756;0;0;133;0;122;0;
21861;3333682;1257971712;33566720;1446670336;0;0;0;0;0;0;0;0;0;0;0;3617;0;0;133;0;122;0;
21862;6457820;1257971712;33566720;1446670336;0;0;0;0;0;0;0;0;0;0;0;3747;0;0;133;0;122;0;
21863;4150353;1257971712;33566720;1446670336;0;0;0;0;0;0;0;0;0;0;0;3596;0;0;133;0;122;0;
21864;6461889;1257971712;33566720;1446670336;0;0;0;0;0;0;0;0;0;0;0;3406;0;0;133;0;122;0;
21865;4978477;1257971712;33566720;1446670336;0;0;0;0;0;0;0;0;0;0;0;5010;0;0;133;0;122;0;
21866;5138897;1257971712;33566720;1446670336;0;0;0;0;0;0;0;0;0;0;0;2775;0;0;133;0;122;0;
21867;4768092;1257971712;33566720;1446670336;0;0;0;0;0;0;0;0;0;0;0;3616;0;0;133;0;122;0;
21868;6250442;1257971712;33566720;1446670336;0;0;0;0;0;0;0;0;0;0;0;2565;0;0;133;0;122;0;
21869;6941759;1257971712;33566720;1446670336;0;0;0;0;0;0;0;0;0;0;0;4007;0;0;133;0;122;0;
21870;7047517;1257971712;33566720;1446670336;0;0;0;0;0;0;0;0;0;0;0;4379;0;0;133;0;122;0;
21871;4664398;1257971712;33566720;1446670336;0;0;0;0;0;0;0;0;0;0;0;4519;0;0;133;0;122;0;
21872;6744238;1257971712;33566720;1446670336;0;0;0;0;0;0;0;0;0;0;0;3456;0;0;133;0;122;0;
21873;4104948;1257971712;33566720;1446670336;0;0;0;0;0;0;0;0;0;0;0;2655;0;0;133;0;122;0;
21874;5882892;1257971712;33566720;1446670336;0;0;0;0;0;0;0;0;0;0;0;2965;0;0;133;0;122;0;
21875;4350719;1257971712;33566720;1446670336;0;0;0;0;0;0;0;0;0;0;0;2875;0;0;133;0;122;0;
21876;5414524;1257971712;33566720;1446670336;0;0;0;0;0;0;0;0;0;0;0;2464;0;0;133;0;122;0;
21877;5739874;1257971712;33566720;1446670336;0;0;0;0;0;0;0;0;0;0;0;3046;0;0;133;0;122;0;
21878;5606074;1257971712;33566720;1446670336;0;0;0;0;0;0;0;0;0;0;0;2525;0;0;133;0;122;0;
21879;6493207;1257971712;33566720;1446670336;0;0;0;0;0;0;0;0;0;0;0;3446;0;0;133;0;122;0;
21880;6631357;1257971712;33566720;1446670336;0;0;0;0;0;0;0;0;0;0;0;2625;0;0;133;0;122;0;
21881;4218060;1257971712;33566720;1446670336;0;0;0;0;0;0;0;0;0;0;0;3657;0;0;133;0;122;0;
21882;6257405;1257971712;33566720;1446670336;0;0;0;0;0;0;0;0;0;0;0;3827;0;0;133;0;122;0;
21883;4138371;1257971712;33566720;1446670336;0;0;0;0;0;0;0;0;0;0;0;3536;0;0;133;0;122;0;
21884;6607261;1257971712;33566720;1446670336;0;0;0;0;0;0;0;0;0;0;0;4298;0;0;133;0;122;0;
21885;3192577;1257971712;33566720;1446670336;0;0;0;0;0;0;0;0;0;0;0;3537;0;0;133;0;122;0;
21886;7067043;1257971712;33570816;1446674432;0;0;0;0;0;0;0;0;0;0;0;4379;0;0;133;0;122;0;
21887;4026862;1257971712;33574912;1446678528;0;0;0;0;0;0;0;0;0;0;0;2715;0;0;133;0;122;0;
21888;6481916;1257971712;33574912;1446678528;0;0;0;0;0;0;0;0;0;0;0;4118;0;0;133;0;122;0;
21889;4508565;1257971712;33574912;1446678528;0;0;0;0;0;0;0;0;0;0;0;3677;0;0;133;0;122;0;
21890;5716932;1257971712;33574912;1446678528;0;0;0;0;0;0;0;0;0;0;0;2545;0;0;133;0;122;0;
21891;4714481;1257971712;33574912;1446678528;0;0;0;0;0;0;0;0;0;0;0;3056;0;0;133;0;122;0;
21892;11056876;1257971712;33574912;1446678528;0;0;0;0;0;0;0;0;0;0;0;2565;0;0;133;0;122;0;
21893;5124290;1257971712;33566720;1446670336;0;0;0;0;0;0;0;0;0;0;0;2855;0;0;133;0;122;0;
21894;6258377;1257971712;33566720;1446670336;0;0;0;0;0;0;0;0;0;0;0;3386;0;0;133;0;122;0;
21895;3920141;1257971712;33566720;1446670336;0;0;0;0;0;0;0;0;0;0;0;3907;0;0;133;0;122;0;
21896;6686880;1257971712;33566720;1446670336;0;0;0;0;0;0;0;0;0;0;0;4398;0;0;133;0;122;0;
21897;6115499;1257971712;33566720;1446670336;0;0;0;0;0;0;0;0;0;0;0;3646;0;0;133;0;122;0;
21898;6106441;1257971712;33566720;1446670336;0;0;0;0;0;0;0;0;0;0;0;3898;0;0;133;0;122;0;
21899;5766915;1257971712;33566720;1446670336;0;0;0;0;0;0;0;0;0;0;0;3637;0;0;133;0;122;0;
21900;6702179;1257971712;33566720;1446670336;0;0;0;0;0;0;0;0;0;0;0;3917;0;0;133;0;122;0;
21901;3895756;1257971712;33566720;1446670336;0;0;0;0;0;0;0;0;0;0;0;4137;0;0;133;0;122;0;
21902;6942851;1257971712;33566720;1446670336;0;0;0;0;0;0;0;0;0;0;0;2876;0;0;133;0;122;0;
21903;5502970;1257971712;33566720;1446670336;0;0;0;0;0;0;0;0;0;0;0;3297;0;0;133;0;122;0;
21904;6358534;1257971712;33566720;1446670336;0;0;0;0;0;0;0;0;0;0;0;4318;0;0;133;0;122;0;
21905;5402922;1257971712;33566720;1446670336;0;0;0;0;0;0;0;0;0;0;0;3446;0;0;133;0;122;0;
21906;6881375;1257971712;33566720;1446670336;0;0;0;0;0;0;0;0;0;0;0;3687;0;0;133;0;122;0;
21907;5184623;1257971712;33566720;1446670336;0;0;0;0;0;0;0;0;0;0;0;2765;0;0;133;0;122;0;
21908;6125778;1257971712;33566720;1446670336;0;0;0;0;0;0;0;0;0;0;0;2705;0;0;133;0;122;0;
21909;5326799;1257971712;33566720;1446670336;0;0;0;0;0;0;0;0;0;0;0;4228;0;0;133;0;122;0;
21910;6391105;1257971712;33566720;1446670336;0;0;0;0;0;0;0;0;0;0;0;2795;0;0;133;0;122;0;
21911;4902364;1257971712;33566720;1446670336;0;0;0;0;0;0;0;0;0;0;0;4469;0;0;133;0;122;0;
21912;5370271;1257971712;33566720;1446670336;0;0;0;0;0;0;0;0;0;0;0;2785;0;0;133;0;122;0;
21913;5709637;1257971712;33566720;1446670336;0;0;0;0;0;0;0;0;0;0;0;3246;0;0;133;0;122;0;
21914;6072950;1257971712;33566720;1446670336;0;0;0;0;0;0;0;0;0;0;0;3006;0;0;133;0;122;0;
21915;7730959;1257971712;33566720;1446670336;0;0;0;0;0;0;0;0;0;0;0;3186;0;0;133;0;122;0;
21916;5919912;1257971712;33566720;1446670336;0;0;0;0;0;0;0;0;0;0;0;2535;0;0;133;0;122;0;
21917;5433830;1257971712;33566720;1446670336;0;0;0;0;0;0;0;0;0;0;0;3026;0;0;133;0;122;0;
21918;6315283;1257971712;33566720;1446670336;0;0;0;0;0;0;0;0;0;0;0;2725;0;0;133;0;122;0;
21919;3913309;1257971712;33566720;1446670336;0;0;0;0;0;0;0;0;0;0;0;3476;0;0;133;0;122;0;
21920;6125548;1257971712;33566720;1446670336;0;0;0;0;0;0;0;0;0;0;0;2926;0;0;133;0;122;0;
21921;3863797;1257971712;33566720;1446670336;0;0;0;0;0;0;0;0;0;0;0;3636;0;0;133;0;122;0;
21922;6974099;1257971712;33566720;1446670336;0;0;0;0;0;0;0;0;0;0;0;2985;0;0;133;0;122;0;
21923;4286358;1257971712;33566720;1446670336;0;0;0;0;0;0;0;0;0;0;0;3606;0;0;133;0;122;0;
21924;6732827;1257971712;33566720;1446670336;0;0;0;0;0;0;0;0;0;0;0;3266;0;0;133;0;122;0;
21925;3791821;1257971712;33566720;1446670336;0;0;0;0;0;0;0;0;0;0;0;3606;0;0;133;0;122;0;
21926;5591436;1257971712;33566720;1446670336;0;0;0;0;0;0;0;0;0;0;0;3877;0;0;133;0;122;0;
21927;4097094;1257971712;33566720;1446670336;0;0;0;0;0;0;0;0;0;0;0;2915;0;0;133;0;122;0;
21928;5404746;1257971712;33566720;1446670336;0;0;0;0;0;0;0;0;0;0;0;4078;0;0;133;0;122;0;
21929;3987378;1257971712;33566720;1446670336;0;0;0;0;0;0;0;0;0;0;0;2976;0;0;133;0;122;0;
21930;5310479;1257971712;33566720;1446670336;0;0;0;0;0;0;0;0;0;0;0;3908;0;0;133;0;122;0;
21931;4670689;1257971712;33566720;1446670336;0;0;0;0;0;0;0;0;0;0;0;3055;0;0;133;0;122;0;
21932;6112644;1257971712;33566720;1446670336;0;0;0;0;0;0;0;0;0;0;0;3366;0;0;133;0;122;0;
21933;4708450;1257971712;33566720;1446670336;0;0;0;0;0;0;0;0;0;0;0;2655;0;0;133;0;122;0;
21934;5506316;1257971712;33566720;1446670336;0;0;0;0;0;0;0;0;0;0;0;2354;0;0;133;0;122;0;
21935;4736763;1257971712;33566720;1446670336;0;0;0;0;0;0;0;0;0;0;0;3356;0;0;133;0;122;0;
21936;5728704;1257971712;33566720;1446670336;0;0;0;0;0;0;0;0;0;0;0;3307;0;0;133;0;122;0;
21937;4202552;1257971712;33566720;1446670336;0;0;0;0;0;0;0;0;0;0;0;2815;0;0;133;0;122;0;
21938;6617690;1257971712;33566720;1446670336;0;0;0;0;0;0;0;0;0;0;0;3306;0;0;133;0;122;0;
21939;4988195;1257971712;33566720;1446670336;0;0;0;0;0;0;0;0;0;0;0;4929;0;0;133;0;122;0;
21940;5183281;1257971712;33566720;1446670336;0;0;0;0;0;0;0;0;0;0;0;2665;0;0;133;0;122;0;
21941;5115363;1257971712;33566720;1446670336;0;0;0;0;0;0;0;0;0;0;0;2715;0;0;133;0;122;0;
21942;6002096;1257971712;33566720;1446670336;0;0;0;0;0;0;0;0;0;0;0;3516;0;0;133;0;122;0;
21943;3295831;1257971712;33566720;1446670336;0;0;0;0;0;0;0;0;0;0;0;3396;0;0;133;0;122;0;
21944;5253643;1257971712;33566720;1446670336;0;0;0;0;0;0;0;0;0;0;0;2705;0;0;133;0;122;0;
21945;4070023;1257971712;33566720;1446670336;0;0;0;0;0;0;0;0;0;0;0;3848;0;0;133;0;122;0;
21946;6153700;1257971712;33566720;1446670336;0;0;0;0;0;0;0;0;0;0;0;2344;0;0;133;0;122;0;
21947;3750273;1257971712;33566720;1446670336;0;0;0;0;0;0;0;0;0;0;0;4007;0;0;133;0;122;0;
21948;6150324;1257971712;33566720;1446670336;0;0;0;0;0;0;0;0;0;0;0;3717;0;0;133;0;122;0;
21949;3559756;1257971712;33566720;1446670336;0;0;0;0;0;0;0;0;0;0;0;3677;0;0;133;0;122;0;
21950;5585636;1257971712;33566720;1446670336;0;0;0;0;0;0;0;0;0;0;0;2634;0;0;133;0;122;0;
21951;3891768;1257971712;33566720;1446670336;0;0;0;0;0;0;0;0;0;0;0;3236;0;0;133;0;122;0;
21952;5578081;1257971712;33566720;1446670336;0;0;0;0;0;0;0;0;0;0;0;2365;0;0;133;0;122;0;
21953;3456171;1257971712;33566720;1446670336;0;0;0;0;0;0;0;0;0;0;0;3296;0;0;133;0;122;0;
21954;6556356;1257971712;33566720;1446670336;0;0;0;0;0;0;0;0;0;0;0;4217;0;0;133;0;122;0;
21955;4497926;1257971712;33566720;1446670336;0;0;0;0;0;0;0;0;0;0;0;3667;0;0;133;0;122;0;
21956;5504083;1257971712;33566720;1446670336;0;0;0;0;0;0;0;0;0;0;0;2835;0;0;133;0;122;0;
21957;4264077;1257971712;33566720;1446670336;0;0;0;0;0;0;0;0;0;0;0;3587;0;0;133;0;122;0;
21958;6614315;1257971712;33566720;1446670336;0;0;0;0;0;0;0;0;0;0;0;2916;0;0;133;0;122;0;
21959;4418557;1257971712;33566720;1446670336;0;0;0;0;0;0;0;0;0;0;0;3326;0;0;133;0;122;0;
21960;5939589;1257971712;33566720;1446670336;0;0;0;0;0;0;0;0;0;0;0;2755;0;0;133;0;122;0;
21961;4133081;1257971712;33566720;1446670336;0;0;0;0;0;0;0;0;0;0;0;3637;0;0;133;0;122;0;
21962;4940114;1257971712;33566720;1446670336;0;0;0;0;0;0;0;0;0;0;0;2214;0;0;133;0;122;0;
21963;4896202;1257971712;33566720;1446670336;0;0;0;0;0;0;0;0;0;0;0;3497;0;0;133;0;122;0;
21964;4938091;1257971712;33566720;1446670336;0;0;0;0;0;0;0;0;0;0;0;2474;0;0;133;0;122;0;
21965;5287676;1257971712;33566720;1446670336;0;0;0;0;0;0;0;0;0;0;0;3727;0;0;133;0;122;0;
21966;6739650;1257971712;33566720;1446670336;0;0;0;0;0;0;0;0;0;0;0;2755;0;0;133;0;122;0;
21967;4833435;1257971712;33566720;1446670336;0;0;0;0;0;0;0;0;0;0;0;3496;0;0;133;0;122;0;
21968;6985290;1257971712;33566720;1446670336;0;0;0;0;0;0;0;0;0;0;0;3757;0;0;133;0;122;0;
21969;4576052;1257971712;33566720;1446670336;0;0;0;0;0;0;0;0;0;0;0;3467;0;0;133;0;122;0;
21970;7545351;1257971712;33566720;1446670336;0;0;0;0;0;0;0;0;0;0;0;3487;0;0;133;0;122;0;
21971;4270589;1257971712;33566720;1446670336;0;0;0;0;0;0;0;0;0;0;0;3246;0;0;133;0;122;0;
21972;6470685;1257971712;33566720;1446670336;0;0;0;0;0;0;0;0;0;0;0;3286;0;0;133;0;122;0;
21973;4015441;1257971712;33566720;1446670336;0;0;0;0;0;0;0;0;0;0;0;3126;0;0;133;0;122;0;
21974;5506487;1257971712;33566720;1446670336;0;0;0;0;0;0;0;0;0;0;0;3697;0;0;133;0;122;0;
21975;4106001;1257971712;33566720;1446670336;0;0;0;0;0;0;0;0;0;0;0;3326;0;0;133;0;122;0;
21976;6765898;1257971712;33566720;1446670336;0;0;0;0;0;0;0;0;0;0;0;3316;0;0;133;0;122;0;
21977;3786010;1257971712;33566720;1446670336;0;0;0;0;0;0;0;0;0;0;0;2846;0;0;133;0;122;0;
21978;5359792;1257971712;33566720;1446670336;0;0;0;0;0;0;0;0;0;0;0;2625;0;0;133;0;122;0;
21979;3484535;1257971712;33566720;1446670336;0;0;0;0;0;0;0;0;0;0;0;2675;0;0;133;0;122;0;
21980;5854660;1257971712;33566720;1446670336;0;0;0;0;0;0;0;0;0;0;0;2885;0;0;133;0;122;0;
21981;3387974;1257971712;33566720;1446670336;0;0;0;0;0;0;0;0;0;0;0;3116;0;0;133;0;122;0;
21982;6013217;1257971712;33566720;1446670336;0;0;0;0;0;0;0;0;0;0;0;3156;0;0;133;0;122;0;
21983;4654780;1257971712;33566720;1446670336;0;0;0;0;0;0;0;0;0;0;0;3366;0;0;133;0;122;0;
21984;6273184;1257971712;33566720;1446670336;0;0;0;0;0;0;0;0;0;0;0;3256;0;0;133;0;122;0;
21985;3985515;1257971712;33566720;1446670336;0;0;0;0;0;0;0;0;0;0;0;3547;0;0;133;0;122;0;
21986;6669889;1257971712;33566720;1446670336;0;0;0;0;0;0;0;0;0;0;0;3226;0;0;133;0;122;0;
21987;7166029;1257971712;33566720;1446670336;0;0;0;0;0;0;0;0;0;0;0;3617;0;0;133;0;122;0;
21988;6278835;1257971712;33566720;1446670336;0;0;0;0;0;0;0;0;0;0;0;3226;0;0;133;0;122;0;
21989;3459278;1257971712;33566720;1446670336;0;0;0;0;0;0;0;0;0;0;0;3386;0;0;133;0;122;0;
21990;5452134;1257971712;33566720;1446670336;0;0;0;0;0;0;0;0;0;0;0;4078;0;0;133;0;122;0;
21991;5064808;1257971712;33566720;1446670336;0;0;0;0;0;0;0;0;0;0;0;3997;0;0;133;0;122;0;
21992;6967697;1257971712;33566720;1446670336;0;0;0;0;0;0;0;0;0;0;0;2966;0;0;133;0;122;0;
21993;4170240;1257971712;33566720;1446670336;0;0;0;0;0;0;0;0;0;0;0;3006;0;0;133;0;122;0;
21994;6037673;1257971712;33566720;1446670336;0;0;0;0;0;0;0;0;0;0;0;2635;0;0;133;0;122;0;
21995;4100951;1257971712;33566720;1446670336;0;0;0;0;0;0;0;0;0;0;0;2525;0;0;133;0;122;0;
21996;4787959;1257971712;33566720;1446670336;0;0;0;0;0;0;0;0;0;0;0;2354;0;0;133;0;122;0;
21997;4508455;1257971712;33566720;1446670336;0;0;0;0;0;0;0;0;0;0;0;3416;0;0;133;0;122;0;
21998;4915729;1257971712;33566720;1446670336;0;0;0;0;0;0;0;0;0;0;0;2154;0;0;133;0;122;0;
21999;4712217;1257971712;33566720;1446670336;0;0;0;0;0;0;0;0;0;0;0;3296;0;0;133;0;122;0;
22000;4880343;1257971712;33566720;1446670336;0;0;0;0;0;0;0;0;0;0;0;2625;0;0;133;0;122;0;
22001;4957166;1257971712;33566720;1446670336;0;0;0;0;0;0;0;0;0;0;0;3747;0;0;133;0;122;0;
22002;5012360;1257971712;33566720;1446670336;0;0;0;0;0;0;0;0;0;0;0;2875;0;0;133;0;122;0;
22003;5465530;1257971712;33566720;1446670336;0;0;0;0;0;0;0;0;0;0;0;3025;0;0;133;0;122;0;
22004;5069027;1257971712;33566720;1446670336;0;0;0;0;0;0;0;0;0;0;0;2225;0;0;133;0;122;0;
22005;4368653;1257971712;33566720;1446670336;0;0;0;0;0;0;0;0;0;0;0;2785;0;0;133;0;122;0;
22006;4599496;1257971712;33566720;1446670336;0;0;0;0;0;0;0;0;0;0;0;2585;0;0;133;0;122;0;
22007;5485177;1257971712;33566720;1446670336;0;0;0;0;0;0;0;0;0;0;0;3086;0;0;133;0;122;0;
22008;6008057;1257971712;33566720;1446670336;0;0;0;0;0;0;0;0;0;0;0;3256;0;0;133;0;122;0;
22009;4550283;1257971712;33566720;1446670336;0;0;0;0;0;0;0;0;0;0;0;2305;0;0;133;0;122;0;
22010;6514697;1257971712;33566720;1446670336;0;0;0;0;0;0;0;0;0;0;0;3667;0;0;133;0;122;0;
22011;3897650;1257971712;33566720;1446670336;0;0;0;0;0;0;0;0;0;0;0;3236;0;0;133;0;122;0;
22012;6102084;1257971712;33566720;1446670336;0;0;0;0;0;0;0;0;0;0;0;2555;0;0;133;0;122;0;
22013;2790844;1257971712;33566720;1446670336;0;0;0;0;0;0;0;0;0;0;0;3586;0;0;133;0;122;0;
22014;5205562;1257971712;33566720;1446670336;0;0;0;0;0;0;0;0;0;0;0;3076;0;0;133;0;122;0;
22015;5404996;1257971712;33566720;1446670336;0;0;0;0;0;0;0;0;0;0;0;5210;0;0;133;0;122;0;
22016;6222881;1257971712;33566720;1446670336;0;0;0;0;0;0;0;0;0;0;0;3226;0;0;133;0;122;0;
22017;4033003;1257971712;33566720;1446670336;0;0;0;0;0;0;0;0;0;0;0;3086;0;0;133;0;122;0;
22018;7093804;1257971712;33566720;1446670336;0;0;0;0;0;0;0;0;0;0;0;4528;0;0;133;0;122;0;
22019;3642110;1257971712;33566720;1446670336;0;0;0;0;0;0;0;0;0;0;0;3546;0;0;133;0;122;0;
22020;7557353;1257971712;33566720;1446670336;0;0;0;0;0;0;0;0;0;0;0;3056;0;0;133;0;122;0;
22021;3004815;1257971712;33566720;1446670336;0;0;0;0;0;0;0;0;0;0;0;34515;0;0;133;0;122;0;
22022;8405333;1257971712;33566720;1446670336;0;0;0;0;0;0;0;0;0;0;0;3977;0;0;133;0;122;0;
22023;4824818;1257971712;33566720;1446670336;0;0;0;0;0;0;0;0;0;0;0;3557;0;0;133;0;122;0;
22024;7012241;1257971712;33566720;1446670336;0;0;0;0;0;0;0;0;0;0;0;3306;0;0;133;0;122;0;
22025;4856238;1257971712;33566720;1446670336;0;0;0;0;0;0;0;0;0;0;0;4127;0;0;133;0;122;0;
22026;6724390;1257971712;33566720;1446670336;0;0;0;0;0;0;0;0;0;0;0;2986;0;0;133;0;122;0;
22027;4754106;1257971712;33566720;1446670336;0;0;0;0;0;0;0;0;0;0;0;3206;0;0;133;0;122;0;
22028;7043529;1257971712;33566720;1446670336;0;0;0;0;0;0;0;0;0;0;0;2726;0;0;133;0;122;0;
22029;3542653;1257971712;33566720;1446670336;0;0;0;0;0;0;0;0;0;0;0;2825;0;0;133;0;122;0;
22030;7155639;1257971712;33566720;1446670336;0;0;0;0;0;0;0;0;0;0;0;4188;0;0;133;0;122;0;
22031;3139367;1257971712;33566720;1446670336;0;0;0;0;0;0;0;0;0;0;0;3226;0;0;133;0;122;0;
22032;6961055;1257971712;33566720;1446670336;0;0;0;0;0;0;0;0;0;0;0;3336;0;0;133;0;122;0;
22033;3896407;1257971712;33566720;1446670336;0;0;0;0;0;0;0;0;0;0;0;2866;0;0;133;0;122;0;
22034;7536463;1257971712;33566720;1446670336;0;0;0;0;0;0;0;0;0;0;0;3176;0;0;133;0;122;0;
22035;4141588;1257971712;33566720;1446670336;0;0;0;0;0;0;0;0;0;0;0;4088;0;0;133;0;122;0;
22036;6738076;1257971712;33566720;1446670336;0;0;0;0;0;0;0;0;0;0;0;3266;0;0;133;0;122;0;
22037;9346619;1257971712;33566720;1446670336;0;0;0;0;0;0;0;0;0;0;0;8867;0;0;133;0;122;0;
22038;7357318;1257971712;33566720;1446670336;0;0;0;0;0;0;0;0;0;0;0;3487;0;0;133;0;122;0;
22039;4459292;1257971712;33566720;1446670336;0;0;0;0;0;0;0;0;0;0;0;3226;0;0;133;0;122;0;
22040;7188351;1257971712;33566720;1446670336;0;0;0;0;0;0;0;0;0;0;0;3376;0;0;133;0;122;0;
22041;5357658;1257971712;33566720;1446670336;0;0;0;0;0;0;0;0;0;0;0;3116;0;0;133;0;122;0;
22042;5465641;1257971712;33566720;1446670336;0;0;0;0;0;0;0;0;0;0;0;3066;0;0;133;0;122;0;
22043;6005663;1257971712;33566720;1446670336;0;0;0;0;0;0;0;0;0;0;0;3276;0;0;133;0;122;0;
22044;5665545;1257971712;33566720;1446670336;0;0;0;0;0;0;0;0;0;0;0;2455;0;0;133;0;122;0;
22045;6920569;1257971712;33566720;1446670336;0;0;0;0;0;0;0;0;0;0;0;3587;0;0;133;0;122;0;
22046;6759527;1257971712;33566720;1446670336;0;0;0;0;0;0;0;0;0;0;0;3036;0;0;133;0;122;0;
22047;4069381;1257971712;33566720;1446670336;0;0;0;0;0;0;0;0;0;0;0;4378;0;0;133;0;122;0;
22048;5758580;1257971712;33566720;1446670336;0;0;0;0;0;0;0;0;0;0;0;3206;0;0;133;0;122;0;
22049;3724204;1257971712;33566720;1446670336;0;0;0;0;0;0;0;0;0;0;0;3707;0;0;133;0;122;0;
22050;6044967;1257971712;33566720;1446670336;0;0;0;0;0;0;0;0;0;0;0;3086;0;0;133;0;122;0;
22051;4373032;1257971712;33566720;1446670336;0;0;0;0;0;0;0;0;0;0;0;3306;0;0;133;0;122;0;
22052;6051729;1257971712;33566720;1446670336;0;0;0;0;0;0;0;0;0;0;0;3606;0;0;133;0;122;0;
22053;3301782;1257971712;33566720;1446670336;0;0;0;0;0;0;0;0;0;0;0;3377;0;0;133;0;122;0;
22054;7695733;1257971712;33566720;1446670336;0;0;0;0;0;0;0;0;0;0;0;3888;0;0;133;0;122;0;
22055;4694043;1257971712;33566720;1446670336;0;0;0;0;0;0;0;0;0;0;0;3577;0;0;133;0;122;0;
22056;8112204;1257971712;33566720;1446670336;0;0;0;0;0;0;0;0;0;0;0;4348;0;0;133;0;122;0;
22057;5804315;1257971712;33566720;1446670336;0;0;0;0;0;0;0;0;0;0;0;5791;0;0;133;0;122;0;
22058;7588321;1257971712;33566720;1446670336;0;0;0;0;0;0;0;0;0;0;0;4198;0;0;133;0;122;0;
22059;3636099;1257971712;33566720;1446670336;0;0;0;0;0;0;0;0;0;0;0;2875;0;0;133;0;122;0;
22060;6125988;1257971712;33566720;1446670336;0;0;0;0;0;0;0;0;0;0;0;3947;0;0;133;0;122;0;
22061;3432287;1257971712;33566720;1446670336;0;0;0;0;0;0;0;0;0;0;0;3126;0;0;133;0;122;0;
22062;5224308;1257971712;33566720;1446670336;0;0;0;0;0;0;0;0;0;0;0;2495;0;0;133;0;122;0;
22063;3906145;1257971712;33566720;1446670336;0;0;0;0;0;0;0;0;0;0;0;3326;0;0;133;0;122;0;
22064;5453477;1257971712;33566720;1446670336;0;0;0;0;0;0;0;0;0;0;0;3036;0;0;133;0;122;0;
22065;3906937;1257971712;33566720;1446670336;0;0;0;0;0;0;0;0;0;0;0;3206;0;0;133;0;122;0;
22066;5860791;1257971712;33566720;1446670336;0;0;0;0;0;0;0;0;0;0;0;3316;0;0;133;0;122;0;
22067;3829803;1257971712;33566720;1446670336;0;0;0;0;0;0;0;0;0;0;0;3887;0;0;133;0;122;0;
22068;6639311;1257971712;33566720;1446670336;0;0;0;0;0;0;0;0;0;0;0;3436;0;0;133;0;122;0;
22069;5156651;1257971712;33566720;1446670336;0;0;0;0;0;0;0;0;0;0;0;4338;0;0;133;0;122;0;
22070;6129284;1257971712;33566720;1446670336;0;0;0;0;0;0;0;0;0;0;0;2785;0;0;133;0;122;0;
22071;3722631;1257971712;33566720;1446670336;0;0;0;0;0;0;0;0;0;0;0;3357;0;0;133;0;122;0;
22072;5837157;1257971712;33570816;1446674432;0;0;0;0;0;0;0;0;0;0;0;3296;0;0;133;0;122;0;
22073;3576057;1257971712;33574912;1446678528;0;0;0;0;0;0;0;0;0;0;0;3847;0;0;133;0;122;0;
22074;7385821;1257971712;33574912;1446678528;0;0;0;0;0;0;0;0;0;0;0;3015;0;0;133;0;122;0;
22075;3864547;1257971712;33574912;1446678528;0;0;0;0;0;0;0;0;0;0;0;3817;0;0;133;0;122;0;
22076;9113091;1257971712;33574912;1446678528;0;0;0;0;0;0;0;0;0;0;0;3266;0;0;133;0;122;0;
22077;5980837;1257971712;33574912;1446678528;0;0;0;0;0;0;0;0;0;0;0;3206;0;0;133;0;122;0;
22078;7262911;1257971712;33574912;1446678528;0;0;0;0;0;0;0;0;0;0;0;4228;0;0;133;0;122;0;
22079;3696513;1257971712;33566720;1446670336;0;0;0;0;0;0;0;0;0;0;0;3055;0;0;133;0;122;0;
22080;5441585;1257971712;33566720;1446670336;0;0;0;0;0;0;0;0;0;0;0;3667;0;0;133;0;122;0;
22081;4026561;1257971712;33566720;1446670336;0;0;0;0;0;0;0;0;0;0;0;3536;0;0;133;0;122;0;
22082;5273830;1257971712;33566720;1446670336;0;0;0;0;0;0;0;0;0;0;0;4158;0;0;133;0;122;0;
22083;4236666;1257971712;33566720;1446670336;0;0;0;0;0;0;0;0;0;0;0;3487;0;0;133;0;122;0;
22084;5753260;1257971712;33566720;1446670336;0;0;0;0;0;0;0;0;0;0;0;3527;0;0;133;0;122;0;
22085;3352828;1257971712;33566720;1446670336;0;0;0;0;0;0;0;0;0;0;0;3186;0;0;133;0;122;0;
22086;5661277;1260068864;33566720;1446670336;0;0;0;0;0;0;0;0;0;0;0;3477;0;0;133;0;122;0;
22087;2880572;1260068864;33566720;1446670336;0;0;0;0;0;0;0;0;0;0;0;3697;0;0;133;0;122;0;
22088;5531935;1260068864;33566720;1446670336;0;0;0;0;0;0;0;0;0;0;0;10680;0;0;133;0;122;0;
22089;3604861;1260068864;33566720;1446670336;0;0;0;0;0;0;0;0;0;0;0;3106;0;0;133;0;122;0;
22090;5103681;1260068864;33566720;1446670336;0;0;0;0;0;0;0;0;0;0;0;2154;0;0;133;0;122;0;
22091;4549392;1260068864;33566720;1446670336;0;0;0;0;0;0;0;0;0;0;0;4388;0;0;133;0;122;0;
22092;5552112;1260068864;33566720;1446670336;0;0;0;0;0;0;0;0;0;0;0;2405;0;0;133;0;122;0;
22093;4702930;1260068864;33566720;1446670336;0;0;0;0;0;0;0;0;0;0;0;3587;0;0;133;0;122;0;
22094;5057916;1260068864;33566720;1446670336;0;0;0;0;0;0;0;0;0;0;0;1934;0;0;133;0;122;0;
22095;4010641;1260064768;33562624;1446666240;0;0;0;0;0;0;0;0;0;0;0;2815;0;0;133;0;122;0;
22096;5491138;1260064768;33562624;1446666240;0;0;0;0;0;0;0;0;0;0;0;3236;0;0;133;0;122;0;
22097;3889254;1260064768;33562624;1446666240;0;0;0;0;0;0;0;0;0;0;0;3416;0;0;133;0;122;0;
22098;5016347;1260064768;33562624;1446666240;0;0;0;0;0;0;0;0;0;0;0;2384;0;0;133;0;122;0;
22099;4255741;1260064768;33562624;1446666240;0;0;0;0;0;0;0;0;0;0;0;4930;0;0;133;0;122;0;
22100;5395498;1260064768;33562624;1446666240;0;0;0;0;0;0;0;0;0;0;0;3447;0;0;133;0;122;0;
22101;4587092;1260064768;33562624;1446666240;0;0;0;0;0;0;0;0;0;0;0;4358;0;0;133;0;122;0;
22102;7114473;1260064768;33562624;1446666240;0;0;0;0;0;0;0;0;0;0;0;3366;0;0;133;0;122;0;
22103;5356356;1260064768;33562624;1446666240;0;0;0;0;0;0;0;0;0;0;0;2876;0;0;133;0;122;0;
22104;6051679;1260064768;33562624;1446666240;0;0;0;0;0;0;0;0;0;0;0;3497;0;0;133;0;122;0;
22105;4304572;1260064768;33562624;1446666240;0;0;0;0;0;0;0;0;0;0;0;3136;0;0;133;0;122;0;
22106;5780781;1260064768;33562624;1446666240;0;0;0;0;0;0;0;0;0;0;0;4448;0;0;133;0;122;0;
22107;4634051;1260064768;33562624;1446666240;0;0;0;0;0;0;0;0;0;0;0;3647;0;0;133;0;122;0;
22108;6464994;1260064768;33562624;1446666240;0;0;0;0;0;0;0;0;0;0;0;3216;0;0;133;0;122;0;
22109;4059032;1260064768;33566720;1446670336;0;0;0;0;0;0;0;0;0;0;0;3366;0;0;133;0;122;0;
22110;6843213;1261682688;33566720;1446670336;0;0;0;0;0;0;0;0;0;0;0;3546;0;0;133;0;122;0;
22111;3610171;1261682688;33566720;1446670336;0;0;0;0;0;0;0;0;0;0;0;2926;0;0;133;0;122;0;
22112;6939685;1261953024;33566720;1446670336;0;0;0;0;0;0;0;0;0;0;0;3557;0;0;133;0;122;0;
22113;3793514;1261953024;33566720;1446670336;0;0;0;0;0;0;0;0;0;0;0;3507;0;0;133;0;122;0;
22114;4927691;1261953024;33566720;1446670336;0;0;0;0;0;0;0;0;0;0;0;2756;0;0;133;0;122;0;
22115;4350629;1261953024;33566720;1446670336;0;0;0;0;0;0;0;0;0;0;0;2906;0;0;133;0;122;0;
22116;5117447;1261953024;33566720;1446670336;0;0;0;0;0;0;0;0;0;0;0;2324;0;0;133;0;122;0;
22117;4222599;1261953024;33566720;1446670336;0;0;0;0;0;0;0;0;0;0;0;3597;0;0;133;0;122;0;
22118;5117046;1261953024;33566720;1446670336;0;0;0;0;0;0;0;0;0;0;0;2544;0;0;133;0;122;0;
22119;5553816;1261953024;33566720;1446670336;0;0;0;0;0;0;0;0;0;0;0;3697;0;0;133;0;122;0;
22120;5360312;1261953024;33566720;1446670336;0;0;0;0;0;0;0;0;0;0;0;2364;0;0;133;0;122;0;
22121;5130061;1261953024;33566720;1446670336;0;0;0;0;0;0;0;0;0;0;0;3798;0;0;133;0;122;0;
22122;5758039;1261953024;33566720;1446670336;0;0;0;0;0;0;0;0;0;0;0;2835;0;0;133;0;122;0;
22123;5141913;1261953024;33566720;1446670336;0;0;0;0;0;0;0;0;0;0;0;3186;0;0;133;0;122;0;
22124;4968027;1261953024;33566720;1446670336;0;0;0;0;0;0;0;0;0;0;0;2595;0;0;133;0;122;0;
22125;4663796;1261953024;33566720;1446670336;0;0;0;0;0;0;0;0;0;0;0;2895;0;0;133;0;122;0;
22126;4812856;1261953024;33566720;1446670336;0;0;0;0;0;0;0;0;0;0;0;2414;0;0;133;0;122;0;
22127;3925232;1261953024;33566720;1446670336;0;0;0;0;0;0;0;0;0;0;0;3206;0;0;133;0;122;0;
22128;4874061;1261953024;33566720;1446670336;0;0;0;0;0;0;0;0;0;0;0;2294;0;0;133;0;122;0;
22129;4348655;1261953024;33566720;1446670336;0;0;0;0;0;0;0;0;0;0;0;2975;0;0;133;0;122;0;
22130;5715279;1261953024;33566720;1446670336;0;0;0;0;0;0;0;0;0;0;0;3056;0;0;133;0;122;0;
22131;5057685;1261953024;33566720;1446670336;0;0;0;0;0;0;0;0;0;0;0;3226;0;0;133;0;122;0;
22132;5230139;1261953024;33566720;1446670336;0;0;0;0;0;0;0;0;0;0;0;2364;0;0;133;0;122;0;
22133;4486063;1261953024;33566720;1446670336;0;0;0;0;0;0;0;0;0;0;0;3557;0;0;133;0;122;0;
22134;5208919;1261953024;33566720;1446670336;0;0;0;0;0;0;0;0;0;0;0;3136;0;0;133;0;122;0;
22135;4719531;1261953024;33566720;1446670336;0;0;0;0;0;0;0;0;0;0;0;3216;0;0;133;0;122;0;
22136;6126669;1261953024;33566720;1446670336;0;0;0;0;0;0;0;0;0;0;0;3035;0;0;133;0;122;0;
22137;4564190;1261953024;33566720;1446670336;0;0;0;0;0;0;0;0;0;0;0;3326;0;0;133;0;122;0;
22138;5012741;1261953024;33566720;1446670336;0;0;0;0;0;0;0;0;0;0;0;2294;0;0;133;0;122;0;
22139;4061317;1261953024;33566720;1446670336;0;0;0;0;0;0;0;0;0;0;0;3517;0;0;133;0;122;0;
22140;4837953;1261953024;33566720;1446670336;0;0;0;0;0;0;0;0;0;0;0;3416;0;0;133;0;122;0;
22141;4625925;1261953024;33566720;1446670336;0;0;0;0;0;0;0;0;0;0;0;3527;0;0;133;0;122;0;
22142;6108095;1261953024;33566720;1446670336;0;0;0;0;0;0;0;0;0;0;0;2675;0;0;133;0;122;0;
22143;4691649;1261953024;33566720;1446670336;0;0;0;0;0;0;0;0;0;0;0;3517;0;0;133;0;122;0;
22144;5256157;1261953024;33566720;1446670336;0;0;0;0;0;0;0;0;0;0;0;2905;0;0;133;0;122;0;
22145;4607712;1261953024;33566720;1446670336;0;0;0;0;0;0;0;0;0;0;0;3577;0;0;133;0;122;0;
22146;5339474;1261953024;33566720;1446670336;0;0;0;0;0;0;0;0;0;0;0;3016;0;0;133;0;122;0;
22147;5216844;1261953024;33566720;1446670336;0;0;0;0;0;0;0;0;0;0;0;2896;0;0;133;0;122;0;
22148;5212575;1261953024;33566720;1446670336;0;0;0;0;0;0;0;0;0;0;0;3085;0;0;133;0;122;0;
22149;5057445;1261953024;33566720;1446670336;0;0;0;0;0;0;0;0;0;0;0;3226;0;0;133;0;122;0;
22150;5126273;1261953024;33566720;1446670336;0;0;0;0;0;0;0;0;0;0;0;2925;0;0;133;0;122;0;
22151;4700235;1261953024;33566720;1446670336;0;0;0;0;0;0;0;0;0;0;0;3867;0;0;133;0;122;0;
22152;5012841;1261953024;33566720;1446670336;0;0;0;0;0;0;0;0;0;0;0;3025;0;0;133;0;122;0;
22153;5411959;1261953024;33566720;1446670336;0;0;0;0;0;0;0;0;0;0;0;2805;0;0;133;0;122;0;
22154;5222594;1261953024;33566720;1446670336;0;0;0;0;0;0;0;0;0;0;0;2785;0;0;133;0;122;0;
22155;4751571;1261953024;33566720;1446670336;0;0;0;0;0;0;0;0;0;0;0;3456;0;0;133;0;122;0;
22156;6257916;1261953024;33566720;1446670336;0;0;0;0;0;0;0;0;0;0;0;2705;0;0;133;0;122;0;
22157;4539694;1261953024;33566720;1446670336;0;0;0;0;0;0;0;0;0;0;0;2795;0;0;133;0;122;0;
22158;5488212;1261953024;33566720;1446670336;0;0;0;0;0;0;0;0;0;0;0;3175;0;0;133;0;122;0;
22159;5847797;1261953024;33566720;1446670336;0;0;0;0;0;0;0;0;0;0;0;3076;0;0;133;0;122;0;
22160;6101132;1261953024;33566720;1446670336;0;0;0;0;0;0;0;0;0;0;0;3116;0;0;133;0;122;0;
22161;5222163;1261953024;33566720;1446670336;0;0;0;0;0;0;0;0;0;0;0;3677;0;0;133;0;122;0;
22162;5495416;1261953024;33566720;1446670336;0;0;0;0;0;0;0;0;0;0;0;2434;0;0;133;0;122;0;
22163;4701537;1261953024;33566720;1446670336;0;0;0;0;0;0;0;0;0;0;0;3316;0;0;133;0;122;0;
22164;4636345;1261953024;33566720;1446670336;0;0;0;0;0;0;0;0;0;0;0;2415;0;0;133;0;122;0;
22165;5273690;1261953024;33566720;1446670336;0;0;0;0;0;0;0;0;0;0;0;3506;0;0;133;0;122;0;
22166;5787274;1261953024;33566720;1446670336;0;0;0;0;0;0;0;0;0;0;0;2725;0;0;133;0;122;0;
22167;4084070;1261953024;33566720;1446670336;0;0;0;0;0;0;0;0;0;0;0;3036;0;0;133;0;122;0;
22168;5310970;1261953024;33566720;1446670336;0;0;0;0;0;0;0;0;0;0;0;3076;0;0;133;0;122;0;
22169;5485297;1261953024;33566720;1446670336;0;0;0;0;0;0;0;0;0;0;0;2896;0;0;133;0;122;0;
22170;6939434;1261953024;33570816;1446674432;0;0;0;0;0;0;0;0;0;0;0;4448;0;0;133;0;122;0;
22171;4569550;1261953024;33574912;1446678528;0;0;0;0;0;0;0;0;0;0;0;3336;0;0;133;0;122;0;
22172;6277994;1261953024;33574912;1446678528;0;0;0;0;0;0;0;0;0;0;0;2685;0;0;133;0;122;0;
22173;3820755;1261953024;33574912;1446678528;0;0;0;0;0;0;0;0;0;0;0;2916;0;0;133;0;122;0;
22174;5128878;1261953024;33574912;1446678528;0;0;0;0;0;0;0;0;0;0;0;2916;0;0;133;0;122;0;
22175;4862489;1261953024;33574912;1446678528;0;0;0;0;0;0;0;0;0;0;0;3166;0;0;133;0;122;0;
22176;5151341;1261953024;33574912;1446678528;0;0;0;0;0;0;0;0;0;0;0;8917;0;0;133;0;122;0;
22177;5410978;1262084096;33566720;1446670336;0;0;0;0;0;0;0;0;0;0;0;3046;0;0;133;0;122;0;
22178;6264869;1262084096;33566720;1446670336;0;0;0;0;0;0;0;0;0;0;0;3957;0;0;133;0;122;0;
22179;5000738;1262084096;33566720;1446670336;0;0;0;0;0;0;0;0;0;0;0;3516;0;0;133;0;122;0;
22180;6314673;1262084096;33566720;1446670336;0;0;0;0;0;0;0;0;0;0;0;3938;0;0;133;0;122;0;
22181;3256978;1262084096;33566720;1446670336;0;0;0;0;0;0;0;0;0;0;0;3096;0;0;133;0;122;0;
22182;6276140;1262084096;33566720;1446670336;0;0;0;0;0;0;0;0;0;0;0;3587;0;0;133;0;122;0;
22183;3884986;1262084096;33566720;1446670336;0;0;0;0;0;0;0;0;0;0;0;3317;0;0;133;0;122;0;
22184;7176378;1262084096;33566720;1446670336;0;0;0;0;0;0;0;0;0;0;0;3687;0;0;133;0;122;0;
22185;3321789;1262084096;33566720;1446670336;0;0;0;0;0;0;0;0;0;0;0;3156;0;0;133;0;122;0;
22186;6463572;1262084096;33566720;1446670336;0;0;0;0;0;0;0;0;0;0;0;4829;0;0;133;0;122;0;
22187;4341562;1262084096;33566720;1446670336;0;0;0;0;0;0;0;0;0;0;0;3066;0;0;133;0;122;0;
22188;5596145;1262084096;33566720;1446670336;0;0;0;0;0;0;0;0;0;0;0;4679;0;0;133;0;122;0;
22189;3647360;1262084096;33566720;1446670336;0;0;0;0;0;0;0;0;0;0;0;3467;0;0;133;0;122;0;
22190;5720759;1262084096;33566720;1446670336;0;0;0;0;0;0;0;0;0;0;0;3206;0;0;133;0;122;0;
22191;3794406;1262084096;33566720;1446670336;0;0;0;0;0;0;0;0;0;0;0;3026;0;0;133;0;122;0;
22192;5819234;1262084096;33566720;1446670336;0;0;0;0;0;0;0;0;0;0;0;2785;0;0;133;0;122;0;
22193;7140942;1262084096;33566720;1446670336;0;0;0;0;0;0;0;0;0;0;0;4258;0;0;133;0;122;0;
22194;6663988;1262084096;33566720;1446670336;0;0;0;0;0;0;0;0;0;0;0;3456;0;0;133;0;122;0;
22195;5369439;1262084096;33566720;1446670336;0;0;0;0;0;0;0;0;0;0;0;4598;0;0;133;0;122;0;
22196;7305541;1262084096;33566720;1446670336;0;0;0;0;0;0;0;0;0;0;0;4729;0;0;133;0;122;0;
22197;4968858;1262084096;33566720;1446670336;0;0;0;0;0;0;0;0;0;0;0;4508;0;0;133;0;122;0;
22198;5940721;1262084096;33566720;1446670336;0;0;0;0;0;0;0;0;0;0;0;3186;0;0;133;0;122;0;
22199;5356466;1262084096;33566720;1446670336;0;0;0;0;0;0;0;0;0;0;0;3968;0;0;133;0;122;0;
22200;6996862;1262084096;33566720;1446670336;0;0;0;0;0;0;0;0;0;0;0;2665;0;0;133;0;122;0;
22201;4902905;1262084096;33566720;1446670336;0;0;0;0;0;0;0;0;0;0;0;3095;0;0;133;0;122;0;
22202;6529916;1262084096;33566720;1446670336;0;0;0;0;0;0;0;0;0;0;0;3908;0;0;133;0;122;0;
22203;3604460;1262084096;33566720;1446670336;0;0;0;0;0;0;0;0;0;0;0;3326;0;0;133;0;122;0;
22204;7032789;1262084096;33566720;1446670336;0;0;0;0;0;0;0;0;0;0;0;3787;0;0;133;0;122;0;
22205;4396094;1262084096;33566720;1446670336;0;0;0;0;0;0;0;0;0;0;0;3637;0;0;133;0;122;0;
22206;6519968;1262084096;33566720;1446670336;0;0;0;0;0;0;0;0;0;0;0;2735;0;0;133;0;122;0;
22207;4114206;1262084096;33566720;1446670336;0;0;0;0;0;0;0;0;0;0;0;3868;0;0;133;0;122;0;
22208;5356986;1262084096;33566720;1446670336;0;0;0;0;0;0;0;0;0;0;0;3086;0;0;133;0;122;0;
22209;4054554;1262084096;33566720;1446670336;0;0;0;0;0;0;0;0;0;0;0;4829;0;0;133;0;122;0;
22210;6537370;1262084096;33566720;1446670336;0;0;0;0;0;0;0;0;0;0;0;3166;0;0;133;0;122;0;
22211;5379018;1262084096;33566720;1446670336;0;0;0;0;0;0;0;0;0;0;0;3928;0;0;133;0;122;0;
22212;6370978;1262084096;33566720;1446670336;0;0;0;0;0;0;0;0;0;0;0;3175;0;0;133;0;122;0;
22213;4514947;1262084096;33566720;1446670336;0;0;0;0;0;0;0;0;0;0;0;3226;0;0;133;0;122;0;
22214;6021573;1262084096;33566720;1446670336;0;0;0;0;0;0;0;0;0;0;0;2564;0;0;133;0;122;0;
22215;4215606;1262084096;33566720;1446670336;0;0;0;0;0;0;0;0;0;0;0;3065;0;0;133;0;122;0;
22216;5259955;1262084096;33566720;1446670336;0;0;0;0;0;0;0;0;0;0;0;2605;0;0;133;0;122;0;
22217;4364816;1262084096;33566720;1446670336;0;0;0;0;0;0;0;0;0;0;0;3466;0;0;133;0;122;0;
22218;5282577;1262084096;33566720;1446670336;0;0;0;0;0;0;0;0;0;0;0;2515;0;0;133;0;122;0;
22219;4485803;1262084096;33566720;1446670336;0;0;0;0;0;0;0;0;0;0;0;4037;0;0;133;0;122;0;
22220;7071382;1262084096;33566720;1446670336;0;0;0;0;0;0;0;0;0;0;0;4218;0;0;133;0;122;0;
22221;3604409;1262084096;33566720;1446670336;0;0;0;0;0;0;0;0;0;0;0;3015;0;0;133;0;122;0;
22222;6472128;1262084096;33566720;1446670336;0;0;0;0;0;0;0;0;0;0;0;3226;0;0;133;0;122;0;
22223;3446905;1262084096;33566720;1446670336;0;0;0;0;0;0;0;0;0;0;0;3156;0;0;133;0;122;0;
22224;6536889;1262084096;33566720;1446670336;0;0;0;0;0;0;0;0;0;0;0;4147;0;0;133;0;122;0;
22225;3803172;1262084096;33566720;1446670336;0;0;0;0;0;0;0;0;0;0;0;3206;0;0;133;0;122;0;
22226;5870660;1262084096;33566720;1446670336;0;0;0;0;0;0;0;0;0;0;0;3958;0;0;133;0;122;0;
22227;3822579;1262084096;33566720;1446670336;0;0;0;0;0;0;0;0;0;0;0;2956;0;0;133;0;122;0;
22228;6858663;1262084096;33566720;1446670336;0;0;0;0;0;0;0;0;0;0;0;4008;0;0;133;0;122;0;
22229;3356935;1262084096;33566720;1446670336;0;0;0;0;0;0;0;0;0;0;0;3467;0;0;133;0;122;0;
22230;6279176;1262084096;33566720;1446670336;0;0;0;0;0;0;0;0;0;0;0;3326;0;0;133;0;122;0;
22231;4220705;1262084096;33566720;1446670336;0;0;0;0;0;0;0;0;0;0;0;3717;0;0;133;0;122;0;
22232;6124937;1262084096;33566720;1446670336;0;0;0;0;0;0;0;0;0;0;0;3827;0;0;133;0;122;0;
22233;3654303;1262084096;33566720;1446670336;0;0;0;0;0;0;0;0;0;0;0;3376;0;0;133;0;122;0;
22234;7010487;1262084096;33566720;1446670336;0;0;0;0;0;0;0;0;0;0;0;3036;0;0;133;0;122;0;
22235;4069372;1262084096;33566720;1446670336;0;0;0;0;0;0;0;0;0;0;0;3125;0;0;133;0;122;0;
22236;7030966;1262084096;33566720;1446670336;0;0;0;0;0;0;0;0;0;0;0;2905;0;0;133;0;122;0;
22237;4290646;1262084096;33566720;1446670336;0;0;0;0;0;0;0;0;0;0;0;2935;0;0;133;0;122;0;
22238;6581854;1262084096;33566720;1446670336;0;0;0;0;0;0;0;0;0;0;0;3247;0;0;133;0;122;0;
22239;4269346;1262084096;33566720;1446670336;0;0;0;0;0;0;0;0;0;0;0;2856;0;0;133;0;122;0;
22240;6112904;1262084096;33566720;1446670336;0;0;0;0;0;0;0;0;0;0;0;3827;0;0;133;0;122;0;
22241;4028135;1262084096;33566720;1446670336;0;0;0;0;0;0;0;0;0;0;0;3907;0;0;133;0;122;0;
22242;6792308;1262084096;33566720;1446670336;0;0;0;0;0;0;0;0;0;0;0;3176;0;0;133;0;122;0;
22243;4891012;1262084096;33566720;1446670336;0;0;0;0;0;0;0;0;0;0;0;3476;0;0;133;0;122;0;
22244;5749623;1262084096;33566720;1446670336;0;0;0;0;0;0;0;0;0;0;0;2705;0;0;133;0;122;0;
22245;5212706;1262084096;33566720;1446670336;0;0;0;0;0;0;0;0;0;0;0;3396;0;0;133;0;122;0;
22246;6016283;1262084096;33566720;1446670336;0;0;0;0;0;0;0;0;0;0;0;2956;0;0;133;0;122;0;
22247;4360157;1262084096;33566720;1446670336;0;0;0;0;0;0;0;0;0;0;0;3667;0;0;133;0;122;0;
22248;6000804;1262084096;33566720;1446670336;0;0;0;0;0;0;0;0;0;0;0;3106;0;0;133;0;122;0;
22249;4373412;1262084096;33566720;1446670336;0;0;0;0;0;0;0;0;0;0;0;3918;0;0;133;0;122;0;
22250;5999291;1262084096;33566720;1446670336;0;0;0;0;0;0;0;0;0;0;0;3016;0;0;133;0;122;0;
22251;4228971;1262084096;33566720;1446670336;0;0;0;0;0;0;0;0;0;0;0;3276;0;0;133;0;122;0;
22252;5335435;1262084096;33566720;1446670336;0;0;0;0;0;0;0;0;0;0;0;3316;0;0;133;0;122;0;
22253;5184933;1262084096;33566720;1446670336;0;0;0;0;0;0;0;0;0;0;0;2986;0;0;133;0;122;0;
22254;6016753;1262084096;33566720;1446670336;0;0;0;0;0;0;0;0;0;0;0;3496;0;0;133;0;122;0;
22255;5206625;1262084096;33566720;1446670336;0;0;0;0;0;0;0;0;0;0;0;3807;0;0;133;0;122;0;
22256;5449260;1262084096;33566720;1446670336;0;0;0;0;0;0;0;0;0;0;0;3266;0;0;133;0;122;0;
22257;4819048;1262084096;33566720;1446670336;0;0;0;0;0;0;0;0;0;0;0;4058;0;0;133;0;122;0;
22258;5787213;1262084096;33566720;1446670336;0;0;0;0;0;0;0;0;0;0;0;2875;0;0;133;0;122;0;
22259;5096398;1262084096;33566720;1446670336;0;0;0;0;0;0;0;0;0;0;0;3527;0;0;133;0;122;0;
22260;5761315;1262084096;33566720;1446670336;0;0;0;0;0;0;0;0;0;0;0;2585;0;0;133;0;122;0;
22261;4623210;1262084096;33566720;1446670336;0;0;0;0;0;0;0;0;0;0;0;4749;0;0;133;0;122;0;
22262;5079827;1262084096;33566720;1446670336;0;0;0;0;0;0;0;0;0;0;0;3156;0;0;133;0;122;0;
22263;4812646;1262084096;33566720;1446670336;0;0;0;0;0;0;0;0;0;0;0;3947;0;0;133;0;122;0;
22264;7459760;1262084096;33570816;1446674432;0;0;0;0;0;0;0;0;0;0;0;4038;0;0;133;0;122;0;
22265;4027984;1262084096;33574912;1446678528;0;0;0;0;0;0;0;0;0;0;0;3858;0;0;133;0;122;0;
22266;5947974;1262084096;33574912;1446678528;0;0;0;0;0;0;0;0;0;0;0;3617;0;0;133;0;122;0;
22267;4422073;1262084096;33574912;1446678528;0;0;0;0;0;0;0;0;0;0;0;3727;0;0;133;0;122;0;
22268;11346179;1262084096;33574912;1446678528;0;0;0;0;0;0;0;0;0;0;0;3076;0;0;133;0;122;0;
22269;5882733;1262084096;33574912;1446678528;0;0;0;0;0;0;0;0;0;0;0;3777;0;0;133;0;122;0;
22270;7401390;1262084096;33574912;1446678528;0;0;0;0;0;0;0;0;0;0;0;4939;0;0;133;0;122;0;
22271;3960868;1262084096;33566720;1446670336;0;0;0;0;0;0;0;0;0;0;0;5590;0;0;133;0;122;0;
22272;8642147;1262084096;33566720;1446670336;0;0;0;0;0;0;0;0;0;0;0;3507;0;0;133;0;122;0;
22273;5032818;1262084096;33566720;1446670336;0;0;0;0;0;0;0;0;0;0;0;4378;0;0;133;0;122;0;
22274;7409737;1262084096;33566720;1446670336;0;0;0;0;0;0;0;0;0;0;0;3877;0;0;133;0;122;0;
22275;4412656;1262084096;33566720;1446670336;0;0;0;0;0;0;0;0;0;0;0;3156;0;0;133;0;122;0;
22276;6996482;1262084096;33566720;1446670336;0;0;0;0;0;0;0;0;0;0;0;3807;0;0;133;0;122;0;
22277;5599060;1262084096;33566720;1446670336;0;0;0;0;0;0;0;0;0;0;0;10459;0;0;133;0;122;0;
22278;6687832;1262084096;33566720;1446670336;0;0;0;0;0;0;0;0;0;0;0;3687;0;0;133;0;122;0;
22279;5237061;1262084096;33566720;1446670336;0;0;0;0;0;0;0;0;0;0;0;3236;0;0;133;0;122;0;
22280;5917397;1262084096;33566720;1446670336;0;0;0;0;0;0;0;0;0;0;0;2926;0;0;133;0;122;0;
22281;5338832;1262084096;33566720;1446670336;0;0;0;0;0;0;0;0;0;0;0;4318;0;0;133;0;122;0;
22282;6931480;1262084096;33566720;1446670336;0;0;0;0;0;0;0;0;0;0;0;2565;0;0;133;0;122;0;
22283;7612386;1262084096;33566720;1446670336;0;0;0;0;0;0;0;0;0;0;0;3035;0;0;133;0;122;0;
22284;6303923;1262084096;33566720;1446670336;0;0;0;0;0;0;0;0;0;0;0;3176;0;0;133;0;122;0;
22285;5656327;1262084096;33566720;1446670336;0;0;0;0;0;0;0;0;0;0;0;3837;0;0;133;0;122;0;
22286;7450964;1262084096;33566720;1446670336;0;0;0;0;0;0;0;0;0;0;0;3637;0;0;133;0;122;0;
22287;6650342;1262084096;33566720;1446670336;0;0;0;0;0;0;0;0;0;0;0;2685;0;0;133;0;122;0;
22288;6283665;1262084096;33566720;1446670336;0;0;0;0;0;0;0;0;0;0;0;2735;0;0;133;0;122;0;
22289;4833344;1262084096;33566720;1446670336;0;0;0;0;0;0;0;0;0;0;0;4408;0;0;133;0;122;0;
22290;7352429;1262084096;33566720;1446670336;0;0;0;0;0;0;0;0;0;0;0;3006;0;0;133;0;122;0;
22291;4875974;1262084096;33566720;1446670336;0;0;0;0;0;0;0;0;0;0;0;4058;0;0;133;0;122;0;
22292;7032689;1262084096;33566720;1446670336;0;0;0;0;0;0;0;0;0;0;0;2926;0;0;133;0;122;0;
22293;3999680;1262084096;33566720;1446670336;0;0;0;0;0;0;0;0;0;0;0;3617;0;0;133;0;122;0;
22294;7446815;1262084096;33566720;1446670336;0;0;0;0;0;0;0;0;0;0;0;3857;0;0;133;0;122;0;
22295;4392508;1262084096;33566720;1446670336;0;0;0;0;0;0;0;0;0;0;0;3286;0;0;133;0;122;0;
22296;6217931;1262084096;33566720;1446670336;0;0;0;0;0;0;0;0;0;0;0;3937;0;0;133;0;122;0;
22297;5272318;1262084096;33566720;1446670336;0;0;0;0;0;0;0;0;0;0;0;3085;0;0;133;0;122;0;
22298;6848393;1262084096;33566720;1446670336;0;0;0;0;0;0;0;0;0;0;0;3346;0;0;133;0;122;0;
22299;4908666;1262084096;33566720;1446670336;0;0;0;0;0;0;0;0;0;0;0;2806;0;0;133;0;122;0;
22300;7056784;1262084096;33566720;1446670336;0;0;0;0;0;0;0;0;0;0;0;3036;0;0;133;0;122;0;
22301;4750138;1262084096;33566720;1446670336;0;0;0;0;0;0;0;0;0;0;0;4939;0;0;133;0;122;0;
22302;7271106;1262084096;33566720;1446670336;0;0;0;0;0;0;0;0;0;0;0;3286;0;0;133;0;122;0;
22303;4584197;1262084096;33566720;1446670336;0;0;0;0;0;0;0;0;0;0;0;4679;0;0;133;0;122;0;
22304;7694901;1262084096;33566720;1446670336;0;0;0;0;0;0;0;0;0;0;0;3737;0;0;133;0;122;0;
22305;3489083;1262084096;33566720;1446670336;0;0;0;0;0;0;0;0;0;0;0;4118;0;0;133;0;122;0;
22306;6540486;1262084096;33566720;1446670336;0;0;0;0;0;0;0;0;0;0;0;3757;0;0;133;0;122;0;
22307;5264754;1262084096;33566720;1446670336;0;0;0;0;0;0;0;0;0;0;0;4759;0;0;133;0;122;0;
22308;7599011;1262084096;33566720;1446670336;0;0;0;0;0;0;0;0;0;0;0;4058;0;0;133;0;122;0;
22309;3399195;1262084096;33566720;1446670336;0;0;0;0;0;0;0;0;0;0;0;3968;0;0;133;0;122;0;
22310;5190945;1262084096;33566720;1446670336;0;0;0;0;0;0;0;0;0;0;0;2956;0;0;133;0;122;0;
22311;5337079;1262084096;33566720;1446670336;0;0;0;0;0;0;0;0;0;0;0;4017;0;0;133;0;122;0;
22312;6144383;1262084096;33566720;1446670336;0;0;0;0;0;0;0;0;0;0;0;2655;0;0;133;0;122;0;
22313;4675068;1262084096;33566720;1446670336;0;0;0;0;0;0;0;0;0;0;0;3045;0;0;133;0;122;0;
22314;6727556;1262084096;33566720;1446670336;0;0;0;0;0;0;0;0;0;0;0;3807;0;0;133;0;122;0;
22315;4646384;1262084096;33566720;1446670336;0;0;0;0;0;0;0;0;0;0;0;3476;0;0;133;0;122;0;
22316;6576524;1262084096;33566720;1446670336;0;0;0;0;0;0;0;0;0;0;0;2966;0;0;133;0;122;0;
22317;4404591;1262084096;33566720;1446670336;0;0;0;0;0;0;0;0;0;0;0;3978;0;0;133;0;122;0;
22318;5131904;1262084096;33566720;1446670336;0;0;0;0;0;0;0;0;0;0;0;2675;0;0;133;0;122;0;
22319;5186316;1262084096;33566720;1446670336;0;0;0;0;0;0;0;0;0;0;0;2875;0;0;133;0;122;0;
22320;5886279;1262084096;33566720;1446670336;0;0;0;0;0;0;0;0;0;0;0;2354;0;0;133;0;122;0;
22321;4628200;1262084096;33566720;1446670336;0;0;0;0;0;0;0;0;0;0;0;3607;0;0;133;0;122;0;
22322;5872273;1262084096;33566720;1446670336;0;0;0;0;0;0;0;0;0;0;0;3115;0;0;133;0;122;0;
22323;4851990;1262084096;33566720;1446670336;0;0;0;0;0;0;0;0;0;0;0;3586;0;0;133;0;122;0;
22324;5651438;1262084096;33566720;1446670336;0;0;0;0;0;0;0;0;0;0;0;2895;0;0;133;0;122;0;
22325;5011799;1262084096;33566720;1446670336;0;0;0;0;0;0;0;0;0;0;0;3316;0;0;133;0;122;0;
22326;5621352;1262084096;33566720;1446670336;0;0;0;0;0;0;0;0;0;0;0;2895;0;0;133;0;122;0;
22327;4733306;1262084096;33566720;1446670336;0;0;0;0;0;0;0;0;0;0;0;4388;0;0;133;0;122;0;
22328;5554436;1262084096;33566720;1446670336;0;0;0;0;0;0;0;0;0;0;0;2344;0;0;133;0;122;0;
22329;4361911;1262084096;33566720;1446670336;0;0;0;0;0;0;0;0;0;0;0;2845;0;0;133;0;122;0;
22330;5951341;1262084096;33566720;1446670336;0;0;0;0;0;0;0;0;0;0;0;3026;0;0;133;0;122;0;
22331;5373608;1262084096;33566720;1446670336;0;0;0;0;0;0;0;0;0;0;0;3607;0;0;133;0;122;0;
22332;5511306;1262084096;33566720;1446670336;0;0;0;0;0;0;0;0;0;0;0;2505;0;0;133;0;122;0;
22333;4738777;1262084096;33566720;1446670336;0;0;0;0;0;0;0;0;0;0;0;3606;0;0;133;0;122;0;
22334;5614870;1262084096;33566720;1446670336;0;0;0;0;0;0;0;0;0;0;0;5290;0;0;133;0;122;0;
22335;3827759;1262084096;33566720;1446670336;0;0;0;0;0;0;0;0;0;0;0;3467;0;0;133;0;122;0;
22336;6640834;1262084096;33566720;1446670336;0;0;0;0;0;0;0;0;0;0;0;4679;0;0;133;0;122;0;
22337;4608993;1262084096;33566720;1446670336;0;0;0;0;0;0;0;0;0;0;0;3586;0;0;133;0;122;0;
22338;6102335;1262084096;33566720;1446670336;0;0;0;0;0;0;0;0;0;0;0;4028;0;0;133;0;122;0;
22339;4353204;1262084096;33566720;1446670336;0;0;0;0;0;0;0;0;0;0;0;3076;0;0;133;0;122;0;
22340;5955028;1262084096;33566720;1446670336;0;0;0;0;0;0;0;0;0;0;0;3737;0;0;133;0;122;0;
22341;3913890;1262084096;33566720;1446670336;0;0;0;0;0;0;0;0;0;0;0;2905;0;0;133;0;122;0;
22342;6303040;1262084096;33566720;1446670336;0;0;0;0;0;0;0;0;0;0;0;3667;0;0;133;0;122;0;
22343;4390523;1262084096;33566720;1446670336;0;0;0;0;0;0;0;0;0;0;0;4098;0;0;133;0;122;0;
22344;5684080;1262084096;33566720;1446670336;0;0;0;0;0;0;0;0;0;0;0;2915;0;0;133;0;122;0;
22345;3600222;1262084096;33566720;1446670336;0;0;0;0;0;0;0;0;0;0;0;2675;0;0;133;0;122;0;
22346;6523383;1262084096;33566720;1446670336;0;0;0;0;0;0;0;0;0;0;0;3176;0;0;133;0;122;0;
22347;3469156;1262084096;33566720;1446670336;0;0;0;0;0;0;0;0;0;0;0;3006;0;0;133;0;122;0;
22348;6176193;1262084096;33566720;1446670336;0;0;0;0;0;0;0;0;0;0;0;1973;0;0;133;0;122;0;
22349;4800423;1262084096;33566720;1446670336;0;0;0;0;0;0;0;0;0;0;0;3527;0;0;133;0;122;0;
22350;6237308;1262084096;33566720;1446670336;0;0;0;0;0;0;0;0;0;0;0;2484;0;0;133;0;122;0;
22351;4367300;1262084096;33566720;1446670336;0;0;0;0;0;0;0;0;0;0;0;3186;0;0;133;0;122;0;
22352;6392218;1262084096;33570816;1446674432;0;0;0;0;0;0;0;0;0;0;0;2915;0;0;133;0;122;0;
22353;3784998;1262084096;33574912;1446678528;0;0;0;0;0;0;0;0;0;0;0;3656;0;0;133;0;122;0;
22354;6664038;1262084096;33574912;1446678528;0;0;0;0;0;0;0;0;0;0;0;3717;0;0;133;0;122;0;
22355;3529650;1262084096;33574912;1446678528;0;0;0;0;0;0;0;0;0;0;0;3497;0;0;133;0;122;0;
22356;6824118;1262084096;33574912;1446678528;0;0;0;0;0;0;0;0;0;0;0;3627;0;0;133;0;122;0;
22357;3169204;1262084096;33574912;1446678528;0;0;0;0;0;0;0;0;0;0;0;3236;0;0;133;0;122;0;
22358;5520383;1262084096;33574912;1446678528;0;0;0;0;0;0;0;0;0;0;0;3376;0;0;133;0;122;0;
22359;3922987;1262084096;33566720;1446670336;0;0;0;0;0;0;0;0;0;0;0;2886;0;0;133;0;122;0;
22360;5395218;1262084096;33566720;1446670336;0;0;0;0;0;0;0;0;0;0;0;2474;0;0;133;0;122;0;
22361;3589101;1262084096;33566720;1446670336;0;0;0;0;0;0;0;0;0;0;0;3486;0;0;133;0;122;0;
22362;5593400;1262084096;33566720;1446670336;0;0;0;0;0;0;0;0;0;0;0;2284;0;0;133;0;122;0;
22363;3610150;1262084096;33566720;1446670336;0;0;0;0;0;0;0;0;0;0;0;3778;0;0;133;0;122;0;
22364;6471527;1262084096;33566720;1446670336;0;0;0;0;0;0;0;0;0;0;0;3547;0;0;133;0;122;0;
22365;3454448;1262084096;33566720;1446670336;0;0;0;0;0;0;0;0;0;0;0;3667;0;0;133;0;122;0;
22366;5796901;1262084096;33566720;1446670336;0;0;0;0;0;0;0;0;0;0;0;3967;0;0;133;0;122;0;
22367;3248812;1262084096;33566720;1446670336;0;0;0;0;0;0;0;0;0;0;0;3346;0;0;133;0;122;0;
22368;5528077;1262084096;33566720;1446670336;0;0;0;0;0;0;0;0;0;0;0;3076;0;0;133;0;122;0;
22369;3385319;1262084096;33566720;1446670336;0;0;0;0;0;0;0;0;0;0;0;2935;0;0;133;0;122;0;
22370;5541152;1262084096;33566720;1446670336;0;0;0;0;0;0;0;0;0;0;0;3126;0;0;133;0;122;0;
22371;3043417;1262084096;33566720;1446670336;0;0;0;0;0;0;0;0;0;0;0;3526;0;0;133;0;122;0;
22372;5640578;1262084096;33566720;1446670336;0;0;0;0;0;0;0;0;0;0;0;2645;0;0;133;0;122;0;
22373;3148685;1262084096;33566720;1446670336;0;0;0;0;0;0;0;0;0;0;0;3106;0;0;133;0;122;0;
22374;5695782;1262084096;33566720;1446670336;0;0;0;0;0;0;0;0;0;0;0;3085;0;0;133;0;122;0;
22375;3356264;1262084096;33566720;1446670336;0;0;0;0;0;0;0;0;0;0;0;3496;0;0;133;0;122;0;
22376;5413923;1262084096;33566720;1446670336;0;0;0;0;0;0;0;0;0;0;0;2355;0;0;133;0;122;0;
22377;3860620;1262084096;33566720;1446670336;0;0;0;0;0;0;0;0;0;0;0;3156;0;0;133;0;122;0;
22378;5784308;1262084096;33566720;1446670336;0;0;0;0;0;0;0;0;0;0;0;2134;0;0;133;0;122;0;
22379;3256367;1262084096;33566720;1446670336;0;0;0;0;0;0;0;0;0;0;0;2495;0;0;133;0;122;0;
22380;4977455;1262084096;33566720;1446670336;0;0;0;0;0;0;0;0;0;0;0;2164;0;0;133;0;122;0;
22381;4954000;1262084096;33566720;1446670336;0;0;0;0;0;0;0;0;0;0;0;2705;0;0;133;0;122;0;
22382;5424533;1262084096;33566720;1446670336;0;0;0;0;0;0;0;0;0;0;0;2264;0;0;133;0;122;0;
22383;3642871;1262084096;33566720;1446670336;0;0;0;0;0;0;0;0;0;0;0;2775;0;0;133;0;122;0;
22384;6331824;1262084096;33566720;1446670336;0;0;0;0;0;0;0;0;0;0;0;3247;0;0;133;0;122;0;
22385;4358724;1262084096;33566720;1446670336;0;0;0;0;0;0;0;0;0;0;0;3516;0;0;133;0;122;0;
22386;5678218;1262084096;33566720;1446670336;0;0;0;0;0;0;0;0;0;0;0;2014;0;0;133;0;122;0;
22387;4410080;1262084096;33566720;1446670336;0;0;0;0;0;0;0;0;0;0;0;3687;0;0;133;0;122;0;
22388;5897640;1262084096;33566720;1446670336;0;0;0;0;0;0;0;0;0;0;0;2204;0;0;133;0;122;0;
22389;4945705;1262084096;33566720;1446670336;0;0;0;0;0;0;0;0;0;0;0;3015;0;0;133;0;122;0;
22390;4635874;1262084096;33566720;1446670336;0;0;0;0;0;0;0;0;0;0;0;2735;0;0;133;0;122;0;
22391;4280939;1262084096;33566720;1446670336;0;0;0;0;0;0;0;0;0;0;0;3567;0;0;133;0;122;0;
22392;5136082;1262084096;33566720;1446670336;0;0;0;0;0;0;0;0;0;0;0;2164;0;0;133;0;122;0;
22393;5196165;1262084096;33566720;1446670336;0;0;0;0;0;0;0;0;0;0;0;3306;0;0;133;0;122;0;
22394;4928974;1262084096;33566720;1446670336;0;0;0;0;0;0;0;0;0;0;0;2214;0;0;133;0;122;0;
22395;4626266;1262084096;33566720;1446670336;0;0;0;0;0;0;0;0;0;0;0;3537;0;0;133;0;122;0;
22396;5156390;1262084096;33566720;1446670336;0;0;0;0;0;0;0;0;0;0;0;2775;0;0;133;0;122;0;
22397;4514817;1262084096;33566720;1446670336;0;0;0;0;0;0;0;0;0;0;0;3417;0;0;133;0;122;0;
22398;6145304;1262084096;33566720;1446670336;0;0;0;0;0;0;0;0;0;0;0;2886;0;0;133;0;122;0;
22399;4223200;1262084096;33566720;1446670336;0;0;0;0;0;0;0;0;0;0;0;3647;0;0;133;0;122;0;
22400;6318400;1262084096;33566720;1446670336;0;0;0;0;0;0;0;0;0;0;0;3587;0;0;133;0;122;0;
22401;5284140;1262084096;33566720;1446670336;0;0;0;0;0;0;0;0;0;0;0;4218;0;0;133;0;122;0;
22402;6496994;1262084096;33566720;1446670336;0;0;0;0;0;0;0;0;0;0;0;3347;0;0;133;0;122;0;
22403;5874677;1262084096;33566720;1446670336;0;0;0;0;0;0;0;0;0;0;0;4809;0;0;133;0;122;0;
22404;6093076;1262084096;33566720;1446670336;0;0;0;0;0;0;0;0;0;0;0;3046;0;0;133;0;122;0;
22405;4682221;1262084096;33566720;1446670336;0;0;0;0;0;0;0;0;0;0;0;2966;0;0;133;0;122;0;
22406;5589813;1262084096;33566720;1446670336;0;0;0;0;0;0;0;0;0;0;0;2134;0;0;133;0;122;0;
22407;4393069;1262084096;33566720;1446670336;0;0;0;0;0;0;0;0;0;0;0;4078;0;0;133;0;122;0;
22408;5325448;1262084096;33566720;1446670336;0;0;0;0;0;0;0;0;0;0;0;2915;0;0;133;0;122;0;
22409;3876220;1262084096;33566720;1446670336;0;0;0;0;0;0;0;0;0;0;0;3196;0;0;133;0;122;0;
22410;5845012;1262084096;33566720;1446670336;0;0;0;0;0;0;0;0;0;0;0;2255;0;0;133;0;122;0;
22411;4810712;1262084096;33566720;1446670336;0;0;0;0;0;0;0;0;0;0;0;4098;0;0;133;0;122;0;
22412;7043009;1262084096;33566720;1446670336;0;0;0;0;0;0;0;0;0;0;0;2595;0;0;133;0;122;0;
22413;4589087;1262084096;33566720;1446670336;0;0;0;0;0;0;0;0;0;0;0;3577;0;0;133;0;122;0;
22414;6656513;1262084096;33566720;1446670336;0;0;0;0;0;0;0;0;0;0;0;2876;0;0;133;0;122;0;
22415;4468611;1262084096;33566720;1446670336;0;0;0;0;0;0;0;0;0;0;0;3306;0;0;133;0;122;0;
22416;5555919;1262084096;33566720;1446670336;0;0;0;0;0;0;0;0;0;0;0;2815;0;0;133;0;122;0;
22417;3688637;1262084096;33566720;1446670336;0;0;0;0;0;0;0;0;0;0;0;3356;0;0;133;0;122;0;
22418;5975827;1262084096;33566720;1446670336;0;0;0;0;0;0;0;0;0;0;0;2265;0;0;133;0;122;0;
22419;4021972;1262084096;33566720;1446670336;0;0;0;0;0;0;0;0;0;0;0;3006;0;0;133;0;122;0;
22420;5352648;1262084096;33566720;1446670336;0;0;0;0;0;0;0;0;0;0;0;3116;0;0;133;0;122;0;
22421;4012295;1262084096;33566720;1446670336;0;0;0;0;0;0;0;0;0;0;0;3246;0;0;133;0;122;0;
22422;6252987;1262084096;33566720;1446670336;0;0;0;0;0;0;0;0;0;0;0;3216;0;0;133;0;122;0;
22423;4340240;1262084096;33566720;1446670336;0;0;0;0;0;0;0;0;0;0;0;3246;0;0;133;0;122;0;
22424;5995163;1262084096;33566720;1446670336;0;0;0;0;0;0;0;0;0;0;0;2004;0;0;133;0;122;0;
22425;4821843;1262084096;33566720;1446670336;0;0;0;0;0;0;0;0;0;0;0;3487;0;0;133;0;122;0;
22426;5511196;1262084096;33566720;1446670336;0;0;0;0;0;0;0;0;0;0;0;3005;0;0;133;0;122;0;
22427;4766890;1262084096;33566720;1446670336;0;0;0;0;0;0;0;0;0;0;0;3046;0;0;133;0;122;0;
22428;7206365;1262084096;33566720;1446670336;0;0;0;0;0;0;0;0;0;0;0;4649;0;0;133;0;122;0;
22429;3743321;1262084096;33566720;1446670336;0;0;0;0;0;0;0;0;0;0;0;4559;0;0;133;0;122;0;
22430;6242517;1262084096;33566720;1446670336;0;0;0;0;0;0;0;0;0;0;0;2695;0;0;133;0;122;0;
22431;4101122;1262084096;33566720;1446670336;0;0;0;0;0;0;0;0;0;0;0;4709;0;0;133;0;122;0;
22432;5582810;1262084096;33566720;1446670336;0;0;0;0;0;0;0;0;0;0;0;2965;0;0;133;0;122;0;
22433;3681855;1262084096;33566720;1446670336;0;0;0;0;0;0;0;0;0;0;0;3497;0;0;133;0;122;0;
22434;6174249;1262084096;33566720;1446670336;0;0;0;0;0;0;0;0;0;0;0;4489;0;0;133;0;122;0;
22435;4298661;1262084096;33566720;1446670336;0;0;0;0;0;0;0;0;0;0;0;5350;0;0;133;0;122;0;
22436;6515179;1262084096;33566720;1446670336;0;0;0;0;0;0;0;0;0;0;0;3035;0;0;133;0;122;0;
22437;4066116;1262084096;33566720;1446670336;0;0;0;0;0;0;0;0;0;0;0;4228;0;0;133;0;122;0;
22438;6523214;1262084096;33566720;1446670336;0;0;0;0;0;0;0;0;0;0;0;3436;0;0;133;0;122;0;
22439;4019027;1262084096;33566720;1446670336;0;0;0;0;0;0;0;0;0;0;0;3827;0;0;133;0;122;0;
22440;5924931;1262084096;33566720;1446670336;0;0;0;0;0;0;0;0;0;0;0;4078;0;0;133;0;122;0;
22441;3675363;1262084096;33566720;1446670336;0;0;0;0;0;0;0;0;0;0;0;4589;0;0;133;0;122;0;
22442;5513169;1262084096;33566720;1446670336;0;0;0;0;0;0;0;0;0;0;0;3266;0;0;133;0;122;0;
22443;5019935;1262084096;33566720;1446670336;0;0;0;0;0;0;0;0;0;0;0;3998;0;0;133;0;122;0;
22444;5873084;1262084096;33566720;1446670336;0;0;0;0;0;0;0;0;0;0;0;4218;0;0;133;0;122;0;
22445;4859083;1262084096;33566720;1446670336;0;0;0;0;0;0;0;0;0;0;0;3626;0;0;133;0;122;0;
22446;6956646;1262084096;33566720;1446670336;0;0;0;0;0;0;0;0;0;0;0;123271;0;0;133;0;122;0;
22447;5122427;1262084096;33570816;1446674432;0;0;0;0;0;0;0;0;0;0;0;3937;0;0;133;0;122;0;
22448;5147433;1262084096;33570816;1446674432;0;0;0;0;0;0;0;0;0;0;0;2935;0;0;133;0;122;0;
22449;4100660;1262084096;33570816;1446674432;0;0;0;0;0;0;0;0;0;0;0;3727;0;0;133;0;122;0;
22450;5382825;1262084096;33570816;1446674432;0;0;0;0;0;0;0;0;0;0;0;3818;0;0;133;0;122;0;
22451;4321244;1262084096;33570816;1446674432;0;0;0;0;0;0;0;0;0;0;0;3948;0;0;133;0;122;0;
22452;6572366;1262084096;33570816;1446674432;0;0;0;0;0;0;0;0;0;0;0;2916;0;0;133;0;122;0;
22453;4241104;1262084096;33574912;1446678528;0;0;0;0;0;0;0;0;0;0;0;2905;0;0;133;0;122;0;
22454;8572707;1262084096;33574912;1446678528;0;0;0;0;0;0;0;0;0;0;0;3717;0;0;133;0;122;0;
22455;13068950;1262084096;33574912;1446678528;0;0;0;0;0;0;0;0;0;0;0;3466;0;0;133;0;122;0;
22456;5877993;1262084096;33574912;1446678528;0;0;0;0;0;0;0;0;0;0;0;3106;0;0;133;0;122;0;
22457;4928032;1262084096;33574912;1446678528;0;0;0;0;0;0;0;0;0;0;0;3336;0;0;133;0;122;0;
22458;5230429;1262084096;33574912;1446678528;0;0;0;0;0;0;0;0;0;0;0;3046;0;0;133;0;122;0;
22459;4671712;1262084096;33566720;1446670336;0;0;0;0;0;0;0;0;0;0;0;3968;0;0;133;0;122;0;
22460;5312082;1262084096;33566720;1446670336;0;0;0;0;0;0;0;0;0;0;0;2926;0;0;133;0;122;0;
22461;4457529;1262084096;33566720;1446670336;0;0;0;0;0;0;0;0;0;0;0;3156;0;0;133;0;122;0;
22462;4724961;1262084096;33566720;1446670336;0;0;0;0;0;0;0;0;0;0;0;2765;0;0;133;0;122;0;
22463;4703782;1262084096;33566720;1446670336;0;0;0;0;0;0;0;0;0;0;0;3366;0;0;133;0;122;0;
22464;4986171;1262084096;33566720;1446670336;0;0;0;0;0;0;0;0;0;0;0;2154;0;0;133;0;122;0;
22465;4218261;1262084096;33566720;1446670336;0;0;0;0;0;0;0;0;0;0;0;2976;0;0;133;0;122;0;
22466;5698006;1262084096;33566720;1446670336;0;0;0;0;0;0;0;0;0;0;0;3737;0;0;133;0;122;0;
22467;4202431;1262084096;33566720;1446670336;0;0;0;0;0;0;0;0;0;0;0;3146;0;0;133;0;122;0;
22468;5991627;1262084096;33566720;1446670336;0;0;0;0;0;0;0;0;0;0;0;3656;0;0;133;0;122;0;
22469;3689149;1262084096;33566720;1446670336;0;0;0;0;0;0;0;0;0;0;0;2895;0;0;133;0;122;0;
22470;5354512;1262084096;33566720;1446670336;0;0;0;0;0;0;0;0;0;0;0;3998;0;0;133;0;122;0;
22471;3750494;1262084096;33566720;1446670336;0;0;0;0;0;0;0;0;0;0;0;3557;0;0;133;0;122;0;
22472;5751737;1262084096;33566720;1446670336;0;0;0;0;0;0;0;0;0;0;0;3546;0;0;133;0;122;0;
22473;3527806;1262084096;33566720;1446670336;0;0;0;0;0;0;0;0;0;0;0;3115;0;0;133;0;122;0;
22474;5392013;1262084096;33566720;1446670336;0;0;0;0;0;0;0;0;0;0;0;2905;0;0;133;0;122;0;
22475;3986797;1262084096;33566720;1446670336;0;0;0;0;0;0;0;0;0;0;0;3276;0;0;133;0;122;0;
22476;6257876;1262084096;33566720;1446670336;0;0;0;0;0;0;0;0;0;0;0;2996;0;0;133;0;122;0;
22477;4089549;1262084096;33566720;1446670336;0;0;0;0;0;0;0;0;0;0;0;4118;0;0;133;0;122;0;
22478;5828561;1262084096;33566720;1446670336;0;0;0;0;0;0;0;0;0;0;0;4358;0;0;133;0;122;0;
22479;3523648;1262084096;33566720;1446670336;0;0;0;0;0;0;0;0;0;0;0;4078;0;0;133;0;122;0;
22480;5407110;1262084096;33566720;1446670336;0;0;0;0;0;0;0;0;0;0;0;3887;0;0;133;0;122;0;
22481;3806659;1262084096;33566720;1446670336;0;0;0;0;0;0;0;0;0;0;0;3446;0;0;133;0;122;0;
22482;5699398;1262084096;33566720;1446670336;0;0;0;0;0;0;0;0;0;0;0;2675;0;0;133;0;122;0;
22483;3694458;1262084096;33566720;1446670336;0;0;0;0;0;0;0;0;0;0;0;37270;0;0;133;0;122;0;
22484;5139158;1262084096;33566720;1446670336;0;0;0;0;0;0;0;0;0;0;0;2534;0;0;133;0;122;0;
22485;3924991;1262084096;33566720;1446670336;0;0;0;0;0;0;0;0;0;0;0;3246;0;0;133;0;122;0;
22486;4884600;1262084096;33566720;1446670336;0;0;0;0;0;0;0;0;0;0;0;2365;0;0;133;0;122;0;
22487;3670163;1262084096;33566720;1446670336;0;0;0;0;0;0;0;0;0;0;0;3817;0;0;133;0;122;0;
22488;6132280;1262084096;33566720;1446670336;0;0;0;0;0;0;0;0;0;0;0;2214;0;0;133;0;122;0;
22489;5274542;1262084096;33566720;1446670336;0;0;0;0;0;0;0;0;0;0;0;3657;0;0;133;0;122;0;
22490;4738496;1262084096;33566720;1446670336;0;0;0;0;0;0;0;0;0;0;0;2254;0;0;133;0;122;0;
22491;4373752;1262084096;33566720;1446670336;0;0;0;0;0;0;0;0;0;0;0;3747;0;0;133;0;122;0;
22492;5623196;1262084096;33566720;1446670336;0;0;0;0;0;0;0;0;0;0;0;2745;0;0;133;0;122;0;
22493;4323217;1262084096;33566720;1446670336;0;0;0;0;0;0;0;0;0;0;0;3527;0;0;133;0;122;0;
22494;5073876;1262084096;33566720;1446670336;0;0;0;0;0;0;0;0;0;0;0;2405;0;0;133;0;122;0;
22495;4690657;1262084096;33566720;1446670336;0;0;0;0;0;0;0;0;0;0;0;3216;0;0;133;0;122;0;
22496;5200192;1262084096;33566720;1446670336;0;0;0;0;0;0;0;0;0;0;0;2685;0;0;133;0;122;0;
22497;4117071;1262084096;33566720;1446670336;0;0;0;0;0;0;0;0;0;0;0;2965;0;0;133;0;122;0;
22498;5247932;1262084096;33566720;1446670336;0;0;0;0;0;0;0;0;0;0;0;2084;0;0;133;0;122;0;
22499;4298451;1262084096;33566720;1446670336;0;0;0;0;0;0;0;0;0;0;0;3376;0;0;133;0;122;0;
22500;6105330;1262084096;33566720;1446670336;0;0;0;0;0;0;0;0;0;0;0;4819;0;0;133;0;122;0;
22501;3272057;1262084096;33566720;1446670336;0;0;0;0;0;0;0;0;0;0;0;2955;0;0;133;0;122;0;
22502;7014936;1262084096;33566720;1446670336;0;0;0;0;0;0;0;0;0;0;0;3426;0;0;133;0;122;0;
22503;3039641;1262084096;33566720;1446670336;0;0;0;0;0;0;0;0;0;0;0;3366;0;0;133;0;122;0;
22504;5302955;1262084096;33566720;1446670336;0;0;0;0;0;0;0;0;0;0;0;2655;0;0;133;0;122;0;
22505;2666771;1262084096;33566720;1446670336;0;0;0;0;0;0;0;0;0;0;0;3487;0;0;133;0;122;0;
22506;6156817;1262084096;33566720;1446670336;0;0;0;0;0;0;0;0;0;0;0;3657;0;0;133;0;122;0;
22507;3284640;1262084096;33566720;1446670336;0;0;0;0;0;0;0;0;0;0;0;2895;0;0;133;0;122;0;
22508;5963083;1262084096;33566720;1446670336;0;0;0;0;0;0;0;0;0;0;0;3246;0;0;133;0;122;0;
22509;3524079;1262084096;33566720;1446670336;0;0;0;0;0;0;0;0;0;0;0;3116;0;0;133;0;122;0;
22510;6179900;1262084096;33566720;1446670336;0;0;0;0;0;0;0;0;0;0;0;3727;0;0;133;0;122;0;
22511;3744092;1262084096;33566720;1446670336;0;0;0;0;0;0;0;0;0;0;0;3196;0;0;133;0;122;0;
22512;5894104;1262084096;33566720;1446670336;0;0;0;0;0;0;0;0;0;0;0;3497;0;0;133;0;122;0;
22513;5247350;1262084096;33566720;1446670336;0;0;0;0;0;0;0;0;0;0;0;3296;0;0;133;0;122;0;
22514;6398360;1262084096;33566720;1446670336;0;0;0;0;0;0;0;0;0;0;0;3296;0;0;133;0;122;0;
22515;5904873;1262084096;33566720;1446670336;0;0;0;0;0;0;0;0;0;0;0;3236;0;0;133;0;122;0;
22516;5557211;1262084096;33566720;1446670336;0;0;0;0;0;0;0;0;0;0;0;2865;0;0;133;0;122;0;
22517;5712934;1262084096;33566720;1446670336;0;0;0;0;0;0;0;0;0;0;0;3938;0;0;133;0;122;0;
22518;5337350;1262084096;33566720;1446670336;0;0;0;0;0;0;0;0;0;0;0;86843;0;0;133;0;122;0;
22519;3872593;1262084096;33566720;1446670336;0;0;0;0;0;0;0;0;0;0;0;3256;0;0;133;0;122;0;
22520;5253552;1262084096;33566720;1446670336;0;0;0;0;0;0;0;0;0;0;0;2144;0;0;133;0;122;0;
22521;3726880;1262084096;33566720;1446670336;0;0;0;0;0;0;0;0;0;0;0;3246;0;0;133;0;122;0;
22522;5235829;1262084096;33566720;1446670336;0;0;0;0;0;0;0;0;0;0;0;2074;0;0;133;0;122;0;
22523;3337269;1262084096;33566720;1446670336;0;0;0;0;0;0;0;0;0;0;0;2465;0;0;133;0;122;0;
22524;5250757;1262084096;33566720;1446670336;0;0;0;0;0;0;0;0;0;0;0;3387;0;0;133;0;122;0;
22525;3846864;1262084096;33566720;1446670336;0;0;0;0;0;0;0;0;0;0;0;2705;0;0;133;0;122;0;
22526;4955033;1262084096;33566720;1446670336;0;0;0;0;0;0;0;0;0;0;0;2545;0;0;133;0;122;0;
22527;3482651;1262084096;33566720;1446670336;0;0;0;0;0;0;0;0;0;0;0;3446;0;0;133;0;122;0;
22528;5994001;1262084096;33566720;1446670336;0;0;0;0;0;0;0;0;0;0;0;2575;0;0;133;0;122;0;
22529;3400267;1262084096;33566720;1446670336;0;0;0;0;0;0;0;0;0;0;0;3196;0;0;133;0;122;0;
22530;5629978;1262084096;33566720;1446670336;0;0;0;0;0;0;0;0;0;0;0;2565;0;0;133;0;122;0;
22531;3703866;1262084096;33566720;1446670336;0;0;0;0;0;0;0;0;0;0;0;2615;0;0;133;0;122;0;
22532;5407751;1262084096;33566720;1446670336;0;0;0;0;0;0;0;0;0;0;0;2335;0;0;133;0;122;0;
22533;3970616;1262084096;33566720;1446670336;0;0;0;0;0;0;0;0;0;0;0;3115;0;0;133;0;122;0;
22534;5068385;1262084096;33566720;1446670336;0;0;0;0;0;0;0;0;0;0;0;2374;0;0;133;0;122;0;
22535;3949156;1262084096;33566720;1446670336;0;0;0;0;0;0;0;0;0;0;0;3306;0;0;133;0;122;0;
22536;5458377;1262084096;33566720;1446670336;0;0;0;0;0;0;0;0;0;0;0;2444;0;0;133;0;122;0;
22537;3611132;1262084096;33566720;1446670336;0;0;0;0;0;0;0;0;0;0;0;3005;0;0;133;0;122;0;
22538;6138552;1262084096;33566720;1446670336;0;0;0;0;0;0;0;0;0;0;0;2575;0;0;133;0;122;0;
22539;4151205;1262084096;33566720;1446670336;0;0;0;0;0;0;0;0;0;0;0;3226;0;0;133;0;122;0;
22540;5364260;1262084096;33566720;1446670336;0;0;0;0;0;0;0;0;0;0;0;2024;0;0;133;0;122;0;
22541;3568853;1262084096;33566720;1446670336;0;0;0;0;0;0;0;0;0;0;0;3226;0;0;133;0;122;0;
22542;4956826;1262084096;33566720;1446670336;0;0;0;0;0;0;0;0;0;0;0;1974;0;0;133;0;122;0;
22543;3298656;1262084096;33566720;1446670336;0;0;0;0;0;0;0;0;0;0;0;2785;0;0;133;0;122;0;
22544;4546947;1262084096;33566720;1446670336;0;0;0;0;0;0;0;0;0;0;0;1873;0;0;133;0;122;0;
22545;2655500;1262084096;33566720;1446670336;0;0;0;0;0;0;0;0;0;0;0;3015;0;0;133;0;122;0;
22546;6237899;1262084096;33566720;1446670336;0;0;0;0;0;0;0;0;0;0;0;2485;0;0;133;0;122;0;
22547;3123758;1262084096;33566720;1446670336;0;0;0;0;0;0;0;0;0;0;0;2555;0;0;133;0;122;0;
22548;5689350;1262084096;33566720;1446670336;0;0;0;0;0;0;0;0;0;0;0;2594;0;0;133;0;122;0;
22549;3555999;1262084096;33566720;1446670336;0;0;0;0;0;0;0;0;0;0;0;3747;0;0;133;0;122;0;
22550;5531042;1262084096;33566720;1446670336;0;0;0;0;0;0;0;0;0;0;0;2795;0;0;133;0;122;0;
22551;4170100;1262084096;33566720;1446670336;0;0;0;0;0;0;0;0;0;0;0;3968;0;0;133;0;122;0;
22552;6066538;1262084096;33566720;1446670336;0;0;0;0;0;0;0;0;0;0;0;2905;0;0;133;0;122;0;
22553;3105935;1262084096;33566720;1446670336;0;0;0;0;0;0;0;0;0;0;0;3457;0;0;133;0;122;0;
22554;6720594;1262084096;33566720;1446670336;0;0;0;0;0;0;0;0;0;0;0;4037;0;0;133;0;122;0;
22555;3175094;1262084096;33566720;1446670336;0;0;0;0;0;0;0;0;0;0;0;2625;0;0;133;0;122;0;
22556;5817009;1262084096;33566720;1446670336;0;0;0;0;0;0;0;0;0;0;0;3526;0;0;133;0;122;0;
22557;4196029;1262084096;33566720;1446670336;0;0;0;0;0;0;0;0;0;0;0;3085;0;0;133;0;122;0;
22558;6577836;1262084096;33566720;1446670336;0;0;0;0;0;0;0;0;0;0;0;3597;0;0;133;0;122;0;
22559;3577620;1262084096;33566720;1446670336;0;0;0;0;0;0;0;0;0;0;0;3386;0;0;133;0;122;0;
22560;6302389;1262084096;33566720;1446670336;0;0;0;0;0;0;0;0;0;0;0;3055;0;0;133;0;122;0;
22561;4178216;1262084096;33566720;1446670336;0;0;0;0;0;0;0;0;0;0;0;3957;0;0;133;0;122;0;
22562;6101713;1262084096;33566720;1446670336;0;0;0;0;0;0;0;0;0;0;0;2404;0;0;133;0;122;0;
22563;3355783;1262084096;33566720;1446670336;0;0;0;0;0;0;0;0;0;0;0;3957;0;0;133;0;122;0;
22564;5281725;1262084096;33566720;1446670336;0;0;0;0;0;0;0;0;0;0;0;2935;0;0;133;0;122;0;
22565;4240072;1262084096;33566720;1446670336;0;0;0;0;0;0;0;0;0;0;0;3476;0;0;133;0;122;0;
22566;8002417;1262084096;33566720;1446670336;0;0;0;0;0;0;0;0;0;0;0;3326;0;0;133;0;122;0;
22567;2892465;1262084096;33566720;1446670336;0;0;0;0;0;0;0;0;0;0;0;3346;0;0;133;0;122;0;
22568;6785937;1262084096;33566720;1446670336;0;0;0;0;0;0;0;0;0;0;0;4499;0;0;133;0;122;0;
22569;4696066;1262084096;33566720;1446670336;0;0;0;0;0;0;0;0;0;0;0;3606;0;0;133;0;122;0;
22570;5550159;1262084096;33566720;1446670336;0;0;0;0;0;0;0;0;0;0;0;3196;0;0;133;0;122;0;
22571;4102393;1262084096;33566720;1446670336;0;0;0;0;0;0;0;0;0;0;0;3777;0;0;133;0;122;0;
22572;5674482;1262084096;33566720;1446670336;0;0;0;0;0;0;0;0;0;0;0;2705;0;0;133;0;122;0;
22573;4415360;1262084096;33566720;1446670336;0;0;0;0;0;0;0;0;0;0;0;4329;0;0;133;0;122;0;
22574;5167351;1262084096;33566720;1446670336;0;0;0;0;0;0;0;0;0;0;0;2584;0;0;133;0;122;0;
22575;4620144;1262084096;33566720;1446670336;0;0;0;0;0;0;0;0;0;0;0;3547;0;0;133;0;122;0;
22576;5377255;1262084096;33566720;1446670336;0;0;0;0;0;0;0;0;0;0;0;3837;0;0;133;0;122;0;
22577;3599390;1262084096;33566720;1446670336;0;0;0;0;0;0;0;0;0;0;0;3486;0;0;133;0;122;0;
22578;4875684;1262084096;33566720;1446670336;0;0;0;0;0;0;0;0;0;0;0;2625;0;0;133;0;122;0;
22579;4569700;1262084096;33566720;1446670336;0;0;0;0;0;0;0;0;0;0;0;3016;0;0;133;0;122;0;
22580;5958775;1262084096;33566720;1446670336;0;0;0;0;0;0;0;0;0;0;0;2635;0;0;133;0;122;0;
22581;4231145;1262084096;33566720;1446670336;0;0;0;0;0;0;0;0;0;0;0;3116;0;0;133;0;122;0;
22582;6371639;1262084096;33566720;1446670336;0;0;0;0;0;0;0;0;0;0;0;4248;0;0;133;0;122;0;
22583;4551976;1262084096;33566720;1446670336;0;0;0;0;0;0;0;0;0;0;0;3857;0;0;133;0;122;0;
22584;6163298;1262084096;33566720;1446670336;0;0;0;0;0;0;0;0;0;0;0;3286;0;0;133;0;122;0;
22585;4091232;1262084096;33566720;1446670336;0;0;0;0;0;0;0;0;0;0;0;3998;0;0;133;0;122;0;
22586;5688438;1262084096;33566720;1446670336;0;0;0;0;0;0;0;0;0;0;0;2594;0;0;133;0;122;0;
22587;4468841;1262084096;33566720;1446670336;0;0;0;0;0;0;0;0;0;0;0;3246;0;0;133;0;122;0;
22588;6347695;1262084096;33566720;1446670336;0;0;0;0;0;0;0;0;0;0;0;2424;0;0;133;0;122;0;
22589;4137880;1262084096;33566720;1446670336;0;0;0;0;0;0;0;0;0;0;0;3076;0;0;133;0;122;0;
22590;6884631;1262084096;33566720;1446670336;0;0;0;0;0;0;0;0;0;0;0;3226;0;0;133;0;122;0;
22591;4685367;1262084096;33566720;1446670336;0;0;0;0;0;0;0;0;0;0;0;2736;0;0;133;0;122;0;
22592;6276320;1262084096;33566720;1446670336;0;0;0;0;0;0;0;0;0;0;0;3366;0;0;133;0;122;0;
22593;3902770;1262084096;33566720;1446670336;0;0;0;0;0;0;0;0;0;0;0;2645;0;0;133;0;122;0;
22594;4831161;1262084096;33566720;1446670336;0;0;0;0;0;0;0;0;0;0;0;2164;0;0;133;0;122;0;
22595;5220831;1262084096;33566720;1446670336;0;0;0;0;0;0;0;0;0;0;0;3316;0;0;133;0;122;0;
22596;5703877;1262084096;33566720;1446670336;0;0;0;0;0;0;0;0;0;0;0;2114;0;0;133;0;122;0;
22597;3583992;1262084096;33566720;1446670336;0;0;0;0;0;0;0;0;0;0;0;3476;0;0;133;0;122;0;
22598;5421818;1262084096;33566720;1446670336;0;0;0;0;0;0;0;0;0;0;0;2384;0;0;133;0;122;0;
22599;3263620;1262084096;33566720;1446670336;0;0;0;0;0;0;0;0;0;0;0;2856;0;0;133;0;122;0;
22600;4683714;1262084096;33566720;1446670336;0;0;0;0;0;0;0;0;0;0;0;2074;0;0;133;0;122;0;
22601;4158779;1262084096;33566720;1446670336;0;0;0;0;0;0;0;0;0;0;0;2374;0;0;133;0;122;0;
22602;4542459;1262084096;33566720;1446670336;0;0;0;0;0;0;0;0;0;0;0;2114;0;0;133;0;122;0;
22603;4505840;1262084096;33566720;1446670336;0;0;0;0;0;0;0;0;0;0;0;2945;0;0;133;0;122;0;
22604;5151260;1262084096;33566720;1446670336;0;0;0;0;0;0;0;0;0;0;0;3337;0;0;133;0;122;0;
22605;3375080;1262084096;33566720;1446670336;0;0;0;0;0;0;0;0;0;0;0;2916;0;0;133;0;122;0;
22606;4961916;1262084096;33566720;1446670336;0;0;0;0;0;0;0;0;0;0;0;2325;0;0;133;0;122;0;
22607;4837522;1262084096;33566720;1446670336;0;0;0;0;0;0;0;0;0;0;0;2675;0;0;133;0;122;0;
22608;4630735;1262084096;33566720;1446670336;0;0;0;0;0;0;0;0;0;0;0;1764;0;0;133;0;122;0;
22609;5478845;1262084096;33566720;1446670336;0;0;0;0;0;0;0;0;0;0;0;3146;0;0;133;0;122;0;
22610;4594517;1262084096;33566720;1446670336;0;0;0;0;0;0;0;0;0;0;0;2315;0;0;133;0;122;0;
22611;5128217;1262084096;33566720;1446670336;0;0;0;0;0;0;0;0;0;0;0;2605;0;0;133;0;122;0;
22612;5637522;1262084096;33566720;1446670336;0;0;0;0;0;0;0;0;0;0;0;2003;0;0;133;0;122;0;
22613;3936673;1262084096;33566720;1446670336;0;0;0;0;0;0;0;0;0;0;0;2665;0;0;133;0;122;0;
22614;5032909;1262084096;33566720;1446670336;0;0;0;0;0;0;0;0;0;0;0;2074;0;0;133;0;122;0;
22615;4566253;1262084096;33566720;1446670336;0;0;0;0;0;0;0;0;0;0;0;3075;0;0;133;0;122;0;
22616;5761966;1262084096;33566720;1446670336;0;0;0;0;0;0;0;0;0;0;0;3226;0;0;133;0;122;0;
22617;3022458;1262084096;33566720;1446670336;0;0;0;0;0;0;0;0;0;0;0;2895;0;0;133;0;122;0;
22618;4893357;1262084096;33566720;1446670336;0;0;0;0;0;0;0;0;0;0;0;2765;0;0;133;0;122;0;
22619;5138326;1262084096;33566720;1446670336;0;0;0;0;0;0;0;0;0;0;0;2625;0;0;133;0;122;0;
22620;4639170;1262084096;33566720;1446670336;0;0;0;0;0;0;0;0;0;0;0;2455;0;0;133;0;122;0;
22621;3895426;1262084096;33566720;1446670336;0;0;0;0;0;0;0;0;0;0;0;3356;0;0;133;0;122;0;
22622;5244024;1262084096;33566720;1446670336;0;0;0;0;0;0;0;0;0;0;0;2665;0;0;133;0;122;0;
22623;5527686;1262084096;33566720;1446670336;0;0;0;0;0;0;0;0;0;0;0;4067;0;0;133;0;122;0;
22624;5653332;1262084096;33566720;1446670336;0;0;0;0;0;0;0;0;0;0;0;2595;0;0;133;0;122;0;
22625;3338701;1262084096;33566720;1446670336;0;0;0;0;0;0;0;0;0;0;0;2715;0;0;133;0;122;0;
22626;5977790;1262084096;33566720;1446670336;0;0;0;0;0;0;0;0;0;0;0;2775;0;0;133;0;122;0;
22627;3831194;1262084096;33566720;1446670336;0;0;0;0;0;0;0;0;0;0;0;3457;0;0;133;0;122;0;
22628;5472723;1262084096;33566720;1446670336;0;0;0;0;0;0;0;0;0;0;0;2124;0;0;133;0;122;0;
22629;4545765;1262084096;33566720;1446670336;0;0;0;0;0;0;0;0;0;0;0;2885;0;0;133;0;122;0;
22630;5330747;1262084096;33566720;1446670336;0;0;0;0;0;0;0;0;0;0;0;2164;0;0;133;0;122;0;
22631;5449911;1262084096;33566720;1446670336;0;0;0;0;0;0;0;0;0;0;0;5581;0;0;133;0;122;0;
22632;5321851;1262084096;33566720;1446670336;0;0;0;0;0;0;0;0;0;0;0;2275;0;0;133;0;122;0;
22633;3648232;1262084096;33566720;1446670336;0;0;0;0;0;0;0;0;0;0;0;2685;0;0;133;0;122;0;
22634;5293127;1262084096;33566720;1446670336;0;0;0;0;0;0;0;0;0;0;0;2545;0;0;133;0;122;0;
22635;4003779;1262084096;33566720;1446670336;0;0;0;0;0;0;0;0;0;0;0;2775;0;0;133;0;122;0;
22636;5445682;1262084096;33566720;1446670336;0;0;0;0;0;0;0;0;0;0;0;1934;0;0;133;0;122;0;
22637;4044725;1262084096;33566720;1446670336;0;0;0;0;0;0;0;0;0;0;0;2665;0;0;133;0;122;0;
22638;4600327;1262084096;33566720;1446670336;0;0;0;0;0;0;0;0;0;0;0;2534;0;0;133;0;122;0;
22639;3758619;1262084096;33566720;1446670336;0;0;0;0;0;0;0;0;0;0;0;2655;0;0;133;0;122;0;
22640;6270940;1262084096;33566720;1446670336;0;0;0;0;0;0;0;0;0;0;0;2755;0;0;133;0;122;0;
22641;3724144;1262084096;33566720;1446670336;0;0;0;0;0;0;0;0;0;0;0;2595;0;0;133;0;122;0;
22642;5875729;1262084096;33566720;1446670336;0;0;0;0;0;0;0;0;0;0;0;2415;0;0;133;0;122;0;
22643;3448758;1262084096;33566720;1446670336;0;0;0;0;0;0;0;0;0;0;0;2365;0;0;133;0;122;0;
22644;5482642;1262084096;33566720;1446670336;0;0;0;0;0;0;0;0;0;0;0;2044;0;0;133;0;122;0;
22645;4854685;1262084096;33566720;1446670336;0;0;0;0;0;0;0;0;0;0;0;3477;0;0;133;0;122;0;
22646;6008478;1262084096;33566720;1446670336;0;0;0;0;0;0;0;0;0;0;0;2195;0;0;133;0;122;0;
22647;3431576;1262084096;33566720;1446670336;0;0;0;0;0;0;0;0;0;0;0;2404;0;0;133;0;122;0;
22648;5944509;1262084096;33566720;1446670336;0;0;0;0;0;0;0;0;0;0;0;1963;0;0;133;0;122;0;
22649;3201694;1262084096;33566720;1446670336;0;0;0;0;0;0;0;0;0;0;0;2505;0;0;133;0;122;0;
22650;5494585;1262084096;33566720;1446670336;0;0;0;0;0;0;0;0;0;0;0;1884;0;0;133;0;122;0;
22651;4071656;1262084096;33566720;1446670336;0;0;0;0;0;0;0;0;0;0;0;2895;0;0;133;0;122;0;
22652;5139779;1262084096;33566720;1446670336;0;0;0;0;0;0;0;0;0;0;0;2154;0;0;133;0;122;0;
22653;3741106;1262084096;33566720;1446670336;0;0;0;0;0;0;0;0;0;0;0;2504;0;0;133;0;122;0;
22654;5452155;1262084096;33566720;1446670336;0;0;0;0;0;0;0;0;0;0;0;2184;0;0;133;0;122;0;
22655;3755543;1262084096;33566720;1446670336;0;0;0;0;0;0;0;0;0;0;0;2725;0;0;133;0;122;0;
22656;5533147;1262084096;33566720;1446670336;0;0;0;0;0;0;0;0;0;0;0;1953;0;0;133;0;122;0;
22657;4841089;1262084096;33566720;1446670336;0;0;0;0;0;0;0;0;0;0;0;2354;0;0;133;0;122;0;
22658;5835533;1262084096;33570816;1446674432;0;0;0;0;0;0;0;0;0;0;0;2785;0;0;133;0;122;0;
22659;6275760;1262084096;33574912;1446678528;0;0;0;0;0;0;0;0;0;0;0;2746;0;0;133;0;122;0;
22660;7824043;1262084096;33574912;1446678528;0;0;0;0;0;0;0;0;0;0;0;2104;0;0;133;0;122;0;
22661;4130897;1262084096;33574912;1446678528;0;0;0;0;0;0;0;0;0;0;0;3297;0;0;133;0;122;0;
22662;6100551;1262084096;33574912;1446678528;0;0;0;0;0;0;0;0;0;0;0;2234;0;0;133;0;122;0;
22663;4344257;1262084096;33574912;1446678528;0;0;0;0;0;0;0;0;0;0;0;3126;0;0;133;0;122;0;
22664;6872849;1262084096;33574912;1446678528;0;0;0;0;0;0;0;0;0;0;0;1943;0;0;133;0;122;0;
22665;4156795;1262084096;33566720;1446670336;0;0;0;0;0;0;0;0;0;0;0;3296;0;0;133;0;122;0;
22666;5418452;1262084096;33566720;1446670336;0;0;0;0;0;0;0;0;0;0;0;3196;0;0;133;0;122;0;
22667;4010080;1262084096;33566720;1446670336;0;0;0;0;0;0;0;0;0;0;0;3206;0;0;133;0;122;0;
22668;5637773;1262084096;33566720;1446670336;0;0;0;0;0;0;0;0;0;0;0;2435;0;0;133;0;122;0;
22669;3233725;1262084096;33566720;1446670336;0;0;0;0;0;0;0;0;0;0;0;2805;0;0;133;0;122;0;
22670;5389588;1262084096;33566720;1446670336;0;0;0;0;0;0;0;0;0;0;0;1993;0;0;133;0;122;0;
22671;3806208;1262084096;33566720;1446670336;0;0;0;0;0;0;0;0;0;0;0;3126;0;0;133;0;122;0;
22672;5498883;1262084096;33566720;1446670336;0;0;0;0;0;0;0;0;0;0;0;2345;0;0;133;0;122;0;
22673;3677447;1262084096;33566720;1446670336;0;0;0;0;0;0;0;0;0;0;0;3065;0;0;133;0;122;0;
22674;5094825;1262084096;33566720;1446670336;0;0;0;0;0;0;0;0;0;0;0;2374;0;0;133;0;122;0;
22675;3835593;1262084096;33566720;1446670336;0;0;0;0;0;0;0;0;0;0;0;2985;0;0;133;0;122;0;
22676;5204741;1262084096;33566720;1446670336;0;0;0;0;0;0;0;0;0;0;0;2305;0;0;133;0;122;0;
22677;3841454;1262084096;33566720;1446670336;0;0;0;0;0;0;0;0;0;0;0;2905;0;0;133;0;122;0;
22678;6254840;1262084096;33566720;1446670336;0;0;0;0;0;0;0;0;0;0;0;2335;0;0;133;0;122;0;
22679;4317857;1262084096;33566720;1446670336;0;0;0;0;0;0;0;0;0;0;0;3527;0;0;133;0;122;0;
22680;6468130;1262084096;33566720;1446670336;0;0;0;0;0;0;0;0;0;0;0;2825;0;0;133;0;122;0;
22681;3514912;1262084096;33566720;1446670336;0;0;0;0;0;0;0;0;0;0;0;2595;0;0;133;0;122;0;
22682;6691359;1262084096;33566720;1446670336;0;0;0;0;0;0;0;0;0;0;0;2766;0;0;133;0;122;0;
22683;4101963;1262084096;33566720;1446670336;0;0;0;0;0;0;0;0;0;0;0;2604;0;0;133;0;122;0;
22684;5694860;1262084096;33566720;1446670336;0;0;0;0;0;0;0;0;0;0;0;2165;0;0;133;0;122;0;
22685;3064578;1262084096;33566720;1446670336;0;0;0;0;0;0;0;0;0;0;0;2354;0;0;133;0;122;0;
22686;5373227;1262084096;33566720;1446670336;0;0;0;0;0;0;0;0;0;0;0;2284;0;0;133;0;122;0;
22687;4060385;1262084096;33566720;1446670336;0;0;0;0;0;0;0;0;0;0;0;2815;0;0;133;0;122;0;
22688;4441169;1262084096;33566720;1446670336;0;0;0;0;0;0;0;0;0;0;0;2114;0;0;133;0;122;0;
22689;4218582;1262084096;33566720;1446670336;0;0;0;0;0;0;0;0;0;0;0;3206;0;0;133;0;122;0;
22690;4930596;1262084096;33566720;1446670336;0;0;0;0;0;0;0;0;0;0;0;2404;0;0;133;0;122;0;
22691;3468515;1262084096;33566720;1446670336;0;0;0;0;0;0;0;0;0;0;0;2815;0;0;133;0;122;0;
22692;5920323;1262084096;33566720;1446670336;0;0;0;0;0;0;0;0;0;0;0;2093;0;0;133;0;122;0;
22693;3437497;1262084096;33566720;1446670336;0;0;0;0;0;0;0;0;0;0;0;3096;0;0;133;0;122;0;
22694;5185886;1262084096;33566720;1446670336;0;0;0;0;0;0;0;0;0;0;0;2214;0;0;133;0;122;0;
22695;4139052;1262084096;33566720;1446670336;0;0;0;0;0;0;0;0;0;0;0;2595;0;0;133;0;122;0;
22696;5341417;1262084096;33566720;1446670336;0;0;0;0;0;0;0;0;0;0;0;1923;0;0;133;0;122;0;
22697;4682332;1262084096;33566720;1446670336;0;0;0;0;0;0;0;0;0;0;0;2544;0;0;133;0;122;0;
22698;5159737;1262084096;33566720;1446670336;0;0;0;0;0;0;0;0;0;0;0;2304;0;0;133;0;122;0;
22699;3531633;1262084096;33566720;1446670336;0;0;0;0;0;0;0;0;0;0;0;2685;0;0;133;0;122;0;
22700;4841009;1262084096;33566720;1446670336;0;0;0;0;0;0;0;0;0;0;0;2114;0;0;133;0;122;0;
22701;4066406;1262084096;33566720;1446670336;0;0;0;0;0;0;0;0;0;0;0;3126;0;0;133;0;122;0;
22702;5620250;1262084096;33566720;1446670336;0;0;0;0;0;0;0;0;0;0;0;2615;0;0;133;0;122;0;
22703;3641760;1262084096;33566720;1446670336;0;0;0;0;0;0;0;0;0;0;0;3035;0;0;133;0;122;0;
22704;5913049;1262084096;33566720;1446670336;0;0;0;0;0;0;0;0;0;0;0;2444;0;0;133;0;122;0;
22705;5131273;1262084096;33566720;1446670336;0;0;0;0;0;0;0;0;0;0;0;5490;0;0;133;0;122;0;
22706;5394617;1262084096;33566720;1446670336;0;0;0;0;0;0;0;0;0;0;0;2544;0;0;133;0;122;0;
22707;4702900;1262084096;33566720;1446670336;0;0;0;0;0;0;0;0;0;0;0;4037;0;0;133;0;122;0;
22708;7860221;1262084096;33566720;1446670336;0;0;0;0;0;0;0;0;0;0;0;4398;0;0;133;0;122;0;
22709;6495431;1262084096;33566720;1446670336;0;0;0;0;0;0;0;0;0;0;0;4228;0;0;133;0;122;0;
22710;5801349;1262084096;33566720;1446670336;0;0;0;0;0;0;0;0;0;0;0;3206;0;0;133;0;122;0;
22711;6037963;1262084096;33566720;1446670336;0;0;0;0;0;0;0;0;0;0;0;3847;0;0;133;0;122;0;
22712;7765043;1262084096;33566720;1446670336;0;0;0;0;0;0;0;0;0;0;0;3316;0;0;133;0;122;0;
22713;5888684;1262084096;33566720;1446670336;0;0;0;0;0;0;0;0;0;0;0;3336;0;0;133;0;122;0;
22714;6892375;1262084096;33566720;1446670336;0;0;0;0;0;0;0;0;0;0;0;4107;0;0;133;0;122;0;
22715;7283389;1262084096;33566720;1446670336;0;0;0;0;0;0;0;0;0;0;0;4017;0;0;133;0;122;0;
22716;7808634;1262084096;33566720;1446670336;0;0;0;0;0;0;0;0;0;0;0;4248;0;0;133;0;122;0;
22717;5121545;1262084096;33566720;1446670336;0;0;0;0;0;0;0;0;0;0;0;3937;0;0;133;0;122;0;
22718;5878224;1262084096;33566720;1446670336;0;0;0;0;0;0;0;0;0;0;0;3005;0;0;133;0;122;0;
22719;4164651;1262084096;33566720;1446670336;0;0;0;0;0;0;0;0;0;0;0;3597;0;0;133;0;122;0;
22720;5926565;1262084096;33566720;1446670336;0;0;0;0;0;0;0;0;0;0;0;3576;0;0;133;0;122;0;
22721;3763668;1262084096;33566720;1446670336;0;0;0;0;0;0;0;0;0;0;0;3667;0;0;133;0;122;0;
22722;6168128;1262084096;33566720;1446670336;0;0;0;0;0;0;0;0;0;0;0;3686;0;0;133;0;122;0;
22723;4760688;1262084096;33566720;1446670336;0;0;0;0;0;0;0;0;0;0;0;3576;0;0;133;0;122;0;
22724;6250341;1262084096;33566720;1446670336;0;0;0;0;0;0;0;0;0;0;0;3045;0;0;133;0;122;0;
22725;4164520;1262084096;33566720;1446670336;0;0;0;0;0;0;0;0;0;0;0;2755;0;0;133;0;122;0;
22726;5486068;1262084096;33566720;1446670336;0;0;0;0;0;0;0;0;0;0;0;4058;0;0;133;0;122;0;
22727;4398589;1262084096;33566720;1446670336;0;0;0;0;0;0;0;0;0;0;0;4278;0;0;133;0;122;0;
22728;6970092;1262084096;33566720;1446670336;0;0;0;0;0;0;0;0;0;0;0;5059;0;0;133;0;122;0;
22729;5715559;1262084096;33566720;1446670336;0;0;0;0;0;0;0;0;0;0;0;5500;0;0;133;0;122;0;
22730;5681465;1262084096;33566720;1446670336;0;0;0;0;0;0;0;0;0;0;0;2765;0;0;133;0;122;0;
22731;4067959;1262084096;33566720;1446670336;0;0;0;0;0;0;0;0;0;0;0;4168;0;0;133;0;122;0;
22732;5274923;1262084096;33566720;1446670336;0;0;0;0;0;0;0;0;0;0;0;3076;0;0;133;0;122;0;
22733;4911421;1262084096;33566720;1446670336;0;0;0;0;0;0;0;0;0;0;0;3457;0;0;133;0;122;0;
22734;5167611;1262084096;33566720;1446670336;0;0;0;0;0;0;0;0;0;0;0;2746;0;0;133;0;122;0;
22735;4860886;1262084096;33566720;1446670336;0;0;0;0;0;0;0;0;0;0;0;4007;0;0;133;0;122;0;
22736;5066462;1262084096;33566720;1446670336;0;0;0;0;0;0;0;0;0;0;0;3006;0;0;133;0;122;0;
22737;4770176;1262084096;33566720;1446670336;0;0;0;0;0;0;0;0;0;0;0;3246;0;0;133;0;122;0;
22738;6598224;1262084096;33566720;1446670336;0;0;0;0;0;0;0;0;0;0;0;2535;0;0;133;0;122;0;
22739;4157827;1262084096;33566720;1446670336;0;0;0;0;0;0;0;0;0;0;0;4038;0;0;133;0;122;0;
22740;5407391;1262084096;33566720;1446670336;0;0;0;0;0;0;0;0;0;0;0;2735;0;0;133;0;122;0;
22741;5069106;1262084096;33566720;1446670336;0;0;0;0;0;0;0;0;0;0;0;2956;0;0;133;0;122;0;
22742;5532776;1262084096;33566720;1446670336;0;0;0;0;0;0;0;0;0;0;0;2796;0;0;133;0;122;0;
22743;3906236;1262084096;33566720;1446670336;0;0;0;0;0;0;0;0;0;0;0;3166;0;0;133;0;122;0;
22744;5678599;1262084096;33566720;1446670336;0;0;0;0;0;0;0;0;0;0;0;2384;0;0;133;0;122;0;
22745;4333678;1262084096;33566720;1446670336;0;0;0;0;0;0;0;0;0;0;0;3998;0;0;133;0;122;0;
22746;7073886;1262084096;33566720;1446670336;0;0;0;0;0;0;0;0;0;0;0;3877;0;0;133;0;122;0;
22747;5950439;1262084096;33566720;1446670336;0;0;0;0;0;0;0;0;0;0;0;3226;0;0;133;0;122;0;
22748;6011895;1262084096;33566720;1446670336;0;0;0;0;0;0;0;0;0;0;0;2936;0;0;133;0;122;0;
22749;3232582;1262084096;33566720;1446670336;0;0;0;0;0;0;0;0;0;0;0;2735;0;0;133;0;122;0;
22750;5531153;1262084096;33566720;1446670336;0;0;0;0;0;0;0;0;0;0;0;3376;0;0;133;0;122;0;
22751;3216462;1262084096;33566720;1446670336;0;0;0;0;0;0;0;0;0;0;0;5971;0;0;133;0;122;0;
22752;7017049;1262084096;33566720;1446670336;0;0;0;0;0;0;0;0;0;0;0;2585;0;0;133;0;122;0;
22753;3659313;1262084096;33566720;1446670336;0;0;0;0;0;0;0;0;0;0;0;2986;0;0;133;0;122;0;
22754;5693157;1262084096;33566720;1446670336;0;0;0;0;0;0;0;0;0;0;0;2394;0;0;133;0;122;0;
22755;5627023;1262084096;33566720;1446670336;0;0;0;0;0;0;0;0;0;0;0;3306;0;0;133;0;122;0;
22756;5830654;1262084096;33566720;1446670336;0;0;0;0;0;0;0;0;0;0;0;2424;0;0;133;0;122;0;
22757;4819729;1262084096;33566720;1446670336;0;0;0;0;0;0;0;0;0;0;0;3006;0;0;133;0;122;0;
22758;6439616;1262084096;33566720;1446670336;0;0;0;0;0;0;0;0;0;0;0;2354;0;0;133;0;122;0;
22759;4700696;1262084096;33566720;1446670336;0;0;0;0;0;0;0;0;0;0;0;2945;0;0;133;0;122;0;
22760;6579940;1262084096;33566720;1446670336;0;0;0;0;0;0;0;0;0;0;0;2414;0;0;133;0;122;0;
22761;4467609;1262084096;33566720;1446670336;0;0;0;0;0;0;0;0;0;0;0;4318;0;0;133;0;122;0;
22762;5632834;1262084096;33566720;1446670336;0;0;0;0;0;0;0;0;0;0;0;3407;0;0;133;0;122;0;
22763;4009530;1262084096;33566720;1446670336;0;0;0;0;0;0;0;0;0;0;0;2946;0;0;133;0;122;0;
22764;6005643;1262084096;33566720;1446670336;0;0;0;0;0;0;0;0;0;0;0;3346;0;0;133;0;122;0;
22765;3499724;1262084096;33566720;1446670336;0;0;0;0;0;0;0;0;0;0;0;3727;0;0;133;0;122;0;
22766;4942029;1262084096;33566720;1446670336;0;0;0;0;0;0;0;0;0;0;0;3526;0;0;133;0;122;0;
22767;4507424;1262084096;33566720;1446670336;0;0;0;0;0;0;0;0;0;0;0;3607;0;0;133;0;122;0;
22768;5646159;1262084096;33566720;1446670336;0;0;0;0;0;0;0;0;0;0;0;2404;0;0;133;0;122;0;
22769;3338511;1262084096;33566720;1446670336;0;0;0;0;0;0;0;0;0;0;0;2715;0;0;133;0;122;0;
22770;4930336;1262084096;33566720;1446670336;0;0;0;0;0;0;0;0;0;0;0;2304;0;0;133;0;122;0;
22771;3843829;1262084096;33566720;1446670336;0;0;0;0;0;0;0;0;0;0;0;2725;0;0;133;0;122;0;
22772;4459673;1262084096;33566720;1446670336;0;0;0;0;0;0;0;0;0;0;0;1764;0;0;133;0;122;0;
22773;4603463;1262084096;33566720;1446670336;0;0;0;0;0;0;0;0;0;0;0;3026;0;0;133;0;122;0;
22774;5349643;1262084096;33566720;1446670336;0;0;0;0;0;0;0;0;0;0;0;2124;0;0;133;0;122;0;
22775;4978206;1262084096;33566720;1446670336;0;0;0;0;0;0;0;0;0;0;0;3577;0;0;133;0;122;0;
22776;5071191;1262084096;33566720;1446670336;0;0;0;0;0;0;0;0;0;0;0;2725;0;0;133;0;122;0;
22777;6062058;1262084096;33566720;1446670336;0;0;0;0;0;0;0;0;0;0;0;3477;0;0;133;0;122;0;
22778;6000573;1262084096;33566720;1446670336;0;0;0;0;0;0;0;0;0;0;0;2535;0;0;133;0;122;0;
22779;4300395;1262084096;33566720;1446670336;0;0;0;0;0;0;0;0;0;0;0;2655;0;0;133;0;122;0;
22780;6247747;1262084096;33566720;1446670336;0;0;0;0;0;0;0;0;0;0;0;2335;0;0;133;0;122;0;
22781;4305835;1262084096;33566720;1446670336;0;0;0;0;0;0;0;0;0;0;0;3597;0;0;133;0;122;0;
22782;5615391;1262084096;33566720;1446670336;0;0;0;0;0;0;0;0;0;0;0;3055;0;0;133;0;122;0;
22783;3189651;1262084096;33566720;1446670336;0;0;0;0;0;0;0;0;0;0;0;3847;0;0;133;0;122;0;
22784;4859654;1262084096;33566720;1446670336;0;0;0;0;0;0;0;0;0;0;0;2685;0;0;133;0;122;0;
22785;4150644;1262084096;33566720;1446670336;0;0;0;0;0;0;0;0;0;0;0;3095;0;0;133;0;122;0;
22786;5741017;1262084096;33566720;1446670336;0;0;0;0;0;0;0;0;0;0;0;2695;0;0;133;0;122;0;
22787;3852655;1262084096;33566720;1446670336;0;0;0;0;0;0;0;0;0;0;0;3396;0;0;133;0;122;0;
22788;5917418;1262084096;33566720;1446670336;0;0;0;0;0;0;0;0;0;0;0;2234;0;0;133;0;122;0;
22789;4788911;1262084096;33566720;1446670336;0;0;0;0;0;0;0;0;0;0;0;4849;0;0;133;0;122;0;
22790;6689625;1262084096;33566720;1446670336;0;0;0;0;0;0;0;0;0;0;0;2946;0;0;133;0;122;0;
22791;3959215;1262084096;33566720;1446670336;0;0;0;0;0;0;0;0;0;0;0;4118;0;0;133;0;122;0;
22792;7290352;1262084096;33566720;1446670336;0;0;0;0;0;0;0;0;0;0;0;3015;0;0;133;0;122;0;
22793;4406164;1262084096;33566720;1446670336;0;0;0;0;0;0;0;0;0;0;0;3807;0;0;133;0;122;0;
22794;6637628;1262084096;33566720;1446670336;0;0;0;0;0;0;0;0;0;0;0;4359;0;0;133;0;122;0;
22795;3306581;1262084096;33566720;1446670336;0;0;0;0;0;0;0;0;0;0;0;2996;0;0;133;0;122;0;
22796;6137640;1262084096;33566720;1446670336;0;0;0;0;0;0;0;0;0;0;0;2094;0;0;133;0;122;0;
22797;3317391;1262084096;33566720;1446670336;0;0;0;0;0;0;0;0;0;0;0;3417;0;0;133;0;122;0;
22798;5680593;1262084096;33566720;1446670336;0;0;0;0;0;0;0;0;0;0;0;3637;0;0;133;0;122;0;
22799;3881489;1262084096;33566720;1446670336;0;0;0;0;0;0;0;0;0;0;0;2796;0;0;133;0;122;0;
22800;6784674;1262084096;33566720;1446670336;0;0;0;0;0;0;0;0;0;0;0;3907;0;0;133;0;122;0;
22801;5612847;1262084096;33566720;1446670336;0;0;0;0;0;0;0;0;0;0;0;4028;0;0;133;0;122;0;
22802;6362041;1262084096;33566720;1446670336;0;0;0;0;0;0;0;0;0;0;0;3757;0;0;133;0;122;0;
22803;5397643;1262084096;33566720;1446670336;0;0;0;0;0;0;0;0;0;0;0;3266;0;0;133;0;122;0;
22804;5906286;1262084096;33566720;1446670336;0;0;0;0;0;0;0;0;0;0;0;4379;0;0;133;0;122;0;
22805;3730376;1262084096;33566720;1446670336;0;0;0;0;0;0;0;0;0;0;0;3076;0;0;133;0;122;0;
22806;6106813;1262084096;33566720;1446670336;0;0;0;0;0;0;0;0;0;0;0;3737;0;0;133;0;122;0;
22807;4968618;1262084096;33566720;1446670336;0;0;0;0;0;0;0;0;0;0;0;4027;0;0;133;0;122;0;
22808;6036421;1262084096;33566720;1446670336;0;0;0;0;0;0;0;0;0;0;0;2965;0;0;133;0;122;0;
22809;4306306;1262084096;33566720;1446670336;0;0;0;0;0;0;0;0;0;0;0;3005;0;0;133;0;122;0;
22810;6049175;1262084096;33566720;1446670336;0;0;0;0;0;0;0;0;0;0;0;3056;0;0;133;0;122;0;
22811;3963984;1262084096;33566720;1446670336;0;0;0;0;0;0;0;0;0;0;0;4058;0;0;133;0;122;0;
22812;5645297;1262084096;33566720;1446670336;0;0;0;0;0;0;0;0;0;0;0;3005;0;0;133;0;122;0;
22813;4963859;1262084096;33566720;1446670336;0;0;0;0;0;0;0;0;0;0;0;3837;0;0;133;0;122;0;
22814;6511371;1262084096;33566720;1446670336;0;0;0;0;0;0;0;0;0;0;0;2935;0;0;133;0;122;0;
22815;3513890;1262084096;33566720;1446670336;0;0;0;0;0;0;0;0;0;0;0;4047;0;0;133;0;122;0;
22816;5831066;1262084096;33566720;1446670336;0;0;0;0;0;0;0;0;0;0;0;2285;0;0;133;0;122;0;
22817;4703150;1262084096;33566720;1446670336;0;0;0;0;0;0;0;0;0;0;0;3266;0;0;133;0;122;0;
22818;5741037;1262084096;33566720;1446670336;0;0;0;0;0;0;0;0;0;0;0;2875;0;0;133;0;122;0;
22819;5208398;1262084096;33566720;1446670336;0;0;0;0;0;0;0;0;0;0;0;3456;0;0;133;0;122;0;
22820;5869638;1262084096;33566720;1446670336;0;0;0;0;0;0;0;0;0;0;0;2244;0;0;133;0;122;0;
22821;4281460;1262084096;33566720;1446670336;0;0;0;0;0;0;0;0;0;0;0;2975;0;0;133;0;122;0;
22822;6026592;1262084096;33566720;1446670336;0;0;0;0;0;0;0;0;0;0;0;2285;0;0;133;0;122;0;
22823;3857344;1262084096;33566720;1446670336;0;0;0;0;0;0;0;0;0;0;0;2886;0;0;133;0;122;0;
22824;5913890;1262084096;33566720;1446670336;0;0;0;0;0;0;0;0;0;0;0;2635;0;0;133;0;122;0;
22825;4210527;1262084096;33566720;1446670336;0;0;0;0;0;0;0;0;0;0;0;3226;0;0;133;0;122;0;
22826;7180797;1262084096;33566720;1446670336;0;0;0;0;0;0;0;0;0;0;0;3677;0;0;133;0;122;0;
22827;4079722;1262084096;33566720;1446670336;0;0;0;0;0;0;0;0;0;0;0;3457;0;0;133;0;122;0;
22828;6680950;1262084096;33566720;1446670336;0;0;0;0;0;0;0;0;0;0;0;3988;0;0;133;0;122;0;
22829;4004931;1262084096;33566720;1446670336;0;0;0;0;0;0;0;0;0;0;0;4368;0;0;133;0;122;0;
22830;6018587;1262084096;33566720;1446670336;0;0;0;0;0;0;0;0;0;0;0;3507;0;0;133;0;122;0;
22831;3415516;1262084096;33566720;1446670336;0;0;0;0;0;0;0;0;0;0;0;4639;0;0;133;0;122;0;
22832;6302330;1262084096;33566720;1446670336;0;0;0;0;0;0;0;0;0;0;0;2915;0;0;133;0;122;0;
22833;3516124;1262084096;33566720;1446670336;0;0;0;0;0;0;0;0;0;0;0;3967;0;0;133;0;122;0;
22834;6839286;1262084096;33566720;1446670336;0;0;0;0;0;0;0;0;0;0;0;3898;0;0;133;0;122;0;
22835;3909852;1262084096;33566720;1446670336;0;0;0;0;0;0;0;0;0;0;0;3687;0;0;133;0;122;0;
22836;5246770;1262084096;33566720;1446670336;0;0;0;0;0;0;0;0;0;0;0;2795;0;0;133;0;122;0;
22837;3313314;1262084096;33566720;1446670336;0;0;0;0;0;0;0;0;0;0;0;4578;0;0;133;0;122;0;
22838;5951451;1262084096;33566720;1446670336;0;0;0;0;0;0;0;0;0;0;0;2736;0;0;133;0;122;0;
22839;5189231;1262084096;33566720;1446670336;0;0;0;0;0;0;0;0;0;0;0;3436;0;0;133;0;122;0;
22840;6662084;1262084096;33566720;1446670336;0;0;0;0;0;0;0;0;0;0;0;3015;0;0;133;0;122;0;
22841;3331558;1262084096;33566720;1446670336;0;0;0;0;0;0;0;0;0;0;0;4388;0;0;133;0;122;0;
22842;7170898;1262084096;33566720;1446670336;0;0;0;0;0;0;0;0;0;0;0;4519;0;0;133;0;122;0;
22843;5029693;1262084096;33566720;1446670336;0;0;0;0;0;0;0;0;0;0;0;3346;0;0;133;0;122;0;
22844;7740767;1262084096;33566720;1446670336;0;0;0;0;0;0;0;0;0;0;0;4559;0;0;133;0;122;0;
22845;3854909;1262084096;33566720;1446670336;0;0;0;0;0;0;0;0;0;0;0;3076;0;0;133;0;122;0;
22846;8286451;1262084096;33566720;1446670336;0;0;0;0;0;0;0;0;0;0;0;3907;0;0;133;0;122;0;
22847;4983796;1262084096;33566720;1446670336;0;0;0;0;0;0;0;0;0;0;0;3737;0;0;133;0;122;0;
22848;7592960;1262084096;33566720;1446670336;0;0;0;0;0;0;0;0;0;0;0;4057;0;0;133;0;122;0;
22849;6289235;1262084096;33566720;1446670336;0;0;0;0;0;0;0;0;0;0;0;4248;0;0;133;0;122;0;
22850;9845303;1262084096;33566720;1446670336;0;0;0;0;0;0;0;0;0;0;0;3857;0;0;133;0;122;0;
22851;12980373;1262084096;33566720;1446670336;0;0;0;0;0;0;0;0;0;0;0;3276;0;0;133;0;122;0;
22852;6778222;1262084096;33566720;1446670336;0;0;0;0;0;0;0;0;0;0;0;2915;0;0;133;0;122;0;
22853;5734014;1262084096;33566720;1446670336;0;0;0;0;0;0;0;0;0;0;0;3907;0;0;133;0;122;0;
22854;6577986;1262084096;33566720;1446670336;0;0;0;0;0;0;0;0;0;0;0;4058;0;0;133;0;122;0;
22855;4325031;1262084096;33566720;1446670336;0;0;0;0;0;0;0;0;0;0;0;5490;0;0;133;0;122;0;
22856;6370627;1262084096;33566720;1446670336;0;0;0;0;0;0;0;0;0;0;0;3456;0;0;133;0;122;0;
22857;4494749;1262084096;33566720;1446670336;0;0;0;0;0;0;0;0;0;0;0;3277;0;0;133;0;122;0;
22858;6396166;1262084096;33566720;1446670336;0;0;0;0;0;0;0;0;0;0;0;2976;0;0;133;0;122;0;
22859;3407570;1262084096;33566720;1446670336;0;0;0;0;0;0;0;0;0;0;0;3477;0;0;133;0;122;0;
22860;5707012;1262084096;33566720;1446670336;0;0;0;0;0;0;0;0;0;0;0;3266;0;0;133;0;122;0;
22861;4236885;1262084096;33566720;1446670336;0;0;0;0;0;0;0;0;0;0;0;3346;0;0;133;0;122;0;
22862;6530427;1262084096;33566720;1446670336;0;0;0;0;0;0;0;0;0;0;0;4157;0;0;133;0;122;0;
22863;4078679;1262084096;33566720;1446670336;0;0;0;0;0;0;0;0;0;0;0;4899;0;0;133;0;122;0;
22864;6444265;1262084096;33566720;1446670336;0;0;0;0;0;0;0;0;0;0;0;4989;0;0;133;0;122;0;
22865;3745905;1262084096;33566720;1446670336;0;0;0;0;0;0;0;0;0;0;0;2595;0;0;133;0;122;0;
22866;6204416;1262084096;33566720;1446670336;0;0;0;0;0;0;0;0;0;0;0;4308;0;0;133;0;122;0;
22867;3843538;1262084096;33566720;1446670336;0;0;0;0;0;0;0;0;0;0;0;3466;0;0;133;0;122;0;
22868;6238770;1262084096;33566720;1446670336;0;0;0;0;0;0;0;0;0;0;0;10009;0;0;133;0;122;0;
22869;4967216;1262084096;33566720;1446670336;0;0;0;0;0;0;0;0;0;0;0;3767;0;0;133;0;122;0;
22870;5963594;1262084096;33566720;1446670336;0;0;0;0;0;0;0;0;0;0;0;5691;0;0;133;0;122;0;
22871;4397317;1262084096;33566720;1446670336;0;0;0;0;0;0;0;0;0;0;0;3346;0;0;133;0;122;0;
22872;5489645;1262084096;33566720;1446670336;0;0;0;0;0;0;0;0;0;0;0;2575;0;0;133;0;122;0;
22873;4370446;1262084096;33566720;1446670336;0;0;0;0;0;0;0;0;0;0;0;3547;0;0;133;0;122;0;
22874;6469844;1262084096;33566720;1446670336;0;0;0;0;0;0;0;0;0;0;0;3046;0;0;133;0;122;0;
22875;4081194;1262084096;33566720;1446670336;0;0;0;0;0;0;0;0;0;0;0;3297;0;0;133;0;122;0;
22876;5952273;1262084096;33566720;1446670336;0;0;0;0;0;0;0;0;0;0;0;4809;0;0;133;0;122;0;
22877;5496748;1262084096;33566720;1446670336;0;0;0;0;0;0;0;0;0;0;0;3627;0;0;133;0;122;0;
22878;6760017;1262084096;33566720;1446670336;0;0;0;0;0;0;0;0;0;0;0;3596;0;0;133;0;122;0;
22879;4559090;1262084096;33566720;1446670336;0;0;0;0;0;0;0;0;0;0;0;3987;0;0;133;0;122;0;
22880;6435018;1262084096;33566720;1446670336;0;0;0;0;0;0;0;0;0;0;0;3256;0;0;133;0;122;0;
22881;4542168;1262084096;33566720;1446670336;0;0;0;0;0;0;0;0;0;0;0;3416;0;0;133;0;122;0;
22882;6623672;1262084096;33566720;1446670336;0;0;0;0;0;0;0;0;0;0;0;3036;0;0;133;0;122;0;
22883;4779012;1262084096;33566720;1446670336;0;0;0;0;0;0;0;0;0;0;0;3576;0;0;133;0;122;0;
22884;6586743;1262084096;33566720;1446670336;0;0;0;0;0;0;0;0;0;0;0;2956;0;0;133;0;122;0;
22885;4327155;1262084096;33566720;1446670336;0;0;0;0;0;0;0;0;0;0;0;2945;0;0;133;0;122;0;
22886;6103827;1262084096;33566720;1446670336;0;0;0;0;0;0;0;0;0;0;0;2425;0;0;133;0;122;0;
22887;4408057;1262084096;33566720;1446670336;0;0;0;0;0;0;0;0;0;0;0;3967;0;0;133;0;122;0;
22888;5247531;1262084096;33566720;1446670336;0;0;0;0;0;0;0;0;0;0;0;2905;0;0;133;0;122;0;
22889;3724735;1262084096;33566720;1446670336;0;0;0;0;0;0;0;0;0;0;0;3486;0;0;133;0;122;0;
22890;5624178;1262084096;33566720;1446670336;0;0;0;0;0;0;0;0;0;0;0;4599;0;0;133;0;122;0;
22891;3594501;1262084096;33566720;1446670336;0;0;0;0;0;0;0;0;0;0;0;4218;0;0;133;0;122;0;
22892;5420906;1262084096;33566720;1446670336;0;0;0;0;0;0;0;0;0;0;0;2915;0;0;133;0;122;0;
22893;3793745;1262084096;33566720;1446670336;0;0;0;0;0;0;0;0;0;0;0;4579;0;0;133;0;122;0;
22894;5827739;1262084096;33566720;1446670336;0;0;0;0;0;0;0;0;0;0;0;3717;0;0;133;0;122;0;
22895;3872021;1262084096;33566720;1446670336;0;0;0;0;0;0;0;0;0;0;0;4278;0;0;133;0;122;0;
22896;7098062;1262084096;33566720;1446670336;0;0;0;0;0;0;0;0;0;0;0;3216;0;0;133;0;122;0;
22897;3699317;1262084096;33566720;1446670336;0;0;0;0;0;0;0;0;0;0;0;3997;0;0;133;0;122;0;
22898;6085893;1262084096;33566720;1446670336;0;0;0;0;0;0;0;0;0;0;0;3597;0;0;133;0;122;0;
22899;4747683;1262084096;33566720;1446670336;0;0;0;0;0;0;0;0;0;0;0;4308;0;0;133;0;122;0;
22900;5645608;1262084096;33566720;1446670336;0;0;0;0;0;0;0;0;0;0;0;3005;0;0;133;0;122;0;
22901;4255431;1262084096;33566720;1446670336;0;0;0;0;0;0;0;0;0;0;0;3416;0;0;133;0;122;0;
22902;5926935;1262084096;33566720;1446670336;0;0;0;0;0;0;0;0;0;0;0;3016;0;0;133;0;122;0;
22903;5508160;1262084096;33566720;1446670336;0;0;0;0;0;0;0;0;0;0;0;3056;0;0;133;0;122;0;
22904;5513019;1262084096;33566720;1446670336;0;0;0;0;0;0;0;0;0;0;0;2304;0;0;133;0;122;0;
22905;4590619;1262084096;33566720;1446670336;0;0;0;0;0;0;0;0;0;0;0;3086;0;0;133;0;122;0;
22906;6431442;1262084096;33566720;1446670336;0;0;0;0;0;0;0;0;0;0;0;4088;0;0;133;0;122;0;
22907;3824011;1262084096;33566720;1446670336;0;0;0;0;0;0;0;0;0;0;0;2746;0;0;133;0;122;0;
22908;6833576;1262084096;33566720;1446670336;0;0;0;0;0;0;0;0;0;0;0;4148;0;0;133;0;122;0;
22909;4564961;1262084096;33566720;1446670336;0;0;0;0;0;0;0;0;0;0;0;3957;0;0;133;0;122;0;
22910;6108445;1262084096;33566720;1446670336;0;0;0;0;0;0;0;0;0;0;0;3917;0;0;133;0;122;0;
22911;4347644;1262084096;33566720;1446670336;0;0;0;0;0;0;0;0;0;0;0;3467;0;0;133;0;122;0;
22912;6123143;1262084096;33566720;1446670336;0;0;0;0;0;0;0;0;0;0;0;3797;0;0;133;0;122;0;
22913;6678976;1262084096;33566720;1446670336;0;0;0;0;0;0;0;0;0;0;0;3095;0;0;133;0;122;0;
22914;5525472;1262084096;33566720;1446670336;0;0;0;0;0;0;0;0;0;0;0;2885;0;0;133;0;122;0;
22915;5720017;1262084096;33566720;1446670336;0;0;0;0;0;0;0;0;0;0;0;3807;0;0;133;0;122;0;
22916;7155379;1262084096;33566720;1446670336;0;0;0;0;0;0;0;0;0;0;0;3677;0;0;133;0;122;0;
22917;3826055;1262084096;33566720;1446670336;0;0;0;0;0;0;0;0;0;0;0;3847;0;0;133;0;122;0;
22918;6326975;1262084096;33566720;1446670336;0;0;0;0;0;0;0;0;0;0;0;3136;0;0;133;0;122;0;
22919;4330732;1262084096;33566720;1446670336;0;0;0;0;0;0;0;0;0;0;0;3316;0;0;133;0;122;0;
22920;5836616;1262084096;33566720;1446670336;0;0;0;0;0;0;0;0;0;0;0;4158;0;0;133;0;122;0;
22921;4822494;1262084096;33566720;1446670336;0;0;0;0;0;0;0;0;0;0;0;3707;0;0;133;0;122;0;
22922;6931819;1262084096;33566720;1446670336;0;0;0;0;0;0;0;0;0;0;0;4428;0;0;133;0;122;0;
22923;4328818;1262084096;33566720;1446670336;0;0;0;0;0;0;0;0;0;0;0;3046;0;0;133;0;122;0;
22924;6739680;1262084096;33566720;1446670336;0;0;0;0;0;0;0;0;0;0;0;2926;0;0;133;0;122;0;
22925;4955654;1262084096;33566720;1446670336;0;0;0;0;0;0;0;0;0;0;0;4218;0;0;133;0;122;0;
22926;6840959;1262084096;33566720;1446670336;0;0;0;0;0;0;0;0;0;0;0;2745;0;0;133;0;122;0;
22927;4066696;1262084096;33566720;1446670336;0;0;0;0;0;0;0;0;0;0;0;3527;0;0;133;0;122;0;
22928;5990815;1262084096;33566720;1446670336;0;0;0;0;0;0;0;0;0;0;0;3837;0;0;133;0;122;0;
22929;3723012;1262084096;33566720;1446670336;0;0;0;0;0;0;0;0;0;0;0;3106;0;0;133;0;122;0;
22930;6234532;1262084096;33566720;1446670336;0;0;0;0;0;0;0;0;0;0;0;3838;0;0;133;0;122;0;
22931;3038328;1262084096;33566720;1446670336;0;0;0;0;0;0;0;0;0;0;0;3617;0;0;133;0;122;0;
22932;7063807;1262084096;33566720;1446670336;0;0;0;0;0;0;0;0;0;0;0;3596;0;0;133;0;122;0;
22933;4179949;1262084096;33566720;1446670336;0;0;0;0;0;0;0;0;0;0;0;2965;0;0;133;0;122;0;
22934;6898347;1262084096;33566720;1446670336;0;0;0;0;0;0;0;0;0;0;0;35206;0;0;133;0;122;0;
22935;3906747;1262084096;33566720;1446670336;0;0;0;0;0;0;0;0;0;0;0;3396;0;0;133;0;122;0;
22936;6991131;1262084096;33566720;1446670336;0;0;0;0;0;0;0;0;0;0;0;3717;0;0;133;0;122;0;
22937;3225329;1262084096;33566720;1446670336;0;0;0;0;0;0;0;0;0;0;0;4408;0;0;133;0;122;0;
22938;7321581;1262084096;33566720;1446670336;0;0;0;0;0;0;0;0;0;0;0;4549;0;0;133;0;122;0;
22939;3908089;1262084096;33566720;1446670336;0;0;0;0;0;0;0;0;0;0;0;4299;0;0;133;0;122;0;
22940;6797208;1262084096;33566720;1446670336;0;0;0;0;0;0;0;0;0;0;0;3316;0;0;133;0;122;0;
22941;3961529;1262084096;33566720;1446670336;0;0;0;0;0;0;0;0;0;0;0;5240;0;0;133;0;122;0;
22942;6733939;1262084096;33566720;1446670336;0;0;0;0;0;0;0;0;0;0;0;3476;0;0;133;0;122;0;
22943;5543566;1262084096;33566720;1446670336;0;0;0;0;0;0;0;0;0;0;0;3727;0;0;133;0;122;0;
22944;6797729;1262084096;33566720;1446670336;0;0;0;0;0;0;0;0;0;0;0;3947;0;0;133;0;122;0;
22945;5321930;1262084096;33566720;1446670336;0;0;0;0;0;0;0;0;0;0;0;4528;0;0;133;0;122;0;
22946;7055602;1262084096;33566720;1446670336;0;0;0;0;0;0;0;0;0;0;0;4148;0;0;133;0;122;0;
22947;4545975;1262084096;33566720;1446670336;0;0;0;0;0;0;0;0;0;0;0;3747;0;0;133;0;122;0;
22948;7061192;1262084096;33566720;1446670336;0;0;0;0;0;0;0;0;0;0;0;4148;0;0;133;0;122;0;
22949;5346707;1262084096;33566720;1446670336;0;0;0;0;0;0;0;0;0;0;0;4107;0;0;133;0;122;0;
22950;5638845;1262084096;33566720;1446670336;0;0;0;0;0;0;0;0;0;0;0;4057;0;0;133;0;122;0;
22951;4379934;1262084096;33566720;1446670336;0;0;0;0;0;0;0;0;0;0;0;3817;0;0;133;0;122;0;
22952;7583352;1262084096;33566720;1446670336;0;0;0;0;0;0;0;0;0;0;0;3527;0;0;133;0;122;0;
22953;4405041;1262084096;33566720;1446670336;0;0;0;0;0;0;0;0;0;0;0;2705;0;0;133;0;122;0;
22954;6255011;1262084096;33566720;1446670336;0;0;0;0;0;0;0;0;0;0;0;4699;0;0;133;0;122;0;
22955;6073340;1262084096;33566720;1446670336;0;0;0;0;0;0;0;0;0;0;0;4168;0;0;133;0;122;0;
22956;6503677;1262084096;33566720;1446670336;0;0;0;0;0;0;0;0;0;0;0;2835;0;0;133;0;122;0;
22957;4746882;1262084096;33566720;1446670336;0;0;0;0;0;0;0;0;0;0;0;3486;0;0;133;0;122;0;
22958;6757513;1262084096;33566720;1446670336;0;0;0;0;0;0;0;0;0;0;0;2845;0;0;133;0;122;0;
22959;4050957;1262084096;33566720;1446670336;0;0;0;0;0;0;0;0;0;0;0;3426;0;0;133;0;122;0;
22960;6611930;1262084096;33566720;1446670336;0;0;0;0;0;0;0;0;0;0;0;4649;0;0;133;0;122;0;
22961;3483663;1262084096;33566720;1446670336;0;0;0;0;0;0;0;0;0;0;0;3787;0;0;133;0;122;0;
22962;6060837;1262084096;33566720;1446670336;0;0;0;0;0;0;0;0;0;0;0;3687;0;0;133;0;122;0;
22963;3064236;1262084096;33566720;1446670336;0;0;0;0;0;0;0;0;0;0;0;4077;0;0;133;0;122;0;
22964;6109718;1262084096;33566720;1446670336;0;0;0;0;0;0;0;0;0;0;0;3266;0;0;133;0;122;0;
22965;3435002;1262084096;33566720;1446670336;0;0;0;0;0;0;0;0;0;0;0;3877;0;0;133;0;122;0;
22966;5370302;1262084096;33566720;1446670336;0;0;0;0;0;0;0;0;0;0;0;3367;0;0;133;0;122;0;
22967;3331978;1262084096;33566720;1446670336;0;0;0;0;0;0;0;0;0;0;0;3346;0;0;133;0;122;0;
22968;6190680;1262084096;33566720;1446670336;0;0;0;0;0;0;0;0;0;0;0;4268;0;0;133;0;122;0;
22969;4014930;1262084096;33566720;1446670336;0;0;0;0;0;0;0;0;0;0;0;3016;0;0;133;0;122;0;
22970;5756256;1262084096;33566720;1446670336;0;0;0;0;0;0;0;0;0;0;0;3918;0;0;133;0;122;0;
22971;3595583;1262084096;33566720;1446670336;0;0;0;0;0;0;0;0;0;0;0;3437;0;0;133;0;122;0;
22972;6228531;1262084096;33566720;1446670336;0;0;0;0;0;0;0;0;0;0;0;3507;0;0;133;0;122;0;
22973;3634055;1262084096;33566720;1446670336;0;0;0;0;0;0;0;0;0;0;0;2826;0;0;133;0;122;0;
22974;6200638;1262084096;33566720;1446670336;0;0;0;0;0;0;0;0;0;0;0;4589;0;0;133;0;122;0;
22975;3267327;1262084096;33566720;1446670336;0;0;0;0;0;0;0;0;0;0;0;2975;0;0;133;0;122;0;
22976;6653878;1262084096;33566720;1446670336;0;0;0;0;0;0;0;0;0;0;0;4959;0;0;133;0;122;0;
22977;3511415;1262084096;33566720;1446670336;0;0;0;0;0;0;0;0;0;0;0;4258;0;0;133;0;122;0;
22978;6497866;1262084096;33566720;1446670336;0;0;0;0;0;0;0;0;0;0;0;3627;0;0;133;0;122;0;
22979;3997136;1262084096;33566720;1446670336;0;0;0;0;0;0;0;0;0;0;0;3516;0;0;133;0;122;0;
22980;5781652;1262084096;33566720;1446670336;0;0;0;0;0;0;0;0;0;0;0;3316;0;0;133;0;122;0;
22981;3866611;1262084096;33566720;1446670336;0;0;0;0;0;0;0;0;0;0;0;3426;0;0;133;0;122;0;
22982;5904203;1262084096;33566720;1446670336;0;0;0;0;0;0;0;0;0;0;0;3827;0;0;133;0;122;0;
22983;4034947;1262084096;33566720;1446670336;0;0;0;0;0;0;0;0;0;0;0;4318;0;0;133;0;122;0;
22984;5953665;1262084096;33566720;1446670336;0;0;0;0;0;0;0;0;0;0;0;3286;0;0;133;0;122;0;
22985;4362491;1262084096;33566720;1446670336;0;0;0;0;0;0;0;0;0;0;0;2956;0;0;133;0;122;0;
22986;6643028;1262084096;33566720;1446670336;0;0;0;0;0;0;0;0;0;0;0;3296;0;0;133;0;122;0;
22987;3620610;1262084096;33566720;1446670336;0;0;0;0;0;0;0;0;0;0;0;4298;0;0;133;0;122;0;
22988;7405788;1262084096;33566720;1446670336;0;0;0;0;0;0;0;0;0;0;0;4318;0;0;133;0;122;0;
22989;3195282;1262084096;33566720;1446670336;0;0;0;0;0;0;0;0;0;0;0;4388;0;0;133;0;122;0;
22990;6112443;1262084096;33566720;1446670336;0;0;0;0;0;0;0;0;0;0;0;3536;0;0;133;0;122;0;
22991;3650316;1262084096;33566720;1446670336;0;0;0;0;0;0;0;0;0;0;0;3226;0;0;133;0;122;0;
22992;7007411;1262084096;33566720;1446670336;0;0;0;0;0;0;0;0;0;0;0;3447;0;0;133;0;122;0;
22993;4268405;1262084096;33566720;1446670336;0;0;0;0;0;0;0;0;0;0;0;3106;0;0;133;0;122;0;
22994;6757182;1262084096;33566720;1446670336;0;0;0;0;0;0;0;0;0;0;0;5049;0;0;133;0;122;0;
22995;4103436;1262084096;33566720;1446670336;0;0;0;0;0;0;0;0;0;0;0;3797;0;0;133;0;122;0;
22996;6414109;1262084096;33566720;1446670336;0;0;0;0;0;0;0;0;0;0;0;3637;0;0;133;0;122;0;
22997;3898030;1262084096;33566720;1446670336;0;0;0;0;0;0;0;0;0;0;0;3256;0;0;133;0;122;0;
22998;6632118;1262084096;33566720;1446670336;0;0;0;0;0;0;0;0;0;0;0;5610;0;0;133;0;122;0;
22999;3429772;1262084096;33566720;1446670336;0;0;0;0;0;0;0;0;0;0;0;3998;0;0;133;0;122;0;
23000;7132386;1262084096;33566720;1446670336;0;0;0;0;0;0;0;0;0;0;0;3847;0;0;133;0;122;0;
23001;3630809;1262084096;33566720;1446670336;0;0;0;0;0;0;0;0;0;0;0;3447;0;0;133;0;122;0;
23002;7073395;1262084096;33566720;1446670336;0;0;0;0;0;0;0;0;0;0;0;4228;0;0;133;0;122;0;
23003;3332109;1262084096;33566720;1446670336;0;0;0;0;0;0;0;0;0;0;0;3356;0;0;133;0;122;0;
23004;6446610;1262084096;33566720;1446670336;0;0;0;0;0;0;0;0;0;0;0;4679;0;0;133;0;122;0;
23005;3758409;1262084096;33566720;1446670336;0;0;0;0;0;0;0;0;0;0;0;3797;0;0;133;0;122;0;
23006;6690768;1262084096;33566720;1446670336;0;0;0;0;0;0;0;0;0;0;0;3888;0;0;133;0;122;0;
23007;3778336;1262084096;33566720;1446670336;0;0;0;0;0;0;0;0;0;0;0;3397;0;0;133;0;122;0;
23008;5709548;1262084096;33566720;1446670336;0;0;0;0;0;0;0;0;0;0;0;4579;0;0;133;0;122;0;
23009;3863846;1262084096;33566720;1446670336;0;0;0;0;0;0;0;0;0;0;0;2715;0;0;133;0;122;0;
23010;5792844;1262084096;33566720;1446670336;0;0;0;0;0;0;0;0;0;0;0;2805;0;0;133;0;122;0;
23011;3789617;1262084096;33566720;1446670336;0;0;0;0;0;0;0;0;0;0;0;3857;0;0;133;0;122;0;
23012;6067820;1262084096;33566720;1446670336;0;0;0;0;0;0;0;0;0;0;0;3747;0;0;133;0;122;0;
23013;5236971;1262084096;33566720;1446670336;0;0;0;0;0;0;0;0;0;0;0;2805;0;0;133;0;122;0;
23014;7295722;1262084096;33566720;1446670336;0;0;0;0;0;0;0;0;0;0;0;3447;0;0;133;0;122;0;
23015;4538922;1262084096;33566720;1446670336;0;0;0;0;0;0;0;0;0;0;0;4188;0;0;133;0;122;0;
23016;5658722;1262084096;33566720;1446670336;0;0;0;0;0;0;0;0;0;0;0;3246;0;0;133;0;122;0;
23017;4378551;1262084096;33566720;1446670336;0;0;0;0;0;0;0;0;0;0;0;4188;0;0;133;0;122;0;
23018;6674427;1262084096;33566720;1446670336;0;0;0;0;0;0;0;0;0;0;0;3296;0;0;133;0;122;0;
23019;3125833;1262084096;33566720;1446670336;0;0;0;0;0;0;0;0;0;0;0;3416;0;0;133;0;122;0;
23020;7517198;1262084096;33566720;1446670336;0;0;0;0;0;0;0;0;0;0;0;3487;0;0;133;0;122;0;
23021;4120568;1262084096;33566720;1446670336;0;0;0;0;0;0;0;0;0;0;0;4899;0;0;133;0;122;0;
23022;6492896;1262084096;33566720;1446670336;0;0;0;0;0;0;0;0;0;0;0;4558;0;0;133;0;122;0;
23023;4684705;1262084096;33566720;1446670336;0;0;0;0;0;0;0;0;0;0;0;3897;0;0;133;0;122;0;
23024;7233225;1262084096;33566720;1446670336;0;0;0;0;0;0;0;0;0;0;0;3617;0;0;133;0;122;0;
23025;3921665;1262084096;33566720;1446670336;0;0;0;0;0;0;0;0;0;0;0;3907;0;0;133;0;122;0;
23026;5719206;1262084096;33566720;1446670336;0;0;0;0;0;0;0;0;0;0;0;3176;0;0;133;0;122;0;
23027;4296588;1262084096;33566720;1446670336;0;0;0;0;0;0;0;0;0;0;0;4678;0;0;133;0;122;0;
23028;5327982;1262084096;33566720;1446670336;0;0;0;0;0;0;0;0;0;0;0;2615;0;0;133;0;122;0;
23029;5256508;1262084096;33566720;1446670336;0;0;0;0;0;0;0;0;0;0;0;3557;0;0;133;0;122;0;
23030;5081791;1262084096;33566720;1446670336;0;0;0;0;0;0;0;0;0;0;0;3086;0;0;133;0;122;0;
23031;5296964;1262084096;33566720;1446670336;0;0;0;0;0;0;0;0;0;0;0;3918;0;0;133;0;122;0;
23032;7249335;1262084096;33566720;1446670336;0;0;0;0;0;0;0;0;0;0;0;60925;0;0;133;0;122;0;
23033;5623015;1262084096;33566720;1446670336;0;0;0;0;0;0;0;0;0;0;0;3046;0;0;133;0;122;0;
23034;7683149;1262084096;33566720;1446670336;0;0;0;0;0;0;0;0;0;0;0;3627;0;0;133;0;122;0;
23035;4644811;1262084096;33566720;1446670336;0;0;0;0;0;0;0;0;0;0;0;3707;0;0;133;0;122;0;
23036;13318848;1262084096;33566720;1446670336;0;0;0;0;0;0;0;0;0;0;0;3737;0;0;133;0;122;0;
23037;7519843;1262084096;33566720;1446670336;0;0;0;0;0;0;0;0;0;0;0;3457;0;0;133;0;122;0;
23038;6733147;1262084096;33566720;1446670336;0;0;0;0;0;0;0;0;0;0;0;3717;0;0;133;0;122;0;
23039;4949943;1262084096;33566720;1446670336;0;0;0;0;0;0;0;0;0;0;0;3166;0;0;133;0;122;0;
23040;5362757;1262084096;33566720;1446670336;0;0;0;0;0;0;0;0;0;0;0;3246;0;0;133;0;122;0;
23041;5456422;1262084096;33566720;1446670336;0;0;0;0;0;0;0;0;0;0;0;2966;0;0;133;0;122;0;
23042;5278950;1262084096;33566720;1446670336;0;0;0;0;0;0;0;0;0;0;0;2565;0;0;133;0;122;0;
23043;5332070;1262084096;33566720;1446670336;0;0;0;0;0;0;0;0;0;0;0;2815;0;0;133;0;122;0;
23044;5656518;1262084096;33566720;1446670336;0;0;0;0;0;0;0;0;0;0;0;2534;0;0;133;0;122;0;
23045;4949943;1262084096;33566720;1446670336;0;0;0;0;0;0;0;0;0;0;0;3487;0;0;133;0;122;0;
23046;5745996;1262084096;33566720;1446670336;0;0;0;0;0;0;0;0;0;0;0;2475;0;0;133;0;122;0;
23047;5403924;1262084096;33566720;1446670336;0;0;0;0;0;0;0;0;0;0;0;3216;0;0;133;0;122;0;
23048;5310990;1262084096;33566720;1446670336;0;0;0;0;0;0;0;0;0;0;0;3066;0;0;133;0;122;0;
23049;5662930;1262084096;33566720;1446670336;0;0;0;0;0;0;0;0;0;0;0;3196;0;0;133;0;122;0;
23050;6393190;1262084096;33566720;1446670336;0;0;0;0;0;0;0;0;0;0;0;3917;0;0;133;0;122;0;
23051;3758890;1262084096;33566720;1446670336;0;0;0;0;0;0;0;0;0;0;0;3997;0;0;133;0;122;0;
23052;7086550;1262084096;33566720;1446670336;0;0;0;0;0;0;0;0;0;0;0;2665;0;0;133;0;122;0;
23053;3853457;1262084096;33566720;1446670336;0;0;0;0;0;0;0;0;0;0;0;3307;0;0;133;0;122;0;
23054;6369335;1262084096;33566720;1446670336;0;0;0;0;0;0;0;0;0;0;0;2965;0;0;133;0;122;0;
23055;4025890;1262084096;33566720;1446670336;0;0;0;0;0;0;0;0;0;0;0;3196;0;0;133;0;122;0;
23056;5339864;1262084096;33566720;1446670336;0;0;0;0;0;0;0;0;0;0;0;3817;0;0;133;0;122;0;
23057;5896799;1262084096;33566720;1446670336;0;0;0;0;0;0;0;0;0;0;0;3677;0;0;133;0;122;0;
23058;5114302;1262084096;33566720;1446670336;0;0;0;0;0;0;0;0;0;0;0;3056;0;0;133;0;122;0;
23059;5027087;1262084096;33566720;1446670336;0;0;0;0;0;0;0;0;0;0;0;3707;0;0;133;0;122;0;
23060;6418096;1262084096;33566720;1446670336;0;0;0;0;0;0;0;0;0;0;0;2815;0;0;133;0;122;0;
23061;6254309;1262084096;33566720;1446670336;0;0;0;0;0;0;0;0;0;0;0;4308;0;0;133;0;122;0;
23062;5569294;1262084096;33566720;1446670336;0;0;0;0;0;0;0;0;0;0;0;3016;0;0;133;0;122;0;
23063;5166850;1262084096;33566720;1446670336;0;0;0;0;0;0;0;0;0;0;0;2946;0;0;133;0;122;0;
23064;10725183;1262084096;33566720;1446670336;0;0;0;0;0;0;0;0;0;0;0;4218;0;0;133;0;122;0;
23065;6280168;1262084096;33566720;1446670336;0;0;0;0;0;0;0;0;0;0;0;3306;0;0;133;0;122;0;
23066;6109247;1262084096;33566720;1446670336;0;0;0;0;0;0;0;0;0;0;0;2705;0;0;133;0;122;0;
23067;4872799;1262084096;33566720;1446670336;0;0;0;0;0;0;0;0;0;0;0;3847;0;0;133;0;122;0;
23068;6377010;1262084096;33566720;1446670336;0;0;0;0;0;0;0;0;0;0;0;2735;0;0;133;0;122;0;
23069;4029748;1262084096;33566720;1446670336;0;0;0;0;0;0;0;0;0;0;0;4348;0;0;133;0;122;0;
23070;5637493;1262084096;33566720;1446670336;0;0;0;0;0;0;0;0;0;0;0;3797;0;0;133;0;122;0;
23071;5283509;1262084096;33566720;1446670336;0;0;0;0;0;0;0;0;0;0;0;3737;0;0;133;0;122;0;
23072;6405002;1262084096;33566720;1446670336;0;0;0;0;0;0;0;0;0;0;0;3246;0;0;133;0;122;0;
23073;7678560;1262084096;33566720;1446670336;0;0;0;0;0;0;0;0;0;0;0;4188;0;0;133;0;122;0;
23074;5713094;1262084096;33566720;1446670336;0;0;0;0;0;0;0;0;0;0;0;3897;0;0;133;0;122;0;
23075;4827143;1262084096;33566720;1446670336;0;0;0;0;0;0;0;0;0;0;0;3737;0;0;133;0;122;0;
23076;5025665;1262084096;33566720;1446670336;0;0;0;0;0;0;0;0;0;0;0;2776;0;0;133;0;122;0;
23077;4175430;1262084096;33566720;1446670336;0;0;0;0;0;0;0;0;0;0;0;5320;0;0;133;0;122;0;
23078;5892450;1262084096;33566720;1446670336;0;0;0;0;0;0;0;0;0;0;0;2665;0;0;133;0;122;0;
23079;3828600;1262084096;33566720;1446670336;0;0;0;0;0;0;0;0;0;0;0;3637;0;0;133;0;122;0;
23080;5856773;1262084096;33566720;1446670336;0;0;0;0;0;0;0;0;0;0;0;2595;0;0;133;0;122;0;
23081;3588299;1262084096;33566720;1446670336;0;0;0;0;0;0;0;0;0;0;0;3917;0;0;133;0;122;0;
23082;6195058;1262084096;33566720;1446670336;0;0;0;0;0;0;0;0;0;0;0;5099;0;0;133;0;122;0;
23083;3337759;1262084096;33566720;1446670336;0;0;0;0;0;0;0;0;0;0;0;2936;0;0;133;0;122;0;
23084;5542755;1262084096;33566720;1446670336;0;0;0;0;0;0;0;0;0;0;0;3126;0;0;133;0;122;0;
23085;3532435;1262084096;33566720;1446670336;0;0;0;0;0;0;0;0;0;0;0;3667;0;0;133;0;122;0;
23086;5039752;1262084096;33566720;1446670336;0;0;0;0;0;0;0;0;0;0;0;3176;0;0;133;0;122;0;
23087;5340736;1262084096;33566720;1446670336;0;0;0;0;0;0;0;0;0;0;0;4017;0;0;133;0;122;0;
23088;5590243;1262084096;33566720;1446670336;0;0;0;0;0;0;0;0;0;0;0;2375;0;0;133;0;122;0;
23089;4461207;1262084096;33566720;1446670336;0;0;0;0;0;0;0;0;0;0;0;2795;0;0;133;0;122;0;
23090;6015211;1262084096;33566720;1446670336;0;0;0;0;0;0;0;0;0;0;0;3537;0;0;133;0;122;0;
23091;4663516;1262084096;33566720;1446670336;0;0;0;0;0;0;0;0;0;0;0;3266;0;0;133;0;122;0;
23092;5266827;1262084096;33566720;1446670336;0;0;0;0;0;0;0;0;0;0;0;2544;0;0;133;0;122;0;
23093;4320483;1262084096;33566720;1446670336;0;0;0;0;0;0;0;0;0;0;0;3366;0;0;133;0;122;0;
23094;5983812;1262084096;33566720;1446670336;0;0;0;0;0;0;0;0;0;0;0;3737;0;0;133;0;122;0;
23095;5942024;1262084096;33566720;1446670336;0;0;0;0;0;0;0;0;0;0;0;3366;0;0;133;0;122;0;
23096;5901919;1262084096;33566720;1446670336;0;0;0;0;0;0;0;0;0;0;0;2996;0;0;133;0;122;0;
23097;6201080;1262084096;33566720;1446670336;0;0;0;0;0;0;0;0;0;0;0;2725;0;0;133;0;122;0;
23098;4943861;1262084096;33566720;1446670336;0;0;0;0;0;0;0;0;0;0;0;2394;0;0;133;0;122;0;
23099;5099984;1262084096;33566720;1446670336;0;0;0;0;0;0;0;0;0;0;0;4268;0;0;133;0;122;0;
23100;5525071;1262084096;33566720;1446670336;0;0;0;0;0;0;0;0;0;0;0;2805;0;0;133;0;122;0;
23101;5785680;1262084096;33566720;1446670336;0;0;0;0;0;0;0;0;0;0;0;3507;0;0;133;0;122;0;
23102;5657941;1262084096;33566720;1446670336;0;0;0;0;0;0;0;0;0;0;0;2525;0;0;133;0;122;0;
23103;4794271;1262084096;33566720;1446670336;0;0;0;0;0;0;0;0;0;0;0;3237;0;0;133;0;122;0;
23104;5368067;1262084096;33566720;1446670336;0;0;0;0;0;0;0;0;0;0;0;3026;0;0;133;0;122;0;
23105;4145204;1262084096;33566720;1446670336;0;0;0;0;0;0;0;0;0;0;0;3186;0;0;133;0;122;0;
23106;6217551;1262084096;33566720;1446670336;0;0;0;0;0;0;0;0;0;0;0;4989;0;0;133;0;122;0;
23107;4946547;1262084096;33566720;1446670336;0;0;0;0;0;0;0;0;0;0;0;3216;0;0;133;0;122;0;
23108;5888453;1262084096;33566720;1446670336;0;0;0;0;0;0;0;0;0;0;0;2655;0;0;133;0;122;0;
23109;4810742;1262084096;33566720;1446670336;0;0;0;0;0;0;0;0;0;0;0;3617;0;0;133;0;122;0;
23110;5348230;1262084096;33566720;1446670336;0;0;0;0;0;0;0;0;0;0;0;2284;0;0;133;0;122;0;
23111;4311115;1262084096;33566720;1446670336;0;0;0;0;0;0;0;0;0;0;0;3146;0;0;133;0;122;0;
23112;6049265;1262084096;33566720;1446670336;0;0;0;0;0;0;0;0;0;0;0;2675;0;0;133;0;122;0;
23113;5355093;1262084096;33566720;1446670336;0;0;0;0;0;0;0;0;0;0;0;2946;0;0;133;0;122;0;
23114;6263286;1262084096;33566720;1446670336;0;0;0;0;0;0;0;0;0;0;0;3186;0;0;133;0;122;0;
23115;5233846;1262084096;33566720;1446670336;0;0;0;0;0;0;0;0;0;0;0;3787;0;0;133;0;122;0;
23116;6529766;1262084096;33566720;1446670336;0;0;0;0;0;0;0;0;0;0;0;3196;0;0;133;0;122;0;
23117;5327361;1262084096;33566720;1446670336;0;0;0;0;0;0;0;0;0;0;0;2795;0;0;133;0;122;0;
23118;7776514;1262084096;33566720;1446670336;0;0;0;0;0;0;0;0;0;0;0;3867;0;0;133;0;122;0;
23119;3828049;1262084096;33566720;1446670336;0;0;0;0;0;0;0;0;0;0;0;3497;0;0;133;0;122;0;
23120;6622190;1262084096;33566720;1446670336;0;0;0;0;0;0;0;0;0;0;0;106430;0;0;133;0;122;0;
23121;5015255;1262084096;33570816;1446674432;0;0;0;0;0;0;0;0;0;0;0;3747;0;0;133;0;122;0;
23122;6369565;1262084096;33570816;1446674432;0;0;0;0;0;0;0;0;0;0;0;3286;0;0;133;0;122;0;
23123;5138486;1262084096;33570816;1446674432;0;0;0;0;0;0;0;0;0;0;0;3096;0;0;133;0;122;0;
23124;8317168;1262084096;33570816;1446674432;0;0;0;0;0;0;0;0;0;0;0;3737;0;0;133;0;122;0;
23125;5904242;1262084096;33570816;1446674432;0;0;0;0;0;0;0;0;0;0;0;3667;0;0;133;0;122;0;
23126;7302896;1262084096;33570816;1446674432;0;0;0;0;0;0;0;0;0;0;0;3436;0;0;133;0;122;0;
23127;5272728;1262084096;33570816;1446674432;0;0;0;0;0;0;0;0;0;0;0;3447;0;0;133;0;122;0;
23128;5762286;1262084096;33570816;1446674432;0;0;0;0;0;0;0;0;0;0;0;2885;0;0;133;0;122;0;
23129;6299754;1262084096;33566720;1446670336;0;0;0;0;0;0;0;0;0;0;0;2765;0;0;133;0;122;0;
23130;5554226;1262084096;33566720;1446670336;0;0;0;0;0;0;0;0;0;0;0;2805;0;0;133;0;122;0;
23131;4174429;1262084096;33566720;1446670336;0;0;0;0;0;0;0;0;0;0;0;3156;0;0;133;0;122;0;
23132;5012500;1262084096;33566720;1446670336;0;0;0;0;0;0;0;0;0;0;0;2945;0;0;133;0;122;0;
23133;5453176;1262084096;33566720;1446670336;0;0;0;0;0;0;0;0;0;0;0;3787;0;0;133;0;122;0;
23134;6171775;1262084096;33566720;1446670336;0;0;0;0;0;0;0;0;0;0;0;2394;0;0;133;0;122;0;
23135;4295306;1262084096;33566720;1446670336;0;0;0;0;0;0;0;0;0;0;0;3146;0;0;133;0;122;0;
23136;6542159;1262084096;33566720;1446670336;0;0;0;0;0;0;0;0;0;0;0;2865;0;0;133;0;122;0;
23137;4626506;1262084096;33566720;1446670336;0;0;0;0;0;0;0;0;0;0;0;2945;0;0;133;0;122;0;
23138;5154817;1262084096;33566720;1446670336;0;0;0;0;0;0;0;0;0;0;0;2605;0;0;133;0;122;0;
23139;4943431;1262084096;33566720;1446670336;0;0;0;0;0;0;0;0;0;0;0;3467;0;0;133;0;122;0;
23140;7185736;1262084096;33566720;1446670336;0;0;0;0;0;0;0;0;0;0;0;3747;0;0;133;0;122;0;
23141;3563293;1262084096;33566720;1446670336;0;0;0;0;0;0;0;0;0;0;0;3246;0;0;133;0;122;0;
23142;6002417;1262084096;33566720;1446670336;0;0;0;0;0;0;0;0;0;0;0;3426;0;0;133;0;122;0;
23143;3524039;1262084096;33566720;1446670336;0;0;0;0;0;0;0;0;0;0;0;2815;0;0;133;0;122;0;
23144;4749518;1262084096;33566720;1446670336;0;0;0;0;0;0;0;0;0;0;0;2384;0;0;133;0;122;0;
23145;4647866;1262084096;33566720;1446670336;0;0;0;0;0;0;0;0;0;0;0;3817;0;0;133;0;122;0;
23146;5331098;1262084096;33566720;1446670336;0;0;0;0;0;0;0;0;0;0;0;2555;0;0;133;0;122;0;
23147;6724371;1262084096;33566720;1446670336;0;0;0;0;0;0;0;0;0;0;0;2855;0;0;133;0;122;0;
23148;5439571;1262084096;33566720;1446670336;0;0;0;0;0;0;0;0;0;0;0;2455;0;0;133;0;122;0;
23149;4397948;1262084096;33566720;1446670336;0;0;0;0;0;0;0;0;0;0;0;3186;0;0;133;0;122;0;
23150;5484114;1262084096;33566720;1446670336;0;0;0;0;0;0;0;0;0;0;0;2424;0;0;133;0;122;0;
23151;4652725;1262084096;33566720;1446670336;0;0;0;0;0;0;0;0;0;0;0;4298;0;0;133;0;122;0;
23152;7036436;1262084096;33566720;1446670336;0;0;0;0;0;0;0;0;0;0;0;3437;0;0;133;0;122;0;
23153;4016062;1262084096;33566720;1446670336;0;0;0;0;0;0;0;0;0;0;0;3406;0;0;133;0;122;0;
23154;6082286;1262084096;33566720;1446670336;0;0;0;0;0;0;0;0;0;0;0;3416;0;0;133;0;122;0;
23155;2970701;1262084096;33566720;1446670336;0;0;0;0;0;0;0;0;0;0;0;3216;0;0;133;0;122;0;
23156;6084511;1262084096;33566720;1446670336;0;0;0;0;0;0;0;0;0;0;0;2345;0;0;133;0;122;0;
23157;2003647;1262084096;33566720;1446670336;0;0;0;0;0;0;0;0;0;0;0;2405;0;0;133;0;122;0;
23158;5290342;1262084096;33566720;1446670336;0;0;0;0;0;0;0;0;0;0;0;2645;0;0;133;0;122;0;
23159;3834882;1262084096;33566720;1446670336;0;0;0;0;0;0;0;0;0;0;0;2585;0;0;133;0;122;0;
23160;4505299;1262084096;33566720;1446670336;0;0;0;0;0;0;0;0;0;0;0;1993;0;0;133;0;122;0;
23161;2730932;1262084096;33566720;1446670336;0;0;0;0;0;0;0;0;0;0;0;2234;0;0;133;0;122;0;
23162;4765597;1262084096;33566720;1446670336;0;0;0;0;0;0;0;0;0;0;0;2345;0;0;133;0;122;0;
23163;3138035;1262084096;33566720;1446670336;0;0;0;0;0;0;0;0;0;0;0;3045;0;0;133;0;122;0;
23164;5357357;1262084096;33566720;1446670336;0;0;0;0;0;0;0;0;0;0;0;1943;0;0;133;0;122;0;
23165;2843824;1262084096;33566720;1446670336;0;0;0;0;0;0;0;0;0;0;0;2645;0;0;133;0;122;0;
23166;5292616;1262084096;33566720;1446670336;0;0;0;0;0;0;0;0;0;0;0;2154;0;0;133;0;122;0;
23167;3028309;1262084096;33566720;1446670336;0;0;0;0;0;0;0;0;0;0;0;7414;0;0;133;0;122;0;
23168;4681549;1262084096;33566720;1446670336;0;0;0;0;0;0;0;0;0;0;0;2044;0;0;133;0;122;0;
23169;2840227;1262084096;33566720;1446670336;0;0;0;0;0;0;0;0;0;0;0;3126;0;0;133;0;122;0;
23170;4424858;1262084096;33566720;1446670336;0;0;0;0;0;0;0;0;0;0;0;2375;0;0;133;0;122;0;
23171;2591651;1262084096;33566720;1446670336;0;0;0;0;0;0;0;0;0;0;0;2344;0;0;133;0;122;0;
23172;4802737;1262084096;33566720;1446670336;0;0;0;0;0;0;0;0;0;0;0;2174;0;0;133;0;122;0;
23173;4033575;1262084096;33566720;1446670336;0;0;0;0;0;0;0;0;0;0;0;3146;0;0;133;0;122;0;
23174;4837192;1262084096;33566720;1446670336;0;0;0;0;0;0;0;0;0;0;0;2114;0;0;133;0;122;0;
23175;3774478;1262084096;33566720;1446670336;0;0;0;0;0;0;0;0;0;0;0;2415;0;0;133;0;122;0;
23176;4553600;1262084096;33566720;1446670336;0;0;0;0;0;0;0;0;0;0;0;1913;0;0;133;0;122;0;
23177;3333111;1262084096;33566720;1446670336;0;0;0;0;0;0;0;0;0;0;0;2695;0;0;133;0;122;0;
23178;5571328;1262084096;33566720;1446670336;0;0;0;0;0;0;0;0;0;0;0;2054;0;0;133;0;122;0;
23179;3424492;1262084096;33566720;1446670336;0;0;0;0;0;0;0;0;0;0;0;2164;0;0;133;0;122;0;
23180;5604341;1262084096;33566720;1446670336;0;0;0;0;0;0;0;0;0;0;0;2224;0;0;133;0;122;0;
23181;2859533;1262084096;33566720;1446670336;0;0;0;0;0;0;0;0;0;0;0;2775;0;0;133;0;122;0;
23182;5315619;1262084096;33566720;1446670336;0;0;0;0;0;0;0;0;0;0;0;2785;0;0;133;0;122;0;
23183;3350193;1262084096;33566720;1446670336;0;0;0;0;0;0;0;0;0;0;0;2355;0;0;133;0;122;0;
23184;5284250;1262084096;33566720;1446670336;0;0;0;0;0;0;0;0;0;0;0;1903;0;0;133;0;122;0;
23185;3267899;1262084096;33566720;1446670336;0;0;0;0;0;0;0;0;0;0;0;2485;0;0;133;0;122;0;
23186;5753750;1262084096;33566720;1446670336;0;0;0;0;0;0;0;0;0;0;0;2214;0;0;133;0;122;0;
23187;3316800;1262084096;33566720;1446670336;0;0;0;0;0;0;0;0;0;0;0;5039;0;0;133;0;122;0;
23188;5577470;1262084096;33566720;1446670336;0;0;0;0;0;0;0;0;0;0;0;2004;0;0;133;0;122;0;
23189;3209339;1262084096;33566720;1446670336;0;0;0;0;0;0;0;0;0;0;0;2625;0;0;133;0;122;0;
23190;4951286;1262084096;33566720;1446670336;0;0;0;0;0;0;0;0;0;0;0;2154;0;0;133;0;122;0;
23191;3540289;1262084096;33566720;1446670336;0;0;0;0;0;0;0;0;0;0;0;2144;0;0;133;0;122;0;
23192;5225550;1262084096;33566720;1446670336;0;0;0;0;0;0;0;0;0;0;0;2074;0;0;133;0;122;0;
23193;3207866;1262084096;33566720;1446670336;0;0;0;0;0;0;0;0;0;0;0;2585;0;0;133;0;122;0;
23194;4830509;1262084096;33566720;1446670336;0;0;0;0;0;0;0;0;0;0;0;2204;0;0;133;0;122;0;
23195;3648683;1262084096;33566720;1446670336;0;0;0;0;0;0;0;0;0;0;0;2986;0;0;133;0;122;0;
23196;4503465;1262084096;33566720;1446670336;0;0;0;0;0;0;0;0;0;0;0;2164;0;0;133;0;122;0;
23197;3539689;1262084096;33566720;1446670336;0;0;0;0;0;0;0;0;0;0;0;2134;0;0;133;0;122;0;
23198;5456674;1262084096;33566720;1446670336;0;0;0;0;0;0;0;0;0;0;0;2034;0;0;133;0;122;0;
23199;4344748;1262084096;33566720;1446670336;0;0;0;0;0;0;0;0;0;0;0;88587;0;0;133;0;122;0;
23200;5703546;1262084096;33566720;1446670336;0;0;0;0;0;0;0;0;0;0;0;2524;0;0;133;0;122;0;
23201;3383284;1262084096;33566720;1446670336;0;0;0;0;0;0;0;0;0;0;0;2665;0;0;133;0;122;0;
23202;5129199;1262084096;33566720;1446670336;0;0;0;0;0;0;0;0;0;0;0;2224;0;0;133;0;122;0;
23203;3468384;1262084096;33566720;1446670336;0;0;0;0;0;0;0;0;0;0;0;3146;0;0;133;0;122;0;
23204;5337430;1262084096;33566720;1446670336;0;0;0;0;0;0;0;0;0;0;0;2485;0;0;133;0;122;0;
23205;2931006;1262084096;33566720;1446670336;0;0;0;0;0;0;0;0;0;0;0;2234;0;0;133;0;122;0;
23206;5579063;1262084096;33566720;1446670336;0;0;0;0;0;0;0;0;0;0;0;1944;0;0;133;0;122;0;
23207;2955513;1262084096;33566720;1446670336;0;0;0;0;0;0;0;0;0;0;0;2064;0;0;133;0;122;0;
23208;5201775;1262084096;33566720;1446670336;0;0;0;0;0;0;0;0;0;0;0;2164;0;0;133;0;122;0;
23209;2502703;1262084096;33566720;1446670336;0;0;0;0;0;0;0;0;0;0;0;2134;0;0;133;0;122;0;
23210;5277477;1262084096;33566720;1446670336;0;0;0;0;0;0;0;0;0;0;0;1953;0;0;133;0;122;0;
23211;2671450;1262084096;33566720;1446670336;0;0;0;0;0;0;0;0;0;0;0;2455;0;0;133;0;122;0;
23212;5616403;1262084096;33566720;1446670336;0;0;0;0;0;0;0;0;0;0;0;2024;0;0;133;0;122;0;
23213;2624913;1262084096;33566720;1446670336;0;0;0;0;0;0;0;0;0;0;0;2966;0;0;133;0;122;0;
23214;5477563;1262084096;33566720;1446670336;0;0;0;0;0;0;0;0;0;0;0;35526;0;0;133;0;122;0;
23215;2841559;1262084096;33566720;1446670336;0;0;0;0;0;0;0;0;0;0;0;2665;0;0;133;0;122;0;
23216;4914927;1262084096;33566720;1446670336;0;0;0;0;0;0;0;0;0;0;0;1964;0;0;133;0;122;0;
23217;3029301;1262084096;33566720;1446670336;0;0;0;0;0;0;0;0;0;0;0;2194;0;0;133;0;122;0;
23218;5348491;1262084096;33566720;1446670336;0;0;0;0;0;0;0;0;0;0;0;2715;0;0;133;0;122;0;
23219;4072708;1262084096;33566720;1446670336;0;0;0;0;0;0;0;0;0;0;0;2845;0;0;133;0;122;0;
23220;4834617;1262084096;33566720;1446670336;0;0;0;0;0;0;0;0;0;0;0;2675;0;0;133;0;122;0;
23221;3090566;1262084096;33566720;1446670336;0;0;0;0;0;0;0;0;0;0;0;2685;0;0;133;0;122;0;
23222;4964801;1262084096;33566720;1446670336;0;0;0;0;0;0;0;0;0;0;0;2354;0;0;133;0;122;0;
23223;3667528;1262084096;33566720;1446670336;0;0;0;0;0;0;0;0;0;0;0;2535;0;0;133;0;122;0;
23224;4547157;1262084096;33566720;1446670336;0;0;0;0;0;0;0;0;0;0;0;1954;0;0;133;0;122;0;
23225;3971258;1262084096;33566720;1446670336;0;0;0;0;0;0;0;0;0;0;0;3126;0;0;133;0;122;0;
23226;4815251;1262084096;33566720;1446670336;0;0;0;0;0;0;0;0;0;0;0;2545;0;0;133;0;122;0;
23227;3651077;1262084096;33566720;1446670336;0;0;0;0;0;0;0;0;0;0;0;2685;0;0;133;0;122;0;
23228;4810893;1262084096;33566720;1446670336;0;0;0;0;0;0;0;0;0;0;0;1934;0;0;133;0;122;0;
23229;3578351;1262084096;33566720;1446670336;0;0;0;0;0;0;0;0;0;0;0;3396;0;0;133;0;122;0;
23230;6048052;1262084096;33566720;1446670336;0;0;0;0;0;0;0;0;0;0;0;2645;0;0;133;0;122;0;
23231;5255446;1262084096;33566720;1446670336;0;0;0;0;0;0;0;0;0;0;0;2475;0;0;133;0;122;0;
23232;5184844;1262084096;33566720;1446670336;0;0;0;0;0;0;0;0;0;0;0;2094;0;0;133;0;122;0;
23233;3414794;1262084096;33566720;1446670336;0;0;0;0;0;0;0;0;0;0;0;2535;0;0;133;0;122;0;
23234;8082819;1262084096;33566720;1446670336;0;0;0;0;0;0;0;0;0;0;0;6602;0;0;133;0;122;0;
23235;10079202;1262084096;33566720;1446670336;0;0;0;0;0;0;0;0;0;0;0;3847;0;0;133;0;122;0;
23236;6339479;1262084096;33570816;1446674432;0;0;0;0;0;0;0;0;0;0;0;2866;0;0;133;0;122;0;
23237;5889826;1262084096;33574912;1446678528;0;0;0;0;0;0;0;0;0;0;0;3667;0;0;133;0;122;0;
23238;6146627;1262084096;33574912;1446678528;0;0;0;0;0;0;0;0;0;0;0;2685;0;0;133;0;122;0;
23239;5592308;1262084096;33574912;1446678528;0;0;0;0;0;0;0;0;0;0;0;3607;0;0;133;0;122;0;
23240;5187048;1262084096;33574912;1446678528;0;0;0;0;0;0;0;0;0;0;0;2374;0;0;133;0;122;0;
23241;5693448;1262084096;33574912;1446678528;0;0;0;0;0;0;0;0;0;0;0;3417;0;0;133;0;122;0;
23242;4707479;1262084096;33574912;1446678528;0;0;0;0;0;0;0;0;0;0;0;3005;0;0;133;0;122;0;
23243;5678429;1262084096;33566720;1446670336;0;0;0;0;0;0;0;0;0;0;0;3256;0;0;133;0;122;0;
23244;6241335;1262084096;33566720;1446670336;0;0;0;0;0;0;0;0;0;0;0;4007;0;0;133;0;122;0;
23245;6307008;1262084096;33566720;1446670336;0;0;0;0;0;0;0;0;0;0;0;3667;0;0;133;0;122;0;
23246;5580495;1262084096;33566720;1446670336;0;0;0;0;0;0;0;0;0;0;0;2675;0;0;133;0;122;0;
23247;4673995;1262084096;33566720;1446670336;0;0;0;0;0;0;0;0;0;0;0;2946;0;0;133;0;122;0;
23248;5526985;1262084096;33566720;1446670336;0;0;0;0;0;0;0;0;0;0;0;2815;0;0;133;0;122;0;
23249;3373666;1262084096;33566720;1446670336;0;0;0;0;0;0;0;0;0;0;0;3497;0;0;133;0;122;0;
23250;5740004;1262084096;33566720;1446670336;0;0;0;0;0;0;0;0;0;0;0;3557;0;0;133;0;122;0;
23251;3711410;1262084096;33566720;1446670336;0;0;0;0;0;0;0;0;0;0;0;3116;0;0;133;0;122;0;
23252;6502354;1262084096;33566720;1446670336;0;0;0;0;0;0;0;0;0;0;0;3196;0;0;133;0;122;0;
23253;4032843;1262084096;33566720;1446670336;0;0;0;0;0;0;0;0;0;0;0;4158;0;0;133;0;122;0;
23254;5829232;1262084096;33566720;1446670336;0;0;0;0;0;0;0;0;0;0;0;3987;0;0;133;0;122;0;
23255;5083463;1262084096;33566720;1446670336;0;0;0;0;0;0;0;0;0;0;0;3747;0;0;133;0;122;0;
23256;5299389;1262084096;33566720;1446670336;0;0;0;0;0;0;0;0;0;0;0;3486;0;0;133;0;122;0;
23257;5396921;1262084096;33566720;1446670336;0;0;0;0;0;0;0;0;0;0;0;3546;0;0;133;0;122;0;
23258;5375260;1262084096;33566720;1446670336;0;0;0;0;0;0;0;0;0;0;0;3998;0;0;133;0;122;0;
23259;5240358;1262084096;33566720;1446670336;0;0;0;0;0;0;0;0;0;0;0;2916;0;0;133;0;122;0;
23260;5058266;1262084096;33566720;1446670336;0;0;0;0;0;0;0;0;0;0;0;2385;0;0;133;0;122;0;
23261;4236485;1262084096;33566720;1446670336;0;0;0;0;0;0;0;0;0;0;0;3025;0;0;133;0;122;0;
23262;5067503;1262084096;33566720;1446670336;0;0;0;0;0;0;0;0;0;0;0;2465;0;0;133;0;122;0;
23263;4601230;1262084096;33566720;1446670336;0;0;0;0;0;0;0;0;0;0;0;3015;0;0;133;0;122;0;
23264;6496583;1262084096;33566720;1446670336;0;0;0;0;0;0;0;0;0;0;0;3627;0;0;133;0;122;0;
23265;5093383;1262084096;33566720;1446670336;0;0;0;0;0;0;0;0;0;0;0;2776;0;0;133;0;122;0;
23266;6746863;1262084096;33566720;1446670336;0;0;0;0;0;0;0;0;0;0;0;2886;0;0;133;0;122;0;
23267;3752467;1262084096;33566720;1446670336;0;0;0;0;0;0;0;0;0;0;0;3416;0;0;133;0;122;0;
23268;6353405;1262084096;33566720;1446670336;0;0;0;0;0;0;0;0;0;0;0;2825;0;0;133;0;122;0;
23269;3542334;1262084096;33566720;1446670336;0;0;0;0;0;0;0;0;0;0;0;3647;0;0;133;0;122;0;
23270;6248057;1262084096;33566720;1446670336;0;0;0;0;0;0;0;0;0;0;0;2645;0;0;133;0;122;0;
23271;4155403;1262084096;33566720;1446670336;0;0;0;0;0;0;0;0;0;0;0;3256;0;0;133;0;122;0;
23272;5304367;1262084096;33566720;1446670336;0;0;0;0;0;0;0;0;0;0;0;2014;0;0;133;0;122;0;
23273;4472657;1262084096;33566720;1446670336;0;0;0;0;0;0;0;0;0;0;0;3016;0;0;133;0;122;0;
23274;5857906;1262084096;33566720;1446670336;0;0;0;0;0;0;0;0;0;0;0;2204;0;0;133;0;122;0;
23275;3618506;1262084096;33566720;1446670336;0;0;0;0;0;0;0;0;0;0;0;3617;0;0;133;0;122;0;
23276;4615055;1262084096;33566720;1446670336;0;0;0;0;0;0;0;0;0;0;0;2194;0;0;133;0;122;0;
23277;5134048;1262084096;33566720;1446670336;0;0;0;0;0;0;0;0;0;0;0;3106;0;0;133;0;122;0;
23278;4872297;1262084096;33566720;1446670336;0;0;0;0;0;0;0;0;0;0;0;3066;0;0;133;0;122;0;
23279;4056939;1262084096;33566720;1446670336;0;0;0;0;0;0;0;0;0;0;0;2976;0;0;133;0;122;0;
23280;5532436;1262084096;33566720;1446670336;0;0;0;0;0;0;0;0;0;0;0;2455;0;0;133;0;122;0;
23281;3706992;1262084096;33566720;1446670336;0;0;0;0;0;0;0;0;0;0;0;3236;0;0;133;0;122;0;
23282;6049585;1262084096;33566720;1446670336;0;0;0;0;0;0;0;0;0;0;0;4338;0;0;133;0;122;0;
23283;3198207;1262084096;33566720;1446670336;0;0;0;0;0;0;0;0;0;0;0;3126;0;0;133;0;122;0;
23284;6632658;1262084096;33566720;1446670336;0;0;0;0;0;0;0;0;0;0;0;3296;0;0;133;0;122;0;
23285;3866331;1262084096;33566720;1446670336;0;0;0;0;0;0;0;0;0;0;0;4038;0;0;133;0;122;0;
23286;6015221;1262084096;33566720;1446670336;0;0;0;0;0;0;0;0;0;0;0;3377;0;0;133;0;122;0;
23287;5046484;1262084096;33566720;1446670336;0;0;0;0;0;0;0;0;0;0;0;3006;0;0;133;0;122;0;
23288;6130176;1262084096;33566720;1446670336;0;0;0;0;0;0;0;0;0;0;0;3317;0;0;133;0;122;0;
23289;4864834;1262084096;33566720;1446670336;0;0;0;0;0;0;0;0;0;0;0;2965;0;0;133;0;122;0;
23290;5837267;1262084096;33566720;1446670336;0;0;0;0;0;0;0;0;0;0;0;2866;0;0;133;0;122;0;
23291;4024267;1262084096;33566720;1446670336;0;0;0;0;0;0;0;0;0;0;0;3627;0;0;133;0;122;0;
23292;4759225;1262084096;33566720;1446670336;0;0;0;0;0;0;0;0;0;0;0;2234;0;0;133;0;122;0;
23293;2978055;1262084096;33566720;1446670336;0;0;0;0;0;0;0;0;0;0;0;2695;0;0;133;0;122;0;
23294;5793836;1262084096;33566720;1446670336;0;0;0;0;0;0;0;0;0;0;0;2274;0;0;133;0;122;0;
23295;3598378;1262084096;33566720;1446670336;0;0;0;0;0;0;0;0;0;0;0;3055;0;0;133;0;122;0;
23296;5167851;1262084096;33566720;1446670336;0;0;0;0;0;0;0;0;0;0;0;2174;0;0;133;0;122;0;
23297;2624903;1262084096;33566720;1446670336;0;0;0;0;0;0;0;0;0;0;0;3076;0;0;133;0;122;0;
23298;5180896;1262084096;33566720;1446670336;0;0;0;0;0;0;0;0;0;0;0;2605;0;0;133;0;122;0;
23299;4262924;1262084096;33566720;1446670336;0;0;0;0;0;0;0;0;0;0;0;2625;0;0;133;0;122;0;
23300;4511230;1262084096;33566720;1446670336;0;0;0;0;0;0;0;0;0;0;0;2645;0;0;133;0;122;0;
23301;3738852;1262084096;33566720;1446670336;0;0;0;0;0;0;0;0;0;0;0;3597;0;0;133;0;122;0;
23302;5136804;1262084096;33566720;1446670336;0;0;0;0;0;0;0;0;0;0;0;2405;0;0;133;0;122;0;
23303;4446319;1262084096;33566720;1446670336;0;0;0;0;0;0;0;0;0;0;0;3697;0;0;133;0;122;0;
23304;5275354;1262084096;33566720;1446670336;0;0;0;0;0;0;0;0;0;0;0;2134;0;0;133;0;122;0;
23305;2734418;1262084096;33566720;1446670336;0;0;0;0;0;0;0;0;0;0;0;2264;0;0;133;0;122;0;
23306;5996696;1262084096;33566720;1446670336;0;0;0;0;0;0;0;0;0;0;0;2224;0;0;133;0;122;0;
23307;2386766;1262084096;33566720;1446670336;0;0;0;0;0;0;0;0;0;0;0;2935;0;0;133;0;122;0;
23308;5460370;1262084096;33566720;1446670336;0;0;0;0;0;0;0;0;0;0;0;2024;0;0;133;0;122;0;
23309;2524314;1262084096;33566720;1446670336;0;0;0;0;0;0;0;0;0;0;0;2755;0;0;133;0;122;0;
23310;4384313;1262084096;33566720;1446670336;0;0;0;0;0;0;0;0;0;0;0;2645;0;0;133;0;122;0;
23311;4622830;1262084096;33566720;1446670336;0;0;0;0;0;0;0;0;0;0;0;2935;0;0;133;0;122;0;
23312;4383992;1262084096;33566720;1446670336;0;0;0;0;0;0;0;0;0;0;0;2234;0;0;133;0;122;0;
23313;3588590;1262084096;33566720;1446670336;0;0;0;0;0;0;0;0;0;0;0;2845;0;0;133;0;122;0;
23314;5053107;1262084096;33566720;1446670336;0;0;0;0;0;0;0;0;0;0;0;2645;0;0;133;0;122;0;
23315;4324910;1262084096;33566720;1446670336;0;0;0;0;0;0;0;0;0;0;0;3647;0;0;133;0;122;0;
23316;5222284;1262084096;33566720;1446670336;0;0;0;0;0;0;0;0;0;0;0;2094;0;0;133;0;122;0;
23317;2962736;1262084096;33566720;1446670336;0;0;0;0;0;0;0;0;0;0;0;3677;0;0;133;0;122;0;
23318;5148285;1262084096;33566720;1446670336;0;0;0;0;0;0;0;0;0;0;0;3387;0;0;133;0;122;0;
23319;3373847;1262084096;33566720;1446670336;0;0;0;0;0;0;0;0;0;0;0;3075;0;0;133;0;122;0;
23320;5119221;1262084096;33566720;1446670336;0;0;0;0;0;0;0;0;0;0;0;1914;0;0;133;0;122;0;
23321;2712046;1262084096;33566720;1446670336;0;0;0;0;0;0;0;0;0;0;0;2585;0;0;133;0;122;0;
23322;4830419;1262084096;33566720;1446670336;0;0;0;0;0;0;0;0;0;0;0;1944;0;0;133;0;122;0;
23323;3333511;1262084096;33566720;1446670336;0;0;0;0;0;0;0;0;0;0;0;2956;0;0;133;0;122;0;
23324;4995198;1262084096;33566720;1446670336;0;0;0;0;0;0;0;0;0;0;0;2504;0;0;133;0;122;0;
23325;3381321;1262084096;33566720;1446670336;0;0;0;0;0;0;0;0;0;0;0;2615;0;0;133;0;122;0;
23326;4443142;1262084096;33566720;1446670336;0;0;0;0;0;0;0;0;0;0;0;2455;0;0;133;0;122;0;
23327;3870699;1262084096;33566720;1446670336;0;0;0;0;0;0;0;0;0;0;0;2445;0;0;133;0;122;0;
23328;4924184;1262084096;33566720;1446670336;0;0;0;0;0;0;0;0;0;0;0;2254;0;0;133;0;122;0;
23329;3465920;1262084096;33566720;1446670336;0;0;0;0;0;0;0;0;0;0;0;2295;0;0;133;0;122;0;
23330;5572300;1262084096;33566720;1446670336;0;0;0;0;0;0;0;0;0;0;0;2464;0;0;133;0;122;0;
23331;3551651;1262084096;33566720;1446670336;0;0;0;0;0;0;0;0;0;0;0;2485;0;0;133;0;122;0;
23332;5689750;1262084096;33566720;1446670336;0;0;0;0;0;0;0;0;0;0;0;2234;0;0;133;0;122;0;
23333;4000122;1262084096;33566720;1446670336;0;0;0;0;0;0;0;0;0;0;0;180689;0;0;133;0;122;0;
23334;5369550;1262084096;33566720;1446670336;0;0;0;0;0;0;0;0;0;0;0;2034;0;0;133;0;122;0;
23335;3328032;1262084096;33570816;1446674432;0;0;0;0;0;0;0;0;0;0;0;2545;0;0;133;0;122;0;
23336;5217806;1262084096;33570816;1446674432;0;0;0;0;0;0;0;0;0;0;0;2044;0;0;133;0;122;0;
23337;3426456;1262084096;33570816;1446674432;0;0;0;0;0;0;0;0;0;0;0;2264;0;0;133;0;122;0;
23338;5514202;1262084096;33570816;1446674432;0;0;0;0;0;0;0;0;0;0;0;2294;0;0;133;0;122;0;
23339;2901392;1262084096;33570816;1446674432;0;0;0;0;0;0;0;0;0;0;0;2655;0;0;133;0;122;0;
23340;5285903;1262084096;33570816;1446674432;0;0;0;0;0;0;0;0;0;0;0;2174;0;0;133;0;122;0;
23341;2950584;1262084096;33570816;1446674432;0;0;0;0;0;0;0;0;0;0;0;2265;0;0;133;0;122;0;
23342;5544448;1262084096;33570816;1446674432;0;0;0;0;0;0;0;0;0;0;0;1994;0;0;133;0;122;0;
23343;2479570;1262084096;33570816;1446674432;0;0;0;0;0;0;0;0;0;0;0;2514;0;0;133;0;122;0;
23344;4909257;1262084096;33570816;1446674432;0;0;0;0;0;0;0;0;0;0;0;2044;0;0;133;0;122;0;
23345;4024037;1262084096;33570816;1446674432;0;0;0;0;0;0;0;0;0;0;0;2615;0;0;133;0;122;0;
23346;5330437;1262084096;33570816;1446674432;0;0;0;0;0;0;0;0;0;0;0;2635;0;0;133;0;122;0;
23347;3507909;1262084096;33570816;1446674432;0;0;0;0;0;0;0;0;0;0;0;3076;0;0;133;0;122;0;
23348;5699068;1262084096;33570816;1446674432;0;0;0;0;0;0;0;0;0;0;0;2575;0;0;133;0;122;0;
23349;4507273;1262084096;33570816;1446674432;0;0;0;0;0;0;0;0;0;0;0;2735;0;0;133;0;122;0;
23350;5889294;1262084096;33570816;1446674432;0;0;0;0;0;0;0;0;0;0;0;2735;0;0;133;0;122;0;
23351;3753129;1262084096;33570816;1446674432;0;0;0;0;0;0;0;0;0;0;0;3046;0;0;133;0;122;0;
23352;5898432;1262084096;33570816;1446674432;0;0;0;0;0;0;0;0;0;0;0;2815;0;0;133;0;122;0;
23353;3748430;1262084096;33570816;1446674432;0;0;0;0;0;0;0;0;0;0;0;6963;0;0;133;0;122;0;
23354;4988516;1262084096;33570816;1446674432;0;0;0;0;0;0;0;0;0;0;0;2435;0;0;133;0;122;0;
23355;5107038;1262084096;33570816;1446674432;0;0;0;0;0;0;0;0;0;0;0;3266;0;0;133;0;122;0;
23356;5637803;1262084096;33570816;1446674432;0;0;0;0;0;0;0;0;0;0;0;2245;0;0;133;0;122;0;
23357;4288272;1262084096;33570816;1446674432;0;0;0;0;0;0;0;0;0;0;0;3326;0;0;133;0;122;0;
23358;5071121;1262084096;33570816;1446674432;0;0;0;0;0;0;0;0;0;0;0;3256;0;0;133;0;122;0;
23359;2912051;1262084096;33570816;1446674432;0;0;0;0;0;0;0;0;0;0;0;2424;0;0;133;0;122;0;
23360;5624297;1262084096;33570816;1446674432;0;0;0;0;0;0;0;0;0;0;0;2565;0;0;133;0;122;0;
23361;4598835;1262084096;33570816;1446674432;0;0;0;0;0;0;0;0;0;0;0;2705;0;0;133;0;122;0;
23362;5179684;1262084096;33570816;1446674432;0;0;0;0;0;0;0;0;0;0;0;2495;0;0;133;0;122;0;
23363;2901892;1262084096;33570816;1446674432;0;0;0;0;0;0;0;0;0;0;0;3006;0;0;133;0;122;0;
23364;5722272;1262084096;33570816;1446674432;0;0;0;0;0;0;0;0;0;0;0;2284;0;0;133;0;122;0;
23365;4981272;1262084096;33570816;1446674432;0;0;0;0;0;0;0;0;0;0;0;3316;0;0;133;0;122;0;
23366;5323493;1262084096;33570816;1446674432;0;0;0;0;0;0;0;0;0;0;0;2564;0;0;133;0;122;0;
23367;3762917;1262084096;33570816;1446674432;0;0;0;0;0;0;0;0;0;0;0;2905;0;0;133;0;122;0;
23368;5556009;1262084096;33570816;1446674432;0;0;0;0;0;0;0;0;0;0;0;2415;0;0;133;0;122;0;
23369;3998047;1262084096;33570816;1446674432;0;0;0;0;0;0;0;0;0;0;0;2986;0;0;133;0;122;0;
23370;6327657;1262084096;33570816;1446674432;0;0;0;0;0;0;0;0;0;0;0;2555;0;0;133;0;122;0;
23371;4150273;1262084096;33570816;1446674432;0;0;0;0;0;0;0;0;0;0;0;3035;0;0;133;0;122;0;
23372;4836531;1262084096;33570816;1446674432;0;0;0;0;0;0;0;0;0;0;0;2244;0;0;133;0;122;0;
23373;5250667;1262084096;33570816;1446674432;0;0;0;0;0;0;0;0;0;0;0;2885;0;0;133;0;122;0;
23374;5983211;1262084096;33570816;1446674432;0;0;0;0;0;0;0;0;0;0;0;2594;0;0;133;0;122;0;
23375;4807566;1262084096;33570816;1446674432;0;0;0;0;0;0;0;0;0;0;0;3206;0;0;133;0;122;0;
23376;6439146;1262084096;33570816;1446674432;0;0;0;0;0;0;0;0;0;0;0;2916;0;0;133;0;122;0;
23377;6765869;1262084096;33570816;1446674432;0;0;0;0;0;0;0;0;0;0;0;3306;0;0;133;0;122;0;
23378;5983201;1262084096;33570816;1446674432;0;0;0;0;0;0;0;0;0;0;0;3046;0;0;133;0;122;0;
23379;5631391;1262084096;33570816;1446674432;0;0;0;0;0;0;0;0;0;0;0;3486;0;0;133;0;122;0;
23380;5350474;1262084096;33570816;1446674432;0;0;0;0;0;0;0;0;0;0;0;2865;0;0;133;0;122;0;
23381;2960742;1262084096;33570816;1446674432;0;0;0;0;0;0;0;0;0;0;0;2555;0;0;133;0;122;0;
23382;7233004;1262084096;33570816;1446674432;0;0;0;0;0;0;0;0;0;0;0;2494;0;0;133;0;122;0;
23383;4425610;1262084096;33570816;1446674432;0;0;0;0;0;0;0;0;0;0;0;3136;0;0;133;0;122;0;
23384;6551777;1262084096;33570816;1446674432;0;0;0;0;0;0;0;0;0;0;0;2715;0;0;133;0;122;0;
23385;4180720;1262084096;33570816;1446674432;0;0;0;0;0;0;0;0;0;0;0;2946;0;0;133;0;122;0;
23386;6555384;1262084096;33570816;1446674432;0;0;0;0;0;0;0;0;0;0;0;3035;0;0;133;0;122;0;
23387;4231205;1262084096;33570816;1446674432;0;0;0;0;0;0;0;0;0;0;0;3376;0;0;133;0;122;0;
23388;6353585;1262084096;33570816;1446674432;0;0;0;0;0;0;0;0;0;0;0;2054;0;0;133;0;122;0;
23389;4253878;1262084096;33570816;1446674432;0;0;0;0;0;0;0;0;0;0;0;2956;0;0;133;0;122;0;
23390;4993966;1262084096;33570816;1446674432;0;0;0;0;0;0;0;0;0;0;0;2635;0;0;133;0;122;0;
23391;4665519;1262084096;33570816;1446674432;0;0;0;0;0;0;0;0;0;0;0;3136;0;0;133;0;122;0;
23392;5655496;1262084096;33570816;1446674432;0;0;0;0;0;0;0;0;0;0;0;2555;0;0;133;0;122;0;
23393;5248513;1262084096;33570816;1446674432;0;0;0;0;0;0;0;0;0;0;0;3025;0;0;133;0;122;0;
23394;6422585;1262084096;33570816;1446674432;0;0;0;0;0;0;0;0;0;0;0;2815;0;0;133;0;122;0;
23395;5018983;1262084096;33570816;1446674432;0;0;0;0;0;0;0;0;0;0;0;27792;0;0;133;0;122;0;
23396;6200889;1262084096;33570816;1446674432;0;0;0;0;0;0;0;0;0;0;0;2655;0;0;133;0;122;0;
23397;3322802;1262084096;33570816;1446674432;0;0;0;0;0;0;0;0;0;0;0;3166;0;0;133;0;122;0;
23398;4945786;1262084096;33570816;1446674432;0;0;0;0;0;0;0;0;0;0;0;2475;0;0;133;0;122;0;
23399;5177379;1262084096;33570816;1446674432;0;0;0;0;0;0;0;0;0;0;0;2775;0;0;133;0;122;0;
23400;6091834;1262084096;33570816;1446674432;0;0;0;0;0;0;0;0;0;0;0;2425;0;0;133;0;122;0;
23401;4572906;1262084096;33570816;1446674432;0;0;0;0;0;0;0;0;0;0;0;3537;0;0;133;0;122;0;
23402;6404481;1262084096;33570816;1446674432;0;0;0;0;0;0;0;0;0;0;0;2985;0;0;133;0;122;0;
23403;5201565;1262084096;33570816;1446674432;0;0;0;0;0;0;0;0;0;0;0;2946;0;0;133;0;122;0;
23404;5418622;1262084096;33570816;1446674432;0;0;0;0;0;0;0;0;0;0;0;2976;0;0;133;0;122;0;
23405;4411463;1262084096;33570816;1446674432;0;0;0;0;0;0;0;0;0;0;0;3337;0;0;133;0;122;0;
23406;6156746;1262084096;33570816;1446674432;0;0;0;0;0;0;0;0;0;0;0;3316;0;0;133;0;122;0;
23407;3302794;1262084096;33570816;1446674432;0;0;0;0;0;0;0;0;0;0;0;2896;0;0;133;0;122;0;
23408;7290152;1262084096;33570816;1446674432;0;0;0;0;0;0;0;0;0;0;0;3066;0;0;133;0;122;0;
23409;4077648;1262084096;33570816;1446674432;0;0;0;0;0;0;0;0;0;0;0;3537;0;0;133;0;122;0;
23410;5264252;1262084096;33570816;1446674432;0;0;0;0;0;0;0;0;0;0;0;2745;0;0;133;0;122;0;
23411;4792447;1262084096;33570816;1446674432;0;0;0;0;0;0;0;0;0;0;0;3847;0;0;133;0;122;0;
23412;6306126;1262084096;33570816;1446674432;0;0;0;0;0;0;0;0;0;0;0;2585;0;0;133;0;122;0;
23413;5530912;1262084096;33570816;1446674432;0;0;0;0;0;0;0;0;0;0;0;3276;0;0;133;0;122;0;
23414;6576564;1262084096;33570816;1446674432;0;0;0;0;0;0;0;0;0;0;0;3296;0;0;133;0;122;0;
23415;4570541;1262084096;33570816;1446674432;0;0;0;0;0;0;0;0;0;0;0;3296;0;0;133;0;122;0;
23416;5857415;1262084096;33570816;1446674432;0;0;0;0;0;0;0;0;0;0;0;2434;0;0;133;0;122;0;
23417;6062189;1262084096;33570816;1446674432;0;0;0;0;0;0;0;0;0;0;0;2996;0;0;133;0;122;0;
23418;5347208;1262084096;33570816;1446674432;0;0;0;0;0;0;0;0;0;0;0;2805;0;0;133;0;122;0;
23419;4400783;1262084096;33570816;1446674432;0;0;0;0;0;0;0;0;0;0;0;3086;0;0;133;0;122;0;
23420;5447877;1262084096;33570816;1446674432;0;0;0;0;0;0;0;0;0;0;0;2715;0;0;133;0;122;0;
23421;5048728;1262084096;33570816;1446674432;0;0;0;0;0;0;0;0;0;0;0;3617;0;0;133;0;122;0;
23422;6578978;1262084096;33570816;1446674432;0;0;0;0;0;0;0;0;0;0;0;2986;0;0;133;0;122;0;
23423;5342880;1262084096;33570816;1446674432;0;0;0;0;0;0;0;0;0;0;0;3156;0;0;133;0;122;0;
23424;6169761;1262084096;33570816;1446674432;0;0;0;0;0;0;0;0;0;0;0;3006;0;0;133;0;122;0;
23425;4584388;1262084096;33570816;1446674432;0;0;0;0;0;0;0;0;0;0;0;2816;0;0;133;0;122;0;
23426;5011598;1262084096;33570816;1446674432;0;0;0;0;0;0;0;0;0;0;0;2374;0;0;133;0;122;0;
23427;4691399;1262084096;33570816;1446674432;0;0;0;0;0;0;0;0;0;0;0;2866;0;0;133;0;122;0;
23428;5204029;1262084096;33570816;1446674432;0;0;0;0;0;0;0;0;0;0;0;2555;0;0;133;0;122;0;
23429;3516715;1262084096;33570816;1446674432;0;0;0;0;0;0;0;0;0;0;0;3256;0;0;133;0;122;0;
23430;5358600;1262084096;33570816;1446674432;0;0;0;0;0;0;0;0;0;0;0;3046;0;0;133;0;122;0;
23431;3552032;1262084096;33570816;1446674432;0;0;0;0;0;0;0;0;0;0;0;3086;0;0;133;0;122;0;
23432;6048203;1262084096;33570816;1446674432;0;0;0;0;0;0;0;0;0;0;0;3236;0;0;133;0;122;0;
23433;5217144;1262084096;33570816;1446674432;0;0;0;0;0;0;0;0;0;0;0;3777;0;0;133;0;122;0;
23434;6540286;1262084096;33570816;1446674432;0;0;0;0;0;0;0;0;0;0;0;3196;0;0;133;0;122;0;
23435;4116490;1262084096;33570816;1446674432;0;0;0;0;0;0;0;0;0;0;0;3406;0;0;133;0;122;0;
23436;7892972;1262084096;33570816;1446674432;0;0;0;0;0;0;0;0;0;0;0;2705;0;0;133;0;122;0;
23437;3611493;1262084096;33570816;1446674432;0;0;0;0;0;0;0;0;0;0;0;3556;0;0;133;0;122;0;
23438;5943346;1262084096;33570816;1446674432;0;0;0;0;0;0;0;0;0;0;0;2945;0;0;133;0;122;0;
23439;3776573;1262084096;33570816;1446674432;0;0;0;0;0;0;0;0;0;0;0;3596;0;0;133;0;122;0;
23440;6395143;1262084096;33570816;1446674432;0;0;0;0;0;0;0;0;0;0;0;2254;0;0;133;0;122;0;
23441;4051267;1262084096;33570816;1446674432;0;0;0;0;0;0;0;0;0;0;0;3176;0;0;133;0;122;0;
23442;5455592;1262084096;33570816;1446674432;0;0;0;0;0;0;0;0;0;0;0;2274;0;0;133;0;122;0;
23443;4985310;1262084096;33570816;1446674432;0;0;0;0;0;0;0;0;0;0;0;2624;0;0;133;0;122;0;
23444;6669448;1262084096;33570816;1446674432;0;0;0;0;0;0;0;0;0;0;0;2965;0;0;133;0;122;0;
23445;4371388;1262084096;33570816;1446674432;0;0;0;0;0;0;0;0;0;0;0;3095;0;0;133;0;122;0;
23446;5566509;1262084096;33570816;1446674432;0;0;0;0;0;0;0;0;0;0;0;2594;0;0;133;0;122;0;
23447;4263465;1262084096;33570816;1446674432;0;0;0;0;0;0;0;0;0;0;0;4749;0;0;133;0;122;0;
23448;6264268;1262084096;33570816;1446674432;0;0;0;0;0;0;0;0;0;0;0;2805;0;0;133;0;122;0;
23449;4593294;1262084096;33570816;1446674432;0;0;0;0;0;0;0;0;0;0;0;3556;0;0;133;0;122;0;
23450;5045482;1262084096;33570816;1446674432;0;0;0;0;0;0;0;0;0;0;0;3497;0;0;133;0;122;0;
23451;4713590;1262084096;33570816;1446674432;0;0;0;0;0;0;0;0;0;0;0;3537;0;0;133;0;122;0;
23452;5609730;1262084096;33570816;1446674432;0;0;0;0;0;0;0;0;0;0;0;3767;0;0;133;0;122;0;
23453;4708931;1262084096;33570816;1446674432;0;0;0;0;0;0;0;0;0;0;0;3456;0;0;133;0;122;0;
23454;6922292;1262084096;33570816;1446674432;0;0;0;0;0;0;0;0;0;0;0;3256;0;0;133;0;122;0;
23455;7445082;1262084096;33570816;1446674432;0;0;0;0;0;0;0;0;0;0;0;4839;0;0;133;0;122;0;
23456;7836636;1262084096;33570816;1446674432;0;0;0;0;0;0;0;0;0;0;0;3987;0;0;133;0;122;0;
23457;7566169;1262084096;33570816;1446674432;0;0;0;0;0;0;0;0;0;0;0;3436;0;0;133;0;122;0;
23458;6130437;1262084096;33570816;1446674432;0;0;0;0;0;0;0;0;0;0;0;2615;0;0;133;0;122;0;
23459;5611093;1262084096;33570816;1446674432;0;0;0;0;0;0;0;0;0;0;0;3226;0;0;133;0;122;0;
23460;7622545;1262084096;33570816;1446674432;0;0;0;0;0;0;0;0;0;0;0;3467;0;0;133;0;122;0;
23461;7304589;1262084096;33570816;1446674432;0;0;0;0;0;0;0;0;0;0;0;3717;0;0;133;0;122;0;
23462;6821693;1262084096;33570816;1446674432;0;0;0;0;0;0;0;0;0;0;0;4268;0;0;133;0;122;0;
23463;7067274;1262084096;33570816;1446674432;0;0;0;0;0;0;0;0;0;0;0;3937;0;0;133;0;122;0;
23464;10751694;1262084096;33570816;1446674432;0;0;0;0;0;0;0;0;0;0;0;4238;0;0;133;0;122;0;
23465;6946418;1262084096;33570816;1446674432;0;0;0;0;0;0;0;0;0;0;0;4949;0;0;133;0;122;0;
23466;7380001;1262084096;33570816;1446674432;0;0;0;0;0;0;0;0;0;0;0;4258;0;0;133;0;122;0;
23467;4828786;1262084096;33570816;1446674432;0;0;0;0;0;0;0;0;0;0;0;4077;0;0;133;0;122;0;
23468;6385906;1262084096;33570816;1446674432;0;0;0;0;0;0;0;0;0;0;0;3316;0;0;133;0;122;0;
23469;5932996;1262084096;33570816;1446674432;0;0;0;0;0;0;0;0;0;0;0;3476;0;0;133;0;122;0;
23470;6941959;1262084096;33570816;1446674432;0;0;0;0;0;0;0;0;0;0;0;3617;0;0;133;0;122;0;
23471;5490306;1262084096;33570816;1446674432;0;0;0;0;0;0;0;0;0;0;0;3036;0;0;133;0;122;0;
23472;6288203;1262084096;33570816;1446674432;0;0;0;0;0;0;0;0;0;0;0;3396;0;0;133;0;122;0;
23473;5328163;1262084096;33570816;1446674432;0;0;0;0;0;0;0;0;0;0;0;4799;0;0;133;0;122;0;
23474;6608223;1262084096;33570816;1446674432;0;0;0;0;0;0;0;0;0;0;0;3086;0;0;133;0;122;0;
23475;4809059;1262084096;33570816;1446674432;0;0;0;0;0;0;0;0;0;0;0;4669;0;0;133;0;122;0;
23476;7041806;1262084096;33570816;1446674432;0;0;0;0;0;0;0;0;0;0;0;4518;0;0;133;0;122;0;
23477;4903296;1262084096;33570816;1446674432;0;0;0;0;0;0;0;0;0;0;0;4419;0;0;133;0;122;0;
23478;7921165;1262084096;33570816;1446674432;0;0;0;0;0;0;0;0;0;0;0;3407;0;0;133;0;122;0;
23479;6211118;1262084096;33570816;1446674432;0;0;0;0;0;0;0;0;0;0;0;3637;0;0;133;0;122;0;
23480;8886185;1262084096;33570816;1446674432;0;0;0;0;0;0;0;0;0;0;0;13976;0;0;133;0;122;0;
23481;7710250;1262084096;33570816;1446674432;0;0;0;0;0;0;0;0;0;0;0;3646;0;0;133;0;122;0;
23482;7865040;1262084096;33570816;1446674432;0;0;0;0;0;0;0;0;0;0;0;4108;0;0;133;0;122;0;
23483;6107254;1262084096;33570816;1446674432;0;0;0;0;0;0;0;0;0;0;0;3125;0;0;133;0;122;0;
23484;7257571;1262084096;33570816;1446674432;0;0;0;0;0;0;0;0;0;0;0;3767;0;0;133;0;122;0;
23485;7033771;1262084096;33570816;1446674432;0;0;0;0;0;0;0;0;0;0;0;3306;0;0;133;0;122;0;
23486;7629157;1262084096;33570816;1446674432;0;0;0;0;0;0;0;0;0;0;0;3517;0;0;133;0;122;0;
23487;6865936;1262084096;33570816;1446674432;0;0;0;0;0;0;0;0;0;0;0;3366;0;0;133;0;122;0;
23488;8576895;1262084096;33570816;1446674432;0;0;0;0;0;0;0;0;0;0;0;4719;0;0;133;0;122;0;
23489;4277883;1262084096;33570816;1446674432;0;0;0;0;0;0;0;0;0;0;0;3587;0;0;133;0;122;0;
23490;6022164;1262084096;33570816;1446674432;0;0;0;0;0;0;0;0;0;0;0;4849;0;0;133;0;122;0;
23491;4604966;1262084096;33570816;1446674432;0;0;0;0;0;0;0;0;0;0;0;3466;0;0;133;0;122;0;
23492;5844340;1262084096;33570816;1446674432;0;0;0;0;0;0;0;0;0;0;0;2895;0;0;133;0;122;0;
23493;5702985;1262084096;33570816;1446674432;0;0;0;0;0;0;0;0;0;0;0;3036;0;0;133;0;122;0;
23494;5834772;1262084096;33570816;1446674432;0;0;0;0;0;0;0;0;0;0;0;3476;0;0;133;0;122;0;
23495;5295311;1262084096;33570816;1446674432;0;0;0;0;0;0;0;0;0;0;0;3145;0;0;133;0;122;0;
23496;5819855;1262084096;33570816;1446674432;0;0;0;0;0;0;0;0;0;0;0;3246;0;0;133;0;122;0;
23497;6834527;1262084096;33570816;1446674432;0;0;0;0;0;0;0;0;0;0;0;3116;0;0;133;0;122;0;
23498;6343867;1262084096;33570816;1446674432;0;0;0;0;0;0;0;0;0;0;0;3777;0;0;133;0;122;0;
23499;4653748;1262084096;33570816;1446674432;0;0;0;0;0;0;0;0;0;0;0;3196;0;0;133;0;122;0;
23500;6450617;1262084096;33570816;1446674432;0;0;0;0;0;0;0;0;0;0;0;2715;0;0;133;0;122;0;
23501;5295150;1262084096;33570816;1446674432;0;0;0;0;0;0;0;0;0;0;0;4128;0;0;133;0;122;0;
23502;5969765;1262084096;33570816;1446674432;0;0;0;0;0;0;0;0;0;0;0;3957;0;0;133;0;122;0;
23503;4847972;1262084096;33570816;1446674432;0;0;0;0;0;0;0;0;0;0;0;3557;0;0;133;0;122;0;
23504;6676922;1262084096;33570816;1446674432;0;0;0;0;0;0;0;0;0;0;0;2394;0;0;133;0;122;0;
23505;5547043;1262084096;33570816;1446674432;0;0;0;0;0;0;0;0;0;0;0;4478;0;0;133;0;122;0;
23506;6261162;1262084096;33570816;1446674432;0;0;0;0;0;0;0;0;0;0;0;9858;0;0;133;0;122;0;
23507;5331249;1262084096;33570816;1446674432;0;0;0;0;0;0;0;0;0;0;0;3637;0;0;133;0;122;0;
23508;5754692;1262084096;33570816;1446674432;0;0;0;0;0;0;0;0;0;0;0;2805;0;0;133;0;122;0;
23509;4634191;1262084096;33570816;1446674432;0;0;0;0;0;0;0;0;0;0;0;3596;0;0;133;0;122;0;
23510;6331624;1262084096;33570816;1446674432;0;0;0;0;0;0;0;0;0;0;0;2815;0;0;133;0;122;0;
23511;5006499;1262084096;33570816;1446674432;0;0;0;0;0;0;0;0;0;0;0;3998;0;0;133;0;122;0;
23512;5550149;1262084096;33570816;1446674432;0;0;0;0;0;0;0;0;0;0;0;2635;0;0;133;0;122;0;
23513;4801084;1262084096;33570816;1446674432;0;0;0;0;0;0;0;0;0;0;0;3577;0;0;133;0;122;0;
23514;6083629;1262084096;33570816;1446674432;0;0;0;0;0;0;0;0;0;0;0;2635;0;0;133;0;122;0;
23515;4591020;1262084096;33570816;1446674432;0;0;0;0;0;0;0;0;0;0;0;3687;0;0;133;0;122;0;
23516;5807962;1262084096;33570816;1446674432;0;0;0;0;0;0;0;0;0;0;0;2575;0;0;133;0;122;0;
23517;4943651;1262084096;33570816;1446674432;0;0;0;0;0;0;0;0;0;0;0;2866;0;0;133;0;122;0;
23518;6158330;1262084096;33570816;1446674432;0;0;0;0;0;0;0;0;0;0;0;3627;0;0;133;0;122;0;
23519;3900736;1262084096;33570816;1446674432;0;0;0;0;0;0;0;0;0;0;0;3907;0;0;133;0;122;0;
23520;5964255;1262084096;33570816;1446674432;0;0;0;0;0;0;0;0;0;0;0;3076;0;0;133;0;122;0;
23521;4609845;1262084096;33570816;1446674432;0;0;0;0;0;0;0;0;0;0;0;4228;0;0;133;0;122;0;
23522;5792433;1262084096;33574912;1446678528;0;0;0;0;0;0;0;0;0;0;0;4479;0;0;133;0;122;0;
23523;3850030;1262084096;33579008;1446682624;0;0;0;0;0;0;0;0;0;0;0;4168;0;0;133;0;122;0;
23524;6392759;1262084096;33579008;1446682624;0;0;0;0;0;0;0;0;0;0;0;2825;0;0;133;0;122;0;
23525;3930061;1262084096;33579008;1446682624;0;0;0;0;0;0;0;0;0;0;0;3056;0;0;133;0;122;0;
23526;5631792;1262084096;33579008;1446682624;0;0;0;0;0;0;0;0;0;0;0;4619;0;0;133;0;122;0;
23527;3842476;1262084096;33579008;1446682624;0;0;0;0;0;0;0;0;0;0;0;2765;0;0;133;0;122;0;
23528;6040709;1262084096;33579008;1446682624;0;0;0;0;0;0;0;0;0;0;0;4328;0;0;133;0;122;0;
23529;4628450;1262088192;33570816;1446674432;0;0;0;0;0;0;0;0;0;0;0;3657;0;0;133;0;122;0;
23530;5788886;1262088192;33570816;1446674432;0;0;0;0;0;0;0;0;0;0;0;2906;0;0;133;0;122;0;
23531;5879807;1262088192;33570816;1446674432;0;0;0;0;0;0;0;0;0;0;0;3967;0;0;133;0;122;0;
23532;5671346;1262088192;33570816;1446674432;0;0;0;0;0;0;0;0;0;0;0;3146;0;0;133;0;122;0;
23533;5051634;1262088192;33570816;1446674432;0;0;0;0;0;0;0;0;0;0;0;3837;0;0;133;0;122;0;
23534;4886505;1262088192;33570816;1446674432;0;0;0;0;0;0;0;0;0;0;0;3216;0;0;133;0;122;0;
23535;4824699;1262088192;33570816;1446674432;0;0;0;0;0;0;0;0;0;0;0;4208;0;0;133;0;122;0;
23536;5634587;1262088192;33570816;1446674432;0;0;0;0;0;0;0;0;0;0;0;4198;0;0;133;0;122;0;
23537;4100570;1262088192;33570816;1446674432;0;0;0;0;0;0;0;0;0;0;0;6763;0;0;133;0;122;0;
23538;6577235;1262088192;33570816;1446674432;0;0;0;0;0;0;0;0;0;0;0;5089;0;0;133;0;122;0;
23539;5174735;1262088192;33570816;1446674432;0;0;0;0;0;0;0;0;0;0;0;3016;0;0;133;0;122;0;
23540;7220632;1262088192;33570816;1446674432;0;0;0;0;0;0;0;0;0;0;0;4208;0;0;133;0;122;0;
23541;6802547;1262088192;33570816;1446674432;0;0;0;0;0;0;0;0;0;0;0;3606;0;0;133;0;122;0;
23542;5858356;1262088192;33570816;1446674432;0;0;0;0;0;0;0;0;0;0;0;3416;0;0;133;0;122;0;
23543;6383722;1262088192;33570816;1446674432;0;0;0;0;0;0;0;0;0;0;0;3186;0;0;133;0;122;0;
23544;6399491;1262088192;33570816;1446674432;0;0;0;0;0;0;0;0;0;0;0;4519;0;0;133;0;122;0;
23545;6811875;1262088192;33570816;1446674432;0;0;0;0;0;0;0;0;0;0;0;3837;0;0;133;0;122;0;
23546;8307049;1262088192;33570816;1446674432;0;0;0;0;0;0;0;0;0;0;0;3307;0;0;133;0;122;0;
23547;5231121;1262088192;33570816;1446674432;0;0;0;0;0;0;0;0;0;0;0;3446;0;0;133;0;122;0;
23548;6703783;1262088192;33570816;1446674432;0;0;0;0;0;0;0;0;0;0;0;3316;0;0;133;0;122;0;
23549;4870334;1262088192;33570816;1446674432;0;0;0;0;0;0;0;0;0;0;0;3206;0;0;133;0;122;0;
23550;6912774;1262088192;33570816;1446674432;0;0;0;0;0;0;0;0;0;0;0;4739;0;0;133;0;122;0;
23551;6807086;1262088192;33570816;1446674432;0;0;0;0;0;0;0;0;0;0;0;3517;0;0;133;0;122;0;
23552;8653789;1262088192;33570816;1446674432;0;0;0;0;0;0;0;0;0;0;0;4879;0;0;133;0;122;0;
23553;4473249;1262088192;33570816;1446674432;0;0;0;0;0;0;0;0;0;0;0;4458;0;0;133;0;122;0;
23554;7138247;1262088192;33570816;1446674432;0;0;0;0;0;0;0;0;0;0;0;3446;0;0;133;0;122;0;
23555;4926679;1262088192;33570816;1446674432;0;0;0;0;0;0;0;0;0;0;0;3917;0;0;133;0;122;0;
23556;8945436;1262088192;33570816;1446674432;0;0;0;0;0;0;0;0;0;0;0;3767;0;0;133;0;122;0;
23557;4778071;1262088192;33570816;1446674432;0;0;0;0;0;0;0;0;0;0;0;3417;0;0;133;0;122;0;
23558;7008143;1262088192;33570816;1446674432;0;0;0;0;0;0;0;0;0;0;0;3918;0;0;133;0;122;0;
23559;4993004;1262088192;33570816;1446674432;0;0;0;0;0;0;0;0;0;0;0;3576;0;0;133;0;122;0;
23560;7235991;1262088192;33570816;1446674432;0;0;0;0;0;0;0;0;0;0;0;3166;0;0;133;0;122;0;
23561;5247802;1262088192;33570816;1446674432;0;0;0;0;0;0;0;0;0;0;0;3407;0;0;133;0;122;0;
23562;8011264;1262088192;33570816;1446674432;0;0;0;0;0;0;0;0;0;0;0;4869;0;0;133;0;122;0;
23563;5126283;1262088192;33570816;1446674432;0;0;0;0;0;0;0;0;0;0;0;3056;0;0;133;0;122;0;
23564;7906067;1262088192;33570816;1446674432;0;0;0;0;0;0;0;0;0;0;0;4258;0;0;133;0;122;0;
23565;6962768;1262088192;33570816;1446674432;0;0;0;0;0;0;0;0;0;0;0;5340;0;0;133;0;122;0;
23566;9383277;1262088192;33570816;1446674432;0;0;0;0;0;0;0;0;0;0;0;4078;0;0;133;0;122;0;
23567;6793952;1262088192;33570816;1446674432;0;0;0;0;0;0;0;0;0;0;0;3457;0;0;133;0;122;0;
23568;6869413;1262088192;33570816;1446674432;0;0;0;0;0;0;0;0;0;0;0;3006;0;0;133;0;122;0;
23569;5417119;1262088192;33570816;1446674432;0;0;0;0;0;0;0;0;0;0;0;5510;0;0;133;0;122;0;
23570;7190305;1262088192;33570816;1446674432;0;0;0;0;0;0;0;0;0;0;0;3486;0;0;133;0;122;0;
23571;5647652;1262088192;33570816;1446674432;0;0;0;0;0;0;0;0;0;0;0;3997;0;0;133;0;122;0;
23572;6482607;1262088192;33570816;1446674432;0;0;0;0;0;0;0;0;0;0;0;3556;0;0;133;0;122;0;
23573;7043680;1262088192;33570816;1446674432;0;0;0;0;0;0;0;0;0;0;0;3927;0;0;133;0;122;0;
23574;7398195;1262088192;33570816;1446674432;0;0;0;0;0;0;0;0;0;0;0;3156;0;0;133;0;122;0;
23575;6786677;1262088192;33570816;1446674432;0;0;0;0;0;0;0;0;0;0;0;5270;0;0;133;0;122;0;
23576;9261979;1262088192;33570816;1446674432;0;0;0;0;0;0;0;0;0;0;0;4258;0;0;133;0;122;0;
23577;4847080;1262088192;33570816;1446674432;0;0;0;0;0;0;0;0;0;0;0;3968;0;0;133;0;122;0;
23578;8505631;1262088192;33570816;1446674432;0;0;0;0;0;0;0;0;0;0;0;3717;0;0;133;0;122;0;
23579;4643027;1262088192;33570816;1446674432;0;0;0;0;0;0;0;0;0;0;0;2855;0;0;133;0;122;0;
23580;6328068;1262088192;33570816;1446674432;0;0;0;0;0;0;0;0;0;0;0;3476;0;0;133;0;122;0;
23581;4807576;1262088192;33570816;1446674432;0;0;0;0;0;0;0;0;0;0;0;3797;0;0;133;0;122;0;
23582;5947955;1262088192;33570816;1446674432;0;0;0;0;0;0;0;0;0;0;0;2625;0;0;133;0;122;0;
23583;6473259;1262088192;33570816;1446674432;0;0;0;0;0;0;0;0;0;0;0;3176;0;0;133;0;122;0;
23584;5625150;1262088192;33570816;1446674432;0;0;0;0;0;0;0;0;0;0;0;3116;0;0;133;0;122;0;
23585;6301778;1262088192;33570816;1446674432;0;0;0;0;0;0;0;0;0;0;0;3416;0;0;133;0;122;0;
23586;5978021;1262088192;33570816;1446674432;0;0;0;0;0;0;0;0;0;0;0;3567;0;0;133;0;122;0;
23587;5043108;1262088192;33570816;1446674432;0;0;0;0;0;0;0;0;0;0;0;3516;0;0;133;0;122;0;
23588;6260882;1262088192;33570816;1446674432;0;0;0;0;0;0;0;0;0;0;0;3166;0;0;133;0;122;0;
23589;4920057;1262088192;33570816;1446674432;0;0;0;0;0;0;0;0;0;0;0;4980;0;0;133;0;122;0;
23590;6107023;1262088192;33570816;1446674432;0;0;0;0;0;0;0;0;0;0;0;4418;0;0;133;0;122;0;
23591;5837558;1262088192;33570816;1446674432;0;0;0;0;0;0;0;0;0;0;0;5019;0;0;133;0;122;0;
23592;6843855;1262088192;33570816;1446674432;0;0;0;0;0;0;0;0;0;0;0;4148;0;0;133;0;122;0;
23593;6718310;1262088192;33570816;1446674432;0;0;0;0;0;0;0;0;0;0;0;3777;0;0;133;0;122;0;
23594;6525097;1262088192;33570816;1446674432;0;0;0;0;0;0;0;0;0;0;0;3797;0;0;133;0;122;0;
23595;6987214;1262088192;33570816;1446674432;0;0;0;0;0;0;0;0;0;0;0;3186;0;0;133;0;122;0;
23596;5464799;1262088192;33570816;1446674432;0;0;0;0;0;0;0;0;0;0;0;3046;0;0;133;0;122;0;
23597;5823251;1262088192;33570816;1446674432;0;0;0;0;0;0;0;0;0;0;0;3026;0;0;133;0;122;0;
23598;5570627;1262088192;33570816;1446674432;0;0;0;0;0;0;0;0;0;0;0;3106;0;0;133;0;122;0;
23599;8164261;1262088192;33570816;1446674432;0;0;0;0;0;0;0;0;0;0;0;3416;0;0;133;0;122;0;
23600;8041330;1262088192;33570816;1446674432;0;0;0;0;0;0;0;0;0;0;0;2494;0;0;133;0;122;0;
23601;8112935;1262088192;33570816;1446674432;0;0;0;0;0;0;0;0;0;0;0;3126;0;0;133;0;122;0;
23602;6766039;1262088192;33570816;1446674432;0;0;0;0;0;0;0;0;0;0;0;2765;0;0;133;0;122;0;
23603;6834597;1262088192;33570816;1446674432;0;0;0;0;0;0;0;0;0;0;0;4288;0;0;133;0;122;0;
23604;8011645;1262088192;33570816;1446674432;0;0;0;0;0;0;0;0;0;0;0;5210;0;0;133;0;122;0;
23605;7798325;1262088192;33570816;1446674432;0;0;0;0;0;0;0;0;0;0;0;4298;0;0;133;0;122;0;
23606;8808629;1262088192;33570816;1446674432;0;0;0;0;0;0;0;0;0;0;0;3957;0;0;133;0;122;0;
23607;5204550;1262088192;33570816;1446674432;0;0;0;0;0;0;0;0;0;0;0;4278;0;0;133;0;122;0;
23608;7406630;1262088192;33570816;1446674432;0;0;0;0;0;0;0;0;0;0;0;3196;0;0;133;0;122;0;
23609;5436375;1262088192;33570816;1446674432;0;0;0;0;0;0;0;0;0;0;0;3837;0;0;133;0;122;0;
23610;6519727;1262088192;33570816;1446674432;0;0;0;0;0;0;0;0;0;0;0;4358;0;0;133;0;122;0;
23611;5721110;1262088192;33570816;1446674432;0;0;0;0;0;0;0;0;0;0;0;3586;0;0;133;0;122;0;
23612;6226427;1262088192;33570816;1446674432;0;0;0;0;0;0;0;0;0;0;0;3316;0;0;133;0;122;0;
23613;5917367;1262088192;33570816;1446674432;0;0;0;0;0;0;0;0;0;0;0;4930;0;0;133;0;122;0;
23614;5731720;1262088192;33570816;1446674432;0;0;0;0;0;0;0;0;0;0;0;3206;0;0;133;0;122;0;
23615;4901843;1262088192;33570816;1446674432;0;0;0;0;0;0;0;0;0;0;0;4428;0;0;133;0;122;0;
23616;6307749;1262088192;33570816;1446674432;0;0;0;0;0;0;0;0;0;0;0;2955;0;0;133;0;122;0;
23617;6922392;1262088192;33570816;1446674432;0;0;0;0;0;0;0;0;0;0;0;4037;0;0;133;0;122;0;
23618;5328614;1262088192;33570816;1446674432;0;0;0;0;0;0;0;0;0;0;0;3005;0;0;133;0;122;0;
23619;4180249;1262088192;33570816;1446674432;0;0;0;0;0;0;0;0;0;0;0;3596;0;0;133;0;122;0;
23620;7050322;1262088192;33570816;1446674432;0;0;0;0;0;0;0;0;0;0;0;3697;0;0;133;0;122;0;
23621;4592212;1262088192;33570816;1446674432;0;0;0;0;0;0;0;0;0;0;0;3226;0;0;133;0;122;0;
23622;6892527;1262088192;33570816;1446674432;0;0;0;0;0;0;0;0;0;0;0;3627;0;0;133;0;122;0;
23623;4623370;1262088192;33570816;1446674432;0;0;0;0;0;0;0;0;0;0;0;4468;0;0;133;0;122;0;
23624;6516822;1262088192;33570816;1446674432;0;0;0;0;0;0;0;0;0;0;0;3266;0;0;133;0;122;0;
23625;7482342;1262088192;33570816;1446674432;0;0;0;0;0;0;0;0;0;0;0;3727;0;0;133;0;122;0;
23626;7070730;1262088192;33570816;1446674432;0;0;0;0;0;0;0;0;0;0;0;4028;0;0;133;0;122;0;
23627;4187653;1262088192;33570816;1446674432;0;0;0;0;0;0;0;0;0;0;0;3737;0;0;133;0;122;0;
23628;6197011;1262088192;33570816;1446674432;0;0;0;0;0;0;0;0;0;0;0;3447;0;0;133;0;122;0;
23629;5712634;1262088192;33570816;1446674432;0;0;0;0;0;0;0;0;0;0;0;4298;0;0;133;0;122;0;
23630;6517472;1262088192;33570816;1446674432;0;0;0;0;0;0;0;0;0;0;0;2755;0;0;133;0;122;0;
23631;5764360;1262088192;33570816;1446674432;0;0;0;0;0;0;0;0;0;0;0;4639;0;0;133;0;122;0;
23632;6182234;1262088192;33570816;1446674432;0;0;0;0;0;0;0;0;0;0;0;2866;0;0;133;0;122;0;
23633;4483528;1262088192;33570816;1446674432;0;0;0;0;0;0;0;0;0;0;0;3126;0;0;133;0;122;0;
23634;6184779;1262088192;33570816;1446674432;0;0;0;0;0;0;0;0;0;0;0;2635;0;0;133;0;122;0;
23635;4737234;1262088192;33570816;1446674432;0;0;0;0;0;0;0;0;0;0;0;2945;0;0;133;0;122;0;
23636;6043915;1262088192;33570816;1446674432;0;0;0;0;0;0;0;0;0;0;0;2084;0;0;133;0;122;0;
23637;5886099;1262088192;33570816;1446674432;0;0;0;0;0;0;0;0;0;0;0;2655;0;0;133;0;122;0;
23638;5533548;1262088192;33570816;1446674432;0;0;0;0;0;0;0;0;0;0;0;2424;0;0;133;0;122;0;
23639;4042111;1262088192;33570816;1446674432;0;0;0;0;0;0;0;0;0;0;0;2165;0;0;133;0;122;0;
23640;5343571;1262088192;33570816;1446674432;0;0;0;0;0;0;0;0;0;0;0;2044;0;0;133;0;122;0;
23641;3667488;1262088192;33570816;1446674432;0;0;0;0;0;0;0;0;0;0;0;2425;0;0;133;0;122;0;
23642;4730191;1262088192;33570816;1446674432;0;0;0;0;0;0;0;0;0;0;0;1994;0;0;133;0;122;0;
23643;4363323;1262088192;33570816;1446674432;0;0;0;0;0;0;0;0;0;0;0;3327;0;0;133;0;122;0;
23644;5654244;1262088192;33570816;1446674432;0;0;0;0;0;0;0;0;0;0;0;2274;0;0;133;0;122;0;
23645;3964514;1262088192;33570816;1446674432;0;0;0;0;0;0;0;0;0;0;0;2845;0;0;133;0;122;0;
23646;5233184;1262088192;33570816;1446674432;0;0;0;0;0;0;0;0;0;0;0;2344;0;0;133;0;122;0;
23647;4340089;1262088192;33570816;1446674432;0;0;0;0;0;0;0;0;0;0;0;3216;0;0;133;0;122;0;
23648;5971769;1262088192;33570816;1446674432;0;0;0;0;0;0;0;0;0;0;0;2746;0;0;133;0;122;0;
23649;3543996;1262088192;33570816;1446674432;0;0;0;0;0;0;0;0;0;0;0;2795;0;0;133;0;122;0;
23650;4922201;1262088192;33570816;1446674432;0;0;0;0;0;0;0;0;0;0;0;2013;0;0;133;0;122;0;
23651;4329620;1262088192;33570816;1446674432;0;0;0;0;0;0;0;0;0;0;0;2725;0;0;133;0;122;0;
23652;5190634;1262088192;33570816;1446674432;0;0;0;0;0;0;0;0;0;0;0;2786;0;0;133;0;122;0;
23653;4069431;1262088192;33570816;1446674432;0;0;0;0;0;0;0;0;0;0;0;2915;0;0;133;0;122;0;
23654;6097846;1262088192;33570816;1446674432;0;0;0;0;0;0;0;0;0;0;0;3026;0;0;133;0;122;0;
23655;3390669;1262088192;33570816;1446674432;0;0;0;0;0;0;0;0;0;0;0;2214;0;0;133;0;122;0;
23656;5153625;1262088192;33570816;1446674432;0;0;0;0;0;0;0;0;0;0;0;2525;0;0;133;0;122;0;
23657;4478399;1262088192;33570816;1446674432;0;0;0;0;0;0;0;0;0;0;0;2184;0;0;133;0;122;0;
23658;6063732;1262088192;33570816;1446674432;0;0;0;0;0;0;0;0;0;0;0;2014;0;0;133;0;122;0;
23659;4255731;1262088192;33570816;1446674432;0;0;0;0;0;0;0;0;0;0;0;2775;0;0;133;0;122;0;
23660;5972391;1262088192;33570816;1446674432;0;0;0;0;0;0;0;0;0;0;0;2104;0;0;133;0;122;0;
23661;3938075;1262088192;33570816;1446674432;0;0;0;0;0;0;0;0;0;0;0;2174;0;0;133;0;122;0;
23662;6237027;1262088192;33570816;1446674432;0;0;0;0;0;0;0;0;0;0;0;2605;0;0;133;0;122;0;
23663;4040608;1262088192;33570816;1446674432;0;0;0;0;0;0;0;0;0;0;0;2264;0;0;133;0;122;0;
23664;5592308;1262088192;33570816;1446674432;0;0;0;0;0;0;0;0;0;0;0;2064;0;0;133;0;122;0;
23665;3534448;1262088192;33570816;1446674432;0;0;0;0;0;0;0;0;0;0;0;1934;0;0;133;0;122;0;
23666;6125387;1262088192;33570816;1446674432;0;0;0;0;0;0;0;0;0;0;0;2234;0;0;133;0;122;0;
23667;3793244;1262088192;33570816;1446674432;0;0;0;0;0;0;0;0;0;0;0;2124;0;0;133;0;122;0;
23668;5828160;1262088192;33570816;1446674432;0;0;0;0;0;0;0;0;0;0;0;2364;0;0;133;0;122;0;
23669;3804615;1262088192;33570816;1446674432;0;0;0;0;0;0;0;0;0;0;0;3006;0;0;133;0;122;0;
23670;5565888;1262088192;33570816;1446674432;0;0;0;0;0;0;0;0;0;0;0;2585;0;0;133;0;122;0;
23671;4016363;1262088192;33570816;1446674432;0;0;0;0;0;0;0;0;0;0;0;3066;0;0;133;0;122;0;
23672;6201330;1262088192;33570816;1446674432;0;0;0;0;0;0;0;0;0;0;0;106931;0;0;133;0;122;0;
23673;3675994;1262088192;33574912;1446678528;0;0;0;0;0;0;0;0;0;0;0;2665;0;0;133;0;122;0;
23674;5842797;1262088192;33574912;1446678528;0;0;0;0;0;0;0;0;0;0;0;2405;0;0;133;0;122;0;
23675;3052685;1262088192;33574912;1446678528;0;0;0;0;0;0;0;0;0;0;0;2265;0;0;133;0;122;0;
23676;8830591;1262088192;33574912;1446678528;0;0;0;0;0;0;0;0;0;0;0;4618;0;0;133;0;122;0;
23677;4108846;1262088192;33574912;1446678528;0;0;0;0;0;0;0;0;0;0;0;3817;0;0;133;0;122;0;
23678;6798109;1262088192;33574912;1446678528;0;0;0;0;0;0;0;0;0;0;0;3807;0;0;133;0;122;0;
23679;4210065;1262088192;33570816;1446674432;0;0;0;0;0;0;0;0;0;0;0;3636;0;0;133;0;122;0;
23680;7511517;1262088192;33570816;1446674432;0;0;0;0;0;0;0;0;0;0;0;4458;0;0;133;0;122;0;
23681;5263932;1262084096;33566720;1446670336;0;0;0;0;0;0;0;0;0;0;0;3516;0;0;133;0;122;0;
23682;5620240;1262084096;33566720;1446670336;0;0;0;0;0;0;0;0;0;0;0;2945;0;0;133;0;122;0;
23683;5544107;1262084096;33566720;1446670336;0;0;0;0;0;0;0;0;0;0;0;4037;0;0;133;0;122;0;
23684;5441244;1262084096;33566720;1446670336;0;0;0;0;0;0;0;0;0;0;0;3076;0;0;133;0;122;0;
23685;6228952;1262084096;33566720;1446670336;0;0;0;0;0;0;0;0;0;0;0;3377;0;0;133;0;122;0;
23686;4788561;1262084096;33566720;1446670336;0;0;0;0;0;0;0;0;0;0;0;3466;0;0;133;0;122;0;
23687;6544794;1262084096;33566720;1446670336;0;0;0;0;0;0;0;0;0;0;0;3998;0;0;133;0;122;0;
23688;5737410;1262084096;33566720;1446670336;0;0;0;0;0;0;0;0;0;0;0;3357;0;0;133;0;122;0;
23689;6214084;1262084096;33566720;1446670336;0;0;0;0;0;0;0;0;0;0;0;2665;0;0;133;0;122;0;
23690;5269221;1262084096;33566720;1446670336;0;0;0;0;0;0;0;0;0;0;0;2925;0;0;133;0;122;0;
23691;4960232;1262084096;33566720;1446670336;0;0;0;0;0;0;0;0;0;0;0;4348;0;0;133;0;122;0;
23692;6098347;1262084096;33566720;1446670336;0;0;0;0;0;0;0;0;0;0;0;2946;0;0;133;0;122;0;
23693;6753937;1262084096;33566720;1446670336;0;0;0;0;0;0;0;0;0;0;0;4098;0;0;133;0;122;0;
23694;5795168;1262084096;33570816;1446674432;0;0;0;0;0;0;0;0;0;0;0;4608;0;0;133;0;122;0;
23695;7095627;1262084096;33574912;1446678528;0;0;0;0;0;0;0;0;0;0;0;3276;0;0;133;0;122;0;
23696;6390945;1262084096;33574912;1446678528;0;0;0;0;0;0;0;0;0;0;0;3357;0;0;133;0;122;0;
23697;5407320;1262084096;33574912;1446678528;0;0;0;0;0;0;0;0;0;0;0;3797;0;0;133;0;122;0;
23698;5613578;1262084096;33574912;1446678528;0;0;0;0;0;0;0;0;0;0;0;3517;0;0;133;0;122;0;
23699;5943256;1262084096;33574912;1446678528;0;0;0;0;0;0;0;0;0;0;0;3507;0;0;133;0;122;0;
23700;7348942;1262084096;33574912;1446678528;0;0;0;0;0;0;0;0;0;0;0;3797;0;0;133;0;122;0;
23701;7549929;1262084096;33566720;1446670336;0;0;0;0;0;0;0;0;0;0;0;4318;0;0;133;0;122;0;
23702;6562457;1262084096;33566720;1446670336;0;0;0;0;0;0;0;0;0;0;0;43452;0;0;133;0;122;0;
23703;6408648;1262084096;33566720;1446670336;0;0;0;0;0;0;0;0;0;0;0;3848;0;0;133;0;122;0;
23704;6308611;1262084096;33566720;1446670336;0;0;0;0;0;0;0;0;0;0;0;3586;0;0;133;0;122;0;
23705;6623031;1262084096;33566720;1446670336;0;0;0;0;0;0;0;0;0;0;0;5580;0;0;133;0;122;0;
23706;6788922;1262084096;33566720;1446670336;0;0;0;0;0;0;0;0;0;0;0;3717;0;0;133;0;122;0;
23707;7936935;1262084096;33566720;1446670336;0;0;0;0;0;0;0;0;0;0;0;122429;0;0;133;0;122;0;
23708;6242176;1262084096;33566720;1446670336;0;0;0;0;0;0;0;0;0;0;0;3827;0;0;133;0;122;0;
23709;5336077;1262084096;33570816;1446674432;0;0;0;0;0;0;0;0;0;0;0;3226;0;0;133;0;122;0;
23710;5663401;1262084096;33570816;1446674432;0;0;0;0;0;0;0;0;0;0;0;3436;0;0;133;0;122;0;
23711;6406565;1262084096;33570816;1446674432;0;0;0;0;0;0;0;0;0;0;0;3026;0;0;133;0;122;0;
23712;7352609;1262084096;33570816;1446674432;0;0;0;0;0;0;0;0;0;0;0;3627;0;0;133;0;122;0;
23713;3351906;1262084096;33570816;1446674432;0;0;0;0;0;0;0;0;0;0;0;3126;0;0;133;0;122;0;
23714;7534149;1262084096;33570816;1446674432;0;0;0;0;0;0;0;0;0;0;0;4148;0;0;133;0;122;0;
23715;4243308;1262084096;33570816;1446674432;0;0;0;0;0;0;0;0;0;0;0;3517;0;0;133;0;122;0;
23716;6812567;1262084096;33570816;1446674432;0;0;0;0;0;0;0;0;0;0;0;3897;0;0;133;0;122;0;
23717;3828399;1262084096;33570816;1446674432;0;0;0;0;0;0;0;0;0;0;0;3396;0;0;133;0;122;0;
23718;6829899;1262084096;33570816;1446674432;0;0;0;0;0;0;0;0;0;0;0;3236;0;0;133;0;122;0;
23719;5478164;1262084096;33570816;1446674432;0;0;0;0;0;0;0;0;0;0;0;3156;0;0;133;0;122;0;
23720;7795710;1262084096;33570816;1446674432;0;0;0;0;0;0;0;0;0;0;0;3486;0;0;133;0;122;0;
23721;3934459;1262084096;33570816;1446674432;0;0;0;0;0;0;0;0;0;0;0;3647;0;0;133;0;122;0;
23722;7203068;1262084096;33570816;1446674432;0;0;0;0;0;0;0;0;0;0;0;4178;0;0;133;0;122;0;
23723;4156305;1262084096;33570816;1446674432;0;0;0;0;0;0;0;0;0;0;0;3126;0;0;133;0;122;0;
23724;6616900;1262084096;33570816;1446674432;0;0;0;0;0;0;0;0;0;0;0;3427;0;0;133;0;122;0;
23725;4668746;1262084096;33570816;1446674432;0;0;0;0;0;0;0;0;0;0;0;3257;0;0;133;0;122;0;
23726;6221838;1262084096;33570816;1446674432;0;0;0;0;0;0;0;0;0;0;0;4899;0;0;133;0;122;0;
23727;4017103;1262084096;33570816;1446674432;0;0;0;0;0;0;0;0;0;0;0;2755;0;0;133;0;122;0;
23728;7415587;1262084096;33570816;1446674432;0;0;0;0;0;0;0;0;0;0;0;3186;0;0;133;0;122;0;
23729;5955368;1262084096;33570816;1446674432;0;0;0;0;0;0;0;0;0;0;0;3246;0;0;133;0;122;0;
23730;10260592;1262084096;33570816;1446674432;0;0;0;0;0;0;0;0;0;0;0;4538;0;0;133;0;122;0;
23731;5077081;1262084096;33570816;1446674432;0;0;0;0;0;0;0;0;0;0;0;3677;0;0;133;0;122;0;
23732;7021639;1262084096;33570816;1446674432;0;0;0;0;0;0;0;0;0;0;0;3717;0;0;133;0;122;0;
23733;4670599;1262084096;33570816;1446674432;0;0;0;0;0;0;0;0;0;0;0;3086;0;0;133;0;122;0;
23734;7595695;1262084096;33570816;1446674432;0;0;0;0;0;0;0;0;0;0;0;4649;0;0;133;0;122;0;
23735;4103375;1262084096;33570816;1446674432;0;0;0;0;0;0;0;0;0;0;0;3427;0;0;133;0;122;0;
23736;5425696;1262084096;33570816;1446674432;0;0;0;0;0;0;0;0;0;0;0;2635;0;0;133;0;122;0;
23737;4921880;1262084096;33570816;1446674432;0;0;0;0;0;0;0;0;0;0;0;2996;0;0;133;0;122;0;
23738;7398555;1262084096;33570816;1446674432;0;0;0;0;0;0;0;0;0;0;0;2966;0;0;133;0;122;0;
23739;4183807;1262084096;33570816;1446674432;0;0;0;0;0;0;0;0;0;0;0;4128;0;0;133;0;122;0;
23740;5867765;1262084096;33570816;1446674432;0;0;0;0;0;0;0;0;0;0;0;2775;0;0;133;0;122;0;
23741;4707869;1262084096;33570816;1446674432;0;0;0;0;0;0;0;0;0;0;0;3287;0;0;133;0;122;0;
23742;6334470;1262084096;33570816;1446674432;0;0;0;0;0;0;0;0;0;0;0;2785;0;0;133;0;122;0;
23743;3992037;1262084096;33570816;1446674432;0;0;0;0;0;0;0;0;0;0;0;3146;0;0;133;0;122;0;
23744;6627149;1262084096;33570816;1446674432;0;0;0;0;0;0;0;0;0;0;0;2675;0;0;133;0;122;0;
23745;3165116;1262084096;33570816;1446674432;0;0;0;0;0;0;0;0;0;0;0;3125;0;0;133;0;122;0;
23746;6310945;1262084096;33570816;1446674432;0;0;0;0;0;0;0;0;0;0;0;2445;0;0;133;0;122;0;
23747;3997487;1262084096;33570816;1446674432;0;0;0;0;0;0;0;0;0;0;0;2855;0;0;133;0;122;0;
23748;5369360;1262084096;33570816;1446674432;0;0;0;0;0;0;0;0;0;0;0;2424;0;0;133;0;122;0;
23749;4159250;1262084096;33570816;1446674432;0;0;0;0;0;0;0;0;0;0;0;2825;0;0;133;0;122;0;
23750;6017676;1262084096;33570816;1446674432;0;0;0;0;0;0;0;0;0;0;0;2645;0;0;133;0;122;0;
23751;3474817;1262084096;33570816;1446674432;0;0;0;0;0;0;0;0;0;0;0;3086;0;0;133;0;122;0;
23752;7328765;1262084096;33570816;1446674432;0;0;0;0;0;0;0;0;0;0;0;3116;0;0;133;0;122;0;
23753;5646560;1262084096;33570816;1446674432;0;0;0;0;0;0;0;0;0;0;0;3016;0;0;133;0;122;0;
23754;5761996;1262084096;33570816;1446674432;0;0;0;0;0;0;0;0;0;0;0;2686;0;0;133;0;122;0;
23755;4353895;1262084096;33570816;1446674432;0;0;0;0;0;0;0;0;0;0;0;3346;0;0;133;0;122;0;
23756;5373858;1262084096;33570816;1446674432;0;0;0;0;0;0;0;0;0;0;0;2404;0;0;133;0;122;0;
23757;4379303;1262084096;33570816;1446674432;0;0;0;0;0;0;0;0;0;0;0;3486;0;0;133;0;122;0;
23758;5900445;1262084096;33570816;1446674432;0;0;0;0;0;0;0;0;0;0;0;2715;0;0;133;0;122;0;
23759;3646910;1262084096;33570816;1446674432;0;0;0;0;0;0;0;0;0;0;0;2905;0;0;133;0;122;0;
23760;6190579;1262084096;33570816;1446674432;0;0;0;0;0;0;0;0;0;0;0;2775;0;0;133;0;122;0;
23761;3780219;1262084096;33570816;1446674432;0;0;0;0;0;0;0;0;0;0;0;2865;0;0;133;0;122;0;
23762;5820836;1262084096;33570816;1446674432;0;0;0;0;0;0;0;0;0;0;0;2865;0;0;133;0;122;0;
23763;3114150;1262084096;33570816;1446674432;0;0;0;0;0;0;0;0;0;0;0;3336;0;0;133;0;122;0;
23764;5255045;1262084096;33570816;1446674432;0;0;0;0;0;0;0;0;0;0;0;2174;0;0;133;0;122;0;
23765;3571378;1262084096;33570816;1446674432;0;0;0;0;0;0;0;0;0;0;0;3166;0;0;133;0;122;0;
23766;5012440;1262084096;33570816;1446674432;0;0;0;0;0;0;0;0;0;0;0;2234;0;0;133;0;122;0;
23767;3833339;1262084096;33570816;1446674432;0;0;0;0;0;0;0;0;0;0;0;2896;0;0;133;0;122;0;
23768;6262664;1262084096;33570816;1446674432;0;0;0;0;0;0;0;0;0;0;0;2605;0;0;133;0;122;0;
23769;4847210;1262084096;33570816;1446674432;0;0;0;0;0;0;0;0;0;0;0;3727;0;0;133;0;122;0;
23770;4742053;1262084096;33570816;1446674432;0;0;0;0;0;0;0;0;0;0;0;2966;0;0;133;0;122;0;
23771;4831982;1262084096;33570816;1446674432;0;0;0;0;0;0;0;0;0;0;0;3697;0;0;133;0;122;0;
23772;5300461;1262084096;33570816;1446674432;0;0;0;0;0;0;0;0;0;0;0;2946;0;0;133;0;122;0;
23773;4791135;1262084096;33570816;1446674432;0;0;0;0;0;0;0;0;0;0;0;2906;0;0;133;0;122;0;
23774;6786587;1262084096;33570816;1446674432;0;0;0;0;0;0;0;0;0;0;0;2625;0;0;133;0;122;0;
23775;4309993;1262084096;33570816;1446674432;0;0;0;0;0;0;0;0;0;0;0;3085;0;0;133;0;122;0;
23776;6756401;1262084096;33570816;1446674432;0;0;0;0;0;0;0;0;0;0;0;2304;0;0;133;0;122;0;
23777;9001591;1262084096;33570816;1446674432;0;0;0;0;0;0;0;0;0;0;0;2514;0;0;133;0;122;0;
23778;4617980;1262084096;33570816;1446674432;0;0;0;0;0;0;0;0;0;0;0;2114;0;0;133;0;122;0;
23779;3640678;1262084096;33570816;1446674432;0;0;0;0;0;0;0;0;0;0;0;2554;0;0;133;0;122;0;
23780;5104162;1262084096;33570816;1446674432;0;0;0;0;0;0;0;0;0;0;0;2485;0;0;133;0;122;0;
23781;7540882;1262084096;33570816;1446674432;0;0;0;0;0;0;0;0;0;0;0;3236;0;0;133;0;122;0;
23782;5692195;1262084096;33570816;1446674432;0;0;0;0;0;0;0;0;0;0;0;2855;0;0;133;0;122;0;
23783;4968639;1262084096;33570816;1446674432;0;0;0;0;0;0;0;0;0;0;0;3486;0;0;133;0;122;0;
23784;6293212;1262084096;33570816;1446674432;0;0;0;0;0;0;0;0;0;0;0;2755;0;0;133;0;122;0;
23785;4204355;1262084096;33570816;1446674432;0;0;0;0;0;0;0;0;0;0;0;4328;0;0;133;0;122;0;
23786;5790810;1262084096;33570816;1446674432;0;0;0;0;0;0;0;0;0;0;0;2575;0;0;133;0;122;0;
23787;3810867;1262084096;33570816;1446674432;0;0;0;0;0;0;0;0;0;0;0;3337;0;0;133;0;122;0;
23788;7088684;1262084096;33570816;1446674432;0;0;0;0;0;0;0;0;0;0;0;2544;0;0;133;0;122;0;
23789;5258953;1262084096;33570816;1446674432;0;0;0;0;0;0;0;0;0;0;0;3727;0;0;133;0;122;0;
23790;6617410;1262084096;33570816;1446674432;0;0;0;0;0;0;0;0;0;0;0;3487;0;0;133;0;122;0;
23791;5542033;1262084096;33570816;1446674432;0;0;0;0;0;0;0;0;0;0;0;3727;0;0;133;0;122;0;
23792;6997733;1262084096;33570816;1446674432;0;0;0;0;0;0;0;0;0;0;0;2896;0;0;133;0;122;0;
23793;4505530;1262084096;33570816;1446674432;0;0;0;0;0;0;0;0;0;0;0;2825;0;0;133;0;122;0;
23794;7000729;1262084096;33570816;1446674432;0;0;0;0;0;0;0;0;0;0;0;2816;0;0;133;0;122;0;
23795;4990338;1262084096;33570816;1446674432;0;0;0;0;0;0;0;0;0;0;0;3156;0;0;133;0;122;0;
23796;6821744;1262084096;33570816;1446674432;0;0;0;0;0;0;0;0;0;0;0;2524;0;0;133;0;122;0;
23797;5345915;1262084096;33570816;1446674432;0;0;0;0;0;0;0;0;0;0;0;2695;0;0;133;0;122;0;
23798;5893142;1262084096;33570816;1446674432;0;0;0;0;0;0;0;0;0;0;0;3286;0;0;133;0;122;0;
23799;4610316;1262084096;33570816;1446674432;0;0;0;0;0;0;0;0;0;0;0;4038;0;0;133;0;122;0;
23800;6982966;1262084096;33570816;1446674432;0;0;0;0;0;0;0;0;0;0;0;2525;0;0;133;0;122;0;
23801;6616939;1262084096;33570816;1446674432;0;0;0;0;0;0;0;0;0;0;0;3166;0;0;133;0;122;0;
23802;5943596;1262084096;33570816;1446674432;0;0;0;0;0;0;0;0;0;0;0;3697;0;0;133;0;122;0;
23803;5393855;1262084096;33570816;1446674432;0;0;0;0;0;0;0;0;0;0;0;3126;0;0;133;0;122;0;
23804;6265310;1262084096;33570816;1446674432;0;0;0;0;0;0;0;0;0;0;0;2685;0;0;133;0;122;0;
23805;4707308;1262084096;33570816;1446674432;0;0;0;0;0;0;0;0;0;0;0;3166;0;0;133;0;122;0;
23806;6952719;1262084096;33570816;1446674432;0;0;0;0;0;0;0;0;0;0;0;3486;0;0;133;0;122;0;
23807;3791711;1262084096;33570816;1446674432;0;0;0;0;0;0;0;0;0;0;0;4618;0;0;133;0;122;0;
23808;7416449;1262084096;33570816;1446674432;0;0;0;0;0;0;0;0;0;0;0;2905;0;0;133;0;122;0;
23809;3237301;1262084096;33570816;1446674432;0;0;0;0;0;0;0;0;0;0;0;3536;0;0;133;0;122;0;
23810;5800397;1262084096;33570816;1446674432;0;0;0;0;0;0;0;0;0;0;0;3176;0;0;133;0;122;0;
23811;3976869;1262084096;33570816;1446674432;0;0;0;0;0;0;0;0;0;0;0;4368;0;0;133;0;122;0;
23812;8333218;1262084096;33570816;1446674432;0;0;0;0;0;0;0;0;0;0;0;4639;0;0;133;0;122;0;
23813;6500110;1262084096;33570816;1446674432;0;0;0;0;0;0;0;0;0;0;0;3326;0;0;133;0;122;0;
23814;7036636;1262084096;33570816;1446674432;0;0;0;0;0;0;0;0;0;0;0;4698;0;0;133;0;122;0;
23815;9609081;1262084096;33570816;1446674432;0;0;0;0;0;0;0;0;0;0;0;3787;0;0;133;0;122;0;
23816;6884791;1262084096;33570816;1446674432;0;0;0;0;0;0;0;0;0;0;0;3767;0;0;133;0;122;0;
23817;5747268;1262084096;33570816;1446674432;0;0;0;0;0;0;0;0;0;0;0;3506;0;0;133;0;122;0;
23818;8063833;1262084096;33570816;1446674432;0;0;0;0;0;0;0;0;0;0;0;4578;0;0;133;0;122;0;
23819;7325408;1262084096;33570816;1446674432;0;0;0;0;0;0;0;0;0;0;0;4158;0;0;133;0;122;0;
23820;6967737;1262084096;33570816;1446674432;0;0;0;0;0;0;0;0;0;0;0;3877;0;0;133;0;122;0;
23821;5114642;1262084096;33570816;1446674432;0;0;0;0;0;0;0;0;0;0;0;3737;0;0;133;0;122;0;
23822;5982139;1262084096;33570816;1446674432;0;0;0;0;0;0;0;0;0;0;0;2755;0;0;133;0;122;0;
23823;3999390;1262084096;33570816;1446674432;0;0;0;0;0;0;0;0;0;0;0;3226;0;0;133;0;122;0;
23824;5823982;1262084096;33570816;1446674432;0;0;0;0;0;0;0;0;0;0;0;3537;0;0;133;0;122;0;
23825;4299253;1262084096;33570816;1446674432;0;0;0;0;0;0;0;0;0;0;0;3898;0;0;133;0;122;0;
23826;7434342;1262084096;33570816;1446674432;0;0;0;0;0;0;0;0;0;0;0;6222;0;0;133;0;122;0;
23827;4876415;1262084096;33570816;1446674432;0;0;0;0;0;0;0;0;0;0;0;4047;0;0;133;0;122;0;
23828;7763289;1262084096;33570816;1446674432;0;0;0;0;0;0;0;0;0;0;0;4679;0;0;133;0;122;0;
23829;5505004;1262084096;33570816;1446674432;0;0;0;0;0;0;0;0;0;0;0;4138;0;0;133;0;122;0;
23830;8761280;1262084096;33570816;1446674432;0;0;0;0;0;0;0;0;0;0;0;3476;0;0;133;0;122;0;
23831;7350295;1262084096;33570816;1446674432;0;0;0;0;0;0;0;0;0;0;0;4298;0;0;133;0;122;0;
23832;7289330;1262084096;33570816;1446674432;0;0;0;0;0;0;0;0;0;0;0;5680;0;0;133;0;122;0;
23833;5138356;1262084096;33570816;1446674432;0;0;0;0;0;0;0;0;0;0;0;4469;0;0;133;0;122;0;
23834;7307284;1262084096;33570816;1446674432;0;0;0;0;0;0;0;0;0;0;0;3576;0;0;133;0;122;0;
23835;6637047;1262084096;33570816;1446674432;0;0;0;0;0;0;0;0;0;0;0;4519;0;0;133;0;122;0;
23836;7931094;1262084096;33570816;1446674432;0;0;0;0;0;0;0;0;0;0;0;3998;0;0;133;0;122;0;
23837;6033505;1262084096;33570816;1446674432;0;0;0;0;0;0;0;0;0;0;0;2625;0;0;133;0;122;0;
23838;8604005;1262084096;33570816;1446674432;0;0;0;0;0;0;0;0;0;0;0;3016;0;0;133;0;122;0;
23839;6531078;1262084096;33570816;1446674432;0;0;0;0;0;0;0;0;0;0;0;3016;0;0;133;0;122;0;
23840;6765618;1262084096;33570816;1446674432;0;0;0;0;0;0;0;0;0;0;0;4118;0;0;133;0;122;0;
23841;6049745;1262084096;33570816;1446674432;0;0;0;0;0;0;0;0;0;0;0;3035;0;0;133;0;122;0;
23842;6933122;1262084096;33570816;1446674432;0;0;0;0;0;0;0;0;0;0;0;3376;0;0;133;0;122;0;
23843;6766019;1262084096;33570816;1446674432;0;0;0;0;0;0;0;0;0;0;0;4649;0;0;133;0;122;0;
23844;6482347;1262084096;33570816;1446674432;0;0;0;0;0;0;0;0;0;0;0;5170;0;0;133;0;122;0;
23845;5968263;1262084096;33570816;1446674432;0;0;0;0;0;0;0;0;0;0;0;2825;0;0;133;0;122;0;
23846;7017530;1262084096;33570816;1446674432;0;0;0;0;0;0;0;0;0;0;0;3828;0;0;133;0;122;0;
23847;9763150;1262084096;33570816;1446674432;0;0;0;0;0;0;0;0;0;0;0;3677;0;0;133;0;122;0;
23848;7604812;1262084096;33570816;1446674432;0;0;0;0;0;0;0;0;0;0;0;3617;0;0;133;0;122;0;
23849;4177324;1262084096;33570816;1446674432;0;0;0;0;0;0;0;0;0;0;0;2905;0;0;133;0;122;0;
23850;6228702;1262084096;33570816;1446674432;0;0;0;0;0;0;0;0;0;0;0;4408;0;0;133;0;122;0;
23851;4969690;1262084096;33570816;1446674432;0;0;0;0;0;0;0;0;0;0;0;3216;0;0;133;0;122;0;
23852;7089095;1262084096;33570816;1446674432;0;0;0;0;0;0;0;0;0;0;0;3386;0;0;133;0;122;0;
23853;6439326;1262084096;33570816;1446674432;0;0;0;0;0;0;0;0;0;0;0;4789;0;0;133;0;122;0;
23854;6730152;1262084096;33570816;1446674432;0;0;0;0;0;0;0;0;0;0;0;3897;0;0;133;0;122;0;
23855;4971764;1262084096;33570816;1446674432;0;0;0;0;0;0;0;0;0;0;0;3496;0;0;133;0;122;0;
23856;7753951;1262084096;33570816;1446674432;0;0;0;0;0;0;0;0;0;0;0;4077;0;0;133;0;122;0;
23857;4404550;1262084096;33570816;1446674432;0;0;0;0;0;0;0;0;0;0;0;3026;0;0;133;0;122;0;
23858;8840228;1262084096;33570816;1446674432;0;0;0;0;0;0;0;0;0;0;0;7575;0;0;133;0;122;0;
23859;4164680;1262084096;33570816;1446674432;0;0;0;0;0;0;0;0;0;0;0;3637;0;0;133;0;122;0;
23860;8281081;1262084096;33570816;1446674432;0;0;0;0;0;0;0;0;0;0;0;4047;0;0;133;0;122;0;
23861;4489699;1262084096;33570816;1446674432;0;0;0;0;0;0;0;0;0;0;0;3527;0;0;133;0;122;0;
23862;6707038;1262084096;33570816;1446674432;0;0;0;0;0;0;0;0;0;0;0;4449;0;0;133;0;122;0;
23863;5568703;1262084096;33570816;1446674432;0;0;0;0;0;0;0;0;0;0;0;4789;0;0;133;0;122;0;
23864;7534340;1262084096;33570816;1446674432;0;0;0;0;0;0;0;0;0;0;0;3617;0;0;133;0;122;0;
23865;3995513;1262084096;33570816;1446674432;0;0;0;0;0;0;0;0;0;0;0;3667;0;0;133;0;122;0;
23866;7784449;1262084096;33570816;1446674432;0;0;0;0;0;0;0;0;0;0;0;4128;0;0;133;0;122;0;
23867;4121881;1262084096;33570816;1446674432;0;0;0;0;0;0;0;0;0;0;0;3767;0;0;133;0;122;0;
23868;7868246;1262084096;33570816;1446674432;0;0;0;0;0;0;0;0;0;0;0;3376;0;0;133;0;122;0;
23869;4894268;1262084096;33570816;1446674432;0;0;0;0;0;0;0;0;0;0;0;3797;0;0;133;0;122;0;
23870;8046430;1262084096;33570816;1446674432;0;0;0;0;0;0;0;0;0;0;0;4028;0;0;133;0;122;0;
23871;8417856;1262084096;33570816;1446674432;0;0;0;0;0;0;0;0;0;0;0;227076;0;0;133;0;122;0;
23872;8413568;1262084096;33570816;1446674432;0;0;0;0;0;0;0;0;0;0;0;3747;0;0;133;0;122;0;
23873;4969019;1262084096;33574912;1446678528;0;0;0;0;0;0;0;0;0;0;0;4368;0;0;133;0;122;0;
23874;7118580;1262084096;33574912;1446678528;0;0;0;0;0;0;0;0;0;0;0;2806;0;0;133;0;122;0;
23875;6155664;1262084096;33574912;1446678528;0;0;0;0;0;0;0;0;0;0;0;3988;0;0;133;0;122;0;
23876;9438441;1262084096;33574912;1446678528;0;0;0;0;0;0;0;0;0;0;0;3667;0;0;133;0;122;0;
23877;6271702;1262084096;33574912;1446678528;0;0;0;0;0;0;0;0;0;0;0;3186;0;0;133;0;122;0;
23878;6797838;1262084096;33574912;1446678528;0;0;0;0;0;0;0;0;0;0;0;4037;0;0;133;0;122;0;
23879;5963884;1262088192;33570816;1446674432;0;0;0;0;0;0;0;0;0;0;0;3356;0;0;133;0;122;0;
23880;8014490;1262088192;33570816;1446674432;0;0;0;0;0;0;0;0;0;0;0;4939;0;0;133;0;122;0;
23881;5472063;1262088192;33570816;1446674432;0;0;0;0;0;0;0;0;0;0;0;3226;0;0;133;0;122;0;
23882;6922823;1262088192;33570816;1446674432;0;0;0;0;0;0;0;0;0;0;0;3667;0;0;133;0;122;0;
23883;7949698;1262088192;33570816;1446674432;0;0;0;0;0;0;0;0;0;0;0;7254;0;0;133;0;122;0;
23884;7333874;1262088192;33570816;1446674432;0;0;0;0;0;0;0;0;0;0;0;3246;0;0;133;0;122;0;
23885;6088258;1262088192;33570816;1446674432;0;0;0;0;0;0;0;0;0;0;0;3547;0;0;133;0;122;0;
23886;7015958;1262088192;33570816;1446674432;0;0;0;0;0;0;0;0;0;0;0;4198;0;0;133;0;122;0;
23887;4371348;1262088192;33570816;1446674432;0;0;0;0;0;0;0;0;0;0;0;2495;0;0;133;0;122;0;
23888;7074548;1262088192;33570816;1446674432;0;0;0;0;0;0;0;0;0;0;0;4869;0;0;133;0;122;0;
23889;4740800;1262088192;33570816;1446674432;0;0;0;0;0;0;0;0;0;0;0;3677;0;0;133;0;122;0;
23890;7251119;1262088192;33570816;1446674432;0;0;0;0;0;0;0;0;0;0;0;4478;0;0;133;0;122;0;
23891;4392537;1262088192;33570816;1446674432;0;0;0;0;0;0;0;0;0;0;0;3527;0;0;133;0;122;0;
23892;5665365;1262088192;33570816;1446674432;0;0;0;0;0;0;0;0;0;0;0;3046;0;0;133;0;122;0;
23893;4675980;1262088192;33570816;1446674432;0;0;0;0;0;0;0;0;0;0;0;3937;0;0;133;0;122;0;
23894;6393119;1262088192;33570816;1446674432;0;0;0;0;0;0;0;0;0;0;0;3958;0;0;133;0;122;0;
23895;5101578;1262088192;33570816;1446674432;0;0;0;0;0;0;0;0;0;0;0;4258;0;0;133;0;122;0;
23896;4872748;1262088192;33570816;1446674432;0;0;0;0;0;0;0;0;0;0;0;2665;0;0;133;0;122;0;
23897;5846244;1262088192;33570816;1446674432;0;0;0;0;0;0;0;0;0;0;0;2875;0;0;133;0;122;0;
23898;6425651;1262088192;33570816;1446674432;0;0;0;0;0;0;0;0;0;0;0;3116;0;0;133;0;122;0;
23899;4140355;1262088192;33570816;1446674432;0;0;0;0;0;0;0;0;0;0;0;2735;0;0;133;0;122;0;
23900;6183757;1262088192;33570816;1446674432;0;0;0;0;0;0;0;0;0;0;0;2856;0;0;133;0;122;0;
23901;4365327;1262088192;33570816;1446674432;0;0;0;0;0;0;0;0;0;0;0;3146;0;0;133;0;122;0;
23902;7427510;1262088192;33570816;1446674432;0;0;0;0;0;0;0;0;0;0;0;4148;0;0;133;0;122;0;
23903;3441353;1262088192;33570816;1446674432;0;0;0;0;0;0;0;0;0;0;0;3547;0;0;133;0;122;0;
23904;5845643;1262088192;33570816;1446674432;0;0;0;0;0;0;0;0;0;0;0;3837;0;0;133;0;122;0;
23905;4201820;1262088192;33570816;1446674432;0;0;0;0;0;0;0;0;0;0;0;4108;0;0;133;0;122;0;
23906;7130221;1262088192;33570816;1446674432;0;0;0;0;0;0;0;0;0;0;0;3276;0;0;133;0;122;0;
23907;3506777;1262088192;33570816;1446674432;0;0;0;0;0;0;0;0;0;0;0;4969;0;0;133;0;122;0;
23908;7674833;1262088192;33570816;1446674432;0;0;0;0;0;0;0;0;0;0;0;3427;0;0;133;0;122;0;
23909;4697189;1262088192;33570816;1446674432;0;0;0;0;0;0;0;0;0;0;0;3898;0;0;133;0;122;0;
23910;7341177;1262088192;33570816;1446674432;0;0;0;0;0;0;0;0;0;0;0;3757;0;0;133;0;122;0;
23911;4042802;1262088192;33570816;1446674432;0;0;0;0;0;0;0;0;0;0;0;3316;0;0;133;0;122;0;
23912;6245012;1262088192;33570816;1446674432;0;0;0;0;0;0;0;0;0;0;0;3156;0;0;133;0;122;0;
23913;3911776;1262088192;33570816;1446674432;0;0;0;0;0;0;0;0;0;0;0;4087;0;0;133;0;122;0;
23914;5336238;1262088192;33570816;1446674432;0;0;0;0;0;0;0;0;0;0;0;2955;0;0;133;0;122;0;
23915;3829321;1262088192;33570816;1446674432;0;0;0;0;0;0;0;0;0;0;0;3155;0;0;133;0;122;0;
23916;6292280;1262088192;33570816;1446674432;0;0;0;0;0;0;0;0;0;0;0;3427;0;0;133;0;122;0;
23917;4600588;1262088192;33570816;1446674432;0;0;0;0;0;0;0;0;0;0;0;2575;0;0;133;0;122;0;
23918;5906116;1262088192;33570816;1446674432;0;0;0;0;0;0;0;0;0;0;0;2926;0;0;133;0;122;0;
23919;4213522;1262088192;33570816;1446674432;0;0;0;0;0;0;0;0;0;0;0;4128;0;0;133;0;122;0;
23920;5354522;1262088192;33570816;1446674432;0;0;0;0;0;0;0;0;0;0;0;3196;0;0;133;0;122;0;
23921;3929459;1262088192;33570816;1446674432;0;0;0;0;0;0;0;0;0;0;0;3817;0;0;133;0;122;0;
23922;6237518;1262088192;33570816;1446674432;0;0;0;0;0;0;0;0;0;0;0;2385;0;0;133;0;122;0;
23923;4301156;1262088192;33570816;1446674432;0;0;0;0;0;0;0;0;0;0;0;2936;0;0;133;0;122;0;
23924;6385075;1262088192;33570816;1446674432;0;0;0;0;0;0;0;0;0;0;0;2986;0;0;133;0;122;0;
23925;3982830;1262088192;33570816;1446674432;0;0;0;0;0;0;0;0;0;0;0;3837;0;0;133;0;122;0;
23926;5825104;1262088192;33570816;1446674432;0;0;0;0;0;0;0;0;0;0;0;3336;0;0;133;0;122;0;
23927;4268996;1262088192;33570816;1446674432;0;0;0;0;0;0;0;0;0;0;0;3336;0;0;133;0;122;0;
23928;5306562;1262088192;33570816;1446674432;0;0;0;0;0;0;0;0;0;0;0;3046;0;0;133;0;122;0;
23929;4807385;1262088192;33570816;1446674432;0;0;0;0;0;0;0;0;0;0;0;3918;0;0;133;0;122;0;
23930;6288042;1262088192;33570816;1446674432;0;0;0;0;0;0;0;0;0;0;0;3637;0;0;133;0;122;0;
23931;4380685;1262088192;33570816;1446674432;0;0;0;0;0;0;0;0;0;0;0;4578;0;0;133;0;122;0;
23932;5603519;1262088192;33570816;1446674432;0;0;0;0;0;0;0;0;0;0;0;2575;0;0;133;0;122;0;
23933;3646618;1262088192;33570816;1446674432;0;0;0;0;0;0;0;0;0;0;0;3647;0;0;133;0;122;0;
23934;5517427;1262088192;33570816;1446674432;0;0;0;0;0;0;0;0;0;0;0;3296;0;0;133;0;122;0;
23935;3899533;1262088192;33570816;1446674432;0;0;0;0;0;0;0;0;0;0;0;4328;0;0;133;0;122;0;
23936;4968808;1262088192;33570816;1446674432;0;0;0;0;0;0;0;0;0;0;0;2485;0;0;133;0;122;0;
23937;4664989;1262088192;33570816;1446674432;0;0;0;0;0;0;0;0;0;0;0;3717;0;0;133;0;122;0;
23938;5798485;1262088192;33570816;1446674432;0;0;0;0;0;0;0;0;0;0;0;3035;0;0;133;0;122;0;
23939;4714111;1262088192;33570816;1446674432;0;0;0;0;0;0;0;0;0;0;0;2676;0;0;133;0;122;0;
23940;6348446;1262088192;33570816;1446674432;0;0;0;0;0;0;0;0;0;0;0;3557;0;0;133;0;122;0;
23941;3725717;1262088192;33570816;1446674432;0;0;0;0;0;0;0;0;0;0;0;3627;0;0;133;0;122;0;
23942;6285057;1262088192;33570816;1446674432;0;0;0;0;0;0;0;0;0;0;0;2695;0;0;133;0;122;0;
23943;4301437;1262088192;33570816;1446674432;0;0;0;0;0;0;0;0;0;0;0;3407;0;0;133;0;122;0;
23944;12179170;1262088192;33570816;1446674432;0;0;0;0;0;0;0;0;0;0;0;3857;0;0;133;0;122;0;
23945;6353095;1262088192;33570816;1446674432;0;0;0;0;0;0;0;0;0;0;0;3146;0;0;133;0;122;0;
23946;5603418;1262088192;33570816;1446674432;0;0;0;0;0;0;0;0;0;0;0;3586;0;0;133;0;122;0;
23947;3850782;1262088192;33570816;1446674432;0;0;0;0;0;0;0;0;0;0;0;3437;0;0;133;0;122;0;
23948;6449085;1262088192;33570816;1446674432;0;0;0;0;0;0;0;0;0;0;0;4588;0;0;133;0;122;0;
23949;4039856;1262088192;33570816;1446674432;0;0;0;0;0;0;0;0;0;0;0;4077;0;0;133;0;122;0;
23950;7034653;1262088192;33574912;1446678528;0;0;0;0;0;0;0;0;0;0;0;4308;0;0;133;0;122;0;
23951;5063306;1262088192;33579008;1446682624;0;0;0;0;0;0;0;0;0;0;0;4048;0;0;133;0;122;0;
23952;6713421;1262088192;33579008;1446682624;0;0;0;0;0;0;0;0;0;0;0;3707;0;0;133;0;122;0;
23953;3655065;1262088192;33579008;1446682624;0;0;0;0;0;0;0;0;0;0;0;3347;0;0;133;0;122;0;
23954;5897099;1262088192;33579008;1446682624;0;0;0;0;0;0;0;0;0;0;0;4018;0;0;133;0;122;0;
23955;4590338;1262088192;33579008;1446682624;0;0;0;0;0;0;0;0;0;0;0;4429;0;0;133;0;122;0;
23956;6484942;1262088192;33579008;1446682624;0;0;0;0;0;0;0;0;0;0;0;2675;0;0;133;0;122;0;
23957;4776007;1262088192;33570816;1446674432;0;0;0;0;0;0;0;0;0;0;0;4148;0;0;133;0;122;0;
23958;5686805;1262088192;33570816;1446674432;0;0;0;0;0;0;0;0;0;0;0;2785;0;0;133;0;122;0;
23959;5423992;1262088192;33570816;1446674432;0;0;0;0;0;0;0;0;0;0;0;3597;0;0;133;0;122;0;
23960;5387503;1262088192;33570816;1446674432;0;0;0;0;0;0;0;0;0;0;0;2645;0;0;133;0;122;0;
23961;5548395;1262088192;33570816;1446674432;0;0;0;0;0;0;0;0;0;0;0;3526;0;0;133;0;122;0;
23962;5178602;1262088192;33570816;1446674432;0;0;0;0;0;0;0;0;0;0;0;3086;0;0;133;0;122;0;
23963;5632303;1262088192;33570816;1446674432;0;0;0;0;0;0;0;0;0;0;0;4138;0;0;133;0;122;0;
23964;5909913;1262088192;33570816;1446674432;0;0;0;0;0;0;0;0;0;0;0;2475;0;0;133;0;122;0;
23965;5427759;1262088192;33570816;1446674432;0;0;0;0;0;0;0;0;0;0;0;4959;0;0;133;0;122;0;
23966;6503106;1262088192;33570816;1446674432;0;0;0;0;0;0;0;0;0;0;0;3837;0;0;133;0;122;0;
23967;5247812;1262088192;33570816;1446674432;0;0;0;0;0;0;0;0;0;0;0;3467;0;0;133;0;122;0;
23968;6740481;1262088192;33570816;1446674432;0;0;0;0;0;0;0;0;0;0;0;3767;0;0;133;0;122;0;
23969;3555739;1262088192;33570816;1446674432;0;0;0;0;0;0;0;0;0;0;0;3848;0;0;133;0;122;0;
23970;5988400;1262088192;33570816;1446674432;0;0;0;0;0;0;0;0;0;0;0;4669;0;0;133;0;122;0;
23971;3921955;1262088192;33570816;1446674432;0;0;0;0;0;0;0;0;0;0;0;3767;0;0;133;0;122;0;
23972;5651239;1262088192;33570816;1446674432;0;0;0;0;0;0;0;0;0;0;0;3226;0;0;133;0;122;0;
23973;4168007;1262088192;33570816;1446674432;0;0;0;0;0;0;0;0;0;0;0;4038;0;0;133;0;122;0;
23974;6260942;1262088192;33570816;1446674432;0;0;0;0;0;0;0;0;0;0;0;3356;0;0;133;0;122;0;
23975;4030579;1262088192;33570816;1446674432;0;0;0;0;0;0;0;0;0;0;0;3306;0;0;133;0;122;0;
23976;6372140;1262088192;33570816;1446674432;0;0;0;0;0;0;0;0;0;0;0;3767;0;0;133;0;122;0;
23977;3407461;1262088192;33570816;1446674432;0;0;0;0;0;0;0;0;0;0;0;3306;0;0;133;0;122;0;
23978;6333307;1262088192;33570816;1446674432;0;0;0;0;0;0;0;0;0;0;0;4358;0;0;133;0;122;0;
23979;3998409;1262088192;33570816;1446674432;0;0;0;0;0;0;0;0;0;0;0;10069;0;0;133;0;122;0;
23980;6227199;1262088192;33570816;1446674432;0;0;0;0;0;0;0;0;0;0;0;4148;0;0;133;0;122;0;
23981;4670168;1262088192;33570816;1446674432;0;0;0;0;0;0;0;0;0;0;0;4077;0;0;133;0;122;0;
23982;6224093;1262088192;33570816;1446674432;0;0;0;0;0;0;0;0;0;0;0;4038;0;0;133;0;122;0;
23983;4494889;1262088192;33570816;1446674432;0;0;0;0;0;0;0;0;0;0;0;3626;0;0;133;0;122;0;
23984;6762653;1262088192;33570816;1446674432;0;0;0;0;0;0;0;0;0;0;0;5260;0;0;133;0;122;0;
23985;3800557;1262088192;33570816;1446674432;0;0;0;0;0;0;0;0;0;0;0;3267;0;0;133;0;122;0;
23986;6452030;1262088192;33570816;1446674432;0;0;0;0;0;0;0;0;0;0;0;3847;0;0;133;0;122;0;
23987;3763869;1262088192;33570816;1446674432;0;0;0;0;0;0;0;0;0;0;0;4238;0;0;133;0;122;0;
23988;4928312;1262088192;33570816;1446674432;0;0;0;0;0;0;0;0;0;0;0;3186;0;0;133;0;122;0;
23989;4738787;1262088192;33570816;1446674432;0;0;0;0;0;0;0;0;0;0;0;3506;0;0;133;0;122;0;
23990;6256333;1262088192;33570816;1446674432;0;0;0;0;0;0;0;0;0;0;0;5230;0;0;133;0;122;0;
23991;3985033;1262088192;33570816;1446674432;0;0;0;0;0;0;0;0;0;0;0;3777;0;0;133;0;122;0;
23992;5499714;1262088192;33570816;1446674432;0;0;0;0;0;0;0;0;0;0;0;3707;0;0;133;0;122;0;
23993;4820750;1262088192;33570816;1446674432;0;0;0;0;0;0;0;0;0;0;0;3076;0;0;133;0;122;0;
23994;6675829;1262088192;33570816;1446674432;0;0;0;0;0;0;0;0;0;0;0;4338;0;0;133;0;122;0;
23995;3634847;1262088192;33570816;1446674432;0;0;0;0;0;0;0;0;0;0;0;2875;0;0;133;0;122;0;
23996;6558690;1262088192;33570816;1446674432;0;0;0;0;0;0;0;0;0;0;0;3516;0;0;133;0;122;0;
23997;4254859;1262088192;33570816;1446674432;0;0;0;0;0;0;0;0;0;0;0;3126;0;0;133;0;122;0;
23998;6557097;1262088192;33570816;1446674432;0;0;0;0;0;0;0;0;0;0;0;3036;0;0;133;0;122;0;
23999;4599315;1262088192;33570816;1446674432;0;0;0;0;0;0;0;0;0;0;0;4258;0;0;133;0;122;0;
24000;6735932;1262088192;33570816;1446674432;0;0;0;0;0;0;0;0;0;0;0;2916;0;0;133;0;122;0;
24001;4975151;1262088192;33570816;1446674432;0;0;0;0;0;0;0;0;0;0;0;4058;0;0;133;0;122;0;
24002;6625735;1262088192;33570816;1446674432;0;0;0;0;0;0;0;0;0;0;0;4669;0;0;133;0;122;0;
24003;5522847;1262088192;33570816;1446674432;0;0;0;0;0;0;0;0;0;0;0;6272;0;0;133;0;122;0;
24004;6768644;1262088192;33570816;1446674432;0;0;0;0;0;0;0;0;0;0;0;3356;0;0;133;0;122;0;
24005;6097696;1262088192;33570816;1446674432;0;0;0;0;0;0;0;0;0;0;0;3547;0;0;133;0;122;0;
24006;6344148;1262088192;33570816;1446674432;0;0;0;0;0;0;0;0;0;0;0;3447;0;0;133;0;122;0;
24007;5197817;1262088192;33570816;1446674432;0;0;0;0;0;0;0;0;0;0;0;4258;0;0;133;0;122;0;
24008;6929646;1262088192;33570816;1446674432;0;0;0;0;0;0;0;0;0;0;0;3065;0;0;133;0;122;0;
24009;5688508;1262088192;33570816;1446674432;0;0;0;0;0;0;0;0;0;0;0;3667;0;0;133;0;122;0;
24010;6348656;1262088192;33570816;1446674432;0;0;0;0;0;0;0;0;0;0;0;3036;0;0;133;0;122;0;
24011;4077127;1262088192;33570816;1446674432;0;0;0;0;0;0;0;0;0;0;0;3416;0;0;133;0;122;0;
24012;6811965;1262088192;33570816;1446674432;0;0;0;0;0;0;0;0;0;0;0;6192;0;0;133;0;122;0;
24013;4030909;1262088192;33570816;1446674432;0;0;0;0;0;0;0;0;0;0;0;3466;0;0;133;0;122;0;
24014;5347529;1262088192;33570816;1446674432;0;0;0;0;0;0;0;0;0;0;0;3336;0;0;133;0;122;0;
24015;4768663;1262088192;33570816;1446674432;0;0;0;0;0;0;0;0;0;0;0;3627;0;0;133;0;122;0;
24016;6272133;1262088192;33570816;1446674432;0;0;0;0;0;0;0;0;0;0;0;2795;0;0;133;0;122;0;
24017;4410682;1262088192;33570816;1446674432;0;0;0;0;0;0;0;0;0;0;0;3457;0;0;133;0;122;0;
24018;5411228;1262088192;33570816;1446674432;0;0;0;0;0;0;0;0;0;0;0;3016;0;0;133;0;122;0;
24019;5006600;1262088192;33570816;1446674432;0;0;0;0;0;0;0;0;0;0;0;4698;0;0;133;0;122;0;
24020;6831252;1262088192;33570816;1446674432;0;0;0;0;0;0;0;0;0;0;0;2655;0;0;133;0;122;0;
24021;4938732;1262088192;33570816;1446674432;0;0;0;0;0;0;0;0;0;0;0;3437;0;0;133;0;122;0;
24022;7064068;1262088192;33570816;1446674432;0;0;0;0;0;0;0;0;0;0;0;47800;0;0;133;0;122;0;
24023;3822840;1262088192;33570816;1446674432;0;0;0;0;0;0;0;0;0;0;0;2705;0;0;133;0;122;0;
24024;7120694;1262088192;33570816;1446674432;0;0;0;0;0;0;0;0;0;0;0;4418;0;0;133;0;122;0;
24025;3728041;1262088192;33570816;1446674432;0;0;0;0;0;0;0;0;0;0;0;3857;0;0;133;0;122;0;
24026;6845418;1262088192;33570816;1446674432;0;0;0;0;0;0;0;0;0;0;0;3847;0;0;133;0;122;0;
24027;3915123;1262088192;33570816;1446674432;0;0;0;0;0;0;0;0;0;0;0;3947;0;0;133;0;122;0;
24028;7032489;1262088192;33570816;1446674432;0;0;0;0;0;0;0;0;0;0;0;2986;0;0;133;0;122;0;
24029;4617700;1262088192;33570816;1446674432;0;0;0;0;0;0;0;0;0;0;0;4859;0;0;133;0;122;0;
24030;5880479;1262088192;33570816;1446674432;0;0;0;0;0;0;0;0;0;0;0;3496;0;0;133;0;122;0;
24031;7612747;1262088192;33570816;1446674432;0;0;0;0;0;0;0;0;0;0;0;3857;0;0;133;0;122;0;
24032;6718860;1262088192;33570816;1446674432;0;0;0;0;0;0;0;0;0;0;0;3897;0;0;133;0;122;0;
24033;4814729;1262088192;33570816;1446674432;0;0;0;0;0;0;0;0;0;0;0;3997;0;0;133;0;122;0;
24034;5799236;1262088192;33570816;1446674432;0;0;0;0;0;0;0;0;0;0;0;3627;0;0;133;0;122;0;
24035;4666962;1262088192;33570816;1446674432;0;0;0;0;0;0;0;0;0;0;0;2625;0;0;133;0;122;0;
24036;5635349;1262088192;33570816;1446674432;0;0;0;0;0;0;0;0;0;0;0;3246;0;0;133;0;122;0;
24037;4741111;1262088192;33570816;1446674432;0;0;0;0;0;0;0;0;0;0;0;3417;0;0;133;0;122;0;
24038;6168980;1262088192;33570816;1446674432;0;0;0;0;0;0;0;0;0;0;0;3226;0;0;133;0;122;0;
24039;4966845;1262088192;33570816;1446674432;0;0;0;0;0;0;0;0;0;0;0;3646;0;0;133;0;122;0;
24040;6064384;1262088192;33570816;1446674432;0;0;0;0;0;0;0;0;0;0;0;3036;0;0;133;0;122;0;
24041;5733552;1262088192;33570816;1446674432;0;0;0;0;0;0;0;0;0;0;0;3516;0;0;133;0;122;0;
24042;6465446;1262088192;33574912;1446678528;0;0;0;0;0;0;0;0;0;0;0;4288;0;0;133;0;122;0;
24043;4336763;1262088192;33579008;1446682624;0;0;0;0;0;0;0;0;0;0;0;3817;0;0;133;0;122;0;
24044;6332616;1262088192;33579008;1446682624;0;0;0;0;0;0;0;0;0;0;0;2825;0;0;133;0;122;0;
24045;4477948;1262088192;33579008;1446682624;0;0;0;0;0;0;0;0;0;0;0;3015;0;0;133;0;122;0;
24046;5765753;1262088192;33579008;1446682624;0;0;0;0;0;0;0;0;0;0;0;2965;0;0;133;0;122;0;
24047;4242897;1262088192;33579008;1446682624;0;0;0;0;0;0;0;0;0;0;0;3006;0;0;133;0;122;0;
24048;6858202;1262088192;33579008;1446682624;0;0;0;0;0;0;0;0;0;0;0;4589;0;0;133;0;122;0;
24049;3855931;1262088192;33570816;1446674432;0;0;0;0;0;0;0;0;0;0;0;3266;0;0;133;0;122;0;
24050;6823627;1262088192;33570816;1446674432;0;0;0;0;0;0;0;0;0;0;0;4008;0;0;133;0;122;0;
24051;4926559;1262088192;33570816;1446674432;0;0;0;0;0;0;0;0;0;0;0;4378;0;0;133;0;122;0;
24052;5629938;1262088192;33570816;1446674432;0;0;0;0;0;0;0;0;0;0;0;2866;0;0;133;0;122;0;
24053;4427564;1262088192;33570816;1446674432;0;0;0;0;0;0;0;0;0;0;0;3827;0;0;133;0;122;0;
24054;5950730;1262088192;33570816;1446674432;0;0;0;0;0;0;0;0;0;0;0;3116;0;0;133;0;122;0;
24055;6511181;1262088192;33570816;1446674432;0;0;0;0;0;0;0;0;0;0;0;4198;0;0;133;0;122;0;
24056;5615411;1262088192;33570816;1446674432;0;0;0;0;0;0;0;0;0;0;0;2975;0;0;133;0;122;0;
24057;5551371;1262088192;33570816;1446674432;0;0;0;0;0;0;0;0;0;0;0;4618;0;0;133;0;122;0;
24058;6278815;1262088192;33570816;1446674432;0;0;0;0;0;0;0;0;0;0;0;3176;0;0;133;0;122;0;
24059;4108776;1262088192;33570816;1446674432;0;0;0;0;0;0;0;0;0;0;0;3807;0;0;133;0;122;0;
24060;5124280;1262088192;33570816;1446674432;0;0;0;0;0;0;0;0;0;0;0;2294;0;0;133;0;122;0;
24061;4979919;1262088192;33570816;1446674432;0;0;0;0;0;0;0;0;0;0;0;3116;0;0;133;0;122;0;
24062;6268606;1262088192;33570816;1446674432;0;0;0;0;0;0;0;0;0;0;0;3898;0;0;133;0;122;0;
24063;3964765;1262088192;33570816;1446674432;0;0;0;0;0;0;0;0;0;0;0;3837;0;0;133;0;122;0;
24064;6382420;1262088192;33570816;1446674432;0;0;0;0;0;0;0;0;0;0;0;2976;0;0;133;0;122;0;
24065;4512713;1262088192;33570816;1446674432;0;0;0;0;0;0;0;0;0;0;0;3326;0;0;133;0;122;0;
24066;6619805;1262088192;33570816;1446674432;0;0;0;0;0;0;0;0;0;0;0;6342;0;0;133;0;122;0;
24067;5146000;1262088192;33570816;1446674432;0;0;0;0;0;0;0;0;0;0;0;3035;0;0;133;0;122;0;
24068;6082117;1262088192;33570816;1446674432;0;0;0;0;0;0;0;0;0;0;0;2996;0;0;133;0;122;0;
24069;4618792;1262088192;33570816;1446674432;0;0;0;0;0;0;0;0;0;0;0;3376;0;0;133;0;122;0;
24070;6708581;1262088192;33570816;1446674432;0;0;0;0;0;0;0;0;0;0;0;2735;0;0;133;0;122;0;
24071;4053231;1262088192;33570816;1446674432;0;0;0;0;0;0;0;0;0;0;0;3737;0;0;133;0;122;0;
24072;5983260;1262088192;33570816;1446674432;0;0;0;0;0;0;0;0;0;0;0;2846;0;0;133;0;122;0;
24073;3904362;1262088192;33570816;1446674432;0;0;0;0;0;0;0;0;0;0;0;2815;0;0;133;0;122;0;
24074;6435590;1262088192;33570816;1446674432;0;0;0;0;0;0;0;0;0;0;0;3006;0;0;133;0;122;0;
24075;3800056;1262088192;33570816;1446674432;0;0;0;0;0;0;0;0;0;0;0;3536;0;0;133;0;122;0;
24076;5803674;1262088192;33570816;1446674432;0;0;0;0;0;0;0;0;0;0;0;4368;0;0;133;0;122;0;
24077;3583110;1262088192;33570816;1446674432;0;0;0;0;0;0;0;0;0;0;0;2775;0;0;133;0;122;0;
24078;7422801;1262088192;33570816;1446674432;0;0;0;0;0;0;0;0;0;0;0;3196;0;0;133;0;122;0;
24079;4149622;1262088192;33570816;1446674432;0;0;0;0;0;0;0;0;0;0;0;3136;0;0;133;0;122;0;
24080;7494124;1262088192;33570816;1446674432;0;0;0;0;0;0;0;0;0;0;0;3396;0;0;133;0;122;0;
24081;5112719;1262088192;33570816;1446674432;0;0;0;0;0;0;0;0;0;0;0;2675;0;0;133;0;122;0;
24082;6017896;1262088192;33570816;1446674432;0;0;0;0;0;0;0;0;0;0;0;2785;0;0;133;0;122;0;
24083;4854274;1262088192;33570816;1446674432;0;0;0;0;0;0;0;0;0;0;0;2806;0;0;133;0;122;0;
24084;7624679;1262088192;33570816;1446674432;0;0;0;0;0;0;0;0;0;0;0;2796;0;0;133;0;122;0;
24085;5043268;1262088192;33570816;1446674432;0;0;0;0;0;0;0;0;0;0;0;2775;0;0;133;0;122;0;
24086;7453288;1262088192;33570816;1446674432;0;0;0;0;0;0;0;0;0;0;0;4168;0;0;133;0;122;0;
24087;4209835;1262088192;33570816;1446674432;0;0;0;0;0;0;0;0;0;0;0;3366;0;0;133;0;122;0;
24088;6882578;1262088192;33570816;1446674432;0;0;0;0;0;0;0;0;0;0;0;3957;0;0;133;0;122;0;
24089;4523493;1262088192;33570816;1446674432;0;0;0;0;0;0;0;0;0;0;0;3106;0;0;133;0;122;0;
24090;7484526;1262088192;33570816;1446674432;0;0;0;0;0;0;0;0;0;0;0;3867;0;0;133;0;122;0;
24091;6625515;1262088192;33570816;1446674432;0;0;0;0;0;0;0;0;0;0;0;3517;0;0;133;0;122;0;
24092;7109033;1262088192;33570816;1446674432;0;0;0;0;0;0;0;0;0;0;0;2695;0;0;133;0;122;0;
24093;6441140;1262088192;33570816;1446674432;0;0;0;0;0;0;0;0;0;0;0;3446;0;0;133;0;122;0;
24094;8680640;1262088192;33570816;1446674432;0;0;0;0;0;0;0;0;0;0;0;4789;0;0;133;0;122;0;
24095;5529720;1262088192;33570816;1446674432;0;0;0;0;0;0;0;0;0;0;0;3065;0;0;133;0;122;0;
24096;6976955;1262088192;33570816;1446674432;0;0;0;0;0;0;0;0;0;0;0;3306;0;0;133;0;122;0;
24097;6232318;1262088192;33570816;1446674432;0;0;0;0;0;0;0;0;0;0;0;4288;0;0;133;0;122;0;
24098;6913235;1262088192;33570816;1446674432;0;0;0;0;0;0;0;0;0;0;0;3356;0;0;133;0;122;0;
24099;4599296;1262088192;33570816;1446674432;0;0;0;0;0;0;0;0;0;0;0;3667;0;0;133;0;122;0;
24100;6522452;1262088192;33570816;1446674432;0;0;0;0;0;0;0;0;0;0;0;3477;0;0;133;0;122;0;
24101;3511926;1262088192;33570816;1446674432;0;0;0;0;0;0;0;0;0;0;0;3847;0;0;133;0;122;0;
24102;6326344;1262088192;33570816;1446674432;0;0;0;0;0;0;0;0;0;0;0;3808;0;0;133;0;122;0;
24103;3843007;1262088192;33570816;1446674432;0;0;0;0;0;0;0;0;0;0;0;3807;0;0;133;0;122;0;
24104;7228266;1262088192;33570816;1446674432;0;0;0;0;0;0;0;0;0;0;0;4238;0;0;133;0;122;0;
24105;3950088;1262088192;33570816;1446674432;0;0;0;0;0;0;0;0;0;0;0;3466;0;0;133;0;122;0;
24106;7037508;1262088192;33570816;1446674432;0;0;0;0;0;0;0;0;0;0;0;3717;0;0;133;0;122;0;
24107;3671645;1262088192;33570816;1446674432;0;0;0;0;0;0;0;0;0;0;0;4970;0;0;133;0;122;0;
24108;7539409;1262088192;33570816;1446674432;0;0;0;0;0;0;0;0;0;0;0;3096;0;0;133;0;122;0;
24109;3749752;1262088192;33570816;1446674432;0;0;0;0;0;0;0;0;0;0;0;3286;0;0;133;0;122;0;
24110;6969761;1262088192;33570816;1446674432;0;0;0;0;0;0;0;0;0;0;0;4318;0;0;133;0;122;0;
24111;4611098;1262088192;33570816;1446674432;0;0;0;0;0;0;0;0;0;0;0;3877;0;0;133;0;122;0;
24112;6328859;1262088192;33570816;1446674432;0;0;0;0;0;0;0;0;0;0;0;10019;0;0;133;0;122;0;
24113;4329750;1262088192;33570816;1446674432;0;0;0;0;0;0;0;0;0;0;0;3337;0;0;133;0;122;0;
24114;6119226;1262088192;33570816;1446674432;0;0;0;0;0;0;0;0;0;0;0;3336;0;0;133;0;122;0;
24115;4810281;1262088192;33570816;1446674432;0;0;0;0;0;0;0;0;0;0;0;2935;0;0;133;0;122;0;
24116;5882472;1262088192;33570816;1446674432;0;0;0;0;0;0;0;0;0;0;0;2916;0;0;133;0;122;0;
24117;4620715;1262088192;33570816;1446674432;0;0;0;0;0;0;0;0;0;0;0;2935;0;0;133;0;122;0;
24118;6790575;1262088192;33570816;1446674432;0;0;0;0;0;0;0;0;0;0;0;4108;0;0;133;0;122;0;
24119;3947223;1262088192;33570816;1446674432;0;0;0;0;0;0;0;0;0;0;0;3015;0;0;133;0;122;0;
24120;6081536;1262088192;33570816;1446674432;0;0;0;0;0;0;0;0;0;0;0;3607;0;0;133;0;122;0;
24121;3481699;1262088192;33570816;1446674432;0;0;0;0;0;0;0;0;0;0;0;3667;0;0;133;0;122;0;
24122;6754136;1262088192;33570816;1446674432;0;0;0;0;0;0;0;0;0;0;0;4248;0;0;133;0;122;0;
24123;3720287;1262088192;33570816;1446674432;0;0;0;0;0;0;0;0;0;0;0;2755;0;0;133;0;122;0;
24124;10766060;1262088192;33570816;1446674432;0;0;0;0;0;0;0;0;0;0;0;1734;0;0;133;0;122;0;
24125;4976082;1262088192;33570816;1446674432;0;0;0;0;0;0;0;0;0;0;0;2896;0;0;133;0;122;0;
24126;6343767;1262088192;33570816;1446674432;0;0;0;0;0;0;0;0;0;0;0;2766;0;0;133;0;122;0;
24127;4920998;1262088192;33570816;1446674432;0;0;0;0;0;0;0;0;0;0;0;3246;0;0;133;0;122;0;
24128;5916486;1262088192;33570816;1446674432;0;0;0;0;0;0;0;0;0;0;0;3327;0;0;133;0;122;0;
24129;3773828;1262088192;33570816;1446674432;0;0;0;0;0;0;0;0;0;0;0;3476;0;0;133;0;122;0;
24130;5939870;1262088192;33570816;1446674432;0;0;0;0;0;0;0;0;0;0;0;4519;0;0;133;0;122;0;
24131;3960748;1262088192;33570816;1446674432;0;0;0;0;0;0;0;0;0;0;0;3737;0;0;133;0;122;0;
24132;5925082;1262088192;33570816;1446674432;0;0;0;0;0;0;0;0;0;0;0;3517;0;0;133;0;122;0;
24133;4306587;1262088192;33570816;1446674432;0;0;0;0;0;0;0;0;0;0;0;3165;0;0;133;0;122;0;
24134;5481681;1262088192;33570816;1446674432;0;0;0;0;0;0;0;0;0;0;0;2524;0;0;133;0;122;0;
24135;3997207;1262088192;33570816;1446674432;0;0;0;0;0;0;0;0;0;0;0;3196;0;0;133;0;122;0;
24136;6024148;1262088192;33570816;1446674432;0;0;0;0;0;0;0;0;0;0;0;2695;0;0;133;0;122;0;
24137;4671451;1262088192;33570816;1446674432;0;0;0;0;0;0;0;0;0;0;0;3336;0;0;133;0;122;0;
24138;7760975;1262088192;33570816;1446674432;0;0;0;0;0;0;0;0;0;0;0;4068;0;0;133;0;122;0;
24139;6332976;1262088192;33570816;1446674432;0;0;0;0;0;0;0;0;0;0;0;3777;0;0;133;0;122;0;
24140;6808298;1262088192;33570816;1446674432;0;0;0;0;0;0;0;0;0;0;0;7154;0;0;133;0;122;0;
24141;5139298;1262088192;33570816;1446674432;0;0;0;0;0;0;0;0;0;0;0;2765;0;0;133;0;122;0;
24142;7735718;1262088192;33570816;1446674432;0;0;0;0;0;0;0;0;0;0;0;2916;0;0;133;0;122;0;
24143;4447240;1262088192;33570816;1446674432;0;0;0;0;0;0;0;0;0;0;0;3767;0;0;133;0;122;0;
24144;6211780;1262088192;33570816;1446674432;0;0;0;0;0;0;0;0;0;0;0;4008;0;0;133;0;122;0;
24145;4509557;1262088192;33570816;1446674432;0;0;0;0;0;0;0;0;0;0;0;3977;0;0;133;0;122;0;
24146;7073706;1262088192;33570816;1446674432;0;0;0;0;0;0;0;0;0;0;0;3677;0;0;133;0;122;0;
24147;3837055;1262088192;33570816;1446674432;0;0;0;0;0;0;0;0;0;0;0;3617;0;0;133;0;122;0;
24148;5994021;1262088192;33570816;1446674432;0;0;0;0;0;0;0;0;0;0;0;4057;0;0;133;0;122;0;
24149;3957913;1262088192;33570816;1446674432;0;0;0;0;0;0;0;0;0;0;0;3707;0;0;133;0;122;0;
24150;6634993;1262088192;33570816;1446674432;0;0;0;0;0;0;0;0;0;0;0;4318;0;0;133;0;122;0;
24151;3792562;1262088192;33570816;1446674432;0;0;0;0;0;0;0;0;0;0;0;3045;0;0;133;0;122;0;
24152;6333167;1262088192;33570816;1446674432;0;0;0;0;0;0;0;0;0;0;0;3006;0;0;133;0;122;0;
24153;4389613;1262088192;33570816;1446674432;0;0;0;0;0;0;0;0;0;0;0;3296;0;0;133;0;122;0;
24154;6934184;1262088192;33570816;1446674432;0;0;0;0;0;0;0;0;0;0;0;3626;0;0;133;0;122;0;
24155;5796290;1262088192;33570816;1446674432;0;0;0;0;0;0;0;0;0;0;0;4659;0;0;133;0;122;0;
24156;7454510;1262088192;33570816;1446674432;0;0;0;0;0;0;0;0;0;0;0;3507;0;0;133;0;122;0;
24157;5854450;1262088192;33570816;1446674432;0;0;0;0;0;0;0;0;0;0;0;4028;0;0;133;0;122;0;
24158;6733668;1262088192;33570816;1446674432;0;0;0;0;0;0;0;0;0;0;0;4488;0;0;133;0;122;0;
24159;7488935;1262088192;33570816;1446674432;0;0;0;0;0;0;0;0;0;0;0;3507;0;0;133;0;122;0;
24160;5449730;1262088192;33570816;1446674432;0;0;0;0;0;0;0;0;0;0;0;3216;0;0;133;0;122;0;
24161;6444015;1262088192;33570816;1446674432;0;0;0;0;0;0;0;0;0;0;0;2965;0;0;133;0;122;0;
24162;6339178;1262088192;33570816;1446674432;0;0;0;0;0;0;0;0;0;0;0;3346;0;0;133;0;122;0;
24163;5395448;1262088192;33570816;1446674432;0;0;0;0;0;0;0;0;0;0;0;3256;0;0;133;0;122;0;
24164;6321124;1262088192;33570816;1446674432;0;0;0;0;0;0;0;0;0;0;0;2795;0;0;133;0;122;0;
24165;5001911;1262088192;33570816;1446674432;0;0;0;0;0;0;0;0;0;0;0;3397;0;0;133;0;122;0;
24166;5446044;1262088192;33570816;1446674432;0;0;0;0;0;0;0;0;0;0;0;2625;0;0;133;0;122;0;
24167;4441570;1262088192;33570816;1446674432;0;0;0;0;0;0;0;0;0;0;0;3166;0;0;133;0;122;0;
24168;5589803;1262088192;33570816;1446674432;0;0;0;0;0;0;0;0;0;0;0;3006;0;0;133;0;122;0;
24169;4537239;1262088192;33570816;1446674432;0;0;0;0;0;0;0;0;0;0;0;3958;0;0;133;0;122;0;
24170;5975226;1262088192;33570816;1446674432;0;0;0;0;0;0;0;0;0;0;0;2755;0;0;133;0;122;0;
24171;5110073;1262088192;33570816;1446674432;0;0;0;0;0;0;0;0;0;0;0;3917;0;0;133;0;122;0;
24172;5025615;1262088192;33570816;1446674432;0;0;0;0;0;0;0;0;0;0;0;2725;0;0;133;0;122;0;
24173;4549402;1262088192;33570816;1446674432;0;0;0;0;0;0;0;0;0;0;0;3727;0;0;133;0;122;0;
24174;5292266;1262088192;33570816;1446674432;0;0;0;0;0;0;0;0;0;0;0;2364;0;0;133;0;122;0;
24175;4521780;1262088192;33570816;1446674432;0;0;0;0;0;0;0;0;0;0;0;3617;0;0;133;0;122;0;
24176;6431742;1262088192;33570816;1446674432;0;0;0;0;0;0;0;0;0;0;0;2675;0;0;133;0;122;0;
24177;3314446;1262088192;33570816;1446674432;0;0;0;0;0;0;0;0;0;0;0;3597;0;0;133;0;122;0;
24178;6069112;1262088192;33570816;1446674432;0;0;0;0;0;0;0;0;0;0;0;2504;0;0;133;0;122;0;
24179;3937284;1262088192;33570816;1446674432;0;0;0;0;0;0;0;0;0;0;0;3016;0;0;133;0;122;0;
24180;6797618;1262088192;33570816;1446674432;0;0;0;0;0;0;0;0;0;0;0;2956;0;0;133;0;122;0;
24181;4463841;1262088192;33570816;1446674432;0;0;0;0;0;0;0;0;0;0;0;3887;0;0;133;0;122;0;
24182;6613342;1262088192;33570816;1446674432;0;0;0;0;0;0;0;0;0;0;0;4087;0;0;133;0;122;0;
24183;3729344;1262088192;33570816;1446674432;0;0;0;0;0;0;0;0;0;0;0;3747;0;0;133;0;122;0;
24184;6478139;1262088192;33570816;1446674432;0;0;0;0;0;0;0;0;0;0;0;3356;0;0;133;0;122;0;
24185;3392833;1262088192;33570816;1446674432;0;0;0;0;0;0;0;0;0;0;0;3316;0;0;133;0;122;0;
24186;6605217;1262088192;33570816;1446674432;0;0;0;0;0;0;0;0;0;0;0;2715;0;0;133;0;122;0;
24187;3564875;1262088192;33570816;1446674432;0;0;0;0;0;0;0;0;0;0;0;2965;0;0;133;0;122;0;
24188;6537621;1262088192;33570816;1446674432;0;0;0;0;0;0;0;0;0;0;0;2865;0;0;133;0;122;0;
24189;4070573;1262088192;33570816;1446674432;0;0;0;0;0;0;0;0;0;0;0;3116;0;0;133;0;122;0;
24190;6799001;1262088192;33570816;1446674432;0;0;0;0;0;0;0;0;0;0;0;4138;0;0;133;0;122;0;
24191;3683027;1262088192;33570816;1446674432;0;0;0;0;0;0;0;0;0;0;0;3016;0;0;133;0;122;0;
24192;6765548;1262088192;33570816;1446674432;0;0;0;0;0;0;0;0;0;0;0;3577;0;0;133;0;122;0;
24193;3788815;1262088192;33570816;1446674432;0;0;0;0;0;0;0;0;0;0;0;3346;0;0;133;0;122;0;
24194;6268926;1262088192;33570816;1446674432;0;0;0;0;0;0;0;0;0;0;0;2956;0;0;133;0;122;0;
24195;3111004;1262088192;33570816;1446674432;0;0;0;0;0;0;0;0;0;0;0;2956;0;0;133;0;122;0;
24196;6468241;1262088192;33570816;1446674432;0;0;0;0;0;0;0;0;0;0;0;4288;0;0;133;0;122;0;
24197;2966433;1262088192;33570816;1446674432;0;0;0;0;0;0;0;0;0;0;0;4198;0;0;133;0;122;0;
24198;6558580;1262088192;33570816;1446674432;0;0;0;0;0;0;0;0;0;0;0;3616;0;0;133;0;122;0;
24199;3431536;1262088192;33570816;1446674432;0;0;0;0;0;0;0;0;0;0;0;3447;0;0;133;0;122;0;
24200;6356370;1262088192;33570816;1446674432;0;0;0;0;0;0;0;0;0;0;0;3827;0;0;133;0;122;0;
24201;3869957;1262088192;33570816;1446674432;0;0;0;0;0;0;0;0;0;0;0;3556;0;0;133;0;122;0;
24202;6267804;1262088192;33570816;1446674432;0;0;0;0;0;0;0;0;0;0;0;3276;0;0;133;0;122;0;
24203;3361504;1262088192;33570816;1446674432;0;0;0;0;0;0;0;0;0;0;0;3146;0;0;133;0;122;0;
24204;5289089;1262088192;33570816;1446674432;0;0;0;0;0;0;0;0;0;0;0;2615;0;0;133;0;122;0;
24205;3687986;1262088192;33570816;1446674432;0;0;0;0;0;0;0;0;0;0;0;3877;0;0;133;0;122;0;
24206;5480117;1262088192;33570816;1446674432;0;0;0;0;0;0;0;0;0;0;0;2875;0;0;133;0;122;0;
24207;3348180;1262088192;33570816;1446674432;0;0;0;0;0;0;0;0;0;0;0;2986;0;0;133;0;122;0;
24208;5289410;1262088192;33570816;1446674432;0;0;0;0;0;0;0;0;0;0;0;2905;0;0;133;0;122;0;
24209;4403990;1262088192;33570816;1446674432;0;0;0;0;0;0;0;0;0;0;0;3487;0;0;133;0;122;0;
24210;5178742;1262088192;33570816;1446674432;0;0;0;0;0;0;0;0;0;0;0;3156;0;0;133;0;122;0;
24211;4918874;1262088192;33570816;1446674432;0;0;0;0;0;0;0;0;0;0;0;4368;0;0;133;0;122;0;
24212;4744688;1262088192;33570816;1446674432;0;0;0;0;0;0;0;0;0;0;0;3015;0;0;133;0;122;0;
24213;3706301;1262088192;33570816;1446674432;0;0;0;0;0;0;0;0;0;0;0;3216;0;0;133;0;122;0;
24214;5224838;1262088192;33570816;1446674432;0;0;0;0;0;0;0;0;0;0;0;3066;0;0;133;0;122;0;
24215;3182798;1262088192;33570816;1446674432;0;0;0;0;0;0;0;0;0;0;0;3287;0;0;133;0;122;0;
24216;5546682;1262088192;33570816;1446674432;0;0;0;0;0;0;0;0;0;0;0;2715;0;0;133;0;122;0;
24217;3756105;1262088192;33570816;1446674432;0;0;0;0;0;0;0;0;0;0;0;2405;0;0;133;0;122;0;
24218;5212917;1262088192;33570816;1446674432;0;0;0;0;0;0;0;0;0;0;0;2524;0;0;133;0;122;0;
24219;3718103;1262088192;33570816;1446674432;0;0;0;0;0;0;0;0;0;0;0;2876;0;0;133;0;122;0;
24220;5050391;1262088192;33570816;1446674432;0;0;0;0;0;0;0;0;0;0;0;2184;0;0;133;0;122;0;
24221;4714983;1262088192;33570816;1446674432;0;0;0;0;0;0;0;0;0;0;0;3156;0;0;133;0;122;0;
24222;5663501;1262088192;33570816;1446674432;0;0;0;0;0;0;0;0;0;0;0;3005;0;0;133;0;122;0;
24223;4871586;1262088192;33570816;1446674432;0;0;0;0;0;0;0;0;0;0;0;3537;0;0;133;0;122;0;
24224;5450021;1262088192;33570816;1446674432;0;0;0;0;0;0;0;0;0;0;0;3115;0;0;133;0;122;0;
24225;4212400;1262088192;33570816;1446674432;0;0;0;0;0;0;0;0;0;0;0;3236;0;0;133;0;122;0;
24226;5018812;1262088192;33570816;1446674432;0;0;0;0;0;0;0;0;0;0;0;2955;0;0;133;0;122;0;
24227;4284145;1262088192;33570816;1446674432;0;0;0;0;0;0;0;0;0;0;0;3566;0;0;133;0;122;0;
24228;5895627;1262088192;33570816;1446674432;0;0;0;0;0;0;0;0;0;0;0;3416;0;0;133;0;122;0;
24229;3250185;1262088192;33570816;1446674432;0;0;0;0;0;0;0;0;0;0;0;2915;0;0;133;0;122;0;
24230;5816458;1262088192;33570816;1446674432;0;0;0;0;0;0;0;0;0;0;0;3196;0;0;133;0;122;0;
24231;3439660;1262088192;33570816;1446674432;0;0;0;0;0;0;0;0;0;0;0;3156;0;0;133;0;122;0;
24232;7488213;1262088192;33570816;1446674432;0;0;0;0;0;0;0;0;0;0;0;3206;0;0;133;0;122;0;
24233;3574143;1262088192;33570816;1446674432;0;0;0;0;0;0;0;0;0;0;0;3697;0;0;133;0;122;0;
24234;6232578;1262088192;33570816;1446674432;0;0;0;0;0;0;0;0;0;0;0;3226;0;0;133;0;122;0;
24235;3286944;1262088192;33570816;1446674432;0;0;0;0;0;0;0;0;0;0;0;3136;0;0;133;0;122;0;
24236;4960433;1262088192;33570816;1446674432;0;0;0;0;0;0;0;0;0;0;0;2194;0;0;133;0;122;0;
24237;4151385;1262088192;33570816;1446674432;0;0;0;0;0;0;0;0;0;0;0;3647;0;0;133;0;122;0;
24238;5398174;1262088192;33570816;1446674432;0;0;0;0;0;0;0;0;0;0;0;2464;0;0;133;0;122;0;
24239;5360453;1262088192;33570816;1446674432;0;0;0;0;0;0;0;0;0;0;0;3918;0;0;133;0;122;0;
24240;5528398;1262088192;33570816;1446674432;0;0;0;0;0;0;0;0;0;0;0;2975;0;0;133;0;122;0;
24241;6080824;1262088192;33570816;1446674432;0;0;0;0;0;0;0;0;0;0;0;3457;0;0;133;0;122;0;
24242;6540516;1262088192;33570816;1446674432;0;0;0;0;0;0;0;0;0;0;0;2875;0;0;133;0;122;0;
24243;5336217;1262088192;33570816;1446674432;0;0;0;0;0;0;0;0;0;0;0;3276;0;0;133;0;122;0;
24244;6172476;1262088192;33570816;1446674432;0;0;0;0;0;0;0;0;0;0;0;2525;0;0;133;0;122;0;
24245;4369384;1262088192;33570816;1446674432;0;0;0;0;0;0;0;0;0;0;0;3677;0;0;133;0;122;0;
24246;5368388;1262088192;33570816;1446674432;0;0;0;0;0;0;0;0;0;0;0;2865;0;0;133;0;122;0;
24247;5808433;1262088192;33570816;1446674432;0;0;0;0;0;0;0;0;0;0;0;2825;0;0;133;0;122;0;
24248;5066682;1262088192;33570816;1446674432;0;0;0;0;0;0;0;0;0;0;0;2895;0;0;133;0;122;0;
24249;5276897;1262088192;33570816;1446674432;0;0;0;0;0;0;0;0;0;0;0;3416;0;0;133;0;122;0;
24250;5186557;1262088192;33570816;1446674432;0;0;0;0;0;0;0;0;0;0;0;3016;0;0;133;0;122;0;
24251;5490948;1262088192;33570816;1446674432;0;0;0;0;0;0;0;0;0;0;0;3918;0;0;133;0;122;0;
24252;6137520;1262088192;33570816;1446674432;0;0;0;0;0;0;0;0;0;0;0;2164;0;0;133;0;122;0;
24253;4279646;1262088192;33570816;1446674432;0;0;0;0;0;0;0;0;0;0;0;3847;0;0;133;0;122;0;
24254;4860746;1262088192;33570816;1446674432;0;0;0;0;0;0;0;0;0;0;0;2705;0;0;133;0;122;0;
24255;5761224;1262088192;33570816;1446674432;0;0;0;0;0;0;0;0;0;0;0;3587;0;0;133;0;122;0;
24256;5302264;1262088192;33570816;1446674432;0;0;0;0;0;0;0;0;0;0;0;2735;0;0;133;0;122;0;
24257;4559701;1262088192;33570816;1446674432;0;0;0;0;0;0;0;0;0;0;0;3867;0;0;133;0;122;0;
24258;5301813;1262088192;33570816;1446674432;0;0;0;0;0;0;0;0;0;0;0;2374;0;0;133;0;122;0;
24259;3972399;1262088192;33570816;1446674432;0;0;0;0;0;0;0;0;0;0;0;3086;0;0;133;0;122;0;
24260;6021833;1262088192;33570816;1446674432;0;0;0;0;0;0;0;0;0;0;0;4509;0;0;133;0;122;0;
24261;4090261;1262088192;33570816;1446674432;0;0;0;0;0;0;0;0;0;0;0;3176;0;0;133;0;122;0;
24262;6220396;1262088192;33570816;1446674432;0;0;0;0;0;0;0;0;0;0;0;2896;0;0;133;0;122;0;
24263;3376001;1262088192;33570816;1446674432;0;0;0;0;0;0;0;0;0;0;0;3326;0;0;133;0;122;0;
24264;6972747;1262088192;33570816;1446674432;0;0;0;0;0;0;0;0;0;0;0;3657;0;0;133;0;122;0;
24265;3320958;1262088192;33570816;1446674432;0;0;0;0;0;0;0;0;0;0;0;3326;0;0;133;0;122;0;
24266;6093838;1262088192;33570816;1446674432;0;0;0;0;0;0;0;0;0;0;0;4489;0;0;133;0;122;0;
24267;3910143;1262088192;33570816;1446674432;0;0;0;0;0;0;0;0;0;0;0;3226;0;0;133;0;122;0;
24268;5774460;1262088192;33570816;1446674432;0;0;0;0;0;0;0;0;0;0;0;3948;0;0;133;0;122;0;
24269;4272553;1262088192;33570816;1446674432;0;0;0;0;0;0;0;0;0;0;0;3196;0;0;133;0;122;0;
24270;5683719;1262088192;33570816;1446674432;0;0;0;0;0;0;0;0;0;0;0;2736;0;0;133;0;122;0;
24271;4108755;1262088192;33570816;1446674432;0;0;0;0;0;0;0;0;0;0;0;3377;0;0;133;0;122;0;
24272;5749844;1262088192;33570816;1446674432;0;0;0;0;0;0;0;0;0;0;0;3085;0;0;133;0;122;0;
24273;4922321;1262088192;33570816;1446674432;0;0;0;0;0;0;0;0;0;0;0;4408;0;0;133;0;122;0;
24274;5732380;1262088192;33570816;1446674432;0;0;0;0;0;0;0;0;0;0;0;2625;0;0;133;0;122;0;
24275;4272232;1262088192;33570816;1446674432;0;0;0;0;0;0;0;0;0;0;0;3556;0;0;133;0;122;0;
24276;6550956;1262088192;33570816;1446674432;0;0;0;0;0;0;0;0;0;0;0;3747;0;0;133;0;122;0;
24277;4108876;1262088192;33570816;1446674432;0;0;0;0;0;0;0;0;0;0;0;3998;0;0;133;0;122;0;
24278;5980285;1262088192;33570816;1446674432;0;0;0;0;0;0;0;0;0;0;0;2625;0;0;133;0;122;0;
24279;3721299;1262088192;33570816;1446674432;0;0;0;0;0;0;0;0;0;0;0;4118;0;0;133;0;122;0;
24280;5346738;1262088192;33570816;1446674432;0;0;0;0;0;0;0;0;0;0;0;3347;0;0;133;0;122;0;
24281;3917307;1262088192;33570816;1446674432;0;0;0;0;0;0;0;0;0;0;0;3407;0;0;133;0;122;0;
24282;6113766;1262088192;33570816;1446674432;0;0;0;0;0;0;0;0;0;0;0;2926;0;0;133;0;122;0;
24283;3827709;1262088192;33570816;1446674432;0;0;0;0;0;0;0;0;0;0;0;3547;0;0;133;0;122;0;
24284;5717082;1262088192;33570816;1446674432;0;0;0;0;0;0;0;0;0;0;0;3116;0;0;133;0;122;0;
24285;4098126;1262088192;33570816;1446674432;0;0;0;0;0;0;0;0;0;0;0;2745;0;0;133;0;122;0;
24286;5296944;1262088192;33570816;1446674432;0;0;0;0;0;0;0;0;0;0;0;2284;0;0;133;0;122;0;
24287;4452701;1262088192;33570816;1446674432;0;0;0;0;0;0;0;0;0;0;0;3437;0;0;133;0;122;0;
24288;5766334;1262088192;33570816;1446674432;0;0;0;0;0;0;0;0;0;0;0;2655;0;0;133;0;122;0;
24289;5664593;1262088192;33570816;1446674432;0;0;0;0;0;0;0;0;0;0;0;3547;0;0;133;0;122;0;
24290;5429943;1262088192;33570816;1446674432;0;0;0;0;0;0;0;0;0;0;0;3146;0;0;133;0;122;0;
24291;4379103;1262088192;33570816;1446674432;0;0;0;0;0;0;0;0;0;0;0;3978;0;0;133;0;122;0;
24292;7367557;1262088192;33570816;1446674432;0;0;0;0;0;0;0;0;0;0;0;5030;0;0;133;0;122;0;
24293;3304287;1262088192;33570816;1446674432;0;0;0;0;0;0;0;0;0;0;0;3236;0;0;133;0;122;0;
24294;6506623;1262088192;33570816;1446674432;0;0;0;0;0;0;0;0;0;0;0;4879;0;0;133;0;122;0;
24295;4374914;1262088192;33570816;1446674432;0;0;0;0;0;0;0;0;0;0;0;2945;0;0;133;0;122;0;
24296;6211128;1262088192;33570816;1446674432;0;0;0;0;0;0;0;0;0;0;0;4469;0;0;133;0;122;0;
24297;3930892;1262088192;33570816;1446674432;0;0;0;0;0;0;0;0;0;0;0;3898;0;0;133;0;122;0;
24298;6164300;1262088192;33570816;1446674432;0;0;0;0;0;0;0;0;0;0;0;4158;0;0;133;0;122;0;
24299;3735696;1262088192;33570816;1446674432;0;0;0;0;0;0;0;0;0;0;0;2996;0;0;133;0;122;0;
24300;5162982;1262088192;33570816;1446674432;0;0;0;0;0;0;0;0;0;0;0;2775;0;0;133;0;122;0;
24301;4552257;1262088192;33570816;1446674432;0;0;0;0;0;0;0;0;0;0;0;3296;0;0;133;0;122;0;
24302;5108320;1262088192;33570816;1446674432;0;0;0;0;0;0;0;0;0;0;0;2856;0;0;133;0;122;0;
24303;4568477;1262088192;33570816;1446674432;0;0;0;0;0;0;0;0;0;0;0;3326;0;0;133;0;122;0;
24304;5426968;1262088192;33570816;1446674432;0;0;0;0;0;0;0;0;0;0;0;2725;0;0;133;0;122;0;
24305;3977539;1262088192;33570816;1446674432;0;0;0;0;0;0;0;0;0;0;0;3256;0;0;133;0;122;0;
24306;6754046;1262088192;33570816;1446674432;0;0;0;0;0;0;0;0;0;0;0;3757;0;0;133;0;122;0;
24307;3905244;1262088192;33570816;1446674432;0;0;0;0;0;0;0;0;0;0;0;4279;0;0;133;0;122;0;
24308;6199597;1262088192;33570816;1446674432;0;0;0;0;0;0;0;0;0;0;0;4218;0;0;133;0;122;0;
24309;3470629;1262088192;33570816;1446674432;0;0;0;0;0;0;0;0;0;0;0;3437;0;0;133;0;122;0;
24310;6801425;1262088192;33570816;1446674432;0;0;0;0;0;0;0;0;0;0;0;4468;0;0;133;0;122;0;
24311;3626721;1262088192;33570816;1446674432;0;0;0;0;0;0;0;0;0;0;0;3336;0;0;133;0;122;0;
24312;6380766;1262088192;33570816;1446674432;0;0;0;0;0;0;0;0;0;0;0;3987;0;0;133;0;122;0;
24313;3255936;1262088192;33570816;1446674432;0;0;0;0;0;0;0;0;0;0;0;4138;0;0;133;0;122;0;
24314;5041996;1262088192;33570816;1446674432;0;0;0;0;0;0;0;0;0;0;0;2715;0;0;133;0;122;0;
24315;3856783;1262088192;33570816;1446674432;0;0;0;0;0;0;0;0;0;0;0;2695;0;0;133;0;122;0;
24316;10797589;1262088192;33570816;1446674432;0;0;0;0;0;0;0;0;0;0;0;4168;0;0;133;0;122;0;
24317;7354984;1262088192;33570816;1446674432;0;0;0;0;0;0;0;0;0;0;0;3667;0;0;133;0;122;0;
24318;5471491;1262088192;33570816;1446674432;0;0;0;0;0;0;0;0;0;0;0;3396;0;0;133;0;122;0;
24319;4692380;1262088192;33570816;1446674432;0;0;0;0;0;0;0;0;0;0;0;3807;0;0;133;0;122;0;
24320;6689355;1262088192;33570816;1446674432;0;0;0;0;0;0;0;0;0;0;0;2946;0;0;133;0;122;0;
24321;5806540;1262088192;33570816;1446674432;0;0;0;0;0;0;0;0;0;0;0;3938;0;0;133;0;122;0;
24322;6510360;1262088192;33570816;1446674432;0;0;0;0;0;0;0;0;0;0;0;3637;0;0;133;0;122;0;
24323;6141507;1262088192;33570816;1446674432;0;0;0;0;0;0;0;0;0;0;0;4198;0;0;133;0;122;0;
24324;6808348;1262088192;33574912;1446678528;0;0;0;0;0;0;0;0;0;0;0;3897;0;0;133;0;122;0;
24325;5602336;1262088192;33579008;1446682624;0;0;0;0;0;0;0;0;0;0;0;3697;0;0;133;0;122;0;
24326;6241275;1262088192;33579008;1446682624;0;0;0;0;0;0;0;0;0;0;0;3436;0;0;133;0;122;0;
24327;6160784;1262088192;33579008;1446682624;0;0;0;0;0;0;0;0;0;0;0;3226;0;0;133;0;122;0;
24328;6044045;1262088192;33579008;1446682624;0;0;0;0;0;0;0;0;0;0;0;2955;0;0;133;0;122;0;
24329;6058732;1262088192;33579008;1446682624;0;0;0;0;0;0;0;0;0;0;0;3296;0;0;133;0;122;0;
24330;6767572;1262088192;33579008;1446682624;0;0;0;0;0;0;0;0;0;0;0;3016;0;0;133;0;122;0;
24331;6392328;1262088192;33570816;1446674432;0;0;0;0;0;0;0;0;0;0;0;3246;0;0;133;0;122;0;
24332;5957382;1262088192;33570816;1446674432;0;0;0;0;0;0;0;0;0;0;0;3837;0;0;133;0;122;0;
24333;5110324;1262088192;33570816;1446674432;0;0;0;0;0;0;0;0;0;0;0;3576;0;0;133;0;122;0;
24334;6875104;1262088192;33570816;1446674432;0;0;0;0;0;0;0;0;0;0;0;3005;0;0;133;0;122;0;
24335;5848448;1262088192;33570816;1446674432;0;0;0;0;0;0;0;0;0;0;0;3156;0;0;133;0;122;0;
24336;6103075;1262088192;33570816;1446674432;0;0;0;0;0;0;0;0;0;0;0;4037;0;0;133;0;122;0;
24337;4943631;1262088192;33570816;1446674432;0;0;0;0;0;0;0;0;0;0;0;3076;0;0;133;0;122;0;
24338;7776744;1262088192;33570816;1446674432;0;0;0;0;0;0;0;0;0;0;0;3606;0;0;133;0;122;0;
24339;5961861;1262088192;33570816;1446674432;0;0;0;0;0;0;0;0;0;0;0;2605;0;0;133;0;122;0;
24340;5894624;1262088192;33570816;1446674432;0;0;0;0;0;0;0;0;0;0;0;3687;0;0;133;0;122;0;
24341;5212535;1262088192;33570816;1446674432;0;0;0;0;0;0;0;0;0;0;0;3426;0;0;133;0;122;0;
24342;6096233;1262088192;33570816;1446674432;0;0;0;0;0;0;0;0;0;0;0;3256;0;0;133;0;122;0;
24343;6488298;1262088192;33570816;1446674432;0;0;0;0;0;0;0;0;0;0;0;3587;0;0;133;0;122;0;
24344;6623512;1262088192;33570816;1446674432;0;0;0;0;0;0;0;0;0;0;0;2996;0;0;133;0;122;0;
24345;5244746;1262088192;33570816;1446674432;0;0;0;0;0;0;0;0;0;0;0;3256;0;0;133;0;122;0;
24346;8981233;1262088192;33570816;1446674432;0;0;0;0;0;0;0;0;0;0;0;2826;0;0;133;0;122;0;
24347;5152854;1262088192;33570816;1446674432;0;0;0;0;0;0;0;0;0;0;0;3717;0;0;133;0;122;0;
24348;5853317;1262088192;33570816;1446674432;0;0;0;0;0;0;0;0;0;0;0;3557;0;0;133;0;122;0;
24349;5961110;1262088192;33570816;1446674432;0;0;0;0;0;0;0;0;0;0;0;3366;0;0;133;0;122;0;
24350;5696904;1262088192;33570816;1446674432;0;0;0;0;0;0;0;0;0;0;0;2615;0;0;133;0;122;0;
24351;5544047;1262088192;33570816;1446674432;0;0;0;0;0;0;0;0;0;0;0;3196;0;0;133;0;122;0;
24352;7531946;1262088192;33570816;1446674432;0;0;0;0;0;0;0;0;0;0;0;3727;0;0;133;0;122;0;
24353;4337635;1262088192;33570816;1446674432;0;0;0;0;0;0;0;0;0;0;0;3096;0;0;133;0;122;0;
24354;7369611;1262088192;33570816;1446674432;0;0;0;0;0;0;0;0;0;0;0;197660;0;0;133;0;122;0;
24355;4082907;1262088192;33574912;1446678528;0;0;0;0;0;0;0;0;0;0;0;3196;0;0;133;0;122;0;
24356;5435123;1262088192;33574912;1446678528;0;0;0;0;0;0;0;0;0;0;0;4188;0;0;133;0;122;0;
24357;4150845;1262088192;33574912;1446678528;0;0;0;0;0;0;0;0;0;0;0;4057;0;0;133;0;122;0;
24358;7450653;1262088192;33574912;1446678528;0;0;0;0;0;0;0;0;0;0;0;3847;0;0;133;0;122;0;
24359;6581142;1262088192;33574912;1446678528;0;0;0;0;0;0;0;0;0;0;0;4078;0;0;133;0;122;0;
24360;6052030;1262088192;33574912;1446678528;0;0;0;0;0;0;0;0;0;0;0;3437;0;0;133;0;122;0;
24361;5675133;1262088192;33570816;1446674432;0;0;0;0;0;0;0;0;0;0;0;3647;0;0;133;0;122;0;
24362;6985660;1262088192;33570816;1446674432;0;0;0;0;0;0;0;0;0;0;0;3096;0;0;133;0;122;0;
24363;5020325;1262084096;33566720;1446670336;0;0;0;0;0;0;0;0;0;0;0;3707;0;0;133;0;122;0;
24364;5552794;1262084096;33566720;1446670336;0;0;0;0;0;0;0;0;0;0;0;2555;0;0;133;0;122;0;
24365;5584333;1262084096;33566720;1446670336;0;0;0;0;0;0;0;0;0;0;0;3587;0;0;133;0;122;0;
24366;6977736;1262084096;33566720;1446670336;0;0;0;0;0;0;0;0;0;0;0;7775;0;0;133;0;122;0;
24367;4130486;1262084096;33566720;1446670336;0;0;0;0;0;0;0;0;0;0;0;3637;0;0;133;0;122;0;
24368;6100801;1262084096;33566720;1446670336;0;0;0;0;0;0;0;0;0;0;0;2265;0;0;133;0;122;0;
24369;4769495;1262084096;33566720;1446670336;0;0;0;0;0;0;0;0;0;0;0;3266;0;0;133;0;122;0;
24370;6356531;1262084096;33566720;1446670336;0;0;0;0;0;0;0;0;0;0;0;2354;0;0;133;0;122;0;
24371;3753409;1262084096;33566720;1446670336;0;0;0;0;0;0;0;0;0;0;0;3386;0;0;133;0;122;0;
24372;6687161;1262084096;33566720;1446670336;0;0;0;0;0;0;0;0;0;0;0;2555;0;0;133;0;122;0;
24373;5045783;1262084096;33566720;1446670336;0;0;0;0;0;0;0;0;0;0;0;3426;0;0;133;0;122;0;
24374;5775101;1262084096;33566720;1446670336;0;0;0;0;0;0;0;0;0;0;0;2495;0;0;133;0;122;0;
24375;5445442;1262084096;33566720;1446670336;0;0;0;0;0;0;0;0;0;0;0;2805;0;0;133;0;122;0;
24376;7437458;1262084096;33566720;1446670336;0;0;0;0;0;0;0;0;0;0;0;3987;0;0;133;0;122;0;
24377;4711976;1262084096;33566720;1446670336;0;0;0;0;0;0;0;0;0;0;0;3236;0;0;133;0;122;0;
24378;6338767;1262084096;33566720;1446670336;0;0;0;0;0;0;0;0;0;0;0;2916;0;0;133;0;122;0;
24379;4964640;1262084096;33566720;1446670336;0;0;0;0;0;0;0;0;0;0;0;2885;0;0;133;0;122;0;
24380;6951276;1262084096;33566720;1446670336;0;0;0;0;0;0;0;0;0;0;0;3236;0;0;133;0;122;0;
24381;4749527;1262084096;33566720;1446670336;0;0;0;0;0;0;0;0;0;0;0;3527;0;0;133;0;122;0;
24382;5108300;1262084096;33566720;1446670336;0;0;0;0;0;0;0;0;0;0;0;2665;0;0;133;0;122;0;
24383;4040317;1262084096;33566720;1446670336;0;0;0;0;0;0;0;0;0;0;0;3326;0;0;133;0;122;0;
24384;6050968;1262084096;33566720;1446670336;0;0;0;0;0;0;0;0;0;0;0;3206;0;0;133;0;122;0;
24385;5081921;1262084096;33566720;1446670336;0;0;0;0;0;0;0;0;0;0;0;3086;0;0;133;0;122;0;
24386;5441465;1262084096;33566720;1446670336;0;0;0;0;0;0;0;0;0;0;0;3186;0;0;133;0;122;0;
24387;5221452;1262084096;33566720;1446670336;0;0;0;0;0;0;0;0;0;0;0;3446;0;0;133;0;122;0;
24388;7100877;1262084096;33566720;1446670336;0;0;0;0;0;0;0;0;0;0;0;2906;0;0;133;0;122;0;
24389;4674076;1262084096;33566720;1446670336;0;0;0;0;0;0;0;0;0;0;0;2425;0;0;133;0;122;0;
24390;5259824;1262084096;33566720;1446670336;0;0;0;0;0;0;0;0;0;0;0;3788;0;0;133;0;122;0;
24391;5207616;1262084096;33566720;1446670336;0;0;0;0;0;0;0;0;0;0;0;4278;0;0;133;0;122;0;
24392;6091755;1262084096;33566720;1446670336;0;0;0;0;0;0;0;0;0;0;0;3297;0;0;133;0;122;0;
24393;4366209;1262084096;33566720;1446670336;0;0;0;0;0;0;0;0;0;0;0;3436;0;0;133;0;122;0;
24394;6193746;1262084096;33566720;1446670336;0;0;0;0;0;0;0;0;0;0;0;2765;0;0;133;0;122;0;
24395;4422815;1262084096;33566720;1446670336;0;0;0;0;0;0;0;0;0;0;0;3086;0;0;133;0;122;0;
24396;6568779;1262084096;33566720;1446670336;0;0;0;0;0;0;0;0;0;0;0;3857;0;0;133;0;122;0;
24397;4601820;1262084096;33566720;1446670336;0;0;0;0;0;0;0;0;0;0;0;3406;0;0;133;0;122;0;
24398;5954357;1262084096;33566720;1446670336;0;0;0;0;0;0;0;0;0;0;0;3066;0;0;133;0;122;0;
24399;4636866;1262084096;33566720;1446670336;0;0;0;0;0;0;0;0;0;0;0;4318;0;0;133;0;122;0;
24400;5874307;1262084096;33566720;1446670336;0;0;0;0;0;0;0;0;0;0;0;3527;0;0;133;0;122;0;
24401;3870539;1262084096;33566720;1446670336;0;0;0;0;0;0;0;0;0;0;0;2765;0;0;133;0;122;0;
24402;5759591;1262084096;33566720;1446670336;0;0;0;0;0;0;0;0;0;0;0;3145;0;0;133;0;122;0;
24403;4013146;1262084096;33566720;1446670336;0;0;0;0;0;0;0;0;0;0;0;3957;0;0;133;0;122;0;
24404;6250952;1262084096;33566720;1446670336;0;0;0;0;0;0;0;0;0;0;0;3647;0;0;133;0;122;0;
24405;3657109;1262084096;33566720;1446670336;0;0;0;0;0;0;0;0;0;0;0;3015;0;0;133;0;122;0;
24406;5323584;1262084096;33566720;1446670336;0;0;0;0;0;0;0;0;0;0;0;4108;0;0;133;0;122;0;
24407;5773137;1262084096;33566720;1446670336;0;0;0;0;0;0;0;0;0;0;0;2966;0;0;133;0;122;0;
24408;6186232;1262084096;33566720;1446670336;0;0;0;0;0;0;0;0;0;0;0;2895;0;0;133;0;122;0;
24409;4498977;1262084096;33566720;1446670336;0;0;0;0;0;0;0;0;0;0;0;2946;0;0;133;0;122;0;
24410;6397518;1262084096;33566720;1446670336;0;0;0;0;0;0;0;0;0;0;0;3336;0;0;133;0;122;0;
24411;3738741;1262084096;33566720;1446670336;0;0;0;0;0;0;0;0;0;0;0;2885;0;0;133;0;122;0;
24412;5911466;1262084096;33570816;1446674432;0;0;0;0;0;0;0;0;0;0;0;2955;0;0;133;0;122;0;
24413;4234792;1262084096;33574912;1446678528;0;0;0;0;0;0;0;0;0;0;0;2965;0;0;133;0;122;0;
24414;7145210;1262084096;33574912;1446678528;0;0;0;0;0;0;0;0;0;0;0;3336;0;0;133;0;122;0;
24415;4088347;1262084096;33574912;1446678528;0;0;0;0;0;0;0;0;0;0;0;3156;0;0;133;0;122;0;
24416;5373037;1262084096;33574912;1446678528;0;0;0;0;0;0;0;0;0;0;0;3396;0;0;133;0;122;0;
24417;3876961;1262084096;33574912;1446678528;0;0;0;0;0;0;0;0;0;0;0;3367;0;0;133;0;122;0;
24418;4777420;1262084096;33574912;1446678528;0;0;0;0;0;0;0;0;0;0;0;2835;0;0;133;0;122;0;
24419;4267333;1262084096;33566720;1446670336;0;0;0;0;0;0;0;0;0;0;0;3226;0;0;133;0;122;0;
24420;5542554;1262084096;33566720;1446670336;0;0;0;0;0;0;0;0;0;0;0;2354;0;0;133;0;122;0;
24421;4492405;1262084096;33566720;1446670336;0;0;0;0;0;0;0;0;0;0;0;3357;0;0;133;0;122;0;
24422;5124921;1262084096;33566720;1446670336;0;0;0;0;0;0;0;0;0;0;0;2434;0;0;133;0;122;0;
24423;3017679;1262084096;33566720;1446670336;0;0;0;0;0;0;0;0;0;0;0;3546;0;0;133;0;122;0;
24424;5298647;1262084096;33566720;1446670336;0;0;0;0;0;0;0;0;0;0;0;3988;0;0;133;0;122;0;
24425;3830393;1262084096;33566720;1446670336;0;0;0;0;0;0;0;0;0;0;0;2715;0;0;133;0;122;0;
24426;6511773;1262084096;33566720;1446670336;0;0;0;0;0;0;0;0;0;0;0;3256;0;0;133;0;122;0;
24427;5219428;1262084096;33566720;1446670336;0;0;0;0;0;0;0;0;0;0;0;3075;0;0;133;0;122;0;
24428;5227122;1262084096;33566720;1446670336;0;0;0;0;0;0;0;0;0;0;0;3196;0;0;133;0;122;0;
24429;3658951;1262084096;33566720;1446670336;0;0;0;0;0;0;0;0;0;0;0;2805;0;0;133;0;122;0;
24430;5512187;1262084096;33566720;1446670336;0;0;0;0;0;0;0;0;0;0;0;2595;0;0;133;0;122;0;
24431;5444500;1262084096;33566720;1446670336;0;0;0;0;0;0;0;0;0;0;0;5310;0;0;133;0;122;0;
24432;5208398;1262084096;33566720;1446670336;0;0;0;0;0;0;0;0;0;0;0;2836;0;0;133;0;122;0;
24433;4732566;1262084096;33566720;1446670336;0;0;0;0;0;0;0;0;0;0;0;3426;0;0;133;0;122;0;
24434;5516786;1262084096;33566720;1446670336;0;0;0;0;0;0;0;0;0;0;0;2745;0;0;133;0;122;0;
24435;4046178;1262084096;33566720;1446670336;0;0;0;0;0;0;0;0;0;0;0;2705;0;0;133;0;122;0;
24436;7556932;1262084096;33566720;1446670336;0;0;0;0;0;0;0;0;0;0;0;2204;0;0;133;0;122;0;
24437;3691543;1262084096;33566720;1446670336;0;0;0;0;0;0;0;0;0;0;0;3717;0;0;133;0;122;0;
24438;6140346;1262084096;33566720;1446670336;0;0;0;0;0;0;0;0;0;0;0;2635;0;0;133;0;122;0;
24439;3718584;1262084096;33566720;1446670336;0;0;0;0;0;0;0;0;0;0;0;2986;0;0;133;0;122;0;
24440;5642652;1262084096;33566720;1446670336;0;0;0;0;0;0;0;0;0;0;0;2966;0;0;133;0;122;0;
24441;3098691;1262084096;33566720;1446670336;0;0;0;0;0;0;0;0;0;0;0;3006;0;0;133;0;122;0;
24442;5844351;1262084096;33566720;1446670336;0;0;0;0;0;0;0;0;0;0;0;2254;0;0;133;0;122;0;
24443;5334965;1262084096;33566720;1446670336;0;0;0;0;0;0;0;0;0;0;0;2796;0;0;133;0;122;0;
24444;5494704;1262084096;33566720;1446670336;0;0;0;0;0;0;0;0;0;0;0;2325;0;0;133;0;122;0;
24445;4112152;1262084096;33566720;1446670336;0;0;0;0;0;0;0;0;0;0;0;2795;0;0;133;0;122;0;
24446;5399145;1262084096;33566720;1446670336;0;0;0;0;0;0;0;0;0;0;0;2404;0;0;133;0;122;0;
24447;3748099;1262084096;33566720;1446670336;0;0;0;0;0;0;0;0;0;0;0;2915;0;0;133;0;122;0;
24448;5773969;1262084096;33566720;1446670336;0;0;0;0;0;0;0;0;0;0;0;2134;0;0;133;0;122;0;
24449;3493812;1262084096;33566720;1446670336;0;0;0;0;0;0;0;0;0;0;0;3467;0;0;133;0;122;0;
24450;5023711;1262084096;33566720;1446670336;0;0;0;0;0;0;0;0;0;0;0;2956;0;0;133;0;122;0;
24451;3851674;1262084096;33566720;1446670336;0;0;0;0;0;0;0;0;0;0;0;2685;0;0;133;0;122;0;
24452;5307634;1262084096;33566720;1446670336;0;0;0;0;0;0;0;0;0;0;0;2956;0;0;133;0;122;0;
24453;3861903;1262084096;33566720;1446670336;0;0;0;0;0;0;0;0;0;0;0;3477;0;0;133;0;122;0;
24454;5815076;1262084096;33566720;1446670336;0;0;0;0;0;0;0;0;0;0;0;3156;0;0;133;0;122;0;
24455;4044515;1262084096;33566720;1446670336;0;0;0;0;0;0;0;0;0;0;0;3076;0;0;133;0;122;0;
24456;6817355;1262084096;33566720;1446670336;0;0;0;0;0;0;0;0;0;0;0;3146;0;0;133;0;122;0;
24457;5262189;1262084096;33566720;1446670336;0;0;0;0;0;0;0;0;0;0;0;3957;0;0;133;0;122;0;
24458;5689199;1262084096;33566720;1446670336;0;0;0;0;0;0;0;0;0;0;0;3356;0;0;133;0;122;0;
24459;4363203;1262084096;33566720;1446670336;0;0;0;0;0;0;0;0;0;0;0;4028;0;0;133;0;122;0;
24460;6418757;1262084096;33566720;1446670336;0;0;0;0;0;0;0;0;0;0;0;3737;0;0;133;0;122;0;
24461;3398584;1262084096;33566720;1446670336;0;0;0;0;0;0;0;0;0;0;0;2975;0;0;133;0;122;0;
24462;5395288;1262084096;33566720;1446670336;0;0;0;0;0;0;0;0;0;0;0;2605;0;0;133;0;122;0;
24463;3458166;1262084096;33566720;1446670336;0;0;0;0;0;0;0;0;0;0;0;2746;0;0;133;0;122;0;
24464;6393781;1262084096;33566720;1446670336;0;0;0;0;0;0;0;0;0;0;0;3246;0;0;133;0;122;0;
24465;3205651;1262084096;33566720;1446670336;0;0;0;0;0;0;0;0;0;0;0;3096;0;0;133;0;122;0;
24466;5973984;1262084096;33566720;1446670336;0;0;0;0;0;0;0;0;0;0;0;2665;0;0;133;0;122;0;
24467;3517196;1262084096;33566720;1446670336;0;0;0;0;0;0;0;0;0;0;0;2835;0;0;133;0;122;0;
24468;5593009;1262084096;33566720;1446670336;0;0;0;0;0;0;0;0;0;0;0;2545;0;0;133;0;122;0;
24469;3776402;1262084096;33566720;1446670336;0;0;0;0;0;0;0;0;0;0;0;2956;0;0;133;0;122;0;
24470;5663100;1262084096;33566720;1446670336;0;0;0;0;0;0;0;0;0;0;0;2695;0;0;133;0;122;0;
24471;4232468;1262084096;33566720;1446670336;0;0;0;0;0;0;0;0;0;0;0;5450;0;0;133;0;122;0;
24472;5251058;1262084096;33566720;1446670336;0;0;0;0;0;0;0;0;0;0;0;2093;0;0;133;0;122;0;
24473;4944813;1262084096;33566720;1446670336;0;0;0;0;0;0;0;0;0;0;0;2585;0;0;133;0;122;0;
24474;6399712;1262084096;33566720;1446670336;0;0;0;0;0;0;0;0;0;0;0;3025;0;0;133;0;122;0;
24475;3495275;1262084096;33566720;1446670336;0;0;0;0;0;0;0;0;0;0;0;3226;0;0;133;0;122;0;
24476;4949903;1262084096;33566720;1446670336;0;0;0;0;0;0;0;0;0;0;0;2395;0;0;133;0;122;0;
24477;4570321;1262084096;33566720;1446670336;0;0;0;0;0;0;0;0;0;0;0;3637;0;0;133;0;122;0;
24478;5411338;1262084096;33566720;1446670336;0;0;0;0;0;0;0;0;0;0;0;3176;0;0;133;0;122;0;
24479;3952713;1262084096;33566720;1446670336;0;0;0;0;0;0;0;0;0;0;0;3226;0;0;133;0;122;0;
24480;6384733;1262084096;33566720;1446670336;0;0;0;0;0;0;0;0;0;0;0;4188;0;0;133;0;122;0;
24481;3957011;1262084096;33566720;1446670336;0;0;0;0;0;0;0;0;0;0;0;3747;0;0;133;0;122;0;
24482;5902399;1262084096;33566720;1446670336;0;0;0;0;0;0;0;0;0;0;0;2515;0;0;133;0;122;0;
24483;3425094;1262084096;33566720;1446670336;0;0;0;0;0;0;0;0;0;0;0;3316;0;0;133;0;122;0;
24484;5366545;1262084096;33566720;1446670336;0;0;0;0;0;0;0;0;0;0;0;2945;0;0;133;0;122;0;
24485;4147228;1262084096;33566720;1446670336;0;0;0;0;0;0;0;0;0;0;0;2745;0;0;133;0;122;0;
24486;5479877;1262084096;33566720;1446670336;0;0;0;0;0;0;0;0;0;0;0;2455;0;0;133;0;122;0;
24487;4265259;1262084096;33566720;1446670336;0;0;0;0;0;0;0;0;0;0;0;3466;0;0;133;0;122;0;
24488;5292726;1262084096;33566720;1446670336;0;0;0;0;0;0;0;0;0;0;0;2715;0;0;133;0;122;0;
24489;3356275;1262084096;33566720;1446670336;0;0;0;0;0;0;0;0;0;0;0;3236;0;0;133;0;122;0;
24490;5368468;1262084096;33566720;1446670336;0;0;0;0;0;0;0;0;0;0;0;3016;0;0;133;0;122;0;
24491;4566534;1262084096;33566720;1446670336;0;0;0;0;0;0;0;0;0;0;0;2955;0;0;133;0;122;0;
24492;5771484;1262084096;33566720;1446670336;0;0;0;0;0;0;0;0;0;0;0;2404;0;0;133;0;122;0;
24493;3841414;1262084096;33566720;1446670336;0;0;0;0;0;0;0;0;0;0;0;2655;0;0;133;0;122;0;
24494;5710339;1262084096;33566720;1446670336;0;0;0;0;0;0;0;0;0;0;0;3506;0;0;133;0;122;0;
24495;3042807;1262084096;33566720;1446670336;0;0;0;0;0;0;0;0;0;0;0;3757;0;0;133;0;122;0;
24496;6956607;1262084096;33566720;1446670336;0;0;0;0;0;0;0;0;0;0;0;3216;0;0;133;0;122;0;
24497;3656558;1262084096;33566720;1446670336;0;0;0;0;0;0;0;0;0;0;0;3256;0;0;133;0;122;0;
24498;9186317;1262084096;33566720;1446670336;0;0;0;0;0;0;0;0;0;0;0;3086;0;0;133;0;122;0;
24499;3616412;1262084096;33566720;1446670336;0;0;0;0;0;0;0;0;0;0;0;3296;0;0;133;0;122;0;
24500;6864484;1262084096;33566720;1446670336;0;0;0;0;0;0;0;0;0;0;0;3096;0;0;133;0;122;0;
24501;4112342;1262084096;33566720;1446670336;0;0;0;0;0;0;0;0;0;0;0;2995;0;0;133;0;122;0;
24502;11350477;1262084096;33566720;1446670336;0;0;0;0;0;0;0;0;0;0;0;3176;0;0;133;0;122;0;
24503;4924014;1262084096;33566720;1446670336;0;0;0;0;0;0;0;0;0;0;0;3767;0;0;133;0;122;0;
24504;6361170;1262084096;33566720;1446670336;0;0;0;0;0;0;0;0;0;0;0;3105;0;0;133;0;122;0;
24505;4391536;1262084096;33566720;1446670336;0;0;0;0;0;0;0;0;0;0;0;3196;0;0;133;0;122;0;
24506;6564751;1262084096;33566720;1446670336;0;0;0;0;0;0;0;0;0;0;0;4198;0;0;133;0;122;0;
24507;3657459;1262084096;33566720;1446670336;0;0;0;0;0;0;0;0;0;0;0;3426;0;0;133;0;122;0;
24508;6161024;1262084096;33566720;1446670336;0;0;0;0;0;0;0;0;0;0;0;2825;0;0;133;0;122;0;
24509;3703535;1262084096;33566720;1446670336;0;0;0;0;0;0;0;0;0;0;0;4218;0;0;133;0;122;0;
24510;5663281;1262084096;33566720;1446670336;0;0;0;0;0;0;0;0;0;0;0;3406;0;0;133;0;122;0;
24511;4593965;1262084096;33566720;1446670336;0;0;0;0;0;0;0;0;0;0;0;3126;0;0;133;0;122;0;
24512;6055205;1262084096;33570816;1446674432;0;0;0;0;0;0;0;0;0;0;0;3416;0;0;133;0;122;0;
24513;4179618;1262084096;33574912;1446678528;0;0;0;0;0;0;0;0;0;0;0;3967;0;0;133;0;122;0;
24514;5573552;1262084096;33574912;1446678528;0;0;0;0;0;0;0;0;0;0;0;2545;0;0;133;0;122;0;
24515;4661372;1262084096;33574912;1446678528;0;0;0;0;0;0;0;0;0;0;0;2936;0;0;133;0;122;0;
24516;5710249;1262084096;33574912;1446678528;0;0;0;0;0;0;0;0;0;0;0;2274;0;0;133;0;122;0;
24517;3741607;1262084096;33574912;1446678528;0;0;0;0;0;0;0;0;0;0;0;3196;0;0;133;0;122;0;
24518;5487120;1262084096;33574912;1446678528;0;0;0;0;0;0;0;0;0;0;0;2475;0;0;133;0;122;0;
24519;3917296;1262084096;33566720;1446670336;0;0;0;0;0;0;0;0;0;0;0;2825;0;0;133;0;122;0;
24520;5132545;1262084096;33566720;1446670336;0;0;0;0;0;0;0;0;0;0;0;2945;0;0;133;0;122;0;
24521;3591085;1262084096;33566720;1446670336;0;0;0;0;0;0;0;0;0;0;0;2955;0;0;133;0;122;0;
24522;5264443;1262084096;33566720;1446670336;0;0;0;0;0;0;0;0;0;0;0;2295;0;0;133;0;122;0;
24523;3235408;1262084096;33566720;1446670336;0;0;0;0;0;0;0;0;0;0;0;2625;0;0;133;0;122;0;
24524;5931183;1262084096;33566720;1446670336;0;0;0;0;0;0;0;0;0;0;0;2716;0;0;133;0;122;0;
24525;4000913;1262084096;33566720;1446670336;0;0;0;0;0;0;0;0;0;0;0;2755;0;0;133;0;122;0;
24526;6227079;1262084096;33566720;1446670336;0;0;0;0;0;0;0;0;0;0;0;2344;0;0;133;0;122;0;
24527;4187674;1262084096;33566720;1446670336;0;0;0;0;0;0;0;0;0;0;0;3146;0;0;133;0;122;0;
24528;5615972;1262084096;33566720;1446670336;0;0;0;0;0;0;0;0;0;0;0;2535;0;0;133;0;122;0;
24529;3645477;1262084096;33566720;1446670336;0;0;0;0;0;0;0;0;0;0;0;2765;0;0;133;0;122;0;
24530;7237974;1262084096;33566720;1446670336;0;0;0;0;0;0;0;0;0;0;0;3777;0;0;133;0;122;0;
24531;4030468;1262084096;33566720;1446670336;0;0;0;0;0;0;0;0;0;0;0;3467;0;0;133;0;122;0;
24532;6768143;1262084096;33566720;1446670336;0;0;0;0;0;0;0;0;0;0;0;3316;0;0;133;0;122;0;
24533;5020014;1262084096;33566720;1446670336;0;0;0;0;0;0;0;0;0;0;0;3226;0;0;133;0;122;0;
24534;5955750;1262084096;33566720;1446670336;0;0;0;0;0;0;0;0;0;0;0;3076;0;0;133;0;122;0;
24535;4980610;1262084096;33566720;1446670336;0;0;0;0;0;0;0;0;0;0;0;3136;0;0;133;0;122;0;
24536;5892040;1262084096;33566720;1446670336;0;0;0;0;0;0;0;0;0;0;0;3266;0;0;133;0;122;0;
24537;4166684;1262084096;33566720;1446670336;0;0;0;0;0;0;0;0;0;0;0;2976;0;0;133;0;122;0;
24538;4883519;1262084096;33566720;1446670336;0;0;0;0;0;0;0;0;0;0;0;2936;0;0;133;0;122;0;
24539;4792648;1262084096;33566720;1446670336;0;0;0;0;0;0;0;0;0;0;0;4078;0;0;133;0;122;0;
24540;5401690;1262084096;33566720;1446670336;0;0;0;0;0;0;0;0;0;0;0;3306;0;0;133;0;122;0;
24541;4440147;1262084096;33566720;1446670336;0;0;0;0;0;0;0;0;0;0;0;2845;0;0;133;0;122;0;
24542;5551792;1262084096;33566720;1446670336;0;0;0;0;0;0;0;0;0;0;0;3456;0;0;133;0;122;0;
24543;5094855;1262084096;33566720;1446670336;0;0;0;0;0;0;0;0;0;0;0;2975;0;0;133;0;122;0;
24544;5607876;1262084096;33566720;1446670336;0;0;0;0;0;0;0;0;0;0;0;3627;0;0;133;0;122;0;
24545;6004080;1262084096;33566720;1446670336;0;0;0;0;0;0;0;0;0;0;0;3116;0;0;133;0;122;0;
24546;5989272;1262084096;33566720;1446670336;0;0;0;0;0;0;0;0;0;0;0;3467;0;0;133;0;122;0;
24547;5811669;1262084096;33566720;1446670336;0;0;0;0;0;0;0;0;0;0;0;3918;0;0;133;0;122;0;
24548;5743321;1262084096;33566720;1446670336;0;0;0;0;0;0;0;0;0;0;0;3767;0;0;133;0;122;0;
24549;3407921;1262084096;33566720;1446670336;0;0;0;0;0;0;0;0;0;0;0;5601;0;0;133;0;122;0;
24550;5771513;1262084096;33566720;1446670336;0;0;0;0;0;0;0;0;0;0;0;3276;0;0;133;0;122;0;
24551;4665980;1262084096;33566720;1446670336;0;0;0;0;0;0;0;0;0;0;0;3476;0;0;133;0;122;0;
24552;5976609;1262084096;33566720;1446670336;0;0;0;0;0;0;0;0;0;0;0;3216;0;0;133;0;122;0;
24553;3898792;1262084096;33566720;1446670336;0;0;0;0;0;0;0;0;0;0;0;3877;0;0;133;0;122;0;
24554;7080890;1262084096;33566720;1446670336;0;0;0;0;0;0;0;0;0;0;0;3036;0;0;133;0;122;0;
24555;3499984;1262084096;33566720;1446670336;0;0;0;0;0;0;0;0;0;0;0;3887;0;0;133;0;122;0;
24556;6791757;1262084096;33566720;1446670336;0;0;0;0;0;0;0;0;0;0;0;3807;0;0;133;0;122;0;
24557;4019067;1262084096;33566720;1446670336;0;0;0;0;0;0;0;0;0;0;0;3657;0;0;133;0;122;0;
24558;7137035;1262084096;33566720;1446670336;0;0;0;0;0;0;0;0;0;0;0;4088;0;0;133;0;122;0;
24559;4959361;1262084096;33566720;1446670336;0;0;0;0;0;0;0;0;0;0;0;2715;0;0;133;0;122;0;
24560;6660661;1262084096;33566720;1446670336;0;0;0;0;0;0;0;0;0;0;0;4378;0;0;133;0;122;0;
24561;4658045;1262084096;33566720;1446670336;0;0;0;0;0;0;0;0;0;0;0;4438;0;0;133;0;122;0;
24562;6494670;1262084096;33566720;1446670336;0;0;0;0;0;0;0;0;0;0;0;3507;0;0;133;0;122;0;
24563;5058266;1262084096;33566720;1446670336;0;0;0;0;0;0;0;0;0;0;0;2845;0;0;133;0;122;0;
24564;6763795;1262084096;33566720;1446670336;0;0;0;0;0;0;0;0;0;0;0;3216;0;0;133;0;122;0;
24565;3620540;1262084096;33566720;1446670336;0;0;0;0;0;0;0;0;0;0;0;3707;0;0;133;0;122;0;
24566;5761194;1262084096;33566720;1446670336;0;0;0;0;0;0;0;0;0;0;0;3597;0;0;133;0;122;0;
24567;4378411;1262084096;33566720;1446670336;0;0;0;0;0;0;0;0;0;0;0;2885;0;0;133;0;122;0;
24568;5701162;1262084096;33566720;1446670336;0;0;0;0;0;0;0;0;0;0;0;4178;0;0;133;0;122;0;
24569;4584548;1262084096;33566720;1446670336;0;0;0;0;0;0;0;0;0;0;0;3006;0;0;133;0;122;0;
24570;5499453;1262084096;33566720;1446670336;0;0;0;0;0;0;0;0;0;0;0;2665;0;0;133;0;122;0;
24571;5033750;1262084096;33566720;1446670336;0;0;0;0;0;0;0;0;0;0;0;3276;0;0;133;0;122;0;
24572;5310780;1262084096;33566720;1446670336;0;0;0;0;0;0;0;0;0;0;0;3266;0;0;133;0;122;0;
24573;5939318;1262084096;33566720;1446670336;0;0;0;0;0;0;0;0;0;0;0;3547;0;0;133;0;122;0;
24574;6120048;1262084096;33566720;1446670336;0;0;0;0;0;0;0;0;0;0;0;3957;0;0;133;0;122;0;
24575;4588385;1262084096;33566720;1446670336;0;0;0;0;0;0;0;0;0;0;0;3306;0;0;133;0;122;0;
24576;6204676;1262084096;33566720;1446670336;0;0;0;0;0;0;0;0;0;0;0;3466;0;0;133;0;122;0;
24577;4996100;1262084096;33566720;1446670336;0;0;0;0;0;0;0;0;0;0;0;3627;0;0;133;0;122;0;
24578;7223267;1262084096;33566720;1446670336;0;0;0;0;0;0;0;0;0;0;0;3687;0;0;133;0;122;0;
24579;4606890;1262084096;33566720;1446670336;0;0;0;0;0;0;0;0;0;0;0;3286;0;0;133;0;122;0;
24580;5472233;1262084096;33566720;1446670336;0;0;0;0;0;0;0;0;0;0;0;2375;0;0;133;0;122;0;
24581;4433234;1262084096;33566720;1446670336;0;0;0;0;0;0;0;0;0;0;0;3416;0;0;133;0;122;0;
24582;7247502;1262084096;33566720;1446670336;0;0;0;0;0;0;0;0;0;0;0;4108;0;0;133;0;122;0;
24583;4685777;1262084096;33566720;1446670336;0;0;0;0;0;0;0;0;0;0;0;4077;0;0;133;0;122;0;
24584;6439016;1262084096;33566720;1446670336;0;0;0;0;0;0;0;0;0;0;0;4057;0;0;133;0;122;0;
24585;4915007;1262084096;33566720;1446670336;0;0;0;0;0;0;0;0;0;0;0;4308;0;0;133;0;122;0;
24586;7270265;1262084096;33566720;1446670336;0;0;0;0;0;0;0;0;0;0;0;3687;0;0;133;0;122;0;
24587;5983401;1262084096;33566720;1446670336;0;0;0;0;0;0;0;0;0;0;0;4028;0;0;133;0;122;0;
24588;6529055;1262084096;33566720;1446670336;0;0;0;0;0;0;0;0;0;0;0;2795;0;0;133;0;122;0;
24589;5442847;1262084096;33566720;1446670336;0;0;0;0;0;0;0;0;0;0;0;3808;0;0;133;0;122;0;
24590;4906471;1262084096;33566720;1446670336;0;0;0;0;0;0;0;0;0;0;0;2785;0;0;133;0;122;0;
24591;7436626;1262084096;33566720;1446670336;0;0;0;0;0;0;0;0;0;0;0;3437;0;0;133;0;122;0;
24592;5587619;1262084096;33566720;1446670336;0;0;0;0;0;0;0;0;0;0;0;2875;0;0;133;0;122;0;
24593;6671732;1262084096;33566720;1446670336;0;0;0;0;0;0;0;0;0;0;0;3236;0;0;133;0;122;0;
24594;6140496;1262084096;33566720;1446670336;0;0;0;0;0;0;0;0;0;0;0;3196;0;0;133;0;122;0;
24595;6080975;1262084096;33566720;1446670336;0;0;0;0;0;0;0;0;0;0;0;3136;0;0;133;0;122;0;
24596;5388055;1262084096;33566720;1446670336;0;0;0;0;0;0;0;0;0;0;0;2485;0;0;133;0;122;0;
24597;3964004;1262084096;33566720;1446670336;0;0;0;0;0;0;0;0;0;0;0;3516;0;0;133;0;122;0;
24598;5525753;1262084096;33566720;1446670336;0;0;0;0;0;0;0;0;0;0;0;2375;0;0;133;0;122;0;
24599;4041670;1262084096;33566720;1446670336;0;0;0;0;0;0;0;0;0;0;0;3266;0;0;133;0;122;0;
24600;6561304;1262084096;33566720;1446670336;0;0;0;0;0;0;0;0;0;0;0;4338;0;0;133;0;122;0;
24601;3615681;1262084096;33566720;1446670336;0;0;0;0;0;0;0;0;0;0;0;3266;0;0;133;0;122;0;
24602;6518204;1262084096;33566720;1446670336;0;0;0;0;0;0;0;0;0;0;0;3918;0;0;133;0;122;0;
24603;3293616;1262084096;33566720;1446670336;0;0;0;0;0;0;0;0;0;0;0;3467;0;0;133;0;122;0;
24604;7212225;1262084096;33566720;1446670336;0;0;0;0;0;0;0;0;0;0;0;4659;0;0;133;0;122;0;
24605;3508370;1262084096;33566720;1446670336;0;0;0;0;0;0;0;0;0;0;0;3526;0;0;133;0;122;0;
24606;6647717;1262084096;33570816;1446674432;0;0;0;0;0;0;0;0;0;0;0;3446;0;0;133;0;122;0;
24607;3084194;1262084096;33574912;1446678528;0;0;0;0;0;0;0;0;0;0;0;3767;0;0;133;0;122;0;
24608;7760294;1262084096;33574912;1446678528;0;0;0;0;0;0;0;0;0;0;0;3206;0;0;133;0;122;0;
24609;4714992;1262084096;33574912;1446678528;0;0;0;0;0;0;0;0;0;0;0;3487;0;0;133;0;122;0;
24610;7046414;1262084096;33574912;1446678528;0;0;0;0;0;0;0;0;0;0;0;3196;0;0;133;0;122;0;
24611;4450887;1262084096;33574912;1446678528;0;0;0;0;0;0;0;0;0;0;0;3667;0;0;133;0;122;0;
24612;5304277;1262084096;33574912;1446678528;0;0;0;0;0;0;0;0;0;0;0;3066;0;0;133;0;122;0;
24613;5589582;1262084096;33566720;1446670336;0;0;0;0;0;0;0;0;0;0;0;4639;0;0;133;0;122;0;
24614;5439011;1262084096;33566720;1446670336;0;0;0;0;0;0;0;0;0;0;0;3106;0;0;133;0;122;0;
24615;5057565;1262084096;33566720;1446670336;0;0;0;0;0;0;0;0;0;0;0;3206;0;0;133;0;122;0;
24616;6428065;1262084096;33566720;1446670336;0;0;0;0;0;0;0;0;0;0;0;3527;0;0;133;0;122;0;
24617;6437132;1262084096;33566720;1446670336;0;0;0;0;0;0;0;0;0;0;0;3848;0;0;133;0;122;0;
24618;6698793;1262084096;33566720;1446670336;0;0;0;0;0;0;0;0;0;0;0;4468;0;0;133;0;122;0;
24619;3705199;1262084096;33566720;1446670336;0;0;0;0;0;0;0;0;0;0;0;4819;0;0;133;0;122;0;
24620;6404160;1262084096;33566720;1446670336;0;0;0;0;0;0;0;0;0;0;0;3697;0;0;133;0;122;0;
24621;3678679;1262084096;33566720;1446670336;0;0;0;0;0;0;0;0;0;0;0;3106;0;0;133;0;122;0;
24622;5627023;1262084096;33566720;1446670336;0;0;0;0;0;0;0;0;0;0;0;2665;0;0;133;0;122;0;
24623;4184347;1262084096;33566720;1446670336;0;0;0;0;0;0;0;0;0;0;0;31289;0;0;133;0;122;0;
24624;5489705;1262084096;33566720;1446670336;0;0;0;0;0;0;0;0;0;0;0;3196;0;0;133;0;122;0;
24625;6308100;1262084096;33566720;1446670336;0;0;0;0;0;0;0;0;0;0;0;3847;0;0;133;0;122;0;
24626;5302985;1262084096;33566720;1446670336;0;0;0;0;0;0;0;0;0;0;0;2876;0;0;133;0;122;0;
24627;5864528;1262084096;33566720;1446670336;0;0;0;0;0;0;0;0;0;0;0;4338;0;0;133;0;122;0;
24628;6407045;1262084096;33566720;1446670336;0;0;0;0;0;0;0;0;0;0;0;4078;0;0;133;0;122;0;
24629;4960413;1262084096;33566720;1446670336;0;0;0;0;0;0;0;0;0;0;0;3897;0;0;133;0;122;0;
24630;5092731;1262084096;33566720;1446670336;0;0;0;0;0;0;0;0;0;0;0;3086;0;0;133;0;122;0;
24631;4410822;1262084096;33566720;1446670336;0;0;0;0;0;0;0;0;0;0;0;3427;0;0;133;0;122;0;
24632;6687862;1262084096;33566720;1446670336;0;0;0;0;0;0;0;0;0;0;0;2925;0;0;133;0;122;0;
24633;4307989;1262084096;33566720;1446670336;0;0;0;0;0;0;0;0;0;0;0;4318;0;0;133;0;122;0;
24634;6283794;1262084096;33566720;1446670336;0;0;0;0;0;0;0;0;0;0;0;3376;0;0;133;0;122;0;
24635;5695561;1262084096;33566720;1446670336;0;0;0;0;0;0;0;0;0;0;0;3517;0;0;133;0;122;0;
24636;6567727;1262084096;33566720;1446670336;0;0;0;0;0;0;0;0;0;0;0;3256;0;0;133;0;122;0;
24637;5513981;1262084096;33566720;1446670336;0;0;0;0;0;0;0;0;0;0;0;3747;0;0;133;0;122;0;
24638;5735556;1262084096;33566720;1446670336;0;0;0;0;0;0;0;0;0;0;0;2846;0;0;133;0;122;0;
24639;5348009;1262084096;33566720;1446670336;0;0;0;0;0;0;0;0;0;0;0;3547;0;0;133;0;122;0;
24640;6589999;1262084096;33566720;1446670336;0;0;0;0;0;0;0;0;0;0;0;3276;0;0;133;0;122;0;
24641;3845111;1262084096;33566720;1446670336;0;0;0;0;0;0;0;0;0;0;0;3337;0;0;133;0;122;0;
24642;7100937;1262084096;33566720;1446670336;0;0;0;0;0;0;0;0;0;0;0;3186;0;0;133;0;122;0;
24643;4189988;1262084096;33566720;1446670336;0;0;0;0;0;0;0;0;0;0;0;3506;0;0;133;0;122;0;
24644;5575736;1262084096;33566720;1446670336;0;0;0;0;0;0;0;0;0;0;0;2435;0;0;133;0;122;0;
24645;6049244;1262084096;33566720;1446670336;0;0;0;0;0;0;0;0;0;0;0;3858;0;0;133;0;122;0;
24646;5765884;1262084096;33566720;1446670336;0;0;0;0;0;0;0;0;0;0;0;2775;0;0;133;0;122;0;
24647;5525262;1262084096;33566720;1446670336;0;0;0;0;0;0;0;0;0;0;0;3056;0;0;133;0;122;0;
24648;6261683;1262084096;33566720;1446670336;0;0;0;0;0;0;0;0;0;0;0;2805;0;0;133;0;122;0;
24649;5998039;1262084096;33566720;1446670336;0;0;0;0;0;0;0;0;0;0;0;2995;0;0;133;0;122;0;
24650;6190530;1262084096;33566720;1446670336;0;0;0;0;0;0;0;0;0;0;0;2856;0;0;133;0;122;0;
24651;5913320;1262084096;33566720;1446670336;0;0;0;0;0;0;0;0;0;0;0;3787;0;0;133;0;122;0;
24652;7151151;1262084096;33566720;1446670336;0;0;0;0;0;0;0;0;0;0;0;4819;0;0;133;0;122;0;
24653;5396480;1262084096;33566720;1446670336;0;0;0;0;0;0;0;0;0;0;0;5380;0;0;133;0;122;0;
24654;7423421;1262084096;33566720;1446670336;0;0;0;0;0;0;0;0;0;0;0;3437;0;0;133;0;122;0;
24655;6397298;1262084096;33566720;1446670336;0;0;0;0;0;0;0;0;0;0;0;4108;0;0;133;0;122;0;
24656;6747133;1262084096;33566720;1446670336;0;0;0;0;0;0;0;0;0;0;0;2865;0;0;133;0;122;0;
24657;4387949;1262084096;33566720;1446670336;0;0;0;0;0;0;0;0;0;0;0;3497;0;0;133;0;122;0;
24658;6756631;1262084096;33566720;1446670336;0;0;0;0;0;0;0;0;0;0;0;3326;0;0;133;0;122;0;
24659;5169494;1262084096;33566720;1446670336;0;0;0;0;0;0;0;0;0;0;0;3356;0;0;133;0;122;0;
24660;6980791;1262084096;33566720;1446670336;0;0;0;0;0;0;0;0;0;0;0;4589;0;0;133;0;122;0;
24661;4008477;1262084096;33566720;1446670336;0;0;0;0;0;0;0;0;0;0;0;4549;0;0;133;0;122;0;
24662;7462105;1262084096;33566720;1446670336;0;0;0;0;0;0;0;0;0;0;0;3898;0;0;133;0;122;0;
24663;4231396;1262084096;33566720;1446670336;0;0;0;0;0;0;0;0;0;0;0;4729;0;0;133;0;122;0;
24664;6682041;1262084096;33566720;1446670336;0;0;0;0;0;0;0;0;0;0;0;4719;0;0;133;0;122;0;
24665;3806509;1262084096;33566720;1446670336;0;0;0;0;0;0;0;0;0;0;0;2836;0;0;133;0;122;0;
24666;5882372;1262084096;33566720;1446670336;0;0;0;0;0;0;0;0;0;0;0;3066;0;0;133;0;122;0;
24667;3770070;1262084096;33566720;1446670336;0;0;0;0;0;0;0;0;0;0;0;4027;0;0;133;0;122;0;
24668;6651885;1262084096;33566720;1446670336;0;0;0;0;0;0;0;0;0;0;0;3296;0;0;133;0;122;0;
24669;5154737;1262084096;33566720;1446670336;0;0;0;0;0;0;0;0;0;0;0;3597;0;0;133;0;122;0;
24670;6989007;1262084096;33566720;1446670336;0;0;0;0;0;0;0;0;0;0;0;3427;0;0;133;0;122;0;
24671;4798809;1262084096;33566720;1446670336;0;0;0;0;0;0;0;0;0;0;0;3877;0;0;133;0;122;0;
24672;5846214;1262084096;33566720;1446670336;0;0;0;0;0;0;0;0;0;0;0;3306;0;0;133;0;122;0;
24673;4493127;1262084096;33566720;1446670336;0;0;0;0;0;0;0;0;0;0;0;3547;0;0;133;0;122;0;
24674;7114612;1262084096;33566720;1446670336;0;0;0;0;0;0;0;0;0;0;0;4218;0;0;133;0;122;0;
24675;4691498;1262084096;33566720;1446670336;0;0;0;0;0;0;0;0;0;0;0;3998;0;0;133;0;122;0;
24676;6897846;1262084096;33566720;1446670336;0;0;0;0;0;0;0;0;0;0;0;4138;0;0;133;0;122;0;
24677;4255280;1262084096;33566720;1446670336;0;0;0;0;0;0;0;0;0;0;0;3517;0;0;133;0;122;0;
24678;7247291;1262084096;33566720;1446670336;0;0;0;0;0;0;0;0;0;0;0;4538;0;0;133;0;122;0;
24679;3916485;1262084096;33566720;1446670336;0;0;0;0;0;0;0;0;0;0;0;3025;0;0;133;0;122;0;
24680;6757543;1262084096;33566720;1446670336;0;0;0;0;0;0;0;0;0;0;0;3516;0;0;133;0;122;0;
24681;3393364;1262084096;33566720;1446670336;0;0;0;0;0;0;0;0;0;0;0;3727;0;0;133;0;122;0;
24682;7673872;1262084096;33566720;1446670336;0;0;0;0;0;0;0;0;0;0;0;3075;0;0;133;0;122;0;
24683;4266862;1262084096;33566720;1446670336;0;0;0;0;0;0;0;0;0;0;0;2895;0;0;133;0;122;0;
24684;8299254;1262084096;33566720;1446670336;0;0;0;0;0;0;0;0;0;0;0;3115;0;0;133;0;122;0;
24685;3712943;1262084096;33566720;1446670336;0;0;0;0;0;0;0;0;0;0;0;3837;0;0;133;0;122;0;
24686;5220821;1262084096;33566720;1446670336;0;0;0;0;0;0;0;0;0;0;0;3046;0;0;133;0;122;0;
24687;3832517;1262084096;33566720;1446670336;0;0;0;0;0;0;0;0;0;0;0;3537;0;0;133;0;122;0;
24688;6017425;1262084096;33566720;1446670336;0;0;0;0;0;0;0;0;0;0;0;3026;0;0;133;0;122;0;
24689;5386552;1262084096;33566720;1446670336;0;0;0;0;0;0;0;0;0;0;0;2886;0;0;133;0;122;0;
24690;6400022;1262084096;33566720;1446670336;0;0;0;0;0;0;0;0;0;0;0;2595;0;0;133;0;122;0;
24691;5563954;1262084096;33566720;1446670336;0;0;0;0;0;0;0;0;0;0;0;3526;0;0;133;0;122;0;
24692;6821914;1262084096;33566720;1446670336;0;0;0;0;0;0;0;0;0;0;0;4308;0;0;133;0;122;0;
24693;4363733;1262084096;33566720;1446670336;0;0;0;0;0;0;0;0;0;0;0;3066;0;0;133;0;122;0;
24694;6831532;1262084096;33566720;1446670336;0;0;0;0;0;0;0;0;0;0;0;3447;0;0;133;0;122;0;
24695;4789663;1262084096;33566720;1446670336;0;0;0;0;0;0;0;0;0;0;0;4478;0;0;133;0;122;0;
24696;7481401;1262084096;33566720;1446670336;0;0;0;0;0;0;0;0;0;0;0;2946;0;0;133;0;122;0;
24697;4856518;1262084096;33566720;1446670336;0;0;0;0;0;0;0;0;0;0;0;3988;0;0;133;0;122;0;
24698;6814980;1262084096;33566720;1446670336;0;0;0;0;0;0;0;0;0;0;0;4298;0;0;133;0;122;0;
24699;4601240;1262084096;33566720;1446670336;0;0;0;0;0;0;0;0;0;0;0;4088;0;0;133;0;122;0;
24700;6976323;1262084096;33566720;1446670336;0;0;0;0;0;0;0;0;0;0;0;4268;0;0;133;0;122;0;
24701;4269928;1262084096;33566720;1446670336;0;0;0;0;0;0;0;0;0;0;0;10369;0;0;133;0;122;0;
24702;6353235;1262084096;33566720;1446670336;0;0;0;0;0;0;0;0;0;0;0;3938;0;0;133;0;122;0;
24703;4788991;1262084096;33566720;1446670336;0;0;0;0;0;0;0;0;0;0;0;4078;0;0;133;0;122;0;
24704;6673425;1262084096;33566720;1446670336;0;0;0;0;0;0;0;0;0;0;0;3116;0;0;133;0;122;0;
24705;4622789;1262084096;33566720;1446670336;0;0;0;0;0;0;0;0;0;0;0;3066;0;0;133;0;122;0;
24706;6181072;1262084096;33566720;1446670336;0;0;0;0;0;0;0;0;0;0;0;65834;0;0;133;0;122;0;
24707;3921294;1262084096;33566720;1446670336;0;0;0;0;0;0;0;0;0;0;0;3307;0;0;133;0;122;0;
24708;5861001;1262084096;33566720;1446670336;0;0;0;0;0;0;0;0;0;0;0;2614;0;0;133;0;122;0;
24709;4254469;1262084096;33566720;1446670336;0;0;0;0;0;0;0;0;0;0;0;3056;0;0;133;0;122;0;
24710;5424303;1262084096;33566720;1446670336;0;0;0;0;0;0;0;0;0;0;0;2475;0;0;133;0;122;0;
24711;4092475;1262084096;33566720;1446670336;0;0;0;0;0;0;0;0;0;0;0;3317;0;0;133;0;122;0;
24712;5072092;1262084096;33566720;1446670336;0;0;0;0;0;0;0;0;0;0;0;3066;0;0;133;0;122;0;
24713;5441686;1262084096;33566720;1446670336;0;0;0;0;0;0;0;0;0;0;0;3897;0;0;133;0;122;0;
24714;4975451;1262084096;33566720;1446670336;0;0;0;0;0;0;0;0;0;0;0;3357;0;0;133;0;122;0;
24715;4599436;1262084096;33566720;1446670336;0;0;0;0;0;0;0;0;0;0;0;3577;0;0;133;0;122;0;
24716;6174831;1262084096;33566720;1446670336;0;0;0;0;0;0;0;0;0;0;0;2695;0;0;133;0;122;0;
24717;4435919;1262084096;33566720;1446670336;0;0;0;0;0;0;0;0;0;0;0;3858;0;0;133;0;122;0;
24718;5826948;1262084096;33566720;1446670336;0;0;0;0;0;0;0;0;0;0;0;2995;0;0;133;0;122;0;
24719;5615461;1262084096;33566720;1446670336;0;0;0;0;0;0;0;0;0;0;0;2905;0;0;133;0;122;0;
24720;7060601;1262084096;33566720;1446670336;0;0;0;0;0;0;0;0;0;0;0;3457;0;0;133;0;122;0;
24721;3981657;1262084096;33566720;1446670336;0;0;0;0;0;0;0;0;0;0;0;2976;0;0;133;0;122;0;
24722;5570417;1262084096;33566720;1446670336;0;0;0;0;0;0;0;0;0;0;0;3206;0;0;133;0;122;0;
24723;3488943;1262084096;33566720;1446670336;0;0;0;0;0;0;0;0;0;0;0;3086;0;0;133;0;122;0;
24724;4987634;1262084096;33566720;1446670336;0;0;0;0;0;0;0;0;0;0;0;2966;0;0;133;0;122;0;
24725;4687391;1262084096;33566720;1446670336;0;0;0;0;0;0;0;0;0;0;0;3686;0;0;133;0;122;0;
24726;5677528;1262084096;33566720;1446670336;0;0;0;0;0;0;0;0;0;0;0;3276;0;0;133;0;122;0;
24727;4907854;1262084096;33566720;1446670336;0;0;0;0;0;0;0;0;0;0;0;3076;0;0;133;0;122;0;
24728;6299464;1262084096;33566720;1446670336;0;0;0;0;0;0;0;0;0;0;0;2585;0;0;133;0;122;0;
24729;4082336;1262084096;33566720;1446670336;0;0;0;0;0;0;0;0;0;0;0;4248;0;0;133;0;122;0;
24730;6906552;1262084096;33566720;1446670336;0;0;0;0;0;0;0;0;0;0;0;3656;0;0;133;0;122;0;
24731;3340585;1262084096;33566720;1446670336;0;0;0;0;0;0;0;0;0;0;0;9057;0;0;133;0;122;0;
24732;6359356;1262084096;33566720;1446670336;0;0;0;0;0;0;0;0;0;0;0;4879;0;0;133;0;122;0;
24733;3737459;1262084096;33566720;1446670336;0;0;0;0;0;0;0;0;0;0;0;3086;0;0;133;0;122;0;
24734;7353570;1262084096;33566720;1446670336;0;0;0;0;0;0;0;0;0;0;0;3928;0;0;133;0;122;0;
24735;3425133;1262084096;33566720;1446670336;0;0;0;0;0;0;0;0;0;0;0;3377;0;0;133;0;122;0;
24736;6489501;1262084096;33566720;1446670336;0;0;0;0;0;0;0;0;0;0;0;4107;0;0;133;0;122;0;
24737;3884705;1262084096;33566720;1446670336;0;0;0;0;0;0;0;0;0;0;0;6883;0;0;133;0;122;0;
24738;7044802;1262084096;33566720;1446670336;0;0;0;0;0;0;0;0;0;0;0;4258;0;0;133;0;122;0;
24739;4424087;1262084096;33566720;1446670336;0;0;0;0;0;0;0;0;0;0;0;4158;0;0;133;0;122;0;
24740;6216188;1262084096;33566720;1446670336;0;0;0;0;0;0;0;0;0;0;0;3847;0;0;133;0;122;0;
24741;5333142;1262084096;33566720;1446670336;0;0;0;0;0;0;0;0;0;0;0;3778;0;0;133;0;122;0;
24742;6525497;1262084096;33566720;1446670336;0;0;0;0;0;0;0;0;0;0;0;3287;0;0;133;0;122;0;
24743;6359146;1262084096;33566720;1446670336;0;0;0;0;0;0;0;0;0;0;0;32200;0;0;133;0;122;0;
24744;7023462;1262084096;33566720;1446670336;0;0;0;0;0;0;0;0;0;0;0;3386;0;0;133;0;122;0;
24745;4738667;1262084096;33566720;1446670336;0;0;0;0;0;0;0;0;0;0;0;3727;0;0;133;0;122;0;
24746;8790736;1262084096;33566720;1446670336;0;0;0;0;0;0;0;0;0;0;0;4268;0;0;133;0;122;0;
24747;4759335;1262084096;33566720;1446670336;0;0;0;0;0;0;0;0;0;0;0;4098;0;0;133;0;122;0;
24748;6885964;1262084096;33566720;1446670336;0;0;0;0;0;0;0;0;0;0;0;3616;0;0;133;0;122;0;
24749;3655245;1262084096;33566720;1446670336;0;0;0;0;0;0;0;0;0;0;0;4028;0;0;133;0;122;0;
24750;6177655;1262084096;33566720;1446670336;0;0;0;0;0;0;0;0;0;0;0;2445;0;0;133;0;122;0;
24751;4972655;1262084096;33566720;1446670336;0;0;0;0;0;0;0;0;0;0;0;3657;0;0;133;0;122;0;
24752;6892095;1262084096;33566720;1446670336;0;0;0;0;0;0;0;0;0;0;0;389390;0;0;133;0;122;0;
24753;6207601;1262084096;33570816;1446674432;0;0;0;0;0;0;0;0;0;0;0;3767;0;0;133;0;122;0;
24754;6455206;1262084096;33570816;1446674432;0;0;0;0;0;0;0;0;0;0;0;3046;0;0;133;0;122;0;
24755;5459428;1262084096;33570816;1446674432;0;0;0;0;0;0;0;0;0;0;0;3586;0;0;133;0;122;0;
24756;6622981;1262084096;33570816;1446674432;0;0;0;0;0;0;0;0;0;0;0;3116;0;0;133;0;122;0;
24757;4979028;1262084096;33570816;1446674432;0;0;0;0;0;0;0;0;0;0;0;3908;0;0;133;0;122;0;
24758;6768343;1262084096;33570816;1446674432;0;0;0;0;0;0;0;0;0;0;0;3466;0;0;133;0;122;0;
24759;4861757;1262084096;33570816;1446674432;0;0;0;0;0;0;0;0;0;0;0;3316;0;0;133;0;122;0;
24760;7338753;1262084096;33570816;1446674432;0;0;0;0;0;0;0;0;0;0;0;3266;0;0;133;0;122;0;
24761;4432513;1262084096;33566720;1446670336;0;0;0;0;0;0;0;0;0;0;0;4008;0;0;133;0;122;0;
24762;5859439;1262084096;33566720;1446670336;0;0;0;0;0;0;0;0;0;0;0;3206;0;0;133;0;122;0;
24763;4446158;1262084096;33566720;1446670336;0;0;0;0;0;0;0;0;0;0;0;3256;0;0;133;0;122;0;
24764;6901924;1262084096;33566720;1446670336;0;0;0;0;0;0;0;0;0;0;0;3537;0;0;133;0;122;0;
24765;4183385;1262084096;33566720;1446670336;0;0;0;0;0;0;0;0;0;0;0;3256;0;0;133;0;122;0;
24766;6935948;1262084096;33566720;1446670336;0;0;0;0;0;0;0;0;0;0;0;3837;0;0;133;0;122;0;
24767;5604500;1262084096;33566720;1446670336;0;0;0;0;0;0;0;0;0;0;0;3827;0;0;133;0;122;0;
24768;6270670;1262084096;33566720;1446670336;0;0;0;0;0;0;0;0;0;0;0;3276;0;0;133;0;122;0;
24769;5633044;1262084096;33566720;1446670336;0;0;0;0;0;0;0;0;0;0;0;3447;0;0;133;0;122;0;
24770;8206220;1262084096;33566720;1446670336;0;0;0;0;0;0;0;0;0;0;0;3266;0;0;133;0;122;0;
24771;3644715;1262084096;33566720;1446670336;0;0;0;0;0;0;0;0;0;0;0;3978;0;0;133;0;122;0;
24772;7687707;1262084096;33566720;1446670336;0;0;0;0;0;0;0;0;0;0;0;5500;0;0;133;0;122;0;
24773;4437432;1262084096;33566720;1446670336;0;0;0;0;0;0;0;0;0;0;0;3647;0;0;133;0;122;0;
24774;7148626;1262084096;33566720;1446670336;0;0;0;0;0;0;0;0;0;0;0;5190;0;0;133;0;122;0;
24775;5508891;1262084096;33566720;1446670336;0;0;0;0;0;0;0;0;0;0;0;3968;0;0;133;0;122;0;
24776;6895332;1262084096;33566720;1446670336;0;0;0;0;0;0;0;0;0;0;0;4158;0;0;133;0;122;0;
24777;5630079;1262084096;33566720;1446670336;0;0;0;0;0;0;0;0;0;0;0;4338;0;0;133;0;122;0;
24778;6599777;1262084096;33566720;1446670336;0;0;0;0;0;0;0;0;0;0;0;3287;0;0;133;0;122;0;
24779;6328308;1262084096;33566720;1446670336;0;0;0;0;0;0;0;0;0;0;0;3997;0;0;133;0;122;0;
24780;8257637;1262084096;33566720;1446670336;0;0;0;0;0;0;0;0;0;0;0;3576;0;0;133;0;122;0;
24781;4445066;1262084096;33566720;1446670336;0;0;0;0;0;0;0;0;0;0;0;4569;0;0;133;0;122;0;
24782;6559582;1262084096;33566720;1446670336;0;0;0;0;0;0;0;0;0;0;0;2975;0;0;133;0;122;0;
24783;4128693;1262084096;33566720;1446670336;0;0;0;0;0;0;0;0;0;0;0;3457;0;0;133;0;122;0;
24784;7168173;1262084096;33570816;1446674432;0;0;0;0;0;0;0;0;0;0;0;3527;0;0;133;0;122;0;
24785;4476405;1262084096;33574912;1446678528;0;0;0;0;0;0;0;0;0;0;0;2986;0;0;133;0;122;0;
24786;7110735;1262084096;33574912;1446678528;0;0;0;0;0;0;0;0;0;0;0;4319;0;0;133;0;122;0;
24787;6599216;1262084096;33574912;1446678528;0;0;0;0;0;0;0;0;0;0;0;3557;0;0;133;0;122;0;
24788;5927446;1262084096;33574912;1446678528;0;0;0;0;0;0;0;0;0;0;0;3487;0;0;133;0;122;0;
24789;6309503;1262084096;33574912;1446678528;0;0;0;0;0;0;0;0;0;0;0;3337;0;0;133;0;122;0;
24790;7082312;1262084096;33574912;1446678528;0;0;0;0;0;0;0;0;0;0;0;3256;0;0;133;0;122;0;
24791;4233379;1262084096;33566720;1446670336;0;0;0;0;0;0;0;0;0;0;0;2885;0;0;133;0;122;0;
24792;7284771;1262084096;33566720;1446670336;0;0;0;0;0;0;0;0;0;0;0;4458;0;0;133;0;122;0;
24793;6169430;1262084096;33566720;1446670336;0;0;0;0;0;0;0;0;0;0;0;4719;0;0;133;0;122;0;
24794;7253242;1262084096;33566720;1446670336;0;0;0;0;0;0;0;0;0;0;0;4880;0;0;133;0;122;0;
24795;6379284;1262084096;33566720;1446670336;0;0;0;0;0;0;0;0;0;0;0;4298;0;0;133;0;122;0;
24796;7275164;1262084096;33566720;1446670336;0;0;0;0;0;0;0;0;0;0;0;3596;0;0;133;0;122;0;
24797;5653151;1262084096;33566720;1446670336;0;0;0;0;0;0;0;0;0;0;0;3176;0;0;133;0;122;0;
24798;6899850;1262084096;33566720;1446670336;0;0;0;0;0;0;0;0;0;0;0;4008;0;0;133;0;122;0;
24799;5376883;1262084096;33566720;1446670336;0;0;0;0;0;0;0;0;0;0;0;108183;0;0;133;0;122;0;
24800;7205303;1262084096;33566720;1446670336;0;0;0;0;0;0;0;0;0;0;0;3206;0;0;133;0;122;0;
24801;5161821;1262084096;33570816;1446674432;0;0;0;0;0;0;0;0;0;0;0;3556;0;0;133;0;122;0;
24802;6289395;1262084096;33570816;1446674432;0;0;0;0;0;0;0;0;0;0;0;2735;0;0;133;0;122;0;
24803;7424715;1262084096;33570816;1446674432;0;0;0;0;0;0;0;0;0;0;0;3116;0;0;133;0;122;0;
24804;5317352;1262084096;33570816;1446674432;0;0;0;0;0;0;0;0;0;0;0;3827;0;0;133;0;122;0;
24805;6294375;1262084096;33570816;1446674432;0;0;0;0;0;0;0;0;0;0;0;3176;0;0;133;0;122;0;
24806;6629793;1262084096;33570816;1446674432;0;0;0;0;0;0;0;0;0;0;0;3066;0;0;133;0;122;0;
24807;6182856;1262084096;33570816;1446674432;0;0;0;0;0;0;0;0;0;0;0;3377;0;0;133;0;122;0;
24808;7403244;1262084096;33570816;1446674432;0;0;0;0;0;0;0;0;0;0;0;3998;0;0;133;0;122;0;
24809;6493588;1262084096;33570816;1446674432;0;0;0;0;0;0;0;0;0;0;0;3036;0;0;133;0;122;0;
24810;6904389;1262084096;33570816;1446674432;0;0;0;0;0;0;0;0;0;0;0;2845;0;0;133;0;122;0;
24811;5142815;1262084096;33570816;1446674432;0;0;0;0;0;0;0;0;0;0;0;4138;0;0;133;0;122;0;
24812;6048233;1262084096;33570816;1446674432;0;0;0;0;0;0;0;0;0;0;0;3106;0;0;133;0;122;0;
24813;3700270;1262084096;33570816;1446674432;0;0;0;0;0;0;0;0;0;0;0;3036;0;0;133;0;122;0;
24814;7732782;1262084096;33570816;1446674432;0;0;0;0;0;0;0;0;0;0;0;2494;0;0;133;0;122;0;
24815;3327330;1262084096;33570816;1446674432;0;0;0;0;0;0;0;0;0;0;0;3096;0;0;133;0;122;0;
24816;6292311;1262084096;33570816;1446674432;0;0;0;0;0;0;0;0;0;0;0;2565;0;0;133;0;122;0;
24817;3257559;1262084096;33570816;1446674432;0;0;0;0;0;0;0;0;0;0;0;2905;0;0;133;0;122;0;
24818;6238099;1262084096;33570816;1446674432;0;0;0;0;0;0;0;0;0;0;0;2474;0;0;133;0;122;0;
24819;4144653;1262084096;33570816;1446674432;0;0;0;0;0;0;0;0;0;0;0;2966;0;0;133;0;122;0;
24820;5977250;1262084096;33570816;1446674432;0;0;0;0;0;0;0;0;0;0;0;2555;0;0;133;0;122;0;
24821;4870785;1262084096;33570816;1446674432;0;0;0;0;0;0;0;0;0;0;0;2855;0;0;133;0;122;0;
24822;5336268;1262084096;33570816;1446674432;0;0;0;0;0;0;0;0;0;0;0;2545;0;0;133;0;122;0;
24823;4749447;1262084096;33570816;1446674432;0;0;0;0;0;0;0;0;0;0;0;2905;0;0;133;0;122;0;
24824;5524892;1262084096;33570816;1446674432;0;0;0;0;0;0;0;0;0;0;0;2324;0;0;133;0;122;0;
24825;3449669;1262084096;33570816;1446674432;0;0;0;0;0;0;0;0;0;0;0;2424;0;0;133;0;122;0;
24826;5308305;1262084096;33570816;1446674432;0;0;0;0;0;0;0;0;0;0;0;2264;0;0;133;0;122;0;
24827;3853708;1262084096;33570816;1446674432;0;0;0;0;0;0;0;0;0;0;0;2595;0;0;133;0;122;0;
24828;6205998;1262084096;33570816;1446674432;0;0;0;0;0;0;0;0;0;0;0;2445;0;0;133;0;122;0;
24829;4844435;1262084096;33570816;1446674432;0;0;0;0;0;0;0;0;0;0;0;4188;0;0;133;0;122;0;
24830;6579248;1262084096;33570816;1446674432;0;0;0;0;0;0;0;0;0;0;0;4038;0;0;133;0;122;0;
24831;4873860;1262084096;33570816;1446674432;0;0;0;0;0;0;0;0;0;0;0;3958;0;0;133;0;122;0;
24832;5980395;1262084096;33570816;1446674432;0;0;0;0;0;0;0;0;0;0;0;2655;0;0;133;0;122;0;
24833;4920368;1262084096;33570816;1446674432;0;0;0;0;0;0;0;0;0;0;0;3426;0;0;133;0;122;0;
24834;7357748;1262084096;33570816;1446674432;0;0;0;0;0;0;0;0;0;0;0;4148;0;0;133;0;122;0;
24835;4775005;1262084096;33570816;1446674432;0;0;0;0;0;0;0;0;0;0;0;3917;0;0;133;0;122;0;
24836;5491338;1262084096;33570816;1446674432;0;0;0;0;0;0;0;0;0;0;0;3366;0;0;133;0;122;0;
24837;5352498;1262084096;33570816;1446674432;0;0;0;0;0;0;0;0;0;0;0;4308;0;0;133;0;122;0;
24838;6962497;1262084096;33570816;1446674432;0;0;0;0;0;0;0;0;0;0;0;3296;0;0;133;0;122;0;
24839;5889956;1262084096;33570816;1446674432;0;0;0;0;0;0;0;0;0;0;0;4278;0;0;133;0;122;0;
24840;5941061;1262084096;33570816;1446674432;0;0;0;0;0;0;0;0;0;0;0;2715;0;0;133;0;122;0;
24841;5426898;1262084096;33570816;1446674432;0;0;0;0;0;0;0;0;0;0;0;3687;0;0;133;0;122;0;
24842;6020391;1262084096;33570816;1446674432;0;0;0;0;0;0;0;0;0;0;0;2234;0;0;133;0;122;0;
24843;4286970;1262084096;33570816;1446674432;0;0;0;0;0;0;0;0;0;0;0;3076;0;0;133;0;122;0;
24844;5823862;1262084096;33570816;1446674432;0;0;0;0;0;0;0;0;0;0;0;2755;0;0;133;0;122;0;
24845;4467498;1262084096;33570816;1446674432;0;0;0;0;0;0;0;0;0;0;0;3016;0;0;133;0;122;0;
24846;5526745;1262084096;33570816;1446674432;0;0;0;0;0;0;0;0;0;0;0;3026;0;0;133;0;122;0;
24847;3990414;1262084096;33570816;1446674432;0;0;0;0;0;0;0;0;0;0;0;3386;0;0;133;0;122;0;
24848;7067464;1262084096;33570816;1446674432;0;0;0;0;0;0;0;0;0;0;0;2525;0;0;133;0;122;0;
24849;6320584;1262084096;33570816;1446674432;0;0;0;0;0;0;0;0;0;0;0;3988;0;0;133;0;122;0;
24850;6125829;1262084096;33570816;1446674432;0;0;0;0;0;0;0;0;0;0;0;2605;0;0;133;0;122;0;
24851;4813718;1262084096;33570816;1446674432;0;0;0;0;0;0;0;0;0;0;0;3206;0;0;133;0;122;0;
24852;5500906;1262084096;33570816;1446674432;0;0;0;0;0;0;0;0;0;0;0;2726;0;0;133;0;122;0;
24853;4613462;1262084096;33570816;1446674432;0;0;0;0;0;0;0;0;0;0;0;3386;0;0;133;0;122;0;
24854;5190995;1262084096;33570816;1446674432;0;0;0;0;0;0;0;0;0;0;0;3327;0;0;133;0;122;0;
24855;4949242;1262084096;33570816;1446674432;0;0;0;0;0;0;0;0;0;0;0;3387;0;0;133;0;122;0;
24856;6399462;1262084096;33570816;1446674432;0;0;0;0;0;0;0;0;0;0;0;4388;0;0;133;0;122;0;
24857;4198484;1262084096;33570816;1446674432;0;0;0;0;0;0;0;0;0;0;0;3277;0;0;133;0;122;0;
24858;6086745;1262084096;33570816;1446674432;0;0;0;0;0;0;0;0;0;0;0;3316;0;0;133;0;122;0;
24859;6231947;1262084096;33570816;1446674432;0;0;0;0;0;0;0;0;0;0;0;2605;0;0;133;0;122;0;
24860;7816489;1262084096;33570816;1446674432;0;0;0;0;0;0;0;0;0;0;0;2154;0;0;133;0;122;0;
24861;5407070;1262084096;33570816;1446674432;0;0;0;0;0;0;0;0;0;0;0;3357;0;0;133;0;122;0;
24862;5406610;1262084096;33570816;1446674432;0;0;0;0;0;0;0;0;0;0;0;3236;0;0;133;0;122;0;
24863;4490001;1262084096;33570816;1446674432;0;0;0;0;0;0;0;0;0;0;0;3186;0;0;133;0;122;0;
24864;6609426;1262084096;33570816;1446674432;0;0;0;0;0;0;0;0;0;0;0;2916;0;0;133;0;122;0;
24865;4934454;1262084096;33570816;1446674432;0;0;0;0;0;0;0;0;0;0;0;4008;0;0;133;0;122;0;
24866;7026768;1262084096;33570816;1446674432;0;0;0;0;0;0;0;0;0;0;0;2805;0;0;133;0;122;0;
24867;7068476;1262084096;33570816;1446674432;0;0;0;0;0;0;0;0;0;0;0;3086;0;0;133;0;122;0;
24868;7242452;1262084096;33570816;1446674432;0;0;0;0;0;0;0;0;0;0;0;4038;0;0;133;0;122;0;
24869;4586631;1262084096;33570816;1446674432;0;0;0;0;0;0;0;0;0;0;0;3397;0;0;133;0;122;0;
24870;5855903;1262084096;33570816;1446674432;0;0;0;0;0;0;0;0;0;0;0;4038;0;0;133;0;122;0;
24871;4225204;1262084096;33570816;1446674432;0;0;0;0;0;0;0;0;0;0;0;9047;0;0;133;0;122;0;
24872;8225936;1262084096;33570816;1446674432;0;0;0;0;0;0;0;0;0;0;0;4218;0;0;133;0;122;0;
24873;5829062;1262084096;33570816;1446674432;0;0;0;0;0;0;0;0;0;0;0;3928;0;0;133;0;122;0;
24874;6535076;1262084096;33570816;1446674432;0;0;0;0;0;0;0;0;0;0;0;3567;0;0;133;0;122;0;
24875;5269843;1262084096;33570816;1446674432;0;0;0;0;0;0;0;0;0;0;0;3577;0;0;133;0;122;0;
24876;6543932;1262084096;33570816;1446674432;0;0;0;0;0;0;0;0;0;0;0;4649;0;0;133;0;122;0;
24877;5513640;1262084096;33570816;1446674432;0;0;0;0;0;0;0;0;0;0;0;3456;0;0;133;0;122;0;
24878;6105700;1262084096;33570816;1446674432;0;0;0;0;0;0;0;0;0;0;0;3666;0;0;133;0;122;0;
24879;4281780;1262084096;33570816;1446674432;0;0;0;0;0;0;0;0;0;0;0;2856;0;0;133;0;122;0;
24880;6068691;1262084096;33570816;1446674432;0;0;0;0;0;0;0;0;0;0;0;3918;0;0;133;0;122;0;
24881;3871501;1262084096;33570816;1446674432;0;0;0;0;0;0;0;0;0;0;0;3096;0;0;133;0;122;0;
24882;5943947;1262084096;33570816;1446674432;0;0;0;0;0;0;0;0;0;0;0;2916;0;0;133;0;122;0;
24883;4902704;1262084096;33570816;1446674432;0;0;0;0;0;0;0;0;0;0;0;3256;0;0;133;0;122;0;
24884;6831041;1262084096;33570816;1446674432;0;0;0;0;0;0;0;0;0;0;0;4168;0;0;133;0;122;0;
24885;4220154;1262084096;33570816;1446674432;0;0;0;0;0;0;0;0;0;0;0;3818;0;0;133;0;122;0;
24886;7520764;1262084096;33570816;1446674432;0;0;0;0;0;0;0;0;0;0;0;3607;0;0;133;0;122;0;
24887;4421261;1262084096;33570816;1446674432;0;0;0;0;0;0;0;0;0;0;0;2965;0;0;133;0;122;0;
24888;6616940;1262084096;33570816;1446674432;0;0;0;0;0;0;0;0;0;0;0;3016;0;0;133;0;122;0;
24889;3681655;1262084096;33570816;1446674432;0;0;0;0;0;0;0;0;0;0;0;3256;0;0;133;0;122;0;
24890;7475249;1262084096;33570816;1446674432;0;0;0;0;0;0;0;0;0;0;0;3637;0;0;133;0;122;0;
24891;4930657;1262084096;33570816;1446674432;0;0;0;0;0;0;0;0;0;0;0;4148;0;0;133;0;122;0;
24892;6561446;1262084096;33570816;1446674432;0;0;0;0;0;0;0;0;0;0;0;3206;0;0;133;0;122;0;
24893;3218606;1262084096;33570816;1446674432;0;0;0;0;0;0;0;0;0;0;0;4739;0;0;133;0;122;0;
24894;5501487;1262084096;33570816;1446674432;0;0;0;0;0;0;0;0;0;0;0;2845;0;0;133;0;122;0;
24895;4048643;1262084096;33570816;1446674432;0;0;0;0;0;0;0;0;0;0;0;3296;0;0;133;0;122;0;
24896;6360519;1262084096;33570816;1446674432;0;0;0;0;0;0;0;0;0;0;0;3537;0;0;133;0;122;0;
24897;3513980;1262084096;33570816;1446674432;0;0;0;0;0;0;0;0;0;0;0;3116;0;0;133;0;122;0;
24898;5757928;1262084096;33570816;1446674432;0;0;0;0;0;0;0;0;0;0;0;3998;0;0;133;0;122;0;
24899;3895886;1262084096;33570816;1446674432;0;0;0;0;0;0;0;0;0;0;0;4438;0;0;133;0;122;0;
24900;5487571;1262084096;33570816;1446674432;0;0;0;0;0;0;0;0;0;0;0;3597;0;0;133;0;122;0;
24901;4365948;1262084096;33570816;1446674432;0;0;0;0;0;0;0;0;0;0;0;3707;0;0;133;0;122;0;
24902;4899549;1262084096;33570816;1446674432;0;0;0;0;0;0;0;0;0;0;0;2695;0;0;133;0;122;0;
24903;4628530;1262084096;33570816;1446674432;0;0;0;0;0;0;0;0;0;0;0;3457;0;0;133;0;122;0;
24904;5116275;1262084096;33570816;1446674432;0;0;0;0;0;0;0;0;0;0;0;2886;0;0;133;0;122;0;
24905;5284631;1262084096;33570816;1446674432;0;0;0;0;0;0;0;0;0;0;0;2705;0;0;133;0;122;0;
24906;5640568;1262084096;33570816;1446674432;0;0;0;0;0;0;0;0;0;0;0;2725;0;0;133;0;122;0;
24907;5076090;1262084096;33570816;1446674432;0;0;0;0;0;0;0;0;0;0;0;3076;0;0;133;0;122;0;
24908;5512528;1262084096;33570816;1446674432;0;0;0;0;0;0;0;0;0;0;0;2545;0;0;133;0;122;0;
24909;5767847;1262084096;33570816;1446674432;0;0;0;0;0;0;0;0;0;0;0;3246;0;0;133;0;122;0;
24910;5997507;1262084096;33570816;1446674432;0;0;0;0;0;0;0;0;0;0;0;4228;0;0;133;0;122;0;
24911;5285974;1262084096;33570816;1446674432;0;0;0;0;0;0;0;0;0;0;0;3166;0;0;133;0;122;0;
24912;7122657;1262084096;33570816;1446674432;0;0;0;0;0;0;0;0;0;0;0;3257;0;0;133;0;122;0;
24913;4536277;1262084096;33570816;1446674432;0;0;0;0;0;0;0;0;0;0;0;3126;0;0;133;0;122;0;
24914;7576760;1262084096;33570816;1446674432;0;0;0;0;0;0;0;0;0;0;0;4168;0;0;133;0;122;0;
24915;4155553;1262084096;33570816;1446674432;0;0;0;0;0;0;0;0;0;0;0;2945;0;0;133;0;122;0;
24916;9882533;1262084096;33570816;1446674432;0;0;0;0;0;0;0;0;0;0;0;3206;0;0;133;0;122;0;
24917;5179273;1262084096;33570816;1446674432;0;0;0;0;0;0;0;0;0;0;0;3737;0;0;133;0;122;0;
24918;9910977;1262084096;33570816;1446674432;0;0;0;0;0;0;0;0;0;0;0;3747;0;0;133;0;122;0;
24919;4661663;1262084096;33570816;1446674432;0;0;0;0;0;0;0;0;0;0;0;3286;0;0;133;0;122;0;
24920;5893893;1262084096;33570816;1446674432;0;0;0;0;0;0;0;0;0;0;0;3636;0;0;133;0;122;0;
24921;3958474;1262084096;33570816;1446674432;0;0;0;0;0;0;0;0;0;0;0;3226;0;0;133;0;122;0;
24922;6193244;1262084096;33570816;1446674432;0;0;0;0;0;0;0;0;0;0;0;3547;0;0;133;0;122;0;
24923;3772064;1262084096;33570816;1446674432;0;0;0;0;0;0;0;0;0;0;0;3347;0;0;133;0;122;0;
24924;6679346;1262084096;33570816;1446674432;0;0;0;0;0;0;0;0;0;0;0;3537;0;0;133;0;122;0;
24925;5018311;1262084096;33570816;1446674432;0;0;0;0;0;0;0;0;0;0;0;3026;0;0;133;0;122;0;
24926;6395544;1262084096;33570816;1446674432;0;0;0;0;0;0;0;0;0;0;0;4498;0;0;133;0;122;0;
24927;4126289;1262084096;33570816;1446674432;0;0;0;0;0;0;0;0;0;0;0;3306;0;0;133;0;122;0;
24928;6262926;1262084096;33570816;1446674432;0;0;0;0;0;0;0;0;0;0;0;4529;0;0;133;0;122;0;
24929;5079295;1262084096;33570816;1446674432;0;0;0;0;0;0;0;0;0;0;0;2995;0;0;133;0;122;0;
24930;5762577;1262084096;33570816;1446674432;0;0;0;0;0;0;0;0;0;0;0;2825;0;0;133;0;122;0;
24931;4416743;1262084096;33570816;1446674432;0;0;0;0;0;0;0;0;0;0;0;4038;0;0;133;0;122;0;
24932;7665336;1262084096;33570816;1446674432;0;0;0;0;0;0;0;0;0;0;0;3767;0;0;133;0;122;0;
24933;3615991;1262084096;33570816;1446674432;0;0;0;0;0;0;0;0;0;0;0;3386;0;0;133;0;122;0;
24934;6628391;1262084096;33570816;1446674432;0;0;0;0;0;0;0;0;0;0;0;4739;0;0;133;0;122;0;
24935;3910785;1262084096;33570816;1446674432;0;0;0;0;0;0;0;0;0;0;0;3547;0;0;133;0;122;0;
24936;6368233;1262084096;33570816;1446674432;0;0;0;0;0;0;0;0;0;0;0;4358;0;0;133;0;122;0;
24937;6916031;1262084096;33570816;1446674432;0;0;0;0;0;0;0;0;0;0;0;4458;0;0;133;0;122;0;
24938;5425845;1262084096;33570816;1446674432;0;0;0;0;0;0;0;0;0;0;0;3016;0;0;133;0;122;0;
24939;4741933;1262084096;33570816;1446674432;0;0;0;0;0;0;0;0;0;0;0;4218;0;0;133;0;122;0;
24940;6899038;1262084096;33570816;1446674432;0;0;0;0;0;0;0;0;0;0;0;3347;0;0;133;0;122;0;
24941;5387023;1262084096;33570816;1446674432;0;0;0;0;0;0;0;0;0;0;0;3547;0;0;133;0;122;0;
24942;6049235;1262084096;33570816;1446674432;0;0;0;0;0;0;0;0;0;0;0;3206;0;0;133;0;122;0;
24943;4685728;1262084096;33570816;1446674432;0;0;0;0;0;0;0;0;0;0;0;3146;0;0;133;0;122;0;
24944;7228827;1262084096;33570816;1446674432;0;0;0;0;0;0;0;0;0;0;0;3937;0;0;133;0;122;0;
24945;4875894;1262084096;33570816;1446674432;0;0;0;0;0;0;0;0;0;0;0;4518;0;0;133;0;122;0;
24946;6846890;1262084096;33570816;1446674432;0;0;0;0;0;0;0;0;0;0;0;3516;0;0;133;0;122;0;
24947;5325698;1262084096;33570816;1446674432;0;0;0;0;0;0;0;0;0;0;0;3847;0;0;133;0;122;0;
24948;5744874;1262084096;33570816;1446674432;0;0;0;0;0;0;0;0;0;0;0;2936;0;0;133;0;122;0;
24949;6010072;1262084096;33570816;1446674432;0;0;0;0;0;0;0;0;0;0;0;4058;0;0;133;0;122;0;
24950;5855561;1262084096;33570816;1446674432;0;0;0;0;0;0;0;0;0;0;0;2995;0;0;133;0;122;0;
24951;4722046;1262084096;33570816;1446674432;0;0;0;0;0;0;0;0;0;0;0;3367;0;0;133;0;122;0;
24952;7998380;1262084096;33570816;1446674432;0;0;0;0;0;0;0;0;0;0;0;4138;0;0;133;0;122;0;
24953;4629262;1262084096;33570816;1446674432;0;0;0;0;0;0;0;0;0;0;0;3697;0;0;133;0;122;0;
24954;6559101;1262084096;33570816;1446674432;0;0;0;0;0;0;0;0;0;0;0;2825;0;0;133;0;122;0;
24955;3561890;1262084096;33570816;1446674432;0;0;0;0;0;0;0;0;0;0;0;3547;0;0;133;0;122;0;
24956;6770527;1262084096;33570816;1446674432;0;0;0;0;0;0;0;0;0;0;0;3015;0;0;133;0;122;0;
24957;7362107;1262084096;33570816;1446674432;0;0;0;0;0;0;0;0;0;0;0;3877;0;0;133;0;122;0;
24958;6028926;1262084096;33570816;1446674432;0;0;0;0;0;0;0;0;0;0;0;2755;0;0;133;0;122;0;
24959;5794327;1262084096;33570816;1446674432;0;0;0;0;0;0;0;0;0;0;0;2916;0;0;133;0;122;0;
24960;7162803;1262084096;33574912;1446678528;0;0;0;0;0;0;0;0;0;0;0;3337;0;0;133;0;122;0;
24961;3793063;1262084096;33579008;1446682624;0;0;0;0;0;0;0;0;0;0;0;3417;0;0;133;0;122;0;
24962;5264363;1262084096;33579008;1446682624;0;0;0;0;0;0;0;0;0;0;0;3066;0;0;133;0;122;0;
24963;4098185;1262084096;33579008;1446682624;0;0;0;0;0;0;0;0;0;0;0;3206;0;0;133;0;122;0;
24964;7120092;1262084096;33579008;1446682624;0;0;0;0;0;0;0;0;0;0;0;3406;0;0;133;0;122;0;
24965;5291564;1262084096;33579008;1446682624;0;0;0;0;0;0;0;0;0;0;0;3196;0;0;133;0;122;0;
24966;7067343;1262084096;33579008;1446682624;0;0;0;0;0;0;0;0;0;0;0;2986;0;0;133;0;122;0;
24967;4511881;1262088192;33570816;1446674432;0;0;0;0;0;0;0;0;0;0;0;4468;0;0;133;0;122;0;
24968;7477273;1262088192;33570816;1446674432;0;0;0;0;0;0;0;0;0;0;0;3957;0;0;133;0;122;0;
24969;5126294;1262088192;33570816;1446674432;0;0;0;0;0;0;0;0;0;0;0;4137;0;0;133;0;122;0;
24970;5089665;1262088192;33570816;1446674432;0;0;0;0;0;0;0;0;0;0;0;3686;0;0;133;0;122;0;
24971;6374876;1262088192;33570816;1446674432;0;0;0;0;0;0;0;0;0;0;0;3115;0;0;133;0;122;0;
24972;6663677;1262088192;33570816;1446674432;0;0;0;0;0;0;0;0;0;0;0;2835;0;0;133;0;122;0;
24973;6625065;1262088192;33570816;1446674432;0;0;0;0;0;0;0;0;0;0;0;3717;0;0;133;0;122;0;
24974;8020962;1262088192;33570816;1446674432;0;0;0;0;0;0;0;0;0;0;0;4278;0;0;133;0;122;0;
24975;5697575;1262088192;33570816;1446674432;0;0;0;0;0;0;0;0;0;0;0;4088;0;0;133;0;122;0;
24976;7863147;1262088192;33570816;1446674432;0;0;0;0;0;0;0;0;0;0;0;2945;0;0;133;0;122;0;
24977;6282362;1262088192;33570816;1446674432;0;0;0;0;0;0;0;0;0;0;0;4288;0;0;133;0;122;0;
24978;6222900;1262088192;33570816;1446674432;0;0;0;0;0;0;0;0;0;0;0;3116;0;0;133;0;122;0;
24979;4763103;1262088192;33570816;1446674432;0;0;0;0;0;0;0;0;0;0;0;3797;0;0;133;0;122;0;
24980;5658452;1262088192;33570816;1446674432;0;0;0;0;0;0;0;0;0;0;0;2815;0;0;133;0;122;0;
24981;3747958;1262088192;33570816;1446674432;0;0;0;0;0;0;0;0;0;0;0;3076;0;0;133;0;122;0;
24982;6889070;1262088192;33570816;1446674432;0;0;0;0;0;0;0;0;0;0;0;2905;0;0;133;0;122;0;
24983;3756124;1262088192;33570816;1446674432;0;0;0;0;0;0;0;0;0;0;0;3416;0;0;133;0;122;0;
24984;6872239;1262088192;33570816;1446674432;0;0;0;0;0;0;0;0;0;0;0;4028;0;0;133;0;122;0;
24985;5433590;1262088192;33570816;1446674432;0;0;0;0;0;0;0;0;0;0;0;3407;0;0;133;0;122;0;
24986;7283189;1262088192;33570816;1446674432;0;0;0;0;0;0;0;0;0;0;0;3316;0;0;133;0;122;0;
24987;4526589;1262088192;33570816;1446674432;0;0;0;0;0;0;0;0;0;0;0;3336;0;0;133;0;122;0;
24988;6530718;1262088192;33570816;1446674432;0;0;0;0;0;0;0;0;0;0;0;3406;0;0;133;0;122;0;
24989;3599450;1262088192;33570816;1446674432;0;0;0;0;0;0;0;0;0;0;0;3416;0;0;133;0;122;0;
24990;6065485;1262088192;33570816;1446674432;0;0;0;0;0;0;0;0;0;0;0;3536;0;0;133;0;122;0;
24991;4176974;1262088192;33570816;1446674432;0;0;0;0;0;0;0;0;0;0;0;3136;0;0;133;0;122;0;
24992;6716346;1262088192;33570816;1446674432;0;0;0;0;0;0;0;0;0;0;0;3847;0;0;133;0;122;0;
24993;3765281;1262088192;33570816;1446674432;0;0;0;0;0;0;0;0;0;0;0;3416;0;0;133;0;122;0;
24994;7574275;1262088192;33570816;1446674432;0;0;0;0;0;0;0;0;0;0;0;3517;0;0;133;0;122;0;
24995;4484851;1262088192;33570816;1446674432;0;0;0;0;0;0;0;0;0;0;0;2985;0;0;133;0;122;0;
24996;7061363;1262088192;33570816;1446674432;0;0;0;0;0;0;0;0;0;0;0;3126;0;0;133;0;122;0;
24997;6649841;1262088192;33570816;1446674432;0;0;0;0;0;0;0;0;0;0;0;3096;0;0;133;0;122;0;
24998;9448399;1262088192;33570816;1446674432;0;0;0;0;0;0;0;0;0;0;0;3466;0;0;133;0;122;0;
24999;4299433;1262088192;33570816;1446674432;0;0;0;0;0;0;0;0;0;0;0;3837;0;0;133;0;122;0;
25000;6411614;1262088192;33570816;1446674432;0;0;0;0;0;0;0;0;0;0;0;3116;0;0;133;0;122;0;
25001;4443624;1262088192;33570816;1446674432;0;0;0;0;0;0;0;0;0;0;0;4188;0;0;133;0;122;0;
25002;6846189;1262088192;33570816;1446674432;0;0;0;0;0;0;0;0;0;0;0;3486;0;0;133;0;122;0;
25003;3393635;1262088192;33570816;1446674432;0;0;0;0;0;0;0;0;0;0;0;3256;0;0;133;0;122;0;
25004;6097255;1262088192;33570816;1446674432;0;0;0;0;0;0;0;0;0;0;0;2755;0;0;133;0;122;0;
25005;3524319;1262088192;33570816;1446674432;0;0;0;0;0;0;0;0;0;0;0;2735;0;0;133;0;122;0;
25006;6056137;1262088192;33570816;1446674432;0;0;0;0;0;0;0;0;0;0;0;3607;0;0;133;0;122;0;
25007;3695861;1262088192;33570816;1446674432;0;0;0;0;0;0;0;0;0;0;0;3016;0;0;133;0;122;0;
25008;5428440;1262088192;33570816;1446674432;0;0;0;0;0;0;0;0;0;0;0;2836;0;0;133;0;122;0;
25009;4661883;1262088192;33570816;1446674432;0;0;0;0;0;0;0;0;0;0;0;3897;0;0;133;0;122;0;
25010;5685833;1262088192;33570816;1446674432;0;0;0;0;0;0;0;0;0;0;0;2765;0;0;133;0;122;0;
25011;4834557;1262088192;33570816;1446674432;0;0;0;0;0;0;0;0;0;0;0;3367;0;0;133;0;122;0;
25012;5196615;1262088192;33570816;1446674432;0;0;0;0;0;0;0;0;0;0;0;2755;0;0;133;0;122;0;
25013;5622304;1262088192;33570816;1446674432;0;0;0;0;0;0;0;0;0;0;0;3597;0;0;133;0;122;0;
25014;5924621;1262088192;33570816;1446674432;0;0;0;0;0;0;0;0;0;0;0;2705;0;0;133;0;122;0;
25015;4616929;1262088192;33570816;1446674432;0;0;0;0;0;0;0;0;0;0;0;2895;0;0;133;0;122;0;
25016;6123013;1262088192;33570816;1446674432;0;0;0;0;0;0;0;0;0;0;0;2614;0;0;133;0;122;0;
25017;3335185;1262088192;33570816;1446674432;0;0;0;0;0;0;0;0;0;0;0;3297;0;0;133;0;122;0;
25018;6678194;1262088192;33570816;1446674432;0;0;0;0;0;0;0;0;0;0;0;2965;0;0;133;0;122;0;
25019;3404054;1262088192;33570816;1446674432;0;0;0;0;0;0;0;0;0;0;0;3216;0;0;133;0;122;0;
25020;7414495;1262088192;33570816;1446674432;0;0;0;0;0;0;0;0;0;0;0;3196;0;0;133;0;122;0;
25021;3546581;1262088192;33570816;1446674432;0;0;0;0;0;0;0;0;0;0;0;3136;0;0;133;0;122;0;
25022;6944313;1262088192;33570816;1446674432;0;0;0;0;0;0;0;0;0;0;0;3817;0;0;133;0;122;0;
25023;3610491;1262088192;33570816;1446674432;0;0;0;0;0;0;0;0;0;0;0;4047;0;0;133;0;122;0;
25024;6690196;1262088192;33570816;1446674432;0;0;0;0;0;0;0;0;0;0;0;3397;0;0;133;0;122;0;
25025;3748500;1262088192;33570816;1446674432;0;0;0;0;0;0;0;0;0;0;0;4058;0;0;133;0;122;0;
25026;7193521;1262088192;33570816;1446674432;0;0;0;0;0;0;0;0;0;0;0;3687;0;0;133;0;122;0;
25027;5235459;1262088192;33570816;1446674432;0;0;0;0;0;0;0;0;0;0;0;3156;0;0;133;0;122;0;
25028;6373943;1262088192;33570816;1446674432;0;0;0;0;0;0;0;0;0;0;0;2575;0;0;133;0;122;0;
25029;6037462;1262088192;33570816;1446674432;0;0;0;0;0;0;0;0;0;0;0;3296;0;0;133;0;122;0;
25030;6275268;1262088192;33570816;1446674432;0;0;0;0;0;0;0;0;0;0;0;3086;0;0;133;0;122;0;
25031;4223200;1262088192;33570816;1446674432;0;0;0;0;0;0;0;0;0;0;0;2605;0;0;133;0;122;0;
25032;4763423;1262088192;33570816;1446674432;0;0;0;0;0;0;0;0;0;0;0;2865;0;0;133;0;122;0;
25033;4442922;1262088192;33570816;1446674432;0;0;0;0;0;0;0;0;0;0;0;2845;0;0;133;0;122;0;
25034;6099739;1262088192;33570816;1446674432;0;0;0;0;0;0;0;0;0;0;0;2846;0;0;133;0;122;0;
25035;3812930;1262088192;33570816;1446674432;0;0;0;0;0;0;0;0;0;0;0;3056;0;0;133;0;122;0;
25036;10282944;1262088192;33570816;1446674432;0;0;0;0;0;0;0;0;0;0;0;2285;0;0;133;0;122;0;
25037;3356725;1262088192;33570816;1446674432;0;0;0;0;0;0;0;0;0;0;0;3316;0;0;133;0;122;0;
25038;6010942;1262088192;33570816;1446674432;0;0;0;0;0;0;0;0;0;0;0;3036;0;0;133;0;122;0;
25039;3381712;1262088192;33570816;1446674432;0;0;0;0;0;0;0;0;0;0;0;3487;0;0;133;0;122;0;
25040;6302830;1262088192;33570816;1446674432;0;0;0;0;0;0;0;0;0;0;0;3456;0;0;133;0;122;0;
25041;5436396;1262088192;33570816;1446674432;0;0;0;0;0;0;0;0;0;0;0;2535;0;0;133;0;122;0;
25042;5327601;1262088192;33570816;1446674432;0;0;0;0;0;0;0;0;0;0;0;3206;0;0;133;0;122;0;
25043;4645242;1262088192;33570816;1446674432;0;0;0;0;0;0;0;0;0;0;0;3116;0;0;133;0;122;0;
25044;5278269;1262088192;33570816;1446674432;0;0;0;0;0;0;0;0;0;0;0;2896;0;0;133;0;122;0;
25045;5522887;1262088192;33570816;1446674432;0;0;0;0;0;0;0;0;0;0;0;3967;0;0;133;0;122;0;
25046;5931203;1262088192;33570816;1446674432;0;0;0;0;0;0;0;0;0;0;0;2304;0;0;133;0;122;0;
25047;4286048;1262088192;33570816;1446674432;0;0;0;0;0;0;0;0;0;0;0;3757;0;0;133;0;122;0;
25048;6867740;1262088192;33570816;1446674432;0;0;0;0;0;0;0;0;0;0;0;4609;0;0;133;0;122;0;
25049;4613613;1262088192;33570816;1446674432;0;0;0;0;0;0;0;0;0;0;0;2805;0;0;133;0;122;0;
25050;6005723;1262088192;33574912;1446678528;0;0;0;0;0;0;0;0;0;0;0;2965;0;0;133;0;122;0;
25051;4538622;1262088192;33579008;1446682624;0;0;0;0;0;0;0;0;0;0;0;4177;0;0;133;0;122;0;
25052;5664333;1262088192;33579008;1446682624;0;0;0;0;0;0;0;0;0;0;0;2755;0;0;133;0;122;0;
25053;4338887;1262088192;33579008;1446682624;0;0;0;0;0;0;0;0;0;0;0;3066;0;0;133;0;122;0;
25054;4753054;1262088192;33579008;1446682624;0;0;0;0;0;0;0;0;0;0;0;2545;0;0;133;0;122;0;
25055;4147809;1262088192;33579008;1446682624;0;0;0;0;0;0;0;0;0;0;0;2514;0;0;133;0;122;0;
25056;5692154;1262088192;33579008;1446682624;0;0;0;0;0;0;0;0;0;0;0;2584;0;0;133;0;122;0;
25057;3629076;1262088192;33570816;1446674432;0;0;0;0;0;0;0;0;0;0;0;2786;0;0;133;0;122;0;
25058;5774530;1262088192;33570816;1446674432;0;0;0;0;0;0;0;0;0;0;0;2304;0;0;133;0;122;0;
25059;3787082;1262088192;33570816;1446674432;0;0;0;0;0;0;0;0;0;0;0;2936;0;0;133;0;122;0;
25060;6153099;1262088192;33570816;1446674432;0;0;0;0;0;0;0;0;0;0;0;4248;0;0;133;0;122;0;
25061;3434390;1262088192;33570816;1446674432;0;0;0;0;0;0;0;0;0;0;0;173515;0;0;133;0;122;0;
25062;5847927;1262088192;33570816;1446674432;0;0;0;0;0;0;0;0;0;0;0;2836;0;0;133;0;122;0;
25063;5168653;1262088192;33574912;1446678528;0;0;0;0;0;0;0;0;0;0;0;3006;0;0;133;0;122;0;
25064;7084235;1262088192;33574912;1446678528;0;0;0;0;0;0;0;0;0;0;0;3186;0;0;133;0;122;0;
25065;4295155;1262088192;33574912;1446678528;0;0;0;0;0;0;0;0;0;0;0;3837;0;0;133;0;122;0;
25066;7243053;1262088192;33574912;1446678528;0;0;0;0;0;0;0;0;0;0;0;4227;0;0;133;0;122;0;
25067;3795999;1262088192;33574912;1446678528;0;0;0;0;0;0;0;0;0;0;0;3968;0;0;133;0;122;0;
25068;5579664;1262088192;33574912;1446678528;0;0;0;0;0;0;0;0;0;0;0;2976;0;0;133;0;122;0;
25069;5285121;1262088192;33570816;1446674432;0;0;0;0;0;0;0;0;0;0;0;3296;0;0;133;0;122;0;
25070;7115013;1262088192;33570816;1446674432;0;0;0;0;0;0;0;0;0;0;0;5471;0;0;133;0;122;0;
25071;5597007;1262088192;33570816;1446674432;0;0;0;0;0;0;0;0;0;0;0;4489;0;0;133;0;122;0;
25072;7213569;1262088192;33570816;1446674432;0;0;0;0;0;0;0;0;0;0;0;3917;0;0;133;0;122;0;
25073;4433826;1262088192;33570816;1446674432;0;0;0;0;0;0;0;0;0;0;0;3787;0;0;133;0;122;0;
25074;8122883;1262088192;33570816;1446674432;0;0;0;0;0;0;0;0;0;0;0;5160;0;0;133;0;122;0;
25075;4214083;1262088192;33570816;1446674432;0;0;0;0;0;0;0;0;0;0;0;4178;0;0;133;0;122;0;
25076;7389167;1262088192;33570816;1446674432;0;0;0;0;0;0;0;0;0;0;0;4729;0;0;133;0;122;0;
25077;4815721;1262088192;33570816;1446674432;0;0;0;0;0;0;0;0;0;0;0;5581;0;0;133;0;122;0;
25078;5472132;1262088192;33570816;1446674432;0;0;0;0;0;0;0;0;0;0;0;3607;0;0;133;0;122;0;
25079;6423026;1262088192;33570816;1446674432;0;0;0;0;0;0;0;0;0;0;0;3957;0;0;133;0;122;0;
25080;6286570;1262088192;33570816;1446674432;0;0;0;0;0;0;0;0;0;0;0;4047;0;0;133;0;122;0;
25081;5597106;1262088192;33570816;1446674432;0;0;0;0;0;0;0;0;0;0;0;3176;0;0;133;0;122;0;
25082;7083133;1262088192;33570816;1446674432;0;0;0;0;0;0;0;0;0;0;0;4107;0;0;133;0;122;0;
25083;4821793;1262088192;33570816;1446674432;0;0;0;0;0;0;0;0;0;0;0;3407;0;0;133;0;122;0;
25084;6872078;1262088192;33570816;1446674432;0;0;0;0;0;0;0;0;0;0;0;4568;0;0;133;0;122;0;
25085;3968333;1262088192;33570816;1446674432;0;0;0;0;0;0;0;0;0;0;0;4358;0;0;133;0;122;0;
25086;7325969;1262088192;33570816;1446674432;0;0;0;0;0;0;0;0;0;0;0;4058;0;0;133;0;122;0;
25087;4072818;1262088192;33570816;1446674432;0;0;0;0;0;0;0;0;0;0;0;4459;0;0;133;0;122;0;
25088;7018402;1262088192;33570816;1446674432;0;0;0;0;0;0;0;0;0;0;0;3657;0;0;133;0;122;0;
25089;5058376;1262088192;33570816;1446674432;0;0;0;0;0;0;0;0;0;0;0;4038;0;0;133;0;122;0;
25090;6682562;1262088192;33570816;1446674432;0;0;0;0;0;0;0;0;0;0;0;4469;0;0;133;0;122;0;
25091;6984910;1262088192;33570816;1446674432;0;0;0;0;0;0;0;0;0;0;0;4819;0;0;133;0;122;0;
25092;8058733;1262088192;33570816;1446674432;0;0;0;0;0;0;0;0;0;0;0;131556;0;0;133;0;122;0;
25093;6692461;1262088192;33574912;1446678528;0;0;0;0;0;0;0;0;0;0;0;5300;0;0;133;0;122;0;
25094;6437743;1262088192;33574912;1446678528;0;0;0;0;0;0;0;0;0;0;0;12864;0;0;133;0;122;0;
25095;5529930;1262088192;33574912;1446678528;0;0;0;0;0;0;0;0;0;0;0;3697;0;0;133;0;122;0;
25096;5363759;1262088192;33574912;1446678528;0;0;0;0;0;0;0;0;0;0;0;2725;0;0;133;0;122;0;
25097;4818016;1262088192;33574912;1446678528;0;0;0;0;0;0;0;0;0;0;0;3306;0;0;133;0;122;0;
25098;5151110;1262088192;33574912;1446678528;0;0;0;0;0;0;0;0;0;0;0;2945;0;0;133;0;122;0;
25099;5699379;1262088192;33570816;1446674432;0;0;0;0;0;0;0;0;0;0;0;4508;0;0;133;0;122;0;
25100;6446440;1262088192;33570816;1446674432;0;0;0;0;0;0;0;0;0;0;0;3357;0;0;133;0;122;0;
25101;4717397;1262084096;33566720;1446670336;0;0;0;0;0;0;0;0;0;0;0;4208;0;0;133;0;122;0;
25102;5160598;1262084096;33566720;1446670336;0;0;0;0;0;0;0;0;0;0;0;3286;0;0;133;0;122;0;
25103;4975220;1262084096;33566720;1446670336;0;0;0;0;0;0;0;0;0;0;0;3126;0;0;133;0;122;0;
25104;5777314;1262084096;33566720;1446670336;0;0;0;0;0;0;0;0;0;0;0;2634;0;0;133;0;122;0;
25105;3947233;1262084096;33566720;1446670336;0;0;0;0;0;0;0;0;0;0;0;2916;0;0;133;0;122;0;
25106;5455100;1262084096;33566720;1446670336;0;0;0;0;0;0;0;0;0;0;0;2836;0;0;133;0;122;0;
25107;5826477;1262084096;33566720;1446670336;0;0;0;0;0;0;0;0;0;0;0;3907;0;0;133;0;122;0;
25108;5556190;1262084096;33566720;1446670336;0;0;0;0;0;0;0;0;0;0;0;3216;0;0;133;0;122;0;
25109;4882657;1262084096;33566720;1446670336;0;0;0;0;0;0;0;0;0;0;0;3617;0;0;133;0;122;0;
25110;5426156;1262084096;33566720;1446670336;0;0;0;0;0;0;0;0;0;0;0;3326;0;0;133;0;122;0;
25111;5051013;1262084096;33566720;1446670336;0;0;0;0;0;0;0;0;0;0;0;3196;0;0;133;0;122;0;
25112;6172155;1262084096;33566720;1446670336;0;0;0;0;0;0;0;0;0;0;0;4057;0;0;133;0;122;0;
25113;4970341;1262084096;33566720;1446670336;0;0;0;0;0;0;0;0;0;0;0;3727;0;0;133;0;122;0;
25114;5851624;1262084096;33566720;1446670336;0;0;0;0;0;0;0;0;0;0;0;3367;0;0;133;0;122;0;
25115;6925908;1262084096;33566720;1446670336;0;0;0;0;0;0;0;0;0;0;0;4318;0;0;133;0;122;0;
25116;7971119;1262084096;33566720;1446670336;0;0;0;0;0;0;0;0;0;0;0;4889;0;0;133;0;122;0;
25117;5906346;1262084096;33566720;1446670336;0;0;0;0;0;0;0;0;0;0;0;3456;0;0;133;0;122;0;
25118;6740801;1262084096;33566720;1446670336;0;0;0;0;0;0;0;0;0;0;0;4338;0;0;133;0;122;0;
25119;5192579;1262084096;33566720;1446670336;0;0;0;0;0;0;0;0;0;0;0;3537;0;0;133;0;122;0;
25120;6686700;1262084096;33566720;1446670336;0;0;0;0;0;0;0;0;0;0;0;3917;0;0;133;0;122;0;
25121;5098812;1262084096;33566720;1446670336;0;0;0;0;0;0;0;0;0;0;0;4248;0;0;133;0;122;0;
25122;6457660;1262084096;33566720;1446670336;0;0;0;0;0;0;0;0;0;0;0;4709;0;0;133;0;122;0;
25123;4940536;1262084096;33566720;1446670336;0;0;0;0;0;0;0;0;0;0;0;4207;0;0;133;0;122;0;
25124;6169320;1262084096;33566720;1446670336;0;0;0;0;0;0;0;0;0;0;0;3537;0;0;133;0;122;0;
25125;4753195;1262084096;33566720;1446670336;0;0;0;0;0;0;0;0;0;0;0;4779;0;0;133;0;122;0;
25126;7303357;1262084096;33566720;1446670336;0;0;0;0;0;0;0;0;0;0;0;3276;0;0;133;0;122;0;
25127;5191205;1262084096;33566720;1446670336;0;0;0;0;0;0;0;0;0;0;0;4479;0;0;133;0;122;0;
25128;7474247;1262084096;33566720;1446670336;0;0;0;0;0;0;0;0;0;0;0;4569;0;0;133;0;122;0;
25129;6387799;1262084096;33566720;1446670336;0;0;0;0;0;0;0;0;0;0;0;4107;0;0;133;0;122;0;
25130;6509117;1262084096;33566720;1446670336;0;0;0;0;0;0;0;0;0;0;0;4178;0;0;133;0;122;0;
25131;4893137;1262084096;33566720;1446670336;0;0;0;0;0;0;0;0;0;0;0;3146;0;0;133;0;122;0;
25132;7198070;1262084096;33566720;1446670336;0;0;0;0;0;0;0;0;0;0;0;5300;0;0;133;0;122;0;
25133;6521751;1262084096;33566720;1446670336;0;0;0;0;0;0;0;0;0;0;0;3456;0;0;133;0;122;0;
25134;6787419;1262084096;33566720;1446670336;0;0;0;0;0;0;0;0;0;0;0;4298;0;0;133;0;122;0;
25135;7360354;1262084096;33566720;1446670336;0;0;0;0;0;0;0;0;0;0;0;4268;0;0;133;0;122;0;
25136;6012065;1262084096;33566720;1446670336;0;0;0;0;0;0;0;0;0;0;0;2725;0;0;133;0;122;0;
25137;7424473;1262084096;33566720;1446670336;0;0;0;0;0;0;0;0;0;0;0;3316;0;0;133;0;122;0;
25138;6025951;1262084096;33566720;1446670336;0;0;0;0;0;0;0;0;0;0;0;3496;0;0;133;0;122;0;
25139;6633310;1262084096;33566720;1446670336;0;0;0;0;0;0;0;0;0;0;0;5190;0;0;133;0;122;0;
25140;7139489;1262084096;33566720;1446670336;0;0;0;0;0;0;0;0;0;0;0;4438;0;0;133;0;122;0;
25141;4746873;1262084096;33566720;1446670336;0;0;0;0;0;0;0;0;0;0;0;3787;0;0;133;0;122;0;
25142;6932140;1262084096;33566720;1446670336;0;0;0;0;0;0;0;0;0;0;0;4559;0;0;133;0;122;0;
25143;3828560;1262084096;33566720;1446670336;0;0;0;0;0;0;0;0;0;0;0;2875;0;0;133;0;122;0;
25144;7583121;1262084096;33566720;1446670336;0;0;0;0;0;0;0;0;0;0;0;4118;0;0;133;0;122;0;
25145;4610286;1262084096;33566720;1446670336;0;0;0;0;0;0;0;0;0;0;0;3717;0;0;133;0;122;0;
25146;6722166;1262084096;33566720;1446670336;0;0;0;0;0;0;0;0;0;0;0;4148;0;0;133;0;122;0;
25147;4660029;1262084096;33566720;1446670336;0;0;0;0;0;0;0;0;0;0;0;4589;0;0;133;0;122;0;
25148;7498783;1262084096;33566720;1446670336;0;0;0;0;0;0;0;0;0;0;0;3947;0;0;133;0;122;0;
25149;5379108;1262084096;33566720;1446670336;0;0;0;0;0;0;0;0;0;0;0;2976;0;0;133;0;122;0;
25150;5898843;1262084096;33566720;1446670336;0;0;0;0;0;0;0;0;0;0;0;4429;0;0;133;0;122;0;
25151;5455021;1262084096;33566720;1446670336;0;0;0;0;0;0;0;0;0;0;0;4679;0;0;133;0;122;0;
25152;6632799;1262084096;33566720;1446670336;0;0;0;0;0;0;0;0;0;0;0;3958;0;0;133;0;122;0;
25153;7091639;1262084096;33566720;1446670336;0;0;0;0;0;0;0;0;0;0;0;3727;0;0;133;0;122;0;
25154;5876741;1262084096;33566720;1446670336;0;0;0;0;0;0;0;0;0;0;0;5330;0;0;133;0;122;0;
25155;4666672;1262084096;33566720;1446670336;0;0;0;0;0;0;0;0;0;0;0;4409;0;0;133;0;122;0;
25156;7799828;1262084096;33566720;1446670336;0;0;0;0;0;0;0;0;0;0;0;4678;0;0;133;0;122;0;
25157;4254128;1262084096;33566720;1446670336;0;0;0;0;0;0;0;0;0;0;0;4339;0;0;133;0;122;0;
25158;8743017;1262084096;33566720;1446670336;0;0;0;0;0;0;0;0;0;0;0;3597;0;0;133;0;122;0;
25159;5188381;1262084096;33566720;1446670336;0;0;0;0;0;0;0;0;0;0;0;4699;0;0;133;0;122;0;
25160;7507580;1262084096;33566720;1446670336;0;0;0;0;0;0;0;0;0;0;0;4288;0;0;133;0;122;0;
25161;7331920;1262084096;33566720;1446670336;0;0;0;0;0;0;0;0;0;0;0;3847;0;0;133;0;122;0;
25162;7241381;1262084096;33566720;1446670336;0;0;0;0;0;0;0;0;0;0;0;4248;0;0;133;0;122;0;
25163;5294288;1262084096;33566720;1446670336;0;0;0;0;0;0;0;0;0;0;0;3777;0;0;133;0;122;0;
25164;7662921;1262084096;33566720;1446670336;0;0;0;0;0;0;0;0;0;0;0;5530;0;0;133;0;122;0;
25165;5114041;1262084096;33566720;1446670336;0;0;0;0;0;0;0;0;0;0;0;4408;0;0;133;0;122;0;
25166;7464569;1262084096;33566720;1446670336;0;0;0;0;0;0;0;0;0;0;0;3677;0;0;133;0;122;0;
25167;4724400;1262084096;33566720;1446670336;0;0;0;0;0;0;0;0;0;0;0;3857;0;0;133;0;122;0;
25168;8284817;1262084096;33566720;1446670336;0;0;0;0;0;0;0;0;0;0;0;3927;0;0;133;0;122;0;
25169;6007356;1262084096;33566720;1446670336;0;0;0;0;0;0;0;0;0;0;0;3536;0;0;133;0;122;0;
25170;7128058;1262084096;33566720;1446670336;0;0;0;0;0;0;0;0;0;0;0;3377;0;0;133;0;122;0;
25171;6376609;1262084096;33566720;1446670336;0;0;0;0;0;0;0;0;0;0;0;3737;0;0;133;0;122;0;
25172;5794476;1262084096;33566720;1446670336;0;0;0;0;0;0;0;0;0;0;0;2946;0;0;133;0;122;0;
25173;7122959;1262084096;33566720;1446670336;0;0;0;0;0;0;0;0;0;0;0;3877;0;0;133;0;122;0;
25174;5754863;1262084096;33566720;1446670336;0;0;0;0;0;0;0;0;0;0;0;3487;0;0;133;0;122;0;
25175;6777320;1262084096;33566720;1446670336;0;0;0;0;0;0;0;0;0;0;0;3276;0;0;133;0;122;0;
25176;7468456;1262084096;33566720;1446670336;0;0;0;0;0;0;0;0;0;0;0;3486;0;0;133;0;122;0;
25177;4707719;1262084096;33566720;1446670336;0;0;0;0;0;0;0;0;0;0;0;4048;0;0;133;0;122;0;
25178;5791572;1262084096;33566720;1446670336;0;0;0;0;0;0;0;0;0;0;0;3546;0;0;133;0;122;0;
25179;5850032;1262084096;33566720;1446670336;0;0;0;0;0;0;0;0;0;0;0;3026;0;0;133;0;122;0;
25180;5937986;1262084096;33566720;1446670336;0;0;0;0;0;0;0;0;0;0;0;4068;0;0;133;0;122;0;
25181;4034236;1262084096;33566720;1446670336;0;0;0;0;0;0;0;0;0;0;0;3687;0;0;133;0;122;0;
25182;6332876;1262084096;33566720;1446670336;0;0;0;0;0;0;0;0;0;0;0;4008;0;0;133;0;122;0;
25183;5821878;1262084096;33566720;1446670336;0;0;0;0;0;0;0;0;0;0;0;4469;0;0;133;0;122;0;
25184;5630940;1262084096;33566720;1446670336;0;0;0;0;0;0;0;0;0;0;0;3085;0;0;133;0;122;0;
25185;4637377;1262084096;33566720;1446670336;0;0;0;0;0;0;0;0;0;0;0;3536;0;0;133;0;122;0;
25186;5270674;1262084096;33566720;1446670336;0;0;0;0;0;0;0;0;0;0;0;3767;0;0;133;0;122;0;
25187;4798570;1262084096;33566720;1446670336;0;0;0;0;0;0;0;0;0;0;0;4178;0;0;133;0;122;0;
25188;5717352;1262084096;33566720;1446670336;0;0;0;0;0;0;0;0;0;0;0;3096;0;0;133;0;122;0;
25189;5809335;1262084096;33566720;1446670336;0;0;0;0;0;0;0;0;0;0;0;4509;0;0;133;0;122;0;
25190;5870009;1262084096;33566720;1446670336;0;0;0;0;0;0;0;0;0;0;0;3526;0;0;133;0;122;0;
25191;4511952;1262084096;33566720;1446670336;0;0;0;0;0;0;0;0;0;0;0;3547;0;0;133;0;122;0;
25192;6808529;1262084096;33566720;1446670336;0;0;0;0;0;0;0;0;0;0;0;4899;0;0;133;0;122;0;
25193;3398343;1262084096;33566720;1446670336;0;0;0;0;0;0;0;0;0;0;0;3827;0;0;133;0;122;0;
25194;6825230;1262084096;33566720;1446670336;0;0;0;0;0;0;0;0;0;0;0;3737;0;0;133;0;122;0;
25195;3950669;1262084096;33566720;1446670336;0;0;0;0;0;0;0;0;0;0;0;4278;0;0;133;0;122;0;
25196;6546898;1262084096;33566720;1446670336;0;0;0;0;0;0;0;0;0;0;0;4368;0;0;133;0;122;0;
25197;3702634;1262084096;33566720;1446670336;0;0;0;0;0;0;0;0;0;0;0;3196;0;0;133;0;122;0;
25198;6208533;1262084096;33566720;1446670336;0;0;0;0;0;0;0;0;0;0;0;4860;0;0;133;0;122;0;
25199;3284200;1262084096;33566720;1446670336;0;0;0;0;0;0;0;0;0;0;0;4659;0;0;133;0;122;0;
25200;6196802;1262084096;33566720;1446670336;0;0;0;0;0;0;0;0;0;0;0;4939;0;0;133;0;122;0;
25201;4052880;1262084096;33566720;1446670336;0;0;0;0;0;0;0;0;0;0;0;4659;0;0;133;0;122;0;
25202;6707108;1262084096;33566720;1446670336;0;0;0;0;0;0;0;0;0;0;0;4608;0;0;133;0;122;0;
25203;5162522;1262084096;33566720;1446670336;0;0;0;0;0;0;0;0;0;0;0;4058;0;0;133;0;122;0;
25204;6767061;1262084096;33566720;1446670336;0;0;0;0;0;0;0;0;0;0;0;4408;0;0;133;0;122;0;
25205;4917853;1262084096;33566720;1446670336;0;0;0;0;0;0;0;0;0;0;0;4819;0;0;133;0;122;0;
25206;5565387;1262084096;33566720;1446670336;0;0;0;0;0;0;0;0;0;0;0;3667;0;0;133;0;122;0;
25207;5208768;1262084096;33566720;1446670336;0;0;0;0;0;0;0;0;0;0;0;3567;0;0;133;0;122;0;
25208;8373313;1262084096;33566720;1446670336;0;0;0;0;0;0;0;0;0;0;0;3116;0;0;133;0;122;0;
25209;4027914;1262084096;33566720;1446670336;0;0;0;0;0;0;0;0;0;0;0;5060;0;0;133;0;122;0;
25210;7332952;1262084096;33566720;1446670336;0;0;0;0;0;0;0;0;0;0;0;3186;0;0;133;0;122;0;
25211;3915162;1262084096;33566720;1446670336;0;0;0;0;0;0;0;0;0;0;0;3366;0;0;133;0;122;0;
25212;6455357;1262084096;33566720;1446670336;0;0;0;0;0;0;0;0;0;0;0;4258;0;0;133;0;122;0;
25213;4958358;1262084096;33566720;1446670336;0;0;0;0;0;0;0;0;0;0;0;3787;0;0;133;0;122;0;
25214;5539138;1262084096;33566720;1446670336;0;0;0;0;0;0;0;0;0;0;0;4038;0;0;133;0;122;0;
25215;5118038;1262084096;33566720;1446670336;0;0;0;0;0;0;0;0;0;0;0;4689;0;0;133;0;122;0;
25216;6972155;1262084096;33566720;1446670336;0;0;0;0;0;0;0;0;0;0;0;3877;0;0;133;0;122;0;
25217;4753014;1262084096;33566720;1446670336;0;0;0;0;0;0;0;0;0;0;0;3957;0;0;133;0;122;0;
25218;6057280;1262084096;33566720;1446670336;0;0;0;0;0;0;0;0;0;0;0;4088;0;0;133;0;122;0;
25219;4700285;1262084096;33566720;1446670336;0;0;0;0;0;0;0;0;0;0;0;5150;0;0;133;0;122;0;
25220;6351842;1262084096;33566720;1446670336;0;0;0;0;0;0;0;0;0;0;0;2996;0;0;133;0;122;0;
25221;5570547;1262084096;33566720;1446670336;0;0;0;0;0;0;0;0;0;0;0;4719;0;0;133;0;122;0;
25222;6445829;1262084096;33570816;1446674432;0;0;0;0;0;0;0;0;0;0;0;4709;0;0;133;0;122;0;
25223;3237973;1262084096;33574912;1446678528;0;0;0;0;0;0;0;0;0;0;0;4328;0;0;133;0;122;0;
25224;4952218;1262084096;33574912;1446678528;0;0;0;0;0;0;0;0;0;0;0;2826;0;0;133;0;122;0;
25225;5238324;1262084096;33574912;1446678528;0;0;0;0;0;0;0;0;0;0;0;4188;0;0;133;0;122;0;
25226;5922658;1262084096;33574912;1446678528;0;0;0;0;0;0;0;0;0;0;0;3256;0;0;133;0;122;0;
25227;4220455;1262084096;33574912;1446678528;0;0;0;0;0;0;0;0;0;0;0;4599;0;0;133;0;122;0;
25228;5551230;1262084096;33574912;1446678528;0;0;0;0;0;0;0;0;0;0;0;3818;0;0;133;0;122;0;
25229;5074888;1262084096;33566720;1446670336;0;0;0;0;0;0;0;0;0;0;0;3476;0;0;133;0;122;0;
25230;5641570;1262084096;33566720;1446670336;0;0;0;0;0;0;0;0;0;0;0;3536;0;0;133;0;122;0;
25231;4437081;1262084096;33566720;1446670336;0;0;0;0;0;0;0;0;0;0;0;4188;0;0;133;0;122;0;
25232;5698467;1262084096;33566720;1446670336;0;0;0;0;0;0;0;0;0;0;0;3947;0;0;133;0;122;0;
25233;4712808;1262084096;33566720;1446670336;0;0;0;0;0;0;0;0;0;0;0;3607;0;0;133;0;122;0;
25234;6121019;1262084096;33566720;1446670336;0;0;0;0;0;0;0;0;0;0;0;3346;0;0;133;0;122;0;
25235;3955027;1262084096;33566720;1446670336;0;0;0;0;0;0;0;0;0;0;0;4699;0;0;133;0;122;0;
25236;6376238;1262084096;33566720;1446670336;0;0;0;0;0;0;0;0;0;0;0;4088;0;0;133;0;122;0;
25237;4965662;1262084096;33566720;1446670336;0;0;0;0;0;0;0;0;0;0;0;5541;0;0;133;0;122;0;
25238;5048978;1262084096;33566720;1446670336;0;0;0;0;0;0;0;0;0;0;0;3717;0;0;133;0;122;0;
25239;5043649;1262084096;33566720;1446670336;0;0;0;0;0;0;0;0;0;0;0;4829;0;0;133;0;122;0;
25240;5512838;1262084096;33566720;1446670336;0;0;0;0;0;0;0;0;0;0;0;2945;0;0;133;0;122;0;
25241;4698872;1262084096;33566720;1446670336;0;0;0;0;0;0;0;0;0;0;0;3277;0;0;133;0;122;0;
25242;5325478;1262084096;33566720;1446670336;0;0;0;0;0;0;0;0;0;0;0;2625;0;0;133;0;122;0;
25243;5039751;1262084096;33566720;1446670336;0;0;0;0;0;0;0;0;0;0;0;3326;0;0;133;0;122;0;
25244;5428661;1262084096;33566720;1446670336;0;0;0;0;0;0;0;0;0;0;0;2515;0;0;133;0;122;0;
25245;4934424;1262084096;33566720;1446670336;0;0;0;0;0;0;0;0;0;0;0;3767;0;0;133;0;122;0;
25246;5333553;1262084096;33566720;1446670336;0;0;0;0;0;0;0;0;0;0;0;3166;0;0;133;0;122;0;
25247;3921564;1262084096;33566720;1446670336;0;0;0;0;0;0;0;0;0;0;0;3085;0;0;133;0;122;0;
25248;5725738;1262084096;33566720;1446670336;0;0;0;0;0;0;0;0;0;0;0;3226;0;0;133;0;122;0;
25249;3804295;1262084096;33566720;1446670336;0;0;0;0;0;0;0;0;0;0;0;3016;0;0;133;0;122;0;
25250;6077317;1262084096;33566720;1446670336;0;0;0;0;0;0;0;0;0;0;0;3085;0;0;133;0;122;0;
25251;3456542;1262084096;33566720;1446670336;0;0;0;0;0;0;0;0;0;0;0;3396;0;0;133;0;122;0;
25252;6760899;1262084096;33566720;1446670336;0;0;0;0;0;0;0;0;0;0;0;3697;0;0;133;0;122;0;
25253;4095190;1262084096;33566720;1446670336;0;0;0;0;0;0;0;0;0;0;0;3607;0;0;133;0;122;0;
25254;6460275;1262084096;33566720;1446670336;0;0;0;0;0;0;0;0;0;0;0;3146;0;0;133;0;122;0;
25255;4205858;1262084096;33566720;1446670336;0;0;0;0;0;0;0;0;0;0;0;4118;0;0;133;0;122;0;
25256;5761195;1262084096;33566720;1446670336;0;0;0;0;0;0;0;0;0;0;0;4819;0;0;133;0;122;0;
25257;4301557;1262084096;33566720;1446670336;0;0;0;0;0;0;0;0;0;0;0;4177;0;0;133;0;122;0;
25258;6005623;1262084096;33566720;1446670336;0;0;0;0;0;0;0;0;0;0;0;4138;0;0;133;0;122;0;
25259;4504327;1262084096;33566720;1446670336;0;0;0;0;0;0;0;0;0;0;0;4178;0;0;133;0;122;0;
25260;6434657;1262084096;33566720;1446670336;0;0;0;0;0;0;0;0;0;0;0;3226;0;0;133;0;122;0;
25261;4234461;1262084096;33566720;1446670336;0;0;0;0;0;0;0;0;0;0;0;3767;0;0;133;0;122;0;
25262;5844220;1262084096;33566720;1446670336;0;0;0;0;0;0;0;0;0;0;0;4318;0;0;133;0;122;0;
25263;3610641;1262084096;33566720;1446670336;0;0;0;0;0;0;0;0;0;0;0;4589;0;0;133;0;122;0;
25264;4997082;1262084096;33566720;1446670336;0;0;0;0;0;0;0;0;0;0;0;2394;0;0;133;0;122;0;
25265;3560507;1262084096;33566720;1446670336;0;0;0;0;0;0;0;0;0;0;0;3036;0;0;133;0;122;0;
25266;5278699;1262084096;33566720;1446670336;0;0;0;0;0;0;0;0;0;0;0;2585;0;0;133;0;122;0;
25267;4091232;1262084096;33566720;1446670336;0;0;0;0;0;0;0;0;0;0;0;3016;0;0;133;0;122;0;
25268;5199862;1262084096;33566720;1446670336;0;0;0;0;0;0;0;0;0;0;0;2184;0;0;133;0;122;0;
25269;3659493;1262084096;33566720;1446670336;0;0;0;0;0;0;0;0;0;0;0;2765;0;0;133;0;122;0;
25270;4720864;1262084096;33566720;1446670336;0;0;0;0;0;0;0;0;0;0;0;2545;0;0;133;0;122;0;
25271;3663310;1262084096;33566720;1446670336;0;0;0;0;0;0;0;0;0;0;0;3397;0;0;133;0;122;0;
25272;5424393;1262084096;33566720;1446670336;0;0;0;0;0;0;0;0;0;0;0;2194;0;0;133;0;122;0;
25273;3382223;1262084096;33566720;1446670336;0;0;0;0;0;0;0;0;0;0;0;2945;0;0;133;0;122;0;
25274;4821272;1262084096;33566720;1446670336;0;0;0;0;0;0;0;0;0;0;0;2404;0;0;133;0;122;0;
25275;3764911;1262084096;33566720;1446670336;0;0;0;0;0;0;0;0;0;0;0;3837;0;0;133;0;122;0;
25276;5493513;1262084096;33566720;1446670336;0;0;0;0;0;0;0;0;0;0;0;3246;0;0;133;0;122;0;
25277;4665259;1262084096;33566720;1446670336;0;0;0;0;0;0;0;0;0;0;0;3837;0;0;133;0;122;0;
25278;5055792;1262084096;33566720;1446670336;0;0;0;0;0;0;0;0;0;0;0;2605;0;0;133;0;122;0;
25279;7700792;1262084096;33566720;1446670336;0;0;0;0;0;0;0;0;0;0;0;3536;0;0;133;0;122;0;
25280;5773949;1262084096;33566720;1446670336;0;0;0;0;0;0;0;0;0;0;0;2675;0;0;133;0;122;0;
25281;5060179;1262084096;33566720;1446670336;0;0;0;0;0;0;0;0;0;0;0;3006;0;0;133;0;122;0;
25282;5352949;1262084096;33566720;1446670336;0;0;0;0;0;0;0;0;0;0;0;3206;0;0;133;0;122;0;
25283;6013096;1262084096;33566720;1446670336;0;0;0;0;0;0;0;0;0;0;0;3557;0;0;133;0;122;0;
25284;4999236;1262084096;33566720;1446670336;0;0;0;0;0;0;0;0;0;0;0;2494;0;0;133;0;122;0;
25285;5567902;1262084096;33566720;1446670336;0;0;0;0;0;0;0;0;0;0;0;3516;0;0;133;0;122;0;
25286;5743211;1262084096;33566720;1446670336;0;0;0;0;0;0;0;0;0;0;0;2735;0;0;133;0;122;0;
25287;5192648;1262084096;33566720;1446670336;0;0;0;0;0;0;0;0;0;0;0;2815;0;0;133;0;122;0;
25288;5117928;1262084096;33566720;1446670336;0;0;0;0;0;0;0;0;0;0;0;2795;0;0;133;0;122;0;
25289;5112087;1262084096;33566720;1446670336;0;0;0;0;0;0;0;0;0;0;0;3237;0;0;133;0;122;0;
25290;5367637;1262084096;33566720;1446670336;0;0;0;0;0;0;0;0;0;0;0;2836;0;0;133;0;122;0;
25291;4620856;1262084096;33566720;1446670336;0;0;0;0;0;0;0;0;0;0;0;4588;0;0;133;0;122;0;
25292;5971188;1262084096;33566720;1446670336;0;0;0;0;0;0;0;0;0;0;0;2655;0;0;133;0;122;0;
25293;4469332;1262084096;33566720;1446670336;0;0;0;0;0;0;0;0;0;0;0;2956;0;0;133;0;122;0;
25294;5791811;1262084096;33566720;1446670336;0;0;0;0;0;0;0;0;0;0;0;3967;0;0;133;0;122;0;
25295;4195499;1262084096;33566720;1446670336;0;0;0;0;0;0;0;0;0;0;0;3346;0;0;133;0;122;0;
25296;7473856;1262084096;33566720;1446670336;0;0;0;0;0;0;0;0;0;0;0;4037;0;0;133;0;122;0;
25297;5890607;1262084096;33566720;1446670336;0;0;0;0;0;0;0;0;0;0;0;5120;0;0;133;0;122;0;
25298;8103376;1262084096;33566720;1446670336;0;0;0;0;0;0;0;0;0;0;0;3346;0;0;133;0;122;0;
25299;5342449;1262084096;33566720;1446670336;0;0;0;0;0;0;0;0;0;0;0;3757;0;0;133;0;122;0;
25300;5551872;1262084096;33566720;1446670336;0;0;0;0;0;0;0;0;0;0;0;2535;0;0;133;0;122;0;
25301;5004125;1262084096;33566720;1446670336;0;0;0;0;0;0;0;0;0;0;0;3807;0;0;133;0;122;0;
25302;4847892;1262084096;33566720;1446670336;0;0;0;0;0;0;0;0;0;0;0;3016;0;0;133;0;122;0;
25303;3536392;1262084096;33566720;1446670336;0;0;0;0;0;0;0;0;0;0;0;3636;0;0;133;0;122;0;
25304;6521159;1262084096;33566720;1446670336;0;0;0;0;0;0;0;0;0;0;0;4238;0;0;133;0;122;0;
25305;4708971;1262084096;33566720;1446670336;0;0;0;0;0;0;0;0;0;0;0;3336;0;0;133;0;122;0;
25306;6325773;1262084096;33566720;1446670336;0;0;0;0;0;0;0;0;0;0;0;3877;0;0;133;0;122;0;
25307;3959736;1262084096;33566720;1446670336;0;0;0;0;0;0;0;0;0;0;0;3536;0;0;133;0;122;0;
25308;7072373;1262084096;33566720;1446670336;0;0;0;0;0;0;0;0;0;0;0;2555;0;0;133;0;122;0;
25309;4270038;1262084096;33566720;1446670336;0;0;0;0;0;0;0;0;0;0;0;2825;0;0;133;0;122;0;
25310;6794943;1262084096;33566720;1446670336;0;0;0;0;0;0;0;0;0;0;0;3907;0;0;133;0;122;0;
25311;3761705;1262084096;33566720;1446670336;0;0;0;0;0;0;0;0;0;0;0;4478;0;0;133;0;122;0;
25312;5664733;1262084096;33566720;1446670336;0;0;0;0;0;0;0;0;0;0;0;3075;0;0;133;0;122;0;
25313;4673144;1262084096;33566720;1446670336;0;0;0;0;0;0;0;0;0;0;0;2605;0;0;133;0;122;0;
25314;7340636;1262084096;33566720;1446670336;0;0;0;0;0;0;0;0;0;0;0;4509;0;0;133;0;122;0;
25315;4823115;1262084096;33566720;1446670336;0;0;0;0;0;0;0;0;0;0;0;3617;0;0;133;0;122;0;
25316;5921445;1262084096;33566720;1446670336;0;0;0;0;0;0;0;0;0;0;0;3657;0;0;133;0;122;0;
25317;4431110;1262084096;33566720;1446670336;0;0;0;0;0;0;0;0;0;0;0;3887;0;0;133;0;122;0;
25318;6776989;1262084096;33566720;1446670336;0;0;0;0;0;0;0;0;0;0;0;2905;0;0;133;0;122;0;
25319;4569650;1262084096;33566720;1446670336;0;0;0;0;0;0;0;0;0;0;0;3496;0;0;133;0;122;0;
25320;5664203;1262084096;33566720;1446670336;0;0;0;0;0;0;0;0;0;0;0;3737;0;0;133;0;122;0;
25321;5379178;1262084096;33566720;1446670336;0;0;0;0;0;0;0;0;0;0;0;3667;0;0;133;0;122;0;
25322;6516050;1262084096;33566720;1446670336;0;0;0;0;0;0;0;0;0;0;0;3807;0;0;133;0;122;0;
25323;4323348;1262084096;33566720;1446670336;0;0;0;0;0;0;0;0;0;0;0;2615;0;0;133;0;122;0;
25324;7120945;1262084096;33566720;1446670336;0;0;0;0;0;0;0;0;0;0;0;3978;0;0;133;0;122;0;
25325;4356200;1262084096;33566720;1446670336;0;0;0;0;0;0;0;0;0;0;0;3336;0;0;133;0;122;0;
25326;5608548;1262084096;33566720;1446670336;0;0;0;0;0;0;0;0;0;0;0;3376;0;0;133;0;122;0;
25327;5044831;1262084096;33566720;1446670336;0;0;0;0;0;0;0;0;0;0;0;3517;0;0;133;0;122;0;
25328;5288398;1262084096;33566720;1446670336;0;0;0;0;0;0;0;0;0;0;0;2795;0;0;133;0;122;0;
25329;6017005;1262084096;33566720;1446670336;0;0;0;0;0;0;0;0;0;0;0;3306;0;0;133;0;122;0;
25330;5335726;1262084096;33566720;1446670336;0;0;0;0;0;0;0;0;0;0;0;2906;0;0;133;0;122;0;
25331;5714196;1262084096;33566720;1446670336;0;0;0;0;0;0;0;0;0;0;0;3076;0;0;133;0;122;0;
25332;5080899;1262084096;33566720;1446670336;0;0;0;0;0;0;0;0;0;0;0;2705;0;0;133;0;122;0;
25333;3998919;1262084096;33566720;1446670336;0;0;0;0;0;0;0;0;0;0;0;4248;0;0;133;0;122;0;
25334;5589052;1262084096;33566720;1446670336;0;0;0;0;0;0;0;0;0;0;0;3356;0;0;133;0;122;0;
25335;5154607;1262084096;33566720;1446670336;0;0;0;0;0;0;0;0;0;0;0;4999;0;0;133;0;122;0;
25336;5564055;1262084096;33566720;1446670336;0;0;0;0;0;0;0;0;0;0;0;3065;0;0;133;0;122;0;
25337;5376433;1262084096;33566720;1446670336;0;0;0;0;0;0;0;0;0;0;0;2695;0;0;133;0;122;0;
25338;6188927;1262084096;33566720;1446670336;0;0;0;0;0;0;0;0;0;0;0;2916;0;0;133;0;122;0;
25339;4757111;1262084096;33566720;1446670336;0;0;0;0;0;0;0;0;0;0;0;2565;0;0;133;0;122;0;
25340;4977915;1262084096;33566720;1446670336;0;0;0;0;0;0;0;0;0;0;0;1913;0;0;133;0;122;0;
25341;4698632;1262084096;33566720;1446670336;0;0;0;0;0;0;0;0;0;0;0;4609;0;0;133;0;122;0;
25342;5251278;1262084096;33566720;1446670336;0;0;0;0;0;0;0;0;0;0;0;2845;0;0;133;0;122;0;
25343;6240824;1262084096;33566720;1446670336;0;0;0;0;0;0;0;0;0;0;0;3487;0;0;133;0;122;0;
25344;6390154;1262084096;33566720;1446670336;0;0;0;0;0;0;0;0;0;0;0;2635;0;0;133;0;122;0;
25345;5717272;1262084096;33566720;1446670336;0;0;0;0;0;0;0;0;0;0;0;3707;0;0;133;0;122;0;
25346;5261217;1262084096;33566720;1446670336;0;0;0;0;0;0;0;0;0;0;0;2976;0;0;133;0;122;0;
25347;5015717;1262084096;33566720;1446670336;0;0;0;0;0;0;0;0;0;0;0;3396;0;0;133;0;122;0;
25348;5669162;1262084096;33566720;1446670336;0;0;0;0;0;0;0;0;0;0;0;3135;0;0;133;0;122;0;
25349;3804595;1262084096;33566720;1446670336;0;0;0;0;0;0;0;0;0;0;0;2966;0;0;133;0;122;0;
25350;4989137;1262084096;33566720;1446670336;0;0;0;0;0;0;0;0;0;0;0;2515;0;0;133;0;122;0;
25351;5754331;1262084096;33566720;1446670336;0;0;0;0;0;0;0;0;0;0;0;4138;0;0;133;0;122;0;
25352;5354141;1262084096;33566720;1446670336;0;0;0;0;0;0;0;0;0;0;0;2965;0;0;133;0;122;0;
25353;5709478;1262084096;33566720;1446670336;0;0;0;0;0;0;0;0;0;0;0;3507;0;0;133;0;122;0;
25354;5663391;1262084096;33566720;1446670336;0;0;0;0;0;0;0;0;0;0;0;3306;0;0;133;0;122;0;
25355;5726229;1262084096;33566720;1446670336;0;0;0;0;0;0;0;0;0;0;0;3467;0;0;133;0;122;0;
25356;5964395;1262084096;33566720;1446670336;0;0;0;0;0;0;0;0;0;0;0;2675;0;0;133;0;122;0;
25357;4160222;1262084096;33566720;1446670336;0;0;0;0;0;0;0;0;0;0;0;3526;0;0;133;0;122;0;
25358;6058051;1262084096;33566720;1446670336;0;0;0;0;0;0;0;0;0;0;0;2785;0;0;133;0;122;0;
25359;4068811;1262084096;33566720;1446670336;0;0;0;0;0;0;0;0;0;0;0;3848;0;0;133;0;122;0;
25360;5864909;1262084096;33566720;1446670336;0;0;0;0;0;0;0;0;0;0;0;2685;0;0;133;0;122;0;
25361;4045507;1262084096;33566720;1446670336;0;0;0;0;0;0;0;0;0;0;0;2795;0;0;133;0;122;0;
25362;5982309;1262084096;33566720;1446670336;0;0;0;0;0;0;0;0;0;0;0;4368;0;0;133;0;122;0;
25363;3627002;1262084096;33566720;1446670336;0;0;0;0;0;0;0;0;0;0;0;3156;0;0;133;0;122;0;
25364;5864949;1262084096;33566720;1446670336;0;0;0;0;0;0;0;0;0;0;0;3406;0;0;133;0;122;0;
25365;4007797;1262084096;33566720;1446670336;0;0;0;0;0;0;0;0;0;0;0;2835;0;0;133;0;122;0;
25366;5145980;1262084096;33566720;1446670336;0;0;0;0;0;0;0;0;0;0;0;2765;0;0;133;0;122;0;
25367;4335380;1262084096;33566720;1446670336;0;0;0;0;0;0;0;0;0;0;0;3267;0;0;133;0;122;0;
25368;6012506;1262084096;33566720;1446670336;0;0;0;0;0;0;0;0;0;0;0;2294;0;0;133;0;122;0;
25369;3683789;1262084096;33566720;1446670336;0;0;0;0;0;0;0;0;0;0;0;3016;0;0;133;0;122;0;
25370;5161449;1262084096;33566720;1446670336;0;0;0;0;0;0;0;0;0;0;0;2895;0;0;133;0;122;0;
25371;4362522;1262084096;33566720;1446670336;0;0;0;0;0;0;0;0;0;0;0;3176;0;0;133;0;122;0;
25372;5735255;1262084096;33566720;1446670336;0;0;0;0;0;0;0;0;0;0;0;2936;0;0;133;0;122;0;
25373;4422153;1262084096;33566720;1446670336;0;0;0;0;0;0;0;0;0;0;0;3226;0;0;133;0;122;0;
25374;5483684;1262084096;33566720;1446670336;0;0;0;0;0;0;0;0;0;0;0;2535;0;0;133;0;122;0;
25375;4231796;1262084096;33566720;1446670336;0;0;0;0;0;0;0;0;0;0;0;3757;0;0;133;0;122;0;
25376;6179438;1262084096;33566720;1446670336;0;0;0;0;0;0;0;0;0;0;0;2885;0;0;133;0;122;0;
25377;5120192;1262084096;33566720;1446670336;0;0;0;0;0;0;0;0;0;0;0;3867;0;0;133;0;122;0;
25378;7053227;1262084096;33566720;1446670336;0;0;0;0;0;0;0;0;0;0;0;4057;0;0;133;0;122;0;
25379;4127350;1262084096;33566720;1446670336;0;0;0;0;0;0;0;0;0;0;0;2936;0;0;133;0;122;0;
25380;6576634;1262084096;33566720;1446670336;0;0;0;0;0;0;0;0;0;0;0;3947;0;0;133;0;122;0;
25381;4079440;1262084096;33566720;1446670336;0;0;0;0;0;0;0;0;0;0;0;2544;0;0;133;0;122;0;
25382;5886670;1262084096;33566720;1446670336;0;0;0;0;0;0;0;0;0;0;0;2816;0;0;133;0;122;0;
25383;4136267;1262084096;33566720;1446670336;0;0;0;0;0;0;0;0;0;0;0;3316;0;0;133;0;122;0;
25384;5395749;1262084096;33566720;1446670336;0;0;0;0;0;0;0;0;0;0;0;3206;0;0;133;0;122;0;
25385;4341362;1262084096;33566720;1446670336;0;0;0;0;0;0;0;0;0;0;0;3136;0;0;133;0;122;0;
25386;5846735;1262084096;33566720;1446670336;0;0;0;0;0;0;0;0;0;0;0;2766;0;0;133;0;122;0;
25387;4994597;1262084096;33566720;1446670336;0;0;0;0;0;0;0;0;0;0;0;3857;0;0;133;0;122;0;
25388;6729851;1262084096;33566720;1446670336;0;0;0;0;0;0;0;0;0;0;0;3296;0;0;133;0;122;0;
25389;4257063;1262084096;33566720;1446670336;0;0;0;0;0;0;0;0;0;0;0;4138;0;0;133;0;122;0;
25390;6833214;1262084096;33566720;1446670336;0;0;0;0;0;0;0;0;0;0;0;3096;0;0;133;0;122;0;
25391;5116496;1262084096;33566720;1446670336;0;0;0;0;0;0;0;0;0;0;0;3647;0;0;133;0;122;0;
25392;6527201;1262084096;33566720;1446670336;0;0;0;0;0;0;0;0;0;0;0;3677;0;0;133;0;122;0;
25393;5349412;1262084096;33566720;1446670336;0;0;0;0;0;0;0;0;0;0;0;4068;0;0;133;0;122;0;
25394;6241745;1262084096;33566720;1446670336;0;0;0;0;0;0;0;0;0;0;0;3436;0;0;133;0;122;0;
25395;4208793;1262084096;33566720;1446670336;0;0;0;0;0;0;0;0;0;0;0;3737;0;0;133;0;122;0;
25396;8812787;1262084096;33566720;1446670336;0;0;0;0;0;0;0;0;0;0;0;2755;0;0;133;0;122;0;
25397;9653484;1262084096;33566720;1446670336;0;0;0;0;0;0;0;0;0;0;0;3136;0;0;133;0;122;0;
25398;7347730;1262084096;33566720;1446670336;0;0;0;0;0;0;0;0;0;0;0;4328;0;0;133;0;122;0;
25399;4045407;1262084096;33566720;1446670336;0;0;0;0;0;0;0;0;0;0;0;3948;0;0;133;0;122;0;
25400;6428476;1262084096;33566720;1446670336;0;0;0;0;0;0;0;0;0;0;0;3296;0;0;133;0;122;0;
25401;5906447;1262084096;33566720;1446670336;0;0;0;0;0;0;0;0;0;0;0;5099;0;0;133;0;122;0;
25402;5942244;1262084096;33566720;1446670336;0;0;0;0;0;0;0;0;0;0;0;3206;0;0;133;0;122;0;
25403;4964801;1262084096;33566720;1446670336;0;0;0;0;0;0;0;0;0;0;0;3747;0;0;133;0;122;0;
25404;5475309;1262084096;33566720;1446670336;0;0;0;0;0;0;0;0;0;0;0;3377;0;0;133;0;122;0;
25405;6019589;1262084096;33566720;1446670336;0;0;0;0;0;0;0;0;0;0;0;3747;0;0;133;0;122;0;
25406;6305264;1262084096;33566720;1446670336;0;0;0;0;0;0;0;0;0;0;0;2835;0;0;133;0;122;0;
25407;4695506;1262084096;33566720;1446670336;0;0;0;0;0;0;0;0;0;0;0;4148;0;0;133;0;122;0;
25408;5855762;1262084096;33566720;1446670336;0;0;0;0;0;0;0;0;0;0;0;3056;0;0;133;0;122;0;
25409;5111136;1262084096;33566720;1446670336;0;0;0;0;0;0;0;0;0;0;0;4599;0;0;133;0;122;0;
25410;5742449;1262084096;33566720;1446670336;0;0;0;0;0;0;0;0;0;0;0;3337;0;0;133;0;122;0;
25411;4883048;1262084096;33566720;1446670336;0;0;0;0;0;0;0;0;0;0;0;2876;0;0;133;0;122;0;
25412;6260832;1262084096;33566720;1446670336;0;0;0;0;0;0;0;0;0;0;0;3427;0;0;133;0;122;0;
25413;6268676;1262084096;33566720;1446670336;0;0;0;0;0;0;0;0;0;0;0;3947;0;0;133;0;122;0;
25414;6475905;1262084096;33566720;1446670336;0;0;0;0;0;0;0;0;0;0;0;3016;0;0;133;0;122;0;
25415;5137515;1262084096;33566720;1446670336;0;0;0;0;0;0;0;0;0;0;0;3867;0;0;133;0;122;0;
25416;5942063;1262084096;33566720;1446670336;0;0;0;0;0;0;0;0;0;0;0;3547;0;0;133;0;122;0;
25417;4855556;1262084096;33566720;1446670336;0;0;0;0;0;0;0;0;0;0;0;4208;0;0;133;0;122;0;
25418;5581598;1262084096;33566720;1446670336;0;0;0;0;0;0;0;0;0;0;0;3186;0;0;133;0;122;0;
25419;4652225;1262084096;33566720;1446670336;0;0;0;0;0;0;0;0;0;0;0;3747;0;0;133;0;122;0;
25420;6052170;1262084096;33566720;1446670336;0;0;0;0;0;0;0;0;0;0;0;3186;0;0;133;0;122;0;
25421;4726143;1262084096;33566720;1446670336;0;0;0;0;0;0;0;0;0;0;0;3897;0;0;133;0;122;0;
25422;5383115;1262084096;33566720;1446670336;0;0;0;0;0;0;0;0;0;0;0;3276;0;0;133;0;122;0;
25423;5470760;1262084096;33566720;1446670336;0;0;0;0;0;0;0;0;0;0;0;4679;0;0;133;0;122;0;
25424;6847441;1262084096;33566720;1446670336;0;0;0;0;0;0;0;0;0;0;0;3507;0;0;133;0;122;0;
25425;5049781;1262084096;33566720;1446670336;0;0;0;0;0;0;0;0;0;0;0;3947;0;0;133;0;122;0;
25426;4900430;1262084096;33566720;1446670336;0;0;0;0;0;0;0;0;0;0;0;2896;0;0;133;0;122;0;
25427;4196239;1262084096;33566720;1446670336;0;0;0;0;0;0;0;0;0;0;0;4197;0;0;133;0;122;0;
25428;5805648;1262084096;33566720;1446670336;0;0;0;0;0;0;0;0;0;0;0;3096;0;0;133;0;122;0;
25429;4854954;1262084096;33566720;1446670336;0;0;0;0;0;0;0;0;0;0;0;4258;0;0;133;0;122;0;
25430;6502495;1262084096;33566720;1446670336;0;0;0;0;0;0;0;0;0;0;0;4689;0;0;133;0;122;0;
25431;4054134;1262084096;33566720;1446670336;0;0;0;0;0;0;0;0;0;0;0;4579;0;0;133;0;122;0;
25432;6686960;1262084096;33566720;1446670336;0;0;0;0;0;0;0;0;0;0;0;3537;0;0;133;0;122;0;
25433;3508590;1262084096;33566720;1446670336;0;0;0;0;0;0;0;0;0;0;0;2895;0;0;133;0;122;0;
25434;6625696;1262084096;33566720;1446670336;0;0;0;0;0;0;0;0;0;0;0;4799;0;0;133;0;122;0;
25435;3871921;1262084096;33566720;1446670336;0;0;0;0;0;0;0;0;0;0;0;3286;0;0;133;0;122;0;
25436;5814214;1262084096;33566720;1446670336;0;0;0;0;0;0;0;0;0;0;0;3827;0;0;133;0;122;0;
25437;3436304;1262084096;33566720;1446670336;0;0;0;0;0;0;0;0;0;0;0;3176;0;0;133;0;122;0;
25438;5649235;1262084096;33566720;1446670336;0;0;0;0;0;0;0;0;0;0;0;3196;0;0;133;0;122;0;
25439;4344117;1262084096;33566720;1446670336;0;0;0;0;0;0;0;0;0;0;0;3036;0;0;133;0;122;0;
25440;5667549;1262084096;33566720;1446670336;0;0;0;0;0;0;0;0;0;0;0;3196;0;0;133;0;122;0;
25441;4655981;1262084096;33566720;1446670336;0;0;0;0;0;0;0;0;0;0;0;3667;0;0;133;0;122;0;
25442;5963444;1262084096;33566720;1446670336;0;0;0;0;0;0;0;0;0;0;0;2975;0;0;133;0;122;0;
25443;5402852;1262084096;33566720;1446670336;0;0;0;0;0;0;0;0;0;0;0;18054;0;0;133;0;122;0;
25444;5093733;1262084096;33566720;1446670336;0;0;0;0;0;0;0;0;0;0;0;3266;0;0;133;0;122;0;
25445;2678553;1262084096;33566720;1446670336;0;0;0;0;0;0;0;0;0;0;0;3096;0;0;133;0;122;0;
25446;6123924;1262084096;33566720;1446670336;0;0;0;0;0;0;0;0;0;0;0;2725;0;0;133;0;122;0;
25447;3135610;1262084096;33566720;1446670336;0;0;0;0;0;0;0;0;0;0;0;3186;0;0;133;0;122;0;
25448;4556886;1262084096;33566720;1446670336;0;0;0;0;0;0;0;0;0;0;0;2394;0;0;133;0;122;0;
25449;4696027;1262084096;33566720;1446670336;0;0;0;0;0;0;0;0;0;0;0;3406;0;0;133;0;122;0;
25450;5363799;1262084096;33566720;1446670336;0;0;0;0;0;0;0;0;0;0;0;3075;0;0;133;0;122;0;
25451;3274942;1262084096;33566720;1446670336;0;0;0;0;0;0;0;0;0;0;0;3787;0;0;133;0;122;0;
25452;5798083;1262084096;33566720;1446670336;0;0;0;0;0;0;0;0;0;0;0;2395;0;0;133;0;122;0;
25453;4401995;1262084096;33566720;1446670336;0;0;0;0;0;0;0;0;0;0;0;3447;0;0;133;0;122;0;
25454;5295180;1262084096;33566720;1446670336;0;0;0;0;0;0;0;0;0;0;0;2314;0;0;133;0;122;0;
25455;4058992;1262084096;33566720;1446670336;0;0;0;0;0;0;0;0;0;0;0;3617;0;0;133;0;122;0;
25456;5797002;1262084096;33566720;1446670336;0;0;0;0;0;0;0;0;0;0;0;2825;0;0;133;0;122;0;
25457;4413667;1262084096;33566720;1446670336;0;0;0;0;0;0;0;0;0;0;0;3977;0;0;133;0;122;0;
25458;5196947;1262084096;33566720;1446670336;0;0;0;0;0;0;0;0;0;0;0;3176;0;0;133;0;122;0;
25459;3825445;1262084096;33566720;1446670336;0;0;0;0;0;0;0;0;0;0;0;3677;0;0;133;0;122;0;
25460;5488273;1262084096;33566720;1446670336;0;0;0;0;0;0;0;0;0;0;0;2935;0;0;133;0;122;0;
25461;4312497;1262084096;33566720;1446670336;0;0;0;0;0;0;0;0;0;0;0;3527;0;0;133;0;122;0;
25462;5543707;1262084096;33566720;1446670336;0;0;0;0;0;0;0;0;0;0;0;2705;0;0;133;0;122;0;
25463;4658065;1262084096;33566720;1446670336;0;0;0;0;0;0;0;0;0;0;0;3436;0;0;133;0;122;0;
25464;5642903;1262084096;33566720;1446670336;0;0;0;0;0;0;0;0;0;0;0;2755;0;0;133;0;122;0;
25465;3414403;1262084096;33566720;1446670336;0;0;0;0;0;0;0;0;0;0;0;3396;0;0;133;0;122;0;
25466;5792844;1262084096;33566720;1446670336;0;0;0;0;0;0;0;0;0;0;0;2174;0;0;133;0;122;0;
25467;4533492;1262084096;33566720;1446670336;0;0;0;0;0;0;0;0;0;0;0;4609;0;0;133;0;122;0;
25468;5713705;1262084096;33566720;1446670336;0;0;0;0;0;0;0;0;0;0;0;2475;0;0;133;0;122;0;
25469;4420791;1262084096;33566720;1446670336;0;0;0;0;0;0;0;0;0;0;0;3747;0;0;133;0;122;0;
25470;5309357;1262084096;33566720;1446670336;0;0;0;0;0;0;0;0;0;0;0;2825;0;0;133;0;122;0;
25471;4174749;1262084096;33566720;1446670336;0;0;0;0;0;0;0;0;0;0;0;3436;0;0;133;0;122;0;
25472;5476951;1262084096;33566720;1446670336;0;0;0;0;0;0;0;0;0;0;0;2485;0;0;133;0;122;0;
25473;3117406;1262084096;33566720;1446670336;0;0;0;0;0;0;0;0;0;0;0;3236;0;0;133;0;122;0;
25474;4825680;1262084096;33566720;1446670336;0;0;0;0;0;0;0;0;0;0;0;2554;0;0;133;0;122;0;
25475;4906301;1262084096;33566720;1446670336;0;0;0;0;0;0;0;0;0;0;0;3176;0;0;133;0;122;0;
25476;5060901;1262084096;33566720;1446670336;0;0;0;0;0;0;0;0;0;0;0;3497;0;0;133;0;122;0;
25477;3731598;1262084096;33566720;1446670336;0;0;0;0;0;0;0;0;0;0;0;3206;0;0;133;0;122;0;
25478;5762997;1262084096;33566720;1446670336;0;0;0;0;0;0;0;0;0;0;0;2765;0;0;133;0;122;0;
25479;3583420;1262084096;33566720;1446670336;0;0;0;0;0;0;0;0;0;0;0;3116;0;0;133;0;122;0;
25480;6367281;1262084096;33566720;1446670336;0;0;0;0;0;0;0;0;0;0;0;4268;0;0;133;0;122;0;
25481;4029496;1262084096;33566720;1446670336;0;0;0;0;0;0;0;0;0;0;0;3246;0;0;133;0;122;0;
25482;5732450;1262084096;33566720;1446670336;0;0;0;0;0;0;0;0;0;0;0;2956;0;0;133;0;122;0;
25483;4013988;1262084096;33566720;1446670336;0;0;0;0;0;0;0;0;0;0;0;4339;0;0;133;0;122;0;
25484;5915764;1262084096;33566720;1446670336;0;0;0;0;0;0;0;0;0;0;0;2775;0;0;133;0;122;0;
25485;4623281;1262084096;33566720;1446670336;0;0;0;0;0;0;0;0;0;0;0;3266;0;0;133;0;122;0;
25486;6754567;1262084096;33566720;1446670336;0;0;0;0;0;0;0;0;0;0;0;3186;0;0;133;0;122;0;
25487;4163488;1262084096;33566720;1446670336;0;0;0;0;0;0;0;0;0;0;0;2865;0;0;133;0;122;0;
25488;5962662;1262084096;33566720;1446670336;0;0;0;0;0;0;0;0;0;0;0;3246;0;0;133;0;122;0;
25489;3711610;1262084096;33566720;1446670336;0;0;0;0;0;0;0;0;0;0;0;2965;0;0;133;0;122;0;
25490;7096498;1262084096;33566720;1446670336;0;0;0;0;0;0;0;0;0;0;0;3026;0;0;133;0;122;0;
25491;3394285;1262084096;33566720;1446670336;0;0;0;0;0;0;0;0;0;0;0;2935;0;0;133;0;122;0;
25492;5802702;1262084096;33566720;1446670336;0;0;0;0;0;0;0;0;0;0;0;3867;0;0;133;0;122;0;
25493;3516214;1262084096;33566720;1446670336;0;0;0;0;0;0;0;0;0;0;0;3407;0;0;133;0;122;0;
25494;5019834;1262084096;33566720;1446670336;0;0;0;0;0;0;0;0;0;0;0;2514;0;0;133;0;122;0;
25495;4922621;1262084096;33566720;1446670336;0;0;0;0;0;0;0;0;0;0;0;4578;0;0;133;0;122;0;
25496;6595660;1262084096;33566720;1446670336;0;0;0;0;0;0;0;0;0;0;0;3307;0;0;133;0;122;0;
25497;6166395;1262084096;33566720;1446670336;0;0;0;0;0;0;0;0;0;0;0;4498;0;0;133;0;122;0;
25498;6458572;1262084096;33566720;1446670336;0;0;0;0;0;0;0;0;0;0;0;2965;0;0;133;0;122;0;
25499;6134916;1262084096;33566720;1446670336;0;0;0;0;0;0;0;0;0;0;0;4348;0;0;133;0;122;0;
25500;7093633;1262084096;33566720;1446670336;0;0;0;0;0;0;0;0;0;0;0;3837;0;0;133;0;122;0;
25501;4163709;1262084096;33566720;1446670336;0;0;0;0;0;0;0;0;0;0;0;3656;0;0;133;0;122;0;
25502;6999066;1262084096;33566720;1446670336;0;0;0;0;0;0;0;0;0;0;0;3246;0;0;133;0;122;0;
25503;4557657;1262084096;33566720;1446670336;0;0;0;0;0;0;0;0;0;0;0;4969;0;0;133;0;122;0;
25504;8489011;1262084096;33566720;1446670336;0;0;0;0;0;0;0;0;0;0;0;5571;0;0;133;0;122;0;
25505;4849885;1262084096;33566720;1446670336;0;0;0;0;0;0;0;0;0;0;0;3898;0;0;133;0;122;0;
25506;6612360;1262084096;33566720;1446670336;0;0;0;0;0;0;0;0;0;0;0;3868;0;0;133;0;122;0;
25507;8545155;1262084096;33566720;1446670336;0;0;0;0;0;0;0;0;0;0;0;4298;0;0;133;0;122;0;
25508;7400429;1262084096;33570816;1446674432;0;0;0;0;0;0;0;0;0;0;0;4618;0;0;133;0;122;0;
25509;5936043;1262084096;33574912;1446678528;0;0;0;0;0;0;0;0;0;0;0;4568;0;0;133;0;122;0;
25510;7816269;1262084096;33574912;1446678528;0;0;0;0;0;0;0;0;0;0;0;4598;0;0;133;0;122;0;
25511;4132140;1262084096;33574912;1446678528;0;0;0;0;0;0;0;0;0;0;0;4699;0;0;133;0;122;0;
25512;6190880;1262084096;33574912;1446678528;0;0;0;0;0;0;0;0;0;0;0;3516;0;0;133;0;122;0;
25513;5680994;1262084096;33574912;1446678528;0;0;0;0;0;0;0;0;0;0;0;4568;0;0;133;0;122;0;
25514;6458031;1262084096;33574912;1446678528;0;0;0;0;0;0;0;0;0;0;0;3877;0;0;133;0;122;0;
25515;5652110;1262084096;33566720;1446670336;0;0;0;0;0;0;0;0;0;0;0;4468;0;0;133;0;122;0;
25516;8730884;1262084096;33566720;1446670336;0;0;0;0;0;0;0;0;0;0;0;3176;0;0;133;0;122;0;
25517;6691679;1262084096;33566720;1446670336;0;0;0;0;0;0;0;0;0;0;0;3797;0;0;133;0;122;0;
25518;8424770;1262084096;33566720;1446670336;0;0;0;0;0;0;0;0;0;0;0;55134;0;0;133;0;122;0;
25519;4846189;1262084096;33566720;1446670336;0;0;0;0;0;0;0;0;0;0;0;3998;0;0;133;0;122;0;
25520;7964807;1262084096;33566720;1446670336;0;0;0;0;0;0;0;0;0;0;0;4178;0;0;133;0;122;0;
25521;6150094;1262084096;33566720;1446670336;0;0;0;0;0;0;0;0;0;0;0;3897;0;0;133;0;122;0;
25522;7315009;1262084096;33566720;1446670336;0;0;0;0;0;0;0;0;0;0;0;3938;0;0;133;0;122;0;
25523;5134710;1262084096;33566720;1446670336;0;0;0;0;0;0;0;0;0;0;0;4499;0;0;133;0;122;0;
25524;5286755;1262084096;33566720;1446670336;0;0;0;0;0;0;0;0;0;0;0;2906;0;0;133;0;122;0;
25525;4503777;1262084096;33566720;1446670336;0;0;0;0;0;0;0;0;0;0;0;4137;0;0;133;0;122;0;
25526;7936664;1262084096;33566720;1446670336;0;0;0;0;0;0;0;0;0;0;0;3747;0;0;133;0;122;0;
25527;3553714;1262084096;33566720;1446670336;0;0;0;0;0;0;0;0;0;0;0;3426;0;0;133;0;122;0;
25528;7360484;1262084096;33566720;1446670336;0;0;0;0;0;0;0;0;0;0;0;3536;0;0;133;0;122;0;
25529;6052752;1262084096;33566720;1446670336;0;0;0;0;0;0;0;0;0;0;0;4558;0;0;133;0;122;0;
25530;6719722;1262084096;33566720;1446670336;0;0;0;0;0;0;0;0;0;0;0;4037;0;0;133;0;122;0;
25531;5790409;1262084096;33566720;1446670336;0;0;0;0;0;0;0;0;0;0;0;5030;0;0;133;0;122;0;
25532;8435599;1262084096;33566720;1446670336;0;0;0;0;0;0;0;0;0;0;0;2965;0;0;133;0;122;0;
25533;3929129;1262084096;33566720;1446670336;0;0;0;0;0;0;0;0;0;0;0;4188;0;0;133;0;122;0;
25534;7510254;1262084096;33566720;1446670336;0;0;0;0;0;0;0;0;0;0;0;4248;0;0;133;0;122;0;
25535;4225805;1262084096;33566720;1446670336;0;0;0;0;0;0;0;0;0;0;0;3987;0;0;133;0;122;0;
25536;5502039;1262084096;33566720;1446670336;0;0;0;0;0;0;0;0;0;0;0;2675;0;0;133;0;122;0;
25537;4323338;1262084096;33566720;1446670336;0;0;0;0;0;0;0;0;0;0;0;3787;0;0;133;0;122;0;
25538;6910380;1262084096;33566720;1446670336;0;0;0;0;0;0;0;0;0;0;0;4328;0;0;133;0;122;0;
25539;4714461;1262084096;33566720;1446670336;0;0;0;0;0;0;0;0;0;0;0;3436;0;0;133;0;122;0;
25540;7026698;1262084096;33566720;1446670336;0;0;0;0;0;0;0;0;0;0;0;3095;0;0;133;0;122;0;
25541;5152764;1262084096;33566720;1446670336;0;0;0;0;0;0;0;0;0;0;0;3447;0;0;133;0;122;0;
25542;6071025;1262084096;33566720;1446670336;0;0;0;0;0;0;0;0;0;0;0;3336;0;0;133;0;122;0;
25543;5335927;1262084096;33566720;1446670336;0;0;0;0;0;0;0;0;0;0;0;3526;0;0;133;0;122;0;
25544;5696864;1262084096;33566720;1446670336;0;0;0;0;0;0;0;0;0;0;0;3677;0;0;133;0;122;0;
25545;5709707;1262084096;33566720;1446670336;0;0;0;0;0;0;0;0;0;0;0;4148;0;0;133;0;122;0;
25546;6859595;1262084096;33566720;1446670336;0;0;0;0;0;0;0;0;0;0;0;3636;0;0;133;0;122;0;
25547;5682758;1262084096;33566720;1446670336;0;0;0;0;0;0;0;0;0;0;0;5049;0;0;133;0;122;0;
25548;5821527;1262084096;33566720;1446670336;0;0;0;0;0;0;0;0;0;0;0;3537;0;0;133;0;122;0;
25549;5360463;1262084096;33566720;1446670336;0;0;0;0;0;0;0;0;0;0;0;4168;0;0;133;0;122;0;
25550;7444892;1262084096;33566720;1446670336;0;0;0;0;0;0;0;0;0;0;0;4278;0;0;133;0;122;0;
25551;4313981;1262084096;33566720;1446670336;0;0;0;0;0;0;0;0;0;0;0;4428;0;0;133;0;122;0;
25552;7805818;1262084096;33566720;1446670336;0;0;0;0;0;0;0;0;0;0;0;3517;0;0;133;0;122;0;
25553;5285733;1262084096;33566720;1446670336;0;0;0;0;0;0;0;0;0;0;0;4598;0;0;133;0;122;0;
25554;7337511;1262084096;33566720;1446670336;0;0;0;0;0;0;0;0;0;0;0;4329;0;0;133;0;122;0;
25555;6006835;1262084096;33566720;1446670336;0;0;0;0;0;0;0;0;0;0;0;3667;0;0;133;0;122;0;
25556;6727927;1262084096;33566720;1446670336;0;0;0;0;0;0;0;0;0;0;0;3276;0;0;133;0;122;0;
25557;5710159;1262084096;33566720;1446670336;0;0;0;0;0;0;0;0;0;0;0;3316;0;0;133;0;122;0;
25558;7611144;1262084096;33566720;1446670336;0;0;0;0;0;0;0;0;0;0;0;4188;0;0;133;0;122;0;
25559;4937109;1262084096;33566720;1446670336;0;0;0;0;0;0;0;0;0;0;0;3166;0;0;133;0;122;0;
25560;7491460;1262084096;33566720;1446670336;0;0;0;0;0;0;0;0;0;0;0;4298;0;0;133;0;122;0;
25561;5118078;1262084096;33566720;1446670336;0;0;0;0;0;0;0;0;0;0;0;4108;0;0;133;0;122;0;
25562;6561385;1262084096;33566720;1446670336;0;0;0;0;0;0;0;0;0;0;0;3847;0;0;133;0;122;0;
25563;5783126;1262084096;33566720;1446670336;0;0;0;0;0;0;0;0;0;0;0;41758;0;0;133;0;122;0;
25564;6132972;1262084096;33566720;1446670336;0;0;0;0;0;0;0;0;0;0;0;2885;0;0;133;0;122;0;
25565;6251995;1262084096;33566720;1446670336;0;0;0;0;0;0;0;0;0;0;0;3958;0;0;133;0;122;0;
25566;6671782;1262084096;33566720;1446670336;0;0;0;0;0;0;0;0;0;0;0;3496;0;0;133;0;122;0;
25567;6184739;1262084096;33566720;1446670336;0;0;0;0;0;0;0;0;0;0;0;3257;0;0;133;0;122;0;
25568;5917558;1262084096;33566720;1446670336;0;0;0;0;0;0;0;0;0;0;0;2906;0;0;133;0;122;0;
25569;5895416;1262084096;33566720;1446670336;0;0;0;0;0;0;0;0;0;0;0;4558;0;0;133;0;122;0;
25570;7368098;1262084096;33566720;1446670336;0;0;0;0;0;0;0;0;0;0;0;3898;0;0;133;0;122;0;
25571;5380832;1262084096;33566720;1446670336;0;0;0;0;0;0;0;0;0;0;0;4218;0;0;133;0;122;0;
25572;5982820;1262084096;33566720;1446670336;0;0;0;0;0;0;0;0;0;0;0;3186;0;0;133;0;122;0;
25573;6018868;1262084096;33566720;1446670336;0;0;0;0;0;0;0;0;0;0;0;5961;0;0;133;0;122;0;
25574;11468308;1262084096;33566720;1446670336;0;0;0;0;0;0;0;0;0;0;0;3216;0;0;133;0;122;0;
25575;8828627;1262084096;33566720;1446670336;0;0;0;0;0;0;0;0;0;0;0;4689;0;0;133;0;122;0;
25576;5195263;1262084096;33566720;1446670336;0;0;0;0;0;0;0;0;0;0;0;3006;0;0;133;0;122;0;
25577;7279702;1262084096;33566720;1446670336;0;0;0;0;0;0;0;0;0;0;0;3537;0;0;133;0;122;0;
25578;6889931;1262084096;33566720;1446670336;0;0;0;0;0;0;0;0;0;0;0;3116;0;0;133;0;122;0;
25579;4405853;1262084096;33566720;1446670336;0;0;0;0;0;0;0;0;0;0;0;3036;0;0;133;0;122;0;
25580;8449015;1262084096;33566720;1446670336;0;0;0;0;0;0;0;0;0;0;0;5060;0;0;133;0;122;0;
25581;4884049;1262084096;33566720;1446670336;0;0;0;0;0;0;0;0;0;0;0;4628;0;0;133;0;122;0;
25582;6979059;1262084096;33566720;1446670336;0;0;0;0;0;0;0;0;0;0;0;4618;0;0;133;0;122;0;
25583;5104553;1262084096;33566720;1446670336;0;0;0;0;0;0;0;0;0;0;0;3757;0;0;133;0;122;0;
25584;7916907;1262084096;33566720;1446670336;0;0;0;0;0;0;0;0;0;0;0;3827;0;0;133;0;122;0;
25585;3527656;1262084096;33566720;1446670336;0;0;0;0;0;0;0;0;0;0;0;4649;0;0;133;0;122;0;
25586;6815542;1262084096;33566720;1446670336;0;0;0;0;0;0;0;0;0;0;0;3857;0;0;133;0;122;0;
25587;4243478;1262084096;33566720;1446670336;0;0;0;0;0;0;0;0;0;0;0;3707;0;0;133;0;122;0;
25588;7380311;1262084096;33570816;1446674432;0;0;0;0;0;0;0;0;0;0;0;4509;0;0;133;0;122;0;
25589;5204089;1262084096;33574912;1446678528;0;0;0;0;0;0;0;0;0;0;0;3226;0;0;133;0;122;0;
25590;6281961;1262084096;33574912;1446678528;0;0;0;0;0;0;0;0;0;0;0;4208;0;0;133;0;122;0;
25591;5036756;1262084096;33574912;1446678528;0;0;0;0;0;0;0;0;0;0;0;3727;0;0;133;0;122;0;
25592;5937275;1262084096;33574912;1446678528;0;0;0;0;0;0;0;0;0;0;0;2505;0;0;133;0;122;0;
25593;6187013;1262084096;33574912;1446678528;0;0;0;0;0;0;0;0;0;0;0;3176;0;0;133;0;122;0;
25594;5728654;1262084096;33574912;1446678528;0;0;0;0;0;0;0;0;0;0;0;3526;0;0;133;0;122;0;
25595;5237452;1262084096;33566720;1446670336;0;0;0;0;0;0;0;0;0;0;0;3406;0;0;133;0;122;0;
25596;4875734;1262084096;33566720;1446670336;0;0;0;0;0;0;0;0;0;0;0;2916;0;0;133;0;122;0;
25597;6191472;1262084096;33566720;1446670336;0;0;0;0;0;0;0;0;0;0;0;4058;0;0;133;0;122;0;
25598;5124270;1262084096;33566720;1446670336;0;0;0;0;0;0;0;0;0;0;0;2845;0;0;133;0;122;0;
25599;7372286;1262084096;33566720;1446670336;0;0;0;0;0;0;0;0;0;0;0;4538;0;0;133;0;122;0;
25600;6574771;1262084096;33566720;1446670336;0;0;0;0;0;0;0;0;0;0;0;3437;0;0;133;0;122;0;
25601;6408428;1262084096;33566720;1446670336;0;0;0;0;0;0;0;0;0;0;0;4328;0;0;133;0;122;0;
25602;6293783;1262084096;33566720;1446670336;0;0;0;0;0;0;0;0;0;0;0;4068;0;0;133;0;122;0;
25603;6429818;1262084096;33566720;1446670336;0;0;0;0;0;0;0;0;0;0;0;2494;0;0;133;0;122;0;
25604;9239056;1262084096;33566720;1446670336;0;0;0;0;0;0;0;0;0;0;0;3747;0;0;133;0;122;0;
25605;8314002;1262084096;33566720;1446670336;0;0;0;0;0;0;0;0;0;0;0;3326;0;0;133;0;122;0;
25606;7153034;1262084096;33566720;1446670336;0;0;0;0;0;0;0;0;0;0;0;3176;0;0;133;0;122;0;
25607;7153034;1262084096;33566720;1446670336;0;0;0;0;0;0;0;0;0;0;0;3487;0;0;133;0;122;0;
25608;7581718;1262084096;33566720;1446670336;0;0;0;0;0;0;0;0;0;0;0;3727;0;0;133;0;122;0;
25609;3980465;1262084096;33566720;1446670336;0;0;0;0;0;0;0;0;0;0;0;3988;0;0;133;0;122;0;
25610;7725378;1262084096;33566720;1446670336;0;0;0;0;0;0;0;0;0;0;0;3437;0;0;133;0;122;0;
25611;4733487;1262084096;33566720;1446670336;0;0;0;0;0;0;0;0;0;0;0;4539;0;0;133;0;122;0;
25612;7563775;1262084096;33566720;1446670336;0;0;0;0;0;0;0;0;0;0;0;3406;0;0;133;0;122;0;
25613;5116686;1262084096;33566720;1446670336;0;0;0;0;0;0;0;0;0;0;0;2435;0;0;133;0;122;0;
25614;7929581;1262084096;33566720;1446670336;0;0;0;0;0;0;0;0;0;0;0;4047;0;0;133;0;122;0;
25615;4852540;1262084096;33566720;1446670336;0;0;0;0;0;0;0;0;0;0;0;3576;0;0;133;0;122;0;
25616;8136129;1262084096;33566720;1446670336;0;0;0;0;0;0;0;0;0;0;0;3466;0;0;133;0;122;0;
25617;4984538;1262084096;33566720;1446670336;0;0;0;0;0;0;0;0;0;0;0;4098;0;0;133;0;122;0;
25618;6460706;1262084096;33566720;1446670336;0;0;0;0;0;0;0;0;0;0;0;3827;0;0;133;0;122;0;
25619;6366138;1262084096;33566720;1446670336;0;0;0;0;0;0;0;0;0;0;0;3918;0;0;133;0;122;0;
25620;6889270;1262084096;33566720;1446670336;0;0;0;0;0;0;0;0;0;0;0;3617;0;0;133;0;122;0;
25621;4559410;1262084096;33566720;1446670336;0;0;0;0;0;0;0;0;0;0;0;3937;0;0;133;0;122;0;
25622;8002658;1262084096;33566720;1446670336;0;0;0;0;0;0;0;0;0;0;0;3586;0;0;133;0;122;0;
25623;4430589;1262084096;33566720;1446670336;0;0;0;0;0;0;0;0;0;0;0;3407;0;0;133;0;122;0;
25624;7446525;1262084096;33566720;1446670336;0;0;0;0;0;0;0;0;0;0;0;4438;0;0;133;0;122;0;
25625;4849575;1262084096;33566720;1446670336;0;0;0;0;0;0;0;0;0;0;0;3626;0;0;133;0;122;0;
25626;7529341;1262084096;33566720;1446670336;0;0;0;0;0;0;0;0;0;0;0;2865;0;0;133;0;122;0;
25627;6071296;1262084096;33566720;1446670336;0;0;0;0;0;0;0;0;0;0;0;4368;0;0;133;0;122;0;
25628;7493764;1262084096;33566720;1446670336;0;0;0;0;0;0;0;0;0;0;0;3817;0;0;133;0;122;0;
25629;6070655;1262084096;33566720;1446670336;0;0;0;0;0;0;0;0;0;0;0;3136;0;0;133;0;122;0;
25630;7953015;1262084096;33566720;1446670336;0;0;0;0;0;0;0;0;0;0;0;4709;0;0;133;0;122;0;
25631;4551807;1262084096;33566720;1446670336;0;0;0;0;0;0;0;0;0;0;0;2675;0;0;133;0;122;0;
25632;7122989;1262084096;33566720;1446670336;0;0;0;0;0;0;0;0;0;0;0;4819;0;0;133;0;122;0;
25633;4208984;1262084096;33566720;1446670336;0;0;0;0;0;0;0;0;0;0;0;3677;0;0;133;0;122;0;
25634;7512800;1262084096;33566720;1446670336;0;0;0;0;0;0;0;0;0;0;0;4198;0;0;133;0;122;0;
25635;3871140;1262084096;33566720;1446670336;0;0;0;0;0;0;0;0;0;0;0;3466;0;0;133;0;122;0;
25636;8367964;1262084096;33566720;1446670336;0;0;0;0;0;0;0;0;0;0;0;4078;0;0;133;0;122;0;
25637;4650070;1262084096;33566720;1446670336;0;0;0;0;0;0;0;0;0;0;0;4599;0;0;133;0;122;0;
25638;7340536;1262084096;33566720;1446670336;0;0;0;0;0;0;0;0;0;0;0;3637;0;0;133;0;122;0;
25639;3424192;1262084096;33566720;1446670336;0;0;0;0;0;0;0;0;0;0;0;2866;0;0;133;0;122;0;
25640;6136959;1262084096;33566720;1446670336;0;0;0;0;0;0;0;0;0;0;0;4839;0;0;133;0;122;0;
25641;3892930;1262084096;33566720;1446670336;0;0;0;0;0;0;0;0;0;0;0;3757;0;0;133;0;122;0;
25642;6340921;1262084096;33566720;1446670336;0;0;0;0;0;0;0;0;0;0;0;3156;0;0;133;0;122;0;
25643;4178066;1262084096;33566720;1446670336;0;0;0;0;0;0;0;0;0;0;0;3497;0;0;133;0;122;0;
25644;5651258;1262084096;33566720;1446670336;0;0;0;0;0;0;0;0;0;0;0;3868;0;0;133;0;122;0;
25645;4859593;1262084096;33566720;1446670336;0;0;0;0;0;0;0;0;0;0;0;3717;0;0;133;0;122;0;
25646;7297956;1262084096;33566720;1446670336;0;0;0;0;0;0;0;0;0;0;0;3086;0;0;133;0;122;0;
25647;4450747;1262084096;33566720;1446670336;0;0;0;0;0;0;0;0;0;0;0;3316;0;0;133;0;122;0;
25648;7937426;1262084096;33566720;1446670336;0;0;0;0;0;0;0;0;0;0;0;3968;0;0;133;0;122;0;
25649;4724810;1262084096;33566720;1446670336;0;0;0;0;0;0;0;0;0;0;0;4068;0;0;133;0;122;0;
25650;7038480;1262084096;33566720;1446670336;0;0;0;0;0;0;0;0;0;0;0;3446;0;0;133;0;122;0;
25651;3608908;1262084096;33566720;1446670336;0;0;0;0;0;0;0;0;0;0;0;2925;0;0;133;0;122;0;
25652;7459299;1262084096;33566720;1446670336;0;0;0;0;0;0;0;0;0;0;0;3697;0;0;133;0;122;0;
25653;3606884;1262084096;33566720;1446670336;0;0;0;0;0;0;0;0;0;0;0;4849;0;0;133;0;122;0;
25654;6436581;1262084096;33566720;1446670336;0;0;0;0;0;0;0;0;0;0;0;3997;0;0;133;0;122;0;
25655;4107723;1262084096;33566720;1446670336;0;0;0;0;0;0;0;0;0;0;0;4779;0;0;133;0;122;0;
25656;6385235;1262084096;33566720;1446670336;0;0;0;0;0;0;0;0;0;0;0;4568;0;0;133;0;122;0;
25657;3677477;1262084096;33566720;1446670336;0;0;0;0;0;0;0;0;0;0;0;3737;0;0;133;0;122;0;
25658;6057319;1262084096;33566720;1446670336;0;0;0;0;0;0;0;0;0;0;0;3075;0;0;133;0;122;0;
25659;3956550;1262084096;33566720;1446670336;0;0;0;0;0;0;0;0;0;0;0;3095;0;0;133;0;122;0;
25660;6217030;1262084096;33566720;1446670336;0;0;0;0;0;0;0;0;0;0;0;3696;0;0;133;0;122;0;
25661;5353760;1262084096;33566720;1446670336;0;0;0;0;0;0;0;0;0;0;0;3116;0;0;133;0;122;0;
25662;6203834;1262084096;33566720;1446670336;0;0;0;0;0;0;0;0;0;0;0;3977;0;0;133;0;122;0;
25663;5122376;1262084096;33566720;1446670336;0;0;0;0;0;0;0;0;0;0;0;6181;0;0;133;0;122;0;
25664;6040368;1262084096;33566720;1446670336;0;0;0;0;0;0;0;0;0;0;0;3367;0;0;133;0;122;0;
25665;5015997;1262084096;33566720;1446670336;0;0;0;0;0;0;0;0;0;0;0;3687;0;0;133;0;122;0;
25666;6553700;1262084096;33566720;1446670336;0;0;0;0;0;0;0;0;0;0;0;3066;0;0;133;0;122;0;
25667;4734950;1262084096;33566720;1446670336;0;0;0;0;0;0;0;0;0;0;0;3046;0;0;133;0;122;0;
25668;6241515;1262084096;33566720;1446670336;0;0;0;0;0;0;0;0;0;0;0;3446;0;0;133;0;122;0;
25669;4578877;1262084096;33566720;1446670336;0;0;0;0;0;0;0;0;0;0;0;3186;0;0;133;0;122;0;
25670;8195951;1262084096;33566720;1446670336;0;0;0;0;0;0;0;0;0;0;0;4268;0;0;133;0;122;0;
25671;5168844;1262084096;33566720;1446670336;0;0;0;0;0;0;0;0;0;0;0;4128;0;0;133;0;122;0;
25672;7394027;1262084096;33570816;1446674432;0;0;0;0;0;0;0;0;0;0;0;3357;0;0;133;0;122;0;
25673;4989327;1262084096;33574912;1446678528;0;0;0;0;0;0;0;0;0;0;0;3236;0;0;133;0;122;0;
25674;7663983;1262084096;33574912;1446678528;0;0;0;0;0;0;0;0;0;0;0;3937;0;0;133;0;122;0;
25675;4784182;1262084096;33574912;1446678528;0;0;0;0;0;0;0;0;0;0;0;4138;0;0;133;0;122;0;
25676;6346322;1262084096;33574912;1446678528;0;0;0;0;0;0;0;0;0;0;0;4288;0;0;133;0;122;0;
25677;3547052;1262084096;33574912;1446678528;0;0;0;0;0;0;0;0;0;0;0;3496;0;0;133;0;122;0;
25678;5878805;1262084096;33574912;1446678528;0;0;0;0;0;0;0;0;0;0;0;4418;0;0;133;0;122;0;
25679;5556400;1262084096;33566720;1446670336;0;0;0;0;0;0;0;0;0;0;0;3246;0;0;133;0;122;0;
25680;7582921;1262084096;33566720;1446670336;0;0;0;0;0;0;0;0;0;0;0;3747;0;0;133;0;122;0;
25681;5861452;1262084096;33566720;1446670336;0;0;0;0;0;0;0;0;0;0;0;6682;0;0;133;0;122;0;
25682;7070901;1262084096;33566720;1446670336;0;0;0;0;0;0;0;0;0;0;0;3517;0;0;133;0;122;0;
25683;5932275;1262084096;33566720;1446670336;0;0;0;0;0;0;0;0;0;0;0;3787;0;0;133;0;122;0;
25684;7171890;1262084096;33566720;1446670336;0;0;0;0;0;0;0;0;0;0;0;5009;0;0;133;0;122;0;
25685;5901718;1262084096;33566720;1446670336;0;0;0;0;0;0;0;0;0;0;0;6312;0;0;133;0;122;0;
25686;6463482;1262084096;33566720;1446670336;0;0;0;0;0;0;0;0;0;0;0;3828;0;0;133;0;122;0;
25687;5307063;1262084096;33566720;1446670336;0;0;0;0;0;0;0;0;0;0;0;4549;0;0;133;0;122;0;
25688;6817455;1262084096;33566720;1446670336;0;0;0;0;0;0;0;0;0;0;0;3787;0;0;133;0;122;0;
25689;5810817;1262084096;33566720;1446670336;0;0;0;0;0;0;0;0;0;0;0;3957;0;0;133;0;122;0;
25690;6569140;1262084096;33566720;1446670336;0;0;0;0;0;0;0;0;0;0;0;4078;0;0;133;0;122;0;
25691;4514967;1262084096;33566720;1446670336;0;0;0;0;0;0;0;0;0;0;0;4228;0;0;133;0;122;0;
25692;6256584;1262084096;33566720;1446670336;0;0;0;0;0;0;0;0;0;0;0;4278;0;0;133;0;122;0;
25693;4656633;1262084096;33566720;1446670336;0;0;0;0;0;0;0;0;0;0;0;3617;0;0;133;0;122;0;
25694;5788386;1262084096;33566720;1446670336;0;0;0;0;0;0;0;0;0;0;0;3476;0;0;133;0;122;0;
25695;3940721;1262084096;33566720;1446670336;0;0;0;0;0;0;0;0;0;0;0;2895;0;0;133;0;122;0;
25696;5968513;1262084096;33566720;1446670336;0;0;0;0;0;0;0;0;0;0;0;2875;0;0;133;0;122;0;
25697;4968939;1262084096;33566720;1446670336;0;0;0;0;0;0;0;0;0;0;0;4268;0;0;133;0;122;0;
25698;5368227;1262084096;33566720;1446670336;0;0;0;0;0;0;0;0;0;0;0;3446;0;0;133;0;122;0;
25699;4731413;1262084096;33566720;1446670336;0;0;0;0;0;0;0;0;0;0;0;3196;0;0;133;0;122;0;
25700;6426042;1262084096;33566720;1446670336;0;0;0;0;0;0;0;0;0;0;0;4629;0;0;133;0;122;0;
25701;5191777;1262084096;33566720;1446670336;0;0;0;0;0;0;0;0;0;0;0;3797;0;0;133;0;122;0;
25702;6174440;1262084096;33566720;1446670336;0;0;0;0;0;0;0;0;0;0;0;3817;0;0;133;0;122;0;
25703;3563814;1262084096;33566720;1446670336;0;0;0;0;0;0;0;0;0;0;0;3858;0;0;133;0;122;0;
25704;5727261;1262084096;33566720;1446670336;0;0;0;0;0;0;0;0;0;0;0;2946;0;0;133;0;122;0;
25705;3612074;1262084096;33566720;1446670336;0;0;0;0;0;0;0;0;0;0;0;4589;0;0;133;0;122;0;
25706;6479281;1262084096;33566720;1446670336;0;0;0;0;0;0;0;0;0;0;0;3867;0;0;133;0;122;0;
25707;3744743;1262084096;33566720;1446670336;0;0;0;0;0;0;0;0;0;0;0;4057;0;0;133;0;122;0;
25708;6186211;1262084096;33566720;1446670336;0;0;0;0;0;0;0;0;0;0;0;3256;0;0;133;0;122;0;
25709;3844610;1262084096;33566720;1446670336;0;0;0;0;0;0;0;0;0;0;0;2986;0;0;133;0;122;0;
25710;6397177;1262084096;33566720;1446670336;0;0;0;0;0;0;0;0;0;0;0;3617;0;0;133;0;122;0;
25711;4097153;1262084096;33566720;1446670336;0;0;0;0;0;0;0;0;0;0;0;3526;0;0;133;0;122;0;
25712;5276836;1262084096;33566720;1446670336;0;0;0;0;0;0;0;0;0;0;0;2515;0;0;133;0;122;0;
25713;4857349;1262084096;33566720;1446670336;0;0;0;0;0;0;0;0;0;0;0;3557;0;0;133;0;122;0;
25714;6036832;1262084096;33566720;1446670336;0;0;0;0;0;0;0;0;0;0;0;3326;0;0;133;0;122;0;
25715;4583025;1262084096;33566720;1446670336;0;0;0;0;0;0;0;0;0;0;0;3487;0;0;133;0;122;0;
25716;6575412;1262084096;33566720;1446670336;0;0;0;0;0;0;0;0;0;0;0;2825;0;0;133;0;122;0;
25717;4096423;1262084096;33566720;1446670336;0;0;0;0;0;0;0;0;0;0;0;3827;0;0;133;0;122;0;
25718;7143137;1262084096;33566720;1446670336;0;0;0;0;0;0;0;0;0;0;0;3196;0;0;133;0;122;0;
25719;4899869;1262084096;33566720;1446670336;0;0;0;0;0;0;0;0;0;0;0;3466;0;0;133;0;122;0;
25720;7526505;1262084096;33566720;1446670336;0;0;0;0;0;0;0;0;0;0;0;3146;0;0;133;0;122;0;
25721;4104027;1262084096;33566720;1446670336;0;0;0;0;0;0;0;0;0;0;0;3988;0;0;133;0;122;0;
25722;5795158;1262084096;33566720;1446670336;0;0;0;0;0;0;0;0;0;0;0;4418;0;0;133;0;122;0;
25723;4203173;1262084096;33566720;1446670336;0;0;0;0;0;0;0;0;0;0;0;4178;0;0;133;0;122;0;
25724;6016643;1262084096;33566720;1446670336;0;0;0;0;0;0;0;0;0;0;0;3767;0;0;133;0;122;0;
25725;4407346;1262084096;33566720;1446670336;0;0;0;0;0;0;0;0;0;0;0;4378;0;0;133;0;122;0;
25726;6286600;1262084096;33566720;1446670336;0;0;0;0;0;0;0;0;0;0;0;2395;0;0;133;0;122;0;
25727;4585079;1262084096;33566720;1446670336;0;0;0;0;0;0;0;0;0;0;0;2795;0;0;133;0;122;0;
25728;7751026;1262084096;33566720;1446670336;0;0;0;0;0;0;0;0;0;0;0;3396;0;0;133;0;122;0;
25729;4408017;1262084096;33566720;1446670336;0;0;0;0;0;0;0;0;0;0;0;3516;0;0;133;0;122;0;
25730;6666954;1262084096;33566720;1446670336;0;0;0;0;0;0;0;0;0;0;0;2925;0;0;133;0;122;0;
25731;4623201;1262084096;33566720;1446670336;0;0;0;0;0;0;0;0;0;0;0;4739;0;0;133;0;122;0;
25732;5689049;1262084096;33566720;1446670336;0;0;0;0;0;0;0;0;0;0;0;3878;0;0;133;0;122;0;
25733;4656252;1262084096;33566720;1446670336;0;0;0;0;0;0;0;0;0;0;0;4369;0;0;133;0;122;0;
25734;6655452;1262084096;33566720;1446670336;0;0;0;0;0;0;0;0;0;0;0;2766;0;0;133;0;122;0;
25735;4149813;1262084096;33566720;1446670336;0;0;0;0;0;0;0;0;0;0;0;3086;0;0;133;0;122;0;
25736;5434112;1262084096;33566720;1446670336;0;0;0;0;0;0;0;0;0;0;0;3747;0;0;133;0;122;0;
25737;5692546;1262084096;33566720;1446670336;0;0;0;0;0;0;0;0;0;0;0;3576;0;0;133;0;122;0;
25738;5829112;1262084096;33566720;1446670336;0;0;0;0;0;0;0;0;0;0;0;3827;0;0;133;0;122;0;
25739;5092541;1262084096;33566720;1446670336;0;0;0;0;0;0;0;0;0;0;0;3136;0;0;133;0;122;0;
25740;5554476;1262084096;33566720;1446670336;0;0;0;0;0;0;0;0;0;0;0;2955;0;0;133;0;122;0;
25741;4780385;1262084096;33566720;1446670336;0;0;0;0;0;0;0;0;0;0;0;3606;0;0;133;0;122;0;
25742;5853678;1262084096;33566720;1446670336;0;0;0;0;0;0;0;0;0;0;0;4158;0;0;133;0;122;0;
25743;5487681;1262084096;33566720;1446670336;0;0;0;0;0;0;0;0;0;0;0;3517;0;0;133;0;122;0;
25744;12052283;1262084096;33566720;1446670336;0;0;0;0;0;0;0;0;0;0;0;3306;0;0;133;0;122;0;
25745;8787460;1262084096;33566720;1446670336;0;0;0;0;0;0;0;0;0;0;0;3797;0;0;133;0;122;0;
25746;5881139;1262084096;33566720;1446670336;0;0;0;0;0;0;0;0;0;0;0;3466;0;0;133;0;122;0;
25747;4567175;1262084096;33566720;1446670336;0;0;0;0;0;0;0;0;0;0;0;3406;0;0;133;0;122;0;
25748;6590420;1262084096;33566720;1446670336;0;0;0;0;0;0;0;0;0;0;0;3416;0;0;133;0;122;0;
25749;4747413;1262084096;33566720;1446670336;0;0;0;0;0;0;0;0;0;0;0;3787;0;0;133;0;122;0;
25750;7053188;1262084096;33566720;1446670336;0;0;0;0;0;0;0;0;0;0;0;4629;0;0;133;0;122;0;
25751;3960607;1262084096;33566720;1446670336;0;0;0;0;0;0;0;0;0;0;0;4359;0;0;133;0;122;0;
25752;6021453;1262084096;33566720;1446670336;0;0;0;0;0;0;0;0;0;0;0;5219;0;0;133;0;122;0;
25753;4905530;1262084096;33566720;1446670336;0;0;0;0;0;0;0;0;0;0;0;3547;0;0;133;0;122;0;
25754;5854890;1262084096;33566720;1446670336;0;0;0;0;0;0;0;0;0;0;0;3136;0;0;133;0;122;0;
25755;5486309;1262084096;33566720;1446670336;0;0;0;0;0;0;0;0;0;0;0;3076;0;0;133;0;122;0;
25756;5942314;1262084096;33566720;1446670336;0;0;0;0;0;0;0;0;0;0;0;3507;0;0;133;0;122;0;
25757;5744183;1262084096;33566720;1446670336;0;0;0;0;0;0;0;0;0;0;0;3597;0;0;133;0;122;0;
25758;6817415;1262084096;33566720;1446670336;0;0;0;0;0;0;0;0;0;0;0;3447;0;0;133;0;122;0;
25759;5470830;1262084096;33566720;1446670336;0;0;0;0;0;0;0;0;0;0;0;3266;0;0;133;0;122;0;
25760;7259124;1262084096;33570816;1446674432;0;0;0;0;0;0;0;0;0;0;0;4649;0;0;133;0;122;0;
25761;6240403;1262084096;33574912;1446678528;0;0;0;0;0;0;0;0;0;0;0;3737;0;0;133;0;122;0;
25762;5640949;1262084096;33574912;1446678528;0;0;0;0;0;0;0;0;0;0;0;3166;0;0;133;0;122;0;
25763;6049845;1262084096;33574912;1446678528;0;0;0;0;0;0;0;0;0;0;0;3236;0;0;133;0;122;0;
25764;5523288;1262084096;33574912;1446678528;0;0;0;0;0;0;0;0;0;0;0;3045;0;0;133;0;122;0;
25765;6390274;1262084096;33574912;1446678528;0;0;0;0;0;0;0;0;0;0;0;3427;0;0;133;0;122;0;
25766;5067162;1262084096;33574912;1446678528;0;0;0;0;0;0;0;0;0;0;0;3276;0;0;133;0;122;0;
25767;7039522;1262084096;33566720;1446670336;0;0;0;0;0;0;0;0;0;0;0;4188;0;0;133;0;122;0;
25768;6795374;1262084096;33566720;1446670336;0;0;0;0;0;0;0;0;0;0;0;3467;0;0;133;0;122;0;
25769;6653498;1262084096;33566720;1446670336;0;0;0;0;0;0;0;0;0;0;0;3888;0;0;133;0;122;0;
25770;11405279;1262084096;33566720;1446670336;0;0;0;0;0;0;0;0;0;0;0;3717;0;0;133;0;122;0;
25771;5556240;1262084096;33566720;1446670336;0;0;0;0;0;0;0;0;0;0;0;3607;0;0;133;0;122;0;
25772;6171604;1262084096;33566720;1446670336;0;0;0;0;0;0;0;0;0;0;0;3787;0;0;133;0;122;0;
25773;5681345;1262084096;33566720;1446670336;0;0;0;0;0;0;0;0;0;0;0;3366;0;0;133;0;122;0;
25774;6944514;1262084096;33566720;1446670336;0;0;0;0;0;0;0;0;0;0;0;4488;0;0;133;0;122;0;
25775;6769856;1262084096;33566720;1446670336;0;0;0;0;0;0;0;0;0;0;0;3887;0;0;133;0;122;0;
25776;6176272;1262084096;33566720;1446670336;0;0;0;0;0;0;0;0;0;0;0;2705;0;0;133;0;122;0;
25777;5799135;1262084096;33566720;1446670336;0;0;0;0;0;0;0;0;0;0;0;4308;0;0;133;0;122;0;
25778;6660030;1262084096;33566720;1446670336;0;0;0;0;0;0;0;0;0;0;0;3226;0;0;133;0;122;0;
25779;6024678;1262084096;33566720;1446670336;0;0;0;0;0;0;0;0;0;0;0;3066;0;0;133;0;122;0;
25780;8191963;1262084096;33566720;1446670336;0;0;0;0;0;0;0;0;0;0;0;2966;0;0;133;0;122;0;
25781;5069307;1262084096;33566720;1446670336;0;0;0;0;0;0;0;0;0;0;0;4068;0;0;133;0;122;0;
25782;6283404;1262084096;33566720;1446670336;0;0;0;0;0;0;0;0;0;0;0;3297;0;0;133;0;122;0;
25783;5205472;1262084096;33566720;1446670336;0;0;0;0;0;0;0;0;0;0;0;6322;0;0;133;0;122;0;
25784;7021428;1262084096;33566720;1446670336;0;0;0;0;0;0;0;0;0;0;0;3346;0;0;133;0;122;0;
25785;4297840;1262084096;33566720;1446670336;0;0;0;0;0;0;0;0;0;0;0;3036;0;0;133;0;122;0;
25786;7844261;1262084096;33566720;1446670336;0;0;0;0;0;0;0;0;0;0;0;3577;0;0;133;0;122;0;
25787;4026491;1262084096;33566720;1446670336;0;0;0;0;0;0;0;0;0;0;0;3116;0;0;133;0;122;0;
25788;8107455;1262084096;33566720;1446670336;0;0;0;0;0;0;0;0;0;0;0;4208;0;0;133;0;122;0;
25789;4727927;1262084096;33566720;1446670336;0;0;0;0;0;0;0;0;0;0;0;3567;0;0;133;0;122;0;
25790;6630885;1262084096;33566720;1446670336;0;0;0;0;0;0;0;0;0;0;0;4438;0;0;133;0;122;0;
25791;4440298;1262084096;33566720;1446670336;0;0;0;0;0;0;0;0;0;0;0;3196;0;0;133;0;122;0;
25792;5093763;1262084096;33566720;1446670336;0;0;0;0;0;0;0;0;0;0;0;3065;0;0;133;0;122;0;
25793;5778186;1262084096;33566720;1446670336;0;0;0;0;0;0;0;0;0;0;0;2985;0;0;133;0;122;0;
25794;5736528;1262084096;33566720;1446670336;0;0;0;0;0;0;0;0;0;0;0;3597;0;0;133;0;122;0;
25795;4780075;1262084096;33566720;1446670336;0;0;0;0;0;0;0;0;0;0;0;4288;0;0;133;0;122;0;
25796;6154432;1262084096;33566720;1446670336;0;0;0;0;0;0;0;0;0;0;0;2926;0;0;133;0;122;0;
25797;4746602;1262084096;33566720;1446670336;0;0;0;0;0;0;0;0;0;0;0;2845;0;0;133;0;122;0;
25798;8345370;1262084096;33566720;1446670336;0;0;0;0;0;0;0;0;0;0;0;3968;0;0;133;0;122;0;
25799;4814770;1262084096;33566720;1446670336;0;0;0;0;0;0;0;0;0;0;0;4248;0;0;133;0;122;0;
25800;7361325;1262084096;33566720;1446670336;0;0;0;0;0;0;0;0;0;0;0;4879;0;0;133;0;122;0;
25801;5520784;1262084096;33566720;1446670336;0;0;0;0;0;0;0;0;0;0;0;3457;0;0;133;0;122;0;
25802;7242382;1262084096;33566720;1446670336;0;0;0;0;0;0;0;0;0;0;0;4648;0;0;133;0;122;0;
25803;4423976;1262084096;33566720;1446670336;0;0;0;0;0;0;0;0;0;0;0;3517;0;0;133;0;122;0;
25804;7694721;1262084096;33566720;1446670336;0;0;0;0;0;0;0;0;0;0;0;3937;0;0;133;0;122;0;
25805;4541437;1262084096;33566720;1446670336;0;0;0;0;0;0;0;0;0;0;0;3326;0;0;133;0;122;0;
25806;6862660;1262084096;33566720;1446670336;0;0;0;0;0;0;0;0;0;0;0;3347;0;0;133;0;122;0;
25807;4662073;1262084096;33566720;1446670336;0;0;0;0;0;0;0;0;0;0;0;2946;0;0;133;0;122;0;
25808;6496233;1262084096;33566720;1446670336;0;0;0;0;0;0;0;0;0;0;0;3236;0;0;133;0;122;0;
25809;4042902;1262084096;33566720;1446670336;0;0;0;0;0;0;0;0;0;0;0;3347;0;0;133;0;122;0;
25810;7037267;1262084096;33566720;1446670336;0;0;0;0;0;0;0;0;0;0;0;3898;0;0;133;0;122;0;
25811;4272322;1262084096;33566720;1446670336;0;0;0;0;0;0;0;0;0;0;0;3436;0;0;133;0;122;0;
25812;5423391;1262084096;33566720;1446670336;0;0;0;0;0;0;0;0;0;0;0;2645;0;0;133;0;122;0;
25813;4496012;1262084096;33566720;1446670336;0;0;0;0;0;0;0;0;0;0;0;3797;0;0;133;0;122;0;
25814;6278093;1262084096;33566720;1446670336;0;0;0;0;0;0;0;0;0;0;0;2865;0;0;133;0;122;0;
25815;4180911;1262084096;33566720;1446670336;0;0;0;0;0;0;0;0;0;0;0;3015;0;0;133;0;122;0;
25816;6720814;1262084096;33566720;1446670336;0;0;0;0;0;0;0;0;0;0;0;3557;0;0;133;0;122;0;
25817;4027643;1262084096;33566720;1446670336;0;0;0;0;0;0;0;0;0;0;0;2915;0;0;133;0;122;0;
25818;5315218;1262084096;33566720;1446670336;0;0;0;0;0;0;0;0;0;0;0;2805;0;0;133;0;122;0;
25819;4558539;1262084096;33566720;1446670336;0;0;0;0;0;0;0;0;0;0;0;4178;0;0;133;0;122;0;
25820;6121310;1262084096;33566720;1446670336;0;0;0;0;0;0;0;0;0;0;0;3396;0;0;133;0;122;0;
25821;4596921;1262084096;33566720;1446670336;0;0;0;0;0;0;0;0;0;0;0;9057;0;0;133;0;122;0;
25822;6184157;1262084096;33566720;1446670336;0;0;0;0;0;0;0;0;0;0;0;3858;0;0;133;0;122;0;
25823;4149232;1262084096;33566720;1446670336;0;0;0;0;0;0;0;0;0;0;0;3036;0;0;133;0;122;0;
25824;7567862;1262084096;33566720;1446670336;0;0;0;0;0;0;0;0;0;0;0;3877;0;0;133;0;122;0;
25825;3862403;1262084096;33566720;1446670336;0;0;0;0;0;0;0;0;0;0;0;6272;0;0;133;0;122;0;
25826;7182099;1262084096;33566720;1446670336;0;0;0;0;0;0;0;0;0;0;0;4919;0;0;133;0;122;0;
25827;3409865;1262084096;33566720;1446670336;0;0;0;0;0;0;0;0;0;0;0;3106;0;0;133;0;122;0;
25828;7207006;1262084096;33566720;1446670336;0;0;0;0;0;0;0;0;0;0;0;4558;0;0;133;0;122;0;
25829;4220665;1262084096;33566720;1446670336;0;0;0;0;0;0;0;0;0;0;0;3596;0;0;133;0;122;0;
25830;4949041;1262084096;33566720;1446670336;0;0;0;0;0;0;0;0;0;0;0;3136;0;0;133;0;122;0;
25831;5311301;1262084096;33566720;1446670336;0;0;0;0;0;0;0;0;0;0;0;3737;0;0;133;0;122;0;
25832;8221438;1262084096;33566720;1446670336;0;0;0;0;0;0;0;0;0;0;0;3967;0;0;133;0;122;0;
25833;6308561;1262084096;33566720;1446670336;0;0;0;0;0;0;0;0;0;0;0;3817;0;0;133;0;122;0;
25834;6985080;1262084096;33566720;1446670336;0;0;0;0;0;0;0;0;0;0;0;3326;0;0;133;0;122;0;
25835;4332295;1262084096;33566720;1446670336;0;0;0;0;0;0;0;0;0;0;0;4328;0;0;133;0;122;0;
25836;5633034;1262084096;33566720;1446670336;0;0;0;0;0;0;0;0;0;0;0;3977;0;0;133;0;122;0;
25837;6267524;1262084096;33566720;1446670336;0;0;0;0;0;0;0;0;0;0;0;3957;0;0;133;0;122;0;
25838;5830574;1262084096;33566720;1446670336;0;0;0;0;0;0;0;0;0;0;0;3236;0;0;133;0;122;0;
25839;5919742;1262084096;33566720;1446670336;0;0;0;0;0;0;0;0;0;0;0;4098;0;0;133;0;122;0;
25840;5345064;1262084096;33566720;1446670336;0;0;0;0;0;0;0;0;0;0;0;2936;0;0;133;0;122;0;
25841;4866737;1262084096;33566720;1446670336;0;0;0;0;0;0;0;0;0;0;0;2776;0;0;133;0;122;0;
25842;6340822;1262084096;33566720;1446670336;0;0;0;0;0;0;0;0;0;0;0;2825;0;0;133;0;122;0;
25843;4748615;1262084096;33566720;1446670336;0;0;0;0;0;0;0;0;0;0;0;3787;0;0;133;0;122;0;
25844;6062840;1262084096;33566720;1446670336;0;0;0;0;0;0;0;0;0;0;0;2905;0;0;133;0;122;0;
25845;4382258;1262084096;33566720;1446670336;0;0;0;0;0;0;0;0;0;0;0;3326;0;0;133;0;122;0;
25846;6232869;1262084096;33566720;1446670336;0;0;0;0;0;0;0;0;0;0;0;2715;0;0;133;0;122;0;
25847;4636425;1262084096;33566720;1446670336;0;0;0;0;0;0;0;0;0;0;0;4008;0;0;133;0;122;0;
25848;5543296;1262084096;33566720;1446670336;0;0;0;0;0;0;0;0;0;0;0;2905;0;0;133;0;122;0;
25849;6646795;1262084096;33566720;1446670336;0;0;0;0;0;0;0;0;0;0;0;3427;0;0;133;0;122;0;
25850;5515594;1262084096;33566720;1446670336;0;0;0;0;0;0;0;0;0;0;0;2545;0;0;133;0;122;0;
25851;6141438;1262084096;33566720;1446670336;0;0;0;0;0;0;0;0;0;0;0;3346;0;0;133;0;122;0;
25852;6386688;1262084096;33566720;1446670336;0;0;0;0;0;0;0;0;0;0;0;3116;0;0;133;0;122;0;
25853;5177489;1262084096;33566720;1446670336;0;0;0;0;0;0;0;0;0;0;0;2575;0;0;133;0;122;0;
25854;7735226;1262084096;33566720;1446670336;0;0;0;0;0;0;0;0;0;0;0;4148;0;0;133;0;122;0;
25855;4350740;1262084096;33566720;1446670336;0;0;0;0;0;0;0;0;0;0;0;2986;0;0;133;0;122;0;
25856;7275354;1262084096;33566720;1446670336;0;0;0;0;0;0;0;0;0;0;0;4338;0;0;133;0;122;0;
25857;3162621;1262084096;33566720;1446670336;0;0;0;0;0;0;0;0;0;0;0;3076;0;0;133;0;122;0;
25858;6203364;1262084096;33566720;1446670336;0;0;0;0;0;0;0;0;0;0;0;3867;0;0;133;0;122;0;
25859;4363934;1262084096;33566720;1446670336;0;0;0;0;0;0;0;0;0;0;0;3757;0;0;133;0;122;0;
25860;6148902;1262084096;33566720;1446670336;0;0;0;0;0;0;0;0;0;0;0;4668;0;0;133;0;122;0;
25861;5344684;1262084096;33566720;1446670336;0;0;0;0;0;0;0;0;0;0;0;3798;0;0;133;0;122;0;
25862;5756025;1262084096;33566720;1446670336;0;0;0;0;0;0;0;0;0;0;0;2485;0;0;133;0;122;0;
25863;4451078;1262084096;33566720;1446670336;0;0;0;0;0;0;0;0;0;0;0;3096;0;0;133;0;122;0;
25864;5642682;1262084096;33566720;1446670336;0;0;0;0;0;0;0;0;0;0;0;3527;0;0;133;0;122;0;
25865;4984688;1262084096;33566720;1446670336;0;0;0;0;0;0;0;0;0;0;0;3797;0;0;133;0;122;0;
25866;6294064;1262084096;33566720;1446670336;0;0;0;0;0;0;0;0;0;0;0;2655;0;0;133;0;122;0;
25867;3953123;1262084096;33566720;1446670336;0;0;0;0;0;0;0;0;0;0;0;3176;0;0;133;0;122;0;
25868;6470404;1262084096;33566720;1446670336;0;0;0;0;0;0;0;0;0;0;0;2425;0;0;133;0;122;0;
25869;3495125;1262084096;33566720;1446670336;0;0;0;0;0;0;0;0;0;0;0;3666;0;0;133;0;122;0;
25870;5796421;1262084096;33566720;1446670336;0;0;0;0;0;0;0;0;0;0;0;3015;0;0;133;0;122;0;
25871;3728472;1262084096;33566720;1446670336;0;0;0;0;0;0;0;0;0;0;0;3507;0;0;133;0;122;0;
25872;5670163;1262084096;33566720;1446670336;0;0;0;0;0;0;0;0;0;0;0;2725;0;0;133;0;122;0;
25873;3978371;1262084096;33566720;1446670336;0;0;0;0;0;0;0;0;0;0;0;4027;0;0;133;0;122;0;
25874;5675915;1262084096;33566720;1446670336;0;0;0;0;0;0;0;0;0;0;0;2866;0;0;133;0;122;0;
25875;4293762;1262084096;33566720;1446670336;0;0;0;0;0;0;0;0;0;0;0;3557;0;0;133;0;122;0;
25876;4916360;1262084096;33566720;1446670336;0;0;0;0;0;0;0;0;0;0;0;2755;0;0;133;0;122;0;
25877;4708370;1262084096;33566720;1446670336;0;0;0;0;0;0;0;0;0;0;0;4328;0;0;133;0;122;0;
25878;5254825;1262084096;33566720;1446670336;0;0;0;0;0;0;0;0;0;0;0;3006;0;0;133;0;122;0;
25879;4327656;1262084096;33566720;1446670336;0;0;0;0;0;0;0;0;0;0;0;4078;0;0;133;0;122;0;
25880;6448414;1262084096;33566720;1446670336;0;0;0;0;0;0;0;0;0;0;0;2876;0;0;133;0;122;0;
25881;3545770;1262084096;33566720;1446670336;0;0;0;0;0;0;0;0;0;0;0;4338;0;0;133;0;122;0;
25882;6344529;1262084096;33566720;1446670336;0;0;0;0;0;0;0;0;0;0;0;2665;0;0;133;0;122;0;
25883;3123167;1262084096;33566720;1446670336;0;0;0;0;0;0;0;0;0;0;0;3216;0;0;133;0;122;0;
25884;6095642;1262084096;33566720;1446670336;0;0;0;0;0;0;0;0;0;0;0;3757;0;0;133;0;122;0;
25885;4387098;1262084096;33566720;1446670336;0;0;0;0;0;0;0;0;0;0;0;3707;0;0;133;0;122;0;
25886;5170667;1262084096;33566720;1446670336;0;0;0;0;0;0;0;0;0;0;0;3977;0;0;133;0;122;0;
25887;4457620;1262084096;33566720;1446670336;0;0;0;0;0;0;0;0;0;0;0;3526;0;0;133;0;122;0;
25888;5205332;1262084096;33566720;1446670336;0;0;0;0;0;0;0;0;0;0;0;2585;0;0;133;0;122;0;
25889;4730061;1262084096;33566720;1446670336;0;0;0;0;0;0;0;0;0;0;0;3817;0;0;133;0;122;0;
25890;5349963;1262084096;33566720;1446670336;0;0;0;0;0;0;0;0;0;0;0;3306;0;0;133;0;122;0;
25891;4274726;1262084096;33566720;1446670336;0;0;0;0;0;0;0;0;0;0;0;3617;0;0;133;0;122;0;
25892;6592664;1262084096;33566720;1446670336;0;0;0;0;0;0;0;0;0;0;0;2565;0;0;133;0;122;0;
25893;5173993;1262084096;33566720;1446670336;0;0;0;0;0;0;0;0;0;0;0;4458;0;0;133;0;122;0;
25894;5990304;1262084096;33566720;1446670336;0;0;0;0;0;0;0;0;0;0;0;3757;0;0;133;0;122;0;
25895;5018101;1262084096;33566720;1446670336;0;0;0;0;0;0;0;0;0;0;0;3958;0;0;133;0;122;0;
25896;4977826;1262084096;33566720;1446670336;0;0;0;0;0;0;0;0;0;0;0;3447;0;0;133;0;122;0;
25897;5146131;1262084096;33566720;1446670336;0;0;0;0;0;0;0;0;0;0;0;4318;0;0;133;0;122;0;
25898;5127175;1262084096;33566720;1446670336;0;0;0;0;0;0;0;0;0;0;0;3546;0;0;133;0;122;0;
25899;6686130;1262084096;33566720;1446670336;0;0;0;0;0;0;0;0;0;0;0;4519;0;0;133;0;122;0;
25900;6455697;1262084096;33566720;1446670336;0;0;0;0;0;0;0;0;0;0;0;2976;0;0;133;0;122;0;
25901;6022955;1262084096;33566720;1446670336;0;0;0;0;0;0;0;0;0;0;0;3907;0;0;133;0;122;0;
25902;6493928;1262084096;33566720;1446670336;0;0;0;0;0;0;0;0;0;0;0;2796;0;0;133;0;122;0;
25903;6444115;1262084096;33566720;1446670336;0;0;0;0;0;0;0;0;0;0;0;3607;0;0;133;0;122;0;
25904;6695336;1262084096;33566720;1446670336;0;0;0;0;0;0;0;0;0;0;0;2976;0;0;133;0;122;0;
25905;6066437;1262084096;33566720;1446670336;0;0;0;0;0;0;0;0;0;0;0;4378;0;0;133;0;122;0;
25906;6819079;1262084096;33566720;1446670336;0;0;0;0;0;0;0;0;0;0;0;3717;0;0;133;0;122;0;
25907;5392052;1262084096;33566720;1446670336;0;0;0;0;0;0;0;0;0;0;0;3857;0;0;133;0;122;0;
25908;5760884;1262084096;33566720;1446670336;0;0;0;0;0;0;0;0;0;0;0;4388;0;0;133;0;122;0;
25909;5447026;1262084096;33566720;1446670336;0;0;0;0;0;0;0;0;0;0;0;2776;0;0;133;0;122;0;
25910;6998074;1262084096;33566720;1446670336;0;0;0;0;0;0;0;0;0;0;0;2865;0;0;133;0;122;0;
25911;6127392;1262084096;33566720;1446670336;0;0;0;0;0;0;0;0;0;0;0;2946;0;0;133;0;122;0;
25912;5804897;1262084096;33566720;1446670336;0;0;0;0;0;0;0;0;0;0;0;3086;0;0;133;0;122;0;
25913;4940615;1262084096;33566720;1446670336;0;0;0;0;0;0;0;0;0;0;0;3527;0;0;133;0;122;0;
25914;5302354;1262084096;33566720;1446670336;0;0;0;0;0;0;0;0;0;0;0;2915;0;0;133;0;122;0;
25915;5196556;1262084096;33566720;1446670336;0;0;0;0;0;0;0;0;0;0;0;4078;0;0;133;0;122;0;
25916;6056999;1262084096;33566720;1446670336;0;0;0;0;0;0;0;0;0;0;0;3246;0;0;133;0;122;0;
25917;5223777;1262084096;33566720;1446670336;0;0;0;0;0;0;0;0;0;0;0;3396;0;0;133;0;122;0;
25918;8974060;1262084096;33566720;1446670336;0;0;0;0;0;0;0;0;0;0;0;2795;0;0;133;0;122;0;
25919;12802309;1262084096;33566720;1446670336;0;0;0;0;0;0;0;0;0;0;0;4809;0;0;133;0;122;0;
25920;7025606;1262084096;33566720;1446670336;0;0;0;0;0;0;0;0;0;0;0;3817;0;0;133;0;122;0;
25921;5296653;1262084096;33566720;1446670336;0;0;0;0;0;0;0;0;0;0;0;3577;0;0;133;0;122;0;
25922;6324521;1262084096;33566720;1446670336;0;0;0;0;0;0;0;0;0;0;0;2675;0;0;133;0;122;0;
25923;4974980;1262084096;33566720;1446670336;0;0;0;0;0;0;0;0;0;0;0;3086;0;0;133;0;122;0;
25924;6295637;1262084096;33566720;1446670336;0;0;0;0;0;0;0;0;0;0;0;2986;0;0;133;0;122;0;
25925;5768909;1262084096;33566720;1446670336;0;0;0;0;0;0;0;0;0;0;0;4178;0;0;133;0;122;0;
25926;6322417;1262084096;33566720;1446670336;0;0;0;0;0;0;0;0;0;0;0;3667;0;0;133;0;122;0;
25927;5511456;1262084096;33566720;1446670336;0;0;0;0;0;0;0;0;0;0;0;3837;0;0;133;0;122;0;
25928;5482341;1262084096;33566720;1446670336;0;0;0;0;0;0;0;0;0;0;0;3015;0;0;133;0;122;0;
25929;6280398;1262084096;33566720;1446670336;0;0;0;0;0;0;0;0;0;0;0;3827;0;0;133;0;122;0;
25930;5707654;1262084096;33566720;1446670336;0;0;0;0;0;0;0;0;0;0;0;3536;0;0;133;0;122;0;
25931;6691619;1262084096;33566720;1446670336;0;0;0;0;0;0;0;0;0;0;0;3797;0;0;133;0;122;0;
25932;6853593;1262084096;33566720;1446670336;0;0;0;0;0;0;0;0;0;0;0;4028;0;0;133;0;122;0;
25933;5454760;1262084096;33566720;1446670336;0;0;0;0;0;0;0;0;0;0;0;3236;0;0;133;0;122;0;
25934;6791436;1262084096;33570816;1446674432;0;0;0;0;0;0;0;0;0;0;0;4198;0;0;133;0;122;0;
25935;4498055;1262084096;33574912;1446678528;0;0;0;0;0;0;0;0;0;0;0;2716;0;0;133;0;122;0;
25936;4872789;1262084096;33574912;1446678528;0;0;0;0;0;0;0;0;0;0;0;2665;0;0;133;0;122;0;
25937;5830514;1262084096;33574912;1446678528;0;0;0;0;0;0;0;0;0;0;0;3587;0;0;133;0;122;0;
25938;5321870;1262084096;33574912;1446678528;0;0;0;0;0;0;0;0;0;0;0;3116;0;0;133;0;122;0;
25939;5328643;1262084096;33574912;1446678528;0;0;0;0;0;0;0;0;0;0;0;4288;0;0;133;0;122;0;
25940;8075364;1262084096;33574912;1446678528;0;0;0;0;0;0;0;0;0;0;0;2565;0;0;133;0;122;0;
25941;6660972;1262084096;33566720;1446670336;0;0;0;0;0;0;0;0;0;0;0;3507;0;0;133;0;122;0;
25942;6021252;1262084096;33566720;1446670336;0;0;0;0;0;0;0;0;0;0;0;3446;0;0;133;0;122;0;
25943;5873365;1262084096;33566720;1446670336;0;0;0;0;0;0;0;0;0;0;0;3356;0;0;133;0;122;0;
25944;5846735;1262084096;33566720;1446670336;0;0;0;0;0;0;0;0;0;0;0;3787;0;0;133;0;122;0;
25945;4220505;1262084096;33566720;1446670336;0;0;0;0;0;0;0;0;0;0;0;3777;0;0;133;0;122;0;
25946;5231240;1262084096;33566720;1446670336;0;0;0;0;0;0;0;0;0;0;0;3477;0;0;133;0;122;0;
25947;6101272;1262084096;33566720;1446670336;0;0;0;0;0;0;0;0;0;0;0;3828;0;0;133;0;122;0;
25948;5660014;1262084096;33566720;1446670336;0;0;0;0;0;0;0;0;0;0;0;3116;0;0;133;0;122;0;
25949;7479137;1262084096;33566720;1446670336;0;0;0;0;0;0;0;0;0;0;0;4218;0;0;133;0;122;0;
25950;5950029;1262084096;33566720;1446670336;0;0;0;0;0;0;0;0;0;0;0;3557;0;0;133;0;122;0;
25951;6396125;1262084096;33566720;1446670336;0;0;0;0;0;0;0;0;0;0;0;4969;0;0;133;0;122;0;
25952;5603719;1262084096;33566720;1446670336;0;0;0;0;0;0;0;0;0;0;0;4118;0;0;133;0;122;0;
25953;6652075;1262084096;33566720;1446670336;0;0;0;0;0;0;0;0;0;0;0;3907;0;0;133;0;122;0;
25954;6801685;1262084096;33566720;1446670336;0;0;0;0;0;0;0;0;0;0;0;2936;0;0;133;0;122;0;
25955;5816638;1262084096;33566720;1446670336;0;0;0;0;0;0;0;0;0;0;0;4228;0;0;133;0;122;0;
25956;6186733;1262084096;33566720;1446670336;0;0;0;0;0;0;0;0;0;0;0;3126;0;0;133;0;122;0;
25957;5809174;1262084096;33566720;1446670336;0;0;0;0;0;0;0;0;0;0;0;4038;0;0;133;0;122;0;
25958;6449205;1262084096;33566720;1446670336;0;0;0;0;0;0;0;0;0;0;0;3155;0;0;133;0;122;0;
25959;5393936;1262084096;33566720;1446670336;0;0;0;0;0;0;0;0;0;0;0;31359;0;0;133;0;122;0;
25960;6080383;1262084096;33566720;1446670336;0;0;0;0;0;0;0;0;0;0;0;2305;0;0;133;0;122;0;
25961;4454404;1262084096;33566720;1446670336;0;0;0;0;0;0;0;0;0;0;0;2905;0;0;133;0;122;0;
25962;7939219;1262084096;33566720;1446670336;0;0;0;0;0;0;0;0;0;0;0;2816;0;0;133;0;122;0;
25963;4085242;1262084096;33566720;1446670336;0;0;0;0;0;0;0;0;0;0;0;3096;0;0;133;0;122;0;
25964;6932260;1262084096;33566720;1446670336;0;0;0;0;0;0;0;0;0;0;0;2986;0;0;133;0;122;0;
25965;5023781;1262084096;33566720;1446670336;0;0;0;0;0;0;0;0;0;0;0;3577;0;0;133;0;122;0;
25966;7072473;1262084096;33566720;1446670336;0;0;0;0;0;0;0;0;0;0;0;3437;0;0;133;0;122;0;
25967;4131418;1262084096;33566720;1446670336;0;0;0;0;0;0;0;0;0;0;0;3276;0;0;133;0;122;0;
25968;6880333;1262084096;33566720;1446670336;0;0;0;0;0;0;0;0;0;0;0;3165;0;0;133;0;122;0;
25969;4744007;1262084096;33566720;1446670336;0;0;0;0;0;0;0;0;0;0;0;3296;0;0;133;0;122;0;
25970;6237888;1262084096;33566720;1446670336;0;0;0;0;0;0;0;0;0;0;0;2835;0;0;133;0;122;0;
25971;4318078;1262084096;33566720;1446670336;0;0;0;0;0;0;0;0;0;0;0;4268;0;0;133;0;122;0;
25972;5724295;1262084096;33566720;1446670336;0;0;0;0;0;0;0;0;0;0;0;2504;0;0;133;0;122;0;
25973;4353435;1262084096;33566720;1446670336;0;0;0;0;0;0;0;0;0;0;0;3116;0;0;133;0;122;0;
25974;5187339;1262084096;33566720;1446670336;0;0;0;0;0;0;0;0;0;0;0;2956;0;0;133;0;122;0;
25975;4390123;1262084096;33566720;1446670336;0;0;0;0;0;0;0;0;0;0;0;8666;0;0;133;0;122;0;
25976;5443148;1262084096;33566720;1446670336;0;0;0;0;0;0;0;0;0;0;0;2405;0;0;133;0;122;0;
25977;4113153;1262084096;33566720;1446670336;0;0;0;0;0;0;0;0;0;0;0;3377;0;0;133;0;122;0;
25978;6008078;1262084096;33566720;1446670336;0;0;0;0;0;0;0;0;0;0;0;2405;0;0;133;0;122;0;
25979;4248117;1262084096;33566720;1446670336;0;0;0;0;0;0;0;0;0;0;0;2465;0;0;133;0;122;0;
25980;6290618;1262084096;33566720;1446670336;0;0;0;0;0;0;0;0;0;0;0;2745;0;0;133;0;122;0;
25981;4337003;1262084096;33566720;1446670336;0;0;0;0;0;0;0;0;0;0;0;2815;0;0;133;0;122;0;
25982;5549457;1262084096;33566720;1446670336;0;0;0;0;0;0;0;0;0;0;0;2214;0;0;133;0;122;0;
25983;3282867;1262084096;33566720;1446670336;0;0;0;0;0;0;0;0;0;0;0;2955;0;0;133;0;122;0;
25984;6512514;1262084096;33566720;1446670336;0;0;0;0;0;0;0;0;0;0;0;2304;0;0;133;0;122;0;
25985;3333502;1262084096;33566720;1446670336;0;0;0;0;0;0;0;0;0;0;0;3266;0;0;133;0;122;0;
25986;6098437;1262084096;33566720;1446670336;0;0;0;0;0;0;0;0;0;0;0;2926;0;0;133;0;122;0;
25987;3671426;1262084096;33566720;1446670336;0;0;0;0;0;0;0;0;0;0;0;2695;0;0;133;0;122;0;
25988;5047807;1262084096;33566720;1446670336;0;0;0;0;0;0;0;0;0;0;0;2304;0;0;133;0;122;0;
25989;4514036;1262084096;33566720;1446670336;0;0;0;0;0;0;0;0;0;0;0;3016;0;0;133;0;122;0;
25990;5166759;1262084096;33566720;1446670336;0;0;0;0;0;0;0;0;0;0;0;2295;0;0;133;0;122;0;
25991;4413627;1262084096;33566720;1446670336;0;0;0;0;0;0;0;0;0;0;0;2765;0;0;133;0;122;0;
25992;6276331;1262084096;33566720;1446670336;0;0;0;0;0;0;0;0;0;0;0;2144;0;0;133;0;122;0;
25993;4666782;1262084096;33566720;1446670336;0;0;0;0;0;0;0;0;0;0;0;85961;0;0;133;0;122;0;
25994;5950490;1262084096;33566720;1446670336;0;0;0;0;0;0;0;0;0;0;0;2895;0;0;133;0;122;0;
25995;4479250;1262084096;33566720;1446670336;0;0;0;0;0;0;0;0;0;0;0;3256;0;0;133;0;122;0;
25996;5539419;1262084096;33566720;1446670336;0;0;0;0;0;0;0;0;0;0;0;2305;0;0;133;0;122;0;
25997;4358914;1262084096;33566720;1446670336;0;0;0;0;0;0;0;0;0;0;0;3096;0;0;133;0;122;0;
25998;5467534;1262084096;33566720;1446670336;0;0;0;0;0;0;0;0;0;0;0;2355;0;0;133;0;122;0;
25999;4794221;1262084096;33566720;1446670336;0;0;0;0;0;0;0;0;0;0;0;2885;0;0;133;0;122;0;
26000;5082231;1262084096;33566720;1446670336;0;0;0;0;0;0;0;0;0;0;0;2776;0;0;133;0;122;0;
26001;4378792;1262084096;33566720;1446670336;0;0;0;0;0;0;0;0;0;0;0;3336;0;0;133;0;122;0;
26002;6144553;1262084096;33566720;1446670336;0;0;0;0;0;0;0;0;0;0;0;2485;0;0;133;0;122;0;
26003;3424582;1262084096;33566720;1446670336;0;0;0;0;0;0;0;0;0;0;0;2615;0;0;133;0;122;0;
26004;5915243;1262084096;33566720;1446670336;0;0;0;0;0;0;0;0;0;0;0;2244;0;0;133;0;122;0;
26005;4455506;1262084096;33566720;1446670336;0;0;0;0;0;0;0;0;0;0;0;2935;0;0;133;0;122;0;
26006;6566414;1262084096;33566720;1446670336;0;0;0;0;0;0;0;0;0;0;0;2465;0;0;133;0;122;0;
26007;3344542;1262084096;33566720;1446670336;0;0;0;0;0;0;0;0;0;0;0;3206;0;0;133;0;122;0;
26008;5352749;1262084096;33566720;1446670336;0;0;0;0;0;0;0;0;0;0;0;1884;0;0;133;0;122;0;
26009;4405562;1262084096;33566720;1446670336;0;0;0;0;0;0;0;0;0;0;0;3497;0;0;133;0;122;0;
26010;6248488;1262084096;33566720;1446670336;0;0;0;0;0;0;0;0;0;0;0;2735;0;0;133;0;122;0;
26011;3753740;1262084096;33566720;1446670336;0;0;0;0;0;0;0;0;0;0;0;3647;0;0;133;0;122;0;
26012;5686745;1262084096;33566720;1446670336;0;0;0;0;0;0;0;0;0;0;0;2755;0;0;133;0;122;0;
26013;4325592;1262084096;33566720;1446670336;0;0;0;0;0;0;0;0;0;0;0;2515;0;0;133;0;122;0;
26014;5627554;1262084096;33566720;1446670336;0;0;0;0;0;0;0;0;0;0;0;2474;0;0;133;0;122;0;
26015;4391235;1262084096;33566720;1446670336;0;0;0;0;0;0;0;0;0;0;0;2906;0;0;133;0;122;0;
26016;5157222;1262084096;33566720;1446670336;0;0;0;0;0;0;0;0;0;0;0;2725;0;0;133;0;122;0;
26017;4026301;1262084096;33566720;1446670336;0;0;0;0;0;0;0;0;0;0;0;3196;0;0;133;0;122;0;
26018;6269177;1262084096;33566720;1446670336;0;0;0;0;0;0;0;0;0;0;0;2073;0;0;133;0;122;0;
26019;4360638;1262084096;33566720;1446670336;0;0;0;0;0;0;0;0;0;0;0;6021;0;0;133;0;122;0;
26020;8372391;1262084096;33566720;1446670336;0;0;0;0;0;0;0;0;0;0;0;4168;0;0;133;0;122;0;
26021;5487240;1262084096;33566720;1446670336;0;0;0;0;0;0;0;0;0;0;0;2995;0;0;133;0;122;0;
26022;8688354;1262084096;33566720;1446670336;0;0;0;0;0;0;0;0;0;0;0;2985;0;0;133;0;122;0;
26023;6057170;1262084096;33566720;1446670336;0;0;0;0;0;0;0;0;0;0;0;4138;0;0;133;0;122;0;
26024;7486100;1262084096;33566720;1446670336;0;0;0;0;0;0;0;0;0;0;0;4178;0;0;133;0;122;0;
26025;6237728;1262084096;33566720;1446670336;0;0;0;0;0;0;0;0;0;0;0;3076;0;0;133;0;122;0;
26026;7315539;1262084096;33570816;1446674432;0;0;0;0;0;0;0;0;0;0;0;3286;0;0;133;0;122;0;
26027;5098692;1262084096;33574912;1446678528;0;0;0;0;0;0;0;0;0;0;0;3927;0;0;133;0;122;0;
26028;7338082;1262084096;33574912;1446678528;0;0;0;0;0;0;0;0;0;0;0;4058;0;0;133;0;122;0;
26029;5345165;1262084096;33574912;1446678528;0;0;0;0;0;0;0;0;0;0;0;3156;0;0;133;0;122;0;
26030;7127817;1262084096;33574912;1446678528;0;0;0;0;0;0;0;0;0;0;0;2886;0;0;133;0;122;0;
26031;4570702;1262084096;33574912;1446678528;0;0;0;0;0;0;0;0;0;0;0;2936;0;0;133;0;122;0;
26032;6170322;1262084096;33574912;1446678528;0;0;0;0;0;0;0;0;0;0;0;5180;0;0;133;0;122;0;
26033;4886864;1262084096;33566720;1446670336;0;0;0;0;0;0;0;0;0;0;0;3587;0;0;133;0;122;0;
26034;6117542;1262084096;33566720;1446670336;0;0;0;0;0;0;0;0;0;0;0;3947;0;0;133;0;122;0;
26035;4753936;1262084096;33566720;1446670336;0;0;0;0;0;0;0;0;0;0;0;3667;0;0;133;0;122;0;
26036;6170913;1262084096;33566720;1446670336;0;0;0;0;0;0;0;0;0;0;0;4588;0;0;133;0;122;0;
26037;6003018;1262084096;33566720;1446670336;0;0;0;0;0;0;0;0;0;0;0;2885;0;0;133;0;122;0;
26038;8275039;1262084096;33566720;1446670336;0;0;0;0;0;0;0;0;0;0;0;3326;0;0;133;0;122;0;
26039;5147914;1262084096;33566720;1446670336;0;0;0;0;0;0;0;0;0;0;0;2796;0;0;133;0;122;0;
26040;6927322;1262084096;33566720;1446670336;0;0;0;0;0;0;0;0;0;0;0;3777;0;0;133;0;122;0;
26041;6260701;1262084096;33566720;1446670336;0;0;0;0;0;0;0;0;0;0;0;4469;0;0;133;0;122;0;
26042;7428932;1262084096;33566720;1446670336;0;0;0;0;0;0;0;0;0;0;0;6152;0;0;133;0;122;0;
26043;5187669;1262084096;33566720;1446670336;0;0;0;0;0;0;0;0;0;0;0;4238;0;0;133;0;122;0;
26044;7310310;1262084096;33566720;1446670336;0;0;0;0;0;0;0;0;0;0;0;4248;0;0;133;0;122;0;
26045;5461102;1262084096;33566720;1446670336;0;0;0;0;0;0;0;0;0;0;0;3797;0;0;133;0;122;0;
26046;7791262;1262084096;33566720;1446670336;0;0;0;0;0;0;0;0;0;0;0;3336;0;0;133;0;122;0;
26047;3882892;1262084096;33566720;1446670336;0;0;0;0;0;0;0;0;0;0;0;3297;0;0;133;0;122;0;
26048;7929501;1262084096;33566720;1446670336;0;0;0;0;0;0;0;0;0;0;0;3707;0;0;133;0;122;0;
26049;5433200;1262084096;33566720;1446670336;0;0;0;0;0;0;0;0;0;0;0;3236;0;0;133;0;122;0;
26050;6743767;1262084096;33566720;1446670336;0;0;0;0;0;0;0;0;0;0;0;4418;0;0;133;0;122;0;
26051;4994527;1262084096;33566720;1446670336;0;0;0;0;0;0;0;0;0;0;0;3226;0;0;133;0;122;0;
26052;7091679;1262084096;33566720;1446670336;0;0;0;0;0;0;0;0;0;0;0;5691;0;0;133;0;122;0;
26053;5853087;1262084096;33566720;1446670336;0;0;0;0;0;0;0;0;0;0;0;3256;0;0;133;0;122;0;
26054;6124135;1262084096;33566720;1446670336;0;0;0;0;0;0;0;0;0;0;0;2835;0;0;133;0;122;0;
26055;5486329;1262084096;33566720;1446670336;0;0;0;0;0;0;0;0;0;0;0;3817;0;0;133;0;122;0;
26056;6346241;1262084096;33566720;1446670336;0;0;0;0;0;0;0;0;0;0;0;2896;0;0;133;0;122;0;
26057;6159802;1262084096;33566720;1446670336;0;0;0;0;0;0;0;0;0;0;0;3908;0;0;133;0;122;0;
26058;9053849;1262084096;33566720;1446670336;0;0;0;0;0;0;0;0;0;0;0;2515;0;0;133;0;122;0;
26059;6592053;1262084096;33566720;1446670336;0;0;0;0;0;0;0;0;0;0;0;3897;0;0;133;0;122;0;
26060;6498597;1262084096;33566720;1446670336;0;0;0;0;0;0;0;0;0;0;0;4077;0;0;133;0;122;0;
26061;5762988;1262084096;33566720;1446670336;0;0;0;0;0;0;0;0;0;0;0;3627;0;0;133;0;122;0;
26062;7819494;1262084096;33566720;1446670336;0;0;0;0;0;0;0;0;0;0;0;4528;0;0;133;0;122;0;
26063;5978181;1262084096;33566720;1446670336;0;0;0;0;0;0;0;0;0;0;0;3917;0;0;133;0;122;0;
26064;6779113;1262084096;33566720;1446670336;0;0;0;0;0;0;0;0;0;0;0;3126;0;0;133;0;122;0;
26065;5966169;1262084096;33566720;1446670336;0;0;0;0;0;0;0;0;0;0;0;3577;0;0;133;0;122;0;
26066;6368033;1262084096;33566720;1446670336;0;0;0;0;0;0;0;0;0;0;0;4077;0;0;133;0;122;0;
26067;6291139;1262084096;33566720;1446670336;0;0;0;0;0;0;0;0;0;0;0;4659;0;0;133;0;122;0;
26068;7936875;1262084096;33566720;1446670336;0;0;0;0;0;0;0;0;0;0;0;5781;0;0;133;0;122;0;
26069;5004154;1262084096;33566720;1446670336;0;0;0;0;0;0;0;0;0;0;0;3607;0;0;133;0;122;0;
26070;8719993;1262084096;33566720;1446670336;0;0;0;0;0;0;0;0;0;0;0;3497;0;0;133;0;122;0;
26071;5522236;1262084096;33566720;1446670336;0;0;0;0;0;0;0;0;0;0;0;4599;0;0;133;0;122;0;
26072;7332462;1262084096;33566720;1446670336;0;0;0;0;0;0;0;0;0;0;0;3426;0;0;133;0;122;0;
26073;4982915;1262084096;33566720;1446670336;0;0;0;0;0;0;0;0;0;0;0;3807;0;0;133;0;122;0;
26074;7955469;1262084096;33566720;1446670336;0;0;0;0;0;0;0;0;0;0;0;4068;0;0;133;0;122;0;
26075;4963468;1262084096;33566720;1446670336;0;0;0;0;0;0;0;0;0;0;0;3186;0;0;133;0;122;0;
26076;8204206;1262084096;33566720;1446670336;0;0;0;0;0;0;0;0;0;0;0;3286;0;0;133;0;122;0;
26077;5830895;1262084096;33566720;1446670336;0;0;0;0;0;0;0;0;0;0;0;4198;0;0;133;0;122;0;
26078;7352329;1262084096;33566720;1446670336;0;0;0;0;0;0;0;0;0;0;0;2795;0;0;133;0;122;0;
26079;5931564;1262084096;33566720;1446670336;0;0;0;0;0;0;0;0;0;0;0;3316;0;0;133;0;122;0;
26080;8370548;1262084096;33566720;1446670336;0;0;0;0;0;0;0;0;0;0;0;3977;0;0;133;0;122;0;
26081;6383131;1262084096;33566720;1446670336;0;0;0;0;0;0;0;0;0;0;0;3967;0;0;133;0;122;0;
26082;10090584;1262084096;33566720;1446670336;0;0;0;0;0;0;0;0;0;0;0;2975;0;0;133;0;122;0;
26083;4089830;1262084096;33566720;1446670336;0;0;0;0;0;0;0;0;0;0;0;3196;0;0;133;0;122;0;
26084;6106933;1262084096;33566720;1446670336;0;0;0;0;0;0;0;0;0;0;0;3968;0;0;133;0;122;0;
26085;5385680;1262084096;33566720;1446670336;0;0;0;0;0;0;0;0;0;0;0;4188;0;0;133;0;122;0;
26086;6817826;1262084096;33566720;1446670336;0;0;0;0;0;0;0;0;0;0;0;3947;0;0;133;0;122;0;
26087;14264391;1262084096;33566720;1446670336;0;0;0;0;0;0;0;0;0;0;0;3507;0;0;133;0;122;0;
26088;6323659;1262084096;33566720;1446670336;0;0;0;0;0;0;0;0;0;0;0;3807;0;0;133;0;122;0;
26089;6113655;1262084096;33566720;1446670336;0;0;0;0;0;0;0;0;0;0;0;4248;0;0;133;0;122;0;
26090;6343817;1262084096;33566720;1446670336;0;0;0;0;0;0;0;0;0;0;0;2905;0;0;133;0;122;0;
26091;6515950;1262084096;33566720;1446670336;0;0;0;0;0;0;0;0;0;0;0;3186;0;0;133;0;122;0;
26092;5835244;1262084096;33566720;1446670336;0;0;0;0;0;0;0;0;0;0;0;2715;0;0;133;0;122;0;
26093;5645728;1262084096;33566720;1446670336;0;0;0;0;0;0;0;0;0;0;0;3106;0;0;133;0;122;0;
26094;6673696;1262084096;33566720;1446670336;0;0;0;0;0;0;0;0;0;0;0;3627;0;0;133;0;122;0;
26095;4591470;1262084096;33566720;1446670336;0;0;0;0;0;0;0;0;0;0;0;3046;0;0;133;0;122;0;
26096;7119131;1262084096;33566720;1446670336;0;0;0;0;0;0;0;0;0;0;0;2936;0;0;133;0;122;0;
26097;6684325;1262084096;33566720;1446670336;0;0;0;0;0;0;0;0;0;0;0;2655;0;0;133;0;122;0;
26098;6537821;1262084096;33566720;1446670336;0;0;0;0;0;0;0;0;0;0;0;3096;0;0;133;0;122;0;
26099;5592218;1262084096;33566720;1446670336;0;0;0;0;0;0;0;0;0;0;0;2685;0;0;133;0;122;0;
26100;5303005;1262084096;33566720;1446670336;0;0;0;0;0;0;0;0;0;0;0;2585;0;0;133;0;122;0;
26101;5639737;1262084096;33566720;1446670336;0;0;0;0;0;0;0;0;0;0;0;3046;0;0;133;0;122;0;
26102;5933608;1262084096;33566720;1446670336;0;0;0;0;0;0;0;0;0;0;0;2394;0;0;133;0;122;0;
26103;4330071;1262084096;33566720;1446670336;0;0;0;0;0;0;0;0;0;0;0;2925;0;0;133;0;122;0;
26104;6007706;1262084096;33570816;1446674432;0;0;0;0;0;0;0;0;0;0;0;2826;0;0;133;0;122;0;
26105;3399245;1262084096;33574912;1446678528;0;0;0;0;0;0;0;0;0;0;0;2805;0;0;133;0;122;0;
26106;7067635;1262084096;33574912;1446678528;0;0;0;0;0;0;0;0;0;0;0;3286;0;0;133;0;122;0;
26107;4884270;1262084096;33574912;1446678528;0;0;0;0;0;0;0;0;0;0;0;3166;0;0;133;0;122;0;
26108;6038264;1262084096;33574912;1446678528;0;0;0;0;0;0;0;0;0;0;0;3226;0;0;133;0;122;0;
26109;4241785;1262084096;33574912;1446678528;0;0;0;0;0;0;0;0;0;0;0;3096;0;0;133;0;122;0;
26110;5233375;1262084096;33574912;1446678528;0;0;0;0;0;0;0;0;0;0;0;3246;0;0;133;0;122;0;
26111;3256858;1262084096;33566720;1446670336;0;0;0;0;0;0;0;0;0;0;0;3656;0;0;133;0;122;0;
26112;6223392;1262084096;33566720;1446670336;0;0;0;0;0;0;0;0;0;0;0;2895;0;0;133;0;122;0;
26113;4196921;1262084096;33566720;1446670336;0;0;0;0;0;0;0;0;0;0;0;3787;0;0;133;0;122;0;
26114;7304959;1262084096;33566720;1446670336;0;0;0;0;0;0;0;0;0;0;0;3296;0;0;133;0;122;0;
26115;3470689;1262084096;33566720;1446670336;0;0;0;0;0;0;0;0;0;0;0;2915;0;0;133;0;122;0;
26116;5533477;1262084096;33566720;1446670336;0;0;0;0;0;0;0;0;0;0;0;1924;0;0;133;0;122;0;
26117;4729981;1262084096;33566720;1446670336;0;0;0;0;0;0;0;0;0;0;0;2976;0;0;133;0;122;0;
26118;5460310;1262084096;33566720;1446670336;0;0;0;0;0;0;0;0;0;0;0;2354;0;0;133;0;122;0;
26119;4053562;1262084096;33566720;1446670336;0;0;0;0;0;0;0;0;0;0;0;2865;0;0;133;0;122;0;
26120;5418592;1262084096;33566720;1446670336;0;0;0;0;0;0;0;0;0;0;0;2715;0;0;133;0;122;0;
26121;3843949;1262084096;33566720;1446670336;0;0;0;0;0;0;0;0;0;0;0;2955;0;0;133;0;122;0;
26122;6536538;1262084096;33566720;1446670336;0;0;0;0;0;0;0;0;0;0;0;2234;0;0;133;0;122;0;
26123;3818681;1262084096;33566720;1446670336;0;0;0;0;0;0;0;0;0;0;0;3036;0;0;133;0;122;0;
26124;5967752;1262084096;33566720;1446670336;0;0;0;0;0;0;0;0;0;0;0;2354;0;0;133;0;122;0;
26125;4591451;1262084096;33566720;1446670336;0;0;0;0;0;0;0;0;0;0;0;3166;0;0;133;0;122;0;
26126;5659684;1262084096;33566720;1446670336;0;0;0;0;0;0;0;0;0;0;0;2936;0;0;133;0;122;0;
26127;4441569;1262084096;33566720;1446670336;0;0;0;0;0;0;0;0;0;0;0;3486;0;0;133;0;122;0;
26128;5976709;1262084096;33566720;1446670336;0;0;0;0;0;0;0;0;0;0;0;2875;0;0;133;0;122;0;
26129;4363142;1262084096;33566720;1446670336;0;0;0;0;0;0;0;0;0;0;0;3637;0;0;133;0;122;0;
26130;5158785;1262084096;33566720;1446670336;0;0;0;0;0;0;0;0;0;0;0;2825;0;0;133;0;122;0;
26131;4087054;1262084096;33566720;1446670336;0;0;0;0;0;0;0;0;0;0;0;2475;0;0;133;0;122;0;
26132;4849074;1262084096;33566720;1446670336;0;0;0;0;0;0;0;0;0;0;0;2224;0;0;133;0;122;0;
26133;4889590;1262084096;33566720;1446670336;0;0;0;0;0;0;0;0;0;0;0;3547;0;0;133;0;122;0;
26134;5097841;1262084096;33566720;1446670336;0;0;0;0;0;0;0;0;0;0;0;2986;0;0;133;0;122;0;
26135;3983150;1262084096;33566720;1446670336;0;0;0;0;0;0;0;0;0;0;0;2605;0;0;133;0;122;0;
26136;5778668;1262084096;33566720;1446670336;0;0;0;0;0;0;0;0;0;0;0;2975;0;0;133;0;122;0;
26137;3629266;1262084096;33566720;1446670336;0;0;0;0;0;0;0;0;0;0;0;3005;0;0;133;0;122;0;
26138;5579003;1262084096;33566720;1446670336;0;0;0;0;0;0;0;0;0;0;0;2885;0;0;133;0;122;0;
26139;4059553;1262084096;33566720;1446670336;0;0;0;0;0;0;0;0;0;0;0;3266;0;0;133;0;122;0;
26140;4994847;1262084096;33566720;1446670336;0;0;0;0;0;0;0;0;0;0;0;2705;0;0;133;0;122;0;
26141;4629171;1262084096;33566720;1446670336;0;0;0;0;0;0;0;0;0;0;0;33002;0;0;133;0;122;0;
26142;5300892;1262084096;33566720;1446670336;0;0;0;0;0;0;0;0;0;0;0;3276;0;0;133;0;122;0;
26143;3863936;1262084096;33566720;1446670336;0;0;0;0;0;0;0;0;0;0;0;2765;0;0;133;0;122;0;
26144;6298071;1262084096;33566720;1446670336;0;0;0;0;0;0;0;0;0;0;0;2024;0;0;133;0;122;0;
26145;4627358;1262084096;33566720;1446670336;0;0;0;0;0;0;0;0;0;0;0;2746;0;0;133;0;122;0;
26146;5398434;1262084096;33566720;1446670336;0;0;0;0;0;0;0;0;0;0;0;2294;0;0;133;0;122;0;
26147;4287742;1262084096;33566720;1446670336;0;0;0;0;0;0;0;0;0;0;0;3116;0;0;133;0;122;0;
26148;6480674;1262084096;33566720;1446670336;0;0;0;0;0;0;0;0;0;0;0;2445;0;0;133;0;122;0;
26149;4019378;1262084096;33566720;1446670336;0;0;0;0;0;0;0;0;0;0;0;3126;0;0;133;0;122;0;
26150;6191922;1262084096;33566720;1446670336;0;0;0;0;0;0;0;0;0;0;0;2535;0;0;133;0;122;0;
26151;3183771;1262084096;33566720;1446670336;0;0;0;0;0;0;0;0;0;0;0;3136;0;0;133;0;122;0;
26152;5092871;1262084096;33566720;1446670336;0;0;0;0;0;0;0;0;0;0;0;2244;0;0;133;0;122;0;
26153;3869577;1262084096;33566720;1446670336;0;0;0;0;0;0;0;0;0;0;0;3256;0;0;133;0;122;0;
26154;5193129;1262084096;33566720;1446670336;0;0;0;0;0;0;0;0;0;0;0;2575;0;0;133;0;122;0;
26155;4087936;1262084096;33566720;1446670336;0;0;0;0;0;0;0;0;0;0;0;36128;0;0;133;0;122;0;
26156;6002497;1262084096;33566720;1446670336;0;0;0;0;0;0;0;0;0;0;0;2585;0;0;133;0;122;0;
26157;3969394;1262084096;33566720;1446670336;0;0;0;0;0;0;0;0;0;0;0;3577;0;0;133;0;122;0;
26158;6337505;1262084096;33566720;1446670336;0;0;0;0;0;0;0;0;0;0;0;2484;0;0;133;0;122;0;
26159;4162135;1262084096;33566720;1446670336;0;0;0;0;0;0;0;0;0;0;0;3376;0;0;133;0;122;0;
26160;6880864;1262084096;33566720;1446670336;0;0;0;0;0;0;0;0;0;0;0;3026;0;0;133;0;122;0;
26161;4373863;1262084096;33566720;1446670336;0;0;0;0;0;0;0;0;0;0;0;3527;0;0;133;0;122;0;
26162;6291279;1262084096;33566720;1446670336;0;0;0;0;0;0;0;0;0;0;0;2605;0;0;133;0;122;0;
26163;3620289;1262084096;33566720;1446670336;0;0;0;0;0;0;0;0;0;0;0;2645;0;0;133;0;122;0;
26164;5886279;1262084096;33566720;1446670336;0;0;0;0;0;0;0;0;0;0;0;2074;0;0;133;0;122;0;
26165;4238489;1262084096;33566720;1446670336;0;0;0;0;0;0;0;0;0;0;0;2716;0;0;133;0;122;0;
26166;6155153;1262084096;33566720;1446670336;0;0;0;0;0;0;0;0;0;0;0;2615;0;0;133;0;122;0;
26167;4383420;1262084096;33566720;1446670336;0;0;0;0;0;0;0;0;0;0;0;3256;0;0;133;0;122;0;
26168;6758415;1262084096;33566720;1446670336;0;0;0;0;0;0;0;0;0;0;0;2965;0;0;133;0;122;0;
26169;3864667;1262084096;33566720;1446670336;0;0;0;0;0;0;0;0;0;0;0;3186;0;0;133;0;122;0;
26170;5549277;1262084096;33566720;1446670336;0;0;0;0;0;0;0;0;0;0;0;2845;0;0;133;0;122;0;
26171;4129445;1262084096;33566720;1446670336;0;0;0;0;0;0;0;0;0;0;0;3387;0;0;133;0;122;0;
26172;5566409;1262084096;33566720;1446670336;0;0;0;0;0;0;0;0;0;0;0;2505;0;0;133;0;122;0;
26173;4032733;1262084096;33566720;1446670336;0;0;0;0;0;0;0;0;0;0;0;3196;0;0;133;0;122;0;
26174;5819243;1262084096;33566720;1446670336;0;0;0;0;0;0;0;0;0;0;0;2595;0;0;133;0;122;0;
26175;4072297;1262084096;33566720;1446670336;0;0;0;0;0;0;0;0;0;0;0;3066;0;0;133;0;122;0;
26176;5694148;1262084096;33566720;1446670336;0;0;0;0;0;0;0;0;0;0;0;2635;0;0;133;0;122;0;
26177;5781673;1262084096;33566720;1446670336;0;0;0;0;0;0;0;0;0;0;0;3596;0;0;133;0;122;0;
26178;5916236;1262084096;33566720;1446670336;0;0;0;0;0;0;0;0;0;0;0;2295;0;0;133;0;122;0;
26179;4553189;1262084096;33566720;1446670336;0;0;0;0;0;0;0;0;0;0;0;2515;0;0;133;0;122;0;
26180;5945531;1262084096;33566720;1446670336;0;0;0;0;0;0;0;0;0;0;0;2996;0;0;133;0;122;0;
26181;5397583;1262084096;33566720;1446670336;0;0;0;0;0;0;0;0;0;0;0;2956;0;0;133;0;122;0;
26182;6694896;1262084096;33566720;1446670336;0;0;0;0;0;0;0;0;0;0;0;4227;0;0;133;0;122;0;
26183;6527552;1262084096;33566720;1446670336;0;0;0;0;0;0;0;0;0;0;0;4218;0;0;133;0;122;0;
26184;8382490;1262084096;33566720;1446670336;0;0;0;0;0;0;0;0;0;0;0;4438;0;0;133;0;122;0;
26185;4662594;1262084096;33566720;1446670336;0;0;0;0;0;0;0;0;0;0;0;4358;0;0;133;0;122;0;
26186;7500917;1262084096;33566720;1446670336;0;0;0;0;0;0;0;0;0;0;0;4178;0;0;133;0;122;0;
26187;4204656;1262084096;33566720;1446670336;0;0;0;0;0;0;0;0;0;0;0;5050;0;0;133;0;122;0;
26188;6211439;1262084096;33566720;1446670336;0;0;0;0;0;0;0;0;0;0;0;4448;0;0;133;0;122;0;
26189;3876630;1262084096;33566720;1446670336;0;0;0;0;0;0;0;0;0;0;0;4990;0;0;133;0;122;0;
26190;8061909;1262084096;33566720;1446670336;0;0;0;0;0;0;0;0;0;0;0;4719;0;0;133;0;122;0;
26191;8169832;1262084096;33566720;1446670336;0;0;0;0;0;0;0;0;0;0;0;4288;0;0;133;0;122;0;
26192;7928399;1262084096;33566720;1446670336;0;0;0;0;0;0;0;0;0;0;0;4899;0;0;133;0;122;0;
26193;5146651;1262084096;33566720;1446670336;0;0;0;0;0;0;0;0;0;0;0;3416;0;0;133;0;122;0;
26194;6574921;1262084096;33566720;1446670336;0;0;0;0;0;0;0;0;0;0;0;3737;0;0;133;0;122;0;
26195;6045939;1262084096;33566720;1446670336;0;0;0;0;0;0;0;0;0;0;0;4758;0;0;133;0;122;0;
26196;7190986;1262084096;33566720;1446670336;0;0;0;0;0;0;0;0;0;0;0;207920;0;0;133;0;122;0;
26197;4190669;1262084096;33570816;1446674432;0;0;0;0;0;0;0;0;0;0;0;3196;0;0;133;0;122;0;
26198;8083129;1262084096;33570816;1446674432;0;0;0;0;0;0;0;0;0;0;0;4939;0;0;133;0;122;0;
26199;6261413;1262084096;33570816;1446674432;0;0;0;0;0;0;0;0;0;0;0;4328;0;0;133;0;122;0;
26200;6459925;1262084096;33570816;1446674432;0;0;0;0;0;0;0;0;0;0;0;3567;0;0;133;0;122;0;
26201;6050808;1262084096;33570816;1446674432;0;0;0;0;0;0;0;0;0;0;0;3497;0;0;133;0;122;0;
26202;6848033;1262084096;33570816;1446674432;0;0;0;0;0;0;0;0;0;0;0;3697;0;0;133;0;122;0;
26203;5176639;1262084096;33570816;1446674432;0;0;0;0;0;0;0;0;0;0;0;3798;0;0;133;0;122;0;
26204;7114993;1262084096;33570816;1446674432;0;0;0;0;0;0;0;0;0;0;0;3467;0;0;133;0;122;0;
26205;4654719;1262084096;33566720;1446670336;0;0;0;0;0;0;0;0;0;0;0;2986;0;0;133;0;122;0;
26206;6737505;1262084096;33566720;1446670336;0;0;0;0;0;0;0;0;0;0;0;3476;0;0;133;0;122;0;
26207;3936663;1262084096;33566720;1446670336;0;0;0;0;0;0;0;0;0;0;0;3647;0;0;133;0;122;0;
26208;7483264;1262084096;33566720;1446670336;0;0;0;0;0;0;0;0;0;0;0;4398;0;0;133;0;122;0;
26209;4407897;1262084096;33566720;1446670336;0;0;0;0;0;0;0;0;0;0;0;3106;0;0;133;0;122;0;
26210;7069388;1262084096;33566720;1446670336;0;0;0;0;0;0;0;0;0;0;0;3136;0;0;133;0;122;0;
26211;3223675;1262084096;33566720;1446670336;0;0;0;0;0;0;0;0;0;0;0;4088;0;0;133;0;122;0;
26212;8735021;1262084096;33566720;1446670336;0;0;0;0;0;0;0;0;0;0;0;3727;0;0;133;0;122;0;
26213;5190885;1262084096;33566720;1446670336;0;0;0;0;0;0;0;0;0;0;0;3386;0;0;133;0;122;0;
26214;5898783;1262084096;33566720;1446670336;0;0;0;0;0;0;0;0;0;0;0;2845;0;0;133;0;122;0;
26215;3785289;1262084096;33566720;1446670336;0;0;0;0;0;0;0;0;0;0;0;2915;0;0;133;0;122;0;
26216;6053764;1262084096;33566720;1446670336;0;0;0;0;0;0;0;0;0;0;0;3336;0;0;133;0;122;0;
26217;4482467;1262084096;33566720;1446670336;0;0;0;0;0;0;0;0;0;0;0;3527;0;0;133;0;122;0;
26218;6742324;1262084096;33566720;1446670336;0;0;0;0;0;0;0;0;0;0;0;3747;0;0;133;0;122;0;
26219;4421362;1262084096;33566720;1446670336;0;0;0;0;0;0;0;0;0;0;0;4298;0;0;133;0;122;0;
26220;6732637;1262084096;33566720;1446670336;0;0;0;0;0;0;0;0;0;0;0;3577;0;0;133;0;122;0;
26221;3950369;1262084096;33566720;1446670336;0;0;0;0;0;0;0;0;0;0;0;4589;0;0;133;0;122;0;
26222;6903577;1262084096;33566720;1446670336;0;0;0;0;0;0;0;0;0;0;0;4608;0;0;133;0;122;0;
26223;4517753;1262084096;33566720;1446670336;0;0;0;0;0;0;0;0;0;0;0;3407;0;0;133;0;122;0;
26224;5902469;1262084096;33566720;1446670336;0;0;0;0;0;0;0;0;0;0;0;3437;0;0;133;0;122;0;
26225;4119245;1262084096;33566720;1446670336;0;0;0;0;0;0;0;0;0;0;0;3998;0;0;133;0;122;0;
26226;6065124;1262084096;33566720;1446670336;0;0;0;0;0;0;0;0;0;0;0;3977;0;0;133;0;122;0;
26227;5444981;1262084096;33566720;1446670336;0;0;0;0;0;0;0;0;0;0;0;3126;0;0;133;0;122;0;
26228;5501928;1262084096;33566720;1446670336;0;0;0;0;0;0;0;0;0;0;0;2625;0;0;133;0;122;0;
26229;2860495;1262084096;33566720;1446670336;0;0;0;0;0;0;0;0;0;0;0;3456;0;0;133;0;122;0;
26230;5168844;1262084096;33566720;1446670336;0;0;0;0;0;0;0;0;0;0;0;2805;0;0;133;0;122;0;
26231;4324500;1262084096;33566720;1446670336;0;0;0;0;0;0;0;0;0;0;0;2474;0;0;133;0;122;0;
26232;5401350;1262084096;33566720;1446670336;0;0;0;0;0;0;0;0;0;0;0;2535;0;0;133;0;122;0;
26233;3427508;1262084096;33566720;1446670336;0;0;0;0;0;0;0;0;0;0;0;3105;0;0;133;0;122;0;
26234;5375902;1262084096;33566720;1446670336;0;0;0;0;0;0;0;0;0;0;0;2735;0;0;133;0;122;0;
26235;4952969;1262084096;33566720;1446670336;0;0;0;0;0;0;0;0;0;0;0;3176;0;0;133;0;122;0;
26236;5061933;1262084096;33566720;1446670336;0;0;0;0;0;0;0;0;0;0;0;2685;0;0;133;0;122;0;
26237;3766614;1262084096;33566720;1446670336;0;0;0;0;0;0;0;0;0;0;0;3657;0;0;133;0;122;0;
26238;5776794;1262084096;33566720;1446670336;0;0;0;0;0;0;0;0;0;0;0;3106;0;0;133;0;122;0;
26239;4121519;1262084096;33566720;1446670336;0;0;0;0;0;0;0;0;0;0;0;2785;0;0;133;0;122;0;
26240;6491544;1262084096;33566720;1446670336;0;0;0;0;0;0;0;0;0;0;0;2745;0;0;133;0;122;0;
26241;4689965;1262084096;33566720;1446670336;0;0;0;0;0;0;0;0;0;0;0;3607;0;0;133;0;122;0;
26242;5846023;1262084096;33566720;1446670336;0;0;0;0;0;0;0;0;0;0;0;2775;0;0;133;0;122;0;
26243;3201765;1262084096;33566720;1446670336;0;0;0;0;0;0;0;0;0;0;0;3246;0;0;133;0;122;0;
26244;5580155;1262084096;33566720;1446670336;0;0;0;0;0;0;0;0;0;0;0;2315;0;0;133;0;122;0;
26245;3218316;1262084096;33566720;1446670336;0;0;0;0;0;0;0;0;0;0;0;3527;0;0;133;0;122;0;
26246;5789387;1262084096;33566720;1446670336;0;0;0;0;0;0;0;0;0;0;0;2895;0;0;133;0;122;0;
26247;4368804;1262084096;33566720;1446670336;0;0;0;0;0;0;0;0;0;0;0;3437;0;0;133;0;122;0;
26248;6235143;1262084096;33566720;1446670336;0;0;0;0;0;0;0;0;0;0;0;3075;0;0;133;0;122;0;
26249;3831315;1262084096;33566720;1446670336;0;0;0;0;0;0;0;0;0;0;0;3467;0;0;133;0;122;0;
26250;6173597;1262084096;33566720;1446670336;0;0;0;0;0;0;0;0;0;0;0;2565;0;0;133;0;122;0;
26251;3630048;1262084096;33566720;1446670336;0;0;0;0;0;0;0;0;0;0;0;3567;0;0;133;0;122;0;
26252;6038975;1262084096;33566720;1446670336;0;0;0;0;0;0;0;0;0;0;0;3076;0;0;133;0;122;0;
26253;4931218;1262084096;33566720;1446670336;0;0;0;0;0;0;0;0;0;0;0;2645;0;0;133;0;122;0;
26254;5510073;1262084096;33566720;1446670336;0;0;0;0;0;0;0;0;0;0;0;2605;0;0;133;0;122;0;
26255;3842636;1262084096;33566720;1446670336;0;0;0;0;0;0;0;0;0;0;0;3236;0;0;133;0;122;0;
26256;5718805;1262084096;33566720;1446670336;0;0;0;0;0;0;0;0;0;0;0;2786;0;0;133;0;122;0;
26257;3023119;1262084096;33566720;1446670336;0;0;0;0;0;0;0;0;0;0;0;3426;0;0;133;0;122;0;
26258;5354001;1262084096;33566720;1446670336;0;0;0;0;0;0;0;0;0;0;0;3086;0;0;133;0;122;0;
26259;4067949;1262084096;33566720;1446670336;0;0;0;0;0;0;0;0;0;0;0;3457;0;0;133;0;122;0;
26260;5274432;1262084096;33566720;1446670336;0;0;0;0;0;0;0;0;0;0;0;2484;0;0;133;0;122;0;
26261;4020189;1262084096;33566720;1446670336;0;0;0;0;0;0;0;0;0;0;0;3437;0;0;133;0;122;0;
26262;6192032;1262084096;33566720;1446670336;0;0;0;0;0;0;0;0;0;0;0;3466;0;0;133;0;122;0;
26263;3557191;1262084096;33566720;1446670336;0;0;0;0;0;0;0;0;0;0;0;3606;0;0;133;0;122;0;
26264;5643664;1262084096;33566720;1446670336;0;0;0;0;0;0;0;0;0;0;0;2905;0;0;133;0;122;0;
26265;4150975;1262084096;33566720;1446670336;0;0;0;0;0;0;0;0;0;0;0;3276;0;0;133;0;122;0;
26266;5512608;1262084096;33566720;1446670336;0;0;0;0;0;0;0;0;0;0;0;2394;0;0;133;0;122;0;
26267;2885401;1262084096;33566720;1446670336;0;0;0;0;0;0;0;0;0;0;0;3366;0;0;133;0;122;0;
26268;5631582;1262084096;33566720;1446670336;0;0;0;0;0;0;0;0;0;0;0;2605;0;0;133;0;122;0;
26269;3486399;1262084096;33566720;1446670336;0;0;0;0;0;0;0;0;0;0;0;3026;0;0;133;0;122;0;
26270;4871065;1262084096;33566720;1446670336;0;0;0;0;0;0;0;0;0;0;0;2845;0;0;133;0;122;0;
26271;3610000;1262084096;33566720;1446670336;0;0;0;0;0;0;0;0;0;0;0;145653;0;0;133;0;122;0;
26272;5119612;1262084096;33566720;1446670336;0;0;0;0;0;0;0;0;0;0;0;2514;0;0;133;0;122;0;
26273;3046864;1262084096;33570816;1446674432;0;0;0;0;0;0;0;0;0;0;0;3467;0;0;133;0;122;0;
26274;5364410;1262084096;33570816;1446674432;0;0;0;0;0;0;0;0;0;0;0;3016;0;0;133;0;122;0;
26275;16667247;1262084096;33570816;1446674432;0;0;0;0;0;0;0;0;0;0;0;3447;0;0;133;0;122;0;
26276;5677878;1262084096;33570816;1446674432;0;0;0;0;0;0;0;0;0;0;0;3066;0;0;133;0;122;0;
26277;5494525;1262084096;33570816;1446674432;0;0;0;0;0;0;0;0;0;0;0;4248;0;0;133;0;122;0;
26278;5571449;1262084096;33570816;1446674432;0;0;0;0;0;0;0;0;0;0;0;2846;0;0;133;0;122;0;
26279;4718880;1262084096;33570816;1446674432;0;0;0;0;0;0;0;0;0;0;0;4298;0;0;133;0;122;0;
26280;5662630;1262084096;33570816;1446674432;0;0;0;0;0;0;0;0;0;0;0;3697;0;0;133;0;122;0;
26281;4290857;1262084096;33570816;1446674432;0;0;0;0;0;0;0;0;0;0;0;3417;0;0;133;0;122;0;
26282;5866672;1262084096;33570816;1446674432;0;0;0;0;0;0;0;0;0;0;0;2916;0;0;133;0;122;0;
26283;4743225;1262084096;33570816;1446674432;0;0;0;0;0;0;0;0;0;0;0;2996;0;0;133;0;122;0;
26284;5515914;1262084096;33570816;1446674432;0;0;0;0;0;0;0;0;0;0;0;2765;0;0;133;0;122;0;
26285;4126909;1262084096;33570816;1446674432;0;0;0;0;0;0;0;0;0;0;0;4398;0;0;133;0;122;0;
26286;5673550;1262084096;33570816;1446674432;0;0;0;0;0;0;0;0;0;0;0;3186;0;0;133;0;122;0;
26287;3060239;1262084096;33570816;1446674432;0;0;0;0;0;0;0;0;0;0;0;4168;0;0;133;0;122;0;
26288;5339293;1262084096;33570816;1446674432;0;0;0;0;0;0;0;0;0;0;0;3467;0;0;133;0;122;0;
26289;3386200;1262084096;33570816;1446674432;0;0;0;0;0;0;0;0;0;0;0;3276;0;0;133;0;122;0;
26290;6035759;1262084096;33570816;1446674432;0;0;0;0;0;0;0;0;0;0;0;2805;0;0;133;0;122;0;
26291;3976798;1262084096;33570816;1446674432;0;0;0;0;0;0;0;0;0;0;0;3998;0;0;133;0;122;0;
26292;5216864;1262084096;33570816;1446674432;0;0;0;0;0;0;0;0;0;0;0;3496;0;0;133;0;122;0;
26293;4707749;1262084096;33570816;1446674432;0;0;0;0;0;0;0;0;0;0;0;3336;0;0;133;0;122;0;
26294;5833069;1262084096;33570816;1446674432;0;0;0;0;0;0;0;0;0;0;0;3406;0;0;133;0;122;0;
26295;4308671;1262084096;33570816;1446674432;0;0;0;0;0;0;0;0;0;0;0;3366;0;0;133;0;122;0;
26296;6853002;1262084096;33574912;1446678528;0;0;0;0;0;0;0;0;0;0;0;3927;0;0;133;0;122;0;
26297;4067999;1262084096;33579008;1446682624;0;0;0;0;0;0;0;0;0;0;0;3427;0;0;133;0;122;0;
26298;6187664;1262084096;33579008;1446682624;0;0;0;0;0;0;0;0;0;0;0;2946;0;0;133;0;122;0;
26299;3824091;1262084096;33579008;1446682624;0;0;0;0;0;0;0;0;0;0;0;3707;0;0;133;0;122;0;
26300;4954903;1262084096;33579008;1446682624;0;0;0;0;0;0;0;0;0;0;0;2805;0;0;133;0;122;0;
26301;5288728;1262084096;33579008;1446682624;0;0;0;0;0;0;0;0;0;0;0;3837;0;0;133;0;122;0;
26302;5484856;1262084096;33579008;1446682624;0;0;0;0;0;0;0;0;0;0;0;3357;0;0;133;0;122;0;
26303;4190318;1262088192;33570816;1446674432;0;0;0;0;0;0;0;0;0;0;0;3066;0;0;133;0;122;0;
26304;5925663;1262088192;33570816;1446674432;0;0;0;0;0;0;0;0;0;0;0;2625;0;0;133;0;122;0;
26305;5130362;1262088192;33570816;1446674432;0;0;0;0;0;0;0;0;0;0;0;3206;0;0;133;0;122;0;
26306;6074662;1262088192;33570816;1446674432;0;0;0;0;0;0;0;0;0;0;0;2835;0;0;133;0;122;0;
26307;3835312;1262088192;33570816;1446674432;0;0;0;0;0;0;0;0;0;0;0;4268;0;0;133;0;122;0;
26308;5371113;1262088192;33570816;1446674432;0;0;0;0;0;0;0;0;0;0;0;2915;0;0;133;0;122;0;
26309;3661546;1262088192;33570816;1446674432;0;0;0;0;0;0;0;0;0;0;0;3016;0;0;133;0;122;0;
26310;4943661;1262088192;33570816;1446674432;0;0;0;0;0;0;0;0;0;0;0;2725;0;0;133;0;122;0;
26311;3545089;1262088192;33570816;1446674432;0;0;0;0;0;0;0;0;0;0;0;3316;0;0;133;0;122;0;
26312;5482462;1262088192;33570816;1446674432;0;0;0;0;0;0;0;0;0;0;0;2615;0;0;133;0;122;0;
26313;3356926;1262088192;33570816;1446674432;0;0;0;0;0;0;0;0;0;0;0;3066;0;0;133;0;122;0;
26314;5097340;1262088192;33570816;1446674432;0;0;0;0;0;0;0;0;0;0;0;3547;0;0;133;0;122;0;
26315;4059463;1262088192;33570816;1446674432;0;0;0;0;0;0;0;0;0;0;0;3006;0;0;133;0;122;0;
26316;4815942;1262088192;33570816;1446674432;0;0;0;0;0;0;0;0;0;0;0;2735;0;0;133;0;122;0;
26317;4733087;1262088192;33570816;1446674432;0;0;0;0;0;0;0;0;0;0;0;4198;0;0;133;0;122;0;
26318;4798679;1262088192;33570816;1446674432;0;0;0;0;0;0;0;0;0;0;0;2915;0;0;133;0;122;0;
26319;4243087;1262088192;33570816;1446674432;0;0;0;0;0;0;0;0;0;0;0;3276;0;0;133;0;122;0;
26320;5197628;1262088192;33570816;1446674432;0;0;0;0;0;0;0;0;0;0;0;2795;0;0;133;0;122;0;
26321;3341517;1262088192;33570816;1446674432;0;0;0;0;0;0;0;0;0;0;0;3145;0;0;133;0;122;0;
26322;6004060;1262088192;33570816;1446674432;0;0;0;0;0;0;0;0;0;0;0;3006;0;0;133;0;122;0;
26323;2778771;1262088192;33570816;1446674432;0;0;0;0;0;0;0;0;0;0;0;3156;0;0;133;0;122;0;
26324;5912739;1262088192;33570816;1446674432;0;0;0;0;0;0;0;0;0;0;0;2845;0;0;133;0;122;0;
26325;3200472;1262088192;33570816;1446674432;0;0;0;0;0;0;0;0;0;0;0;3156;0;0;133;0;122;0;
26326;5079166;1262088192;33570816;1446674432;0;0;0;0;0;0;0;0;0;0;0;2394;0;0;133;0;122;0;
26327;3881459;1262088192;33570816;1446674432;0;0;0;0;0;0;0;0;0;0;0;4378;0;0;133;0;122;0;
26328;4775756;1262088192;33570816;1446674432;0;0;0;0;0;0;0;0;0;0;0;3346;0;0;133;0;122;0;
26329;5486700;1262088192;33570816;1446674432;0;0;0;0;0;0;0;0;0;0;0;3497;0;0;133;0;122;0;
26330;5037097;1262088192;33570816;1446674432;0;0;0;0;0;0;0;0;0;0;0;3446;0;0;133;0;122;0;
26331;3099413;1262088192;33570816;1446674432;0;0;0;0;0;0;0;0;0;0;0;3457;0;0;133;0;122;0;
26332;5312723;1262088192;33570816;1446674432;0;0;0;0;0;0;0;0;0;0;0;2725;0;0;133;0;122;0;
26333;3492570;1262088192;33570816;1446674432;0;0;0;0;0;0;0;0;0;0;0;2675;0;0;133;0;122;0;
26334;5126714;1262088192;33570816;1446674432;0;0;0;0;0;0;0;0;0;0;0;2826;0;0;133;0;122;0;
26335;4234721;1262088192;33570816;1446674432;0;0;0;0;0;0;0;0;0;0;0;2785;0;0;133;0;122;0;
26336;6239161;1262088192;33570816;1446674432;0;0;0;0;0;0;0;0;0;0;0;3276;0;0;133;0;122;0;
26337;4607370;1262088192;33570816;1446674432;0;0;0;0;0;0;0;0;0;0;0;3015;0;0;133;0;122;0;
26338;4922041;1262088192;33570816;1446674432;0;0;0;0;0;0;0;0;0;0;0;2525;0;0;133;0;122;0;
26339;3908831;1262088192;33570816;1446674432;0;0;0;0;0;0;0;0;0;0;0;2605;0;0;133;0;122;0;
26340;5775150;1262088192;33570816;1446674432;0;0;0;0;0;0;0;0;0;0;0;2594;0;0;133;0;122;0;
26341;3252099;1262088192;33570816;1446674432;0;0;0;0;0;0;0;0;0;0;0;3496;0;0;133;0;122;0;
26342;6769115;1262088192;33570816;1446674432;0;0;0;0;0;0;0;0;0;0;0;3186;0;0;133;0;122;0;
26343;2799340;1262088192;33570816;1446674432;0;0;0;0;0;0;0;0;0;0;0;3747;0;0;133;0;122;0;
26344;5959126;1262088192;33570816;1446674432;0;0;0;0;0;0;0;0;0;0;0;2655;0;0;133;0;122;0;
26345;3450341;1262088192;33570816;1446674432;0;0;0;0;0;0;0;0;0;0;0;3276;0;0;133;0;122;0;
26346;6600759;1262088192;33570816;1446674432;0;0;0;0;0;0;0;0;0;0;0;3626;0;0;133;0;122;0;
26347;4237066;1262088192;33570816;1446674432;0;0;0;0;0;0;0;0;0;0;0;4038;0;0;133;0;122;0;
26348;5508701;1262088192;33570816;1446674432;0;0;0;0;0;0;0;0;0;0;0;2946;0;0;133;0;122;0;
26349;4578867;1262088192;33570816;1446674432;0;0;0;0;0;0;0;0;0;0;0;4037;0;0;133;0;122;0;
26350;5675333;1262088192;33570816;1446674432;0;0;0;0;0;0;0;0;0;0;0;4037;0;0;133;0;122;0;
26351;3663410;1262088192;33570816;1446674432;0;0;0;0;0;0;0;0;0;0;0;3266;0;0;133;0;122;0;
26352;6146928;1262088192;33570816;1446674432;0;0;0;0;0;0;0;0;0;0;0;4027;0;0;133;0;122;0;
26353;3874136;1262088192;33570816;1446674432;0;0;0;0;0;0;0;0;0;0;0;3186;0;0;133;0;122;0;
26354;6754357;1262088192;33570816;1446674432;0;0;0;0;0;0;0;0;0;0;0;2715;0;0;133;0;122;0;
26355;3892690;1262088192;33570816;1446674432;0;0;0;0;0;0;0;0;0;0;0;2976;0;0;133;0;122;0;
26356;6871106;1262088192;33570816;1446674432;0;0;0;0;0;0;0;0;0;0;0;3196;0;0;133;0;122;0;
26357;3177840;1262088192;33570816;1446674432;0;0;0;0;0;0;0;0;0;0;0;3397;0;0;133;0;122;0;
26358;5800598;1262088192;33570816;1446674432;0;0;0;0;0;0;0;0;0;0;0;3266;0;0;133;0;122;0;
26359;3600813;1262088192;33570816;1446674432;0;0;0;0;0;0;0;0;0;0;0;3247;0;0;133;0;122;0;
26360;6068220;1262088192;33570816;1446674432;0;0;0;0;0;0;0;0;0;0;0;2575;0;0;133;0;122;0;
26361;4666552;1262088192;33570816;1446674432;0;0;0;0;0;0;0;0;0;0;0;3737;0;0;133;0;122;0;
26362;5981668;1262088192;33570816;1446674432;0;0;0;0;0;0;0;0;0;0;0;2856;0;0;133;0;122;0;
26363;3890166;1262088192;33570816;1446674432;0;0;0;0;0;0;0;0;0;0;0;4047;0;0;133;0;122;0;
26364;5513630;1262088192;33570816;1446674432;0;0;0;0;0;0;0;0;0;0;0;2354;0;0;133;0;122;0;
26365;4846219;1262088192;33570816;1446674432;0;0;0;0;0;0;0;0;0;0;0;3827;0;0;133;0;122;0;
26366;5876090;1262088192;33570816;1446674432;0;0;0;0;0;0;0;0;0;0;0;2956;0;0;133;0;122;0;
26367;3478975;1262088192;33570816;1446674432;0;0;0;0;0;0;0;0;0;0;0;3326;0;0;133;0;122;0;
26368;5823481;1262088192;33570816;1446674432;0;0;0;0;0;0;0;0;0;0;0;3116;0;0;133;0;122;0;
26369;4129805;1262088192;33570816;1446674432;0;0;0;0;0;0;0;0;0;0;0;3817;0;0;133;0;122;0;
26370;6088448;1262088192;33570816;1446674432;0;0;0;0;0;0;0;0;0;0;0;2805;0;0;133;0;122;0;
26371;2972836;1262088192;33570816;1446674432;0;0;0;0;0;0;0;0;0;0;0;3406;0;0;133;0;122;0;
26372;7259074;1262088192;33570816;1446674432;0;0;0;0;0;0;0;0;0;0;0;3677;0;0;133;0;122;0;
26373;3976126;1262088192;33570816;1446674432;0;0;0;0;0;0;0;0;0;0;0;3657;0;0;133;0;122;0;
26374;5216192;1262088192;33570816;1446674432;0;0;0;0;0;0;0;0;0;0;0;2976;0;0;133;0;122;0;
26375;5379198;1262088192;33570816;1446674432;0;0;0;0;0;0;0;0;0;0;0;3687;0;0;133;0;122;0;
26376;7048107;1262088192;33570816;1446674432;0;0;0;0;0;0;0;0;0;0;0;2645;0;0;133;0;122;0;
26377;3933948;1262088192;33570816;1446674432;0;0;0;0;0;0;0;0;0;0;0;3497;0;0;133;0;122;0;
26378;7959918;1262088192;33570816;1446674432;0;0;0;0;0;0;0;0;0;0;0;4028;0;0;133;0;122;0;
26379;4799420;1262088192;33570816;1446674432;0;0;0;0;0;0;0;0;0;0;0;3647;0;0;133;0;122;0;
26380;4870003;1262088192;33570816;1446674432;0;0;0;0;0;0;0;0;0;0;0;2665;0;0;133;0;122;0;
26381;5843860;1262088192;33570816;1446674432;0;0;0;0;0;0;0;0;0;0;0;4038;0;0;133;0;122;0;
26382;6769416;1262088192;33570816;1446674432;0;0;0;0;0;0;0;0;0;0;0;3406;0;0;133;0;122;0;
26383;4431170;1262088192;33570816;1446674432;0;0;0;0;0;0;0;0;0;0;0;5330;0;0;133;0;122;0;
26384;6503316;1262088192;33570816;1446674432;0;0;0;0;0;0;0;0;0;0;0;3467;0;0;133;0;122;0;
26385;4767451;1262088192;33570816;1446674432;0;0;0;0;0;0;0;0;0;0;0;3387;0;0;133;0;122;0;
26386;7085959;1262088192;33570816;1446674432;0;0;0;0;0;0;0;0;0;0;0;3707;0;0;133;0;122;0;
26387;4134133;1262088192;33570816;1446674432;0;0;0;0;0;0;0;0;0;0;0;4729;0;0;133;0;122;0;
26388;7559026;1262088192;33570816;1446674432;0;0;0;0;0;0;0;0;0;0;0;4849;0;0;133;0;122;0;
26389;5449370;1262088192;33570816;1446674432;0;0;0;0;0;0;0;0;0;0;0;3126;0;0;133;0;122;0;
26390;7212737;1262088192;33570816;1446674432;0;0;0;0;0;0;0;0;0;0;0;3237;0;0;133;0;122;0;
26391;6876246;1262088192;33570816;1446674432;0;0;0;0;0;0;0;0;0;0;0;3306;0;0;133;0;122;0;
26392;5718034;1262088192;33570816;1446674432;0;0;0;0;0;0;0;0;0;0;0;4157;0;0;133;0;122;0;
26393;5345094;1262088192;33570816;1446674432;0;0;0;0;0;0;0;0;0;0;0;3477;0;0;133;0;122;0;
26394;7037358;1262088192;33570816;1446674432;0;0;0;0;0;0;0;0;0;0;0;3507;0;0;133;0;122;0;
26395;5573843;1262088192;33570816;1446674432;0;0;0;0;0;0;0;0;0;0;0;4048;0;0;133;0;122;0;
26396;6240975;1262088192;33570816;1446674432;0;0;0;0;0;0;0;0;0;0;0;3226;0;0;133;0;122;0;
26397;5054970;1262088192;33570816;1446674432;0;0;0;0;0;0;0;0;0;0;0;3828;0;0;133;0;122;0;
26398;7572221;1262088192;33570816;1446674432;0;0;0;0;0;0;0;0;0;0;0;5139;0;0;133;0;122;0;
26399;4246634;1262088192;33570816;1446674432;0;0;0;0;0;0;0;0;0;0;0;3868;0;0;133;0;122;0;
26400;6738307;1262088192;33570816;1446674432;0;0;0;0;0;0;0;0;0;0;0;3707;0;0;133;0;122;0;
26401;3875007;1262088192;33570816;1446674432;0;0;0;0;0;0;0;0;0;0;0;3336;0;0;133;0;122;0;
26402;7091028;1262088192;33570816;1446674432;0;0;0;0;0;0;0;0;0;0;0;4028;0;0;133;0;122;0;
26403;4827353;1262088192;33570816;1446674432;0;0;0;0;0;0;0;0;0;0;0;4258;0;0;133;0;122;0;
26404;7070350;1262088192;33570816;1446674432;0;0;0;0;0;0;0;0;0;0;0;3267;0;0;133;0;122;0;
26405;5096107;1262088192;33570816;1446674432;0;0;0;0;0;0;0;0;0;0;0;3216;0;0;133;0;122;0;
26406;6436681;1262088192;33570816;1446674432;0;0;0;0;0;0;0;0;0;0;0;3858;0;0;133;0;122;0;
26407;5957322;1262088192;33570816;1446674432;0;0;0;0;0;0;0;0;0;0;0;3696;0;0;133;0;122;0;
26408;6375656;1262088192;33570816;1446674432;0;0;0;0;0;0;0;0;0;0;0;60524;0;0;133;0;122;0;
26409;5577139;1262088192;33570816;1446674432;0;0;0;0;0;0;0;0;0;0;0;3576;0;0;133;0;122;0;
26410;7079667;1262088192;33570816;1446674432;0;0;0;0;0;0;0;0;0;0;0;3988;0;0;133;0;122;0;
26411;4764165;1262088192;33570816;1446674432;0;0;0;0;0;0;0;0;0;0;0;4408;0;0;133;0;122;0;
26412;7546523;1262088192;33570816;1446674432;0;0;0;0;0;0;0;0;0;0;0;4679;0;0;133;0;122;0;
26413;4995228;1262088192;33570816;1446674432;0;0;0;0;0;0;0;0;0;0;0;4168;0;0;133;0;122;0;
26414;6040027;1262088192;33570816;1446674432;0;0;0;0;0;0;0;0;0;0;0;3256;0;0;133;0;122;0;
26415;6324591;1262088192;33570816;1446674432;0;0;0;0;0;0;0;0;0;0;0;3316;0;0;133;0;122;0;
26416;5479366;1262088192;33570816;1446674432;0;0;0;0;0;0;0;0;0;0;0;3176;0;0;133;0;122;0;
26417;4797868;1262088192;33570816;1446674432;0;0;0;0;0;0;0;0;0;0;0;3497;0;0;133;0;122;0;
26418;5841635;1262088192;33570816;1446674432;0;0;0;0;0;0;0;0;0;0;0;2735;0;0;133;0;122;0;
26419;3520062;1262088192;33570816;1446674432;0;0;0;0;0;0;0;0;0;0;0;2996;0;0;133;0;122;0;
26420;6281019;1262088192;33570816;1446674432;0;0;0;0;0;0;0;0;0;0;0;3016;0;0;133;0;122;0;
26421;3638974;1262088192;33570816;1446674432;0;0;0;0;0;0;0;0;0;0;0;3978;0;0;133;0;122;0;
26422;5467514;1262088192;33570816;1446674432;0;0;0;0;0;0;0;0;0;0;0;2715;0;0;133;0;122;0;
26423;4114467;1262088192;33570816;1446674432;0;0;0;0;0;0;0;0;0;0;0;3788;0;0;133;0;122;0;
26424;5499384;1262088192;33570816;1446674432;0;0;0;0;0;0;0;0;0;0;0;2705;0;0;133;0;122;0;
26425;4518484;1262088192;33570816;1446674432;0;0;0;0;0;0;0;0;0;0;0;4138;0;0;133;0;122;0;
26426;5477172;1262088192;33570816;1446674432;0;0;0;0;0;0;0;0;0;0;0;2976;0;0;133;0;122;0;
26427;4743045;1262088192;33570816;1446674432;0;0;0;0;0;0;0;0;0;0;0;3997;0;0;133;0;122;0;
26428;6727657;1262088192;33570816;1446674432;0;0;0;0;0;0;0;0;0;0;0;3065;0;0;133;0;122;0;
26429;5295541;1262088192;33570816;1446674432;0;0;0;0;0;0;0;0;0;0;0;2945;0;0;133;0;122;0;
26430;5597938;1262088192;33570816;1446674432;0;0;0;0;0;0;0;0;0;0;0;2805;0;0;133;0;122;0;
26431;4593164;1262088192;33570816;1446674432;0;0;0;0;0;0;0;0;0;0;0;2995;0;0;133;0;122;0;
26432;6409420;1262088192;33570816;1446674432;0;0;0;0;0;0;0;0;0;0;0;3015;0;0;133;0;122;0;
26433;3419563;1262088192;33570816;1446674432;0;0;0;0;0;0;0;0;0;0;0;2976;0;0;133;0;122;0;
26434;5611063;1262088192;33570816;1446674432;0;0;0;0;0;0;0;0;0;0;0;2865;0;0;133;0;122;0;
26435;4344728;1262088192;33570816;1446674432;0;0;0;0;0;0;0;0;0;0;0;3727;0;0;133;0;122;0;
26436;6301989;1262088192;33570816;1446674432;0;0;0;0;0;0;0;0;0;0;0;3606;0;0;133;0;122;0;
26437;3505064;1262088192;33570816;1446674432;0;0;0;0;0;0;0;0;0;0;0;3476;0;0;133;0;122;0;
26438;6813928;1262088192;33570816;1446674432;0;0;0;0;0;0;0;0;0;0;0;2865;0;0;133;0;122;0;
26439;5404265;1262088192;33570816;1446674432;0;0;0;0;0;0;0;0;0;0;0;3587;0;0;133;0;122;0;
26440;5835894;1262088192;33570816;1446674432;0;0;0;0;0;0;0;0;0;0;0;3266;0;0;133;0;122;0;
26441;4377559;1262088192;33570816;1446674432;0;0;0;0;0;0;0;0;0;0;0;4218;0;0;133;0;122;0;
26442;6594427;1262088192;33570816;1446674432;0;0;0;0;0;0;0;0;0;0;0;3406;0;0;133;0;122;0;
26443;4516951;1262088192;33570816;1446674432;0;0;0;0;0;0;0;0;0;0;0;4258;0;0;133;0;122;0;
26444;7614019;1262088192;33570816;1446674432;0;0;0;0;0;0;0;0;0;0;0;3476;0;0;133;0;122;0;
26445;4104146;1262088192;33570816;1446674432;0;0;0;0;0;0;0;0;0;0;0;4418;0;0;133;0;122;0;
26446;5467694;1262088192;33570816;1446674432;0;0;0;0;0;0;0;0;0;0;0;3857;0;0;133;0;122;0;
26447;4128332;1262088192;33570816;1446674432;0;0;0;0;0;0;0;0;0;0;0;3807;0;0;133;0;122;0;
26448;4928022;1262088192;33570816;1446674432;0;0;0;0;0;0;0;0;0;0;0;2725;0;0;133;0;122;0;
26449;4856217;1262088192;33570816;1446674432;0;0;0;0;0;0;0;0;0;0;0;4588;0;0;133;0;122;0;
26450;5607927;1262088192;33570816;1446674432;0;0;0;0;0;0;0;0;0;0;0;3406;0;0;133;0;122;0;
26451;4487726;1262088192;33570816;1446674432;0;0;0;0;0;0;0;0;0;0;0;3406;0;0;133;0;122;0;
26452;6284325;1262088192;33570816;1446674432;0;0;0;0;0;0;0;0;0;0;0;3466;0;0;133;0;122;0;
26453;4378721;1262088192;33570816;1446674432;0;0;0;0;0;0;0;0;0;0;0;4208;0;0;133;0;122;0;
26454;5927607;1262088192;33570816;1446674432;0;0;0;0;0;0;0;0;0;0;0;3036;0;0;133;0;122;0;
26455;3908891;1262088192;33570816;1446674432;0;0;0;0;0;0;0;0;0;0;0;4188;0;0;133;0;122;0;
26456;6271111;1262088192;33570816;1446674432;0;0;0;0;0;0;0;0;0;0;0;3307;0;0;133;0;122;0;
26457;4722697;1262088192;33570816;1446674432;0;0;0;0;0;0;0;0;0;0;0;4198;0;0;133;0;122;0;
26458;6172536;1262088192;33570816;1446674432;0;0;0;0;0;0;0;0;0;0;0;2945;0;0;133;0;122;0;
26459;4444364;1262088192;33570816;1446674432;0;0;0;0;0;0;0;0;0;0;0;3206;0;0;133;0;122;0;
26460;5635558;1262088192;33570816;1446674432;0;0;0;0;0;0;0;0;0;0;0;3607;0;0;133;0;122;0;
26461;4739167;1262088192;33570816;1446674432;0;0;0;0;0;0;0;0;0;0;0;3868;0;0;133;0;122;0;
26462;5918099;1262088192;33570816;1446674432;0;0;0;0;0;0;0;0;0;0;0;3357;0;0;133;0;122;0;
26463;4220916;1262088192;33570816;1446674432;0;0;0;0;0;0;0;0;0;0;0;3998;0;0;133;0;122;0;
26464;6543482;1262088192;33570816;1446674432;0;0;0;0;0;0;0;0;0;0;0;3296;0;0;133;0;122;0;
26465;6115850;1262088192;33570816;1446674432;0;0;0;0;0;0;0;0;0;0;0;3326;0;0;133;0;122;0;
26466;8159863;1262088192;33570816;1446674432;0;0;0;0;0;0;0;0;0;0;0;2324;0;0;133;0;122;0;
26467;5093463;1262088192;33570816;1446674432;0;0;0;0;0;0;0;0;0;0;0;4268;0;0;133;0;122;0;
26468;6110890;1262088192;33570816;1446674432;0;0;0;0;0;0;0;0;0;0;0;3497;0;0;133;0;122;0;
26469;4119376;1262088192;33570816;1446674432;0;0;0;0;0;0;0;0;0;0;0;3527;0;0;133;0;122;0;
26470;6318239;1262088192;33570816;1446674432;0;0;0;0;0;0;0;0;0;0;0;3126;0;0;133;0;122;0;
26471;4189788;1262088192;33570816;1446674432;0;0;0;0;0;0;0;0;0;0;0;4108;0;0;133;0;122;0;
26472;5972140;1262088192;33570816;1446674432;0;0;0;0;0;0;0;0;0;0;0;2765;0;0;133;0;122;0;
26473;5578111;1262088192;33570816;1446674432;0;0;0;0;0;0;0;0;0;0;0;3918;0;0;133;0;122;0;
26474;5984243;1262088192;33570816;1446674432;0;0;0;0;0;0;0;0;0;0;0;3567;0;0;133;0;122;0;
26475;5505525;1262088192;33570816;1446674432;0;0;0;0;0;0;0;0;0;0;0;3817;0;0;133;0;122;0;
26476;6067499;1262088192;33570816;1446674432;0;0;0;0;0;0;0;0;0;0;0;3146;0;0;133;0;122;0;
26477;5176868;1262088192;33570816;1446674432;0;0;0;0;0;0;0;0;0;0;0;4058;0;0;133;0;122;0;
26478;6364817;1262088192;33570816;1446674432;0;0;0;0;0;0;0;0;0;0;0;2675;0;0;133;0;122;0;
26479;4400693;1262088192;33570816;1446674432;0;0;0;0;0;0;0;0;0;0;0;3256;0;0;133;0;122;0;
26480;6036992;1262088192;33570816;1446674432;0;0;0;0;0;0;0;0;0;0;0;3206;0;0;133;0;122;0;
26481;3941983;1262088192;33570816;1446674432;0;0;0;0;0;0;0;0;0;0;0;4438;0;0;133;0;122;0;
26482;5127035;1262088192;33570816;1446674432;0;0;0;0;0;0;0;0;0;0;0;3046;0;0;133;0;122;0;
26483;3100434;1262088192;33570816;1446674432;0;0;0;0;0;0;0;0;0;0;0;3376;0;0;133;0;122;0;
26484;6973498;1262088192;33570816;1446674432;0;0;0;0;0;0;0;0;0;0;0;3567;0;0;133;0;122;0;
26485;2665118;1262088192;33570816;1446674432;0;0;0;0;0;0;0;0;0;0;0;3506;0;0;133;0;122;0;
26486;6524696;1262088192;33570816;1446674432;0;0;0;0;0;0;0;0;0;0;0;3266;0;0;133;0;122;0;
26487;3533857;1262088192;33570816;1446674432;0;0;0;0;0;0;0;0;0;0;0;3156;0;0;133;0;122;0;
26488;6205537;1262088192;33570816;1446674432;0;0;0;0;0;0;0;0;0;0;0;2745;0;0;133;0;122;0;
26489;3044159;1262088192;33570816;1446674432;0;0;0;0;0;0;0;0;0;0;0;3797;0;0;133;0;122;0;
26490;5507108;1262088192;33570816;1446674432;0;0;0;0;0;0;0;0;0;0;0;2826;0;0;133;0;122;0;
26491;4798570;1262088192;33570816;1446674432;0;0;0;0;0;0;0;0;0;0;0;4167;0;0;133;0;122;0;
26492;5231231;1262088192;33570816;1446674432;0;0;0;0;0;0;0;0;0;0;0;3277;0;0;133;0;122;0;
26493;4927841;1262088192;33570816;1446674432;0;0;0;0;0;0;0;0;0;0;0;3827;0;0;133;0;122;0;
26494;5375962;1262088192;33570816;1446674432;0;0;0;0;0;0;0;0;0;0;0;2635;0;0;133;0;122;0;
26495;4245481;1262088192;33570816;1446674432;0;0;0;0;0;0;0;0;0;0;0;3557;0;0;133;0;122;0;
26496;6077037;1262088192;33570816;1446674432;0;0;0;0;0;0;0;0;0;0;0;3116;0;0;133;0;122;0;
26497;3637381;1262088192;33570816;1446674432;0;0;0;0;0;0;0;0;0;0;0;3326;0;0;133;0;122;0;
26498;6085322;1262088192;33570816;1446674432;0;0;0;0;0;0;0;0;0;0;0;3086;0;0;133;0;122;0;
26499;4290897;1262088192;33570816;1446674432;0;0;0;0;0;0;0;0;0;0;0;3366;0;0;133;0;122;0;
26500;5757358;1262088192;33570816;1446674432;0;0;0;0;0;0;0;0;0;0;0;2575;0;0;133;0;122;0;
26501;4591831;1262088192;33570816;1446674432;0;0;0;0;0;0;0;0;0;0;0;3226;0;0;133;0;122;0;
26502;5862234;1262088192;33570816;1446674432;0;0;0;0;0;0;0;0;0;0;0;2635;0;0;133;0;122;0;
26503;4132199;1262088192;33570816;1446674432;0;0;0;0;0;0;0;0;0;0;0;3777;0;0;133;0;122;0;
26504;6082688;1262088192;33570816;1446674432;0;0;0;0;0;0;0;0;0;0;0;2665;0;0;133;0;122;0;
26505;4704442;1262088192;33570816;1446674432;0;0;0;0;0;0;0;0;0;0;0;7344;0;0;133;0;122;0;
26506;7120223;1262088192;33570816;1446674432;0;0;0;0;0;0;0;0;0;0;0;3056;0;0;133;0;122;0;
26507;3766775;1262088192;33570816;1446674432;0;0;0;0;0;0;0;0;0;0;0;3146;0;0;133;0;122;0;
26508;5523939;1262088192;33570816;1446674432;0;0;0;0;0;0;0;0;0;0;0;3487;0;0;133;0;122;0;
26509;4578737;1262088192;33570816;1446674432;0;0;0;0;0;0;0;0;0;0;0;3116;0;0;133;0;122;0;
26510;6638961;1262088192;33570816;1446674432;0;0;0;0;0;0;0;0;0;0;0;12263;0;0;133;0;122;0;
26511;4822865;1262088192;33570816;1446674432;0;0;0;0;0;0;0;0;0;0;0;3747;0;0;133;0;122;0;
26512;6506592;1262088192;33570816;1446674432;0;0;0;0;0;0;0;0;0;0;0;3407;0;0;133;0;122;0;
26513;3950068;1262088192;33570816;1446674432;0;0;0;0;0;0;0;0;0;0;0;3506;0;0;133;0;122;0;
26514;5815816;1262088192;33570816;1446674432;0;0;0;0;0;0;0;0;0;0;0;3146;0;0;133;0;122;0;
26515;4941076;1262088192;33570816;1446674432;0;0;0;0;0;0;0;0;0;0;0;3186;0;0;133;0;122;0;
26516;8607272;1262088192;33570816;1446674432;0;0;0;0;0;0;0;0;0;0;0;3106;0;0;133;0;122;0;
26517;3907428;1262088192;33570816;1446674432;0;0;0;0;0;0;0;0;0;0;0;4578;0;0;133;0;122;0;
26518;7254334;1262088192;33570816;1446674432;0;0;0;0;0;0;0;0;0;0;0;3617;0;0;133;0;122;0;
26519;4154672;1262088192;33570816;1446674432;0;0;0;0;0;0;0;0;0;0;0;3317;0;0;133;0;122;0;
26520;5139398;1262088192;33570816;1446674432;0;0;0;0;0;0;0;0;0;0;0;2805;0;0;133;0;122;0;
26521;4751361;1262088192;33570816;1446674432;0;0;0;0;0;0;0;0;0;0;0;3667;0;0;133;0;122;0;
26522;6523194;1262088192;33570816;1446674432;0;0;0;0;0;0;0;0;0;0;0;4468;0;0;133;0;122;0;
26523;5558043;1262088192;33570816;1446674432;0;0;0;0;0;0;0;0;0;0;0;3556;0;0;133;0;122;0;
26524;6216368;1262088192;33570816;1446674432;0;0;0;0;0;0;0;0;0;0;0;2916;0;0;133;0;122;0;
26525;6597773;1262088192;33570816;1446674432;0;0;0;0;0;0;0;0;0;0;0;3326;0;0;133;0;122;0;
26526;5971058;1262088192;33570816;1446674432;0;0;0;0;0;0;0;0;0;0;0;2835;0;0;133;0;122;0;
26527;4552327;1262088192;33570816;1446674432;0;0;0;0;0;0;0;0;0;0;0;3737;0;0;133;0;122;0;
26528;6778963;1262088192;33570816;1446674432;0;0;0;0;0;0;0;0;0;0;0;2815;0;0;133;0;122;0;
26529;4531659;1262088192;33570816;1446674432;0;0;0;0;0;0;0;0;0;0;0;4007;0;0;133;0;122;0;
26530;5720959;1262088192;33570816;1446674432;0;0;0;0;0;0;0;0;0;0;0;2665;0;0;133;0;122;0;
26531;3798694;1262088192;33570816;1446674432;0;0;0;0;0;0;0;0;0;0;0;4478;0;0;133;0;122;0;
26532;6944113;1262088192;33570816;1446674432;0;0;0;0;0;0;0;0;0;0;0;3517;0;0;133;0;122;0;
26533;5419474;1262088192;33570816;1446674432;0;0;0;0;0;0;0;0;0;0;0;3947;0;0;133;0;122;0;
26534;6952999;1262088192;33570816;1446674432;0;0;0;0;0;0;0;0;0;0;0;2875;0;0;133;0;122;0;
26535;4313279;1262088192;33570816;1446674432;0;0;0;0;0;0;0;0;0;0;0;3226;0;0;133;0;122;0;
26536;6139333;1262088192;33570816;1446674432;0;0;0;0;0;0;0;0;0;0;0;2665;0;0;133;0;122;0;
26537;4142709;1262088192;33570816;1446674432;0;0;0;0;0;0;0;0;0;0;0;3416;0;0;133;0;122;0;
26538;5644676;1262088192;33570816;1446674432;0;0;0;0;0;0;0;0;0;0;0;2796;0;0;133;0;122;0;
26539;4780425;1262088192;33570816;1446674432;0;0;0;0;0;0;0;0;0;0;0;4188;0;0;133;0;122;0;
26540;5757407;1262088192;33570816;1446674432;0;0;0;0;0;0;0;0;0;0;0;3216;0;0;133;0;122;0;
26541;4366198;1262088192;33570816;1446674432;0;0;0;0;0;0;0;0;0;0;0;3186;0;0;133;0;122;0;
26542;6936258;1262088192;33570816;1446674432;0;0;0;0;0;0;0;0;0;0;0;3547;0;0;133;0;122;0;
26543;3358809;1262088192;33570816;1446674432;0;0;0;0;0;0;0;0;0;0;0;3767;0;0;133;0;122;0;
26544;6896884;1262088192;33570816;1446674432;0;0;0;0;0;0;0;0;0;0;0;3176;0;0;133;0;122;0;
26545;3548314;1262088192;33570816;1446674432;0;0;0;0;0;0;0;0;0;0;0;3456;0;0;133;0;122;0;
26546;6070054;1262088192;33570816;1446674432;0;0;0;0;0;0;0;0;0;0;0;2735;0;0;133;0;122;0;
26547;4908906;1262088192;33570816;1446674432;0;0;0;0;0;0;0;0;0;0;0;3918;0;0;133;0;122;0;
26548;6261372;1262088192;33570816;1446674432;0;0;0;0;0;0;0;0;0;0;0;3316;0;0;133;0;122;0;
26549;4454995;1262088192;33570816;1446674432;0;0;0;0;0;0;0;0;0;0;0;3417;0;0;133;0;122;0;
26550;6907204;1262088192;33570816;1446674432;0;0;0;0;0;0;0;0;0;0;0;3025;0;0;133;0;122;0;
26551;5447025;1262088192;33570816;1446674432;0;0;0;0;0;0;0;0;0;0;0;4408;0;0;133;0;122;0;
26552;6015943;1262088192;33570816;1446674432;0;0;0;0;0;0;0;0;0;0;0;2785;0;0;133;0;122;0;
26553;5107198;1262088192;33570816;1446674432;0;0;0;0;0;0;0;0;0;0;0;4319;0;0;133;0;122;0;
26554;6090402;1262088192;33570816;1446674432;0;0;0;0;0;0;0;0;0;0;0;2715;0;0;133;0;122;0;
26555;4537529;1262088192;33570816;1446674432;0;0;0;0;0;0;0;0;0;0;0;3146;0;0;133;0;122;0;
26556;7214280;1262088192;33570816;1446674432;0;0;0;0;0;0;0;0;0;0;0;2936;0;0;133;0;122;0;
26557;4597973;1262088192;33570816;1446674432;0;0;0;0;0;0;0;0;0;0;0;3777;0;0;133;0;122;0;
26558;6224163;1262088192;33570816;1446674432;0;0;0;0;0;0;0;0;0;0;0;3166;0;0;133;0;122;0;
26559;7193130;1262088192;33570816;1446674432;0;0;0;0;0;0;0;0;0;0;0;4689;0;0;133;0;122;0;
26560;5886179;1262088192;33570816;1446674432;0;0;0;0;0;0;0;0;0;0;0;3196;0;0;133;0;122;0;
26561;6623151;1262088192;33570816;1446674432;0;0;0;0;0;0;0;0;0;0;0;4879;0;0;133;0;122;0;
26562;6784193;1262088192;33570816;1446674432;0;0;0;0;0;0;0;0;0;0;0;3627;0;0;133;0;122;0;
26563;6413909;1262088192;33570816;1446674432;0;0;0;0;0;0;0;0;0;0;0;3978;0;0;133;0;122;0;
26564;7806400;1262088192;33570816;1446674432;0;0;0;0;0;0;0;0;0;0;0;3977;0;0;133;0;122;0;
26565;5401821;1262088192;33570816;1446674432;0;0;0;0;0;0;0;0;0;0;0;4498;0;0;133;0;122;0;
26566;6858692;1262088192;33570816;1446674432;0;0;0;0;0;0;0;0;0;0;0;4448;0;0;133;0;122;0;
26567;4946046;1262088192;33570816;1446674432;0;0;0;0;0;0;0;0;0;0;0;4699;0;0;133;0;122;0;
26568;6711727;1262088192;33570816;1446674432;0;0;0;0;0;0;0;0;0;0;0;3457;0;0;133;0;122;0;
26569;5001129;1262088192;33570816;1446674432;0;0;0;0;0;0;0;0;0;0;0;3727;0;0;133;0;122;0;
26570;7903743;1262088192;33570816;1446674432;0;0;0;0;0;0;0;0;0;0;0;3697;0;0;133;0;122;0;
26571;4040548;1262088192;33570816;1446674432;0;0;0;0;0;0;0;0;0;0;0;2936;0;0;133;0;122;0;
26572;7619099;1262088192;33570816;1446674432;0;0;0;0;0;0;0;0;0;0;0;3676;0;0;133;0;122;0;
26573;4573427;1262088192;33570816;1446674432;0;0;0;0;0;0;0;0;0;0;0;3346;0;0;133;0;122;0;
26574;8666723;1262088192;33570816;1446674432;0;0;0;0;0;0;0;0;0;0;0;4058;0;0;133;0;122;0;
26575;4716005;1262088192;33570816;1446674432;0;0;0;0;0;0;0;0;0;0;0;2795;0;0;133;0;122;0;
26576;8119146;1262088192;33570816;1446674432;0;0;0;0;0;0;0;0;0;0;0;5521;0;0;133;0;122;0;
26577;4875433;1262088192;33570816;1446674432;0;0;0;0;0;0;0;0;0;0;0;3466;0;0;133;0;122;0;
26578;7742460;1262088192;33570816;1446674432;0;0;0;0;0;0;0;0;0;0;0;3837;0;0;133;0;122;0;
26579;4246544;1262088192;33570816;1446674432;0;0;0;0;0;0;0;0;0;0;0;3666;0;0;133;0;122;0;
26580;8264529;1262088192;33570816;1446674432;0;0;0;0;0;0;0;0;0;0;0;102031;0;0;133;0;122;0;
26581;5716902;1262088192;33574912;1446678528;0;0;0;0;0;0;0;0;0;0;0;8196;0;0;133;0;122;0;
26582;6686850;1262088192;33574912;1446678528;0;0;0;0;0;0;0;0;0;0;0;3056;0;0;133;0;122;0;
26583;7542495;1262088192;33574912;1446678528;0;0;0;0;0;0;0;0;0;0;0;4288;0;0;133;0;122;0;
26584;6714883;1262088192;33574912;1446678528;0;0;0;0;0;0;0;0;0;0;0;3727;0;0;133;0;122;0;
26585;5177089;1262088192;33574912;1446678528;0;0;0;0;0;0;0;0;0;0;0;4338;0;0;133;0;122;0;
26586;8028597;1262088192;33574912;1446678528;0;0;0;0;0;0;0;0;0;0;0;4098;0;0;133;0;122;0;
26587;3973312;1262088192;33570816;1446674432;0;0;0;0;0;0;0;0;0;0;0;8767;0;0;133;0;122;0;
26588;8109649;1262088192;33570816;1446674432;0;0;0;0;0;0;0;0;0;0;0;4438;0;0;133;0;122;0;
26589;4412535;1262084096;33566720;1446670336;0;0;0;0;0;0;0;0;0;0;0;4559;0;0;133;0;122;0;
26590;6789002;1262084096;33566720;1446670336;0;0;0;0;0;0;0;0;0;0;0;3376;0;0;133;0;122;0;
26591;6770156;1262084096;33566720;1446670336;0;0;0;0;0;0;0;0;0;0;0;3767;0;0;133;0;122;0;
26592;6679797;1262084096;33566720;1446670336;0;0;0;0;0;0;0;0;0;0;0;2775;0;0;133;0;122;0;
26593;7046174;1262084096;33566720;1446670336;0;0;0;0;0;0;0;0;0;0;0;3777;0;0;133;0;122;0;
26594;6666572;1262084096;33566720;1446670336;0;0;0;0;0;0;0;0;0;0;0;3657;0;0;133;0;122;0;
26595;5330677;1262084096;33566720;1446670336;0;0;0;0;0;0;0;0;0;0;0;4127;0;0;133;0;122;0;
26596;7865691;1262084096;33566720;1446670336;0;0;0;0;0;0;0;0;0;0;0;4639;0;0;133;0;122;0;
26597;4840728;1262084096;33566720;1446670336;0;0;0;0;0;0;0;0;0;0;0;4398;0;0;133;0;122;0;
26598;7448990;1262084096;33566720;1446670336;0;0;0;0;0;0;0;0;0;0;0;3446;0;0;133;0;122;0;
26599;6015151;1262084096;33566720;1446670336;0;0;0;0;0;0;0;0;0;0;0;3286;0;0;133;0;122;0;
26600;6157688;1262084096;33566720;1446670336;0;0;0;0;0;0;0;0;0;0;0;3537;0;0;133;0;122;0;
26601;5094975;1262084096;33566720;1446670336;0;0;0;0;0;0;0;0;0;0;0;3277;0;0;133;0;122;0;
26602;6085162;1262084096;33566720;1446670336;0;0;0;0;0;0;0;0;0;0;0;3326;0;0;133;0;122;0;
26603;6165022;1262084096;33566720;1446670336;0;0;0;0;0;0;0;0;0;0;0;3907;0;0;133;0;122;0;
26604;6800052;1262084096;33566720;1446670336;0;0;0;0;0;0;0;0;0;0;0;4649;0;0;133;0;122;0;
26605;6558379;1262084096;33566720;1446670336;0;0;0;0;0;0;0;0;0;0;0;3086;0;0;133;0;122;0;
26606;6049034;1262084096;33566720;1446670336;0;0;0;0;0;0;0;0;0;0;0;4388;0;0;133;0;122;0;
26607;4809500;1262084096;33566720;1446670336;0;0;0;0;0;0;0;0;0;0;0;3347;0;0;133;0;122;0;
26608;8794303;1262084096;33566720;1446670336;0;0;0;0;0;0;0;0;0;0;0;3647;0;0;133;0;122;0;
26609;5472383;1262084096;33566720;1446670336;0;0;0;0;0;0;0;0;0;0;0;3627;0;0;133;0;122;0;
26610;6982535;1262084096;33566720;1446670336;0;0;0;0;0;0;0;0;0;0;0;4138;0;0;133;0;122;0;
26611;6566976;1262084096;33566720;1446670336;0;0;0;0;0;0;0;0;0;0;0;2565;0;0;133;0;122;0;
26612;6997143;1262084096;33566720;1446670336;0;0;0;0;0;0;0;0;0;0;0;3827;0;0;133;0;122;0;
26613;5694429;1262084096;33566720;1446670336;0;0;0;0;0;0;0;0;0;0;0;2675;0;0;133;0;122;0;
26614;6450046;1262084096;33566720;1446670336;0;0;0;0;0;0;0;0;0;0;0;3176;0;0;133;0;122;0;
26615;6047201;1262084096;33566720;1446670336;0;0;0;0;0;0;0;0;0;0;0;4409;0;0;133;0;122;0;
26616;8503147;1262084096;33566720;1446670336;0;0;0;0;0;0;0;0;0;0;0;4920;0;0;133;0;122;0;
26617;4800563;1262084096;33566720;1446670336;0;0;0;0;0;0;0;0;0;0;0;2826;0;0;133;0;122;0;
26618;6712309;1262084096;33566720;1446670336;0;0;0;0;0;0;0;0;0;0;0;2885;0;0;133;0;122;0;
26619;6774444;1262084096;33566720;1446670336;0;0;0;0;0;0;0;0;0;0;0;2966;0;0;133;0;122;0;
26620;6721446;1262084096;33566720;1446670336;0;0;0;0;0;0;0;0;0;0;0;3396;0;0;133;0;122;0;
26621;5755924;1262084096;33566720;1446670336;0;0;0;0;0;0;0;0;0;0;0;3286;0;0;133;0;122;0;
26622;7945872;1262084096;33566720;1446670336;0;0;0;0;0;0;0;0;0;0;0;3727;0;0;133;0;122;0;
26623;5060049;1262084096;33566720;1446670336;0;0;0;0;0;0;0;0;0;0;0;3977;0;0;133;0;122;0;
26624;5831697;1262084096;33566720;1446670336;0;0;0;0;0;0;0;0;0;0;0;3827;0;0;133;0;122;0;
26625;3844680;1262084096;33566720;1446670336;0;0;0;0;0;0;0;0;0;0;0;2525;0;0;133;0;122;0;
26626;7789278;1262084096;33566720;1446670336;0;0;0;0;0;0;0;0;0;0;0;3566;0;0;133;0;122;0;
26627;5403183;1262084096;33566720;1446670336;0;0;0;0;0;0;0;0;0;0;0;4038;0;0;133;0;122;0;
26628;9552926;1262084096;33566720;1446670336;0;0;0;0;0;0;0;0;0;0;0;3447;0;0;133;0;122;0;
26629;5118730;1262084096;33566720;1446670336;0;0;0;0;0;0;0;0;0;0;0;3467;0;0;133;0;122;0;
26630;6407276;1262084096;33566720;1446670336;0;0;0;0;0;0;0;0;0;0;0;3316;0;0;133;0;122;0;
26631;5694609;1262084096;33566720;1446670336;0;0;0;0;0;0;0;0;0;0;0;3457;0;0;133;0;122;0;
26632;6637167;1262084096;33566720;1446670336;0;0;0;0;0;0;0;0;0;0;0;4188;0;0;133;0;122;0;
26633;4346852;1262084096;33566720;1446670336;0;0;0;0;0;0;0;0;0;0;0;3406;0;0;133;0;122;0;
26634;7956722;1262084096;33566720;1446670336;0;0;0;0;0;0;0;0;0;0;0;3146;0;0;133;0;122;0;
26635;4065585;1262084096;33566720;1446670336;0;0;0;0;0;0;0;0;0;0;0;3727;0;0;133;0;122;0;
26636;12455168;1262084096;33566720;1446670336;0;0;0;0;0;0;0;0;0;0;0;3466;0;0;133;0;122;0;
26637;8742646;1262084096;33566720;1446670336;0;0;0;0;0;0;0;0;0;0;0;3035;0;0;133;0;122;0;
26638;6205848;1262084096;33566720;1446670336;0;0;0;0;0;0;0;0;0;0;0;3186;0;0;133;0;122;0;
26639;5078604;1262084096;33566720;1446670336;0;0;0;0;0;0;0;0;0;0;0;4038;0;0;133;0;122;0;
26640;6775436;1262084096;33566720;1446670336;0;0;0;0;0;0;0;0;0;0;0;4228;0;0;133;0;122;0;
26641;4708741;1262084096;33566720;1446670336;0;0;0;0;0;0;0;0;0;0;0;3917;0;0;133;0;122;0;
26642;5498632;1262084096;33566720;1446670336;0;0;0;0;0;0;0;0;0;0;0;3808;0;0;133;0;122;0;
26643;4369985;1262084096;33566720;1446670336;0;0;0;0;0;0;0;0;0;0;0;3627;0;0;133;0;122;0;
26644;6218402;1262084096;33566720;1446670336;0;0;0;0;0;0;0;0;0;0;0;3457;0;0;133;0;122;0;
26645;4941076;1262084096;33566720;1446670336;0;0;0;0;0;0;0;0;0;0;0;3256;0;0;133;0;122;0;
26646;7431197;1262084096;33566720;1446670336;0;0;0;0;0;0;0;0;0;0;0;2634;0;0;133;0;122;0;
26647;5234667;1262084096;33566720;1446670336;0;0;0;0;0;0;0;0;0;0;0;4278;0;0;133;0;122;0;
26648;8142511;1262084096;33566720;1446670336;0;0;0;0;0;0;0;0;0;0;0;2685;0;0;133;0;122;0;
26649;6218602;1262084096;33566720;1446670336;0;0;0;0;0;0;0;0;0;0;0;2925;0;0;133;0;122;0;
26650;5869968;1262084096;33566720;1446670336;0;0;0;0;0;0;0;0;0;0;0;2585;0;0;133;0;122;0;
26651;5023130;1262084096;33566720;1446670336;0;0;0;0;0;0;0;0;0;0;0;2805;0;0;133;0;122;0;
26652;6397087;1262084096;33566720;1446670336;0;0;0;0;0;0;0;0;0;0;0;4048;0;0;133;0;122;0;
26653;5189753;1262084096;33566720;1446670336;0;0;0;0;0;0;0;0;0;0;0;2675;0;0;133;0;122;0;
26654;7009054;1262084096;33566720;1446670336;0;0;0;0;0;0;0;0;0;0;0;3707;0;0;133;0;122;0;
26655;3904963;1262084096;33566720;1446670336;0;0;0;0;0;0;0;0;0;0;0;3347;0;0;133;0;122;0;
26656;6929866;1262084096;33566720;1446670336;0;0;0;0;0;0;0;0;0;0;0;4639;0;0;133;0;122;0;
26657;4264948;1262084096;33566720;1446670336;0;0;0;0;0;0;0;0;0;0;0;4458;0;0;133;0;122;0;
26658;7490538;1262084096;33566720;1446670336;0;0;0;0;0;0;0;0;0;0;0;4308;0;0;133;0;122;0;
26659;4198895;1262084096;33566720;1446670336;0;0;0;0;0;0;0;0;0;0;0;4619;0;0;133;0;122;0;
26660;6480474;1262084096;33566720;1446670336;0;0;0;0;0;0;0;0;0;0;0;3076;0;0;133;0;122;0;
26661;3129329;1262084096;33566720;1446670336;0;0;0;0;0;0;0;0;0;0;0;4098;0;0;133;0;122;0;
26662;5743341;1262084096;33566720;1446670336;0;0;0;0;0;0;0;0;0;0;0;3577;0;0;133;0;122;0;
26663;4081094;1262084096;33566720;1446670336;0;0;0;0;0;0;0;0;0;0;0;3256;0;0;133;0;122;0;
26664;6105330;1262084096;33566720;1446670336;0;0;0;0;0;0;0;0;0;0;0;3998;0;0;133;0;122;0;
26665;3991255;1262084096;33566720;1446670336;0;0;0;0;0;0;0;0;0;0;0;4248;0;0;133;0;122;0;
26666;5437087;1262084096;33566720;1446670336;0;0;0;0;0;0;0;0;0;0;0;4618;0;0;133;0;122;0;
26667;4810381;1262084096;33566720;1446670336;0;0;0;0;0;0;0;0;0;0;0;3627;0;0;133;0;122;0;
26668;6984469;1262084096;33566720;1446670336;0;0;0;0;0;0;0;0;0;0;0;4058;0;0;133;0;122;0;
26669;5391982;1262084096;33566720;1446670336;0;0;0;0;0;0;0;0;0;0;0;3677;0;0;133;0;122;0;
26670;6815091;1262084096;33566720;1446670336;0;0;0;0;0;0;0;0;0;0;0;4438;0;0;133;0;122;0;
26671;5168122;1262084096;33566720;1446670336;0;0;0;0;0;0;0;0;0;0;0;3877;0;0;133;0;122;0;
26672;7540060;1262084096;33566720;1446670336;0;0;0;0;0;0;0;0;0;0;0;3046;0;0;133;0;122;0;
26673;4455125;1262084096;33566720;1446670336;0;0;0;0;0;0;0;0;0;0;0;3777;0;0;133;0;122;0;
26674;6275720;1262084096;33566720;1446670336;0;0;0;0;0;0;0;0;0;0;0;3246;0;0;133;0;122;0;
26675;4134133;1262084096;33566720;1446670336;0;0;0;0;0;0;0;0;0;0;0;3577;0;0;133;0;122;0;
26676;7370032;1262084096;33566720;1446670336;0;0;0;0;0;0;0;0;0;0;0;3366;0;0;133;0;122;0;
26677;3482631;1262084096;33566720;1446670336;0;0;0;0;0;0;0;0;0;0;0;4338;0;0;133;0;122;0;
26678;6599357;1262084096;33566720;1446670336;0;0;0;0;0;0;0;0;0;0;0;2695;0;0;133;0;122;0;
26679;3865189;1262084096;33566720;1446670336;0;0;0;0;0;0;0;0;0;0;0;2986;0;0;133;0;122;0;
26680;6698061;1262084096;33566720;1446670336;0;0;0;0;0;0;0;0;0;0;0;3346;0;0;133;0;122;0;
26681;3604730;1262084096;33566720;1446670336;0;0;0;0;0;0;0;0;0;0;0;3166;0;0;133;0;122;0;
26682;6356070;1262084096;33566720;1446670336;0;0;0;0;0;0;0;0;0;0;0;3216;0;0;133;0;122;0;
26683;4132450;1262084096;33566720;1446670336;0;0;0;0;0;0;0;0;0;0;0;4238;0;0;133;0;122;0;
26684;6370016;1262084096;33566720;1446670336;0;0;0;0;0;0;0;0;0;0;0;4849;0;0;133;0;122;0;
26685;4314972;1262084096;33566720;1446670336;0;0;0;0;0;0;0;0;0;0;0;2886;0;0;133;0;122;0;
26686;6616017;1262084096;33566720;1446670336;0;0;0;0;0;0;0;0;0;0;0;3126;0;0;133;0;122;0;
26687;5020745;1262084096;33566720;1446670336;0;0;0;0;0;0;0;0;0;0;0;3476;0;0;133;0;122;0;
26688;5931734;1262084096;33566720;1446670336;0;0;0;0;0;0;0;0;0;0;0;4789;0;0;133;0;122;0;
26689;4349377;1262084096;33566720;1446670336;0;0;0;0;0;0;0;0;0;0;0;4359;0;0;133;0;122;0;
26690;6243750;1262084096;33566720;1446670336;0;0;0;0;0;0;0;0;0;0;0;5601;0;0;133;0;122;0;
26691;4312677;1262084096;33566720;1446670336;0;0;0;0;0;0;0;0;0;0;0;3797;0;0;133;0;122;0;
26692;5084375;1262084096;33566720;1446670336;0;0;0;0;0;0;0;0;0;0;0;3737;0;0;133;0;122;0;
26693;4624182;1262084096;33566720;1446670336;0;0;0;0;0;0;0;0;0;0;0;3126;0;0;133;0;122;0;
26694;5550590;1262084096;33566720;1446670336;0;0;0;0;0;0;0;0;0;0;0;3236;0;0;133;0;122;0;
26695;4055746;1262084096;33566720;1446670336;0;0;0;0;0;0;0;0;0;0;0;3837;0;0;133;0;122;0;
26696;5893673;1262084096;33566720;1446670336;0;0;0;0;0;0;0;0;0;0;0;3266;0;0;133;0;122;0;
26697;3976087;1262084096;33566720;1446670336;0;0;0;0;0;0;0;0;0;0;0;3176;0;0;133;0;122;0;
26698;5388896;1262084096;33566720;1446670336;0;0;0;0;0;0;0;0;0;0;0;3247;0;0;133;0;122;0;
26699;4829668;1262084096;33566720;1446670336;0;0;0;0;0;0;0;0;0;0;0;3687;0;0;133;0;122;0;
26700;5393104;1262084096;33566720;1446670336;0;0;0;0;0;0;0;0;0;0;0;3446;0;0;133;0;122;0;
26701;5571659;1262084096;33566720;1446670336;0;0;0;0;0;0;0;0;0;0;0;3877;0;0;133;0;122;0;
26702;5113269;1262084096;33566720;1446670336;0;0;0;0;0;0;0;0;0;0;0;3236;0;0;133;0;122;0;
26703;5673239;1262084096;33566720;1446670336;0;0;0;0;0;0;0;0;0;0;0;3377;0;0;133;0;122;0;
26704;6117814;1262084096;33566720;1446670336;0;0;0;0;0;0;0;0;0;0;0;3847;0;0;133;0;122;0;
26705;5161880;1262084096;33566720;1446670336;0;0;0;0;0;0;0;0;0;0;0;3226;0;0;133;0;122;0;
26706;5702905;1262084096;33566720;1446670336;0;0;0;0;0;0;0;0;0;0;0;3787;0;0;133;0;122;0;
26707;3750573;1262084096;33566720;1446670336;0;0;0;0;0;0;0;0;0;0;0;4027;0;0;133;0;122;0;
26708;7157272;1262084096;33566720;1446670336;0;0;0;0;0;0;0;0;0;0;0;3617;0;0;133;0;122;0;
26709;3355432;1262084096;33566720;1446670336;0;0;0;0;0;0;0;0;0;0;0;3767;0;0;133;0;122;0;
26710;6074061;1262084096;33566720;1446670336;0;0;0;0;0;0;0;0;0;0;0;4548;0;0;133;0;122;0;
26711;3417038;1262084096;33566720;1446670336;0;0;0;0;0;0;0;0;0;0;0;3346;0;0;133;0;122;0;
26712;6765958;1262084096;33566720;1446670336;0;0;0;0;0;0;0;0;0;0;0;3456;0;0;133;0;122;0;
26713;4435679;1262084096;33566720;1446670336;0;0;0;0;0;0;0;0;0;0;0;3347;0;0;133;0;122;0;
26714;7423813;1262084096;33566720;1446670336;0;0;0;0;0;0;0;0;0;0;0;3837;0;0;133;0;122;0;
26715;4495571;1262084096;33566720;1446670336;0;0;0;0;0;0;0;0;0;0;0;4569;0;0;133;0;122;0;
26716;5935692;1262084096;33566720;1446670336;0;0;0;0;0;0;0;0;0;0;0;3847;0;0;133;0;122;0;
26717;4335050;1262084096;33566720;1446670336;0;0;0;0;0;0;0;0;0;0;0;3496;0;0;133;0;122;0;
26718;5504393;1262084096;33566720;1446670336;0;0;0;0;0;0;0;0;0;0;0;3196;0;0;133;0;122;0;
26719;5055521;1262084096;33566720;1446670336;0;0;0;0;0;0;0;0;0;0;0;3917;0;0;133;0;122;0;
26720;6740912;1262084096;33566720;1446670336;0;0;0;0;0;0;0;0;0;0;0;4308;0;0;133;0;122;0;
26721;3987168;1262084096;33566720;1446670336;0;0;0;0;0;0;0;0;0;0;0;3206;0;0;133;0;122;0;
26722;6089550;1262084096;33566720;1446670336;0;0;0;0;0;0;0;0;0;0;0;3136;0;0;133;0;122;0;
26723;5092090;1262084096;33566720;1446670336;0;0;0;0;0;0;0;0;0;0;0;3948;0;0;133;0;122;0;
26724;5295632;1262084096;33566720;1446670336;0;0;0;0;0;0;0;0;0;0;0;3827;0;0;133;0;122;0;
26725;5473304;1262084096;33566720;1446670336;0;0;0;0;0;0;0;0;0;0;0;3537;0;0;133;0;122;0;
26726;5246549;1262084096;33566720;1446670336;0;0;0;0;0;0;0;0;0;0;0;3196;0;0;133;0;122;0;
26727;5069116;1262084096;33566720;1446670336;0;0;0;0;0;0;0;0;0;0;0;3497;0;0;133;0;122;0;
26728;5393725;1262084096;33566720;1446670336;0;0;0;0;0;0;0;0;0;0;0;4147;0;0;133;0;122;0;
26729;5928679;1262084096;33566720;1446670336;0;0;0;0;0;0;0;0;0;0;0;4318;0;0;133;0;122;0;
26730;6055155;1262084096;33566720;1446670336;0;0;0;0;0;0;0;0;0;0;0;3486;0;0;133;0;122;0;
26731;4694615;1262084096;33566720;1446670336;0;0;0;0;0;0;0;0;0;0;0;3136;0;0;133;0;122;0;
26732;6758474;1262084096;33566720;1446670336;0;0;0;0;0;0;0;0;0;0;0;3286;0;0;133;0;122;0;
26733;4472377;1262084096;33566720;1446670336;0;0;0;0;0;0;0;0;0;0;0;4058;0;0;133;0;122;0;
26734;6726716;1262084096;33566720;1446670336;0;0;0;0;0;0;0;0;0;0;0;4127;0;0;133;0;122;0;
26735;4748365;1262084096;33566720;1446670336;0;0;0;0;0;0;0;0;0;0;0;4087;0;0;133;0;122;0;
26736;7647382;1262084096;33566720;1446670336;0;0;0;0;0;0;0;0;0;0;0;4077;0;0;133;0;122;0;
26737;4128804;1262084096;33566720;1446670336;0;0;0;0;0;0;0;0;0;0;0;3457;0;0;133;0;122;0;
26738;9410658;1262084096;33566720;1446670336;0;0;0;0;0;0;0;0;0;0;0;4348;0;0;133;0;122;0;
26739;4872418;1262084096;33566720;1446670336;0;0;0;0;0;0;0;0;0;0;0;4187;0;0;133;0;122;0;
26740;6193044;1262084096;33566720;1446670336;0;0;0;0;0;0;0;0;0;0;0;4248;0;0;133;0;122;0;
26741;5340486;1262084096;33566720;1446670336;0;0;0;0;0;0;0;0;0;0;0;3817;0;0;133;0;122;0;
26742;7042838;1262084096;33566720;1446670336;0;0;0;0;0;0;0;0;0;0;0;4298;0;0;133;0;122;0;
26743;5878985;1262084096;33566720;1446670336;0;0;0;0;0;0;0;0;0;0;0;3637;0;0;133;0;122;0;
26744;6978738;1262084096;33566720;1446670336;0;0;0;0;0;0;0;0;0;0;0;2635;0;0;133;0;122;0;
26745;5452104;1262084096;33566720;1446670336;0;0;0;0;0;0;0;0;0;0;0;2585;0;0;133;0;122;0;
26746;6513295;1262084096;33566720;1446670336;0;0;0;0;0;0;0;0;0;0;0;2946;0;0;133;0;122;0;
26747;5943988;1262084096;33566720;1446670336;0;0;0;0;0;0;0;0;0;0;0;3837;0;0;133;0;122;0;
26748;7325388;1262084096;33566720;1446670336;0;0;0;0;0;0;0;0;0;0;0;3747;0;0;133;0;122;0;
26749;3933667;1262084096;33566720;1446670336;0;0;0;0;0;0;0;0;0;0;0;2785;0;0;133;0;122;0;
26750;6179850;1262084096;33566720;1446670336;0;0;0;0;0;0;0;0;0;0;0;2975;0;0;133;0;122;0;
26751;4613862;1262084096;33566720;1446670336;0;0;0;0;0;0;0;0;0;0;0;3957;0;0;133;0;122;0;
26752;6698512;1262084096;33566720;1446670336;0;0;0;0;0;0;0;0;0;0;0;4528;0;0;133;0;122;0;
26753;3737079;1262084096;33566720;1446670336;0;0;0;0;0;0;0;0;0;0;0;3016;0;0;133;0;122;0;
26754;5352648;1262084096;33566720;1446670336;0;0;0;0;0;0;0;0;0;0;0;2925;0;0;133;0;122;0;
26755;5677327;1262084096;33566720;1446670336;0;0;0;0;0;0;0;0;0;0;0;3396;0;0;133;0;122;0;
26756;6593215;1262084096;33566720;1446670336;0;0;0;0;0;0;0;0;0;0;0;3306;0;0;133;0;122;0;
26757;4668605;1262084096;33566720;1446670336;0;0;0;0;0;0;0;0;0;0;0;3597;0;0;133;0;122;0;
26758;7414745;1262084096;33566720;1446670336;0;0;0;0;0;0;0;0;0;0;0;3396;0;0;133;0;122;0;
26759;5220730;1262084096;33566720;1446670336;0;0;0;0;0;0;0;0;0;0;0;9758;0;0;133;0;122;0;
26760;5506146;1262084096;33566720;1446670336;0;0;0;0;0;0;0;0;0;0;0;4018;0;0;133;0;122;0;
26761;5144267;1262084096;33566720;1446670336;0;0;0;0;0;0;0;0;0;0;0;3637;0;0;133;0;122;0;
26762;6470755;1262084096;33566720;1446670336;0;0;0;0;0;0;0;0;0;0;0;4608;0;0;133;0;122;0;
26763;4451699;1262084096;33566720;1446670336;0;0;0;0;0;0;0;0;0;0;0;3837;0;0;133;0;122;0;
26764;6712729;1262084096;33566720;1446670336;0;0;0;0;0;0;0;0;0;0;0;3406;0;0;133;0;122;0;
26765;4022564;1262084096;33566720;1446670336;0;0;0;0;0;0;0;0;0;0;0;3346;0;0;133;0;122;0;
26766;6873831;1262084096;33566720;1446670336;0;0;0;0;0;0;0;0;0;0;0;3717;0;0;133;0;122;0;
26767;4233559;1262084096;33566720;1446670336;0;0;0;0;0;0;0;0;0;0;0;3226;0;0;133;0;122;0;
26768;6551657;1262084096;33566720;1446670336;0;0;0;0;0;0;0;0;0;0;0;4078;0;0;133;0;122;0;
26769;3963643;1262084096;33566720;1446670336;0;0;0;0;0;0;0;0;0;0;0;3486;0;0;133;0;122;0;
26770;4947999;1262084096;33566720;1446670336;0;0;0;0;0;0;0;0;0;0;0;2775;0;0;133;0;122;0;
26771;3391320;1262084096;33566720;1446670336;0;0;0;0;0;0;0;0;0;0;0;3236;0;0;133;0;122;0;
26772;5462344;1262084096;33566720;1446670336;0;0;0;0;0;0;0;0;0;0;0;2896;0;0;133;0;122;0;
26773;4289755;1262084096;33566720;1446670336;0;0;0;0;0;0;0;0;0;0;0;3456;0;0;133;0;122;0;
26774;5244886;1262084096;33566720;1446670336;0;0;0;0;0;0;0;0;0;0;0;2715;0;0;133;0;122;0;
26775;5332991;1262084096;33566720;1446670336;0;0;0;0;0;0;0;0;0;0;0;3257;0;0;133;0;122;0;
26776;4963609;1262084096;33566720;1446670336;0;0;0;0;0;0;0;0;0;0;0;2765;0;0;133;0;122;0;
26777;5417950;1262084096;33566720;1446670336;0;0;0;0;0;0;0;0;0;0;0;2975;0;0;133;0;122;0;
26778;5053577;1262084096;33566720;1446670336;0;0;0;0;0;0;0;0;0;0;0;3045;0;0;133;0;122;0;
26779;6041360;1262084096;33566720;1446670336;0;0;0;0;0;0;0;0;0;0;0;3176;0;0;133;0;122;0;
26780;4951196;1262084096;33566720;1446670336;0;0;0;0;0;0;0;0;0;0;0;3176;0;0;133;0;122;0;
26781;4650151;1262084096;33566720;1446670336;0;0;0;0;0;0;0;0;0;0;0;2594;0;0;133;0;122;0;
26782;4918214;1262084096;33566720;1446670336;0;0;0;0;0;0;0;0;0;0;0;2364;0;0;133;0;122;0;
26783;6316786;1262084096;33566720;1446670336;0;0;0;0;0;0;0;0;0;0;0;2915;0;0;133;0;122;0;
26784;5493252;1262084096;33566720;1446670336;0;0;0;0;0;0;0;0;0;0;0;2515;0;0;133;0;122;0;
26785;4879451;1262084096;33566720;1446670336;0;0;0;0;0;0;0;0;0;0;0;3046;0;0;133;0;122;0;
26786;5473896;1262084096;33566720;1446670336;0;0;0;0;0;0;0;0;0;0;0;2635;0;0;133;0;122;0;
26787;4880092;1262084096;33566720;1446670336;0;0;0;0;0;0;0;0;0;0;0;2755;0;0;133;0;122;0;
26788;7037778;1262084096;33566720;1446670336;0;0;0;0;0;0;0;0;0;0;0;3877;0;0;133;0;122;0;
26789;4619955;1262084096;33566720;1446670336;0;0;0;0;0;0;0;0;0;0;0;3807;0;0;133;0;122;0;
26790;6561766;1262084096;33566720;1446670336;0;0;0;0;0;0;0;0;0;0;0;3446;0;0;133;0;122;0;
26791;5093212;1262084096;33566720;1446670336;0;0;0;0;0;0;0;0;0;0;0;3086;0;0;133;0;122;0;
26792;6302219;1262084096;33566720;1446670336;0;0;0;0;0;0;0;0;0;0;0;3316;0;0;133;0;122;0;
26793;4338787;1262084096;33566720;1446670336;0;0;0;0;0;0;0;0;0;0;0;3838;0;0;133;0;122;0;
26794;6029558;1262084096;33566720;1446670336;0;0;0;0;0;0;0;0;0;0;0;2715;0;0;133;0;122;0;
26795;3913499;1262084096;33566720;1446670336;0;0;0;0;0;0;0;0;0;0;0;3607;0;0;133;0;122;0;
26796;5748110;1262084096;33566720;1446670336;0;0;0;0;0;0;0;0;0;0;0;3466;0;0;133;0;122;0;
26797;5064668;1262084096;33566720;1446670336;0;0;0;0;0;0;0;0;0;0;0;3787;0;0;133;0;122;0;
26798;6219063;1262084096;33566720;1446670336;0;0;0;0;0;0;0;0;0;0;0;3927;0;0;133;0;122;0;
26799;5740426;1262084096;33566720;1446670336;0;0;0;0;0;0;0;0;0;0;0;3246;0;0;133;0;122;0;
26800;6001305;1262084096;33566720;1446670336;0;0;0;0;0;0;0;0;0;0;0;2685;0;0;133;0;122;0;
26801;4630644;1262084096;33566720;1446670336;0;0;0;0;0;0;0;0;0;0;0;4279;0;0;133;0;122;0;
26802;5679571;1262084096;33566720;1446670336;0;0;0;0;0;0;0;0;0;0;0;3076;0;0;133;0;122;0;
26803;5085427;1262084096;33566720;1446670336;0;0;0;0;0;0;0;0;0;0;0;3015;0;0;133;0;122;0;
26804;5240428;1262084096;33566720;1446670336;0;0;0;0;0;0;0;0;0;0;0;2896;0;0;133;0;122;0;
26805;3863556;1262084096;33566720;1446670336;0;0;0;0;0;0;0;0;0;0;0;3036;0;0;133;0;122;0;
26806;5537665;1262084096;33566720;1446670336;0;0;0;0;0;0;0;0;0;0;0;3587;0;0;133;0;122;0;
26807;6116090;1262084096;33566720;1446670336;0;0;0;0;0;0;0;0;0;0;0;4519;0;0;133;0;122;0;
26808;5683599;1262084096;33566720;1446670336;0;0;0;0;0;0;0;0;0;0;0;3106;0;0;133;0;122;0;
26809;5091158;1262084096;33566720;1446670336;0;0;0;0;0;0;0;0;0;0;0;3096;0;0;133;0;122;0;
26810;5315037;1262084096;33566720;1446670336;0;0;0;0;0;0;0;0;0;0;0;3196;0;0;133;0;122;0;
26811;4391295;1262084096;33566720;1446670336;0;0;0;0;0;0;0;0;0;0;0;3577;0;0;133;0;122;0;
26812;5475328;1262084096;33566720;1446670336;0;0;0;0;0;0;0;0;0;0;0;3066;0;0;133;0;122;0;
26813;5035244;1262084096;33566720;1446670336;0;0;0;0;0;0;0;0;0;0;0;3316;0;0;133;0;122;0;
26814;5036345;1262084096;33566720;1446670336;0;0;0;0;0;0;0;0;0;0;0;2395;0;0;133;0;122;0;
26815;4205437;1262084096;33566720;1446670336;0;0;0;0;0;0;0;0;0;0;0;3096;0;0;133;0;122;0;
26816;5070248;1262084096;33566720;1446670336;0;0;0;0;0;0;0;0;0;0;0;2614;0;0;133;0;122;0;
26817;4463972;1262084096;33566720;1446670336;0;0;0;0;0;0;0;0;0;0;0;3536;0;0;133;0;122;0;
26818;11237485;1262084096;33566720;1446670336;0;0;0;0;0;0;0;0;0;0;0;2826;0;0;133;0;122;0;
26819;6094279;1262084096;33566720;1446670336;0;0;0;0;0;0;0;0;0;0;0;3086;0;0;133;0;122;0;
26820;5921014;1262084096;33566720;1446670336;0;0;0;0;0;0;0;0;0;0;0;3818;0;0;133;0;122;0;
26821;4049164;1262084096;33566720;1446670336;0;0;0;0;0;0;0;0;0;0;0;2675;0;0;133;0;122;0;
26822;5558354;1262084096;33566720;1446670336;0;0;0;0;0;0;0;0;0;0;0;2836;0;0;133;0;122;0;
26823;4496393;1262084096;33566720;1446670336;0;0;0;0;0;0;0;0;0;0;0;2845;0;0;133;0;122;0;
26824;6263466;1262084096;33566720;1446670336;0;0;0;0;0;0;0;0;0;0;0;3086;0;0;133;0;122;0;
26825;3855640;1262084096;33566720;1446670336;0;0;0;0;0;0;0;0;0;0;0;4188;0;0;133;0;122;0;
26826;6828867;1262084096;33566720;1446670336;0;0;0;0;0;0;0;0;0;0;0;3216;0;0;133;0;122;0;
26827;4601610;1262084096;33566720;1446670336;0;0;0;0;0;0;0;0;0;0;0;3045;0;0;133;0;122;0;
26828;6359376;1262084096;33566720;1446670336;0;0;0;0;0;0;0;0;0;0;0;3105;0;0;133;0;122;0;
26829;3751084;1262084096;33566720;1446670336;0;0;0;0;0;0;0;0;0;0;0;2455;0;0;133;0;122;0;
26830;5502069;1262084096;33566720;1446670336;0;0;0;0;0;0;0;0;0;0;0;3466;0;0;133;0;122;0;
26831;4635574;1262084096;33566720;1446670336;0;0;0;0;0;0;0;0;0;0;0;4388;0;0;133;0;122;0;
26832;5322662;1262084096;33566720;1446670336;0;0;0;0;0;0;0;0;0;0;0;3166;0;0;133;0;122;0;
26833;4464453;1262084096;33566720;1446670336;0;0;0;0;0;0;0;0;0;0;0;2986;0;0;133;0;122;0;
26834;6571023;1262084096;33566720;1446670336;0;0;0;0;0;0;0;0;0;0;0;3156;0;0;133;0;122;0;
26835;4940906;1262084096;33566720;1446670336;0;0;0;0;0;0;0;0;0;0;0;3637;0;0;133;0;122;0;
26836;4995849;1262084096;33566720;1446670336;0;0;0;0;0;0;0;0;0;0;0;2645;0;0;133;0;122;0;
26837;6060887;1262084096;33566720;1446670336;0;0;0;0;0;0;0;0;0;0;0;3125;0;0;133;0;122;0;
26838;6898848;1262084096;33566720;1446670336;0;0;0;0;0;0;0;0;0;0;0;3797;0;0;133;0;122;0;
26839;4240984;1262084096;33566720;1446670336;0;0;0;0;0;0;0;0;0;0;0;3366;0;0;133;0;122;0;
26840;6917413;1262084096;33566720;1446670336;0;0;0;0;0;0;0;0;0;0;0;4048;0;0;133;0;122;0;
26841;5418582;1262084096;33566720;1446670336;0;0;0;0;0;0;0;0;0;0;0;3767;0;0;133;0;122;0;
26842;7768950;1262084096;33570816;1446674432;0;0;0;0;0;0;0;0;0;0;0;3967;0;0;133;0;122;0;
26843;4797427;1262084096;33574912;1446678528;0;0;0;0;0;0;0;0;0;0;0;4017;0;0;133;0;122;0;
26844;7867604;1262084096;33574912;1446678528;0;0;0;0;0;0;0;0;0;0;0;4468;0;0;133;0;122;0;
26845;5020085;1262084096;33574912;1446678528;0;0;0;0;0;0;0;0;0;0;0;4459;0;0;133;0;122;0;
26846;5646669;1262084096;33574912;1446678528;0;0;0;0;0;0;0;0;0;0;0;3467;0;0;133;0;122;0;
26847;4681089;1262084096;33574912;1446678528;0;0;0;0;0;0;0;0;0;0;0;3407;0;0;133;0;122;0;
26848;6681761;1262084096;33574912;1446678528;0;0;0;0;0;0;0;0;0;0;0;4338;0;0;133;0;122;0;
26849;4420921;1262084096;33566720;1446670336;0;0;0;0;0;0;0;0;0;0;0;3085;0;0;133;0;122;0;
26850;5588351;1262084096;33566720;1446670336;0;0;0;0;0;0;0;0;0;0;0;3547;0;0;133;0;122;0;
26851;6420561;1262084096;33566720;1446670336;0;0;0;0;0;0;0;0;0;0;0;3827;0;0;133;0;122;0;
26852;6954543;1262084096;33566720;1446670336;0;0;0;0;0;0;0;0;0;0;0;3797;0;0;133;0;122;0;
26853;4544433;1262084096;33566720;1446670336;0;0;0;0;0;0;0;0;0;0;0;2976;0;0;133;0;122;0;
26854;6505941;1262084096;33566720;1446670336;0;0;0;0;0;0;0;0;0;0;0;3366;0;0;133;0;122;0;
26855;5120994;1262084096;33566720;1446670336;0;0;0;0;0;0;0;0;0;0;0;3206;0;0;133;0;122;0;
26856;6815952;1262084096;33566720;1446670336;0;0;0;0;0;0;0;0;0;0;0;3566;0;0;133;0;122;0;
26857;4818356;1262084096;33566720;1446670336;0;0;0;0;0;0;0;0;0;0;0;3817;0;0;133;0;122;0;
26858;6766450;1262084096;33566720;1446670336;0;0;0;0;0;0;0;0;0;0;0;4248;0;0;133;0;122;0;
26859;4790194;1262084096;33566720;1446670336;0;0;0;0;0;0;0;0;0;0;0;3567;0;0;133;0;122;0;
26860;5762567;1262084096;33566720;1446670336;0;0;0;0;0;0;0;0;0;0;0;3787;0;0;133;0;122;0;
26861;5618857;1262084096;33566720;1446670336;0;0;0;0;0;0;0;0;0;0;0;3466;0;0;133;0;122;0;
26862;6640643;1262084096;33566720;1446670336;0;0;0;0;0;0;0;0;0;0;0;3316;0;0;133;0;122;0;
26863;4034506;1262084096;33566720;1446670336;0;0;0;0;0;0;0;0;0;0;0;4759;0;0;133;0;122;0;
26864;6475775;1262084096;33566720;1446670336;0;0;0;0;0;0;0;0;0;0;0;3567;0;0;133;0;122;0;
26865;3751255;1262084096;33566720;1446670336;0;0;0;0;0;0;0;0;0;0;0;3647;0;0;133;0;122;0;
26866;6523935;1262084096;33566720;1446670336;0;0;0;0;0;0;0;0;0;0;0;3146;0;0;133;0;122;0;
26867;4603153;1262084096;33566720;1446670336;0;0;0;0;0;0;0;0;0;0;0;3186;0;0;133;0;122;0;
26868;7514743;1262084096;33566720;1446670336;0;0;0;0;0;0;0;0;0;0;0;4519;0;0;133;0;122;0;
26869;6536178;1262084096;33566720;1446670336;0;0;0;0;0;0;0;0;0;0;0;3286;0;0;133;0;122;0;
26870;10176585;1262084096;33566720;1446670336;0;0;0;0;0;0;0;0;0;0;0;4188;0;0;133;0;122;0;
26871;7817270;1262084096;33566720;1446670336;0;0;0;0;0;0;0;0;0;0;0;4038;0;0;133;0;122;0;
26872;7536915;1262084096;33566720;1446670336;0;0;0;0;0;0;0;0;0;0;0;3557;0;0;133;0;122;0;
26873;5072132;1262084096;33566720;1446670336;0;0;0;0;0;0;0;0;0;0;0;3497;0;0;133;0;122;0;
26874;6726995;1262084096;33566720;1446670336;0;0;0;0;0;0;0;0;0;0;0;3687;0;0;133;0;122;0;
26875;4750969;1262084096;33566720;1446670336;0;0;0;0;0;0;0;0;0;0;0;3616;0;0;133;0;122;0;
26876;5999621;1262084096;33566720;1446670336;0;0;0;0;0;0;0;0;0;0;0;4468;0;0;133;0;122;0;
26877;5587549;1262084096;33566720;1446670336;0;0;0;0;0;0;0;0;0;0;0;3386;0;0;133;0;122;0;
26878;6204325;1262084096;33566720;1446670336;0;0;0;0;0;0;0;0;0;0;0;5991;0;0;133;0;122;0;
26879;5725207;1262084096;33566720;1446670336;0;0;0;0;0;0;0;0;0;0;0;2926;0;0;133;0;122;0;
26880;5092811;1262084096;33566720;1446670336;0;0;0;0;0;0;0;0;0;0;0;3056;0;0;133;0;122;0;
26881;5017550;1262084096;33566720;1446670336;0;0;0;0;0;0;0;0;0;0;0;3597;0;0;133;0;122;0;
26882;6277452;1262084096;33566720;1446670336;0;0;0;0;0;0;0;0;0;0;0;3336;0;0;133;0;122;0;
26883;5441555;1262084096;33566720;1446670336;0;0;0;0;0;0;0;0;0;0;0;3316;0;0;133;0;122;0;
26884;6346532;1262084096;33566720;1446670336;0;0;0;0;0;0;0;0;0;0;0;4048;0;0;133;0;122;0;
26885;5048719;1262084096;33566720;1446670336;0;0;0;0;0;0;0;0;0;0;0;3236;0;0;133;0;122;0;
26886;7095807;1262084096;33566720;1446670336;0;0;0;0;0;0;0;0;0;0;0;3025;0;0;133;0;122;0;
26887;5997898;1262084096;33566720;1446670336;0;0;0;0;0;0;0;0;0;0;0;3126;0;0;133;0;122;0;
26888;7763720;1262084096;33566720;1446670336;0;0;0;0;0;0;0;0;0;0;0;3286;0;0;133;0;122;0;
26889;6010482;1262084096;33566720;1446670336;0;0;0;0;0;0;0;0;0;0;0;3778;0;0;133;0;122;0;
26890;6868612;1262084096;33566720;1446670336;0;0;0;0;0;0;0;0;0;0;0;3376;0;0;133;0;122;0;
26891;5571369;1262084096;33566720;1446670336;0;0;0;0;0;0;0;0;0;0;0;3556;0;0;133;0;122;0;
26892;6532992;1262084096;33566720;1446670336;0;0;0;0;0;0;0;0;0;0;0;3306;0;0;133;0;122;0;
26893;5708475;1262084096;33566720;1446670336;0;0;0;0;0;0;0;0;0;0;0;3527;0;0;133;0;122;0;
26894;6638269;1262084096;33566720;1446670336;0;0;0;0;0;0;0;0;0;0;0;4147;0;0;133;0;122;0;
26895;5518420;1262084096;33566720;1446670336;0;0;0;0;0;0;0;0;0;0;0;3347;0;0;133;0;122;0;
26896;5943757;1262084096;33566720;1446670336;0;0;0;0;0;0;0;0;0;0;0;3236;0;0;133;0;122;0;
26897;7269773;1262084096;33566720;1446670336;0;0;0;0;0;0;0;0;0;0;0;3777;0;0;133;0;122;0;
26898;7768879;1262084096;33566720;1446670336;0;0;0;0;0;0;0;0;0;0;0;3577;0;0;133;0;122;0;
26899;4149412;1262084096;33566720;1446670336;0;0;0;0;0;0;0;0;0;0;0;3717;0;0;133;0;122;0;
26900;6415121;1262084096;33566720;1446670336;0;0;0;0;0;0;0;0;0;0;0;3617;0;0;133;0;122;0;
26901;5097871;1262084096;33566720;1446670336;0;0;0;0;0;0;0;0;0;0;0;3055;0;0;133;0;122;0;
26902;5691494;1262084096;33566720;1446670336;0;0;0;0;0;0;0;0;0;0;0;3497;0;0;133;0;122;0;
26903;5992889;1262084096;33566720;1446670336;0;0;0;0;0;0;0;0;0;0;0;3878;0;0;133;0;122;0;
26904;6572035;1262084096;33566720;1446670336;0;0;0;0;0;0;0;0;0;0;0;3326;0;0;133;0;122;0;
26905;4650502;1262084096;33566720;1446670336;0;0;0;0;0;0;0;0;0;0;0;3015;0;0;133;0;122;0;
26906;6902835;1262084096;33566720;1446670336;0;0;0;0;0;0;0;0;0;0;0;4238;0;0;133;0;122;0;
26907;5385631;1262084096;33566720;1446670336;0;0;0;0;0;0;0;0;0;0;0;3647;0;0;133;0;122;0;
26908;6495161;1262084096;33566720;1446670336;0;0;0;0;0;0;0;0;0;0;0;3988;0;0;133;0;122;0;
26909;5425505;1262084096;33566720;1446670336;0;0;0;0;0;0;0;0;0;0;0;3507;0;0;133;0;122;0;
26910;6722176;1262084096;33566720;1446670336;0;0;0;0;0;0;0;0;0;0;0;3497;0;0;133;0;122;0;
26911;5766514;1262084096;33566720;1446670336;0;0;0;0;0;0;0;0;0;0;0;3116;0;0;133;0;122;0;
26912;6797027;1262084096;33566720;1446670336;0;0;0;0;0;0;0;0;0;0;0;3256;0;0;133;0;122;0;
26913;5081539;1262084096;33566720;1446670336;0;0;0;0;0;0;0;0;0;0;0;3076;0;0;133;0;122;0;
26914;7087552;1262084096;33566720;1446670336;0;0;0;0;0;0;0;0;0;0;0;3607;0;0;133;0;122;0;
26915;4902534;1262084096;33566720;1446670336;0;0;0;0;0;0;0;0;0;0;0;3096;0;0;133;0;122;0;
26916;6709844;1262084096;33566720;1446670336;0;0;0;0;0;0;0;0;0;0;0;3386;0;0;133;0;122;0;
26917;4733758;1262084096;33566720;1446670336;0;0;0;0;0;0;0;0;0;0;0;3577;0;0;133;0;122;0;
26918;8075494;1262084096;33566720;1446670336;0;0;0;0;0;0;0;0;0;0;0;4518;0;0;133;0;122;0;
26919;5677388;1262084096;33566720;1446670336;0;0;0;0;0;0;0;0;0;0;0;4278;0;0;133;0;122;0;
26920;5529440;1262084096;33566720;1446670336;0;0;0;0;0;0;0;0;0;0;0;2895;0;0;133;0;122;0;
26921;5221673;1262084096;33566720;1446670336;0;0;0;0;0;0;0;0;0;0;0;3797;0;0;133;0;122;0;
26922;7077704;1262084096;33566720;1446670336;0;0;0;0;0;0;0;0;0;0;0;6142;0;0;133;0;122;0;
26923;5947454;1262084096;33566720;1446670336;0;0;0;0;0;0;0;0;0;0;0;2765;0;0;133;0;122;0;
26924;7607167;1262084096;33566720;1446670336;0;0;0;0;0;0;0;0;0;0;0;4289;0;0;133;0;122;0;
26925;4053521;1262084096;33566720;1446670336;0;0;0;0;0;0;0;0;0;0;0;3136;0;0;133;0;122;0;
26926;6156526;1262084096;33566720;1446670336;0;0;0;0;0;0;0;0;0;0;0;4248;0;0;133;0;122;0;
26927;5737971;1262084096;33566720;1446670336;0;0;0;0;0;0;0;0;0;0;0;3016;0;0;133;0;122;0;
26928;7489846;1262084096;33566720;1446670336;0;0;0;0;0;0;0;0;0;0;0;3456;0;0;133;0;122;0;
26929;4322086;1262084096;33566720;1446670336;0;0;0;0;0;0;0;0;0;0;0;3216;0;0;133;0;122;0;
26930;7622485;1262084096;33566720;1446670336;0;0;0;0;0;0;0;0;0;0;0;4950;0;0;133;0;122;0;
26931;3570866;1262084096;33566720;1446670336;0;0;0;0;0;0;0;0;0;0;0;3096;0;0;133;0;122;0;
26932;5904223;1262084096;33566720;1446670336;0;0;0;0;0;0;0;0;0;0;0;4057;0;0;133;0;122;0;
26933;4675679;1262084096;33566720;1446670336;0;0;0;0;0;0;0;0;0;0;0;3676;0;0;133;0;122;0;
26934;5988961;1262084096;33566720;1446670336;0;0;0;0;0;0;0;0;0;0;0;4238;0;0;133;0;122;0;
26935;3796700;1262084096;33566720;1446670336;0;0;0;0;0;0;0;0;0;0;0;3506;0;0;133;0;122;0;
26936;5800939;1262084096;33566720;1446670336;0;0;0;0;0;0;0;0;0;0;0;3978;0;0;133;0;122;0;
26937;4042221;1262084096;33566720;1446670336;0;0;0;0;0;0;0;0;0;0;0;2925;0;0;133;0;122;0;
26938;7012411;1262084096;33566720;1446670336;0;0;0;0;0;0;0;0;0;0;0;4078;0;0;133;0;122;0;
26939;2943060;1262084096;33566720;1446670336;0;0;0;0;0;0;0;0;0;0;0;3506;0;0;133;0;122;0;
26940;5165167;1262084096;33566720;1446670336;0;0;0;0;0;0;0;0;0;0;0;4559;0;0;133;0;122;0;
26941;4306466;1262084096;33566720;1446670336;0;0;0;0;0;0;0;0;0;0;0;3366;0;0;133;0;122;0;
26942;6743777;1262084096;33566720;1446670336;0;0;0;0;0;0;0;0;0;0;0;3898;0;0;133;0;122;0;
26943;4398659;1262084096;33566720;1446670336;0;0;0;0;0;0;0;0;0;0;0;4017;0;0;133;0;122;0;
26944;6175121;1262084096;33566720;1446670336;0;0;0;0;0;0;0;0;0;0;0;3306;0;0;133;0;122;0;
26945;4306196;1262084096;33566720;1446670336;0;0;0;0;0;0;0;0;0;0;0;3897;0;0;133;0;122;0;
26946;6281541;1262084096;33566720;1446670336;0;0;0;0;0;0;0;0;0;0;0;3166;0;0;133;0;122;0;
26947;4968658;1262084096;33566720;1446670336;0;0;0;0;0;0;0;0;0;0;0;3817;0;0;133;0;122;0;
26948;6673034;1262084096;33566720;1446670336;0;0;0;0;0;0;0;0;0;0;0;3356;0;0;133;0;122;0;
26949;5133698;1262084096;33566720;1446670336;0;0;0;0;0;0;0;0;0;0;0;3226;0;0;133;0;122;0;
26950;5662048;1262084096;33566720;1446670336;0;0;0;0;0;0;0;0;0;0;0;2936;0;0;133;0;122;0;
26951;4595448;1262084096;33566720;1446670336;0;0;0;0;0;0;0;0;0;0;0;4529;0;0;133;0;122;0;
26952;6733919;1262084096;33566720;1446670336;0;0;0;0;0;0;0;0;0;0;0;3546;0;0;133;0;122;0;
26953;3790378;1262084096;33566720;1446670336;0;0;0;0;0;0;0;0;0;0;0;3036;0;0;133;0;122;0;
26954;7344333;1262084096;33566720;1446670336;0;0;0;0;0;0;0;0;0;0;0;68439;0;0;133;0;122;0;
26955;5182269;1262084096;33566720;1446670336;0;0;0;0;0;0;0;0;0;0;0;2966;0;0;133;0;122;0;
26956;7104985;1262084096;33566720;1446670336;0;0;0;0;0;0;0;0;0;0;0;2575;0;0;133;0;122;0;
26957;3542374;1262084096;33566720;1446670336;0;0;0;0;0;0;0;0;0;0;0;4038;0;0;133;0;122;0;
26958;6867960;1262084096;33566720;1446670336;0;0;0;0;0;0;0;0;0;0;0;3597;0;0;133;0;122;0;
26959;4747774;1262084096;33566720;1446670336;0;0;0;0;0;0;0;0;0;0;0;3076;0;0;133;0;122;0;
26960;6484912;1262084096;33566720;1446670336;0;0;0;0;0;0;0;0;0;0;0;2575;0;0;133;0;122;0;
26961;4713149;1262084096;33566720;1446670336;0;0;0;0;0;0;0;0;0;0;0;3497;0;0;133;0;122;0;
26962;6995239;1262084096;33566720;1446670336;0;0;0;0;0;0;0;0;0;0;0;3276;0;0;133;0;122;0;
26963;4202852;1262084096;33566720;1446670336;0;0;0;0;0;0;0;0;0;0;0;6372;0;0;133;0;122;0;
26964;5901528;1262084096;33566720;1446670336;0;0;0;0;0;0;0;0;0;0;0;5050;0;0;133;0;122;0;
26965;4546686;1262084096;33566720;1446670336;0;0;0;0;0;0;0;0;0;0;0;3727;0;0;133;0;122;0;
26966;6054856;1262084096;33566720;1446670336;0;0;0;0;0;0;0;0;0;0;0;2845;0;0;133;0;122;0;
26967;3825093;1262084096;33566720;1446670336;0;0;0;0;0;0;0;0;0;0;0;2996;0;0;133;0;122;0;
26968;5854399;1262084096;33566720;1446670336;0;0;0;0;0;0;0;0;0;0;0;2725;0;0;133;0;122;0;
26969;4875514;1262084096;33566720;1446670336;0;0;0;0;0;0;0;0;0;0;0;3787;0;0;133;0;122;0;
26970;6556346;1262084096;33566720;1446670336;0;0;0;0;0;0;0;0;0;0;0;3166;0;0;133;0;122;0;
26971;4002186;1262084096;33566720;1446670336;0;0;0;0;0;0;0;0;0;0;0;2825;0;0;133;0;122;0;
26972;6895902;1262084096;33566720;1446670336;0;0;0;0;0;0;0;0;0;0;0;4398;0;0;133;0;122;0;
26973;4603374;1262084096;33566720;1446670336;0;0;0;0;0;0;0;0;0;0;0;3316;0;0;133;0;122;0;
26974;6258437;1262084096;33566720;1446670336;0;0;0;0;0;0;0;0;0;0;0;4288;0;0;133;0;122;0;
26975;3629207;1262084096;33566720;1446670336;0;0;0;0;0;0;0;0;0;0;0;3266;0;0;133;0;122;0;
26976;6936950;1262084096;33566720;1446670336;0;0;0;0;0;0;0;0;0;0;0;3677;0;0;133;0;122;0;
26977;3632482;1262084096;33566720;1446670336;0;0;0;0;0;0;0;0;0;0;0;2905;0;0;133;0;122;0;
26978;7073586;1262084096;33566720;1446670336;0;0;0;0;0;0;0;0;0;0;0;4018;0;0;133;0;122;0;
26979;3711380;1262084096;33566720;1446670336;0;0;0;0;0;0;0;0;0;0;0;3096;0;0;133;0;122;0;
26980;6597743;1262084096;33566720;1446670336;0;0;0;0;0;0;0;0;0;0;0;3436;0;0;133;0;122;0;
26981;3846634;1262084096;33566720;1446670336;0;0;0;0;0;0;0;0;0;0;0;2985;0;0;133;0;122;0;
26982;5490337;1262084096;33566720;1446670336;0;0;0;0;0;0;0;0;0;0;0;3817;0;0;133;0;122;0;
26983;4150674;1262084096;33566720;1446670336;0;0;0;0;0;0;0;0;0;0;0;3386;0;0;133;0;122;0;
26984;5716831;1262084096;33566720;1446670336;0;0;0;0;0;0;0;0;0;0;0;3326;0;0;133;0;122;0;
26985;4131037;1262084096;33566720;1446670336;0;0;0;0;0;0;0;0;0;0;0;3206;0;0;133;0;122;0;
26986;5468215;1262084096;33566720;1446670336;0;0;0;0;0;0;0;0;0;0;0;3066;0;0;133;0;122;0;
26987;4064993;1262084096;33566720;1446670336;0;0;0;0;0;0;0;0;0;0;0;2835;0;0;133;0;122;0;
26988;5718024;1262084096;33566720;1446670336;0;0;0;0;0;0;0;0;0;0;0;2394;0;0;133;0;122;0;
26989;3823951;1262084096;33566720;1446670336;0;0;0;0;0;0;0;0;0;0;0;3707;0;0;133;0;122;0;
26990;5787413;1262084096;33566720;1446670336;0;0;0;0;0;0;0;0;0;0;0;2745;0;0;133;0;122;0;
26991;4377259;1262084096;33566720;1446670336;0;0;0;0;0;0;0;0;0;0;0;2805;0;0;133;0;122;0;
26992;8284016;1262084096;33566720;1446670336;0;0;0;0;0;0;0;0;0;0;0;3166;0;0;133;0;122;0;
26993;10033707;1262084096;33566720;1446670336;0;0;0;0;0;0;0;0;0;0;0;4038;0;0;133;0;122;0;
26994;7429864;1262084096;33566720;1446670336;0;0;0;0;0;0;0;0;0;0;0;2875;0;0;133;0;122;0;
26995;4522892;1262084096;33566720;1446670336;0;0;0;0;0;0;0;0;0;0;0;3427;0;0;133;0;122;0;
26996;5813182;1262084096;33566720;1446670336;0;0;0;0;0;0;0;0;0;0;0;2865;0;0;133;0;122;0;
26997;5646349;1262084096;33566720;1446670336;0;0;0;0;0;0;0;0;0;0;0;3166;0;0;133;0;122;0;
26998;5750274;1262084096;33566720;1446670336;0;0;0;0;0;0;0;0;0;0;0;2805;0;0;133;0;122;0;
26999;4522482;1262084096;33566720;1446670336;0;0;0;0;0;0;0;0;0;0;0;3867;0;0;133;0;122;0;
27000;5146262;1262084096;33566720;1446670336;0;0;0;0;0;0;0;0;0;0;0;3336;0;0;133;0;122;0;
27001;3639024;1262084096;33566720;1446670336;0;0;0;0;0;0;0;0;0;0;0;4088;0;0;133;0;122;0;
27002;6103928;1262084096;33566720;1446670336;0;0;0;0;0;0;0;0;0;0;0;2945;0;0;133;0;122;0;
27003;2807475;1262084096;33566720;1446670336;0;0;0;0;0;0;0;0;0;0;0;4067;0;0;133;0;122;0;
27004;5431497;1262084096;33566720;1446670336;0;0;0;0;0;0;0;0;0;0;0;3056;0;0;133;0;122;0;
27005;4189547;1262084096;33566720;1446670336;0;0;0;0;0;0;0;0;0;0;0;3446;0;0;133;0;122;0;
27006;5165497;1262084096;33566720;1446670336;0;0;0;0;0;0;0;0;0;0;0;3988;0;0;133;0;122;0;
27007;4424127;1262084096;33566720;1446670336;0;0;0;0;0;0;0;0;0;0;0;2875;0;0;133;0;122;0;
27008;5918600;1262084096;33566720;1446670336;0;0;0;0;0;0;0;0;0;0;0;3136;0;0;133;0;122;0;
27009;4486363;1262084096;33566720;1446670336;0;0;0;0;0;0;0;0;0;0;0;5230;0;0;133;0;122;0;
27010;6564811;1262084096;33566720;1446670336;0;0;0;0;0;0;0;0;0;0;0;3136;0;0;133;0;122;0;
27011;3984583;1262084096;33566720;1446670336;0;0;0;0;0;0;0;0;0;0;0;3116;0;0;133;0;122;0;
27012;5866372;1262084096;33566720;1446670336;0;0;0;0;0;0;0;0;0;0;0;4138;0;0;133;0;122;0;
27013;3236390;1262084096;33566720;1446670336;0;0;0;0;0;0;0;0;0;0;0;3267;0;0;133;0;122;0;
27014;5544007;1262084096;33566720;1446670336;0;0;0;0;0;0;0;0;0;0;0;2855;0;0;133;0;122;0;
27015;3535680;1262084096;33566720;1446670336;0;0;0;0;0;0;0;0;0;0;0;2845;0;0;133;0;122;0;
27016;4878830;1262084096;33566720;1446670336;0;0;0;0;0;0;0;0;0;0;0;2304;0;0;133;0;122;0;
27017;3719315;1262084096;33566720;1446670336;0;0;0;0;0;0;0;0;0;0;0;2855;0;0;133;0;122;0;
27018;4856769;1262084096;33566720;1446670336;0;0;0;0;0;0;0;0;0;0;0;2444;0;0;133;0;122;0;
27019;2935586;1262084096;33566720;1446670336;0;0;0;0;0;0;0;0;0;0;0;2826;0;0;133;0;122;0;
27020;5184142;1262084096;33570816;1446674432;0;0;0;0;0;0;0;0;0;0;0;2826;0;0;133;0;122;0;
27021;2439976;1262084096;33574912;1446678528;0;0;0;0;0;0;0;0;0;0;0;2695;0;0;133;0;122;0;
27022;4599776;1262084096;33574912;1446678528;0;0;0;0;0;0;0;0;0;0;0;2314;0;0;133;0;122;0;
27023;3575636;1262084096;33574912;1446678528;0;0;0;0;0;0;0;0;0;0;0;2715;0;0;133;0;122;0;
27024;5278550;1262084096;33574912;1446678528;0;0;0;0;0;0;0;0;0;0;0;2294;0;0;133;0;122;0;
27025;3366624;1262084096;33574912;1446678528;0;0;0;0;0;0;0;0;0;0;0;4108;0;0;133;0;122;0;
27026;6156747;1262084096;33574912;1446678528;0;0;0;0;0;0;0;0;0;0;0;4348;0;0;133;0;122;0;
27027;5841565;1262084096;33566720;1446670336;0;0;0;0;0;0;0;0;0;0;0;3226;0;0;133;0;122;0;
27028;6593455;1262084096;33566720;1446670336;0;0;0;0;0;0;0;0;0;0;0;2265;0;0;133;0;122;0;
27029;4597762;1262084096;33566720;1446670336;0;0;0;0;0;0;0;0;0;0;0;3366;0;0;133;0;122;0;
27030;6274927;1262084096;33566720;1446670336;0;0;0;0;0;0;0;0;0;0;0;2945;0;0;133;0;122;0;
27031;5053237;1262084096;33566720;1446670336;0;0;0;0;0;0;0;0;0;0;0;4669;0;0;133;0;122;0;
27032;6596852;1262084096;33566720;1446670336;0;0;0;0;0;0;0;0;0;0;0;2775;0;0;133;0;122;0;
27033;4830920;1262084096;33566720;1446670336;0;0;0;0;0;0;0;0;0;0;0;4088;0;0;133;0;122;0;
27034;6559150;1262084096;33566720;1446670336;0;0;0;0;0;0;0;0;0;0;0;4558;0;0;133;0;122;0;
27035;2890932;1262084096;33566720;1446670336;0;0;0;0;0;0;0;0;0;0;0;3045;0;0;133;0;122;0;
27036;5060260;1262084096;33566720;1446670336;0;0;0;0;0;0;0;0;0;0;0;2505;0;0;133;0;122;0;
27037;3873234;1262084096;33566720;1446670336;0;0;0;0;0;0;0;0;0;0;0;3587;0;0;133;0;122;0;
27038;4879672;1262084096;33566720;1446670336;0;0;0;0;0;0;0;0;0;0;0;2685;0;0;133;0;122;0;
27039;3731879;1262084096;33566720;1446670336;0;0;0;0;0;0;0;0;0;0;0;2925;0;0;133;0;122;0;
27040;5606614;1262084096;33566720;1446670336;0;0;0;0;0;0;0;0;0;0;0;3406;0;0;133;0;122;0;
27041;3582869;1262084096;33566720;1446670336;0;0;0;0;0;0;0;0;0;0;0;3316;0;0;133;0;122;0;
27042;5154988;1262084096;33566720;1446670336;0;0;0;0;0;0;0;0;0;0;0;2906;0;0;133;0;122;0;
27043;4095301;1262084096;33566720;1446670336;0;0;0;0;0;0;0;0;0;0;0;3357;0;0;133;0;122;0;
27044;5184693;1262084096;33566720;1446670336;0;0;0;0;0;0;0;0;0;0;0;2305;0;0;133;0;122;0;
27045;3016387;1262084096;33566720;1446670336;0;0;0;0;0;0;0;0;0;0;0;2915;0;0;133;0;122;0;
27046;5649225;1262084096;33566720;1446670336;0;0;0;0;0;0;0;0;0;0;0;2474;0;0;133;0;122;0;
27047;3342358;1262084096;33566720;1446670336;0;0;0;0;0;0;0;0;0;0;0;3326;0;0;133;0;122;0;
27048;5411318;1262084096;33566720;1446670336;0;0;0;0;0;0;0;0;0;0;0;2304;0;0;133;0;122;0;
27049;4999216;1262084096;33566720;1446670336;0;0;0;0;0;0;0;0;0;0;0;3006;0;0;133;0;122;0;
27050;4852640;1262084096;33566720;1446670336;0;0;0;0;0;0;0;0;0;0;0;2806;0;0;133;0;122;0;
27051;4092865;1262084096;33566720;1446670336;0;0;0;0;0;0;0;0;0;0;0;4439;0;0;133;0;122;0;
27052;5550439;1262084096;33566720;1446670336;0;0;0;0;0;0;0;0;0;0;0;3146;0;0;133;0;122;0;
27053;4556224;1262084096;33566720;1446670336;0;0;0;0;0;0;0;0;0;0;0;3086;0;0;133;0;122;0;
27054;5618597;1262084096;33566720;1446670336;0;0;0;0;0;0;0;0;0;0;0;3306;0;0;133;0;122;0;
27055;3596746;1262084096;33566720;1446670336;0;0;0;0;0;0;0;0;0;0;0;3607;0;0;133;0;122;0;
27056;6298162;1262084096;33566720;1446670336;0;0;0;0;0;0;0;0;0;0;0;2805;0;0;133;0;122;0;
27057;3930391;1262084096;33566720;1446670336;0;0;0;0;0;0;0;0;0;0;0;3036;0;0;133;0;122;0;
27058;5458797;1262084096;33566720;1446670336;0;0;0;0;0;0;0;0;0;0;0;2925;0;0;133;0;122;0;
27059;3863034;1262084096;33566720;1446670336;0;0;0;0;0;0;0;0;0;0;0;3046;0;0;133;0;122;0;
27060;5793525;1262084096;33566720;1446670336;0;0;0;0;0;0;0;0;0;0;0;2805;0;0;133;0;122;0;
27061;3479535;1262084096;33566720;1446670336;0;0;0;0;0;0;0;0;0;0;0;2795;0;0;133;0;122;0;
27062;4860726;1262084096;33566720;1446670336;0;0;0;0;0;0;0;0;0;0;0;3386;0;0;133;0;122;0;
27063;3846634;1262084096;33566720;1446670336;0;0;0;0;0;0;0;0;0;0;0;3246;0;0;133;0;122;0;
27064;5535482;1262084096;33566720;1446670336;0;0;0;0;0;0;0;0;0;0;0;2926;0;0;133;0;122;0;
27065;3831025;1262084096;33566720;1446670336;0;0;0;0;0;0;0;0;0;0;0;3036;0;0;133;0;122;0;
27066;5354592;1262084096;33566720;1446670336;0;0;0;0;0;0;0;0;0;0;0;2304;0;0;133;0;122;0;
27067;4458882;1262084096;33566720;1446670336;0;0;0;0;0;0;0;0;0;0;0;3727;0;0;133;0;122;0;
27068;5086900;1262084096;33566720;1446670336;0;0;0;0;0;0;0;0;0;0;0;3477;0;0;133;0;122;0;
27069;4692661;1262084096;33566720;1446670336;0;0;0;0;0;0;0;0;0;0;0;3357;0;0;133;0;122;0;
27070;4858121;1262084096;33566720;1446670336;0;0;0;0;0;0;0;0;0;0;0;2595;0;0;133;0;122;0;
27071;3584402;1262084096;33566720;1446670336;0;0;0;0;0;0;0;0;0;0;0;3116;0;0;133;0;122;0;
27072;5670645;1262084096;33566720;1446670336;0;0;0;0;0;0;0;0;0;0;0;2705;0;0;133;0;122;0;
27073;2786145;1262084096;33566720;1446670336;0;0;0;0;0;0;0;0;0;0;0;3256;0;0;133;0;122;0;
27074;5018131;1262084096;33566720;1446670336;0;0;0;0;0;0;0;0;0;0;0;2164;0;0;133;0;122;0;
27075;2950253;1262084096;33566720;1446670336;0;0;0;0;0;0;0;0;0;0;0;2605;0;0;133;0;122;0;
27076;4945414;1262084096;33566720;1446670336;0;0;0;0;0;0;0;0;0;0;0;2114;0;0;133;0;122;0;
27077;3939027;1262084096;33566720;1446670336;0;0;0;0;0;0;0;0;0;0;0;2475;0;0;133;0;122;0;
27078;4836921;1262084096;33566720;1446670336;0;0;0;0;0;0;0;0;0;0;0;2645;0;0;133;0;122;0;
27079;4175060;1262084096;33566720;1446670336;0;0;0;0;0;0;0;0;0;0;0;2946;0;0;133;0;122;0;
27080;4732435;1262084096;33566720;1446670336;0;0;0;0;0;0;0;0;0;0;0;2835;0;0;133;0;122;0;
27081;4170882;1262084096;33566720;1446670336;0;0;0;0;0;0;0;0;0;0;0;3026;0;0;133;0;122;0;
27082;4779122;1262084096;33566720;1446670336;0;0;0;0;0;0;0;0;0;0;0;3296;0;0;133;0;122;0;
27083;3343981;1262084096;33566720;1446670336;0;0;0;0;0;0;0;0;0;0;0;3226;0;0;133;0;122;0;
27084;5294339;1262084096;33566720;1446670336;0;0;0;0;0;0;0;0;0;0;0;3456;0;0;133;0;122;0;
27085;3146341;1262084096;33566720;1446670336;0;0;0;0;0;0;0;0;0;0;0;2815;0;0;133;0;122;0;
27086;5216132;1262084096;33566720;1446670336;0;0;0;0;0;0;0;0;0;0;0;2706;0;0;133;0;122;0;
27087;3311440;1262084096;33566720;1446670336;0;0;0;0;0;0;0;0;0;0;0;2445;0;0;133;0;122;0;
27088;5040392;1262084096;33566720;1446670336;0;0;0;0;0;0;0;0;0;0;0;2394;0;0;133;0;122;0;
27089;3882712;1262084096;33566720;1446670336;0;0;0;0;0;0;0;0;0;0;0;2845;0;0;133;0;122;0;
27090;5327491;1262084096;33566720;1446670336;0;0;0;0;0;0;0;0;0;0;0;3146;0;0;133;0;122;0;
27091;3819473;1262084096;33566720;1446670336;0;0;0;0;0;0;0;0;0;0;0;3607;0;0;133;0;122;0;
27092;5173352;1262084096;33566720;1446670336;0;0;0;0;0;0;0;0;0;0;0;3126;0;0;133;0;122;0;
27093;4136337;1262084096;33566720;1446670336;0;0;0;0;0;0;0;0;0;0;0;3586;0;0;133;0;122;0;
27094;5712573;1262084096;33566720;1446670336;0;0;0;0;0;0;0;0;0;0;0;3086;0;0;133;0;122;0;
27095;3573281;1262084096;33566720;1446670336;0;0;0;0;0;0;0;0;0;0;0;2875;0;0;133;0;122;0;
27096;5911687;1262084096;33566720;1446670336;0;0;0;0;0;0;0;0;0;0;0;2956;0;0;133;0;122;0;
27097;3769239;1262084096;33566720;1446670336;0;0;0;0;0;0;0;0;0;0;0;3066;0;0;133;0;122;0;
27098;5988471;1262084096;33566720;1446670336;0;0;0;0;0;0;0;0;0;0;0;2725;0;0;133;0;122;0;
27099;3405316;1262084096;33566720;1446670336;0;0;0;0;0;0;0;0;0;0;0;2475;0;0;133;0;122;0;
27100;4695796;1262084096;33566720;1446670336;0;0;0;0;0;0;0;0;0;0;0;2254;0;0;133;0;122;0;
27101;3727651;1262084096;33566720;1446670336;0;0;0;0;0;0;0;0;0;0;0;3436;0;0;133;0;122;0;
27102;5280153;1262084096;33566720;1446670336;0;0;0;0;0;0;0;0;0;0;0;2465;0;0;133;0;122;0;
27103;2621947;1262084096;33566720;1446670336;0;0;0;0;0;0;0;0;0;0;0;2304;0;0;133;0;122;0;
27104;6780056;1262084096;33566720;1446670336;0;0;0;0;0;0;0;0;0;0;0;2515;0;0;133;0;122;0;
27105;3016638;1262084096;33566720;1446670336;0;0;0;0;0;0;0;0;0;0;0;3075;0;0;133;0;122;0;
27106;5896979;1262084096;33566720;1446670336;0;0;0;0;0;0;0;0;0;0;0;2304;0;0;133;0;122;0;
27107;3275944;1262084096;33566720;1446670336;0;0;0;0;0;0;0;0;0;0;0;2545;0;0;133;0;122;0;
27108;5175135;1262084096;33566720;1446670336;0;0;0;0;0;0;0;0;0;0;0;2425;0;0;133;0;122;0;
27109;4688233;1262084096;33566720;1446670336;0;0;0;0;0;0;0;0;0;0;0;3637;0;0;133;0;122;0;
27110;5117206;1262084096;33566720;1446670336;0;0;0;0;0;0;0;0;0;0;0;2324;0;0;133;0;122;0;
27111;5073825;1262084096;33566720;1446670336;0;0;0;0;0;0;0;0;0;0;0;3095;0;0;133;0;122;0;
27112;5089044;1262084096;33566720;1446670336;0;0;0;0;0;0;0;0;0;0;0;2475;0;0;133;0;122;0;
27113;6542089;1262084096;33566720;1446670336;0;0;0;0;0;0;0;0;0;0;0;3557;0;0;133;0;122;0;
27114;6158570;1262084096;33566720;1446670336;0;0;0;0;0;0;0;0;0;0;0;2806;0;0;133;0;122;0;
27115;5346376;1262084096;33566720;1446670336;0;0;0;0;0;0;0;0;0;0;0;3777;0;0;133;0;122;0;
27116;7123449;1262084096;33566720;1446670336;0;0;0;0;0;0;0;0;0;0;0;3647;0;0;133;0;122;0;
27117;4442030;1262084096;33566720;1446670336;0;0;0;0;0;0;0;0;0;0;0;3286;0;0;133;0;122;0;
27118;6459414;1262084096;33566720;1446670336;0;0;0;0;0;0;0;0;0;0;0;3397;0;0;133;0;122;0;
27119;4262194;1262084096;33566720;1446670336;0;0;0;0;0;0;0;0;0;0;0;3316;0;0;133;0;122;0;
27120;6336593;1262084096;33566720;1446670336;0;0;0;0;0;0;0;0;0;0;0;3206;0;0;133;0;122;0;
27121;4357572;1262084096;33566720;1446670336;0;0;0;0;0;0;0;0;0;0;0;3076;0;0;133;0;122;0;
27122;6895672;1262084096;33566720;1446670336;0;0;0;0;0;0;0;0;0;0;0;4789;0;0;133;0;122;0;
27123;4678314;1262084096;33566720;1446670336;0;0;0;0;0;0;0;0;0;0;0;3757;0;0;133;0;122;0;
27124;6836661;1262084096;33566720;1446670336;0;0;0;0;0;0;0;0;0;0;0;3567;0;0;133;0;122;0;
27125;4633560;1262084096;33566720;1446670336;0;0;0;0;0;0;0;0;0;0;0;3636;0;0;133;0;122;0;
27126;7279532;1262084096;33566720;1446670336;0;0;0;0;0;0;0;0;0;0;0;3316;0;0;133;0;122;0;
27127;5124230;1262084096;33566720;1446670336;0;0;0;0;0;0;0;0;0;0;0;3356;0;0;133;0;122;0;
27128;6433515;1262084096;33566720;1446670336;0;0;0;0;0;0;0;0;0;0;0;3797;0;0;133;0;122;0;
27129;4508756;1262084096;33566720;1446670336;0;0;0;0;0;0;0;0;0;0;0;3486;0;0;133;0;122;0;
27130;6204476;1262084096;33566720;1446670336;0;0;0;0;0;0;0;0;0;0;0;3507;0;0;133;0;122;0;
27131;5267629;1262084096;33566720;1446670336;0;0;0;0;0;0;0;0;0;0;0;3957;0;0;133;0;122;0;
27132;6941248;1262084096;33566720;1446670336;0;0;0;0;0;0;0;0;0;0;0;4117;0;0;133;0;122;0;
27133;6090803;1262084096;33566720;1446670336;0;0;0;0;0;0;0;0;0;0;0;3827;0;0;133;0;122;0;
27134;6479051;1262084096;33566720;1446670336;0;0;0;0;0;0;0;0;0;0;0;2986;0;0;133;0;122;0;
27135;3988840;1262084096;33566720;1446670336;0;0;0;0;0;0;0;0;0;0;0;4017;0;0;133;0;122;0;
27136;7271217;1262084096;33566720;1446670336;0;0;0;0;0;0;0;0;0;0;0;2475;0;0;133;0;122;0;
27137;4202111;1262084096;33566720;1446670336;0;0;0;0;0;0;0;0;0;0;0;3256;0;0;133;0;122;0;
27138;7499294;1262084096;33566720;1446670336;0;0;0;0;0;0;0;0;0;0;0;3327;0;0;133;0;122;0;
27139;5492611;1262084096;33566720;1446670336;0;0;0;0;0;0;0;0;0;0;0;4048;0;0;133;0;122;0;
27140;6288374;1262084096;33566720;1446670336;0;0;0;0;0;0;0;0;0;0;0;3977;0;0;133;0;122;0;
27141;4881595;1262084096;33566720;1446670336;0;0;0;0;0;0;0;0;0;0;0;3096;0;0;133;0;122;0;
27142;7629238;1262084096;33566720;1446670336;0;0;0;0;0;0;0;0;0;0;0;3256;0;0;133;0;122;0;
27143;6099539;1262084096;33566720;1446670336;0;0;0;0;0;0;0;0;0;0;0;4458;0;0;133;0;122;0;
27144;5910524;1262084096;33566720;1446670336;0;0;0;0;0;0;0;0;0;0;0;2715;0;0;133;0;122;0;
27145;5090547;1262084096;33566720;1446670336;0;0;0;0;0;0;0;0;0;0;0;3407;0;0;133;0;122;0;
27146;6660612;1262084096;33566720;1446670336;0;0;0;0;0;0;0;0;0;0;0;2555;0;0;133;0;122;0;
27147;4734699;1262084096;33566720;1446670336;0;0;0;0;0;0;0;0;0;0;0;2775;0;0;133;0;122;0;
27148;5948185;1262084096;33566720;1446670336;0;0;0;0;0;0;0;0;0;0;0;3146;0;0;133;0;122;0;
27149;4089329;1262084096;33566720;1446670336;0;0;0;0;0;0;0;0;0;0;0;3637;0;0;133;0;122;0;
27150;6139604;1262084096;33566720;1446670336;0;0;0;0;0;0;0;0;0;0;0;3006;0;0;133;0;122;0;
27151;5275254;1262084096;33566720;1446670336;0;0;0;0;0;0;0;0;0;0;0;3587;0;0;133;0;122;0;
27152;5654885;1262084096;33566720;1446670336;0;0;0;0;0;0;0;0;0;0;0;2585;0;0;133;0;122;0;
27153;5071290;1262084096;33566720;1446670336;0;0;0;0;0;0;0;0;0;0;0;3737;0;0;133;0;122;0;
27154;8043074;1262084096;33566720;1446670336;0;0;0;0;0;0;0;0;0;0;0;3256;0;0;133;0;122;0;
27155;4205618;1262084096;33566720;1446670336;0;0;0;0;0;0;0;0;0;0;0;3287;0;0;133;0;122;0;
27156;5748180;1262084096;33566720;1446670336;0;0;0;0;0;0;0;0;0;0;0;2826;0;0;133;0;122;0;
27157;5064768;1262084096;33566720;1446670336;0;0;0;0;0;0;0;0;0;0;0;3416;0;0;133;0;122;0;
27158;7977160;1262084096;33566720;1446670336;0;0;0;0;0;0;0;0;0;0;0;4498;0;0;133;0;122;0;
27159;3980946;1262084096;33566720;1446670336;0;0;0;0;0;0;0;0;0;0;0;11071;0;0;133;0;122;0;
27160;6062459;1262084096;33566720;1446670336;0;0;0;0;0;0;0;0;0;0;0;3496;0;0;133;0;122;0;
27161;3789697;1262084096;33566720;1446670336;0;0;0;0;0;0;0;0;0;0;0;3656;0;0;133;0;122;0;
27162;6385876;1262084096;33566720;1446670336;0;0;0;0;0;0;0;0;0;0;0;2815;0;0;133;0;122;0;
27163;4954011;1262084096;33566720;1446670336;0;0;0;0;0;0;0;0;0;0;0;3296;0;0;133;0;122;0;
27164;4597351;1262084096;33566720;1446670336;0;0;0;0;0;0;0;0;0;0;0;2855;0;0;133;0;122;0;
27165;5184974;1262084096;33566720;1446670336;0;0;0;0;0;0;0;0;0;0;0;2915;0;0;133;0;122;0;
27166;5186587;1262084096;33566720;1446670336;0;0;0;0;0;0;0;0;0;0;0;2876;0;0;133;0;122;0;
27167;5190574;1262084096;33566720;1446670336;0;0;0;0;0;0;0;0;0;0;0;3186;0;0;133;0;122;0;
27168;6536118;1262084096;33566720;1446670336;0;0;0;0;0;0;0;0;0;0;0;3798;0;0;133;0;122;0;
27169;4688432;1262084096;33566720;1446670336;0;0;0;0;0;0;0;0;0;0;0;2935;0;0;133;0;122;0;
27170;6052161;1262084096;33566720;1446670336;0;0;0;0;0;0;0;0;0;0;0;2786;0;0;133;0;122;0;
27171;4170842;1262084096;33566720;1446670336;0;0;0;0;0;0;0;0;0;0;0;4439;0;0;133;0;122;0;
27172;6020811;1262084096;33566720;1446670336;0;0;0;0;0;0;0;0;0;0;0;3456;0;0;133;0;122;0;
27173;5071671;1262084096;33566720;1446670336;0;0;0;0;0;0;0;0;0;0;0;3828;0;0;133;0;122;0;
27174;6437813;1262084096;33566720;1446670336;0;0;0;0;0;0;0;0;0;0;0;3116;0;0;133;0;122;0;
27175;4329599;1262084096;33566720;1446670336;0;0;0;0;0;0;0;0;0;0;0;2926;0;0;133;0;122;0;
27176;7031887;1262084096;33566720;1446670336;0;0;0;0;0;0;0;0;0;0;0;3697;0;0;133;0;122;0;
27177;3144387;1262084096;33566720;1446670336;0;0;0;0;0;0;0;0;0;0;0;2906;0;0;133;0;122;0;
27178;5366474;1262084096;33566720;1446670336;0;0;0;0;0;0;0;0;0;0;0;3777;0;0;133;0;122;0;
27179;4436370;1262084096;33566720;1446670336;0;0;0;0;0;0;0;0;0;0;0;2886;0;0;133;0;122;0;
27180;6489069;1262084096;33566720;1446670336;0;0;0;0;0;0;0;0;0;0;0;4398;0;0;133;0;122;0;
27181;3527796;1262084096;33566720;1446670336;0;0;0;0;0;0;0;0;0;0;0;2906;0;0;133;0;122;0;
27182;5940691;1262084096;33566720;1446670336;0;0;0;0;0;0;0;0;0;0;0;3546;0;0;133;0;122;0;
27183;4033925;1262084096;33566720;1446670336;0;0;0;0;0;0;0;0;0;0;0;4308;0;0;133;0;122;0;
27184;6340671;1262084096;33566720;1446670336;0;0;0;0;0;0;0;0;0;0;0;3417;0;0;133;0;122;0;
27185;3490696;1262084096;33566720;1446670336;0;0;0;0;0;0;0;0;0;0;0;2926;0;0;133;0;122;0;
27186;6261012;1262084096;33566720;1446670336;0;0;0;0;0;0;0;0;0;0;0;3186;0;0;133;0;122;0;
27187;3624237;1262084096;33566720;1446670336;0;0;0;0;0;0;0;0;0;0;0;3176;0;0;133;0;122;0;
27188;5341687;1262084096;33566720;1446670336;0;0;0;0;0;0;0;0;0;0;0;2515;0;0;133;0;122;0;
27189;3128137;1262084096;33566720;1446670336;0;0;0;0;0;0;0;0;0;0;0;3186;0;0;133;0;122;0;
27190;10769377;1262084096;33566720;1446670336;0;0;0;0;0;0;0;0;0;0;0;2484;0;0;133;0;122;0;
27191;5420225;1262084096;33566720;1446670336;0;0;0;0;0;0;0;0;0;0;0;4188;0;0;133;0;122;0;
27192;6764636;1262084096;33566720;1446670336;0;0;0;0;0;0;0;0;0;0;0;3336;0;0;133;0;122;0;
27193;4714792;1262084096;33566720;1446670336;0;0;0;0;0;0;0;0;0;0;0;3877;0;0;133;0;122;0;
27194;5559586;1262084096;33566720;1446670336;0;0;0;0;0;0;0;0;0;0;0;3576;0;0;133;0;122;0;
27195;3661337;1262084096;33566720;1446670336;0;0;0;0;0;0;0;0;0;0;0;3246;0;0;133;0;122;0;
27196;5966469;1262084096;33566720;1446670336;0;0;0;0;0;0;0;0;0;0;0;3466;0;0;133;0;122;0;
27197;3678489;1262084096;33566720;1446670336;0;0;0;0;0;0;0;0;0;0;0;2906;0;0;133;0;122;0;
27198;6019398;1262084096;33566720;1446670336;0;0;0;0;0;0;0;0;0;0;0;3527;0;0;133;0;122;0;
27199;3257599;1262084096;33566720;1446670336;0;0;0;0;0;0;0;0;0;0;0;2986;0;0;133;0;122;0;
27200;5165918;1262084096;33566720;1446670336;0;0;0;0;0;0;0;0;0;0;0;3466;0;0;133;0;122;0;
27201;4893999;1262084096;33566720;1446670336;0;0;0;0;0;0;0;0;0;0;0;3537;0;0;133;0;122;0;
27202;5175326;1262084096;33566720;1446670336;0;0;0;0;0;0;0;0;0;0;0;3016;0;0;133;0;122;0;
27203;3996344;1262084096;33566720;1446670336;0;0;0;0;0;0;0;0;0;0;0;4038;0;0;133;0;122;0;
27204;5148174;1262084096;33566720;1446670336;0;0;0;0;0;0;0;0;0;0;0;2585;0;0;133;0;122;0;
27205;4115187;1262084096;33566720;1446670336;0;0;0;0;0;0;0;0;0;0;0;3326;0;0;133;0;122;0;
27206;5839632;1262084096;33566720;1446670336;0;0;0;0;0;0;0;0;0;0;0;2415;0;0;133;0;122;0;
27207;4525396;1262084096;33566720;1446670336;0;0;0;0;0;0;0;0;0;0;0;3577;0;0;133;0;122;0;
27208;5721801;1262084096;33566720;1446670336;0;0;0;0;0;0;0;0;0;0;0;2945;0;0;133;0;122;0;
27209;4021943;1262084096;33566720;1446670336;0;0;0;0;0;0;0;0;0;0;0;2585;0;0;133;0;122;0;
27210;6017064;1262084096;33566720;1446670336;0;0;0;0;0;0;0;0;0;0;0;2705;0;0;133;0;122;0;
27211;4866286;1262084096;33566720;1446670336;0;0;0;0;0;0;0;0;0;0;0;2815;0;0;133;0;122;0;
27212;5944197;1262084096;33566720;1446670336;0;0;0;0;0;0;0;0;0;0;0;2605;0;0;133;0;122;0;
27213;3391340;1262084096;33566720;1446670336;0;0;0;0;0;0;0;0;0;0;0;3206;0;0;133;0;122;0;
27214;5831486;1262084096;33566720;1446670336;0;0;0;0;0;0;0;0;0;0;0;2174;0;0;133;0;122;0;
27215;4386867;1262084096;33566720;1446670336;0;0;0;0;0;0;0;0;0;0;0;3667;0;0;133;0;122;0;
27216;5331649;1262084096;33566720;1446670336;0;0;0;0;0;0;0;0;0;0;0;1964;0;0;133;0;122;0;
27217;4296678;1262084096;33566720;1446670336;0;0;0;0;0;0;0;0;0;0;0;2515;0;0;133;0;122;0;
27218;6212752;1262084096;33570816;1446674432;0;0;0;0;0;0;0;0;0;0;0;3025;0;0;133;0;122;0;
27219;4278474;1262084096;33574912;1446678528;0;0;0;0;0;0;0;0;0;0;0;2865;0;0;133;0;122;0;
27220;4838474;1262084096;33574912;1446678528;0;0;0;0;0;0;0;0;0;0;0;2735;0;0;133;0;122;0;
27221;6021823;1262084096;33574912;1446678528;0;0;0;0;0;0;0;0;0;0;0;3477;0;0;133;0;122;0;
27222;5513860;1262084096;33574912;1446678528;0;0;0;0;0;0;0;0;0;0;0;3176;0;0;133;0;122;0;
27223;4306216;1262084096;33574912;1446678528;0;0;0;0;0;0;0;0;0;0;0;2776;0;0;133;0;122;0;
27224;5699468;1262084096;33574912;1446678528;0;0;0;0;0;0;0;0;0;0;0;2925;0;0;133;0;122;0;
27225;3962962;1262084096;33566720;1446670336;0;0;0;0;0;0;0;0;0;0;0;3467;0;0;133;0;122;0;
27226;5043158;1262084096;33566720;1446670336;0;0;0;0;0;0;0;0;0;0;0;3006;0;0;133;0;122;0;
27227;5031656;1262084096;33566720;1446670336;0;0;0;0;0;0;0;0;0;0;0;3076;0;0;133;0;122;0;
27228;5063747;1262084096;33566720;1446670336;0;0;0;0;0;0;0;0;0;0;0;2746;0;0;133;0;122;0;
27229;4167797;1262084096;33566720;1446670336;0;0;0;0;0;0;0;0;0;0;0;3838;0;0;133;0;122;0;
27230;4710443;1262084096;33566720;1446670336;0;0;0;0;0;0;0;0;0;0;0;2535;0;0;133;0;122;0;
27231;4818386;1262084096;33566720;1446670336;0;0;0;0;0;0;0;0;0;0;0;2675;0;0;133;0;122;0;
27232;4990039;1262084096;33566720;1446670336;0;0;0;0;0;0;0;0;0;0;0;2875;0;0;133;0;122;0;
27233;3954026;1262084096;33566720;1446670336;0;0;0;0;0;0;0;0;0;0;0;4428;0;0;133;0;122;0;
27234;6196591;1262084096;33566720;1446670336;0;0;0;0;0;0;0;0;0;0;0;3667;0;0;133;0;122;0;
27235;5107087;1262084096;33566720;1446670336;0;0;0;0;0;0;0;0;0;0;0;4669;0;0;133;0;122;0;
27236;5782344;1262084096;33566720;1446670336;0;0;0;0;0;0;0;0;0;0;0;3326;0;0;133;0;122;0;
27237;5160918;1262084096;33566720;1446670336;0;0;0;0;0;0;0;0;0;0;0;3346;0;0;133;0;122;0;
27238;6457891;1262084096;33566720;1446670336;0;0;0;0;0;0;0;0;0;0;0;4258;0;0;133;0;122;0;
27239;5645518;1262084096;33566720;1446670336;0;0;0;0;0;0;0;0;0;0;0;4268;0;0;133;0;122;0;
27240;6179930;1262084096;33566720;1446670336;0;0;0;0;0;0;0;0;0;0;0;2975;0;0;133;0;122;0;
27241;5130802;1262084096;33566720;1446670336;0;0;0;0;0;0;0;0;0;0;0;3407;0;0;133;0;122;0;
27242;6870255;1262084096;33566720;1446670336;0;0;0;0;0;0;0;0;0;0;0;4558;0;0;133;0;122;0;
27243;4799421;1262084096;33566720;1446670336;0;0;0;0;0;0;0;0;0;0;0;4167;0;0;133;0;122;0;
27244;7486701;1262084096;33566720;1446670336;0;0;0;0;0;0;0;0;0;0;0;4579;0;0;133;0;122;0;
27245;4144573;1262084096;33566720;1446670336;0;0;0;0;0;0;0;0;0;0;0;3847;0;0;133;0;122;0;
27246;8531960;1262084096;33566720;1446670336;0;0;0;0;0;0;0;0;0;0;0;3266;0;0;133;0;122;0;
27247;4958239;1262084096;33566720;1446670336;0;0;0;0;0;0;0;0;0;0;0;4128;0;0;133;0;122;0;
27248;6727556;1262084096;33566720;1446670336;0;0;0;0;0;0;0;0;0;0;0;3557;0;0;133;0;122;0;
27249;4429106;1262084096;33566720;1446670336;0;0;0;0;0;0;0;0;0;0;0;4238;0;0;133;0;122;0;
27250;7525252;1262084096;33566720;1446670336;0;0;0;0;0;0;0;0;0;0;0;3737;0;0;133;0;122;0;
27251;3349332;1262084096;33566720;1446670336;0;0;0;0;0;0;0;0;0;0;0;3597;0;0;133;0;122;0;
27252;7212196;1262084096;33566720;1446670336;0;0;0;0;0;0;0;0;0;0;0;4879;0;0;133;0;122;0;
27253;4203032;1262084096;33566720;1446670336;0;0;0;0;0;0;0;0;0;0;0;3717;0;0;133;0;122;0;
27254;5730758;1262084096;33566720;1446670336;0;0;0;0;0;0;0;0;0;0;0;3156;0;0;133;0;122;0;
27255;5606124;1262084096;33566720;1446670336;0;0;0;0;0;0;0;0;0;0;0;3737;0;0;133;0;122;0;
27256;4907594;1262084096;33566720;1446670336;0;0;0;0;0;0;0;0;0;0;0;2885;0;0;133;0;122;0;
27257;5975737;1262084096;33566720;1446670336;0;0;0;0;0;0;0;0;0;0;0;3076;0;0;133;0;122;0;
27258;8695908;1262084096;33566720;1446670336;0;0;0;0;0;0;0;0;0;0;0;2875;0;0;133;0;122;0;
27259;5983571;1262084096;33566720;1446670336;0;0;0;0;0;0;0;0;0;0;0;3416;0;0;133;0;122;0;
27260;7379600;1262084096;33566720;1446670336;0;0;0;0;0;0;0;0;0;0;0;2705;0;0;133;0;122;0;
27261;7276416;1262084096;33566720;1446670336;0;0;0;0;0;0;0;0;0;0;0;3046;0;0;133;0;122;0;
27262;6660972;1262084096;33566720;1446670336;0;0;0;0;0;0;0;0;0;0;0;3727;0;0;133;0;122;0;
27263;4050897;1262084096;33566720;1446670336;0;0;0;0;0;0;0;0;0;0;0;4168;0;0;133;0;122;0;
27264;6031611;1262084096;33566720;1446670336;0;0;0;0;0;0;0;0;0;0;0;4007;0;0;133;0;122;0;
27265;5030364;1262084096;33566720;1446670336;0;0;0;0;0;0;0;0;0;0;0;2525;0;0;133;0;122;0;
27266;7640469;1262084096;33566720;1446670336;0;0;0;0;0;0;0;0;0;0;0;3247;0;0;133;0;122;0;
27267;5540581;1262084096;33566720;1446670336;0;0;0;0;0;0;0;0;0;0;0;2965;0;0;133;0;122;0;
27268;6135577;1262084096;33566720;1446670336;0;0;0;0;0;0;0;0;0;0;0;4037;0;0;133;0;122;0;
27269;4674717;1262084096;33566720;1446670336;0;0;0;0;0;0;0;0;0;0;0;5050;0;0;133;0;122;0;
27270;6732796;1262084096;33566720;1446670336;0;0;0;0;0;0;0;0;0;0;0;4328;0;0;133;0;122;0;
27271;4455265;1262084096;33566720;1446670336;0;0;0;0;0;0;0;0;0;0;0;3046;0;0;133;0;122;0;
27272;6552138;1262084096;33566720;1446670336;0;0;0;0;0;0;0;0;0;0;0;4649;0;0;133;0;122;0;
27273;4055496;1262084096;33566720;1446670336;0;0;0;0;0;0;0;0;0;0;0;3727;0;0;133;0;122;0;
27274;6027745;1262084096;33566720;1446670336;0;0;0;0;0;0;0;0;0;0;0;3196;0;0;133;0;122;0;
27275;3665084;1262084096;33566720;1446670336;0;0;0;0;0;0;0;0;0;0;0;3928;0;0;133;0;122;0;
27276;5565667;1262084096;33566720;1446670336;0;0;0;0;0;0;0;0;0;0;0;2675;0;0;133;0;122;0;
27277;4730932;1262084096;33566720;1446670336;0;0;0;0;0;0;0;0;0;0;0;3106;0;0;133;0;122;0;
27278;5626522;1262084096;33566720;1446670336;0;0;0;0;0;0;0;0;0;0;0;3066;0;0;133;0;122;0;
27279;4035288;1262084096;33566720;1446670336;0;0;0;0;0;0;0;0;0;0;0;3447;0;0;133;0;122;0;
27280;5859148;1262084096;33566720;1446670336;0;0;0;0;0;0;0;0;0;0;0;3546;0;0;133;0;122;0;
27281;5177189;1262084096;33566720;1446670336;0;0;0;0;0;0;0;0;0;0;0;3457;0;0;133;0;122;0;
27282;6740982;1262084096;33566720;1446670336;0;0;0;0;0;0;0;0;0;0;0;4649;0;0;133;0;122;0;
27283;5973162;1262084096;33566720;1446670336;0;0;0;0;0;0;0;0;0;0;0;3126;0;0;133;0;122;0;
27284;5269873;1262084096;33566720;1446670336;0;0;0;0;0;0;0;0;0;0;0;2765;0;0;133;0;122;0;
27285;5616774;1262084096;33566720;1446670336;0;0;0;0;0;0;0;0;0;0;0;2524;0;0;133;0;122;0;
27286;6237658;1262084096;33566720;1446670336;0;0;0;0;0;0;0;0;0;0;0;2605;0;0;133;0;122;0;
27287;4722877;1262084096;33566720;1446670336;0;0;0;0;0;0;0;0;0;0;0;3436;0;0;133;0;122;0;
27288;5505435;1262084096;33566720;1446670336;0;0;0;0;0;0;0;0;0;0;0;3025;0;0;133;0;122;0;
27289;5818402;1262084096;33566720;1446670336;0;0;0;0;0;0;0;0;0;0;0;3677;0;0;133;0;122;0;
27290;6600779;1262084096;33566720;1446670336;0;0;0;0;0;0;0;0;0;0;0;2505;0;0;133;0;122;0;
27291;4253667;1262084096;33566720;1446670336;0;0;0;0;0;0;0;0;0;0;0;2935;0;0;133;0;122;0;
27292;5179333;1262084096;33566720;1446670336;0;0;0;0;0;0;0;0;0;0;0;2796;0;0;133;0;122;0;
27293;4139353;1262084096;33566720;1446670336;0;0;0;0;0;0;0;0;0;0;0;3567;0;0;133;0;122;0;
27294;5865931;1262084096;33566720;1446670336;0;0;0;0;0;0;0;0;0;0;0;3928;0;0;133;0;122;0;
27295;4318630;1262084096;33566720;1446670336;0;0;0;0;0;0;0;0;0;0;0;2856;0;0;133;0;122;0;
27296;7032289;1262084096;33566720;1446670336;0;0;0;0;0;0;0;0;0;0;0;3446;0;0;133;0;122;0;
27297;5220380;1262084096;33566720;1446670336;0;0;0;0;0;0;0;0;0;0;0;3016;0;0;133;0;122;0;
27298;5872393;1262084096;33566720;1446670336;0;0;0;0;0;0;0;0;0;0;0;3527;0;0;133;0;122;0;
27299;4519175;1262084096;33566720;1446670336;0;0;0;0;0;0;0;0;0;0;0;3737;0;0;133;0;122;0;
27300;6046399;1262084096;33566720;1446670336;0;0;0;0;0;0;0;0;0;0;0;3627;0;0;133;0;122;0;
27301;3901788;1262084096;33566720;1446670336;0;0;0;0;0;0;0;0;0;0;0;2855;0;0;133;0;122;0;
27302;6441020;1262084096;33566720;1446670336;0;0;0;0;0;0;0;0;0;0;0;3236;0;0;133;0;122;0;
27303;4258607;1262084096;33566720;1446670336;0;0;0;0;0;0;0;0;0;0;0;3086;0;0;133;0;122;0;
27304;6166996;1262084096;33566720;1446670336;0;0;0;0;0;0;0;0;0;0;0;4719;0;0;133;0;122;0;
27305;3816727;1262084096;33566720;1446670336;0;0;0;0;0;0;0;0;0;0;0;3868;0;0;133;0;122;0;
27306;5244475;1262084096;33566720;1446670336;0;0;0;0;0;0;0;0;0;0;0;3547;0;0;133;0;122;0;
27307;3866131;1262084096;33566720;1446670336;0;0;0;0;0;0;0;0;0;0;0;3105;0;0;133;0;122;0;
27308;6947729;1262084096;33566720;1446670336;0;0;0;0;0;0;0;0;0;0;0;3767;0;0;133;0;122;0;
27309;4656373;1262084096;33566720;1446670336;0;0;0;0;0;0;0;0;0;0;0;3356;0;0;133;0;122;0;
27310;6051358;1262084096;33566720;1446670336;0;0;0;0;0;0;0;0;0;0;0;4288;0;0;133;0;122;0;
27311;5744453;1262084096;33566720;1446670336;0;0;0;0;0;0;0;0;0;0;0;3306;0;0;133;0;122;0;
27312;6858202;1262084096;33566720;1446670336;0;0;0;0;0;0;0;0;0;0;0;3025;0;0;133;0;122;0;
27313;4689915;1262084096;33566720;1446670336;0;0;0;0;0;0;0;0;0;0;0;3788;0;0;133;0;122;0;
27314;5958094;1262084096;33566720;1446670336;0;0;0;0;0;0;0;0;0;0;0;2885;0;0;133;0;122;0;
27315;4436810;1262084096;33566720;1446670336;0;0;0;0;0;0;0;0;0;0;0;3426;0;0;133;0;122;0;
27316;6018607;1262084096;33566720;1446670336;0;0;0;0;0;0;0;0;0;0;0;2665;0;0;133;0;122;0;
27317;4940025;1262084096;33566720;1446670336;0;0;0;0;0;0;0;0;0;0;0;3276;0;0;133;0;122;0;
27318;5171789;1262084096;33566720;1446670336;0;0;0;0;0;0;0;0;0;0;0;2655;0;0;133;0;122;0;
27319;4299203;1262084096;33566720;1446670336;0;0;0;0;0;0;0;0;0;0;0;3407;0;0;133;0;122;0;
27320;5645187;1262084096;33566720;1446670336;0;0;0;0;0;0;0;0;0;0;0;2995;0;0;133;0;122;0;
27321;4054113;1262084096;33566720;1446670336;0;0;0;0;0;0;0;0;0;0;0;3046;0;0;133;0;122;0;
27322;6004010;1262084096;33566720;1446670336;0;0;0;0;0;0;0;0;0;0;0;2485;0;0;133;0;122;0;
27323;4616097;1262084096;33566720;1446670336;0;0;0;0;0;0;0;0;0;0;0;3276;0;0;133;0;122;0;
27324;6399191;1262084096;33566720;1446670336;0;0;0;0;0;0;0;0;0;0;0;2445;0;0;133;0;122;0;
27325;3790589;1262084096;33566720;1446670336;0;0;0;0;0;0;0;0;0;0;0;2414;0;0;133;0;122;0;
27326;5489545;1262084096;33566720;1446670336;0;0;0;0;0;0;0;0;0;0;0;2715;0;0;133;0;122;0;
27327;4424197;1262084096;33566720;1446670336;0;0;0;0;0;0;0;0;0;0;0;3686;0;0;133;0;122;0;
27328;5291664;1262084096;33566720;1446670336;0;0;0;0;0;0;0;0;0;0;0;2465;0;0;133;0;122;0;
27329;4243418;1262084096;33566720;1446670336;0;0;0;0;0;0;0;0;0;0;0;3707;0;0;133;0;122;0;
27330;4676289;1262084096;33566720;1446670336;0;0;0;0;0;0;0;0;0;0;0;2995;0;0;133;0;122;0;
27331;4281209;1262084096;33566720;1446670336;0;0;0;0;0;0;0;0;0;0;0;4618;0;0;133;0;122;0;
27332;5945741;1262084096;33566720;1446670336;0;0;0;0;0;0;0;0;0;0;0;2745;0;0;133;0;122;0;
27333;4143160;1262084096;33566720;1446670336;0;0;0;0;0;0;0;0;0;0;0;3537;0;0;133;0;122;0;
27334;7248283;1262084096;33566720;1446670336;0;0;0;0;0;0;0;0;0;0;0;3887;0;0;133;0;122;0;
27335;3844110;1262084096;33566720;1446670336;0;0;0;0;0;0;0;0;0;0;0;3376;0;0;133;0;122;0;
27336;6902174;1262084096;33566720;1446670336;0;0;0;0;0;0;0;0;0;0;0;2936;0;0;133;0;122;0;
27337;5607466;1262084096;33566720;1446670336;0;0;0;0;0;0;0;0;0;0;0;96431;0;0;133;0;122;0;
27338;5921535;1262084096;33566720;1446670336;0;0;0;0;0;0;0;0;0;0;0;2665;0;0;133;0;122;0;
27339;4745720;1262084096;33566720;1446670336;0;0;0;0;0;0;0;0;0;0;0;4308;0;0;133;0;122;0;
27340;5809876;1262084096;33566720;1446670336;0;0;0;0;0;0;0;0;0;0;0;3266;0;0;133;0;122;0;
27341;5169154;1262084096;33566720;1446670336;0;0;0;0;0;0;0;0;0;0;0;3537;0;0;133;0;122;0;
27342;6006054;1262084096;33566720;1446670336;0;0;0;0;0;0;0;0;0;0;0;3246;0;0;133;0;122;0;
27343;5192358;1262084096;33566720;1446670336;0;0;0;0;0;0;0;0;0;0;0;3056;0;0;133;0;122;0;
27344;5345865;1262084096;33566720;1446670336;0;0;0;0;0;0;0;0;0;0;0;2755;0;0;133;0;122;0;
27345;4396675;1262084096;33566720;1446670336;0;0;0;0;0;0;0;0;0;0;0;2775;0;0;133;0;122;0;
27346;6074432;1262084096;33566720;1446670336;0;0;0;0;0;0;0;0;0;0;0;2564;0;0;133;0;122;0;
27347;5355714;1262084096;33566720;1446670336;0;0;0;0;0;0;0;0;0;0;0;3817;0;0;133;0;122;0;
27348;5678509;1262084096;33566720;1446670336;0;0;0;0;0;0;0;0;0;0;0;2775;0;0;133;0;122;0;
27349;4141938;1262084096;33566720;1446670336;0;0;0;0;0;0;0;0;0;0;0;3106;0;0;133;0;122;0;
27350;6215556;1262084096;33566720;1446670336;0;0;0;0;0;0;0;0;0;0;0;3396;0;0;133;0;122;0;
27351;4855015;1262084096;33566720;1446670336;0;0;0;0;0;0;0;0;0;0;0;3096;0;0;133;0;122;0;
27352;6893418;1262084096;33566720;1446670336;0;0;0;0;0;0;0;0;0;0;0;2594;0;0;133;0;122;0;
27353;6107113;1262084096;33566720;1446670336;0;0;0;0;0;0;0;0;0;0;0;3566;0;0;133;0;122;0;
27354;5519481;1262084096;33566720;1446670336;0;0;0;0;0;0;0;0;0;0;0;3196;0;0;133;0;122;0;
27355;7941292;1262084096;33566720;1446670336;0;0;0;0;0;0;0;0;0;0;0;3136;0;0;133;0;122;0;
27356;6624604;1262084096;33566720;1446670336;0;0;0;0;0;0;0;0;0;0;0;3286;0;0;133;0;122;0;
27357;5579333;1262084096;33566720;1446670336;0;0;0;0;0;0;0;0;0;0;0;3978;0;0;133;0;122;0;
27358;7078656;1262084096;33566720;1446670336;0;0;0;0;0;0;0;0;0;0;0;3937;0;0;133;0;122;0;
27359;5744473;1262084096;33566720;1446670336;0;0;0;0;0;0;0;0;0;0;0;4127;0;0;133;0;122;0;
27360;7503673;1262084096;33566720;1446670336;0;0;0;0;0;0;0;0;0;0;0;6412;0;0;133;0;122;0;
27361;4877427;1262084096;33566720;1446670336;0;0;0;0;0;0;0;0;0;0;0;3867;0;0;133;0;122;0;
27362;7416418;1262084096;33566720;1446670336;0;0;0;0;0;0;0;0;0;0;0;3887;0;0;133;0;122;0;
27363;4411684;1262084096;33566720;1446670336;0;0;0;0;0;0;0;0;0;0;0;4107;0;0;133;0;122;0;
27364;8496434;1262084096;33566720;1446670336;0;0;0;0;0;0;0;0;0;0;0;4589;0;0;133;0;122;0;
27365;4771479;1262084096;33566720;1446670336;0;0;0;0;0;0;0;0;0;0;0;3888;0;0;133;0;122;0;
27366;7487442;1262084096;33566720;1446670336;0;0;0;0;0;0;0;0;0;0;0;3045;0;0;133;0;122;0;
27367;4923734;1262084096;33566720;1446670336;0;0;0;0;0;0;0;0;0;0;0;46277;0;0;133;0;122;0;
27368;7595605;1262084096;33566720;1446670336;0;0;0;0;0;0;0;0;0;0;0;3787;0;0;133;0;122;0;
27369;4467999;1262084096;33566720;1446670336;0;0;0;0;0;0;0;0;0;0;0;3376;0;0;133;0;122;0;
27370;7970458;1262084096;33566720;1446670336;0;0;0;0;0;0;0;0;0;0;0;3416;0;0;133;0;122;0;
27371;4861768;1262084096;33566720;1446670336;0;0;0;0;0;0;0;0;0;0;0;4358;0;0;133;0;122;0;
27372;12367183;1262084096;33566720;1446670336;0;0;0;0;0;0;0;0;0;0;0;3176;0;0;133;0;122;0;
27373;6604496;1262084096;33566720;1446670336;0;0;0;0;0;0;0;0;0;0;0;3747;0;0;133;0;122;0;
27374;5534710;1262084096;33566720;1446670336;0;0;0;0;0;0;0;0;0;0;0;3526;0;0;133;0;122;0;
27375;6057851;1262084096;33566720;1446670336;0;0;0;0;0;0;0;0;0;0;0;3757;0;0;133;0;122;0;
27376;7968524;1262084096;33566720;1446670336;0;0;0;0;0;0;0;0;0;0;0;3627;0;0;133;0;122;0;
27377;5782574;1262084096;33566720;1446670336;0;0;0;0;0;0;0;0;0;0;0;4999;0;0;133;0;122;0;
27378;7144228;1262084096;33566720;1446670336;0;0;0;0;0;0;0;0;0;0;0;4017;0;0;133;0;122;0;
27379;5994943;1262084096;33566720;1446670336;0;0;0;0;0;0;0;0;0;0;0;4198;0;0;133;0;122;0;
27380;5608418;1262084096;33566720;1446670336;0;0;0;0;0;0;0;0;0;0;0;3607;0;0;133;0;122;0;
27381;5791562;1262084096;33566720;1446670336;0;0;0;0;0;0;0;0;0;0;0;3176;0;0;133;0;122;0;
27382;5832328;1262084096;33566720;1446670336;0;0;0;0;0;0;0;0;0;0;0;3727;0;0;133;0;122;0;
27383;6627148;1262084096;33566720;1446670336;0;0;0;0;0;0;0;0;0;0;0;3546;0;0;133;0;122;0;
27384;6239061;1262084096;33566720;1446670336;0;0;0;0;0;0;0;0;0;0;0;4157;0;0;133;0;122;0;
27385;5404596;1262084096;33566720;1446670336;0;0;0;0;0;0;0;0;0;0;0;4388;0;0;133;0;122;0;
27386;5718554;1262084096;33566720;1446670336;0;0;0;0;0;0;0;0;0;0;0;3045;0;0;133;0;122;0;
27387;4511590;1262084096;33566720;1446670336;0;0;0;0;0;0;0;0;0;0;0;3356;0;0;133;0;122;0;
27388;6311757;1262084096;33566720;1446670336;0;0;0;0;0;0;0;0;0;0;0;3447;0;0;133;0;122;0;
27389;4445437;1262084096;33566720;1446670336;0;0;0;0;0;0;0;0;0;0;0;3125;0;0;133;0;122;0;
27390;7066643;1262084096;33566720;1446670336;0;0;0;0;0;0;0;0;0;0;0;5561;0;0;133;0;122;0;
27391;4844185;1262084096;33566720;1446670336;0;0;0;0;0;0;0;0;0;0;0;3116;0;0;133;0;122;0;
27392;6481766;1262084096;33566720;1446670336;0;0;0;0;0;0;0;0;0;0;0;3576;0;0;133;0;122;0;
27393;4901342;1262084096;33566720;1446670336;0;0;0;0;0;0;0;0;0;0;0;4678;0;0;133;0;122;0;
27394;6591902;1262084096;33566720;1446670336;0;0;0;0;0;0;0;0;0;0;0;4048;0;0;133;0;122;0;
27395;5458587;1262084096;33566720;1446670336;0;0;0;0;0;0;0;0;0;0;0;4609;0;0;133;0;122;0;
27396;7101458;1262084096;33570816;1446674432;0;0;0;0;0;0;0;0;0;0;0;3426;0;0;133;0;122;0;
27397;5337530;1262084096;33574912;1446678528;0;0;0;0;0;0;0;0;0;0;0;2956;0;0;133;0;122;0;
27398;7318475;1262084096;33574912;1446678528;0;0;0;0;0;0;0;0;0;0;0;3276;0;0;133;0;122;0;
27399;4996200;1262084096;33574912;1446678528;0;0;0;0;0;0;0;0;0;0;0;4919;0;0;133;0;122;0;
27400;9592951;1262084096;33574912;1446678528;0;0;0;0;0;0;0;0;0;0;0;3847;0;0;133;0;122;0;
27401;5738512;1262084096;33574912;1446678528;0;0;0;0;0;0;0;0;0;0;0;2795;0;0;133;0;122;0;
27402;6146477;1262084096;33574912;1446678528;0;0;0;0;0;0;0;0;0;0;0;4128;0;0;133;0;122;0;
27403;6027584;1262084096;33566720;1446670336;0;0;0;0;0;0;0;0;0;0;0;4719;0;0;133;0;122;0;
27404;6495081;1262084096;33566720;1446670336;0;0;0;0;0;0;0;0;0;0;0;3426;0;0;133;0;122;0;
27405;6642157;1262084096;33566720;1446670336;0;0;0;0;0;0;0;0;0;0;0;4118;0;0;133;0;122;0;
27406;5874717;1262084096;33566720;1446670336;0;0;0;0;0;0;0;0;0;0;0;4429;0;0;133;0;122;0;
27407;5298998;1262084096;33566720;1446670336;0;0;0;0;0;0;0;0;0;0;0;3757;0;0;133;0;122;0;
27408;7483094;1262084096;33566720;1446670336;0;0;0;0;0;0;0;0;0;0;0;3597;0;0;133;0;122;0;
27409;8245664;1262084096;33566720;1446670336;0;0;0;0;0;0;0;0;0;0;0;3817;0;0;133;0;122;0;
27410;6365046;1262084096;33566720;1446670336;0;0;0;0;0;0;0;0;0;0;0;4188;0;0;133;0;122;0;
27411;4285627;1262084096;33566720;1446670336;0;0;0;0;0;0;0;0;0;0;0;3045;0;0;133;0;122;0;
27412;5845663;1262084096;33566720;1446670336;0;0;0;0;0;0;0;0;0;0;0;3697;0;0;133;0;122;0;
27413;5680924;1262084096;33566720;1446670336;0;0;0;0;0;0;0;0;0;0;0;3827;0;0;133;0;122;0;
27414;5952162;1262084096;33566720;1446670336;0;0;0;0;0;0;0;0;0;0;0;3577;0;0;133;0;122;0;
27415;4891574;1262084096;33566720;1446670336;0;0;0;0;0;0;0;0;0;0;0;3927;0;0;133;0;122;0;
27416;5411679;1262084096;33566720;1446670336;0;0;0;0;0;0;0;0;0;0;0;5801;0;0;133;0;122;0;
27417;5569625;1262084096;33566720;1446670336;0;0;0;0;0;0;0;0;0;0;0;3707;0;0;133;0;122;0;
27418;5926224;1262084096;33566720;1446670336;0;0;0;0;0;0;0;0;0;0;0;2925;0;0;133;0;122;0;
27419;4964611;1262084096;33566720;1446670336;0;0;0;0;0;0;0;0;0;0;0;4288;0;0;133;0;122;0;
27420;5973293;1262084096;33566720;1446670336;0;0;0;0;0;0;0;0;0;0;0;3998;0;0;133;0;122;0;
27421;6112092;1262084096;33566720;1446670336;0;0;0;0;0;0;0;0;0;0;0;3397;0;0;133;0;122;0;
27422;6007106;1262084096;33566720;1446670336;0;0;0;0;0;0;0;0;0;0;0;2735;0;0;133;0;122;0;
27423;5109392;1262084096;33566720;1446670336;0;0;0;0;0;0;0;0;0;0;0;3476;0;0;133;0;122;0;
27424;5253623;1262084096;33566720;1446670336;0;0;0;0;0;0;0;0;0;0;0;2945;0;0;133;0;122;0;
27425;4123533;1262084096;33566720;1446670336;0;0;0;0;0;0;0;0;0;0;0;4889;0;0;133;0;122;0;
27426;6968299;1262084096;33566720;1446670336;0;0;0;0;0;0;0;0;0;0;0;4278;0;0;133;0;122;0;
27427;5450922;1262084096;33566720;1446670336;0;0;0;0;0;0;0;0;0;0;0;5760;0;0;133;0;122;0;
27428;7110194;1262084096;33566720;1446670336;0;0;0;0;0;0;0;0;0;0;0;3447;0;0;133;0;122;0;
27429;6033946;1262084096;33566720;1446670336;0;0;0;0;0;0;0;0;0;0;0;3026;0;0;133;0;122;0;
27430;7534410;1262084096;33566720;1446670336;0;0;0;0;0;0;0;0;0;0;0;4157;0;0;133;0;122;0;
27431;5955660;1262084096;33566720;1446670336;0;0;0;0;0;0;0;0;0;0;0;5130;0;0;133;0;122;0;
27432;5745966;1262084096;33566720;1446670336;0;0;0;0;0;0;0;0;0;0;0;2986;0;0;133;0;122;0;
27433;7480559;1262084096;33566720;1446670336;0;0;0;0;0;0;0;0;0;0;0;3326;0;0;133;0;122;0;
27434;6076095;1262084096;33566720;1446670336;0;0;0;0;0;0;0;0;0;0;0;3126;0;0;133;0;122;0;
27435;6105630;1262084096;33566720;1446670336;0;0;0;0;0;0;0;0;0;0;0;3266;0;0;133;0;122;0;
27436;5635859;1262084096;33566720;1446670336;0;0;0;0;0;0;0;0;0;0;0;3817;0;0;133;0;122;0;
27437;5802742;1262084096;33566720;1446670336;0;0;0;0;0;0;0;0;0;0;0;29255;0;0;133;0;122;0;
27438;6092636;1262084096;33566720;1446670336;0;0;0;0;0;0;0;0;0;0;0;3046;0;0;133;0;122;0;
27439;6487707;1262084096;33566720;1446670336;0;0;0;0;0;0;0;0;0;0;0;4519;0;0;133;0;122;0;
27440;6185290;1262084096;33566720;1446670336;0;0;0;0;0;0;0;0;0;0;0;3937;0;0;133;0;122;0;
27441;5688688;1262084096;33566720;1446670336;0;0;0;0;0;0;0;0;0;0;0;2926;0;0;133;0;122;0;
27442;6477097;1262084096;33566720;1446670336;0;0;0;0;0;0;0;0;0;0;0;3687;0;0;133;0;122;0;
27443;4969300;1262084096;33566720;1446670336;0;0;0;0;0;0;0;0;0;0;0;3576;0;0;133;0;122;0;
27444;6480955;1262084096;33566720;1446670336;0;0;0;0;0;0;0;0;0;0;0;4168;0;0;133;0;122;0;
27445;4862579;1262084096;33566720;1446670336;0;0;0;0;0;0;0;0;0;0;0;4268;0;0;133;0;122;0;
27446;6864153;1262084096;33566720;1446670336;0;0;0;0;0;0;0;0;0;0;0;4258;0;0;133;0;122;0;
27447;3757306;1262084096;33566720;1446670336;0;0;0;0;0;0;0;0;0;0;0;3236;0;0;133;0;122;0;
27448;6017916;1262084096;33566720;1446670336;0;0;0;0;0;0;0;0;0;0;0;3517;0;0;133;0;122;0;
27449;5307012;1262084096;33566720;1446670336;0;0;0;0;0;0;0;0;0;0;0;4158;0;0;133;0;122;0;
27450;6681129;1262084096;33566720;1446670336;0;0;0;0;0;0;0;0;0;0;0;3326;0;0;133;0;122;0;
27451;6830109;1262084096;33566720;1446670336;0;0;0;0;0;0;0;0;0;0;0;3216;0;0;133;0;122;0;
27452;7647061;1262084096;33566720;1446670336;0;0;0;0;0;0;0;0;0;0;0;6291;0;0;133;0;122;0;
27453;6384513;1262084096;33566720;1446670336;0;0;0;0;0;0;0;0;0;0;0;3596;0;0;133;0;122;0;
27454;8873682;1262084096;33566720;1446670336;0;0;0;0;0;0;0;0;0;0;0;4058;0;0;133;0;122;0;
27455;3813211;1262084096;33566720;1446670336;0;0;0;0;0;0;0;0;0;0;0;2955;0;0;133;0;122;0;
27456;8468762;1262084096;33566720;1446670336;0;0;0;0;0;0;0;0;0;0;0;4027;0;0;133;0;122;0;
27457;4826040;1262084096;33566720;1446670336;0;0;0;0;0;0;0;0;0;0;0;3686;0;0;133;0;122;0;
27458;9084877;1262084096;33566720;1446670336;0;0;0;0;0;0;0;0;0;0;0;3617;0;0;133;0;122;0;
27459;5457415;1262084096;33566720;1446670336;0;0;0;0;0;0;0;0;0;0;0;3497;0;0;133;0;122;0;
27460;8134786;1262084096;33566720;1446670336;0;0;0;0;0;0;0;0;0;0;0;3596;0;0;133;0;122;0;
27461;5820195;1262084096;33566720;1446670336;0;0;0;0;0;0;0;0;0;0;0;4288;0;0;133;0;122;0;
27462;7369761;1262084096;33566720;1446670336;0;0;0;0;0;0;0;0;0;0;0;3286;0;0;133;0;122;0;
27463;6333798;1262084096;33566720;1446670336;0;0;0;0;0;0;0;0;0;0;0;4288;0;0;133;0;122;0;
27464;7104303;1262084096;33566720;1446670336;0;0;0;0;0;0;0;0;0;0;0;3246;0;0;133;0;122;0;
27465;4744197;1262084096;33566720;1446670336;0;0;0;0;0;0;0;0;0;0;0;3216;0;0;133;0;122;0;
27466;7521556;1262084096;33566720;1446670336;0;0;0;0;0;0;0;0;0;0;0;3467;0;0;133;0;122;0;
27467;7924361;1262084096;33566720;1446670336;0;0;0;0;0;0;0;0;0;0;0;4639;0;0;133;0;122;0;
27468;6904509;1262084096;33566720;1446670336;0;0;0;0;0;0;0;0;0;0;0;9447;0;0;133;0;122;0;
27469;6666602;1262084096;33566720;1446670336;0;0;0;0;0;0;0;0;0;0;0;3647;0;0;133;0;122;0;
27470;7338593;1262084096;33566720;1446670336;0;0;0;0;0;0;0;0;0;0;0;3868;0;0;133;0;122;0;
27471;5381192;1262084096;33566720;1446670336;0;0;0;0;0;0;0;0;0;0;0;3928;0;0;133;0;122;0;
27472;7557413;1262084096;33566720;1446670336;0;0;0;0;0;0;0;0;0;0;0;3416;0;0;133;0;122;0;
27473;5998099;1262084096;33566720;1446670336;0;0;0;0;0;0;0;0;0;0;0;4308;0;0;133;0;122;0;
27474;7277418;1262084096;33566720;1446670336;0;0;0;0;0;0;0;0;0;0;0;4548;0;0;133;0;122;0;
27475;6200438;1262084096;33566720;1446670336;0;0;0;0;0;0;0;0;0;0;0;4859;0;0;133;0;122;0;
27476;7201536;1262084096;33570816;1446674432;0;0;0;0;0;0;0;0;0;0;0;4198;0;0;133;0;122;0;
27477;7280534;1262084096;33574912;1446678528;0;0;0;0;0;0;0;0;0;0;0;3266;0;0;133;0;122;0;
27478;7157603;1262084096;33574912;1446678528;0;0;0;0;0;0;0;0;0;0;0;4488;0;0;133;0;122;0;
27479;4918905;1262084096;33574912;1446678528;0;0;0;0;0;0;0;0;0;0;0;3466;0;0;133;0;122;0;
27480;6458032;1262084096;33574912;1446678528;0;0;0;0;0;0;0;0;0;0;0;4579;0;0;133;0;122;0;
27481;4546626;1262084096;33574912;1446678528;0;0;0;0;0;0;0;0;0;0;0;4629;0;0;133;0;122;0;
27482;6956626;1262084096;33574912;1446678528;0;0;0;0;0;0;0;0;0;0;0;4318;0;0;133;0;122;0;
27483;4629593;1262084096;33566720;1446670336;0;0;0;0;0;0;0;0;0;0;0;3276;0;0;133;0;122;0;
27484;8594137;1262084096;33566720;1446670336;0;0;0;0;0;0;0;0;0;0;0;4568;0;0;133;0;122;0;
27485;3696512;1262084096;33566720;1446670336;0;0;0;0;0;0;0;0;0;0;0;3577;0;0;133;0;122;0;
27486;8035359;1262084096;33566720;1446670336;0;0;0;0;0;0;0;0;0;0;0;3406;0;0;133;0;122;0;
27487;4643147;1262084096;33566720;1446670336;0;0;0;0;0;0;0;0;0;0;0;3947;0;0;133;0;122;0;
27488;6929055;1262084096;33566720;1446670336;0;0;0;0;0;0;0;0;0;0;0;4158;0;0;133;0;122;0;
27489;5918590;1262084096;33566720;1446670336;0;0;0;0;0;0;0;0;0;0;0;3246;0;0;133;0;122;0;
27490;7935372;1262084096;33566720;1446670336;0;0;0;0;0;0;0;0;0;0;0;4047;0;0;133;0;122;0;
27491;5259313;1262084096;33566720;1446670336;0;0;0;0;0;0;0;0;0;0;0;3026;0;0;133;0;122;0;
27492;6977616;1262084096;33566720;1446670336;0;0;0;0;0;0;0;0;0;0;0;2925;0;0;133;0;122;0;
27493;5379117;1262084096;33566720;1446670336;0;0;0;0;0;0;0;0;0;0;0;4508;0;0;133;0;122;0;
27494;6406294;1262084096;33566720;1446670336;0;0;0;0;0;0;0;0;0;0;0;4127;0;0;133;0;122;0;
27495;4839737;1262084096;33566720;1446670336;0;0;0;0;0;0;0;0;0;0;0;3276;0;0;133;0;122;0;
27496;5768027;1262084096;33566720;1446670336;0;0;0;0;0;0;0;0;0;0;0;4649;0;0;133;0;122;0;
27497;4292640;1262084096;33566720;1446670336;0;0;0;0;0;0;0;0;0;0;0;3186;0;0;133;0;122;0;
27498;6698583;1262084096;33566720;1446670336;0;0;0;0;0;0;0;0;0;0;0;4208;0;0;133;0;122;0;
27499;3840563;1262084096;33566720;1446670336;0;0;0;0;0;0;0;0;0;0;0;3697;0;0;133;0;122;0;
27500;6221398;1262084096;33566720;1446670336;0;0;0;0;0;0;0;0;0;0;0;3657;0;0;133;0;122;0;
27501;4019448;1262084096;33566720;1446670336;0;0;0;0;0;0;0;0;0;0;0;3196;0;0;133;0;122;0;
27502;6936609;1262084096;33566720;1446670336;0;0;0;0;0;0;0;0;0;0;0;4118;0;0;133;0;122;0;
27503;4515989;1262084096;33566720;1446670336;0;0;0;0;0;0;0;0;0;0;0;3427;0;0;133;0;122;0;
27504;7705370;1262084096;33566720;1446670336;0;0;0;0;0;0;0;0;0;0;0;4809;0;0;133;0;122;0;
27505;4340560;1262084096;33566720;1446670336;0;0;0;0;0;0;0;0;0;0;0;2986;0;0;133;0;122;0;
27506;5715098;1262084096;33566720;1446670336;0;0;0;0;0;0;0;0;0;0;0;2705;0;0;133;0;122;0;
27507;5403775;1262084096;33566720;1446670336;0;0;0;0;0;0;0;0;0;0;0;2755;0;0;133;0;122;0;
27508;5677507;1262084096;33566720;1446670336;0;0;0;0;0;0;0;0;0;0;0;2705;0;0;133;0;122;0;
27509;6610948;1262084096;33566720;1446670336;0;0;0;0;0;0;0;0;0;0;0;3186;0;0;133;0;122;0;
27510;6311347;1262084096;33566720;1446670336;0;0;0;0;0;0;0;0;0;0;0;4278;0;0;133;0;122;0;
27511;6003278;1262084096;33566720;1446670336;0;0;0;0;0;0;0;0;0;0;0;2876;0;0;133;0;122;0;
27512;7147434;1262084096;33566720;1446670336;0;0;0;0;0;0;0;0;0;0;0;3327;0;0;133;0;122;0;
27513;4696979;1262084096;33566720;1446670336;0;0;0;0;0;0;0;0;0;0;0;2795;0;0;133;0;122;0;
27514;6099028;1262084096;33566720;1446670336;0;0;0;0;0;0;0;0;0;0;0;4058;0;0;133;0;122;0;
27515;3990855;1262084096;33566720;1446670336;0;0;0;0;0;0;0;0;0;0;0;2966;0;0;133;0;122;0;
27516;6384113;1262084096;33566720;1446670336;0;0;0;0;0;0;0;0;0;0;0;3697;0;0;133;0;122;0;
27517;5049349;1262084096;33566720;1446670336;0;0;0;0;0;0;0;0;0;0;0;3938;0;0;133;0;122;0;
27518;6697721;1262084096;33566720;1446670336;0;0;0;0;0;0;0;0;0;0;0;2805;0;0;133;0;122;0;
27519;4272963;1262084096;33566720;1446670336;0;0;0;0;0;0;0;0;0;0;0;2846;0;0;133;0;122;0;
27520;6587414;1262084096;33566720;1446670336;0;0;0;0;0;0;0;0;0;0;0;3296;0;0;133;0;122;0;
27521;3498922;1262084096;33566720;1446670336;0;0;0;0;0;0;0;0;0;0;0;2795;0;0;133;0;122;0;
27522;5742710;1262084096;33566720;1446670336;0;0;0;0;0;0;0;0;0;0;0;2856;0;0;133;0;122;0;
27523;5099213;1262084096;33566720;1446670336;0;0;0;0;0;0;0;0;0;0;0;2865;0;0;133;0;122;0;
27524;6424759;1262084096;33566720;1446670336;0;0;0;0;0;0;0;0;0;0;0;2926;0;0;133;0;122;0;
27525;3955338;1262084096;33566720;1446670336;0;0;0;0;0;0;0;0;0;0;0;2955;0;0;133;0;122;0;
27526;5850051;1262084096;33566720;1446670336;0;0;0;0;0;0;0;0;0;0;0;3046;0;0;133;0;122;0;
27527;3947734;1262084096;33566720;1446670336;0;0;0;0;0;0;0;0;0;0;0;3066;0;0;133;0;122;0;
27528;6659759;1262084096;33566720;1446670336;0;0;0;0;0;0;0;0;0;0;0;4067;0;0;133;0;122;0;
27529;4530487;1262084096;33566720;1446670336;0;0;0;0;0;0;0;0;0;0;0;3116;0;0;133;0;122;0;
27530;7457115;1262084096;33566720;1446670336;0;0;0;0;0;0;0;0;0;0;0;4027;0;0;133;0;122;0;
27531;4422504;1262084096;33566720;1446670336;0;0;0;0;0;0;0;0;0;0;0;3457;0;0;133;0;122;0;
27532;6996100;1262084096;33566720;1446670336;0;0;0;0;0;0;0;0;0;0;0;3246;0;0;133;0;122;0;
27533;4319230;1262084096;33566720;1446670336;0;0;0;0;0;0;0;0;0;0;0;5631;0;0;133;0;122;0;
27534;6164190;1262084096;33566720;1446670336;0;0;0;0;0;0;0;0;0;0;0;3687;0;0;133;0;122;0;
27535;4399832;1262084096;33566720;1446670336;0;0;0;0;0;0;0;0;0;0;0;3095;0;0;133;0;122;0;
27536;12124928;1262084096;33566720;1446670336;0;0;0;0;0;0;0;0;0;0;0;3116;0;0;133;0;122;0;
27537;5743622;1262084096;33566720;1446670336;0;0;0;0;0;0;0;0;0;0;0;4198;0;0;133;0;122;0;
27538;6615576;1262084096;33566720;1446670336;0;0;0;0;0;0;0;0;0;0;0;3587;0;0;133;0;122;0;
27539;4583967;1262084096;33566720;1446670336;0;0;0;0;0;0;0;0;0;0;0;3837;0;0;133;0;122;0;
27540;7335166;1262084096;33566720;1446670336;0;0;0;0;0;0;0;0;0;0;0;4058;0;0;133;0;122;0;
27541;6385195;1262084096;33566720;1446670336;0;0;0;0;0;0;0;0;0;0;0;3437;0;0;133;0;122;0;
27542;6655261;1262084096;33566720;1446670336;0;0;0;0;0;0;0;0;0;0;0;3737;0;0;133;0;122;0;
27543;5266367;1262084096;33566720;1446670336;0;0;0;0;0;0;0;0;0;0;0;3878;0;0;133;0;122;0;
27544;7443941;1262084096;33566720;1446670336;0;0;0;0;0;0;0;0;0;0;0;3837;0;0;133;0;122;0;
27545;5936574;1262084096;33566720;1446670336;0;0;0;0;0;0;0;0;0;0;0;4599;0;0;133;0;122;0;
27546;5772105;1262084096;33566720;1446670336;0;0;0;0;0;0;0;0;0;0;0;2385;0;0;133;0;122;0;
27547;5361805;1262084096;33566720;1446670336;0;0;0;0;0;0;0;0;0;0;0;4028;0;0;133;0;122;0;
27548;6634793;1262084096;33566720;1446670336;0;0;0;0;0;0;0;0;0;0;0;3707;0;0;133;0;122;0;
27549;5943666;1262084096;33566720;1446670336;0;0;0;0;0;0;0;0;0;0;0;3156;0;0;133;0;122;0;
27550;5328462;1262084096;33566720;1446670336;0;0;0;0;0;0;0;0;0;0;0;3597;0;0;133;0;122;0;
27551;4681800;1262084096;33566720;1446670336;0;0;0;0;0;0;0;0;0;0;0;3096;0;0;133;0;122;0;
27552;5969856;1262084096;33566720;1446670336;0;0;0;0;0;0;0;0;0;0;0;3267;0;0;133;0;122;0;
27553;5497259;1262084096;33566720;1446670336;0;0;0;0;0;0;0;0;0;0;0;4127;0;0;133;0;122;0;
27554;6967687;1262084096;33566720;1446670336;0;0;0;0;0;0;0;0;0;0;0;3837;0;0;133;0;122;0;
27555;4618251;1262084096;33566720;1446670336;0;0;0;0;0;0;0;0;0;0;0;3096;0;0;133;0;122;0;
27556;6010772;1262084096;33566720;1446670336;0;0;0;0;0;0;0;0;0;0;0;4068;0;0;133;0;122;0;
27557;3673159;1262084096;33566720;1446670336;0;0;0;0;0;0;0;0;0;0;0;3576;0;0;133;0;122;0;
27558;5484155;1262084096;33566720;1446670336;0;0;0;0;0;0;0;0;0;0;0;3116;0;0;133;0;122;0;
27559;3743861;1262084096;33566720;1446670336;0;0;0;0;0;0;0;0;0;0;0;3657;0;0;133;0;122;0;
27560;6567807;1262084096;33566720;1446670336;0;0;0;0;0;0;0;0;0;0;0;3807;0;0;133;0;122;0;
27561;4444606;1262084096;33566720;1446670336;0;0;0;0;0;0;0;0;0;0;0;3126;0;0;133;0;122;0;
27562;6553410;1262084096;33570816;1446674432;0;0;0;0;0;0;0;0;0;0;0;3877;0;0;133;0;122;0;
27563;4092435;1262084096;33574912;1446678528;0;0;0;0;0;0;0;0;0;0;0;3546;0;0;133;0;122;0;
27564;6008348;1262084096;33574912;1446678528;0;0;0;0;0;0;0;0;0;0;0;3576;0;0;133;0;122;0;
27565;4930207;1262084096;33574912;1446678528;0;0;0;0;0;0;0;0;0;0;0;4719;0;0;133;0;122;0;
27566;6458663;1262084096;33574912;1446678528;0;0;0;0;0;0;0;0;0;0;0;4479;0;0;133;0;122;0;
27567;3977829;1262084096;33574912;1446678528;0;0;0;0;0;0;0;0;0;0;0;3507;0;0;133;0;122;0;
27568;6892025;1262084096;33574912;1446678528;0;0;0;0;0;0;0;0;0;0;0;3797;0;0;133;0;122;0;
27569;4137440;1262084096;33566720;1446670336;0;0;0;0;0;0;0;0;0;0;0;3627;0;0;133;0;122;0;
27570;6347615;1262084096;33566720;1446670336;0;0;0;0;0;0;0;0;0;0;0;3937;0;0;133;0;122;0;
27571;3543545;1262084096;33566720;1446670336;0;0;0;0;0;0;0;0;0;0;0;3567;0;0;133;0;122;0;
27572;5569945;1262084096;33566720;1446670336;0;0;0;0;0;0;0;0;0;0;0;3496;0;0;133;0;122;0;
27573;4389693;1262084096;33566720;1446670336;0;0;0;0;0;0;0;0;0;0;0;3165;0;0;133;0;122;0;
27574;5968312;1262084096;33566720;1446670336;0;0;0;0;0;0;0;0;0;0;0;3406;0;0;133;0;122;0;
27575;4537810;1262084096;33566720;1446670336;0;0;0;0;0;0;0;0;0;0;0;3907;0;0;133;0;122;0;
27576;5334203;1262084096;33566720;1446670336;0;0;0;0;0;0;0;0;0;0;0;4088;0;0;133;0;122;0;
27577;4810071;1262084096;33566720;1446670336;0;0;0;0;0;0;0;0;0;0;0;3116;0;0;133;0;122;0;
27578;5852906;1262084096;33566720;1446670336;0;0;0;0;0;0;0;0;0;0;0;8656;0;0;133;0;122;0;
27579;3562772;1262084096;33566720;1446670336;0;0;0;0;0;0;0;0;0;0;0;3497;0;0;133;0;122;0;
27580;6283063;1262084096;33566720;1446670336;0;0;0;0;0;0;0;0;0;0;0;3036;0;0;133;0;122;0;
27581;4536508;1262084096;33566720;1446670336;0;0;0;0;0;0;0;0;0;0;0;3316;0;0;133;0;122;0;
27582;6090883;1262084096;33566720;1446670336;0;0;0;0;0;0;0;0;0;0;0;3597;0;0;133;0;122;0;
27583;4386286;1262084096;33566720;1446670336;0;0;0;0;0;0;0;0;0;0;0;3507;0;0;133;0;122;0;
27584;6156416;1262084096;33566720;1446670336;0;0;0;0;0;0;0;0;0;0;0;3967;0;0;133;0;122;0;
27585;5955239;1262084096;33566720;1446670336;0;0;0;0;0;0;0;0;0;0;0;4097;0;0;133;0;122;0;
27586;6267945;1262084096;33566720;1446670336;0;0;0;0;0;0;0;0;0;0;0;3316;0;0;133;0;122;0;
27587;6844146;1262084096;33566720;1446670336;0;0;0;0;0;0;0;0;0;0;0;3867;0;0;133;0;122;0;
27588;5843659;1262084096;33566720;1446670336;0;0;0;0;0;0;0;0;0;0;0;3787;0;0;133;0;122;0;
27589;4412826;1262084096;33566720;1446670336;0;0;0;0;0;0;0;0;0;0;0;3547;0;0;133;0;122;0;
27590;6691419;1262084096;33566720;1446670336;0;0;0;0;0;0;0;0;0;0;0;3337;0;0;133;0;122;0;
27591;4368703;1262084096;33566720;1446670336;0;0;0;0;0;0;0;0;0;0;0;3086;0;0;133;0;122;0;
27592;5666226;1262084096;33566720;1446670336;0;0;0;0;0;0;0;0;0;0;0;3577;0;0;133;0;122;0;
27593;6074782;1262084096;33566720;1446670336;0;0;0;0;0;0;0;0;0;0;0;3787;0;0;133;0;122;0;
27594;5829703;1262084096;33566720;1446670336;0;0;0;0;0;0;0;0;0;0;0;3196;0;0;133;0;122;0;
27595;5037608;1262084096;33566720;1446670336;0;0;0;0;0;0;0;0;0;0;0;3436;0;0;133;0;122;0;
27596;6331404;1262084096;33566720;1446670336;0;0;0;0;0;0;0;0;0;0;0;3006;0;0;133;0;122;0;
27597;4761480;1262084096;33566720;1446670336;0;0;0;0;0;0;0;0;0;0;0;3727;0;0;133;0;122;0;
27598;5334805;1262084096;33566720;1446670336;0;0;0;0;0;0;0;0;0;0;0;3767;0;0;133;0;122;0;
27599;4292621;1262084096;33566720;1446670336;0;0;0;0;0;0;0;0;0;0;0;4188;0;0;133;0;122;0;
27600;5689500;1262084096;33566720;1446670336;0;0;0;0;0;0;0;0;0;0;0;3646;0;0;133;0;122;0;
27601;4777760;1262084096;33566720;1446670336;0;0;0;0;0;0;0;0;0;0;0;3247;0;0;133;0;122;0;
27602;5824223;1262084096;33566720;1446670336;0;0;0;0;0;0;0;0;0;0;0;3347;0;0;133;0;122;0;
27603;5602537;1262084096;33566720;1446670336;0;0;0;0;0;0;0;0;0;0;0;3978;0;0;133;0;122;0;
27604;5267148;1262084096;33566720;1446670336;0;0;0;0;0;0;0;0;0;0;0;3116;0;0;133;0;122;0;
27605;5545149;1262084096;33566720;1446670336;0;0;0;0;0;0;0;0;0;0;0;2785;0;0;133;0;122;0;
27606;5326839;1262084096;33566720;1446670336;0;0;0;0;0;0;0;0;0;0;0;2886;0;0;133;0;122;0;
27607;5734254;1262084096;33566720;1446670336;0;0;0;0;0;0;0;0;0;0;0;4047;0;0;133;0;122;0;
27608;6511772;1262084096;33566720;1446670336;0;0;0;0;0;0;0;0;0;0;0;2625;0;0;133;0;122;0;
27609;5396741;1262084096;33566720;1446670336;0;0;0;0;0;0;0;0;0;0;0;3537;0;0;133;0;122;0;
27610;6053102;1262084096;33566720;1446670336;0;0;0;0;0;0;0;0;0;0;0;2845;0;0;133;0;122;0;
27611;4878359;1262084096;33566720;1446670336;0;0;0;0;0;0;0;0;0;0;0;3808;0;0;133;0;122;0;
27612;6880874;1262084096;33566720;1446670336;0;0;0;0;0;0;0;0;0;0;0;3045;0;0;133;0;122;0;
27613;4695977;1262084096;33566720;1446670336;0;0;0;0;0;0;0;0;0;0;0;3025;0;0;133;0;122;0;
27614;6274938;1262084096;33566720;1446670336;0;0;0;0;0;0;0;0;0;0;0;3807;0;0;133;0;122;0;
27615;5560458;1262084096;33566720;1446670336;0;0;0;0;0;0;0;0;0;0;0;3176;0;0;133;0;122;0;
27616;5383065;1262084096;33566720;1446670336;0;0;0;0;0;0;0;0;0;0;0;2746;0;0;133;0;122;0;
27617;5759731;1262084096;33566720;1446670336;0;0;0;0;0;0;0;0;0;0;0;3085;0;0;133;0;122;0;
27618;6487477;1262084096;33566720;1446670336;0;0;0;0;0;0;0;0;0;0;0;3136;0;0;133;0;122;0;
27619;4803819;1262084096;33566720;1446670336;0;0;0;0;0;0;0;0;0;0;0;2665;0;0;133;0;122;0;
27620;5375321;1262084096;33566720;1446670336;0;0;0;0;0;0;0;0;0;0;0;2695;0;0;133;0;122;0;
27621;4747854;1262084096;33566720;1446670336;0;0;0;0;0;0;0;0;0;0;0;2976;0;0;133;0;122;0;
27622;5920493;1262084096;33566720;1446670336;0;0;0;0;0;0;0;0;0;0;0;3186;0;0;133;0;122;0;
27623;3386290;1262084096;33566720;1446670336;0;0;0;0;0;0;0;0;0;0;0;3366;0;0;133;0;122;0;
27624;5566239;1262084096;33566720;1446670336;0;0;0;0;0;0;0;0;0;0;0;2464;0;0;133;0;122;0;
27625;3767025;1262084096;33566720;1446670336;0;0;0;0;0;0;0;0;0;0;0;2946;0;0;133;0;122;0;
27626;6917283;1262084096;33566720;1446670336;0;0;0;0;0;0;0;0;0;0;0;3687;0;0;133;0;122;0;
27627;3633444;1262084096;33566720;1446670336;0;0;0;0;0;0;0;0;0;0;0;3416;0;0;133;0;122;0;
27628;6088819;1262084096;33566720;1446670336;0;0;0;0;0;0;0;0;0;0;0;3646;0;0;133;0;122;0;
27629;4654228;1262084096;33566720;1446670336;0;0;0;0;0;0;0;0;0;0;0;2785;0;0;133;0;122;0;
27630;6490482;1262084096;33566720;1446670336;0;0;0;0;0;0;0;0;0;0;0;2986;0;0;133;0;122;0;
27631;4408067;1262084096;33566720;1446670336;0;0;0;0;0;0;0;0;0;0;0;3256;0;0;133;0;122;0;
27632;6435289;1262084096;33566720;1446670336;0;0;0;0;0;0;0;0;0;0;0;4238;0;0;133;0;122;0;
27633;3265474;1262084096;33566720;1446670336;0;0;0;0;0;0;0;0;0;0;0;3156;0;0;133;0;122;0;
27634;6335311;1262084096;33566720;1446670336;0;0;0;0;0;0;0;0;0;0;0;2665;0;0;133;0;122;0;
27635;3513419;1262084096;33566720;1446670336;0;0;0;0;0;0;0;0;0;0;0;3647;0;0;133;0;122;0;
27636;5610361;1262084096;33566720;1446670336;0;0;0;0;0;0;0;0;0;0;0;3477;0;0;133;0;122;0;
27637;3184372;1262084096;33566720;1446670336;0;0;0;0;0;0;0;0;0;0;0;3257;0;0;133;0;122;0;
27638;6181302;1262084096;33566720;1446670336;0;0;0;0;0;0;0;0;0;0;0;3877;0;0;133;0;122;0;
27639;4295135;1262084096;33566720;1446670336;0;0;0;0;0;0;0;0;0;0;0;2876;0;0;133;0;122;0;
27640;6217009;1262084096;33566720;1446670336;0;0;0;0;0;0;0;0;0;0;0;3767;0;0;133;0;122;0;
27641;3140229;1262084096;33566720;1446670336;0;0;0;0;0;0;0;0;0;0;0;3547;0;0;133;0;122;0;
27642;6407566;1262084096;33566720;1446670336;0;0;0;0;0;0;0;0;0;0;0;3546;0;0;133;0;122;0;
27643;3062524;1262084096;33566720;1446670336;0;0;0;0;0;0;0;0;0;0;0;3166;0;0;133;0;122;0;
27644;5431687;1262084096;33566720;1446670336;0;0;0;0;0;0;0;0;0;0;0;3236;0;0;133;0;122;0;
27645;3910704;1262084096;33566720;1446670336;0;0;0;0;0;0;0;0;0;0;0;2695;0;0;133;0;122;0;
27646;5316250;1262084096;33566720;1446670336;0;0;0;0;0;0;0;0;0;0;0;2154;0;0;133;0;122;0;
27647;3728623;1262084096;33566720;1446670336;0;0;0;0;0;0;0;0;0;0;0;4288;0;0;133;0;122;0;
27648;4954332;1262084096;33566720;1446670336;0;0;0;0;0;0;0;0;0;0;0;3356;0;0;133;0;122;0;
27649;3361544;1262084096;33566720;1446670336;0;0;0;0;0;0;0;0;0;0;0;3376;0;0;133;0;122;0;
27650;6390825;1262084096;33566720;1446670336;0;0;0;0;0;0;0;0;0;0;0;3887;0;0;133;0;122;0;
27651;2883337;1262084096;33566720;1446670336;0;0;0;0;0;0;0;0;0;0;0;2906;0;0;133;0;122;0;
27652;5579734;1262084096;33566720;1446670336;0;0;0;0;0;0;0;0;0;0;0;4449;0;0;133;0;122;0;
27653;3511144;1262084096;33566720;1446670336;0;0;0;0;0;0;0;0;0;0;0;3136;0;0;133;0;122;0;
27654;5088874;1262084096;33566720;1446670336;0;0;0;0;0;0;0;0;0;0;0;2295;0;0;133;0;122;0;
27655;4673294;1262084096;33566720;1446670336;0;0;0;0;0;0;0;0;0;0;0;3176;0;0;133;0;122;0;
27656;5398153;1262084096;33566720;1446670336;0;0;0;0;0;0;0;0;0;0;0;2515;0;0;133;0;122;0;
27657;4084259;1262084096;33566720;1446670336;0;0;0;0;0;0;0;0;0;0;0;2645;0;0;133;0;122;0;
27658;6483068;1262084096;33570816;1446674432;0;0;0;0;0;0;0;0;0;0;0;3136;0;0;133;0;122;0;
27659;3546000;1262084096;33574912;1446678528;0;0;0;0;0;0;0;0;0;0;0;2976;0;0;133;0;122;0;
27660;4759005;1262084096;33574912;1446678528;0;0;0;0;0;0;0;0;0;0;0;3126;0;0;133;0;122;0;
27661;4190569;1262084096;33574912;1446678528;0;0;0;0;0;0;0;0;0;0;0;3377;0;0;133;0;122;0;
27662;5360793;1262084096;33574912;1446678528;0;0;0;0;0;0;0;0;0;0;0;3126;0;0;133;0;122;0;
27663;4556705;1262084096;33574912;1446678528;0;0;0;0;0;0;0;0;0;0;0;3176;0;0;133;0;122;0;
27664;5585215;1262084096;33574912;1446678528;0;0;0;0;0;0;0;0;0;0;0;2805;0;0;133;0;122;0;
27665;3853106;1262084096;33566720;1446670336;0;0;0;0;0;0;0;0;0;0;0;3527;0;0;133;0;122;0;
27666;5379288;1262084096;33566720;1446670336;0;0;0;0;0;0;0;0;0;0;0;2425;0;0;133;0;122;0;
27667;3858807;1262084096;33566720;1446670336;0;0;0;0;0;0;0;0;0;0;0;2935;0;0;133;0;122;0;
27668;5013522;1262084096;33566720;1446670336;0;0;0;0;0;0;0;0;0;0;0;2695;0;0;133;0;122;0;
27669;4369214;1262084096;33566720;1446670336;0;0;0;0;0;0;0;0;0;0;0;3266;0;0;133;0;122;0;
27670;5262269;1262084096;33566720;1446670336;0;0;0;0;0;0;0;0;0;0;0;2745;0;0;133;0;122;0;
27671;3555849;1262084096;33566720;1446670336;0;0;0;0;0;0;0;0;0;0;0;3787;0;0;133;0;122;0;
27672;5387724;1262084096;33566720;1446670336;0;0;0;0;0;0;0;0;0;0;0;3145;0;0;133;0;122;0;
27673;3657329;1262084096;33566720;1446670336;0;0;0;0;0;0;0;0;0;0;0;3186;0;0;133;0;122;0;
27674;5878735;1262084096;33566720;1446670336;0;0;0;0;0;0;0;0;0;0;0;2996;0;0;133;0;122;0;
27675;3251117;1262084096;33566720;1446670336;0;0;0;0;0;0;0;0;0;0;0;3747;0;0;133;0;122;0;
27676;5812811;1262084096;33566720;1446670336;0;0;0;0;0;0;0;0;0;0;0;3626;0;0;133;0;122;0;
27677;3403383;1262084096;33566720;1446670336;0;0;0;0;0;0;0;0;0;0;0;3717;0;0;133;0;122;0;
27678;6320283;1262084096;33566720;1446670336;0;0;0;0;0;0;0;0;0;0;0;2224;0;0;133;0;122;0;
27679;4237036;1262084096;33566720;1446670336;0;0;0;0;0;0;0;0;0;0;0;3616;0;0;133;0;122;0;
27680;6382950;1262084096;33566720;1446670336;0;0;0;0;0;0;0;0;0;0;0;3076;0;0;133;0;122;0;
27681;3533206;1262084096;33566720;1446670336;0;0;0;0;0;0;0;0;0;0;0;3817;0;0;133;0;122;0;
27682;6036141;1262084096;33566720;1446670336;0;0;0;0;0;0;0;0;0;0;0;3336;0;0;133;0;122;0;
27683;4483469;1262084096;33566720;1446670336;0;0;0;0;0;0;0;0;0;0;0;3737;0;0;133;0;122;0;
27684;6088018;1262084096;33566720;1446670336;0;0;0;0;0;0;0;0;0;0;0;4207;0;0;133;0;122;0;
27685;3107057;1262084096;33566720;1446670336;0;0;0;0;0;0;0;0;0;0;0;3326;0;0;133;0;122;0;
27686;6525167;1262084096;33566720;1446670336;0;0;0;0;0;0;0;0;0;0;0;4108;0;0;133;0;122;0;
27687;4144883;1262084096;33566720;1446670336;0;0;0;0;0;0;0;0;0;0;0;3456;0;0;133;0;122;0;
27688;6555043;1262084096;33566720;1446670336;0;0;0;0;0;0;0;0;0;0;0;4048;0;0;133;0;122;0;
27689;4234060;1262084096;33566720;1446670336;0;0;0;0;0;0;0;0;0;0;0;3296;0;0;133;0;122;0;
27690;6682322;1262084096;33566720;1446670336;0;0;0;0;0;0;0;0;0;0;0;3036;0;0;133;0;122;0;
27691;3953034;1262084096;33566720;1446670336;0;0;0;0;0;0;0;0;0;0;0;3377;0;0;133;0;122;0;
27692;6321135;1262084096;33566720;1446670336;0;0;0;0;0;0;0;0;0;0;0;3988;0;0;133;0;122;0;
27693;5177009;1262084096;33566720;1446670336;0;0;0;0;0;0;0;0;0;0;0;3576;0;0;133;0;122;0;
27694;5426918;1262084096;33566720;1446670336;0;0;0;0;0;0;0;0;0;0;0;3106;0;0;133;0;122;0;
27695;3862924;1262084096;33566720;1446670336;0;0;0;0;0;0;0;0;0;0;0;3066;0;0;133;0;122;0;
27696;5979114;1262084096;33566720;1446670336;0;0;0;0;0;0;0;0;0;0;0;4147;0;0;133;0;122;0;
27697;3761514;1262084096;33566720;1446670336;0;0;0;0;0;0;0;0;0;0;0;2785;0;0;133;0;122;0;
27698;6044897;1262084096;33566720;1446670336;0;0;0;0;0;0;0;0;0;0;0;3096;0;0;133;0;122;0;
27699;3865749;1262084096;33566720;1446670336;0;0;0;0;0;0;0;0;0;0;0;3487;0;0;133;0;122;0;
27700;5470499;1262084096;33566720;1446670336;0;0;0;0;0;0;0;0;0;0;0;2445;0;0;133;0;122;0;
27701;4021361;1262084096;33566720;1446670336;0;0;0;0;0;0;0;0;0;0;0;3466;0;0;133;0;122;0;
27702;6150074;1262084096;33566720;1446670336;0;0;0;0;0;0;0;0;0;0;0;3176;0;0;133;0;122;0;
27703;4606620;1262084096;33566720;1446670336;0;0;0;0;0;0;0;0;0;0;0;2986;0;0;133;0;122;0;
27704;6518755;1262084096;33566720;1446670336;0;0;0;0;0;0;0;0;0;0;0;3296;0;0;133;0;122;0;
27705;3438869;1262084096;33566720;1446670336;0;0;0;0;0;0;0;0;0;0;0;3686;0;0;133;0;122;0;
27706;6620716;1262084096;33566720;1446670336;0;0;0;0;0;0;0;0;0;0;0;3848;0;0;133;0;122;0;
27707;3882200;1262084096;33566720;1446670336;0;0;0;0;0;0;0;0;0;0;0;2975;0;0;133;0;122;0;
27708;6196861;1262084096;33566720;1446670336;0;0;0;0;0;0;0;0;0;0;0;3747;0;0;133;0;122;0;
27709;4516870;1262084096;33566720;1446670336;0;0;0;0;0;0;0;0;0;0;0;3968;0;0;133;0;122;0;
27710;5953395;1262084096;33566720;1446670336;0;0;0;0;0;0;0;0;0;0;0;5009;0;0;133;0;122;0;
27711;4676290;1262084096;33566720;1446670336;0;0;0;0;0;0;0;0;0;0;0;3547;0;0;133;0;122;0;
27712;6036881;1262084096;33566720;1446670336;0;0;0;0;0;0;0;0;0;0;0;3918;0;0;133;0;122;0;
27713;4233930;1262084096;33566720;1446670336;0;0;0;0;0;0;0;0;0;0;0;2886;0;0;133;0;122;0;
27714;6388421;1262084096;33566720;1446670336;0;0;0;0;0;0;0;0;0;0;0;2906;0;0;133;0;122;0;
27715;3853297;1262084096;33566720;1446670336;0;0;0;0;0;0;0;0;0;0;0;3577;0;0;133;0;122;0;
27716;6190860;1262084096;33566720;1446670336;0;0;0;0;0;0;0;0;0;0;0;3206;0;0;133;0;122;0;
27717;4550424;1262084096;33566720;1446670336;0;0;0;0;0;0;0;0;0;0;0;3516;0;0;133;0;122;0;
27718;5552933;1262084096;33566720;1446670336;0;0;0;0;0;0;0;0;0;0;0;4168;0;0;133;0;122;0;
27719;4096553;1262084096;33566720;1446670336;0;0;0;0;0;0;0;0;0;0;0;3066;0;0;133;0;122;0;
27720;5944819;1262084096;33566720;1446670336;0;0;0;0;0;0;0;0;0;0;0;3898;0;0;133;0;122;0;
27721;4731904;1262084096;33566720;1446670336;0;0;0;0;0;0;0;0;0;0;0;2756;0;0;133;0;122;0;
27722;5432478;1262084096;33566720;1446670336;0;0;0;0;0;0;0;0;0;0;0;3828;0;0;133;0;122;0;
27723;5598961;1262084096;33566720;1446670336;0;0;0;0;0;0;0;0;0;0;0;3596;0;0;133;0;122;0;
27724;5996015;1262084096;33566720;1446670336;0;0;0;0;0;0;0;0;0;0;0;2675;0;0;133;0;122;0;
27725;4801375;1262084096;33566720;1446670336;0;0;0;0;0;0;0;0;0;0;0;3667;0;0;133;0;122;0;
27726;11287399;1262084096;33566720;1446670336;0;0;0;0;0;0;0;0;0;0;0;3066;0;0;133;0;122;0;
27727;3599921;1262084096;33566720;1446670336;0;0;0;0;0;0;0;0;0;0;0;4408;0;0;133;0;122;0;
27728;6549062;1262084096;33566720;1446670336;0;0;0;0;0;0;0;0;0;0;0;3827;0;0;133;0;122;0;
27729;4325883;1262084096;33566720;1446670336;0;0;0;0;0;0;0;0;0;0;0;3226;0;0;133;0;122;0;
27730;5942214;1262084096;33566720;1446670336;0;0;0;0;0;0;0;0;0;0;0;4137;0;0;133;0;122;0;
27731;4239962;1262084096;33566720;1446670336;0;0;0;0;0;0;0;0;0;0;0;3747;0;0;133;0;122;0;
27732;6400734;1262084096;33566720;1446670336;0;0;0;0;0;0;0;0;0;0;0;3286;0;0;133;0;122;0;
27733;5104984;1262084096;33566720;1446670336;0;0;0;0;0;0;0;0;0;0;0;3146;0;0;133;0;122;0;
27734;5889956;1262084096;33566720;1446670336;0;0;0;0;0;0;0;0;0;0;0;3256;0;0;133;0;122;0;
27735;5795248;1262084096;33566720;1446670336;0;0;0;0;0;0;0;0;0;0;0;3296;0;0;133;0;122;0;
27736;5643834;1262084096;33566720;1446670336;0;0;0;0;0;0;0;0;0;0;0;3176;0;0;133;0;122;0;
27737;4082336;1262084096;33566720;1446670336;0;0;0;0;0;0;0;0;0;0;0;4709;0;0;133;0;122;0;
27738;5958194;1262084096;33566720;1446670336;0;0;0;0;0;0;0;0;0;0;0;4258;0;0;133;0;122;0;
27739;5432999;1262084096;33566720;1446670336;0;0;0;0;0;0;0;0;0;0;0;3987;0;0;133;0;122;0;
27740;5623677;1262084096;33566720;1446670336;0;0;0;0;0;0;0;0;0;0;0;2825;0;0;133;0;122;0;
27741;3996605;1262084096;33566720;1446670336;0;0;0;0;0;0;0;0;0;0;0;3407;0;0;133;0;122;0;
27742;5732721;1262084096;33566720;1446670336;0;0;0;0;0;0;0;0;0;0;0;3526;0;0;133;0;122;0;
27743;4929505;1262084096;33566720;1446670336;0;0;0;0;0;0;0;0;0;0;0;3246;0;0;133;0;122;0;
27744;5981037;1262084096;33566720;1446670336;0;0;0;0;0;0;0;0;0;0;0;4117;0;0;133;0;122;0;
27745;3463335;1262084096;33566720;1446670336;0;0;0;0;0;0;0;0;0;0;0;3116;0;0;133;0;122;0;
27746;5695100;1262084096;33566720;1446670336;0;0;0;0;0;0;0;0;0;0;0;3978;0;0;133;0;122;0;
27747;4232538;1262084096;33566720;1446670336;0;0;0;0;0;0;0;0;0;0;0;4068;0;0;133;0;122;0;
27748;5746396;1262084096;33566720;1446670336;0;0;0;0;0;0;0;0;0;0;0;10349;0;0;133;0;122;0;
27749;3428710;1262084096;33566720;1446670336;0;0;0;0;0;0;0;0;0;0;0;4369;0;0;133;0;122;0;
27750;6271902;1262084096;33566720;1446670336;0;0;0;0;0;0;0;0;0;0;0;2645;0;0;133;0;122;0;
27751;4162486;1262084096;33566720;1446670336;0;0;0;0;0;0;0;0;0;0;0;3527;0;0;133;0;122;0;
27752;6255352;1262084096;33566720;1446670336;0;0;0;0;0;0;0;0;0;0;0;3266;0;0;133;0;122;0;
27753;5232443;1262084096;33566720;1446670336;0;0;0;0;0;0;0;0;0;0;0;3236;0;0;133;0;122;0;
27754;5978682;1262084096;33566720;1446670336;0;0;0;0;0;0;0;0;0;0;0;4048;0;0;133;0;122;0;
27755;4869282;1262084096;33566720;1446670336;0;0;0;0;0;0;0;0;0;0;0;3466;0;0;133;0;122;0;
27756;7401881;1262084096;33566720;1446670336;0;0;0;0;0;0;0;0;0;0;0;3336;0;0;133;0;122;0;
27757;3550399;1262084096;33566720;1446670336;0;0;0;0;0;0;0;0;0;0;0;3016;0;0;133;0;122;0;
27758;7021928;1262084096;33566720;1446670336;0;0;0;0;0;0;0;0;0;0;0;2976;0;0;133;0;122;0;
27759;4435658;1262084096;33566720;1446670336;0;0;0;0;0;0;0;0;0;0;0;3466;0;0;133;0;122;0;
27760;6337215;1262084096;33566720;1446670336;0;0;0;0;0;0;0;0;0;0;0;3196;0;0;133;0;122;0;
27761;5494905;1262084096;33566720;1446670336;0;0;0;0;0;0;0;0;0;0;0;3296;0;0;133;0;122;0;
27762;5091388;1262084096;33566720;1446670336;0;0;0;0;0;0;0;0;0;0;0;2735;0;0;133;0;122;0;
27763;5748410;1262084096;33566720;1446670336;0;0;0;0;0;0;0;0;0;0;0;3266;0;0;133;0;122;0;
27764;6580050;1262084096;33566720;1446670336;0;0;0;0;0;0;0;0;0;0;0;2755;0;0;133;0;122;0;
27765;4306977;1262084096;33566720;1446670336;0;0;0;0;0;0;0;0;0;0;0;3757;0;0;133;0;122;0;
27766;5569865;1262084096;33566720;1446670336;0;0;0;0;0;0;0;0;0;0;0;2445;0;0;133;0;122;0;
27767;4904207;1262084096;33566720;1446670336;0;0;0;0;0;0;0;0;0;0;0;3136;0;0;133;0;122;0;
27768;5415636;1262084096;33566720;1446670336;0;0;0;0;0;0;0;0;0;0;0;3787;0;0;133;0;122;0;
27769;4815722;1262084096;33566720;1446670336;0;0;0;0;0;0;0;0;0;0;0;3436;0;0;133;0;122;0;
27770;5788897;1262084096;33566720;1446670336;0;0;0;0;0;0;0;0;0;0;0;3957;0;0;133;0;122;0;
27771;4605036;1262084096;33566720;1446670336;0;0;0;0;0;0;0;0;0;0;0;3627;0;0;133;0;122;0;
27772;5834422;1262084096;33566720;1446670336;0;0;0;0;0;0;0;0;0;0;0;3005;0;0;133;0;122;0;
27773;4798098;1262084096;33566720;1446670336;0;0;0;0;0;0;0;0;0;0;0;2975;0;0;133;0;122;0;
27774;6249129;1262084096;33566720;1446670336;0;0;0;0;0;0;0;0;0;0;0;3447;0;0;133;0;122;0;
27775;5526915;1262084096;33566720;1446670336;0;0;0;0;0;0;0;0;0;0;0;4058;0;0;133;0;122;0;
27776;6048924;1262084096;33566720;1446670336;0;0;0;0;0;0;0;0;0;0;0;3637;0;0;133;0;122;0;
27777;3754441;1262084096;33566720;1446670336;0;0;0;0;0;0;0;0;0;0;0;3457;0;0;133;0;122;0;
27778;5988671;1262084096;33566720;1446670336;0;0;0;0;0;0;0;0;0;0;0;3006;0;0;133;0;122;0;
27779;4764455;1262084096;33566720;1446670336;0;0;0;0;0;0;0;0;0;0;0;4118;0;0;133;0;122;0;
27780;6021853;1262084096;33566720;1446670336;0;0;0;0;0;0;0;0;0;0;0;3116;0;0;133;0;122;0;
27781;4519455;1262084096;33566720;1446670336;0;0;0;0;0;0;0;0;0;0;0;4298;0;0;133;0;122;0;
27782;5771023;1262084096;33566720;1446670336;0;0;0;0;0;0;0;0;0;0;0;3096;0;0;133;0;122;0;
27783;5342429;1262084096;33566720;1446670336;0;0;0;0;0;0;0;0;0;0;0;3817;0;0;133;0;122;0;
27784;5965358;1262084096;33566720;1446670336;0;0;0;0;0;0;0;0;0;0;0;3196;0;0;133;0;122;0;
27785;5317633;1262084096;33566720;1446670336;0;0;0;0;0;0;0;0;0;0;0;3196;0;0;133;0;122;0;
27786;5941814;1262084096;33566720;1446670336;0;0;0;0;0;0;0;0;0;0;0;2986;0;0;133;0;122;0;
27787;5410988;1262084096;33566720;1446670336;0;0;0;0;0;0;0;0;0;0;0;3887;0;0;133;0;122;0;
27788;5953486;1262084096;33566720;1446670336;0;0;0;0;0;0;0;0;0;0;0;2955;0;0;133;0;122;0;
27789;5005287;1262084096;33566720;1446670336;0;0;0;0;0;0;0;0;0;0;0;2725;0;0;133;0;122;0;
27790;5178501;1262084096;33566720;1446670336;0;0;0;0;0;0;0;0;0;0;0;3296;0;0;133;0;122;0;
27791;4901673;1262084096;33566720;1446670336;0;0;0;0;0;0;0;0;0;0;0;2786;0;0;133;0;122;0;
27792;7148145;1262084096;33566720;1446670336;0;0;0;0;0;0;0;0;0;0;0;3036;0;0;133;0;122;0;
27793;4570431;1262084096;33566720;1446670336;0;0;0;0;0;0;0;0;0;0;0;2826;0;0;133;0;122;0;
27794;7539510;1262084096;33566720;1446670336;0;0;0;0;0;0;0;0;0;0;0;4959;0;0;133;0;122;0;
27795;4357021;1262084096;33566720;1446670336;0;0;0;0;0;0;0;0;0;0;0;3767;0;0;133;0;122;0;
27796;5046524;1262084096;33566720;1446670336;0;0;0;0;0;0;0;0;0;0;0;4979;0;0;133;0;122;0;
27797;5173933;1262084096;33566720;1446670336;0;0;0;0;0;0;0;0;0;0;0;3406;0;0;133;0;122;0;
27798;6029137;1262084096;33566720;1446670336;0;0;0;0;0;0;0;0;0;0;0;3497;0;0;133;0;122;0;
27799;4576693;1262084096;33566720;1446670336;0;0;0;0;0;0;0;0;0;0;0;3085;0;0;133;0;122;0;
27800;6061858;1262084096;33566720;1446670336;0;0;0;0;0;0;0;0;0;0;0;3296;0;0;133;0;122;0;
27801;5239626;1262084096;33566720;1446670336;0;0;0;0;0;0;0;0;0;0;0;3407;0;0;133;0;122;0;
27802;6276891;1262084096;33566720;1446670336;0;0;0;0;0;0;0;0;0;0;0;2795;0;0;133;0;122;0;
27803;5235218;1262084096;33566720;1446670336;0;0;0;0;0;0;0;0;0;0;0;30568;0;0;133;0;122;0;
27804;6135987;1262084096;33566720;1446670336;0;0;0;0;0;0;0;0;0;0;0;2856;0;0;133;0;122;0;
27805;4961214;1262084096;33566720;1446670336;0;0;0;0;0;0;0;0;0;0;0;3537;0;0;133;0;122;0;
27806;4961645;1262084096;33566720;1446670336;0;0;0;0;0;0;0;0;0;0;0;3146;0;0;133;0;122;0;
27807;4437682;1262084096;33566720;1446670336;0;0;0;0;0;0;0;0;0;0;0;2945;0;0;133;0;122;0;
27808;5684180;1262084096;33566720;1446670336;0;0;0;0;0;0;0;0;0;0;0;2795;0;0;133;0;122;0;
27809;5284540;1262084096;33566720;1446670336;0;0;0;0;0;0;0;0;0;0;0;3196;0;0;133;0;122;0;
27810;7782565;1262084096;33566720;1446670336;0;0;0;0;0;0;0;0;0;0;0;5320;0;0;133;0;122;0;
27811;4167526;1262084096;33566720;1446670336;0;0;0;0;0;0;0;0;0;0;0;3988;0;0;133;0;122;0;
27812;5234888;1262084096;33566720;1446670336;0;0;0;0;0;0;0;0;0;0;0;5320;0;0;133;0;122;0;
27813;4681379;1262084096;33566720;1446670336;0;0;0;0;0;0;0;0;0;0;0;4379;0;0;133;0;122;0;
27814;6282061;1262084096;33566720;1446670336;0;0;0;0;0;0;0;0;0;0;0;3006;0;0;133;0;122;0;
27815;5943777;1262084096;33566720;1446670336;0;0;0;0;0;0;0;0;0;0;0;3647;0;0;133;0;122;0;
27816;7314648;1262084096;33566720;1446670336;0;0;0;0;0;0;0;0;0;0;0;3637;0;0;133;0;122;0;
27817;4275718;1262084096;33566720;1446670336;0;0;0;0;0;0;0;0;0;0;0;2665;0;0;133;0;122;0;
27818;5989854;1262084096;33566720;1446670336;0;0;0;0;0;0;0;0;0;0;0;2675;0;0;133;0;122;0;
27819;4723919;1262084096;33566720;1446670336;0;0;0;0;0;0;0;0;0;0;0;3797;0;0;133;0;122;0;
27820;6447121;1262084096;33566720;1446670336;0;0;0;0;0;0;0;0;0;0;0;3005;0;0;133;0;122;0;
27821;5127175;1262084096;33566720;1446670336;0;0;0;0;0;0;0;0;0;0;0;3818;0;0;133;0;122;0;
27822;6096333;1262084096;33566720;1446670336;0;0;0;0;0;0;0;0;0;0;0;3366;0;0;133;0;122;0;
27823;4154862;1262084096;33566720;1446670336;0;0;0;0;0;0;0;0;0;0;0;3928;0;0;133;0;122;0;
27824;5565468;1262084096;33566720;1446670336;0;0;0;0;0;0;0;0;0;0;0;2935;0;0;133;0;122;0;
27825;5428871;1262084096;33566720;1446670336;0;0;0;0;0;0;0;0;0;0;0;2575;0;0;133;0;122;0;
27826;7267910;1262084096;33566720;1446670336;0;0;0;0;0;0;0;0;0;0;0;3025;0;0;133;0;122;0;
27827;5801189;1262084096;33566720;1446670336;0;0;0;0;0;0;0;0;0;0;0;3556;0;0;133;0;122;0;
27828;6064764;1262084096;33566720;1446670336;0;0;0;0;0;0;0;0;0;0;0;4618;0;0;133;0;122;0;
27829;5111927;1262084096;33566720;1446670336;0;0;0;0;0;0;0;0;0;0;0;3526;0;0;133;0;122;0;
27830;6665190;1262084096;33566720;1446670336;0;0;0;0;0;0;0;0;0;0;0;4629;0;0;133;0;122;0;
27831;6397729;1262084096;33566720;1446670336;0;0;0;0;0;0;0;0;0;0;0;3607;0;0;133;0;122;0;
27832;5974454;1262084096;33566720;1446670336;0;0;0;0;0;0;0;0;0;0;0;2866;0;0;133;0;122;0;
27833;6976072;1262084096;33566720;1446670336;0;0;0;0;0;0;0;0;0;0;0;3436;0;0;133;0;122;0;
27834;5878684;1262084096;33566720;1446670336;0;0;0;0;0;0;0;0;0;0;0;3046;0;0;133;0;122;0;
27835;5372185;1262084096;33566720;1446670336;0;0;0;0;0;0;0;0;0;0;0;2875;0;0;133;0;122;0;
27836;6197061;1262084096;33566720;1446670336;0;0;0;0;0;0;0;0;0;0;0;2915;0;0;133;0;122;0;
27837;6552929;1262084096;33566720;1446670336;0;0;0;0;0;0;0;0;0;0;0;3867;0;0;133;0;122;0;
27838;5813713;1262084096;33566720;1446670336;0;0;0;0;0;0;0;0;0;0;0;3687;0;0;133;0;122;0;
27839;6793701;1262084096;33566720;1446670336;0;0;0;0;0;0;0;0;0;0;0;3747;0;0;133;0;122;0;
27840;5916175;1262084096;33566720;1446670336;0;0;0;0;0;0;0;0;0;0;0;3336;0;0;133;0;122;0;
27841;6293684;1262084096;33566720;1446670336;0;0;0;0;0;0;0;0;0;0;0;3827;0;0;133;0;122;0;
27842;6732566;1262084096;33566720;1446670336;0;0;0;0;0;0;0;0;0;0;0;3797;0;0;133;0;122;0;
27843;5593871;1262084096;33566720;1446670336;0;0;0;0;0;0;0;0;0;0;0;4308;0;0;133;0;122;0;
27844;8007036;1262084096;33570816;1446674432;0;0;0;0;0;0;0;0;0;0;0;4769;0;0;133;0;122;0;
27845;4466987;1262084096;33574912;1446678528;0;0;0;0;0;0;0;0;0;0;0;3857;0;0;133;0;122;0;
27846;6537981;1262084096;33574912;1446678528;0;0;0;0;0;0;0;0;0;0;0;4248;0;0;133;0;122;0;
27847;5346707;1262084096;33574912;1446678528;0;0;0;0;0;0;0;0;0;0;0;3336;0;0;133;0;122;0;
27848;6461578;1262084096;33574912;1446678528;0;0;0;0;0;0;0;0;0;0;0;4348;0;0;133;0;122;0;
27849;5606765;1262084096;33574912;1446678528;0;0;0;0;0;0;0;0;0;0;0;3407;0;0;133;0;122;0;
27850;7202257;1262084096;33574912;1446678528;0;0;0;0;0;0;0;0;0;0;0;4469;0;0;133;0;122;0;
27851;4870203;1262084096;33566720;1446670336;0;0;0;0;0;0;0;0;0;0;0;4158;0;0;133;0;122;0;
27852;6173508;1262084096;33566720;1446670336;0;0;0;0;0;0;0;0;0;0;0;4338;0;0;133;0;122;0;
27853;4887546;1262084096;33566720;1446670336;0;0;0;0;0;0;0;0;0;0;0;3747;0;0;133;0;122;0;
27854;7039832;1262084096;33566720;1446670336;0;0;0;0;0;0;0;0;0;0;0;4488;0;0;133;0;122;0;
27855;4356170;1262084096;33566720;1446670336;0;0;0;0;0;0;0;0;0;0;0;3236;0;0;133;0;122;0;
27856;6437242;1262084096;33566720;1446670336;0;0;0;0;0;0;0;0;0;0;0;4147;0;0;133;0;122;0;
27857;8079763;1262084096;33566720;1446670336;0;0;0;0;0;0;0;0;0;0;0;4328;0;0;133;0;122;0;
27858;6347123;1262084096;33566720;1446670336;0;0;0;0;0;0;0;0;0;0;0;8055;0;0;133;0;122;0;
27859;5205112;1262084096;33566720;1446670336;0;0;0;0;0;0;0;0;0;0;0;4038;0;0;133;0;122;0;
27860;6803840;1262084096;33566720;1446670336;0;0;0;0;0;0;0;0;0;0;0;6523;0;0;133;0;122;0;
27861;4923463;1262084096;33566720;1446670336;0;0;0;0;0;0;0;0;0;0;0;4298;0;0;133;0;122;0;
27862;8216589;1262084096;33566720;1446670336;0;0;0;0;0;0;0;0;0;0;0;4027;0;0;133;0;122;0;
27863;6766640;1262084096;33566720;1446670336;0;0;0;0;0;0;0;0;0;0;0;3988;0;0;133;0;122;0;
27864;7500587;1262084096;33566720;1446670336;0;0;0;0;0;0;0;0;0;0;0;2545;0;0;133;0;122;0;
27865;7510595;1262084096;33566720;1446670336;0;0;0;0;0;0;0;0;0;0;0;3817;0;0;133;0;122;0;
27866;6285188;1262084096;33566720;1446670336;0;0;0;0;0;0;0;0;0;0;0;3918;0;0;133;0;122;0;
27867;6153571;1262084096;33566720;1446670336;0;0;0;0;0;0;0;0;0;0;0;6101;0;0;133;0;122;0;
27868;8329361;1262084096;33566720;1446670336;0;0;0;0;0;0;0;0;0;0;0;3837;0;0;133;0;122;0;
27869;6099219;1262084096;33566720;1446670336;0;0;0;0;0;0;0;0;0;0;0;3787;0;0;133;0;122;0;
27870;7746537;1262084096;33566720;1446670336;0;0;0;0;0;0;0;0;0;0;0;4398;0;0;133;0;122;0;
27871;7469488;1262084096;33566720;1446670336;0;0;0;0;0;0;0;0;0;0;0;3807;0;0;133;0;122;0;
27872;7785221;1262084096;33566720;1446670336;0;0;0;0;0;0;0;0;0;0;0;4829;0;0;133;0;122;0;
27873;5568593;1262084096;33566720;1446670336;0;0;0;0;0;0;0;0;0;0;0;5240;0;0;133;0;122;0;
27874;7851335;1262084096;33566720;1446670336;0;0;0;0;0;0;0;0;0;0;0;4228;0;0;133;0;122;0;
27875;4905640;1262084096;33566720;1446670336;0;0;0;0;0;0;0;0;0;0;0;3267;0;0;133;0;122;0;
27876;6898708;1262084096;33566720;1446670336;0;0;0;0;0;0;0;0;0;0;0;3657;0;0;133;0;122;0;
27877;5395919;1262084096;33566720;1446670336;0;0;0;0;0;0;0;0;0;0;0;3437;0;0;133;0;122;0;
27878;7971360;1262084096;33566720;1446670336;0;0;0;0;0;0;0;0;0;0;0;4949;0;0;133;0;122;0;
27879;5146281;1262084096;33566720;1446670336;0;0;0;0;0;0;0;0;0;0;0;2966;0;0;133;0;122;0;
27880;7213057;1262084096;33566720;1446670336;0;0;0;0;0;0;0;0;0;0;0;3256;0;0;133;0;122;0;
27881;4606429;1262084096;33566720;1446670336;0;0;0;0;0;0;0;0;0;0;0;5871;0;0;133;0;122;0;
27882;6079031;1262084096;33566720;1446670336;0;0;0;0;0;0;0;0;0;0;0;3958;0;0;133;0;122;0;
27883;4588795;1262084096;33566720;1446670336;0;0;0;0;0;0;0;0;0;0;0;3636;0;0;133;0;122;0;
27884;6839346;1262084096;33566720;1446670336;0;0;0;0;0;0;0;0;0;0;0;5931;0;0;133;0;122;0;
27885;4851689;1262084096;33566720;1446670336;0;0;0;0;0;0;0;0;0;0;0;3266;0;0;133;0;122;0;
27886;7165708;1262084096;33566720;1446670336;0;0;0;0;0;0;0;0;0;0;0;3457;0;0;133;0;122;0;
27887;4488388;1262084096;33566720;1446670336;0;0;0;0;0;0;0;0;0;0;0;3136;0;0;133;0;122;0;
27888;7042227;1262084096;33566720;1446670336;0;0;0;0;0;0;0;0;0;0;0;3086;0;0;133;0;122;0;
27889;4419608;1262084096;33566720;1446670336;0;0;0;0;0;0;0;0;0;0;0;3046;0;0;133;0;122;0;
27890;6023496;1262084096;33566720;1446670336;0;0;0;0;0;0;0;0;0;0;0;3326;0;0;133;0;122;0;
27891;4163388;1262084096;33566720;1446670336;0;0;0;0;0;0;0;0;0;0;0;2996;0;0;133;0;122;0;
27892;6823847;1262084096;33566720;1446670336;0;0;0;0;0;0;0;0;0;0;0;2675;0;0;133;0;122;0;
27893;4620936;1262084096;33566720;1446670336;0;0;0;0;0;0;0;0;0;0;0;3136;0;0;133;0;122;0;
27894;5739093;1262084096;33566720;1446670336;0;0;0;0;0;0;0;0;0;0;0;3006;0;0;133;0;122;0;
27895;3997857;1262084096;33566720;1446670336;0;0;0;0;0;0;0;0;0;0;0;3376;0;0;133;0;122;0;
27896;6690357;1262084096;33566720;1446670336;0;0;0;0;0;0;0;0;0;0;0;2926;0;0;133;0;122;0;
27897;3328171;1262084096;33566720;1446670336;0;0;0;0;0;0;0;0;0;0;0;2765;0;0;133;0;122;0;
27898;6121760;1262084096;33566720;1446670336;0;0;0;0;0;0;0;0;0;0;0;3156;0;0;133;0;122;0;
27899;4611278;1262084096;33566720;1446670336;0;0;0;0;0;0;0;0;0;0;0;2765;0;0;133;0;122;0;
27900;11887764;1262084096;33566720;1446670336;0;0;0;0;0;0;0;0;0;0;0;2375;0;0;133;0;122;0;
27901;5583091;1262084096;33566720;1446670336;0;0;0;0;0;0;0;0;0;0;0;3116;0;0;133;0;122;0;
27902;5692836;1262084096;33566720;1446670336;0;0;0;0;0;0;0;0;0;0;0;2454;0;0;133;0;122;0;
27903;3944066;1262084096;33566720;1446670336;0;0;0;0;0;0;0;0;0;0;0;2975;0;0;133;0;122;0;
27904;5566479;1262084096;33566720;1446670336;0;0;0;0;0;0;0;0;0;0;0;3015;0;0;133;0;122;0;
27905;4980320;1262084096;33566720;1446670336;0;0;0;0;0;0;0;0;0;0;0;3556;0;0;133;0;122;0;
27906;6059274;1262084096;33566720;1446670336;0;0;0;0;0;0;0;0;0;0;0;2956;0;0;133;0;122;0;
27907;3406969;1262084096;33566720;1446670336;0;0;0;0;0;0;0;0;0;0;0;3136;0;0;133;0;122;0;
27908;5120613;1262084096;33566720;1446670336;0;0;0;0;0;0;0;0;0;0;0;2594;0;0;133;0;122;0;
27909;4388089;1262084096;33566720;1446670336;0;0;0;0;0;0;0;0;0;0;0;3356;0;0;133;0;122;0;
27910;4979148;1262084096;33566720;1446670336;0;0;0;0;0;0;0;0;0;0;0;2885;0;0;133;0;122;0;
27911;4483678;1262084096;33566720;1446670336;0;0;0;0;0;0;0;0;0;0;0;3286;0;0;133;0;122;0;
27912;5580435;1262084096;33566720;1446670336;0;0;0;0;0;0;0;0;0;0;0;2584;0;0;133;0;122;0;
27913;4219133;1262084096;33566720;1446670336;0;0;0;0;0;0;0;0;0;0;0;3266;0;0;133;0;122;0;
27914;6401506;1262084096;33566720;1446670336;0;0;0;0;0;0;0;0;0;0;0;3186;0;0;133;0;122;0;
27915;3670674;1262084096;33566720;1446670336;0;0;0;0;0;0;0;0;0;0;0;3186;0;0;133;0;122;0;
27916;5987729;1262084096;33566720;1446670336;0;0;0;0;0;0;0;0;0;0;0;2645;0;0;133;0;122;0;
27917;3657249;1262084096;33566720;1446670336;0;0;0;0;0;0;0;0;0;0;0;3997;0;0;133;0;122;0;
27918;6051309;1262084096;33566720;1446670336;0;0;0;0;0;0;0;0;0;0;0;2795;0;0;133;0;122;0;
27919;3860259;1262084096;33566720;1446670336;0;0;0;0;0;0;0;0;0;0;0;3496;0;0;133;0;122;0;
27920;5678449;1262084096;33566720;1446670336;0;0;0;0;0;0;0;0;0;0;0;2966;0;0;133;0;122;0;
27921;3975265;1262084096;33566720;1446670336;0;0;0;0;0;0;0;0;0;0;0;3737;0;0;133;0;122;0;
27922;5553595;1262084096;33566720;1446670336;0;0;0;0;0;0;0;0;0;0;0;3256;0;0;133;0;122;0;
27923;4513956;1262084096;33566720;1446670336;0;0;0;0;0;0;0;0;0;0;0;3797;0;0;133;0;122;0;
27924;5025685;1262084096;33566720;1446670336;0;0;0;0;0;0;0;0;0;0;0;2806;0;0;133;0;122;0;
27925;4494248;1262084096;33566720;1446670336;0;0;0;0;0;0;0;0;0;0;0;3396;0;0;133;0;122;0;
27926;6243329;1262084096;33566720;1446670336;0;0;0;0;0;0;0;0;0;0;0;2945;0;0;133;0;122;0;
27927;4110719;1262084096;33566720;1446670336;0;0;0;0;0;0;0;0;0;0;0;5060;0;0;133;0;122;0;
27928;6141889;1262084096;33566720;1446670336;0;0;0;0;0;0;0;0;0;0;0;3226;0;0;133;0;122;0;
27929;3824011;1262084096;33566720;1446670336;0;0;0;0;0;0;0;0;0;0;0;3246;0;0;133;0;122;0;
27930;6412816;1262084096;33566720;1446670336;0;0;0;0;0;0;0;0;0;0;0;3286;0;0;133;0;122;0;
27931;4808558;1262084096;33566720;1446670336;0;0;0;0;0;0;0;0;0;0;0;3016;0;0;133;0;122;0;
27932;6432022;1262084096;33566720;1446670336;0;0;0;0;0;0;0;0;0;0;0;3997;0;0;133;0;122;0;
27933;5491378;1262084096;33566720;1446670336;0;0;0;0;0;0;0;0;0;0;0;3557;0;0;133;0;122;0;
27934;6937842;1262084096;33566720;1446670336;0;0;0;0;0;0;0;0;0;0;0;3386;0;0;133;0;122;0;
27935;4324010;1262084096;33566720;1446670336;0;0;0;0;0;0;0;0;0;0;0;4348;0;0;133;0;122;0;
27936;5864067;1262084096;33566720;1446670336;0;0;0;0;0;0;0;0;0;0;0;4118;0;0;133;0;122;0;
27937;4477036;1262084096;33566720;1446670336;0;0;0;0;0;0;0;0;0;0;0;3486;0;0;133;0;122;0;
27938;5415756;1262084096;33566720;1446670336;0;0;0;0;0;0;0;0;0;0;0;2945;0;0;133;0;122;0;
27939;4283794;1262084096;33566720;1446670336;0;0;0;0;0;0;0;0;0;0;0;3647;0;0;133;0;122;0;
27940;5763348;1262084096;33566720;1446670336;0;0;0;0;0;0;0;0;0;0;0;2846;0;0;133;0;122;0;
27941;4067699;1262084096;33566720;1446670336;0;0;0;0;0;0;0;0;0;0;0;3146;0;0;133;0;122;0;
27942;6070635;1262084096;33566720;1446670336;0;0;0;0;0;0;0;0;0;0;0;3236;0;0;133;0;122;0;
27943;4123303;1262084096;33566720;1446670336;0;0;0;0;0;0;0;0;0;0;0;2856;0;0;133;0;122;0;
27944;5877713;1262084096;33566720;1446670336;0;0;0;0;0;0;0;0;0;0;0;2585;0;0;133;0;122;0;
27945;4088698;1262084096;33566720;1446670336;0;0;0;0;0;0;0;0;0;0;0;2846;0;0;133;0;122;0;
27946;5677949;1262084096;33566720;1446670336;0;0;0;0;0;0;0;0;0;0;0;2736;0;0;133;0;122;0;
27947;4140756;1262084096;33566720;1446670336;0;0;0;0;0;0;0;0;0;0;0;3136;0;0;133;0;122;0;
27948;5346286;1262084096;33566720;1446670336;0;0;0;0;0;0;0;0;0;0;0;2665;0;0;133;0;122;0;
27949;3241560;1262084096;33566720;1446670336;0;0;0;0;0;0;0;0;0;0;0;2816;0;0;133;0;122;0;
27950;5543577;1262084096;33566720;1446670336;0;0;0;0;0;0;0;0;0;0;0;2605;0;0;133;0;122;0;
27951;4615686;1262084096;33566720;1446670336;0;0;0;0;0;0;0;0;0;0;0;3486;0;0;133;0;122;0;
27952;5747739;1262084096;33566720;1446670336;0;0;0;0;0;0;0;0;0;0;0;2805;0;0;133;0;122;0;
27953;4250742;1262084096;33566720;1446670336;0;0;0;0;0;0;0;0;0;0;0;2995;0;0;133;0;122;0;
27954;6008418;1262084096;33566720;1446670336;0;0;0;0;0;0;0;0;0;0;0;2364;0;0;133;0;122;0;
27955;4095761;1262084096;33566720;1446670336;0;0;0;0;0;0;0;0;0;0;0;2936;0;0;133;0;122;0;
27956;5915344;1262084096;33566720;1446670336;0;0;0;0;0;0;0;0;0;0;0;2514;0;0;133;0;122;0;
27957;4346502;1262084096;33566720;1446670336;0;0;0;0;0;0;0;0;0;0;0;3397;0;0;133;0;122;0;
27958;5533427;1262084096;33566720;1446670336;0;0;0;0;0;0;0;0;0;0;0;2645;0;0;133;0;122;0;
27959;4823426;1262084096;33566720;1446670336;0;0;0;0;0;0;0;0;0;0;0;3797;0;0;133;0;122;0;
27960;5030103;1262084096;33566720;1446670336;0;0;0;0;0;0;0;0;0;0;0;2866;0;0;133;0;122;0;
27961;4415551;1262084096;33566720;1446670336;0;0;0;0;0;0;0;0;0;0;0;3657;0;0;133;0;122;0;
27962;5348049;1262084096;33566720;1446670336;0;0;0;0;0;0;0;0;0;0;0;2965;0;0;133;0;122;0;
27963;4003758;1262084096;33566720;1446670336;0;0;0;0;0;0;0;0;0;0;0;3487;0;0;133;0;122;0;
27964;5467493;1262084096;33566720;1446670336;0;0;0;0;0;0;0;0;0;0;0;2174;0;0;133;0;122;0;
27965;4209624;1262084096;33566720;1446670336;0;0;0;0;0;0;0;0;0;0;0;2986;0;0;133;0;122;0;
27966;5107728;1262084096;33566720;1446670336;0;0;0;0;0;0;0;0;0;0;0;2965;0;0;133;0;122;0;
27967;4718879;1262084096;33566720;1446670336;0;0;0;0;0;0;0;0;0;0;0;4098;0;0;133;0;122;0;
27968;5946472;1262084096;33566720;1446670336;0;0;0;0;0;0;0;0;0;0;0;2835;0;0;133;0;122;0;
27969;3926945;1262084096;33566720;1446670336;0;0;0;0;0;0;0;0;0;0;0;3286;0;0;133;0;122;0;
27970;5255646;1262084096;33566720;1446670336;0;0;0;0;0;0;0;0;0;0;0;2785;0;0;133;0;122;0;
27971;3500024;1262084096;33566720;1446670336;0;0;0;0;0;0;0;0;0;0;0;3337;0;0;133;0;122;0;
27972;5385369;1262084096;33566720;1446670336;0;0;0;0;0;0;0;0;0;0;0;2675;0;0;133;0;122;0;
27973;2836770;1262084096;33566720;1446670336;0;0;0;0;0;0;0;0;0;0;0;4258;0;0;133;0;122;0;
27974;6206018;1262084096;33566720;1446670336;0;0;0;0;0;0;0;0;0;0;0;2755;0;0;133;0;122;0;
27975;3781492;1262084096;33566720;1446670336;0;0;0;0;0;0;0;0;0;0;0;3256;0;0;133;0;122;0;
27976;5247110;1262084096;33566720;1446670336;0;0;0;0;0;0;0;0;0;0;0;2344;0;0;133;0;122;0;
27977;3730065;1262084096;33566720;1446670336;0;0;0;0;0;0;0;0;0;0;0;3156;0;0;133;0;122;0;
27978;7072955;1262084096;33566720;1446670336;0;0;0;0;0;0;0;0;0;0;0;2876;0;0;133;0;122;0;
27979;3898792;1262084096;33566720;1446670336;0;0;0;0;0;0;0;0;0;0;0;3987;0;0;133;0;122;0;
27980;6377941;1262084096;33566720;1446670336;0;0;0;0;0;0;0;0;0;0;0;3176;0;0;133;0;122;0;
27981;3289018;1262084096;33566720;1446670336;0;0;0;0;0;0;0;0;0;0;0;3287;0;0;133;0;122;0;
27982;5416328;1262084096;33566720;1446670336;0;0;0;0;0;0;0;0;0;0;0;2936;0;0;133;0;122;0;
27983;3468074;1262084096;33566720;1446670336;0;0;0;0;0;0;0;0;0;0;0;2645;0;0;133;0;122;0;
27984;6702520;1262084096;33566720;1446670336;0;0;0;0;0;0;0;0;0;0;0;2836;0;0;133;0;122;0;
27985;3890316;1262084096;33566720;1446670336;0;0;0;0;0;0;0;0;0;0;0;3617;0;0;133;0;122;0;
27986;5173352;1262084096;33566720;1446670336;0;0;0;0;0;0;0;0;0;0;0;3106;0;0;133;0;122;0;
27987;4923744;1262084096;33566720;1446670336;0;0;0;0;0;0;0;0;0;0;0;3256;0;0;133;0;122;0;
27988;5673210;1262084096;33566720;1446670336;0;0;0;0;0;0;0;0;0;0;0;2615;0;0;133;0;122;0;
27989;4277291;1262084096;33566720;1446670336;0;0;0;0;0;0;0;0;0;0;0;3416;0;0;133;0;122;0;
27990;5550970;1262084096;33566720;1446670336;0;0;0;0;0;0;0;0;0;0;0;2705;0;0;133;0;122;0;
27991;4759085;1262084096;33566720;1446670336;0;0;0;0;0;0;0;0;0;0;0;4208;0;0;133;0;122;0;
27992;5312102;1262084096;33566720;1446670336;0;0;0;0;0;0;0;0;0;0;0;2634;0;0;133;0;122;0;
27993;3740896;1262084096;33566720;1446670336;0;0;0;0;0;0;0;0;0;0;0;3266;0;0;133;0;122;0;
27994;6475754;1262084096;33566720;1446670336;0;0;0;0;0;0;0;0;0;0;0;2996;0;0;133;0;122;0;
27995;3503350;1262084096;33566720;1446670336;0;0;0;0;0;0;0;0;0;0;0;3967;0;0;133;0;122;0;
27996;5578993;1262084096;33566720;1446670336;0;0;0;0;0;0;0;0;0;0;0;3387;0;0;133;0;122;0;
27997;4452320;1262084096;33566720;1446670336;0;0;0;0;0;0;0;0;0;0;0;3777;0;0;133;0;122;0;
27998;4892615;1262084096;33566720;1446670336;0;0;0;0;0;0;0;0;0;0;0;2815;0;0;133;0;122;0;
27999;4545945;1262084096;33566720;1446670336;0;0;0;0;0;0;0;0;0;0;0;3516;0;0;133;0;122;0;
28000;5721750;1262084096;33566720;1446670336;0;0;0;0;0;0;0;0;0;0;0;2765;0;0;133;0;122;0;
28001;4787318;1262084096;33566720;1446670336;0;0;0;0;0;0;0;0;0;0;0;3076;0;0;133;0;122;0;
28002;5319116;1262084096;33566720;1446670336;0;0;0;0;0;0;0;0;0;0;0;2945;0;0;133;0;122;0;
28003;4798028;1262084096;33566720;1446670336;0;0;0;0;0;0;0;0;0;0;0;3677;0;0;133;0;122;0;
28004;5733212;1262084096;33566720;1446670336;0;0;0;0;0;0;0;0;0;0;0;3096;0;0;133;0;122;0;
28005;4087566;1262084096;33566720;1446670336;0;0;0;0;0;0;0;0;0;0;0;3727;0;0;133;0;122;0;
28006;5511997;1262084096;33566720;1446670336;0;0;0;0;0;0;0;0;0;0;0;3316;0;0;133;0;122;0;
28007;4189707;1262084096;33566720;1446670336;0;0;0;0;0;0;0;0;0;0;0;3326;0;0;133;0;122;0;
28008;5930702;1262084096;33566720;1446670336;0;0;0;0;0;0;0;0;0;0;0;4448;0;0;133;0;122;0;
28009;3441985;1262084096;33566720;1446670336;0;0;0;0;0;0;0;0;0;0;0;4478;0;0;133;0;122;0;
28010;6050137;1262084096;33566720;1446670336;0;0;0;0;0;0;0;0;0;0;0;3406;0;0;133;0;122;0;
28011;4600317;1262084096;33566720;1446670336;0;0;0;0;0;0;0;0;0;0;0;3797;0;0;133;0;122;0;
28012;6781929;1262084096;33566720;1446670336;0;0;0;0;0;0;0;0;0;0;0;3156;0;0;133;0;122;0;
28013;3776202;1262084096;33566720;1446670336;0;0;0;0;0;0;0;0;0;0;0;3987;0;0;133;0;122;0;
28014;6415091;1262084096;33566720;1446670336;0;0;0;0;0;0;0;0;0;0;0;4068;0;0;133;0;122;0;
28015;3756815;1262084096;33566720;1446670336;0;0;0;0;0;0;0;0;0;0;0;3867;0;0;133;0;122;0;
28016;5699969;1262084096;33566720;1446670336;0;0;0;0;0;0;0;0;0;0;0;3556;0;0;133;0;122;0;
28017;3748630;1262084096;33566720;1446670336;0;0;0;0;0;0;0;0;0;0;0;3858;0;0;133;0;122;0;
28018;6307900;1262084096;33566720;1446670336;0;0;0;0;0;0;0;0;0;0;0;3447;0;0;133;0;122;0;
28019;4100410;1262084096;33566720;1446670336;0;0;0;0;0;0;0;0;0;0;0;3317;0;0;133;0;122;0;
28020;5930663;1262084096;33566720;1446670336;0;0;0;0;0;0;0;0;0;0;0;3476;0;0;133;0;122;0;
28021;3463695;1262084096;33566720;1446670336;0;0;0;0;0;0;0;0;0;0;0;2896;0;0;133;0;122;0;
28022;6354587;1262084096;33566720;1446670336;0;0;0;0;0;0;0;0;0;0;0;3757;0;0;133;0;122;0;
28023;4174779;1262084096;33566720;1446670336;0;0;0;0;0;0;0;0;0;0;0;3557;0;0;133;0;122;0;
28024;7155179;1262084096;33566720;1446670336;0;0;0;0;0;0;0;0;0;0;0;3647;0;0;133;0;122;0;
28025;4506051;1262084096;33566720;1446670336;0;0;0;0;0;0;0;0;0;0;0;4208;0;0;133;0;122;0;
28026;6013267;1262084096;33566720;1446670336;0;0;0;0;0;0;0;0;0;0;0;3306;0;0;133;0;122;0;
28027;6059915;1262084096;33566720;1446670336;0;0;0;0;0;0;0;0;0;0;0;3196;0;0;133;0;122;0;
28028;5401520;1262084096;33566720;1446670336;0;0;0;0;0;0;0;0;0;0;0;3898;0;0;133;0;122;0;
28029;5984132;1262084096;33566720;1446670336;0;0;0;0;0;0;0;0;0;0;0;4448;0;0;133;0;122;0;
28030;5768879;1262084096;33566720;1446670336;0;0;0;0;0;0;0;0;0;0;0;3036;0;0;133;0;122;0;
28031;6707960;1262084096;33566720;1446670336;0;0;0;0;0;0;0;0;0;0;0;3787;0;0;133;0;122;0;
28032;6045688;1262084096;33566720;1446670336;0;0;0;0;0;0;0;0;0;0;0;4178;0;0;133;0;122;0;
28033;4345469;1262084096;33566720;1446670336;0;0;0;0;0;0;0;0;0;0;0;3837;0;0;133;0;122;0;
28034;7247482;1262084096;33566720;1446670336;0;0;0;0;0;0;0;0;0;0;0;4879;0;0;133;0;122;0;
28035;5370332;1262084096;33566720;1446670336;0;0;0;0;0;0;0;0;0;0;0;3416;0;0;133;0;122;0;
28036;6540266;1262084096;33566720;1446670336;0;0;0;0;0;0;0;0;0;0;0;3005;0;0;133;0;122;0;
28037;4295526;1262084096;33566720;1446670336;0;0;0;0;0;0;0;0;0;0;0;3837;0;0;133;0;122;0;
28038;7394939;1262084096;33566720;1446670336;0;0;0;0;0;0;0;0;0;0;0;2655;0;0;133;0;122;0;
28039;4824288;1262084096;33566720;1446670336;0;0;0;0;0;0;0;0;0;0;0;4489;0;0;133;0;122;0;
28040;6410412;1262084096;33566720;1446670336;0;0;0;0;0;0;0;0;0;0;0;4117;0;0;133;0;122;0;
28041;4359967;1262084096;33566720;1446670336;0;0;0;0;0;0;0;0;0;0;0;3587;0;0;133;0;122;0;
28042;7999462;1262084096;33566720;1446670336;0;0;0;0;0;0;0;0;0;0;0;3216;0;0;133;0;122;0;
28043;4900130;1262084096;33566720;1446670336;0;0;0;0;0;0;0;0;0;0;0;3777;0;0;133;0;122;0;
28044;7014364;1262084096;33566720;1446670336;0;0;0;0;0;0;0;0;0;0;0;3787;0;0;133;0;122;0;
28045;4315684;1262084096;33566720;1446670336;0;0;0;0;0;0;0;0;0;0;0;4689;0;0;133;0;122;0;
28046;7830345;1262084096;33566720;1446670336;0;0;0;0;0;0;0;0;0;0;0;4258;0;0;133;0;122;0;
28047;4236364;1262084096;33566720;1446670336;0;0;0;0;0;0;0;0;0;0;0;3577;0;0;133;0;122;0;
28048;7352739;1262084096;33566720;1446670336;0;0;0;0;0;0;0;0;0;0;0;4218;0;0;133;0;122;0;
28049;4309923;1262084096;33566720;1446670336;0;0;0;0;0;0;0;0;0;0;0;3817;0;0;133;0;122;0;
28050;5999361;1262084096;33566720;1446670336;0;0;0;0;0;0;0;0;0;0;0;5361;0;0;133;0;122;0;
28051;3900004;1262084096;33566720;1446670336;0;0;0;0;0;0;0;0;0;0;0;3347;0;0;133;0;122;0;
28052;6017435;1262084096;33566720;1446670336;0;0;0;0;0;0;0;0;0;0;0;5110;0;0;133;0;122;0;
28053;4432813;1262084096;33566720;1446670336;0;0;0;0;0;0;0;0;0;0;0;3076;0;0;133;0;122;0;
28054;6312178;1262084096;33566720;1446670336;0;0;0;0;0;0;0;0;0;0;0;3747;0;0;133;0;122;0;
28055;4702619;1262084096;33566720;1446670336;0;0;0;0;0;0;0;0;0;0;0;4649;0;0;133;0;122;0;
28056;6161605;1262084096;33566720;1446670336;0;0;0;0;0;0;0;0;0;0;0;4047;0;0;133;0;122;0;
28057;4741202;1262084096;33566720;1446670336;0;0;0;0;0;0;0;0;0;0;0;3647;0;0;133;0;122;0;
28058;6242807;1262084096;33566720;1446670336;0;0;0;0;0;0;0;0;0;0;0;5270;0;0;133;0;122;0;
28059;5137765;1262084096;33566720;1446670336;0;0;0;0;0;0;0;0;0;0;0;3747;0;0;133;0;122;0;
28060;5827579;1262084096;33566720;1446670336;0;0;0;0;0;0;0;0;0;0;0;4118;0;0;133;0;122;0;
28061;5223826;1262084096;33566720;1446670336;0;0;0;0;0;0;0;0;0;0;0;4037;0;0;133;0;122;0;
28062;6470064;1262084096;33566720;1446670336;0;0;0;0;0;0;0;0;0;0;0;3006;0;0;133;0;122;0;
28063;5625320;1262084096;33566720;1446670336;0;0;0;0;0;0;0;0;0;0;0;2875;0;0;133;0;122;0;
28064;7151221;1262084096;33566720;1446670336;0;0;0;0;0;0;0;0;0;0;0;4739;0;0;133;0;122;0;
28065;3571859;1262084096;33566720;1446670336;0;0;0;0;0;0;0;0;0;0;0;4428;0;0;133;0;122;0;
28066;6048814;1262084096;33566720;1446670336;0;0;0;0;0;0;0;0;0;0;0;3226;0;0;133;0;122;0;
28067;3506376;1262084096;33566720;1446670336;0;0;0;0;0;0;0;0;0;0;0;3827;0;0;133;0;122;0;
28068;6094860;1262084096;33566720;1446670336;0;0;0;0;0;0;0;0;0;0;0;5430;0;0;133;0;122;0;
28069;3251217;1262084096;33566720;1446670336;0;0;0;0;0;0;0;0;0;0;0;3868;0;0;133;0;122;0;
28070;6432343;1262084096;33566720;1446670336;0;0;0;0;0;0;0;0;0;0;0;4899;0;0;133;0;122;0;
28071;4033013;1262084096;33566720;1446670336;0;0;0;0;0;0;0;0;0;0;0;3316;0;0;133;0;122;0;
28072;5895556;1262084096;33566720;1446670336;0;0;0;0;0;0;0;0;0;0;0;3166;0;0;133;0;122;0;
28073;3694519;1262084096;33566720;1446670336;0;0;0;0;0;0;0;0;0;0;0;3436;0;0;133;0;122;0;
28074;6689746;1262084096;33566720;1446670336;0;0;0;0;0;0;0;0;0;0;0;3417;0;0;133;0;122;0;
28075;3403683;1262084096;33566720;1446670336;0;0;0;0;0;0;0;0;0;0;0;4088;0;0;133;0;122;0;
28076;5630510;1262084096;33566720;1446670336;0;0;0;0;0;0;0;0;0;0;0;3666;0;0;133;0;122;0;
28077;5065771;1262084096;33566720;1446670336;0;0;0;0;0;0;0;0;0;0;0;3947;0;0;133;0;122;0;
28078;5998109;1262084096;33566720;1446670336;0;0;0;0;0;0;0;0;0;0;0;3297;0;0;133;0;122;0;
28079;3956801;1262084096;33566720;1446670336;0;0;0;0;0;0;0;0;0;0;0;4489;0;0;133;0;122;0;
28080;6876276;1262084096;33566720;1446670336;0;0;0;0;0;0;0;0;0;0;0;3747;0;0;133;0;122;0;
28081;4359696;1262084096;33566720;1446670336;0;0;0;0;0;0;0;0;0;0;0;3346;0;0;133;0;122;0;
28082;5625891;1262084096;33566720;1446670336;0;0;0;0;0;0;0;0;0;0;0;3466;0;0;133;0;122;0;
28083;4301046;1262084096;33566720;1446670336;0;0;0;0;0;0;0;0;0;0;0;3397;0;0;133;0;122;0;
28084;5877021;1262084096;33566720;1446670336;0;0;0;0;0;0;0;0;0;0;0;4758;0;0;133;0;122;0;
28085;3869236;1262084096;33566720;1446670336;0;0;0;0;0;0;0;0;0;0;0;4469;0;0;133;0;122;0;
28086;6504718;1262084096;33566720;1446670336;0;0;0;0;0;0;0;0;0;0;0;3917;0;0;133;0;122;0;
28087;4243658;1262084096;33566720;1446670336;0;0;0;0;0;0;0;0;0;0;0;3777;0;0;133;0;122;0;
28088;5988160;1262084096;33566720;1446670336;0;0;0;0;0;0;0;0;0;0;0;2876;0;0;133;0;122;0;
28089;3269912;1262084096;33566720;1446670336;0;0;0;0;0;0;0;0;0;0;0;3627;0;0;133;0;122;0;
28090;5316540;1262084096;33566720;1446670336;0;0;0;0;0;0;0;0;0;0;0;3156;0;0;133;0;122;0;
28091;3238784;1262084096;33566720;1446670336;0;0;0;0;0;0;0;0;0;0;0;4118;0;0;133;0;122;0;
28092;9024384;1262084096;33566720;1446670336;0;0;0;0;0;0;0;0;0;0;0;4829;0;0;133;0;122;0;
28093;11572072;1262084096;33566720;1446670336;0;0;0;0;0;0;0;0;0;0;0;4007;0;0;133;0;122;0;
28094;6234131;1262084096;33566720;1446670336;0;0;0;0;0;0;0;0;0;0;0;3466;0;0;133;0;122;0;
28095;5413352;1262084096;33566720;1446670336;0;0;0;0;0;0;0;0;0;0;0;3727;0;0;133;0;122;0;
28096;6600328;1262084096;33566720;1446670336;0;0;0;0;0;0;0;0;0;0;0;5240;0;0;133;0;122;0;
28097;3614007;1262084096;33566720;1446670336;0;0;0;0;0;0;0;0;0;0;0;4237;0;0;133;0;122;0;
28098;5528077;1262084096;33566720;1446670336;0;0;0;0;0;0;0;0;0;0;0;4429;0;0;133;0;122;0;
28099;4131488;1262084096;33566720;1446670336;0;0;0;0;0;0;0;0;0;0;0;3837;0;0;133;0;122;0;
28100;6058122;1262084096;33566720;1446670336;0;0;0;0;0;0;0;0;0;0;0;4088;0;0;133;0;122;0;
28101;4570692;1262084096;33566720;1446670336;0;0;0;0;0;0;0;0;0;0;0;3546;0;0;133;0;122;0;
28102;5896358;1262084096;33566720;1446670336;0;0;0;0;0;0;0;0;0;0;0;3486;0;0;133;0;122;0;
28103;3773657;1262084096;33566720;1446670336;0;0;0;0;0;0;0;0;0;0;0;4208;0;0;133;0;122;0;
28104;6526480;1262084096;33566720;1446670336;0;0;0;0;0;0;0;0;0;0;0;5010;0;0;133;0;122;0;
28105;4635293;1262084096;33566720;1446670336;0;0;0;0;0;0;0;0;0;0;0;3517;0;0;133;0;122;0;
28106;6989378;1262084096;33566720;1446670336;0;0;0;0;0;0;0;0;0;0;0;5179;0;0;133;0;122;0;
28107;5020445;1262084096;33566720;1446670336;0;0;0;0;0;0;0;0;0;0;0;5070;0;0;133;0;122;0;
28108;5363248;1262084096;33566720;1446670336;0;0;0;0;0;0;0;0;0;0;0;3496;0;0;133;0;122;0;
28109;4544974;1262084096;33566720;1446670336;0;0;0;0;0;0;0;0;0;0;0;4027;0;0;133;0;122;0;
28110;5489666;1262084096;33566720;1446670336;0;0;0;0;0;0;0;0;0;0;0;5260;0;0;133;0;122;0;
28111;4021192;1262084096;33566720;1446670336;0;0;0;0;0;0;0;0;0;0;0;5149;0;0;133;0;122;0;
28112;5579363;1262084096;33566720;1446670336;0;0;0;0;0;0;0;0;0;0;0;3065;0;0;133;0;122;0;
28113;3420324;1262084096;33566720;1446670336;0;0;0;0;0;0;0;0;0;0;0;3396;0;0;133;0;122;0;
28114;7048870;1262084096;33566720;1446670336;0;0;0;0;0;0;0;0;0;0;0;4088;0;0;133;0;122;0;
28115;3887170;1262084096;33566720;1446670336;0;0;0;0;0;0;0;0;0;0;0;3958;0;0;133;0;122;0;
28116;6117263;1262084096;33566720;1446670336;0;0;0;0;0;0;0;0;0;0;0;4138;0;0;133;0;122;0;
28117;3948174;1262084096;33566720;1446670336;0;0;0;0;0;0;0;0;0;0;0;4498;0;0;133;0;122;0;
28118;6642948;1262084096;33566720;1446670336;0;0;0;0;0;0;0;0;0;0;0;4599;0;0;133;0;122;0;
28119;3919671;1262084096;33566720;1446670336;0;0;0;0;0;0;0;0;0;0;0;3016;0;0;133;0;122;0;
28120;6422154;1262084096;33566720;1446670336;0;0;0;0;0;0;0;0;0;0;0;3847;0;0;133;0;122;0;
28121;3370681;1262084096;33566720;1446670336;0;0;0;0;0;0;0;0;0;0;0;3337;0;0;133;0;122;0;
28122;6689526;1262084096;33566720;1446670336;0;0;0;0;0;0;0;0;0;0;0;3337;0;0;133;0;122;0;
28123;3720898;1262084096;33566720;1446670336;0;0;0;0;0;0;0;0;0;0;0;3005;0;0;133;0;122;0;
28124;6823998;1262084096;33566720;1446670336;0;0;0;0;0;0;0;0;0;0;0;3987;0;0;133;0;122;0;
28125;4411313;1262084096;33566720;1446670336;0;0;0;0;0;0;0;0;0;0;0;4779;0;0;133;0;122;0;
28126;6383913;1262084096;33566720;1446670336;0;0;0;0;0;0;0;0;0;0;0;4218;0;0;133;0;122;0;
28127;5813483;1262084096;33566720;1446670336;0;0;0;0;0;0;0;0;0;0;0;4469;0;0;133;0;122;0;
28128;6762823;1262084096;33566720;1446670336;0;0;0;0;0;0;0;0;0;0;0;3376;0;0;133;0;122;0;
28129;6185911;1262084096;33566720;1446670336;0;0;0;0;0;0;0;0;0;0;0;3947;0;0;133;0;122;0;
28130;6309794;1262084096;33566720;1446670336;0;0;0;0;0;0;0;0;0;0;0;3196;0;0;133;0;122;0;
28131;6576213;1262084096;33566720;1446670336;0;0;0;0;0;0;0;0;0;0;0;3647;0;0;133;0;122;0;
28132;7695162;1262084096;33566720;1446670336;0;0;0;0;0;0;0;0;0;0;0;2355;0;0;133;0;122;0;
28133;4749107;1262084096;33566720;1446670336;0;0;0;0;0;0;0;0;0;0;0;3005;0;0;133;0;122;0;
28134;6445468;1262084096;33566720;1446670336;0;0;0;0;0;0;0;0;0;0;0;4008;0;0;133;0;122;0;
28135;4453943;1262084096;33566720;1446670336;0;0;0;0;0;0;0;0;0;0;0;3586;0;0;133;0;122;0;
28136;7229138;1262084096;33566720;1446670336;0;0;0;0;0;0;0;0;0;0;0;4328;0;0;133;0;122;0;
28137;3982860;1262084096;33566720;1446670336;0;0;0;0;0;0;0;0;0;0;0;3587;0;0;133;0;122;0;
28138;8198876;1262084096;33566720;1446670336;0;0;0;0;0;0;0;0;0;0;0;3877;0;0;133;0;122;0;
28139;4549151;1262084096;33566720;1446670336;0;0;0;0;0;0;0;0;0;0;0;3977;0;0;133;0;122;0;
28140;7638485;1262084096;33566720;1446670336;0;0;0;0;0;0;0;0;0;0;0;4078;0;0;133;0;122;0;
28141;5213888;1262084096;33566720;1446670336;0;0;0;0;0;0;0;0;0;0;0;3627;0;0;133;0;122;0;
28142;7271828;1262084096;33566720;1446670336;0;0;0;0;0;0;0;0;0;0;0;4118;0;0;133;0;122;0;
28143;7158174;1262084096;33566720;1446670336;0;0;0;0;0;0;0;0;0;0;0;3286;0;0;133;0;122;0;
28144;6925177;1262084096;33566720;1446670336;0;0;0;0;0;0;0;0;0;0;0;3005;0;0;133;0;122;0;
28145;4977806;1262084096;33566720;1446670336;0;0;0;0;0;0;0;0;0;0;0;56896;0;0;133;0;122;0;
28146;6344409;1262084096;33566720;1446670336;0;0;0;0;0;0;0;0;0;0;0;3266;0;0;133;0;122;0;
28147;5086179;1262084096;33566720;1446670336;0;0;0;0;0;0;0;0;0;0;0;27662;0;0;133;0;122;0;
28148;6897295;1262084096;33566720;1446670336;0;0;0;0;0;0;0;0;0;0;0;4719;0;0;133;0;122;0;
28149;3634997;1262084096;33566720;1446670336;0;0;0;0;0;0;0;0;0;0;0;3497;0;0;133;0;122;0;
28150;6207982;1262084096;33566720;1446670336;0;0;0;0;0;0;0;0;0;0;0;4428;0;0;133;0;122;0;
28151;3211744;1262084096;33566720;1446670336;0;0;0;0;0;0;0;0;0;0;0;3316;0;0;133;0;122;0;
28152;6267724;1262084096;33566720;1446670336;0;0;0;0;0;0;0;0;0;0;0;4669;0;0;133;0;122;0;
28153;3394766;1262084096;33566720;1446670336;0;0;0;0;0;0;0;0;0;0;0;3667;0;0;133;0;122;0;
28154;6655030;1262084096;33566720;1446670336;0;0;0;0;0;0;0;0;0;0;0;4588;0;0;133;0;122;0;
28155;4270228;1262084096;33566720;1446670336;0;0;0;0;0;0;0;0;0;0;0;4398;0;0;133;0;122;0;
28156;5916686;1262084096;33566720;1446670336;0;0;0;0;0;0;0;0;0;0;0;4208;0;0;133;0;122;0;
28157;3287996;1262084096;33566720;1446670336;0;0;0;0;0;0;0;0;0;0;0;4168;0;0;133;0;122;0;
28158;6900481;1262084096;33566720;1446670336;0;0;0;0;0;0;0;0;0;0;0;4028;0;0;133;0;122;0;
28159;3967831;1262084096;33566720;1446670336;0;0;0;0;0;0;0;0;0;0;0;3316;0;0;133;0;122;0;
28160;7213688;1262084096;33566720;1446670336;0;0;0;0;0;0;0;0;0;0;0;4188;0;0;133;0;122;0;
28161;3438338;1262084096;33566720;1446670336;0;0;0;0;0;0;0;0;0;0;0;3748;0;0;133;0;122;0;
28162;7457997;1262084096;33566720;1446670336;0;0;0;0;0;0;0;0;0;0;0;5170;0;0;133;0;122;0;
28163;4534724;1262084096;33566720;1446670336;0;0;0;0;0;0;0;0;0;0;0;3978;0;0;133;0;122;0;
28164;7920544;1262084096;33566720;1446670336;0;0;0;0;0;0;0;0;0;0;0;4228;0;0;133;0;122;0;
28165;5651498;1262084096;33566720;1446670336;0;0;0;0;0;0;0;0;0;0;0;3857;0;0;133;0;122;0;
28166;5552032;1262084096;33566720;1446670336;0;0;0;0;0;0;0;0;0;0;0;2766;0;0;133;0;122;0;
28167;5027658;1262084096;33566720;1446670336;0;0;0;0;0;0;0;0;0;0;0;3186;0;0;133;0;122;0;
28168;6647116;1262084096;33566720;1446670336;0;0;0;0;0;0;0;0;0;0;0;3376;0;0;133;0;122;0;
28169;5161820;1262084096;33566720;1446670336;0;0;0;0;0;0;0;0;0;0;0;3256;0;0;133;0;122;0;
28170;5624799;1262084096;33566720;1446670336;0;0;0;0;0;0;0;0;0;0;0;2655;0;0;133;0;122;0;
28171;6283504;1262084096;33566720;1446670336;0;0;0;0;0;0;0;0;0;0;0;3848;0;0;133;0;122;0;
28172;5482131;1262084096;33566720;1446670336;0;0;0;0;0;0;0;0;0;0;0;2765;0;0;133;0;122;0;
28173;5437638;1262084096;33566720;1446670336;0;0;0;0;0;0;0;0;0;0;0;3807;0;0;133;0;122;0;
28174;6313100;1262084096;33566720;1446670336;0;0;0;0;0;0;0;0;0;0;0;3467;0;0;133;0;122;0;
28175;5294309;1262084096;33566720;1446670336;0;0;0;0;0;0;0;0;0;0;0;4608;0;0;133;0;122;0;
28176;7359072;1262084096;33566720;1446670336;0;0;0;0;0;0;0;0;0;0;0;4067;0;0;133;0;122;0;
28177;4825620;1262084096;33566720;1446670336;0;0;0;0;0;0;0;0;0;0;0;4749;0;0;133;0;122;0;
28178;7757949;1262084096;33566720;1446670336;0;0;0;0;0;0;0;0;0;0;0;4889;0;0;133;0;122;0;
28179;6322437;1262084096;33566720;1446670336;0;0;0;0;0;0;0;0;0;0;0;3737;0;0;133;0;122;0;
28180;5357086;1262084096;33566720;1446670336;0;0;0;0;0;0;0;0;0;0;0;4349;0;0;133;0;122;0;
28181;5728774;1262084096;33566720;1446670336;0;0;0;0;0;0;0;0;0;0;0;4098;0;0;133;0;122;0;
28182;7046455;1262084096;33566720;1446670336;0;0;0;0;0;0;0;0;0;0;0;3066;0;0;133;0;122;0;
28183;4503917;1262084096;33566720;1446670336;0;0;0;0;0;0;0;0;0;0;0;3617;0;0;133;0;122;0;
28184;6104539;1262084096;33566720;1446670336;0;0;0;0;0;0;0;0;0;0;0;3487;0;0;133;0;122;0;
28185;4544443;1262084096;33566720;1446670336;0;0;0;0;0;0;0;0;0;0;0;3887;0;0;133;0;122;0;
28186;6890061;1262084096;33566720;1446670336;0;0;0;0;0;0;0;0;0;0;0;4338;0;0;133;0;122;0;
28187;3587868;1262084096;33566720;1446670336;0;0;0;0;0;0;0;0;0;0;0;4017;0;0;133;0;122;0;
28188;7640128;1262084096;33566720;1446670336;0;0;0;0;0;0;0;0;0;0;0;4669;0;0;133;0;122;0;
28189;4203033;1262084096;33566720;1446670336;0;0;0;0;0;0;0;0;0;0;0;4619;0;0;133;0;122;0;
28190;7165889;1262084096;33566720;1446670336;0;0;0;0;0;0;0;0;0;0;0;4078;0;0;133;0;122;0;
28191;4863711;1262084096;33566720;1446670336;0;0;0;0;0;0;0;0;0;0;0;3016;0;0;133;0;122;0;
28192;6478950;1262084096;33566720;1446670336;0;0;0;0;0;0;0;0;0;0;0;2985;0;0;133;0;122;0;
28193;5089815;1262084096;33566720;1446670336;0;0;0;0;0;0;0;0;0;0;0;5430;0;0;133;0;122;0;
28194;6419068;1262084096;33566720;1446670336;0;0;0;0;0;0;0;0;0;0;0;3357;0;0;133;0;122;0;
28195;6645242;1262084096;33566720;1446670336;0;0;0;0;0;0;0;0;0;0;0;4439;0;0;133;0;122;0;
28196;6048874;1262084096;33566720;1446670336;0;0;0;0;0;0;0;0;0;0;0;3547;0;0;133;0;122;0;
28197;5226302;1262084096;33566720;1446670336;0;0;0;0;0;0;0;0;0;0;0;3266;0;0;133;0;122;0;
28198;6700657;1262084096;33566720;1446670336;0;0;0;0;0;0;0;0;0;0;0;3667;0;0;133;0;122;0;
28199;4373091;1262084096;33566720;1446670336;0;0;0;0;0;0;0;0;0;0;0;4288;0;0;133;0;122;0;
28200;7111286;1262084096;33566720;1446670336;0;0;0;0;0;0;0;0;0;0;0;4408;0;0;133;0;122;0;
28201;5639276;1262084096;33566720;1446670336;0;0;0;0;0;0;0;0;0;0;0;2955;0;0;133;0;122;0;
28202;5912819;1262084096;33566720;1446670336;0;0;0;0;0;0;0;0;0;0;0;3437;0;0;133;0;122;0;
28203;6104939;1262084096;33566720;1446670336;0;0;0;0;0;0;0;0;0;0;0;3747;0;0;133;0;122;0;
28204;7913701;1262084096;33566720;1446670336;0;0;0;0;0;0;0;0;0;0;0;4268;0;0;133;0;122;0;
28205;4602472;1262084096;33566720;1446670336;0;0;0;0;0;0;0;0;0;0;0;4198;0;0;133;0;122;0;
28206;7814576;1262084096;33566720;1446670336;0;0;0;0;0;0;0;0;0;0;0;4658;0;0;133;0;122;0;
28207;7294590;1262084096;33566720;1446670336;0;0;0;0;0;0;0;0;0;0;0;3286;0;0;133;0;122;0;
28208;7498071;1262084096;33566720;1446670336;0;0;0;0;0;0;0;0;0;0;0;4127;0;0;133;0;122;0;
28209;5464659;1262084096;33566720;1446670336;0;0;0;0;0;0;0;0;0;0;0;4749;0;0;133;0;122;0;
28210;6744549;1262084096;33566720;1446670336;0;0;0;0;0;0;0;0;0;0;0;4178;0;0;133;0;122;0;
28211;6093899;1262084096;33566720;1446670336;0;0;0;0;0;0;0;0;0;0;0;3667;0;0;133;0;122;0;
28212;6900341;1262084096;33566720;1446670336;0;0;0;0;0;0;0;0;0;0;0;4589;0;0;133;0;122;0;
28213;7186016;1262084096;33566720;1446670336;0;0;0;0;0;0;0;0;0;0;0;4198;0;0;133;0;122;0;
28214;7533328;1262084096;33566720;1446670336;0;0;0;0;0;0;0;0;0;0;0;5701;0;0;133;0;122;0;
28215;6119757;1262084096;33566720;1446670336;0;0;0;0;0;0;0;0;0;0;0;3667;0;0;133;0;122;0;
28216;7976870;1262084096;33566720;1446670336;0;0;0;0;0;0;0;0;0;0;0;2635;0;0;133;0;122;0;
28217;9042508;1262084096;33566720;1446670336;0;0;0;0;0;0;0;0;0;0;0;4809;0;0;133;0;122;0;
28218;5838950;1262084096;33566720;1446670336;0;0;0;0;0;0;0;0;0;0;0;3807;0;0;133;0;122;0;
28219;7849591;1262084096;33566720;1446670336;0;0;0;0;0;0;0;0;0;0;0;4799;0;0;133;0;122;0;
28220;7191266;1262084096;33566720;1446670336;0;0;0;0;0;0;0;0;0;0;0;4288;0;0;133;0;122;0;
28221;6529786;1262084096;33566720;1446670336;0;0;0;0;0;0;0;0;0;0;0;3166;0;0;133;0;122;0;
28222;7182400;1262084096;33566720;1446670336;0;0;0;0;0;0;0;0;0;0;0;3616;0;0;133;0;122;0;
28223;5291603;1262084096;33566720;1446670336;0;0;0;0;0;0;0;0;0;0;0;3356;0;0;133;0;122;0;
28224;6196441;1262084096;33566720;1446670336;0;0;0;0;0;0;0;0;0;0;0;3577;0;0;133;0;122;0;
28225;6337175;1262084096;33566720;1446670336;0;0;0;0;0;0;0;0;0;0;0;3517;0;0;133;0;122;0;
28226;7905185;1262084096;33566720;1446670336;0;0;0;0;0;0;0;0;0;0;0;2675;0;0;133;0;122;0;
28227;6008708;1262084096;33566720;1446670336;0;0;0;0;0;0;0;0;0;0;0;2695;0;0;133;0;122;0;
28228;8122573;1262084096;33566720;1446670336;0;0;0;0;0;0;0;0;0;0;0;3206;0;0;133;0;122;0;
28229;5732641;1262084096;33566720;1446670336;0;0;0;0;0;0;0;0;0;0;0;3256;0;0;133;0;122;0;
28230;6331995;1262084096;33566720;1446670336;0;0;0;0;0;0;0;0;0;0;0;3096;0;0;133;0;122;0;
28231;6619434;1262084096;33566720;1446670336;0;0;0;0;0;0;0;0;0;0;0;4739;0;0;133;0;122;0;
28232;6707038;1262084096;33566720;1446670336;0;0;0;0;0;0;0;0;0;0;0;3887;0;0;133;0;122;0;
28233;7303216;1262084096;33566720;1446670336;0;0;0;0;0;0;0;0;0;0;0;4298;0;0;133;0;122;0;
28234;6013117;1262084096;33566720;1446670336;0;0;0;0;0;0;0;0;0;0;0;3025;0;0;133;0;122;0;
28235;9962794;1262084096;33566720;1446670336;0;0;0;0;0;0;0;0;0;0;0;3246;0;0;133;0;122;0;
28236;7008253;1262084096;33566720;1446670336;0;0;0;0;0;0;0;0;0;0;0;3005;0;0;133;0;122;0;
28237;6389002;1262084096;33566720;1446670336;0;0;0;0;0;0;0;0;0;0;0;3296;0;0;133;0;122;0;
28238;8137811;1262084096;33566720;1446670336;0;0;0;0;0;0;0;0;0;0;0;4168;0;0;133;0;122;0;
28239;5223035;1262084096;33566720;1446670336;0;0;0;0;0;0;0;0;0;0;0;3717;0;0;133;0;122;0;
28240;7959547;1262084096;33566720;1446670336;0;0;0;0;0;0;0;0;0;0;0;3336;0;0;133;0;122;0;
28241;5451734;1262084096;33566720;1446670336;0;0;0;0;0;0;0;0;0;0;0;3397;0;0;133;0;122;0;
28242;9441687;1262084096;33566720;1446670336;0;0;0;0;0;0;0;0;0;0;0;4088;0;0;133;0;122;0;
28243;7036736;1262084096;33566720;1446670336;0;0;0;0;0;0;0;0;0;0;0;3136;0;0;133;0;122;0;
28244;5641390;1262084096;33566720;1446670336;0;0;0;0;0;0;0;0;0;0;0;2735;0;0;133;0;122;0;
28245;5538257;1262084096;33566720;1446670336;0;0;0;0;0;0;0;0;0;0;0;3286;0;0;133;0;122;0;
28246;7341047;1262084096;33566720;1446670336;0;0;0;0;0;0;0;0;0;0;0;3387;0;0;133;0;122;0;
28247;4811033;1262084096;33566720;1446670336;0;0;0;0;0;0;0;0;0;0;0;3636;0;0;133;0;122;0;
28248;6791256;1262084096;33566720;1446670336;0;0;0;0;0;0;0;0;0;0;0;4328;0;0;133;0;122;0;
28249;5080358;1262084096;33566720;1446670336;0;0;0;0;0;0;0;0;0;0;0;3607;0;0;133;0;122;0;
28250;7519632;1262084096;33566720;1446670336;0;0;0;0;0;0;0;0;0;0;0;3958;0;0;133;0;122;0;
28251;5344122;1262084096;33566720;1446670336;0;0;0;0;0;0;0;0;0;0;0;2836;0;0;133;0;122;0;
28252;6884120;1262084096;33566720;1446670336;0;0;0;0;0;0;0;0;0;0;0;3637;0;0;133;0;122;0;
28253;6005923;1262084096;33566720;1446670336;0;0;0;0;0;0;0;0;0;0;0;2976;0;0;133;0;122;0;
28254;6936969;1262084096;33566720;1446670336;0;0;0;0;0;0;0;0;0;0;0;3086;0;0;133;0;122;0;
28255;5389046;1262084096;33566720;1446670336;0;0;0;0;0;0;0;0;0;0;0;3216;0;0;133;0;122;0;
28256;7003615;1262084096;33566720;1446670336;0;0;0;0;0;0;0;0;0;0;0;3567;0;0;133;0;122;0;
28257;12837706;1262084096;33566720;1446670336;0;0;0;0;0;0;0;0;0;0;0;4057;0;0;133;0;122;0;
28258;7444211;1262084096;33566720;1446670336;0;0;0;0;0;0;0;0;0;0;0;3867;0;0;133;0;122;0;
28259;5558945;1262084096;33566720;1446670336;0;0;0;0;0;0;0;0;0;0;0;5561;0;0;133;0;122;0;
28260;6796927;1262084096;33566720;1446670336;0;0;0;0;0;0;0;0;0;0;0;3767;0;0;133;0;122;0;
28261;4346862;1262084096;33566720;1446670336;0;0;0;0;0;0;0;0;0;0;0;5340;0;0;133;0;122;0;
28262;7089025;1262084096;33566720;1446670336;0;0;0;0;0;0;0;0;0;0;0;4178;0;0;133;0;122;0;
28263;3787673;1262084096;33566720;1446670336;0;0;0;0;0;0;0;0;0;0;0;3617;0;0;133;0;122;0;
28264;5892641;1262084096;33566720;1446670336;0;0;0;0;0;0;0;0;0;0;0;3076;0;0;133;0;122;0;
28265;4009029;1262084096;33566720;1446670336;0;0;0;0;0;0;0;0;0;0;0;3065;0;0;133;0;122;0;
28266;7595735;1262084096;33566720;1446670336;0;0;0;0;0;0;0;0;0;0;0;3797;0;0;133;0;122;0;
28267;3738802;1262084096;33566720;1446670336;0;0;0;0;0;0;0;0;0;0;0;2584;0;0;133;0;122;0;
28268;5951832;1262084096;33566720;1446670336;0;0;0;0;0;0;0;0;0;0;0;3677;0;0;133;0;122;0;
28269;4082205;1262084096;33566720;1446670336;0;0;0;0;0;0;0;0;0;0;0;11392;0;0;133;0;122;0;
28270;6413648;1262084096;33566720;1446670336;0;0;0;0;0;0;0;0;0;0;0;3256;0;0;133;0;122;0;
28271;5181337;1262084096;33566720;1446670336;0;0;0;0;0;0;0;0;0;0;0;3997;0;0;133;0;122;0;
28272;6381457;1262084096;33566720;1446670336;0;0;0;0;0;0;0;0;0;0;0;3737;0;0;133;0;122;0;
28273;4873791;1262084096;33566720;1446670336;0;0;0;0;0;0;0;0;0;0;0;2846;0;0;133;0;122;0;
28274;6511000;1262084096;33566720;1446670336;0;0;0;0;0;0;0;0;0;0;0;3367;0;0;133;0;122;0;
28275;4639561;1262084096;33566720;1446670336;0;0;0;0;0;0;0;0;0;0;0;4268;0;0;133;0;122;0;
28276;7863828;1262084096;33566720;1446670336;0;0;0;0;0;0;0;0;0;0;0;3967;0;0;133;0;122;0;
28277;4709222;1262084096;33566720;1446670336;0;0;0;0;0;0;0;0;0;0;0;2655;0;0;133;0;122;0;
28278;6785375;1262084096;33566720;1446670336;0;0;0;0;0;0;0;0;0;0;0;3687;0;0;133;0;122;0;
28279;3593780;1262084096;33566720;1446670336;0;0;0;0;0;0;0;0;0;0;0;4328;0;0;133;0;122;0;
28280;6415371;1262084096;33566720;1446670336;0;0;0;0;0;0;0;0;0;0;0;4528;0;0;133;0;122;0;
28281;4162757;1262084096;33566720;1446670336;0;0;0;0;0;0;0;0;0;0;0;3517;0;0;133;0;122;0;
28282;5527115;1262084096;33566720;1446670336;0;0;0;0;0;0;0;0;0;0;0;2896;0;0;133;0;122;0;
28283;5170948;1262084096;33566720;1446670336;0;0;0;0;0;0;0;0;0;0;0;2996;0;0;133;0;122;0;
28284;5930542;1262084096;33566720;1446670336;0;0;0;0;0;0;0;0;0;0;0;4188;0;0;133;0;122;0;
28285;4769314;1262084096;33566720;1446670336;0;0;0;0;0;0;0;0;0;0;0;3667;0;0;133;0;122;0;
28286;5730046;1262084096;33566720;1446670336;0;0;0;0;0;0;0;0;0;0;0;3066;0;0;133;0;122;0;
28287;6485703;1262084096;33566720;1446670336;0;0;0;0;0;0;0;0;0;0;0;3287;0;0;133;0;122;0;
28288;6453643;1262084096;33570816;1446674432;0;0;0;0;0;0;0;0;0;0;0;4428;0;0;133;0;122;0;
28289;5893032;1262084096;33574912;1446678528;0;0;0;0;0;0;0;0;0;0;0;2826;0;0;133;0;122;0;
28290;5625029;1262084096;33574912;1446678528;0;0;0;0;0;0;0;0;0;0;0;3006;0;0;133;0;122;0;
28291;5776343;1262084096;33574912;1446678528;0;0;0;0;0;0;0;0;0;0;0;3086;0;0;133;0;122;0;
28292;5792503;1262084096;33574912;1446678528;0;0;0;0;0;0;0;0;0;0;0;2805;0;0;133;0;122;0;
28293;5035082;1262084096;33574912;1446678528;0;0;0;0;0;0;0;0;0;0;0;3206;0;0;133;0;122;0;
28294;5314837;1262084096;33574912;1446678528;0;0;0;0;0;0;0;0;0;0;0;3587;0;0;133;0;122;0;
28295;6142239;1262084096;33566720;1446670336;0;0;0;0;0;0;0;0;0;0;0;3286;0;0;133;0;122;0;
28296;6802107;1262084096;33566720;1446670336;0;0;0;0;0;0;0;0;0;0;0;3406;0;0;133;0;122;0;
28297;5888583;1262084096;33566720;1446670336;0;0;0;0;0;0;0;0;0;0;0;2625;0;0;133;0;122;0;
28298;6432383;1262084096;33566720;1446670336;0;0;0;0;0;0;0;0;0;0;0;3647;0;0;133;0;122;0;
28299;5219208;1262084096;33566720;1446670336;0;0;0;0;0;0;0;0;0;0;0;2836;0;0;133;0;122;0;
28300;5625721;1262084096;33566720;1446670336;0;0;0;0;0;0;0;0;0;0;0;2765;0;0;133;0;122;0;
28301;4599235;1262084096;33566720;1446670336;0;0;0;0;0;0;0;0;0;0;0;4098;0;0;133;0;122;0;
28302;5326149;1262084096;33566720;1446670336;0;0;0;0;0;0;0;0;0;0;0;3497;0;0;133;0;122;0;
28303;4886154;1262084096;33566720;1446670336;0;0;0;0;0;0;0;0;0;0;0;2975;0;0;133;0;122;0;
28304;5988862;1262084096;33566720;1446670336;0;0;0;0;0;0;0;0;0;0;0;3397;0;0;133;0;122;0;
28305;3894804;1262084096;33566720;1446670336;0;0;0;0;0;0;0;0;0;0;0;3597;0;0;133;0;122;0;
28306;6007265;1262084096;33566720;1446670336;0;0;0;0;0;0;0;0;0;0;0;3496;0;0;133;0;122;0;
28307;4950193;1262084096;33566720;1446670336;0;0;0;0;0;0;0;0;0;0;0;3657;0;0;133;0;122;0;
28308;5550510;1262084096;33566720;1446670336;0;0;0;0;0;0;0;0;0;0;0;3897;0;0;133;0;122;0;
28309;3346236;1262084096;33566720;1446670336;0;0;0;0;0;0;0;0;0;0;0;4698;0;0;133;0;122;0;
28310;6112082;1262084096;33566720;1446670336;0;0;0;0;0;0;0;0;0;0;0;3496;0;0;133;0;122;0;
28311;4294634;1262084096;33566720;1446670336;0;0;0;0;0;0;0;0;0;0;0;3005;0;0;133;0;122;0;
28312;6251885;1262084096;33566720;1446670336;0;0;0;0;0;0;0;0;0;0;0;3246;0;0;133;0;122;0;
28313;4373953;1262084096;33566720;1446670336;0;0;0;0;0;0;0;0;0;0;0;3707;0;0;133;0;122;0;
28314;5414364;1262084096;33566720;1446670336;0;0;0;0;0;0;0;0;0;0;0;2986;0;0;133;0;122;0;
28315;4713590;1262084096;33566720;1446670336;0;0;0;0;0;0;0;0;0;0;0;3296;0;0;133;0;122;0;
28316;6258246;1262084096;33566720;1446670336;0;0;0;0;0;0;0;0;0;0;0;3246;0;0;133;0;122;0;
28317;3968994;1262084096;33566720;1446670336;0;0;0;0;0;0;0;0;0;0;0;3036;0;0;133;0;122;0;
28318;6933684;1262084096;33566720;1446670336;0;0;0;0;0;0;0;0;0;0;0;4879;0;0;133;0;122;0;
28319;4651473;1262084096;33566720;1446670336;0;0;0;0;0;0;0;0;0;0;0;3006;0;0;133;0;122;0;
28320;8053033;1262084096;33566720;1446670336;0;0;0;0;0;0;0;0;0;0;0;5079;0;0;133;0;122;0;
28321;3477382;1262084096;33566720;1446670336;0;0;0;0;0;0;0;0;0;0;0;3887;0;0;133;0;122;0;
28322;6471116;1262084096;33566720;1446670336;0;0;0;0;0;0;0;0;0;0;0;6161;0;0;133;0;122;0;
28323;5140871;1262084096;33566720;1446670336;0;0;0;0;0;0;0;0;0;0;0;2946;0;0;133;0;122;0;
28324;6591932;1262084096;33566720;1446670336;0;0;0;0;0;0;0;0;0;0;0;2375;0;0;133;0;122;0;
28325;5029292;1262084096;33566720;1446670336;0;0;0;0;0;0;0;0;0;0;0;3346;0;0;133;0;122;0;
28326;6888789;1262084096;33566720;1446670336;0;0;0;0;0;0;0;0;0;0;0;3897;0;0;133;0;122;0;
28327;6073490;1262084096;33566720;1446670336;0;0;0;0;0;0;0;0;0;0;0;3928;0;0;133;0;122;0;
28328;8134285;1262084096;33566720;1446670336;0;0;0;0;0;0;0;0;0;0;0;3707;0;0;133;0;122;0;
28329;5205212;1262084096;33566720;1446670336;0;0;0;0;0;0;0;0;0;0;0;3236;0;0;133;0;122;0;
28330;5174745;1262084096;33566720;1446670336;0;0;0;0;0;0;0;0;0;0;0;3918;0;0;133;0;122;0;
28331;5187629;1262084096;33566720;1446670336;0;0;0;0;0;0;0;0;0;0;0;2905;0;0;133;0;122;0;
28332;5427749;1262084096;33566720;1446670336;0;0;0;0;0;0;0;0;0;0;0;3236;0;0;133;0;122;0;
28333;5070780;1262084096;33566720;1446670336;0;0;0;0;0;0;0;0;0;0;0;4619;0;0;133;0;122;0;
28334;6064323;1262084096;33566720;1446670336;0;0;0;0;0;0;0;0;0;0;0;3827;0;0;133;0;122;0;
28335;4387158;1262084096;33566720;1446670336;0;0;0;0;0;0;0;0;0;0;0;3216;0;0;133;0;122;0;
28336;6340311;1262084096;33566720;1446670336;0;0;0;0;0;0;0;0;0;0;0;4288;0;0;133;0;122;0;
28337;5356846;1262084096;33566720;1446670336;0;0;0;0;0;0;0;0;0;0;0;3526;0;0;133;0;122;0;
28338;5951752;1262084096;33566720;1446670336;0;0;0;0;0;0;0;0;0;0;0;6613;0;0;133;0;122;0;
28339;5425104;1262084096;33566720;1446670336;0;0;0;0;0;0;0;0;0;0;0;3406;0;0;133;0;122;0;
28340;7925804;1262084096;33566720;1446670336;0;0;0;0;0;0;0;0;0;0;0;3967;0;0;133;0;122;0;
28341;4673825;1262084096;33566720;1446670336;0;0;0;0;0;0;0;0;0;0;0;2996;0;0;133;0;122;0;
28342;7825105;1262084096;33566720;1446670336;0;0;0;0;0;0;0;0;0;0;0;3387;0;0;133;0;122;0;
28343;4045908;1262084096;33566720;1446670336;0;0;0;0;0;0;0;0;0;0;0;4508;0;0;133;0;122;0;
28344;7381864;1262084096;33566720;1446670336;0;0;0;0;0;0;0;0;0;0;0;3567;0;0;133;0;122;0;
28345;3480147;1262084096;33566720;1446670336;0;0;0;0;0;0;0;0;0;0;0;3807;0;0;133;0;122;0;
28346;6546067;1262084096;33566720;1446670336;0;0;0;0;0;0;0;0;0;0;0;4769;0;0;133;0;122;0;
28347;3762967;1262084096;33566720;1446670336;0;0;0;0;0;0;0;0;0;0;0;3426;0;0;133;0;122;0;
28348;6286720;1262084096;33566720;1446670336;0;0;0;0;0;0;0;0;0;0;0;4188;0;0;133;0;122;0;
28349;3808292;1262084096;33566720;1446670336;0;0;0;0;0;0;0;0;0;0;0;3136;0;0;133;0;122;0;
28350;6260301;1262084096;33566720;1446670336;0;0;0;0;0;0;0;0;0;0;0;3556;0;0;133;0;122;0;
28351;5094765;1262084096;33566720;1446670336;0;0;0;0;0;0;0;0;0;0;0;2815;0;0;133;0;122;0;
28352;6913356;1262084096;33566720;1446670336;0;0;0;0;0;0;0;0;0;0;0;3366;0;0;133;0;122;0;
28353;5175887;1262084096;33566720;1446670336;0;0;0;0;0;0;0;0;0;0;0;3908;0;0;133;0;122;0;
28354;6997032;1262084096;33566720;1446670336;0;0;0;0;0;0;0;0;0;0;0;3036;0;0;133;0;122;0;
28355;4842822;1262084096;33566720;1446670336;0;0;0;0;0;0;0;0;0;0;0;4889;0;0;133;0;122;0;
28356;6979359;1262084096;33566720;1446670336;0;0;0;0;0;0;0;0;0;0;0;3526;0;0;133;0;122;0;
28357;4524485;1262084096;33566720;1446670336;0;0;0;0;0;0;0;0;0;0;0;4448;0;0;133;0;122;0;
28358;6835439;1262084096;33566720;1446670336;0;0;0;0;0;0;0;0;0;0;0;2945;0;0;133;0;122;0;
28359;4584838;1262084096;33566720;1446670336;0;0;0;0;0;0;0;0;0;0;0;4608;0;0;133;0;122;0;
28360;6066948;1262084096;33566720;1446670336;0;0;0;0;0;0;0;0;0;0;0;3957;0;0;133;0;122;0;
28361;4606459;1262084096;33566720;1446670336;0;0;0;0;0;0;0;0;0;0;0;4158;0;0;133;0;122;0;
28362;7043890;1262084096;33566720;1446670336;0;0;0;0;0;0;0;0;0;0;0;3647;0;0;133;0;122;0;
28363;3451453;1262084096;33566720;1446670336;0;0;0;0;0;0;0;0;0;0;0;4158;0;0;133;0;122;0;
28364;7661208;1262084096;33566720;1446670336;0;0;0;0;0;0;0;0;0;0;0;2965;0;0;133;0;122;0;
28365;3871681;1262084096;33566720;1446670336;0;0;0;0;0;0;0;0;0;0;0;3156;0;0;133;0;122;0;
28366;7734785;1262084096;33566720;1446670336;0;0;0;0;0;0;0;0;0;0;0;3266;0;0;133;0;122;0;
28367;4149993;1262084096;33566720;1446670336;0;0;0;0;0;0;0;0;0;0;0;4529;0;0;133;0;122;0;
28368;7537275;1262084096;33566720;1446670336;0;0;0;0;0;0;0;0;0;0;0;3898;0;0;133;0;122;0;
28369;4310704;1262084096;33566720;1446670336;0;0;0;0;0;0;0;0;0;0;0;3036;0;0;133;0;122;0;
28370;6733207;1262084096;33566720;1446670336;0;0;0;0;0;0;0;0;0;0;0;4939;0;0;133;0;122;0;
28371;4496763;1262084096;33566720;1446670336;0;0;0;0;0;0;0;0;0;0;0;3667;0;0;133;0;122;0;
28372;5914612;1262084096;33566720;1446670336;0;0;0;0;0;0;0;0;0;0;0;3246;0;0;133;0;122;0;
28373;4569851;1262084096;33566720;1446670336;0;0;0;0;0;0;0;0;0;0;0;3176;0;0;133;0;122;0;
28374;7139239;1262084096;33566720;1446670336;0;0;0;0;0;0;0;0;0;0;0;3617;0;0;133;0;122;0;
28375;5198008;1262084096;33566720;1446670336;0;0;0;0;0;0;0;0;0;0;0;3858;0;0;133;0;122;0;
28376;6901372;1262084096;33566720;1446670336;0;0;0;0;0;0;0;0;0;0;0;3196;0;0;133;0;122;0;
28377;4608844;1262084096;33566720;1446670336;0;0;0;0;0;0;0;0;0;0;0;3407;0;0;133;0;122;0;
28378;5822579;1262084096;33566720;1446670336;0;0;0;0;0;0;0;0;0;0;0;4929;0;0;133;0;122;0;
28379;4796716;1262084096;33566720;1446670336;0;0;0;0;0;0;0;0;0;0;0;3146;0;0;133;0;122;0;
28380;6252245;1262084096;33566720;1446670336;0;0;0;0;0;0;0;0;0;0;0;3326;0;0;133;0;122;0;
28381;4431901;1262084096;33566720;1446670336;0;0;0;0;0;0;0;0;0;0;0;4118;0;0;133;0;122;0;
28382;6620766;1262084096;33566720;1446670336;0;0;0;0;0;0;0;0;0;0;0;3687;0;0;133;0;122;0;
28383;5030664;1262084096;33566720;1446670336;0;0;0;0;0;0;0;0;0;0;0;2725;0;0;133;0;122;0;
28384;6578938;1262084096;33566720;1446670336;0;0;0;0;0;0;0;0;0;0;0;3136;0;0;133;0;122;0;
28385;4099508;1262084096;33566720;1446670336;0;0;0;0;0;0;0;0;0;0;0;3296;0;0;133;0;122;0;
28386;6871496;1262084096;33566720;1446670336;0;0;0;0;0;0;0;0;0;0;0;3546;0;0;133;0;122;0;
28387;4456789;1262084096;33566720;1446670336;0;0;0;0;0;0;0;0;0;0;0;3055;0;0;133;0;122;0;
28388;6002657;1262084096;33566720;1446670336;0;0;0;0;0;0;0;0;0;0;0;3717;0;0;133;0;122;0;
28389;3995984;1262084096;33566720;1446670336;0;0;0;0;0;0;0;0;0;0;0;4178;0;0;133;0;122;0;
28390;4785795;1262084096;33566720;1446670336;0;0;0;0;0;0;0;0;0;0;0;3767;0;0;133;0;122;0;
28391;4260681;1262084096;33566720;1446670336;0;0;0;0;0;0;0;0;0;0;0;3446;0;0;133;0;122;0;
28392;5434663;1262084096;33566720;1446670336;0;0;0;0;0;0;0;0;0;0;0;8406;0;0;133;0;122;0;
28393;4310774;1262084096;33566720;1446670336;0;0;0;0;0;0;0;0;0;0;0;3968;0;0;133;0;122;0;
28394;5254474;1262084096;33566720;1446670336;0;0;0;0;0;0;0;0;0;0;0;3166;0;0;133;0;122;0;
28395;3719916;1262084096;33566720;1446670336;0;0;0;0;0;0;0;0;0;0;0;3557;0;0;133;0;122;0;
28396;6182574;1262084096;33566720;1446670336;0;0;0;0;0;0;0;0;0;0;0;3797;0;0;133;0;122;0;
28397;3117958;1262084096;33566720;1446670336;0;0;0;0;0;0;0;0;0;0;0;3687;0;0;133;0;122;0;
28398;5886218;1262084096;33566720;1446670336;0;0;0;0;0;0;0;0;0;0;0;3677;0;0;133;0;122;0;
28399;3527846;1262084096;33566720;1446670336;0;0;0;0;0;0;0;0;0;0;0;2975;0;0;133;0;122;0;
28400;5011839;1262084096;33566720;1446670336;0;0;0;0;0;0;0;0;0;0;0;2525;0;0;133;0;122;0;
28401;4339448;1262084096;33566720;1446670336;0;0;0;0;0;0;0;0;0;0;0;4419;0;0;133;0;122;0;
28402;5180225;1262084096;33566720;1446670336;0;0;0;0;0;0;0;0;0;0;0;2855;0;0;133;0;122;0;
28403;4799841;1262084096;33566720;1446670336;0;0;0;0;0;0;0;0;0;0;0;3958;0;0;133;0;122;0;
28404;5700551;1262084096;33566720;1446670336;0;0;0;0;0;0;0;0;0;0;0;3226;0;0;133;0;122;0;
28405;3737369;1262084096;33566720;1446670336;0;0;0;0;0;0;0;0;0;0;0;3767;0;0;133;0;122;0;
28406;5508100;1262084096;33566720;1446670336;0;0;0;0;0;0;0;0;0;0;0;3357;0;0;133;0;122;0;
28407;2911340;1262084096;33566720;1446670336;0;0;0;0;0;0;0;0;0;0;0;3647;0;0;133;0;122;0;
28408;6424549;1262084096;33566720;1446670336;0;0;0;0;0;0;0;0;0;0;0;3126;0;0;133;0;122;0;
28409;3606072;1262084096;33566720;1446670336;0;0;0;0;0;0;0;0;0;0;0;3045;0;0;133;0;122;0;
28410;5692645;1262084096;33566720;1446670336;0;0;0;0;0;0;0;0;0;0;0;3106;0;0;133;0;122;0;
28411;5086499;1262084096;33566720;1446670336;0;0;0;0;0;0;0;0;0;0;0;3597;0;0;133;0;122;0;
28412;4996790;1262084096;33566720;1446670336;0;0;0;0;0;0;0;0;0;0;0;3266;0;0;133;0;122;0;
28413;3953535;1262084096;33566720;1446670336;0;0;0;0;0;0;0;0;0;0;0;4058;0;0;133;0;122;0;
28414;5683539;1262084096;33566720;1446670336;0;0;0;0;0;0;0;0;0;0;0;2845;0;0;133;0;122;0;
28415;4908586;1262084096;33566720;1446670336;0;0;0;0;0;0;0;0;0;0;0;4118;0;0;133;0;122;0;
28416;5836916;1262084096;33566720;1446670336;0;0;0;0;0;0;0;0;0;0;0;2816;0;0;133;0;122;0;
28417;4701727;1262084096;33566720;1446670336;0;0;0;0;0;0;0;0;0;0;0;3697;0;0;133;0;122;0;
28418;6130377;1262084096;33566720;1446670336;0;0;0;0;0;0;0;0;0;0;0;3035;0;0;133;0;122;0;
28419;4287931;1262084096;33566720;1446670336;0;0;0;0;0;0;0;0;0;0;0;3647;0;0;133;0;122;0;
28420;5894464;1262084096;33566720;1446670336;0;0;0;0;0;0;0;0;0;0;0;3497;0;0;133;0;122;0;
28421;3776833;1262084096;33566720;1446670336;0;0;0;0;0;0;0;0;0;0;0;4218;0;0;133;0;122;0;
28422;5600794;1262084096;33566720;1446670336;0;0;0;0;0;0;0;0;0;0;0;2475;0;0;133;0;122;0;
28423;3970126;1262084096;33566720;1446670336;0;0;0;0;0;0;0;0;0;0;0;3898;0;0;133;0;122;0;
28424;6654390;1262084096;33566720;1446670336;0;0;0;0;0;0;0;0;0;0;0;3356;0;0;133;0;122;0;
28425;4191701;1262084096;33566720;1446670336;0;0;0;0;0;0;0;0;0;0;0;4128;0;0;133;0;122;0;
28426;6208915;1262084096;33566720;1446670336;0;0;0;0;0;0;0;0;0;0;0;3146;0;0;133;0;122;0;
28427;4183024;1262084096;33566720;1446670336;0;0;0;0;0;0;0;0;0;0;0;3848;0;0;133;0;122;0;
28428;5174574;1262084096;33566720;1446670336;0;0;0;0;0;0;0;0;0;0;0;2645;0;0;133;0;122;0;
28429;4599115;1262084096;33566720;1446670336;0;0;0;0;0;0;0;0;0;0;0;3686;0;0;133;0;122;0;
28430;5564245;1262084096;33566720;1446670336;0;0;0;0;0;0;0;0;0;0;0;2474;0;0;133;0;122;0;
28431;4394512;1262084096;33566720;1446670336;0;0;0;0;0;0;0;0;0;0;0;3647;0;0;133;0;122;0;
28432;6240714;1262084096;33566720;1446670336;0;0;0;0;0;0;0;0;0;0;0;2675;0;0;133;0;122;0;
28433;4258316;1262084096;33566720;1446670336;0;0;0;0;0;0;0;0;0;0;0;3778;0;0;133;0;122;0;
28434;5424133;1262084096;33566720;1446670336;0;0;0;0;0;0;0;0;0;0;0;3677;0;0;133;0;122;0;
28435;4420781;1262084096;33566720;1446670336;0;0;0;0;0;0;0;0;0;0;0;3847;0;0;133;0;122;0;
28436;5120193;1262084096;33566720;1446670336;0;0;0;0;0;0;0;0;0;0;0;2685;0;0;133;0;122;0;
28437;4095661;1262084096;33566720;1446670336;0;0;0;0;0;0;0;0;0;0;0;4288;0;0;133;0;122;0;
28438;5399817;1262084096;33566720;1446670336;0;0;0;0;0;0;0;0;0;0;0;3066;0;0;133;0;122;0;
28439;4096082;1262084096;33566720;1446670336;0;0;0;0;0;0;0;0;0;0;0;3437;0;0;133;0;122;0;
28440;12547471;1262084096;33566720;1446670336;0;0;0;0;0;0;0;0;0;0;0;2915;0;0;133;0;122;0;
28441;6690447;1262084096;33566720;1446670336;0;0;0;0;0;0;0;0;0;0;0;4569;0;0;133;0;122;0;
28442;6092586;1262084096;33566720;1446670336;0;0;0;0;0;0;0;0;0;0;0;3446;0;0;133;0;122;0;
28443;4952999;1262084096;33566720;1446670336;0;0;0;0;0;0;0;0;0;0;0;4719;0;0;133;0;122;0;
28444;5615291;1262084096;33566720;1446670336;0;0;0;0;0;0;0;0;0;0;0;3787;0;0;133;0;122;0;
28445;4592613;1262084096;33566720;1446670336;0;0;0;0;0;0;0;0;0;0;0;4388;0;0;133;0;122;0;
28446;6837513;1262084096;33566720;1446670336;0;0;0;0;0;0;0;0;0;0;0;4428;0;0;133;0;122;0;
28447;4565122;1262084096;33566720;1446670336;0;0;0;0;0;0;0;0;0;0;0;4859;0;0;133;0;122;0;
28448;7282828;1262084096;33566720;1446670336;0;0;0;0;0;0;0;0;0;0;0;3948;0;0;133;0;122;0;
28449;5049710;1262084096;33566720;1446670336;0;0;0;0;0;0;0;0;0;0;0;4859;0;0;133;0;122;0;
28450;7260155;1262084096;33566720;1446670336;0;0;0;0;0;0;0;0;0;0;0;3186;0;0;133;0;122;0;
28451;5653242;1262084096;33566720;1446670336;0;0;0;0;0;0;0;0;0;0;0;3937;0;0;133;0;122;0;
28452;6930728;1262084096;33566720;1446670336;0;0;0;0;0;0;0;0;0;0;0;3727;0;0;133;0;122;0;
28453;6475073;1262084096;33566720;1446670336;0;0;0;0;0;0;0;0;0;0;0;6402;0;0;133;0;122;0;
28454;6347534;1262084096;33566720;1446670336;0;0;0;0;0;0;0;0;0;0;0;2916;0;0;133;0;122;0;
28455;6645573;1262084096;33566720;1446670336;0;0;0;0;0;0;0;0;0;0;0;3988;0;0;133;0;122;0;
28456;5931484;1262084096;33566720;1446670336;0;0;0;0;0;0;0;0;0;0;0;3537;0;0;133;0;122;0;
28457;5545280;1262084096;33566720;1446670336;0;0;0;0;0;0;0;0;0;0;0;4488;0;0;133;0;122;0;
28458;7662400;1262084096;33566720;1446670336;0;0;0;0;0;0;0;0;0;0;0;5220;0;0;133;0;122;0;
28459;4292340;1262084096;33566720;1446670336;0;0;0;0;0;0;0;0;0;0;0;3316;0;0;133;0;122;0;
28460;7815517;1262084096;33566720;1446670336;0;0;0;0;0;0;0;0;0;0;0;4709;0;0;133;0;122;0;
28461;3987438;1262084096;33566720;1446670336;0;0;0;0;0;0;0;0;0;0;0;3877;0;0;133;0;122;0;
28462;7807953;1262084096;33566720;1446670336;0;0;0;0;0;0;0;0;0;0;0;4158;0;0;133;0;122;0;
28463;5481560;1262084096;33566720;1446670336;0;0;0;0;0;0;0;0;0;0;0;3267;0;0;133;0;122;0;
28464;7251299;1262084096;33566720;1446670336;0;0;0;0;0;0;0;0;0;0;0;4128;0;0;133;0;122;0;
28465;7526404;1262084096;33566720;1446670336;0;0;0;0;0;0;0;0;0;0;0;3847;0;0;133;0;122;0;
28466;6549252;1262084096;33566720;1446670336;0;0;0;0;0;0;0;0;0;0;0;3196;0;0;133;0;122;0;
28467;7946403;1262084096;33566720;1446670336;0;0;0;0;0;0;0;0;0;0;0;3968;0;0;133;0;122;0;
28468;7073655;1262084096;33566720;1446670336;0;0;0;0;0;0;0;0;0;0;0;3807;0;0;133;0;122;0;
28469;5239767;1262084096;33566720;1446670336;0;0;0;0;0;0;0;0;0;0;0;3016;0;0;133;0;122;0;
28470;6311206;1262084096;33566720;1446670336;0;0;0;0;0;0;0;0;0;0;0;3497;0;0;133;0;122;0;
28471;6582936;1262084096;33566720;1446670336;0;0;0;0;0;0;0;0;0;0;0;4448;0;0;133;0;122;0;
28472;7401851;1262084096;33566720;1446670336;0;0;0;0;0;0;0;0;0;0;0;3987;0;0;133;0;122;0;
28473;7004606;1262084096;33566720;1446670336;0;0;0;0;0;0;0;0;0;0;0;4198;0;0;133;0;122;0;
28474;6474172;1262084096;33566720;1446670336;0;0;0;0;0;0;0;0;0;0;0;3706;0;0;133;0;122;0;
28475;7245889;1262084096;33566720;1446670336;0;0;0;0;0;0;0;0;0;0;0;3547;0;0;133;0;122;0;
28476;6458242;1262084096;33566720;1446670336;0;0;0;0;0;0;0;0;0;0;0;3626;0;0;133;0;122;0;
28477;5010236;1262084096;33566720;1446670336;0;0;0;0;0;0;0;0;0;0;0;3737;0;0;133;0;122;0;
28478;7319136;1262084096;33566720;1446670336;0;0;0;0;0;0;0;0;0;0;0;3997;0;0;133;0;122;0;
28479;4821282;1262084096;33566720;1446670336;0;0;0;0;0;0;0;0;0;0;0;3457;0;0;133;0;122;0;
28480;6619154;1262084096;33566720;1446670336;0;0;0;0;0;0;0;0;0;0;0;4197;0;0;133;0;122;0;
28481;5728713;1262084096;33566720;1446670336;0;0;0;0;0;0;0;0;0;0;0;4338;0;0;133;0;122;0;
28482;6811494;1262084096;33566720;1446670336;0;0;0;0;0;0;0;0;0;0;0;4529;0;0;133;0;122;0;
28483;3944998;1262084096;33566720;1446670336;0;0;0;0;0;0;0;0;0;0;0;3928;0;0;133;0;122;0;
28484;8013869;1262084096;33566720;1446670336;0;0;0;0;0;0;0;0;0;0;0;4098;0;0;133;0;122;0;
28485;5385720;1262084096;33566720;1446670336;0;0;0;0;0;0;0;0;0;0;0;3897;0;0;133;0;122;0;
28486;7040524;1262084096;33566720;1446670336;0;0;0;0;0;0;0;0;0;0;0;4709;0;0;133;0;122;0;
28487;5396661;1262084096;33566720;1446670336;0;0;0;0;0;0;0;0;0;0;0;3858;0;0;133;0;122;0;
28488;7079677;1262084096;33566720;1446670336;0;0;0;0;0;0;0;0;0;0;0;2986;0;0;133;0;122;0;
28489;6086905;1262084096;33566720;1446670336;0;0;0;0;0;0;0;0;0;0;0;3417;0;0;133;0;122;0;
28490;7040544;1262084096;33566720;1446670336;0;0;0;0;0;0;0;0;0;0;0;3266;0;0;133;0;122;0;
28491;7861493;1262084096;33566720;1446670336;0;0;0;0;0;0;0;0;0;0;0;4268;0;0;133;0;122;0;
28492;7549969;1262084096;33566720;1446670336;0;0;0;0;0;0;0;0;0;0;0;4568;0;0;133;0;122;0;
28493;5436947;1262084096;33566720;1446670336;0;0;0;0;0;0;0;0;0;0;0;2545;0;0;133;0;122;0;
28494;7634528;1262084096;33566720;1446670336;0;0;0;0;0;0;0;0;0;0;0;4819;0;0;133;0;122;0;
28495;5679271;1262084096;33566720;1446670336;0;0;0;0;0;0;0;0;0;0;0;3086;0;0;133;0;122;0;
28496;6225866;1262084096;33566720;1446670336;0;0;0;0;0;0;0;0;0;0;0;3476;0;0;133;0;122;0;
28497;6144823;1262084096;33566720;1446670336;0;0;0;0;0;0;0;0;0;0;0;3798;0;0;133;0;122;0;
28498;6378352;1262084096;33566720;1446670336;0;0;0;0;0;0;0;0;0;0;0;3256;0;0;133;0;122;0;
28499;4790353;1262084096;33566720;1446670336;0;0;0;0;0;0;0;0;0;0;0;3857;0;0;133;0;122;0;
28500;7836757;1262084096;33566720;1446670336;0;0;0;0;0;0;0;0;0;0;0;3507;0;0;133;0;122;0;
28501;6093517;1262084096;33566720;1446670336;0;0;0;0;0;0;0;0;0;0;0;4909;0;0;133;0;122;0;
28502;9044542;1262084096;33566720;1446670336;0;0;0;0;0;0;0;0;0;0;0;3757;0;0;133;0;122;0;
28503;7230179;1262084096;33566720;1446670336;0;0;0;0;0;0;0;0;0;0;0;3627;0;0;133;0;122;0;
28504;7120423;1262084096;33566720;1446670336;0;0;0;0;0;0;0;0;0;0;0;3387;0;0;133;0;122;0;
28505;5810327;1262084096;33566720;1446670336;0;0;0;0;0;0;0;0;0;0;0;4177;0;0;133;0;122;0;
28506;6676110;1262084096;33566720;1446670336;0;0;0;0;0;0;0;0;0;0;0;4438;0;0;133;0;122;0;
28507;5883163;1262084096;33566720;1446670336;0;0;0;0;0;0;0;0;0;0;0;4268;0;0;133;0;122;0;
28508;7039692;1262084096;33566720;1446670336;0;0;0;0;0;0;0;0;0;0;0;3777;0;0;133;0;122;0;
28509;7579274;1262084096;33566720;1446670336;0;0;0;0;0;0;0;0;0;0;0;4498;0;0;133;0;122;0;
28510;7098532;1262084096;33566720;1446670336;0;0;0;0;0;0;0;0;0;0;0;4358;0;0;133;0;122;0;
28511;8833797;1262084096;33566720;1446670336;0;0;0;0;0;0;0;0;0;0;0;4478;0;0;133;0;122;0;
28512;7004275;1262084096;33566720;1446670336;0;0;0;0;0;0;0;0;0;0;0;3426;0;0;133;0;122;0;
28513;9112419;1262084096;33566720;1446670336;0;0;0;0;0;0;0;0;0;0;0;3947;0;0;133;0;122;0;
28514;9087903;1262084096;33566720;1446670336;0;0;0;0;0;0;0;0;0;0;0;3627;0;0;133;0;122;0;
28515;6506562;1262084096;33566720;1446670336;0;0;0;0;0;0;0;0;0;0;0;3257;0;0;133;0;122;0;
28516;9655087;1262084096;33566720;1446670336;0;0;0;0;0;0;0;0;0;0;0;4439;0;0;133;0;122;0;
28517;7019755;1262084096;33566720;1446670336;0;0;0;0;0;0;0;0;0;0;0;5190;0;0;133;0;122;0;
28518;7828892;1262084096;33566720;1446670336;0;0;0;0;0;0;0;0;0;0;0;3666;0;0;133;0;122;0;
28519;5701012;1262084096;33566720;1446670336;0;0;0;0;0;0;0;0;0;0;0;4047;0;0;133;0;122;0;
28520;7754112;1262084096;33566720;1446670336;0;0;0;0;0;0;0;0;0;0;0;3426;0;0;133;0;122;0;
28521;6428146;1262084096;33566720;1446670336;0;0;0;0;0;0;0;0;0;0;0;3346;0;0;133;0;122;0;
28522;7102881;1262084096;33566720;1446670336;0;0;0;0;0;0;0;0;0;0;0;3597;0;0;133;0;122;0;
28523;6291639;1262084096;33566720;1446670336;0;0;0;0;0;0;0;0;0;0;0;12584;0;0;133;0;122;0;
28524;6487637;1262084096;33566720;1446670336;0;0;0;0;0;0;0;0;0;0;0;4037;0;0;133;0;122;0;
28525;6609836;1262084096;33566720;1446670336;0;0;0;0;0;0;0;0;0;0;0;3827;0;0;133;0;122;0;
28526;8099119;1262084096;33566720;1446670336;0;0;0;0;0;0;0;0;0;0;0;5009;0;0;133;0;122;0;
28527;7429172;1262084096;33566720;1446670336;0;0;0;0;0;0;0;0;0;0;0;4329;0;0;133;0;122;0;
28528;7698377;1262084096;33566720;1446670336;0;0;0;0;0;0;0;0;0;0;0;3457;0;0;133;0;122;0;
28529;8901814;1262084096;33566720;1446670336;0;0;0;0;0;0;0;0;0;0;0;4368;0;0;133;0;122;0;
28530;7415196;1262084096;33566720;1446670336;0;0;0;0;0;0;0;0;0;0;0;3236;0;0;133;0;122;0;
28531;6961145;1262084096;33566720;1446670336;0;0;0;0;0;0;0;0;0;0;0;2845;0;0;133;0;122;0;
28532;5354171;1262084096;33566720;1446670336;0;0;0;0;0;0;0;0;0;0;0;3105;0;0;133;0;122;0;
28533;7893032;1262084096;33566720;1446670336;0;0;0;0;0;0;0;0;0;0;0;3847;0;0;133;0;122;0;
28534;6059995;1262084096;33566720;1446670336;0;0;0;0;0;0;0;0;0;0;0;2625;0;0;133;0;122;0;
28535;7308336;1262084096;33566720;1446670336;0;0;0;0;0;0;0;0;0;0;0;4107;0;0;133;0;122;0;
28536;6584799;1262084096;33566720;1446670336;0;0;0;0;0;0;0;0;0;0;0;3677;0;0;133;0;122;0;
28537;8136349;1262084096;33566720;1446670336;0;0;0;0;0;0;0;0;0;0;0;3968;0;0;133;0;122;0;
28538;10400115;1262084096;33566720;1446670336;0;0;0;0;0;0;0;0;0;0;0;3697;0;0;133;0;122;0;
28539;6725172;1262084096;33566720;1446670336;0;0;0;0;0;0;0;0;0;0;0;3426;0;0;133;0;122;0;
28540;7201966;1262084096;33566720;1446670336;0;0;0;0;0;0;0;0;0;0;0;3577;0;0;133;0;122;0;
28541;7556742;1262084096;33566720;1446670336;0;0;0;0;0;0;0;0;0;0;0;4638;0;0;133;0;122;0;
28542;6793561;1262084096;33570816;1446674432;0;0;0;0;0;0;0;0;0;0;0;3436;0;0;133;0;122;0;
28543;6843354;1262084096;33574912;1446678528;0;0;0;0;0;0;0;0;0;0;0;3527;0;0;133;0;122;0;
28544;6746974;1262084096;33574912;1446678528;0;0;0;0;0;0;0;0;0;0;0;3126;0;0;133;0;122;0;
28545;5414705;1262084096;33574912;1446678528;0;0;0;0;0;0;0;0;0;0;0;3036;0;0;133;0;122;0;
28546;8625636;1262084096;33574912;1446678528;0;0;0;0;0;0;0;0;0;0;0;3506;0;0;133;0;122;0;
28547;5185645;1262084096;33574912;1446678528;0;0;0;0;0;0;0;0;0;0;0;3987;0;0;133;0;122;0;
28548;7171419;1262084096;33574912;1446678528;0;0;0;0;0;0;0;0;0;0;0;2695;0;0;133;0;122;0;
28549;5980125;1262084096;33566720;1446670336;0;0;0;0;0;0;0;0;0;0;0;5790;0;0;133;0;122;0;
28550;6373072;1262084096;33566720;1446670336;0;0;0;0;0;0;0;0;0;0;0;3697;0;0;133;0;122;0;
28551;4803919;1262084096;33566720;1446670336;0;0;0;0;0;0;0;0;0;0;0;3987;0;0;133;0;122;0;
28552;5622915;1262084096;33566720;1446670336;0;0;0;0;0;0;0;0;0;0;0;3907;0;0;133;0;122;0;
28553;6171995;1262084096;33566720;1446670336;0;0;0;0;0;0;0;0;0;0;0;3366;0;0;133;0;122;0;
28554;6703973;1262084096;33566720;1446670336;0;0;0;0;0;0;0;0;0;0;0;4618;0;0;133;0;122;0;
28555;4124866;1262084096;33566720;1446670336;0;0;0;0;0;0;0;0;0;0;0;3075;0;0;133;0;122;0;
28556;6279727;1262084096;33566720;1446670336;0;0;0;0;0;0;0;0;0;0;0;4970;0;0;133;0;122;0;
28557;3930010;1262084096;33566720;1446670336;0;0;0;0;0;0;0;0;0;0;0;5841;0;0;133;0;122;0;
28558;6087286;1262084096;33566720;1446670336;0;0;0;0;0;0;0;0;0;0;0;3406;0;0;133;0;122;0;
28559;3645767;1262084096;33566720;1446670336;0;0;0;0;0;0;0;0;0;0;0;3176;0;0;133;0;122;0;
28560;6545255;1262084096;33566720;1446670336;0;0;0;0;0;0;0;0;0;0;0;3416;0;0;133;0;122;0;
28561;4135676;1262084096;33566720;1446670336;0;0;0;0;0;0;0;0;0;0;0;3627;0;0;133;0;122;0;
28562;5155608;1262084096;33566720;1446670336;0;0;0;0;0;0;0;0;0;0;0;3326;0;0;133;0;122;0;
28563;4838754;1262084096;33566720;1446670336;0;0;0;0;0;0;0;0;0;0;0;4328;0;0;133;0;122;0;
28564;6674187;1262084096;33566720;1446670336;0;0;0;0;0;0;0;0;0;0;0;3206;0;0;133;0;122;0;
28565;5506778;1262084096;33566720;1446670336;0;0;0;0;0;0;0;0;0;0;0;3446;0;0;133;0;122;0;
28566;6381438;1262084096;33566720;1446670336;0;0;0;0;0;0;0;0;0;0;0;3106;0;0;133;0;122;0;
28567;3643964;1262084096;33566720;1446670336;0;0;0;0;0;0;0;0;0;0;0;3186;0;0;133;0;122;0;
28568;7307524;1262084096;33566720;1446670336;0;0;0;0;0;0;0;0;0;0;0;2995;0;0;133;0;122;0;
28569;4382689;1262084096;33566720;1446670336;0;0;0;0;0;0;0;0;0;0;0;2534;0;0;133;0;122;0;
28570;7289551;1262084096;33566720;1446670336;0;0;0;0;0;0;0;0;0;0;0;4298;0;0;133;0;122;0;
28571;4934214;1262084096;33566720;1446670336;0;0;0;0;0;0;0;0;0;0;0;3587;0;0;133;0;122;0;
28572;6696909;1262084096;33566720;1446670336;0;0;0;0;0;0;0;0;0;0;0;62337;0;0;133;0;122;0;
28573;3807190;1262084096;33566720;1446670336;0;0;0;0;0;0;0;0;0;0;0;3446;0;0;133;0;122;0;
28574;6717497;1262084096;33566720;1446670336;0;0;0;0;0;0;0;0;0;0;0;4438;0;0;133;0;122;0;
28575;4590288;1262084096;33566720;1446670336;0;0;0;0;0;0;0;0;0;0;0;3246;0;0;133;0;122;0;
28576;5706713;1262084096;33566720;1446670336;0;0;0;0;0;0;0;0;0;0;0;3817;0;0;133;0;122;0;
28577;4656633;1262084096;33566720;1446670336;0;0;0;0;0;0;0;0;0;0;0;2735;0;0;133;0;122;0;
28578;5795298;1262084096;33566720;1446670336;0;0;0;0;0;0;0;0;0;0;0;2935;0;0;133;0;122;0;
28579;5685202;1262084096;33566720;1446670336;0;0;0;0;0;0;0;0;0;0;0;4388;0;0;133;0;122;0;
28580;4769795;1262084096;33566720;1446670336;0;0;0;0;0;0;0;0;0;0;0;3346;0;0;133;0;122;0;
28581;5771303;1262084096;33566720;1446670336;0;0;0;0;0;0;0;0;0;0;0;3336;0;0;133;0;122;0;
28582;7221723;1262084096;33566720;1446670336;0;0;0;0;0;0;0;0;0;0;0;3056;0;0;133;0;122;0;
28583;5307354;1262084096;33566720;1446670336;0;0;0;0;0;0;0;0;0;0;0;4007;0;0;133;0;122;0;
28584;6949142;1262084096;33566720;1446670336;0;0;0;0;0;0;0;0;0;0;0;3206;0;0;133;0;122;0;
28585;4300736;1262084096;33566720;1446670336;0;0;0;0;0;0;0;0;0;0;0;4498;0;0;133;0;122;0;
28586;8391347;1262084096;33566720;1446670336;0;0;0;0;0;0;0;0;0;0;0;4158;0;0;133;0;122;0;
28587;4096473;1262084096;33566720;1446670336;0;0;0;0;0;0;0;0;0;0;0;5209;0;0;133;0;122;0;
28588;7543496;1262084096;33566720;1446670336;0;0;0;0;0;0;0;0;0;0;0;5610;0;0;133;0;122;0;
28589;5231631;1262084096;33566720;1446670336;0;0;0;0;0;0;0;0;0;0;0;3957;0;0;133;0;122;0;
28590;7615922;1262084096;33566720;1446670336;0;0;0;0;0;0;0;0;0;0;0;3777;0;0;133;0;122;0;
28591;5364741;1262084096;33566720;1446670336;0;0;0;0;0;0;0;0;0;0;0;5270;0;0;133;0;122;0;
28592;7408434;1262084096;33566720;1446670336;0;0;0;0;0;0;0;0;0;0;0;5330;0;0;133;0;122;0;
28593;5071111;1262084096;33566720;1446670336;0;0;0;0;0;0;0;0;0;0;0;4308;0;0;133;0;122;0;
28594;9981669;1262084096;33566720;1446670336;0;0;0;0;0;0;0;0;0;0;0;4419;0;0;133;0;122;0;
28595;9900437;1262084096;33566720;1446670336;0;0;0;0;0;0;0;0;0;0;0;4038;0;0;133;0;122;0;
28596;6043594;1262084096;33566720;1446670336;0;0;0;0;0;0;0;0;0;0;0;3256;0;0;133;0;122;0;
28597;4935936;1262084096;33566720;1446670336;0;0;0;0;0;0;0;0;0;0;0;4298;0;0;133;0;122;0;
28598;5144388;1262084096;33566720;1446670336;0;0;0;0;0;0;0;0;0;0;0;2885;0;0;133;0;122;0;
28599;4915659;1262084096;33566720;1446670336;0;0;0;0;0;0;0;0;0;0;0;4328;0;0;133;0;122;0;
28600;5508641;1262084096;33566720;1446670336;0;0;0;0;0;0;0;0;0;0;0;3596;0;0;133;0;122;0;
28601;5138857;1262084096;33566720;1446670336;0;0;0;0;0;0;0;0;0;0;0;3947;0;0;133;0;122;0;
28602;5606765;1262084096;33566720;1446670336;0;0;0;0;0;0;0;0;0;0;0;2595;0;0;133;0;122;0;
28603;5898412;1262084096;33566720;1446670336;0;0;0;0;0;0;0;0;0;0;0;4679;0;0;133;0;122;0;
28604;5706462;1262084096;33566720;1446670336;0;0;0;0;0;0;0;0;0;0;0;3537;0;0;133;0;122;0;
28605;5590765;1262084096;33566720;1446670336;0;0;0;0;0;0;0;0;0;0;0;5120;0;0;133;0;122;0;
28606;5899574;1262084096;33566720;1446670336;0;0;0;0;0;0;0;0;0;0;0;2645;0;0;133;0;122;0;
28607;5074416;1262084096;33566720;1446670336;0;0;0;0;0;0;0;0;0;0;0;3757;0;0;133;0;122;0;
28608;7283610;1262084096;33566720;1446670336;0;0;0;0;0;0;0;0;0;0;0;3426;0;0;133;0;122;0;
28609;3912448;1262084096;33566720;1446670336;0;0;0;0;0;0;0;0;0;0;0;4028;0;0;133;0;122;0;
28610;7098502;1262084096;33566720;1446670336;0;0;0;0;0;0;0;0;0;0;0;4398;0;0;133;0;122;0;
28611;3650375;1262084096;33566720;1446670336;0;0;0;0;0;0;0;0;0;0;0;3928;0;0;133;0;122;0;
28612;7276837;1262084096;33566720;1446670336;0;0;0;0;0;0;0;0;0;0;0;3677;0;0;133;0;122;0;
28613;5324055;1262084096;33566720;1446670336;0;0;0;0;0;0;0;0;0;0;0;3266;0;0;133;0;122;0;
28614;5900115;1262084096;33566720;1446670336;0;0;0;0;0;0;0;0;0;0;0;5110;0;0;133;0;122;0;
28615;4953449;1262084096;33566720;1446670336;0;0;0;0;0;0;0;0;0;0;0;3277;0;0;133;0;122;0;
28616;7673842;1262084096;33566720;1446670336;0;0;0;0;0;0;0;0;0;0;0;3337;0;0;133;0;122;0;
28617;4857711;1262084096;33566720;1446670336;0;0;0;0;0;0;0;0;0;0;0;9748;0;0;133;0;122;0;
28618;6529395;1262084096;33566720;1446670336;0;0;0;0;0;0;0;0;0;0;0;3095;0;0;133;0;122;0;
28619;6225856;1262084096;33566720;1446670336;0;0;0;0;0;0;0;0;0;0;0;3106;0;0;133;0;122;0;
28620;6688865;1262084096;33566720;1446670336;0;0;0;0;0;0;0;0;0;0;0;3527;0;0;133;0;122;0;
28621;5586186;1262084096;33566720;1446670336;0;0;0;0;0;0;0;0;0;0;0;3406;0;0;133;0;122;0;
28622;6311206;1262084096;33566720;1446670336;0;0;0;0;0;0;0;0;0;0;0;7714;0;0;133;0;122;0;
28623;4519456;1262084096;33566720;1446670336;0;0;0;0;0;0;0;0;0;0;0;4048;0;0;133;0;122;0;
28624;7194171;1262084096;33566720;1446670336;0;0;0;0;0;0;0;0;0;0;0;3396;0;0;133;0;122;0;
28625;5564275;1262084096;33566720;1446670336;0;0;0;0;0;0;0;0;0;0;0;3827;0;0;133;0;122;0;
28626;6388531;1262084096;33566720;1446670336;0;0;0;0;0;0;0;0;0;0;0;2956;0;0;133;0;122;0;
28627;5147323;1262084096;33566720;1446670336;0;0;0;0;0;0;0;0;0;0;0;3547;0;0;133;0;122;0;
28628;5657901;1262084096;33566720;1446670336;0;0;0;0;0;0;0;0;0;0;0;2785;0;0;133;0;122;0;
28629;5265214;1262084096;33566720;1446670336;0;0;0;0;0;0;0;0;0;0;0;3016;0;0;133;0;122;0;
28630;5962182;1262084096;33566720;1446670336;0;0;0;0;0;0;0;0;0;0;0;3647;0;0;133;0;122;0;
28631;5754191;1262084096;33566720;1446670336;0;0;0;0;0;0;0;0;0;0;0;3867;0;0;133;0;122;0;
28632;6095010;1262084096;33566720;1446670336;0;0;0;0;0;0;0;0;0;0;0;2635;0;0;133;0;122;0;
28633;6380756;1262084096;33566720;1446670336;0;0;0;0;0;0;0;0;0;0;0;2785;0;0;133;0;122;0;
28634;5729284;1262084096;33566720;1446670336;0;0;0;0;0;0;0;0;0;0;0;2675;0;0;133;0;122;0;
28635;5183872;1262084096;33566720;1446670336;0;0;0;0;0;0;0;0;0;0;0;3266;0;0;133;0;122;0;
28636;5079856;1262084096;33566720;1446670336;0;0;0;0;0;0;0;0;0;0;0;2986;0;0;133;0;122;0;
28637;7459249;1262084096;33566720;1446670336;0;0;0;0;0;0;0;0;0;0;0;4758;0;0;133;0;122;0;
28638;5580555;1262084096;33566720;1446670336;0;0;0;0;0;0;0;0;0;0;0;3106;0;0;133;0;122;0;
28639;5908060;1262084096;33566720;1446670336;0;0;0;0;0;0;0;0;0;0;0;4358;0;0;133;0;122;0;
28640;6962017;1262084096;33566720;1446670336;0;0;0;0;0;0;0;0;0;0;0;4308;0;0;133;0;122;0;
28641;5290682;1262084096;33566720;1446670336;0;0;0;0;0;0;0;0;0;0;0;3596;0;0;133;0;122;0;
28642;5505946;1262084096;33566720;1446670336;0;0;0;0;0;0;0;0;0;0;0;3156;0;0;133;0;122;0;
28643;5570147;1262084096;33566720;1446670336;0;0;0;0;0;0;0;0;0;0;0;3777;0;0;133;0;122;0;
28644;6915940;1262084096;33566720;1446670336;0;0;0;0;0;0;0;0;0;0;0;3817;0;0;133;0;122;0;
28645;5205403;1262084096;33566720;1446670336;0;0;0;0;0;0;0;0;0;0;0;4619;0;0;133;0;122;0;
28646;6354798;1262084096;33566720;1446670336;0;0;0;0;0;0;0;0;0;0;0;3336;0;0;133;0;122;0;
28647;4858652;1262084096;33566720;1446670336;0;0;0;0;0;0;0;0;0;0;0;2906;0;0;133;0;122;0;
28648;5815657;1262084096;33566720;1446670336;0;0;0;0;0;0;0;0;0;0;0;2935;0;0;133;0;122;0;
28649;5668220;1262084096;33566720;1446670336;0;0;0;0;0;0;0;0;0;0;0;3176;0;0;133;0;122;0;
28650;7011038;1262084096;33566720;1446670336;0;0;0;0;0;0;0;0;0;0;0;4539;0;0;133;0;122;0;
28651;4914857;1262084096;33566720;1446670336;0;0;0;0;0;0;0;0;0;0;0;3887;0;0;133;0;122;0;
28652;7329486;1262084096;33566720;1446670336;0;0;0;0;0;0;0;0;0;0;0;4478;0;0;133;0;122;0;
28653;4370447;1262084096;33566720;1446670336;0;0;0;0;0;0;0;0;0;0;0;3998;0;0;133;0;122;0;
28654;5522617;1262084096;33566720;1446670336;0;0;0;0;0;0;0;0;0;0;0;2645;0;0;133;0;122;0;
28655;5320718;1262084096;33566720;1446670336;0;0;0;0;0;0;0;0;0;0;0;4038;0;0;133;0;122;0;
28656;6749959;1262084096;33566720;1446670336;0;0;0;0;0;0;0;0;0;0;0;3656;0;0;133;0;122;0;
28657;4824287;1262084096;33566720;1446670336;0;0;0;0;0;0;0;0;0;0;0;3667;0;0;133;0;122;0;
28658;6123764;1262084096;33566720;1446670336;0;0;0;0;0;0;0;0;0;0;0;3477;0;0;133;0;122;0;
28659;4482947;1262084096;33566720;1446670336;0;0;0;0;0;0;0;0;0;0;0;2895;0;0;133;0;122;0;
28660;6933783;1262084096;33566720;1446670336;0;0;0;0;0;0;0;0;0;0;0;3506;0;0;133;0;122;0;
28661;4081905;1262084096;33566720;1446670336;0;0;0;0;0;0;0;0;0;0;0;3446;0;0;133;0;122;0;
28662;5443889;1262084096;33566720;1446670336;0;0;0;0;0;0;0;0;0;0;0;4157;0;0;133;0;122;0;
28663;5193069;1262084096;33566720;1446670336;0;0;0;0;0;0;0;0;0;0;0;2885;0;0;133;0;122;0;
28664;6523294;1262084096;33566720;1446670336;0;0;0;0;0;0;0;0;0;0;0;4498;0;0;133;0;122;0;
28665;4760588;1262084096;33566720;1446670336;0;0;0;0;0;0;0;0;0;0;0;3367;0;0;133;0;122;0;
28666;6146356;1262084096;33566720;1446670336;0;0;0;0;0;0;0;0;0;0;0;3517;0;0;133;0;122;0;
28667;5634287;1262084096;33566720;1446670336;0;0;0;0;0;0;0;0;0;0;0;2975;0;0;133;0;122;0;
28668;6777951;1262084096;33566720;1446670336;0;0;0;0;0;0;0;0;0;0;0;4349;0;0;133;0;122;0;
28669;5175195;1262084096;33566720;1446670336;0;0;0;0;0;0;0;0;0;0;0;3908;0;0;133;0;122;0;
28670;6609416;1262084096;33566720;1446670336;0;0;0;0;0;0;0;0;0;0;0;3727;0;0;133;0;122;0;
28671;4971804;1262084096;33566720;1446670336;0;0;0;0;0;0;0;0;0;0;0;3977;0;0;133;0;122;0;
28672;6753786;1262084096;33566720;1446670336;0;0;0;0;0;0;0;0;0;0;0;4349;0;0;133;0;122;0;
28673;5814595;1262084096;33566720;1446670336;0;0;0;0;0;0;0;0;0;0;0;102562;0;0;133;0;122;0;
28674;6913285;1262084096;33566720;1446670336;0;0;0;0;0;0;0;0;0;0;0;4519;0;0;133;0;122;0;
28675;5294639;1262084096;33570816;1446674432;0;0;0;0;0;0;0;0;0;0;0;2895;0;0;133;0;122;0;
28676;7407141;1262084096;33570816;1446674432;0;0;0;0;0;0;0;0;0;0;0;11532;0;0;133;0;122;0;
28677;5448438;1262084096;33570816;1446674432;0;0;0;0;0;0;0;0;0;0;0;3316;0;0;133;0;122;0;
28678;5568343;1262084096;33570816;1446674432;0;0;0;0;0;0;0;0;0;0;0;4318;0;0;133;0;122;0;
28679;5393495;1262084096;33570816;1446674432;0;0;0;0;0;0;0;0;0;0;0;3497;0;0;133;0;122;0;
28680;5592287;1262084096;33570816;1446674432;0;0;0;0;0;0;0;0;0;0;0;3306;0;0;133;0;122;0;
28681;4797978;1262084096;33570816;1446674432;0;0;0;0;0;0;0;0;0;0;0;3316;0;0;133;0;122;0;
28682;5668962;1262084096;33570816;1446674432;0;0;0;0;0;0;0;0;0;0;0;3206;0;0;133;0;122;0;
28683;5692656;1262084096;33570816;1446674432;0;0;0;0;0;0;0;0;0;0;0;5109;0;0;133;0;122;0;
28684;5959467;1262084096;33570816;1446674432;0;0;0;0;0;0;0;0;0;0;0;5471;0;0;133;0;122;0;
28685;5461653;1262084096;33570816;1446674432;0;0;0;0;0;0;0;0;0;0;0;3888;0;0;133;0;122;0;
28686;6378673;1262084096;33570816;1446674432;0;0;0;0;0;0;0;0;0;0;0;4148;0;0;133;0;122;0;
28687;6276752;1262084096;33570816;1446674432;0;0;0;0;0;0;0;0;0;0;0;3747;0;0;133;0;122;0;
28688;7278080;1262084096;33570816;1446674432;0;0;0;0;0;0;0;0;0;0;0;3817;0;0;133;0;122;0;
28689;7165488;1262084096;33570816;1446674432;0;0;0;0;0;0;0;0;0;0;0;9497;0;0;133;0;122;0;
28690;7777596;1262084096;33570816;1446674432;0;0;0;0;0;0;0;0;0;0;0;3447;0;0;133;0;122;0;
28691;10029289;1262084096;33570816;1446674432;0;0;0;0;0;0;0;0;0;0;0;3216;0;0;133;0;122;0;
28692;6944915;1262084096;33570816;1446674432;0;0;0;0;0;0;0;0;0;0;0;4077;0;0;133;0;122;0;
28693;6246995;1262084096;33570816;1446674432;0;0;0;0;0;0;0;0;0;0;0;3376;0;0;133;0;122;0;
28694;7044631;1262084096;33570816;1446674432;0;0;0;0;0;0;0;0;0;0;0;3877;0;0;133;0;122;0;
28695;6757132;1262084096;33570816;1446674432;0;0;0;0;0;0;0;0;0;0;0;3066;0;0;133;0;122;0;
28696;6940245;1262084096;33570816;1446674432;0;0;0;0;0;0;0;0;0;0;0;3606;0;0;133;0;122;0;
28697;6308300;1262084096;33570816;1446674432;0;0;0;0;0;0;0;0;0;0;0;4198;0;0;133;0;122;0;
28698;6973337;1262084096;33570816;1446674432;0;0;0;0;0;0;0;0;0;0;0;5360;0;0;133;0;122;0;
28699;4324931;1262084096;33570816;1446674432;0;0;0;0;0;0;0;0;0;0;0;3657;0;0;133;0;122;0;
28700;8740943;1262084096;33570816;1446674432;0;0;0;0;0;0;0;0;0;0;0;4198;0;0;133;0;122;0;
28701;4979368;1262084096;33570816;1446674432;0;0;0;0;0;0;0;0;0;0;0;5139;0;0;133;0;122;0;
28702;6872899;1262084096;33570816;1446674432;0;0;0;0;0;0;0;0;0;0;0;3586;0;0;133;0;122;0;
28703;3611002;1262084096;33570816;1446674432;0;0;0;0;0;0;0;0;0;0;0;2875;0;0;133;0;122;0;
28704;7417490;1262084096;33570816;1446674432;0;0;0;0;0;0;0;0;0;0;0;5039;0;0;133;0;122;0;
28705;5190965;1262084096;33570816;1446674432;0;0;0;0;0;0;0;0;0;0;0;4358;0;0;133;0;122;0;
28706;6087126;1262084096;33570816;1446674432;0;0;0;0;0;0;0;0;0;0;0;4609;0;0;133;0;122;0;
28707;8261123;1262084096;33570816;1446674432;0;0;0;0;0;0;0;0;0;0;0;3858;0;0;133;0;122;0;
28708;6967456;1262084096;33570816;1446674432;0;0;0;0;0;0;0;0;0;0;0;3887;0;0;133;0;122;0;
28709;6312328;1262084096;33570816;1446674432;0;0;0;0;0;0;0;0;0;0;0;5561;0;0;133;0;122;0;
28710;6621608;1262084096;33574912;1446678528;0;0;0;0;0;0;0;0;0;0;0;3817;0;0;133;0;122;0;
28711;8124106;1262084096;33579008;1446682624;0;0;0;0;0;0;0;0;0;0;0;6453;0;0;133;0;122;0;
28712;8462080;1262084096;33579008;1446682624;0;0;0;0;0;0;0;0;0;0;0;3797;0;0;133;0;122;0;
28713;5114421;1262084096;33579008;1446682624;0;0;0;0;0;0;0;0;0;0;0;3837;0;0;133;0;122;0;
28714;8859546;1262084096;33579008;1446682624;0;0;0;0;0;0;0;0;0;0;0;3226;0;0;133;0;122;0;
28715;5213567;1262084096;33579008;1446682624;0;0;0;0;0;0;0;0;0;0;0;4498;0;0;133;0;122;0;
28716;7398725;1262084096;33579008;1446682624;0;0;0;0;0;0;0;0;0;0;0;3096;0;0;133;0;122;0;
28717;6320213;1262088192;33570816;1446674432;0;0;0;0;0;0;0;0;0;0;0;4168;0;0;133;0;122;0;
28718;7570307;1262088192;33570816;1446674432;0;0;0;0;0;0;0;0;0;0;0;2875;0;0;133;0;122;0;
28719;6180391;1262088192;33570816;1446674432;0;0;0;0;0;0;0;0;0;0;0;4217;0;0;133;0;122;0;
28720;6033555;1262088192;33570816;1446674432;0;0;0;0;0;0;0;0;0;0;0;6021;0;0;133;0;122;0;
28721;4702549;1262088192;33570816;1446674432;0;0;0;0;0;0;0;0;0;0;0;5280;0;0;133;0;122;0;
28722;6542410;1262088192;33570816;1446674432;0;0;0;0;0;0;0;0;0;0;0;3667;0;0;133;0;122;0;
28723;4659709;1262088192;33570816;1446674432;0;0;0;0;0;0;0;0;0;0;0;3457;0;0;133;0;122;0;
28724;7049841;1262088192;33570816;1446674432;0;0;0;0;0;0;0;0;0;0;0;3056;0;0;133;0;122;0;
28725;4877077;1262600192;33570816;1446674432;0;0;0;0;0;0;0;0;0;0;0;22011;0;0;133;0;122;0;
28726;143851636;582942720;33570816;540704768;0;0;0;0;0;0;0;0;0;0;0;3326;0;0;0;0;0;0;
28727;3142033;582942720;33570816;540704768;0;0;0;0;0;0;0;0;0;0;0;2766;0;0;0;0;0;0;
28728;4685407;582942720;33570816;540704768;0;0;0;0;0;0;0;0;0;0;0;3246;0;0;0;0;0;0;
28729;3218667;582942720;33570816;540704768;0;0;0;0;0;0;0;0;0;0;0;3938;0;0;0;0;0;0;
28730;4570942;582942720;33570816;540704768;0;0;0;0;0;0;0;0;0;0;0;2585;0;0;0;0;0;0;
28731;3681644;582938624;33566720;540700672;0;0;0;0;0;0;0;0;0;0;0;3296;0;0;0;0;0;0;
28732;4866005;582938624;33566720;540700672;0;0;0;0;0;0;0;0;0;0;0;4739;0;0;0;0;0;0;
28733;3259032;582938624;33566720;540700672;0;0;0;0;0;0;0;0;0;0;0;3798;0;0;0;0;0;0;
28734;5077953;582938624;33566720;540700672;0;0;0;0;0;0;0;0;0;0;0;4348;0;0;0;0;0;0;
28735;3173652;582938624;33566720;540700672;0;0;0;0;0;0;0;0;0;0;0;3837;0;0;0;0;0;0;
28736;5263321;582938624;33566720;540700672;0;0;0;0;0;0;0;0;0;0;0;4378;0;0;0;0;0;0;
28737;3089294;582938624;33566720;540700672;0;0;0;0;0;0;0;0;0;0;0;3457;0;0;0;0;0;0;
28738;5098983;582938624;33566720;540700672;0;0;0;0;0;0;0;0;0;0;0;3687;0;0;0;0;0;0;
28739;3192918;582938624;33566720;540700672;0;0;0;0;0;0;0;0;0;0;0;3086;0;0;0;0;0;0;
28740;10347846;582938624;33566720;540700672;0;0;0;0;0;0;0;0;0;0;0;1894;0;0;0;0;0;0;
28741;3139227;582938624;33566720;540700672;0;0;0;0;0;0;0;0;0;0;0;4638;0;0;0;0;0;0;
28742;4681139;582938624;33566720;540700672;0;0;0;0;0;0;0;0;0;0;0;2515;0;0;0;0;0;0;
28743;2887926;582938624;33566720;540700672;0;0;0;0;0;0;0;0;0;0;0;2885;0;0;0;0;0;0;
28744;5214028;582938624;33566720;540700672;0;0;0;0;0;0;0;0;0;0;0;3547;0;0;0;0;0;0;
28745;3214809;582938624;33566720;540700672;0;0;0;0;0;0;0;0;0;0;0;3557;0;0;0;0;0;0;
28746;5437657;582938624;33566720;540700672;0;0;0;0;0;0;0;0;0;0;0;3256;0;0;0;0;0;0;
28747;2693070;582938624;33566720;540700672;0;0;0;0;0;0;0;0;0;0;0;3006;0;0;0;0;0;0;
28748;4343536;582938624;33566720;540700672;0;0;0;0;0;0;0;0;0;0;0;2424;0;0;0;0;0;0;
28749;2678593;582938624;33566720;540700672;0;0;0;0;0;0;0;0;0;0;0;3537;0;0;0;0;0;0;
28750;4350438;582938624;33566720;540700672;0;0;0;0;0;0;0;0;0;0;0;2405;0;0;0;0;0;0;
28751;2766858;582938624;33566720;540700672;0;0;0;0;0;0;0;0;0;0;0;3917;0;0;0;0;0;0;
28752;4375366;582938624;33566720;540700672;0;0;0;0;0;0;0;0;0;0;0;2304;0;0;0;0;0;0;
28753;2462348;582938624;33566720;540700672;0;0;0;0;0;0;0;0;0;0;0;3737;0;0;0;0;0;0;
28754;4409419;582938624;33566720;540700672;0;0;0;0;0;0;0;0;0;0;0;2825;0;0;0;0;0;0;
28755;2505408;582938624;33566720;540700672;0;0;0;0;0;0;0;0;0;0;0;3487;0;0;0;0;0;0;
28756;4505470;582938624;33566720;540700672;0;0;0;0;0;0;0;0;0;0;0;2464;0;0;0;0;0;0;
28757;2600958;582938624;33566720;540700672;0;0;0;0;0;0;0;0;0;0;0;4058;0;0;0;0;0;0;
28758;4478348;582938624;33566720;540700672;0;0;0;0;0;0;0;0;0;0;0;3397;0;0;0;0;0;0;
28759;2471686;582938624;33566720;540700672;0;0;0;0;0;0;0;0;0;0;0;2855;0;0;0;0;0;0;
28760;4536538;582938624;33566720;540700672;0;0;0;0;0;0;0;0;0;0;0;2335;0;0;0;0;0;0;
28761;2590588;582938624;33566720;540700672;0;0;0;0;0;0;0;0;0;0;0;2845;0;0;0;0;0;0;
28762;4436500;582938624;33566720;540700672;0;0;0;0;0;0;0;0;0;0;0;3056;0;0;0;0;0;0;
28763;2498846;582938624;33566720;540700672;0;0;0;0;0;0;0;0;0;0;0;2996;0;0;0;0;0;0;
28764;4330943;582938624;33566720;540700672;0;0;0;0;0;0;0;0;0;0;0;2906;0;0;0;0;0;0;
28765;2573166;582938624;33566720;540700672;0;0;0;0;0;0;0;0;0;0;0;3667;0;0;0;0;0;0;
28766;4333277;582938624;33566720;540700672;0;0;0;0;0;0;0;0;0;0;0;2906;0;0;0;0;0;0;
28767;2606057;582938624;33566720;540700672;0;0;0;0;0;0;0;0;0;0;0;3807;0;0;0;0;0;0;
28768;4490812;582938624;33566720;540700672;0;0;0;0;0;0;0;0;0;0;0;2124;0;0;0;0;0;0;
28769;2651833;582938624;33566720;540700672;0;0;0;0;0;0;0;0;0;0;0;3246;0;0;0;0;0;0;
28770;4437642;582938624;33566720;540700672;0;0;0;0;0;0;0;0;0;0;0;3476;0;0;0;0;0;0;
28771;2496221;582938624;33566720;540700672;0;0;0;0;0;0;0;0;0;0;0;2725;0;0;0;0;0;0;
28772;4428335;582938624;33566720;540700672;0;0;0;0;0;0;0;0;0;0;0;2364;0;0;0;0;0;0;
28773;2582473;582938624;33566720;540700672;0;0;0;0;0;0;0;0;0;0;0;3447;0;0;0;0;0;0;
28774;4391786;582938624;33566720;540700672;0;0;0;0;0;0;0;0;0;0;0;2886;0;0;0;0;0;0;
28775;2661682;582938624;33566720;540700672;0;0;0;0;0;0;0;0;0;0;0;2555;0;0;0;0;0;0;
28776;4474562;582938624;33566720;540700672;0;0;0;0;0;0;0;0;0;0;0;3537;0;0;0;0;0;0;
28777;2829837;582938624;33566720;540700672;0;0;0;0;0;0;0;0;0;0;0;4749;0;0;0;0;0;0;
28778;4372029;582938624;33566720;540700672;0;0;0;0;0;0;0;0;0;0;0;3787;0;0;0;0;0;0;
28779;2460284;582938624;33566720;540700672;0;0;0;0;0;0;0;0;0;0;0;3176;0;0;0;0;0;0;
28780;4593214;582938624;33566720;540700672;0;0;0;0;0;0;0;0;0;0;0;5240;0;0;0;0;0;0;
28781;2530546;582938624;33566720;540700672;0;0;0;0;0;0;0;0;0;0;0;2875;0;0;0;0;0;0;
28782;4887576;582938624;33566720;540700672;0;0;0;0;0;0;0;0;0;0;0;3927;0;0;0;0;0;0;
28783;2626997;582938624;33566720;540700672;0;0;0;0;0;0;0;0;0;0;0;3777;0;0;0;0;0;0;
28784;4845477;582938624;33566720;540700672;0;0;0;0;0;0;0;0;0;0;0;4849;0;0;0;0;0;0;
28785;2378580;582938624;33566720;540700672;0;0;0;0;0;0;0;0;0;0;0;2605;0;0;0;0;0;0;
28786;5013632;582938624;33566720;540700672;0;0;0;0;0;0;0;0;0;0;0;4488;0;0;0;0;0;0;
28787;2488988;582938624;33566720;540700672;0;0;0;0;0;0;0;0;0;0;0;2966;0;0;0;0;0;0;
28788;4844515;582938624;33566720;540700672;0;0;0;0;0;0;0;0;0;0;0;3907;0;0;0;0;0;0;
28789;2554621;582938624;33566720;540700672;0;0;0;0;0;0;0;0;0;0;0;2686;0;0;0;0;0;0;
28790;4623571;582938624;33566720;540700672;0;0;0;0;0;0;0;0;0;0;0;3156;0;0;0;0;0;0;
28791;2619082;582938624;33566720;540700672;0;0;0;0;0;0;0;0;0;0;0;3967;0;0;0;0;0;0;
28792;4639641;582938624;33566720;540700672;0;0;0;0;0;0;0;0;0;0;0;3717;0;0;0;0;0;0;
28793;2864713;582938624;33566720;540700672;0;0;0;0;0;0;0;0;0;0;0;2595;0;0;0;0;0;0;
28794;4766399;582938624;33566720;540700672;0;0;0;0;0;0;0;0;0;0;0;3777;0;0;0;0;0;0;
28795;3258652;582938624;33566720;540700672;0;0;0;0;0;0;0;0;0;0;0;4087;0;0;0;0;0;0;
28796;4731283;582938624;33566720;540700672;0;0;0;0;0;0;0;0;0;0;0;4268;0;0;0;0;0;0;
28797;3128868;582938624;33566720;540700672;0;0;0;0;0;0;0;0;0;0;0;3727;0;0;0;0;0;0;
28798;4687140;582938624;33566720;540700672;0;0;0;0;0;0;0;0;0;0;0;3206;0;0;0;0;0;0;
28799;2930155;582938624;33566720;540700672;0;0;0;0;0;0;0;0;0;0;0;3998;0;0;0;0;0;0;
28800;4620546;582938624;33566720;540700672;0;0;0;0;0;0;0;0;0;0;0;3507;0;0;0;0;0;0;
28801;2589796;582938624;33566720;540700672;0;0;0;0;0;0;0;0;0;0;0;3437;0;0;0;0;0;0;
28802;4751491;582938624;33566720;540700672;0;0;0;0;0;0;0;0;0;0;0;3838;0;0;0;0;0;0;
28803;2698861;582938624;33566720;540700672;0;0;0;0;0;0;0;0;0;0;0;3507;0;0;0;0;0;0;
28804;4543481;582938624;33566720;540700672;0;0;0;0;0;0;0;0;0;0;0;3767;0;0;0;0;0;0;
28805;2664858;582938624;33566720;540700672;0;0;0;0;0;0;0;0;0;0;0;4238;0;0;0;0;0;0;
28806;4536207;582938624;33566720;540700672;0;0;0;0;0;0;0;0;0;0;0;2716;0;0;0;0;0;0;
28807;2554180;582938624;33566720;540700672;0;0;0;0;0;0;0;0;0;0;0;3447;0;0;0;0;0;0;
28808;4577454;582938624;33566720;540700672;0;0;0;0;0;0;0;0;0;0;0;2865;0;0;0;0;0;0;
28809;2681880;582938624;33566720;540700672;0;0;0;0;0;0;0;0;0;0;0;4238;0;0;0;0;0;0;
28810;4505881;582938624;33566720;540700672;0;0;0;0;0;0;0;0;0;0;0;2575;0;0;0;0;0;0;
28811;2857238;582938624;33566720;540700672;0;0;0;0;0;0;0;0;0;0;0;3046;0;0;0;0;0;0;
28812;4454825;582938624;33566720;540700672;0;0;0;0;0;0;0;0;0;0;0;2926;0;0;0;0;0;0;
28813;2783159;582938624;33566720;540700672;0;0;0;0;0;0;0;0;0;0;0;3176;0;0;0;0;0;0;
28814;4729931;582938624;33566720;540700672;0;0;0;0;0;0;0;0;0;0;0;3847;0;0;0;0;0;0;
28815;3117818;582938624;33566720;540700672;0;0;0;0;0;0;0;0;0;0;0;3076;0;0;0;0;0;0;
28816;4824418;582938624;33566720;540700672;0;0;0;0;0;0;0;0;0;0;0;3357;0;0;0;0;0;0;
28817;3140860;582938624;33566720;540700672;0;0;0;0;0;0;0;0;0;0;0;4298;0;0;0;0;0;0;
28818;4633219;582938624;33566720;540700672;0;0;0;0;0;0;0;0;0;0;0;3827;0;0;0;0;0;0;
28819;3160898;582938624;33566720;540700672;0;0;0;0;0;0;0;0;0;0;0;4268;0;0;0;0;0;0;
28820;4687441;582938624;33566720;540700672;0;0;0;0;0;0;0;0;0;0;0;4067;0;0;0;0;0;0;
28821;2953879;582938624;33566720;540700672;0;0;0;0;0;0;0;0;0;0;0;4608;0;0;0;0;0;0;
28822;4656182;582938624;33566720;540700672;0;0;0;0;0;0;0;0;0;0;0;2795;0;0;0;0;0;0;
28823;3276935;582938624;33566720;540700672;0;0;0;0;0;0;0;0;0;0;0;3757;0;0;0;0;0;0;
28824;4462790;582938624;33566720;540700672;0;0;0;0;0;0;0;0;0;0;0;3276;0;0;0;0;0;0;
28825;3112177;582938624;33566720;540700672;0;0;0;0;0;0;0;0;0;0;0;2845;0;0;0;0;0;0;
28826;4373632;582938624;33566720;540700672;0;0;0;0;0;0;0;0;0;0;0;2174;0;0;0;0;0;0;
28827;3278980;582938624;33566720;540700672;0;0;0;0;0;0;0;0;0;0;0;3005;0;0;0;0;0;0;
28828;4843033;582938624;33566720;540700672;0;0;0;0;0;0;0;0;0;0;0;3026;0;0;0;0;0;0;
28829;3575225;582938624;33566720;540700672;0;0;0;0;0;0;0;0;0;0;0;2625;0;0;0;0;0;0;
28830;4533943;582938624;33566720;540700672;0;0;0;0;0;0;0;0;0;0;0;3416;0;0;0;0;0;0;
28831;4028184;582938624;33566720;540700672;0;0;0;0;0;0;0;0;0;0;0;3035;0;0;0;0;0;0;
28832;4499798;582938624;33566720;540700672;0;0;0;0;0;0;0;0;0;0;0;2876;0;0;0;0;0;0;
28833;3489003;582938624;33566720;540700672;0;0;0;0;0;0;0;0;0;0;0;3457;0;0;0;0;0;0;
28834;4424006;582938624;33566720;540700672;0;0;0;0;0;0;0;0;0;0;0;2795;0;0;0;0;0;0;
28835;2870553;582938624;33566720;540700672;0;0;0;0;0;0;0;0;0;0;0;3777;0;0;0;0;0;0;
28836;4393309;582938624;33566720;540700672;0;0;0;0;0;0;0;0;0;0;0;2505;0;0;0;0;0;0;
28837;2805972;582938624;33566720;540700672;0;0;0;0;0;0;0;0;0;0;0;3536;0;0;0;0;0;0;
28838;4650682;582938624;33566720;540700672;0;0;0;0;0;0;0;0;0;0;0;3266;0;0;0;0;0;0;
28839;2553669;582938624;33566720;540700672;0;0;0;0;0;0;0;0;0;0;0;2956;0;0;0;0;0;0;
28840;4794191;582938624;33566720;540700672;0;0;0;0;0;0;0;0;0;0;0;3146;0;0;0;0;0;0;
28841;2738596;582938624;33566720;540700672;0;0;0;0;0;0;0;0;0;0;0;3016;0;0;0;0;0;0;
28842;5105625;582938624;33566720;540700672;0;0;0;0;0;0;0;0;0;0;0;3857;0;0;0;0;0;0;
28843;2941196;582938624;33566720;540700672;0;0;0;0;0;0;0;0;0;0;0;2735;0;0;0;0;0;0;
28844;5106427;582938624;33566720;540700672;0;0;0;0;0;0;0;0;0;0;0;3647;0;0;0;0;0;0;
28845;2716525;582938624;33566720;540700672;0;0;0;0;0;0;0;0;0;0;0;3005;0;0;0;0;0;0;
28846;5228786;582938624;33566720;540700672;0;0;0;0;0;0;0;0;0;0;0;3096;0;0;0;0;0;0;
28847;2852519;582938624;33566720;540700672;0;0;0;0;0;0;0;0;0;0;0;4098;0;0;0;0;0;0;
28848;4827012;582938624;33566720;540700672;0;0;0;0;0;0;0;0;0;0;0;4088;0;0;0;0;0;0;
28849;2761148;582938624;33566720;540700672;0;0;0;0;0;0;0;0;0;0;0;3647;0;0;0;0;0;0;
28850;5291483;582938624;33566720;540700672;0;0;0;0;0;0;0;0;0;0;0;4108;0;0;0;0;0;0;
28851;3218496;582938624;33566720;540700672;0;0;0;0;0;0;0;0;0;0;0;2485;0;0;0;0;0;0;
28852;5043348;582938624;33566720;540700672;0;0;0;0;0;0;0;0;0;0;0;4448;0;0;0;0;0;0;
28853;2527801;582938624;33566720;540700672;0;0;0;0;0;0;0;0;0;0;0;3987;0;0;0;0;0;0;
28854;4806624;582938624;33566720;540700672;0;0;0;0;0;0;0;0;0;0;0;3136;0;0;0;0;0;0;
28855;2576772;582938624;33566720;540700672;0;0;0;0;0;0;0;0;0;0;0;3967;0;0;0;0;0;0;
28856;4606769;582938624;33566720;540700672;0;0;0;0;0;0;0;0;0;0;0;3838;0;0;0;0;0;0;
28857;2725030;582938624;33566720;540700672;0;0;0;0;0;0;0;0;0;0;0;4579;0;0;0;0;0;0;
28858;4699212;582938624;33566720;540700672;0;0;0;0;0;0;0;0;0;0;0;2605;0;0;0;0;0;0;
28859;2493386;582938624;33566720;540700672;0;0;0;0;0;0;0;0;0;0;0;3026;0;0;0;0;0;0;
28860;4889309;582938624;33566720;540700672;0;0;0;0;0;0;0;0;0;0;0;4078;0;0;0;0;0;0;
28861;2404479;582938624;33566720;540700672;0;0;0;0;0;0;0;0;0;0;0;3557;0;0;0;0;0;0;
28862;4481525;582938624;33566720;540700672;0;0;0;0;0;0;0;0;0;0;0;4338;0;0;0;0;0;0;
28863;2460474;582938624;33566720;540700672;0;0;0;0;0;0;0;0;0;0;0;2555;0;0;0;0;0;0;
28864;4344327;582938624;33566720;540700672;0;0;0;0;0;0;0;0;0;0;0;2785;0;0;0;0;0;0;
28865;3256387;582938624;33566720;540700672;0;0;0;0;0;0;0;0;0;0;0;2995;0;0;0;0;0;0;
28866;4488017;582938624;33566720;540700672;0;0;0;0;0;0;0;0;0;0;0;2564;0;0;0;0;0;0;
28867;3211924;582938624;33566720;540700672;0;0;0;0;0;0;0;0;0;0;0;3076;0;0;0;0;0;0;
28868;4372730;582938624;33566720;540700672;0;0;0;0;0;0;0;0;0;0;0;2755;0;0;0;0;0;0;
28869;3313915;582938624;33566720;540700672;0;0;0;0;0;0;0;0;0;0;0;3767;0;0;0;0;0;0;
28870;4541337;582938624;33566720;540700672;0;0;0;0;0;0;0;0;0;0;0;2575;0;0;0;0;0;0;
28871;2974849;582938624;33566720;540700672;0;0;0;0;0;0;0;0;0;0;0;3747;0;0;0;0;0;0;
28872;4563889;582938624;33566720;540700672;0;0;0;0;0;0;0;0;0;0;0;2986;0;0;0;0;0;0;
28873;3235558;582938624;33566720;540700672;0;0;0;0;0;0;0;0;0;0;0;3075;0;0;0;0;0;0;
28874;4592112;582938624;33566720;540700672;0;0;0;0;0;0;0;0;0;0;0;2455;0;0;0;0;0;0;
28875;2928822;582938624;33566720;540700672;0;0;0;0;0;0;0;0;0;0;0;2916;0;0;0;0;0;0;
28876;4475554;582938624;33566720;540700672;0;0;0;0;0;0;0;0;0;0;0;2755;0;0;0;0;0;0;
28877;3097509;582938624;33566720;540700672;0;0;0;0;0;0;0;0;0;0;0;3256;0;0;0;0;0;0;
28878;4754557;582938624;33566720;540700672;0;0;0;0;0;0;0;0;0;0;0;1854;0;0;0;0;0;0;
28879;2668224;582938624;33566720;540700672;0;0;0;0;0;0;0;0;0;0;0;3457;0;0;0;0;0;0;
28880;4470554;582938624;33566720;540700672;0;0;0;0;0;0;0;0;0;0;0;2625;0;0;0;0;0;0;
28881;3384548;582938624;33566720;540700672;0;0;0;0;0;0;0;0;0;0;0;3587;0;0;0;0;0;0;
28882;5068134;582938624;33566720;540700672;0;0;0;0;0;0;0;0;0;0;0;3837;0;0;0;0;0;0;
28883;3236039;582938624;33566720;540700672;0;0;0;0;0;0;0;0;0;0;0;4188;0;0;0;0;0;0;
28884;4677532;582938624;33566720;540700672;0;0;0;0;0;0;0;0;0;0;0;3477;0;0;0;0;0;0;
28885;3238564;582938624;33566720;540700672;0;0;0;0;0;0;0;0;0;0;0;4068;0;0;0;0;0;0;
28886;5064889;582938624;33566720;540700672;0;0;0;0;0;0;0;0;0;0;0;4738;0;0;0;0;0;0;
28887;3116695;582938624;33566720;540700672;0;0;0;0;0;0;0;0;0;0;0;3186;0;0;0;0;0;0;
28888;4681320;582938624;33566720;540700672;0;0;0;0;0;0;0;0;0;0;0;3847;0;0;0;0;0;0;
28889;3017449;582938624;33566720;540700672;0;0;0;0;0;0;0;0;0;0;0;3476;0;0;0;0;0;0;
28890;4507293;582938624;33566720;540700672;0;0;0;0;0;0;0;0;0;0;0;2886;0;0;0;0;0;0;
28891;2589536;582938624;33566720;540700672;0;0;0;0;0;0;0;0;0;0;0;3136;0;0;0;0;0;0;
28892;4637237;582938624;33566720;540700672;0;0;0;0;0;0;0;0;0;0;0;2855;0;0;0;0;0;0;
28893;2757502;582938624;33566720;540700672;0;0;0;0;0;0;0;0;0;0;0;3767;0;0;0;0;0;0;
28894;4970332;582938624;33566720;540700672;0;0;0;0;0;0;0;0;0;0;0;3086;0;0;0;0;0;0;
28895;2839855;582938624;33566720;540700672;0;0;0;0;0;0;0;0;0;0;0;3386;0;0;0;0;0;0;
28896;4797678;582938624;33566720;540700672;0;0;0;0;0;0;0;0;0;0;0;2725;0;0;0;0;0;0;
28897;3112226;582938624;33566720;540700672;0;0;0;0;0;0;0;0;0;0;0;3085;0;0;0;0;0;0;
28898;5047747;582938624;33566720;540700672;0;0;0;0;0;0;0;0;0;0;0;3847;0;0;0;0;0;0;
28899;3570696;582938624;33566720;540700672;0;0;0;0;0;0;0;0;0;0;0;2955;0;0;0;0;0;0;
28900;4684746;582938624;33566720;540700672;0;0;0;0;0;0;0;0;0;0;0;2775;0;0;0;0;0;0;
28901;3615531;582938624;33566720;540700672;0;0;0;0;0;0;0;0;0;0;0;4228;0;0;0;0;0;0;
28902;4750439;582938624;33566720;540700672;0;0;0;0;0;0;0;0;0;0;0;3787;0;0;0;0;0;0;
28903;3922526;582938624;33566720;540700672;0;0;0;0;0;0;0;0;0;0;0;3296;0;0;0;0;0;0;
28904;4681459;582938624;33566720;540700672;0;0;0;0;0;0;0;0;0;0;0;2525;0;0;0;0;0;0;
28905;3870789;582938624;33566720;540700672;0;0;0;0;0;0;0;0;0;0;0;3727;0;0;0;0;0;0;
28906;4664938;582938624;33566720;540700672;0;0;0;0;0;0;0;0;0;0;0;2995;0;0;0;0;0;0;
28907;3614128;582938624;33566720;540700672;0;0;0;0;0;0;0;0;0;0;0;3687;0;0;0;0;0;0;
28908;4533102;582938624;33566720;540700672;0;0;0;0;0;0;0;0;0;0;0;2915;0;0;0;0;0;0;
28909;3646378;582938624;33566720;540700672;0;0;0;0;0;0;0;0;0;0;0;3657;0;0;0;0;0;0;
28910;4740781;582938624;33566720;540700672;0;0;0;0;0;0;0;0;0;0;0;2875;0;0;0;0;0;0;
28911;3422900;582938624;33566720;540700672;0;0;0;0;0;0;0;0;0;0;0;4428;0;0;0;0;0;0;
28912;4517122;582938624;33566720;540700672;0;0;0;0;0;0;0;0;0;0;0;2144;0;0;0;0;0;0;
28913;3376252;582938624;33566720;540700672;0;0;0;0;0;0;0;0;0;0;0;3176;0;0;0;0;0;0;
28914;4473720;582938624;33566720;540700672;0;0;0;0;0;0;0;0;0;0;0;2465;0;0;0;0;0;0;
28915;3146772;582938624;33566720;540700672;0;0;0;0;0;0;0;0;0;0;0;3637;0;0;0;0;0;0;
28916;4400092;582938624;33566720;540700672;0;0;0;0;0;0;0;0;0;0;0;2454;0;0;0;0;0;0;
28917;2814408;582938624;33566720;540700672;0;0;0;0;0;0;0;0;0;0;0;2816;0;0;0;0;0;0;
28918;4687070;582938624;33566720;540700672;0;0;0;0;0;0;0;0;0;0;0;2725;0;0;0;0;0;0;
28919;2699793;582938624;33566720;540700672;0;0;0;0;0;0;0;0;0;0;0;3737;0;0;0;0;0;0;
28920;4180009;582938624;33566720;540700672;0;0;0;0;0;0;0;0;0;0;0;2034;0;0;0;0;0;0;
28921;2768983;582938624;33566720;540700672;0;0;0;0;0;0;0;0;0;0;0;2885;0;0;0;0;0;0;
28922;4339428;582938624;33566720;540700672;0;0;0;0;0;0;0;0;0;0;0;2594;0;0;0;0;0;0;
28923;2993784;582938624;33566720;540700672;0;0;0;0;0;0;0;0;0;0;0;3567;0;0;0;0;0;0;
28924;4566294;582938624;33566720;540700672;0;0;0;0;0;0;0;0;0;0;0;2685;0;0;0;0;0;0;
28925;2993984;582938624;33566720;540700672;0;0;0;0;0;0;0;0;0;0;0;3306;0;0;0;0;0;0;
28926;4558539;582938624;33566720;540700672;0;0;0;0;0;0;0;0;0;0;0;2715;0;0;0;0;0;0;
28927;2766619;582938624;33566720;540700672;0;0;0;0;0;0;0;0;0;0;0;3236;0;0;0;0;0;0;
28928;4206930;582938624;33566720;540700672;0;0;0;0;0;0;0;0;0;0;0;2245;0;0;0;0;0;0;
28929;2771167;582938624;33566720;540700672;0;0;0;0;0;0;0;0;0;0;0;3246;0;0;0;0;0;0;
28930;4468199;582938624;33566720;540700672;0;0;0;0;0;0;0;0;0;0;0;2495;0;0;0;0;0;0;
28931;2584337;582938624;33566720;540700672;0;0;0;0;0;0;0;0;0;0;0;3066;0;0;0;0;0;0;
28932;4404260;582938624;33566720;540700672;0;0;0;0;0;0;0;0;0;0;0;3066;0;0;0;0;0;0;
28933;2492715;582938624;33566720;540700672;0;0;0;0;0;0;0;0;0;0;0;3356;0;0;0;0;0;0;
28934;4509436;582938624;33566720;540700672;0;0;0;0;0;0;0;0;0;0;0;3727;0;0;0;0;0;0;
28935;3046153;582938624;33566720;540700672;0;0;0;0;0;0;0;0;0;0;0;3266;0;0;0;0;0;0;
28936;4707458;582938624;33566720;540700672;0;0;0;0;0;0;0;0;0;0;0;3416;0;0;0;0;0;0;
28937;2746590;582938624;33566720;540700672;0;0;0;0;0;0;0;0;0;0;0;2915;0;0;0;0;0;0;
28938;4727816;582938624;33566720;540700672;0;0;0;0;0;0;0;0;0;0;0;3757;0;0;0;0;0;0;
28939;3102919;582938624;33566720;540700672;0;0;0;0;0;0;0;0;0;0;0;3686;0;0;0;0;0;0;
28940;4640523;582938624;33566720;540700672;0;0;0;0;0;0;0;0;0;0;0;3096;0;0;0;0;0;0;
28941;2684634;582938624;33566720;540700672;0;0;0;0;0;0;0;0;0;0;0;2956;0;0;0;0;0;0;
28942;5033279;582938624;33566720;540700672;0;0;0;0;0;0;0;0;0;0;0;3436;0;0;0;0;0;0;
28943;2942027;582938624;33566720;540700672;0;0;0;0;0;0;0;0;0;0;0;2925;0;0;0;0;0;0;
28944;4833404;582938624;33566720;540700672;0;0;0;0;0;0;0;0;0;0;0;2976;0;0;0;0;0;0;
28945;2825038;582938624;33566720;540700672;0;0;0;0;0;0;0;0;0;0;0;3847;0;0;0;0;0;0;
28946;4743355;582938624;33566720;540700672;0;0;0;0;0;0;0;0;0;0;0;2665;0;0;0;0;0;0;
28947;2904718;582938624;33566720;540700672;0;0;0;0;0;0;0;0;0;0;0;3657;0;0;0;0;0;0;
28948;4590348;582938624;33566720;540700672;0;0;0;0;0;0;0;0;0;0;0;3276;0;0;0;0;0;0;
28949;2996009;582938624;33566720;540700672;0;0;0;0;0;0;0;0;0;0;0;3376;0;0;0;0;0;0;
28950;5132245;582938624;33566720;540700672;0;0;0;0;0;0;0;0;0;0;0;3406;0;0;0;0;0;0;
28951;2911370;582938624;33566720;540700672;0;0;0;0;0;0;0;0;0;0;0;3407;0;0;0;0;0;0;
28952;5115273;582938624;33566720;540700672;0;0;0;0;0;0;0;0;0;0;0;3286;0;0;0;0;0;0;
28953;3087210;582938624;33566720;540700672;0;0;0;0;0;0;0;0;0;0;0;3387;0;0;0;0;0;0;
28954;5310689;582938624;33566720;540700672;0;0;0;0;0;0;0;0;0;0;0;3737;0;0;0;0;0;0;
28955;3457905;582938624;33566720;540700672;0;0;0;0;0;0;0;0;0;0;0;4008;0;0;0;0;0;0;
28956;5087531;582938624;33566720;540700672;0;0;0;0;0;0;0;0;0;0;0;4138;0;0;0;0;0;0;
28957;3303646;582938624;33566720;540700672;0;0;0;0;0;0;0;0;0;0;0;3106;0;0;0;0;0;0;
28958;5113469;582938624;33566720;540700672;0;0;0;0;0;0;0;0;0;0;0;3837;0;0;0;0;0;0;
28959;2896973;582938624;33566720;540700672;0;0;0;0;0;0;0;0;0;0;0;2895;0;0;0;0;0;0;
28960;5039061;582938624;33566720;540700672;0;0;0;0;0;0;0;0;0;0;0;3857;0;0;0;0;0;0;
28961;2907823;582938624;33566720;540700672;0;0;0;0;0;0;0;0;0;0;0;3908;0;0;0;0;0;0;
28962;4973507;582938624;33566720;540700672;0;0;0;0;0;0;0;0;0;0;0;3136;0;0;0;0;0;0;
28963;2852530;582938624;33566720;540700672;0;0;0;0;0;0;0;0;0;0;0;2935;0;0;0;0;0;0;
28964;4706136;582938624;33566720;540700672;0;0;0;0;0;0;0;0;0;0;0;3777;0;0;0;0;0;0;
28965;2833754;582938624;33566720;540700672;0;0;0;0;0;0;0;0;0;0;0;3336;0;0;0;0;0;0;
28966;4594486;582938624;33566720;540700672;0;0;0;0;0;0;0;0;0;0;0;3246;0;0;0;0;0;0;
28967;2791816;582938624;33566720;540700672;0;0;0;0;0;0;0;0;0;0;0;3797;0;0;0;0;0;0;
28968;4927201;582938624;33566720;540700672;0;0;0;0;0;0;0;0;0;0;0;4769;0;0;0;0;0;0;
28969;2897865;582938624;33566720;540700672;0;0;0;0;0;0;0;0;0;0;0;5040;0;0;0;0;0;0;
28970;4887836;582938624;33566720;540700672;0;0;0;0;0;0;0;0;0;0;0;4168;0;0;0;0;0;0;
28971;2919325;582938624;33566720;540700672;0;0;0;0;0;0;0;0;0;0;0;3978;0;0;0;0;0;0;
28972;5275153;582938624;33566720;540700672;0;0;0;0;0;0;0;0;0;0;0;3606;0;0;0;0;0;0;
28973;3031846;582938624;33566720;540700672;0;0;0;0;0;0;0;0;0;0;0;3306;0;0;0;0;0;0;
28974;4734008;582938624;33566720;540700672;0;0;0;0;0;0;0;0;0;0;0;4238;0;0;0;0;0;0;
28975;3037566;582938624;33566720;540700672;0;0;0;0;0;0;0;0;0;0;0;3055;0;0;0;0;0;0;
28976;4783752;582938624;33566720;540700672;0;0;0;0;0;0;0;0;0;0;0;3366;0;0;0;0;0;0;
28977;2798188;582938624;33566720;540700672;0;0;0;0;0;0;0;0;0;0;0;4048;0;0;0;0;0;0;
28978;4752733;582938624;33566720;540700672;0;0;0;0;0;0;0;0;0;0;0;4298;0;0;0;0;0;0;
28979;2764785;582938624;33566720;540700672;0;0;0;0;0;0;0;0;0;0;0;3928;0;0;0;0;0;0;
28980;4912152;582938624;33566720;540700672;0;0;0;0;0;0;0;0;0;0;0;3056;0;0;0;0;0;0;
28981;2970090;582938624;33566720;540700672;0;0;0;0;0;0;0;0;0;0;0;3456;0;0;0;0;0;0;
28982;5141472;582938624;33566720;540700672;0;0;0;0;0;0;0;0;0;0;0;4258;0;0;0;0;0;0;
28983;2920346;582938624;33566720;540700672;0;0;0;0;0;0;0;0;0;0;0;2795;0;0;0;0;0;0;
28984;5031716;582938624;33566720;540700672;0;0;0;0;0;0;0;0;0;0;0;4207;0;0;0;0;0;0;
28985;3035082;582938624;33566720;540700672;0;0;0;0;0;0;0;0;0;0;0;3797;0;0;0;0;0;0;
28986;5198349;582938624;33566720;540700672;0;0;0;0;0;0;0;0;0;0;0;3226;0;0;0;0;0;0;
28987;2970571;582938624;33566720;540700672;0;0;0;0;0;0;0;0;0;0;0;3216;0;0;0;0;0;0;
28988;5000568;582938624;33566720;540700672;0;0;0;0;0;0;0;0;0;0;0;3356;0;0;0;0;0;0;
28989;2830799;582938624;33566720;540700672;0;0;0;0;0;0;0;0;0;0;0;4097;0;0;0;0;0;0;
28990;4768522;582938624;33566720;540700672;0;0;0;0;0;0;0;0;0;0;0;3547;0;0;0;0;0;0;
28991;3253030;582938624;33566720;540700672;0;0;0;0;0;0;0;0;0;0;0;2605;0;0;0;0;0;0;
28992;4845487;582938624;33566720;540700672;0;0;0;0;0;0;0;0;0;0;0;2745;0;0;0;0;0;0;
28993;2826291;582938624;33566720;540700672;0;0;0;0;0;0;0;0;0;0;0;2966;0;0;0;0;0;0;
28994;4801525;582938624;33566720;540700672;0;0;0;0;0;0;0;0;0;0;0;4408;0;0;0;0;0;0;
28995;2734879;582938624;33566720;540700672;0;0;0;0;0;0;0;0;0;0;0;4308;0;0;0;0;0;0;
28996;4779593;582938624;33566720;540700672;0;0;0;0;0;0;0;0;0;0;0;3186;0;0;0;0;0;0;
28997;2668595;582938624;33566720;540700672;0;0;0;0;0;0;0;0;0;0;0;2595;0;0;0;0;0;0;
28998;4847481;582938624;33566720;540700672;0;0;0;0;0;0;0;0;0;0;0;3727;0;0;0;0;0;0;
28999;5576338;582938624;33566720;540700672;0;0;0;0;0;0;0;0;0;0;0;2695;0;0;0;0;0;0;
29000;7513691;582938624;33566720;540700672;0;0;0;0;0;0;0;0;0;0;0;2725;0;0;0;0;0;0;
29001;3024522;582938624;33566720;540700672;0;0;0;0;0;0;0;0;0;0;0;3426;0;0;0;0;0;0;
29002;4496613;582938624;33566720;540700672;0;0;0;0;0;0;0;0;0;0;0;2765;0;0;0;0;0;0;
29003;3088523;582938624;33566720;540700672;0;0;0;0;0;0;0;0;0;0;0;3978;0;0;0;0;0;0;
29004;4453252;582938624;33566720;540700672;0;0;0;0;0;0;0;0;0;0;0;4238;0;0;0;0;0;0;
29005;3229106;582938624;33566720;540700672;0;0;0;0;0;0;0;0;0;0;0;3417;0;0;0;0;0;0;
29006;4845247;582938624;33566720;540700672;0;0;0;0;0;0;0;0;0;0;0;3186;0;0;0;0;0;0;
29007;3447986;582938624;33566720;540700672;0;0;0;0;0;0;0;0;0;0;0;3537;0;0;0;0;0;0;
29008;5051674;582938624;33566720;540700672;0;0;0;0;0;0;0;0;0;0;0;4078;0;0;0;0;0;0;
29009;3008031;582938624;33566720;540700672;0;0;0;0;0;0;0;0;0;0;0;3176;0;0;0;0;0;0;
29010;4575872;582938624;33566720;540700672;0;0;0;0;0;0;0;0;0;0;0;2755;0;0;0;0;0;0;
29011;2872447;582938624;33566720;540700672;0;0;0;0;0;0;0;0;0;0;0;3146;0;0;0;0;0;0;
29012;4778081;582938624;33566720;540700672;0;0;0;0;0;0;0;0;0;0;0;3477;0;0;0;0;0;0;
29013;2988595;582938624;33566720;540700672;0;0;0;0;0;0;0;0;0;0;0;3507;0;0;0;0;0;0;
29014;4880343;582938624;33566720;540700672;0;0;0;0;0;0;0;0;0;0;0;3426;0;0;0;0;0;0;
29015;2998965;582938624;33566720;540700672;0;0;0;0;0;0;0;0;0;0;0;3537;0;0;0;0;0;0;
29016;4479541;582938624;33566720;540700672;0;0;0;0;0;0;0;0;0;0;0;2755;0;0;0;0;0;0;
29017;2795142;582938624;33566720;540700672;0;0;0;0;0;0;0;0;0;0;0;3055;0;0;0;0;0;0;
29018;4457269;582938624;33566720;540700672;0;0;0;0;0;0;0;0;0;0;0;2595;0;0;0;0;0;0;
29019;2714430;582938624;33566720;540700672;0;0;0;0;0;0;0;0;0;0;0;3116;0;0;0;0;0;0;
29020;4508034;582938624;33566720;540700672;0;0;0;0;0;0;0;0;0;0;0;2574;0;0;0;0;0;0;
29021;2760417;582938624;33566720;540700672;0;0;0;0;0;0;0;0;0;0;0;2515;0;0;0;0;0;0;
29022;4387609;582938624;33566720;540700672;0;0;0;0;0;0;0;0;0;0;0;2194;0;0;0;0;0;0;
29023;2617950;582938624;33566720;540700672;0;0;0;0;0;0;0;0;0;0;0;3056;0;0;0;0;0;0;
29024;4383731;582938624;33566720;540700672;0;0;0;0;0;0;0;0;0;0;0;2936;0;0;0;0;0;0;
29025;2957877;582938624;33566720;540700672;0;0;0;0;0;0;0;0;0;0;0;2685;0;0;0;0;0;0;
29026;4627358;582938624;33566720;540700672;0;0;0;0;0;0;0;0;0;0;0;2816;0;0;0;0;0;0;
29027;3349722;582938624;33566720;540700672;0;0;0;0;0;0;0;0;0;0;0;2925;0;0;0;0;0;0;
29028;4335651;582938624;33566720;540700672;0;0;0;0;0;0;0;0;0;0;0;3056;0;0;0;0;0;0;
29029;3375380;582938624;33566720;540700672;0;0;0;0;0;0;0;0;0;0;0;3476;0;0;0;0;0;0;
29030;4580400;582938624;33566720;540700672;0;0;0;0;0;0;0;0;0;0;0;2746;0;0;0;0;0;0;
29031;3627814;582938624;33566720;540700672;0;0;0;0;0;0;0;0;0;0;0;3056;0;0;0;0;0;0;
29032;4537419;582938624;33566720;540700672;0;0;0;0;0;0;0;0;0;0;0;2314;0;0;0;0;0;0;
29033;2984286;582938624;33566720;540700672;0;0;0;0;0;0;0;0;0;0;0;3967;0;0;0;0;0;0;
29034;4388500;582938624;33566720;540700672;0;0;0;0;0;0;0;0;0;0;0;2925;0;0;0;0;0;0;
29035;3045993;582938624;33566720;540700672;0;0;0;0;0;0;0;0;0;0;0;2795;0;0;0;0;0;0;
29036;4658516;582938624;33566720;540700672;0;0;0;0;0;0;0;0;0;0;0;3096;0;0;0;0;0;0;
29037;2929534;582938624;33566720;540700672;0;0;0;0;0;0;0;0;0;0;0;3146;0;0;0;0;0;0;
29038;4288072;582938624;33566720;540700672;0;0;0;0;0;0;0;0;0;0;0;2755;0;0;0;0;0;0;
29039;2940264;582938624;33566720;540700672;0;0;0;0;0;0;0;0;0;0;0;3076;0;0;0;0;0;0;
29040;4384112;582938624;33566720;540700672;0;0;0;0;0;0;0;0;0;0;0;3086;0;0;0;0;0;0;
29041;3640227;582938624;33566720;540700672;0;0;0;0;0;0;0;0;0;0;0;3226;0;0;0;0;0;0;
29042;4709702;582938624;33566720;540700672;0;0;0;0;0;0;0;0;0;0;0;2805;0;0;0;0;0;0;
29043;3424021;582938624;33566720;540700672;0;0;0;0;0;0;0;0;0;0;0;3557;0;0;0;0;0;0;
29044;4405933;582938624;33566720;540700672;0;0;0;0;0;0;0;0;0;0;0;2755;0;0;0;0;0;0;
29045;3413902;582938624;33566720;540700672;0;0;0;0;0;0;0;0;0;0;0;2695;0;0;0;0;0;0;
29046;4485042;582938624;33566720;540700672;0;0;0;0;0;0;0;0;0;0;0;2464;0;0;0;0;0;0;
29047;3539588;582938624;33566720;540700672;0;0;0;0;0;0;0;0;0;0;0;3186;0;0;0;0;0;0;
29048;4483388;582938624;33566720;540700672;0;0;0;0;0;0;0;0;0;0;0;2856;0;0;0;0;0;0;
29049;3516415;582938624;33566720;540700672;0;0;0;0;0;0;0;0;0;0;0;3055;0;0;0;0;0;0;
29050;4418907;582938624;33566720;540700672;0;0;0;0;0;0;0;0;0;0;0;2935;0;0;0;0;0;0;
29051;3107668;582938624;33566720;540700672;0;0;0;0;0;0;0;0;0;0;0;3226;0;0;0;0;0;0;
29052;4368553;582938624;33566720;540700672;0;0;0;0;0;0;0;0;0;0;0;1843;0;0;0;0;0;0;
29053;2730591;582938624;33566720;540700672;0;0;0;0;0;0;0;0;0;0;0;3387;0;0;0;0;0;0;
29054;4706627;582938624;33566720;540700672;0;0;0;0;0;0;0;0;0;0;0;2786;0;0;0;0;0;0;
29055;2579136;582938624;33566720;540700672;0;0;0;0;0;0;0;0;0;0;0;3106;0;0;0;0;0;0;
29056;4818697;582938624;33566720;540700672;0;0;0;0;0;0;0;0;0;0;0;3687;0;0;0;0;0;0;
29057;2823025;582938624;33566720;540700672;0;0;0;0;0;0;0;0;0;0;0;3497;0;0;0;0;0;0;
29058;4889780;582938624;33566720;540700672;0;0;0;0;0;0;0;0;0;0;0;3546;0;0;0;0;0;0;
29059;2802896;582938624;33566720;540700672;0;0;0;0;0;0;0;0;0;0;0;3566;0;0;0;0;0;0;
29060;5306893;582938624;33566720;540700672;0;0;0;0;0;0;0;0;0;0;0;3317;0;0;0;0;0;0;
29061;3240727;582938624;33566720;540700672;0;0;0;0;0;0;0;0;0;0;0;3347;0;0;0;0;0;0;
29062;5309698;582938624;33566720;540700672;0;0;0;0;0;0;0;0;0;0;0;3707;0;0;0;0;0;0;
29063;3408873;582938624;33566720;540700672;0;0;0;0;0;0;0;0;0;0;0;3346;0;0;0;0;0;0;
29064;4697119;582938624;33566720;540700672;0;0;0;0;0;0;0;0;0;0;0;3527;0;0;0;0;0;0;
29065;2824968;582938624;33566720;540700672;0;0;0;0;0;0;0;0;0;0;0;3086;0;0;0;0;0;0;
29066;5057815;582938624;33566720;540700672;0;0;0;0;0;0;0;0;0;0;0;3406;0;0;0;0;0;0;
29067;3500154;582938624;33566720;540700672;0;0;0;0;0;0;0;0;0;0;0;3406;0;0;0;0;0;0;
29068;4763784;582938624;33566720;540700672;0;0;0;0;0;0;0;0;0;0;0;3777;0;0;0;0;0;0;
29069;2723798;582938624;33566720;540700672;0;0;0;0;0;0;0;0;0;0;0;3096;0;0;0;0;0;0;
29070;4821662;582938624;33566720;540700672;0;0;0;0;0;0;0;0;0;0;0;3006;0;0;0;0;0;0;
29071;2864372;582938624;33566720;540700672;0;0;0;0;0;0;0;0;0;0;0;3106;0;0;0;0;0;0;
29072;5062945;582938624;33566720;540700672;0;0;0;0;0;0;0;0;0;0;0;4188;0;0;0;0;0;0;
29073;2693842;582938624;33566720;540700672;0;0;0;0;0;0;0;0;0;0;0;3076;0;0;0;0;0;0;
29074;4552127;582938624;33566720;540700672;0;0;0;0;0;0;0;0;0;0;0;3336;0;0;0;0;0;0;
29075;2934143;582938624;33566720;540700672;0;0;0;0;0;0;0;0;0;0;0;3327;0;0;0;0;0;0;
29076;4568718;582938624;33566720;540700672;0;0;0;0;0;0;0;0;0;0;0;2585;0;0;0;0;0;0;
29077;2763883;582938624;33566720;540700672;0;0;0;0;0;0;0;0;0;0;0;3206;0;0;0;0;0;0;
29078;4514096;582938624;33566720;540700672;0;0;0;0;0;0;0;0;0;0;0;2124;0;0;0;0;0;0;
29079;2786426;582938624;33566720;540700672;0;0;0;0;0;0;0;0;0;0;0;3877;0;0;0;0;0;0;
29080;4892555;582938624;33566720;540700672;0;0;0;0;0;0;0;0;0;0;0;3516;0;0;0;0;0;0;
29081;3138385;582938624;33566720;540700672;0;0;0;0;0;0;0;0;0;0;0;2314;0;0;0;0;0;0;
29082;4498968;582938624;33566720;540700672;0;0;0;0;0;0;0;0;0;0;0;2545;0;0;0;0;0;0;
29083;2998494;582938624;33566720;540700672;0;0;0;0;0;0;0;0;0;0;0;3136;0;0;0;0;0;0;
29084;4216127;582938624;33566720;540700672;0;0;0;0;0;0;0;0;0;0;0;2033;0;0;0;0;0;0;
29085;2738666;582938624;33566720;540700672;0;0;0;0;0;0;0;0;0;0;0;2926;0;0;0;0;0;0;
29086;4575090;582938624;33566720;540700672;0;0;0;0;0;0;0;0;0;0;0;2334;0;0;0;0;0;0;
29087;2587683;582938624;33566720;540700672;0;0;0;0;0;0;0;0;0;0;0;2434;0;0;0;0;0;0;
29088;4260259;582938624;33566720;540700672;0;0;0;0;0;0;0;0;0;0;0;2605;0;0;0;0;0;0;
29089;2694803;582938624;33566720;540700672;0;0;0;0;0;0;0;0;0;0;0;2384;0;0;0;0;0;0;
29090;4380845;582938624;33566720;540700672;0;0;0;0;0;0;0;0;0;0;0;2876;0;0;0;0;0;0;
29091;2776156;582938624;33566720;540700672;0;0;0;0;0;0;0;0;0;0;0;2695;0;0;0;0;0;0;
29092;4346491;582938624;33566720;540700672;0;0;0;0;0;0;0;0;0;0;0;2254;0;0;0;0;0;0;
29093;2652425;582938624;33566720;540700672;0;0;0;0;0;0;0;0;0;0;0;3005;0;0;0;0;0;0;
29094;4438153;582938624;33566720;540700672;0;0;0;0;0;0;0;0;0;0;0;2154;0;0;0;0;0;0;
29095;2869682;582938624;33566720;540700672;0;0;0;0;0;0;0;0;0;0;0;3246;0;0;0;0;0;0;
29096;4317296;582938624;33566720;540700672;0;0;0;0;0;0;0;0;0;0;0;2845;0;0;0;0;0;0;
29097;2957827;582938624;33566720;540700672;0;0;0;0;0;0;0;0;0;0;0;3286;0;0;0;0;0;0;
29098;4327967;582938624;33566720;540700672;0;0;0;0;0;0;0;0;0;0;0;2374;0;0;0;0;0;0;
29099;2862398;582938624;33566720;540700672;0;0;0;0;0;0;0;0;0;0;0;2825;0;0;0;0;0;0;
29100;4410200;582938624;33566720;540700672;0;0;0;0;0;0;0;0;0;0;0;2485;0;0;0;0;0;0;
29101;2592152;582938624;33566720;540700672;0;0;0;0;0;0;0;0;0;0;0;2485;0;0;0;0;0;0;
29102;4403659;582938624;33566720;540700672;0;0;0;0;0;0;0;0;0;0;0;2575;0;0;0;0;0;0;
29103;2640952;582938624;33566720;540700672;0;0;0;0;0;0;0;0;0;0;0;2725;0;0;0;0;0;0;
29104;4214684;582938624;33566720;540700672;0;0;0;0;0;0;0;0;0;0;0;2114;0;0;0;0;0;0;
29105;2962035;582938624;33566720;540700672;0;0;0;0;0;0;0;0;0;0;0;2755;0;0;0;0;0;0;
29106;4251634;582938624;33566720;540700672;0;0;0;0;0;0;0;0;0;0;0;2375;0;0;0;0;0;0;
29107;3040162;582938624;33566720;540700672;0;0;0;0;0;0;0;0;0;0;0;2856;0;0;0;0;0;0;
29108;4422273;582938624;33566720;540700672;0;0;0;0;0;0;0;0;0;0;0;2495;0;0;0;0;0;0;
29109;2581912;582938624;33566720;540700672;0;0;0;0;0;0;0;0;0;0;0;2515;0;0;0;0;0;0;
29110;4439736;582938624;33566720;540700672;0;0;0;0;0;0;0;0;0;0;0;2615;0;0;0;0;0;0;
29111;2924174;582938624;33566720;540700672;0;0;0;0;0;0;0;0;0;0;0;3607;0;0;0;0;0;0;
29112;4392848;582938624;33566720;540700672;0;0;0;0;0;0;0;0;0;0;0;2605;0;0;0;0;0;0;
29113;3396841;582938624;33566720;540700672;0;0;0;0;0;0;0;0;0;0;0;3006;0;0;0;0;0;0;
29114;4369154;582938624;33566720;540700672;0;0;0;0;0;0;0;0;0;0;0;2224;0;0;0;0;0;0;
29115;3098922;582938624;33566720;540700672;0;0;0;0;0;0;0;0;0;0;0;3326;0;0;0;0;0;0;
29116;4426251;582938624;33566720;540700672;0;0;0;0;0;0;0;0;0;0;0;2645;0;0;0;0;0;0;
29117;2924624;582938624;33566720;540700672;0;0;0;0;0;0;0;0;0;0;0;3296;0;0;0;0;0;0;
29118;4720593;582938624;33566720;540700672;0;0;0;0;0;0;0;0;0;0;0;3888;0;0;0;0;0;0;
29119;2981161;582938624;33566720;540700672;0;0;0;0;0;0;0;0;0;0;0;3126;0;0;0;0;0;0;
29120;4896112;582938624;33566720;540700672;0;0;0;0;0;0;0;0;0;0;0;3556;0;0;0;0;0;0;
29121;3152252;582938624;33566720;540700672;0;0;0;0;0;0;0;0;0;0;0;3858;0;0;0;0;0;0;
29122;4791025;582938624;33566720;540700672;0;0;0;0;0;0;0;0;0;0;0;3416;0;0;0;0;0;0;
29123;3421757;582938624;33566720;540700672;0;0;0;0;0;0;0;0;0;0;0;3707;0;0;0;0;0;0;
29124;4783591;582938624;33566720;540700672;0;0;0;0;0;0;0;0;0;0;0;3357;0;0;0;0;0;0;
29125;2882816;582938624;33566720;540700672;0;0;0;0;0;0;0;0;0;0;0;3336;0;0;0;0;0;0;
29126;4963509;582938624;33566720;540700672;0;0;0;0;0;0;0;0;0;0;0;3296;0;0;0;0;0;0;
29127;2985629;582938624;33566720;540700672;0;0;0;0;0;0;0;0;0;0;0;3867;0;0;0;0;0;0;
29128;4695346;582938624;33566720;540700672;0;0;0;0;0;0;0;0;0;0;0;3206;0;0;0;0;0;0;
29129;2878007;582938624;33566720;540700672;0;0;0;0;0;0;0;0;0;0;0;3858;0;0;0;0;0;0;
29130;4766900;582938624;33566720;540700672;0;0;0;0;0;0;0;0;0;0;0;3727;0;0;0;0;0;0;
29131;3005386;582938624;33566720;540700672;0;0;0;0;0;0;0;0;0;0;0;3747;0;0;0;0;0;0;
29132;4449515;582938624;33566720;540700672;0;0;0;0;0;0;0;0;0;0;0;2685;0;0;0;0;0;0;
29133;3214559;582938624;33566720;540700672;0;0;0;0;0;0;0;0;0;0;0;3747;0;0;0;0;0;0;
29134;4421131;582938624;33566720;540700672;0;0;0;0;0;0;0;0;0;0;0;2665;0;0;0;0;0;0;
29135;3022288;582938624;33566720;540700672;0;0;0;0;0;0;0;0;0;0;0;3237;0;0;0;0;0;0;
29136;4686459;582938624;33566720;540700672;0;0;0;0;0;0;0;0;0;0;0;2725;0;0;0;0;0;0;
29137;3130591;582938624;33566720;540700672;0;0;0;0;0;0;0;0;0;0;0;3226;0;0;0;0;0;0;
29138;4347794;582938624;33566720;540700672;0;0;0;0;0;0;0;0;0;0;0;2665;0;0;0;0;0;0;
29139;2983585;582938624;33566720;540700672;0;0;0;0;0;0;0;0;0;0;0;3566;0;0;0;0;0;0;
29140;4504919;582938624;33566720;540700672;0;0;0;0;0;0;0;0;0;0;0;2364;0;0;0;0;0;0;
29141;2861246;582938624;33566720;540700672;0;0;0;0;0;0;0;0;0;0;0;3076;0;0;0;0;0;0;
29142;4463070;582938624;33566720;540700672;0;0;0;0;0;0;0;0;0;0;0;2464;0;0;0;0;0;0;
29143;3221281;582938624;33566720;540700672;0;0;0;0;0;0;0;0;0;0;0;3136;0;0;0;0;0;0;
29144;4654499;582938624;33566720;540700672;0;0;0;0;0;0;0;0;0;0;0;4238;0;0;0;0;0;0;
29145;2898095;582938624;33566720;540700672;0;0;0;0;0;0;0;0;0;0;0;3317;0;0;0;0;0;0;
29146;4916400;582938624;33566720;540700672;0;0;0;0;0;0;0;0;0;0;0;4719;0;0;0;0;0;0;
29147;2805701;582938624;33566720;540700672;0;0;0;0;0;0;0;0;0;0;0;2885;0;0;0;0;0;0;
29148;4552788;582938624;33566720;540700672;0;0;0;0;0;0;0;0;0;0;0;2955;0;0;0;0;0;0;
29149;3106386;582938624;33566720;540700672;0;0;0;0;0;0;0;0;0;0;0;3476;0;0;0;0;0;0;
29150;5130101;582938624;33566720;540700672;0;0;0;0;0;0;0;0;0;0;0;3466;0;0;0;0;0;0;
29151;3010135;582938624;33566720;540700672;0;0;0;0;0;0;0;0;0;0;0;4308;0;0;0;0;0;0;
29152;4542950;582938624;33566720;540700672;0;0;0;0;0;0;0;0;0;0;0;2905;0;0;0;0;0;0;
29153;3404154;582938624;33566720;540700672;0;0;0;0;0;0;0;0;0;0;0;3867;0;0;0;0;0;0;
29154;4768222;582938624;33566720;540700672;0;0;0;0;0;0;0;0;0;0;0;3166;0;0;0;0;0;0;
29155;3357146;582938624;33566720;540700672;0;0;0;0;0;0;0;0;0;0;0;2976;0;0;0;0;0;0;
29156;4578125;582938624;33566720;540700672;0;0;0;0;0;0;0;0;0;0;0;2745;0;0;0;0;0;0;
29157;3060901;582938624;33566720;540700672;0;0;0;0;0;0;0;0;0;0;0;3176;0;0;0;0;0;0;
29158;4470734;582938624;33566720;540700672;0;0;0;0;0;0;0;0;0;0;0;2776;0;0;0;0;0;0;
29159;3173752;582938624;33566720;540700672;0;0;0;0;0;0;0;0;0;0;0;3406;0;0;0;0;0;0;
29160;4520869;582938624;33566720;540700672;0;0;0;0;0;0;0;0;0;0;0;3126;0;0;0;0;0;0;
29161;3002782;582938624;33566720;540700672;0;0;0;0;0;0;0;0;0;0;0;3667;0;0;0;0;0;0;
29162;4569941;582938624;33566720;540700672;0;0;0;0;0;0;0;0;0;0;0;3497;0;0;0;0;0;0;
29163;3029381;582938624;33566720;540700672;0;0;0;0;0;0;0;0;0;0;0;3567;0;0;0;0;0;0;
29164;5164856;582938624;33566720;540700672;0;0;0;0;0;0;0;0;0;0;0;3437;0;0;0;0;0;0;
29165;3419694;582938624;33566720;540700672;0;0;0;0;0;0;0;0;0;0;0;4348;0;0;0;0;0;0;
29166;4946848;582938624;33566720;540700672;0;0;0;0;0;0;0;0;0;0;0;4669;0;0;0;0;0;0;
29167;2852469;582938624;33566720;540700672;0;0;0;0;0;0;0;0;0;0;0;4548;0;0;0;0;0;0;
29168;4757352;582938624;33566720;540700672;0;0;0;0;0;0;0;0;0;0;0;3517;0;0;0;0;0;0;
29169;2443632;582938624;33566720;540700672;0;0;0;0;0;0;0;0;0;0;0;3727;0;0;0;0;0;0;
29170;4698441;582938624;33566720;540700672;0;0;0;0;0;0;0;0;0;0;0;2815;0;0;0;0;0;0;
29171;2806223;582938624;33566720;540700672;0;0;0;0;0;0;0;0;0;0;0;8847;0;0;0;0;0;0;
29172;4476466;582938624;33566720;540700672;0;0;0;0;0;0;0;0;0;0;0;2334;0;0;0;0;0;0;
29173;3159225;582938624;33566720;540700672;0;0;0;0;0;0;0;0;0;0;0;4338;0;0;0;0;0;0;
29174;4714582;582938624;33566720;540700672;0;0;0;0;0;0;0;0;0;0;0;3317;0;0;0;0;0;0;
29175;3366173;582938624;33566720;540700672;0;0;0;0;0;0;0;0;0;0;0;3366;0;0;0;0;0;0;
29176;5158043;582938624;33566720;540700672;0;0;0;0;0;0;0;0;0;0;0;4207;0;0;0;0;0;0;
29177;3444560;582938624;33566720;540700672;0;0;0;0;0;0;0;0;0;0;0;3907;0;0;0;0;0;0;
29178;4928062;582938624;33566720;540700672;0;0;0;0;0;0;0;0;0;0;0;3326;0;0;0;0;0;0;
29179;3327571;582938624;33566720;540700672;0;0;0;0;0;0;0;0;0;0;0;2955;0;0;0;0;0;0;
29180;4911220;582938624;33566720;540700672;0;0;0;0;0;0;0;0;0;0;0;3507;0;0;0;0;0;0;
29181;3606944;582938624;33566720;540700672;0;0;0;0;0;0;0;0;0;0;0;4979;0;0;0;0;0;0;
29182;4723418;582938624;33574912;540708864;0;0;0;0;0;0;0;0;0;0;0;3707;0;0;0;0;0;0;
29183;3026166;582938624;33574912;540708864;0;0;0;0;0;0;0;0;0;0;0;4298;0;0;0;0;0;0;
29184;4557487;582938624;33574912;540708864;0;0;0;0;0;0;0;0;0;0;0;3106;0;0;0;0;0;0;
29185;2806103;582938624;33574912;540708864;0;0;0;0;0;0;0;0;0;0;0;3596;0;0;0;0;0;0;
29186;4415731;582938624;33574912;540708864;0;0;0;0;0;0;0;0;0;0;0;3907;0;0;0;0;0;0;
29187;2707046;582938624;33574912;540708864;0;0;0;0;0;0;0;0;0;0;0;2384;0;0;0;0;0;0;
29188;4564861;582938624;33574912;540708864;0;0;0;0;0;0;0;0;0;0;0;3877;0;0;0;0;0;0;
29189;2621266;582938624;33566720;540700672;0;0;0;0;0;0;0;0;0;0;0;3146;0;0;0;0;0;0;
29190;4926058;582938624;33566720;540700672;0;0;0;0;0;0;0;0;0;0;0;3336;0;0;0;0;0;0;
29191;3268640;582938624;33566720;540700672;0;0;0;0;0;0;0;0;0;0;0;2995;0;0;0;0;0;0;
29192;5205582;582938624;33566720;540700672;0;0;0;0;0;0;0;0;0;0;0;2966;0;0;0;0;0;0;
29193;2954951;582938624;33566720;540700672;0;0;0;0;0;0;0;0;0;0;0;2685;0;0;0;0;0;0;
29194;4914156;582938624;33566720;540700672;0;0;0;0;0;0;0;0;0;0;0;3296;0;0;0;0;0;0;
29195;3117627;582938624;33566720;540700672;0;0;0;0;0;0;0;0;0;0;0;3116;0;0;0;0;0;0;
29196;4726925;582938624;33566720;540700672;0;0;0;0;0;0;0;0;0;0;0;3266;0;0;0;0;0;0;
29197;2836389;582938624;33566720;540700672;0;0;0;0;0;0;0;0;0;0;0;4248;0;0;0;0;0;0;
29198;4595198;582938624;33566720;540700672;0;0;0;0;0;0;0;0;0;0;0;3747;0;0;0;0;0;0;
29199;2774513;582938624;33566720;540700672;0;0;0;0;0;0;0;0;0;0;0;2845;0;0;0;0;0;0;
29200;4717116;582938624;33566720;540700672;0;0;0;0;0;0;0;0;0;0;0;3377;0;0;0;0;0;0;
29201;3085306;582938624;33566720;540700672;0;0;0;0;0;0;0;0;0;0;0;3727;0;0;0;0;0;0;
29202;4675097;582938624;33566720;540700672;0;0;0;0;0;0;0;0;0;0;0;2805;0;0;0;0;0;0;
29203;3361644;582938624;33566720;540700672;0;0;0;0;0;0;0;0;0;0;0;2815;0;0;0;0;0;0;
29204;4452050;582938624;33566720;540700672;0;0;0;0;0;0;0;0;0;0;0;2565;0;0;0;0;0;0;
29205;3117526;582938624;33566720;540700672;0;0;0;0;0;0;0;0;0;0;0;3416;0;0;0;0;0;0;
29206;4507042;582938624;33566720;540700672;0;0;0;0;0;0;0;0;0;0;0;2585;0;0;0;0;0;0;
29207;3136923;582938624;33566720;540700672;0;0;0;0;0;0;0;0;0;0;0;4037;0;0;0;0;0;0;
29208;4425549;582938624;33566720;540700672;0;0;0;0;0;0;0;0;0;0;0;2645;0;0;0;0;0;0;
29209;3124349;582938624;33566720;540700672;0;0;0;0;0;0;0;0;0;0;0;3307;0;0;0;0;0;0;
29210;4636134;582938624;33566720;540700672;0;0;0;0;0;0;0;0;0;0;0;2725;0;0;0;0;0;0;
29211;3172149;582938624;33566720;540700672;0;0;0;0;0;0;0;0;0;0;0;2905;0;0;0;0;0;0;
29212;4717947;582938624;33566720;540700672;0;0;0;0;0;0;0;0;0;0;0;4759;0;0;0;0;0;0;
29213;3112978;582938624;33566720;540700672;0;0;0;0;0;0;0;0;0;0;0;3887;0;0;0;0;0;0;
29214;4910930;582938624;33566720;540700672;0;0;0;0;0;0;0;0;0;0;0;3947;0;0;0;0;0;0;
29215;3264071;582938624;33566720;540700672;0;0;0;0;0;0;0;0;0;0;0;4659;0;0;0;0;0;0;
29216;4570963;582938624;33566720;540700672;0;0;0;0;0;0;0;0;0;0;0;3096;0;0;0;0;0;0;
29217;3294899;582938624;33566720;540700672;0;0;0;0;0;0;0;0;0;0;0;3987;0;0;0;0;0;0;
29218;4964791;582938624;33566720;540700672;0;0;0;0;0;0;0;0;0;0;0;3146;0;0;0;0;0;0;
29219;2958207;582938624;33566720;540700672;0;0;0;0;0;0;0;0;0;0;0;4639;0;0;0;0;0;0;
29220;4812646;582938624;33566720;540700672;0;0;0;0;0;0;0;0;0;0;0;2946;0;0;0;0;0;0;
29221;3213366;582938624;33566720;540700672;0;0;0;0;0;0;0;0;0;0;0;3016;0;0;0;0;0;0;
29222;4569049;582938624;33566720;540700672;0;0;0;0;0;0;0;0;0;0;0;3246;0;0;0;0;0;0;
29223;3381352;582938624;33566720;540700672;0;0;0;0;0;0;0;0;0;0;0;3727;0;0;0;0;0;0;
29224;4581372;582938624;33566720;540700672;0;0;0;0;0;0;0;0;0;0;0;2485;0;0;0;0;0;0;
29225;3044740;582938624;33566720;540700672;0;0;0;0;0;0;0;0;0;0;0;3307;0;0;0;0;0;0;
29226;4367441;582938624;33566720;540700672;0;0;0;0;0;0;0;0;0;0;0;2765;0;0;0;0;0;0;
29227;3282606;582938624;33566720;540700672;0;0;0;0;0;0;0;0;0;0;0;3346;0;0;0;0;0;0;
29228;4403959;582938624;33566720;540700672;0;0;0;0;0;0;0;0;0;0;0;2665;0;0;0;0;0;0;
29229;3076951;582938624;33566720;540700672;0;0;0;0;0;0;0;0;0;0;0;3286;0;0;0;0;0;0;
29230;4624583;582938624;33566720;540700672;0;0;0;0;0;0;0;0;0;0;0;3717;0;0;0;0;0;0;
29231;2909076;582938624;33566720;540700672;0;0;0;0;0;0;0;0;0;0;0;3266;0;0;0;0;0;0;
29232;4857189;582938624;33566720;540700672;0;0;0;0;0;0;0;0;0;0;0;3517;0;0;0;0;0;0;
29233;3033078;582938624;33566720;540700672;0;0;0;0;0;0;0;0;0;0;0;3857;0;0;0;0;0;0;
29234;4995428;582938624;33566720;540700672;0;0;0;0;0;0;0;0;0;0;0;3556;0;0;0;0;0;0;
29235;3075959;582938624;33566720;540700672;0;0;0;0;0;0;0;0;0;0;0;3887;0;0;0;0;0;0;
29236;4486083;582938624;33566720;540700672;0;0;0;0;0;0;0;0;0;0;0;2895;0;0;0;0;0;0;
29237;2885271;582938624;33566720;540700672;0;0;0;0;0;0;0;0;0;0;0;3356;0;0;0;0;0;0;
29238;4631727;582938624;33566720;540700672;0;0;0;0;0;0;0;0;0;0;0;2515;0;0;0;0;0;0;
29239;3443398;582938624;33566720;540700672;0;0;0;0;0;0;0;0;0;0;0;3717;0;0;0;0;0;0;
29240;4658757;582938624;33566720;540700672;0;0;0;0;0;0;0;0;0;0;0;2605;0;0;0;0;0;0;
29241;3102649;582938624;33566720;540700672;0;0;0;0;0;0;0;0;0;0;0;3266;0;0;0;0;0;0;
29242;4692771;582938624;33566720;540700672;0;0;0;0;0;0;0;0;0;0;0;3597;0;0;0;0;0;0;
29243;2961785;582938624;33566720;540700672;0;0;0;0;0;0;0;0;0;0;0;3186;0;0;0;0;0;0;
29244;4397056;582938624;33566720;540700672;0;0;0;0;0;0;0;0;0;0;0;2905;0;0;0;0;0;0;
29245;3084655;582938624;33566720;540700672;0;0;0;0;0;0;0;0;0;0;0;3346;0;0;0;0;0;0;
29246;4996861;582938624;33566720;540700672;0;0;0;0;0;0;0;0;0;0;0;3346;0;0;0;0;0;0;
29247;3543224;582938624;33566720;540700672;0;0;0;0;0;0;0;0;0;0;0;3015;0;0;0;0;0;0;
29248;5099654;582938624;33566720;540700672;0;0;0;0;0;0;0;0;0;0;0;4408;0;0;0;0;0;0;
29249;3317782;582938624;33566720;540700672;0;0;0;0;0;0;0;0;0;0;0;3006;0;0;0;0;0;0;
29250;4894619;582938624;33566720;540700672;0;0;0;0;0;0;0;0;0;0;0;2895;0;0;0;0;0;0;
29251;3498191;582938624;33566720;540700672;0;0;0;0;0;0;0;0;0;0;0;5260;0;0;0;0;0;0;
29252;4556946;582938624;33566720;540700672;0;0;0;0;0;0;0;0;0;0;0;3136;0;0;0;0;0;0;
29253;2999064;582938624;33566720;540700672;0;0;0;0;0;0;0;0;0;0;0;3547;0;0;0;0;0;0;
29254;4631906;582938624;33566720;540700672;0;0;0;0;0;0;0;0;0;0;0;3186;0;0;0;0;0;0;
29255;3037066;582938624;33566720;540700672;0;0;0;0;0;0;0;0;0;0;0;3687;0;0;0;0;0;0;
29256;4549071;582938624;33566720;540700672;0;0;0;0;0;0;0;0;0;0;0;3707;0;0;0;0;0;0;
29257;12286462;582938624;33566720;540700672;0;0;0;0;0;0;0;0;0;0;0;14277;0;0;0;0;0;0;
29258;5312624;582938624;33566720;540700672;0;0;0;0;0;0;0;0;0;0;0;3737;0;0;0;0;0;0;
29259;3212434;582938624;33566720;540700672;0;0;0;0;0;0;0;0;0;0;0;4348;0;0;0;0;0;0;
29260;5076891;582938624;33566720;540700672;0;0;0;0;0;0;0;0;0;0;0;3657;0;0;0;0;0;0;
29261;3467103;582938624;33566720;540700672;0;0;0;0;0;0;0;0;0;0;0;3256;0;0;0;0;0;0;
29262;5180535;582938624;33566720;540700672;0;0;0;0;0;0;0;0;0;0;0;3406;0;0;0;0;0;0;
29263;3421657;582938624;33566720;540700672;0;0;0;0;0;0;0;0;0;0;0;3456;0;0;0;0;0;0;
29264;5125022;582938624;33566720;540700672;0;0;0;0;0;0;0;0;0;0;0;3607;0;0;0;0;0;0;
29265;3234256;582938624;33566720;540700672;0;0;0;0;0;0;0;0;0;0;0;3115;0;0;0;0;0;0;
29266;4671451;582938624;33566720;540700672;0;0;0;0;0;0;0;0;0;0;0;2655;0;0;0;0;0;0;
29267;3482842;582938624;33566720;540700672;0;0;0;0;0;0;0;0;0;0;0;3827;0;0;0;0;0;0;
29268;4802116;582938624;33566720;540700672;0;0;0;0;0;0;0;0;0;0;0;3547;0;0;0;0;0;0;
29269;3536232;582938624;33566720;540700672;0;0;0;0;0;0;0;0;0;0;0;4178;0;0;0;0;0;0;
29270;4911320;582938624;33566720;540700672;0;0;0;0;0;0;0;0;0;0;0;3116;0;0;0;0;0;0;
29271;3893863;582938624;33566720;540700672;0;0;0;0;0;0;0;0;0;0;0;3446;0;0;0;0;0;0;
29272;4934885;582938624;33566720;540700672;0;0;0;0;0;0;0;0;0;0;0;3587;0;0;0;0;0;0;
29273;3736968;582938624;33566720;540700672;0;0;0;0;0;0;0;0;0;0;0;4038;0;0;0;0;0;0;
29274;5065880;582938624;33566720;540700672;0;0;0;0;0;0;0;0;0;0;0;3667;0;0;0;0;0;0;
29275;3660185;582938624;33566720;540700672;0;0;0;0;0;0;0;0;0;0;0;4108;0;0;0;0;0;0;
29276;4852350;582938624;33566720;540700672;0;0;0;0;0;0;0;0;0;0;0;3246;0;0;0;0;0;0;
29277;3187498;582938624;33566720;540700672;0;0;0;0;0;0;0;0;0;0;0;2895;0;0;0;0;0;0;
29278;4841069;582938624;33566720;540700672;0;0;0;0;0;0;0;0;0;0;0;3527;0;0;0;0;0;0;
29279;3263320;582938624;33566720;540700672;0;0;0;0;0;0;0;0;0;0;0;3747;0;0;0;0;0;0;
29280;4730321;582938624;33566720;540700672;0;0;0;0;0;0;0;0;0;0;0;3858;0;0;0;0;0;0;
29281;3087370;582938624;33566720;540700672;0;0;0;0;0;0;0;0;0;0;0;4208;0;0;0;0;0;0;
29282;4677873;582938624;33566720;540700672;0;0;0;0;0;0;0;0;0;0;0;3837;0;0;0;0;0;0;
29283;3321089;582938624;33566720;540700672;0;0;0;0;0;0;0;0;0;0;0;3737;0;0;0;0;0;0;
29284;4697429;582938624;33566720;540700672;0;0;0;0;0;0;0;0;0;0;0;3777;0;0;0;0;0;0;
29285;3073995;582938624;33566720;540700672;0;0;0;0;0;0;0;0;0;0;0;4729;0;0;0;0;0;0;
29286;4632959;582938624;33566720;540700672;0;0;0;0;0;0;0;0;0;0;0;4038;0;0;0;0;0;0;
29287;3474746;582938624;33566720;540700672;0;0;0;0;0;0;0;0;0;0;0;4198;0;0;0;0;0;0;
29288;4454123;582938624;33566720;540700672;0;0;0;0;0;0;0;0;0;0;0;2574;0;0;0;0;0;0;
29289;3436064;582938624;33566720;540700672;0;0;0;0;0;0;0;0;0;0;0;3105;0;0;0;0;0;0;
29290;4466677;582938624;33566720;540700672;0;0;0;0;0;0;0;0;0;0;0;2455;0;0;0;0;0;0;
29291;3427738;582938624;33566720;540700672;0;0;0;0;0;0;0;0;0;0;0;3997;0;0;0;0;0;0;
29292;4631275;582938624;33566720;540700672;0;0;0;0;0;0;0;0;0;0;0;2555;0;0;0;0;0;0;
29293;3133667;582938624;33566720;540700672;0;0;0;0;0;0;0;0;0;0;0;3025;0;0;0;0;0;0;
29294;4615185;582938624;33566720;540700672;0;0;0;0;0;0;0;0;0;0;0;2936;0;0;0;0;0;0;
29295;2990659;582938624;33566720;540700672;0;0;0;0;0;0;0;0;0;0;0;3116;0;0;0;0;0;0;
29296;4588966;582938624;33566720;540700672;0;0;0;0;0;0;0;0;0;0;0;2996;0;0;0;0;0;0;
29297;2868890;582938624;33566720;540700672;0;0;0;0;0;0;0;0;0;0;0;3217;0;0;0;0;0;0;
29298;4561976;582938624;33566720;540700672;0;0;0;0;0;0;0;0;0;0;0;3487;0;0;0;0;0;0;
29299;2921959;582938624;33566720;540700672;0;0;0;0;0;0;0;0;0;0;0;3316;0;0;0;0;0;0;
29300;5171048;582938624;33566720;540700672;0;0;0;0;0;0;0;0;0;0;0;4158;0;0;0;0;0;0;
29301;3216241;582938624;33566720;540700672;0;0;0;0;0;0;0;0;0;0;0;3757;0;0;0;0;0;0;
29302;4916049;582938624;33566720;540700672;0;0;0;0;0;0;0;0;0;0;0;3607;0;0;0;0;0;0;
29303;3281124;582938624;33566720;540700672;0;0;0;0;0;0;0;0;0;0;0;2835;0;0;0;0;0;0;
29304;4751681;582938624;33566720;540700672;0;0;0;0;0;0;0;0;0;0;0;3616;0;0;0;0;0;0;
29305;2958498;582938624;33566720;540700672;0;0;0;0;0;0;0;0;0;0;0;4138;0;0;0;0;0;0;
29306;4868049;582938624;33574912;540708864;0;0;0;0;0;0;0;0;0;0;0;2665;0;0;0;0;0;0;
29307;3019683;582938624;33574912;540708864;0;0;0;0;0;0;0;0;0;0;0;3045;0;0;0;0;0;0;
29308;4498326;582938624;33574912;540708864;0;0;0;0;0;0;0;0;0;0;0;2886;0;0;0;0;0;0;
29309;3194881;582938624;33574912;540708864;0;0;0;0;0;0;0;0;0;0;0;3757;0;0;0;0;0;0;
29310;4432773;582938624;33574912;540708864;0;0;0;0;0;0;0;0;0;0;0;2475;0;0;0;0;0;0;
29311;3139298;582938624;33574912;540708864;0;0;0;0;0;0;0;0;0;0;0;3266;0;0;0;0;0;0;
29312;4532259;582938624;33574912;540708864;0;0;0;0;0;0;0;0;0;0;0;3055;0;0;0;0;0;0;
29313;3299568;582938624;33566720;540700672;0;0;0;0;0;0;0;0;0;0;0;3948;0;0;0;0;0;0;
29314;4373682;582938624;33566720;540700672;0;0;0;0;0;0;0;0;0;0;0;2655;0;0;0;0;0;0;
29315;3415095;582938624;33566720;540700672;0;0;0;0;0;0;0;0;0;0;0;3837;0;0;0;0;0;0;
29316;4352282;582938624;33566720;540700672;0;0;0;0;0;0;0;0;0;0;0;2465;0;0;0;0;0;0;
29317;3526113;582938624;33566720;540700672;0;0;0;0;0;0;0;0;0;0;0;3086;0;0;0;0;0;0;
29318;4387959;582938624;33566720;540700672;0;0;0;0;0;0;0;0;0;0;0;2023;0;0;0;0;0;0;
29319;3764991;582938624;33566720;540700672;0;0;0;0;0;0;0;0;0;0;0;3527;0;0;0;0;0;0;
29320;4466236;582938624;33566720;540700672;0;0;0;0;0;0;0;0;0;0;0;2294;0;0;0;0;0;0;
29321;3099472;582938624;33566720;540700672;0;0;0;0;0;0;0;0;0;0;0;3216;0;0;0;0;0;0;
29322;4486874;582938624;33566720;540700672;0;0;0;0;0;0;0;0;0;0;0;2545;0;0;0;0;0;0;
29323;2915016;582938624;33566720;540700672;0;0;0;0;0;0;0;0;0;0;0;3156;0;0;0;0;0;0;
29324;4716095;582938624;33566720;540700672;0;0;0;0;0;0;0;0;0;0;0;4789;0;0;0;0;0;0;
29325;3362396;582938624;33566720;540700672;0;0;0;0;0;0;0;0;0;0;0;3707;0;0;0;0;0;0;
29326;4756230;582938624;33566720;540700672;0;0;0;0;0;0;0;0;0;0;0;4118;0;0;0;0;0;0;
29327;3346306;582938624;33566720;540700672;0;0;0;0;0;0;0;0;0;0;0;3036;0;0;0;0;0;0;
29328;4890922;582938624;33566720;540700672;0;0;0;0;0;0;0;0;0;0;0;2955;0;0;0;0;0;0;
29329;3228725;582938624;33566720;540700672;0;0;0;0;0;0;0;0;0;0;0;3486;0;0;0;0;0;0;
29330;4734479;582938624;33566720;540700672;0;0;0;0;0;0;0;0;0;0;0;3216;0;0;0;0;0;0;
29331;3224818;582938624;33566720;540700672;0;0;0;0;0;0;0;0;0;0;0;2725;0;0;0;0;0;0;
29332;4424829;582938624;33566720;540700672;0;0;0;0;0;0;0;0;0;0;0;2424;0;0;0;0;0;0;
29333;2613601;582938624;33566720;540700672;0;0;0;0;0;0;0;0;0;0;0;3937;0;0;0;0;0;0;
29334;4714832;582938624;33566720;540700672;0;0;0;0;0;0;0;0;0;0;0;2254;0;0;0;0;0;0;
29335;2627317;582938624;33566720;540700672;0;0;0;0;0;0;0;0;0;0;0;3456;0;0;0;0;0;0;
29336;4444475;582938624;33566720;540700672;0;0;0;0;0;0;0;0;0;0;0;3206;0;0;0;0;0;0;
29337;2639760;582938624;33566720;540700672;0;0;0;0;0;0;0;0;0;0;0;3186;0;0;0;0;0;0;
29338;4588635;582938624;33566720;540700672;0;0;0;0;0;0;0;0;0;0;0;3236;0;0;0;0;0;0;
29339;2581331;582938624;33566720;540700672;0;0;0;0;0;0;0;0;0;0;0;3096;0;0;0;0;0;0;
29340;4935577;582938624;33566720;540700672;0;0;0;0;0;0;0;0;0;0;0;3977;0;0;0;0;0;0;
29341;6247757;582938624;33566720;540700672;0;0;0;0;0;0;0;0;0;0;0;4609;0;0;0;0;0;0;
29342;4598754;582938624;33566720;540700672;0;0;0;0;0;0;0;0;0;0;0;3095;0;0;0;0;0;0;
29343;3709456;582938624;33566720;540700672;0;0;0;0;0;0;0;0;0;0;0;3616;0;0;0;0;0;0;
29344;4704312;582938624;33566720;540700672;0;0;0;0;0;0;0;0;0;0;0;2615;0;0;0;0;0;0;
29345;3592949;582938624;33566720;540700672;0;0;0;0;0;0;0;0;0;0;0;3857;0;0;0;0;0;0;
29346;4978777;582938624;33566720;540700672;0;0;0;0;0;0;0;0;0;0;0;2084;0;0;0;0;0;0;
29347;3405196;582938624;33566720;540700672;0;0;0;0;0;0;0;0;0;0;0;3677;0;0;0;0;0;0;
29348;5261217;582938624;33566720;540700672;0;0;0;0;0;0;0;0;0;0;0;2335;0;0;0;0;0;0;
29349;2890030;582938624;33566720;540700672;0;0;0;0;0;0;0;0;0;0;0;3096;0;0;0;0;0;0;
29350;4636555;582938624;33566720;540700672;0;0;0;0;0;0;0;0;0;0;0;2855;0;0;0;0;0;0;
29351;2902794;582938624;33566720;540700672;0;0;0;0;0;0;0;0;0;0;0;3216;0;0;0;0;0;0;
29352;4563549;582938624;33566720;540700672;0;0;0;0;0;0;0;0;0;0;0;2786;0;0;0;0;0;0;
29353;3015775;582938624;33566720;540700672;0;0;0;0;0;0;0;0;0;0;0;2956;0;0;0;0;0;0;
29354;4507714;582938624;33566720;540700672;0;0;0;0;0;0;0;0;0;0;0;2775;0;0;0;0;0;0;
29355;3017108;582938624;33566720;540700672;0;0;0;0;0;0;0;0;0;0;0;3697;0;0;0;0;0;0;
29356;4596871;582938624;33566720;540700672;0;0;0;0;0;0;0;0;0;0;0;2815;0;0;0;0;0;0;
29357;3178591;582938624;33566720;540700672;0;0;0;0;0;0;0;0;0;0;0;3406;0;0;0;0;0;0;
29358;4445507;582938624;33566720;540700672;0;0;0;0;0;0;0;0;0;0;0;3176;0;0;0;0;0;0;
29359;2914887;582938624;33566720;540700672;0;0;0;0;0;0;0;0;0;0;0;3968;0;0;0;0;0;0;
29360;4465174;582938624;33566720;540700672;0;0;0;0;0;0;0;0;0;0;0;2524;0;0;0;0;0;0;
29361;2869010;582938624;33566720;540700672;0;0;0;0;0;0;0;0;0;0;0;3306;0;0;0;0;0;0;
29362;4608633;582938624;33566720;540700672;0;0;0;0;0;0;0;0;0;0;0;4177;0;0;0;0;0;0;
29363;2857869;582938624;33566720;540700672;0;0;0;0;0;0;0;0;0;0;0;3527;0;0;0;0;0;0;
29364;4860957;582938624;33566720;540700672;0;0;0;0;0;0;0;0;0;0;0;3587;0;0;0;0;0;0;
29365;3091057;582938624;33566720;540700672;0;0;0;0;0;0;0;0;0;0;0;3947;0;0;0;0;0;0;
29366;4646294;582938624;33566720;540700672;0;0;0;0;0;0;0;0;0;0;0;3236;0;0;0;0;0;0;
29367;3314066;582938624;33566720;540700672;0;0;0;0;0;0;0;0;0;0;0;3166;0;0;0;0;0;0;
29368;4917442;582938624;33566720;540700672;0;0;0;0;0;0;0;0;0;0;0;3757;0;0;0;0;0;0;
29369;3086418;582938624;33566720;540700672;0;0;0;0;0;0;0;0;0;0;0;2615;0;0;0;0;0;0;
29370;4844245;582938624;33566720;540700672;0;0;0;0;0;0;0;0;0;0;0;3376;0;0;0;0;0;0;
29371;3267808;582938624;33566720;540700672;0;0;0;0;0;0;0;0;0;0;0;3046;0;0;0;0;0;0;
29372;4623471;582938624;33566720;540700672;0;0;0;0;0;0;0;0;0;0;0;3186;0;0;0;0;0;0;
29373;3077342;582938624;33566720;540700672;0;0;0;0;0;0;0;0;0;0;0;3987;0;0;0;0;0;0;
29374;4829357;582938624;33566720;540700672;0;0;0;0;0;0;0;0;0;0;0;3948;0;0;0;0;0;0;
29375;3758689;582938624;33566720;540700672;0;0;0;0;0;0;0;0;0;0;0;3737;0;0;0;0;0;0;
29376;5358399;582938624;33566720;540700672;0;0;0;0;0;0;0;0;0;0;0;4399;0;0;0;0;0;0;
29377;3680362;582938624;33566720;540700672;0;0;0;0;0;0;0;0;0;0;0;2865;0;0;0;0;0;0;
29378;5162081;582938624;33566720;540700672;0;0;0;0;0;0;0;0;0;0;0;3798;0;0;0;0;0;0;
29379;3084124;582938624;33566720;540700672;0;0;0;0;0;0;0;0;0;0;0;4027;0;0;0;0;0;0;
29380;5053056;582938624;33566720;540700672;0;0;0;0;0;0;0;0;0;0;0;3717;0;0;0;0;0;0;
29381;3225368;582938624;33566720;540700672;0;0;0;0;0;0;0;0;0;0;0;2715;0;0;0;0;0;0;
29382;4915909;582938624;33566720;540700672;0;0;0;0;0;0;0;0;0;0;0;3136;0;0;0;0;0;0;
29383;2776668;582938624;33566720;540700672;0;0;0;0;0;0;0;0;0;0;0;3256;0;0;0;0;0;0;
29384;4870223;582938624;33566720;540700672;0;0;0;0;0;0;0;0;0;0;0;3727;0;0;0;0;0;0;
29385;2562255;582938624;33566720;540700672;0;0;0;0;0;0;0;0;0;0;0;3146;0;0;0;0;0;0;
29386;4700596;582938624;33566720;540700672;0;0;0;0;0;0;0;0;0;0;0;3216;0;0;0;0;0;0;
29387;2808948;582938624;33566720;540700672;0;0;0;0;0;0;0;0;0;0;0;3907;0;0;0;0;0;0;
29388;4622479;582938624;33566720;540700672;0;0;0;0;0;0;0;0;0;0;0;3647;0;0;0;0;0;0;
29389;2552016;582938624;33566720;540700672;0;0;0;0;0;0;0;0;0;0;0;3918;0;0;0;0;0;0;
29390;4839616;582938624;33566720;540700672;0;0;0;0;0;0;0;0;0;0;0;2625;0;0;0;0;0;0;
29391;3327370;582938624;33566720;540700672;0;0;0;0;0;0;0;0;0;0;0;3537;0;0;0;0;0;0;
29392;4823856;582938624;33566720;540700672;0;0;0;0;0;0;0;0;0;0;0;3517;0;0;0;0;0;0;
29393;3309526;582938624;33566720;540700672;0;0;0;0;0;0;0;0;0;0;0;4529;0;0;0;0;0;0;
29394;4905590;582938624;33566720;540700672;0;0;0;0;0;0;0;0;0;0;0;2986;0;0;0;0;0;0;
29395;3148725;582938624;33566720;540700672;0;0;0;0;0;0;0;0;0;0;0;2906;0;0;0;0;0;0;
29396;4961014;582938624;33566720;540700672;0;0;0;0;0;0;0;0;0;0;0;3216;0;0;0;0;0;0;
29397;3296162;582938624;33566720;540700672;0;0;0;0;0;0;0;0;0;0;0;3617;0;0;0;0;0;0;
29398;5213027;582938624;33566720;540700672;0;0;0;0;0;0;0;0;0;0;0;3457;0;0;0;0;0;0;
29399;3765832;582938624;33566720;540700672;0;0;0;0;0;0;0;0;0;0;0;3997;0;0;0;0;0;0;
29400;5319846;582938624;33566720;540700672;0;0;0;0;0;0;0;0;0;0;0;3437;0;0;0;0;0;0;
29401;3780641;582938624;33566720;540700672;0;0;0;0;0;0;0;0;0;0;0;3286;0;0;0;0;0;0;
29402;4691889;582938624;33566720;540700672;0;0;0;0;0;0;0;0;0;0;0;4157;0;0;0;0;0;0;
29403;3033790;582938624;33566720;540700672;0;0;0;0;0;0;0;0;0;0;0;4027;0;0;0;0;0;0;
29404;4623912;582938624;33566720;540700672;0;0;0;0;0;0;0;0;0;0;0;3256;0;0;0;0;0;0;
29405;3384257;582938624;33566720;540700672;0;0;0;0;0;0;0;0;0;0;0;2565;0;0;0;0;0;0;
29406;4781417;582938624;33566720;540700672;0;0;0;0;0;0;0;0;0;0;0;2695;0;0;0;0;0;0;
29407;2858220;582938624;33566720;540700672;0;0;0;0;0;0;0;0;0;0;0;4589;0;0;0;0;0;0;
29408;4447641;582938624;33566720;540700672;0;0;0;0;0;0;0;0;0;0;0;3076;0;0;0;0;0;0;
29409;2845406;582938624;33566720;540700672;0;0;0;0;0;0;0;0;0;0;0;3356;0;0;0;0;0;0;
29410;4585600;582938624;33566720;540700672;0;0;0;0;0;0;0;0;0;0;0;3316;0;0;0;0;0;0;
29411;2758373;582938624;33566720;540700672;0;0;0;0;0;0;0;0;0;0;0;3456;0;0;0;0;0;0;
29412;4467709;582938624;33566720;540700672;0;0;0;0;0;0;0;0;0;0;0;2685;0;0;0;0;0;0;
29413;2846578;582938624;33566720;540700672;0;0;0;0;0;0;0;0;0;0;0;3286;0;0;0;0;0;0;
29414;4600999;582938624;33566720;540700672;0;0;0;0;0;0;0;0;0;0;0;3798;0;0;0;0;0;0;
29415;2904797;582938624;33566720;540700672;0;0;0;0;0;0;0;0;0;0;0;3737;0;0;0;0;0;0;
29416;4898726;582938624;33566720;540700672;0;0;0;0;0;0;0;0;0;0;0;3867;0;0;0;0;0;0;
29417;2974669;582938624;33566720;540700672;0;0;0;0;0;0;0;0;0;0;0;2755;0;0;0;0;0;0;
29418;4579328;582938624;33566720;540700672;0;0;0;0;0;0;0;0;0;0;0;3587;0;0;0;0;0;0;
29419;2427643;582938624;33566720;540700672;0;0;0;0;0;0;0;0;0;0;0;3015;0;0;0;0;0;0;
29420;4282481;582938624;33566720;540700672;0;0;0;0;0;0;0;0;0;0;0;2514;0;0;0;0;0;0;
29421;2558168;582938624;33566720;540700672;0;0;0;0;0;0;0;0;0;0;0;3126;0;0;0;0;0;0;
29422;4399030;582938624;33566720;540700672;0;0;0;0;0;0;0;0;0;0;0;2144;0;0;0;0;0;0;
29423;2749477;582938624;33566720;540700672;0;0;0;0;0;0;0;0;0;0;0;2545;0;0;0;0;0;0;
29424;4325512;582938624;33566720;540700672;0;0;0;0;0;0;0;0;0;0;0;3146;0;0;0;0;0;0;
29425;2547217;582938624;33566720;540700672;0;0;0;0;0;0;0;0;0;0;0;3086;0;0;0;0;0;0;
29426;4244350;582938624;33566720;540700672;0;0;0;0;0;0;0;0;0;0;0;1813;0;0;0;0;0;0;
29427;2874982;582938624;33566720;540700672;0;0;0;0;0;0;0;0;0;0;0;3296;0;0;0;0;0;0;
29428;4453962;582938624;33566720;540700672;0;0;0;0;0;0;0;0;0;0;0;2394;0;0;0;0;0;0;
29429;3165427;582938624;33566720;540700672;0;0;0;0;0;0;0;0;0;0;0;3977;0;0;0;0;0;0;
29430;4422665;582938624;33566720;540700672;0;0;0;0;0;0;0;0;0;0;0;2635;0;0;0;0;0;0;
29431;3048968;582938624;33566720;540700672;0;0;0;0;0;0;0;0;0;0;0;3387;0;0;0;0;0;0;
29432;4514156;582938624;33566720;540700672;0;0;0;0;0;0;0;0;0;0;0;3386;0;0;0;0;0;0;
29433;2852871;582938624;33566720;540700672;0;0;0;0;0;0;0;0;0;0;0;3858;0;0;0;0;0;0;
29434;4742855;582938624;33574912;540708864;0;0;0;0;0;0;0;0;0;0;0;4318;0;0;0;0;0;0;
29435;2827914;582938624;33574912;540708864;0;0;0;0;0;0;0;0;0;0;0;3667;0;0;0;0;0;0;
29436;4491974;582938624;33574912;540708864;0;0;0;0;0;0;0;0;0;0;0;2685;0;0;0;0;0;0;
29437;2893987;582938624;33574912;540708864;0;0;0;0;0;0;0;0;0;0;0;3887;0;0;0;0;0;0;
29438;4685477;582938624;33574912;540708864;0;0;0;0;0;0;0;0;0;0;0;2414;0;0;0;0;0;0;
29439;3288457;582938624;33574912;540708864;0;0;0;0;0;0;0;0;0;0;0;3206;0;0;0;0;0;0;
29440;4541096;582938624;33574912;540708864;0;0;0;0;0;0;0;0;0;0;0;2865;0;0;0;0;0;0;
29441;3557311;582938624;33566720;540700672;0;0;0;0;0;0;0;0;0;0;0;3627;0;0;0;0;0;0;
29442;4667553;582938624;33566720;540700672;0;0;0;0;0;0;0;0;0;0;0;3156;0;0;0;0;0;0;
29443;3513098;582938624;33566720;540700672;0;0;0;0;0;0;0;0;0;0;0;4278;0;0;0;0;0;0;
29444;4739088;582938624;33566720;540700672;0;0;0;0;0;0;0;0;0;0;0;2976;0;0;0;0;0;0;
29445;3673089;582938624;33566720;540700672;0;0;0;0;0;0;0;0;0;0;0;3206;0;0;0;0;0;0;
29446;4799601;582938624;33566720;540700672;0;0;0;0;0;0;0;0;0;0;0;4028;0;0;0;0;0;0;
29447;3008753;582938624;33566720;540700672;0;0;0;0;0;0;0;0;0;0;0;2945;0;0;0;0;0;0;
29448;4894990;582938624;33566720;540700672;0;0;0;0;0;0;0;0;0;0;0;3577;0;0;0;0;0;0;
29449;2844835;582938624;33566720;540700672;0;0;0;0;0;0;0;0;0;0;0;3647;0;0;0;0;0;0;
29450;4704963;582938624;33566720;540700672;0;0;0;0;0;0;0;0;0;0;0;3957;0;0;0;0;0;0;
29451;2910358;582938624;33566720;540700672;0;0;0;0;0;0;0;0;0;0;0;3797;0;0;0;0;0;0;
29452;4853793;582938624;33566720;540700672;0;0;0;0;0;0;0;0;0;0;0;4398;0;0;0;0;0;0;
29453;3189592;582938624;33566720;540700672;0;0;0;0;0;0;0;0;0;0;0;3226;0;0;0;0;0;0;
29454;4777710;582938624;33566720;540700672;0;0;0;0;0;0;0;0;0;0;0;3527;0;0;0;0;0;0;
29455;3189161;582938624;33566720;540700672;0;0;0;0;0;0;0;0;0;0;0;2865;0;0;0;0;0;0;
29456;4951366;582938624;33566720;540700672;0;0;0;0;0;0;0;0;0;0;0;3316;0;0;0;0;0;0;
29457;3446143;582938624;33566720;540700672;0;0;0;0;0;0;0;0;0;0;0;3326;0;0;0;0;0;0;
29458;4753535;582938624;33566720;540700672;0;0;0;0;0;0;0;0;0;0;0;4138;0;0;0;0;0;0;
29459;3326188;582938624;33566720;540700672;0;0;0;0;0;0;0;0;0;0;0;3216;0;0;0;0;0;0;
29460;4880653;582938624;33566720;540700672;0;0;0;0;0;0;0;0;0;0;0;2555;0;0;0;0;0;0;
29461;3108890;582938624;33566720;540700672;0;0;0;0;0;0;0;0;0;0;0;3397;0;0;0;0;0;0;
29462;4780696;582938624;33566720;540700672;0;0;0;0;0;0;0;0;0;0;0;3466;0;0;0;0;0;0;
29463;3522256;582938624;33566720;540700672;0;0;0;0;0;0;0;0;0;0;0;3416;0;0;0;0;0;0;
29464;4780425;582938624;33566720;540700672;0;0;0;0;0;0;0;0;0;0;0;4178;0;0;0;0;0;0;
29465;3218797;582938624;33566720;540700672;0;0;0;0;0;0;0;0;0;0;0;3617;0;0;0;0;0;0;
29466;4680608;582938624;33566720;540700672;0;0;0;0;0;0;0;0;0;0;0;4539;0;0;0;0;0;0;
29467;3017920;582938624;33566720;540700672;0;0;0;0;0;0;0;0;0;0;0;3095;0;0;0;0;0;0;
29468;4829176;582938624;33566720;540700672;0;0;0;0;0;0;0;0;0;0;0;3487;0;0;0;0;0;0;
29469;3344703;582938624;33566720;540700672;0;0;0;0;0;0;0;0;0;0;0;4078;0;0;0;0;0;0;
29470;4751551;582938624;33566720;540700672;0;0;0;0;0;0;0;0;0;0;0;3657;0;0;0;0;0;0;
29471;3190503;582938624;33566720;540700672;0;0;0;0;0;0;0;0;0;0;0;4037;0;0;0;0;0;0;
29472;4838273;582938624;33566720;540700672;0;0;0;0;0;0;0;0;0;0;0;3777;0;0;0;0;0;0;
29473;3842717;582938624;33566720;540700672;0;0;0;0;0;0;0;0;0;0;0;4078;0;0;0;0;0;0;
29474;4696778;582938624;33566720;540700672;0;0;0;0;0;0;0;0;0;0;0;2745;0;0;0;0;0;0;
29475;3612194;582938624;33566720;540700672;0;0;0;0;0;0;0;0;0;0;0;3266;0;0;0;0;0;0;
29476;4472087;582938624;33566720;540700672;0;0;0;0;0;0;0;0;0;0;0;2544;0;0;0;0;0;0;
29477;3584492;582938624;33566720;540700672;0;0;0;0;0;0;0;0;0;0;0;4118;0;0;0;0;0;0;
29478;4586461;582938624;33566720;540700672;0;0;0;0;0;0;0;0;0;0;0;2455;0;0;0;0;0;0;
29479;3251598;582938624;33566720;540700672;0;0;0;0;0;0;0;0;0;0;0;3166;0;0;0;0;0;0;
29480;4567095;582938624;33566720;540700672;0;0;0;0;0;0;0;0;0;0;0;2594;0;0;0;0;0;0;
29481;3077121;582938624;33566720;540700672;0;0;0;0;0;0;0;0;0;0;0;2976;0;0;0;0;0;0;
29482;4536728;582938624;33566720;540700672;0;0;0;0;0;0;0;0;0;0;0;2795;0;0;0;0;0;0;
29483;2906491;582938624;33566720;540700672;0;0;0;0;0;0;0;0;0;0;0;2835;0;0;0;0;0;0;
29484;4751010;582938624;33566720;540700672;0;0;0;0;0;0;0;0;0;0;0;4038;0;0;0;0;0;0;
29485;3166669;582938624;33566720;540700672;0;0;0;0;0;0;0;0;0;0;0;3136;0;0;0;0;0;0;
29486;5185695;582938624;33566720;540700672;0;0;0;0;0;0;0;0;0;0;0;4328;0;0;0;0;0;0;
29487;3581306;582938624;33566720;540700672;0;0;0;0;0;0;0;0;0;0;0;4428;0;0;0;0;0;0;
29488;5131213;582938624;33566720;540700672;0;0;0;0;0;0;0;0;0;0;0;3968;0;0;0;0;0;0;
29489;3514832;582938624;33566720;540700672;0;0;0;0;0;0;0;0;0;0;0;3427;0;0;0;0;0;0;
29490;5252180;582938624;33566720;540700672;0;0;0;0;0;0;0;0;0;0;0;3827;0;0;0;0;0;0;
29491;3132124;582938624;33566720;540700672;0;0;0;0;0;0;0;0;0;0;0;3346;0;0;0;0;0;0;
29492;4830449;582938624;33566720;540700672;0;0;0;0;0;0;0;0;0;0;0;4008;0;0;0;0;0;0;
29493;2940996;582938624;33566720;540700672;0;0;0;0;0;0;0;0;0;0;0;3156;0;0;0;0;0;0;
29494;4775706;582938624;33566720;540700672;0;0;0;0;0;0;0;0;0;0;0;4238;0;0;0;0;0;0;
29495;3117837;582938624;33566720;540700672;0;0;0;0;0;0;0;0;0;0;0;3547;0;0;0;0;0;0;
29496;5353410;582938624;33566720;540700672;0;0;0;0;0;0;0;0;0;0;0;3656;0;0;0;0;0;0;
29497;3169023;582938624;33566720;540700672;0;0;0;0;0;0;0;0;0;0;0;4429;0;0;0;0;0;0;
29498;4550494;582938624;33566720;540700672;0;0;0;0;0;0;0;0;0;0;0;2775;0;0;0;0;0;0;
29499;3495916;582938624;33566720;540700672;0;0;0;0;0;0;0;0;0;0;0;3226;0;0;0;0;0;0;
29500;4510258;582938624;33566720;540700672;0;0;0;0;0;0;0;0;0;0;0;2745;0;0;0;0;0;0;
29501;2912722;582938624;33566720;540700672;0;0;0;0;0;0;0;0;0;0;0;3216;0;0;0;0;0;0;
29502;4675448;582938624;33566720;540700672;0;0;0;0;0;0;0;0;0;0;0;2866;0;0;0;0;0;0;
29503;3004485;582938624;33566720;540700672;0;0;0;0;0;0;0;0;0;0;0;2926;0;0;0;0;0;0;
29504;4477227;582938624;33566720;540700672;0;0;0;0;0;0;0;0;0;0;0;3266;0;0;0;0;0;0;
29505;2908806;582938624;33566720;540700672;0;0;0;0;0;0;0;0;0;0;0;3146;0;0;0;0;0;0;
29506;10459535;582938624;33566720;540700672;0;0;0;0;0;0;0;0;0;0;0;3166;0;0;0;0;0;0;
29507;6068090;582938624;33566720;540700672;0;0;0;0;0;0;0;0;0;0;0;3797;0;0;0;0;0;0;
29508;4724009;582938624;33566720;540700672;0;0;0;0;0;0;0;0;0;0;0;3546;0;0;0;0;0;0;
29509;2906501;582938624;33566720;540700672;0;0;0;0;0;0;0;0;0;0;0;3306;0;0;0;0;0;0;
29510;4632448;582938624;33566720;540700672;0;0;0;0;0;0;0;0;0;0;0;3166;0;0;0;0;0;0;
29511;3002641;582938624;33566720;540700672;0;0;0;0;0;0;0;0;0;0;0;4008;0;0;0;0;0;0;
29512;4410671;582938624;33566720;540700672;0;0;0;0;0;0;0;0;0;0;0;2905;0;0;0;0;0;0;
29513;2958748;582938624;33566720;540700672;0;0;0;0;0;0;0;0;0;0;0;3346;0;0;0;0;0;0;
29514;4612299;582938624;33566720;540700672;0;0;0;0;0;0;0;0;0;0;0;2725;0;0;0;0;0;0;
29515;3109491;582938624;33566720;540700672;0;0;0;0;0;0;0;0;0;0;0;4088;0;0;0;0;0;0;
29516;4436770;582938624;33566720;540700672;0;0;0;0;0;0;0;0;0;0;0;2585;0;0;0;0;0;0;
29517;2995949;582938624;33566720;540700672;0;0;0;0;0;0;0;0;0;0;0;3326;0;0;0;0;0;0;
29518;4492956;582938624;33566720;540700672;0;0;0;0;0;0;0;0;0;0;0;2986;0;0;0;0;0;0;
29519;3023961;582938624;33566720;540700672;0;0;0;0;0;0;0;0;0;0;0;3677;0;0;0;0;0;0;
29520;4447190;582938624;33566720;540700672;0;0;0;0;0;0;0;0;0;0;0;3617;0;0;0;0;0;0;
29521;2664978;582938624;33566720;540700672;0;0;0;0;0;0;0;0;0;0;0;3757;0;0;0;0;0;0;
29522;4266462;582938624;33566720;540700672;0;0;0;0;0;0;0;0;0;0;0;2595;0;0;0;0;0;0;
29523;2918323;582938624;33566720;540700672;0;0;0;0;0;0;0;0;0;0;0;2735;0;0;0;0;0;0;
29524;4287901;582938624;33566720;540700672;0;0;0;0;0;0;0;0;0;0;0;2495;0;0;0;0;0;0;
29525;2782568;582938624;33566720;540700672;0;0;0;0;0;0;0;0;0;0;0;3577;0;0;0;0;0;0;
29526;4352643;582938624;33566720;540700672;0;0;0;0;0;0;0;0;0;0;0;2765;0;0;0;0;0;0;
29527;2939933;582938624;33566720;540700672;0;0;0;0;0;0;0;0;0;0;0;3656;0;0;0;0;0;0;
29528;4518443;582938624;33566720;540700672;0;0;0;0;0;0;0;0;0;0;0;2585;0;0;0;0;0;0;
29529;2707698;582938624;33566720;540700672;0;0;0;0;0;0;0;0;0;0;0;3026;0;0;0;0;0;0;
29530;4676500;582938624;33566720;540700672;0;0;0;0;0;0;0;0;0;0;0;2856;0;0;0;0;0;0;
29531;2720272;582938624;33566720;540700672;0;0;0;0;0;0;0;0;0;0;0;3135;0;0;0;0;0;0;
29532;4361881;582938624;33566720;540700672;0;0;0;0;0;0;0;0;0;0;0;3055;0;0;0;0;0;0;
29533;2780024;582938624;33566720;540700672;0;0;0;0;0;0;0;0;0;0;0;3546;0;0;0;0;0;0;
29534;4269767;582938624;33566720;540700672;0;0;0;0;0;0;0;0;0;0;0;2174;0;0;0;0;0;0;
29535;3064107;582938624;33566720;540700672;0;0;0;0;0;0;0;0;0;0;0;4368;0;0;0;0;0;0;
29536;4607150;582938624;33566720;540700672;0;0;0;0;0;0;0;0;0;0;0;3056;0;0;0;0;0;0;
29537;3307443;582938624;33566720;540700672;0;0;0;0;0;0;0;0;0;0;0;2986;0;0;0;0;0;0;
29538;4521129;582938624;33566720;540700672;0;0;0;0;0;0;0;0;0;0;0;2865;0;0;0;0;0;0;
29539;3034791;582938624;33566720;540700672;0;0;0;0;0;0;0;0;0;0;0;3727;0;0;0;0;0;0;
29540;4545544;582938624;33566720;540700672;0;0;0;0;0;0;0;0;0;0;0;3046;0;0;0;0;0;0;
29541;3089304;582938624;33566720;540700672;0;0;0;0;0;0;0;0;0;0;0;3667;0;0;0;0;0;0;
29542;4631215;582938624;33566720;540700672;0;0;0;0;0;0;0;0;0;0;0;2625;0;0;0;0;0;0;
29543;3025574;582938624;33566720;540700672;0;0;0;0;0;0;0;0;0;0;0;3807;0;0;0;0;0;0;
29544;4884279;582938624;33566720;540700672;0;0;0;0;0;0;0;0;0;0;0;4849;0;0;0;0;0;0;
29545;3102218;582938624;33566720;540700672;0;0;0;0;0;0;0;0;0;0;0;3356;0;0;0;0;0;0;
29546;5082302;582938624;33566720;540700672;0;0;0;0;0;0;0;0;0;0;0;3156;0;0;0;0;0;0;
29547;3260825;582938624;33566720;540700672;0;0;0;0;0;0;0;0;0;0;0;3857;0;0;0;0;0;0;
29548;4827273;582938624;33566720;540700672;0;0;0;0;0;0;0;0;0;0;0;3877;0;0;0;0;0;0;
29549;3344272;582938624;33566720;540700672;0;0;0;0;0;0;0;0;0;0;0;4057;0;0;0;0;0;0;
29550;4591771;582938624;33566720;540700672;0;0;0;0;0;0;0;0;0;0;0;3406;0;0;0;0;0;0;
29551;3309227;582938624;33566720;540700672;0;0;0;0;0;0;0;0;0;0;0;3667;0;0;0;0;0;0;
29552;4651674;582938624;33566720;540700672;0;0;0;0;0;0;0;0;0;0;0;2895;0;0;0;0;0;0;
29553;3429392;582938624;33566720;540700672;0;0;0;0;0;0;0;0;0;0;0;3596;0;0;0;0;0;0;
29554;4540065;582938624;33566720;540700672;0;0;0;0;0;0;0;0;0;0;0;2695;0;0;0;0;0;0;
29555;3218276;582938624;33566720;540700672;0;0;0;0;0;0;0;0;0;0;0;3397;0;0;0;0;0;0;
29556;4381357;582938624;33566720;540700672;0;0;0;0;0;0;0;0;0;0;0;2795;0;0;0;0;0;0;
29557;3159054;582938624;33566720;540700672;0;0;0;0;0;0;0;0;0;0;0;3116;0;0;0;0;0;0;
29558;4442642;582938624;33566720;540700672;0;0;0;0;0;0;0;0;0;0;0;3176;0;0;0;0;0;0;
29559;2988014;582938624;33566720;540700672;0;0;0;0;0;0;0;0;0;0;0;3176;0;0;0;0;0;0;
29560;4503085;582938624;33566720;540700672;0;0;0;0;0;0;0;0;0;0;0;2665;0;0;0;0;0;0;
29561;2890180;582938624;33566720;540700672;0;0;0;0;0;0;0;0;0;0;0;3437;0;0;0;0;0;0;
29562;4455025;582938624;33566720;540700672;0;0;0;0;0;0;0;0;0;0;0;3206;0;0;0;0;0;0;
29563;3026365;582938624;33566720;540700672;0;0;0;0;0;0;0;0;0;0;0;3056;0;0;0;0;0;0;
29564;4492646;582938624;33566720;540700672;0;0;0;0;0;0;0;0;0;0;0;2725;0;0;0;0;0;0;
29565;2975139;582938624;33566720;540700672;0;0;0;0;0;0;0;0;0;0;0;3526;0;0;0;0;0;0;
29566;4386346;582938624;33566720;540700672;0;0;0;0;0;0;0;0;0;0;0;2685;0;0;0;0;0;0;
29567;2998263;582938624;33566720;540700672;0;0;0;0;0;0;0;0;0;0;0;4088;0;0;0;0;0;0;
29568;4586842;582938624;33566720;540700672;0;0;0;0;0;0;0;0;0;0;0;3947;0;0;0;0;0;0;
29569;3473534;582938624;33566720;540700672;0;0;0;0;0;0;0;0;0;0;0;3076;0;0;0;0;0;0;
29570;4833355;582938624;33566720;540700672;0;0;0;0;0;0;0;0;0;0;0;3917;0;0;0;0;0;0;
29571;2636495;582938624;33566720;540700672;0;0;0;0;0;0;0;0;0;0;0;3506;0;0;0;0;0;0;
29572;4786476;582938624;33566720;540700672;0;0;0;0;0;0;0;0;0;0;0;3296;0;0;0;0;0;0;
29573;2593484;582938624;33566720;540700672;0;0;0;0;0;0;0;0;0;0;0;3557;0;0;0;0;0;0;
29574;4406164;582938624;33566720;540700672;0;0;0;0;0;0;0;0;0;0;0;2354;0;0;0;0;0;0;
29575;3154686;582938624;33566720;540700672;0;0;0;0;0;0;0;0;0;0;0;2775;0;0;0;0;0;0;
29576;4412144;582938624;33566720;540700672;0;0;0;0;0;0;0;0;0;0;0;2595;0;0;0;0;0;0;
29577;2523192;582938624;33566720;540700672;0;0;0;0;0;0;0;0;0;0;0;3607;0;0;0;0;0;0;
29578;4462960;582938624;33566720;540700672;0;0;0;0;0;0;0;0;0;0;0;3416;0;0;0;0;0;0;
29579;2617298;582938624;33566720;540700672;0;0;0;0;0;0;0;0;0;0;0;2725;0;0;0;0;0;0;
29580;4265590;582938624;33566720;540700672;0;0;0;0;0;0;0;0;0;0;0;2385;0;0;0;0;0;0;
29581;2849494;582938624;33566720;540700672;0;0;0;0;0;0;0;0;0;0;0;2936;0;0;0;0;0;0;
29582;4455155;582938624;33566720;540700672;0;0;0;0;0;0;0;0;0;0;0;2385;0;0;0;0;0;0;
29583;3159816;582938624;33566720;540700672;0;0;0;0;0;0;0;0;0;0;0;3707;0;0;0;0;0;0;
29584;4435198;582938624;33566720;540700672;0;0;0;0;0;0;0;0;0;0;0;2675;0;0;0;0;0;0;
29585;2934644;582938624;33566720;540700672;0;0;0;0;0;0;0;0;0;0;0;3968;0;0;0;0;0;0;
29586;4432493;582938624;33566720;540700672;0;0;0;0;0;0;0;0;0;0;0;3126;0;0;0;0;0;0;
29587;2844504;582938624;33566720;540700672;0;0;0;0;0;0;0;0;0;0;0;2886;0;0;0;0;0;0;
29588;4365937;582938624;33566720;540700672;0;0;0;0;0;0;0;0;0;0;0;2786;0;0;0;0;0;0;
29589;3022728;582938624;33566720;540700672;0;0;0;0;0;0;0;0;0;0;0;3767;0;0;0;0;0;0;
29590;4433685;582938624;33566720;540700672;0;0;0;0;0;0;0;0;0;0;0;2475;0;0;0;0;0;0;
29591;3742399;582938624;33566720;540700672;0;0;0;0;0;0;0;0;0;0;0;3587;0;0;0;0;0;0;
29592;4591160;582938624;33566720;540700672;0;0;0;0;0;0;0;0;0;0;0;3126;0;0;0;0;0;0;
29593;3373367;582938624;33566720;540700672;0;0;0;0;0;0;0;0;0;0;0;3296;0;0;0;0;0;0;
29594;4493487;582938624;33566720;540700672;0;0;0;0;0;0;0;0;0;0;0;2545;0;0;0;0;0;0;
29595;2945655;582938624;33566720;540700672;0;0;0;0;0;0;0;0;0;0;0;2916;0;0;0;0;0;0;
29596;4713830;582938624;33566720;540700672;0;0;0;0;0;0;0;0;0;0;0;2464;0;0;0;0;0;0;
29597;2895300;582938624;33566720;540700672;0;0;0;0;0;0;0;0;0;0;0;3957;0;0;0;0;0;0;
29598;4509577;582938624;33566720;540700672;0;0;0;0;0;0;0;0;0;0;0;3016;0;0;0;0;0;0;
29599;2910028;582938624;33566720;540700672;0;0;0;0;0;0;0;0;0;0;0;3236;0;0;0;0;0;0;
29600;4772761;582938624;33566720;540700672;0;0;0;0;0;0;0;0;0;0;0;4739;0;0;0;0;0;0;
29601;2930305;582938624;33566720;540700672;0;0;0;0;0;0;0;0;0;0;0;3106;0;0;0;0;0;0;
29602;4803939;582938624;33566720;540700672;0;0;0;0;0;0;0;0;0;0;0;3246;0;0;0;0;0;0;
29603;2981141;582938624;33566720;540700672;0;0;0;0;0;0;0;0;0;0;0;3347;0;0;0;0;0;0;
29604;4640543;582938624;33566720;540700672;0;0;0;0;0;0;0;0;0;0;0;4008;0;0;0;0;0;0;
29605;3036464;582938624;33566720;540700672;0;0;0;0;0;0;0;0;0;0;0;3527;0;0;0;0;0;0;
29606;4946316;582938624;33566720;540700672;0;0;0;0;0;0;0;0;0;0;0;3677;0;0;0;0;0;0;
29607;3064848;582938624;33566720;540700672;0;0;0;0;0;0;0;0;0;0;0;3136;0;0;0;0;0;0;
29608;4824849;582938624;33566720;540700672;0;0;0;0;0;0;0;0;0;0;0;3457;0;0;0;0;0;0;
29609;3204760;582938624;33566720;540700672;0;0;0;0;0;0;0;0;0;0;0;3878;0;0;0;0;0;0;
29610;4479751;582938624;33566720;540700672;0;0;0;0;0;0;0;0;0;0;0;2685;0;0;0;0;0;0;
29611;3399105;582938624;33566720;540700672;0;0;0;0;0;0;0;0;0;0;0;2956;0;0;0;0;0;0;
29612;4644440;582938624;33566720;540700672;0;0;0;0;0;0;0;0;0;0;0;2184;0;0;0;0;0;0;
29613;3067954;582938624;33566720;540700672;0;0;0;0;0;0;0;0;0;0;0;2775;0;0;0;0;0;0;
29614;4850547;582938624;33566720;540700672;0;0;0;0;0;0;0;0;0;0;0;3647;0;0;0;0;0;0;
29615;2993694;582938624;33566720;540700672;0;0;0;0;0;0;0;0;0;0;0;3577;0;0;0;0;0;0;
29616;4941267;582938624;33566720;540700672;0;0;0;0;0;0;0;0;0;0;0;3307;0;0;0;0;0;0;
29617;2639300;582938624;33566720;540700672;0;0;0;0;0;0;0;0;0;0;0;2735;0;0;0;0;0;0;
29618;5030244;582938624;33566720;540700672;0;0;0;0;0;0;0;0;0;0;0;3567;0;0;0;0;0;0;
29619;2892975;582938624;33566720;540700672;0;0;0;0;0;0;0;0;0;0;0;2836;0;0;0;0;0;0;
29620;4735902;582938624;33566720;540700672;0;0;0;0;0;0;0;0;0;0;0;3236;0;0;0;0;0;0;
29621;2755377;582938624;33566720;540700672;0;0;0;0;0;0;0;0;0;0;0;2946;0;0;0;0;0;0;
29622;5491709;582938624;33566720;540700672;0;0;0;0;0;0;0;0;0;0;0;4198;0;0;0;0;0;0;
29623;2779002;582938624;33566720;540700672;0;0;0;0;0;0;0;0;0;0;0;3236;0;0;0;0;0;0;
29624;4866226;582938624;33566720;540700672;0;0;0;0;0;0;0;0;0;0;0;4097;0;0;0;0;0;0;
29625;3226932;582938624;33566720;540700672;0;0;0;0;0;0;0;0;0;0;0;3226;0;0;0;0;0;0;
29626;4864904;582938624;33566720;540700672;0;0;0;0;0;0;0;0;0;0;0;3166;0;0;0;0;0;0;
29627;2933692;582938624;33566720;540700672;0;0;0;0;0;0;0;0;0;0;0;3447;0;0;0;0;0;0;
29628;4983295;582938624;33566720;540700672;0;0;0;0;0;0;0;0;0;0;0;3577;0;0;0;0;0;0;
29629;3139518;582938624;33566720;540700672;0;0;0;0;0;0;0;0;0;0;0;3737;0;0;0;0;0;0;
29630;5647231;582938624;33566720;540700672;0;0;0;0;0;0;0;0;0;0;0;4037;0;0;0;0;0;0;
29631;3435473;582938624;33566720;540700672;0;0;0;0;0;0;0;0;0;0;0;2955;0;0;0;0;0;0;
29632;4909397;582938624;33566720;540700672;0;0;0;0;0;0;0;0;0;0;0;3336;0;0;0;0;0;0;
29633;3137544;582938624;33566720;540700672;0;0;0;0;0;0;0;0;0;0;0;3576;0;0;0;0;0;0;
29634;4781457;582938624;33566720;540700672;0;0;0;0;0;0;0;0;0;0;0;3146;0;0;0;0;0;0;
29635;2583285;582938624;33566720;540700672;0;0;0;0;0;0;0;0;0;0;0;2955;0;0;0;0;0;0;
29636;4723799;582938624;33566720;540700672;0;0;0;0;0;0;0;0;0;0;0;3868;0;0;0;0;0;0;
29637;2502173;582938624;33566720;540700672;0;0;0;0;0;0;0;0;0;0;0;3086;0;0;0;0;0;0;
29638;5229237;582938624;33566720;540700672;0;0;0;0;0;0;0;0;0;0;0;3146;0;0;0;0;0;0;
29639;2911400;582938624;33566720;540700672;0;0;0;0;0;0;0;0;0;0;0;2975;0;0;0;0;0;0;
29640;5049179;582938624;33566720;540700672;0;0;0;0;0;0;0;0;0;0;0;3827;0;0;0;0;0;0;
29641;2798609;582938624;33566720;540700672;0;0;0;0;0;0;0;0;0;0;0;2836;0;0;0;0;0;0;
29642;4689215;582938624;33566720;540700672;0;0;0;0;0;0;0;0;0;0;0;3576;0;0;0;0;0;0;
29643;2939824;582938624;33566720;540700672;0;0;0;0;0;0;0;0;0;0;0;2705;0;0;0;0;0;0;
29644;4896943;582938624;33566720;540700672;0;0;0;0;0;0;0;0;0;0;0;3707;0;0;0;0;0;0;
29645;2913224;582938624;33566720;540700672;0;0;0;0;0;0;0;0;0;0;0;2765;0;0;0;0;0;0;
29646;4507894;582938624;33566720;540700672;0;0;0;0;0;0;0;0;0;0;0;4749;0;0;0;0;0;0;
29647;2860885;582938624;33566720;540700672;0;0;0;0;0;0;0;0;0;0;0;3927;0;0;0;0;0;0;
29648;4273394;582938624;33566720;540700672;0;0;0;0;0;0;0;0;0;0;0;1803;0;0;0;0;0;0;
29649;2836490;582938624;33566720;540700672;0;0;0;0;0;0;0;0;0;0;0;3126;0;0;0;0;0;0;
29650;4359336;582938624;33566720;540700672;0;0;0;0;0;0;0;0;0;0;0;2595;0;0;0;0;0;0;
29651;2650661;582938624;33566720;540700672;0;0;0;0;0;0;0;0;0;0;0;2745;0;0;0;0;0;0;
29652;4484490;582938624;33566720;540700672;0;0;0;0;0;0;0;0;0;0;0;2195;0;0;0;0;0;0;
29653;2544442;582938624;33566720;540700672;0;0;0;0;0;0;0;0;0;0;0;2174;0;0;0;0;0;0;
29654;4281719;582938624;33566720;540700672;0;0;0;0;0;0;0;0;0;0;0;1844;0;0;0;0;0;0;
29655;3067894;582938624;33566720;540700672;0;0;0;0;0;0;0;0;0;0;0;3687;0;0;0;0;0;0;
29656;4387127;582938624;33566720;540700672;0;0;0;0;0;0;0;0;0;0;0;2355;0;0;0;0;0;0;
29657;2857719;582938624;33566720;540700672;0;0;0;0;0;0;0;0;0;0;0;3156;0;0;0;0;0;0;
29658;4754546;582938624;33566720;540700672;0;0;0;0;0;0;0;0;0;0;0;3366;0;0;0;0;0;0;
29659;2866757;582938624;33566720;540700672;0;0;0;0;0;0;0;0;0;0;0;3326;0;0;0;0;0;0;
29660;4801334;582938624;33566720;540700672;0;0;0;0;0;0;0;0;0;0;0;4699;0;0;0;0;0;0;
29661;2737243;582938624;33566720;540700672;0;0;0;0;0;0;0;0;0;0;0;4278;0;0;0;0;0;0;
29662;4866276;582938624;33566720;540700672;0;0;0;0;0;0;0;0;0;0;0;2905;0;0;0;0;0;0;
29663;2957727;582938624;33566720;540700672;0;0;0;0;0;0;0;0;0;0;0;3627;0;0;0;0;0;0;
29664;5514672;582938624;33566720;540700672;0;0;0;0;0;0;0;0;0;0;0;3516;0;0;0;0;0;0;
29665;2805852;582938624;33566720;540700672;0;0;0;0;0;0;0;0;0;0;0;3447;0;0;0;0;0;0;
29666;4921008;582938624;33566720;540700672;0;0;0;0;0;0;0;0;0;0;0;4208;0;0;0;0;0;0;
29667;3071991;582938624;33566720;540700672;0;0;0;0;0;0;0;0;0;0;0;3947;0;0;0;0;0;0;
29668;4544112;582938624;33566720;540700672;0;0;0;0;0;0;0;0;0;0;0;2946;0;0;0;0;0;0;
29669;3067773;582938624;33566720;540700672;0;0;0;0;0;0;0;0;0;0;0;3597;0;0;0;0;0;0;
29670;4715072;582938624;33566720;540700672;0;0;0;0;0;0;0;0;0;0;0;2825;0;0;0;0;0;0;
29671;3140911;582938624;33566720;540700672;0;0;0;0;0;0;0;0;0;0;0;3857;0;0;0;0;0;0;
29672;4618301;582938624;33566720;540700672;0;0;0;0;0;0;0;0;0;0;0;2845;0;0;0;0;0;0;
29673;3264652;582938624;33566720;540700672;0;0;0;0;0;0;0;0;0;0;0;4028;0;0;0;0;0;0;
29674;4430298;582938624;33566720;540700672;0;0;0;0;0;0;0;0;0;0;0;2855;0;0;0;0;0;0;
29675;3444260;582938624;33566720;540700672;0;0;0;0;0;0;0;0;0;0;0;2865;0;0;0;0;0;0;
29676;4477036;582938624;33566720;540700672;0;0;0;0;0;0;0;0;0;0;0;2545;0;0;0;0;0;0;
29677;3289019;582938624;33566720;540700672;0;0;0;0;0;0;0;0;0;0;0;3917;0;0;0;0;0;0;
29678;4496413;582938624;33566720;540700672;0;0;0;0;0;0;0;0;0;0;0;3236;0;0;0;0;0;0;
29679;3378656;582938624;33566720;540700672;0;0;0;0;0;0;0;0;0;0;0;5340;0;0;0;0;0;0;
29680;4674376;582938624;33566720;540700672;0;0;0;0;0;0;0;0;0;0;0;2735;0;0;0;0;0;0;
29681;2608792;582938624;33566720;540700672;0;0;0;0;0;0;0;0;0;0;0;2825;0;0;0;0;0;0;
29682;5233876;582938624;33566720;540700672;0;0;0;0;0;0;0;0;0;0;0;3686;0;0;0;0;0;0;
29683;3182909;582938624;33566720;540700672;0;0;0;0;0;0;0;0;0;0;0;3186;0;0;0;0;0;0;
29684;5093542;582938624;33566720;540700672;0;0;0;0;0;0;0;0;0;0;0;3857;0;0;0;0;0;0;
29685;3266716;582938624;33566720;540700672;0;0;0;0;0;0;0;0;0;0;0;3717;0;0;0;0;0;0;
29686;5123799;582938624;33566720;540700672;0;0;0;0;0;0;0;0;0;0;0;3436;0;0;0;0;0;0;
29687;3323583;582938624;33566720;540700672;0;0;0;0;0;0;0;0;0;0;0;4008;0;0;0;0;0;0;
29688;5126274;582938624;33566720;540700672;0;0;0;0;0;0;0;0;0;0;0;2805;0;0;0;0;0;0;
29689;3287165;582938624;33566720;540700672;0;0;0;0;0;0;0;0;0;0;0;3487;0;0;0;0;0;0;
29690;5604882;582938624;33566720;540700672;0;0;0;0;0;0;0;0;0;0;0;2956;0;0;0;0;0;0;
29691;3247851;582938624;33566720;540700672;0;0;0;0;0;0;0;0;0;0;0;3427;0;0;0;0;0;0;
29692;5116024;582938624;33566720;540700672;0;0;0;0;0;0;0;0;0;0;0;3757;0;0;0;0;0;0;
29693;2863299;582938624;33566720;540700672;0;0;0;0;0;0;0;0;0;0;0;3887;0;0;0;0;0;0;
29694;5188410;582938624;33566720;540700672;0;0;0;0;0;0;0;0;0;0;0;4298;0;0;0;0;0;0;
29695;2694143;582938624;33566720;540700672;0;0;0;0;0;0;0;0;0;0;0;3557;0;0;0;0;0;0;
29696;4652866;582938624;33566720;540700672;0;0;0;0;0;0;0;0;0;0;0;3356;0;0;0;0;0;0;
29697;2722355;582938624;33566720;540700672;0;0;0;0;0;0;0;0;0;0;0;3507;0;0;0;0;0;0;
29698;4448142;582938624;33566720;540700672;0;0;0;0;0;0;0;0;0;0;0;2756;0;0;0;0;0;0;
29699;2909156;582938624;33566720;540700672;0;0;0;0;0;0;0;0;0;0;0;2835;0;0;0;0;0;0;
29700;4746953;582938624;33566720;540700672;0;0;0;0;0;0;0;0;0;0;0;3667;0;0;0;0;0;0;
29701;2748094;582938624;33566720;540700672;0;0;0;0;0;0;0;0;0;0;0;3076;0;0;0;0;0;0;
29702;4914206;582938624;33566720;540700672;0;0;0;0;0;0;0;0;0;0;0;4368;0;0;0;0;0;0;
29703;2694172;582938624;33566720;540700672;0;0;0;0;0;0;0;0;0;0;0;2605;0;0;0;0;0;0;
29704;4922641;582938624;33566720;540700672;0;0;0;0;0;0;0;0;0;0;0;4328;0;0;0;0;0;0;
29705;2569890;582938624;33566720;540700672;0;0;0;0;0;0;0;0;0;0;0;3026;0;0;0;0;0;0;
29706;4708219;582938624;33566720;540700672;0;0;0;0;0;0;0;0;0;0;0;3326;0;0;0;0;0;0;
29707;2942839;582938624;33566720;540700672;0;0;0;0;0;0;0;0;0;0;0;3246;0;0;0;0;0;0;
29708;4478669;582938624;33566720;540700672;0;0;0;0;0;0;0;0;0;0;0;2274;0;0;0;0;0;0;
29709;2722526;582938624;33566720;540700672;0;0;0;0;0;0;0;0;0;0;0;3306;0;0;0;0;0;0;
29710;4308420;582938624;33566720;540700672;0;0;0;0;0;0;0;0;0;0;0;2545;0;0;0;0;0;0;
29711;3273609;582938624;33566720;540700672;0;0;0;0;0;0;0;0;0;0;0;2805;0;0;0;0;0;0;
29712;4516601;582938624;33566720;540700672;0;0;0;0;0;0;0;0;0;0;0;3286;0;0;0;0;0;0;
29713;3345464;582938624;33566720;540700672;0;0;0;0;0;0;0;0;0;0;0;4128;0;0;0;0;0;0;
29714;4533552;582938624;33566720;540700672;0;0;0;0;0;0;0;0;0;0;0;2504;0;0;0;0;0;0;
29715;3413852;582938624;33566720;540700672;0;0;0;0;0;0;0;0;0;0;0;3287;0;0;0;0;0;0;
29716;4550204;582938624;33566720;540700672;0;0;0;0;0;0;0;0;0;0;0;2374;0;0;0;0;0;0;
29717;2660209;582938624;33566720;540700672;0;0;0;0;0;0;0;0;0;0;0;3827;0;0;0;0;0;0;
29718;4240472;582938624;33566720;540700672;0;0;0;0;0;0;0;0;0;0;0;2024;0;0;0;0;0;0;
29719;2595217;582938624;33566720;540700672;0;0;0;0;0;0;0;0;0;0;0;2916;0;0;0;0;0;0;
29720;4392358;582938624;33566720;540700672;0;0;0;0;0;0;0;0;0;0;0;2825;0;0;0;0;0;0;
29721;3116515;582938624;33566720;540700672;0;0;0;0;0;0;0;0;0;0;0;2475;0;0;0;0;0;0;
29722;4394472;582938624;33566720;540700672;0;0;0;0;0;0;0;0;0;0;0;2615;0;0;0;0;0;0;
29723;3099263;582938624;33566720;540700672;0;0;0;0;0;0;0;0;0;0;0;2835;0;0;0;0;0;0;
29724;4719621;582938624;33566720;540700672;0;0;0;0;0;0;0;0;0;0;0;2324;0;0;0;0;0;0;
29725;3217083;582938624;33566720;540700672;0;0;0;0;0;0;0;0;0;0;0;3977;0;0;0;0;0;0;
29726;4452300;582938624;33566720;540700672;0;0;0;0;0;0;0;0;0;0;0;2695;0;0;0;0;0;0;
29727;3372435;582938624;33566720;540700672;0;0;0;0;0;0;0;0;0;0;0;4709;0;0;0;0;0;0;
29728;4891774;582938624;33566720;540700672;0;0;0;0;0;0;0;0;0;0;0;3857;0;0;0;0;0;0;
29729;3954987;582938624;33566720;540700672;0;0;0;0;0;0;0;0;0;0;0;4819;0;0;0;0;0;0;
29730;4718088;582938624;33566720;540700672;0;0;0;0;0;0;0;0;0;0;0;3296;0;0;0;0;0;0;
29731;4172254;582938624;33566720;540700672;0;0;0;0;0;0;0;0;0;0;0;3216;0;0;0;0;0;0;
29732;4527040;582938624;33566720;540700672;0;0;0;0;0;0;0;0;0;0;0;3246;0;0;0;0;0;0;
29733;3909342;582938624;33566720;540700672;0;0;0;0;0;0;0;0;0;0;0;3667;0;0;0;0;0;0;
29734;4380856;582938624;33566720;540700672;0;0;0;0;0;0;0;0;0;0;0;2806;0;0;0;0;0;0;
29735;3974624;582938624;33566720;540700672;0;0;0;0;0;0;0;0;0;0;0;3287;0;0;0;0;0;0;
29736;4919415;582938624;33566720;540700672;0;0;0;0;0;0;0;0;0;0;0;2896;0;0;0;0;0;0;
29737;3403083;582938624;33566720;540700672;0;0;0;0;0;0;0;0;0;0;0;3156;0;0;0;0;0;0;
29738;4972035;582938624;33566720;540700672;0;0;0;0;0;0;0;0;0;0;0;3056;0;0;0;0;0;0;
29739;3439811;582938624;33566720;540700672;0;0;0;0;0;0;0;0;0;0;0;3206;0;0;0;0;0;0;
29740;4635864;582938624;33566720;540700672;0;0;0;0;0;0;0;0;0;0;0;3507;0;0;0;0;0;0;
29741;3764941;582938624;33566720;540700672;0;0;0;0;0;0;0;0;0;0;0;3687;0;0;0;0;0;0;
29742;4909708;582938624;33566720;540700672;0;0;0;0;0;0;0;0;0;0;0;3817;0;0;0;0;0;0;
29743;3723733;582938624;33566720;540700672;0;0;0;0;0;0;0;0;0;0;0;4959;0;0;0;0;0;0;
29744;4926459;582938624;33566720;540700672;0;0;0;0;0;0;0;0;0;0;0;3707;0;0;0;0;0;0;
29745;4273314;582938624;33566720;540700672;0;0;0;0;0;0;0;0;0;0;0;3787;0;0;0;0;0;0;
29746;5688678;582938624;33566720;540700672;0;0;0;0;0;0;0;0;0;0;0;3938;0;0;0;0;0;0;
29747;4219182;582938624;33566720;540700672;0;0;0;0;0;0;0;0;0;0;0;4048;0;0;0;0;0;0;
29748;5172651;582938624;33566720;540700672;0;0;0;0;0;0;0;0;0;0;0;4228;0;0;0;0;0;0;
29749;4462128;582938624;33566720;540700672;0;0;0;0;0;0;0;0;0;0;0;4107;0;0;0;0;0;0;
29750;5178742;582938624;33566720;540700672;0;0;0;0;0;0;0;0;0;0;0;3637;0;0;0;0;0;0;
29751;2961524;582938624;33566720;540700672;0;0;0;0;0;0;0;0;0;0;0;3247;0;0;0;0;0;0;
29752;4891814;582938624;33566720;540700672;0;0;0;0;0;0;0;0;0;0;0;4939;0;0;0;0;0;0;
29753;2451498;582938624;33566720;540700672;0;0;0;0;0;0;0;0;0;0;0;3166;0;0;0;0;0;0;
29754;4846950;582938624;33566720;540700672;0;0;0;0;0;0;0;0;0;0;0;3827;0;0;0;0;0;0;
29755;2470002;582938624;33566720;540700672;0;0;0;0;0;0;0;0;0;0;0;3066;0;0;0;0;0;0;
29756;4858171;582938624;33566720;540700672;0;0;0;0;0;0;0;0;0;0;0;4989;0;0;0;0;0;0;
29757;2521529;582938624;33566720;540700672;0;0;0;0;0;0;0;0;0;0;0;2805;0;0;0;0;0;0;
29758;4498957;582938624;33566720;540700672;0;0;0;0;0;0;0;0;0;0;0;2595;0;0;0;0;0;0;
29759;2739047;582938624;33566720;540700672;0;0;0;0;0;0;0;0;0;0;0;2966;0;0;0;0;0;0;
29760;7307014;582938624;33566720;540700672;0;0;0;0;0;0;0;0;0;0;0;2294;0;0;0;0;0;0;
29761;9756186;582938624;33566720;540700672;0;0;0;0;0;0;0;0;0;0;0;2655;0;0;0;0;0;0;
29762;4540024;582938624;33566720;540700672;0;0;0;0;0;0;0;0;0;0;0;2354;0;0;0;0;0;0;
29763;3009895;582938624;33566720;540700672;0;0;0;0;0;0;0;0;0;0;0;4268;0;0;0;0;0;0;
29764;4729841;582938624;33566720;540700672;0;0;0;0;0;0;0;0;0;0;0;2495;0;0;0;0;0;0;
29765;2848211;582938624;33566720;540700672;0;0;0;0;0;0;0;0;0;0;0;3847;0;0;0;0;0;0;
29766;4728839;582938624;33566720;540700672;0;0;0;0;0;0;0;0;0;0;0;2074;0;0;0;0;0;0;
29767;3063947;582938624;33566720;540700672;0;0;0;0;0;0;0;0;0;0;0;2695;0;0;0;0;0;0;
29768;4876315;582938624;33566720;540700672;0;0;0;0;0;0;0;0;0;0;0;3056;0;0;0;0;0;0;
29769;3110794;582938624;33566720;540700672;0;0;0;0;0;0;0;0;0;0;0;3397;0;0;0;0;0;0;
29770;4727887;582938624;33566720;540700672;0;0;0;0;0;0;0;0;0;0;0;2875;0;0;0;0;0;0;
29771;3344483;582938624;33566720;540700672;0;0;0;0;0;0;0;0;0;0;0;3436;0;0;0;0;0;0;
29772;4444635;582938624;33566720;540700672;0;0;0;0;0;0;0;0;0;0;0;2695;0;0;0;0;0;0;
29773;3087560;582938624;33566720;540700672;0;0;0;0;0;0;0;0;0;0;0;3416;0;0;0;0;0;0;
29774;4473009;582938624;33566720;540700672;0;0;0;0;0;0;0;0;0;0;0;2405;0;0;0;0;0;0;
29775;2863600;582938624;33566720;540700672;0;0;0;0;0;0;0;0;0;0;0;4649;0;0;0;0;0;0;
29776;4395844;582938624;33566720;540700672;0;0;0;0;0;0;0;0;0;0;0;2675;0;0;0;0;0;0;
29777;3225830;582938624;33566720;540700672;0;0;0;0;0;0;0;0;0;0;0;3246;0;0;0;0;0;0;
29778;5359130;582938624;33566720;540700672;0;0;0;0;0;0;0;0;0;0;0;3627;0;0;0;0;0;0;
29779;3212875;582938624;33566720;540700672;0;0;0;0;0;0;0;0;0;0;0;3026;0;0;0;0;0;0;
29780;5085908;582938624;33566720;540700672;0;0;0;0;0;0;0;0;0;0;0;3828;0;0;0;0;0;0;
29781;2783470;582938624;33566720;540700672;0;0;0;0;0;0;0;0;0;0;0;3897;0;0;0;0;0;0;
29782;4991011;582938624;33566720;540700672;0;0;0;0;0;0;0;0;0;0;0;3857;0;0;0;0;0;0;
29783;3177329;582938624;33566720;540700672;0;0;0;0;0;0;0;0;0;0;0;3586;0;0;0;0;0;0;
29784;4766419;582938624;33566720;540700672;0;0;0;0;0;0;0;0;0;0;0;3156;0;0;0;0;0;0;
29785;3688367;582938624;33566720;540700672;0;0;0;0;0;0;0;0;0;0;0;3737;0;0;0;0;0;0;
29786;4636375;582938624;33566720;540700672;0;0;0;0;0;0;0;0;0;0;0;3156;0;0;0;0;0;0;
29787;3342568;582938624;33566720;540700672;0;0;0;0;0;0;0;0;0;0;0;3216;0;0;0;0;0;0;
29788;4577495;582938624;33566720;540700672;0;0;0;0;0;0;0;0;0;0;0;2895;0;0;0;0;0;0;
29789;3512477;582938624;33566720;540700672;0;0;0;0;0;0;0;0;0;0;0;3426;0;0;0;0;0;0;
29790;4942178;582938624;33566720;540700672;0;0;0;0;0;0;0;0;0;0;0;3066;0;0;0;0;0;0;
29791;3705058;582938624;33566720;540700672;0;0;0;0;0;0;0;0;0;0;0;4608;0;0;0;0;0;0;
29792;4640864;582938624;33566720;540700672;0;0;0;0;0;0;0;0;0;0;0;2454;0;0;0;0;0;0;
29793;4036029;582938624;33566720;540700672;0;0;0;0;0;0;0;0;0;0;0;3477;0;0;0;0;0;0;
29794;5007151;582938624;33566720;540700672;0;0;0;0;0;0;0;0;0;0;0;3216;0;0;0;0;0;0;
29795;4229963;582938624;33566720;540700672;0;0;0;0;0;0;0;0;0;0;0;3838;0;0;0;0;0;0;
29796;5549247;582938624;33566720;540700672;0;0;0;0;0;0;0;0;0;0;0;3186;0;0;0;0;0;0;
29797;4037602;582938624;33566720;540700672;0;0;0;0;0;0;0;0;0;0;0;4549;0;0;0;0;0;0;
29798;4651684;582938624;33566720;540700672;0;0;0;0;0;0;0;0;0;0;0;3316;0;0;0;0;0;0;
29799;3697985;582938624;33566720;540700672;0;0;0;0;0;0;0;0;0;0;0;4208;0;0;0;0;0;0;
29800;4486865;582938624;33566720;540700672;0;0;0;0;0;0;0;0;0;0;0;3266;0;0;0;0;0;0;
29801;3549787;582938624;33566720;540700672;0;0;0;0;0;0;0;0;0;0;0;3978;0;0;0;0;0;0;
29802;4650160;582938624;33566720;540700672;0;0;0;0;0;0;0;0;0;0;0;2915;0;0;0;0;0;0;
29803;3560247;582938624;33566720;540700672;0;0;0;0;0;0;0;0;0;0;0;4489;0;0;0;0;0;0;
29804;4540595;582938624;33566720;540700672;0;0;0;0;0;0;0;0;0;0;0;2846;0;0;0;0;0;0;
29805;3466822;582938624;33566720;540700672;0;0;0;0;0;0;0;0;0;0;0;4339;0;0;0;0;0;0;
29806;5031485;582938624;33566720;540700672;0;0;0;0;0;0;0;0;0;0;0;3135;0;0;0;0;0;0;
29807;3251969;582938624;33566720;540700672;0;0;0;0;0;0;0;0;0;0;0;4148;0;0;0;0;0;0;
29808;4685727;582938624;33566720;540700672;0;0;0;0;0;0;0;0;0;0;0;2965;0;0;0;0;0;0;
29809;3516986;582938624;33566720;540700672;0;0;0;0;0;0;0;0;0;0;0;3707;0;0;0;0;0;0;
29810;4663295;582938624;33566720;540700672;0;0;0;0;0;0;0;0;0;0;0;3967;0;0;0;0;0;0;
29811;3292635;582938624;33566720;540700672;0;0;0;0;0;0;0;0;0;0;0;3457;0;0;0;0;0;0;
29812;4651844;582938624;33566720;540700672;0;0;0;0;0;0;0;0;0;0;0;3136;0;0;0;0;0;0;
29813;3269331;582938624;33566720;540700672;0;0;0;0;0;0;0;0;0;0;0;3857;0;0;0;0;0;0;
29814;4595138;582938624;33566720;540700672;0;0;0;0;0;0;0;0;0;0;0;2855;0;0;0;0;0;0;
29815;3468375;582938624;33566720;540700672;0;0;0;0;0;0;0;0;0;0;0;4368;0;0;0;0;0;0;
29816;5140991;582938624;33566720;540700672;0;0;0;0;0;0;0;0;0;0;0;3406;0;0;0;0;0;0;
29817;3486238;582938624;33566720;540700672;0;0;0;0;0;0;0;0;0;0;0;3758;0;0;0;0;0;0;
29818;4822123;582938624;33566720;540700672;0;0;0;0;0;0;0;0;0;0;0;4469;0;0;0;0;0;0;
29819;3416276;582938624;33566720;540700672;0;0;0;0;0;0;0;0;0;0;0;4628;0;0;0;0;0;0;
29820;4811543;582938624;33566720;540700672;0;0;0;0;0;0;0;0;0;0;0;4428;0;0;0;0;0;0;
29821;3460279;582938624;33566720;540700672;0;0;0;0;0;0;0;0;0;0;0;4118;0;0;0;0;0;0;
29822;5139719;582938624;33566720;540700672;0;0;0;0;0;0;0;0;0;0;0;3637;0;0;0;0;0;0;
29823;3433750;582938624;33566720;540700672;0;0;0;0;0;0;0;0;0;0;0;3266;0;0;0;0;0;0;
29824;4826081;582938624;33566720;540700672;0;0;0;0;0;0;0;0;0;0;0;3506;0;0;0;0;0;0;
29825;3756756;582938624;33566720;540700672;0;0;0;0;0;0;0;0;0;0;0;4789;0;0;0;0;0;0;
29826;4795954;582938624;33566720;540700672;0;0;0;0;0;0;0;0;0;0;0;4268;0;0;0;0;0;0;
29827;4002536;582938624;33566720;540700672;0;0;0;0;0;0;0;0;0;0;0;4047;0;0;0;0;0;0;
29828;5015396;582938624;33566720;540700672;0;0;0;0;0;0;0;0;0;0;0;3988;0;0;0;0;0;0;
29829;3534278;582938624;33566720;540700672;0;0;0;0;0;0;0;0;0;0;0;3306;0;0;0;0;0;0;
29830;5178762;582938624;33566720;540700672;0;0;0;0;0;0;0;0;0;0;0;4088;0;0;0;0;0;0;
29831;3847165;582938624;33566720;540700672;0;0;0;0;0;0;0;0;0;0;0;3907;0;0;0;0;0;0;
29832;5159426;582938624;33566720;540700672;0;0;0;0;0;0;0;0;0;0;0;4799;0;0;0;0;0;0;
29833;4638690;582938624;33566720;540700672;0;0;0;0;0;0;0;0;0;0;0;4158;0;0;0;0;0;0;
29834;5237402;582938624;33566720;540700672;0;0;0;0;0;0;0;0;0;0;0;3998;0;0;0;0;0;0;
29835;4422083;582938624;33566720;540700672;0;0;0;0;0;0;0;0;0;0;0;4738;0;0;0;0;0;0;
29836;5379318;582938624;33566720;540700672;0;0;0;0;0;0;0;0;0;0;0;4248;0;0;0;0;0;0;
29837;4366328;582938624;33566720;540700672;0;0;0;0;0;0;0;0;0;0;0;4047;0;0;0;0;0;0;
29838;5239746;582938624;33566720;540700672;0;0;0;0;0;0;0;0;0;0;0;4469;0;0;0;0;0;0;
29839;4775867;582938624;33566720;540700672;0;0;0;0;0;0;0;0;0;0;0;4659;0;0;0;0;0;0;
29840;5323714;582938624;33566720;540700672;0;0;0;0;0;0;0;0;0;0;0;4779;0;0;0;0;0;0;
29841;4745740;582938624;33566720;540700672;0;0;0;0;0;0;0;0;0;0;0;4248;0;0;0;0;0;0;
29842;4919215;582938624;33566720;540700672;0;0;0;0;0;0;0;0;0;0;0;4469;0;0;0;0;0;0;
29843;4292419;582938624;33566720;540700672;0;0;0;0;0;0;0;0;0;0;0;3807;0;0;0;0;0;0;
29844;4709693;582938624;33566720;540700672;0;0;0;0;0;0;0;0;0;0;0;2835;0;0;0;0;0;0;
29845;3621502;582938624;33566720;540700672;0;0;0;0;0;0;0;0;0;0;0;3606;0;0;0;0;0;0;
29846;4527170;582938624;33566720;540700672;0;0;0;0;0;0;0;0;0;0;0;2645;0;0;0;0;0;0;
29847;3696993;582938624;33566720;540700672;0;0;0;0;0;0;0;0;0;0;0;3426;0;0;0;0;0;0;
29848;4659068;582938624;33566720;540700672;0;0;0;0;0;0;0;0;0;0;0;2846;0;0;0;0;0;0;
29849;3255616;582938624;33566720;540700672;0;0;0;0;0;0;0;0;0;0;0;3948;0;0;0;0;0;0;
29850;4907093;582938624;33566720;540700672;0;0;0;0;0;0;0;0;0;0;0;4117;0;0;0;0;0;0;
29851;3783606;582938624;33566720;540700672;0;0;0;0;0;0;0;0;0;0;0;3737;0;0;0;0;0;0;
29852;4925027;582938624;33566720;540700672;0;0;0;0;0;0;0;0;0;0;0;4008;0;0;0;0;0;0;
29853;3477973;582938624;33566720;540700672;0;0;0;0;0;0;0;0;0;0;0;4228;0;0;0;0;0;0;
29854;4704423;582938624;33566720;540700672;0;0;0;0;0;0;0;0;0;0;0;2845;0;0;0;0;0;0;
29855;3309657;582938624;33566720;540700672;0;0;0;0;0;0;0;0;0;0;0;3266;0;0;0;0;0;0;
29856;4809670;582938624;33566720;540700672;0;0;0;0;0;0;0;0;0;0;0;4038;0;0;0;0;0;0;
29857;3238874;582938624;33566720;540700672;0;0;0;0;0;0;0;0;0;0;0;3977;0;0;0;0;0;0;
29858;4902223;582938624;33566720;540700672;0;0;0;0;0;0;0;0;0;0;0;4619;0;0;0;0;0;0;
29859;3500274;582938624;33566720;540700672;0;0;0;0;0;0;0;0;0;0;0;4399;0;0;0;0;0;0;
29860;5209971;582938624;33566720;540700672;0;0;0;0;0;0;0;0;0;0;0;4398;0;0;0;0;0;0;
29861;3265724;582938624;33566720;540700672;0;0;0;0;0;0;0;0;0;0;0;4208;0;0;0;0;0;0;
29862;5273299;582938624;33566720;540700672;0;0;0;0;0;0;0;0;0;0;0;3596;0;0;0;0;0;0;
29863;3769199;582938624;33566720;540700672;0;0;0;0;0;0;0;0;0;0;0;3797;0;0;0;0;0;0;
29864;5211013;582938624;33566720;540700672;0;0;0;0;0;0;0;0;0;0;0;4899;0;0;0;0;0;0;
29865;4077587;582938624;33566720;540700672;0;0;0;0;0;0;0;0;0;0;0;4368;0;0;0;0;0;0;
29866;5104794;582938624;33566720;540700672;0;0;0;0;0;0;0;0;0;0;0;3677;0;0;0;0;0;0;
29867;4210977;582938624;33566720;540700672;0;0;0;0;0;0;0;0;0;0;0;4619;0;0;0;0;0;0;
29868;4935145;582938624;33566720;540700672;0;0;0;0;0;0;0;0;0;0;0;3697;0;0;0;0;0;0;
29869;4207941;582938624;33566720;540700672;0;0;0;0;0;0;0;0;0;0;0;4288;0;0;0;0;0;0;
29870;4908866;582938624;33566720;540700672;0;0;0;0;0;0;0;0;0;0;0;3467;0;0;0;0;0;0;
29871;3956560;582938624;33566720;540700672;0;0;0;0;0;0;0;0;0;0;0;3467;0;0;0;0;0;0;
29872;5114401;582938624;33566720;540700672;0;0;0;0;0;0;0;0;0;0;0;3597;0;0;0;0;0;0;
29873;3475138;582938624;33566720;540700672;0;0;0;0;0;0;0;0;0;0;0;4177;0;0;0;0;0;0;
29874;4946677;582938624;33566720;540700672;0;0;0;0;0;0;0;0;0;0;0;3006;0;0;0;0;0;0;
29875;3616543;582938624;33566720;540700672;0;0;0;0;0;0;0;0;0;0;0;4258;0;0;0;0;0;0;
29876;5093462;582938624;33566720;540700672;0;0;0;0;0;0;0;0;0;0;0;5290;0;0;0;0;0;0;
29877;3650185;582938624;33566720;540700672;0;0;0;0;0;0;0;0;0;0;0;4328;0;0;0;0;0;0;
29878;4878269;582938624;33566720;540700672;0;0;0;0;0;0;0;0;0;0;0;12434;0;0;0;0;0;0;
29879;3329334;582938624;33566720;540700672;0;0;0;0;0;0;0;0;0;0;0;4088;0;0;0;0;0;0;
29880;4753274;582938624;33566720;540700672;0;0;0;0;0;0;0;0;0;0;0;3917;0;0;0;0;0;0;
29881;3312893;582938624;33566720;540700672;0;0;0;0;0;0;0;0;0;0;0;4008;0;0;0;0;0;0;
29882;5020255;582938624;33566720;540700672;0;0;0;0;0;0;0;0;0;0;0;4268;0;0;0;0;0;0;
29883;3375751;582938624;33566720;540700672;0;0;0;0;0;0;0;0;0;0;0;3988;0;0;0;0;0;0;
29884;4817184;582938624;33566720;540700672;0;0;0;0;0;0;0;0;0;0;0;3196;0;0;0;0;0;0;
29885;3387453;582938624;33566720;540700672;0;0;0;0;0;0;0;0;0;0;0;3417;0;0;0;0;0;0;
29886;4606779;582938624;33566720;540700672;0;0;0;0;0;0;0;0;0;0;0;2936;0;0;0;0;0;0;
29887;3523778;582938624;33566720;540700672;0;0;0;0;0;0;0;0;0;0;0;3967;0;0;0;0;0;0;
29888;4576734;582938624;33566720;540700672;0;0;0;0;0;0;0;0;0;0;0;2785;0;0;0;0;0;0;
29889;3906045;582938624;33566720;540700672;0;0;0;0;0;0;0;0;0;0;0;3055;0;0;0;0;0;0;
29890;4414930;582938624;33566720;540700672;0;0;0;0;0;0;0;0;0;0;0;2595;0;0;0;0;0;0;
29891;3694439;582938624;33566720;540700672;0;0;0;0;0;0;0;0;0;0;0;4879;0;0;0;0;0;0;
29892;4792688;582938624;33566720;540700672;0;0;0;0;0;0;0;0;0;0;0;3296;0;0;0;0;0;0;
29893;3287275;582938624;33566720;540700672;0;0;0;0;0;0;0;0;0;0;0;4829;0;0;0;0;0;0;
29894;4700636;582938624;33566720;540700672;0;0;0;0;0;0;0;0;0;0;0;3036;0;0;0;0;0;0;
29895;3529429;582938624;33566720;540700672;0;0;0;0;0;0;0;0;0;0;0;4579;0;0;0;0;0;0;
29896;4800113;582938624;33566720;540700672;0;0;0;0;0;0;0;0;0;0;0;3125;0;0;0;0;0;0;
29897;3604990;582938624;33566720;540700672;0;0;0;0;0;0;0;0;0;0;0;4829;0;0;0;0;0;0;
29898;5073835;582938624;33566720;540700672;0;0;0;0;0;0;0;0;0;0;0;3226;0;0;0;0;0;0;
29899;4165332;582938624;33566720;540700672;0;0;0;0;0;0;0;0;0;0;0;3547;0;0;0;0;0;0;
29900;4663686;582938624;33566720;540700672;0;0;0;0;0;0;0;0;0;0;0;2905;0;0;0;0;0;0;
29901;3741507;582938624;33566720;540700672;0;0;0;0;0;0;0;0;0;0;0;3798;0;0;0;0;0;0;
29902;4453222;582938624;33566720;540700672;0;0;0;0;0;0;0;0;0;0;0;2976;0;0;0;0;0;0;
29903;3807972;582938624;33566720;540700672;0;0;0;0;0;0;0;0;0;0;0;4037;0;0;0;0;0;0;
29904;4677622;582938624;33566720;540700672;0;0;0;0;0;0;0;0;0;0;0;3076;0;0;0;0;0;0;
29905;3378156;582938624;33566720;540700672;0;0;0;0;0;0;0;0;0;0;0;4167;0;0;0;0;0;0;
29906;4491974;582938624;33566720;540700672;0;0;0;0;0;0;0;0;0;0;0;2825;0;0;0;0;0;0;
29907;3807200;582938624;33566720;540700672;0;0;0;0;0;0;0;0;0;0;0;3186;0;0;0;0;0;0;
29908;4426261;582938624;33566720;540700672;0;0;0;0;0;0;0;0;0;0;0;2615;0;0;0;0;0;0;
29909;3982879;582938624;33566720;540700672;0;0;0;0;0;0;0;0;0;0;0;4679;0;0;0;0;0;0;
29910;4998133;582938624;33566720;540700672;0;0;0;0;0;0;0;0;0;0;0;3757;0;0;0;0;0;0;
29911;4899408;582938624;33566720;540700672;0;0;0;0;0;0;0;0;0;0;0;3607;0;0;0;0;0;0;
29912;5238684;582938624;33566720;540700672;0;0;0;0;0;0;0;0;0;0;0;3797;0;0;0;0;0;0;
29913;3236840;582938624;33566720;540700672;0;0;0;0;0;0;0;0;0;0;0;3236;0;0;0;0;0;0;
29914;4954612;582938624;33566720;540700672;0;0;0;0;0;0;0;0;0;0;0;3747;0;0;0;0;0;0;
29915;3354802;582938624;33566720;540700672;0;0;0;0;0;0;0;0;0;0;0;4579;0;0;0;0;0;0;
29916;4678204;582938624;33566720;540700672;0;0;0;0;0;0;0;0;0;0;0;3977;0;0;0;0;0;0;
29917;3236119;582938624;33566720;540700672;0;0;0;0;0;0;0;0;0;0;0;4628;0;0;0;0;0;0;
29918;5096418;582938624;33566720;540700672;0;0;0;0;0;0;0;0;0;0;0;4748;0;0;0;0;0;0;
29919;3636110;582938624;33566720;540700672;0;0;0;0;0;0;0;0;0;0;0;3416;0;0;0;0;0;0;
29920;5134229;582938624;33566720;540700672;0;0;0;0;0;0;0;0;0;0;0;4037;0;0;0;0;0;0;
29921;3796911;582938624;33566720;540700672;0;0;0;0;0;0;0;0;0;0;0;3797;0;0;0;0;0;0;
29922;5051063;582938624;33566720;540700672;0;0;0;0;0;0;0;0;0;0;0;3717;0;0;0;0;0;0;
29923;4231416;582938624;33566720;540700672;0;0;0;0;0;0;0;0;0;0;0;3887;0;0;0;0;0;0;
29924;4699934;582938624;33566720;540700672;0;0;0;0;0;0;0;0;0;0;0;3647;0;0;0;0;0;0;
29925;3284240;582938624;33566720;540700672;0;0;0;0;0;0;0;0;0;0;0;4498;0;0;0;0;0;0;
29926;4722176;582938624;33566720;540700672;0;0;0;0;0;0;0;0;0;0;0;4299;0;0;0;0;0;0;
29927;3694519;582938624;33566720;540700672;0;0;0;0;0;0;0;0;0;0;0;4108;0;0;0;0;0;0;
29928;4621317;582938624;33566720;540700672;0;0;0;0;0;0;0;0;0;0;0;3657;0;0;0;0;0;0;
29929;3468855;582938624;33566720;540700672;0;0;0;0;0;0;0;0;0;0;0;3878;0;0;0;0;0;0;
29930;4554581;582938624;33566720;540700672;0;0;0;0;0;0;0;0;0;0;0;3457;0;0;0;0;0;0;
29931;3518388;582938624;33566720;540700672;0;0;0;0;0;0;0;0;0;0;0;3557;0;0;0;0;0;0;
29932;4510439;582938624;33566720;540700672;0;0;0;0;0;0;0;0;0;0;0;2735;0;0;0;0;0;0;
29933;3432457;582938624;33566720;540700672;0;0;0;0;0;0;0;0;0;0;0;3577;0;0;0;0;0;0;
29934;4602662;582938624;33566720;540700672;0;0;0;0;0;0;0;0;0;0;0;2955;0;0;0;0;0;0;
29935;3413682;582938624;33566720;540700672;0;0;0;0;0;0;0;0;0;0;0;3687;0;0;0;0;0;0;
29936;4616568;582938624;33566720;540700672;0;0;0;0;0;0;0;0;0;0;0;2625;0;0;0;0;0;0;
29937;3200342;582938624;33566720;540700672;0;0;0;0;0;0;0;0;0;0;0;3106;0;0;0;0;0;0;
29938;4819579;582938624;33566720;540700672;0;0;0;0;0;0;0;0;0;0;0;2826;0;0;0;0;0;0;
29939;3413241;582938624;33566720;540700672;0;0;0;0;0;0;0;0;0;0;0;3527;0;0;0;0;0;0;
29940;4639200;582938624;33566720;540700672;0;0;0;0;0;0;0;0;0;0;0;3546;0;0;0;0;0;0;
29941;3295550;582938624;33566720;540700672;0;0;0;0;0;0;0;0;0;0;0;3997;0;0;0;0;0;0;
29942;4544903;582938624;33566720;540700672;0;0;0;0;0;0;0;0;0;0;0;2876;0;0;0;0;0;0;
29943;3953003;582938624;33566720;540700672;0;0;0;0;0;0;0;0;0;0;0;3817;0;0;0;0;0;0;
29944;4630483;582938624;33566720;540700672;0;0;0;0;0;0;0;0;0;0;0;2986;0;0;0;0;0;0;
29945;3918719;582938624;33566720;540700672;0;0;0;0;0;0;0;0;0;0;0;4047;0;0;0;0;0;0;
29946;4598133;582938624;33566720;540700672;0;0;0;0;0;0;0;0;0;0;0;3657;0;0;0;0;0;0;
29947;4113855;582938624;33566720;540700672;0;0;0;0;0;0;0;0;0;0;0;3677;0;0;0;0;0;0;
29948;4635724;582938624;33566720;540700672;0;0;0;0;0;0;0;0;0;0;0;3557;0;0;0;0;0;0;
29949;3830434;582938624;33566720;540700672;0;0;0;0;0;0;0;0;0;0;0;3436;0;0;0;0;0;0;
29950;4728147;582938624;33566720;540700672;0;0;0;0;0;0;0;0;0;0;0;3346;0;0;0;0;0;0;
29951;3953053;582938624;33566720;540700672;0;0;0;0;0;0;0;0;0;0;0;3306;0;0;0;0;0;0;
29952;4596631;582938624;33566720;540700672;0;0;0;0;0;0;0;0;0;0;0;3527;0;0;0;0;0;0;
29953;3927766;582938624;33566720;540700672;0;0;0;0;0;0;0;0;0;0;0;3637;0;0;0;0;0;0;
29954;4455666;582938624;33566720;540700672;0;0;0;0;0;0;0;0;0;0;0;2575;0;0;0;0;0;0;
29955;3463355;582938624;33566720;540700672;0;0;0;0;0;0;0;0;0;0;0;3396;0;0;0;0;0;0;
29956;4761690;582938624;33566720;540700672;0;0;0;0;0;0;0;0;0;0;0;2965;0;0;0;0;0;0;
29957;3613497;582938624;33566720;540700672;0;0;0;0;0;0;0;0;0;0;0;3717;0;0;0;0;0;0;
29958;4472498;582938624;33566720;540700672;0;0;0;0;0;0;0;0;0;0;0;2825;0;0;0;0;0;0;
29959;3226241;582938624;33566720;540700672;0;0;0;0;0;0;0;0;0;0;0;4248;0;0;0;0;0;0;
29960;4636515;582938624;33566720;540700672;0;0;0;0;0;0;0;0;0;0;0;3497;0;0;0;0;0;0;
29961;3236279;582938624;33566720;540700672;0;0;0;0;0;0;0;0;0;0;0;3407;0;0;0;0;0;0;
29962;4656793;582938624;33566720;540700672;0;0;0;0;0;0;0;0;0;0;0;3387;0;0;0;0;0;0;
29963;3344663;582938624;33566720;540700672;0;0;0;0;0;0;0;0;0;0;0;3877;0;0;0;0;0;0;
29964;5128658;582938624;33566720;540700672;0;0;0;0;0;0;0;0;0;0;0;4137;0;0;0;0;0;0;
29965;3229878;582938624;33566720;540700672;0;0;0;0;0;0;0;0;0;0;0;3537;0;0;0;0;0;0;
29966;4925748;582938624;33566720;540700672;0;0;0;0;0;0;0;0;0;0;0;4428;0;0;0;0;0;0;
29967;3259343;582938624;33566720;540700672;0;0;0;0;0;0;0;0;0;0;0;3206;0;0;0;0;0;0;
29968;4965742;582938624;33566720;540700672;0;0;0;0;0;0;0;0;0;0;0;3517;0;0;0;0;0;0;
29969;4173226;582938624;33566720;540700672;0;0;0;0;0;0;0;0;0;0;0;4168;0;0;0;0;0;0;
29970;5092470;582938624;33566720;540700672;0;0;0;0;0;0;0;0;0;0;0;4128;0;0;0;0;0;0;
29971;4047600;582938624;33566720;540700672;0;0;0;0;0;0;0;0;0;0;0;5630;0;0;0;0;0;0;
29972;4873560;582938624;33566720;540700672;0;0;0;0;0;0;0;0;0;0;0;4198;0;0;0;0;0;0;
29973;3560287;582938624;33566720;540700672;0;0;0;0;0;0;0;0;0;0;0;3517;0;0;0;0;0;0;
29974;4739499;582938624;33566720;540700672;0;0;0;0;0;0;0;0;0;0;0;3406;0;0;0;0;0;0;
29975;3251989;582938624;33566720;540700672;0;0;0;0;0;0;0;0;0;0;0;3887;0;0;0;0;0;0;
29976;4979518;582938624;33566720;540700672;0;0;0;0;0;0;0;0;0;0;0;3767;0;0;0;0;0;0;
29977;3211823;582938624;33566720;540700672;0;0;0;0;0;0;0;0;0;0;0;4258;0;0;0;0;0;0;
29978;4639611;582938624;33566720;540700672;0;0;0;0;0;0;0;0;0;0;0;3266;0;0;0;0;0;0;
29979;3150108;582938624;33566720;540700672;0;0;0;0;0;0;0;0;0;0;0;3216;0;0;0;0;0;0;
29980;4791285;582938624;33566720;540700672;0;0;0;0;0;0;0;0;0;0;0;3717;0;0;0;0;0;0;
29981;3065379;582938624;33566720;540700672;0;0;0;0;0;0;0;0;0;0;0;3286;0;0;0;0;0;0;
29982;4712649;582938624;33566720;540700672;0;0;0;0;0;0;0;0;0;0;0;4118;0;0;0;0;0;0;
29983;3145369;582938624;33566720;540700672;0;0;0;0;0;0;0;0;0;0;0;3176;0;0;0;0;0;0;
29984;4776788;582938624;33566720;540700672;0;0;0;0;0;0;0;0;0;0;0;4038;0;0;0;0;0;0;
29985;3396529;582938624;33566720;540700672;0;0;0;0;0;0;0;0;0;0;0;4509;0;0;0;0;0;0;
29986;4652695;582938624;33566720;540700672;0;0;0;0;0;0;0;0;0;0;0;3657;0;0;0;0;0;0;
29987;3241790;582938624;33566720;540700672;0;0;0;0;0;0;0;0;0;0;0;3075;0;0;0;0;0;0;
29988;4552527;582938624;33566720;540700672;0;0;0;0;0;0;0;0;0;0;0;2625;0;0;0;0;0;0;
29989;3388816;582938624;33566720;540700672;0;0;0;0;0;0;0;0;0;0;0;3506;0;0;0;0;0;0;
29990;4460956;582938624;33566720;540700672;0;0;0;0;0;0;0;0;0;0;0;2655;0;0;0;0;0;0;
29991;3271625;582938624;33566720;540700672;0;0;0;0;0;0;0;0;0;0;0;4017;0;0;0;0;0;0;
29992;4478178;582938624;33566720;540700672;0;0;0;0;0;0;0;0;0;0;0;2655;0;0;0;0;0;0;
29993;3396480;582938624;33566720;540700672;0;0;0;0;0;0;0;0;0;0;0;4037;0;0;0;0;0;0;
29994;4333617;582938624;33566720;540700672;0;0;0;0;0;0;0;0;0;0;0;2635;0;0;0;0;0;0;
29995;3059027;582938624;33566720;540700672;0;0;0;0;0;0;0;0;0;0;0;3467;0;0;0;0;0;0;
29996;10626339;582938624;33566720;540700672;0;0;0;0;0;0;0;0;0;0;0;3046;0;0;0;0;0;0;
29997;2783531;582938624;33566720;540700672;0;0;0;0;0;0;0;0;0;0;0;3616;0;0;0;0;0;0;
29998;4978727;582938624;33566720;540700672;0;0;0;0;0;0;0;0;0;0;0;4208;0;0;0;0;0;0;
29999;2981101;582938624;33566720;540700672;0;0;0;0;0;0;0;0;0;0;0;4268;0;0;0;0;0;0;
30000;4622208;582938624;33566720;540700672;0;0;0;0;0;0;0;0;0;0;0;2966;0;0;0;0;0;0;
30001;2916299;582938624;33566720;540700672;0;0;0;0;0;0;0;0;0;0;0;3307;0;0;0;0;0;0;
30002;4626877;582938624;33566720;540700672;0;0;0;0;0;0;0;0;0;0;0;2855;0;0;0;0;0;0;
30003;3485016;582938624;33566720;540700672;0;0;0;0;0;0;0;0;0;0;0;4839;0;0;0;0;0;0;
30004;4982053;582938624;33566720;540700672;0;0;0;0;0;0;0;0;0;0;0;4188;0;0;0;0;0;0;
30005;4256343;582938624;33566720;540700672;0;0;0;0;0;0;0;0;0;0;0;3907;0;0;0;0;0;0;
30006;5145961;582938624;33566720;540700672;0;0;0;0;0;0;0;0;0;0;0;5370;0;0;0;0;0;0;
30007;4302469;582938624;33566720;540700672;0;0;0;0;0;0;0;0;0;0;0;3928;0;0;0;0;0;0;
30008;5032498;582938624;33566720;540700672;0;0;0;0;0;0;0;0;0;0;0;3877;0;0;0;0;0;0;
30009;3645587;582938624;33566720;540700672;0;0;0;0;0;0;0;0;0;0;0;4748;0;0;0;0;0;0;
30010;4730011;582938624;33566720;540700672;0;0;0;0;0;0;0;0;0;0;0;3346;0;0;0;0;0;0;
30011;3631681;582938624;33566720;540700672;0;0;0;0;0;0;0;0;0;0;0;3838;0;0;0;0;0;0;
30012;4624152;582938624;33566720;540700672;0;0;0;0;0;0;0;0;0;0;0;3296;0;0;0;0;0;0;
30013;3558072;582938624;33566720;540700672;0;0;0;0;0;0;0;0;0;0;0;3507;0;0;0;0;0;0;
30014;4582494;582938624;33566720;540700672;0;0;0;0;0;0;0;0;0;0;0;2815;0;0;0;0;0;0;
30015;3566529;582938624;33566720;540700672;0;0;0;0;0;0;0;0;0;0;0;3356;0;0;0;0;0;0;
30016;4590639;582938624;33566720;540700672;0;0;0;0;0;0;0;0;0;0;0;2915;0;0;0;0;0;0;
30017;3255455;582938624;33566720;540700672;0;0;0;0;0;0;0;0;0;0;0;3737;0;0;0;0;0;0;
30018;4638389;582938624;33566720;540700672;0;0;0;0;0;0;0;0;0;0;0;3577;0;0;0;0;0;0;
30019;3450070;582938624;33566720;540700672;0;0;0;0;0;0;0;0;0;0;0;3417;0;0;0;0;0;0;
30020;4652325;582938624;33566720;540700672;0;0;0;0;0;0;0;0;0;0;0;4659;0;0;0;0;0;0;
30021;3413141;582938624;33566720;540700672;0;0;0;0;0;0;0;0;0;0;0;4037;0;0;0;0;0;0;
30022;4970621;582938624;33566720;540700672;0;0;0;0;0;0;0;0;0;0;0;3837;0;0;0;0;0;0;
30023;3506316;582938624;33566720;540700672;0;0;0;0;0;0;0;0;0;0;0;3987;0;0;0;0;0;0;
30024;4921720;582938624;33566720;540700672;0;0;0;0;0;0;0;0;0;0;0;3687;0;0;0;0;0;0;
30025;3367927;582938624;33566720;540700672;0;0;0;0;0;0;0;0;0;0;0;3036;0;0;0;0;0;0;
30026;4674777;582938624;33566720;540700672;0;0;0;0;0;0;0;0;0;0;0;3186;0;0;0;0;0;0;
30027;3522746;582938624;33566720;540700672;0;0;0;0;0;0;0;0;0;0;0;3546;0;0;0;0;0;0;
30028;4633379;582938624;33566720;540700672;0;0;0;0;0;0;0;0;0;0;0;3447;0;0;0;0;0;0;
30029;3709267;582938624;33566720;540700672;0;0;0;0;0;0;0;0;0;0;0;3186;0;0;0;0;0;0;
30030;4581632;582938624;33566720;540700672;0;0;0;0;0;0;0;0;0;0;0;9157;0;0;0;0;0;0;
30031;3494243;582938624;33566720;540700672;0;0;0;0;0;0;0;0;0;0;0;4378;0;0;0;0;0;0;
30032;4819078;582938624;33566720;540700672;0;0;0;0;0;0;0;0;0;0;0;3276;0;0;0;0;0;0;
30033;3512407;582938624;33566720;540700672;0;0;0;0;0;0;0;0;0;0;0;3927;0;0;0;0;0;0;
30034;4601590;582938624;33566720;540700672;0;0;0;0;0;0;0;0;0;0;0;2746;0;0;0;0;0;0;
30035;3618696;582938624;33566720;540700672;0;0;0;0;0;0;0;0;0;0;0;4097;0;0;0;0;0;0;
30036;4833165;582938624;33566720;540700672;0;0;0;0;0;0;0;0;0;0;0;4518;0;0;0;0;0;0;
30037;3259853;582938624;33566720;540700672;0;0;0;0;0;0;0;0;0;0;0;3287;0;0;0;0;0;0;
30038;4711446;582938624;33566720;540700672;0;0;0;0;0;0;0;0;0;0;0;3206;0;0;0;0;0;0;
30039;2772370;582938624;33566720;540700672;0;0;0;0;0;0;0;0;0;0;0;3005;0;0;0;0;0;0;
30040;4507864;582938624;33566720;540700672;0;0;0;0;0;0;0;0;0;0;0;2555;0;0;0;0;0;0;
30041;2770796;582938624;33566720;540700672;0;0;0;0;0;0;0;0;0;0;0;3777;0;0;0;0;0;0;
30042;4612220;582938624;33566720;540700672;0;0;0;0;0;0;0;0;0;0;0;2645;0;0;0;0;0;0;
30043;2877637;582938624;33566720;540700672;0;0;0;0;0;0;0;0;0;0;0;2985;0;0;0;0;0;0;
30044;4342324;582938624;33566720;540700672;0;0;0;0;0;0;0;0;0;0;0;2735;0;0;0;0;0;0;
30045;2622398;582938624;33566720;540700672;0;0;0;0;0;0;0;0;0;0;0;3617;0;0;0;0;0;0;
30046;4677162;582938624;33566720;540700672;0;0;0;0;0;0;0;0;0;0;0;3236;0;0;0;0;0;0;
30047;2589006;582938624;33566720;540700672;0;0;0;0;0;0;0;0;0;0;0;3838;0;0;0;0;0;0;
30048;4583306;582938624;33566720;540700672;0;0;0;0;0;0;0;0;0;0;0;2554;0;0;0;0;0;0;
30049;2611778;582938624;33566720;540700672;0;0;0;0;0;0;0;0;0;0;0;3126;0;0;0;0;0;0;
30050;4536387;582938624;33566720;540700672;0;0;0;0;0;0;0;0;0;0;0;3466;0;0;0;0;0;0;
30051;2837742;582938624;33566720;540700672;0;0;0;0;0;0;0;0;0;0;0;3086;0;0;0;0;0;0;
30052;4390043;582938624;33566720;540700672;0;0;0;0;0;0;0;0;0;0;0;2916;0;0;0;0;0;0;
30053;2951736;582938624;33566720;540700672;0;0;0;0;0;0;0;0;0;0;0;2975;0;0;0;0;0;0;
30054;4344478;582938624;33566720;540700672;0;0;0;0;0;0;0;0;0;0;0;2534;0;0;0;0;0;0;
30055;2902443;582938624;33566720;540700672;0;0;0;0;0;0;0;0;0;0;0;3266;0;0;0;0;0;0;
30056;4390714;582938624;33566720;540700672;0;0;0;0;0;0;0;0;0;0;0;2555;0;0;0;0;0;0;
30057;2949181;582938624;33566720;540700672;0;0;0;0;0;0;0;0;0;0;0;4509;0;0;0;0;0;0;
30058;5031776;582938624;33566720;540700672;0;0;0;0;0;0;0;0;0;0;0;3737;0;0;0;0;0;0;
30059;3733242;582938624;33566720;540700672;0;0;0;0;0;0;0;0;0;0;0;4398;0;0;0;0;0;0;
30060;5257139;582938624;33566720;540700672;0;0;0;0;0;0;0;0;0;0;0;4248;0;0;0;0;0;0;
30061;4521359;582938624;33566720;540700672;0;0;0;0;0;0;0;0;0;0;0;4339;0;0;0;0;0;0;
30062;5147053;582938624;33566720;540700672;0;0;0;0;0;0;0;0;0;0;0;4739;0;0;0;0;0;0;
30063;3777825;582938624;33566720;540700672;0;0;0;0;0;0;0;0;0;0;0;3867;0;0;0;0;0;0;
30064;4905900;582938624;33566720;540700672;0;0;0;0;0;0;0;0;0;0;0;4138;0;0;0;0;0;0;
30065;2641765;582938624;33566720;540700672;0;0;0;0;0;0;0;0;0;0;0;3397;0;0;0;0;0;0;
30066;4560293;582938624;33566720;540700672;0;0;0;0;0;0;0;0;0;0;0;2985;0;0;0;0;0;0;
30067;2970541;582938624;33566720;540700672;0;0;0;0;0;0;0;0;0;0;0;4398;0;0;0;0;0;0;
30068;5019063;582938624;33566720;540700672;0;0;0;0;0;0;0;0;0;0;0;3807;0;0;0;0;0;0;
30069;4806454;582938624;33566720;540700672;0;0;0;0;0;0;0;0;0;0;0;4959;0;0;0;0;0;0;
30070;5586697;582938624;33566720;540700672;0;0;0;0;0;0;0;0;0;0;0;5280;0;0;0;0;0;0;
30071;4085783;582938624;33566720;540700672;0;0;0;0;0;0;0;0;0;0;0;4318;0;0;0;0;0;0;
30072;4918063;582938624;33566720;540700672;0;0;0;0;0;0;0;0;0;0;0;4248;0;0;0;0;0;0;
30073;3927035;582938624;33566720;540700672;0;0;0;0;0;0;0;0;0;0;0;4628;0;0;0;0;0;0;
30074;4854685;582938624;33566720;540700672;0;0;0;0;0;0;0;0;0;0;0;3857;0;0;0;0;0;0;
30075;4194296;582938624;33566720;540700672;0;0;0;0;0;0;0;0;0;0;0;4548;0;0;0;0;0;0;
30076;4901432;582938624;33566720;540700672;0;0;0;0;0;0;0;0;0;0;0;2886;0;0;0;0;0;0;
30077;4220185;582938624;33566720;540700672;0;0;0;0;0;0;0;0;0;0;0;4309;0;0;0;0;0;0;
30078;4751040;582938624;33566720;540700672;0;0;0;0;0;0;0;0;0;0;0;3967;0;0;0;0;0;0;
30079;4228760;582938624;33566720;540700672;0;0;0;0;0;0;0;0;0;0;0;4198;0;0;0;0;0;0;
30080;5042317;582938624;33566720;540700672;0;0;0;0;0;0;0;0;0;0;0;3386;0;0;0;0;0;0;
30081;4209174;582938624;33566720;540700672;0;0;0;0;0;0;0;0;0;0;0;3838;0;0;0;0;0;0;
30082;4986342;582938624;33566720;540700672;0;0;0;0;0;0;0;0;0;0;0;3196;0;0;0;0;0;0;
30083;4343356;582938624;33566720;540700672;0;0;0;0;0;0;0;0;0;0;0;4479;0;0;0;0;0;0;
30084;4969069;582938624;33566720;540700672;0;0;0;0;0;0;0;0;0;0;0;5670;0;0;0;0;0;0;
30085;4274607;582938624;33566720;540700672;0;0;0;0;0;0;0;0;0;0;0;4529;0;0;0;0;0;0;
30086;5224148;582938624;33566720;540700672;0;0;0;0;0;0;0;0;0;0;0;3817;0;0;0;0;0;0;
30087;3434701;582938624;33566720;540700672;0;0;0;0;0;0;0;0;0;0;0;4048;0;0;0;0;0;0;
30088;4701968;582938624;33566720;540700672;0;0;0;0;0;0;0;0;0;0;0;4368;0;0;0;0;0;0;
30089;3367345;582938624;33566720;540700672;0;0;0;0;0;0;0;0;0;0;0;3958;0;0;0;0;0;0;
30090;4595518;582938624;33566720;540700672;0;0;0;0;0;0;0;0;0;0;0;3206;0;0;0;0;0;0;
30091;3383836;582938624;33566720;540700672;0;0;0;0;0;0;0;0;0;0;0;3637;0;0;0;0;0;0;
30092;4755519;582938624;33566720;540700672;0;0;0;0;0;0;0;0;0;0;0;3346;0;0;0;0;0;0;
30093;3419623;582938624;33566720;540700672;0;0;0;0;0;0;0;0;0;0;0;3537;0;0;0;0;0;0;
30094;4484510;582938624;33566720;540700672;0;0;0;0;0;0;0;0;0;0;0;3186;0;0;0;0;0;0;
30095;3516635;582938624;33566720;540700672;0;0;0;0;0;0;0;0;0;0;0;4248;0;0;0;0;0;0;
30096;4651914;582938624;33566720;540700672;0;0;0;0;0;0;0;0;0;0;0;3356;0;0;0;0;0;0;
30097;3060700;582938624;33566720;540700672;0;0;0;0;0;0;0;0;0;0;0;3326;0;0;0;0;0;0;
30098;4591772;582938624;33566720;540700672;0;0;0;0;0;0;0;0;0;0;0;1994;0;0;0;0;0;0;
30099;3225379;582938624;33566720;540700672;0;0;0;0;0;0;0;0;0;0;0;3146;0;0;0;0;0;0;
30100;4711206;582938624;33566720;540700672;0;0;0;0;0;0;0;0;0;0;0;2936;0;0;0;0;0;0;
30101;2915808;582938624;33566720;540700672;0;0;0;0;0;0;0;0;0;0;0;3407;0;0;0;0;0;0;
30102;4644690;582938624;33566720;540700672;0;0;0;0;0;0;0;0;0;0;0;2795;0;0;0;0;0;0;
30103;2862829;582938624;33566720;540700672;0;0;0;0;0;0;0;0;0;0;0;3156;0;0;0;0;0;0;
30104;4378251;582938624;33566720;540700672;0;0;0;0;0;0;0;0;0;0;0;2755;0;0;0;0;0;0;
30105;3321429;582938624;33566720;540700672;0;0;0;0;0;0;0;0;0;0;0;3196;0;0;0;0;0;0;
30106;4458090;582938624;33566720;540700672;0;0;0;0;0;0;0;0;0;0;0;2956;0;0;0;0;0;0;
30107;3268580;582938624;33566720;540700672;0;0;0;0;0;0;0;0;0;0;0;2945;0;0;0;0;0;0;
30108;4653898;582938624;33566720;540700672;0;0;0;0;0;0;0;0;0;0;0;2434;0;0;0;0;0;0;
30109;2714391;582938624;33566720;540700672;0;0;0;0;0;0;0;0;0;0;0;3587;0;0;0;0;0;0;
30110;4354096;582938624;33566720;540700672;0;0;0;0;0;0;0;0;0;0;0;2184;0;0;0;0;0;0;
30111;3093311;582938624;33566720;540700672;0;0;0;0;0;0;0;0;0;0;0;3096;0;0;0;0;0;0;
30112;4374804;582938624;33566720;540700672;0;0;0;0;0;0;0;0;0;0;0;2475;0;0;0;0;0;0;
30113;3871311;582938624;33566720;540700672;0;0;0;0;0;0;0;0;0;0;0;3657;0;0;0;0;0;0;
30114;4969028;582938624;33566720;540700672;0;0;0;0;0;0;0;0;0;0;0;3316;0;0;0;0;0;0;
30115;4077877;582938624;33566720;540700672;0;0;0;0;0;0;0;0;0;0;0;4999;0;0;0;0;0;0;
30116;4763794;582938624;33566720;540700672;0;0;0;0;0;0;0;0;0;0;0;4148;0;0;0;0;0;0;
30117;3994681;582938624;33566720;540700672;0;0;0;0;0;0;0;0;0;0;0;4588;0;0;0;0;0;0;
30118;4890692;582938624;33566720;540700672;0;0;0;0;0;0;0;0;0;0;0;3977;0;0;0;0;0;0;
30119;4448613;582938624;33566720;540700672;0;0;0;0;0;0;0;0;0;0;0;3707;0;0;0;0;0;0;
30120;4906281;582938624;33566720;540700672;0;0;0;0;0;0;0;0;0;0;0;4498;0;0;0;0;0;0;
30121;4498126;582938624;33566720;540700672;0;0;0;0;0;0;0;0;0;0;0;4719;0;0;0;0;0;0;
30122;4846218;582938624;33566720;540700672;0;0;0;0;0;0;0;0;0;0;0;3707;0;0;0;0;0;0;
30123;4241755;582938624;33566720;540700672;0;0;0;0;0;0;0;0;0;0;0;3888;0;0;0;0;0;0;
30124;5109823;582938624;33566720;540700672;0;0;0;0;0;0;0;0;0;0;0;6112;0;0;0;0;0;0;
30125;4336272;582938624;33566720;540700672;0;0;0;0;0;0;0;0;0;0;0;4328;0;0;0;0;0;0;
30126;5245788;582938624;33566720;540700672;0;0;0;0;0;0;0;0;0;0;0;4819;0;0;0;0;0;0;
30127;4354086;582938624;33566720;540700672;0;0;0;0;0;0;0;0;0;0;0;4299;0;0;0;0;0;0;
30128;4751411;582938624;33566720;540700672;0;0;0;0;0;0;0;0;0;0;0;3858;0;0;0;0;0;0;
30129;4206689;582938624;33566720;540700672;0;0;0;0;0;0;0;0;0;0;0;4398;0;0;0;0;0;0;
30130;5287155;582938624;33566720;540700672;0;0;0;0;0;0;0;0;0;0;0;4458;0;0;0;0;0;0;
30131;2497524;582938624;33566720;540700672;0;0;0;0;0;0;0;0;0;0;0;2876;0;0;0;0;0;0;
30132;4322185;582938624;33566720;540700672;0;0;0;0;0;0;0;0;0;0;0;2785;0;0;0;0;0;0;
30133;2882756;582938624;33566720;540700672;0;0;0;0;0;0;0;0;0;0;0;3797;0;0;0;0;0;0;
30134;4679456;582938624;33566720;540700672;0;0;0;0;0;0;0;0;0;0;0;3647;0;0;0;0;0;0;
30135;3297263;582938624;33566720;540700672;0;0;0;0;0;0;0;0;0;0;0;2956;0;0;0;0;0;0;
30136;4277763;582938624;33566720;540700672;0;0;0;0;0;0;0;0;0;0;0;1974;0;0;0;0;0;0;
30137;2566192;582938624;33566720;540700672;0;0;0;0;0;0;0;0;0;0;0;3056;0;0;0;0;0;0;
30138;4748806;582938624;33566720;540700672;0;0;0;0;0;0;0;0;0;0;0;3246;0;0;0;0;0;0;
30139;2567645;582938624;33566720;540700672;0;0;0;0;0;0;0;0;0;0;0;3837;0;0;0;0;0;0;
30140;4637628;582938624;33566720;540700672;0;0;0;0;0;0;0;0;0;0;0;2645;0;0;0;0;0;0;
30141;2731252;582938624;33566720;540700672;0;0;0;0;0;0;0;0;0;0;0;3747;0;0;0;0;0;0;
30142;4589577;582938624;33566720;540700672;0;0;0;0;0;0;0;0;0;0;0;2625;0;0;0;0;0;0;
30143;3254804;582938624;33566720;540700672;0;0;0;0;0;0;0;0;0;0;0;4568;0;0;0;0;0;0;
30144;4588586;582938624;33566720;540700672;0;0;0;0;0;0;0;0;0;0;0;3417;0;0;0;0;0;0;
30145;3589983;582938624;33566720;540700672;0;0;0;0;0;0;0;0;0;0;0;4018;0;0;0;0;0;0;
30146;5127086;582938624;33566720;540700672;0;0;0;0;0;0;0;0;0;0;0;3797;0;0;0;0;0;0;
30147;4081715;582938624;33566720;540700672;0;0;0;0;0;0;0;0;0;0;0;4198;0;0;0;0;0;0;
30148;5205582;582938624;33566720;540700672;0;0;0;0;0;0;0;0;0;0;0;3877;0;0;0;0;0;0;
30149;4254479;582938624;33566720;540700672;0;0;0;0;0;0;0;0;0;0;0;4509;0;0;0;0;0;0;
30150;4826772;582938624;33566720;540700672;0;0;0;0;0;0;0;0;0;0;0;3226;0;0;0;0;0;0;
30151;4102033;582938624;33566720;540700672;0;0;0;0;0;0;0;0;0;0;0;5080;0;0;0;0;0;0;
30152;5047466;582938624;33566720;540700672;0;0;0;0;0;0;0;0;0;0;0;4428;0;0;0;0;0;0;
30153;4152818;582938624;33566720;540700672;0;0;0;0;0;0;0;0;0;0;0;5220;0;0;0;0;0;0;
30154;5007330;582938624;33566720;540700672;0;0;0;0;0;0;0;0;0;0;0;4980;0;0;0;0;0;0;
30155;2484249;582938624;33566720;540700672;0;0;0;0;0;0;0;0;0;0;0;3576;0;0;0;0;0;0;
30156;4459674;582938624;33566720;540700672;0;0;0;0;0;0;0;0;0;0;0;2043;0;0;0;0;0;0;
30157;2534774;582938624;33566720;540700672;0;0;0;0;0;0;0;0;0;0;0;2895;0;0;0;0;0;0;
30158;4713529;582938624;33566720;540700672;0;0;0;0;0;0;0;0;0;0;0;3637;0;0;0;0;0;0;
30159;2480302;582938624;33566720;540700672;0;0;0;0;0;0;0;0;0;0;0;3096;0;0;0;0;0;0;
30160;4381908;582938624;33566720;540700672;0;0;0;0;0;0;0;0;0;0;0;2765;0;0;0;0;0;0;
30161;2585810;582938624;33566720;540700672;0;0;0;0;0;0;0;0;0;0;0;3075;0;0;0;0;0;0;
30162;4315393;582938624;33566720;540700672;0;0;0;0;0;0;0;0;0;0;0;2144;0;0;0;0;0;0;
30163;2358994;582938624;33566720;540700672;0;0;0;0;0;0;0;0;0;0;0;2514;0;0;0;0;0;0;
30164;4579909;582938624;33566720;540700672;0;0;0;0;0;0;0;0;0;0;0;2675;0;0;0;0;0;0;
30165;2337313;582938624;33566720;540700672;0;0;0;0;0;0;0;0;0;0;0;4158;0;0;0;0;0;0;
30166;4692630;582938624;33566720;540700672;0;0;0;0;0;0;0;0;0;0;0;2525;0;0;0;0;0;0;
30167;2477045;582938624;33566720;540700672;0;0;0;0;0;0;0;0;0;0;0;3376;0;0;0;0;0;0;
30168;4751962;582938624;33566720;540700672;0;0;0;0;0;0;0;0;0;0;0;4057;0;0;0;0;0;0;
30169;2320993;582938624;33566720;540700672;0;0;0;0;0;0;0;0;0;0;0;3216;0;0;0;0;0;0;
30170;4223911;582938624;33566720;540700672;0;0;0;0;0;0;0;0;0;0;0;2284;0;0;0;0;0;0;
30171;2712386;582938624;33566720;540700672;0;0;0;0;0;0;0;0;0;0;0;2835;0;0;0;0;0;0;
30172;4407105;582938624;33566720;540700672;0;0;0;0;0;0;0;0;0;0;0;2575;0;0;0;0;0;0;
30173;2440697;582938624;33566720;540700672;0;0;0;0;0;0;0;0;0;0;0;3025;0;0;0;0;0;0;
30174;4508766;582938624;33566720;540700672;0;0;0;0;0;0;0;0;0;0;0;3155;0;0;0;0;0;0;
30175;2432221;582938624;33566720;540700672;0;0;0;0;0;0;0;0;0;0;0;3807;0;0;0;0;0;0;
30176;4540365;582938624;33566720;540700672;0;0;0;0;0;0;0;0;0;0;0;2695;0;0;0;0;0;0;
30177;2613011;582938624;33566720;540700672;0;0;0;0;0;0;0;0;0;0;0;3426;0;0;0;0;0;0;
30178;4389092;582938624;33566720;540700672;0;0;0;0;0;0;0;0;0;0;0;2545;0;0;0;0;0;0;
30179;2532189;582938624;33566720;540700672;0;0;0;0;0;0;0;0;0;0;0;3196;0;0;0;0;0;0;
30180;4261292;582938624;33566720;540700672;0;0;0;0;0;0;0;0;0;0;0;2644;0;0;0;0;0;0;
30181;2956845;582938624;33566720;540700672;0;0;0;0;0;0;0;0;0;0;0;3106;0;0;0;0;0;0;
30182;4406224;582938624;33566720;540700672;0;0;0;0;0;0;0;0;0;0;0;2395;0;0;0;0;0;0;
30183;2696948;582938624;33566720;540700672;0;0;0;0;0;0;0;0;0;0;0;3717;0;0;0;0;0;0;
30184;4812255;582938624;33566720;540700672;0;0;0;0;0;0;0;0;0;0;0;3897;0;0;0;0;0;0;
30185;2473509;582938624;33566720;540700672;0;0;0;0;0;0;0;0;0;0;0;3396;0;0;0;0;0;0;
30186;4778421;582938624;33566720;540700672;0;0;0;0;0;0;0;0;0;0;0;4338;0;0;0;0;0;0;
30187;2471825;582938624;33566720;540700672;0;0;0;0;0;0;0;0;0;0;0;3136;0;0;0;0;0;0;
30188;4321625;582938624;33566720;540700672;0;0;0;0;0;0;0;0;0;0;0;2204;0;0;0;0;0;0;
30189;3088603;582938624;33566720;540700672;0;0;0;0;0;0;0;0;0;0;0;3206;0;0;0;0;0;0;
30190;4502083;582938624;33566720;540700672;0;0;0;0;0;0;0;0;0;0;0;2194;0;0;0;0;0;0;
30191;3098891;582938624;33566720;540700672;0;0;0;0;0;0;0;0;0;0;0;2494;0;0;0;0;0;0;
30192;4427543;582938624;33566720;540700672;0;0;0;0;0;0;0;0;0;0;0;2344;0;0;0;0;0;0;
30193;2586050;582938624;33566720;540700672;0;0;0;0;0;0;0;0;0;0;0;3937;0;0;0;0;0;0;
30194;4550433;582938624;33566720;540700672;0;0;0;0;0;0;0;0;0;0;0;3536;0;0;0;0;0;0;
30195;3317031;582938624;33566720;540700672;0;0;0;0;0;0;0;0;0;0;0;4758;0;0;0;0;0;0;
30196;5565066;582938624;33566720;540700672;0;0;0;0;0;0;0;0;0;0;0;4388;0;0;0;0;0;0;
30197;3726739;582938624;33566720;540700672;0;0;0;0;0;0;0;0;0;0;0;3206;0;0;0;0;0;0;
30198;4653066;582938624;33566720;540700672;0;0;0;0;0;0;0;0;0;0;0;3316;0;0;0;0;0;0;
30199;3505534;582938624;33566720;540700672;0;0;0;0;0;0;0;0;0;0;0;3797;0;0;0;0;0;0;
30200;5031346;582938624;33566720;540700672;0;0;0;0;0;0;0;0;0;0;0;3747;0;0;0;0;0;0;
30201;4313249;582938624;33566720;540700672;0;0;0;0;0;0;0;0;0;0;0;4699;0;0;0;0;0;0;
30202;5628405;582938624;33566720;540700672;0;0;0;0;0;0;0;0;0;0;0;4258;0;0;0;0;0;0;
30203;5128388;582938624;33566720;540700672;0;0;0;0;0;0;0;0;0;0;0;4428;0;0;0;0;0;0;
30204;5050782;582938624;33566720;540700672;0;0;0;0;0;0;0;0;0;0;0;4338;0;0;0;0;0;0;
30205;3000497;582938624;33566720;540700672;0;0;0;0;0;0;0;0;0;0;0;2935;0;0;0;0;0;0;
30206;5030424;582938624;33566720;540700672;0;0;0;0;0;0;0;0;0;0;0;3086;0;0;0;0;0;0;
30207;2300584;582938624;33566720;540700672;0;0;0;0;0;0;0;0;0;0;0;2966;0;0;0;0;0;0;
30208;4671591;582938624;33566720;540700672;0;0;0;0;0;0;0;0;0;0;0;3627;0;0;0;0;0;0;
30209;2472506;582938624;33566720;540700672;0;0;0;0;0;0;0;0;0;0;0;3426;0;0;0;0;0;0;
30210;4221416;582938624;33566720;540700672;0;0;0;0;0;0;0;0;0;0;0;2124;0;0;0;0;0;0;
30211;2549331;582938624;33566720;540700672;0;0;0;0;0;0;0;0;0;0;0;3477;0;0;0;0;0;0;
30212;4254839;582938624;33566720;540700672;0;0;0;0;0;0;0;0;0;0;0;2444;0;0;0;0;0;0;
30213;2580069;582938624;33566720;540700672;0;0;0;0;0;0;0;0;0;0;0;3267;0;0;0;0;0;0;
30214;4575721;582938624;33566720;540700672;0;0;0;0;0;0;0;0;0;0;0;3085;0;0;0;0;0;0;
30215;2870914;582938624;33566720;540700672;0;0;0;0;0;0;0;0;0;0;0;3758;0;0;0;0;0;0;
30216;4851959;582938624;33566720;540700672;0;0;0;0;0;0;0;0;0;0;0;3787;0;0;0;0;0;0;
30217;2596309;582938624;33566720;540700672;0;0;0;0;0;0;0;0;0;0;0;3527;0;0;0;0;0;0;
30218;4597853;582938624;33566720;540700672;0;0;0;0;0;0;0;0;0;0;0;2645;0;0;0;0;0;0;
30219;2472668;582938624;33566720;540700672;0;0;0;0;0;0;0;0;0;0;0;3286;0;0;0;0;0;0;
30220;4415702;582938624;33566720;540700672;0;0;0;0;0;0;0;0;0;0;0;2945;0;0;0;0;0;0;
30221;2465825;582938624;33566720;540700672;0;0;0;0;0;0;0;0;0;0;0;2705;0;0;0;0;0;0;
30222;4345430;582938624;33566720;540700672;0;0;0;0;0;0;0;0;0;0;0;2224;0;0;0;0;0;0;
30223;2628059;582938624;33566720;540700672;0;0;0;0;0;0;0;0;0;0;0;3106;0;0;0;0;0;0;
30224;4349948;582938624;33566720;540700672;0;0;0;0;0;0;0;0;0;0;0;2304;0;0;0;0;0;0;
30225;2932710;582938624;33566720;540700672;0;0;0;0;0;0;0;0;0;0;0;2795;0;0;0;0;0;0;
30226;4496012;582938624;33566720;540700672;0;0;0;0;0;0;0;0;0;0;0;2394;0;0;0;0;0;0;
30227;2757381;582938624;33566720;540700672;0;0;0;0;0;0;0;0;0;0;0;3296;0;0;0;0;0;0;
30228;4768102;582938624;33566720;540700672;0;0;0;0;0;0;0;0;0;0;0;2836;0;0;0;0;0;0;
30229;3005877;582938624;33566720;540700672;0;0;0;0;0;0;0;0;0;0;0;2775;0;0;0;0;0;0;
30230;5063607;582938624;33566720;540700672;0;0;0;0;0;0;0;0;0;0;0;4558;0;0;0;0;0;0;
30231;2504356;582938624;33566720;540700672;0;0;0;0;0;0;0;0;0;0;0;3046;0;0;0;0;0;0;
30232;5227724;582938624;33566720;540700672;0;0;0;0;0;0;0;0;0;0;0;4198;0;0;0;0;0;0;
30233;2862459;582938624;33566720;540700672;0;0;0;0;0;0;0;0;0;0;0;3146;0;0;0;0;0;0;
30234;4677873;582938624;33566720;540700672;0;0;0;0;0;0;0;0;0;0;0;3898;0;0;0;0;0;0;
30235;2419397;582938624;33566720;540700672;0;0;0;0;0;0;0;0;0;0;0;2604;0;0;0;0;0;0;
30236;4833786;582938624;33566720;540700672;0;0;0;0;0;0;0;0;0;0;0;4067;0;0;0;0;0;0;
30237;2391315;582938624;33566720;540700672;0;0;0;0;0;0;0;0;0;0;0;3377;0;0;0;0;0;0;
30238;4253927;582938624;33566720;540700672;0;0;0;0;0;0;0;0;0;0;0;2615;0;0;0;0;0;0;
30239;2539853;582938624;33566720;540700672;0;0;0;0;0;0;0;0;0;0;0;2815;0;0;0;0;0;0;
30240;4494559;582938624;33566720;540700672;0;0;0;0;0;0;0;0;0;0;0;2003;0;0;0;0;0;0;
30241;3590714;582938624;33566720;540700672;0;0;0;0;0;0;0;0;0;0;0;4148;0;0;0;0;0;0;
30242;4704953;582938624;33566720;540700672;0;0;0;0;0;0;0;0;0;0;0;3166;0;0;0;0;0;0;
30243;4391676;582938624;33566720;540700672;0;0;0;0;0;0;0;0;0;0;0;3567;0;0;0;0;0;0;
30244;10689637;582938624;33566720;540700672;0;0;0;0;0;0;0;0;0;0;0;2875;0;0;0;0;0;0;
30245;3467082;582938624;33566720;540700672;0;0;0;0;0;0;0;0;0;0;0;4358;0;0;0;0;0;0;
30246;4841069;582938624;33566720;540700672;0;0;0;0;0;0;0;0;0;0;0;3637;0;0;0;0;0;0;
30247;4243348;582938624;33566720;540700672;0;0;0;0;0;0;0;0;0;0;0;4278;0;0;0;0;0;0;
30248;4655852;582938624;33566720;540700672;0;0;0;0;0;0;0;0;0;0;0;3386;0;0;0;0;0;0;
30249;4116369;582938624;33566720;540700672;0;0;0;0;0;0;0;0;0;0;0;5130;0;0;0;0;0;0;
30250;4675468;582938624;33566720;540700672;0;0;0;0;0;0;0;0;0;0;0;3677;0;0;0;0;0;0;
30251;3540289;582938624;33566720;540700672;0;0;0;0;0;0;0;0;0;0;0;11662;0;0;0;0;0;0;
30252;4874752;582938624;33566720;540700672;0;0;0;0;0;0;0;0;0;0;0;3076;0;0;0;0;0;0;
30253;3585935;582938624;33566720;540700672;0;0;0;0;0;0;0;0;0;0;0;3797;0;0;0;0;0;0;
30254;4692019;582938624;33566720;540700672;0;0;0;0;0;0;0;0;0;0;0;3096;0;0;0;0;0;0;
30255;3461572;582938624;33566720;540700672;0;0;0;0;0;0;0;0;0;0;0;3847;0;0;0;0;0;0;
30256;4548139;582938624;33566720;540700672;0;0;0;0;0;0;0;0;0;0;0;2975;0;0;0;0;0;0;
30257;3567511;582938624;33566720;540700672;0;0;0;0;0;0;0;0;0;0;0;3917;0;0;0;0;0;0;
30258;4405862;582938624;33566720;540700672;0;0;0;0;0;0;0;0;0;0;0;3046;0;0;0;0;0;0;
30259;3474576;582938624;33566720;540700672;0;0;0;0;0;0;0;0;0;0;0;3317;0;0;0;0;0;0;
30260;4549983;582938624;33566720;540700672;0;0;0;0;0;0;0;0;0;0;0;2434;0;0;0;0;0;0;
30261;2794791;582938624;33566720;540700672;0;0;0;0;0;0;0;0;0;0;0;3136;0;0;0;0;0;0;
30262;5198549;582938624;33566720;540700672;0;0;0;0;0;0;0;0;0;0;0;3376;0;0;0;0;0;0;
30263;2631104;582938624;33566720;540700672;0;0;0;0;0;0;0;0;0;0;0;3016;0;0;0;0;0;0;
30264;5166549;582938624;33566720;540700672;0;0;0;0;0;0;0;0;0;0;0;3667;0;0;0;0;0;0;
30265;2597031;582938624;33566720;540700672;0;0;0;0;0;0;0;0;0;0;0;3957;0;0;0;0;0;0;
30266;4641494;582938624;33566720;540700672;0;0;0;0;0;0;0;0;0;0;0;2725;0;0;0;0;0;0;
30267;2731222;582938624;33566720;540700672;0;0;0;0;0;0;0;0;0;0;0;3026;0;0;0;0;0;0;
30268;4885102;582938624;33566720;540700672;0;0;0;0;0;0;0;0;0;0;0;3837;0;0;0;0;0;0;
30269;3169173;582938624;33566720;540700672;0;0;0;0;0;0;0;0;0;0;0;3567;0;0;0;0;0;0;
30270;4878589;582938624;33566720;540700672;0;0;0;0;0;0;0;0;0;0;0;3727;0;0;0;0;0;0;
30271;2925566;582938624;33566720;540700672;0;0;0;0;0;0;0;0;0;0;0;3036;0;0;0;0;0;0;
30272;4704953;582938624;33566720;540700672;0;0;0;0;0;0;0;0;0;0;0;4067;0;0;0;0;0;0;
30273;2500379;582938624;33566720;540700672;0;0;0;0;0;0;0;0;0;0;0;2455;0;0;0;0;0;0;
30274;4408047;582938624;33566720;540700672;0;0;0;0;0;0;0;0;0;0;0;2274;0;0;0;0;0;0;
30275;2776517;582938624;33566720;540700672;0;0;0;0;0;0;0;0;0;0;0;3386;0;0;0;0;0;0;
30276;4244941;582938624;33566720;540700672;0;0;0;0;0;0;0;0;0;0;0;2715;0;0;0;0;0;0;
30277;2829436;582938624;33566720;540700672;0;0;0;0;0;0;0;0;0;0;0;3627;0;0;0;0;0;0;
30278;4353034;582938624;33566720;540700672;0;0;0;0;0;0;0;0;0;0;0;2264;0;0;0;0;0;0;
30279;2843373;582938624;33566720;540700672;0;0;0;0;0;0;0;0;0;0;0;3367;0;0;0;0;0;0;
30280;4364886;582938624;33566720;540700672;0;0;0;0;0;0;0;0;0;0;0;2635;0;0;0;0;0;0;
30281;3125531;582938624;33566720;540700672;0;0;0;0;0;0;0;0;0;0;0;3015;0;0;0;0;0;0;
30282;4348665;582938624;33566720;540700672;0;0;0;0;0;0;0;0;0;0;0;2685;0;0;0;0;0;0;
30283;3141641;582938624;33566720;540700672;0;0;0;0;0;0;0;0;0;0;0;3367;0;0;0;0;0;0;
30284;4893758;582938624;33566720;540700672;0;0;0;0;0;0;0;0;0;0;0;2625;0;0;0;0;0;0;
30285;3745063;582938624;33566720;540700672;0;0;0;0;0;0;0;0;0;0;0;3968;0;0;0;0;0;0;
30286;4893638;582938624;33566720;540700672;0;0;0;0;0;0;0;0;0;0;0;2905;0;0;0;0;0;0;
30287;3628465;582938624;33566720;540700672;0;0;0;0;0;0;0;0;0;0;0;4449;0;0;0;0;0;0;
30288;4598193;582938624;33566720;540700672;0;0;0;0;0;0;0;0;0;0;0;3296;0;0;0;0;0;0;
30289;3401950;582938624;33566720;540700672;0;0;0;0;0;0;0;0;0;0;0;3807;0;0;0;0;0;0;
30290;4828325;582938624;33566720;540700672;0;0;0;0;0;0;0;0;0;0;0;4398;0;0;0;0;0;0;
30291;2464281;582938624;33566720;540700672;0;0;0;0;0;0;0;0;0;0;0;3367;0;0;0;0;0;0;
30292;4354597;582938624;33566720;540700672;0;0;0;0;0;0;0;0;0;0;0;2715;0;0;0;0;0;0;
30293;2514505;582938624;33566720;540700672;0;0;0;0;0;0;0;0;0;0;0;3436;0;0;0;0;0;0;
30294;4245051;582938624;33566720;540700672;0;0;0;0;0;0;0;0;0;0;0;1983;0;0;0;0;0;0;
30295;2521228;582938624;33566720;540700672;0;0;0;0;0;0;0;0;0;0;0;3336;0;0;0;0;0;0;
30296;4659308;582938624;33566720;540700672;0;0;0;0;0;0;0;0;0;0;0;2795;0;0;0;0;0;0;
30297;2433654;582938624;33566720;540700672;0;0;0;0;0;0;0;0;0;0;0;3146;0;0;0;0;0;0;
30298;4631997;582938624;33566720;540700672;0;0;0;0;0;0;0;0;0;0;0;2584;0;0;0;0;0;0;
30299;2565562;582938624;33566720;540700672;0;0;0;0;0;0;0;0;0;0;0;2585;0;0;0;0;0;0;
30300;4667774;582938624;33574912;540708864;0;0;0;0;0;0;0;0;0;0;0;3727;0;0;0;0;0;0;
30301;2436710;582938624;33574912;540708864;0;0;0;0;0;0;0;0;0;0;0;3496;0;0;0;0;0;0;
30302;4286699;582938624;33574912;540708864;0;0;0;0;0;0;0;0;0;0;0;2465;0;0;0;0;0;0;
30303;3202846;582938624;33574912;540708864;0;0;0;0;0;0;0;0;0;0;0;2975;0;0;0;0;0;0;
30304;4255441;582938624;33574912;540708864;0;0;0;0;0;0;0;0;0;0;0;2434;0;0;0;0;0;0;
30305;2756209;582938624;33574912;540708864;0;0;0;0;0;0;0;0;0;0;0;3476;0;0;0;0;0;0;
30306;4392478;582938624;33574912;540708864;0;0;0;0;0;0;0;0;0;0;0;2695;0;0;0;0;0;0;
30307;2418797;582938624;33566720;540700672;0;0;0;0;0;0;0;0;0;0;0;3808;0;0;0;0;0;0;
30308;4519706;582938624;33566720;540700672;0;0;0;0;0;0;0;0;0;0;0;2896;0;0;0;0;0;0;
30309;2275598;582938624;33566720;540700672;0;0;0;0;0;0;0;0;0;0;0;2896;0;0;0;0;0;0;
30310;4764215;582938624;33566720;540700672;0;0;0;0;0;0;0;0;0;0;0;3947;0;0;0;0;0;0;
30311;2430798;582938624;33566720;540700672;0;0;0;0;0;0;0;0;0;0;0;2395;0;0;0;0;0;0;
30312;4330611;582938624;33566720;540700672;0;0;0;0;0;0;0;0;0;0;0;2725;0;0;0;0;0;0;
30313;2750338;582938624;33566720;540700672;0;0;0;0;0;0;0;0;0;0;0;3075;0;0;0;0;0;0;
30314;4259889;582938624;33566720;540700672;0;0;0;0;0;0;0;0;0;0;0;1984;0;0;0;0;0;0;
30315;2761800;582938624;33566720;540700672;0;0;0;0;0;0;0;0;0;0;0;3166;0;0;0;0;0;0;
30316;4466486;582938624;33566720;540700672;0;0;0;0;0;0;0;0;0;0;0;1613;0;0;0;0;0;0;
30317;2628499;582938624;33566720;540700672;0;0;0;0;0;0;0;0;0;0;0;3236;0;0;0;0;0;0;
30318;4573026;582938624;33566720;540700672;0;0;0;0;0;0;0;0;0;0;0;2665;0;0;0;0;0;0;
30319;2400502;582938624;33566720;540700672;0;0;0;0;0;0;0;0;0;0;0;3476;0;0;0;0;0;0;
30320;4601520;582938624;33566720;540700672;0;0;0;0;0;0;0;0;0;0;0;3446;0;0;0;0;0;0;
30321;2350097;582938624;33566720;540700672;0;0;0;0;0;0;0;0;0;0;0;2775;0;0;0;0;0;0;
30322;4886694;582938624;33566720;540700672;0;0;0;0;0;0;0;0;0;0;0;4067;0;0;0;0;0;0;
30323;2497504;582938624;33566720;540700672;0;0;0;0;0;0;0;0;0;0;0;2625;0;0;0;0;0;0;
30324;4629672;582938624;33566720;540700672;0;0;0;0;0;0;0;0;0;0;0;4228;0;0;0;0;0;0;
30325;2533952;582938624;33566720;540700672;0;0;0;0;0;0;0;0;0;0;0;3006;0;0;0;0;0;0;
30326;4374143;582938624;33566720;540700672;0;0;0;0;0;0;0;0;0;0;0;2344;0;0;0;0;0;0;
30327;3182369;582938624;33566720;540700672;0;0;0;0;0;0;0;0;0;0;0;3486;0;0;0;0;0;0;
30328;4338616;582938624;33566720;540700672;0;0;0;0;0;0;0;0;0;0;0;2906;0;0;0;0;0;0;
30329;3215280;582938624;33566720;540700672;0;0;0;0;0;0;0;0;0;0;0;3296;0;0;0;0;0;0;
30330;4331152;582938624;33566720;540700672;0;0;0;0;0;0;0;0;0;0;0;2686;0;0;0;0;0;0;
30331;3224127;582938624;33566720;540700672;0;0;0;0;0;0;0;0;0;0;0;3577;0;0;0;0;0;0;
30332;4549933;582938624;33566720;540700672;0;0;0;0;0;0;0;0;0;0;0;3246;0;0;0;0;0;0;
30333;3223896;582938624;33566720;540700672;0;0;0;0;0;0;0;0;0;0;0;3416;0;0;0;0;0;0;
30334;4849785;582938624;33566720;540700672;0;0;0;0;0;0;0;0;0;0;0;4298;0;0;0;0;0;0;
30335;3318644;582938624;33566720;540700672;0;0;0;0;0;0;0;0;0;0;0;4098;0;0;0;0;0;0;
30336;4827173;582938624;33566720;540700672;0;0;0;0;0;0;0;0;0;0;0;3858;0;0;0;0;0;0;
30337;3576156;582938624;33566720;540700672;0;0;0;0;0;0;0;0;0;0;0;4789;0;0;0;0;0;0;
30338;4774544;582938624;33566720;540700672;0;0;0;0;0;0;0;0;0;0;0;4649;0;0;0;0;0;0;
30339;3225339;582938624;33566720;540700672;0;0;0;0;0;0;0;0;0;0;0;3556;0;0;0;0;0;0;
30340;4855706;582938624;33566720;540700672;0;0;0;0;0;0;0;0;0;0;0;4268;0;0;0;0;0;0;
30341;3413622;582938624;33566720;540700672;0;0;0;0;0;0;0;0;0;0;0;4608;0;0;0;0;0;0;
30342;5064538;582938624;33566720;540700672;0;0;0;0;0;0;0;0;0;0;0;3517;0;0;0;0;0;0;
30343;3466060;582938624;33566720;540700672;0;0;0;0;0;0;0;0;0;0;0;3867;0;0;0;0;0;0;
30344;4641695;582938624;33566720;540700672;0;0;0;0;0;0;0;0;0;0;0;2154;0;0;0;0;0;0;
30345;2797256;582938624;33566720;540700672;0;0;0;0;0;0;0;0;0;0;0;3827;0;0;0;0;0;0;
30346;5184453;582938624;33566720;540700672;0;0;0;0;0;0;0;0;0;0;0;4017;0;0;0;0;0;0;
30347;3401990;582938624;33566720;540700672;0;0;0;0;0;0;0;0;0;0;0;3686;0;0;0;0;0;0;
30348;5005548;582938624;33566720;540700672;0;0;0;0;0;0;0;0;0;0;0;3767;0;0;0;0;0;0;
30349;3359460;582938624;33566720;540700672;0;0;0;0;0;0;0;0;0;0;0;3566;0;0;0;0;0;0;
30350;4609214;582938624;33566720;540700672;0;0;0;0;0;0;0;0;0;0;0;4078;0;0;0;0;0;0;
30351;3333872;582938624;33566720;540700672;0;0;0;0;0;0;0;0;0;0;0;3647;0;0;0;0;0;0;
30352;4644841;582938624;33566720;540700672;0;0;0;0;0;0;0;0;0;0;0;2916;0;0;0;0;0;0;
30353;3032517;582938624;33566720;540700672;0;0;0;0;0;0;0;0;0;0;0;3887;0;0;0;0;0;0;
30354;4456578;582938624;33566720;540700672;0;0;0;0;0;0;0;0;0;0;0;2605;0;0;0;0;0;0;
30355;2987884;582938624;33566720;540700672;0;0;0;0;0;0;0;0;0;0;0;3316;0;0;0;0;0;0;
30356;4448453;582938624;33566720;540700672;0;0;0;0;0;0;0;0;0;0;0;3165;0;0;0;0;0;0;
30357;3521664;582938624;33566720;540700672;0;0;0;0;0;0;0;0;0;0;0;2956;0;0;0;0;0;0;
30358;4566574;582938624;33566720;540700672;0;0;0;0;0;0;0;0;0;0;0;2925;0;0;0;0;0;0;
30359;3252480;582938624;33566720;540700672;0;0;0;0;0;0;0;0;0;0;0;4077;0;0;0;0;0;0;
30360;4906732;582938624;33566720;540700672;0;0;0;0;0;0;0;0;0;0;0;3777;0;0;0;0;0;0;
30361;3394236;582938624;33566720;540700672;0;0;0;0;0;0;0;0;0;0;0;3908;0;0;0;0;0;0;
30362;4892235;582938624;33566720;540700672;0;0;0;0;0;0;0;0;0;0;0;4849;0;0;0;0;0;0;
30363;3584802;582938624;33566720;540700672;0;0;0;0;0;0;0;0;0;0;0;3897;0;0;0;0;0;0;
30364;5157913;582938624;33566720;540700672;0;0;0;0;0;0;0;0;0;0;0;4408;0;0;0;0;0;0;
30365;3398123;582938624;33566720;540700672;0;0;0;0;0;0;0;0;0;0;0;3506;0;0;0;0;0;0;
30366;4834927;582938624;33566720;540700672;0;0;0;0;0;0;0;0;0;0;0;4338;0;0;0;0;0;0;
30367;3527225;582938624;33566720;540700672;0;0;0;0;0;0;0;0;0;0;0;4358;0;0;0;0;0;0;
30368;4880112;582938624;33566720;540700672;0;0;0;0;0;0;0;0;0;0;0;4378;0;0;0;0;0;0;
30369;4275518;582938624;33566720;540700672;0;0;0;0;0;0;0;0;0;0;0;3998;0;0;0;0;0;0;
30370;5144167;582938624;33566720;540700672;0;0;0;0;0;0;0;0;0;0;0;3737;0;0;0;0;0;0;
30371;4492786;582938624;33566720;540700672;0;0;0;0;0;0;0;0;0;0;0;3767;0;0;0;0;0;0;
30372;5281224;582938624;33566720;540700672;0;0;0;0;0;0;0;0;0;0;0;3797;0;0;0;0;0;0;
30373;4000242;582938624;33566720;540700672;0;0;0;0;0;0;0;0;0;0;0;4298;0;0;0;0;0;0;
30374;5027348;582938624;33566720;540700672;0;0;0;0;0;0;0;0;0;0;0;3416;0;0;0;0;0;0;
30375;4325272;582938624;33566720;540700672;0;0;0;0;0;0;0;0;0;0;0;4168;0;0;0;0;0;0;
30376;4726585;582938624;33566720;540700672;0;0;0;0;0;0;0;0;0;0;0;3327;0;0;0;0;0;0;
30377;4676820;582938624;33566720;540700672;0;0;0;0;0;0;0;0;0;0;0;3586;0;0;0;0;0;0;
30378;4712307;582938624;33566720;540700672;0;0;0;0;0;0;0;0;0;0;0;3847;0;0;0;0;0;0;
30379;4292921;582938624;33566720;540700672;0;0;0;0;0;0;0;0;0;0;0;3066;0;0;0;0;0;0;
30380;4398118;582938624;33566720;540700672;0;0;0;0;0;0;0;0;0;0;0;2344;0;0;0;0;0;0;
30381;3615821;582938624;33566720;540700672;0;0;0;0;0;0;0;0;0;0;0;4168;0;0;0;0;0;0;
30382;4650892;582938624;33566720;540700672;0;0;0;0;0;0;0;0;0;0;0;2505;0;0;0;0;0;0;
30383;4203013;582938624;33566720;540700672;0;0;0;0;0;0;0;0;0;0;0;4629;0;0;0;0;0;0;
30384;5370281;582938624;33566720;540700672;0;0;0;0;0;0;0;0;0;0;0;5160;0;0;0;0;0;0;
30385;4234772;582938624;33566720;540700672;0;0;0;0;0;0;0;0;0;0;0;5230;0;0;0;0;0;0;
30386;5278820;582938624;33566720;540700672;0;0;0;0;0;0;0;0;0;0;0;4378;0;0;0;0;0;0;
30387;4020360;582938624;33566720;540700672;0;0;0;0;0;0;0;0;0;0;0;4368;0;0;0;0;0;0;
30388;4935966;582938624;33566720;540700672;0;0;0;0;0;0;0;0;0;0;0;3557;0;0;0;0;0;0;
30389;4103916;582938624;33566720;540700672;0;0;0;0;0;0;0;0;0;0;0;2996;0;0;0;0;0;0;
30390;4420270;582938624;33566720;540700672;0;0;0;0;0;0;0;0;0;0;0;2745;0;0;0;0;0;0;
30391;3080888;582938624;33566720;540700672;0;0;0;0;0;0;0;0;0;0;0;3126;0;0;0;0;0;0;
30392;4470775;582938624;33566720;540700672;0;0;0;0;0;0;0;0;0;0;0;2655;0;0;0;0;0;0;
30393;2519454;582938624;33566720;540700672;0;0;0;0;0;0;0;0;0;0;0;2985;0;0;0;0;0;0;
30394;4498065;582938624;33566720;540700672;0;0;0;0;0;0;0;0;0;0;0;2825;0;0;0;0;0;0;
30395;2707798;582938624;33566720;540700672;0;0;0;0;0;0;0;0;0;0;0;3807;0;0;0;0;0;0;
30396;4826191;582938624;33566720;540700672;0;0;0;0;0;0;0;0;0;0;0;4459;0;0;0;0;0;0;
30397;2973466;582938624;33566720;540700672;0;0;0;0;0;0;0;0;0;0;0;3416;0;0;0;0;0;0;
30398;4940345;582938624;33566720;540700672;0;0;0;0;0;0;0;0;0;0;0;3727;0;0;0;0;0;0;
30399;4350619;582938624;33566720;540700672;0;0;0;0;0;0;0;0;0;0;0;5200;0;0;0;0;0;0;
30400;4969690;582938624;33566720;540700672;0;0;0;0;0;0;0;0;0;0;0;3526;0;0;0;0;0;0;
30401;4255440;582938624;33566720;540700672;0;0;0;0;0;0;0;0;0;0;0;4599;0;0;0;0;0;0;
30402;4949011;582938624;33566720;540700672;0;0;0;0;0;0;0;0;0;0;0;3507;0;0;0;0;0;0;
30403;4239360;582938624;33566720;540700672;0;0;0;0;0;0;0;0;0;0;0;4338;0;0;0;0;0;0;
30404;4683394;582938624;33566720;540700672;0;0;0;0;0;0;0;0;0;0;0;3687;0;0;0;0;0;0;
30405;4053762;582938624;33566720;540700672;0;0;0;0;0;0;0;0;0;0;0;3857;0;0;0;0;0;0;
30406;4653557;582938624;33566720;540700672;0;0;0;0;0;0;0;0;0;0;0;3476;0;0;0;0;0;0;
30407;3595874;582938624;33566720;540700672;0;0;0;0;0;0;0;0;0;0;0;3857;0;0;0;0;0;0;
30408;4558128;582938624;33566720;540700672;0;0;0;0;0;0;0;0;0;0;0;3246;0;0;0;0;0;0;
30409;3707393;582938624;33566720;540700672;0;0;0;0;0;0;0;0;0;0;0;3837;0;0;0;0;0;0;
30410;4582263;582938624;33566720;540700672;0;0;0;0;0;0;0;0;0;0;0;2625;0;0;0;0;0;0;
30411;3475488;582938624;33566720;540700672;0;0;0;0;0;0;0;0;0;0;0;3817;0;0;0;0;0;0;
30412;4604496;582938624;33566720;540700672;0;0;0;0;0;0;0;0;0;0;0;3587;0;0;0;0;0;0;
30413;3602025;582938624;33566720;540700672;0;0;0;0;0;0;0;0;0;0;0;3096;0;0;0;0;0;0;
30414;4898106;582938624;33566720;540700672;0;0;0;0;0;0;0;0;0;0;0;2604;0;0;0;0;0;0;
30415;3797832;582938624;33566720;540700672;0;0;0;0;0;0;0;0;0;0;0;4990;0;0;0;0;0;0;
30416;4876094;582938624;33566720;540700672;0;0;0;0;0;0;0;0;0;0;0;3446;0;0;0;0;0;0;
30417;3613306;582938624;33566720;540700672;0;0;0;0;0;0;0;0;0;0;0;3306;0;0;0;0;0;0;
30418;5305771;582938624;33566720;540700672;0;0;0;0;0;0;0;0;0;0;0;3958;0;0;0;0;0;0;
30419;3874587;582938624;33566720;540700672;0;0;0;0;0;0;0;0;0;0;0;4319;0;0;0;0;0;0;
30420;4653186;582938624;33566720;540700672;0;0;0;0;0;0;0;0;0;0;0;3407;0;0;0;0;0;0;
30421;3739402;582938624;33566720;540700672;0;0;0;0;0;0;0;0;0;0;0;3717;0;0;0;0;0;0;
30422;4675278;582938624;33566720;540700672;0;0;0;0;0;0;0;0;0;0;0;2855;0;0;0;0;0;0;
30423;3625600;582938624;33566720;540700672;0;0;0;0;0;0;0;0;0;0;0;3877;0;0;0;0;0;0;
30424;4702469;582938624;33566720;540700672;0;0;0;0;0;0;0;0;0;0;0;3697;0;0;0;0;0;0;
30425;2639861;582938624;33566720;540700672;0;0;0;0;0;0;0;0;0;0;0;3206;0;0;0;0;0;0;
30426;4374864;582938624;33566720;540700672;0;0;0;0;0;0;0;0;0;0;0;2434;0;0;0;0;0;0;
30427;2638949;582938624;33566720;540700672;0;0;0;0;0;0;0;0;0;0;0;4098;0;0;0;0;0;0;
30428;4319972;582938624;33566720;540700672;0;0;0;0;0;0;0;0;0;0;0;2324;0;0;0;0;0;0;
30429;2716063;582938624;33566720;540700672;0;0;0;0;0;0;0;0;0;0;0;2896;0;0;0;0;0;0;
30430;4335300;582938624;33566720;540700672;0;0;0;0;0;0;0;0;0;0;0;2024;0;0;0;0;0;0;
30431;2570110;582938624;33566720;540700672;0;0;0;0;0;0;0;0;0;0;0;2815;0;0;0;0;0;0;
30432;4569179;582938624;33566720;540700672;0;0;0;0;0;0;0;0;0;0;0;2946;0;0;0;0;0;0;
30433;2327635;582938624;33566720;540700672;0;0;0;0;0;0;0;0;0;0;0;2936;0;0;0;0;0;0;
30434;4680347;582938624;33566720;540700672;0;0;0;0;0;0;0;0;0;0;0;3767;0;0;0;0;0;0;
30435;2653005;582938624;33566720;540700672;0;0;0;0;0;0;0;0;0;0;0;2835;0;0;0;0;0;0;
30436;4698201;582938624;33566720;540700672;0;0;0;0;0;0;0;0;0;0;0;2525;0;0;0;0;0;0;
30437;2614222;582938624;33566720;540700672;0;0;0;0;0;0;0;0;0;0;0;2825;0;0;0;0;0;0;
30438;4232317;582938624;33566720;540700672;0;0;0;0;0;0;0;0;0;0;0;2855;0;0;0;0;0;0;
30439;2954631;582938624;33566720;540700672;0;0;0;0;0;0;0;0;0;0;0;3096;0;0;0;0;0;0;
30440;4300725;582938624;33566720;540700672;0;0;0;0;0;0;0;0;0;0;0;2825;0;0;0;0;0;0;
30441;2798498;582938624;33566720;540700672;0;0;0;0;0;0;0;0;0;0;0;3336;0;0;0;0;0;0;
30442;4531468;582938624;33566720;540700672;0;0;0;0;0;0;0;0;0;0;0;3026;0;0;0;0;0;0;
30443;2328296;582938624;33566720;540700672;0;0;0;0;0;0;0;0;0;0;0;3477;0;0;0;0;0;0;
30444;4792728;582938624;33566720;540700672;0;0;0;0;0;0;0;0;0;0;0;3477;0;0;0;0;0;0;
30445;2467768;582938624;33566720;540700672;0;0;0;0;0;0;0;0;0;0;0;3757;0;0;0;0;0;0;
30446;4392207;582938624;33566720;540700672;0;0;0;0;0;0;0;0;0;0;0;2544;0;0;0;0;0;0;
30447;2849343;582938624;33566720;540700672;0;0;0;0;0;0;0;0;0;0;0;3176;0;0;0;0;0;0;
30448;4386756;582938624;33566720;540700672;0;0;0;0;0;0;0;0;0;0;0;2835;0;0;0;0;0;0;
30449;2535294;582938624;33566720;540700672;0;0;0;0;0;0;0;0;0;0;0;3115;0;0;0;0;0;0;
30450;4807396;582938624;33566720;540700672;0;0;0;0;0;0;0;0;0;0;0;4819;0;0;0;0;0;0;
30451;2512772;582938624;33566720;540700672;0;0;0;0;0;0;0;0;0;0;0;3146;0;0;0;0;0;0;
30452;4675228;582938624;33566720;540700672;0;0;0;0;0;0;0;0;0;0;0;2825;0;0;0;0;0;0;
30453;2405922;582938624;33566720;540700672;0;0;0;0;0;0;0;0;0;0;0;3176;0;0;0;0;0;0;
30454;4287330;582938624;33566720;540700672;0;0;0;0;0;0;0;0;0;0;0;2374;0;0;0;0;0;0;
30455;3166559;582938624;33566720;540700672;0;0;0;0;0;0;0;0;0;0;0;3988;0;0;0;0;0;0;
30456;4470163;582938624;33566720;540700672;0;0;0;0;0;0;0;0;0;0;0;2865;0;0;0;0;0;0;
30457;3178010;582938624;33566720;540700672;0;0;0;0;0;0;0;0;0;0;0;3166;0;0;0;0;0;0;
30458;4513645;582938624;33566720;540700672;0;0;0;0;0;0;0;0;0;0;0;3035;0;0;0;0;0;0;
30459;3392202;582938624;33566720;540700672;0;0;0;0;0;0;0;0;0;0;0;3947;0;0;0;0;0;0;
30460;5058217;582938624;33566720;540700672;0;0;0;0;0;0;0;0;0;0;0;4939;0;0;0;0;0;0;
30461;4469983;582938624;33566720;540700672;0;0;0;0;0;0;0;0;0;0;0;4709;0;0;0;0;0;0;
30462;5235859;582938624;33566720;540700672;0;0;0;0;0;0;0;0;0;0;0;4839;0;0;0;0;0;0;
30463;4325091;582938624;33566720;540700672;0;0;0;0;0;0;0;0;0;0;0;4528;0;0;0;0;0;0;
30464;4826401;582938624;33566720;540700672;0;0;0;0;0;0;0;0;0;0;0;3687;0;0;0;0;0;0;
30465;4187112;582938624;33566720;540700672;0;0;0;0;0;0;0;0;0;0;0;3788;0;0;0;0;0;0;
30466;4866096;582938624;33566720;540700672;0;0;0;0;0;0;0;0;0;0;0;4198;0;0;0;0;0;0;
30467;3579643;582938624;33566720;540700672;0;0;0;0;0;0;0;0;0;0;0;4920;0;0;0;0;0;0;
30468;4787438;582938624;33566720;540700672;0;0;0;0;0;0;0;0;0;0;0;4358;0;0;0;0;0;0;
30469;3886920;582938624;33566720;540700672;0;0;0;0;0;0;0;0;0;0;0;4809;0;0;0;0;0;0;
30470;4806304;582938624;33566720;540700672;0;0;0;0;0;0;0;0;0;0;0;3086;0;0;0;0;0;0;
30471;3490316;582938624;33566720;540700672;0;0;0;0;0;0;0;0;0;0;0;3878;0;0;0;0;0;0;
30472;4682902;582938624;33566720;540700672;0;0;0;0;0;0;0;0;0;0;0;2825;0;0;0;0;0;0;
30473;3827939;582938624;33566720;540700672;0;0;0;0;0;0;0;0;0;0;0;3406;0;0;0;0;0;0;
30474;4805142;582938624;33566720;540700672;0;0;0;0;0;0;0;0;0;0;0;2796;0;0;0;0;0;0;
30475;3434661;582938624;33566720;540700672;0;0;0;0;0;0;0;0;0;0;0;3677;0;0;0;0;0;0;
30476;4843914;582938624;33566720;540700672;0;0;0;0;0;0;0;0;0;0;0;4448;0;0;0;0;0;0;
30477;3638754;582938624;33566720;540700672;0;0;0;0;0;0;0;0;0;0;0;4218;0;0;0;0;0;0;
30478;4890291;582938624;33566720;540700672;0;0;0;0;0;0;0;0;0;0;0;3928;0;0;0;0;0;0;
30479;3683087;582938624;33566720;540700672;0;0;0;0;0;0;0;0;0;0;0;5119;0;0;0;0;0;0;
30480;4721324;582938624;33566720;540700672;0;0;0;0;0;0;0;0;0;0;0;3246;0;0;0;0;0;0;
30481;3571137;582938624;33566720;540700672;0;0;0;0;0;0;0;0;0;0;0;3647;0;0;0;0;0;0;
30482;4719561;582938624;33566720;540700672;0;0;0;0;0;0;0;0;0;0;0;2755;0;0;0;0;0;0;
30483;3554696;582938624;33566720;540700672;0;0;0;0;0;0;0;0;0;0;0;3797;0;0;0;0;0;0;
30484;4761369;582938624;33566720;540700672;0;0;0;0;0;0;0;0;0;0;0;4438;0;0;0;0;0;0;
30485;3284319;582938624;33566720;540700672;0;0;0;0;0;0;0;0;0;0;0;3406;0;0;0;0;0;0;
30486;4951676;582938624;33566720;540700672;0;0;0;0;0;0;0;0;0;0;0;3627;0;0;0;0;0;0;
30487;3447655;582938624;33566720;540700672;0;0;0;0;0;0;0;0;0;0;0;3917;0;0;0;0;0;0;
30488;5231801;582938624;33566720;540700672;0;0;0;0;0;0;0;0;0;0;0;4098;0;0;0;0;0;0;
30489;3828139;582938624;33566720;540700672;0;0;0;0;0;0;0;0;0;0;0;4529;0;0;0;0;0;0;
30490;5106917;582938624;33566720;540700672;0;0;0;0;0;0;0;0;0;0;0;4138;0;0;0;0;0;0;
30491;4752353;582938624;33566720;540700672;0;0;0;0;0;0;0;0;0;0;0;4468;0;0;0;0;0;0;
30492;10803661;582938624;33566720;540700672;0;0;0;0;0;0;0;0;0;0;0;3096;0;0;0;0;0;0;
30493;4506051;582938624;33566720;540700672;0;0;0;0;0;0;0;0;0;0;0;4538;0;0;0;0;0;0;
30494;4951506;582938624;33566720;540700672;0;0;0;0;0;0;0;0;0;0;0;3587;0;0;0;0;0;0;
30495;4272683;582938624;33566720;540700672;0;0;0;0;0;0;0;0;0;0;0;4919;0;0;0;0;0;0;
30496;5180706;582938624;33566720;540700672;0;0;0;0;0;0;0;0;0;0;0;4729;0;0;0;0;0;0;
30497;4457740;582938624;33566720;540700672;0;0;0;0;0;0;0;0;0;0;0;3988;0;0;0;0;0;0;
30498;5010857;582938624;33566720;540700672;0;0;0;0;0;0;0;0;0;0;0;4309;0;0;0;0;0;0;
30499;4442501;582938624;33566720;540700672;0;0;0;0;0;0;0;0;0;0;0;4068;0;0;0;0;0;0;
30500;4774023;582938624;33566720;540700672;0;0;0;0;0;0;0;0;0;0;0;3717;0;0;0;0;0;0;
30501;4189006;582938624;33566720;540700672;0;0;0;0;0;0;0;0;0;0;0;3597;0;0;0;0;0;0;
30502;4976863;582938624;33566720;540700672;0;0;0;0;0;0;0;0;0;0;0;5150;0;0;0;0;0;0;
30503;3498722;582938624;33566720;540700672;0;0;0;0;0;0;0;0;0;0;0;4628;0;0;0;0;0;0;
30504;4910208;582938624;33566720;540700672;0;0;0;0;0;0;0;0;0;0;0;3807;0;0;0;0;0;0;
30505;3539668;582938624;33566720;540700672;0;0;0;0;0;0;0;0;0;0;0;3687;0;0;0;0;0;0;
30506;4900029;582938624;33566720;540700672;0;0;0;0;0;0;0;0;0;0;0;3357;0;0;0;0;0;0;
30507;3571708;582938624;33566720;540700672;0;0;0;0;0;0;0;0;0;0;0;3296;0;0;0;0;0;0;
30508;4498947;582938624;33566720;540700672;0;0;0;0;0;0;0;0;0;0;0;9528;0;0;0;0;0;0;
30509;3968713;582938624;33566720;540700672;0;0;0;0;0;0;0;0;0;0;0;3857;0;0;0;0;0;0;
30510;4692120;582938624;33566720;540700672;0;0;0;0;0;0;0;0;0;0;0;2816;0;0;0;0;0;0;
30511;3919791;582938624;33566720;540700672;0;0;0;0;0;0;0;0;0;0;0;4228;0;0;0;0;0;0;
30512;4971112;582938624;33566720;540700672;0;0;0;0;0;0;0;0;0;0;0;3376;0;0;0;0;0;0;
30513;3606444;582938624;33566720;540700672;0;0;0;0;0;0;0;0;0;0;0;4318;0;0;0;0;0;0;
30514;4722827;582938624;33566720;540700672;0;0;0;0;0;0;0;0;0;0;0;3727;0;0;0;0;0;0;
30515;3711651;582938624;33566720;540700672;0;0;0;0;0;0;0;0;0;0;0;3647;0;0;0;0;0;0;
30516;4871787;582938624;33566720;540700672;0;0;0;0;0;0;0;0;0;0;0;4028;0;0;0;0;0;0;
30517;3348260;582938624;33566720;540700672;0;0;0;0;0;0;0;0;0;0;0;3968;0;0;0;0;0;0;
30518;4599055;582938624;33566720;540700672;0;0;0;0;0;0;0;0;0;0;0;2925;0;0;0;0;0;0;
30519;3449659;582938624;33566720;540700672;0;0;0;0;0;0;0;0;0;0;0;3627;0;0;0;0;0;0;
30520;4533713;582938624;33566720;540700672;0;0;0;0;0;0;0;0;0;0;0;2936;0;0;0;0;0;0;
30521;3691413;582938624;33566720;540700672;0;0;0;0;0;0;0;0;0;0;0;2785;0;0;0;0;0;0;
30522;4373612;582938624;33566720;540700672;0;0;0;0;0;0;0;0;0;0;0;2304;0;0;0;0;0;0;
30523;3064668;582938624;33566720;540700672;0;0;0;0;0;0;0;0;0;0;0;2325;0;0;0;0;0;0;
30524;4442061;582938624;33566720;540700672;0;0;0;0;0;0;0;0;0;0;0;2405;0;0;0;0;0;0;
30525;3405456;582938624;33566720;540700672;0;0;0;0;0;0;0;0;0;0;0;4268;0;0;0;0;0;0;
30526;5187147;582938624;33566720;540700672;0;0;0;0;0;0;0;0;0;0;0;3226;0;0;0;0;0;0;
30527;3768738;582938624;33566720;540700672;0;0;0;0;0;0;0;0;0;0;0;3326;0;0;0;0;0;0;
30528;4934644;582938624;33566720;540700672;0;0;0;0;0;0;0;0;0;0;0;2996;0;0;0;0;0;0;
30529;3726369;582938624;33566720;540700672;0;0;0;0;0;0;0;0;0;0;0;3687;0;0;0;0;0;0;
30530;4633179;582938624;33566720;540700672;0;0;0;0;0;0;0;0;0;0;0;3447;0;0;0;0;0;0;
30531;3402952;582938624;33566720;540700672;0;0;0;0;0;0;0;0;0;0;0;4568;0;0;0;0;0;0;
30532;5251228;582938624;33566720;540700672;0;0;0;0;0;0;0;0;0;0;0;4418;0;0;0;0;0;0;
30533;3559174;582938624;33566720;540700672;0;0;0;0;0;0;0;0;0;0;0;3798;0;0;0;0;0;0;
30534;4956876;582938624;33566720;540700672;0;0;0;0;0;0;0;0;0;0;0;3506;0;0;0;0;0;0;
30535;3505824;582938624;33566720;540700672;0;0;0;0;0;0;0;0;0;0;0;4509;0;0;0;0;0;0;
30536;5042597;582938624;33566720;540700672;0;0;0;0;0;0;0;0;0;0;0;4068;0;0;0;0;0;0;
30537;3323233;582938624;33566720;540700672;0;0;0;0;0;0;0;0;0;0;0;3707;0;0;0;0;0;0;
30538;5151250;582938624;33566720;540700672;0;0;0;0;0;0;0;0;0;0;0;4107;0;0;0;0;0;0;
30539;3223064;582938624;33566720;540700672;0;0;0;0;0;0;0;0;0;0;0;3737;0;0;0;0;0;0;
30540;4741502;582938624;33566720;540700672;0;0;0;0;0;0;0;0;0;0;0;3877;0;0;0;0;0;0;
30541;3426586;582938624;33566720;540700672;0;0;0;0;0;0;0;0;0;0;0;4598;0;0;0;0;0;0;
30542;4484571;582938624;33566720;540700672;0;0;0;0;0;0;0;0;0;0;0;3467;0;0;0;0;0;0;
30543;4031941;582938624;33566720;540700672;0;0;0;0;0;0;0;0;0;0;0;3717;0;0;0;0;0;0;
30544;5062043;582938624;33574912;540708864;0;0;0;0;0;0;0;0;0;0;0;5451;0;0;0;0;0;0;
30545;4640052;582938624;33574912;540708864;0;0;0;0;0;0;0;0;0;0;0;4258;0;0;0;0;0;0;
30546;4915768;582938624;33574912;540708864;0;0;0;0;0;0;0;0;0;0;0;4088;0;0;0;0;0;0;
30547;4660470;582938624;33574912;540708864;0;0;0;0;0;0;0;0;0;0;0;4198;0;0;0;0;0;0;
30548;4994877;582938624;33574912;540708864;0;0;0;0;0;0;0;0;0;0;0;3627;0;0;0;0;0;0;
30549;5065399;582938624;33574912;540708864;0;0;0;0;0;0;0;0;0;0;0;5711;0;0;0;0;0;0;
30550;5011017;582938624;33574912;540708864;0;0;0;0;0;0;0;0;0;0;0;4779;0;0;0;0;0;0;
30551;5151331;582938624;33566720;540700672;0;0;0;0;0;0;0;0;0;0;0;4549;0;0;0;0;0;0;
30552;5050662;582938624;33566720;540700672;0;0;0;0;0;0;0;0;0;0;0;4488;0;0;0;0;0;0;
30553;4310444;582938624;33566720;540700672;0;0;0;0;0;0;0;0;0;0;0;4960;0;0;0;0;0;0;
30554;5278970;582938624;33566720;540700672;0;0;0;0;0;0;0;0;0;0;0;4909;0;0;0;0;0;0;
30555;4414990;582938624;33566720;540700672;0;0;0;0;0;0;0;0;0;0;0;4419;0;0;0;0;0;0;
30556;4934163;582938624;33566720;540700672;0;0;0;0;0;0;0;0;0;0;0;3646;0;0;0;0;0;0;
30557;3998880;582938624;33566720;540700672;0;0;0;0;0;0;0;0;0;0;0;4308;0;0;0;0;0;0;
30558;4898257;582938624;33566720;540700672;0;0;0;0;0;0;0;0;0;0;0;4258;0;0;0;0;0;0;
30559;4028064;582938624;33566720;540700672;0;0;0;0;0;0;0;0;0;0;0;4418;0;0;0;0;0;0;
30560;4902043;582938624;33566720;540700672;0;0;0;0;0;0;0;0;0;0;0;4008;0;0;0;0;0;0;
30561;3920663;582938624;33566720;540700672;0;0;0;0;0;0;0;0;0;0;0;4699;0;0;0;0;0;0;
30562;5197798;582938624;33566720;540700672;0;0;0;0;0;0;0;0;0;0;0;5781;0;0;0;0;0;0;
30563;4175841;582938624;33566720;540700672;0;0;0;0;0;0;0;0;0;0;0;4689;0;0;0;0;0;0;
30564;5233134;582938624;33566720;540700672;0;0;0;0;0;0;0;0;0;0;0;4739;0;0;0;0;0;0;
30565;4704593;582938624;33566720;540700672;0;0;0;0;0;0;0;0;0;0;0;4248;0;0;0;0;0;0;
30566;5027498;582938624;33566720;540700672;0;0;0;0;0;0;0;0;0;0;0;3606;0;0;0;0;0;0;
30567;4189227;582938624;33566720;540700672;0;0;0;0;0;0;0;0;0;0;0;3517;0;0;0;0;0;0;
30568;5051023;582938624;33566720;540700672;0;0;0;0;0;0;0;0;0;0;0;5360;0;0;0;0;0;0;
30569;4545915;582938624;33566720;540700672;0;0;0;0;0;0;0;0;0;0;0;4779;0;0;0;0;0;0;
30570;4758434;582938624;33566720;540700672;0;0;0;0;0;0;0;0;0;0;0;3606;0;0;0;0;0;0;
30571;3664863;582938624;33566720;540700672;0;0;0;0;0;0;0;0;0;0;0;3968;0;0;0;0;0;0;
30572;4635734;582938624;33566720;540700672;0;0;0;0;0;0;0;0;0;0;0;3086;0;0;0;0;0;0;
30573;3659312;582938624;33566720;540700672;0;0;0;0;0;0;0;0;0;0;0;2966;0;0;0;0;0;0;
30574;4400613;582938624;33566720;540700672;0;0;0;0;0;0;0;0;0;0;0;2595;0;0;0;0;0;0;
30575;2558288;582938624;33566720;540700672;0;0;0;0;0;0;0;0;0;0;0;3347;0;0;0;0;0;0;
30576;4337305;582938624;33566720;540700672;0;0;0;0;0;0;0;0;0;0;0;2675;0;0;0;0;0;0;
30577;3300028;582938624;33566720;540700672;0;0;0;0;0;0;0;0;0;0;0;2956;0;0;0;0;0;0;
30578;4560132;582938624;33566720;540700672;0;0;0;0;0;0;0;0;0;0;0;2254;0;0;0;0;0;0;
30579;4241405;582938624;33566720;540700672;0;0;0;0;0;0;0;0;0;0;0;2825;0;0;0;0;0;0;
30580;4782259;582938624;33566720;540700672;0;0;0;0;0;0;0;0;0;0;0;2465;0;0;0;0;0;0;
30581;2608723;582938624;33566720;540700672;0;0;0;0;0;0;0;0;0;0;0;2866;0;0;0;0;0;0;
30582;4493878;582938624;33566720;540700672;0;0;0;0;0;0;0;0;0;0;0;2375;0;0;0;0;0;0;
30583;2883197;582938624;33566720;540700672;0;0;0;0;0;0;0;0;0;0;0;2875;0;0;0;0;0;0;
30584;4415852;582938624;33566720;540700672;0;0;0;0;0;0;0;0;0;0;0;2504;0;0;0;0;0;0;
30585;4319010;582938624;33566720;540700672;0;0;0;0;0;0;0;0;0;0;0;4309;0;0;0;0;0;0;
30586;4701176;582938624;33566720;540700672;0;0;0;0;0;0;0;0;0;0;0;3596;0;0;0;0;0;0;
30587;3261587;582938624;33566720;540700672;0;0;0;0;0;0;0;0;0;0;0;3026;0;0;0;0;0;0;
30588;4395914;582938624;33566720;540700672;0;0;0;0;0;0;0;0;0;0;0;2084;0;0;0;0;0;0;
30589;2655269;582938624;33566720;540700672;0;0;0;0;0;0;0;0;0;0;0;3456;0;0;0;0;0;0;
30590;4210406;582938624;33566720;540700672;0;0;0;0;0;0;0;0;0;0;0;2124;0;0;0;0;0;0;
30591;3697634;582938624;33566720;540700672;0;0;0;0;0;0;0;0;0;0;0;4187;0;0;0;0;0;0;
30592;4625825;582938624;33566720;540700672;0;0;0;0;0;0;0;0;0;0;0;3126;0;0;0;0;0;0;
30593;4351110;582938624;33566720;540700672;0;0;0;0;0;0;0;0;0;0;0;3286;0;0;0;0;0;0;
30594;4596620;582938624;33566720;540700672;0;0;0;0;0;0;0;0;0;0;0;3307;0;0;0;0;0;0;
30595;4025991;582938624;33566720;540700672;0;0;0;0;0;0;0;0;0;0;0;3287;0;0;0;0;0;0;
30596;4359155;582938624;33566720;540700672;0;0;0;0;0;0;0;0;0;0;0;2505;0;0;0;0;0;0;
30597;3872232;582938624;33566720;540700672;0;0;0;0;0;0;0;0;0;0;0;4188;0;0;0;0;0;0;
30598;4701908;582938624;33566720;540700672;0;0;0;0;0;0;0;0;0;0;0;3206;0;0;0;0;0;0;
30599;4113765;582938624;33566720;540700672;0;0;0;0;0;0;0;0;0;0;0;4138;0;0;0;0;0;0;
30600;5388345;582938624;33566720;540700672;0;0;0;0;0;0;0;0;0;0;0;5039;0;0;0;0;0;0;
30601;4618963;582938624;33566720;540700672;0;0;0;0;0;0;0;0;0;0;0;4860;0;0;0;0;0;0;
30602;4948660;582938624;33566720;540700672;0;0;0;0;0;0;0;0;0;0;0;4238;0;0;0;0;0;0;
30603;4097154;582938624;33566720;540700672;0;0;0;0;0;0;0;0;0;0;0;4248;0;0;0;0;0;0;
30604;4843273;582938624;33566720;540700672;0;0;0;0;0;0;0;0;0;0;0;3396;0;0;0;0;0;0;
30605;3708234;582938624;33566720;540700672;0;0;0;0;0;0;0;0;0;0;0;3887;0;0;0;0;0;0;
30606;4793038;582938624;33566720;540700672;0;0;0;0;0;0;0;0;0;0;0;3507;0;0;0;0;0;0;
30607;3487330;582938624;33566720;540700672;0;0;0;0;0;0;0;0;0;0;0;3968;0;0;0;0;0;0;
30608;4872298;582938624;33566720;540700672;0;0;0;0;0;0;0;0;0;0;0;3606;0;0;0;0;0;0;
30609;3662579;582938624;33566720;540700672;0;0;0;0;0;0;0;0;0;0;0;3567;0;0;0;0;0;0;
30610;4918173;582938624;33566720;540700672;0;0;0;0;0;0;0;0;0;0;0;3507;0;0;0;0;0;0;
30611;3729784;582938624;33566720;540700672;0;0;0;0;0;0;0;0;0;0;0;4107;0;0;0;0;0;0;
30612;4754296;582938624;33566720;540700672;0;0;0;0;0;0;0;0;0;0;0;3276;0;0;0;0;0;0;
30613;3061681;582938624;33566720;540700672;0;0;0;0;0;0;0;0;0;0;0;2856;0;0;0;0;0;0;
30614;4337244;582938624;33566720;540700672;0;0;0;0;0;0;0;0;0;0;0;2234;0;0;0;0;0;0;
30615;2808517;582938624;33566720;540700672;0;0;0;0;0;0;0;0;0;0;0;2775;0;0;0;0;0;0;
30616;4466135;582938624;33566720;540700672;0;0;0;0;0;0;0;0;0;0;0;2555;0;0;0;0;0;0;
30617;2789401;582938624;33566720;540700672;0;0;0;0;0;0;0;0;0;0;0;4699;0;0;0;0;0;0;
30618;4539123;582938624;33566720;540700672;0;0;0;0;0;0;0;0;0;0;0;2675;0;0;0;0;0;0;
30619;2700063;582938624;33566720;540700672;0;0;0;0;0;0;0;0;0;0;0;3106;0;0;0;0;0;0;
30620;5070459;582938624;33566720;540700672;0;0;0;0;0;0;0;0;0;0;0;4458;0;0;0;0;0;0;
30621;2594115;582938624;33566720;540700672;0;0;0;0;0;0;0;0;0;0;0;3666;0;0;0;0;0;0;
30622;4591952;582938624;33566720;540700672;0;0;0;0;0;0;0;0;0;0;0;2555;0;0;0;0;0;0;
30623;2621857;582938624;33566720;540700672;0;0;0;0;0;0;0;0;0;0;0;4258;0;0;0;0;0;0;
30624;4550234;582938624;33566720;540700672;0;0;0;0;0;0;0;0;0;0;0;3396;0;0;0;0;0;0;
30625;2681228;582938624;33566720;540700672;0;0;0;0;0;0;0;0;0;0;0;3577;0;0;0;0;0;0;
30626;4411443;582938624;33566720;540700672;0;0;0;0;0;0;0;0;0;0;0;2515;0;0;0;0;0;0;
30627;2690085;582938624;33566720;540700672;0;0;0;0;0;0;0;0;0;0;0;3636;0;0;0;0;0;0;
30628;4504248;582938624;33566720;540700672;0;0;0;0;0;0;0;0;0;0;0;2364;0;0;0;0;0;0;
30629;2472747;582938624;33566720;540700672;0;0;0;0;0;0;0;0;0;0;0;3266;0;0;0;0;0;0;
30630;4709442;582938624;33566720;540700672;0;0;0;0;0;0;0;0;0;0;0;3046;0;0;0;0;0;0;
30631;2577924;582938624;33566720;540700672;0;0;0;0;0;0;0;0;0;0;0;5230;0;0;0;0;0;0;
30632;5241881;582938624;33566720;540700672;0;0;0;0;0;0;0;0;0;0;0;5300;0;0;0;0;0;0;
30633;3392913;582938624;33566720;540700672;0;0;0;0;0;0;0;0;0;0;0;4218;0;0;0;0;0;0;
30634;4996099;582938624;33566720;540700672;0;0;0;0;0;0;0;0;0;0;0;3366;0;0;0;0;0;0;
30635;3561168;582938624;33566720;540700672;0;0;0;0;0;0;0;0;0;0;0;3075;0;0;0;0;0;0;
30636;4534464;582938624;33566720;540700672;0;0;0;0;0;0;0;0;0;0;0;3296;0;0;0;0;0;0;
30637;3345133;582938624;33566720;540700672;0;0;0;0;0;0;0;0;0;0;0;3897;0;0;0;0;0;0;
30638;4773943;582938624;33566720;540700672;0;0;0;0;0;0;0;0;0;0;0;2966;0;0;0;0;0;0;
30639;3552091;582938624;33566720;540700672;0;0;0;0;0;0;0;0;0;0;0;3337;0;0;0;0;0;0;
30640;4920778;582938624;33566720;540700672;0;0;0;0;0;0;0;0;0;0;0;3757;0;0;0;0;0;0;
30641;3464297;582938624;33566720;540700672;0;0;0;0;0;0;0;0;0;0;0;3667;0;0;0;0;0;0;
30642;4845897;582938624;33566720;540700672;0;0;0;0;0;0;0;0;0;0;0;3466;0;0;0;0;0;0;
30643;4085001;582938624;33566720;540700672;0;0;0;0;0;0;0;0;0;0;0;4659;0;0;0;0;0;0;
30644;5324245;582938624;33566720;540700672;0;0;0;0;0;0;0;0;0;0;0;4389;0;0;0;0;0;0;
30645;4431501;582938624;33566720;540700672;0;0;0;0;0;0;0;0;0;0;0;3968;0;0;0;0;0;0;
30646;5092671;582938624;33566720;540700672;0;0;0;0;0;0;0;0;0;0;0;4398;0;0;0;0;0;0;
30647;3464427;582938624;33566720;540700672;0;0;0;0;0;0;0;0;0;0;0;4248;0;0;0;0;0;0;
30648;5189012;582938624;33566720;540700672;0;0;0;0;0;0;0;0;0;0;0;4258;0;0;0;0;0;0;
30649;3255746;582938624;33566720;540700672;0;0;0;0;0;0;0;0;0;0;0;4398;0;0;0;0;0;0;
30650;4680357;582938624;33566720;540700672;0;0;0;0;0;0;0;0;0;0;0;3126;0;0;0;0;0;0;
30651;3240367;582938624;33566720;540700672;0;0;0;0;0;0;0;0;0;0;0;2625;0;0;0;0;0;0;
30652;4984248;582938624;33566720;540700672;0;0;0;0;0;0;0;0;0;0;0;4207;0;0;0;0;0;0;
30653;4260881;582938624;33566720;540700672;0;0;0;0;0;0;0;0;0;0;0;4779;0;0;0;0;0;0;
30654;5118970;582938624;33566720;540700672;0;0;0;0;0;0;0;0;0;0;0;5089;0;0;0;0;0;0;
30655;4530266;582938624;33566720;540700672;0;0;0;0;0;0;0;0;0;0;0;4779;0;0;0;0;0;0;
30656;4909517;582938624;33566720;540700672;0;0;0;0;0;0;0;0;0;0;0;3436;0;0;0;0;0;0;
30657;3496116;582938624;33566720;540700672;0;0;0;0;0;0;0;0;0;0;0;3527;0;0;0;0;0;0;
30658;4613602;582938624;33566720;540700672;0;0;0;0;0;0;0;0;0;0;0;3206;0;0;0;0;0;0;
30659;3376102;582938624;33566720;540700672;0;0;0;0;0;0;0;0;0;0;0;4008;0;0;0;0;0;0;
30660;4985559;582938624;33566720;540700672;0;0;0;0;0;0;0;0;0;0;0;4419;0;0;0;0;0;0;
30661;3292424;582938624;33566720;540700672;0;0;0;0;0;0;0;0;0;0;0;3847;0;0;0;0;0;0;
30662;4926840;582938624;33574912;540708864;0;0;0;0;0;0;0;0;0;0;0;3526;0;0;0;0;0;0;
30663;3332790;582938624;33574912;540708864;0;0;0;0;0;0;0;0;0;0;0;3597;0;0;0;0;0;0;
30664;4517382;582938624;33574912;540708864;0;0;0;0;0;0;0;0;0;0;0;2955;0;0;0;0;0;0;
30665;3429783;582938624;33574912;540708864;0;0;0;0;0;0;0;0;0;0;0;3737;0;0;0;0;0;0;
30666;4529685;582938624;33574912;540708864;0;0;0;0;0;0;0;0;0;0;0;3005;0;0;0;0;0;0;
30667;3548264;582938624;33574912;540708864;0;0;0;0;0;0;0;0;0;0;0;3968;0;0;0;0;0;0;
30668;4856258;582938624;33574912;540708864;0;0;0;0;0;0;0;0;0;0;0;3297;0;0;0;0;0;0;
30669;3515302;582938624;33566720;540700672;0;0;0;0;0;0;0;0;0;0;0;4398;0;0;0;0;0;0;
30670;4970481;582938624;33566720;540700672;0;0;0;0;0;0;0;0;0;0;0;3327;0;0;0;0;0;0;
30671;3462814;582938624;33566720;540700672;0;0;0;0;0;0;0;0;0;0;0;4930;0;0;0;0;0;0;
30672;4764896;582938624;33566720;540700672;0;0;0;0;0;0;0;0;0;0;0;4599;0;0;0;0;0;0;
30673;3268450;582938624;33566720;540700672;0;0;0;0;0;0;0;0;0;0;0;3717;0;0;0;0;0;0;
30674;4652705;582938624;33566720;540700672;0;0;0;0;0;0;0;0;0;0;0;2896;0;0;0;0;0;0;
30675;3270694;582938624;33566720;540700672;0;0;0;0;0;0;0;0;0;0;0;4098;0;0;0;0;0;0;
30676;4453732;582938624;33566720;540700672;0;0;0;0;0;0;0;0;0;0;0;2585;0;0;0;0;0;0;
30677;3587037;582938624;33566720;540700672;0;0;0;0;0;0;0;0;0;0;0;3808;0;0;0;0;0;0;
30678;4638158;582938624;33566720;540700672;0;0;0;0;0;0;0;0;0;0;0;2815;0;0;0;0;0;0;
30679;4066897;582938624;33566720;540700672;0;0;0;0;0;0;0;0;0;0;0;3737;0;0;0;0;0;0;
30680;4747023;582938624;33566720;540700672;0;0;0;0;0;0;0;0;0;0;0;3506;0;0;0;0;0;0;
30681;4046930;582938624;33566720;540700672;0;0;0;0;0;0;0;0;0;0;0;3606;0;0;0;0;0;0;
30682;4672443;582938624;33566720;540700672;0;0;0;0;0;0;0;0;0;0;0;3477;0;0;0;0;0;0;
30683;3457103;582938624;33566720;540700672;0;0;0;0;0;0;0;0;0;0;0;3557;0;0;0;0;0;0;
30684;5157943;582938624;33566720;540700672;0;0;0;0;0;0;0;0;0;0;0;4378;0;0;0;0;0;0;
30685;4000773;582938624;33566720;540700672;0;0;0;0;0;0;0;0;0;0;0;4278;0;0;0;0;0;0;
30686;5022199;582938624;33566720;540700672;0;0;0;0;0;0;0;0;0;0;0;4318;0;0;0;0;0;0;
30687;4315563;582938624;33566720;540700672;0;0;0;0;0;0;0;0;0;0;0;4188;0;0;0;0;0;0;
30688;4757682;582938624;33566720;540700672;0;0;0;0;0;0;0;0;0;0;0;3637;0;0;0;0;0;0;
30689;4273955;582938624;33566720;540700672;0;0;0;0;0;0;0;0;0;0;0;3917;0;0;0;0;0;0;
30690;5148305;582938624;33566720;540700672;0;0;0;0;0;0;0;0;0;0;0;4860;0;0;0;0;0;0;
30691;3955337;582938624;33566720;540700672;0;0;0;0;0;0;0;0;0;0;0;3236;0;0;0;0;0;0;
30692;4663646;582938624;33566720;540700672;0;0;0;0;0;0;0;0;0;0;0;2334;0;0;0;0;0;0;
30693;2529013;582938624;33566720;540700672;0;0;0;0;0;0;0;0;0;0;0;3907;0;0;0;0;0;0;
30694;4561284;582938624;33566720;540700672;0;0;0;0;0;0;0;0;0;0;0;3987;0;0;0;0;0;0;
30695;2489859;582938624;33566720;540700672;0;0;0;0;0;0;0;0;0;0;0;3016;0;0;0;0;0;0;
30696;4260200;582938624;33566720;540700672;0;0;0;0;0;0;0;0;0;0;0;2364;0;0;0;0;0;0;
30697;2899788;582938624;33566720;540700672;0;0;0;0;0;0;0;0;0;0;0;2876;0;0;0;0;0;0;
30698;4360748;582938624;33566720;540700672;0;0;0;0;0;0;0;0;0;0;0;2424;0;0;0;0;0;0;
30699;2990708;582938624;33566720;540700672;0;0;0;0;0;0;0;0;0;0;0;3055;0;0;0;0;0;0;
30700;4444184;582938624;33566720;540700672;0;0;0;0;0;0;0;0;0;0;0;2545;0;0;0;0;0;0;
30701;2857990;582938624;33566720;540700672;0;0;0;0;0;0;0;0;0;0;0;3727;0;0;0;0;0;0;
30702;4693743;582938624;33566720;540700672;0;0;0;0;0;0;0;0;0;0;0;2855;0;0;0;0;0;0;
30703;2589947;582938624;33566720;540700672;0;0;0;0;0;0;0;0;0;0;0;3106;0;0;0;0;0;0;
30704;4812626;582938624;33566720;540700672;0;0;0;0;0;0;0;0;0;0;0;4338;0;0;0;0;0;0;
30705;2513233;582938624;33566720;540700672;0;0;0;0;0;0;0;0;0;0;0;3777;0;0;0;0;0;0;
30706;4563237;582938624;33566720;540700672;0;0;0;0;0;0;0;0;0;0;0;2995;0;0;0;0;0;0;
30707;2594706;582938624;33566720;540700672;0;0;0;0;0;0;0;0;0;0;0;3637;0;0;0;0;0;0;
30708;4591641;582938624;33566720;540700672;0;0;0;0;0;0;0;0;0;0;0;2625;0;0;0;0;0;0;
30709;2568698;582938624;33566720;540700672;0;0;0;0;0;0;0;0;0;0;0;2825;0;0;0;0;0;0;
30710;4722326;582938624;33566720;540700672;0;0;0;0;0;0;0;0;0;0;0;3016;0;0;0;0;0;0;
30711;2501712;582938624;33566720;540700672;0;0;0;0;0;0;0;0;0;0;0;3507;0;0;0;0;0;0;
30712;4557938;582938624;33566720;540700672;0;0;0;0;0;0;0;0;0;0;0;2294;0;0;0;0;0;0;
30713;2594807;582938624;33566720;540700672;0;0;0;0;0;0;0;0;0;0;0;3096;0;0;0;0;0;0;
30714;4248988;582938624;33566720;540700672;0;0;0;0;0;0;0;0;0;0;0;2765;0;0;0;0;0;0;
30715;2881193;582938624;33566720;540700672;0;0;0;0;0;0;0;0;0;0;0;3296;0;0;0;0;0;0;
30716;4477447;582938624;33566720;540700672;0;0;0;0;0;0;0;0;0;0;0;2215;0;0;0;0;0;0;
30717;3105103;582938624;33566720;540700672;0;0;0;0;0;0;0;0;0;0;0;5170;0;0;0;0;0;0;
30718;4722998;582938624;33566720;540700672;0;0;0;0;0;0;0;0;0;0;0;3747;0;0;0;0;0;0;
30719;4192412;582938624;33566720;540700672;0;0;0;0;0;0;0;0;0;0;0;4639;0;0;0;0;0;0;
30720;5142203;582938624;33566720;540700672;0;0;0;0;0;0;0;0;0;0;0;5550;0;0;0;0;0;0;
30721;4447701;582938624;33566720;540700672;0;0;0;0;0;0;0;0;0;0;0;5170;0;0;0;0;0;0;
30722;4884541;582938624;33566720;540700672;0;0;0;0;0;0;0;0;0;0;0;4438;0;0;0;0;0;0;
30723;4526048;582938624;33566720;540700672;0;0;0;0;0;0;0;0;0;0;0;4388;0;0;0;0;0;0;
30724;4836541;582938624;33566720;540700672;0;0;0;0;0;0;0;0;0;0;0;3747;0;0;0;0;0;0;
30725;4521700;582938624;33566720;540700672;0;0;0;0;0;0;0;0;0;0;0;4619;0;0;0;0;0;0;
30726;4976864;582938624;33566720;540700672;0;0;0;0;0;0;0;0;0;0;0;3857;0;0;0;0;0;0;
30727;4430719;582938624;33566720;540700672;0;0;0;0;0;0;0;0;0;0;0;4398;0;0;0;0;0;0;
30728;10881648;582938624;33566720;540700672;0;0;0;0;0;0;0;0;0;0;0;5100;0;0;0;0;0;0;
30729;4644901;582938624;33566720;540700672;0;0;0;0;0;0;0;0;0;0;0;4489;0;0;0;0;0;0;
30730;4781216;582938624;33566720;540700672;0;0;0;0;0;0;0;0;0;0;0;4028;0;0;0;0;0;0;
30731;5112328;582938624;33566720;540700672;0;0;0;0;0;0;0;0;0;0;0;4127;0;0;0;0;0;0;
30732;4943390;582938624;33566720;540700672;0;0;0;0;0;0;0;0;0;0;0;4078;0;0;0;0;0;0;
30733;5022539;582938624;33566720;540700672;0;0;0;0;0;0;0;0;0;0;0;5701;0;0;0;0;0;0;
30734;4976233;582938624;33566720;540700672;0;0;0;0;0;0;0;0;0;0;0;4108;0;0;0;0;0;0;
30735;5075890;582938624;33566720;540700672;0;0;0;0;0;0;0;0;0;0;0;5902;0;0;0;0;0;0;
30736;4846399;582938624;33566720;540700672;0;0;0;0;0;0;0;0;0;0;0;4458;0;0;0;0;0;0;
30737;4730352;582938624;33566720;540700672;0;0;0;0;0;0;0;0;0;0;0;4639;0;0;0;0;0;0;
30738;4855606;582938624;33566720;540700672;0;0;0;0;0;0;0;0;0;0;0;4418;0;0;0;0;0;0;
30739;4376878;582938624;33566720;540700672;0;0;0;0;0;0;0;0;0;0;0;4629;0;0;0;0;0;0;
30740;5035964;582938624;33566720;540700672;0;0;0;0;0;0;0;0;0;0;0;5280;0;0;0;0;0;0;
30741;4389291;582938624;33566720;540700672;0;0;0;0;0;0;0;0;0;0;0;3947;0;0;0;0;0;0;
30742;5217555;582938624;33566720;540700672;0;0;0;0;0;0;0;0;0;0;0;4899;0;0;0;0;0;0;
30743;4485232;582938624;33566720;540700672;0;0;0;0;0;0;0;0;0;0;0;4218;0;0;0;0;0;0;
30744;4943811;582938624;33566720;540700672;0;0;0;0;0;0;0;0;0;0;0;4098;0;0;0;0;0;0;
30745;4298572;582938624;33566720;540700672;0;0;0;0;0;0;0;0;0;0;0;3958;0;0;0;0;0;0;
30746;4732175;582938624;33566720;540700672;0;0;0;0;0;0;0;0;0;0;0;3567;0;0;0;0;0;0;
30747;4111390;582938624;33566720;540700672;0;0;0;0;0;0;0;0;0;0;0;4919;0;0;0;0;0;0;
30748;5027358;582938624;33566720;540700672;0;0;0;0;0;0;0;0;0;0;0;3897;0;0;0;0;0;0;
30749;4225043;582938624;33566720;540700672;0;0;0;0;0;0;0;0;0;0;0;4629;0;0;0;0;0;0;
30750;5321880;582938624;33566720;540700672;0;0;0;0;0;0;0;0;0;0;0;5280;0;0;0;0;0;0;
30751;4277071;582938624;33566720;540700672;0;0;0;0;0;0;0;0;0;0;0;5179;0;0;0;0;0;0;
30752;5189201;582938624;33566720;540700672;0;0;0;0;0;0;0;0;0;0;0;6071;0;0;0;0;0;0;
30753;4143220;582938624;33566720;540700672;0;0;0;0;0;0;0;0;0;0;0;5079;0;0;0;0;0;0;
30754;4940495;582938624;33566720;540700672;0;0;0;0;0;0;0;0;0;0;0;4117;0;0;0;0;0;0;
30755;2884009;582938624;33566720;540700672;0;0;0;0;0;0;0;0;0;0;0;3457;0;0;0;0;0;0;
30756;4828025;582938624;33566720;540700672;0;0;0;0;0;0;0;0;0;0;0;3035;0;0;0;0;0;0;
30757;2915799;582938624;33566720;540700672;0;0;0;0;0;0;0;0;0;0;0;8846;0;0;0;0;0;0;
30758;4944523;582938624;33566720;540700672;0;0;0;0;0;0;0;0;0;0;0;3617;0;0;0;0;0;0;
30759;2651533;582938624;33566720;540700672;0;0;0;0;0;0;0;0;0;0;0;5040;0;0;0;0;0;0;
30760;4561795;582938624;33566720;540700672;0;0;0;0;0;0;0;0;0;0;0;2315;0;0;0;0;0;0;
30761;2573426;582938624;33566720;540700672;0;0;0;0;0;0;0;0;0;0;0;3847;0;0;0;0;0;0;
30762;4713650;582938624;33566720;540700672;0;0;0;0;0;0;0;0;0;0;0;3156;0;0;0;0;0;0;
30763;2722516;582938624;33566720;540700672;0;0;0;0;0;0;0;0;0;0;0;3016;0;0;0;0;0;0;
30764;4582153;582938624;33566720;540700672;0;0;0;0;0;0;0;0;0;0;0;4228;0;0;0;0;0;0;
30765;2606248;582938624;33566720;540700672;0;0;0;0;0;0;0;0;0;0;0;3116;0;0;0;0;0;0;
30766;4831821;582938624;33566720;540700672;0;0;0;0;0;0;0;0;0;0;0;2485;0;0;0;0;0;0;
30767;2881825;582938624;33566720;540700672;0;0;0;0;0;0;0;0;0;0;0;4048;0;0;0;0;0;0;
30768;4408527;582938624;33566720;540700672;0;0;0;0;0;0;0;0;0;0;0;2675;0;0;0;0;0;0;
30769;2725632;582938624;33566720;540700672;0;0;0;0;0;0;0;0;0;0;0;3447;0;0;0;0;0;0;
30770;4476986;582938624;33566720;540700672;0;0;0;0;0;0;0;0;0;0;0;3056;0;0;0;0;0;0;
30771;2855114;582938624;33566720;540700672;0;0;0;0;0;0;0;0;0;0;0;4078;0;0;0;0;0;0;
30772;4602401;582938624;33566720;540700672;0;0;0;0;0;0;0;0;0;0;0;2434;0;0;0;0;0;0;
30773;2696797;582938624;33566720;540700672;0;0;0;0;0;0;0;0;0;0;0;3256;0;0;0;0;0;0;
30774;4404921;582938624;33566720;540700672;0;0;0;0;0;0;0;0;0;0;0;2585;0;0;0;0;0;0;
30775;3508550;582938624;33566720;540700672;0;0;0;0;0;0;0;0;0;0;0;4188;0;0;0;0;0;0;
30776;4501282;582938624;33566720;540700672;0;0;0;0;0;0;0;0;0;0;0;4178;0;0;0;0;0;0;
30777;3767094;582938624;33566720;540700672;0;0;0;0;0;0;0;0;0;0;0;3827;0;0;0;0;0;0;
30778;4989888;582938624;33566720;540700672;0;0;0;0;0;0;0;0;0;0;0;3005;0;0;0;0;0;0;
30779;3381231;582938624;33566720;540700672;0;0;0;0;0;0;0;0;0;0;0;3567;0;0;0;0;0;0;
30780;4582674;582938624;33566720;540700672;0;0;0;0;0;0;0;0;0;0;0;3446;0;0;0;0;0;0;
30781;4103846;582938624;33566720;540700672;0;0;0;0;0;0;0;0;0;0;0;5260;0;0;0;0;0;0;
30782;5177590;582938624;33566720;540700672;0;0;0;0;0;0;0;0;0;0;0;4388;0;0;0;0;0;0;
30783;4298572;582938624;33566720;540700672;0;0;0;0;0;0;0;0;0;0;0;4018;0;0;0;0;0;0;
30784;4761730;582938624;33566720;540700672;0;0;0;0;0;0;0;0;0;0;0;3747;0;0;0;0;0;0;
30785;4111972;582938624;33566720;540700672;0;0;0;0;0;0;0;0;0;0;0;4318;0;0;0;0;0;0;
30786;4983987;582938624;33566720;540700672;0;0;0;0;0;0;0;0;0;0;0;5370;0;0;0;0;0;0;
30787;4329600;582938624;33566720;540700672;0;0;0;0;0;0;0;0;0;0;0;4709;0;0;0;0;0;0;
30788;5158304;582938624;33566720;540700672;0;0;0;0;0;0;0;0;0;0;0;4469;0;0;0;0;0;0;
30789;4359326;582938624;33566720;540700672;0;0;0;0;0;0;0;0;0;0;0;4198;0;0;0;0;0;0;
30790;5032037;582938624;33566720;540700672;0;0;0;0;0;0;0;0;0;0;0;4168;0;0;0;0;0;0;
30791;4166514;582938624;33566720;540700672;0;0;0;0;0;0;0;0;0;0;0;4469;0;0;0;0;0;0;
30792;5124912;582938624;33566720;540700672;0;0;0;0;0;0;0;0;0;0;0;4699;0;0;0;0;0;0;
30793;4348195;582938624;33566720;540700672;0;0;0;0;0;0;0;0;0;0;0;4469;0;0;0;0;0;0;
30794;5122386;582938624;33566720;540700672;0;0;0;0;0;0;0;0;0;0;0;4649;0;0;0;0;0;0;
30795;2896542;582938624;33566720;540700672;0;0;0;0;0;0;0;0;0;0;0;2505;0;0;0;0;0;0;
30796;4642897;582938624;33566720;540700672;0;0;0;0;0;0;0;0;0;0;0;2776;0;0;0;0;0;0;
30797;2633599;582938624;33566720;540700672;0;0;0;0;0;0;0;0;0;0;0;3687;0;0;0;0;0;0;
30798;4986792;582938624;33566720;540700672;0;0;0;0;0;0;0;0;0;0;0;3706;0;0;0;0;0;0;
30799;3532405;582938624;33566720;540700672;0;0;0;0;0;0;0;0;0;0;0;3026;0;0;0;0;0;0;
30800;5079917;582938624;33566720;540700672;0;0;0;0;0;0;0;0;0;0;0;3377;0;0;0;0;0;0;
30801;3447846;582938624;33566720;540700672;0;0;0;0;0;0;0;0;0;0;0;3346;0;0;0;0;0;0;
30802;5161830;582938624;33566720;540700672;0;0;0;0;0;0;0;0;0;0;0;3497;0;0;0;0;0;0;
30803;3681445;582938624;33566720;540700672;0;0;0;0;0;0;0;0;0;0;0;11452;0;0;0;0;0;0;
30804;4951165;582938624;33566720;540700672;0;0;0;0;0;0;0;0;0;0;0;3556;0;0;0;0;0;0;
30805;2766449;582938624;33566720;540700672;0;0;0;0;0;0;0;0;0;0;0;4348;0;0;0;0;0;0;
30806;4500059;582938624;33566720;540700672;0;0;0;0;0;0;0;0;0;0;0;3056;0;0;0;0;0;0;
30807;2415149;582938624;33566720;540700672;0;0;0;0;0;0;0;0;0;0;0;2555;0;0;0;0;0;0;
30808;4353534;582938624;33566720;540700672;0;0;0;0;0;0;0;0;0;0;0;2585;0;0;0;0;0;0;
30809;2543790;582938624;33566720;540700672;0;0;0;0;0;0;0;0;0;0;0;3036;0;0;0;0;0;0;
30810;4342725;582938624;33566720;540700672;0;0;0;0;0;0;0;0;0;0;0;2716;0;0;0;0;0;0;
30811;2616327;582938624;33566720;540700672;0;0;0;0;0;0;0;0;0;0;0;2956;0;0;0;0;0;0;
30812;4293221;582938624;33566720;540700672;0;0;0;0;0;0;0;0;0;0;0;2695;0;0;0;0;0;0;
30813;2835628;582938624;33566720;540700672;0;0;0;0;0;0;0;0;0;0;0;4358;0;0;0;0;0;0;
30814;4756861;582938624;33566720;540700672;0;0;0;0;0;0;0;0;0;0;0;3587;0;0;0;0;0;0;
30815;2431570;582938624;33566720;540700672;0;0;0;0;0;0;0;0;0;0;0;2886;0;0;0;0;0;0;
30816;4668586;582938624;33566720;540700672;0;0;0;0;0;0;0;0;0;0;0;3677;0;0;0;0;0;0;
30817;2448813;582938624;33566720;540700672;0;0;0;0;0;0;0;0;0;0;0;3206;0;0;0;0;0;0;
30818;4312207;582938624;33566720;540700672;0;0;0;0;0;0;0;0;0;0;0;2534;0;0;0;0;0;0;
30819;2678263;582938624;33566720;540700672;0;0;0;0;0;0;0;0;0;0;0;3226;0;0;0;0;0;0;
30820;4309061;582938624;33566720;540700672;0;0;0;0;0;0;0;0;0;0;0;2605;0;0;0;0;0;0;
30821;2755598;582938624;33566720;540700672;0;0;0;0;0;0;0;0;0;0;0;2865;0;0;0;0;0;0;
30822;4482847;582938624;33566720;540700672;0;0;0;0;0;0;0;0;0;0;0;1974;0;0;0;0;0;0;
30823;2692469;582938624;33566720;540700672;0;0;0;0;0;0;0;0;0;0;0;3667;0;0;0;0;0;0;
30824;4491243;582938624;33566720;540700672;0;0;0;0;0;0;0;0;0;0;0;3687;0;0;0;0;0;0;
30825;2543720;582938624;33566720;540700672;0;0;0;0;0;0;0;0;0;0;0;3778;0;0;0;0;0;0;
30826;5301252;582938624;33566720;540700672;0;0;0;0;0;0;0;0;0;0;0;4258;0;0;0;0;0;0;
30827;3414934;582938624;33566720;540700672;0;0;0;0;0;0;0;0;0;0;0;4188;0;0;0;0;0;0;
30828;4789352;582938624;33566720;540700672;0;0;0;0;0;0;0;0;0;0;0;3246;0;0;0;0;0;0;
30829;3581206;582938624;33566720;540700672;0;0;0;0;0;0;0;0;0;0;0;3837;0;0;0;0;0;0;
30830;4802858;582938624;33566720;540700672;0;0;0;0;0;0;0;0;0;0;0;3236;0;0;0;0;0;0;
30831;3677857;582938624;33566720;540700672;0;0;0;0;0;0;0;0;0;0;0;3546;0;0;0;0;0;0;
30832;5045172;582938624;33566720;540700672;0;0;0;0;0;0;0;0;0;0;0;3236;0;0;0;0;0;0;
30833;3384287;582938624;33566720;540700672;0;0;0;0;0;0;0;0;0;0;0;4659;0;0;0;0;0;0;
30834;5198710;582938624;33566720;540700672;0;0;0;0;0;0;0;0;0;0;0;3757;0;0;0;0;0;0;
30835;3902077;582938624;33566720;540700672;0;0;0;0;0;0;0;0;0;0;0;3677;0;0;0;0;0;0;
30836;5130813;582938624;33566720;540700672;0;0;0;0;0;0;0;0;0;0;0;3617;0;0;0;0;0;0;
30837;2905960;582938624;33566720;540700672;0;0;0;0;0;0;0;0;0;0;0;3637;0;0;0;0;0;0;
30838;4528022;582938624;33566720;540700672;0;0;0;0;0;0;0;0;0;0;0;3066;0;0;0;0;0;0;
30839;3751656;582938624;33566720;540700672;0;0;0;0;0;0;0;0;0;0;0;3687;0;0;0;0;0;0;
30840;4915298;582938624;33566720;540700672;0;0;0;0;0;0;0;0;0;0;0;3226;0;0;0;0;0;0;
30841;3729975;582938624;33566720;540700672;0;0;0;0;0;0;0;0;0;0;0;4168;0;0;0;0;0;0;
30842;4779634;582938624;33566720;540700672;0;0;0;0;0;0;0;0;0;0;0;3306;0;0;0;0;0;0;
30843;3601194;582938624;33566720;540700672;0;0;0;0;0;0;0;0;0;0;0;3316;0;0;0;0;0;0;
30844;4968398;582938624;33566720;540700672;0;0;0;0;0;0;0;0;0;0;0;3337;0;0;0;0;0;0;
30845;3712011;582938624;33566720;540700672;0;0;0;0;0;0;0;0;0;0;0;3456;0;0;0;0;0;0;
30846;4568487;582938624;33566720;540700672;0;0;0;0;0;0;0;0;0;0;0;3576;0;0;0;0;0;0;
30847;4026912;582938624;33566720;540700672;0;0;0;0;0;0;0;0;0;0;0;3587;0;0;0;0;0;0;
30848;4578356;582938624;33566720;540700672;0;0;0;0;0;0;0;0;0;0;0;3778;0;0;0;0;0;0;
30849;3835332;582938624;33566720;540700672;0;0;0;0;0;0;0;0;0;0;0;5140;0;0;0;0;0;0;
30850;4744167;582938624;33566720;540700672;0;0;0;0;0;0;0;0;0;0;0;3417;0;0;0;0;0;0;
30851;3711400;582938624;33566720;540700672;0;0;0;0;0;0;0;0;0;0;0;3717;0;0;0;0;0;0;
30852;4810762;582938624;33566720;540700672;0;0;0;0;0;0;0;0;0;0;0;3858;0;0;0;0;0;0;
30853;3467413;582938624;33566720;540700672;0;0;0;0;0;0;0;0;0;0;0;3737;0;0;0;0;0;0;
30854;4726093;582938624;33566720;540700672;0;0;0;0;0;0;0;0;0;0;0;3687;0;0;0;0;0;0;
30855;3620961;582938624;33566720;540700672;0;0;0;0;0;0;0;0;0;0;0;3487;0;0;0;0;0;0;
30856;4782900;582938624;33566720;540700672;0;0;0;0;0;0;0;0;0;0;0;3346;0;0;0;0;0;0;
30857;3693427;582938624;33566720;540700672;0;0;0;0;0;0;0;0;0;0;0;3787;0;0;0;0;0;0;
30858;4886123;582938624;33566720;540700672;0;0;0;0;0;0;0;0;0;0;0;3517;0;0;0;0;0;0;
30859;3047886;582938624;33566720;540700672;0;0;0;0;0;0;0;0;0;0;0;2865;0;0;0;0;0;0;
30860;4447541;582938624;33566720;540700672;0;0;0;0;0;0;0;0;0;0;0;2625;0;0;0;0;0;0;
30861;3330676;582938624;33566720;540700672;0;0;0;0;0;0;0;0;0;0;0;2134;0;0;0;0;0;0;
30862;4395012;582938624;33566720;540700672;0;0;0;0;0;0;0;0;0;0;0;2464;0;0;0;0;0;0;
30863;2441328;582938624;33566720;540700672;0;0;0;0;0;0;0;0;0;0;0;2595;0;0;0;0;0;0;
30864;4414018;582938624;33566720;540700672;0;0;0;0;0;0;0;0;0;0;0;2374;0;0;0;0;0;0;
30865;2145944;582938624;33566720;540700672;0;0;0;0;0;0;0;0;0;0;0;2235;0;0;0;0;0;0;
30866;4682311;582938624;33566720;540700672;0;0;0;0;0;0;0;0;0;0;0;2785;0;0;0;0;0;0;
30867;2033524;582938624;33566720;540700672;0;0;0;0;0;0;0;0;0;0;0;2595;0;0;0;0;0;0;
30868;4179068;582938624;33566720;540700672;0;0;0;0;0;0;0;0;0;0;0;2044;0;0;0;0;0;0;
30869;2434796;582938624;33566720;540700672;0;0;0;0;0;0;0;0;0;0;0;3307;0;0;0;0;0;0;
30870;4441138;582938624;33566720;540700672;0;0;0;0;0;0;0;0;0;0;0;2935;0;0;0;0;0;0;
30871;2796394;582938624;33566720;540700672;0;0;0;0;0;0;0;0;0;0;0;3347;0;0;0;0;0;0;
30872;4431911;582938624;33566720;540700672;0;0;0;0;0;0;0;0;0;0;0;2705;0;0;0;0;0;0;
30873;2884931;582938624;33566720;540700672;0;0;0;0;0;0;0;0;0;0;0;2986;0;0;0;0;0;0;
30874;4526669;582938624;33566720;540700672;0;0;0;0;0;0;0;0;0;0;0;3306;0;0;0;0;0;0;
30875;2941466;582938624;33566720;540700672;0;0;0;0;0;0;0;0;0;0;0;3126;0;0;0;0;0;0;
30876;4594867;582938624;33566720;540700672;0;0;0;0;0;0;0;0;0;0;0;2765;0;0;0;0;0;0;
30877;3095425;582938624;33566720;540700672;0;0;0;0;0;0;0;0;0;0;0;3436;0;0;0;0;0;0;
30878;4377098;582938624;33566720;540700672;0;0;0;0;0;0;0;0;0;0;0;2475;0;0;0;0;0;0;
30879;3079174;582938624;33566720;540700672;0;0;0;0;0;0;0;0;0;0;0;2605;0;0;0;0;0;0;
30880;4686919;582938624;33566720;540700672;0;0;0;0;0;0;0;0;0;0;0;3076;0;0;0;0;0;0;
30881;2450496;582938624;33566720;540700672;0;0;0;0;0;0;0;0;0;0;0;2936;0;0;0;0;0;0;
30882;4424026;582938624;33566720;540700672;0;0;0;0;0;0;0;0;0;0;0;2405;0;0;0;0;0;0;
30883;2176161;582938624;33566720;540700672;0;0;0;0;0;0;0;0;0;0;0;2244;0;0;0;0;0;0;
30884;4696628;582938624;33566720;540700672;0;0;0;0;0;0;0;0;0;0;0;2385;0;0;0;0;0;0;
30885;2343986;582938624;33566720;540700672;0;0;0;0;0;0;0;0;0;0;0;2575;0;0;0;0;0;0;
30886;4363703;582938624;33566720;540700672;0;0;0;0;0;0;0;0;0;0;0;1864;0;0;0;0;0;0;
30887;2549542;582938624;33566720;540700672;0;0;0;0;0;0;0;0;0;0;0;2584;0;0;0;0;0;0;
30888;4296888;582938624;33566720;540700672;0;0;0;0;0;0;0;0;0;0;0;2605;0;0;0;0;0;0;
30889;2121489;582938624;33566720;540700672;0;0;0;0;0;0;0;0;0;0;0;2715;0;0;0;0;0;0;
30890;4425800;582938624;33566720;540700672;0;0;0;0;0;0;0;0;0;0;0;2004;0;0;0;0;0;0;
30891;2295665;582938624;33566720;540700672;0;0;0;0;0;0;0;0;0;0;0;2374;0;0;0;0;0;0;
30892;4207621;582938624;33566720;540700672;0;0;0;0;0;0;0;0;0;0;0;2074;0;0;0;0;0;0;
30893;2661922;582938624;33566720;540700672;0;0;0;0;0;0;0;0;0;0;0;2775;0;0;0;0;0;0;
30894;4440107;582938624;33566720;540700672;0;0;0;0;0;0;0;0;0;0;0;2514;0;0;0;0;0;0;
30895;2901561;582938624;33566720;540700672;0;0;0;0;0;0;0;0;0;0;0;1964;0;0;0;0;0;0;
30896;4194787;582938624;33566720;540700672;0;0;0;0;0;0;0;0;0;0;0;1934;0;0;0;0;0;0;
30897;1967490;582938624;33566720;540700672;0;0;0;0;0;0;0;0;0;0;0;2625;0;0;0;0;0;0;
30898;4208533;582938624;33566720;540700672;0;0;0;0;0;0;0;0;0;0;0;2134;0;0;0;0;0;0;
30899;2308729;582938624;33566720;540700672;0;0;0;0;0;0;0;0;0;0;0;2826;0;0;0;0;0;0;
30900;4189848;582938624;33566720;540700672;0;0;0;0;0;0;0;0;0;0;0;2014;0;0;0;0;0;0;
30901;2108664;582938624;33566720;540700672;0;0;0;0;0;0;0;0;0;0;0;2294;0;0;0;0;0;0;
30902;4574619;582938624;33566720;540700672;0;0;0;0;0;0;0;0;0;0;0;1804;0;0;0;0;0;0;
30903;3586736;582938624;33566720;540700672;0;0;0;0;0;0;0;0;0;0;0;3326;0;0;0;0;0;0;
30904;4715925;582938624;33566720;540700672;0;0;0;0;0;0;0;0;0;0;0;3477;0;0;0;0;0;0;
30905;3672327;582938624;33566720;540700672;0;0;0;0;0;0;0;0;0;0;0;3767;0;0;0;0;0;0;
30906;4697821;582938624;33566720;540700672;0;0;0;0;0;0;0;0;0;0;0;3176;0;0;0;0;0;0;
30907;3771913;582938624;33566720;540700672;0;0;0;0;0;0;0;0;0;0;0;3697;0;0;0;0;0;0;
30908;4694504;582938624;33566720;540700672;0;0;0;0;0;0;0;0;0;0;0;3236;0;0;0;0;0;0;
30909;2876144;582938624;33566720;540700672;0;0;0;0;0;0;0;0;0;0;0;2725;0;0;0;0;0;0;
30910;4261753;582938624;33566720;540700672;0;0;0;0;0;0;0;0;0;0;0;2365;0;0;0;0;0;0;
30911;2088667;582938624;33566720;540700672;0;0;0;0;0;0;0;0;0;0;0;3186;0;0;0;0;0;0;
30912;4685607;582938624;33566720;540700672;0;0;0;0;0;0;0;0;0;0;0;2435;0;0;0;0;0;0;
30913;2091382;582938624;33566720;540700672;0;0;0;0;0;0;0;0;0;0;0;2545;0;0;0;0;0;0;
30914;4183847;582938624;33566720;540700672;0;0;0;0;0;0;0;0;0;0;0;2525;0;0;0;0;0;0;
30915;2110718;582938624;33566720;540700672;0;0;0;0;0;0;0;0;0;0;0;2805;0;0;0;0;0;0;
30916;4270088;582938624;33566720;540700672;0;0;0;0;0;0;0;0;0;0;0;2044;0;0;0;0;0;0;
30917;3110624;582938624;33566720;540700672;0;0;0;0;0;0;0;0;0;0;0;3677;0;0;0;0;0;0;
30918;5409876;582938624;33566720;540700672;0;0;0;0;0;0;0;0;0;0;0;3396;0;0;0;0;0;0;
30919;3658290;582938624;33566720;540700672;0;0;0;0;0;0;0;0;0;0;0;4008;0;0;0;0;0;0;
30920;4746882;582938624;33566720;540700672;0;0;0;0;0;0;0;0;0;0;0;3656;0;0;0;0;0;0;
30921;3783105;582938624;33566720;540700672;0;0;0;0;0;0;0;0;0;0;0;3818;0;0;0;0;0;0;
30922;4716105;582938624;33566720;540700672;0;0;0;0;0;0;0;0;0;0;0;3757;0;0;0;0;0;0;
30923;3830654;582938624;33566720;540700672;0;0;0;0;0;0;0;0;0;0;0;4058;0;0;0;0;0;0;
30924;4638669;582938624;33566720;540700672;0;0;0;0;0;0;0;0;0;0;0;3447;0;0;0;0;0;0;
30925;3610231;582938624;33566720;540700672;0;0;0;0;0;0;0;0;0;0;0;3657;0;0;0;0;0;0;
30926;4790985;582938624;33566720;540700672;0;0;0;0;0;0;0;0;0;0;0;3346;0;0;0;0;0;0;
30927;3665134;582938624;33566720;540700672;0;0;0;0;0;0;0;0;0;0;0;4599;0;0;0;0;0;0;
30928;4972886;582938624;33566720;540700672;0;0;0;0;0;0;0;0;0;0;0;3346;0;0;0;0;0;0;
30929;3684109;582938624;33566720;540700672;0;0;0;0;0;0;0;0;0;0;0;3557;0;0;0;0;0;0;
30930;4815982;582938624;33566720;540700672;0;0;0;0;0;0;0;0;0;0;0;3015;0;0;0;0;0;0;
30931;3801750;582938624;33566720;540700672;0;0;0;0;0;0;0;0;0;0;0;3666;0;0;0;0;0;0;
30932;4603122;582938624;33566720;540700672;0;0;0;0;0;0;0;0;0;0;0;4138;0;0;0;0;0;0;
30933;2401163;582938624;33566720;540700672;0;0;0;0;0;0;0;0;0;0;0;2114;0;0;0;0;0;0;
30934;4400793;582938624;33566720;540700672;0;0;0;0;0;0;0;0;0;0;0;2685;0;0;0;0;0;0;
30935;3968332;582938624;33566720;540700672;0;0;0;0;0;0;0;0;0;0;0;4148;0;0;0;0;0;0;
30936;4618601;582938624;33566720;540700672;0;0;0;0;0;0;0;0;0;0;0;3407;0;0;0;0;0;0;
30937;3611102;582938624;33566720;540700672;0;0;0;0;0;0;0;0;0;0;0;3807;0;0;0;0;0;0;
30938;4832262;582938624;33566720;540700672;0;0;0;0;0;0;0;0;0;0;0;3576;0;0;0;0;0;0;
30939;3710007;582938624;33566720;540700672;0;0;0;0;0;0;0;0;0;0;0;3637;0;0;0;0;0;0;
30940;4991010;582938624;33566720;540700672;0;0;0;0;0;0;0;0;0;0;0;3667;0;0;0;0;0;0;
30941;3758228;582938624;33566720;540700672;0;0;0;0;0;0;0;0;0;0;0;3827;0;0;0;0;0;0;
30942;4941307;582938624;33566720;540700672;0;0;0;0;0;0;0;0;0;0;0;3576;0;0;0;0;0;0;
30943;3587057;582938624;33566720;540700672;0;0;0;0;0;0;0;0;0;0;0;3787;0;0;0;0;0;0;
30944;4751220;582938624;33566720;540700672;0;0;0;0;0;0;0;0;0;0;0;3607;0;0;0;0;0;0;
30945;3924850;582938624;33566720;540700672;0;0;0;0;0;0;0;0;0;0;0;3557;0;0;0;0;0;0;
30946;4732746;582938624;33566720;540700672;0;0;0;0;0;0;0;0;0;0;0;3597;0;0;0;0;0;0;
30947;3619838;582938624;33566720;540700672;0;0;0;0;0;0;0;0;0;0;0;3487;0;0;0;0;0;0;
30948;4832052;582938624;33566720;540700672;0;0;0;0;0;0;0;0;0;0;0;3247;0;0;0;0;0;0;
30949;3366183;582938624;33566720;540700672;0;0;0;0;0;0;0;0;0;0;0;3807;0;0;0;0;0;0;
30950;4585640;582938624;33566720;540700672;0;0;0;0;0;0;0;0;0;0;0;3566;0;0;0;0;0;0;
30951;3685511;582938624;33566720;540700672;0;0;0;0;0;0;0;0;0;0;0;3487;0;0;0;0;0;0;
30952;4617429;582938624;33566720;540700672;0;0;0;0;0;0;0;0;0;0;0;3276;0;0;0;0;0;0;
30953;3776632;582938624;33566720;540700672;0;0;0;0;0;0;0;0;0;0;0;2825;0;0;0;0;0;0;
30954;4644420;582938624;33566720;540700672;0;0;0;0;0;0;0;0;0;0;0;3226;0;0;0;0;0;0;
30955;2935455;582938624;33566720;540700672;0;0;0;0;0;0;0;0;0;0;0;2635;0;0;0;0;0;0;
30956;4578818;582938624;33566720;540700672;0;0;0;0;0;0;0;0;0;0;0;2415;0;0;0;0;0;0;
30957;2168927;582938624;33566720;540700672;0;0;0;0;0;0;0;0;0;0;0;2174;0;0;0;0;0;0;
30958;4232949;582938624;33566720;540700672;0;0;0;0;0;0;0;0;0;0;0;2184;0;0;0;0;0;0;
30959;2385715;582938624;33566720;540700672;0;0;0;0;0;0;0;0;0;0;0;2194;0;0;0;0;0;0;
30960;4209003;582938624;33566720;540700672;0;0;0;0;0;0;0;0;0;0;0;2104;0;0;0;0;0;0;
30961;2735080;582938624;33566720;540700672;0;0;0;0;0;0;0;0;0;0;0;2454;0;0;0;0;0;0;
30962;4209244;582938624;33566720;540700672;0;0;0;0;0;0;0;0;0;0;0;2174;0;0;0;0;0;0;
30963;2215305;582938624;33566720;540700672;0;0;0;0;0;0;0;0;0;0;0;2895;0;0;0;0;0;0;
30964;4471896;582938624;33566720;540700672;0;0;0;0;0;0;0;0;0;0;0;2294;0;0;0;0;0;0;
30965;2145153;582938624;33566720;540700672;0;0;0;0;0;0;0;0;0;0;0;2655;0;0;0;0;0;0;
30966;4368612;582938624;33566720;540700672;0;0;0;0;0;0;0;0;0;0;0;2024;0;0;0;0;0;0;
30967;2129954;582938624;33566720;540700672;0;0;0;0;0;0;0;0;0;0;0;2264;0;0;0;0;0;0;
30968;4311275;582938624;33566720;540700672;0;0;0;0;0;0;0;0;0;0;0;2013;0;0;0;0;0;0;
30969;2278964;582938624;33566720;540700672;0;0;0;0;0;0;0;0;0;0;0;2424;0;0;0;0;0;0;
30970;4160442;582938624;33566720;540700672;0;0;0;0;0;0;0;0;0;0;0;2495;0;0;0;0;0;0;
30971;2162436;582938624;33566720;540700672;0;0;0;0;0;0;0;0;0;0;0;2304;0;0;0;0;0;0;
30972;4291378;582938624;33566720;540700672;0;0;0;0;0;0;0;0;0;0;0;2134;0;0;0;0;0;0;
30973;2147026;582938624;33566720;540700672;0;0;0;0;0;0;0;0;0;0;0;2625;0;0;0;0;0;0;
30974;4440528;582938624;33566720;540700672;0;0;0;0;0;0;0;0;0;0;0;1953;0;0;0;0;0;0;
30975;2240272;582938624;33566720;540700672;0;0;0;0;0;0;0;0;0;0;0;2464;0;0;0;0;0;0;
30976;4244620;582938624;33566720;540700672;0;0;0;0;0;0;0;0;0;0;0;2033;0;0;0;0;0;0;
30977;2115517;582938624;33566720;540700672;0;0;0;0;0;0;0;0;0;0;0;2766;0;0;0;0;0;0;
30978;4478509;582938624;33566720;540700672;0;0;0;0;0;0;0;0;0;0;0;2405;0;0;0;0;0;0;
30979;11490419;582938624;33566720;540700672;0;0;0;0;0;0;0;0;0;0;0;2665;0;0;0;0;0;0;
30980;4499168;582938624;33566720;540700672;0;0;0;0;0;0;0;0;0;0;0;2584;0;0;0;0;0;0;
30981;2975280;582938624;33566720;540700672;0;0;0;0;0;0;0;0;0;0;0;2995;0;0;0;0;0;0;
30982;4600287;582938624;33566720;540700672;0;0;0;0;0;0;0;0;0;0;0;2916;0;0;0;0;0;0;
30983;3204499;582938624;33566720;540700672;0;0;0;0;0;0;0;0;0;0;0;3356;0;0;0;0;0;0;
30984;4553620;582938624;33566720;540700672;0;0;0;0;0;0;0;0;0;0;0;2815;0;0;0;0;0;0;
30985;3430975;582938624;33566720;540700672;0;0;0;0;0;0;0;0;0;0;0;3547;0;0;0;0;0;0;
30986;4777289;582938624;33566720;540700672;0;0;0;0;0;0;0;0;0;0;0;3516;0;0;0;0;0;0;
30987;2941988;582938624;33566720;540700672;0;0;0;0;0;0;0;0;0;0;0;3497;0;0;0;0;0;0;
30988;4322587;582938624;33566720;540700672;0;0;0;0;0;0;0;0;0;0;0;2185;0;0;0;0;0;0;
30989;2496883;582938624;33566720;540700672;0;0;0;0;0;0;0;0;0;0;0;2685;0;0;0;0;0;0;
30990;4264668;582938624;33566720;540700672;0;0;0;0;0;0;0;0;0;0;0;2184;0;0;0;0;0;0;
30991;2763733;582938624;33566720;540700672;0;0;0;0;0;0;0;0;0;0;0;3346;0;0;0;0;0;0;
30992;4692560;582938624;33566720;540700672;0;0;0;0;0;0;0;0;0;0;0;3466;0;0;0;0;0;0;
30993;2966654;582938624;33566720;540700672;0;0;0;0;0;0;0;0;0;0;0;2826;0;0;0;0;0;0;
30994;4344497;582938624;33566720;540700672;0;0;0;0;0;0;0;0;0;0;0;2545;0;0;0;0;0;0;
30995;2558759;582938624;33566720;540700672;0;0;0;0;0;0;0;0;0;0;0;3367;0;0;0;0;0;0;
30996;4573798;582938624;33566720;540700672;0;0;0;0;0;0;0;0;0;0;0;3015;0;0;0;0;0;0;
30997;3215490;582938624;33566720;540700672;0;0;0;0;0;0;0;0;0;0;0;3336;0;0;0;0;0;0;
30998;4560052;582938624;33566720;540700672;0;0;0;0;0;0;0;0;0;0;0;3015;0;0;0;0;0;0;
30999;2948650;582938624;33566720;540700672;0;0;0;0;0;0;0;0;0;0;0;3307;0;0;0;0;0;0;
31000;4480272;582938624;33566720;540700672;0;0;0;0;0;0;0;0;0;0;0;2875;0;0;0;0;0;0;
31001;2876054;582938624;33566720;540700672;0;0;0;0;0;0;0;0;0;0;0;2304;0;0;0;0;0;0;
31002;4323959;582938624;33566720;540700672;0;0;0;0;0;0;0;0;0;0;0;2465;0;0;0;0;0;0;
31003;2344587;582938624;33566720;540700672;0;0;0;0;0;0;0;0;0;0;0;2144;0;0;0;0;0;0;
31004;4287952;582938624;33566720;540700672;0;0;0;0;0;0;0;0;0;0;0;2354;0;0;0;0;0;0;
31005;2796806;582938624;33566720;540700672;0;0;0;0;0;0;0;0;0;0;0;3316;0;0;0;0;0;0;
31006;4640312;582938624;33566720;540700672;0;0;0;0;0;0;0;0;0;0;0;3607;0;0;0;0;0;0;
31007;2878849;582938624;33566720;540700672;0;0;0;0;0;0;0;0;0;0;0;2956;0;0;0;0;0;0;
31008;4328718;582938624;33566720;540700672;0;0;0;0;0;0;0;0;0;0;0;1994;0;0;0;0;0;0;
31009;2046778;582938624;33566720;540700672;0;0;0;0;0;0;0;0;0;0;0;2795;0;0;0;0;0;0;
31010;4272723;582938624;33566720;540700672;0;0;0;0;0;0;0;0;0;0;0;2655;0;0;0;0;0;0;
31011;2336181;582938624;33566720;540700672;0;0;0;0;0;0;0;0;0;0;0;2726;0;0;0;0;0;0;
31012;4448293;582938624;33566720;540700672;0;0;0;0;0;0;0;0;0;0;0;2635;0;0;0;0;0;0;
31013;2595447;582938624;33566720;540700672;0;0;0;0;0;0;0;0;0;0;0;2424;0;0;0;0;0;0;
31014;4248829;582938624;33566720;540700672;0;0;0;0;0;0;0;0;0;0;0;2766;0;0;0;0;0;0;
31015;2304211;582938624;33566720;540700672;0;0;0;0;0;0;0;0;0;0;0;2554;0;0;0;0;0;0;
31016;4233009;582938624;33566720;540700672;0;0;0;0;0;0;0;0;0;0;0;2365;0;0;0;0;0;0;
31017;2507573;582938624;33566720;540700672;0;0;0;0;0;0;0;0;0;0;0;2495;0;0;0;0;0;0;
31018;4463882;582938624;33566720;540700672;0;0;0;0;0;0;0;0;0;0;0;2435;0;0;0;0;0;0;
31019;2185730;582938624;33566720;540700672;0;0;0;0;0;0;0;0;0;0;0;2515;0;0;0;0;0;0;
31020;4250752;582938624;33566720;540700672;0;0;0;0;0;0;0;0;0;0;0;2264;0;0;0;0;0;0;
31021;2404540;582938624;33566720;540700672;0;0;0;0;0;0;0;0;0;0;0;2835;0;0;0;0;0;0;
31022;4226195;582938624;33566720;540700672;0;0;0;0;0;0;0;0;0;0;0;2334;0;0;0;0;0;0;
31023;2118182;582938624;33566720;540700672;0;0;0;0;0;0;0;0;0;0;0;2645;0;0;0;0;0;0;
31024;4332435;582938624;33566720;540700672;0;0;0;0;0;0;0;0;0;0;0;2274;0;0;0;0;0;0;
31025;2039414;582938624;33566720;540700672;0;0;0;0;0;0;0;0;0;0;0;2314;0;0;0;0;0;0;
31026;4425158;582938624;33566720;540700672;0;0;0;0;0;0;0;0;0;0;0;1903;0;0;0;0;0;0;
31027;2632507;582938624;33566720;540700672;0;0;0;0;0;0;0;0;0;0;0;2495;0;0;0;0;0;0;
31028;4126779;582938624;33566720;540700672;0;0;0;0;0;0;0;0;0;0;0;2034;0;0;0;0;0;0;
31029;2678713;582938624;33566720;540700672;0;0;0;0;0;0;0;0;0;0;0;2886;0;0;0;0;0;0;
31030;4254749;582938624;33566720;540700672;0;0;0;0;0;0;0;0;0;0;0;2234;0;0;0;0;0;0;
31031;2594486;582938624;33566720;540700672;0;0;0;0;0;0;0;0;0;0;0;2805;0;0;0;0;0;0;
31032;4336042;582938624;33566720;540700672;0;0;0;0;0;0;0;0;0;0;0;2364;0;0;0;0;0;0;
31033;2208141;582938624;33566720;540700672;0;0;0;0;0;0;0;0;0;0;0;2766;0;0;0;0;0;0;
31034;4462980;582938624;33566720;540700672;0;0;0;0;0;0;0;0;0;0;0;2394;0;0;0;0;0;0;
31035;2451758;582938624;33566720;540700672;0;0;0;0;0;0;0;0;0;0;0;2415;0;0;0;0;0;0;
31036;4133502;582938624;33566720;540700672;0;0;0;0;0;0;0;0;0;0;0;2494;0;0;0;0;0;0;
31037;2468489;582938624;33566720;540700672;0;0;0;0;0;0;0;0;0;0;0;2956;0;0;0;0;0;0;
31038;4167656;582938624;33566720;540700672;0;0;0;0;0;0;0;0;0;0;0;2214;0;0;0;0;0;0;
31039;2166984;582938624;33566720;540700672;0;0;0;0;0;0;0;0;0;0;0;2514;0;0;0;0;0;0;
31040;4387499;582938624;33566720;540700672;0;0;0;0;0;0;0;0;0;0;0;2555;0;0;0;0;0;0;
31041;2156283;582938624;33566720;540700672;0;0;0;0;0;0;0;0;0;0;0;2725;0;0;0;0;0;0;
31042;4253207;582938624;33566720;540700672;0;0;0;0;0;0;0;0;0;0;0;2595;0;0;0;0;0;0;
31043;2252705;582938624;33566720;540700672;0;0;0;0;0;0;0;0;0;0;0;2284;0;0;0;0;0;0;
31044;4466175;582938624;33574912;540708864;0;0;0;0;0;0;0;0;0;0;0;2805;0;0;0;0;0;0;
31045;2792447;582938624;33574912;540708864;0;0;0;0;0;0;0;0;0;0;0;2675;0;0;0;0;0;0;
31046;4356720;582938624;33574912;540708864;0;0;0;0;0;0;0;0;0;0;0;2434;0;0;0;0;0;0;
31047;2283573;582938624;33574912;540708864;0;0;0;0;0;0;0;0;0;0;0;3156;0;0;0;0;0;0;
31048;4237197;582938624;33574912;540708864;0;0;0;0;0;0;0;0;0;0;0;2615;0;0;0;0;0;0;
31049;2621957;582938624;33574912;540708864;0;0;0;0;0;0;0;0;0;0;0;2294;0;0;0;0;0;0;
31050;4481264;582938624;33574912;540708864;0;0;0;0;0;0;0;0;0;0;0;2194;0;0;0;0;0;0;
31051;2277461;582938624;33566720;540700672;0;0;0;0;0;0;0;0;0;0;0;2494;0;0;0;0;0;0;
31052;4255681;582938624;33566720;540700672;0;0;0;0;0;0;0;0;0;0;0;2184;0;0;0;0;0;0;
31053;2466896;582938624;33566720;540700672;0;0;0;0;0;0;0;0;0;0;0;2555;0;0;0;0;0;0;
31054;4471406;582938624;33566720;540700672;0;0;0;0;0;0;0;0;0;0;0;2855;0;0;0;0;0;0;
31055;2059653;582938624;33566720;540700672;0;0;0;0;0;0;0;0;0;0;0;2355;0;0;0;0;0;0;
31056;4191922;582938624;33566720;540700672;0;0;0;0;0;0;0;0;0;0;0;2205;0;0;0;0;0;0;
31057;2336802;582938624;33566720;540700672;0;0;0;0;0;0;0;0;0;0;0;2545;0;0;0;0;0;0;
31058;4461146;582938624;33566720;540700672;0;0;0;0;0;0;0;0;0;0;0;2224;0;0;0;0;0;0;
31059;2148249;582938624;33566720;540700672;0;0;0;0;0;0;0;0;0;0;0;2294;0;0;0;0;0;0;
31060;4171253;582938624;33566720;540700672;0;0;0;0;0;0;0;0;0;0;0;2205;0;0;0;0;0;0;
31061;2126989;582938624;33566720;540700672;0;0;0;0;0;0;0;0;0;0;0;3146;0;0;0;0;0;0;
31062;4231385;582938624;33566720;540700672;0;0;0;0;0;0;0;0;0;0;0;2665;0;0;0;0;0;0;
31063;2556484;582938624;33566720;540700672;0;0;0;0;0;0;0;0;0;0;0;2866;0;0;0;0;0;0;
31064;4434166;582938624;33566720;540700672;0;0;0;0;0;0;0;0;0;0;0;2294;0;0;0;0;0;0;
31065;2322515;582938624;33566720;540700672;0;0;0;0;0;0;0;0;0;0;0;2545;0;0;0;0;0;0;
31066;4359206;582938624;33566720;540700672;0;0;0;0;0;0;0;0;0;0;0;2675;0;0;0;0;0;0;
31067;2048051;582938624;33566720;540700672;0;0;0;0;0;0;0;0;0;0;0;2846;0;0;0;0;0;0;
31068;4258757;582938624;33566720;540700672;0;0;0;0;0;0;0;0;0;0;0;2565;0;0;0;0;0;0;
31069;2285306;582938624;33566720;540700672;0;0;0;0;0;0;0;0;0;0;0;2585;0;0;0;0;0;0;
31070;4226767;582938624;33566720;540700672;0;0;0;0;0;0;0;0;0;0;0;2074;0;0;0;0;0;0;
31071;2227798;582938624;33566720;540700672;0;0;0;0;0;0;0;0;0;0;0;2956;0;0;0;0;0;0;
31072;4516229;582938624;33566720;540700672;0;0;0;0;0;0;0;0;0;0;0;2795;0;0;0;0;0;0;
31073;2083428;582938624;33566720;540700672;0;0;0;0;0;0;0;0;0;0;0;2555;0;0;0;0;0;0;
31074;4230083;582938624;33566720;540700672;0;0;0;0;0;0;0;0;0;0;0;2565;0;0;0;0;0;0;
31075;2146846;582938624;33566720;540700672;0;0;0;0;0;0;0;0;0;0;0;2264;0;0;0;0;0;0;
31076;4144402;582938624;33566720;540700672;0;0;0;0;0;0;0;0;0;0;0;2054;0;0;0;0;0;0;
31077;2396224;582938624;33566720;540700672;0;0;0;0;0;0;0;0;0;0;0;3626;0;0;0;0;0;0;
31078;4447100;582938624;33566720;540700672;0;0;0;0;0;0;0;0;0;0;0;3377;0;0;0;0;0;0;
31079;2686468;582938624;33566720;540700672;0;0;0;0;0;0;0;0;0;0;0;2755;0;0;0;0;0;0;
31080;4485602;582938624;33566720;540700672;0;0;0;0;0;0;0;0;0;0;0;2555;0;0;0;0;0;0;
31081;2044584;582938624;33566720;540700672;0;0;0;0;0;0;0;0;0;0;0;2574;0;0;0;0;0;0;
31082;4793991;582938624;33566720;540700672;0;0;0;0;0;0;0;0;0;0;0;2755;0;0;0;0;0;0;
31083;3728012;582938624;33566720;540700672;0;0;0;0;0;0;0;0;0;0;0;3907;0;0;0;0;0;0;
31084;4661392;582938624;33566720;540700672;0;0;0;0;0;0;0;0;0;0;0;3317;0;0;0;0;0;0;
31085;3917497;582938624;33566720;540700672;0;0;0;0;0;0;0;0;0;0;0;3868;0;0;0;0;0;0;
31086;4717757;582938624;33566720;540700672;0;0;0;0;0;0;0;0;0;0;0;3737;0;0;0;0;0;0;
31087;3490957;582938624;33566720;540700672;0;0;0;0;0;0;0;0;0;0;0;3727;0;0;0;0;0;0;
31088;4702599;582938624;33566720;540700672;0;0;0;0;0;0;0;0;0;0;0;3206;0;0;0;0;0;0;
31089;3590734;582938624;33566720;540700672;0;0;0;0;0;0;0;0;0;0;0;3687;0;0;0;0;0;0;
31090;4548510;582938624;33566720;540700672;0;0;0;0;0;0;0;0;0;0;0;3357;0;0;0;0;0;0;
31091;3483784;582938624;33566720;540700672;0;0;0;0;0;0;0;0;0;0;0;3326;0;0;0;0;0;0;
31092;4494679;582938624;33566720;540700672;0;0;0;0;0;0;0;0;0;0;0;3076;0;0;0;0;0;0;
31093;3363298;582938624;33566720;540700672;0;0;0;0;0;0;0;0;0;0;0;3857;0;0;0;0;0;0;
31094;4658276;582938624;33566720;540700672;0;0;0;0;0;0;0;0;0;0;0;3116;0;0;0;0;0;0;
31095;3668680;582938624;33566720;540700672;0;0;0;0;0;0;0;0;0;0;0;3606;0;0;0;0;0;0;
31096;4689114;582938624;33566720;540700672;0;0;0;0;0;0;0;0;0;0;0;3096;0;0;0;0;0;0;
31097;3585554;582938624;33566720;540700672;0;0;0;0;0;0;0;0;0;0;0;4048;0;0;0;0;0;0;
31098;4578266;582938624;33566720;540700672;0;0;0;0;0;0;0;0;0;0;0;3006;0;0;0;0;0;0;
31099;3492310;582938624;33566720;540700672;0;0;0;0;0;0;0;0;0;0;0;3747;0;0;0;0;0;0;
31100;4625184;582938624;33566720;540700672;0;0;0;0;0;0;0;0;0;0;0;3326;0;0;0;0;0;0;
31101;3550980;582938624;33566720;540700672;0;0;0;0;0;0;0;0;0;0;0;3677;0;0;0;0;0;0;
31102;4676720;582938624;33566720;540700672;0;0;0;0;0;0;0;0;0;0;0;3116;0;0;0;0;0;0;
31103;3693016;582938624;33566720;540700672;0;0;0;0;0;0;0;0;0;0;0;3687;0;0;0;0;0;0;
31104;4540185;582938624;33566720;540700672;0;0;0;0;0;0;0;0;0;0;0;3337;0;0;0;0;0;0;
31105;3559535;582938624;33566720;540700672;0;0;0;0;0;0;0;0;0;0;0;3757;0;0;0;0;0;0;
31106;4574318;582938624;33566720;540700672;0;0;0;0;0;0;0;0;0;0;0;3356;0;0;0;0;0;0;
31107;3619247;582938624;33566720;540700672;0;0;0;0;0;0;0;0;0;0;0;3516;0;0;0;0;0;0;
31108;5061723;582938624;33566720;540700672;0;0;0;0;0;0;0;0;0;0;0;4017;0;0;0;0;0;0;
31109;3964856;582938624;33566720;540700672;0;0;0;0;0;0;0;0;0;0;0;4308;0;0;0;0;0;0;
31110;4502995;582938624;33566720;540700672;0;0;0;0;0;0;0;0;0;0;0;3487;0;0;0;0;0;0;
31111;3784989;582938624;33566720;540700672;0;0;0;0;0;0;0;0;0;0;0;4208;0;0;0;0;0;0;
31112;4761901;582938624;33566720;540700672;0;0;0;0;0;0;0;0;0;0;0;3336;0;0;0;0;0;0;
31113;3551871;582938624;33566720;540700672;0;0;0;0;0;0;0;0;0;0;0;3596;0;0;0;0;0;0;
31114;4846369;582938624;33566720;540700672;0;0;0;0;0;0;0;0;0;0;0;3276;0;0;0;0;0;0;
31115;3605291;582938624;33566720;540700672;0;0;0;0;0;0;0;0;0;0;0;3336;0;0;0;0;0;0;
31116;4624172;582938624;33566720;540700672;0;0;0;0;0;0;0;0;0;0;0;3497;0;0;0;0;0;0;
31117;3709376;582938624;33566720;540700672;0;0;0;0;0;0;0;0;0;0;0;3607;0;0;0;0;0;0;
31118;4583426;582938624;33566720;540700672;0;0;0;0;0;0;0;0;0;0;0;3085;0;0;0;0;0;0;
31119;3403163;582938624;33566720;540700672;0;0;0;0;0;0;0;0;0;0;0;3397;0;0;0;0;0;0;
31120;4762792;582938624;33566720;540700672;0;0;0;0;0;0;0;0;0;0;0;3126;0;0;0;0;0;0;
31121;3635819;582938624;33566720;540700672;0;0;0;0;0;0;0;0;0;0;0;3717;0;0;0;0;0;0;
31122;4840408;582938624;33566720;540700672;0;0;0;0;0;0;0;0;0;0;0;3928;0;0;0;0;0;0;
31123;3621863;582938624;33566720;540700672;0;0;0;0;0;0;0;0;0;0;0;3626;0;0;0;0;0;0;
31124;4707809;582938624;33566720;540700672;0;0;0;0;0;0;0;0;0;0;0;3256;0;0;0;0;0;0;
31125;3878804;582938624;33566720;540700672;0;0;0;0;0;0;0;0;0;0;0;3617;0;0;0;0;0;0;
31126;4679396;582938624;33566720;540700672;0;0;0;0;0;0;0;0;0;0;0;4088;0;0;0;0;0;0;
31127;3765592;582938624;33566720;540700672;0;0;0;0;0;0;0;0;0;0;0;4228;0;0;0;0;0;0;
31128;4661392;582938624;33566720;540700672;0;0;0;0;0;0;0;0;0;0;0;3176;0;0;0;0;0;0;
31129;3211342;582938624;33566720;540700672;0;0;0;0;0;0;0;0;0;0;0;3556;0;0;0;0;0;0;
31130;4406884;582938624;33566720;540700672;0;0;0;0;0;0;0;0;0;0;0;2736;0;0;0;0;0;0;
31131;2902102;582938624;33566720;540700672;0;0;0;0;0;0;0;0;0;0;0;4158;0;0;0;0;0;0;
31132;4461237;582938624;33566720;540700672;0;0;0;0;0;0;0;0;0;0;0;2956;0;0;0;0;0;0;
31133;2780385;582938624;33566720;540700672;0;0;0;0;0;0;0;0;0;0;0;2776;0;0;0;0;0;0;
31134;4554090;582938624;33566720;540700672;0;0;0;0;0;0;0;0;0;0;0;2936;0;0;0;0;0;0;
31135;2878900;582938624;33566720;540700672;0;0;0;0;0;0;0;0;0;0;0;2875;0;0;0;0;0;0;
31136;4523484;582938624;33566720;540700672;0;0;0;0;0;0;0;0;0;0;0;2615;0;0;0;0;0;0;
31137;3033379;582938624;33566720;540700672;0;0;0;0;0;0;0;0;0;0;0;3367;0;0;0;0;0;0;
31138;4326103;582938624;33566720;540700672;0;0;0;0;0;0;0;0;0;0;0;2695;0;0;0;0;0;0;
31139;3171368;582938624;33566720;540700672;0;0;0;0;0;0;0;0;0;0;0;3687;0;0;0;0;0;0;
31140;4449635;582938624;33566720;540700672;0;0;0;0;0;0;0;0;0;0;0;3146;0;0;0;0;0;0;
31141;2831269;582938624;33566720;540700672;0;0;0;0;0;0;0;0;0;0;0;3426;0;0;0;0;0;0;
31142;4494499;582938624;33566720;540700672;0;0;0;0;0;0;0;0;0;0;0;2765;0;0;0;0;0;0;
31143;2791986;582938624;33566720;540700672;0;0;0;0;0;0;0;0;0;0;0;3857;0;0;0;0;0;0;
31144;4632087;582938624;33566720;540700672;0;0;0;0;0;0;0;0;0;0;0;2495;0;0;0;0;0;0;
31145;2711475;582938624;33566720;540700672;0;0;0;0;0;0;0;0;0;0;0;3026;0;0;0;0;0;0;
31146;4446529;582938624;33566720;540700672;0;0;0;0;0;0;0;0;0;0;0;2284;0;0;0;0;0;0;
31147;2706015;582938624;33566720;540700672;0;0;0;0;0;0;0;0;0;0;0;2605;0;0;0;0;0;0;
31148;4524626;582938624;33566720;540700672;0;0;0;0;0;0;0;0;0;0;0;2405;0;0;0;0;0;0;
31149;2405902;582938624;33566720;540700672;0;0;0;0;0;0;0;0;0;0;0;2966;0;0;0;0;0;0;
31150;4494609;582938624;33566720;540700672;0;0;0;0;0;0;0;0;0;0;0;2404;0;0;0;0;0;0;
31151;2532660;582938624;33566720;540700672;0;0;0;0;0;0;0;0;0;0;0;3096;0;0;0;0;0;0;
31152;4581743;582938624;33566720;540700672;0;0;0;0;0;0;0;0;0;0;0;2224;0;0;0;0;0;0;
31153;2670018;582938624;33566720;540700672;0;0;0;0;0;0;0;0;0;0;0;2786;0;0;0;0;0;0;
31154;4271080;582938624;33566720;540700672;0;0;0;0;0;0;0;0;0;0;0;2204;0;0;0;0;0;0;
31155;2491893;582938624;33566720;540700672;0;0;0;0;0;0;0;0;0;0;0;2655;0;0;0;0;0;0;
31156;4309823;582938624;33566720;540700672;0;0;0;0;0;0;0;0;0;0;0;2545;0;0;0;0;0;0;
31157;2679826;582938624;33566720;540700672;0;0;0;0;0;0;0;0;0;0;0;2965;0;0;0;0;0;0;
31158;4284866;582938624;33566720;540700672;0;0;0;0;0;0;0;0;0;0;0;2675;0;0;0;0;0;0;
31159;2668405;582938624;33566720;540700672;0;0;0;0;0;0;0;0;0;0;0;3778;0;0;0;0;0;0;
31160;4477597;582938624;33566720;540700672;0;0;0;0;0;0;0;0;0;0;0;3186;0;0;0;0;0;0;
31161;2477857;582938624;33566720;540700672;0;0;0;0;0;0;0;0;0;0;0;2705;0;0;0;0;0;0;
31162;4589487;582938624;33566720;540700672;0;0;0;0;0;0;0;0;0;0;0;2896;0;0;0;0;0;0;
31163;2318077;582938624;33566720;540700672;0;0;0;0;0;0;0;0;0;0;0;2746;0;0;0;0;0;0;
31164;4365477;582938624;33566720;540700672;0;0;0;0;0;0;0;0;0;0;0;2615;0;0;0;0;0;0;
31165;3130632;582938624;33566720;540700672;0;0;0;0;0;0;0;0;0;0;0;2936;0;0;0;0;0;0;
31166;4485232;582938624;33566720;540700672;0;0;0;0;0;0;0;0;0;0;0;3055;0;0;0;0;0;0;
31167;3265414;582938624;33566720;540700672;0;0;0;0;0;0;0;0;0;0;0;3036;0;0;0;0;0;0;
31168;4433414;582938624;33566720;540700672;0;0;0;0;0;0;0;0;0;0;0;2916;0;0;0;0;0;0;
31169;3054087;582938624;33566720;540700672;0;0;0;0;0;0;0;0;0;0;0;2945;0;0;0;0;0;0;
31170;4605387;582938624;33566720;540700672;0;0;0;0;0;0;0;0;0;0;0;2745;0;0;0;0;0;0;
31171;2233439;582938624;33566720;540700672;0;0;0;0;0;0;0;0;0;0;0;3156;0;0;0;0;0;0;
31172;4508785;582938624;33566720;540700672;0;0;0;0;0;0;0;0;0;0;0;2325;0;0;0;0;0;0;
31173;2354515;582938624;33566720;540700672;0;0;0;0;0;0;0;0;0;0;0;2504;0;0;0;0;0;0;
31174;4752883;582938624;33566720;540700672;0;0;0;0;0;0;0;0;0;0;0;2305;0;0;0;0;0;0;
31175;2302377;582938624;33566720;540700672;0;0;0;0;0;0;0;0;0;0;0;2845;0;0;0;0;0;0;
31176;4367020;582938624;33566720;540700672;0;0;0;0;0;0;0;0;0;0;0;2925;0;0;0;0;0;0;
31177;2658465;582938624;33566720;540700672;0;0;0;0;0;0;0;0;0;0;0;3386;0;0;0;0;0;0;
31178;4367701;582938624;33566720;540700672;0;0;0;0;0;0;0;0;0;0;0;2245;0;0;0;0;0;0;
31179;2384552;582938624;33566720;540700672;0;0;0;0;0;0;0;0;0;0;0;2525;0;0;0;0;0;0;
31180;4364805;582938624;33566720;540700672;0;0;0;0;0;0;0;0;0;0;0;2775;0;0;0;0;0;0;
31181;2631926;582938624;33566720;540700672;0;0;0;0;0;0;0;0;0;0;0;2515;0;0;0;0;0;0;
31182;4529455;582938624;33566720;540700672;0;0;0;0;0;0;0;0;0;0;0;2544;0;0;0;0;0;0;
31183;3287355;582938624;33566720;540700672;0;0;0;0;0;0;0;0;0;0;0;3687;0;0;0;0;0;0;
31184;4549602;582938624;33566720;540700672;0;0;0;0;0;0;0;0;0;0;0;3256;0;0;0;0;0;0;
31185;3929299;582938624;33566720;540700672;0;0;0;0;0;0;0;0;0;0;0;4028;0;0;0;0;0;0;
31186;4659418;582938624;33566720;540700672;0;0;0;0;0;0;0;0;0;0;0;3697;0;0;0;0;0;0;
31187;3818682;582938624;33566720;540700672;0;0;0;0;0;0;0;0;0;0;0;4328;0;0;0;0;0;0;
31188;4953640;582938624;33566720;540700672;0;0;0;0;0;0;0;0;0;0;0;3917;0;0;0;0;0;0;
31189;3816948;582938624;33566720;540700672;0;0;0;0;0;0;0;0;0;0;0;3857;0;0;0;0;0;0;
31190;4861748;582938624;33566720;540700672;0;0;0;0;0;0;0;0;0;0;0;3597;0;0;0;0;0;0;
31191;3814444;582938624;33566720;540700672;0;0;0;0;0;0;0;0;0;0;0;4057;0;0;0;0;0;0;
31192;4865575;582938624;33566720;540700672;0;0;0;0;0;0;0;0;0;0;0;3687;0;0;0;0;0;0;
31193;3902248;582938624;33566720;540700672;0;0;0;0;0;0;0;0;0;0;0;3777;0;0;0;0;0;0;
31194;4990439;582938624;33566720;540700672;0;0;0;0;0;0;0;0;0;0;0;3687;0;0;0;0;0;0;
31195;3977790;582938624;33566720;540700672;0;0;0;0;0;0;0;0;0;0;0;4388;0;0;0;0;0;0;
31196;4822113;582938624;33566720;540700672;0;0;0;0;0;0;0;0;0;0;0;3477;0;0;0;0;0;0;
31197;3274921;582938624;33566720;540700672;0;0;0;0;0;0;0;0;0;0;0;2855;0;0;0;0;0;0;
31198;4730862;582938624;33566720;540700672;0;0;0;0;0;0;0;0;0;0;0;3186;0;0;0;0;0;0;
31199;3163313;582938624;33566720;540700672;0;0;0;0;0;0;0;0;0;0;0;3947;0;0;0;0;0;0;
31200;4817775;582938624;33566720;540700672;0;0;0;0;0;0;0;0;0;0;0;2995;0;0;0;0;0;0;
31201;3204219;582938624;33566720;540700672;0;0;0;0;0;0;0;0;0;0;0;3517;0;0;0;0;0;0;
31202;4765727;582938624;33566720;540700672;0;0;0;0;0;0;0;0;0;0;0;3086;0;0;0;0;0;0;
31203;2857559;582938624;33566720;540700672;0;0;0;0;0;0;0;0;0;0;0;3257;0;0;0;0;0;0;
31204;4453071;582938624;33566720;540700672;0;0;0;0;0;0;0;0;0;0;0;2975;0;0;0;0;0;0;
31205;3188420;582938624;33566720;540700672;0;0;0;0;0;0;0;0;0;0;0;3086;0;0;0;0;0;0;
31206;4761740;582938624;33566720;540700672;0;0;0;0;0;0;0;0;0;0;0;2966;0;0;0;0;0;0;
31207;2753073;582938624;33566720;540700672;0;0;0;0;0;0;0;0;0;0;0;3877;0;0;0;0;0;0;
31208;4420550;582938624;33566720;540700672;0;0;0;0;0;0;0;0;0;0;0;3035;0;0;0;0;0;0;
31209;2483257;582938624;33566720;540700672;0;0;0;0;0;0;0;0;0;0;0;2936;0;0;0;0;0;0;
31210;4466726;582938624;33566720;540700672;0;0;0;0;0;0;0;0;0;0;0;2645;0;0;0;0;0;0;
31211;2991440;582938624;33566720;540700672;0;0;0;0;0;0;0;0;0;0;0;3346;0;0;0;0;0;0;
31212;4739017;582938624;33566720;540700672;0;0;0;0;0;0;0;0;0;0;0;3657;0;0;0;0;0;0;
31213;2755087;582938624;33566720;540700672;0;0;0;0;0;0;0;0;0;0;0;2675;0;0;0;0;0;0;
31214;4630013;582938624;33566720;540700672;0;0;0;0;0;0;0;0;0;0;0;2835;0;0;0;0;0;0;
31215;2616668;582938624;33566720;540700672;0;0;0;0;0;0;0;0;0;0;0;3206;0;0;0;0;0;0;
31216;4414068;582938624;33566720;540700672;0;0;0;0;0;0;0;0;0;0;0;2415;0;0;0;0;0;0;
31217;3442606;582938624;33566720;540700672;0;0;0;0;0;0;0;0;0;0;0;3496;0;0;0;0;0;0;
31218;4664638;582938624;33566720;540700672;0;0;0;0;0;0;0;0;0;0;0;3326;0;0;0;0;0;0;
31219;3076400;582938624;33566720;540700672;0;0;0;0;0;0;0;0;0;0;0;3676;0;0;0;0;0;0;
31220;4491954;582938624;33566720;540700672;0;0;0;0;0;0;0;0;0;0;0;2955;0;0;0;0;0;0;
31221;2933502;582938624;33566720;540700672;0;0;0;0;0;0;0;0;0;0;0;3376;0;0;0;0;0;0;
31222;4567877;582938624;33566720;540700672;0;0;0;0;0;0;0;0;0;0;0;3146;0;0;0;0;0;0;
31223;3050931;582938624;33566720;540700672;0;0;0;0;0;0;0;0;0;0;0;2906;0;0;0;0;0;0;
31224;4650411;582938624;33566720;540700672;0;0;0;0;0;0;0;0;0;0;0;2745;0;0;0;0;0;0;
31225;3047816;582938624;33566720;540700672;0;0;0;0;0;0;0;0;0;0;0;3076;0;0;0;0;0;0;
31226;4668936;582938624;33566720;540700672;0;0;0;0;0;0;0;0;0;0;0;2595;0;0;0;0;0;0;
31227;3396790;582938624;33566720;540700672;0;0;0;0;0;0;0;0;0;0;0;3667;0;0;0;0;0;0;
31228;4354736;582938624;33566720;540700672;0;0;0;0;0;0;0;0;0;0;0;2625;0;0;0;0;0;0;
31229;3115813;582938624;33566720;540700672;0;0;0;0;0;0;0;0;0;0;0;3807;0;0;0;0;0;0;
31230;4755879;582938624;33566720;540700672;0;0;0;0;0;0;0;0;0;0;0;2615;0;0;0;0;0;0;
31231;3249734;582938624;33566720;540700672;0;0;0;0;0;0;0;0;0;0;0;3146;0;0;0;0;0;0;
31232;4700315;582938624;33566720;540700672;0;0;0;0;0;0;0;0;0;0;0;3056;0;0;0;0;0;0;
31233;3284129;582938624;33566720;540700672;0;0;0;0;0;0;0;0;0;0;0;3607;0;0;0;0;0;0;
31234;4559260;582938624;33566720;540700672;0;0;0;0;0;0;0;0;0;0;0;3306;0;0;0;0;0;0;
31235;3276465;582938624;33566720;540700672;0;0;0;0;0;0;0;0;0;0;0;3607;0;0;0;0;0;0;
31236;4695626;582938624;33566720;540700672;0;0;0;0;0;0;0;0;0;0;0;3246;0;0;0;0;0;0;
31237;3149446;582938624;33566720;540700672;0;0;0;0;0;0;0;0;0;0;0;3666;0;0;0;0;0;0;
31238;4727627;582938624;33566720;540700672;0;0;0;0;0;0;0;0;0;0;0;2715;0;0;0;0;0;0;
31239;3211613;582938624;33566720;540700672;0;0;0;0;0;0;0;0;0;0;0;3206;0;0;0;0;0;0;
31240;4621357;582938624;33566720;540700672;0;0;0;0;0;0;0;0;0;0;0;2535;0;0;0;0;0;0;
31241;2907021;582938624;33566720;540700672;0;0;0;0;0;0;0;0;0;0;0;3336;0;0;0;0;0;0;
31242;4470483;582938624;33566720;540700672;0;0;0;0;0;0;0;0;0;0;0;2555;0;0;0;0;0;0;
31243;2876224;582938624;33566720;540700672;0;0;0;0;0;0;0;0;0;0;0;3096;0;0;0;0;0;0;
31244;4442491;582938624;33566720;540700672;0;0;0;0;0;0;0;0;0;0;0;2605;0;0;0;0;0;0;
31245;3241960;582938624;33566720;540700672;0;0;0;0;0;0;0;0;0;0;0;3957;0;0;0;0;0;0;
31246;10771731;582938624;33566720;540700672;0;0;0;0;0;0;0;0;0;0;0;3307;0;0;0;0;0;0;
31247;3748219;582938624;33566720;540700672;0;0;0;0;0;0;0;0;0;0;0;4037;0;0;0;0;0;0;
31248;4790464;582938624;33566720;540700672;0;0;0;0;0;0;0;0;0;0;0;3676;0;0;0;0;0;0;
31249;3905965;582938624;33566720;540700672;0;0;0;0;0;0;0;0;0;0;0;4218;0;0;0;0;0;0;
31250;4714561;582938624;33566720;540700672;0;0;0;0;0;0;0;0;0;0;0;4017;0;0;0;0;0;0;
31251;4056878;582938624;33566720;540700672;0;0;0;0;0;0;0;0;0;0;0;3927;0;0;0;0;0;0;
31252;4728127;582938624;33566720;540700672;0;0;0;0;0;0;0;0;0;0;0;3817;0;0;0;0;0;0;
31253;3701502;582938624;33566720;540700672;0;0;0;0;0;0;0;0;0;0;0;4398;0;0;0;0;0;0;
31254;4847791;582938624;33566720;540700672;0;0;0;0;0;0;0;0;0;0;0;4208;0;0;0;0;0;0;
31255;3869336;582938624;33566720;540700672;0;0;0;0;0;0;0;0;0;0;0;4068;0;0;0;0;0;0;
31256;4781277;582938624;33566720;540700672;0;0;0;0;0;0;0;0;0;0;0;3677;0;0;0;0;0;0;
31257;3968402;582938624;33566720;540700672;0;0;0;0;0;0;0;0;0;0;0;4008;0;0;0;0;0;0;
31258;4659258;582938624;33566720;540700672;0;0;0;0;0;0;0;0;0;0;0;3537;0;0;0;0;0;0;
31259;3886709;582938624;33566720;540700672;0;0;0;0;0;0;0;0;0;0;0;3637;0;0;0;0;0;0;
31260;4876485;582938624;33566720;540700672;0;0;0;0;0;0;0;0;0;0;0;3606;0;0;0;0;0;0;
31261;3434411;582938624;33566720;540700672;0;0;0;0;0;0;0;0;0;0;0;2996;0;0;0;0;0;0;
31262;4470855;582938624;33566720;540700672;0;0;0;0;0;0;0;0;0;0;0;2735;0;0;0;0;0;0;
31263;2983535;582938624;33566720;540700672;0;0;0;0;0;0;0;0;0;0;0;3015;0;0;0;0;0;0;
31264;4769805;582938624;33566720;540700672;0;0;0;0;0;0;0;0;0;0;0;3006;0;0;0;0;0;0;
31265;3172440;582938624;33566720;540700672;0;0;0;0;0;0;0;0;0;0;0;3466;0;0;0;0;0;0;
31266;4533152;582938624;33566720;540700672;0;0;0;0;0;0;0;0;0;0;0;2705;0;0;0;0;0;0;
31267;2826862;582938624;33566720;540700672;0;0;0;0;0;0;0;0;0;0;0;2916;0;0;0;0;0;0;
31268;4686810;582938624;33566720;540700672;0;0;0;0;0;0;0;0;0;0;0;3206;0;0;0;0;0;0;
31269;2733156;582938624;33566720;540700672;0;0;0;0;0;0;0;0;0;0;0;2745;0;0;0;0;0;0;
31270;4782940;582938624;33566720;540700672;0;0;0;0;0;0;0;0;0;0;0;2675;0;0;0;0;0;0;
31271;2750207;582938624;33566720;540700672;0;0;0;0;0;0;0;0;0;0;0;2895;0;0;0;0;0;0;
31272;4412826;582938624;33566720;540700672;0;0;0;0;0;0;0;0;0;0;0;2584;0;0;0;0;0;0;
31273;2905579;582938624;33566720;540700672;0;0;0;0;0;0;0;0;0;0;0;3066;0;0;0;0;0;0;
31274;4698862;582938624;33566720;540700672;0;0;0;0;0;0;0;0;0;0;0;3025;0;0;0;0;0;0;
31275;3942083;582938624;33566720;540700672;0;0;0;0;0;0;0;0;0;0;0;3897;0;0;0;0;0;0;
31276;4867098;582938624;33566720;540700672;0;0;0;0;0;0;0;0;0;0;0;3256;0;0;0;0;0;0;
31277;3812440;582938624;33566720;540700672;0;0;0;0;0;0;0;0;0;0;0;4268;0;0;0;0;0;0;
31278;4870184;582938624;33566720;540700672;0;0;0;0;0;0;0;0;0;0;0;3758;0;0;0;0;0;0;
31279;3944667;582938624;33566720;540700672;0;0;0;0;0;0;0;0;0;0;0;3376;0;0;0;0;0;0;
31280;4629763;582938624;33566720;540700672;0;0;0;0;0;0;0;0;0;0;0;2825;0;0;0;0;0;0;
31281;2814428;582938624;33566720;540700672;0;0;0;0;0;0;0;0;0;0;0;3006;0;0;0;0;0;0;
31282;4594156;582938624;33566720;540700672;0;0;0;0;0;0;0;0;0;0;0;2575;0;0;0;0;0;0;
31283;3320848;582938624;33566720;540700672;0;0;0;0;0;0;0;0;0;0;0;3015;0;0;0;0;0;0;
31284;4758153;582938624;33566720;540700672;0;0;0;0;0;0;0;0;0;0;0;2875;0;0;0;0;0;0;
31285;2794671;582938624;33566720;540700672;0;0;0;0;0;0;0;0;0;0;0;2545;0;0;0;0;0;0;
31286;4666010;582938624;33566720;540700672;0;0;0;0;0;0;0;0;0;0;0;3216;0;0;0;0;0;0;
31287;2921148;582938624;33566720;540700672;0;0;0;0;0;0;0;0;0;0;0;3517;0;0;0;0;0;0;
31288;4816743;582938624;33566720;540700672;0;0;0;0;0;0;0;0;0;0;0;2725;0;0;0;0;0;0;
31289;3040882;582938624;33566720;540700672;0;0;0;0;0;0;0;0;0;0;0;3056;0;0;0;0;0;0;
31290;4878539;582938624;33566720;540700672;0;0;0;0;0;0;0;0;0;0;0;3135;0;0;0;0;0;0;
31291;3393283;582938624;33566720;540700672;0;0;0;0;0;0;0;0;0;0;0;3075;0;0;0;0;0;0;
31292;4647465;582938624;33566720;540700672;0;0;0;0;0;0;0;0;0;0;0;2955;0;0;0;0;0;0;
31293;3614809;582938624;33566720;540700672;0;0;0;0;0;0;0;0;0;0;0;3697;0;0;0;0;0;0;
31294;4683784;582938624;33566720;540700672;0;0;0;0;0;0;0;0;0;0;0;2796;0;0;0;0;0;0;
31295;3272958;582938624;33566720;540700672;0;0;0;0;0;0;0;0;0;0;0;3456;0;0;0;0;0;0;
31296;4488748;582938624;33566720;540700672;0;0;0;0;0;0;0;0;0;0;0;2835;0;0;0;0;0;0;
31297;2889268;582938624;33566720;540700672;0;0;0;0;0;0;0;0;0;0;0;3045;0;0;0;0;0;0;
31298;4409680;582938624;33566720;540700672;0;0;0;0;0;0;0;0;0;0;0;2725;0;0;0;0;0;0;
31299;2936537;582938624;33566720;540700672;0;0;0;0;0;0;0;0;0;0;0;3286;0;0;0;0;0;0;
31300;4330080;582938624;33566720;540700672;0;0;0;0;0;0;0;0;0;0;0;2595;0;0;0;0;0;0;
31301;2996620;582938624;33566720;540700672;0;0;0;0;0;0;0;0;0;0;0;3707;0;0;0;0;0;0;
31302;4438474;582938624;33566720;540700672;0;0;0;0;0;0;0;0;0;0;0;3266;0;0;0;0;0;0;
31303;2840737;582938624;33566720;540700672;0;0;0;0;0;0;0;0;0;0;0;3396;0;0;0;0;0;0;
31304;4609655;582938624;33574912;540708864;0;0;0;0;0;0;0;0;0;0;0;3166;0;0;0;0;0;0;
31305;2833363;582938624;33574912;540708864;0;0;0;0;0;0;0;0;0;0;0;3035;0;0;0;0;0;0;
31306;4528663;582938624;33574912;540708864;0;0;0;0;0;0;0;0;0;0;0;2755;0;0;0;0;0;0;
31307;3289639;582938624;33574912;540708864;0;0;0;0;0;0;0;0;0;0;0;3156;0;0;0;0;0;0;
31308;4706055;582938624;33574912;540708864;0;0;0;0;0;0;0;0;0;0;0;3076;0;0;0;0;0;0;
31309;2819347;582938624;33574912;540708864;0;0;0;0;0;0;0;0;0;0;0;3036;0;0;0;0;0;0;
31310;4523413;582938624;33574912;540708864;0;0;0;0;0;0;0;0;0;0;0;2825;0;0;0;0;0;0;
31311;2815520;582938624;33566720;540700672;0;0;0;0;0;0;0;0;0;0;0;3095;0;0;0;0;0;0;
31312;4660650;582938624;33566720;540700672;0;0;0;0;0;0;0;0;0;0;0;3216;0;0;0;0;0;0;
31313;2637817;582938624;33566720;540700672;0;0;0;0;0;0;0;0;0;0;0;3216;0;0;0;0;0;0;
31314;4481725;582938624;33566720;540700672;0;0;0;0;0;0;0;0;0;0;0;2986;0;0;0;0;0;0;
31315;2900760;582938624;33566720;540700672;0;0;0;0;0;0;0;0;0;0;0;3236;0;0;0;0;0;0;
31316;4316325;582938624;33566720;540700672;0;0;0;0;0;0;0;0;0;0;0;9247;0;0;0;0;0;0;
31317;2984397;582938624;33566720;540700672;0;0;0;0;0;0;0;0;0;0;0;2815;0;0;0;0;0;0;
31318;4448923;582938624;33566720;540700672;0;0;0;0;0;0;0;0;0;0;0;2755;0;0;0;0;0;0;
31319;2891002;582938624;33566720;540700672;0;0;0;0;0;0;0;0;0;0;0;3266;0;0;0;0;0;0;
31320;4473851;582938624;33566720;540700672;0;0;0;0;0;0;0;0;0;0;0;2555;0;0;0;0;0;0;
31321;2684464;582938624;33566720;540700672;0;0;0;0;0;0;0;0;0;0;0;2685;0;0;0;0;0;0;
31322;4581412;582938624;33566720;540700672;0;0;0;0;0;0;0;0;0;0;0;2725;0;0;0;0;0;0;
31323;2749486;582938624;33566720;540700672;0;0;0;0;0;0;0;0;0;0;0;2966;0;0;0;0;0;0;
31324;4258476;582938624;33566720;540700672;0;0;0;0;0;0;0;0;0;0;0;2525;0;0;0;0;0;0;
31325;3523918;582938624;33566720;540700672;0;0;0;0;0;0;0;0;0;0;0;3847;0;0;0;0;0;0;
31326;4411243;582938624;33566720;540700672;0;0;0;0;0;0;0;0;0;0;0;3026;0;0;0;0;0;0;
31327;2878298;582938624;33566720;540700672;0;0;0;0;0;0;0;0;0;0;0;2956;0;0;0;0;0;0;
31328;4589396;582938624;33566720;540700672;0;0;0;0;0;0;0;0;0;0;0;2845;0;0;0;0;0;0;
31329;2658205;582938624;33566720;540700672;0;0;0;0;0;0;0;0;0;0;0;3186;0;0;0;0;0;0;
31330;4611889;582938624;33566720;540700672;0;0;0;0;0;0;0;0;0;0;0;3006;0;0;0;0;0;0;
31331;2719550;582938624;33566720;540700672;0;0;0;0;0;0;0;0;0;0;0;2514;0;0;0;0;0;0;
31332;4477517;582938624;33566720;540700672;0;0;0;0;0;0;0;0;0;0;0;3016;0;0;0;0;0;0;
31333;3069577;582938624;33566720;540700672;0;0;0;0;0;0;0;0;0;0;0;2936;0;0;0;0;0;0;
31334;4452029;582938624;33566720;540700672;0;0;0;0;0;0;0;0;0;0;0;2114;0;0;0;0;0;0;
31335;2693953;582938624;33566720;540700672;0;0;0;0;0;0;0;0;0;0;0;2645;0;0;0;0;0;0;
31336;4441380;582938624;33566720;540700672;0;0;0;0;0;0;0;0;0;0;0;2424;0;0;0;0;0;0;
31337;2899317;582938624;33566720;540700672;0;0;0;0;0;0;0;0;0;0;0;3557;0;0;0;0;0;0;
31338;4466656;582938624;33566720;540700672;0;0;0;0;0;0;0;0;0;0;0;2454;0;0;0;0;0;0;
31339;2867989;582938624;33566720;540700672;0;0;0;0;0;0;0;0;0;0;0;2785;0;0;0;0;0;0;
31340;4549863;582938624;33566720;540700672;0;0;0;0;0;0;0;0;0;0;0;2515;0;0;0;0;0;0;
31341;3026316;582938624;33566720;540700672;0;0;0;0;0;0;0;0;0;0;0;3797;0;0;0;0;0;0;
31342;4775416;582938624;33566720;540700672;0;0;0;0;0;0;0;0;0;0;0;3727;0;0;0;0;0;0;
31343;3894344;582938624;33566720;540700672;0;0;0;0;0;0;0;0;0;0;0;4038;0;0;0;0;0;0;
31344;4698492;582938624;33566720;540700672;0;0;0;0;0;0;0;0;0;0;0;3978;0;0;0;0;0;0;
31345;3673008;582938624;33566720;540700672;0;0;0;0;0;0;0;0;0;0;0;3056;0;0;0;0;0;0;
31346;4395363;582938624;33566720;540700672;0;0;0;0;0;0;0;0;0;0;0;3146;0;0;0;0;0;0;
31347;2937138;582938624;33566720;540700672;0;0;0;0;0;0;0;0;0;0;0;3436;0;0;0;0;0;0;
31348;4368071;582938624;33566720;540700672;0;0;0;0;0;0;0;0;0;0;0;2375;0;0;0;0;0;0;
31349;2872647;582938624;33566720;540700672;0;0;0;0;0;0;0;0;0;0;0;2876;0;0;0;0;0;0;
31350;4581743;582938624;33566720;540700672;0;0;0;0;0;0;0;0;0;0;0;3266;0;0;0;0;0;0;
31351;2776677;582938624;33566720;540700672;0;0;0;0;0;0;0;0;0;0;0;2795;0;0;0;0;0;0;
31352;4421162;582938624;33566720;540700672;0;0;0;0;0;0;0;0;0;0;0;2936;0;0;0;0;0;0;
31353;2859824;582938624;33566720;540700672;0;0;0;0;0;0;0;0;0;0;0;3046;0;0;0;0;0;0;
31354;4615126;582938624;33566720;540700672;0;0;0;0;0;0;0;0;0;0;0;2735;0;0;0;0;0;0;
31355;2643558;582938624;33566720;540700672;0;0;0;0;0;0;0;0;0;0;0;3196;0;0;0;0;0;0;
31356;4377610;582938624;33566720;540700672;0;0;0;0;0;0;0;0;0;0;0;2685;0;0;0;0;0;0;
31357;2693661;582938624;33566720;540700672;0;0;0;0;0;0;0;0;0;0;0;3727;0;0;0;0;0;0;
31358;4437782;582938624;33566720;540700672;0;0;0;0;0;0;0;0;0;0;0;2705;0;0;0;0;0;0;
31359;2918894;582938624;33566720;540700672;0;0;0;0;0;0;0;0;0;0;0;3076;0;0;0;0;0;0;
31360;4661021;582938624;33566720;540700672;0;0;0;0;0;0;0;0;0;0;0;2835;0;0;0;0;0;0;
31361;2704202;582938624;33566720;540700672;0;0;0;0;0;0;0;0;0;0;0;2995;0;0;0;0;0;0;
31362;4434787;582938624;33566720;540700672;0;0;0;0;0;0;0;0;0;0;0;3256;0;0;0;0;0;0;
31363;2890170;582938624;33566720;540700672;0;0;0;0;0;0;0;0;0;0;0;3367;0;0;0;0;0;0;
31364;4426241;582938624;33566720;540700672;0;0;0;0;0;0;0;0;0;0;0;2965;0;0;0;0;0;0;
31365;2861165;582938624;33566720;540700672;0;0;0;0;0;0;0;0;0;0;0;4067;0;0;0;0;0;0;
31366;4360908;582938624;33566720;540700672;0;0;0;0;0;0;0;0;0;0;0;2705;0;0;0;0;0;0;
31367;3066852;582938624;33566720;540700672;0;0;0;0;0;0;0;0;0;0;0;3236;0;0;0;0;0;0;
31368;4418717;582938624;33566720;540700672;0;0;0;0;0;0;0;0;0;0;0;2575;0;0;0;0;0;0;
31369;2923152;582938624;33566720;540700672;0;0;0;0;0;0;0;0;0;0;0;3407;0;0;0;0;0;0;
31370;4608733;582938624;33566720;540700672;0;0;0;0;0;0;0;0;0;0;0;3206;0;0;0;0;0;0;
31371;2904387;582938624;33566720;540700672;0;0;0;0;0;0;0;0;0;0;0;3456;0;0;0;0;0;0;
31372;4502544;582938624;33566720;540700672;0;0;0;0;0;0;0;0;0;0;0;2625;0;0;0;0;0;0;
31373;2865544;582938624;33566720;540700672;0;0;0;0;0;0;0;0;0;0;0;2935;0;0;0;0;0;0;
31374;4417334;582938624;33566720;540700672;0;0;0;0;0;0;0;0;0;0;0;3497;0;0;0;0;0;0;
31375;3049158;582938624;33566720;540700672;0;0;0;0;0;0;0;0;0;0;0;3226;0;0;0;0;0;0;
31376;4482346;582938624;33566720;540700672;0;0;0;0;0;0;0;0;0;0;0;2665;0;0;0;0;0;0;
31377;2993754;582938624;33566720;540700672;0;0;0;0;0;0;0;0;0;0;0;3406;0;0;0;0;0;0;
31378;4370146;582938624;33566720;540700672;0;0;0;0;0;0;0;0;0;0;0;2986;0;0;0;0;0;0;
31379;3160617;582938624;33566720;540700672;0;0;0;0;0;0;0;0;0;0;0;3216;0;0;0;0;0;0;
31380;4576072;582938624;33566720;540700672;0;0;0;0;0;0;0;0;0;0;0;3567;0;0;0;0;0;0;
31381;3096507;582938624;33566720;540700672;0;0;0;0;0;0;0;0;0;0;0;2975;0;0;0;0;0;0;
31382;4494799;582938624;33566720;540700672;0;0;0;0;0;0;0;0;0;0;0;2615;0;0;0;0;0;0;
31383;2808607;582938624;33566720;540700672;0;0;0;0;0;0;0;0;0;0;0;2836;0;0;0;0;0;0;
31384;4308831;582938624;33566720;540700672;0;0;0;0;0;0;0;0;0;0;0;2635;0;0;0;0;0;0;
31385;3216482;582938624;33566720;540700672;0;0;0;0;0;0;0;0;0;0;0;2865;0;0;0;0;0;0;
31386;4407155;582938624;33566720;540700672;0;0;0;0;0;0;0;0;0;0;0;2745;0;0;0;0;0;0;
31387;2852309;582938624;33566720;540700672;0;0;0;0;0;0;0;0;0;0;0;3005;0;0;0;0;0;0;
31388;4386566;582938624;33566720;540700672;0;0;0;0;0;0;0;0;0;0;0;3336;0;0;0;0;0;0;
31389;2931228;582938624;33566720;540700672;0;0;0;0;0;0;0;0;0;0;0;3366;0;0;0;0;0;0;
31390;4744197;582938624;33566720;540700672;0;0;0;0;0;0;0;0;0;0;0;8296;0;0;0;0;0;0;
31391;3079315;582938624;33566720;540700672;0;0;0;0;0;0;0;0;0;0;0;3076;0;0;0;0;0;0;
31392;4397256;582938624;33566720;540700672;0;0;0;0;0;0;0;0;0;0;0;2645;0;0;0;0;0;0;
31393;2761419;582938624;33566720;540700672;0;0;0;0;0;0;0;0;0;0;0;2936;0;0;0;0;0;0;
31394;4343937;582938624;33566720;540700672;0;0;0;0;0;0;0;0;0;0;0;2975;0;0;0;0;0;0;
31395;2882385;582938624;33566720;540700672;0;0;0;0;0;0;0;0;0;0;0;2955;0;0;0;0;0;0;
31396;4502123;582938624;33566720;540700672;0;0;0;0;0;0;0;0;0;0;0;3176;0;0;0;0;0;0;
31397;2923433;582938624;33566720;540700672;0;0;0;0;0;0;0;0;0;0;0;2876;0;0;0;0;0;0;
31398;4591901;582938624;33566720;540700672;0;0;0;0;0;0;0;0;0;0;0;2605;0;0;0;0;0;0;
31399;2886503;582938624;33566720;540700672;0;0;0;0;0;0;0;0;0;0;0;3266;0;0;0;0;0;0;
31400;4371158;582938624;33566720;540700672;0;0;0;0;0;0;0;0;0;0;0;2685;0;0;0;0;0;0;
31401;2964480;582938624;33566720;540700672;0;0;0;0;0;0;0;0;0;0;0;2886;0;0;0;0;0;0;
31402;4369475;582938624;33566720;540700672;0;0;0;0;0;0;0;0;0;0;0;2725;0;0;0;0;0;0;
31403;3696723;582938624;33566720;540700672;0;0;0;0;0;0;0;0;0;0;0;3336;0;0;0;0;0;0;
31404;4724500;582938624;33566720;540700672;0;0;0;0;0;0;0;0;0;0;0;2966;0;0;0;0;0;0;
31405;3608999;582938624;33566720;540700672;0;0;0;0;0;0;0;0;0;0;0;3948;0;0;0;0;0;0;
31406;4743176;582938624;33566720;540700672;0;0;0;0;0;0;0;0;0;0;0;3757;0;0;0;0;0;0;
31407;3934899;582938624;33566720;540700672;0;0;0;0;0;0;0;0;0;0;0;3817;0;0;0;0;0;0;
31408;4642346;582938624;33566720;540700672;0;0;0;0;0;0;0;0;0;0;0;3276;0;0;0;0;0;0;
31409;4135997;582938624;33566720;540700672;0;0;0;0;0;0;0;0;0;0;0;4569;0;0;0;0;0;0;
31410;4748365;582938624;33566720;540700672;0;0;0;0;0;0;0;0;0;0;0;3136;0;0;0;0;0;0;
31411;3943145;582938624;33566720;540700672;0;0;0;0;0;0;0;0;0;0;0;3747;0;0;0;0;0;0;
31412;4883048;582938624;33566720;540700672;0;0;0;0;0;0;0;0;0;0;0;3386;0;0;0;0;0;0;
31413;3905094;582938624;33566720;540700672;0;0;0;0;0;0;0;0;0;0;0;3938;0;0;0;0;0;0;
31414;4875714;582938624;33566720;540700672;0;0;0;0;0;0;0;0;0;0;0;3577;0;0;0;0;0;0;
31415;3843118;582938624;33566720;540700672;0;0;0;0;0;0;0;0;0;0;0;3917;0;0;0;0;0;0;
31416;4710273;582938624;33566720;540700672;0;0;0;0;0;0;0;0;0;0;0;3307;0;0;0;0;0;0;
31417;3872703;582938624;33566720;540700672;0;0;0;0;0;0;0;0;0;0;0;4669;0;0;0;0;0;0;
31418;4677131;582938624;33566720;540700672;0;0;0;0;0;0;0;0;0;0;0;3647;0;0;0;0;0;0;
31419;3802882;582938624;33566720;540700672;0;0;0;0;0;0;0;0;0;0;0;3817;0;0;0;0;0;0;
31420;4786376;582938624;33566720;540700672;0;0;0;0;0;0;0;0;0;0;0;3927;0;0;0;0;0;0;
31421;3957592;582938624;33566720;540700672;0;0;0;0;0;0;0;0;0;0;0;4148;0;0;0;0;0;0;
31422;4710834;582938624;33566720;540700672;0;0;0;0;0;0;0;0;0;0;0;4068;0;0;0;0;0;0;
31423;3863115;582938624;33566720;540700672;0;0;0;0;0;0;0;0;0;0;0;4449;0;0;0;0;0;0;
31424;4828155;582938624;33566720;540700672;0;0;0;0;0;0;0;0;0;0;0;4148;0;0;0;0;0;0;
31425;3060209;582938624;33566720;540700672;0;0;0;0;0;0;0;0;0;0;0;3266;0;0;0;0;0;0;
31426;4714932;582938624;33566720;540700672;0;0;0;0;0;0;0;0;0;0;0;3146;0;0;0;0;0;0;
31427;2952377;582938624;33566720;540700672;0;0;0;0;0;0;0;0;0;0;0;3477;0;0;0;0;0;0;
31428;4710995;582938624;33566720;540700672;0;0;0;0;0;0;0;0;0;0;0;4028;0;0;0;0;0;0;
31429;3331258;582938624;33566720;540700672;0;0;0;0;0;0;0;0;0;0;0;3166;0;0;0;0;0;0;
31430;5220831;582938624;33566720;540700672;0;0;0;0;0;0;0;0;0;0;0;2995;0;0;0;0;0;0;
31431;2926338;582938624;33566720;540700672;0;0;0;0;0;0;0;0;0;0;0;3186;0;0;0;0;0;0;
31432;4524936;582938624;33566720;540700672;0;0;0;0;0;0;0;0;0;0;0;2845;0;0;0;0;0;0;
31433;2811612;582938624;33566720;540700672;0;0;0;0;0;0;0;0;0;0;0;2825;0;0;0;0;0;0;
31434;4526980;582938624;33566720;540700672;0;0;0;0;0;0;0;0;0;0;0;3165;0;0;0;0;0;0;
31435;2931698;582938624;33566720;540700672;0;0;0;0;0;0;0;0;0;0;0;2955;0;0;0;0;0;0;
31436;4570922;582938624;33566720;540700672;0;0;0;0;0;0;0;0;0;0;0;2554;0;0;0;0;0;0;
31437;3072402;582938624;33566720;540700672;0;0;0;0;0;0;0;0;0;0;0;3005;0;0;0;0;0;0;
31438;4856007;582938624;33566720;540700672;0;0;0;0;0;0;0;0;0;0;0;2895;0;0;0;0;0;0;
31439;2754055;582938624;33566720;540700672;0;0;0;0;0;0;0;0;0;0;0;2895;0;0;0;0;0;0;
31440;4725251;582938624;33566720;540700672;0;0;0;0;0;0;0;0;0;0;0;3015;0;0;0;0;0;0;
31441;2780345;582938624;33566720;540700672;0;0;0;0;0;0;0;0;0;0;0;2985;0;0;0;0;0;0;
31442;4695966;582938624;33566720;540700672;0;0;0;0;0;0;0;0;0;0;0;3005;0;0;0;0;0;0;
31443;2866807;582938624;33566720;540700672;0;0;0;0;0;0;0;0;0;0;0;3556;0;0;0;0;0;0;
31444;4396866;582938624;33566720;540700672;0;0;0;0;0;0;0;0;0;0;0;2574;0;0;0;0;0;0;
31445;2956554;582938624;33566720;540700672;0;0;0;0;0;0;0;0;0;0;0;3346;0;0;0;0;0;0;
31446;4492535;582938624;33566720;540700672;0;0;0;0;0;0;0;0;0;0;0;3056;0;0;0;0;0;0;
31447;2750148;582938624;33566720;540700672;0;0;0;0;0;0;0;0;0;0;0;3867;0;0;0;0;0;0;
31448;4392588;582938624;33566720;540700672;0;0;0;0;0;0;0;0;0;0;0;2484;0;0;0;0;0;0;
31449;2900901;582938624;33566720;540700672;0;0;0;0;0;0;0;0;0;0;0;2935;0;0;0;0;0;0;
31450;4540836;582938624;33566720;540700672;0;0;0;0;0;0;0;0;0;0;0;2614;0;0;0;0;0;0;
31451;2780525;582938624;33566720;540700672;0;0;0;0;0;0;0;0;0;0;0;2955;0;0;0;0;0;0;
31452;4817094;582938624;33566720;540700672;0;0;0;0;0;0;0;0;0;0;0;2906;0;0;0;0;0;0;
31453;3217454;582938624;33566720;540700672;0;0;0;0;0;0;0;0;0;0;0;3556;0;0;0;0;0;0;
31454;4497825;582938624;33566720;540700672;0;0;0;0;0;0;0;0;0;0;0;3206;0;0;0;0;0;0;
31455;3267077;582938624;33566720;540700672;0;0;0;0;0;0;0;0;0;0;0;3968;0;0;0;0;0;0;
31456;4363353;582938624;33566720;540700672;0;0;0;0;0;0;0;0;0;0;0;2895;0;0;0;0;0;0;
31457;3192327;582938624;33566720;540700672;0;0;0;0;0;0;0;0;0;0;0;3337;0;0;0;0;0;0;
31458;4426241;582938624;33566720;540700672;0;0;0;0;0;0;0;0;0;0;0;2485;0;0;0;0;0;0;
31459;3476690;582938624;33566720;540700672;0;0;0;0;0;0;0;0;0;0;0;3096;0;0;0;0;0;0;
31460;4626186;582938624;33566720;540700672;0;0;0;0;0;0;0;0;0;0;0;3096;0;0;0;0;0;0;
31461;2770686;582938624;33566720;540700672;0;0;0;0;0;0;0;0;0;0;0;3266;0;0;0;0;0;0;
31462;4752192;582938624;33566720;540700672;0;0;0;0;0;0;0;0;0;0;0;2695;0;0;0;0;0;0;
31463;2792788;582938624;33566720;540700672;0;0;0;0;0;0;0;0;0;0;0;2906;0;0;0;0;0;0;
31464;4387328;582938624;33566720;540700672;0;0;0;0;0;0;0;0;0;0;0;3216;0;0;0;0;0;0;
31465;3244996;582938624;33566720;540700672;0;0;0;0;0;0;0;0;0;0;0;3016;0;0;0;0;0;0;
31466;4850227;582938624;33566720;540700672;0;0;0;0;0;0;0;0;0;0;0;2444;0;0;0;0;0;0;
31467;3074736;582938624;33566720;540700672;0;0;0;0;0;0;0;0;0;0;0;3467;0;0;0;0;0;0;
31468;4380636;582938624;33566720;540700672;0;0;0;0;0;0;0;0;0;0;0;2134;0;0;0;0;0;0;
31469;2962616;582938624;33566720;540700672;0;0;0;0;0;0;0;0;0;0;0;3267;0;0;0;0;0;0;
31470;4498807;582938624;33566720;540700672;0;0;0;0;0;0;0;0;0;0;0;2935;0;0;0;0;0;0;
31471;3045822;582938624;33566720;540700672;0;0;0;0;0;0;0;0;0;0;0;2905;0;0;0;0;0;0;
31472;4686269;582938624;33566720;540700672;0;0;0;0;0;0;0;0;0;0;0;2876;0;0;0;0;0;0;
31473;3110403;582938624;33566720;540700672;0;0;0;0;0;0;0;0;0;0;0;3386;0;0;0;0;0;0;
31474;4435488;582938624;33566720;540700672;0;0;0;0;0;0;0;0;0;0;0;2785;0;0;0;0;0;0;
31475;2796414;582938624;33566720;540700672;0;0;0;0;0;0;0;0;0;0;0;2995;0;0;0;0;0;0;
31476;4904177;582938624;33566720;540700672;0;0;0;0;0;0;0;0;0;0;0;2615;0;0;0;0;0;0;
31477;2779773;582938624;33566720;540700672;0;0;0;0;0;0;0;0;0;0;0;3206;0;0;0;0;0;0;
31478;4415080;582938624;33566720;540700672;0;0;0;0;0;0;0;0;0;0;0;2575;0;0;0;0;0;0;
31479;3830774;582938624;33566720;540700672;0;0;0;0;0;0;0;0;0;0;0;3606;0;0;0;0;0;0;
31480;4541097;582938624;33566720;540700672;0;0;0;0;0;0;0;0;0;0;0;2615;0;0;0;0;0;0;
31481;3091438;582938624;33566720;540700672;0;0;0;0;0;0;0;0;0;0;0;3377;0;0;0;0;0;0;
31482;4459072;582938624;33566720;540700672;0;0;0;0;0;0;0;0;0;0;0;2736;0;0;0;0;0;0;
31483;2959259;582938624;33566720;540700672;0;0;0;0;0;0;0;0;0;0;0;3156;0;0;0;0;0;0;
31484;4370175;582938624;33566720;540700672;0;0;0;0;0;0;0;0;0;0;0;3086;0;0;0;0;0;0;
31485;3167069;582938624;33566720;540700672;0;0;0;0;0;0;0;0;0;0;0;2474;0;0;0;0;0;0;
31486;4439877;582938624;33566720;540700672;0;0;0;0;0;0;0;0;0;0;0;2464;0;0;0;0;0;0;
31487;3242962;582938624;33566720;540700672;0;0;0;0;0;0;0;0;0;0;0;3777;0;0;0;0;0;0;
31488;4755088;582938624;33566720;540700672;0;0;0;0;0;0;0;0;0;0;0;3537;0;0;0;0;0;0;
31489;3810987;582938624;33566720;540700672;0;0;0;0;0;0;0;0;0;0;0;2946;0;0;0;0;0;0;
31490;4612300;582938624;33566720;540700672;0;0;0;0;0;0;0;0;0;0;0;2615;0;0;0;0;0;0;
31491;2841830;582938624;33566720;540700672;0;0;0;0;0;0;0;0;0;0;0;3296;0;0;0;0;0;0;
31492;4525066;582938624;33566720;540700672;0;0;0;0;0;0;0;0;0;0;0;3336;0;0;0;0;0;0;
31493;3006108;582938624;33566720;540700672;0;0;0;0;0;0;0;0;0;0;0;2895;0;0;0;0;0;0;
31494;4612981;582938624;33566720;540700672;0;0;0;0;0;0;0;0;0;0;0;2745;0;0;0;0;0;0;
31495;2737053;582938624;33566720;540700672;0;0;0;0;0;0;0;0;0;0;0;3377;0;0;0;0;0;0;
31496;4686560;582938624;33566720;540700672;0;0;0;0;0;0;0;0;0;0;0;3065;0;0;0;0;0;0;
31497;2889078;582938624;33566720;540700672;0;0;0;0;0;0;0;0;0;0;0;3145;0;0;0;0;0;0;
31498;4517572;582938624;33566720;540700672;0;0;0;0;0;0;0;0;0;0;0;2665;0;0;0;0;0;0;
31499;2869251;582938624;33566720;540700672;0;0;0;0;0;0;0;0;0;0;0;3096;0;0;0;0;0;0;
31500;4377740;582938624;33566720;540700672;0;0;0;0;0;0;0;0;0;0;0;3176;0;0;0;0;0;0;
31501;2847590;582938624;33566720;540700672;0;0;0;0;0;0;0;0;0;0;0;3506;0;0;0;0;0;0;
31502;7419634;582938624;33566720;540700672;0;0;0;0;0;0;0;0;0;0;0;3326;0;0;0;0;0;0;
31503;9238606;582938624;33566720;540700672;0;0;0;0;0;0;0;0;0;0;0;3206;0;0;0;0;0;0;
31504;4740420;582938624;33566720;540700672;0;0;0;0;0;0;0;0;0;0;0;2665;0;0;0;0;0;0;
31505;3013322;582938624;33566720;540700672;0;0;0;0;0;0;0;0;0;0;0;4298;0;0;0;0;0;0;
31506;4768283;582938624;33566720;540700672;0;0;0;0;0;0;0;0;0;0;0;3036;0;0;0;0;0;0;
31507;2905339;582938624;33566720;540700672;0;0;0;0;0;0;0;0;0;0;0;3617;0;0;0;0;0;0;
31508;4773252;582938624;33566720;540700672;0;0;0;0;0;0;0;0;0;0;0;2725;0;0;0;0;0;0;
31509;3205141;582938624;33566720;540700672;0;0;0;0;0;0;0;0;0;0;0;3076;0;0;0;0;0;0;
31510;4511501;582938624;33566720;540700672;0;0;0;0;0;0;0;0;0;0;0;2705;0;0;0;0;0;0;
31511;3026316;582938624;33566720;540700672;0;0;0;0;0;0;0;0;0;0;0;2776;0;0;0;0;0;0;
31512;4505129;582938624;33566720;540700672;0;0;0;0;0;0;0;0;0;0;0;2514;0;0;0;0;0;0;
31513;2961313;582938624;33566720;540700672;0;0;0;0;0;0;0;0;0;0;0;2835;0;0;0;0;0;0;
31514;4407305;582938624;33566720;540700672;0;0;0;0;0;0;0;0;0;0;0;2685;0;0;0;0;0;0;
31515;3007420;582938624;33566720;540700672;0;0;0;0;0;0;0;0;0;0;0;2514;0;0;0;0;0;0;
31516;4562076;582938624;33566720;540700672;0;0;0;0;0;0;0;0;0;0;0;2805;0;0;0;0;0;0;
31517;2798539;582938624;33566720;540700672;0;0;0;0;0;0;0;0;0;0;0;3456;0;0;0;0;0;0;
31518;4460936;582938624;33566720;540700672;0;0;0;0;0;0;0;0;0;0;0;2525;0;0;0;0;0;0;
31519;2775716;582938624;33566720;540700672;0;0;0;0;0;0;0;0;0;0;0;2895;0;0;0;0;0;0;
31520;4341813;582938624;33566720;540700672;0;0;0;0;0;0;0;0;0;0;0;2314;0;0;0;0;0;0;
31521;2918954;582938624;33566720;540700672;0;0;0;0;0;0;0;0;0;0;0;3256;0;0;0;0;0;0;
31522;4568518;582938624;33566720;540700672;0;0;0;0;0;0;0;0;0;0;0;2695;0;0;0;0;0;0;
31523;2990078;582938624;33566720;540700672;0;0;0;0;0;0;0;0;0;0;0;2956;0;0;0;0;0;0;
31524;4474251;582938624;33566720;540700672;0;0;0;0;0;0;0;0;0;0;0;3075;0;0;0;0;0;0;
31525;2876294;582938624;33566720;540700672;0;0;0;0;0;0;0;0;0;0;0;2986;0;0;0;0;0;0;
31526;4514847;582938624;33566720;540700672;0;0;0;0;0;0;0;0;0;0;0;3406;0;0;0;0;0;0;
31527;3781322;582938624;33566720;540700672;0;0;0;0;0;0;0;0;0;0;0;5079;0;0;0;0;0;0;
31528;4715804;582938624;33566720;540700672;0;0;0;0;0;0;0;0;0;0;0;3767;0;0;0;0;0;0;
31529;4021833;582938624;33566720;540700672;0;0;0;0;0;0;0;0;0;0;0;4108;0;0;0;0;0;0;
31530;4716736;582938624;33566720;540700672;0;0;0;0;0;0;0;0;0;0;0;4198;0;0;0;0;0;0;
31531;3738441;582938624;33566720;540700672;0;0;0;0;0;0;0;0;0;0;0;4850;0;0;0;0;0;0;
31532;4913544;582938624;33566720;540700672;0;0;0;0;0;0;0;0;0;0;0;3567;0;0;0;0;0;0;
31533;3791010;582938624;33566720;540700672;0;0;0;0;0;0;0;0;0;0;0;3637;0;0;0;0;0;0;
31534;5074867;582938624;33566720;540700672;0;0;0;0;0;0;0;0;0;0;0;3606;0;0;0;0;0;0;
31535;2768592;582938624;33566720;540700672;0;0;0;0;0;0;0;0;0;0;0;3527;0;0;0;0;0;0;
31536;4443954;582938624;33566720;540700672;0;0;0;0;0;0;0;0;0;0;0;3276;0;0;0;0;0;0;
31537;2862047;582938624;33566720;540700672;0;0;0;0;0;0;0;0;0;0;0;3226;0;0;0;0;0;0;
31538;4467498;582938624;33566720;540700672;0;0;0;0;0;0;0;0;0;0;0;2986;0;0;0;0;0;0;
31539;2878468;582938624;33566720;540700672;0;0;0;0;0;0;0;0;0;0;0;2685;0;0;0;0;0;0;
31540;4928432;582938624;33566720;540700672;0;0;0;0;0;0;0;0;0;0;0;2645;0;0;0;0;0;0;
31541;2722075;582938624;33566720;540700672;0;0;0;0;0;0;0;0;0;0;0;3917;0;0;0;0;0;0;
31542;4781727;582938624;33566720;540700672;0;0;0;0;0;0;0;0;0;0;0;2985;0;0;0;0;0;0;
31543;2759966;582938624;33566720;540700672;0;0;0;0;0;0;0;0;0;0;0;3326;0;0;0;0;0;0;
31544;4616268;582938624;33566720;540700672;0;0;0;0;0;0;0;0;0;0;0;2785;0;0;0;0;0;0;
31545;2921850;582938624;33566720;540700672;0;0;0;0;0;0;0;0;0;0;0;3246;0;0;0;0;0;0;
31546;4456067;582938624;33566720;540700672;0;0;0;0;0;0;0;0;0;0;0;2865;0;0;0;0;0;0;
31547;3069397;582938624;33566720;540700672;0;0;0;0;0;0;0;0;0;0;0;3276;0;0;0;0;0;0;
31548;4428856;582938624;33566720;540700672;0;0;0;0;0;0;0;0;0;0;0;3306;0;0;0;0;0;0;
31549;2923112;582938624;33566720;540700672;0;0;0;0;0;0;0;0;0;0;0;3887;0;0;0;0;0;0;
31550;4623902;582938624;33566720;540700672;0;0;0;0;0;0;0;0;0;0;0;2675;0;0;0;0;0;0;
31551;2818706;582938624;33566720;540700672;0;0;0;0;0;0;0;0;0;0;0;2795;0;0;0;0;0;0;
31552;4537951;582938624;33566720;540700672;0;0;0;0;0;0;0;0;0;0;0;2535;0;0;0;0;0;0;
31553;3077091;582938624;33566720;540700672;0;0;0;0;0;0;0;0;0;0;0;2244;0;0;0;0;0;0;
31554;4408568;582938624;33566720;540700672;0;0;0;0;0;0;0;0;0;0;0;3016;0;0;0;0;0;0;
31555;2987162;582938624;33566720;540700672;0;0;0;0;0;0;0;0;0;0;0;3146;0;0;0;0;0;0;
31556;4405762;582938624;33566720;540700672;0;0;0;0;0;0;0;0;0;0;0;2525;0;0;0;0;0;0;
31557;3034932;582938624;33566720;540700672;0;0;0;0;0;0;0;0;0;0;0;3006;0;0;0;0;0;0;
31558;4939243;582938624;33566720;540700672;0;0;0;0;0;0;0;0;0;0;0;2635;0;0;0;0;0;0;
31559;3207535;582938624;33566720;540700672;0;0;0;0;0;0;0;0;0;0;0;4629;0;0;0;0;0;0;
31560;4730551;582938624;33566720;540700672;0;0;0;0;0;0;0;0;0;0;0;3817;0;0;0;0;0;0;
31561;3841825;582938624;33566720;540700672;0;0;0;0;0;0;0;0;0;0;0;4128;0;0;0;0;0;0;
31562;4963549;582938624;33566720;540700672;0;0;0;0;0;0;0;0;0;0;0;3667;0;0;0;0;0;0;
31563;4047551;582938624;33566720;540700672;0;0;0;0;0;0;0;0;0;0;0;3977;0;0;0;0;0;0;
31564;5041455;582938624;33566720;540700672;0;0;0;0;0;0;0;0;0;0;0;3967;0;0;0;0;0;0;
31565;3753870;582938624;33566720;540700672;0;0;0;0;0;0;0;0;0;0;0;3627;0;0;0;0;0;0;
31566;4892765;582938624;33566720;540700672;0;0;0;0;0;0;0;0;0;0;0;3577;0;0;0;0;0;0;
31567;3816938;582938624;33566720;540700672;0;0;0;0;0;0;0;0;0;0;0;3777;0;0;0;0;0;0;
31568;4816283;582938624;33566720;540700672;0;0;0;0;0;0;0;0;0;0;0;3586;0;0;0;0;0;0;
31569;3662880;582938624;33566720;540700672;0;0;0;0;0;0;0;0;0;0;0;3818;0;0;0;0;0;0;
31570;4944883;582938624;33566720;540700672;0;0;0;0;0;0;0;0;0;0;0;3747;0;0;0;0;0;0;
31571;3988851;582938624;33566720;540700672;0;0;0;0;0;0;0;0;0;0;0;3958;0;0;0;0;0;0;
31572;4641424;582938624;33566720;540700672;0;0;0;0;0;0;0;0;0;0;0;3757;0;0;0;0;0;0;
31573;2943921;582938624;33566720;540700672;0;0;0;0;0;0;0;0;0;0;0;3326;0;0;0;0;0;0;
31574;4663195;582938624;33566720;540700672;0;0;0;0;0;0;0;0;0;0;0;2825;0;0;0;0;0;0;
31575;2940344;582938624;33566720;540700672;0;0;0;0;0;0;0;0;0;0;0;2906;0;0;0;0;0;0;
31576;4378551;582938624;33566720;540700672;0;0;0;0;0;0;0;0;0;0;0;2836;0;0;0;0;0;0;
31577;2842190;582938624;33566720;540700672;0;0;0;0;0;0;0;0;0;0;0;3286;0;0;0;0;0;0;
31578;4502644;582938624;33566720;540700672;0;0;0;0;0;0;0;0;0;0;0;2715;0;0;0;0;0;0;
31579;3168522;582938624;33566720;540700672;0;0;0;0;0;0;0;0;0;0;0;2635;0;0;0;0;0;0;
31580;4598484;582938624;33566720;540700672;0;0;0;0;0;0;0;0;0;0;0;2415;0;0;0;0;0;0;
31581;3096056;582938624;33566720;540700672;0;0;0;0;0;0;0;0;0;0;0;3227;0;0;0;0;0;0;
31582;4420029;582938624;33566720;540700672;0;0;0;0;0;0;0;0;0;0;0;3146;0;0;0;0;0;0;
31583;2922281;582938624;33566720;540700672;0;0;0;0;0;0;0;0;0;0;0;2856;0;0;0;0;0;0;
31584;4414159;582938624;33566720;540700672;0;0;0;0;0;0;0;0;0;0;0;2966;0;0;0;0;0;0;
31585;2902713;582938624;33566720;540700672;0;0;0;0;0;0;0;0;0;0;0;2565;0;0;0;0;0;0;
31586;4383531;582938624;33566720;540700672;0;0;0;0;0;0;0;0;0;0;0;2635;0;0;0;0;0;0;
31587;2725100;582938624;33566720;540700672;0;0;0;0;0;0;0;0;0;0;0;3397;0;0;0;0;0;0;
31588;4681530;582938624;33566720;540700672;0;0;0;0;0;0;0;0;0;0;0;3186;0;0;0;0;0;0;
31589;2732795;582938624;33566720;540700672;0;0;0;0;0;0;0;0;0;0;0;2775;0;0;0;0;0;0;
31590;4673905;582938624;33566720;540700672;0;0;0;0;0;0;0;0;0;0;0;2625;0;0;0;0;0;0;
31591;2905149;582938624;33566720;540700672;0;0;0;0;0;0;0;0;0;0;0;2785;0;0;0;0;0;0;
31592;4408688;582938624;33566720;540700672;0;0;0;0;0;0;0;0;0;0;0;2905;0;0;0;0;0;0;
31593;3145058;582938624;33566720;540700672;0;0;0;0;0;0;0;0;0;0;0;3477;0;0;0;0;0;0;
31594;4687762;582938624;33566720;540700672;0;0;0;0;0;0;0;0;0;0;0;3166;0;0;0;0;0;0;
31595;2778040;582938624;33566720;540700672;0;0;0;0;0;0;0;0;0;0;0;2985;0;0;0;0;0;0;
31596;4683563;582938624;33566720;540700672;0;0;0;0;0;0;0;0;0;0;0;2274;0;0;0;0;0;0;
31597;3148495;582938624;33566720;540700672;0;0;0;0;0;0;0;0;0;0;0;2845;0;0;0;0;0;0;
31598;4461437;582938624;33566720;540700672;0;0;0;0;0;0;0;0;0;0;0;2745;0;0;0;0;0;0;
31599;2717596;582938624;33566720;540700672;0;0;0;0;0;0;0;0;0;0;0;2755;0;0;0;0;0;0;
31600;4330081;582938624;33566720;540700672;0;0;0;0;0;0;0;0;0;0;0;2705;0;0;0;0;0;0;
31601;2827563;582938624;33566720;540700672;0;0;0;0;0;0;0;0;0;0;0;3146;0;0;0;0;0;0;
31602;4414770;582938624;33566720;540700672;0;0;0;0;0;0;0;0;0;0;0;3196;0;0;0;0;0;0;
31603;3180905;582938624;33566720;540700672;0;0;0;0;0;0;0;0;0;0;0;4127;0;0;0;0;0;0;
31604;4362591;582938624;33566720;540700672;0;0;0;0;0;0;0;0;0;0;0;3386;0;0;0;0;0;0;
31605;2859452;582938624;33566720;540700672;0;0;0;0;0;0;0;0;0;0;0;3156;0;0;0;0;0;0;
31606;4663977;582938624;33566720;540700672;0;0;0;0;0;0;0;0;0;0;0;3266;0;0;0;0;0;0;
31607;3288487;582938624;33566720;540700672;0;0;0;0;0;0;0;0;0;0;0;3577;0;0;0;0;0;0;
31608;4763283;582938624;33566720;540700672;0;0;0;0;0;0;0;0;0;0;0;3577;0;0;0;0;0;0;
31609;3746816;582938624;33566720;540700672;0;0;0;0;0;0;0;0;0;0;0;4128;0;0;0;0;0;0;
31610;4616869;582938624;33566720;540700672;0;0;0;0;0;0;0;0;0;0;0;3186;0;0;0;0;0;0;
31611;3861382;582938624;33566720;540700672;0;0;0;0;0;0;0;0;0;0;0;3657;0;0;0;0;0;0;
31612;4806534;582938624;33566720;540700672;0;0;0;0;0;0;0;0;0;0;0;3667;0;0;0;0;0;0;
31613;3929390;582938624;33566720;540700672;0;0;0;0;0;0;0;0;0;0;0;4268;0;0;0;0;0;0;
31614;5017410;582938624;33566720;540700672;0;0;0;0;0;0;0;0;0;0;0;3948;0;0;0;0;0;0;
31615;3899984;582938624;33566720;540700672;0;0;0;0;0;0;0;0;0;0;0;3798;0;0;0;0;0;0;
31616;4760227;582938624;33566720;540700672;0;0;0;0;0;0;0;0;0;0;0;3677;0;0;0;0;0;0;
31617;4103065;582938624;33566720;540700672;0;0;0;0;0;0;0;0;0;0;0;4708;0;0;0;0;0;0;
31618;4735271;582938624;33566720;540700672;0;0;0;0;0;0;0;0;0;0;0;3667;0;0;0;0;0;0;
31619;3904092;582938624;33566720;540700672;0;0;0;0;0;0;0;0;0;0;0;4248;0;0;0;0;0;0;
31620;4740440;582938624;33566720;540700672;0;0;0;0;0;0;0;0;0;0;0;3607;0;0;0;0;0;0;
31621;3905825;582938624;33566720;540700672;0;0;0;0;0;0;0;0;0;0;0;3887;0;0;0;0;0;0;
31622;4847421;582938624;33566720;540700672;0;0;0;0;0;0;0;0;0;0;0;3577;0;0;0;0;0;0;
31623;3875377;582938624;33566720;540700672;0;0;0;0;0;0;0;0;0;0;0;3787;0;0;0;0;0;0;
31624;4781026;582938624;33566720;540700672;0;0;0;0;0;0;0;0;0;0;0;3867;0;0;0;0;0;0;
31625;3237141;582938624;33566720;540700672;0;0;0;0;0;0;0;0;0;0;0;2505;0;0;0;0;0;0;
31626;4453402;582938624;33566720;540700672;0;0;0;0;0;0;0;0;0;0;0;2444;0;0;0;0;0;0;
31627;2958438;582938624;33566720;540700672;0;0;0;0;0;0;0;0;0;0;0;2484;0;0;0;0;0;0;
31628;4450256;582938624;33566720;540700672;0;0;0;0;0;0;0;0;0;0;0;3377;0;0;0;0;0;0;
31629;2817354;582938624;33566720;540700672;0;0;0;0;0;0;0;0;0;0;0;3396;0;0;0;0;0;0;
31630;4500760;582938624;33566720;540700672;0;0;0;0;0;0;0;0;0;0;0;2996;0;0;0;0;0;0;
31631;2997091;582938624;33566720;540700672;0;0;0;0;0;0;0;0;0;0;0;3045;0;0;0;0;0;0;
31632;4374804;582938624;33566720;540700672;0;0;0;0;0;0;0;0;0;0;0;3126;0;0;0;0;0;0;
31633;3005066;582938624;33566720;540700672;0;0;0;0;0;0;0;0;0;0;0;2765;0;0;0;0;0;0;
31634;4568849;582938624;33566720;540700672;0;0;0;0;0;0;0;0;0;0;0;3005;0;0;0;0;0;0;
31635;2815971;582938624;33566720;540700672;0;0;0;0;0;0;0;0;0;0;0;3597;0;0;0;0;0;0;
31636;4421572;582938624;33566720;540700672;0;0;0;0;0;0;0;0;0;0;0;2865;0;0;0;0;0;0;
31637;2799280;582938624;33566720;540700672;0;0;0;0;0;0;0;0;0;0;0;3256;0;0;0;0;0;0;
31638;4763654;582938624;33566720;540700672;0;0;0;0;0;0;0;0;0;0;0;2565;0;0;0;0;0;0;
31639;3043889;582938624;33566720;540700672;0;0;0;0;0;0;0;0;0;0;0;3026;0;0;0;0;0;0;
31640;4532711;582938624;33566720;540700672;0;0;0;0;0;0;0;0;0;0;0;2525;0;0;0;0;0;0;
31641;2751450;582938624;33566720;540700672;0;0;0;0;0;0;0;0;0;0;0;2644;0;0;0;0;0;0;
31642;4422154;582938624;33566720;540700672;0;0;0;0;0;0;0;0;0;0;0;3035;0;0;0;0;0;0;
31643;2686769;582938624;33566720;540700672;0;0;0;0;0;0;0;0;0;0;0;2564;0;0;0;0;0;0;
31644;4567355;582938624;33566720;540700672;0;0;0;0;0;0;0;0;0;0;0;2415;0;0;0;0;0;0;
31645;2951816;582938624;33566720;540700672;0;0;0;0;0;0;0;0;0;0;0;3136;0;0;0;0;0;0;
31646;4467067;582938624;33566720;540700672;0;0;0;0;0;0;0;0;0;0;0;2485;0;0;0;0;0;0;
31647;3029982;582938624;33566720;540700672;0;0;0;0;0;0;0;0;0;0;0;3136;0;0;0;0;0;0;
31648;4575611;582938624;33566720;540700672;0;0;0;0;0;0;0;0;0;0;0;2885;0;0;0;0;0;0;
31649;3173702;582938624;33566720;540700672;0;0;0;0;0;0;0;0;0;0;0;3637;0;0;0;0;0;0;
31650;4830328;582938624;33566720;540700672;0;0;0;0;0;0;0;0;0;0;0;3326;0;0;0;0;0;0;
31651;2936737;582938624;33566720;540700672;0;0;0;0;0;0;0;0;0;0;0;3116;0;0;0;0;0;0;
31652;4898436;582938624;33566720;540700672;0;0;0;0;0;0;0;0;0;0;0;2735;0;0;0;0;0;0;
31653;3151220;582938624;33566720;540700672;0;0;0;0;0;0;0;0;0;0;0;3777;0;0;0;0;0;0;
31654;5566830;582938624;33566720;540700672;0;0;0;0;0;0;0;0;0;0;0;3266;0;0;0;0;0;0;
31655;3758409;582938624;33566720;540700672;0;0;0;0;0;0;0;0;0;0;0;3867;0;0;0;0;0;0;
31656;4564791;582938624;33566720;540700672;0;0;0;0;0;0;0;0;0;0;0;3116;0;0;0;0;0;0;
31657;3889815;582938624;33566720;540700672;0;0;0;0;0;0;0;0;0;0;0;4819;0;0;0;0;0;0;
31658;4713500;582938624;33566720;540700672;0;0;0;0;0;0;0;0;0;0;0;3757;0;0;0;0;0;0;
31659;3926404;582938624;33566720;540700672;0;0;0;0;0;0;0;0;0;0;0;3496;0;0;0;0;0;0;
31660;4940585;582938624;33566720;540700672;0;0;0;0;0;0;0;0;0;0;0;3186;0;0;0;0;0;0;
31661;3541962;582938624;33566720;540700672;0;0;0;0;0;0;0;0;0;0;0;3636;0;0;0;0;0;0;
31662;4726424;582938624;33566720;540700672;0;0;0;0;0;0;0;0;0;0;0;4238;0;0;0;0;0;0;
31663;3858597;582938624;33566720;540700672;0;0;0;0;0;0;0;0;0;0;0;3998;0;0;0;0;0;0;
31664;4591671;582938624;33566720;540700672;0;0;0;0;0;0;0;0;0;0;0;2995;0;0;0;0;0;0;
31665;3622433;582938624;33566720;540700672;0;0;0;0;0;0;0;0;0;0;0;4429;0;0;0;0;0;0;
31666;4611438;582938624;33566720;540700672;0;0;0;0;0;0;0;0;0;0;0;2816;0;0;0;0;0;0;
31667;3649434;582938624;33566720;540700672;0;0;0;0;0;0;0;0;0;0;0;5320;0;0;0;0;0;0;
31668;4627368;582938624;33566720;540700672;0;0;0;0;0;0;0;0;0;0;0;2905;0;0;0;0;0;0;
31669;3684870;582938624;33566720;540700672;0;0;0;0;0;0;0;0;0;0;0;3797;0;0;0;0;0;0;
31670;4983756;582938624;33566720;540700672;0;0;0;0;0;0;0;0;0;0;0;3257;0;0;0;0;0;0;
31671;3396189;582938624;33566720;540700672;0;0;0;0;0;0;0;0;0;0;0;3426;0;0;0;0;0;0;
31672;5794557;582938624;33566720;540700672;0;0;0;0;0;0;0;0;0;0;0;4098;0;0;0;0;0;0;
31673;3767666;582938624;33566720;540700672;0;0;0;0;0;0;0;0;0;0;0;4058;0;0;0;0;0;0;
31674;5133427;582938624;33566720;540700672;0;0;0;0;0;0;0;0;0;0;0;4579;0;0;0;0;0;0;
31675;3509873;582938624;33566720;540700672;0;0;0;0;0;0;0;0;0;0;0;3277;0;0;0;0;0;0;
31676;4925317;582938624;33566720;540700672;0;0;0;0;0;0;0;0;0;0;0;4339;0;0;0;0;0;0;
31677;3836525;582938624;33566720;540700672;0;0;0;0;0;0;0;0;0;0;0;4187;0;0;0;0;0;0;
31678;4880833;582938624;33566720;540700672;0;0;0;0;0;0;0;0;0;0;0;3467;0;0;0;0;0;0;
31679;3821447;582938624;33566720;540700672;0;0;0;0;0;0;0;0;0;0;0;5040;0;0;0;0;0;0;
31680;4847842;582938624;33566720;540700672;0;0;0;0;0;0;0;0;0;0;0;3036;0;0;0;0;0;0;
31681;4135316;582938624;33566720;540700672;0;0;0;0;0;0;0;0;0;0;0;4568;0;0;0;0;0;0;
31682;5380641;582938624;33566720;540700672;0;0;0;0;0;0;0;0;0;0;0;5250;0;0;0;0;0;0;
31683;4963759;582938624;33566720;540700672;0;0;0;0;0;0;0;0;0;0;0;3046;0;0;0;0;0;0;
31684;5282126;582938624;33566720;540700672;0;0;0;0;0;0;0;0;0;0;0;3978;0;0;0;0;0;0;
31685;3981227;582938624;33566720;540700672;0;0;0;0;0;0;0;0;0;0;0;3417;0;0;0;0;0;0;
31686;5133737;582938624;33566720;540700672;0;0;0;0;0;0;0;0;0;0;0;4870;0;0;0;0;0;0;
31687;3358649;582938624;33566720;540700672;0;0;0;0;0;0;0;0;0;0;0;3768;0;0;0;0;0;0;
31688;4559210;582938624;33566720;540700672;0;0;0;0;0;0;0;0;0;0;0;2726;0;0;0;0;0;0;
31689;2964970;582938624;33566720;540700672;0;0;0;0;0;0;0;0;0;0;0;2745;0;0;0;0;0;0;
31690;4527060;582938624;33566720;540700672;0;0;0;0;0;0;0;0;0;0;0;3326;0;0;0;0;0;0;
31691;2942619;582938624;33566720;540700672;0;0;0;0;0;0;0;0;0;0;0;2886;0;0;0;0;0;0;
31692;4604385;582938624;33566720;540700672;0;0;0;0;0;0;0;0;0;0;0;3006;0;0;0;0;0;0;
31693;3004074;582938624;33566720;540700672;0;0;0;0;0;0;0;0;0;0;0;3076;0;0;0;0;0;0;
31694;4391095;582938624;33566720;540700672;0;0;0;0;0;0;0;0;0;0;0;2886;0;0;0;0;0;0;
31695;3202837;582938624;33566720;540700672;0;0;0;0;0;0;0;0;0;0;0;3356;0;0;0;0;0;0;
31696;4514466;582938624;33566720;540700672;0;0;0;0;0;0;0;0;0;0;0;2856;0;0;0;0;0;0;
31697;2916269;582938624;33566720;540700672;0;0;0;0;0;0;0;0;0;0;0;2895;0;0;0;0;0;0;
31698;4418066;582938624;33566720;540700672;0;0;0;0;0;0;0;0;0;0;0;2655;0;0;0;0;0;0;
31699;2999726;582938624;33566720;540700672;0;0;0;0;0;0;0;0;0;0;0;3176;0;0;0;0;0;0;
31700;4515077;582938624;33566720;540700672;0;0;0;0;0;0;0;0;0;0;0;2604;0;0;0;0;0;0;
31701;2966003;582938624;33566720;540700672;0;0;0;0;0;0;0;0;0;0;0;3126;0;0;0;0;0;0;
31702;4680187;582938624;33566720;540700672;0;0;0;0;0;0;0;0;0;0;0;2685;0;0;0;0;0;0;
31703;3045682;582938624;33566720;540700672;0;0;0;0;0;0;0;0;0;0;0;2815;0;0;0;0;0;0;
31704;4440828;582938624;33566720;540700672;0;0;0;0;0;0;0;0;0;0;0;2414;0;0;0;0;0;0;
31705;3124069;582938624;33566720;540700672;0;0;0;0;0;0;0;0;0;0;0;2975;0;0;0;0;0;0;
31706;4659238;582938624;33566720;540700672;0;0;0;0;0;0;0;0;0;0;0;2495;0;0;0;0;0;0;
31707;2803478;582938624;33566720;540700672;0;0;0;0;0;0;0;0;0;0;0;2845;0;0;0;0;0;0;
31708;4519586;582938624;33566720;540700672;0;0;0;0;0;0;0;0;0;0;0;2665;0;0;0;0;0;0;
31709;3281594;582938624;33566720;540700672;0;0;0;0;0;0;0;0;0;0;0;3767;0;0;0;0;0;0;
31710;5041815;582938624;33566720;540700672;0;0;0;0;0;0;0;0;0;0;0;3567;0;0;0;0;0;0;
31711;3910183;582938624;33566720;540700672;0;0;0;0;0;0;0;0;0;0;0;4148;0;0;0;0;0;0;
31712;4780776;582938624;33566720;540700672;0;0;0;0;0;0;0;0;0;0;0;4008;0;0;0;0;0;0;
31713;3762727;582938624;33566720;540700672;0;0;0;0;0;0;0;0;0;0;0;3767;0;0;0;0;0;0;
31714;4944603;582938624;33566720;540700672;0;0;0;0;0;0;0;0;0;0;0;3496;0;0;0;0;0;0;
31715;4485873;582938624;33566720;540700672;0;0;0;0;0;0;0;0;0;0;0;3517;0;0;0;0;0;0;
31716;4606198;582938624;33566720;540700672;0;0;0;0;0;0;0;0;0;0;0;3196;0;0;0;0;0;0;
31717;3965177;582938624;33566720;540700672;0;0;0;0;0;0;0;0;0;0;0;3507;0;0;0;0;0;0;
31718;4644189;582938624;33566720;540700672;0;0;0;0;0;0;0;0;0;0;0;3226;0;0;0;0;0;0;
31719;4089139;582938624;33566720;540700672;0;0;0;0;0;0;0;0;0;0;0;3626;0;0;0;0;0;0;
31720;4801976;582938624;33566720;540700672;0;0;0;0;0;0;0;0;0;0;0;3697;0;0;0;0;0;0;
31721;4051568;582938624;33566720;540700672;0;0;0;0;0;0;0;0;0;0;0;3957;0;0;0;0;0;0;
31722;4568387;582938624;33566720;540700672;0;0;0;0;0;0;0;0;0;0;0;3387;0;0;0;0;0;0;
31723;3534548;582938624;33566720;540700672;0;0;0;0;0;0;0;0;0;0;0;3136;0;0;0;0;0;0;
31724;4808518;582938624;33566720;540700672;0;0;0;0;0;0;0;0;0;0;0;2285;0;0;0;0;0;0;
31725;2890551;582938624;33566720;540700672;0;0;0;0;0;0;0;0;0;0;0;2975;0;0;0;0;0;0;
31726;5260906;582938624;33566720;540700672;0;0;0;0;0;0;0;0;0;0;0;2545;0;0;0;0;0;0;
31727;4250551;582938624;33566720;540700672;0;0;0;0;0;0;0;0;0;0;0;4047;0;0;0;0;0;0;
31728;4658236;582938624;33566720;540700672;0;0;0;0;0;0;0;0;0;0;0;3818;0;0;0;0;0;0;
31729;3916836;582938624;33566720;540700672;0;0;0;0;0;0;0;0;0;0;0;4028;0;0;0;0;0;0;
31730;4806394;582938624;33566720;540700672;0;0;0;0;0;0;0;0;0;0;0;3577;0;0;0;0;0;0;
31731;4284084;582938624;33566720;540700672;0;0;0;0;0;0;0;0;0;0;0;3607;0;0;0;0;0;0;
31732;4870424;582938624;33566720;540700672;0;0;0;0;0;0;0;0;0;0;0;3456;0;0;0;0;0;0;
31733;3928206;582938624;33566720;540700672;0;0;0;0;0;0;0;0;0;0;0;3717;0;0;0;0;0;0;
31734;5004335;582938624;33566720;540700672;0;0;0;0;0;0;0;0;0;0;0;3937;0;0;0;0;0;0;
31735;2945023;582938624;33566720;540700672;0;0;0;0;0;0;0;0;0;0;0;3386;0;0;0;0;0;0;
31736;4354246;582938624;33566720;540700672;0;0;0;0;0;0;0;0;0;0;0;3095;0;0;0;0;0;0;
31737;2933001;582938624;33566720;540700672;0;0;0;0;0;0;0;0;0;0;0;2935;0;0;0;0;0;0;
31738;4568678;582938624;33566720;540700672;0;0;0;0;0;0;0;0;0;0;0;2544;0;0;0;0;0;0;
31739;2859733;582938624;33566720;540700672;0;0;0;0;0;0;0;0;0;0;0;2966;0;0;0;0;0;0;
31740;4607661;582938624;33566720;540700672;0;0;0;0;0;0;0;0;0;0;0;2385;0;0;0;0;0;0;
31741;2914496;582938624;33566720;540700672;0;0;0;0;0;0;0;0;0;0;0;2905;0;0;0;0;0;0;
31742;4525697;582938624;33566720;540700672;0;0;0;0;0;0;0;0;0;0;0;2705;0;0;0;0;0;0;
31743;3443898;582938624;33566720;540700672;0;0;0;0;0;0;0;0;0;0;0;3396;0;0;0;0;0;0;
31744;4395143;582938624;33566720;540700672;0;0;0;0;0;0;0;0;0;0;0;2465;0;0;0;0;0;0;
31745;4056728;582938624;33566720;540700672;0;0;0;0;0;0;0;0;0;0;0;3357;0;0;0;0;0;0;
31746;4590519;582938624;33566720;540700672;0;0;0;0;0;0;0;0;0;0;0;2685;0;0;0;0;0;0;
31747;2966523;582938624;33566720;540700672;0;0;0;0;0;0;0;0;0;0;0;3366;0;0;0;0;0;0;
31748;4643188;582938624;33566720;540700672;0;0;0;0;0;0;0;0;0;0;0;2635;0;0;0;0;0;0;
31749;11999574;582938624;33566720;540700672;0;0;0;0;0;0;0;0;0;0;0;3607;0;0;0;0;0;0;
31750;5031947;582938624;33566720;540700672;0;0;0;0;0;0;0;0;0;0;0;2915;0;0;0;0;0;0;
31751;3314165;582938624;33566720;540700672;0;0;0;0;0;0;0;0;0;0;0;2385;0;0;0;0;0;0;
31752;4596140;582938624;33566720;540700672;0;0;0;0;0;0;0;0;0;0;0;3076;0;0;0;0;0;0;
31753;3082921;582938624;33566720;540700672;0;0;0;0;0;0;0;0;0;0;0;3166;0;0;0;0;0;0;
31754;4341792;582938624;33566720;540700672;0;0;0;0;0;0;0;0;0;0;0;2475;0;0;0;0;0;0;
31755;2816242;582938624;33566720;540700672;0;0;0;0;0;0;0;0;0;0;0;3426;0;0;0;0;0;0;
31756;4352933;582938624;33566720;540700672;0;0;0;0;0;0;0;0;0;0;0;2796;0;0;0;0;0;0;
31757;2744527;582938624;33566720;540700672;0;0;0;0;0;0;0;0;0;0;0;2906;0;0;0;0;0;0;
31758;4482777;582938624;33566720;540700672;0;0;0;0;0;0;0;0;0;0;0;3046;0;0;0;0;0;0;
31759;2824067;582938624;33566720;540700672;0;0;0;0;0;0;0;0;0;0;0;2565;0;0;0;0;0;0;
31760;4498747;582938624;33566720;540700672;0;0;0;0;0;0;0;0;0;0;0;2665;0;0;0;0;0;0;
31761;2986080;582938624;33566720;540700672;0;0;0;0;0;0;0;0;0;0;0;2926;0;0;0;0;0;0;
31762;4418747;582938624;33566720;540700672;0;0;0;0;0;0;0;0;0;0;0;2675;0;0;0;0;0;0;
31763;3100384;582938624;33566720;540700672;0;0;0;0;0;0;0;0;0;0;0;3877;0;0;0;0;0;0;
31764;4635113;582938624;33566720;540700672;0;0;0;0;0;0;0;0;0;0;0;2805;0;0;0;0;0;0;
31765;3075408;582938624;33566720;540700672;0;0;0;0;0;0;0;0;0;0;0;3977;0;0;0;0;0;0;
31766;4655040;582938624;33566720;540700672;0;0;0;0;0;0;0;0;0;0;0;2705;0;0;0;0;0;0;
31767;2903335;582938624;33566720;540700672;0;0;0;0;0;0;0;0;0;0;0;3055;0;0;0;0;0;0;
31768;4466627;582938624;33566720;540700672;0;0;0;0;0;0;0;0;0;0;0;3015;0;0;0;0;0;0;
31769;2891552;582938624;33566720;540700672;0;0;0;0;0;0;0;0;0;0;0;3126;0;0;0;0;0;0;
31770;4459784;582938624;33566720;540700672;0;0;0;0;0;0;0;0;0;0;0;2335;0;0;0;0;0;0;
31771;2671500;582938624;33566720;540700672;0;0;0;0;0;0;0;0;0;0;0;2766;0;0;0;0;0;0;
31772;4499328;582938624;33566720;540700672;0;0;0;0;0;0;0;0;0;0;0;2816;0;0;0;0;0;0;
31773;3052925;582938624;33566720;540700672;0;0;0;0;0;0;0;0;0;0;0;3166;0;0;0;0;0;0;
31774;4515508;582938624;33566720;540700672;0;0;0;0;0;0;0;0;0;0;0;2675;0;0;0;0;0;0;
31775;2750799;582938624;33566720;540700672;0;0;0;0;0;0;0;0;0;0;0;3105;0;0;0;0;0;0;
31776;4526890;582938624;33566720;540700672;0;0;0;0;0;0;0;0;0;0;0;2365;0;0;0;0;0;0;
31777;2828374;582938624;33566720;540700672;0;0;0;0;0;0;0;0;0;0;0;2895;0;0;0;0;0;0;
31778;4523313;582938624;33566720;540700672;0;0;0;0;0;0;0;0;0;0;0;2384;0;0;0;0;0;0;
31779;2883828;582938624;33566720;540700672;0;0;0;0;0;0;0;0;0;0;0;2685;0;0;0;0;0;0;
31780;4466155;582938624;33566720;540700672;0;0;0;0;0;0;0;0;0;0;0;2184;0;0;0;0;0;0;
31781;3672488;582938624;33566720;540700672;0;0;0;0;0;0;0;0;0;0;0;3567;0;0;0;0;0;0;
31782;4736893;582938624;33566720;540700672;0;0;0;0;0;0;0;0;0;0;0;3366;0;0;0;0;0;0;
31783;3898421;582938624;33566720;540700672;0;0;0;0;0;0;0;0;0;0;0;3987;0;0;0;0;0;0;
31784;5217785;582938624;33566720;540700672;0;0;0;0;0;0;0;0;0;0;0;3677;0;0;0;0;0;0;
31785;3264593;582938624;33566720;540700672;0;0;0;0;0;0;0;0;0;0;0;3246;0;0;0;0;0;0;
31786;4534744;582938624;33566720;540700672;0;0;0;0;0;0;0;0;0;0;0;2855;0;0;0;0;0;0;
31787;2909817;582938624;33566720;540700672;0;0;0;0;0;0;0;0;0;0;0;3136;0;0;0;0;0;0;
31788;4417114;582938624;33566720;540700672;0;0;0;0;0;0;0;0;0;0;0;2935;0;0;0;0;0;0;
31789;3082310;582938624;33566720;540700672;0;0;0;0;0;0;0;0;0;0;0;3337;0;0;0;0;0;0;
31790;4648037;582938624;33566720;540700672;0;0;0;0;0;0;0;0;0;0;0;2855;0;0;0;0;0;0;
31791;2939122;582938624;33566720;540700672;0;0;0;0;0;0;0;0;0;0;0;3086;0;0;0;0;0;0;
31792;4503255;582938624;33566720;540700672;0;0;0;0;0;0;0;0;0;0;0;3326;0;0;0;0;0;0;
31793;3061432;582938624;33566720;540700672;0;0;0;0;0;0;0;0;0;0;0;3346;0;0;0;0;0;0;
31794;4500190;582938624;33566720;540700672;0;0;0;0;0;0;0;0;0;0;0;2836;0;0;0;0;0;0;
31795;2899949;582938624;33566720;540700672;0;0;0;0;0;0;0;0;0;0;0;2895;0;0;0;0;0;0;
31796;4526589;582938624;33566720;540700672;0;0;0;0;0;0;0;0;0;0;0;3016;0;0;0;0;0;0;
31797;2887215;582938624;33566720;540700672;0;0;0;0;0;0;0;0;0;0;0;3356;0;0;0;0;0;0;
31798;4529534;582938624;33566720;540700672;0;0;0;0;0;0;0;0;0;0;0;2826;0;0;0;0;0;0;
31799;2987172;582938624;33566720;540700672;0;0;0;0;0;0;0;0;0;0;0;3597;0;0;0;0;0;0;
31800;4885793;582938624;33566720;540700672;0;0;0;0;0;0;0;0;0;0;0;2996;0;0;0;0;0;0;
31801;3108870;582938624;33566720;540700672;0;0;0;0;0;0;0;0;0;0;0;3196;0;0;0;0;0;0;
31802;4645532;582938624;33566720;540700672;0;0;0;0;0;0;0;0;0;0;0;3176;0;0;0;0;0;0;
31803;2988384;582938624;33566720;540700672;0;0;0;0;0;0;0;0;0;0;0;3477;0;0;0;0;0;0;
31804;4542799;582938624;33566720;540700672;0;0;0;0;0;0;0;0;0;0;0;2725;0;0;0;0;0;0;
31805;2855515;582938624;33566720;540700672;0;0;0;0;0;0;0;0;0;0;0;3136;0;0;0;0;0;0;
31806;4462930;582938624;33566720;540700672;0;0;0;0;0;0;0;0;0;0;0;2485;0;0;0;0;0;0;
31807;2871926;582938624;33566720;540700672;0;0;0;0;0;0;0;0;0;0;0;2615;0;0;0;0;0;0;
31808;4488117;582938624;33566720;540700672;0;0;0;0;0;0;0;0;0;0;0;2484;0;0;0;0;0;0;
31809;2828926;582938624;33566720;540700672;0;0;0;0;0;0;0;0;0;0;0;3176;0;0;0;0;0;0;
31810;4421532;582938624;33566720;540700672;0;0;0;0;0;0;0;0;0;0;0;2976;0;0;0;0;0;0;
31811;3174023;582938624;33566720;540700672;0;0;0;0;0;0;0;0;0;0;0;3096;0;0;0;0;0;0;
31812;4504207;582938624;33566720;540700672;0;0;0;0;0;0;0;0;0;0;0;2505;0;0;0;0;0;0;
31813;2992212;582938624;33566720;540700672;0;0;0;0;0;0;0;0;0;0;0;2855;0;0;0;0;0;0;
31814;4491573;582938624;33566720;540700672;0;0;0;0;0;0;0;0;0;0;0;2544;0;0;0;0;0;0;
31815;3210621;582938624;33566720;540700672;0;0;0;0;0;0;0;0;0;0;0;3427;0;0;0;0;0;0;
31816;4371718;582938624;33566720;540700672;0;0;0;0;0;0;0;0;0;0;0;2775;0;0;0;0;0;0;
31817;3203648;582938624;33566720;540700672;0;0;0;0;0;0;0;0;0;0;0;3596;0;0;0;0;0;0;
31818;4792558;582938624;33566720;540700672;0;0;0;0;0;0;0;0;0;0;0;2956;0;0;0;0;0;0;
31819;3188941;582938624;33566720;540700672;0;0;0;0;0;0;0;0;0;0;0;4068;0;0;0;0;0;0;
31820;4665329;582938624;33566720;540700672;0;0;0;0;0;0;0;0;0;0;0;2775;0;0;0;0;0;0;
31821;2988314;582938624;33566720;540700672;0;0;0;0;0;0;0;0;0;0;0;3397;0;0;0;0;0;0;
31822;4818046;582938624;33566720;540700672;0;0;0;0;0;0;0;0;0;0;0;2926;0;0;0;0;0;0;
31823;3035663;582938624;33566720;540700672;0;0;0;0;0;0;0;0;0;0;0;3367;0;0;0;0;0;0;
31824;4496683;582938624;33566720;540700672;0;0;0;0;0;0;0;0;0;0;0;2815;0;0;0;0;0;0;
31825;3339583;582938624;33566720;540700672;0;0;0;0;0;0;0;0;0;0;0;4939;0;0;0;0;0;0;
31826;4830119;582938624;33566720;540700672;0;0;0;0;0;0;0;0;0;0;0;3336;0;0;0;0;0;0;
31827;3643312;582938624;33566720;540700672;0;0;0;0;0;0;0;0;0;0;0;3006;0;0;0;0;0;0;
31828;5234768;582938624;33566720;540700672;0;0;0;0;0;0;0;0;0;0;0;3606;0;0;0;0;0;0;
31829;4285296;582938624;33566720;540700672;0;0;0;0;0;0;0;0;0;0;0;4558;0;0;0;0;0;0;
31830;4703140;582938624;33566720;540700672;0;0;0;0;0;0;0;0;0;0;0;3858;0;0;0;0;0;0;
31831;2865003;582938624;33566720;540700672;0;0;0;0;0;0;0;0;0;0;0;3086;0;0;0;0;0;0;
31832;4412104;582938624;33566720;540700672;0;0;0;0;0;0;0;0;0;0;0;2766;0;0;0;0;0;0;
31833;2908584;582938624;33566720;540700672;0;0;0;0;0;0;0;0;0;0;0;3036;0;0;0;0;0;0;
31834;4765217;582938624;33566720;540700672;0;0;0;0;0;0;0;0;0;0;0;3116;0;0;0;0;0;0;
31835;2639380;582938624;33566720;540700672;0;0;0;0;0;0;0;0;0;0;0;3326;0;0;0;0;0;0;
31836;4391446;582938624;33566720;540700672;0;0;0;0;0;0;0;0;0;0;0;3166;0;0;0;0;0;0;
31837;2712688;582938624;33566720;540700672;0;0;0;0;0;0;0;0;0;0;0;2755;0;0;0;0;0;0;
31838;4508745;582938624;33566720;540700672;0;0;0;0;0;0;0;0;0;0;0;2755;0;0;0;0;0;0;
31839;3174964;582938624;33566720;540700672;0;0;0;0;0;0;0;0;0;0;0;2786;0;0;0;0;0;0;
31840;4692651;582938624;33566720;540700672;0;0;0;0;0;0;0;0;0;0;0;2855;0;0;0;0;0;0;
31841;3663440;582938624;33566720;540700672;0;0;0;0;0;0;0;0;0;0;0;4138;0;0;0;0;0;0;
31842;4749677;582938624;33566720;540700672;0;0;0;0;0;0;0;0;0;0;0;4148;0;0;0;0;0;0;
31843;3795608;582938624;33566720;540700672;0;0;0;0;0;0;0;0;0;0;0;4178;0;0;0;0;0;0;
31844;4688422;582938624;33566720;540700672;0;0;0;0;0;0;0;0;0;0;0;4088;0;0;0;0;0;0;
31845;4069783;582938624;33566720;540700672;0;0;0;0;0;0;0;0;0;0;0;4158;0;0;0;0;0;0;
31846;4964400;582938624;33566720;540700672;0;0;0;0;0;0;0;0;0;0;0;4007;0;0;0;0;0;0;
31847;3878544;582938624;33566720;540700672;0;0;0;0;0;0;0;0;0;0;0;4128;0;0;0;0;0;0;
31848;4642646;582938624;33566720;540700672;0;0;0;0;0;0;0;0;0;0;0;3887;0;0;0;0;0;0;
31849;3891298;582938624;33566720;540700672;0;0;0;0;0;0;0;0;0;0;0;4067;0;0;0;0;0;0;
31850;4784242;582938624;33566720;540700672;0;0;0;0;0;0;0;0;0;0;0;3537;0;0;0;0;0;0;
31851;3644505;582938624;33566720;540700672;0;0;0;0;0;0;0;0;0;0;0;3526;0;0;0;0;0;0;
31852;5017800;582938624;33566720;540700672;0;0;0;0;0;0;0;0;0;0;0;2665;0;0;0;0;0;0;
31853;2764064;582938624;33566720;540700672;0;0;0;0;0;0;0;0;0;0;0;2966;0;0;0;0;0;0;
31854;4714251;582938624;33566720;540700672;0;0;0;0;0;0;0;0;0;0;0;2825;0;0;0;0;0;0;
31855;2868300;582938624;33566720;540700672;0;0;0;0;0;0;0;0;0;0;0;3376;0;0;0;0;0;0;
31856;4480242;582938624;33566720;540700672;0;0;0;0;0;0;0;0;0;0;0;2876;0;0;0;0;0;0;
31857;2993895;582938624;33566720;540700672;0;0;0;0;0;0;0;0;0;0;0;2985;0;0;0;0;0;0;
31858;4660159;582938624;33566720;540700672;0;0;0;0;0;0;0;0;0;0;0;2695;0;0;0;0;0;0;
31859;3708645;582938624;33566720;540700672;0;0;0;0;0;0;0;0;0;0;0;4128;0;0;0;0;0;0;
31860;4830399;582938624;33566720;540700672;0;0;0;0;0;0;0;0;0;0;0;4008;0;0;0;0;0;0;
31861;3897870;582938624;33566720;540700672;0;0;0;0;0;0;0;0;0;0;0;4398;0;0;0;0;0;0;
31862;5262569;582938624;33566720;540700672;0;0;0;0;0;0;0;0;0;0;0;3687;0;0;0;0;0;0;
31863;3975145;582938624;33566720;540700672;0;0;0;0;0;0;0;0;0;0;0;4178;0;0;0;0;0;0;
31864;4881365;582938624;33566720;540700672;0;0;0;0;0;0;0;0;0;0;0;4058;0;0;0;0;0;0;
31865;4094439;582938624;33566720;540700672;0;0;0;0;0;0;0;0;0;0;0;4589;0;0;0;0;0;0;
31866;4878660;582938624;33566720;540700672;0;0;0;0;0;0;0;0;0;0;0;3987;0;0;0;0;0;0;
31867;4109116;582938624;33566720;540700672;0;0;0;0;0;0;0;0;0;0;0;4188;0;0;0;0;0;0;
31868;4867137;582938624;33566720;540700672;0;0;0;0;0;0;0;0;0;0;0;3536;0;0;0;0;0;0;
31869;4067017;582938624;33566720;540700672;0;0;0;0;0;0;0;0;0;0;0;4949;0;0;0;0;0;0;
31870;5028441;582938624;33566720;540700672;0;0;0;0;0;0;0;0;0;0;0;3597;0;0;0;0;0;0;
31871;4008458;582938624;33566720;540700672;0;0;0;0;0;0;0;0;0;0;0;3827;0;0;0;0;0;0;
31872;4750770;582938624;33566720;540700672;0;0;0;0;0;0;0;0;0;0;0;4598;0;0;0;0;0;0;
31873;4151045;582938624;33566720;540700672;0;0;0;0;0;0;0;0;0;0;0;4338;0;0;0;0;0;0;
31874;4870694;582938624;33566720;540700672;0;0;0;0;0;0;0;0;0;0;0;4067;0;0;0;0;0;0;
31875;3915914;582938624;33566720;540700672;0;0;0;0;0;0;0;0;0;0;0;3837;0;0;0;0;0;0;
31876;4983766;582938624;33566720;540700672;0;0;0;0;0;0;0;0;0;0;0;4018;0;0;0;0;0;0;
31877;3844961;582938624;33566720;540700672;0;0;0;0;0;0;0;0;0;0;0;3877;0;0;0;0;0;0;
31878;4956285;582938624;33566720;540700672;0;0;0;0;0;0;0;0;0;0;0;4288;0;0;0;0;0;0;
31879;3763809;582938624;33566720;540700672;0;0;0;0;0;0;0;0;0;0;0;3446;0;0;0;0;0;0;
31880;4867208;582938624;33566720;540700672;0;0;0;0;0;0;0;0;0;0;0;3266;0;0;0;0;0;0;
31881;3873444;582938624;33566720;540700672;0;0;0;0;0;0;0;0;0;0;0;3587;0;0;0;0;0;0;
31882;4693322;582938624;33566720;540700672;0;0;0;0;0;0;0;0;0;0;0;3346;0;0;0;0;0;0;
31883;3820935;582938624;33566720;540700672;0;0;0;0;0;0;0;0;0;0;0;3767;0;0;0;0;0;0;
31884;4880793;582938624;33566720;540700672;0;0;0;0;0;0;0;0;0;0;0;3487;0;0;0;0;0;0;
31885;3538296;582938624;33566720;540700672;0;0;0;0;0;0;0;0;0;0;0;3447;0;0;0;0;0;0;
31886;4648297;582938624;33566720;540700672;0;0;0;0;0;0;0;0;0;0;0;2625;0;0;0;0;0;0;
31887;2842530;582938624;33566720;540700672;0;0;0;0;0;0;0;0;0;0;0;3106;0;0;0;0;0;0;
31888;4449865;582938624;33566720;540700672;0;0;0;0;0;0;0;0;0;0;0;2234;0;0;0;0;0;0;
31889;3065569;582938624;33566720;540700672;0;0;0;0;0;0;0;0;0;0;0;2836;0;0;0;0;0;0;
31890;4455546;582938624;33566720;540700672;0;0;0;0;0;0;0;0;0;0;0;2925;0;0;0;0;0;0;
31891;3027227;582938624;33566720;540700672;0;0;0;0;0;0;0;0;0;0;0;3687;0;0;0;0;0;0;
31892;4462829;582938624;33566720;540700672;0;0;0;0;0;0;0;0;0;0;0;2435;0;0;0;0;0;0;
31893;3531513;582938624;33566720;540700672;0;0;0;0;0;0;0;0;0;0;0;3336;0;0;0;0;0;0;
31894;4554722;582938624;33566720;540700672;0;0;0;0;0;0;0;0;0;0;0;2696;0;0;0;0;0;0;
31895;2866977;582938624;33566720;540700672;0;0;0;0;0;0;0;0;0;0;0;3176;0;0;0;0;0;0;
31896;4611278;582938624;33566720;540700672;0;0;0;0;0;0;0;0;0;0;0;3287;0;0;0;0;0;0;
31897;2736923;582938624;33566720;540700672;0;0;0;0;0;0;0;0;0;0;0;3838;0;0;0;0;0;0;
31898;4701257;582938624;33566720;540700672;0;0;0;0;0;0;0;0;0;0;0;3126;0;0;0;0;0;0;
31899;3156680;582938624;33566720;540700672;0;0;0;0;0;0;0;0;0;0;0;2886;0;0;0;0;0;0;
31900;4652705;582938624;33566720;540700672;0;0;0;0;0;0;0;0;0;0;0;2996;0;0;0;0;0;0;
31901;2907953;582938624;33566720;540700672;0;0;0;0;0;0;0;0;0;0;0;2866;0;0;0;0;0;0;
31902;4461106;582938624;33566720;540700672;0;0;0;0;0;0;0;0;0;0;0;2755;0;0;0;0;0;0;
31903;3333792;582938624;33566720;540700672;0;0;0;0;0;0;0;0;0;0;0;3957;0;0;0;0;0;0;
31904;5010126;582938624;33566720;540700672;0;0;0;0;0;0;0;0;0;0;0;3376;0;0;0;0;0;0;
31905;4177615;582938624;33566720;540700672;0;0;0;0;0;0;0;0;0;0;0;3968;0;0;0;0;0;0;
31906;4888969;582938624;33566720;540700672;0;0;0;0;0;0;0;0;0;0;0;3546;0;0;0;0;0;0;
31907;3967671;582938624;33566720;540700672;0;0;0;0;0;0;0;0;0;0;0;4037;0;0;0;0;0;0;
31908;5110715;582938624;33566720;540700672;0;0;0;0;0;0;0;0;0;0;0;3647;0;0;0;0;0;0;
31909;2832171;582938624;33566720;540700672;0;0;0;0;0;0;0;0;0;0;0;3156;0;0;0;0;0;0;
31910;4833384;582938624;33566720;540700672;0;0;0;0;0;0;0;0;0;0;0;2966;0;0;0;0;0;0;
31911;3621162;582938624;33566720;540700672;0;0;0;0;0;0;0;0;0;0;0;4158;0;0;0;0;0;0;
31912;4911872;582938624;33566720;540700672;0;0;0;0;0;0;0;0;0;0;0;3386;0;0;0;0;0;0;
31913;3880938;582938624;33566720;540700672;0;0;0;0;0;0;0;0;0;0;0;4028;0;0;0;0;0;0;
31914;4776167;582938624;33566720;540700672;0;0;0;0;0;0;0;0;0;0;0;3968;0;0;0;0;0;0;
31915;3296271;582938624;33566720;540700672;0;0;0;0;0;0;0;0;0;0;0;3296;0;0;0;0;0;0;
31916;4890622;582938624;33566720;540700672;0;0;0;0;0;0;0;0;0;0;0;3787;0;0;0;0;0;0;
31917;2990388;582938624;33566720;540700672;0;0;0;0;0;0;0;0;0;0;0;3307;0;0;0;0;0;0;
31918;4333698;582938624;33566720;540700672;0;0;0;0;0;0;0;0;0;0;0;2465;0;0;0;0;0;0;
31919;3252980;582938624;33566720;540700672;0;0;0;0;0;0;0;0;0;0;0;3105;0;0;0;0;0;0;
31920;4371228;582938624;33566720;540700672;0;0;0;0;0;0;0;0;0;0;0;2515;0;0;0;0;0;0;
31921;3122837;582938624;33566720;540700672;0;0;0;0;0;0;0;0;0;0;0;3526;0;0;0;0;0;0;
31922;4465013;582938624;33566720;540700672;0;0;0;0;0;0;0;0;0;0;0;2875;0;0;0;0;0;0;
31923;2837261;582938624;33566720;540700672;0;0;0;0;0;0;0;0;0;0;0;2615;0;0;0;0;0;0;
31924;4450977;582938624;33566720;540700672;0;0;0;0;0;0;0;0;0;0;0;3025;0;0;0;0;0;0;
31925;2774073;582938624;33566720;540700672;0;0;0;0;0;0;0;0;0;0;0;3016;0;0;0;0;0;0;
31926;4439416;582938624;33566720;540700672;0;0;0;0;0;0;0;0;0;0;0;2595;0;0;0;0;0;0;
31927;2812555;582938624;33566720;540700672;0;0;0;0;0;0;0;0;0;0;0;2966;0;0;0;0;0;0;
31928;4453953;582938624;33566720;540700672;0;0;0;0;0;0;0;0;0;0;0;2645;0;0;0;0;0;0;
31929;2928452;582938624;33566720;540700672;0;0;0;0;0;0;0;0;0;0;0;2996;0;0;0;0;0;0;
31930;4464723;582938624;33566720;540700672;0;0;0;0;0;0;0;0;0;0;0;2545;0;0;0;0;0;0;
31931;2993214;582938624;33566720;540700672;0;0;0;0;0;0;0;0;0;0;0;3005;0;0;0;0;0;0;
31932;4492265;582938624;33566720;540700672;0;0;0;0;0;0;0;0;0;0;0;2575;0;0;0;0;0;0;
31933;3042947;582938624;33566720;540700672;0;0;0;0;0;0;0;0;0;0;0;3036;0;0;0;0;0;0;
31934;4389702;582938624;33566720;540700672;0;0;0;0;0;0;0;0;0;0;0;3065;0;0;0;0;0;0;
31935;3200382;582938624;33566720;540700672;0;0;0;0;0;0;0;0;0;0;0;2415;0;0;0;0;0;0;
31936;4539934;582938624;33566720;540700672;0;0;0;0;0;0;0;0;0;0;0;2886;0;0;0;0;0;0;
31937;3168472;582938624;33566720;540700672;0;0;0;0;0;0;0;0;0;0;0;3727;0;0;0;0;0;0;
31938;4501643;582938624;33566720;540700672;0;0;0;0;0;0;0;0;0;0;0;3436;0;0;0;0;0;0;
31939;3028950;582938624;33566720;540700672;0;0;0;0;0;0;0;0;0;0;0;3106;0;0;0;0;0;0;
31940;4696919;582938624;33566720;540700672;0;0;0;0;0;0;0;0;0;0;0;2494;0;0;0;0;0;0;
31941;3014353;582938624;33566720;540700672;0;0;0;0;0;0;0;0;0;0;0;2785;0;0;0;0;0;0;
31942;4850016;582938624;33566720;540700672;0;0;0;0;0;0;0;0;0;0;0;2926;0;0;0;0;0;0;
31943;3239876;582938624;33566720;540700672;0;0;0;0;0;0;0;0;0;0;0;2976;0;0;0;0;0;0;
31944;4443383;582938624;33566720;540700672;0;0;0;0;0;0;0;0;0;0;0;3096;0;0;0;0;0;0;
31945;3248102;582938624;33566720;540700672;0;0;0;0;0;0;0;0;0;0;0;3256;0;0;0;0;0;0;
31946;4398168;582938624;33566720;540700672;0;0;0;0;0;0;0;0;0;0;0;2685;0;0;0;0;0;0;
31947;3026737;582938624;33566720;540700672;0;0;0;0;0;0;0;0;0;0;0;3717;0;0;0;0;0;0;
31948;4814689;582938624;33566720;540700672;0;0;0;0;0;0;0;0;0;0;0;2836;0;0;0;0;0;0;
31949;3201384;582938624;33566720;540700672;0;0;0;0;0;0;0;0;0;0;0;3196;0;0;0;0;0;0;
31950;4432282;582938624;33566720;540700672;0;0;0;0;0;0;0;0;0;0;0;2555;0;0;0;0;0;0;
31951;2777779;582938624;33566720;540700672;0;0;0;0;0;0;0;0;0;0;0;2715;0;0;0;0;0;0;
31952;4670840;582938624;33566720;540700672;0;0;0;0;0;0;0;0;0;0;0;2785;0;0;0;0;0;0;
31953;3038488;582938624;33566720;540700672;0;0;0;0;0;0;0;0;0;0;0;2966;0;0;0;0;0;0;
31954;4625094;582938624;33566720;540700672;0;0;0;0;0;0;0;0;0;0;0;2635;0;0;0;0;0;0;
31955;3175365;582938624;33566720;540700672;0;0;0;0;0;0;0;0;0;0;0;2975;0;0;0;0;0;0;
31956;4488968;582938624;33566720;540700672;0;0;0;0;0;0;0;0;0;0;0;3016;0;0;0;0;0;0;
31957;3067292;582938624;33566720;540700672;0;0;0;0;0;0;0;0;0;0;0;3266;0;0;0;0;0;0;
31958;4851078;582938624;33566720;540700672;0;0;0;0;0;0;0;0;0;0;0;2575;0;0;0;0;0;0;
31959;2860875;582938624;33566720;540700672;0;0;0;0;0;0;0;0;0;0;0;2905;0;0;0;0;0;0;
31960;4679185;582938624;33566720;540700672;0;0;0;0;0;0;0;0;0;0;0;2885;0;0;0;0;0;0;
31961;2781997;582938624;33566720;540700672;0;0;0;0;0;0;0;0;0;0;0;2726;0;0;0;0;0;0;
31962;4764375;582938624;33566720;540700672;0;0;0;0;0;0;0;0;0;0;0;3216;0;0;0;0;0;0;
31963;2880793;582938624;33566720;540700672;0;0;0;0;0;0;0;0;0;0;0;2895;0;0;0;0;0;0;
31964;4785134;582938624;33566720;540700672;0;0;0;0;0;0;0;0;0;0;0;2675;0;0;0;0;0;0;
31965;2969829;582938624;33566720;540700672;0;0;0;0;0;0;0;0;0;0;0;2915;0;0;0;0;0;0;
31966;4456187;582938624;33566720;540700672;0;0;0;0;0;0;0;0;0;0;0;2515;0;0;0;0;0;0;
31967;3232241;582938624;33566720;540700672;0;0;0;0;0;0;0;0;0;0;0;2745;0;0;0;0;0;0;
31968;4809610;582938624;33566720;540700672;0;0;0;0;0;0;0;0;0;0;0;2174;0;0;0;0;0;0;
31969;2910759;582938624;33566720;540700672;0;0;0;0;0;0;0;0;0;0;0;3446;0;0;0;0;0;0;
31970;4699524;582938624;33566720;540700672;0;0;0;0;0;0;0;0;0;0;0;3096;0;0;0;0;0;0;
31971;3220069;582938624;33566720;540700672;0;0;0;0;0;0;0;0;0;0;0;3256;0;0;0;0;0;0;
31972;4465635;582938624;33566720;540700672;0;0;0;0;0;0;0;0;0;0;0;2645;0;0;0;0;0;0;
31973;3320547;582938624;33566720;540700672;0;0;0;0;0;0;0;0;0;0;0;2875;0;0;0;0;0;0;
31974;4503055;582938624;33566720;540700672;0;0;0;0;0;0;0;0;0;0;0;2354;0;0;0;0;0;0;
31975;3226591;582938624;33566720;540700672;0;0;0;0;0;0;0;0;0;0;0;3216;0;0;0;0;0;0;
31976;4457439;582938624;33566720;540700672;0;0;0;0;0;0;0;0;0;0;0;2725;0;0;0;0;0;0;
31977;4183535;582938624;33566720;540700672;0;0;0;0;0;0;0;0;0;0;0;3878;0;0;0;0;0;0;
31978;4840969;582938624;33566720;540700672;0;0;0;0;0;0;0;0;0;0;0;3627;0;0;0;0;0;0;
31979;4351441;582938624;33566720;540700672;0;0;0;0;0;0;0;0;0;0;0;4429;0;0;0;0;0;0;
31980;4831842;582938624;33566720;540700672;0;0;0;0;0;0;0;0;0;0;0;3506;0;0;0;0;0;0;
31981;4214344;582938624;33566720;540700672;0;0;0;0;0;0;0;0;0;0;0;3357;0;0;0;0;0;0;
31982;4687310;582938624;33566720;540700672;0;0;0;0;0;0;0;0;0;0;0;3797;0;0;0;0;0;0;
31983;4047250;582938624;33566720;540700672;0;0;0;0;0;0;0;0;0;0;0;4218;0;0;0;0;0;0;
31984;4715073;582938624;33566720;540700672;0;0;0;0;0;0;0;0;0;0;0;3467;0;0;0;0;0;0;
31985;4019097;582938624;33566720;540700672;0;0;0;0;0;0;0;0;0;0;0;3807;0;0;0;0;0;0;
31986;4753044;582938624;33566720;540700672;0;0;0;0;0;0;0;0;0;0;0;3827;0;0;0;0;0;0;
31987;4136257;582938624;33566720;540700672;0;0;0;0;0;0;0;0;0;0;0;3828;0;0;0;0;0;0;
31988;4834767;582938624;33566720;540700672;0;0;0;0;0;0;0;0;0;0;0;3326;0;0;0;0;0;0;
31989;4031240;582938624;33566720;540700672;0;0;0;0;0;0;0;0;0;0;0;3546;0;0;0;0;0;0;
31990;5182299;582938624;33566720;540700672;0;0;0;0;0;0;0;0;0;0;0;3596;0;0;0;0;0;0;
31991;3904753;582938624;33566720;540700672;0;0;0;0;0;0;0;0;0;0;0;2745;0;0;0;0;0;0;
31992;4688814;582938624;33566720;540700672;0;0;0;0;0;0;0;0;0;0;0;2174;0;0;0;0;0;0;
31993;3530881;582938624;33566720;540700672;0;0;0;0;0;0;0;0;0;0;0;4629;0;0;0;0;0;0;
31994;5001049;582938624;33566720;540700672;0;0;0;0;0;0;0;0;0;0;0;3226;0;0;0;0;0;0;
31995;4200508;582938624;33566720;540700672;0;0;0;0;0;0;0;0;0;0;0;3817;0;0;0;0;0;0;
31996;5056423;582938624;33566720;540700672;0;0;0;0;0;0;0;0;0;0;0;4178;0;0;0;0;0;0;
31997;13405670;582938624;33566720;540700672;0;0;0;0;0;0;0;0;0;0;0;5640;0;0;0;0;0;0;
31998;5330407;582938624;33566720;540700672;0;0;0;0;0;0;0;0;0;0;0;3997;0;0;0;0;0;0;
31999;3056623;582938624;33566720;540700672;0;0;0;0;0;0;0;0;0;0;0;3256;0;0;0;0;0;0;
32000;4591842;582938624;33566720;540700672;0;0;0;0;0;0;0;0;0;0;0;2815;0;0;0;0;0;0;
32001;2819678;582938624;33566720;540700672;0;0;0;0;0;0;0;0;0;0;0;2575;0;0;0;0;0;0;
32002;4443824;582938624;33566720;540700672;0;0;0;0;0;0;0;0;0;0;0;2715;0;0;0;0;0;0;
32003;3027498;582938624;33566720;540700672;0;0;0;0;0;0;0;0;0;0;0;2675;0;0;0;0;0;0;
32004;4445207;582938624;33566720;540700672;0;0;0;0;0;0;0;0;0;0;0;3416;0;0;0;0;0;0;
32005;2945584;582938624;33566720;540700672;0;0;0;0;0;0;0;0;0;0;0;3246;0;0;0;0;0;0;
32006;4683233;582938624;33566720;540700672;0;0;0;0;0;0;0;0;0;0;0;2826;0;0;0;0;0;0;
32007;2844825;582938624;33566720;540700672;0;0;0;0;0;0;0;0;0;0;0;3045;0;0;0;0;0;0;
32008;4468259;582938624;33566720;540700672;0;0;0;0;0;0;0;0;0;0;0;2275;0;0;0;0;0;0;
32009;2720001;582938624;33566720;540700672;0;0;0;0;0;0;0;0;0;0;0;3347;0;0;0;0;0;0;
32010;4566023;582938624;33566720;540700672;0;0;0;0;0;0;0;0;0;0;0;3677;0;0;0;0;0;0;
32011;3448628;582938624;33566720;540700672;0;0;0;0;0;0;0;0;0;0;0;3616;0;0;0;0;0;0;
32012;4974599;582938624;33566720;540700672;0;0;0;0;0;0;0;0;0;0;0;3676;0;0;0;0;0;0;
32013;3930522;582938624;33566720;540700672;0;0;0;0;0;0;0;0;0;0;0;3778;0;0;0;0;0;0;
32014;4691559;582938624;33566720;540700672;0;0;0;0;0;0;0;0;0;0;0;3697;0;0;0;0;0;0;
32015;3842556;582938624;33566720;540700672;0;0;0;0;0;0;0;0;0;0;0;4338;0;0;0;0;0;0;
32016;4974098;582938624;33566720;540700672;0;0;0;0;0;0;0;0;0;0;0;3316;0;0;0;0;0;0;
32017;4068691;582938624;33566720;540700672;0;0;0;0;0;0;0;0;0;0;0;3897;0;0;0;0;0;0;
32018;4798208;582938624;33566720;540700672;0;0;0;0;0;0;0;0;0;0;0;3596;0;0;0;0;0;0;
32019;3880488;582938624;33566720;540700672;0;0;0;0;0;0;0;0;0;0;0;4067;0;0;0;0;0;0;
32020;4837311;582938624;33566720;540700672;0;0;0;0;0;0;0;0;0;0;0;4058;0;0;0;0;0;0;
32021;4026471;582938624;33566720;540700672;0;0;0;0;0;0;0;0;0;0;0;2755;0;0;0;0;0;0;
32022;4809981;582938624;33566720;540700672;0;0;0;0;0;0;0;0;0;0;0;2625;0;0;0;0;0;0;
32023;3187247;582938624;33566720;540700672;0;0;0;0;0;0;0;0;0;0;0;2995;0;0;0;0;0;0;
32024;4398779;582938624;33566720;540700672;0;0;0;0;0;0;0;0;0;0;0;2605;0;0;0;0;0;0;
32025;3455130;582938624;33566720;540700672;0;0;0;0;0;0;0;0;0;0;0;3116;0;0;0;0;0;0;
32026;4416903;582938624;33566720;540700672;0;0;0;0;0;0;0;0;0;0;0;2865;0;0;0;0;0;0;
32027;3100856;582938624;33566720;540700672;0;0;0;0;0;0;0;0;0;0;0;3547;0;0;0;0;0;0;
32028;4601129;582938624;33566720;540700672;0;0;0;0;0;0;0;0;0;0;0;2986;0;0;0;0;0;0;
32029;2765637;582938624;33566720;540700672;0;0;0;0;0;0;0;0;0;0;0;3646;0;0;0;0;0;0;
32030;4452209;582938624;33566720;540700672;0;0;0;0;0;0;0;0;0;0;0;2485;0;0;0;0;0;0;
32031;2804510;582938624;33566720;540700672;0;0;0;0;0;0;0;0;0;0;0;2895;0;0;0;0;0;0;
32032;4421863;582938624;33566720;540700672;0;0;0;0;0;0;0;0;0;0;0;2515;0;0;0;0;0;0;
32033;3044199;582938624;33566720;540700672;0;0;0;0;0;0;0;0;0;0;0;3226;0;0;0;0;0;0;
32034;4551626;582938624;33566720;540700672;0;0;0;0;0;0;0;0;0;0;0;2965;0;0;0;0;0;0;
32035;2919094;582938624;33566720;540700672;0;0;0;0;0;0;0;0;0;0;0;2876;0;0;0;0;0;0;
32036;4645031;582938624;33566720;540700672;0;0;0;0;0;0;0;0;0;0;0;2635;0;0;0;0;0;0;
32037;2762932;582938624;33566720;540700672;0;0;0;0;0;0;0;0;0;0;0;3226;0;0;0;0;0;0;
32038;4415500;582938624;33566720;540700672;0;0;0;0;0;0;0;0;0;0;0;2745;0;0;0;0;0;0;
32039;2775235;582938624;33566720;540700672;0;0;0;0;0;0;0;0;0;0;0;2725;0;0;0;0;0;0;
32040;4470724;582938624;33566720;540700672;0;0;0;0;0;0;0;0;0;0;0;2505;0;0;0;0;0;0;
32041;3230278;582938624;33566720;540700672;0;0;0;0;0;0;0;0;0;0;0;3277;0;0;0;0;0;0;
32042;4385083;582938624;33566720;540700672;0;0;0;0;0;0;0;0;0;0;0;2475;0;0;0;0;0;0;
32043;3074686;582938624;33566720;540700672;0;0;0;0;0;0;0;0;0;0;0;3737;0;0;0;0;0;0;
32044;4426060;582938624;33566720;540700672;0;0;0;0;0;0;0;0;0;0;0;2785;0;0;0;0;0;0;
32045;2721313;582938624;33566720;540700672;0;0;0;0;0;0;0;0;0;0;0;2615;0;0;0;0;0;0;
32046;4364976;582938624;33566720;540700672;0;0;0;0;0;0;0;0;0;0;0;2395;0;0;0;0;0;0;
32047;3071019;582938624;33566720;540700672;0;0;0;0;0;0;0;0;0;0;0;3096;0;0;0;0;0;0;
32048;4414699;582938624;33566720;540700672;0;0;0;0;0;0;0;0;0;0;0;2685;0;0;0;0;0;0;
32049;2957697;582938624;33566720;540700672;0;0;0;0;0;0;0;0;0;0;0;2795;0;0;0;0;0;0;
32050;4402657;582938624;33566720;540700672;0;0;0;0;0;0;0;0;0;0;0;2595;0;0;0;0;0;0;
32051;3112848;582938624;33566720;540700672;0;0;0;0;0;0;0;0;0;0;0;3106;0;0;0;0;0;0;
32052;4385685;582938624;33566720;540700672;0;0;0;0;0;0;0;0;0;0;0;2595;0;0;0;0;0;0;
32053;2908113;582938624;33566720;540700672;0;0;0;0;0;0;0;0;0;0;0;2956;0;0;0;0;0;0;
32054;4481324;582938624;33566720;540700672;0;0;0;0;0;0;0;0;0;0;0;2375;0;0;0;0;0;0;
32055;3159075;582938624;33566720;540700672;0;0;0;0;0;0;0;0;0;0;0;3657;0;0;0;0;0;0;
32056;4682001;582938624;33566720;540700672;0;0;0;0;0;0;0;0;0;0;0;3176;0;0;0;0;0;0;
32057;2989566;582938624;33566720;540700672;0;0;0;0;0;0;0;0;0;0;0;3095;0;0;0;0;0;0;
32058;4357222;582938624;33566720;540700672;0;0;0;0;0;0;0;0;0;0;0;2715;0;0;0;0;0;0;
32059;3254854;582938624;33566720;540700672;0;0;0;0;0;0;0;0;0;0;0;3136;0;0;0;0;0;0;
32060;4954291;582938624;33566720;540700672;0;0;0;0;0;0;0;0;0;0;0;2685;0;0;0;0;0;0;
32061;2995127;582938624;33566720;540700672;0;0;0;0;0;0;0;0;0;0;0;3146;0;0;0;0;0;0;
32062;4560112;582938624;33566720;540700672;0;0;0;0;0;0;0;0;0;0;0;2806;0;0;0;0;0;0;
32063;2806804;582938624;33566720;540700672;0;0;0;0;0;0;0;0;0;0;0;2845;0;0;0;0;0;0;
32064;4454714;582938624;33566720;540700672;0;0;0;0;0;0;0;0;0;0;0;2935;0;0;0;0;0;0;
32065;3196936;582938624;33566720;540700672;0;0;0;0;0;0;0;0;0;0;0;3055;0;0;0;0;0;0;
32066;4412906;582938624;33566720;540700672;0;0;0;0;0;0;0;0;0;0;0;2835;0;0;0;0;0;0;
32067;2893566;582938624;33566720;540700672;0;0;0;0;0;0;0;0;0;0;0;2855;0;0;0;0;0;0;
32068;4539213;582938624;33566720;540700672;0;0;0;0;0;0;0;0;0;0;0;3156;0;0;0;0;0;0;
32069;2664577;582938624;33566720;540700672;0;0;0;0;0;0;0;0;0;0;0;2985;0;0;0;0;0;0;
32070;4735761;582938624;33566720;540700672;0;0;0;0;0;0;0;0;0;0;0;3246;0;0;0;0;0;0;
32071;3067503;582938624;33566720;540700672;0;0;0;0;0;0;0;0;0;0;0;2986;0;0;0;0;0;0;
32072;4541527;582938624;33566720;540700672;0;0;0;0;0;0;0;0;0;0;0;2985;0;0;0;0;0;0;
32073;3035302;582938624;33566720;540700672;0;0;0;0;0;0;0;0;0;0;0;2936;0;0;0;0;0;0;
32074;4491283;582938624;33566720;540700672;0;0;0;0;0;0;0;0;0;0;0;2935;0;0;0;0;0;0;
32075;2961955;582938624;33566720;540700672;0;0;0;0;0;0;0;0;0;0;0;2955;0;0;0;0;0;0;
32076;4409830;582938624;33566720;540700672;0;0;0;0;0;0;0;0;0;0;0;2705;0;0;0;0;0;0;
32077;3156780;582938624;33566720;540700672;0;0;0;0;0;0;0;0;0;0;0;3347;0;0;0;0;0;0;
32078;4545435;582938624;33566720;540700672;0;0;0;0;0;0;0;0;0;0;0;3166;0;0;0;0;0;0;
32079;2836580;582938624;33566720;540700672;0;0;0;0;0;0;0;0;0;0;0;3196;0;0;0;0;0;0;
32080;4406784;582938624;33566720;540700672;0;0;0;0;0;0;0;0;0;0;0;2404;0;0;0;0;0;0;
32081;2703601;582938624;33566720;540700672;0;0;0;0;0;0;0;0;0;0;0;2515;0;0;0;0;0;0;
32082;4733527;582938624;33566720;540700672;0;0;0;0;0;0;0;0;0;0;0;2435;0;0;0;0;0;0;
32083;2898667;582938624;33566720;540700672;0;0;0;0;0;0;0;0;0;0;0;2605;0;0;0;0;0;0;
32084;4706346;582938624;33566720;540700672;0;0;0;0;0;0;0;0;0;0;0;3447;0;0;0;0;0;0;
32085;3813051;582938624;33566720;540700672;0;0;0;0;0;0;0;0;0;0;0;3737;0;0;0;0;0;0;
32086;4927000;582938624;33566720;540700672;0;0;0;0;0;0;0;0;0;0;0;3537;0;0;0;0;0;0;
32087;4065655;582938624;33566720;540700672;0;0;0;0;0;0;0;0;0;0;0;3928;0;0;0;0;0;0;
32088;4911811;582938624;33566720;540700672;0;0;0;0;0;0;0;0;0;0;0;3607;0;0;0;0;0;0;
32089;4189557;582938624;33566720;540700672;0;0;0;0;0;0;0;0;0;0;0;4388;0;0;0;0;0;0;
32090;4980220;582938624;33566720;540700672;0;0;0;0;0;0;0;0;0;0;0;3607;0;0;0;0;0;0;
32091;4541637;582938624;33566720;540700672;0;0;0;0;0;0;0;0;0;0;0;3457;0;0;0;0;0;0;
32092;4771318;582938624;33566720;540700672;0;0;0;0;0;0;0;0;0;0;0;3587;0;0;0;0;0;0;
32093;4614605;582938624;33566720;540700672;0;0;0;0;0;0;0;0;0;0;0;3677;0;0;0;0;0;0;
32094;4697860;582938624;33566720;540700672;0;0;0;0;0;0;0;0;0;0;0;3847;0;0;0;0;0;0;
32095;3842346;582938624;33566720;540700672;0;0;0;0;0;0;0;0;0;0;0;4097;0;0;0;0;0;0;
32096;4730271;582938624;33566720;540700672;0;0;0;0;0;0;0;0;0;0;0;3507;0;0;0;0;0;0;
32097;4491533;582938624;33566720;540700672;0;0;0;0;0;0;0;0;0;0;0;3977;0;0;0;0;0;0;
32098;4789061;582938624;33566720;540700672;0;0;0;0;0;0;0;0;0;0;0;3576;0;0;0;0;0;0;
32099;4104237;582938624;33566720;540700672;0;0;0;0;0;0;0;0;0;0;0;4087;0;0;0;0;0;0;
32100;5008072;582938624;33566720;540700672;0;0;0;0;0;0;0;0;0;0;0;3486;0;0;0;0;0;0;
32101;4030889;582938624;33566720;540700672;0;0;0;0;0;0;0;0;0;0;0;3326;0;0;0;0;0;0;
32102;4668846;582938624;33566720;540700672;0;0;0;0;0;0;0;0;0;0;0;2775;0;0;0;0;0;0;
32103;2970191;582938624;33566720;540700672;0;0;0;0;0;0;0;0;0;0;0;3116;0;0;0;0;0;0;
32104;4721264;582938624;33566720;540700672;0;0;0;0;0;0;0;0;0;0;0;2504;0;0;0;0;0;0;
32105;3321709;582938624;33566720;540700672;0;0;0;0;0;0;0;0;0;0;0;3266;0;0;0;0;0;0;
32106;4686309;582938624;33566720;540700672;0;0;0;0;0;0;0;0;0;0;0;2545;0;0;0;0;0;0;
32107;3179373;582938624;33566720;540700672;0;0;0;0;0;0;0;0;0;0;0;3257;0;0;0;0;0;0;
32108;4407656;582938624;33566720;540700672;0;0;0;0;0;0;0;0;0;0;0;2775;0;0;0;0;0;0;
32109;3378375;582938624;33566720;540700672;0;0;0;0;0;0;0;0;0;0;0;3637;0;0;0;0;0;0;
32110;4556555;582938624;33566720;540700672;0;0;0;0;0;0;0;0;0;0;0;2946;0;0;0;0;0;0;
32111;3238664;582938624;33566720;540700672;0;0;0;0;0;0;0;0;0;0;0;2454;0;0;0;0;0;0;
32112;4571202;582938624;33566720;540700672;0;0;0;0;0;0;0;0;0;0;0;2956;0;0;0;0;0;0;
32113;3240877;582938624;33566720;540700672;0;0;0;0;0;0;0;0;0;0;0;2786;0;0;0;0;0;0;
32114;4603183;582938624;33566720;540700672;0;0;0;0;0;0;0;0;0;0;0;2495;0;0;0;0;0;0;
32115;3301081;582938624;33566720;540700672;0;0;0;0;0;0;0;0;0;0;0;2735;0;0;0;0;0;0;
32116;4443123;582938624;33566720;540700672;0;0;0;0;0;0;0;0;0;0;0;2865;0;0;0;0;0;0;
32117;3071210;582938624;33566720;540700672;0;0;0;0;0;0;0;0;0;0;0;3467;0;0;0;0;0;0;
32118;4917292;582938624;33566720;540700672;0;0;0;0;0;0;0;0;0;0;0;2815;0;0;0;0;0;0;
32119;2896452;582938624;33566720;540700672;0;0;0;0;0;0;0;0;0;0;0;2705;0;0;0;0;0;0;
32120;4579489;582938624;33566720;540700672;0;0;0;0;0;0;0;0;0;0;0;2585;0;0;0;0;0;0;
32121;4211208;582938624;33566720;540700672;0;0;0;0;0;0;0;0;0;0;0;3857;0;0;0;0;0;0;
32122;5030023;582938624;33566720;540700672;0;0;0;0;0;0;0;0;0;0;0;3887;0;0;0;0;0;0;
32123;3626992;582938624;33566720;540700672;0;0;0;0;0;0;0;0;0;0;0;3216;0;0;0;0;0;0;
32124;4852901;582938624;33566720;540700672;0;0;0;0;0;0;0;0;0;0;0;2915;0;0;0;0;0;0;
32125;3204190;582938624;33566720;540700672;0;0;0;0;0;0;0;0;0;0;0;2485;0;0;0;0;0;0;
32126;4667744;582938624;33566720;540700672;0;0;0;0;0;0;0;0;0;0;0;3577;0;0;0;0;0;0;
32127;2839765;582938624;33566720;540700672;0;0;0;0;0;0;0;0;0;0;0;3627;0;0;0;0;0;0;
32128;4686018;582938624;33566720;540700672;0;0;0;0;0;0;0;0;0;0;0;3206;0;0;0;0;0;0;
32129;2967575;582938624;33566720;540700672;0;0;0;0;0;0;0;0;0;0;0;3156;0;0;0;0;0;0;
32130;4635733;582938624;33566720;540700672;0;0;0;0;0;0;0;0;0;0;0;3276;0;0;0;0;0;0;
32131;3033098;582938624;33566720;540700672;0;0;0;0;0;0;0;0;0;0;0;3256;0;0;0;0;0;0;
32132;4411474;582938624;33566720;540700672;0;0;0;0;0;0;0;0;0;0;0;2955;0;0;0;0;0;0;
32133;3480487;582938624;33566720;540700672;0;0;0;0;0;0;0;0;0;0;0;3887;0;0;0;0;0;0;
32134;4757502;582938624;33566720;540700672;0;0;0;0;0;0;0;0;0;0;0;3677;0;0;0;0;0;0;
32135;3899513;582938624;33566720;540700672;0;0;0;0;0;0;0;0;0;0;0;4789;0;0;0;0;0;0;
32136;4679515;582938624;33566720;540700672;0;0;0;0;0;0;0;0;0;0;0;3597;0;0;0;0;0;0;
32137;4195308;582938624;33566720;540700672;0;0;0;0;0;0;0;0;0;0;0;4208;0;0;0;0;0;0;
32138;4727806;582938624;33566720;540700672;0;0;0;0;0;0;0;0;0;0;0;3256;0;0;0;0;0;0;
32139;4269718;582938624;33566720;540700672;0;0;0;0;0;0;0;0;0;0;0;4658;0;0;0;0;0;0;
32140;4750849;582938624;33566720;540700672;0;0;0;0;0;0;0;0;0;0;0;3366;0;0;0;0;0;0;
32141;4162266;582938624;33566720;540700672;0;0;0;0;0;0;0;0;0;0;0;3977;0;0;0;0;0;0;
32142;4899068;582938624;33566720;540700672;0;0;0;0;0;0;0;0;0;0;0;3747;0;0;0;0;0;0;
32143;4027793;582938624;33566720;540700672;0;0;0;0;0;0;0;0;0;0;0;3597;0;0;0;0;0;0;
32144;4808238;582938624;33566720;540700672;0;0;0;0;0;0;0;0;0;0;0;3667;0;0;0;0;0;0;
32145;3980204;582938624;33566720;540700672;0;0;0;0;0;0;0;0;0;0;0;3887;0;0;0;0;0;0;
32146;4954752;582938624;33566720;540700672;0;0;0;0;0;0;0;0;0;0;0;3517;0;0;0;0;0;0;
32147;4050987;582938624;33566720;540700672;0;0;0;0;0;0;0;0;0;0;0;3687;0;0;0;0;0;0;
32148;5236430;582938624;33566720;540700672;0;0;0;0;0;0;0;0;0;0;0;3456;0;0;0;0;0;0;
32149;6409530;582938624;33566720;540700672;0;0;0;0;0;0;0;0;0;0;0;4678;0;0;0;0;0;0;
32150;5506186;582938624;33566720;540700672;0;0;0;0;0;0;0;0;0;0;0;4939;0;0;0;0;0;0;
32151;5664233;582938624;33566720;540700672;0;0;0;0;0;0;0;0;0;0;0;4579;0;0;0;0;0;0;
32152;5065640;582938624;33566720;540700672;0;0;0;0;0;0;0;0;0;0;0;4238;0;0;0;0;0;0;
32153;5521184;582938624;33566720;540700672;0;0;0;0;0;0;0;0;0;0;0;4950;0;0;0;0;0;0;
32154;4963408;582938624;33566720;540700672;0;0;0;0;0;0;0;0;0;0;0;4108;0;0;0;0;0;0;
32155;5656458;582938624;33566720;540700672;0;0;0;0;0;0;0;0;0;0;0;4168;0;0;0;0;0;0;
32156;5616483;582938624;33566720;540700672;0;0;0;0;0;0;0;0;0;0;0;5380;0;0;0;0;0;0;
32157;4738747;582938624;33566720;540700672;0;0;0;0;0;0;0;0;0;0;0;4619;0;0;0;0;0;0;
32158;5808053;582938624;33566720;540700672;0;0;0;0;0;0;0;0;0;0;0;6192;0;0;0;0;0;0;
32159;5500185;582938624;33566720;540700672;0;0;0;0;0;0;0;0;0;0;0;4769;0;0;0;0;0;0;
32160;5884045;582938624;33566720;540700672;0;0;0;0;0;0;0;0;0;0;0;6051;0;0;0;0;0;0;
32161;5164646;582938624;33566720;540700672;0;0;0;0;0;0;0;0;0;0;0;5269;0;0;0;0;0;0;
32162;5773528;582938624;33566720;540700672;0;0;0;0;0;0;0;0;0;0;0;4719;0;0;0;0;0;0;
32163;4421271;582938624;33566720;540700672;0;0;0;0;0;0;0;0;0;0;0;4659;0;0;0;0;0;0;
32164;5371513;582938624;33566720;540700672;0;0;0;0;0;0;0;0;0;0;0;6031;0;0;0;0;0;0;
32165;4363944;582938624;33566720;540700672;0;0;0;0;0;0;0;0;0;0;0;4970;0;0;0;0;0;0;
32166;5420586;582938624;33566720;540700672;0;0;0;0;0;0;0;0;0;0;0;5069;0;0;0;0;0;0;
32167;4708119;582938624;33566720;540700672;0;0;0;0;0;0;0;0;0;0;0;5340;0;0;0;0;0;0;
32168;5301091;582938624;33566720;540700672;0;0;0;0;0;0;0;0;0;0;0;5170;0;0;0;0;0;0;
32169;4494329;582938624;33566720;540700672;0;0;0;0;0;0;0;0;0;0;0;5190;0;0;0;0;0;0;
32170;5761185;582938624;33566720;540700672;0;0;0;0;0;0;0;0;0;0;0;5691;0;0;0;0;0;0;
32171;4550654;582938624;33566720;540700672;0;0;0;0;0;0;0;0;0;0;0;5239;0;0;0;0;0;0;
32172;5495816;582938624;33566720;540700672;0;0;0;0;0;0;0;0;0;0;0;4438;0;0;0;0;0;0;
32173;4942008;582938624;33566720;540700672;0;0;0;0;0;0;0;0;0;0;0;5230;0;0;0;0;0;0;
32174;5586036;582938624;33566720;540700672;0;0;0;0;0;0;0;0;0;0;0;4358;0;0;0;0;0;0;
32175;4361009;582938624;33566720;540700672;0;0;0;0;0;0;0;0;0;0;0;5531;0;0;0;0;0;0;
32176;5453267;582938624;33574912;540708864;0;0;0;0;0;0;0;0;0;0;0;5129;0;0;0;0;0;0;
32177;4654580;582938624;33574912;540708864;0;0;0;0;0;0;0;0;0;0;0;6432;0;0;0;0;0;0;
32178;5223506;582938624;33574912;540708864;0;0;0;0;0;0;0;0;0;0;0;4488;0;0;0;0;0;0;
32179;4477897;582938624;33574912;540708864;0;0;0;0;0;0;0;0;0;0;0;5660;0;0;0;0;0;0;
32180;4994817;582938624;33574912;540708864;0;0;0;0;0;0;0;0;0;0;0;4158;0;0;0;0;0;0;
32181;4632818;582938624;33574912;540708864;0;0;0;0;0;0;0;0;0;0;0;6051;0;0;0;0;0;0;
32182;5295561;582938624;33574912;540708864;0;0;0;0;0;0;0;0;0;0;0;3998;0;0;0;0;0;0;
32183;4764816;582938624;33566720;540700672;0;0;0;0;0;0;0;0;0;0;0;4749;0;0;0;0;0;0;
32184;4948140;582938624;33566720;540700672;0;0;0;0;0;0;0;0;0;0;0;3637;0;0;0;0;0;0;
32185;4848183;582938624;33566720;540700672;0;0;0;0;0;0;0;0;0;0;0;5130;0;0;0;0;0;0;
32186;5034712;582938624;33566720;540700672;0;0;0;0;0;0;0;0;0;0;0;4388;0;0;0;0;0;0;
32187;5049560;582938624;33566720;540700672;0;0;0;0;0;0;0;0;0;0;0;4438;0;0;0;0;0;0;
32188;5030223;582938624;33566720;540700672;0;0;0;0;0;0;0;0;0;0;0;3417;0;0;0;0;0;0;
32189;4719671;582938624;33566720;540700672;0;0;0;0;0;0;0;0;0;0;0;4489;0;0;0;0;0;0;
32190;5164144;582938624;33566720;540700672;0;0;0;0;0;0;0;0;0;0;0;4349;0;0;0;0;0;0;
32191;4750469;582938624;33566720;540700672;0;0;0;0;0;0;0;0;0;0;0;5060;0;0;0;0;0;0;
32192;5124961;582938624;33566720;540700672;0;0;0;0;0;0;0;0;0;0;0;4448;0;0;0;0;0;0;
32193;4981332;582938624;33566720;540700672;0;0;0;0;0;0;0;0;0;0;0;5470;0;0;0;0;0;0;
32194;5256057;582938624;33566720;540700672;0;0;0;0;0;0;0;0;0;0;0;4669;0;0;0;0;0;0;
32195;5550679;582938624;33566720;540700672;0;0;0;0;0;0;0;0;0;0;0;4268;0;0;0;0;0;0;
32196;5268040;582938624;33566720;540700672;0;0;0;0;0;0;0;0;0;0;0;5611;0;0;0;0;0;0;
32197;4419709;582938624;33566720;540700672;0;0;0;0;0;0;0;0;0;0;0;5180;0;0;0;0;0;0;
32198;5757708;582938624;33566720;540700672;0;0;0;0;0;0;0;0;0;0;0;5160;0;0;0;0;0;0;
32199;4243058;582938624;33566720;540700672;0;0;0;0;0;0;0;0;0;0;0;4829;0;0;0;0;0;0;
32200;5361154;582938624;33566720;540700672;0;0;0;0;0;0;0;0;0;0;0;5320;0;0;0;0;0;0;
32201;4527120;582938624;33566720;540700672;0;0;0;0;0;0;0;0;0;0;0;5100;0;0;0;0;0;0;
32202;6049045;582938624;33566720;540700672;0;0;0;0;0;0;0;0;0;0;0;4989;0;0;0;0;0;0;
32203;5489666;582938624;33566720;540700672;0;0;0;0;0;0;0;0;0;0;0;6181;0;0;0;0;0;0;
32204;5509473;582938624;33566720;540700672;0;0;0;0;0;0;0;0;0;0;0;5460;0;0;0;0;0;0;
32205;5667699;582938624;33566720;540700672;0;0;0;0;0;0;0;0;0;0;0;6082;0;0;0;0;0;0;
32206;6485783;582938624;33566720;540700672;0;0;0;0;0;0;0;0;0;0;0;4819;0;0;0;0;0;0;
32207;5258802;582938624;33566720;540700672;0;0;0;0;0;0;0;0;0;0;0;5841;0;0;0;0;0;0;
32208;5314897;582938624;33566720;540700672;0;0;0;0;0;0;0;0;0;0;0;4328;0;0;0;0;0;0;
32209;4954502;582938624;33566720;540700672;0;0;0;0;0;0;0;0;0;0;0;5761;0;0;0;0;0;0;
32210;5133206;582938624;33566720;540700672;0;0;0;0;0;0;0;0;0;0;0;4638;0;0;0;0;0;0;
32211;5482882;582938624;33566720;540700672;0;0;0;0;0;0;0;0;0;0;0;5370;0;0;0;0;0;0;
32212;5313575;582938624;33566720;540700672;0;0;0;0;0;0;0;0;0;0;0;5190;0;0;0;0;0;0;
32213;5164405;582938624;33566720;540700672;0;0;0;0;0;0;0;0;0;0;0;5360;0;0;0;0;0;0;
32214;5694218;582938624;33566720;540700672;0;0;0;0;0;0;0;0;0;0;0;5891;0;0;0;0;0;0;
32215;5100045;582938624;33566720;540700672;0;0;0;0;0;0;0;0;0;0;0;5380;0;0;0;0;0;0;
32216;5593069;582938624;33566720;540700672;0;0;0;0;0;0;0;0;0;0;0;4890;0;0;0;0;0;0;
32217;5641841;582938624;33566720;540700672;0;0;0;0;0;0;0;0;0;0;0;4839;0;0;0;0;0;0;
32218;5380360;582938624;33566720;540700672;0;0;0;0;0;0;0;0;0;0;0;4919;0;0;0;0;0;0;
32219;5240909;582938624;33566720;540700672;0;0;0;0;0;0;0;0;0;0;0;4759;0;0;0;0;0;0;
32220;5037116;582938624;33566720;540700672;0;0;0;0;0;0;0;0;0;0;0;4248;0;0;0;0;0;0;
32221;4775115;582938624;33566720;540700672;0;0;0;0;0;0;0;0;0;0;0;5170;0;0;0;0;0;0;
32222;10913778;582938624;33566720;540700672;0;0;0;0;0;0;0;0;0;0;0;3767;0;0;0;0;0;0;
32223;5159677;582938624;33566720;540700672;0;0;0;0;0;0;0;0;0;0;0;4779;0;0;0;0;0;0;
32224;5366494;582938624;33566720;540700672;0;0;0;0;0;0;0;0;0;0;0;4889;0;0;0;0;0;0;
32225;4561074;582938624;33566720;540700672;0;0;0;0;0;0;0;0;0;0;0;4288;0;0;0;0;0;0;
32226;5096888;582938624;33566720;540700672;0;0;0;0;0;0;0;0;0;0;0;4148;0;0;0;0;0;0;
32227;4833685;582938624;33566720;540700672;0;0;0;0;0;0;0;0;0;0;0;4558;0;0;0;0;0;0;
32228;5514923;582938624;33566720;540700672;0;0;0;0;0;0;0;0;0;0;0;4679;0;0;0;0;0;0;
32229;4894689;582938624;33566720;540700672;0;0;0;0;0;0;0;0;0;0;0;5741;0;0;0;0;0;0;
32230;5626101;582938624;33566720;540700672;0;0;0;0;0;0;0;0;0;0;0;4558;0;0;0;0;0;0;
32231;4541357;582938624;33566720;540700672;0;0;0;0;0;0;0;0;0;0;0;4518;0;0;0;0;0;0;
32232;5275313;582938624;33566720;540700672;0;0;0;0;0;0;0;0;0;0;0;4558;0;0;0;0;0;0;
32233;4617169;582938624;33566720;540700672;0;0;0;0;0;0;0;0;0;0;0;5210;0;0;0;0;0;0;
32234;5351556;582938624;33566720;540700672;0;0;0;0;0;0;0;0;0;0;0;5540;0;0;0;0;0;0;
32235;5026647;582938624;33566720;540700672;0;0;0;0;0;0;0;0;0;0;0;5410;0;0;0;0;0;0;
32236;5277608;582938624;33566720;540700672;0;0;0;0;0;0;0;0;0;0;0;5490;0;0;0;0;0;0;
32237;4798399;582938624;33566720;540700672;0;0;0;0;0;0;0;0;0;0;0;5260;0;0;0;0;0;0;
32238;5223396;582938624;33566720;540700672;0;0;0;0;0;0;0;0;0;0;0;5320;0;0;0;0;0;0;
32239;5111647;582938624;33566720;540700672;0;0;0;0;0;0;0;0;0;0;0;4538;0;0;0;0;0;0;
32240;5202306;582938624;33566720;540700672;0;0;0;0;0;0;0;0;0;0;0;4008;0;0;0;0;0;0;
32241;5080407;582938624;33566720;540700672;0;0;0;0;0;0;0;0;0;0;0;5730;0;0;0;0;0;0;
32242;5621473;582938624;33566720;540700672;0;0;0;0;0;0;0;0;0;0;0;3817;0;0;0;0;0;0;
32243;5305059;582938624;33566720;540700672;0;0;0;0;0;0;0;0;0;0;0;6612;0;0;0;0;0;0;
32244;5401621;582938624;33566720;540700672;0;0;0;0;0;0;0;0;0;0;0;4448;0;0;0;0;0;0;
32245;5107759;582938624;33566720;540700672;0;0;0;0;0;0;0;0;0;0;0;5391;0;0;0;0;0;0;
32246;5962272;582938624;33566720;540700672;0;0;0;0;0;0;0;0;0;0;0;6261;0;0;0;0;0;0;
32247;4877617;582938624;33566720;540700672;0;0;0;0;0;0;0;0;0;0;0;6202;0;0;0;0;0;0;
32248;5738552;582938624;33566720;540700672;0;0;0;0;0;0;0;0;0;0;0;5711;0;0;0;0;0;0;
32249;6491494;582938624;33566720;540700672;0;0;0;0;0;0;0;0;0;0;0;5370;0;0;0;0;0;0;
32250;5361174;582938624;33566720;540700672;0;0;0;0;0;0;0;0;0;0;0;4699;0;0;0;0;0;0;
32251;4268986;582938624;33566720;540700672;0;0;0;0;0;0;0;0;0;0;0;5070;0;0;0;0;0;0;
32252;5331097;582938624;33566720;540700672;0;0;0;0;0;0;0;0;0;0;0;5310;0;0;0;0;0;0;
32253;4813818;582938624;33566720;540700672;0;0;0;0;0;0;0;0;0;0;0;4538;0;0;0;0;0;0;
32254;5298106;582938624;33566720;540700672;0;0;0;0;0;0;0;0;0;0;0;4959;0;0;0;0;0;0;
32255;4783781;582938624;33566720;540700672;0;0;0;0;0;0;0;0;0;0;0;4469;0;0;0;0;0;0;
32256;5482722;582938624;33566720;540700672;0;0;0;0;0;0;0;0;0;0;0;5040;0;0;0;0;0;0;
32257;4959170;582938624;33566720;540700672;0;0;0;0;0;0;0;0;0;0;0;5300;0;0;0;0;0;0;
32258;5166890;582938624;33566720;540700672;0;0;0;0;0;0;0;0;0;0;0;5350;0;0;0;0;0;0;
32259;4659017;582938624;33566720;540700672;0;0;0;0;0;0;0;0;0;0;0;5089;0;0;0;0;0;0;
32260;5305119;582938624;33566720;540700672;0;0;0;0;0;0;0;0;0;0;0;4529;0;0;0;0;0;0;
32261;5182309;582938624;33566720;540700672;0;0;0;0;0;0;0;0;0;0;0;4739;0;0;0;0;0;0;
32262;5329515;582938624;33566720;540700672;0;0;0;0;0;0;0;0;0;0;0;4188;0;0;0;0;0;0;
32263;4959170;582938624;33566720;540700672;0;0;0;0;0;0;0;0;0;0;0;4719;0;0;0;0;0;0;
32264;5285062;582938624;33566720;540700672;0;0;0;0;0;0;0;0;0;0;0;4338;0;0;0;0;0;0;
32265;5813683;582938624;33566720;540700672;0;0;0;0;0;0;0;0;0;0;0;5471;0;0;0;0;0;0;
32266;4995538;582938624;33566720;540700672;0;0;0;0;0;0;0;0;0;0;0;4248;0;0;0;0;0;0;
32267;4980380;582938624;33566720;540700672;0;0;0;0;0;0;0;0;0;0;0;5430;0;0;0;0;0;0;
32268;4962346;582938624;33566720;540700672;0;0;0;0;0;0;0;0;0;0;0;4849;0;0;0;0;0;0;
32269;4650843;582938624;33566720;540700672;0;0;0;0;0;0;0;0;0;0;0;5079;0;0;0;0;0;0;
32270;5128518;582938624;33566720;540700672;0;0;0;0;0;0;0;0;0;0;0;4268;0;0;0;0;0;0;
32271;4788019;582938624;33566720;540700672;0;0;0;0;0;0;0;0;0;0;0;4749;0;0;0;0;0;0;
32272;5324876;582938624;33574912;540708864;0;0;0;0;0;0;0;0;0;0;0;5300;0;0;0;0;0;0;
32273;4566584;582938624;33574912;540708864;0;0;0;0;0;0;0;0;0;0;0;5100;0;0;0;0;0;0;
32274;5440944;582938624;33574912;540708864;0;0;0;0;0;0;0;0;0;0;0;6071;0;0;0;0;0;0;
32275;4796936;582938624;33574912;540708864;0;0;0;0;0;0;0;0;0;0;0;4769;0;0;0;0;0;0;
32276;5666186;582938624;33574912;540708864;0;0;0;0;0;0;0;0;0;0;0;6031;0;0;0;0;0;0;
32277;4793751;582938624;33574912;540708864;0;0;0;0;0;0;0;0;0;0;0;5029;0;0;0;0;0;0;
32278;5676135;582938624;33574912;540708864;0;0;0;0;0;0;0;0;0;0;0;6292;0;0;0;0;0;0;
32279;5080829;582938624;33566720;540700672;0;0;0;0;0;0;0;0;0;0;0;5841;0;0;0;0;0;0;
32280;5225180;582938624;33566720;540700672;0;0;0;0;0;0;0;0;0;0;0;5049;0;0;0;0;0;0;
32281;4721334;582938624;33566720;540700672;0;0;0;0;0;0;0;0;0;0;0;5420;0;0;0;0;0;0;
32282;5701031;582938624;33566720;540700672;0;0;0;0;0;0;0;0;0;0;0;5411;0;0;0;0;0;0;
32283;5026286;582938624;33566720;540700672;0;0;0;0;0;0;0;0;0;0;0;5571;0;0;0;0;0;0;
32284;5469638;582938624;33566720;540700672;0;0;0;0;0;0;0;0;0;0;0;4068;0;0;0;0;0;0;
32285;4956715;582938624;33566720;540700672;0;0;0;0;0;0;0;0;0;0;0;5941;0;0;0;0;0;0;
32286;5423301;582938624;33566720;540700672;0;0;0;0;0;0;0;0;0;0;0;5560;0;0;0;0;0;0;
32287;5290151;582938624;33566720;540700672;0;0;0;0;0;0;0;0;0;0;0;5991;0;0;0;0;0;0;
32288;5286214;582938624;33566720;540700672;0;0;0;0;0;0;0;0;0;0;0;5431;0;0;0;0;0;0;
32289;4357542;582938624;33566720;540700672;0;0;0;0;0;0;0;0;0;0;0;5140;0;0;0;0;0;0;
32290;5446685;582938624;33566720;540700672;0;0;0;0;0;0;0;0;0;0;0;4639;0;0;0;0;0;0;
32291;4417615;582938624;33566720;540700672;0;0;0;0;0;0;0;0;0;0;0;5020;0;0;0;0;0;0;
32292;5485638;582938624;33566720;540700672;0;0;0;0;0;0;0;0;0;0;0;6963;0;0;0;0;0;0;
32293;4843724;582938624;33566720;540700672;0;0;0;0;0;0;0;0;0;0;0;5500;0;0;0;0;0;0;
32294;5385560;582938624;33566720;540700672;0;0;0;0;0;0;0;0;0;0;0;5461;0;0;0;0;0;0;
32295;5110895;582938624;33566720;540700672;0;0;0;0;0;0;0;0;0;0;0;4598;0;0;0;0;0;0;
32296;5961971;582938624;33566720;540700672;0;0;0;0;0;0;0;0;0;0;0;4308;0;0;0;0;0;0;
32297;5650988;582938624;33566720;540700672;0;0;0;0;0;0;0;0;0;0;0;5981;0;0;0;0;0;0;
32298;5222665;582938624;33566720;540700672;0;0;0;0;0;0;0;0;0;0;0;5601;0;0;0;0;0;0;
32299;5040442;582938624;33566720;540700672;0;0;0;0;0;0;0;0;0;0;0;6002;0;0;0;0;0;0;
32300;5486719;582938624;33566720;540700672;0;0;0;0;0;0;0;0;0;0;0;4689;0;0;0;0;0;0;
32301;5026557;582938624;33566720;540700672;0;0;0;0;0;0;0;0;0;0;0;5511;0;0;0;0;0;0;
32302;5210071;582938624;33566720;540700672;0;0;0;0;0;0;0;0;0;0;0;4419;0;0;0;0;0;0;
32303;4927561;582938624;33566720;540700672;0;0;0;0;0;0;0;0;0;0;0;5140;0;0;0;0;0;0;
32304;4980932;582938624;33566720;540700672;0;0;0;0;0;0;0;0;0;0;0;3847;0;0;0;0;0;0;
32305;4402437;582938624;33566720;540700672;0;0;0;0;0;0;0;0;0;0;0;5140;0;0;0;0;0;0;
32306;5150670;582938624;33566720;540700672;0;0;0;0;0;0;0;0;0;0;0;4077;0;0;0;0;0;0;
32307;4559290;582938624;33566720;540700672;0;0;0;0;0;0;0;0;0;0;0;5560;0;0;0;0;0;0;
32308;5075128;582938624;33566720;540700672;0;0;0;0;0;0;0;0;0;0;0;3778;0;0;0;0;0;0;
32309;4590118;582938624;33566720;540700672;0;0;0;0;0;0;0;0;0;0;0;5891;0;0;0;0;0;0;
32310;5163544;582938624;33566720;540700672;0;0;0;0;0;0;0;0;0;0;0;4057;0;0;0;0;0;0;
32311;5291925;582938624;33566720;540700672;0;0;0;0;0;0;0;0;0;0;0;6162;0;0;0;0;0;0;
32312;5154296;582938624;33566720;540700672;0;0;0;0;0;0;0;0;0;0;0;4648;0;0;0;0;0;0;
32313;5135791;582938624;33566720;540700672;0;0;0;0;0;0;0;0;0;0;0;5450;0;0;0;0;0;0;
32314;5447376;582938624;33566720;540700672;0;0;0;0;0;0;0;0;0;0;0;4198;0;0;0;0;0;0;
32315;5562852;582938624;33566720;540700672;0;0;0;0;0;0;0;0;0;0;0;4358;0;0;0;0;0;0;
32316;5094724;582938624;33566720;540700672;0;0;0;0;0;0;0;0;0;0;0;3787;0;0;0;0;0;0;
32317;5546632;582938624;33566720;540700672;0;0;0;0;0;0;0;0;0;0;0;5099;0;0;0;0;0;0;
32318;4936378;582938624;33566720;540700672;0;0;0;0;0;0;0;0;0;0;0;4348;0;0;0;0;0;0;
32319;5761966;582938624;33566720;540700672;0;0;0;0;0;0;0;0;0;0;0;4549;0;0;0;0;0;0;
32320;5111616;582938624;33566720;540700672;0;0;0;0;0;0;0;0;0;0;0;4378;0;0;0;0;0;0;
32321;5064428;582938624;33566720;540700672;0;0;0;0;0;0;0;0;0;0;0;3818;0;0;0;0;0;0;
32322;5243954;582938624;33566720;540700672;0;0;0;0;0;0;0;0;0;0;0;4068;0;0;0;0;0;0;
32323;4835067;582938624;33566720;540700672;0;0;0;0;0;0;0;0;0;0;0;5440;0;0;0;0;0;0;
32324;5083604;582938624;33566720;540700672;0;0;0;0;0;0;0;0;0;0;0;4218;0;0;0;0;0;0;
32325;4842431;582938624;33566720;540700672;0;0;0;0;0;0;0;0;0;0;0;5841;0;0;0;0;0;0;
32326;5138426;582938624;33566720;540700672;0;0;0;0;0;0;0;0;0;0;0;11411;0;0;0;0;0;0;
32327;4499849;582938624;33566720;540700672;0;0;0;0;0;0;0;0;0;0;0;4860;0;0;0;0;0;0;
32328;4882327;582938624;33566720;540700672;0;0;0;0;0;0;0;0;0;0;0;4107;0;0;0;0;0;0;
32329;4302088;582938624;33566720;540700672;0;0;0;0;0;0;0;0;0;0;0;5401;0;0;0;0;0;0;
32330;5017960;582938624;33566720;540700672;0;0;0;0;0;0;0;0;0;0;0;3977;0;0;0;0;0;0;
32331;4510930;582938624;33566720;540700672;0;0;0;0;0;0;0;0;0;0;0;4068;0;0;0;0;0;0;
32332;5077642;582938624;33566720;540700672;0;0;0;0;0;0;0;0;0;0;0;3737;0;0;0;0;0;0;
32333;4508906;582938624;33566720;540700672;0;0;0;0;0;0;0;0;0;0;0;5009;0;0;0;0;0;0;
32334;5014825;582938624;33566720;540700672;0;0;0;0;0;0;0;0;0;0;0;4178;0;0;0;0;0;0;
32335;4263095;582938624;33566720;540700672;0;0;0;0;0;0;0;0;0;0;0;5039;0;0;0;0;0;0;
32336;4951987;582938624;33566720;540700672;0;0;0;0;0;0;0;0;0;0;0;3987;0;0;0;0;0;0;
32337;4916911;582938624;33566720;540700672;0;0;0;0;0;0;0;0;0;0;0;4809;0;0;0;0;0;0;
32338;4992183;582938624;33566720;540700672;0;0;0;0;0;0;0;0;0;0;0;4619;0;0;0;0;0;0;
32339;4799741;582938624;33566720;540700672;0;0;0;0;0;0;0;0;0;0;0;4038;0;0;0;0;0;0;
32340;4884541;582938624;33566720;540700672;0;0;0;0;0;0;0;0;0;0;0;4128;0;0;0;0;0;0;
32341;4187252;582938624;33566720;540700672;0;0;0;0;0;0;0;0;0;0;0;4759;0;0;0;0;0;0;
32342;4693773;582938624;33566720;540700672;0;0;0;0;0;0;0;0;0;0;0;4799;0;0;0;0;0;0;
32343;4191831;582938624;33566720;540700672;0;0;0;0;0;0;0;0;0;0;0;4007;0;0;0;0;0;0;
32344;4777169;582938624;33566720;540700672;0;0;0;0;0;0;0;0;0;0;0;3717;0;0;0;0;0;0;
32345;4167796;582938624;33566720;540700672;0;0;0;0;0;0;0;0;0;0;0;4648;0;0;0;0;0;0;
32346;4866226;582938624;33566720;540700672;0;0;0;0;0;0;0;0;0;0;0;4027;0;0;0;0;0;0;
32347;4292279;582938624;33566720;540700672;0;0;0;0;0;0;0;0;0;0;0;4329;0;0;0;0;0;0;
32348;4891453;582938624;33566720;540700672;0;0;0;0;0;0;0;0;0;0;0;3697;0;0;0;0;0;0;
32349;4236926;582938624;33566720;540700672;0;0;0;0;0;0;0;0;0;0;0;4719;0;0;0;0;0;0;
32350;5022689;582938624;33566720;540700672;0;0;0;0;0;0;0;0;0;0;0;3296;0;0;0;0;0;0;
32351;4169038;582938624;33566720;540700672;0;0;0;0;0;0;0;0;0;0;0;4438;0;0;0;0;0;0;
32352;5038499;582938624;33566720;540700672;0;0;0;0;0;0;0;0;0;0;0;3807;0;0;0;0;0;0;
32353;4178627;582938624;33566720;540700672;0;0;0;0;0;0;0;0;0;0;0;4528;0;0;0;0;0;0;
32354;4907614;582938624;33566720;540700672;0;0;0;0;0;0;0;0;0;0;0;4158;0;0;0;0;0;0;
32355;4205627;582938624;33566720;540700672;0;0;0;0;0;0;0;0;0;0;0;4218;0;0;0;0;0;0;
32356;4980701;582938624;33566720;540700672;0;0;0;0;0;0;0;0;0;0;0;3366;0;0;0;0;0;0;
32357;3989361;582938624;33566720;540700672;0;0;0;0;0;0;0;0;0;0;0;3807;0;0;0;0;0;0;
32358;5060721;582938624;33566720;540700672;0;0;0;0;0;0;0;0;0;0;0;4138;0;0;0;0;0;0;
32359;4136928;582938624;33566720;540700672;0;0;0;0;0;0;0;0;0;0;0;4839;0;0;0;0;0;0;
32360;4947709;582938624;33566720;540700672;0;0;0;0;0;0;0;0;0;0;0;4017;0;0;0;0;0;0;
32361;4283423;582938624;33566720;540700672;0;0;0;0;0;0;0;0;0;0;0;3697;0;0;0;0;0;0;
32362;4823015;582938624;33566720;540700672;0;0;0;0;0;0;0;0;0;0;0;3657;0;0;0;0;0;0;
32363;3983891;582938624;33566720;540700672;0;0;0;0;0;0;0;0;0;0;0;4077;0;0;0;0;0;0;
32364;5030194;582938624;33566720;540700672;0;0;0;0;0;0;0;0;0;0;0;4038;0;0;0;0;0;0;
32365;4236595;582938624;33566720;540700672;0;0;0;0;0;0;0;0;0;0;0;4959;0;0;0;0;0;0;
32366;5332350;582938624;33566720;540700672;0;0;0;0;0;0;0;0;0;0;0;4107;0;0;0;0;0;0;
32367;4846930;582938624;33566720;540700672;0;0;0;0;0;0;0;0;0;0;0;4688;0;0;0;0;0;0;
32368;5076761;582938624;33566720;540700672;0;0;0;0;0;0;0;0;0;0;0;4639;0;0;0;0;0;0;
32369;4599867;582938624;33566720;540700672;0;0;0;0;0;0;0;0;0;0;0;5220;0;0;0;0;0;0;
32370;5088664;582938624;33566720;540700672;0;0;0;0;0;0;0;0;0;0;0;5440;0;0;0;0;0;0;
32371;4504188;582938624;33566720;540700672;0;0;0;0;0;0;0;0;0;0;0;5180;0;0;0;0;0;0;
32372;4952769;582938624;33566720;540700672;0;0;0;0;0;0;0;0;0;0;0;4148;0;0;0;0;0;0;
32373;4504758;582938624;33566720;540700672;0;0;0;0;0;0;0;0;0;0;0;4769;0;0;0;0;0;0;
32374;5371844;582938624;33574912;540708864;0;0;0;0;0;0;0;0;0;0;0;5160;0;0;0;0;0;0;
32375;4456899;582938624;33574912;540708864;0;0;0;0;0;0;0;0;0;0;0;4748;0;0;0;0;0;0;
32376;5168643;582938624;33574912;540708864;0;0;0;0;0;0;0;0;0;0;0;4859;0;0;0;0;0;0;
32377;4451689;582938624;33574912;540708864;0;0;0;0;0;0;0;0;0;0;0;4829;0;0;0;0;0;0;
32378;5544799;582938624;33574912;540708864;0;0;0;0;0;0;0;0;0;0;0;5631;0;0;0;0;0;0;
32379;4471827;582938624;33574912;540708864;0;0;0;0;0;0;0;0;0;0;0;4519;0;0;0;0;0;0;
32380;5559185;582938624;33574912;540708864;0;0;0;0;0;0;0;0;0;0;0;4629;0;0;0;0;0;0;
32381;4517552;582938624;33566720;540700672;0;0;0;0;0;0;0;0;0;0;0;5240;0;0;0;0;0;0;
32382;5672979;582938624;33566720;540700672;0;0;0;0;0;0;0;0;0;0;0;5290;0;0;0;0;0;0;
32383;5829332;582938624;33566720;540700672;0;0;0;0;0;0;0;0;0;0;0;5501;0;0;0;0;0;0;
32384;5289470;582938624;33566720;540700672;0;0;0;0;0;0;0;0;0;0;0;5240;0;0;0;0;0;0;
32385;4830910;582938624;33566720;540700672;0;0;0;0;0;0;0;0;0;0;0;4979;0;0;0;0;0;0;
32386;5397121;582938624;33566720;540700672;0;0;0;0;0;0;0;0;0;0;0;5049;0;0;0;0;0;0;
32387;5920824;582938624;33566720;540700672;0;0;0;0;0;0;0;0;0;0;0;5400;0;0;0;0;0;0;
32388;5782173;582938624;33566720;540700672;0;0;0;0;0;0;0;0;0;0;0;6242;0;0;0;0;0;0;
32389;5795399;582938624;33566720;540700672;0;0;0;0;0;0;0;0;0;0;0;4879;0;0;0;0;0;0;
32390;5626091;582938624;33566720;540700672;0;0;0;0;0;0;0;0;0;0;0;5801;0;0;0;0;0;0;
32391;4963839;582938624;33566720;540700672;0;0;0;0;0;0;0;0;0;0;0;5209;0;0;0;0;0;0;
32392;5251138;582938624;33566720;540700672;0;0;0;0;0;0;0;0;0;0;0;4117;0;0;0;0;0;0;
32393;5226081;582938624;33566720;540700672;0;0;0;0;0;0;0;0;0;0;0;4799;0;0;0;0;0;0;
32394;5038940;582938624;33566720;540700672;0;0;0;0;0;0;0;0;0;0;0;4098;0;0;0;0;0;0;
32395;5541843;582938624;33566720;540700672;0;0;0;0;0;0;0;0;0;0;0;4789;0;0;0;0;0;0;
32396;4978977;582938624;33566720;540700672;0;0;0;0;0;0;0;0;0;0;0;4127;0;0;0;0;0;0;
32397;4308180;582938624;33566720;540700672;0;0;0;0;0;0;0;0;0;0;0;4669;0;0;0;0;0;0;
32398;4910789;582938624;33566720;540700672;0;0;0;0;0;0;0;0;0;0;0;3446;0;0;0;0;0;0;
32399;3998338;582938624;33566720;540700672;0;0;0;0;0;0;0;0;0;0;0;5000;0;0;0;0;0;0;
32400;5021267;582938624;33566720;540700672;0;0;0;0;0;0;0;0;0;0;0;4359;0;0;0;0;0;0;
32401;4292059;582938624;33566720;540700672;0;0;0;0;0;0;0;0;0;0;0;4298;0;0;0;0;0;0;
32402;5282767;582938624;33566720;540700672;0;0;0;0;0;0;0;0;0;0;0;4639;0;0;0;0;0;0;
32403;4654890;582938624;33566720;540700672;0;0;0;0;0;0;0;0;0;0;0;4529;0;0;0;0;0;0;
32404;5677728;582938624;33566720;540700672;0;0;0;0;0;0;0;0;0;0;0;4619;0;0;0;0;0;0;
32405;4314291;582938624;33566720;540700672;0;0;0;0;0;0;0;0;0;0;0;4478;0;0;0;0;0;0;
32406;5919541;582938624;33566720;540700672;0;0;0;0;0;0;0;0;0;0;0;5099;0;0;0;0;0;0;
32407;4134083;582938624;33566720;540700672;0;0;0;0;0;0;0;0;0;0;0;5120;0;0;0;0;0;0;
32408;5374349;582938624;33566720;540700672;0;0;0;0;0;0;0;0;0;0;0;5120;0;0;0;0;0;0;
32409;4339578;582938624;33566720;540700672;0;0;0;0;0;0;0;0;0;0;0;5660;0;0;0;0;0;0;
32410;5494103;582938624;33566720;540700672;0;0;0;0;0;0;0;0;0;0;0;5360;0;0;0;0;0;0;
32411;4574208;582938624;33566720;540700672;0;0;0;0;0;0;0;0;0;0;0;4488;0;0;0;0;0;0;
32412;5528709;582938624;33566720;540700672;0;0;0;0;0;0;0;0;0;0;0;5149;0;0;0;0;0;0;
32413;4811704;582938624;33566720;540700672;0;0;0;0;0;0;0;0;0;0;0;5370;0;0;0;0;0;0;
32414;5097670;582938624;33566720;540700672;0;0;0;0;0;0;0;0;0;0;0;5190;0;0;0;0;0;0;
32415;4619233;582938624;33566720;540700672;0;0;0;0;0;0;0;0;0;0;0;5000;0;0;0;0;0;0;
32416;5244826;582938624;33566720;540700672;0;0;0;0;0;0;0;0;0;0;0;4718;0;0;0;0;0;0;
32417;5029692;582938624;33566720;540700672;0;0;0;0;0;0;0;0;0;0;0;5620;0;0;0;0;0;0;
32418;4976122;582938624;33566720;540700672;0;0;0;0;0;0;0;0;0;0;0;4458;0;0;0;0;0;0;
32419;13526928;582938624;33566720;540700672;0;0;0;0;0;0;0;0;0;0;0;4539;0;0;0;0;0;0;
32420;5412701;582938624;33566720;540700672;0;0;0;0;0;0;0;0;0;0;0;5591;0;0;0;0;0;0;
32421;4498366;582938624;33566720;540700672;0;0;0;0;0;0;0;0;0;0;0;4529;0;0;0;0;0;0;
32422;5615812;582938624;33566720;540700672;0;0;0;0;0;0;0;0;0;0;0;5420;0;0;0;0;0;0;
32423;4968297;582938624;33566720;540700672;0;0;0;0;0;0;0;0;0;0;0;4037;0;0;0;0;0;0;
32424;5579163;582938624;33566720;540700672;0;0;0;0;0;0;0;0;0;0;0;4970;0;0;0;0;0;0;
32425;3793344;582938624;33566720;540700672;0;0;0;0;0;0;0;0;0;0;0;4098;0;0;0;0;0;0;
32426;5168102;582938624;33566720;540700672;0;0;0;0;0;0;0;0;0;0;0;5420;0;0;0;0;0;0;
32427;3970736;582938624;33566720;540700672;0;0;0;0;0;0;0;0;0;0;0;4809;0;0;0;0;0;0;
32428;5267218;582938624;33566720;540700672;0;0;0;0;0;0;0;0;0;0;0;5631;0;0;0;0;0;0;
32429;4051739;582938624;33566720;540700672;0;0;0;0;0;0;0;0;0;0;0;4258;0;0;0;0;0;0;
32430;4689214;582938624;33566720;540700672;0;0;0;0;0;0;0;0;0;0;0;3737;0;0;0;0;0;0;
32431;4221767;582938624;33566720;540700672;0;0;0;0;0;0;0;0;0;0;0;4849;0;0;0;0;0;0;
32432;4771178;582938624;33566720;540700672;0;0;0;0;0;0;0;0;0;0;0;3617;0;0;0;0;0;0;
32433;4139873;582938624;33566720;540700672;0;0;0;0;0;0;0;0;0;0;0;4549;0;0;0;0;0;0;
32434;5004395;582938624;33566720;540700672;0;0;0;0;0;0;0;0;0;0;0;4709;0;0;0;0;0;0;
32435;4552247;582938624;33566720;540700672;0;0;0;0;0;0;0;0;0;0;0;5330;0;0;0;0;0;0;
32436;4907253;582938624;33566720;540700672;0;0;0;0;0;0;0;0;0;0;0;4238;0;0;0;0;0;0;
32437;4126258;582938624;33566720;540700672;0;0;0;0;0;0;0;0;0;0;0;4589;0;0;0;0;0;0;
32438;4821753;582938624;33566720;540700672;0;0;0;0;0;0;0;0;0;0;0;3426;0;0;0;0;0;0;
32439;6093007;582938624;33566720;540700672;0;0;0;0;0;0;0;0;0;0;0;5681;0;0;0;0;0;0;
32440;5254844;582938624;33566720;540700672;0;0;0;0;0;0;0;0;0;0;0;4348;0;0;0;0;0;0;
32441;4539894;582938624;33566720;540700672;0;0;0;0;0;0;0;0;0;0;0;4238;0;0;0;0;0;0;
32442;5060119;582938624;33566720;540700672;0;0;0;0;0;0;0;0;0;0;0;3907;0;0;0;0;0;0;
32443;4280578;582938624;33566720;540700672;0;0;0;0;0;0;0;0;0;0;0;4358;0;0;0;0;0;0;
32444;5026196;582938624;33566720;540700672;0;0;0;0;0;0;0;0;0;0;0;3386;0;0;0;0;0;0;
32445;4785324;582938624;33566720;540700672;0;0;0;0;0;0;0;0;0;0;0;4669;0;0;0;0;0;0;
32446;4920218;582938624;33566720;540700672;0;0;0;0;0;0;0;0;0;0;0;3948;0;0;0;0;0;0;
32447;4937139;582938624;33566720;540700672;0;0;0;0;0;0;0;0;0;0;0;5079;0;0;0;0;0;0;
32448;4841109;582938624;33566720;540700672;0;0;0;0;0;0;0;0;0;0;0;3737;0;0;0;0;0;0;
32449;4282792;582938624;33566720;540700672;0;0;0;0;0;0;0;0;0;0;0;4338;0;0;0;0;0;0;
32450;4941297;582938624;33566720;540700672;0;0;0;0;0;0;0;0;0;0;0;3897;0;0;0;0;0;0;
32451;4099879;582938624;33566720;540700672;0;0;0;0;0;0;0;0;0;0;0;3998;0;0;0;0;0;0;
32452;4860405;582938624;33566720;540700672;0;0;0;0;0;0;0;0;0;0;0;3597;0;0;0;0;0;0;
32453;4120227;582938624;33566720;540700672;0;0;0;0;0;0;0;0;0;0;0;4128;0;0;0;0;0;0;
32454;5069768;582938624;33566720;540700672;0;0;0;0;0;0;0;0;0;0;0;3617;0;0;0;0;0;0;
32455;4080333;582938624;33566720;540700672;0;0;0;0;0;0;0;0;0;0;0;4338;0;0;0;0;0;0;
32456;4978236;582938624;33566720;540700672;0;0;0;0;0;0;0;0;0;0;0;3516;0;0;0;0;0;0;
32457;4036059;582938624;33566720;540700672;0;0;0;0;0;0;0;0;0;0;0;4398;0;0;0;0;0;0;
32458;4984878;582938624;33566720;540700672;0;0;0;0;0;0;0;0;0;0;0;3417;0;0;0;0;0;0;
32459;4470153;582938624;33566720;540700672;0;0;0;0;0;0;0;0;0;0;0;5150;0;0;0;0;0;0;
32460;4997973;582938624;33566720;540700672;0;0;0;0;0;0;0;0;0;0;0;4579;0;0;0;0;0;0;
32461;4467598;582938624;33566720;540700672;0;0;0;0;0;0;0;0;0;0;0;5330;0;0;0;0;0;0;
32462;5074978;582938624;33566720;540700672;0;0;0;0;0;0;0;0;0;0;0;4197;0;0;0;0;0;0;
32463;4661402;582938624;33566720;540700672;0;0;0;0;0;0;0;0;0;0;0;4879;0;0;0;0;0;0;
32464;4926249;582938624;33566720;540700672;0;0;0;0;0;0;0;0;0;0;0;4548;0;0;0;0;0;0;
32465;4804480;582938624;33566720;540700672;0;0;0;0;0;0;0;0;0;0;0;5460;0;0;0;0;0;0;
32466;5248733;582938624;33566720;540700672;0;0;0;0;0;0;0;0;0;0;0;5961;0;0;0;0;0;0;
32467;4481044;582938624;33566720;540700672;0;0;0;0;0;0;0;0;0;0;0;5390;0;0;0;0;0;0;
32468;5518669;582938624;33566720;540700672;0;0;0;0;0;0;0;0;0;0;0;6161;0;0;0;0;0;0;
32469;4599506;582938624;33566720;540700672;0;0;0;0;0;0;0;0;0;0;0;7083;0;0;0;0;0;0;
32470;5375261;582938624;33566720;540700672;0;0;0;0;0;0;0;0;0;0;0;5510;0;0;0;0;0;0;
32471;4607561;582938624;33566720;540700672;0;0;0;0;0;0;0;0;0;0;0;4438;0;0;0;0;0;0;
32472;5169996;582938624;33566720;540700672;0;0;0;0;0;0;0;0;0;0;0;4779;0;0;0;0;0;0;
32473;5055771;582938624;33566720;540700672;0;0;0;0;0;0;0;0;0;0;0;5150;0;0;0;0;0;0;
32474;5117778;582938624;33574912;540708864;0;0;0;0;0;0;0;0;0;0;0;4428;0;0;0;0;0;0;
32475;5611073;582938624;33574912;540708864;0;0;0;0;0;0;0;0;0;0;0;4228;0;0;0;0;0;0;
32476;4978416;582938624;33574912;540708864;0;0;0;0;0;0;0;0;0;0;0;3347;0;0;0;0;0;0;
32477;5011278;582938624;33574912;540708864;0;0;0;0;0;0;0;0;0;0;0;4929;0;0;0;0;0;0;
32478;4989547;582938624;33574912;540708864;0;0;0;0;0;0;0;0;0;0;0;4629;0;0;0;0;0;0;
32479;5050201;582938624;33574912;540708864;0;0;0;0;0;0;0;0;0;0;0;4228;0;0;0;0;0;0;
32480;4963499;582938624;33574912;540708864;0;0;0;0;0;0;0;0;0;0;0;3707;0;0;0;0;0;0;
32481;4645803;582938624;33566720;540700672;0;0;0;0;0;0;0;0;0;0;0;4739;0;0;0;0;0;0;
32482;4842401;582938624;33566720;540700672;0;0;0;0;0;0;0;0;0;0;0;3958;0;0;0;0;0;0;
32483;4677402;582938624;33566720;540700672;0;0;0;0;0;0;0;0;0;0;0;4869;0;0;0;0;0;0;
32484;4823145;582938624;33566720;540700672;0;0;0;0;0;0;0;0;0;0;0;3697;0;0;0;0;0;0;
32485;4053672;582938624;33566720;540700672;0;0;0;0;0;0;0;0;0;0;0;5320;0;0;0;0;0;0;
32486;5069728;582938624;33566720;540700672;0;0;0;0;0;0;0;0;0;0;0;4349;0;0;0;0;0;0;
32487;4219072;582938624;33566720;540700672;0;0;0;0;0;0;0;0;0;0;0;5360;0;0;0;0;0;0;
32488;4775035;582938624;33566720;540700672;0;0;0;0;0;0;0;0;0;0;0;4288;0;0;0;0;0;0;
32489;4124775;582938624;33566720;540700672;0;0;0;0;0;0;0;0;0;0;0;4849;0;0;0;0;0;0;
32490;4860255;582938624;33566720;540700672;0;0;0;0;0;0;0;0;0;0;0;4028;0;0;0;0;0;0;
32491;4501702;582938624;33566720;540700672;0;0;0;0;0;0;0;0;0;0;0;4489;0;0;0;0;0;0;
32492;4871526;582938624;33566720;540700672;0;0;0;0;0;0;0;0;0;0;0;4047;0;0;0;0;0;0;
32493;4610847;582938624;33566720;540700672;0;0;0;0;0;0;0;0;0;0;0;5179;0;0;0;0;0;0;
32494;4924054;582938624;33566720;540700672;0;0;0;0;0;0;0;0;0;0;0;4479;0;0;0;0;0;0;
32495;4808097;582938624;33566720;540700672;0;0;0;0;0;0;0;0;0;0;0;4859;0;0;0;0;0;0;
32496;5106677;582938624;33566720;540700672;0;0;0;0;0;0;0;0;0;0;0;4298;0;0;0;0;0;0;
32497;4554942;582938624;33566720;540700672;0;0;0;0;0;0;0;0;0;0;0;5931;0;0;0;0;0;0;
32498;5126514;582938624;33566720;540700672;0;0;0;0;0;0;0;0;0;0;0;6032;0;0;0;0;0;0;
32499;4391416;582938624;33566720;540700672;0;0;0;0;0;0;0;0;0;0;0;4549;0;0;0;0;0;0;
32500;5395729;582938624;33566720;540700672;0;0;0;0;0;0;0;0;0;0;0;5059;0;0;0;0;0;0;
32501;4754196;582938624;33566720;540700672;0;0;0;0;0;0;0;0;0;0;0;6271;0;0;0;0;0;0;
32502;5304408;582938624;33566720;540700672;0;0;0;0;0;0;0;0;0;0;0;4598;0;0;0;0;0;0;
32503;4856388;582938624;33566720;540700672;0;0;0;0;0;0;0;0;0;0;0;4559;0;0;0;0;0;0;
32504;5290312;582938624;33566720;540700672;0;0;0;0;0;0;0;0;0;0;0;4719;0;0;0;0;0;0;
32505;4484279;582938624;33566720;540700672;0;0;0;0;0;0;0;0;0;0;0;5019;0;0;0;0;0;0;
32506;5268571;582938624;33566720;540700672;0;0;0;0;0;0;0;0;0;0;0;4588;0;0;0;0;0;0;
32507;4578586;582938624;33566720;540700672;0;0;0;0;0;0;0;0;0;0;0;5280;0;0;0;0;0;0;
32508;5252831;582938624;33566720;540700672;0;0;0;0;0;0;0;0;0;0;0;5140;0;0;0;0;0;0;
32509;4878429;582938624;33566720;540700672;0;0;0;0;0;0;0;0;0;0;0;5871;0;0;0;0;0;0;
32510;4934453;582938624;33566720;540700672;0;0;0;0;0;0;0;0;0;0;0;4248;0;0;0;0;0;0;
32511;4795313;582938624;33566720;540700672;0;0;0;0;0;0;0;0;0;0;0;5039;0;0;0;0;0;0;
32512;4967316;582938624;33566720;540700672;0;0;0;0;0;0;0;0;0;0;0;4679;0;0;0;0;0;0;
32513;4530036;582938624;33566720;540700672;0;0;0;0;0;0;0;0;0;0;0;6002;0;0;0;0;0;0;
32514;5163855;582938624;33566720;540700672;0;0;0;0;0;0;0;0;0;0;0;6032;0;0;0;0;0;0;
32515;4494900;582938624;33566720;540700672;0;0;0;0;0;0;0;0;0;0;0;4648;0;0;0;0;0;0;
32516;5519371;582938624;33566720;540700672;0;0;0;0;0;0;0;0;0;0;0;4869;0;0;0;0;0;0;
32517;4456858;582938624;33566720;540700672;0;0;0;0;0;0;0;0;0;0;0;5961;0;0;0;0;0;0;
32518;5497129;582938624;33566720;540700672;0;0;0;0;0;0;0;0;0;0;0;5220;0;0;0;0;0;0;
32519;4506691;582938624;33566720;540700672;0;0;0;0;0;0;0;0;0;0;0;5581;0;0;0;0;0;0;
32520;5121414;582938624;33566720;540700672;0;0;0;0;0;0;0;0;0;0;0;5701;0;0;0;0;0;0;
32521;5242231;582938624;33566720;540700672;0;0;0;0;0;0;0;0;0;0;0;4889;0;0;0;0;0;0;
32522;5338131;582938624;33566720;540700672;0;0;0;0;0;0;0;0;0;0;0;4388;0;0;0;0;0;0;
32523;4516620;582938624;33566720;540700672;0;0;0;0;0;0;0;0;0;0;0;4719;0;0;0;0;0;0;
32524;4873009;582938624;33566720;540700672;0;0;0;0;0;0;0;0;0;0;0;4077;0;0;0;0;0;0;
32525;4644530;582938624;33566720;540700672;0;0;0;0;0;0;0;0;0;0;0;4528;0;0;0;0;0;0;
32526;5541072;582938624;33566720;540700672;0;0;0;0;0;0;0;0;0;0;0;5921;0;0;0;0;0;0;
32527;5371173;582938624;33566720;540700672;0;0;0;0;0;0;0;0;0;0;0;6032;0;0;0;0;0;0;
32528;5122897;582938624;33566720;540700672;0;0;0;0;0;0;0;0;0;0;0;4208;0;0;0;0;0;0;
32529;5425175;582938624;33566720;540700672;0;0;0;0;0;0;0;0;0;0;0;5240;0;0;0;0;0;0;
32530;5230639;582938624;33566720;540700672;0;0;0;0;0;0;0;0;0;0;0;5750;0;0;0;0;0;0;
32531;5423812;582938624;33566720;540700672;0;0;0;0;0;0;0;0;0;0;0;4939;0;0;0;0;0;0;
32532;5148816;582938624;33566720;540700672;0;0;0;0;0;0;0;0;0;0;0;4729;0;0;0;0;0;0;
32533;4440748;582938624;33566720;540700672;0;0;0;0;0;0;0;0;0;0;0;4619;0;0;0;0;0;0;
32534;5565588;582938624;33566720;540700672;0;0;0;0;0;0;0;0;0;0;0;4809;0;0;0;0;0;0;
32535;5677708;582938624;33566720;540700672;0;0;0;0;0;0;0;0;0;0;0;5230;0;0;0;0;0;0;
32536;6020912;582938624;33566720;540700672;0;0;0;0;0;0;0;0;0;0;0;4579;0;0;0;0;0;0;
32537;5959366;582938624;33566720;540700672;0;0;0;0;0;0;0;0;0;0;0;5300;0;0;0;0;0;0;
32538;5215471;582938624;33566720;540700672;0;0;0;0;0;0;0;0;0;0;0;4599;0;0;0;0;0;0;
32539;5451544;582938624;33566720;540700672;0;0;0;0;0;0;0;0;0;0;0;4879;0;0;0;0;0;0;
32540;5472413;582938624;33566720;540700672;0;0;0;0;0;0;0;0;0;0;0;4398;0;0;0;0;0;0;
32541;4581192;582938624;33566720;540700672;0;0;0;0;0;0;0;0;0;0;0;5270;0;0;0;0;0;0;
32542;6079972;582938624;33566720;540700672;0;0;0;0;0;0;0;0;0;0;0;4117;0;0;0;0;0;0;
32543;4575621;582938624;33566720;540700672;0;0;0;0;0;0;0;0;0;0;0;5751;0;0;0;0;0;0;
32544;5129951;582938624;33566720;540700672;0;0;0;0;0;0;0;0;0;0;0;3467;0;0;0;0;0;0;
32545;4610706;582938624;33566720;540700672;0;0;0;0;0;0;0;0;0;0;0;13716;0;0;0;0;0;0;
32546;5254995;582938624;33566720;540700672;0;0;0;0;0;0;0;0;0;0;0;3807;0;0;0;0;0;0;
32547;4538592;582938624;33566720;540700672;0;0;0;0;0;0;0;0;0;0;0;4067;0;0;0;0;0;0;
32548;5528908;582938624;33566720;540700672;0;0;0;0;0;0;0;0;0;0;0;5290;0;0;0;0;0;0;
32549;4523112;582938624;33566720;540700672;0;0;0;0;0;0;0;0;0;0;0;4298;0;0;0;0;0;0;
32550;5532857;582938624;33566720;540700672;0;0;0;0;0;0;0;0;0;0;0;5631;0;0;0;0;0;0;
32551;4758494;582938624;33566720;540700672;0;0;0;0;0;0;0;0;0;0;0;4819;0;0;0;0;0;0;
32552;5378096;582938624;33566720;540700672;0;0;0;0;0;0;0;0;0;0;0;4048;0;0;0;0;0;0;
32553;4633980;582938624;33566720;540700672;0;0;0;0;0;0;0;0;0;0;0;5480;0;0;0;0;0;0;
32554;4856077;582938624;33566720;540700672;0;0;0;0;0;0;0;0;0;0;0;3747;0;0;0;0;0;0;
32555;4414478;582938624;33566720;540700672;0;0;0;0;0;0;0;0;0;0;0;4819;0;0;0;0;0;0;
32556;4965853;582938624;33566720;540700672;0;0;0;0;0;0;0;0;0;0;0;3878;0;0;0;0;0;0;
32557;4479481;582938624;33566720;540700672;0;0;0;0;0;0;0;0;0;0;0;5320;0;0;0;0;0;0;
32558;5118419;582938624;33566720;540700672;0;0;0;0;0;0;0;0;0;0;0;4147;0;0;0;0;0;0;
32559;4502313;582938624;33566720;540700672;0;0;0;0;0;0;0;0;0;0;0;4959;0;0;0;0;0;0;
32560;5750805;582938624;33566720;540700672;0;0;0;0;0;0;0;0;0;0;0;5069;0;0;0;0;0;0;
32561;4804009;582938624;33566720;540700672;0;0;0;0;0;0;0;0;0;0;0;4879;0;0;0;0;0;0;
32562;5448799;582938624;33566720;540700672;0;0;0;0;0;0;0;0;0;0;0;4027;0;0;0;0;0;0;
32563;4181371;582938624;33566720;540700672;0;0;0;0;0;0;0;0;0;0;0;4148;0;0;0;0;0;0;
32564;5207085;582938624;33566720;540700672;0;0;0;0;0;0;0;0;0;0;0;4278;0;0;0;0;0;0;
32565;4411874;582938624;33566720;540700672;0;0;0;0;0;0;0;0;0;0;0;4839;0;0;0;0;0;0;
32566;5046244;582938624;33566720;540700672;0;0;0;0;0;0;0;0;0;0;0;4588;0;0;0;0;0;0;
32567;4291047;582938624;33566720;540700672;0;0;0;0;0;0;0;0;0;0;0;4508;0;0;0;0;0;0;
32568;4934334;582938624;33566720;540700672;0;0;0;0;0;0;0;0;0;0;0;4338;0;0;0;0;0;0;
32569;4938231;582938624;33566720;540700672;0;0;0;0;0;0;0;0;0;0;0;5200;0;0;0;0;0;0;
32570;4910829;582938624;33566720;540700672;0;0;0;0;0;0;0;0;0;0;0;3767;0;0;0;0;0;0;
32571;4696909;582938624;33566720;540700672;0;0;0;0;0;0;0;0;0;0;0;4638;0;0;0;0;0;0;
32572;4844806;582938624;33566720;540700672;0;0;0;0;0;0;0;0;0;0;0;3877;0;0;0;0;0;0;
32573;4568297;582938624;33566720;540700672;0;0;0;0;0;0;0;0;0;0;0;4609;0;0;0;0;0;0;
32574;4821883;582938624;33566720;540700672;0;0;0;0;0;0;0;0;0;0;0;3808;0;0;0;0;0;0;
32575;4694043;582938624;33566720;540700672;0;0;0;0;0;0;0;0;0;0;0;5019;0;0;0;0;0;0;
32576;4928633;582938624;33566720;540700672;0;0;0;0;0;0;0;0;0;0;0;3807;0;0;0;0;0;0;
32577;4960513;582938624;33566720;540700672;0;0;0;0;0;0;0;0;0;0;0;4869;0;0;0;0;0;0;
32578;5072734;582938624;33566720;540700672;0;0;0;0;0;0;0;0;0;0;0;4288;0;0;0;0;0;0;
32579;5481119;582938624;33566720;540700672;0;0;0;0;0;0;0;0;0;0;0;5250;0;0;0;0;0;0;
32580;4992122;582938624;33566720;540700672;0;0;0;0;0;0;0;0;0;0;0;4579;0;0;0;0;0;0;
32581;5048137;582938624;33566720;540700672;0;0;0;0;0;0;0;0;0;0;0;4088;0;0;0;0;0;0;
32582;4736322;582938624;33566720;540700672;0;0;0;0;0;0;0;0;0;0;0;3056;0;0;0;0;0;0;
32583;4556835;582938624;33566720;540700672;0;0;0;0;0;0;0;0;0;0;0;4248;0;0;0;0;0;0;
32584;4982113;582938624;33566720;540700672;0;0;0;0;0;0;0;0;0;0;0;3626;0;0;0;0;0;0;
32585;4654169;582938624;33566720;540700672;0;0;0;0;0;0;0;0;0;0;0;5260;0;0;0;0;0;0;
32586;5136483;582938624;33566720;540700672;0;0;0;0;0;0;0;0;0;0;0;3898;0;0;0;0;0;0;
32587;5494424;582938624;33566720;540700672;0;0;0;0;0;0;0;0;0;0;0;4629;0;0;0;0;0;0;
32588;4987774;582938624;33566720;540700672;0;0;0;0;0;0;0;0;0;0;0;3446;0;0;0;0;0;0;
32589;4936147;582938624;33566720;540700672;0;0;0;0;0;0;0;0;0;0;0;4799;0;0;0;0;0;0;
32590;4919106;582938624;33566720;540700672;0;0;0;0;0;0;0;0;0;0;0;3857;0;0;0;0;0;0;
32591;4340210;582938624;33566720;540700672;0;0;0;0;0;0;0;0;0;0;0;3918;0;0;0;0;0;0;
32592;5402773;582938624;33566720;540700672;0;0;0;0;0;0;0;0;0;0;0;3817;0;0;0;0;0;0;
32593;3979583;582938624;33566720;540700672;0;0;0;0;0;0;0;0;0;0;0;3747;0;0;0;0;0;0;
32594;4988485;582938624;33566720;540700672;0;0;0;0;0;0;0;0;0;0;0;3517;0;0;0;0;0;0;
32595;3835293;582938624;33566720;540700672;0;0;0;0;0;0;0;0;0;0;0;4669;0;0;0;0;0;0;
32596;4718620;582938624;33566720;540700672;0;0;0;0;0;0;0;0;0;0;0;3096;0;0;0;0;0;0;
32597;3945008;582938624;33566720;540700672;0;0;0;0;0;0;0;0;0;0;0;3807;0;0;0;0;0;0;
32598;4840006;582938624;33566720;540700672;0;0;0;0;0;0;0;0;0;0;0;3567;0;0;0;0;0;0;
32599;4084079;582938624;33566720;540700672;0;0;0;0;0;0;0;0;0;0;0;3977;0;0;0;0;0;0;
32600;4941477;582938624;33566720;540700672;0;0;0;0;0;0;0;0;0;0;0;3106;0;0;0;0;0;0;
32601;4014278;582938624;33566720;540700672;0;0;0;0;0;0;0;0;0;0;0;4348;0;0;0;0;0;0;
32602;4927150;582938624;33566720;540700672;0;0;0;0;0;0;0;0;0;0;0;3637;0;0;0;0;0;0;
32603;3979734;582938624;33566720;540700672;0;0;0;0;0;0;0;0;0;0;0;4689;0;0;0;0;0;0;
32604;4831060;582938624;33566720;540700672;0;0;0;0;0;0;0;0;0;0;0;3626;0;0;0;0;0;0;
32605;4629192;582938624;33566720;540700672;0;0;0;0;0;0;0;0;0;0;0;5050;0;0;0;0;0;0;
32606;5323384;582938624;33566720;540700672;0;0;0;0;0;0;0;0;0;0;0;4087;0;0;0;0;0;0;
32607;4473670;582938624;33566720;540700672;0;0;0;0;0;0;0;0;0;0;0;4879;0;0;0;0;0;0;
32608;4900390;582938624;33566720;540700672;0;0;0;0;0;0;0;0;0;0;0;3206;0;0;0;0;0;0;
32609;4515939;582938624;33566720;540700672;0;0;0;0;0;0;0;0;0;0;0;4919;0;0;0;0;0;0;
32610;5218366;582938624;33566720;540700672;0;0;0;0;0;0;0;0;0;0;0;4388;0;0;0;0;0;0;
32611;4558950;582938624;33566720;540700672;0;0;0;0;0;0;0;0;0;0;0;5711;0;0;0;0;0;0;
32612;5047026;582938624;33566720;540700672;0;0;0;0;0;0;0;0;0;0;0;4659;0;0;0;0;0;0;
32613;4487126;582938624;33566720;540700672;0;0;0;0;0;0;0;0;0;0;0;4638;0;0;0;0;0;0;
32614;5286955;582938624;33566720;540700672;0;0;0;0;0;0;0;0;0;0;0;4960;0;0;0;0;0;0;
32615;4568788;582938624;33566720;540700672;0;0;0;0;0;0;0;0;0;0;0;5480;0;0;0;0;0;0;
32616;5302525;582938624;33566720;540700672;0;0;0;0;0;0;0;0;0;0;0;4799;0;0;0;0;0;0;
32617;4462308;582938624;33566720;540700672;0;0;0;0;0;0;0;0;0;0;0;4328;0;0;0;0;0;0;
32618;4985129;582938624;33566720;540700672;0;0;0;0;0;0;0;0;0;0;0;4258;0;0;0;0;0;0;
32619;4382168;582938624;33566720;540700672;0;0;0;0;0;0;0;0;0;0;0;6813;0;0;0;0;0;0;
32620;5259123;582938624;33566720;540700672;0;0;0;0;0;0;0;0;0;0;0;4819;0;0;0;0;0;0;
32621;4684686;582938624;33566720;540700672;0;0;0;0;0;0;0;0;0;0;0;4739;0;0;0;0;0;0;
32622;10849257;582938624;33566720;540700672;0;0;0;0;0;0;0;0;0;0;0;3777;0;0;0;0;0;0;
32623;5123048;582938624;33566720;540700672;0;0;0;0;0;0;0;0;0;0;0;58379;0;0;0;0;0;0;
32624;5264594;582938624;33566720;540700672;0;0;0;0;0;0;0;0;0;0;0;4137;0;0;0;0;0;0;
32625;4492074;582938624;33566720;540700672;0;0;0;0;0;0;0;0;0;0;0;5009;0;0;0;0;0;0;
32626;5024432;582938624;33566720;540700672;0;0;0;0;0;0;0;0;0;0;0;4198;0;0;0;0;0;0;
32627;4335381;582938624;33566720;540700672;0;0;0;0;0;0;0;0;0;0;0;4348;0;0;0;0;0;0;
32628;5090106;582938624;33566720;540700672;0;0;0;0;0;0;0;0;0;0;0;3978;0;0;0;0;0;0;
32629;4493306;582938624;33566720;540700672;0;0;0;0;0;0;0;0;0;0;0;4358;0;0;0;0;0;0;
32630;5090817;582938624;33566720;540700672;0;0;0;0;0;0;0;0;0;0;0;3957;0;0;0;0;0;0;
32631;5039871;582938624;33566720;540700672;0;0;0;0;0;0;0;0;0;0;0;3747;0;0;0;0;0;0;
32632;5034231;582938624;33566720;540700672;0;0;0;0;0;0;0;0;0;0;0;4188;0;0;0;0;0;0;
32633;4549452;582938624;33566720;540700672;0;0;0;0;0;0;0;0;0;0;0;4698;0;0;0;0;0;0;
32634;5225791;582938624;33566720;540700672;0;0;0;0;0;0;0;0;0;0;0;10750;0;0;0;0;0;0;
32635;4517622;582938624;33566720;540700672;0;0;0;0;0;0;0;0;0;0;0;5531;0;0;0;0;0;0;
32636;4994497;582938624;33566720;540700672;0;0;0;0;0;0;0;0;0;0;0;3567;0;0;0;0;0;0;
32637;6046229;582938624;33566720;540700672;0;0;0;0;0;0;0;0;0;0;0;4528;0;0;0;0;0;0;
32638;5061722;582938624;33566720;540700672;0;0;0;0;0;0;0;0;0;0;0;4208;0;0;0;0;0;0;
32639;5094114;582938624;33566720;540700672;0;0;0;0;0;0;0;0;0;0;0;4859;0;0;0;0;0;0;
32640;5160177;582938624;33566720;540700672;0;0;0;0;0;0;0;0;0;0;0;4118;0;0;0;0;0;0;
32641;5052175;582938624;33566720;540700672;0;0;0;0;0;0;0;0;0;0;0;4939;0;0;0;0;0;0;
32642;5419333;582938624;33566720;540700672;0;0;0;0;0;0;0;0;0;0;0;3787;0;0;0;0;0;0;
32643;4713069;582938624;33566720;540700672;0;0;0;0;0;0;0;0;0;0;0;4178;0;0;0;0;0;0;
32644;5115694;582938624;33566720;540700672;0;0;0;0;0;0;0;0;0;0;0;4087;0;0;0;0;0;0;
32645;4407866;575160320;25788416;532922368;0;0;0;0;0;0;0;0;0;0;0;4849;0;0;0;0;0;0;
32646;4896192;575160320;25788416;532922368;0;0;0;0;0;0;0;0;0;0;0;3577;0;0;0;0;0;0;
32647;4008187;575160320;25788416;532922368;0;0;0;0;0;0;0;0;0;0;0;4348;0;0;0;0;0;0;
32648;4930857;575160320;25788416;532922368;0;0;0;0;0;0;0;0;0;0;0;3978;0;0;0;0;0;0;
32649;3932014;575160320;25788416;532922368;0;0;0;0;0;0;0;0;0;0;0;4068;0;0;0;0;0;0;
32650;5060109;575160320;25788416;532922368;0;0;0;0;0;0;0;0;0;0;0;3727;0;0;0;0;0;0;
32651;3993039;575160320;25788416;532922368;0;0;0;0;0;0;0;0;0;0;0;4048;0;0;0;0;0;0;
32652;4917162;575160320;25788416;532922368;0;0;0;0;0;0;0;0;0;0;0;4118;0;0;0;0;0;0;
32653;4938982;575160320;25788416;532922368;0;0;0;0;0;0;0;0;0;0;0;4909;0;0;0;0;0;0;
32654;5071131;575160320;25788416;532922368;0;0;0;0;0;0;0;0;0;0;0;4148;0;0;0;0;0;0;
32655;5606264;575160320;25788416;532922368;0;0;0;0;0;0;0;0;0;0;0;4168;0;0;0;0;0;0;
32656;4735261;575160320;25788416;532922368;0;0;0;0;0;0;0;0;0;0;0;3978;0;0;0;0;0;0;
32657;3969985;575160320;25788416;532922368;0;0;0;0;0;0;0;0;0;0;0;4007;0;0;0;0;0;0;
32658;5912047;581234688;33566720;540700672;0;0;0;0;0;0;0;0;0;0;0;4789;0;0;0;0;0;0;
32659;3715618;581234688;33566720;540700672;0;0;0;0;0;0;0;0;0;0;0;4789;0;0;0;0;0;0;
32660;4741732;581234688;33566720;540700672;0;0;0;0;0;0;0;0;0;0;0;3907;0;0;0;0;0;0;
32661;4061216;581234688;33566720;540700672;0;0;0;0;0;0;0;0;0;0;0;4699;0;0;0;0;0;0;
32662;4840528;581234688;33566720;540700672;0;0;0;0;0;0;0;0;0;0;0;3206;0;0;0;0;0;0;
32663;4022885;581234688;33566720;540700672;0;0;0;0;0;0;0;0;0;0;0;3556;0;0;0;0;0;0;
32664;4802897;581234688;33566720;540700672;0;0;0;0;0;0;0;0;0;0;0;3226;0;0;0;0;0;0;
32665;3733181;581234688;33566720;540700672;0;0;0;0;0;0;0;0;0;0;0;4118;0;0;0;0;0;0;
32666;4816843;581234688;33566720;540700672;0;0;0;0;0;0;0;0;0;0;0;3417;0;0;0;0;0;0;
32667;4057910;575160320;25788416;532922368;0;0;0;0;0;0;0;0;0;0;0;4799;0;0;0;0;0;0;
32668;4818587;575160320;25788416;532922368;0;0;0;0;0;0;0;0;0;0;0;4128;0;0;0;0;0;0;
32669;4192463;575160320;25788416;532922368;0;0;0;0;0;0;0;0;0;0;0;5680;0;0;0;0;0;0;
32670;5633064;575160320;25788416;532922368;0;0;0;0;0;0;0;0;0;0;0;4669;0;0;0;0;0;0;
32671;5524470;575160320;25788416;532922368;0;0;0;0;0;0;0;0;0;0;0;4738;0;0;0;0;0;0;
32672;5124260;575160320;25788416;532922368;0;0;0;0;0;0;0;0;0;0;0;3527;0;0;0;0;0;0;
32673;4438604;575160320;25788416;532922368;0;0;0;0;0;0;0;0;0;0;0;4528;0;0;0;0;0;0;
32674;4907724;575160320;25788416;532922368;0;0;0;0;0;0;0;0;0;0;0;3136;0;0;0;0;0;0;
32675;3682626;575160320;25788416;532922368;0;0;0;0;0;0;0;0;0;0;0;4268;0;0;0;0;0;0;
32676;4709702;575160320;25788416;532922368;0;0;0;0;0;0;0;0;0;0;0;3376;0;0;0;0;0;0;
32677;3848818;575160320;25788416;532922368;0;0;0;0;0;0;0;0;0;0;0;3887;0;0;0;0;0;0;
32678;4860535;575160320;25788416;532922368;0;0;0;0;0;0;0;0;0;0;0;3196;0;0;0;0;0;0;
32679;3776172;575160320;25788416;532922368;0;0;0;0;0;0;0;0;0;0;0;4308;0;0;0;0;0;0;
32680;4892115;575160320;25788416;532922368;0;0;0;0;0;0;0;0;0;0;0;3226;0;0;0;0;0;0;
32681;4965592;575160320;25788416;532922368;0;0;0;0;0;0;0;0;0;0;0;4077;0;0;0;0;0;0;
32682;6307419;581234688;33566720;540700672;0;0;0;0;0;0;0;0;0;0;0;4930;0;0;0;0;0;0;
32683;5086980;581234688;33566720;540700672;0;0;0;0;0;0;0;0;0;0;0;4729;0;0;0;0;0;0;
32684;5646860;581234688;33566720;540700672;0;0;0;0;0;0;0;0;0;0;0;3967;0;0;0;0;0;0;
32685;5550519;581234688;33566720;540700672;0;0;0;0;0;0;0;0;0;0;0;5310;0;0;0;0;0;0;
32686;5664984;581234688;33566720;540700672;0;0;0;0;0;0;0;0;0;0;0;5591;0;0;0;0;0;0;
32687;4608282;581234688;33566720;540700672;0;0;0;0;0;0;0;0;0;0;0;4158;0;0;0;0;0;0;
32688;5475559;581234688;33566720;540700672;0;0;0;0;0;0;0;0;0;0;0;4318;0;0;0;0;0;0;
32689;4203273;581234688;33566720;540700672;0;0;0;0;0;0;0;0;0;0;0;5110;0;0;0;0;0;0;
32690;5462274;581234688;33566720;540700672;0;0;0;0;0;0;0;0;0;0;0;4689;0;0;0;0;0;0;
32691;4636996;575160320;25788416;532922368;0;0;0;0;0;0;0;0;0;0;0;4398;0;0;0;0;0;0;
32692;5452446;575160320;25788416;532922368;0;0;0;0;0;0;0;0;0;0;0;5360;0;0;0;0;0;0;
32693;4412685;575160320;25788416;532922368;0;0;0;0;0;0;0;0;0;0;0;4398;0;0;0;0;0;0;
32694;5367075;575160320;25788416;532922368;0;0;0;0;0;0;0;0;0;0;0;4539;0;0;0;0;0;0;
32695;3971518;575160320;25788416;532922368;0;0;0;0;0;0;0;0;0;0;0;3827;0;0;0;0;0;0;
32696;5645057;575160320;25788416;532922368;0;0;0;0;0;0;0;0;0;0;0;4779;0;0;0;0;0;0;
32697;4034456;575160320;25788416;532922368;0;0;0;0;0;0;0;0;0;0;0;4268;0;0;0;0;0;0;
32698;5361766;575160320;25788416;532922368;0;0;0;0;0;0;0;0;0;0;0;4268;0;0;0;0;0;0;
32699;4288993;575160320;25788416;532922368;0;0;0;0;0;0;0;0;0;0;0;3646;0;0;0;0;0;0;
32700;5671987;575160320;25788416;532922368;0;0;0;0;0;0;0;0;0;0;0;3958;0;0;0;0;0;0;
32701;3753239;575160320;25788416;532922368;0;0;0;0;0;0;0;0;0;0;0;4018;0;0;0;0;0;0;
32702;5330677;575160320;25788416;532922368;0;0;0;0;0;0;0;0;0;0;0;4529;0;0;0;0;0;0;
32703;4138851;575160320;25788416;532922368;0;0;0;0;0;0;0;0;0;0;0;5089;0;0;0;0;0;0;
32704;5411178;575160320;25788416;532922368;0;0;0;0;0;0;0;0;0;0;0;5170;0;0;0;0;0;0;
32705;4355659;575160320;25788416;532922368;0;0;0;0;0;0;0;0;0;0;0;5059;0;0;0;0;0;0;
32706;5204620;575160320;25788416;532922368;0;0;0;0;0;0;0;0;0;0;0;4579;0;0;0;0;0;0;
32707;4512613;575160320;25788416;532922368;0;0;0;0;0;0;0;0;0;0;0;3877;0;0;0;0;0;0;
32708;6341823;581234688;33566720;540700672;0;0;0;0;0;0;0;0;0;0;0;5541;0;0;0;0;0;0;
32709;4359335;581234688;33566720;540700672;0;0;0;0;0;0;0;0;0;0;0;4909;0;0;0;0;0;0;
32710;5688509;581234688;33566720;540700672;0;0;0;0;0;0;0;0;0;0;0;4429;0;0;0;0;0;0;
32711;4260490;581234688;33566720;540700672;0;0;0;0;0;0;0;0;0;0;0;4368;0;0;0;0;0;0;
32712;5137705;581234688;33566720;540700672;0;0;0;0;0;0;0;0;0;0;0;4809;0;0;0;0;0;0;
32713;4427764;581234688;33566720;540700672;0;0;0;0;0;0;0;0;0;0;0;5410;0;0;0;0;0;0;
32714;5018331;581234688;33566720;540700672;0;0;0;0;0;0;0;0;0;0;0;4388;0;0;0;0;0;0;
32715;4684856;581234688;33566720;540700672;0;0;0;0;0;0;0;0;0;0;0;4569;0;0;0;0;0;0;
32716;5125362;581234688;33566720;540700672;0;0;0;0;0;0;0;0;0;0;0;4688;0;0;0;0;0;0;
32717;5346997;575160320;25788416;532922368;0;0;0;0;0;0;0;0;0;0;0;4769;0;0;0;0;0;0;
32718;5352799;575160320;25788416;532922368;0;0;0;0;0;0;0;0;0;0;0;5009;0;0;0;0;0;0;
32719;5410296;575160320;25788416;532922368;0;0;0;0;0;0;0;0;0;0;0;4619;0;0;0;0;0;0;
32720;4903215;575160320;25788416;532922368;0;0;0;0;0;0;0;0;0;0;0;3296;0;0;0;0;0;0;
32721;4539563;575160320;25788416;532922368;0;0;0;0;0;0;0;0;0;0;0;4709;0;0;0;0;0;0;
32722;5332791;575160320;25788416;532922368;0;0;0;0;0;0;0;0;0;0;0;5821;0;0;0;0;0;0;
32723;4525086;575160320;25788416;532922368;0;0;0;0;0;0;0;0;0;0;0;5540;0;0;0;0;0;0;
32724;5563754;575160320;25788416;532922368;0;0;0;0;0;0;0;0;0;0;0;4549;0;0;0;0;0;0;
32725;4212390;575160320;25788416;532922368;0;0;0;0;0;0;0;0;0;0;0;4769;0;0;0;0;0;0;
32726;5213989;575160320;25788416;532922368;0;0;0;0;0;0;0;0;0;0;0;4658;0;0;0;0;0;0;
32727;3677737;575160320;25788416;532922368;0;0;0;0;0;0;0;0;0;0;0;4028;0;0;0;0;0;0;
32728;4781277;575160320;25788416;532922368;0;0;0;0;0;0;0;0;0;0;0;4108;0;0;0;0;0;0;
32729;3812941;575160320;25788416;532922368;0;0;0;0;0;0;0;0;0;0;0;3847;0;0;0;0;0;0;
32730;4740260;575160320;25788416;532922368;0;0;0;0;0;0;0;0;0;0;0;3937;0;0;0;0;0;0;
32731;3993339;575160320;25788416;532922368;0;0;0;0;0;0;0;0;0;0;0;3837;0;0;0;0;0;0;
32732;5860171;581234688;33566720;540700672;0;0;0;0;0;0;0;0;0;0;0;5150;0;0;0;0;0;0;
32733;3832717;581234688;33566720;540700672;0;0;0;0;0;0;0;0;0;0;0;4117;0;0;0;0;0;0;
32734;4780194;581234688;33566720;540700672;0;0;0;0;0;0;0;0;0;0;0;3807;0;0;0;0;0;0;
32735;3675523;581234688;33566720;540700672;0;0;0;0;0;0;0;0;0;0;0;3506;0;0;0;0;0;0;
32736;4816122;581234688;33566720;540700672;0;0;0;0;0;0;0;0;0;0;0;3487;0;0;0;0;0;0;
32737;3672448;581234688;33566720;540700672;0;0;0;0;0;0;0;0;0;0;0;3667;0;0;0;0;0;0;
32738;4743526;581234688;33566720;540700672;0;0;0;0;0;0;0;0;0;0;0;4288;0;0;0;0;0;0;
32739;3900535;581234688;33566720;540700672;0;0;0;0;0;0;0;0;0;0;0;4428;0;0;0;0;0;0;
32740;4836059;581234688;33566720;540700672;0;0;0;0;0;0;0;0;0;0;0;4097;0;0;0;0;0;0;
32741;5129049;575160320;25788416;532922368;0;0;0;0;0;0;0;0;0;0;0;4959;0;0;0;0;0;0;
32742;5104403;575160320;25788416;532922368;0;0;0;0;0;0;0;0;0;0;0;3787;0;0;0;0;0;0;
32743;4188174;575160320;25788416;532922368;0;0;0;0;0;0;0;0;0;0;0;4889;0;0;0;0;0;0;
32744;5168432;575160320;25788416;532922368;0;0;0;0;0;0;0;0;0;0;0;4298;0;0;0;0;0;0;
32745;4429137;575160320;25788416;532922368;0;0;0;0;0;0;0;0;0;0;0;4549;0;0;0;0;0;0;
32746;5049009;575160320;25788416;532922368;0;0;0;0;0;0;0;0;0;0;0;4048;0;0;0;0;0;0;
32747;4274266;575160320;25788416;532922368;0;0;0;0;0;0;0;0;0;0;0;5019;0;0;0;0;0;0;
32748;5011689;575160320;25788416;532922368;0;0;0;0;0;0;0;0;0;0;0;4248;0;0;0;0;0;0;
32749;5213627;575160320;25788416;532922368;0;0;0;0;0;0;0;0;0;0;0;5310;0;0;0;0;0;0;
32750;5598980;575160320;25788416;532922368;0;0;0;0;0;0;0;0;0;0;0;4989;0;0;0;0;0;0;
32751;5036335;575160320;25788416;532922368;0;0;0;0;0;0;0;0;0;0;0;3627;0;0;0;0;0;0;
32752;5916766;575160320;25788416;532922368;0;0;0;0;0;0;0;0;0;0;0;5300;0;0;0;0;0;0;
32753;4825180;575160320;25788416;532922368;0;0;0;0;0;0;0;0;0;0;0;5099;0;0;0;0;0;0;
32754;5651309;575160320;25788416;532922368;0;0;0;0;0;0;0;0;0;0;0;5450;0;0;0;0;0;0;
32755;4693221;575160320;25788416;532922368;0;0;0;0;0;0;0;0;0;0;0;4849;0;0;0;0;0;0;
32756;6365839;581234688;33566720;540700672;0;0;0;0;0;0;0;0;0;0;0;4188;0;0;0;0;0;0;
32757;4754817;581234688;33566720;540700672;0;0;0;0;0;0;0;0;0;0;0;4217;0;0;0;0;0;0;
32758;5077803;581234688;33566720;540700672;0;0;0;0;0;0;0;0;0;0;0;4619;0;0;0;0;0;0;
32759;5577450;581234688;33566720;540700672;0;0;0;0;0;0;0;0;0;0;0;4999;0;0;0;0;0;0;
32760;4949092;581234688;33566720;540700672;0;0;0;0;0;0;0;0;0;0;0;3877;0;0;0;0;0;0;
32761;4948781;581234688;33566720;540700672;0;0;0;0;0;0;0;0;0;0;0;4438;0;0;0;0;0;0;
32762;5124921;581234688;33566720;540700672;0;0;0;0;0;0;0;0;0;0;0;4749;0;0;0;0;0;0;
32763;4505760;581234688;33566720;540700672;0;0;0;0;0;0;0;0;0;0;0;4418;0;0;0;0;0;0;
32764;5006269;581234688;33566720;540700672;0;0;0;0;0;0;0;0;0;0;0;4078;0;0;0;0;0;0;
32765;4732235;575160320;25788416;532922368;0;0;0;0;0;0;0;0;0;0;0;4859;0;0;0;0;0;0;
32766;5459027;575160320;25788416;532922368;0;0;0;0;0;0;0;0;0;0;0;4608;0;0;0;0;0;0;
32767;4350549;575160320;25788416;532922368;0;0;0;0;0;0;0;0;0;0;0;4298;0;0;0;0;0;0;
32768;5260796;575160320;25788416;532922368;0;0;0;0;0;0;0;0;0;0;0;4428;0;0;0;0;0;0;
32769;5476260;575160320;25788416;532922368;0;0;0;0;0;0;0;0;0;0;0;4669;0;0;0;0;0;0;
32770;5395038;575160320;25788416;532922368;0;0;0;0;0;0;0;0;0;0;0;4418;0;0;0;0;0;0;
32771;4513635;575160320;25788416;532922368;0;0;0;0;0;0;0;0;0;0;0;3777;0;0;0;0;0;0;
32772;5244796;575160320;25788416;532922368;0;0;0;0;0;0;0;0;0;0;0;4148;0;0;0;0;0;0;
32773;4457460;575160320;25788416;532922368;0;0;0;0;0;0;0;0;0;0;0;5370;0;0;0;0;0;0;
32774;5077131;575160320;25788416;532922368;0;0;0;0;0;0;0;0;0;0;0;4648;0;0;0;0;0;0;
32775;4500340;575160320;25788416;532922368;0;0;0;0;0;0;0;0;0;0;0;4629;0;0;0;0;0;0;
32776;5862925;575160320;25788416;532922368;0;0;0;0;0;0;0;0;0;0;0;4168;0;0;0;0;0;0;
32777;4250260;575160320;25788416;532922368;0;0;0;0;0;0;0;0;0;0;0;4338;0;0;0;0;0;0;
32778;5523488;575160320;25788416;532922368;0;0;0;0;0;0;0;0;0;0;0;4258;0;0;0;0;0;0;
32779;4270990;575160320;25788416;532922368;0;0;0;0;0;0;0;0;0;0;0;4098;0;0;0;0;0;0;
32780;5214579;575160320;25788416;532922368;0;0;0;0;0;0;0;0;0;0;0;3777;0;0;0;0;0;0;
32781;5219909;575160320;25788416;532922368;0;0;0;0;0;0;0;0;0;0;0;4248;0;0;0;0;0;0;
32782;6423356;581234688;33566720;540700672;0;0;0;0;0;0;0;0;0;0;0;4648;0;0;0;0;0;0;
32783;5518870;581234688;33566720;540700672;0;0;0;0;0;0;0;0;0;0;0;3717;0;0;0;0;0;0;
32784;4920227;581234688;33566720;540700672;0;0;0;0;0;0;0;0;0;0;0;3126;0;0;0;0;0;0;
32785;4753926;581234688;33566720;540700672;0;0;0;0;0;0;0;0;0;0;0;4648;0;0;0;0;0;0;
32786;5307263;581234688;33566720;540700672;0;0;0;0;0;0;0;0;0;0;0;3136;0;0;0;0;0;0;
32787;4794852;581234688;33566720;540700672;0;0;0;0;0;0;0;0;0;0;0;3778;0;0;0;0;0;0;
32788;4899509;581234688;33566720;540700672;0;0;0;0;0;0;0;0;0;0;0;3476;0;0;0;0;0;0;
32789;5133527;581234688;33566720;540700672;0;0;0;0;0;0;0;0;0;0;0;4618;0;0;0;0;0;0;
32790;5223906;581234688;33566720;540700672;0;0;0;0;0;0;0;0;0;0;0;3587;0;0;0;0;0;0;
32791;3461943;575160320;25788416;532922368;0;0;0;0;0;0;0;0;0;0;0;3667;0;0;0;0;0;0;
32792;4858301;575160320;25788416;532922368;0;0;0;0;0;0;0;0;0;0;0;2995;0;0;0;0;0;0;
32793;3312192;575160320;25788416;532922368;0;0;0;0;0;0;0;0;0;0;0;3246;0;0;0;0;0;0;
32794;4572916;575160320;25788416;532922368;0;0;0;0;0;0;0;0;0;0;0;2806;0;0;0;0;0;0;
32795;4583446;575160320;25788416;532922368;0;0;0;0;0;0;0;0;0;0;0;5320;0;0;0;0;0;0;
32796;5082962;575160320;25788416;532922368;0;0;0;0;0;0;0;0;0;0;0;4519;0;0;0;0;0;0;
32797;4549452;575160320;25788416;532922368;0;0;0;0;0;0;0;0;0;0;0;4428;0;0;0;0;0;0;
32798;5484826;575160320;25788416;532922368;0;0;0;0;0;0;0;0;0;0;0;4859;0;0;0;0;0;0;
32799;5307845;575160320;25788416;532922368;0;0;0;0;0;0;0;0;0;0;0;3246;0;0;0;0;0;0;
32800;5012831;575160320;25788416;532922368;0;0;0;0;0;0;0;0;0;0;0;4328;0;0;0;0;0;0;
32801;3537054;575160320;25788416;532922368;0;0;0;0;0;0;0;0;0;0;0;4519;0;0;0;0;0;0;
32802;5196244;575160320;25788416;532922368;0;0;0;0;0;0;0;0;0;0;0;3877;0;0;0;0;0;0;
32803;3543365;575160320;25788416;532922368;0;0;0;0;0;0;0;0;0;0;0;3797;0;0;0;0;0;0;
32804;5262850;575160320;25788416;532922368;0;0;0;0;0;0;0;0;0;0;0;4659;0;0;0;0;0;0;
32805;3469647;575160320;25788416;532922368;0;0;0;0;0;0;0;0;0;0;0;4348;0;0;0;0;0;0;
32806;6198164;581234688;33566720;540700672;0;0;0;0;0;0;0;0;0;0;0;3837;0;0;0;0;0;0;
32807;3352878;581234688;33566720;540700672;0;0;0;0;0;0;0;0;0;0;0;3326;0;0;0;0;0;0;
32808;5186336;581234688;33566720;540700672;0;0;0;0;0;0;0;0;0;0;0;2956;0;0;0;0;0;0;
32809;5383165;581234688;33566720;540700672;0;0;0;0;0;0;0;0;0;0;0;3066;0;0;0;0;0;0;
32810;5360213;581234688;33566720;540700672;0;0;0;0;0;0;0;0;0;0;0;3306;0;0;0;0;0;0;
32811;4020049;581234688;33566720;540700672;0;0;0;0;0;0;0;0;0;0;0;3988;0;0;0;0;0;0;
32812;5683970;581234688;33566720;540700672;0;0;0;0;0;0;0;0;0;0;0;4559;0;0;0;0;0;0;
32813;4953439;581234688;33566720;540700672;0;0;0;0;0;0;0;0;0;0;0;4208;0;0;0;0;0;0;
32814;5972491;581234688;33566720;540700672;0;0;0;0;0;0;0;0;0;0;0;4107;0;0;0;0;0;0;
32815;3491718;575160320;25788416;532922368;0;0;0;0;0;0;0;0;0;0;0;4068;0;0;0;0;0;0;
32816;5203839;575160320;25788416;532922368;0;0;0;0;0;0;0;0;0;0;0;4418;0;0;0;0;0;0;
32817;3196555;575160320;25788416;532922368;0;0;0;0;0;0;0;0;0;0;0;3687;0;0;0;0;0;0;
32818;5290131;575160320;25788416;532922368;0;0;0;0;0;0;0;0;0;0;0;4619;0;0;0;0;0;0;
32819;3521474;575160320;25788416;532922368;0;0;0;0;0;0;0;0;0;0;0;4569;0;0;0;0;0;0;
32820;4945224;575160320;25788416;532922368;0;0;0;0;0;0;0;0;0;0;0;4538;0;0;0;0;0;0;
32821;3361173;575160320;25788416;532922368;0;0;0;0;0;0;0;0;0;0;0;4900;0;0;0;0;0;0;
32822;5007822;575160320;25788416;532922368;0;0;0;0;0;0;0;0;0;0;0;3376;0;0;0;0;0;0;
32823;3391069;575160320;25788416;532922368;0;0;0;0;0;0;0;0;0;0;0;4358;0;0;0;0;0;0;
32824;4937660;575160320;25788416;532922368;0;0;0;0;0;0;0;0;0;0;0;3918;0;0;0;0;0;0;
32825;3585384;575160320;25788416;532922368;0;0;0;0;0;0;0;0;0;0;0;3527;0;0;0;0;0;0;
32826;5099143;575160320;25788416;532922368;0;0;0;0;0;0;0;0;0;0;0;4318;0;0;0;0;0;0;
32827;12448766;575160320;25788416;532922368;0;0;0;0;0;0;0;0;0;0;0;4028;0;0;0;0;0;0;
32828;4731203;575160320;25788416;532922368;0;0;0;0;0;0;0;0;0;0;0;2685;0;0;0;0;0;0;
32829;3343661;575160320;25788416;532922368;0;0;0;0;0;0;0;0;0;0;0;3006;0;0;0;0;0;0;
32830;5513691;581234688;33566720;540700672;0;0;0;0;0;0;0;0;0;0;0;3457;0;0;0;0;0;0;
32831;2876605;581234688;33566720;540700672;0;0;0;0;0;0;0;0;0;0;0;3357;0;0;0;0;0;0;
32832;4639190;581234688;33566720;540700672;0;0;0;0;0;0;0;0;0;0;0;3446;0;0;0;0;0;0;
32833;2797477;581234688;33566720;540700672;0;0;0;0;0;0;0;0;0;0;0;2485;0;0;0;0;0;0;
32834;4468811;581234688;33566720;540700672;0;0;0;0;0;0;0;0;0;0;0;2875;0;0;0;0;0;0;
32835;2803638;581234688;33566720;540700672;0;0;0;0;0;0;0;0;0;0;0;2785;0;0;0;0;0;0;
32836;4520347;581234688;33566720;540700672;0;0;0;0;0;0;0;0;0;0;0;2775;0;0;0;0;0;0;
32837;2794962;581234688;33566720;540700672;0;0;0;0;0;0;0;0;0;0;0;2325;0;0;0;0;0;0;
32838;4349547;581234688;33566720;540700672;0;0;0;0;0;0;0;0;0;0;0;2485;0;0;0;0;0;0;
32839;2838744;575160320;25788416;532922368;0;0;0;0;0;0;0;0;0;0;0;2956;0;0;0;0;0;0;
32840;4504969;575160320;25788416;532922368;0;0;0;0;0;0;0;0;0;0;0;2615;0;0;0;0;0;0;
32841;2655591;575160320;25788416;532922368;0;0;0;0;0;0;0;0;0;0;0;2675;0;0;0;0;0;0;
32842;4371017;575160320;25788416;532922368;0;0;0;0;0;0;0;0;0;0;0;2445;0;0;0;0;0;0;
32843;2477806;575160320;25788416;532922368;0;0;0;0;0;0;0;0;0;0;0;2955;0;0;0;0;0;0;
32844;4353845;575160320;25788416;532922368;0;0;0;0;0;0;0;0;0;0;0;2265;0;0;0;0;0;0;
32845;2487896;575160320;25788416;532922368;0;0;0;0;0;0;0;0;0;0;0;3066;0;0;0;0;0;0;
32846;4617831;575160320;25788416;532922368;0;0;0;0;0;0;0;0;0;0;0;2534;0;0;0;0;0;0;
32847;2484519;575160320;25788416;532922368;0;0;0;0;0;0;0;0;0;0;0;3056;0;0;0;0;0;0;
32848;4345219;575160320;25788416;532922368;0;0;0;0;0;0;0;0;0;0;0;2215;0;0;0;0;0;0;
32849;2484259;575160320;25788416;532922368;0;0;0;0;0;0;0;0;0;0;0;2766;0;0;0;0;0;0;
32850;4290657;575160320;25788416;532922368;0;0;0;0;0;0;0;0;0;0;0;2475;0;0;0;0;0;0;
32851;3066030;575160320;25788416;532922368;0;0;0;0;0;0;0;0;0;0;0;2835;0;0;0;0;0;0;
32852;4588576;575160320;25788416;532922368;0;0;0;0;0;0;0;0;0;0;0;2555;0;0;0;0;0;0;
32853;3113279;575160320;25788416;532922368;0;0;0;0;0;0;0;0;0;0;0;2274;0;0;0;0;0;0;
32854;4824919;575160320;25788416;532922368;0;0;0;0;0;0;0;0;0;0;0;2204;0;0;0;0;0;0;
32855;2871675;575160320;25788416;532922368;0;0;0;0;0;0;0;0;0;0;0;2825;0;0;0;0;0;0;
32856;5427629;581234688;33566720;540700672;0;0;0;0;0;0;0;0;0;0;0;2996;0;0;0;0;0;0;
32857;3184302;581234688;33566720;540700672;0;0;0;0;0;0;0;0;0;0;0;3066;0;0;0;0;0;0;
32858;4627759;581234688;33566720;540700672;0;0;0;0;0;0;0;0;0;0;0;2896;0;0;0;0;0;0;
32859;3394416;581234688;33566720;540700672;0;0;0;0;0;0;0;0;0;0;0;4038;0;0;0;0;0;0;
32860;4940786;581234688;33566720;540700672;0;0;0;0;0;0;0;0;0;0;0;3266;0;0;0;0;0;0;
32861;3916295;581234688;33566720;540700672;0;0;0;0;0;0;0;0;0;0;0;3848;0;0;0;0;0;0;
32862;5022770;581234688;33566720;540700672;0;0;0;0;0;0;0;0;0;0;0;3657;0;0;0;0;0;0;
32863;3698787;581234688;33566720;540700672;0;0;0;0;0;0;0;0;0;0;0;2905;0;0;0;0;0;0;
32864;4656072;581234688;33566720;540700672;0;0;0;0;0;0;0;0;0;0;0;2645;0;0;0;0;0;0;
32865;3234296;575160320;25788416;532922368;0;0;0;0;0;0;0;0;0;0;0;2746;0;0;0;0;0;0;
32866;4455396;575160320;25788416;532922368;0;0;0;0;0;0;0;0;0;0;0;2475;0;0;0;0;0;0;
32867;3243163;575160320;25788416;532922368;0;0;0;0;0;0;0;0;0;0;0;4018;0;0;0;0;0;0;
32868;4765548;575160320;25788416;532922368;0;0;0;0;0;0;0;0;0;0;0;3406;0;0;0;0;0;0;
32869;4516751;575160320;25788416;532922368;0;0;0;0;0;0;0;0;0;0;0;3908;0;0;0;0;0;0;
32870;4820911;575160320;25788416;532922368;0;0;0;0;0;0;0;0;0;0;0;3777;0;0;0;0;0;0;
32871;4138791;575160320;25788416;532922368;0;0;0;0;0;0;0;0;0;0;0;3707;0;0;0;0;0;0;
32872;4744218;575160320;25788416;532922368;0;0;0;0;0;0;0;0;0;0;0;3106;0;0;0;0;0;0;
32873;4078088;575160320;25788416;532922368;0;0;0;0;0;0;0;0;0;0;0;3697;0;0;0;0;0;0;
32874;4725753;575160320;25788416;532922368;0;0;0;0;0;0;0;0;0;0;0;3467;0;0;0;0;0;0;
32875;4091273;575160320;25788416;532922368;0;0;0;0;0;0;0;0;0;0;0;3817;0;0;0;0;0;0;
32876;4688783;575160320;25788416;532922368;0;0;0;0;0;0;0;0;0;0;0;3266;0;0;0;0;0;0;
32877;3226291;575160320;25788416;532922368;0;0;0;0;0;0;0;0;0;0;0;2665;0;0;0;0;0;0;
32878;4676841;575160320;25788416;532922368;0;0;0;0;0;0;0;0;0;0;0;2434;0;0;0;0;0;0;
32879;3221852;575160320;25788416;532922368;0;0;0;0;0;0;0;0;0;0;0;3297;0;0;0;0;0;0;
32880;5494564;581234688;33566720;540700672;0;0;0;0;0;0;0;0;0;0;0;3597;0;0;0;0;0;0;
32881;3274230;581234688;33566720;540700672;0;0;0;0;0;0;0;0;0;0;0;3136;0;0;0;0;0;0;
32882;4685667;581234688;33566720;540700672;0;0;0;0;0;0;0;0;0;0;0;3126;0;0;0;0;0;0;
32883;3284389;581234688;33566720;540700672;0;0;0;0;0;0;0;0;0;0;0;3998;0;0;0;0;0;0;
32884;4786356;581234688;33566720;540700672;0;0;0;0;0;0;0;0;0;0;0;3938;0;0;0;0;0;0;
32885;4153099;581234688;33566720;540700672;0;0;0;0;0;0;0;0;0;0;0;4529;0;0;0;0;0;0;
32886;4874331;581234688;33566720;540700672;0;0;0;0;0;0;0;0;0;0;0;3547;0;0;0;0;0;0;
32887;3960156;581234688;33566720;540700672;0;0;0;0;0;0;0;0;0;0;0;3867;0;0;0;0;0;0;
32888;5012490;581234688;33566720;540700672;0;0;0;0;0;0;0;0;0;0;0;3406;0;0;0;0;0;0;
32889;4675909;575160320;25788416;532922368;0;0;0;0;0;0;0;0;0;0;0;3898;0;0;0;0;0;0;
32890;4819348;575160320;25788416;532922368;0;0;0;0;0;0;0;0;0;0;0;3657;0;0;0;0;0;0;
32891;3861642;575160320;25788416;532922368;0;0;0;0;0;0;0;0;0;0;0;3386;0;0;0;0;0;0;
32892;4578417;575160320;25788416;532922368;0;0;0;0;0;0;0;0;0;0;0;3136;0;0;0;0;0;0;
32893;3726098;575160320;25788416;532922368;0;0;0;0;0;0;0;0;0;0;0;3697;0;0;0;0;0;0;
32894;4719030;575160320;25788416;532922368;0;0;0;0;0;0;0;0;0;0;0;3817;0;0;0;0;0;0;
32895;3186476;575160320;25788416;532922368;0;0;0;0;0;0;0;0;0;0;0;3897;0;0;0;0;0;0;
32896;4714151;575160320;25788416;532922368;0;0;0;0;0;0;0;0;0;0;0;3777;0;0;0;0;0;0;
32897;3619308;575160320;25788416;532922368;0;0;0;0;0;0;0;0;0;0;0;4048;0;0;0;0;0;0;
32898;4842501;575160320;25788416;532922368;0;0;0;0;0;0;0;0;0;0;0;3777;0;0;0;0;0;0;
32899;3871651;575160320;25788416;532922368;0;0;0;0;0;0;0;0;0;0;0;3907;0;0;0;0;0;0;
32900;4915549;575160320;25788416;532922368;0;0;0;0;0;0;0;0;0;0;0;3737;0;0;0;0;0;0;
32901;3330646;575160320;25788416;532922368;0;0;0;0;0;0;0;0;0;0;0;2775;0;0;0;0;0;0;
32902;4889720;575160320;25788416;532922368;0;0;0;0;0;0;0;0;0;0;0;2825;0;0;0;0;0;0;
32903;3469306;575160320;25788416;532922368;0;0;0;0;0;0;0;0;0;0;0;3617;0;0;0;0;0;0;
32904;5964716;581234688;33566720;540700672;0;0;0;0;0;0;0;0;0;0;0;3527;0;0;0;0;0;0;
32905;2797977;581234688;33566720;540700672;0;0;0;0;0;0;0;0;0;0;0;2675;0;0;0;0;0;0;
32906;4882817;581234688;33566720;540700672;0;0;0;0;0;0;0;0;0;0;0;2405;0;0;0;0;0;0;
32907;2638177;581234688;33566720;540700672;0;0;0;0;0;0;0;0;0;0;0;3176;0;0;0;0;0;0;
32908;4408949;581234688;33566720;540700672;0;0;0;0;0;0;0;0;0;0;0;2485;0;0;0;0;0;0;
32909;2876805;581234688;33566720;540700672;0;0;0;0;0;0;0;0;0;0;0;2836;0;0;0;0;0;0;
32910;4799170;581234688;33566720;540700672;0;0;0;0;0;0;0;0;0;0;0;2415;0;0;0;0;0;0;
32911;2612139;581234688;33566720;540700672;0;0;0;0;0;0;0;0;0;0;0;2304;0;0;0;0;0;0;
32912;4530717;581234688;33566720;540700672;0;0;0;0;0;0;0;0;0;0;0;2384;0;0;0;0;0;0;
32913;2931898;575160320;25788416;532922368;0;0;0;0;0;0;0;0;0;0;0;2865;0;0;0;0;0;0;
32914;4387287;575160320;25788416;532922368;0;0;0;0;0;0;0;0;0;0;0;2685;0;0;0;0;0;0;
32915;2794821;575160320;25788416;532922368;0;0;0;0;0;0;0;0;0;0;0;2805;0;0;0;0;0;0;
32916;4467188;575160320;25788416;532922368;0;0;0;0;0;0;0;0;0;0;0;2454;0;0;0;0;0;0;
32917;3198779;575160320;25788416;532922368;0;0;0;0;0;0;0;0;0;0;0;3446;0;0;0;0;0;0;
32918;4748906;575160320;25788416;532922368;0;0;0;0;0;0;0;0;0;0;0;2956;0;0;0;0;0;0;
32919;3243634;575160320;25788416;532922368;0;0;0;0;0;0;0;0;0;0;0;3156;0;0;0;0;0;0;
32920;4800071;575160320;25788416;532922368;0;0;0;0;0;0;0;0;0;0;0;2945;0;0;0;0;0;0;
32921;3045031;575160320;25788416;532922368;0;0;0;0;0;0;0;0;0;0;0;3206;0;0;0;0;0;0;
32922;4955213;575160320;25788416;532922368;0;0;0;0;0;0;0;0;0;0;0;2485;0;0;0;0;0;0;
32923;2795923;575160320;25788416;532922368;0;0;0;0;0;0;0;0;0;0;0;2755;0;0;0;0;0;0;
32924;4461657;575160320;25788416;532922368;0;0;0;0;0;0;0;0;0;0;0;2624;0;0;0;0;0;0;
32925;2942699;575160320;25788416;532922368;0;0;0;0;0;0;0;0;0;0;0;3236;0;0;0;0;0;0;
32926;4366098;575160320;25788416;532922368;0;0;0;0;0;0;0;0;0;0;0;2746;0;0;0;0;0;0;
32927;2562315;575160320;25788416;532922368;0;0;0;0;0;0;0;0;0;0;0;2485;0;0;0;0;0;0;
32928;5098041;575160320;25788416;532922368;0;0;0;0;0;0;0;0;0;0;0;2896;0;0;0;0;0;0;
32929;2654919;575160320;25788416;532922368;0;0;0;0;0;0;0;0;0;0;0;3146;0;0;0;0;0;0;
32930;5322481;581234688;33566720;540700672;0;0;0;0;0;0;0;0;0;0;0;2715;0;0;0;0;0;0;
32931;2793800;581234688;33566720;540700672;0;0;0;0;0;0;0;0;0;0;0;2855;0;0;0;0;0;0;
32932;4423536;581234688;33566720;540700672;0;0;0;0;0;0;0;0;0;0;0;3065;0;0;0;0;0;0;
32933;2456336;581234688;33566720;540700672;0;0;0;0;0;0;0;0;0;0;0;2965;0;0;0;0;0;0;
32934;5177209;581234688;33566720;540700672;0;0;0;0;0;0;0;0;0;0;0;2775;0;0;0;0;0;0;
32935;2522431;581234688;33566720;540700672;0;0;0;0;0;0;0;0;0;0;0;2935;0;0;0;0;0;0;
32936;4696067;581234688;33566720;540700672;0;0;0;0;0;0;0;0;0;0;0;2645;0;0;0;0;0;0;
32937;3348048;581234688;33566720;540700672;0;0;0;0;0;0;0;0;0;0;0;2825;0;0;0;0;0;0;
32938;4539773;581234688;33566720;540700672;0;0;0;0;0;0;0;0;0;0;0;3156;0;0;0;0;0;0;
32939;3310018;575160320;25788416;532922368;0;0;0;0;0;0;0;0;0;0;0;3156;0;0;0;0;0;0;
32940;4515198;575160320;25788416;532922368;0;0;0;0;0;0;0;0;0;0;0;3236;0;0;0;0;0;0;
32941;3123277;575160320;25788416;532922368;0;0;0;0;0;0;0;0;0;0;0;2985;0;0;0;0;0;0;
32942;4871967;575160320;25788416;532922368;0;0;0;0;0;0;0;0;0;0;0;2886;0;0;0;0;0;0;
32943;3344002;575160320;25788416;532922368;0;0;0;0;0;0;0;0;0;0;0;3387;0;0;0;0;0;0;
32944;4925948;575160320;25788416;532922368;0;0;0;0;0;0;0;0;0;0;0;3206;0;0;0;0;0;0;
32945;3633273;575160320;25788416;532922368;0;0;0;0;0;0;0;0;0;0;0;2846;0;0;0;0;0;0;
32946;4735281;575160320;25788416;532922368;0;0;0;0;0;0;0;0;0;0;0;2695;0;0;0;0;0;0;
32947;3274812;575160320;25788416;532922368;0;0;0;0;0;0;0;0;0;0;0;3176;0;0;0;0;0;0;
32948;4582554;575160320;25788416;532922368;0;0;0;0;0;0;0;0;0;0;0;3146;0;0;0;0;0;0;
32949;3217234;575160320;25788416;532922368;0;0;0;0;0;0;0;0;0;0;0;3216;0;0;0;0;0;0;
32950;4737575;575160320;25788416;532922368;0;0;0;0;0;0;0;0;0;0;0;2665;0;0;0;0;0;0;
32951;3277186;575160320;25788416;532922368;0;0;0;0;0;0;0;0;0;0;0;2816;0;0;0;0;0;0;
32952;4510909;575160320;25788416;532922368;0;0;0;0;0;0;0;0;0;0;0;2575;0;0;0;0;0;0;
32953;3744201;575160320;25788416;532922368;0;0;0;0;0;0;0;0;0;0;0;3176;0;0;0;0;0;0;
32954;5654023;581234688;33566720;540700672;0;0;0;0;0;0;0;0;0;0;0;3015;0;0;0;0;0;0;
32955;3751645;581234688;33566720;540700672;0;0;0;0;0;0;0;0;0;0;0;3717;0;0;0;0;0;0;
32956;4790725;581234688;33566720;540700672;0;0;0;0;0;0;0;0;0;0;0;3026;0;0;0;0;0;0;
32957;3191134;581234688;33566720;540700672;0;0;0;0;0;0;0;0;0;0;0;3567;0;0;0;0;0;0;
32958;4619684;581234688;33566720;540700672;0;0;0;0;0;0;0;0;0;0;0;2775;0;0;0;0;0;0;
32959;3049990;581234688;33566720;540700672;0;0;0;0;0;0;0;0;0;0;0;3446;0;0;0;0;0;0;
32960;5144157;581234688;33566720;540700672;0;0;0;0;0;0;0;0;0;0;0;3247;0;0;0;0;0;0;
32961;3393364;581234688;33566720;540700672;0;0;0;0;0;0;0;0;0;0;0;3466;0;0;0;0;0;0;
32962;4747634;581234688;33566720;540700672;0;0;0;0;0;0;0;0;0;0;0;3447;0;0;0;0;0;0;
32963;3403263;575160320;25788416;532922368;0;0;0;0;0;0;0;0;0;0;0;3586;0;0;0;0;0;0;
32964;4866216;575160320;25788416;532922368;0;0;0;0;0;0;0;0;0;0;0;2916;0;0;0;0;0;0;
32965;3258752;575160320;25788416;532922368;0;0;0;0;0;0;0;0;0;0;0;3025;0;0;0;0;0;0;
32966;4650552;575160320;25788416;532922368;0;0;0;0;0;0;0;0;0;0;0;2725;0;0;0;0;0;0;
32967;2978626;575160320;25788416;532922368;0;0;0;0;0;0;0;0;0;0;0;3587;0;0;0;0;0;0;
32968;4376637;575160320;25788416;532922368;0;0;0;0;0;0;0;0;0;0;0;2525;0;0;0;0;0;0;
32969;3370971;575160320;25788416;532922368;0;0;0;0;0;0;0;0;0;0;0;2825;0;0;0;0;0;0;
32970;4898226;575160320;25788416;532922368;0;0;0;0;0;0;0;0;0;0;0;2886;0;0;0;0;0;0;
32971;3539899;575160320;25788416;532922368;0;0;0;0;0;0;0;0;0;0;0;3436;0;0;0;0;0;0;
32972;4642517;575160320;25788416;532922368;0;0;0;0;0;0;0;0;0;0;0;3126;0;0;0;0;0;0;
32973;3300019;575160320;25788416;532922368;0;0;0;0;0;0;0;0;0;0;0;2705;0;0;0;0;0;0;
32974;4494028;575160320;25788416;532922368;0;0;0;0;0;0;0;0;0;0;0;2705;0;0;0;0;0;0;
32975;2745629;575160320;25788416;532922368;0;0;0;0;0;0;0;0;0;0;0;2655;0;0;0;0;0;0;
32976;4329559;575160320;25788416;532922368;0;0;0;0;0;0;0;0;0;0;0;2365;0;0;0;0;0;0;
32977;2964649;575160320;25788416;532922368;0;0;0;0;0;0;0;0;0;0;0;3236;0;0;0;0;0;0;
32978;5375421;581234688;33566720;540700672;0;0;0;0;0;0;0;0;0;0;0;3026;0;0;0;0;0;0;
32979;2881734;581234688;33566720;540700672;0;0;0;0;0;0;0;0;0;0;0;2726;0;0;0;0;0;0;
32980;4479661;581234688;33566720;540700672;0;0;0;0;0;0;0;0;0;0;0;2425;0;0;0;0;0;0;
32981;3257138;581234688;33566720;540700672;0;0;0;0;0;0;0;0;0;0;0;3206;0;0;0;0;0;0;
32982;4828796;581234688;33566720;540700672;0;0;0;0;0;0;0;0;0;0;0;3135;0;0;0;0;0;0;
32983;3339282;581234688;33566720;540700672;0;0;0;0;0;0;0;0;0;0;0;3286;0;0;0;0;0;0;
32984;4644300;581234688;33566720;540700672;0;0;0;0;0;0;0;0;0;0;0;2996;0;0;0;0;0;0;
32985;3182860;581234688;33566720;540700672;0;0;0;0;0;0;0;0;0;0;0;3416;0;0;0;0;0;0;
32986;4650622;581234688;33566720;540700672;0;0;0;0;0;0;0;0;0;0;0;3156;0;0;0;0;0;0;
32987;3530551;575160320;25788416;532922368;0;0;0;0;0;0;0;0;0;0;0;3156;0;0;0;0;0;0;
32988;4770997;575160320;25788416;532922368;0;0;0;0;0;0;0;0;0;0;0;3517;0;0;0;0;0;0;
32989;3379758;575160320;25788416;532922368;0;0;0;0;0;0;0;0;0;0;0;3477;0;0;0;0;0;0;
32990;4587313;575160320;25788416;532922368;0;0;0;0;0;0;0;0;0;0;0;3146;0;0;0;0;0;0;
32991;3766964;575160320;25788416;532922368;0;0;0;0;0;0;0;0;0;0;0;3797;0;0;0;0;0;0;
32992;4918514;575160320;25788416;532922368;0;0;0;0;0;0;0;0;0;0;0;3146;0;0;0;0;0;0;
32993;3832617;575160320;25788416;532922368;0;0;0;0;0;0;0;0;0;0;0;3607;0;0;0;0;0;0;
32994;4696768;575160320;25788416;532922368;0;0;0;0;0;0;0;0;0;0;0;3947;0;0;0;0;0;0;
32995;3933667;575160320;25788416;532922368;0;0;0;0;0;0;0;0;0;0;0;3707;0;0;0;0;0;0;
32996;4820160;575160320;25788416;532922368;0;0;0;0;0;0;0;0;0;0;0;3186;0;0;0;0;0;0;
32997;4051468;575160320;25788416;532922368;0;0;0;0;0;0;0;0;0;0;0;3366;0;0;0;0;0;0;
32998;4873299;575160320;25788416;532922368;0;0;0;0;0;0;0;0;0;0;0;3196;0;0;0;0;0;0;
32999;4595669;575160320;25788416;532922368;0;0;0;0;0;0;0;0;0;0;0;3887;0;0;0;0;0;0;
33000;4852961;575160320;25788416;532922368;0;0;0;0;0;0;0;0;0;0;0;3637;0;0;0;0;0;0;
33001;3970025;575160320;25788416;532922368;0;0;0;0;0;0;0;0;0;0;0;3957;0;0;0;0;0;0;
33002;4928703;575160320;25788416;532922368;0;0;0;0;0;0;0;0;0;0;0;3847;0;0;0;0;0;0;
33003;3872242;575160320;25788416;532922368;0;0;0;0;0;0;0;0;0;0;0;4188;0;0;0;0;0;0;
33004;6138141;581234688;33566720;540700672;0;0;0;0;0;0;0;0;0;0;0;3867;0;0;0;0;0;0;
33005;4178457;581234688;33566720;540700672;0;0;0;0;0;0;0;0;0;0;0;4017;0;0;0;0;0;0;
33006;4787809;581234688;33566720;540700672;0;0;0;0;0;0;0;0;0;0;0;3717;0;0;0;0;0;0;
33007;4215796;581234688;33566720;540700672;0;0;0;0;0;0;0;0;0;0;0;4248;0;0;0;0;0;0;
33008;4823245;581234688;33566720;540700672;0;0;0;0;0;0;0;0;0;0;0;3747;0;0;0;0;0;0;
33009;3374328;581234688;33566720;540700672;0;0;0;0;0;0;0;0;0;0;0;4137;0;0;0;0;0;0;
33010;4846449;581234688;33566720;540700672;0;0;0;0;0;0;0;0;0;0;0;3577;0;0;0;0;0;0;
33011;3182359;581234688;33566720;540700672;0;0;0;0;0;0;0;0;0;0;0;4138;0;0;0;0;0;0;
33012;4793640;581234688;33566720;540700672;0;0;0;0;0;0;0;0;0;0;0;3136;0;0;0;0;0;0;
33013;3341156;575160320;25788416;532922368;0;0;0;0;0;0;0;0;0;0;0;3096;0;0;0;0;0;0;
33014;4875844;575160320;25788416;532922368;0;0;0;0;0;0;0;0;0;0;0;2865;0;0;0;0;0;0;
33015;3073935;575160320;25788416;532922368;0;0;0;0;0;0;0;0;0;0;0;3506;0;0;0;0;0;0;
33016;4797107;575160320;25788416;532922368;0;0;0;0;0;0;0;0;0;0;0;3095;0;0;0;0;0;0;
33017;2944432;575160320;25788416;532922368;0;0;0;0;0;0;0;0;0;0;0;3085;0;0;0;0;0;0;
33018;4686549;575160320;25788416;532922368;0;0;0;0;0;0;0;0;0;0;0;3246;0;0;0;0;0;0;
33019;3062013;575160320;25788416;532922368;0;0;0;0;0;0;0;0;0;0;0;3046;0;0;0;0;0;0;
33020;4553189;575160320;25788416;532922368;0;0;0;0;0;0;0;0;0;0;0;2685;0;0;0;0;0;0;
33021;2930285;575160320;25788416;532922368;0;0;0;0;0;0;0;0;0;0;0;3156;0;0;0;0;0;0;
33022;4845838;575160320;25788416;532922368;0;0;0;0;0;0;0;0;0;0;0;2865;0;0;0;0;0;0;
33023;3095205;575160320;25788416;532922368;0;0;0;0;0;0;0;0;0;0;0;3066;0;0;0;0;0;0;
33024;4859704;575160320;25788416;532922368;0;0;0;0;0;0;0;0;0;0;0;3416;0;0;0;0;0;0;
33025;2964831;575160320;25788416;532922368;0;0;0;0;0;0;0;0;0;0;0;3346;0;0;0;0;0;0;
33026;4687811;575160320;25788416;532922368;0;0;0;0;0;0;0;0;0;0;0;2685;0;0;0;0;0;0;
33027;3300319;575160320;25788416;532922368;0;0;0;0;0;0;0;0;0;0;0;2745;0;0;0;0;0;0;
33028;5718394;581234688;33566720;540700672;0;0;0;0;0;0;0;0;0;0;0;3937;0;0;0;0;0;0;
33029;3324976;581234688;33566720;540700672;0;0;0;0;0;0;0;0;0;0;0;3316;0;0;0;0;0;0;
33030;4700124;581234688;33566720;540700672;0;0;0;0;0;0;0;0;0;0;0;3457;0;0;0;0;0;0;
33031;3035132;581234688;33566720;540700672;0;0;0;0;0;0;0;0;0;0;0;3066;0;0;0;0;0;0;
33032;4794833;581234688;33566720;540700672;0;0;0;0;0;0;0;0;0;0;0;2856;0;0;0;0;0;0;
33033;2914115;581234688;33566720;540700672;0;0;0;0;0;0;0;0;0;0;0;2866;0;0;0;0;0;0;
33034;4989067;581234688;33566720;540700672;0;0;0;0;0;0;0;0;0;0;0;2635;0;0;0;0;0;0;
33035;3349823;581234688;33566720;540700672;0;0;0;0;0;0;0;0;0;0;0;3456;0;0;0;0;0;0;
33036;4951405;581234688;33566720;540700672;0;0;0;0;0;0;0;0;0;0;0;3056;0;0;0;0;0;0;
33037;3766053;575160320;25788416;532922368;0;0;0;0;0;0;0;0;0;0;0;3536;0;0;0;0;0;0;
33038;4699704;575160320;25788416;532922368;0;0;0;0;0;0;0;0;0;0;0;3015;0;0;0;0;0;0;
33039;3642401;575160320;25788416;532922368;0;0;0;0;0;0;0;0;0;0;0;3246;0;0;0;0;0;0;
33040;4671350;575160320;25788416;532922368;0;0;0;0;0;0;0;0;0;0;0;3417;0;0;0;0;0;0;
33041;3504933;575160320;25788416;532922368;0;0;0;0;0;0;0;0;0;0;0;4228;0;0;0;0;0;0;
33042;4810602;575160320;25788416;532922368;0;0;0;0;0;0;0;0;0;0;0;3226;0;0;0;0;0;0;
33043;3232853;575160320;25788416;532922368;0;0;0;0;0;0;0;0;0;0;0;3356;0;0;0;0;0;0;
33044;4707548;575160320;25788416;532922368;0;0;0;0;0;0;0;0;0;0;0;2605;0;0;0;0;0;0;
33045;2998052;575160320;25788416;532922368;0;0;0;0;0;0;0;0;0;0;0;3226;0;0;0;0;0;0;
33046;4561415;575160320;25788416;532922368;0;0;0;0;0;0;0;0;0;0;0;2705;0;0;0;0;0;0;
33047;3055551;575160320;25788416;532922368;0;0;0;0;0;0;0;0;0;0;0;3306;0;0;0;0;0;0;
33048;4592724;575160320;25788416;532922368;0;0;0;0;0;0;0;0;0;0;0;2705;0;0;0;0;0;0;
33049;3370491;575160320;25788416;532922368;0;0;0;0;0;0;0;0;0;0;0;3707;0;0;0;0;0;0;
33050;4763563;575160320;25788416;532922368;0;0;0;0;0;0;0;0;0;0;0;2916;0;0;0;0;0;0;
33051;4037712;575160320;25788416;532922368;0;0;0;0;0;0;0;0;0;0;0;3466;0;0;0;0;0;0;
33052;5953595;581234688;33566720;540700672;0;0;0;0;0;0;0;0;0;0;0;4087;0;0;0;0;0;0;
33053;4523694;581234688;33566720;540700672;0;0;0;0;0;0;0;0;0;0;0;4148;0;0;0;0;0;0;
33054;5089284;581234688;33566720;540700672;0;0;0;0;0;0;0;0;0;0;0;3817;0;0;0;0;0;0;
33055;3784908;581234688;33566720;540700672;0;0;0;0;0;0;0;0;0;0;0;3998;0;0;0;0;0;0;
33056;4892305;581234688;33566720;540700672;0;0;0;0;0;0;0;0;0;0;0;3958;0;0;0;0;0;0;
33057;3854799;581234688;33566720;540700672;0;0;0;0;0;0;0;0;0;0;0;4288;0;0;0;0;0;0;
33058;4759746;581234688;33566720;540700672;0;0;0;0;0;0;0;0;0;0;0;3186;0;0;0;0;0;0;
33059;4045607;581234688;33566720;540700672;0;0;0;0;0;0;0;0;0;0;0;3447;0;0;0;0;0;0;
33060;4752493;581234688;33566720;540700672;0;0;0;0;0;0;0;0;0;0;0;3887;0;0;0;0;0;0;
33061;4329439;575160320;25788416;532922368;0;0;0;0;0;0;0;0;0;0;0;3767;0;0;0;0;0;0;
33062;4953469;575160320;25788416;532922368;0;0;0;0;0;0;0;0;0;0;0;3707;0;0;0;0;0;0;
33063;4295856;575160320;25788416;532922368;0;0;0;0;0;0;0;0;0;0;0;4238;0;0;0;0;0;0;
33064;4794662;575160320;25788416;532922368;0;0;0;0;0;0;0;0;0;0;0;3757;0;0;0;0;0;0;
33065;4311566;575160320;25788416;532922368;0;0;0;0;0;0;0;0;0;0;0;4108;0;0;0;0;0;0;
33066;4905489;575160320;25788416;532922368;0;0;0;0;0;0;0;0;0;0;0;3296;0;0;0;0;0;0;
33067;4120808;575160320;25788416;532922368;0;0;0;0;0;0;0;0;0;0;0;4508;0;0;0;0;0;0;
33068;4970001;575160320;25788416;532922368;0;0;0;0;0;0;0;0;0;0;0;3076;0;0;0;0;0;0;
33069;10071759;575160320;25788416;532922368;0;0;0;0;0;0;0;0;0;0;0;3687;0;0;0;0;0;0;
33070;4977855;575160320;25788416;532922368;0;0;0;0;0;0;0;0;0;0;0;3837;0;0;0;0;0;0;
33071;4459644;575160320;25788416;532922368;0;0;0;0;0;0;0;0;0;0;0;3817;0;0;0;0;0;0;
33072;4803979;575160320;25788416;532922368;0;0;0;0;0;0;0;0;0;0;0;3336;0;0;0;0;0;0;
33073;4094790;575160320;25788416;532922368;0;0;0;0;0;0;0;0;0;0;0;3917;0;0;0;0;0;0;
33074;4661762;575160320;25788416;532922368;0;0;0;0;0;0;0;0;0;0;0;3707;0;0;0;0;0;0;
33075;4154592;575160320;25788416;532922368;0;0;0;0;0;0;0;0;0;0;0;4118;0;0;0;0;0;0;
33076;4830989;575160320;25788416;532922368;0;0;0;0;0;0;0;0;0;0;0;3777;0;0;0;0;0;0;
33077;4361810;575160320;25788416;532922368;0;0;0;0;0;0;0;0;0;0;0;4028;0;0;0;0;0;0;
33078;5987719;581234688;33566720;540700672;0;0;0;0;0;0;0;0;0;0;0;4128;0;0;0;0;0;0;
33079;4589647;581234688;33566720;540700672;0;0;0;0;0;0;0;0;0;0;0;4168;0;0;0;0;0;0;
33080;4950614;581234688;33566720;540700672;0;0;0;0;0;0;0;0;0;0;0;3617;0;0;0;0;0;0;
33081;4437522;581234688;33566720;540700672;0;0;0;0;0;0;0;0;0;0;0;4338;0;0;0;0;0;0;
33082;4831901;581234688;33566720;540700672;0;0;0;0;0;0;0;0;0;0;0;3517;0;0;0;0;0;0;
33083;4274596;581234688;33566720;540700672;0;0;0;0;0;0;0;0;0;0;0;3707;0;0;0;0;0;0;
33084;4906843;581234688;33566720;540700672;0;0;0;0;0;0;0;0;0;0;0;4278;0;0;0;0;0;0;
33085;4423025;581234688;33566720;540700672;0;0;0;0;0;0;0;0;0;0;0;3958;0;0;0;0;0;0;
33086;5117547;581234688;33566720;540700672;0;0;0;0;0;0;0;0;0;0;0;3707;0;0;0;0;0;0;
33087;4823115;575160320;25788416;532922368;0;0;0;0;0;0;0;0;0;0;0;4238;0;0;0;0;0;0;
33088;4894860;575160320;25788416;532922368;0;0;0;0;0;0;0;0;0;0;0;3487;0;0;0;0;0;0;
33089;3912086;575160320;25788416;532922368;0;0;0;0;0;0;0;0;0;0;0;3516;0;0;0;0;0;0;
33090;4881494;575160320;25788416;532922368;0;0;0;0;0;0;0;0;0;0;0;3036;0;0;0;0;0;0;
33091;3643984;575160320;25788416;532922368;0;0;0;0;0;0;0;0;0;0;0;3617;0;0;0;0;0;0;
33092;4783171;575160320;25788416;532922368;0;0;0;0;0;0;0;0;0;0;0;3787;0;0;0;0;0;0;
33093;3842737;575160320;25788416;532922368;0;0;0;0;0;0;0;0;0;0;0;3667;0;0;0;0;0;0;
33094;4929204;575160320;25788416;532922368;0;0;0;0;0;0;0;0;0;0;0;3156;0;0;0;0;0;0;
33095;4107363;575160320;25788416;532922368;0;0;0;0;0;0;0;0;0;0;0;3878;0;0;0;0;0;0;
33096;4827063;575160320;25788416;532922368;0;0;0;0;0;0;0;0;0;0;0;3566;0;0;0;0;0;0;
33097;4105750;575160320;25788416;532922368;0;0;0;0;0;0;0;0;0;0;0;3296;0;0;0;0;0;0;
33098;4607771;575160320;25788416;532922368;0;0;0;0;0;0;0;0;0;0;0;3246;0;0;0;0;0;0;
33099;4191030;575160320;25788416;532922368;0;0;0;0;0;0;0;0;0;0;0;3868;0;0;0;0;0;0;
33100;4668235;575160320;25788416;532922368;0;0;0;0;0;0;0;0;0;0;0;3316;0;0;0;0;0;0;
33101;4267654;575160320;25788416;532922368;0;0;0;0;0;0;0;0;0;0;0;3637;0;0;0;0;0;0;
33102;5682297;581234688;33566720;540700672;0;0;0;0;0;0;0;0;0;0;0;3857;0;0;0;0;0;0;
33103;4113474;581234688;33566720;540700672;0;0;0;0;0;0;0;0;0;0;0;3567;0;0;0;0;0;0;
33104;4888708;581234688;33566720;540700672;0;0;0;0;0;0;0;0;0;0;0;3627;0;0;0;0;0;0;
33105;4061186;581234688;33566720;540700672;0;0;0;0;0;0;0;0;0;0;0;3797;0;0;0;0;0;0;
33106;4746622;581234688;33566720;540700672;0;0;0;0;0;0;0;0;0;0;0;3757;0;0;0;0;0;0;
33107;3831486;581234688;33566720;540700672;0;0;0;0;0;0;0;0;0;0;0;3056;0;0;0;0;0;0;
33108;4981702;581234688;33566720;540700672;0;0;0;0;0;0;0;0;0;0;0;3537;0;0;0;0;0;0;
33109;3933366;581234688;33566720;540700672;0;0;0;0;0;0;0;0;0;0;0;4198;0;0;0;0;0;0;
33110;4695556;581234688;33566720;540700672;0;0;0;0;0;0;0;0;0;0;0;3897;0;0;0;0;0;0;
33111;4096032;575160320;25788416;532922368;0;0;0;0;0;0;0;0;0;0;0;3977;0;0;0;0;0;0;
33112;4762221;575160320;25788416;532922368;0;0;0;0;0;0;0;0;0;0;0;3607;0;0;0;0;0;0;
33113;3930331;575160320;25788416;532922368;0;0;0;0;0;0;0;0;0;0;0;4949;0;0;0;0;0;0;
33114;4718339;575160320;25788416;532922368;0;0;0;0;0;0;0;0;0;0;0;3717;0;0;0;0;0;0;
33115;3943145;575160320;25788416;532922368;0;0;0;0;0;0;0;0;0;0;0;3526;0;0;0;0;0;0;
33116;4905089;575160320;25788416;532922368;0;0;0;0;0;0;0;0;0;0;0;3236;0;0;0;0;0;0;
33117;3886899;575160320;25788416;532922368;0;0;0;0;0;0;0;0;0;0;0;3987;0;0;0;0;0;0;
33118;4768342;575160320;25788416;532922368;0;0;0;0;0;0;0;0;0;0;0;3116;0;0;0;0;0;0;
33119;3804304;575160320;25788416;532922368;0;0;0;0;0;0;0;0;0;0;0;3145;0;0;0;0;0;0;
33120;4768573;575160320;25788416;532922368;0;0;0;0;0;0;0;0;0;0;0;3497;0;0;0;0;0;0;
33121;3863325;575160320;25788416;532922368;0;0;0;0;0;0;0;0;0;0;0;3416;0;0;0;0;0;0;
33122;4846660;575160320;25788416;532922368;0;0;0;0;0;0;0;0;0;0;0;3316;0;0;0;0;0;0;
33123;3843408;575160320;25788416;532922368;0;0;0;0;0;0;0;0;0;0;0;3947;0;0;0;0;0;0;
33124;4847531;575160320;25788416;532922368;0;0;0;0;0;0;0;0;0;0;0;3266;0;0;0;0;0;0;
33125;3985454;575160320;25788416;532922368;0;0;0;0;0;0;0;0;0;0;0;4328;0;0;0;0;0;0;
33126;5999531;581234688;33566720;540700672;0;0;0;0;0;0;0;0;0;0;0;3647;0;0;0;0;0;0;
33127;3928397;581234688;33566720;540700672;0;0;0;0;0;0;0;0;0;0;0;3527;0;0;0;0;0;0;
33128;4953609;581234688;33566720;540700672;0;0;0;0;0;0;0;0;0;0;0;2625;0;0;0;0;0;0;
33129;3985213;581234688;33566720;540700672;0;0;0;0;0;0;0;0;0;0;0;3847;0;0;0;0;0;0;
33130;5093612;581234688;33566720;540700672;0;0;0;0;0;0;0;0;0;0;0;3496;0;0;0;0;0;0;
33131;4059332;581234688;33566720;540700672;0;0;0;0;0;0;0;0;0;0;0;4088;0;0;0;0;0;0;
33132;5209149;581234688;33574912;540708864;0;0;0;0;0;0;0;0;0;0;0;3697;0;0;0;0;0;0;
33133;3655826;581234688;33574912;540708864;0;0;0;0;0;0;0;0;0;0;0;3857;0;0;0;0;0;0;
33134;5196816;581234688;33574912;540708864;0;0;0;0;0;0;0;0;0;0;0;3487;0;0;0;0;0;0;
33135;3836465;581234688;33574912;540708864;0;0;0;0;0;0;0;0;0;0;0;3437;0;0;0;0;0;0;
33136;5111687;581234688;33574912;540708864;0;0;0;0;0;0;0;0;0;0;0;3186;0;0;0;0;0;0;
33137;3734354;581234688;33574912;540708864;0;0;0;0;0;0;0;0;0;0;0;3457;0;0;0;0;0;0;
33138;4849575;581234688;33574912;540708864;0;0;0;0;0;0;0;0;0;0;0;3296;0;0;0;0;0;0;
33139;3845322;581292032;33566720;540700672;0;0;0;0;0;0;0;0;0;0;0;3717;0;0;0;0;0;0;
33140;4815110;581292032;33566720;540700672;0;0;0;0;0;0;0;0;0;0;0;3396;0;0;0;0;0;0;
33141;3779669;581292032;33566720;540700672;0;0;0;0;0;0;0;0;0;0;0;3176;0;0;0;0;0;0;
33142;4782158;581292032;33566720;540700672;0;0;0;0;0;0;0;0;0;0;0;3226;0;0;0;0;0;0;
33143;4690747;575160320;25788416;532922368;0;0;0;0;0;0;0;0;0;0;0;3577;0;0;0;0;0;0;
33144;4771789;575160320;25788416;532922368;0;0;0;0;0;0;0;0;0;0;0;3186;0;0;0;0;0;0;
33145;4090561;575160320;25788416;532922368;0;0;0;0;0;0;0;0;0;0;0;3998;0;0;0;0;0;0;
33146;4724761;575160320;25788416;532922368;0;0;0;0;0;0;0;0;0;0;0;3567;0;0;0;0;0;0;
33147;3730547;575160320;25788416;532922368;0;0;0;0;0;0;0;0;0;0;0;3878;0;0;0;0;0;0;
33148;5067012;575160320;25788416;532922368;0;0;0;0;0;0;0;0;0;0;0;3817;0;0;0;0;0;0;
33149;3817318;575160320;25788416;532922368;0;0;0;0;0;0;0;0;0;0;0;3557;0;0;0;0;0;0;
33150;4898496;575160320;25788416;532922368;0;0;0;0;0;0;0;0;0;0;0;3146;0;0;0;0;0;0;
33151;3681314;575160320;25788416;532922368;0;0;0;0;0;0;0;0;0;0;0;3586;0;0;0;0;0;0;
33152;5972000;581234688;33566720;540700672;0;0;0;0;0;0;0;0;0;0;0;4368;0;0;0;0;0;0;
33153;3948405;581234688;33566720;540700672;0;0;0;0;0;0;0;0;0;0;0;4027;0;0;0;0;0;0;
33154;4951075;581234688;33566720;540700672;0;0;0;0;0;0;0;0;0;0;0;3677;0;0;0;0;0;0;
33155;3818241;581234688;33566720;540700672;0;0;0;0;0;0;0;0;0;0;0;3677;0;0;0;0;0;0;
33156;4829538;581234688;33566720;540700672;0;0;0;0;0;0;0;0;0;0;0;3116;0;0;0;0;0;0;
33157;3681424;581234688;33566720;540700672;0;0;0;0;0;0;0;0;0;0;0;4278;0;0;0;0;0;0;
33158;5103010;581234688;33566720;540700672;0;0;0;0;0;0;0;0;0;0;0;3516;0;0;0;0;0;0;
33159;3662569;581234688;33566720;540700672;0;0;0;0;0;0;0;0;0;0;0;3125;0;0;0;0;0;0;
33160;5169925;581234688;33566720;540700672;0;0;0;0;0;0;0;0;0;0;0;3447;0;0;0;0;0;0;
33161;3983350;575160320;25788416;532922368;0;0;0;0;0;0;0;0;0;0;0;4058;0;0;0;0;0;0;
33162;5468385;575160320;25788416;532922368;0;0;0;0;0;0;0;0;0;0;0;4238;0;0;0;0;0;0;
33163;3673500;575160320;25788416;532922368;0;0;0;0;0;0;0;0;0;0;0;3467;0;0;0;0;0;0;
33164;4999305;575160320;25788416;532922368;0;0;0;0;0;0;0;0;0;0;0;3797;0;0;0;0;0;0;
33165;3733182;575160320;25788416;532922368;0;0;0;0;0;0;0;0;0;0;0;3687;0;0;0;0;0;0;
33166;4806324;575160320;25788416;532922368;0;0;0;0;0;0;0;0;0;0;0;3797;0;0;0;0;0;0;
33167;4028575;575160320;25788416;532922368;0;0;0;0;0;0;0;0;0;0;0;3256;0;0;0;0;0;0;
33168;4882967;575160320;25788416;532922368;0;0;0;0;0;0;0;0;0;0;0;3156;0;0;0;0;0;0;
33169;3757667;575160320;25788416;532922368;0;0;0;0;0;0;0;0;0;0;0;3617;0;0;0;0;0;0;
33170;5076139;575160320;25788416;532922368;0;0;0;0;0;0;0;0;0;0;0;3106;0;0;0;0;0;0;
33171;3684049;575160320;25788416;532922368;0;0;0;0;0;0;0;0;0;0;0;3286;0;0;0;0;0;0;
33172;4831221;575160320;25788416;532922368;0;0;0;0;0;0;0;0;0;0;0;3056;0;0;0;0;0;0;
33173;3569024;575160320;25788416;532922368;0;0;0;0;0;0;0;0;0;0;0;3476;0;0;0;0;0;0;
33174;5242402;575160320;25788416;532922368;0;0;0;0;0;0;0;0;0;0;0;3576;0;0;0;0;0;0;
33175;3902339;575160320;25788416;532922368;0;0;0;0;0;0;0;0;0;0;0;3607;0;0;0;0;0;0;
33176;5916766;581234688;33566720;540700672;0;0;0;0;0;0;0;0;0;0;0;4087;0;0;0;0;0;0;
33177;3896878;581234688;33566720;540700672;0;0;0;0;0;0;0;0;0;0;0;3537;0;0;0;0;0;0;
33178;5077032;581234688;33566720;540700672;0;0;0;0;0;0;0;0;0;0;0;3656;0;0;0;0;0;0;
33179;3651518;581234688;33566720;540700672;0;0;0;0;0;0;0;0;0;0;0;3517;0;0;0;0;0;0;
33180;4806113;581234688;33566720;540700672;0;0;0;0;0;0;0;0;0;0;0;3095;0;0;0;0;0;0;
33181;3768878;581234688;33566720;540700672;0;0;0;0;0;0;0;0;0;0;0;3787;0;0;0;0;0;0;
33182;4782318;581234688;33566720;540700672;0;0;0;0;0;0;0;0;0;0;0;3387;0;0;0;0;0;0;
33183;3726178;581234688;33566720;540700672;0;0;0;0;0;0;0;0;0;0;0;3546;0;0;0;0;0;0;
33184;4974749;581234688;33566720;540700672;0;0;0;0;0;0;0;0;0;0;0;3146;0;0;0;0;0;0;
33185;3991195;575160320;25788416;532922368;0;0;0;0;0;0;0;0;0;0;0;4147;0;0;0;0;0;0;
33186;4694714;575160320;25788416;532922368;0;0;0;0;0;0;0;0;0;0;0;3216;0;0;0;0;0;0;
33187;3866401;575160320;25788416;532922368;0;0;0;0;0;0;0;0;0;0;0;3537;0;0;0;0;0;0;
33188;4781267;575160320;25788416;532922368;0;0;0;0;0;0;0;0;0;0;0;2825;0;0;0;0;0;0;
33189;3849609;575160320;25788416;532922368;0;0;0;0;0;0;0;0;0;0;0;3646;0;0;0;0;0;0;
33190;4800303;575160320;25788416;532922368;0;0;0;0;0;0;0;0;0;0;0;3076;0;0;0;0;0;0;
33191;4009510;575160320;25788416;532922368;0;0;0;0;0;0;0;0;0;0;0;3457;0;0;0;0;0;0;
33192;4673695;575160320;25788416;532922368;0;0;0;0;0;0;0;0;0;0;0;3387;0;0;0;0;0;0;
33193;4086614;575160320;25788416;532922368;0;0;0;0;0;0;0;0;0;0;0;3516;0;0;0;0;0;0;
33194;5016317;575160320;25788416;532922368;0;0;0;0;0;0;0;0;0;0;0;3096;0;0;0;0;0;0;
33195;3933476;575160320;25788416;532922368;0;0;0;0;0;0;0;0;0;0;0;4048;0;0;0;0;0;0;
33196;4813998;575160320;25788416;532922368;0;0;0;0;0;0;0;0;0;0;0;3626;0;0;0;0;0;0;
33197;3781261;575160320;25788416;532922368;0;0;0;0;0;0;0;0;0;0;0;3677;0;0;0;0;0;0;
33198;4946296;575160320;25788416;532922368;0;0;0;0;0;0;0;0;0;0;0;3877;0;0;0;0;0;0;
33199;4306527;575160320;25788416;532922368;0;0;0;0;0;0;0;0;0;0;0;4258;0;0;0;0;0;0;
33200;5830755;581234688;33566720;540700672;0;0;0;0;0;0;0;0;0;0;0;3817;0;0;0;0;0;0;
33201;4281189;581234688;33566720;540700672;0;0;0;0;0;0;0;0;0;0;0;3937;0;0;0;0;0;0;
33202;4949271;581234688;33566720;540700672;0;0;0;0;0;0;0;0;0;0;0;3286;0;0;0;0;0;0;
33203;4496823;581234688;33566720;540700672;0;0;0;0;0;0;0;0;0;0;0;12523;0;0;0;0;0;0;
33204;4994396;581234688;33566720;540700672;0;0;0;0;0;0;0;0;0;0;0;2775;0;0;0;0;0;0;
33205;4463591;581234688;33566720;540700672;0;0;0;0;0;0;0;0;0;0;0;3958;0;0;0;0;0;0;
33206;5341547;581234688;33566720;540700672;0;0;0;0;0;0;0;0;0;0;0;3667;0;0;0;0;0;0;
33207;4155513;581234688;33566720;540700672;0;0;0;0;0;0;0;0;0;0;0;3597;0;0;0;0;0;0;
33208;4758714;581234688;33566720;540700672;0;0;0;0;0;0;0;0;0;0;0;3226;0;0;0;0;0;0;
33209;4118063;575160320;25788416;532922368;0;0;0;0;0;0;0;0;0;0;0;3547;0;0;0;0;0;0;
33210;5114251;575160320;25788416;532922368;0;0;0;0;0;0;0;0;0;0;0;3156;0;0;0;0;0;0;
33211;3755923;575160320;25788416;532922368;0;0;0;0;0;0;0;0;0;0;0;3437;0;0;0;0;0;0;
33212;5164596;575160320;25788416;532922368;0;0;0;0;0;0;0;0;0;0;0;3226;0;0;0;0;0;0;
33213;3921695;575160320;25788416;532922368;0;0;0;0;0;0;0;0;0;0;0;4178;0;0;0;0;0;0;
33214;4963749;575160320;25788416;532922368;0;0;0;0;0;0;0;0;0;0;0;3346;0;0;0;0;0;0;
33215;3846563;575160320;25788416;532922368;0;0;0;0;0;0;0;0;0;0;0;3547;0;0;0;0;0;0;
33216;5029642;575160320;25788416;532922368;0;0;0;0;0;0;0;0;0;0;0;3246;0;0;0;0;0;0;
33217;3607395;575160320;25788416;532922368;0;0;0;0;0;0;0;0;0;0;0;3477;0;0;0;0;0;0;
33218;4872157;575160320;25788416;532922368;0;0;0;0;0;0;0;0;0;0;0;3086;0;0;0;0;0;0;
33219;3604019;575160320;25788416;532922368;0;0;0;0;0;0;0;0;0;0;0;4097;0;0;0;0;0;0;
33220;5078084;575160320;25788416;532922368;0;0;0;0;0;0;0;0;0;0;0;3236;0;0;0;0;0;0;
33221;4077918;575160320;25788416;532922368;0;0;0;0;0;0;0;0;0;0;0;4228;0;0;0;0;0;0;
33222;4769965;575160320;25788416;532922368;0;0;0;0;0;0;0;0;0;0;0;3035;0;0;0;0;0;0;
33223;4145234;575160320;25788416;532922368;0;0;0;0;0;0;0;0;0;0;0;3737;0;0;0;0;0;0;
33224;4764345;575160320;25788416;532922368;0;0;0;0;0;0;0;0;0;0;0;3476;0;0;0;0;0;0;
33225;4406815;575160320;25788416;532922368;0;0;0;0;0;0;0;0;0;0;0;3797;0;0;0;0;0;0;
33226;5694048;581234688;33566720;540700672;0;0;0;0;0;0;0;0;0;0;0;3858;0;0;0;0;0;0;
33227;4265068;581234688;33566720;540700672;0;0;0;0;0;0;0;0;0;0;0;3476;0;0;0;0;0;0;
33228;5195103;581234688;33566720;540700672;0;0;0;0;0;0;0;0;0;0;0;3437;0;0;0;0;0;0;
33229;4019278;581234688;33566720;540700672;0;0;0;0;0;0;0;0;0;0;0;4138;0;0;0;0;0;0;
33230;4822514;581234688;33566720;540700672;0;0;0;0;0;0;0;0;0;0;0;3456;0;0;0;0;0;0;
33231;4445296;581234688;33566720;540700672;0;0;0;0;0;0;0;0;0;0;0;3256;0;0;0;0;0;0;
33232;5061322;581234688;33566720;540700672;0;0;0;0;0;0;0;0;0;0;0;3045;0;0;0;0;0;0;
33233;3953204;581234688;33566720;540700672;0;0;0;0;0;0;0;0;0;0;0;3997;0;0;0;0;0;0;
33234;4976162;581234688;33566720;540700672;0;0;0;0;0;0;0;0;0;0;0;3496;0;0;0;0;0;0;
33235;3998829;575160320;25788416;532922368;0;0;0;0;0;0;0;0;0;0;0;3757;0;0;0;0;0;0;
33236;5093172;575160320;25788416;532922368;0;0;0;0;0;0;0;0;0;0;0;3326;0;0;0;0;0;0;
33237;3821497;575160320;25788416;532922368;0;0;0;0;0;0;0;0;0;0;0;3457;0;0;0;0;0;0;
33238;5371494;575160320;25788416;532922368;0;0;0;0;0;0;0;0;0;0;0;3206;0;0;0;0;0;0;
33239;3878343;575160320;25788416;532922368;0;0;0;0;0;0;0;0;0;0;0;3857;0;0;0;0;0;0;
33240;5053767;575160320;25788416;532922368;0;0;0;0;0;0;0;0;0;0;0;3136;0;0;0;0;0;0;
33241;3718664;575160320;25788416;532922368;0;0;0;0;0;0;0;0;0;0;0;3517;0;0;0;0;0;0;
33242;4938211;575160320;25788416;532922368;0;0;0;0;0;0;0;0;0;0;0;3416;0;0;0;0;0;0;
33243;3843377;575160320;25788416;532922368;0;0;0;0;0;0;0;0;0;0;0;3557;0;0;0;0;0;0;
33244;5155739;575160320;25796608;532930560;0;0;0;0;0;0;0;0;0;0;0;3587;0;0;0;0;0;0;
33245;3725286;575160320;25796608;532930560;0;0;0;0;0;0;0;0;0;0;0;3026;0;0;0;0;0;0;
33246;5896859;581234688;33574912;540708864;0;0;0;0;0;0;0;0;0;0;0;3707;0;0;0;0;0;0;
33247;3862243;581234688;33574912;540708864;0;0;0;0;0;0;0;0;0;0;0;3677;0;0;0;0;0;0;
33248;4931479;581234688;33574912;540708864;0;0;0;0;0;0;0;0;0;0;0;3666;0;0;0;0;0;0;
33249;4425309;581234688;33574912;540708864;0;0;0;0;0;0;0;0;0;0;0;3567;0;0;0;0;0;0;
33250;4895601;581234688;33574912;540708864;0;0;0;0;0;0;0;0;0;0;0;3507;0;0;0;0;0;0;
33251;4376778;581292032;33566720;540700672;0;0;0;0;0;0;0;0;0;0;0;3727;0;0;0;0;0;0;
33252;4731033;581292032;33566720;540700672;0;0;0;0;0;0;0;0;0;0;0;3697;0;0;0;0;0;0;
33253;3976147;581292032;33566720;540700672;0;0;0;0;0;0;0;0;0;0;0;3777;0;0;0;0;0;0;
33254;4804060;581292032;33566720;540700672;0;0;0;0;0;0;0;0;0;0;0;3447;0;0;0;0;0;0;
33255;4255511;581292032;33566720;540700672;0;0;0;0;0;0;0;0;0;0;0;3828;0;0;0;0;0;0;
33256;4726053;581292032;33566720;540700672;0;0;0;0;0;0;0;0;0;0;0;3497;0;0;0;0;0;0;
33257;4076855;581292032;33566720;540700672;0;0;0;0;0;0;0;0;0;0;0;4078;0;0;0;0;0;0;
33258;4986602;581292032;33566720;540700672;0;0;0;0;0;0;0;0;0;0;0;3427;0;0;0;0;0;0;
33259;4236374;581292032;33566720;540700672;0;0;0;0;0;0;0;0;0;0;0;4358;0;0;0;0;0;0;
33260;4890863;581292032;33566720;540700672;0;0;0;0;0;0;0;0;0;0;0;3407;0;0;0;0;0;0;
33261;4342964;575160320;25788416;532922368;0;0;0;0;0;0;0;0;0;0;0;3697;0;0;0;0;0;0;
33262;5315528;575160320;25788416;532922368;0;0;0;0;0;0;0;0;0;0;0;3536;0;0;0;0;0;0;
33263;3935009;575160320;25788416;532922368;0;0;0;0;0;0;0;0;0;0;0;3997;0;0;0;0;0;0;
33264;4971533;575160320;25788416;532922368;0;0;0;0;0;0;0;0;0;0;0;3256;0;0;0;0;0;0;
33265;3779899;575160320;25788416;532922368;0;0;0;0;0;0;0;0;0;0;0;3767;0;0;0;0;0;0;
33266;4887055;575160320;25788416;532922368;0;0;0;0;0;0;0;0;0;0;0;3237;0;0;0;0;0;0;
33267;3980725;575160320;25788416;532922368;0;0;0;0;0;0;0;0;0;0;0;4458;0;0;0;0;0;0;
33268;4961204;575160320;25788416;532922368;0;0;0;0;0;0;0;0;0;0;0;3267;0;0;0;0;0;0;
33269;3868204;575160320;25788416;532922368;0;0;0;0;0;0;0;0;0;0;0;3867;0;0;0;0;0;0;
33270;4893667;575160320;25788416;532922368;0;0;0;0;0;0;0;0;0;0;0;3687;0;0;0;0;0;0;
33271;4327306;575160320;25788416;532922368;0;0;0;0;0;0;0;0;0;0;0;4568;0;0;0;0;0;0;
33272;4787198;575160320;25788416;532922368;0;0;0;0;0;0;0;0;0;0;0;3847;0;0;0;0;0;0;
33273;3674932;575160320;25788416;532922368;0;0;0;0;0;0;0;0;0;0;0;4208;0;0;0;0;0;0;
33274;5766003;581234688;33566720;540700672;0;0;0;0;0;0;0;0;0;0;0;3907;0;0;0;0;0;0;
33275;3858566;581234688;33566720;540700672;0;0;0;0;0;0;0;0;0;0;0;3857;0;0;0;0;0;0;
33276;4838975;581234688;33566720;540700672;0;0;0;0;0;0;0;0;0;0;0;3627;0;0;0;0;0;0;
33277;4336162;581234688;33566720;540700672;0;0;0;0;0;0;0;0;0;0;0;3737;0;0;0;0;0;0;
33278;4837583;581234688;33566720;540700672;0;0;0;0;0;0;0;0;0;0;0;3616;0;0;0;0;0;0;
33279;3747257;581234688;33566720;540700672;0;0;0;0;0;0;0;0;0;0;0;3677;0;0;0;0;0;0;
33280;4775716;581234688;33566720;540700672;0;0;0;0;0;0;0;0;0;0;0;4238;0;0;0;0;0;0;
33281;4146255;581234688;33566720;540700672;0;0;0;0;0;0;0;0;0;0;0;4168;0;0;0;0;0;0;
33282;4978236;581234688;33566720;540700672;0;0;0;0;0;0;0;0;0;0;0;3076;0;0;0;0;0;0;
33283;4285797;575160320;25788416;532922368;0;0;0;0;0;0;0;0;0;0;0;3526;0;0;0;0;0;0;
33284;5113730;575160320;25788416;532922368;0;0;0;0;0;0;0;0;0;0;0;3376;0;0;0;0;0;0;
33285;3815365;575160320;25788416;532922368;0;0;0;0;0;0;0;0;0;0;0;4007;0;0;0;0;0;0;
33286;5278519;575160320;25788416;532922368;0;0;0;0;0;0;0;0;0;0;0;3346;0;0;0;0;0;0;
33287;3625129;575160320;25788416;532922368;0;0;0;0;0;0;0;0;0;0;0;3937;0;0;0;0;0;0;
33288;5459067;575160320;25788416;532922368;0;0;0;0;0;0;0;0;0;0;0;3727;0;0;0;0;0;0;
33289;12621140;575160320;25788416;532922368;0;0;0;0;0;0;0;0;0;0;0;3627;0;0;0;0;0;0;
33290;4811604;575160320;25788416;532922368;0;0;0;0;0;0;0;0;0;0;0;3697;0;0;0;0;0;0;
33291;4439456;575160320;25788416;532922368;0;0;0;0;0;0;0;0;0;0;0;4970;0;0;0;0;0;0;
33292;5569425;575160320;25788416;532922368;0;0;0;0;0;0;0;0;0;0;0;5550;0;0;0;0;0;0;
33293;5054900;575160320;25788416;532922368;0;0;0;0;0;0;0;0;0;0;0;4628;0;0;0;0;0;0;
33294;5305069;575160320;25788416;532922368;0;0;0;0;0;0;0;0;0;0;0;4298;0;0;0;0;0;0;
33295;4900791;575160320;25788416;532922368;0;0;0;0;0;0;0;0;0;0;0;5490;0;0;0;0;0;0;
33296;5286434;575160320;25788416;532922368;0;0;0;0;0;0;0;0;0;0;0;4188;0;0;0;0;0;0;
33297;4602912;575160320;25788416;532922368;0;0;0;0;0;0;0;0;0;0;0;4759;0;0;0;0;0;0;
33298;5320699;575160320;25788416;532922368;0;0;0;0;0;0;0;0;0;0;0;5470;0;0;0;0;0;0;
33299;4871867;575160320;25788416;532922368;0;0;0;0;0;0;0;0;0;0;0;4659;0;0;0;0;0;0;
33300;6746231;581234688;33566720;540700672;0;0;0;0;0;0;0;0;0;0;0;5109;0;0;0;0;0;0;
33301;4790944;581234688;33566720;540700672;0;0;0;0;0;0;0;0;0;0;0;4950;0;0;0;0;0;0;
33302;5776373;581234688;33566720;540700672;0;0;0;0;0;0;0;0;0;0;0;5230;0;0;0;0;0;0;
33303;5003664;581234688;33566720;540700672;0;0;0;0;0;0;0;0;0;0;0;3978;0;0;0;0;0;0;
33304;5297224;581234688;33566720;540700672;0;0;0;0;0;0;0;0;0;0;0;4789;0;0;0;0;0;0;
33305;4602822;581234688;33566720;540700672;0;0;0;0;0;0;0;0;0;0;0;4588;0;0;0;0;0;0;
33306;5496659;581234688;33566720;540700672;0;0;0;0;0;0;0;0;0;0;0;5229;0;0;0;0;0;0;
33307;4913124;581234688;33566720;540700672;0;0;0;0;0;0;0;0;0;0;0;4168;0;0;0;0;0;0;
33308;5443899;581234688;33566720;540700672;0;0;0;0;0;0;0;0;0;0;0;5390;0;0;0;0;0;0;
33309;4905109;575160320;25788416;532922368;0;0;0;0;0;0;0;0;0;0;0;4418;0;0;0;0;0;0;
33310;5581478;575160320;25788416;532922368;0;0;0;0;0;0;0;0;0;0;0;5119;0;0;0;0;0;0;
33311;4690105;575160320;25788416;532922368;0;0;0;0;0;0;0;0;0;0;0;4037;0;0;0;0;0;0;
33312;5549227;575160320;25788416;532922368;0;0;0;0;0;0;0;0;0;0;0;3958;0;0;0;0;0;0;
33313;4385485;575160320;25788416;532922368;0;0;0;0;0;0;0;0;0;0;0;3767;0;0;0;0;0;0;
33314;5541031;575160320;25788416;532922368;0;0;0;0;0;0;0;0;0;0;0;5099;0;0;0;0;0;0;
33315;5070950;575160320;25788416;532922368;0;0;0;0;0;0;0;0;0;0;0;5040;0;0;0;0;0;0;
33316;5072313;575160320;25788416;532922368;0;0;0;0;0;0;0;0;0;0;0;4007;0;0;0;0;0;0;
33317;4554872;575160320;25788416;532922368;0;0;0;0;0;0;0;0;0;0;0;5441;0;0;0;0;0;0;
33318;5374820;575160320;25788416;532922368;0;0;0;0;0;0;0;0;0;0;0;5621;0;0;0;0;0;0;
33319;4718329;575160320;25788416;532922368;0;0;0;0;0;0;0;0;0;0;0;4328;0;0;0;0;0;0;
33320;5341398;575160320;25788416;532922368;0;0;0;0;0;0;0;0;0;0;0;5079;0;0;0;0;0;0;
33321;4563658;575160320;25788416;532922368;0;0;0;0;0;0;0;0;0;0;0;4519;0;0;0;0;0;0;
33322;5307664;575160320;25788416;532922368;0;0;0;0;0;0;0;0;0;0;0;5971;0;0;0;0;0;0;
33323;4755148;575160320;25788416;532922368;0;0;0;0;0;0;0;0;0;0;0;3938;0;0;0;0;0;0;
33324;6337055;581234688;33566720;540700672;0;0;0;0;0;0;0;0;0;0;0;77555;0;0;0;0;0;0;
33325;4363062;581234688;33566720;540700672;0;0;0;0;0;0;0;0;0;0;0;4979;0;0;0;0;0;0;
33326;5311632;581234688;33566720;540700672;0;0;0;0;0;0;0;0;0;0;0;4729;0;0;0;0;0;0;
33327;4759286;581234688;33566720;540700672;0;0;0;0;0;0;0;0;0;0;0;4769;0;0;0;0;0;0;
33328;5192778;581234688;33566720;540700672;0;0;0;0;0;0;0;0;0;0;0;4258;0;0;0;0;0;0;
33329;5699789;581234688;33566720;540700672;0;0;0;0;0;0;0;0;0;0;0;4879;0;0;0;0;0;0;
33330;6145616;581234688;33566720;540700672;0;0;0;0;0;0;0;0;0;0;0;6252;0;0;0;0;0;0;
33331;4635453;581234688;33566720;540700672;0;0;0;0;0;0;0;0;0;0;0;4068;0;0;0;0;0;0;
33332;5499995;581234688;33566720;540700672;0;0;0;0;0;0;0;0;0;0;0;5170;0;0;0;0;0;0;
33333;5543446;575160320;25788416;532922368;0;0;0;0;0;0;0;0;0;0;0;5159;0;0;0;0;0;0;
33334;5906467;575160320;25788416;532922368;0;0;0;0;0;0;0;0;0;0;0;4879;0;0;0;0;0;0;
33335;5751606;575160320;25788416;532922368;0;0;0;0;0;0;0;0;0;0;0;4368;0;0;0;0;0;0;
33336;5866352;575160320;25788416;532922368;0;0;0;0;0;0;0;0;0;0;0;4518;0;0;0;0;0;0;
33337;5409415;575160320;25788416;532922368;0;0;0;0;0;0;0;0;0;0;0;4850;0;0;0;0;0;0;
33338;5648753;575160320;25788416;532922368;0;0;0;0;0;0;0;0;0;0;0;4238;0;0;0;0;0;0;
33339;4556495;575160320;25788416;532922368;0;0;0;0;0;0;0;0;0;0;0;3817;0;0;0;0;0;0;
33340;5345675;575160320;25788416;532922368;0;0;0;0;0;0;0;0;0;0;0;4218;0;0;0;0;0;0;
33341;4516350;575160320;25788416;532922368;0;0;0;0;0;0;0;0;0;0;0;4458;0;0;0;0;0;0;
33342;5553104;575160320;25788416;532922368;0;0;0;0;0;0;0;0;0;0;0;5470;0;0;0;0;0;0;
33343;4429717;575160320;25788416;532922368;0;0;0;0;0;0;0;0;0;0;0;4840;0;0;0;0;0;0;
33344;5348711;575160320;25788416;532922368;0;0;0;0;0;0;0;0;0;0;0;4288;0;0;0;0;0;0;
33345;4605657;575160320;25788416;532922368;0;0;0;0;0;0;0;0;0;0;0;3758;0;0;0;0;0;0;
33346;5608198;575160320;25788416;532922368;0;0;0;0;0;0;0;0;0;0;0;5160;0;0;0;0;0;0;
33347;5391050;575160320;25788416;532922368;0;0;0;0;0;0;0;0;0;0;0;5050;0;0;0;0;0;0;
33348;6045808;581234688;33566720;540700672;0;0;0;0;0;0;0;0;0;0;0;3706;0;0;0;0;0;0;
33349;4859834;581234688;33566720;540700672;0;0;0;0;0;0;0;0;0;0;0;4970;0;0;0;0;0;0;
33350;5009054;581234688;33566720;540700672;0;0;0;0;0;0;0;0;0;0;0;3086;0;0;0;0;0;0;
33351;4297900;581234688;33566720;540700672;0;0;0;0;0;0;0;0;0;0;0;5040;0;0;0;0;0;0;
33352;4958729;581234688;33566720;540700672;0;0;0;0;0;0;0;0;0;0;0;3397;0;0;0;0;0;0;
33353;4731002;581234688;33566720;540700672;0;0;0;0;0;0;0;0;0;0;0;5300;0;0;0;0;0;0;
33354;5259935;581234688;33566720;540700672;0;0;0;0;0;0;0;0;0;0;0;4088;0;0;0;0;0;0;
33355;5102449;581234688;33566720;540700672;0;0;0;0;0;0;0;0;0;0;0;5140;0;0;0;0;0;0;
33356;5547194;581234688;33566720;540700672;0;0;0;0;0;0;0;0;0;0;0;4849;0;0;0;0;0;0;
33357;5856303;575160320;25788416;532922368;0;0;0;0;0;0;0;0;0;0;0;5050;0;0;0;0;0;0;
33358;5269332;575160320;25788416;532922368;0;0;0;0;0;0;0;0;0;0;0;3647;0;0;0;0;0;0;
33359;5465741;575160320;25788416;532922368;0;0;0;0;0;0;0;0;0;0;0;5330;0;0;0;0;0;0;
33360;5226121;575160320;25788416;532922368;0;0;0;0;0;0;0;0;0;0;0;4068;0;0;0;0;0;0;
33361;4648978;575160320;25788416;532922368;0;0;0;0;0;0;0;0;0;0;0;5009;0;0;0;0;0;0;
33362;5242021;575160320;25788416;532922368;0;0;0;0;0;0;0;0;0;0;0;4048;0;0;0;0;0;0;
33363;4687391;575160320;25788416;532922368;0;0;0;0;0;0;0;0;0;0;0;3747;0;0;0;0;0;0;
33364;5411168;575160320;25788416;532922368;0;0;0;0;0;0;0;0;0;0;0;4208;0;0;0;0;0;0;
33365;4319070;575160320;25788416;532922368;0;0;0;0;0;0;0;0;0;0;0;4578;0;0;0;0;0;0;
33366;5471751;575160320;25788416;532922368;0;0;0;0;0;0;0;0;0;0;0;4649;0;0;0;0;0;0;
33367;4538361;575160320;25788416;532922368;0;0;0;0;0;0;0;0;0;0;0;4718;0;0;0;0;0;0;
33368;5195133;575160320;25788416;532922368;0;0;0;0;0;0;0;0;0;0;0;4849;0;0;0;0;0;0;
33369;5658272;575160320;25788416;532922368;0;0;0;0;0;0;0;0;0;0;0;4458;0;0;0;0;0;0;
33370;5224889;575160320;25788416;532922368;0;0;0;0;0;0;0;0;0;0;0;4900;0;0;0;0;0;0;
33371;4422594;575160320;25788416;532922368;0;0;0;0;0;0;0;0;0;0;0;3937;0;0;0;0;0;0;
33372;5679932;575160320;25788416;532922368;0;0;0;0;0;0;0;0;0;0;0;5540;0;0;0;0;0;0;
33373;4693672;575160320;25788416;532922368;0;0;0;0;0;0;0;0;0;0;0;5591;0;0;0;0;0;0;
33374;6384353;581234688;33566720;540700672;0;0;0;0;0;0;0;0;0;0;0;5179;0;0;0;0;0;0;
33375;4351471;581234688;33566720;540700672;0;0;0;0;0;0;0;0;0;0;0;4579;0;0;0;0;0;0;
33376;5373547;581234688;33566720;540700672;0;0;0;0;0;0;0;0;0;0;0;4218;0;0;0;0;0;0;
33377;4233359;581234688;33566720;540700672;0;0;0;0;0;0;0;0;0;0;0;4789;0;0;0;0;0;0;
33378;5357648;581234688;33566720;540700672;0;0;0;0;0;0;0;0;0;0;0;4759;0;0;0;0;0;0;
33379;4340080;581234688;33566720;540700672;0;0;0;0;0;0;0;0;0;0;0;4088;0;0;0;0;0;0;
33380;5447356;581234688;33566720;540700672;0;0;0;0;0;0;0;0;0;0;0;4358;0;0;0;0;0;0;
33381;4676760;581234688;33566720;540700672;0;0;0;0;0;0;0;0;0;0;0;5069;0;0;0;0;0;0;
33382;5469989;581234688;33566720;540700672;0;0;0;0;0;0;0;0;0;0;0;4399;0;0;0;0;0;0;
33383;5128548;575160320;25788416;532922368;0;0;0;0;0;0;0;0;0;0;0;4709;0;0;0;0;0;0;
33384;5845793;575160320;25788416;532922368;0;0;0;0;0;0;0;0;0;0;0;5080;0;0;0;0;0;0;
33385;4841149;575160320;25788416;532922368;0;0;0;0;0;0;0;0;0;0;0;3707;0;0;0;0;0;0;
33386;5182039;575160320;25788416;532922368;0;0;0;0;0;0;0;0;0;0;0;4158;0;0;0;0;0;0;
33387;4898998;575160320;25788416;532922368;0;0;0;0;0;0;0;0;0;0;0;3737;0;0;0;0;0;0;
33388;5524681;575160320;25788416;532922368;0;0;0;0;0;0;0;0;0;0;0;5320;0;0;0;0;0;0;
33389;5423912;575160320;25788416;532922368;0;0;0;0;0;0;0;0;0;0;0;5380;0;0;0;0;0;0;
33390;5292205;575160320;25788416;532922368;0;0;0;0;0;0;0;0;0;0;0;4298;0;0;0;0;0;0;
33391;5725898;575160320;25788416;532922368;0;0;0;0;0;0;0;0;0;0;0;4729;0;0;0;0;0;0;
33392;5045192;575160320;25788416;532922368;0;0;0;0;0;0;0;0;0;0;0;3967;0;0;0;0;0;0;
33393;5179774;575160320;25788416;532922368;0;0;0;0;0;0;0;0;0;0;0;4729;0;0;0;0;0;0;
33394;5350434;575160320;25788416;532922368;0;0;0;0;0;0;0;0;0;0;0;5199;0;0;0;0;0;0;
33395;4767000;575160320;25788416;532922368;0;0;0;0;0;0;0;0;0;0;0;5460;0;0;0;0;0;0;
33396;5602517;575160320;25788416;532922368;0;0;0;0;0;0;0;0;0;0;0;5521;0;0;0;0;0;0;
33397;5643314;575160320;25788416;532922368;0;0;0;0;0;0;0;0;0;0;0;5270;0;0;0;0;0;0;
33398;6721596;581234688;33566720;540700672;0;0;0;0;0;0;0;0;0;0;0;5330;0;0;0;0;0;0;
33399;6223060;581234688;33566720;540700672;0;0;0;0;0;0;0;0;0;0;0;4869;0;0;0;0;0;0;
33400;5137425;581234688;33566720;540700672;0;0;0;0;0;0;0;0;0;0;0;3747;0;0;0;0;0;0;
33401;6130808;581234688;33566720;540700672;0;0;0;0;0;0;0;0;0;0;0;4358;0;0;0;0;0;0;
33402;5368218;581234688;33566720;540700672;0;0;0;0;0;0;0;0;0;0;0;3596;0;0;0;0;0;0;
33403;6662554;581234688;33566720;540700672;0;0;0;0;0;0;0;0;0;0;0;3857;0;0;0;0;0;0;
33404;5320939;581234688;33566720;540700672;0;0;0;0;0;0;0;0;0;0;0;4518;0;0;0;0;0;0;
33405;6043163;581234688;33566720;540700672;0;0;0;0;0;0;0;0;0;0;0;4388;0;0;0;0;0;0;
33406;5697064;581234688;33566720;540700672;0;0;0;0;0;0;0;0;0;0;0;6322;0;0;0;0;0;0;
33407;5697776;575160320;25788416;532922368;0;0;0;0;0;0;0;0;0;0;0;4278;0;0;0;0;0;0;
33408;5309127;575160320;25788416;532922368;0;0;0;0;0;0;0;0;0;0;0;6071;0;0;0;0;0;0;
33409;4572445;575160320;25788416;532922368;0;0;0;0;0;0;0;0;0;0;0;5200;0;0;0;0;0;0;
33410;5142394;575160320;25788416;532922368;0;0;0;0;0;0;0;0;0;0;0;3576;0;0;0;0;0;0;
33411;4687711;575160320;25788416;532922368;0;0;0;0;0;0;0;0;0;0;0;4879;0;0;0;0;0;0;
33412;5537815;575160320;25788416;532922368;0;0;0;0;0;0;0;0;0;0;0;4348;0;0;0;0;0;0;
33413;5504302;575160320;25788416;532922368;0;0;0;0;0;0;0;0;0;0;0;5090;0;0;0;0;0;0;
33414;5616173;575160320;25788416;532922368;0;0;0;0;0;0;0;0;0;0;0;4849;0;0;0;0;0;0;
33415;5768568;575160320;25788416;532922368;0;0;0;0;0;0;0;0;0;0;0;5430;0;0;0;0;0;0;
33416;5410737;575160320;25788416;532922368;0;0;0;0;0;0;0;0;0;0;0;4549;0;0;0;0;0;0;
33417;5945690;575160320;25788416;532922368;0;0;0;0;0;0;0;0;0;0;0;3827;0;0;0;0;0;0;
33418;5729214;575160320;25788416;532922368;0;0;0;0;0;0;0;0;0;0;0;6452;0;0;0;0;0;0;
33419;5866322;575160320;25788416;532922368;0;0;0;0;0;0;0;0;0;0;0;4368;0;0;0;0;0;0;
33420;6505480;575160320;25788416;532922368;0;0;0;0;0;0;0;0;0;0;0;5139;0;0;0;0;0;0;
33421;5861843;575160320;25788416;532922368;0;0;0;0;0;0;0;0;0;0;0;5400;0;0;0;0;0;0;
33422;7278760;581234688;33566720;540700672;0;0;0;0;0;0;0;0;0;0;0;4979;0;0;0;0;0;0;
33423;6342715;581234688;33566720;540700672;0;0;0;0;0;0;0;0;0;0;0;5580;0;0;0;0;0;0;
33424;5197748;581234688;33566720;540700672;0;0;0;0;0;0;0;0;0;0;0;4348;0;0;0;0;0;0;
33425;6363494;581234688;33566720;540700672;0;0;0;0;0;0;0;0;0;0;0;14216;0;0;0;0;0;0;
33426;5240779;581234688;33566720;540700672;0;0;0;0;0;0;0;0;0;0;0;3877;0;0;0;0;0;0;
33427;5541332;581234688;33566720;540700672;0;0;0;0;0;0;0;0;0;0;0;4769;0;0;0;0;0;0;
33428;5043328;581234688;33566720;540700672;0;0;0;0;0;0;0;0;0;0;0;3606;0;0;0;0;0;0;
33429;5234607;581234688;33566720;540700672;0;0;0;0;0;0;0;0;0;0;0;3857;0;0;0;0;0;0;
33430;5450241;581234688;33566720;540700672;0;0;0;0;0;0;0;0;0;0;0;3747;0;0;0;0;0;0;
33431;5103240;575160320;25788416;532922368;0;0;0;0;0;0;0;0;0;0;0;4108;0;0;0;0;0;0;
33432;6962247;575160320;25788416;532922368;0;0;0;0;0;0;0;0;0;0;0;3987;0;0;0;0;0;0;
33433;5225189;575160320;25788416;532922368;0;0;0;0;0;0;0;0;0;0;0;5120;0;0;0;0;0;0;
33434;5323363;575160320;25788416;532922368;0;0;0;0;0;0;0;0;0;0;0;5460;0;0;0;0;0;0;
33435;5932275;575160320;25788416;532922368;0;0;0;0;0;0;0;0;0;0;0;4970;0;0;0;0;0;0;
33436;5603569;575160320;25788416;532922368;0;0;0;0;0;0;0;0;0;0;0;5020;0;0;0;0;0;0;
33437;4555163;575160320;25788416;532922368;0;0;0;0;0;0;0;0;0;0;0;4699;0;0;0;0;0;0;
33438;6182304;575160320;25796608;532930560;0;0;0;0;0;0;0;0;0;0;0;4028;0;0;0;0;0;0;
33439;4730592;575160320;25796608;532930560;0;0;0;0;0;0;0;0;0;0;0;5050;0;0;0;0;0;0;
33440;6030549;575160320;25796608;532930560;0;0;0;0;0;0;0;0;0;0;0;5230;0;0;0;0;0;0;
33441;5400357;575160320;25796608;532930560;0;0;0;0;0;0;0;0;0;0;0;4738;0;0;0;0;0;0;
33442;5805998;575160320;25796608;532930560;0;0;0;0;0;0;0;0;0;0;0;4578;0;0;0;0;0;0;
33443;5736007;575160320;25796608;532930560;0;0;0;0;0;0;0;0;0;0;0;5139;0;0;0;0;0;0;
33444;6195779;575160320;25796608;532930560;0;0;0;0;0;0;0;0;0;0;0;5771;0;0;0;0;0;0;
33445;4603423;575160320;25788416;532922368;0;0;0;0;0;0;0;0;0;0;0;4258;0;0;0;0;0;0;
33446;5977831;575160320;25788416;532922368;0;0;0;0;0;0;0;0;0;0;0;8425;0;0;0;0;0;0;
33447;4528603;575160320;25788416;532922368;0;0;0;0;0;0;0;0;0;0;0;4098;0;0;0;0;0;0;
33448;6624644;581234688;33566720;540700672;0;0;0;0;0;0;0;0;0;0;0;4929;0;0;0;0;0;0;
33449;4504558;581234688;33566720;540700672;0;0;0;0;0;0;0;0;0;0;0;4158;0;0;0;0;0;0;
33450;5485277;581234688;33566720;540700672;0;0;0;0;0;0;0;0;0;0;0;4959;0;0;0;0;0;0;
33451;4331964;581234688;33566720;540700672;0;0;0;0;0;0;0;0;0;0;0;4969;0;0;0;0;0;0;
33452;4995339;581234688;33566720;540700672;0;0;0;0;0;0;0;0;0;0;0;3667;0;0;0;0;0;0;
33453;4957547;581234688;33566720;540700672;0;0;0;0;0;0;0;0;0;0;0;3827;0;0;0;0;0;0;
33454;5162371;581234688;33566720;540700672;0;0;0;0;0;0;0;0;0;0;0;3837;0;0;0;0;0;0;
33455;5291985;581234688;33566720;540700672;0;0;0;0;0;0;0;0;0;0;0;3847;0;0;0;0;0;0;
33456;5151070;581234688;33566720;540700672;0;0;0;0;0;0;0;0;0;0;0;4087;0;0;0;0;0;0;
33457;5948186;575160320;25788416;532922368;0;0;0;0;0;0;0;0;0;0;0;4388;0;0;0;0;0;0;
33458;5134579;575160320;25788416;532922368;0;0;0;0;0;0;0;0;0;0;0;4118;0;0;0;0;0;0;
33459;5496457;575160320;25788416;532922368;0;0;0;0;0;0;0;0;0;0;0;5000;0;0;0;0;0;0;
33460;5358229;575160320;25788416;532922368;0;0;0;0;0;0;0;0;0;0;0;4278;0;0;0;0;0;0;
33461;5092971;575160320;25788416;532922368;0;0;0;0;0;0;0;0;0;0;0;5059;0;0;0;0;0;0;
33462;5622254;575160320;25788416;532922368;0;0;0;0;0;0;0;0;0;0;0;4208;0;0;0;0;0;0;
33463;4924655;575160320;25788416;532922368;0;0;0;0;0;0;0;0;0;0;0;4629;0;0;0;0;0;0;
33464;5298307;575160320;25788416;532922368;0;0;0;0;0;0;0;0;0;0;0;4048;0;0;0;0;0;0;
33465;5535661;575160320;25788416;532922368;0;0;0;0;0;0;0;0;0;0;0;5140;0;0;0;0;0;0;
33466;5559266;575160320;25788416;532922368;0;0;0;0;0;0;0;0;0;0;0;4638;0;0;0;0;0;0;
33467;6431752;575160320;25788416;532922368;0;0;0;0;0;0;0;0;0;0;0;4849;0;0;0;0;0;0;
33468;6127010;575160320;25788416;532922368;0;0;0;0;0;0;0;0;0;0;0;6001;0;0;0;0;0;0;
33469;6383201;575160320;25788416;532922368;0;0;0;0;0;0;0;0;0;0;0;4829;0;0;0;0;0;0;
33470;6810603;575160320;25788416;532922368;0;0;0;0;0;0;0;0;0;0;0;5229;0;0;0;0;0;0;
33471;6853393;575160320;25788416;532922368;0;0;0;0;0;0;0;0;0;0;0;4248;0;0;0;0;0;0;
33472;6097555;581234688;33566720;540700672;0;0;0;0;0;0;0;0;0;0;0;4769;0;0;0;0;0;0;
33473;4555483;581234688;33566720;540700672;0;0;0;0;0;0;0;0;0;0;0;4248;0;0;0;0;0;0;
33474;11369873;581234688;33566720;540700672;0;0;0;0;0;0;0;0;0;0;0;4929;0;0;0;0;0;0;
33475;4690917;581234688;33566720;540700672;0;0;0;0;0;0;0;0;0;0;0;4959;0;0;0;0;0;0;
33476;5087881;581234688;33566720;540700672;0;0;0;0;0;0;0;0;0;0;0;4017;0;0;0;0;0;0;
33477;5085057;581234688;33566720;540700672;0;0;0;0;0;0;0;0;0;0;0;6132;0;0;0;0;0;0;
33478;5319607;581234688;33566720;540700672;0;0;0;0;0;0;0;0;0;0;0;5029;0;0;0;0;0;0;
33479;5056563;581234688;33566720;540700672;0;0;0;0;0;0;0;0;0;0;0;5841;0;0;0;0;0;0;
33480;5391672;581234688;33566720;540700672;0;0;0;0;0;0;0;0;0;0;0;3868;0;0;0;0;0;0;
33481;5314346;575160320;25788416;532922368;0;0;0;0;0;0;0;0;0;0;0;4950;0;0;0;0;0;0;
33482;5639115;575160320;25788416;532922368;0;0;0;0;0;0;0;0;0;0;0;6642;0;0;0;0;0;0;
33483;5219780;575160320;25788416;532922368;0;0;0;0;0;0;0;0;0;0;0;5140;0;0;0;0;0;0;
33484;5582670;575160320;25788416;532922368;0;0;0;0;0;0;0;0;0;0;0;4869;0;0;0;0;0;0;
33485;5203599;575160320;25788416;532922368;0;0;0;0;0;0;0;0;0;0;0;5020;0;0;0;0;0;0;
33486;5455852;575160320;25788416;532922368;0;0;0;0;0;0;0;0;0;0;0;4117;0;0;0;0;0;0;
33487;5679081;575160320;25788416;532922368;0;0;0;0;0;0;0;0;0;0;0;5130;0;0;0;0;0;0;
33488;5167200;575160320;25788416;532922368;0;0;0;0;0;0;0;0;0;0;0;4518;0;0;0;0;0;0;
33489;5609901;575160320;25788416;532922368;0;0;0;0;0;0;0;0;0;0;0;4488;0;0;0;0;0;0;
33490;4965783;575160320;25788416;532922368;0;0;0;0;0;0;0;0;0;0;0;3697;0;0;0;0;0;0;
33491;7222235;575160320;25788416;532922368;0;0;0;0;0;0;0;0;0;0;0;4588;0;0;0;0;0;0;
33492;5327301;575160320;25788416;532922368;0;0;0;0;0;0;0;0;0;0;0;4568;0;0;0;0;0;0;
33493;5848408;575160320;25788416;532922368;0;0;0;0;0;0;0;0;0;0;0;4409;0;0;0;0;0;0;
33494;5566068;575160320;25788416;532922368;0;0;0;0;0;0;0;0;0;0;0;5240;0;0;0;0;0;0;
33495;4899127;575160320;25788416;532922368;0;0;0;0;0;0;0;0;0;0;0;4308;0;0;0;0;0;0;
33496;6804441;581234688;33566720;540700672;0;0;0;0;0;0;0;0;0;0;0;4358;0;0;0;0;0;0;
33497;4550303;581234688;33566720;540700672;0;0;0;0;0;0;0;0;0;0;0;4959;0;0;0;0;0;0;
33498;5379269;581234688;33566720;540700672;0;0;0;0;0;0;0;0;0;0;0;5090;0;0;0;0;0;0;
33499;4869873;581234688;33566720;540700672;0;0;0;0;0;0;0;0;0;0;0;4518;0;0;0;0;0;0;
33500;5408403;581234688;33566720;540700672;0;0;0;0;0;0;0;0;0;0;0;5340;0;0;0;0;0;0;
33501;4596090;581234688;33566720;540700672;0;0;0;0;0;0;0;0;0;0;0;5330;0;0;0;0;0;0;
33502;6167586;581234688;33566720;540700672;0;0;0;0;0;0;0;0;0;0;0;4579;0;0;0;0;0;0;
33503;5233074;581234688;33566720;540700672;0;0;0;0;0;0;0;0;0;0;0;5110;0;0;0;0;0;0;
33504;5837407;581234688;33566720;540700672;0;0;0;0;0;0;0;0;0;0;0;5690;0;0;0;0;0;0;
33505;5282748;575160320;25788416;532922368;0;0;0;0;0;0;0;0;0;0;0;4708;0;0;0;0;0;0;
33506;5287376;575160320;25788416;532922368;0;0;0;0;0;0;0;0;0;0;0;4658;0;0;0;0;0;0;
33507;4762582;575160320;25788416;532922368;0;0;0;0;0;0;0;0;0;0;0;3988;0;0;0;0;0;0;
33508;5222114;575160320;25788416;532922368;0;0;0;0;0;0;0;0;0;0;0;4599;0;0;0;0;0;0;
33509;4650111;575160320;25788416;532922368;0;0;0;0;0;0;0;0;0;0;0;4538;0;0;0;0;0;0;
33510;6242628;575160320;25788416;532922368;0;0;0;0;0;0;0;0;0;0;0;4799;0;0;0;0;0;0;
33511;4749397;575160320;25788416;532922368;0;0;0;0;0;0;0;0;0;0;0;5360;0;0;0;0;0;0;
33512;5367136;575160320;25788416;532922368;0;0;0;0;0;0;0;0;0;0;0;5781;0;0;0;0;0;0;
33513;5382274;575160320;25788416;532922368;0;0;0;0;0;0;0;0;0;0;0;4599;0;0;0;0;0;0;
33514;5530792;575160320;25788416;532922368;0;0;0;0;0;0;0;0;0;0;0;4979;0;0;0;0;0;0;
33515;5648623;575160320;25788416;532922368;0;0;0;0;0;0;0;0;0;0;0;4258;0;0;0;0;0;0;
33516;5629798;575160320;25788416;532922368;0;0;0;0;0;0;0;0;0;0;0;4248;0;0;0;0;0;0;
33517;5109462;575160320;25788416;532922368;0;0;0;0;0;0;0;0;0;0;0;4168;0;0;0;0;0;0;
33518;5428841;575160320;25788416;532922368;0;0;0;0;0;0;0;0;0;0;0;4980;0;0;0;0;0;0;
33519;5682076;575160320;25788416;532922368;0;0;0;0;0;0;0;0;0;0;0;5280;0;0;0;0;0;0;
33520;5739834;575160320;25788416;532922368;0;0;0;0;0;0;0;0;0;0;0;5200;0;0;0;0;0;0;
33521;5301262;575160320;25788416;532922368;0;0;0;0;0;0;0;0;0;0;0;4429;0;0;0;0;0;0;
33522;6384493;581234688;33566720;540700672;0;0;0;0;0;0;0;0;0;0;0;4588;0;0;0;0;0;0;
33523;5415366;581234688;33566720;540700672;0;0;0;0;0;0;0;0;0;0;0;4749;0;0;0;0;0;0;
33524;4967837;581234688;33566720;540700672;0;0;0;0;0;0;0;0;0;0;0;3737;0;0;0;0;0;0;
33525;4658176;581234688;33566720;540700672;0;0;0;0;0;0;0;0;0;0;0;3907;0;0;0;0;0;0;
33526;5245808;581234688;33566720;540700672;0;0;0;0;0;0;0;0;0;0;0;3617;0;0;0;0;0;0;
33527;5062113;581234688;33566720;540700672;0;0;0;0;0;0;0;0;0;0;0;5550;0;0;0;0;0;0;
33528;5010917;581234688;33566720;540700672;0;0;0;0;0;0;0;0;0;0;0;4379;0;0;0;0;0;0;
33529;4867037;581234688;33566720;540700672;0;0;0;0;0;0;0;0;0;0;0;4408;0;0;0;0;0;0;
33530;5144598;581234688;33566720;540700672;0;0;0;0;0;0;0;0;0;0;0;4238;0;0;0;0;0;0;
33531;5064067;575160320;25788416;532922368;0;0;0;0;0;0;0;0;0;0;0;4469;0;0;0;0;0;0;
33532;5075749;575160320;25788416;532922368;0;0;0;0;0;0;0;0;0;0;0;3767;0;0;0;0;0;0;
33533;4804039;575160320;25788416;532922368;0;0;0;0;0;0;0;0;0;0;0;3697;0;0;0;0;0;0;
33534;5018862;575160320;25788416;532922368;0;0;0;0;0;0;0;0;0;0;0;4228;0;0;0;0;0;0;
33535;4949883;575160320;25788416;532922368;0;0;0;0;0;0;0;0;0;0;0;4238;0;0;0;0;0;0;
33536;5567301;575160320;25788416;532922368;0;0;0;0;0;0;0;0;0;0;0;5160;0;0;0;0;0;0;
33537;4533893;575160320;25788416;532922368;0;0;0;0;0;0;0;0;0;0;0;4318;0;0;0;0;0;0;
33538;5833871;575160320;25788416;532922368;0;0;0;0;0;0;0;0;0;0;0;5551;0;0;0;0;0;0;
33539;4661172;575160320;25788416;532922368;0;0;0;0;0;0;0;0;0;0;0;4729;0;0;0;0;0;0;
33540;5517858;575160320;25788416;532922368;0;0;0;0;0;0;0;0;0;0;0;5300;0;0;0;0;0;0;
33541;4906401;575160320;25788416;532922368;0;0;0;0;0;0;0;0;0;0;0;4609;0;0;0;0;0;0;
33542;5447967;575160320;25788416;532922368;0;0;0;0;0;0;0;0;0;0;0;4659;0;0;0;0;0;0;
33543;4774945;575160320;25788416;532922368;0;0;0;0;0;0;0;0;0;0;0;4509;0;0;0;0;0;0;
33544;5898582;575160320;25788416;532922368;0;0;0;0;0;0;0;0;0;0;0;5560;0;0;0;0;0;0;
33545;5230850;575160320;25788416;532922368;0;0;0;0;0;0;0;0;0;0;0;5571;0;0;0;0;0;0;
33546;6227660;581234688;33566720;540700672;0;0;0;0;0;0;0;0;0;0;0;4168;0;0;0;0;0;0;
33547;4629442;581234688;33566720;540700672;0;0;0;0;0;0;0;0;0;0;0;4709;0;0;0;0;0;0;
33548;5148946;581234688;33566720;540700672;0;0;0;0;0;0;0;0;0;0;0;4237;0;0;0;0;0;0;
33549;5212976;581234688;33566720;540700672;0;0;0;0;0;0;0;0;0;0;0;5490;0;0;0;0;0;0;
33550;5477302;581234688;33566720;540700672;0;0;0;0;0;0;0;0;0;0;0;3947;0;0;0;0;0;0;
33551;5219098;581234688;33566720;540700672;0;0;0;0;0;0;0;0;0;0;0;5170;0;0;0;0;0;0;
33552;5514472;581234688;33566720;540700672;0;0;0;0;0;0;0;0;0;0;0;6322;0;0;0;0;0;0;
33553;5138727;581234688;33566720;540700672;0;0;0;0;0;0;0;0;0;0;0;4939;0;0;0;0;0;0;
33554;5306922;581234688;33566720;540700672;0;0;0;0;0;0;0;0;0;0;0;5470;0;0;0;0;0;0;
33555;4853803;575160320;25788416;532922368;0;0;0;0;0;0;0;0;0;0;0;4979;0;0;0;0;0;0;
33556;5530011;575160320;25788416;532922368;0;0;0;0;0;0;0;0;0;0;0;4168;0;0;0;0;0;0;
33557;4255380;575160320;25788416;532922368;0;0;0;0;0;0;0;0;0;0;0;3717;0;0;0;0;0;0;
33558;5742930;575160320;25788416;532922368;0;0;0;0;0;0;0;0;0;0;0;4408;0;0;0;0;0;0;
33559;4160923;575160320;25788416;532922368;0;0;0;0;0;0;0;0;0;0;0;4859;0;0;0;0;0;0;
33560;5099834;575160320;25788416;532922368;0;0;0;0;0;0;0;0;0;0;0;5170;0;0;0;0;0;0;
33561;3845853;575160320;25788416;532922368;0;0;0;0;0;0;0;0;0;0;0;4919;0;0;0;0;0;0;
33562;5265545;575160320;25788416;532922368;0;0;0;0;0;0;0;0;0;0;0;5631;0;0;0;0;0;0;
33563;3830674;575160320;25788416;532922368;0;0;0;0;0;0;0;0;0;0;0;4449;0;0;0;0;0;0;
33564;5229698;575160320;25788416;532922368;0;0;0;0;0;0;0;0;0;0;0;6112;0;0;0;0;0;0;
33565;4023145;575160320;25788416;532922368;0;0;0;0;0;0;0;0;0;0;0;4218;0;0;0;0;0;0;
33566;4993044;575160320;25788416;532922368;0;0;0;0;0;0;0;0;0;0;0;3627;0;0;0;0;0;0;
33567;4145355;575160320;25788416;532922368;0;0;0;0;0;0;0;0;0;0;0;4548;0;0;0;0;0;0;
33568;5107528;575160320;25788416;532922368;0;0;0;0;0;0;0;0;0;0;0;3787;0;0;0;0;0;0;
33569;4517943;575160320;25788416;532922368;0;0;0;0;0;0;0;0;0;0;0;4929;0;0;0;0;0;0;
33570;6098948;581234688;33566720;540700672;0;0;0;0;0;0;0;0;0;0;0;4068;0;0;0;0;0;0;
33571;4622629;581234688;33566720;540700672;0;0;0;0;0;0;0;0;0;0;0;4448;0;0;0;0;0;0;
33572;5037117;581234688;33566720;540700672;0;0;0;0;0;0;0;0;0;0;0;4309;0;0;0;0;0;0;
33573;4655471;581234688;33566720;540700672;0;0;0;0;0;0;0;0;0;0;0;4078;0;0;0;0;0;0;
33574;5360784;581234688;33566720;540700672;0;0;0;0;0;0;0;0;0;0;0;4177;0;0;0;0;0;0;
33575;4714942;581234688;33566720;540700672;0;0;0;0;0;0;0;0;0;0;0;4388;0;0;0;0;0;0;
33576;5067935;581234688;33566720;540700672;0;0;0;0;0;0;0;0;0;0;0;3967;0;0;0;0;0;0;
33577;4565241;581234688;33566720;540700672;0;0;0;0;0;0;0;0;0;0;0;4268;0;0;0;0;0;0;
33578;5003193;581234688;33566720;540700672;0;0;0;0;0;0;0;0;0;0;0;3697;0;0;0;0;0;0;
33579;4458170;575160320;25788416;532922368;0;0;0;0;0;0;0;0;0;0;0;3958;0;0;0;0;0;0;
33580;4770186;575160320;25788416;532922368;0;0;0;0;0;0;0;0;0;0;0;3006;0;0;0;0;0;0;
33581;4053152;575160320;25788416;532922368;0;0;0;0;0;0;0;0;0;0;0;4518;0;0;0;0;0;0;
33582;4833424;575160320;25788416;532922368;0;0;0;0;0;0;0;0;0;0;0;3116;0;0;0;0;0;0;
33583;4004069;575160320;25788416;532922368;0;0;0;0;0;0;0;0;0;0;0;3256;0;0;0;0;0;0;
33584;4703772;575160320;25788416;532922368;0;0;0;0;0;0;0;0;0;0;0;3055;0;0;0;0;0;0;
33585;4429497;575160320;25788416;532922368;0;0;0;0;0;0;0;0;0;0;0;5380;0;0;0;0;0;0;
33586;4878479;575160320;25788416;532922368;0;0;0;0;0;0;0;0;0;0;0;3567;0;0;0;0;0;0;
33587;3762606;575160320;25788416;532922368;0;0;0;0;0;0;0;0;0;0;0;4288;0;0;0;0;0;0;
33588;4899498;575160320;25788416;532922368;0;0;0;0;0;0;0;0;0;0;0;4619;0;0;0;0;0;0;
33589;4175861;575160320;25788416;532922368;0;0;0;0;0;0;0;0;0;0;0;4519;0;0;0;0;0;0;
33590;5423701;575160320;25788416;532922368;0;0;0;0;0;0;0;0;0;0;0;4218;0;0;0;0;0;0;
33591;4525346;575160320;25788416;532922368;0;0;0;0;0;0;0;0;0;0;0;5310;0;0;0;0;0;0;
33592;5496088;575160320;25788416;532922368;0;0;0;0;0;0;0;0;0;0;0;5040;0;0;0;0;0;0;
33593;4940386;575160320;25788416;532922368;0;0;0;0;0;0;0;0;0;0;0;3887;0;0;0;0;0;0;
33594;5555819;575160320;25788416;532922368;0;0;0;0;0;0;0;0;0;0;0;5050;0;0;0;0;0;0;
33595;4868801;575160320;25788416;532922368;0;0;0;0;0;0;0;0;0;0;0;3958;0;0;0;0;0;0;
33596;6126910;581234688;33566720;540700672;0;0;0;0;0;0;0;0;0;0;0;5020;0;0;0;0;0;0;
33597;5228916;581234688;33566720;540700672;0;0;0;0;0;0;0;0;0;0;0;4769;0;0;0;0;0;0;
33598;5200443;581234688;33566720;540700672;0;0;0;0;0;0;0;0;0;0;0;3337;0;0;0;0;0;0;
33599;4772160;581234688;33566720;540700672;0;0;0;0;0;0;0;0;0;0;0;4499;0;0;0;0;0;0;
33600;4915930;581234688;33566720;540700672;0;0;0;0;0;0;0;0;0;0;0;4909;0;0;0;0;0;0;
33601;3773066;581234688;33566720;540700672;0;0;0;0;0;0;0;0;0;0;0;3707;0;0;0;0;0;0;
33602;4899729;581234688;33566720;540700672;0;0;0;0;0;0;0;0;0;0;0;2655;0;0;0;0;0;0;
33603;4537439;581234688;33566720;540700672;0;0;0;0;0;0;0;0;0;0;0;4679;0;0;0;0;0;0;
33604;4746973;581234688;33566720;540700672;0;0;0;0;0;0;0;0;0;0;0;3076;0;0;0;0;0;0;
33605;4797938;575160320;25788416;532922368;0;0;0;0;0;0;0;0;0;0;0;4248;0;0;0;0;0;0;
33606;5249485;575160320;25788416;532922368;0;0;0;0;0;0;0;0;0;0;0;4028;0;0;0;0;0;0;
33607;4504437;575160320;25788416;532922368;0;0;0;0;0;0;0;0;0;0;0;5260;0;0;0;0;0;0;
33608;4999777;575160320;25788416;532922368;0;0;0;0;0;0;0;0;0;0;0;3947;0;0;0;0;0;0;
33609;4686449;575160320;25788416;532922368;0;0;0;0;0;0;0;0;0;0;0;4779;0;0;0;0;0;0;
33610;5443429;575160320;25788416;532922368;0;0;0;0;0;0;0;0;0;0;0;3727;0;0;0;0;0;0;
33611;5267359;575160320;25788416;532922368;0;0;0;0;0;0;0;0;0;0;0;4869;0;0;0;0;0;0;
33612;5054970;575160320;25788416;532922368;0;0;0;0;0;0;0;0;0;0;0;3828;0;0;0;0;0;0;
33613;4713951;575160320;25788416;532922368;0;0;0;0;0;0;0;0;0;0;0;15279;0;0;0;0;0;0;
33614;5141332;575160320;25788416;532922368;0;0;0;0;0;0;0;0;0;0;0;3857;0;0;0;0;0;0;
33615;4867689;575160320;25788416;532922368;0;0;0;0;0;0;0;0;0;0;0;4609;0;0;0;0;0;0;
33616;5055421;575160320;25788416;532922368;0;0;0;0;0;0;0;0;0;0;0;3407;0;0;0;0;0;0;
33617;4675509;575160320;25788416;532922368;0;0;0;0;0;0;0;0;0;0;0;4027;0;0;0;0;0;0;
33618;5004606;575160320;25788416;532922368;0;0;0;0;0;0;0;0;0;0;0;4248;0;0;0;0;0;0;
33619;4763473;575160320;25788416;532922368;0;0;0;0;0;0;0;0;0;0;0;4088;0;0;0;0;0;0;
33620;6403389;581234688;33566720;540700672;0;0;0;0;0;0;0;0;0;0;0;4588;0;0;0;0;0;0;
33621;4402827;581234688;33566720;540700672;0;0;0;0;0;0;0;0;0;0;0;5129;0;0;0;0;0;0;
33622;4945385;581234688;33566720;540700672;0;0;0;0;0;0;0;0;0;0;0;4137;0;0;0;0;0;0;
33623;4237938;581234688;33566720;540700672;0;0;0;0;0;0;0;0;0;0;0;4098;0;0;0;0;0;0;
33624;4990800;581234688;33566720;540700672;0;0;0;0;0;0;0;0;0;0;0;4218;0;0;0;0;0;0;
33625;5439221;581234688;33566720;540700672;0;0;0;0;0;0;0;0;0;0;0;4469;0;0;0;0;0;0;
33626;5166519;581234688;33566720;540700672;0;0;0;0;0;0;0;0;0;0;0;4658;0;0;0;0;0;0;
33627;4776197;581234688;33566720;540700672;0;0;0;0;0;0;0;0;0;0;0;4398;0;0;0;0;0;0;
33628;4846489;581234688;33566720;540700672;0;0;0;0;0;0;0;0;0;0;0;4158;0;0;0;0;0;0;
33629;4257876;575160320;25788416;532922368;0;0;0;0;0;0;0;0;0;0;0;4619;0;0;0;0;0;0;
33630;5029261;575160320;25796608;532930560;0;0;0;0;0;0;0;0;0;0;0;3647;0;0;0;0;0;0;
33631;3717912;575160320;25796608;532930560;0;0;0;0;0;0;0;0;0;0;0;4489;0;0;0;0;0;0;
33632;5725377;581234688;33574912;540708864;0;0;0;0;0;0;0;0;0;0;0;3646;0;0;0;0;0;0;
33633;3940269;581234688;33574912;540708864;0;0;0;0;0;0;0;0;0;0;0;4468;0;0;0;0;0;0;
33634;4969560;581234688;33574912;540708864;0;0;0;0;0;0;0;0;0;0;0;4479;0;0;0;0;0;0;
33635;3623505;581234688;33574912;540708864;0;0;0;0;0;0;0;0;0;0;0;4268;0;0;0;0;0;0;
33636;4857499;581234688;33574912;540708864;0;0;0;0;0;0;0;0;0;0;0;3236;0;0;0;0;0;0;
33637;3820514;581292032;33566720;540700672;0;0;0;0;0;0;0;0;0;0;0;3907;0;0;0;0;0;0;
33638;4877307;581292032;33566720;540700672;0;0;0;0;0;0;0;0;0;0;0;3677;0;0;0;0;0;0;
33639;3731378;581292032;33566720;540700672;0;0;0;0;0;0;0;0;0;0;0;4288;0;0;0;0;0;0;
33640;4835678;581292032;33566720;540700672;0;0;0;0;0;0;0;0;0;0;0;2925;0;0;0;0;0;0;
33641;4242055;575160320;25788416;532922368;0;0;0;0;0;0;0;0;0;0;0;3798;0;0;0;0;0;0;
33642;4873771;575160320;25788416;532922368;0;0;0;0;0;0;0;0;0;0;0;3387;0;0;0;0;0;0;
33643;4232358;575160320;25788416;532922368;0;0;0;0;0;0;0;0;0;0;0;4167;0;0;0;0;0;0;
33644;5753570;581234688;33566720;540700672;0;0;0;0;0;0;0;0;0;0;0;4338;0;0;0;0;0;0;
33645;4271901;581234688;33566720;540700672;0;0;0;0;0;0;0;0;0;0;0;4188;0;0;0;0;0;0;
33646;4700836;581234688;33566720;540700672;0;0;0;0;0;0;0;0;0;0;0;3436;0;0;0;0;0;0;
33647;4080994;581234688;33566720;540700672;0;0;0;0;0;0;0;0;0;0;0;3677;0;0;0;0;0;0;
33648;4624433;581234688;33566720;540700672;0;0;0;0;0;0;0;0;0;0;0;2895;0;0;0;0;0;0;
33649;3344362;581234688;33566720;540700672;0;0;0;0;0;0;0;0;0;0;0;2575;0;0;0;0;0;0;
33650;4880833;581234688;33566720;540700672;0;0;0;0;0;0;0;0;0;0;0;2695;0;0;0;0;0;0;
33651;3509591;581234688;33566720;540700672;0;0;0;0;0;0;0;0;0;0;0;3236;0;0;0;0;0;0;
33652;4655060;581234688;33566720;540700672;0;0;0;0;0;0;0;0;0;0;0;3096;0;0;0;0;0;0;
33653;3493612;575160320;25788416;532922368;0;0;0;0;0;0;0;0;0;0;0;2945;0;0;0;0;0;0;
33654;4704423;575160320;25788416;532922368;0;0;0;0;0;0;0;0;0;0;0;2775;0;0;0;0;0;0;
33655;3072452;575160320;25788416;532922368;0;0;0;0;0;0;0;0;0;0;0;2845;0;0;0;0;0;0;
33656;4574509;575160320;25788416;532922368;0;0;0;0;0;0;0;0;0;0;0;2735;0;0;0;0;0;0;
33657;3573682;575160320;25788416;532922368;0;0;0;0;0;0;0;0;0;0;0;3066;0;0;0;0;0;0;
33658;4688382;575160320;25788416;532922368;0;0;0;0;0;0;0;0;0;0;0;3166;0;0;0;0;0;0;
33659;4110559;575160320;25788416;532922368;0;0;0;0;0;0;0;0;0;0;0;4028;0;0;0;0;0;0;
33660;4823756;575160320;25788416;532922368;0;0;0;0;0;0;0;0;0;0;0;3577;0;0;0;0;0;0;
33661;3890315;575160320;25788416;532922368;0;0;0;0;0;0;0;0;0;0;0;4508;0;0;0;0;0;0;
33662;4733036;575160320;25788416;532922368;0;0;0;0;0;0;0;0;0;0;0;3507;0;0;0;0;0;0;
33663;4130316;575160320;25788416;532922368;0;0;0;0;0;0;0;0;0;0;0;3677;0;0;0;0;0;0;
33664;4923344;575160320;25788416;532922368;0;0;0;0;0;0;0;0;0;0;0;3517;0;0;0;0;0;0;
33665;3929129;575160320;25788416;532922368;0;0;0;0;0;0;0;0;0;0;0;3798;0;0;0;0;0;0;
33666;4725993;575160320;25788416;532922368;0;0;0;0;0;0;0;0;0;0;0;3797;0;0;0;0;0;0;
33667;3985074;575160320;25788416;532922368;0;0;0;0;0;0;0;0;0;0;0;3576;0;0;0;0;0;0;
33668;4802396;575160320;25788416;532922368;0;0;0;0;0;0;0;0;0;0;0;3647;0;0;0;0;0;0;
33669;4221537;575160320;25788416;532922368;0;0;0;0;0;0;0;0;0;0;0;4498;0;0;0;0;0;0;
33670;5952944;581234688;33566720;540700672;0;0;0;0;0;0;0;0;0;0;0;4048;0;0;0;0;0;0;
33671;4007425;581234688;33566720;540700672;0;0;0;0;0;0;0;0;0;0;0;4178;0;0;0;0;0;0;
33672;4864572;581234688;33566720;540700672;0;0;0;0;0;0;0;0;0;0;0;2996;0;0;0;0;0;0;
33673;3797913;581234688;33566720;540700672;0;0;0;0;0;0;0;0;0;0;0;4548;0;0;0;0;0;0;
33674;8061568;581234688;33566720;540700672;0;0;0;0;0;0;0;0;0;0;0;3977;0;0;0;0;0;0;
33675;10340122;581234688;33566720;540700672;0;0;0;0;0;0;0;0;0;0;0;3838;0;0;0;0;0;0;
33676;4845577;581234688;33566720;540700672;0;0;0;0;0;0;0;0;0;0;0;3476;0;0;0;0;0;0;
33677;3746206;581234688;33566720;540700672;0;0;0;0;0;0;0;0;0;0;0;3587;0;0;0;0;0;0;
33678;4893357;581234688;33566720;540700672;0;0;0;0;0;0;0;0;0;0;0;3116;0;0;0;0;0;0;
33679;3794306;575160320;25788416;532922368;0;0;0;0;0;0;0;0;0;0;0;4408;0;0;0;0;0;0;
33680;4707298;575160320;25788416;532922368;0;0;0;0;0;0;0;0;0;0;0;3727;0;0;0;0;0;0;
33681;3427658;575160320;25788416;532922368;0;0;0;0;0;0;0;0;0;0;0;3477;0;0;0;0;0;0;
33682;4811273;575160320;25788416;532922368;0;0;0;0;0;0;0;0;0;0;0;3106;0;0;0;0;0;0;
33683;3604610;575160320;25788416;532922368;0;0;0;0;0;0;0;0;0;0;0;3908;0;0;0;0;0;0;
33684;5015787;575160320;25788416;532922368;0;0;0;0;0;0;0;0;0;0;0;2996;0;0;0;0;0;0;
33685;3979884;575160320;25788416;532922368;0;0;0;0;0;0;0;0;0;0;0;4328;0;0;0;0;0;0;
33686;4899057;575160320;25788416;532922368;0;0;0;0;0;0;0;0;0;0;0;3527;0;0;0;0;0;0;
33687;4540265;575160320;25788416;532922368;0;0;0;0;0;0;0;0;0;0;0;4278;0;0;0;0;0;0;
33688;4720022;575160320;25788416;532922368;0;0;0;0;0;0;0;0;0;0;0;3707;0;0;0;0;0;0;
33689;3949667;575160320;25788416;532922368;0;0;0;0;0;0;0;0;0;0;0;3958;0;0;0;0;0;0;
33690;4758765;575160320;25788416;532922368;0;0;0;0;0;0;0;0;0;0;0;3586;0;0;0;0;0;0;
33691;3969986;575160320;25788416;532922368;0;0;0;0;0;0;0;0;0;0;0;3817;0;0;0;0;0;0;
33692;5303737;575160320;25788416;532922368;0;0;0;0;0;0;0;0;0;0;0;4138;0;0;0;0;0;0;
33693;4072978;575160320;25788416;532922368;0;0;0;0;0;0;0;0;0;0;0;3236;0;0;0;0;0;0;
33694;5850602;581234688;33566720;540700672;0;0;0;0;0;0;0;0;0;0;0;4418;0;0;0;0;0;0;
33695;3864177;581234688;33566720;540700672;0;0;0;0;0;0;0;0;0;0;0;3717;0;0;0;0;0;0;
33696;4715103;581234688;33566720;540700672;0;0;0;0;0;0;0;0;0;0;0;2835;0;0;0;0;0;0;
33697;3547293;581234688;33566720;540700672;0;0;0;0;0;0;0;0;0;0;0;3546;0;0;0;0;0;0;
33698;4829517;581234688;33566720;540700672;0;0;0;0;0;0;0;0;0;0;0;3276;0;0;0;0;0;0;
33699;3584482;581234688;33566720;540700672;0;0;0;0;0;0;0;0;0;0;0;3667;0;0;0;0;0;0;
33700;4728368;581234688;33566720;540700672;0;0;0;0;0;0;0;0;0;0;0;3286;0;0;0;0;0;0;
33701;3516174;581234688;33566720;540700672;0;0;0;0;0;0;0;0;0;0;0;4178;0;0;0;0;0;0;
33702;4962687;581234688;33566720;540700672;0;0;0;0;0;0;0;0;0;0;0;3266;0;0;0;0;0;0;
33703;4358013;575160320;25788416;532922368;0;0;0;0;0;0;0;0;0;0;0;4509;0;0;0;0;0;0;
33704;5086599;575160320;25788416;532922368;0;0;0;0;0;0;0;0;0;0;0;3587;0;0;0;0;0;0;
33705;4113604;575160320;25788416;532922368;0;0;0;0;0;0;0;0;0;0;0;3536;0;0;0;0;0;0;
33706;4992442;575160320;25788416;532922368;0;0;0;0;0;0;0;0;0;0;0;3357;0;0;0;0;0;0;
33707;3833749;575160320;25788416;532922368;0;0;0;0;0;0;0;0;0;0;0;3627;0;0;0;0;0;0;
33708;4799711;575160320;25788416;532922368;0;0;0;0;0;0;0;0;0;0;0;2735;0;0;0;0;0;0;
33709;3568852;575160320;25788416;532922368;0;0;0;0;0;0;0;0;0;0;0;3206;0;0;0;0;0;0;
33710;4684084;575160320;25788416;532922368;0;0;0;0;0;0;0;0;0;0;0;2795;0;0;0;0;0;0;
33711;3702885;575160320;25788416;532922368;0;0;0;0;0;0;0;0;0;0;0;3557;0;0;0;0;0;0;
33712;4801996;575160320;25788416;532922368;0;0;0;0;0;0;0;0;0;0;0;3817;0;0;0;0;0;0;
33713;4249340;575160320;25788416;532922368;0;0;0;0;0;0;0;0;0;0;0;4087;0;0;0;0;0;0;
33714;4932681;575160320;25788416;532922368;0;0;0;0;0;0;0;0;0;0;0;3827;0;0;0;0;0;0;
33715;3985705;575160320;25788416;532922368;0;0;0;0;0;0;0;0;0;0;0;3777;0;0;0;0;0;0;
33716;4683092;575160320;25788416;532922368;0;0;0;0;0;0;0;0;0;0;0;3517;0;0;0;0;0;0;
33717;4370125;575160320;25788416;532922368;0;0;0;0;0;0;0;0;0;0;0;3967;0;0;0;0;0;0;
33718;5787193;581234688;33566720;540700672;0;0;0;0;0;0;0;0;0;0;0;4288;0;0;0;0;0;0;
33719;3913830;581234688;33566720;540700672;0;0;0;0;0;0;0;0;0;0;0;3476;0;0;0;0;0;0;
33720;4863551;581234688;33566720;540700672;0;0;0;0;0;0;0;0;0;0;0;3116;0;0;0;0;0;0;
33721;3716320;581234688;33566720;540700672;0;0;0;0;0;0;0;0;0;0;0;3857;0;0;0;0;0;0;
33722;5047837;581234688;33566720;540700672;0;0;0;0;0;0;0;0;0;0;0;3818;0;0;0;0;0;0;
33723;4034646;581234688;33566720;540700672;0;0;0;0;0;0;0;0;0;0;0;3997;0;0;0;0;0;0;
33724;4929004;581234688;33566720;540700672;0;0;0;0;0;0;0;0;0;0;0;3626;0;0;0;0;0;0;
33725;3702363;581234688;33566720;540700672;0;0;0;0;0;0;0;0;0;0;0;3647;0;0;0;0;0;0;
33726;5155619;581234688;33566720;540700672;0;0;0;0;0;0;0;0;0;0;0;3165;0;0;0;0;0;0;
33727;4106090;575160320;25788416;532922368;0;0;0;0;0;0;0;0;0;0;0;3657;0;0;0;0;0;0;
33728;4993865;575160320;25788416;532922368;0;0;0;0;0;0;0;0;0;0;0;3136;0;0;0;0;0;0;
33729;3535631;575160320;25788416;532922368;0;0;0;0;0;0;0;0;0;0;0;3487;0;0;0;0;0;0;
33730;4986601;575160320;25788416;532922368;0;0;0;0;0;0;0;0;0;0;0;2675;0;0;0;0;0;0;
33731;3783826;575160320;25788416;532922368;0;0;0;0;0;0;0;0;0;0;0;3808;0;0;0;0;0;0;
33732;4728959;575160320;25788416;532922368;0;0;0;0;0;0;0;0;0;0;0;2826;0;0;0;0;0;0;
33733;3733291;575160320;25788416;532922368;0;0;0;0;0;0;0;0;0;0;0;3456;0;0;0;0;0;0;
33734;4725783;575160320;25788416;532922368;0;0;0;0;0;0;0;0;0;0;0;3487;0;0;0;0;0;0;
33735;3907327;575160320;25788416;532922368;0;0;0;0;0;0;0;0;0;0;0;3817;0;0;0;0;0;0;
33736;4630855;575160320;25788416;532922368;0;0;0;0;0;0;0;0;0;0;0;3446;0;0;0;0;0;0;
33737;3777715;575160320;25788416;532922368;0;0;0;0;0;0;0;0;0;0;0;4168;0;0;0;0;0;0;
33738;4890902;575160320;25788416;532922368;0;0;0;0;0;0;0;0;0;0;0;3827;0;0;0;0;0;0;
33739;4041590;575160320;25788416;532922368;0;0;0;0;0;0;0;0;0;0;0;4038;0;0;0;0;0;0;
33740;5138978;575160320;25788416;532922368;0;0;0;0;0;0;0;0;0;0;0;3596;0;0;0;0;0;0;
33741;4595699;575160320;25788416;532922368;0;0;0;0;0;0;0;0;0;0;0;3928;0;0;0;0;0;0;
33742;5103270;575160320;25788416;532922368;0;0;0;0;0;0;0;0;0;0;0;3487;0;0;0;0;0;0;
33743;4435388;575160320;25788416;532922368;0;0;0;0;0;0;0;0;0;0;0;3817;0;0;0;0;0;0;
33744;5896748;581234688;33566720;540700672;0;0;0;0;0;0;0;0;0;0;0;3607;0;0;0;0;0;0;
33745;4481574;581234688;33566720;540700672;0;0;0;0;0;0;0;0;0;0;0;3617;0;0;0;0;0;0;
33746;4872969;581234688;33566720;540700672;0;0;0;0;0;0;0;0;0;0;0;3607;0;0;0;0;0;0;
33747;4496994;581234688;33566720;540700672;0;0;0;0;0;0;0;0;0;0;0;4238;0;0;0;0;0;0;
33748;5182730;581234688;33566720;540700672;0;0;0;0;0;0;0;0;0;0;0;3797;0;0;0;0;0;0;
33749;4381096;581234688;33566720;540700672;0;0;0;0;0;0;0;0;0;0;0;4599;0;0;0;0;0;0;
33750;4985559;581234688;33566720;540700672;0;0;0;0;0;0;0;0;0;0;0;4118;0;0;0;0;0;0;
33751;4245872;581234688;33566720;540700672;0;0;0;0;0;0;0;0;0;0;0;4859;0;0;0;0;0;0;
33752;5138576;581234688;33566720;540700672;0;0;0;0;0;0;0;0;0;0;0;3987;0;0;0;0;0;0;
33753;4864523;575160320;25788416;532922368;0;0;0;0;0;0;0;0;0;0;0;4789;0;0;0;0;0;0;
33754;5092971;575160320;25788416;532922368;0;0;0;0;0;0;0;0;0;0;0;3867;0;0;0;0;0;0;
33755;3963292;575160320;25788416;532922368;0;0;0;0;0;0;0;0;0;0;0;3687;0;0;0;0;0;0;
33756;4886394;575160320;25788416;532922368;0;0;0;0;0;0;0;0;0;0;0;4058;0;0;0;0;0;0;
33757;3832537;575160320;25788416;532922368;0;0;0;0;0;0;0;0;0;0;0;4218;0;0;0;0;0;0;
33758;4879621;575160320;25788416;532922368;0;0;0;0;0;0;0;0;0;0;0;3486;0;0;0;0;0;0;
33759;4472647;575160320;25788416;532922368;0;0;0;0;0;0;0;0;0;0;0;4338;0;0;0;0;0;0;
33760;4861547;575160320;25788416;532922368;0;0;0;0;0;0;0;0;0;0;0;3727;0;0;0;0;0;0;
33761;4280237;575160320;25788416;532922368;0;0;0;0;0;0;0;0;0;0;0;4108;0;0;0;0;0;0;
33762;5017910;575160320;25788416;532922368;0;0;0;0;0;0;0;0;0;0;0;3757;0;0;0;0;0;0;
33763;4635774;575160320;25788416;532922368;0;0;0;0;0;0;0;0;0;0;0;4398;0;0;0;0;0;0;
33764;5072152;575160320;25788416;532922368;0;0;0;0;0;0;0;0;0;0;0;3576;0;0;0;0;0;0;
33765;4087576;575160320;25788416;532922368;0;0;0;0;0;0;0;0;0;0;0;3607;0;0;0;0;0;0;
33766;4894840;575160320;25788416;532922368;0;0;0;0;0;0;0;0;0;0;0;3216;0;0;0;0;0;0;
33767;4068530;575160320;25788416;532922368;0;0;0;0;0;0;0;0;0;0;0;3907;0;0;0;0;0;0;
33768;5866131;581234688;33566720;540700672;0;0;0;0;0;0;0;0;0;0;0;3616;0;0;0;0;0;0;
33769;4140274;581234688;33566720;540700672;0;0;0;0;0;0;0;0;0;0;0;4248;0;0;0;0;0;0;
33770;5002752;581234688;33566720;540700672;0;0;0;0;0;0;0;0;0;0;0;3937;0;0;0;0;0;0;
33771;3807100;581234688;33566720;540700672;0;0;0;0;0;0;0;0;0;0;0;4479;0;0;0;0;0;0;
33772;5410998;581234688;33566720;540700672;0;0;0;0;0;0;0;0;0;0;0;3917;0;0;0;0;0;0;
33773;3862734;581234688;33566720;540700672;0;0;0;0;0;0;0;0;0;0;0;5501;0;0;0;0;0;0;
33774;5109913;581234688;33566720;540700672;0;0;0;0;0;0;0;0;0;0;0;3687;0;0;0;0;0;0;
33775;3749472;581234688;33566720;540700672;0;0;0;0;0;0;0;0;0;0;0;4388;0;0;0;0;0;0;
33776;4894189;581234688;33566720;540700672;0;0;0;0;0;0;0;0;0;0;0;3917;0;0;0;0;0;0;
33777;4219273;575160320;25788416;532922368;0;0;0;0;0;0;0;0;0;0;0;4369;0;0;0;0;0;0;
33778;5123108;575160320;25788416;532922368;0;0;0;0;0;0;0;0;0;0;0;4539;0;0;0;0;0;0;
33779;3657399;575160320;25788416;532922368;0;0;0;0;0;0;0;0;0;0;0;3697;0;0;0;0;0;0;
33780;5034301;575160320;25788416;532922368;0;0;0;0;0;0;0;0;0;0;0;3317;0;0;0;0;0;0;
33781;3632743;575160320;25788416;532922368;0;0;0;0;0;0;0;0;0;0;0;4238;0;0;0;0;0;0;
33782;4871156;575160320;25788416;532922368;0;0;0;0;0;0;0;0;0;0;0;3637;0;0;0;0;0;0;
33783;3613126;575160320;25788416;532922368;0;0;0;0;0;0;0;0;0;0;0;3376;0;0;0;0;0;0;
33784;4789372;575160320;25788416;532922368;0;0;0;0;0;0;0;0;0;0;0;2925;0;0;0;0;0;0;
33785;3847355;575160320;25788416;532922368;0;0;0;0;0;0;0;0;0;0;0;3436;0;0;0;0;0;0;
33786;4836570;575160320;25788416;532922368;0;0;0;0;0;0;0;0;0;0;0;3286;0;0;0;0;0;0;
33787;3978301;575160320;25788416;532922368;0;0;0;0;0;0;0;0;0;0;0;3376;0;0;0;0;0;0;
33788;4926239;575160320;25788416;532922368;0;0;0;0;0;0;0;0;0;0;0;3196;0;0;0;0;0;0;
33789;3823571;575160320;25788416;532922368;0;0;0;0;0;0;0;0;0;0;0;3326;0;0;0;0;0;0;
33790;4744548;575160320;25788416;532922368;0;0;0;0;0;0;0;0;0;0;0;3636;0;0;0;0;0;0;
33791;4637738;575160320;25788416;532922368;0;0;0;0;0;0;0;0;0;0;0;3938;0;0;0;0;0;0;
33792;6016172;581234688;33566720;540700672;0;0;0;0;0;0;0;0;0;0;0;4087;0;0;0;0;0;0;
33793;4057390;581234688;33566720;540700672;0;0;0;0;0;0;0;0;0;0;0;4118;0;0;0;0;0;0;
33794;5268560;581234688;33566720;540700672;0;0;0;0;0;0;0;0;0;0;0;3296;0;0;0;0;0;0;
33795;3942654;581234688;33566720;540700672;0;0;0;0;0;0;0;0;0;0;0;4037;0;0;0;0;0;0;
33796;4970222;581234688;33566720;540700672;0;0;0;0;0;0;0;0;0;0;0;3627;0;0;0;0;0;0;
33797;3914702;581234688;33566720;540700672;0;0;0;0;0;0;0;0;0;0;0;3667;0;0;0;0;0;0;
33798;5326739;581234688;33566720;540700672;0;0;0;0;0;0;0;0;0;0;0;3577;0;0;0;0;0;0;
33799;3944768;581234688;33566720;540700672;0;0;0;0;0;0;0;0;0;0;0;3557;0;0;0;0;0;0;
33800;4987153;581234688;33566720;540700672;0;0;0;0;0;0;0;0;0;0;0;3256;0;0;0;0;0;0;
33801;4476285;575160320;25788416;532922368;0;0;0;0;0;0;0;0;0;0;0;3517;0;0;0;0;0;0;
33802;4835078;575160320;25788416;532922368;0;0;0;0;0;0;0;0;0;0;0;3908;0;0;0;0;0;0;
33803;3818261;575160320;25788416;532922368;0;0;0;0;0;0;0;0;0;0;0;3887;0;0;0;0;0;0;
33804;4725081;575160320;25788416;532922368;0;0;0;0;0;0;0;0;0;0;0;3306;0;0;0;0;0;0;
33805;3934549;575160320;25788416;532922368;0;0;0;0;0;0;0;0;0;0;0;3777;0;0;0;0;0;0;
33806;4828435;575160320;25788416;532922368;0;0;0;0;0;0;0;0;0;0;0;3647;0;0;0;0;0;0;
33807;4205557;575160320;25788416;532922368;0;0;0;0;0;0;0;0;0;0;0;3527;0;0;0;0;0;0;
33808;4918333;575160320;25788416;532922368;0;0;0;0;0;0;0;0;0;0;0;3577;0;0;0;0;0;0;
33809;4231546;575160320;25788416;532922368;0;0;0;0;0;0;0;0;0;0;0;3767;0;0;0;0;0;0;
33810;6205047;575160320;25788416;532922368;0;0;0;0;0;0;0;0;0;0;0;4348;0;0;0;0;0;0;
33811;4355849;575160320;25788416;532922368;0;0;0;0;0;0;0;0;0;0;0;3387;0;0;0;0;0;0;
33812;6073369;575160320;25788416;532922368;0;0;0;0;0;0;0;0;0;0;0;3637;0;0;0;0;0;0;
33813;4152238;575160320;25788416;532922368;0;0;0;0;0;0;0;0;0;0;0;4479;0;0;0;0;0;0;
33814;5560007;575160320;25788416;532922368;0;0;0;0;0;0;0;0;0;0;0;4939;0;0;0;0;0;0;
33815;4263406;575160320;25788416;532922368;0;0;0;0;0;0;0;0;0;0;0;3587;0;0;0;0;0;0;
33816;5314116;575160320;25788416;532922368;0;0;0;0;0;0;0;0;0;0;0;4088;0;0;0;0;0;0;
33817;3792412;575160320;25788416;532922368;0;0;0;0;0;0;0;0;0;0;0;3467;0;0;0;0;0;0;
33818;6305415;581234688;33566720;540700672;0;0;0;0;0;0;0;0;0;0;0;5600;0;0;0;0;0;0;
33819;3801038;581234688;33566720;540700672;0;0;0;0;0;0;0;0;0;0;0;4899;0;0;0;0;0;0;
33820;5606955;581234688;33566720;540700672;0;0;0;0;0;0;0;0;0;0;0;4569;0;0;0;0;0;0;
33821;3850582;581234688;33566720;540700672;0;0;0;0;0;0;0;0;0;0;0;3867;0;0;0;0;0;0;
33822;5447176;581234688;33566720;540700672;0;0;0;0;0;0;0;0;0;0;0;4929;0;0;0;0;0;0;
33823;4057088;581234688;33566720;540700672;0;0;0;0;0;0;0;0;0;0;0;5410;0;0;0;0;0;0;
33824;6477658;581234688;33566720;540700672;0;0;0;0;0;0;0;0;0;0;0;4678;0;0;0;0;0;0;
33825;4996831;581234688;33566720;540700672;0;0;0;0;0;0;0;0;0;0;0;4969;0;0;0;0;0;0;
33826;5486419;581234688;33566720;540700672;0;0;0;0;0;0;0;0;0;0;0;4860;0;0;0;0;0;0;
33827;5150379;575160320;25788416;532922368;0;0;0;0;0;0;0;0;0;0;0;5300;0;0;0;0;0;0;
33828;5001149;575160320;25788416;532922368;0;0;0;0;0;0;0;0;0;0;0;4789;0;0;0;0;0;0;
33829;4836601;575160320;25788416;532922368;0;0;0;0;0;0;0;0;0;0;0;4979;0;0;0;0;0;0;
33830;5207516;575160320;25788416;532922368;0;0;0;0;0;0;0;0;0;0;0;3837;0;0;0;0;0;0;
33831;4980410;575160320;25788416;532922368;0;0;0;0;0;0;0;0;0;0;0;4659;0;0;0;0;0;0;
33832;5025815;575160320;25788416;532922368;0;0;0;0;0;0;0;0;0;0;0;4178;0;0;0;0;0;0;
33833;4361419;575160320;25788416;532922368;0;0;0;0;0;0;0;0;0;0;0;3516;0;0;0;0;0;0;
33834;5170306;575160320;25788416;532922368;0;0;0;0;0;0;0;0;0;0;0;3858;0;0;0;0;0;0;
33835;4177034;575160320;25788416;532922368;0;0;0;0;0;0;0;0;0;0;0;3166;0;0;0;0;0;0;
33836;4869242;575160320;25788416;532922368;0;0;0;0;0;0;0;0;0;0;0;3236;0;0;0;0;0;0;
33837;3937524;575160320;25788416;532922368;0;0;0;0;0;0;0;0;0;0;0;3727;0;0;0;0;0;0;
33838;4735682;575160320;25788416;532922368;0;0;0;0;0;0;0;0;0;0;0;3837;0;0;0;0;0;0;
33839;3929730;575160320;25788416;532922368;0;0;0;0;0;0;0;0;0;0;0;4418;0;0;0;0;0;0;
33840;4668295;575160320;25788416;532922368;0;0;0;0;0;0;0;0;0;0;0;3417;0;0;0;0;0;0;
33841;4383490;575160320;25788416;532922368;0;0;0;0;0;0;0;0;0;0;0;3477;0;0;0;0;0;0;
33842;5798605;581234688;33566720;540700672;0;0;0;0;0;0;0;0;0;0;0;3536;0;0;0;0;0;0;
33843;4060174;581234688;33566720;540700672;0;0;0;0;0;0;0;0;0;0;0;3747;0;0;0;0;0;0;
33844;4960232;581234688;33566720;540700672;0;0;0;0;0;0;0;0;0;0;0;3327;0;0;0;0;0;0;
33845;4272863;581234688;33566720;540700672;0;0;0;0;0;0;0;0;0;0;0;4689;0;0;0;0;0;0;
33846;4757853;581234688;33566720;540700672;0;0;0;0;0;0;0;0;0;0;0;4037;0;0;0;0;0;0;
33847;4158189;581234688;33566720;540700672;0;0;0;0;0;0;0;0;0;0;0;3777;0;0;0;0;0;0;
33848;5360723;581234688;33574912;540708864;0;0;0;0;0;0;0;0;0;0;0;4178;0;0;0;0;0;0;
33849;4246624;581234688;33574912;540708864;0;0;0;0;0;0;0;0;0;0;0;4769;0;0;0;0;0;0;
33850;5040743;581234688;33574912;540708864;0;0;0;0;0;0;0;0;0;0;0;3687;0;0;0;0;0;0;
33851;4926840;581234688;33574912;540708864;0;0;0;0;0;0;0;0;0;0;0;4117;0;0;0;0;0;0;
33852;5047486;581234688;33574912;540708864;0;0;0;0;0;0;0;0;0;0;0;2815;0;0;0;0;0;0;
33853;4457910;581234688;33574912;540708864;0;0;0;0;0;0;0;0;0;0;0;4008;0;0;0;0;0;0;
33854;4942149;581234688;33574912;540708864;0;0;0;0;0;0;0;0;0;0;0;3748;0;0;0;0;0;0;
33855;4006583;581292032;33566720;540700672;0;0;0;0;0;0;0;0;0;0;0;3095;0;0;0;0;0;0;
33856;5039341;581292032;33566720;540700672;0;0;0;0;0;0;0;0;0;0;0;3256;0;0;0;0;0;0;
33857;3773917;581292032;33566720;540700672;0;0;0;0;0;0;0;0;0;0;0;3607;0;0;0;0;0;0;
33858;4698271;581292032;33566720;540700672;0;0;0;0;0;0;0;0;0;0;0;3266;0;0;0;0;0;0;
33859;5025935;575160320;25788416;532922368;0;0;0;0;0;0;0;0;0;0;0;5420;0;0;0;0;0;0;
33860;5451895;575160320;25788416;532922368;0;0;0;0;0;0;0;0;0;0;0;4979;0;0;0;0;0;0;
33861;4513194;575160320;25788416;532922368;0;0;0;0;0;0;0;0;0;0;0;3807;0;0;0;0;0;0;
33862;5566860;575160320;25788416;532922368;0;0;0;0;0;0;0;0;0;0;0;4428;0;0;0;0;0;0;
33863;4432072;575160320;25788416;532922368;0;0;0;0;0;0;0;0;0;0;0;2865;0;0;0;0;0;0;
33864;6075954;575160320;25788416;532922368;0;0;0;0;0;0;0;0;0;0;0;4238;0;0;0;0;0;0;
33865;4756190;575160320;25788416;532922368;0;0;0;0;0;0;0;0;0;0;0;4137;0;0;0;0;0;0;
33866;6226867;575160320;25788416;532922368;0;0;0;0;0;0;0;0;0;0;0;4208;0;0;0;0;0;0;
33867;4485753;575160320;25788416;532922368;0;0;0;0;0;0;0;0;0;0;0;4729;0;0;0;0;0;0;
33868;6579409;581234688;33566720;540700672;0;0;0;0;0;0;0;0;0;0;0;4258;0;0;0;0;0;0;
33869;4285227;581234688;33566720;540700672;0;0;0;0;0;0;0;0;0;0;0;3616;0;0;0;0;0;0;
33870;5654204;581234688;33566720;540700672;0;0;0;0;0;0;0;0;0;0;0;4138;0;0;0;0;0;0;
33871;4203613;581234688;33566720;540700672;0;0;0;0;0;0;0;0;0;0;0;3968;0;0;0;0;0;0;
33872;5551090;581234688;33566720;540700672;0;0;0;0;0;0;0;0;0;0;0;4198;0;0;0;0;0;0;
33873;3871290;581234688;33566720;540700672;0;0;0;0;0;0;0;0;0;0;0;4007;0;0;0;0;0;0;
33874;5066110;581234688;33566720;540700672;0;0;0;0;0;0;0;0;0;0;0;3948;0;0;0;0;0;0;
33875;3655606;581234688;33566720;540700672;0;0;0;0;0;0;0;0;0;0;0;4388;0;0;0;0;0;0;
33876;5371093;581234688;33566720;540700672;0;0;0;0;0;0;0;0;0;0;0;4178;0;0;0;0;0;0;
33877;3745785;575160320;25788416;532922368;0;0;0;0;0;0;0;0;0;0;0;3817;0;0;0;0;0;0;
33878;5347749;575160320;25788416;532922368;0;0;0;0;0;0;0;0;0;0;0;4569;0;0;0;0;0;0;
33879;4259669;575160320;25788416;532922368;0;0;0;0;0;0;0;0;0;0;0;4017;0;0;0;0;0;0;
33880;5783716;575160320;25788416;532922368;0;0;0;0;0;0;0;0;0;0;0;4719;0;0;0;0;0;0;
33881;4443774;575160320;25788416;532922368;0;0;0;0;0;0;0;0;0;0;0;4038;0;0;0;0;0;0;
33882;5645568;575160320;25788416;532922368;0;0;0;0;0;0;0;0;0;0;0;4689;0;0;0;0;0;0;
33883;3733232;575160320;25788416;532922368;0;0;0;0;0;0;0;0;0;0;0;3857;0;0;0;0;0;0;
33884;5760494;575160320;25788416;532922368;0;0;0;0;0;0;0;0;0;0;0;4148;0;0;0;0;0;0;
33885;4521330;575160320;25788416;532922368;0;0;0;0;0;0;0;0;0;0;0;4418;0;0;0;0;0;0;
33886;5334143;575160320;25788416;532922368;0;0;0;0;0;0;0;0;0;0;0;4288;0;0;0;0;0;0;
33887;9859030;575160320;25788416;532922368;0;0;0;0;0;0;0;0;0;0;0;3757;0;0;0;0;0;0;
33888;5431336;575160320;25788416;532922368;0;0;0;0;0;0;0;0;0;0;0;4078;0;0;0;0;0;0;
33889;4456758;575160320;25788416;532922368;0;0;0;0;0;0;0;0;0;0;0;3447;0;0;0;0;0;0;
33890;6356711;581234688;33566720;540700672;0;0;0;0;0;0;0;0;0;0;0;4930;0;0;0;0;0;0;
33891;4320352;581234688;33566720;540700672;0;0;0;0;0;0;0;0;0;0;0;5190;0;0;0;0;0;0;
33892;5204871;581234688;33566720;540700672;0;0;0;0;0;0;0;0;0;0;0;4088;0;0;0;0;0;0;
33893;3740645;581234688;33566720;540700672;0;0;0;0;0;0;0;0;0;0;0;4659;0;0;0;0;0;0;
33894;4910459;581234688;33566720;540700672;0;0;0;0;0;0;0;0;0;0;0;4279;0;0;0;0;0;0;
33895;3927445;581234688;33566720;540700672;0;0;0;0;0;0;0;0;0;0;0;3436;0;0;0;0;0;0;
33896;5004285;581234688;33566720;540700672;0;0;0;0;0;0;0;0;0;0;0;3617;0;0;0;0;0;0;
33897;4613772;581234688;33566720;540700672;0;0;0;0;0;0;0;0;0;0;0;3596;0;0;0;0;0;0;
33898;5754412;581234688;33566720;540700672;0;0;0;0;0;0;0;0;0;0;0;4057;0;0;0;0;0;0;
33899;4898346;575160320;25788416;532922368;0;0;0;0;0;0;0;0;0;0;0;3827;0;0;0;0;0;0;
33900;5791802;575160320;25788416;532922368;0;0;0;0;0;0;0;0;0;0;0;4118;0;0;0;0;0;0;
33901;4778110;575160320;25788416;532922368;0;0;0;0;0;0;0;0;0;0;0;4308;0;0;0;0;0;0;
33902;5147734;575160320;25788416;532922368;0;0;0;0;0;0;0;0;0;0;0;4298;0;0;0;0;0;0;
33903;3969334;575160320;25788416;532922368;0;0;0;0;0;0;0;0;0;0;0;6311;0;0;0;0;0;0;
33904;4823566;575160320;25788416;532922368;0;0;0;0;0;0;0;0;0;0;0;3236;0;0;0;0;0;0;
33905;3600301;575160320;25788416;532922368;0;0;0;0;0;0;0;0;0;0;0;3376;0;0;0;0;0;0;
33906;5294860;575160320;25788416;532922368;0;0;0;0;0;0;0;0;0;0;0;3646;0;0;0;0;0;0;
33907;4265740;575160320;25788416;532922368;0;0;0;0;0;0;0;0;0;0;0;3347;0;0;0;0;0;0;
33908;4784563;575160320;25788416;532922368;0;0;0;0;0;0;0;0;0;0;0;3576;0;0;0;0;0;0;
33909;3969695;575160320;25788416;532922368;0;0;0;0;0;0;0;0;0;0;0;4177;0;0;0;0;0;0;
33910;4804170;575160320;25788416;532922368;0;0;0;0;0;0;0;0;0;0;0;3196;0;0;0;0;0;0;
33911;4103415;575160320;25788416;532922368;0;0;0;0;0;0;0;0;0;0;0;4088;0;0;0;0;0;0;
33912;4772460;575160320;25788416;532922368;0;0;0;0;0;0;0;0;0;0;0;3457;0;0;0;0;0;0;
33913;4132169;575160320;25788416;532922368;0;0;0;0;0;0;0;0;0;0;0;3807;0;0;0;0;0;0;
33914;4862779;575160320;25788416;532922368;0;0;0;0;0;0;0;0;0;0;0;3818;0;0;0;0;0;0;
33915;4078369;575160320;25788416;532922368;0;0;0;0;0;0;0;0;0;0;0;5451;0;0;0;0;0;0;
33916;5615060;581234688;33566720;540700672;0;0;0;0;0;0;0;0;0;0;0;3958;0;0;0;0;0;0;
33917;4820170;581234688;33566720;540700672;0;0;0;0;0;0;0;0;0;0;0;4509;0;0;0;0;0;0;
33918;4934384;581234688;33566720;540700672;0;0;0;0;0;0;0;0;0;0;0;3006;0;0;0;0;0;0;
33919;4824969;581234688;33566720;540700672;0;0;0;0;0;0;0;0;0;0;0;13775;0;0;0;0;0;0;
33920;5366655;581234688;33566720;540700672;0;0;0;0;0;0;0;0;0;0;0;4088;0;0;0;0;0;0;
33921;5066782;581234688;33566720;540700672;0;0;0;0;0;0;0;0;0;0;0;3616;0;0;0;0;0;0;
33922;4893447;581234688;33566720;540700672;0;0;0;0;0;0;0;0;0;0;0;3737;0;0;0;0;0;0;
33923;3892731;581234688;33566720;540700672;0;0;0;0;0;0;0;0;0;0;0;3717;0;0;0;0;0;0;
33924;5598730;581234688;33566720;540700672;0;0;0;0;0;0;0;0;0;0;0;3186;0;0;0;0;0;0;
33925;4439425;575160320;25788416;532922368;0;0;0;0;0;0;0;0;0;0;0;2946;0;0;0;0;0;0;
33926;5234216;575160320;25788416;532922368;0;0;0;0;0;0;0;0;0;0;0;3176;0;0;0;0;0;0;
33927;4329500;575160320;25788416;532922368;0;0;0;0;0;0;0;0;0;0;0;4098;0;0;0;0;0;0;
33928;5681725;575160320;25788416;532922368;0;0;0;0;0;0;0;0;0;0;0;4047;0;0;0;0;0;0;
33929;3966088;575160320;25788416;532922368;0;0;0;0;0;0;0;0;0;0;0;4488;0;0;0;0;0;0;
33930;5219669;575160320;25788416;532922368;0;0;0;0;0;0;0;0;0;0;0;3677;0;0;0;0;0;0;
33931;4627398;575160320;25788416;532922368;0;0;0;0;0;0;0;0;0;0;0;4107;0;0;0;0;0;0;
33932;5304738;575160320;25788416;532922368;0;0;0;0;0;0;0;0;0;0;0;3596;0;0;0;0;0;0;
33933;4850957;575160320;25788416;532922368;0;0;0;0;0;0;0;0;0;0;0;3977;0;0;0;0;0;0;
33934;5618086;575160320;25788416;532922368;0;0;0;0;0;0;0;0;0;0;0;3947;0;0;0;0;0;0;
33935;4060975;575160320;25788416;532922368;0;0;0;0;0;0;0;0;0;0;0;3917;0;0;0;0;0;0;
33936;5262739;575160320;25788416;532922368;0;0;0;0;0;0;0;0;0;0;0;4038;0;0;0;0;0;0;
33937;4467057;575160320;25788416;532922368;0;0;0;0;0;0;0;0;0;0;0;3327;0;0;0;0;0;0;
33938;5910574;575160320;25788416;532922368;0;0;0;0;0;0;0;0;0;0;0;4478;0;0;0;0;0;0;
33939;4888217;575160320;25788416;532922368;0;0;0;0;0;0;0;0;0;0;0;3947;0;0;0;0;0;0;
33940;5748801;575160320;25788416;532922368;0;0;0;0;0;0;0;0;0;0;0;4408;0;0;0;0;0;0;
33941;4922341;575160320;25788416;532922368;0;0;0;0;0;0;0;0;0;0;0;5010;0;0;0;0;0;0;
33942;6576193;581234688;33566720;540700672;0;0;0;0;0;0;0;0;0;0;0;5250;0;0;0;0;0;0;
33943;4917713;581234688;33566720;540700672;0;0;0;0;0;0;0;0;0;0;0;5951;0;0;0;0;0;0;
33944;5666867;581234688;33566720;540700672;0;0;0;0;0;0;0;0;0;0;0;5750;0;0;0;0;0;0;
33945;4863641;581234688;33566720;540700672;0;0;0;0;0;0;0;0;0;0;0;4829;0;0;0;0;0;0;
33946;5412481;581234688;33566720;540700672;0;0;0;0;0;0;0;0;0;0;0;4809;0;0;0;0;0;0;
33947;4799120;581234688;33566720;540700672;0;0;0;0;0;0;0;0;0;0;0;5120;0;0;0;0;0;0;
33948;6019349;581234688;33566720;540700672;0;0;0;0;0;0;0;0;0;0;0;5009;0;0;0;0;0;0;
33949;4728027;581234688;33566720;540700672;0;0;0;0;0;0;0;0;0;0;0;4078;0;0;0;0;0;0;
33950;6014490;581234688;33566720;540700672;0;0;0;0;0;0;0;0;0;0;0;4168;0;0;0;0;0;0;
33951;5039882;575160320;25788416;532922368;0;0;0;0;0;0;0;0;0;0;0;3747;0;0;0;0;0;0;
33952;5283839;575160320;25788416;532922368;0;0;0;0;0;0;0;0;0;0;0;4638;0;0;0;0;0;0;
33953;3909882;575160320;25788416;532922368;0;0;0;0;0;0;0;0;0;0;0;5030;0;0;0;0;0;0;
33954;5170968;575160320;25788416;532922368;0;0;0;0;0;0;0;0;0;0;0;4378;0;0;0;0;0;0;
33955;3929449;575160320;25788416;532922368;0;0;0;0;0;0;0;0;0;0;0;4548;0;0;0;0;0;0;
33956;5828812;575160320;25788416;532922368;0;0;0;0;0;0;0;0;0;0;0;4058;0;0;0;0;0;0;
33957;3541782;575160320;25788416;532922368;0;0;0;0;0;0;0;0;0;0;0;3868;0;0;0;0;0;0;
33958;4768042;575160320;25788416;532922368;0;0;0;0;0;0;0;0;0;0;0;3527;0;0;0;0;0;0;
33959;4071125;575160320;25788416;532922368;0;0;0;0;0;0;0;0;0;0;0;3376;0;0;0;0;0;0;
33960;4926539;575160320;25788416;532922368;0;0;0;0;0;0;0;0;0;0;0;3486;0;0;0;0;0;0;
33961;4069752;575160320;25788416;532922368;0;0;0;0;0;0;0;0;0;0;0;3397;0;0;0;0;0;0;
33962;4787118;575160320;25788416;532922368;0;0;0;0;0;0;0;0;0;0;0;3386;0;0;0;0;0;0;
33963;4658056;575160320;25788416;532922368;0;0;0;0;0;0;0;0;0;0;0;3747;0;0;0;0;0;0;
33964;5548946;581234688;33566720;540700672;0;0;0;0;0;0;0;0;0;0;0;2815;0;0;0;0;0;0;
33965;4330120;581234688;33566720;540700672;0;0;0;0;0;0;0;0;0;0;0;3557;0;0;0;0;0;0;
33966;4607400;581234688;33566720;540700672;0;0;0;0;0;0;0;0;0;0;0;3106;0;0;0;0;0;0;
33967;5317463;581234688;33566720;540700672;0;0;0;0;0;0;0;0;0;0;0;5730;0;0;0;0;0;0;
33968;5601465;581234688;33566720;540700672;0;0;0;0;0;0;0;0;0;0;0;4087;0;0;0;0;0;0;
33969;5631371;581234688;33566720;540700672;0;0;0;0;0;0;0;0;0;0;0;3667;0;0;0;0;0;0;
33970;4881374;581234688;33566720;540700672;0;0;0;0;0;0;0;0;0;0;0;2855;0;0;0;0;0;0;
33971;3717131;581234688;33566720;540700672;0;0;0;0;0;0;0;0;0;0;0;5350;0;0;0;0;0;0;
33972;5154797;581234688;33566720;540700672;0;0;0;0;0;0;0;0;0;0;0;4107;0;0;0;0;0;0;
33973;4208753;575160320;25788416;532922368;0;0;0;0;0;0;0;0;0;0;0;3367;0;0;0;0;0;0;
33974;5904032;575160320;25788416;532922368;0;0;0;0;0;0;0;0;0;0;0;4859;0;0;0;0;0;0;
33975;3994792;575160320;25788416;532922368;0;0;0;0;0;0;0;0;0;0;0;4268;0;0;0;0;0;0;
33976;5369110;575160320;25788416;532922368;0;0;0;0;0;0;0;0;0;0;0;4719;0;0;0;0;0;0;
33977;4132640;575160320;25788416;532922368;0;0;0;0;0;0;0;0;0;0;0;4308;0;0;0;0;0;0;
33978;6028926;575160320;25788416;532922368;0;0;0;0;0;0;0;0;0;0;0;4729;0;0;0;0;0;0;
33979;4431150;575160320;25788416;532922368;0;0;0;0;0;0;0;0;0;0;0;3948;0;0;0;0;0;0;
33980;5350034;575160320;25788416;532922368;0;0;0;0;0;0;0;0;0;0;0;4178;0;0;0;0;0;0;
33981;4384603;575160320;25788416;532922368;0;0;0;0;0;0;0;0;0;0;0;4138;0;0;0;0;0;0;
33982;5158134;575160320;25788416;532922368;0;0;0;0;0;0;0;0;0;0;0;4598;0;0;0;0;0;0;
33983;4363453;575160320;25788416;532922368;0;0;0;0;0;0;0;0;0;0;0;4549;0;0;0;0;0;0;
33984;4903186;575160320;25788416;532922368;0;0;0;0;0;0;0;0;0;0;0;3898;0;0;0;0;0;0;
33985;3960467;575160320;25788416;532922368;0;0;0;0;0;0;0;0;0;0;0;3747;0;0;0;0;0;0;
33986;4781186;575160320;25788416;532922368;0;0;0;0;0;0;0;0;0;0;0;3687;0;0;0;0;0;0;
33987;3867122;575160320;25788416;532922368;0;0;0;0;0;0;0;0;0;0;0;4148;0;0;0;0;0;0;
33988;4981792;575160320;25788416;532922368;0;0;0;0;0;0;0;0;0;0;0;3406;0;0;0;0;0;0;
33989;3877181;575160320;25788416;532922368;0;0;0;0;0;0;0;0;0;0;0;4208;0;0;0;0;0;0;
33990;6141127;581234688;33566720;540700672;0;0;0;0;0;0;0;0;0;0;0;3727;0;0;0;0;0;0;
33991;4057339;581234688;33566720;540700672;0;0;0;0;0;0;0;0;0;0;0;4098;0;0;0;0;0;0;
33992;4916380;581234688;33566720;540700672;0;0;0;0;0;0;0;0;0;0;0;3677;0;0;0;0;0;0;
33993;3083723;581234688;33566720;540700672;0;0;0;0;0;0;0;0;0;0;0;3267;0;0;0;0;0;0;
33994;4624523;581234688;33566720;540700672;0;0;0;0;0;0;0;0;0;0;0;3126;0;0;0;0;0;0;
33995;3106967;581234688;33566720;540700672;0;0;0;0;0;0;0;0;0;0;0;3356;0;0;0;0;0;0;
33996;4573878;581234688;33566720;540700672;0;0;0;0;0;0;0;0;0;0;0;2696;0;0;0;0;0;0;
33997;3025714;581234688;33566720;540700672;0;0;0;0;0;0;0;0;0;0;0;3637;0;0;0;0;0;0;
33998;4566094;581234688;33566720;540700672;0;0;0;0;0;0;0;0;0;0;0;2925;0;0;0;0;0;0;
33999;3140960;575160320;25788416;532922368;0;0;0;0;0;0;0;0;0;0;0;2966;0;0;0;0;0;0;
34000;4620505;575160320;25788416;532922368;0;0;0;0;0;0;0;0;0;0;0;2875;0;0;0;0;0;0;
34001;3204890;575160320;25788416;532922368;0;0;0;0;0;0;0;0;0;0;0;2815;0;0;0;0;0;0;
34002;4619023;575160320;25788416;532922368;0;0;0;0;0;0;0;0;0;0;0;2735;0;0;0;0;0;0;
34003;3329915;575160320;25788416;532922368;0;0;0;0;0;0;0;0;0;0;0;3737;0;0;0;0;0;0;
34004;4491754;575160320;25788416;532922368;0;0;0;0;0;0;0;0;0;0;0;2845;0;0;0;0;0;0;
34005;3241719;575160320;25788416;532922368;0;0;0;0;0;0;0;0;0;0;0;3477;0;0;0;0;0;0;
34006;4950324;575160320;25788416;532922368;0;0;0;0;0;0;0;0;0;0;0;3757;0;0;0;0;0;0;
34007;2661601;575160320;25788416;532922368;0;0;0;0;0;0;0;0;0;0;0;3386;0;0;0;0;0;0;
34008;4656333;575160320;25788416;532922368;0;0;0;0;0;0;0;0;0;0;0;2915;0;0;0;0;0;0;
34009;2865774;575160320;25788416;532922368;0;0;0;0;0;0;0;0;0;0;0;3206;0;0;0;0;0;0;
34010;4564761;575160320;25788416;532922368;0;0;0;0;0;0;0;0;0;0;0;2805;0;0;0;0;0;0;
34011;3179092;575160320;25788416;532922368;0;0;0;0;0;0;0;0;0;0;0;2324;0;0;0;0;0;0;
34012;4699644;575160320;25788416;532922368;0;0;0;0;0;0;0;0;0;0;0;2805;0;0;0;0;0;0;
34013;3022217;575160320;25788416;532922368;0;0;0;0;0;0;0;0;0;0;0;3036;0;0;0;0;0;0;
34014;4779133;575160320;25788416;532922368;0;0;0;0;0;0;0;0;0;0;0;2675;0;0;0;0;0;0;
34015;3100214;575160320;25788416;532922368;0;0;0;0;0;0;0;0;0;0;0;2795;0;0;0;0;0;0;
34016;5421587;581234688;33566720;540700672;0;0;0;0;0;0;0;0;0;0;0;3065;0;0;0;0;0;0;
34017;3153714;581234688;33566720;540700672;0;0;0;0;0;0;0;0;0;0;0;3226;0;0;0;0;0;0;
34018;4535135;581234688;33566720;540700672;0;0;0;0;0;0;0;0;0;0;0;2795;0;0;0;0;0;0;
34019;2980710;581234688;33566720;540700672;0;0;0;0;0;0;0;0;0;0;0;3276;0;0;0;0;0;0;
34020;4542339;581234688;33566720;540700672;0;0;0;0;0;0;0;0;0;0;0;2886;0;0;0;0;0;0;
34021;2911691;581234688;33566720;540700672;0;0;0;0;0;0;0;0;0;0;0;3436;0;0;0;0;0;0;
34022;4570903;581234688;33566720;540700672;0;0;0;0;0;0;0;0;0;0;0;3056;0;0;0;0;0;0;
34023;2978195;581234688;33566720;540700672;0;0;0;0;0;0;0;0;0;0;0;2946;0;0;0;0;0;0;
34024;4687912;581234688;33566720;540700672;0;0;0;0;0;0;0;0;0;0;0;2785;0;0;0;0;0;0;
34025;3328422;575160320;25788416;532922368;0;0;0;0;0;0;0;0;0;0;0;3387;0;0;0;0;0;0;
34026;4590409;575160320;25788416;532922368;0;0;0;0;0;0;0;0;0;0;0;2896;0;0;0;0;0;0;
34027;3107198;575160320;25788416;532922368;0;0;0;0;0;0;0;0;0;0;0;3287;0;0;0;0;0;0;
34028;4480713;575160320;25788416;532922368;0;0;0;0;0;0;0;0;0;0;0;2655;0;0;0;0;0;0;
34029;3003643;575160320;25788416;532922368;0;0;0;0;0;0;0;0;0;0;0;3446;0;0;0;0;0;0;
34030;4778752;575160320;25788416;532922368;0;0;0;0;0;0;0;0;0;0;0;2765;0;0;0;0;0;0;
34031;3142734;575160320;25788416;532922368;0;0;0;0;0;0;0;0;0;0;0;3136;0;0;0;0;0;0;
34032;4666051;575160320;25788416;532922368;0;0;0;0;0;0;0;0;0;0;0;3637;0;0;0;0;0;0;
34033;3019273;575160320;25788416;532922368;0;0;0;0;0;0;0;0;0;0;0;3577;0;0;0;0;0;0;
34034;4634161;575160320;25788416;532922368;0;0;0;0;0;0;0;0;0;0;0;2675;0;0;0;0;0;0;
34035;3408703;575160320;25788416;532922368;0;0;0;0;0;0;0;0;0;0;0;3787;0;0;0;0;0;0;
34036;4780254;575160320;25788416;532922368;0;0;0;0;0;0;0;0;0;0;0;3406;0;0;0;0;0;0;
34037;3397562;575160320;25788416;532922368;0;0;0;0;0;0;0;0;0;0;0;3627;0;0;0;0;0;0;
34038;5597928;581234688;33566720;540700672;0;0;0;0;0;0;0;0;0;0;0;3968;0;0;0;0;0;0;
34039;3326749;581234688;33566720;540700672;0;0;0;0;0;0;0;0;0;0;0;3547;0;0;0;0;0;0;
34040;4960744;581234688;33566720;540700672;0;0;0;0;0;0;0;0;0;0;0;3497;0;0;0;0;0;0;
34041;3725497;581234688;33566720;540700672;0;0;0;0;0;0;0;0;0;0;0;4098;0;0;0;0;0;0;
34042;4721855;581234688;33566720;540700672;0;0;0;0;0;0;0;0;0;0;0;3086;0;0;0;0;0;0;
34043;3645667;581234688;33566720;540700672;0;0;0;0;0;0;0;0;0;0;0;4469;0;0;0;0;0;0;
34044;4772791;581234688;33566720;540700672;0;0;0;0;0;0;0;0;0;0;0;3206;0;0;0;0;0;0;
34045;3548164;581234688;33566720;540700672;0;0;0;0;0;0;0;0;0;0;0;4078;0;0;0;0;0;0;
34046;4858140;581234688;33566720;540700672;0;0;0;0;0;0;0;0;0;0;0;3406;0;0;0;0;0;0;
34047;3728231;575160320;25788416;532922368;0;0;0;0;0;0;0;0;0;0;0;4428;0;0;0;0;0;0;
34048;4830379;575160320;25788416;532922368;0;0;0;0;0;0;0;0;0;0;0;3837;0;0;0;0;0;0;
34049;3246058;575160320;25788416;532922368;0;0;0;0;0;0;0;0;0;0;0;3196;0;0;0;0;0;0;
34050;4938010;575160320;25788416;532922368;0;0;0;0;0;0;0;0;0;0;0;3958;0;0;0;0;0;0;
34051;3452565;575160320;25788416;532922368;0;0;0;0;0;0;0;0;0;0;0;4419;0;0;0;0;0;0;
34052;4758935;575160320;25788416;532922368;0;0;0;0;0;0;0;0;0;0;0;3797;0;0;0;0;0;0;
34053;3575966;575160320;25788416;532922368;0;0;0;0;0;0;0;0;0;0;0;4188;0;0;0;0;0;0;
34054;5161590;575160320;25788416;532922368;0;0;0;0;0;0;0;0;0;0;0;3356;0;0;0;0;0;0;
34055;3648713;575160320;25788416;532922368;0;0;0;0;0;0;0;0;0;0;0;4007;0;0;0;0;0;0;
34056;5326118;575160320;25788416;532922368;0;0;0;0;0;0;0;0;0;0;0;3507;0;0;0;0;0;0;
34057;3516194;575160320;25788416;532922368;0;0;0;0;0;0;0;0;0;0;0;3657;0;0;0;0;0;0;
34058;4633058;575160320;25788416;532922368;0;0;0;0;0;0;0;0;0;0;0;3096;0;0;0;0;0;0;
34059;3456001;575160320;25788416;532922368;0;0;0;0;0;0;0;0;0;0;0;3818;0;0;0;0;0;0;
34060;5063235;575160320;25788416;532922368;0;0;0;0;0;0;0;0;0;0;0;3888;0;0;0;0;0;0;
34061;4278334;575160320;25788416;532922368;0;0;0;0;0;0;0;0;0;0;0;4829;0;0;0;0;0;0;
34062;5342820;575160320;25788416;532922368;0;0;0;0;0;0;0;0;0;0;0;4429;0;0;0;0;0;0;
34063;5094784;575160320;25788416;532922368;0;0;0;0;0;0;0;0;0;0;0;4719;0;0;0;0;0;0;
34064;6046950;581234688;33566720;540700672;0;0;0;0;0;0;0;0;0;0;0;4539;0;0;0;0;0;0;
34065;4603684;581234688;33566720;540700672;0;0;0;0;0;0;0;0;0;0;0;4568;0;0;0;0;0;0;
34066;5067213;581234688;33566720;540700672;0;0;0;0;0;0;0;0;0;0;0;5209;0;0;0;0;0;0;
34067;4939273;581234688;33566720;540700672;0;0;0;0;0;0;0;0;0;0;0;4889;0;0;0;0;0;0;
34068;5613007;581234688;33566720;540700672;0;0;0;0;0;0;0;0;0;0;0;5009;0;0;0;0;0;0;
34069;6019870;581234688;33566720;540700672;0;0;0;0;0;0;0;0;0;0;0;5510;0;0;0;0;0;0;
34070;5411098;581234688;33566720;540700672;0;0;0;0;0;0;0;0;0;0;0;5139;0;0;0;0;0;0;
34071;4695446;581234688;33566720;540700672;0;0;0;0;0;0;0;0;0;0;0;4709;0;0;0;0;0;0;
34072;6228802;581234688;33566720;540700672;0;0;0;0;0;0;0;0;0;0;0;5099;0;0;0;0;0;0;
34073;4845608;575160320;25788416;532922368;0;0;0;0;0;0;0;0;0;0;0;4969;0;0;0;0;0;0;
34074;5204099;575160320;25788416;532922368;0;0;0;0;0;0;0;0;0;0;0;4778;0;0;0;0;0;0;
