Frame Number;Main Thread;System Used Memory;GC Reserved Memory;Total Reserved Memory;ServerFixedUpdate;TerrainGeneration;PlayerTerrainGenCheck;StructureGeneration;TerrainLogicSystem;GetUpdates;ReevaluatePropagateMarker;PropagateLogicState;PropInputBlocks;PropActiveLogicBlocks;CheckGateState;StatisticsSystem;GhostSimulationSystemGroup;PredictedSimulationSystemGroup;Number of Terrain Areas (Client);Number of Terrain Areas (Server);Number of Players (Client);Number of Players (Server);
1;0;496398336;8241152;412614656;0;0;0;0;0;0;0;0;0;0;0;0;0;0;
2;45013267;501321728;8241152;412614656;0;0;0;0;0;0;0;0;0;0;0;146625;0;0;0;0;0;0;
3;4244089;501321728;8241152;412614656;0;0;0;0;0;0;0;0;0;0;0;2144;0;0;0;0;0;0;
4;1842746;501321728;8241152;412614656;0;0;0;0;0;0;0;0;0;0;0;1252;0;0;0;0;0;0;
5;2630503;510648320;8241152;446169088;0;0;0;0;0;0;0;0;0;0;0;1272;0;0;0;0;0;0;
6;1109912;511188992;8241152;446169088;0;0;0;0;0;0;0;0;0;0;0;2825;0;0;0;0;0;0;
7;551915;511188992;8241152;446169088;0;0;0;0;0;0;0;0;0;0;0;1382;0;0;0;0;0;0;
8;532298;511188992;8241152;446169088;0;0;0;0;0;0;0;0;0;0;0;1202;0;0;0;0;0;0;
9;492023;511188992;8241152;446169088;0;0;0;0;0;0;0;0;0;0;0;1242;0;0;0;0;0;0;
10;490881;511188992;8241152;446169088;0;0;0;0;0;0;0;0;0;0;0;1222;0;0;0;0;0;0;
11;483868;511188992;8241152;446169088;0;0;0;0;0;0;0;0;0;0;0;1273;0;0;0;0;0;0;
12;523702;511447040;8241152;446169088;0;0;0;0;0;0;0;0;0;0;0;1212;0;0;0;0;0;0;
13;524333;511447040;8241152;446169088;0;0;0;0;0;0;0;0;0;0;0;1112;0;0;0;0;0;0;
14;575429;511447040;8241152;446169088;0;0;0;0;0;0;0;0;0;0;0;1242;0;0;0;0;0;0;
15;877165;511447040;8241152;446169088;0;0;0;0;0;0;0;0;0;0;0;1262;0;0;0;0;0;0;
16;1340363;511447040;8241152;446169088;0;0;0;0;0;0;0;0;0;0;0;1303;0;0;0;0;0;0;
17;837050;511447040;8241152;446169088;0;0;0;0;0;0;0;0;0;0;0;1312;0;0;0;0;0;0;
18;1028448;511447040;8241152;446169088;0;0;0;0;0;0;0;0;0;0;0;1272;0;0;0;0;0;0;
19;774923;511447040;8241152;446169088;0;0;0;0;0;0;0;0;0;0;0;1252;0;0;0;0;0;0;
20;832371;511447040;8241152;446169088;0;0;0;0;0;0;0;0;0;0;0;1272;0;0;0;0;0;0;
21;850736;511447040;8241152;446169088;0;0;0;0;0;0;0;0;0;0;0;1332;0;0;0;0;0;0;
22;880100;511447040;8241152;446169088;0;0;0;0;0;0;0;0;0;0;0;1282;0;0;0;0;0;0;
23;871815;511447040;8241152;446169088;0;0;0;0;0;0;0;0;0;0;0;1353;0;0;0;0;0;0;
24;717195;511447040;8241152;446169088;0;0;0;0;0;0;0;0;0;0;0;1293;0;0;0;0;0;0;
25;913624;511447040;8241152;446169088;0;0;0;0;0;0;0;0;0;0;0;1243;0;0;0;0;0;0;
26;917801;511447040;8241152;446169088;0;0;0;0;0;0;0;0;0;0;0;1303;0;0;0;0;0;0;
27;832812;511447040;8241152;446169088;0;0;0;0;0;0;0;0;0;0;0;1313;0;0;0;0;0;0;
28;643256;511447040;8241152;446169088;0;0;0;0;0;0;0;0;0;0;0;1924;0;0;0;0;0;0;
29;559910;511447040;8241152;446169088;0;0;0;0;0;0;0;0;0;0;0;1333;0;0;0;0;0;0;
30;489087;511447040;8241152;446169088;0;0;0;0;0;0;0;0;0;0;0;1112;0;0;0;0;0;0;
31;588083;511447040;8241152;446169088;0;0;0;0;0;0;0;0;0;0;0;1122;0;0;0;0;0;0;
32;1402670;511778816;8241152;446169088;0;0;0;0;0;0;0;0;0;0;0;1343;0;0;0;0;0;0;
33;638568;511778816;8241152;446169088;0;0;0;0;0;0;0;0;0;0;0;1142;0;0;0;0;0;0;
34;629711;513204224;8241152;446169088;0;0;0;0;0;0;0;0;0;0;0;1332;0;0;0;0;0;0;
35;536386;513204224;8241152;462946304;0;0;0;0;0;0;0;0;0;0;0;1282;0;0;0;0;0;0;
36;839174;517398528;8241152;462946304;0;0;0;0;0;0;0;0;0;0;0;1273;0;0;0;0;0;0;
37;478448;517398528;8241152;462946304;0;0;0;0;0;0;0;0;0;0;0;1312;0;0;0;0;0;0;
38;631073;517398528;8241152;462946304;0;0;0;0;0;0;0;0;0;0;0;1292;0;0;0;0;0;0;
39;567164;517398528;8241152;462946304;0;0;0;0;0;0;0;0;0;0;0;1363;0;0;0;0;0;0;
40;553317;517398528;8241152;462946304;0;0;0;0;0;0;0;0;0;0;0;1503;0;0;0;0;0;0;
41;606978;517398528;8241152;462946304;0;0;0;0;0;0;0;0;0;0;0;1173;0;0;0;0;0;0;
42;542688;517398528;8241152;462946304;0;0;0;0;0;0;0;0;0;0;0;1232;0;0;0;0;0;0;
43;458560;517398528;8241152;462946304;0;0;0;0;0;0;0;0;0;0;0;1273;0;0;0;0;0;0;
44;595357;517398528;8241152;462946304;0;0;0;0;0;0;0;0;0;0;0;1242;0;0;0;0;0;0;
45;516899;517398528;8241152;462946304;0;0;0;0;0;0;0;0;0;0;0;1392;0;0;0;0;0;0;
46;496211;517398528;8241152;462946304;0;0;0;0;0;0;0;0;0;0;0;1082;0;0;0;0;0;0;
47;519865;517398528;8241152;462946304;0;0;0;0;0;0;0;0;0;0;0;1102;0;0;0;0;0;0;
48;604283;517398528;8241152;462946304;0;0;0;0;0;0;0;0;0;0;0;1272;0;0;0;0;0;0;
49;925716;517398528;8241152;462946304;0;0;0;0;0;0;0;0;0;0;0;1192;0;0;0;0;0;0;
50;769313;517398528;8241152;462946304;0;0;0;0;0;0;0;0;0;0;0;1312;0;0;0;0;0;0;
51;651852;517398528;8241152;462946304;0;0;0;0;0;0;0;0;0;0;0;1293;0;0;0;0;0;0;
52;699482;517668864;8241152;462946304;0;0;0;0;0;0;0;0;0;0;0;1303;0;0;0;0;0;0;
53;626245;517668864;8241152;462946304;0;0;0;0;0;0;0;0;0;0;0;1172;0;0;0;0;0;0;
54;520987;517668864;8241152;462946304;0;0;0;0;0;0;0;0;0;0;0;1263;0;0;0;0;0;0;
55;659928;517668864;8241152;462946304;0;0;0;0;0;0;0;0;0;0;0;1182;0;0;0;0;0;0;
56;780434;517668864;8241152;462946304;0;0;0;0;0;0;0;0;0;0;0;1192;0;0;0;0;0;0;
57;713227;517668864;8241152;462946304;0;0;0;0;0;0;0;0;0;0;0;1323;0;0;0;0;0;0;
58;526247;517668864;8241152;462946304;0;0;0;0;0;0;0;0;0;0;0;1342;0;0;0;0;0;0;
59;1186475;517668864;8241152;462946304;0;0;0;0;0;0;0;0;0;0;0;1123;0;0;0;0;0;0;
60;2913034;517668864;8302592;463007744;0;0;0;0;0;0;0;0;0;0;0;1142;0;0;0;0;0;0;
61;937919;517668864;8302592;463007744;0;0;0;0;0;0;0;0;0;0;0;1823;0;0;0;0;0;0;
62;831239;517668864;8302592;463007744;0;0;0;0;0;0;0;0;0;0;0;1353;0;0;0;0;0;0;
63;806062;517668864;8302592;463007744;0;0;0;0;0;0;0;0;0;0;0;1322;0;0;0;0;0;0;
64;690124;517668864;8302592;463007744;0;0;0;0;0;0;0;0;0;0;0;1302;0;0;0;0;0;0;
65;750437;517668864;8302592;463007744;0;0;0;0;0;0;0;0;0;0;0;1272;0;0;0;0;0;0;
66;722235;517668864;8302592;463007744;0;0;0;0;0;0;0;0;0;0;0;1202;0;0;0;0;0;0;
67;605305;517668864;8302592;463007744;0;0;0;0;0;0;0;0;0;0;0;1223;0;0;0;0;0;0;
68;689223;517668864;8302592;463007744;0;0;0;0;0;0;0;0;0;0;0;1243;0;0;0;0;0;0;
69;624071;517668864;8302592;463007744;0;0;0;0;0;0;0;0;0;0;0;1112;0;0;0;0;0;0;
70;645380;517668864;8302592;463007744;0;0;0;0;0;0;0;0;0;0;0;1082;0;0;0;0;0;0;
71;1179773;517668864;8302592;463007744;0;0;0;0;0;0;0;0;0;0;0;1112;0;0;0;0;0;0;
72;667803;517668864;8302592;463007744;0;0;0;0;0;0;0;0;0;0;0;1152;0;0;0;0;0;0;
73;726623;517668864;8302592;463007744;0;0;0;0;0;0;0;0;0;0;0;1352;0;0;0;0;0;0;
74;4185359;517939200;8302592;463007744;0;0;0;0;0;0;0;0;0;0;0;1653;0;0;0;0;0;0;
75;10671202;518688768;8302592;463007744;0;0;0;0;0;0;0;0;0;0;0;2504;0;0;0;0;0;0;
76;1099752;518688768;8302592;463007744;0;0;0;0;0;0;0;0;0;0;0;2925;0;0;0;0;0;0;
77;745178;518688768;8302592;463007744;0;0;0;0;0;0;0;0;0;0;0;1202;0;0;0;0;0;0;
78;838663;518688768;8302592;463007744;0;0;0;0;0;0;0;0;0;0;0;1392;0;0;0;0;0;0;
79;762891;518688768;8302592;463007744;0;0;0;0;0;0;0;0;0;0;0;1352;0;0;0;0;0;0;
80;705804;518688768;8302592;463007744;0;0;0;0;0;0;0;0;0;0;0;1393;0;0;0;0;0;0;
81;977834;518688768;8302592;463007744;0;0;0;0;0;0;0;0;0;0;0;1383;0;0;0;0;0;0;
82;994214;518688768;8302592;463007744;0;0;0;0;0;0;0;0;0;0;0;1373;0;0;0;0;0;0;
83;1137363;518688768;8302592;463007744;0;0;0;0;0;0;0;0;0;0;0;1283;0;0;0;0;0;0;
84;1235266;518688768;8302592;463007744;0;0;0;0;0;0;0;0;0;0;0;1343;0;0;0;0;0;0;
85;904707;518688768;8302592;463007744;0;0;0;0;0;0;0;0;0;0;0;1282;0;0;0;0;0;0;
86;1019853;518688768;8302592;463007744;0;0;0;0;0;0;0;0;0;0;0;1302;0;0;0;0;0;0;
87;1046342;518688768;8302592;463007744;0;0;0;0;0;0;0;0;0;0;0;1393;0;0;0;0;0;0;
88;1409463;519016448;8302592;463007744;0;0;0;0;0;0;0;0;0;0;0;1462;0;0;0;0;0;0;
89;877696;519016448;8302592;463007744;0;0;0;0;0;0;0;0;0;0;0;1333;0;0;0;0;0;0;
90;789731;519016448;8302592;463007744;0;0;0;0;0;0;0;0;0;0;0;1122;0;0;0;0;0;0;
91;1075307;519016448;8302592;463007744;0;0;0;0;0;0;0;0;0;0;0;1313;0;0;0;0;0;0;
92;844564;519016448;8302592;463007744;0;0;0;0;0;0;0;0;0;0;0;1273;0;0;0;0;0;0;
93;653826;519016448;8302592;463007744;0;0;0;0;0;0;0;0;0;0;0;1193;0;0;0;0;0;0;
94;701165;519016448;8302592;463007744;0;0;0;0;0;0;0;0;0;0;0;1323;0;0;0;0;0;0;
95;605796;519016448;8302592;463007744;0;0;0;0;0;0;0;0;0;0;0;1352;0;0;0;0;0;0;
96;716674;519016448;8302592;463007744;0;0;0;0;0;0;0;0;0;0;0;1333;0;0;0;0;0;0;
97;638417;519016448;8302592;463007744;0;0;0;0;0;0;0;0;0;0;0;1312;0;0;0;0;0;0;
98;1259672;519016448;8302592;463007744;0;0;0;0;0;0;0;0;0;0;0;1483;0;0;0;0;0;0;
99;694533;519016448;8302592;463007744;0;0;0;0;0;0;0;0;0;0;0;1363;0;0;0;0;0;0;
100;943910;519016448;8302592;463007744;0;0;0;0;0;0;0;0;0;0;0;1383;0;0;0;0;0;0;
101;832081;519016448;8302592;463007744;0;0;0;0;0;0;0;0;0;0;0;1383;0;0;0;0;0;0;
102;869350;519016448;8302592;463007744;0;0;0;0;0;0;0;0;0;0;0;1222;0;0;0;0;0;0;
103;825378;519286784;8302592;463007744;0;0;0;0;0;0;0;0;0;0;0;1262;0;0;0;0;0;0;
104;886763;519286784;8302592;463007744;0;0;0;0;0;0;0;0;0;0;0;1273;0;0;0;0;0;0;
105;862037;519286784;8302592;463007744;0;0;0;0;0;0;0;0;0;0;0;1342;0;0;0;0;0;0;
106;740288;519286784;8302592;463007744;0;0;0;0;0;0;0;0;0;0;0;1303;0;0;0;0;0;0;
107;588344;519286784;8302592;463007744;0;0;0;0;0;0;0;0;0;0;0;1402;0;0;0;0;0;0;
108;1073303;519286784;8302592;463007744;0;0;0;0;0;0;0;0;0;0;0;1272;0;0;0;0;0;0;
109;778841;519286784;8302592;463007744;0;0;0;0;0;0;0;0;0;0;0;1132;0;0;0;0;0;0;
110;945864;519286784;8302592;463007744;0;0;0;0;0;0;0;0;0;0;0;1352;0;0;0;0;0;0;
111;979347;519286784;8302592;463007744;0;0;0;0;0;0;0;0;0;0;0;1322;0;0;0;0;0;0;
112;1034740;519286784;8302592;463007744;0;0;0;0;0;0;0;0;0;0;0;1372;0;0;0;0;0;0;
113;2215945;519286784;8302592;463007744;0;0;0;0;0;0;0;0;0;0;0;1553;0;0;0;0;0;0;
114;1166518;519286784;8302592;463007744;0;0;0;0;0;0;0;0;0;0;0;1353;0;0;0;0;0;0;
115;909175;519286784;8302592;463007744;0;0;0;0;0;0;0;0;0;0;0;1693;0;0;0;0;0;0;
116;2099647;523747328;8302592;479784960;0;0;0;0;0;0;0;0;0;0;0;2104;0;0;0;0;0;0;
117;1064857;523747328;8302592;479784960;0;0;0;0;0;0;0;0;0;0;0;1513;0;0;0;0;0;0;
118;854583;523747328;8302592;479784960;0;0;0;0;0;0;0;0;0;0;0;1433;0;0;0;0;0;0;
119;1201945;523747328;8302592;479784960;0;0;0;0;0;0;0;0;0;0;0;1543;0;0;0;0;0;0;
120;1015645;523747328;8302592;479784960;0;0;0;0;0;0;0;0;0;0;0;1704;0;0;0;0;0;0;
121;977222;523747328;8302592;479784960;0;0;0;0;0;0;0;0;0;0;0;1483;0;0;0;0;0;0;
122;793378;523747328;11087872;482570240;0;0;0;0;0;0;0;0;0;0;0;1403;0;0;0;0;0;0;
123;1048867;523747328;11087872;482570240;0;0;0;0;0;0;0;0;0;0;0;1352;0;0;0;0;0;0;
124;656892;523747328;11087872;482570240;0;0;0;0;0;0;0;0;0;0;0;1313;0;0;0;0;0;0;
125;750888;524013568;11087872;482570240;0;0;0;0;0;0;0;0;0;0;0;1313;0;0;0;0;0;0;
126;544782;524013568;11087872;482570240;0;0;0;0;0;0;0;0;0;0;0;1343;0;0;0;0;0;0;
127;950373;524013568;11087872;482570240;0;0;0;0;0;0;0;0;0;0;0;1422;0;0;0;0;0;0;
128;684113;524013568;11087872;482570240;0;0;0;0;0;0;0;0;0;0;0;1342;0;0;0;0;0;0;
129;732244;524013568;11087872;482570240;0;0;0;0;0;0;0;0;0;0;0;1322;0;0;0;0;0;0;
130;1080757;524013568;11087872;482570240;0;0;0;0;0;0;0;0;0;0;0;1343;0;0;0;0;0;0;
131;933391;524013568;11087872;482570240;0;0;0;0;0;0;0;0;0;0;0;1283;0;0;0;0;0;0;
132;934462;524013568;11087872;482570240;0;0;0;0;0;0;0;0;0;0;0;1253;0;0;0;0;0;0;
133;799780;524013568;11087872;482570240;0;0;0;0;0;0;0;0;0;0;0;1323;0;0;0;0;0;0;
134;719179;524013568;11087872;482570240;0;0;0;0;0;0;0;0;0;0;0;1303;0;0;0;0;0;0;
135;2426982;524283904;11087872;482570240;0;0;0;0;0;0;0;0;0;0;0;1342;0;0;0;0;0;0;
136;757981;524283904;11087872;482570240;0;0;0;0;0;0;0;0;0;0;0;1593;0;0;0;0;0;0;
137;973545;524283904;11087872;482570240;0;0;0;0;0;0;0;0;0;0;0;1282;0;0;0;0;0;0;
138;1431174;524283904;11087872;482570240;0;0;0;0;0;0;0;0;0;0;0;1313;0;0;0;0;0;0;
139;529653;524283904;11087872;482570240;0;0;0;0;0;0;0;0;0;0;0;1293;0;0;0;0;0;0;
140;887253;524283904;11087872;482570240;0;0;0;0;0;0;0;0;0;0;0;1323;0;0;0;0;0;0;
141;1145157;524283904;11087872;482570240;0;0;0;0;0;0;0;0;0;0;0;1333;0;0;0;0;0;0;
142;1079214;524283904;11087872;482570240;0;0;0;0;0;0;0;0;0;0;0;1373;0;0;0;0;0;0;
143;845977;524283904;11087872;482570240;0;0;0;0;0;0;0;0;0;0;0;1383;0;0;0;0;0;0;
144;736381;524283904;11087872;482570240;0;0;0;0;0;0;0;0;0;0;0;1332;0;0;0;0;0;0;
145;951986;524283904;11087872;482570240;0;0;0;0;0;0;0;0;0;0;0;1362;0;0;0;0;0;0;
146;886162;524283904;11087872;482570240;0;0;0;0;0;0;0;0;0;0;0;1432;0;0;0;0;0;0;
147;1038347;524283904;11087872;482570240;0;0;0;0;0;0;0;0;0;0;0;1192;0;0;0;0;0;0;
148;1083532;524283904;11087872;482570240;0;0;0;0;0;0;0;0;0;0;0;1312;0;0;0;0;0;0;
149;566272;524283904;11087872;482570240;0;0;0;0;0;0;0;0;0;0;0;1262;0;0;0;0;0;0;
150;617798;524283904;11087872;482570240;0;0;0;0;0;0;0;0;0;0;0;1473;0;0;0;0;0;0;
151;558127;524283904;11087872;482570240;0;0;0;0;0;0;0;0;0;0;0;1332;0;0;0;0;0;0;
152;932519;524283904;11087872;482570240;0;0;0;0;0;0;0;0;0;0;0;1443;0;0;0;0;0;0;
153;3104732;524283904;11087872;482570240;0;0;0;0;0;0;0;0;0;0;0;2845;0;0;0;0;43;0;
154;766868;524283904;11087872;482570240;0;0;0;0;0;0;0;0;0;0;0;1683;0;0;0;0;43;0;
155;787347;524283904;11087872;482570240;0;0;0;0;0;0;0;0;0;0;0;1563;0;0;0;0;43;0;
156;757831;524283904;11087872;482570240;0;0;0;0;0;0;0;0;0;0;0;1493;0;0;0;0;43;0;
157;861035;524283904;11087872;482570240;0;0;0;0;0;0;0;0;0;0;0;1623;0;0;0;0;43;0;
158;1230778;524283904;11087872;482570240;0;0;0;0;0;0;0;0;0;0;0;1443;0;0;0;0;43;0;
159;758844;524283904;11087872;482570240;0;0;0;0;0;0;0;0;0;0;0;1613;0;0;0;0;43;0;
160;1179201;524283904;11087872;482570240;0;0;0;0;0;0;0;0;0;0;0;1623;0;0;0;0;43;0;
161;586500;524283904;11087872;482570240;0;0;0;0;0;0;0;0;0;0;0;1372;0;0;0;0;43;0;
162;1129258;524283904;11087872;482570240;0;0;0;0;0;0;0;0;0;0;0;1553;0;0;0;0;43;0;
163;825688;524283904;11087872;482570240;0;0;0;0;0;0;0;0;0;0;0;1513;0;0;0;0;43;0;
164;1384978;524283904;11087872;482570240;0;0;0;0;0;0;0;0;0;0;0;1433;0;0;0;0;43;0;
165;1421276;524283904;11087872;482570240;0;0;0;0;0;0;0;0;0;0;0;1262;0;0;0;0;43;0;
166;971401;524283904;11087872;482570240;0;0;0;0;0;0;0;0;0;0;0;1563;0;0;0;0;43;0;
167;882856;524283904;11087872;482570240;0;0;0;0;0;0;0;0;0;0;0;1443;0;0;0;0;43;0;
168;931587;524283904;11087872;482570240;0;0;0;0;0;0;0;0;0;0;0;1453;0;0;0;0;43;0;
169;724008;524283904;11087872;482570240;0;0;0;0;0;0;0;0;0;0;0;1563;0;0;0;0;43;0;
170;1102227;524283904;11087872;482570240;0;0;0;0;0;0;0;0;0;0;0;1723;0;0;0;0;43;0;
171;638087;524283904;11087872;482570240;0;0;0;0;0;0;0;0;0;0;0;1613;0;0;0;0;43;0;
172;659988;524283904;11087872;482570240;0;0;0;0;0;0;0;0;0;0;0;1673;0;0;0;0;43;0;
173;842971;524283904;11087872;482570240;0;0;0;0;0;0;0;0;0;0;0;1382;0;0;0;0;43;0;
174;707457;524283904;11087872;482570240;0;0;0;0;0;0;0;0;0;0;0;1653;0;0;0;0;43;0;
175;803787;524283904;11087872;482570240;0;0;0;0;0;0;0;0;0;0;0;1373;0;0;0;0;43;0;
176;824847;524283904;11087872;482570240;0;0;0;0;0;0;0;0;0;0;0;1493;0;0;0;0;43;0;
177;1699798;524283904;11087872;482570240;0;0;0;0;0;0;0;0;0;0;0;1413;0;0;0;0;43;0;
178;1129418;524283904;11087872;482570240;0;0;0;0;0;0;0;0;0;0;0;2294;0;0;0;0;43;0;
179;1108208;524283904;11087872;482570240;0;0;0;0;0;0;0;0;0;0;0;1694;0;0;0;0;43;0;
180;825679;524283904;11087872;482570240;0;0;0;0;0;0;0;0;0;0;0;1773;0;0;0;0;43;0;
181;1311509;524283904;11087872;482570240;0;0;0;0;0;0;0;0;0;0;0;1683;0;0;0;0;43;0;
182;760376;524554240;11087872;482570240;0;0;0;0;0;0;0;0;0;0;0;1904;0;0;0;0;43;0;
183;1594791;524554240;11087872;482570240;0;0;0;0;0;0;0;0;0;0;0;1884;0;0;0;0;43;0;
184;1321849;524554240;11087872;482570240;0;0;0;0;0;0;0;0;0;0;0;1813;0;0;0;0;43;0;
185;846257;524554240;11087872;482570240;0;0;0;0;0;0;0;0;0;0;0;1863;0;0;0;0;43;0;
186;1047144;524554240;11087872;482570240;0;0;0;0;0;0;0;0;0;0;0;1753;0;0;0;0;43;0;
187;924193;524554240;11087872;482570240;0;0;0;0;0;0;0;0;0;0;0;1593;0;0;0;0;43;0;
188;977032;524554240;11087872;482570240;0;0;0;0;0;0;0;0;0;0;0;1713;0;0;0;0;43;0;
189;852629;524554240;11087872;482570240;0;0;0;0;0;0;0;0;0;0;0;1643;0;0;0;0;43;0;
190;820358;524820480;11087872;482570240;0;0;0;0;0;0;0;0;0;0;0;1573;0;0;0;0;43;0;
191;782899;524820480;11087872;482570240;0;0;0;0;0;0;0;0;0;0;0;1643;0;0;0;0;43;0;
192;2325221;524820480;11087872;482570240;0;0;0;0;0;0;0;0;0;0;0;1403;0;0;0;0;43;0;
193;1634906;524820480;11087872;482570240;0;0;0;0;0;0;0;0;0;0;0;5971;0;0;0;0;43;0;
194;771547;524820480;11087872;482570240;0;0;0;0;0;0;0;0;0;0;0;1703;0;0;0;0;43;0;
195;1594931;524820480;11087872;482570240;0;0;0;0;0;0;0;0;0;0;0;1843;0;0;0;0;43;0;
196;1232211;524820480;11087872;482570240;0;0;0;0;0;0;0;0;0;0;0;1944;0;0;0;0;43;0;
197;770665;524820480;11087872;482570240;0;0;0;0;0;0;0;0;0;0;0;1873;0;0;0;0;43;0;
198;1139096;524820480;11087872;482570240;0;0;0;0;0;0;0;0;0;0;0;1703;0;0;0;0;43;0;
199;1099803;524820480;11087872;482570240;0;0;0;0;0;0;0;0;0;0;0;1793;0;0;0;0;43;0;
200;836669;524820480;11087872;482570240;0;0;0;0;0;0;0;0;0;0;0;1864;0;0;0;0;43;0;
201;847509;524820480;11087872;482570240;0;0;0;0;0;0;0;0;0;0;0;1884;0;0;0;0;43;0;
202;894408;524820480;11087872;482570240;0;0;0;0;0;0;0;0;0;0;0;1733;0;0;0;0;43;0;
203;879228;524820480;11087872;482570240;0;0;0;0;0;0;0;0;0;0;0;1963;0;0;0;0;43;0;
204;728776;524820480;11087872;482570240;0;0;0;0;0;0;0;0;0;0;0;1894;0;0;0;0;43;0;
205;912141;524820480;11087872;482570240;0;0;0;0;0;0;0;0;0;0;0;1924;0;0;0;0;43;0;
206;868047;524820480;11087872;482570240;0;0;0;0;0;0;0;0;0;0;0;1753;0;0;0;0;43;0;
207;1000787;524820480;11087872;482570240;0;0;0;0;0;0;0;0;0;0;0;2023;0;0;0;0;43;0;
208;1495435;524820480;11087872;482570240;0;0;0;0;0;0;0;0;0;0;0;1974;0;0;0;0;43;0;
209;980539;524820480;11087872;482570240;0;0;0;0;0;0;0;0;0;0;0;1794;0;0;0;0;43;0;
210;965570;524820480;11087872;482570240;0;0;0;0;0;0;0;0;0;0;0;2034;0;0;0;0;43;0;
211;953718;524820480;11087872;482570240;0;0;0;0;0;0;0;0;0;0;0;1704;0;0;0;0;43;0;
212;1339382;524820480;11087872;482570240;0;0;0;0;0;0;0;0;0;0;0;1793;0;0;0;0;43;0;
213;972233;524820480;11087872;482570240;0;0;0;0;0;0;0;0;0;0;0;1773;0;0;0;0;43;0;
214;1463164;524820480;11087872;482570240;0;0;0;0;0;0;0;0;0;0;0;1823;0;0;0;0;43;0;
215;1294398;524820480;11087872;482570240;0;0;0;0;0;0;0;0;0;0;0;1954;0;0;0;0;43;0;
216;984456;524820480;11087872;482570240;0;0;0;0;0;0;0;0;0;0;0;1843;0;0;0;0;43;0;
217;2668655;531369984;11087872;499347456;0;0;0;0;0;0;0;0;0;0;0;2765;0;0;1;0;43;0;
218;869711;531369984;11087872;499347456;0;0;0;0;0;0;0;0;0;0;0;1693;0;0;1;0;43;0;
219;788739;531369984;11087872;499347456;0;0;0;0;0;0;0;0;0;0;0;1733;0;0;1;0;43;0;
220;913613;531369984;11087872;499347456;0;0;0;0;0;0;0;0;0;0;0;1823;0;0;1;0;43;0;
221;952426;531369984;11087872;499347456;0;0;0;0;0;0;0;0;0;0;0;1783;0;0;1;0;43;0;
222;903825;531369984;11087872;499347456;0;0;0;0;0;0;0;0;0;0;0;1724;0;0;1;0;43;0;
223;1061511;531369984;11087872;499347456;0;0;0;0;0;0;0;0;0;0;0;1864;0;0;1;0;43;0;
224;934252;531369984;11087872;499347456;0;0;0;0;0;0;0;0;0;0;0;1603;0;0;1;0;43;0;
225;1049158;531369984;11087872;499347456;0;0;0;0;0;0;0;0;0;0;0;1784;0;0;1;0;43;0;
226;886192;531369984;11087872;499347456;0;0;0;0;0;0;0;0;0;0;0;1643;0;0;1;0;43;0;
227;859813;531369984;11087872;499347456;0;0;0;0;0;0;0;0;0;0;0;1803;0;0;1;0;43;0;
228;1265694;531369984;11087872;499347456;0;0;0;0;0;0;0;0;0;0;0;1703;0;0;1;0;43;0;
229;1278287;531369984;11087872;499347456;0;0;0;0;0;0;0;0;0;0;0;1834;0;0;1;0;43;0;
230;927139;531369984;11087872;499347456;0;0;0;0;0;0;0;0;0;0;0;1663;0;0;1;0;43;0;
231;1154485;531369984;11087872;499347456;0;0;0;0;0;0;0;0;0;0;0;1673;0;0;1;0;43;0;
232;677801;531369984;11087872;499347456;0;0;0;0;0;0;0;0;0;0;0;1663;0;0;1;0;43;0;
233;2378621;535711744;11087872;499347456;0;0;0;0;0;0;0;0;0;0;0;1353;0;0;2;0;43;0;
234;815950;535711744;11087872;499347456;0;0;0;0;0;0;0;0;0;0;0;1363;0;0;2;0;43;0;
235;898475;535711744;11087872;499347456;0;0;0;0;0;0;0;0;0;0;0;1512;0;0;2;0;43;0;
236;1028128;535711744;11087872;499347456;0;0;0;0;0;0;0;0;0;0;0;1533;0;0;2;0;43;0;
237;1838067;535982080;11087872;499347456;0;0;0;0;0;0;0;0;0;0;0;1693;0;0;2;0;43;0;
238;876314;535982080;11087872;499347456;0;0;0;0;0;0;0;0;0;0;0;1403;0;0;2;0;43;0;
239;869080;535982080;11087872;499347456;0;0;0;0;0;0;0;0;0;0;0;1513;0;0;2;0;43;0;
240;711674;535982080;11087872;499347456;0;0;0;0;0;0;0;0;0;0;0;1603;0;0;2;0;43;0;
241;1004965;535982080;11087872;499347456;0;0;0;0;0;0;0;0;0;0;0;1483;0;0;2;0;43;0;
242;886723;535982080;11087872;499347456;0;0;0;0;0;0;0;0;0;0;0;1493;0;0;2;0;43;0;
243;935946;535982080;11087872;499347456;0;0;0;0;0;0;0;0;0;0;0;1402;0;0;2;0;43;0;
244;1031575;535982080;11087872;499347456;0;0;0;0;0;0;0;0;0;0;0;1543;0;0;2;0;43;0;
245;1878353;535982080;11087872;499347456;0;0;0;0;0;0;0;0;0;0;0;1343;0;0;2;0;43;0;
246;1000537;535982080;11087872;499347456;0;0;0;0;0;0;0;0;0;0;0;1332;0;0;2;0;43;0;
247;1046011;535982080;11087872;499347456;0;0;0;0;0;0;0;0;0;0;0;1653;0;0;2;0;43;0;
248;1817969;542273536;11087872;516124672;0;0;0;0;0;0;0;0;0;0;0;1363;0;0;3;0;43;0;
249;1020103;542273536;11087872;516124672;0;0;0;0;0;0;0;0;0;0;0;1333;0;0;3;0;43;0;
250;1357626;542273536;11087872;516124672;0;0;0;0;0;0;0;0;0;0;0;1462;0;0;3;0;43;0;
251;1814533;542273536;11087872;516124672;0;0;0;0;0;0;0;0;0;0;0;1863;0;0;3;0;43;0;
252;898184;542273536;11087872;516124672;0;0;0;0;0;0;0;0;0;0;0;1723;0;0;3;0;43;0;
253;1017147;542273536;11087872;516124672;0;0;0;0;0;0;0;0;0;0;0;1694;0;0;3;0;43;0;
254;959910;542273536;11087872;516124672;0;0;0;0;0;0;0;0;0;0;0;1834;0;0;3;0;43;0;
255;1150999;542273536;11087872;516124672;0;0;0;0;0;0;0;0;0;0;0;1593;0;0;3;0;43;0;
256;937338;542273536;11087872;516124672;0;0;0;0;0;0;0;0;0;0;0;1643;0;0;3;0;43;0;
257;878077;542273536;11087872;516124672;0;0;0;0;0;0;0;0;0;0;0;1333;0;0;3;0;43;0;
258;811633;542273536;11087872;516124672;0;0;0;0;0;0;0;0;0;0;0;1302;0;0;3;0;43;0;
259;954270;542273536;11087872;516124672;0;0;0;0;0;0;0;0;0;0;0;1433;0;0;3;0;43;0;
260;1137052;542273536;11087872;516124672;0;0;0;0;0;0;0;0;0;0;0;1473;0;0;3;0;43;0;
261;900298;542273536;11087872;516124672;0;0;0;0;0;0;0;0;0;0;0;1332;0;0;3;0;43;0;
262;1001227;542273536;11087872;516124672;0;0;0;0;0;0;0;0;0;0;0;1393;0;0;3;0;43;0;
263;3499332;546308096;11087872;516124672;0;0;0;0;0;0;0;0;0;0;0;1814;0;0;4;0;43;0;
264;1060549;546308096;11087872;516124672;0;0;0;0;0;0;0;0;0;0;0;1562;0;0;4;0;43;0;
265;1167259;546308096;11087872;516124672;0;0;0;0;0;0;0;0;0;0;0;1443;0;0;4;0;43;0;
266;1634575;546308096;11087872;516124672;0;0;0;0;0;0;0;0;0;0;0;1573;0;0;4;0;43;0;
267;1260444;546308096;11087872;516124672;0;0;0;0;0;0;0;0;0;0;0;1353;0;0;4;0;43;0;
268;1059517;546308096;11087872;516124672;0;0;0;0;0;0;0;0;0;0;0;1523;0;0;4;0;43;0;
269;1085806;546308096;11087872;516124672;0;0;0;0;0;0;0;0;0;0;0;1322;0;0;4;0;43;0;
270;1110523;546308096;11087872;516124672;0;0;0;0;0;0;0;0;0;0;0;1363;0;0;4;0;43;0;
271;1140549;546308096;11087872;516124672;0;0;0;0;0;0;0;0;0;0;0;1353;0;0;4;0;43;0;
272;1057994;546308096;11087872;516124672;0;0;0;0;0;0;0;0;0;0;0;1433;0;0;4;0;43;0;
273;1369960;546308096;11087872;516124672;0;0;0;0;0;0;0;0;0;0;0;1393;0;0;4;0;43;0;
274;1048146;546574336;11087872;516124672;0;0;0;0;0;0;0;0;0;0;0;1363;0;0;4;0;43;0;
275;1893361;546574336;11087872;516124672;0;0;0;0;0;0;0;0;0;0;0;1343;0;0;4;0;43;0;
276;2873289;550825984;11087872;516124672;0;0;0;0;0;0;0;0;0;0;0;2424;0;0;5;0;43;0;
277;1351776;550825984;11087872;516124672;0;0;0;0;0;0;0;0;0;0;0;1422;0;0;5;0;43;0;
278;3343661;550825984;11087872;516124672;0;0;0;0;0;0;0;0;0;0;0;2655;0;0;5;0;44;0;
279;3761444;550825984;11087872;516124672;0;0;0;0;0;0;0;0;0;0;0;2184;0;0;5;0;44;0;
280;1786150;550825984;11087872;516124672;0;0;0;0;0;0;0;0;0;0;0;1613;0;0;5;0;44;0;
281;2073769;550825984;11087872;516124672;0;0;0;0;0;0;0;0;0;0;0;1423;0;0;5;0;44;0;
282;1956449;555020288;11087872;532901888;0;0;0;0;0;0;0;0;0;0;0;1453;0;0;5;0;44;0;
283;3031325;559886336;11087872;532901888;0;0;0;0;0;0;0;0;0;0;0;1383;0;0;6;0;44;0;
284;1504962;559886336;11087872;532901888;0;0;0;0;0;0;0;0;0;0;0;1443;0;0;6;0;44;0;
285;1510763;559886336;11087872;532901888;0;0;0;0;0;0;0;0;0;0;0;1443;0;0;6;0;44;0;
286;1564584;559886336;11087872;532901888;0;0;0;0;0;0;0;0;0;0;0;1463;0;0;6;0;44;0;
287;1255174;559886336;11087872;532901888;0;0;0;0;0;0;0;0;0;0;0;1523;0;0;6;0;44;0;
288;1638142;559886336;11087872;532901888;0;0;0;0;0;0;0;0;0;0;0;1463;0;0;6;0;44;0;
289;2059713;559886336;11087872;532901888;0;0;0;0;0;0;0;0;0;0;0;1222;0;0;6;0;44;0;
290;1569754;559886336;11087872;532901888;0;0;0;0;0;0;0;0;0;0;0;1423;0;0;6;0;44;0;
291;1401078;559886336;11087872;532901888;0;0;0;0;0;0;0;0;0;0;0;1452;0;0;6;0;44;0;
292;1434931;559886336;11087872;532901888;0;0;0;0;0;0;0;0;0;0;0;1463;0;0;6;0;44;0;
293;1643071;560144384;11087872;532901888;0;0;0;0;0;0;0;0;0;0;0;2454;0;0;6;0;49;0;
294;1390839;560144384;11087872;532901888;0;0;0;0;0;0;0;0;0;0;0;1503;0;0;6;0;49;0;
295;1482580;560144384;11087872;532901888;0;0;0;0;0;0;0;0;0;0;0;1473;0;0;6;0;49;0;
296;1608547;560144384;11087872;532901888;0;0;0;0;0;0;0;0;0;0;0;1573;0;0;6;0;49;0;
297;1332139;560144384;11087872;532901888;0;0;0;0;0;0;0;0;0;0;0;1453;0;0;6;0;49;0;
298;1450410;560144384;11087872;532901888;0;0;0;0;0;0;0;0;0;0;0;1573;0;0;6;0;49;0;
299;2236184;560144384;11087872;532901888;0;0;0;0;0;0;0;0;0;0;0;1623;0;0;6;0;49;0;
300;2225133;564338688;11087872;549679104;0;0;0;0;0;0;0;0;0;0;0;1493;0;0;6;0;49;0;
301;956183;564338688;11087872;549679104;0;0;0;0;0;0;0;0;0;0;0;1512;0;0;6;0;49;0;
302;1650145;564338688;11087872;549679104;0;0;0;0;0;0;0;0;0;0;0;1532;0;0;6;0;49;0;
303;3018741;568311808;11087872;549679104;0;0;0;0;0;0;0;0;0;0;0;23955;0;0;7;0;49;0;
304;1153413;568311808;11087872;549679104;0;0;0;0;0;0;0;0;0;0;0;1463;0;0;7;0;49;0;
305;1788193;568311808;11087872;549679104;0;0;0;0;0;0;0;0;0;0;0;1512;0;0;7;0;49;0;
306;1999510;568311808;11087872;549679104;0;0;0;0;0;0;0;0;0;0;0;1503;0;0;7;0;49;0;
307;1316398;568311808;11087872;549679104;0;0;0;0;0;0;0;0;0;0;0;1453;0;0;7;0;49;0;
308;3530281;568573952;11087872;549679104;0;0;0;0;0;0;0;0;0;0;0;1512;0;0;7;0;49;0;
309;1566348;568573952;11087872;549679104;0;0;0;0;0;0;0;0;0;0;0;7785;0;0;7;0;49;0;
310;1522835;568573952;11087872;549679104;0;0;0;0;0;0;0;0;0;0;0;1522;0;0;7;0;49;0;
311;1316729;568573952;11087872;549679104;0;0;0;0;0;0;0;0;0;0;0;1372;0;0;7;0;49;0;
312;2916239;572555264;11087872;549679104;0;0;0;0;0;0;0;0;0;0;0;1643;0;0;8;0;49;0;
313;1134407;572555264;11087872;549679104;0;0;0;0;0;0;0;0;0;0;0;1463;0;0;8;0;49;0;
314;1188709;572555264;11087872;549679104;0;0;0;0;0;0;0;0;0;0;0;1413;0;0;8;0;49;0;
315;1452334;572555264;11087872;549679104;0;0;0;0;0;0;0;0;0;0;0;1372;0;0;8;0;49;0;
316;1258189;572555264;11087872;549679104;0;0;0;0;0;0;0;0;0;0;0;1413;0;0;8;0;49;0;
317;1819152;572555264;11087872;549679104;0;0;0;0;0;0;0;0;0;0;0;1473;0;0;8;0;49;0;
318;1472181;572821504;11087872;549679104;0;0;0;0;0;0;0;0;0;0;0;1332;0;0;8;0;49;0;
319;1394596;572821504;11087872;549679104;0;0;0;0;0;0;0;0;0;0;0;1412;0;0;8;0;49;0;
320;1021455;572821504;11087872;549679104;0;0;0;0;0;0;0;0;0;0;0;1422;0;0;8;0;49;0;
321;1317962;572821504;11087872;549679104;0;0;0;0;0;0;0;0;0;0;0;1453;0;0;8;0;49;0;
322;1107407;572821504;11087872;549679104;0;0;0;0;0;0;0;0;0;0;0;1483;0;0;8;0;49;0;
323;951634;572821504;11087872;549679104;0;0;0;0;0;0;0;0;0;0;0;1372;0;0;8;0;49;0;
324;2707347;579112960;11087872;566456320;0;0;0;0;0;0;0;0;0;0;0;2425;0;0;9;0;49;0;
325;1555748;579112960;11087872;566456320;0;0;0;0;0;0;0;0;0;0;0;1453;0;0;9;0;49;0;
326;1394065;579112960;11087872;566456320;0;0;0;0;0;0;0;0;0;0;0;1352;0;0;9;0;49;0;
327;1181716;579112960;11087872;566456320;0;0;0;0;0;0;0;0;0;0;0;1513;0;0;9;0;49;0;
328;1017838;579112960;11087872;566456320;0;0;0;0;0;0;0;0;0;0;0;1412;0;0;9;0;49;0;
329;1103329;579112960;11087872;566456320;0;0;0;0;0;0;0;0;0;0;0;1563;0;0;9;0;49;0;
330;1440732;579112960;11087872;566456320;0;0;0;0;0;0;0;0;0;0;0;1452;0;0;9;0;49;0;
331;987782;579112960;11087872;566456320;0;0;0;0;0;0;0;0;0;0;0;1383;0;0;9;0;49;0;
332;966904;579112960;11087872;566456320;0;0;0;0;0;0;0;0;0;0;0;1362;0;0;9;0;49;0;
333;1426706;579112960;11087872;566456320;0;0;0;0;0;0;0;0;0;0;0;1182;0;0;9;0;49;0;
334;1081648;579112960;11087872;566456320;0;0;0;0;0;0;0;0;0;0;0;1272;0;0;9;0;49;0;
335;1570215;579112960;11087872;566456320;0;0;0;0;0;0;0;0;0;0;0;1403;0;0;9;0;49;0;
336;957957;579112960;11087872;566456320;0;0;0;0;0;0;0;0;0;0;0;1453;0;0;9;0;49;0;
337;2141225;579112960;11087872;566456320;0;0;0;0;0;0;0;0;0;0;0;1573;0;0;9;0;49;0;
338;2337644;579112960;11087872;566456320;0;0;0;0;0;0;0;0;0;0;0;1923;0;0;9;0;49;0;
339;1237871;579112960;11087872;566456320;0;0;0;0;0;0;0;0;0;0;0;1753;0;0;9;0;49;0;
340;2259157;579112960;11087872;566456320;0;0;0;0;0;0;0;0;0;0;0;1763;0;0;9;0;49;0;
341;974257;579112960;11087872;566456320;0;0;0;0;0;0;0;0;0;0;0;1734;0;0;9;0;49;0;
342;1003331;579112960;11087872;566456320;0;0;0;0;0;0;0;0;0;0;0;1773;0;0;9;0;49;0;
343;1159675;579112960;11087872;566456320;0;0;0;0;0;0;0;0;0;0;0;1674;0;0;9;0;49;0;
344;1220018;579112960;11087872;566456320;0;0;0;0;0;0;0;0;0;0;0;1794;0;0;9;0;49;0;
345;1298575;579112960;11087872;566456320;0;0;0;0;0;0;0;0;0;0;0;1733;0;0;9;0;49;0;
346;1727450;579112960;11087872;566456320;0;0;0;0;0;0;0;0;0;0;0;1713;0;0;9;0;49;0;
347;1956048;579112960;11087872;566456320;0;0;0;0;0;0;0;0;0;0;0;2054;0;0;9;0;49;0;
348;3518478;583348224;11087872;566456320;0;0;0;0;0;0;0;0;0;0;0;2956;0;0;10;0;49;0;
349;1827217;583348224;11087872;566456320;0;0;0;0;0;0;0;0;0;0;0;2064;0;0;10;0;49;0;
350;1322580;583348224;11087872;566456320;0;0;0;0;0;0;0;0;0;0;0;1703;0;0;10;0;49;0;
351;1419803;583348224;11087872;566456320;0;0;0;0;0;0;0;0;0;0;0;1754;0;0;10;0;49;0;
352;1633954;583348224;11087872;566456320;0;0;0;0;0;0;0;0;0;0;0;1753;0;0;10;0;49;0;
353;1197275;583348224;11087872;566456320;0;0;0;0;0;0;0;0;0;0;0;1633;0;0;10;0;49;0;
354;1243051;583348224;11087872;566456320;0;0;0;0;0;0;0;0;0;0;0;1973;0;0;10;0;49;0;
355;1224266;583348224;11087872;566456320;0;0;0;0;0;0;0;0;0;0;0;1773;0;0;10;0;49;0;
356;1287956;583348224;11087872;566456320;0;0;0;0;0;0;0;0;0;0;0;1893;0;0;10;0;49;0;
357;1113919;583348224;11087872;566456320;0;0;0;0;0;0;0;0;0;0;0;1703;0;0;10;0;49;0;
358;1350903;583348224;11087872;566456320;0;0;0;0;0;0;0;0;0;0;0;1914;0;0;10;0;49;0;
359;1580704;583348224;11087872;566456320;0;0;0;0;0;0;0;0;0;0;0;1653;0;0;10;0;49;0;
360;1473413;583348224;11087872;566456320;0;0;0;0;0;0;0;0;0;0;0;1763;0;0;10;0;49;0;
361;1317000;583348224;11087872;566456320;0;0;0;0;0;0;0;0;0;0;0;1743;0;0;10;0;49;0;
362;1080286;583348224;11087872;566456320;0;0;0;0;0;0;0;0;0;0;0;1683;0;0;10;0;49;0;
363;1127174;583348224;11087872;566456320;0;0;0;0;0;0;0;0;0;0;0;1683;0;0;10;0;49;0;
364;1232702;583348224;11087872;566456320;0;0;0;0;0;0;0;0;0;0;0;1733;0;0;10;0;49;0;
365;1169864;583348224;11087872;566456320;0;0;0;0;0;0;0;0;0;0;0;1713;0;0;10;0;49;0;
366;2045496;583315456;10817536;566185984;0;0;0;0;0;0;0;0;0;0;0;1814;0;0;10;0;49;0;
367;1065057;583315456;10817536;566185984;0;0;0;0;0;0;0;0;0;0;0;2084;0;0;10;0;49;0;
368;1123828;583315456;10817536;566185984;0;0;0;0;0;0;0;0;0;0;0;1733;0;0;10;0;49;0;
369;1131211;583315456;10817536;566185984;0;0;0;0;0;0;0;0;0;0;0;1773;0;0;10;0;49;0;
370;885932;583315456;10817536;566185984;0;0;0;0;0;0;0;0;0;0;0;1763;0;0;10;0;49;0;
371;1479895;583315456;10817536;566185984;0;0;0;0;0;0;0;0;0;0;0;2014;0;0;10;0;49;0;
372;974638;583315456;10817536;566185984;0;0;0;0;0;0;0;0;0;0;0;2134;0;0;10;0;49;0;
373;1238001;583315456;10817536;566185984;0;0;0;0;0;0;0;0;0;0;0;2033;0;0;10;0;49;0;
374;1857053;583315456;10817536;566185984;0;0;0;0;0;0;0;0;0;0;0;1944;0;0;10;0;49;0;
375;1391009;583315456;10817536;566185984;0;0;0;0;0;0;0;0;0;0;0;1924;0;0;10;0;49;0;
376;1518798;583315456;10817536;566185984;0;0;0;0;0;0;0;0;0;0;0;1673;0;0;10;0;49;0;
377;1145578;583315456;10817536;566185984;0;0;0;0;0;0;0;0;0;0;0;1723;0;0;10;0;49;0;
378;1291592;583315456;10817536;566185984;0;0;0;0;0;0;0;0;0;0;0;1563;0;0;10;0;49;0;
379;928801;583315456;10817536;566185984;0;0;0;0;0;0;0;0;0;0;0;1854;0;0;10;0;49;0;
380;1145148;583315456;10817536;566185984;0;0;0;0;0;0;0;0;0;0;0;1874;0;0;10;0;49;0;
381;1137563;583315456;10817536;566185984;0;0;0;0;0;0;0;0;0;0;0;1864;0;0;10;0;49;0;
382;971972;583315456;10817536;566185984;0;0;0;0;0;0;0;0;0;0;0;1724;0;0;10;0;49;0;
383;869761;583315456;10817536;566185984;0;0;0;0;0;0;0;0;0;0;0;1683;0;0;10;0;49;0;
384;1224426;583315456;10817536;566185984;0;0;0;0;0;0;0;0;0;0;0;1713;0;0;10;0;49;0;
385;893917;583315456;10817536;566185984;0;0;0;0;0;0;0;0;0;0;0;1653;0;0;10;0;49;0;
386;966533;583315456;10817536;566185984;0;0;0;0;0;0;0;0;0;0;0;1723;0;0;10;0;49;0;
387;968897;583315456;10817536;566185984;0;0;0;0;0;0;0;0;0;0;0;1703;0;0;10;0;49;0;
388;993162;583315456;10817536;566185984;0;0;0;0;0;0;0;0;0;0;0;1653;0;0;10;0;49;0;
389;1758818;583315456;10817536;566185984;0;0;0;0;0;0;0;0;0;0;0;1663;0;0;10;0;49;0;
390;1807290;583315456;10817536;566185984;0;0;0;0;0;0;0;0;0;0;0;1753;0;0;10;0;49;0;
391;1213225;583315456;10817536;566185984;0;0;0;0;0;0;0;0;0;0;0;1783;0;0;10;0;49;0;
392;2106340;583294976;10571776;565940224;0;0;0;0;0;0;0;0;0;0;0;1934;0;0;10;0;49;0;
393;1164154;583294976;10571776;565940224;0;0;0;0;0;0;0;0;0;0;0;2084;0;0;10;0;49;0;
394;961082;583294976;10571776;565940224;0;0;0;0;0;0;0;0;0;0;0;1733;0;0;10;0;49;0;
395;906680;583294976;10571776;565940224;0;0;0;0;0;0;0;0;0;0;0;2094;0;0;10;0;49;0;
396;836408;583294976;10571776;565940224;0;0;0;0;0;0;0;0;0;0;0;2034;0;0;10;0;49;0;
397;975159;583294976;10571776;565940224;0;0;0;0;0;0;0;0;0;0;0;1673;0;0;10;0;49;0;
398;1312411;583294976;10571776;565940224;0;0;0;0;0;0;0;0;0;0;0;2755;0;0;10;0;50;0;
399;1030673;583294976;10571776;565940224;0;0;0;0;0;0;0;0;0;0;0;1993;0;0;10;0;50;0;
400;1219647;583294976;10571776;565940224;0;0;0;0;0;0;0;0;0;0;0;85450;0;0;10;0;50;0;
401;1524229;583294976;10571776;565940224;0;0;0;0;0;0;0;0;0;0;0;1713;0;0;10;0;50;0;
402;1862343;583294976;10571776;565940224;0;0;0;0;0;0;0;0;0;0;0;1724;0;0;10;0;50;0;
403;2265038;587489280;10571776;582717440;0;0;0;0;0;0;0;0;0;0;0;2024;0;0;10;0;50;0;
404;1204749;587489280;10571776;582717440;0;0;0;0;0;0;0;0;0;0;0;1503;0;0;10;0;50;0;
405;1173330;587489280;10571776;582717440;0;0;0;0;0;0;0;0;0;0;0;1402;0;0;10;0;50;0;
406;889448;587489280;10571776;582717440;0;0;0;0;0;0;0;0;0;0;0;1453;0;0;10;0;50;0;
407;963337;587489280;10571776;582717440;0;0;0;0;0;0;0;0;0;0;0;1443;0;0;10;0;50;0;
408;925125;587489280;10571776;582717440;0;0;0;0;0;0;0;0;0;0;0;1433;0;0;10;0;50;0;
409;874170;587489280;10571776;582717440;0;0;0;0;0;0;0;0;0;0;0;1403;0;0;10;0;50;0;
410;835136;588275712;10571776;582717440;0;0;0;0;0;0;0;0;0;0;0;1443;0;0;10;0;50;0;
411;2448682;592629760;10571776;582717440;0;0;0;0;0;0;0;0;0;0;0;1874;0;0;11;0;50;0;
412;1272166;592629760;10571776;582717440;0;0;0;0;0;0;0;0;0;0;0;1723;0;0;11;0;50;0;
413;759685;592629760;10571776;582717440;0;0;0;0;0;0;0;0;0;0;0;1313;0;0;11;0;50;0;
414;1283898;592629760;10571776;582717440;0;0;0;0;0;0;0;0;0;0;0;1423;0;0;11;0;50;0;
415;1598517;592900096;10571776;582717440;0;0;0;0;0;0;0;0;0;0;0;1443;0;0;11;0;50;0;
416;1159935;592900096;10571776;582717440;0;0;0;0;0;0;0;0;0;0;0;1483;0;0;11;0;50;0;
417;4366769;592900096;10571776;582717440;0;0;0;0;0;0;0;0;0;0;0;1633;0;0;11;0;50;0;
418;2367460;593059840;10489856;582635520;0;0;0;0;0;0;0;0;0;0;0;1372;0;0;11;0;50;0;
419;1151319;593059840;10489856;582635520;0;0;0;0;0;0;0;0;0;0;0;1894;0;0;11;0;50;0;
420;2958418;597106688;10489856;582635520;0;0;0;0;0;0;0;0;0;0;0;2555;0;0;12;0;50;0;
421;1757485;597106688;10489856;582635520;0;0;0;0;0;0;0;0;0;0;0;1964;0;0;12;0;50;0;
422;1181085;597106688;10489856;582635520;0;0;0;0;0;0;0;0;0;0;0;1493;0;0;12;0;50;0;
423;1246548;597106688;10489856;582635520;0;0;0;0;0;0;0;0;0;0;0;1723;0;0;12;0;50;0;
424;1428940;597106688;10489856;582635520;0;0;0;0;0;0;0;0;0;0;0;1904;0;0;12;0;50;0;
425;1098210;597106688;10489856;582635520;0;0;0;0;0;0;0;0;0;0;0;1964;0;0;12;0;50;0;
426;1447735;597106688;10489856;582635520;0;0;0;0;0;0;0;0;0;0;0;1723;0;0;12;0;50;0;
427;1429772;597106688;10489856;582635520;0;0;0;0;0;0;0;0;0;0;0;1774;0;0;12;0;50;0;
428;1367064;597106688;10489856;582635520;0;0;0;0;0;0;0;0;0;0;0;1724;0;0;12;0;50;0;
429;1568130;597377024;10489856;582635520;0;0;0;0;0;0;0;0;0;0;0;1744;0;0;12;0;50;0;
430;915747;597377024;10489856;582635520;0;0;0;0;0;0;0;0;0;0;0;1834;0;0;12;0;50;0;
431;3384467;601427968;10489856;582635520;0;0;0;0;0;0;0;0;0;0;0;2254;0;0;13;0;50;0;
432;1311540;601698304;10489856;582635520;0;0;0;0;0;0;0;0;0;0;0;1763;0;0;13;0;50;0;
433;1168732;601698304;10489856;582635520;0;0;0;0;0;0;0;0;0;0;0;2034;0;0;13;0;50;0;
434;1423830;601698304;10489856;582635520;0;0;0;0;0;0;0;0;0;0;0;1803;0;0;13;0;50;0;
435;2074741;601968640;10489856;582635520;0;0;0;0;0;0;0;0;0;0;0;1453;0;0;13;0;50;0;
436;1410786;601968640;10489856;582635520;0;0;0;0;0;0;0;0;0;0;0;1623;0;0;13;0;50;0;
437;1366563;602234880;10489856;582635520;0;0;0;0;0;0;0;0;0;0;0;1743;0;0;13;0;50;0;
438;1196924;602234880;10489856;582635520;0;0;0;0;0;0;0;0;0;0;0;1613;0;0;13;0;50;0;
439;1119410;602234880;10489856;582635520;0;0;0;0;0;0;0;0;0;0;0;1402;0;0;13;0;50;0;
440;1572839;602234880;10489856;582635520;0;0;0;0;0;0;0;0;0;0;0;1392;0;0;13;0;50;0;
441;1976487;602300416;10375168;582520832;0;0;0;0;0;0;0;0;0;0;0;1453;0;0;13;0;50;0;
442;2832231;608591872;10375168;599298048;0;0;0;0;0;0;0;0;0;0;0;2244;0;0;14;0;50;0;
443;1402029;608591872;10375168;599298048;0;0;0;0;0;0;0;0;0;0;0;1563;0;0;14;0;50;0;
444;1332099;608591872;10375168;599298048;0;0;0;0;0;0;0;0;0;0;0;1372;0;0;14;0;50;0;
445;1037526;608591872;10375168;599298048;0;0;0;0;0;0;0;0;0;0;0;1292;0;0;14;0;50;0;
446;1669140;608591872;10375168;599298048;0;0;0;0;0;0;0;0;0;0;0;1754;0;0;14;0;50;0;
447;1607956;608591872;10375168;599298048;0;0;0;0;0;0;0;0;0;0;0;1864;0;0;14;0;50;0;
448;1603848;608591872;10375168;599298048;0;0;0;0;0;0;0;0;0;0;0;1493;0;0;14;0;50;0;
449;1276514;608591872;10375168;599298048;0;0;0;0;0;0;0;0;0;0;0;1974;0;0;14;0;50;0;
450;1299347;608591872;10375168;599298048;0;0;0;0;0;0;0;0;0;0;0;1944;0;0;14;0;50;0;
451;1140308;608591872;10375168;599298048;0;0;0;0;0;0;0;0;0;0;0;1894;0;0;14;0;50;0;
452;1112316;608591872;10375168;599298048;0;0;0;0;0;0;0;0;0;0;0;1713;0;0;14;0;50;0;
453;1252288;608591872;10375168;599298048;0;0;0;0;0;0;0;0;0;0;0;1764;0;0;14;0;50;0;
454;1529128;608591872;10375168;599298048;0;0;0;0;0;0;0;0;0;0;0;1763;0;0;14;0;50;0;
455;1298685;608591872;10375168;599298048;0;0;0;0;0;0;0;0;0;0;0;2004;0;0;14;0;50;0;
456;953769;608591872;10375168;599298048;0;0;0;0;0;0;0;0;0;0;0;1883;0;0;14;0;50;0;
457;1098239;608591872;10375168;599298048;0;0;0;0;0;0;0;0;0;0;0;2064;0;0;14;0;50;0;
458;1020664;608591872;10375168;599298048;0;0;0;0;0;0;0;0;0;0;0;1723;0;0;14;0;50;0;
459;958197;608591872;10375168;599298048;0;0;0;0;0;0;0;0;0;0;0;1673;0;0;14;0;50;0;
460;1060679;608591872;10375168;599298048;0;0;0;0;0;0;0;0;0;0;0;1764;0;0;14;0;50;0;
461;1081217;608591872;10375168;599298048;0;0;0;0;0;0;0;0;0;0;0;1713;0;0;14;0;50;0;
462;1013441;608591872;10375168;599298048;0;0;0;0;0;0;0;0;0;0;0;1683;0;0;14;0;50;0;
463;2034365;608591872;10375168;599298048;0;0;0;0;0;0;0;0;0;0;0;2094;0;0;14;0;50;0;
464;1609319;608591872;10375168;599298048;0;0;0;0;0;0;0;0;0;0;0;1964;0;0;14;0;50;0;
465;1302012;608829440;10375168;599298048;0;0;0;0;0;0;0;0;0;0;0;1703;0;0;14;0;50;0;
466;1289759;608829440;10375168;599298048;0;0;0;0;0;0;0;0;0;0;0;2024;0;0;14;0;50;0;
467;2683472;615120896;10375168;616075264;0;0;0;0;0;0;0;0;0;0;0;2915;0;0;15;0;50;0;
468;1219377;615120896;10375168;616075264;0;0;0;0;0;0;0;0;0;0;0;1933;0;0;15;0;50;0;
469;1637722;615120896;10375168;616075264;0;0;0;0;0;0;0;0;0;0;0;1913;0;0;15;0;50;0;
470;1294428;615120896;10375168;616075264;0;0;0;0;0;0;0;0;0;0;0;2104;0;0;15;0;50;0;
471;1991345;615120896;10375168;616075264;0;0;0;0;0;0;0;0;0;0;0;1733;0;0;15;0;50;0;
472;1635237;615120896;10375168;616075264;0;0;0;0;0;0;0;0;0;0;0;1703;0;0;15;0;50;0;
473;1331237;615120896;10375168;616075264;0;0;0;0;0;0;0;0;0;0;0;1643;0;0;15;0;50;0;
474;1392011;615120896;10375168;616075264;0;0;0;0;0;0;0;0;0;0;0;2094;0;0;15;0;50;0;
475;1006097;615120896;10375168;616075264;0;0;0;0;0;0;0;0;0;0;0;2034;0;0;15;0;50;0;
476;1054558;615120896;10375168;616075264;0;0;0;0;0;0;0;0;0;0;0;1844;0;0;15;0;50;0;
477;1049318;615120896;10375168;616075264;0;0;0;0;0;0;0;0;0;0;0;1743;0;0;15;0;50;0;
478;1087770;615120896;10375168;616075264;0;0;0;0;0;0;0;0;0;0;0;1463;0;0;15;0;50;0;
479;3034481;619352064;10375168;616075264;0;0;0;0;0;0;0;0;0;0;0;1703;0;0;16;0;50;0;
480;1040852;619352064;10375168;616075264;0;0;0;0;0;0;0;0;0;0;0;1453;0;0;16;0;50;0;
481;1175164;619352064;10375168;616075264;0;0;0;0;0;0;0;0;0;0;0;1432;0;0;16;0;50;0;
482;750608;619352064;10375168;616075264;0;0;0;0;0;0;0;0;0;0;0;1383;0;0;16;0;50;0;
483;925546;619352064;10375168;616075264;0;0;0;0;0;0;0;0;0;0;0;1392;0;0;16;0;50;0;
484;1489223;619507712;10326016;616026112;0;0;0;0;0;0;0;0;0;0;0;1503;0;0;16;0;50;0;
485;1132463;619507712;10326016;616026112;0;0;0;0;0;0;0;0;0;0;0;1392;0;0;16;0;50;0;
486;933761;619507712;10326016;616026112;0;0;0;0;0;0;0;0;0;0;0;1543;0;0;16;0;50;0;
487;1031214;619507712;10326016;616026112;0;0;0;0;0;0;0;0;0;0;0;1884;0;0;16;0;50;0;
488;997812;619507712;10326016;616026112;0;0;0;0;0;0;0;0;0;0;0;1523;0;0;16;0;50;0;
489;965460;619507712;10326016;616026112;0;0;0;0;0;0;0;0;0;0;0;1433;0;0;16;0;50;0;
490;1070888;619507712;10326016;616026112;0;0;0;0;0;0;0;0;0;0;0;1422;0;0;16;0;50;0;
491;1036413;619507712;10326016;616026112;0;0;0;0;0;0;0;0;0;0;0;1402;0;0;16;0;50;0;
492;998843;619507712;10326016;616026112;0;0;0;0;0;0;0;0;0;0;0;1543;0;0;16;0;50;0;
493;2298461;625799168;10326016;632803328;0;0;0;0;0;0;0;0;0;0;0;1673;0;0;17;0;50;0;
494;1276734;625799168;10326016;632803328;0;0;0;0;0;0;0;0;0;0;0;1393;0;0;17;0;50;0;
495;886923;625799168;10326016;632803328;0;0;0;0;0;0;0;0;0;0;0;1734;0;0;17;0;50;0;
496;977172;625799168;10326016;632803328;0;0;0;0;0;0;0;0;0;0;0;1372;0;0;17;0;50;0;
497;1035673;625799168;10326016;632803328;0;0;0;0;0;0;0;0;0;0;0;1543;0;0;17;0;50;0;
498;1465729;625799168;10326016;632803328;0;0;0;0;0;0;0;0;0;0;0;1382;0;0;17;0;50;0;
499;1005225;625799168;10326016;632803328;0;0;0;0;0;0;0;0;0;0;0;1533;0;0;17;0;50;0;
500;994846;625799168;10326016;632803328;0;0;0;0;0;0;0;0;0;0;0;1583;0;0;17;0;50;0;
501;916308;625799168;10326016;632803328;0;0;0;0;0;0;0;0;0;0;0;1413;0;0;17;0;50;0;
502;1016065;625799168;10326016;632803328;0;0;0;0;0;0;0;0;0;0;0;1603;0;0;17;0;50;0;
503;1097368;625799168;10326016;632803328;0;0;0;0;0;0;0;0;0;0;0;1393;0;0;17;0;50;0;
504;1583400;625799168;10326016;632803328;0;0;0;0;0;0;0;0;0;0;0;1432;0;0;17;0;50;0;
505;997812;625799168;10326016;632803328;0;0;0;0;0;0;0;0;0;0;0;1172;0;0;17;0;50;0;
506;962394;625799168;10326016;632803328;0;0;0;0;0;0;0;0;0;0;0;1432;0;0;17;0;50;0;
507;3237832;629829632;10326016;632803328;0;0;0;0;0;0;0;0;0;0;0;1773;0;0;18;0;50;0;
508;1321248;629829632;10326016;632803328;0;0;0;0;0;0;0;0;0;0;0;1433;0;0;18;0;50;0;
509;1055540;629829632;10326016;632803328;0;0;0;0;0;0;0;0;0;0;0;1512;0;0;18;0;50;0;
510;868108;629829632;10326016;632803328;0;0;0;0;0;0;0;0;0;0;0;1542;0;0;18;0;50;0;
511;878327;629829632;10326016;632803328;0;0;0;0;0;0;0;0;0;0;0;1433;0;0;18;0;50;0;
512;1186476;629829632;10326016;632803328;0;0;0;0;0;0;0;0;0;0;0;1452;0;0;18;0;50;0;
513;1124769;629829632;10326016;632803328;0;0;0;0;0;0;0;0;0;0;0;1733;0;0;18;0;50;0;
514;799630;629829632;10326016;632803328;0;0;0;0;0;0;0;0;0;0;0;1412;0;0;18;0;50;0;
515;824145;629829632;10326016;632803328;0;0;0;0;0;0;0;0;0;0;0;1473;0;0;18;0;50;0;
516;892323;629829632;10326016;632803328;0;0;0;0;0;0;0;0;0;0;0;1423;0;0;18;0;50;0;
517;1066520;629829632;10326016;632803328;0;0;0;0;0;0;0;0;0;0;0;1413;0;0;18;0;50;0;
518;802295;629829632;10326016;632803328;0;0;0;0;0;0;0;0;0;0;0;1463;0;0;18;0;50;0;
519;1192256;629829632;10326016;632803328;0;0;0;0;0;0;0;0;0;0;0;1463;0;0;18;0;50;0;
520;816742;629829632;10326016;632803328;0;0;0;0;0;0;0;0;0;0;0;1423;0;0;18;0;50;0;
521;1643773;629829632;10326016;632803328;0;0;0;0;0;0;0;0;0;0;0;1423;0;0;18;0;50;0;
522;2205075;634081280;10326016;632803328;0;0;0;0;0;0;0;0;0;0;0;1864;0;0;19;0;50;0;
523;1229275;634081280;10326016;632803328;0;0;0;0;0;0;0;0;0;0;0;1593;0;0;19;0;50;0;
524;2042069;634081280;10326016;632803328;0;0;0;0;0;0;0;0;0;0;0;1383;0;0;19;0;50;0;
525;1516084;634081280;10326016;632803328;0;0;0;0;0;0;0;0;0;0;0;3126;0;0;19;0;50;0;
526;1173802;634081280;10326016;632803328;0;0;0;0;0;0;0;0;0;0;0;1723;0;0;19;0;50;0;
527;1518849;634081280;10326016;632803328;0;0;0;0;0;0;0;0;0;0;0;1634;0;0;19;0;50;0;
528;1527364;634081280;10326016;632803328;0;0;0;0;0;0;0;0;0;0;0;1733;0;0;19;0;50;0;
529;1362596;634081280;10326016;632803328;0;0;0;0;0;0;0;0;0;0;0;1783;0;0;19;0;50;0;
530;1382252;634081280;10326016;632803328;0;0;0;0;0;0;0;0;0;0;0;1703;0;0;19;0;50;0;
531;1278377;634081280;10326016;632803328;0;0;0;0;0;0;0;0;0;0;0;1603;0;0;19;0;50;0;
532;1010425;634081280;10326016;632803328;0;0;0;0;0;0;0;0;0;0;0;1583;0;0;19;0;50;0;
533;1132394;634081280;10326016;632803328;0;0;0;0;0;0;0;0;0;0;0;1693;0;0;19;0;50;0;
534;884548;634081280;10326016;632803328;0;0;0;0;0;0;0;0;0;0;0;1473;0;0;19;0;50;0;
535;1780158;634081280;10326016;632803328;0;0;0;0;0;0;0;0;0;0;0;1523;0;0;19;0;50;0;
536;1125250;634081280;10326016;632803328;0;0;0;0;0;0;0;0;0;0;0;1734;0;0;19;0;50;0;
537;1005416;634081280;10326016;632803328;0;0;0;0;0;0;0;0;0;0;0;1613;0;0;19;0;50;0;
538;1005896;634081280;10326016;632803328;0;0;0;0;0;0;0;0;0;0;0;1623;0;0;19;0;50;0;
539;1137293;634081280;10326016;632803328;0;0;0;0;0;0;0;0;0;0;0;1813;0;0;19;0;50;0;
540;1309496;634458112;10326016;632803328;0;0;0;0;0;0;0;0;0;0;0;1804;0;0;19;0;50;0;
541;809238;634458112;10326016;632803328;0;0;0;0;0;0;0;0;0;0;0;1673;0;0;19;0;50;0;
542;970841;634458112;10326016;632803328;0;0;0;0;0;0;0;0;0;0;0;1723;0;0;19;0;50;0;
543;1858445;634458112;10326016;632803328;0;0;0;0;0;0;0;0;0;0;0;1643;0;0;19;0;50;0;
544;1564444;634458112;10326016;632803328;0;0;0;0;0;0;0;0;0;0;0;1572;0;0;19;0;50;0;
545;941596;634458112;10326016;632803328;0;0;0;0;0;0;0;0;0;0;0;1664;0;0;19;0;50;0;
546;819526;634458112;10326016;632803328;0;0;0;0;0;0;0;0;0;0;0;1633;0;0;19;0;50;0;
547;3102148;638705664;10326016;632803328;0;0;0;0;0;0;0;0;0;0;0;2454;0;0;20;0;50;0;
548;1519320;638705664;10326016;632803328;0;0;0;0;0;0;0;0;0;0;0;1763;0;0;20;0;50;0;
549;957937;638705664;10326016;632803328;0;0;0;0;0;0;0;0;0;0;0;1573;0;0;20;0;50;0;
550;864491;638705664;10326016;632803328;0;0;0;0;0;0;0;0;0;0;0;1833;0;0;20;0;50;0;
551;2013746;638705664;10326016;632803328;0;0;0;0;0;0;0;0;0;0;0;1683;0;0;20;0;50;0;
552;965541;638705664;10326016;632803328;0;0;0;0;0;0;0;0;0;0;0;1724;0;0;20;0;50;0;
553;978435;638705664;10326016;632803328;0;0;0;0;0;0;0;0;0;0;0;1644;0;0;20;0;50;0;
554;1277676;638705664;10326016;632803328;0;0;0;0;0;0;0;0;0;0;0;1644;0;0;20;0;50;0;
555;1778345;638705664;10326016;632803328;0;0;0;0;0;0;0;0;0;0;0;1613;0;0;20;0;50;0;
556;1779738;638705664;10326016;632803328;0;0;0;0;0;0;0;0;0;0;0;1783;0;0;20;0;50;0;
557;1169202;638705664;10326016;632803328;0;0;0;0;0;0;0;0;0;0;0;1863;0;0;20;0;50;0;
558;3716270;644997120;10326016;649580544;0;0;0;0;0;0;0;0;0;0;0;2936;0;0;21;0;50;0;
559;1499983;644997120;10326016;649580544;0;0;0;0;0;0;0;0;0;0;0;1894;0;0;21;0;50;0;
560;1424000;644997120;10326016;649580544;0;0;0;0;0;0;0;0;0;0;0;1633;0;0;21;0;50;0;
561;2513213;645136384;10264576;649519104;0;0;0;0;0;0;0;0;0;0;0;1343;0;0;21;0;50;0;
562;1458967;645136384;10264576;649519104;0;0;0;0;0;0;0;0;0;0;0;1783;0;0;21;0;50;0;
563;1306220;645136384;10264576;649519104;0;0;0;0;0;0;0;0;0;0;0;1673;0;0;21;0;50;0;
564;2382187;645136384;10264576;649519104;0;0;0;0;0;0;0;0;0;0;0;1633;0;0;21;0;50;0;
565;1556809;645136384;10264576;649519104;0;0;0;0;0;0;0;0;0;0;0;1573;0;0;21;0;50;0;
566;3230649;649117696;10264576;649519104;0;0;0;0;0;0;0;0;0;0;0;1703;0;0;22;0;50;0;
567;1239545;649117696;10264576;649519104;0;0;0;0;0;0;0;0;0;0;0;1753;0;0;22;0;50;0;
568;2022152;649117696;10264576;649519104;0;0;0;0;0;0;0;0;0;0;0;1793;0;0;22;0;50;0;
569;1571838;649117696;10264576;649519104;0;0;0;0;0;0;0;0;0;0;0;1543;0;0;22;0;50;0;
570;1255474;649117696;10264576;649519104;0;0;0;0;0;0;0;0;0;0;0;1663;0;0;22;0;50;0;
571;1323522;649117696;10264576;649519104;0;0;0;0;0;0;0;0;0;0;0;1743;0;0;22;0;50;0;
572;1248071;649383936;10264576;649519104;0;0;0;0;0;0;0;0;0;0;0;1803;0;0;22;0;50;0;
573;1542883;649383936;10264576;649519104;0;0;0;0;0;0;0;0;0;0;0;1573;0;0;22;0;50;0;
574;1389386;649383936;10264576;649519104;0;0;0;0;0;0;0;0;0;0;0;1453;0;0;22;0;50;0;
575;1132514;649383936;10264576;649519104;0;0;0;0;0;0;0;0;0;0;0;1653;0;0;22;0;50;0;
576;1967600;649383936;10264576;649519104;0;0;0;0;0;0;0;0;0;0;0;1403;0;0;22;0;50;0;
577;2917842;655675392;10264576;666296320;0;0;0;0;0;0;0;0;0;0;0;2495;0;0;23;0;50;0;
578;1695590;655675392;10264576;666296320;0;0;0;0;0;0;0;0;0;0;0;1753;0;0;23;0;50;0;
579;2117702;655851520;10260480;666292224;0;0;0;0;0;0;0;0;0;0;0;1553;0;0;23;0;50;0;
580;1129708;655851520;10260480;666292224;0;0;0;0;0;0;0;0;0;0;0;1923;0;0;23;0;50;0;
581;1183430;655851520;10260480;666292224;0;0;0;0;0;0;0;0;0;0;0;1864;0;0;23;0;50;0;
582;1262908;655851520;10260480;666292224;0;0;0;0;0;0;0;0;0;0;0;1763;0;0;23;0;50;0;
583;1549887;655851520;10260480;666292224;0;0;0;0;0;0;0;0;0;0;0;1953;0;0;23;0;50;0;
584;1591375;655851520;10260480;666292224;0;0;0;0;0;0;0;0;0;0;0;1724;0;0;23;0;50;0;
585;1146840;655851520;10260480;666292224;0;0;0;0;0;0;0;0;0;0;0;1873;0;0;23;0;50;0;
586;4125256;659902464;10260480;666292224;0;0;0;0;0;0;0;0;0;0;0;2064;0;0;24;0;50;0;
587;2874772;659902464;10260480;666292224;0;0;0;0;0;0;0;0;0;0;0;2235;0;0;24;0;50;0;
588;1683938;659902464;10260480;666292224;0;0;0;0;0;0;0;0;0;0;0;1573;0;0;24;0;50;0;
589;1331447;659902464;10260480;666292224;0;0;0;0;0;0;0;0;0;0;0;1964;0;0;24;0;50;0;
590;1648712;659902464;10260480;666292224;0;0;0;0;0;0;0;0;0;0;0;2074;0;0;24;0;50;0;
591;1556378;659902464;10260480;666292224;0;0;0;0;0;0;0;0;0;0;0;1723;0;0;24;0;50;0;
592;1565416;659902464;10260480;666292224;0;0;0;0;0;0;0;0;0;0;0;1733;0;0;24;0;50;0;
593;1752256;659902464;10260480;666292224;0;0;0;0;0;0;0;0;0;0;0;1874;0;0;24;0;50;0;
594;3464728;664154112;10260480;666292224;0;0;0;0;0;0;0;0;0;0;0;2124;0;0;25;0;50;0;
595;1477050;664154112;10260480;666292224;0;0;0;0;0;0;0;0;0;0;0;1823;0;0;25;0;50;0;
596;3580855;664182784;10186752;666218496;0;0;0;0;0;0;0;0;0;0;0;1824;0;0;25;0;50;0;
597;1503750;664182784;10186752;666218496;0;0;0;0;0;0;0;0;0;0;0;1663;0;0;25;0;50;0;
598;1597175;664182784;10186752;666218496;0;0;0;0;0;0;0;0;0;0;0;1743;0;0;25;0;50;0;
599;1256316;664182784;10186752;666218496;0;0;0;0;0;0;0;0;0;0;0;1773;0;0;25;0;50;0;
600;1085435;664182784;10186752;666218496;0;0;0;0;0;0;0;0;0;0;0;1813;0;0;25;0;50;0;
601;1182438;664182784;10186752;666218496;0;0;0;0;0;0;0;0;0;0;0;1804;0;0;25;0;50;0;
602;1307643;664182784;10186752;666218496;0;0;0;0;0;0;0;0;0;0;0;1964;0;0;25;0;50;0;
603;3499933;668155904;10186752;666218496;0;0;0;0;0;0;0;0;0;0;0;1753;0;0;26;0;50;0;
604;1344091;668155904;10186752;666218496;0;0;0;0;0;0;0;0;0;0;0;1703;0;0;26;0;50;0;
605;1406338;668155904;10186752;666218496;0;0;0;0;0;0;0;0;0;0;0;1653;0;0;26;0;50;0;
606;1412599;668155904;10186752;666218496;0;0;0;0;0;0;0;0;0;0;0;1854;0;0;26;0;50;0;
607;1224376;668155904;10186752;666218496;0;0;0;0;0;0;0;0;0;0;0;1693;0;0;26;0;50;0;
608;1056391;668155904;10186752;666218496;0;0;0;0;0;0;0;0;0;0;0;1413;0;0;26;0;50;0;
609;1374839;668426240;10186752;666218496;0;0;0;0;0;0;0;0;0;0;0;1914;0;0;26;0;50;0;
610;1371663;668426240;10186752;666218496;0;0;0;0;0;0;0;0;0;0;0;1843;0;0;26;0;50;0;
611;1807500;668426240;10186752;666218496;0;0;0;0;0;0;0;0;0;0;0;2194;0;0;26;0;50;0;
612;1768266;668426240;10186752;666218496;0;0;0;0;0;0;0;0;0;0;0;2335;0;0;26;0;50;0;
613;5527235;672575488;10182656;666214400;0;0;0;0;0;0;0;0;0;0;0;2414;0;0;27;0;50;0;
614;1456111;672575488;10182656;666214400;0;0;0;0;0;0;0;0;0;0;0;2064;0;0;27;0;50;0;
615;1355622;672575488;10182656;666214400;0;0;0;0;0;0;0;0;0;0;0;1733;0;0;27;0;50;0;
616;1196574;672575488;10182656;666214400;0;0;0;0;0;0;0;0;0;0;0;2114;0;0;27;0;50;0;
617;1531322;672575488;10182656;666214400;0;0;0;0;0;0;0;0;0;0;0;1774;0;0;27;0;50;0;
618;1308243;672575488;10182656;666214400;0;0;0;0;0;0;0;0;0;0;0;1954;0;0;27;0;50;0;
619;1026335;672575488;10182656;666214400;0;0;0;0;0;0;0;0;0;0;0;1864;0;0;27;0;50;0;
620;1948424;672575488;10182656;666214400;0;0;0;0;0;0;0;0;0;0;0;2144;0;0;27;0;50;0;
621;2245341;672575488;10182656;666214400;0;0;0;0;0;0;0;0;0;0;0;1693;0;0;27;0;50;0;
622;4455926;678866944;10182656;682991616;0;0;0;0;0;0;0;0;0;0;0;2505;0;0;28;0;50;0;
623;2083868;678866944;10182656;682991616;0;0;0;0;0;0;0;0;0;0;0;1903;0;0;28;0;50;0;
624;1243512;678866944;10182656;682991616;0;0;0;0;0;0;0;0;0;0;0;1834;0;0;28;0;50;0;
625;1312261;678866944;10182656;682991616;0;0;0;0;0;0;0;0;0;0;0;1924;0;0;28;0;50;0;
626;1311670;678866944;10182656;682991616;0;0;0;0;0;0;0;0;0;0;0;1583;0;0;28;0;50;0;
627;1301200;678866944;10182656;682991616;0;0;0;0;0;0;0;0;0;0;0;2384;0;0;28;0;50;0;
628;1317812;678866944;10182656;682991616;0;0;0;0;0;0;0;0;0;0;0;1924;0;0;28;0;50;0;
629;1474094;678866944;10182656;682991616;0;0;0;0;0;0;0;0;0;0;0;1793;0;0;28;0;50;0;
630;2444845;678866944;10182656;682991616;0;0;0;0;0;0;0;0;0;0;0;1623;0;0;28;0;50;0;
631;1522355;678866944;10182656;682991616;0;0;0;0;0;0;0;0;0;0;0;1743;0;0;28;0;50;0;
632;1426065;678866944;10182656;682991616;0;0;0;0;0;0;0;0;0;0;0;1563;0;0;28;0;50;0;
633;1271945;678866944;10182656;682991616;0;0;0;0;0;0;0;0;0;0;0;1613;0;0;28;0;50;0;
634;1380328;678866944;10182656;682991616;0;0;0;0;0;0;0;0;0;0;0;1543;0;0;28;0;50;0;
635;1536772;678866944;10182656;682991616;0;0;0;0;0;0;0;0;0;0;0;1783;0;0;28;0;50;0;
636;1282275;678866944;10182656;682991616;0;0;0;0;0;0;0;0;0;0;0;1613;0;0;28;0;50;0;
637;1362596;678866944;10182656;682991616;0;0;0;0;0;0;0;0;0;0;0;1593;0;0;28;0;50;0;
638;1245616;678866944;10182656;682991616;0;0;0;0;0;0;0;0;0;0;0;1694;0;0;28;0;50;0;
639;1600803;678866944;10182656;682991616;0;0;0;0;0;0;0;0;0;0;0;1733;0;0;28;0;50;0;
640;1249123;678866944;10182656;682991616;0;0;0;0;0;0;0;0;0;0;0;1723;0;0;28;0;50;0;
641;1309936;678866944;10182656;682991616;0;0;0;0;0;0;0;0;0;0;0;1523;0;0;28;0;50;0;
642;3196334;683098112;10182656;682991616;0;0;0;0;0;0;0;0;0;0;0;1984;0;0;29;0;50;0;
643;1184771;683098112;10182656;682991616;0;0;0;0;0;0;0;0;0;0;0;1643;0;0;29;0;50;0;
644;1520401;683098112;10182656;682991616;0;0;0;0;0;0;0;0;0;0;0;1874;0;0;29;0;50;0;
645;2408757;683270144;13901824;686710784;0;0;0;0;0;0;0;0;0;0;0;1754;0;0;29;0;50;0;
646;1621982;683270144;13901824;686710784;0;0;0;0;0;0;0;0;0;0;0;1693;0;0;29;0;50;0;
647;1525291;683270144;13901824;686710784;0;0;0;0;0;0;0;0;0;0;0;1713;0;0;29;0;50;0;
648;1214778;683270144;13901824;686710784;0;0;0;0;0;0;0;0;0;0;0;1933;0;0;29;0;50;0;
649;1154375;683270144;13901824;686710784;0;0;0;0;0;0;0;0;0;0;0;1733;0;0;29;0;50;0;
650;1460609;683270144;13901824;686710784;0;0;0;0;0;0;0;0;0;0;0;1713;0;0;29;0;50;0;
651;4133753;687321088;13901824;686710784;0;0;0;0;0;0;0;0;0;0;0;2905;0;0;30;0;50;0;
652;1098931;687321088;13901824;686710784;0;0;0;0;0;0;0;0;0;0;0;1703;0;0;30;0;50;0;
653;1338680;687321088;13901824;686710784;0;0;0;0;0;0;0;0;0;0;0;1483;0;0;30;0;50;0;
654;1456842;687321088;13901824;686710784;0;0;0;0;0;0;0;0;0;0;0;1703;0;0;30;0;50;0;
655;1363647;687321088;13901824;686710784;0;0;0;0;0;0;0;0;0;0;0;1743;0;0;30;0;50;0;
656;1016707;687321088;13901824;686710784;0;0;0;0;0;0;0;0;0;0;0;1803;0;0;30;0;50;0;
657;1650535;687321088;13901824;686710784;0;0;0;0;0;0;0;0;0;0;0;1402;0;0;30;0;50;0;
658;1526232;687321088;13901824;686710784;0;0;0;0;0;0;0;0;0;0;0;1944;0;0;30;0;50;0;
659;1140529;687321088;13901824;686710784;0;0;0;0;0;0;0;0;0;0;0;1944;0;0;30;0;50;0;
660;1139978;687321088;13901824;686710784;0;0;0;0;0;0;0;0;0;0;0;2114;0;0;30;0;50;0;
661;2005341;687435776;13815808;686624768;0;0;0;0;0;0;0;0;0;0;0;1933;0;0;30;0;50;0;
662;1449017;687435776;13815808;686624768;0;0;0;0;0;0;0;0;0;0;0;1623;0;0;30;0;50;0;
663;1323251;687435776;13815808;686624768;0;0;0;0;0;0;0;0;0;0;0;1694;0;0;30;0;50;0;
664;1410997;687435776;13815808;686624768;0;0;0;0;0;0;0;0;0;0;0;2004;0;0;30;0;50;0;
665;1277636;687435776;13815808;686624768;0;0;0;0;0;0;0;0;0;0;0;1873;0;0;30;0;50;0;
666;1704847;687435776;13815808;686624768;0;0;0;0;0;0;0;0;0;0;0;1754;0;0;30;0;50;0;
667;1522685;687435776;13815808;686624768;0;0;0;0;0;0;0;0;0;0;0;1864;0;0;30;0;50;0;
668;1437085;687435776;13815808;686624768;0;0;0;0;0;0;0;0;0;0;0;2004;0;0;30;0;50;0;
669;1363066;687435776;13815808;686624768;0;0;0;0;0;0;0;0;0;0;0;1533;0;0;30;0;50;0;
670;1373556;687435776;13815808;686624768;0;0;0;0;0;0;0;0;0;0;0;1744;0;0;30;0;50;0;
671;1055490;687435776;13815808;686624768;0;0;0;0;0;0;0;0;0;0;0;1944;0;0;30;0;50;0;
672;1242260;687435776;13815808;686624768;0;0;0;0;0;0;0;0;0;0;0;1853;0;0;30;0;50;0;
673;1299547;687435776;13815808;686624768;0;0;0;0;0;0;0;0;0;0;0;2144;0;0;30;0;50;0;
674;1648722;687435776;13815808;686624768;0;0;0;0;0;0;0;0;0;0;0;1833;0;0;30;0;50;0;
675;1343700;687435776;13815808;686624768;0;0;0;0;0;0;0;0;0;0;0;1734;0;0;30;0;50;0;
676;2027132;687435776;13815808;686624768;0;0;0;0;0;0;0;0;0;0;0;1813;0;0;30;0;50;0;
677;2538540;687435776;13815808;686624768;0;0;0;0;0;0;0;0;0;0;0;1543;0;0;30;0;50;0;
678;1347046;687435776;13815808;686624768;0;0;0;0;0;0;0;0;0;0;0;1793;0;0;30;0;50;0;
679;1454417;687435776;13815808;686624768;0;0;0;0;0;0;0;0;0;0;0;1844;0;0;30;0;50;0;
680;1370169;687435776;13815808;686624768;0;0;0;0;0;0;0;0;0;0;0;1874;0;0;30;0;50;0;
681;1320126;687435776;13815808;686624768;0;0;0;0;0;0;0;0;0;0;0;1573;0;0;30;0;50;0;
682;1140158;687435776;13815808;686624768;0;0;0;0;0;0;0;0;0;0;0;1863;0;0;30;0;50;0;
683;1311881;687435776;13815808;686624768;0;0;0;0;0;0;0;0;0;0;0;2024;0;0;30;0;50;0;
684;1440181;687435776;13815808;686624768;0;0;0;0;0;0;0;0;0;0;0;1933;0;0;30;0;50;0;
685;2678433;687435776;13815808;686624768;0;0;0;0;0;0;0;0;0;0;0;1532;0;0;30;0;50;0;
686;1585213;687435776;13815808;686624768;0;0;0;0;0;0;0;0;0;0;0;2044;0;0;30;0;50;0;
687;1107898;687435776;13815808;686624768;0;0;0;0;0;0;0;0;0;0;0;1593;0;0;30;0;50;0;
688;1986976;687435776;13815808;686624768;0;0;0;0;0;0;0;0;0;0;0;1773;0;0;30;0;50;0;
689;1440582;687435776;13815808;686624768;0;0;0;0;0;0;0;0;0;0;0;1764;0;0;30;0;50;0;
690;1205371;687697920;13815808;686624768;0;0;0;0;0;0;0;0;0;0;0;1913;0;0;30;0;50;0;
691;2718698;687697920;13815808;686624768;0;0;0;0;0;0;0;0;0;0;0;1984;0;0;30;0;50;0;
692;1096136;687697920;13815808;686624768;0;0;0;0;0;0;0;0;0;0;0;1603;0;0;30;0;50;0;
693;1086667;687697920;13815808;686624768;0;0;0;0;0;0;0;0;0;0;0;1834;0;0;30;0;50;0;
694;1303515;687697920;13815808;686624768;0;0;0;0;0;0;0;0;0;0;0;1764;0;0;30;0;50;0;
695;1298565;687697920;13815808;686624768;0;0;0;0;0;0;0;0;0;0;0;1593;0;0;30;0;50;0;
696;1742037;687697920;13815808;686624768;0;0;0;0;0;0;0;0;0;0;0;1743;0;0;30;0;50;0;
697;1796469;691892224;13815808;703401984;0;0;0;0;0;0;0;0;0;0;0;1673;0;0;30;0;50;0;
698;1270122;691892224;13815808;703401984;0;0;0;0;0;0;0;0;0;0;0;1673;0;0;30;0;50;0;
699;1288527;691892224;13815808;703401984;0;0;0;0;0;0;0;0;0;0;0;1813;0;0;30;0;50;0;
700;1269871;692150272;13815808;703401984;0;0;0;0;0;0;0;0;0;0;0;1793;0;0;30;0;50;0;
701;1222142;692150272;13815808;703401984;0;0;0;0;0;0;0;0;0;0;0;1703;0;0;30;0;50;0;
702;1039699;692150272;13815808;703401984;0;0;0;0;0;0;0;0;0;0;0;1573;0;0;30;0;50;0;
703;1278928;692150272;13815808;703401984;0;0;0;0;0;0;0;0;0;0;0;1803;0;0;30;0;50;0;
704;1039419;692150272;13815808;703401984;0;0;0;0;0;0;0;0;0;0;0;1903;0;0;30;0;50;0;
705;3189903;696135680;13815808;703401984;0;0;0;0;0;0;0;0;0;0;0;2615;0;0;31;0;50;0;
706;2085060;696401920;13721600;703307776;0;0;0;0;0;0;0;0;0;0;0;1483;0;0;31;0;50;0;
707;2998393;696401920;13721600;703307776;0;0;0;0;0;0;0;0;0;0;0;1423;0;0;31;0;50;0;
708;1593619;696401920;13721600;703307776;0;0;0;0;0;0;0;0;0;0;0;1723;0;0;31;0;50;0;
709;2091643;696401920;13721600;703307776;0;0;0;0;0;0;0;0;0;0;0;1783;0;0;31;0;50;0;
710;1371953;696401920;13721600;703307776;0;0;0;0;0;0;0;0;0;0;0;1412;0;0;31;0;50;0;
711;1270663;696401920;13721600;703307776;0;0;0;0;0;0;0;0;0;0;0;1362;0;0;31;0;50;0;
712;1349611;696401920;13721600;703307776;0;0;0;0;0;0;0;0;0;0;0;1613;0;0;31;0;50;0;
713;848962;696401920;13721600;703307776;0;0;0;0;0;0;0;0;0;0;0;1843;0;0;31;0;50;0;
714;2926278;700375040;13721600;703307776;0;0;0;0;0;0;0;0;0;0;0;2414;0;0;32;0;50;0;
715;1166338;700375040;13721600;703307776;0;0;0;0;0;0;0;0;0;0;0;1403;0;0;32;0;50;0;
716;1646338;700375040;13721600;703307776;0;0;0;0;0;0;0;0;0;0;0;1613;0;0;32;0;50;0;
717;1278317;700375040;13721600;703307776;0;0;0;0;0;0;0;0;0;0;0;1392;0;0;32;0;50;0;
718;1117666;700375040;13721600;703307776;0;0;0;0;0;0;0;0;0;0;0;1322;0;0;32;0;50;0;
719;1220378;700375040;13721600;703307776;0;0;0;0;0;0;0;0;0;0;0;1353;0;0;32;0;50;0;
720;1326879;700645376;13721600;703307776;0;0;0;0;0;0;0;0;0;0;0;1573;0;0;32;0;50;0;
721;2239840;700784640;13623296;703209472;0;0;0;0;0;0;0;0;0;0;0;1643;0;0;32;0;50;0;
722;1368807;700784640;13623296;703209472;0;0;0;0;0;0;0;0;0;0;0;1382;0;0;32;0;50;0;
723;1345604;700784640;13623296;703209472;0;0;0;0;0;0;0;0;0;0;0;1503;0;0;32;0;50;0;
724;1005736;700784640;13623296;703209472;0;0;0;0;0;0;0;0;0;0;0;1413;0;0;32;0;50;0;
725;3817559;704831488;13623296;703209472;0;0;0;0;0;0;0;0;0;0;0;2475;0;0;33;0;50;0;
726;1766593;704831488;13623296;703209472;0;0;0;0;0;0;0;0;0;0;0;1383;0;0;33;0;50;0;
727;1817689;709025792;13623296;719986688;0;0;0;0;0;0;0;0;0;0;0;1363;0;0;33;0;50;0;
728;2042570;709025792;13623296;719986688;0;0;0;0;0;0;0;0;0;0;0;1673;0;0;33;0;50;0;
729;1558563;709025792;13623296;719986688;0;0;0;0;0;0;0;0;0;0;0;1693;0;0;33;0;50;0;
730;1656716;709025792;13623296;719986688;0;0;0;0;0;0;0;0;0;0;0;1363;0;0;33;0;50;0;
731;1092489;709025792;13623296;719986688;0;0;0;0;0;0;0;0;0;0;0;1543;0;0;33;0;50;0;
732;1352987;709025792;13623296;719986688;0;0;0;0;0;0;0;0;0;0;0;1643;0;0;33;0;50;0;
733;1164684;709025792;13623296;719986688;0;0;0;0;0;0;0;0;0;0;0;1723;0;0;33;0;50;0;
734;3579813;713265152;13623296;719986688;0;0;0;0;0;0;0;0;0;0;0;2885;0;0;34;0;50;0;
735;2168076;713265152;13623296;719986688;0;0;0;0;0;0;0;0;0;0;0;1914;0;0;34;0;50;0;
736;2110338;713265152;13623296;719986688;0;0;0;0;0;0;0;0;0;0;0;1673;0;0;34;0;50;0;
737;1161398;713265152;13623296;719986688;0;0;0;0;0;0;0;0;0;0;0;1533;0;0;34;0;50;0;
738;1199229;713265152;13623296;719986688;0;0;0;0;0;0;0;0;0;0;0;1372;0;0;34;0;50;0;
739;1357646;713265152;13623296;719986688;0;0;0;0;0;0;0;0;0;0;0;1593;0;0;34;0;50;0;
740;1351645;713265152;13623296;719986688;0;0;0;0;0;0;0;0;0;0;0;1623;0;0;34;0;50;0;
741;1212714;713265152;13623296;719986688;0;0;0;0;0;0;0;0;0;0;0;1763;0;0;34;0;50;0;
742;1418751;713265152;13623296;719986688;0;0;0;0;0;0;0;0;0;0;0;1373;0;0;34;0;50;0;
743;1531833;713265152;13623296;719986688;0;0;0;0;0;0;0;0;0;0;0;1423;0;0;34;0;50;0;
744;1415144;713265152;13623296;719986688;0;0;0;0;0;0;0;0;0;0;0;1593;0;0;34;0;50;0;
745;1348499;713265152;13623296;719986688;0;0;0;0;0;0;0;0;0;0;0;1423;0;0;34;0;50;0;
746;1130750;713265152;13623296;719986688;0;0;0;0;0;0;0;0;0;0;0;1373;0;0;34;0;50;0;
747;1187647;713265152;13623296;719986688;0;0;0;0;0;0;0;0;0;0;0;1683;0;0;34;0;50;0;
748;1811587;713535488;13623296;719986688;0;0;0;0;0;0;0;0;0;0;0;1403;0;0;34;0;50;0;
749;4986712;713801728;13623296;719986688;0;0;0;0;0;0;0;0;0;0;0;1953;0;0;34;0;50;0;
750;4488518;715898880;13627392;719990784;0;0;0;0;0;0;0;0;0;0;0;3256;0;0;34;0;50;0;
751;3240196;722190336;13627392;736768000;0;0;0;0;0;0;0;0;0;0;0;3306;0;0;35;0;50;0;
752;1342508;722190336;13627392;736768000;0;0;0;0;0;0;0;0;0;0;0;1393;0;0;35;0;50;0;
753;1910503;722190336;13627392;736768000;0;0;0;0;0;0;0;0;0;0;0;1432;0;0;35;0;50;0;
754;1151078;722190336;13627392;736768000;0;0;0;0;0;0;0;0;0;0;0;1203;0;0;35;0;50;0;
755;1782644;722190336;13627392;736768000;0;0;0;0;0;0;0;0;0;0;0;1433;0;0;35;0;50;0;
756;1256036;722190336;13627392;736768000;0;0;0;0;0;0;0;0;0;0;0;1353;0;0;35;0;50;0;
757;890329;722190336;13627392;736768000;0;0;0;0;0;0;0;0;0;0;0;1643;0;0;35;0;50;0;
758;1237340;722190336;13627392;736768000;0;0;0;0;0;0;0;0;0;0;0;1372;0;0;35;0;50;0;
759;1546640;722190336;13627392;736768000;0;0;0;0;0;0;0;0;0;0;0;1703;0;0;35;0;50;0;
760;1589220;722190336;13627392;736768000;0;0;0;0;0;0;0;0;0;0;0;1362;0;0;35;0;50;0;
761;3090867;728514560;13627392;738865152;0;0;0;0;0;0;0;0;0;0;0;1773;0;0;36;0;50;0;
762;1421706;728514560;13627392;738865152;0;0;0;0;0;0;0;0;0;0;0;1994;0;0;36;0;50;0;
763;2561794;728514560;13627392;738865152;0;0;0;0;0;0;0;0;0;0;0;1382;0;0;36;0;50;0;
764;2256843;728780800;13627392;738865152;0;0;0;0;0;0;0;0;0;0;0;1853;0;0;36;0;50;0;
765;1730114;728780800;13627392;738865152;0;0;0;0;0;0;0;0;0;0;0;1693;0;0;36;0;50;0;
766;1628535;728780800;13627392;738865152;0;0;0;0;0;0;0;0;0;0;0;1493;0;0;36;0;50;0;
767;1404974;728780800;13627392;738865152;0;0;0;0;0;0;0;0;0;0;0;1603;0;0;36;0;50;0;
768;1165486;728780800;13627392;738865152;0;0;0;0;0;0;0;0;0;0;0;1713;0;0;36;0;50;0;
769;1084143;728780800;13627392;738865152;0;0;0;0;0;0;0;0;0;0;0;1443;0;0;36;0;50;0;
770;2825800;733028352;13627392;738865152;0;0;0;0;0;0;0;0;0;0;0;1583;0;0;37;0;50;0;
771;1161799;733028352;13627392;738865152;0;0;0;0;0;0;0;0;0;0;0;1423;0;0;37;0;50;0;
772;1124098;733028352;13627392;738865152;0;0;0;0;0;0;0;0;0;0;0;1523;0;0;37;0;50;0;
773;1186284;733028352;13627392;738865152;0;0;0;0;0;0;0;0;0;0;0;1453;0;0;37;0;50;0;
774;1741857;733028352;13627392;738865152;0;0;0;0;0;0;0;0;0;0;0;1593;0;0;37;0;50;0;
775;2200927;733028352;13627392;738865152;0;0;0;0;0;0;0;0;0;0;0;1422;0;0;37;0;50;0;
776;2598553;733028352;13627392;738865152;0;0;0;0;0;0;0;0;0;0;0;1573;0;0;37;0;50;0;
777;1062142;733028352;13627392;738865152;0;0;0;0;0;0;0;0;0;0;0;1362;0;0;37;0;50;0;
778;1038267;733028352;13627392;738865152;0;0;0;0;0;0;0;0;0;0;0;1203;0;0;37;0;50;0;
779;1576757;733028352;13627392;738865152;0;0;0;0;0;0;0;0;0;0;0;5460;0;0;37;0;50;0;
780;1608627;733028352;13627392;738865152;0;0;0;0;0;0;0;0;0;0;0;1803;0;0;37;0;50;0;
781;1924860;733028352;13627392;738865152;0;0;0;0;0;0;0;0;0;0;0;2204;0;0;37;0;50;0;
782;1736937;733028352;13627392;738865152;0;0;0;0;0;0;0;0;0;0;0;1603;0;0;37;0;50;0;
783;1651086;733028352;13627392;738865152;0;0;0;0;0;0;0;0;0;0;0;1683;0;0;37;0;50;0;
784;1613786;733028352;13627392;738865152;0;0;0;0;0;0;0;0;0;0;0;1683;0;0;37;0;50;0;
785;1558413;733028352;13627392;738865152;0;0;0;0;0;0;0;0;0;0;0;1713;0;0;37;0;50;0;
786;1483863;733028352;13627392;738865152;0;0;0;0;0;0;0;0;0;0;0;2514;0;0;37;0;50;0;
787;1273288;733028352;13627392;738865152;0;0;0;0;0;0;0;0;0;0;0;1783;0;0;37;0;50;0;
788;2006262;733028352;13627392;738865152;0;0;0;0;0;0;0;0;0;0;0;1653;0;0;37;0;50;0;
789;2209654;733028352;13627392;738865152;0;0;0;0;0;0;0;0;0;0;0;1813;0;0;37;0;50;0;
790;3637923;739319808;13627392;755642368;0;0;0;0;0;0;0;0;0;0;0;4698;0;0;38;0;50;0;
791;1753769;739319808;13627392;755642368;0;0;0;0;0;0;0;0;0;0;0;1803;0;0;38;0;50;0;
792;2086874;739319808;13627392;755642368;0;0;0;0;0;0;0;0;0;0;0;1583;0;0;38;0;50;0;
793;1575735;739319808;13627392;755642368;0;0;0;0;0;0;0;0;0;0;0;1644;0;0;38;0;50;0;
794;1749701;739319808;13627392;755642368;0;0;0;0;0;0;0;0;0;0;0;1613;0;0;38;0;50;0;
795;1698084;739319808;13627392;755642368;0;0;0;0;0;0;0;0;0;0;0;1703;0;0;38;0;50;0;
796;1382443;739319808;13627392;755642368;0;0;0;0;0;0;0;0;0;0;0;1653;0;0;38;0;50;0;
797;2045266;739319808;13627392;755642368;0;0;0;0;0;0;0;0;0;0;0;1803;0;0;38;0;50;0;
798;942067;739319808;13627392;755642368;0;0;0;0;0;0;0;0;0;0;0;1683;0;0;38;0;50;0;
799;1632783;739319808;13627392;755642368;0;0;0;0;0;0;0;0;0;0;0;1513;0;0;38;0;50;0;
800;2035347;739319808;13627392;755642368;0;0;0;0;0;0;0;0;0;0;0;1663;0;0;38;0;50;0;
801;1392632;739319808;13627392;755642368;0;0;0;0;0;0;0;0;0;0;0;1593;0;0;38;0;50;0;
802;2127761;739319808;13627392;755642368;0;0;0;0;0;0;0;0;0;0;0;1623;0;0;38;0;50;0;
803;2043602;739319808;13627392;755642368;0;0;0;0;0;0;0;0;0;0;0;2134;0;0;38;0;50;0;
804;1264852;739319808;13627392;755642368;0;0;0;0;0;0;0;0;0;0;0;2054;0;0;38;0;50;0;
805;1221921;739319808;13627392;755642368;0;0;0;0;0;0;0;0;0;0;0;1723;0;0;38;0;50;0;
806;1882370;739319808;13627392;755642368;0;0;0;0;0;0;0;0;0;0;0;1513;0;0;38;0;50;0;
807;2217118;739319808;13627392;755642368;0;0;0;0;0;0;0;0;0;0;0;2064;0;0;38;0;50;0;
808;3975475;743559168;13627392;755642368;0;0;0;0;0;0;0;0;0;0;0;3307;0;0;39;0;50;0;
809;2987763;743559168;13627392;755642368;0;0;0;0;0;0;0;0;0;0;0;1974;0;0;39;0;50;0;
810;2852750;743559168;13627392;755642368;0;0;0;0;0;0;0;0;0;0;0;1552;0;0;39;0;50;0;
811;3389577;743559168;13627392;755642368;0;0;0;0;0;0;0;0;0;0;0;1633;0;0;39;0;50;0;
812;2911510;743559168;13627392;755642368;0;0;0;0;0;0;0;0;0;0;0;2024;0;0;39;0;50;0;
813;2836179;743559168;13627392;755642368;0;0;0;0;0;0;0;0;0;0;0;1884;0;0;39;0;50;0;
814;2682972;743559168;13627392;755642368;0;0;0;0;0;0;0;0;0;0;0;1904;0;0;39;0;50;0;
815;3730216;743559168;13627392;755642368;0;0;0;0;0;0;0;0;0;0;0;1864;0;0;39;0;50;0;
816;4796596;743559168;13627392;755642368;0;0;0;0;0;0;0;0;0;0;0;3035;0;0;39;0;50;0;
817;2877507;743559168;13627392;755642368;0;0;0;0;0;0;0;0;0;0;0;1803;0;0;39;0;50;0;
818;6371810;747610112;13627392;755642368;0;0;0;0;0;0;0;0;0;0;0;3997;0;0;40;0;50;0;
819;4133171;747610112;13627392;755642368;0;0;0;0;0;0;0;0;0;0;0;1874;0;0;40;0;50;0;
820;1969854;747610112;13627392;755642368;0;0;0;0;0;0;0;0;0;0;0;2254;0;0;40;0;50;0;
821;1509141;747610112;13627392;755642368;0;0;0;0;0;0;0;0;0;0;0;1743;0;0;40;0;50;0;
822;1638533;747610112;13627392;755642368;0;0;0;0;0;0;0;0;0;0;0;1914;0;0;40;0;50;0;
823;1394675;747610112;13627392;755642368;0;0;0;0;0;0;0;0;0;0;0;1764;0;0;40;0;50;0;
824;1568201;747610112;13627392;755642368;0;0;0;0;0;0;0;0;0;0;0;1633;0;0;40;0;50;0;
825;1808201;747610112;13627392;755642368;0;0;0;0;0;0;0;0;0;0;0;1874;0;0;40;0;50;0;
826;1827928;747610112;13627392;755642368;0;0;0;0;0;0;0;0;0;0;0;2194;0;0;40;0;50;0;
827;2670047;747610112;13627392;755642368;0;0;0;0;0;0;0;0;0;0;0;1904;0;0;40;0;50;0;
828;4586561;745861120;11235328;753250304;0;0;0;0;0;0;0;0;0;0;0;1683;0;0;40;0;50;0;
829;2572895;745861120;11235328;753250304;0;0;0;0;0;0;0;0;0;0;0;7114;0;0;40;0;50;0;
830;2465844;745861120;11235328;753250304;0;0;0;0;0;0;0;0;0;0;0;2475;0;0;40;0;50;0;
831;1806017;745861120;11235328;753250304;0;0;0;0;0;0;0;0;0;0;0;2654;0;0;40;0;50;0;
832;2254498;745861120;11235328;753250304;0;0;0;0;0;0;0;0;0;0;0;2534;0;0;40;0;50;0;
833;2754396;745861120;11235328;753250304;0;0;0;0;0;0;0;0;0;0;0;2655;0;0;40;0;50;0;
834;2729639;745861120;11235328;753250304;0;0;0;0;0;0;0;0;0;0;0;2445;0;0;40;0;50;0;
835;2720301;745861120;11235328;753250304;0;0;0;0;0;0;0;0;0;0;0;2555;0;0;40;0;50;0;
836;2489369;745861120;11235328;753250304;0;0;0;0;0;0;0;0;0;0;0;2455;0;0;40;0;50;0;
837;4670028;752152576;11235328;770027520;0;0;0;0;0;0;0;0;0;0;0;4739;0;0;41;0;50;0;
838;3434532;752152576;11235328;770027520;0;0;0;0;0;0;0;0;0;0;0;2685;0;0;41;0;50;0;
839;2389341;752152576;11235328;770027520;0;0;0;0;0;0;0;0;0;0;0;2525;0;0;41;0;50;0;
840;3591977;752103424;11161600;769953792;0;0;0;0;0;0;0;0;0;0;0;2215;0;0;41;0;50;0;
841;1506996;752103424;11161600;769953792;0;0;0;0;0;0;0;0;0;0;0;2204;0;0;41;0;50;0;
842;4001395;756080640;11161600;769953792;0;0;0;0;0;0;0;0;0;0;0;2175;0;0;42;0;50;0;
843;2326854;756080640;11161600;769953792;0;0;0;0;0;0;0;0;0;0;0;1833;0;0;42;0;50;0;
844;2326723;756080640;11161600;769953792;0;0;0;0;0;0;0;0;0;0;0;1993;0;0;42;0;50;0;
845;2827673;756080640;11161600;769953792;0;0;0;0;0;0;0;0;0;0;0;2305;0;0;42;0;50;0;
846;2507783;756080640;11161600;769953792;0;0;0;0;0;0;0;0;0;0;0;1833;0;0;42;0;50;0;
847;2490010;756080640;11161600;769953792;0;0;0;0;0;0;0;0;0;0;0;2054;0;0;42;0;50;0;
848;1851111;756080640;11161600;769953792;0;0;0;0;0;0;0;0;0;0;0;2074;0;0;42;0;50;0;
849;1473143;756080640;11161600;769953792;0;0;0;0;0;0;0;0;0;0;0;2034;0;0;42;0;50;0;
850;3875267;756613120;11161600;769953792;0;0;0;0;0;0;0;0;0;0;0;2024;0;0;42;0;50;0;
851;2366589;756613120;11161600;769953792;0;0;0;0;0;0;0;0;0;0;0;49673;0;0;42;0;50;0;
852;2884900;756613120;11161600;769953792;0;0;0;0;0;0;0;0;0;0;0;2364;0;0;42;0;50;0;
853;1472201;756613120;11161600;769953792;0;0;0;0;0;0;0;0;0;0;0;2444;0;0;42;0;50;0;
854;2318087;756613120;11161600;769953792;0;0;0;0;0;0;0;0;0;0;0;2485;0;0;42;0;50;0;
855;5256137;760934400;11161600;769953792;0;0;0;0;0;0;0;0;0;0;0;3346;0;0;43;0;50;0;
856;2860976;760934400;11161600;769953792;0;0;0;0;0;0;0;0;0;0;0;2374;0;0;43;0;50;0;
857;3233805;760934400;11161600;769953792;0;0;0;0;0;0;0;0;0;0;0;2395;0;0;43;0;50;0;
858;1784697;760934400;11161600;769953792;0;0;0;0;0;0;0;0;0;0;0;1542;0;0;43;0;50;0;
859;2068289;760934400;11161600;769953792;0;0;0;0;0;0;0;0;0;0;0;1583;0;0;43;0;50;0;
860;1778615;760934400;11161600;769953792;0;0;0;0;0;0;0;0;0;0;0;1734;0;0;43;0;50;0;
861;1940018;760934400;11161600;769953792;0;0;0;0;0;0;0;0;0;0;0;1964;0;0;43;0;50;0;
862;1831064;760934400;11161600;769953792;0;0;0;0;0;0;0;0;0;0;0;1613;0;0;43;0;50;0;
863;3148605;760934400;11161600;769953792;0;0;0;0;0;0;0;0;0;0;0;1383;0;0;43;0;50;0;
864;3291262;760934400;11161600;769953792;0;0;0;0;0;0;0;0;0;0;0;1743;0;0;43;0;50;0;
865;2347553;760934400;11161600;769953792;0;0;0;0;0;0;0;0;0;0;0;1402;0;0;43;0;50;0;
866;2467598;760934400;11161600;769953792;0;0;0;0;0;0;0;0;0;0;0;1693;0;0;43;0;50;0;
867;2224171;760934400;11161600;769953792;0;0;0;0;0;0;0;0;0;0;0;1714;0;0;43;0;50;0;
868;2568607;760934400;11161600;769953792;0;0;0;0;0;0;0;0;0;0;0;2084;0;0;43;0;50;0;
869;1990252;760934400;11161600;769953792;0;0;0;0;0;0;0;0;0;0;0;2113;0;0;43;0;50;0;
870;1290830;760934400;11161600;769953792;0;0;0;0;0;0;0;0;0;0;0;1583;0;0;43;0;50;0;
871;1777693;760934400;11161600;769953792;0;0;0;0;0;0;0;0;0;0;0;1463;0;0;43;0;50;0;
872;2221636;760934400;11161600;769953792;0;0;0;0;0;0;0;0;0;0;0;1603;0;0;43;0;50;0;
873;1803543;760934400;11161600;769953792;0;0;0;0;0;0;0;0;0;0;0;1924;0;0;43;0;50;0;
874;1186946;760934400;11161600;769953792;0;0;0;0;0;0;0;0;0;0;0;1543;0;0;43;0;50;0;
875;1017549;760934400;11161600;769953792;0;0;0;0;0;0;0;0;0;0;0;1373;0;0;43;0;50;0;
876;2369794;760934400;11161600;769953792;0;0;0;0;0;0;0;0;0;0;0;1753;0;0;43;0;50;0;
877;2095300;760934400;11161600;769953792;0;0;0;0;0;0;0;0;0;0;0;2564;0;0;43;0;50;0;
878;2096331;760934400;11161600;769953792;0;0;0;0;0;0;0;0;0;0;0;2455;0;0;43;0;50;0;
879;2288191;760934400;11161600;769953792;0;0;0;0;0;0;0;0;0;0;0;2154;0;0;43;0;50;0;
880;3546862;760934400;11161600;769953792;0;0;0;0;0;0;0;0;0;0;0;2856;0;0;43;0;50;0;
881;3117487;760934400;11161600;769953792;0;0;0;0;0;0;0;0;0;0;0;2414;0;0;43;0;50;0;
882;2528963;760934400;11161600;769953792;0;0;0;0;0;0;0;0;0;0;0;2435;0;0;43;0;50;0;
883;4175049;767225856;11161600;786731008;0;0;0;0;0;0;0;0;0;0;0;3096;0;0;44;0;50;0;
884;2122591;767225856;11161600;786731008;0;0;0;0;0;0;0;0;0;0;0;2766;0;0;44;0;50;0;
885;1708033;767225856;11161600;786731008;0;0;0;0;0;0;0;0;0;0;0;2484;0;0;44;0;50;0;
886;1632101;767225856;11161600;786731008;0;0;0;0;0;0;0;0;0;0;0;2585;0;0;44;0;50;0;
887;1641338;767225856;11161600;786731008;0;0;0;0;0;0;0;0;0;0;0;2444;0;0;44;0;50;0;
888;2613141;767225856;11161600;786731008;0;0;0;0;0;0;0;0;0;0;0;2305;0;0;44;0;50;0;
889;2297478;767225856;11161600;786731008;0;0;0;0;0;0;0;0;0;0;0;2605;0;0;44;0;50;0;
890;2222578;767225856;11161600;786731008;0;0;0;0;0;0;0;0;0;0;0;2434;0;0;44;0;50;0;
891;2340960;767225856;11161600;786731008;0;0;0;0;0;0;0;0;0;0;0;2395;0;0;44;0;50;0;
892;2146235;767225856;11161600;786731008;0;0;0;0;0;0;0;0;0;0;0;2505;0;0;44;0;50;0;
893;3476479;767225856;11161600;786731008;0;0;0;0;0;0;0;0;0;0;0;2805;0;0;44;0;50;0;
894;2320141;767225856;11161600;786731008;0;0;0;0;0;0;0;0;0;0;0;2435;0;0;44;0;50;0;
895;2385885;767225856;11161600;786731008;0;0;0;0;0;0;0;0;0;0;0;2414;0;0;44;0;50;0;
896;1836724;767225856;11161600;786731008;0;0;0;0;0;0;0;0;0;0;0;2354;0;0;44;0;50;0;
897;3898962;771457024;11161600;786731008;0;0;0;0;0;0;0;0;0;0;0;3166;0;0;45;0;50;0;
898;2185589;771457024;11161600;786731008;0;0;0;0;0;0;0;0;0;0;0;2685;0;0;45;0;50;0;
899;1992467;771457024;11161600;786731008;0;0;0;0;0;0;0;0;0;0;0;2425;0;0;45;0;50;0;
900;3158153;771723264;13553664;789123072;0;0;0;0;0;0;0;0;0;0;0;2014;0;0;45;0;50;0;
901;1901175;771723264;13553664;789123072;0;0;0;0;0;0;0;0;0;0;0;2074;0;0;45;0;50;0;
902;2199114;771723264;13553664;789123072;0;0;0;0;0;0;0;0;0;0;0;1803;0;0;45;0;50;0;
903;2345979;771723264;13553664;789123072;0;0;0;0;0;0;0;0;0;0;0;1944;0;0;45;0;50;0;
904;1749521;771723264;13553664;789123072;0;0;0;0;0;0;0;0;0;0;0;1973;0;0;45;0;50;0;
905;2053151;771723264;13553664;789123072;0;0;0;0;0;0;0;0;0;0;0;2004;0;0;45;0;50;0;
906;2826821;771723264;13553664;789123072;0;0;0;0;0;0;0;0;0;0;0;2114;0;0;45;0;50;0;
907;1869877;771723264;13553664;789123072;0;0;0;0;0;0;0;0;0;0;0;2034;0;0;45;0;50;0;
908;1464937;771723264;13553664;789123072;0;0;0;0;0;0;0;0;0;0;0;2094;0;0;45;0;50;0;
909;2060074;771723264;13553664;789123072;0;0;0;0;0;0;0;0;0;0;0;1503;0;0;45;0;50;0;
910;1661185;771723264;13553664;789123072;0;0;0;0;0;0;0;0;0;0;0;1563;0;0;45;0;50;0;
911;1339883;771723264;13553664;789123072;0;0;0;0;0;0;0;0;0;0;0;1473;0;0;45;0;50;0;
912;5613969;776151040;13418496;788987904;0;0;0;0;0;0;0;0;0;0;0;2164;0;0;46;0;50;0;
913;2596540;776151040;13418496;788987904;0;0;0;0;0;0;0;0;0;0;0;2375;0;0;46;0;50;0;
914;2426411;776151040;13418496;788987904;0;0;0;0;0;0;0;0;0;0;0;2164;0;0;46;0;50;0;
915;1917767;776151040;13418496;788987904;0;0;0;0;0;0;0;0;0;0;0;2054;0;0;46;0;50;0;
916;2465183;776151040;13418496;788987904;0;0;0;0;0;0;0;0;0;0;0;2164;0;0;46;0;50;0;
917;2137539;776151040;13418496;788987904;0;0;0;0;0;0;0;0;0;0;0;2124;0;0;46;0;50;0;
918;2034947;776151040;13418496;788987904;0;0;0;0;0;0;0;0;0;0;0;2144;0;0;46;0;50;0;
919;2003587;776151040;13418496;788987904;0;0;0;0;0;0;0;0;0;0;0;2044;0;0;46;0;50;0;
920;1793995;776151040;13418496;788987904;0;0;0;0;0;0;0;0;0;0;0;2184;0;0;46;0;50;0;
921;1966548;776151040;13418496;788987904;0;0;0;0;0;0;0;0;0;0;0;2073;0;0;46;0;50;0;
922;2541135;776151040;13418496;788987904;0;0;0;0;0;0;0;0;0;0;0;2374;0;0;46;0;50;0;
923;2055274;780345344;13418496;805765120;0;0;0;0;0;0;0;0;0;0;0;2875;0;0;46;0;50;0;
924;5374339;780345344;13418496;805765120;0;0;0;0;0;0;0;0;0;0;0;2175;0;0;46;0;50;0;
925;6149182;784850944;13426688;805773312;0;0;0;0;0;0;0;0;0;0;0;4088;0;0;47;0;50;0;
926;2736461;784850944;13426688;805773312;0;0;0;0;0;0;0;0;0;0;0;2354;0;0;47;0;50;0;
927;1797290;784850944;13426688;805773312;0;0;0;0;0;0;0;0;0;0;0;1734;0;0;47;0;50;0;
928;1620920;784850944;13426688;805773312;0;0;0;0;0;0;0;0;0;0;0;1733;0;0;47;0;50;0;
929;1313874;784850944;13426688;805773312;0;0;0;0;0;0;0;0;0;0;0;1733;0;0;47;0;50;0;
930;1461070;784850944;13426688;805773312;0;0;0;0;0;0;0;0;0;0;0;1714;0;0;47;0;50;0;
931;3798303;788832256;13426688;805773312;0;0;0;0;0;0;0;0;0;0;0;2755;0;0;48;0;50;0;
932;1267127;788832256;13426688;805773312;0;0;0;0;0;0;0;0;0;0;0;1723;0;0;48;0;50;0;
933;1899282;788832256;13426688;805773312;0;0;0;0;0;0;0;0;0;0;0;1503;0;0;48;0;50;0;
934;2371878;788832256;13426688;805773312;0;0;0;0;0;0;0;0;0;0;0;1403;0;0;48;0;50;0;
935;1947372;788832256;13426688;805773312;0;0;0;0;0;0;0;0;0;0;0;1383;0;0;48;0;50;0;
936;2281259;788832256;13426688;805773312;0;0;0;0;0;0;0;0;0;0;0;1573;0;0;48;0;50;0;
937;1565135;788832256;13426688;805773312;0;0;0;0;0;0;0;0;0;0;0;1774;0;0;48;0;50;0;
938;1055419;788832256;13426688;805773312;0;0;0;0;0;0;0;0;0;0;0;1443;0;0;48;0;50;0;
939;1842987;788832256;13426688;805773312;0;0;0;0;0;0;0;0;0;0;0;1423;0;0;48;0;50;0;
940;4152448;795394048;13426688;822550528;0;0;0;0;0;0;0;0;0;0;0;2715;0;0;49;0;50;0;
941;2851839;795394048;13426688;822550528;0;0;0;0;0;0;0;0;0;0;0;102682;0;0;49;0;50;0;
942;2381527;795394048;13426688;822550528;0;0;0;0;0;0;0;0;0;0;0;1202;0;0;49;0;50;0;
943;2018936;795394048;13426688;822550528;0;0;0;0;0;0;0;0;0;0;0;1563;0;0;49;0;50;0;
944;2347282;795394048;13426688;822550528;0;0;0;0;0;0;0;0;0;0;0;1513;0;0;49;0;50;0;
945;1751916;795394048;13426688;822550528;0;0;0;0;0;0;0;0;0;0;0;1183;0;0;49;0;50;0;
946;3733602;799358976;13426688;822550528;0;0;0;0;0;0;0;0;0;0;0;1894;0;0;50;0;50;0;
947;2785023;799358976;13426688;822550528;0;0;0;0;0;0;0;0;0;0;0;1423;0;0;50;0;50;0;
948;2559490;799358976;13426688;822550528;0;0;0;0;0;0;0;0;0;0;0;1733;0;0;50;0;50;0;
949;2047479;799358976;13426688;822550528;0;0;0;0;0;0;0;0;0;0;0;1914;0;0;50;0;50;0;
950;2163297;799358976;13426688;822550528;0;0;0;0;0;0;0;0;0;0;0;1764;0;0;50;0;50;0;
951;1516444;799358976;13426688;822550528;0;0;0;0;0;0;0;0;0;0;0;1763;0;0;50;0;50;0;
952;1948013;799358976;13426688;822550528;0;0;0;0;0;0;0;0;0;0;0;1704;0;0;50;0;50;0;
953;3830673;803606528;13426688;822550528;0;0;0;0;0;0;0;0;0;0;0;2544;0;0;51;0;50;0;
954;2550092;803606528;13426688;822550528;0;0;0;0;0;0;0;0;0;0;0;1864;0;0;51;0;50;0;
955;2012114;803606528;13426688;822550528;0;0;0;0;0;0;0;0;0;0;0;1873;0;0;51;0;50;0;
956;2298671;803606528;13426688;822550528;0;0;0;0;0;0;0;0;0;0;0;1753;0;0;51;0;50;0;
957;2379803;803606528;13426688;822550528;0;0;0;0;0;0;0;0;0;0;0;1814;0;0;51;0;50;0;
958;2117822;803606528;13426688;822550528;0;0;0;0;0;0;0;0;0;0;0;1824;0;0;51;0;50;0;
959;2061866;803606528;13426688;822550528;0;0;0;0;0;0;0;0;0;0;0;1523;0;0;51;0;50;0;
960;1658450;803606528;13426688;822550528;0;0;0;0;0;0;0;0;0;0;0;1433;0;0;51;0;50;0;
961;1942383;803606528;13426688;822550528;0;0;0;0;0;0;0;0;0;0;0;45806;0;0;51;0;50;0;
962;1788424;803606528;13426688;822550528;0;0;0;0;0;0;0;0;0;0;0;1462;0;0;51;0;50;0;
963;2074901;803606528;13426688;822550528;0;0;0;0;0;0;0;0;0;0;0;1583;0;0;51;0;50;0;
964;1980294;803606528;13426688;822550528;0;0;0;0;0;0;0;0;0;0;0;1403;0;0;51;0;50;0;
965;2932910;807800832;13426688;839327744;0;0;0;0;0;0;0;0;0;0;0;1764;0;0;51;0;50;0;
966;1889163;807800832;13426688;839327744;0;0;0;0;0;0;0;0;0;0;0;1583;0;0;51;0;50;0;
967;1402400;807800832;13426688;839327744;0;0;0;0;0;0;0;0;0;0;0;1403;0;0;51;0;50;0;
968;4043453;812044288;13426688;839327744;0;0;0;0;0;0;0;0;0;0;0;1693;0;0;52;0;50;0;
969;2050706;812044288;13426688;839327744;0;0;0;0;0;0;0;0;0;0;0;1402;0;0;52;0;50;0;
970;1852024;812044288;13426688;839327744;0;0;0;0;0;0;0;0;0;0;0;1733;0;0;52;0;50;0;
971;1907798;812044288;13426688;839327744;0;0;0;0;0;0;0;0;0;0;0;1734;0;0;52;0;50;0;
972;1626871;812044288;13426688;839327744;0;0;0;0;0;0;0;0;0;0;0;1783;0;0;52;0;50;0;
973;1373526;812044288;13426688;839327744;0;0;0;0;0;0;0;0;0;0;0;1743;0;0;52;0;50;0;
974;1399755;812044288;13426688;839327744;0;0;0;0;0;0;0;0;0;0;0;1784;0;0;52;0;50;0;
975;1507256;812044288;13426688;839327744;0;0;0;0;0;0;0;0;0;0;0;1874;0;0;52;0;50;0;
976;1329693;812044288;13426688;839327744;0;0;0;0;0;0;0;0;0;0;0;1933;0;0;52;0;50;0;
977;3507998;816291840;13426688;839327744;0;0;0;0;0;0;0;0;0;0;0;1964;0;0;53;0;50;0;
978;1865469;816291840;13426688;839327744;0;0;0;0;0;0;0;0;0;0;0;1773;0;0;53;0;50;0;
979;2003377;816562176;13426688;839327744;0;0;0;0;0;0;0;0;0;0;0;1693;0;0;53;0;50;0;
980;3020224;816562176;13426688;839327744;0;0;0;0;0;0;0;0;0;0;0;1763;0;0;53;0;50;0;
981;1934889;816562176;13426688;839327744;0;0;0;0;0;0;0;0;0;0;0;1844;0;0;53;0;50;0;
982;1699156;816562176;13426688;839327744;0;0;0;0;0;0;0;0;0;0;0;8346;0;0;53;0;50;0;
983;1643732;816562176;13426688;839327744;0;0;0;0;0;0;0;0;0;0;0;1774;0;0;53;0;50;0;
984;3934058;822853632;13426688;856104960;0;0;0;0;0;0;0;0;0;0;0;4749;0;0;54;0;50;0;
985;1399094;822853632;13426688;856104960;0;0;0;0;0;0;0;0;0;0;0;1713;0;0;54;0;50;0;
986;1417779;822853632;13426688;856104960;0;0;0;0;0;0;0;0;0;0;0;1653;0;0;54;0;50;0;
987;1429921;822853632;13426688;856104960;0;0;0;0;0;0;0;0;0;0;0;1763;0;0;54;0;50;0;
988;1424181;822853632;13426688;856104960;0;0;0;0;0;0;0;0;0;0;0;2033;0;0;54;0;50;0;
989;1062423;822853632;13426688;856104960;0;0;0;0;0;0;0;0;0;0;0;1703;0;0;54;0;50;0;
990;1479635;823103488;13426688;856104960;0;0;0;0;0;0;0;0;0;0;0;1693;0;0;54;0;50;0;
991;2378751;823373824;13426688;856104960;0;0;0;0;0;0;0;0;0;0;0;1623;0;0;54;0;50;0;
992;1720076;823373824;13426688;856104960;0;0;0;0;0;0;0;0;0;0;0;1403;0;0;54;0;50;0;
993;1371823;823373824;13426688;856104960;0;0;0;0;0;0;0;0;0;0;0;1713;0;0;54;0;50;0;
994;4123213;827359232;13426688;856104960;0;0;0;0;0;0;0;0;0;0;0;2775;0;0;55;0;50;0;
995;1790918;827359232;13426688;856104960;0;0;0;0;0;0;0;0;0;0;0;1482;0;0;55;0;50;0;
996;1538084;827359232;13426688;856104960;0;0;0;0;0;0;0;0;0;0;0;1883;0;0;55;0;50;0;
997;1291532;827359232;13426688;856104960;0;0;0;0;0;0;0;0;0;0;0;1653;0;0;55;0;50;0;
998;2301626;827359232;13426688;856104960;0;0;0;0;0;0;0;0;0;0;0;1543;0;0;55;0;50;0;
999;1727229;827359232;13426688;856104960;0;0;0;0;0;0;0;0;0;0;0;1623;0;0;55;0;50;0;
1000;1746596;827359232;13426688;856104960;0;0;0;0;0;0;0;0;0;0;0;1393;0;0;55;0;50;0;
1001;1538585;827359232;13426688;856104960;0;0;0;0;0;0;0;0;0;0;0;1573;0;0;55;0;50;0;
1002;4598745;830099456;11558912;854237184;0;0;0;0;0;0;0;0;0;0;0;2214;0;0;56;0;50;0;
1003;2781887;830099456;11558912;854237184;0;0;0;0;0;0;0;0;0;0;0;1723;0;0;56;0;50;0;
1004;1489874;830099456;11558912;854237184;0;0;0;0;0;0;0;0;0;0;0;1572;0;0;56;0;50;0;
1005;1502949;830099456;11558912;854237184;0;0;0;0;0;0;0;0;0;0;0;1473;0;0;56;0;50;0;
1006;1509010;830099456;11558912;854237184;0;0;0;0;0;0;0;0;0;0;0;1473;0;0;56;0;50;0;
1007;1439179;830099456;11558912;854237184;0;0;0;0;0;0;0;0;0;0;0;1463;0;0;56;0;50;0;
1008;1388053;830099456;11558912;854237184;0;0;0;0;0;0;0;0;0;0;0;1273;0;0;56;0;50;0;
1009;2037311;830099456;11558912;854237184;0;0;0;0;0;0;0;0;0;0;0;1453;0;0;56;0;50;0;
1010;1430122;830099456;11558912;854237184;0;0;0;0;0;0;0;0;0;0;0;1724;0;0;56;0;50;0;
1011;1828870;830365696;11558912;854237184;0;0;0;0;0;0;0;0;0;0;0;1624;0;0;56;0;50;0;
1012;1459217;830365696;11558912;854237184;0;0;0;0;0;0;0;0;0;0;0;1433;0;0;56;0;50;0;
1013;2638508;830365696;11558912;854237184;0;0;0;0;0;0;0;0;0;0;0;1633;0;0;56;0;50;0;
1014;1449779;830365696;11558912;854237184;0;0;0;0;0;0;0;0;0;0;0;1402;0;0;56;0;50;0;
1015;1004453;830365696;11558912;854237184;0;0;0;0;0;0;0;0;0;0;0;1473;0;0;56;0;50;0;
1016;874851;830365696;11558912;854237184;0;0;0;0;0;0;0;0;0;0;0;1412;0;0;56;0;50;0;
1017;2026080;830636032;11558912;854237184;0;0;0;0;0;0;0;0;0;0;0;1493;0;0;56;0;50;0;
1018;1729644;830636032;11558912;854237184;0;0;0;0;0;0;0;0;0;0;0;1913;0;0;56;0;50;0;
1019;1058525;830636032;11558912;854237184;0;0;0;0;0;0;0;0;0;0;0;1443;0;0;56;0;50;0;
1020;942126;830636032;11558912;854237184;0;0;0;0;0;0;0;0;0;0;0;1393;0;0;56;0;50;0;
1021;2851127;836927488;11558912;871014400;0;0;0;0;0;0;0;0;0;0;0;3236;0;0;57;0;50;0;
1022;2828664;836927488;11558912;871014400;0;0;0;0;0;0;0;0;0;0;0;1723;0;0;57;0;50;0;
1023;1568501;836927488;11558912;871014400;0;0;0;0;0;0;0;0;0;0;0;1442;0;0;57;0;50;0;
1024;2139573;836927488;11558912;871014400;0;0;0;0;0;0;0;0;0;0;0;1463;0;0;57;0;50;0;
1025;1232120;836927488;11558912;871014400;0;0;0;0;0;0;0;0;0;0;0;1653;0;0;57;0;50;0;
1026;1413751;836927488;11558912;871014400;0;0;0;0;0;0;0;0;0;0;0;1403;0;0;57;0;50;0;
1027;1480927;836927488;11558912;871014400;0;0;0;0;0;0;0;0;0;0;0;105648;0;0;57;0;50;0;
1028;1168100;836927488;11558912;871014400;0;0;0;0;0;0;0;0;0;0;0;1633;0;0;57;0;50;0;
1029;993674;836927488;11558912;871014400;0;0;0;0;0;0;0;0;0;0;0;1412;0;0;57;0;50;0;
1030;1064206;836927488;11558912;871014400;0;0;0;0;0;0;0;0;0;0;0;1613;0;0;57;0;50;0;
1031;2983445;841433088;13418496;872873984;0;0;0;0;0;0;0;0;0;0;0;2144;0;0;58;0;50;0;
1032;2158869;841461760;13262848;872718336;0;0;0;0;0;0;0;0;0;0;0;1954;0;0;58;0;50;0;
1033;1576787;841461760;13262848;872718336;0;0;0;0;0;0;0;0;0;0;0;1543;0;0;58;0;50;0;
1034;1562199;841461760;13262848;872718336;0;0;0;0;0;0;0;0;0;0;0;1553;0;0;58;0;50;0;
1035;1581937;841461760;13262848;872718336;0;0;0;0;0;0;0;0;0;0;0;1343;0;0;58;0;50;0;
1036;1278457;841461760;13262848;872718336;0;0;0;0;0;0;0;0;0;0;0;1563;0;0;58;0;50;0;
1037;1465178;841461760;13262848;872718336;0;0;0;0;0;0;0;0;0;0;0;1202;0;0;58;0;50;0;
1038;1155207;841461760;13262848;872718336;0;0;0;0;0;0;0;0;0;0;0;1503;0;0;58;0;50;0;
1039;898585;841461760;13262848;872718336;0;0;0;0;0;0;0;0;0;0;0;1503;0;0;58;0;50;0;
1040;888226;841461760;13262848;872718336;0;0;0;0;0;0;0;0;0;0;0;1372;0;0;58;0;50;0;
1041;902693;841461760;13262848;872718336;0;0;0;0;0;0;0;0;0;0;0;1713;0;0;58;0;50;0;
1042;4336092;845783040;13262848;872718336;0;0;0;0;0;0;0;0;0;0;0;2414;0;0;59;0;50;0;
1043;2025178;845783040;13262848;872718336;0;0;0;0;0;0;0;0;0;0;0;1423;0;0;59;0;50;0;
1044;1976106;845783040;13262848;872718336;0;0;0;0;0;0;0;0;0;0;0;1543;0;0;59;0;50;0;
1045;1265904;845783040;13262848;872718336;0;0;0;0;0;0;0;0;0;0;0;1844;0;0;59;0;50;0;
1046;1638723;845783040;13262848;872718336;0;0;0;0;0;0;0;0;0;0;0;1693;0;0;59;0;50;0;
1047;980740;845783040;13262848;872718336;0;0;0;0;0;0;0;0;0;0;0;1422;0;0;59;0;50;0;
1048;1149856;845783040;13262848;872718336;0;0;0;0;0;0;0;0;0;0;0;1243;0;0;59;0;50;0;
1049;1267297;845783040;13262848;872718336;0;0;0;0;0;0;0;0;0;0;0;1452;0;0;59;0;50;0;
1050;1733151;845783040;13262848;872718336;0;0;0;0;0;0;0;0;0;0;0;1693;0;0;59;0;50;0;
1051;1360381;846049280;13262848;872718336;0;0;0;0;0;0;0;0;0;0;0;1422;0;0;59;0;50;0;
1052;6413177;852340736;13262848;889495552;0;0;0;0;0;0;0;0;0;0;0;2815;0;0;60;0;50;0;
1053;3994281;852594688;13271040;889503744;0;0;0;0;0;0;0;0;0;0;0;1923;0;0;60;0;50;0;
1054;1601483;852594688;13271040;889503744;0;0;0;0;0;0;0;0;0;0;0;1513;0;0;60;0;50;0;
1055;1699186;852594688;13271040;889503744;0;0;0;0;0;0;0;0;0;0;0;1463;0;0;60;0;50;0;
1056;1716149;852594688;13271040;889503744;0;0;0;0;0;0;0;0;0;0;0;1784;0;0;60;0;50;0;
1057;1647800;852594688;13271040;889503744;0;0;0;0;0;0;0;0;0;0;0;1593;0;0;60;0;50;0;
1058;3554306;856842240;13271040;889503744;0;0;0;0;0;0;0;0;0;0;0;2565;0;0;61;0;50;0;
1059;1923317;856842240;13271040;889503744;0;0;0;0;0;0;0;0;0;0;0;1492;0;0;61;0;50;0;
1060;1105734;856842240;13271040;889503744;0;0;0;0;0;0;0;0;0;0;0;1373;0;0;61;0;50;0;
1061;1763768;856842240;13271040;889503744;0;0;0;0;0;0;0;0;0;0;0;1503;0;0;61;0;50;0;
1062;1241769;856842240;13271040;889503744;0;0;0;0;0;0;0;0;0;0;0;1442;0;0;61;0;50;0;
1063;2357160;856842240;13271040;889503744;0;0;0;0;0;0;0;0;0;0;0;1282;0;0;61;0;50;0;
1064;1677286;856842240;13271040;889503744;0;0;0;0;0;0;0;0;0;0;0;1443;0;0;61;0;50;0;
1065;1117957;856842240;13271040;889503744;0;0;0;0;0;0;0;0;0;0;0;1402;0;0;61;0;50;0;
1066;1580775;856842240;13271040;889503744;0;0;0;0;0;0;0;0;0;0;0;1463;0;0;61;0;50;0;
1067;1233002;856842240;13271040;889503744;0;0;0;0;0;0;0;0;0;0;0;1593;0;0;61;0;50;0;
1068;3048287;861093888;13271040;889503744;0;0;0;0;0;0;0;0;0;0;0;2304;0;0;62;0;50;0;
1069;1767404;861093888;13271040;889503744;0;0;0;0;0;0;0;0;0;0;0;1362;0;0;62;0;50;0;
1070;1901436;861093888;13271040;889503744;0;0;0;0;0;0;0;0;0;0;0;1393;0;0;62;0;50;0;
1071;1381822;861093888;13271040;889503744;0;0;0;0;0;0;0;0;0;0;0;1483;0;0;62;0;50;0;
1072;1175584;861093888;13271040;889503744;0;0;0;0;0;0;0;0;0;0;0;1463;0;0;62;0;50;0;
1073;2017915;861024256;13107200;889339904;0;0;0;0;0;0;0;0;0;0;0;1383;0;0;62;0;50;0;
1074;1364839;861024256;13107200;889339904;0;0;0;0;0;0;0;0;0;0;0;1402;0;0;62;0;50;0;
1075;1581486;861024256;13107200;889339904;0;0;0;0;0;0;0;0;0;0;0;1513;0;0;62;0;50;0;
1076;1426244;861024256;13107200;889339904;0;0;0;0;0;0;0;0;0;0;0;1423;0;0;62;0;50;0;
1077;1524969;861024256;13107200;889339904;0;0;0;0;0;0;0;0;0;0;0;1553;0;0;62;0;50;0;
1078;1692975;861024256;13107200;889339904;0;0;0;0;0;0;0;0;0;0;0;1432;0;0;62;0;50;0;
1079;1420794;861024256;13107200;889339904;0;0;0;0;0;0;0;0;0;0;0;1453;0;0;62;0;50;0;
1080;1344221;861024256;13107200;889339904;0;0;0;0;0;0;0;0;0;0;0;1533;0;0;62;0;50;0;
1081;1514199;861024256;13107200;889339904;0;0;0;0;0;0;0;0;0;0;0;1493;0;0;62;0;50;0;
1082;1243472;861024256;13107200;889339904;0;0;0;0;0;0;0;0;0;0;0;1463;0;0;62;0;50;0;
1083;1648542;861024256;13107200;889339904;0;0;0;0;0;0;0;0;0;0;0;1383;0;0;62;0;50;0;
1084;1560226;861024256;13107200;889339904;0;0;0;0;0;0;0;0;0;0;0;1442;0;0;62;0;50;0;
1085;1506075;861024256;13107200;889339904;0;0;0;0;0;0;0;0;0;0;0;1644;0;0;62;0;50;0;
1086;1420434;861024256;13107200;889339904;0;0;0;0;0;0;0;0;0;0;0;1673;0;0;62;0;50;0;
1087;1245465;861024256;13107200;889339904;0;0;0;0;0;0;0;0;0;0;0;1373;0;0;62;0;50;0;
1088;1894423;861024256;13107200;889339904;0;0;0;0;0;0;0;0;0;0;0;1393;0;0;62;0;50;0;
1089;3343310;867315712;13107200;906117120;0;0;0;0;0;0;0;0;0;0;0;3547;0;0;63;0;50;0;
1090;1990172;867315712;13107200;906117120;0;0;0;0;0;0;0;0;0;0;0;2064;0;0;63;0;50;0;
1091;1371462;867315712;13107200;906117120;0;0;0;0;0;0;0;0;0;0;0;1512;0;0;63;0;50;0;
1092;1304697;867315712;13107200;906117120;0;0;0;0;0;0;0;0;0;0;0;1432;0;0;63;0;50;0;
1093;2389381;867315712;13107200;906117120;0;0;0;0;0;0;0;0;0;0;0;1413;0;0;63;0;50;0;
1094;1282735;867315712;13107200;906117120;0;0;0;0;0;0;0;0;0;0;0;1533;0;0;63;0;50;0;
1095;1115562;867315712;13107200;906117120;0;0;0;0;0;0;0;0;0;0;0;1432;0;0;63;0;50;0;
1096;1174883;867315712;13107200;906117120;0;0;0;0;0;0;0;0;0;0;0;1373;0;0;63;0;50;0;
1097;1258810;867315712;13107200;906117120;0;0;0;0;0;0;0;0;0;0;0;1543;0;0;63;0;50;0;
1098;1420855;867315712;13107200;906117120;0;0;0;0;0;0;0;0;0;0;0;1423;0;0;63;0;50;0;
1099;3532014;871280640;13107200;906117120;0;0;0;0;0;0;0;0;0;0;0;1963;0;0;64;0;50;0;
1100;1291271;871280640;13107200;906117120;0;0;0;0;0;0;0;0;0;0;0;1413;0;0;64;0;50;0;
1101;986861;871280640;13107200;906117120;0;0;0;0;0;0;0;0;0;0;0;1383;0;0;64;0;50;0;
1102;1279860;871280640;13107200;906117120;0;0;0;0;0;0;0;0;0;0;0;1653;0;0;64;0;50;0;
1103;1760832;871280640;13107200;906117120;0;0;0;0;0;0;0;0;0;0;0;1533;0;0;64;0;50;0;
1104;1093170;871280640;13107200;906117120;0;0;0;0;0;0;0;0;0;0;0;1943;0;0;64;0;50;0;
1105;981010;871280640;13107200;906117120;0;0;0;0;0;0;0;0;0;0;0;1433;0;0;64;0;50;0;
1106;1221060;871280640;13107200;906117120;0;0;0;0;0;0;0;0;0;0;0;1523;0;0;64;0;50;0;
1107;1385379;871280640;13107200;906117120;0;0;0;0;0;0;0;0;0;0;0;1613;0;0;64;0;50;0;
1108;1540339;871280640;13107200;906117120;0;0;0;0;0;0;0;0;0;0;0;1423;0;0;64;0;50;0;
1109;1347127;871280640;13107200;906117120;0;0;0;0;0;0;0;0;0;0;0;1533;0;0;64;0;50;0;
1110;1550076;871280640;13107200;906117120;0;0;0;0;0;0;0;0;0;0;0;1432;0;0;64;0;50;0;
1111;1459267;871546880;13107200;906117120;0;0;0;0;0;0;0;0;0;0;0;1613;0;0;64;0;50;0;
1112;1151229;871817216;13107200;906117120;0;0;0;0;0;0;0;0;0;0;0;1563;0;0;64;0;50;0;
1113;2088236;871817216;13107200;906117120;0;0;0;0;0;0;0;0;0;0;0;1643;0;0;64;0;50;0;
1114;1585664;871817216;13107200;906117120;0;0;0;0;0;0;0;0;0;0;0;1644;0;0;64;0;50;0;
1115;1270723;871817216;13107200;906117120;0;0;0;0;0;0;0;0;0;0;0;1563;0;0;64;0;50;0;
1116;1118718;871817216;13107200;906117120;0;0;0;0;0;0;0;0;0;0;0;1453;0;0;64;0;50;0;
1117;1710838;871817216;13107200;906117120;0;0;0;0;0;0;0;0;0;0;0;1443;0;0;64;0;50;0;
1118;1363357;871817216;13107200;906117120;0;0;0;0;0;0;0;0;0;0;0;1653;0;0;64;0;50;0;
1119;1150067;871817216;13107200;906117120;0;0;0;0;0;0;0;0;0;0;0;1563;0;0;64;0;50;0;
1120;1209267;871817216;13107200;906117120;0;0;0;0;0;0;0;0;0;0;0;1423;0;0;64;0;50;0;
1121;1415985;871817216;13107200;906117120;0;0;0;0;0;0;0;0;0;0;0;1593;0;0;64;0;50;0;
1122;3299147;876339200;13107200;906117120;0;0;0;0;0;0;0;0;0;0;0;2475;0;0;65;0;50;0;
1123;2429537;876531712;13099008;906108928;0;0;0;0;0;0;0;0;0;0;0;1483;0;0;65;0;50;0;
1124;1015965;876531712;13099008;906108928;0;0;0;0;0;0;0;0;0;0;0;1483;0;0;65;0;50;0;
1125;1314495;876531712;13099008;906108928;0;0;0;0;0;0;0;0;0;0;0;1543;0;0;65;0;50;0;
1126;1421125;876531712;13099008;906108928;0;0;0;0;0;0;0;0;0;0;0;1373;0;0;65;0;50;0;
1127;1129368;876531712;13099008;906108928;0;0;0;0;0;0;0;0;0;0;0;1453;0;0;65;0;50;0;
1128;1523498;876531712;13099008;906108928;0;0;0;0;0;0;0;0;0;0;0;1793;0;0;65;0;50;0;
1129;1210941;876531712;13099008;906108928;0;0;0;0;0;0;0;0;0;0;0;1453;0;0;65;0;50;0;
1130;1431064;876531712;13099008;906108928;0;0;0;0;0;0;0;0;0;0;0;1402;0;0;65;0;50;0;
1131;1342719;876531712;13099008;906108928;0;0;0;0;0;0;0;0;0;0;0;1503;0;0;65;0;50;0;
1132;3969204;880582656;13099008;906108928;0;0;0;0;0;0;0;0;0;0;0;2184;0;0;66;0;50;0;
1133;1959134;880582656;13099008;906108928;0;0;0;0;0;0;0;0;0;0;0;1423;0;0;66;0;50;0;
1134;1622463;880582656;13099008;906108928;0;0;0;0;0;0;0;0;0;0;0;1412;0;0;66;0;50;0;
1135;1714235;880582656;13099008;906108928;0;0;0;0;0;0;0;0;0;0;0;1453;0;0;66;0;50;0;
1136;1245576;880582656;13099008;906108928;0;0;0;0;0;0;0;0;0;0;0;1583;0;0;66;0;50;0;
1137;1097559;880582656;13099008;906108928;0;0;0;0;0;0;0;0;0;0;0;1583;0;0;66;0;50;0;
1138;869641;880582656;13099008;906108928;0;0;0;0;0;0;0;0;0;0;0;1382;0;0;66;0;50;0;
1139;1302392;880582656;13099008;906108928;0;0;0;0;0;0;0;0;0;0;0;1402;0;0;66;0;50;0;
1140;851918;880582656;13099008;906108928;0;0;0;0;0;0;0;0;0;0;0;1563;0;0;66;0;50;0;
1141;1722510;880582656;13099008;906108928;0;0;0;0;0;0;0;0;0;0;0;1463;0;0;66;0;50;0;
1142;1584241;880582656;13099008;906108928;0;0;0;0;0;0;0;0;0;0;0;1362;0;0;66;0;50;0;
1143;1214918;880582656;13099008;906108928;0;0;0;0;0;0;0;0;0;0;0;1432;0;0;66;0;50;0;
1144;1234896;880582656;13099008;906108928;0;0;0;0;0;0;0;0;0;0;0;1533;0;0;66;0;50;0;
1145;1291081;880582656;13099008;906108928;0;0;0;0;0;0;0;0;0;0;0;1643;0;0;66;0;50;0;
1146;1695981;880582656;13099008;906108928;0;0;0;0;0;0;0;0;0;0;0;1553;0;0;66;0;50;0;
1147;2324490;880582656;13099008;906108928;0;0;0;0;0;0;0;0;0;0;0;1683;0;0;66;0;50;0;
1148;1689749;880582656;13099008;906108928;0;0;0;0;0;0;0;0;0;0;0;1673;0;0;66;0;50;0;
1149;1589251;880582656;13099008;906108928;0;0;0;0;0;0;0;0;0;0;0;1463;0;0;66;0;50;0;
1150;1935960;880582656;13099008;906108928;0;0;0;0;0;0;0;0;0;0;0;1443;0;0;66;0;50;0;
1151;1015074;880582656;13099008;906108928;0;0;0;0;0;0;0;0;0;0;0;1653;0;0;66;0;50;0;
1152;1486718;880582656;13099008;906108928;0;0;0;0;0;0;0;0;0;0;0;1853;0;0;66;0;50;0;
1153;1280932;880582656;13099008;906108928;0;0;0;0;0;0;0;0;0;0;0;1553;0;0;66;0;50;0;
1154;1091177;880582656;13099008;906108928;0;0;0;0;0;0;0;0;0;0;0;1323;0;0;66;0;50;0;
1155;1656446;880582656;13099008;906108928;0;0;0;0;0;0;0;0;0;0;0;1703;0;0;66;0;50;0;
1156;1840872;884776960;13099008;922886144;0;0;0;0;0;0;0;0;0;0;0;2454;0;0;66;0;50;0;
1157;1150818;884776960;13099008;922886144;0;0;0;0;0;0;0;0;0;0;0;1412;0;0;66;0;50;0;
1158;994164;884776960;13099008;922886144;0;0;0;0;0;0;0;0;0;0;0;1462;0;0;66;0;50;0;
1159;3905394;884776960;13099008;922886144;0;0;0;0;0;0;0;0;0;0;0;1533;0;0;66;0;50;0;
1160;1937835;884776960;13099008;922886144;0;0;0;0;0;0;0;0;0;0;0;1442;0;0;66;0;50;0;
1161;1147803;884776960;13099008;922886144;0;0;0;0;0;0;0;0;0;0;0;1403;0;0;66;0;50;0;
1162;913764;884776960;13099008;922886144;0;0;0;0;0;0;0;0;0;0;0;1403;0;0;66;0;50;0;
1163;1007930;884776960;13099008;922886144;0;0;0;0;0;0;0;0;0;0;0;1383;0;0;66;0;50;0;
1164;1333681;884776960;13099008;922886144;0;0;0;0;0;0;0;0;0;0;0;1443;0;0;66;0;50;0;
1165;955382;884776960;13099008;922886144;0;0;0;0;0;0;0;0;0;0;0;1373;0;0;66;0;50;0;
1166;1290400;884776960;13099008;922886144;0;0;0;0;0;0;0;0;0;0;0;1783;0;0;66;0;50;0;
1167;1664482;884776960;13099008;922886144;0;0;0;0;0;0;0;0;0;0;0;1824;0;0;66;0;50;0;
1168;1009754;884776960;13099008;922886144;0;0;0;0;0;0;0;0;0;0;0;1472;0;0;66;0;50;0;
1169;1409403;884776960;13099008;922886144;0;0;0;0;0;0;0;0;0;0;0;1373;0;0;66;0;50;0;
1170;1365911;884776960;13099008;922886144;0;0;0;0;0;0;0;0;0;0;0;1513;0;0;66;0;50;0;
1171;1075868;884776960;13099008;922886144;0;0;0;0;0;0;0;0;0;0;0;1462;0;0;66;0;50;0;
1172;874279;884776960;13099008;922886144;0;0;0;0;0;0;0;0;0;0;0;1423;0;0;66;0;50;0;
1173;836940;884776960;13099008;922886144;0;0;0;0;0;0;0;0;0;0;0;1473;0;0;66;0;50;0;
1174;861155;884776960;13099008;922886144;0;0;0;0;0;0;0;0;0;0;0;1463;0;0;66;0;50;0;
1175;1045390;884776960;13099008;922886144;0;0;0;0;0;0;0;0;0;0;0;1653;0;0;66;0;50;0;
1176;1022858;884776960;13099008;922886144;0;0;0;0;0;0;0;0;0;0;0;1433;0;0;66;0;50;0;
1177;1067522;884776960;13099008;922886144;0;0;0;0;0;0;0;0;0;0;0;1383;0;0;66;0;50;0;
1178;2777208;889016320;13099008;922886144;0;0;0;0;0;0;0;0;0;0;0;2194;0;0;67;0;50;0;
1179;1391791;889016320;13099008;922886144;0;0;0;0;0;0;0;0;0;0;0;1363;0;0;67;0;50;0;
1180;1879405;889016320;13099008;922886144;0;0;0;0;0;0;0;0;0;0;0;1513;0;0;67;0;50;0;
1181;1090786;889016320;13099008;922886144;0;0;0;0;0;0;0;0;0;0;0;1403;0;0;67;0;50;0;
1182;1083261;889016320;13099008;922886144;0;0;0;0;0;0;0;0;0;0;0;1372;0;0;67;0;50;0;
1183;1027788;889016320;13099008;922886144;0;0;0;0;0;0;0;0;0;0;0;1412;0;0;67;0;50;0;
1184;904557;889016320;13099008;922886144;0;0;0;0;0;0;0;0;0;0;0;1432;0;0;67;0;50;0;
1185;976081;889016320;13099008;922886144;0;0;0;0;0;0;0;0;0;0;0;1593;0;0;67;0;50;0;
1186;1868364;889016320;13099008;922886144;0;0;0;0;0;0;0;0;0;0;0;1433;0;0;67;0;50;0;
1187;1553744;889016320;13099008;922886144;0;0;0;0;0;0;0;0;0;0;0;1493;0;0;67;0;50;0;
1188;1319865;889016320;13099008;922886144;0;0;0;0;0;0;0;0;0;0;0;1623;0;0;67;0;50;0;
1189;2564970;893263872;13099008;922886144;0;0;0;0;0;0;0;0;0;0;0;2205;0;0;68;0;50;0;
1190;1310809;893263872;13099008;922886144;0;0;0;0;0;0;0;0;0;0;0;1452;0;0;68;0;50;0;
1191;1744972;893263872;13099008;922886144;0;0;0;0;0;0;0;0;0;0;0;1403;0;0;68;0;50;0;
1192;1449879;893263872;13099008;922886144;0;0;0;0;0;0;0;0;0;0;0;1803;0;0;68;0;50;0;
1193;1217664;893263872;13099008;922886144;0;0;0;0;0;0;0;0;0;0;0;1663;0;0;68;0;50;0;
1194;982623;893263872;13099008;922886144;0;0;0;0;0;0;0;0;0;0;0;1403;0;0;68;0;50;0;
1195;1040942;893263872;13099008;922886144;0;0;0;0;0;0;0;0;0;0;0;1493;0;0;68;0;50;0;
1196;1586526;893263872;13099008;922886144;0;0;0;0;0;0;0;0;0;0;0;1423;0;0;68;0;50;0;
1197;1003252;893263872;13099008;922886144;0;0;0;0;0;0;0;0;0;0;0;1392;0;0;68;0;50;0;
1198;855014;893263872;13099008;922886144;0;0;0;0;0;0;0;0;0;0;0;1483;0;0;68;0;50;0;
1199;1129057;893263872;13099008;922886144;0;0;0;0;0;0;0;0;0;0;0;1372;0;0;68;0;50;0;
1200;1060509;893263872;13099008;922886144;0;0;0;0;0;0;0;0;0;0;0;1433;0;0;68;0;50;0;
1201;1162099;893263872;13099008;922886144;0;0;0;0;0;0;0;0;0;0;0;1373;0;0;68;0;50;0;
1202;996379;893263872;13099008;922886144;0;0;0;0;0;0;0;0;0;0;0;1402;0;0;68;0;50;0;
1203;1130460;893263872;13099008;922886144;0;0;0;0;0;0;0;0;0;0;0;1483;0;0;68;0;50;0;
1204;1536431;893263872;13099008;922886144;0;0;0;0;0;0;0;0;0;0;0;1352;0;0;68;0;50;0;
1205;2400091;897458176;13099008;939663360;0;0;0;0;0;0;0;0;0;0;0;1583;0;0;68;0;50;0;
1206;1267417;897458176;13099008;939663360;0;0;0;0;0;0;0;0;0;0;0;1754;0;0;68;0;50;0;
1207;1197897;897458176;13099008;939663360;0;0;0;0;0;0;0;0;0;0;0;1463;0;0;68;0;50;0;
1208;898635;897458176;13099008;939663360;0;0;0;0;0;0;0;0;0;0;0;1473;0;0;68;0;50;0;
1209;998172;897458176;13099008;939663360;0;0;0;0;0;0;0;0;0;0;0;1342;0;0;68;0;50;0;
1210;1014853;897458176;13099008;939663360;0;0;0;0;0;0;0;0;0;0;0;1463;0;0;68;0;50;0;
1211;985799;897458176;13099008;939663360;0;0;0;0;0;0;0;0;0;0;0;1393;0;0;68;0;50;0;
1212;1038588;897458176;13099008;939663360;0;0;0;0;0;0;0;0;0;0;0;1452;0;0;68;0;50;0;
1213;1102247;897458176;13099008;939663360;0;0;0;0;0;0;0;0;0;0;0;1413;0;0;68;0;50;0;
1214;1873273;897458176;13099008;939663360;0;0;0;0;0;0;0;0;0;0;0;1623;0;0;68;0;50;0;
1215;2604635;901697536;13099008;939663360;0;0;0;0;0;0;0;0;0;0;0;2555;0;0;69;0;50;0;
1216;1128125;901697536;13099008;939663360;0;0;0;0;0;0;0;0;0;0;0;1443;0;0;69;0;50;0;
1217;1501326;901697536;13099008;939663360;0;0;0;0;0;0;0;0;0;0;0;1452;0;0;69;0;50;0;
1218;961804;901697536;13099008;939663360;0;0;0;0;0;0;0;0;0;0;0;1403;0;0;69;0;50;0;
1219;901921;901697536;13099008;939663360;0;0;0;0;0;0;0;0;0;0;0;1402;0;0;69;0;50;0;
1220;944882;901697536;13099008;939663360;0;0;0;0;0;0;0;0;0;0;0;1422;0;0;69;0;50;0;
1221;1036645;901697536;13099008;939663360;0;0;0;0;0;0;0;0;0;0;0;1442;0;0;69;0;50;0;
1222;1062462;901697536;13099008;939663360;0;0;0;0;0;0;0;0;0;0;0;2805;0;0;69;0;50;0;
1223;1493110;901697536;13099008;939663360;0;0;0;0;0;0;0;0;0;0;0;1453;0;0;69;0;50;0;
1224;1024591;901697536;13099008;939663360;0;0;0;0;0;0;0;0;0;0;0;1413;0;0;69;0;50;0;
1225;1113368;901697536;13099008;939663360;0;0;0;0;0;0;0;0;0;0;0;1352;0;0;69;0;50;0;
1226;766878;901697536;13099008;939663360;0;0;0;0;0;0;0;0;0;0;0;1603;0;0;69;0;50;0;
1227;888156;901697536;13099008;939663360;0;0;0;0;0;0;0;0;0;0;0;1522;0;0;69;0;50;0;
1228;793709;901697536;13099008;939663360;0;0;0;0;0;0;0;0;0;0;0;1503;0;0;69;0;50;0;
1229;793569;901697536;13099008;939663360;0;0;0;0;0;0;0;0;0;0;0;1403;0;0;69;0;50;0;
1230;1031464;901697536;13099008;939663360;0;0;0;0;0;0;0;0;0;0;0;1573;0;0;69;0;50;0;
1231;931988;901697536;13099008;939663360;0;0;0;0;0;0;0;0;0;0;0;1492;0;0;69;0;50;0;
1232;1627973;901697536;13099008;939663360;0;0;0;0;0;0;0;0;0;0;0;1192;0;0;69;0;50;0;
1233;1683347;901697536;13099008;939663360;0;0;0;0;0;0;0;0;0;0;0;1412;0;0;69;0;50;0;
1234;1408031;901697536;13099008;939663360;0;0;0;0;0;0;0;0;0;0;0;1674;0;0;69;0;50;0;
1235;928131;901697536;13099008;939663360;0;0;0;0;0;0;0;0;0;0;0;1543;0;0;69;0;50;0;
1236;1113728;901697536;13099008;939663360;0;0;0;0;0;0;0;0;0;0;0;1483;0;0;69;0;50;0;
1237;1122685;901697536;13099008;939663360;0;0;0;0;0;0;0;0;0;0;0;1473;0;0;69;0;50;0;
1238;1175404;901697536;13099008;939663360;0;0;0;0;0;0;0;0;0;0;0;1452;0;0;69;0;50;0;
1239;1500804;901697536;13099008;939663360;0;0;0;0;0;0;0;0;0;0;0;1362;0;0;69;0;50;0;
1240;1039690;901697536;13099008;939663360;0;0;0;0;0;0;0;0;0;0;0;1503;0;0;69;0;50;0;
1241;1557200;901677056;12906496;939470848;0;0;0;0;0;0;0;0;0;0;0;1393;0;0;69;0;50;0;
1242;3254323;907968512;12906496;956248064;0;0;0;0;0;0;0;0;0;0;0;3426;0;0;70;0;50;0;
1243;1513017;907968512;12906496;956248064;0;0;0;0;0;0;0;0;0;0;0;1643;0;0;70;0;50;0;
1244;1030502;907968512;12906496;956248064;0;0;0;0;0;0;0;0;0;0;0;1453;0;0;70;0;50;0;
1245;2930756;907968512;12906496;956248064;0;0;0;0;0;0;0;0;0;0;0;1523;0;0;70;0;50;0;
1246;955552;907968512;12906496;956248064;0;0;0;0;0;0;0;0;0;0;0;1393;0;0;70;0;50;0;
1247;1087981;907968512;12906496;956248064;0;0;0;0;0;0;0;0;0;0;0;1393;0;0;70;0;50;0;
1248;848781;907968512;12906496;956248064;0;0;0;0;0;0;0;0;0;0;0;1352;0;0;70;0;50;0;
1249;1209979;907968512;12906496;956248064;0;0;0;0;0;0;0;0;0;0;0;1393;0;0;70;0;50;0;
1250;5856714;907968512;12906496;956248064;0;0;0;0;0;0;0;0;0;0;0;1393;0;0;70;0;50;0;
1251;4186492;912191488;12906496;956248064;0;0;0;0;0;0;0;0;0;0;0;2374;0;0;71;0;50;0;
1252;1446513;912191488;12906496;956248064;0;0;0;0;0;0;0;0;0;0;0;2014;0;0;71;0;50;0;
1253;1041994;912191488;12906496;956248064;0;0;0;0;0;0;0;0;0;0;0;1513;0;0;71;0;50;0;
1254;1361183;912191488;12906496;956248064;0;0;0;0;0;0;0;0;0;0;0;1432;0;0;71;0;50;0;
1255;1285681;912191488;12906496;956248064;0;0;0;0;0;0;0;0;0;0;0;1423;0;0;71;0;50;0;
1256;1155356;912191488;12906496;956248064;0;0;0;0;0;0;0;0;0;0;0;1483;0;0;71;0;50;0;
1257;1489534;912191488;12906496;956248064;0;0;0;0;0;0;0;0;0;0;0;1643;0;0;71;0;50;0;
1258;1038458;912191488;12906496;956248064;0;0;0;0;0;0;0;0;0;0;0;1373;0;0;71;0;50;0;
1259;1837566;912080896;12709888;956051456;0;0;0;0;0;0;0;0;0;0;0;1953;0;0;71;0;50;0;
1260;1899482;918372352;12709888;972828672;0;0;0;0;0;0;0;0;0;0;0;2144;0;0;72;0;50;0;
1261;894859;918372352;12709888;972828672;0;0;0;0;0;0;0;0;0;0;0;1493;0;0;72;0;50;0;
1262;930665;918372352;12709888;972828672;0;0;0;0;0;0;0;0;0;0;0;1553;0;0;72;0;50;0;
1263;1249744;918372352;12709888;972828672;0;0;0;0;0;0;0;0;0;0;0;1703;0;0;72;0;50;0;
1264;706425;918372352;12709888;972828672;0;0;0;0;0;0;0;0;0;0;0;1433;0;0;72;0;50;0;
1265;895309;918372352;12709888;972828672;0;0;0;0;0;0;0;0;0;0;0;1422;0;0;72;0;50;0;
1266;1120602;918372352;12709888;972828672;0;0;0;0;0;0;0;0;0;0;0;1482;0;0;72;0;50;0;
1267;2051918;918372352;12709888;972828672;0;0;0;0;0;0;0;0;0;0;0;1393;0;0;72;0;50;0;
1268;1491387;918372352;12709888;972828672;0;0;0;0;0;0;0;0;0;0;0;1714;0;0;72;0;50;0;
1269;1152211;918372352;12709888;972828672;0;0;0;0;0;0;0;0;0;0;0;1733;0;0;72;0;50;0;
1270;1173191;918372352;12709888;972828672;0;0;0;0;0;0;0;0;0;0;0;1393;0;0;72;0;50;0;
1271;846818;918372352;12709888;972828672;0;0;0;0;0;0;0;0;0;0;0;1392;0;0;72;0;50;0;
1272;962706;918372352;12709888;972828672;0;0;0;0;0;0;0;0;0;0;0;1453;0;0;72;0;50;0;
1273;1288055;918372352;12709888;972828672;0;0;0;0;0;0;0;0;0;0;0;1402;0;0;72;0;50;0;
1274;2849615;922398720;12709888;972828672;0;0;0;0;0;0;0;0;0;0;0;2965;0;0;73;0;50;0;
1275;2260569;922398720;12709888;972828672;0;0;0;0;0;0;0;0;0;0;0;1473;0;0;73;0;50;0;
1276;1279289;922398720;12709888;972828672;0;0;0;0;0;0;0;0;0;0;0;1693;0;0;73;0;50;0;
1277;1023539;922398720;12709888;972828672;0;0;0;0;0;0;0;0;0;0;0;1412;0;0;73;0;50;0;
1278;1125491;922398720;12709888;972828672;0;0;0;0;0;0;0;0;0;0;0;1553;0;0;73;0;50;0;
1279;1207915;922398720;12709888;972828672;0;0;0;0;0;0;0;0;0;0;0;1422;0;0;73;0;50;0;
1280;959870;922398720;12709888;972828672;0;0;0;0;0;0;0;0;0;0;0;1533;0;0;73;0;50;0;
1281;1004554;922398720;12709888;972828672;0;0;0;0;0;0;0;0;0;0;0;1373;0;0;73;0;50;0;
1282;946475;922398720;12709888;972828672;0;0;0;0;0;0;0;0;0;0;0;1373;0;0;73;0;50;0;
1283;1336847;922398720;12709888;972828672;0;0;0;0;0;0;0;0;0;0;0;1413;0;0;73;0;50;0;
1284;1005526;922398720;12709888;972828672;0;0;0;0;0;0;0;0;0;0;0;1633;0;0;73;0;50;0;
1285;1173881;922398720;12709888;972828672;0;0;0;0;0;0;0;0;0;0;0;1433;0;0;73;0;50;0;
1286;2586852;926646272;12709888;972828672;0;0;0;0;0;0;0;0;0;0;0;1773;0;0;74;0;50;0;
1287;1122405;926646272;12709888;972828672;0;0;0;0;0;0;0;0;0;0;0;1703;0;0;74;0;50;0;
1288;1204238;926646272;12709888;972828672;0;0;0;0;0;0;0;0;0;0;0;1763;0;0;74;0;50;0;
1289;945713;926646272;12709888;972828672;0;0;0;0;0;0;0;0;0;0;0;1543;0;0;74;0;50;0;
1290;931597;926646272;12709888;972828672;0;0;0;0;0;0;0;0;0;0;0;1432;0;0;74;0;50;0;
1291;1486768;926646272;12709888;972828672;0;0;0;0;0;0;0;0;0;0;0;1413;0;0;74;0;50;0;
1292;1325506;926646272;12709888;972828672;0;0;0;0;0;0;0;0;0;0;0;1613;0;0;74;0;50;0;
1293;1209509;926646272;12709888;972828672;0;0;0;0;0;0;0;0;0;0;0;1403;0;0;74;0;50;0;
1294;981651;926646272;12709888;972828672;0;0;0;0;0;0;0;0;0;0;0;1743;0;0;74;0;50;0;
1295;1003833;926646272;12709888;972828672;0;0;0;0;0;0;0;0;0;0;0;1442;0;0;74;0;50;0;
1296;1276033;926646272;12709888;972828672;0;0;0;0;0;0;0;0;0;0;0;1483;0;0;74;0;50;0;
1297;1310277;926646272;12709888;972828672;0;0;0;0;0;0;0;0;0;0;0;1403;0;0;74;0;50;0;
1298;1719295;926646272;12709888;972828672;0;0;0;0;0;0;0;0;0;0;0;1392;0;0;74;0;50;0;
1299;1882570;926646272;12709888;972828672;0;0;0;0;0;0;0;0;0;0;0;1363;0;0;74;0;50;0;
1300;1597866;926646272;12709888;972828672;0;0;0;0;0;0;0;0;0;0;0;1573;0;0;74;0;50;0;
1301;2256913;926646272;12709888;972828672;0;0;0;0;0;0;0;0;0;0;0;1694;0;0;74;0;50;0;
1302;1790158;926646272;12709888;972828672;0;0;0;0;0;0;0;0;0;0;0;1563;0;0;74;0;50;0;
1303;1374928;926646272;12709888;972828672;0;0;0;0;0;0;0;0;0;0;0;1352;0;0;74;0;50;0;
1304;1537283;926646272;12709888;972828672;0;0;0;0;0;0;0;0;0;0;0;1433;0;0;74;0;50;0;
1305;1388093;926646272;12709888;972828672;0;0;0;0;0;0;0;0;0;0;0;1543;0;0;74;0;50;0;
1306;1364749;926646272;12709888;972828672;0;0;0;0;0;0;0;0;0;0;0;1693;0;0;74;0;50;0;
1307;1870979;925020160;10874880;970993664;0;0;0;0;0;0;0;0;0;0;0;1473;0;0;74;0;50;0;
1308;2460384;931311616;10874880;987770880;0;0;0;0;0;0;0;0;0;0;0;2785;0;0;75;0;50;0;
1309;1274009;931311616;10874880;987770880;0;0;0;0;0;0;0;0;0;0;0;1383;0;0;75;0;50;0;
1310;1469776;931311616;10874880;987770880;0;0;0;0;0;0;0;0;0;0;0;1433;0;0;75;0;50;0;
1311;1663049;931311616;10874880;987770880;0;0;0;0;0;0;0;0;0;0;0;1432;0;0;75;0;50;0;
1312;2162976;931311616;10874880;987770880;0;0;0;0;0;0;0;0;0;0;0;1573;0;0;75;0;50;0;
1313;1878263;931311616;10874880;987770880;0;0;0;0;0;0;0;0;0;0;0;1442;0;0;75;0;50;0;
1314;1712572;931311616;10874880;987770880;0;0;0;0;0;0;0;0;0;0;0;1493;0;0;75;0;50;0;
1315;2511771;931553280;12709888;989605888;0;0;0;0;0;0;0;0;0;0;0;1383;0;0;75;0;50;0;
1316;1946019;931553280;12709888;989605888;0;0;0;0;0;0;0;0;0;0;0;1463;0;0;75;0;50;0;
1317;1245145;931553280;12709888;989605888;0;0;0;0;0;0;0;0;0;0;0;1453;0;0;75;0;50;0;
1318;1146831;931553280;12709888;989605888;0;0;0;0;0;0;0;0;0;0;0;1433;0;0;75;0;50;0;
1319;1589271;931553280;12709888;989605888;0;0;0;0;0;0;0;0;0;0;0;1453;0;0;75;0;50;0;
1320;1981446;931553280;12709888;989605888;0;0;0;0;0;0;0;0;0;0;0;1413;0;0;75;0;50;0;
1321;1452264;931553280;12709888;989605888;0;0;0;0;0;0;0;0;0;0;0;1723;0;0;75;0;50;0;
1322;1630388;931553280;12709888;989605888;0;0;0;0;0;0;0;0;0;0;0;1303;0;0;75;0;50;0;
1323;2057529;931819520;12709888;989605888;0;0;0;0;0;0;0;0;0;0;0;1352;0;0;75;0;50;0;
1324;1212774;931819520;12709888;989605888;0;0;0;0;0;0;0;0;0;0;0;2024;0;0;75;0;50;0;
1325;1719785;931819520;12709888;989605888;0;0;0;0;0;0;0;0;0;0;0;1442;0;0;75;0;50;0;
1326;1283337;931819520;12709888;989605888;0;0;0;0;0;0;0;0;0;0;0;1403;0;0;75;0;50;0;
1327;1149596;931819520;12709888;989605888;0;0;0;0;0;0;0;0;0;0;0;1503;0;0;75;0;50;0;
1328;3402841;938110976;12709888;1006383104;0;0;0;0;0;0;0;0;0;0;0;3467;0;0;76;0;50;0;
1329;1450720;938110976;12709888;1006383104;0;0;0;0;0;0;0;0;0;0;0;1472;0;0;76;0;50;0;
1330;1947563;938364928;12709888;1006383104;0;0;0;0;0;0;0;0;0;0;0;1744;0;0;76;0;50;0;
1331;4539894;938635264;12709888;1006383104;0;0;0;0;0;0;0;0;0;0;0;1432;0;0;76;0;50;0;
1332;2577354;938905600;12713984;1006387200;0;0;0;0;0;0;0;0;0;0;0;1783;0;0;76;0;50;0;
1333;1490575;938905600;12713984;1006387200;0;0;0;0;0;0;0;0;0;0;0;1513;0;0;76;0;50;0;
1334;1456712;938905600;12713984;1006387200;0;0;0;0;0;0;0;0;0;0;0;1182;0;0;76;0;50;0;
1335;3851152;942956544;12713984;1006387200;0;0;0;0;0;0;0;0;0;0;0;1603;0;0;77;0;50;0;
1336;1415274;942956544;12713984;1006387200;0;0;0;0;0;0;0;0;0;0;0;1553;0;0;77;0;50;0;
1337;1726118;942956544;12713984;1006387200;0;0;0;0;0;0;0;0;0;0;0;1532;0;0;77;0;50;0;
1338;1229516;942956544;12713984;1006387200;0;0;0;0;0;0;0;0;0;0;0;1463;0;0;77;0;50;0;
1339;1010526;942956544;12713984;1006387200;0;0;0;0;0;0;0;0;0;0;0;1463;0;0;77;0;50;0;
1340;2852570;942956544;12713984;1006387200;0;0;0;0;0;0;0;0;0;0;0;1183;0;0;77;0;50;0;
1341;1461090;942956544;12713984;1006387200;0;0;0;0;0;0;0;0;0;0;0;1373;0;0;77;0;50;0;
1342;1603057;942956544;12713984;1006387200;0;0;0;0;0;0;0;0;0;0;0;1393;0;0;77;0;50;0;
1343;1598708;942956544;12713984;1006387200;0;0;0;0;0;0;0;0;0;0;0;1422;0;0;77;0;50;0;
1344;3106546;947200000;12713984;1006387200;0;0;0;0;0;0;0;0;0;0;0;2585;0;0;78;0;50;0;
1345;1506586;947200000;12713984;1006387200;0;0;0;0;0;0;0;0;0;0;0;1563;0;0;78;0;50;0;
1346;1795948;947200000;12713984;1006387200;0;0;0;0;0;0;0;0;0;0;0;1383;0;0;78;0;50;0;
1347;1681523;947200000;12713984;1006387200;0;0;0;0;0;0;0;0;0;0;0;1593;0;0;78;0;50;0;
1348;2168296;947200000;12713984;1006387200;0;0;0;0;0;0;0;0;0;0;0;1512;0;0;78;0;50;0;
1349;1758458;947200000;12713984;1006387200;0;0;0;0;0;0;0;0;0;0;0;1523;0;0;78;0;50;0;
1350;1100654;947200000;12713984;1006387200;0;0;0;0;0;0;0;0;0;0;0;1382;0;0;78;0;50;0;
1351;1163201;947200000;12713984;1006387200;0;0;0;0;0;0;0;0;0;0;0;1513;0;0;78;0;50;0;
1352;1279049;947200000;12713984;1006387200;0;0;0;0;0;0;0;0;0;0;0;1392;0;0;78;0;50;0;
1353;1101917;947200000;12713984;1006387200;0;0;0;0;0;0;0;0;0;0;0;1403;0;0;78;0;50;0;
1354;1403242;947200000;12713984;1006387200;0;0;0;0;0;0;0;0;0;0;0;1382;0;0;78;0;50;0;
1355;1534829;947200000;12713984;1006387200;0;0;0;0;0;0;0;0;0;0;0;1462;0;0;78;0;50;0;
1356;2323477;947200000;12713984;1006387200;0;0;0;0;0;0;0;0;0;0;0;1573;0;0;78;0;50;0;
1357;1651407;947200000;12713984;1006387200;0;0;0;0;0;0;0;0;0;0;0;1363;0;0;78;0;50;0;
1358;1001909;947200000;12713984;1006387200;0;0;0;0;0;0;0;0;0;0;0;1413;0;0;78;0;50;0;
1359;1313443;947200000;12713984;1006387200;0;0;0;0;0;0;0;0;0;0;0;1493;0;0;78;0;50;0;
1360;1148664;947200000;12713984;1006387200;0;0;0;0;0;0;0;0;0;0;0;1423;0;0;78;0;50;0;
1361;1185854;947200000;12713984;1006387200;0;0;0;0;0;0;0;0;0;0;0;1673;0;0;78;0;50;0;
1362;1362926;947200000;12713984;1006387200;0;0;0;0;0;0;0;0;0;0;0;1443;0;0;78;0;50;0;
1363;1182107;947200000;12713984;1006387200;0;0;0;0;0;0;0;0;0;0;0;1442;0;0;78;0;50;0;
1364;2069632;947470336;12713984;1006387200;0;0;0;0;0;0;0;0;0;0;0;1573;0;0;78;0;50;0;
1365;3038408;953761792;12713984;1023164416;0;0;0;0;0;0;0;0;0;0;0;2885;0;0;79;0;50;0;
1366;2378260;953761792;12713984;1023164416;0;0;0;0;0;0;0;0;0;0;0;1633;0;0;79;0;50;0;
1367;1415775;953761792;12713984;1023164416;0;0;0;0;0;0;0;0;0;0;0;1442;0;0;79;0;50;0;
1368;1275612;953761792;12713984;1023164416;0;0;0;0;0;0;0;0;0;0;0;1833;0;0;79;0;50;0;
1369;1362395;953761792;12713984;1023164416;0;0;0;0;0;0;0;0;0;0;0;1423;0;0;79;0;50;0;
1370;1467612;953761792;12713984;1023164416;0;0;0;0;0;0;0;0;0;0;0;1462;0;0;79;0;50;0;
1371;1290501;954007552;12713984;1023164416;0;0;0;0;0;0;0;0;0;0;0;1503;0;0;79;0;50;0;
1372;1839159;954277888;12713984;1023164416;0;0;0;0;0;0;0;0;0;0;0;1723;0;0;79;0;50;0;
1373;1188559;954277888;12713984;1023164416;0;0;0;0;0;0;0;0;0;0;0;1573;0;0;79;0;50;0;
1374;3600372;958529536;12713984;1023164416;0;0;0;0;0;0;0;0;0;0;0;3126;0;0;80;0;50;0;
1375;1843006;962723840;12713984;1039941632;0;0;0;0;0;0;0;0;0;0;0;1583;0;0;80;0;50;0;
1376;1528386;962723840;12713984;1039941632;0;0;0;0;0;0;0;0;0;0;0;1493;0;0;80;0;50;0;
1377;1425282;962723840;12713984;1039941632;0;0;0;0;0;0;0;0;0;0;0;1433;0;0;80;0;50;0;
1378;1997827;962723840;12713984;1039941632;0;0;0;0;0;0;0;0;0;0;0;1433;0;0;80;0;50;0;
1379;1242701;962723840;12713984;1039941632;0;0;0;0;0;0;0;0;0;0;0;1393;0;0;80;0;50;0;
1380;1871400;962723840;12713984;1039941632;0;0;0;0;0;0;0;0;0;0;0;1433;0;0;80;0;50;0;
1381;1578961;962723840;12713984;1039941632;0;0;0;0;0;0;0;0;0;0;0;1292;0;0;80;0;50;0;
1382;1157501;962723840;12713984;1039941632;0;0;0;0;0;0;0;0;0;0;0;1463;0;0;80;0;50;0;
1383;3039430;966963200;12713984;1039941632;0;0;0;0;0;0;0;0;0;0;0;2555;0;0;81;0;50;0;
1384;1158242;966963200;12713984;1039941632;0;0;0;0;0;0;0;0;0;0;0;1423;0;0;81;0;50;0;
1385;1082089;966963200;12713984;1039941632;0;0;0;0;0;0;0;0;0;0;0;1533;0;0;81;0;50;0;
1386;1200030;966963200;12713984;1039941632;0;0;0;0;0;0;0;0;0;0;0;1823;0;0;81;0;50;0;
1387;1236409;966963200;12713984;1039941632;0;0;0;0;0;0;0;0;0;0;0;1332;0;0;81;0;50;0;
1388;1910513;966963200;12713984;1039941632;0;0;0;0;0;0;0;0;0;0;0;1472;0;0;81;0;50;0;
1389;1853997;966963200;12713984;1039941632;0;0;0;0;0;0;0;0;0;0;0;1443;0;0;81;0;50;0;
1390;1059307;966963200;12713984;1039941632;0;0;0;0;0;0;0;0;0;0;0;1413;0;0;81;0;50;0;
1391;1105623;966963200;12713984;1039941632;0;0;0;0;0;0;0;0;0;0;0;1393;0;0;81;0;50;0;
1392;944962;966963200;12713984;1039941632;0;0;0;0;0;0;0;0;0;0;0;1392;0;0;81;0;50;0;
1393;1172538;966963200;12713984;1039941632;0;0;0;0;0;0;0;0;0;0;0;1413;0;0;81;0;50;0;
1394;1073754;966963200;12713984;1039941632;0;0;0;0;0;0;0;0;0;0;0;1393;0;0;81;0;50;0;
1395;3325326;971210752;12713984;1039941632;0;0;0;0;0;0;0;0;0;0;0;2544;0;0;82;0;50;0;
1396;2132630;971210752;12713984;1039941632;0;0;0;0;0;0;0;0;0;0;0;1472;0;0;82;0;50;0;
1397;1326608;971210752;12713984;1039941632;0;0;0;0;0;0;0;0;0;0;0;1433;0;0;82;0;50;0;
1398;1420484;971210752;12713984;1039941632;0;0;0;0;0;0;0;0;0;0;0;1613;0;0;82;0;50;0;
1399;1069115;971210752;12713984;1039941632;0;0;0;0;0;0;0;0;0;0;0;1533;0;0;82;0;50;0;
1400;1515732;971210752;12713984;1039941632;0;0;0;0;0;0;0;0;0;0;0;1403;0;0;82;0;50;0;
1401;1272867;971210752;12713984;1039941632;0;0;0;0;0;0;0;0;0;0;0;1372;0;0;82;0;50;0;
1402;1052824;971210752;12713984;1039941632;0;0;0;0;0;0;0;0;0;0;0;1382;0;0;82;0;50;0;
1403;1122084;971210752;12713984;1039941632;0;0;0;0;0;0;0;0;0;0;0;1533;0;0;82;0;50;0;
1404;4867448;971210752;12713984;1039941632;0;0;0;0;0;0;0;0;0;0;0;1392;0;0;82;0;50;0;
1405;5508220;975261696;12713984;1039941632;0;0;0;0;0;0;0;0;0;0;0;3858;0;0;83;0;50;0;
1406;2692970;975261696;12713984;1039941632;0;0;0;0;0;0;0;0;0;0;0;1773;0;0;83;0;50;0;
1407;1772404;979456000;12713984;1056718848;0;0;0;0;0;0;0;0;0;0;0;1553;0;0;83;0;50;0;
1408;1280181;979456000;12713984;1056718848;0;0;0;0;0;0;0;0;0;0;0;1402;0;0;83;0;50;0;
1409;1214528;979456000;12713984;1056718848;0;0;0;0;0;0;0;0;0;0;0;1443;0;0;83;0;50;0;
1410;1116073;979456000;12713984;1056718848;0;0;0;0;0;0;0;0;0;0;0;1453;0;0;83;0;50;0;
1411;1858786;979456000;12713984;1056718848;0;0;0;0;0;0;0;0;0;0;0;1462;0;0;83;0;50;0;
1412;2627879;979456000;12713984;1056718848;0;0;0;0;0;0;0;0;0;0;0;1623;0;0;83;0;50;0;
1413;1440431;979456000;12713984;1056718848;0;0;0;0;0;0;0;0;0;0;0;1553;0;0;83;0;50;0;
1414;1577519;979456000;12713984;1056718848;0;0;0;0;0;0;0;0;0;0;0;1563;0;0;83;0;50;0;
1415;1169533;979456000;12713984;1056718848;0;0;0;0;0;0;0;0;0;0;0;1423;0;0;83;0;50;0;
1416;1204790;979456000;12713984;1056718848;0;0;0;0;0;0;0;0;0;0;0;1383;0;0;83;0;50;0;
1417;904757;979456000;12713984;1056718848;0;0;0;0;0;0;0;0;0;0;0;1623;0;0;83;0;50;0;
1418;983013;979456000;12713984;1056718848;0;0;0;0;0;0;0;0;0;0;0;1844;0;0;83;0;50;0;
1419;1729533;979456000;12713984;1056718848;0;0;0;0;0;0;0;0;0;0;0;1543;0;0;83;0;50;0;
1420;961302;979456000;12713984;1056718848;0;0;0;0;0;0;0;0;0;0;0;1634;0;0;83;0;50;0;
1421;1088953;979456000;12713984;1056718848;0;0;0;0;0;0;0;0;0;0;0;1443;0;0;83;0;50;0;
1422;1275442;979456000;12713984;1056718848;0;0;0;0;0;0;0;0;0;0;0;1442;0;0;83;0;50;0;
1423;2667022;983695360;12713984;1056718848;0;0;0;0;0;0;0;0;0;0;0;2304;0;0;84;0;50;0;
1424;1478422;983695360;12713984;1056718848;0;0;0;0;0;0;0;0;0;0;0;1463;0;0;84;0;50;0;
1425;1240216;983695360;12713984;1056718848;0;0;0;0;0;0;0;0;0;0;0;1422;0;0;84;0;50;0;
1426;1983991;983695360;12713984;1056718848;0;0;0;0;0;0;0;0;0;0;0;1582;0;0;84;0;50;0;
1427;1374458;983695360;12713984;1056718848;0;0;0;0;0;0;0;0;0;0;0;1483;0;0;84;0;50;0;
1428;1134528;983695360;12713984;1056718848;0;0;0;0;0;0;0;0;0;0;0;1383;0;0;84;0;50;0;
1429;902883;983695360;12713984;1056718848;0;0;0;0;0;0;0;0;0;0;0;1433;0;0;84;0;50;0;
1430;874359;983695360;12713984;1056718848;0;0;0;0;0;0;0;0;0;0;0;1433;0;0;84;0;50;0;
1431;996108;983695360;12713984;1056718848;0;0;0;0;0;0;0;0;0;0;0;1393;0;0;84;0;50;0;
1432;1494814;983695360;12713984;1056718848;0;0;0;0;0;0;0;0;0;0;0;1472;0;0;84;0;50;0;
1433;2030317;983695360;12713984;1056718848;0;0;0;0;0;0;0;0;0;0;0;1573;0;0;84;0;50;0;
1434;2071615;983695360;12713984;1056718848;0;0;0;0;0;0;0;0;0;0;0;1733;0;0;84;0;50;0;
1435;3407480;989986816;12713984;1073496064;0;0;0;0;0;0;0;0;0;0;0;4448;0;0;85;0;50;0;
1436;1725687;989986816;12713984;1073496064;0;0;0;0;0;0;0;0;0;0;0;1853;0;0;85;0;50;0;
1437;1333000;989986816;12713984;1073496064;0;0;0;0;0;0;0;0;0;0;0;1643;0;0;85;0;50;0;
1438;1593960;989986816;12713984;1073496064;0;0;0;0;0;0;0;0;0;0;0;1513;0;0;85;0;50;0;
1439;1239935;989986816;12713984;1073496064;0;0;0;0;0;0;0;0;0;0;0;1463;0;0;85;0;50;0;
1440;1357696;989986816;12713984;1073496064;0;0;0;0;0;0;0;0;0;0;0;1352;0;0;85;0;50;0;
1441;2580891;989986816;12713984;1073496064;0;0;0;0;0;0;0;0;0;0;0;1392;0;0;85;0;50;0;
1442;1248412;989986816;12713984;1073496064;0;0;0;0;0;0;0;0;0;0;0;1373;0;0;85;0;50;0;
1443;1125481;989986816;12713984;1073496064;0;0;0;0;0;0;0;0;0;0;0;1403;0;0;85;0;50;0;
1444;1053085;989986816;12713984;1073496064;0;0;0;0;0;0;0;0;0;0;0;1383;0;0;85;0;50;0;
1445;942969;989986816;12713984;1073496064;0;0;0;0;0;0;0;0;0;0;0;1403;0;0;85;0;50;0;
1446;1154835;989986816;12713984;1073496064;0;0;0;0;0;0;0;0;0;0;0;1402;0;0;85;0;50;0;
1447;1112857;989986816;12713984;1073496064;0;0;0;0;0;0;0;0;0;0;0;1312;0;0;85;0;50;0;
1448;1717100;990060544;12554240;1073336320;0;0;0;0;0;0;0;0;0;0;0;1353;0;0;85;0;50;0;
1449;1471119;990060544;12554240;1073336320;0;0;0;0;0;0;0;0;0;0;0;1393;0;0;85;0;50;0;
1450;1129549;990060544;12554240;1073336320;0;0;0;0;0;0;0;0;0;0;0;1323;0;0;85;0;50;0;
1451;1637761;990060544;12554240;1073336320;0;0;0;0;0;0;0;0;0;0;0;1393;0;0;85;0;50;0;
1452;1374938;990060544;12554240;1073336320;0;0;0;0;0;0;0;0;0;0;0;1513;0;0;85;0;50;0;
1453;1375009;990060544;12554240;1073336320;0;0;0;0;0;0;0;0;0;0;0;1373;0;0;85;0;50;0;
1454;917380;990060544;12554240;1073336320;0;0;0;0;0;0;0;0;0;0;0;1413;0;0;85;0;50;0;
1455;920967;990060544;12554240;1073336320;0;0;0;0;0;0;0;0;0;0;0;1553;0;0;85;0;50;0;
1456;2209794;990154752;12550144;1073332224;0;0;0;0;0;0;0;0;0;0;0;1693;0;0;85;0;50;0;
1457;2888297;994127872;12550144;1073332224;0;0;0;0;0;0;0;0;0;0;0;3016;0;0;86;0;50;0;
1458;1200782;994127872;12550144;1073332224;0;0;0;0;0;0;0;0;0;0;0;1413;0;0;86;0;50;0;
1459;1125290;994127872;12550144;1073332224;0;0;0;0;0;0;0;0;0;0;0;1743;0;0;86;0;50;0;
1460;1008662;994127872;12550144;1073332224;0;0;0;0;0;0;0;0;0;0;0;1573;0;0;86;0;50;0;
1461;1090084;994127872;12550144;1073332224;0;0;0;0;0;0;0;0;0;0;0;1644;0;0;86;0;50;0;
1462;1175735;994127872;12550144;1073332224;0;0;0;0;0;0;0;0;0;0;0;1372;0;0;86;0;50;0;
1463;1173080;994127872;12550144;1073332224;0;0;0;0;0;0;0;0;0;0;0;1553;0;0;86;0;50;0;
1464;2058169;994127872;12550144;1073332224;0;0;0;0;0;0;0;0;0;0;0;1443;0;0;86;0;50;0;
1465;1257659;994127872;12550144;1073332224;0;0;0;0;0;0;0;0;0;0;0;1523;0;0;86;0;50;0;
1466;1011257;994127872;12550144;1073332224;0;0;0;0;0;0;0;0;0;0;0;1342;0;0;86;0;50;0;
1467;965040;994127872;12550144;1073332224;0;0;0;0;0;0;0;0;0;0;0;1383;0;0;86;0;50;0;
1468;1019192;994127872;12550144;1073332224;0;0;0;0;0;0;0;0;0;0;0;1473;0;0;86;0;50;0;
1469;946786;994127872;12550144;1073332224;0;0;0;0;0;0;0;0;0;0;0;1392;0;0;86;0;50;0;
1470;933741;994127872;12550144;1073332224;0;0;0;0;0;0;0;0;0;0;0;1382;0;0;86;0;50;0;
1471;1403041;994127872;12550144;1073332224;0;0;0;0;0;0;0;0;0;0;0;1473;0;0;86;0;50;0;
1472;4327316;994398208;12550144;1073332224;0;0;0;0;0;0;0;0;0;0;0;1483;0;0;86;0;50;0;
1473;2842100;994398208;12550144;1073332224;0;0;0;0;0;0;0;0;0;0;0;1843;0;0;86;0;50;0;
1474;2134322;994398208;12550144;1073332224;0;0;0;0;0;0;0;0;0;0;0;89067;0;0;86;0;50;0;
1475;1135580;994398208;12550144;1073332224;0;0;0;0;0;0;0;0;0;0;0;1503;0;0;86;0;50;0;
1476;1140539;994398208;12550144;1073332224;0;0;0;0;0;0;0;0;0;0;0;1663;0;0;86;0;50;0;
1477;1146710;994398208;12550144;1073332224;0;0;0;0;0;0;0;0;0;0;0;1503;0;0;86;0;50;0;
1478;1109461;994398208;12550144;1073332224;0;0;0;0;0;0;0;0;0;0;0;1412;0;0;86;0;50;0;
1479;3075217;1000689664;12550144;1090109440;0;0;0;0;0;0;0;0;0;0;0;3517;0;0;87;0;50;0;
1480;2805962;1000689664;12550144;1090109440;0;0;0;0;0;0;0;0;0;0;0;1452;0;0;87;0;50;0;
1481;1656407;1000689664;12550144;1090109440;0;0;0;0;0;0;0;0;0;0;0;1483;0;0;87;0;50;0;
1482;1251878;1000689664;12550144;1090109440;0;0;0;0;0;0;0;0;0;0;0;1723;0;0;87;0;50;0;
1483;1111845;1000689664;12550144;1090109440;0;0;0;0;0;0;0;0;0;0;0;1583;0;0;87;0;50;0;
1484;1393503;1000689664;12550144;1090109440;0;0;0;0;0;0;0;0;0;0;0;1543;0;0;87;0;50;0;
1485;1293987;1000689664;12550144;1090109440;0;0;0;0;0;0;0;0;0;0;0;1423;0;0;87;0;50;0;
1486;1477661;1000689664;12550144;1090109440;0;0;0;0;0;0;0;0;0;0;0;1353;0;0;87;0;50;0;
1487;2302938;1000689664;12550144;1090109440;0;0;0;0;0;0;0;0;0;0;0;1773;0;0;87;0;50;0;
1488;1685601;1000689664;12550144;1090109440;0;0;0;0;0;0;0;0;0;0;0;1473;0;0;87;0;50;0;
1489;1306460;1000689664;12550144;1090109440;0;0;0;0;0;0;0;0;0;0;0;1513;0;0;87;0;50;0;
1490;1500885;1000689664;12550144;1090109440;0;0;0;0;0;0;0;0;0;0;0;1422;0;0;87;0;50;0;
1491;1639665;1000689664;12550144;1090109440;0;0;0;0;0;0;0;0;0;0;0;1373;0;0;87;0;50;0;
1492;1566167;1000689664;12550144;1090109440;0;0;0;0;0;0;0;0;0;0;0;1413;0;0;87;0;50;0;
1493;1312742;1000689664;12550144;1090109440;0;0;0;0;0;0;0;0;0;0;0;1443;0;0;87;0;50;0;
1494;2881483;1000689664;12550144;1090109440;0;0;0;0;0;0;0;0;0;0;0;5811;0;0;87;0;50;0;
1495;1918248;1000689664;12550144;1090109440;0;0;0;0;0;0;0;0;0;0;0;4158;0;0;87;0;50;0;
1496;958187;1000689664;12550144;1090109440;0;0;0;0;0;0;0;0;0;0;0;1523;0;0;87;0;50;0;
1497;1394585;1000689664;12550144;1090109440;0;0;0;0;0;0;0;0;0;0;0;1763;0;0;87;0;50;0;
1498;1247489;1000689664;12550144;1090109440;0;0;0;0;0;0;0;0;0;0;0;1533;0;0;87;0;50;0;
1499;3524479;1004920832;12550144;1090109440;0;0;0;0;0;0;0;0;0;0;0;2044;0;0;88;0;50;0;
1500;1820935;1004920832;12550144;1090109440;0;0;0;0;0;0;0;0;0;0;0;1443;0;0;88;0;50;0;
1501;3227603;1004920832;12550144;1090109440;0;0;0;0;0;0;0;0;0;0;0;1403;0;0;88;0;50;0;
1502;1606863;1004920832;12550144;1090109440;0;0;0;0;0;0;0;0;0;0;0;2014;0;0;88;0;50;0;
1503;1502908;1004920832;12550144;1090109440;0;0;0;0;0;0;0;0;0;0;0;1854;0;0;88;0;50;0;
1504;1458255;1004920832;12550144;1090109440;0;0;0;0;0;0;0;0;0;0;0;1543;0;0;88;0;50;0;
1505;1152581;1004920832;12550144;1090109440;0;0;0;0;0;0;0;0;0;0;0;1392;0;0;88;0;50;0;
1506;995897;1004920832;12550144;1090109440;0;0;0;0;0;0;0;0;0;0;0;1382;0;0;88;0;50;0;
1507;1906255;1004920832;12550144;1090109440;0;0;0;0;0;0;0;0;0;0;0;1392;0;0;88;0;50;0;
1508;2080161;1004920832;12550144;1090109440;0;0;0;0;0;0;0;0;0;0;0;1512;0;0;88;0;50;0;
1509;1425734;1004920832;12550144;1090109440;0;0;0;0;0;0;0;0;0;0;0;1593;0;0;88;0;50;0;
1510;1987217;1004920832;12550144;1090109440;0;0;0;0;0;0;0;0;0;0;0;1423;0;0;88;0;50;0;
1511;1465128;1004920832;12550144;1090109440;0;0;0;0;0;0;0;0;0;0;0;1573;0;0;88;0;50;0;
1512;1375590;1004920832;12550144;1090109440;0;0;0;0;0;0;0;0;0;0;0;1513;0;0;88;0;50;0;
1513;1234144;1004920832;12550144;1090109440;0;0;0;0;0;0;0;0;0;0;0;1763;0;0;88;0;50;0;
1514;1530230;1004920832;12550144;1090109440;0;0;0;0;0;0;0;0;0;0;0;1403;0;0;88;0;50;0;
1515;2198483;1004920832;12550144;1090109440;0;0;0;0;0;0;0;0;0;0;0;1623;0;0;88;0;50;0;
1516;1293686;1004920832;12550144;1090109440;0;0;0;0;0;0;0;0;0;0;0;1573;0;0;88;0;50;0;
1517;1634625;1004920832;12550144;1090109440;0;0;0;0;0;0;0;0;0;0;0;1493;0;0;88;0;50;0;
1518;1438438;1004920832;12550144;1090109440;0;0;0;0;0;0;0;0;0;0;0;1723;0;0;88;0;50;0;
1519;1288356;1004920832;12550144;1090109440;0;0;0;0;0;0;0;0;0;0;0;1553;0;0;88;0;50;0;
1520;1268128;1004920832;12550144;1090109440;0;0;0;0;0;0;0;0;0;0;0;1513;0;0;88;0;50;0;
1521;1561929;1004920832;12550144;1090109440;0;0;0;0;0;0;0;0;0;0;0;1583;0;0;88;0;50;0;
1522;2062158;1004920832;12550144;1090109440;0;0;0;0;0;0;0;0;0;0;0;1623;0;0;88;0;50;0;
1523;1309195;1004920832;12550144;1090109440;0;0;0;0;0;0;0;0;0;0;0;1613;0;0;88;0;50;0;
1524;1740875;1004920832;12550144;1090109440;0;0;0;0;0;0;0;0;0;0;0;1813;0;0;88;0;50;0;
1525;1291151;1004920832;12550144;1090109440;0;0;0;0;0;0;0;0;0;0;0;1643;0;0;88;0;50;0;
1526;1460339;1004920832;12550144;1090109440;0;0;0;0;0;0;0;0;0;0;0;1403;0;0;88;0;50;0;
1527;1113979;1004920832;12550144;1090109440;0;0;0;0;0;0;0;0;0;0;0;1413;0;0;88;0;50;0;
1528;1281744;1004920832;12550144;1090109440;0;0;0;0;0;0;0;0;0;0;0;1553;0;0;88;0;50;0;
1529;6220025;1008902144;12550144;1090109440;0;0;0;0;0;0;0;0;0;0;0;2525;0;0;89;0;50;0;
1530;3325657;1009172480;12554240;1090113536;0;0;0;0;0;0;0;0;0;0;0;2104;0;0;89;0;50;0;
1531;1384977;1009172480;12554240;1090113536;0;0;0;0;0;0;0;0;0;0;0;1724;0;0;89;0;50;0;
1532;1471550;1009172480;12554240;1090113536;0;0;0;0;0;0;0;0;0;0;0;1723;0;0;89;0;50;0;
1533;1449629;1009172480;12554240;1090113536;0;0;0;0;0;0;0;0;0;0;0;1734;0;0;89;0;50;0;
1534;1370300;1009172480;12554240;1090113536;0;0;0;0;0;0;0;0;0;0;0;1764;0;0;89;0;50;0;
1535;1320757;1009172480;12554240;1090113536;0;0;0;0;0;0;0;0;0;0;0;1753;0;0;89;0;50;0;
1536;1891307;1009172480;12554240;1090113536;0;0;0;0;0;0;0;0;0;0;0;1733;0;0;89;0;50;0;
1537;1250636;1009172480;12554240;1090113536;0;0;0;0;0;0;0;0;0;0;0;1713;0;0;89;0;50;0;
1538;1118177;1009172480;12554240;1090113536;0;0;0;0;0;0;0;0;0;0;0;1974;0;0;89;0;50;0;
1539;1309776;1009172480;12554240;1090113536;0;0;0;0;0;0;0;0;0;0;0;1953;0;0;89;0;50;0;
1540;1235367;1009172480;12554240;1090113536;0;0;0;0;0;0;0;0;0;0;0;1753;0;0;89;0;50;0;
1541;1291613;1009172480;12554240;1090113536;0;0;0;0;0;0;0;0;0;0;0;1413;0;0;89;0;50;0;
1542;1194130;1009172480;12554240;1090113536;0;0;0;0;0;0;0;0;0;0;0;1513;0;0;89;0;50;0;
1543;1659603;1009172480;12554240;1090113536;0;0;0;0;0;0;0;0;0;0;0;1353;0;0;89;0;50;0;
1544;1308053;1009172480;12554240;1090113536;0;0;0;0;0;0;0;0;0;0;0;1512;0;0;89;0;50;0;
1545;1419582;1009172480;12554240;1090113536;0;0;0;0;0;0;0;0;0;0;0;1613;0;0;89;0;50;0;
1546;1136351;1009172480;12554240;1090113536;0;0;0;0;0;0;0;0;0;0;0;1533;0;0;89;0;50;0;
1547;1279119;1009172480;12554240;1090113536;0;0;0;0;0;0;0;0;0;0;0;1393;0;0;89;0;50;0;
1548;1105113;1009172480;12554240;1090113536;0;0;0;0;0;0;0;0;0;0;0;1643;0;0;89;0;50;0;
1549;1083371;1009172480;12554240;1090113536;0;0;0;0;0;0;0;0;0;0;0;1453;0;0;89;0;50;0;
1550;1594380;1009172480;12554240;1090113536;0;0;0;0;0;0;0;0;0;0;0;1383;0;0;89;0;50;0;
1551;1397231;1009172480;12554240;1090113536;0;0;0;0;0;0;0;0;0;0;0;1443;0;0;89;0;50;0;
1552;1041453;1009172480;12554240;1090113536;0;0;0;0;0;0;0;0;0;0;0;1683;0;0;89;0;50;0;
1553;1204840;1009172480;12554240;1090113536;0;0;0;0;0;0;0;0;0;0;0;1463;0;0;89;0;50;0;
1554;1263669;1009172480;12554240;1090113536;0;0;0;0;0;0;0;0;0;0;0;1463;0;0;89;0;50;0;
1555;1136261;1009172480;12554240;1090113536;0;0;0;0;0;0;0;0;0;0;0;1563;0;0;89;0;50;0;
1556;1177538;1009172480;12554240;1090113536;0;0;0;0;0;0;0;0;0;0;0;1513;0;0;89;0;50;0;
1557;1528897;1009172480;12554240;1090113536;0;0;0;0;0;0;0;0;0;0;0;1343;0;0;89;0;50;0;
1558;1662428;1009172480;12554240;1090113536;0;0;0;0;0;0;0;0;0;0;0;1593;0;0;89;0;50;0;
1559;1169814;1009172480;12554240;1090113536;0;0;0;0;0;0;0;0;0;0;0;1503;0;0;89;0;50;0;
1560;1013721;1009172480;12554240;1090113536;0;0;0;0;0;0;0;0;0;0;0;1603;0;0;89;0;50;0;
1561;968456;1009172480;12554240;1090113536;0;0;0;0;0;0;0;0;0;0;0;1413;0;0;89;0;50;0;
1562;1288747;1009172480;12554240;1090113536;0;0;0;0;0;0;0;0;0;0;0;1413;0;0;89;0;50;0;
1563;1310498;1009172480;12554240;1090113536;0;0;0;0;0;0;0;0;0;0;0;1573;0;0;89;0;50;0;
1564;2147658;1009172480;12554240;1090113536;0;0;0;0;0;0;0;0;0;0;0;1373;0;0;89;0;50;0;
1565;1489503;1009172480;12554240;1090113536;0;0;0;0;0;0;0;0;0;0;0;1413;0;0;89;0;50;0;
1566;1522585;1009172480;12554240;1090113536;0;0;0;0;0;0;0;0;0;0;0;1423;0;0;89;0;50;0;
1567;1120071;1009172480;12554240;1090113536;0;0;0;0;0;0;0;0;0;0;0;1303;0;0;89;0;50;0;
1568;1403212;1009172480;12554240;1090113536;0;0;0;0;0;0;0;0;0;0;0;1393;0;0;89;0;50;0;
1569;1075888;1009172480;12554240;1090113536;0;0;0;0;0;0;0;0;0;0;0;1472;0;0;89;0;50;0;
1570;1107196;1009172480;12554240;1090113536;0;0;0;0;0;0;0;0;0;0;0;1523;0;0;89;0;50;0;
1571;1798032;1009172480;12554240;1090113536;0;0;0;0;0;0;0;0;0;0;0;1392;0;0;89;0;50;0;
1572;1525952;1009172480;12554240;1090113536;0;0;0;0;0;0;0;0;0;0;0;1423;0;0;89;0;50;0;
1573;1581947;1009172480;12554240;1090113536;0;0;0;0;0;0;0;0;0;0;0;1372;0;0;89;0;50;0;
1574;1250044;1009172480;12554240;1090113536;0;0;0;0;0;0;0;0;0;0;0;1453;0;0;89;0;50;0;
1575;1188239;1009172480;12554240;1090113536;0;0;0;0;0;0;0;0;0;0;0;1433;0;0;89;0;50;0;
1576;1429481;1009172480;12554240;1090113536;0;0;0;0;0;0;0;0;0;0;0;1532;0;0;89;0;50;0;
1577;1384676;1009172480;12554240;1090113536;0;0;0;0;0;0;0;0;0;0;0;1383;0;0;89;0;50;0;
1578;1775691;1009283072;12550144;1090109440;0;0;0;0;0;0;0;0;0;0;0;1643;0;0;89;0;50;0;
1579;1159755;1009283072;12550144;1090109440;0;0;0;0;0;0;0;0;0;0;0;1623;0;0;89;0;50;0;
1580;1239043;1009283072;12550144;1090109440;0;0;0;0;0;0;0;0;0;0;0;1393;0;0;89;0;50;0;
1581;1337509;1009283072;12550144;1090109440;0;0;0;0;0;0;0;0;0;0;0;1573;0;0;89;0;50;0;
1582;1317721;1009283072;12550144;1090109440;0;0;0;0;0;0;0;0;0;0;0;1373;0;0;89;0;50;0;
1583;972684;1009283072;12550144;1090109440;0;0;0;0;0;0;0;0;0;0;0;1332;0;0;89;0;50;0;
1584;1214428;1009283072;12550144;1090109440;0;0;0;0;0;0;0;0;0;0;0;1573;0;0;89;0;50;0;
1585;4000161;1009283072;12550144;1090109440;0;0;0;0;0;0;0;0;0;0;0;1373;0;0;89;0;50;0;
1586;2981141;1009283072;12558336;1090117632;0;0;0;0;0;0;0;0;0;0;0;1763;0;0;89;0;50;0;
1587;1228724;1009283072;12558336;1090117632;0;0;0;0;0;0;0;0;0;0;0;1503;0;0;89;0;50;0;
1588;1014051;1009283072;12558336;1090117632;0;0;0;0;0;0;0;0;0;0;0;1873;0;0;89;0;50;0;
1589;1110052;1009283072;12558336;1090117632;0;0;0;0;0;0;0;0;0;0;0;2033;0;0;89;0;50;0;
1590;1319815;1009283072;12558336;1090117632;0;0;0;0;0;0;0;0;0;0;0;1693;0;0;89;0;50;0;
1591;1449859;1009283072;12558336;1090117632;0;0;0;0;0;0;0;0;0;0;0;1663;0;0;89;0;50;0;
1592;1190833;1009283072;12558336;1090117632;0;0;0;0;0;0;0;0;0;0;0;1683;0;0;89;0;50;0;
1593;1660675;1009283072;12558336;1090117632;0;0;0;0;0;0;0;0;0;0;0;1893;0;0;89;0;50;0;
1594;1109691;1009283072;12558336;1090117632;0;0;0;0;0;0;0;0;0;0;0;1393;0;0;89;0;50;0;
1595;1592958;1009283072;12558336;1090117632;0;0;0;0;0;0;0;0;0;0;0;1413;0;0;89;0;50;0;
1596;960401;1009283072;12558336;1090117632;0;0;0;0;0;0;0;0;0;0;0;1402;0;0;89;0;50;0;
1597;1195011;1009283072;12558336;1090117632;0;0;0;0;0;0;0;0;0;0;0;1393;0;0;89;0;50;0;
1598;1552973;1009283072;12558336;1090117632;0;0;0;0;0;0;0;0;0;0;0;1402;0;0;89;0;50;0;
1599;909625;1009283072;12558336;1090117632;0;0;0;0;0;0;0;0;0;0;0;1343;0;0;89;0;50;0;
1600;1600983;1009283072;12558336;1090117632;0;0;0;0;0;0;0;0;0;0;0;1392;0;0;89;0;50;0;
1601;1471260;1009283072;12558336;1090117632;0;0;0;0;0;0;0;0;0;0;0;1533;0;0;89;0;50;0;
1602;1806357;1009283072;12558336;1090117632;0;0;0;0;0;0;0;0;0;0;0;1603;0;0;89;0;50;0;
1603;1459798;1009283072;12558336;1090117632;0;0;0;0;0;0;0;0;0;0;0;1313;0;0;89;0;50;0;
1604;1053796;1009283072;12558336;1090117632;0;0;0;0;0;0;0;0;0;0;0;1352;0;0;89;0;50;0;
1605;985769;1009283072;12558336;1090117632;0;0;0;0;0;0;0;0;0;0;0;1303;0;0;89;0;50;0;
1606;1432898;1009283072;12558336;1090117632;0;0;0;0;0;0;0;0;0;0;0;1593;0;0;89;0;50;0;
1607;1569003;1009283072;12558336;1090117632;0;0;0;0;0;0;0;0;0;0;0;1443;0;0;89;0;50;0;
1608;1248822;1009283072;12558336;1090117632;0;0;0;0;0;0;0;0;0;0;0;1673;0;0;89;0;50;0;
1609;1012959;1009283072;12558336;1090117632;0;0;0;0;0;0;0;0;0;0;0;1583;0;0;89;0;50;0;
1610;1064136;1009283072;12558336;1090117632;0;0;0;0;0;0;0;0;0;0;0;1452;0;0;89;0;50;0;
1611;842440;1009283072;12558336;1090117632;0;0;0;0;0;0;0;0;0;0;0;1653;0;0;89;0;50;0;
1612;967415;1009283072;12558336;1090117632;0;0;0;0;0;0;0;0;0;0;0;1583;0;0;89;0;50;0;
1613;1360030;1009283072;12558336;1090117632;0;0;0;0;0;0;0;0;0;0;0;1443;0;0;89;0;50;0;
1614;1828860;1009283072;12558336;1090117632;0;0;0;0;0;0;0;0;0;0;0;1332;0;0;89;0;50;0;
1615;1201634;1009283072;12558336;1090117632;0;0;0;0;0;0;0;0;0;0;0;1593;0;0;89;0;50;0;
1616;1022928;1009283072;12558336;1090117632;0;0;0;0;0;0;0;0;0;0;0;1443;0;0;89;0;50;0;
1617;1523867;1009283072;12558336;1090117632;0;0;0;0;0;0;0;0;0;0;0;1403;0;0;89;0;50;0;
1618;1117416;1009283072;12558336;1090117632;0;0;0;0;0;0;0;0;0;0;0;1573;0;0;89;0;50;0;
1619;1021055;1009283072;12558336;1090117632;0;0;0;0;0;0;0;0;0;0;0;1403;0;0;89;0;50;0;
1620;1117526;1009283072;12558336;1090117632;0;0;0;0;0;0;0;0;0;0;0;1403;0;0;89;0;50;0;
1621;7494675;1009283072;12558336;1090117632;0;0;0;0;0;0;0;0;0;0;0;1433;0;0;89;0;50;0;
1622;1605921;1009283072;12558336;1090117632;0;0;0;0;0;0;0;0;0;0;0;1513;0;0;89;0;50;0;
1623;1046012;1009283072;12558336;1090117632;0;0;0;0;0;0;0;0;0;0;0;1573;0;0;89;0;50;0;
1624;1090765;1009283072;12558336;1090117632;0;0;0;0;0;0;0;0;0;0;0;1342;0;0;89;0;50;0;
1625;830347;1009283072;12558336;1090117632;0;0;0;0;0;0;0;0;0;0;0;1874;0;0;89;0;50;0;
1626;983174;1009283072;12558336;1090117632;0;0;0;0;0;0;0;0;0;0;0;1723;0;0;89;0;50;0;
1627;1323542;1009283072;12558336;1090117632;0;0;0;0;0;0;0;0;0;0;0;1392;0;0;89;0;50;0;
1628;2254909;1009283072;12558336;1090117632;0;0;0;0;0;0;0;0;0;0;0;1392;0;0;89;0;50;0;
1629;840516;1009283072;12558336;1090117632;0;0;0;0;0;0;0;0;0;0;0;1643;0;0;89;0;50;0;
1630;1718082;1009283072;12558336;1090117632;0;0;0;0;0;0;0;0;0;0;0;1352;0;0;89;0;50;0;
1631;1436404;1009283072;12558336;1090117632;0;0;0;0;0;0;0;0;0;0;0;1483;0;0;89;0;50;0;
1632;1161168;1009283072;12558336;1090117632;0;0;0;0;0;0;0;0;0;0;0;1623;0;0;89;0;50;0;
1633;1083943;1009283072;12558336;1090117632;0;0;0;0;0;0;0;0;0;0;0;1362;0;0;89;0;50;0;
1634;820458;1009283072;12558336;1090117632;0;0;0;0;0;0;0;0;0;0;0;1503;0;0;89;0;50;0;
1635;2308288;1009139712;12271616;1089830912;0;0;0;0;0;0;0;0;0;0;0;1423;0;0;89;0;50;0;
1636;1422057;1009139712;12271616;1089830912;0;0;0;0;0;0;0;0;0;0;0;1623;0;0;89;0;50;0;
1637;1134428;1009139712;12271616;1089830912;0;0;0;0;0;0;0;0;0;0;0;1273;0;0;89;0;50;0;
1638;967264;1009139712;12271616;1089830912;0;0;0;0;0;0;0;0;0;0;0;1603;0;0;89;0;50;0;
1639;1145318;1009139712;12271616;1089830912;0;0;0;0;0;0;0;0;0;0;0;1423;0;0;89;0;50;0;
1640;972123;1009139712;12271616;1089830912;0;0;0;0;0;0;0;0;0;0;0;1332;0;0;89;0;50;0;
1641;1417648;1009139712;12271616;1089830912;0;0;0;0;0;0;0;0;0;0;0;1543;0;0;89;0;50;0;
1642;4525106;1008861184;13549568;1091108864;0;0;0;0;0;0;0;0;0;0;0;1433;0;0;89;0;50;0;
1643;4335601;1009131520;13557760;1091117056;0;0;0;0;0;0;0;0;0;0;0;1663;0;0;89;0;50;0;
1644;1333831;1009131520;13557760;1091117056;0;0;0;0;0;0;0;0;0;0;0;1674;0;0;89;0;50;0;
1645;1190162;1009401856;13557760;1091117056;0;0;0;0;0;0;0;0;0;0;0;1423;0;0;89;0;50;0;
1646;811942;1009672192;13557760;1091117056;0;0;0;0;0;0;0;0;0;0;0;1363;0;0;89;0;50;0;
1647;1094402;1009942528;13557760;1091117056;0;0;0;0;0;0;0;0;0;0;0;1442;0;0;89;0;50;0;
1648;1191164;1010212864;13557760;1091117056;0;0;0;0;0;0;0;0;0;0;0;1393;0;0;89;0;50;0;
1649;2088326;1010212864;13557760;1091117056;0;0;0;0;0;0;0;0;0;0;0;1673;0;0;89;0;50;0;
1650;2914465;1010212864;13557760;1091117056;0;0;0;0;0;0;0;0;0;0;0;8436;0;0;89;0;50;0;
1651;2443623;1010212864;13557760;1091117056;0;0;0;0;0;0;0;0;0;0;0;2174;0;0;89;0;50;0;
1652;2037311;1010212864;13557760;1091117056;0;0;0;0;0;0;0;0;0;0;0;2024;0;0;89;0;50;0;
1653;1518257;1010212864;13557760;1091117056;0;0;0;0;0;0;0;0;0;0;0;1773;0;0;89;0;50;0;
1654;1844479;1010212864;13557760;1091117056;0;0;0;0;0;0;0;0;0;0;0;1433;0;0;89;0;50;0;
1655;2138821;1010212864;13557760;1091117056;0;0;0;0;0;0;0;0;0;0;0;1412;0;0;89;0;50;0;
1656;1157501;1010212864;13557760;1091117056;0;0;0;0;0;0;0;0;0;0;0;1343;0;0;89;0;50;0;
1657;2152066;1010212864;13557760;1091117056;0;0;0;0;0;0;0;0;0;0;0;1383;0;0;89;0;50;0;
1658;1799705;1010212864;13557760;1091117056;0;0;0;0;0;0;0;0;0;0;0;1623;0;0;89;0;50;0;
1659;1272056;1010212864;13557760;1091117056;0;0;0;0;0;0;0;0;0;0;0;1603;0;0;89;0;50;0;
1660;1112386;1010212864;13557760;1091117056;0;0;0;0;0;0;0;0;0;0;0;1382;0;0;89;0;50;0;
1661;2465964;1010212864;13557760;1091117056;0;0;0;0;0;0;0;0;0;0;0;1442;0;0;89;0;50;0;
1662;1978661;1010483200;13557760;1091117056;0;0;0;0;0;0;0;0;0;0;0;1553;0;0;89;0;50;0;
1663;1538225;1010483200;13557760;1091117056;0;0;0;0;0;0;0;0;0;0;0;1583;0;0;89;0;50;0;
1664;1750362;1010483200;13557760;1091117056;0;0;0;0;0;0;0;0;0;0;0;1363;0;0;89;0;50;0;
1665;1172559;1010483200;13557760;1091117056;0;0;0;0;0;0;0;0;0;0;0;1242;0;0;89;0;50;0;
1666;1316749;1010483200;13557760;1091117056;0;0;0;0;0;0;0;0;0;0;0;1503;0;0;89;0;50;0;
1667;2811583;1010483200;13557760;1091117056;0;0;0;0;0;0;0;0;0;0;0;1954;0;0;89;0;50;0;
1668;3739854;1010483200;13557760;1091117056;0;0;0;0;0;0;0;0;0;0;0;1703;0;0;89;0;50;0;
1669;1618616;1010483200;13557760;1091117056;0;0;0;0;0;0;0;0;0;0;0;2124;0;0;89;0;50;0;
1670;1041643;1010483200;13557760;1091117056;0;0;0;0;0;0;0;0;0;0;0;1643;0;0;89;0;50;0;
1671;1441894;1010483200;13557760;1091117056;0;0;0;0;0;0;0;0;0;0;0;1573;0;0;89;0;50;0;
1672;1144486;1010483200;13557760;1091117056;0;0;0;0;0;0;0;0;0;0;0;1413;0;0;89;0;50;0;
1673;1072552;1010483200;13557760;1091117056;0;0;0;0;0;0;0;0;0;0;0;1653;0;0;89;0;50;0;
1674;888797;1010483200;13557760;1091117056;0;0;0;0;0;0;0;0;0;0;0;1403;0;0;89;0;50;0;
1675;2885131;1010483200;13557760;1091117056;0;0;0;0;0;0;0;0;0;0;0;1803;0;0;89;0;50;0;
1676;1929108;1010483200;13557760;1091117056;0;0;0;0;0;0;0;0;0;0;0;1563;0;0;89;0;50;0;
1677;1404885;1010483200;13557760;1091117056;0;0;0;0;0;0;0;0;0;0;0;1493;0;0;89;0;50;0;
1678;1175064;1010483200;13557760;1091117056;0;0;0;0;0;0;0;0;0;0;0;1592;0;0;89;0;50;0;
1679;880021;1010483200;13557760;1091117056;0;0;0;0;0;0;0;0;0;0;0;1452;0;0;89;0;50;0;
1680;1118998;1010483200;13557760;1091117056;0;0;0;0;0;0;0;0;0;0;0;1412;0;0;89;0;50;0;
1681;1294398;1010483200;13557760;1091117056;0;0;0;0;0;0;0;0;0;0;0;1633;0;0;89;0;50;0;
1682;2525176;1010483200;13557760;1091117056;0;0;0;0;0;0;0;0;0;0;0;1523;0;0;89;0;50;0;
1683;1293245;1010483200;13557760;1091117056;0;0;0;0;0;0;0;0;0;0;0;1913;0;0;89;0;50;0;
1684;1889554;1010483200;13557760;1091117056;0;0;0;0;0;0;0;0;0;0;0;1763;0;0;89;0;50;0;
1685;1536041;1010483200;13557760;1091117056;0;0;0;0;0;0;0;0;0;0;0;1934;0;0;89;0;50;0;
1686;1991495;1010483200;13557760;1091117056;0;0;0;0;0;0;0;0;0;0;0;1813;0;0;89;0;50;0;
1687;2262853;1010483200;13557760;1091117056;0;0;0;0;0;0;0;0;0;0;0;1783;0;0;89;0;50;0;
1688;2098876;1010483200;13557760;1091117056;0;0;0;0;0;0;0;0;0;0;0;1853;0;0;89;0;50;0;
1689;2753574;1010495488;13549568;1091108864;0;0;0;0;0;0;0;0;0;0;0;1913;0;0;89;0;50;0;
1690;2043934;1010495488;13549568;1091108864;0;0;0;0;0;0;0;0;0;0;0;2004;0;0;89;0;50;0;
1691;1699086;1010495488;13549568;1091108864;0;0;0;0;0;0;0;0;0;0;0;1623;0;0;89;0;50;0;
1692;1396579;1010495488;13549568;1091108864;0;0;0;0;0;0;0;0;0;0;0;1874;0;0;89;0;50;0;
1693;1343890;1010495488;13549568;1091108864;0;0;0;0;0;0;0;0;0;0;0;1763;0;0;89;0;50;0;
1694;1103259;1010495488;13549568;1091108864;0;0;0;0;0;0;0;0;0;0;0;1913;0;0;89;0;50;0;
1695;1308725;1010495488;13549568;1091108864;0;0;0;0;0;0;0;0;0;0;0;1713;0;0;89;0;50;0;
1696;4829397;1010495488;13549568;1091108864;0;0;0;0;0;0;0;0;0;0;0;1483;0;0;89;0;50;0;
1697;3494424;1010495488;13557760;1091117056;0;0;0;0;0;0;0;0;0;0;0;1322;0;0;89;0;50;0;
1698;2913694;1010495488;13557760;1091117056;0;0;0;0;0;0;0;0;0;0;0;1483;0;0;89;0;50;0;
1699;1892248;1010495488;13557760;1091117056;0;0;0;0;0;0;0;0;0;0;0;1483;0;0;89;0;50;0;
1700;1179101;1010495488;13557760;1091117056;0;0;0;0;0;0;0;0;0;0;0;1552;0;0;89;0;50;0;
1701;1263780;1010495488;13557760;1091117056;0;0;0;0;0;0;0;0;0;0;0;1352;0;0;89;0;50;0;
1702;1636128;1010495488;13557760;1091117056;0;0;0;0;0;0;0;0;0;0;0;1373;0;0;89;0;50;0;
1703;2141075;1010245632;13283328;1090842624;0;0;0;0;0;0;0;0;0;0;0;1383;0;0;89;0;50;0;
1704;1926604;1010245632;13283328;1090842624;0;0;0;0;0;0;0;0;0;0;0;1533;0;0;89;0;50;0;
1705;1283487;1010245632;13283328;1090842624;0;0;0;0;0;0;0;0;0;0;0;1553;0;0;89;0;50;0;
1706;1507116;1010245632;13283328;1090842624;0;0;0;0;0;0;0;0;0;0;0;1794;0;0;89;0;50;0;
1707;1185483;1010245632;13283328;1090842624;0;0;0;0;0;0;0;0;0;0;0;1483;0;0;89;0;50;0;
1708;1084063;1010245632;13283328;1090842624;0;0;0;0;0;0;0;0;0;0;0;1593;0;0;89;0;50;0;
1709;2156234;1010245632;13283328;1090842624;0;0;0;0;0;0;0;0;0;0;0;1432;0;0;89;0;50;0;
1710;2131688;1010245632;13283328;1090842624;0;0;0;0;0;0;0;0;0;0;0;1353;0;0;89;0;50;0;
1711;1110152;1010245632;13283328;1090842624;0;0;0;0;0;0;0;0;0;0;0;1462;0;0;89;0;50;0;
1712;1451522;1010245632;13283328;1090842624;0;0;0;0;0;0;0;0;0;0;0;1352;0;0;89;0;50;0;
1713;1485095;1010245632;13283328;1090842624;0;0;0;0;0;0;0;0;0;0;0;1383;0;0;89;0;50;0;
1714;1406458;1010245632;13283328;1090842624;0;0;0;0;0;0;0;0;0;0;0;1363;0;0;89;0;50;0;
1715;2901181;1010245632;13283328;1090842624;0;0;0;0;0;0;0;0;0;0;0;1312;0;0;89;0;50;0;
1716;2033965;1010245632;13283328;1090842624;0;0;0;0;0;0;0;0;0;0;0;1553;0;0;89;0;50;0;
1717;2274756;1010245632;13283328;1090842624;0;0;0;0;0;0;0;0;0;0;0;1493;0;0;89;0;50;0;
1718;1692825;1010245632;13283328;1090842624;0;0;0;0;0;0;0;0;0;0;0;1553;0;0;89;0;50;0;
1719;1154585;1010245632;13283328;1090842624;0;0;0;0;0;0;0;0;0;0;0;1423;0;0;89;0;50;0;
1720;1800997;1010245632;13283328;1090842624;0;0;0;0;0;0;0;0;0;0;0;1453;0;0;89;0;50;0;
1721;2819157;1010245632;13283328;1090842624;0;0;0;0;0;0;0;0;0;0;0;1813;0;0;89;0;50;0;
1722;1824110;1010245632;13283328;1090842624;0;0;0;0;0;0;0;0;0;0;0;1523;0;0;89;0;50;0;
1723;1566498;1010245632;13283328;1090842624;0;0;0;0;0;0;0;0;0;0;0;1363;0;0;89;0;50;0;
1724;963006;1010245632;13283328;1090842624;0;0;0;0;0;0;0;0;0;0;0;1533;0;0;89;0;50;0;
1725;1275412;1010245632;13283328;1090842624;0;0;0;0;0;0;0;0;0;0;0;1443;0;0;89;0;50;0;
1726;1218526;1010245632;13283328;1090842624;0;0;0;0;0;0;0;0;0;0;0;1673;0;0;89;0;50;0;
1727;2340319;1010245632;13283328;1090842624;0;0;0;0;0;0;0;0;0;0;0;1532;0;0;89;0;50;0;
1728;1163863;1010245632;13283328;1090842624;0;0;0;0;0;0;0;0;0;0;0;1583;0;0;89;0;50;0;
1729;1076890;1010245632;13283328;1090842624;0;0;0;0;0;0;0;0;0;0;0;1754;0;0;89;0;50;0;
1730;1193338;1010245632;13283328;1090842624;0;0;0;0;0;0;0;0;0;0;0;1743;0;0;89;0;50;0;
1731;1254904;1010245632;13283328;1090842624;0;0;0;0;0;0;0;0;0;0;0;1723;0;0;89;0;50;0;
1732;880221;1010245632;13283328;1090842624;0;0;0;0;0;0;0;0;0;0;0;1543;0;0;89;0;50;0;
1733;2119374;1010245632;13283328;1090842624;0;0;0;0;0;0;0;0;0;0;0;1703;0;0;89;0;50;0;
1734;1761654;1010245632;13283328;1090842624;0;0;0;0;0;0;0;0;0;0;0;1442;0;0;89;0;50;0;
1735;1792872;1010245632;13283328;1090842624;0;0;0;0;0;0;0;0;0;0;0;1413;0;0;89;0;50;0;
1736;1690180;1010245632;13283328;1090842624;0;0;0;0;0;0;0;0;0;0;0;1363;0;0;89;0;50;0;
1737;1317130;1010245632;13283328;1090842624;0;0;0;0;0;0;0;0;0;0;0;1383;0;0;89;0;50;0;
1738;1514210;1010245632;13283328;1090842624;0;0;0;0;0;0;0;0;0;0;0;1413;0;0;89;0;50;0;
1739;4346722;1010245632;13283328;1090842624;0;0;0;0;0;0;0;0;0;0;0;2034;0;0;89;0;50;0;
1740;2766067;1010245632;13287424;1090846720;0;0;0;0;0;0;0;0;0;0;0;2605;0;0;89;0;50;0;
1741;1591535;1010245632;13287424;1090846720;0;0;0;0;0;0;0;0;0;0;0;1723;0;0;89;0;50;0;
1742;1354840;1010245632;13287424;1090846720;0;0;0;0;0;0;0;0;0;0;0;1713;0;0;89;0;50;0;
1743;902703;1010245632;13287424;1090846720;0;0;0;0;0;0;0;0;0;0;0;1754;0;0;89;0;50;0;
1744;1247991;1010245632;13287424;1090846720;0;0;0;0;0;0;0;0;0;0;0;1503;0;0;89;0;50;0;
1745;1383925;1010245632;13287424;1090846720;0;0;0;0;0;0;0;0;0;0;0;1774;0;0;89;0;50;0;
1746;3180755;1010245632;13287424;1090846720;0;0;0;0;0;0;0;0;0;0;0;1733;0;0;89;0;50;0;
1747;1464356;1010245632;13287424;1090846720;0;0;0;0;0;0;0;0;0;0;0;1863;0;0;89;0;50;0;
1748;1323822;1010245632;13287424;1090846720;0;0;0;0;0;0;0;0;0;0;0;1353;0;0;89;0;50;0;
1749;1550828;1010245632;13287424;1090846720;0;0;0;0;0;0;0;0;0;0;0;1432;0;0;89;0;50;0;
1750;891882;1010245632;13287424;1090846720;0;0;0;0;0;0;0;0;0;0;0;1573;0;0;89;0;50;0;
1751;1995873;1010245632;13287424;1090846720;0;0;0;0;0;0;0;0;0;0;0;1393;0;0;89;0;50;0;
1752;1907878;1010245632;13287424;1090846720;0;0;0;0;0;0;0;0;0;0;0;1433;0;0;89;0;50;0;
1753;1390909;1010245632;13287424;1090846720;0;0;0;0;0;0;0;0;0;0;0;1372;0;0;89;0;50;0;
1754;782487;1010245632;13287424;1090846720;0;0;0;0;0;0;0;0;0;0;0;1593;0;0;89;0;50;0;
1755;1076108;1010245632;13287424;1090846720;0;0;0;0;0;0;0;0;0;0;0;1372;0;0;89;0;50;0;
1756;1247179;1010245632;13287424;1090846720;0;0;0;0;0;0;0;0;0;0;0;1623;0;0;89;0;50;0;
1757;1775830;1010245632;13287424;1090846720;0;0;0;0;0;0;0;0;0;0;0;1362;0;0;89;0;50;0;
1758;3025093;1010245632;13287424;1090846720;0;0;0;0;0;0;0;0;0;0;0;1373;0;0;89;0;50;0;
1759;1235797;1010245632;13287424;1090846720;0;0;0;0;0;0;0;0;0;0;0;1393;0;0;89;0;50;0;
1760;1119059;1010245632;13287424;1090846720;0;0;0;0;0;0;0;0;0;0;0;1553;0;0;89;0;50;0;
1761;1045080;1010245632;13287424;1090846720;0;0;0;0;0;0;0;0;0;0;0;1433;0;0;89;0;50;0;
1762;1931192;1010245632;13287424;1090846720;0;0;0;0;0;0;0;0;0;0;0;1483;0;0;89;0;50;0;
1763;1561648;1010245632;13287424;1090846720;0;0;0;0;0;0;0;0;0;0;0;1382;0;0;89;0;50;0;
1764;2607179;1010245632;13287424;1090846720;0;0;0;0;0;0;0;0;0;0;0;1613;0;0;89;0;50;0;
1765;1294468;1010245632;13287424;1090846720;0;0;0;0;0;0;0;0;0;0;0;1493;0;0;89;0;50;0;
1766;1246528;1010245632;13287424;1090846720;0;0;0;0;0;0;0;0;0;0;0;1452;0;0;89;0;50;0;
1767;1630588;1010245632;13287424;1090846720;0;0;0;0;0;0;0;0;0;0;0;1452;0;0;89;0;50;0;
1768;1443878;1010245632;13287424;1090846720;0;0;0;0;0;0;0;0;0;0;0;1353;0;0;89;0;50;0;
1769;1795226;1010245632;13287424;1090846720;0;0;0;0;0;0;0;0;0;0;0;1383;0;0;89;0;50;0;
1770;2419147;1010245632;13287424;1090846720;0;0;0;0;0;0;0;0;0;0;0;1433;0;0;89;0;50;0;
1771;1410545;1010245632;13287424;1090846720;0;0;0;0;0;0;0;0;0;0;0;1413;0;0;89;0;50;0;
1772;1049809;1010245632;13287424;1090846720;0;0;0;0;0;0;0;0;0;0;0;1563;0;0;89;0;50;0;
1773;1205731;1010245632;13287424;1090846720;0;0;0;0;0;0;0;0;0;0;0;1383;0;0;89;0;50;0;
1774;1790137;1010245632;13287424;1090846720;0;0;0;0;0;0;0;0;0;0;0;1493;0;0;89;0;50;0;
1775;1485957;1010245632;13287424;1090846720;0;0;0;0;0;0;0;0;0;0;0;1192;0;0;89;0;50;0;
1776;2630583;1010245632;13287424;1090846720;0;0;0;0;0;0;0;0;0;0;0;1393;0;0;89;0;50;0;
1777;1440321;1010245632;13287424;1090846720;0;0;0;0;0;0;0;0;0;0;0;1503;0;0;89;0;50;0;
1778;1344632;1010245632;13287424;1090846720;0;0;0;0;0;0;0;0;0;0;0;1543;0;0;89;0;50;0;
1779;994014;1010245632;13287424;1090846720;0;0;0;0;0;0;0;0;0;0;0;1694;0;0;89;0;50;0;
1780;1126142;1010245632;13287424;1090846720;0;0;0;0;0;0;0;0;0;0;0;1442;0;0;89;0;50;0;
1781;1107928;1010245632;13287424;1090846720;0;0;0;0;0;0;0;0;0;0;0;1373;0;0;89;0;50;0;
1782;4097484;1010245632;13287424;1090846720;0;0;0;0;0;0;0;0;0;0;0;1423;0;0;89;0;50;0;
1783;3691804;1010319360;13283328;1090842624;0;0;0;0;0;0;0;0;0;0;0;5370;0;0;89;0;50;0;
1784;2799520;1010319360;13283328;1090842624;0;0;0;0;0;0;0;0;0;0;0;2555;0;0;89;0;50;0;
1785;1765311;1010319360;13283328;1090842624;0;0;0;0;0;0;0;0;0;0;0;1863;0;0;89;0;50;0;
1786;1275041;1010319360;13283328;1090842624;0;0;0;0;0;0;0;0;0;0;0;1383;0;0;89;0;50;0;
1787;1166087;1010319360;13283328;1090842624;0;0;0;0;0;0;0;0;0;0;0;1433;0;0;89;0;50;0;
1788;1488371;1010319360;13283328;1090842624;0;0;0;0;0;0;0;0;0;0;0;1402;0;0;89;0;50;0;
1789;2488346;1010319360;13283328;1090842624;0;0;0;0;0;0;0;0;0;0;0;1393;0;0;89;0;50;0;
1790;1989952;1010319360;13283328;1090842624;0;0;0;0;0;0;0;0;0;0;0;1813;0;0;89;0;50;0;
1791;1445641;1010319360;13283328;1090842624;0;0;0;0;0;0;0;0;0;0;0;1452;0;0;89;0;50;0;
1792;1349310;1010319360;13283328;1090842624;0;0;0;0;0;0;0;0;0;0;0;1382;0;0;89;0;50;0;
1793;2139843;1010319360;13283328;1090842624;0;0;0;0;0;0;0;0;0;0;0;1373;0;0;89;0;50;0;
1794;1733170;1010319360;13283328;1090842624;0;0;0;0;0;0;0;0;0;0;0;1443;0;0;89;0;50;0;
1795;2492534;1010319360;13283328;1090842624;0;0;0;0;0;0;0;0;0;0;0;1432;0;0;89;0;50;0;
1796;1610300;1010319360;13283328;1090842624;0;0;0;0;0;0;0;0;0;0;0;1393;0;0;89;0;50;0;
1797;1686783;1010319360;13283328;1090842624;0;0;0;0;0;0;0;0;0;0;0;1704;0;0;89;0;50;0;
1798;1507187;1010319360;13283328;1090842624;0;0;0;0;0;0;0;0;0;0;0;1763;0;0;89;0;50;0;
1799;1388715;1010319360;13283328;1090842624;0;0;0;0;0;0;0;0;0;0;0;1523;0;0;89;0;50;0;
1800;1720987;1010319360;13283328;1090842624;0;0;0;0;0;0;0;0;0;0;0;1452;0;0;89;0;50;0;
1801;3565667;1010319360;13283328;1090842624;0;0;0;0;0;0;0;0;0;0;0;1803;0;0;89;0;50;0;
1802;941355;1010319360;13283328;1090842624;0;0;0;0;0;0;0;0;0;0;0;1422;0;0;89;0;50;0;
1803;1662999;1010319360;13283328;1090842624;0;0;0;0;0;0;0;0;0;0;0;1583;0;0;89;0;50;0;
1804;2016281;1010319360;13283328;1090842624;0;0;0;0;0;0;0;0;0;0;0;1613;0;0;89;0;50;0;
1805;1461421;1010319360;13283328;1090842624;0;0;0;0;0;0;0;0;0;0;0;1433;0;0;89;0;50;0;
1806;1583109;1010319360;13283328;1090842624;0;0;0;0;0;0;0;0;0;0;0;1503;0;0;89;0;50;0;
1807;3322832;1010319360;13283328;1090842624;0;0;0;0;0;0;0;0;0;0;0;6062;0;0;89;0;50;0;
1808;1421826;1010319360;13283328;1090842624;0;0;0;0;0;0;0;0;0;0;0;1653;0;0;89;0;50;0;
1809;1949516;1010319360;13283328;1090842624;0;0;0;0;0;0;0;0;0;0;0;1443;0;0;89;0;50;0;
1810;1456452;1010319360;13283328;1090842624;0;0;0;0;0;0;0;0;0;0;0;1423;0;0;89;0;50;0;
1811;1287475;1010319360;13283328;1090842624;0;0;0;0;0;0;0;0;0;0;0;1623;0;0;89;0;50;0;
1812;1360892;1010319360;13283328;1090842624;0;0;0;0;0;0;0;0;0;0;0;1503;0;0;89;0;50;0;
1813;2979227;1010319360;13283328;1090842624;0;0;0;0;0;0;0;0;0;0;0;1643;0;0;89;0;50;0;
1814;1731567;1010319360;13283328;1090842624;0;0;0;0;0;0;0;0;0;0;0;1403;0;0;89;0;50;0;
1815;1121062;1010319360;13283328;1090842624;0;0;0;0;0;0;0;0;0;0;0;1363;0;0;89;0;50;0;
1816;1413551;1010319360;13283328;1090842624;0;0;0;0;0;0;0;0;0;0;0;1353;0;0;89;0;50;0;
1817;1972279;1010319360;13283328;1090842624;0;0;0;0;0;0;0;0;0;0;0;1383;0;0;89;0;50;0;
1818;828173;1010319360;13283328;1090842624;0;0;0;0;0;0;0;0;0;0;0;1924;0;0;89;0;50;0;
1819;2735861;1010319360;13283328;1090842624;0;0;0;0;0;0;0;0;0;0;0;1472;0;0;89;0;50;0;
1820;1382814;1010319360;13283328;1090842624;0;0;0;0;0;0;0;0;0;0;0;1854;0;0;89;0;50;0;
1821;2275277;1010319360;13283328;1090842624;0;0;0;0;0;0;0;0;0;0;0;1593;0;0;89;0;50;0;
1822;1646838;1010319360;13283328;1090842624;0;0;0;0;0;0;0;0;0;0;0;1623;0;0;89;0;50;0;
1823;1704296;1010319360;13283328;1090842624;0;0;0;0;0;0;0;0;0;0;0;1773;0;0;89;0;50;0;
1824;1066079;1010319360;13283328;1090842624;0;0;0;0;0;0;0;0;0;0;0;1623;0;0;89;0;50;0;
1825;4526660;1010319360;13283328;1090842624;0;0;0;0;0;0;0;0;0;0;0;1733;0;0;89;0;50;0;
1826;3087350;1010319360;13283328;1090842624;0;0;0;0;0;0;0;0;0;0;0;2264;0;0;89;0;50;0;
1827;1810295;1010319360;13283328;1090842624;0;0;0;0;0;0;0;0;0;0;0;1744;0;0;89;0;50;0;
1828;1567569;1010319360;13283328;1090842624;0;0;0;0;0;0;0;0;0;0;0;1362;0;0;89;0;50;0;
1829;1603938;1010319360;13283328;1090842624;0;0;0;0;0;0;0;0;0;0;0;1363;0;0;89;0;50;0;
1830;1422698;1010319360;13283328;1090842624;0;0;0;0;0;0;0;0;0;0;0;1423;0;0;89;0;50;0;
1831;1860839;1010319360;13283328;1090842624;0;0;0;0;0;0;0;0;0;0;0;1463;0;0;89;0;50;0;
1832;2072707;1010319360;13283328;1090842624;0;0;0;0;0;0;0;0;0;0;0;1443;0;0;89;0;50;0;
1833;1326978;1010319360;13283328;1090842624;0;0;0;0;0;0;0;0;0;0;0;1603;0;0;89;0;50;0;
1834;1151890;1010319360;13283328;1090842624;0;0;0;0;0;0;0;0;0;0;0;1593;0;0;89;0;50;0;
1835;1206182;1010319360;13283328;1090842624;0;0;0;0;0;0;0;0;0;0;0;1463;0;0;89;0;50;0;
1836;1007489;1010319360;13283328;1090842624;0;0;0;0;0;0;0;0;0;0;0;1323;0;0;89;0;50;0;
1837;1210861;1010319360;13283328;1090842624;0;0;0;0;0;0;0;0;0;0;0;1392;0;0;89;0;50;0;
1838;1878623;1010319360;13283328;1090842624;0;0;0;0;0;0;0;0;0;0;0;1332;0;0;89;0;50;0;
1839;1888371;1010319360;13283328;1090842624;0;0;0;0;0;0;0;0;0;0;0;1974;0;0;89;0;50;0;
1840;1874035;1010319360;13283328;1090842624;0;0;0;0;0;0;0;0;0;0;0;1553;0;0;89;0;50;0;
1841;1620148;1010319360;13283328;1090842624;0;0;0;0;0;0;0;0;0;0;0;1663;0;0;89;0;50;0;
1842;1240907;1010319360;13283328;1090842624;0;0;0;0;0;0;0;0;0;0;0;1362;0;0;89;0;50;0;
1843;1636429;1010319360;13283328;1090842624;0;0;0;0;0;0;0;0;0;0;0;1473;0;0;89;0;50;0;
1844;2511470;1010319360;13283328;1090842624;0;0;0;0;0;0;0;0;0;0;0;1543;0;0;89;0;50;0;
1845;1456722;1010319360;13283328;1090842624;0;0;0;0;0;0;0;0;0;0;0;1352;0;0;89;0;50;0;
1846;1331197;1010319360;13283328;1090842624;0;0;0;0;0;0;0;0;0;0;0;1773;0;0;89;0;50;0;
1847;1800306;1010319360;13283328;1090842624;0;0;0;0;0;0;0;0;0;0;0;1583;0;0;89;0;50;0;
1848;1283537;1010319360;13283328;1090842624;0;0;0;0;0;0;0;0;0;0;0;1643;0;0;89;0;50;0;
1849;899938;1010319360;13283328;1090842624;0;0;0;0;0;0;0;0;0;0;0;1733;0;0;89;0;50;0;
1850;3005596;1010319360;13283328;1090842624;0;0;0;0;0;0;0;0;0;0;0;1673;0;0;89;0;50;0;
1851;1604238;1010319360;13283328;1090842624;0;0;0;0;0;0;0;0;0;0;0;1723;0;0;89;0;50;0;
1852;1299877;1010319360;13283328;1090842624;0;0;0;0;0;0;0;0;0;0;0;1854;0;0;89;0;50;0;
1853;1428750;1010319360;13283328;1090842624;0;0;0;0;0;0;0;0;0;0;0;1813;0;0;89;0;50;0;
1854;1221681;1010319360;13283328;1090842624;0;0;0;0;0;0;0;0;0;0;0;1743;0;0;89;0;50;0;
1855;1803192;1010319360;13283328;1090842624;0;0;0;0;0;0;0;0;0;0;0;1683;0;0;89;0;50;0;
1856;2130486;1010319360;13283328;1090842624;0;0;0;0;0;0;0;0;0;0;0;1734;0;0;89;0;50;0;
1857;1769288;1010319360;13283328;1090842624;0;0;0;0;0;0;0;0;0;0;0;1433;0;0;89;0;50;0;
1858;1421025;1010319360;13283328;1090842624;0;0;0;0;0;0;0;0;0;0;0;1563;0;0;89;0;50;0;
1859;1287745;1010319360;13283328;1090842624;0;0;0;0;0;0;0;0;0;0;0;1192;0;0;89;0;50;0;
1860;1259082;1010319360;13283328;1090842624;0;0;0;0;0;0;0;0;0;0;0;1433;0;0;89;0;50;0;
1861;1445932;1010319360;13283328;1090842624;0;0;0;0;0;0;0;0;0;0;0;1593;0;0;89;0;50;0;
1862;3332980;1010319360;13283328;1090842624;0;0;0;0;0;0;0;0;0;0;0;1353;0;0;89;0;50;0;
1863;2261792;1010319360;13283328;1090842624;0;0;0;0;0;0;0;0;0;0;0;2164;0;0;89;0;50;0;
1864;1952702;1010319360;13283328;1090842624;0;0;0;0;0;0;0;0;0;0;0;1633;0;0;89;0;50;0;
1865;2327635;1010319360;13283328;1090842624;0;0;0;0;0;0;0;0;0;0;0;1433;0;0;89;0;50;0;
1866;1543915;1010319360;13283328;1090842624;0;0;0;0;0;0;0;0;0;0;0;1392;0;0;89;0;50;0;
1867;1725296;1010319360;13283328;1090842624;0;0;0;0;0;0;0;0;0;0;0;1904;0;0;89;0;50;0;
1868;5009434;1010319360;13283328;1090842624;0;0;0;0;0;0;0;0;0;0;0;1903;0;0;89;0;50;0;
1869;3112457;1010319360;13283328;1090842624;0;0;0;0;0;0;0;0;0;0;0;2665;0;0;89;0;50;0;
1870;2426490;1010319360;13283328;1090842624;0;0;0;0;0;0;0;0;0;0;0;51997;0;0;89;0;50;0;
1871;1751845;1010319360;13283328;1090842624;0;0;0;0;0;0;0;0;0;0;0;1653;0;0;89;0;50;0;
1872;1412960;1010319360;13283328;1090842624;0;0;0;0;0;0;0;0;0;0;0;1763;0;0;89;0;50;0;
1873;2172284;1010319360;13283328;1090842624;0;0;0;0;0;0;0;0;0;0;0;1964;0;0;89;0;50;0;
1874;2519275;1010319360;13283328;1090842624;0;0;0;0;0;0;0;0;0;0;0;1793;0;0;89;0;50;0;
1875;1896406;1010319360;13283328;1090842624;0;0;0;0;0;0;0;0;0;0;0;2004;0;0;89;0;50;0;
1876;1884935;1010319360;13283328;1090842624;0;0;0;0;0;0;0;0;0;0;0;2124;0;0;89;0;50;0;
1877;1996905;1010319360;13283328;1090842624;0;0;0;0;0;0;0;0;0;0;0;2044;0;0;89;0;50;0;
1878;1807480;1010319360;13283328;1090842624;0;0;0;0;0;0;0;0;0;0;0;1232;0;0;89;0;50;0;
1879;1981816;1010319360;13283328;1090842624;0;0;0;0;0;0;0;0;0;0;0;1533;0;0;89;0;50;0;
1880;3218045;1010319360;13283328;1090842624;0;0;0;0;0;0;0;0;0;0;0;1813;0;0;89;0;50;0;
1881;1905654;1010319360;13283328;1090842624;0;0;0;0;0;0;0;0;0;0;0;2104;0;0;89;0;50;0;
1882;1639594;1010319360;13283328;1090842624;0;0;0;0;0;0;0;0;0;0;0;1653;0;0;89;0;50;0;
1883;1791569;1010319360;13283328;1090842624;0;0;0;0;0;0;0;0;0;0;0;1894;0;0;89;0;50;0;
1884;1635757;1010319360;13283328;1090842624;0;0;0;0;0;0;0;0;0;0;0;1683;0;0;89;0;50;0;
1885;1986726;1010319360;13283328;1090842624;0;0;0;0;0;0;0;0;0;0;0;1723;0;0;89;0;50;0;
1886;2369945;1010319360;13283328;1090842624;0;0;0;0;0;0;0;0;0;0;0;2324;0;0;89;0;50;0;
1887;1882060;1010319360;13283328;1090842624;0;0;0;0;0;0;0;0;0;0;0;1794;0;0;89;0;50;0;
1888;1080136;1010319360;13283328;1090842624;0;0;0;0;0;0;0;0;0;0;0;1643;0;0;89;0;50;0;
1889;1531111;1010319360;13283328;1090842624;0;0;0;0;0;0;0;0;0;0;0;1563;0;0;89;0;50;0;
1890;2169549;1010319360;13283328;1090842624;0;0;0;0;0;0;0;0;0;0;0;2004;0;0;89;0;50;0;
1891;2006483;1010319360;13283328;1090842624;0;0;0;0;0;0;0;0;0;0;0;1974;0;0;89;0;50;0;
1892;2544512;1010319360;13283328;1090842624;0;0;0;0;0;0;0;0;0;0;0;1943;0;0;89;0;50;0;
1893;2198423;1010319360;13283328;1090842624;0;0;0;0;0;0;0;0;0;0;0;1884;0;0;89;0;50;0;
1894;2525777;1010319360;13283328;1090842624;0;0;0;0;0;0;0;0;0;0;0;1884;0;0;89;0;50;0;
1895;2430118;1010319360;13283328;1090842624;0;0;0;0;0;0;0;0;0;0;0;1763;0;0;89;0;50;0;
1896;1855209;1010319360;13283328;1090842624;0;0;0;0;0;0;0;0;0;0;0;1713;0;0;89;0;50;0;
1897;2620394;1010319360;13283328;1090842624;0;0;0;0;0;0;0;0;0;0;0;1633;0;0;89;0;50;0;
1898;3036234;1010319360;13283328;1090842624;0;0;0;0;0;0;0;0;0;0;0;1543;0;0;89;0;50;0;
1899;3560728;1010319360;13283328;1090842624;0;0;0;0;0;0;0;0;0;0;0;3066;0;0;89;0;50;0;
1900;2754596;1010319360;13283328;1090842624;0;0;0;0;0;0;0;0;0;0;0;1773;0;0;89;0;50;0;
1901;2394862;1010319360;13283328;1090842624;0;0;0;0;0;0;0;0;0;0;0;1382;0;0;89;0;50;0;
1902;1730455;1010319360;13283328;1090842624;0;0;0;0;0;0;0;0;0;0;0;1703;0;0;89;0;50;0;
1903;2009148;1010319360;13283328;1090842624;0;0;0;0;0;0;0;0;0;0;0;2444;0;0;89;0;51;0;
1904;3246569;1010319360;13283328;1090842624;0;0;0;0;0;0;0;0;0;0;0;1814;0;0;89;0;51;0;
1905;1833038;1010319360;13283328;1090842624;0;0;0;0;0;0;0;0;0;0;0;2054;0;0;89;0;51;0;
1906;1908048;1010319360;13283328;1090842624;0;0;0;0;0;0;0;0;0;0;0;2144;0;0;89;0;51;0;
1907;1584191;1010319360;13283328;1090842624;0;0;0;0;0;0;0;0;0;0;0;1563;0;0;89;0;51;0;
1908;2431370;1010319360;13283328;1090842624;0;0;0;0;0;0;0;0;0;0;0;7454;0;0;89;0;51;0;
1909;2280567;1010319360;13283328;1090842624;0;0;0;0;0;0;0;0;0;0;0;1894;0;0;89;0;51;0;
1910;5238323;1010319360;13283328;1090842624;0;0;0;0;0;0;0;0;0;0;0;1744;0;0;89;0;51;0;
1911;3966329;1010319360;13287424;1090846720;0;0;0;0;0;0;0;0;0;0;0;2033;0;0;89;0;51;0;
1912;2599355;1010319360;13287424;1090846720;0;0;0;0;0;0;0;0;0;0;0;2565;0;0;89;0;51;0;
1913;2294774;1010319360;13287424;1090846720;0;0;0;0;0;0;0;0;0;0;0;1673;0;0;89;0;51;0;
1914;2452480;1010319360;13287424;1090846720;0;0;0;0;0;0;0;0;0;0;0;1372;0;0;89;0;51;0;
1915;2373812;1010319360;13287424;1090846720;0;0;0;0;0;0;0;0;0;0;0;1593;0;0;89;0;51;0;
1916;2881844;1010319360;13287424;1090846720;0;0;0;0;0;0;0;0;0;0;0;1583;0;0;89;0;51;0;
1917;2641433;1010319360;13287424;1090846720;0;0;0;0;0;0;0;0;0;0;0;1673;0;0;89;0;51;0;
1918;2437571;1010319360;13287424;1090846720;0;0;0;0;0;0;0;0;0;0;0;2235;0;0;89;0;51;0;
1919;1701030;1010319360;13287424;1090846720;0;0;0;0;0;0;0;0;0;0;0;55855;0;0;89;0;51;0;
1920;3275002;1010319360;13287424;1090846720;0;0;0;0;0;0;0;0;0;0;0;2024;0;0;89;0;51;0;
1921;1966989;1010319360;13287424;1090846720;0;0;0;0;0;0;0;0;0;0;0;1413;0;0;89;0;51;0;
1922;2117962;1010319360;13287424;1090846720;0;0;0;0;0;0;0;0;0;0;0;1473;0;0;89;0;51;0;
1923;3383606;1010319360;13287424;1090846720;0;0;0;0;0;0;0;0;0;0;0;1573;0;0;89;0;51;0;
1924;2438644;1010319360;13287424;1090846720;0;0;0;0;0;0;0;0;0;0;0;2164;0;0;89;0;51;0;
1925;1166297;1010319360;13287424;1090846720;0;0;0;0;0;0;0;0;0;0;0;1553;0;0;89;0;51;0;
1926;1805346;1010319360;13287424;1090846720;0;0;0;0;0;0;0;0;0;0;0;1603;0;0;89;0;51;0;
1927;1065578;1010319360;13287424;1090846720;0;0;0;0;0;0;0;0;0;0;0;1313;0;0;89;0;51;0;
1928;1905905;1010319360;13287424;1090846720;0;0;0;0;0;0;0;0;0;0;0;1583;0;0;89;0;51;0;
1929;3222062;1010319360;13287424;1090846720;0;0;0;0;0;0;0;0;0;0;0;1633;0;0;89;0;51;0;
1930;1661546;1010319360;13287424;1090846720;0;0;0;0;0;0;0;0;0;0;0;2364;0;0;89;0;53;0;
1931;1693787;1010319360;13287424;1090846720;0;0;0;0;0;0;0;0;0;0;0;1633;0;0;89;0;53;0;
1932;1912887;1010319360;13287424;1090846720;0;0;0;0;0;0;0;0;0;0;0;1823;0;0;89;0;53;0;
1933;2007776;1010319360;13287424;1090846720;0;0;0;0;0;0;0;0;0;0;0;1433;0;0;89;0;53;0;
1934;1709726;1010319360;13287424;1090846720;0;0;0;0;0;0;0;0;0;0;0;1743;0;0;89;0;53;0;
1935;2480391;1010319360;13287424;1090846720;0;0;0;0;0;0;0;0;0;0;0;1653;0;0;89;0;53;0;
1936;1670674;1010319360;13287424;1090846720;0;0;0;0;0;0;0;0;0;0;0;1343;0;0;89;0;53;0;
1937;2364976;1010319360;13287424;1090846720;0;0;0;0;0;0;0;0;0;0;0;2134;0;0;89;0;53;0;
1938;3092910;1010319360;13287424;1090846720;0;0;0;0;0;0;0;0;0;0;0;1804;0;0;89;0;53;0;
1939;1766352;1010319360;13287424;1090846720;0;0;0;0;0;0;0;0;0;0;0;1513;0;0;89;0;53;0;
1940;2459763;1010319360;13287424;1090846720;0;0;0;0;0;0;0;0;0;0;0;1583;0;0;89;0;53;0;
1941;2534403;1010319360;13287424;1090846720;0;0;0;0;0;0;0;0;0;0;0;1654;0;0;89;0;53;0;
1942;2189666;1010319360;13287424;1090846720;0;0;0;0;0;0;0;0;0;0;0;1783;0;0;89;0;53;0;
1943;1549937;1010319360;13287424;1090846720;0;0;0;0;0;0;0;0;0;0;0;1673;0;0;89;0;53;0;
1944;1622864;1010319360;13287424;1090846720;0;0;0;0;0;0;0;0;0;0;0;1613;0;0;89;0;53;0;
1945;1582799;1010319360;13287424;1090846720;0;0;0;0;0;0;0;0;0;0;0;1422;0;0;89;0;53;0;
1946;1644023;1010319360;13287424;1090846720;0;0;0;0;0;0;0;0;0;0;0;2444;0;0;89;0;54;0;
1947;2261281;1010319360;13287424;1090846720;0;0;0;0;0;0;0;0;0;0;0;1683;0;0;89;0;54;0;
1948;1145789;1010319360;13287424;1090846720;0;0;0;0;0;0;0;0;0;0;0;1543;0;0;89;0;54;0;
1949;1717381;1010319360;13287424;1090846720;0;0;0;0;0;0;0;0;0;0;0;1723;0;0;89;0;54;0;
1950;1476549;1010319360;13287424;1090846720;0;0;0;0;0;0;0;0;0;0;0;1723;0;0;89;0;54;0;
1951;2875743;1010319360;13287424;1090846720;0;0;0;0;0;0;0;0;0;0;0;1683;0;0;89;0;54;0;
1952;2722847;1010319360;13287424;1090846720;0;0;0;0;0;0;0;0;0;0;0;1563;0;0;89;0;54;0;
1953;4973838;1010319360;13287424;1090846720;0;0;0;0;0;0;0;0;0;0;0;3637;0;0;89;0;54;0;
1954;3193749;1010335744;13283328;1090842624;0;0;0;0;0;0;0;0;0;0;0;2344;0;0;89;0;54;0;
1955;2116570;1010335744;13283328;1090842624;0;0;0;0;0;0;0;0;0;0;0;1522;0;0;89;0;54;0;
1956;1947172;1010335744;13283328;1090842624;0;0;0;0;0;0;0;0;0;0;0;1714;0;0;89;0;54;0;
1957;2111690;1010335744;13283328;1090842624;0;0;0;0;0;0;0;0;0;0;0;146745;0;0;89;0;54;0;
1958;1919310;1010335744;13283328;1090842624;0;0;0;0;0;0;0;0;0;0;0;2144;0;0;89;0;54;0;
1959;1860099;1010335744;13283328;1090842624;0;0;0;0;0;0;0;0;0;0;0;1844;0;0;89;0;54;0;
1960;2999155;1010335744;13283328;1090842624;0;0;0;0;0;0;0;0;0;0;0;2165;0;0;89;0;54;0;
1961;1680261;1010335744;13283328;1090842624;0;0;0;0;0;0;0;0;0;0;0;2986;0;0;89;0;55;0;
1962;1719865;1010335744;13283328;1090842624;0;0;0;0;0;0;0;0;0;0;0;1493;0;0;89;0;55;0;
1963;1986486;1010335744;13283328;1090842624;0;0;0;0;0;0;0;0;0;0;0;1453;0;0;89;0;55;0;
1964;2264727;1010335744;13283328;1090842624;0;0;0;0;0;0;0;0;0;0;0;1633;0;0;89;0;55;0;
1965;2296888;1010335744;13283328;1090842624;0;0;0;0;0;0;0;0;0;0;0;1353;0;0;89;0;55;0;
1966;2611257;1010335744;13283328;1090842624;0;0;0;0;0;0;0;0;0;0;0;1663;0;0;89;0;55;0;
1967;1692634;1010335744;13283328;1090842624;0;0;0;0;0;0;0;0;0;0;0;1603;0;0;89;0;55;0;
1968;2467427;1010335744;13283328;1090842624;0;0;0;0;0;0;0;0;0;0;0;3898;0;0;89;0;55;0;
1969;2930686;1010335744;13283328;1090842624;0;0;0;0;0;0;0;0;0;0;0;3356;0;0;89;0;56;0;
1970;2862438;1010335744;13283328;1090842624;0;0;0;0;0;0;0;0;0;0;0;1913;0;0;89;0;56;0;
1971;2788550;1010335744;13283328;1090842624;0;0;0;0;0;0;0;0;0;0;0;1704;0;0;89;0;56;0;
1972;3254323;1010335744;13283328;1090842624;0;0;0;0;0;0;0;0;0;0;0;1352;0;0;89;0;56;0;
1973;2625073;1010335744;13283328;1090842624;0;0;0;0;0;0;0;0;0;0;0;1563;0;0;89;0;56;0;
1974;1927355;1010335744;13283328;1090842624;0;0;0;0;0;0;0;0;0;0;0;1452;0;0;89;0;56;0;
1975;2955673;1010335744;13283328;1090842624;0;0;0;0;0;0;0;0;0;0;0;2575;0;0;89;0;57;0;
1976;4039936;1010335744;13283328;1090842624;0;0;0;0;0;0;0;0;0;0;0;1693;0;0;89;0;57;0;
1977;1360672;1010335744;13283328;1090842624;0;0;0;0;0;0;0;0;0;0;0;1663;0;0;89;0;57;0;
1978;2518393;1010335744;13283328;1090842624;0;0;0;0;0;0;0;0;0;0;0;1402;0;0;89;0;57;0;
1979;1801618;1010335744;13283328;1090842624;0;0;0;0;0;0;0;0;0;0;0;1373;0;0;89;0;57;0;
1980;1562671;1010335744;13283328;1090842624;0;0;0;0;0;0;0;0;0;0;0;1853;0;0;89;0;57;0;
1981;1154395;1010335744;13283328;1090842624;0;0;0;0;0;0;0;0;0;0;0;1442;0;0;89;0;57;0;
1982;1490545;1010335744;13283328;1090842624;0;0;0;0;0;0;0;0;0;0;0;2505;0;0;89;0;57;0;
1983;2575049;1010335744;13283328;1090842624;0;0;0;0;0;0;0;0;0;0;0;2755;0;0;89;0;58;0;
1984;2646212;1010335744;13283328;1090842624;0;0;0;0;0;0;0;0;0;0;0;1482;0;0;89;0;58;0;
1985;2234731;1010335744;13283328;1090842624;0;0;0;0;0;0;0;0;0;0;0;2044;0;0;89;0;58;0;
1986;1759379;1010335744;13283328;1090842624;0;0;0;0;0;0;0;0;0;0;0;2134;0;0;89;0;58;0;
1987;1799766;1010335744;13283328;1090842624;0;0;0;0;0;0;0;0;0;0;0;1413;0;0;89;0;58;0;
1988;1647170;1010335744;13283328;1090842624;0;0;0;0;0;0;0;0;0;0;0;1283;0;0;89;0;58;0;
1989;2421872;1010335744;13283328;1090842624;0;0;0;0;0;0;0;0;0;0;0;1803;0;0;89;0;58;0;
1990;3557482;1010335744;13283328;1090842624;0;0;0;0;0;0;0;0;0;0;0;2264;0;0;89;0;58;0;
1991;2877606;1010335744;13283328;1090842624;0;0;0;0;0;0;0;0;0;0;0;3256;0;0;89;0;59;0;
1992;2820219;1010335744;13283328;1090842624;0;0;0;0;0;0;0;0;0;0;0;1854;0;0;89;0;59;0;
1993;2528733;1010335744;13283328;1090842624;0;0;0;0;0;0;0;0;0;0;0;1532;0;0;89;0;59;0;
1994;2463550;1010335744;13283328;1090842624;0;0;0;0;0;0;0;0;0;0;0;1673;0;0;89;0;59;0;
1995;1907307;1010335744;13283328;1090842624;0;0;0;0;0;0;0;0;0;0;0;1543;0;0;89;0;59;0;
1996;4958900;1010335744;13283328;1090842624;0;0;0;0;0;0;0;0;0;0;0;1383;0;0;89;0;59;0;
1997;3528458;1010335744;13283328;1090842624;0;0;0;0;0;0;0;0;0;0;0;3156;0;0;89;0;60;0;
1998;2042791;1010335744;13283328;1090842624;0;0;0;0;0;0;0;0;0;0;0;1944;0;0;89;0;60;0;
1999;1051943;1010335744;13283328;1090842624;0;0;0;0;0;0;0;0;0;0;0;1603;0;0;89;0;60;0;
2000;2518062;1010335744;13283328;1090842624;0;0;0;0;0;0;0;0;0;0;0;1623;0;0;89;0;60;0;
2001;1848487;1010335744;13283328;1090842624;0;0;0;0;0;0;0;0;0;0;0;1563;0;0;89;0;60;0;
2002;3100505;1010335744;13283328;1090842624;0;0;0;0;0;0;0;0;0;0;0;2444;0;0;89;0;60;0;
2003;2167875;1010335744;13283328;1090842624;0;0;0;0;0;0;0;0;0;0;0;2194;0;0;89;0;60;0;
2004;2074100;1010335744;13283328;1090842624;0;0;0;0;0;0;0;0;0;0;0;1523;0;0;89;0;60;0;
2005;2154440;1010335744;13283328;1090842624;0;0;0;0;0;0;0;0;0;0;0;1542;0;0;89;0;60;0;
2006;2731953;1010335744;13283328;1090842624;0;0;0;0;0;0;0;0;0;0;0;1593;0;0;89;0;60;0;
2007;3103170;1010335744;13283328;1090842624;0;0;0;0;0;0;0;0;0;0;0;1613;0;0;89;0;60;0;
2008;2022763;1010335744;13283328;1090842624;0;0;0;0;0;0;0;0;0;0;0;2104;0;0;89;0;60;0;
2009;1037296;1010335744;13283328;1090842624;0;0;0;0;0;0;0;0;0;0;0;1593;0;0;89;0;60;0;
2010;1526082;1010335744;13283328;1090842624;0;0;0;0;0;0;0;0;0;0;0;1793;0;0;89;0;60;0;
2011;2706225;1010335744;13283328;1090842624;0;0;0;0;0;0;0;0;0;0;0;106700;0;0;89;0;60;0;
2012;3675262;1010335744;13283328;1090842624;0;0;0;0;0;0;0;0;0;0;0;1683;0;0;89;0;60;0;
2013;4086163;1010335744;13283328;1090842624;0;0;0;0;0;0;0;0;0;0;0;6332;0;0;89;0;60;0;
2014;2875142;1010335744;13283328;1090842624;0;0;0;0;0;0;0;0;0;0;0;2986;0;0;89;0;60;0;
2015;2583565;1010335744;13283328;1090842624;0;0;0;0;0;0;0;0;0;0;0;2886;0;0;89;0;60;0;
2016;2638478;1010335744;13283328;1090842624;0;0;0;0;0;0;0;0;0;0;0;2284;0;0;89;0;60;0;
2017;4117652;1010335744;13283328;1090842624;0;0;0;0;0;0;0;0;0;0;0;2294;0;0;89;0;60;0;
2018;1836615;1010335744;13283328;1090842624;0;0;0;0;0;0;0;0;0;0;0;1834;0;0;89;0;60;0;
2019;2766749;1010335744;13283328;1090842624;0;0;0;0;0;0;0;0;0;0;0;2244;0;0;89;0;60;0;
2020;2239079;1010335744;13283328;1090842624;0;0;0;0;0;0;0;0;0;0;0;2385;0;0;89;0;60;0;
2021;1852595;1010335744;13283328;1090842624;0;0;0;0;0;0;0;0;0;0;0;2124;0;0;89;0;60;0;
2022;2492364;1010335744;13283328;1090842624;0;0;0;0;0;0;0;0;0;0;0;2324;0;0;89;0;60;0;
2023;3705219;1010335744;13283328;1090842624;0;0;0;0;0;0;0;0;0;0;0;1834;0;0;89;0;60;0;
2024;2861737;1010335744;13283328;1090842624;0;0;0;0;0;0;0;0;0;0;0;2154;0;0;89;0;60;0;
2025;3030995;1010335744;13283328;1090842624;0;0;0;0;0;0;0;0;0;0;0;1753;0;0;89;0;60;0;
2026;2567605;1010335744;13283328;1090842624;0;0;0;0;0;0;0;0;0;0;0;2184;0;0;89;0;60;0;
2027;2417403;1010335744;13283328;1090842624;0;0;0;0;0;0;0;0;0;0;0;210134;0;0;89;0;60;0;
2028;2622788;1010335744;13283328;1090842624;0;0;0;0;0;0;0;0;0;0;0;2184;0;0;89;0;60;0;
2029;4104778;1010335744;13283328;1090842624;0;0;0;0;0;0;0;0;0;0;0;1493;0;0;89;0;60;0;
2030;1926713;1010335744;13283328;1090842624;0;0;0;0;0;0;0;0;0;0;0;1744;0;0;89;0;60;0;
2031;2620274;1010335744;13283328;1090842624;0;0;0;0;0;0;0;0;0;0;0;1472;0;0;89;0;60;0;
2032;1573050;1010335744;13283328;1090842624;0;0;0;0;0;0;0;0;0;0;0;1694;0;0;89;0;60;0;
2033;1154886;1010335744;13283328;1090842624;0;0;0;0;0;0;0;0;0;0;0;1412;0;0;89;0;60;0;
2034;1281804;1010335744;13283328;1090842624;0;0;0;0;0;0;0;0;0;0;0;1423;0;0;89;0;60;0;
2035;3866801;1010335744;13283328;1090842624;0;0;0;0;0;0;0;0;0;0;0;1713;0;0;89;0;60;0;
2036;2260409;1010335744;13283328;1090842624;0;0;0;0;0;0;0;0;0;0;0;2104;0;0;89;0;60;0;
2037;1905734;1010335744;13283328;1090842624;0;0;0;0;0;0;0;0;0;0;0;1653;0;0;89;0;60;0;
2038;1039499;1010335744;13283328;1090842624;0;0;0;0;0;0;0;0;0;0;0;1432;0;0;89;0;60;0;
2039;835336;1010335744;13283328;1090842624;0;0;0;0;0;0;0;0;0;0;0;1503;0;0;89;0;60;0;
2040;1731979;1010335744;13283328;1090842624;0;0;0;0;0;0;0;0;0;0;0;1583;0;0;89;0;60;0;
2041;1450561;1010335744;13283328;1090842624;0;0;0;0;0;0;0;0;0;0;0;2124;0;0;89;0;60;0;
2042;2090401;1010335744;13283328;1090842624;0;0;0;0;0;0;0;0;0;0;0;1964;0;0;89;0;60;0;
2043;1515733;1010335744;13283328;1090842624;0;0;0;0;0;0;0;0;0;0;0;1724;0;0;89;0;60;0;
2044;1664432;1010335744;13283328;1090842624;0;0;0;0;0;0;0;0;0;0;0;1463;0;0;89;0;60;0;
2045;2720492;1010335744;13283328;1090842624;0;0;0;0;0;0;0;0;0;0;0;2134;0;0;89;0;60;0;
2046;1937433;1010335744;13283328;1090842624;0;0;0;0;0;0;0;0;0;0;0;2074;0;0;89;0;60;0;
2047;1511866;1010335744;13283328;1090842624;0;0;0;0;0;0;0;0;0;0;0;2325;0;0;89;0;60;0;
2048;1559525;1010335744;13283328;1090842624;0;0;0;0;0;0;0;0;0;0;0;2424;0;0;89;0;60;0;
2049;1681634;1010335744;13283328;1090842624;0;0;0;0;0;0;0;0;0;0;0;2194;0;0;89;0;60;0;
2050;2058500;1010335744;13283328;1090842624;0;0;0;0;0;0;0;0;0;0;0;2134;0;0;89;0;60;0;
2051;1473113;1010335744;13283328;1090842624;0;0;0;0;0;0;0;0;0;0;0;2394;0;0;89;0;60;0;
2052;1820554;1010335744;13283328;1090842624;0;0;0;0;0;0;0;0;0;0;0;2525;0;0;89;0;60;0;
2053;1556920;1010335744;13283328;1090842624;0;0;0;0;0;0;0;0;0;0;0;2445;0;0;89;0;60;0;
2054;2081744;1010335744;13283328;1090842624;0;0;0;0;0;0;0;0;0;0;0;1523;0;0;89;0;60;0;
2055;1847585;1010335744;13283328;1090842624;0;0;0;0;0;0;0;0;0;0;0;1663;0;0;89;0;60;0;
2056;1586435;1010335744;13283328;1090842624;0;0;0;0;0;0;0;0;0;0;0;1793;0;0;89;0;60;0;
2057;871495;1010335744;13283328;1090842624;0;0;0;0;0;0;0;0;0;0;0;1433;0;0;89;0;60;0;
2058;1572709;1010335744;13283328;1090842624;0;0;0;0;0;0;0;0;0;0;0;1493;0;0;89;0;60;0;
2059;1775018;1010335744;13283328;1090842624;0;0;0;0;0;0;0;0;0;0;0;2174;0;0;89;0;60;0;
2060;2494318;1010335744;13283328;1090842624;0;0;0;0;0;0;0;0;0;0;0;1623;0;0;89;0;60;0;
2061;1148354;1010335744;13283328;1090842624;0;0;0;0;0;0;0;0;0;0;0;1613;0;0;89;0;60;0;
2062;998142;1010335744;13283328;1090842624;0;0;0;0;0;0;0;0;0;0;0;1482;0;0;89;0;60;0;
2063;1683738;1010335744;13283328;1090842624;0;0;0;0;0;0;0;0;0;0;0;1763;0;0;89;0;60;0;
2064;1088862;1010335744;13283328;1090842624;0;0;0;0;0;0;0;0;0;0;0;1443;0;0;89;0;60;0;
2065;5536052;1010335744;13283328;1090842624;0;0;0;0;0;0;0;0;0;0;0;1492;0;0;89;0;60;0;
2066;2746210;1010335744;13283328;1090842624;0;0;0;0;0;0;0;0;0;0;0;2284;0;0;89;0;60;0;
2067;1632332;1010335744;13283328;1090842624;0;0;0;0;0;0;0;0;0;0;0;1693;0;0;89;0;60;0;
2068;1292654;1010335744;13283328;1090842624;0;0;0;0;0;0;0;0;0;0;0;1423;0;0;89;0;60;0;
2069;1767846;1010335744;13283328;1090842624;0;0;0;0;0;0;0;0;0;0;0;1463;0;0;89;0;60;0;
2070;1161669;1010335744;13283328;1090842624;0;0;0;0;0;0;0;0;0;0;0;1433;0;0;89;0;60;0;
2071;2681178;1010335744;13275136;1090834432;0;0;0;0;0;0;0;0;0;0;0;1773;0;0;89;0;60;0;
2072;1578160;1010335744;13275136;1090834432;0;0;0;0;0;0;0;0;0;0;0;1793;0;0;89;0;60;0;
2073;1766573;1010335744;13275136;1090834432;0;0;0;0;0;0;0;0;0;0;0;1593;0;0;89;0;60;0;
2074;1179432;1010335744;13275136;1090834432;0;0;0;0;0;0;0;0;0;0;0;1673;0;0;89;0;60;0;
2075;1675983;1010335744;13275136;1090834432;0;0;0;0;0;0;0;0;0;0;0;1603;0;0;89;0;60;0;
2076;2256842;1010335744;13275136;1090834432;0;0;0;0;0;0;0;0;0;0;0;1633;0;0;89;0;60;0;
2077;2375565;1010335744;13275136;1090834432;0;0;0;0;0;0;0;0;0;0;0;6282;0;0;89;0;60;0;
2078;1142863;1010335744;13275136;1090834432;0;0;0;0;0;0;0;0;0;0;0;1714;0;0;89;0;60;0;
2079;1250304;1010335744;13275136;1090834432;0;0;0;0;0;0;0;0;0;0;0;1473;0;0;89;0;60;0;
2080;1754279;1010335744;13275136;1090834432;0;0;0;0;0;0;0;0;0;0;0;1743;0;0;89;0;60;0;
2081;3203899;1010335744;13275136;1090834432;0;0;0;0;0;0;0;0;0;0;0;1643;0;0;89;0;60;0;
2082;1744221;1010335744;13275136;1090834432;0;0;0;0;0;0;0;0;0;0;0;1583;0;0;89;0;60;0;
2083;2071815;1010335744;13275136;1090834432;0;0;0;0;0;0;0;0;0;0;0;1563;0;0;89;0;60;0;
2084;1537353;1010335744;13275136;1090834432;0;0;0;0;0;0;0;0;0;0;0;1423;0;0;89;0;60;0;
2085;1429741;1010335744;13275136;1090834432;0;0;0;0;0;0;0;0;0;0;0;1432;0;0;89;0;60;0;
2086;3279340;1010335744;13275136;1090834432;0;0;0;0;0;0;0;0;0;0;0;1383;0;0;89;0;60;0;
2087;940764;1010335744;13275136;1090834432;0;0;0;0;0;0;0;0;0;0;0;1462;0;0;89;0;60;0;
2088;886072;1010335744;13275136;1090834432;0;0;0;0;0;0;0;0;0;0;0;1483;0;0;89;0;60;0;
2089;1411286;1010335744;13275136;1090834432;0;0;0;0;0;0;0;0;0;0;0;1442;0;0;89;0;60;0;
2090;1424321;1010335744;13275136;1090834432;0;0;0;0;0;0;0;0;0;0;0;1422;0;0;89;0;60;0;
2091;2983375;1010335744;13275136;1090834432;0;0;0;0;0;0;0;0;0;0;0;1423;0;0;89;0;60;0;
2092;1298926;1010335744;13275136;1090834432;0;0;0;0;0;0;0;0;0;0;0;1553;0;0;89;0;60;0;
2093;1181887;1010335744;13275136;1090834432;0;0;0;0;0;0;0;0;0;0;0;1523;0;0;89;0;60;0;
2094;860884;1010335744;13275136;1090834432;0;0;0;0;0;0;0;0;0;0;0;1432;0;0;89;0;60;0;
2095;933420;1010335744;13275136;1090834432;0;0;0;0;0;0;0;0;0;0;0;1413;0;0;89;0;60;0;
2096;4726724;1010335744;13275136;1090834432;0;0;0;0;0;0;0;0;0;0;0;1684;0;0;89;0;60;0;
2097;3602336;1010335744;13275136;1090834432;0;0;0;0;0;0;0;0;0;0;0;1573;0;0;89;0;60;0;
2098;2070914;1010335744;13275136;1090834432;0;0;0;0;0;0;0;0;0;0;0;1874;0;0;89;0;60;0;
2099;2250791;1010335744;13275136;1090834432;0;0;0;0;0;0;0;0;0;0;0;1392;0;0;89;0;60;0;
2100;1234395;1010335744;13275136;1090834432;0;0;0;0;0;0;0;0;0;0;0;1382;0;0;89;0;60;0;
2101;1539007;1010335744;13275136;1090834432;0;0;0;0;0;0;0;0;0;0;0;1473;0;0;89;0;60;0;
2102;3356855;1010335744;13275136;1090834432;0;0;0;0;0;0;0;0;0;0;0;1453;0;0;89;0;60;0;
2103;1698706;1010335744;13275136;1090834432;0;0;0;0;0;0;0;0;0;0;0;1603;0;0;89;0;60;0;
2104;1603818;1010335744;13275136;1090834432;0;0;0;0;0;0;0;0;0;0;0;1463;0;0;89;0;60;0;
2105;1745283;1010335744;13275136;1090834432;0;0;0;0;0;0;0;0;0;0;0;1492;0;0;89;0;60;0;
2106;1146550;1010335744;13275136;1090834432;0;0;0;0;0;0;0;0;0;0;0;1432;0;0;89;0;60;0;
2107;1703665;1010335744;13275136;1090834432;0;0;0;0;0;0;0;0;0;0;0;1693;0;0;89;0;60;0;
2108;1566889;1010335744;13275136;1090834432;0;0;0;0;0;0;0;0;0;0;0;1413;0;0;89;0;60;0;
2109;1100665;1010335744;13275136;1090834432;0;0;0;0;0;0;0;0;0;0;0;1423;0;0;89;0;60;0;
2110;1693986;1010335744;13275136;1090834432;0;0;0;0;0;0;0;0;0;0;0;1443;0;0;89;0;60;0;
2111;1425263;1010335744;13275136;1090834432;0;0;0;0;0;0;0;0;0;0;0;1593;0;0;89;0;60;0;
2112;3134278;1010335744;13275136;1090834432;0;0;0;0;0;0;0;0;0;0;0;1683;0;0;89;0;60;0;
2113;1285470;1010335744;13275136;1090834432;0;0;0;0;0;0;0;0;0;0;0;1833;0;0;89;0;60;0;
2114;1380950;1010335744;13275136;1090834432;0;0;0;0;0;0;0;0;0;0;0;1422;0;0;89;0;60;0;
2115;968536;1010335744;13275136;1090834432;0;0;0;0;0;0;0;0;0;0;0;1513;0;0;89;0;60;0;
2116;1934558;1010335744;13275136;1090834432;0;0;0;0;0;0;0;0;0;0;0;1493;0;0;89;0;60;0;
2117;2174428;1010335744;13275136;1090834432;0;0;0;0;0;0;0;0;0;0;0;1603;0;0;89;0;60;0;
2118;844234;1010335744;13275136;1090834432;0;0;0;0;0;0;0;0;0;0;0;1452;0;0;89;0;60;0;
2119;779222;1010335744;13275136;1090834432;0;0;0;0;0;0;0;0;0;0;0;1393;0;0;89;0;60;0;
2120;1392492;1010335744;13275136;1090834432;0;0;0;0;0;0;0;0;0;0;0;1402;0;0;89;0;60;0;
2121;1326337;1010335744;13275136;1090834432;0;0;0;0;0;0;0;0;0;0;0;1393;0;0;89;0;60;0;
2122;2088928;1010335744;13275136;1090834432;0;0;0;0;0;0;0;0;0;0;0;1573;0;0;89;0;60;0;
2123;1176887;1010335744;13275136;1090834432;0;0;0;0;0;0;0;0;0;0;0;1563;0;0;89;0;60;0;
2124;1481729;1010335744;13275136;1090834432;0;0;0;0;0;0;0;0;0;0;0;1553;0;0;89;0;60;0;
2125;1676534;1010335744;13275136;1090834432;0;0;0;0;0;0;0;0;0;0;0;1864;0;0;89;0;60;0;
2126;1272607;1010335744;13275136;1090834432;0;0;0;0;0;0;0;0;0;0;0;1543;0;0;89;0;60;0;
2127;10055378;1010335744;13275136;1090834432;0;0;0;0;0;0;0;0;0;0;0;1673;0;0;89;0;60;0;
2128;4531238;1010335744;13279232;1090838528;0;0;0;0;0;0;0;0;0;0;0;2655;0;0;89;0;60;0;
2129;2018365;1010335744;13279232;1090838528;0;0;0;0;0;0;0;0;0;0;0;2184;0;0;89;0;60;0;
2130;2219703;1010335744;13279232;1090838528;0;0;0;0;0;0;0;0;0;0;0;1423;0;0;89;0;60;0;
2131;1773296;1010335744;13279232;1090838528;0;0;0;0;0;0;0;0;0;0;0;1463;0;0;89;0;60;0;
2132;2278022;1010335744;13279232;1090838528;0;0;0;0;0;0;0;0;0;0;0;1483;0;0;89;0;60;0;
2133;2838022;1010335744;13279232;1090838528;0;0;0;0;0;0;0;0;0;0;0;1583;0;0;89;0;60;0;
2134;1508920;1010335744;13279232;1090838528;0;0;0;0;0;0;0;0;0;0;0;1373;0;0;89;0;60;0;
2135;2765937;1010335744;13279232;1090838528;0;0;0;0;0;0;0;0;0;0;0;1393;0;0;89;0;60;0;
2136;1627683;1010335744;13279232;1090838528;0;0;0;0;0;0;0;0;0;0;0;1503;0;0;89;0;60;0;
2137;1927155;1010335744;13279232;1090838528;0;0;0;0;0;0;0;0;0;0;0;1473;0;0;89;0;60;0;
2138;2238228;1010335744;13279232;1090838528;0;0;0;0;0;0;0;0;0;0;0;1403;0;0;89;0;60;0;
2139;1618396;1010335744;13279232;1090838528;0;0;0;0;0;0;0;0;0;0;0;1472;0;0;89;0;60;0;
2140;1967049;1010335744;13279232;1090838528;0;0;0;0;0;0;0;0;0;0;0;1413;0;0;89;0;60;0;
2141;1736407;1010335744;13279232;1090838528;0;0;0;0;0;0;0;0;0;0;0;1413;0;0;89;0;60;0;
2142;1631751;1010335744;13279232;1090838528;0;0;0;0;0;0;0;0;0;0;0;1523;0;0;89;0;60;0;
2143;2966754;1010335744;13279232;1090838528;0;0;0;0;0;0;0;0;0;0;0;1603;0;0;89;0;60;0;
2144;1640506;1010335744;13279232;1090838528;0;0;0;0;0;0;0;0;0;0;0;1443;0;0;89;0;60;0;
2145;1604910;1010335744;13279232;1090838528;0;0;0;0;0;0;0;0;0;0;0;1613;0;0;89;0;60;0;
2146;1607615;1010335744;13279232;1090838528;0;0;0;0;0;0;0;0;0;0;0;1654;0;0;89;0;60;0;
2147;1348268;1010335744;13279232;1090838528;0;0;0;0;0;0;0;0;0;0;0;1433;0;0;89;0;60;0;
2148;3458366;1010335744;13279232;1090838528;0;0;0;0;0;0;0;0;0;0;0;1433;0;0;89;0;60;0;
2149;1428780;1010335744;13279232;1090838528;0;0;0;0;0;0;0;0;0;0;0;1483;0;0;89;0;60;0;
2150;1575094;1010335744;13279232;1090838528;0;0;0;0;0;0;0;0;0;0;0;1543;0;0;89;0;60;0;
2151;1365000;1010335744;13279232;1090838528;0;0;0;0;0;0;0;0;0;0;0;1483;0;0;89;0;60;0;
2152;1519580;1010335744;13279232;1090838528;0;0;0;0;0;0;0;0;0;0;0;1432;0;0;89;0;60;0;
2153;1520732;1010335744;13279232;1090838528;0;0;0;0;0;0;0;0;0;0;0;1222;0;0;89;0;60;0;
2154;1118457;1010335744;13279232;1090838528;0;0;0;0;0;0;0;0;0;0;0;1532;0;0;89;0;60;0;
2155;1923478;1010335744;13279232;1090838528;0;0;0;0;0;0;0;0;0;0;0;1222;0;0;89;0;60;0;
2156;2046558;1010335744;13279232;1090838528;0;0;0;0;0;0;0;0;0;0;0;1483;0;0;89;0;60;0;
2157;1946260;1010335744;13279232;1090838528;0;0;0;0;0;0;0;0;0;0;0;1503;0;0;89;0;60;0;
2158;5414284;1010335744;13279232;1090838528;0;0;0;0;0;0;0;0;0;0;0;1522;0;0;89;0;60;0;
2159;3394426;1010335744;13279232;1090838528;0;0;0;0;0;0;0;0;0;0;0;2054;0;0;89;0;60;0;
2160;1967810;1010335744;13279232;1090838528;0;0;0;0;0;0;0;0;0;0;0;1683;0;0;89;0;60;0;
2161;3078273;1010335744;13279232;1090838528;0;0;0;0;0;0;0;0;0;0;0;1744;0;0;89;0;60;0;
2162;1911245;1010335744;13279232;1090838528;0;0;0;0;0;0;0;0;0;0;0;1563;0;0;89;0;60;0;
2163;2277531;1010335744;13279232;1090838528;0;0;0;0;0;0;0;0;0;0;0;1704;0;0;89;0;60;0;
2164;2065244;1010335744;13279232;1090838528;0;0;0;0;0;0;0;0;0;0;0;1714;0;0;89;0;60;0;
2165;2127680;1010335744;13279232;1090838528;0;0;0;0;0;0;0;0;0;0;0;1734;0;0;89;0;60;0;
2166;1360982;1010335744;13279232;1090838528;0;0;0;0;0;0;0;0;0;0;0;1543;0;0;89;0;60;0;
2167;1447294;1010335744;13279232;1090838528;0;0;0;0;0;0;0;0;0;0;0;1663;0;0;89;0;60;0;
2168;1443347;1010335744;13279232;1090838528;0;0;0;0;0;0;0;0;0;0;0;2014;0;0;89;0;60;0;
2169;1392982;1010335744;13279232;1090838528;0;0;0;0;0;0;0;0;0;0;0;1713;0;0;89;0;60;0;
2170;1202585;1010335744;13279232;1090838528;0;0;0;0;0;0;0;0;0;0;0;1452;0;0;89;0;60;0;
2171;1660794;1010335744;13279232;1090838528;0;0;0;0;0;0;0;0;0;0;0;1383;0;0;89;0;60;0;
2172;2274796;1010335744;13279232;1090838528;0;0;0;0;0;0;0;0;0;0;0;1433;0;0;89;0;60;0;
2173;2856958;1010335744;13279232;1090838528;0;0;0;0;0;0;0;0;0;0;0;1443;0;0;89;0;60;0;
2174;2137448;1010335744;13279232;1090838528;0;0;0;0;0;0;0;0;0;0;0;1352;0;0;89;0;60;0;
2175;2163026;1010335744;13279232;1090838528;0;0;0;0;0;0;0;0;0;0;0;1442;0;0;89;0;60;0;
2176;1322560;1010335744;13279232;1090838528;0;0;0;0;0;0;0;0;0;0;0;1483;0;0;89;0;60;0;
2177;2020219;1010335744;13279232;1090838528;0;0;0;0;0;0;0;0;0;0;0;1473;0;0;89;0;60;0;
2178;1525541;1010335744;13279232;1090838528;0;0;0;0;0;0;0;0;0;0;0;1543;0;0;89;0;60;0;
2179;4229101;1010335744;13279232;1090838528;0;0;0;0;0;0;0;0;0;0;0;3496;0;0;89;0;60;0;
2180;1897188;1010335744;13279232;1090838528;0;0;0;0;0;0;0;0;0;0;0;1804;0;0;89;0;60;0;
2181;1484715;1010335744;13279232;1090838528;0;0;0;0;0;0;0;0;0;0;0;1843;0;0;89;0;60;0;
2182;2084730;1010335744;13279232;1090838528;0;0;0;0;0;0;0;0;0;0;0;1803;0;0;89;0;60;0;
2183;1978651;1010335744;13279232;1090838528;0;0;0;0;0;0;0;0;0;0;0;1783;0;0;89;0;60;0;
2184;2010841;1010335744;13279232;1090838528;0;0;0;0;0;0;0;0;0;0;0;2264;0;0;89;0;60;0;
2185;2441689;1010335744;13279232;1090838528;0;0;0;0;0;0;0;0;0;0;0;2234;0;0;89;0;60;0;
2186;1626891;1010335744;13279232;1090838528;0;0;0;0;0;0;0;0;0;0;0;2134;0;0;89;0;60;0;
2187;2287861;1010335744;13279232;1090838528;0;0;0;0;0;0;0;0;0;0;0;2234;0;0;89;0;60;0;
2188;1597646;1010335744;13279232;1090838528;0;0;0;0;0;0;0;0;0;0;0;2244;0;0;89;0;60;0;
2189;4457069;1010335744;13279232;1090838528;0;0;0;0;0;0;0;0;0;0;0;2064;0;0;89;0;60;0;
2190;3019443;1010335744;13279232;1090838528;0;0;0;0;0;0;0;0;0;0;0;2023;0;0;89;0;60;0;
2191;1721629;1010335744;13279232;1090838528;0;0;0;0;0;0;0;0;0;0;0;2194;0;0;89;0;60;0;
2192;2024968;1010335744;13279232;1090838528;0;0;0;0;0;0;0;0;0;0;0;2174;0;0;89;0;60;0;
2193;2023325;1010335744;13279232;1090838528;0;0;0;0;0;0;0;0;0;0;0;2274;0;0;89;0;60;0;
2194;4225565;1010335744;13275136;1090834432;0;0;0;0;0;0;0;0;0;0;0;2124;0;0;89;0;60;0;
2195;2294332;1010335744;13275136;1090834432;0;0;0;0;0;0;0;0;0;0;0;1683;0;0;89;0;60;0;
2196;2189787;1010335744;13275136;1090834432;0;0;0;0;0;0;0;0;0;0;0;2174;0;0;89;0;60;0;
2197;4304883;1010335744;13275136;1090834432;0;0;0;0;0;0;0;0;0;0;0;2144;0;0;89;0;60;0;
2198;2715633;1010335744;13275136;1090834432;0;0;0;0;0;0;0;0;0;0;0;2235;0;0;89;0;60;0;
2199;3370501;1010335744;13275136;1090834432;0;0;0;0;0;0;0;0;0;0;0;2114;0;0;89;0;60;0;
2200;2463079;1010335744;13275136;1090834432;0;0;0;0;0;0;0;0;0;0;0;2124;0;0;89;0;60;0;
2201;2090630;1010335744;13275136;1090834432;0;0;0;0;0;0;0;0;0;0;0;2164;0;0;89;0;60;0;
2202;998943;1010335744;13275136;1090834432;0;0;0;0;0;0;0;0;0;0;0;1503;0;0;89;0;60;0;
2203;950813;1010335744;13275136;1090834432;0;0;0;0;0;0;0;0;0;0;0;1713;0;0;89;0;60;0;
2204;2641294;1010335744;13275136;1090834432;0;0;0;0;0;0;0;0;0;0;0;1603;0;0;89;0;60;0;
2205;2067217;1010335744;13275136;1090834432;0;0;0;0;0;0;0;0;0;0;0;1924;0;0;89;0;60;0;
2206;2807595;1010335744;13275136;1090834432;0;0;0;0;0;0;0;0;0;0;0;1823;0;0;89;0;60;0;
2207;1768938;1010335744;13275136;1090834432;0;0;0;0;0;0;0;0;0;0;0;1834;0;0;89;0;60;0;
2208;2336071;1010335744;13275136;1090834432;0;0;0;0;0;0;0;0;0;0;0;1824;0;0;89;0;60;0;
2209;3211012;1010335744;13275136;1090834432;0;0;0;0;0;0;0;0;0;0;0;1834;0;0;89;0;60;0;
2210;1974783;1010335744;13275136;1090834432;0;0;0;0;0;0;0;0;0;0;0;1303;0;0;89;0;60;0;
2211;1718202;1010335744;13275136;1090834432;0;0;0;0;0;0;0;0;0;0;0;1804;0;0;89;0;60;0;
2212;2090911;1010335744;13275136;1090834432;0;0;0;0;0;0;0;0;0;0;0;1803;0;0;89;0;60;0;
2213;1491828;1010335744;13275136;1090834432;0;0;0;0;0;0;0;0;0;0;0;1683;0;0;89;0;60;0;
2214;3073725;1010335744;13275136;1090834432;0;0;0;0;0;0;0;0;0;0;0;2084;0;0;89;0;60;0;
2215;2052128;1010335744;13275136;1090834432;0;0;0;0;0;0;0;0;0;0;0;1543;0;0;89;0;60;0;
2216;2094227;1010335744;13275136;1090834432;0;0;0;0;0;0;0;0;0;0;0;1753;0;0;89;0;60;0;
2217;1797251;1010335744;13275136;1090834432;0;0;0;0;0;0;0;0;0;0;0;1863;0;0;89;0;60;0;
2218;2685887;1010335744;13275136;1090834432;0;0;0;0;0;0;0;0;0;0;0;2084;0;0;89;0;60;0;
2219;6627649;1010335744;13275136;1090834432;0;0;0;0;0;0;0;0;0;0;0;2174;0;0;89;0;60;0;
2220;4306877;1010335744;13279232;1090838528;0;0;0;0;0;0;0;0;0;0;0;3086;0;0;89;0;60;0;
2221;3861873;1010335744;13279232;1090838528;0;0;0;0;0;0;0;0;0;0;0;3156;0;0;89;0;60;0;
2222;2451588;1010335744;13279232;1090838528;0;0;0;0;0;0;0;0;0;0;0;2114;0;0;89;0;60;0;
2223;2165030;1010335744;13279232;1090838528;0;0;0;0;0;0;0;0;0;0;0;2254;0;0;89;0;60;0;
2224;2838804;1010335744;13279232;1090838528;0;0;0;0;0;0;0;0;0;0;0;2244;0;0;89;0;60;0;
2225;3321990;1010335744;13279232;1090838528;0;0;0;0;0;0;0;0;0;0;0;2074;0;0;89;0;60;0;
2226;2781406;1010335744;13279232;1090838528;0;0;0;0;0;0;0;0;0;0;0;2464;0;0;89;0;60;0;
2227;2768993;1010335744;13279232;1090838528;0;0;0;0;0;0;0;0;0;0;0;2455;0;0;89;0;60;0;
2228;2777078;1010335744;13279232;1090838528;0;0;0;0;0;0;0;0;0;0;0;2284;0;0;89;0;60;0;
2229;2920918;1010335744;13279232;1090838528;0;0;0;0;0;0;0;0;0;0;0;2164;0;0;89;0;60;0;
2230;3714135;1010335744;13279232;1090838528;0;0;0;0;0;0;0;0;0;0;0;2104;0;0;89;0;60;0;
2231;1105083;1010335744;13279232;1090838528;0;0;0;0;0;0;0;0;0;0;0;1483;0;0;89;0;60;0;
2232;1863856;1010335744;13279232;1090838528;0;0;0;0;0;0;0;0;0;0;0;1683;0;0;89;0;60;0;
2233;1665463;1010335744;13279232;1090838528;0;0;0;0;0;0;0;0;0;0;0;1964;0;0;89;0;60;0;
2234;1921704;1010335744;13279232;1090838528;0;0;0;0;0;0;0;0;0;0;0;1593;0;0;89;0;60;0;
2235;4211709;1010335744;13279232;1090838528;0;0;0;0;0;0;0;0;0;0;0;2244;0;0;89;0;60;0;
2236;2129073;1010335744;13279232;1090838528;0;0;0;0;0;0;0;0;0;0;0;2425;0;0;89;0;60;0;
2237;2312948;1010335744;13279232;1090838528;0;0;0;0;0;0;0;0;0;0;0;2054;0;0;89;0;60;0;
2238;2771979;1010335744;13279232;1090838528;0;0;0;0;0;0;0;0;0;0;0;2214;0;0;89;0;60;0;
2239;2369584;1010335744;13279232;1090838528;0;0;0;0;0;0;0;0;0;0;0;2094;0;0;89;0;60;0;
2240;3000337;1010335744;13279232;1090838528;0;0;0;0;0;0;0;0;0;0;0;2194;0;0;89;0;60;0;
2241;2587413;1010335744;13279232;1090838528;0;0;0;0;0;0;0;0;0;0;0;2164;0;0;89;0;60;0;
2242;2358092;1010335744;13279232;1090838528;0;0;0;0;0;0;0;0;0;0;0;1903;0;0;89;0;60;0;
2243;3190383;1010335744;13279232;1090838528;0;0;0;0;0;0;0;0;0;0;0;1833;0;0;89;0;60;0;
2244;2030498;1010335744;13279232;1090838528;0;0;0;0;0;0;0;0;0;0;0;2114;0;0;89;0;60;0;
2245;3206042;1010335744;13279232;1090838528;0;0;0;0;0;0;0;0;0;0;0;2605;0;0;89;0;60;0;
2246;2466646;1010335744;13279232;1090838528;0;0;0;0;0;0;0;0;0;0;0;1833;0;0;89;0;60;0;
2247;1835833;1010335744;13279232;1090838528;0;0;0;0;0;0;0;0;0;0;0;2304;0;0;89;0;60;0;
2248;1703665;1010335744;13279232;1090838528;0;0;0;0;0;0;0;0;0;0;0;2073;0;0;89;0;60;0;
2249;1539958;1010335744;13279232;1090838528;0;0;0;0;0;0;0;0;0;0;0;2274;0;0;89;0;60;0;
2250;6839076;1010335744;13279232;1090838528;0;0;0;0;0;0;0;0;0;0;0;2114;0;0;89;0;60;0;
2251;4801534;1010335744;13279232;1090838528;0;0;0;0;0;0;0;0;0;0;0;2845;0;0;89;0;60;0;
2252;2434906;1010335744;13279232;1090838528;0;0;0;0;0;0;0;0;0;0;0;2004;0;0;89;0;60;0;
2253;1859207;1010335744;13279232;1090838528;0;0;0;0;0;0;0;0;0;0;0;1563;0;0;89;0;60;0;
2254;2422043;1010335744;13279232;1090838528;0;0;0;0;0;0;0;0;0;0;0;1563;0;0;89;0;60;0;
2255;1573521;1010335744;13279232;1090838528;0;0;0;0;0;0;0;0;0;0;0;1783;0;0;89;0;60;0;
2256;4908625;1010335744;13279232;1090838528;0;0;0;0;0;0;0;0;0;0;0;1523;0;0;89;0;60;0;
2257;2959030;1010335744;13279232;1090838528;0;0;0;0;0;0;0;0;0;0;0;5360;0;0;89;0;60;0;
2258;2485721;1010335744;13279232;1090838528;0;0;0;0;0;0;0;0;0;0;0;1493;0;0;89;0;60;0;
2259;1527395;1010335744;13279232;1090838528;0;0;0;0;0;0;0;0;0;0;0;1443;0;0;89;0;60;0;
2260;1878443;1010335744;13279232;1090838528;0;0;0;0;0;0;0;0;0;0;0;1413;0;0;89;0;60;0;
2261;2169278;1010335744;13279232;1090838528;0;0;0;0;0;0;0;0;0;0;0;1563;0;0;89;0;60;0;
2262;1388013;1010335744;13279232;1090838528;0;0;0;0;0;0;0;0;0;0;0;1493;0;0;89;0;60;0;
2263;1625479;1010335744;13279232;1090838528;0;0;0;0;0;0;0;0;0;0;0;1493;0;0;89;0;60;0;
2264;1920111;1010335744;13279232;1090838528;0;0;0;0;0;0;0;0;0;0;0;1443;0;0;89;0;60;0;
2265;2362841;1010335744;13279232;1090838528;0;0;0;0;0;0;0;0;0;0;0;1553;0;0;89;0;60;0;
2266;1895705;1010335744;13279232;1090838528;0;0;0;0;0;0;0;0;0;0;0;1412;0;0;89;0;60;0;
2267;1282605;1010335744;13279232;1090838528;0;0;0;0;0;0;0;0;0;0;0;1453;0;0;89;0;60;0;
2268;1363397;1010335744;13279232;1090838528;0;0;0;0;0;0;0;0;0;0;0;1422;0;0;89;0;60;0;
2269;1333611;1010335744;13279232;1090838528;0;0;0;0;0;0;0;0;0;0;0;1432;0;0;89;0;60;0;
2270;1665884;1010335744;13279232;1090838528;0;0;0;0;0;0;0;0;0;0;0;1402;0;0;89;0;60;0;
2271;2323087;1010335744;13279232;1090838528;0;0;0;0;0;0;0;0;0;0;0;1543;0;0;89;0;60;0;
2272;1766924;1010335744;13279232;1090838528;0;0;0;0;0;0;0;0;0;0;0;1443;0;0;89;0;60;0;
2273;1341796;1010335744;13279232;1090838528;0;0;0;0;0;0;0;0;0;0;0;1673;0;0;89;0;60;0;
2274;1343379;1010335744;13279232;1090838528;0;0;0;0;0;0;0;0;0;0;0;1473;0;0;89;0;60;0;
2275;1485295;1010335744;13279232;1090838528;0;0;0;0;0;0;0;0;0;0;0;1422;0;0;89;0;60;0;
2276;3148164;1010335744;13279232;1090838528;0;0;0;0;0;0;0;0;0;0;0;1874;0;0;89;0;60;0;
2277;2045807;1010335744;13279232;1090838528;0;0;0;0;0;0;0;0;0;0;0;1453;0;0;89;0;60;0;
2278;1558703;1010335744;13279232;1090838528;0;0;0;0;0;0;0;0;0;0;0;1432;0;0;89;0;60;0;
2279;1965045;1010335744;13279232;1090838528;0;0;0;0;0;0;0;0;0;0;0;1453;0;0;89;0;60;0;
2280;1570455;1010335744;13279232;1090838528;0;0;0;0;0;0;0;0;0;0;0;1833;0;0;89;0;60;0;
2281;4853061;1010335744;13279232;1090838528;0;0;0;0;0;0;0;0;0;0;0;1523;0;0;89;0;60;0;
2282;3205252;1010335744;13279232;1090838528;0;0;0;0;0;0;0;0;0;0;0;2224;0;0;89;0;60;0;
2283;1881719;1010335744;13279232;1090838528;0;0;0;0;0;0;0;0;0;0;0;1532;0;0;89;0;60;0;
2284;1447746;1010335744;13279232;1090838528;0;0;0;0;0;0;0;0;0;0;0;1473;0;0;89;0;60;0;
2285;1737038;1010335744;13279232;1090838528;0;0;0;0;0;0;0;0;0;0;0;1533;0;0;89;0;60;0;
2286;1988619;1010335744;13279232;1090838528;0;0;0;0;0;0;0;0;0;0;0;1473;0;0;89;0;60;0;
2287;2219512;1010335744;13279232;1090838528;0;0;0;0;0;0;0;0;0;0;0;1674;0;0;89;0;60;0;
2288;1345353;1010335744;13279232;1090838528;0;0;0;0;0;0;0;0;0;0;0;1462;0;0;89;0;60;0;
2289;1590192;1010335744;13279232;1090838528;0;0;0;0;0;0;0;0;0;0;0;70573;0;0;89;0;60;0;
2290;1372374;1010335744;13279232;1090838528;0;0;0;0;0;0;0;0;0;0;0;1513;0;0;89;0;60;0;
2291;1155787;1010335744;13279232;1090838528;0;0;0;0;0;0;0;0;0;0;0;1432;0;0;89;0;60;0;
2292;1645416;1010335744;13279232;1090838528;0;0;0;0;0;0;0;0;0;0;0;1653;0;0;89;0;60;0;
2293;1439420;1010335744;13279232;1090838528;0;0;0;0;0;0;0;0;0;0;0;1392;0;0;89;0;60;0;
2294;1597927;1010335744;13279232;1090838528;0;0;0;0;0;0;0;0;0;0;0;1373;0;0;89;0;60;0;
2295;1463184;1010335744;13279232;1090838528;0;0;0;0;0;0;0;0;0;0;0;1493;0;0;89;0;60;0;
2296;1707022;1010335744;13279232;1090838528;0;0;0;0;0;0;0;0;0;0;0;1442;0;0;89;0;60;0;
2297;1597276;1010335744;13279232;1090838528;0;0;0;0;0;0;0;0;0;0;0;1412;0;0;89;0;60;0;
2298;2096682;1010335744;13279232;1090838528;0;0;0;0;0;0;0;0;0;0;0;3206;0;0;89;0;60;0;
2299;1727670;1010335744;13279232;1090838528;0;0;0;0;0;0;0;0;0;0;0;2435;0;0;89;0;60;0;
2300;2136326;1010335744;13279232;1090838528;0;0;0;0;0;0;0;0;0;0;0;2054;0;0;89;0;60;0;
2301;2507082;1010335744;13279232;1090838528;0;0;0;0;0;0;0;0;0;0;0;2204;0;0;89;0;60;0;
2302;3735766;1010335744;13279232;1090838528;0;0;0;0;0;0;0;0;0;0;0;2215;0;0;89;0;60;0;
2303;2113564;1010335744;13279232;1090838528;0;0;0;0;0;0;0;0;0;0;0;2044;0;0;89;0;60;0;
2304;2360366;1010335744;13279232;1090838528;0;0;0;0;0;0;0;0;0;0;0;2174;0;0;89;0;60;0;
2305;1729794;1010335744;13279232;1090838528;0;0;0;0;0;0;0;0;0;0;0;2064;0;0;89;0;60;0;
2306;1564905;1010335744;13279232;1090838528;0;0;0;0;0;0;0;0;0;0;0;2054;0;0;89;0;60;0;
2307;2878749;1010335744;13279232;1090838528;0;0;0;0;0;0;0;0;0;0;0;1593;0;0;89;0;60;0;
2308;1946580;1010335744;13279232;1090838528;0;0;0;0;0;0;0;0;0;0;0;1543;0;0;89;0;60;0;
2309;2248868;1010335744;13279232;1090838528;0;0;0;0;0;0;0;0;0;0;0;1483;0;0;89;0;60;0;
2310;1704376;1010335744;13279232;1090838528;0;0;0;0;0;0;0;0;0;0;0;1533;0;0;89;0;60;0;
2311;1424752;1010335744;13279232;1090838528;0;0;0;0;0;0;0;0;0;0;0;1794;0;0;89;0;60;0;
2312;6244671;1010335744;13283328;1090842624;0;0;0;0;0;0;0;0;0;0;0;2063;0;0;89;0;60;0;
2313;4653667;1010335744;13287424;1090846720;0;0;0;0;0;0;0;0;0;0;0;1864;0;0;89;0;60;0;
2314;2980099;1010335744;13287424;1090846720;0;0;0;0;0;0;0;0;0;0;0;1844;0;0;89;0;60;0;
2315;1756955;1010335744;13287424;1090846720;0;0;0;0;0;0;0;0;0;0;0;2315;0;0;89;0;60;0;
2316;1840141;1010335744;13287424;1090846720;0;0;0;0;0;0;0;0;0;0;0;2114;0;0;89;0;60;0;
2317;2341040;1010335744;13287424;1090846720;0;0;0;0;0;0;0;0;0;0;0;2154;0;0;89;0;60;0;
2318;3254514;1010335744;13287424;1090846720;0;0;0;0;0;0;0;0;0;0;0;2114;0;0;89;0;60;0;
2319;2675357;1010335744;13287424;1090846720;0;0;0;0;0;0;0;0;0;0;0;1443;0;0;89;0;60;0;
2320;1840091;1010335744;13287424;1090846720;0;0;0;0;0;0;0;0;0;0;0;1643;0;0;89;0;60;0;
2321;1897378;1010335744;13287424;1090846720;0;0;0;0;0;0;0;0;0;0;0;1573;0;0;89;0;60;0;
2322;2097985;1010335744;13287424;1090846720;0;0;0;0;0;0;0;0;0;0;0;1443;0;0;89;0;60;0;
2323;2732765;1010335744;13287424;1090846720;0;0;0;0;0;0;0;0;0;0;0;1452;0;0;89;0;60;0;
2324;2270397;1010335744;13287424;1090846720;0;0;0;0;0;0;0;0;0;0;0;1904;0;0;89;0;60;0;
2325;2617068;1010335744;13287424;1090846720;0;0;0;0;0;0;0;0;0;0;0;1764;0;0;89;0;60;0;
2326;2130967;1010335744;13287424;1090846720;0;0;0;0;0;0;0;0;0;0;0;1873;0;0;89;0;60;0;
2327;1936993;1010335744;13287424;1090846720;0;0;0;0;0;0;0;0;0;0;0;1553;0;0;89;0;60;0;
2328;3372876;1010335744;13287424;1090846720;0;0;0;0;0;0;0;0;0;0;0;1914;0;0;89;0;60;0;
2329;2260890;1010335744;13287424;1090846720;0;0;0;0;0;0;0;0;0;0;0;2154;0;0;89;0;60;0;
2330;2303760;1010335744;13287424;1090846720;0;0;0;0;0;0;0;0;0;0;0;1794;0;0;89;0;60;0;
2331;1875407;1010335744;13287424;1090846720;0;0;0;0;0;0;0;0;0;0;0;1784;0;0;89;0;60;0;
2332;1214688;1010335744;13287424;1090846720;0;0;0;0;0;0;0;0;0;0;0;1734;0;0;89;0;60;0;
2333;3799916;1010335744;13287424;1090846720;0;0;0;0;0;0;0;0;0;0;0;2114;0;0;89;0;60;0;
2334;1785108;1010335744;13287424;1090846720;0;0;0;0;0;0;0;0;0;0;0;2234;0;0;89;0;60;0;
2335;2513153;1010335744;13287424;1090846720;0;0;0;0;0;0;0;0;0;0;0;2074;0;0;89;0;60;0;
2336;2203152;1010335744;13287424;1090846720;0;0;0;0;0;0;0;0;0;0;0;2104;0;0;89;0;60;0;
2337;1540970;1010335744;13287424;1090846720;0;0;0;0;0;0;0;0;0;0;0;2054;0;0;89;0;60;0;
2338;2675418;1010335744;13287424;1090846720;0;0;0;0;0;0;0;0;0;0;0;1654;0;0;89;0;60;0;
2339;1608135;1010335744;13287424;1090846720;0;0;0;0;0;0;0;0;0;0;0;1532;0;0;89;0;60;0;
2340;1238503;1010335744;13287424;1090846720;0;0;0;0;0;0;0;0;0;0;0;1402;0;0;89;0;60;0;
2341;1036163;1010335744;13287424;1090846720;0;0;0;0;0;0;0;0;0;0;0;1562;0;0;89;0;60;0;
2342;1243853;1010335744;13287424;1090846720;0;0;0;0;0;0;0;0;0;0;0;1573;0;0;89;0;60;0;
2343;4616357;1010335744;13287424;1090846720;0;0;0;0;0;0;0;0;0;0;0;1463;0;0;89;0;60;0;
2344;5133197;1010606080;13287424;1090846720;0;0;0;0;0;0;0;0;0;0;0;2885;0;0;89;0;60;0;
2345;3117346;1010606080;13287424;1090846720;0;0;0;0;0;0;0;0;0;0;0;1743;0;0;89;0;60;0;
2346;2530135;1010606080;13287424;1090846720;0;0;0;0;0;0;0;0;0;0;0;1763;0;0;89;0;60;0;
2347;1971677;1010606080;13287424;1090846720;0;0;0;0;0;0;0;0;0;0;0;1824;0;0;89;0;60;0;
2348;2270167;1010606080;13287424;1090846720;0;0;0;0;0;0;0;0;0;0;0;1823;0;0;89;0;60;0;
2349;3498491;1010610176;13279232;1090838528;0;0;0;0;0;0;0;0;0;0;0;1933;0;0;89;0;60;0;
2350;2284405;1010610176;13279232;1090838528;0;0;0;0;0;0;0;0;0;0;0;1543;0;0;89;0;60;0;
2351;1815013;1010610176;13279232;1090838528;0;0;0;0;0;0;0;0;0;0;0;1804;0;0;89;0;60;0;
2352;1543715;1010610176;13279232;1090838528;0;0;0;0;0;0;0;0;0;0;0;1853;0;0;89;0;60;0;
2353;2201608;1010610176;13279232;1090838528;0;0;0;0;0;0;0;0;0;0;0;1974;0;0;89;0;60;0;
2354;2607460;1010876416;13279232;1090838528;0;0;0;0;0;0;0;0;0;0;0;1933;0;0;89;0;60;0;
2355;1420544;1010876416;13279232;1090838528;0;0;0;0;0;0;0;0;0;0;0;1773;0;0;89;0;60;0;
2356;1494633;1010876416;13279232;1090838528;0;0;0;0;0;0;0;0;0;0;0;1734;0;0;89;0;60;0;
2357;2089058;1010876416;13279232;1090838528;0;0;0;0;0;0;0;0;0;0;0;1823;0;0;89;0;60;0;
2358;1917436;1010876416;13279232;1090838528;0;0;0;0;0;0;0;0;0;0;0;1743;0;0;89;0;60;0;
2359;2246343;1010876416;13279232;1090838528;0;0;0;0;0;0;0;0;0;0;0;1783;0;0;89;0;60;0;
2360;1851993;1010876416;13279232;1090838528;0;0;0;0;0;0;0;0;0;0;0;1232;0;0;89;0;60;0;
2361;2366208;1010876416;13279232;1090838528;0;0;0;0;0;0;0;0;0;0;0;1563;0;0;89;0;60;0;
2362;2526168;1010876416;13279232;1090838528;0;0;0;0;0;0;0;0;0;0;0;1833;0;0;89;0;60;0;
2363;1804294;1010876416;13279232;1090838528;0;0;0;0;0;0;0;0;0;0;0;1803;0;0;89;0;60;0;
2364;3108359;1010876416;13279232;1090838528;0;0;0;0;0;0;0;0;0;0;0;1242;0;0;89;0;60;0;
2365;2368702;1010876416;13279232;1090838528;0;0;0;0;0;0;0;0;0;0;0;1553;0;0;89;0;60;0;
2366;1987247;1010876416;13279232;1090838528;0;0;0;0;0;0;0;0;0;0;0;1643;0;0;89;0;60;0;
2367;2389461;1010876416;13279232;1090838528;0;0;0;0;0;0;0;0;0;0;0;1493;0;0;89;0;60;0;
2368;1287555;1010876416;13279232;1090838528;0;0;0;0;0;0;0;0;0;0;0;1403;0;0;89;0;60;0;
2369;2595067;1010876416;13279232;1090838528;0;0;0;0;0;0;0;0;0;0;0;1543;0;0;89;0;60;0;
2370;1892048;1010876416;13279232;1090838528;0;0;0;0;0;0;0;0;0;0;0;1443;0;0;89;0;60;0;
2371;1654803;1010876416;13279232;1090838528;0;0;0;0;0;0;0;0;0;0;0;1393;0;0;89;0;60;0;
2372;1782714;1010876416;13279232;1090838528;0;0;0;0;0;0;0;0;0;0;0;1493;0;0;89;0;60;0;
2373;1483483;1010876416;13279232;1090838528;0;0;0;0;0;0;0;0;0;0;0;1543;0;0;89;0;60;0;
2374;4788571;1010876416;13279232;1090838528;0;0;0;0;0;0;0;0;0;0;0;1633;0;0;89;0;60;0;
2375;3285752;1010876416;13279232;1090838528;0;0;0;0;0;0;0;0;0;0;0;1753;0;0;89;0;60;0;
2376;2066034;1010876416;13279232;1090838528;0;0;0;0;0;0;0;0;0;0;0;2174;0;0;89;0;60;0;
2377;1773115;1010876416;13279232;1090838528;0;0;0;0;0;0;0;0;0;0;0;2134;0;0;89;0;60;0;
2378;2375835;1010876416;13279232;1090838528;0;0;0;0;0;0;0;0;0;0;0;2605;0;0;89;0;60;0;
2379;1792471;1010876416;13279232;1090838528;0;0;0;0;0;0;0;0;0;0;0;2094;0;0;89;0;60;0;
2380;2867117;1010876416;13279232;1090838528;0;0;0;0;0;0;0;0;0;0;0;2104;0;0;89;0;60;0;
2381;2426030;1010876416;13279232;1090838528;0;0;0;0;0;0;0;0;0;0;0;2134;0;0;89;0;60;0;
2382;2207239;1010876416;13279232;1090838528;0;0;0;0;0;0;0;0;0;0;0;2194;0;0;89;0;60;0;
2383;1788293;1010876416;13279232;1090838528;0;0;0;0;0;0;0;0;0;0;0;2054;0;0;89;0;60;0;
2384;2334117;1010876416;13279232;1090838528;0;0;0;0;0;0;0;0;0;0;0;2184;0;0;89;0;60;0;
2385;3106816;1010876416;13279232;1090838528;0;0;0;0;0;0;0;0;0;0;0;2234;0;0;89;0;60;0;
2386;1810586;1010876416;13279232;1090838528;0;0;0;0;0;0;0;0;0;0;0;2103;0;0;89;0;60;0;
2387;2025048;1010876416;13279232;1090838528;0;0;0;0;0;0;0;0;0;0;0;1854;0;0;89;0;60;0;
2388;1950959;1010876416;13279232;1090838528;0;0;0;0;0;0;0;0;0;0;0;2164;0;0;89;0;60;0;
2389;2086693;1010876416;13279232;1090838528;0;0;0;0;0;0;0;0;0;0;0;2134;0;0;89;0;60;0;
2390;3297515;1010876416;13279232;1090838528;0;0;0;0;0;0;0;0;0;0;0;2124;0;0;89;0;60;0;
2391;1850991;1010876416;13279232;1090838528;0;0;0;0;0;0;0;0;0;0;0;2114;0;0;89;0;60;0;
2392;1994821;1010876416;13279232;1090838528;0;0;0;0;0;0;0;0;0;0;0;1563;0;0;89;0;60;0;
2393;2230453;1010876416;13279232;1090838528;0;0;0;0;0;0;0;0;0;0;0;1493;0;0;89;0;60;0;
2394;1847505;1010876416;13279232;1090838528;0;0;0;0;0;0;0;0;0;0;0;1432;0;0;89;0;60;0;
2395;2454252;1010876416;13279232;1090838528;0;0;0;0;0;0;0;0;0;0;0;1773;0;0;89;0;60;0;
2396;2164549;1010876416;13279232;1090838528;0;0;0;0;0;0;0;0;0;0;0;1773;0;0;89;0;60;0;
2397;2044614;1010876416;13279232;1090838528;0;0;0;0;0;0;0;0;0;0;0;1753;0;0;89;0;60;0;
2398;2080392;1010876416;13279232;1090838528;0;0;0;0;0;0;0;0;0;0;0;1833;0;0;89;0;60;0;
2399;2579648;1010876416;13279232;1090838528;0;0;0;0;0;0;0;0;0;0;0;1803;0;0;89;0;60;0;
2400;3396781;1010876416;13279232;1090838528;0;0;0;0;0;0;0;0;0;0;0;2104;0;0;89;0;60;0;
2401;1983499;1010876416;13279232;1090838528;0;0;0;0;0;0;0;0;0;0;0;2084;0;0;89;0;60;0;
2402;2924114;1010876416;13279232;1090838528;0;0;0;0;0;0;0;0;0;0;0;2144;0;0;89;0;60;0;
2403;2146356;1010876416;13279232;1090838528;0;0;0;0;0;0;0;0;0;0;0;2104;0;0;89;0;60;0;
2404;2406744;1010876416;13279232;1090838528;0;0;0;0;0;0;0;0;0;0;0;2044;0;0;89;0;60;0;
2405;5777404;1010876416;13279232;1090838528;0;0;0;0;0;0;0;0;0;0;0;2305;0;0;89;0;60;0;
2406;4669487;1010876416;13279232;1090838528;0;0;0;0;0;0;0;0;0;0;0;2715;0;0;89;0;60;0;
2407;3011488;1010876416;13279232;1090838528;0;0;0;0;0;0;0;0;0;0;0;2254;0;0;89;0;60;0;
2408;2019728;1010876416;13279232;1090838528;0;0;0;0;0;0;0;0;0;0;0;1492;0;0;89;0;60;0;
2409;2402044;1010876416;13279232;1090838528;0;0;0;0;0;0;0;0;0;0;0;1283;0;0;89;0;60;0;
2410;2123272;1010876416;13279232;1090838528;0;0;0;0;0;0;0;0;0;0;0;1603;0;0;89;0;60;0;
2411;3195062;1010876416;13279232;1090838528;0;0;0;0;0;0;0;0;0;0;0;1443;0;0;89;0;60;0;
2412;2160542;1010876416;13279232;1090838528;0;0;0;0;0;0;0;0;0;0;0;1613;0;0;89;0;60;0;
2413;3297965;1010876416;13279232;1090838528;0;0;0;0;0;0;0;0;0;0;0;1683;0;0;89;0;60;0;
2414;2348354;1010876416;13279232;1090838528;0;0;0;0;0;0;0;0;0;0;0;1493;0;0;89;0;60;0;
2415;2383330;1010876416;13279232;1090838528;0;0;0;0;0;0;0;0;0;0;0;1453;0;0;89;0;60;0;
2416;4682241;1010876416;13279232;1090838528;0;0;0;0;0;0;0;0;0;0;0;6703;0;0;89;0;60;0;
2417;2758614;1010876416;13279232;1090838528;0;0;0;0;0;0;0;0;0;0;0;2695;0;0;89;0;60;0;
2418;2869882;1010876416;13279232;1090838528;0;0;0;0;0;0;0;0;0;0;0;1763;0;0;89;0;60;0;
2419;1697774;1010876416;13279232;1090838528;0;0;0;0;0;0;0;0;0;0;0;1352;0;0;89;0;60;0;
2420;1583960;1010876416;13279232;1090838528;0;0;0;0;0;0;0;0;0;0;0;1443;0;0;89;0;60;0;
2421;2862248;1010876416;13279232;1090838528;0;0;0;0;0;0;0;0;0;0;0;1262;0;0;89;0;60;0;
2422;2235602;1010876416;13279232;1090838528;0;0;0;0;0;0;0;0;0;0;0;1773;0;0;89;0;60;0;
2423;1753569;1010876416;13279232;1090838528;0;0;0;0;0;0;0;0;0;0;0;1683;0;0;89;0;60;0;
2424;2220354;1010876416;13279232;1090838528;0;0;0;0;0;0;0;0;0;0;0;1693;0;0;89;0;60;0;
2425;2164109;1010876416;13279232;1090838528;0;0;0;0;0;0;0;0;0;0;0;1713;0;0;89;0;60;0;
2426;3749722;1010876416;13279232;1090838528;0;0;0;0;0;0;0;0;0;0;0;1483;0;0;89;0;60;0;
2427;2809068;1010876416;13279232;1090838528;0;0;0;0;0;0;0;0;0;0;0;1553;0;0;89;0;60;0;
2428;2489509;1010876416;13279232;1090838528;0;0;0;0;0;0;0;0;0;0;0;1473;0;0;89;0;60;0;
2429;2132339;1010876416;13279232;1090838528;0;0;0;0;0;0;0;0;0;0;0;1593;0;0;89;0;60;0;
2430;2098806;1010876416;13279232;1090838528;0;0;0;0;0;0;0;0;0;0;0;1523;0;0;89;0;60;0;
2431;2590879;1010876416;13279232;1090838528;0;0;0;0;0;0;0;0;0;0;0;1653;0;0;89;0;60;0;
2432;2132870;1010876416;13279232;1090838528;0;0;0;0;0;0;0;0;0;0;0;1673;0;0;89;0;60;0;
2433;1390067;1010876416;13279232;1090838528;0;0;0;0;0;0;0;0;0;0;0;173395;0;0;89;0;60;0;
2434;1722310;1010876416;13279232;1090838528;0;0;0;0;0;0;0;0;0;0;0;1773;0;0;89;0;60;0;
2435;1602526;1010876416;13279232;1090838528;0;0;0;0;0;0;0;0;0;0;0;1423;0;0;89;0;60;0;
2436;5101617;1010876416;13279232;1090838528;0;0;0;0;0;0;0;0;0;0;0;1683;0;0;89;0;60;0;
2437;4159290;1010876416;13279232;1090838528;0;0;0;0;0;0;0;0;0;0;0;1663;0;0;89;0;60;0;
2438;2181221;1010876416;13279232;1090838528;0;0;0;0;0;0;0;0;0;0;0;1463;0;0;89;0;60;0;
2439;2254919;1010876416;13279232;1090838528;0;0;0;0;0;0;0;0;0;0;0;1413;0;0;89;0;60;0;
2440;2517060;1010876416;13279232;1090838528;0;0;0;0;0;0;0;0;0;0;0;1513;0;0;89;0;60;0;
2441;1964253;1010876416;13279232;1090838528;0;0;0;0;0;0;0;0;0;0;0;1483;0;0;89;0;60;0;
2442;2302979;1010876416;13279232;1090838528;0;0;0;0;0;0;0;0;0;0;0;1473;0;0;89;0;60;0;
2443;1594010;1010876416;13279232;1090838528;0;0;0;0;0;0;0;0;0;0;0;1513;0;0;89;0;60;0;
2444;1435141;1010876416;13279232;1090838528;0;0;0;0;0;0;0;0;0;0;0;1483;0;0;89;0;60;0;
2445;1207935;1010876416;13279232;1090838528;0;0;0;0;0;0;0;0;0;0;0;1633;0;0;89;0;60;0;
2446;1389395;1010876416;13279232;1090838528;0;0;0;0;0;0;0;0;0;0;0;1633;0;0;89;0;60;0;
2447;2364114;1010876416;13279232;1090838528;0;0;0;0;0;0;0;0;0;0;0;1643;0;0;89;0;60;0;
2448;2220755;1010876416;13279232;1090838528;0;0;0;0;0;0;0;0;0;0;0;1433;0;0;89;0;60;0;
2449;1705929;1010876416;13279232;1090838528;0;0;0;0;0;0;0;0;0;0;0;1543;0;0;89;0;60;0;
2450;2007585;1010876416;13279232;1090838528;0;0;0;0;0;0;0;0;0;0;0;1493;0;0;89;0;60;0;
2451;1542512;1010876416;13279232;1090838528;0;0;0;0;0;0;0;0;0;0;0;1663;0;0;89;0;60;0;
2452;2024317;1010876416;13279232;1090838528;0;0;0;0;0;0;0;0;0;0;0;1293;0;0;89;0;60;0;
2453;1841424;1010876416;13279232;1090838528;0;0;0;0;0;0;0;0;0;0;0;1583;0;0;89;0;60;0;
2454;1498730;1010876416;13279232;1090838528;0;0;0;0;0;0;0;0;0;0;0;1433;0;0;89;0;60;0;
2455;832932;1010876416;13279232;1090838528;0;0;0;0;0;0;0;0;0;0;0;1803;0;0;89;0;60;0;
2456;1488752;1010876416;13279232;1090838528;0;0;0;0;0;0;0;0;0;0;0;1453;0;0;89;0;60;0;
2457;2392617;1010876416;13279232;1090838528;0;0;0;0;0;0;0;0;0;0;0;1472;0;0;89;0;60;0;
2458;1199850;1010876416;13279232;1090838528;0;0;0;0;0;0;0;0;0;0;0;1442;0;0;89;0;60;0;
2459;1016467;1010876416;13279232;1090838528;0;0;0;0;0;0;0;0;0;0;0;1633;0;0;89;0;60;0;
2460;877115;1010876416;13279232;1090838528;0;0;0;0;0;0;0;0;0;0;0;1733;0;0;89;0;60;0;
2461;1650916;1010876416;13279232;1090838528;0;0;0;0;0;0;0;0;0;0;0;1463;0;0;89;0;60;0;
2462;2445536;1010876416;13279232;1090838528;0;0;0;0;0;0;0;0;0;0;0;1513;0;0;89;0;60;0;
2463;1737869;1010876416;13279232;1090838528;0;0;0;0;0;0;0;0;0;0;0;1313;0;0;89;0;60;0;
2464;1872401;1010876416;13279232;1090838528;0;0;0;0;0;0;0;0;0;0;0;1273;0;0;89;0;60;0;
2465;2009428;1010876416;13279232;1090838528;0;0;0;0;0;0;0;0;0;0;0;1482;0;0;89;0;60;0;
2466;1950408;1010876416;13279232;1090838528;0;0;0;0;0;0;0;0;0;0;0;1212;0;0;89;0;60;0;
2467;4861898;1010876416;13279232;1090838528;0;0;0;0;0;0;0;0;0;0;0;1342;0;0;89;0;60;0;
2468;3842326;1010876416;13279232;1090838528;0;0;0;0;0;0;0;0;0;0;0;2043;0;0;89;0;60;0;
2469;1290530;1010876416;13279232;1090838528;0;0;0;0;0;0;0;0;0;0;0;1502;0;0;89;0;60;0;
2470;2020329;1010876416;13279232;1090838528;0;0;0;0;0;0;0;0;0;0;0;1473;0;0;89;0;60;0;
2471;2264757;1010876416;13279232;1090838528;0;0;0;0;0;0;0;0;0;0;0;1433;0;0;89;0;60;0;
2472;2889619;1010876416;13279232;1090838528;0;0;0;0;0;0;0;0;0;0;0;1473;0;0;89;0;60;0;
2473;2355768;1010876416;13279232;1090838528;0;0;0;0;0;0;0;0;0;0;0;1422;0;0;89;0;60;0;
2474;1056121;1010876416;13279232;1090838528;0;0;0;0;0;0;0;0;0;0;0;1623;0;0;89;0;60;0;
2475;1071249;1010876416;13279232;1090838528;0;0;0;0;0;0;0;0;0;0;0;1553;0;0;89;0;60;0;
2476;1772635;1010876416;13279232;1090838528;0;0;0;0;0;0;0;0;0;0;0;1292;0;0;89;0;60;0;
2477;2712697;1010876416;13279232;1090838528;0;0;0;0;0;0;0;0;0;0;0;1442;0;0;89;0;60;0;
2478;2106019;1010876416;13279232;1090838528;0;0;0;0;0;0;0;0;0;0;0;1543;0;0;89;0;60;0;
2479;1878713;1010876416;13279232;1090838528;0;0;0;0;0;0;0;0;0;0;0;1492;0;0;89;0;60;0;
2480;3676665;1010876416;13279232;1090838528;0;0;0;0;0;0;0;0;0;0;0;1532;0;0;89;0;60;0;
2481;1803773;1010876416;13279232;1090838528;0;0;0;0;0;0;0;0;0;0;0;1463;0;0;89;0;60;0;
2482;5386372;1010876416;13279232;1090838528;0;0;0;0;0;0;0;0;0;0;0;1523;0;0;89;0;60;0;
2483;3058846;1010876416;13279232;1090838528;0;0;0;0;0;0;0;0;0;0;0;6973;0;0;89;0;60;0;
2484;3287355;1010876416;13279232;1090838528;0;0;0;0;0;0;0;0;0;0;0;1953;0;0;89;0;60;0;
2485;14174383;1010876416;13279232;1090838528;0;0;0;0;0;0;0;0;0;0;0;4068;0;0;89;0;60;0;
2486;3640357;1010876416;13279232;1090838528;0;0;0;0;0;0;0;0;0;0;0;2194;0;0;89;0;60;0;
2487;4001204;1010876416;13279232;1090838528;0;0;0;0;0;0;0;0;0;0;0;3356;0;0;89;0;60;0;
2488;3041644;1010876416;13279232;1090838528;0;0;0;0;0;0;0;0;0;0;0;2164;0;0;89;0;60;0;
2489;2054753;1010876416;13279232;1090838528;0;0;0;0;0;0;0;0;0;0;0;2023;0;0;89;0;60;0;
2490;2209083;1010876416;13279232;1090838528;0;0;0;0;0;0;0;0;0;0;0;2053;0;0;89;0;60;0;
2491;3103590;1010876416;13279232;1090838528;0;0;0;0;0;0;0;0;0;0;0;2164;0;0;89;0;60;0;
2492;4802707;1010876416;13279232;1090838528;0;0;0;0;0;0;0;0;0;0;0;2074;0;0;89;0;60;0;
2493;2326042;1010876416;13279232;1090838528;0;0;0;0;0;0;0;0;0;0;0;1422;0;0;89;0;60;0;
2494;2257704;1010876416;13279232;1090838528;0;0;0;0;0;0;0;0;0;0;0;1513;0;0;89;0;60;0;
2495;2890931;1010876416;13279232;1090838528;0;0;0;0;0;0;0;0;0;0;0;1593;0;0;89;0;60;0;
2496;3091648;1010876416;13279232;1090838528;0;0;0;0;0;0;0;0;0;0;0;1863;0;0;89;0;60;0;
2497;5754482;1010876416;13279232;1090838528;0;0;0;0;0;0;0;0;0;0;0;1603;0;0;89;0;60;0;
2498;4085883;1011142656;13774848;1091334144;0;0;0;0;0;0;0;0;0;0;0;1663;0;0;89;0;60;0;
2499;2322205;1011142656;13774848;1091334144;0;0;0;0;0;0;0;0;0;0;0;1423;0;0;89;0;60;0;
2500;1883442;1011142656;13774848;1091334144;0;0;0;0;0;0;0;0;0;0;0;1413;0;0;89;0;60;0;
2501;2311194;1011142656;13774848;1091334144;0;0;0;0;0;0;0;0;0;0;0;1483;0;0;89;0;60;0;
2502;2908013;1011142656;13774848;1091334144;0;0;0;0;0;0;0;0;0;0;0;1312;0;0;89;0;60;0;
2503;1584362;1011142656;13774848;1091334144;0;0;0;0;0;0;0;0;0;0;0;1713;0;0;89;0;60;0;
2504;1929699;1011142656;13774848;1091334144;0;0;0;0;0;0;0;0;0;0;0;1493;0;0;89;0;60;0;
2505;1840191;1011142656;13774848;1091334144;0;0;0;0;0;0;0;0;0;0;0;1453;0;0;89;0;60;0;
2506;2753273;1011142656;13774848;1091334144;0;0;0;0;0;0;0;0;0;0;0;1533;0;0;89;0;60;0;
2507;2824738;1011142656;13774848;1091334144;0;0;0;0;0;0;0;0;0;0;0;1473;0;0;89;0;60;0;
2508;2570992;1011142656;13774848;1091334144;0;0;0;0;0;0;0;0;0;0;0;1593;0;0;89;0;60;0;
2509;2171813;1011142656;13774848;1091334144;0;0;0;0;0;0;0;0;0;0;0;1473;0;0;89;0;60;0;
2510;2757731;1011142656;13774848;1091334144;0;0;0;0;0;0;0;0;0;0;0;1663;0;0;89;0;60;0;
2511;2688763;1011142656;13774848;1091334144;0;0;0;0;0;0;0;0;0;0;0;1463;0;0;89;0;60;0;
2512;1824562;1011142656;13774848;1091334144;0;0;0;0;0;0;0;0;0;0;0;1503;0;0;89;0;60;0;
2513;2330360;1011142656;13774848;1091334144;0;0;0;0;0;0;0;0;0;0;0;1562;0;0;89;0;60;0;
2514;1984141;1011142656;13774848;1091334144;0;0;0;0;0;0;0;0;0;0;0;1212;0;0;89;0;60;0;
2515;5429142;1011142656;13774848;1091334144;0;0;0;0;0;0;0;0;0;0;0;1483;0;0;89;0;60;0;
2516;2427733;1011142656;13774848;1091334144;0;0;0;0;0;0;0;0;0;0;0;1713;0;0;89;0;60;0;
2517;1703455;1011142656;13774848;1091334144;0;0;0;0;0;0;0;0;0;0;0;1413;0;0;89;0;60;0;
2518;2245572;1011142656;13774848;1091334144;0;0;0;0;0;0;0;0;0;0;0;1483;0;0;89;0;60;0;
2519;2107343;1011142656;13774848;1091334144;0;0;0;0;0;0;0;0;0;0;0;1433;0;0;89;0;60;0;
2520;2519766;1011142656;13774848;1091334144;0;0;0;0;0;0;0;0;0;0;0;1513;0;0;89;0;60;0;
2521;2265618;1011142656;13774848;1091334144;0;0;0;0;0;0;0;0;0;0;0;1493;0;0;89;0;60;0;
2522;2204654;1011142656;13774848;1091334144;0;0;0;0;0;0;0;0;0;0;0;1683;0;0;89;0;60;0;
2523;2581982;1011142656;13774848;1091334144;0;0;0;0;0;0;0;0;0;0;0;1423;0;0;89;0;60;0;
2524;1589050;1011142656;13774848;1091334144;0;0;0;0;0;0;0;0;0;0;0;1383;0;0;89;0;60;0;
2525;6314201;1011142656;13774848;1091334144;0;0;0;0;0;0;0;0;0;0;0;1463;0;0;89;0;60;0;
2526;3163653;1011142656;13774848;1091334144;0;0;0;0;0;0;0;0;0;0;0;1583;0;0;89;0;60;0;
2527;2571403;1011142656;13774848;1091334144;0;0;0;0;0;0;0;0;0;0;0;1422;0;0;89;0;60;0;
2528;1503670;1011142656;13774848;1091334144;0;0;0;0;0;0;0;0;0;0;0;1522;0;0;89;0;60;0;
2529;2188684;1011142656;13774848;1091334144;0;0;0;0;0;0;0;0;0;0;0;1513;0;0;89;0;60;0;
2530;2497764;1011142656;13774848;1091334144;0;0;0;0;0;0;0;0;0;0;0;1373;0;0;89;0;60;0;
2531;1573070;1011142656;13774848;1091334144;0;0;0;0;0;0;0;0;0;0;0;1453;0;0;89;0;60;0;
2532;2282600;1011142656;13774848;1091334144;0;0;0;0;0;0;0;0;0;0;0;1482;0;0;89;0;60;0;
2533;1926954;1011142656;13774848;1091334144;0;0;0;0;0;0;0;0;0;0;0;1413;0;0;89;0;60;0;
2534;2368532;1011142656;13774848;1091334144;0;0;0;0;0;0;0;0;0;0;0;1453;0;0;89;0;60;0;
2535;1790668;1011142656;13774848;1091334144;0;0;0;0;0;0;0;0;0;0;0;2154;0;0;89;0;60;0;
2536;1644755;1011142656;13774848;1091334144;0;0;0;0;0;0;0;0;0;0;0;2114;0;0;89;0;60;0;
2537;1745363;1011142656;13774848;1091334144;0;0;0;0;0;0;0;0;0;0;0;2124;0;0;89;0;60;0;
2538;2449443;1011142656;13774848;1091334144;0;0;0;0;0;0;0;0;0;0;0;2094;0;0;89;0;60;0;
2539;2439525;1011142656;13774848;1091334144;0;0;0;0;0;0;0;0;0;0;0;2104;0;0;89;0;60;0;
2540;2307978;1011142656;13774848;1091334144;0;0;0;0;0;0;0;0;0;0;0;2064;0;0;89;0;60;0;
2541;1701010;1011142656;13774848;1091334144;0;0;0;0;0;0;0;0;0;0;0;2184;0;0;89;0;60;0;
2542;8562498;1011142656;13774848;1091334144;0;0;0;0;0;0;0;0;0;0;0;2063;0;0;89;0;60;0;
2543;2456798;1011142656;13774848;1091334144;0;0;0;0;0;0;0;0;0;0;0;1693;0;0;89;0;60;0;
2544;1411477;1011142656;13774848;1091334144;0;0;0;0;0;0;0;0;0;0;0;1433;0;0;89;0;60;0;
2545;1334643;1011142656;13774848;1091334144;0;0;0;0;0;0;0;0;0;0;0;1743;0;0;89;0;60;0;
2546;1116724;1011142656;13774848;1091334144;0;0;0;0;0;0;0;0;0;0;0;1432;0;0;89;0;60;0;
2547;1776572;1011142656;13774848;1091334144;0;0;0;0;0;0;0;0;0;0;0;1282;0;0;89;0;60;0;
2548;1686914;1011142656;13774848;1091334144;0;0;0;0;0;0;0;0;0;0;0;1453;0;0;89;0;60;0;
2549;1132453;1011142656;13774848;1091334144;0;0;0;0;0;0;0;0;0;0;0;1423;0;0;89;0;60;0;
2550;1586986;1011142656;13774848;1091334144;0;0;0;0;0;0;0;0;0;0;0;1512;0;0;89;0;60;0;
2551;822683;1011142656;13774848;1091334144;0;0;0;0;0;0;0;0;0;0;0;1482;0;0;89;0;60;0;
2552;3947293;1011142656;13774848;1091334144;0;0;0;0;0;0;0;0;0;0;0;1433;0;0;89;0;60;0;
2553;3821557;1011142656;13774848;1091334144;0;0;0;0;0;0;0;0;0;0;0;2184;0;0;89;0;60;0;
2554;2163377;1011142656;13774848;1091334144;0;0;0;0;0;0;0;0;0;0;0;2114;0;0;89;0;60;0;
2555;2144221;1011142656;13774848;1091334144;0;0;0;0;0;0;0;0;0;0;0;1834;0;0;89;0;60;0;
2556;2261431;1011142656;13774848;1091334144;0;0;0;0;0;0;0;0;0;0;0;1873;0;0;89;0;60;0;
2557;3308374;1011302400;13770752;1091330048;0;0;0;0;0;0;0;0;0;0;0;2144;0;0;89;0;60;0;
2558;1544968;1011302400;13770752;1091330048;0;0;0;0;0;0;0;0;0;0;0;2053;0;0;89;0;60;0;
2559;1606864;1011302400;13770752;1091330048;0;0;0;0;0;0;0;0;0;0;0;2084;0;0;89;0;60;0;
2560;2922541;1011302400;13770752;1091330048;0;0;0;0;0;0;0;0;0;0;0;2124;0;0;89;0;60;0;
2561;2577243;1011302400;13770752;1091330048;0;0;0;0;0;0;0;0;0;0;0;2374;0;0;89;0;60;0;
2562;1574122;1011302400;13770752;1091330048;0;0;0;0;0;0;0;0;0;0;0;1513;0;0;89;0;60;0;
2563;1693446;1011302400;13770752;1091330048;0;0;0;0;0;0;0;0;0;0;0;1463;0;0;89;0;60;0;
2564;860624;1011302400;13770752;1091330048;0;0;0;0;0;0;0;0;0;0;0;1413;0;0;89;0;60;0;
2565;2558027;1011302400;13770752;1091330048;0;0;0;0;0;0;0;0;0;0;0;1392;0;0;89;0;60;0;
2566;1627733;1011302400;13770752;1091330048;0;0;0;0;0;0;0;0;0;0;0;1573;0;0;89;0;60;0;
2567;1329774;1011302400;13770752;1091330048;0;0;0;0;0;0;0;0;0;0;0;1413;0;0;89;0;60;0;
2568;1517176;1011302400;13770752;1091330048;0;0;0;0;0;0;0;0;0;0;0;1473;0;0;89;0;60;0;
2569;2199365;1011302400;13770752;1091330048;0;0;0;0;0;0;0;0;0;0;0;1443;0;0;89;0;60;0;
2570;1186425;1011302400;13770752;1091330048;0;0;0;0;0;0;0;0;0;0;0;1473;0;0;89;0;60;0;
2571;1412329;1011302400;13770752;1091330048;0;0;0;0;0;0;0;0;0;0;0;1443;0;0;89;0;60;0;
2572;1441424;1011302400;13770752;1091330048;0;0;0;0;0;0;0;0;0;0;0;1543;0;0;89;0;60;0;
2573;2004289;1011302400;13770752;1091330048;0;0;0;0;0;0;0;0;0;0;0;1463;0;0;89;0;60;0;
2574;1898841;1011302400;13770752;1091330048;0;0;0;0;0;0;0;0;0;0;0;1213;0;0;89;0;60;0;
2575;1508249;1011302400;13770752;1091330048;0;0;0;0;0;0;0;0;0;0;0;1583;0;0;89;0;60;0;
2576;1388133;1011302400;13770752;1091330048;0;0;0;0;0;0;0;0;0;0;0;1723;0;0;89;0;60;0;
2577;1415515;1011302400;13770752;1091330048;0;0;0;0;0;0;0;0;0;0;0;1523;0;0;89;0;60;0;
2578;4531478;1011302400;13770752;1091330048;0;0;0;0;0;0;0;0;0;0;0;1423;0;0;89;0;60;0;
2579;2921429;1011302400;13770752;1091330048;0;0;0;0;0;0;0;0;0;0;0;1403;0;0;89;0;60;0;
2580;1938145;1011302400;13770752;1091330048;0;0;0;0;0;0;0;0;0;0;0;1463;0;0;89;0;60;0;
2581;1789496;1011302400;13770752;1091330048;0;0;0;0;0;0;0;0;0;0;0;1493;0;0;89;0;60;0;
2582;1585454;1011302400;13770752;1091330048;0;0;0;0;0;0;0;0;0;0;0;1493;0;0;89;0;60;0;
2583;2557466;1011302400;13770752;1091330048;0;0;0;0;0;0;0;0;0;0;0;1452;0;0;89;0;60;0;
2584;1321008;1011302400;13770752;1091330048;0;0;0;0;0;0;0;0;0;0;0;1443;0;0;89;0;60;0;
2585;1363467;1011302400;13770752;1091330048;0;0;0;0;0;0;0;0;0;0;0;1482;0;0;89;0;60;0;
2586;1856853;1011302400;13770752;1091330048;0;0;0;0;0;0;0;0;0;0;0;1493;0;0;89;0;60;0;
2587;2189336;1011302400;13770752;1091330048;0;0;0;0;0;0;0;0;0;0;0;1433;0;0;89;0;60;0;
2588;1169583;1011302400;13770752;1091330048;0;0;0;0;0;0;0;0;0;0;0;1573;0;0;89;0;60;0;
2589;1096737;1011302400;13770752;1091330048;0;0;0;0;0;0;0;0;0;0;0;1423;0;0;89;0;60;0;
2590;1757195;1011302400;13770752;1091330048;0;0;0;0;0;0;0;0;0;0;0;1422;0;0;89;0;60;0;
2591;2535254;1011302400;13770752;1091330048;0;0;0;0;0;0;0;0;0;0;0;1563;0;0;89;0;60;0;
2592;1641509;1011302400;13770752;1091330048;0;0;0;0;0;0;0;0;0;0;0;1453;0;0;89;0;60;0;
2593;1103349;1011302400;13770752;1091330048;0;0;0;0;0;0;0;0;0;0;0;1563;0;0;89;0;60;0;
2594;1358808;1011302400;13770752;1091330048;0;0;0;0;0;0;0;0;0;0;0;1423;0;0;89;0;60;0;
2595;1731327;1011302400;13770752;1091330048;0;0;0;0;0;0;0;0;0;0;0;1403;0;0;89;0;60;0;
2596;816050;1011302400;13770752;1091330048;0;0;0;0;0;0;0;0;0;0;0;1422;0;0;89;0;60;0;
2597;1477240;1011302400;13770752;1091330048;0;0;0;0;0;0;0;0;0;0;0;1423;0;0;89;0;60;0;
2598;1712552;1011302400;13770752;1091330048;0;0;0;0;0;0;0;0;0;0;0;1513;0;0;89;0;60;0;
2599;5438720;1011302400;13774848;1091334144;0;0;0;0;0;0;0;0;0;0;0;1674;0;0;89;0;60;0;
2600;3196755;1011302400;13778944;1091338240;0;0;0;0;0;0;0;0;0;0;0;1854;0;0;89;0;60;0;
2601;2192823;1011302400;13778944;1091338240;0;0;0;0;0;0;0;0;0;0;0;1793;0;0;89;0;60;0;
2602;1355101;1011302400;13778944;1091338240;0;0;0;0;0;0;0;0;0;0;0;1743;0;0;89;0;60;0;
2603;1176697;1011302400;13778944;1091338240;0;0;0;0;0;0;0;0;0;0;0;1763;0;0;89;0;60;0;
2604;2654939;1011302400;13778944;1091338240;0;0;0;0;0;0;0;0;0;0;0;1803;0;0;89;0;60;0;
2605;960992;1011302400;13778944;1091338240;0;0;0;0;0;0;0;0;0;0;0;1744;0;0;89;0;60;0;
2606;1183379;1011302400;13778944;1091338240;0;0;0;0;0;0;0;0;0;0;0;1723;0;0;89;0;60;0;
2607;1774027;1011302400;13778944;1091338240;0;0;0;0;0;0;0;0;0;0;0;1754;0;0;89;0;60;0;
2608;1860038;1011302400;13778944;1091338240;0;0;0;0;0;0;0;0;0;0;0;1873;0;0;89;0;60;0;
2609;1243182;1011302400;13778944;1091338240;0;0;0;0;0;0;0;0;0;0;0;1804;0;0;89;0;60;0;
2610;1211973;1011302400;13778944;1091338240;0;0;0;0;0;0;0;0;0;0;0;1803;0;0;89;0;60;0;
2611;1692514;1011302400;13778944;1091338240;0;0;0;0;0;0;0;0;0;0;0;1814;0;0;89;0;60;0;
2612;2242906;1011302400;13778944;1091338240;0;0;0;0;0;0;0;0;0;0;0;1813;0;0;89;0;60;0;
2613;1672676;1011302400;13778944;1091338240;0;0;0;0;0;0;0;0;0;0;0;1272;0;0;89;0;60;0;
2614;1468604;1011302400;13778944;1091338240;0;0;0;0;0;0;0;0;0;0;0;1503;0;0;89;0;60;0;
2615;1175595;1011302400;13778944;1091338240;0;0;0;0;0;0;0;0;0;0;0;1433;0;0;89;0;60;0;
2616;1752166;1011302400;13778944;1091338240;0;0;0;0;0;0;0;0;0;0;0;1694;0;0;89;0;60;0;
2617;789892;1011302400;13778944;1091338240;0;0;0;0;0;0;0;0;0;0;0;1393;0;0;89;0;60;0;
2618;1151599;1011302400;13778944;1091338240;0;0;0;0;0;0;0;0;0;0;0;1603;0;0;89;0;60;0;
2619;1216210;1011302400;13778944;1091338240;0;0;0;0;0;0;0;0;0;0;0;1463;0;0;89;0;60;0;
2620;5023631;1011302400;13778944;1091338240;0;0;0;0;0;0;0;0;0;0;0;1653;0;0;89;0;60;0;
2621;2858421;1011302400;13778944;1091338240;0;0;0;0;0;0;0;0;0;0;0;1533;0;0;89;0;60;0;
2622;1205150;1011302400;13778944;1091338240;0;0;0;0;0;0;0;0;0;0;0;1523;0;0;89;0;60;0;
2623;1357336;1011302400;13778944;1091338240;0;0;0;0;0;0;0;0;0;0;0;1493;0;0;89;0;60;0;
2624;1338080;1011302400;13778944;1091338240;0;0;0;0;0;0;0;0;0;0;0;1593;0;0;89;0;60;0;
2625;2533240;1011302400;13778944;1091338240;0;0;0;0;0;0;0;0;0;0;0;1523;0;0;89;0;60;0;
2626;1180294;1011302400;13778944;1091338240;0;0;0;0;0;0;0;0;0;0;0;1472;0;0;89;0;60;0;
2627;908925;1011302400;13778944;1091338240;0;0;0;0;0;0;0;0;0;0;0;1493;0;0;89;0;60;0;
2628;1519519;1011302400;13778944;1091338240;0;0;0;0;0;0;0;0;0;0;0;1433;0;0;89;0;60;0;
2629;2632106;1011302400;13778944;1091338240;0;0;0;0;0;0;0;0;0;0;0;1473;0;0;89;0;60;0;
2630;2017924;1011302400;13778944;1091338240;0;0;0;0;0;0;0;0;0;0;0;1483;0;0;89;0;60;0;
2631;1396529;1011302400;13778944;1091338240;0;0;0;0;0;0;0;0;0;0;0;1383;0;0;89;0;60;0;
2632;1651437;1011302400;13778944;1091338240;0;0;0;0;0;0;0;0;0;0;0;1512;0;0;89;0;60;0;
2633;2115968;1011302400;13778944;1091338240;0;0;0;0;0;0;0;0;0;0;0;1383;0;0;89;0;60;0;
2634;1699447;1011302400;13778944;1091338240;0;0;0;0;0;0;0;0;0;0;0;1413;0;0;89;0;60;0;
2635;1676915;1011302400;13778944;1091338240;0;0;0;0;0;0;0;0;0;0;0;1363;0;0;89;0;60;0;
2636;1700529;1011302400;13778944;1091338240;0;0;0;0;0;0;0;0;0;0;0;1493;0;0;89;0;60;0;
2637;2509467;1011302400;13778944;1091338240;0;0;0;0;0;0;0;0;0;0;0;1402;0;0;89;0;60;0;
2638;1423549;1011302400;13778944;1091338240;0;0;0;0;0;0;0;0;0;0;0;1653;0;0;89;0;60;0;
2639;1511514;1011302400;13778944;1091338240;0;0;0;0;0;0;0;0;0;0;0;1433;0;0;89;0;60;0;
2640;1332960;1011302400;13778944;1091338240;0;0;0;0;0;0;0;0;0;0;0;1733;0;0;89;0;60;0;
2641;4497995;1011302400;13778944;1091338240;0;0;0;0;0;0;0;0;0;0;0;1633;0;0;89;0;60;0;
2642;3410536;1011302400;13778944;1091338240;0;0;0;0;0;0;0;0;0;0;0;88766;0;0;89;0;60;0;
2643;1696030;1011302400;13778944;1091338240;0;0;0;0;0;0;0;0;0;0;0;1413;0;0;89;0;60;0;
2644;1981506;1011302400;13778944;1091338240;0;0;0;0;0;0;0;0;0;0;0;1423;0;0;89;0;60;0;
2645;2227087;1011302400;13778944;1091338240;0;0;0;0;0;0;0;0;0;0;0;1463;0;0;89;0;60;0;
2646;2588073;1011302400;13778944;1091338240;0;0;0;0;0;0;0;0;0;0;0;1834;0;0;89;0;60;0;
2647;1531843;1011302400;13778944;1091338240;0;0;0;0;0;0;0;0;0;0;0;1824;0;0;89;0;60;0;
2648;959138;1011302400;13778944;1091338240;0;0;0;0;0;0;0;0;0;0;0;1744;0;0;89;0;60;0;
2649;1061551;1011302400;13778944;1091338240;0;0;0;0;0;0;0;0;0;0;0;1984;0;0;89;0;60;0;
2650;2543430;1011302400;13778944;1091338240;0;0;0;0;0;0;0;0;0;0;0;1724;0;0;89;0;60;0;
2651;1584031;1011302400;13778944;1091338240;0;0;0;0;0;0;0;0;0;0;0;1984;0;0;89;0;60;0;
2652;1674921;1011302400;13778944;1091338240;0;0;0;0;0;0;0;0;0;0;0;1773;0;0;89;0;60;0;
2653;1886638;1011302400;13778944;1091338240;0;0;0;0;0;0;0;0;0;0;0;1744;0;0;89;0;60;0;
2654;2638949;1011302400;13778944;1091338240;0;0;0;0;0;0;0;0;0;0;0;1783;0;0;89;0;60;0;
2655;1519279;1011302400;13778944;1091338240;0;0;0;0;0;0;0;0;0;0;0;1573;0;0;89;0;60;0;
2656;1499652;1011302400;13778944;1091338240;0;0;0;0;0;0;0;0;0;0;0;1754;0;0;89;0;60;0;
2657;1297133;1011302400;13778944;1091338240;0;0;0;0;0;0;0;0;0;0;0;1793;0;0;89;0;60;0;
2658;2052830;1011302400;13778944;1091338240;0;0;0;0;0;0;0;0;0;0;0;1412;0;0;89;0;60;0;
2659;1294919;1011302400;13778944;1091338240;0;0;0;0;0;0;0;0;0;0;0;1362;0;0;89;0;60;0;
2660;1326698;1011302400;13778944;1091338240;0;0;0;0;0;0;0;0;0;0;0;1493;0;0;89;0;60;0;
2661;1201604;1011302400;13778944;1091338240;0;0;0;0;0;0;0;0;0;0;0;1462;0;0;89;0;60;0;
2662;4872888;1011302400;13778944;1091338240;0;0;0;0;0;0;0;0;0;0;0;1783;0;0;89;0;60;0;
2663;3234776;1011302400;13778944;1091338240;0;0;0;0;0;0;0;0;0;0;0;2204;0;0;89;0;60;0;
2664;1587708;1011302400;13778944;1091338240;0;0;0;0;0;0;0;0;0;0;0;1492;0;0;89;0;60;0;
2665;1812158;1011302400;13778944;1091338240;0;0;0;0;0;0;0;0;0;0;0;1513;0;0;89;0;60;0;
2666;1681033;1011302400;13778944;1091338240;0;0;0;0;0;0;0;0;0;0;0;1503;0;0;89;0;60;0;
2667;2083196;1011302400;13778944;1091338240;0;0;0;0;0;0;0;0;0;0;0;102853;0;0;89;0;60;0;
2668;1337508;1011302400;13778944;1091338240;0;0;0;0;0;0;0;0;0;0;0;1773;0;0;89;0;60;0;
2669;1792111;1011302400;13778944;1091338240;0;0;0;0;0;0;0;0;0;0;0;1492;0;0;89;0;60;0;
2670;1952091;1011302400;13778944;1091338240;0;0;0;0;0;0;0;0;0;0;0;1242;0;0;89;0;60;0;
2671;1921774;1011302400;13778944;1091338240;0;0;0;0;0;0;0;0;0;0;0;1473;0;0;89;0;60;0;
2672;1346646;1011302400;13778944;1091338240;0;0;0;0;0;0;0;0;0;0;0;1603;0;0;89;0;60;0;
2673;807695;1011302400;13778944;1091338240;0;0;0;0;0;0;0;0;0;0;0;1482;0;0;89;0;60;0;
2674;1851842;1011302400;13778944;1091338240;0;0;0;0;0;0;0;0;0;0;0;1503;0;0;89;0;60;0;
2675;2196590;1011302400;13778944;1091338240;0;0;0;0;0;0;0;0;0;0;0;1422;0;0;89;0;60;0;
2676;1141771;1011302400;13778944;1091338240;0;0;0;0;0;0;0;0;0;0;0;1513;0;0;89;0;60;0;
2677;1420313;1011302400;13778944;1091338240;0;0;0;0;0;0;0;0;0;0;0;1413;0;0;89;0;60;0;
2678;1049147;1011302400;13778944;1091338240;0;0;0;0;0;0;0;0;0;0;0;1433;0;0;89;0;60;0;
2679;1829631;1011302400;13778944;1091338240;0;0;0;0;0;0;0;0;0;0;0;1533;0;0;89;0;60;0;
2680;1628304;1011302400;13778944;1091338240;0;0;0;0;0;0;0;0;0;0;0;1773;0;0;89;0;60;0;
2681;1554195;1011302400;13778944;1091338240;0;0;0;0;0;0;0;0;0;0;0;1443;0;0;89;0;60;0;
2682;753723;1011302400;13778944;1091338240;0;0;0;0;0;0;0;0;0;0;0;1603;0;0;89;0;60;0;
2683;5155368;1011302400;13778944;1091338240;0;0;0;0;0;0;0;0;0;0;0;1643;0;0;89;0;60;0;
2684;2865884;1011302400;13778944;1091338240;0;0;0;0;0;0;0;0;0;0;0;1443;0;0;89;0;60;0;
2685;1803011;1011302400;13778944;1091338240;0;0;0;0;0;0;0;0;0;0;0;1463;0;0;89;0;60;0;
2686;1669701;1011302400;13778944;1091338240;0;0;0;0;0;0;0;0;0;0;0;1473;0;0;89;0;60;0;
2687;972814;1011302400;13778944;1091338240;0;0;0;0;0;0;0;0;0;0;0;1463;0;0;89;0;60;0;
2688;2140284;1011302400;13778944;1091338240;0;0;0;0;0;0;0;0;0;0;0;1362;0;0;89;0;60;0;
2689;1795207;1011302400;13778944;1091338240;0;0;0;0;0;0;0;0;0;0;0;1442;0;0;89;0;60;0;
2690;2098956;1011302400;13778944;1091338240;0;0;0;0;0;0;0;0;0;0;0;8025;0;0;89;0;60;0;
2691;3254444;1011302400;13778944;1091338240;0;0;0;0;0;0;0;0;0;0;0;2234;0;0;89;0;60;0;
2692;3807661;1011302400;13778944;1091338240;0;0;0;0;0;0;0;0;0;0;0;1603;0;0;89;0;60;0;
2693;1470558;1011302400;13778944;1091338240;0;0;0;0;0;0;0;0;0;0;0;1512;0;0;89;0;60;0;
2694;940314;1011302400;13778944;1091338240;0;0;0;0;0;0;0;0;0;0;0;1503;0;0;89;0;60;0;
2695;1227522;1011302400;13778944;1091338240;0;0;0;0;0;0;0;0;0;0;0;1834;0;0;89;0;60;0;
2696;2530095;1011302400;13778944;1091338240;0;0;0;0;0;0;0;0;0;0;0;1422;0;0;89;0;60;0;
2697;1292143;1011302400;13778944;1091338240;0;0;0;0;0;0;0;0;0;0;0;1573;0;0;89;0;60;0;
2698;1582428;1011302400;13778944;1091338240;0;0;0;0;0;0;0;0;0;0;0;1463;0;0;89;0;60;0;
2699;1167039;1011302400;13778944;1091338240;0;0;0;0;0;0;0;0;0;0;0;1774;0;0;89;0;60;0;
2700;2181000;1011302400;13778944;1091338240;0;0;0;0;0;0;0;0;0;0;0;1372;0;0;89;0;60;0;
2701;1093561;1011302400;13778944;1091338240;0;0;0;0;0;0;0;0;0;0;0;1432;0;0;89;0;60;0;
2702;1512507;1011302400;13778944;1091338240;0;0;0;0;0;0;0;0;0;0;0;1453;0;0;89;0;60;0;
2703;1200592;1011302400;13778944;1091338240;0;0;0;0;0;0;0;0;0;0;0;1433;0;0;89;0;60;0;
2704;5517788;1011302400;13778944;1091338240;0;0;0;0;0;0;0;0;0;0;0;2535;0;0;89;0;60;0;
2705;2296106;1011302400;13778944;1091338240;0;0;0;0;0;0;0;0;0;0;0;1723;0;0;89;0;60;0;
2706;1181957;1011302400;13778944;1091338240;0;0;0;0;0;0;0;0;0;0;0;1423;0;0;89;0;60;0;
2707;1959375;1011302400;13778944;1091338240;0;0;0;0;0;0;0;0;0;0;0;1753;0;0;89;0;60;0;
2708;1950468;1011302400;13778944;1091338240;0;0;0;0;0;0;0;0;0;0;0;1754;0;0;89;0;60;0;
2709;1664993;1011302400;13778944;1091338240;0;0;0;0;0;0;0;0;0;0;0;1433;0;0;89;0;60;0;
2710;1880056;1011302400;13778944;1091338240;0;0;0;0;0;0;0;0;0;0;0;1503;0;0;89;0;60;0;
2711;1142563;1011302400;13778944;1091338240;0;0;0;0;0;0;0;0;0;0;0;1463;0;0;89;0;60;0;
2712;1047414;1011302400;13778944;1091338240;0;0;0;0;0;0;0;0;0;0;0;1462;0;0;89;0;60;0;
2713;2320942;1011302400;13778944;1091338240;0;0;0;0;0;0;0;0;0;0;0;1492;0;0;89;0;60;0;
2714;1569634;1011302400;13778944;1091338240;0;0;0;0;0;0;0;0;0;0;0;1443;0;0;89;0;60;0;
2715;1643482;1011302400;13778944;1091338240;0;0;0;0;0;0;0;0;0;0;0;1613;0;0;89;0;60;0;
2716;764032;1011302400;13778944;1091338240;0;0;0;0;0;0;0;0;0;0;0;1392;0;0;89;0;60;0;
2717;2608372;1011302400;13778944;1091338240;0;0;0;0;0;0;0;0;0;0;0;1833;0;0;89;0;60;0;
2718;1322541;1011302400;13778944;1091338240;0;0;0;0;0;0;0;0;0;0;0;1774;0;0;89;0;60;0;
2719;2008887;1011302400;13778944;1091338240;0;0;0;0;0;0;0;0;0;0;0;1753;0;0;89;0;60;0;
2720;1231158;1011302400;13778944;1091338240;0;0;0;0;0;0;0;0;0;0;0;1693;0;0;89;0;60;0;
2721;2228549;1011302400;13778944;1091338240;0;0;0;0;0;0;0;0;0;0;0;2014;0;0;89;0;60;0;
2722;1346596;1011302400;13778944;1091338240;0;0;0;0;0;0;0;0;0;0;0;1503;0;0;89;0;60;0;
2723;1125200;1011302400;13778944;1091338240;0;0;0;0;0;0;0;0;0;0;0;1483;0;0;89;0;60;0;
2724;1162941;1011302400;13778944;1091338240;0;0;0;0;0;0;0;0;0;0;0;1453;0;0;89;0;60;0;
2725;5583792;1011302400;13778944;1091338240;0;0;0;0;0;0;0;0;0;0;0;3146;0;0;89;0;60;0;
2726;4400082;1011302400;13778944;1091338240;0;0;0;0;0;0;0;0;0;0;0;2064;0;0;89;0;60;0;
2727;1392491;1011302400;13778944;1091338240;0;0;0;0;0;0;0;0;0;0;0;1723;0;0;89;0;60;0;
2728;1376462;1011302400;13778944;1091338240;0;0;0;0;0;0;0;0;0;0;0;1483;0;0;89;0;60;0;
2729;1458034;1011302400;13778944;1091338240;0;0;0;0;0;0;0;0;0;0;0;1263;0;0;89;0;60;0;
2730;2327445;1011302400;13778944;1091338240;0;0;0;0;0;0;0;0;0;0;0;1794;0;0;89;0;60;0;
2731;1457283;1011302400;13778944;1091338240;0;0;0;0;0;0;0;0;0;0;0;1853;0;0;89;0;60;0;
2732;2211708;1011302400;13778944;1091338240;0;0;0;0;0;0;0;0;0;0;0;1893;0;0;89;0;60;0;
2733;2705343;1011302400;13778944;1091338240;0;0;0;0;0;0;0;0;0;0;0;1924;0;0;89;0;60;0;
2734;3584903;1011302400;13778944;1091338240;0;0;0;0;0;0;0;0;0;0;0;1984;0;0;89;0;60;0;
2735;1717251;1011302400;13778944;1091338240;0;0;0;0;0;0;0;0;0;0;0;1854;0;0;89;0;60;0;
2736;1784967;1011302400;13778944;1091338240;0;0;0;0;0;0;0;0;0;0;0;1773;0;0;89;0;60;0;
2737;1750363;1011302400;13778944;1091338240;0;0;0;0;0;0;0;0;0;0;0;1362;0;0;89;0;60;0;
2738;2227097;1011302400;13778944;1091338240;0;0;0;0;0;0;0;0;0;0;0;1412;0;0;89;0;60;0;
2739;1578731;1011302400;13778944;1091338240;0;0;0;0;0;0;0;0;0;0;0;1202;0;0;89;0;60;0;
2740;1169974;1011302400;13778944;1091338240;0;0;0;0;0;0;0;0;0;0;0;1583;0;0;89;0;60;0;
2741;1118318;1011302400;13778944;1091338240;0;0;0;0;0;0;0;0;0;0;0;1523;0;0;89;0;60;0;
2742;2953970;1011302400;13778944;1091338240;0;0;0;0;0;0;0;0;0;0;0;1523;0;0;89;0;60;0;
2743;1368817;1011302400;13778944;1091338240;0;0;0;0;0;0;0;0;0;0;0;1523;0;0;89;0;60;0;
2744;1210861;1011302400;13778944;1091338240;0;0;0;0;0;0;0;0;0;0;0;1523;0;0;89;0;60;0;
2745;1062763;1011302400;13778944;1091338240;0;0;0;0;0;0;0;0;0;0;0;1944;0;0;89;0;60;0;
2746;5111806;1011302400;13778944;1091338240;0;0;0;0;0;0;0;0;0;0;0;1854;0;0;89;0;60;0;
2747;3480297;1011302400;13778944;1091338240;0;0;0;0;0;0;0;0;0;0;0;1944;0;0;89;0;60;0;
2748;1029320;1011302400;13778944;1091338240;0;0;0;0;0;0;0;0;0;0;0;1774;0;0;89;0;60;0;
2749;1834411;1011302400;13778944;1091338240;0;0;0;0;0;0;0;0;0;0;0;1442;0;0;89;0;60;0;
2750;863189;1011302400;13778944;1091338240;0;0;0;0;0;0;0;0;0;0;0;1222;0;0;89;0;60;0;
2751;2174438;1011302400;13778944;1091338240;0;0;0;0;0;0;0;0;0;0;0;2235;0;0;89;0;60;0;
2752;1289058;1011302400;13778944;1091338240;0;0;0;0;0;0;0;0;0;0;0;1654;0;0;89;0;60;0;
2753;969578;1011302400;13778944;1091338240;0;0;0;0;0;0;0;0;0;0;0;1493;0;0;89;0;60;0;
2754;1091778;1011302400;13778944;1091338240;0;0;0;0;0;0;0;0;0;0;0;1523;0;0;89;0;60;0;
2755;2274596;1011302400;13778944;1091338240;0;0;0;0;0;0;0;0;0;0;0;1633;0;0;89;0;60;0;
2756;1040461;1011302400;13778944;1091338240;0;0;0;0;0;0;0;0;0;0;0;1623;0;0;89;0;60;0;
2757;1390918;1011302400;13778944;1091338240;0;0;0;0;0;0;0;0;0;0;0;1593;0;0;89;0;60;0;
2758;2202982;1011302400;13778944;1091338240;0;0;0;0;0;0;0;0;0;0;0;2013;0;0;89;0;60;0;
2759;2289784;1011302400;13778944;1091338240;0;0;0;0;0;0;0;0;0;0;0;1623;0;0;89;0;60;0;
2760;1244744;1011302400;13778944;1091338240;0;0;0;0;0;0;0;0;0;0;0;1403;0;0;89;0;60;0;
2761;1349030;1011302400;13778944;1091338240;0;0;0;0;0;0;0;0;0;0;0;1433;0;0;89;0;60;0;
2762;1317892;1011302400;13778944;1091338240;0;0;0;0;0;0;0;0;0;0;0;1493;0;0;89;0;60;0;
2763;2342573;1011302400;13778944;1091338240;0;0;0;0;0;0;0;0;0;0;0;1653;0;0;89;0;60;0;
2764;1521554;1011302400;13778944;1091338240;0;0;0;0;0;0;0;0;0;0;0;3046;0;0;89;0;60;0;
2765;1049228;1011302400;13778944;1091338240;0;0;0;0;0;0;0;0;0;0;0;1483;0;0;89;0;60;0;
2766;1527154;1011302400;13778944;1091338240;0;0;0;0;0;0;0;0;0;0;0;1473;0;0;89;0;60;0;
2767;4683153;1011302400;13778944;1091338240;0;0;0;0;0;0;0;0;0;0;0;1483;0;0;89;0;60;0;
2768;3310819;1011302400;13778944;1091338240;0;0;0;0;0;0;0;0;0;0;0;2204;0;0;89;0;60;0;
2769;1449829;1011302400;13778944;1091338240;0;0;0;0;0;0;0;0;0;0;0;1463;0;0;89;0;60;0;
2770;1518838;1011302400;13778944;1091338240;0;0;0;0;0;0;0;0;0;0;0;1422;0;0;89;0;60;0;
2771;2001123;1011302400;13778944;1091338240;0;0;0;0;0;0;0;0;0;0;0;1262;0;0;89;0;60;0;
2772;1355683;1011302400;13778944;1091338240;0;0;0;0;0;0;0;0;0;0;0;1784;0;0;89;0;60;0;
2773;1710458;1011302400;13778944;1091338240;0;0;0;0;0;0;0;0;0;0;0;1533;0;0;89;0;60;0;
2774;1647229;1011302400;13778944;1091338240;0;0;0;0;0;0;0;0;0;0;0;1683;0;0;89;0;60;0;
2775;2126247;1011302400;13778944;1091338240;0;0;0;0;0;0;0;0;0;0;0;142577;0;0;89;0;60;0;
2776;2000772;1011302400;13778944;1091338240;0;0;0;0;0;0;0;0;0;0;0;1473;0;0;89;0;60;0;
2777;1837706;1011302400;13778944;1091338240;0;0;0;0;0;0;0;0;0;0;0;1593;0;0;89;0;60;0;
2778;1127374;1011302400;13778944;1091338240;0;0;0;0;0;0;0;0;0;0;0;1513;0;0;89;0;60;0;
2779;1724855;1011302400;13778944;1091338240;0;0;0;0;0;0;0;0;0;0;0;1453;0;0;89;0;60;0;
2780;1440581;1011302400;13778944;1091338240;0;0;0;0;0;0;0;0;0;0;0;1523;0;0;89;0;60;0;
2781;1624506;1011302400;13778944;1091338240;0;0;0;0;0;0;0;0;0;0;0;1613;0;0;89;0;60;0;
2782;1517757;1011302400;13778944;1091338240;0;0;0;0;0;0;0;0;0;0;0;1503;0;0;89;0;60;0;
2783;1641608;1011302400;13778944;1091338240;0;0;0;0;0;0;0;0;0;0;0;1392;0;0;89;0;60;0;
2784;1511375;1011302400;13778944;1091338240;0;0;0;0;0;0;0;0;0;0;0;1503;0;0;89;0;60;0;
2785;1111274;1011302400;13778944;1091338240;0;0;0;0;0;0;0;0;0;0;0;1553;0;0;89;0;60;0;
2786;1357266;1011302400;13778944;1091338240;0;0;0;0;0;0;0;0;0;0;0;1563;0;0;89;0;60;0;
2787;4977084;1011302400;13778944;1091338240;0;0;0;0;0;0;0;0;0;0;0;1724;0;0;89;0;60;0;
2788;2651272;1011302400;13778944;1091338240;0;0;0;0;0;0;0;0;0;0;0;64270;0;0;89;0;60;0;
2789;1424161;1011302400;13778944;1091338240;0;0;0;0;0;0;0;0;0;0;0;1563;0;0;89;0;60;0;
2790;1686011;1011302400;13778944;1091338240;0;0;0;0;0;0;0;0;0;0;0;1543;0;0;89;0;60;0;
2791;2761519;1011302400;13778944;1091338240;0;0;0;0;0;0;0;0;0;0;0;1503;0;0;89;0;60;0;
2792;2306436;1011302400;13778944;1091338240;0;0;0;0;0;0;0;0;0;0;0;6773;0;0;89;0;60;0;
2793;2759215;1011302400;13778944;1091338240;0;0;0;0;0;0;0;0;0;0;0;2584;0;0;89;0;60;0;
2794;1870338;1011302400;13778944;1091338240;0;0;0;0;0;0;0;0;0;0;0;2194;0;0;89;0;60;0;
2795;3491197;1011351552;13774848;1091334144;0;0;0;0;0;0;0;0;0;0;0;1793;0;0;89;0;60;0;
2796;2040527;1011351552;13774848;1091334144;0;0;0;0;0;0;0;0;0;0;0;1583;0;0;89;0;60;0;
2797;2051567;1011351552;13774848;1091334144;0;0;0;0;0;0;0;0;0;0;0;1493;0;0;89;0;60;0;
2798;1463975;1011351552;13774848;1091334144;0;0;0;0;0;0;0;0;0;0;0;1763;0;0;89;0;60;0;
2799;2664557;1011351552;13774848;1091334144;0;0;0;0;0;0;0;0;0;0;0;1563;0;0;89;0;60;0;
2800;1530009;1011351552;13774848;1091334144;0;0;0;0;0;0;0;0;0;0;0;1442;0;0;89;0;60;0;
2801;2668565;1011351552;13774848;1091334144;0;0;0;0;0;0;0;0;0;0;0;1473;0;0;89;0;60;0;
2802;1974653;1011351552;13774848;1091334144;0;0;0;0;0;0;0;0;0;0;0;1523;0;0;89;0;60;0;
2803;2029576;1011351552;13774848;1091334144;0;0;0;0;0;0;0;0;0;0;0;1984;0;0;89;0;60;0;
2804;1957020;1011351552;13774848;1091334144;0;0;0;0;0;0;0;0;0;0;0;1684;0;0;89;0;60;0;
2805;1716138;1011351552;13774848;1091334144;0;0;0;0;0;0;0;0;0;0;0;1442;0;0;89;0;60;0;
2806;2084049;1011351552;13774848;1091334144;0;0;0;0;0;0;0;0;0;0;0;1412;0;0;89;0;60;0;
2807;8688905;1011351552;13774848;1091334144;0;0;0;0;0;0;0;0;0;0;0;2104;0;0;89;0;60;0;
2808;4522130;1011351552;13774848;1091334144;0;0;0;0;0;0;0;0;0;0;0;1312;0;0;89;0;60;0;
2809;2242876;1011351552;13774848;1091334144;0;0;0;0;0;0;0;0;0;0;0;1493;0;0;89;0;60;0;
2810;1783865;1011351552;13774848;1091334144;0;0;0;0;0;0;0;0;0;0;0;1262;0;0;89;0;60;0;
2811;2291527;1011351552;13774848;1091334144;0;0;0;0;0;0;0;0;0;0;0;1613;0;0;89;0;60;0;
2812;2771839;1011351552;13774848;1091334144;0;0;0;0;0;0;0;0;0;0;0;1583;0;0;89;0;60;0;
2813;2497003;1011351552;13774848;1091334144;0;0;0;0;0;0;0;0;0;0;0;1452;0;0;89;0;60;0;
2814;1713433;1011351552;13774848;1091334144;0;0;0;0;0;0;0;0;0;0;0;1483;0;0;89;0;60;0;
2815;2050015;1011351552;13774848;1091334144;0;0;0;0;0;0;0;0;0;0;0;1473;0;0;89;0;60;0;
2816;2244078;1011351552;13774848;1091334144;0;0;0;0;0;0;0;0;0;0;0;1292;0;0;89;0;60;0;
2817;1334022;1011351552;13774848;1091334144;0;0;0;0;0;0;0;0;0;0;0;1473;0;0;89;0;60;0;
2818;1340684;1011351552;13774848;1091334144;0;0;0;0;0;0;0;0;0;0;0;1473;0;0;89;0;60;0;
2819;1780048;1011351552;13774848;1091334144;0;0;0;0;0;0;0;0;0;0;0;1623;0;0;89;0;60;0;
2820;2108405;1011351552;13774848;1091334144;0;0;0;0;0;0;0;0;0;0;0;1423;0;0;89;0;60;0;
2821;1586465;1011351552;13774848;1091334144;0;0;0;0;0;0;0;0;0;0;0;1463;0;0;89;0;60;0;
2822;1568372;1011351552;13774848;1091334144;0;0;0;0;0;0;0;0;0;0;0;1253;0;0;89;0;60;0;
2823;2003807;1011351552;13774848;1091334144;0;0;0;0;0;0;0;0;0;0;0;1433;0;0;89;0;60;0;
2824;2153950;1011351552;13774848;1091334144;0;0;0;0;0;0;0;0;0;0;0;1203;0;0;89;0;60;0;
2825;1339181;1011351552;13774848;1091334144;0;0;0;0;0;0;0;0;0;0;0;1542;0;0;89;0;60;0;
2826;2190718;1011351552;13774848;1091334144;0;0;0;0;0;0;0;0;0;0;0;1483;0;0;89;0;60;0;
2827;1535119;1011351552;13774848;1091334144;0;0;0;0;0;0;0;0;0;0;0;1543;0;0;89;0;60;0;
2828;5341718;1011351552;13774848;1091334144;0;0;0;0;0;0;0;0;0;0;0;1393;0;0;89;0;60;0;
2829;3428219;1011351552;13778944;1091338240;0;0;0;0;0;0;0;0;0;0;0;1213;0;0;89;0;60;0;
2830;1823961;1011351552;13778944;1091338240;0;0;0;0;0;0;0;0;0;0;0;1433;0;0;89;0;60;0;
2831;1165436;1011351552;13778944;1091338240;0;0;0;0;0;0;0;0;0;0;0;1513;0;0;89;0;60;0;
2832;2006343;1011351552;13778944;1091338240;0;0;0;0;0;0;0;0;0;0;0;1282;0;0;89;0;60;0;
2833;2327485;1011351552;13778944;1091338240;0;0;0;0;0;0;0;0;0;0;0;28032;0;0;89;0;60;0;
2834;2513524;1011351552;13778944;1091338240;0;0;0;0;0;0;0;0;0;0;0;1453;0;0;89;0;60;0;
2835;1577048;1011351552;13778944;1091338240;0;0;0;0;0;0;0;0;0;0;0;1493;0;0;89;0;60;0;
2836;2480602;1011351552;13778944;1091338240;0;0;0;0;0;0;0;0;0;0;0;1473;0;0;89;0;60;0;
2837;2491793;1011351552;13778944;1091338240;0;0;0;0;0;0;0;0;0;0;0;1513;0;0;89;0;60;0;
2838;1486467;1011351552;13778944;1091338240;0;0;0;0;0;0;0;0;0;0;0;1583;0;0;89;0;60;0;
2839;1920672;1011351552;13778944;1091338240;0;0;0;0;0;0;0;0;0;0;0;1413;0;0;89;0;60;0;
2840;1411397;1011351552;13778944;1091338240;0;0;0;0;0;0;0;0;0;0;0;1433;0;0;89;0;60;0;
2841;3520512;1011351552;13778944;1091338240;0;0;0;0;0;0;0;0;0;0;0;1433;0;0;89;0;60;0;
2842;2511540;1011351552;13778944;1091338240;0;0;0;0;0;0;0;0;0;0;0;1553;0;0;89;0;60;0;
2843;2047651;1011351552;13778944;1091338240;0;0;0;0;0;0;0;0;0;0;0;1553;0;0;89;0;60;0;
2844;2458360;1011351552;13778944;1091338240;0;0;0;0;0;0;0;0;0;0;0;1512;0;0;89;0;60;0;
2845;3467202;1011351552;13778944;1091338240;0;0;0;0;0;0;0;0;0;0;0;1633;0;0;89;0;60;0;
2846;1905493;1011351552;13778944;1091338240;0;0;0;0;0;0;0;0;0;0;0;1543;0;0;89;0;60;0;
2847;1289439;1011351552;13778944;1091338240;0;0;0;0;0;0;0;0;0;0;0;1463;0;0;89;0;60;0;
2848;1200852;1011351552;13778944;1091338240;0;0;0;0;0;0;0;0;0;0;0;1432;0;0;89;0;60;0;
2849;4921089;1011351552;13778944;1091338240;0;0;0;0;0;0;0;0;0;0;0;1473;0;0;89;0;60;0;
2850;4145936;1010880512;13303808;1090863104;0;0;0;0;0;0;0;0;0;0;0;1563;0;0;89;0;60;0;
2851;2454333;1010880512;13303808;1090863104;0;0;0;0;0;0;0;0;0;0;0;1573;0;0;89;0;60;0;
2852;1626350;1010880512;13303808;1090863104;0;0;0;0;0;0;0;0;0;0;0;1453;0;0;89;0;60;0;
2853;2488026;1010880512;13303808;1090863104;0;0;0;0;0;0;0;0;0;0;0;1393;0;0;89;0;60;0;
2854;1959434;1010880512;13303808;1090863104;0;0;0;0;0;0;0;0;0;0;0;1603;0;0;89;0;60;0;
2855;1825604;1010880512;13303808;1090863104;0;0;0;0;0;0;0;0;0;0;0;1543;0;0;89;0;60;0;
2856;2342874;1010880512;13303808;1090863104;0;0;0;0;0;0;0;0;0;0;0;1483;0;0;89;0;60;0;
2857;3072742;1010880512;13303808;1090863104;0;0;0;0;0;0;0;0;0;0;0;1473;0;0;89;0;60;0;
2858;1985363;1010880512;13303808;1090863104;0;0;0;0;0;0;0;0;0;0;0;1773;0;0;89;0;60;0;
2859;1469055;1010880512;13303808;1090863104;0;0;0;0;0;0;0;0;0;0;0;67106;0;0;89;0;60;0;
2860;2140494;1010880512;13303808;1090863104;0;0;0;0;0;0;0;0;0;0;0;1242;0;0;89;0;60;0;
2861;2344818;1010880512;13303808;1090863104;0;0;0;0;0;0;0;0;0;0;0;1463;0;0;89;0;60;0;
2862;1870979;1010880512;13303808;1090863104;0;0;0;0;0;0;0;0;0;0;0;1442;0;0;89;0;60;0;
2863;2084078;1010880512;13303808;1090863104;0;0;0;0;0;0;0;0;0;0;0;1483;0;0;89;0;60;0;
2864;1528937;1010880512;13303808;1090863104;0;0;0;0;0;0;0;0;0;0;0;1573;0;0;89;0;60;0;
2865;2932440;1010880512;13303808;1090863104;0;0;0;0;0;0;0;0;0;0;0;1744;0;0;89;0;60;0;
2866;1583530;1010880512;13303808;1090863104;0;0;0;0;0;0;0;0;0;0;0;1723;0;0;89;0;60;0;
2867;1898610;1010880512;13303808;1090863104;0;0;0;0;0;0;0;0;0;0;0;1232;0;0;89;0;60;0;
2868;1609458;1010880512;13303808;1090863104;0;0;0;0;0;0;0;0;0;0;0;1422;0;0;89;0;60;0;
2869;6470023;1010880512;13303808;1090863104;0;0;0;0;0;0;0;0;0;0;0;3416;0;0;89;0;60;0;
2870;4513294;1010880512;13303808;1090863104;0;0;0;0;0;0;0;0;0;0;0;2254;0;0;89;0;60;0;
2871;2921649;1010880512;13303808;1090863104;0;0;0;0;0;0;0;0;0;0;0;2945;0;0;89;0;60;0;
2872;2487145;1010880512;13303808;1090863104;0;0;0;0;0;0;0;0;0;0;0;1814;0;0;89;0;60;0;
2873;2312236;1010880512;13303808;1090863104;0;0;0;0;0;0;0;0;0;0;0;1653;0;0;89;0;60;0;
2874;3206022;1010880512;13303808;1090863104;0;0;0;0;0;0;0;0;0;0;0;2024;0;0;89;0;60;0;
2875;2276560;1010880512;13303808;1090863104;0;0;0;0;0;0;0;0;0;0;0;1302;0;0;89;0;60;0;
2876;2257544;1010880512;13303808;1090863104;0;0;0;0;0;0;0;0;0;0;0;1403;0;0;89;0;60;0;
2877;2337143;1010880512;13303808;1090863104;0;0;0;0;0;0;0;0;0;0;0;1453;0;0;89;0;60;0;
2878;2450846;1010880512;13303808;1090863104;0;0;0;0;0;0;0;0;0;0;0;1773;0;0;89;0;60;0;
2879;2003437;1010880512;13303808;1090863104;0;0;0;0;0;0;0;0;0;0;0;1452;0;0;89;0;60;0;
2880;1704707;1010880512;13303808;1090863104;0;0;0;0;0;0;0;0;0;0;0;1863;0;0;89;0;60;0;
2881;2129704;1010880512;13303808;1090863104;0;0;0;0;0;0;0;0;0;0;0;1963;0;0;89;0;60;0;
2882;3180635;1010880512;13303808;1090863104;0;0;0;0;0;0;0;0;0;0;0;1393;0;0;89;0;60;0;
2883;3583811;1010880512;13303808;1090863104;0;0;0;0;0;0;0;0;0;0;0;1643;0;0;89;0;60;0;
2884;2836068;1010880512;13303808;1090863104;0;0;0;0;0;0;0;0;0;0;0;1313;0;0;89;0;60;0;
2885;1937052;1010880512;13303808;1090863104;0;0;0;0;0;0;0;0;0;0;0;1453;0;0;89;0;60;0;
2886;2289784;1010880512;13303808;1090863104;0;0;0;0;0;0;0;0;0;0;0;1402;0;0;89;0;60;0;
2887;1713553;1010880512;13303808;1090863104;0;0;0;0;0;0;0;0;0;0;0;1433;0;0;89;0;60;0;
2888;2022083;1010880512;13303808;1090863104;0;0;0;0;0;0;0;0;0;0;0;1203;0;0;89;0;60;0;
2889;2161043;1010880512;13303808;1090863104;0;0;0;0;0;0;0;0;0;0;0;1473;0;0;89;0;60;0;
2890;5960599;1010880512;13303808;1090863104;0;0;0;0;0;0;0;0;0;0;0;3366;0;0;89;0;60;0;
2891;5455962;1010880512;13303808;1090863104;0;0;0;0;0;0;0;0;0;0;0;1723;0;0;89;0;60;0;
2892;2520077;1010880512;13303808;1090863104;0;0;0;0;0;0;0;0;0;0;0;2776;0;0;89;0;60;0;
2893;2556475;1010880512;13303808;1090863104;0;0;0;0;0;0;0;0;0;0;0;1813;0;0;89;0;60;0;
2894;1923948;1010880512;13303808;1090863104;0;0;0;0;0;0;0;0;0;0;0;2285;0;0;89;0;60;0;
2895;2765316;1010880512;13303808;1090863104;0;0;0;0;0;0;0;0;0;0;0;1934;0;0;89;0;60;0;
2896;2282160;1010880512;13303808;1090863104;0;0;0;0;0;0;0;0;0;0;0;2094;0;0;89;0;60;0;
2897;2565501;1010880512;13303808;1090863104;0;0;0;0;0;0;0;0;0;0;0;1743;0;0;89;0;60;0;
2898;2498756;1010880512;13303808;1090863104;0;0;0;0;0;0;0;0;0;0;0;1653;0;0;89;0;60;0;
2899;3610862;1010880512;13303808;1090863104;0;0;0;0;0;0;0;0;0;0;0;1613;0;0;89;0;60;0;
2900;1810285;1010880512;13303808;1090863104;0;0;0;0;0;0;0;0;0;0;0;2084;0;0;89;0;60;0;
2901;1994260;1010880512;13303808;1090863104;0;0;0;0;0;0;0;0;0;0;0;1663;0;0;89;0;60;0;
2902;1171948;1010880512;13303808;1090863104;0;0;0;0;0;0;0;0;0;0;0;1633;0;0;89;0;60;0;
2903;3881940;1010880512;13303808;1090863104;0;0;0;0;0;0;0;0;0;0;0;2054;0;0;89;0;60;0;
2904;2143049;1010880512;13303808;1090863104;0;0;0;0;0;0;0;0;0;0;0;1522;0;0;89;0;60;0;
2905;1564795;1010880512;13303808;1090863104;0;0;0;0;0;0;0;0;0;0;0;1633;0;0;89;0;60;0;
2906;1600502;1010880512;13303808;1090863104;0;0;0;0;0;0;0;0;0;0;0;1432;0;0;89;0;60;0;
2907;2469291;1010880512;13303808;1090863104;0;0;0;0;0;0;0;0;0;0;0;3957;0;0;89;0;60;0;
2908;1010866;1010880512;13303808;1090863104;0;0;0;0;0;0;0;0;0;0;0;2144;0;0;89;0;60;0;
2909;1401558;1010880512;13303808;1090863104;0;0;0;0;0;0;0;0;0;0;0;1873;0;0;89;0;60;0;
2910;1238483;1010880512;13303808;1090863104;0;0;0;0;0;0;0;0;0;0;0;1533;0;0;89;0;60;0;
2911;5149136;1010880512;13303808;1090863104;0;0;0;0;0;0;0;0;0;0;0;3687;0;0;89;0;60;0;
2912;3484385;1010880512;13303808;1090863104;0;0;0;0;0;0;0;0;0;0;0;1834;0;0;89;0;60;0;
2913;1798974;1010880512;13303808;1090863104;0;0;0;0;0;0;0;0;0;0;0;1743;0;0;89;0;60;0;
2914;2330971;1010880512;13303808;1090863104;0;0;0;0;0;0;0;0;0;0;0;4238;0;0;89;0;60;0;
2915;1949025;1010880512;13303808;1090863104;0;0;0;0;0;0;0;0;0;0;0;1843;0;0;89;0;60;0;
2916;2034565;1010880512;13303808;1090863104;0;0;0;0;0;0;0;0;0;0;0;1453;0;0;89;0;60;0;
2917;1577248;1010880512;13303808;1090863104;0;0;0;0;0;0;0;0;0;0;0;1713;0;0;89;0;60;0;
2918;2119655;1010880512;13303808;1090863104;0;0;0;0;0;0;0;0;0;0;0;1402;0;0;89;0;60;0;
2919;2529965;1010880512;13303808;1090863104;0;0;0;0;0;0;0;0;0;0;0;1453;0;0;89;0;60;0;
2920;2651893;1010880512;13303808;1090863104;0;0;0;0;0;0;0;0;0;0;0;1483;0;0;89;0;60;0;
2921;1844479;1010880512;13303808;1090863104;0;0;0;0;0;0;0;0;0;0;0;1272;0;0;89;0;60;0;
2922;1315367;1010880512;13303808;1090863104;0;0;0;0;0;0;0;0;0;0;0;1393;0;0;89;0;60;0;
2923;1706721;1010880512;13303808;1090863104;0;0;0;0;0;0;0;0;0;0;0;1573;0;0;89;0;60;0;
2924;4441941;1010880512;13303808;1090863104;0;0;0;0;0;0;0;0;0;0;0;1753;0;0;89;0;60;0;
2925;1871470;1010880512;13303808;1090863104;0;0;0;0;0;0;0;0;0;0;0;1483;0;0;89;0;60;0;
2926;2094188;1010880512;13303808;1090863104;0;0;0;0;0;0;0;0;0;0;0;1473;0;0;89;0;60;0;
2927;1901587;1010880512;13303808;1090863104;0;0;0;0;0;0;0;0;0;0;0;1443;0;0;89;0;60;0;
2928;1906615;1010880512;13303808;1090863104;0;0;0;0;0;0;0;0;0;0;0;1714;0;0;89;0;60;0;
2929;1890505;1010880512;13303808;1090863104;0;0;0;0;0;0;0;0;0;0;0;1452;0;0;89;0;60;0;
2930;2347793;1010880512;13303808;1090863104;0;0;0;0;0;0;0;0;0;0;0;1463;0;0;89;0;60;0;
2931;1513909;1010880512;13303808;1090863104;0;0;0;0;0;0;0;0;0;0;0;1423;0;0;89;0;60;0;
2932;5484636;1010880512;13303808;1090863104;0;0;0;0;0;0;0;0;0;0;0;1563;0;0;89;0;60;0;
2933;2791826;1010880512;13303808;1090863104;0;0;0;0;0;0;0;0;0;0;0;1543;0;0;89;0;60;0;
2934;1962200;1010880512;13303808;1090863104;0;0;0;0;0;0;0;0;0;0;0;1643;0;0;89;0;60;0;
2935;2218251;1010880512;13303808;1090863104;0;0;0;0;0;0;0;0;0;0;0;1463;0;0;89;0;60;0;
2936;2134032;1010880512;13303808;1090863104;0;0;0;0;0;0;0;0;0;0;0;1372;0;0;89;0;60;0;
2937;3042737;1010880512;13303808;1090863104;0;0;0;0;0;0;0;0;0;0;0;1783;0;0;89;0;60;0;
2938;2038493;1010880512;13303808;1090863104;0;0;0;0;0;0;0;0;0;0;0;1413;0;0;89;0;60;0;
2939;967324;1010880512;13303808;1090863104;0;0;0;0;0;0;0;0;0;0;0;1403;0;0;89;0;60;0;
2940;2216617;1010880512;13303808;1090863104;0;0;0;0;0;0;0;0;0;0;0;1423;0;0;89;0;60;0;
2941;2404169;1010880512;13303808;1090863104;0;0;0;0;0;0;0;0;0;0;0;1503;0;0;89;0;60;0;
2942;2021461;1010880512;13303808;1090863104;0;0;0;0;0;0;0;0;0;0;0;1573;0;0;89;0;60;0;
2943;2236555;1010880512;13303808;1090863104;0;0;0;0;0;0;0;0;0;0;0;1703;0;0;89;0;60;0;
2944;1553623;1010880512;13303808;1090863104;0;0;0;0;0;0;0;0;0;0;0;59171;0;0;89;0;60;0;
2945;2342192;1010880512;13303808;1090863104;0;0;0;0;0;0;0;0;0;0;0;1573;0;0;89;0;60;0;
2946;1745404;1010880512;13303808;1090863104;0;0;0;0;0;0;0;0;0;0;0;1463;0;0;89;0;60;0;
2947;1981035;1010880512;13303808;1090863104;0;0;0;0;0;0;0;0;0;0;0;1492;0;0;89;0;60;0;
2948;1863665;1010880512;13303808;1090863104;0;0;0;0;0;0;0;0;0;0;0;1553;0;0;89;0;60;0;
2949;2263234;1010880512;13303808;1090863104;0;0;0;0;0;0;0;0;0;0;0;1462;0;0;89;0;60;0;
2950;1882971;1010880512;13303808;1090863104;0;0;0;0;0;0;0;0;0;0;0;1433;0;0;89;0;60;0;
2951;2287099;1010880512;13303808;1090863104;0;0;0;0;0;0;0;0;0;0;0;1402;0;0;89;0;60;0;
2952;2176913;1010880512;13303808;1090863104;0;0;0;0;0;0;0;0;0;0;0;1503;0;0;89;0;60;0;
2953;5147734;1010880512;13303808;1090863104;0;0;0;0;0;0;0;0;0;0;0;1603;0;0;89;0;60;0;
2954;3795789;1010880512;13303808;1090863104;0;0;0;0;0;0;0;0;0;0;0;1653;0;0;89;0;60;0;
2955;1672116;1010880512;13303808;1090863104;0;0;0;0;0;0;0;0;0;0;0;1723;0;0;89;0;60;0;
2956;1602485;1010880512;13303808;1090863104;0;0;0;0;0;0;0;0;0;0;0;1523;0;0;89;0;60;0;
2957;1770561;1010880512;13303808;1090863104;0;0;0;0;0;0;0;0;0;0;0;1443;0;0;89;0;60;0;
2958;1790789;1010880512;13303808;1090863104;0;0;0;0;0;0;0;0;0;0;0;1523;0;0;89;0;60;0;
2959;1700149;1010880512;13303808;1090863104;0;0;0;0;0;0;0;0;0;0;0;1443;0;0;89;0;60;0;
2960;1909221;1010880512;13303808;1090863104;0;0;0;0;0;0;0;0;0;0;0;1593;0;0;89;0;60;0;
2961;2529473;1010880512;13303808;1090863104;0;0;0;0;0;0;0;0;0;0;0;1452;0;0;89;0;60;0;
2962;2011973;1010880512;13303808;1090863104;0;0;0;0;0;0;0;0;0;0;0;1823;0;0;89;0;60;0;
2963;1690090;1010880512;13303808;1090863104;0;0;0;0;0;0;0;0;0;0;0;1503;0;0;89;0;60;0;
2964;1568232;1010880512;13303808;1090863104;0;0;0;0;0;0;0;0;0;0;0;1663;0;0;89;0;60;0;
2965;2488888;1010880512;13303808;1090863104;0;0;0;0;0;0;0;0;0;0;0;1433;0;0;89;0;60;0;
2966;1514260;1010880512;13303808;1090863104;0;0;0;0;0;0;0;0;0;0;0;1543;0;0;89;0;60;0;
2967;1462152;1010880512;13303808;1090863104;0;0;0;0;0;0;0;0;0;0;0;1523;0;0;89;0;60;0;
2968;1231149;1010880512;13303808;1090863104;0;0;0;0;0;0;0;0;0;0;0;1493;0;0;89;0;60;0;
2969;3329875;1010880512;13303808;1090863104;0;0;0;0;0;0;0;0;0;0;0;1713;0;0;89;0;60;0;
2970;2758042;1010880512;13303808;1090863104;0;0;0;0;0;0;0;0;0;0;0;1793;0;0;89;0;60;0;
2971;2034776;1010880512;13303808;1090863104;0;0;0;0;0;0;0;0;0;0;0;1763;0;0;89;0;60;0;
2972;1613717;1010880512;13303808;1090863104;0;0;0;0;0;0;0;0;0;0;0;1483;0;0;89;0;60;0;
2973;5428941;1010880512;13303808;1090863104;0;0;0;0;0;0;0;0;0;0;0;2455;0;0;89;0;60;0;
2974;3718083;1010880512;13303808;1090863104;0;0;0;0;0;0;0;0;0;0;0;1543;0;0;89;0;60;0;
2975;1225919;1010880512;13303808;1090863104;0;0;0;0;0;0;0;0;0;0;0;1483;0;0;89;0;60;0;
2976;1203857;1010880512;13303808;1090863104;0;0;0;0;0;0;0;0;0;0;0;1402;0;0;89;0;60;0;
2977;1795407;1010880512;13303808;1090863104;0;0;0;0;0;0;0;0;0;0;0;1433;0;0;89;0;60;0;
2978;1505493;1010880512;13303808;1090863104;0;0;0;0;0;0;0;0;0;0;0;1503;0;0;89;0;60;0;
2979;1444550;1010880512;13303808;1090863104;0;0;0;0;0;0;0;0;0;0;0;1503;0;0;89;0;60;0;
2980;1231539;1010880512;13303808;1090863104;0;0;0;0;0;0;0;0;0;0;0;1413;0;0;89;0;60;0;
2981;2382859;1010880512;13303808;1090863104;0;0;0;0;0;0;0;0;0;0;0;1633;0;0;89;0;60;0;
2982;1745774;1010880512;13303808;1090863104;0;0;0;0;0;0;0;0;0;0;0;1533;0;0;89;0;60;0;
2983;1438488;1010880512;13303808;1090863104;0;0;0;0;0;0;0;0;0;0;0;1482;0;0;89;0;60;0;
2984;1963773;1010880512;13303808;1090863104;0;0;0;0;0;0;0;0;0;0;0;1743;0;0;89;0;60;0;
2985;2021381;1010880512;13303808;1090863104;0;0;0;0;0;0;0;0;0;0;0;1853;0;0;89;0;60;0;
2986;1347847;1010880512;13303808;1090863104;0;0;0;0;0;0;0;0;0;0;0;1623;0;0;89;0;60;0;
2987;1726097;1010880512;13303808;1090863104;0;0;0;0;0;0;0;0;0;0;0;1683;0;0;89;0;60;0;
2988;1532815;1010880512;13303808;1090863104;0;0;0;0;0;0;0;0;0;0;0;1633;0;0;89;0;60;0;
2989;1934959;1010880512;13303808;1090863104;0;0;0;0;0;0;0;0;0;0;0;1493;0;0;89;0;60;0;
2990;1753118;1010880512;13303808;1090863104;0;0;0;0;0;0;0;0;0;0;0;1543;0;0;89;0;60;0;
2991;1651477;1010880512;13303808;1090863104;0;0;0;0;0;0;0;0;0;0;0;1452;0;0;89;0;60;0;
2992;1503109;1010880512;13303808;1090863104;0;0;0;0;0;0;0;0;0;0;0;1403;0;0;89;0;60;0;
2993;4940375;1010880512;13303808;1090863104;0;0;0;0;0;0;0;0;0;0;0;2074;0;0;89;0;60;0;
2994;2436840;1010880512;13303808;1090863104;0;0;0;0;0;0;0;0;0;0;0;1593;0;0;89;0;60;0;
2995;1936251;1010880512;13303808;1090863104;0;0;0;0;0;0;0;0;0;0;0;1644;0;0;89;0;60;0;
2996;1463474;1010880512;13303808;1090863104;0;0;0;0;0;0;0;0;0;0;0;1443;0;0;89;0;60;0;
2997;1743940;1010880512;13303808;1090863104;0;0;0;0;0;0;0;0;0;0;0;1412;0;0;89;0;60;0;
2998;3384567;1010880512;13303808;1090863104;0;0;0;0;0;0;0;0;0;0;0;1653;0;0;89;0;60;0;
2999;1759089;1010880512;13303808;1090863104;0;0;0;0;0;0;0;0;0;0;0;1563;0;0;89;0;60;0;
3000;1948705;1010880512;13303808;1090863104;0;0;0;0;0;0;0;0;0;0;0;1403;0;0;89;0;60;0;
3001;1817248;1010880512;13303808;1090863104;0;0;0;0;0;0;0;0;0;0;0;1422;0;0;89;0;60;0;
3002;3320367;1010880512;13303808;1090863104;0;0;0;0;0;0;0;0;0;0;0;1593;0;0;89;0;60;0;
3003;2026170;1010880512;13303808;1090863104;0;0;0;0;0;0;0;0;0;0;0;1633;0;0;89;0;60;0;
3004;2251803;1010880512;13303808;1090863104;0;0;0;0;0;0;0;0;0;0;0;1433;0;0;89;0;60;0;
3005;1741065;1010880512;13303808;1090863104;0;0;0;0;0;0;0;0;0;0;0;1272;0;0;89;0;60;0;
3006;2350858;1010880512;13303808;1090863104;0;0;0;0;0;0;0;0;0;0;0;1432;0;0;89;0;60;0;
3007;1501797;1010880512;13303808;1090863104;0;0;0;0;0;0;0;0;0;0;0;1452;0;0;89;0;60;0;
3008;1641599;1010880512;13303808;1090863104;0;0;0;0;0;0;0;0;0;0;0;1412;0;0;89;0;60;0;
3009;1859807;1010880512;13303808;1090863104;0;0;0;0;0;0;0;0;0;0;0;1493;0;0;89;0;60;0;
3010;1925651;1010880512;13303808;1090863104;0;0;0;0;0;0;0;0;0;0;0;1563;0;0;89;0;60;0;
3011;1232521;1010880512;13303808;1090863104;0;0;0;0;0;0;0;0;0;0;0;1513;0;0;89;0;60;0;
3012;2172204;1010880512;13303808;1090863104;0;0;0;0;0;0;0;0;0;0;0;1393;0;0;89;0;60;0;
3013;1702763;1010880512;13303808;1090863104;0;0;0;0;0;0;0;0;0;0;0;1432;0;0;89;0;60;0;
3014;10819931;1010880512;13303808;1090863104;0;0;0;0;0;0;0;0;0;0;0;51837;0;0;89;0;60;0;
3015;2757331;1010880512;13303808;1090863104;0;0;0;0;0;0;0;0;0;0;0;1452;0;0;89;0;60;0;
3016;1939527;1010880512;13303808;1090863104;0;0;0;0;0;0;0;0;0;0;0;1633;0;0;89;0;60;0;
3017;2089508;1010880512;13303808;1090863104;0;0;0;0;0;0;0;0;0;0;0;1493;0;0;89;0;60;0;
3018;1390167;1010880512;13303808;1090863104;0;0;0;0;0;0;0;0;0;0;0;1423;0;0;89;0;60;0;
3019;2204835;1010880512;13303808;1090863104;0;0;0;0;0;0;0;0;0;0;0;1773;0;0;89;0;60;0;
3020;1670633;1010880512;13303808;1090863104;0;0;0;0;0;0;0;0;0;0;0;1453;0;0;89;0;60;0;
3021;1765461;1010880512;13303808;1090863104;0;0;0;0;0;0;0;0;0;0;0;1683;0;0;89;0;60;0;
3022;1687314;1010880512;13303808;1090863104;0;0;0;0;0;0;0;0;0;0;0;1643;0;0;89;0;60;0;
3023;3049599;1010880512;13303808;1090863104;0;0;0;0;0;0;0;0;0;0;0;1493;0;0;89;0;60;0;
3024;1975935;1010880512;13303808;1090863104;0;0;0;0;0;0;0;0;0;0;0;1583;0;0;89;0;60;0;
3025;1910112;1010880512;13303808;1090863104;0;0;0;0;0;0;0;0;0;0;0;1833;0;0;89;0;60;0;
3026;2613361;1010880512;13303808;1090863104;0;0;0;0;0;0;0;0;0;0;0;1533;0;0;89;0;60;0;
3027;3122426;1010880512;13303808;1090863104;0;0;0;0;0;0;0;0;0;0;0;1793;0;0;89;0;60;0;
3028;2172725;1010880512;13303808;1090863104;0;0;0;0;0;0;0;0;0;0;0;1453;0;0;89;0;60;0;
3029;1752948;1010880512;13303808;1090863104;0;0;0;0;0;0;0;0;0;0;0;1623;0;0;89;0;60;0;
3030;2030648;1010880512;13303808;1090863104;0;0;0;0;0;0;0;0;0;0;0;1533;0;0;89;0;60;0;
3031;2429105;1010880512;13303808;1090863104;0;0;0;0;0;0;0;0;0;0;0;1803;0;0;89;0;60;0;
3032;1884905;1010880512;13303808;1090863104;0;0;0;0;0;0;0;0;0;0;0;1623;0;0;89;0;60;0;
3033;1892639;1010880512;13303808;1090863104;0;0;0;0;0;0;0;0;0;0;0;1382;0;0;89;0;60;0;
3034;2325582;1010880512;13303808;1090863104;0;0;0;0;0;0;0;0;0;0;0;2013;0;0;89;0;60;0;
3035;6811364;1010880512;13303808;1090863104;0;0;0;0;0;0;0;0;0;0;0;4108;0;0;89;0;60;0;
3036;4848773;1011146752;18780160;1096339456;0;0;0;0;0;0;0;0;0;0;0;1502;0;0;89;0;60;0;
3037;2355478;1011146752;18780160;1096339456;0;0;0;0;0;0;0;0;0;0;0;1663;0;0;89;0;60;0;
3038;2165241;1011146752;18780160;1096339456;0;0;0;0;0;0;0;0;0;0;0;1463;0;0;89;0;60;0;
3039;2344647;1011146752;18780160;1096339456;0;0;0;0;0;0;0;0;0;0;0;1442;0;0;89;0;60;0;
3040;2590077;1011146752;18780160;1096339456;0;0;0;0;0;0;0;0;0;0;0;1453;0;0;89;0;60;0;
3041;2100960;1011146752;18780160;1096339456;0;0;0;0;0;0;0;0;0;0;0;1513;0;0;89;0;60;0;
3042;2461807;1011146752;18780160;1096339456;0;0;0;0;0;0;0;0;0;0;0;1522;0;0;89;0;60;0;
3043;2878278;1011146752;18780160;1096339456;0;0;0;0;0;0;0;0;0;0;0;1403;0;0;89;0;60;0;
3044;3112177;1011146752;18780160;1096339456;0;0;0;0;0;0;0;0;0;0;0;80070;0;0;89;0;60;0;
3045;1941982;1011146752;18780160;1096339456;0;0;0;0;0;0;0;0;0;0;0;1924;0;0;89;0;60;0;
3046;1811728;1011146752;18780160;1096339456;0;0;0;0;0;0;0;0;0;0;0;1512;0;0;89;0;60;0;
3047;1750343;1011146752;18780160;1096339456;0;0;0;0;0;0;0;0;0;0;0;1643;0;0;89;0;60;0;
3048;3667047;1011146752;18780160;1096339456;0;0;0;0;0;0;0;0;0;0;0;1824;0;0;89;0;60;0;
3049;1649183;1011146752;18780160;1096339456;0;0;0;0;0;0;0;0;0;0;0;1513;0;0;89;0;60;0;
3050;1827788;1011146752;18780160;1096339456;0;0;0;0;0;0;0;0;0;0;0;1473;0;0;89;0;60;0;
3051;2154971;1011146752;18780160;1096339456;0;0;0;0;0;0;0;0;0;0;0;1463;0;0;89;0;60;0;
3052;3531543;1011146752;18780160;1096339456;0;0;0;0;0;0;0;0;0;0;0;1223;0;0;89;0;60;0;
3053;2591720;1011146752;18780160;1096339456;0;0;0;0;0;0;0;0;0;0;0;1743;0;0;89;0;60;0;
3054;1858215;1011146752;18780160;1096339456;0;0;0;0;0;0;0;0;0;0;0;1633;0;0;89;0;60;0;
3055;2227688;1011146752;18780160;1096339456;0;0;0;0;0;0;0;0;0;0;0;1253;0;0;89;0;60;0;
3056;6355409;1011146752;18780160;1096339456;0;0;0;0;0;0;0;0;0;0;0;6272;0;0;89;0;60;0;
3057;4964450;1011146752;18780160;1096339456;0;0;0;0;0;0;0;0;0;0;0;2435;0;0;89;0;60;0;
3058;1954907;1011146752;18780160;1096339456;0;0;0;0;0;0;0;0;0;0;0;1724;0;0;89;0;60;0;
3059;1734833;1011146752;18780160;1096339456;0;0;0;0;0;0;0;0;0;0;0;1282;0;0;89;0;60;0;
3060;2883157;1011146752;18780160;1096339456;0;0;0;0;0;0;0;0;0;0;0;1573;0;0;89;0;60;0;
3061;3670564;1011146752;18780160;1096339456;0;0;0;0;0;0;0;0;0;0;0;1402;0;0;89;0;60;0;
3062;2439776;1011146752;18780160;1096339456;0;0;0;0;0;0;0;0;0;0;0;1483;0;0;89;0;60;0;
3063;2626436;1011146752;18780160;1096339456;0;0;0;0;0;0;0;0;0;0;0;1232;0;0;89;0;60;0;
3064;2250601;1011146752;18780160;1096339456;0;0;0;0;0;0;0;0;0;0;0;1593;0;0;89;0;60;0;
3065;3082300;1011146752;18780160;1096339456;0;0;0;0;0;0;0;0;0;0;0;1443;0;0;89;0;60;0;
3066;1985082;1011146752;18780160;1096339456;0;0;0;0;0;0;0;0;0;0;0;1202;0;0;89;0;60;0;
3067;1328021;1011146752;18780160;1096339456;0;0;0;0;0;0;0;0;0;0;0;1453;0;0;89;0;60;0;
3068;1391099;1011146752;18780160;1096339456;0;0;0;0;0;0;0;0;0;0;0;1403;0;0;89;0;60;0;
3069;2915638;1011146752;18780160;1096339456;0;0;0;0;0;0;0;0;0;0;0;1653;0;0;89;0;60;0;
3070;2486703;1011146752;18780160;1096339456;0;0;0;0;0;0;0;0;0;0;0;1873;0;0;89;0;60;0;
3071;2297288;1011146752;18780160;1096339456;0;0;0;0;0;0;0;0;0;0;0;1553;0;0;89;0;60;0;
3072;2343505;1011146752;18780160;1096339456;0;0;0;0;0;0;0;0;0;0;0;1833;0;0;89;0;60;0;
3073;4427694;1011146752;18780160;1096339456;0;0;0;0;0;0;0;0;0;0;0;6432;0;0;89;0;60;0;
3074;2076644;1011146752;18780160;1096339456;0;0;0;0;0;0;0;0;0;0;0;1373;0;0;89;0;60;0;
3075;1899483;1011146752;18780160;1096339456;0;0;0;0;0;0;0;0;0;0;0;1393;0;0;89;0;60;0;
3076;2128762;1011146752;18780160;1096339456;0;0;0;0;0;0;0;0;0;0;0;1453;0;0;89;0;60;0;
3077;6354628;1011146752;18780160;1096339456;0;0;0;0;0;0;0;0;0;0;0;4028;0;0;89;0;60;0;
3078;4640713;1011146752;18780160;1096339456;0;0;0;0;0;0;0;0;0;0;0;2134;0;0;89;0;60;0;
3079;3203097;1011146752;18780160;1096339456;0;0;0;0;0;0;0;0;0;0;0;2575;0;0;89;0;60;0;
3080;2398558;1011146752;18780160;1096339456;0;0;0;0;0;0;0;0;0;0;0;1673;0;0;89;0;60;0;
3081;2080932;1011146752;18780160;1096339456;0;0;0;0;0;0;0;0;0;0;0;1563;0;0;89;0;60;0;
3082;2743855;1011146752;18780160;1096339456;0;0;0;0;0;0;0;0;0;0;0;1764;0;0;89;0;60;0;
3083;1792692;1011146752;18780160;1096339456;0;0;0;0;0;0;0;0;0;0;0;1733;0;0;89;0;60;0;
3084;3741837;1011146752;18780160;1096339456;0;0;0;0;0;0;0;0;0;0;0;1703;0;0;89;0;60;0;
3085;2203673;1011146752;18780160;1096339456;0;0;0;0;0;0;0;0;0;0;0;1783;0;0;89;0;60;0;
3086;2355828;1010892800;13303808;1090863104;0;0;0;0;0;0;0;0;0;0;0;1603;0;0;89;0;60;0;
3087;1749792;1010892800;13303808;1090863104;0;0;0;0;0;0;0;0;0;0;0;1903;0;0;89;0;60;0;
3088;2083678;1010892800;13303808;1090863104;0;0;0;0;0;0;0;0;0;0;0;1793;0;0;89;0;60;0;
3089;1896006;1010892800;13303808;1090863104;0;0;0;0;0;0;0;0;0;0;0;1733;0;0;89;0;60;0;
3090;2761779;1010892800;13303808;1090863104;0;0;0;0;0;0;0;0;0;0;0;1623;0;0;89;0;60;0;
3091;2212780;1010892800;13303808;1090863104;0;0;0;0;0;0;0;0;0;0;0;1673;0;0;89;0;60;0;
3092;2058490;1010892800;13303808;1090863104;0;0;0;0;0;0;0;0;0;0;0;1743;0;0;89;0;60;0;
3093;2022152;1010892800;13303808;1090863104;0;0;0;0;0;0;0;0;0;0;0;1573;0;0;89;0;60;0;
3094;2892204;1010892800;13303808;1090863104;0;0;0;0;0;0;0;0;0;0;0;1643;0;0;89;0;60;0;
3095;1954005;1010892800;13303808;1090863104;0;0;0;0;0;0;0;0;0;0;0;1613;0;0;89;0;60;0;
3096;1807811;1010892800;13303808;1090863104;0;0;0;0;0;0;0;0;0;0;0;1703;0;0;89;0;60;0;
3097;1734152;1010892800;13303808;1090863104;0;0;0;0;0;0;0;0;0;0;0;1383;0;0;89;0;60;0;
3098;4388770;1010892800;13303808;1090863104;0;0;0;0;0;0;0;0;0;0;0;2034;0;0;89;0;60;0;
3099;2782538;1010892800;13303808;1090863104;0;0;0;0;0;0;0;0;0;0;0;1282;0;0;89;0;60;0;
3100;1690951;1010892800;13303808;1090863104;0;0;0;0;0;0;0;0;0;0;0;1673;0;0;89;0;60;0;
3101;1810255;1010892800;13303808;1090863104;0;0;0;0;0;0;0;0;0;0;0;1913;0;0;89;0;60;0;
3102;1898611;1010892800;13303808;1090863104;0;0;0;0;0;0;0;0;0;0;0;1854;0;0;89;0;60;0;
3103;1924328;1010892800;13303808;1090863104;0;0;0;0;0;0;0;0;0;0;0;1613;0;0;89;0;60;0;
3104;1998628;1010892800;13303808;1090863104;0;0;0;0;0;0;0;0;0;0;0;1904;0;0;89;0;60;0;
3105;1536843;1010892800;13303808;1090863104;0;0;0;0;0;0;0;0;0;0;0;1252;0;0;89;0;60;0;
3106;1874235;1010892800;13303808;1090863104;0;0;0;0;0;0;0;0;0;0;0;1824;0;0;89;0;60;0;
3107;1229456;1010892800;13303808;1090863104;0;0;0;0;0;0;0;0;0;0;0;1483;0;0;89;0;60;0;
3108;1193959;1010892800;13303808;1090863104;0;0;0;0;0;0;0;0;0;0;0;1573;0;0;89;0;60;0;
3109;1156448;1010892800;13303808;1090863104;0;0;0;0;0;0;0;0;0;0;0;1563;0;0;89;0;60;0;
3110;1916735;1010892800;13303808;1090863104;0;0;0;0;0;0;0;0;0;0;0;1834;0;0;89;0;60;0;
3111;1604329;1010892800;13303808;1090863104;0;0;0;0;0;0;0;0;0;0;0;1813;0;0;89;0;60;0;
3112;1900594;1010892800;13303808;1090863104;0;0;0;0;0;0;0;0;0;0;0;1993;0;0;89;0;60;0;
3113;2450345;1010892800;13303808;1090863104;0;0;0;0;0;0;0;0;0;0;0;1704;0;0;89;0;60;0;
3114;2515849;1010892800;13303808;1090863104;0;0;0;0;0;0;0;0;0;0;0;1603;0;0;89;0;60;0;
3115;1812208;1010892800;13303808;1090863104;0;0;0;0;0;0;0;0;0;0;0;1753;0;0;89;0;60;0;
3116;2081343;1010892800;13303808;1090863104;0;0;0;0;0;0;0;0;0;0;0;1663;0;0;89;0;60;0;
3117;1383335;1010892800;13303808;1090863104;0;0;0;0;0;0;0;0;0;0;0;1934;0;0;89;0;60;0;
3118;5193550;1010892800;13303808;1090863104;0;0;0;0;0;0;0;0;0;0;0;2715;0;0;89;0;60;0;
3119;4288492;1010892800;13303808;1090863104;0;0;0;0;0;0;0;0;0;0;0;1744;0;0;89;0;60;0;
3120;2227477;1010892800;13303808;1090863104;0;0;0;0;0;0;0;0;0;0;0;1463;0;0;89;0;60;0;
3121;1619287;1010892800;13303808;1090863104;0;0;0;0;0;0;0;0;0;0;0;1923;0;0;89;0;60;0;
3122;2117371;1010892800;13303808;1090863104;0;0;0;0;0;0;0;0;0;0;0;1463;0;0;89;0;60;0;
3123;2285336;1010892800;13303808;1090863104;0;0;0;0;0;0;0;0;0;0;0;1684;0;0;89;0;60;0;
3124;1070648;1010892800;13303808;1090863104;0;0;0;0;0;0;0;0;0;0;0;1533;0;0;89;0;60;0;
3125;2478408;1010892800;13303808;1090863104;0;0;0;0;0;0;0;0;0;0;0;1623;0;0;89;0;60;0;
3126;1585614;1010892800;13303808;1090863104;0;0;0;0;0;0;0;0;0;0;0;1413;0;0;89;0;60;0;
3127;1576737;1010892800;13303808;1090863104;0;0;0;0;0;0;0;0;0;0;0;1814;0;0;89;0;60;0;
3128;1994540;1010892800;13303808;1090863104;0;0;0;0;0;0;0;0;0;0;0;1823;0;0;89;0;60;0;
3129;1924530;1010892800;13303808;1090863104;0;0;0;0;0;0;0;0;0;0;0;1553;0;0;89;0;60;0;
3130;1957902;1010892800;13303808;1090863104;0;0;0;0;0;0;0;0;0;0;0;1703;0;0;89;0;60;0;
3131;2861827;1010892800;13303808;1090863104;0;0;0;0;0;0;0;0;0;0;0;2134;0;0;89;0;60;0;
3132;2183244;1010892800;13303808;1090863104;0;0;0;0;0;0;0;0;0;0;0;1793;0;0;89;0;60;0;
3133;1373186;1010892800;13303808;1090863104;0;0;0;0;0;0;0;0;0;0;0;1392;0;0;89;0;60;0;
3134;1795127;1010892800;13303808;1090863104;0;0;0;0;0;0;0;0;0;0;0;53660;0;0;89;0;60;0;
3135;2106400;1010892800;13303808;1090863104;0;0;0;0;0;0;0;0;0;0;0;1532;0;0;89;0;60;0;
3136;1425293;1010892800;13303808;1090863104;0;0;0;0;0;0;0;0;0;0;0;1874;0;0;89;0;60;0;
3137;1144597;1010892800;13303808;1090863104;0;0;0;0;0;0;0;0;0;0;0;1542;0;0;89;0;60;0;
3138;1254343;1010892800;13303808;1090863104;0;0;0;0;0;0;0;0;0;0;0;1483;0;0;89;0;60;0;
3139;5236220;1010892800;13303808;1090863104;0;0;0;0;0;0;0;0;0;0;0;1493;0;0;89;0;60;0;
3140;2633178;1011159040;18780160;1096339456;0;0;0;0;0;0;0;0;0;0;0;1543;0;0;89;0;60;0;
3141;1382413;1011159040;18780160;1096339456;0;0;0;0;0;0;0;0;0;0;0;2534;0;0;89;0;61;0;
3142;2398528;1011159040;18780160;1096339456;0;0;0;0;0;0;0;0;0;0;0;1483;0;0;89;0;61;0;
3143;1645376;1011159040;18780160;1096339456;0;0;0;0;0;0;0;0;0;0;0;1343;0;0;89;0;61;0;
3144;2178836;1011159040;18780160;1096339456;0;0;0;0;0;0;0;0;0;0;0;1563;0;0;89;0;61;0;
3145;1284389;1011159040;18780160;1096339456;0;0;0;0;0;0;0;0;0;0;0;1452;0;0;89;0;61;0;
3146;1149586;1011159040;18780160;1096339456;0;0;0;0;0;0;0;0;0;0;0;1663;0;0;89;0;61;0;
3147;1923757;1011159040;18780160;1096339456;0;0;0;0;0;0;0;0;0;0;0;1443;0;0;89;0;61;0;
3148;2658746;1011159040;18780160;1096339456;0;0;0;0;0;0;0;0;0;0;0;1433;0;0;89;0;61;0;
3149;2400642;1011159040;18780160;1096339456;0;0;0;0;0;0;0;0;0;0;0;1563;0;0;89;0;61;0;
3150;1355081;1011159040;18780160;1096339456;0;0;0;0;0;0;0;0;0;0;0;1483;0;0;89;0;61;0;
3151;1138605;1011159040;18780160;1096339456;0;0;0;0;0;0;0;0;0;0;0;1493;0;0;89;0;61;0;
3152;2145594;1011159040;18780160;1096339456;0;0;0;0;0;0;0;0;0;0;0;1673;0;0;89;0;61;0;
3153;1520692;1011159040;18780160;1096339456;0;0;0;0;0;0;0;0;0;0;0;1483;0;0;89;0;61;0;
3154;1792652;1011159040;18780160;1096339456;0;0;0;0;0;0;0;0;0;0;0;2024;0;0;89;0;61;0;
3155;1516043;1011159040;18780160;1096339456;0;0;0;0;0;0;0;0;0;0;0;1453;0;0;89;0;61;0;
3156;1656697;1011159040;18780160;1096339456;0;0;0;0;0;0;0;0;0;0;0;1392;0;0;89;0;61;0;
3157;1551289;1011159040;18780160;1096339456;0;0;0;0;0;0;0;0;0;0;0;1633;0;0;89;0;61;0;
3158;1619126;1011159040;18780160;1096339456;0;0;0;0;0;0;0;0;0;0;0;1463;0;0;89;0;61;0;
3159;1217012;1011159040;18780160;1096339456;0;0;0;0;0;0;0;0;0;0;0;1453;0;0;89;0;61;0;
3160;5082442;1011159040;18780160;1096339456;0;0;0;0;0;0;0;0;0;0;0;1833;0;0;89;0;61;0;
3161;2647134;1011159040;18780160;1096339456;0;0;0;0;0;0;0;0;0;0;0;1493;0;0;89;0;61;0;
3162;1405967;1011159040;18780160;1096339456;0;0;0;0;0;0;0;0;0;0;0;1583;0;0;89;0;61;0;
3163;1956209;1011159040;18780160;1096339456;0;0;0;0;0;0;0;0;0;0;0;1433;0;0;89;0;61;0;
3164;1547823;1011159040;18780160;1096339456;0;0;0;0;0;0;0;0;0;0;0;1473;0;0;89;0;61;0;
3165;2323066;1011159040;18780160;1096339456;0;0;0;0;0;0;0;0;0;0;0;1643;0;0;89;0;61;0;
3166;1035813;1011159040;18780160;1096339456;0;0;0;0;0;0;0;0;0;0;0;1563;0;0;89;0;61;0;
3167;1573541;1011159040;18780160;1096339456;0;0;0;0;0;0;0;0;0;0;0;1433;0;0;89;0;61;0;
3168;1352166;1011159040;18780160;1096339456;0;0;0;0;0;0;0;0;0;0;0;1443;0;0;89;0;61;0;
3169;2501752;1011159040;18780160;1096339456;0;0;0;0;0;0;0;0;0;0;0;1462;0;0;89;0;61;0;
3170;1529990;1011159040;18780160;1096339456;0;0;0;0;0;0;0;0;0;0;0;1452;0;0;89;0;61;0;
3171;1505303;1011159040;18780160;1096339456;0;0;0;0;0;0;0;0;0;0;0;1603;0;0;89;0;61;0;
3172;1592076;1011159040;18780160;1096339456;0;0;0;0;0;0;0;0;0;0;0;1473;0;0;89;0;61;0;
3173;1783534;1011159040;18780160;1096339456;0;0;0;0;0;0;0;0;0;0;0;1483;0;0;89;0;61;0;
3174;1495114;1011159040;18780160;1096339456;0;0;0;0;0;0;0;0;0;0;0;1563;0;0;89;0;61;0;
3175;2159470;1011159040;18780160;1096339456;0;0;0;0;0;0;0;0;0;0;0;1523;0;0;89;0;61;0;
3176;1520211;1011159040;18780160;1096339456;0;0;0;0;0;0;0;0;0;0;0;1413;0;0;89;0;61;0;
3177;1941912;1011159040;18780160;1096339456;0;0;0;0;0;0;0;0;0;0;0;1493;0;0;89;0;61;0;
3178;1557180;1011159040;18780160;1096339456;0;0;0;0;0;0;0;0;0;0;0;1443;0;0;89;0;61;0;
3179;1240155;1011159040;18780160;1096339456;0;0;0;0;0;0;0;0;0;0;0;1543;0;0;89;0;61;0;
3180;1084063;1011159040;18780160;1096339456;0;0;0;0;0;0;0;0;0;0;0;1422;0;0;89;0;61;0;
3181;4744598;1011159040;18780160;1096339456;0;0;0;0;0;0;0;0;0;0;0;1583;0;0;89;0;61;0;
3182;2030648;1011159040;18780160;1096339456;0;0;0;0;0;0;0;0;0;0;0;1804;0;0;89;0;61;0;
3183;1039980;1011159040;18780160;1096339456;0;0;0;0;0;0;0;0;0;0;0;1553;0;0;89;0;61;0;
3184;1370640;1011159040;18780160;1096339456;0;0;0;0;0;0;0;0;0;0;0;1293;0;0;89;0;61;0;
3185;2252113;1011159040;18780160;1096339456;0;0;0;0;0;0;0;0;0;0;0;1423;0;0;89;0;61;0;
3186;1771813;1011159040;18780160;1096339456;0;0;0;0;0;0;0;0;0;0;0;1482;0;0;89;0;61;0;
3187;1799625;1011159040;18780160;1096339456;0;0;0;0;0;0;0;0;0;0;0;1553;0;0;89;0;61;0;
3188;1524238;1011159040;18780160;1096339456;0;0;0;0;0;0;0;0;0;0;0;1473;0;0;89;0;61;0;
3189;2380174;1010892800;13303808;1090863104;0;0;0;0;0;0;0;0;0;0;0;1824;0;0;89;0;61;0;
3190;2027482;1010892800;13303808;1090863104;0;0;0;0;0;0;0;0;0;0;0;1473;0;0;89;0;61;0;
3191;1839359;1010892800;13303808;1090863104;0;0;0;0;0;0;0;0;0;0;0;1713;0;0;89;0;61;0;
3192;2013546;1010892800;13303808;1090863104;0;0;0;0;0;0;0;0;0;0;0;1443;0;0;89;0;61;0;
3193;2402496;1010892800;13303808;1090863104;0;0;0;0;0;0;0;0;0;0;0;1483;0;0;89;0;61;0;
3194;2006433;1010892800;13303808;1090863104;0;0;0;0;0;0;0;0;0;0;0;1813;0;0;89;0;61;0;
3195;1899422;1010892800;13303808;1090863104;0;0;0;0;0;0;0;0;0;0;0;2364;0;0;89;0;62;0;
3196;1689429;1010892800;13303808;1090863104;0;0;0;0;0;0;0;0;0;0;0;1653;0;0;89;0;62;0;
3197;2221116;1010892800;13303808;1090863104;0;0;0;0;0;0;0;0;0;0;0;1673;0;0;89;0;62;0;
3198;2193223;1010892800;13303808;1090863104;0;0;0;0;0;0;0;0;0;0;0;1523;0;0;89;0;62;0;
3199;1332799;1010892800;13303808;1090863104;0;0;0;0;0;0;0;0;0;0;0;1432;0;0;89;0;62;0;
3200;1460148;1010892800;13303808;1090863104;0;0;0;0;0;0;0;0;0;0;0;1432;0;0;89;0;62;0;
3201;4459383;1010892800;13303808;1090863104;0;0;0;0;0;0;0;0;0;0;0;1833;0;0;89;0;62;0;
3202;3004314;1010892800;13303808;1090863104;0;0;0;0;0;0;0;0;0;0;0;1563;0;0;89;0;62;0;
3203;2262684;1010892800;13303808;1090863104;0;0;0;0;0;0;0;0;0;0;0;1563;0;0;89;0;62;0;
3204;2237036;1010892800;13303808;1090863104;0;0;0;0;0;0;0;0;0;0;0;1512;0;0;89;0;62;0;
3205;2137749;1010892800;13303808;1090863104;0;0;0;0;0;0;0;0;0;0;0;1473;0;0;89;0;62;0;
3206;1884925;1010892800;13303808;1090863104;0;0;0;0;0;0;0;0;0;0;0;1462;0;0;89;0;62;0;
3207;1766383;1010892800;13303808;1090863104;0;0;0;0;0;0;0;0;0;0;0;1462;0;0;89;0;62;0;
3208;1790879;1010892800;13303808;1090863104;0;0;0;0;0;0;0;0;0;0;0;1413;0;0;89;0;62;0;
3209;2987222;1010892800;13303808;1090863104;0;0;0;0;0;0;0;0;0;0;0;1372;0;0;89;0;62;0;
3210;1659342;1010892800;13303808;1090863104;0;0;0;0;0;0;0;0;0;0;0;1442;0;0;89;0;62;0;
3211;1571948;1010892800;13303808;1090863104;0;0;0;0;0;0;0;0;0;0;0;1423;0;0;89;0;62;0;
3212;1776702;1010892800;13303808;1090863104;0;0;0;0;0;0;0;0;0;0;0;1503;0;0;89;0;62;0;
3213;3037076;1010892800;13303808;1090863104;0;0;0;0;0;0;0;0;0;0;0;1673;0;0;89;0;62;0;
3214;1708935;1010892800;13303808;1090863104;0;0;0;0;0;0;0;0;0;0;0;1533;0;0;89;0;62;0;
3215;2200367;1010892800;13303808;1090863104;0;0;0;0;0;0;0;0;0;0;0;1383;0;0;89;0;62;0;
3216;1393003;1010892800;13303808;1090863104;0;0;0;0;0;0;0;0;0;0;0;1473;0;0;89;0;62;0;
3217;2808317;1010892800;13303808;1090863104;0;0;0;0;0;0;0;0;0;0;0;1403;0;0;89;0;62;0;
3218;2040698;1010892800;13303808;1090863104;0;0;0;0;0;0;0;0;0;0;0;2335;0;0;89;0;63;0;
3219;1131241;1010892800;13303808;1090863104;0;0;0;0;0;0;0;0;0;0;0;1433;0;0;89;0;63;0;
3220;1366293;1010892800;13303808;1090863104;0;0;0;0;0;0;0;0;0;0;0;1412;0;0;89;0;63;0;
3221;5311351;1010892800;13303808;1090863104;0;0;0;0;0;0;0;0;0;0;0;1654;0;0;89;0;63;0;
3222;3278178;1010892800;13303808;1090863104;0;0;0;0;0;0;0;0;0;0;0;1422;0;0;89;0;63;0;
3223;1711019;1010892800;13303808;1090863104;0;0;0;0;0;0;0;0;0;0;0;1453;0;0;89;0;63;0;
3224;1524489;1010892800;13303808;1090863104;0;0;0;0;0;0;0;0;0;0;0;1503;0;0;89;0;63;0;
3225;2751690;1010892800;13303808;1090863104;0;0;0;0;0;0;0;0;0;0;0;2094;0;0;89;0;64;0;
3226;1541521;1010892800;13303808;1090863104;0;0;0;0;0;0;0;0;0;0;0;1402;0;0;89;0;64;0;
3227;1599279;1010892800;13303808;1090863104;0;0;0;0;0;0;0;0;0;0;0;1383;0;0;89;0;64;0;
3228;2326813;1010892800;13303808;1090863104;0;0;0;0;0;0;0;0;0;0;0;1573;0;0;89;0;64;0;
3229;1468704;1010892800;13303808;1090863104;0;0;0;0;0;0;0;0;0;0;0;1533;0;0;89;0;64;0;
3230;2437862;1010892800;13303808;1090863104;0;0;0;0;0;0;0;0;0;0;0;1493;0;0;89;0;64;0;
3231;2164229;1010892800;13303808;1090863104;0;0;0;0;0;0;0;0;0;0;0;1763;0;0;89;0;64;0;
3232;2370896;1010892800;13303808;1090863104;0;0;0;0;0;0;0;0;0;0;0;1473;0;0;89;0;64;0;
3233;2146966;1010892800;13303808;1090863104;0;0;0;0;0;0;0;0;0;0;0;1482;0;0;89;0;64;0;
3234;3179673;1010892800;13303808;1090863104;0;0;0;0;0;0;0;0;0;0;0;1513;0;0;89;0;64;0;
3235;2275076;1010892800;13303808;1090863104;0;0;0;0;0;0;0;0;0;0;0;1483;0;0;89;0;64;0;
3236;2089528;1010892800;13303808;1090863104;0;0;0;0;0;0;0;0;0;0;0;1492;0;0;89;0;64;0;
3237;2044875;1010892800;13303808;1090863104;0;0;0;0;0;0;0;0;0;0;0;1463;0;0;89;0;64;0;
3238;2097604;1010892800;13303808;1090863104;0;0;0;0;0;0;0;0;0;0;0;1523;0;0;89;0;64;0;
3239;2166283;1010892800;13303808;1090863104;0;0;0;0;0;0;0;0;0;0;0;1633;0;0;89;0;64;0;
3240;2187211;1010892800;13303808;1090863104;0;0;0;0;0;0;0;0;0;0;0;2384;0;0;89;0;65;0;
3241;2425298;1010892800;13303808;1090863104;0;0;0;0;0;0;0;0;0;0;0;1613;0;0;89;0;65;0;
3242;5166940;1010892800;13303808;1090863104;0;0;0;0;0;0;0;0;0;0;0;1553;0;0;89;0;65;0;
3243;2848702;1010892800;13303808;1090863104;0;0;0;0;0;0;0;0;0;0;0;1472;0;0;89;0;65;0;
3244;1879515;1010892800;13303808;1090863104;0;0;0;0;0;0;0;0;0;0;0;1563;0;0;89;0;65;0;
3245;2302358;1010892800;13303808;1090863104;0;0;0;0;0;0;0;0;0;0;0;1603;0;0;89;0;65;0;
3246;2109396;1010892800;13303808;1090863104;0;0;0;0;0;0;0;0;0;0;0;1502;0;0;89;0;65;0;
3247;2030699;1010892800;13303808;1090863104;0;0;0;0;0;0;0;0;0;0;0;1644;0;0;89;0;65;0;
3248;2546576;1010892800;13303808;1090863104;0;0;0;0;0;0;0;0;0;0;0;1453;0;0;89;0;65;0;
3249;2132099;1010892800;13303808;1090863104;0;0;0;0;0;0;0;0;0;0;0;1272;0;0;89;0;65;0;
3250;1858094;1010892800;13303808;1090863104;0;0;0;0;0;0;0;0;0;0;0;1503;0;0;89;0;65;0;
3251;2544893;1010892800;13303808;1090863104;0;0;0;0;0;0;0;0;0;0;0;1533;0;0;89;0;65;0;
3252;2360537;1010892800;13303808;1090863104;0;0;0;0;0;0;0;0;0;0;0;1543;0;0;89;0;65;0;
3253;1915562;1010892800;13303808;1090863104;0;0;0;0;0;0;0;0;0;0;0;1523;0;0;89;0;65;0;
3254;2001204;1010892800;13303808;1090863104;0;0;0;0;0;0;0;0;0;0;0;2514;0;0;89;0;66;0;
3255;2814659;1010892800;13303808;1090863104;0;0;0;0;0;0;0;0;0;0;0;1583;0;0;89;0;66;0;
3256;2045056;1010892800;13303808;1090863104;0;0;0;0;0;0;0;0;0;0;0;1272;0;0;89;0;66;0;
3257;1649324;1010892800;13303808;1090863104;0;0;0;0;0;0;0;0;0;0;0;1513;0;0;89;0;66;0;
3258;1951079;1010892800;13303808;1090863104;0;0;0;0;0;0;0;0;0;0;0;1403;0;0;89;0;66;0;
3259;1987558;1010892800;13303808;1090863104;0;0;0;0;0;0;0;0;0;0;0;1493;0;0;89;0;66;0;
3260;2463761;1010892800;13303808;1090863104;0;0;0;0;0;0;0;0;0;0;0;1493;0;0;89;0;66;0;
3261;1798723;1010892800;13303808;1090863104;0;0;0;0;0;0;0;0;0;0;0;206767;0;0;89;0;66;0;
3262;1593919;1010892800;13303808;1090863104;0;0;0;0;0;0;0;0;0;0;0;1432;0;0;89;0;66;0;
3263;5914552;1010892800;13303808;1090863104;0;0;0;0;0;0;0;0;0;0;0;1944;0;0;89;0;66;0;
3264;3590133;1010892800;13303808;1090863104;0;0;0;0;0;0;0;0;0;0;0;1463;0;0;89;0;66;0;
3265;2882446;1010892800;13303808;1090863104;0;0;0;0;0;0;0;0;0;0;0;1303;0;0;89;0;66;0;
3266;2355537;1010892800;13303808;1090863104;0;0;0;0;0;0;0;0;0;0;0;1463;0;0;89;0;66;0;
3267;1389085;1010892800;13303808;1090863104;0;0;0;0;0;0;0;0;0;0;0;1402;0;0;89;0;66;0;
3268;1563592;1010892800;13303808;1090863104;0;0;0;0;0;0;0;0;0;0;0;1543;0;0;89;0;66;0;
3269;2206268;1010892800;13303808;1090863104;0;0;0;0;0;0;0;0;0;0;0;1483;0;0;89;0;66;0;
3270;2552797;1010892800;13303808;1090863104;0;0;0;0;0;0;0;0;0;0;0;1513;0;0;89;0;66;0;
3271;2261571;1010892800;13303808;1090863104;0;0;0;0;0;0;0;0;0;0;0;1523;0;0;89;0;66;0;
3272;2173345;1010892800;13303808;1090863104;0;0;0;0;0;0;0;0;0;0;0;1463;0;0;89;0;66;0;
3273;2177624;1010892800;13303808;1090863104;0;0;0;0;0;0;0;0;0;0;0;1623;0;0;89;0;66;0;
3274;2936487;1010892800;13303808;1090863104;0;0;0;0;0;0;0;0;0;0;0;1452;0;0;89;0;66;0;
3275;2177423;1010892800;13303808;1090863104;0;0;0;0;0;0;0;0;0;0;0;2355;0;0;89;0;67;0;
3276;2537649;1010892800;13303808;1090863104;0;0;0;0;0;0;0;0;0;0;0;1483;0;0;89;0;67;0;
3277;3020555;1010892800;13303808;1090863104;0;0;0;0;0;0;0;0;0;0;0;1493;0;0;89;0;67;0;
3278;2336752;1010892800;13303808;1090863104;0;0;0;0;0;0;0;0;0;0;0;1463;0;0;89;0;67;0;
3279;2685527;1010892800;13303808;1090863104;0;0;0;0;0;0;0;0;0;0;0;1503;0;0;89;0;67;0;
3280;2435578;1010892800;13303808;1090863104;0;0;0;0;0;0;0;0;0;0;0;1523;0;0;89;0;67;0;
3281;1545238;1010892800;13303808;1090863104;0;0;0;0;0;0;0;0;0;0;0;1432;0;0;89;0;67;0;
3282;4905620;1010892800;13303808;1090863104;0;0;0;0;0;0;0;0;0;0;0;2354;0;0;89;0;68;0;
3283;3647761;1011429376;18780160;1096339456;0;0;0;0;0;0;0;0;0;0;0;1573;0;0;89;0;68;0;
3284;2013526;1011970048;18780160;1096339456;0;0;0;0;0;0;0;0;0;0;0;1473;0;0;89;0;68;0;
3285;2641845;1014333440;18780160;1096339456;0;0;0;0;0;0;0;0;0;0;0;1453;0;0;89;0;68;0;
3286;2584407;1014333440;18780160;1096339456;0;0;0;0;0;0;0;0;0;0;0;1442;0;0;89;0;68;0;
3287;1991345;1014333440;18780160;1096339456;0;0;0;0;0;0;0;0;0;0;0;1453;0;0;89;0;68;0;
3288;2277361;1014333440;18780160;1096339456;0;0;0;0;0;0;0;0;0;0;0;1563;0;0;89;0;68;0;
3289;1923067;1014333440;18780160;1096339456;0;0;0;0;0;0;0;0;0;0;0;1593;0;0;89;0;68;0;
3290;2195969;1014333440;18780160;1096339456;0;0;0;0;0;0;0;0;0;0;0;1453;0;0;89;0;68;0;
3291;3205081;1014333440;18780160;1096339456;0;0;0;0;0;0;0;0;0;0;0;1493;0;0;89;0;68;0;
3292;2070553;1014333440;18780160;1096339456;0;0;0;0;0;0;0;0;0;0;0;1483;0;0;89;0;68;0;
3293;2463410;1014333440;18780160;1096339456;0;0;0;0;0;0;0;0;0;0;0;1553;0;0;89;0;68;0;
3294;2268264;1014333440;18780160;1096339456;0;0;0;0;0;0;0;0;0;0;0;1523;0;0;89;0;68;0;
3295;2315402;1014333440;18780160;1096339456;0;0;0;0;0;0;0;0;0;0;0;2265;0;0;89;0;69;0;
3296;3184633;1014603776;18780160;1096339456;0;0;0;0;0;0;0;0;0;0;0;1503;0;0;89;0;69;0;
3297;2135525;1014603776;18780160;1096339456;0;0;0;0;0;0;0;0;0;0;0;1533;0;0;89;0;69;0;
3298;1938465;1015144448;18780160;1096339456;0;0;0;0;0;0;0;0;0;0;0;1553;0;0;89;0;69;0;
3299;2257934;1015685120;18780160;1096339456;0;0;0;0;0;0;0;0;0;0;0;1543;0;0;89;0;69;0;
3300;5273720;1015685120;18780160;1096339456;0;0;0;0;0;0;0;0;0;0;0;1723;0;0;89;0;69;0;
3301;3199721;1015685120;18780160;1096339456;0;0;0;0;0;0;0;0;0;0;0;1523;0;0;89;0;69;0;
3302;1364639;1015685120;18780160;1096339456;0;0;0;0;0;0;0;0;0;0;0;1653;0;0;89;0;69;0;
3303;2013236;1015685120;18780160;1096339456;0;0;0;0;0;0;0;0;0;0;0;1523;0;0;89;0;69;0;
3304;2691618;1015685120;18780160;1096339456;0;0;0;0;0;0;0;0;0;0;0;1533;0;0;89;0;69;0;
3305;2082886;1015685120;18780160;1096339456;0;0;0;0;0;0;0;0;0;0;0;1483;0;0;89;0;69;0;
3306;1789657;1015685120;18780160;1096339456;0;0;0;0;0;0;0;0;0;0;0;1503;0;0;89;0;69;0;
3307;2086803;1015685120;18780160;1096339456;0;0;0;0;0;0;0;0;0;0;0;1402;0;0;89;0;69;0;
3308;2053912;1015685120;18780160;1096339456;0;0;0;0;0;0;0;0;0;0;0;1443;0;0;89;0;69;0;
3309;2799230;1015685120;18780160;1096339456;0;0;0;0;0;0;0;0;0;0;0;1533;0;0;89;0;69;0;
3310;1859317;1015685120;18780160;1096339456;0;0;0;0;0;0;0;0;0;0;0;1463;0;0;89;0;69;0;
3311;2219482;1015685120;18780160;1096339456;0;0;0;0;0;0;0;0;0;0;0;1483;0;0;89;0;69;0;
3312;2557867;1015685120;18780160;1096339456;0;0;0;0;0;0;0;0;0;0;0;1453;0;0;89;0;69;0;
3313;2542168;1015685120;18780160;1096339456;0;0;0;0;0;0;0;0;0;0;0;1503;0;0;89;0;69;0;
3314;2076404;1015685120;18780160;1096339456;0;0;0;0;0;0;0;0;0;0;0;1463;0;0;89;0;69;0;
3315;2084580;1015685120;18780160;1096339456;0;0;0;0;0;0;0;0;0;0;0;1462;0;0;89;0;69;0;
3316;1817799;1015685120;18780160;1096339456;0;0;0;0;0;0;0;0;0;0;0;1472;0;0;89;0;69;0;
3317;2637356;1015685120;18780160;1096339456;0;0;0;0;0;0;0;0;0;0;0;1243;0;0;89;0;69;0;
3318;2353614;1015685120;18780160;1096339456;0;0;0;0;0;0;0;0;0;0;0;1503;0;0;89;0;69;0;
3319;2285837;1015685120;18780160;1096339456;0;0;0;0;0;0;0;0;0;0;0;1273;0;0;89;0;69;0;
3320;5394748;1015685120;18780160;1096339456;0;0;0;0;0;0;0;0;0;0;0;2194;0;0;89;0;69;0;
3321;3177158;1015685120;18780160;1096339456;0;0;0;0;0;0;0;0;0;0;0;1432;0;0;89;0;69;0;
3322;2449624;1015685120;18780160;1096339456;0;0;0;0;0;0;0;0;0;0;0;1503;0;0;89;0;69;0;
3323;1611402;1015685120;18780160;1096339456;0;0;0;0;0;0;0;0;0;0;0;1482;0;0;89;0;69;0;
3324;2766939;1015685120;18780160;1096339456;0;0;0;0;0;0;0;0;0;0;0;1483;0;0;89;0;69;0;
3325;1801288;1015685120;18780160;1096339456;0;0;0;0;0;0;0;0;0;0;0;1613;0;0;89;0;69;0;
3326;1570595;1015685120;18780160;1096339456;0;0;0;0;0;0;0;0;0;0;0;1513;0;0;89;0;69;0;
3327;2409919;1010900992;13303808;1090863104;0;0;0;0;0;0;0;0;0;0;0;1412;0;0;89;0;69;0;
3328;1315066;1010900992;13303808;1090863104;0;0;0;0;0;0;0;0;0;0;0;1443;0;0;89;0;69;0;
3329;1276053;1010900992;13303808;1090863104;0;0;0;0;0;0;0;0;0;0;0;1453;0;0;89;0;69;0;
3330;2202240;1010900992;13303808;1090863104;0;0;0;0;0;0;0;0;0;0;0;1523;0;0;89;0;69;0;
3331;2327405;1010900992;13303808;1090863104;0;0;0;0;0;0;0;0;0;0;0;1283;0;0;89;0;69;0;
3332;2285136;1010900992;13303808;1090863104;0;0;0;0;0;0;0;0;0;0;0;1634;0;0;89;0;69;0;
3333;2493436;1010900992;13303808;1090863104;0;0;0;0;0;0;0;0;0;0;0;1443;0;0;89;0;69;0;
3334;2429947;1010900992;13303808;1090863104;0;0;0;0;0;0;0;0;0;0;0;1473;0;0;89;0;69;0;
3335;2931528;1010900992;13303808;1090863104;0;0;0;0;0;0;0;0;0;0;0;1463;0;0;89;0;69;0;
3336;2160091;1010900992;13303808;1090863104;0;0;0;0;0;0;0;0;0;0;0;1854;0;0;89;0;69;0;
3337;1873113;1010900992;13303808;1090863104;0;0;0;0;0;0;0;0;0;0;0;1483;0;0;89;0;69;0;
3338;1757726;1010900992;13303808;1090863104;0;0;0;0;0;0;0;0;0;0;0;1442;0;0;89;0;69;0;
3339;5301363;1010900992;13303808;1090863104;0;0;0;0;0;0;0;0;0;0;0;2044;0;0;89;0;69;0;
3340;3456753;1011437568;18780160;1096339456;0;0;0;0;0;0;0;0;0;0;0;1513;0;0;89;0;69;0;
3341;2135815;1011437568;18780160;1096339456;0;0;0;0;0;0;0;0;0;0;0;1472;0;0;89;0;69;0;
3342;1974323;1011437568;18780160;1096339456;0;0;0;0;0;0;0;0;0;0;0;1483;0;0;89;0;69;0;
3343;2904868;1011437568;18780160;1096339456;0;0;0;0;0;0;0;0;0;0;0;1523;0;0;89;0;69;0;
3344;1581075;1011437568;18780160;1096339456;0;0;0;0;0;0;0;0;0;0;0;2485;0;0;89;0;70;0;
3345;1597747;1011437568;18780160;1096339456;0;0;0;0;0;0;0;0;0;0;0;1473;0;0;89;0;70;0;
3346;1902197;1011437568;18780160;1096339456;0;0;0;0;0;0;0;0;0;0;0;1653;0;0;89;0;70;0;
3347;1972529;1011437568;18780160;1096339456;0;0;0;0;0;0;0;0;0;0;0;1492;0;0;89;0;70;0;
3348;2274675;1011437568;18780160;1096339456;0;0;0;0;0;0;0;0;0;0;0;1553;0;0;89;0;70;0;
3349;1066220;1011437568;18780160;1096339456;0;0;0;0;0;0;0;0;0;0;0;1452;0;0;89;0;70;0;
3350;2688612;1011437568;18780160;1096339456;0;0;0;0;0;0;0;0;0;0;0;1443;0;0;89;0;70;0;
3351;2700584;1011437568;18780160;1096339456;0;0;0;0;0;0;0;0;0;0;0;1222;0;0;89;0;70;0;
3352;2131438;1011437568;18780160;1096339456;0;0;0;0;0;0;0;0;0;0;0;1493;0;0;89;0;70;0;
3353;2486683;1011437568;18780160;1096339456;0;0;0;0;0;0;0;0;0;0;0;1513;0;0;89;0;70;0;
3354;1756765;1011437568;18780160;1096339456;0;0;0;0;0;0;0;0;0;0;0;1413;0;0;89;0;70;0;
3355;2493787;1011437568;18780160;1096339456;0;0;0;0;0;0;0;0;0;0;0;1483;0;0;89;0;70;0;
3356;2690976;1011437568;18780160;1096339456;0;0;0;0;0;0;0;0;0;0;0;1492;0;0;89;0;70;0;
3357;2448972;1011437568;18780160;1096339456;0;0;0;0;0;0;0;0;0;0;0;1463;0;0;89;0;70;0;
3358;2702318;1011437568;18780160;1096339456;0;0;0;0;0;0;0;0;0;0;0;1422;0;0;89;0;70;0;
3359;5373307;1011978240;18780160;1096339456;0;0;0;0;0;0;0;0;0;0;0;1663;0;0;89;0;70;0;
3360;3233494;1014075392;18780160;1096339456;0;0;0;0;0;0;0;0;0;0;0;1673;0;0;89;0;70;0;
3361;2308690;1014075392;18780160;1096339456;0;0;0;0;0;0;0;0;0;0;0;1493;0;0;89;0;70;0;
3362;2311315;1014075392;18780160;1096339456;0;0;0;0;0;0;0;0;0;0;0;1292;0;0;89;0;70;0;
3363;2807585;1014075392;18780160;1096339456;0;0;0;0;0;0;0;0;0;0;0;1533;0;0;89;0;70;0;
3364;2365476;1014341632;18780160;1096339456;0;0;0;0;0;0;0;0;0;0;0;1613;0;0;89;0;70;0;
3365;1823479;1014341632;18780160;1096339456;0;0;0;0;0;0;0;0;0;0;0;1503;0;0;89;0;70;0;
3366;3112918;1014878208;18780160;1096339456;0;0;0;0;0;0;0;0;0;0;0;1493;0;0;89;0;70;0;
3367;2380164;1014878208;18780160;1096339456;0;0;0;0;0;0;0;0;0;0;0;1493;0;0;89;0;70;0;
3368;2423725;1015689216;18780160;1096339456;0;0;0;0;0;0;0;0;0;0;0;1502;0;0;89;0;70;0;
3369;2196429;1016229888;18780160;1096339456;0;0;0;0;0;0;0;0;0;0;0;1513;0;0;89;0;70;0;
3370;2248587;1016229888;18780160;1096339456;0;0;0;0;0;0;0;0;0;0;0;1513;0;0;89;0;70;0;
3371;1615079;1016229888;18780160;1096339456;0;0;0;0;0;0;0;0;0;0;0;1532;0;0;89;0;70;0;
3372;1754390;1016229888;18780160;1096339456;0;0;0;0;0;0;0;0;0;0;0;1423;0;0;89;0;70;0;
3373;2054563;1016229888;18780160;1096339456;0;0;0;0;0;0;0;0;0;0;0;1512;0;0;89;0;70;0;
3374;3091047;1016229888;18780160;1096339456;0;0;0;0;0;0;0;0;0;0;0;1453;0;0;89;0;70;0;
3375;1920242;1016229888;18780160;1096339456;0;0;0;0;0;0;0;0;0;0;0;1502;0;0;89;0;70;0;
3376;2017734;1016229888;18780160;1096339456;0;0;0;0;0;0;0;0;0;0;0;1463;0;0;89;0;70;0;
3377;2001103;1016229888;18780160;1096339456;0;0;0;0;0;0;0;0;0;0;0;1482;0;0;89;0;70;0;
3378;5243163;1016229888;18780160;1096339456;0;0;0;0;0;0;0;0;0;0;0;2114;0;0;89;0;70;0;
3379;2989777;1016229888;18780160;1096339456;0;0;0;0;0;0;0;0;0;0;0;1563;0;0;89;0;70;0;
3380;1855490;1016229888;18780160;1096339456;0;0;0;0;0;0;0;0;0;0;0;1523;0;0;89;0;70;0;
3381;2182292;1016229888;18780160;1096339456;0;0;0;0;0;0;0;0;0;0;0;1543;0;0;89;0;70;0;
3382;2494097;1016229888;18780160;1096339456;0;0;0;0;0;0;0;0;0;0;0;1433;0;0;89;0;70;0;
3383;2463320;1016229888;18780160;1096339456;0;0;0;0;0;0;0;0;0;0;0;1492;0;0;89;0;70;0;
3384;1794746;1016229888;18780160;1096339456;0;0;0;0;0;0;0;0;0;0;0;1683;0;0;89;0;70;0;
3385;2159130;1016229888;18780160;1096339456;0;0;0;0;0;0;0;0;0;0;0;1503;0;0;89;0;70;0;
3386;1501396;1016229888;18780160;1096339456;0;0;0;0;0;0;0;0;0;0;0;1462;0;0;89;0;70;0;
3387;2614453;1016229888;18780160;1096339456;0;0;0;0;0;0;0;0;0;0;0;1472;0;0;89;0;70;0;
3388;2678904;1016229888;18780160;1096339456;0;0;0;0;0;0;0;0;0;0;0;1503;0;0;89;0;70;0;
3389;1725396;1016229888;18780160;1096339456;0;0;0;0;0;0;0;0;0;0;0;1793;0;0;89;0;70;0;
3390;1967039;1016229888;18780160;1096339456;0;0;0;0;0;0;0;0;0;0;0;1503;0;0;89;0;70;0;
3391;1734663;1016229888;18780160;1096339456;0;0;0;0;0;0;0;0;0;0;0;1533;0;0;89;0;70;0;
3392;2287370;1016229888;18780160;1096339456;0;0;0;0;0;0;0;0;0;0;0;1262;0;0;89;0;70;0;
3393;2206368;1016229888;18780160;1096339456;0;0;0;0;0;0;0;0;0;0;0;1443;0;0;89;0;70;0;
3394;2384612;1016229888;18780160;1096339456;0;0;0;0;0;0;0;0;0;0;0;1533;0;0;89;0;70;0;
3395;2707117;1016229888;18780160;1096339456;0;0;0;0;0;0;0;0;0;0;0;1263;0;0;89;0;70;0;
3396;5471050;1016229888;18780160;1096339456;0;0;0;0;0;0;0;0;0;0;0;1673;0;0;89;0;70;0;
3397;3393695;1016229888;18780160;1096339456;0;0;0;0;0;0;0;0;0;0;0;1513;0;0;89;0;70;0;
3398;1792883;1016229888;18780160;1096339456;0;0;0;0;0;0;0;0;0;0;0;1553;0;0;89;0;70;0;
3399;2136838;1016229888;18780160;1096339456;0;0;0;0;0;0;0;0;0;0;0;1763;0;0;89;0;70;0;
3400;2666741;1016229888;18780160;1096339456;0;0;0;0;0;0;0;0;0;0;0;1412;0;0;89;0;70;0;
3401;3106827;1016229888;18780160;1096339456;0;0;0;0;0;0;0;0;0;0;0;1453;0;0;89;0;70;0;
3402;2157686;1016229888;18780160;1096339456;0;0;0;0;0;0;0;0;0;0;0;1433;0;0;89;0;70;0;
3403;2844715;1016229888;18780160;1096339456;0;0;0;0;0;0;0;0;0;0;0;1503;0;0;89;0;70;0;
3404;2406593;1016229888;18780160;1096339456;0;0;0;0;0;0;0;0;0;0;0;1512;0;0;89;0;70;0;
3405;1886268;1016229888;18780160;1096339456;0;0;0;0;0;0;0;0;0;0;0;23174;0;0;89;0;70;0;
3406;2677331;1016229888;18780160;1096339456;0;0;0;0;0;0;0;0;0;0;0;1573;0;0;89;0;70;0;
3407;2044745;1016229888;18780160;1096339456;0;0;0;0;0;0;0;0;0;0;0;1462;0;0;89;0;70;0;
3408;1726427;1016229888;18780160;1096339456;0;0;0;0;0;0;0;0;0;0;0;1533;0;0;89;0;70;0;
3409;1941091;1016229888;18780160;1096339456;0;0;0;0;0;0;0;0;0;0;0;1463;0;0;89;0;70;0;
3410;2786786;1016229888;18780160;1096339456;0;0;0;0;0;0;0;0;0;0;0;1492;0;0;89;0;70;0;
3411;1759139;1016229888;18780160;1096339456;0;0;0;0;0;0;0;0;0;0;0;1443;0;0;89;0;70;0;
3412;2218731;1016229888;18780160;1096339456;0;0;0;0;0;0;0;0;0;0;0;1513;0;0;89;0;70;0;
3413;2141656;1016229888;18780160;1096339456;0;0;0;0;0;0;0;0;0;0;0;1432;0;0;89;0;70;0;
3414;5070459;1016229888;18780160;1096339456;0;0;0;0;0;0;0;0;0;0;0;1824;0;0;89;0;70;0;
3415;2883999;1016229888;18780160;1096339456;0;0;0;0;0;0;0;0;0;0;0;1493;0;0;89;0;70;0;
3416;2443032;1016229888;18780160;1096339456;0;0;0;0;0;0;0;0;0;0;0;1462;0;0;89;0;70;0;
3417;2058230;1016229888;18780160;1096339456;0;0;0;0;0;0;0;0;0;0;0;1463;0;0;89;0;70;0;
3418;2372520;1016229888;18780160;1096339456;0;0;0;0;0;0;0;0;0;0;0;1392;0;0;89;0;70;0;
3419;1880888;1016229888;18780160;1096339456;0;0;0;0;0;0;0;0;0;0;0;1553;0;0;89;0;70;0;
3420;2028785;1016229888;18780160;1096339456;0;0;0;0;0;0;0;0;0;0;0;1463;0;0;89;0;70;0;
3421;2827533;1016229888;18780160;1096339456;0;0;0;0;0;0;0;0;0;0;0;1473;0;0;89;0;70;0;
3422;1501175;1016229888;18780160;1096339456;0;0;0;0;0;0;0;0;0;0;0;1453;0;0;89;0;70;0;
3423;1677045;1016229888;18780160;1096339456;0;0;0;0;0;0;0;0;0;0;0;1663;0;0;89;0;70;0;
3424;2779402;1016229888;18780160;1096339456;0;0;0;0;0;0;0;0;0;0;0;1533;0;0;89;0;70;0;
3425;2377449;1016229888;18780160;1096339456;0;0;0;0;0;0;0;0;0;0;0;1503;0;0;89;0;70;0;
3426;1808742;1016229888;18780160;1096339456;0;0;0;0;0;0;0;0;0;0;0;1443;0;0;89;0;70;0;
3427;1379196;1016229888;18780160;1096339456;0;0;0;0;0;0;0;0;0;0;0;1473;0;0;89;0;70;0;
3428;2141687;1016229888;18780160;1096339456;0;0;0;0;0;0;0;0;0;0;0;1432;0;0;89;0;70;0;
3429;1627452;1016229888;18780160;1096339456;0;0;0;0;0;0;0;0;0;0;0;1462;0;0;89;0;70;0;
3430;2292719;1016229888;18780160;1096339456;0;0;0;0;0;0;0;0;0;0;0;1292;0;0;89;0;70;0;
3431;5982810;1016229888;18780160;1096339456;0;0;0;0;0;0;0;0;0;0;0;1833;0;0;89;0;70;0;
3432;2941396;1016229888;18780160;1096339456;0;0;0;0;0;0;0;0;0;0;0;1443;0;0;89;0;70;0;
3433;2746861;1016229888;18780160;1096339456;0;0;0;0;0;0;0;0;0;0;0;1503;0;0;89;0;70;0;
3434;2229050;1016229888;18780160;1096339456;0;0;0;0;0;0;0;0;0;0;0;1452;0;0;89;0;70;0;
3435;1382473;1016229888;18780160;1096339456;0;0;0;0;0;0;0;0;0;0;0;1243;0;0;89;0;70;0;
3436;2228149;1016229888;18780160;1096339456;0;0;0;0;0;0;0;0;0;0;0;1463;0;0;89;0;70;0;
3437;8318571;1011167232;13303808;1090863104;0;0;0;0;0;0;0;0;0;0;0;1683;0;0;89;0;70;0;
3438;2291608;1011167232;13303808;1090863104;0;0;0;0;0;0;0;0;0;0;0;1432;0;0;89;0;70;0;
3439;2104477;1011167232;13303808;1090863104;0;0;0;0;0;0;0;0;0;0;0;1412;0;0;89;0;70;0;
3440;2971463;1011167232;13303808;1090863104;0;0;0;0;0;0;0;0;0;0;0;126538;0;0;89;0;70;0;
3441;2602230;1011167232;13303808;1090863104;0;0;0;0;0;0;0;0;0;0;0;1603;0;0;89;0;70;0;
3442;3709316;1011167232;13303808;1090863104;0;0;0;0;0;0;0;0;0;0;0;1242;0;0;89;0;70;0;
3443;4654829;1011167232;13303808;1090863104;0;0;0;0;0;0;0;0;0;0;0;1222;0;0;89;0;70;0;
3444;3821647;1011167232;13303808;1090863104;0;0;0;0;0;0;0;0;0;0;0;1944;0;0;89;0;70;0;
3445;3422889;1011167232;13303808;1090863104;0;0;0;0;0;0;0;0;0;0;0;1482;0;0;89;0;70;0;
3446;1893681;1011167232;13303808;1090863104;0;0;0;0;0;0;0;0;0;0;0;1393;0;0;89;0;70;0;
3447;2595858;1011167232;13303808;1090863104;0;0;0;0;0;0;0;0;0;0;0;1242;0;0;89;0;70;0;
3448;2177554;1011167232;13303808;1090863104;0;0;0;0;0;0;0;0;0;0;0;1423;0;0;89;0;70;0;
3449;2589346;1011167232;13303808;1090863104;0;0;0;0;0;0;0;0;0;0;0;1583;0;0;89;0;70;0;
3450;2810842;1011167232;13303808;1090863104;0;0;0;0;0;0;0;0;0;0;0;1433;0;0;89;0;70;0;
3451;1644394;1011167232;13303808;1090863104;0;0;0;0;0;0;0;0;0;0;0;1533;0;0;89;0;70;0;
3452;2422623;1011167232;13303808;1090863104;0;0;0;0;0;0;0;0;0;0;0;1492;0;0;89;0;70;0;
3453;2358503;1011167232;13303808;1090863104;0;0;0;0;0;0;0;0;0;0;0;1492;0;0;89;0;70;0;
3454;2282561;1011167232;13303808;1090863104;0;0;0;0;0;0;0;0;0;0;0;1563;0;0;89;0;70;0;
3455;2534073;1011167232;13303808;1090863104;0;0;0;0;0;0;0;0;0;0;0;1403;0;0;89;0;70;0;
3456;5542745;1011167232;13303808;1090863104;0;0;0;0;0;0;0;0;0;0;0;1533;0;0;89;0;70;0;
3457;3002220;1011167232;13307904;1090867200;0;0;0;0;0;0;0;0;0;0;0;1452;0;0;89;0;70;0;
3458;2227778;1011167232;13307904;1090867200;0;0;0;0;0;0;0;0;0;0;0;1613;0;0;89;0;70;0;
3459;2138941;1011167232;13307904;1090867200;0;0;0;0;0;0;0;0;0;0;0;1503;0;0;89;0;70;0;
3460;2959851;1011167232;13307904;1090867200;0;0;0;0;0;0;0;0;0;0;0;1483;0;0;89;0;70;0;
3461;2082155;1011167232;13307904;1090867200;0;0;0;0;0;0;0;0;0;0;0;1463;0;0;89;0;70;0;
3462;2557065;1011167232;13307904;1090867200;0;0;0;0;0;0;0;0;0;0;0;1433;0;0;89;0;70;0;
3463;2329058;1011167232;13307904;1090867200;0;0;0;0;0;0;0;0;0;0;0;1443;0;0;89;0;70;0;
3464;2972695;1011167232;13307904;1090867200;0;0;0;0;0;0;0;0;0;0;0;1743;0;0;89;0;70;0;
3465;1670332;1011167232;13307904;1090867200;0;0;0;0;0;0;0;0;0;0;0;1523;0;0;89;0;70;0;
3466;2341802;1011167232;13307904;1090867200;0;0;0;0;0;0;0;0;0;0;0;1774;0;0;89;0;70;0;
3467;2737203;1011167232;13307904;1090867200;0;0;0;0;0;0;0;0;0;0;0;1503;0;0;89;0;70;0;
3468;2440186;1011167232;13307904;1090867200;0;0;0;0;0;0;0;0;0;0;0;1643;0;0;89;0;70;0;
3469;5424994;1011167232;13307904;1090867200;0;0;0;0;0;0;0;0;0;0;0;1463;0;0;89;0;70;0;
3470;3163503;1011167232;13312000;1090871296;0;0;0;0;0;0;0;0;0;0;0;1583;0;0;89;0;70;0;
3471;2280798;1011167232;13312000;1090871296;0;0;0;0;0;0;0;0;0;0;0;1573;0;0;89;0;70;0;
3472;3097279;1011167232;13312000;1090871296;0;0;0;0;0;0;0;0;0;0;0;1653;0;0;89;0;70;0;
3473;2654648;1011167232;13312000;1090871296;0;0;0;0;0;0;0;0;0;0;0;1223;0;0;89;0;70;0;
3474;2721914;1011167232;13312000;1090871296;0;0;0;0;0;0;0;0;0;0;0;1513;0;0;89;0;70;0;
3475;2041519;1011167232;13312000;1090871296;0;0;0;0;0;0;0;0;0;0;0;1453;0;0;89;0;70;0;
3476;3298867;1011167232;13312000;1090871296;0;0;0;0;0;0;0;0;0;0;0;1753;0;0;89;0;70;0;
3477;1700119;1011167232;13312000;1090871296;0;0;0;0;0;0;0;0;0;0;0;1423;0;0;89;0;70;0;
3478;2711525;1011167232;13312000;1090871296;0;0;0;0;0;0;0;0;0;0;0;1643;0;0;89;0;70;0;
3479;2592221;1011167232;13312000;1090871296;0;0;0;0;0;0;0;0;0;0;0;1463;0;0;89;0;70;0;
3480;2415820;1011167232;13312000;1090871296;0;0;0;0;0;0;0;0;0;0;0;1804;0;0;89;0;70;0;
3481;1658239;1011167232;13312000;1090871296;0;0;0;0;0;0;0;0;0;0;0;1382;0;0;89;0;70;0;
3482;5507118;1011167232;13312000;1090871296;0;0;0;0;0;0;0;0;0;0;0;1453;0;0;89;0;70;0;
3483;2911450;1011167232;13312000;1090871296;0;0;0;0;0;0;0;0;0;0;0;1533;0;0;89;0;70;0;
3484;1323512;1011167232;13312000;1090871296;0;0;0;0;0;0;0;0;0;0;0;1493;0;0;89;0;70;0;
3485;2758293;1011167232;13312000;1090871296;0;0;0;0;0;0;0;0;0;0;0;1643;0;0;89;0;70;0;
3486;2101240;1011167232;13312000;1090871296;0;0;0;0;0;0;0;0;0;0;0;1513;0;0;89;0;70;0;
3487;2020259;1011167232;13312000;1090871296;0;0;0;0;0;0;0;0;0;0;0;1553;0;0;89;0;70;0;
3488;2485010;1011167232;13312000;1090871296;0;0;0;0;0;0;0;0;0;0;0;1553;0;0;89;0;70;0;
3489;1689629;1011167232;13312000;1090871296;0;0;0;0;0;0;0;0;0;0;0;1293;0;0;89;0;70;0;
3490;2428465;1011167232;13312000;1090871296;0;0;0;0;0;0;0;0;0;0;0;1613;0;0;89;0;70;0;
3491;2194025;1011167232;13303808;1090863104;0;0;0;0;0;0;0;0;0;0;0;1453;0;0;89;0;70;0;
3492;1799545;1011167232;13303808;1090863104;0;0;0;0;0;0;0;0;0;0;0;1473;0;0;89;0;70;0;
3493;1858936;1011167232;13303808;1090863104;0;0;0;0;0;0;0;0;0;0;0;1453;0;0;89;0;70;0;
3494;5153445;1011167232;13303808;1090863104;0;0;0;0;0;0;0;0;0;0;0;1443;0;0;89;0;70;0;
3495;3103431;1011167232;13312000;1090871296;0;0;0;0;0;0;0;0;0;0;0;1563;0;0;89;0;70;0;
3496;2039736;1011167232;13312000;1090871296;0;0;0;0;0;0;0;0;0;0;0;1483;0;0;89;0;70;0;
3497;1910883;1011167232;13312000;1090871296;0;0;0;0;0;0;0;0;0;0;0;1532;0;0;89;0;70;0;
3498;1757987;1011167232;13312000;1090871296;0;0;0;0;0;0;0;0;0;0;0;1583;0;0;89;0;70;0;
3499;2026310;1011167232;13312000;1090871296;0;0;0;0;0;0;0;0;0;0;0;1492;0;0;89;0;70;0;
3500;2197080;1011167232;13312000;1090871296;0;0;0;0;0;0;0;0;0;0;0;9638;0;0;89;0;70;0;
3501;2779993;1011167232;13312000;1090871296;0;0;0;0;0;0;0;0;0;0;0;1522;0;0;89;0;70;0;
3502;1847494;1011167232;13312000;1090871296;0;0;0;0;0;0;0;0;0;0;0;1353;0;0;89;0;70;0;
3503;1424992;1011167232;13312000;1090871296;0;0;0;0;0;0;0;0;0;0;0;1482;0;0;89;0;70;0;
3504;2679515;1011167232;13312000;1090871296;0;0;0;0;0;0;0;0;0;0;0;1523;0;0;89;0;70;0;
3505;1891948;1011167232;13312000;1090871296;0;0;0;0;0;0;0;0;0;0;0;1443;0;0;89;0;70;0;
3506;1828209;1011167232;13312000;1090871296;0;0;0;0;0;0;0;0;0;0;0;1442;0;0;89;0;70;0;
3507;5653302;1011167232;13312000;1090871296;0;0;0;0;0;0;0;0;0;0;0;1463;0;0;89;0;70;0;
3508;2843703;1011167232;13312000;1090871296;0;0;0;0;0;0;0;0;0;0;0;1723;0;0;89;0;70;0;
3509;2055735;1011167232;13312000;1090871296;0;0;0;0;0;0;0;0;0;0;0;1563;0;0;89;0;70;0;
3510;2008126;1011167232;13312000;1090871296;0;0;0;0;0;0;0;0;0;0;0;1492;0;0;89;0;70;0;
3511;2394401;1011167232;13312000;1090871296;0;0;0;0;0;0;0;0;0;0;0;1452;0;0;89;0;70;0;
3512;1416276;1011167232;13312000;1090871296;0;0;0;0;0;0;0;0;0;0;0;1523;0;0;89;0;70;0;
3513;2417834;1011167232;13312000;1090871296;0;0;0;0;0;0;0;0;0;0;0;1492;0;0;89;0;70;0;
3514;2496833;1011167232;13312000;1090871296;0;0;0;0;0;0;0;0;0;0;0;1472;0;0;89;0;70;0;
3515;2220524;1011167232;13312000;1090871296;0;0;0;0;0;0;0;0;0;0;0;1512;0;0;89;0;70;0;
3516;2308850;1011167232;13312000;1090871296;0;0;0;0;0;0;0;0;0;0;0;1623;0;0;89;0;70;0;
3517;2517531;1011167232;13312000;1090871296;0;0;0;0;0;0;0;0;0;0;0;1483;0;0;89;0;70;0;
3518;2111971;1011167232;13312000;1090871296;0;0;0;0;0;0;0;0;0;0;0;1563;0;0;89;0;70;0;
3519;1765320;1011167232;13312000;1090871296;0;0;0;0;0;0;0;0;0;0;0;1493;0;0;89;0;70;0;
3520;5508751;1011167232;13312000;1090871296;0;0;0;0;0;0;0;0;0;0;0;1493;0;0;89;0;70;0;
3521;2764525;1011167232;13312000;1090871296;0;0;0;0;0;0;0;0;0;0;0;1653;0;0;89;0;70;0;
3522;2168337;1011167232;13312000;1090871296;0;0;0;0;0;0;0;0;0;0;0;1523;0;0;89;0;70;0;
3523;2256402;1011167232;13312000;1090871296;0;0;0;0;0;0;0;0;0;0;0;1533;0;0;89;0;70;0;
3524;2088447;1011167232;13312000;1090871296;0;0;0;0;0;0;0;0;0;0;0;1603;0;0;89;0;70;0;
3525;2092204;1011167232;13312000;1090871296;0;0;0;0;0;0;0;0;0;0;0;1503;0;0;89;0;70;0;
3526;1725866;1011167232;13312000;1090871296;0;0;0;0;0;0;0;0;0;0;0;1492;0;0;89;0;70;0;
3527;2395272;1011167232;13312000;1090871296;0;0;0;0;0;0;0;0;0;0;0;1473;0;0;89;0;70;0;
3528;1890025;1011167232;13312000;1090871296;0;0;0;0;0;0;0;0;0;0;0;1532;0;0;89;0;70;0;
3529;1599289;1011167232;13312000;1090871296;0;0;0;0;0;0;0;0;0;0;0;1462;0;0;89;0;70;0;
3530;2491432;1011167232;13312000;1090871296;0;0;0;0;0;0;0;0;0;0;0;1512;0;0;89;0;70;0;
3531;2060194;1011167232;13312000;1090871296;0;0;0;0;0;0;0;0;0;0;0;1523;0;0;89;0;70;0;
3532;2250721;1011167232;13312000;1090871296;0;0;0;0;0;0;0;0;0;0;0;1513;0;0;89;0;70;0;
3533;4966775;1011167232;13312000;1090871296;0;0;0;0;0;0;0;0;0;0;0;1563;0;0;89;0;70;0;
3534;3068094;1011167232;13312000;1090871296;0;0;0;0;0;0;0;0;0;0;0;1683;0;0;89;0;70;0;
3535;2592773;1011167232;13312000;1090871296;0;0;0;0;0;0;0;0;0;0;0;1543;0;0;89;0;70;0;
3536;1791550;1011167232;13312000;1090871296;0;0;0;0;0;0;0;0;0;0;0;1523;0;0;89;0;70;0;
3537;2361018;1011167232;13312000;1090871296;0;0;0;0;0;0;0;0;0;0;0;1462;0;0;89;0;70;0;
3538;1866971;1011167232;13312000;1090871296;0;0;0;0;0;0;0;0;0;0;0;1442;0;0;89;0;70;0;
3539;1949797;1011167232;13312000;1090871296;0;0;0;0;0;0;0;0;0;0;0;1373;0;0;89;0;70;0;
3540;2588524;1011167232;13312000;1090871296;0;0;0;0;0;0;0;0;0;0;0;1443;0;0;89;0;70;0;
3541;1924229;1011167232;13312000;1090871296;0;0;0;0;0;0;0;0;0;0;0;1472;0;0;89;0;70;0;
3542;3390468;1011167232;13312000;1090871296;0;0;0;0;0;0;0;0;0;0;0;1293;0;0;89;0;70;0;
3543;2764955;1011167232;13312000;1090871296;0;0;0;0;0;0;0;0;0;0;0;1543;0;0;89;0;70;0;
3544;2708951;1011167232;13312000;1090871296;0;0;0;0;0;0;0;0;0;0;0;1492;0;0;89;0;70;0;
3545;1750252;1011167232;13312000;1090871296;0;0;0;0;0;0;0;0;0;0;0;1643;0;0;89;0;70;0;
3546;4974920;1011167232;13312000;1090871296;0;0;0;0;0;0;0;0;0;0;0;1413;0;0;89;0;70;0;
3547;3121854;1011167232;13312000;1090871296;0;0;0;0;0;0;0;0;0;0;0;1533;0;0;89;0;70;0;
3548;1824321;1011167232;13312000;1090871296;0;0;0;0;0;0;0;0;0;0;0;1473;0;0;89;0;70;0;
3549;2298992;1011167232;13312000;1090871296;0;0;0;0;0;0;0;0;0;0;0;1552;0;0;89;0;70;0;
3550;1860008;1011167232;13312000;1090871296;0;0;0;0;0;0;0;0;0;0;0;1553;0;0;89;0;70;0;
3551;1418070;1011167232;13312000;1090871296;0;0;0;0;0;0;0;0;0;0;0;1472;0;0;89;0;70;0;
3552;1836524;1011167232;13312000;1090871296;0;0;0;0;0;0;0;0;0;0;0;1473;0;0;89;0;70;0;
3553;2110899;1011167232;13312000;1090871296;0;0;0;0;0;0;0;0;0;0;0;1453;0;0;89;0;70;0;
3554;1974623;1011167232;13312000;1090871296;0;0;0;0;0;0;0;0;0;0;0;1523;0;0;89;0;70;0;
3555;1803622;1011167232;13312000;1090871296;0;0;0;0;0;0;0;0;0;0;0;1462;0;0;89;0;70;0;
3556;2795413;1011167232;13312000;1090871296;0;0;0;0;0;0;0;0;0;0;0;1493;0;0;89;0;70;0;
3557;1707582;1011167232;13312000;1090871296;0;0;0;0;0;0;0;0;0;0;0;1433;0;0;89;0;70;0;
3558;2484459;1011167232;13312000;1090871296;0;0;0;0;0;0;0;0;0;0;0;1493;0;0;89;0;70;0;
3559;4854534;1011167232;13312000;1090871296;0;0;0;0;0;0;0;0;0;0;0;1543;0;0;89;0;70;0;
3560;3507107;1011167232;13312000;1090871296;0;0;0;0;0;0;0;0;0;0;0;1573;0;0;89;0;70;0;
3561;2472417;1011167232;13312000;1090871296;0;0;0;0;0;0;0;0;0;0;0;1734;0;0;89;0;70;0;
3562;2524324;1011167232;13312000;1090871296;0;0;0;0;0;0;0;0;0;0;0;1553;0;0;89;0;70;0;
3563;2292589;1011433472;13312000;1090871296;0;0;0;0;0;0;0;0;0;0;0;1523;0;0;89;0;70;0;
3564;1754380;1011433472;13312000;1090871296;0;0;0;0;0;0;0;0;0;0;0;1563;0;0;89;0;70;0;
3565;1495054;1011433472;13312000;1090871296;0;0;0;0;0;0;0;0;0;0;0;1543;0;0;89;0;70;0;
3566;2214723;1011433472;13312000;1090871296;0;0;0;0;0;0;0;0;0;0;0;1462;0;0;89;0;70;0;
3567;1885356;1011433472;13312000;1090871296;0;0;0;0;0;0;0;0;0;0;0;1483;0;0;89;0;70;0;
3568;1700609;1011433472;13312000;1090871296;0;0;0;0;0;0;0;0;0;0;0;1473;0;0;89;0;70;0;
3569;2757311;1011433472;13312000;1090871296;0;0;0;0;0;0;0;0;0;0;0;1423;0;0;89;0;70;0;
3570;2285666;1011433472;13312000;1090871296;0;0;0;0;0;0;0;0;0;0;0;1483;0;0;89;0;70;0;
3571;2158087;1011433472;13312000;1090871296;0;0;0;0;0;0;0;0;0;0;0;1433;0;0;89;0;70;0;
3572;5276124;1011433472;13312000;1090871296;0;0;0;0;0;0;0;0;0;0;0;1473;0;0;89;0;70;0;
3573;3161869;1011433472;13312000;1090871296;0;0;0;0;0;0;0;0;0;0;0;1513;0;0;89;0;70;0;
3574;2073007;1011433472;13312000;1090871296;0;0;0;0;0;0;0;0;0;0;0;1553;0;0;89;0;70;0;
3575;1773236;1011433472;13312000;1090871296;0;0;0;0;0;0;0;0;0;0;0;1523;0;0;89;0;70;0;
3576;3456252;1011433472;13312000;1090871296;0;0;0;0;0;0;0;0;0;0;0;1222;0;0;89;0;70;0;
3577;2192813;1011433472;13312000;1090871296;0;0;0;0;0;0;0;0;0;0;0;1493;0;0;89;0;70;0;
3578;2096321;1011433472;13312000;1090871296;0;0;0;0;0;0;0;0;0;0;0;1813;0;0;89;0;70;0;
3579;2064011;1011433472;13312000;1090871296;0;0;0;0;0;0;0;0;0;0;0;1452;0;0;89;0;70;0;
3580;2364765;1011433472;13312000;1090871296;0;0;0;0;0;0;0;0;0;0;0;1513;0;0;89;0;70;0;
3581;1776361;1011433472;13312000;1090871296;0;0;0;0;0;0;0;0;0;0;0;1543;0;0;89;0;70;0;
3582;3304717;1011433472;13312000;1090871296;0;0;0;0;0;0;0;0;0;0;0;1563;0;0;89;0;70;0;
3583;4507634;1011433472;13312000;1090871296;0;0;0;0;0;0;0;0;0;0;0;7174;0;0;89;0;70;0;
3584;3014514;1011433472;13312000;1090871296;0;0;0;0;0;0;0;0;0;0;0;179055;0;0;89;0;70;0;
3585;6228180;1011433472;13312000;1090871296;0;0;0;0;0;0;0;0;0;0;0;1543;0;0;89;0;70;0;
3586;7391442;1011970048;18788352;1096347648;0;0;0;0;0;0;0;0;0;0;0;4488;0;0;89;0;70;0;
3587;2917692;1011970048;18788352;1096347648;0;0;0;0;0;0;0;0;0;0;0;2916;0;0;89;0;70;0;
3588;2472617;1011970048;18788352;1096347648;0;0;0;0;0;0;0;0;0;0;0;1793;0;0;89;0;70;0;
3589;3043979;1011970048;18788352;1096347648;0;0;0;0;0;0;0;0;0;0;0;1483;0;0;89;0;70;0;
3590;1352406;1011970048;18788352;1096347648;0;0;0;0;0;0;0;0;0;0;0;1422;0;0;89;0;70;0;
3591;1274220;1011970048;18788352;1096347648;0;0;0;0;0;0;0;0;0;0;0;1452;0;0;89;0;70;0;
3592;3639896;1011970048;18788352;1096347648;0;0;0;0;0;0;0;0;0;0;0;1813;0;0;89;0;70;0;
3593;3413101;1011970048;18788352;1096347648;0;0;0;0;0;0;0;0;0;0;0;9067;0;0;89;0;70;0;
3594;3633344;1011970048;18788352;1096347648;0;0;0;0;0;0;0;0;0;0;0;2485;0;0;89;0;70;0;
3595;3905765;1011970048;18788352;1096347648;0;0;0;0;0;0;0;0;0;0;0;1964;0;0;89;0;70;0;
3596;2783680;1011970048;18788352;1096347648;0;0;0;0;0;0;0;0;0;0;0;1754;0;0;89;0;70;0;
3597;1788514;1011970048;18788352;1096347648;0;0;0;0;0;0;0;0;0;0;0;1593;0;0;89;0;70;0;
3598;5879506;1011970048;18788352;1096347648;0;0;0;0;0;0;0;0;0;0;0;1844;0;0;89;0;70;0;
3599;4052570;1011970048;18788352;1096347648;0;0;0;0;0;0;0;0;0;0;0;1983;0;0;89;0;70;0;
3600;2812324;1012232192;18788352;1096347648;0;0;0;0;0;0;0;0;0;0;0;1362;0;0;89;0;70;0;
3601;2679305;1012232192;18788352;1096347648;0;0;0;0;0;0;0;0;0;0;0;1423;0;0;89;0;70;0;
3602;3358769;1012232192;18788352;1096347648;0;0;0;0;0;0;0;0;0;0;0;1483;0;0;89;0;70;0;
3603;1338100;1012232192;18788352;1096347648;0;0;0;0;0;0;0;0;0;0;0;1443;0;0;89;0;70;0;
3604;2247635;1012232192;18788352;1096347648;0;0;0;0;0;0;0;0;0;0;0;1673;0;0;89;0;70;0;
3605;1748860;1012232192;18788352;1096347648;0;0;0;0;0;0;0;0;0;0;0;1583;0;0;89;0;70;0;
3606;1377944;1012232192;18788352;1096347648;0;0;0;0;0;0;0;0;0;0;0;1853;0;0;89;0;70;0;
3607;1163542;1012232192;18788352;1096347648;0;0;0;0;0;0;0;0;0;0;0;1663;0;0;89;0;70;0;
3608;2226396;1012232192;18788352;1096347648;0;0;0;0;0;0;0;0;0;0;0;1393;0;0;89;0;70;0;
3609;1870157;1012232192;18788352;1096347648;0;0;0;0;0;0;0;0;0;0;0;1774;0;0;89;0;70;0;
3610;1539387;1012232192;18788352;1096347648;0;0;0;0;0;0;0;0;0;0;0;1512;0;0;89;0;70;0;
3611;5757067;1012232192;18788352;1096347648;0;0;0;0;0;0;0;0;0;0;0;1443;0;0;89;0;70;0;
3612;3589802;1012232192;18788352;1096347648;0;0;0;0;0;0;0;0;0;0;0;2154;0;0;89;0;70;0;
3613;2177463;1012772864;18788352;1096347648;0;0;0;0;0;0;0;0;0;0;0;1953;0;0;89;0;70;0;
3614;1864917;1015136256;18788352;1096347648;0;0;0;0;0;0;0;0;0;0;0;1482;0;0;89;0;70;0;
3615;2508144;1015136256;18788352;1096347648;0;0;0;0;0;0;0;0;0;0;0;1312;0;0;89;0;70;0;
3616;2051116;1015136256;18788352;1096347648;0;0;0;0;0;0;0;0;0;0;0;1733;0;0;89;0;70;0;
3617;1934578;1015136256;18788352;1096347648;0;0;0;0;0;0;0;0;0;0;0;1563;0;0;89;0;70;0;
3618;2457859;1015136256;18788352;1096347648;0;0;0;0;0;0;0;0;0;0;0;1413;0;0;89;0;70;0;
3619;2079500;1015136256;18788352;1096347648;0;0;0;0;0;0;0;0;0;0;0;1433;0;0;89;0;70;0;
3620;1751194;1015136256;18788352;1096347648;0;0;0;0;0;0;0;0;0;0;0;1553;0;0;89;0;70;0;
3621;2469191;1015136256;18788352;1096347648;0;0;0;0;0;0;0;0;0;0;0;1623;0;0;89;0;70;0;
3622;1366623;1015136256;18788352;1096347648;0;0;0;0;0;0;0;0;0;0;0;1593;0;0;89;0;70;0;
3623;2951756;1015406592;18788352;1096347648;0;0;0;0;0;0;0;0;0;0;0;1403;0;0;89;0;70;0;
3624;5366755;1016217600;18788352;1096347648;0;0;0;0;0;0;0;0;0;0;0;1503;0;0;89;0;70;0;
3625;4065835;1016758272;18788352;1096347648;0;0;0;0;0;0;0;0;0;0;0;2104;0;0;89;0;70;0;
3626;2112742;1016758272;18788352;1096347648;0;0;0;0;0;0;0;0;0;0;0;1874;0;0;89;0;70;0;
3627;2860524;1016758272;18788352;1096347648;0;0;0;0;0;0;0;0;0;0;0;1472;0;0;89;0;70;0;
3628;2607049;1016758272;18788352;1096347648;0;0;0;0;0;0;0;0;0;0;0;1713;0;0;89;0;70;0;
3629;1980755;1016758272;18788352;1096347648;0;0;0;0;0;0;0;0;0;0;0;1322;0;0;89;0;70;0;
3630;2186330;1016758272;18788352;1096347648;0;0;0;0;0;0;0;0;0;0;0;1402;0;0;89;0;70;0;
3631;3859218;1016758272;18788352;1096347648;0;0;0;0;0;0;0;0;0;0;0;1563;0;0;89;0;70;0;
3632;2539894;1016758272;18788352;1096347648;0;0;0;0;0;0;0;0;0;0;0;1583;0;0;89;0;70;0;
3633;2000952;1016758272;18788352;1096347648;0;0;0;0;0;0;0;0;0;0;0;1623;0;0;89;0;70;0;
3634;3990704;1016758272;18788352;1096347648;0;0;0;0;0;0;0;0;0;0;0;1442;0;0;89;0;70;0;
3635;1571096;1016758272;18788352;1096347648;0;0;0;0;0;0;0;0;0;0;0;2094;0;0;89;0;70;0;
3636;1832406;1016758272;18788352;1096347648;0;0;0;0;0;0;0;0;0;0;0;1553;0;0;89;0;70;0;
3637;4434677;1016758272;18788352;1096347648;0;0;0;0;0;0;0;0;0;0;0;1653;0;0;89;0;70;0;
3638;4518935;1016758272;18788352;1096347648;0;0;0;0;0;0;0;0;0;0;0;2665;0;0;89;0;70;0;
3639;2579668;1016758272;18788352;1096347648;0;0;0;0;0;0;0;0;0;0;0;2214;0;0;89;0;70;0;
3640;1477451;1016758272;18788352;1096347648;0;0;0;0;0;0;0;0;0;0;0;1914;0;0;89;0;70;0;
3641;2339467;1016758272;18788352;1096347648;0;0;0;0;0;0;0;0;0;0;0;1953;0;0;89;0;70;0;
3642;1953514;1016758272;18788352;1096347648;0;0;0;0;0;0;0;0;0;0;0;1733;0;0;89;0;70;0;
3643;1657408;1016758272;18788352;1096347648;0;0;0;0;0;0;0;0;0;0;0;1653;0;0;89;0;70;0;
3644;2000222;1016758272;18788352;1096347648;0;0;0;0;0;0;0;0;0;0;0;1553;0;0;89;0;70;0;
3645;2509817;1016758272;18788352;1096347648;0;0;0;0;0;0;0;0;0;0;0;1934;0;0;89;0;70;0;
3646;1592837;1016758272;18788352;1096347648;0;0;0;0;0;0;0;0;0;0;0;1934;0;0;89;0;70;0;
3647;2398117;1016758272;18788352;1096347648;0;0;0;0;0;0;0;0;0;0;0;1944;0;0;89;0;70;0;
3648;1667968;1016758272;18788352;1096347648;0;0;0;0;0;0;0;0;0;0;0;2023;0;0;89;0;70;0;
3649;1761142;1016758272;18788352;1096347648;0;0;0;0;0;0;0;0;0;0;0;1903;0;0;89;0;70;0;
3650;6321986;1016758272;18788352;1096347648;0;0;0;0;0;0;0;0;0;0;0;1964;0;0;89;0;70;0;
3651;4718368;1017020416;18788352;1096347648;0;0;0;0;0;0;0;0;0;0;0;2465;0;0;89;0;70;0;
3652;2477907;1017020416;18788352;1096347648;0;0;0;0;0;0;0;0;0;0;0;1853;0;0;89;0;70;0;
3653;2087976;1017020416;18788352;1096347648;0;0;0;0;0;0;0;0;0;0;0;1693;0;0;89;0;70;0;
3654;2814187;1017020416;18788352;1096347648;0;0;0;0;0;0;0;0;0;0;0;1933;0;0;89;0;70;0;
3655;2521218;1017020416;18788352;1096347648;0;0;0;0;0;0;0;0;0;0;0;1943;0;0;89;0;70;0;
3656;2473028;1017020416;18788352;1096347648;0;0;0;0;0;0;0;0;0;0;0;1453;0;0;89;0;70;0;
3657;2849053;1017020416;18788352;1096347648;0;0;0;0;0;0;0;0;0;0;0;1593;0;0;89;0;70;0;
3658;2298902;1017020416;18788352;1096347648;0;0;0;0;0;0;0;0;0;0;0;1302;0;0;89;0;70;0;
3659;2073439;1017020416;18788352;1096347648;0;0;0;0;0;0;0;0;0;0;0;1433;0;0;89;0;70;0;
3660;3076279;1012236288;13312000;1090871296;0;0;0;0;0;0;0;0;0;0;0;1442;0;0;89;0;70;0;
3661;1984682;1012236288;13312000;1090871296;0;0;0;0;0;0;0;0;0;0;0;1243;0;0;89;0;70;0;
3662;2273012;1012236288;13312000;1090871296;0;0;0;0;0;0;0;0;0;0;0;1433;0;0;89;0;70;0;
3663;4949282;1012236288;13312000;1090871296;0;0;0;0;0;0;0;0;0;0;0;1422;0;0;89;0;70;0;
3664;5468726;1013501952;18788352;1096347648;0;0;0;0;0;0;0;0;0;0;0;3347;0;0;89;0;70;0;
3665;2302488;1013501952;18788352;1096347648;0;0;0;0;0;0;0;0;0;0;0;1422;0;0;89;0;70;0;
3666;1905173;1013501952;18788352;1096347648;0;0;0;0;0;0;0;0;0;0;0;1522;0;0;89;0;70;0;
3667;3003562;1013501952;18788352;1096347648;0;0;0;0;0;0;0;0;0;0;0;1523;0;0;89;0;70;0;
3668;2386075;1013501952;18788352;1096347648;0;0;0;0;0;0;0;0;0;0;0;1603;0;0;89;0;70;0;
3669;1984481;1013501952;18788352;1096347648;0;0;0;0;0;0;0;0;0;0;0;1453;0;0;89;0;70;0;
3670;2633809;1013501952;18788352;1096347648;0;0;0;0;0;0;0;0;0;0;0;1603;0;0;89;0;70;0;
3671;1989581;1013501952;18788352;1096347648;0;0;0;0;0;0;0;0;0;0;0;43421;0;0;89;0;70;0;
3672;2160322;1013501952;18788352;1096347648;0;0;0;0;0;0;0;0;0;0;0;1473;0;0;89;0;70;0;
3673;2630243;1013501952;18788352;1096347648;0;0;0;0;0;0;0;0;0;0;0;1502;0;0;89;0;70;0;
3674;2182483;1013501952;18788352;1096347648;0;0;0;0;0;0;0;0;0;0;0;1413;0;0;89;0;70;0;
3675;2166644;1013501952;18788352;1096347648;0;0;0;0;0;0;0;0;0;0;0;1463;0;0;89;0;70;0;
3676;5390650;1013501952;18788352;1096347648;0;0;0;0;0;0;0;0;0;0;0;1413;0;0;89;0;70;0;
3677;3748520;1013501952;18788352;1096347648;0;0;0;0;0;0;0;0;0;0;0;1653;0;0;89;0;70;0;
3678;2213972;1013501952;18788352;1096347648;0;0;0;0;0;0;0;0;0;0;0;1523;0;0;89;0;70;0;
3679;2424958;1013501952;18788352;1096347648;0;0;0;0;0;0;0;0;0;0;0;1713;0;0;89;0;70;0;
3680;3388675;1013501952;18788352;1096347648;0;0;0;0;0;0;0;0;0;0;0;1513;0;0;89;0;70;0;
3681;2042611;1013501952;18788352;1096347648;0;0;0;0;0;0;0;0;0;0;0;1443;0;0;89;0;70;0;
3682;1390507;1013501952;18788352;1096347648;0;0;0;0;0;0;0;0;0;0;0;1633;0;0;89;0;70;0;
3683;1907167;1013501952;18788352;1096347648;0;0;0;0;0;0;0;0;0;0;0;1683;0;0;89;0;70;0;
3684;1962130;1013501952;18788352;1096347648;0;0;0;0;0;0;0;0;0;0;0;1432;0;0;89;0;70;0;
3685;1240226;1013501952;18788352;1096347648;0;0;0;0;0;0;0;0;0;0;0;1613;0;0;89;0;70;0;
3686;2395062;1013501952;18788352;1096347648;0;0;0;0;0;0;0;0;0;0;0;1453;0;0;89;0;70;0;
3687;1722230;1013501952;18788352;1096347648;0;0;0;0;0;0;0;0;0;0;0;1562;0;0;89;0;70;0;
3688;1794014;1013501952;18788352;1096347648;0;0;0;0;0;0;0;0;0;0;0;1723;0;0;89;0;70;0;
3689;5147122;1013501952;18788352;1096347648;0;0;0;0;0;0;0;0;0;0;0;1482;0;0;89;0;70;0;
3690;4863201;1013501952;18788352;1096347648;0;0;0;0;0;0;0;0;0;0;0;2484;0;0;89;0;70;0;
3691;1665092;1013501952;18788352;1096347648;0;0;0;0;0;0;0;0;0;0;0;1703;0;0;89;0;70;0;
3692;2050365;1013501952;18788352;1096347648;0;0;0;0;0;0;0;0;0;0;0;1483;0;0;89;0;70;0;
3693;2616296;1013501952;18788352;1096347648;0;0;0;0;0;0;0;0;0;0;0;1423;0;0;89;0;70;0;
3694;2887435;1013501952;18788352;1096347648;0;0;0;0;0;0;0;0;0;0;0;1513;0;0;89;0;70;0;
3695;2350889;1013501952;18788352;1096347648;0;0;0;0;0;0;0;0;0;0;0;1452;0;0;89;0;70;0;
3696;2584997;1013501952;18788352;1096347648;0;0;0;0;0;0;0;0;0;0;0;1533;0;0;89;0;70;0;
3697;1791119;1013501952;18788352;1096347648;0;0;0;0;0;0;0;0;0;0;0;1653;0;0;89;0;70;0;
3698;1688236;1013501952;18788352;1096347648;0;0;0;0;0;0;0;0;0;0;0;1633;0;0;89;0;70;0;
3699;2676790;1012965376;13312000;1090871296;0;0;0;0;0;0;0;0;0;0;0;1523;0;0;89;0;70;0;
3700;1537493;1012965376;13312000;1090871296;0;0;0;0;0;0;0;0;0;0;0;1653;0;0;89;0;70;0;
3701;1711430;1012965376;13312000;1090871296;0;0;0;0;0;0;0;0;0;0;0;1513;0;0;89;0;70;0;
3702;4971012;1012965376;13312000;1090871296;0;0;0;0;0;0;0;0;0;0;0;1503;0;0;89;0;70;0;
3703;3924711;1013501952;18788352;1096347648;0;0;0;0;0;0;0;0;0;0;0;2214;0;0;89;0;70;0;
3704;3299097;1013501952;18788352;1096347648;0;0;0;0;0;0;0;0;0;0;0;6382;0;0;89;0;70;0;
3705;2765516;1013501952;18788352;1096347648;0;0;0;0;0;0;0;0;0;0;0;2905;0;0;89;0;70;0;
3706;2948339;1013501952;18788352;1096347648;0;0;0;0;0;0;0;0;0;0;0;1723;0;0;89;0;70;0;
3707;1903079;1013501952;18788352;1096347648;0;0;0;0;0;0;0;0;0;0;0;1573;0;0;89;0;70;0;
3708;2228640;1013501952;18788352;1096347648;0;0;0;0;0;0;0;0;0;0;0;1543;0;0;89;0;70;0;
3709;2964870;1013501952;18788352;1096347648;0;0;0;0;0;0;0;0;0;0;0;1913;0;0;89;0;70;0;
3710;2258576;1013501952;18788352;1096347648;0;0;0;0;0;0;0;0;0;0;0;2525;0;0;89;0;70;0;
3711;2377769;1013501952;18788352;1096347648;0;0;0;0;0;0;0;0;0;0;0;2104;0;0;89;0;70;0;
3712;3281313;1013501952;18788352;1096347648;0;0;0;0;0;0;0;0;0;0;0;1864;0;0;89;0;70;0;
3713;2474431;1013501952;18788352;1096347648;0;0;0;0;0;0;0;0;0;0;0;2264;0;0;89;0;70;0;
3714;2227167;1013501952;18788352;1096347648;0;0;0;0;0;0;0;0;0;0;0;2285;0;0;89;0;70;0;
3715;5022869;1013501952;18788352;1096347648;0;0;0;0;0;0;0;0;0;0;0;1713;0;0;89;0;70;0;
3716;4165331;1013501952;18788352;1096347648;0;0;0;0;0;0;0;0;0;0;0;3086;0;0;89;0;70;0;
3717;1916514;1013501952;18788352;1096347648;0;0;0;0;0;0;0;0;0;0;0;2775;0;0;89;0;70;0;
3718;1795267;1013501952;18788352;1096347648;0;0;0;0;0;0;0;0;0;0;0;2554;0;0;89;0;70;0;
3719;3054739;1013501952;18788352;1096347648;0;0;0;0;0;0;0;0;0;0;0;2144;0;0;89;0;70;0;
3720;2393949;1013501952;18788352;1096347648;0;0;0;0;0;0;0;0;0;0;0;2375;0;0;89;0;70;0;
3721;2902373;1013501952;18788352;1096347648;0;0;0;0;0;0;0;0;0;0;0;2445;0;0;89;0;70;0;
3722;2369303;1013501952;18788352;1096347648;0;0;0;0;0;0;0;0;0;0;0;1563;0;0;89;0;70;0;
3723;1618475;1013501952;18788352;1096347648;0;0;0;0;0;0;0;0;0;0;0;1553;0;0;89;0;70;0;
3724;2522881;1013501952;18788352;1096347648;0;0;0;0;0;0;0;0;0;0;0;2134;0;0;89;0;70;0;
3725;2805331;1013501952;18788352;1096347648;0;0;0;0;0;0;0;0;0;0;0;1713;0;0;89;0;70;0;
3726;1848327;1013501952;18788352;1096347648;0;0;0;0;0;0;0;0;0;0;0;2505;0;0;89;0;70;0;
3727;2374132;1013501952;18788352;1096347648;0;0;0;0;0;0;0;0;0;0;0;2094;0;0;89;0;70;0;
3728;7014084;1013501952;18788352;1096347648;0;0;0;0;0;0;0;0;0;0;0;1684;0;0;89;0;70;0;
3729;2911750;1013501952;18788352;1096347648;0;0;0;0;0;0;0;0;0;0;0;2475;0;0;89;0;70;0;
3730;2403417;1013501952;18788352;1096347648;0;0;0;0;0;0;0;0;0;0;0;2795;0;0;89;0;70;0;
3731;2079931;1013501952;18788352;1096347648;0;0;0;0;0;0;0;0;0;0;0;2464;0;0;89;0;70;0;
3732;3416317;1013501952;18788352;1096347648;0;0;0;0;0;0;0;0;0;0;0;1813;0;0;89;0;70;0;
3733;2211497;1013501952;18788352;1096347648;0;0;0;0;0;0;0;0;0;0;0;2545;0;0;89;0;70;0;
3734;2058971;1013501952;18788352;1096347648;0;0;0;0;0;0;0;0;0;0;0;2064;0;0;89;0;70;0;
3735;3499523;1013501952;18788352;1096347648;0;0;0;0;0;0;0;0;0;0;0;1723;0;0;89;0;70;0;
3736;2004839;1013501952;18788352;1096347648;0;0;0;0;0;0;0;0;0;0;0;2334;0;0;89;0;70;0;
3737;1667727;1013501952;18788352;1096347648;0;0;0;0;0;0;0;0;0;0;0;1363;0;0;89;0;70;0;
3738;3028119;1012965376;13312000;1090871296;0;0;0;0;0;0;0;0;0;0;0;1894;0;0;89;0;70;0;
3739;3032157;1012965376;13312000;1090871296;0;0;0;0;0;0;0;0;0;0;0;2665;0;0;89;0;70;0;
3740;2814418;1012965376;13312000;1090871296;0;0;0;0;0;0;0;0;0;0;0;3116;0;0;89;0;70;0;
3741;5601384;1012965376;13312000;1090871296;0;0;0;0;0;0;0;0;0;0;0;2525;0;0;89;0;70;0;
3742;5137615;1012965376;13312000;1090871296;0;0;0;0;0;0;0;0;0;0;0;5390;0;0;89;0;70;0;
3743;2678724;1012965376;13312000;1090871296;0;0;0;0;0;0;0;0;0;0;0;2735;0;0;89;0;70;0;
3744;2580319;1012965376;13312000;1090871296;0;0;0;0;0;0;0;0;0;0;0;2505;0;0;89;0;70;0;
3745;3226401;1012965376;13312000;1090871296;0;0;0;0;0;0;0;0;0;0;0;1232;0;0;89;0;70;0;
3746;2910518;1012965376;13312000;1090871296;0;0;0;0;0;0;0;0;0;0;0;2775;0;0;89;0;70;0;
3747;2532760;1012965376;13312000;1090871296;0;0;0;0;0;0;0;0;0;0;0;2244;0;0;89;0;70;0;
3748;5358489;1012965376;13312000;1090871296;0;0;0;0;0;0;0;0;0;0;0;5510;0;0;89;0;70;0;
3749;3278429;1012965376;13312000;1090871296;0;0;0;0;0;0;0;0;0;0;0;2906;0;0;89;0;70;0;
3750;2078839;1012965376;13312000;1090871296;0;0;0;0;0;0;0;0;0;0;0;1954;0;0;89;0;70;0;
3751;3544948;1012965376;13312000;1090871296;0;0;0;0;0;0;0;0;0;0;0;1553;0;0;89;0;70;0;
3752;1898020;1012965376;13312000;1090871296;0;0;0;0;0;0;0;0;0;0;0;2154;0;0;89;0;70;0;
3753;1569333;1012965376;13312000;1090871296;0;0;0;0;0;0;0;0;0;0;0;2134;0;0;89;0;70;0;
3754;4825750;1012965376;13312000;1090871296;0;0;0;0;0;0;0;0;0;0;0;1893;0;0;89;0;70;0;
3755;3565536;1012965376;13312000;1090871296;0;0;0;0;0;0;0;0;0;0;0;2505;0;0;89;0;70;0;
3756;1101345;1012965376;13312000;1090871296;0;0;0;0;0;0;0;0;0;0;0;1593;0;0;89;0;70;0;
3757;3577589;1012965376;13312000;1090871296;0;0;0;0;0;0;0;0;0;0;0;83156;0;0;89;0;70;0;
3758;2679765;1012965376;13312000;1090871296;0;0;0;0;0;0;0;0;0;0;0;2124;0;0;89;0;70;0;
3759;1909492;1012965376;13312000;1090871296;0;0;0;0;0;0;0;0;0;0;0;1453;0;0;89;0;70;0;
3760;3619819;1012965376;13312000;1090871296;0;0;0;0;0;0;0;0;0;0;0;1834;0;0;89;0;70;0;
3761;2458570;1012965376;13312000;1090871296;0;0;0;0;0;0;0;0;0;0;0;1743;0;0;89;0;70;0;
3762;2781587;1012965376;13312000;1090871296;0;0;0;0;0;0;0;0;0;0;0;1582;0;0;89;0;70;0;
3763;3914230;1012957184;13303808;1090863104;0;0;0;0;0;0;0;0;0;0;0;1764;0;0;89;0;70;0;
3764;1969333;1012957184;13303808;1090863104;0;0;0;0;0;0;0;0;0;0;0;60794;0;0;89;0;70;0;
3765;2665689;1012957184;13303808;1090863104;0;0;0;0;0;0;0;0;0;0;0;1503;0;0;89;0;70;0;
3766;5969064;1012957184;13303808;1090863104;0;0;0;0;0;0;0;0;0;0;0;1453;0;0;89;0;70;0;
3767;4267884;1012957184;13312000;1090871296;0;0;0;0;0;0;0;0;0;0;0;3016;0;0;89;0;70;0;
3768;2820360;1012957184;13312000;1090871296;0;0;0;0;0;0;0;0;0;0;0;235902;0;0;89;0;70;0;
3769;2815880;1012957184;13312000;1090871296;0;0;0;0;0;0;0;0;0;0;0;2024;0;0;89;0;70;0;
3770;4179979;1012957184;13312000;1090871296;0;0;0;0;0;0;0;0;0;0;0;1894;0;0;89;0;70;0;
3771;2949001;1012957184;13312000;1090871296;0;0;0;0;0;0;0;0;0;0;0;1924;0;0;89;0;70;0;
3772;2780285;1012957184;13312000;1090871296;0;0;0;0;0;0;0;0;0;0;0;2044;0;0;89;0;70;0;
3773;3730877;1012957184;13312000;1090871296;0;0;0;0;0;0;0;0;0;0;0;1563;0;0;89;0;70;0;
3774;2852981;1012957184;13312000;1090871296;0;0;0;0;0;0;0;0;0;0;0;2033;0;0;89;0;70;0;
3775;2200858;1012957184;13312000;1090871296;0;0;0;0;0;0;0;0;0;0;0;1413;0;0;89;0;70;0;
3776;5276526;1012957184;13312000;1090871296;0;0;0;0;0;0;0;0;0;0;0;1914;0;0;89;0;70;0;
3777;2004108;1012957184;13312000;1090871296;0;0;0;0;0;0;0;0;0;0;0;1673;0;0;89;0;70;0;
3778;2197591;1012957184;13312000;1090871296;0;0;0;0;0;0;0;0;0;0;0;1553;0;0;89;0;70;0;
3779;5882672;1012957184;13312000;1090871296;0;0;0;0;0;0;0;0;0;0;0;1664;0;0;89;0;70;0;
3780;5457024;1012957184;13320192;1090879488;0;0;0;0;0;0;0;0;0;0;0;3316;0;0;89;0;70;0;
3781;2227448;1012957184;13320192;1090879488;0;0;0;0;0;0;0;0;0;0;0;2445;0;0;89;0;70;0;
3782;2373271;1012957184;13320192;1090879488;0;0;0;0;0;0;0;0;0;0;0;1483;0;0;89;0;70;0;
3783;3584853;1012957184;13320192;1090879488;0;0;0;0;0;0;0;0;0;0;0;1854;0;0;89;0;70;0;
3784;2685055;1012957184;13320192;1090879488;0;0;0;0;0;0;0;0;0;0;0;1663;0;0;89;0;70;0;
3785;2062077;1012957184;13320192;1090879488;0;0;0;0;0;0;0;0;0;0;0;1492;0;0;89;0;70;0;
3786;2609884;1012957184;13320192;1090879488;0;0;0;0;0;0;0;0;0;0;0;1493;0;0;89;0;70;0;
3787;1959605;1012957184;13320192;1090879488;0;0;0;0;0;0;0;0;0;0;0;1694;0;0;89;0;70;0;
3788;1830954;1012957184;13320192;1090879488;0;0;0;0;0;0;0;0;0;0;0;1563;0;0;89;0;70;0;
3789;3443919;1012957184;13320192;1090879488;0;0;0;0;0;0;0;0;0;0;0;1463;0;0;89;0;70;0;
3790;1988920;1012957184;13320192;1090879488;0;0;0;0;0;0;0;0;0;0;0;1553;0;0;89;0;70;0;
3791;2329679;1012957184;13320192;1090879488;0;0;0;0;0;0;0;0;0;0;0;1553;0;0;89;0;70;0;
3792;4979018;1012957184;13320192;1090879488;0;0;0;0;0;0;0;0;0;0;0;1643;0;0;89;0;70;0;
3793;3586646;1012957184;13320192;1090879488;0;0;0;0;0;0;0;0;0;0;0;2786;0;0;89;0;70;0;
3794;2009929;1012957184;13320192;1090879488;0;0;0;0;0;0;0;0;0;0;0;1553;0;0;89;0;70;0;
3795;2454053;1012957184;13320192;1090879488;0;0;0;0;0;0;0;0;0;0;0;1513;0;0;89;0;70;0;
3796;2437581;1012957184;13320192;1090879488;0;0;0;0;0;0;0;0;0;0;0;1713;0;0;89;0;70;0;
3797;2450355;1012957184;13320192;1090879488;0;0;0;0;0;0;0;0;0;0;0;1463;0;0;89;0;70;0;
3798;1944036;1012957184;13320192;1090879488;0;0;0;0;0;0;0;0;0;0;0;1412;0;0;89;0;70;0;
3799;1963793;1012957184;13320192;1090879488;0;0;0;0;0;0;0;0;0;0;0;1573;0;0;89;0;70;0;
3800;2103114;1012957184;13320192;1090879488;0;0;0;0;0;0;0;0;0;0;0;1502;0;0;89;0;70;0;
3801;5738331;1012957184;13303808;1090863104;0;0;0;0;0;0;0;0;0;0;0;1543;0;0;89;0;70;0;
3802;2937519;1012957184;13303808;1090863104;0;0;0;0;0;0;0;0;0;0;0;2956;0;0;89;0;70;0;
3803;1927995;1012957184;13303808;1090863104;0;0;0;0;0;0;0;0;0;0;0;1743;0;0;89;0;70;0;
3804;4687621;1012957184;13303808;1090863104;0;0;0;0;0;0;0;0;0;0;0;1593;0;0;89;0;70;0;
3805;4859523;1012957184;13312000;1090871296;0;0;0;0;0;0;0;0;0;0;0;2545;0;0;89;0;70;0;
3806;1823990;1012957184;13312000;1090871296;0;0;0;0;0;0;0;0;0;0;0;1723;0;0;89;0;70;0;
3807;1898962;1012957184;13312000;1090871296;0;0;0;0;0;0;0;0;0;0;0;1453;0;0;89;0;70;0;
3808;2612489;1012957184;13312000;1090871296;0;0;0;0;0;0;0;0;0;0;0;1934;0;0;89;0;70;0;
3809;2496933;1012957184;13312000;1090871296;0;0;0;0;0;0;0;0;0;0;0;2345;0;0;89;0;70;0;
3810;2327314;1012957184;13312000;1090871296;0;0;0;0;0;0;0;0;0;0;0;2234;0;0;89;0;70;0;
3811;3706100;1012957184;13312000;1090871296;0;0;0;0;0;0;0;0;0;0;0;2083;0;0;89;0;70;0;
3812;1820824;1012957184;13312000;1090871296;0;0;0;0;0;0;0;0;0;0;0;1683;0;0;89;0;70;0;
3813;2120556;1012957184;13312000;1090871296;0;0;0;0;0;0;0;0;0;0;0;1753;0;0;89;0;70;0;
3814;3539819;1012957184;13312000;1090871296;0;0;0;0;0;0;0;0;0;0;0;1833;0;0;89;0;70;0;
3815;1516013;1012957184;13312000;1090871296;0;0;0;0;0;0;0;0;0;0;0;1583;0;0;89;0;70;0;
3816;2002596;1012957184;13312000;1090871296;0;0;0;0;0;0;0;0;0;0;0;1483;0;0;89;0;70;0;
3817;4459794;1012957184;13312000;1090871296;0;0;0;0;0;0;0;0;0;0;0;1453;0;0;89;0;70;0;
3818;3579232;1012957184;13312000;1090871296;0;0;0;0;0;0;0;0;0;0;0;2755;0;0;89;0;70;0;
3819;2309130;1012957184;13312000;1090871296;0;0;0;0;0;0;0;0;0;0;0;2284;0;0;89;0;70;0;
3820;3543956;1012957184;13312000;1090871296;0;0;0;0;0;0;0;0;0;0;0;2604;0;0;89;0;70;0;
3821;2233178;1012957184;13312000;1090871296;0;0;0;0;0;0;0;0;0;0;0;1663;0;0;89;0;70;0;
3822;3276204;1012957184;13312000;1090871296;0;0;0;0;0;0;0;0;0;0;0;1542;0;0;89;0;70;0;
3823;2499116;1012957184;13312000;1090871296;0;0;0;0;0;0;0;0;0;0;0;1443;0;0;89;0;70;0;
3824;1936652;1012957184;13312000;1090871296;0;0;0;0;0;0;0;0;0;0;0;1472;0;0;89;0;70;0;
3825;1872151;1012957184;13312000;1090871296;0;0;0;0;0;0;0;0;0;0;0;1433;0;0;89;0;70;0;
3826;3612054;1012957184;13303808;1090863104;0;0;0;0;0;0;0;0;0;0;0;1513;0;0;89;0;70;0;
3827;1680131;1012957184;13303808;1090863104;0;0;0;0;0;0;0;0;0;0;0;1493;0;0;89;0;70;0;
3828;3064707;1012957184;13303808;1090863104;0;0;0;0;0;0;0;0;0;0;0;1854;0;0;89;0;70;0;
3829;6821413;1012957184;13303808;1090863104;0;0;0;0;0;0;0;0;0;0;0;1654;0;0;89;0;70;0;
3830;3941111;1012957184;13312000;1090871296;0;0;0;0;0;0;0;0;0;0;0;3586;0;0;89;0;70;0;
3831;2811804;1012957184;13312000;1090871296;0;0;0;0;0;0;0;0;0;0;0;2435;0;0;89;0;70;0;
3832;2839475;1012957184;13312000;1090871296;0;0;0;0;0;0;0;0;0;0;0;1653;0;0;89;0;70;0;
3833;2207771;1012957184;13312000;1090871296;0;0;0;0;0;0;0;0;0;0;0;1703;0;0;89;0;70;0;
3834;2478178;1012957184;13312000;1090871296;0;0;0;0;0;0;0;0;0;0;0;2464;0;0;89;0;70;0;
3835;2148800;1012957184;13312000;1090871296;0;0;0;0;0;0;0;0;0;0;0;1483;0;0;89;0;70;0;
3836;3043498;1012957184;13312000;1090871296;0;0;0;0;0;0;0;0;0;0;0;1924;0;0;89;0;70;0;
3837;1959896;1012957184;13312000;1090871296;0;0;0;0;0;0;0;0;0;0;0;4038;0;0;89;0;70;0;
3838;1079835;1012957184;13312000;1090871296;0;0;0;0;0;0;0;0;0;0;0;1583;0;0;89;0;70;0;
3839;1995833;1012957184;13312000;1090871296;0;0;0;0;0;0;0;0;0;0;0;1383;0;0;89;0;70;0;
3840;2237967;1012957184;13312000;1090871296;0;0;0;0;0;0;0;0;0;0;0;2204;0;0;89;0;70;0;
3841;1347437;1012957184;13312000;1090871296;0;0;0;0;0;0;0;0;0;0;0;1673;0;0;89;0;70;0;
3842;6138111;1012957184;13312000;1090871296;0;0;0;0;0;0;0;0;0;0;0;1453;0;0;89;0;70;0;
3843;3154115;1012957184;13312000;1090871296;0;0;0;0;0;0;0;0;0;0;0;2445;0;0;89;0;70;0;
3844;1964685;1012957184;13312000;1090871296;0;0;0;0;0;0;0;0;0;0;0;2114;0;0;89;0;70;0;
3845;1773075;1012957184;13312000;1090871296;0;0;0;0;0;0;0;0;0;0;0;1824;0;0;89;0;70;0;
3846;2298962;1012957184;13312000;1090871296;0;0;0;0;0;0;0;0;0;0;0;1503;0;0;89;0;70;0;
3847;2291949;1012957184;13312000;1090871296;0;0;0;0;0;0;0;0;0;0;0;2114;0;0;89;0;70;0;
3848;2038693;1012957184;13312000;1090871296;0;0;0;0;0;0;0;0;0;0;0;1983;0;0;89;0;70;0;
3849;3619848;1012957184;13312000;1090871296;0;0;0;0;0;0;0;0;0;0;0;1844;0;0;89;0;70;0;
3850;2121168;1012957184;13312000;1090871296;0;0;0;0;0;0;0;0;0;0;0;2034;0;0;89;0;70;0;
3851;2293952;1012957184;13312000;1090871296;0;0;0;0;0;0;0;0;0;0;0;2004;0;0;89;0;70;0;
3852;2818165;1012957184;13312000;1090871296;0;0;0;0;0;0;0;0;0;0;0;1583;0;0;89;0;70;0;
3853;2015560;1012957184;13312000;1090871296;0;0;0;0;0;0;0;0;0;0;0;84528;0;0;89;0;70;0;
3854;1948394;1012957184;13312000;1090871296;0;0;0;0;0;0;0;0;0;0;0;1593;0;0;89;0;70;0;
3855;5165998;1012957184;13312000;1090871296;0;0;0;0;0;0;0;0;0;0;0;1913;0;0;89;0;70;0;
3856;3427287;1012957184;13312000;1090871296;0;0;0;0;0;0;0;0;0;0;0;2966;0;0;89;0;70;0;
3857;2567916;1012957184;13312000;1090871296;0;0;0;0;0;0;0;0;0;0;0;2174;0;0;89;0;70;0;
3858;2355468;1012957184;13312000;1090871296;0;0;0;0;0;0;0;0;0;0;0;1824;0;0;89;0;70;0;
3859;2702297;1012957184;13312000;1090871296;0;0;0;0;0;0;0;0;0;0;0;1393;0;0;89;0;70;0;
3860;1688517;1012957184;13312000;1090871296;0;0;0;0;0;0;0;0;0;0;0;2104;0;0;89;0;70;0;
3861;2007575;1012957184;13312000;1090871296;0;0;0;0;0;0;0;0;0;0;0;1774;0;0;89;0;70;0;
3862;2279615;1012957184;13312000;1090871296;0;0;0;0;0;0;0;0;0;0;0;1192;0;0;89;0;70;0;
3863;2079770;1012957184;13312000;1090871296;0;0;0;0;0;0;0;0;0;0;0;2255;0;0;89;0;70;0;
3864;1776802;1012957184;13312000;1090871296;0;0;0;0;0;0;0;0;0;0;0;1553;0;0;89;0;70;0;
3865;2587943;1012957184;13312000;1090871296;0;0;0;0;0;0;0;0;0;0;0;1923;0;0;89;0;70;0;
3866;2231846;1012957184;13312000;1090871296;0;0;0;0;0;0;0;0;0;0;0;2405;0;0;89;0;70;0;
3867;1538446;1012957184;13312000;1090871296;0;0;0;0;0;0;0;0;0;0;0;1733;0;0;89;0;70;0;
3868;5169164;1012957184;13312000;1090871296;0;0;0;0;0;0;0;0;0;0;0;1423;0;0;89;0;70;0;
3869;3660585;1012957184;13312000;1090871296;0;0;0;0;0;0;0;0;0;0;0;2444;0;0;89;0;70;0;
3870;2172455;1012957184;13312000;1090871296;0;0;0;0;0;0;0;0;0;0;0;2474;0;0;89;0;70;0;
3871;1926754;1012957184;13312000;1090871296;0;0;0;0;0;0;0;0;0;0;0;1903;0;0;89;0;70;0;
3872;3402090;1012957184;13312000;1090871296;0;0;0;0;0;0;0;0;0;0;0;2404;0;0;89;0;70;0;
3873;2922892;1012957184;13312000;1090871296;0;0;0;0;0;0;0;0;0;0;0;1864;0;0;89;0;70;0;
3874;1848006;1012957184;13312000;1090871296;0;0;0;0;0;0;0;0;0;0;0;1342;0;0;89;0;70;0;
3875;3395217;1012957184;13312000;1090871296;0;0;0;0;0;0;0;0;0;0;0;1503;0;0;89;0;70;0;
3876;3093541;1012957184;13312000;1090871296;0;0;0;0;0;0;0;0;0;0;0;1773;0;0;89;0;70;0;
3877;2114395;1012957184;13312000;1090871296;0;0;0;0;0;0;0;0;0;0;0;2094;0;0;89;0;70;0;
3878;4349106;1012957184;13312000;1090871296;0;0;0;0;0;0;0;0;0;0;0;1633;0;0;89;0;70;0;
3879;2731873;1012957184;13312000;1090871296;0;0;0;0;0;0;0;0;0;0;0;2875;0;0;89;0;70;0;
3880;2421291;1012957184;13312000;1090871296;0;0;0;0;0;0;0;0;0;0;0;1423;0;0;89;0;70;0;
3881;4871085;1012957184;13312000;1090871296;0;0;0;0;0;0;0;0;0;0;0;1493;0;0;89;0;70;0;
3882;4704072;1012957184;13312000;1090871296;0;0;0;0;0;0;0;0;0;0;0;3106;0;0;89;0;70;0;
3883;2778400;1012957184;13312000;1090871296;0;0;0;0;0;0;0;0;0;0;0;218409;0;0;89;0;70;0;
3884;2469531;1012957184;13312000;1090871296;0;0;0;0;0;0;0;0;0;0;0;2044;0;0;89;0;70;0;
3885;3830824;1012957184;13312000;1090871296;0;0;0;0;0;0;0;0;0;0;0;1823;0;0;89;0;70;0;
3886;1852134;1012957184;13312000;1090871296;0;0;0;0;0;0;0;0;0;0;0;1653;0;0;89;0;70;0;
3887;1363528;1012957184;13312000;1090871296;0;0;0;0;0;0;0;0;0;0;0;1472;0;0;89;0;70;0;
3888;3869577;1012957184;13312000;1090871296;0;0;0;0;0;0;0;0;0;0;0;1623;0;0;89;0;70;0;
3889;2580059;1012957184;13312000;1090871296;0;0;0;0;0;0;0;0;0;0;0;1813;0;0;89;0;70;0;
3890;1906145;1012957184;13312000;1090871296;0;0;0;0;0;0;0;0;0;0;0;1443;0;0;89;0;70;0;
3891;4356981;1012957184;13312000;1090871296;0;0;0;0;0;0;0;0;0;0;0;1824;0;0;89;0;70;0;
3892;2275257;1012957184;13312000;1090871296;0;0;0;0;0;0;0;0;0;0;0;2434;0;0;89;0;70;0;
3893;2333496;1012957184;13312000;1090871296;0;0;0;0;0;0;0;0;0;0;0;1423;0;0;89;0;70;0;
3894;5807762;1013493760;18788352;1096347648;0;0;0;0;0;0;0;0;0;0;0;1694;0;0;89;0;70;0;
3895;4919105;1014034432;18788352;1096347648;0;0;0;0;0;0;0;0;0;0;0;2835;0;0;89;0;70;0;
3896;2916981;1016397824;18788352;1096347648;0;0;0;0;0;0;0;0;0;0;0;2876;0;0;89;0;70;0;
3897;2401644;1016397824;18788352;1096347648;0;0;0;0;0;0;0;0;0;0;0;2034;0;0;89;0;70;0;
3898;3992497;1016397824;18788352;1096347648;0;0;0;0;0;0;0;0;0;0;0;1944;0;0;89;0;70;0;
3899;3410857;1016397824;18788352;1096347648;0;0;0;0;0;0;0;0;0;0;0;2325;0;0;89;0;70;0;
3900;2136376;1016938496;18788352;1096347648;0;0;0;0;0;0;0;0;0;0;0;1623;0;0;89;0;70;0;
3901;2943801;1017479168;18788352;1096347648;0;0;0;0;0;0;0;0;0;0;0;1483;0;0;89;0;70;0;
3902;2092695;1017479168;18788352;1096347648;0;0;0;0;0;0;0;0;0;0;0;1803;0;0;89;0;70;0;
3903;2688712;1017479168;18788352;1096347648;0;0;0;0;0;0;0;0;0;0;0;1473;0;0;89;0;70;0;
3904;6678956;1018019840;18788352;1096347648;0;0;0;0;0;0;0;0;0;0;0;1704;0;0;89;0;70;0;
3905;5473235;1018019840;18788352;1096347648;0;0;0;0;0;0;0;0;0;0;0;5170;0;0;89;0;70;0;
3906;1885456;1018019840;18788352;1096347648;0;0;0;0;0;0;0;0;0;0;0;1913;0;0;89;0;70;0;
3907;1525170;1018019840;18788352;1096347648;0;0;0;0;0;0;0;0;0;0;0;1493;0;0;89;0;70;0;
3908;3414384;1018019840;18788352;1096347648;0;0;0;0;0;0;0;0;0;0;0;1723;0;0;89;0;70;0;
3909;1706480;1018019840;18788352;1096347648;0;0;0;0;0;0;0;0;0;0;0;2304;0;0;89;0;70;0;
3910;1419853;1018019840;18788352;1096347648;0;0;0;0;0;0;0;0;0;0;0;1523;0;0;89;0;70;0;
3911;2775144;1018019840;18788352;1096347648;0;0;0;0;0;0;0;0;0;0;0;1583;0;0;89;0;70;0;
3912;3063956;1018019840;18788352;1096347648;0;0;0;0;0;0;0;0;0;0;0;2214;0;0;89;0;70;0;
3913;2535636;1018019840;18788352;1096347648;0;0;0;0;0;0;0;0;0;0;0;1623;0;0;89;0;70;0;
3914;2743445;1018019840;18788352;1096347648;0;0;0;0;0;0;0;0;0;0;0;1393;0;0;89;0;70;0;
3915;1995011;1018019840;18788352;1096347648;0;0;0;0;0;0;0;0;0;0;0;1292;0;0;89;0;70;0;
3916;1502217;1018019840;18788352;1096347648;0;0;0;0;0;0;0;0;0;0;0;1503;0;0;89;0;70;0;
3917;5734003;1018019840;18788352;1096347648;0;0;0;0;0;0;0;0;0;0;0;3917;0;0;89;0;70;0;
3918;4032532;1018269696;18784256;1096343552;0;0;0;0;0;0;0;0;0;0;0;2324;0;0;89;0;70;0;
3919;3259202;1018269696;18784256;1096343552;0;0;0;0;0;0;0;0;0;0;0;2455;0;0;89;0;70;0;
3920;1904552;1018269696;18784256;1096343552;0;0;0;0;0;0;0;0;0;0;0;1603;0;0;89;0;70;0;
3921;2141696;1018269696;18784256;1096343552;0;0;0;0;0;0;0;0;0;0;0;1613;0;0;89;0;70;0;
3922;1605571;1018269696;18784256;1096343552;0;0;0;0;0;0;0;0;0;0;0;1823;0;0;89;0;70;0;
3923;2132680;1018269696;18784256;1096343552;0;0;0;0;0;0;0;0;0;0;0;1754;0;0;89;0;70;0;
3924;2586771;1018269696;18784256;1096343552;0;0;0;0;0;0;0;0;0;0;0;1814;0;0;89;0;70;0;
3925;2644950;1018269696;18784256;1096343552;0;0;0;0;0;0;0;0;0;0;0;1924;0;0;89;0;70;0;
3926;1179332;1018269696;18784256;1096343552;0;0;0;0;0;0;0;0;0;0;0;2385;0;0;89;0;70;0;
3927;2889068;1018269696;18784256;1096343552;0;0;0;0;0;0;0;0;0;0;0;1733;0;0;89;0;70;0;
3928;2145714;1018269696;18784256;1096343552;0;0;0;0;0;0;0;0;0;0;0;2004;0;0;89;0;70;0;
3929;1559445;1018269696;18784256;1096343552;0;0;0;0;0;0;0;0;0;0;0;1784;0;0;89;0;70;0;
3930;4812095;1018269696;18784256;1096343552;0;0;0;0;0;0;0;0;0;0;0;1423;0;0;89;0;70;0;
3931;2843323;1018269696;18788352;1096347648;0;0;0;0;0;0;0;0;0;0;0;2995;0;0;89;0;70;0;
3932;2494147;1018269696;18788352;1096347648;0;0;0;0;0;0;0;0;0;0;0;1984;0;0;89;0;70;0;
3933;1621621;1018269696;18788352;1096347648;0;0;0;0;0;0;0;0;0;0;0;1623;0;0;89;0;70;0;
3934;3140089;1018269696;18788352;1096347648;0;0;0;0;0;0;0;0;0;0;0;1673;0;0;89;0;70;0;
3935;3280092;1018269696;18788352;1096347648;0;0;0;0;0;0;0;0;0;0;0;3587;0;0;89;0;70;0;
3936;2211478;1018269696;18788352;1096347648;0;0;0;0;0;0;0;0;0;0;0;1653;0;0;89;0;70;0;
3937;1854838;1018269696;18788352;1096347648;0;0;0;0;0;0;0;0;0;0;0;1473;0;0;89;0;70;0;
3938;1847615;1018269696;18788352;1096347648;0;0;0;0;0;0;0;0;0;0;0;1523;0;0;89;0;70;0;
3939;2166072;1018269696;18788352;1096347648;0;0;0;0;0;0;0;0;0;0;0;1613;0;0;89;0;70;0;
3940;2990128;1018269696;18788352;1096347648;0;0;0;0;0;0;0;0;0;0;0;1483;0;0;89;0;70;0;
3941;1705418;1018269696;18788352;1096347648;0;0;0;0;0;0;0;0;0;0;0;1442;0;0;89;0;70;0;
3942;1492449;1018269696;18788352;1096347648;0;0;0;0;0;0;0;0;0;0;0;1433;0;0;89;0;70;0;
3943;5323955;1018269696;18788352;1096347648;0;0;0;0;0;0;0;0;0;0;0;1402;0;0;89;0;70;0;
3944;2728888;1018269696;18788352;1096347648;0;0;0;0;0;0;0;0;0;0;0;132148;0;0;89;0;70;0;
3945;2373962;1018269696;18788352;1096347648;0;0;0;0;0;0;0;0;0;0;0;1433;0;0;89;0;70;0;
3946;1310948;1018269696;18788352;1096347648;0;0;0;0;0;0;0;0;0;0;0;1613;0;0;89;0;70;0;
3947;2039525;1018269696;18788352;1096347648;0;0;0;0;0;0;0;0;0;0;0;1543;0;0;89;0;70;0;
3948;1464406;1018269696;18788352;1096347648;0;0;0;0;0;0;0;0;0;0;0;1423;0;0;89;0;70;0;
3949;1392180;1018269696;18788352;1096347648;0;0;0;0;0;0;0;0;0;0;0;1393;0;0;89;0;70;0;
3950;2087365;1018269696;18788352;1096347648;0;0;0;0;0;0;0;0;0;0;0;1252;0;0;89;0;70;0;
3951;2239200;1018269696;18788352;1096347648;0;0;0;0;0;0;0;0;0;0;0;1413;0;0;89;0;70;0;
3952;2115808;1018269696;18788352;1096347648;0;0;0;0;0;0;0;0;0;0;0;1593;0;0;89;0;70;0;
3953;2542879;1018269696;18788352;1096347648;0;0;0;0;0;0;0;0;0;0;0;1553;0;0;89;0;70;0;
3954;2113113;1018269696;18788352;1096347648;0;0;0;0;0;0;0;0;0;0;0;1623;0;0;89;0;70;0;
3955;1594089;1018269696;18788352;1096347648;0;0;0;0;0;0;0;0;0;0;0;1673;0;0;89;0;70;0;
3956;4315603;1018269696;18788352;1096347648;0;0;0;0;0;0;0;0;0;0;0;1403;0;0;89;0;70;0;
3957;2256161;1018269696;18788352;1096347648;0;0;0;0;0;0;0;0;0;0;0;2093;0;0;89;0;70;0;
3958;1185173;1018269696;18788352;1096347648;0;0;0;0;0;0;0;0;0;0;0;1573;0;0;89;0;70;0;
3959;1934427;1018269696;18788352;1096347648;0;0;0;0;0;0;0;0;0;0;0;1363;0;0;89;0;70;0;
3960;1431164;1018269696;18788352;1096347648;0;0;0;0;0;0;0;0;0;0;0;1754;0;0;89;0;70;0;
3961;1767695;1018269696;18788352;1096347648;0;0;0;0;0;0;0;0;0;0;0;1462;0;0;89;0;70;0;
3962;2074451;1018269696;18788352;1096347648;0;0;0;0;0;0;0;0;0;0;0;1453;0;0;89;0;70;0;
3963;1992426;1018269696;18788352;1096347648;0;0;0;0;0;0;0;0;0;0;0;1282;0;0;89;0;70;0;
3964;1846032;1018269696;18788352;1096347648;0;0;0;0;0;0;0;0;0;0;0;1422;0;0;89;0;70;0;
3965;2656722;1018335232;18780160;1096339456;0;0;0;0;0;0;0;0;0;0;0;1472;0;0;89;0;70;0;
3966;1468574;1018335232;18780160;1096339456;0;0;0;0;0;0;0;0;0;0;0;1422;0;0;89;0;70;0;
3967;1679840;1018335232;18780160;1096339456;0;0;0;0;0;0;0;0;0;0;0;1452;0;0;89;0;70;0;
3968;5114973;1018335232;18780160;1096339456;0;0;0;0;0;0;0;0;0;0;0;1553;0;0;89;0;70;0;
3969;2995638;1018335232;18784256;1096343552;0;0;0;0;0;0;0;0;0;0;0;1834;0;0;89;0;70;0;
3970;1692604;1018335232;18784256;1096343552;0;0;0;0;0;0;0;0;0;0;0;1593;0;0;89;0;70;0;
3971;1976737;1018335232;18784256;1096343552;0;0;0;0;0;0;0;0;0;0;0;1433;0;0;89;0;70;0;
3972;2461857;1018335232;18784256;1096343552;0;0;0;0;0;0;0;0;0;0;0;1482;0;0;89;0;70;0;
3973;2028614;1018335232;18784256;1096343552;0;0;0;0;0;0;0;0;0;0;0;1483;0;0;89;0;70;0;
3974;1588710;1018335232;18784256;1096343552;0;0;0;0;0;0;0;0;0;0;0;1463;0;0;89;0;70;0;
3975;2619202;1018335232;18784256;1096343552;0;0;0;0;0;0;0;0;0;0;0;1483;0;0;89;0;70;0;
3976;2299723;1018335232;18784256;1096343552;0;0;0;0;0;0;0;0;0;0;0;1543;0;0;89;0;70;0;
3977;2064592;1018335232;18784256;1096343552;0;0;0;0;0;0;0;0;0;0;0;1493;0;0;89;0;70;0;
3978;2485060;1018335232;18784256;1096343552;0;0;0;0;0;0;0;0;0;0;0;1513;0;0;89;0;70;0;
3979;1699266;1018335232;18784256;1096343552;0;0;0;0;0;0;0;0;0;0;0;1473;0;0;89;0;70;0;
3980;1874896;1018335232;18784256;1096343552;0;0;0;0;0;0;0;0;0;0;0;1473;0;0;89;0;70;0;
3981;4223661;1018335232;18784256;1096343552;0;0;0;0;0;0;0;0;0;0;0;1323;0;0;89;0;70;0;
3982;3005807;1018335232;18784256;1096343552;0;0;0;0;0;0;0;0;0;0;0;1833;0;0;89;0;70;0;
3983;2453692;1018335232;18784256;1096343552;0;0;0;0;0;0;0;0;0;0;0;1783;0;0;89;0;70;0;
3984;2490281;1018335232;18784256;1096343552;0;0;0;0;0;0;0;0;0;0;0;1513;0;0;89;0;70;0;
3985;1846262;1018335232;18784256;1096343552;0;0;0;0;0;0;0;0;0;0;0;1492;0;0;89;0;70;0;
3986;2648426;1018335232;18784256;1096343552;0;0;0;0;0;0;0;0;0;0;0;1443;0;0;89;0;70;0;
3987;1863525;1018335232;18784256;1096343552;0;0;0;0;0;0;0;0;0;0;0;1442;0;0;89;0;70;0;
3988;1154204;1018335232;18784256;1096343552;0;0;0;0;0;0;0;0;0;0;0;1452;0;0;89;0;70;0;
3989;1883172;1018335232;18784256;1096343552;0;0;0;0;0;0;0;0;0;0;0;1423;0;0;89;0;70;0;
3990;2436238;1018380288;18780160;1096339456;0;0;0;0;0;0;0;0;0;0;0;1543;0;0;89;0;70;0;
3991;1939969;1018380288;18780160;1096339456;0;0;0;0;0;0;0;0;0;0;0;1502;0;0;89;0;70;0;
3992;1632592;1018380288;18780160;1096339456;0;0;0;0;0;0;0;0;0;0;0;1403;0;0;89;0;70;0;
3993;4867829;1018380288;18780160;1096339456;0;0;0;0;0;0;0;0;0;0;0;1583;0;0;89;0;70;0;
3994;1803653;1018380288;18788352;1096347648;0;0;0;0;0;0;0;0;0;0;0;1543;0;0;89;0;70;0;
3995;1743179;1018380288;18788352;1096347648;0;0;0;0;0;0;0;0;0;0;0;1553;0;0;89;0;70;0;
3996;2120847;1018380288;18788352;1096347648;0;0;0;0;0;0;0;0;0;0;0;1533;0;0;89;0;70;0;
3997;2668624;1018380288;18788352;1096347648;0;0;0;0;0;0;0;0;0;0;0;1383;0;0;89;0;70;0;
3998;1918528;1018380288;18788352;1096347648;0;0;0;0;0;0;0;0;0;0;0;1332;0;0;89;0;70;0;
3999;1658591;1018380288;18788352;1096347648;0;0;0;0;0;0;0;0;0;0;0;1482;0;0;89;0;70;0;
4000;2193934;1018380288;18788352;1096347648;0;0;0;0;0;0;0;0;0;0;0;1493;0;0;89;0;70;0;
4001;1980915;1018380288;18788352;1096347648;0;0;0;0;0;0;0;0;0;0;0;1523;0;0;89;0;70;0;
4002;1568642;1018380288;18788352;1096347648;0;0;0;0;0;0;0;0;0;0;0;1503;0;0;89;0;70;0;
4003;1988309;1018380288;18788352;1096347648;0;0;0;0;0;0;0;0;0;0;0;1422;0;0;89;0;70;0;
4004;1339803;1018380288;18788352;1096347648;0;0;0;0;0;0;0;0;0;0;0;1412;0;0;89;0;70;0;
4005;1901937;1018380288;18788352;1096347648;0;0;0;0;0;0;0;0;0;0;0;1462;0;0;89;0;70;0;
4006;6136739;1018380288;18788352;1096347648;0;0;0;0;0;0;0;0;0;0;0;1543;0;0;89;0;70;0;
4007;3181035;1018380288;18788352;1096347648;0;0;0;0;0;0;0;0;0;0;0;1693;0;0;89;0;70;0;
4008;1516514;1018380288;18788352;1096347648;0;0;0;0;0;0;0;0;0;0;0;1422;0;0;89;0;70;0;
4009;1715628;1018380288;18788352;1096347648;0;0;0;0;0;0;0;0;0;0;0;1483;0;0;89;0;70;0;
4010;2750067;1018380288;18788352;1096347648;0;0;0;0;0;0;0;0;0;0;0;1523;0;0;89;0;70;0;
4011;917150;1018380288;18788352;1096347648;0;0;0;0;0;0;0;0;0;0;0;1463;0;0;89;0;70;0;
4012;1823500;1018380288;18788352;1096347648;0;0;0;0;0;0;0;0;0;0;0;13996;0;0;89;0;70;0;
4013;3805266;1018380288;18788352;1096347648;0;0;0;0;0;0;0;0;0;0;0;1402;0;0;89;0;70;0;
4014;2058771;1018380288;18788352;1096347648;0;0;0;0;0;0;0;0;0;0;0;1463;0;0;89;0;70;0;
4015;1614417;1018380288;18788352;1096347648;0;0;0;0;0;0;0;0;0;0;0;1252;0;0;89;0;70;0;
4016;3254874;1012965376;13312000;1090871296;0;0;0;0;0;0;0;0;0;0;0;1463;0;0;89;0;70;0;
4017;1478553;1012965376;13312000;1090871296;0;0;0;0;0;0;0;0;0;0;0;1463;0;0;89;0;70;0;
4018;1442385;1012965376;13312000;1090871296;0;0;0;0;0;0;0;0;0;0;0;1623;0;0;89;0;70;0;
4019;5728052;1013501952;18788352;1096347648;0;0;0;0;0;0;0;0;0;0;0;1533;0;0;89;0;70;0;
4020;3506587;1016135680;18788352;1096347648;0;0;0;0;0;0;0;0;0;0;0;2004;0;0;89;0;70;0;
4021;2795983;1016135680;18788352;1096347648;0;0;0;0;0;0;0;0;0;0;0;1483;0;0;89;0;70;0;
4022;2249018;1016135680;18788352;1096347648;0;0;0;0;0;0;0;0;0;0;0;1694;0;0;89;0;70;0;
4023;3305519;1016135680;18788352;1096347648;0;0;0;0;0;0;0;0;0;0;0;1463;0;0;89;0;70;0;
4024;1457523;1016135680;18788352;1096347648;0;0;0;0;0;0;0;0;0;0;0;1302;0;0;89;0;70;0;
4025;3522226;1016135680;18788352;1096347648;0;0;0;0;0;0;0;0;0;0;0;1513;0;0;89;0;70;0;
4026;2199445;1016946688;18788352;1096347648;0;0;0;0;0;0;0;0;0;0;0;1503;0;0;89;0;70;0;
4027;1410575;1016946688;18788352;1096347648;0;0;0;0;0;0;0;0;0;0;0;1442;0;0;89;0;70;0;
4028;1187717;1016946688;18788352;1096347648;0;0;0;0;0;0;0;0;0;0;0;1533;0;0;89;0;70;0;
4029;3374829;1017487360;18788352;1096347648;0;0;0;0;0;0;0;0;0;0;0;1393;0;0;89;0;70;0;
4030;2789642;1018298368;18788352;1096347648;0;0;0;0;0;0;0;0;0;0;0;1623;0;0;89;0;70;0;
4031;2220003;1018298368;18788352;1096347648;0;0;0;0;0;0;0;0;0;0;0;1442;0;0;89;0;70;0;
4032;5310309;1018298368;18788352;1096347648;0;0;0;0;0;0;0;0;0;0;0;1433;0;0;89;0;70;0;
4033;2886623;1018298368;18788352;1096347648;0;0;0;0;0;0;0;0;0;0;0;2224;0;0;89;0;70;0;
4034;874200;1018298368;18788352;1096347648;0;0;0;0;0;0;0;0;0;0;0;1442;0;0;89;0;70;0;
4035;1256166;1018298368;18788352;1096347648;0;0;0;0;0;0;0;0;0;0;0;1412;0;0;89;0;70;0;
4036;1617193;1018298368;18788352;1096347648;0;0;0;0;0;0;0;0;0;0;0;1432;0;0;89;0;70;0;
4037;1877782;1018298368;18788352;1096347648;0;0;0;0;0;0;0;0;0;0;0;1433;0;0;89;0;70;0;
4038;1590463;1018298368;18788352;1096347648;0;0;0;0;0;0;0;0;0;0;0;1412;0;0;89;0;70;0;
4039;1900313;1018298368;18788352;1096347648;0;0;0;0;0;0;0;0;0;0;0;1483;0;0;89;0;70;0;
4040;1446713;1018298368;18788352;1096347648;0;0;0;0;0;0;0;0;0;0;0;1512;0;0;89;0;70;0;
4041;1949265;1018298368;18788352;1096347648;0;0;0;0;0;0;0;0;0;0;0;1503;0;0;89;0;70;0;
4042;2383260;1018437632;18784256;1096343552;0;0;0;0;0;0;0;0;0;0;0;1623;0;0;89;0;70;0;
4043;1477371;1018437632;18784256;1096343552;0;0;0;0;0;0;0;0;0;0;0;1803;0;0;89;0;70;0;
4044;1515322;1018437632;18784256;1096343552;0;0;0;0;0;0;0;0;0;0;0;1532;0;0;89;0;70;0;
4045;4878158;1018437632;18784256;1096343552;0;0;0;0;0;0;0;0;0;0;0;1452;0;0;89;0;70;0;
4046;1864837;1018437632;18788352;1096347648;0;0;0;0;0;0;0;0;0;0;0;1543;0;0;89;0;70;0;
4047;1539677;1018437632;18788352;1096347648;0;0;0;0;0;0;0;0;0;0;0;1493;0;0;89;0;70;0;
4048;1823690;1018437632;18788352;1096347648;0;0;0;0;0;0;0;0;0;0;0;1463;0;0;89;0;70;0;
4049;2117742;1018437632;18788352;1096347648;0;0;0;0;0;0;0;0;0;0;0;1463;0;0;89;0;70;0;
4050;1373656;1018437632;18788352;1096347648;0;0;0;0;0;0;0;0;0;0;0;1463;0;0;89;0;70;0;
4051;957295;1018437632;18788352;1096347648;0;0;0;0;0;0;0;0;0;0;0;1473;0;0;89;0;70;0;
4052;2139071;1018437632;18788352;1096347648;0;0;0;0;0;0;0;0;0;0;0;1573;0;0;89;0;70;0;
4053;1901466;1018437632;18788352;1096347648;0;0;0;0;0;0;0;0;0;0;0;1603;0;0;89;0;70;0;
4054;1687265;1018437632;18788352;1096347648;0;0;0;0;0;0;0;0;0;0;0;1442;0;0;89;0;70;0;
4055;2422903;1018437632;18788352;1096347648;0;0;0;0;0;0;0;0;0;0;0;1733;0;0;89;0;70;0;
4056;1340564;1018437632;18788352;1096347648;0;0;0;0;0;0;0;0;0;0;0;1473;0;0;89;0;70;0;
4057;1250645;1018437632;18788352;1096347648;0;0;0;0;0;0;0;0;0;0;0;1452;0;0;89;0;70;0;
4058;4375506;1018437632;18788352;1096347648;0;0;0;0;0;0;0;0;0;0;0;1473;0;0;89;0;70;0;
4059;2216457;1018437632;18788352;1096347648;0;0;0;0;0;0;0;0;0;0;0;1503;0;0;89;0;70;0;
4060;1844108;1018437632;18788352;1096347648;0;0;0;0;0;0;0;0;0;0;0;1393;0;0;89;0;70;0;
4061;1989311;1018437632;18788352;1096347648;0;0;0;0;0;0;0;0;0;0;0;37039;0;0;89;0;70;0;
4062;1447074;1018437632;18788352;1096347648;0;0;0;0;0;0;0;0;0;0;0;1443;0;0;89;0;70;0;
4063;1875066;1018437632;18788352;1096347648;0;0;0;0;0;0;0;0;0;0;0;1763;0;0;89;0;70;0;
4064;1517065;1018437632;18788352;1096347648;0;0;0;0;0;0;0;0;0;0;0;1452;0;0;89;0;70;0;
4065;1630007;1018437632;18788352;1096347648;0;0;0;0;0;0;0;0;0;0;0;1443;0;0;89;0;70;0;
4066;1939909;1018437632;18788352;1096347648;0;0;0;0;0;0;0;0;0;0;0;1634;0;0;89;0;70;0;
4067;1987297;1018433536;18780160;1096339456;0;0;0;0;0;0;0;0;0;0;0;1472;0;0;89;0;70;0;
4068;1159985;1018433536;18780160;1096339456;0;0;0;0;0;0;0;0;0;0;0;1523;0;0;89;0;70;0;
4069;1100895;1018433536;18780160;1096339456;0;0;0;0;0;0;0;0;0;0;0;1432;0;0;89;0;70;0;
4070;3762717;1018433536;18780160;1096339456;0;0;0;0;0;0;0;0;0;0;0;1383;0;0;89;0;70;0;
4071;4000041;1018433536;18780160;1096339456;0;0;0;0;0;0;0;0;0;0;0;1703;0;0;89;0;70;0;
4072;1818601;1018433536;18780160;1096339456;0;0;0;0;0;0;0;0;0;0;0;2165;0;0;89;0;70;0;
4073;2443102;1018433536;18780160;1096339456;0;0;0;0;0;0;0;0;0;0;0;1793;0;0;89;0;70;0;
4074;2045005;1018433536;18780160;1096339456;0;0;0;0;0;0;0;0;0;0;0;1883;0;0;89;0;70;0;
4075;2364745;1018433536;18780160;1096339456;0;0;0;0;0;0;0;0;0;0;0;1733;0;0;89;0;70;0;
4076;2584467;1018433536;18780160;1096339456;0;0;0;0;0;0;0;0;0;0;0;1603;0;0;89;0;70;0;
4077;1696883;1018433536;18780160;1096339456;0;0;0;0;0;0;0;0;0;0;0;2214;0;0;89;0;70;0;
4078;1640677;1018433536;18780160;1096339456;0;0;0;0;0;0;0;0;0;0;0;1302;0;0;89;0;70;0;
4079;3373728;1011863552;12193792;1089753088;0;0;0;0;0;0;0;0;0;0;0;1914;0;0;89;0;70;0;
4080;2030698;1011863552;12193792;1089753088;0;0;0;0;0;0;0;0;0;0;0;2094;0;0;89;0;70;0;
4081;1648201;1011863552;12193792;1089753088;0;0;0;0;0;0;0;0;0;0;0;2114;0;0;89;0;70;0;
4082;5201264;1011863552;12193792;1089753088;0;0;0;0;0;0;0;0;0;0;0;1693;0;0;89;0;70;0;
4083;2787688;1012400128;18788352;1096347648;0;0;0;0;0;0;0;0;0;0;0;2896;0;0;89;0;70;0;
4084;1996515;1012400128;18788352;1096347648;0;0;0;0;0;0;0;0;0;0;0;2354;0;0;89;0;70;0;
4085;2227087;1012400128;18788352;1096347648;0;0;0;0;0;0;0;0;0;0;0;1232;0;0;89;0;70;0;
4086;3442816;1012400128;18788352;1096347648;0;0;0;0;0;0;0;0;0;0;0;1542;0;0;89;0;70;0;
4087;2484078;1012400128;18788352;1096347648;0;0;0;0;0;0;0;0;0;0;0;2725;0;0;89;0;70;0;
4088;3562070;1012400128;18788352;1096347648;0;0;0;0;0;0;0;0;0;0;0;5631;0;0;89;0;70;0;
4089;3893992;1012400128;18788352;1096347648;0;0;0;0;0;0;0;0;0;0;0;2054;0;0;89;0;70;0;
4090;1731838;1012400128;18788352;1096347648;0;0;0;0;0;0;0;0;0;0;0;1503;0;0;89;0;70;0;
4091;1979382;1012400128;18788352;1096347648;0;0;0;0;0;0;0;0;0;0;0;1703;0;0;89;0;70;0;
4092;2170149;1012400128;18788352;1096347648;0;0;0;0;0;0;0;0;0;0;0;1393;0;0;89;0;70;0;
4093;2147868;1012400128;18788352;1096347648;0;0;0;0;0;0;0;0;0;0;0;1583;0;0;89;0;70;0;
4094;1700309;1012400128;18788352;1096347648;0;0;0;0;0;0;0;0;0;0;0;1463;0;0;89;0;70;0;
4095;5342940;1012400128;18788352;1096347648;0;0;0;0;0;0;0;0;0;0;0;1653;0;0;89;0;70;0;
4096;4588325;1015304192;18788352;1096347648;0;0;0;0;0;0;0;0;0;0;0;2786;0;0;89;0;70;0;
4097;2839916;1015304192;18788352;1096347648;0;0;0;0;0;0;0;0;0;0;0;1463;0;0;89;0;70;0;
4098;2547357;1015304192;18788352;1096347648;0;0;0;0;0;0;0;0;0;0;0;1323;0;0;89;0;70;0;
4099;2404479;1015304192;18788352;1096347648;0;0;0;0;0;0;0;0;0;0;0;1433;0;0;89;0;70;0;
4100;1825033;1015304192;18788352;1096347648;0;0;0;0;0;0;0;0;0;0;0;1513;0;0;89;0;70;0;
4101;2482014;1015304192;18788352;1096347648;0;0;0;0;0;0;0;0;0;0;0;1513;0;0;89;0;70;0;
4102;2487896;1015304192;18788352;1096347648;0;0;0;0;0;0;0;0;0;0;0;1423;0;0;89;0;70;0;
4103;1571898;1015304192;18788352;1096347648;0;0;0;0;0;0;0;0;0;0;0;1453;0;0;89;0;70;0;
4104;2460945;1015304192;18788352;1096347648;0;0;0;0;0;0;0;0;0;0;0;1523;0;0;89;0;70;0;
4105;1979983;1015304192;18788352;1096347648;0;0;0;0;0;0;0;0;0;0;0;1392;0;0;89;0;70;0;
4106;1810665;1015304192;18788352;1096347648;0;0;0;0;0;0;0;0;0;0;0;1483;0;0;89;0;70;0;
4107;1695971;1015304192;18788352;1096347648;0;0;0;0;0;0;0;0;0;0;0;1453;0;0;89;0;70;0;
4108;4892004;1015304192;18788352;1096347648;0;0;0;0;0;0;0;0;0;0;0;1473;0;0;89;0;70;0;
4109;3221201;1015304192;18788352;1096347648;0;0;0;0;0;0;0;0;0;0;0;2194;0;0;89;0;70;0;
4110;1529659;1015304192;18788352;1096347648;0;0;0;0;0;0;0;0;0;0;0;1483;0;0;89;0;70;0;
4111;2636023;1017401344;18788352;1096347648;0;0;0;0;0;0;0;0;0;0;0;1483;0;0;89;0;70;0;
4112;2219292;1017401344;18788352;1096347648;0;0;0;0;0;0;0;0;0;0;0;1212;0;0;89;0;70;0;
4113;2207901;1017401344;18788352;1096347648;0;0;0;0;0;0;0;0;0;0;0;1623;0;0;89;0;70;0;
4114;1717712;1017401344;18788352;1096347648;0;0;0;0;0;0;0;0;0;0;0;1523;0;0;89;0;70;0;
4115;2834877;1017401344;18788352;1096347648;0;0;0;0;0;0;0;0;0;0;0;1502;0;0;89;0;70;0;
4116;1787072;1017401344;18788352;1096347648;0;0;0;0;0;0;0;0;0;0;0;1403;0;0;89;0;70;0;
4117;943820;1017401344;18788352;1096347648;0;0;0;0;0;0;0;0;0;0;0;1433;0;0;89;0;70;0;
4118;2274295;1017401344;18788352;1096347648;0;0;0;0;0;0;0;0;0;0;0;1462;0;0;89;0;70;0;
4119;2027663;1017401344;18788352;1096347648;0;0;0;0;0;0;0;0;0;0;0;1523;0;0;89;0;70;0;
4120;2918042;1017937920;18788352;1096347648;0;0;0;0;0;0;0;0;0;0;0;1744;0;0;89;0;70;0;
4121;5060941;1017937920;18788352;1096347648;0;0;0;0;0;0;0;0;0;0;0;1373;0;0;89;0;70;0;
4122;3265624;1017937920;18788352;1096347648;0;0;0;0;0;0;0;0;0;0;0;2194;0;0;89;0;70;0;
4123;1588239;1017937920;18788352;1096347648;0;0;0;0;0;0;0;0;0;0;0;1543;0;0;89;0;70;0;
4124;2912623;1017937920;18788352;1096347648;0;0;0;0;0;0;0;0;0;0;0;1593;0;0;89;0;70;0;
4125;1712431;1017937920;18788352;1096347648;0;0;0;0;0;0;0;0;0;0;0;1643;0;0;89;0;70;0;
4126;1490405;1017937920;18788352;1096347648;0;0;0;0;0;0;0;0;0;0;0;1703;0;0;89;0;70;0;
4127;1961309;1017937920;18788352;1096347648;0;0;0;0;0;0;0;0;0;0;0;1403;0;0;89;0;70;0;
4128;2344777;1017937920;18788352;1096347648;0;0;0;0;0;0;0;0;0;0;0;53079;0;0;89;0;70;0;
4129;1345343;1017937920;18788352;1096347648;0;0;0;0;0;0;0;0;0;0;0;1442;0;0;89;0;70;0;
4130;2100619;1018159104;18780160;1096339456;0;0;0;0;0;0;0;0;0;0;0;1442;0;0;89;0;70;0;
4131;2106741;1018159104;18780160;1096339456;0;0;0;0;0;0;0;0;0;0;0;1593;0;0;89;0;70;0;
4132;1449739;1018159104;18780160;1096339456;0;0;0;0;0;0;0;0;0;0;0;1573;0;0;89;0;70;0;
4133;5608027;1018159104;18780160;1096339456;0;0;0;0;0;0;0;0;0;0;0;1472;0;0;89;0;70;0;
4134;4140676;1018159104;18788352;1096347648;0;0;0;0;0;0;0;0;0;0;0;1713;0;0;89;0;70;0;
4135;1477511;1018159104;18788352;1096347648;0;0;0;0;0;0;0;0;0;0;0;1502;0;0;89;0;70;0;
4136;1840412;1018159104;18788352;1096347648;0;0;0;0;0;0;0;0;0;0;0;1433;0;0;89;0;70;0;
4137;3070238;1018159104;18788352;1096347648;0;0;0;0;0;0;0;0;0;0;0;1483;0;0;89;0;70;0;
4138;2409710;1018159104;18788352;1096347648;0;0;0;0;0;0;0;0;0;0;0;1443;0;0;89;0;70;0;
4139;1543464;1018159104;18788352;1096347648;0;0;0;0;0;0;0;0;0;0;0;1543;0;0;89;0;70;0;
4140;2785484;1018159104;18788352;1096347648;0;0;0;0;0;0;0;0;0;0;0;1573;0;0;89;0;70;0;
4141;1099913;1018159104;18788352;1096347648;0;0;0;0;0;0;0;0;0;0;0;1412;0;0;89;0;70;0;
4142;1148924;1018159104;18788352;1096347648;0;0;0;0;0;0;0;0;0;0;0;1463;0;0;89;0;70;0;
4143;2406292;1018159104;18788352;1096347648;0;0;0;0;0;0;0;0;0;0;0;1603;0;0;89;0;70;0;
4144;1540279;1018159104;18788352;1096347648;0;0;0;0;0;0;0;0;0;0;0;1583;0;0;89;0;70;0;
4145;1452194;1018159104;18788352;1096347648;0;0;0;0;0;0;0;0;0;0;0;1443;0;0;89;0;70;0;
4146;4957717;1018159104;18788352;1096347648;0;0;0;0;0;0;0;0;0;0;0;1453;0;0;89;0;70;0;
4147;2594256;1018159104;18788352;1096347648;0;0;0;0;0;0;0;0;0;0;0;1674;0;0;89;0;70;0;
4148;1680392;1018159104;18788352;1096347648;0;0;0;0;0;0;0;0;0;0;0;1483;0;0;89;0;70;0;
4149;1370420;1018159104;18788352;1096347648;0;0;0;0;0;0;0;0;0;0;0;1393;0;0;89;0;70;0;
4150;1802430;1018159104;18788352;1096347648;0;0;0;0;0;0;0;0;0;0;0;1393;0;0;89;0;70;0;
4151;1363587;1018159104;18788352;1096347648;0;0;0;0;0;0;0;0;0;0;0;1593;0;0;89;0;70;0;
4152;1710538;1018159104;18788352;1096347648;0;0;0;0;0;0;0;0;0;0;0;1583;0;0;89;0;70;0;
4153;2507763;1018159104;18788352;1096347648;0;0;0;0;0;0;0;0;0;0;0;1523;0;0;89;0;70;0;
4154;1789687;1018159104;18788352;1096347648;0;0;0;0;0;0;0;0;0;0;0;1563;0;0;89;0;70;0;
4155;1646387;1018159104;18788352;1096347648;0;0;0;0;0;0;0;0;0;0;0;1513;0;0;89;0;70;0;
4156;2102303;1018159104;18788352;1096347648;0;0;0;0;0;0;0;0;0;0;0;1443;0;0;89;0;70;0;
4157;2034034;1018159104;18788352;1096347648;0;0;0;0;0;0;0;0;0;0;0;1523;0;0;89;0;70;0;
4158;1846983;1018159104;18788352;1096347648;0;0;0;0;0;0;0;0;0;0;0;1413;0;0;89;0;70;0;
4159;4485121;1018159104;18788352;1096347648;0;0;0;0;0;0;0;0;0;0;0;1543;0;0;89;0;70;0;
4160;2937018;1018159104;18788352;1096347648;0;0;0;0;0;0;0;0;0;0;0;1543;0;0;89;0;70;0;
4161;2224431;1018159104;18788352;1096347648;0;0;0;0;0;0;0;0;0;0;0;1663;0;0;89;0;70;0;
4162;2142759;1018159104;18788352;1096347648;0;0;0;0;0;0;0;0;0;0;0;1413;0;0;89;0;70;0;
4163;1883453;1018159104;18788352;1096347648;0;0;0;0;0;0;0;0;0;0;0;1412;0;0;89;0;70;0;
4164;1661776;1018159104;18788352;1096347648;0;0;0;0;0;0;0;0;0;0;0;1362;0;0;89;0;70;0;
4165;1670483;1018159104;18788352;1096347648;0;0;0;0;0;0;0;0;0;0;0;1523;0;0;89;0;70;0;
4166;1322671;1018159104;18788352;1096347648;0;0;0;0;0;0;0;0;0;0;0;1443;0;0;89;0;70;0;
4167;1174923;1018159104;18788352;1096347648;0;0;0;0;0;0;0;0;0;0;0;1392;0;0;89;0;70;0;
4168;1692855;1018208256;18780160;1096339456;0;0;0;0;0;0;0;0;0;0;0;1402;0;0;89;0;70;0;
4169;1853746;1018208256;18780160;1096339456;0;0;0;0;0;0;0;0;0;0;0;1543;0;0;89;0;70;0;
4170;1999249;1018208256;18780160;1096339456;0;0;0;0;0;0;0;0;0;0;0;1373;0;0;89;0;70;0;
4171;5501888;1018208256;18780160;1096339456;0;0;0;0;0;0;0;0;0;0;0;1302;0;0;89;0;70;0;
4172;2705093;1018208256;18788352;1096347648;0;0;0;0;0;0;0;0;0;0;0;1603;0;0;89;0;70;0;
4173;2247685;1018208256;18788352;1096347648;0;0;0;0;0;0;0;0;0;0;0;1493;0;0;89;0;70;0;
4174;1078984;1018208256;18788352;1096347648;0;0;0;0;0;0;0;0;0;0;0;1734;0;0;89;0;70;0;
4175;2007094;1018208256;18788352;1096347648;0;0;0;0;0;0;0;0;0;0;0;1403;0;0;89;0;70;0;
4176;1839300;1018208256;18788352;1096347648;0;0;0;0;0;0;0;0;0;0;0;1573;0;0;89;0;70;0;
4177;1856431;1018208256;18788352;1096347648;0;0;0;0;0;0;0;0;0;0;0;1803;0;0;89;0;70;0;
4178;2146806;1018208256;18788352;1096347648;0;0;0;0;0;0;0;0;0;0;0;1563;0;0;89;0;70;0;
4179;1682646;1018208256;18788352;1096347648;0;0;0;0;0;0;0;0;0;0;0;43121;0;0;89;0;70;0;
4180;1497489;1018208256;18788352;1096347648;0;0;0;0;0;0;0;0;0;0;0;1663;0;0;89;0;70;0;
4181;2929394;1018208256;18788352;1096347648;0;0;0;0;0;0;0;0;0;0;0;1643;0;0;89;0;70;0;
4182;1989581;1018208256;18788352;1096347648;0;0;0;0;0;0;0;0;0;0;0;1423;0;0;89;0;70;0;
4183;1124418;1018208256;18788352;1096347648;0;0;0;0;0;0;0;0;0;0;0;1422;0;0;89;0;70;0;
4184;5432408;1018208256;18788352;1096347648;0;0;0;0;0;0;0;0;0;0;0;2485;0;0;89;0;70;0;
4185;3440473;1018208256;18788352;1096347648;0;0;0;0;0;0;0;0;0;0;0;1483;0;0;89;0;70;0;
4186;1523747;1018208256;18788352;1096347648;0;0;0;0;0;0;0;0;0;0;0;1583;0;0;89;0;70;0;
4187;1958553;1018208256;18788352;1096347648;0;0;0;0;0;0;0;0;0;0;0;1443;0;0;89;0;70;0;
4188;2385774;1018208256;18788352;1096347648;0;0;0;0;0;0;0;0;0;0;0;1543;0;0;89;0;70;0;
4189;2431760;1018208256;18788352;1096347648;0;0;0;0;0;0;0;0;0;0;0;1412;0;0;89;0;70;0;
4190;2088527;1018208256;18788352;1096347648;0;0;0;0;0;0;0;0;0;0;0;1423;0;0;89;0;70;0;
4191;1921283;1018208256;18788352;1096347648;0;0;0;0;0;0;0;0;0;0;0;1493;0;0;89;0;70;0;
4192;1467913;1018208256;18788352;1096347648;0;0;0;0;0;0;0;0;0;0;0;1784;0;0;89;0;70;0;
4193;2095680;1018208256;18788352;1096347648;0;0;0;0;0;0;0;0;0;0;0;1573;0;0;89;0;70;0;
4194;2050265;1018208256;18788352;1096347648;0;0;0;0;0;0;0;0;0;0;0;1413;0;0;89;0;70;0;
4195;1818821;1018208256;18788352;1096347648;0;0;0;0;0;0;0;0;0;0;0;1503;0;0;89;0;70;0;
4196;2086152;1018208256;18788352;1096347648;0;0;0;0;0;0;0;0;0;0;0;1663;0;0;89;0;70;0;
4197;5492631;1018208256;18788352;1096347648;0;0;0;0;0;0;0;0;0;0;0;1443;0;0;89;0;70;0;
4198;2919425;1018208256;18788352;1096347648;0;0;0;0;0;0;0;0;0;0;0;2505;0;0;89;0;70;0;
4199;2638027;1018208256;18788352;1096347648;0;0;0;0;0;0;0;0;0;0;0;1423;0;0;89;0;70;0;
4200;1707623;1018208256;18788352;1096347648;0;0;0;0;0;0;0;0;0;0;0;1673;0;0;89;0;70;0;
4201;2814158;1018208256;18788352;1096347648;0;0;0;0;0;0;0;0;0;0;0;1523;0;0;89;0;70;0;
4202;1413040;1018208256;18788352;1096347648;0;0;0;0;0;0;0;0;0;0;0;1633;0;0;89;0;70;0;
4203;1924870;1018208256;18788352;1096347648;0;0;0;0;0;0;0;0;0;0;0;1412;0;0;89;0;70;0;
4204;7937967;1018208256;18788352;1096347648;0;0;0;0;0;0;0;0;0;0;0;1432;0;0;89;0;70;0;
4205;2432231;1018208256;18788352;1096347648;0;0;0;0;0;0;0;0;0;0;0;1633;0;0;89;0;70;0;
4206;1768066;1018208256;18788352;1096347648;0;0;0;0;0;0;0;0;0;0;0;1543;0;0;89;0;70;0;
4207;2760106;1018208256;18788352;1096347648;0;0;0;0;0;0;0;0;0;0;0;1463;0;0;89;0;70;0;
4208;2313298;1018208256;18788352;1096347648;0;0;0;0;0;0;0;0;0;0;0;1403;0;0;89;0;70;0;
4209;2421562;1018208256;18788352;1096347648;0;0;0;0;0;0;0;0;0;0;0;1734;0;0;89;0;70;0;
4210;4691919;1018208256;18788352;1096347648;0;0;0;0;0;0;0;0;0;0;0;1253;0;0;89;0;70;0;
4211;3137193;1018208256;18788352;1096347648;0;0;0;0;0;0;0;0;0;0;0;1422;0;0;89;0;70;0;
4212;2362882;1018208256;18788352;1096347648;0;0;0;0;0;0;0;0;0;0;0;1303;0;0;89;0;70;0;
4213;2589045;1018208256;18788352;1096347648;0;0;0;0;0;0;0;0;0;0;0;1433;0;0;89;0;70;0;
4214;2095670;1018208256;18788352;1096347648;0;0;0;0;0;0;0;0;0;0;0;1473;0;0;89;0;70;0;
4215;1977929;1018208256;18788352;1096347648;0;0;0;0;0;0;0;0;0;0;0;1623;0;0;89;0;70;0;
4216;2324679;1018208256;18788352;1096347648;0;0;0;0;0;0;0;0;0;0;0;1232;0;0;89;0;70;0;
4217;1559525;1018208256;18788352;1096347648;0;0;0;0;0;0;0;0;0;0;0;1232;0;0;89;0;70;0;
4218;2116219;1018208256;18788352;1096347648;0;0;0;0;0;0;0;0;0;0;0;1513;0;0;89;0;70;0;
4219;2277371;1018290176;18780160;1096339456;0;0;0;0;0;0;0;0;0;0;0;1473;0;0;89;0;70;0;
4220;1728271;1018290176;18780160;1096339456;0;0;0;0;0;0;0;0;0;0;0;1523;0;0;89;0;70;0;
4221;1541130;1018290176;18780160;1096339456;0;0;0;0;0;0;0;0;0;0;0;1483;0;0;89;0;70;0;
4222;4901382;1018290176;18780160;1096339456;0;0;0;0;0;0;0;0;0;0;0;1262;0;0;89;0;70;0;
4223;3439630;1018290176;18788352;1096347648;0;0;0;0;0;0;0;0;0;0;0;1683;0;0;89;0;70;0;
4224;1637311;1018290176;18788352;1096347648;0;0;0;0;0;0;0;0;0;0;0;1643;0;0;89;0;70;0;
4225;1214298;1018290176;18788352;1096347648;0;0;0;0;0;0;0;0;0;0;0;1403;0;0;89;0;70;0;
4226;1884083;1018290176;18788352;1096347648;0;0;0;0;0;0;0;0;0;0;0;1553;0;0;89;0;70;0;
4227;1769188;1018290176;18788352;1096347648;0;0;0;0;0;0;0;0;0;0;0;1533;0;0;89;0;70;0;
4228;1566518;1018290176;18788352;1096347648;0;0;0;0;0;0;0;0;0;0;0;1472;0;0;89;0;70;0;
4229;1817248;1018290176;18788352;1096347648;0;0;0;0;0;0;0;0;0;0;0;1473;0;0;89;0;70;0;
4230;1145248;1018290176;18788352;1096347648;0;0;0;0;0;0;0;0;0;0;0;1333;0;0;89;0;70;0;
4231;1731888;1018290176;18788352;1096347648;0;0;0;0;0;0;0;0;0;0;0;1613;0;0;89;0;70;0;
4232;2075602;1018290176;18788352;1096347648;0;0;0;0;0;0;0;0;0;0;0;1412;0;0;89;0;70;0;
4233;1769499;1018290176;18788352;1096347648;0;0;0;0;0;0;0;0;0;0;0;1422;0;0;89;0;70;0;
4234;1941512;1018290176;18788352;1096347648;0;0;0;0;0;0;0;0;0;0;0;1423;0;0;89;0;70;0;
4235;5279942;1018290176;18788352;1096347648;0;0;0;0;0;0;0;0;0;0;0;1393;0;0;89;0;70;0;
4236;2538901;1018290176;18788352;1096347648;0;0;0;0;0;0;0;0;0;0;0;1623;0;0;89;0;70;0;
4237;2721935;1018290176;18788352;1096347648;0;0;0;0;0;0;0;0;0;0;0;1362;0;0;89;0;70;0;
4238;1622312;1018290176;18788352;1096347648;0;0;0;0;0;0;0;0;0;0;0;1423;0;0;89;0;70;0;
4239;2535265;1018290176;18788352;1096347648;0;0;0;0;0;0;0;0;0;0;0;1423;0;0;89;0;70;0;
4240;2187612;1018290176;18788352;1096347648;0;0;0;0;0;0;0;0;0;0;0;1373;0;0;89;0;70;0;
4241;1853065;1018290176;18788352;1096347648;0;0;0;0;0;0;0;0;0;0;0;1403;0;0;89;0;70;0;
4242;3246679;1018290176;18788352;1096347648;0;0;0;0;0;0;0;0;0;0;0;1423;0;0;89;0;70;0;
4243;1269370;1018290176;18788352;1096347648;0;0;0;0;0;0;0;0;0;0;0;1313;0;0;89;0;70;0;
4244;1327129;1018290176;18788352;1096347648;0;0;0;0;0;0;0;0;0;0;0;1272;0;0;89;0;70;0;
4245;2696446;1018290176;18788352;1096347648;0;0;0;0;0;0;0;0;0;0;0;1513;0;0;89;0;70;0;
4246;2441419;1018290176;18788352;1096347648;0;0;0;0;0;0;0;0;0;0;0;1492;0;0;89;0;70;0;
4247;1865128;1018290176;18788352;1096347648;0;0;0;0;0;0;0;0;0;0;0;1543;0;0;89;0;70;0;
4248;5028300;1018290176;18788352;1096347648;0;0;0;0;0;0;0;0;0;0;0;1463;0;0;89;0;70;0;
4249;3196995;1018290176;18788352;1096347648;0;0;0;0;0;0;0;0;0;0;0;1694;0;0;89;0;70;0;
4250;1940489;1018290176;18788352;1096347648;0;0;0;0;0;0;0;0;0;0;0;1302;0;0;89;0;70;0;
4251;1612804;1018290176;18788352;1096347648;0;0;0;0;0;0;0;0;0;0;0;1393;0;0;89;0;70;0;
4252;2430518;1018290176;18788352;1096347648;0;0;0;0;0;0;0;0;0;0;0;1473;0;0;89;0;70;0;
4253;1841965;1018290176;18788352;1096347648;0;0;0;0;0;0;0;0;0;0;0;1483;0;0;89;0;70;0;
4254;1763507;1018290176;18788352;1096347648;0;0;0;0;0;0;0;0;0;0;0;1483;0;0;89;0;70;0;
4255;2508114;1018290176;18788352;1096347648;0;0;0;0;0;0;0;0;0;0;0;1222;0;0;89;0;70;0;
4256;2128532;1018290176;18788352;1096347648;0;0;0;0;0;0;0;0;0;0;0;1623;0;0;89;0;70;0;
4257;1363116;1018290176;18788352;1096347648;0;0;0;0;0;0;0;0;0;0;0;1443;0;0;89;0;70;0;
4258;2457689;1012887552;13312000;1090871296;0;0;0;0;0;0;0;0;0;0;0;1233;0;0;89;0;70;0;
4259;1665764;1012887552;13312000;1090871296;0;0;0;0;0;0;0;0;0;0;0;1463;0;0;89;0;70;0;
4260;1300789;1012887552;13312000;1090871296;0;0;0;0;0;0;0;0;0;0;0;1423;0;0;89;0;70;0;
4261;3885687;1012887552;13312000;1090871296;0;0;0;0;0;0;0;0;0;0;0;1714;0;0;89;0;70;0;
4262;3083813;1013424128;18788352;1096347648;0;0;0;0;0;0;0;0;0;0;0;2235;0;0;89;0;70;0;
4263;1710468;1013424128;18788352;1096347648;0;0;0;0;0;0;0;0;0;0;0;1413;0;0;89;0;70;0;
4264;1797561;1016057856;18788352;1096347648;0;0;0;0;0;0;0;0;0;0;0;1462;0;0;89;0;70;0;
4265;1770540;1016057856;18788352;1096347648;0;0;0;0;0;0;0;0;0;0;0;1423;0;0;89;0;70;0;
4266;1255575;1016057856;18788352;1096347648;0;0;0;0;0;0;0;0;0;0;0;1433;0;0;89;0;70;0;
4267;1422888;1016057856;18788352;1096347648;0;0;0;0;0;0;0;0;0;0;0;1533;0;0;89;0;70;0;
4268;2308359;1016057856;18788352;1096347648;0;0;0;0;0;0;0;0;0;0;0;1483;0;0;89;0;70;0;
4269;1759870;1016057856;18788352;1096347648;0;0;0;0;0;0;0;0;0;0;0;1513;0;0;89;0;70;0;
4270;1870648;1016057856;18788352;1096347648;0;0;0;0;0;0;0;0;0;0;0;1442;0;0;89;0;70;0;
4271;2146796;1016328192;18788352;1096347648;0;0;0;0;0;0;0;0;0;0;0;1262;0;0;89;0;70;0;
4272;1495374;1016328192;18788352;1096347648;0;0;0;0;0;0;0;0;0;0;0;1183;0;0;89;0;70;0;
4273;1661826;1017139200;18788352;1096347648;0;0;0;0;0;0;0;0;0;0;0;1573;0;0;89;0;70;0;
4274;4475914;1017950208;18788352;1096347648;0;0;0;0;0;0;0;0;0;0;0;1393;0;0;89;0;70;0;
4275;3179092;1017950208;18788352;1096347648;0;0;0;0;0;0;0;0;0;0;0;1473;0;0;89;0;70;0;
4276;1627281;1017950208;18788352;1096347648;0;0;0;0;0;0;0;0;0;0;0;1793;0;0;89;0;70;0;
4277;4087485;1017950208;18788352;1096347648;0;0;0;0;0;0;0;0;0;0;0;1523;0;0;89;0;70;0;
4278;2066867;1017950208;18788352;1096347648;0;0;0;0;0;0;0;0;0;0;0;1453;0;0;89;0;70;0;
4279;1978190;1017950208;18788352;1096347648;0;0;0;0;0;0;0;0;0;0;0;1433;0;0;89;0;70;0;
4280;1953553;1017950208;18788352;1096347648;0;0;0;0;0;0;0;0;0;0;0;1452;0;0;89;0;70;0;
4281;1925662;1017950208;18788352;1096347648;0;0;0;0;0;0;0;0;0;0;0;1243;0;0;89;0;70;0;
4282;1466140;1017950208;18788352;1096347648;0;0;0;0;0;0;0;0;0;0;0;1282;0;0;89;0;70;0;
4283;1664952;1017950208;18788352;1096347648;0;0;0;0;0;0;0;0;0;0;0;1432;0;0;89;0;70;0;
4284;1910753;1017950208;18788352;1096347648;0;0;0;0;0;0;0;0;0;0;0;1483;0;0;89;0;70;0;
4285;1467953;1017950208;18788352;1096347648;0;0;0;0;0;0;0;0;0;0;0;1533;0;0;89;0;70;0;
4286;1533516;1017950208;18788352;1096347648;0;0;0;0;0;0;0;0;0;0;0;1483;0;0;89;0;70;0;
4287;4889770;1017950208;18788352;1096347648;0;0;0;0;0;0;0;0;0;0;0;1493;0;0;89;0;70;0;
4288;3529389;1017950208;18788352;1096347648;0;0;0;0;0;0;0;0;0;0;0;1814;0;0;89;0;70;0;
4289;1481989;1017950208;18788352;1096347648;0;0;0;0;0;0;0;0;0;0;0;1533;0;0;89;0;70;0;
4290;1891868;1017950208;18788352;1096347648;0;0;0;0;0;0;0;0;0;0;0;1433;0;0;89;0;70;0;
4291;2206818;1017950208;18788352;1096347648;0;0;0;0;0;0;0;0;0;0;0;1533;0;0;89;0;70;0;
4292;1182578;1017950208;18788352;1096347648;0;0;0;0;0;0;0;0;0;0;0;1262;0;0;89;0;70;0;
4293;1198938;1017950208;18788352;1096347648;0;0;0;0;0;0;0;0;0;0;0;1473;0;0;89;0;70;0;
4294;1781110;1017950208;18788352;1096347648;0;0;0;0;0;0;0;0;0;0;0;1423;0;0;89;0;70;0;
4295;1287404;1017950208;18788352;1096347648;0;0;0;0;0;0;0;0;0;0;0;1923;0;0;89;0;70;0;
4296;1948755;1017950208;18788352;1096347648;0;0;0;0;0;0;0;0;0;0;0;1292;0;0;89;0;70;0;
4297;2044204;1017950208;18788352;1096347648;0;0;0;0;0;0;0;0;0;0;0;1483;0;0;89;0;70;0;
4298;1590492;1017950208;18788352;1096347648;0;0;0;0;0;0;0;0;0;0;0;1422;0;0;89;0;70;0;
4299;1280782;1017950208;18788352;1096347648;0;0;0;0;0;0;0;0;0;0;0;1413;0;0;89;0;70;0;
4300;4651083;1017950208;18788352;1096347648;0;0;0;0;0;0;0;0;0;0;0;1253;0;0;89;0;70;0;
4301;3311330;1017950208;18788352;1096347648;0;0;0;0;0;0;0;0;0;0;0;2034;0;0;89;0;70;0;
4302;2190028;1017950208;18788352;1096347648;0;0;0;0;0;0;0;0;0;0;0;1463;0;0;89;0;70;0;
4303;2864763;1017950208;18788352;1096347648;0;0;0;0;0;0;0;0;0;0;0;1482;0;0;89;0;70;0;
4304;2426360;1017950208;18788352;1096347648;0;0;0;0;0;0;0;0;0;0;0;1312;0;0;89;0;70;0;
4305;1345704;1017950208;18788352;1096347648;0;0;0;0;0;0;0;0;0;0;0;1273;0;0;89;0;70;0;
4306;1301701;1017950208;18788352;1096347648;0;0;0;0;0;0;0;0;0;0;0;1242;0;0;89;0;70;0;
4307;1885145;1017950208;18788352;1096347648;0;0;0;0;0;0;0;0;0;0;0;6963;0;0;89;0;70;0;
4308;1767224;1017950208;18788352;1096347648;0;0;0;0;0;0;0;0;0;0;0;1592;0;0;89;0;70;0;
4309;1519971;1017950208;18788352;1096347648;0;0;0;0;0;0;0;0;0;0;0;1643;0;0;89;0;70;0;
4310;2626806;1017950208;18788352;1096347648;0;0;0;0;0;0;0;0;0;0;0;1453;0;0;89;0;70;0;
4311;1256657;1017950208;18788352;1096347648;0;0;0;0;0;0;0;0;0;0;0;1422;0;0;89;0;70;0;
4312;1840452;1017950208;18788352;1096347648;0;0;0;0;0;0;0;0;0;0;0;1573;0;0;89;0;70;0;
4313;5195093;1017950208;18788352;1096347648;0;0;0;0;0;0;0;0;0;0;0;1512;0;0;89;0;70;0;
4314;3371332;1017950208;18788352;1096347648;0;0;0;0;0;0;0;0;0;0;0;1723;0;0;89;0;70;0;
4315;2578526;1017950208;18788352;1096347648;0;0;0;0;0;0;0;0;0;0;0;1343;0;0;89;0;70;0;
4316;1740754;1017950208;18788352;1096347648;0;0;0;0;0;0;0;0;0;0;0;1482;0;0;89;0;70;0;
4317;1892109;1017950208;18788352;1096347648;0;0;0;0;0;0;0;0;0;0;0;1433;0;0;89;0;70;0;
4318;1406698;1017950208;18788352;1096347648;0;0;0;0;0;0;0;0;0;0;0;1483;0;0;89;0;70;0;
4319;1865278;1017950208;18788352;1096347648;0;0;0;0;0;0;0;0;0;0;0;1502;0;0;89;0;70;0;
4320;2162235;1017950208;18788352;1096347648;0;0;0;0;0;0;0;0;0;0;0;1492;0;0;89;0;70;0;
4321;1629706;1017950208;18788352;1096347648;0;0;0;0;0;0;0;0;0;0;0;1853;0;0;89;0;70;0;
4322;2052198;1017950208;18788352;1096347648;0;0;0;0;0;0;0;0;0;0;0;1543;0;0;89;0;70;0;
4323;2233659;1017950208;18788352;1096347648;0;0;0;0;0;0;0;0;0;0;0;1473;0;0;89;0;70;0;
4324;2127841;1017950208;18788352;1096347648;0;0;0;0;0;0;0;0;0;0;0;1462;0;0;89;0;70;0;
4325;1635818;1017950208;18788352;1096347648;0;0;0;0;0;0;0;0;0;0;0;1463;0;0;89;0;70;0;
4326;5545450;1017950208;18788352;1096347648;0;0;0;0;0;0;0;0;0;0;0;1593;0;0;89;0;70;0;
4327;2287991;1017950208;18788352;1096347648;0;0;0;0;0;0;0;0;0;0;0;1693;0;0;89;0;70;0;
4328;1620609;1017950208;18788352;1096347648;0;0;0;0;0;0;0;0;0;0;0;1423;0;0;89;0;70;0;
4329;1637802;1017950208;18788352;1096347648;0;0;0;0;0;0;0;0;0;0;0;1453;0;0;89;0;70;0;
4330;1961528;1017950208;18788352;1096347648;0;0;0;0;0;0;0;0;0;0;0;1413;0;0;89;0;70;0;
4331;1981707;1017950208;18788352;1096347648;0;0;0;0;0;0;0;0;0;0;0;1483;0;0;89;0;70;0;
4332;1801679;1017950208;18788352;1096347648;0;0;0;0;0;0;0;0;0;0;0;1453;0;0;89;0;70;0;
4333;2618520;1017950208;18788352;1096347648;0;0;0;0;0;0;0;0;0;0;0;1502;0;0;89;0;70;0;
4334;2027322;1017950208;18788352;1096347648;0;0;0;0;0;0;0;0;0;0;0;1493;0;0;89;0;70;0;
4335;1806858;1017950208;18788352;1096347648;0;0;0;0;0;0;0;0;0;0;0;1543;0;0;89;0;70;0;
4336;2384942;1017950208;18788352;1096347648;0;0;0;0;0;0;0;0;0;0;0;1533;0;0;89;0;70;0;
4337;1345444;1017950208;18788352;1096347648;0;0;0;0;0;0;0;0;0;0;0;1503;0;0;89;0;70;0;
4338;1535350;1017950208;18788352;1096347648;0;0;0;0;0;0;0;0;0;0;0;1453;0;0;89;0;70;0;
4339;4494088;1017950208;18788352;1096347648;0;0;0;0;0;0;0;0;0;0;0;1473;0;0;89;0;70;0;
4340;3118509;1017950208;18788352;1096347648;0;0;0;0;0;0;0;0;0;0;0;1693;0;0;89;0;70;0;
4341;2362570;1017950208;18788352;1096347648;0;0;0;0;0;0;0;0;0;0;0;2064;0;0;89;0;70;0;
4342;1670452;1017950208;18788352;1096347648;0;0;0;0;0;0;0;0;0;0;0;1533;0;0;89;0;70;0;
4343;3002140;1017950208;18788352;1096347648;0;0;0;0;0;0;0;0;0;0;0;1423;0;0;89;0;70;0;
4344;2518272;1017950208;18788352;1096347648;0;0;0;0;0;0;0;0;0;0;0;1733;0;0;89;0;70;0;
4345;2273994;1017950208;18788352;1096347648;0;0;0;0;0;0;0;0;0;0;0;1493;0;0;89;0;70;0;
4346;2507502;1017950208;18788352;1096347648;0;0;0;0;0;0;0;0;0;0;0;1533;0;0;89;0;70;0;
4347;2182323;1017950208;18788352;1096347648;0;0;0;0;0;0;0;0;0;0;0;1653;0;0;89;0;70;0;
4348;1308644;1017950208;18788352;1096347648;0;0;0;0;0;0;0;0;0;0;0;1412;0;0;89;0;70;0;
4349;2526298;1017950208;18788352;1096347648;0;0;0;0;0;0;0;0;0;0;0;1472;0;0;89;0;70;0;
4350;2639130;1017950208;18788352;1096347648;0;0;0;0;0;0;0;0;0;0;0;1653;0;0;89;0;70;0;
4351;2232617;1017950208;18788352;1096347648;0;0;0;0;0;0;0;0;0;0;0;1643;0;0;89;0;70;0;
4352;5944057;1017950208;18788352;1096347648;0;0;0;0;0;0;0;0;0;0;0;1613;0;0;89;0;70;0;
4353;2230073;1017950208;18788352;1096347648;0;0;0;0;0;0;0;0;0;0;0;1673;0;0;89;0;70;0;
4354;1460188;1017950208;18788352;1096347648;0;0;0;0;0;0;0;0;0;0;0;1583;0;0;89;0;70;0;
4355;929603;1017950208;18788352;1096347648;0;0;0;0;0;0;0;0;0;0;0;1402;0;0;89;0;70;0;
4356;2250451;1017950208;18788352;1096347648;0;0;0;0;0;0;0;0;0;0;0;1473;0;0;89;0;70;0;
4357;2221857;1017950208;18788352;1096347648;0;0;0;0;0;0;0;0;0;0;0;1503;0;0;89;0;70;0;
4358;1643422;1017950208;18788352;1096347648;0;0;0;0;0;0;0;0;0;0;0;1433;0;0;89;0;70;0;
4359;2802726;1017950208;18788352;1096347648;0;0;0;0;0;0;0;0;0;0;0;1503;0;0;89;0;70;0;
4360;2613412;1017950208;18788352;1096347648;0;0;0;0;0;0;0;0;0;0;0;1503;0;0;89;0;70;0;
4361;1340263;1017950208;18788352;1096347648;0;0;0;0;0;0;0;0;0;0;0;1372;0;0;89;0;70;0;
4362;2156153;1017950208;18788352;1096347648;0;0;0;0;0;0;0;0;0;0;0;1383;0;0;89;0;70;0;
4363;1656517;1017950208;18788352;1096347648;0;0;0;0;0;0;0;0;0;0;0;1674;0;0;89;0;70;0;
4364;1663419;1017950208;18788352;1096347648;0;0;0;0;0;0;0;0;0;0;0;1452;0;0;89;0;70;0;
4365;4878499;1017950208;18788352;1096347648;0;0;0;0;0;0;0;0;0;0;0;1643;0;0;89;0;70;0;
4366;4111441;1017950208;18788352;1096347648;0;0;0;0;0;0;0;0;0;0;0;2094;0;0;89;0;70;0;
4367;1861651;1017950208;18788352;1096347648;0;0;0;0;0;0;0;0;0;0;0;1502;0;0;89;0;70;0;
4368;2425619;1017950208;18788352;1096347648;0;0;0;0;0;0;0;0;0;0;0;1593;0;0;89;0;70;0;
4369;3173983;1017950208;18788352;1096347648;0;0;0;0;0;0;0;0;0;0;0;1453;0;0;89;0;70;0;
4370;2902964;1017950208;18788352;1096347648;0;0;0;0;0;0;0;0;0;0;0;1483;0;0;89;0;70;0;
4371;1871920;1017950208;18788352;1096347648;0;0;0;0;0;0;0;0;0;0;0;1483;0;0;89;0;70;0;
4372;2291107;1017950208;18788352;1096347648;0;0;0;0;0;0;0;0;0;0;0;1583;0;0;89;0;70;0;
4373;2165340;1017950208;18788352;1096347648;0;0;0;0;0;0;0;0;0;0;0;1483;0;0;89;0;70;0;
4374;1666114;1017950208;18788352;1096347648;0;0;0;0;0;0;0;0;0;0;0;1523;0;0;89;0;70;0;
4375;2106360;1017950208;18788352;1096347648;0;0;0;0;0;0;0;0;0;0;0;1433;0;0;89;0;70;0;
4376;1824211;1017950208;18788352;1096347648;0;0;0;0;0;0;0;0;0;0;0;1543;0;0;89;0;70;0;
4377;1777543;1017950208;18788352;1096347648;0;0;0;0;0;0;0;0;0;0;0;1463;0;0;89;0;70;0;
4378;5090487;1017950208;18788352;1096347648;0;0;0;0;0;0;0;0;0;0;0;1473;0;0;89;0;70;0;
4379;3101115;1017950208;18788352;1096347648;0;0;0;0;0;0;0;0;0;0;0;1532;0;0;89;0;70;0;
4380;2292590;1017950208;18788352;1096347648;0;0;0;0;0;0;0;0;0;0;0;1463;0;0;89;0;70;0;
4381;2660610;1017950208;18788352;1096347648;0;0;0;0;0;0;0;0;0;0;0;1453;0;0;89;0;70;0;
4382;2365456;1017950208;18788352;1096347648;0;0;0;0;0;0;0;0;0;0;0;1452;0;0;89;0;70;0;
4383;2421882;1017950208;18788352;1096347648;0;0;0;0;0;0;0;0;0;0;0;1553;0;0;89;0;70;0;
4384;2718458;1017950208;18788352;1096347648;0;0;0;0;0;0;0;0;0;0;0;1172;0;0;89;0;70;0;
4385;2126488;1017950208;18788352;1096347648;0;0;0;0;0;0;0;0;0;0;0;1533;0;0;89;0;70;0;
4386;1469095;1017950208;18788352;1096347648;0;0;0;0;0;0;0;0;0;0;0;1393;0;0;89;0;70;0;
4387;2269997;1018138624;18780160;1096339456;0;0;0;0;0;0;0;0;0;0;0;1393;0;0;89;0;70;0;
4388;1925140;1018138624;18780160;1096339456;0;0;0;0;0;0;0;0;0;0;0;1653;0;0;89;0;70;0;
4389;1730064;1018138624;18780160;1096339456;0;0;0;0;0;0;0;0;0;0;0;1613;0;0;89;0;70;0;
4390;5634978;1018138624;18780160;1096339456;0;0;0;0;0;0;0;0;0;0;0;1463;0;0;89;0;70;0;
4391;4398949;1018138624;18788352;1096347648;0;0;0;0;0;0;0;0;0;0;0;2054;0;0;89;0;70;0;
4392;3036945;1018138624;18788352;1096347648;0;0;0;0;0;0;0;0;0;0;0;2725;0;0;89;0;71;0;
4393;1794616;1018138624;18788352;1096347648;0;0;0;0;0;0;0;0;0;0;0;1443;0;0;89;0;71;0;
4394;2337052;1018138624;18788352;1096347648;0;0;0;0;0;0;0;0;0;0;0;1423;0;0;89;0;71;0;
4395;1958834;1018138624;18788352;1096347648;0;0;0;0;0;0;0;0;0;0;0;1512;0;0;89;0;71;0;
4396;1099211;1018138624;18788352;1096347648;0;0;0;0;0;0;0;0;0;0;0;1382;0;0;89;0;71;0;
4397;3041945;1018138624;18788352;1096347648;0;0;0;0;0;0;0;0;0;0;0;1513;0;0;89;0;71;0;
4398;1439409;1018138624;18788352;1096347648;0;0;0;0;0;0;0;0;0;0;0;1473;0;0;89;0;71;0;
4399;3247440;1018138624;18788352;1096347648;0;0;0;0;0;0;0;0;0;0;0;1453;0;0;89;0;71;0;
4400;3627283;1018138624;18788352;1096347648;0;0;0;0;0;0;0;0;0;0;0;1553;0;0;89;0;71;0;
4401;1423630;1018138624;18788352;1096347648;0;0;0;0;0;0;0;0;0;0;0;1453;0;0;89;0;71;0;
4402;1068854;1018138624;18788352;1096347648;0;0;0;0;0;0;0;0;0;0;0;1413;0;0;89;0;71;0;
4403;5502700;1018138624;18788352;1096347648;0;0;0;0;0;0;0;0;0;0;0;1473;0;0;89;0;71;0;
4404;2605236;1018138624;18788352;1096347648;0;0;0;0;0;0;0;0;0;0;0;1743;0;0;89;0;71;0;
4405;2423666;1018138624;18788352;1096347648;0;0;0;0;0;0;0;0;0;0;0;1472;0;0;89;0;71;0;
4406;2374123;1018138624;18788352;1096347648;0;0;0;0;0;0;0;0;0;0;0;1482;0;0;89;0;71;0;
4407;2524514;1018138624;18788352;1096347648;0;0;0;0;0;0;0;0;0;0;0;1453;0;0;89;0;71;0;
4408;2163167;1018138624;18788352;1096347648;0;0;0;0;0;0;0;0;0;0;0;1523;0;0;89;0;71;0;
4409;1381010;1018138624;18788352;1096347648;0;0;0;0;0;0;0;0;0;0;0;1473;0;0;89;0;71;0;
4410;3487601;1018138624;18788352;1096347648;0;0;0;0;0;0;0;0;0;0;0;1593;0;0;89;0;71;0;
4411;2471726;1018138624;18788352;1096347648;0;0;0;0;0;0;0;0;0;0;0;1553;0;0;89;0;71;0;
4412;3069998;1018138624;18788352;1096347648;0;0;0;0;0;0;0;0;0;0;0;1553;0;0;89;0;71;0;
4413;2761760;1018138624;18788352;1096347648;0;0;0;0;0;0;0;0;0;0;0;1533;0;0;89;0;71;0;
4414;2286488;1018138624;18788352;1096347648;0;0;0;0;0;0;0;0;0;0;0;1483;0;0;89;0;71;0;
4415;1865208;1018138624;18788352;1096347648;0;0;0;0;0;0;0;0;0;0;0;1482;0;0;89;0;71;0;
4416;5101177;1018138624;18788352;1096347648;0;0;0;0;0;0;0;0;0;0;0;1583;0;0;89;0;71;0;
4417;4532741;1018138624;18788352;1096347648;0;0;0;0;0;0;0;0;0;0;0;1172;0;0;89;0;71;0;
4418;1927946;1018138624;18788352;1096347648;0;0;0;0;0;0;0;0;0;0;0;1432;0;0;89;0;71;0;
4419;2859693;1018138624;18788352;1096347648;0;0;0;0;0;0;0;0;0;0;0;1623;0;0;89;0;71;0;
4420;3004564;1018138624;18788352;1096347648;0;0;0;0;0;0;0;0;0;0;0;1473;0;0;89;0;71;0;
4421;2650210;1018138624;18788352;1096347648;0;0;0;0;0;0;0;0;0;0;0;1433;0;0;89;0;71;0;
4422;1478573;1018138624;18788352;1096347648;0;0;0;0;0;0;0;0;0;0;0;1463;0;0;89;0;71;0;
4423;3019763;1018138624;18788352;1096347648;0;0;0;0;0;0;0;0;0;0;0;2565;0;0;89;0;72;0;
4424;1566217;1018138624;18788352;1096347648;0;0;0;0;0;0;0;0;0;0;0;1523;0;0;89;0;72;0;
4425;1924669;1018138624;18788352;1096347648;0;0;0;0;0;0;0;0;0;0;0;1423;0;0;89;0;72;0;
4426;2830478;1018138624;18788352;1096347648;0;0;0;0;0;0;0;0;0;0;0;1743;0;0;89;0;72;0;
4427;1880968;1018138624;18788352;1096347648;0;0;0;0;0;0;0;0;0;0;0;1502;0;0;89;0;72;0;
4428;2284705;1018138624;18788352;1096347648;0;0;0;0;0;0;0;0;0;0;0;1473;0;0;89;0;72;0;
4429;4804751;1018138624;18788352;1096347648;0;0;0;0;0;0;0;0;0;0;0;1513;0;0;89;0;72;0;
4430;3940871;1018138624;18788352;1096347648;0;0;0;0;0;0;0;0;0;0;0;1683;0;0;89;0;72;0;
4431;1971137;1018138624;18788352;1096347648;0;0;0;0;0;0;0;0;0;0;0;1473;0;0;89;0;72;0;
4432;2113173;1018138624;18788352;1096347648;0;0;0;0;0;0;0;0;0;0;0;1452;0;0;89;0;72;0;
4433;2563838;1018138624;18788352;1096347648;0;0;0;0;0;0;0;0;0;0;0;1292;0;0;89;0;72;0;
4434;1794826;1018138624;18788352;1096347648;0;0;0;0;0;0;0;0;0;0;0;1542;0;0;89;0;72;0;
4435;1920111;1018138624;18788352;1096347648;0;0;0;0;0;0;0;0;0;0;0;1493;0;0;89;0;72;0;
4436;2871876;1018138624;18788352;1096347648;0;0;0;0;0;0;0;0;0;0;0;1553;0;0;89;0;72;0;
4437;2493817;1018138624;18788352;1096347648;0;0;0;0;0;0;0;0;0;0;0;1523;0;0;89;0;72;0;
4438;2339507;1018138624;18788352;1096347648;0;0;0;0;0;0;0;0;0;0;0;1443;0;0;89;0;72;0;
4439;2537478;1018138624;18788352;1096347648;0;0;0;0;0;0;0;0;0;0;0;1463;0;0;89;0;72;0;
4440;1886698;1018138624;18788352;1096347648;0;0;0;0;0;0;0;0;0;0;0;1443;0;0;89;0;72;0;
4441;2223520;1018138624;18788352;1096347648;0;0;0;0;0;0;0;0;0;0;0;1473;0;0;89;0;72;0;
4442;5094755;1018138624;18788352;1096347648;0;0;0;0;0;0;0;0;0;0;0;1493;0;0;89;0;72;0;
4443;2982363;1018138624;18788352;1096347648;0;0;0;0;0;0;0;0;0;0;0;1723;0;0;89;0;72;0;
4444;1947132;1018138624;18788352;1096347648;0;0;0;0;0;0;0;0;0;0;0;1412;0;0;89;0;72;0;
4445;2121128;1018138624;18788352;1096347648;0;0;0;0;0;0;0;0;0;0;0;1513;0;0;89;0;72;0;
4446;1988760;1018138624;18788352;1096347648;0;0;0;0;0;0;0;0;0;0;0;1563;0;0;89;0;72;0;
4447;2517512;1018138624;18788352;1096347648;0;0;0;0;0;0;0;0;0;0;0;1563;0;0;89;0;72;0;
4448;1809243;1018138624;18788352;1096347648;0;0;0;0;0;0;0;0;0;0;0;1503;0;0;89;0;72;0;
4449;3534058;1018138624;18788352;1096347648;0;0;0;0;0;0;0;0;0;0;0;2735;0;0;89;0;74;0;
4450;1675362;1018138624;18788352;1096347648;0;0;0;0;0;0;0;0;0;0;0;1493;0;0;89;0;74;0;
4451;2165722;1018138624;18788352;1096347648;0;0;0;0;0;0;0;0;0;0;0;1483;0;0;89;0;74;0;
4452;2708519;1018138624;18788352;1096347648;0;0;0;0;0;0;0;0;0;0;0;1723;0;0;89;0;74;0;
4453;1998108;1018138624;18788352;1096347648;0;0;0;0;0;0;0;0;0;0;0;1423;0;0;89;0;74;0;
4454;2153048;1018138624;18788352;1096347648;0;0;0;0;0;0;0;0;0;0;0;1503;0;0;89;0;74;0;
4455;5570326;1018138624;18788352;1096347648;0;0;0;0;0;0;0;0;0;0;0;1333;0;0;89;0;74;0;
4456;4132120;1018138624;18788352;1096347648;0;0;0;0;0;0;0;0;0;0;0;2975;0;0;89;0;75;0;
4457;2049503;1018138624;18788352;1096347648;0;0;0;0;0;0;0;0;0;0;0;1503;0;0;89;0;75;0;
4458;2051587;1018138624;18788352;1096347648;0;0;0;0;0;0;0;0;0;0;0;1453;0;0;89;0;75;0;
4459;2330650;1018138624;18788352;1096347648;0;0;0;0;0;0;0;0;0;0;0;1482;0;0;89;0;75;0;
4460;1847214;1018138624;18788352;1096347648;0;0;0;0;0;0;0;0;0;0;0;1442;0;0;89;0;75;0;
4461;1679559;1018138624;18788352;1096347648;0;0;0;0;0;0;0;0;0;0;0;1482;0;0;89;0;75;0;
4462;2575150;1018138624;18788352;1096347648;0;0;0;0;0;0;0;0;0;0;0;1483;0;0;89;0;75;0;
4463;1986686;1018138624;18788352;1096347648;0;0;0;0;0;0;0;0;0;0;0;1443;0;0;89;0;75;0;
4464;2076584;1018138624;18788352;1096347648;0;0;0;0;0;0;0;0;0;0;0;1573;0;0;89;0;75;0;
4465;2290786;1018138624;18788352;1096347648;0;0;0;0;0;0;0;0;0;0;0;1483;0;0;89;0;75;0;
4466;2108835;1018138624;18788352;1096347648;0;0;0;0;0;0;0;0;0;0;0;1442;0;0;89;0;75;0;
4467;2475282;1018138624;18788352;1096347648;0;0;0;0;0;0;0;0;0;0;0;1473;0;0;89;0;75;0;
4468;4907904;1018138624;18788352;1096347648;0;0;0;0;0;0;0;0;0;0;0;1472;0;0;89;0;75;0;
4469;3472893;1018138624;18788352;1096347648;0;0;0;0;0;0;0;0;0;0;0;2284;0;0;89;0;75;0;
4470;2646974;1018138624;18788352;1096347648;0;0;0;0;0;0;0;0;0;0;0;1503;0;0;89;0;75;0;
4471;2039535;1018138624;18788352;1096347648;0;0;0;0;0;0;0;0;0;0;0;1443;0;0;89;0;75;0;
4472;2095340;1018138624;18788352;1096347648;0;0;0;0;0;0;0;0;0;0;0;1453;0;0;89;0;75;0;
4473;1294026;1018138624;18788352;1096347648;0;0;0;0;0;0;0;0;0;0;0;1472;0;0;89;0;75;0;
4474;1915642;1018138624;18788352;1096347648;0;0;0;0;0;0;0;0;0;0;0;1503;0;0;89;0;75;0;
4475;2721163;1018138624;18788352;1096347648;0;0;0;0;0;0;0;0;0;0;0;1613;0;0;89;0;75;0;
4476;2448953;1018138624;18788352;1096347648;0;0;0;0;0;0;0;0;0;0;0;1533;0;0;89;0;75;0;
4477;2080000;1018138624;18788352;1096347648;0;0;0;0;0;0;0;0;0;0;0;1623;0;0;89;0;75;0;
4478;5194422;1018138624;18788352;1096347648;0;0;0;0;0;0;0;0;0;0;0;1543;0;0;89;0;75;0;
4479;2617508;1018138624;18788352;1096347648;0;0;0;0;0;0;0;0;0;0;0;1854;0;0;89;0;75;0;
4480;1520201;1018138624;18788352;1096347648;0;0;0;0;0;0;0;0;0;0;0;1493;0;0;89;0;75;0;
4481;2160702;1018138624;18788352;1096347648;0;0;0;0;0;0;0;0;0;0;0;1523;0;0;89;0;75;0;
4482;2833694;1018138624;18788352;1096347648;0;0;0;0;0;0;0;0;0;0;0;1503;0;0;89;0;75;0;
4483;2385434;1018138624;18788352;1096347648;0;0;0;0;0;0;0;0;0;0;0;1723;0;0;89;0;75;0;
4484;2350288;1018138624;18788352;1096347648;0;0;0;0;0;0;0;0;0;0;0;1493;0;0;89;0;75;0;
4485;3092800;1018138624;18788352;1096347648;0;0;0;0;0;0;0;0;0;0;0;1523;0;0;89;0;75;0;
4486;2296086;1018138624;18788352;1096347648;0;0;0;0;0;0;0;0;0;0;0;1473;0;0;89;0;75;0;
4487;2358252;1018138624;18788352;1096347648;0;0;0;0;0;0;0;0;0;0;0;1482;0;0;89;0;75;0;
4488;3458306;1018138624;18788352;1096347648;0;0;0;0;0;0;0;0;0;0;0;1624;0;0;89;0;75;0;
4489;2713088;1018138624;18788352;1096347648;0;0;0;0;0;0;0;0;0;0;0;24065;0;0;89;0;75;0;
4490;2598653;1018138624;18788352;1096347648;0;0;0;0;0;0;0;0;0;0;0;1383;0;0;89;0;75;0;
4491;5406289;1018138624;18788352;1096347648;0;0;0;0;0;0;0;0;0;0;0;2775;0;0;89;0;75;0;
4492;3960207;1018286080;18784256;1096343552;0;0;0;0;0;0;0;0;0;0;0;1693;0;0;89;0;75;0;
4493;2448662;1018286080;18784256;1096343552;0;0;0;0;0;0;0;0;0;0;0;3146;0;0;89;0;77;0;
4494;1846042;1018286080;18784256;1096343552;0;0;0;0;0;0;0;0;0;0;0;1543;0;0;89;0;77;0;
4495;2648688;1018286080;18784256;1096343552;0;0;0;0;0;0;0;0;0;0;0;1553;0;0;89;0;77;0;
4496;2981031;1018286080;18784256;1096343552;0;0;0;0;0;0;0;0;0;0;0;1503;0;0;89;0;77;0;
4497;2442490;1018286080;18784256;1096343552;0;0;0;0;0;0;0;0;0;0;0;1453;0;0;89;0;77;0;
4498;2724420;1018286080;18784256;1096343552;0;0;0;0;0;0;0;0;0;0;0;1593;0;0;89;0;77;0;
4499;2401824;1018286080;18784256;1096343552;0;0;0;0;0;0;0;0;0;0;0;1673;0;0;89;0;77;0;
4500;2017653;1018286080;18784256;1096343552;0;0;0;0;0;0;0;0;0;0;0;1513;0;0;89;0;77;0;
4501;2983805;1018286080;18784256;1096343552;0;0;0;0;0;0;0;0;0;0;0;1773;0;0;89;0;77;0;
4502;2091653;1018286080;18784256;1096343552;0;0;0;0;0;0;0;0;0;0;0;1423;0;0;89;0;77;0;
4503;1588449;1018286080;18784256;1096343552;0;0;0;0;0;0;0;0;0;0;0;1513;0;0;89;0;77;0;
4504;5296353;1018286080;18784256;1096343552;0;0;0;0;0;0;0;0;0;0;0;1212;0;0;89;0;77;0;
4505;4064983;1018286080;18788352;1096347648;0;0;0;0;0;0;0;0;0;0;0;3046;0;0;89;0;78;0;
4506;2516780;1018286080;18788352;1096347648;0;0;0;0;0;0;0;0;0;0;0;2034;0;0;89;0;78;0;
4507;1929498;1018286080;18788352;1096347648;0;0;0;0;0;0;0;0;0;0;0;1392;0;0;89;0;78;0;
4508;2573627;1018286080;18788352;1096347648;0;0;0;0;0;0;0;0;0;0;0;1412;0;0;89;0;78;0;
4509;2032331;1018286080;18788352;1096347648;0;0;0;0;0;0;0;0;0;0;0;1423;0;0;89;0;78;0;
4510;2109486;1018286080;18788352;1096347648;0;0;0;0;0;0;0;0;0;0;0;1513;0;0;89;0;78;0;
4511;3190173;1018286080;18788352;1096347648;0;0;0;0;0;0;0;0;0;0;0;2284;0;0;89;0;79;0;
4512;2505068;1018286080;18788352;1096347648;0;0;0;0;0;0;0;0;0;0;0;1643;0;0;89;0;79;0;
4513;2032792;1018286080;18788352;1096347648;0;0;0;0;0;0;0;0;0;0;0;1243;0;0;89;0;79;0;
4514;3089083;1018286080;18788352;1096347648;0;0;0;0;0;0;0;0;0;0;0;1453;0;0;89;0;79;0;
4515;1942382;1018286080;18788352;1096347648;0;0;0;0;0;0;0;0;0;0;0;1734;0;0;89;0;79;0;
4516;1486417;1018286080;18788352;1096347648;0;0;0;0;0;0;0;0;0;0;0;1493;0;0;89;0;79;0;
4517;4395684;1018286080;18788352;1096347648;0;0;0;0;0;0;0;0;0;0;0;1673;0;0;89;0;79;0;
4518;4102775;1018286080;18788352;1096347648;0;0;0;0;0;0;0;0;0;0;0;2895;0;0;89;0;79;0;
4519;1667858;1018286080;18788352;1096347648;0;0;0;0;0;0;0;0;0;0;0;1873;0;0;89;0;79;0;
4520;5626762;1018286080;18788352;1096347648;0;0;0;0;0;0;0;0;0;0;0;1703;0;0;89;0;79;0;
4521;2265439;1018286080;18788352;1096347648;0;0;0;0;0;0;0;0;0;0;0;1623;0;0;89;0;79;0;
4522;2226385;1018286080;18788352;1096347648;0;0;0;0;0;0;0;0;0;0;0;1643;0;0;89;0;79;0;
4523;3025414;1018286080;18788352;1096347648;0;0;0;0;0;0;0;0;0;0;0;1483;0;0;89;0;79;0;
4524;2628138;1018286080;18788352;1096347648;0;0;0;0;0;0;0;0;0;0;0;1643;0;0;89;0;79;0;
4525;2254438;1018286080;18788352;1096347648;0;0;0;0;0;0;0;0;0;0;0;1683;0;0;89;0;79;0;
4526;2025328;1018286080;18788352;1096347648;0;0;0;0;0;0;0;0;0;0;0;1874;0;0;89;0;79;0;
4527;3032467;1018286080;18788352;1096347648;0;0;0;0;0;0;0;0;0;0;0;1693;0;0;89;0;79;0;
4528;2134864;1018286080;18788352;1096347648;0;0;0;0;0;0;0;0;0;0;0;1473;0;0;89;0;79;0;
4529;2879390;1018286080;18788352;1096347648;0;0;0;0;0;0;0;0;0;0;0;2785;0;0;89;0;80;0;
4530;6320964;1018286080;18788352;1096347648;0;0;0;0;0;0;0;0;0;0;0;1633;0;0;89;0;80;0;
4531;3932294;1018286080;18788352;1096347648;0;0;0;0;0;0;0;0;0;0;0;3006;0;0;89;0;80;0;
4532;2216667;1018286080;18788352;1096347648;0;0;0;0;0;0;0;0;0;0;0;1673;0;0;89;0;80;0;
4533;2146345;1018286080;18788352;1096347648;0;0;0;0;0;0;0;0;0;0;0;1473;0;0;89;0;80;0;
4534;3288948;1018286080;18788352;1096347648;0;0;0;0;0;0;0;0;0;0;0;1463;0;0;89;0;80;0;
4535;2388950;1018286080;18788352;1096347648;0;0;0;0;0;0;0;0;0;0;0;1643;0;0;89;0;80;0;
4536;2195938;1018286080;18788352;1096347648;0;0;0;0;0;0;0;0;0;0;0;1623;0;0;89;0;80;0;
4537;3061231;1018286080;18788352;1096347648;0;0;0;0;0;0;0;0;0;0;0;1462;0;0;89;0;80;0;
4538;2458581;1018286080;18788352;1096347648;0;0;0;0;0;0;0;0;0;0;0;1623;0;0;89;0;80;0;
4539;2620564;1018286080;18788352;1096347648;0;0;0;0;0;0;0;0;0;0;0;1463;0;0;89;0;80;0;
4540;3310909;1018286080;18788352;1096347648;0;0;0;0;0;0;0;0;0;0;0;1343;0;0;89;0;80;0;
4541;2331923;1018286080;18788352;1096347648;0;0;0;0;0;0;0;0;0;0;0;1663;0;0;89;0;80;0;
4542;2370636;1018286080;18788352;1096347648;0;0;0;0;0;0;0;0;0;0;0;1503;0;0;89;0;80;0;
4543;5588280;1018286080;18788352;1096347648;0;0;0;0;0;0;0;0;0;0;0;1493;0;0;89;0;80;0;
4544;4305364;1018286080;18788352;1096347648;0;0;0;0;0;0;0;0;0;0;0;3386;0;0;89;0;80;0;
4545;2921299;1018286080;18788352;1096347648;0;0;0;0;0;0;0;0;0;0;0;2425;0;0;89;0;80;0;
4546;2898806;1018286080;18788352;1096347648;0;0;0;0;0;0;0;0;0;0;0;1452;0;0;89;0;80;0;
4547;2934303;1018286080;18788352;1096347648;0;0;0;0;0;0;0;0;0;0;0;1442;0;0;89;0;80;0;
4548;2684244;1018286080;18788352;1096347648;0;0;0;0;0;0;0;0;0;0;0;1593;0;0;89;0;80;0;
4549;2649058;1018286080;18788352;1096347648;0;0;0;0;0;0;0;0;0;0;0;1373;0;0;89;0;80;0;
4550;3875608;1018286080;18788352;1096347648;0;0;0;0;0;0;0;0;0;0;0;1482;0;0;89;0;80;0;
4551;2594876;1018286080;18788352;1096347648;0;0;0;0;0;0;0;0;0;0;0;1352;0;0;89;0;80;0;
4552;2028925;1018286080;18788352;1096347648;0;0;0;0;0;0;0;0;0;0;0;1693;0;0;89;0;80;0;
4553;2706396;1018286080;18788352;1096347648;0;0;0;0;0;0;0;0;0;0;0;1603;0;0;89;0;80;0;
4554;2692429;1018286080;18788352;1096347648;0;0;0;0;0;0;0;0;0;0;0;1593;0;0;89;0;80;0;
4555;1492489;1018286080;18788352;1096347648;0;0;0;0;0;0;0;0;0;0;0;1413;0;0;89;0;80;0;
4556;4980631;1018286080;18788352;1096347648;0;0;0;0;0;0;0;0;0;0;0;1483;0;0;89;0;80;0;
4557;4166183;1018286080;18788352;1096347648;0;0;0;0;0;0;0;0;0;0;0;2675;0;0;89;0;80;0;
4558;2744437;1018286080;18788352;1096347648;0;0;0;0;0;0;0;0;0;0;0;2255;0;0;89;0;80;0;
4559;2914746;1018286080;18788352;1096347648;0;0;0;0;0;0;0;0;0;0;0;1783;0;0;89;0;80;0;
4560;1897919;1018286080;18788352;1096347648;0;0;0;0;0;0;0;0;0;0;0;1593;0;0;89;0;80;0;
4561;2628580;1018286080;18788352;1096347648;0;0;0;0;0;0;0;0;0;0;0;1503;0;0;89;0;80;0;
4562;3446403;1018286080;18788352;1096347648;0;0;0;0;0;0;0;0;0;0;0;1813;0;0;89;0;80;0;
4563;2266931;1018286080;18788352;1096347648;0;0;0;0;0;0;0;0;0;0;0;1403;0;0;89;0;80;0;
4564;2119324;1018286080;18788352;1096347648;0;0;0;0;0;0;0;0;0;0;0;1864;0;0;89;0;80;0;
4565;3232181;1018368000;18780160;1096339456;0;0;0;0;0;0;0;0;0;0;0;1663;0;0;89;0;80;0;
4566;3195693;1018368000;18780160;1096339456;0;0;0;0;0;0;0;0;0;0;0;1874;0;0;89;0;80;0;
4567;2783651;1018368000;18780160;1096339456;0;0;0;0;0;0;0;0;0;0;0;1693;0;0;89;0;80;0;
4568;6053393;1018368000;18780160;1096339456;0;0;0;0;0;0;0;0;0;0;0;1603;0;0;89;0;80;0;
4569;3591325;1018368000;18788352;1096347648;0;0;0;0;0;0;0;0;0;0;0;2224;0;0;89;0;80;0;
4570;2574899;1018368000;18788352;1096347648;0;0;0;0;0;0;0;0;0;0;0;1643;0;0;89;0;80;0;
4571;2535946;1018368000;18788352;1096347648;0;0;0;0;0;0;0;0;0;0;0;1463;0;0;89;0;80;0;
4572;3238453;1018368000;18788352;1096347648;0;0;0;0;0;0;0;0;0;0;0;1874;0;0;89;0;80;0;
4573;2702428;1018368000;18788352;1096347648;0;0;0;0;0;0;0;0;0;0;0;1734;0;0;89;0;80;0;
4574;2452389;1018368000;18788352;1096347648;0;0;0;0;0;0;0;0;0;0;0;1643;0;0;89;0;80;0;
4575;2583765;1018368000;18788352;1096347648;0;0;0;0;0;0;0;0;0;0;0;1613;0;0;89;0;80;0;
4576;2437241;1018368000;18788352;1096347648;0;0;0;0;0;0;0;0;0;0;0;1944;0;0;89;0;80;0;
4577;2854103;1018368000;18788352;1096347648;0;0;0;0;0;0;0;0;0;0;0;1472;0;0;89;0;80;0;
4578;2619904;1018368000;18788352;1096347648;0;0;0;0;0;0;0;0;0;0;0;1382;0;0;89;0;80;0;
4579;2652765;1018368000;18788352;1096347648;0;0;0;0;0;0;0;0;0;0;0;1583;0;0;89;0;80;0;
4580;2521258;1018368000;18788352;1096347648;0;0;0;0;0;0;0;0;0;0;0;1273;0;0;89;0;80;0;
4581;5329304;1018368000;18788352;1096347648;0;0;0;0;0;0;0;0;0;0;0;1633;0;0;89;0;80;0;
4582;3087811;1018368000;18788352;1096347648;0;0;0;0;0;0;0;0;0;0;0;2735;0;0;89;0;80;0;
4583;2200436;1018368000;18788352;1096347648;0;0;0;0;0;0;0;0;0;0;0;1793;0;0;89;0;80;0;
4584;1301281;1018368000;18788352;1096347648;0;0;0;0;0;0;0;0;0;0;0;1433;0;0;89;0;80;0;
4585;3791250;1018368000;18788352;1096347648;0;0;0;0;0;0;0;0;0;0;0;1713;0;0;89;0;80;0;
4586;2571753;1018368000;18788352;1096347648;0;0;0;0;0;0;0;0;0;0;0;1473;0;0;89;0;80;0;
4587;2347072;1018368000;18788352;1096347648;0;0;0;0;0;0;0;0;0;0;0;1563;0;0;89;0;80;0;
4588;2974809;1018368000;18788352;1096347648;0;0;0;0;0;0;0;0;0;0;0;1714;0;0;89;0;80;0;
4589;2774524;1018368000;18788352;1096347648;0;0;0;0;0;0;0;0;0;0;0;1733;0;0;89;0;80;0;
4590;2724239;1018368000;18788352;1096347648;0;0;0;0;0;0;0;0;0;0;0;2124;0;0;89;0;80;0;
4591;4449054;1018368000;18788352;1096347648;0;0;0;0;0;0;0;0;0;0;0;1773;0;0;89;0;80;0;
4592;2614353;1018368000;18788352;1096347648;0;0;0;0;0;0;0;0;0;0;0;1643;0;0;89;0;80;0;
4593;1242019;1018368000;18788352;1096347648;0;0;0;0;0;0;0;0;0;0;0;1603;0;0;89;0;80;0;
4594;7448018;1018368000;18788352;1096347648;0;0;0;0;0;0;0;0;0;0;0;1694;0;0;89;0;80;0;
4595;5648042;1018368000;18788352;1096347648;0;0;0;0;0;0;0;0;0;0;0;2495;0;0;89;0;80;0;
4596;930345;1018368000;18788352;1096347648;0;0;0;0;0;0;0;0;0;0;0;1553;0;0;89;0;80;0;
4597;1054667;1018368000;18788352;1096347648;0;0;0;0;0;0;0;0;0;0;0;1543;0;0;89;0;80;0;
4598;1863195;1018368000;18788352;1096347648;0;0;0;0;0;0;0;0;0;0;0;1433;0;0;89;0;80;0;
4599;2707217;1018368000;18788352;1096347648;0;0;0;0;0;0;0;0;0;0;0;1673;0;0;89;0;80;0;
4600;1837035;1018368000;18788352;1096347648;0;0;0;0;0;0;0;0;0;0;0;2084;0;0;89;0;80;0;
4601;3654654;1018368000;18788352;1096347648;0;0;0;0;0;0;0;0;0;0;0;1733;0;0;89;0;80;0;
4602;2751710;1018368000;18788352;1096347648;0;0;0;0;0;0;0;0;0;0;0;1994;0;0;89;0;80;0;
4603;2250070;1018368000;18788352;1096347648;0;0;0;0;0;0;0;0;0;0;0;2034;0;0;89;0;80;0;
4604;3125461;1018368000;18788352;1096347648;0;0;0;0;0;0;0;0;0;0;0;1723;0;0;89;0;80;0;
4605;2444995;1018368000;18788352;1096347648;0;0;0;0;0;0;0;0;0;0;0;2214;0;0;89;0;80;0;
4606;2626456;1018368000;18788352;1096347648;0;0;0;0;0;0;0;0;0;0;0;1824;0;0;89;0;80;0;
4607;6128984;1018368000;18788352;1096347648;0;0;0;0;0;0;0;0;0;0;0;1804;0;0;89;0;80;0;
4608;4342684;1018368000;18788352;1096347648;0;0;0;0;0;0;0;0;0;0;0;2895;0;0;89;0;80;0;
4609;2168567;1018368000;18788352;1096347648;0;0;0;0;0;0;0;0;0;0;0;2134;0;0;89;0;80;0;
4610;1748419;1018368000;18788352;1096347648;0;0;0;0;0;0;0;0;0;0;0;1763;0;0;89;0;80;0;
4611;4219042;1018368000;18788352;1096347648;0;0;0;0;0;0;0;0;0;0;0;1313;0;0;89;0;80;0;
4612;2919465;1018368000;18788352;1096347648;0;0;0;0;0;0;0;0;0;0;0;1903;0;0;89;0;80;0;
4613;3355012;1018368000;18788352;1096347648;0;0;0;0;0;0;0;0;0;0;0;1834;0;0;89;0;80;0;
4614;2660990;1018368000;18788352;1096347648;0;0;0;0;0;0;0;0;0;0;0;2194;0;0;89;0;80;0;
4615;1976737;1018368000;18788352;1096347648;0;0;0;0;0;0;0;0;0;0;0;1994;0;0;89;0;80;0;
4616;2193925;1018368000;18788352;1096347648;0;0;0;0;0;0;0;0;0;0;0;1462;0;0;89;0;80;0;
4617;3181807;1018368000;18788352;1096347648;0;0;0;0;0;0;0;0;0;0;0;1683;0;0;89;0;80;0;
4618;2031400;1018368000;18788352;1096347648;0;0;0;0;0;0;0;0;0;0;0;1673;0;0;89;0;80;0;
4619;3480648;1018368000;18788352;1096347648;0;0;0;0;0;0;0;0;0;0;0;1503;0;0;89;0;80;0;
4620;5948606;1018368000;18788352;1096347648;0;0;0;0;0;0;0;0;0;0;0;1523;0;0;89;0;80;0;
4621;5076490;1018368000;18788352;1096347648;0;0;0;0;0;0;0;0;0;0;0;3267;0;0;89;0;80;0;
4622;2880662;1018368000;18788352;1096347648;0;0;0;0;0;0;0;0;0;0;0;2034;0;0;89;0;80;0;
4623;2123192;1018368000;18788352;1096347648;0;0;0;0;0;0;0;0;0;0;0;1773;0;0;89;0;80;0;
4624;2953439;1018368000;18788352;1096347648;0;0;0;0;0;0;0;0;0;0;0;1653;0;0;89;0;80;0;
4625;2692860;1018368000;18788352;1096347648;0;0;0;0;0;0;0;0;0;0;0;1604;0;0;89;0;80;0;
4626;1831244;1018368000;18788352;1096347648;0;0;0;0;0;0;0;0;0;0;0;1443;0;0;89;0;80;0;
4627;3609659;1018368000;18788352;1096347648;0;0;0;0;0;0;0;0;0;0;0;1553;0;0;89;0;80;0;
4628;2103746;1018368000;18788352;1096347648;0;0;0;0;0;0;0;0;0;0;0;1673;0;0;89;0;80;0;
4629;3170616;1018368000;18788352;1096347648;0;0;0;0;0;0;0;0;0;0;0;1743;0;0;89;0;80;0;
4630;4019778;1018368000;18788352;1096347648;0;0;0;0;0;0;0;0;0;0;0;1644;0;0;89;0;80;0;
4631;1835071;1018368000;18788352;1096347648;0;0;0;0;0;0;0;0;0;0;0;1643;0;0;89;0;80;0;
4632;2978756;1018368000;18788352;1096347648;0;0;0;0;0;0;0;0;0;0;0;1943;0;0;89;0;80;0;
4633;5401099;1018368000;18788352;1096347648;0;0;0;0;0;0;0;0;0;0;0;1824;0;0;89;0;80;0;
4634;5163263;1018368000;18788352;1096347648;0;0;0;0;0;0;0;0;0;0;0;3506;0;0;89;0;80;0;
4635;2985810;1018368000;18788352;1096347648;0;0;0;0;0;0;0;0;0;0;0;2204;0;0;89;0;80;0;
4636;3463625;1018368000;18788352;1096347648;0;0;0;0;0;0;0;0;0;0;0;2234;0;0;89;0;80;0;
4637;3676815;1018368000;18788352;1096347648;0;0;0;0;0;0;0;0;0;0;0;1443;0;0;89;0;80;0;
4638;2659357;1018368000;18788352;1096347648;0;0;0;0;0;0;0;0;0;0;0;1713;0;0;89;0;80;0;
4639;3295390;1018368000;18788352;1096347648;0;0;0;0;0;0;0;0;0;0;0;1723;0;0;89;0;80;0;
4640;3145589;1018368000;18788352;1096347648;0;0;0;0;0;0;0;0;0;0;0;1683;0;0;89;0;80;0;
4641;2483418;1018368000;18788352;1096347648;0;0;0;0;0;0;0;0;0;0;0;34064;0;0;89;0;80;0;
4642;2462438;1018368000;18788352;1096347648;0;0;0;0;0;0;0;0;0;0;0;1793;0;0;89;0;80;0;
4643;3278078;1018368000;18788352;1096347648;0;0;0;0;0;0;0;0;0;0;0;1372;0;0;89;0;80;0;
4644;2049744;1018368000;18788352;1096347648;0;0;0;0;0;0;0;0;0;0;0;1654;0;0;89;0;80;0;
4645;3045582;1018368000;18788352;1096347648;0;0;0;0;0;0;0;0;0;0;0;1693;0;0;89;0;80;0;
4646;5677197;1018368000;18788352;1096347648;0;0;0;0;0;0;0;0;0;0;0;1653;0;0;89;0;80;0;
4647;4194366;1018368000;18788352;1096347648;0;0;0;0;0;0;0;0;0;0;0;2614;0;0;89;0;80;0;
4648;2201508;1018368000;18788352;1096347648;0;0;0;0;0;0;0;0;0;0;0;1433;0;0;89;0;80;0;
4649;2942448;1018368000;18788352;1096347648;0;0;0;0;0;0;0;0;0;0;0;1433;0;0;89;0;80;0;
4650;3124790;1018368000;18788352;1096347648;0;0;0;0;0;0;0;0;0;0;0;1432;0;0;89;0;80;0;
4651;2505679;1018368000;18788352;1096347648;0;0;0;0;0;0;0;0;0;0;0;1463;0;0;89;0;80;0;
4652;2551655;1018368000;18788352;1096347648;0;0;0;0;0;0;0;0;0;0;0;1503;0;0;89;0;80;0;
4653;3407350;1018368000;18788352;1096347648;0;0;0;0;0;0;0;0;0;0;0;1513;0;0;89;0;80;0;
4654;2087294;1018368000;18788352;1096347648;0;0;0;0;0;0;0;0;0;0;0;1482;0;0;89;0;80;0;
4655;3088512;1018368000;18788352;1096347648;0;0;0;0;0;0;0;0;0;0;0;1974;0;0;89;0;80;0;
4656;3427488;1018368000;18788352;1096347648;0;0;0;0;0;0;0;0;0;0;0;1483;0;0;89;0;80;0;
4657;1859448;1018368000;18788352;1096347648;0;0;0;0;0;0;0;0;0;0;0;1703;0;0;89;0;80;0;
4658;1624958;1018368000;18788352;1096347648;0;0;0;0;0;0;0;0;0;0;0;1412;0;0;89;0;80;0;
4659;6919817;1018368000;18788352;1096347648;0;0;0;0;0;0;0;0;0;0;0;1473;0;0;89;0;80;0;
4660;5228806;1018634240;18788352;1096347648;0;0;0;0;0;0;0;0;0;0;0;3597;0;0;89;0;80;0;
4661;3034992;1018634240;18788352;1096347648;0;0;0;0;0;0;0;0;0;0;0;3156;0;0;89;0;80;0;
4662;2401223;1018634240;18788352;1096347648;0;0;0;0;0;0;0;0;0;0;0;2004;0;0;89;0;80;0;
4663;3388064;1018634240;18788352;1096347648;0;0;0;0;0;0;0;0;0;0;0;1202;0;0;89;0;80;0;
4664;2862428;1018634240;18788352;1096347648;0;0;0;0;0;0;0;0;0;0;0;1844;0;0;89;0;80;0;
4665;2153279;1018634240;18788352;1096347648;0;0;0;0;0;0;0;0;0;0;0;1773;0;0;89;0;80;0;
4666;3406058;1018634240;18788352;1096347648;0;0;0;0;0;0;0;0;0;0;0;1613;0;0;89;0;80;0;
4667;2583095;1018634240;18788352;1096347648;0;0;0;0;0;0;0;0;0;0;0;1924;0;0;89;0;80;0;
4668;2218901;1018634240;18788352;1096347648;0;0;0;0;0;0;0;0;0;0;0;1472;0;0;89;0;80;0;
4669;3732090;1018634240;18788352;1096347648;0;0;0;0;0;0;0;0;0;0;0;1243;0;0;89;0;80;0;
4670;2291557;1018634240;18788352;1096347648;0;0;0;0;0;0;0;0;0;0;0;1943;0;0;89;0;80;0;
4671;2018536;1018634240;18788352;1096347648;0;0;0;0;0;0;0;0;0;0;0;1413;0;0;89;0;80;0;
4672;6100862;1018634240;18788352;1096347648;0;0;0;0;0;0;0;0;0;0;0;1603;0;0;89;0;80;0;
4673;5101437;1018634240;18788352;1096347648;0;0;0;0;0;0;0;0;0;0;0;2835;0;0;89;0;80;0;
4674;2185849;1018634240;18788352;1096347648;0;0;0;0;0;0;0;0;0;0;0;2044;0;0;89;0;80;0;
4675;2961544;1018634240;18788352;1096347648;0;0;0;0;0;0;0;0;0;0;0;1753;0;0;89;0;80;0;
4676;3905154;1018634240;18788352;1096347648;0;0;0;0;0;0;0;0;0;0;0;1713;0;0;89;0;80;0;
4677;3377414;1018634240;18788352;1096347648;0;0;0;0;0;0;0;0;0;0;0;1954;0;0;89;0;80;0;
4678;2179908;1018634240;18788352;1096347648;0;0;0;0;0;0;0;0;0;0;0;8606;0;0;89;0;80;0;
4679;2514776;1018634240;18788352;1096347648;0;0;0;0;0;0;0;0;0;0;0;1593;0;0;89;0;80;0;
4680;2745739;1018634240;18788352;1096347648;0;0;0;0;0;0;0;0;0;0;0;1493;0;0;89;0;80;0;
4681;3554957;1018634240;18788352;1096347648;0;0;0;0;0;0;0;0;0;0;0;1443;0;0;89;0;80;0;
4682;3688067;1018634240;18788352;1096347648;0;0;0;0;0;0;0;0;0;0;0;1854;0;0;89;0;80;0;
4683;2820770;1018634240;18788352;1096347648;0;0;0;0;0;0;0;0;0;0;0;2083;0;0;89;0;80;0;
4684;2166714;1018634240;18788352;1096347648;0;0;0;0;0;0;0;0;0;0;0;1422;0;0;89;0;80;0;
4685;4715343;1018634240;18788352;1096347648;0;0;0;0;0;0;0;0;0;0;0;1343;0;0;89;0;80;0;
4686;4060736;1018634240;18788352;1096347648;0;0;0;0;0;0;0;0;0;0;0;3257;0;0;89;0;80;0;
4687;2793970;1018634240;18788352;1096347648;0;0;0;0;0;0;0;0;0;0;0;2444;0;0;89;0;80;0;
4688;2772099;1018634240;18788352;1096347648;0;0;0;0;0;0;0;0;0;0;0;2335;0;0;89;0;80;0;
4689;3108530;1018634240;18788352;1096347648;0;0;0;0;0;0;0;0;0;0;0;1924;0;0;89;0;80;0;
4690;2282931;1018634240;18788352;1096347648;0;0;0;0;0;0;0;0;0;0;0;1743;0;0;89;0;80;0;
4691;1522916;1018634240;18788352;1096347648;0;0;0;0;0;0;0;0;0;0;0;1503;0;0;89;0;80;0;
4692;2165451;1018634240;18788352;1096347648;0;0;0;0;0;0;0;0;0;0;0;1924;0;0;89;0;80;0;
4693;2155292;1018634240;18788352;1096347648;0;0;0;0;0;0;0;0;0;0;0;1903;0;0;89;0;80;0;
4694;2525406;1018634240;18788352;1096347648;0;0;0;0;0;0;0;0;0;0;0;1733;0;0;89;0;80;0;
4695;2732154;1018634240;18788352;1096347648;0;0;0;0;0;0;0;0;0;0;0;1653;0;0;89;0;80;0;
4696;1566548;1018634240;18788352;1096347648;0;0;0;0;0;0;0;0;0;0;0;1934;0;0;89;0;80;0;
4697;1761774;1018634240;18788352;1096347648;0;0;0;0;0;0;0;0;0;0;0;1603;0;0;89;0;80;0;
4698;5544638;1018634240;18788352;1096347648;0;0;0;0;0;0;0;0;0;0;0;2134;0;0;89;0;80;0;
4699;3268569;1018634240;18788352;1096347648;0;0;0;0;0;0;0;0;0;0;0;2525;0;0;89;0;80;0;
4700;3119009;1018634240;18788352;1096347648;0;0;0;0;0;0;0;0;0;0;0;2314;0;0;89;0;80;0;
4701;2195206;1018634240;18788352;1096347648;0;0;0;0;0;0;0;0;0;0;0;1563;0;0;89;0;80;0;
4702;3203708;1018634240;18788352;1096347648;0;0;0;0;0;0;0;0;0;0;0;1623;0;0;89;0;80;0;
4703;2066525;1018634240;18788352;1096347648;0;0;0;0;0;0;0;0;0;0;0;2264;0;0;89;0;80;0;
4704;2289133;1018634240;18788352;1096347648;0;0;0;0;0;0;0;0;0;0;0;1884;0;0;89;0;80;0;
4705;3063736;1018634240;18788352;1096347648;0;0;0;0;0;0;0;0;0;0;0;1854;0;0;89;0;80;0;
4706;2570501;1018634240;18788352;1096347648;0;0;0;0;0;0;0;0;0;0;0;1723;0;0;89;0;80;0;
4707;2382648;1018634240;18788352;1096347648;0;0;0;0;0;0;0;0;0;0;0;1573;0;0;89;0;80;0;
4708;3213066;1018634240;18788352;1096347648;0;0;0;0;0;0;0;0;0;0;0;1943;0;0;89;0;80;0;
4709;2323217;1018634240;18788352;1096347648;0;0;0;0;0;0;0;0;0;0;0;2154;0;0;89;0;80;0;
4710;1915963;1018634240;18788352;1096347648;0;0;0;0;0;0;0;0;0;0;0;2084;0;0;89;0;80;0;
4711;5588631;1018634240;18788352;1096347648;0;0;0;0;0;0;0;0;0;0;0;1824;0;0;89;0;80;0;
4712;4132520;1018634240;18788352;1096347648;0;0;0;0;0;0;0;0;0;0;0;2735;0;0;89;0;80;0;
4713;2068880;1018634240;18788352;1096347648;0;0;0;0;0;0;0;0;0;0;0;1844;0;0;89;0;80;0;
4714;1410575;1018634240;18788352;1096347648;0;0;0;0;0;0;0;0;0;0;0;1663;0;0;89;0;80;0;
4715;1551280;1018634240;18788352;1096347648;0;0;0;0;0;0;0;0;0;0;0;1593;0;0;89;0;80;0;
4716;2580249;1018634240;18788352;1096347648;0;0;0;0;0;0;0;0;0;0;0;2274;0;0;89;0;80;0;
4717;2068359;1018634240;18788352;1096347648;0;0;0;0;0;0;0;0;0;0;0;1883;0;0;89;0;80;0;
4718;2540153;1018634240;18788352;1096347648;0;0;0;0;0;0;0;0;0;0;0;1773;0;0;89;0;80;0;
4719;2970601;1018634240;18788352;1096347648;0;0;0;0;0;0;0;0;0;0;0;1783;0;0;89;0;80;0;
4720;1799886;1018634240;18788352;1096347648;0;0;0;0;0;0;0;0;0;0;0;1884;0;0;89;0;80;0;
4721;3013401;1018634240;18788352;1096347648;0;0;0;0;0;0;0;0;0;0;0;1423;0;0;89;0;80;0;
4722;1991815;1018634240;18788352;1096347648;0;0;0;0;0;0;0;0;0;0;0;1954;0;0;89;0;80;0;
4723;1243311;1018634240;18788352;1096347648;0;0;0;0;0;0;0;0;0;0;0;1964;0;0;89;0;80;0;
4724;4766709;1018634240;18788352;1096347648;0;0;0;0;0;0;0;0;0;0;0;1313;0;0;89;0;80;0;
4725;3515934;1018634240;18788352;1096347648;0;0;0;0;0;0;0;0;0;0;0;2384;0;0;89;0;80;0;
4726;2814178;1018634240;18788352;1096347648;0;0;0;0;0;0;0;0;0;0;0;2855;0;0;89;0;80;0;
4727;2142768;1018634240;18788352;1096347648;0;0;0;0;0;0;0;0;0;0;0;1653;0;0;89;0;80;0;
4728;2762881;1018634240;18788352;1096347648;0;0;0;0;0;0;0;0;0;0;0;1432;0;0;89;0;80;0;
4729;2338045;1018634240;18788352;1096347648;0;0;0;0;0;0;0;0;0;0;0;1453;0;0;89;0;80;0;
4730;2086222;1018634240;18788352;1096347648;0;0;0;0;0;0;0;0;0;0;0;1493;0;0;89;0;80;0;
4731;3171608;1018634240;18788352;1096347648;0;0;0;0;0;0;0;0;0;0;0;1383;0;0;89;0;80;0;
4732;1930010;1018634240;18788352;1096347648;0;0;0;0;0;0;0;0;0;0;0;2355;0;0;89;0;80;0;
4733;2405051;1018634240;18788352;1096347648;0;0;0;0;0;0;0;0;0;0;0;1794;0;0;89;0;80;0;
4734;3471731;1018634240;18788352;1096347648;0;0;0;0;0;0;0;0;0;0;0;1794;0;0;89;0;80;0;
4735;2808838;1018634240;18788352;1096347648;0;0;0;0;0;0;0;0;0;0;0;2595;0;0;89;0;80;0;
4736;2109006;1018634240;18788352;1096347648;0;0;0;0;0;0;0;0;0;0;0;2224;0;0;89;0;80;0;
4737;5033269;1018634240;18788352;1096347648;0;0;0;0;0;0;0;0;0;0;0;1893;0;0;89;0;80;0;
4738;2887114;1018634240;18788352;1096347648;0;0;0;0;0;0;0;0;0;0;0;2315;0;0;89;0;80;0;
4739;1425343;1018634240;18788352;1096347648;0;0;0;0;0;0;0;0;0;0;0;2003;0;0;89;0;80;0;
4740;2313899;1018634240;18788352;1096347648;0;0;0;0;0;0;0;0;0;0;0;1553;0;0;89;0;80;0;
4741;3603468;1018634240;18788352;1096347648;0;0;0;0;0;0;0;0;0;0;0;1883;0;0;89;0;80;0;
4742;2590719;1018634240;18788352;1096347648;0;0;0;0;0;0;0;0;0;0;0;2033;0;0;89;0;80;0;
4743;1914691;1018634240;18788352;1096347648;0;0;0;0;0;0;0;0;0;0;0;1683;0;0;89;0;80;0;
4744;5060210;1018634240;18788352;1096347648;0;0;0;0;0;0;0;0;0;0;0;3246;0;0;89;0;80;0;
4745;1583430;1018634240;18788352;1096347648;0;0;0;0;0;0;0;0;0;0;0;1433;0;0;89;0;80;0;
4746;932318;1018634240;18788352;1096347648;0;0;0;0;0;0;0;0;0;0;0;1453;0;0;89;0;80;0;
4747;2678363;1018634240;18788352;1096347648;0;0;0;0;0;0;0;0;0;0;0;1433;0;0;89;0;80;0;
4748;2639139;1018634240;18788352;1096347648;0;0;0;0;0;0;0;0;0;0;0;2274;0;0;89;0;80;0;
4749;2432161;1018634240;18788352;1096347648;0;0;0;0;0;0;0;0;0;0;0;1693;0;0;89;0;80;0;
4750;4994657;1018634240;18788352;1096347648;0;0;0;0;0;0;0;0;0;0;0;1734;0;0;89;0;80;0;
4751;4082426;1018634240;18788352;1096347648;0;0;0;0;0;0;0;0;0;0;0;2825;0;0;89;0;80;0;
4752;2591951;1018634240;18788352;1096347648;0;0;0;0;0;0;0;0;0;0;0;2595;0;0;89;0;80;0;
4753;2167736;1018634240;18788352;1096347648;0;0;0;0;0;0;0;0;0;0;0;1643;0;0;89;0;80;0;
4754;3566859;1018634240;18788352;1096347648;0;0;0;0;0;0;0;0;0;0;0;1774;0;0;89;0;80;0;
4755;3172760;1018634240;18788352;1096347648;0;0;0;0;0;0;0;0;0;0;0;2635;0;0;89;0;80;0;
4756;1671244;1018634240;18788352;1096347648;0;0;0;0;0;0;0;0;0;0;0;1703;0;0;89;0;80;0;
4757;2588704;1018634240;18788352;1096347648;0;0;0;0;0;0;0;0;0;0;0;1553;0;0;89;0;80;0;
4758;2413736;1018634240;18788352;1096347648;0;0;0;0;0;0;0;0;0;0;0;3066;0;0;89;0;80;0;
4759;2396274;1018634240;18788352;1096347648;0;0;0;0;0;0;0;0;0;0;0;2034;0;0;89;0;80;0;
4760;4239370;1018634240;18788352;1096347648;0;0;0;0;0;0;0;0;0;0;0;1643;0;0;89;0;80;0;
4761;2259147;1018634240;18788352;1096347648;0;0;0;0;0;0;0;0;0;0;0;1784;0;0;89;0;80;0;
4762;2234641;1018634240;18788352;1096347648;0;0;0;0;0;0;0;0;0;0;0;2295;0;0;89;0;80;0;
4763;5857354;1018634240;18788352;1096347648;0;0;0;0;0;0;0;0;0;0;0;1994;0;0;89;0;80;0;
4764;2906731;1018634240;18788352;1096347648;0;0;0;0;0;0;0;0;0;0;0;2093;0;0;89;0;80;0;
4765;2294483;1018634240;18788352;1096347648;0;0;0;0;0;0;0;0;0;0;0;2444;0;0;89;0;80;0;
4766;1177248;1018634240;18788352;1096347648;0;0;0;0;0;0;0;0;0;0;0;1583;0;0;89;0;80;0;
4767;2015660;1018634240;18788352;1096347648;0;0;0;0;0;0;0;0;0;0;0;1453;0;0;89;0;80;0;
4768;3126333;1018634240;18788352;1096347648;0;0;0;0;0;0;0;0;0;0;0;1934;0;0;89;0;80;0;
4769;2651092;1018634240;18788352;1096347648;0;0;0;0;0;0;0;0;0;0;0;1303;0;0;89;0;80;0;
4770;2531427;1018634240;18788352;1096347648;0;0;0;0;0;0;0;0;0;0;0;1523;0;0;89;0;80;0;
4771;2660079;1018634240;18788352;1096347648;0;0;0;0;0;0;0;0;0;0;0;1463;0;0;89;0;80;0;
4772;1799054;1018634240;18788352;1096347648;0;0;0;0;0;0;0;0;0;0;0;1513;0;0;89;0;80;0;
4773;2793499;1018634240;18788352;1096347648;0;0;0;0;0;0;0;0;0;0;0;1453;0;0;89;0;80;0;
4774;2661982;1018634240;18788352;1096347648;0;0;0;0;0;0;0;0;0;0;0;1583;0;0;89;0;80;0;
4775;2859072;1018634240;18788352;1096347648;0;0;0;0;0;0;0;0;0;0;0;1283;0;0;89;0;80;0;
4776;5838380;1018634240;18788352;1096347648;0;0;0;0;0;0;0;0;0;0;0;1794;0;0;89;0;80;0;
4777;3942404;1018634240;18788352;1096347648;0;0;0;0;0;0;0;0;0;0;0;2615;0;0;89;0;80;0;
4778;2547728;1018634240;18788352;1096347648;0;0;0;0;0;0;0;0;0;0;0;1753;0;0;89;0;80;0;
4779;2509807;1018634240;18788352;1096347648;0;0;0;0;0;0;0;0;0;0;0;1683;0;0;89;0;80;0;
4780;2940795;1018634240;18788352;1096347648;0;0;0;0;0;0;0;0;0;0;0;1623;0;0;89;0;80;0;
4781;2758944;1018634240;18788352;1096347648;0;0;0;0;0;0;0;0;0;0;0;1683;0;0;89;0;80;0;
4782;3571819;1018904576;18788352;1096347648;0;0;0;0;0;0;0;0;0;0;0;1723;0;0;89;0;80;0;
4783;4549262;1018904576;18788352;1096347648;0;0;0;0;0;0;0;0;0;0;0;1763;0;0;89;0;80;0;
4784;3426896;1018904576;18788352;1096347648;0;0;0;0;0;0;0;0;0;0;0;2625;0;0;89;0;80;0;
4785;3707102;1018904576;18788352;1096347648;0;0;0;0;0;0;0;0;0;0;0;2204;0;0;89;0;80;0;
4786;4031290;1018904576;18788352;1096347648;0;0;0;0;0;0;0;0;0;0;0;1803;0;0;89;0;80;0;
4787;2889539;1018904576;18788352;1096347648;0;0;0;0;0;0;0;0;0;0;0;8265;0;0;89;0;80;0;
4788;1667086;1018904576;18788352;1096347648;0;0;0;0;0;0;0;0;0;0;0;2074;0;0;89;0;80;0;
4789;4667333;1018904576;18788352;1096347648;0;0;0;0;0;0;0;0;0;0;0;1623;0;0;89;0;80;0;
4790;3576888;1018904576;18788352;1096347648;0;0;0;0;0;0;0;0;0;0;0;2385;0;0;89;0;80;0;
4791;3833479;1018904576;18788352;1096347648;0;0;0;0;0;0;0;0;0;0;0;2174;0;0;89;0;80;0;
4792;1982578;1018904576;18788352;1096347648;0;0;0;0;0;0;0;0;0;0;0;1493;0;0;89;0;80;0;
4793;2222949;1018904576;18788352;1096347648;0;0;0;0;0;0;0;0;0;0;0;1493;0;0;89;0;80;0;
4794;1788264;1018904576;18788352;1096347648;0;0;0;0;0;0;0;0;0;0;0;1483;0;0;89;0;80;0;
4795;1368436;1018904576;18788352;1096347648;0;0;0;0;0;0;0;0;0;0;0;1192;0;0;89;0;80;0;
4796;3205401;1018904576;18788352;1096347648;0;0;0;0;0;0;0;0;0;0;0;1443;0;0;89;0;80;0;
4797;2694653;1018904576;18788352;1096347648;0;0;0;0;0;0;0;0;0;0;0;1783;0;0;89;0;80;0;
4798;2520256;1018904576;18788352;1096347648;0;0;0;0;0;0;0;0;0;0;0;1563;0;0;89;0;80;0;
4799;2073910;1018904576;18788352;1096347648;0;0;0;0;0;0;0;0;0;0;0;1322;0;0;89;0;80;0;
4800;2917030;1018904576;18788352;1096347648;0;0;0;0;0;0;0;0;0;0;0;1924;0;0;89;0;80;0;
4801;2341782;1018904576;18788352;1096347648;0;0;0;0;0;0;0;0;0;0;0;1663;0;0;89;0;80;0;
4802;6069322;1018904576;18788352;1096347648;0;0;0;0;0;0;0;0;0;0;0;153237;0;0;89;0;80;0;
4803;5525442;1018904576;18788352;1096347648;0;0;0;0;0;0;0;0;0;0;0;3186;0;0;89;0;80;0;
4804;2071886;1018904576;18788352;1096347648;0;0;0;0;0;0;0;0;0;0;0;4238;0;0;89;0;80;0;
4805;2277421;1018904576;18788352;1096347648;0;0;0;0;0;0;0;0;0;0;0;1393;0;0;89;0;80;0;
4806;2757662;1018904576;18788352;1096347648;0;0;0;0;0;0;0;0;0;0;0;1222;0;0;89;0;80;0;
4807;2183004;1018904576;18788352;1096347648;0;0;0;0;0;0;0;0;0;0;0;1413;0;0;89;0;80;0;
4808;1948965;1018904576;18788352;1096347648;0;0;0;0;0;0;0;0;0;0;0;1523;0;0;89;0;80;0;
4809;2995407;1018904576;18788352;1096347648;0;0;0;0;0;0;0;0;0;0;0;1543;0;0;89;0;80;0;
4810;2406453;1018904576;18788352;1096347648;0;0;0;0;0;0;0;0;0;0;0;1563;0;0;89;0;80;0;
4811;2148799;1018904576;18788352;1096347648;0;0;0;0;0;0;0;0;0;0;0;1383;0;0;89;0;80;0;
4812;2975350;1018904576;18788352;1096347648;0;0;0;0;0;0;0;0;0;0;0;1552;0;0;89;0;80;0;
4813;2937539;1018904576;18788352;1096347648;0;0;0;0;0;0;0;0;0;0;0;1633;0;0;89;0;80;0;
4814;1629546;1018904576;18788352;1096347648;0;0;0;0;0;0;0;0;0;0;0;1793;0;0;89;0;80;0;
4815;6027113;1018904576;18788352;1096347648;0;0;0;0;0;0;0;0;0;0;0;1533;0;0;89;0;80;0;
4816;4466656;1018904576;18788352;1096347648;0;0;0;0;0;0;0;0;0;0;0;2325;0;0;89;0;80;0;
4817;2921028;1018904576;18788352;1096347648;0;0;0;0;0;0;0;0;0;0;0;2064;0;0;89;0;80;0;
4818;1967139;1018904576;18788352;1096347648;0;0;0;0;0;0;0;0;0;0;0;1323;0;0;89;0;80;0;
4819;3958955;1018904576;18788352;1096347648;0;0;0;0;0;0;0;0;0;0;0;1833;0;0;89;0;80;0;
4820;2544853;1018904576;18788352;1096347648;0;0;0;0;0;0;0;0;0;0;0;1833;0;0;89;0;80;0;
4821;2428314;1018904576;18788352;1096347648;0;0;0;0;0;0;0;0;0;0;0;1693;0;0;89;0;80;0;
4822;2423585;1018904576;18788352;1096347648;0;0;0;0;0;0;0;0;0;0;0;1884;0;0;89;0;80;0;
4823;1742418;1018904576;18788352;1096347648;0;0;0;0;0;0;0;0;0;0;0;1813;0;0;89;0;80;0;
4824;1925171;1018904576;18788352;1096347648;0;0;0;0;0;0;0;0;0;0;0;1573;0;0;89;0;80;0;
4825;1878122;1018904576;18788352;1096347648;0;0;0;0;0;0;0;0;0;0;0;1353;0;0;89;0;80;0;
4826;2242154;1019174912;18788352;1096347648;0;0;0;0;0;0;0;0;0;0;0;1473;0;0;89;0;80;0;
4827;1805516;1019174912;18788352;1096347648;0;0;0;0;0;0;0;0;0;0;0;1413;0;0;89;0;80;0;
4828;4982104;1019174912;18788352;1096347648;0;0;0;0;0;0;0;0;0;0;0;1553;0;0;89;0;80;0;
4829;5424042;1019174912;18788352;1096347648;0;0;0;0;0;0;0;0;0;0;0;3086;0;0;89;0;80;0;
4830;2697048;1019174912;18788352;1096347648;0;0;0;0;0;0;0;0;0;0;0;1663;0;0;89;0;80;0;
4831;3033769;1019174912;18788352;1096347648;0;0;0;0;0;0;0;0;0;0;0;1553;0;0;89;0;80;0;
4832;2555422;1019441152;18788352;1096347648;0;0;0;0;0;0;0;0;0;0;0;1613;0;0;89;0;80;0;
4833;1947122;1019441152;18788352;1096347648;0;0;0;0;0;0;0;0;0;0;0;269495;0;0;89;0;80;0;
4834;2406223;1019441152;18788352;1096347648;0;0;0;0;0;0;0;0;0;0;0;1523;0;0;89;0;80;0;
4835;2426661;1019441152;18788352;1096347648;0;0;0;0;0;0;0;0;0;0;0;1663;0;0;89;0;80;0;
4836;2055716;1019441152;18788352;1096347648;0;0;0;0;0;0;0;0;0;0;0;1533;0;0;89;0;80;0;
4837;2515197;1019486208;18780160;1096339456;0;0;0;0;0;0;0;0;0;0;0;1563;0;0;89;0;80;0;
4838;2361849;1019486208;18780160;1096339456;0;0;0;0;0;0;0;0;0;0;0;1512;0;0;89;0;80;0;
4839;2195727;1019486208;18780160;1096339456;0;0;0;0;0;0;0;0;0;0;0;1643;0;0;89;0;80;0;
4840;6195048;1019486208;18780160;1096339456;0;0;0;0;0;0;0;0;0;0;0;1512;0;0;89;0;80;0;
4841;4095931;1019486208;18788352;1096347648;0;0;0;0;0;0;0;0;0;0;0;2094;0;0;89;0;80;0;
4842;2465864;1019486208;18788352;1096347648;0;0;0;0;0;0;0;0;0;0;0;1412;0;0;89;0;80;0;
4843;2316515;1019486208;18788352;1096347648;0;0;0;0;0;0;0;0;0;0;0;1473;0;0;89;0;80;0;
4844;3094754;1019486208;18788352;1096347648;0;0;0;0;0;0;0;0;0;0;0;1322;0;0;89;0;80;0;
4845;2133872;1019486208;18788352;1096347648;0;0;0;0;0;0;0;0;0;0;0;1633;0;0;89;0;80;0;
4846;2715573;1019486208;18788352;1096347648;0;0;0;0;0;0;0;0;0;0;0;1473;0;0;89;0;80;0;
4847;2725822;1019486208;18788352;1096347648;0;0;0;0;0;0;0;0;0;0;0;1453;0;0;89;0;80;0;
4848;1392412;1019486208;18788352;1096347648;0;0;0;0;0;0;0;0;0;0;0;1442;0;0;89;0;80;0;
4849;1913629;1019486208;18788352;1096347648;0;0;0;0;0;0;0;0;0;0;0;1553;0;0;89;0;80;0;
4850;2360878;1019486208;18788352;1096347648;0;0;0;0;0;0;0;0;0;0;0;1502;0;0;89;0;80;0;
4851;1742889;1019486208;18788352;1096347648;0;0;0;0;0;0;0;0;0;0;0;1272;0;0;89;0;80;0;
4852;2051517;1019486208;18788352;1096347648;0;0;0;0;0;0;0;0;0;0;0;1654;0;0;89;0;80;0;
4853;5781232;1019486208;18788352;1096347648;0;0;0;0;0;0;0;0;0;0;0;1563;0;0;89;0;80;0;
4854;4074040;1019486208;18788352;1096347648;0;0;0;0;0;0;0;0;0;0;0;2184;0;0;89;0;80;0;
4855;2914937;1019486208;18788352;1096347648;0;0;0;0;0;0;0;0;0;0;0;1874;0;0;89;0;80;0;
4856;2935014;1019486208;18788352;1096347648;0;0;0;0;0;0;0;0;0;0;0;1993;0;0;89;0;80;0;
4857;2296748;1019486208;18788352;1096347648;0;0;0;0;0;0;0;0;0;0;0;1342;0;0;89;0;80;0;
4858;2640292;1019486208;18788352;1096347648;0;0;0;0;0;0;0;0;0;0;0;1443;0;0;89;0;80;0;
4859;1879034;1019486208;18788352;1096347648;0;0;0;0;0;0;0;0;0;0;0;1353;0;0;89;0;80;0;
4860;2971723;1019486208;18788352;1096347648;0;0;0;0;0;0;0;0;0;0;0;1513;0;0;89;0;80;0;
4861;2337744;1019486208;18788352;1096347648;0;0;0;0;0;0;0;0;0;0;0;2094;0;0;89;0;80;0;
4862;1974392;1019486208;18788352;1096347648;0;0;0;0;0;0;0;0;0;0;0;1633;0;0;89;0;80;0;
4863;2310453;1019486208;18788352;1096347648;0;0;0;0;0;0;0;0;0;0;0;1273;0;0;89;0;80;0;
4864;2243167;1019486208;18788352;1096347648;0;0;0;0;0;0;0;0;0;0;0;1463;0;0;89;0;80;0;
4865;2077586;1019486208;18788352;1096347648;0;0;0;0;0;0;0;0;0;0;0;1382;0;0;89;0;80;0;
4866;4999536;1019486208;18788352;1096347648;0;0;0;0;0;0;0;0;0;0;0;1443;0;0;89;0;80;0;
4867;3323012;1019486208;18788352;1096347648;0;0;0;0;0;0;0;0;0;0;0;2564;0;0;89;0;80;0;
4868;2207159;1019486208;18788352;1096347648;0;0;0;0;0;0;0;0;0;0;0;1433;0;0;89;0;80;0;
4869;2322997;1019486208;18788352;1096347648;0;0;0;0;0;0;0;0;0;0;0;1453;0;0;89;0;80;0;
4870;2956144;1019486208;18788352;1096347648;0;0;0;0;0;0;0;0;0;0;0;1492;0;0;89;0;80;0;
4871;1592547;1019486208;18788352;1096347648;0;0;0;0;0;0;0;0;0;0;0;1413;0;0;89;0;80;0;
4872;2223600;1019486208;18788352;1096347648;0;0;0;0;0;0;0;0;0;0;0;1473;0;0;89;0;80;0;
4873;2887866;1019486208;18788352;1096347648;0;0;0;0;0;0;0;0;0;0;0;1463;0;0;89;0;80;0;
4874;2282561;1019486208;18788352;1096347648;0;0;0;0;0;0;0;0;0;0;0;1403;0;0;89;0;80;0;
4875;2631645;1019486208;18788352;1096347648;0;0;0;0;0;0;0;0;0;0;0;1733;0;0;89;0;80;0;
4876;3396610;1019486208;18788352;1096347648;0;0;0;0;0;0;0;0;0;0;0;1833;0;0;89;0;80;0;
4877;2626205;1019486208;18788352;1096347648;0;0;0;0;0;0;0;0;0;0;0;3056;0;0;89;0;80;0;
4878;1715457;1019486208;18788352;1096347648;0;0;0;0;0;0;0;0;0;0;0;1402;0;0;89;0;80;0;
4879;5354792;1019486208;18788352;1096347648;0;0;0;0;0;0;0;0;0;0;0;1834;0;0;89;0;80;0;
4880;6714863;1019486208;18788352;1096347648;0;0;0;0;0;0;0;0;0;0;0;3586;0;0;89;0;80;0;
4881;1307051;1019486208;18788352;1096347648;0;0;0;0;0;0;0;0;0;0;0;2505;0;0;89;0;80;0;
4882;902553;1019486208;18788352;1096347648;0;0;0;0;0;0;0;0;0;0;0;1473;0;0;89;0;80;0;
4883;2276439;1019486208;18788352;1096347648;0;0;0;0;0;0;0;0;0;0;0;1433;0;0;89;0;80;0;
4884;2381396;1019486208;18788352;1096347648;0;0;0;0;0;0;0;0;0;0;0;1593;0;0;89;0;80;0;
4885;1807530;1019486208;18788352;1096347648;0;0;0;0;0;0;0;0;0;0;0;1583;0;0;89;0;80;0;
4886;3155398;1019486208;18788352;1096347648;0;0;0;0;0;0;0;0;0;0;0;1613;0;0;89;0;80;0;
4887;3288938;1019486208;18788352;1096347648;0;0;0;0;0;0;0;0;0;0;0;2094;0;0;89;0;80;0;
4888;2251302;1019486208;18788352;1096347648;0;0;0;0;0;0;0;0;0;0;0;2103;0;0;89;0;80;0;
4889;3255395;1019486208;18788352;1096347648;0;0;0;0;0;0;0;0;0;0;0;1763;0;0;89;0;80;0;
4890;3772395;1019486208;18788352;1096347648;0;0;0;0;0;0;0;0;0;0;0;2364;0;0;89;0;80;0;
4891;2701847;1019486208;18788352;1096347648;0;0;0;0;0;0;0;0;0;0;0;1793;0;0;89;0;80;0;
4892;4980571;1019486208;18788352;1096347648;0;0;0;0;0;0;0;0;0;0;0;1723;0;0;89;0;80;0;
4893;3964705;1019486208;18788352;1096347648;0;0;0;0;0;0;0;0;0;0;0;2384;0;0;89;0;80;0;
4894;3153875;1019486208;18788352;1096347648;0;0;0;0;0;0;0;0;0;0;0;2154;0;0;89;0;80;0;
4895;2343545;1019486208;18788352;1096347648;0;0;0;0;0;0;0;0;0;0;0;2073;0;0;89;0;80;0;
4896;1758167;1019486208;18788352;1096347648;0;0;0;0;0;0;0;0;0;0;0;1794;0;0;89;0;80;0;
4897;2206427;1019486208;18788352;1096347648;0;0;0;0;0;0;0;0;0;0;0;1633;0;0;89;0;80;0;
4898;2057468;1019486208;18788352;1096347648;0;0;0;0;0;0;0;0;0;0;0;1423;0;0;89;0;80;0;
4899;2533532;1019486208;18788352;1096347648;0;0;0;0;0;0;0;0;0;0;0;1823;0;0;89;0;80;0;
4900;3384788;1019510784;18780160;1096339456;0;0;0;0;0;0;0;0;0;0;0;1323;0;0;89;0;80;0;
4901;1560386;1019510784;18780160;1096339456;0;0;0;0;0;0;0;0;0;0;0;1453;0;0;89;0;80;0;
4902;2575169;1019510784;18780160;1096339456;0;0;0;0;0;0;0;0;0;0;0;1844;0;0;89;0;80;0;
4903;5235128;1019510784;18780160;1096339456;0;0;0;0;0;0;0;0;0;0;0;1543;0;0;89;0;80;0;
4904;3440663;1019510784;18788352;1096347648;0;0;0;0;0;0;0;0;0;0;0;8386;0;0;89;0;80;0;
4905;1644564;1019510784;18788352;1096347648;0;0;0;0;0;0;0;0;0;0;0;2174;0;0;89;0;80;0;
4906;1850801;1019510784;18788352;1096347648;0;0;0;0;0;0;0;0;0;0;0;1943;0;0;89;0;80;0;
4907;2615014;1019510784;18788352;1096347648;0;0;0;0;0;0;0;0;0;0;0;1462;0;0;89;0;80;0;
4908;1675422;1019510784;18788352;1096347648;0;0;0;0;0;0;0;0;0;0;0;1563;0;0;89;0;80;0;
4909;2163207;1019510784;18788352;1096347648;0;0;0;0;0;0;0;0;0;0;0;2324;0;0;89;0;80;0;
4910;2154000;1019510784;18788352;1096347648;0;0;0;0;0;0;0;0;0;0;0;1483;0;0;89;0;80;0;
4911;2506491;1019510784;18788352;1096347648;0;0;0;0;0;0;0;0;0;0;0;2495;0;0;89;0;80;0;
4912;1974373;1019510784;18788352;1096347648;0;0;0;0;0;0;0;0;0;0;0;1633;0;0;89;0;80;0;
4913;3119851;1019510784;18788352;1096347648;0;0;0;0;0;0;0;0;0;0;0;1563;0;0;89;0;80;0;
4914;1617654;1019510784;18788352;1096347648;0;0;0;0;0;0;0;0;0;0;0;1693;0;0;89;0;80;0;
4915;1357426;1019510784;18788352;1096347648;0;0;0;0;0;0;0;0;0;0;0;1302;0;0;89;0;80;0;
4916;6406995;1019510784;18788352;1096347648;0;0;0;0;0;0;0;0;0;0;0;1613;0;0;89;0;80;0;
4917;6609937;1019510784;18788352;1096347648;0;0;0;0;0;0;0;0;0;0;0;5871;0;0;89;0;80;0;
4918;4080342;1019510784;18788352;1096347648;0;0;0;0;0;0;0;0;0;0;0;4078;0;0;89;0;80;0;
4919;2496632;1019510784;18788352;1096347648;0;0;0;0;0;0;0;0;0;0;0;2094;0;0;89;0;80;0;
4920;2632196;1019510784;18788352;1096347648;0;0;0;0;0;0;0;0;0;0;0;1743;0;0;89;0;80;0;
4921;4068159;1019510784;18788352;1096347648;0;0;0;0;0;0;0;0;0;0;0;2385;0;0;89;0;80;0;
4922;2322576;1019510784;18788352;1096347648;0;0;0;0;0;0;0;0;0;0;0;1573;0;0;89;0;80;0;
4923;3954626;1019510784;18788352;1096347648;0;0;0;0;0;0;0;0;0;0;0;1373;0;0;89;0;80;0;
4924;3071620;1019510784;18788352;1096347648;0;0;0;0;0;0;0;0;0;0;0;2024;0;0;89;0;80;0;
4925;2652164;1019510784;18788352;1096347648;0;0;0;0;0;0;0;0;0;0;0;2064;0;0;89;0;80;0;
4926;3676945;1019510784;18788352;1096347648;0;0;0;0;0;0;0;0;0;0;0;2334;0;0;89;0;80;0;
4927;1860850;1019510784;18788352;1096347648;0;0;0;0;0;0;0;0;0;0;0;1983;0;0;89;0;80;0;
4928;1447564;1019510784;18788352;1096347648;0;0;0;0;0;0;0;0;0;0;0;1533;0;0;89;0;80;0;
4929;5852696;1019510784;18788352;1096347648;0;0;0;0;0;0;0;0;0;0;0;1724;0;0;89;0;80;0;
4930;4844856;1019510784;18788352;1096347648;0;0;0;0;0;0;0;0;0;0;0;4238;0;0;89;0;80;0;
4931;3276255;1019510784;18788352;1096347648;0;0;0;0;0;0;0;0;0;0;0;2575;0;0;89;0;80;0;
4932;2512823;1019510784;18788352;1096347648;0;0;0;0;0;0;0;0;0;0;0;2594;0;0;89;0;80;0;
4933;8830421;1019510784;18788352;1096347648;0;0;0;0;0;0;0;0;0;0;0;1824;0;0;89;0;80;0;
4934;2449544;1019510784;18788352;1096347648;0;0;0;0;0;0;0;0;0;0;0;3636;0;0;89;0;80;0;
4935;1910252;1019510784;18788352;1096347648;0;0;0;0;0;0;0;0;0;0;0;1653;0;0;89;0;80;0;
4936;3596675;1019510784;18788352;1096347648;0;0;0;0;0;0;0;0;0;0;0;1893;0;0;89;0;80;0;
4937;3258140;1019510784;18788352;1096347648;0;0;0;0;0;0;0;0;0;0;0;2034;0;0;89;0;80;0;
4938;2064682;1019510784;18788352;1096347648;0;0;0;0;0;0;0;0;0;0;0;1623;0;0;89;0;80;0;
4939;3580525;1019510784;18788352;1096347648;0;0;0;0;0;0;0;0;0;0;0;1723;0;0;89;0;80;0;
4940;2468780;1019510784;18788352;1096347648;0;0;0;0;0;0;0;0;0;0;0;2154;0;0;89;0;80;0;
4941;2848472;1019510784;18788352;1096347648;0;0;0;0;0;0;0;0;0;0;0;2104;0;0;89;0;80;0;
4942;5779869;1019510784;18788352;1096347648;0;0;0;0;0;0;0;0;0;0;0;1834;0;0;89;0;80;0;
4943;4367441;1019510784;18788352;1096347648;0;0;0;0;0;0;0;0;0;0;0;2615;0;0;89;0;80;0;
4944;2491111;1019510784;18788352;1096347648;0;0;0;0;0;0;0;0;0;0;0;1964;0;0;89;0;80;0;
4945;2584447;1019510784;18788352;1096347648;0;0;0;0;0;0;0;0;0;0;0;2194;0;0;89;0;80;0;
4946;2985179;1019510784;18788352;1096347648;0;0;0;0;0;0;0;0;0;0;0;1553;0;0;89;0;80;0;
4947;2129343;1019510784;18788352;1096347648;0;0;0;0;0;0;0;0;0;0;0;2304;0;0;89;0;80;0;
4948;1941962;1019510784;18788352;1096347648;0;0;0;0;0;0;0;0;0;0;0;1543;0;0;89;0;80;0;
4949;3105073;1019510784;18788352;1096347648;0;0;0;0;0;0;0;0;0;0;0;1813;0;0;89;0;80;0;
4950;1699437;1019510784;18788352;1096347648;0;0;0;0;0;0;0;0;0;0;0;1443;0;0;89;0;80;0;
4951;1425804;1019510784;18788352;1096347648;0;0;0;0;0;0;0;0;0;0;0;1473;0;0;89;0;80;0;
4952;2651442;1019510784;18788352;1096347648;0;0;0;0;0;0;0;0;0;0;0;1583;0;0;89;0;80;0;
4953;2338827;1019510784;18788352;1096347648;0;0;0;0;0;0;0;0;0;0;0;2264;0;0;89;0;80;0;
4954;2083147;1019510784;18788352;1096347648;0;0;0;0;0;0;0;0;0;0;0;1443;0;0;89;0;80;0;
4955;6545285;1019510784;18788352;1096347648;0;0;0;0;0;0;0;0;0;0;0;1723;0;0;89;0;80;0;
4956;4549913;1019510784;18788352;1096347648;0;0;0;0;0;0;0;0;0;0;0;2735;0;0;89;0;80;0;
4957;2590999;1019510784;18788352;1096347648;0;0;0;0;0;0;0;0;0;0;0;1994;0;0;89;0;80;0;
4958;1467632;1019510784;18788352;1096347648;0;0;0;0;0;0;0;0;0;0;0;1473;0;0;89;0;80;0;
4959;2655640;1019510784;18788352;1096347648;0;0;0;0;0;0;0;0;0;0;0;1443;0;0;89;0;80;0;
4960;2450917;1019510784;18788352;1096347648;0;0;0;0;0;0;0;0;0;0;0;1503;0;0;89;0;80;0;
4961;2251322;1019510784;18788352;1096347648;0;0;0;0;0;0;0;0;0;0;0;2004;0;0;89;0;80;0;
4962;3566849;1019510784;18788352;1096347648;0;0;0;0;0;0;0;0;0;0;0;2053;0;0;89;0;80;0;
4963;2593614;1019510784;18788352;1096347648;0;0;0;0;0;0;0;0;0;0;0;1934;0;0;89;0;80;0;
4964;2476755;1019510784;18788352;1096347648;0;0;0;0;0;0;0;0;0;0;0;1863;0;0;89;0;80;0;
4965;3077241;1019510784;18788352;1096347648;0;0;0;0;0;0;0;0;0;0;0;1613;0;0;89;0;80;0;
4966;2784021;1019510784;18788352;1096347648;0;0;0;0;0;0;0;0;0;0;0;1533;0;0;89;0;80;0;
4967;1878303;1019510784;18788352;1096347648;0;0;0;0;0;0;0;0;0;0;0;1313;0;0;89;0;80;0;
4968;5588070;1019510784;18788352;1096347648;0;0;0;0;0;0;0;0;0;0;0;1563;0;0;89;0;80;0;
4969;4589477;1019510784;18788352;1096347648;0;0;0;0;0;0;0;0;0;0;0;3216;0;0;89;0;80;0;
4970;2239750;1019510784;18788352;1096347648;0;0;0;0;0;0;0;0;0;0;0;2104;0;0;89;0;80;0;
4971;3204279;1019510784;18788352;1096347648;0;0;0;0;0;0;0;0;0;0;0;1492;0;0;89;0;80;0;
4972;2472928;1019510784;18788352;1096347648;0;0;0;0;0;0;0;0;0;0;0;1743;0;0;89;0;80;0;
4973;2342353;1019510784;18788352;1096347648;0;0;0;0;0;0;0;0;0;0;0;1613;0;0;89;0;80;0;
4974;3454719;1019510784;18788352;1096347648;0;0;0;0;0;0;0;0;0;0;0;1623;0;0;89;0;80;0;
4975;2785704;1019510784;18788352;1096347648;0;0;0;0;0;0;0;0;0;0;0;1623;0;0;89;0;80;0;
4976;2684895;1019510784;18788352;1096347648;0;0;0;0;0;0;0;0;0;0;0;1573;0;0;89;0;80;0;
4977;2618721;1019510784;18788352;1096347648;0;0;0;0;0;0;0;0;0;0;0;1683;0;0;89;0;80;0;
4978;2192983;1019510784;18788352;1096347648;0;0;0;0;0;0;0;0;0;0;0;2004;0;0;89;0;80;0;
4979;2330300;1019510784;18788352;1096347648;0;0;0;0;0;0;0;0;0;0;0;1222;0;0;89;0;80;0;
4980;6401545;1019510784;18788352;1096347648;0;0;0;0;0;0;0;0;0;0;0;1663;0;0;89;0;80;0;
4981;5432869;1019510784;18788352;1096347648;0;0;0;0;0;0;0;0;0;0;0;3637;0;0;89;0;80;0;
4982;2001313;1019510784;18788352;1096347648;0;0;0;0;0;0;0;0;0;0;0;2384;0;0;89;0;80;0;
4983;3254223;1019510784;18788352;1096347648;0;0;0;0;0;0;0;0;0;0;0;1212;0;0;89;0;80;0;
4984;3140380;1019510784;18788352;1096347648;0;0;0;0;0;0;0;0;0;0;0;1874;0;0;89;0;80;0;
4985;4366519;1019510784;18788352;1096347648;0;0;0;0;0;0;0;0;0;0;0;1894;0;0;89;0;80;0;
4986;3367014;1019510784;18788352;1096347648;0;0;0;0;0;0;0;0;0;0;0;1643;0;0;89;0;80;0;
4987;2552858;1019510784;18788352;1096347648;0;0;0;0;0;0;0;0;0;0;0;1643;0;0;89;0;80;0;
4988;2510869;1019510784;18788352;1096347648;0;0;0;0;0;0;0;0;0;0;0;1663;0;0;89;0;80;0;
4989;3757837;1019510784;18788352;1096347648;0;0;0;0;0;0;0;0;0;0;0;1783;0;0;89;0;80;0;
4990;2357361;1019510784;18788352;1096347648;0;0;0;0;0;0;0;0;0;0;0;1683;0;0;89;0;80;0;
4991;3424683;1019510784;18788352;1096347648;0;0;0;0;0;0;0;0;0;0;0;1583;0;0;89;0;80;0;
4992;7556231;1019510784;18788352;1096347648;0;0;0;0;0;0;0;0;0;0;0;2435;0;0;89;0;80;0;
4993;5526063;1019510784;18788352;1096347648;0;0;0;0;0;0;0;0;0;0;0;2815;0;0;89;0;80;0;
4994;2536056;1019510784;18788352;1096347648;0;0;0;0;0;0;0;0;0;0;0;2675;0;0;89;0;80;0;
4995;3713595;1019510784;18788352;1096347648;0;0;0;0;0;0;0;0;0;0;0;2004;0;0;89;0;80;0;
4996;2893467;1019510784;18788352;1096347648;0;0;0;0;0;0;0;0;0;0;0;2175;0;0;89;0;80;0;
4997;3237642;1019510784;18788352;1096347648;0;0;0;0;0;0;0;0;0;0;0;1723;0;0;89;0;80;0;
4998;5286895;1019510784;18788352;1096347648;0;0;0;0;0;0;0;0;0;0;0;2675;0;0;89;0;80;0;
4999;3852816;1019510784;18788352;1096347648;0;0;0;0;0;0;0;0;0;0;0;2745;0;0;89;0;80;0;
5000;2986110;1019510784;18788352;1096347648;0;0;0;0;0;0;0;0;0;0;0;1934;0;0;89;0;80;0;
5001;3924470;1019510784;18788352;1096347648;0;0;0;0;0;0;0;0;0;0;0;1864;0;0;89;0;80;0;
5002;4333377;1019510784;18788352;1096347648;0;0;0;0;0;0;0;0;0;0;0;3587;0;0;89;0;80;0;
5003;1967560;1019510784;18788352;1096347648;0;0;0;0;0;0;0;0;0;0;0;2134;0;0;89;0;80;0;
5004;6278845;1019510784;18788352;1096347648;0;0;0;0;0;0;0;0;0;0;0;2385;0;0;89;0;80;0;
5005;5576688;1019510784;18788352;1096347648;0;0;0;0;0;0;0;0;0;0;0;3466;0;0;89;0;80;0;
5006;3540520;1019510784;18788352;1096347648;0;0;0;0;0;0;0;0;0;0;0;2906;0;0;89;0;80;0;
5007;3336978;1019510784;18788352;1096347648;0;0;0;0;0;0;0;0;0;0;0;2996;0;0;89;0;80;0;
5008;1284138;1019510784;18788352;1096347648;0;0;0;0;0;0;0;0;0;0;0;2425;0;0;89;0;80;0;
5009;1723522;1019510784;18788352;1096347648;0;0;0;0;0;0;0;0;0;0;0;1713;0;0;89;0;80;0;
5010;3169715;1019510784;18788352;1096347648;0;0;0;0;0;0;0;0;0;0;0;2364;0;0;89;0;80;0;
5011;2243067;1019510784;18788352;1096347648;0;0;0;0;0;0;0;0;0;0;0;2985;0;0;89;0;80;0;
5012;1404714;1019510784;18788352;1096347648;0;0;0;0;0;0;0;0;0;0;0;1563;0;0;89;0;80;0;
5013;2576051;1019510784;18788352;1096347648;0;0;0;0;0;0;0;0;0;0;0;1262;0;0;89;0;80;0;
5014;2322445;1019510784;18788352;1096347648;0;0;0;0;0;0;0;0;0;0;0;2405;0;0;89;0;80;0;
5015;2843352;1019510784;18788352;1096347648;0;0;0;0;0;0;0;0;0;0;0;2274;0;0;89;0;80;0;
5016;6374063;1019510784;18788352;1096347648;0;0;0;0;0;0;0;0;0;0;0;2274;0;0;89;0;80;0;
5017;6005542;1019510784;18788352;1096347648;0;0;0;0;0;0;0;0;0;0;0;3847;0;0;89;0;80;0;
5018;2763713;1019510784;18788352;1096347648;0;0;0;0;0;0;0;0;0;0;0;2776;0;0;89;0;80;0;
5019;5301963;1019510784;18788352;1096347648;0;0;0;0;0;0;0;0;0;0;0;2826;0;0;89;0;80;0;
5020;2406102;1019510784;18788352;1096347648;0;0;0;0;0;0;0;0;0;0;0;3316;0;0;89;0;80;0;
5021;3275423;1019510784;18788352;1096347648;0;0;0;0;0;0;0;0;0;0;0;2324;0;0;89;0;80;0;
5022;3216572;1019510784;18788352;1096347648;0;0;0;0;0;0;0;0;0;0;0;2976;0;0;89;0;80;0;
5023;2716475;1019510784;18788352;1096347648;0;0;0;0;0;0;0;0;0;0;0;2364;0;0;89;0;80;0;
5024;2260780;1019510784;18788352;1096347648;0;0;0;0;0;0;0;0;0;0;0;2455;0;0;89;0;80;0;
5025;2920507;1019510784;18788352;1096347648;0;0;0;0;0;0;0;0;0;0;0;2275;0;0;89;0;80;0;
5026;2742724;1019510784;18788352;1096347648;0;0;0;0;0;0;0;0;0;0;0;2975;0;0;89;0;80;0;
5027;2745149;1019510784;18788352;1096347648;0;0;0;0;0;0;0;0;0;0;0;2004;0;0;89;0;80;0;
5028;6186151;1019510784;18788352;1096347648;0;0;0;0;0;0;0;0;0;0;0;2024;0;0;89;0;80;0;
5029;4118925;1019510784;18788352;1096347648;0;0;0;0;0;0;0;0;0;0;0;4117;0;0;89;0;80;0;
5030;3012540;1019510784;18788352;1096347648;0;0;0;0;0;0;0;0;0;0;0;2335;0;0;89;0;80;0;
5031;1582278;1019510784;18788352;1096347648;0;0;0;0;0;0;0;0;0;0;0;1873;0;0;89;0;80;0;
5032;1028289;1019510784;18788352;1096347648;0;0;0;0;0;0;0;0;0;0;0;1503;0;0;89;0;80;0;
5033;1185082;1019510784;18788352;1096347648;0;0;0;0;0;0;0;0;0;0;0;1984;0;0;89;0;80;0;
5034;2991440;1019510784;18788352;1096347648;0;0;0;0;0;0;0;0;0;0;0;1473;0;0;89;0;80;0;
5035;1827337;1019510784;18788352;1096347648;0;0;0;0;0;0;0;0;0;0;0;2054;0;0;89;0;80;0;
5036;2118844;1019510784;18788352;1096347648;0;0;0;0;0;0;0;0;0;0;0;2054;0;0;89;0;80;0;
5037;2815359;1019510784;18788352;1096347648;0;0;0;0;0;0;0;0;0;0;0;2004;0;0;89;0;80;0;
5038;1438769;1019510784;18788352;1096347648;0;0;0;0;0;0;0;0;0;0;0;2084;0;0;89;0;80;0;
5039;3236921;1019510784;18788352;1096347648;0;0;0;0;0;0;0;0;0;0;0;2194;0;0;89;0;80;0;
5040;4738927;1019510784;18788352;1096347648;0;0;0;0;0;0;0;0;0;0;0;1673;0;0;89;0;80;0;
5041;2898316;1019510784;18788352;1096347648;0;0;0;0;0;0;0;0;0;0;0;1983;0;0;89;0;80;0;
5042;2760507;1019510784;18788352;1096347648;0;0;0;0;0;0;0;0;0;0;0;2215;0;0;89;0;80;0;
5043;2649369;1019510784;18788352;1096347648;0;0;0;0;0;0;0;0;0;0;0;1804;0;0;89;0;80;0;
5044;2550703;1019510784;18788352;1096347648;0;0;0;0;0;0;0;0;0;0;0;1663;0;0;89;0;80;0;
5045;1305288;1019510784;18788352;1096347648;0;0;0;0;0;0;0;0;0;0;0;1663;0;0;89;0;80;0;
5046;2921229;1019510784;18788352;1096347648;0;0;0;0;0;0;0;0;0;0;0;1753;0;0;89;0;80;0;
5047;1798623;1019510784;18788352;1096347648;0;0;0;0;0;0;0;0;0;0;0;2304;0;0;89;0;80;0;
5048;1594009;1019510784;18788352;1096347648;0;0;0;0;0;0;0;0;0;0;0;1222;0;0;89;0;80;0;
5049;3082752;1019510784;18788352;1096347648;0;0;0;0;0;0;0;0;0;0;0;1994;0;0;89;0;80;0;
5050;2013586;1019510784;18788352;1096347648;0;0;0;0;0;0;0;0;0;0;0;1914;0;0;89;0;80;0;
5051;1595562;1019510784;18788352;1096347648;0;0;0;0;0;0;0;0;0;0;0;1543;0;0;89;0;80;0;
5052;5794578;1019510784;18788352;1096347648;0;0;0;0;0;0;0;0;0;0;0;1503;0;0;89;0;80;0;
5053;4667052;1019510784;18788352;1096347648;0;0;0;0;0;0;0;0;0;0;0;2785;0;0;89;0;80;0;
5054;1376151;1019510784;18788352;1096347648;0;0;0;0;0;0;0;0;0;0;0;2204;0;0;89;0;80;0;
5055;2910138;1019510784;18788352;1096347648;0;0;0;0;0;0;0;0;0;0;0;1383;0;0;89;0;80;0;
5056;2271470;1019510784;18788352;1096347648;0;0;0;0;0;0;0;0;0;0;0;1983;0;0;89;0;80;0;
5057;1539047;1019510784;18788352;1096347648;0;0;0;0;0;0;0;0;0;0;0;1693;0;0;89;0;80;0;
5058;2369103;1019510784;18788352;1096347648;0;0;0;0;0;0;0;0;0;0;0;1443;0;0;89;0;80;0;
5059;2283803;1019510784;18788352;1096347648;0;0;0;0;0;0;0;0;0;0;0;2975;0;0;89;0;80;0;
5060;2142608;1019510784;18788352;1096347648;0;0;0;0;0;0;0;0;0;0;0;1463;0;0;89;0;80;0;
5061;4922491;1019510784;18788352;1096347648;0;0;0;0;0;0;0;0;0;0;0;1974;0;0;89;0;80;0;
5062;2649428;1019510784;18788352;1096347648;0;0;0;0;0;0;0;0;0;0;0;2234;0;0;89;0;80;0;
5063;2105618;1019510784;18788352;1096347648;0;0;0;0;0;0;0;0;0;0;0;1512;0;0;89;0;80;0;
5064;6560172;1019510784;18788352;1096347648;0;0;0;0;0;0;0;0;0;0;0;1963;0;0;89;0;80;0;
5065;3519801;1019510784;18788352;1096347648;0;0;0;0;0;0;0;0;0;0;0;2855;0;0;89;0;80;0;
5066;2602851;1019510784;18788352;1096347648;0;0;0;0;0;0;0;0;0;0;0;2455;0;0;89;0;80;0;
5067;3646759;1019510784;18788352;1096347648;0;0;0;0;0;0;0;0;0;0;0;2204;0;0;89;0;80;0;
5068;1024341;1019510784;18788352;1096347648;0;0;0;0;0;0;0;0;0;0;0;1723;0;0;89;0;80;0;
5069;1098410;1019510784;18788352;1096347648;0;0;0;0;0;0;0;0;0;0;0;1624;0;0;89;0;80;0;
5070;2695245;1019510784;18788352;1096347648;0;0;0;0;0;0;0;0;0;0;0;1523;0;0;89;0;80;0;
5071;2707277;1019510784;18788352;1096347648;0;0;0;0;0;0;0;0;0;0;0;2875;0;0;89;0;80;0;
5072;2964409;1019510784;18788352;1096347648;0;0;0;0;0;0;0;0;0;0;0;2615;0;0;89;0;80;0;
5073;2725702;1019510784;18788352;1096347648;0;0;0;0;0;0;0;0;0;0;0;1994;0;0;89;0;80;0;
5074;3771723;1019510784;18788352;1096347648;0;0;0;0;0;0;0;0;0;0;0;2936;0;0;89;0;80;0;
5075;2442701;1019510784;18788352;1096347648;0;0;0;0;0;0;0;0;0;0;0;2354;0;0;89;0;80;0;
5076;6829118;1019510784;18788352;1096347648;0;0;0;0;0;0;0;0;0;0;0;2535;0;0;89;0;80;0;
5077;4700746;1019510784;18796544;1096355840;0;0;0;0;0;0;0;0;0;0;0;3126;0;0;89;0;80;0;
5078;3046584;1019510784;18796544;1096355840;0;0;0;0;0;0;0;0;0;0;0;2695;0;0;89;0;80;0;
5079;3527776;1019510784;18796544;1096355840;0;0;0;0;0;0;0;0;0;0;0;2735;0;0;89;0;80;0;
5080;1957361;1019510784;18796544;1096355840;0;0;0;0;0;0;0;0;0;0;0;1954;0;0;89;0;80;0;
5081;2275688;1019510784;18796544;1096355840;0;0;0;0;0;0;0;0;0;0;0;1593;0;0;89;0;80;0;
5082;1404534;1019510784;18796544;1096355840;0;0;0;0;0;0;0;0;0;0;0;1803;0;0;89;0;80;0;
5083;1704196;1019510784;18796544;1096355840;0;0;0;0;0;0;0;0;0;0;0;1784;0;0;89;0;80;0;
5084;2330390;1019510784;18796544;1096355840;0;0;0;0;0;0;0;0;0;0;0;1533;0;0;89;0;80;0;
5085;3354081;1019510784;18796544;1096355840;0;0;0;0;0;0;0;0;0;0;0;2985;0;0;89;0;80;0;
5086;2538160;1019510784;18796544;1096355840;0;0;0;0;0;0;0;0;0;0;0;2043;0;0;89;0;80;0;
5087;5863937;1019510784;18796544;1096355840;0;0;0;0;0;0;0;0;0;0;0;1603;0;0;89;0;80;0;
5088;3562781;1019510784;18796544;1096355840;0;0;0;0;0;0;0;0;0;0;0;2825;0;0;89;0;80;0;
5089;2893787;1019510784;18796544;1096355840;0;0;0;0;0;0;0;0;0;0;0;2655;0;0;89;0;80;0;
5090;2425689;1019510784;18796544;1096355840;0;0;0;0;0;0;0;0;0;0;0;1944;0;0;89;0;80;0;
5091;1907768;1019510784;18796544;1096355840;0;0;0;0;0;0;0;0;0;0;0;1422;0;0;89;0;80;0;
5092;2495680;1019510784;18796544;1096355840;0;0;0;0;0;0;0;0;0;0;0;2765;0;0;89;0;80;0;
5093;2115497;1019510784;18796544;1096355840;0;0;0;0;0;0;0;0;0;0;0;1823;0;0;89;0;80;0;
5094;2534774;1019510784;18796544;1096355840;0;0;0;0;0;0;0;0;0;0;0;2024;0;0;89;0;80;0;
5095;2834976;1019518976;18788352;1096347648;0;0;0;0;0;0;0;0;0;0;0;2034;0;0;89;0;80;0;
5096;2900810;1019518976;18788352;1096347648;0;0;0;0;0;0;0;0;0;0;0;3957;0;0;89;0;80;0;
5097;2798308;1019518976;18788352;1096347648;0;0;0;0;0;0;0;0;0;0;0;2154;0;0;89;0;80;0;
5098;6437153;1019518976;18788352;1096347648;0;0;0;0;0;0;0;0;0;0;0;2926;0;0;89;0;80;0;
5099;2898857;1019518976;18788352;1096347648;0;0;0;0;0;0;0;0;0;0;0;2745;0;0;89;0;80;0;
5100;1785809;1019518976;18788352;1096347648;0;0;0;0;0;0;0;0;0;0;0;2635;0;0;89;0;80;0;
5101;2726233;1019518976;18788352;1096347648;0;0;0;0;0;0;0;0;0;0;0;2365;0;0;89;0;80;0;
5102;2417143;1019518976;18788352;1096347648;0;0;0;0;0;0;0;0;0;0;0;2685;0;0;89;0;80;0;
5103;3116034;1019518976;18788352;1096347648;0;0;0;0;0;0;0;0;0;0;0;2995;0;0;89;0;80;0;
5104;2322365;1019518976;18788352;1096347648;0;0;0;0;0;0;0;0;0;0;0;1994;0;0;89;0;80;0;
5105;2132469;1019518976;18788352;1096347648;0;0;0;0;0;0;0;0;0;0;0;2204;0;0;89;0;80;0;
5106;3168702;1019518976;18788352;1096347648;0;0;0;0;0;0;0;0;0;0;0;2033;0;0;89;0;80;0;
5107;1387392;1019518976;18788352;1096347648;0;0;0;0;0;0;0;0;0;0;0;1583;0;0;89;0;80;0;
5108;1616682;1019518976;18788352;1096347648;0;0;0;0;0;0;0;0;0;0;0;1543;0;0;89;0;80;0;
5109;5742199;1019518976;18788352;1096347648;0;0;0;0;0;0;0;0;0;0;0;2234;0;0;89;0;80;0;
5110;3941301;1019518976;18788352;1096347648;0;0;0;0;0;0;0;0;0;0;0;3156;0;0;89;0;80;0;
5111;2846929;1019518976;18788352;1096347648;0;0;0;0;0;0;0;0;0;0;0;2404;0;0;89;0;80;0;
5112;3417008;1019518976;18788352;1096347648;0;0;0;0;0;0;0;0;0;0;0;1864;0;0;89;0;80;0;
5113;1966909;1019518976;18788352;1096347648;0;0;0;0;0;0;0;0;0;0;0;2184;0;0;89;0;80;0;
5114;2618100;1019518976;18788352;1096347648;0;0;0;0;0;0;0;0;0;0;0;1793;0;0;89;0;80;0;
5115;2544372;1019518976;18788352;1096347648;0;0;0;0;0;0;0;0;0;0;0;2054;0;0;89;0;80;0;
5116;2631996;1019518976;18788352;1096347648;0;0;0;0;0;0;0;0;0;0;0;2785;0;0;89;0;80;0;
5117;2545564;1019518976;18788352;1096347648;0;0;0;0;0;0;0;0;0;0;0;1563;0;0;89;0;80;0;
5118;2464602;1019518976;18788352;1096347648;0;0;0;0;0;0;0;0;0;0;0;2786;0;0;89;0;80;0;
5119;2968316;1019518976;18788352;1096347648;0;0;0;0;0;0;0;0;0;0;0;2395;0;0;89;0;80;0;
5120;5297856;1019518976;18788352;1096347648;0;0;0;0;0;0;0;0;0;0;0;2274;0;0;89;0;80;0;
5121;3438409;1019518976;18788352;1096347648;0;0;0;0;0;0;0;0;0;0;0;2766;0;0;89;0;80;0;
5122;2298440;1019518976;18788352;1096347648;0;0;0;0;0;0;0;0;0;0;0;3176;0;0;89;0;80;0;
5123;1801709;1019518976;18788352;1096347648;0;0;0;0;0;0;0;0;0;0;0;1473;0;0;89;0;80;0;
5124;2076835;1019518976;18788352;1096347648;0;0;0;0;0;0;0;0;0;0;0;1994;0;0;89;0;80;0;
5125;3592367;1019518976;18788352;1096347648;0;0;0;0;0;0;0;0;0;0;0;2264;0;0;89;0;80;0;
5126;2297880;1019518976;18788352;1096347648;0;0;0;0;0;0;0;0;0;0;0;2204;0;0;89;0;80;0;
5127;2285937;1019518976;18788352;1096347648;0;0;0;0;0;0;0;0;0;0;0;1934;0;0;89;0;80;0;
5128;2330801;1019518976;18788352;1096347648;0;0;0;0;0;0;0;0;0;0;0;1432;0;0;89;0;80;0;
5129;1700358;1019518976;18788352;1096347648;0;0;0;0;0;0;0;0;0;0;0;1693;0;0;89;0;80;0;
5130;3371963;1019518976;18788352;1096347648;0;0;0;0;0;0;0;0;0;0;0;5490;0;0;89;0;80;0;
5131;7490567;1019518976;18788352;1096347648;0;0;0;0;0;0;0;0;0;0;0;4468;0;0;89;0;80;0;
5132;3554466;1019518976;18788352;1096347648;0;0;0;0;0;0;0;0;0;0;0;2234;0;0;89;0;80;0;
5133;2846208;1019518976;18788352;1096347648;0;0;0;0;0;0;0;0;0;0;0;1754;0;0;89;0;80;0;
5134;2265599;1019518976;18788352;1096347648;0;0;0;0;0;0;0;0;0;0;0;1443;0;0;89;0;80;0;
5135;1758227;1019518976;18788352;1096347648;0;0;0;0;0;0;0;0;0;0;0;1713;0;0;89;0;80;0;
5136;2266140;1019518976;18788352;1096347648;0;0;0;0;0;0;0;0;0;0;0;1753;0;0;89;0;80;0;
5137;2085451;1019518976;18788352;1096347648;0;0;0;0;0;0;0;0;0;0;0;1824;0;0;89;0;80;0;
5138;2022333;1019518976;18788352;1096347648;0;0;0;0;0;0;0;0;0;0;0;1513;0;0;89;0;80;0;
5139;3007260;1019518976;18788352;1096347648;0;0;0;0;0;0;0;0;0;0;0;1773;0;0;89;0;80;0;
5140;2044895;1019518976;18788352;1096347648;0;0;0;0;0;0;0;0;0;0;0;1683;0;0;89;0;80;0;
5141;1878142;1019518976;18788352;1096347648;0;0;0;0;0;0;0;0;0;0;0;1643;0;0;89;0;80;0;
5142;4856197;1019518976;18788352;1096347648;0;0;0;0;0;0;0;0;0;0;0;1673;0;0;89;0;80;0;
5143;2467277;1019518976;18788352;1096347648;0;0;0;0;0;0;0;0;0;0;0;2945;0;0;89;0;80;0;
5144;1924670;1019518976;18788352;1096347648;0;0;0;0;0;0;0;0;0;0;0;2214;0;0;89;0;80;0;
5145;2437351;1019518976;18788352;1096347648;0;0;0;0;0;0;0;0;0;0;0;2004;0;0;89;0;80;0;
5146;1620218;1019518976;18788352;1096347648;0;0;0;0;0;0;0;0;0;0;0;2074;0;0;89;0;80;0;
5147;2606468;1019518976;18788352;1096347648;0;0;0;0;0;0;0;0;0;0;0;1823;0;0;89;0;80;0;
5148;1756464;1019518976;18788352;1096347648;0;0;0;0;0;0;0;0;0;0;0;2004;0;0;89;0;80;0;
5149;2189416;1019518976;18788352;1096347648;0;0;0;0;0;0;0;0;0;0;0;1894;0;0;89;0;80;0;
5150;2005642;1019518976;18788352;1096347648;0;0;0;0;0;0;0;0;0;0;0;1533;0;0;89;0;80;0;
5151;1358547;1019518976;18788352;1096347648;0;0;0;0;0;0;0;0;0;0;0;1513;0;0;89;0;80;0;
5152;1920501;1019518976;18788352;1096347648;0;0;0;0;0;0;0;0;0;0;0;1533;0;0;89;0;80;0;
5153;5245468;1019518976;18788352;1096347648;0;0;0;0;0;0;0;0;0;0;0;1883;0;0;89;0;80;0;
5154;2779723;1019518976;18788352;1096347648;0;0;0;0;0;0;0;0;0;0;0;2254;0;0;89;0;80;0;
5155;1453556;1019518976;18788352;1096347648;0;0;0;0;0;0;0;0;0;0;0;1553;0;0;89;0;80;0;
5156;2569879;1019518976;18788352;1096347648;0;0;0;0;0;0;0;0;0;0;0;1573;0;0;89;0;80;0;
5157;1556700;1019518976;18788352;1096347648;0;0;0;0;0;0;0;0;0;0;0;1703;0;0;89;0;80;0;
5158;2582233;1019518976;18788352;1096347648;0;0;0;0;0;0;0;0;0;0;0;1583;0;0;89;0;80;0;
5159;1833749;1019518976;18788352;1096347648;0;0;0;0;0;0;0;0;0;0;0;1663;0;0;89;0;80;0;
5160;2045867;1019518976;18788352;1096347648;0;0;0;0;0;0;0;0;0;0;0;1823;0;0;89;0;80;0;
5161;3525081;1019518976;18788352;1096347648;0;0;0;0;0;0;0;0;0;0;0;1674;0;0;89;0;80;0;
5162;1753509;1019518976;18788352;1096347648;0;0;0;0;0;0;0;0;0;0;0;1543;0;0;89;0;80;0;
5163;1521012;1019518976;18788352;1096347648;0;0;0;0;0;0;0;0;0;0;0;8836;0;0;89;0;80;0;
5164;4535286;1019518976;18788352;1096347648;0;0;0;0;0;0;0;0;0;0;0;1492;0;0;89;0;80;0;
5165;3527005;1019518976;18788352;1096347648;0;0;0;0;0;0;0;0;0;0;0;2625;0;0;89;0;80;0;
5166;2747543;1019518976;18788352;1096347648;0;0;0;0;0;0;0;0;0;0;0;2164;0;0;89;0;80;0;
5167;2242305;1019518976;18788352;1096347648;0;0;0;0;0;0;0;0;0;0;0;1383;0;0;89;0;80;0;
5168;1677235;1019518976;18788352;1096347648;0;0;0;0;0;0;0;0;0;0;0;1734;0;0;89;0;80;0;
5169;3176037;1019518976;18788352;1096347648;0;0;0;0;0;0;0;0;0;0;0;2114;0;0;89;0;80;0;
5170;2366077;1019518976;18788352;1096347648;0;0;0;0;0;0;0;0;0;0;0;1533;0;0;89;0;80;0;
5171;1926573;1019518976;18788352;1096347648;0;0;0;0;0;0;0;0;0;0;0;2094;0;0;89;0;80;0;
5172;3206404;1019518976;18788352;1096347648;0;0;0;0;0;0;0;0;0;0;0;1452;0;0;89;0;80;0;
5173;2181762;1019518976;18788352;1096347648;0;0;0;0;0;0;0;0;0;0;0;1674;0;0;89;0;80;0;
5174;2927821;1019518976;18788352;1096347648;0;0;0;0;0;0;0;0;0;0;0;2214;0;0;89;0;80;0;
5175;6336182;1019518976;18788352;1096347648;0;0;0;0;0;0;0;0;0;0;0;1442;0;0;89;0;80;0;
5176;5606955;1019518976;18788352;1096347648;0;0;0;0;0;0;0;0;0;0;0;2245;0;0;89;0;80;0;
5177;1454808;1019518976;18788352;1096347648;0;0;0;0;0;0;0;0;0;0;0;1293;0;0;89;0;80;0;
5178;2377068;1019518976;18788352;1096347648;0;0;0;0;0;0;0;0;0;0;0;1513;0;0;89;0;80;0;
5179;2202260;1019518976;18788352;1096347648;0;0;0;0;0;0;0;0;0;0;0;1873;0;0;89;0;80;0;
5180;2647295;1019518976;18788352;1096347648;0;0;0;0;0;0;0;0;0;0;0;2154;0;0;89;0;80;0;
5181;2008927;1019518976;18788352;1096347648;0;0;0;0;0;0;0;0;0;0;0;2394;0;0;89;0;80;0;
5182;2368351;1019518976;18788352;1096347648;0;0;0;0;0;0;0;0;0;0;0;2254;0;0;89;0;80;0;
5183;3140008;1019518976;18788352;1096347648;0;0;0;0;0;0;0;0;0;0;0;2384;0;0;89;0;80;0;
5184;2804570;1019518976;18788352;1096347648;0;0;0;0;0;0;0;0;0;0;0;2314;0;0;89;0;80;0;
5185;2638919;1019518976;18788352;1096347648;0;0;0;0;0;0;0;0;0;0;0;2715;0;0;89;0;80;0;
5186;5915213;1019518976;18788352;1096347648;0;0;0;0;0;0;0;0;0;0;0;1984;0;0;89;0;80;0;
5187;4761931;1019518976;18788352;1096347648;0;0;0;0;0;0;0;0;0;0;0;3407;0;0;89;0;80;0;
5188;2763382;1019518976;18788352;1096347648;0;0;0;0;0;0;0;0;0;0;0;2935;0;0;89;0;80;0;
5189;2663996;1019518976;18788352;1096347648;0;0;0;0;0;0;0;0;0;0;0;2375;0;0;89;0;80;0;
5190;2453281;1019518976;18788352;1096347648;0;0;0;0;0;0;0;0;0;0;0;2255;0;0;89;0;80;0;
5191;2766318;1019518976;18788352;1096347648;0;0;0;0;0;0;0;0;0;0;0;1613;0;0;89;0;80;0;
5192;2834927;1019518976;18788352;1096347648;0;0;0;0;0;0;0;0;0;0;0;2545;0;0;89;0;80;0;
5193;2195107;1019518976;18788352;1096347648;0;0;0;0;0;0;0;0;0;0;0;2114;0;0;89;0;80;0;
5194;3818060;1019518976;18788352;1096347648;0;0;0;0;0;0;0;0;0;0;0;2585;0;0;89;0;80;0;
5195;1983710;1019518976;18788352;1096347648;0;0;0;0;0;0;0;0;0;0;0;2475;0;0;89;0;80;0;
5196;5553174;1019518976;18788352;1096347648;0;0;0;0;0;0;0;0;0;0;0;1824;0;0;89;0;80;0;
5197;4294234;1019518976;18788352;1096347648;0;0;0;0;0;0;0;0;0;0;0;2685;0;0;89;0;80;0;
5198;2603052;1019518976;18788352;1096347648;0;0;0;0;0;0;0;0;0;0;0;3046;0;0;89;0;80;0;
5199;2931688;1019518976;18788352;1096347648;0;0;0;0;0;0;0;0;0;0;0;2134;0;0;89;0;80;0;
5200;2129273;1019518976;18788352;1096347648;0;0;0;0;0;0;0;0;0;0;0;1623;0;0;89;0;80;0;
5201;2375505;1019518976;18788352;1096347648;0;0;0;0;0;0;0;0;0;0;0;1844;0;0;89;0;80;0;
5202;2559320;1019518976;18788352;1096347648;0;0;0;0;0;0;0;0;0;0;0;1763;0;0;89;0;80;0;
5203;2331182;1019518976;18788352;1096347648;0;0;0;0;0;0;0;0;0;0;0;1694;0;0;89;0;80;0;
5204;1589892;1019518976;18788352;1096347648;0;0;0;0;0;0;0;0;0;0;0;1553;0;0;89;0;80;0;
5205;2053531;1019518976;18788352;1096347648;0;0;0;0;0;0;0;0;0;0;0;1563;0;0;89;0;80;0;
5206;4979158;1019518976;18788352;1096347648;0;0;0;0;0;0;0;0;0;0;0;2043;0;0;89;0;80;0;
5207;4162366;1019518976;18788352;1096347648;0;0;0;0;0;0;0;0;0;0;0;3176;0;0;89;0;80;0;
5208;3000377;1019518976;18788352;1096347648;0;0;0;0;0;0;0;0;0;0;0;2705;0;0;89;0;80;0;
5209;3557763;1019518976;18788352;1096347648;0;0;0;0;0;0;0;0;0;0;0;2144;0;0;89;0;80;0;
5210;3574313;1019518976;18788352;1096347648;0;0;0;0;0;0;0;0;0;0;0;2464;0;0;89;0;80;0;
5211;3781222;1019518976;18788352;1096347648;0;0;0;0;0;0;0;0;0;0;0;2014;0;0;89;0;80;0;
5212;2562646;1019518976;18788352;1096347648;0;0;0;0;0;0;0;0;0;0;0;2424;0;0;89;0;80;0;
5213;6950986;1019518976;18788352;1096347648;0;0;0;0;0;0;0;0;0;0;0;2204;0;0;89;0;80;0;
5214;4156605;1019518976;18788352;1096347648;0;0;0;0;0;0;0;0;0;0;0;2495;0;0;89;0;80;0;
5215;1577037;1019518976;18788352;1096347648;0;0;0;0;0;0;0;0;0;0;0;2204;0;0;89;0;80;0;
5216;3664713;1019518976;18788352;1096347648;0;0;0;0;0;0;0;0;0;0;0;1913;0;0;89;0;80;0;
5217;2697248;1019518976;18788352;1096347648;0;0;0;0;0;0;0;0;0;0;0;2535;0;0;89;0;80;0;
5218;4628330;1019518976;18788352;1096347648;0;0;0;0;0;0;0;0;0;0;0;2725;0;0;89;0;80;0;
5219;3013061;1019518976;18788352;1096347648;0;0;0;0;0;0;0;0;0;0;0;2334;0;0;89;0;80;0;
5220;6240704;1019518976;18788352;1096347648;0;0;0;0;0;0;0;0;0;0;0;2505;0;0;89;0;80;0;
5221;4794051;1019518976;18788352;1096347648;0;0;0;0;0;0;0;0;0;0;0;3617;0;0;89;0;80;0;
5222;2563268;1019518976;18788352;1096347648;0;0;0;0;0;0;0;0;0;0;0;2675;0;0;89;0;80;0;
5223;2899638;1019506688;18776064;1096335360;0;0;0;0;0;0;0;0;0;0;0;2144;0;0;89;0;80;0;
5224;1734032;1019506688;18776064;1096335360;0;0;0;0;0;0;0;0;0;0;0;2325;0;0;89;0;80;0;
5225;2931027;1019506688;18776064;1096335360;0;0;0;0;0;0;0;0;0;0;0;1803;0;0;89;0;80;0;
5226;2145414;1019506688;18776064;1096335360;0;0;0;0;0;0;0;0;0;0;0;2104;0;0;89;0;80;0;
5227;5711512;1019506688;18776064;1096335360;0;0;0;0;0;0;0;0;0;0;0;1633;0;0;89;0;80;0;
5228;3118097;1019506688;18776064;1096335360;0;0;0;0;0;0;0;0;0;0;0;2725;0;0;89;0;80;0;
5229;2838504;1019506688;18776064;1096335360;0;0;0;0;0;0;0;0;0;0;0;2194;0;0;89;0;80;0;
5230;2730200;1019502592;18771968;1096331264;0;0;0;0;0;0;0;0;0;0;0;2475;0;0;89;0;80;0;
5231;3220540;1019502592;18771968;1096331264;0;0;0;0;0;0;0;0;0;0;0;2675;0;0;89;0;80;0;
5232;2670418;1019502592;18771968;1096331264;0;0;0;0;0;0;0;0;0;0;0;1693;0;0;89;0;80;0;
5233;2038823;1019502592;18771968;1096331264;0;0;0;0;0;0;0;0;0;0;0;2485;0;0;89;0;80;0;
5234;5578702;1019502592;18771968;1096331264;0;0;0;0;0;0;0;0;0;0;0;1773;0;0;89;0;80;0;
5235;2512793;1019502592;18771968;1096331264;0;0;0;0;0;0;0;0;0;0;0;2084;0;0;89;0;80;0;
5236;1509861;1019502592;18771968;1096331264;0;0;0;0;0;0;0;0;0;0;0;1483;0;0;89;0;80;0;
5237;2558728;1019502592;18771968;1096331264;0;0;0;0;0;0;0;0;0;0;0;1984;0;0;89;0;80;0;
5238;1507366;1019502592;18771968;1096331264;0;0;0;0;0;0;0;0;0;0;0;1733;0;0;89;0;80;0;
5239;1698715;1019502592;18771968;1096331264;0;0;0;0;0;0;0;0;0;0;0;1393;0;0;89;0;80;0;
5240;2134002;1019502592;18771968;1096331264;0;0;0;0;0;0;0;0;0;0;0;1743;0;0;89;0;80;0;
5241;5451594;1019502592;18771968;1096331264;0;0;0;0;0;0;0;0;0;0;0;1693;0;0;89;0;80;0;
5242;4141176;1019502592;18771968;1096331264;0;0;0;0;0;0;0;0;0;0;0;2825;0;0;89;0;80;0;
5243;2264928;1019502592;18771968;1096331264;0;0;0;0;0;0;0;0;0;0;0;2515;0;0;89;0;80;0;
5244;3164544;1014038528;13295616;1090854912;0;0;0;0;0;0;0;0;0;0;0;1523;0;0;89;0;80;0;
5245;1810726;1014038528;13295616;1090854912;0;0;0;0;0;0;0;0;0;0;0;2004;0;0;89;0;80;0;
5246;2450225;1014038528;13295616;1090854912;0;0;0;0;0;0;0;0;0;0;0;121197;0;0;89;0;80;0;
5247;1952271;1014038528;13295616;1090854912;0;0;0;0;0;0;0;0;0;0;0;1994;0;0;89;0;80;0;
5248;6300296;1014038528;13299712;1090859008;0;0;0;0;0;0;0;0;0;0;0;2274;0;0;89;0;80;0;
5249;3531102;1014845440;18780160;1096339456;0;0;0;0;0;0;0;0;0;0;0;1673;0;0;89;0;80;0;
5250;2955052;1017479168;18780160;1096339456;0;0;0;0;0;0;0;0;0;0;0;2965;0;0;89;0;80;0;
5251;2546987;1017479168;18780160;1096339456;0;0;0;0;0;0;0;0;0;0;0;1472;0;0;89;0;80;0;
5252;2457710;1017479168;18780160;1096339456;0;0;0;0;0;0;0;0;0;0;0;1653;0;0;89;0;80;0;
5253;2838222;1017479168;18780160;1096339456;0;0;0;0;0;0;0;0;0;0;0;1653;0;0;89;0;80;0;
5254;1451072;1017479168;18780160;1096339456;0;0;0;0;0;0;0;0;0;0;0;2355;0;0;89;0;80;0;
5255;4963679;1018290176;18780160;1096339456;0;0;0;0;0;0;0;0;0;0;0;1553;0;0;89;0;80;0;
5256;3843959;1019371520;18780160;1096339456;0;0;0;0;0;0;0;0;0;0;0;2735;0;0;89;0;80;0;
5257;1804073;1019371520;18780160;1096339456;0;0;0;0;0;0;0;0;0;0;0;2555;0;0;89;0;80;0;
5258;3182198;1019371520;18780160;1096339456;0;0;0;0;0;0;0;0;0;0;0;1884;0;0;89;0;80;0;
5259;3051864;1019371520;18780160;1096339456;0;0;0;0;0;0;0;0;0;0;0;2485;0;0;89;0;80;0;
5260;3845292;1019371520;18780160;1096339456;0;0;0;0;0;0;0;0;0;0;0;2725;0;0;89;0;80;0;
5261;2935265;1019371520;18780160;1096339456;0;0;0;0;0;0;0;0;0;0;0;2395;0;0;89;0;80;0;
5262;11707546;1019371520;18780160;1096339456;0;0;0;0;0;0;0;0;0;0;0;1753;0;0;89;0;80;0;
5263;2504096;1019371520;18780160;1096339456;0;0;0;0;0;0;0;0;0;0;0;3146;0;0;89;0;80;0;
5264;1587948;1019371520;18780160;1096339456;0;0;0;0;0;0;0;0;0;0;0;2224;0;0;89;0;80;0;
5265;3004624;1019420672;18771968;1096331264;0;0;0;0;0;0;0;0;0;0;0;1963;0;0;89;0;80;0;
5266;2478949;1019420672;18771968;1096331264;0;0;0;0;0;0;0;0;0;0;0;2124;0;0;89;0;80;0;
5267;2873499;1019420672;18771968;1096331264;0;0;0;0;0;0;0;0;0;0;0;2154;0;0;89;0;80;0;
5268;2199254;1019420672;18771968;1096331264;0;0;0;0;0;0;0;0;0;0;0;1833;0;0;89;0;80;0;
5269;5481601;1019420672;18771968;1096331264;0;0;0;0;0;0;0;0;0;0;0;2034;0;0;89;0;80;0;
5270;3067102;1019420672;18771968;1096331264;0;0;0;0;0;0;0;0;0;0;0;2585;0;0;89;0;80;0;
5271;2105909;1019420672;18771968;1096331264;0;0;0;0;0;0;0;0;0;0;0;2033;0;0;89;0;80;0;
5272;1783786;1019420672;18771968;1096331264;0;0;0;0;0;0;0;0;0;0;0;1974;0;0;89;0;80;0;
5273;1228995;1019420672;18771968;1096331264;0;0;0;0;0;0;0;0;0;0;0;2044;0;0;89;0;80;0;
5274;2318859;1019420672;18771968;1096331264;0;0;0;0;0;0;0;0;0;0;0;1613;0;0;89;0;80;0;
5275;1638884;1019420672;18771968;1096331264;0;0;0;0;0;0;0;0;0;0;0;2144;0;0;89;0;80;0;
5276;4382659;1019420672;18771968;1096331264;0;0;0;0;0;0;0;0;0;0;0;1543;0;0;89;0;80;0;
5277;3879636;1019420672;18771968;1096331264;0;0;0;0;0;0;0;0;0;0;0;2915;0;0;89;0;80;0;
5278;1402019;1019420672;18771968;1096331264;0;0;0;0;0;0;0;0;0;0;0;2285;0;0;89;0;80;0;
5279;1873493;1019420672;18771968;1096331264;0;0;0;0;0;0;0;0;0;0;0;1934;0;0;89;0;80;0;
5280;1245295;1019420672;18771968;1096331264;0;0;0;0;0;0;0;0;0;0;0;2254;0;0;89;0;80;0;
5281;2349717;1019420672;18771968;1096331264;0;0;0;0;0;0;0;0;0;0;0;1593;0;0;89;0;80;0;
5282;1561177;1019420672;18771968;1096331264;0;0;0;0;0;0;0;0;0;0;0;1724;0;0;89;0;80;0;
5283;7150110;1019420672;18771968;1096331264;0;0;0;0;0;0;0;0;0;0;0;1944;0;0;89;0;80;0;
5284;3084635;1019420672;18771968;1096331264;0;0;0;0;0;0;0;0;0;0;0;3005;0;0;89;0;80;0;
5285;2462027;1019420672;18771968;1096331264;0;0;0;0;0;0;0;0;0;0;0;2204;0;0;89;0;80;0;
5286;2927640;1019420672;18771968;1096331264;0;0;0;0;0;0;0;0;0;0;0;1723;0;0;89;0;80;0;
5287;1394545;1019420672;18771968;1096331264;0;0;0;0;0;0;0;0;0;0;0;2164;0;0;89;0;80;0;
5288;2026270;1019420672;18771968;1096331264;0;0;0;0;0;0;0;0;0;0;0;1683;0;0;89;0;80;0;
5289;2983115;1019420672;18771968;1096331264;0;0;0;0;0;0;0;0;0;0;0;1743;0;0;89;0;80;0;
5290;4423977;1019420672;18771968;1096331264;0;0;0;0;0;0;0;0;0;0;0;1583;0;0;89;0;80;0;
5291;5055922;1019420672;18771968;1096331264;0;0;0;0;0;0;0;0;0;0;0;2495;0;0;89;0;80;0;
5292;2993674;1019420672;18771968;1096331264;0;0;0;0;0;0;0;0;0;0;0;2275;0;0;89;0;80;0;
5293;3069907;1014038528;13295616;1090854912;0;0;0;0;0;0;0;0;0;0;0;1583;0;0;89;0;80;0;
5294;2318929;1014038528;13295616;1090854912;0;0;0;0;0;0;0;0;0;0;0;2284;0;0;89;0;80;0;
5295;2650060;1014038528;13295616;1090854912;0;0;0;0;0;0;0;0;0;0;0;2184;0;0;89;0;80;0;
5296;1399515;1014038528;13295616;1090854912;0;0;0;0;0;0;0;0;0;0;0;1693;0;0;89;0;80;0;
5297;6420231;1014038528;13295616;1090854912;0;0;0;0;0;0;0;0;0;0;0;1703;0;0;89;0;80;0;
5298;3971518;1014845440;18771968;1096331264;0;0;0;0;0;0;0;0;0;0;0;3026;0;0;89;0;80;0;
5299;1599229;1017208832;18771968;1096331264;0;0;0;0;0;0;0;0;0;0;0;2966;0;0;89;0;80;0;
5300;2190588;1017208832;18771968;1096331264;0;0;0;0;0;0;0;0;0;0;0;1633;0;0;89;0;80;0;
5301;1617003;1017208832;18771968;1096331264;0;0;0;0;0;0;0;0;0;0;0;2014;0;0;89;0;80;0;
5302;2910177;1017479168;18771968;1096331264;0;0;0;0;0;0;0;0;0;0;0;2054;0;0;89;0;80;0;
5303;1459978;1017479168;18771968;1096331264;0;0;0;0;0;0;0;0;0;0;0;2284;0;0;89;0;80;0;
5304;7482542;1018560512;18771968;1096331264;0;0;0;0;0;0;0;0;0;0;0;1543;0;0;89;0;80;0;
5305;4985840;1019371520;18771968;1096331264;0;0;0;0;0;0;0;0;0;0;0;3296;0;0;89;0;80;0;
5306;2389561;1019371520;18771968;1096331264;0;0;0;0;0;0;0;0;0;0;0;2374;0;0;89;0;80;0;
5307;2734448;1019371520;18771968;1096331264;0;0;0;0;0;0;0;0;0;0;0;2114;0;0;89;0;80;0;
5308;1604909;1019371520;18771968;1096331264;0;0;0;0;0;0;0;0;0;0;0;1983;0;0;89;0;80;0;
5309;2659768;1019371520;18771968;1096331264;0;0;0;0;0;0;0;0;0;0;0;1703;0;0;89;0;80;0;
5310;1359119;1019371520;18771968;1096331264;0;0;0;0;0;0;0;0;0;0;0;1673;0;0;89;0;80;0;
5311;4722376;1019371520;18771968;1096331264;0;0;0;0;0;0;0;0;0;0;0;1844;0;0;89;0;80;0;
5312;4461697;1019371520;18771968;1096331264;0;0;0;0;0;0;0;0;0;0;0;2345;0;0;89;0;80;0;
5313;2267643;1019371520;18771968;1096331264;0;0;0;0;0;0;0;0;0;0;0;24215;0;0;89;0;80;0;
5314;3091107;1019371520;18771968;1096331264;0;0;0;0;0;0;0;0;0;0;0;1483;0;0;89;0;80;0;
5315;1608417;1019371520;18771968;1096331264;0;0;0;0;0;0;0;0;0;0;0;1543;0;0;89;0;80;0;
5316;2625955;1019371520;18771968;1096331264;0;0;0;0;0;0;0;0;0;0;0;1492;0;0;89;0;80;0;
5317;1264883;1019371520;18771968;1096331264;0;0;0;0;0;0;0;0;0;0;0;1423;0;0;89;0;80;0;
5318;5248302;1019371520;18771968;1096331264;0;0;0;0;0;0;0;0;0;0;0;1503;0;0;89;0;80;0;
5319;2097514;1019371520;18771968;1096331264;0;0;0;0;0;0;0;0;0;0;0;1674;0;0;89;0;80;0;
5320;1938185;1019371520;18771968;1096331264;0;0;0;0;0;0;0;0;0;0;0;1884;0;0;89;0;80;0;
5321;2538461;1019371520;18771968;1096331264;0;0;0;0;0;0;0;0;0;0;0;1774;0;0;89;0;80;0;
5322;1805195;1019371520;18771968;1096331264;0;0;0;0;0;0;0;0;0;0;0;1703;0;0;89;0;80;0;
5323;2497644;1019371520;18771968;1096331264;0;0;0;0;0;0;0;0;0;0;0;1773;0;0;89;0;80;0;
5324;1471630;1019371520;18771968;1096331264;0;0;0;0;0;0;0;0;0;0;0;1783;0;0;89;0;80;0;
5325;4889289;1019371520;18771968;1096331264;0;0;0;0;0;0;0;0;0;0;0;1232;0;0;89;0;80;0;
5326;2621988;1019371520;18771968;1096331264;0;0;0;0;0;0;0;0;0;0;0;2053;0;0;89;0;80;0;
5327;2720862;1019371520;18771968;1096331264;0;0;0;0;0;0;0;0;0;0;0;1814;0;0;89;0;80;0;
5328;2233228;1019371520;18771968;1096331264;0;0;0;0;0;0;0;0;0;0;0;1503;0;0;89;0;80;0;
5329;1512486;1019371520;18771968;1096331264;0;0;0;0;0;0;0;0;0;0;0;1593;0;0;89;0;80;0;
5330;1653130;1019371520;18771968;1096331264;0;0;0;0;0;0;0;0;0;0;0;1483;0;0;89;0;80;0;
5331;1184472;1019371520;18771968;1096331264;0;0;0;0;0;0;0;0;0;0;0;1593;0;0;89;0;80;0;
5332;5113590;1019371520;18771968;1096331264;0;0;0;0;0;0;0;0;0;0;0;1542;0;0;89;0;80;0;
5333;2744146;1019371520;18771968;1096331264;0;0;0;0;0;0;0;0;0;0;0;2023;0;0;89;0;80;0;
5334;2118323;1019371520;18771968;1096331264;0;0;0;0;0;0;0;0;0;0;0;2264;0;0;89;0;80;0;
5335;2516259;1019371520;18771968;1096331264;0;0;0;0;0;0;0;0;0;0;0;1864;0;0;89;0;80;0;
5336;1777183;1019371520;18771968;1096331264;0;0;0;0;0;0;0;0;0;0;0;2074;0;0;89;0;80;0;
5337;2219252;1019371520;18771968;1096331264;0;0;0;0;0;0;0;0;0;0;0;1674;0;0;89;0;80;0;
5338;2184256;1019371520;18771968;1096331264;0;0;0;0;0;0;0;0;0;0;0;2134;0;0;89;0;80;0;
5339;5367547;1019371520;18771968;1096331264;0;0;0;0;0;0;0;0;0;0;0;1974;0;0;89;0;80;0;
5340;4203363;1019371520;18771968;1096331264;0;0;0;0;0;0;0;0;0;0;0;2695;0;0;89;0;80;0;
5341;2196329;1019371520;18771968;1096331264;0;0;0;0;0;0;0;0;0;0;0;2305;0;0;89;0;80;0;
5342;2915257;1014038528;13295616;1090854912;0;0;0;0;0;0;0;0;0;0;0;1683;0;0;89;0;80;0;
5343;2808016;1014038528;13295616;1090854912;0;0;0;0;0;0;0;0;0;0;0;2205;0;0;89;0;80;0;
5344;3141722;1014038528;13295616;1090854912;0;0;0;0;0;0;0;0;0;0;0;2063;0;0;89;0;80;0;
5345;1979953;1014038528;13295616;1090854912;0;0;0;0;0;0;0;0;0;0;0;1833;0;0;89;0;80;0;
5346;6257505;1014845440;18771968;1096331264;0;0;0;0;0;0;0;0;0;0;0;2124;0;0;89;0;80;0;
5347;4424858;1017208832;18771968;1096331264;0;0;0;0;0;0;0;0;0;0;0;2415;0;0;89;0;80;0;
5348;4075072;1017208832;18771968;1096331264;0;0;0;0;0;0;0;0;0;0;0;3236;0;0;89;0;80;0;
5349;3858917;1017479168;18771968;1096331264;0;0;0;0;0;0;0;0;0;0;0;2104;0;0;89;0;80;0;
5350;2740750;1017479168;18771968;1096331264;0;0;0;0;0;0;0;0;0;0;0;1984;0;0;89;0;80;0;
5351;3357286;1018560512;18771968;1096331264;0;0;0;0;0;0;0;0;0;0;0;2195;0;0;89;0;80;0;
5352;1222062;1018560512;18771968;1096331264;0;0;0;0;0;0;0;0;0;0;0;1633;0;0;89;0;80;0;
5353;4701758;1018560512;18771968;1096331264;0;0;0;0;0;0;0;0;0;0;0;1262;0;0;89;0;80;0;
5354;4480492;1018560512;18771968;1096331264;0;0;0;0;0;0;0;0;0;0;0;2976;0;0;89;0;80;0;
5355;2244489;1018560512;18771968;1096331264;0;0;0;0;0;0;0;0;0;0;0;2325;0;0;89;0;80;0;
5356;3459588;1018560512;18771968;1096331264;0;0;0;0;0;0;0;0;0;0;0;2024;0;0;89;0;80;0;
5357;2024657;1018560512;18771968;1096331264;0;0;0;0;0;0;0;0;0;0;0;1914;0;0;89;0;80;0;
5358;3280562;1018560512;18771968;1096331264;0;0;0;0;0;0;0;0;0;0;0;1943;0;0;89;0;80;0;
5359;2345960;1018560512;18771968;1096331264;0;0;0;0;0;0;0;0;0;0;0;1974;0;0;89;0;80;0;
5360;5491318;1018560512;18771968;1096331264;0;0;0;0;0;0;0;0;0;0;0;1613;0;0;89;0;80;0;
5361;4606539;1018560512;18771968;1096331264;0;0;0;0;0;0;0;0;0;0;0;2434;0;0;89;0;80;0;
5362;3121083;1018560512;18771968;1096331264;0;0;0;0;0;0;0;0;0;0;0;2024;0;0;89;0;80;0;
5363;2948880;1018560512;18771968;1096331264;0;0;0;0;0;0;0;0;0;0;0;2034;0;0;89;0;80;0;
5364;2039274;1018560512;18771968;1096331264;0;0;0;0;0;0;0;0;0;0;0;1944;0;0;89;0;80;0;
5365;2541156;1018560512;18771968;1096331264;0;0;0;0;0;0;0;0;0;0;0;1563;0;0;89;0;80;0;
5366;2385353;1018560512;18771968;1096331264;0;0;0;0;0;0;0;0;0;0;0;1773;0;0;89;0;80;0;
5367;5169815;1018560512;18771968;1096331264;0;0;0;0;0;0;0;0;0;0;0;1503;0;0;89;0;80;0;
5368;2947307;1018560512;18771968;1096331264;0;0;0;0;0;0;0;0;0;0;0;2104;0;0;89;0;80;0;
5369;1687435;1018560512;18771968;1096331264;0;0;0;0;0;0;0;0;0;0;0;1523;0;0;89;0;80;0;
5370;2064742;1018560512;18771968;1096331264;0;0;0;0;0;0;0;0;0;0;0;1493;0;0;89;0;80;0;
5371;2943511;1018560512;18771968;1096331264;0;0;0;0;0;0;0;0;0;0;0;2414;0;0;89;0;80;0;
5372;2592041;1018560512;18771968;1096331264;0;0;0;0;0;0;0;0;0;0;0;2134;0;0;89;0;80;0;
5373;2309541;1018560512;18771968;1096331264;0;0;0;0;0;0;0;0;0;0;0;1603;0;0;89;0;80;0;
5374;5066512;1018560512;18771968;1096331264;0;0;0;0;0;0;0;0;0;0;0;1743;0;0;89;0;80;0;
5375;3960698;1018560512;18771968;1096331264;0;0;0;0;0;0;0;0;0;0;0;2535;0;0;89;0;80;0;
5376;3251307;1018560512;18771968;1096331264;0;0;0;0;0;0;0;0;0;0;0;2726;0;0;89;0;80;0;
5377;3897750;1018560512;18771968;1096331264;0;0;0;0;0;0;0;0;0;0;0;1774;0;0;89;0;80;0;
5378;2648206;1018560512;18771968;1096331264;0;0;0;0;0;0;0;0;0;0;0;1443;0;0;89;0;80;0;
5379;3290451;1018560512;18771968;1096331264;0;0;0;0;0;0;0;0;0;0;0;1754;0;0;89;0;80;0;
5380;1884163;1018560512;18771968;1096331264;0;0;0;0;0;0;0;0;0;0;0;1352;0;0;89;0;80;0;
5381;4955033;1018560512;18771968;1096331264;0;0;0;0;0;0;0;0;0;0;0;1753;0;0;89;0;80;0;
5382;4571915;1018560512;18771968;1096331264;0;0;0;0;0;0;0;0;0;0;0;2915;0;0;89;0;80;0;
5383;2074140;1018560512;18771968;1096331264;0;0;0;0;0;0;0;0;0;0;0;1694;0;0;89;0;80;0;
5384;2805281;1018560512;18771968;1096331264;0;0;0;0;0;0;0;0;0;0;0;1503;0;0;89;0;80;0;
5385;2558789;1018560512;18771968;1096331264;0;0;0;0;0;0;0;0;0;0;0;1813;0;0;89;0;80;0;
5386;2933532;1018560512;18771968;1096331264;0;0;0;0;0;0;0;0;0;0;0;1813;0;0;89;0;80;0;
5387;1947412;1018560512;18771968;1096331264;0;0;0;0;0;0;0;0;0;0;0;1813;0;0;89;0;80;0;
5388;5409625;1018560512;18771968;1096331264;0;0;0;0;0;0;0;0;0;0;0;1693;0;0;89;0;80;0;
5389;3803403;1018560512;18771968;1096331264;0;0;0;0;0;0;0;0;0;0;0;2895;0;0;89;0;81;0;
5390;3596044;1018560512;18771968;1096331264;0;0;0;0;0;0;0;0;0;0;0;2414;0;0;89;0;81;0;
5391;3019453;1018560512;18771968;1096331264;0;0;0;0;0;0;0;0;0;0;0;2154;0;0;89;0;81;0;
5392;1961278;1018560512;18771968;1096331264;0;0;0;0;0;0;0;0;0;0;0;1824;0;0;89;0;81;0;
5393;5066362;1018560512;18771968;1096331264;0;0;0;0;0;0;0;0;0;0;0;2174;0;0;89;0;81;0;
5394;2369724;1018560512;18771968;1096331264;0;0;0;0;0;0;0;0;0;0;0;1493;0;0;89;0;81;0;
5395;6243740;1018560512;18771968;1096331264;0;0;0;0;0;0;0;0;0;0;0;1623;0;0;89;0;81;0;
5396;3157000;1018560512;18771968;1096331264;0;0;0;0;0;0;0;0;0;0;0;1523;0;0;89;0;81;0;
5397;2156575;1018560512;18771968;1096331264;0;0;0;0;0;0;0;0;0;0;0;1493;0;0;89;0;81;0;
5398;3215039;1018560512;18771968;1096331264;0;0;0;0;0;0;0;0;0;0;0;1493;0;0;89;0;81;0;
5399;2403116;1018560512;18771968;1096331264;0;0;0;0;0;0;0;0;0;0;0;1593;0;0;89;0;81;0;
5400;2975480;1018560512;18771968;1096331264;0;0;0;0;0;0;0;0;0;0;0;1463;0;0;89;0;81;0;
5401;1742828;1018560512;18771968;1096331264;0;0;0;0;0;0;0;0;0;0;0;1493;0;0;89;0;81;0;
5402;4759235;1018560512;18771968;1096331264;0;0;0;0;0;0;0;0;0;0;0;1442;0;0;89;0;81;0;
5403;2816222;1018560512;18771968;1096331264;0;0;0;0;0;0;0;0;0;0;0;1754;0;0;89;0;81;0;
5404;2449804;1018560512;18771968;1096331264;0;0;0;0;0;0;0;0;0;0;0;2474;0;0;89;0;82;0;
5405;3237612;1018560512;18771968;1096331264;0;0;0;0;0;0;0;0;0;0;0;1553;0;0;89;0;82;0;
5406;1998087;1018560512;18771968;1096331264;0;0;0;0;0;0;0;0;0;0;0;1774;0;0;89;0;82;0;
5407;2368091;1018560512;18771968;1096331264;0;0;0;0;0;0;0;0;0;0;0;1523;0;0;89;0;82;0;
5408;2148429;1018560512;18771968;1096331264;0;0;0;0;0;0;0;0;0;0;0;1683;0;0;89;0;82;0;
5409;6128724;1018560512;18771968;1096331264;0;0;0;0;0;0;0;0;0;0;0;1693;0;0;89;0;82;0;
5410;4751100;1018560512;18780160;1096339456;0;0;0;0;0;0;0;0;0;0;0;2605;0;0;89;0;82;0;
5411;2303099;1018560512;18780160;1096339456;0;0;0;0;0;0;0;0;0;0;0;2124;0;0;89;0;82;0;
5412;2354536;1018560512;18780160;1096339456;0;0;0;0;0;0;0;0;0;0;0;1482;0;0;89;0;82;0;
5413;2375485;1018560512;18780160;1096339456;0;0;0;0;0;0;0;0;0;0;0;1763;0;0;89;0;82;0;
5414;3461762;1018560512;18780160;1096339456;0;0;0;0;0;0;0;0;0;0;0;1944;0;0;89;0;82;0;
5415;1832126;1018560512;18780160;1096339456;0;0;0;0;0;0;0;0;0;0;0;1633;0;0;89;0;82;0;
5416;4302308;1018560512;18780160;1096339456;0;0;0;0;0;0;0;0;0;0;0;1413;0;0;89;0;82;0;
5417;3834772;1018560512;18780160;1096339456;0;0;0;0;0;0;0;0;0;0;0;2023;0;0;89;0;82;0;
5418;7638124;1018560512;18780160;1096339456;0;0;0;0;0;0;0;0;0;0;0;3407;0;0;89;0;82;0;
5419;3601294;1018560512;18780160;1096339456;0;0;0;0;0;0;0;0;0;0;0;3216;0;0;89;0;83;0;
5420;3143024;1018560512;18780160;1096339456;0;0;0;0;0;0;0;0;0;0;0;2124;0;0;89;0;83;0;
5421;2670859;1018560512;18780160;1096339456;0;0;0;0;0;0;0;0;0;0;0;1462;0;0;89;0;83;0;
5422;2083397;1018560512;18780160;1096339456;0;0;0;0;0;0;0;0;0;0;0;1764;0;0;89;0;83;0;
5423;6419389;1018560512;18780160;1096339456;0;0;0;0;0;0;0;0;0;0;0;1883;0;0;89;0;83;0;
5424;4302599;1018560512;18780160;1096339456;0;0;0;0;0;0;0;0;0;0;0;2826;0;0;89;0;83;0;
5425;3564474;1018560512;18780160;1096339456;0;0;0;0;0;0;0;0;0;0;0;2284;0;0;89;0;83;0;
5426;3667939;1018646528;18771968;1096331264;0;0;0;0;0;0;0;0;0;0;0;1833;0;0;89;0;83;0;
5427;1363196;1018646528;18771968;1096331264;0;0;0;0;0;0;0;0;0;0;0;1433;0;0;89;0;83;0;
5428;1751865;1018646528;18771968;1096331264;0;0;0;0;0;0;0;0;0;0;0;1482;0;0;89;0;83;0;
5429;1939567;1018646528;18771968;1096331264;0;0;0;0;0;0;0;0;0;0;0;1673;0;0;89;0;83;0;
5430;5821648;1018646528;18771968;1096331264;0;0;0;0;0;0;0;0;0;0;0;1563;0;0;89;0;83;0;
5431;4298972;1018646528;18771968;1096331264;0;0;0;0;0;0;0;0;0;0;0;2635;0;0;89;0;83;0;
5432;3225329;1018646528;18771968;1096331264;0;0;0;0;0;0;0;0;0;0;0;1894;0;0;89;0;83;0;
5433;3966479;1018646528;18771968;1096331264;0;0;0;0;0;0;0;0;0;0;0;1863;0;0;89;0;83;0;
5434;2364865;1018646528;18771968;1096331264;0;0;0;0;0;0;0;0;0;0;0;1783;0;0;89;0;83;0;
5435;3124169;1018646528;18771968;1096331264;0;0;0;0;0;0;0;0;0;0;0;1613;0;0;89;0;83;0;
5436;1925781;1018646528;18771968;1096331264;0;0;0;0;0;0;0;0;0;0;0;1413;0;0;89;0;83;0;
5437;6374535;1018646528;18771968;1096331264;0;0;0;0;0;0;0;0;0;0;0;1713;0;0;89;0;83;0;
5438;3901637;1018646528;18771968;1096331264;0;0;0;0;0;0;0;0;0;0;0;2524;0;0;89;0;83;0;
5439;2000361;1018646528;18771968;1096331264;0;0;0;0;0;0;0;0;0;0;0;1783;0;0;89;0;83;0;
5440;3894834;1018646528;18771968;1096331264;0;0;0;0;0;0;0;0;0;0;0;1603;0;0;89;0;83;0;
5441;2628049;1018646528;18771968;1096331264;0;0;0;0;0;0;0;0;0;0;0;1864;0;0;89;0;83;0;
5442;3028409;1018646528;18771968;1096331264;0;0;0;0;0;0;0;0;0;0;0;1583;0;0;89;0;83;0;
5443;3193699;1018646528;18771968;1096331264;0;0;0;0;0;0;0;0;0;0;0;1773;0;0;89;0;83;0;
5444;6414240;1018646528;18771968;1096331264;0;0;0;0;0;0;0;0;0;0;0;1823;0;0;89;0;83;0;
5445;4139663;1018646528;18771968;1096331264;0;0;0;0;0;0;0;0;0;0;0;4488;0;0;89;0;83;0;
5446;2611648;1018646528;18771968;1096331264;0;0;0;0;0;0;0;0;0;0;0;2184;0;0;89;0;83;0;
5447;3174193;1018646528;18771968;1096331264;0;0;0;0;0;0;0;0;0;0;0;1423;0;0;89;0;83;0;
5448;3419803;1018646528;18771968;1096331264;0;0;0;0;0;0;0;0;0;0;0;2284;0;0;89;0;83;0;
5449;3912057;1018646528;18771968;1096331264;0;0;0;0;0;0;0;0;0;0;0;2785;0;0;89;0;88;0;
5450;2657534;1018646528;18771968;1096331264;0;0;0;0;0;0;0;0;0;0;0;1683;0;0;89;0;88;0;
5451;5080718;1018646528;18771968;1096331264;0;0;0;0;0;0;0;0;0;0;0;1373;0;0;89;0;88;0;
5452;3759650;1018646528;18771968;1096331264;0;0;0;0;0;0;0;0;0;0;0;131807;0;0;89;0;88;0;
5453;3200723;1018646528;18771968;1096331264;0;0;0;0;0;0;0;0;0;0;0;2525;0;0;89;0;88;0;
5454;2780274;1018646528;18771968;1096331264;0;0;0;0;0;0;0;0;0;0;0;1563;0;0;89;0;88;0;
5455;2611177;1018646528;18771968;1096331264;0;0;0;0;0;0;0;0;0;0;0;2244;0;0;89;0;88;0;
5456;3432618;1018646528;18771968;1096331264;0;0;0;0;0;0;0;0;0;0;0;1703;0;0;89;0;88;0;
5457;1901957;1018646528;18771968;1096331264;0;0;0;0;0;0;0;0;0;0;0;2235;0;0;89;0;88;0;
5458;6714542;1018646528;18771968;1096331264;0;0;0;0;0;0;0;0;0;0;0;1523;0;0;89;0;88;0;
5459;3992126;1018646528;18771968;1096331264;0;0;0;0;0;0;0;0;0;0;0;2866;0;0;89;0;88;0;
5460;2067498;1018646528;18771968;1096331264;0;0;0;0;0;0;0;0;0;0;0;1784;0;0;89;0;88;0;
5461;1665343;1018646528;18771968;1096331264;0;0;0;0;0;0;0;0;0;0;0;1222;0;0;89;0;88;0;
5462;1776932;1018646528;18771968;1096331264;0;0;0;0;0;0;0;0;0;0;0;1533;0;0;89;0;88;0;
5463;2518303;1018646528;18771968;1096331264;0;0;0;0;0;0;0;0;0;0;0;1573;0;0;89;0;88;0;
5464;1992136;1018646528;18771968;1096331264;0;0;0;0;0;0;0;0;0;0;0;1954;0;0;89;0;88;0;
5465;8377321;1018646528;18771968;1096331264;0;0;0;0;0;0;0;0;0;0;0;1924;0;0;89;0;88;0;
5466;4077437;1018646528;18771968;1096331264;0;0;0;0;0;0;0;0;0;0;0;2855;0;0;89;0;88;0;
5467;2673854;1018646528;18771968;1096331264;0;0;0;0;0;0;0;0;0;0;0;2004;0;0;89;0;88;0;
5468;2702118;1018646528;18771968;1096331264;0;0;0;0;0;0;0;0;0;0;0;1613;0;0;89;0;88;0;
5469;2764775;1018646528;18771968;1096331264;0;0;0;0;0;0;0;0;0;0;0;2464;0;0;89;0;88;0;
5470;3010376;1018646528;18771968;1096331264;0;0;0;0;0;0;0;0;0;0;0;2335;0;0;89;0;90;0;
5471;2224833;1018646528;18771968;1096331264;0;0;0;0;0;0;0;0;0;0;0;1733;0;0;89;0;90;0;
5472;5476681;1018646528;18771968;1096331264;0;0;0;0;0;0;0;0;0;0;0;1283;0;0;89;0;90;0;
5473;3395899;1018646528;18771968;1096331264;0;0;0;0;0;0;0;0;0;0;0;2315;0;0;89;0;90;0;
5474;2316675;1018646528;18771968;1096331264;0;0;0;0;0;0;0;0;0;0;0;2094;0;0;89;0;90;0;
5475;3353539;1018646528;18771968;1096331264;0;0;0;0;0;0;0;0;0;0;0;1903;0;0;89;0;90;0;
5476;2488337;1018646528;18771968;1096331264;0;0;0;0;0;0;0;0;0;0;0;1442;0;0;89;0;90;0;
5477;2811162;1018646528;18771968;1096331264;0;0;0;0;0;0;0;0;0;0;0;1342;0;0;89;0;90;0;
5478;2377148;1018646528;18771968;1096331264;0;0;0;0;0;0;0;0;0;0;0;2003;0;0;89;0;90;0;
5479;7448289;1018646528;18771968;1096331264;0;0;0;0;0;0;0;0;0;0;0;1522;0;0;89;0;90;0;
5480;3426256;1018646528;18771968;1096331264;0;0;0;0;0;0;0;0;0;0;0;2535;0;0;89;0;90;0;
5481;1345213;1018646528;18771968;1096331264;0;0;0;0;0;0;0;0;0;0;0;1873;0;0;89;0;90;0;
5482;1843648;1018646528;18771968;1096331264;0;0;0;0;0;0;0;0;0;0;0;1312;0;0;89;0;90;0;
5483;1365020;1018646528;18771968;1096331264;0;0;0;0;0;0;0;0;0;0;0;1512;0;0;89;0;90;0;
5484;3020946;1018646528;18771968;1096331264;0;0;0;0;0;0;0;0;0;0;0;1473;0;0;89;0;90;0;
5485;1711369;1018646528;18771968;1096331264;0;0;0;0;0;0;0;0;0;0;0;1623;0;0;89;0;90;0;
5486;5372896;1018646528;18771968;1096331264;0;0;0;0;0;0;0;0;0;0;0;1623;0;0;89;0;90;0;
5487;4638599;1018646528;18771968;1096331264;0;0;0;0;0;0;0;0;0;0;0;2745;0;0;89;0;90;0;
5488;2635923;1018646528;18771968;1096331264;0;0;0;0;0;0;0;0;0;0;0;2435;0;0;89;0;90;0;
5489;2765547;1018646528;18771968;1096331264;0;0;0;0;0;0;0;0;0;0;0;1854;0;0;89;0;90;0;
5490;2933041;1018646528;18771968;1096331264;0;0;0;0;0;0;0;0;0;0;0;2014;0;0;89;0;90;0;
5491;1986034;1018646528;18771968;1096331264;0;0;0;0;0;0;0;0;0;0;0;1473;0;0;89;0;90;0;
5492;2290145;1018646528;18771968;1096331264;0;0;0;0;0;0;0;0;0;0;0;1813;0;0;89;0;90;0;
5493;6397157;1018646528;18771968;1096331264;0;0;0;0;0;0;0;0;0;0;0;1923;0;0;89;0;90;0;
5494;2657885;1018646528;18771968;1096331264;0;0;0;0;0;0;0;0;0;0;0;2004;0;0;89;0;90;0;
5495;1594480;1018646528;18771968;1096331264;0;0;0;0;0;0;0;0;0;0;0;1733;0;0;89;0;90;0;
5496;3241509;1018646528;18771968;1096331264;0;0;0;0;0;0;0;0;0;0;0;2084;0;0;89;0;90;0;
5497;2909737;1018646528;18771968;1096331264;0;0;0;0;0;0;0;0;0;0;0;2245;0;0;89;0;90;0;
5498;3682056;1018646528;18771968;1096331264;0;0;0;0;0;0;0;0;0;0;0;2775;0;0;89;0;90;0;
5499;1851372;1018646528;18771968;1096331264;0;0;0;0;0;0;0;0;0;0;0;2625;0;0;89;0;90;0;
5500;6600709;1018646528;18771968;1096331264;0;0;0;0;0;0;0;0;0;0;0;1994;0;0;89;0;90;0;
5501;4863370;1018646528;18771968;1096331264;0;0;0;0;0;0;0;0;0;0;0;2955;0;0;89;0;90;0;
5502;3373888;1018646528;18771968;1096331264;0;0;0;0;0;0;0;0;0;0;0;2495;0;0;89;0;90;0;
5503;3626120;1018646528;18771968;1096331264;0;0;0;0;0;0;0;0;0;0;0;1994;0;0;89;0;90;0;
5504;2492184;1018646528;18771968;1096331264;0;0;0;0;0;0;0;0;0;0;0;2475;0;0;89;0;90;0;
5505;3562561;1018646528;18771968;1096331264;0;0;0;0;0;0;0;0;0;0;0;1903;0;0;89;0;90;0;
5506;3204360;1018646528;18771968;1096331264;0;0;0;0;0;0;0;0;0;0;0;2735;0;0;89;0;90;0;
5507;6418598;1018646528;18771968;1096331264;0;0;0;0;0;0;0;0;0;0;0;1744;0;0;89;0;90;0;
5508;4135686;1018646528;18771968;1096331264;0;0;0;0;0;0;0;0;0;0;0;2725;0;0;89;0;90;0;
5509;4114686;1018646528;18771968;1096331264;0;0;0;0;0;0;0;0;0;0;0;2354;0;0;89;0;90;0;
5510;3059618;1018646528;18771968;1096331264;0;0;0;0;0;0;0;0;0;0;0;1773;0;0;89;0;90;0;
5511;1709305;1018646528;18771968;1096331264;0;0;0;0;0;0;0;0;0;0;0;1743;0;0;89;0;90;0;
5512;2084910;1018646528;18771968;1096331264;0;0;0;0;0;0;0;0;0;0;0;1443;0;0;89;0;90;0;
5513;2666951;1018646528;18771968;1096331264;0;0;0;0;0;0;0;0;0;0;0;2265;0;0;89;0;90;0;
5514;6007597;1018646528;18771968;1096331264;0;0;0;0;0;0;0;0;0;0;0;1563;0;0;89;0;90;0;
5515;3648261;1018646528;18771968;1096331264;0;0;0;0;0;0;0;0;0;0;0;2775;0;0;89;0;90;0;
5516;3100695;1018646528;18771968;1096331264;0;0;0;0;0;0;0;0;0;0;0;2575;0;0;89;0;90;0;
5517;2189496;1018646528;18771968;1096331264;0;0;0;0;0;0;0;0;0;0;0;1262;0;0;89;0;90;0;
5518;1774928;1018646528;18771968;1096331264;0;0;0;0;0;0;0;0;0;0;0;1633;0;0;89;0;90;0;
5519;2650351;1018646528;18771968;1096331264;0;0;0;0;0;0;0;0;0;0;0;1252;0;0;89;0;90;0;
5520;2047530;1018646528;18771968;1096331264;0;0;0;0;0;0;0;0;0;0;0;1983;0;0;89;0;90;0;
5521;6835569;1018646528;18771968;1096331264;0;0;0;0;0;0;0;0;0;0;0;1432;0;0;89;0;90;0;
5522;6058222;1018646528;18771968;1096331264;0;0;0;0;0;0;0;0;0;0;0;4047;0;0;89;0;90;0;
5523;3081469;1018646528;18771968;1096331264;0;0;0;0;0;0;0;0;0;0;0;2585;0;0;89;0;90;0;
5524;3041714;1018646528;18771968;1096331264;0;0;0;0;0;0;0;0;0;0;0;1553;0;0;89;0;90;0;
5525;2525656;1018646528;18771968;1096331264;0;0;0;0;0;0;0;0;0;0;0;1893;0;0;89;0;90;0;
5526;2899929;1018646528;18771968;1096331264;0;0;0;0;0;0;0;0;0;0;0;1312;0;0;89;0;90;0;
5527;1985203;1018646528;18771968;1096331264;0;0;0;0;0;0;0;0;0;0;0;1694;0;0;89;0;90;0;
5528;5167671;1018646528;18771968;1096331264;0;0;0;0;0;0;0;0;0;0;0;1653;0;0;89;0;90;0;
5529;3328913;1018646528;18771968;1096331264;0;0;0;0;0;0;0;0;0;0;0;2335;0;0;89;0;90;0;
5530;2604745;1018646528;18771968;1096331264;0;0;0;0;0;0;0;0;0;0;0;1683;0;0;89;0;90;0;
5531;2675477;1018646528;18771968;1096331264;0;0;0;0;0;0;0;0;0;0;0;1463;0;0;89;0;90;0;
5532;2106260;1018646528;18771968;1096331264;0;0;0;0;0;0;0;0;0;0;0;1543;0;0;89;0;90;0;
5533;2827803;1018646528;18771968;1096331264;0;0;0;0;0;0;0;0;0;0;0;1663;0;0;89;0;90;0;
5534;1864727;1018646528;18771968;1096331264;0;0;0;0;0;0;0;0;0;0;0;2014;0;0;89;0;90;0;
5535;6145986;1018646528;18771968;1096331264;0;0;0;0;0;0;0;0;0;0;0;1713;0;0;89;0;90;0;
5536;4081494;1018646528;18771968;1096331264;0;0;0;0;0;0;0;0;0;0;0;2284;0;0;89;0;90;0;
5537;1825694;1018646528;18771968;1096331264;0;0;0;0;0;0;0;0;0;0;0;2254;0;0;89;0;90;0;
5538;2734408;1018646528;18771968;1096331264;0;0;0;0;0;0;0;0;0;0;0;1743;0;0;89;0;90;0;
5539;1381931;1018646528;18771968;1096331264;0;0;0;0;0;0;0;0;0;0;0;1933;0;0;89;0;90;0;
5540;1861661;1018646528;18771968;1096331264;0;0;0;0;0;0;0;0;0;0;0;1703;0;0;89;0;90;0;
5541;1910032;1018646528;18771968;1096331264;0;0;0;0;0;0;0;0;0;0;0;1774;0;0;89;0;90;0;
5542;5210722;1018646528;18771968;1096331264;0;0;0;0;0;0;0;0;0;0;0;1633;0;0;89;0;90;0;
5543;3381662;1018646528;18771968;1096331264;0;0;0;0;0;0;0;0;0;0;0;2214;0;0;89;0;90;0;
5544;2983876;1018646528;18771968;1096331264;0;0;0;0;0;0;0;0;0;0;0;2134;0;0;89;0;90;0;
5545;3004274;1018646528;18771968;1096331264;0;0;0;0;0;0;0;0;0;0;0;1463;0;0;89;0;90;0;
5546;2750980;1018646528;18771968;1096331264;0;0;0;0;0;0;0;0;0;0;0;2354;0;0;89;0;90;0;
5547;2610175;1018646528;18771968;1096331264;0;0;0;0;0;0;0;0;0;0;0;1603;0;0;89;0;90;0;
5548;2908955;1018646528;18771968;1096331264;0;0;0;0;0;0;0;0;0;0;0;1954;0;0;89;0;90;0;
5549;6545284;1018646528;18771968;1096331264;0;0;0;0;0;0;0;0;0;0;0;2305;0;0;89;0;90;0;
5550;4036330;1018646528;18771968;1096331264;0;0;0;0;0;0;0;0;0;0;0;2735;0;0;89;0;90;0;
5551;1736937;1018646528;18771968;1096331264;0;0;0;0;0;0;0;0;0;0;0;2044;0;0;89;0;90;0;
5552;2514065;1018646528;18771968;1096331264;0;0;0;0;0;0;0;0;0;0;0;1543;0;0;89;0;90;0;
5553;2042861;1018646528;18771968;1096331264;0;0;0;0;0;0;0;0;0;0;0;2014;0;0;89;0;90;0;
5554;2847781;1018646528;18771968;1096331264;0;0;0;0;0;0;0;0;0;0;0;1683;0;0;89;0;90;0;
5555;2006292;1018646528;18771968;1096331264;0;0;0;0;0;0;0;0;0;0;0;1924;0;0;89;0;90;0;
5556;5142895;1018646528;18771968;1096331264;0;0;0;0;0;0;0;0;0;0;0;1433;0;0;89;0;90;0;
5557;4038784;1018646528;18771968;1096331264;0;0;0;0;0;0;0;0;0;0;0;2555;0;0;89;0;90;0;
5558;2658265;1018646528;18771968;1096331264;0;0;0;0;0;0;0;0;0;0;0;2435;0;0;89;0;90;0;
5559;3710058;1018646528;18771968;1096331264;0;0;0;0;0;0;0;0;0;0;0;1623;0;0;89;0;90;0;
5560;2702458;1018646528;18771968;1096331264;0;0;0;0;0;0;0;0;0;0;0;1523;0;0;89;0;90;0;
5561;2364754;1018646528;18771968;1096331264;0;0;0;0;0;0;0;0;0;0;0;1523;0;0;89;0;90;0;
5562;2916289;1018646528;18771968;1096331264;0;0;0;0;0;0;0;0;0;0;0;1493;0;0;89;0;90;0;
5563;5691203;1018646528;18771968;1096331264;0;0;0;0;0;0;0;0;0;0;0;1503;0;0;89;0;90;0;
5564;5371353;1018646528;18771968;1096331264;0;0;0;0;0;0;0;0;0;0;0;2475;0;0;89;0;90;0;
5565;2745689;1018646528;18771968;1096331264;0;0;0;0;0;0;0;0;0;0;0;1894;0;0;89;0;90;0;
5566;3568212;1018646528;18771968;1096331264;0;0;0;0;0;0;0;0;0;0;0;1693;0;0;89;0;90;0;
5567;2742273;1018646528;18771968;1096331264;0;0;0;0;0;0;0;0;0;0;0;1944;0;0;89;0;90;0;
5568;3695892;1018646528;18771968;1096331264;0;0;0;0;0;0;0;0;0;0;0;1663;0;0;89;0;90;0;
5569;3958534;1018646528;18771968;1096331264;0;0;0;0;0;0;0;0;0;0;0;2635;0;0;89;0;90;0;
5570;5518179;1018646528;18771968;1096331264;0;0;0;0;0;0;0;0;0;0;0;1833;0;0;89;0;90;0;
5571;9595575;1018646528;18771968;1096331264;0;0;0;0;0;0;0;0;0;0;0;2114;0;0;89;0;90;0;
5572;3611463;1018916864;18771968;1096331264;0;0;0;0;0;0;0;0;0;0;0;2945;0;0;89;0;90;0;
5573;3788114;1018916864;18771968;1096331264;0;0;0;0;0;0;0;0;0;0;0;1683;0;0;89;0;90;0;
5574;2181842;1018916864;18771968;1096331264;0;0;0;0;0;0;0;0;0;0;0;2765;0;0;89;0;90;0;
5575;2270357;1018916864;18771968;1096331264;0;0;0;0;0;0;0;0;0;0;0;1482;0;0;89;0;90;0;
5576;3551781;1018916864;18771968;1096331264;0;0;0;0;0;0;0;0;0;0;0;1513;0;0;89;0;90;0;
5577;7573444;1018916864;18771968;1096331264;0;0;0;0;0;0;0;0;0;0;0;1753;0;0;89;0;90;0;
5578;3935250;1018916864;18771968;1096331264;0;0;0;0;0;0;0;0;0;0;0;1864;0;0;89;0;90;0;
5579;3272968;1018916864;18771968;1096331264;0;0;0;0;0;0;0;0;0;0;0;2044;0;0;89;0;90;0;
5580;3798614;1018916864;18771968;1096331264;0;0;0;0;0;0;0;0;0;0;0;1343;0;0;89;0;90;0;
5581;2269737;1018916864;18771968;1096331264;0;0;0;0;0;0;0;0;0;0;0;1983;0;0;89;0;90;0;
5582;2925948;1018916864;18771968;1096331264;0;0;0;0;0;0;0;0;0;0;0;1553;0;0;89;0;90;0;
5583;1454478;1018916864;18771968;1096331264;0;0;0;0;0;0;0;0;0;0;0;1513;0;0;89;0;90;0;
5584;6340441;1018916864;18771968;1096331264;0;0;0;0;0;0;0;0;0;0;0;1413;0;0;89;0;90;0;
5585;4509737;1018916864;18771968;1096331264;0;0;0;0;0;0;0;0;0;0;0;29004;0;0;89;0;90;0;
5586;3601625;1018916864;18771968;1096331264;0;0;0;0;0;0;0;0;0;0;0;2755;0;0;89;0;90;0;
5587;2637126;1018916864;18771968;1096331264;0;0;0;0;0;0;0;0;0;0;0;1743;0;0;89;0;90;0;
5588;1905103;1018916864;18771968;1096331264;0;0;0;0;0;0;0;0;0;0;0;1984;0;0;89;0;90;0;
5589;3861502;1018916864;18771968;1096331264;0;0;0;0;0;0;0;0;0;0;0;1984;0;0;89;0;90;0;
5590;3562781;1018916864;18771968;1096331264;0;0;0;0;0;0;0;0;0;0;0;3135;0;0;89;0;90;0;
5591;7798245;1018916864;18771968;1096331264;0;0;0;0;0;0;0;0;0;0;0;1292;0;0;89;0;90;0;
5592;3400538;1018916864;18771968;1096331264;0;0;0;0;0;0;0;0;0;0;0;2846;0;0;89;0;90;0;
5593;2172925;1018916864;18771968;1096331264;0;0;0;0;0;0;0;0;0;0;0;1773;0;0;89;0;90;0;
5594;3283538;1018916864;18771968;1096331264;0;0;0;0;0;0;0;0;0;0;0;1272;0;0;89;0;90;0;
5595;1836534;1018916864;18771968;1096331264;0;0;0;0;0;0;0;0;0;0;0;1653;0;0;89;0;90;0;
5596;4253076;1018916864;18771968;1096331264;0;0;0;0;0;0;0;0;0;0;0;1643;0;0;89;0;90;0;
5597;1855340;1018916864;18771968;1096331264;0;0;0;0;0;0;0;0;0;0;0;1823;0;0;89;0;90;0;
5598;6115548;1018916864;18771968;1096331264;0;0;0;0;0;0;0;0;0;0;0;1322;0;0;89;0;90;0;
5599;5749323;1018916864;18771968;1096331264;0;0;0;0;0;0;0;0;0;0;0;2595;0;0;89;0;90;0;
5600;2228309;1018916864;18771968;1096331264;0;0;0;0;0;0;0;0;0;0;0;1933;0;0;89;0;90;0;
5601;2722817;1018916864;18771968;1096331264;0;0;0;0;0;0;0;0;0;0;0;1873;0;0;89;0;90;0;
5602;2604715;1018916864;18771968;1096331264;0;0;0;0;0;0;0;0;0;0;0;1884;0;0;89;0;90;0;
5603;4042010;1018916864;18771968;1096331264;0;0;0;0;0;0;0;0;0;0;0;1964;0;0;89;0;90;0;
5604;1459427;1018916864;18771968;1096331264;0;0;0;0;0;0;0;0;0;0;0;1964;0;0;89;0;90;0;
5605;5147433;1018916864;18771968;1096331264;0;0;0;0;0;0;0;0;0;0;0;1283;0;0;89;0;90;0;
5606;3609950;1018916864;18771968;1096331264;0;0;0;0;0;0;0;0;0;0;0;2375;0;0;89;0;90;0;
5607;2000051;1018916864;18771968;1096331264;0;0;0;0;0;0;0;0;0;0;0;1984;0;0;89;0;90;0;
5608;6647627;1018916864;18771968;1096331264;0;0;0;0;0;0;0;0;0;0;0;2565;0;0;89;0;90;0;
5609;3042686;1018916864;18771968;1096331264;0;0;0;0;0;0;0;0;0;0;0;2455;0;0;89;0;90;0;
5610;1791800;1018916864;18771968;1096331264;0;0;0;0;0;0;0;0;0;0;0;1523;0;0;89;0;90;0;
5611;2353273;1018916864;18771968;1096331264;0;0;0;0;0;0;0;0;0;0;0;1814;0;0;89;0;90;0;
5612;5390128;1018916864;18771968;1096331264;0;0;0;0;0;0;0;0;0;0;0;1263;0;0;89;0;90;0;
5613;2792096;1018916864;18771968;1096331264;0;0;0;0;0;0;0;0;0;0;0;2054;0;0;89;0;90;0;
5614;1372975;1018916864;18771968;1096331264;0;0;0;0;0;0;0;0;0;0;0;1854;0;0;89;0;90;0;
5615;2943841;1018916864;18771968;1096331264;0;0;0;0;0;0;0;0;0;0;0;1793;0;0;89;0;90;0;
5616;2951195;1018916864;18771968;1096331264;0;0;0;0;0;0;0;0;0;0;0;2255;0;0;89;0;90;0;
5617;2860264;1018916864;18771968;1096331264;0;0;0;0;0;0;0;0;0;0;0;1874;0;0;89;0;90;0;
5618;1601654;1018916864;18771968;1096331264;0;0;0;0;0;0;0;0;0;0;0;2174;0;0;89;0;90;0;
5619;5451925;1018916864;18771968;1096331264;0;0;0;0;0;0;0;0;0;0;0;1563;0;0;89;0;90;0;
5620;3527535;1018916864;18771968;1096331264;0;0;0;0;0;0;0;0;0;0;0;3095;0;0;89;0;90;0;
5621;2689403;1018916864;18771968;1096331264;0;0;0;0;0;0;0;0;0;0;0;2314;0;0;89;0;90;0;
5622;3166198;1018916864;18771968;1096331264;0;0;0;0;0;0;0;0;0;0;0;1563;0;0;89;0;90;0;
5623;2246132;1018916864;18771968;1096331264;0;0;0;0;0;0;0;0;0;0;0;2284;0;0;89;0;90;0;
5624;1897368;1018916864;18771968;1096331264;0;0;0;0;0;0;0;0;0;0;0;1333;0;0;89;0;90;0;
5625;2267342;1018916864;18771968;1096331264;0;0;0;0;0;0;0;0;0;0;0;1774;0;0;89;0;90;0;
5626;5438459;1018916864;18771968;1096331264;0;0;0;0;0;0;0;0;0;0;0;1823;0;0;89;0;90;0;
5627;4232107;1018916864;18771968;1096331264;0;0;0;0;0;0;0;0;0;0;0;46938;0;0;89;0;90;0;
5628;2269977;1018916864;18771968;1096331264;0;0;0;0;0;0;0;0;0;0;0;2074;0;0;89;0;90;0;
5629;3106786;1018916864;18771968;1096331264;0;0;0;0;0;0;0;0;0;0;0;1403;0;0;89;0;90;0;
5630;1859377;1018916864;18771968;1096331264;0;0;0;0;0;0;0;0;0;0;0;1693;0;0;89;0;90;0;
5631;3596275;1018916864;18771968;1096331264;0;0;0;0;0;0;0;0;0;0;0;2124;0;0;89;0;90;0;
5632;2041638;1018916864;18771968;1096331264;0;0;0;0;0;0;0;0;0;0;0;1863;0;0;89;0;90;0;
5633;5932005;1018916864;18771968;1096331264;0;0;0;0;0;0;0;0;0;0;0;1603;0;0;89;0;90;0;
5634;5568844;1019187200;18771968;1096331264;0;0;0;0;0;0;0;0;0;0;0;4248;0;0;89;0;90;0;
5635;2248657;1019187200;18771968;1096331264;0;0;0;0;0;0;0;0;0;0;0;1764;0;0;89;0;90;0;
5636;3174814;1019187200;18771968;1096331264;0;0;0;0;0;0;0;0;0;0;0;1493;0;0;89;0;90;0;
5637;3010716;1019187200;18771968;1096331264;0;0;0;0;0;0;0;0;0;0;0;1883;0;0;89;0;90;0;
5638;3362366;1019187200;18771968;1096331264;0;0;0;0;0;0;0;0;0;0;0;1773;0;0;89;0;90;0;
5639;2489279;1019187200;18771968;1096331264;0;0;0;0;0;0;0;0;0;0;0;2254;0;0;89;0;90;0;
5640;5651970;1019187200;18771968;1096331264;0;0;0;0;0;0;0;0;0;0;0;2184;0;0;89;0;90;0;
5641;4848432;1019187200;18771968;1096331264;0;0;0;0;0;0;0;0;0;0;0;2916;0;0;89;0;90;0;
5642;2244770;1019187200;18771968;1096331264;0;0;0;0;0;0;0;0;0;0;0;1874;0;0;89;0;90;0;
5643;2777830;1019187200;18771968;1096331264;0;0;0;0;0;0;0;0;0;0;0;1843;0;0;89;0;90;0;
5644;1281634;1019187200;18771968;1096331264;0;0;0;0;0;0;0;0;0;0;0;1944;0;0;89;0;90;0;
5645;2672221;1019187200;18771968;1096331264;0;0;0;0;0;0;0;0;0;0;0;1472;0;0;89;0;90;0;
5646;1518037;1019187200;18771968;1096331264;0;0;0;0;0;0;0;0;0;0;0;1753;0;0;89;0;90;0;
5647;5383777;1019187200;18771968;1096331264;0;0;0;0;0;0;0;0;0;0;0;1553;0;0;89;0;90;0;
5648;2810501;1019187200;18771968;1096331264;0;0;0;0;0;0;0;0;0;0;0;2875;0;0;89;0;90;0;
5649;2034345;1019187200;18771968;1096331264;0;0;0;0;0;0;0;0;0;0;0;2024;0;0;89;0;90;0;
5650;2105298;1019187200;18771968;1096331264;0;0;0;0;0;0;0;0;0;0;0;1283;0;0;89;0;90;0;
5651;2701597;1019187200;18771968;1096331264;0;0;0;0;0;0;0;0;0;0;0;2385;0;0;89;0;90;0;
5652;2707127;1019187200;18771968;1096331264;0;0;0;0;0;0;0;0;0;0;0;1603;0;0;89;0;90;0;
5653;2621356;1019187200;18771968;1096331264;0;0;0;0;0;0;0;0;0;0;0;2084;0;0;89;0;90;0;
5654;5492200;1019187200;18771968;1096331264;0;0;0;0;0;0;0;0;0;0;0;1653;0;0;89;0;90;0;
5655;2171783;1019187200;18771968;1096331264;0;0;0;0;0;0;0;0;0;0;0;2354;0;0;89;0;90;0;
5656;2160963;1019187200;18771968;1096331264;0;0;0;0;0;0;0;0;0;0;0;2044;0;0;89;0;90;0;
5657;2561433;1019187200;18771968;1096331264;0;0;0;0;0;0;0;0;0;0;0;1513;0;0;89;0;90;0;
5658;2053662;1019187200;18771968;1096331264;0;0;0;0;0;0;0;0;0;0;0;2114;0;0;89;0;90;0;
5659;3677527;1019187200;18771968;1096331264;0;0;0;0;0;0;0;0;0;0;0;1803;0;0;89;0;90;0;
5660;2344838;1019187200;18771968;1096331264;0;0;0;0;0;0;0;0;0;0;0;1773;0;0;89;0;90;0;
5661;6118504;1019187200;18771968;1096331264;0;0;0;0;0;0;0;0;0;0;0;1492;0;0;89;0;90;0;
5662;3044560;1019187200;18771968;1096331264;0;0;0;0;0;0;0;0;0;0;0;2585;0;0;89;0;90;0;
5663;1996073;1019187200;18771968;1096331264;0;0;0;0;0;0;0;0;0;0;0;2204;0;0;89;0;90;0;
5664;3024312;1019187200;18771968;1096331264;0;0;0;0;0;0;0;0;0;0;0;1793;0;0;89;0;90;0;
5665;2094628;1019187200;18771968;1096331264;0;0;0;0;0;0;0;0;0;0;0;2324;0;0;89;0;90;0;
5666;2123463;1019187200;18771968;1096331264;0;0;0;0;0;0;0;0;0;0;0;1643;0;0;89;0;90;0;
5667;1376622;1019187200;18771968;1096331264;0;0;0;0;0;0;0;0;0;0;0;1503;0;0;89;0;90;0;
5668;5060971;1019187200;18771968;1096331264;0;0;0;0;0;0;0;0;0;0;0;1663;0;0;89;0;90;0;
5669;4060164;1019187200;18771968;1096331264;0;0;0;0;0;0;0;0;0;0;0;2124;0;0;89;0;90;0;
5670;2570911;1019187200;18771968;1096331264;0;0;0;0;0;0;0;0;0;0;0;1994;0;0;89;0;90;0;
5671;3733571;1019187200;18771968;1096331264;0;0;0;0;0;0;0;0;0;0;0;1913;0;0;89;0;90;0;
5672;3055320;1019187200;18771968;1096331264;0;0;0;0;0;0;0;0;0;0;0;3336;0;0;89;0;90;0;
5673;2705314;1019187200;18771968;1096331264;0;0;0;0;0;0;0;0;0;0;0;1864;0;0;89;0;90;0;
5674;1513118;1019187200;18771968;1096331264;0;0;0;0;0;0;0;0;0;0;0;1683;0;0;89;0;90;0;
5675;4931669;1019187200;18771968;1096331264;0;0;0;0;0;0;0;0;0;0;0;1653;0;0;89;0;90;0;
5676;2457058;1019187200;18771968;1096331264;0;0;0;0;0;0;0;0;0;0;0;2425;0;0;89;0;90;0;
5677;1565085;1019187200;18771968;1096331264;0;0;0;0;0;0;0;0;0;0;0;1763;0;0;89;0;90;0;
5678;2848622;1019187200;18771968;1096331264;0;0;0;0;0;0;0;0;0;0;0;1713;0;0;89;0;90;0;
5679;2439766;1019187200;18771968;1096331264;0;0;0;0;0;0;0;0;0;0;0;2335;0;0;89;0;90;0;
5680;3818241;1019187200;18771968;1096331264;0;0;0;0;0;0;0;0;0;0;0;2064;0;0;89;0;90;0;
5681;2682551;1019187200;18771968;1096331264;0;0;0;0;0;0;0;0;0;0;0;1893;0;0;89;0;90;0;
5682;6219764;1019187200;18771968;1096331264;0;0;0;0;0;0;0;0;0;0;0;1873;0;0;89;0;90;0;
5683;3765813;1019187200;18771968;1096331264;0;0;0;0;0;0;0;0;0;0;0;3196;0;0;89;0;90;0;
5684;3241509;1019187200;18771968;1096331264;0;0;0;0;0;0;0;0;0;0;0;1984;0;0;89;0;90;0;
5685;3390899;1019187200;18771968;1096331264;0;0;0;0;0;0;0;0;0;0;0;2063;0;0;89;0;90;0;
5686;2609143;1019187200;18771968;1096331264;0;0;0;0;0;0;0;0;0;0;0;1673;0;0;89;0;90;0;
5687;1636689;1019187200;18771968;1096331264;0;0;0;0;0;0;0;0;0;0;0;1363;0;0;89;0;90;0;
5688;1193579;1019187200;18771968;1096331264;0;0;0;0;0;0;0;0;0;0;0;1653;0;0;89;0;90;0;
5689;4451979;1019187200;18771968;1096331264;0;0;0;0;0;0;0;0;0;0;0;1453;0;0;89;0;90;0;
5690;4934444;1019187200;18771968;1096331264;0;0;0;0;0;0;0;0;0;0;0;3697;0;0;89;0;90;0;
5691;1704977;1019187200;18771968;1096331264;0;0;0;0;0;0;0;0;0;0;0;1713;0;0;89;0;90;0;
5692;3184803;1019187200;18771968;1096331264;0;0;0;0;0;0;0;0;0;0;0;1633;0;0;89;0;90;0;
5693;2184386;1019187200;18771968;1096331264;0;0;0;0;0;0;0;0;0;0;0;2235;0;0;89;0;90;0;
5694;2979217;1019187200;18771968;1096331264;0;0;0;0;0;0;0;0;0;0;0;1543;0;0;89;0;90;0;
5695;2429726;1019187200;18771968;1096331264;0;0;0;0;0;0;0;0;0;0;0;1593;0;0;89;0;90;0;
5696;5836897;1019187200;18771968;1096331264;0;0;0;0;0;0;0;0;0;0;0;1453;0;0;89;0;90;0;
5697;3771574;1019187200;18771968;1096331264;0;0;0;0;0;0;0;0;0;0;0;3296;0;0;89;0;90;0;
5698;1646067;1019187200;18771968;1096331264;0;0;0;0;0;0;0;0;0;0;0;1463;0;0;89;0;90;0;
5699;2101271;1019187200;18771968;1096331264;0;0;0;0;0;0;0;0;0;0;0;1483;0;0;89;0;90;0;
5700;3191686;1019457536;18771968;1096331264;0;0;0;0;0;0;0;0;0;0;0;1763;0;0;89;0;90;0;
5701;1963803;1019457536;18771968;1096331264;0;0;0;0;0;0;0;0;0;0;0;1442;0;0;89;0;90;0;
5702;1696572;1019457536;18771968;1096331264;0;0;0;0;0;0;0;0;0;0;0;1463;0;0;89;0;90;0;
5703;6681390;1019457536;18771968;1096331264;0;0;0;0;0;0;0;0;0;0;0;1253;0;0;89;0;90;0;
5704;5347598;1019457536;18771968;1096331264;0;0;0;0;0;0;0;0;0;0;0;2775;0;0;89;0;90;0;
5705;3088462;1019457536;18771968;1096331264;0;0;0;0;0;0;0;0;0;0;0;2565;0;0;89;0;90;0;
5706;2001854;1019457536;18771968;1096331264;0;0;0;0;0;0;0;0;0;0;0;1412;0;0;89;0;90;0;
5707;1361463;1019457536;18771968;1096331264;0;0;0;0;0;0;0;0;0;0;0;1422;0;0;89;0;90;0;
5708;1813221;1019457536;18771968;1096331264;0;0;0;0;0;0;0;0;0;0;0;1533;0;0;89;0;90;0;
5709;1667437;1019457536;18771968;1096331264;0;0;0;0;0;0;0;0;0;0;0;1883;0;0;89;0;90;0;
5710;5200363;1019457536;18771968;1096331264;0;0;0;0;0;0;0;0;0;0;0;1583;0;0;89;0;90;0;
5711;3350914;1019457536;18780160;1096339456;0;0;0;0;0;0;0;0;0;0;0;2354;0;0;89;0;90;0;
5712;1884504;1019457536;18780160;1096339456;0;0;0;0;0;0;0;0;0;0;0;2344;0;0;89;0;90;0;
5713;2549581;1019457536;18780160;1096339456;0;0;0;0;0;0;0;0;0;0;0;1773;0;0;89;0;90;0;
5714;2647075;1019457536;18780160;1096339456;0;0;0;0;0;0;0;0;0;0;0;2294;0;0;89;0;90;0;
5715;2385183;1019723776;18780160;1096339456;0;0;0;0;0;0;0;0;0;0;0;1733;0;0;89;0;90;0;
5716;1961379;1019723776;18780160;1096339456;0;0;0;0;0;0;0;0;0;0;0;2244;0;0;89;0;90;0;
5717;4504528;1019723776;18780160;1096339456;0;0;0;0;0;0;0;0;0;0;0;1693;0;0;89;0;90;0;
5718;2850806;1019723776;18780160;1096339456;0;0;0;0;0;0;0;0;0;0;0;2054;0;0;89;0;90;0;
5719;1723893;1019723776;18780160;1096339456;0;0;0;0;0;0;0;0;0;0;0;2325;0;0;89;0;90;0;
5720;2149431;1019723776;18780160;1096339456;0;0;0;0;0;0;0;0;0;0;0;1533;0;0;89;0;90;0;
5721;2653857;1019723776;18780160;1096339456;0;0;0;0;0;0;0;0;0;0;0;1983;0;0;89;0;90;0;
5722;3424683;1019723776;18780160;1096339456;0;0;0;0;0;0;0;0;0;0;0;1794;0;0;89;0;90;0;
5723;2119295;1019723776;18780160;1096339456;0;0;0;0;0;0;0;0;0;0;0;2034;0;0;89;0;90;0;
5724;4720042;1019723776;18780160;1096339456;0;0;0;0;0;0;0;0;0;0;0;1492;0;0;89;0;90;0;
5725;3888393;1019723776;18780160;1096339456;0;0;0;0;0;0;0;0;0;0;0;2635;0;0;89;0;90;0;
5726;2784051;1019723776;18780160;1096339456;0;0;0;0;0;0;0;0;0;0;0;2675;0;0;89;0;90;0;
5727;2019206;1019723776;18771968;1096331264;0;0;0;0;0;0;0;0;0;0;0;1463;0;0;89;0;90;0;
5728;1227031;1019723776;18771968;1096331264;0;0;0;0;0;0;0;0;0;0;0;1804;0;0;89;0;90;0;
5729;2360958;1019723776;18771968;1096331264;0;0;0;0;0;0;0;0;0;0;0;1443;0;0;89;0;90;0;
5730;2226516;1019723776;18771968;1096331264;0;0;0;0;0;0;0;0;0;0;0;1804;0;0;89;0;90;0;
5731;5563904;1019723776;18771968;1096331264;0;0;0;0;0;0;0;0;0;0;0;1693;0;0;89;0;90;0;
5732;3347528;1019723776;18771968;1096331264;0;0;0;0;0;0;0;0;0;0;0;2204;0;0;89;0;90;0;
5733;2320552;1019723776;18771968;1096331264;0;0;0;0;0;0;0;0;0;0;0;2084;0;0;89;0;90;0;
5734;2794570;1019723776;18771968;1096331264;0;0;0;0;0;0;0;0;0;0;0;2525;0;0;89;0;90;0;
5735;1267717;1019723776;18771968;1096331264;0;0;0;0;0;0;0;0;0;0;0;1463;0;0;89;0;90;0;
5736;2279184;1019723776;18771968;1096331264;0;0;0;0;0;0;0;0;0;0;0;1443;0;0;89;0;90;0;
5737;2223770;1019723776;18771968;1096331264;0;0;0;0;0;0;0;0;0;0;0;1923;0;0;89;0;90;0;
5738;6079722;1019723776;18771968;1096331264;0;0;0;0;0;0;0;0;0;0;0;1503;0;0;89;0;90;0;
5739;4581281;1019723776;18771968;1096331264;0;0;0;0;0;0;0;0;0;0;0;2886;0;0;89;0;90;0;
5740;2408597;1019723776;18771968;1096331264;0;0;0;0;0;0;0;0;0;0;0;2124;0;0;89;0;90;0;
5741;2769964;1019723776;18771968;1096331264;0;0;0;0;0;0;0;0;0;0;0;1543;0;0;89;0;90;0;
5742;2081844;1019723776;18771968;1096331264;0;0;0;0;0;0;0;0;0;0;0;1924;0;0;89;0;90;0;
5743;2004980;1019723776;18771968;1096331264;0;0;0;0;0;0;0;0;0;0;0;1553;0;0;89;0;90;0;
5744;2659918;1019723776;18771968;1096331264;0;0;0;0;0;0;0;0;0;0;0;1603;0;0;89;0;90;0;
5745;4470735;1019723776;18771968;1096331264;0;0;0;0;0;0;0;0;0;0;0;1463;0;0;89;0;90;0;
5746;4952047;1019723776;18771968;1096331264;0;0;0;0;0;0;0;0;0;0;0;3777;0;0;89;0;90;0;
5747;3804295;1019723776;18771968;1096331264;0;0;0;0;0;0;0;0;0;0;0;3126;0;0;89;0;90;0;
5748;3876390;1019723776;18771968;1096331264;0;0;0;0;0;0;0;0;0;0;0;1953;0;0;89;0;90;0;
5749;1993278;1019723776;18771968;1096331264;0;0;0;0;0;0;0;0;0;0;0;2014;0;0;89;0;90;0;
5750;3185975;1019723776;18771968;1096331264;0;0;0;0;0;0;0;0;0;0;0;1413;0;0;89;0;90;0;
5751;2097554;1019723776;18771968;1096331264;0;0;0;0;0;0;0;0;0;0;0;1613;0;0;89;0;90;0;
5752;6778743;1019723776;18771968;1096331264;0;0;0;0;0;0;0;0;0;0;0;1402;0;0;89;0;90;0;
5753;5973323;1019723776;18771968;1096331264;0;0;0;0;0;0;0;0;0;0;0;3807;0;0;89;0;90;0;
5754;3171177;1019723776;18771968;1096331264;0;0;0;0;0;0;0;0;0;0;0;3046;0;0;89;0;90;0;
5755;2227227;1019723776;18771968;1096331264;0;0;0;0;0;0;0;0;0;0;0;1433;0;0;89;0;90;0;
5756;1686673;1019723776;18771968;1096331264;0;0;0;0;0;0;0;0;0;0;0;1262;0;0;89;0;90;0;
5757;2426851;1019723776;18771968;1096331264;0;0;0;0;0;0;0;0;0;0;0;1473;0;0;89;0;90;0;
5758;1845942;1019723776;18771968;1096331264;0;0;0;0;0;0;0;0;0;0;0;2314;0;0;89;0;90;0;
5759;7707264;1019723776;18771968;1096331264;0;0;0;0;0;0;0;0;0;0;0;1523;0;0;89;0;90;0;
5760;3804325;1019723776;18771968;1096331264;0;0;0;0;0;0;0;0;0;0;0;2615;0;0;89;0;90;0;
5761;1538234;1019723776;18771968;1096331264;0;0;0;0;0;0;0;0;0;0;0;2054;0;0;89;0;90;0;
5762;1808181;1019723776;18771968;1096331264;0;0;0;0;0;0;0;0;0;0;0;1543;0;0;89;0;90;0;
5763;2378110;1019723776;18771968;1096331264;0;0;0;0;0;0;0;0;0;0;0;1974;0;0;89;0;90;0;
5764;3116244;1019990016;18771968;1096331264;0;0;0;0;0;0;0;0;0;0;0;2084;0;0;89;0;90;0;
5765;2253937;1019990016;18771968;1096331264;0;0;0;0;0;0;0;0;0;0;0;2124;0;0;89;0;90;0;
5766;4488798;1019990016;18771968;1096331264;0;0;0;0;0;0;0;0;0;0;0;1693;0;0;89;0;90;0;
5767;3450742;1019990016;18771968;1096331264;0;0;0;0;0;0;0;0;0;0;0;2394;0;0;89;0;90;0;
5768;1001899;1019990016;18771968;1096331264;0;0;0;0;0;0;0;0;0;0;0;1894;0;0;89;0;90;0;
5769;2100159;1019990016;18771968;1096331264;0;0;0;0;0;0;0;0;0;0;0;1483;0;0;89;0;90;0;
5770;2589105;1019990016;18771968;1096331264;0;0;0;0;0;0;0;0;0;0;0;2014;0;0;89;0;90;0;
5771;3197667;1019990016;18771968;1096331264;0;0;0;0;0;0;0;0;0;0;0;1823;0;0;89;0;90;0;
5772;2233799;1019990016;18771968;1096331264;0;0;0;0;0;0;0;0;0;0;0;2205;0;0;89;0;90;0;
5773;5934399;1019990016;18771968;1096331264;0;0;0;0;0;0;0;0;0;0;0;1593;0;0;89;0;90;0;
5774;3394576;1019990016;18771968;1096331264;0;0;0;0;0;0;0;0;0;0;0;3006;0;0;89;0;90;0;
5775;1847225;1019990016;18771968;1096331264;0;0;0;0;0;0;0;0;0;0;0;2154;0;0;89;0;90;0;
5776;2047950;1019990016;18771968;1096331264;0;0;0;0;0;0;0;0;0;0;0;1533;0;0;89;0;90;0;
5777;2472206;1019990016;18771968;1096331264;0;0;0;0;0;0;0;0;0;0;0;1793;0;0;89;0;90;0;
5778;6913255;1019990016;18771968;1096331264;0;0;0;0;0;0;0;0;0;0;0;1894;0;0;89;0;90;0;
5779;1811688;1019990016;18771968;1096331264;0;0;0;0;0;0;0;0;0;0;0;2595;0;0;89;0;90;0;
5780;6140155;1019990016;18771968;1096331264;0;0;0;0;0;0;0;0;0;0;0;2033;0;0;89;0;90;0;
5781;2711084;1019990016;18771968;1096331264;0;0;0;0;0;0;0;0;0;0;0;2044;0;0;89;0;90;0;
5782;1717461;1019990016;18771968;1096331264;0;0;0;0;0;0;0;0;0;0;0;1382;0;0;89;0;90;0;
5783;2372269;1019990016;18771968;1096331264;0;0;0;0;0;0;0;0;0;0;0;1473;0;0;89;0;90;0;
5784;1556028;1019990016;18771968;1096331264;0;0;0;0;0;0;0;0;0;0;0;1553;0;0;89;0;90;0;
5785;3461552;1019990016;18771968;1096331264;0;0;0;0;0;0;0;0;0;0;0;1784;0;0;89;0;90;0;
5786;2174768;1019990016;18771968;1096331264;0;0;0;0;0;0;0;0;0;0;0;1694;0;0;89;0;90;0;
5787;7806330;1019990016;18771968;1096331264;0;0;0;0;0;0;0;0;0;0;0;2144;0;0;89;0;90;0;
5788;3845131;1019990016;18771968;1096331264;0;0;0;0;0;0;0;0;0;0;0;5110;0;0;89;0;90;0;
5789;2119194;1019990016;18771968;1096331264;0;0;0;0;0;0;0;0;0;0;0;2715;0;0;89;0;90;0;
5790;3590394;1019990016;18771968;1096331264;0;0;0;0;0;0;0;0;0;0;0;1873;0;0;89;0;90;0;
5791;2897684;1019990016;18771968;1096331264;0;0;0;0;0;0;0;0;0;0;0;2395;0;0;89;0;90;0;
5792;5333643;1019990016;18771968;1096331264;0;0;0;0;0;0;0;0;0;0;0;129102;0;0;89;0;90;0;
5793;2035688;1019990016;18771968;1096331264;0;0;0;0;0;0;0;0;0;0;0;1974;0;0;89;0;90;0;
5794;5692545;1019990016;18771968;1096331264;0;0;0;0;0;0;0;0;0;0;0;2254;0;0;89;0;90;0;
5795;4527691;1019990016;18771968;1096331264;0;0;0;0;0;0;0;0;0;0;0;4058;0;0;89;0;90;0;
5796;3278338;1019990016;18771968;1096331264;0;0;0;0;0;0;0;0;0;0;0;2104;0;0;89;0;90;0;
5797;2799230;1019990016;18771968;1096331264;0;0;0;0;0;0;0;0;0;0;0;1904;0;0;89;0;90;0;
5798;2486964;1019990016;18771968;1096331264;0;0;0;0;0;0;0;0;0;0;0;2003;0;0;89;0;90;0;
5799;2699382;1019990016;18771968;1096331264;0;0;0;0;0;0;0;0;0;0;0;2004;0;0;89;0;90;0;
5800;1812600;1019990016;18771968;1096331264;0;0;0;0;0;0;0;0;0;0;0;1873;0;0;89;0;90;0;
5801;5546652;1019990016;18771968;1096331264;0;0;0;0;0;0;0;0;0;0;0;1523;0;0;89;0;90;0;
5802;3804054;1019990016;18771968;1096331264;0;0;0;0;0;0;0;0;0;0;0;2916;0;0;89;0;90;0;
5803;1991845;1019990016;18771968;1096331264;0;0;0;0;0;0;0;0;0;0;0;2404;0;0;89;0;90;0;
5804;3250987;1019990016;18771968;1096331264;0;0;0;0;0;0;0;0;0;0;0;1854;0;0;89;0;90;0;
5805;1818330;1019990016;18771968;1096331264;0;0;0;0;0;0;0;0;0;0;0;2114;0;0;89;0;90;0;
5806;2842171;1019990016;18771968;1096331264;0;0;0;0;0;0;0;0;0;0;0;2004;0;0;89;0;90;0;
5807;1448056;1019990016;18771968;1096331264;0;0;0;0;0;0;0;0;0;0;0;1843;0;0;89;0;90;0;
5808;5098091;1019990016;18771968;1096331264;0;0;0;0;0;0;0;0;0;0;0;1563;0;0;89;0;90;0;
5809;4013196;1019990016;18771968;1096331264;0;0;0;0;0;0;0;0;0;0;0;26169;0;0;89;0;90;0;
5810;2961965;1019990016;18771968;1096331264;0;0;0;0;0;0;0;0;0;0;0;3025;0;0;89;0;90;0;
5811;2938050;1019990016;18771968;1096331264;0;0;0;0;0;0;0;0;0;0;0;1823;0;0;89;0;90;0;
5812;3074776;1019990016;18771968;1096331264;0;0;0;0;0;0;0;0;0;0;0;2414;0;0;89;0;90;0;
5813;3633665;1019990016;18771968;1096331264;0;0;0;0;0;0;0;0;0;0;0;2184;0;0;89;0;90;0;
5814;1721338;1019990016;18771968;1096331264;0;0;0;0;0;0;0;0;0;0;0;1693;0;0;89;0;90;0;
5815;8494370;1019990016;18771968;1096331264;0;0;0;0;0;0;0;0;0;0;0;1733;0;0;89;0;90;0;
5816;5249726;1019990016;18771968;1096331264;0;0;0;0;0;0;0;0;0;0;0;3106;0;0;89;0;90;0;
5817;1886127;1019990016;18771968;1096331264;0;0;0;0;0;0;0;0;0;0;0;2415;0;0;89;0;90;0;
5818;2061246;1019990016;18771968;1096331264;0;0;0;0;0;0;0;0;0;0;0;1283;0;0;89;0;90;0;
5819;2145033;1019990016;18771968;1096331264;0;0;0;0;0;0;0;0;0;0;0;1623;0;0;89;0;90;0;
5820;2489038;1019990016;18771968;1096331264;0;0;0;0;0;0;0;0;0;0;0;1443;0;0;89;0;90;0;
5821;2647645;1019990016;18771968;1096331264;0;0;0;0;0;0;0;0;0;0;0;1723;0;0;89;0;90;0;
5822;7594492;1019990016;18771968;1096331264;0;0;0;0;0;0;0;0;0;0;0;1703;0;0;89;0;90;0;
5823;4256162;1019990016;18771968;1096331264;0;0;0;0;0;0;0;0;0;0;0;2645;0;0;89;0;90;0;
5824;1852574;1019990016;18771968;1096331264;0;0;0;0;0;0;0;0;0;0;0;2044;0;0;89;0;90;0;
5825;1932414;1019990016;18771968;1096331264;0;0;0;0;0;0;0;0;0;0;0;1462;0;0;89;0;90;0;
5826;1634866;1019990016;18771968;1096331264;0;0;0;0;0;0;0;0;0;0;0;1303;0;0;89;0;90;0;
5827;3439530;1019990016;18771968;1096331264;0;0;0;0;0;0;0;0;0;0;0;1503;0;0;89;0;90;0;
5828;3846534;1019990016;18771968;1096331264;0;0;0;0;0;0;0;0;0;0;0;2024;0;0;89;0;90;0;
5829;6166765;1019990016;18771968;1096331264;0;0;0;0;0;0;0;0;0;0;0;1703;0;0;89;0;90;0;
5830;6362322;1019990016;18771968;1096331264;0;0;0;0;0;0;0;0;0;0;0;4518;0;0;89;0;90;0;
5831;1924940;1019990016;18771968;1096331264;0;0;0;0;0;0;0;0;0;0;0;2254;0;0;89;0;90;0;
5832;3903701;1019990016;18771968;1096331264;0;0;0;0;0;0;0;0;0;0;0;2425;0;0;89;0;90;0;
5833;1628935;1019990016;18771968;1096331264;0;0;0;0;0;0;0;0;0;0;0;1783;0;0;89;0;90;0;
5834;2916209;1019990016;18771968;1096331264;0;0;0;0;0;0;0;0;0;0;0;2124;0;0;89;0;90;0;
5835;1761062;1019990016;18771968;1096331264;0;0;0;0;0;0;0;0;0;0;0;2304;0;0;89;0;90;0;
5836;5618306;1019990016;18771968;1096331264;0;0;0;0;0;0;0;0;0;0;0;1743;0;0;89;0;90;0;
5837;3222564;1019990016;18771968;1096331264;0;0;0;0;0;0;0;0;0;0;0;2555;0;0;89;0;90;0;
5838;2281689;1019990016;18771968;1096331264;0;0;0;0;0;0;0;0;0;0;0;2033;0;0;89;0;90;0;
5839;3545529;1019990016;18771968;1096331264;0;0;0;0;0;0;0;0;0;0;0;2144;0;0;89;0;90;0;
5840;3229416;1019990016;18771968;1096331264;0;0;0;0;0;0;0;0;0;0;0;3206;0;0;89;0;90;0;
5841;3487511;1019990016;18771968;1096331264;0;0;0;0;0;0;0;0;0;0;0;1954;0;0;89;0;90;0;
5842;3899754;1019990016;18771968;1096331264;0;0;0;0;0;0;0;0;0;0;0;2996;0;0;89;0;90;0;
5843;5657069;1019990016;18771968;1096331264;0;0;0;0;0;0;0;0;0;0;0;1803;0;0;89;0;90;0;
5844;4408898;1019990016;18771968;1096331264;0;0;0;0;0;0;0;0;0;0;0;3897;0;0;89;0;90;0;
5845;2376617;1019990016;18771968;1096331264;0;0;0;0;0;0;0;0;0;0;0;3577;0;0;89;0;90;0;
5846;3303135;1019990016;18771968;1096331264;0;0;0;0;0;0;0;0;0;0;0;2094;0;0;89;0;90;0;
5847;2861256;1019990016;18771968;1096331264;0;0;0;0;0;0;0;0;0;0;0;2344;0;0;89;0;90;0;
5848;3480848;1019990016;18771968;1096331264;0;0;0;0;0;0;0;0;0;0;0;2195;0;0;89;0;90;0;
5849;2072317;1019990016;18771968;1096331264;0;0;0;0;0;0;0;0;0;0;0;1994;0;0;89;0;90;0;
5850;5257159;1019990016;18771968;1096331264;0;0;0;0;0;0;0;0;0;0;0;1733;0;0;89;0;90;0;
5851;4481144;1019990016;18771968;1096331264;0;0;0;0;0;0;0;0;0;0;0;2615;0;0;89;0;90;0;
5852;2664838;1019990016;18771968;1096331264;0;0;0;0;0;0;0;0;0;0;0;2244;0;0;89;0;90;0;
5853;4332656;1019990016;18771968;1096331264;0;0;0;0;0;0;0;0;0;0;0;3085;0;0;89;0;90;0;
5854;2473940;1019990016;18771968;1096331264;0;0;0;0;0;0;0;0;0;0;0;2114;0;0;89;0;90;0;
5855;3275603;1019990016;18771968;1096331264;0;0;0;0;0;0;0;0;0;0;0;1913;0;0;89;0;90;0;
5856;1592407;1019990016;18771968;1096331264;0;0;0;0;0;0;0;0;0;0;0;1974;0;0;89;0;90;0;
5857;4961104;1019990016;18771968;1096331264;0;0;0;0;0;0;0;0;0;0;0;1874;0;0;89;0;90;0;
5858;4618732;1019990016;18771968;1096331264;0;0;0;0;0;0;0;0;0;0;0;3086;0;0;89;0;90;0;
5859;2609694;1019990016;18771968;1096331264;0;0;0;0;0;0;0;0;0;0;0;2786;0;0;89;0;90;0;
5860;3790038;1019990016;18771968;1096331264;0;0;0;0;0;0;0;0;0;0;0;2644;0;0;89;0;90;0;
5861;1895134;1019990016;18771968;1096331264;0;0;0;0;0;0;0;0;0;0;0;1693;0;0;89;0;90;0;
5862;3279209;1019990016;18771968;1096331264;0;0;0;0;0;0;0;0;0;0;0;1463;0;0;89;0;90;0;
5863;3106115;1019990016;18771968;1096331264;0;0;0;0;0;0;0;0;0;0;0;2625;0;0;89;0;90;0;
5864;6882718;1019990016;18776064;1096335360;0;0;0;0;0;0;0;0;0;0;0;3116;0;0;89;0;90;0;
5865;5269653;1019990016;18780160;1096339456;0;0;0;0;0;0;0;0;0;0;0;2394;0;0;89;0;90;0;
5866;1847635;1019990016;18780160;1096339456;0;0;0;0;0;0;0;0;0;0;0;2254;0;0;89;0;90;0;
5867;2564279;1019990016;18780160;1096339456;0;0;0;0;0;0;0;0;0;0;0;1753;0;0;89;0;90;0;
5868;1339843;1019990016;18780160;1096339456;0;0;0;0;0;0;0;0;0;0;0;1783;0;0;89;0;90;0;
5869;1919280;1019990016;18780160;1096339456;0;0;0;0;0;0;0;0;0;0;0;1573;0;0;89;0;90;0;
5870;1131171;1019990016;18780160;1096339456;0;0;0;0;0;0;0;0;0;0;0;1904;0;0;89;0;90;0;
5871;7868817;1019990016;18780160;1096339456;0;0;0;0;0;0;0;0;0;0;0;1933;0;0;89;0;90;0;
5872;4061387;1019990016;18780160;1096339456;0;0;0;0;0;0;0;0;0;0;0;3085;0;0;89;0;90;0;
5873;1507657;1019990016;18780160;1096339456;0;0;0;0;0;0;0;0;0;0;0;2585;0;0;89;0;90;0;
5874;3534108;1019990016;18780160;1096339456;0;0;0;0;0;0;0;0;0;0;0;1753;0;0;89;0;90;0;
5875;1726037;1019990016;18780160;1096339456;0;0;0;0;0;0;0;0;0;0;0;2074;0;0;89;0;90;0;
5876;5154707;1019990016;18780160;1096339456;0;0;0;0;0;0;0;0;0;0;0;1623;0;0;89;0;90;0;
5877;1651356;1019990016;18780160;1096339456;0;0;0;0;0;0;0;0;0;0;0;2635;0;0;89;0;90;0;
5878;7726009;1019990016;18780160;1096339456;0;0;0;0;0;0;0;0;0;0;0;1473;0;0;89;0;90;0;
5879;4073610;1019990016;18780160;1096339456;0;0;0;0;0;0;0;0;0;0;0;2846;0;0;89;0;90;0;
5880;937117;1019990016;18780160;1096339456;0;0;0;0;0;0;0;0;0;0;0;1693;0;0;89;0;90;0;
5881;1683197;1020116992;18771968;1096331264;0;0;0;0;0;0;0;0;0;0;0;1493;0;0;89;0;90;0;
5882;1146630;1020116992;18771968;1096331264;0;0;0;0;0;0;0;0;0;0;0;1473;0;0;89;0;90;0;
5883;2169820;1020116992;18771968;1096331264;0;0;0;0;0;0;0;0;0;0;0;1943;0;0;89;0;90;0;
5884;2350729;1020116992;18771968;1096331264;0;0;0;0;0;0;0;0;0;0;0;1654;0;0;89;0;90;0;
5885;5284691;1020116992;18771968;1096331264;0;0;0;0;0;0;0;0;0;0;0;1332;0;0;89;0;90;0;
5886;3436805;1020116992;18771968;1096331264;0;0;0;0;0;0;0;0;0;0;0;2094;0;0;89;0;90;0;
5887;1754290;1020116992;18771968;1096331264;0;0;0;0;0;0;0;0;0;0;0;1633;0;0;89;0;90;0;
5888;1757887;1020116992;18771968;1096331264;0;0;0;0;0;0;0;0;0;0;0;1863;0;0;89;0;90;0;
5889;1539427;1020116992;18771968;1096331264;0;0;0;0;0;0;0;0;0;0;0;1533;0;0;89;0;90;0;
5890;1578741;1020116992;18771968;1096331264;0;0;0;0;0;0;0;0;0;0;0;1432;0;0;89;0;90;0;
5891;1644383;1020116992;18771968;1096331264;0;0;0;0;0;0;0;0;0;0;0;1603;0;0;89;0;90;0;
5892;5200232;1020116992;18771968;1096331264;0;0;0;0;0;0;0;0;0;0;0;1553;0;0;89;0;90;0;
5893;3174393;1020116992;18771968;1096331264;0;0;0;0;0;0;0;0;0;0;0;2284;0;0;89;0;90;0;
5894;2182563;1020116992;18771968;1096331264;0;0;0;0;0;0;0;0;0;0;0;1453;0;0;89;0;90;0;
5895;2693781;1020116992;18771968;1096331264;0;0;0;0;0;0;0;0;0;0;0;1432;0;0;89;0;90;0;
5896;1650245;1020116992;18771968;1096331264;0;0;0;0;0;0;0;0;0;0;0;1593;0;0;89;0;90;0;
5897;2957406;1020116992;18771968;1096331264;0;0;0;0;0;0;0;0;0;0;0;1543;0;0;89;0;90;0;
5898;2288452;1020116992;18771968;1096331264;0;0;0;0;0;0;0;0;0;0;0;1704;0;0;89;0;90;0;
5899;4742835;1020116992;18771968;1096331264;0;0;0;0;0;0;0;0;0;0;0;1483;0;0;89;0;90;0;
5900;2239911;1020116992;18771968;1096331264;0;0;0;0;0;0;0;0;0;0;0;2225;0;0;89;0;90;0;
5901;2082516;1020116992;18771968;1096331264;0;0;0;0;0;0;0;0;0;0;0;1503;0;0;89;0;90;0;
5902;1808872;1020116992;18771968;1096331264;0;0;0;0;0;0;0;0;0;0;0;1473;0;0;89;0;90;0;
5903;2497794;1020116992;18771968;1096331264;0;0;0;0;0;0;0;0;0;0;0;1653;0;0;89;0;90;0;
5904;1856862;1020116992;18771968;1096331264;0;0;0;0;0;0;0;0;0;0;0;1643;0;0;89;0;90;0;
5905;1898441;1020116992;18771968;1096331264;0;0;0;0;0;0;0;0;0;0;0;1763;0;0;89;0;90;0;
5906;5049379;1020116992;18771968;1096331264;0;0;0;0;0;0;0;0;0;0;0;1232;0;0;89;0;90;0;
5907;3121514;1020116992;18771968;1096331264;0;0;0;0;0;0;0;0;0;0;0;1853;0;0;89;0;90;0;
5908;1693025;1020116992;18771968;1096331264;0;0;0;0;0;0;0;0;0;0;0;1703;0;0;89;0;90;0;
5909;1900855;1020116992;18771968;1096331264;0;0;0;0;0;0;0;0;0;0;0;1473;0;0;89;0;90;0;
5910;1001298;1020116992;18771968;1096331264;0;0;0;0;0;0;0;0;0;0;0;1442;0;0;89;0;90;0;
5911;1437516;1020116992;18771968;1096331264;0;0;0;0;0;0;0;0;0;0;0;1713;0;0;89;0;90;0;
5912;902252;1020116992;18771968;1096331264;0;0;0;0;0;0;0;0;0;0;0;1613;0;0;89;0;90;0;
5913;4322316;1020116992;18771968;1096331264;0;0;0;0;0;0;0;0;0;0;0;1532;0;0;89;0;90;0;
5914;3169474;1020116992;18771968;1096331264;0;0;0;0;0;0;0;0;0;0;0;1593;0;0;89;0;90;0;
5915;2771618;1020116992;18771968;1096331264;0;0;0;0;0;0;0;0;0;0;0;2355;0;0;89;0;90;0;
5916;2260369;1020116992;18771968;1096331264;0;0;0;0;0;0;0;0;0;0;0;1573;0;0;89;0;90;0;
5917;2057358;1020116992;18771968;1096331264;0;0;0;0;0;0;0;0;0;0;0;1483;0;0;89;0;90;0;
5918;2256993;1020116992;18771968;1096331264;0;0;0;0;0;0;0;0;0;0;0;1413;0;0;89;0;90;0;
5919;1604439;1020116992;18771968;1096331264;0;0;0;0;0;0;0;0;0;0;0;1512;0;0;89;0;90;0;
5920;4417886;1020116992;18771968;1096331264;0;0;0;0;0;0;0;0;0;0;0;1693;0;0;89;0;90;0;
5921;1884194;1020116992;18771968;1096331264;0;0;0;0;0;0;0;0;0;0;0;1733;0;0;89;0;90;0;
5922;1757846;1020116992;18771968;1096331264;0;0;0;0;0;0;0;0;0;0;0;1513;0;0;89;0;90;0;
5923;2442851;1020116992;18771968;1096331264;0;0;0;0;0;0;0;0;0;0;0;1473;0;0;89;0;90;0;
5924;2257213;1020116992;18771968;1096331264;0;0;0;0;0;0;0;0;0;0;0;1493;0;0;89;0;90;0;
5925;2013406;1020116992;18771968;1096331264;0;0;0;0;0;0;0;0;0;0;0;1633;0;0;89;0;90;0;
5926;2052038;1020116992;18771968;1096331264;0;0;0;0;0;0;0;0;0;0;0;1493;0;0;89;0;90;0;
5927;4961946;1020116992;18771968;1096331264;0;0;0;0;0;0;0;0;0;0;0;1423;0;0;89;0;90;0;
5928;2231766;1020116992;18771968;1096331264;0;0;0;0;0;0;0;0;0;0;0;1423;0;0;89;0;90;0;
5929;2577573;1020116992;18771968;1096331264;0;0;0;0;0;0;0;0;0;0;0;1593;0;0;89;0;90;0;
5930;2582804;1020116992;18771968;1096331264;0;0;0;0;0;0;0;0;0;0;0;1513;0;0;89;0;90;0;
5931;2149030;1020116992;18771968;1096331264;0;0;0;0;0;0;0;0;0;0;0;1593;0;0;89;0;90;0;
5932;1549917;1020116992;18771968;1096331264;0;0;0;0;0;0;0;0;0;0;0;1453;0;0;89;0;90;0;
5933;4901322;1020116992;18771968;1096331264;0;0;0;0;0;0;0;0;0;0;0;1533;0;0;89;0;90;0;
5934;2877156;1020116992;18776064;1096335360;0;0;0;0;0;0;0;0;0;0;0;1823;0;0;89;0;90;0;
5935;1496156;1020116992;18776064;1096335360;0;0;0;0;0;0;0;0;0;0;0;1443;0;0;89;0;90;0;
5936;2366669;1015119872;13299712;1090859008;0;0;0;0;0;0;0;0;0;0;0;1573;0;0;89;0;90;0;
5937;2724229;1015119872;13299712;1090859008;0;0;0;0;0;0;0;0;0;0;0;1473;0;0;89;0;90;0;
5938;3508570;1015119872;13299712;1090859008;0;0;0;0;0;0;0;0;0;0;0;1553;0;0;89;0;90;0;
5939;1965115;1015119872;13299712;1090859008;0;0;0;0;0;0;0;0;0;0;0;1493;0;0;89;0;90;0;
5940;4672693;1015119872;13299712;1090859008;0;0;0;0;0;0;0;0;0;0;0;1443;0;0;89;0;90;0;
5941;3780661;1015119872;13299712;1090859008;0;0;0;0;0;0;0;0;0;0;0;1633;0;0;89;0;90;0;
5942;2150303;1015119872;13299712;1090859008;0;0;0;0;0;0;0;0;0;0;0;1432;0;0;89;0;90;0;
5943;1699156;1015119872;13299712;1090859008;0;0;0;0;0;0;0;0;0;0;0;1613;0;0;89;0;90;0;
5944;2092233;1015119872;13299712;1090859008;0;0;0;0;0;0;0;0;0;0;0;1623;0;0;89;0;90;0;
5945;2121118;1015119872;13299712;1090859008;0;0;0;0;0;0;0;0;0;0;0;1262;0;0;89;0;90;0;
5946;6867790;1015119872;13299712;1090859008;0;0;0;0;0;0;0;0;0;0;0;1793;0;0;89;0;90;0;
5947;3521604;1015926784;18776064;1096335360;0;0;0;0;0;0;0;0;0;0;0;1864;0;0;89;0;90;0;
5948;1105633;1015926784;18776064;1096335360;0;0;0;0;0;0;0;0;0;0;0;1623;0;0;89;0;90;0;
5949;2639340;1015926784;18776064;1096335360;0;0;0;0;0;0;0;0;0;0;0;1823;0;0;89;0;90;0;
5950;1648622;1015926784;18776064;1096335360;0;0;0;0;0;0;0;0;0;0;0;1313;0;0;89;0;90;0;
5951;2759825;1015926784;18776064;1096335360;0;0;0;0;0;0;0;0;0;0;0;1482;0;0;89;0;90;0;
5952;2066565;1015926784;18776064;1096335360;0;0;0;0;0;0;0;0;0;0;0;1513;0;0;89;0;90;0;
5953;4754957;1015926784;18776064;1096335360;0;0;0;0;0;0;0;0;0;0;0;1573;0;0;89;0;90;0;
5954;2942117;1015926784;18776064;1096335360;0;0;0;0;0;0;0;0;0;0;0;1854;0;0;89;0;90;0;
5955;1760301;1015926784;18776064;1096335360;0;0;0;0;0;0;0;0;0;0;0;1473;0;0;89;0;90;0;
5956;1805546;1015926784;18776064;1096335360;0;0;0;0;0;0;0;0;0;0;0;1583;0;0;89;0;90;0;
5957;2214593;1015926784;18776064;1096335360;0;0;0;0;0;0;0;0;0;0;0;1322;0;0;89;0;90;0;
5958;2548219;1015926784;18776064;1096335360;0;0;0;0;0;0;0;0;0;0;0;1352;0;0;89;0;90;0;
5959;1677055;1015926784;18776064;1096335360;0;0;0;0;0;0;0;0;0;0;0;1543;0;0;89;0;90;0;
5960;4365838;1015926784;18776064;1096335360;0;0;0;0;0;0;0;0;0;0;0;1553;0;0;89;0;90;0;
5961;2672562;1015926784;18776064;1096335360;0;0;0;0;0;0;0;0;0;0;0;1563;0;0;89;0;90;0;
5962;2175991;1016131584;18771968;1096331264;0;0;0;0;0;0;0;0;0;0;0;1433;0;0;89;0;90;0;
5963;1815786;1016131584;18771968;1096331264;0;0;0;0;0;0;0;0;0;0;0;1543;0;0;89;0;90;0;
5964;2589597;1016131584;18771968;1096331264;0;0;0;0;0;0;0;0;0;0;0;1493;0;0;89;0;90;0;
5965;1741997;1016131584;18771968;1096331264;0;0;0;0;0;0;0;0;0;0;0;1452;0;0;89;0;90;0;
5966;4682311;1016131584;18771968;1096331264;0;0;0;0;0;0;0;0;0;0;0;1432;0;0;89;0;90;0;
5967;2466476;1018490880;18776064;1096335360;0;0;0;0;0;0;0;0;0;0;0;1863;0;0;89;0;90;0;
5968;1653341;1018490880;18776064;1096335360;0;0;0;0;0;0;0;0;0;0;0;1443;0;0;89;0;90;0;
5969;1707633;1018490880;18776064;1096335360;0;0;0;0;0;0;0;0;0;0;0;1523;0;0;89;0;90;0;
5970;2365656;1019031552;18776064;1096335360;0;0;0;0;0;0;0;0;0;0;0;1372;0;0;89;0;90;0;
5971;2453291;1019031552;18776064;1096335360;0;0;0;0;0;0;0;0;0;0;0;1473;0;0;89;0;90;0;
5972;5613678;1020112896;18776064;1096335360;0;0;0;0;0;0;0;0;0;0;0;1613;0;0;89;0;90;0;
5973;4633409;1020112896;18776064;1096335360;0;0;0;0;0;0;0;0;0;0;0;1984;0;0;89;0;90;0;
5974;1839269;1020112896;18776064;1096335360;0;0;0;0;0;0;0;0;0;0;0;1473;0;0;89;0;90;0;
5975;1945609;1020112896;18776064;1096335360;0;0;0;0;0;0;0;0;0;0;0;1563;0;0;89;0;90;0;
5976;1370099;1020112896;18776064;1096335360;0;0;0;0;0;0;0;0;0;0;0;1673;0;0;89;0;90;0;
5977;3214208;1020112896;18776064;1096335360;0;0;0;0;0;0;0;0;0;0;0;1442;0;0;89;0;90;0;
5978;1840642;1020112896;18776064;1096335360;0;0;0;0;0;0;0;0;0;0;0;1583;0;0;89;0;90;0;
5979;4469032;1020112896;18776064;1096335360;0;0;0;0;0;0;0;0;0;0;0;1492;0;0;89;0;90;0;
5980;2665449;1020112896;18776064;1096335360;0;0;0;0;0;0;0;0;0;0;0;2114;0;0;89;0;90;0;
5981;2925767;1020112896;18776064;1096335360;0;0;0;0;0;0;0;0;0;0;0;1593;0;0;89;0;90;0;
5982;2251803;1020112896;18776064;1096335360;0;0;0;0;0;0;0;0;0;0;0;1462;0;0;89;0;90;0;
5983;2666912;1020112896;18776064;1096335360;0;0;0;0;0;0;0;0;0;0;0;1623;0;0;89;0;90;0;
5984;2009809;1020112896;18776064;1096335360;0;0;0;0;0;0;0;0;0;0;0;1523;0;0;89;0;90;0;
5985;5629106;1020112896;18776064;1096335360;0;0;0;0;0;0;0;0;0;0;0;1573;0;0;89;0;90;0;
5986;3419112;1020112896;18776064;1096335360;0;0;0;0;0;0;0;0;0;0;0;1834;0;0;89;0;90;0;
5987;2146796;1020112896;18776064;1096335360;0;0;0;0;0;0;0;0;0;0;0;1382;0;0;89;0;90;0;
5988;3399555;1020112896;18776064;1096335360;0;0;0;0;0;0;0;0;0;0;0;1623;0;0;89;0;90;0;
5989;2125856;1020112896;18776064;1096335360;0;0;0;0;0;0;0;0;0;0;0;1493;0;0;89;0;90;0;
5990;2575380;1020112896;18776064;1096335360;0;0;0;0;0;0;0;0;0;0;0;1463;0;0;89;0;90;0;
5991;2444805;1020112896;18776064;1096335360;0;0;0;0;0;0;0;0;0;0;0;1603;0;0;89;0;90;0;
5992;5548446;1020112896;18776064;1096335360;0;0;0;0;0;0;0;0;0;0;0;1483;0;0;89;0;90;0;
5993;3855801;1020112896;18776064;1096335360;0;0;0;0;0;0;0;0;0;0;0;1854;0;0;89;0;90;0;
5994;3143866;1020112896;18776064;1096335360;0;0;0;0;0;0;0;0;0;0;0;4107;0;0;89;0;90;0;
5995;2741060;1020112896;18776064;1096335360;0;0;0;0;0;0;0;0;0;0;0;1694;0;0;89;0;90;0;
5996;2480992;1020112896;18776064;1096335360;0;0;0;0;0;0;0;0;0;0;0;1292;0;0;89;0;90;0;
5997;2517972;1020112896;18776064;1096335360;0;0;0;0;0;0;0;0;0;0;0;1683;0;0;89;0;90;0;
5998;2634961;1020112896;18776064;1096335360;0;0;0;0;0;0;0;0;0;0;0;1774;0;0;89;0;90;0;
5999;5347638;1020112896;18776064;1096335360;0;0;0;0;0;0;0;0;0;0;0;1603;0;0;89;0;90;0;
6000;5197518;1020112896;18776064;1096335360;0;0;0;0;0;0;0;0;0;0;0;2164;0;0;89;0;90;0;
6001;2338846;1020112896;18776064;1096335360;0;0;0;0;0;0;0;0;0;0;0;1643;0;0;89;0;90;0;
6002;1764740;1020215296;18771968;1096331264;0;0;0;0;0;0;0;0;0;0;0;1493;0;0;89;0;90;0;
6003;2382949;1020215296;18771968;1096331264;0;0;0;0;0;0;0;0;0;0;0;1713;0;0;89;0;90;0;
6004;3078343;1020215296;18771968;1096331264;0;0;0;0;0;0;0;0;0;0;0;1733;0;0;89;0;90;0;
6005;2473258;1020215296;18771968;1096331264;0;0;0;0;0;0;0;0;0;0;0;1603;0;0;89;0;90;0;
6006;6676992;1020215296;18771968;1096331264;0;0;0;0;0;0;0;0;0;0;0;1483;0;0;89;0;90;0;
6007;3485066;1020215296;18771968;1096331264;0;0;0;0;0;0;0;0;0;0;0;1873;0;0;89;0;90;0;
6008;1996094;1020215296;18771968;1096331264;0;0;0;0;0;0;0;0;0;0;0;1493;0;0;89;0;90;0;
6009;2410139;1020215296;18771968;1096331264;0;0;0;0;0;0;0;0;0;0;0;1563;0;0;89;0;90;0;
6010;2596830;1020215296;18771968;1096331264;0;0;0;0;0;0;0;0;0;0;0;1322;0;0;89;0;90;0;
6011;3467563;1020215296;18771968;1096331264;0;0;0;0;0;0;0;0;0;0;0;1513;0;0;89;0;90;0;
6012;1723282;1020215296;18771968;1096331264;0;0;0;0;0;0;0;0;0;0;0;1493;0;0;89;0;90;0;
6013;5420265;1020215296;18771968;1096331264;0;0;0;0;0;0;0;0;0;0;0;1382;0;0;89;0;90;0;
6014;4542468;1020215296;18771968;1096331264;0;0;0;0;0;0;0;0;0;0;0;1994;0;0;89;0;90;0;
6015;1476048;1020215296;18771968;1096331264;0;0;0;0;0;0;0;0;0;0;0;1533;0;0;89;0;90;0;
6016;2539673;1020215296;18771968;1096331264;0;0;0;0;0;0;0;0;0;0;0;1483;0;0;89;0;90;0;
6017;2126167;1020215296;18771968;1096331264;0;0;0;0;0;0;0;0;0;0;0;1603;0;0;89;0;90;0;
6018;2641204;1020215296;18771968;1096331264;0;0;0;0;0;0;0;0;0;0;0;1512;0;0;89;0;90;0;
6019;918262;1020215296;18771968;1096331264;0;0;0;0;0;0;0;0;0;0;0;1613;0;0;89;0;90;0;
6020;4232467;1020215296;18771968;1096331264;0;0;0;0;0;0;0;0;0;0;0;1453;0;0;89;0;90;0;
6021;5113920;1020215296;18771968;1096331264;0;0;0;0;0;0;0;0;0;0;0;1874;0;0;89;0;90;0;
6022;3106185;1020215296;18771968;1096331264;0;0;0;0;0;0;0;0;0;0;0;2515;0;0;89;0;90;0;
6023;3552692;1020215296;18771968;1096331264;0;0;0;0;0;0;0;0;0;0;0;1863;0;0;89;0;90;0;
6024;1699848;1020215296;18771968;1096331264;0;0;0;0;0;0;0;0;0;0;0;1663;0;0;89;0;90;0;
6025;3047875;1020215296;18771968;1096331264;0;0;0;0;0;0;0;0;0;0;0;1643;0;0;89;0;90;0;
6026;1938225;1020215296;18771968;1096331264;0;0;0;0;0;0;0;0;0;0;0;1964;0;0;89;0;90;0;
6027;4166334;1020215296;18771968;1096331264;0;0;0;0;0;0;0;0;0;0;0;1593;0;0;89;0;90;0;
6028;3824563;1020215296;18771968;1096331264;0;0;0;0;0;0;0;0;0;0;0;3156;0;0;89;0;90;0;
6029;1973531;1020215296;18771968;1096331264;0;0;0;0;0;0;0;0;0;0;0;2204;0;0;89;0;90;0;
6030;2951375;1020215296;18771968;1096331264;0;0;0;0;0;0;0;0;0;0;0;1723;0;0;89;0;90;0;
6031;1417428;1020215296;18771968;1096331264;0;0;0;0;0;0;0;0;0;0;0;1443;0;0;89;0;90;0;
6032;2059162;1020215296;18771968;1096331264;0;0;0;0;0;0;0;0;0;0;0;1603;0;0;89;0;90;0;
6033;799790;1020215296;18771968;1096331264;0;0;0;0;0;0;0;0;0;0;0;1714;0;0;89;0;90;0;
6034;5289139;1020215296;18771968;1096331264;0;0;0;0;0;0;0;0;0;0;0;1483;0;0;89;0;90;0;
6035;4087526;1020215296;18771968;1096331264;0;0;0;0;0;0;0;0;0;0;0;2925;0;0;89;0;90;0;
6036;2684835;1020215296;18771968;1096331264;0;0;0;0;0;0;0;0;0;0;0;2194;0;0;89;0;90;0;
6037;3805577;1020215296;18771968;1096331264;0;0;0;0;0;0;0;0;0;0;0;2094;0;0;89;0;90;0;
6038;2471715;1020215296;18771968;1096331264;0;0;0;0;0;0;0;0;0;0;0;2104;0;0;89;0;90;0;
6039;4570562;1020215296;18771968;1096331264;0;0;0;0;0;0;0;0;0;0;0;2014;0;0;89;0;90;0;
6040;1965476;1020215296;18771968;1096331264;0;0;0;0;0;0;0;0;0;0;0;2124;0;0;89;0;90;0;
6041;6208053;1020215296;18771968;1096331264;0;0;0;0;0;0;0;0;0;0;0;2705;0;0;89;0;90;0;
6042;4226226;1020215296;18776064;1096335360;0;0;0;0;0;0;0;0;0;0;0;2455;0;0;89;0;90;0;
6043;1861281;1020215296;18776064;1096335360;0;0;0;0;0;0;0;0;0;0;0;2334;0;0;89;0;90;0;
6044;2511580;1020215296;18776064;1096335360;0;0;0;0;0;0;0;0;0;0;0;1973;0;0;89;0;90;0;
6045;2050375;1020215296;18776064;1096335360;0;0;0;0;0;0;0;0;0;0;0;1854;0;0;89;0;90;0;
6046;4032252;1020215296;18776064;1096335360;0;0;0;0;0;0;0;0;0;0;0;1763;0;0;89;0;90;0;
6047;3871351;1020215296;18776064;1096335360;0;0;0;0;0;0;0;0;0;0;0;2284;0;0;89;0;90;0;
6048;5677407;1020215296;18776064;1096335360;0;0;0;0;0;0;0;0;0;0;0;1673;0;0;89;0;90;0;
6049;3634135;1020215296;18776064;1096335360;0;0;0;0;0;0;0;0;0;0;0;2435;0;0;89;0;90;0;
6050;1700669;1020215296;18776064;1096335360;0;0;0;0;0;0;0;0;0;0;0;2615;0;0;89;0;90;0;
6051;3701612;1020215296;18776064;1096335360;0;0;0;0;0;0;0;0;0;0;0;1613;0;0;89;0;90;0;
6052;3209509;1020215296;18776064;1096335360;0;0;0;0;0;0;0;0;0;0;0;3336;0;0;89;0;90;0;
6053;5724937;1020215296;18776064;1096335360;0;0;0;0;0;0;0;0;0;0;0;1443;0;0;89;0;90;0;
6054;2314260;1020215296;18776064;1096335360;0;0;0;0;0;0;0;0;0;0;0;1633;0;0;89;0;90;0;
6055;6297170;1020215296;18776064;1096335360;0;0;0;0;0;0;0;0;0;0;0;1493;0;0;89;0;90;0;
6056;4260460;1020215296;18776064;1096335360;0;0;0;0;0;0;0;0;0;0;0;2745;0;0;89;0;90;0;
6057;2840898;1020215296;18776064;1096335360;0;0;0;0;0;0;0;0;0;0;0;2104;0;0;89;0;90;0;
6058;3296011;1020215296;18776064;1096335360;0;0;0;0;0;0;0;0;0;0;0;1863;0;0;89;0;90;0;
6059;2304351;1020215296;18776064;1096335360;0;0;0;0;0;0;0;0;0;0;0;2134;0;0;89;0;90;0;
6060;3215240;1020215296;18776064;1096335360;0;0;0;0;0;0;0;0;0;0;0;1913;0;0;89;0;90;0;
6061;2649840;1020215296;18776064;1096335360;0;0;0;0;0;0;0;0;0;0;0;2104;0;0;89;0;90;0;
6062;5370242;1020215296;18776064;1096335360;0;0;0;0;0;0;0;0;0;0;0;1553;0;0;89;0;90;0;
6063;2884380;1020215296;18776064;1096335360;0;0;0;0;0;0;0;0;0;0;0;2515;0;0;89;0;90;0;
6064;1644424;1020215296;18776064;1096335360;0;0;0;0;0;0;0;0;0;0;0;2014;0;0;89;0;90;0;
6065;2431711;1020276736;18771968;1096331264;0;0;0;0;0;0;0;0;0;0;0;1653;0;0;89;0;90;0;
6066;2533661;1020276736;18771968;1096331264;0;0;0;0;0;0;0;0;0;0;0;1923;0;0;89;0;90;0;
6067;2042240;1020276736;18771968;1096331264;0;0;0;0;0;0;0;0;0;0;0;1713;0;0;89;0;90;0;
6068;2243016;1020276736;18771968;1096331264;0;0;0;0;0;0;0;0;0;0;0;1983;0;0;89;0;90;0;
6069;5944819;1020276736;18771968;1096331264;0;0;0;0;0;0;0;0;0;0;0;1603;0;0;89;0;90;0;
6070;3941011;1020276736;18771968;1096331264;0;0;0;0;0;0;0;0;0;0;0;2645;0;0;89;0;90;0;
6071;2691758;1020276736;18771968;1096331264;0;0;0;0;0;0;0;0;0;0;0;2194;0;0;89;0;90;0;
6072;3133958;1020276736;18771968;1096331264;0;0;0;0;0;0;0;0;0;0;0;2083;0;0;89;0;90;0;
6073;2502594;1020276736;18771968;1096331264;0;0;0;0;0;0;0;0;0;0;0;1863;0;0;89;0;90;0;
6074;2846157;1020276736;18771968;1096331264;0;0;0;0;0;0;0;0;0;0;0;1633;0;0;89;0;90;0;
6075;2362250;1020276736;18771968;1096331264;0;0;0;0;0;0;0;0;0;0;0;1824;0;0;89;0;90;0;
6076;7067654;1020276736;18771968;1096331264;0;0;0;0;0;0;0;0;0;0;0;1623;0;0;89;0;90;0;
6077;4256101;1020276736;18771968;1096331264;0;0;0;0;0;0;0;0;0;0;0;2955;0;0;89;0;90;0;
6078;3036054;1020276736;18771968;1096331264;0;0;0;0;0;0;0;0;0;0;0;1934;0;0;89;0;90;0;
6079;2455625;1020276736;18771968;1096331264;0;0;0;0;0;0;0;0;0;0;0;1984;0;0;89;0;90;0;
6080;2113013;1020276736;18771968;1096331264;0;0;0;0;0;0;0;0;0;0;0;1834;0;0;89;0;90;0;
6081;2834877;1020276736;18771968;1096331264;0;0;0;0;0;0;0;0;0;0;0;1753;0;0;89;0;90;0;
6082;2419918;1020276736;18771968;1096331264;0;0;0;0;0;0;0;0;0;0;0;1954;0;0;89;0;90;0;
6083;5553424;1020276736;18771968;1096331264;0;0;0;0;0;0;0;0;0;0;0;1613;0;0;89;0;90;0;
6084;4853352;1020276736;18771968;1096331264;0;0;0;0;0;0;0;0;0;0;0;3266;0;0;89;0;90;0;
6085;2804179;1020276736;18771968;1096331264;0;0;0;0;0;0;0;0;0;0;0;3276;0;0;89;0;90;0;
6086;2699643;1020276736;18771968;1096331264;0;0;0;0;0;0;0;0;0;0;0;2024;0;0;89;0;90;0;
6087;2061296;1020276736;18771968;1096331264;0;0;0;0;0;0;0;0;0;0;0;1443;0;0;89;0;90;0;
6088;3853096;1020276736;18771968;1096331264;0;0;0;0;0;0;0;0;0;0;0;1683;0;0;89;0;90;0;
6089;1522516;1020276736;18771968;1096331264;0;0;0;0;0;0;0;0;0;0;0;1412;0;0;89;0;90;0;
6090;5333172;1020276736;18771968;1096331264;0;0;0;0;0;0;0;0;0;0;0;1493;0;0;89;0;90;0;
6091;5433721;1020276736;18771968;1096331264;0;0;0;0;0;0;0;0;0;0;0;3466;0;0;89;0;90;0;
6092;2824156;1020276736;18771968;1096331264;0;0;0;0;0;0;0;0;0;0;0;2265;0;0;89;0;90;0;
6093;1832106;1020276736;18771968;1096331264;0;0;0;0;0;0;0;0;0;0;0;1553;0;0;89;0;90;0;
6094;1011116;1020276736;18771968;1096331264;0;0;0;0;0;0;0;0;0;0;0;1743;0;0;89;0;90;0;
6095;3241168;1020276736;18771968;1096331264;0;0;0;0;0;0;0;0;0;0;0;1423;0;0;89;0;90;0;
6096;2697108;1020276736;18771968;1096331264;0;0;0;0;0;0;0;0;0;0;0;1533;0;0;89;0;90;0;
6097;5739424;1020276736;18771968;1096331264;0;0;0;0;0;0;0;0;0;0;0;1563;0;0;89;0;90;0;
6098;4022043;1020276736;18771968;1096331264;0;0;0;0;0;0;0;0;0;0;0;2354;0;0;89;0;90;0;
6099;2099607;1020276736;18771968;1096331264;0;0;0;0;0;0;0;0;0;0;0;1573;0;0;89;0;90;0;
6100;2665318;1020276736;18771968;1096331264;0;0;0;0;0;0;0;0;0;0;0;1262;0;0;89;0;90;0;
6101;2512262;1020276736;18771968;1096331264;0;0;0;0;0;0;0;0;0;0;0;1543;0;0;89;0;90;0;
6102;2661752;1020276736;18771968;1096331264;0;0;0;0;0;0;0;0;0;0;0;1442;0;0;89;0;90;0;
6103;2131868;1020276736;18771968;1096331264;0;0;0;0;0;0;0;0;0;0;0;1633;0;0;89;0;90;0;
6104;5108139;1020276736;18771968;1096331264;0;0;0;0;0;0;0;0;0;0;0;2024;0;0;89;0;90;0;
6105;4104568;1020276736;18771968;1096331264;0;0;0;0;0;0;0;0;0;0;0;2895;0;0;89;0;90;0;
6106;2816381;1020276736;18771968;1096331264;0;0;0;0;0;0;0;0;0;0;0;2074;0;0;89;0;90;0;
6107;1977399;1020276736;18771968;1096331264;0;0;0;0;0;0;0;0;0;0;0;1463;0;0;89;0;90;0;
6108;2058500;1020276736;18771968;1096331264;0;0;0;0;0;0;0;0;0;0;0;1833;0;0;89;0;90;0;
6109;3606964;1020276736;18771968;1096331264;0;0;0;0;0;0;0;0;0;0;0;1844;0;0;89;0;90;0;
6110;2389111;1020276736;18771968;1096331264;0;0;0;0;0;0;0;0;0;0;0;1874;0;0;89;0;90;0;
6111;4744117;1020276736;18771968;1096331264;0;0;0;0;0;0;0;0;0;0;0;1883;0;0;89;0;90;0;
6112;3815966;1020276736;18771968;1096331264;0;0;0;0;0;0;0;0;0;0;0;2535;0;0;89;0;90;0;
6113;2843944;1020276736;18771968;1096331264;0;0;0;0;0;0;0;0;0;0;0;2144;0;0;89;0;90;0;
6114;2031099;1020276736;18771968;1096331264;0;0;0;0;0;0;0;0;0;0;0;1552;0;0;89;0;90;0;
6115;2538590;1020276736;18771968;1096331264;0;0;0;0;0;0;0;0;0;0;0;1533;0;0;89;0;90;0;
6116;985989;1020276736;18771968;1096331264;0;0;0;0;0;0;0;0;0;0;0;1823;0;0;89;0;90;0;
6117;4612300;1020276736;18771968;1096331264;0;0;0;0;0;0;0;0;0;0;0;1703;0;0;89;0;90;0;
6118;4408818;1020276736;18776064;1096335360;0;0;0;0;0;0;0;0;0;0;0;2245;0;0;89;0;90;0;
6119;2621376;1020276736;18776064;1096335360;0;0;0;0;0;0;0;0;0;0;0;1433;0;0;89;0;90;0;
6120;2093035;1020276736;18776064;1096335360;0;0;0;0;0;0;0;0;0;0;0;1904;0;0;89;0;90;0;
6121;3579914;1020276736;18776064;1096335360;0;0;0;0;0;0;0;0;0;0;0;1723;0;0;89;0;90;0;
6122;1974923;1020276736;18776064;1096335360;0;0;0;0;0;0;0;0;0;0;0;2004;0;0;89;0;90;0;
6123;5075678;1020276736;18776064;1096335360;0;0;0;0;0;0;0;0;0;0;0;1654;0;0;89;0;90;0;
6124;3946772;1020276736;18776064;1096335360;0;0;0;0;0;0;0;0;0;0;0;2855;0;0;89;0;90;0;
6125;2813416;1015119872;13299712;1090859008;0;0;0;0;0;0;0;0;0;0;0;2044;0;0;89;0;90;0;
6126;1968903;1015119872;13299712;1090859008;0;0;0;0;0;0;0;0;0;0;0;1814;0;0;89;0;90;0;
6127;2577374;1015119872;13299712;1090859008;0;0;0;0;0;0;0;0;0;0;0;1563;0;0;89;0;90;0;
6128;1972439;1015119872;13299712;1090859008;0;0;0;0;0;0;0;0;0;0;0;1713;0;0;89;0;90;0;
6129;4941117;1015119872;13299712;1090859008;0;0;0;0;0;0;0;0;0;0;0;1884;0;0;89;0;90;0;
6130;3574915;1015119872;13299712;1090859008;0;0;0;0;0;0;0;0;0;0;0;2775;0;0;89;0;90;0;
6131;3518659;1015119872;13299712;1090859008;0;0;0;0;0;0;0;0;0;0;0;2014;0;0;89;0;90;0;
6132;1561378;1015119872;13299712;1090859008;0;0;0;0;0;0;0;0;0;0;0;1262;0;0;89;0;90;0;
6133;2211056;1015119872;13299712;1090859008;0;0;0;0;0;0;0;0;0;0;0;1232;0;0;89;0;90;0;
6134;2873660;1015119872;13299712;1090859008;0;0;0;0;0;0;0;0;0;0;0;1633;0;0;89;0;90;0;
6135;5497780;1015119872;13299712;1090859008;0;0;0;0;0;0;0;0;0;0;0;1442;0;0;89;0;90;0;
6136;5574465;1015119872;13299712;1090859008;0;0;0;0;0;0;0;0;0;0;0;2986;0;0;89;0;90;0;
6137;4702109;1015119872;13299712;1090859008;0;0;0;0;0;0;0;0;0;0;0;2053;0;0;89;0;90;0;
6138;3160968;1015119872;13299712;1090859008;0;0;0;0;0;0;0;0;0;0;0;2024;0;0;89;0;90;0;
6139;3396239;1015119872;13299712;1090859008;0;0;0;0;0;0;0;0;0;0;0;1663;0;0;89;0;90;0;
6140;2761138;1015119872;13299712;1090859008;0;0;0;0;0;0;0;0;0;0;0;1774;0;0;89;0;90;0;
6141;5809725;1015119872;13299712;1090859008;0;0;0;0;0;0;0;0;0;0;0;1522;0;0;89;0;90;0;
6142;4570452;1015119872;13299712;1090859008;0;0;0;0;0;0;0;0;0;0;0;2805;0;0;89;0;90;0;
6143;3095726;1015119872;13299712;1090859008;0;0;0;0;0;0;0;0;0;0;0;2013;0;0;89;0;90;0;
6144;2953589;1015119872;13299712;1090859008;0;0;0;0;0;0;0;0;0;0;0;1854;0;0;89;0;90;0;
6145;4188845;1015119872;13299712;1090859008;0;0;0;0;0;0;0;0;0;0;0;1714;0;0;89;0;90;0;
6146;3417910;1015119872;13299712;1090859008;0;0;0;0;0;0;0;0;0;0;0;2364;0;0;89;0;90;0;
6147;4227768;1015119872;13299712;1090859008;0;0;0;0;0;0;0;0;0;0;0;1643;0;0;89;0;90;0;
6148;2498837;1015119872;13299712;1090859008;0;0;0;0;0;0;0;0;0;0;0;2465;0;0;89;0;90;0;
6149;1530299;1015119872;13299712;1090859008;0;0;0;0;0;0;0;0;0;0;0;1583;0;0;89;0;90;0;
6150;859732;1015119872;13299712;1090859008;0;0;0;0;0;0;0;0;0;0;0;111579;0;0;89;0;90;0;
6151;2425178;1015119872;13299712;1090859008;0;0;0;0;0;0;0;0;0;0;0;1793;0;0;89;0;90;0;
6152;2026541;1015119872;13299712;1090859008;0;0;0;0;0;0;0;0;0;0;0;1643;0;0;89;0;90;0;
6153;5799657;1015119872;13299712;1090859008;0;0;0;0;0;0;0;0;0;0;0;1593;0;0;89;0;90;0;
6154;2642776;1015119872;13299712;1090859008;0;0;0;0;0;0;0;0;0;0;0;2124;0;0;89;0;90;0;
6155;2877767;1015119872;13299712;1090859008;0;0;0;0;0;0;0;0;0;0;0;1403;0;0;89;0;90;0;
6156;1282695;1015119872;13299712;1090859008;0;0;0;0;0;0;0;0;0;0;0;1613;0;0;89;0;90;0;
6157;2454273;1015119872;13299712;1090859008;0;0;0;0;0;0;0;0;0;0;0;1473;0;0;89;0;90;0;
6158;2250311;1015119872;13299712;1090859008;0;0;0;0;0;0;0;0;0;0;0;1673;0;0;89;0;90;0;
6159;5939880;1015119872;13299712;1090859008;0;0;0;0;0;0;0;0;0;0;0;1743;0;0;89;0;90;0;
6160;2227608;1015119872;13299712;1090859008;0;0;0;0;0;0;0;0;0;0;0;1834;0;0;89;0;90;0;
6161;2229090;1015119872;13299712;1090859008;0;0;0;0;0;0;0;0;0;0;0;1693;0;0;89;0;90;0;
6162;1645807;1015119872;13299712;1090859008;0;0;0;0;0;0;0;0;0;0;0;1613;0;0;89;0;90;0;
6163;2317275;1015119872;13299712;1090859008;0;0;0;0;0;0;0;0;0;0;0;1653;0;0;89;0;90;0;
6164;1920392;1015119872;13299712;1090859008;0;0;0;0;0;0;0;0;0;0;0;1733;0;0;89;0;90;0;
6165;5047847;1015119872;13299712;1090859008;0;0;0;0;0;0;0;0;0;0;0;1533;0;0;89;0;90;0;
6166;1965576;1015119872;13299712;1090859008;0;0;0;0;0;0;0;0;0;0;0;1613;0;0;89;0;90;0;
6167;2121789;1015119872;13299712;1090859008;0;0;0;0;0;0;0;0;0;0;0;1653;0;0;89;0;90;0;
6168;1990022;1015119872;13299712;1090859008;0;0;0;0;0;0;0;0;0;0;0;1783;0;0;89;0;90;0;
6169;2387668;1015119872;13299712;1090859008;0;0;0;0;0;0;0;0;0;0;0;1763;0;0;89;0;90;0;
6170;1587066;1015119872;13299712;1090859008;0;0;0;0;0;0;0;0;0;0;0;1643;0;0;89;0;90;0;
6171;4740210;1015119872;13299712;1090859008;0;0;0;0;0;0;0;0;0;0;0;1412;0;0;89;0;90;0;
6172;4518193;1015119872;13299712;1090859008;0;0;0;0;0;0;0;0;0;0;0;2495;0;0;89;0;90;0;
6173;2030999;1015119872;13299712;1090859008;0;0;0;0;0;0;0;0;0;0;0;1463;0;0;89;0;90;0;
6174;1575034;1015119872;13299712;1090859008;0;0;0;0;0;0;0;0;0;0;0;1262;0;0;89;0;90;0;
6175;3439420;1015119872;13299712;1090859008;0;0;0;0;0;0;0;0;0;0;0;1673;0;0;89;0;90;0;
6176;1735795;1015119872;13299712;1090859008;0;0;0;0;0;0;0;0;0;0;0;1613;0;0;89;0;90;0;
6177;5978832;1015119872;13299712;1090859008;0;0;0;0;0;0;0;0;0;0;0;1443;0;0;89;0;90;0;
6178;4022774;1015119872;13299712;1090859008;0;0;0;0;0;0;0;0;0;0;0;1743;0;0;89;0;90;0;
6179;2700134;1015119872;13299712;1090859008;0;0;0;0;0;0;0;0;0;0;0;1694;0;0;89;0;90;0;
6180;1656707;1015119872;13299712;1090859008;0;0;0;0;0;0;0;0;0;0;0;1523;0;0;89;0;90;0;
6181;2610706;1015119872;13299712;1090859008;0;0;0;0;0;0;0;0;0;0;0;1453;0;0;89;0;90;0;
6182;2096262;1015119872;13299712;1090859008;0;0;0;0;0;0;0;0;0;0;0;1493;0;0;89;0;90;0;
6183;6614184;1015119872;13299712;1090859008;0;0;0;0;0;0;0;0;0;0;0;1513;0;0;89;0;90;0;
6184;8176574;1015119872;13299712;1090859008;0;0;0;0;0;0;0;0;0;0;0;6032;0;0;89;0;90;0;
6185;6823808;1015119872;13299712;1090859008;0;0;0;0;0;0;0;0;0;0;0;5661;0;0;89;0;90;0;
6186;1377283;1015119872;13299712;1090859008;0;0;0;0;0;0;0;0;0;0;0;2996;0;0;89;0;90;0;
6187;2806232;1015119872;13299712;1090859008;0;0;0;0;0;0;0;0;0;0;0;1523;0;0;89;0;90;0;
6188;4094669;1015119872;13299712;1090859008;0;0;0;0;0;0;0;0;0;0;0;3767;0;0;89;0;90;0;
6189;6930788;1015119872;13299712;1090859008;0;0;0;0;0;0;0;0;0;0;0;3056;0;0;89;0;90;0;
6190;8880544;1015119872;13299712;1090859008;0;0;0;0;0;0;0;0;0;0;0;3597;0;0;89;0;90;0;
6191;4999245;1015119872;13299712;1090859008;0;0;0;0;0;0;0;0;0;0;0;2554;0;0;89;0;90;0;
6192;2175650;1015119872;13299712;1090859008;0;0;0;0;0;0;0;0;0;0;0;1944;0;0;89;0;90;0;
6193;5048247;1015119872;13299712;1090859008;0;0;0;0;0;0;0;0;0;0;0;2925;0;0;89;0;90;0;
6194;5491388;1015119872;13299712;1090859008;0;0;0;0;0;0;0;0;0;0;0;3226;0;0;89;0;90;0;
6195;8700838;1015119872;13299712;1090859008;0;0;0;0;0;0;0;0;0;0;0;3547;0;0;89;0;90;0;
6196;6200078;1015119872;13299712;1090859008;0;0;0;0;0;0;0;0;0;0;0;2845;0;0;89;0;90;0;
6197;7943146;1015119872;13299712;1090859008;0;0;0;0;0;0;0;0;0;0;0;1884;0;0;89;0;90;0;
6198;1047645;1015119872;13299712;1090859008;0;0;0;0;0;0;0;0;0;0;0;2224;0;0;89;0;90;0;
6199;5058617;1015119872;13299712;1090859008;0;0;0;0;0;0;0;0;0;0;0;1563;0;0;89;0;90;0;
6200;2212189;1015119872;13299712;1090859008;0;0;0;0;0;0;0;0;0;0;0;2425;0;0;89;0;90;0;
6201;5189292;1015119872;13299712;1090859008;0;0;0;0;0;0;0;0;0;0;0;1983;0;0;89;0;90;0;
6202;3987648;1015119872;13299712;1090859008;0;0;0;0;0;0;0;0;0;0;0;3016;0;0;89;0;90;0;
6203;3646038;1015119872;13299712;1090859008;0;0;0;0;0;0;0;0;0;0;0;2515;0;0;89;0;90;0;
6204;2064191;1015119872;13299712;1090859008;0;0;0;0;0;0;0;0;0;0;0;2113;0;0;89;0;90;0;
6205;3754541;1015119872;13299712;1090859008;0;0;0;0;0;0;0;0;0;0;0;2064;0;0;89;0;90;0;
6206;2750758;1015119872;13299712;1090859008;0;0;0;0;0;0;0;0;0;0;0;2855;0;0;89;0;90;0;
6207;5502039;1015119872;13299712;1090859008;0;0;0;0;0;0;0;0;0;0;0;1924;0;0;89;0;90;0;
6208;7372176;1015119872;13299712;1090859008;0;0;0;0;0;0;0;0;0;0;0;5871;0;0;89;0;90;0;
6209;4414138;1015119872;13299712;1090859008;0;0;0;0;0;0;0;0;0;0;0;2796;0;0;89;0;90;0;
6210;3025875;1015119872;13299712;1090859008;0;0;0;0;0;0;0;0;0;0;0;2685;0;0;89;0;90;0;
6211;3405977;1015119872;13299712;1090859008;0;0;0;0;0;0;0;0;0;0;0;2154;0;0;89;0;90;0;
6212;3210801;1015119872;13299712;1090859008;0;0;0;0;0;0;0;0;0;0;0;3005;0;0;89;0;90;0;
6213;7270154;1015119872;13299712;1090859008;0;0;0;0;0;0;0;0;0;0;0;1984;0;0;89;0;90;0;
6214;3457133;1015119872;13299712;1090859008;0;0;0;0;0;0;0;0;0;0;0;3146;0;0;89;0;90;0;
6215;3807701;1015119872;13299712;1090859008;0;0;0;0;0;0;0;0;0;0;0;2044;0;0;89;0;90;0;
6216;3105064;1015119872;13299712;1090859008;0;0;0;0;0;0;0;0;0;0;0;2494;0;0;89;0;90;0;
6217;4103325;1015119872;13299712;1090859008;0;0;0;0;0;0;0;0;0;0;0;3507;0;0;89;0;90;0;
6218;1905925;1015119872;13299712;1090859008;0;0;0;0;0;0;0;0;0;0;0;2174;0;0;89;0;90;0;
6219;6035640;1015119872;13299712;1090859008;0;0;0;0;0;0;0;0;0;0;0;2405;0;0;89;0;90;0;
6220;5071802;1015119872;13299712;1090859008;0;0;0;0;0;0;0;0;0;0;0;3296;0;0;89;0;90;0;
6221;3027889;1015119872;13299712;1090859008;0;0;0;0;0;0;0;0;0;0;0;2926;0;0;89;0;90;0;
6222;2289113;1015119872;13299712;1090859008;0;0;0;0;0;0;0;0;0;0;0;2384;0;0;89;0;90;0;
6223;2886182;1015119872;13299712;1090859008;0;0;0;0;0;0;0;0;0;0;0;1823;0;0;89;0;90;0;
6224;1832727;1015119872;13299712;1090859008;0;0;0;0;0;0;0;0;0;0;0;2114;0;0;89;0;90;0;
6225;7393976;1015119872;13299712;1090859008;0;0;0;0;0;0;0;0;0;0;0;2134;0;0;89;0;90;0;
6226;4493287;1015119872;13299712;1090859008;0;0;0;0;0;0;0;0;0;0;0;2966;0;0;89;0;90;0;
6227;4500410;1015119872;13299712;1090859008;0;0;0;0;0;0;0;0;0;0;0;3056;0;0;89;0;90;0;
6228;3564595;1015119872;13299712;1090859008;0;0;0;0;0;0;0;0;0;0;0;2946;0;0;89;0;90;0;
6229;3513930;1015119872;13299712;1090859008;0;0;0;0;0;0;0;0;0;0;0;2715;0;0;89;0;90;0;
6230;3333802;1015119872;13299712;1090859008;0;0;0;0;0;0;0;0;0;0;0;2825;0;0;89;0;90;0;
6231;6137380;1015119872;13299712;1090859008;0;0;0;0;0;0;0;0;0;0;0;2965;0;0;89;0;90;0;
6232;3470077;1015119872;13299712;1090859008;0;0;0;0;0;0;0;0;0;0;0;2875;0;0;89;0;90;0;
6233;5392914;1015119872;13299712;1090859008;0;0;0;0;0;0;0;0;0;0;0;2525;0;0;89;0;90;0;
6234;4574819;1015119872;13299712;1090859008;0;0;0;0;0;0;0;0;0;0;0;3286;0;0;89;0;90;0;
6235;5615020;1015119872;13299712;1090859008;0;0;0;0;0;0;0;0;0;0;0;2735;0;0;89;0;90;0;
6236;4506922;1015119872;13299712;1090859008;0;0;0;0;0;0;0;0;0;0;0;3396;0;0;89;0;90;0;
6237;6274768;1015119872;13299712;1090859008;0;0;0;0;0;0;0;0;0;0;0;2014;0;0;89;0;90;0;
6238;4373142;1015119872;13299712;1090859008;0;0;0;0;0;0;0;0;0;0;0;3166;0;0;89;0;90;0;
6239;1948304;1015119872;13299712;1090859008;0;0;0;0;0;0;0;0;0;0;0;1703;0;0;89;0;90;0;
6240;1044339;1015119872;13299712;1090859008;0;0;0;0;0;0;0;0;0;0;0;2093;0;0;89;0;90;0;
6241;2860715;1015119872;13299712;1090859008;0;0;0;0;0;0;0;0;0;0;0;1643;0;0;89;0;90;0;
6242;3316990;1015119872;13299712;1090859008;0;0;0;0;0;0;0;0;0;0;0;2575;0;0;89;0;90;0;
6243;7731589;1015119872;13299712;1090859008;0;0;0;0;0;0;0;0;0;0;0;2585;0;0;89;0;90;0;
6244;4169279;1015119872;13299712;1090859008;0;0;0;0;0;0;0;0;0;0;0;2715;0;0;89;0;90;0;
6245;2759425;1015119872;13299712;1090859008;0;0;0;0;0;0;0;0;0;0;0;2345;0;0;89;0;90;0;
6246;2902353;1015119872;13299712;1090859008;0;0;0;0;0;0;0;0;0;0;0;2625;0;0;89;0;90;0;
6247;2746010;1015119872;13299712;1090859008;0;0;0;0;0;0;0;0;0;0;0;2104;0;0;89;0;90;0;
6248;2332164;1015119872;13299712;1090859008;0;0;0;0;0;0;0;0;0;0;0;2405;0;0;89;0;90;0;
6249;6634092;1015119872;13299712;1090859008;0;0;0;0;0;0;0;0;0;0;0;2845;0;0;89;0;90;0;
6250;5887181;1015119872;13299712;1090859008;0;0;0;0;0;0;0;0;0;0;0;2835;0;0;89;0;90;0;
6251;4109417;1015119872;13299712;1090859008;0;0;0;0;0;0;0;0;0;0;0;2625;0;0;89;0;90;0;
6252;4990259;1015119872;13299712;1090859008;0;0;0;0;0;0;0;0;0;0;0;3176;0;0;89;0;90;0;
6253;3177058;1015119872;13299712;1090859008;0;0;0;0;0;0;0;0;0;0;0;2124;0;0;89;0;90;0;
6254;3309687;1015119872;13299712;1090859008;0;0;0;0;0;0;0;0;0;0;0;2615;0;0;89;0;90;0;
6255;7566119;1015119872;13299712;1090859008;0;0;0;0;0;0;0;0;0;0;0;3316;0;0;89;0;90;0;
6256;6693553;1015119872;13299712;1090859008;0;0;0;0;0;0;0;0;0;0;0;3096;0;0;89;0;90;0;
6257;3710489;1015119872;13299712;1090859008;0;0;0;0;0;0;0;0;0;0;0;3196;0;0;89;0;90;0;
6258;2440196;1015119872;13299712;1090859008;0;0;0;0;0;0;0;0;0;0;0;2294;0;0;89;0;90;0;
6259;3265454;1015119872;13299712;1090859008;0;0;0;0;0;0;0;0;0;0;0;2525;0;0;89;0;90;0;
6260;2418886;1015119872;13299712;1090859008;0;0;0;0;0;0;0;0;0;0;0;2374;0;0;89;0;90;0;
6261;5667319;1015119872;13299712;1090859008;0;0;0;0;0;0;0;0;0;0;0;2244;0;0;89;0;90;0;
6262;4893998;1015119872;13299712;1090859008;0;0;0;0;0;0;0;0;0;0;0;3657;0;0;89;0;90;0;
6263;4244571;1015119872;13299712;1090859008;0;0;0;0;0;0;0;0;0;0;0;2786;0;0;89;0;90;0;
6264;3859168;1015119872;13299712;1090859008;0;0;0;0;0;0;0;0;0;0;0;3106;0;0;89;0;90;0;
6265;3789427;1015119872;13299712;1090859008;0;0;0;0;0;0;0;0;0;0;0;2074;0;0;89;0;90;0;
6266;2689174;1015119872;13299712;1090859008;0;0;0;0;0;0;0;0;0;0;0;3207;0;0;89;0;90;0;
6267;6903827;1015119872;13299712;1090859008;0;0;0;0;0;0;0;0;0;0;0;3025;0;0;89;0;90;0;
6268;4576022;1015119872;13299712;1090859008;0;0;0;0;0;0;0;0;0;0;0;3216;0;0;89;0;90;0;
6269;4471646;1015119872;13299712;1090859008;0;0;0;0;0;0;0;0;0;0;0;2705;0;0;89;0;90;0;
6270;2465243;1015119872;13299712;1090859008;0;0;0;0;0;0;0;0;0;0;0;2354;0;0;89;0;90;0;
6271;4873419;1015119872;13299712;1090859008;0;0;0;0;0;0;0;0;0;0;0;2805;0;0;89;0;90;0;
6272;1937784;1015119872;13299712;1090859008;0;0;0;0;0;0;0;0;0;0;0;2064;0;0;89;0;90;0;
6273;6271832;1015119872;13299712;1090859008;0;0;0;0;0;0;0;0;0;0;0;2044;0;0;89;0;90;0;
6274;3234115;1015119872;13299712;1090859008;0;0;0;0;0;0;0;0;0;0;0;3256;0;0;89;0;90;0;
6275;3225118;1015119872;13299712;1090859008;0;0;0;0;0;0;0;0;0;0;0;2665;0;0;89;0;90;0;
6276;3106536;1015119872;13299712;1090859008;0;0;0;0;0;0;0;0;0;0;0;3376;0;0;89;0;91;0;
6277;4116650;1015119872;13299712;1090859008;0;0;0;0;0;0;0;0;0;0;0;3417;0;0;89;0;91;0;
6278;2851377;1015119872;13299712;1090859008;0;0;0;0;0;0;0;0;0;0;0;4188;0;0;89;0;91;0;
6279;7698438;1015119872;13299712;1090859008;0;0;0;0;0;0;0;0;0;0;0;2404;0;0;89;0;91;0;
6280;4188104;1015119872;13299712;1090859008;0;0;0;0;0;0;0;0;0;0;0;3396;0;0;89;0;91;0;
6281;5141532;1015119872;13299712;1090859008;0;0;0;0;0;0;0;0;0;0;0;3868;0;0;89;0;91;0;
6282;2909617;1015119872;13299712;1090859008;0;0;0;0;0;0;0;0;0;0;0;2385;0;0;89;0;91;0;
6283;3637592;1015119872;13299712;1090859008;0;0;0;0;0;0;0;0;0;0;0;2565;0;0;89;0;91;0;
6284;3776031;1015119872;13299712;1090859008;0;0;0;0;0;0;0;0;0;0;0;3297;0;0;89;0;93;0;
6285;7237342;1015119872;13299712;1090859008;0;0;0;0;0;0;0;0;0;0;0;2725;0;0;89;0;93;0;
6286;6101202;1015119872;13299712;1090859008;0;0;0;0;0;0;0;0;0;0;0;2806;0;0;89;0;93;0;
6287;4203343;1015119872;13299712;1090859008;0;0;0;0;0;0;0;0;0;0;0;2435;0;0;89;0;93;0;
6288;3164535;1015119872;13299712;1090859008;0;0;0;0;0;0;0;0;0;0;0;2635;0;0;89;0;93;0;
6289;4745249;1015119872;13299712;1090859008;0;0;0;0;0;0;0;0;0;0;0;2955;0;0;89;0;93;0;
6290;2304342;1015119872;13299712;1090859008;0;0;0;0;0;0;0;0;0;0;0;2705;0;0;89;0;93;0;
6291;5632573;1015119872;13299712;1090859008;0;0;0;0;0;0;0;0;0;0;0;2414;0;0;89;0;93;0;
6292;4393670;1015119872;13299712;1090859008;0;0;0;0;0;0;0;0;0;0;0;2865;0;0;89;0;93;0;
6293;4568006;1015119872;13299712;1090859008;0;0;0;0;0;0;0;0;0;0;0;318317;0;0;89;0;93;0;
6294;2320902;1015119872;13299712;1090859008;0;0;0;0;0;0;0;0;0;0;0;2535;0;0;89;0;93;0;
6295;4219703;1015119872;13299712;1090859008;0;0;0;0;0;0;0;0;0;0;0;2525;0;0;89;0;93;0;
6296;3592357;1015119872;13299712;1090859008;0;0;0;0;0;0;0;0;0;0;0;2775;0;0;89;0;93;0;
6297;6481025;1015119872;13299712;1090859008;0;0;0;0;0;0;0;0;0;0;0;2695;0;0;89;0;93;0;
6298;5704969;1015119872;13299712;1090859008;0;0;0;0;0;0;0;0;0;0;0;2585;0;0;89;0;93;0;
6299;2821040;1015119872;13299712;1090859008;0;0;0;0;0;0;0;0;0;0;0;2265;0;0;89;0;93;0;
6300;2307347;1015119872;13299712;1090859008;0;0;0;0;0;0;0;0;0;0;0;2625;0;0;89;0;93;0;
6301;3776181;1015119872;13299712;1090859008;0;0;0;0;0;0;0;0;0;0;0;3025;0;0;89;0;93;0;
6302;4529344;1015119872;13299712;1090859008;0;0;0;0;0;0;0;0;0;0;0;3647;0;0;89;0;93;0;
6303;6788150;1015119872;13299712;1090859008;0;0;0;0;0;0;0;0;0;0;0;2585;0;0;89;0;93;0;
6304;5750715;1015119872;13299712;1090859008;0;0;0;0;0;0;0;0;0;0;0;2975;0;0;89;0;93;0;
6305;2948590;1015119872;13299712;1090859008;0;0;0;0;0;0;0;0;0;0;0;2364;0;0;89;0;93;0;
6306;1485416;1015119872;13299712;1090859008;0;0;0;0;0;0;0;0;0;0;0;2615;0;0;89;0;94;0;
6307;2978536;1015119872;13299712;1090859008;0;0;0;0;0;0;0;0;0;0;0;1914;0;0;89;0;94;0;
6308;2349195;1015119872;13299712;1090859008;0;0;0;0;0;0;0;0;0;0;0;2234;0;0;89;0;94;0;
6309;6339169;1015119872;13299712;1090859008;0;0;0;0;0;0;0;0;0;0;0;2565;0;0;89;0;94;0;
6310;4661652;1015119872;13299712;1090859008;0;0;0;0;0;0;0;0;0;0;0;4899;0;0;89;0;94;0;
6311;5141282;1015119872;13299712;1090859008;0;0;0;0;0;0;0;0;0;0;0;2344;0;0;89;0;94;0;
6312;2630564;1015119872;13299712;1090859008;0;0;0;0;0;0;0;0;0;0;0;2434;0;0;89;0;94;0;
6313;3110183;1015119872;13299712;1090859008;0;0;0;0;0;0;0;0;0;0;0;1803;0;0;89;0;94;0;
6314;2344136;1015119872;13299712;1090859008;0;0;0;0;0;0;0;0;0;0;0;3356;0;0;89;0;94;0;
6315;8671662;1015119872;13299712;1090859008;0;0;0;0;0;0;0;0;0;0;0;3908;0;0;89;0;95;0;
6316;5173833;1015119872;13299712;1090859008;0;0;0;0;0;0;0;0;0;0;0;2926;0;0;89;0;95;0;
6317;3408823;1015119872;13299712;1090859008;0;0;0;0;0;0;0;0;0;0;0;2394;0;0;89;0;95;0;
6318;3445712;1015119872;13299712;1090859008;0;0;0;0;0;0;0;0;0;0;0;3306;0;0;89;0;97;0;
6319;3900605;1015119872;13299712;1090859008;0;0;0;0;0;0;0;0;0;0;0;2154;0;0;89;0;97;0;
6320;1995953;1015119872;13299712;1090859008;0;0;0;0;0;0;0;0;0;0;0;2154;0;0;89;0;97;0;
6321;8475004;1015119872;13299712;1090859008;0;0;0;0;0;0;0;0;0;0;0;3516;0;0;89;0;97;0;
6322;5357197;1015119872;13299712;1090859008;0;0;0;0;0;0;0;0;0;0;0;3286;0;0;89;0;98;0;
6323;6763825;1015119872;13299712;1090859008;0;0;0;0;0;0;0;0;0;0;0;3497;0;0;89;0;98;0;
6324;2554571;1015119872;13299712;1090859008;0;0;0;0;0;0;0;0;0;0;0;2665;0;0;89;0;98;0;
6325;3676805;1015119872;13299712;1090859008;0;0;0;0;0;0;0;0;0;0;0;2735;0;0;89;0;98;0;
6326;2942769;1015119872;13299712;1090859008;0;0;0;0;0;0;0;0;0;0;0;3206;0;0;89;0;99;0;
6327;6273535;1015119872;13299712;1090859008;0;0;0;0;0;0;0;0;0;0;0;1863;0;0;89;0;99;0;
6328;4029928;1015119872;13299712;1090859008;0;0;0;0;0;0;0;0;0;0;0;3336;0;0;89;0;99;0;
6329;3836144;1015119872;13299712;1090859008;0;0;0;0;0;0;0;0;0;0;0;2855;0;0;89;0;99;0;
6330;4145194;1015119872;13299712;1090859008;0;0;0;0;0;0;0;0;0;0;0;2545;0;0;89;0;99;0;
6331;4298822;1015119872;13299712;1090859008;0;0;0;0;0;0;0;0;0;0;0;2696;0;0;89;0;99;0;
6332;3722151;1015119872;13299712;1090859008;0;0;0;0;0;0;0;0;0;0;0;2955;0;0;89;0;99;0;
6333;5443539;1015119872;13299712;1090859008;0;0;0;0;0;0;0;0;0;0;0;2104;0;0;89;0;99;0;
6334;6723529;1015119872;13299712;1090859008;0;0;0;0;0;0;0;0;0;0;0;6342;0;0;89;0;99;0;
6335;3603809;1015119872;13299712;1090859008;0;0;0;0;0;0;0;0;0;0;0;2485;0;0;89;0;99;0;
6336;1262658;1015119872;13299712;1090859008;0;0;0;0;0;0;0;0;0;0;0;2314;0;0;89;0;99;0;
6337;2169058;1015119872;13299712;1090859008;0;0;0;0;0;0;0;0;0;0;0;1693;0;0;89;0;99;0;
6338;2300705;1015119872;13299712;1090859008;0;0;0;0;0;0;0;0;0;0;0;2605;0;0;89;0;99;0;
6339;6843224;1015119872;13299712;1090859008;0;0;0;0;0;0;0;0;0;0;0;2104;0;0;89;0;99;0;
6340;5182118;1015119872;13299712;1090859008;0;0;0;0;0;0;0;0;0;0;0;2885;0;0;89;0;99;0;
6341;5453999;1015119872;13299712;1090859008;0;0;0;0;0;0;0;0;0;0;0;3146;0;0;89;0;99;0;
6342;11202609;1015119872;13299712;1090859008;0;0;0;0;0;0;0;0;0;0;0;3386;0;0;89;0;99;0;
6343;3238563;1015119872;13299712;1090859008;0;0;0;0;0;0;0;0;0;0;0;2625;0;0;89;0;99;0;
6344;2057779;1015119872;13299712;1090859008;0;0;0;0;0;0;0;0;0;0;0;2354;0;0;89;0;99;0;
6345;7215742;1015119872;13299712;1090859008;0;0;0;0;0;0;0;0;0;0;0;2605;0;0;89;0;99;0;
6346;5856964;1015119872;13299712;1090859008;0;0;0;0;0;0;0;0;0;0;0;3196;0;0;89;0;99;0;
6347;4275007;1015119872;13299712;1090859008;0;0;0;0;0;0;0;0;0;0;0;2485;0;0;89;0;99;0;
6348;3668229;1015119872;13299712;1090859008;0;0;0;0;0;0;0;0;0;0;0;2475;0;0;89;0;99;0;
6349;5210572;1015119872;13299712;1090859008;0;0;0;0;0;0;0;0;0;0;0;3176;0;0;89;0;99;0;
6350;2357020;1015119872;13299712;1090859008;0;0;0;0;0;0;0;0;0;0;0;2505;0;0;89;0;99;0;
6351;6807056;1015119872;13299712;1090859008;0;0;0;0;0;0;0;0;0;0;0;3095;0;0;89;0;100;0;
6352;4392157;1015119872;13299712;1090859008;0;0;0;0;0;0;0;0;0;0;0;2795;0;0;89;0;100;0;
6353;3885447;1015119872;13299712;1090859008;0;0;0;0;0;0;0;0;0;0;0;2565;0;0;89;0;100;0;
6354;3302634;1015119872;13299712;1090859008;0;0;0;0;0;0;0;0;0;0;0;2736;0;0;89;0;100;0;
6355;3574363;1015119872;13299712;1090859008;0;0;0;0;0;0;0;0;0;0;0;2064;0;0;89;0;100;0;
6356;1698937;1015119872;13299712;1090859008;0;0;0;0;0;0;0;0;0;0;0;1513;0;0;89;0;100;0;
6357;6515339;1015119872;13299712;1090859008;0;0;0;0;0;0;0;0;0;0;0;1673;0;0;89;0;100;0;
6358;3332780;1015119872;13299712;1090859008;0;0;0;0;0;0;0;0;0;0;0;4188;0;0;89;0;100;0;
6359;3300270;1015119872;13299712;1090859008;0;0;0;0;0;0;0;0;0;0;0;1503;0;0;89;0;100;0;
6360;2505308;1015119872;13299712;1090859008;0;0;0;0;0;0;0;0;0;0;0;2014;0;0;89;0;100;0;
6361;4243237;1015119872;13299712;1090859008;0;0;0;0;0;0;0;0;0;0;0;1653;0;0;89;0;100;0;
6362;1551028;1015119872;13299712;1090859008;0;0;0;0;0;0;0;0;0;0;0;2484;0;0;89;0;100;0;
6363;4668645;1015119872;13299712;1090859008;0;0;0;0;0;0;0;0;0;0;0;1573;0;0;89;0;100;0;
6364;5584092;1015119872;13299712;1090859008;0;0;0;0;0;0;0;0;0;0;0;2565;0;0;89;0;100;0;
6365;3054368;1015119872;13299712;1090859008;0;0;0;0;0;0;0;0;0;0;0;1714;0;0;89;0;100;0;
6366;1663349;1015119872;13299712;1090859008;0;0;0;0;0;0;0;0;0;0;0;1763;0;0;89;0;100;0;
6367;2878809;1015119872;13299712;1090859008;0;0;0;0;0;0;0;0;0;0;0;1944;0;0;89;0;100;0;
6368;2999405;1015119872;13299712;1090859008;0;0;0;0;0;0;0;0;0;0;0;2585;0;0;89;0;100;0;
6369;4785175;1015119872;13299712;1090859008;0;0;0;0;0;0;0;0;0;0;0;1483;0;0;89;0;100;0;
6370;3577619;1015119872;13299712;1090859008;0;0;0;0;0;0;0;0;0;0;0;2685;0;0;89;0;100;0;
6371;2277151;1015119872;13299712;1090859008;0;0;0;0;0;0;0;0;0;0;0;1543;0;0;89;0;100;0;
6372;1307572;1015119872;13299712;1090859008;0;0;0;0;0;0;0;0;0;0;0;1592;0;0;89;0;100;0;
6373;2600436;1015119872;13299712;1090859008;0;0;0;0;0;0;0;0;0;0;0;1664;0;0;89;0;100;0;
6374;2052880;1015119872;13299712;1090859008;0;0;0;0;0;0;0;0;0;0;0;2014;0;0;89;0;100;0;
6375;4820520;1015119872;13299712;1090859008;0;0;0;0;0;0;0;0;0;0;0;1543;0;0;89;0;100;0;
6376;3614609;1016197120;18776064;1096335360;0;0;0;0;0;0;0;0;0;0;0;2024;0;0;89;0;100;0;
6377;3136542;1018294272;18776064;1096335360;0;0;0;0;0;0;0;0;0;0;0;2144;0;0;89;0;100;0;
6378;1288467;1018294272;18776064;1096335360;0;0;0;0;0;0;0;0;0;0;0;1382;0;0;89;0;100;0;
6379;2147908;1018294272;18776064;1096335360;0;0;0;0;0;0;0;0;0;0;0;1603;0;0;89;0;100;0;
6380;2383831;1018294272;18776064;1096335360;0;0;0;0;0;0;0;0;0;0;0;2124;0;0;89;0;100;0;
6381;6220576;1019371520;18776064;1096335360;0;0;0;0;0;0;0;0;0;0;0;2605;0;0;89;0;100;0;
6382;3935981;1020452864;18776064;1096335360;0;0;0;0;0;0;0;0;0;0;0;2375;0;0;89;0;100;0;
6383;2782108;1020452864;18776064;1096335360;0;0;0;0;0;0;0;0;0;0;0;1763;0;0;89;0;100;0;
6384;875643;1020452864;18776064;1096335360;0;0;0;0;0;0;0;0;0;0;0;1432;0;0;89;0;100;0;
6385;1348308;1020452864;18776064;1096335360;0;0;0;0;0;0;0;0;0;0;0;1463;0;0;89;0;100;0;
6386;1374377;1020452864;18776064;1096335360;0;0;0;0;0;0;0;0;0;0;0;1523;0;0;89;0;100;0;
6387;5911897;1020452864;18776064;1096335360;0;0;0;0;0;0;0;0;0;0;0;1863;0;0;89;0;100;0;
6388;2549311;1020452864;18776064;1096335360;0;0;0;0;0;0;0;0;0;0;0;2945;0;0;89;0;100;0;
6389;2740920;1020452864;18776064;1096335360;0;0;0;0;0;0;0;0;0;0;0;1814;0;0;89;0;100;0;
6390;1922124;1020452864;18776064;1096335360;0;0;0;0;0;0;0;0;0;0;0;2214;0;0;89;0;100;0;
6391;2361429;1020452864;18776064;1096335360;0;0;0;0;0;0;0;0;0;0;0;2114;0;0;89;0;100;0;
6392;1715046;1020452864;18776064;1096335360;0;0;0;0;0;0;0;0;0;0;0;1783;0;0;89;0;100;0;
6393;5187629;1020452864;18776064;1096335360;0;0;0;0;0;0;0;0;0;0;0;1292;0;0;89;0;100;0;
6394;2857900;1020452864;18776064;1096335360;0;0;0;0;0;0;0;0;0;0;0;2354;0;0;89;0;100;0;
6395;2097203;1020452864;18776064;1096335360;0;0;0;0;0;0;0;0;0;0;0;1513;0;0;89;0;100;0;
6396;1775280;1020452864;18776064;1096335360;0;0;0;0;0;0;0;0;0;0;0;1593;0;0;89;0;100;0;
6397;2272061;1020452864;18776064;1096335360;0;0;0;0;0;0;0;0;0;0;0;1573;0;0;89;0;100;0;
6398;2028374;1020452864;18776064;1096335360;0;0;0;0;0;0;0;0;0;0;0;1713;0;0;89;0;100;0;
6399;5728133;1020452864;18776064;1096335360;0;0;0;0;0;0;0;0;0;0;0;2094;0;0;89;0;100;0;
6400;3857444;1020452864;18776064;1096335360;0;0;0;0;0;0;0;0;0;0;0;4499;0;0;89;0;100;0;
6401;4804019;1020452864;18776064;1096335360;0;0;0;0;0;0;0;0;0;0;0;2043;0;0;89;0;100;0;
6402;1782553;1020452864;18776064;1096335360;0;0;0;0;0;0;0;0;0;0;0;2544;0;0;89;0;100;0;
6403;2530125;1020452864;18776064;1096335360;0;0;0;0;0;0;0;0;0;0;0;1533;0;0;89;0;100;0;
6404;1962821;1020452864;18776064;1096335360;0;0;0;0;0;0;0;0;0;0;0;1513;0;0;89;0;100;0;
6405;7068587;1020452864;18776064;1096335360;0;0;0;0;0;0;0;0;0;0;0;1563;0;0;89;0;100;0;
6406;3938826;1020452864;18776064;1096335360;0;0;0;0;0;0;0;0;0;0;0;5110;0;0;89;0;100;0;
6407;3127946;1015119872;13299712;1090859008;0;0;0;0;0;0;0;0;0;0;0;1864;0;0;89;0;100;0;
6408;2381786;1015119872;13299712;1090859008;0;0;0;0;0;0;0;0;0;0;0;1893;0;0;89;0;100;0;
6409;3326268;1015119872;13299712;1090859008;0;0;0;0;0;0;0;0;0;0;0;1933;0;0;89;0;100;0;
6410;1594630;1015119872;13299712;1090859008;0;0;0;0;0;0;0;0;0;0;0;1453;0;0;89;0;100;0;
6411;5714296;1015119872;13299712;1090859008;0;0;0;0;0;0;0;0;0;0;0;1483;0;0;89;0;100;0;
6412;3802151;1015119872;13299712;1090859008;0;0;0;0;0;0;0;0;0;0;0;3106;0;0;89;0;100;0;
6413;2459613;1015119872;13299712;1090859008;0;0;0;0;0;0;0;0;0;0;0;1763;0;0;89;0;100;0;
6414;1590422;1015119872;13299712;1090859008;0;0;0;0;0;0;0;0;0;0;0;1813;0;0;89;0;100;0;
6415;2537488;1015119872;13299712;1090859008;0;0;0;0;0;0;0;0;0;0;0;2134;0;0;89;0;100;0;
6416;2978586;1015119872;13299712;1090859008;0;0;0;0;0;0;0;0;0;0;0;2345;0;0;89;0;100;0;
6417;4849916;1015119872;13299712;1090859008;0;0;0;0;0;0;0;0;0;0;0;2144;0;0;89;0;100;0;
6418;4803288;1015377920;13299712;1090859008;0;0;0;0;0;0;0;0;0;0;0;2755;0;0;89;0;100;0;
6419;2575640;1015377920;13299712;1090859008;0;0;0;0;0;0;0;0;0;0;0;1703;0;0;89;0;100;0;
6420;1739392;1015377920;13299712;1090859008;0;0;0;0;0;0;0;0;0;0;0;1513;0;0;89;0;100;0;
6421;2326614;1015377920;13299712;1090859008;0;0;0;0;0;0;0;0;0;0;0;1703;0;0;89;0;100;0;
6422;1658030;1015377920;13299712;1090859008;0;0;0;0;0;0;0;0;0;0;0;2124;0;0;89;0;100;0;
6423;6591111;1015377920;13299712;1090859008;0;0;0;0;0;0;0;0;0;0;0;1703;0;0;89;0;100;0;
6424;2398478;1016455168;18776064;1096335360;0;0;0;0;0;0;0;0;0;0;0;2305;0;0;89;0;100;0;
6425;4047260;1018552320;18776064;1096335360;0;0;0;0;0;0;0;0;0;0;0;2404;0;0;89;0;100;0;
6426;1700509;1018552320;18776064;1096335360;0;0;0;0;0;0;0;0;0;0;0;2324;0;0;89;0;100;0;
6427;1686703;1018552320;18776064;1096335360;0;0;0;0;0;0;0;0;0;0;0;1422;0;0;89;0;100;0;
6428;1318102;1018552320;18776064;1096335360;0;0;0;0;0;0;0;0;0;0;0;1523;0;0;89;0;100;0;
6429;6067719;1019629568;18776064;1096335360;0;0;0;0;0;0;0;0;0;0;0;1433;0;0;89;0;100;0;
6430;3737480;1019629568;18776064;1096335360;0;0;0;0;0;0;0;0;0;0;0;3156;0;0;89;0;100;0;
6431;2350519;1019629568;18776064;1096335360;0;0;0;0;0;0;0;0;0;0;0;1493;0;0;89;0;100;0;
6432;1765280;1019629568;18776064;1096335360;0;0;0;0;0;0;0;0;0;0;0;1743;0;0;89;0;100;0;
6433;2920627;1019629568;18776064;1096335360;0;0;0;0;0;0;0;0;0;0;0;1984;0;0;89;0;100;0;
6434;3210821;1019629568;18776064;1096335360;0;0;0;0;0;0;0;0;0;0;0;2295;0;0;89;0;100;0;
6435;4942048;1019629568;18776064;1096335360;0;0;0;0;0;0;0;0;0;0;0;1863;0;0;89;0;100;0;
6436;5203468;1019629568;18776064;1096335360;0;0;0;0;0;0;0;0;0;0;0;2796;0;0;89;0;100;0;
6437;2348555;1019629568;18776064;1096335360;0;0;0;0;0;0;0;0;0;0;0;1703;0;0;89;0;100;0;
6438;1693566;1019629568;18776064;1096335360;0;0;0;0;0;0;0;0;0;0;0;1583;0;0;89;0;100;0;
6439;3394105;1019629568;18776064;1096335360;0;0;0;0;0;0;0;0;0;0;0;1693;0;0;89;0;100;0;
6440;2616497;1019629568;18776064;1096335360;0;0;0;0;0;0;0;0;0;0;0;9158;0;0;89;0;100;0;
6441;6382630;1019629568;18776064;1096335360;0;0;0;0;0;0;0;0;0;0;0;1462;0;0;89;0;100;0;
6442;5078745;1019629568;18776064;1096335360;0;0;0;0;0;0;0;0;0;0;0;4598;0;0;89;0;100;0;
6443;2986120;1019629568;18776064;1096335360;0;0;0;0;0;0;0;0;0;0;0;1482;0;0;89;0;100;0;
6444;1705879;1019629568;18776064;1096335360;0;0;0;0;0;0;0;0;0;0;0;1684;0;0;89;0;100;0;
6445;2802135;1019629568;18776064;1096335360;0;0;0;0;0;0;0;0;0;0;0;1573;0;0;89;0;100;0;
6446;2530746;1019629568;18776064;1096335360;0;0;0;0;0;0;0;0;0;0;0;1664;0;0;89;0;100;0;
6447;6503687;1019629568;18776064;1096335360;0;0;0;0;0;0;0;0;0;0;0;1964;0;0;89;0;100;0;
6448;3305990;1019629568;18776064;1096335360;0;0;0;0;0;0;0;0;0;0;0;2805;0;0;89;0;100;0;
6449;2842461;1019629568;18776064;1096335360;0;0;0;0;0;0;0;0;0;0;0;1512;0;0;89;0;100;0;
6450;2639700;1019629568;18776064;1096335360;0;0;0;0;0;0;0;0;0;0;0;2585;0;0;89;0;100;0;
6451;2213992;1019629568;18776064;1096335360;0;0;0;0;0;0;0;0;0;0;0;1763;0;0;89;0;100;0;
6452;2076504;1019629568;18776064;1096335360;0;0;0;0;0;0;0;0;0;0;0;1854;0;0;89;0;100;0;
6453;7617716;1019629568;18776064;1096335360;0;0;0;0;0;0;0;0;0;0;0;2264;0;0;89;0;100;0;
6454;3680913;1019895808;18776064;1096335360;0;0;0;0;0;0;0;0;0;0;0;3046;0;0;89;0;100;0;
6455;9309138;1019895808;18776064;1096335360;0;0;0;0;0;0;0;0;0;0;0;1923;0;0;89;0;100;0;
6456;2915728;1019895808;18776064;1096335360;0;0;0;0;0;0;0;0;0;0;0;2254;0;0;89;0;100;0;
6457;3678469;1019895808;18776064;1096335360;0;0;0;0;0;0;0;0;0;0;0;2324;0;0;89;0;100;0;
6458;1905353;1019895808;18776064;1096335360;0;0;0;0;0;0;0;0;0;0;0;1583;0;0;89;0;100;0;
6459;5297715;1019895808;18776064;1096335360;0;0;0;0;0;0;0;0;0;0;0;1342;0;0;89;0;100;0;
6460;6613934;1019895808;18776064;1096335360;0;0;0;0;0;0;0;0;0;0;0;3326;0;0;89;0;100;0;
6461;4905209;1019895808;18776064;1096335360;0;0;0;0;0;0;0;0;0;0;0;2705;0;0;89;0;100;0;
6462;2864822;1019895808;18776064;1096335360;0;0;0;0;0;0;0;0;0;0;0;3096;0;0;89;0;100;0;
6463;4934393;1019895808;18776064;1096335360;0;0;0;0;0;0;0;0;0;0;0;2465;0;0;89;0;100;0;
6464;3136442;1019895808;18776064;1096335360;0;0;0;0;0;0;0;0;0;0;0;2565;0;0;89;0;100;0;
6465;6668195;1019895808;18776064;1096335360;0;0;0;0;0;0;0;0;0;0;0;2174;0;0;89;0;100;0;
6466;3611783;1019895808;18776064;1096335360;0;0;0;0;0;0;0;0;0;0;0;2454;0;0;89;0;100;0;
6467;3184913;1019895808;18776064;1096335360;0;0;0;0;0;0;0;0;0;0;0;2044;0;0;89;0;100;0;
6468;1510663;1019895808;18776064;1096335360;0;0;0;0;0;0;0;0;0;0;0;2505;0;0;89;0;100;0;
6469;4499679;1019895808;18776064;1096335360;0;0;0;0;0;0;0;0;0;0;0;1774;0;0;89;0;100;0;
6470;2340740;1019895808;18776064;1096335360;0;0;0;0;0;0;0;0;0;0;0;1844;0;0;89;0;100;0;
6471;5481029;1019895808;18776064;1096335360;0;0;0;0;0;0;0;0;0;0;0;1753;0;0;89;0;100;0;
6472;3919921;1019895808;18776064;1096335360;0;0;0;0;0;0;0;0;0;0;0;2706;0;0;89;0;100;0;
6473;3821316;1019895808;18776064;1096335360;0;0;0;0;0;0;0;0;0;0;0;1903;0;0;89;0;100;0;
6474;2465835;1019895808;18776064;1096335360;0;0;0;0;0;0;0;0;0;0;0;2124;0;0;89;0;100;0;
6475;2645421;1019895808;18776064;1096335360;0;0;0;0;0;0;0;0;0;0;0;1282;0;0;89;0;100;0;
6476;2427963;1019895808;18776064;1096335360;0;0;0;0;0;0;0;0;0;0;0;1914;0;0;89;0;100;0;
6477;8059925;1019895808;18776064;1096335360;0;0;0;0;0;0;0;0;0;0;0;2165;0;0;89;0;100;0;
6478;3704367;1019895808;18776064;1096335360;0;0;0;0;0;0;0;0;0;0;0;2504;0;0;89;0;100;0;
6479;4097384;1015644160;13299712;1090859008;0;0;0;0;0;0;0;0;0;0;0;2224;0;0;89;0;100;0;
6480;3368117;1015644160;13299712;1090859008;0;0;0;0;0;0;0;0;0;0;0;2294;0;0;89;0;100;0;
6481;2939864;1015644160;13299712;1090859008;0;0;0;0;0;0;0;0;0;0;0;1783;0;0;89;0;100;0;
6482;1951119;1015644160;13299712;1090859008;0;0;0;0;0;0;0;0;0;0;0;1804;0;0;89;0;100;0;
6483;7590675;1015644160;13299712;1090859008;0;0;0;0;0;0;0;0;0;0;0;1813;0;0;89;0;100;0;
6484;3928096;1015644160;13299712;1090859008;0;0;0;0;0;0;0;0;0;0;0;3035;0;0;89;0;100;0;
6485;3748039;1015644160;13299712;1090859008;0;0;0;0;0;0;0;0;0;0;0;2245;0;0;89;0;100;0;
6486;1853055;1015644160;13299712;1090859008;0;0;0;0;0;0;0;0;0;0;0;2345;0;0;89;0;100;0;
6487;2429867;1016721408;18776064;1096335360;0;0;0;0;0;0;0;0;0;0;0;1573;0;0;89;0;100;0;
6488;2707317;1016721408;18776064;1096335360;0;0;0;0;0;0;0;0;0;0;0;2505;0;0;89;0;100;0;
6489;5527065;1018818560;18776064;1096335360;0;0;0;0;0;0;0;0;0;0;0;2435;0;0;89;0;100;0;
6490;2500069;1018818560;18776064;1096335360;0;0;0;0;0;0;0;0;0;0;0;2595;0;0;89;0;100;0;
6491;3454509;1018818560;18776064;1096335360;0;0;0;0;0;0;0;0;0;0;0;1523;0;0;89;0;100;0;
6492;2279324;1018818560;18776064;1096335360;0;0;0;0;0;0;0;0;0;0;0;2515;0;0;89;0;100;0;
6493;2863931;1019895808;18776064;1096335360;0;0;0;0;0;0;0;0;0;0;0;2074;0;0;89;0;100;0;
6494;1954876;1019895808;18776064;1096335360;0;0;0;0;0;0;0;0;0;0;0;1563;0;0;89;0;100;0;
6495;4844515;1019895808;18776064;1096335360;0;0;0;0;0;0;0;0;0;0;0;1593;0;0;89;0;100;0;
6496;3382824;1019895808;18776064;1096335360;0;0;0;0;0;0;0;0;0;0;0;8265;0;0;89;0;100;0;
6497;2421671;1019895808;18776064;1096335360;0;0;0;0;0;0;0;0;0;0;0;1773;0;0;89;0;100;0;
6498;1387281;1019895808;18776064;1096335360;0;0;0;0;0;0;0;0;0;0;0;1633;0;0;89;0;100;0;
6499;2461406;1019895808;18776064;1096335360;0;0;0;0;0;0;0;0;0;0;0;1673;0;0;89;0;100;0;
6500;2039394;1019895808;18776064;1096335360;0;0;0;0;0;0;0;0;0;0;0;1523;0;0;89;0;100;0;
6501;6872118;1019895808;18776064;1096335360;0;0;0;0;0;0;0;0;0;0;0;2014;0;0;89;0;100;0;
6502;3922295;1019895808;18776064;1096335360;0;0;0;0;0;0;0;0;0;0;0;2444;0;0;89;0;100;0;
6503;3735616;1019895808;18776064;1096335360;0;0;0;0;0;0;0;0;0;0;0;1924;0;0;89;0;100;0;
6504;3179182;1019895808;18776064;1096335360;0;0;0;0;0;0;0;0;0;0;0;2796;0;0;89;0;100;0;
6505;4247446;1019895808;18776064;1096335360;0;0;0;0;0;0;0;0;0;0;0;2084;0;0;89;0;100;0;
6506;2820559;1020166144;18776064;1096335360;0;0;0;0;0;0;0;0;0;0;0;2405;0;0;89;0;100;0;
6507;7417991;1020166144;18776064;1096335360;0;0;0;0;0;0;0;0;0;0;0;1934;0;0;89;0;100;0;
6508;3410096;1020166144;18776064;1096335360;0;0;0;0;0;0;0;0;0;0;0;2785;0;0;89;0;100;0;
6509;3661396;1020166144;18776064;1096335360;0;0;0;0;0;0;0;0;0;0;0;2134;0;0;89;0;100;0;
6510;2823054;1020166144;18776064;1096335360;0;0;0;0;0;0;0;0;0;0;0;2364;0;0;89;0;100;0;
6511;2524755;1020166144;18776064;1096335360;0;0;0;0;0;0;0;0;0;0;0;1643;0;0;89;0;100;0;
6512;2069952;1020166144;18776064;1096335360;0;0;0;0;0;0;0;0;0;0;0;1533;0;0;89;0;100;0;
6513;6686219;1020166144;18776064;1096335360;0;0;0;0;0;0;0;0;0;0;0;2194;0;0;89;0;100;0;
6514;3470268;1020166144;18776064;1096335360;0;0;0;0;0;0;0;0;0;0;0;2966;0;0;89;0;100;0;
6515;3019303;1020166144;18776064;1096335360;0;0;0;0;0;0;0;0;0;0;0;1984;0;0;89;0;100;0;
6516;1457043;1020166144;18776064;1096335360;0;0;0;0;0;0;0;0;0;0;0;2064;0;0;89;0;100;0;
6517;3050010;1020432384;18776064;1096335360;0;0;0;0;0;0;0;0;0;0;0;2245;0;0;89;0;100;0;
6518;1403933;1020432384;18776064;1096335360;0;0;0;0;0;0;0;0;0;0;0;1913;0;0;89;0;100;0;
6519;4195338;1020432384;18776064;1096335360;0;0;0;0;0;0;0;0;0;0;0;1423;0;0;89;0;100;0;
6520;5299348;1020432384;18776064;1096335360;0;0;0;0;0;0;0;0;0;0;0;2524;0;0;89;0;100;0;
6521;2776697;1020432384;18776064;1096335360;0;0;0;0;0;0;0;0;0;0;0;1633;0;0;89;0;100;0;
6522;2149972;1020432384;18776064;1096335360;0;0;0;0;0;0;0;0;0;0;0;1653;0;0;89;0;100;0;
6523;3369830;1020432384;18776064;1096335360;0;0;0;0;0;0;0;0;0;0;0;2024;0;0;89;0;100;0;
6524;2292740;1020432384;18776064;1096335360;0;0;0;0;0;0;0;0;0;0;0;2314;0;0;89;0;100;0;
6525;6121240;1020432384;18776064;1096335360;0;0;0;0;0;0;0;0;0;0;0;1382;0;0;89;0;100;0;
6526;3625399;1020432384;18776064;1096335360;0;0;0;0;0;0;0;0;0;0;0;2755;0;0;89;0;100;0;
6527;4099709;1020432384;18776064;1096335360;0;0;0;0;0;0;0;0;0;0;0;2174;0;0;89;0;100;0;
6528;1210010;1020432384;18776064;1096335360;0;0;0;0;0;0;0;0;0;0;0;1803;0;0;89;0;100;0;
6529;2054323;1020432384;18776064;1096335360;0;0;0;0;0;0;0;0;0;0;0;1703;0;0;89;0;100;0;
6530;1173330;1020432384;18776064;1096335360;0;0;0;0;0;0;0;0;0;0;0;1573;0;0;89;0;100;0;
6531;4131177;1020432384;18776064;1096335360;0;0;0;0;0;0;0;0;0;0;0;1443;0;0;89;0;100;0;
6532;5586597;1020432384;18776064;1096335360;0;0;0;0;0;0;0;0;0;0;0;4549;0;0;89;0;100;0;
6533;3215730;1020432384;18776064;1096335360;0;0;0;0;0;0;0;0;0;0;0;1623;0;0;89;0;100;0;
6534;1851603;1020432384;18776064;1096335360;0;0;0;0;0;0;0;0;0;0;0;1543;0;0;89;0;100;0;
6535;3395037;1020432384;18776064;1096335360;0;0;0;0;0;0;0;0;0;0;0;2034;0;0;89;0;100;0;
6536;2160531;1020432384;18776064;1096335360;0;0;0;0;0;0;0;0;0;0;0;1774;0;0;89;0;100;0;
6537;6382840;1020432384;18776064;1096335360;0;0;0;0;0;0;0;0;0;0;0;1914;0;0;89;0;100;0;
6538;4381768;1020432384;18776064;1096335360;0;0;0;0;0;0;0;0;0;0;0;2935;0;0;89;0;100;0;
6539;4156165;1020432384;18776064;1096335360;0;0;0;0;0;0;0;0;0;0;0;1603;0;0;89;0;100;0;
6540;2408807;1020432384;18776064;1096335360;0;0;0;0;0;0;0;0;0;0;0;1984;0;0;89;0;100;0;
6541;2559921;1020432384;18776064;1096335360;0;0;0;0;0;0;0;0;0;0;0;1423;0;0;89;0;100;0;
6542;2220584;1020432384;18776064;1096335360;0;0;0;0;0;0;0;0;0;0;0;1663;0;0;89;0;100;0;
6543;6738818;1020432384;18776064;1096335360;0;0;0;0;0;0;0;0;0;0;0;2264;0;0;89;0;100;0;
6544;2780174;1020432384;18776064;1096335360;0;0;0;0;0;0;0;0;0;0;0;2034;0;0;89;0;100;0;
6545;2503635;1020432384;18776064;1096335360;0;0;0;0;0;0;0;0;0;0;0;1603;0;0;89;0;100;0;
6546;2522571;1020432384;18776064;1096335360;0;0;0;0;0;0;0;0;0;0;0;2304;0;0;89;0;100;0;
6547;2426952;1020432384;18776064;1096335360;0;0;0;0;0;0;0;0;0;0;0;1733;0;0;89;0;100;0;
6548;3754491;1020432384;18776064;1096335360;0;0;0;0;0;0;0;0;0;0;0;2154;0;0;89;0;100;0;
6549;4690857;1020432384;18776064;1096335360;0;0;0;0;0;0;0;0;0;0;0;1733;0;0;89;0;100;0;
6550;4230484;1020432384;18776064;1096335360;0;0;0;0;0;0;0;0;0;0;0;2395;0;0;89;0;100;0;
6551;2022964;1020432384;18776064;1096335360;0;0;0;0;0;0;0;0;0;0;0;1472;0;0;89;0;100;0;
6552;2010330;1020432384;18776064;1096335360;0;0;0;0;0;0;0;0;0;0;0;1663;0;0;89;0;100;0;
6553;2748915;1020432384;18776064;1096335360;0;0;0;0;0;0;0;0;0;0;0;1342;0;0;89;0;100;0;
6554;2506872;1020432384;18776064;1096335360;0;0;0;0;0;0;0;0;0;0;0;1833;0;0;89;0;100;0;
6555;5988611;1020432384;18776064;1096335360;0;0;0;0;0;0;0;0;0;0;0;1773;0;0;89;0;100;0;
6556;2760417;1020432384;18776064;1096335360;0;0;0;0;0;0;0;0;0;0;0;2264;0;0;89;0;100;0;
6557;2732624;1016180736;13299712;1090859008;0;0;0;0;0;0;0;0;0;0;0;1783;0;0;89;0;100;0;
6558;3278308;1016180736;13299712;1090859008;0;0;0;0;0;0;0;0;0;0;0;2335;0;0;89;0;100;0;
6559;2734138;1016180736;13299712;1090859008;0;0;0;0;0;0;0;0;0;0;0;1583;0;0;89;0;100;0;
6560;1869406;1016442880;13299712;1090859008;0;0;0;0;0;0;0;0;0;0;0;1894;0;0;89;0;100;0;
6561;6620787;1017520128;18776064;1096335360;0;0;0;0;0;0;0;0;0;0;0;1684;0;0;89;0;100;0;
6562;3290200;1019617280;18776064;1096335360;0;0;0;0;0;0;0;0;0;0;0;2445;0;0;89;0;100;0;
6563;1741636;1019617280;18776064;1096335360;0;0;0;0;0;0;0;0;0;0;0;1623;0;0;89;0;100;0;
6564;2069371;1019617280;18776064;1096335360;0;0;0;0;0;0;0;0;0;0;0;1954;0;0;89;0;100;0;
6565;4152087;1020694528;18776064;1096335360;0;0;0;0;0;0;0;0;0;0;0;1633;0;0;89;0;100;0;
6566;2603022;1020964864;18776064;1096335360;0;0;0;0;0;0;0;0;0;0;0;3978;0;0;89;0;100;0;
6567;5258772;1020964864;18776064;1096335360;0;0;0;0;0;0;0;0;0;0;0;1664;0;0;89;0;100;0;
6568;5566860;1020964864;18776064;1096335360;0;0;0;0;0;0;0;0;0;0;0;4618;0;0;89;0;100;0;
6569;2484168;1020964864;18776064;1096335360;0;0;0;0;0;0;0;0;0;0;0;1613;0;0;89;0;100;0;
6570;2046799;1020964864;18776064;1096335360;0;0;0;0;0;0;0;0;0;0;0;1723;0;0;89;0;100;0;
6571;4217300;1020964864;18776064;1096335360;0;0;0;0;0;0;0;0;0;0;0;1954;0;0;89;0;100;0;
6572;3544077;1020964864;18776064;1096335360;0;0;0;0;0;0;0;0;0;0;0;2254;0;0;89;0;100;0;
6573;5718544;1020964864;18776064;1096335360;0;0;0;0;0;0;0;0;0;0;0;1533;0;0;89;0;100;0;
6574;4161394;1020964864;18776064;1096335360;0;0;0;0;0;0;0;0;0;0;0;3527;0;0;89;0;100;0;
6575;5130281;1020964864;18776064;1096335360;0;0;0;0;0;0;0;0;0;0;0;2434;0;0;89;0;100;0;
6576;1743791;1020964864;18776064;1096335360;0;0;0;0;0;0;0;0;0;0;0;1844;0;0;89;0;100;0;
6577;2191781;1020964864;18776064;1096335360;0;0;0;0;0;0;0;0;0;0;0;1663;0;0;89;0;100;0;
6578;2468780;1020964864;18776064;1096335360;0;0;0;0;0;0;0;0;0;0;0;1502;0;0;89;0;100;0;
6579;6513535;1020964864;18776064;1096335360;0;0;0;0;0;0;0;0;0;0;0;1452;0;0;89;0;100;0;
6580;3641559;1020964864;18776064;1096335360;0;0;0;0;0;0;0;0;0;0;0;2465;0;0;89;0;100;0;
6581;1991274;1020964864;18776064;1096335360;0;0;0;0;0;0;0;0;0;0;0;1462;0;0;89;0;100;0;
6582;2039996;1020964864;18776064;1096335360;0;0;0;0;0;0;0;0;0;0;0;2254;0;0;89;0;100;0;
6583;3639706;1020964864;18776064;1096335360;0;0;0;0;0;0;0;0;0;0;0;1663;0;0;89;0;100;0;
6584;2047169;1020964864;18776064;1096335360;0;0;0;0;0;0;0;0;0;0;0;2544;0;0;89;0;100;0;
6585;5937885;1020964864;18776064;1096335360;0;0;0;0;0;0;0;0;0;0;0;1723;0;0;89;0;100;0;
6586;3897009;1020964864;18776064;1096335360;0;0;0;0;0;0;0;0;0;0;0;2875;0;0;89;0;100;0;
6587;2461266;1020964864;18776064;1096335360;0;0;0;0;0;0;0;0;0;0;0;1623;0;0;89;0;100;0;
6588;1583089;1020964864;18776064;1096335360;0;0;0;0;0;0;0;0;0;0;0;1582;0;0;89;0;100;0;
6589;2239921;1020964864;18776064;1096335360;0;0;0;0;0;0;0;0;0;0;0;1673;0;0;89;0;100;0;
6590;2861076;1020964864;18776064;1096335360;0;0;0;0;0;0;0;0;0;0;0;2194;0;0;89;0;100;0;
6591;6432613;1020964864;18776064;1096335360;0;0;0;0;0;0;0;0;0;0;0;2355;0;0;89;0;100;0;
6592;4099177;1020964864;18780160;1096339456;0;0;0;0;0;0;0;0;0;0;0;2655;0;0;89;0;100;0;
6593;3697634;1020964864;18780160;1096339456;0;0;0;0;0;0;0;0;0;0;0;2495;0;0;89;0;100;0;
6594;1690701;1020964864;18780160;1096339456;0;0;0;0;0;0;0;0;0;0;0;1943;0;0;89;0;100;0;
6595;1719715;1020964864;18780160;1096339456;0;0;0;0;0;0;0;0;0;0;0;1493;0;0;89;0;100;0;
6596;1102387;1020964864;18780160;1096339456;0;0;0;0;0;0;0;0;0;0;0;1663;0;0;89;0;100;0;
6597;6923825;1020964864;18780160;1096339456;0;0;0;0;0;0;0;0;0;0;0;1593;0;0;89;0;100;0;
6598;2906831;1020964864;18780160;1096339456;0;0;0;0;0;0;0;0;0;0;0;2414;0;0;89;0;100;0;
6599;3402541;1020964864;18780160;1096339456;0;0;0;0;0;0;0;0;0;0;0;1713;0;0;89;0;100;0;
6600;2289363;1020964864;18780160;1096339456;0;0;0;0;0;0;0;0;0;0;0;2234;0;0;89;0;100;0;
6601;3506055;1020964864;18780160;1096339456;0;0;0;0;0;0;0;0;0;0;0;2054;0;0;89;0;100;0;
6602;850996;1020964864;18780160;1096339456;0;0;0;0;0;0;0;0;0;0;0;1453;0;0;89;0;100;0;
6603;4439556;1020964864;18780160;1096339456;0;0;0;0;0;0;0;0;0;0;0;1523;0;0;89;0;100;0;
6604;5107649;1020964864;18780160;1096339456;0;0;0;0;0;0;0;0;0;0;0;2434;0;0;89;0;100;0;
6605;2416001;1021218816;18776064;1096335360;0;0;0;0;0;0;0;0;0;0;0;1372;0;0;89;0;100;0;
6606;1425163;1021218816;18776064;1096335360;0;0;0;0;0;0;0;0;0;0;0;1803;0;0;89;0;100;0;
6607;2489309;1021218816;18776064;1096335360;0;0;0;0;0;0;0;0;0;0;0;1704;0;0;89;0;100;0;
6608;3274110;1021218816;18776064;1096335360;0;0;0;0;0;0;0;0;0;0;0;2114;0;0;89;0;100;0;
6609;5775411;1021218816;18776064;1096335360;0;0;0;0;0;0;0;0;0;0;0;2504;0;0;89;0;100;0;
6610;2644249;1021218816;18776064;1096335360;0;0;0;0;0;0;0;0;0;0;0;2285;0;0;89;0;100;0;
6611;3661326;1021218816;18776064;1096335360;0;0;0;0;0;0;0;0;0;0;0;1803;0;0;89;0;100;0;
6612;2664166;1021218816;18776064;1096335360;0;0;0;0;0;0;0;0;0;0;0;3036;0;0;89;0;100;0;
6613;3003142;1021218816;18776064;1096335360;0;0;0;0;0;0;0;0;0;0;0;1443;0;0;89;0;100;0;
6614;1698656;1021218816;18776064;1096335360;0;0;0;0;0;0;0;0;0;0;0;1532;0;0;89;0;100;0;
6615;5794217;1021218816;18776064;1096335360;0;0;0;0;0;0;0;0;0;0;0;1463;0;0;89;0;100;0;
6616;4662363;1021218816;18776064;1096335360;0;0;0;0;0;0;0;0;0;0;0;4899;0;0;89;0;100;0;
6617;2388740;1021218816;18776064;1096335360;0;0;0;0;0;0;0;0;0;0;0;1242;0;0;89;0;100;0;
6618;2071485;1021218816;18776064;1096335360;0;0;0;0;0;0;0;0;0;0;0;1843;0;0;89;0;100;0;
6619;3731127;1021218816;18776064;1096335360;0;0;0;0;0;0;0;0;0;0;0;1513;0;0;89;0;100;0;
6620;4371689;1021485056;18776064;1096335360;0;0;0;0;0;0;0;0;0;0;0;4508;0;0;89;0;100;0;
6621;7013653;1021485056;18776064;1096335360;0;0;0;0;0;0;0;0;0;0;0;3276;0;0;89;0;100;0;
6622;5370992;1021485056;18776064;1096335360;0;0;0;0;0;0;0;0;0;0;0;2785;0;0;89;0;100;0;
6623;4784362;1016979456;13299712;1090859008;0;0;0;0;0;0;0;0;0;0;0;2755;0;0;89;0;100;0;
6624;3678528;1016979456;13299712;1090859008;0;0;0;0;0;0;0;0;0;0;0;3246;0;0;89;0;100;0;
6625;5195283;1016979456;13299712;1090859008;0;0;0;0;0;0;0;0;0;0;0;3096;0;0;89;0;100;0;
6626;2963528;1016979456;13299712;1090859008;0;0;0;0;0;0;0;0;0;0;0;2975;0;0;89;0;100;0;
6627;7234728;1016979456;13299712;1090859008;0;0;0;0;0;0;0;0;0;0;0;2515;0;0;89;0;100;0;
6628;4258496;1016979456;13299712;1090859008;0;0;0;0;0;0;0;0;0;0;0;2875;0;0;89;0;100;0;
6629;4161945;1016979456;13299712;1090859008;0;0;0;0;0;0;0;0;0;0;0;2595;0;0;89;0;100;0;
6630;3862704;1016979456;13299712;1090859008;0;0;0;0;0;0;0;0;0;0;0;2434;0;0;89;0;100;0;
6631;3579703;1016979456;13299712;1090859008;0;0;0;0;0;0;0;0;0;0;0;2595;0;0;89;0;100;0;
6632;1464978;1016979456;13299712;1090859008;0;0;0;0;0;0;0;0;0;0;0;1974;0;0;89;0;100;0;
6633;6749608;1018056704;18776064;1096335360;0;0;0;0;0;0;0;0;0;0;0;1904;0;0;89;0;100;0;
6634;5381462;1020153856;18776064;1096335360;0;0;0;0;0;0;0;0;0;0;0;2955;0;0;89;0;100;0;
6635;4135505;1020153856;18776064;1096335360;0;0;0;0;0;0;0;0;0;0;0;2234;0;0;89;0;100;0;
6636;1006297;1020153856;18776064;1096335360;0;0;0;0;0;0;0;0;0;0;0;2275;0;0;89;0;100;0;
6637;3066010;1021501440;18776064;1096335360;0;0;0;0;0;0;0;0;0;0;0;1673;0;0;89;0;100;0;
6638;3116925;1021501440;18776064;1096335360;0;0;0;0;0;0;0;0;0;0;0;1974;0;0;89;0;100;0;
6639;8476777;1021501440;18776064;1096335360;0;0;0;0;0;0;0;0;0;0;0;1693;0;0;89;0;100;0;
6640;4007696;1021501440;18776064;1096335360;0;0;0;0;0;0;0;0;0;0;0;2665;0;0;89;0;100;0;
6641;3718985;1021501440;18776064;1096335360;0;0;0;0;0;0;0;0;0;0;0;2425;0;0;89;0;100;0;
6642;3412369;1021501440;18776064;1096335360;0;0;0;0;0;0;0;0;0;0;0;2535;0;0;89;0;100;0;
6643;4182935;1021501440;18776064;1096335360;0;0;0;0;0;0;0;0;0;0;0;2584;0;0;89;0;100;0;
6644;2070452;1021501440;18776064;1096335360;0;0;0;0;0;0;0;0;0;0;0;3196;0;0;89;0;100;0;
6645;6896033;1021501440;18776064;1096335360;0;0;0;0;0;0;0;0;0;0;0;2455;0;0;89;0;100;0;
6646;6314782;1021501440;18776064;1096335360;0;0;0;0;0;0;0;0;0;0;0;2635;0;0;89;0;100;0;
6647;2705133;1021501440;18776064;1096335360;0;0;0;0;0;0;0;0;0;0;0;2204;0;0;89;0;100;0;
6648;3341516;1021501440;18776064;1096335360;0;0;0;0;0;0;0;0;0;0;0;2816;0;0;89;0;100;0;
6649;4809790;1021501440;18776064;1096335360;0;0;0;0;0;0;0;0;0;0;0;2014;0;0;89;0;100;0;
6650;2572565;1021501440;18776064;1096335360;0;0;0;0;0;0;0;0;0;0;0;2134;0;0;89;0;100;0;
6651;7732431;1021501440;18776064;1096335360;0;0;0;0;0;0;0;0;0;0;0;1824;0;0;89;0;100;0;
6652;5139469;1021501440;18776064;1096335360;0;0;0;0;0;0;0;0;0;0;0;3386;0;0;89;0;100;0;
6653;3509161;1021501440;18776064;1096335360;0;0;0;0;0;0;0;0;0;0;0;2425;0;0;89;0;100;0;
6654;2532219;1021501440;18776064;1096335360;0;0;0;0;0;0;0;0;0;0;0;2204;0;0;89;0;100;0;
6655;2863200;1021501440;18776064;1096335360;0;0;0;0;0;0;0;0;0;0;0;1913;0;0;89;0;100;0;
6656;3523308;1021501440;18776064;1096335360;0;0;0;0;0;0;0;0;0;0;0;2675;0;0;89;0;100;0;
6657;8721596;1021501440;18776064;1096335360;0;0;0;0;0;0;0;0;0;0;0;2605;0;0;89;0;100;0;
6658;4783411;1021501440;18776064;1096335360;0;0;0;0;0;0;0;0;0;0;0;3005;0;0;89;0;100;0;
6659;3724525;1021501440;18776064;1096335360;0;0;0;0;0;0;0;0;0;0;0;2215;0;0;89;0;100;0;
6660;2127940;1021501440;18776064;1096335360;0;0;0;0;0;0;0;0;0;0;0;2354;0;0;89;0;100;0;
6661;3248452;1021501440;18776064;1096335360;0;0;0;0;0;0;0;0;0;0;0;2665;0;0;89;0;100;0;
6662;3812310;1021501440;18776064;1096335360;0;0;0;0;0;0;0;0;0;0;0;2545;0;0;89;0;100;0;
6663;8015061;1021501440;18776064;1096335360;0;0;0;0;0;0;0;0;0;0;0;2706;0;0;89;0;100;0;
6664;4438885;1021501440;18776064;1096335360;0;0;0;0;0;0;0;0;0;0;0;2816;0;0;89;0;100;0;
6665;4495711;1021501440;18776064;1096335360;0;0;0;0;0;0;0;0;0;0;0;2494;0;0;89;0;100;0;
6666;2772729;1021501440;18776064;1096335360;0;0;0;0;0;0;0;0;0;0;0;2454;0;0;89;0;100;0;
6667;5212225;1021501440;18776064;1096335360;0;0;0;0;0;0;0;0;0;0;0;2575;0;0;89;0;100;0;
6668;4915399;1021501440;18776064;1096335360;0;0;0;0;0;0;0;0;0;0;0;2605;0;0;89;0;100;0;
6669;8342776;1021501440;18776064;1096335360;0;0;0;0;0;0;0;0;0;0;0;3537;0;0;89;0;100;0;
6670;5534459;1021501440;18776064;1096335360;0;0;0;0;0;0;0;0;0;0;0;3556;0;0;89;0;100;0;
6671;5544658;1016979456;13299712;1090859008;0;0;0;0;0;0;0;0;0;0;0;2945;0;0;89;0;100;0;
6672;3720077;1016979456;13299712;1090859008;0;0;0;0;0;0;0;0;0;0;0;2836;0;0;89;0;100;0;
6673;4007196;1016979456;13299712;1090859008;0;0;0;0;0;0;0;0;0;0;0;2665;0;0;89;0;100;0;
6674;2040296;1016979456;13299712;1090859008;0;0;0;0;0;0;0;0;0;0;0;3196;0;0;89;0;100;0;
6675;6419208;1018056704;18776064;1096335360;0;0;0;0;0;0;0;0;0;0;0;1743;0;0;89;0;100;0;
6676;5803184;1020153856;18776064;1096335360;0;0;0;0;0;0;0;0;0;0;0;2755;0;0;89;0;100;0;
6677;4689795;1020153856;18776064;1096335360;0;0;0;0;0;0;0;0;0;0;0;2815;0;0;89;0;100;0;
6678;3015916;1020153856;18776064;1096335360;0;0;0;0;0;0;0;0;0;0;0;2705;0;0;89;0;100;0;
6679;3379608;1021501440;18776064;1096335360;0;0;0;0;0;0;0;0;0;0;0;2024;0;0;89;0;100;0;
6680;3102058;1021501440;18776064;1096335360;0;0;0;0;0;0;0;0;0;0;0;2926;0;0;89;0;100;0;
6681;7862735;1021501440;18776064;1096335360;0;0;0;0;0;0;0;0;0;0;0;1994;0;0;89;0;100;0;
6682;5312002;1021501440;18776064;1096335360;0;0;0;0;0;0;0;0;0;0;0;2665;0;0;89;0;100;0;
6683;2905729;1021501440;18776064;1096335360;0;0;0;0;0;0;0;0;0;0;0;2324;0;0;89;0;100;0;
6684;3839611;1021501440;18776064;1096335360;0;0;0;0;0;0;0;0;0;0;0;2495;0;0;89;0;100;0;
6685;4009289;1021501440;18776064;1096335360;0;0;0;0;0;0;0;0;0;0;0;2284;0;0;89;0;100;0;
6686;3060490;1021501440;18776064;1096335360;0;0;0;0;0;0;0;0;0;0;0;2615;0;0;89;0;100;0;
6687;8003219;1021501440;18776064;1096335360;0;0;0;0;0;0;0;0;0;0;0;1913;0;0;89;0;100;0;
6688;3879376;1021501440;18776064;1096335360;0;0;0;0;0;0;0;0;0;0;0;2855;0;0;89;0;100;0;
6689;3623075;1021501440;18776064;1096335360;0;0;0;0;0;0;0;0;0;0;0;2445;0;0;89;0;100;0;
6690;3561108;1021501440;18776064;1096335360;0;0;0;0;0;0;0;0;0;0;0;2274;0;0;89;0;100;0;
6691;2500660;1021501440;18776064;1096335360;0;0;0;0;0;0;0;0;0;0;0;1553;0;0;89;0;100;0;
6692;3351896;1021501440;18776064;1096335360;0;0;0;0;0;0;0;0;0;0;0;2495;0;0;89;0;100;0;
6693;6700616;1021501440;18776064;1096335360;0;0;0;0;0;0;0;0;0;0;0;2865;0;0;89;0;100;0;
6694;4551766;1021501440;18776064;1096335360;0;0;0;0;0;0;0;0;0;0;0;2896;0;0;89;0;100;0;
6695;3470549;1016979456;13299712;1090859008;0;0;0;0;0;0;0;0;0;0;0;2445;0;0;89;0;100;0;
6696;2886925;1016979456;13299712;1090859008;0;0;0;0;0;0;0;0;0;0;0;2565;0;0;89;0;100;0;
6697;3802030;1016979456;13299712;1090859008;0;0;0;0;0;0;0;0;0;0;0;1984;0;0;89;0;100;0;
6698;2015279;1016979456;13299712;1090859008;0;0;0;0;0;0;0;0;0;0;0;2355;0;0;89;0;100;0;
6699;7273982;1018056704;18776064;1096335360;0;0;0;0;0;0;0;0;0;0;0;1924;0;0;89;0;100;0;
6700;5700901;1020153856;18776064;1096335360;0;0;0;0;0;0;0;0;0;0;0;2875;0;0;89;0;100;0;
6701;3476420;1020153856;18776064;1096335360;0;0;0;0;0;0;0;0;0;0;0;2144;0;0;89;0;100;0;
6702;1918679;1020153856;18776064;1096335360;0;0;0;0;0;0;0;0;0;0;0;1933;0;0;89;0;100;0;
6703;2891753;1021501440;18776064;1096335360;0;0;0;0;0;0;0;0;0;0;0;1863;0;0;89;0;100;0;
6704;2664136;1021501440;18776064;1096335360;0;0;0;0;0;0;0;0;0;0;0;2053;0;0;89;0;100;0;
6705;6581933;1021501440;18776064;1096335360;0;0;0;0;0;0;0;0;0;0;0;1943;0;0;89;0;100;0;
6706;4739859;1021501440;18776064;1096335360;0;0;0;0;0;0;0;0;0;0;0;2484;0;0;89;0;100;0;
6707;4267833;1021501440;18776064;1096335360;0;0;0;0;0;0;0;0;0;0;0;2334;0;0;89;0;100;0;
6708;2379522;1021501440;18776064;1096335360;0;0;0;0;0;0;0;0;0;0;0;2164;0;0;89;0;100;0;
6709;3997207;1021501440;18776064;1096335360;0;0;0;0;0;0;0;0;0;0;0;1944;0;0;89;0;100;0;
6710;2540435;1021501440;18776064;1096335360;0;0;0;0;0;0;0;0;0;0;0;2274;0;0;89;0;100;0;
6711;6207832;1021501440;18776064;1096335360;0;0;0;0;0;0;0;0;0;0;0;2435;0;0;89;0;100;0;
6712;3159826;1021501440;18776064;1096335360;0;0;0;0;0;0;0;0;0;0;0;2244;0;0;89;0;100;0;
6713;4155443;1021501440;18776064;1096335360;0;0;0;0;0;0;0;0;0;0;0;2073;0;0;89;0;100;0;
6714;1147141;1021501440;18776064;1096335360;0;0;0;0;0;0;0;0;0;0;0;2394;0;0;89;0;100;0;
6715;3862824;1021501440;18776064;1096335360;0;0;0;0;0;0;0;0;0;0;0;1944;0;0;89;0;100;0;
6716;2322646;1021501440;18776064;1096335360;0;0;0;0;0;0;0;0;0;0;0;2044;0;0;89;0;100;0;
6717;6560714;1021501440;18776064;1096335360;0;0;0;0;0;0;0;0;0;0;0;2454;0;0;89;0;100;0;
6718;5472933;1021501440;18776064;1096335360;0;0;0;0;0;0;0;0;0;0;0;3747;0;0;89;0;100;0;
6719;5707884;1016979456;13299712;1090859008;0;0;0;0;0;0;0;0;0;0;0;2845;0;0;89;0;100;0;
6720;1593849;1016979456;13299712;1090859008;0;0;0;0;0;0;0;0;0;0;0;2154;0;0;89;0;100;0;
6721;4408468;1016979456;13299712;1090859008;0;0;0;0;0;0;0;0;0;0;0;2344;0;0;89;0;100;0;
6722;3470950;1016979456;13299712;1090859008;0;0;0;0;0;0;0;0;0;0;0;2475;0;0;89;0;100;0;
6723;8883279;1018056704;18776064;1096335360;0;0;0;0;0;0;0;0;0;0;0;2384;0;0;89;0;100;0;
6724;4387979;1018056704;18776064;1096335360;0;0;0;0;0;0;0;0;0;0;0;2525;0;0;89;0;100;0;
6725;1515001;1018056704;18776064;1096335360;0;0;0;0;0;0;0;0;0;0;0;1543;0;0;89;0;100;0;
6726;945013;1018056704;18776064;1096335360;0;0;0;0;0;0;0;0;0;0;0;1803;0;0;89;0;100;0;
6727;2530175;1018056704;18776064;1096335360;0;0;0;0;0;0;0;0;0;0;0;1773;0;0;89;0;100;0;
6728;3066220;1018056704;18776064;1096335360;0;0;0;0;0;0;0;0;0;0;0;2324;0;0;89;0;100;0;
6729;6633390;1018056704;18776064;1096335360;0;0;0;0;0;0;0;0;0;0;0;1803;0;0;89;0;100;0;
6730;2505188;1018056704;18776064;1096335360;0;0;0;0;0;0;0;0;0;0;0;2154;0;0;89;0;100;0;
6731;3060790;1018056704;18776064;1096335360;0;0;0;0;0;0;0;0;0;0;0;1673;0;0;89;0;100;0;
6732;3120903;1018056704;18776064;1096335360;0;0;0;0;0;0;0;0;0;0;0;1963;0;0;89;0;100;0;
6733;1997235;1018056704;18776064;1096335360;0;0;0;0;0;0;0;0;0;0;0;1533;0;0;89;0;100;0;
6734;2835217;1018056704;18776064;1096335360;0;0;0;0;0;0;0;0;0;0;0;1543;0;0;89;0;100;0;
6735;8106222;1018056704;18776064;1096335360;0;0;0;0;0;0;0;0;0;0;0;1984;0;0;89;0;100;0;
6736;3997767;1018056704;18776064;1096335360;0;0;0;0;0;0;0;0;0;0;0;2415;0;0;89;0;100;0;
6737;4369525;1018056704;18776064;1096335360;0;0;0;0;0;0;0;0;0;0;0;1462;0;0;89;0;100;0;
6738;2934424;1018056704;18776064;1096335360;0;0;0;0;0;0;0;0;0;0;0;1943;0;0;89;0;100;0;
6739;4205728;1018056704;18776064;1096335360;0;0;0;0;0;0;0;0;0;0;0;2154;0;0;89;0;100;0;
6740;3236580;1018056704;18776064;1096335360;0;0;0;0;0;0;0;0;0;0;0;3276;0;0;89;0;100;0;
6741;6653568;1018056704;18776064;1096335360;0;0;0;0;0;0;0;0;0;0;0;2245;0;0;89;0;100;0;
6742;2237987;1018056704;18776064;1096335360;0;0;0;0;0;0;0;0;0;0;0;3015;0;0;89;0;100;0;
6743;3033259;1016979456;13299712;1090859008;0;0;0;0;0;0;0;0;0;0;0;1442;0;0;89;0;100;0;
6744;2324819;1016979456;13299712;1090859008;0;0;0;0;0;0;0;0;0;0;0;1953;0;0;89;0;100;0;
6745;3501557;1016979456;13299712;1090859008;0;0;0;0;0;0;0;0;0;0;0;1964;0;0;89;0;100;0;
6746;3533687;1016979456;13299712;1090859008;0;0;0;0;0;0;0;0;0;0;0;2365;0;0;89;0;100;0;
6747;6141288;1018056704;18776064;1096335360;0;0;0;0;0;0;0;0;0;0;0;1764;0;0;89;0;100;0;
6748;5421668;1020153856;18776064;1096335360;0;0;0;0;0;0;0;0;0;0;0;4849;0;0;89;0;100;0;
6749;3424693;1020420096;18776064;1096335360;0;0;0;0;0;0;0;0;0;0;0;3066;0;0;89;0;100;0;
6750;3094814;1020420096;18776064;1096335360;0;0;0;0;0;0;0;0;0;0;0;3025;0;0;89;0;100;0;
6751;4200648;1021501440;18776064;1096335360;0;0;0;0;0;0;0;0;0;0;0;1963;0;0;89;0;100;0;
6752;2740079;1021501440;18776064;1096335360;0;0;0;0;0;0;0;0;0;0;0;2054;0;0;89;0;100;0;
6753;6235113;1021501440;18776064;1096335360;0;0;0;0;0;0;0;0;0;0;0;1473;0;0;89;0;100;0;
6754;4119867;1021501440;18776064;1096335360;0;0;0;0;0;0;0;0;0;0;0;3466;0;0;89;0;100;0;
6755;3261827;1021501440;18776064;1096335360;0;0;0;0;0;0;0;0;0;0;0;1463;0;0;89;0;100;0;
6756;2206648;1021501440;18776064;1096335360;0;0;0;0;0;0;0;0;0;0;0;1623;0;0;89;0;100;0;
6757;2979718;1021501440;18776064;1096335360;0;0;0;0;0;0;0;0;0;0;0;1823;0;0;89;0;100;0;
6758;2479961;1021501440;18776064;1096335360;0;0;0;0;0;0;0;0;0;0;0;1774;0;0;89;0;100;0;
6759;5334925;1021501440;18776064;1096335360;0;0;0;0;0;0;0;0;0;0;0;1423;0;0;89;0;100;0;
6760;3410597;1021501440;18776064;1096335360;0;0;0;0;0;0;0;0;0;0;0;2314;0;0;89;0;100;0;
6761;2409990;1021501440;18776064;1096335360;0;0;0;0;0;0;0;0;0;0;0;1553;0;0;89;0;100;0;
6762;1888963;1021501440;18776064;1096335360;0;0;0;0;0;0;0;0;0;0;0;2064;0;0;89;0;100;0;
6763;2359956;1021501440;18776064;1096335360;0;0;0;0;0;0;0;0;0;0;0;1623;0;0;89;0;100;0;
6764;2482215;1021501440;18776064;1096335360;0;0;0;0;0;0;0;0;0;0;0;1854;0;0;89;0;100;0;
6765;5979383;1021501440;18776064;1096335360;0;0;0;0;0;0;0;0;0;0;0;1783;0;0;89;0;100;0;
6766;2502352;1021501440;18776064;1096335360;0;0;0;0;0;0;0;0;0;0;0;2194;0;0;89;0;100;0;
6767;2016312;1016979456;13299712;1090859008;0;0;0;0;0;0;0;0;0;0;0;1523;0;0;89;0;100;0;
6768;1997756;1016979456;13299712;1090859008;0;0;0;0;0;0;0;0;0;0;0;1633;0;0;89;0;100;0;
6769;3704537;1016979456;13299712;1090859008;0;0;0;0;0;0;0;0;0;0;0;1493;0;0;89;0;100;0;
6770;3777504;1016979456;13299712;1090859008;0;0;0;0;0;0;0;0;0;0;0;2435;0;0;89;0;100;0;
6771;6323088;1018056704;18776064;1096335360;0;0;0;0;0;0;0;0;0;0;0;1834;0;0;89;0;100;0;
6772;5058496;1020153856;18776064;1096335360;0;0;0;0;0;0;0;0;0;0;0;3136;0;0;89;0;100;0;
6773;4020329;1020420096;18776064;1096335360;0;0;0;0;0;0;0;0;0;0;0;1774;0;0;89;0;100;0;
6774;2463951;1020420096;18776064;1096335360;0;0;0;0;0;0;0;0;0;0;0;2384;0;0;89;0;100;0;
6775;3904973;1021501440;18776064;1096335360;0;0;0;0;0;0;0;0;0;0;0;5300;0;0;89;0;100;0;
6776;2101882;1021501440;18776064;1096335360;0;0;0;0;0;0;0;0;0;0;0;1953;0;0;89;0;100;0;
6777;5834963;1021501440;18776064;1096335360;0;0;0;0;0;0;0;0;0;0;0;1623;0;0;89;0;100;0;
6778;5009856;1021501440;18776064;1096335360;0;0;0;0;0;0;0;0;0;0;0;2675;0;0;89;0;100;0;
6779;2978356;1021501440;18776064;1096335360;0;0;0;0;0;0;0;0;0;0;0;1913;0;0;89;0;100;0;
6780;1682685;1021501440;18776064;1096335360;0;0;0;0;0;0;0;0;0;0;0;1603;0;0;89;0;100;0;
6781;2442531;1021501440;18776064;1096335360;0;0;0;0;0;0;0;0;0;0;0;1422;0;0;89;0;100;0;
6782;979717;1021501440;18776064;1096335360;0;0;0;0;0;0;0;0;0;0;0;1593;0;0;89;0;100;0;
6783;4790735;1021501440;18776064;1096335360;0;0;0;0;0;0;0;0;0;0;0;1453;0;0;89;0;100;0;
6784;4008778;1021501440;18776064;1096335360;0;0;0;0;0;0;0;0;0;0;0;2444;0;0;89;0;100;0;
6785;2138831;1021501440;18776064;1096335360;0;0;0;0;0;0;0;0;0;0;0;1543;0;0;89;0;100;0;
6786;1714796;1021501440;18776064;1096335360;0;0;0;0;0;0;0;0;0;0;0;1302;0;0;89;0;100;0;
6787;1899202;1021501440;18776064;1096335360;0;0;0;0;0;0;0;0;0;0;0;1503;0;0;89;0;100;0;
6788;1504302;1021501440;18776064;1096335360;0;0;0;0;0;0;0;0;0;0;0;1463;0;0;89;0;100;0;
6789;5167942;1021501440;18776064;1096335360;0;0;0;0;0;0;0;0;0;0;0;1263;0;0;89;0;100;0;
6790;3518088;1021501440;18776064;1096335360;0;0;0;0;0;0;0;0;0;0;0;2445;0;0;89;0;100;0;
6791;2197692;1016979456;13299712;1090859008;0;0;0;0;0;0;0;0;0;0;0;1503;0;0;89;0;100;0;
6792;1524619;1016979456;13299712;1090859008;0;0;0;0;0;0;0;0;0;0;0;1533;0;0;89;0;100;0;
6793;1688136;1016979456;13299712;1090859008;0;0;0;0;0;0;0;0;0;0;0;1473;0;0;89;0;100;0;
6794;1629175;1016979456;13299712;1090859008;0;0;0;0;0;0;0;0;0;0;0;1593;0;0;89;0;100;0;
6795;4836300;1018056704;18776064;1096335360;0;0;0;0;0;0;0;0;0;0;0;1533;0;0;89;0;100;0;
6796;3270824;1020153856;18776064;1096335360;0;0;0;0;0;0;0;0;0;0;0;1883;0;0;89;0;100;0;
6797;2173767;1020420096;18776064;1096335360;0;0;0;0;0;0;0;0;0;0;0;1452;0;0;89;0;100;0;
6798;1950288;1020420096;18776064;1096335360;0;0;0;0;0;0;0;0;0;0;0;1463;0;0;89;0;100;0;
6799;2415951;1021501440;18776064;1096335360;0;0;0;0;0;0;0;0;0;0;0;1503;0;0;89;0;100;0;
6800;1764960;1021501440;18776064;1096335360;0;0;0;0;0;0;0;0;0;0;0;1272;0;0;89;0;100;0;
6801;4438123;1021501440;18776064;1096335360;0;0;0;0;0;0;0;0;0;0;0;1422;0;0;89;0;100;0;
6802;3224337;1021501440;18776064;1096335360;0;0;0;0;0;0;0;0;0;0;0;1583;0;0;89;0;100;0;
6803;2317116;1021501440;18776064;1096335360;0;0;0;0;0;0;0;0;0;0;0;1553;0;0;89;0;100;0;
6804;1306700;1021501440;18776064;1096335360;0;0;0;0;0;0;0;0;0;0;0;1383;0;0;89;0;100;0;
6805;2303600;1021501440;18776064;1096335360;0;0;0;0;0;0;0;0;0;0;0;1513;0;0;89;0;100;0;
6806;2553298;1021501440;18776064;1096335360;0;0;0;0;0;0;0;0;0;0;0;1573;0;0;89;0;100;0;
6807;4709271;1021501440;18776064;1096335360;0;0;0;0;0;0;0;0;0;0;0;1372;0;0;89;0;100;0;
6808;3045712;1021501440;18776064;1096335360;0;0;0;0;0;0;0;0;0;0;0;1403;0;0;89;0;100;0;
6809;2929354;1021501440;18776064;1096335360;0;0;0;0;0;0;0;0;0;0;0;1442;0;0;89;0;100;0;
6810;2264758;1021501440;18776064;1096335360;0;0;0;0;0;0;0;0;0;0;0;1502;0;0;89;0;100;0;
6811;1973752;1021501440;18776064;1096335360;0;0;0;0;0;0;0;0;0;0;0;1463;0;0;89;0;100;0;
6812;1127715;1021501440;18776064;1096335360;0;0;0;0;0;0;0;0;0;0;0;1443;0;0;89;0;100;0;
6813;4993124;1021501440;18776064;1096335360;0;0;0;0;0;0;0;0;0;0;0;1733;0;0;89;0;100;0;
6814;4399521;1021501440;18776064;1096335360;0;0;0;0;0;0;0;0;0;0;0;2335;0;0;89;0;100;0;
6815;1909611;1016979456;13299712;1090859008;0;0;0;0;0;0;0;0;0;0;0;1573;0;0;89;0;100;0;
6816;1592647;1016979456;13299712;1090859008;0;0;0;0;0;0;0;0;0;0;0;1603;0;0;89;0;100;0;
6817;2009689;1016979456;13299712;1090859008;0;0;0;0;0;0;0;0;0;0;0;1413;0;0;89;0;100;0;
6818;1559154;1016979456;13299712;1090859008;0;0;0;0;0;0;0;0;0;0;0;1503;0;0;89;0;100;0;
6819;4804600;1018056704;18776064;1096335360;0;0;0;0;0;0;0;0;0;0;0;1443;0;0;89;0;100;0;
6820;2849373;1020153856;18776064;1096335360;0;0;0;0;0;0;0;0;0;0;0;2284;0;0;89;0;100;0;
6821;3070358;1020420096;18776064;1096335360;0;0;0;0;0;0;0;0;0;0;0;1443;0;0;89;0;100;0;
6822;2541005;1020420096;18776064;1096335360;0;0;0;0;0;0;0;0;0;0;0;1462;0;0;89;0;100;0;
6823;2665369;1021501440;18776064;1096335360;0;0;0;0;0;0;0;0;0;0;0;3537;0;0;89;0;100;0;
6824;2663485;1021501440;18776064;1096335360;0;0;0;0;0;0;0;0;0;0;0;2796;0;0;89;0;100;0;
6825;7327231;1021501440;18776064;1096335360;0;0;0;0;0;0;0;0;0;0;0;2494;0;0;89;0;100;0;
6826;2423295;1021501440;18776064;1096335360;0;0;0;0;0;0;0;0;0;0;0;2364;0;0;89;0;100;0;
6827;2137028;1021501440;18776064;1096335360;0;0;0;0;0;0;0;0;0;0;0;1703;0;0;89;0;100;0;
6828;919484;1021501440;18776064;1096335360;0;0;0;0;0;0;0;0;0;0;0;1783;0;0;89;0;100;0;
6829;1813070;1021501440;18776064;1096335360;0;0;0;0;0;0;0;0;0;0;0;1483;0;0;89;0;100;0;
6830;2081734;1021501440;18776064;1096335360;0;0;0;0;0;0;0;0;0;0;0;1463;0;0;89;0;100;0;
6831;4244771;1021501440;18776064;1096335360;0;0;0;0;0;0;0;0;0;0;0;1413;0;0;89;0;100;0;
6832;2586972;1021501440;18776064;1096335360;0;0;0;0;0;0;0;0;0;0;0;2184;0;0;89;0;100;0;
6833;4006603;1021501440;18776064;1096335360;0;0;0;0;0;0;0;0;0;0;0;2134;0;0;89;0;100;0;
6834;2821832;1021501440;18776064;1096335360;0;0;0;0;0;0;0;0;0;0;0;2204;0;0;89;0;100;0;
6835;4083318;1021501440;18776064;1096335360;0;0;0;0;0;0;0;0;0;0;0;2204;0;0;89;0;100;0;
6836;3123508;1021501440;18776064;1096335360;0;0;0;0;0;0;0;0;0;0;0;2324;0;0;89;0;100;0;
6837;7371544;1021501440;18776064;1096335360;0;0;0;0;0;0;0;0;0;0;0;2816;0;0;89;0;100;0;
6838;2723988;1021501440;18776064;1096335360;0;0;0;0;0;0;0;0;0;0;0;2285;0;0;89;0;100;0;
6839;3959305;1016979456;13299712;1090859008;0;0;0;0;0;0;0;0;0;0;0;1903;0;0;89;0;100;0;
6840;1698415;1016979456;13299712;1090859008;0;0;0;0;0;0;0;0;0;0;0;2215;0;0;89;0;100;0;
6841;3295450;1016979456;13299712;1090859008;0;0;0;0;0;0;0;0;0;0;0;2114;0;0;89;0;100;0;
6842;2711004;1016979456;13299712;1090859008;0;0;0;0;0;0;0;0;0;0;0;2074;0;0;89;0;100;0;
6843;6540005;1018056704;18776064;1096335360;0;0;0;0;0;0;0;0;0;0;0;2214;0;0;89;0;100;0;
6844;3037617;1020153856;18776064;1096335360;0;0;0;0;0;0;0;0;0;0;0;2114;0;0;89;0;100;0;
6845;3527736;1020420096;18776064;1096335360;0;0;0;0;0;0;0;0;0;0;0;2275;0;0;89;0;100;0;
6846;2495179;1020420096;18776064;1096335360;0;0;0;0;0;0;0;0;0;0;0;2334;0;0;89;0;100;0;
6847;3502339;1021501440;18776064;1096335360;0;0;0;0;0;0;0;0;0;0;0;1673;0;0;89;0;100;0;
6848;1954094;1021501440;18776064;1096335360;0;0;0;0;0;0;0;0;0;0;0;1683;0;0;89;0;100;0;
6849;5219759;1021501440;18776064;1096335360;0;0;0;0;0;0;0;0;0;0;0;1463;0;0;89;0;100;0;
6850;2370906;1021501440;18776064;1096335360;0;0;0;0;0;0;0;0;0;0;0;2255;0;0;89;0;100;0;
6851;1529739;1021501440;18776064;1096335360;0;0;0;0;0;0;0;0;0;0;0;1463;0;0;89;0;100;0;
6852;2541898;1021501440;18776064;1096335360;0;0;0;0;0;0;0;0;0;0;0;1814;0;0;89;0;100;0;
6853;2926789;1021501440;18776064;1096335360;0;0;0;0;0;0;0;0;0;0;0;1694;0;0;89;0;100;0;
6854;1252018;1021501440;18776064;1096335360;0;0;0;0;0;0;0;0;0;0;0;1754;0;0;89;0;100;0;
6855;8529056;1021501440;18776064;1096335360;0;0;0;0;0;0;0;0;0;0;0;1633;0;0;89;0;100;0;
6856;2079460;1021501440;18776064;1096335360;0;0;0;0;0;0;0;0;0;0;0;2805;0;0;89;0;100;0;
6857;1438548;1021501440;18776064;1096335360;0;0;0;0;0;0;0;0;0;0;0;1483;0;0;89;0;100;0;
6858;1423660;1021501440;18776064;1096335360;0;0;0;0;0;0;0;0;0;0;0;1483;0;0;89;0;100;0;
6859;2390012;1021501440;18776064;1096335360;0;0;0;0;0;0;0;0;0;0;0;1543;0;0;89;0;100;0;
6860;1857042;1021501440;18776064;1096335360;0;0;0;0;0;0;0;0;0;0;0;2234;0;0;89;0;100;0;
6861;7383577;1021501440;18776064;1096335360;0;0;0;0;0;0;0;0;0;0;0;2034;0;0;89;0;100;0;
6862;3325908;1021501440;18776064;1096335360;0;0;0;0;0;0;0;0;0;0;0;2194;0;0;89;0;100;0;
6863;2810882;1016979456;13299712;1090859008;0;0;0;0;0;0;0;0;0;0;0;1843;0;0;89;0;100;0;
6864;1800156;1016979456;13299712;1090859008;0;0;0;0;0;0;0;0;0;0;0;1773;0;0;89;0;100;0;
6865;2847370;1016979456;13299712;1090859008;0;0;0;0;0;0;0;0;0;0;0;2845;0;0;89;0;100;0;
6866;2216557;1016979456;13299712;1090859008;0;0;0;0;0;0;0;0;0;0;0;1653;0;0;89;0;100;0;
6867;6285969;1018056704;18776064;1096335360;0;0;0;0;0;0;0;0;0;0;0;2314;0;0;89;0;100;0;
6868;4379012;1020153856;18776064;1096335360;0;0;0;0;0;0;0;0;0;0;0;3327;0;0;89;0;100;0;
6869;2329749;1020420096;18776064;1096335360;0;0;0;0;0;0;0;0;0;0;0;1503;0;0;89;0;100;0;
6870;1559053;1020420096;18776064;1096335360;0;0;0;0;0;0;0;0;0;0;0;1633;0;0;89;0;100;0;
6871;3793544;1021501440;18776064;1096335360;0;0;0;0;0;0;0;0;0;0;0;2044;0;0;89;0;100;0;
6872;1955818;1021501440;18776064;1096335360;0;0;0;0;0;0;0;0;0;0;0;2004;0;0;89;0;100;0;
6873;6518886;1021501440;18776064;1096335360;0;0;0;0;0;0;0;0;0;0;0;2104;0;0;89;0;100;0;
6874;3594451;1021501440;18776064;1096335360;0;0;0;0;0;0;0;0;0;0;0;2425;0;0;89;0;100;0;
6875;1674179;1021501440;18776064;1096335360;0;0;0;0;0;0;0;0;0;0;0;1453;0;0;89;0;100;0;
6876;1777834;1021501440;18776064;1096335360;0;0;0;0;0;0;0;0;0;0;0;1874;0;0;89;0;100;0;
6877;2566112;1021501440;18776064;1096335360;0;0;0;0;0;0;0;0;0;0;0;1423;0;0;89;0;100;0;
6878;1894663;1021501440;18776064;1096335360;0;0;0;0;0;0;0;0;0;0;0;2084;0;0;89;0;100;0;
6879;6408258;1021501440;18776064;1096335360;0;0;0;0;0;0;0;0;0;0;0;1593;0;0;89;0;100;0;
6880;3152703;1021501440;18776064;1096335360;0;0;0;0;0;0;0;0;0;0;0;2515;0;0;89;0;100;0;
6881;2297178;1021501440;18776064;1096335360;0;0;0;0;0;0;0;0;0;0;0;1543;0;0;89;0;100;0;
6882;3662609;1021501440;18776064;1096335360;0;0;0;0;0;0;0;0;0;0;0;2365;0;0;89;0;100;0;
6883;2524004;1021501440;18776064;1096335360;0;0;0;0;0;0;0;0;0;0;0;1703;0;0;89;0;100;0;
6884;2225373;1021501440;18776064;1096335360;0;0;0;0;0;0;0;0;0;0;0;2104;0;0;89;0;100;0;
6885;6677443;1021501440;18776064;1096335360;0;0;0;0;0;0;0;0;0;0;0;1723;0;0;89;0;100;0;
6886;2445236;1021501440;18776064;1096335360;0;0;0;0;0;0;0;0;0;0;0;2515;0;0;89;0;100;0;
6887;2147988;1016979456;13299712;1090859008;0;0;0;0;0;0;0;0;0;0;0;1884;0;0;89;0;100;0;
6888;2430728;1016979456;13299712;1090859008;0;0;0;0;0;0;0;0;0;0;0;2023;0;0;89;0;100;0;
6889;3222584;1016979456;13299712;1090859008;0;0;0;0;0;0;0;0;0;0;0;1773;0;0;89;0;100;0;
6890;3035032;1016979456;13299712;1090859008;0;0;0;0;0;0;0;0;0;0;0;2094;0;0;89;0;100;0;
6891;5533978;1018056704;18776064;1096335360;0;0;0;0;0;0;0;0;0;0;0;1793;0;0;89;0;100;0;
6892;3666265;1018056704;18776064;1096335360;0;0;0;0;0;0;0;0;0;0;0;4578;0;0;89;0;100;0;
6893;3341567;1018056704;18776064;1096335360;0;0;0;0;0;0;0;0;0;0;0;2314;0;0;89;0;100;0;
6894;1587117;1018056704;18776064;1096335360;0;0;0;0;0;0;0;0;0;0;0;2134;0;0;89;0;100;0;
6895;5142835;1018056704;18776064;1096335360;0;0;0;0;0;0;0;0;0;0;0;1803;0;0;89;0;100;0;
6896;3949006;1018056704;18776064;1096335360;0;0;0;0;0;0;0;0;0;0;0;2054;0;0;89;0;100;0;
6897;4753254;1018056704;18776064;1096335360;0;0;0;0;0;0;0;0;0;0;0;1643;0;0;89;0;100;0;
6898;4979328;1018056704;18776064;1096335360;0;0;0;0;0;0;0;0;0;0;0;1984;0;0;89;0;100;0;
6899;2805822;1018056704;18776064;1096335360;0;0;0;0;0;0;0;0;0;0;0;1563;0;0;89;0;100;0;
6900;2897384;1018056704;18776064;1096335360;0;0;0;0;0;0;0;0;0;0;0;2174;0;0;89;0;100;0;
6901;3359711;1018056704;18776064;1096335360;0;0;0;0;0;0;0;0;0;0;0;1713;0;0;89;0;100;0;
6902;3183500;1018056704;18776064;1096335360;0;0;0;0;0;0;0;0;0;0;0;2505;0;0;89;0;100;0;
6903;6051238;1018056704;18776064;1096335360;0;0;0;0;0;0;0;0;0;0;0;1884;0;0;89;0;100;0;
6904;3940180;1018056704;18776064;1096335360;0;0;0;0;0;0;0;0;0;0;0;2124;0;0;89;0;100;0;
6905;4389903;1018056704;18776064;1096335360;0;0;0;0;0;0;0;0;0;0;0;2525;0;0;89;0;100;0;
6906;3470469;1018056704;18776064;1096335360;0;0;0;0;0;0;0;0;0;0;0;2665;0;0;89;0;100;0;
6907;3222353;1018056704;18776064;1096335360;0;0;0;0;0;0;0;0;0;0;0;1994;0;0;89;0;100;0;
6908;1635317;1018056704;18776064;1096335360;0;0;0;0;0;0;0;0;0;0;0;1863;0;0;89;0;100;0;
6909;5903110;1018056704;18776064;1096335360;0;0;0;0;0;0;0;0;0;0;0;1723;0;0;89;0;100;0;
6910;4602351;1018056704;18776064;1096335360;0;0;0;0;0;0;0;0;0;0;0;3046;0;0;89;0;100;0;
6911;2679895;1016979456;13299712;1090859008;0;0;0;0;0;0;0;0;0;0;0;1714;0;0;89;0;100;0;
6912;1418841;1016979456;13299712;1090859008;0;0;0;0;0;0;0;0;0;0;0;2044;0;0;89;0;100;0;
6913;3696513;1016979456;13299712;1090859008;0;0;0;0;0;0;0;0;0;0;0;1793;0;0;89;0;100;0;
6914;2023154;1016979456;13299712;1090859008;0;0;0;0;0;0;0;0;0;0;0;1663;0;0;89;0;100;0;
6915;5484666;1018056704;18776064;1096335360;0;0;0;0;0;0;0;0;0;0;0;1453;0;0;89;0;100;0;
6916;3688597;1020153856;18776064;1096335360;0;0;0;0;0;0;0;0;0;0;0;2806;0;0;89;0;100;0;
6917;3916906;1020420096;18776064;1096335360;0;0;0;0;0;0;0;0;0;0;0;2084;0;0;89;0;100;0;
6918;2589286;1020420096;18776064;1096335360;0;0;0;0;0;0;0;0;0;0;0;2304;0;0;89;0;100;0;
6919;2496773;1021501440;18776064;1096335360;0;0;0;0;0;0;0;0;0;0;0;2154;0;0;89;0;100;0;
6920;1600621;1021501440;18776064;1096335360;0;0;0;0;0;0;0;0;0;0;0;1844;0;0;89;0;100;0;
6921;5544618;1021501440;18776064;1096335360;0;0;0;0;0;0;0;0;0;0;0;1443;0;0;89;0;100;0;
6922;4768493;1021501440;18776064;1096335360;0;0;0;0;0;0;0;0;0;0;0;2464;0;0;89;0;100;0;
6923;3545709;1021501440;18776064;1096335360;0;0;0;0;0;0;0;0;0;0;0;1993;0;0;89;0;100;0;
6924;3509412;1021501440;18776064;1096335360;0;0;0;0;0;0;0;0;0;0;0;3116;0;0;89;0;100;0;
6925;2692560;1021501440;18776064;1096335360;0;0;0;0;0;0;0;0;0;0;0;1843;0;0;89;0;100;0;
6926;790853;1021501440;18776064;1096335360;0;0;0;0;0;0;0;0;0;0;0;1663;0;0;89;0;100;0;
6927;5648002;1021501440;18776064;1096335360;0;0;0;0;0;0;0;0;0;0;0;1553;0;0;89;0;100;0;
6928;4282151;1021501440;18776064;1096335360;0;0;0;0;0;0;0;0;0;0;0;2926;0;0;89;0;100;0;
6929;2178435;1021501440;18776064;1096335360;0;0;0;0;0;0;0;0;0;0;0;2204;0;0;89;0;100;0;
6930;1783455;1021501440;18776064;1096335360;0;0;0;0;0;0;0;0;0;0;0;1773;0;0;89;0;100;0;
6931;2215625;1021501440;18776064;1096335360;0;0;0;0;0;0;0;0;0;0;0;1553;0;0;89;0;100;0;
6932;1588319;1021501440;18776064;1096335360;0;0;0;0;0;0;0;0;0;0;0;1343;0;0;89;0;100;0;
6933;5359992;1021501440;18776064;1096335360;0;0;0;0;0;0;0;0;0;0;0;1453;0;0;89;0;100;0;
6934;4172775;1021501440;18776064;1096335360;0;0;0;0;0;0;0;0;0;0;0;2796;0;0;89;0;100;0;
6935;2510117;1021501440;18776064;1096335360;0;0;0;0;0;0;0;0;0;0;0;2064;0;0;89;0;100;0;
6936;1961659;1021501440;18776064;1096335360;0;0;0;0;0;0;0;0;0;0;0;2244;0;0;89;0;100;0;
6937;2437040;1021501440;18776064;1096335360;0;0;0;0;0;0;0;0;0;0;0;1723;0;0;89;0;100;0;
6938;1006829;1021501440;18776064;1096335360;0;0;0;0;0;0;0;0;0;0;0;1614;0;0;89;0;100;0;
6939;4844595;1021501440;18776064;1096335360;0;0;0;0;0;0;0;0;0;0;0;1603;0;0;89;0;100;0;
6940;3285512;1021501440;18776064;1096335360;0;0;0;0;0;0;0;0;0;0;0;2825;0;0;89;0;100;0;
6941;3812620;1021501440;18776064;1096335360;0;0;0;0;0;0;0;0;0;0;0;1954;0;0;89;0;100;0;
6942;2099708;1021501440;18776064;1096335360;0;0;0;0;0;0;0;0;0;0;0;2465;0;0;89;0;100;0;
6943;2534844;1021501440;18776064;1096335360;0;0;0;0;0;0;0;0;0;0;0;2134;0;0;89;0;100;0;
6944;2098516;1021501440;18776064;1096335360;0;0;0;0;0;0;0;0;0;0;0;1723;0;0;89;0;100;0;
6945;4848873;1021501440;18776064;1096335360;0;0;0;0;0;0;0;0;0;0;0;1763;0;0;89;0;100;0;
6946;3968472;1021501440;18776064;1096335360;0;0;0;0;0;0;0;0;0;0;0;2756;0;0;89;0;100;0;
6947;2672071;1021501440;18776064;1096335360;0;0;0;0;0;0;0;0;0;0;0;1863;0;0;89;0;100;0;
6948;2623971;1021501440;18776064;1096335360;0;0;0;0;0;0;0;0;0;0;0;1773;0;0;89;0;100;0;
6949;3950899;1021501440;18776064;1096335360;0;0;0;0;0;0;0;0;0;0;0;2164;0;0;89;0;100;0;
6950;2911861;1021501440;18776064;1096335360;0;0;0;0;0;0;0;0;0;0;0;2705;0;0;89;0;100;0;
6951;5797363;1021501440;18776064;1096335360;0;0;0;0;0;0;0;0;0;0;0;1623;0;0;89;0;100;0;
6952;4758794;1021501440;18776064;1096335360;0;0;0;0;0;0;0;0;0;0;0;3226;0;0;89;0;100;0;
6953;4185719;1016979456;13299712;1090859008;0;0;0;0;0;0;0;0;0;0;0;2765;0;0;89;0;100;0;
6954;3093331;1016979456;13299712;1090859008;0;0;0;0;0;0;0;0;0;0;0;1853;0;0;89;0;100;0;
6955;2749476;1016979456;13299712;1090859008;0;0;0;0;0;0;0;0;0;0;0;1693;0;0;89;0;100;0;
6956;1225479;1016979456;13299712;1090859008;0;0;0;0;0;0;0;0;0;0;0;1583;0;0;89;0;100;0;
6957;4506221;1016979456;13299712;1090859008;0;0;0;0;0;0;0;0;0;0;0;1623;0;0;89;0;100;0;
6958;3190653;1016979456;13299712;1090859008;0;0;0;0;0;0;0;0;0;0;0;2374;0;0;89;0;100;0;
6959;3543395;1016979456;13299712;1090859008;0;0;0;0;0;0;0;0;0;0;0;2545;0;0;89;0;100;0;
6960;2304532;1016979456;13299712;1090859008;0;0;0;0;0;0;0;0;0;0;0;2113;0;0;89;0;100;0;
6961;3248522;1016979456;13299712;1090859008;0;0;0;0;0;0;0;0;0;0;0;1974;0;0;89;0;100;0;
6962;1779126;1016979456;13299712;1090859008;0;0;0;0;0;0;0;0;0;0;0;1704;0;0;89;0;100;0;
6963;5220520;1018056704;18776064;1096335360;0;0;0;0;0;0;0;0;0;0;0;1994;0;0;89;0;100;0;
6964;3946962;1020153856;18776064;1096335360;0;0;0;0;0;0;0;0;0;0;0;2304;0;0;89;0;100;0;
6965;3134889;1020420096;18776064;1096335360;0;0;0;0;0;0;0;0;0;0;0;1884;0;0;89;0;100;0;
6966;2323808;1020420096;18776064;1096335360;0;0;0;0;0;0;0;0;0;0;0;2464;0;0;89;0;100;0;
6967;3541231;1021501440;18776064;1096335360;0;0;0;0;0;0;0;0;0;0;0;2074;0;0;89;0;100;0;
6968;1520381;1021501440;18776064;1096335360;0;0;0;0;0;0;0;0;0;0;0;1643;0;0;89;0;100;0;
6969;6267594;1021501440;18776064;1096335360;0;0;0;0;0;0;0;0;0;0;0;1433;0;0;89;0;100;0;
6970;3037226;1021501440;18776064;1096335360;0;0;0;0;0;0;0;0;0;0;0;2926;0;0;89;0;100;0;
6971;3968533;1021501440;18776064;1096335360;0;0;0;0;0;0;0;0;0;0;0;1633;0;0;89;0;100;0;
6972;1501977;1021501440;18776064;1096335360;0;0;0;0;0;0;0;0;0;0;0;2165;0;0;89;0;100;0;
6973;2058360;1021501440;18776064;1096335360;0;0;0;0;0;0;0;0;0;0;0;1673;0;0;89;0;100;0;
6974;1719405;1021501440;18776064;1096335360;0;0;0;0;0;0;0;0;0;0;0;1292;0;0;89;0;100;0;
6975;5547524;1021501440;18776064;1096335360;0;0;0;0;0;0;0;0;0;0;0;1623;0;0;89;0;100;0;
6976;3885226;1021501440;18776064;1096335360;0;0;0;0;0;0;0;0;0;0;0;2194;0;0;89;0;100;0;
6977;2950965;1021501440;18776064;1096335360;0;0;0;0;0;0;0;0;0;0;0;2424;0;0;89;0;100;0;
6978;1534197;1021501440;18776064;1096335360;0;0;0;0;0;0;0;0;0;0;0;1764;0;0;89;0;100;0;
6979;1480447;1021501440;18776064;1096335360;0;0;0;0;0;0;0;0;0;0;0;1493;0;0;89;0;100;0;
6980;1992256;1021501440;18776064;1096335360;0;0;0;0;0;0;0;0;0;0;0;1633;0;0;89;0;100;0;
6981;6492135;1021501440;18776064;1096335360;0;0;0;0;0;0;0;0;0;0;0;1292;0;0;89;0;100;0;
6982;4761830;1021501440;18776064;1096335360;0;0;0;0;0;0;0;0;0;0;0;2234;0;0;89;0;100;0;
6983;2612259;1021501440;18776064;1096335360;0;0;0;0;0;0;0;0;0;0;0;1963;0;0;89;0;100;0;
6984;1335234;1021501440;18776064;1096335360;0;0;0;0;0;0;0;0;0;0;0;1222;0;0;89;0;100;0;
6985;2493436;1021501440;18776064;1096335360;0;0;0;0;0;0;0;0;0;0;0;1533;0;0;89;0;100;0;
6986;2348474;1021501440;18776064;1096335360;0;0;0;0;0;0;0;0;0;0;0;2185;0;0;89;0;100;0;
6987;6263036;1021501440;18776064;1096335360;0;0;0;0;0;0;0;0;0;0;0;1342;0;0;89;0;100;0;
6988;3325887;1021501440;18776064;1096335360;0;0;0;0;0;0;0;0;0;0;0;2184;0;0;89;0;100;0;
6989;1331397;1021501440;18776064;1096335360;0;0;0;0;0;0;0;0;0;0;0;1483;0;0;89;0;100;0;
6990;872626;1021501440;18776064;1096335360;0;0;0;0;0;0;0;0;0;0;0;1633;0;0;89;0;100;0;
6991;2593384;1021501440;18776064;1096335360;0;0;0;0;0;0;0;0;0;0;0;1503;0;0;89;0;100;0;
6992;1876770;1021501440;18776064;1096335360;0;0;0;0;0;0;0;0;0;0;0;2525;0;0;89;0;100;0;
6993;7455692;1021501440;18776064;1096335360;0;0;0;0;0;0;0;0;0;0;0;1873;0;0;89;0;100;0;
6994;2544271;1021501440;18776064;1096335360;0;0;0;0;0;0;0;0;0;0;0;2835;0;0;89;0;100;0;
6995;1391609;1021501440;18776064;1096335360;0;0;0;0;0;0;0;0;0;0;0;1573;0;0;89;0;100;0;
6996;2181612;1021501440;18776064;1096335360;0;0;0;0;0;0;0;0;0;0;0;1883;0;0;89;0;100;0;
6997;2936297;1021501440;18776064;1096335360;0;0;0;0;0;0;0;0;0;0;0;1894;0;0;89;0;100;0;
6998;3208307;1021501440;18776064;1096335360;0;0;0;0;0;0;0;0;0;0;0;2575;0;0;89;0;100;0;
6999;5625019;1021501440;18776064;1096335360;0;0;0;0;0;0;0;0;0;0;0;1423;0;0;89;0;100;0;
7000;2264577;1021501440;18776064;1096335360;0;0;0;0;0;0;0;0;0;0;0;2585;0;0;89;0;100;0;
7001;2021511;1016979456;13299712;1090859008;0;0;0;0;0;0;0;0;0;0;0;1583;0;0;89;0;100;0;
7002;2049103;1016979456;13299712;1090859008;0;0;0;0;0;0;0;0;0;0;0;2124;0;0;89;0;100;0;
7003;2632698;1016979456;13299712;1090859008;0;0;0;0;0;0;0;0;0;0;0;1674;0;0;89;0;100;0;
7004;2827813;1016979456;13299712;1090859008;0;0;0;0;0;0;0;0;0;0;0;4528;0;0;89;0;100;0;
7005;6549593;1018056704;18776064;1096335360;0;0;0;0;0;0;0;0;0;0;0;2615;0;0;89;0;100;0;
7006;2980289;1020153856;18776064;1096335360;0;0;0;0;0;0;0;0;0;0;0;3186;0;0;89;0;100;0;
7007;2019316;1020420096;18776064;1096335360;0;0;0;0;0;0;0;0;0;0;0;1573;0;0;89;0;100;0;
7008;2144461;1021771776;18776064;1096335360;0;0;0;0;0;0;0;0;0;0;0;1493;0;0;89;0;100;0;
7009;4857059;1021771776;18776064;1096335360;0;0;0;0;0;0;0;0;0;0;0;1563;0;0;89;0;100;0;
7010;2360127;1021771776;18776064;1096335360;0;0;0;0;0;0;0;0;0;0;0;1513;0;0;89;0;100;0;
7011;1666625;1021771776;18776064;1096335360;0;0;0;0;0;0;0;0;0;0;0;1593;0;0;89;0;100;0;
7012;2159100;1021771776;18776064;1096335360;0;0;0;0;0;0;0;0;0;0;0;1393;0;0;89;0;100;0;
7013;2210916;1021771776;18776064;1096335360;0;0;0;0;0;0;0;0;0;0;0;1523;0;0;89;0;100;0;
7014;896091;1021771776;18776064;1096335360;0;0;0;0;0;0;0;0;0;0;0;1413;0;0;89;0;100;0;
7015;4883188;1021771776;18776064;1096335360;0;0;0;0;0;0;0;0;0;0;0;1633;0;0;89;0;100;0;
7016;2749817;1021771776;18776064;1096335360;0;0;0;0;0;0;0;0;0;0;0;2154;0;0;89;0;100;0;
7017;2178686;1021771776;18776064;1096335360;0;0;0;0;0;0;0;0;0;0;0;1473;0;0;89;0;100;0;
7018;1475898;1021771776;18776064;1096335360;0;0;0;0;0;0;0;0;0;0;0;1664;0;0;89;0;100;0;
7019;3820696;1021771776;18776064;1096335360;0;0;0;0;0;0;0;0;0;0;0;7795;0;0;89;0;100;0;
7020;1518778;1021771776;18776064;1096335360;0;0;0;0;0;0;0;0;0;0;0;1934;0;0;89;0;100;0;
7021;4804861;1021771776;18776064;1096335360;0;0;0;0;0;0;0;0;0;0;0;1582;0;0;89;0;100;0;
7022;4310955;1021771776;18776064;1096335360;0;0;0;0;0;0;0;0;0;0;0;3637;0;0;89;0;100;0;
7023;3664191;1016979456;13299712;1090859008;0;0;0;0;0;0;0;0;0;0;0;2164;0;0;89;0;100;0;
7024;1661987;1016979456;13299712;1090859008;0;0;0;0;0;0;0;0;0;0;0;1543;0;0;89;0;100;0;
7025;8621508;1016979456;13299712;1090859008;0;0;0;0;0;0;0;0;0;0;0;77796;0;0;89;0;100;0;
7026;1085826;1016979456;13299712;1090859008;0;0;0;0;0;0;0;0;0;0;0;1974;0;0;89;0;100;0;
7027;5321139;1016979456;13299712;1090859008;0;0;0;0;0;0;0;0;0;0;0;1783;0;0;89;0;100;0;
7028;4718800;1016979456;13299712;1090859008;0;0;0;0;0;0;0;0;0;0;0;3196;0;0;89;0;100;0;
7029;2996459;1016979456;13299712;1090859008;0;0;0;0;0;0;0;0;0;0;0;1984;0;0;89;0;100;0;
7030;1932825;1016979456;13299712;1090859008;0;0;0;0;0;0;0;0;0;0;0;1994;0;0;89;0;100;0;
7031;2763833;1016979456;13299712;1090859008;0;0;0;0;0;0;0;0;0;0;0;1583;0;0;89;0;100;0;
7032;1807990;1016979456;13299712;1090859008;0;0;0;0;0;0;0;0;0;0;0;1783;0;0;89;0;100;0;
7033;4924245;1018056704;18776064;1096335360;0;0;0;0;0;0;0;0;0;0;0;1482;0;0;89;0;100;0;
7034;2986431;1020153856;18776064;1096335360;0;0;0;0;0;0;0;0;0;0;0;2364;0;0;89;0;100;0;
7035;2828074;1020420096;18776064;1096335360;0;0;0;0;0;0;0;0;0;0;0;1573;0;0;89;0;100;0;
7036;1525641;1020420096;18776064;1096335360;0;0;0;0;0;0;0;0;0;0;0;1583;0;0;89;0;100;0;
7037;2087435;1021771776;18776064;1096335360;0;0;0;0;0;0;0;0;0;0;0;1793;0;0;89;0;100;0;
7038;2092244;1021771776;18776064;1096335360;0;0;0;0;0;0;0;0;0;0;0;2305;0;0;89;0;100;0;
7039;6049325;1021771776;18776064;1096335360;0;0;0;0;0;0;0;0;0;0;0;1553;0;0;89;0;100;0;
7040;2490270;1021771776;18776064;1096335360;0;0;0;0;0;0;0;0;0;0;0;3476;0;0;89;0;100;0;
7041;4592082;1021771776;18776064;1096335360;0;0;0;0;0;0;0;0;0;0;0;3627;0;0;89;0;100;0;
7042;3310488;1021771776;18776064;1096335360;0;0;0;0;0;0;0;0;0;0;0;3006;0;0;89;0;100;0;
7043;5120213;1021771776;18776064;1096335360;0;0;0;0;0;0;0;0;0;0;0;3126;0;0;89;0;100;0;
7044;4222458;1021771776;18776064;1096335360;0;0;0;0;0;0;0;0;0;0;0;3116;0;0;89;0;100;0;
7045;6758485;1021771776;18776064;1096335360;0;0;0;0;0;0;0;0;0;0;0;1613;0;0;89;0;100;0;
7046;4839746;1021771776;18776064;1096335360;0;0;0;0;0;0;0;0;0;0;0;2805;0;0;89;0;100;0;
7047;3934098;1021771776;18776064;1096335360;0;0;0;0;0;0;0;0;0;0;0;1854;0;0;89;0;100;0;
7048;2505759;1021771776;18776064;1096335360;0;0;0;0;0;0;0;0;0;0;0;2325;0;0;89;0;100;0;
7049;4111951;1021771776;18776064;1096335360;0;0;0;0;0;0;0;0;0;0;0;1713;0;0;89;0;100;0;
7050;2079350;1021771776;18776064;1096335360;0;0;0;0;0;0;0;0;0;0;0;2374;0;0;89;0;100;0;
7051;4969259;1021771776;18776064;1096335360;0;0;0;0;0;0;0;0;0;0;0;1904;0;0;89;0;100;0;
7052;4198003;1021771776;18776064;1096335360;0;0;0;0;0;0;0;0;0;0;0;3146;0;0;89;0;100;0;
7053;2907653;1021771776;18776064;1096335360;0;0;0;0;0;0;0;0;0;0;0;1903;0;0;89;0;100;0;
7054;1330074;1021771776;18776064;1096335360;0;0;0;0;0;0;0;0;0;0;0;1703;0;0;89;0;100;0;
7055;2934013;1021771776;18776064;1096335360;0;0;0;0;0;0;0;0;0;0;0;1613;0;0;89;0;100;0;
7056;1778986;1021771776;18776064;1096335360;0;0;0;0;0;0;0;0;0;0;0;1623;0;0;89;0;100;0;
7057;7806881;1021771776;18776064;1096335360;0;0;0;0;0;0;0;0;0;0;0;1723;0;0;89;0;100;0;
7058;3957251;1021771776;18776064;1096335360;0;0;0;0;0;0;0;0;0;0;0;3086;0;0;89;0;100;0;
7059;2338807;1021771776;18776064;1096335360;0;0;0;0;0;0;0;0;0;0;0;1813;0;0;89;0;100;0;
7060;2336041;1021771776;18776064;1096335360;0;0;0;0;0;0;0;0;0;0;0;2204;0;0;89;0;100;0;
7061;3170196;1021771776;18776064;1096335360;0;0;0;0;0;0;0;0;0;0;0;1663;0;0;89;0;100;0;
7062;2585169;1021771776;18776064;1096335360;0;0;0;0;0;0;0;0;0;0;0;2785;0;0;89;0;100;0;
7063;5691353;1021771776;18776064;1096335360;0;0;0;0;0;0;0;0;0;0;0;3016;0;0;89;0;100;0;
7064;4327455;1021771776;18776064;1096335360;0;0;0;0;0;0;0;0;0;0;0;2485;0;0;89;0;100;0;
7065;3491989;1021771776;18776064;1096335360;0;0;0;0;0;0;0;0;0;0;0;2405;0;0;89;0;100;0;
7066;3125672;1021771776;18776064;1096335360;0;0;0;0;0;0;0;0;0;0;0;2114;0;0;89;0;100;0;
7067;3351044;1021771776;18776064;1096335360;0;0;0;0;0;0;0;0;0;0;0;2565;0;0;89;0;100;0;
7068;2456317;1021771776;18776064;1096335360;0;0;0;0;0;0;0;0;0;0;0;1753;0;0;89;0;100;0;
7069;6509358;1021771776;18776064;1096335360;0;0;0;0;0;0;0;0;0;0;0;2896;0;0;89;0;100;0;
7070;2678032;1021771776;18776064;1096335360;0;0;0;0;0;0;0;0;0;0;0;2906;0;0;89;0;100;0;
7071;2870603;1021771776;18776064;1096335360;0;0;0;0;0;0;0;0;0;0;0;1903;0;0;89;0;100;0;
7072;1340203;1021771776;18776064;1096335360;0;0;0;0;0;0;0;0;0;0;0;1593;0;0;89;0;100;0;
7073;2589326;1021771776;18776064;1096335360;0;0;0;0;0;0;0;0;0;0;0;1483;0;0;89;0;100;0;
7074;2918734;1021771776;18776064;1096335360;0;0;0;0;0;0;0;0;0;0;0;2395;0;0;89;0;100;0;
7075;7791262;1021771776;18776064;1096335360;0;0;0;0;0;0;0;0;0;0;0;1833;0;0;89;0;100;0;
7076;4344328;1021771776;18776064;1096335360;0;0;0;0;0;0;0;0;0;0;0;2935;0;0;89;0;100;0;
7077;1451913;1021771776;18776064;1096335360;0;0;0;0;0;0;0;0;0;0;0;1453;0;0;89;0;100;0;
7078;1046663;1021771776;18776064;1096335360;0;0;0;0;0;0;0;0;0;0;0;1813;0;0;89;0;100;0;
7079;1626219;1021771776;18776064;1096335360;0;0;0;0;0;0;0;0;0;0;0;1363;0;0;89;0;100;0;
7080;906140;1021771776;18776064;1096335360;0;0;0;0;0;0;0;0;0;0;0;1914;0;0;89;0;100;0;
7081;4963098;1021771776;18776064;1096335360;0;0;0;0;0;0;0;0;0;0;0;2164;0;0;89;0;100;0;
7082;4214834;1021771776;18776064;1096335360;0;0;0;0;0;0;0;0;0;0;0;3276;0;0;89;0;100;0;
7083;4922952;1021771776;18776064;1096335360;0;0;0;0;0;0;0;0;0;0;0;2214;0;0;89;0;100;0;
7084;2484529;1021771776;18776064;1096335360;0;0;0;0;0;0;0;0;0;0;0;3006;0;0;89;0;100;0;
7085;2363232;1021771776;18776064;1096335360;0;0;0;0;0;0;0;0;0;0;0;1823;0;0;89;0;100;0;
7086;797646;1021771776;18776064;1096335360;0;0;0;0;0;0;0;0;0;0;0;1553;0;0;89;0;100;0;
7087;5394166;1021771776;18776064;1096335360;0;0;0;0;0;0;0;0;0;0;0;1904;0;0;89;0;100;0;
7088;3823772;1021771776;18776064;1096335360;0;0;0;0;0;0;0;0;0;0;0;3267;0;0;89;0;100;0;
7089;3350343;1021771776;18776064;1096335360;0;0;0;0;0;0;0;0;0;0;0;2725;0;0;89;0;100;0;
7090;3286202;1021771776;18776064;1096335360;0;0;0;0;0;0;0;0;0;0;0;1924;0;0;89;0;100;0;
7091;2843473;1021771776;18776064;1096335360;0;0;0;0;0;0;0;0;0;0;0;1743;0;0;89;0;100;0;
7092;2924785;1021771776;18776064;1096335360;0;0;0;0;0;0;0;0;0;0;0;1953;0;0;89;0;100;0;
7093;6556726;1021771776;18776064;1096335360;0;0;0;0;0;0;0;0;0;0;0;2484;0;0;89;0;100;0;
7094;4874942;1021771776;18776064;1096335360;0;0;0;0;0;0;0;0;0;0;0;3707;0;0;89;0;100;0;
7095;3923468;1016979456;13299712;1090859008;0;0;0;0;0;0;0;0;0;0;0;2114;0;0;89;0;100;0;
7096;2315913;1016979456;13299712;1090859008;0;0;0;0;0;0;0;0;0;0;0;2614;0;0;89;0;100;0;
7097;3449389;1016979456;13299712;1090859008;0;0;0;0;0;0;0;0;0;0;0;2324;0;0;89;0;100;0;
7098;2513254;1016979456;13299712;1090859008;0;0;0;0;0;0;0;0;0;0;0;1963;0;0;89;0;100;0;
7099;5774610;1018056704;18776064;1096335360;0;0;0;0;0;0;0;0;0;0;0;1583;0;0;89;0;100;0;
7100;3291673;1020153856;18776064;1096335360;0;0;0;0;0;0;0;0;0;0;0;2515;0;0;89;0;100;0;
7101;2621957;1020420096;18776064;1096335360;0;0;0;0;0;0;0;0;0;0;0;1643;0;0;89;0;100;0;
7102;3306191;1020420096;18776064;1096335360;0;0;0;0;0;0;0;0;0;0;0;2635;0;0;89;0;100;0;
7103;3574974;1021771776;18776064;1096335360;0;0;0;0;0;0;0;0;0;0;0;2324;0;0;89;0;100;0;
7104;1705528;1021771776;18776064;1096335360;0;0;0;0;0;0;0;0;0;0;0;2204;0;0;89;0;100;0;
7105;5809705;1021771776;18776064;1096335360;0;0;0;0;0;0;0;0;0;0;0;1984;0;0;89;0;100;0;
7106;5325808;1021771776;18776064;1096335360;0;0;0;0;0;0;0;0;0;0;0;2384;0;0;89;0;100;0;
7107;3483433;1021771776;18776064;1096335360;0;0;0;0;0;0;0;0;0;0;0;2315;0;0;89;0;100;0;
7108;2514055;1021771776;18776064;1096335360;0;0;0;0;0;0;0;0;0;0;0;2034;0;0;89;0;100;0;
7109;2885902;1021771776;18776064;1096335360;0;0;0;0;0;0;0;0;0;0;0;1893;0;0;89;0;100;0;
7110;3302864;1021771776;18776064;1096335360;0;0;0;0;0;0;0;0;0;0;0;1873;0;0;89;0;100;0;
7111;6384814;1021771776;18776064;1096335360;0;0;0;0;0;0;0;0;0;0;0;1653;0;0;89;0;100;0;
7112;3196524;1021771776;18776064;1096335360;0;0;0;0;0;0;0;0;0;0;0;2765;0;0;89;0;100;0;
7113;4635643;1021771776;18776064;1096335360;0;0;0;0;0;0;0;0;0;0;0;2474;0;0;89;0;100;0;
7114;3454378;1021771776;18776064;1096335360;0;0;0;0;0;0;0;0;0;0;0;2134;0;0;89;0;100;0;
7115;5142023;1021771776;18776064;1096335360;0;0;0;0;0;0;0;0;0;0;0;2094;0;0;89;0;100;0;
7116;2910849;1021771776;18776064;1096335360;0;0;0;0;0;0;0;0;0;0;0;2985;0;0;89;0;100;0;
7117;6396366;1021771776;18776064;1096335360;0;0;0;0;0;0;0;0;0;0;0;1683;0;0;89;0;100;0;
7118;3337439;1021771776;18776064;1096335360;0;0;0;0;0;0;0;0;0;0;0;2214;0;0;89;0;100;0;
7119;2961023;1016979456;13299712;1090859008;0;0;0;0;0;0;0;0;0;0;0;1863;0;0;89;0;100;0;
7120;2456577;1016979456;13299712;1090859008;0;0;0;0;0;0;0;0;0;0;0;2164;0;0;89;0;100;0;
7121;3546571;1016979456;13299712;1090859008;0;0;0;0;0;0;0;0;0;0;0;1843;0;0;89;0;100;0;
7122;2207790;1016979456;13299712;1090859008;0;0;0;0;0;0;0;0;0;0;0;2084;0;0;89;0;100;0;
7123;8275730;1018056704;18776064;1096335360;0;0;0;0;0;0;0;0;0;0;0;2104;0;0;89;0;100;0;
7124;3124059;1020153856;18776064;1096335360;0;0;0;0;0;0;0;0;0;0;0;3396;0;0;89;0;100;0;
7125;3363818;1020420096;18776064;1096335360;0;0;0;0;0;0;0;0;0;0;0;1913;0;0;89;0;100;0;
7126;2954851;1020420096;18776064;1096335360;0;0;0;0;0;0;0;0;0;0;0;2164;0;0;89;0;100;0;
7127;3974745;1021771776;18776064;1096335360;0;0;0;0;0;0;0;0;0;0;0;2545;0;0;89;0;100;0;
7128;3218125;1021771776;18776064;1096335360;0;0;0;0;0;0;0;0;0;0;0;2464;0;0;89;0;100;0;
7129;6238279;1021771776;18776064;1096335360;0;0;0;0;0;0;0;0;0;0;0;2194;0;0;89;0;100;0;
7130;3865539;1021771776;18776064;1096335360;0;0;0;0;0;0;0;0;0;0;0;3657;0;0;89;0;100;0;
7131;3487069;1021771776;18776064;1096335360;0;0;0;0;0;0;0;0;0;0;0;2144;0;0;89;0;100;0;
7132;3855630;1021771776;18776064;1096335360;0;0;0;0;0;0;0;0;0;0;0;2134;0;0;89;0;100;0;
7133;2588855;1021771776;18776064;1096335360;0;0;0;0;0;0;0;0;0;0;0;1673;0;0;89;0;100;0;
7134;2110478;1021771776;18776064;1096335360;0;0;0;0;0;0;0;0;0;0;0;1834;0;0;89;0;100;0;
7135;7242963;1021771776;18776064;1096335360;0;0;0;0;0;0;0;0;0;0;0;2214;0;0;89;0;100;0;
7136;5172771;1021771776;18776064;1096335360;0;0;0;0;0;0;0;0;0;0;0;2936;0;0;89;0;100;0;
7137;4198604;1021771776;18776064;1096335360;0;0;0;0;0;0;0;0;0;0;0;2124;0;0;89;0;100;0;
7138;3684380;1021771776;18776064;1096335360;0;0;0;0;0;0;0;0;0;0;0;2505;0;0;89;0;100;0;
7139;4425018;1021771776;18776064;1096335360;0;0;0;0;0;0;0;0;0;0;0;2034;0;0;89;0;100;0;
7140;3424713;1021771776;18776064;1096335360;0;0;0;0;0;0;0;0;0;0;0;2875;0;0;89;0;103;0;
7141;9152524;1021771776;18776064;1096335360;0;0;0;0;0;0;0;0;0;0;0;2575;0;0;89;0;103;0;
7142;5352258;1021771776;18776064;1096335360;0;0;0;0;0;0;0;0;0;0;0;2735;0;0;89;0;103;0;
7143;5043328;1016979456;13299712;1090859008;0;0;0;0;0;0;0;0;0;0;0;2294;0;0;89;0;103;0;
7144;1804214;1016979456;13299712;1090859008;0;0;0;0;0;0;0;0;0;0;0;2835;0;0;89;0;103;0;
7145;1554987;1016979456;13299712;1090859008;0;0;0;0;0;0;0;0;0;0;0;1663;0;0;89;0;103;0;
7146;902041;1016979456;13299712;1090859008;0;0;0;0;0;0;0;0;0;0;0;1573;0;0;89;0;103;0;
7147;7267619;1018056704;18776064;1096335360;0;0;0;0;0;0;0;0;0;0;0;2394;0;0;89;0;103;0;
7148;5546672;1020153856;18776064;1096335360;0;0;0;0;0;0;0;0;0;0;0;2996;0;0;89;0;103;0;
7149;3516084;1020420096;18776064;1096335360;0;0;0;0;0;0;0;0;0;0;0;2364;0;0;89;0;103;0;
7150;1454688;1020420096;18776064;1096335360;0;0;0;0;0;0;0;0;0;0;0;2324;0;0;89;0;103;0;
7151;1705919;1021771776;18776064;1096335360;0;0;0;0;0;0;0;0;0;0;0;1512;0;0;89;0;103;0;
7152;1310037;1021771776;18776064;1096335360;0;0;0;0;0;0;0;0;0;0;0;1503;0;0;89;0;103;0;
7153;5679080;1021771776;18776064;1096335360;0;0;0;0;0;0;0;0;0;0;0;2294;0;0;89;0;105;0;
7154;3774839;1021771776;18776064;1096335360;0;0;0;0;0;0;0;0;0;0;0;2304;0;0;89;0;105;0;
7155;3919691;1021771776;18776064;1096335360;0;0;0;0;0;0;0;0;0;0;0;2635;0;0;89;0;105;0;
7156;2815580;1021771776;18776064;1096335360;0;0;0;0;0;0;0;0;0;0;0;2204;0;0;89;0;105;0;
7157;3688738;1021771776;18776064;1096335360;0;0;0;0;0;0;0;0;0;0;0;2675;0;0;89;0;105;0;
7158;2841809;1021771776;18776064;1096335360;0;0;0;0;0;0;0;0;0;0;0;2234;0;0;89;0;105;0;
7159;5496488;1021771776;18776064;1096335360;0;0;0;0;0;0;0;0;0;0;0;2374;0;0;89;0;105;0;
7160;3374979;1021771776;18776064;1096335360;0;0;0;0;0;0;0;0;0;0;0;2334;0;0;89;0;105;0;
7161;3697504;1021771776;18776064;1096335360;0;0;0;0;0;0;0;0;0;0;0;1964;0;0;89;0;105;0;
7162;2541206;1021771776;18776064;1096335360;0;0;0;0;0;0;0;0;0;0;0;2074;0;0;89;0;105;0;
7163;4282592;1021771776;18776064;1096335360;0;0;0;0;0;0;0;0;0;0;0;2254;0;0;89;0;105;0;
7164;2771258;1021771776;18776064;1096335360;0;0;0;0;0;0;0;0;0;0;0;2234;0;0;89;0;105;0;
7165;5034411;1021771776;18776064;1096335360;0;0;0;0;0;0;0;0;0;0;0;1793;0;0;89;0;105;0;
7166;4152698;1021771776;18776064;1096335360;0;0;0;0;0;0;0;0;0;0;0;3627;0;0;89;0;106;0;
7167;3138106;1016979456;13299712;1090859008;0;0;0;0;0;0;0;0;0;0;0;2365;0;0;89;0;106;0;
7168;3038728;1016979456;13299712;1090859008;0;0;0;0;0;0;0;0;0;0;0;2975;0;0;89;0;106;0;
7169;3500755;1016979456;13299712;1090859008;0;0;0;0;0;0;0;0;0;0;0;2715;0;0;89;0;106;0;
7170;4422584;1016979456;13299712;1090859008;0;0;0;0;0;0;0;0;0;0;0;2565;0;0;89;0;106;0;
7171;5412451;1018056704;18776064;1096335360;0;0;0;0;0;0;0;0;0;0;0;1823;0;0;89;0;106;0;
7172;3374599;1020153856;18776064;1096335360;0;0;0;0;0;0;0;0;0;0;0;2966;0;0;89;0;106;0;
7173;3374258;1020420096;18776064;1096335360;0;0;0;0;0;0;0;0;0;0;0;1583;0;0;89;0;106;0;
7174;2035407;1020420096;18776064;1096335360;0;0;0;0;0;0;0;0;0;0;0;2444;0;0;89;0;106;0;
7175;3401288;1021771776;18776064;1096335360;0;0;0;0;0;0;0;0;0;0;0;2244;0;0;89;0;106;0;
7176;2995568;1021771776;18776064;1096335360;0;0;0;0;0;0;0;0;0;0;0;2905;0;0;89;0;106;0;
7177;5299138;1021771776;18776064;1096335360;0;0;0;0;0;0;0;0;0;0;0;1463;0;0;89;0;106;0;
7178;4343666;1021771776;18776064;1096335360;0;0;0;0;0;0;0;0;0;0;0;2644;0;0;89;0;106;0;
7179;4223451;1021771776;18776064;1096335360;0;0;0;0;0;0;0;0;0;0;0;2685;0;0;89;0;106;0;
7180;2069271;1021771776;18776064;1096335360;0;0;0;0;0;0;0;0;0;0;0;2114;0;0;89;0;106;0;
7181;3200382;1021771776;18776064;1096335360;0;0;0;0;0;0;0;0;0;0;0;2725;0;0;89;0;106;0;
7182;2683873;1021771776;18776064;1096335360;0;0;0;0;0;0;0;0;0;0;0;2104;0;0;89;0;106;0;
7183;6026813;1021771776;18776064;1096335360;0;0;0;0;0;0;0;0;0;0;0;1643;0;0;89;0;106;0;
7184;3840773;1021771776;18776064;1096335360;0;0;0;0;0;0;0;0;0;0;0;2825;0;0;89;0;106;0;
7185;5080038;1021771776;18776064;1096335360;0;0;0;0;0;0;0;0;0;0;0;2725;0;0;89;0;106;0;
7186;2027162;1021771776;18776064;1096335360;0;0;0;0;0;0;0;0;0;0;0;2154;0;0;89;0;106;0;
7187;4551456;1021771776;18776064;1096335360;0;0;0;0;0;0;0;0;0;0;0;2234;0;0;89;0;106;0;
7188;2322145;1021771776;18776064;1096335360;0;0;0;0;0;0;0;0;0;0;0;2545;0;0;89;0;106;0;
7189;4619012;1021771776;18776064;1096335360;0;0;0;0;0;0;0;0;0;0;0;1432;0;0;89;0;106;0;
7190;3819203;1021771776;18776064;1096335360;0;0;0;0;0;0;0;0;0;0;0;3387;0;0;89;0;106;0;
7191;3553193;1016979456;13299712;1090859008;0;0;0;0;0;0;0;0;0;0;0;2535;0;0;89;0;106;0;
7192;3505985;1016979456;13299712;1090859008;0;0;0;0;0;0;0;0;0;0;0;2635;0;0;89;0;106;0;
7193;3825224;1016979456;13299712;1090859008;0;0;0;0;0;0;0;0;0;0;0;2435;0;0;89;0;106;0;
7194;2797557;1016979456;13299712;1090859008;0;0;0;0;0;0;0;0;0;0;0;2595;0;0;89;0;106;0;
7195;6266102;1018056704;18776064;1096335360;0;0;0;0;0;0;0;0;0;0;0;2485;0;0;89;0;106;0;
7196;3715908;1020420096;18776064;1096335360;0;0;0;0;0;0;0;0;0;0;0;2605;0;0;89;0;106;0;
7197;6025560;1020420096;18776064;1096335360;0;0;0;0;0;0;0;0;0;0;0;3927;0;0;89;0;106;0;
7198;2392507;1020420096;18776064;1096335360;0;0;0;0;0;0;0;0;0;0;0;2224;0;0;89;0;106;0;
7199;2803838;1021771776;18776064;1096335360;0;0;0;0;0;0;0;0;0;0;0;1433;0;0;89;0;106;0;
7200;2982213;1021771776;18776064;1096335360;0;0;0;0;0;0;0;0;0;0;0;2505;0;0;89;0;106;0;
7201;5089625;1021771776;18776064;1096335360;0;0;0;0;0;0;0;0;0;0;0;1733;0;0;89;0;106;0;
7202;3750684;1021771776;18776064;1096335360;0;0;0;0;0;0;0;0;0;0;0;2405;0;0;89;0;106;0;
7203;3480247;1021771776;18776064;1096335360;0;0;0;0;0;0;0;0;0;0;0;2755;0;0;89;0;109;0;
7204;2514486;1021771776;18776064;1096335360;0;0;0;0;0;0;0;0;0;0;0;1884;0;0;89;0;109;0;
7205;3583961;1021771776;18776064;1096335360;0;0;0;0;0;0;0;0;0;0;0;2044;0;0;89;0;109;0;
7206;1858175;1021771776;18776064;1096335360;0;0;0;0;0;0;0;0;0;0;0;1703;0;0;89;0;109;0;
7207;5975887;1021771776;18776064;1096335360;0;0;0;0;0;0;0;0;0;0;0;2004;0;0;89;0;109;0;
7208;3106957;1021771776;18776064;1096335360;0;0;0;0;0;0;0;0;0;0;0;2305;0;0;89;0;109;0;
7209;3265204;1021771776;18776064;1096335360;0;0;0;0;0;0;0;0;0;0;0;1844;0;0;89;0;109;0;
7210;1630418;1021771776;18776064;1096335360;0;0;0;0;0;0;0;0;0;0;0;1623;0;0;89;0;109;0;
7211;2471094;1021771776;18776064;1096335360;0;0;0;0;0;0;0;0;0;0;0;1403;0;0;89;0;109;0;
7212;1590573;1021771776;18776064;1096335360;0;0;0;0;0;0;0;0;0;0;0;1713;0;0;89;0;109;0;
7213;5357767;1021771776;18776064;1096335360;0;0;0;0;0;0;0;0;0;0;0;1744;0;0;89;0;109;0;
7214;3821336;1021771776;18776064;1096335360;0;0;0;0;0;0;0;0;0;0;0;2454;0;0;89;0;109;0;
7215;4873249;1016999936;13299712;1090859008;0;0;0;0;0;0;0;0;0;0;0;1784;0;0;89;0;109;0;
7216;1796429;1016999936;13299712;1090859008;0;0;0;0;0;0;0;0;0;0;0;2185;0;0;89;0;109;0;
7217;3665234;1016999936;13299712;1090859008;0;0;0;0;0;0;0;0;0;0;0;1863;0;0;89;0;109;0;
7218;3053075;1016999936;13299712;1090859008;0;0;0;0;0;0;0;0;0;0;0;2064;0;0;89;0;109;0;
7219;6187183;1018077184;18776064;1096335360;0;0;0;0;0;0;0;0;0;0;0;32651;0;0;89;0;109;0;
7220;3753379;1020174336;18776064;1096335360;0;0;0;0;0;0;0;0;0;0;0;2455;0;0;89;0;109;0;
7221;2828895;1020440576;18776064;1096335360;0;0;0;0;0;0;0;0;0;0;0;1623;0;0;89;0;109;0;
7222;3740404;1020440576;18776064;1096335360;0;0;0;0;0;0;0;0;0;0;0;2996;0;0;89;0;109;0;
7223;5079015;1021792256;18776064;1096335360;0;0;0;0;0;0;0;0;0;0;0;3336;0;0;89;0;109;0;
7224;3534949;1021792256;18776064;1096335360;0;0;0;0;0;0;0;0;0;0;0;2726;0;0;89;0;109;0;
7225;6618091;1021792256;18776064;1096335360;0;0;0;0;0;0;0;0;0;0;0;2654;0;0;89;0;109;0;
7226;4757823;1021792256;18776064;1096335360;0;0;0;0;0;0;0;0;0;0;0;3346;0;0;89;0;109;0;
7227;2657934;1021792256;18776064;1096335360;0;0;0;0;0;0;0;0;0;0;0;1934;0;0;89;0;109;0;
7228;2346370;1021792256;18776064;1096335360;0;0;0;0;0;0;0;0;0;0;0;2144;0;0;89;0;109;0;
7229;3402872;1021792256;18776064;1096335360;0;0;0;0;0;0;0;0;0;0;0;1784;0;0;89;0;109;0;
7230;3074385;1021792256;18776064;1096335360;0;0;0;0;0;0;0;0;0;0;0;1763;0;0;89;0;109;0;
7231;5756596;1021792256;18776064;1096335360;0;0;0;0;0;0;0;0;0;0;0;2174;0;0;89;0;109;0;
7232;3820525;1021792256;18776064;1096335360;0;0;0;0;0;0;0;0;0;0;0;2876;0;0;89;0;109;0;
7233;3311199;1021792256;18776064;1096335360;0;0;0;0;0;0;0;0;0;0;0;1854;0;0;89;0;109;0;
7234;2252294;1021792256;18776064;1096335360;0;0;0;0;0;0;0;0;0;0;0;2375;0;0;89;0;109;0;
7235;2757532;1021792256;18776064;1096335360;0;0;0;0;0;0;0;0;0;0;0;1513;0;0;89;0;109;0;
7236;1575816;1021792256;18776064;1096335360;0;0;0;0;0;0;0;0;0;0;0;1532;0;0;89;0;109;0;
7237;4736613;1021792256;18776064;1096335360;0;0;0;0;0;0;0;0;0;0;0;1633;0;0;89;0;109;0;
7238;3491778;1021792256;18776064;1096335360;0;0;0;0;0;0;0;0;0;0;0;2555;0;0;89;0;109;0;
7239;3193239;1016999936;13299712;1090859008;0;0;0;0;0;0;0;0;0;0;0;2225;0;0;89;0;109;0;
7240;3235458;1016999936;13299712;1090859008;0;0;0;0;0;0;0;0;0;0;0;2695;0;0;89;0;109;0;
7241;3413011;1016999936;13299712;1090859008;0;0;0;0;0;0;0;0;0;0;0;2765;0;0;89;0;109;0;
7242;1397211;1016999936;13299712;1090859008;0;0;0;0;0;0;0;0;0;0;0;2214;0;0;89;0;109;0;
7243;7285152;1018077184;18776064;1096335360;0;0;0;0;0;0;0;0;0;0;0;2124;0;0;89;0;109;0;
7244;3914732;1018077184;18776064;1096335360;0;0;0;0;0;0;0;0;0;0;0;2335;0;0;89;0;109;0;
7245;2717386;1018077184;18776064;1096335360;0;0;0;0;0;0;0;0;0;0;0;1763;0;0;89;0;109;0;
7246;1965065;1018077184;18776064;1096335360;0;0;0;0;0;0;0;0;0;0;0;2434;0;0;89;0;109;0;
7247;2563398;1018077184;18776064;1096335360;0;0;0;0;0;0;0;0;0;0;0;1482;0;0;89;0;109;0;
7248;2934734;1018077184;18776064;1096335360;0;0;0;0;0;0;0;0;0;0;0;1703;0;0;89;0;109;0;
7249;4964881;1018077184;18776064;1096335360;0;0;0;0;0;0;0;0;0;0;0;1904;0;0;89;0;109;0;
7250;3248632;1018077184;18776064;1096335360;0;0;0;0;0;0;0;0;0;0;0;2444;0;0;89;0;109;0;
7251;2362530;1018077184;18776064;1096335360;0;0;0;0;0;0;0;0;0;0;0;1884;0;0;89;0;109;0;
7252;2194906;1018077184;18776064;1096335360;0;0;0;0;0;0;0;0;0;0;0;1723;0;0;89;0;109;0;
7253;2472437;1018077184;18776064;1096335360;0;0;0;0;0;0;0;0;0;0;0;1613;0;0;89;0;109;0;
7254;2464351;1018077184;18776064;1096335360;0;0;0;0;0;0;0;0;0;0;0;1673;0;0;89;0;109;0;
7255;5636170;1018077184;18776064;1096335360;0;0;0;0;0;0;0;0;0;0;0;1643;0;0;89;0;109;0;
7256;4389011;1018077184;18776064;1096335360;0;0;0;0;0;0;0;0;0;0;0;3105;0;0;89;0;109;0;
7257;3460850;1018077184;18776064;1096335360;0;0;0;0;0;0;0;0;0;0;0;1573;0;0;89;0;109;0;
7258;2439565;1018077184;18776064;1096335360;0;0;0;0;0;0;0;0;0;0;0;1623;0;0;89;0;109;0;
7259;3007340;1018077184;18776064;1096335360;0;0;0;0;0;0;0;0;0;0;0;1543;0;0;89;0;109;0;
7260;1796960;1018077184;18776064;1096335360;0;0;0;0;0;0;0;0;0;0;0;1453;0;0;89;0;109;0;
7261;5092320;1018077184;18776064;1096335360;0;0;0;0;0;0;0;0;0;0;0;1592;0;0;89;0;109;0;
7262;2260470;1018077184;18776064;1096335360;0;0;0;0;0;0;0;0;0;0;0;1633;0;0;89;0;109;0;
7263;3222834;1016999936;13299712;1090859008;0;0;0;0;0;0;0;0;0;0;0;1542;0;0;89;0;109;0;
7264;2343495;1016999936;13299712;1090859008;0;0;0;0;0;0;0;0;0;0;0;1623;0;0;89;0;109;0;
7265;2829286;1016999936;13299712;1090859008;0;0;0;0;0;0;0;0;0;0;0;1663;0;0;89;0;109;0;
7266;2164439;1016999936;13299712;1090859008;0;0;0;0;0;0;0;0;0;0;0;1483;0;0;89;0;109;0;
7267;6339939;1018077184;18776064;1096335360;0;0;0;0;0;0;0;0;0;0;0;1683;0;0;89;0;109;0;
7268;3650486;1018077184;18776064;1096335360;0;0;0;0;0;0;0;0;0;0;0;1813;0;0;89;0;109;0;
7269;2255160;1018077184;18776064;1096335360;0;0;0;0;0;0;0;0;0;0;0;1283;0;0;89;0;109;0;
7270;1622372;1018077184;18776064;1096335360;0;0;0;0;0;0;0;0;0;0;0;1543;0;0;89;0;109;0;
7271;1724644;1018077184;18776064;1096335360;0;0;0;0;0;0;0;0;0;0;0;1533;0;0;89;0;109;0;
7272;1098199;1018077184;18776064;1096335360;0;0;0;0;0;0;0;0;0;0;0;1513;0;0;89;0;109;0;
7273;5375922;1018077184;18776064;1096335360;0;0;0;0;0;0;0;0;0;0;0;1533;0;0;89;0;109;0;
7274;2923784;1018077184;18776064;1096335360;0;0;0;0;0;0;0;0;0;0;0;2014;0;0;89;0;109;0;
7275;2739076;1018077184;18776064;1096335360;0;0;0;0;0;0;0;0;0;0;0;1342;0;0;89;0;109;0;
7276;2050515;1018077184;18776064;1096335360;0;0;0;0;0;0;0;0;0;0;0;1533;0;0;89;0;109;0;
7277;2871946;1018077184;18776064;1096335360;0;0;0;0;0;0;0;0;0;0;0;1583;0;0;89;0;109;0;
7278;1404024;1018077184;18776064;1096335360;0;0;0;0;0;0;0;0;0;0;0;1633;0;0;89;0;109;0;
7279;5736407;1018077184;18776064;1096335360;0;0;0;0;0;0;0;0;0;0;0;1413;0;0;89;0;109;0;
7280;3170877;1018077184;18776064;1096335360;0;0;0;0;0;0;0;0;0;0;0;1994;0;0;89;0;109;0;
7281;1852304;1018077184;18776064;1096335360;0;0;0;0;0;0;0;0;0;0;0;1563;0;0;89;0;109;0;
7282;1458134;1018077184;18776064;1096335360;0;0;0;0;0;0;0;0;0;0;0;1433;0;0;89;0;109;0;
7283;1824041;1018077184;18776064;1096335360;0;0;0;0;0;0;0;0;0;0;0;1763;0;0;89;0;109;0;
7284;2429767;1018077184;18776064;1096335360;0;0;0;0;0;0;0;0;0;0;0;1603;0;0;89;0;109;0;
7285;5659513;1018077184;18776064;1096335360;0;0;0;0;0;0;0;0;0;0;0;1542;0;0;89;0;109;0;
7286;4171514;1018077184;18776064;1096335360;0;0;0;0;0;0;0;0;0;0;0;2234;0;0;89;0;109;0;
7287;3323903;1016999936;13299712;1090859008;0;0;0;0;0;0;0;0;0;0;0;1613;0;0;89;0;109;0;
7288;2140755;1016999936;13299712;1090859008;0;0;0;0;0;0;0;0;0;0;0;1573;0;0;89;0;109;0;
7289;2794290;1016999936;13299712;1090859008;0;0;0;0;0;0;0;0;0;0;0;1483;0;0;89;0;109;0;
7290;1827989;1016999936;13299712;1090859008;0;0;0;0;0;0;0;0;0;0;0;1613;0;0;89;0;109;0;
7291;5557523;1018077184;18776064;1096335360;0;0;0;0;0;0;0;0;0;0;0;1813;0;0;89;0;109;0;
7292;4043192;1020174336;18776064;1096335360;0;0;0;0;0;0;0;0;0;0;0;2555;0;0;89;0;109;0;
7293;2871255;1020710912;18776064;1096335360;0;0;0;0;0;0;0;0;0;0;0;1402;0;0;89;0;109;0;
7294;2536497;1020710912;18776064;1096335360;0;0;0;0;0;0;0;0;0;0;0;1403;0;0;89;0;109;0;
7295;4003077;1021792256;18776064;1096335360;0;0;0;0;0;0;0;0;0;0;0;1603;0;0;89;0;109;0;
7296;2055404;1021792256;18776064;1096335360;0;0;0;0;0;0;0;0;0;0;0;1603;0;0;89;0;109;0;
7297;5580205;1021792256;18776064;1096335360;0;0;0;0;0;0;0;0;0;0;0;1613;0;0;89;0;109;0;
7298;3711761;1021792256;18776064;1096335360;0;0;0;0;0;0;0;0;0;0;0;2024;0;0;89;0;109;0;
7299;4229102;1021792256;18776064;1096335360;0;0;0;0;0;0;0;0;0;0;0;1754;0;0;89;0;109;0;
7300;1860058;1021792256;18776064;1096335360;0;0;0;0;0;0;0;0;0;0;0;1473;0;0;89;0;109;0;
7301;3545910;1021792256;18776064;1096335360;0;0;0;0;0;0;0;0;0;0;0;1593;0;0;89;0;109;0;
7302;1939106;1021792256;18776064;1096335360;0;0;0;0;0;0;0;0;0;0;0;1543;0;0;89;0;109;0;
7303;6691529;1021792256;18776064;1096335360;0;0;0;0;0;0;0;0;0;0;0;2154;0;0;89;0;109;0;
7304;8083350;1021792256;18776064;1096335360;0;0;0;0;0;0;0;0;0;0;0;1763;0;0;89;0;109;0;
7305;1666585;1021792256;18776064;1096335360;0;0;0;0;0;0;0;0;0;0;0;1603;0;0;89;0;109;0;
7306;1950217;1021792256;18776064;1096335360;0;0;0;0;0;0;0;0;0;0;0;1653;0;0;89;0;109;0;
7307;3128898;1021792256;18776064;1096335360;0;0;0;0;0;0;0;0;0;0;0;1954;0;0;89;0;109;0;
7308;2634741;1021792256;18776064;1096335360;0;0;0;0;0;0;0;0;0;0;0;1783;0;0;89;0;109;0;
7309;5684110;1021792256;18776064;1096335360;0;0;0;0;0;0;0;0;0;0;0;1552;0;0;89;0;109;0;
7310;3146541;1021792256;18776064;1096335360;0;0;0;0;0;0;0;0;0;0;0;2114;0;0;89;0;109;0;
7311;2678243;1016999936;13299712;1090859008;0;0;0;0;0;0;0;0;0;0;0;1483;0;0;89;0;109;0;
7312;2902052;1016999936;13299712;1090859008;0;0;0;0;0;0;0;0;0;0;0;1583;0;0;89;0;109;0;
7313;2618270;1016999936;13299712;1090859008;0;0;0;0;0;0;0;0;0;0;0;1473;0;0;89;0;109;0;
7314;2360517;1016999936;13299712;1090859008;0;0;0;0;0;0;0;0;0;0;0;1593;0;0;89;0;109;0;
7315;7736358;1018077184;18776064;1096335360;0;0;0;0;0;0;0;0;0;0;0;1683;0;0;89;0;109;0;
7316;2928783;1020174336;18776064;1096335360;0;0;0;0;0;0;0;0;0;0;0;2134;0;0;89;0;109;0;
7317;1969062;1020710912;18776064;1096335360;0;0;0;0;0;0;0;0;0;0;0;1483;0;0;89;0;109;0;
7318;1483772;1020710912;18776064;1096335360;0;0;0;0;0;0;0;0;0;0;0;1674;0;0;89;0;109;0;
7319;3121413;1021792256;18776064;1096335360;0;0;0;0;0;0;0;0;0;0;0;1713;0;0;89;0;109;0;
7320;1833559;1021792256;18776064;1096335360;0;0;0;0;0;0;0;0;0;0;0;1503;0;0;89;0;109;0;
7321;5286074;1021792256;18776064;1096335360;0;0;0;0;0;0;0;0;0;0;0;1653;0;0;89;0;109;0;
7322;2855636;1021792256;18776064;1096335360;0;0;0;0;0;0;0;0;0;0;0;1964;0;0;89;0;109;0;
7323;2842801;1021792256;18776064;1096335360;0;0;0;0;0;0;0;0;0;0;0;1613;0;0;89;0;109;0;
7324;1567801;1021792256;18776064;1096335360;0;0;0;0;0;0;0;0;0;0;0;1623;0;0;89;0;109;0;
7325;1868224;1021792256;18776064;1096335360;0;0;0;0;0;0;0;0;0;0;0;1483;0;0;89;0;109;0;
7326;1520141;1021792256;18776064;1096335360;0;0;0;0;0;0;0;0;0;0;0;1623;0;0;89;0;109;0;
7327;5127065;1021792256;18776064;1096335360;0;0;0;0;0;0;0;0;0;0;0;1453;0;0;89;0;109;0;
7328;4115358;1021792256;18776064;1096335360;0;0;0;0;0;0;0;0;0;0;0;2965;0;0;89;0;109;0;
7329;2046859;1021792256;18776064;1096335360;0;0;0;0;0;0;0;0;0;0;0;1553;0;0;89;0;109;0;
7330;1162640;1021792256;18776064;1096335360;0;0;0;0;0;0;0;0;0;0;0;1243;0;0;89;0;109;0;
7331;2224191;1021792256;18776064;1096335360;0;0;0;0;0;0;0;0;0;0;0;1703;0;0;89;0;109;0;
7332;1944928;1021792256;18776064;1096335360;0;0;0;0;0;0;0;0;0;0;0;1412;0;0;89;0;109;0;
7333;5252751;1021792256;18776064;1096335360;0;0;0;0;0;0;0;0;0;0;0;1513;0;0;89;0;109;0;
7334;2468720;1021792256;18776064;1096335360;0;0;0;0;0;0;0;0;0;0;0;1553;0;0;89;0;109;0;
7335;2176131;1021792256;18776064;1096335360;0;0;0;0;0;0;0;0;0;0;0;1473;0;0;89;0;109;0;
7336;2291076;1021792256;18776064;1096335360;0;0;0;0;0;0;0;0;0;0;0;2034;0;0;89;0;109;0;
7337;2414909;1021792256;18776064;1096335360;0;0;0;0;0;0;0;0;0;0;0;1613;0;0;89;0;109;0;
7338;1577699;1021792256;18776064;1096335360;0;0;0;0;0;0;0;0;0;0;0;1603;0;0;89;0;109;0;
7339;6075443;1021792256;18776064;1096335360;0;0;0;0;0;0;0;0;0;0;0;1503;0;0;89;0;109;0;
7340;2936608;1021792256;18776064;1096335360;0;0;0;0;0;0;0;0;0;0;0;2104;0;0;89;0;109;0;
7341;1542793;1021792256;18776064;1096335360;0;0;0;0;0;0;0;0;0;0;0;1483;0;0;89;0;109;0;
7342;1845010;1021792256;18776064;1096335360;0;0;0;0;0;0;0;0;0;0;0;1883;0;0;89;0;109;0;
7343;1907798;1021792256;18776064;1096335360;0;0;0;0;0;0;0;0;0;0;0;1533;0;0;89;0;109;0;
7344;1774067;1021792256;18776064;1096335360;0;0;0;0;0;0;0;0;0;0;0;1713;0;0;89;0;109;0;
7345;5539719;1021792256;18776064;1096335360;0;0;0;0;0;0;0;0;0;0;0;1934;0;0;89;0;109;0;
7346;3493772;1021792256;18776064;1096335360;0;0;0;0;0;0;0;0;0;0;0;3026;0;0;89;0;109;0;
7347;3313203;1021792256;18776064;1096335360;0;0;0;0;0;0;0;0;0;0;0;2985;0;0;89;0;109;0;
7348;1714435;1021792256;18776064;1096335360;0;0;0;0;0;0;0;0;0;0;0;2244;0;0;89;0;109;0;
7349;1954576;1021792256;18776064;1096335360;0;0;0;0;0;0;0;0;0;0;0;1643;0;0;89;0;109;0;
7350;1269220;1021792256;18776064;1096335360;0;0;0;0;0;0;0;0;0;0;0;1473;0;0;89;0;109;0;
7351;5140009;1022058496;18776064;1096335360;0;0;0;0;0;0;0;0;0;0;0;1513;0;0;89;0;109;0;
7352;2548048;1022058496;18776064;1096335360;0;0;0;0;0;0;0;0;0;0;0;1753;0;0;89;0;109;0;
7353;2875182;1017266176;13299712;1090859008;0;0;0;0;0;0;0;0;0;0;0;1613;0;0;89;0;109;0;
7354;1703475;1017266176;13299712;1090859008;0;0;0;0;0;0;0;0;0;0;0;1563;0;0;89;0;109;0;
7355;2453461;1017266176;13299712;1090859008;0;0;0;0;0;0;0;0;0;0;0;1453;0;0;89;0;109;0;
7356;1544166;1017266176;13299712;1090859008;0;0;0;0;0;0;0;0;0;0;0;1563;0;0;89;0;109;0;
7357;4656522;1017266176;13299712;1090859008;0;0;0;0;0;0;0;0;0;0;0;1483;0;0;89;0;109;0;
7358;3057033;1017266176;13299712;1090859008;0;0;0;0;0;0;0;0;0;0;0;1843;0;0;89;0;109;0;
7359;2598483;1017266176;13299712;1090859008;0;0;0;0;0;0;0;0;0;0;0;1513;0;0;89;0;109;0;
7360;1970145;1017266176;13299712;1090859008;0;0;0;0;0;0;0;0;0;0;0;1493;0;0;89;0;109;0;
7361;2274325;1017266176;13299712;1090859008;0;0;0;0;0;0;0;0;0;0;0;1232;0;0;89;0;109;0;
7362;1677927;1017266176;13299712;1090859008;0;0;0;0;0;0;0;0;0;0;0;1854;0;0;89;0;109;0;
7363;5087371;1018343424;18776064;1096335360;0;0;0;0;0;0;0;0;0;0;0;1623;0;0;89;0;109;0;
7364;2630303;1020440576;18776064;1096335360;0;0;0;0;0;0;0;0;0;0;0;2124;0;0;89;0;109;0;
7365;2451828;1020977152;18776064;1096335360;0;0;0;0;0;0;0;0;0;0;0;1653;0;0;89;0;109;0;
7366;1796148;1020977152;18776064;1096335360;0;0;0;0;0;0;0;0;0;0;0;1563;0;0;89;0;109;0;
7367;2480592;1022058496;18776064;1096335360;0;0;0;0;0;0;0;0;0;0;0;1222;0;0;89;0;109;0;
7368;1673789;1022058496;18776064;1096335360;0;0;0;0;0;0;0;0;0;0;0;1252;0;0;89;0;109;0;
7369;4990278;1022058496;18776064;1096335360;0;0;0;0;0;0;0;0;0;0;0;1473;0;0;89;0;109;0;
7370;3495966;1022058496;18776064;1096335360;0;0;0;0;0;0;0;0;0;0;0;1914;0;0;89;0;109;0;
7371;1838718;1022058496;18776064;1096335360;0;0;0;0;0;0;0;0;0;0;0;1533;0;0;89;0;109;0;
7372;2450906;1022058496;18776064;1096335360;0;0;0;0;0;0;0;0;0;0;0;1954;0;0;89;0;109;0;
7373;3226130;1022058496;18776064;1096335360;0;0;0;0;0;0;0;0;0;0;0;1503;0;0;89;0;109;0;
7374;2892775;1022058496;18776064;1096335360;0;0;0;0;0;0;0;0;0;0;0;1653;0;0;89;0;109;0;
7375;5319185;1022058496;18776064;1096335360;0;0;0;0;0;0;0;0;0;0;0;1433;0;0;89;0;109;0;
7376;4183485;1022058496;18776064;1096335360;0;0;0;0;0;0;0;0;0;0;0;1973;0;0;89;0;109;0;
7377;2026010;1022058496;18776064;1096335360;0;0;0;0;0;0;0;0;0;0;0;1453;0;0;89;0;109;0;
7378;1671845;1022058496;18776064;1096335360;0;0;0;0;0;0;0;0;0;0;0;1593;0;0;89;0;109;0;
7379;2666891;1022058496;18776064;1096335360;0;0;0;0;0;0;0;0;0;0;0;1503;0;0;89;0;109;0;
7380;1995893;1022058496;18776064;1096335360;0;0;0;0;0;0;0;0;0;0;0;1693;0;0;89;0;109;0;
7381;4730020;1022058496;18776064;1096335360;0;0;0;0;0;0;0;0;0;0;0;1503;0;0;89;0;109;0;
7382;2687841;1022058496;18776064;1096335360;0;0;0;0;0;0;0;0;0;0;0;1944;0;0;89;0;109;0;
7383;2312878;1022058496;18776064;1096335360;0;0;0;0;0;0;0;0;0;0;0;1443;0;0;89;0;109;0;
7384;2698741;1022058496;18776064;1096335360;0;0;0;0;0;0;0;0;0;0;0;1693;0;0;89;0;109;0;
7385;2838142;1022058496;18776064;1096335360;0;0;0;0;0;0;0;0;0;0;0;1633;0;0;89;0;109;0;
7386;2205536;1022058496;18776064;1096335360;0;0;0;0;0;0;0;0;0;0;0;1502;0;0;89;0;109;0;
7387;5747338;1022058496;18776064;1096335360;0;0;0;0;0;0;0;0;0;0;0;64611;0;0;89;0;109;0;
7388;2401744;1022058496;18776064;1096335360;0;0;0;0;0;0;0;0;0;0;0;1713;0;0;89;0;109;0;
7389;3236539;1022058496;18776064;1096335360;0;0;0;0;0;0;0;0;0;0;0;1683;0;0;89;0;109;0;
7390;2234961;1022058496;18776064;1096335360;0;0;0;0;0;0;0;0;0;0;0;1914;0;0;89;0;109;0;
7391;2514356;1022058496;18776064;1096335360;0;0;0;0;0;0;0;0;0;0;0;1483;0;0;89;0;109;0;
7392;1836615;1022058496;18776064;1096335360;0;0;0;0;0;0;0;0;0;0;0;1483;0;0;89;0;109;0;
7393;4306557;1022058496;18776064;1096335360;0;0;0;0;0;0;0;0;0;0;0;1432;0;0;89;0;109;0;
7394;2583364;1022058496;18776064;1096335360;0;0;0;0;0;0;0;0;0;0;0;1893;0;0;89;0;109;0;
7395;2501361;1022058496;18776064;1096335360;0;0;0;0;0;0;0;0;0;0;0;1653;0;0;89;0;109;0;
7396;2189737;1022058496;18776064;1096335360;0;0;0;0;0;0;0;0;0;0;0;1473;0;0;89;0;109;0;
7397;2407285;1022058496;18776064;1096335360;0;0;0;0;0;0;0;0;0;0;0;1342;0;0;89;0;109;0;
7398;2495811;1022058496;18776064;1096335360;0;0;0;0;0;0;0;0;0;0;0;1462;0;0;89;0;109;0;
7399;5320477;1022058496;18776064;1096335360;0;0;0;0;0;0;0;0;0;0;0;1553;0;0;89;0;109;0;
7400;2667833;1022058496;18776064;1096335360;0;0;0;0;0;0;0;0;0;0;0;1914;0;0;89;0;109;0;
7401;2599665;1017266176;13299712;1090859008;0;0;0;0;0;0;0;0;0;0;0;1623;0;0;89;0;109;0;
7402;2204494;1017266176;13299712;1090859008;0;0;0;0;0;0;0;0;0;0;0;1634;0;0;89;0;109;0;
7403;3061452;1017266176;13299712;1090859008;0;0;0;0;0;0;0;0;0;0;0;1563;0;0;89;0;109;0;
7404;1946591;1017266176;13299712;1090859008;0;0;0;0;0;0;0;0;0;0;0;1623;0;0;89;0;109;0;
7405;5158514;1018343424;18776064;1096335360;0;0;0;0;0;0;0;0;0;0;0;1593;0;0;89;0;109;0;
7406;2705574;1018343424;18776064;1096335360;0;0;0;0;0;0;0;0;0;0;0;1653;0;0;89;0;109;0;
7407;2398338;1018343424;18776064;1096335360;0;0;0;0;0;0;0;0;0;0;0;1323;0;0;89;0;109;0;
7408;1060018;1018343424;18776064;1096335360;0;0;0;0;0;0;0;0;0;0;0;2033;0;0;89;0;109;0;
7409;2079370;1018343424;18776064;1096335360;0;0;0;0;0;0;0;0;0;0;0;1553;0;0;89;0;109;0;
7410;2042942;1018343424;18776064;1096335360;0;0;0;0;0;0;0;0;0;0;0;1824;0;0;89;0;109;0;
7411;4954842;1018343424;18776064;1096335360;0;0;0;0;0;0;0;0;0;0;0;1513;0;0;89;0;109;0;
7412;2838934;1018343424;18776064;1096335360;0;0;0;0;0;0;0;0;0;0;0;1864;0;0;89;0;109;0;
7413;3040462;1018343424;18776064;1096335360;0;0;0;0;0;0;0;0;0;0;0;1463;0;0;89;0;109;0;
7414;1664111;1018343424;18776064;1096335360;0;0;0;0;0;0;0;0;0;0;0;1252;0;0;89;0;109;0;
7415;2777208;1018343424;18776064;1096335360;0;0;0;0;0;0;0;0;0;0;0;1513;0;0;89;0;109;0;
7416;2395773;1018343424;18776064;1096335360;0;0;0;0;0;0;0;0;0;0;0;1724;0;0;89;0;109;0;
7417;5134339;1018343424;18776064;1096335360;0;0;0;0;0;0;0;0;0;0;0;1924;0;0;89;0;109;0;
7418;3282286;1018343424;18776064;1096335360;0;0;0;0;0;0;0;0;0;0;0;1393;0;0;89;0;109;0;
7419;2650691;1018343424;18776064;1096335360;0;0;0;0;0;0;0;0;0;0;0;1503;0;0;89;0;109;0;
7420;1542363;1018343424;18776064;1096335360;0;0;0;0;0;0;0;0;0;0;0;1593;0;0;89;0;109;0;
7421;2886483;1018343424;18776064;1096335360;0;0;0;0;0;0;0;0;0;0;0;1523;0;0;89;0;109;0;
7422;1744892;1018343424;18776064;1096335360;0;0;0;0;0;0;0;0;0;0;0;1583;0;0;89;0;109;0;
7423;5438569;1018343424;18776064;1096335360;0;0;0;0;0;0;0;0;0;0;0;1643;0;0;89;0;109;0;
7424;3176587;1018343424;18776064;1096335360;0;0;0;0;0;0;0;0;0;0;0;2134;0;0;89;0;109;0;
7425;3347047;1017266176;13299712;1090859008;0;0;0;0;0;0;0;0;0;0;0;1563;0;0;89;0;109;0;
7426;1812289;1017266176;13299712;1090859008;0;0;0;0;0;0;0;0;0;0;0;1432;0;0;89;0;109;0;
7427;2142528;1017266176;13299712;1090859008;0;0;0;0;0;0;0;0;0;0;0;1223;0;0;89;0;109;0;
7428;2127169;1017266176;13299712;1090859008;0;0;0;0;0;0;0;0;0;0;0;1523;0;0;89;0;109;0;
7429;5569695;1018343424;18776064;1096335360;0;0;0;0;0;0;0;0;0;0;0;1453;0;0;89;0;109;0;
7430;3835443;1020440576;18776064;1096335360;0;0;0;0;0;0;0;0;0;0;0;2705;0;0;89;0;109;0;
7431;3022057;1020977152;18776064;1096335360;0;0;0;0;0;0;0;0;0;0;0;1623;0;0;89;0;109;0;
7432;3311170;1022599168;18776064;1096335360;0;0;0;0;0;0;0;0;0;0;0;1683;0;0;89;0;109;0;
7433;5369320;1022599168;18776064;1096335360;0;0;0;0;0;0;0;0;0;0;0;1483;0;0;89;0;109;0;
7434;3808833;1022599168;18776064;1096335360;0;0;0;0;0;0;0;0;0;0;0;2034;0;0;89;0;109;0;
7435;2758093;1022599168;18776064;1096335360;0;0;0;0;0;0;0;0;0;0;0;1623;0;0;89;0;109;0;
7436;2145052;1022599168;18776064;1096335360;0;0;0;0;0;0;0;0;0;0;0;1363;0;0;89;0;109;0;
7437;2408287;1022599168;18776064;1096335360;0;0;0;0;0;0;0;0;0;0;0;1503;0;0;89;0;109;0;
7438;2526449;1022599168;18776064;1096335360;0;0;0;0;0;0;0;0;0;0;0;1513;0;0;89;0;109;0;
7439;5156430;1022599168;18776064;1096335360;0;0;0;0;0;0;0;0;0;0;0;1723;0;0;89;0;109;0;
7440;3680172;1022599168;18776064;1096335360;0;0;0;0;0;0;0;0;0;0;0;2886;0;0;89;0;110;0;
7441;2469340;1022599168;18776064;1096335360;0;0;0;0;0;0;0;0;0;0;0;1412;0;0;89;0;110;0;
7442;1553563;1022599168;18776064;1096335360;0;0;0;0;0;0;0;0;0;0;0;1533;0;0;89;0;110;0;
7443;2266471;1022599168;18776064;1096335360;0;0;0;0;0;0;0;0;0;0;0;1613;0;0;89;0;110;0;
7444;1664351;1022599168;18776064;1096335360;0;0;0;0;0;0;0;0;0;0;0;1523;0;0;89;0;110;0;
7445;5350755;1022599168;18776064;1096335360;0;0;0;0;0;0;0;0;0;0;0;1603;0;0;89;0;110;0;
7446;3631030;1022599168;18776064;1096335360;0;0;0;0;0;0;0;0;0;0;0;2254;0;0;89;0;110;0;
7447;2918773;1017544704;13299712;1090859008;0;0;0;0;0;0;0;0;0;0;0;1633;0;0;89;0;110;0;
7448;1619998;1017544704;13299712;1090859008;0;0;0;0;0;0;0;0;0;0;0;1542;0;0;89;0;110;0;
7449;2946536;1017544704;13299712;1090859008;0;0;0;0;0;0;0;0;0;0;0;1643;0;0;89;0;110;0;
7450;2059132;1017544704;13299712;1090859008;0;0;0;0;0;0;0;0;0;0;0;1673;0;0;89;0;110;0;
7451;4904087;1017544704;13299712;1090859008;0;0;0;0;0;0;0;0;0;0;0;1593;0;0;89;0;110;0;
7452;2901081;1017544704;13299712;1090859008;0;0;0;0;0;0;0;0;0;0;0;2084;0;0;89;0;110;0;
7453;2727144;1017544704;13299712;1090859008;0;0;0;0;0;0;0;0;0;0;0;1663;0;0;89;0;110;0;
7454;2822583;1017544704;13299712;1090859008;0;0;0;0;0;0;0;0;0;0;0;1593;0;0;89;0;110;0;
7455;3644956;1017544704;13299712;1090859008;0;0;0;0;0;0;0;0;0;0;0;1543;0;0;89;0;110;0;
7456;2740540;1017544704;13299712;1090859008;0;0;0;0;0;0;0;0;0;0;0;1432;0;0;89;0;110;0;
7457;5886810;1018621952;18776064;1096335360;0;0;0;0;0;0;0;0;0;0;0;1473;0;0;89;0;110;0;
7458;2959600;1018621952;18776064;1096335360;0;0;0;0;0;0;0;0;0;0;0;1854;0;0;89;0;110;0;
7459;2554130;1018621952;18776064;1096335360;0;0;0;0;0;0;0;0;0;0;0;1533;0;0;89;0;110;0;
7460;1597235;1018621952;18776064;1096335360;0;0;0;0;0;0;0;0;0;0;0;1252;0;0;89;0;110;0;
7461;2759065;1018621952;18776064;1096335360;0;0;0;0;0;0;0;0;0;0;0;2063;0;0;89;0;110;0;
7462;2019608;1018621952;18776064;1096335360;0;0;0;0;0;0;0;0;0;0;0;1673;0;0;89;0;110;0;
7463;5841805;1018621952;18776064;1096335360;0;0;0;0;0;0;0;0;0;0;0;1533;0;0;89;0;110;0;
7464;2498305;1018621952;18776064;1096335360;0;0;0;0;0;0;0;0;0;0;0;2054;0;0;89;0;110;0;
7465;2561304;1018621952;18776064;1096335360;0;0;0;0;0;0;0;0;0;0;0;1693;0;0;89;0;110;0;
7466;2044224;1018621952;18776064;1096335360;0;0;0;0;0;0;0;0;0;0;0;1363;0;0;89;0;110;0;
7467;3106926;1018621952;18776064;1096335360;0;0;0;0;0;0;0;0;0;0;0;1633;0;0;89;0;110;0;
7468;1752076;1018621952;18776064;1096335360;0;0;0;0;0;0;0;0;0;0;0;1533;0;0;89;0;110;0;
7469;4895771;1018621952;18776064;1096335360;0;0;0;0;0;0;0;0;0;0;0;2314;0;0;89;0;110;0;
7470;3367796;1018621952;18780160;1096339456;0;0;0;0;0;0;0;0;0;0;0;1693;0;0;89;0;110;0;
7471;2574819;1018621952;18780160;1096339456;0;0;0;0;0;0;0;0;0;0;0;1473;0;0;89;0;110;0;
7472;2851317;1018892288;18780160;1096339456;0;0;0;0;0;0;0;0;0;0;0;1563;0;0;89;0;110;0;
7473;3485757;1018892288;18780160;1096339456;0;0;0;0;0;0;0;0;0;0;0;1643;0;0;89;0;110;0;
7474;1866030;1018892288;18780160;1096339456;0;0;0;0;0;0;0;0;0;0;0;1563;0;0;89;0;110;0;
7475;4571614;1018892288;18780160;1096339456;0;0;0;0;0;0;0;0;0;0;0;1573;0;0;89;0;110;0;
7476;3310689;1021255680;18780160;1096339456;0;0;0;0;0;0;0;0;0;0;0;2294;0;0;89;0;110;0;
7477;2935435;1021526016;18780160;1096339456;0;0;0;0;0;0;0;0;0;0;0;1603;0;0;89;0;110;0;
7478;2015280;1021526016;18780160;1096339456;0;0;0;0;0;0;0;0;0;0;0;1723;0;0;89;0;110;0;
7479;3346997;1022877696;18780160;1096339456;0;0;0;0;0;0;0;0;0;0;0;1513;0;0;89;0;110;0;
7480;2219172;1022877696;18780160;1096339456;0;0;0;0;0;0;0;0;0;0;0;1603;0;0;89;0;110;0;
7481;5304437;1022877696;18780160;1096339456;0;0;0;0;0;0;0;0;0;0;0;1493;0;0;89;0;110;0;
7482;3803543;1022877696;18780160;1096339456;0;0;0;0;0;0;0;0;0;0;0;1593;0;0;89;0;110;0;
7483;1961859;1022943232;18776064;1096335360;0;0;0;0;0;0;0;0;0;0;0;1553;0;0;89;0;110;0;
7484;1769318;1022943232;18776064;1096335360;0;0;0;0;0;0;0;0;0;0;0;1593;0;0;89;0;110;0;
7485;2806984;1022943232;18776064;1096335360;0;0;0;0;0;0;0;0;0;0;0;1523;0;0;89;0;110;0;
7486;2786516;1022943232;18776064;1096335360;0;0;0;0;0;0;0;0;0;0;0;1553;0;0;89;0;110;0;
7487;5551271;1022943232;18776064;1096335360;0;0;0;0;0;0;0;0;0;0;0;1543;0;0;89;0;110;0;
7488;3568883;1022943232;18776064;1096335360;0;0;0;0;0;0;0;0;0;0;0;2084;0;0;89;0;110;0;
7489;3438749;1022943232;18776064;1096335360;0;0;0;0;0;0;0;0;0;0;0;1853;0;0;89;0;110;0;
7490;2799881;1022943232;18776064;1096335360;0;0;0;0;0;0;0;0;0;0;0;1724;0;0;89;0;110;0;
7491;3251508;1022943232;18776064;1096335360;0;0;0;0;0;0;0;0;0;0;0;1442;0;0;89;0;110;0;
7492;1652048;1022943232;18776064;1096335360;0;0;0;0;0;0;0;0;0;0;0;1282;0;0;89;0;110;0;
7493;6131469;1022943232;18776064;1096335360;0;0;0;0;0;0;0;0;0;0;0;1473;0;0;89;0;110;0;
7494;3337799;1022943232;18776064;1096335360;0;0;0;0;0;0;0;0;0;0;0;1954;0;0;89;0;110;0;
7495;2580109;1017815040;13299712;1090859008;0;0;0;0;0;0;0;0;0;0;0;1483;0;0;89;0;110;0;
7496;1683447;1017815040;13299712;1090859008;0;0;0;0;0;0;0;0;0;0;0;1543;0;0;89;0;110;0;
7497;2381636;1017815040;13299712;1090859008;0;0;0;0;0;0;0;0;0;0;0;1413;0;0;89;0;110;0;
7498;2320822;1017815040;13299712;1090859008;0;0;0;0;0;0;0;0;0;0;0;1673;0;0;89;0;110;0;
7499;6132681;1018892288;18776064;1096335360;0;0;0;0;0;0;0;0;0;0;0;1593;0;0;89;0;110;0;
7500;3568563;1020989440;18776064;1096335360;0;0;0;0;0;0;0;0;0;0;0;2134;0;0;89;0;110;0;
7501;3727550;1021526016;18776064;1096335360;0;0;0;0;0;0;0;0;0;0;0;1873;0;0;89;0;110;0;
7502;2098926;1021526016;18776064;1096335360;0;0;0;0;0;0;0;0;0;0;0;1463;0;0;89;0;110;0;
7503;3418261;1022877696;18776064;1096335360;0;0;0;0;0;0;0;0;0;0;0;1583;0;0;89;0;110;0;
7504;2548028;1022877696;18776064;1096335360;0;0;0;0;0;0;0;0;0;0;0;2083;0;0;89;0;110;0;
7505;6021744;1022877696;18776064;1096335360;0;0;0;0;0;0;0;0;0;0;0;1463;0;0;89;0;110;0;
7506;2840647;1022877696;18776064;1096335360;0;0;0;0;0;0;0;0;0;0;0;1984;0;0;89;0;110;0;
7507;2911380;1022877696;18776064;1096335360;0;0;0;0;0;0;0;0;0;0;0;1633;0;0;89;0;110;0;
7508;2022282;1022877696;18776064;1096335360;0;0;0;0;0;0;0;0;0;0;0;1744;0;0;89;0;110;0;
7509;2668074;1022877696;18776064;1096335360;0;0;0;0;0;0;0;0;0;0;0;1633;0;0;89;0;110;0;
7510;1660203;1022877696;18776064;1096335360;0;0;0;0;0;0;0;0;0;0;0;1663;0;0;89;0;110;0;
7511;6088127;1022877696;18776064;1096335360;0;0;0;0;0;0;0;0;0;0;0;2034;0;0;89;0;110;0;
7512;4491464;1022877696;18776064;1096335360;0;0;0;0;0;0;0;0;0;0;0;2465;0;0;89;0;110;0;
7513;3486989;1022877696;18776064;1096335360;0;0;0;0;0;0;0;0;0;0;0;1683;0;0;89;0;110;0;
7514;2320041;1022877696;18776064;1096335360;0;0;0;0;0;0;0;0;0;0;0;1713;0;0;89;0;110;0;
7515;2798348;1022877696;18776064;1096335360;0;0;0;0;0;0;0;0;0;0;0;1573;0;0;89;0;110;0;
7516;2105929;1022877696;18776064;1096335360;0;0;0;0;0;0;0;0;0;0;0;1463;0;0;89;0;110;0;
7517;5131323;1022877696;18776064;1096335360;0;0;0;0;0;0;0;0;0;0;0;1773;0;0;89;0;110;0;
7518;3881850;1022877696;18776064;1096335360;0;0;0;0;0;0;0;0;0;0;0;2244;0;0;89;0;110;0;
7519;3250886;1017815040;13299712;1090859008;0;0;0;0;0;0;0;0;0;0;0;1603;0;0;89;0;110;0;
7520;1926232;1017815040;13299712;1090859008;0;0;0;0;0;0;0;0;0;0;0;1714;0;0;89;0;110;0;
7521;2690686;1017815040;13299712;1090859008;0;0;0;0;0;0;0;0;0;0;0;2204;0;0;89;0;110;0;
7522;3184242;1017815040;13299712;1090859008;0;0;0;0;0;0;0;0;0;0;0;2264;0;0;89;0;110;0;
7523;5350223;1018892288;18776064;1096335360;0;0;0;0;0;0;0;0;0;0;0;1473;0;0;89;0;110;0;
7524;3828851;1018892288;18776064;1096335360;0;0;0;0;0;0;0;0;0;0;0;2124;0;0;89;0;110;0;
7525;2809058;1018892288;18776064;1096335360;0;0;0;0;0;0;0;0;0;0;0;1493;0;0;89;0;110;0;
7526;2440457;1018892288;18776064;1096335360;0;0;0;0;0;0;0;0;0;0;0;1834;0;0;89;0;110;0;
7527;3321299;1018892288;18776064;1096335360;0;0;0;0;0;0;0;0;0;0;0;1623;0;0;89;0;110;0;
7528;1953674;1018892288;18776064;1096335360;0;0;0;0;0;0;0;0;0;0;0;1663;0;0;89;0;110;0;
7529;6460245;1018892288;18776064;1096335360;0;0;0;0;0;0;0;0;0;0;0;1593;0;0;89;0;110;0;
7530;4565012;1018892288;18776064;1096335360;0;0;0;0;0;0;0;0;0;0;0;1894;0;0;89;0;110;0;
7531;2450796;1018892288;18776064;1096335360;0;0;0;0;0;0;0;0;0;0;0;1553;0;0;89;0;110;0;
7532;2086283;1018892288;18776064;1096335360;0;0;0;0;0;0;0;0;0;0;0;1543;0;0;89;0;110;0;
7533;3481269;1018892288;18776064;1096335360;0;0;0;0;0;0;0;0;0;0;0;1803;0;0;89;0;110;0;
7534;1872802;1018892288;18776064;1096335360;0;0;0;0;0;0;0;0;0;0;0;1523;0;0;89;0;110;0;
7535;6105199;1018892288;18776064;1096335360;0;0;0;0;0;0;0;0;0;0;0;1603;0;0;89;0;110;0;
7536;2714981;1018892288;18776064;1096335360;0;0;0;0;0;0;0;0;0;0;0;1894;0;0;89;0;110;0;
7537;2509016;1018892288;18776064;1096335360;0;0;0;0;0;0;0;0;0;0;0;1603;0;0;89;0;110;0;
7538;1697413;1018892288;18776064;1096335360;0;0;0;0;0;0;0;0;0;0;0;2044;0;0;89;0;110;0;
7539;2906801;1018892288;18776064;1096335360;0;0;0;0;0;0;0;0;0;0;0;1653;0;0;89;0;110;0;
7540;2512142;1018892288;18776064;1096335360;0;0;0;0;0;0;0;0;0;0;0;1884;0;0;89;0;110;0;
7541;5849841;1018892288;18776064;1096335360;0;0;0;0;0;0;0;0;0;0;0;1513;0;0;89;0;110;0;
7542;3716440;1018892288;18776064;1096335360;0;0;0;0;0;0;0;0;0;0;0;2134;0;0;89;0;110;0;
7543;2982533;1017815040;13299712;1090859008;0;0;0;0;0;0;0;0;0;0;0;1583;0;0;89;0;110;0;
7544;2320041;1017815040;13299712;1090859008;0;0;0;0;0;0;0;0;0;0;0;1462;0;0;89;0;110;0;
7545;3144317;1017815040;13299712;1090859008;0;0;0;0;0;0;0;0;0;0;0;1683;0;0;89;0;110;0;
7546;1703324;1017815040;13299712;1090859008;0;0;0;0;0;0;0;0;0;0;0;1563;0;0;89;0;110;0;
7547;5207526;1018892288;18776064;1096335360;0;0;0;0;0;0;0;0;0;0;0;1402;0;0;89;0;110;0;
7548;4491403;1020989440;18776064;1096335360;0;0;0;0;0;0;0;0;0;0;0;1854;0;0;89;0;110;0;
7549;3788235;1021526016;18776064;1096335360;0;0;0;0;0;0;0;0;0;0;0;1734;0;0;89;0;110;0;
7550;2655780;1022877696;18776064;1096335360;0;0;0;0;0;0;0;0;0;0;0;1733;0;0;89;0;110;0;
7551;6484320;1022877696;18776064;1096335360;0;0;0;0;0;0;0;0;0;0;0;1793;0;0;89;0;110;0;
7552;2927671;1022877696;18776064;1096335360;0;0;0;0;0;0;0;0;0;0;0;2314;0;0;89;0;110;0;
7553;2671510;1022877696;18776064;1096335360;0;0;0;0;0;0;0;0;0;0;0;1543;0;0;89;0;110;0;
7554;1723142;1022877696;18776064;1096335360;0;0;0;0;0;0;0;0;0;0;0;1422;0;0;89;0;110;0;
7555;2120767;1022877696;18776064;1096335360;0;0;0;0;0;0;0;0;0;0;0;1463;0;0;89;0;110;0;
7556;1965646;1022877696;18776064;1096335360;0;0;0;0;0;0;0;0;0;0;0;1773;0;0;89;0;110;0;
7557;5578822;1022877696;18776064;1096335360;0;0;0;0;0;0;0;0;0;0;0;1743;0;0;89;0;110;0;
7558;3033058;1022877696;18776064;1096335360;0;0;0;0;0;0;0;0;0;0;0;1663;0;0;89;0;110;0;
7559;2796314;1022877696;18776064;1096335360;0;0;0;0;0;0;0;0;0;0;0;1503;0;0;89;0;110;0;
7560;2183204;1022877696;18776064;1096335360;0;0;0;0;0;0;0;0;0;0;0;1914;0;0;89;0;110;0;
7561;3398844;1022877696;18776064;1096335360;0;0;0;0;0;0;0;0;0;0;0;1733;0;0;89;0;110;0;
7562;2814789;1022877696;18776064;1096335360;0;0;0;0;0;0;0;0;0;0;0;2094;0;0;89;0;110;0;
7563;4875363;1022877696;18776064;1096335360;0;0;0;0;0;0;0;0;0;0;0;1513;0;0;89;0;110;0;
7564;3332149;1022877696;18776064;1096335360;0;0;0;0;0;0;0;0;0;0;0;2315;0;0;89;0;110;0;
7565;3056402;1017815040;13299712;1090859008;0;0;0;0;0;0;0;0;0;0;0;1773;0;0;89;0;110;0;
7566;1633964;1017815040;13299712;1090859008;0;0;0;0;0;0;0;0;0;0;0;1923;0;0;89;0;110;0;
7567;3059548;1017815040;13299712;1090859008;0;0;0;0;0;0;0;0;0;0;0;2054;0;0;89;0;110;0;
7568;3257790;1017815040;13299712;1090859008;0;0;0;0;0;0;0;0;0;0;0;2264;0;0;89;0;110;0;
7569;5381742;1017815040;13299712;1090859008;0;0;0;0;0;0;0;0;0;0;0;1853;0;0;89;0;110;0;
7570;3673068;1017815040;13299712;1090859008;0;0;0;0;0;0;0;0;0;0;0;2665;0;0;89;0;110;0;
7571;2309861;1017815040;13299712;1090859008;0;0;0;0;0;0;0;0;0;0;0;1563;0;0;89;0;110;0;
7572;1628825;1017815040;13299712;1090859008;0;0;0;0;0;0;0;0;0;0;0;1783;0;0;89;0;110;0;
7573;2959510;1017815040;13299712;1090859008;0;0;0;0;0;0;0;0;0;0;0;2094;0;0;89;0;110;0;
7574;1585454;1017815040;13299712;1090859008;0;0;0;0;0;0;0;0;0;0;0;1623;0;0;89;0;110;0;
7575;5912698;1018892288;18776064;1096335360;0;0;0;0;0;0;0;0;0;0;0;1633;0;0;89;0;110;0;
7576;3239395;1020989440;18776064;1096335360;0;0;0;0;0;0;0;0;0;0;0;2555;0;0;89;0;110;0;
7577;2229822;1021526016;18776064;1096335360;0;0;0;0;0;0;0;0;0;0;0;1492;0;0;89;0;110;0;
7578;2690937;1021526016;18776064;1096335360;0;0;0;0;0;0;0;0;0;0;0;1723;0;0;89;0;110;0;
7579;3237131;1022877696;18776064;1096335360;0;0;0;0;0;0;0;0;0;0;0;2054;0;0;89;0;110;0;
7580;1706590;1022877696;18776064;1096335360;0;0;0;0;0;0;0;0;0;0;0;1383;0;0;89;0;110;0;
7581;5842127;1022877696;18776064;1096335360;0;0;0;0;0;0;0;0;0;0;0;1292;0;0;89;0;110;0;
7582;2653888;1022877696;18776064;1096335360;0;0;0;0;0;0;0;0;0;0;0;1964;0;0;89;0;110;0;
7583;2713529;1022877696;18776064;1096335360;0;0;0;0;0;0;0;0;0;0;0;1783;0;0;89;0;110;0;
7584;1597105;1022877696;18776064;1096335360;0;0;0;0;0;0;0;0;0;0;0;1473;0;0;89;0;110;0;
7585;2274366;1022877696;18776064;1096335360;0;0;0;0;0;0;0;0;0;0;0;1313;0;0;89;0;110;0;
7586;1714826;1022877696;18776064;1096335360;0;0;0;0;0;0;0;0;0;0;0;1583;0;0;89;0;110;0;
7587;5587949;1022877696;18776064;1096335360;0;0;0;0;0;0;0;0;0;0;0;1563;0;0;89;0;110;0;
7588;3625679;1022877696;18776064;1096335360;0;0;0;0;0;0;0;0;0;0;0;2334;0;0;89;0;110;0;
7589;2150674;1022877696;18776064;1096335360;0;0;0;0;0;0;0;0;0;0;0;1463;0;0;89;0;110;0;
7590;1712171;1022877696;18776064;1096335360;0;0;0;0;0;0;0;0;0;0;0;1543;0;0;89;0;110;0;
7591;2358343;1022877696;18776064;1096335360;0;0;0;0;0;0;0;0;0;0;0;1563;0;0;89;0;110;0;
7592;2277250;1022877696;18776064;1096335360;0;0;0;0;0;0;0;0;0;0;0;1502;0;0;89;0;110;0;
7593;6546698;1022877696;18776064;1096335360;0;0;0;0;0;0;0;0;0;0;0;1763;0;0;89;0;110;0;
7594;3707603;1022877696;18776064;1096335360;0;0;0;0;0;0;0;0;0;0;0;2184;0;0;89;0;110;0;
7595;3969705;1022877696;18776064;1096335360;0;0;0;0;0;0;0;0;0;0;0;2444;0;0;89;0;110;0;
7596;2383210;1022877696;18776064;1096335360;0;0;0;0;0;0;0;0;0;0;0;1864;0;0;89;0;110;0;
7597;2318989;1022877696;18776064;1096335360;0;0;0;0;0;0;0;0;0;0;0;1553;0;0;89;0;110;0;
7598;2289083;1022877696;18776064;1096335360;0;0;0;0;0;0;0;0;0;0;0;1874;0;0;89;0;110;0;
7599;5898291;1022877696;18776064;1096335360;0;0;0;0;0;0;0;0;0;0;0;1744;0;0;89;0;110;0;
7600;3847195;1022877696;18776064;1096335360;0;0;0;0;0;0;0;0;0;0;0;2234;0;0;89;0;110;0;
7601;2711425;1022877696;18776064;1096335360;0;0;0;0;0;0;0;0;0;0;0;1874;0;0;89;0;110;0;
7602;3071790;1022877696;18776064;1096335360;0;0;0;0;0;0;0;0;0;0;0;1794;0;0;89;0;110;0;
7603;2739648;1022877696;18776064;1096335360;0;0;0;0;0;0;0;0;0;0;0;1603;0;0;89;0;110;0;
7604;2498376;1022877696;18776064;1096335360;0;0;0;0;0;0;0;0;0;0;0;1914;0;0;89;0;110;0;
7605;5171248;1022877696;18776064;1096335360;0;0;0;0;0;0;0;0;0;0;0;1563;0;0;89;0;110;0;
7606;4036860;1022877696;18776064;1096335360;0;0;0;0;0;0;0;0;0;0;0;2985;0;0;89;0;110;0;
7607;2659878;1022877696;18776064;1096335360;0;0;0;0;0;0;0;0;0;0;0;1794;0;0;89;0;110;0;
7608;3752227;1022877696;18776064;1096335360;0;0;0;0;0;0;0;0;0;0;0;2625;0;0;89;0;110;0;
7609;3141000;1022877696;18776064;1096335360;0;0;0;0;0;0;0;0;0;0;0;2064;0;0;89;0;110;0;
7610;2625324;1022877696;18776064;1096335360;0;0;0;0;0;0;0;0;0;0;0;1593;0;0;89;0;110;0;
7611;5609971;1022877696;18776064;1096335360;0;0;0;0;0;0;0;0;0;0;0;1814;0;0;89;0;110;0;
7612;4009960;1022877696;18776064;1096335360;0;0;0;0;0;0;0;0;0;0;0;2905;0;0;89;0;110;0;
7613;4016533;1017815040;13299712;1090859008;0;0;0;0;0;0;0;0;0;0;0;2053;0;0;89;0;110;0;
7614;2367620;1017815040;13299712;1090859008;0;0;0;0;0;0;0;0;0;0;0;2725;0;0;89;0;110;0;
7615;2698681;1017815040;13299712;1090859008;0;0;0;0;0;0;0;0;0;0;0;1944;0;0;89;0;110;0;
7616;1960968;1017815040;13299712;1090859008;0;0;0;0;0;0;0;0;0;0;0;1603;0;0;89;0;110;0;
7617;5913220;1018892288;18776064;1096335360;0;0;0;0;0;0;0;0;0;0;0;1874;0;0;89;0;110;0;
7618;3948605;1020989440;18776064;1096335360;0;0;0;0;0;0;0;0;0;0;0;3236;0;0;89;0;110;0;
7619;2402776;1021526016;18776064;1096335360;0;0;0;0;0;0;0;0;0;0;0;1994;0;0;89;0;110;0;
7620;2651944;1021526016;18776064;1096335360;0;0;0;0;0;0;0;0;0;0;0;1973;0;0;89;0;110;0;
7621;3476410;1022877696;18776064;1096335360;0;0;0;0;0;0;0;0;0;0;0;2054;0;0;89;0;110;0;
7622;3016137;1022877696;18776064;1096335360;0;0;0;0;0;0;0;0;0;0;0;1954;0;0;89;0;110;0;
7623;8605970;1022877696;18776064;1096335360;0;0;0;0;0;0;0;0;0;0;0;2003;0;0;89;0;110;0;
7624;10561487;1022877696;18776064;1096335360;0;0;0;0;0;0;0;0;0;0;0;5340;0;0;89;0;110;0;
7625;3370571;1022877696;18776064;1096335360;0;0;0;0;0;0;0;0;0;0;0;2184;0;0;89;0;110;0;
7626;15128571;1022877696;18776064;1096335360;0;0;0;0;0;0;0;0;0;0;0;2915;0;0;89;0;110;0;
7627;3643633;1022877696;18776064;1096335360;0;0;0;0;0;0;0;0;0;0;0;2434;0;0;89;0;110;0;
7628;1841283;1022877696;18776064;1096335360;0;0;0;0;0;0;0;0;0;0;0;1774;0;0;89;0;110;0;
7629;5372265;1022877696;18776064;1096335360;0;0;0;0;0;0;0;0;0;0;0;1793;0;0;89;0;110;0;
7630;5997758;1022877696;18776064;1096335360;0;0;0;0;0;0;0;0;0;0;0;3065;0;0;89;0;110;0;
7631;3332499;1022877696;18776064;1096335360;0;0;0;0;0;0;0;0;0;0;0;2084;0;0;89;0;110;0;
7632;2466706;1022877696;18776064;1096335360;0;0;0;0;0;0;0;0;0;0;0;1934;0;0;89;0;110;0;
7633;4146276;1022877696;18776064;1096335360;0;0;0;0;0;0;0;0;0;0;0;1783;0;0;89;0;110;0;
7634;3963052;1022877696;18776064;1096335360;0;0;0;0;0;0;0;0;0;0;0;2215;0;0;89;0;110;0;
7635;7988582;1022877696;18776064;1096335360;0;0;0;0;0;0;0;0;0;0;0;2414;0;0;89;0;110;0;
7636;4528462;1022877696;18776064;1096335360;0;0;0;0;0;0;0;0;0;0;0;3396;0;0;89;0;110;0;
7637;5627274;1017864192;13299712;1090859008;0;0;0;0;0;0;0;0;0;0;0;2214;0;0;89;0;110;0;
7638;3707032;1017864192;13299712;1090859008;0;0;0;0;0;0;0;0;0;0;0;2595;0;0;89;0;110;0;
7639;3605682;1017864192;13299712;1090859008;0;0;0;0;0;0;0;0;0;0;0;1703;0;0;89;0;110;0;
7640;3262087;1017864192;13299712;1090859008;0;0;0;0;0;0;0;0;0;0;0;2375;0;0;89;0;110;0;
7641;6685698;1018941440;18776064;1096335360;0;0;0;0;0;0;0;0;0;0;0;2114;0;0;89;0;110;0;
7642;4310294;1021038592;18776064;1096335360;0;0;0;0;0;0;0;0;0;0;0;196418;0;0;89;0;110;0;
7643;3610651;1021575168;18776064;1096335360;0;0;0;0;0;0;0;0;0;0;0;2164;0;0;89;0;110;0;
7644;2215976;1021575168;18776064;1096335360;0;0;0;0;0;0;0;0;0;0;0;1523;0;0;89;0;110;0;
7645;2733656;1022926848;18776064;1096335360;0;0;0;0;0;0;0;0;0;0;0;1844;0;0;89;0;110;0;
7646;1319916;1022926848;18776064;1096335360;0;0;0;0;0;0;0;0;0;0;0;1463;0;0;89;0;110;0;
7647;5065510;1022926848;18776064;1096335360;0;0;0;0;0;0;0;0;0;0;0;1633;0;0;89;0;110;0;
7648;5606264;1022926848;18776064;1096335360;0;0;0;0;0;0;0;0;0;0;0;7494;0;0;89;0;110;0;
7649;3233644;1022926848;18776064;1096335360;0;0;0;0;0;0;0;0;0;0;0;1263;0;0;89;0;110;0;
7650;2280046;1022926848;18776064;1096335360;0;0;0;0;0;0;0;0;0;0;0;1974;0;0;89;0;110;0;
7651;3448858;1022926848;18776064;1096335360;0;0;0;0;0;0;0;0;0;0;0;1583;0;0;89;0;110;0;
7652;2873629;1022926848;18776064;1096335360;0;0;0;0;0;0;0;0;0;0;0;1794;0;0;89;0;110;0;
7653;5849100;1022926848;18776064;1096335360;0;0;0;0;0;0;0;0;0;0;0;1653;0;0;89;0;110;0;
7654;3281704;1022926848;18776064;1096335360;0;0;0;0;0;0;0;0;0;0;0;2034;0;0;89;0;110;0;
7655;1953383;1022926848;18776064;1096335360;0;0;0;0;0;0;0;0;0;0;0;1793;0;0;89;0;110;0;
7656;2430718;1022926848;18776064;1096335360;0;0;0;0;0;0;0;0;0;0;0;1864;0;0;89;0;110;0;
7657;3223987;1022926848;18776064;1096335360;0;0;0;0;0;0;0;0;0;0;0;205877;0;0;89;0;110;0;
7658;2108024;1022926848;18776064;1096335360;0;0;0;0;0;0;0;0;0;0;0;1713;0;0;89;0;110;0;
7659;6037343;1022926848;18776064;1096335360;0;0;0;0;0;0;0;0;0;0;0;1834;0;0;89;0;110;0;
7660;3891758;1022926848;18776064;1096335360;0;0;0;0;0;0;0;0;0;0;0;2475;0;0;89;0;110;0;
7661;1901235;1017864192;13299712;1090859008;0;0;0;0;0;0;0;0;0;0;0;1593;0;0;89;0;110;0;
7662;1629086;1017864192;13299712;1090859008;0;0;0;0;0;0;0;0;0;0;0;2044;0;0;89;0;110;0;
7663;2469732;1017864192;13299712;1090859008;0;0;0;0;0;0;0;0;0;0;0;1713;0;0;89;0;110;0;
7664;1864817;1017864192;13299712;1090859008;0;0;0;0;0;0;0;0;0;0;0;1654;0;0;89;0;110;0;
7665;6254800;1018941440;18776064;1096335360;0;0;0;0;0;0;0;0;0;0;0;1713;0;0;89;0;110;0;
7666;3575154;1021038592;18776064;1096335360;0;0;0;0;0;0;0;0;0;0;0;2425;0;0;89;0;110;0;
7667;3471631;1021575168;18776064;1096335360;0;0;0;0;0;0;0;0;0;0;0;1272;0;0;89;0;110;0;
7668;2951646;1021575168;18776064;1096335360;0;0;0;0;0;0;0;0;0;0;0;2185;0;0;89;0;110;0;
7669;3970386;1022926848;18776064;1096335360;0;0;0;0;0;0;0;0;0;0;0;1533;0;0;89;0;110;0;
7670;2442060;1022926848;18776064;1096335360;0;0;0;0;0;0;0;0;0;0;0;1713;0;0;89;0;110;0;
7671;4878158;1022926848;18776064;1096335360;0;0;0;0;0;0;0;0;0;0;0;1944;0;0;89;0;110;0;
7672;2949822;1022926848;18776064;1096335360;0;0;0;0;0;0;0;0;0;0;0;1933;0;0;89;0;110;0;
7673;4387338;1022926848;18776064;1096335360;0;0;0;0;0;0;0;0;0;0;0;1663;0;0;89;0;110;0;
7674;3435382;1022926848;18776064;1096335360;0;0;0;0;0;0;0;0;0;0;0;1763;0;0;89;0;110;0;
7675;2520987;1022926848;18776064;1096335360;0;0;0;0;0;0;0;0;0;0;0;1703;0;0;89;0;110;0;
7676;1081468;1022926848;18776064;1096335360;0;0;0;0;0;0;0;0;0;0;0;1913;0;0;89;0;110;0;
7677;5313545;1022926848;18776064;1096335360;0;0;0;0;0;0;0;0;0;0;0;1382;0;0;89;0;110;0;
7678;3355182;1022926848;18776064;1096335360;0;0;0;0;0;0;0;0;0;0;0;2395;0;0;89;0;110;0;
7679;3464808;1022926848;18776064;1096335360;0;0;0;0;0;0;0;0;0;0;0;1653;0;0;89;0;110;0;
7680;2515107;1022926848;18776064;1096335360;0;0;0;0;0;0;0;0;0;0;0;1452;0;0;89;0;110;0;
7681;3166328;1022926848;18776064;1096335360;0;0;0;0;0;0;0;0;0;0;0;1432;0;0;89;0;110;0;
7682;1488411;1022926848;18776064;1096335360;0;0;0;0;0;0;0;0;0;0;0;1743;0;0;89;0;110;0;
7683;5791551;1022926848;18776064;1096335360;0;0;0;0;0;0;0;0;0;0;0;1814;0;0;89;0;110;0;
7684;4940836;1022926848;18776064;1096335360;0;0;0;0;0;0;0;0;0;0;0;2675;0;0;89;0;110;0;
7685;2798648;1017864192;13299712;1090859008;0;0;0;0;0;0;0;0;0;0;0;1723;0;0;89;0;110;0;
7686;1952652;1017864192;13299712;1090859008;0;0;0;0;0;0;0;0;0;0;0;1613;0;0;89;0;110;0;
7687;3181887;1017864192;13299712;1090859008;0;0;0;0;0;0;0;0;0;0;0;1553;0;0;89;0;110;0;
7688;3271345;1017864192;13299712;1090859008;0;0;0;0;0;0;0;0;0;0;0;1764;0;0;89;0;110;0;
7689;6940576;1018941440;18776064;1096335360;0;0;0;0;0;0;0;0;0;0;0;1673;0;0;89;0;110;0;
7690;3324625;1021038592;18776064;1096335360;0;0;0;0;0;0;0;0;0;0;0;2284;0;0;89;0;110;0;
7691;2479159;1021575168;18776064;1096335360;0;0;0;0;0;0;0;0;0;0;0;1442;0;0;89;0;110;0;
7692;1617163;1021575168;18776064;1096335360;0;0;0;0;0;0;0;0;0;0;0;1423;0;0;89;0;110;0;
7693;2737564;1022926848;18776064;1096335360;0;0;0;0;0;0;0;0;0;0;0;1493;0;0;89;0;110;0;
7694;2420449;1022926848;18776064;1096335360;0;0;0;0;0;0;0;0;0;0;0;1523;0;0;89;0;110;0;
7695;7263271;1022926848;18776064;1096335360;0;0;0;0;0;0;0;0;0;0;0;1513;0;0;89;0;110;0;
7696;2742974;1022926848;18776064;1096335360;0;0;0;0;0;0;0;0;0;0;0;2224;0;0;89;0;110;0;
7697;2918012;1022926848;18776064;1096335360;0;0;0;0;0;0;0;0;0;0;0;1823;0;0;89;0;110;0;
7698;2180920;1022926848;18776064;1096335360;0;0;0;0;0;0;0;0;0;0;0;1613;0;0;89;0;110;0;
7699;3004855;1022926848;18776064;1096335360;0;0;0;0;0;0;0;0;0;0;0;1693;0;0;89;0;110;0;
7700;2144973;1022926848;18776064;1096335360;0;0;0;0;0;0;0;0;0;0;0;1633;0;0;89;0;110;0;
7701;4630454;1022926848;18776064;1096335360;0;0;0;0;0;0;0;0;0;0;0;1493;0;0;89;0;110;0;
7702;3564545;1022926848;18776064;1096335360;0;0;0;0;0;0;0;0;0;0;0;1703;0;0;89;0;110;0;
7703;3439230;1022926848;18776064;1096335360;0;0;0;0;0;0;0;0;0;0;0;1543;0;0;89;0;110;0;
7704;1683648;1022926848;18776064;1096335360;0;0;0;0;0;0;0;0;0;0;0;1673;0;0;89;0;110;0;
7705;3648633;1022926848;18776064;1096335360;0;0;0;0;0;0;0;0;0;0;0;1392;0;0;89;0;110;0;
7706;1519320;1022926848;18776064;1096335360;0;0;0;0;0;0;0;0;0;0;0;1814;0;0;89;0;110;0;
7707;5421688;1022926848;18776064;1096335360;0;0;0;0;0;0;0;0;0;0;0;1613;0;0;89;0;110;0;
7708;3451183;1022926848;18776064;1096335360;0;0;0;0;0;0;0;0;0;0;0;1844;0;0;89;0;110;0;
7709;2884038;1022926848;18776064;1096335360;0;0;0;0;0;0;0;0;0;0;0;1573;0;0;89;0;110;0;
7710;2385844;1022926848;18776064;1096335360;0;0;0;0;0;0;0;0;0;0;0;2064;0;0;89;0;110;0;
7711;2277281;1022926848;18776064;1096335360;0;0;0;0;0;0;0;0;0;0;0;1463;0;0;89;0;110;0;
7712;1962992;1022926848;18776064;1096335360;0;0;0;0;0;0;0;0;0;0;0;1724;0;0;89;0;110;0;
7713;4251884;1022926848;18776064;1096335360;0;0;0;0;0;0;0;0;0;0;0;1593;0;0;89;0;110;0;
7714;3932355;1022926848;18776064;1096335360;0;0;0;0;0;0;0;0;0;0;0;1934;0;0;89;0;110;0;
7715;3528958;1022926848;18776064;1096335360;0;0;0;0;0;0;0;0;0;0;0;1753;0;0;89;0;110;0;
7716;2088567;1022926848;18776064;1096335360;0;0;0;0;0;0;0;0;0;0;0;2074;0;0;89;0;110;0;
7717;2575951;1022926848;18776064;1096335360;0;0;0;0;0;0;0;0;0;0;0;1613;0;0;89;0;110;0;
7718;2273825;1022926848;18776064;1096335360;0;0;0;0;0;0;0;0;0;0;0;1563;0;0;89;0;110;0;
7719;4406514;1022926848;18776064;1096335360;0;0;0;0;0;0;0;0;0;0;0;1543;0;0;89;0;110;0;
7720;3601465;1022926848;18776064;1096335360;0;0;0;0;0;0;0;0;0;0;0;2013;0;0;89;0;110;0;
7721;1898561;1022926848;18776064;1096335360;0;0;0;0;0;0;0;0;0;0;0;1473;0;0;89;0;110;0;
7722;2569308;1022926848;18776064;1096335360;0;0;0;0;0;0;0;0;0;0;0;1503;0;0;89;0;110;0;
7723;2797897;1022926848;18776064;1096335360;0;0;0;0;0;0;0;0;0;0;0;1944;0;0;89;0;110;0;
7724;1715908;1022926848;18776064;1096335360;0;0;0;0;0;0;0;0;0;0;0;1683;0;0;89;0;110;0;
7725;5138276;1022926848;18776064;1096335360;0;0;0;0;0;0;0;0;0;0;0;1583;0;0;89;0;110;0;
7726;3598268;1022926848;18776064;1096335360;0;0;0;0;0;0;0;0;0;0;0;1994;0;0;89;0;110;0;
7727;3782594;1022926848;18776064;1096335360;0;0;0;0;0;0;0;0;0;0;0;1703;0;0;89;0;110;0;
7728;1981626;1022926848;18776064;1096335360;0;0;0;0;0;0;0;0;0;0;0;1643;0;0;89;0;110;0;
7729;2236044;1022926848;18776064;1096335360;0;0;0;0;0;0;0;0;0;0;0;1573;0;0;89;0;110;0;
7730;1547362;1022926848;18776064;1096335360;0;0;0;0;0;0;0;0;0;0;0;40306;0;0;89;0;110;0;
7731;4497845;1022926848;18776064;1096335360;0;0;0;0;0;0;0;0;0;0;0;1924;0;0;89;0;110;0;
7732;3805466;1022926848;18776064;1096335360;0;0;0;0;0;0;0;0;0;0;0;1974;0;0;89;0;110;0;
7733;3323814;1022926848;18776064;1096335360;0;0;0;0;0;0;0;0;0;0;0;1553;0;0;89;0;110;0;
7734;2091843;1022926848;18776064;1096335360;0;0;0;0;0;0;0;0;0;0;0;1693;0;0;89;0;110;0;
7735;2968958;1022926848;18776064;1096335360;0;0;0;0;0;0;0;0;0;0;0;1553;0;0;89;0;110;0;
7736;3133517;1022926848;18776064;1096335360;0;0;0;0;0;0;0;0;0;0;0;1703;0;0;89;0;110;0;
7737;5463306;1022926848;18776064;1096335360;0;0;0;0;0;0;0;0;0;0;0;1743;0;0;89;0;110;0;
7738;3466431;1022926848;18776064;1096335360;0;0;0;0;0;0;0;0;0;0;0;1883;0;0;89;0;110;0;
7739;4117411;1022926848;18776064;1096335360;0;0;0;0;0;0;0;0;0;0;0;1693;0;0;89;0;110;0;
7740;1612784;1022926848;18776064;1096335360;0;0;0;0;0;0;0;0;0;0;0;1734;0;0;89;0;110;0;
7741;3927386;1022926848;18776064;1096335360;0;0;0;0;0;0;0;0;0;0;0;1543;0;0;89;0;110;0;
7742;2074110;1022926848;18776064;1096335360;0;0;0;0;0;0;0;0;0;0;0;1533;0;0;89;0;110;0;
7743;4737555;1022926848;18776064;1096335360;0;0;0;0;0;0;0;0;0;0;0;1603;0;0;89;0;110;0;
7744;4256102;1022926848;18776064;1096335360;0;0;0;0;0;0;0;0;0;0;0;2495;0;0;89;0;110;0;
7745;3399956;1022926848;18776064;1096335360;0;0;0;0;0;0;0;0;0;0;0;1463;0;0;89;0;110;0;
7746;3679200;1022926848;18776064;1096335360;0;0;0;0;0;0;0;0;0;0;0;1523;0;0;89;0;110;0;
7747;3185033;1022926848;18776064;1096335360;0;0;0;0;0;0;0;0;0;0;0;1452;0;0;89;0;110;0;
7748;1023159;1022926848;18776064;1096335360;0;0;0;0;0;0;0;0;0;0;0;1492;0;0;89;0;110;0;
7749;5707854;1022926848;18776064;1096335360;0;0;0;0;0;0;0;0;0;0;0;1463;0;0;89;0;110;0;
7750;2313098;1022926848;18776064;1096335360;0;0;0;0;0;0;0;0;0;0;0;2295;0;0;89;0;110;0;
7751;2452429;1022926848;18776064;1096335360;0;0;0;0;0;0;0;0;0;0;0;1563;0;0;89;0;110;0;
7752;1446833;1022926848;18776064;1096335360;0;0;0;0;0;0;0;0;0;0;0;1342;0;0;89;0;110;0;
7753;2193153;1022926848;18776064;1096335360;0;0;0;0;0;0;0;0;0;0;0;1583;0;0;89;0;110;0;
7754;2455124;1022926848;18776064;1096335360;0;0;0;0;0;0;0;0;0;0;0;1743;0;0;89;0;110;0;
7755;5398565;1022926848;18776064;1096335360;0;0;0;0;0;0;0;0;0;0;0;1553;0;0;89;0;110;0;
7756;3133496;1022926848;18776064;1096335360;0;0;0;0;0;0;0;0;0;0;0;1883;0;0;89;0;110;0;
7757;3693707;1022926848;18776064;1096335360;0;0;0;0;0;0;0;0;0;0;0;1492;0;0;89;0;110;0;
7758;2217689;1022926848;18776064;1096335360;0;0;0;0;0;0;0;0;0;0;0;1523;0;0;89;0;110;0;
7759;3264552;1022926848;18776064;1096335360;0;0;0;0;0;0;0;0;0;0;0;1533;0;0;89;0;110;0;
7760;2746110;1022926848;18776064;1096335360;0;0;0;0;0;0;0;0;0;0;0;1683;0;0;89;0;110;0;
7761;6560424;1022926848;18776064;1096335360;0;0;0;0;0;0;0;0;0;0;0;1553;0;0;89;0;110;0;
7762;3927996;1022926848;18776064;1096335360;0;0;0;0;0;0;0;0;0;0;0;2174;0;0;89;0;110;0;
7763;2411443;1022926848;18776064;1096335360;0;0;0;0;0;0;0;0;0;0;0;1392;0;0;89;0;110;0;
7764;1309906;1022926848;18776064;1096335360;0;0;0;0;0;0;0;0;0;0;0;1533;0;0;89;0;110;0;
7765;3238354;1022926848;18776064;1096335360;0;0;0;0;0;0;0;0;0;0;0;1553;0;0;89;0;110;0;
7766;2892604;1022926848;18776064;1096335360;0;0;0;0;0;0;0;0;0;0;0;1733;0;0;89;0;110;0;
7767;6701528;1022926848;18776064;1096335360;0;0;0;0;0;0;0;0;0;0;0;1704;0;0;89;0;110;0;
7768;3171708;1022926848;18776064;1096335360;0;0;0;0;0;0;0;0;0;0;0;1774;0;0;89;0;110;0;
7769;3317121;1022926848;18776064;1096335360;0;0;0;0;0;0;0;0;0;0;0;1453;0;0;89;0;110;0;
7770;1411467;1022926848;18776064;1096335360;0;0;0;0;0;0;0;0;0;0;0;1553;0;0;89;0;110;0;
7771;2856908;1022926848;18776064;1096335360;0;0;0;0;0;0;0;0;0;0;0;1513;0;0;89;0;110;0;
7772;2002326;1022926848;18776064;1096335360;0;0;0;0;0;0;0;0;0;0;0;220273;0;0;89;0;110;0;
7773;6241976;1022926848;18776064;1096335360;0;0;0;0;0;0;0;0;0;0;0;1323;0;0;89;0;110;0;
7774;2295495;1022926848;18776064;1096335360;0;0;0;0;0;0;0;0;0;0;0;2164;0;0;89;0;110;0;
7775;3150097;1022926848;18776064;1096335360;0;0;0;0;0;0;0;0;0;0;0;1603;0;0;89;0;110;0;
7776;2233179;1022926848;18776064;1096335360;0;0;0;0;0;0;0;0;0;0;0;1724;0;0;89;0;110;0;
7777;2660770;1022926848;18776064;1096335360;0;0;0;0;0;0;0;0;0;0;0;1493;0;0;89;0;110;0;
7778;2390092;1022926848;18776064;1096335360;0;0;0;0;0;0;0;0;0;0;0;1813;0;0;89;0;110;0;
7779;5444571;1022926848;18776064;1096335360;0;0;0;0;0;0;0;0;0;0;0;1533;0;0;89;0;110;0;
7780;5667249;1022926848;18776064;1096335360;0;0;0;0;0;0;0;0;0;0;0;2114;0;0;89;0;110;0;
7781;3126955;1022926848;18776064;1096335360;0;0;0;0;0;0;0;0;0;0;0;1674;0;0;89;0;110;0;
7782;1813962;1022926848;18776064;1096335360;0;0;0;0;0;0;0;0;0;0;0;1823;0;0;89;0;110;0;
7783;2644179;1022926848;18776064;1096335360;0;0;0;0;0;0;0;0;0;0;0;1403;0;0;89;0;110;0;
7784;2282290;1022926848;18776064;1096335360;0;0;0;0;0;0;0;0;0;0;0;1613;0;0;89;0;110;0;
7785;6089731;1022926848;18776064;1096335360;0;0;0;0;0;0;0;0;0;0;0;1463;0;0;89;0;110;0;
7786;3098762;1022926848;18776064;1096335360;0;0;0;0;0;0;0;0;0;0;0;2205;0;0;89;0;110;0;
7787;1976687;1022926848;18776064;1096335360;0;0;0;0;0;0;0;0;0;0;0;1623;0;0;89;0;110;0;
7788;1150187;1022926848;18776064;1096335360;0;0;0;0;0;0;0;0;0;0;0;1493;0;0;89;0;110;0;
7789;3769439;1023197184;18776064;1096335360;0;0;0;0;0;0;0;0;0;0;0;1733;0;0;89;0;110;0;
7790;1593358;1023197184;18776064;1096335360;0;0;0;0;0;0;0;0;0;0;0;1593;0;0;89;0;110;0;
7791;5184233;1023197184;18776064;1096335360;0;0;0;0;0;0;0;0;0;0;0;1773;0;0;89;0;110;0;
7792;2747853;1023197184;18776064;1096335360;0;0;0;0;0;0;0;0;0;0;0;1724;0;0;89;0;110;0;
7793;3254934;1023197184;18776064;1096335360;0;0;0;0;0;0;0;0;0;0;0;1553;0;0;89;0;110;0;
7794;1849318;1023197184;18776064;1096335360;0;0;0;0;0;0;0;0;0;0;0;1453;0;0;89;0;110;0;
7795;2315722;1023197184;18776064;1096335360;0;0;0;0;0;0;0;0;0;0;0;1352;0;0;89;0;110;0;
7796;1049047;1023197184;18776064;1096335360;0;0;0;0;0;0;0;0;0;0;0;1553;0;0;89;0;110;0;
7797;5688628;1023197184;18776064;1096335360;0;0;0;0;0;0;0;0;0;0;0;80531;0;0;89;0;110;0;
7798;3703175;1023197184;18776064;1096335360;0;0;0;0;0;0;0;0;0;0;0;2795;0;0;89;0;110;0;
7799;2397286;1023197184;18776064;1096335360;0;0;0;0;0;0;0;0;0;0;0;1573;0;0;89;0;110;0;
7800;2390463;1023197184;18776064;1096335360;0;0;0;0;0;0;0;0;0;0;0;2074;0;0;89;0;110;0;
7801;2243377;1023197184;18776064;1096335360;0;0;0;0;0;0;0;0;0;0;0;1783;0;0;89;0;110;0;
7802;1559915;1023197184;18776064;1096335360;0;0;0;0;0;0;0;0;0;0;0;1563;0;0;89;0;110;0;
7803;5304578;1023197184;18776064;1096335360;0;0;0;0;0;0;0;0;0;0;0;1422;0;0;89;0;110;0;
7804;3256868;1023197184;18776064;1096335360;0;0;0;0;0;0;0;0;0;0;0;2235;0;0;89;0;110;0;
7805;3662588;1023197184;18776064;1096335360;0;0;0;0;0;0;0;0;0;0;0;1834;0;0;89;0;110;0;
7806;1758839;1023197184;18776064;1096335360;0;0;0;0;0;0;0;0;0;0;0;1412;0;0;89;0;110;0;
7807;2976372;1023197184;18776064;1096335360;0;0;0;0;0;0;0;0;0;0;0;1853;0;0;89;0;110;0;
7808;1627983;1023197184;18776064;1096335360;0;0;0;0;0;0;0;0;0;0;0;1573;0;0;89;0;110;0;
7809;5354442;1023197184;18776064;1096335360;0;0;0;0;0;0;0;0;0;0;0;1563;0;0;89;0;110;0;
7810;3802250;1023197184;18776064;1096335360;0;0;0;0;0;0;0;0;0;0;0;3095;0;0;89;0;110;0;
7811;2124774;1023197184;18776064;1096335360;0;0;0;0;0;0;0;0;0;0;0;2004;0;0;89;0;110;0;
7812;2215234;1023197184;18776064;1096335360;0;0;0;0;0;0;0;0;0;0;0;1593;0;0;89;0;110;0;
7813;3444740;1023197184;18776064;1096335360;0;0;0;0;0;0;0;0;0;0;0;1422;0;0;89;0;110;0;
7814;2003257;1023197184;18776064;1096335360;0;0;0;0;0;0;0;0;0;0;0;2164;0;0;89;0;110;0;
7815;6623221;1023197184;18776064;1096335360;0;0;0;0;0;0;0;0;0;0;0;1894;0;0;89;0;110;0;
7816;2576342;1023197184;18776064;1096335360;0;0;0;0;0;0;0;0;0;0;0;1834;0;0;89;0;110;0;
7817;2484710;1023197184;18776064;1096335360;0;0;0;0;0;0;0;0;0;0;0;1623;0;0;89;0;110;0;
7818;2817524;1023197184;18776064;1096335360;0;0;0;0;0;0;0;0;0;0;0;1683;0;0;89;0;110;0;
7819;3842907;1023197184;18776064;1096335360;0;0;0;0;0;0;0;0;0;0;0;1954;0;0;89;0;110;0;
7820;2217559;1023197184;18776064;1096335360;0;0;0;0;0;0;0;0;0;0;0;1773;0;0;89;0;110;0;
7821;5731408;1023197184;18776064;1096335360;0;0;0;0;0;0;0;0;0;0;0;1653;0;0;89;0;110;0;
7822;4426752;1023197184;18776064;1096335360;0;0;0;0;0;0;0;0;0;0;0;2555;0;0;89;0;110;0;
7823;3184772;1023197184;18776064;1096335360;0;0;0;0;0;0;0;0;0;0;0;1763;0;0;89;0;110;0;
7824;2072657;1023197184;18776064;1096335360;0;0;0;0;0;0;0;0;0;0;0;1553;0;0;89;0;110;0;
7825;2474420;1023197184;18776064;1096335360;0;0;0;0;0;0;0;0;0;0;0;1563;0;0;89;0;110;0;
7826;2075262;1023197184;18776064;1096335360;0;0;0;0;0;0;0;0;0;0;0;1583;0;0;89;0;110;0;
7827;5199111;1023197184;18776064;1096335360;0;0;0;0;0;0;0;0;0;0;0;1844;0;0;89;0;110;0;
7828;2922230;1023197184;18776064;1096335360;0;0;0;0;0;0;0;0;0;0;0;202590;0;0;89;0;110;0;
7829;2865053;1023197184;18776064;1096335360;0;0;0;0;0;0;0;0;0;0;0;1883;0;0;89;0;110;0;
7830;1894774;1023197184;18776064;1096335360;0;0;0;0;0;0;0;0;0;0;0;1973;0;0;89;0;110;0;
7831;3180124;1023197184;18776064;1096335360;0;0;0;0;0;0;0;0;0;0;0;1463;0;0;89;0;110;0;
7832;2256000;1023197184;18776064;1096335360;0;0;0;0;0;0;0;0;0;0;0;1933;0;0;89;0;110;0;
7833;5847186;1023197184;18776064;1096335360;0;0;0;0;0;0;0;0;0;0;0;1483;0;0;89;0;110;0;
7834;3450661;1023197184;18776064;1096335360;0;0;0;0;0;0;0;0;0;0;0;2735;0;0;89;0;110;0;
7835;3070408;1023197184;18776064;1096335360;0;0;0;0;0;0;0;0;0;0;0;1783;0;0;89;0;110;0;
7836;2021321;1023197184;18776064;1096335360;0;0;0;0;0;0;0;0;0;0;0;1693;0;0;89;0;110;0;
7837;3486309;1023197184;18776064;1096335360;0;0;0;0;0;0;0;0;0;0;0;2364;0;0;89;0;110;0;
7838;3165276;1023197184;18776064;1096335360;0;0;0;0;0;0;0;0;0;0;0;2565;0;0;89;0;110;0;
7839;5566169;1023197184;18776064;1096335360;0;0;0;0;0;0;0;0;0;0;0;1803;0;0;89;0;110;0;
7840;3771212;1023197184;18776064;1096335360;0;0;0;0;0;0;0;0;0;0;0;2414;0;0;89;0;110;0;
7841;2885301;1023197184;18776064;1096335360;0;0;0;0;0;0;0;0;0;0;0;1873;0;0;89;0;110;0;
7842;2837261;1023197184;18776064;1096335360;0;0;0;0;0;0;0;0;0;0;0;1704;0;0;89;0;110;0;
7843;2511119;1023197184;18776064;1096335360;0;0;0;0;0;0;0;0;0;0;0;1883;0;0;89;0;110;0;
7844;1696151;1023197184;18776064;1096335360;0;0;0;0;0;0;0;0;0;0;0;1723;0;0;89;0;110;0;
7845;6322177;1023197184;18776064;1096335360;0;0;0;0;0;0;0;0;0;0;0;2074;0;0;89;0;110;0;
7846;3473664;1023197184;18776064;1096335360;0;0;0;0;0;0;0;0;0;0;0;2425;0;0;89;0;110;0;
7847;3373166;1023197184;18776064;1096335360;0;0;0;0;0;0;0;0;0;0;0;1522;0;0;89;0;110;0;
7848;1423710;1023197184;18776064;1096335360;0;0;0;0;0;0;0;0;0;0;0;1783;0;0;89;0;110;0;
7849;2965452;1023197184;18776064;1096335360;0;0;0;0;0;0;0;0;0;0;0;2024;0;0;89;0;110;0;
7850;1639585;1023197184;18776064;1096335360;0;0;0;0;0;0;0;0;0;0;0;1723;0;0;89;0;110;0;
7851;6211068;1023197184;18776064;1096335360;0;0;0;0;0;0;0;0;0;0;0;2294;0;0;89;0;110;0;
7852;2444534;1023197184;18776064;1096335360;0;0;0;0;0;0;0;0;0;0;0;2465;0;0;89;0;110;0;
7853;2774934;1023197184;18776064;1096335360;0;0;0;0;0;0;0;0;0;0;0;1854;0;0;89;0;110;0;
7854;1897930;1023197184;18776064;1096335360;0;0;0;0;0;0;0;0;0;0;0;2013;0;0;89;0;110;0;
7855;2960152;1023197184;18776064;1096335360;0;0;0;0;0;0;0;0;0;0;0;1773;0;0;89;0;110;0;
7856;2318579;1023197184;18776064;1096335360;0;0;0;0;0;0;0;0;0;0;0;1853;0;0;89;0;110;0;
7857;5469608;1023197184;18776064;1096335360;0;0;0;0;0;0;0;0;0;0;0;1934;0;0;89;0;110;0;
7858;2959671;1023197184;18776064;1096335360;0;0;0;0;0;0;0;0;0;0;0;2805;0;0;89;0;110;0;
7859;2210345;1023197184;18776064;1096335360;0;0;0;0;0;0;0;0;0;0;0;1523;0;0;89;0;110;0;
7860;2409819;1023197184;18776064;1096335360;0;0;0;0;0;0;0;0;0;0;0;1903;0;0;89;0;110;0;
7861;4570913;1023197184;18776064;1096335360;0;0;0;0;0;0;0;0;0;0;0;2004;0;0;89;0;110;0;
7862;1924048;1023197184;18776064;1096335360;0;0;0;0;0;0;0;0;0;0;0;1753;0;0;89;0;110;0;
7863;5362577;1023197184;18776064;1096335360;0;0;0;0;0;0;0;0;0;0;0;1613;0;0;89;0;110;0;
7864;2932700;1023197184;18776064;1096335360;0;0;0;0;0;0;0;0;0;0;0;2104;0;0;89;0;110;0;
7865;2587302;1023197184;18776064;1096335360;0;0;0;0;0;0;0;0;0;0;0;1513;0;0;89;0;110;0;
7866;2678413;1023197184;18776064;1096335360;0;0;0;0;0;0;0;0;0;0;0;1512;0;0;89;0;110;0;
7867;2760908;1023197184;18776064;1096335360;0;0;0;0;0;0;0;0;0;0;0;1684;0;0;89;0;110;0;
7868;1901617;1023197184;18776064;1096335360;0;0;0;0;0;0;0;0;0;0;0;2024;0;0;89;0;110;0;
7869;5199210;1023197184;18776064;1096335360;0;0;0;0;0;0;0;0;0;0;0;1623;0;0;89;0;110;0;
7870;2210776;1023197184;18776064;1096335360;0;0;0;0;0;0;0;0;0;0;0;1844;0;0;89;0;110;0;
7871;1923307;1023197184;18776064;1096335360;0;0;0;0;0;0;0;0;0;0;0;1273;0;0;89;0;110;0;
7872;2137329;1023197184;18776064;1096335360;0;0;0;0;0;0;0;0;0;0;0;1483;0;0;89;0;110;0;
7873;2920126;1023197184;18776064;1096335360;0;0;0;0;0;0;0;0;0;0;0;1694;0;0;89;0;110;0;
7874;1924319;1023197184;18776064;1096335360;0;0;0;0;0;0;0;0;0;0;0;1503;0;0;89;0;110;0;
7875;5085477;1023197184;18776064;1096335360;0;0;0;0;0;0;0;0;0;0;0;1613;0;0;89;0;110;0;
7876;3335475;1023197184;18776064;1096335360;0;0;0;0;0;0;0;0;0;0;0;1984;0;0;89;0;110;0;
7877;2883999;1023197184;18776064;1096335360;0;0;0;0;0;0;0;0;0;0;0;1693;0;0;89;0;110;0;
7878;2162235;1023197184;18776064;1096335360;0;0;0;0;0;0;0;0;0;0;0;1523;0;0;89;0;110;0;
7879;3275313;1023197184;18776064;1096335360;0;0;0;0;0;0;0;0;0;0;0;1512;0;0;89;0;110;0;
7880;2403457;1023197184;18776064;1096335360;0;0;0;0;0;0;0;0;0;0;0;1262;0;0;89;0;110;0;
7881;5157232;1023197184;18776064;1096335360;0;0;0;0;0;0;0;0;0;0;0;1533;0;0;89;0;110;0;
7882;3185955;1023197184;18776064;1096335360;0;0;0;0;0;0;0;0;0;0;0;1954;0;0;89;0;110;0;
7883;2719791;1023197184;18776064;1096335360;0;0;0;0;0;0;0;0;0;0;0;1673;0;0;89;0;110;0;
7884;2788891;1023197184;18776064;1096335360;0;0;0;0;0;0;0;0;0;0;0;1583;0;0;89;0;110;0;
7885;2682060;1023197184;18776064;1096335360;0;0;0;0;0;0;0;0;0;0;0;1974;0;0;89;0;110;0;
7886;2082295;1023197184;18776064;1096335360;0;0;0;0;0;0;0;0;0;0;0;1573;0;0;89;0;110;0;
7887;5873535;1023197184;18776064;1096335360;0;0;0;0;0;0;0;0;0;0;0;1603;0;0;89;0;110;0;
7888;3832017;1023197184;18776064;1096335360;0;0;0;0;0;0;0;0;0;0;0;2064;0;0;89;0;110;0;
7889;3614989;1023197184;18776064;1096335360;0;0;0;0;0;0;0;0;0;0;0;1573;0;0;89;0;110;0;
7890;2237997;1023197184;18776064;1096335360;0;0;0;0;0;0;0;0;0;0;0;1653;0;0;89;0;110;0;
7891;3982669;1023197184;18776064;1096335360;0;0;0;0;0;0;0;0;0;0;0;1843;0;0;89;0;110;0;
7892;1404755;1023197184;18776064;1096335360;0;0;0;0;0;0;0;0;0;0;0;1593;0;0;89;0;110;0;
7893;4364475;1023197184;18776064;1096335360;0;0;0;0;0;0;0;0;0;0;0;1443;0;0;89;0;110;0;
7894;1977699;1023197184;18776064;1096335360;0;0;0;0;0;0;0;0;0;0;0;1703;0;0;89;0;110;0;
7895;3846394;1023197184;18776064;1096335360;0;0;0;0;0;0;0;0;0;0;0;1713;0;0;89;0;110;0;
7896;2482947;1023197184;18776064;1096335360;0;0;0;0;0;0;0;0;0;0;0;1844;0;0;89;0;110;0;
7897;3211192;1023197184;18776064;1096335360;0;0;0;0;0;0;0;0;0;0;0;1653;0;0;89;0;110;0;
7898;1373496;1023197184;18776064;1096335360;0;0;0;0;0;0;0;0;0;0;0;1743;0;0;89;0;110;0;
7899;6848153;1023197184;18776064;1096335360;0;0;0;0;0;0;0;0;0;0;0;1543;0;0;89;0;110;0;
7900;2628379;1023197184;18776064;1096335360;0;0;0;0;0;0;0;0;0;0;0;1813;0;0;89;0;110;0;
7901;3363238;1023197184;18776064;1096335360;0;0;0;0;0;0;0;0;0;0;0;1562;0;0;89;0;110;0;
7902;1987587;1023197184;18776064;1096335360;0;0;0;0;0;0;0;0;0;0;0;1543;0;0;89;0;110;0;
7903;2639951;1023197184;18776064;1096335360;0;0;0;0;0;0;0;0;0;0;0;1844;0;0;89;0;110;0;
7904;1506575;1023197184;18776064;1096335360;0;0;0;0;0;0;0;0;0;0;0;1663;0;0;89;0;110;0;
7905;5031215;1023197184;18776064;1096335360;0;0;0;0;0;0;0;0;0;0;0;1733;0;0;89;0;110;0;
7906;2645652;1023197184;18776064;1096335360;0;0;0;0;0;0;0;0;0;0;0;1914;0;0;89;0;110;0;
7907;2744988;1023197184;18776064;1096335360;0;0;0;0;0;0;0;0;0;0;0;1763;0;0;89;0;110;0;
7908;2378521;1023197184;18776064;1096335360;0;0;0;0;0;0;0;0;0;0;0;1613;0;0;89;0;110;0;
7909;2858471;1023197184;18776064;1096335360;0;0;0;0;0;0;0;0;0;0;0;1563;0;0;89;0;110;0;
7910;2252103;1023197184;18776064;1096335360;0;0;0;0;0;0;0;0;0;0;0;1673;0;0;89;0;110;0;
7911;5728363;1023197184;18776064;1096335360;0;0;0;0;0;0;0;0;0;0;0;1693;0;0;89;0;110;0;
7912;3195172;1023197184;18776064;1096335360;0;0;0;0;0;0;0;0;0;0;0;1763;0;0;89;0;110;0;
7913;4284175;1023197184;18776064;1096335360;0;0;0;0;0;0;0;0;0;0;0;1603;0;0;89;0;110;0;
7914;2385834;1023197184;18776064;1096335360;0;0;0;0;0;0;0;0;0;0;0;1623;0;0;89;0;110;0;
7915;2311295;1023197184;18776064;1096335360;0;0;0;0;0;0;0;0;0;0;0;1493;0;0;89;0;110;0;
7916;1265002;1023197184;18776064;1096335360;0;0;0;0;0;0;0;0;0;0;0;1473;0;0;89;0;110;0;
7917;5197828;1023197184;18776064;1096335360;0;0;0;0;0;0;0;0;0;0;0;1623;0;0;89;0;110;0;
7918;3370491;1023197184;18776064;1096335360;0;0;0;0;0;0;0;0;0;0;0;2384;0;0;89;0;110;0;
7919;2964169;1023197184;18776064;1096335360;0;0;0;0;0;0;0;0;0;0;0;1713;0;0;89;0;110;0;
7920;2534253;1023197184;18776064;1096335360;0;0;0;0;0;0;0;0;0;0;0;1342;0;0;89;0;110;0;
7921;2404760;1023197184;18776064;1096335360;0;0;0;0;0;0;0;0;0;0;0;1763;0;0;89;0;110;0;
7922;2408116;1023197184;18776064;1096335360;0;0;0;0;0;0;0;0;0;0;0;1443;0;0;89;0;110;0;
7923;11460794;1023197184;18776064;1096335360;0;0;0;0;0;0;0;0;0;0;0;2214;0;0;89;0;110;0;
7924;3421136;1023197184;18776064;1096335360;0;0;0;0;0;0;0;0;0;0;0;1873;0;0;89;0;110;0;
7925;2731112;1023197184;18776064;1096335360;0;0;0;0;0;0;0;0;0;0;0;1953;0;0;89;0;110;0;
7926;2132219;1023197184;18776064;1096335360;0;0;0;0;0;0;0;0;0;0;0;1613;0;0;89;0;110;0;
7927;2546466;1023197184;18776064;1096335360;0;0;0;0;0;0;0;0;0;0;0;1543;0;0;89;0;110;0;
7928;1655425;1023197184;18776064;1096335360;0;0;0;0;0;0;0;0;0;0;0;38502;0;0;89;0;110;0;
7929;5260605;1023197184;18776064;1096335360;0;0;0;0;0;0;0;0;0;0;0;1664;0;0;89;0;110;0;
7930;2295615;1023197184;18776064;1096335360;0;0;0;0;0;0;0;0;0;0;0;2144;0;0;89;0;110;0;
7931;2793449;1023197184;18776064;1096335360;0;0;0;0;0;0;0;0;0;0;0;1473;0;0;89;0;110;0;
7932;1648592;1023197184;18776064;1096335360;0;0;0;0;0;0;0;0;0;0;0;1613;0;0;89;0;110;0;
7933;3243794;1023197184;18776064;1096335360;0;0;0;0;0;0;0;0;0;0;0;1613;0;0;89;0;110;0;
7934;2178666;1023197184;18776064;1096335360;0;0;0;0;0;0;0;0;0;0;0;1683;0;0;89;0;110;0;
7935;5717152;1023197184;18776064;1096335360;0;0;0;0;0;0;0;0;0;0;0;1343;0;0;89;0;110;0;
7936;3440612;1023197184;18776064;1096335360;0;0;0;0;0;0;0;0;0;0;0;2595;0;0;89;0;110;0;
7937;3489915;1023197184;18776064;1096335360;0;0;0;0;0;0;0;0;0;0;0;1874;0;0;89;0;110;0;
7938;2899869;1023197184;18776064;1096335360;0;0;0;0;0;0;0;0;0;0;0;1693;0;0;89;0;110;0;
7939;2573687;1023197184;18776064;1096335360;0;0;0;0;0;0;0;0;0;0;0;1603;0;0;89;0;110;0;
7940;2085812;1023197184;18776064;1096335360;0;0;0;0;0;0;0;0;0;0;0;1733;0;0;89;0;110;0;
7941;5932896;1023197184;18776064;1096335360;0;0;0;0;0;0;0;0;0;0;0;1714;0;0;89;0;110;0;
7942;3304688;1023197184;18776064;1096335360;0;0;0;0;0;0;0;0;0;0;0;2585;0;0;89;0;110;0;
7943;2297038;1023197184;18776064;1096335360;0;0;0;0;0;0;0;0;0;0;0;1252;0;0;89;0;110;0;
7944;1475808;1023197184;18776064;1096335360;0;0;0;0;0;0;0;0;0;0;0;2205;0;0;89;0;110;0;
7945;2093396;1023197184;18776064;1096335360;0;0;0;0;0;0;0;0;0;0;0;1593;0;0;89;0;110;0;
7946;1947362;1023197184;18776064;1096335360;0;0;0;0;0;0;0;0;0;0;0;1833;0;0;89;0;110;0;
7947;5872433;1023197184;18776064;1096335360;0;0;0;0;0;0;0;0;0;0;0;1733;0;0;89;0;110;0;
7948;2827513;1023197184;18776064;1096335360;0;0;0;0;0;0;0;0;0;0;0;217738;0;0;89;0;110;0;
7949;2439545;1023197184;18776064;1096335360;0;0;0;0;0;0;0;0;0;0;0;1703;0;0;89;0;110;0;
7950;2904186;1023197184;18776064;1096335360;0;0;0;0;0;0;0;0;0;0;0;1773;0;0;89;0;110;0;
7951;2412194;1023197184;18776064;1096335360;0;0;0;0;0;0;0;0;0;0;0;1462;0;0;89;0;110;0;
7952;1755943;1023197184;18776064;1096335360;0;0;0;0;0;0;0;0;0;0;0;1593;0;0;89;0;110;0;
7953;5700020;1023197184;18776064;1096335360;0;0;0;0;0;0;0;0;0;0;0;1703;0;0;89;0;110;0;
7954;2971312;1023197184;18776064;1096335360;0;0;0;0;0;0;0;0;0;0;0;2064;0;0;89;0;110;0;
7955;2416382;1023197184;18776064;1096335360;0;0;0;0;0;0;0;0;0;0;0;1653;0;0;89;0;110;0;
7956;2456948;1023197184;18776064;1096335360;0;0;0;0;0;0;0;0;0;0;0;1703;0;0;89;0;110;0;
7957;2421662;1023197184;18776064;1096335360;0;0;0;0;0;0;0;0;0;0;0;1373;0;0;89;0;110;0;
7958;2211357;1023197184;18776064;1096335360;0;0;0;0;0;0;0;0;0;0;0;1774;0;0;89;0;110;0;
7959;5289019;1023197184;18776064;1096335360;0;0;0;0;0;0;0;0;0;0;0;1553;0;0;89;0;110;0;
7960;4953890;1023197184;18776064;1096335360;0;0;0;0;0;0;0;0;0;0;0;2976;0;0;89;0;110;0;
7961;3245677;1023197184;18776064;1096335360;0;0;0;0;0;0;0;0;0;0;0;1553;0;0;89;0;110;0;
7962;2611818;1023197184;18776064;1096335360;0;0;0;0;0;0;0;0;0;0;0;1974;0;0;89;0;110;0;
7963;3408392;1023197184;18776064;1096335360;0;0;0;0;0;0;0;0;0;0;0;2164;0;0;89;0;110;0;
7964;2217769;1023197184;18776064;1096335360;0;0;0;0;0;0;0;0;0;0;0;1924;0;0;89;0;110;0;
7965;5010247;1023197184;18776064;1096335360;0;0;0;0;0;0;0;0;0;0;0;1603;0;0;89;0;110;0;
7966;3234396;1023197184;18776064;1096335360;0;0;0;0;0;0;0;0;0;0;0;3106;0;0;89;0;110;0;
7967;3118579;1023197184;18776064;1096335360;0;0;0;0;0;0;0;0;0;0;0;1753;0;0;89;0;110;0;
7968;2760567;1023197184;18776064;1096335360;0;0;0;0;0;0;0;0;0;0;0;1913;0;0;89;0;110;0;
7969;2946325;1023197184;18776064;1096335360;0;0;0;0;0;0;0;0;0;0;0;1633;0;0;89;0;110;0;
7970;2029797;1023197184;18776064;1096335360;0;0;0;0;0;0;0;0;0;0;0;1774;0;0;89;0;110;0;
7971;5481640;1023197184;18776064;1096335360;0;0;0;0;0;0;0;0;0;0;0;1512;0;0;89;0;110;0;
7972;4410642;1023197184;18776064;1096335360;0;0;0;0;0;0;0;0;0;0;0;2775;0;0;89;0;110;0;
7973;3138826;1023197184;18776064;1096335360;0;0;0;0;0;0;0;0;0;0;0;1954;0;0;89;0;110;0;
7974;2322947;1023197184;18776064;1096335360;0;0;0;0;0;0;0;0;0;0;0;2134;0;0;89;0;110;0;
7975;3173412;1023197184;18776064;1096335360;0;0;0;0;0;0;0;0;0;0;0;2084;0;0;89;0;110;0;
7976;2051637;1023197184;18776064;1096335360;0;0;0;0;0;0;0;0;0;0;0;1783;0;0;89;0;110;0;
7977;5098582;1023197184;18776064;1096335360;0;0;0;0;0;0;0;0;0;0;0;1613;0;0;89;0;110;0;
7978;3420154;1023197184;18776064;1096335360;0;0;0;0;0;0;0;0;0;0;0;2665;0;0;89;0;110;0;
7979;2428394;1023197184;18776064;1096335360;0;0;0;0;0;0;0;0;0;0;0;1513;0;0;89;0;110;0;
7980;1592377;1023197184;18776064;1096335360;0;0;0;0;0;0;0;0;0;0;0;1843;0;0;89;0;110;0;
7981;2121759;1023197184;18776064;1096335360;0;0;0;0;0;0;0;0;0;0;0;1502;0;0;89;0;110;0;
7982;1695229;1023197184;18776064;1096335360;0;0;0;0;0;0;0;0;0;0;0;1443;0;0;89;0;110;0;
7983;4889821;1023197184;18776064;1096335360;0;0;0;0;0;0;0;0;0;0;0;1453;0;0;89;0;110;0;
7984;2840006;1023197184;18776064;1096335360;0;0;0;0;0;0;0;0;0;0;0;2094;0;0;89;0;110;0;
7985;3061101;1023197184;18776064;1096335360;0;0;0;0;0;0;0;0;0;0;0;1874;0;0;89;0;110;0;
7986;1880246;1023197184;18776064;1096335360;0;0;0;0;0;0;0;0;0;0;0;1784;0;0;89;0;110;0;
7987;2163708;1023197184;18776064;1096335360;0;0;0;0;0;0;0;0;0;0;0;1543;0;0;89;0;110;0;
7988;1552853;1023197184;18776064;1096335360;0;0;0;0;0;0;0;0;0;0;0;1803;0;0;89;0;110;0;
7989;4052881;1023197184;18776064;1096335360;0;0;0;0;0;0;0;0;0;0;0;1803;0;0;89;0;110;0;
7990;3469036;1023197184;18776064;1096335360;0;0;0;0;0;0;0;0;0;0;0;2665;0;0;89;0;110;0;
7991;2325682;1023197184;18776064;1096335360;0;0;0;0;0;0;0;0;0;0;0;1703;0;0;89;0;110;0;
7992;2026761;1023197184;18776064;1096335360;0;0;0;0;0;0;0;0;0;0;0;1493;0;0;89;0;110;0;
7993;3414935;1023197184;18776064;1096335360;0;0;0;0;0;0;0;0;0;0;0;1923;0;0;89;0;110;0;
7994;1994340;1023197184;18776064;1096335360;0;0;0;0;0;0;0;0;0;0;0;1974;0;0;89;0;110;0;
7995;5243994;1023197184;18776064;1096335360;0;0;0;0;0;0;0;0;0;0;0;1803;0;0;89;0;110;0;
7996;2960813;1023197184;18776064;1096335360;0;0;0;0;0;0;0;0;0;0;0;2334;0;0;89;0;110;0;
7997;3064357;1023197184;18776064;1096335360;0;0;0;0;0;0;0;0;0;0;0;2054;0;0;89;0;110;0;
7998;1673468;1023197184;18776064;1096335360;0;0;0;0;0;0;0;0;0;0;0;2094;0;0;89;0;110;0;
7999;2709581;1023197184;18776064;1096335360;0;0;0;0;0;0;0;0;0;0;0;1883;0;0;89;0;110;0;
8000;2486783;1023197184;18776064;1096335360;0;0;0;0;0;0;0;0;0;0;0;1824;0;0;89;0;110;0;
8001;6112964;1023197184;18776064;1096335360;0;0;0;0;0;0;0;0;0;0;0;1763;0;0;89;0;110;0;
8002;3138546;1023197184;18776064;1096335360;0;0;0;0;0;0;0;0;0;0;0;3457;0;0;89;0;111;0;
8003;2470493;1023197184;18776064;1096335360;0;0;0;0;0;0;0;0;0;0;0;1673;0;0;89;0;111;0;
8004;2662714;1023197184;18776064;1096335360;0;0;0;0;0;0;0;0;0;0;0;2024;0;0;89;0;111;0;
8005;2887165;1023197184;18776064;1096335360;0;0;0;0;0;0;0;0;0;0;0;1653;0;0;89;0;111;0;
8006;1779076;1023197184;18776064;1096335360;0;0;0;0;0;0;0;0;0;0;0;1743;0;0;89;0;111;0;
8007;4835027;1023197184;18776064;1096335360;0;0;0;0;0;0;0;0;0;0;0;1573;0;0;89;0;111;0;
8008;3717552;1023197184;18776064;1096335360;0;0;0;0;0;0;0;0;0;0;0;2945;0;0;89;0;111;0;
8009;3470910;1023197184;18776064;1096335360;0;0;0;0;0;0;0;0;0;0;0;1823;0;0;89;0;111;0;
8010;1941982;1023197184;18776064;1096335360;0;0;0;0;0;0;0;0;0;0;0;1954;0;0;89;0;111;0;
8011;3101446;1023197184;18776064;1096335360;0;0;0;0;0;0;0;0;0;0;0;1883;0;0;89;0;111;0;
8012;2309772;1023197184;18776064;1096335360;0;0;0;0;0;0;0;0;0;0;0;1883;0;0;89;0;111;0;
8013;5056843;1023197184;18776064;1096335360;0;0;0;0;0;0;0;0;0;0;0;2004;0;0;89;0;111;0;
8014;3644124;1023197184;18776064;1096335360;0;0;0;0;0;0;0;0;0;0;0;2325;0;0;89;0;111;0;
8015;2531197;1023197184;18776064;1096335360;0;0;0;0;0;0;0;0;0;0;0;1743;0;0;89;0;111;0;
8016;1839379;1023197184;18776064;1096335360;0;0;0;0;0;0;0;0;0;0;0;1913;0;0;89;0;111;0;
8017;2068930;1023197184;18776064;1096335360;0;0;0;0;0;0;0;0;0;0;0;1754;0;0;89;0;111;0;
8018;2587012;1023197184;18776064;1096335360;0;0;0;0;0;0;0;0;0;0;0;1933;0;0;89;0;111;0;
8019;5054369;1023197184;18776064;1096335360;0;0;0;0;0;0;0;0;0;0;0;1874;0;0;89;0;111;0;
8020;3438829;1023197184;18776064;1096335360;0;0;0;0;0;0;0;0;0;0;0;2044;0;0;89;0;111;0;
8021;2450085;1023197184;18776064;1096335360;0;0;0;0;0;0;0;0;0;0;0;2054;0;0;89;0;111;0;
8022;3374228;1023197184;18776064;1096335360;0;0;0;0;0;0;0;0;0;0;0;6211;0;0;89;0;111;0;
8023;2941166;1023197184;18776064;1096335360;0;0;0;0;0;0;0;0;0;0;0;1834;0;0;89;0;111;0;
8024;2451147;1023197184;18776064;1096335360;0;0;0;0;0;0;0;0;0;0;0;1974;0;0;89;0;111;0;
8025;5789688;1023197184;18776064;1096335360;0;0;0;0;0;0;0;0;0;0;0;1422;0;0;89;0;111;0;
8026;2195156;1023197184;18776064;1096335360;0;0;0;0;0;0;0;0;0;0;0;1833;0;0;89;0;111;0;
8027;2830739;1023197184;18776064;1096335360;0;0;0;0;0;0;0;0;0;0;0;1292;0;0;89;0;111;0;
8028;2370305;1023197184;18776064;1096335360;0;0;0;0;0;0;0;0;0;0;0;1754;0;0;89;0;111;0;
8029;3318183;1023197184;18776064;1096335360;0;0;0;0;0;0;0;0;0;0;0;1603;0;0;89;0;111;0;
8030;2283974;1023197184;18776064;1096335360;0;0;0;0;0;0;0;0;0;0;0;1493;0;0;89;0;111;0;
8031;5134499;1023197184;18776064;1096335360;0;0;0;0;0;0;0;0;0;0;0;1503;0;0;89;0;111;0;
8032;3740656;1023197184;18776064;1096335360;0;0;0;0;0;0;0;0;0;0;0;2385;0;0;89;0;111;0;
8033;2451989;1023197184;18776064;1096335360;0;0;0;0;0;0;0;0;0;0;0;1834;0;0;89;0;111;0;
8034;2031149;1023197184;18776064;1096335360;0;0;0;0;0;0;0;0;0;0;0;1513;0;0;89;0;111;0;
8035;2697309;1023197184;18776064;1096335360;0;0;0;0;0;0;0;0;0;0;0;1453;0;0;89;0;111;0;
8036;2770466;1023197184;18776064;1096335360;0;0;0;0;0;0;0;0;0;0;0;1543;0;0;89;0;111;0;
8037;5195082;1023197184;18776064;1096335360;0;0;0;0;0;0;0;0;0;0;0;1653;0;0;89;0;111;0;
8038;3482852;1023197184;18776064;1096335360;0;0;0;0;0;0;0;0;0;0;0;2645;0;0;89;0;111;0;
8039;2399490;1023197184;18776064;1096335360;0;0;0;0;0;0;0;0;0;0;0;1663;0;0;89;0;111;0;
8040;2016752;1023197184;18776064;1096335360;0;0;0;0;0;0;0;0;0;0;0;1613;0;0;89;0;111;0;
8041;2257003;1023197184;18776064;1096335360;0;0;0;0;0;0;0;0;0;0;0;1623;0;0;89;0;111;0;
8042;1519259;1023197184;18776064;1096335360;0;0;0;0;0;0;0;0;0;0;0;1463;0;0;89;0;111;0;
8043;6028456;1023197184;18776064;1096335360;0;0;0;0;0;0;0;0;0;0;0;1482;0;0;89;0;111;0;
8044;3070288;1023197184;18776064;1096335360;0;0;0;0;0;0;0;0;0;0;0;2514;0;0;89;0;111;0;
8045;2125305;1023197184;18776064;1096335360;0;0;0;0;0;0;0;0;0;0;0;1463;0;0;89;0;111;0;
8046;2429025;1023197184;18776064;1096335360;0;0;0;0;0;0;0;0;0;0;0;1513;0;0;89;0;111;0;
8047;2343946;1023197184;18776064;1096335360;0;0;0;0;0;0;0;0;0;0;0;1563;0;0;89;0;111;0;
8048;2251091;1023197184;18776064;1096335360;0;0;0;0;0;0;0;0;0;0;0;1543;0;0;89;0;111;0;
8049;5236210;1023197184;18776064;1096335360;0;0;0;0;0;0;0;0;0;0;0;1633;0;0;89;0;111;0;
8050;3666546;1023197184;18776064;1096335360;0;0;0;0;0;0;0;0;0;0;0;1804;0;0;89;0;111;0;
8051;2791575;1023197184;18776064;1096335360;0;0;0;0;0;0;0;0;0;0;0;1783;0;0;89;0;111;0;
8052;2395683;1023197184;18776064;1096335360;0;0;0;0;0;0;0;0;0;0;0;1683;0;0;89;0;111;0;
8053;2948971;1023197184;18776064;1096335360;0;0;0;0;0;0;0;0;0;0;0;1663;0;0;89;0;111;0;
8054;2159169;1023197184;18776064;1096335360;0;0;0;0;0;0;0;0;0;0;0;1583;0;0;89;0;111;0;
8055;5372215;1023197184;18776064;1096335360;0;0;0;0;0;0;0;0;0;0;0;2445;0;0;89;0;113;0;
8056;3338221;1023197184;18776064;1096335360;0;0;0;0;0;0;0;0;0;0;0;2314;0;0;89;0;113;0;
8057;3167480;1023197184;18776064;1096335360;0;0;0;0;0;0;0;0;0;0;0;1603;0;0;89;0;113;0;
8058;1939457;1023197184;18776064;1096335360;0;0;0;0;0;0;0;0;0;0;0;1313;0;0;89;0;113;0;
8059;2784011;1023197184;18776064;1096335360;0;0;0;0;0;0;0;0;0;0;0;1442;0;0;89;0;113;0;
8060;2896051;1023197184;18776064;1096335360;0;0;0;0;0;0;0;0;0;0;0;1714;0;0;89;0;113;0;
8061;5755593;1023197184;18776064;1096335360;0;0;0;0;0;0;0;0;0;0;0;1412;0;0;89;0;113;0;
8062;3101186;1023197184;18776064;1096335360;0;0;0;0;0;0;0;0;0;0;0;1984;0;0;89;0;113;0;
8063;2672573;1023197184;18776064;1096335360;0;0;0;0;0;0;0;0;0;0;0;1563;0;0;89;0;113;0;
8064;3433188;1023197184;18776064;1096335360;0;0;0;0;0;0;0;0;0;0;0;1994;0;0;89;0;113;0;
8065;2639871;1023197184;18776064;1096335360;0;0;0;0;0;0;0;0;0;0;0;1413;0;0;89;0;113;0;
8066;1884905;1023197184;18776064;1096335360;0;0;0;0;0;0;0;0;0;0;0;1663;0;0;89;0;113;0;
8067;4485472;1023197184;18776064;1096335360;0;0;0;0;0;0;0;0;0;0;0;1603;0;0;89;0;113;0;
8068;3416998;1023197184;18776064;1096335360;0;0;0;0;0;0;0;0;0;0;0;3076;0;0;89;0;113;0;
8069;2725862;1023197184;18776064;1096335360;0;0;0;0;0;0;0;0;0;0;0;1643;0;0;89;0;113;0;
8070;2335690;1023197184;18776064;1096335360;0;0;0;0;0;0;0;0;0;0;0;2685;0;0;89;0;114;0;
8071;2968337;1023197184;18776064;1096335360;0;0;0;0;0;0;0;0;0;0;0;1673;0;0;89;0;114;0;
8072;2395893;1023197184;18776064;1096335360;0;0;0;0;0;0;0;0;0;0;0;1894;0;0;89;0;114;0;
8073;5914362;1023197184;18776064;1096335360;0;0;0;0;0;0;0;0;0;0;0;1974;0;0;89;0;114;0;
8074;2631915;1023197184;18776064;1096335360;0;0;0;0;0;0;0;0;0;0;0;1933;0;0;89;0;114;0;
8075;2639099;1023197184;18776064;1096335360;0;0;0;0;0;0;0;0;0;0;0;1613;0;0;89;0;114;0;
8076;2515527;1023197184;18776064;1096335360;0;0;0;0;0;0;0;0;0;0;0;2074;0;0;89;0;114;0;
8077;2876615;1023197184;18776064;1096335360;0;0;0;0;0;0;0;0;0;0;0;1513;0;0;89;0;114;0;
8078;2206027;1023197184;18776064;1096335360;0;0;0;0;0;0;0;0;0;0;0;1693;0;0;89;0;114;0;
8079;5049320;1023197184;18776064;1096335360;0;0;0;0;0;0;0;0;0;0;0;1723;0;0;89;0;114;0;
8080;2898165;1023197184;18776064;1096335360;0;0;0;0;0;0;0;0;0;0;0;2314;0;0;89;0;114;0;
8081;3124860;1023197184;18776064;1096335360;0;0;0;0;0;0;0;0;0;0;0;1733;0;0;89;0;114;0;
8082;2532589;1023197184;18776064;1096335360;0;0;0;0;0;0;0;0;0;0;0;1844;0;0;89;0;114;0;
8083;2798017;1023197184;18776064;1096335360;0;0;0;0;0;0;0;0;0;0;0;1703;0;0;89;0;114;0;
8084;2841479;1023197184;18776064;1096335360;0;0;0;0;0;0;0;0;0;0;0;2184;0;0;89;0;114;0;
8085;6026041;1023197184;18776064;1096335360;0;0;0;0;0;0;0;0;0;0;0;2304;0;0;89;0;114;0;
8086;5013202;1023197184;18776064;1096335360;0;0;0;0;0;0;0;0;0;0;0;3096;0;0;89;0;115;0;
8087;2918343;1023197184;18776064;1096335360;0;0;0;0;0;0;0;0;0;0;0;2264;0;0;89;0;115;0;
8088;2535084;1023197184;18776064;1096335360;0;0;0;0;0;0;0;0;0;0;0;1633;0;0;89;0;115;0;
8089;4503836;1023197184;18776064;1096335360;0;0;0;0;0;0;0;0;0;0;0;2124;0;0;89;0;115;0;
8090;3086969;1023197184;18776064;1096335360;0;0;0;0;0;0;0;0;0;0;0;2345;0;0;89;0;115;0;
8091;6318359;1023197184;18776064;1096335360;0;0;0;0;0;0;0;0;0;0;0;1974;0;0;89;0;115;0;
8092;4296538;1023197184;18776064;1096335360;0;0;0;0;0;0;0;0;0;0;0;2214;0;0;89;0;115;0;
8093;3762276;1023197184;18776064;1096335360;0;0;0;0;0;0;0;0;0;0;0;2825;0;0;89;0;116;0;
8094;2294463;1023197184;18776064;1096335360;0;0;0;0;0;0;0;0;0;0;0;2274;0;0;89;0;116;0;
8095;2787277;1023197184;18776064;1096335360;0;0;0;0;0;0;0;0;0;0;0;1653;0;0;89;0;116;0;
8096;3005837;1023197184;18776064;1096335360;0;0;0;0;0;0;0;0;0;0;0;2164;0;0;89;0;116;0;
8097;6261062;1023197184;18776064;1096335360;0;0;0;0;0;0;0;0;0;0;0;1944;0;0;89;0;116;0;
8098;3771954;1023197184;18776064;1096335360;0;0;0;0;0;0;0;0;0;0;0;3236;0;0;89;0;116;0;
8099;3372715;1023197184;18776064;1096335360;0;0;0;0;0;0;0;0;0;0;0;2274;0;0;89;0;116;0;
8100;1973791;1023197184;18776064;1096335360;0;0;0;0;0;0;0;0;0;0;0;2144;0;0;89;0;116;0;
8101;3089694;1023197184;18776064;1096335360;0;0;0;0;0;0;0;0;0;0;0;1673;0;0;89;0;116;0;
8102;3029642;1023197184;18776064;1096335360;0;0;0;0;0;0;0;0;0;0;0;2264;0;0;89;0;116;0;
8103;6066877;1023197184;18776064;1096335360;0;0;0;0;0;0;0;0;0;0;0;2795;0;0;89;0;117;0;
8104;3168041;1023197184;18776064;1096335360;0;0;0;0;0;0;0;0;0;0;0;2324;0;0;89;0;117;0;
8105;3356916;1023197184;18776064;1096335360;0;0;0;0;0;0;0;0;0;0;0;1653;0;0;89;0;117;0;
8106;2435989;1023197184;18776064;1096335360;0;0;0;0;0;0;0;0;0;0;0;1392;0;0;89;0;117;0;
8107;1884153;1023197184;18776064;1096335360;0;0;0;0;0;0;0;0;0;0;0;1523;0;0;89;0;117;0;
8108;1934028;1023197184;18776064;1096335360;0;0;0;0;0;0;0;0;0;0;0;3436;0;0;89;0;118;0;
8109;5064468;1023197184;18776064;1096335360;0;0;0;0;0;0;0;0;0;0;0;1643;0;0;89;0;118;0;
8110;2576351;1023197184;18776064;1096335360;0;0;0;0;0;0;0;0;0;0;0;2474;0;0;89;0;118;0;
8111;2589466;1023197184;18776064;1096335360;0;0;0;0;0;0;0;0;0;0;0;2044;0;0;89;0;118;0;
8112;2291938;1023197184;18776064;1096335360;0;0;0;0;0;0;0;0;0;0;0;1703;0;0;89;0;118;0;
8113;3495225;1023197184;18776064;1096335360;0;0;0;0;0;0;0;0;0;0;0;1853;0;0;89;0;118;0;
8114;1604619;1023197184;18776064;1096335360;0;0;0;0;0;0;0;0;0;0;0;2104;0;0;89;0;118;0;
8115;5248653;1023197184;18776064;1096335360;0;0;0;0;0;0;0;0;0;0;0;1273;0;0;89;0;118;0;
8116;3851513;1023197184;18776064;1096335360;0;0;0;0;0;0;0;0;0;0;0;1833;0;0;89;0;118;0;
8117;2487866;1023197184;18776064;1096335360;0;0;0;0;0;0;0;0;0;0;0;1663;0;0;89;0;118;0;
8118;1898431;1023197184;18776064;1096335360;0;0;0;0;0;0;0;0;0;0;0;1543;0;0;89;0;118;0;
8119;2673815;1023197184;18776064;1096335360;0;0;0;0;0;0;0;0;0;0;0;1522;0;0;89;0;118;0;
8120;2582313;1023197184;18776064;1096335360;0;0;0;0;0;0;0;0;0;0;0;1763;0;0;89;0;118;0;
8121;5407942;1023197184;18776064;1096335360;0;0;0;0;0;0;0;0;0;0;0;1674;0;0;89;0;118;0;
8122;2995288;1023197184;18776064;1096335360;0;0;0;0;0;0;0;0;0;0;0;2074;0;0;89;0;118;0;
8123;2457930;1023197184;18776064;1096335360;0;0;0;0;0;0;0;0;0;0;0;1462;0;0;89;0;118;0;
8124;1745914;1023197184;18776064;1096335360;0;0;0;0;0;0;0;0;0;0;0;1563;0;0;89;0;118;0;
8125;2659597;1023197184;18776064;1096335360;0;0;0;0;0;0;0;0;0;0;0;1833;0;0;89;0;118;0;
8126;2630072;1023197184;18776064;1096335360;0;0;0;0;0;0;0;0;0;0;0;1673;0;0;89;0;118;0;
8127;5369019;1023197184;18776064;1096335360;0;0;0;0;0;0;0;0;0;0;0;1563;0;0;89;0;118;0;
8128;3780801;1023197184;18776064;1096335360;0;0;0;0;0;0;0;0;0;0;0;1903;0;0;89;0;118;0;
8129;2792086;1023197184;18776064;1096335360;0;0;0;0;0;0;0;0;0;0;0;1583;0;0;89;0;118;0;
8130;3326438;1023197184;18776064;1096335360;0;0;0;0;0;0;0;0;0;0;0;2876;0;0;89;0;119;0;
8131;2219352;1023197184;18776064;1096335360;0;0;0;0;0;0;0;0;0;0;0;1773;0;0;89;0;119;0;
8132;2212079;1023197184;18776064;1096335360;0;0;0;0;0;0;0;0;0;0;0;1593;0;0;89;0;119;0;
8133;6487427;1023197184;18776064;1096335360;0;0;0;0;0;0;0;0;0;0;0;1663;0;0;89;0;119;0;
8134;3409715;1023197184;18776064;1096335360;0;0;0;0;0;0;0;0;0;0;0;2084;0;0;89;0;119;0;
8135;2817194;1023197184;18776064;1096335360;0;0;0;0;0;0;0;0;0;0;0;1784;0;0;89;0;119;0;
8136;1982848;1023197184;18776064;1096335360;0;0;0;0;0;0;0;0;0;0;0;1763;0;0;89;0;119;0;
8137;3464858;1023197184;18776064;1096335360;0;0;0;0;0;0;0;0;0;0;0;1733;0;0;89;0;119;0;
8138;1816406;1023197184;18776064;1096335360;0;0;0;0;0;0;0;0;0;0;0;1503;0;0;89;0;119;0;
8139;4861036;1023197184;18776064;1096335360;0;0;0;0;0;0;0;0;0;0;0;1593;0;0;89;0;119;0;
8140;3896017;1023197184;18776064;1096335360;0;0;0;0;0;0;0;0;0;0;0;1863;0;0;89;0;119;0;
8141;2776827;1023197184;18776064;1096335360;0;0;0;0;0;0;0;0;0;0;0;1623;0;0;89;0;119;0;
8142;2876394;1023197184;18776064;1096335360;0;0;0;0;0;0;0;0;0;0;0;1783;0;0;89;0;119;0;
8143;2265679;1023197184;18776064;1096335360;0;0;0;0;0;0;0;0;0;0;0;1593;0;0;89;0;119;0;
8144;1969013;1023197184;18776064;1096335360;0;0;0;0;0;0;0;0;0;0;0;1783;0;0;89;0;119;0;
8145;5967301;1023197184;18776064;1096335360;0;0;0;0;0;0;0;0;0;0;0;1863;0;0;89;0;119;0;
8146;3291784;1023197184;18776064;1096335360;0;0;0;0;0;0;0;0;0;0;0;2244;0;0;89;0;119;0;
8147;2389111;1023197184;18776064;1096335360;0;0;0;0;0;0;0;0;0;0;0;1533;0;0;89;0;119;0;
8148;1041833;1023197184;18776064;1096335360;0;0;0;0;0;0;0;0;0;0;0;1533;0;0;89;0;119;0;
8149;2908555;1023197184;18776064;1096335360;0;0;0;0;0;0;0;0;0;0;0;1542;0;0;89;0;119;0;
8150;1658621;1023197184;18776064;1096335360;0;0;0;0;0;0;0;0;0;0;0;1693;0;0;89;0;119;0;
8151;8675790;1023197184;18776064;1096335360;0;0;0;0;0;0;0;0;0;0;0;1703;0;0;89;0;119;0;
8152;4935105;1023197184;18776064;1096335360;0;0;0;0;0;0;0;0;0;0;0;2175;0;0;89;0;119;0;
8153;2354065;1023197184;18776064;1096335360;0;0;0;0;0;0;0;0;0;0;0;1673;0;0;89;0;119;0;
8154;1972960;1023197184;18776064;1096335360;0;0;0;0;0;0;0;0;0;0;0;1793;0;0;89;0;119;0;
8155;3677457;1023197184;18776064;1096335360;0;0;0;0;0;0;0;0;0;0;0;1513;0;0;89;0;119;0;
8156;2504056;1023197184;18776064;1096335360;0;0;0;0;0;0;0;0;0;0;0;1643;0;0;89;0;119;0;
8157;5675033;1023197184;18776064;1096335360;0;0;0;0;0;0;0;0;0;0;0;1704;0;0;89;0;119;0;
8158;3891137;1023197184;18776064;1096335360;0;0;0;0;0;0;0;0;0;0;0;2244;0;0;89;0;119;0;
8159;3091308;1023197184;18776064;1096335360;0;0;0;0;0;0;0;0;0;0;0;1783;0;0;89;0;119;0;
8160;2052809;1023197184;18776064;1096335360;0;0;0;0;0;0;0;0;0;0;0;1773;0;0;89;0;119;0;
8161;3099172;1023197184;18776064;1096335360;0;0;0;0;0;0;0;0;0;0;0;1763;0;0;89;0;119;0;
8162;1843498;1023197184;18776064;1096335360;0;0;0;0;0;0;0;0;0;0;0;1744;0;0;89;0;119;0;
8163;6257435;1023197184;18776064;1096335360;0;0;0;0;0;0;0;0;0;0;0;1562;0;0;89;0;119;0;
8164;4571082;1023197184;18776064;1096335360;0;0;0;0;0;0;0;0;0;0;0;2605;0;0;89;0;119;0;
8165;2402566;1023197184;18776064;1096335360;0;0;0;0;0;0;0;0;0;0;0;1744;0;0;89;0;119;0;
8166;1239123;1023197184;18776064;1096335360;0;0;0;0;0;0;0;0;0;0;0;1462;0;0;89;0;119;0;
8167;2619402;1023197184;18776064;1096335360;0;0;0;0;0;0;0;0;0;0;0;1533;0;0;89;0;119;0;
8168;1738690;1023197184;18776064;1096335360;0;0;0;0;0;0;0;0;0;0;0;2054;0;0;89;0;119;0;
8169;6585640;1023197184;18776064;1096335360;0;0;0;0;0;0;0;0;0;0;0;1653;0;0;89;0;119;0;
8170;5166970;1023197184;18776064;1096335360;0;0;0;0;0;0;0;0;0;0;0;2956;0;0;89;0;120;0;
8171;2175510;1023197184;18776064;1096335360;0;0;0;0;0;0;0;0;0;0;0;1503;0;0;89;0;120;0;
8172;2473970;1023197184;18776064;1096335360;0;0;0;0;0;0;0;0;0;0;0;1934;0;0;89;0;120;0;
8173;2316064;1023197184;18776064;1096335360;0;0;0;0;0;0;0;0;0;0;0;1553;0;0;89;0;120;0;
8174;2550964;1023197184;18776064;1096335360;0;0;0;0;0;0;0;0;0;0;0;1793;0;0;89;0;120;0;
8175;4644019;1023197184;18776064;1096335360;0;0;0;0;0;0;0;0;0;0;0;1553;0;0;89;0;120;0;
8176;3480287;1023197184;18776064;1096335360;0;0;0;0;0;0;0;0;0;0;0;204373;0;0;89;0;120;0;
8177;2705033;1023197184;18776064;1096335360;0;0;0;0;0;0;0;0;0;0;0;1753;0;0;89;0;120;0;
8178;1497379;1023197184;18776064;1096335360;0;0;0;0;0;0;0;0;0;0;0;1423;0;0;89;0;120;0;
8179;2902162;1023197184;18776064;1096335360;0;0;0;0;0;0;0;0;0;0;0;1813;0;0;89;0;120;0;
8180;1874435;1023197184;18776064;1096335360;0;0;0;0;0;0;0;0;0;0;0;1393;0;0;89;0;120;0;
8181;6294414;1023197184;18776064;1096335360;0;0;0;0;0;0;0;0;0;0;0;1573;0;0;89;0;120;0;
8182;3125281;1023197184;18776064;1096335360;0;0;0;0;0;0;0;0;0;0;0;2775;0;0;89;0;120;0;
8183;2806694;1023197184;18776064;1096335360;0;0;0;0;0;0;0;0;0;0;0;1483;0;0;89;0;120;0;
8184;1838458;1023197184;18776064;1096335360;0;0;0;0;0;0;0;0;0;0;0;1743;0;0;89;0;120;0;
8185;3211864;1023197184;18776064;1096335360;0;0;0;0;0;0;0;0;0;0;0;1593;0;0;89;0;120;0;
8186;1947031;1023197184;18776064;1096335360;0;0;0;0;0;0;0;0;0;0;0;1603;0;0;89;0;120;0;
8187;6104308;1023197184;18776064;1096335360;0;0;0;0;0;0;0;0;0;0;0;1563;0;0;89;0;120;0;
8188;2616216;1023197184;18776064;1096335360;0;0;0;0;0;0;0;0;0;0;0;2114;0;0;89;0;120;0;
8189;2748464;1023197184;18776064;1096335360;0;0;0;0;0;0;0;0;0;0;0;1783;0;0;89;0;120;0;
8190;1763366;1023197184;18776064;1096335360;0;0;0;0;0;0;0;0;0;0;0;1863;0;0;89;0;120;0;
8191;3008181;1023197184;18776064;1096335360;0;0;0;0;0;0;0;0;0;0;0;1513;0;0;89;0;120;0;
8192;2138481;1023197184;18776064;1096335360;0;0;0;0;0;0;0;0;0;0;0;1583;0;0;89;0;120;0;
8193;5485918;1023197184;18776064;1096335360;0;0;0;0;0;0;0;0;0;0;0;1533;0;0;89;0;120;0;
8194;3230158;1023197184;18776064;1096335360;0;0;0;0;0;0;0;0;0;0;0;1953;0;0;89;0;120;0;
8195;2754756;1023197184;18776064;1096335360;0;0;0;0;0;0;0;0;0;0;0;1533;0;0;89;0;120;0;
8196;2104927;1023197184;18776064;1096335360;0;0;0;0;0;0;0;0;0;0;0;1503;0;0;89;0;120;0;
8197;3522736;1023197184;18776064;1096335360;0;0;0;0;0;0;0;0;0;0;0;1473;0;0;89;0;120;0;
8198;1709236;1023197184;18776064;1096335360;0;0;0;0;0;0;0;0;0;0;0;1423;0;0;89;0;120;0;
8199;6255372;1023197184;18776064;1096335360;0;0;0;0;0;0;0;0;0;0;0;1723;0;0;89;0;120;0;
8200;4405512;1023197184;18776064;1096335360;0;0;0;0;0;0;0;0;0;0;0;2084;0;0;89;0;120;0;
8201;2810411;1023197184;18776064;1096335360;0;0;0;0;0;0;0;0;0;0;0;1723;0;0;89;0;120;0;
8202;3251618;1023197184;18776064;1096335360;0;0;0;0;0;0;0;0;0;0;0;1743;0;0;89;0;120;0;
8203;3628054;1023197184;18776064;1096335360;0;0;0;0;0;0;0;0;0;0;0;51066;0;0;89;0;120;0;
8204;2191530;1023197184;18776064;1096335360;0;0;0;0;0;0;0;0;0;0;0;1713;0;0;89;0;120;0;
8205;6355388;1023197184;18776064;1096335360;0;0;0;0;0;0;0;0;0;0;0;1673;0;0;89;0;120;0;
8206;3841334;1023197184;18776064;1096335360;0;0;0;0;0;0;0;0;0;0;0;1904;0;0;89;0;120;0;
8207;3291092;1023197184;18776064;1096335360;0;0;0;0;0;0;0;0;0;0;0;1694;0;0;89;0;120;0;
8208;1493501;1023197184;18776064;1096335360;0;0;0;0;0;0;0;0;0;0;0;1674;0;0;89;0;120;0;
8209;3150959;1023197184;18776064;1096335360;0;0;0;0;0;0;0;0;0;0;0;1633;0;0;89;0;120;0;
8210;2951325;1023197184;18776064;1096335360;0;0;0;0;0;0;0;0;0;0;0;1943;0;0;89;0;120;0;
8211;6407897;1023197184;18776064;1096335360;0;0;0;0;0;0;0;0;0;0;0;1873;0;0;89;0;120;0;
8212;2752592;1023197184;18776064;1096335360;0;0;0;0;0;0;0;0;0;0;0;2254;0;0;89;0;120;0;
8213;3833509;1023197184;18776064;1096335360;0;0;0;0;0;0;0;0;0;0;0;2124;0;0;89;0;120;0;
8214;2302959;1023197184;18776064;1096335360;0;0;0;0;0;0;0;0;0;0;0;1813;0;0;89;0;120;0;
8215;2274385;1023197184;18776064;1096335360;0;0;0;0;0;0;0;0;0;0;0;1563;0;0;89;0;120;0;
8216;1255444;1023197184;18776064;1096335360;0;0;0;0;0;0;0;0;0;0;0;1603;0;0;89;0;120;0;
8217;4795513;1023197184;18776064;1096335360;0;0;0;0;0;0;0;0;0;0;0;1433;0;0;89;0;120;0;
8218;2638088;1023197184;18776064;1096335360;0;0;0;0;0;0;0;0;0;0;0;1914;0;0;89;0;120;0;
8219;2534704;1023197184;18776064;1096335360;0;0;0;0;0;0;0;0;0;0;0;1543;0;0;89;0;120;0;
8220;2064562;1023197184;18776064;1096335360;0;0;0;0;0;0;0;0;0;0;0;1603;0;0;89;0;120;0;
8221;2985489;1023197184;18776064;1096335360;0;0;0;0;0;0;0;0;0;0;0;1523;0;0;89;0;120;0;
8222;2511651;1023197184;18776064;1096335360;0;0;0;0;0;0;0;0;0;0;0;1633;0;0;89;0;120;0;
8223;5105635;1023197184;18776064;1096335360;0;0;0;0;0;0;0;0;0;0;0;1603;0;0;89;0;120;0;
8224;2811312;1023197184;18776064;1096335360;0;0;0;0;0;0;0;0;0;0;0;1724;0;0;89;0;120;0;
8225;4309893;1023463424;18776064;1096335360;0;0;0;0;0;0;0;0;0;0;0;1853;0;0;89;0;120;0;
8226;1845822;1023463424;18776064;1096335360;0;0;0;0;0;0;0;0;0;0;0;1573;0;0;89;0;120;0;
8227;2130857;1023463424;18776064;1096335360;0;0;0;0;0;0;0;0;0;0;0;1744;0;0;89;0;120;0;
8228;2544512;1023463424;18776064;1096335360;0;0;0;0;0;0;0;0;0;0;0;1733;0;0;89;0;120;0;
8229;5613969;1023463424;18776064;1096335360;0;0;0;0;0;0;0;0;0;0;0;1794;0;0;89;0;120;0;
8230;3888062;1023463424;18776064;1096335360;0;0;0;0;0;0;0;0;0;0;0;2484;0;0;89;0;120;0;
8231;4245763;1023463424;18776064;1096335360;0;0;0;0;0;0;0;0;0;0;0;1473;0;0;89;0;120;0;
8232;1637781;1023463424;18776064;1096335360;0;0;0;0;0;0;0;0;0;0;0;1703;0;0;89;0;120;0;
8233;3588901;1023463424;18776064;1096335360;0;0;0;0;0;0;0;0;0;0;0;2114;0;0;89;0;120;0;
8234;1993158;1023463424;18776064;1096335360;0;0;0;0;0;0;0;0;0;0;0;1813;0;0;89;0;120;0;
8235;8465165;1023463424;18776064;1096335360;0;0;0;0;0;0;0;0;0;0;0;1823;0;0;89;0;120;0;
8236;4670709;1023463424;18776064;1096335360;0;0;0;0;0;0;0;0;0;0;0;1813;0;0;89;0;120;0;
8237;3361965;1023463424;18776064;1096335360;0;0;0;0;0;0;0;0;0;0;0;1663;0;0;89;0;120;0;
8238;2140926;1023463424;18776064;1096335360;0;0;0;0;0;0;0;0;0;0;0;1462;0;0;89;0;120;0;
8239;3674962;1023463424;18776064;1096335360;0;0;0;0;0;0;0;0;0;0;0;1543;0;0;89;0;120;0;
8240;1540860;1023463424;18776064;1096335360;0;0;0;0;0;0;0;0;0;0;0;1653;0;0;89;0;120;0;
8241;5698106;1023463424;18776064;1096335360;0;0;0;0;0;0;0;0;0;0;0;1463;0;0;89;0;120;0;
8242;4632949;1023463424;18776064;1096335360;0;0;0;0;0;0;0;0;0;0;0;2856;0;0;89;0;120;0;
8243;3754010;1023463424;18776064;1096335360;0;0;0;0;0;0;0;0;0;0;0;2094;0;0;89;0;120;0;
8244;2567175;1023463424;18776064;1096335360;0;0;0;0;0;0;0;0;0;0;0;1493;0;0;89;0;120;0;
8245;3268609;1023463424;18776064;1096335360;0;0;0;0;0;0;0;0;0;0;0;1643;0;0;89;0;120;0;
8246;3073965;1023733760;18776064;1096335360;0;0;0;0;0;0;0;0;0;0;0;1743;0;0;89;0;120;0;
8247;5693016;1023733760;18776064;1096335360;0;0;0;0;0;0;0;0;0;0;0;1493;0;0;89;0;120;0;
8248;3393925;1023733760;18776064;1096335360;0;0;0;0;0;0;0;0;0;0;0;2234;0;0;89;0;120;0;
8249;3504833;1023733760;18776064;1096335360;0;0;0;0;0;0;0;0;0;0;0;1854;0;0;89;0;120;0;
8250;2044324;1023733760;18776064;1096335360;0;0;0;0;0;0;0;0;0;0;0;1613;0;0;89;0;120;0;
8251;2520617;1023733760;18776064;1096335360;0;0;0;0;0;0;0;0;0;0;0;1793;0;0;89;0;120;0;
8252;2225253;1023733760;18776064;1096335360;0;0;0;0;0;0;0;0;0;0;0;1563;0;0;89;0;120;0;
8253;5535021;1023733760;18776064;1096335360;0;0;0;0;0;0;0;0;0;0;0;1543;0;0;89;0;120;0;
8254;3968934;1023733760;18776064;1096335360;0;0;0;0;0;0;0;0;0;0;0;2294;0;0;89;0;120;0;
8255;3560748;1023733760;18776064;1096335360;0;0;0;0;0;0;0;0;0;0;0;2094;0;0;89;0;120;0;
8256;3344202;1023733760;18776064;1096335360;0;0;0;0;0;0;0;0;0;0;0;1973;0;0;89;0;120;0;
8257;2682311;1023733760;18776064;1096335360;0;0;0;0;0;0;0;0;0;0;0;2244;0;0;89;0;120;0;
8258;2055695;1023733760;18776064;1096335360;0;0;0;0;0;0;0;0;0;0;0;1813;0;0;89;0;120;0;
8259;5622474;1023733760;18776064;1096335360;0;0;0;0;0;0;0;0;0;0;0;1833;0;0;89;0;120;0;
8260;4148420;1023733760;18776064;1096335360;0;0;0;0;0;0;0;0;0;0;0;2414;0;0;89;0;120;0;
8261;2733767;1023733760;18776064;1096335360;0;0;0;0;0;0;0;0;0;0;0;1813;0;0;89;0;120;0;
8262;2350298;1023733760;18776064;1096335360;0;0;0;0;0;0;0;0;0;0;0;1793;0;0;89;0;120;0;
8263;2660920;1023733760;18776064;1096335360;0;0;0;0;0;0;0;0;0;0;0;1843;0;0;89;0;120;0;
8264;2457729;1023733760;18776064;1096335360;0;0;0;0;0;0;0;0;0;0;0;1753;0;0;89;0;120;0;
8265;5677818;1023733760;18776064;1096335360;0;0;0;0;0;0;0;0;0;0;0;1783;0;0;89;0;120;0;
8266;3017750;1023733760;18776064;1096335360;0;0;0;0;0;0;0;0;0;0;0;1783;0;0;89;0;120;0;
8267;2150423;1023733760;18776064;1096335360;0;0;0;0;0;0;0;0;0;0;0;1633;0;0;89;0;120;0;
8268;1829141;1023733760;18776064;1096335360;0;0;0;0;0;0;0;0;0;0;0;1693;0;0;89;0;120;0;
8269;2821822;1023733760;18776064;1096335360;0;0;0;0;0;0;0;0;0;0;0;1643;0;0;89;0;120;0;
8270;2482005;1023733760;18776064;1096335360;0;0;0;0;0;0;0;0;0;0;0;1834;0;0;89;0;120;0;
8271;5632663;1023733760;18776064;1096335360;0;0;0;0;0;0;0;0;0;0;0;1503;0;0;89;0;120;0;
8272;4354136;1023733760;18776064;1096335360;0;0;0;0;0;0;0;0;0;0;0;2335;0;0;89;0;120;0;
8273;3656087;1023733760;18776064;1096335360;0;0;0;0;0;0;0;0;0;0;0;1522;0;0;89;0;120;0;
8274;2243237;1023733760;18776064;1096335360;0;0;0;0;0;0;0;0;0;0;0;1413;0;0;89;0;120;0;
8275;2667412;1023733760;18776064;1096335360;0;0;0;0;0;0;0;0;0;0;0;105678;0;0;89;0;120;0;
8276;2001113;1023733760;18776064;1096335360;0;0;0;0;0;0;0;0;0;0;0;1533;0;0;89;0;120;0;
8277;6281309;1023733760;18776064;1096335360;0;0;0;0;0;0;0;0;0;0;0;1553;0;0;89;0;120;0;
8278;4168888;1023733760;18776064;1096335360;0;0;0;0;0;0;0;0;0;0;0;3697;0;0;89;0;120;0;
8279;3729114;1023733760;18776064;1096335360;0;0;0;0;0;0;0;0;0;0;0;1292;0;0;89;0;120;0;
8280;4428916;1023733760;18776064;1096335360;0;0;0;0;0;0;0;0;0;0;0;1593;0;0;89;0;120;0;
8281;2119395;1023733760;18776064;1096335360;0;0;0;0;0;0;0;0;0;0;0;1472;0;0;89;0;120;0;
8282;1801899;1023733760;18776064;1096335360;0;0;0;0;0;0;0;0;0;0;0;1733;0;0;89;0;120;0;
8283;6013889;1023733760;18776064;1096335360;0;0;0;0;0;0;0;0;0;0;0;1613;0;0;89;0;120;0;
8284;4471656;1023733760;18776064;1096335360;0;0;0;0;0;0;0;0;0;0;0;2043;0;0;89;0;120;0;
8285;3272227;1023733760;18776064;1096335360;0;0;0;0;0;0;0;0;0;0;0;1724;0;0;89;0;120;0;
8286;2612759;1023733760;18776064;1096335360;0;0;0;0;0;0;0;0;0;0;0;1633;0;0;89;0;120;0;
8287;2793820;1023733760;18776064;1096335360;0;0;0;0;0;0;0;0;0;0;0;1473;0;0;89;0;120;0;
8288;1554486;1023733760;18776064;1096335360;0;0;0;0;0;0;0;0;0;0;0;1453;0;0;89;0;120;0;
8289;5061703;1023733760;18776064;1096335360;0;0;0;0;0;0;0;0;0;0;0;1513;0;0;89;0;120;0;
8290;3933507;1023733760;18776064;1096335360;0;0;0;0;0;0;0;0;0;0;0;2134;0;0;89;0;120;0;
8291;4126489;1023733760;18776064;1096335360;0;0;0;0;0;0;0;0;0;0;0;10530;0;0;89;0;120;0;
8292;1787933;1023733760;18776064;1096335360;0;0;0;0;0;0;0;0;0;0;0;2024;0;0;89;0;120;0;
8293;2068659;1023733760;18776064;1096335360;0;0;0;0;0;0;0;0;0;0;0;1573;0;0;89;0;120;0;
8294;2202411;1023733760;18776064;1096335360;0;0;0;0;0;0;0;0;0;0;0;1703;0;0;89;0;120;0;
8295;4894890;1023733760;18776064;1096335360;0;0;0;0;0;0;0;0;0;0;0;1422;0;0;89;0;120;0;
8296;3586867;1023733760;18776064;1096335360;0;0;0;0;0;0;0;0;0;0;0;2084;0;0;89;0;120;0;
8297;3669612;1023733760;18776064;1096335360;0;0;0;0;0;0;0;0;0;0;0;1964;0;0;89;0;120;0;
8298;1746535;1023733760;18776064;1096335360;0;0;0;0;0;0;0;0;0;0;0;1593;0;0;89;0;120;0;
8299;3098891;1023733760;18776064;1096335360;0;0;0;0;0;0;0;0;0;0;0;1593;0;0;89;0;120;0;
8300;1724474;1023733760;18776064;1096335360;0;0;0;0;0;0;0;0;0;0;0;1633;0;0;89;0;120;0;
8301;6466698;1023733760;18776064;1096335360;0;0;0;0;0;0;0;0;0;0;0;1693;0;0;89;0;120;0;
8302;3309357;1023733760;18776064;1096335360;0;0;0;0;0;0;0;0;0;0;0;2014;0;0;89;0;120;0;
8303;2664106;1023733760;18776064;1096335360;0;0;0;0;0;0;0;0;0;0;0;1543;0;0;89;0;120;0;
8304;2199515;1023733760;18776064;1096335360;0;0;0;0;0;0;0;0;0;0;0;1523;0;0;89;0;120;0;
8305;2735149;1023733760;18776064;1096335360;0;0;0;0;0;0;0;0;0;0;0;1563;0;0;89;0;120;0;
8306;2475983;1023733760;18776064;1096335360;0;0;0;0;0;0;0;0;0;0;0;1713;0;0;89;0;120;0;
8307;5197087;1023733760;18776064;1096335360;0;0;0;0;0;0;0;0;0;0;0;1563;0;0;89;0;120;0;
8308;2387848;1023733760;18776064;1096335360;0;0;0;0;0;0;0;0;0;0;0;1993;0;0;89;0;120;0;
8309;3334202;1023733760;18776064;1096335360;0;0;0;0;0;0;0;0;0;0;0;1884;0;0;89;0;120;0;
8310;2430789;1023733760;18776064;1096335360;0;0;0;0;0;0;0;0;0;0;0;1693;0;0;89;0;120;0;
8311;2523723;1023733760;18776064;1096335360;0;0;0;0;0;0;0;0;0;0;0;1973;0;0;89;0;120;0;
8312;1553925;1023733760;18776064;1096335360;0;0;0;0;0;0;0;0;0;0;0;1603;0;0;89;0;120;0;
8313;5623917;1023733760;18776064;1096335360;0;0;0;0;0;0;0;0;0;0;0;1543;0;0;89;0;120;0;
8314;3434050;1023733760;18776064;1096335360;0;0;0;0;0;0;0;0;0;0;0;2174;0;0;89;0;120;0;
8315;2849534;1023733760;18776064;1096335360;0;0;0;0;0;0;0;0;0;0;0;1763;0;0;89;0;120;0;
8316;2623470;1023733760;18776064;1096335360;0;0;0;0;0;0;0;0;0;0;0;1743;0;0;89;0;120;0;
8317;4315082;1023733760;18776064;1096335360;0;0;0;0;0;0;0;0;0;0;0;1483;0;0;89;0;120;0;
8318;2005050;1023733760;18776064;1096335360;0;0;0;0;0;0;0;0;0;0;0;1482;0;0;89;0;120;0;
8319;6115990;1023733760;18776064;1096335360;0;0;0;0;0;0;0;0;0;0;0;1533;0;0;89;0;120;0;
8320;3395348;1024004096;18776064;1096335360;0;0;0;0;0;0;0;0;0;0;0;2154;0;0;89;0;120;0;
8321;1940199;1024004096;18776064;1096335360;0;0;0;0;0;0;0;0;0;0;0;1663;0;0;89;0;120;0;
8322;1575295;1024004096;18776064;1096335360;0;0;0;0;0;0;0;0;0;0;0;1502;0;0;89;0;120;0;
8323;1764089;1024004096;18776064;1096335360;0;0;0;0;0;0;0;0;0;0;0;1493;0;0;89;0;120;0;
8324;2139572;1024004096;18776064;1096335360;0;0;0;0;0;0;0;0;0;0;0;1503;0;0;89;0;120;0;
8325;5875669;1024004096;18776064;1096335360;0;0;0;0;0;0;0;0;0;0;0;1513;0;0;89;0;120;0;
8326;3216392;1024004096;18776064;1096335360;0;0;0;0;0;0;0;0;0;0;0;2084;0;0;89;0;120;0;
8327;3271275;1024004096;18776064;1096335360;0;0;0;0;0;0;0;0;0;0;0;1483;0;0;89;0;120;0;
8328;2385935;1024004096;18776064;1096335360;0;0;0;0;0;0;0;0;0;0;0;1843;0;0;89;0;120;0;
8329;2328758;1024004096;18776064;1096335360;0;0;0;0;0;0;0;0;0;0;0;1463;0;0;89;0;120;0;
8330;1728271;1024004096;18776064;1096335360;0;0;0;0;0;0;0;0;0;0;0;1472;0;0;89;0;120;0;
8331;5346818;1024004096;18776064;1096335360;0;0;0;0;0;0;0;0;0;0;0;1593;0;0;89;0;120;0;
8332;3148816;1024004096;18776064;1096335360;0;0;0;0;0;0;0;0;0;0;0;1934;0;0;89;0;120;0;
8333;3085677;1024004096;18776064;1096335360;0;0;0;0;0;0;0;0;0;0;0;1493;0;0;89;0;120;0;
8334;1367124;1024004096;18776064;1096335360;0;0;0;0;0;0;0;0;0;0;0;1863;0;0;89;0;120;0;
8335;2514346;1024004096;18776064;1096335360;0;0;0;0;0;0;0;0;0;0;0;1342;0;0;89;0;120;0;
8336;2223550;1024004096;18776064;1096335360;0;0;0;0;0;0;0;0;0;0;0;1643;0;0;89;0;120;0;
8337;5954607;1024004096;18776064;1096335360;0;0;0;0;0;0;0;0;0;0;0;1723;0;0;89;0;120;0;
8338;2019277;1024004096;18776064;1096335360;0;0;0;0;0;0;0;0;0;0;0;1784;0;0;89;0;120;0;
8339;3213917;1024004096;18776064;1096335360;0;0;0;0;0;0;0;0;0;0;0;1563;0;0;89;0;120;0;
8340;2219954;1024004096;18776064;1096335360;0;0;0;0;0;0;0;0;0;0;0;1803;0;0;89;0;120;0;
8341;3236740;1024004096;18776064;1096335360;0;0;0;0;0;0;0;0;0;0;0;1633;0;0;89;0;120;0;
8342;3152513;1024004096;18776064;1096335360;0;0;0;0;0;0;0;0;0;0;0;1593;0;0;89;0;120;0;
8343;6535957;1024004096;18776064;1096335360;0;0;0;0;0;0;0;0;0;0;0;1793;0;0;89;0;120;0;
8344;3144968;1024004096;18776064;1096335360;0;0;0;0;0;0;0;0;0;0;0;1423;0;0;89;0;120;0;
8345;2908965;1024004096;18776064;1096335360;0;0;0;0;0;0;0;0;0;0;0;1704;0;0;89;0;120;0;
8346;3557652;1024004096;18776064;1096335360;0;0;0;0;0;0;0;0;0;0;0;1663;0;0;89;0;120;0;
8347;3272226;1024004096;18776064;1096335360;0;0;0;0;0;0;0;0;0;0;0;1583;0;0;89;0;120;0;
8348;3053877;1024004096;18776064;1096335360;0;0;0;0;0;0;0;0;0;0;0;1854;0;0;89;0;120;0;
8349;6183707;1024004096;18776064;1096335360;0;0;0;0;0;0;0;0;0;0;0;1804;0;0;89;0;120;0;
8350;4244931;1024004096;18776064;1096335360;0;0;0;0;0;0;0;0;0;0;0;2645;0;0;89;0;120;0;
8351;3625589;1024004096;18776064;1096335360;0;0;0;0;0;0;0;0;0;0;0;1503;0;0;89;0;120;0;
8352;2409890;1024004096;18776064;1096335360;0;0;0;0;0;0;0;0;0;0;0;1844;0;0;89;0;120;0;
8353;2915728;1024004096;18776064;1096335360;0;0;0;0;0;0;0;0;0;0;0;1623;0;0;89;0;120;0;
8354;2692299;1024004096;18776064;1096335360;0;0;0;0;0;0;0;0;0;0;0;1643;0;0;89;0;120;0;
8355;5402743;1024004096;18776064;1096335360;0;0;0;0;0;0;0;0;0;0;0;1503;0;0;89;0;120;0;
8356;2651202;1024004096;18776064;1096335360;0;0;0;0;0;0;0;0;0;0;0;2084;0;0;89;0;120;0;
8357;2630774;1024004096;18776064;1096335360;0;0;0;0;0;0;0;0;0;0;0;1784;0;0;89;0;120;0;
8358;2147407;1024004096;18776064;1096335360;0;0;0;0;0;0;0;0;0;0;0;1804;0;0;89;0;120;0;
8359;3007921;1024004096;18776064;1096335360;0;0;0;0;0;0;0;0;0;0;0;1644;0;0;89;0;120;0;
8360;2501722;1024004096;18776064;1096335360;0;0;0;0;0;0;0;0;0;0;0;1793;0;0;89;0;120;0;
8361;6148651;1024004096;18776064;1096335360;0;0;0;0;0;0;0;0;0;0;0;1743;0;0;89;0;120;0;
8362;3557111;1024544768;18776064;1096335360;0;0;0;0;0;0;0;0;0;0;0;2195;0;0;89;0;120;0;
8363;4017805;1024544768;18776064;1096335360;0;0;0;0;0;0;0;0;0;0;0;1453;0;0;89;0;120;0;
8364;2244880;1024544768;18776064;1096335360;0;0;0;0;0;0;0;0;0;0;0;1954;0;0;89;0;120;0;
8365;2709321;1024544768;18776064;1096335360;0;0;0;0;0;0;0;0;0;0;0;1944;0;0;89;0;120;0;
8366;2658616;1024544768;18776064;1096335360;0;0;0;0;0;0;0;0;0;0;0;1854;0;0;89;0;120;0;
8367;5333863;1024544768;18776064;1096335360;0;0;0;0;0;0;0;0;0;0;0;1754;0;0;89;0;120;0;
8368;3149115;1024544768;18776064;1096335360;0;0;0;0;0;0;0;0;0;0;0;1914;0;0;89;0;120;0;
8369;3193449;1024544768;18776064;1096335360;0;0;0;0;0;0;0;0;0;0;0;1894;0;0;89;0;120;0;
8370;2418386;1024544768;18776064;1096335360;0;0;0;0;0;0;0;0;0;0;0;1614;0;0;89;0;120;0;
8371;2753635;1024544768;18776064;1096335360;0;0;0;0;0;0;0;0;0;0;0;1783;0;0;89;0;120;0;
8372;2800893;1024544768;18776064;1096335360;0;0;0;0;0;0;0;0;0;0;0;1834;0;0;89;0;120;0;
8373;5681545;1024544768;18776064;1096335360;0;0;0;0;0;0;0;0;0;0;0;1853;0;0;89;0;120;0;
8374;3372815;1024544768;18776064;1096335360;0;0;0;0;0;0;0;0;0;0;0;2635;0;0;89;0;120;0;
8375;3416808;1024544768;18776064;1096335360;0;0;0;0;0;0;0;0;0;0;0;1773;0;0;89;0;120;0;
8376;2776667;1024544768;18776064;1096335360;0;0;0;0;0;0;0;0;0;0;0;1553;0;0;89;0;120;0;
8377;3286473;1024544768;18776064;1096335360;0;0;0;0;0;0;0;0;0;0;0;1723;0;0;89;0;120;0;
8378;2827863;1024544768;18776064;1096335360;0;0;0;0;0;0;0;0;0;0;0;1804;0;0;89;0;120;0;
8379;6928614;1024544768;18776064;1096335360;0;0;0;0;0;0;0;0;0;0;0;1744;0;0;89;0;120;0;
8380;3448808;1024544768;18776064;1096335360;0;0;0;0;0;0;0;0;0;0;0;2534;0;0;89;0;120;0;
8381;2808657;1024544768;18776064;1096335360;0;0;0;0;0;0;0;0;0;0;0;2154;0;0;89;0;120;0;
8382;2475462;1024544768;18776064;1096335360;0;0;0;0;0;0;0;0;0;0;0;1743;0;0;89;0;120;0;
8383;2988725;1024544768;18776064;1096335360;0;0;0;0;0;0;0;0;0;0;0;1863;0;0;89;0;120;0;
8384;2242405;1024544768;18776064;1096335360;0;0;0;0;0;0;0;0;0;0;0;1593;0;0;89;0;120;0;
8385;5993661;1024544768;18776064;1096335360;0;0;0;0;0;0;0;0;0;0;0;2104;0;0;89;0;120;0;
8386;4009699;1024544768;18776064;1096335360;0;0;0;0;0;0;0;0;0;0;0;2074;0;0;89;0;120;0;
8387;3883013;1024544768;18776064;1096335360;0;0;0;0;0;0;0;0;0;0;0;1934;0;0;89;0;120;0;
8388;2421882;1024544768;18776064;1096335360;0;0;0;0;0;0;0;0;0;0;0;1974;0;0;89;0;120;0;
8389;3113449;1024544768;18776064;1096335360;0;0;0;0;0;0;0;0;0;0;0;1753;0;0;89;0;120;0;
8390;2340099;1024544768;18776064;1096335360;0;0;0;0;0;0;0;0;0;0;0;1492;0;0;89;0;120;0;
8391;6676441;1024544768;18776064;1096335360;0;0;0;0;0;0;0;0;0;0;0;1933;0;0;89;0;120;0;
8392;5102660;1024544768;18776064;1096335360;0;0;0;0;0;0;0;0;0;0;0;2815;0;0;89;0;120;0;
8393;3741386;1024544768;18776064;1096335360;0;0;0;0;0;0;0;0;0;0;0;2294;0;0;89;0;120;0;
8394;2479290;1024544768;18776064;1096335360;0;0;0;0;0;0;0;0;0;0;0;2225;0;0;89;0;120;0;
8395;3531593;1024544768;18776064;1096335360;0;0;0;0;0;0;0;0;0;0;0;1914;0;0;89;0;120;0;
8396;2953058;1024544768;18776064;1096335360;0;0;0;0;0;0;0;0;0;0;0;2114;0;0;89;0;120;0;
8397;7091659;1024544768;18776064;1096335360;0;0;0;0;0;0;0;0;0;0;0;2164;0;0;89;0;120;0;
8398;5949317;1024544768;18776064;1096335360;0;0;0;0;0;0;0;0;0;0;0;4659;0;0;89;0;120;0;
8399;5081781;1024544768;18776064;1096335360;0;0;0;0;0;0;0;0;0;0;0;2795;0;0;89;0;120;0;
8400;2524955;1024544768;18776064;1096335360;0;0;0;0;0;0;0;0;0;0;0;2014;0;0;89;0;120;0;
8401;2886213;1024544768;18776064;1096335360;0;0;0;0;0;0;0;0;0;0;0;2194;0;0;89;0;120;0;
8402;3631741;1024544768;18776064;1096335360;0;0;0;0;0;0;0;0;0;0;0;3006;0;0;89;0;120;0;
8403;7254705;1024544768;18776064;1096335360;0;0;0;0;0;0;0;0;0;0;0;2414;0;0;89;0;120;0;
8404;5099974;1024544768;18776064;1096335360;0;0;0;0;0;0;0;0;0;0;0;2424;0;0;89;0;120;0;
8405;3661306;1024544768;18776064;1096335360;0;0;0;0;0;0;0;0;0;0;0;1623;0;0;89;0;120;0;
8406;3041604;1024544768;18776064;1096335360;0;0;0;0;0;0;0;0;0;0;0;1753;0;0;89;0;120;0;
8407;3653903;1024544768;18776064;1096335360;0;0;0;0;0;0;0;0;0;0;0;1542;0;0;89;0;120;0;
8408;3909462;1024544768;18776064;1096335360;0;0;0;0;0;0;0;0;0;0;0;3596;0;0;89;0;120;0;
8409;8494019;1024815104;18776064;1096335360;0;0;0;0;0;0;0;0;0;0;0;2295;0;0;89;0;120;0;
8410;8180792;1024815104;18776064;1096335360;0;0;0;0;0;0;0;0;0;0;0;2925;0;0;89;0;120;0;
8411;4126940;1024815104;18776064;1096335360;0;0;0;0;0;0;0;0;0;0;0;1783;0;0;89;0;120;0;
8412;2885742;1024815104;18776064;1096335360;0;0;0;0;0;0;0;0;0;0;0;2825;0;0;89;0;120;0;
8413;2398969;1024815104;18776064;1096335360;0;0;0;0;0;0;0;0;0;0;0;1543;0;0;89;0;120;0;
8414;2998463;1024815104;18776064;1096335360;0;0;0;0;0;0;0;0;0;0;0;2063;0;0;89;0;120;0;
8415;5111055;1024815104;18776064;1096335360;0;0;0;0;0;0;0;0;0;0;0;1512;0;0;89;0;120;0;
8416;2743084;1024815104;18776064;1096335360;0;0;0;0;0;0;0;0;0;0;0;2345;0;0;89;0;120;0;
8417;2605987;1024815104;18776064;1096335360;0;0;0;0;0;0;0;0;0;0;0;1673;0;0;89;0;120;0;
8418;4068470;1024815104;18776064;1096335360;0;0;0;0;0;0;0;0;0;0;0;2625;0;0;89;0;120;0;
8419;3700480;1024815104;18776064;1096335360;0;0;0;0;0;0;0;0;0;0;0;1804;0;0;89;0;120;0;
8420;2137638;1024815104;18776064;1096335360;0;0;0;0;0;0;0;0;0;0;0;1994;0;0;89;0;120;0;
8421;5710369;1024815104;18776064;1096335360;0;0;0;0;0;0;0;0;0;0;0;1483;0;0;89;0;120;0;
8422;4114005;1024815104;18776064;1096335360;0;0;0;0;0;0;0;0;0;0;0;2875;0;0;89;0;120;0;
8423;2614353;1024815104;18776064;1096335360;0;0;0;0;0;0;0;0;0;0;0;1733;0;0;89;0;120;0;
8424;2490180;1024815104;18776064;1096335360;0;0;0;0;0;0;0;0;0;0;0;2014;0;0;89;0;120;0;
8425;3051983;1024815104;18776064;1096335360;0;0;0;0;0;0;0;0;0;0;0;1864;0;0;89;0;120;0;
8426;2680197;1024815104;18776064;1096335360;0;0;0;0;0;0;0;0;0;0;0;2766;0;0;89;0;120;0;
8427;7389288;1024815104;18776064;1096335360;0;0;0;0;0;0;0;0;0;0;0;2074;0;0;89;0;120;0;
8428;4217890;1024815104;18776064;1096335360;0;0;0;0;0;0;0;0;0;0;0;2925;0;0;89;0;120;0;
8429;4758974;1024815104;18776064;1096335360;0;0;0;0;0;0;0;0;0;0;0;2715;0;0;89;0;120;0;
8430;3325036;1024815104;18776064;1096335360;0;0;0;0;0;0;0;0;0;0;0;2185;0;0;89;0;120;0;
8431;2721584;1024815104;18776064;1096335360;0;0;0;0;0;0;0;0;0;0;0;1974;0;0;89;0;120;0;
8432;3117838;1024815104;18776064;1096335360;0;0;0;0;0;0;0;0;0;0;0;1963;0;0;89;0;120;0;
8433;6361160;1024815104;18776064;1096335360;0;0;0;0;0;0;0;0;0;0;0;1813;0;0;89;0;120;0;
8434;5913049;1024815104;18776064;1096335360;0;0;0;0;0;0;0;0;0;0;0;4518;0;0;89;0;120;0;
8435;3126193;1024815104;18776064;1096335360;0;0;0;0;0;0;0;0;0;0;0;1513;0;0;89;0;120;0;
8436;2678684;1024815104;18776064;1096335360;0;0;0;0;0;0;0;0;0;0;0;1693;0;0;89;0;120;0;
8437;4304012;1024815104;18776064;1096335360;0;0;0;0;0;0;0;0;0;0;0;1573;0;0;89;0;120;0;
8438;4339478;1024815104;18776064;1096335360;0;0;0;0;0;0;0;0;0;0;0;2054;0;0;89;0;120;0;
8439;5450481;1024815104;18776064;1096335360;0;0;0;0;0;0;0;0;0;0;0;1392;0;0;89;0;120;0;
8440;4502103;1024815104;18776064;1096335360;0;0;0;0;0;0;0;0;0;0;0;2625;0;0;89;0;120;0;
8441;2945835;1024815104;18776064;1096335360;0;0;0;0;0;0;0;0;0;0;0;1853;0;0;89;0;120;0;
8442;2233619;1024815104;18776064;1096335360;0;0;0;0;0;0;0;0;0;0;0;2024;0;0;89;0;120;0;
8443;3155679;1024815104;18776064;1096335360;0;0;0;0;0;0;0;0;0;0;0;1924;0;0;89;0;120;0;
8444;2180068;1024815104;18776064;1096335360;0;0;0;0;0;0;0;0;0;0;0;1853;0;0;89;0;120;0;
8445;5250116;1024815104;18776064;1096335360;0;0;0;0;0;0;0;0;0;0;0;1803;0;0;89;0;120;0;
8446;4021632;1024815104;18776064;1096335360;0;0;0;0;0;0;0;0;0;0;0;2575;0;0;89;0;120;0;
8447;4149903;1024815104;18776064;1096335360;0;0;0;0;0;0;0;0;0;0;0;2064;0;0;89;0;120;0;
8448;1745083;1024815104;18776064;1096335360;0;0;0;0;0;0;0;0;0;0;0;1683;0;0;89;0;120;0;
8449;2578356;1024815104;18776064;1096335360;0;0;0;0;0;0;0;0;0;0;0;1563;0;0;89;0;120;0;
8450;2660259;1024815104;18776064;1096335360;0;0;0;0;0;0;0;0;0;0;0;2004;0;0;89;0;120;0;
8451;7652993;1024815104;18776064;1096335360;0;0;0;0;0;0;0;0;0;0;0;1784;0;0;89;0;120;0;
8452;4487285;1024815104;18776064;1096335360;0;0;0;0;0;0;0;0;0;0;0;3106;0;0;89;0;120;0;
8453;3928257;1024815104;18776064;1096335360;0;0;0;0;0;0;0;0;0;0;0;1683;0;0;89;0;120;0;
8454;3088091;1024815104;18776064;1096335360;0;0;0;0;0;0;0;0;0;0;0;2715;0;0;89;0;120;0;
8455;3407510;1024815104;18776064;1096335360;0;0;0;0;0;0;0;0;0;0;0;2484;0;0;89;0;120;0;
8456;3377885;1024815104;18776064;1096335360;0;0;0;0;0;0;0;0;0;0;0;1933;0;0;89;0;120;0;
8457;7150189;1024815104;18776064;1096335360;0;0;0;0;0;0;0;0;0;0;0;1853;0;0;89;0;120;0;
8458;4145064;1024815104;18776064;1096335360;0;0;0;0;0;0;0;0;0;0;0;2535;0;0;89;0;120;0;
8459;2914355;1024815104;18776064;1096335360;0;0;0;0;0;0;0;0;0;0;0;1724;0;0;89;0;120;0;
8460;1512617;1024815104;18776064;1096335360;0;0;0;0;0;0;0;0;0;0;0;2154;0;0;89;0;120;0;
8461;2258375;1024815104;18776064;1096335360;0;0;0;0;0;0;0;0;0;0;0;1502;0;0;89;0;120;0;
8462;1277817;1024815104;18776064;1096335360;0;0;0;0;0;0;0;0;0;0;0;1472;0;0;89;0;120;0;
8463;4471035;1024815104;18776064;1096335360;0;0;0;0;0;0;0;0;0;0;0;1493;0;0;89;0;120;0;
8464;5471651;1024815104;18776064;1096335360;0;0;0;0;0;0;0;0;0;0;0;3336;0;0;89;0;120;0;
8465;3321709;1024815104;18776064;1096335360;0;0;0;0;0;0;0;0;0;0;0;1523;0;0;89;0;120;0;
8466;3069747;1024815104;18776064;1096335360;0;0;0;0;0;0;0;0;0;0;0;2144;0;0;89;0;120;0;
8467;3613576;1024815104;18776064;1096335360;0;0;0;0;0;0;0;0;0;0;0;7655;0;0;89;0;120;0;
8468;2112020;1024815104;18776064;1096335360;0;0;0;0;0;0;0;0;0;0;0;1814;0;0;89;0;120;0;
8469;5453678;1024815104;18776064;1096335360;0;0;0;0;0;0;0;0;0;0;0;1724;0;0;89;0;120;0;
8470;3619218;1024815104;18776064;1096335360;0;0;0;0;0;0;0;0;0;0;0;3066;0;0;89;0;120;0;
8471;4570923;1024815104;18776064;1096335360;0;0;0;0;0;0;0;0;0;0;0;2865;0;0;89;0;120;0;
8472;3281604;1024815104;18776064;1096335360;0;0;0;0;0;0;0;0;0;0;0;3006;0;0;89;0;120;0;
8473;2697539;1024815104;18776064;1096335360;0;0;0;0;0;0;0;0;0;0;0;2164;0;0;89;0;120;0;
8474;2308609;1024815104;18776064;1096335360;0;0;0;0;0;0;0;0;0;0;0;2475;0;0;89;0;120;0;
8475;8412496;1024815104;18776064;1096335360;0;0;0;0;0;0;0;0;0;0;0;2675;0;0;89;0;120;0;
8476;5475869;1024815104;18776064;1096335360;0;0;0;0;0;0;0;0;0;0;0;3757;0;0;89;0;120;0;
8477;3986156;1024815104;18776064;1096335360;0;0;0;0;0;0;0;0;0;0;0;2434;0;0;89;0;120;0;
8478;4827203;1024815104;18776064;1096335360;0;0;0;0;0;0;0;0;0;0;0;2605;0;0;89;0;120;0;
8479;4722266;1024815104;18776064;1096335360;0;0;0;0;0;0;0;0;0;0;0;2565;0;0;89;0;120;0;
8480;3142002;1024815104;18776064;1096335360;0;0;0;0;0;0;0;0;0;0;0;3236;0;0;89;0;120;0;
8481;8615077;1024815104;18776064;1096335360;0;0;0;0;0;0;0;0;0;0;0;2014;0;0;89;0;120;0;
8482;4905219;1024815104;18776064;1096335360;0;0;0;0;0;0;0;0;0;0;0;3055;0;0;89;0;120;0;
8483;2476745;1024815104;18776064;1096335360;0;0;0;0;0;0;0;0;0;0;0;2715;0;0;89;0;120;0;
8484;3203257;1024815104;18776064;1096335360;0;0;0;0;0;0;0;0;0;0;0;2324;0;0;89;0;120;0;
8485;3770271;1024815104;18776064;1096335360;0;0;0;0;0;0;0;0;0;0;0;2214;0;0;89;0;120;0;
8486;2359164;1024815104;18776064;1096335360;0;0;0;0;0;0;0;0;0;0;0;2194;0;0;89;0;120;0;
8487;6905601;1024815104;18776064;1096335360;0;0;0;0;0;0;0;0;0;0;0;2004;0;0;89;0;120;0;
8488;7368869;1024815104;18776064;1096335360;0;0;0;0;0;0;0;0;0;0;0;690715;0;0;89;0;120;0;
8489;4863070;1024815104;18776064;1096335360;0;0;0;0;0;0;0;0;0;0;0;2214;0;0;89;0;120;0;
8490;3433098;1024815104;18776064;1096335360;0;0;0;0;0;0;0;0;0;0;0;2735;0;0;89;0;120;0;
8491;3614137;1024815104;18776064;1096335360;0;0;0;0;0;0;0;0;0;0;0;2575;0;0;89;0;120;0;
8492;3493983;1024815104;18776064;1096335360;0;0;0;0;0;0;0;0;0;0;0;2304;0;0;89;0;120;0;
8493;7366656;1024815104;18776064;1096335360;0;0;0;0;0;0;0;0;0;0;0;2224;0;0;89;0;120;0;
8494;5503341;1024815104;18776064;1096335360;0;0;0;0;0;0;0;0;0;0;0;3667;0;0;89;0;120;0;
8495;4700175;1024815104;18776064;1096335360;0;0;0;0;0;0;0;0;0;0;0;2024;0;0;89;0;120;0;
8496;4596260;1024815104;18776064;1096335360;0;0;0;0;0;0;0;0;0;0;0;2405;0;0;89;0;120;0;
8497;3916886;1024815104;18776064;1096335360;0;0;0;0;0;0;0;0;0;0;0;1934;0;0;89;0;120;0;
8498;2382909;1024815104;18776064;1096335360;0;0;0;0;0;0;0;0;0;0;0;2875;0;0;89;0;120;0;
8499;7836998;1024815104;18776064;1096335360;0;0;0;0;0;0;0;0;0;0;0;1974;0;0;89;0;120;0;
8500;5804085;1024815104;18776064;1096335360;0;0;0;0;0;0;0;0;0;0;0;2705;0;0;89;0;120;0;
8501;4527030;1024815104;18776064;1096335360;0;0;0;0;0;0;0;0;0;0;0;2314;0;0;89;0;120;0;
8502;3063154;1024815104;18776064;1096335360;0;0;0;0;0;0;0;0;0;0;0;3226;0;0;89;0;120;0;
8503;8522994;1024815104;18776064;1096335360;0;0;0;0;0;0;0;0;0;0;0;2795;0;0;89;0;120;0;
8504;854883;1024815104;18776064;1096335360;0;0;0;0;0;0;0;0;0;0;0;1473;0;0;89;0;120;0;
8505;5370302;1024815104;18776064;1096335360;0;0;0;0;0;0;0;0;0;0;0;2445;0;0;89;0;120;0;
8506;4301477;1024815104;18780160;1096339456;0;0;0;0;0;0;0;0;0;0;0;2404;0;0;89;0;120;0;
8507;3921625;1024815104;18780160;1096339456;0;0;0;0;0;0;0;0;0;0;0;2114;0;0;89;0;120;0;
8508;3768227;1024815104;18780160;1096339456;0;0;0;0;0;0;0;0;0;0;0;3557;0;0;89;0;120;0;
8509;3511636;1024815104;18780160;1096339456;0;0;0;0;0;0;0;0;0;0;0;2615;0;0;89;0;120;0;
8510;3969414;1024815104;18780160;1096339456;0;0;0;0;0;0;0;0;0;0;0;4098;0;0;89;0;120;0;
8511;9153115;1024815104;18780160;1096339456;0;0;0;0;0;0;0;0;0;0;0;3106;0;0;89;0;120;0;
8512;5431085;1024815104;18780160;1096339456;0;0;0;0;0;0;0;0;0;0;0;3096;0;0;89;0;120;0;
8513;4623090;1024815104;18780160;1096339456;0;0;0;0;0;0;0;0;0;0;0;2615;0;0;89;0;120;0;
8514;2662193;1024815104;18780160;1096339456;0;0;0;0;0;0;0;0;0;0;0;2414;0;0;89;0;120;0;
8515;4618912;1024815104;18780160;1096339456;0;0;0;0;0;0;0;0;0;0;0;3497;0;0;89;0;120;0;
8516;5285973;1024815104;18780160;1096339456;0;0;0;0;0;0;0;0;0;0;0;3016;0;0;89;0;120;0;
8517;8595429;1024815104;18780160;1096339456;0;0;0;0;0;0;0;0;0;0;0;2444;0;0;89;0;120;0;
8518;6999086;1024815104;18780160;1096339456;0;0;0;0;0;0;0;0;0;0;0;3386;0;0;89;0;120;0;
8519;4707328;1025007616;18776064;1096335360;0;0;0;0;0;0;0;0;0;0;0;2234;0;0;89;0;120;0;
8520;2136327;1025007616;18776064;1096335360;0;0;0;0;0;0;0;0;0;0;0;2214;0;0;89;0;120;0;
8521;2844886;1025007616;18776064;1096335360;0;0;0;0;0;0;0;0;0;0;0;2515;0;0;89;0;120;0;
8522;3433729;1025007616;18776064;1096335360;0;0;0;0;0;0;0;0;0;0;0;2655;0;0;89;0;120;0;
8523;6723920;1025007616;18776064;1096335360;0;0;0;0;0;0;0;0;0;0;0;1904;0;0;89;0;120;0;
8524;5343441;1025007616;18776064;1096335360;0;0;0;0;0;0;0;0;0;0;0;2425;0;0;89;0;120;0;
8525;4846158;1025007616;18776064;1096335360;0;0;0;0;0;0;0;0;0;0;0;2504;0;0;89;0;120;0;
8526;4094218;1025007616;18776064;1096335360;0;0;0;0;0;0;0;0;0;0;0;3216;0;0;89;0;120;0;
8527;5124310;1025007616;18776064;1096335360;0;0;0;0;0;0;0;0;0;0;0;1964;0;0;89;0;120;0;
8528;3586656;1025007616;18776064;1096335360;0;0;0;0;0;0;0;0;0;0;0;2134;0;0;89;0;120;0;
8529;9595946;1025007616;18776064;1096335360;0;0;0;0;0;0;0;0;0;0;0;2114;0;0;89;0;120;0;
8530;5448468;1025007616;18776064;1096335360;0;0;0;0;0;0;0;0;0;0;0;7965;0;0;89;0;120;0;
8531;5045252;1025007616;18776064;1096335360;0;0;0;0;0;0;0;0;0;0;0;3907;0;0;89;0;120;0;
8532;3772044;1025007616;18776064;1096335360;0;0;0;0;0;0;0;0;0;0;0;2865;0;0;89;0;120;0;
8533;4568498;1025007616;18776064;1096335360;0;0;0;0;0;0;0;0;0;0;0;3046;0;0;89;0;120;0;
8534;3174183;1025007616;18776064;1096335360;0;0;0;0;0;0;0;0;0;0;0;2094;0;0;89;0;120;0;
8535;5852877;1025007616;18776064;1096335360;0;0;0;0;0;0;0;0;0;0;0;3055;0;0;89;0;120;0;
8536;5205853;1025007616;18776064;1096335360;0;0;0;0;0;0;0;0;0;0;0;3657;0;0;89;0;120;0;
8537;4880383;1025007616;18776064;1096335360;0;0;0;0;0;0;0;0;0;0;0;2194;0;0;89;0;120;0;
8538;3242992;1025007616;18776064;1096335360;0;0;0;0;0;0;0;0;0;0;0;2655;0;0;89;0;120;0;
8539;2443081;1025007616;18776064;1096335360;0;0;0;0;0;0;0;0;0;0;0;1703;0;0;89;0;120;0;
8540;2064121;1025007616;18776064;1096335360;0;0;0;0;0;0;0;0;0;0;0;1803;0;0;89;0;120;0;
8541;7037818;1025007616;18776064;1096335360;0;0;0;0;0;0;0;0;0;0;0;2074;0;0;89;0;120;0;
8542;4294213;1025007616;18776064;1096335360;0;0;0;0;0;0;0;0;0;0;0;3176;0;0;89;0;120;0;
8543;3190684;1025007616;18776064;1096335360;0;0;0;0;0;0;0;0;0;0;0;1983;0;0;89;0;120;0;
8544;1967009;1025007616;18776064;1096335360;0;0;0;0;0;0;0;0;0;0;0;1643;0;0;89;0;120;0;
8545;3040822;1025007616;18776064;1096335360;0;0;0;0;0;0;0;0;0;0;0;1884;0;0;89;0;120;0;
8546;2850356;1025007616;18776064;1096335360;0;0;0;0;0;0;0;0;0;0;0;1834;0;0;89;0;120;0;
8547;5398664;1025007616;18776064;1096335360;0;0;0;0;0;0;0;0;0;0;0;2244;0;0;89;0;120;0;
8548;4498928;1025007616;18776064;1096335360;0;0;0;0;0;0;0;0;0;0;0;3126;0;0;89;0;120;0;
8549;4602341;1025007616;18776064;1096335360;0;0;0;0;0;0;0;0;0;0;0;2444;0;0;89;0;120;0;
8550;3509893;1025007616;18776064;1096335360;0;0;0;0;0;0;0;0;0;0;0;2505;0;0;89;0;120;0;
8551;1802831;1025007616;18776064;1096335360;0;0;0;0;0;0;0;0;0;0;0;1994;0;0;89;0;120;0;
8552;3005125;1025007616;18776064;1096335360;0;0;0;0;0;0;0;0;0;0;0;2615;0;0;89;0;120;0;
8553;6160503;1025007616;18776064;1096335360;0;0;0;0;0;0;0;0;0;0;0;1613;0;0;89;0;120;0;
8554;5009545;1025007616;18776064;1096335360;0;0;0;0;0;0;0;0;0;0;0;2775;0;0;89;0;120;0;
8555;4327716;1025007616;18776064;1096335360;0;0;0;0;0;0;0;0;0;0;0;2645;0;0;89;0;120;0;
8556;3504973;1025007616;18776064;1096335360;0;0;0;0;0;0;0;0;0;0;0;2875;0;0;89;0;120;0;
8557;2502984;1025007616;18776064;1096335360;0;0;0;0;0;0;0;0;0;0;0;2344;0;0;89;0;120;0;
8558;4727475;1025007616;18776064;1096335360;0;0;0;0;0;0;0;0;0;0;0;2304;0;0;89;0;120;0;
8559;6773403;1025007616;18776064;1096335360;0;0;0;0;0;0;0;0;0;0;0;2445;0;0;89;0;120;0;
8560;5870159;1025007616;18776064;1096335360;0;0;0;0;0;0;0;0;0;0;0;2544;0;0;89;0;120;0;
8561;4188295;1025007616;18776064;1096335360;0;0;0;0;0;0;0;0;0;0;0;2264;0;0;89;0;120;0;
8562;3175024;1025007616;18776064;1096335360;0;0;0;0;0;0;0;0;0;0;0;3006;0;0;89;0;120;0;
8563;4100540;1025007616;18776064;1096335360;0;0;0;0;0;0;0;0;0;0;0;2746;0;0;89;0;120;0;
8564;3149536;1025007616;18776064;1096335360;0;0;0;0;0;0;0;0;0;0;0;2565;0;0;89;0;120;0;
8565;6831722;1025007616;18776064;1096335360;0;0;0;0;0;0;0;0;0;0;0;1904;0;0;89;0;120;0;
8566;2232718;1025007616;18776064;1096335360;0;0;0;0;0;0;0;0;0;0;0;2645;0;0;89;0;120;0;
8567;2264256;1025007616;18776064;1096335360;0;0;0;0;0;0;0;0;0;0;0;2034;0;0;89;0;120;0;
8568;2282852;1025007616;18776064;1096335360;0;0;0;0;0;0;0;0;0;0;0;2484;0;0;89;0;120;0;
8569;2630543;1025007616;18776064;1096335360;0;0;0;0;0;0;0;0;0;0;0;1993;0;0;89;0;120;0;
8570;2541566;1025007616;18776064;1096335360;0;0;0;0;0;0;0;0;0;0;0;2014;0;0;89;0;120;0;
8571;6715665;1025007616;18776064;1096335360;0;0;0;0;0;0;0;0;0;0;0;2454;0;0;89;0;120;0;
8572;3712813;1025007616;18776064;1096335360;0;0;0;0;0;0;0;0;0;0;0;2555;0;0;89;0;120;0;
8573;3999531;1025007616;18776064;1096335360;0;0;0;0;0;0;0;0;0;0;0;2254;0;0;89;0;120;0;
8574;2630072;1025007616;18776064;1096335360;0;0;0;0;0;0;0;0;0;0;0;2555;0;0;89;0;120;0;
8575;3864628;1025007616;18776064;1096335360;0;0;0;0;0;0;0;0;0;0;0;2154;0;0;89;0;120;0;
8576;2453591;1025007616;18776064;1096335360;0;0;0;0;0;0;0;0;0;0;0;3286;0;0;89;0;120;0;
8577;6709723;1025007616;18776064;1096335360;0;0;0;0;0;0;0;0;0;0;0;2034;0;0;89;0;120;0;
8578;4058381;1025007616;18776064;1096335360;0;0;0;0;0;0;0;0;0;0;0;2485;0;0;89;0;120;0;
8579;4107132;1025007616;18776064;1096335360;0;0;0;0;0;0;0;0;0;0;0;2074;0;0;89;0;120;0;
8580;2575390;1025007616;18776064;1096335360;0;0;0;0;0;0;0;0;0;0;0;2465;0;0;89;0;120;0;
8581;3259363;1025007616;18776064;1096335360;0;0;0;0;0;0;0;0;0;0;0;2454;0;0;89;0;120;0;
8582;3147482;1025007616;18776064;1096335360;0;0;0;0;0;0;0;0;0;0;0;2705;0;0;89;0;120;0;
8583;7642763;1025007616;18776064;1096335360;0;0;0;0;0;0;0;0;0;0;0;1794;0;0;89;0;120;0;
8584;5576147;1025007616;18776064;1096335360;0;0;0;0;0;0;0;0;0;0;0;2725;0;0;89;0;120;0;
8585;4438594;1025007616;18776064;1096335360;0;0;0;0;0;0;0;0;0;0;0;3036;0;0;89;0;120;0;
8586;3199891;1025007616;18776064;1096335360;0;0;0;0;0;0;0;0;0;0;0;2585;0;0;89;0;120;0;
8587;3027939;1025007616;18776064;1096335360;0;0;0;0;0;0;0;0;0;0;0;2385;0;0;89;0;120;0;
8588;4225995;1025007616;18776064;1096335360;0;0;0;0;0;0;0;0;0;0;0;2414;0;0;89;0;120;0;
8589;6761971;1025007616;18776064;1096335360;0;0;0;0;0;0;0;0;0;0;0;2094;0;0;89;0;120;0;
8590;4778031;1025007616;18776064;1096335360;0;0;0;0;0;0;0;0;0;0;0;2695;0;0;89;0;120;0;
8591;3693487;1025007616;18776064;1096335360;0;0;0;0;0;0;0;0;0;0;0;3627;0;0;89;0;120;0;
8592;3156540;1025007616;18776064;1096335360;0;0;0;0;0;0;0;0;0;0;0;2455;0;0;89;0;120;0;
8593;3381322;1025007616;18776064;1096335360;0;0;0;0;0;0;0;0;0;0;0;2305;0;0;89;0;120;0;
8594;1827016;1025007616;18776064;1096335360;0;0;0;0;0;0;0;0;0;0;0;1964;0;0;89;0;120;0;
8595;8094490;1025007616;18776064;1096335360;0;0;0;0;0;0;0;0;0;0;0;2174;0;0;89;0;120;0;
8596;5851704;1025007616;18776064;1096335360;0;0;0;0;0;0;0;0;0;0;0;3136;0;0;89;0;120;0;
8597;4048012;1025007616;18776064;1096335360;0;0;0;0;0;0;0;0;0;0;0;2104;0;0;89;0;120;0;
8598;3472963;1025007616;18776064;1096335360;0;0;0;0;0;0;0;0;0;0;0;2515;0;0;89;0;120;0;
8599;4077707;1025007616;18776064;1096335360;0;0;0;0;0;0;0;0;0;0;0;3296;0;0;89;0;120;0;
8600;3515222;1025007616;18776064;1096335360;0;0;0;0;0;0;0;0;0;0;0;2935;0;0;89;0;120;0;
8601;6326565;1025007616;18776064;1096335360;0;0;0;0;0;0;0;0;0;0;0;2314;0;0;89;0;120;0;
8602;4023556;1025007616;18776064;1096335360;0;0;0;0;0;0;0;0;0;0;0;3066;0;0;89;0;120;0;
8603;2427753;1025007616;18776064;1096335360;0;0;0;0;0;0;0;0;0;0;0;1884;0;0;89;0;120;0;
8604;2402556;1025007616;18776064;1096335360;0;0;0;0;0;0;0;0;0;0;0;2204;0;0;89;0;120;0;
8605;2595086;1025007616;18776064;1096335360;0;0;0;0;0;0;0;0;0;0;0;1843;0;0;89;0;120;0;
8606;2041569;1025007616;18776064;1096335360;0;0;0;0;0;0;0;0;0;0;0;2114;0;0;89;0;120;0;
8607;6515769;1025007616;18776064;1096335360;0;0;0;0;0;0;0;0;0;0;0;2324;0;0;89;0;120;0;
8608;5457265;1025007616;18776064;1096335360;0;0;0;0;0;0;0;0;0;0;0;3196;0;0;89;0;120;0;
8609;4119536;1025007616;18776064;1096335360;0;0;0;0;0;0;0;0;0;0;0;2364;0;0;89;0;120;0;
8610;3397341;1025007616;18776064;1096335360;0;0;0;0;0;0;0;0;0;0;0;1953;0;0;89;0;120;0;
8611;3957592;1025007616;18776064;1096335360;0;0;0;0;0;0;0;0;0;0;0;2394;0;0;89;0;120;0;
8612;2500409;1025007616;18776064;1096335360;0;0;0;0;0;0;0;0;0;0;0;2034;0;0;89;0;120;0;
8613;5896859;1025007616;18776064;1096335360;0;0;0;0;0;0;0;0;0;0;0;2274;0;0;89;0;120;0;
8614;4749177;1025007616;18776064;1096335360;0;0;0;0;0;0;0;0;0;0;0;2304;0;0;89;0;120;0;
8615;3848598;1025007616;18776064;1096335360;0;0;0;0;0;0;0;0;0;0;0;1984;0;0;89;0;120;0;
8616;2597441;1025007616;18776064;1096335360;0;0;0;0;0;0;0;0;0;0;0;2254;0;0;89;0;120;0;
8617;4177645;1025007616;18776064;1096335360;0;0;0;0;0;0;0;0;0;0;0;2194;0;0;89;0;120;0;
8618;3911245;1025007616;18776064;1096335360;0;0;0;0;0;0;0;0;0;0;0;2805;0;0;89;0;120;0;
8619;6107464;1025007616;18776064;1096335360;0;0;0;0;0;0;0;0;0;0;0;2285;0;0;89;0;120;0;
8620;4487466;1025007616;18776064;1096335360;0;0;0;0;0;0;0;0;0;0;0;2244;0;0;89;0;120;0;
8621;3745785;1025007616;18776064;1096335360;0;0;0;0;0;0;0;0;0;0;0;2435;0;0;89;0;120;0;
8622;2365226;1025007616;18776064;1096335360;0;0;0;0;0;0;0;0;0;0;0;2174;0;0;89;0;120;0;
8623;3530060;1025007616;18776064;1096335360;0;0;0;0;0;0;0;0;0;0;0;1914;0;0;89;0;120;0;
8624;3384197;1025007616;18776064;1096335360;0;0;0;0;0;0;0;0;0;0;0;3617;0;0;89;0;120;0;
8625;7395449;1025007616;18776064;1096335360;0;0;0;0;0;0;0;0;0;0;0;3165;0;0;89;0;120;0;
8626;3259623;1025007616;18776064;1096335360;0;0;0;0;0;0;0;0;0;0;0;9518;0;0;89;0;120;0;
8627;3435463;1025007616;18776064;1096335360;0;0;0;0;0;0;0;0;0;0;0;2425;0;0;89;0;120;0;
8628;3811368;1025007616;18776064;1096335360;0;0;0;0;0;0;0;0;0;0;0;2715;0;0;89;0;120;0;
8629;3445351;1025007616;18776064;1096335360;0;0;0;0;0;0;0;0;0;0;0;2595;0;0;89;0;120;0;
8630;3445773;1025007616;18776064;1096335360;0;0;0;0;0;0;0;0;0;0;0;2414;0;0;89;0;120;0;
8631;6520859;1025007616;18776064;1096335360;0;0;0;0;0;0;0;0;0;0;0;2796;0;0;89;0;120;0;
8632;3874316;1025007616;18776064;1096335360;0;0;0;0;0;0;0;0;0;0;0;3146;0;0;89;0;120;0;
8633;4157577;1025007616;18776064;1096335360;0;0;0;0;0;0;0;0;0;0;0;3056;0;0;89;0;120;0;
8634;2816422;1025007616;18776064;1096335360;0;0;0;0;0;0;0;0;0;0;0;2234;0;0;89;0;120;0;
8635;2966623;1025007616;18776064;1096335360;0;0;0;0;0;0;0;0;0;0;0;2565;0;0;89;0;120;0;
8636;2675237;1025007616;18776064;1096335360;0;0;0;0;0;0;0;0;0;0;0;7945;0;0;89;0;120;0;
8637;7752479;1025007616;18776064;1096335360;0;0;0;0;0;0;0;0;0;0;0;2735;0;0;89;0;120;0;
8638;5642782;1025007616;18776064;1096335360;0;0;0;0;0;0;0;0;0;0;0;3256;0;0;89;0;120;0;
8639;4910619;1025007616;18776064;1096335360;0;0;0;0;0;0;0;0;0;0;0;2735;0;0;89;0;120;0;
8640;2296987;1025007616;18776064;1096335360;0;0;0;0;0;0;0;0;0;0;0;2364;0;0;89;0;120;0;
8641;4539514;1025007616;18776064;1096335360;0;0;0;0;0;0;0;0;0;0;0;2655;0;0;89;0;120;0;
8642;2857579;1025007616;18776064;1096335360;0;0;0;0;0;0;0;0;0;0;0;3306;0;0;89;0;120;0;
8643;5545580;1025007616;18776064;1096335360;0;0;0;0;0;0;0;0;0;0;0;2164;0;0;89;0;120;0;
8644;4701327;1025007616;18776064;1096335360;0;0;0;0;0;0;0;0;0;0;0;2395;0;0;89;0;120;0;
8645;3444159;1025007616;18776064;1096335360;0;0;0;0;0;0;0;0;0;0;0;2194;0;0;89;0;120;0;
8646;2488637;1025007616;18776064;1096335360;0;0;0;0;0;0;0;0;0;0;0;2305;0;0;89;0;120;0;
8647;3016998;1025007616;18776064;1096335360;0;0;0;0;0;0;0;0;0;0;0;2825;0;0;89;0;120;0;
8648;1659472;1025007616;18776064;1096335360;0;0;0;0;0;0;0;0;0;0;0;1764;0;0;89;0;120;0;
8649;6249119;1025007616;18776064;1096335360;0;0;0;0;0;0;0;0;0;0;0;1733;0;0;89;0;120;0;
8650;4123182;1025007616;18776064;1096335360;0;0;0;0;0;0;0;0;0;0;0;2655;0;0;89;0;120;0;
8651;4024237;1025007616;18776064;1096335360;0;0;0;0;0;0;0;0;0;0;0;2394;0;0;89;0;120;0;
8652;1772384;1025007616;18776064;1096335360;0;0;0;0;0;0;0;0;0;0;0;1923;0;0;89;0;120;0;
8653;1723582;1025007616;18776064;1096335360;0;0;0;0;0;0;0;0;0;0;0;1744;0;0;89;0;120;0;
8654;1392391;1025007616;18776064;1096335360;0;0;0;0;0;0;0;0;0;0;0;1392;0;0;89;0;120;0;
8655;6272513;1025007616;18776064;1096335360;0;0;0;0;0;0;0;0;0;0;0;1913;0;0;89;0;120;0;
8656;4970391;1025007616;18776064;1096335360;0;0;0;0;0;0;0;0;0;0;0;3327;0;0;89;0;120;0;
8657;2580810;1025007616;18776064;1096335360;0;0;0;0;0;0;0;0;0;0;0;1743;0;0;89;0;120;0;
8658;1035442;1025007616;18776064;1096335360;0;0;0;0;0;0;0;0;0;0;0;1563;0;0;89;0;120;0;
8659;1503590;1025007616;18776064;1096335360;0;0;0;0;0;0;0;0;0;0;0;1503;0;0;89;0;120;0;
8660;933471;1025007616;18776064;1096335360;0;0;0;0;0;0;0;0;0;0;0;2264;0;0;89;0;120;0;
8661;4138681;1025007616;18776064;1096335360;0;0;0;0;0;0;0;0;0;0;0;1543;0;0;89;0;120;0;
8662;5183872;1025007616;18776064;1096335360;0;0;0;0;0;0;0;0;0;0;0;2766;0;0;89;0;120;0;
8663;4271600;1025007616;18776064;1096335360;0;0;0;0;0;0;0;0;0;0;0;2505;0;0;89;0;120;0;
8664;2394340;1025007616;18776064;1096335360;0;0;0;0;0;0;0;0;0;0;0;2284;0;0;89;0;120;0;
8665;4200498;1025007616;18776064;1096335360;0;0;0;0;0;0;0;0;0;0;0;1823;0;0;89;0;120;0;
8666;4699673;1025007616;18776064;1096335360;0;0;0;0;0;0;0;0;0;0;0;3596;0;0;89;0;120;0;
8667;6534224;1025007616;18776064;1096335360;0;0;0;0;0;0;0;0;0;0;0;2465;0;0;89;0;120;0;
8668;4568507;1025007616;18776064;1096335360;0;0;0;0;0;0;0;0;0;0;0;3096;0;0;89;0;120;0;
8669;4522020;1025007616;18776064;1096335360;0;0;0;0;0;0;0;0;0;0;0;2986;0;0;89;0;120;0;
8670;2332124;1025007616;18776064;1096335360;0;0;0;0;0;0;0;0;0;0;0;2424;0;0;89;0;120;0;
8671;4102995;1025007616;18776064;1096335360;0;0;0;0;0;0;0;0;0;0;0;1783;0;0;89;0;120;0;
8672;1435122;1025007616;18776064;1096335360;0;0;0;0;0;0;0;0;0;0;0;1924;0;0;89;0;120;0;
8673;6140616;1025007616;18776064;1096335360;0;0;0;0;0;0;0;0;0;0;0;1753;0;0;89;0;120;0;
8674;4447090;1025007616;18776064;1096335360;0;0;0;0;0;0;0;0;0;0;0;2855;0;0;89;0;120;0;
8675;2809930;1025007616;18776064;1096335360;0;0;0;0;0;0;0;0;0;0;0;1873;0;0;89;0;120;0;
8676;3096227;1025007616;18776064;1096335360;0;0;0;0;0;0;0;0;0;0;0;2444;0;0;89;0;120;0;
8677;1838688;1025007616;18776064;1096335360;0;0;0;0;0;0;0;0;0;0;0;1694;0;0;89;0;120;0;
8678;1396469;1025007616;18776064;1096335360;0;0;0;0;0;0;0;0;0;0;0;1543;0;0;89;0;120;0;
8679;4003238;1025007616;18776064;1096335360;0;0;0;0;0;0;0;0;0;0;0;1423;0;0;89;0;120;0;
8680;3022478;1025007616;18776064;1096335360;0;0;0;0;0;0;0;0;0;0;0;2254;0;0;89;0;120;0;
8681;2353413;1025007616;18776064;1096335360;0;0;0;0;0;0;0;0;0;0;0;1744;0;0;89;0;120;0;
8682;1995702;1025007616;18776064;1096335360;0;0;0;0;0;0;0;0;0;0;0;2465;0;0;89;0;120;0;
8683;4848282;1025007616;18776064;1096335360;0;0;0;0;0;0;0;0;0;0;0;3356;0;0;89;0;120;0;
8684;1461851;1025007616;18776064;1096335360;0;0;0;0;0;0;0;0;0;0;0;2325;0;0;89;0;120;0;
8685;6653619;1025007616;18776064;1096335360;0;0;0;0;0;0;0;0;0;0;0;1844;0;0;89;0;120;0;
8686;3615440;1025007616;18776064;1096335360;0;0;0;0;0;0;0;0;0;0;0;3036;0;0;89;0;120;0;
8687;3961790;1025007616;18776064;1096335360;0;0;0;0;0;0;0;0;0;0;0;2395;0;0;89;0;120;0;
8688;2359234;1025007616;18776064;1096335360;0;0;0;0;0;0;0;0;0;0;0;2224;0;0;89;0;120;0;
8689;2114846;1025007616;18776064;1096335360;0;0;0;0;0;0;0;0;0;0;0;1673;0;0;89;0;120;0;
8690;924684;1025007616;18776064;1096335360;0;0;0;0;0;0;0;0;0;0;0;1763;0;0;89;0;120;0;
8691;5518589;1025007616;18776064;1096335360;0;0;0;0;0;0;0;0;0;0;0;1643;0;0;89;0;120;0;
8692;4814299;1025007616;18776064;1096335360;0;0;0;0;0;0;0;0;0;0;0;3456;0;0;89;0;120;0;
8693;3039430;1025007616;18776064;1096335360;0;0;0;0;0;0;0;0;0;0;0;2545;0;0;89;0;120;0;
8694;2269466;1025007616;18776064;1096335360;0;0;0;0;0;0;0;0;0;0;0;2635;0;0;89;0;120;0;
8695;2381707;1025007616;18776064;1096335360;0;0;0;0;0;0;0;0;0;0;0;1843;0;0;89;0;120;0;
8696;1538084;1025007616;18776064;1096335360;0;0;0;0;0;0;0;0;0;0;0;2003;0;0;89;0;120;0;
8697;5549197;1025007616;18776064;1096335360;0;0;0;0;0;0;0;0;0;0;0;1834;0;0;89;0;120;0;
8698;5157632;1025007616;18776064;1096335360;0;0;0;0;0;0;0;0;0;0;0;3076;0;0;89;0;120;0;
8699;3480467;1025007616;18776064;1096335360;0;0;0;0;0;0;0;0;0;0;0;2655;0;0;89;0;120;0;
8700;2431360;1025007616;18776064;1096335360;0;0;0;0;0;0;0;0;0;0;0;2214;0;0;89;0;120;0;
8701;1905905;1025007616;18776064;1096335360;0;0;0;0;0;0;0;0;0;0;0;1613;0;0;89;0;120;0;
8702;2055696;1025007616;18776064;1096335360;0;0;0;0;0;0;0;0;0;0;0;1733;0;0;89;0;120;0;
8703;6701518;1025007616;18776064;1096335360;0;0;0;0;0;0;0;0;0;0;0;2174;0;0;89;0;120;0;
8704;4151726;1025007616;18776064;1096335360;0;0;0;0;0;0;0;0;0;0;0;3116;0;0;89;0;120;0;
8705;3149647;1025007616;18776064;1096335360;0;0;0;0;0;0;0;0;0;0;0;2455;0;0;89;0;120;0;
8706;2711455;1025007616;18776064;1096335360;0;0;0;0;0;0;0;0;0;0;0;3096;0;0;89;0;120;0;
8707;3161539;1025007616;18776064;1096335360;0;0;0;0;0;0;0;0;0;0;0;1913;0;0;89;0;120;0;
8708;2775976;1025007616;18776064;1096335360;0;0;0;0;0;0;0;0;0;0;0;3447;0;0;89;0;120;0;
8709;7480278;1025007616;18776064;1096335360;0;0;0;0;0;0;0;0;0;0;0;2294;0;0;89;0;120;0;
8710;5282647;1025007616;18776064;1096335360;0;0;0;0;0;0;0;0;0;0;0;3116;0;0;89;0;120;0;
8711;3180805;1025007616;18776064;1096335360;0;0;0;0;0;0;0;0;0;0;0;2094;0;0;89;0;120;0;
8712;3673419;1025007616;18776064;1096335360;0;0;0;0;0;0;0;0;0;0;0;2835;0;0;89;0;120;0;
8713;3693197;1025007616;18776064;1096335360;0;0;0;0;0;0;0;0;0;0;0;2354;0;0;89;0;120;0;
8714;2934273;1025007616;18776064;1096335360;0;0;0;0;0;0;0;0;0;0;0;3397;0;0;89;0;120;0;
8715;6674226;1025007616;18776064;1096335360;0;0;0;0;0;0;0;0;0;0;0;2635;0;0;89;0;120;0;
8716;3295751;1025007616;18776064;1096335360;0;0;0;0;0;0;0;0;0;0;0;3146;0;0;89;0;120;0;
8717;4919455;1025007616;18776064;1096335360;0;0;0;0;0;0;0;0;0;0;0;3516;0;0;89;0;120;0;
8718;4352132;1025007616;18776064;1096335360;0;0;0;0;0;0;0;0;0;0;0;3016;0;0;89;0;120;0;
8719;5071771;1025007616;18776064;1096335360;0;0;0;0;0;0;0;0;0;0;0;2515;0;0;89;0;120;0;
8720;2368211;1025007616;18776064;1096335360;0;0;0;0;0;0;0;0;0;0;0;2975;0;0;89;0;120;0;
8721;7412240;1025007616;18776064;1096335360;0;0;0;0;0;0;0;0;0;0;0;2905;0;0;89;0;120;0;
8722;3540921;1025007616;18776064;1096335360;0;0;0;0;0;0;0;0;0;0;0;2715;0;0;89;0;120;0;
8723;3916876;1025007616;18776064;1096335360;0;0;0;0;0;0;0;0;0;0;0;2305;0;0;89;0;120;0;
8724;3228415;1025007616;18776064;1096335360;0;0;0;0;0;0;0;0;0;0;0;3146;0;0;89;0;120;0;
8725;4740310;1025007616;18776064;1096335360;0;0;0;0;0;0;0;0;0;0;0;2675;0;0;89;0;120;0;
8726;3822479;1025007616;18776064;1096335360;0;0;0;0;0;0;0;0;0;0;0;3327;0;0;89;0;120;0;
8727;6480634;1025007616;18776064;1096335360;0;0;0;0;0;0;0;0;0;0;0;3907;0;0;89;0;120;0;
8728;4979479;1025007616;18776064;1096335360;0;0;0;0;0;0;0;0;0;0;0;3076;0;0;89;0;120;0;
8729;4266261;1025007616;18776064;1096335360;0;0;0;0;0;0;0;0;0;0;0;2615;0;0;89;0;120;0;
8730;4488678;1025007616;18776064;1096335360;0;0;0;0;0;0;0;0;0;0;0;3326;0;0;89;0;120;0;
8731;7377225;1025007616;18776064;1096335360;0;0;0;0;0;0;0;0;0;0;0;3125;0;0;89;0;120;0;
8732;3611924;1025007616;18776064;1096335360;0;0;0;0;0;0;0;0;0;0;0;2555;0;0;89;0;120;0;
8733;7386522;1025007616;18776064;1096335360;0;0;0;0;0;0;0;0;0;0;0;2825;0;0;89;0;120;0;
8734;5611013;1025007616;18776064;1096335360;0;0;0;0;0;0;0;0;0;0;0;3276;0;0;89;0;120;0;
8735;5005658;1025007616;18776064;1096335360;0;0;0;0;0;0;0;0;0;0;0;3236;0;0;89;0;120;0;
8736;4497494;1025007616;18776064;1096335360;0;0;0;0;0;0;0;0;0;0;0;2735;0;0;89;0;120;0;
8737;5862595;1025007616;18776064;1096335360;0;0;0;0;0;0;0;0;0;0;0;2785;0;0;89;0;120;0;
8738;5778157;1025007616;18776064;1096335360;0;0;0;0;0;0;0;0;0;0;0;3517;0;0;89;0;120;0;
8739;7027770;1025007616;18776064;1096335360;0;0;0;0;0;0;0;0;0;0;0;2505;0;0;89;0;120;0;
8740;5452155;1025007616;18776064;1096335360;0;0;0;0;0;0;0;0;0;0;0;3035;0;0;89;0;120;0;
8741;2360617;1025007616;18776064;1096335360;0;0;0;0;0;0;0;0;0;0;0;1804;0;0;89;0;120;0;
8742;990307;1025007616;18776064;1096335360;0;0;0;0;0;0;0;0;0;0;0;1623;0;0;89;0;120;0;
8743;3016758;1025007616;18776064;1096335360;0;0;0;0;0;0;0;0;0;0;0;1823;0;0;89;0;120;0;
8744;1716088;1025007616;18776064;1096335360;0;0;0;0;0;0;0;0;0;0;0;1954;0;0;89;0;120;0;
8745;5818121;1025007616;18776064;1096335360;0;0;0;0;0;0;0;0;0;0;0;2334;0;0;89;0;120;0;
8746;4476775;1025007616;18776064;1096335360;0;0;0;0;0;0;0;0;0;0;0;3517;0;0;89;0;120;0;
8747;4128152;1025007616;18776064;1096335360;0;0;0;0;0;0;0;0;0;0;0;2494;0;0;89;0;120;0;
8748;1771062;1025007616;18776064;1096335360;0;0;0;0;0;0;0;0;0;0;0;2595;0;0;89;0;120;0;
8749;4518444;1025007616;18776064;1096335360;0;0;0;0;0;0;0;0;0;0;0;1493;0;0;89;0;120;0;
8750;2068679;1025007616;18776064;1096335360;0;0;0;0;0;0;0;0;0;0;0;2294;0;0;89;0;120;0;
8751;6931610;1025007616;18776064;1096335360;0;0;0;0;0;0;0;0;0;0;0;3777;0;0;89;0;120;0;
8752;6539193;1025007616;18776064;1096335360;0;0;0;0;0;0;0;0;0;0;0;3937;0;0;89;0;120;0;
8753;2389431;1025007616;18776064;1096335360;0;0;0;0;0;0;0;0;0;0;0;2625;0;0;89;0;120;0;
8754;2330901;1025007616;18776064;1096335360;0;0;0;0;0;0;0;0;0;0;0;2014;0;0;89;0;120;0;
8755;3003192;1025007616;18776064;1096335360;0;0;0;0;0;0;0;0;0;0;0;2625;0;0;89;0;120;0;
8756;3083724;1025007616;18776064;1096335360;0;0;0;0;0;0;0;0;0;0;0;3025;0;0;89;0;120;0;
8757;6553590;1025007616;18776064;1096335360;0;0;0;0;0;0;0;0;0;0;0;2755;0;0;89;0;120;0;
8758;3977809;1025007616;18776064;1096335360;0;0;0;0;0;0;0;0;0;0;0;2575;0;0;89;0;120;0;
8759;2479039;1025007616;18776064;1096335360;0;0;0;0;0;0;0;0;0;0;0;2434;0;0;89;0;120;0;
8760;3508550;1025007616;18776064;1096335360;0;0;0;0;0;0;0;0;0;0;0;2575;0;0;89;0;120;0;
8761;3502538;1025007616;18776064;1096335360;0;0;0;0;0;0;0;0;0;0;0;2955;0;0;89;0;120;0;
8762;2851337;1025007616;18776064;1096335360;0;0;0;0;0;0;0;0;0;0;0;2234;0;0;89;0;120;0;
8763;6897025;1025007616;18776064;1096335360;0;0;0;0;0;0;0;0;0;0;0;2044;0;0;89;0;120;0;
8764;4364074;1025007616;18776064;1096335360;0;0;0;0;0;0;0;0;0;0;0;2945;0;0;89;0;120;0;
8765;3597446;1025007616;18776064;1096335360;0;0;0;0;0;0;0;0;0;0;0;3226;0;0;89;0;120;0;
8766;1982098;1025007616;18776064;1096335360;0;0;0;0;0;0;0;0;0;0;0;2695;0;0;89;0;120;0;
8767;3947343;1025007616;18776064;1096335360;0;0;0;0;0;0;0;0;0;0;0;2294;0;0;89;0;120;0;
8768;2677271;1025007616;18776064;1096335360;0;0;0;0;0;0;0;0;0;0;0;3266;0;0;89;0;120;0;
8769;7694460;1025007616;18776064;1096335360;0;0;0;0;0;0;0;0;0;0;0;2204;0;0;89;0;120;0;
8770;3305750;1025007616;18776064;1096335360;0;0;0;0;0;0;0;0;0;0;0;3677;0;0;89;0;120;0;
8771;3476890;1025007616;18776064;1096335360;0;0;0;0;0;0;0;0;0;0;0;2604;0;0;89;0;120;0;
8772;2682611;1025007616;18776064;1096335360;0;0;0;0;0;0;0;0;0;0;0;2725;0;0;89;0;120;0;
8773;1809162;1025007616;18776064;1096335360;0;0;0;0;0;0;0;0;0;0;0;1633;0;0;89;0;120;0;
8774;1084164;1025007616;18776064;1096335360;0;0;0;0;0;0;0;0;0;0;0;1754;0;0;89;0;120;0;
8775;8917805;1025007616;18776064;1096335360;0;0;0;0;0;0;0;0;0;0;0;2806;0;0;89;0;120;0;
8776;4129054;1025007616;18776064;1096335360;0;0;0;0;0;0;0;0;0;0;0;3005;0;0;89;0;120;0;
8777;4906652;1025007616;18776064;1096335360;0;0;0;0;0;0;0;0;0;0;0;2875;0;0;89;0;120;0;
8778;3986006;1025007616;18776064;1096335360;0;0;0;0;0;0;0;0;0;0;0;3747;0;0;89;0;120;0;
8779;4342935;1025007616;18776064;1096335360;0;0;0;0;0;0;0;0;0;0;0;2294;0;0;89;0;120;0;
8780;2816121;1025007616;18776064;1096335360;0;0;0;0;0;0;0;0;0;0;0;2264;0;0;89;0;120;0;
8781;6015091;1025007616;18776064;1096335360;0;0;0;0;0;0;0;0;0;0;0;2545;0;0;89;0;120;0;
8782;4243388;1025007616;18776064;1096335360;0;0;0;0;0;0;0;0;0;0;0;2915;0;0;89;0;120;0;
8783;4877697;1025007616;18776064;1096335360;0;0;0;0;0;0;0;0;0;0;0;2645;0;0;89;0;120;0;
8784;4066256;1025007616;18776064;1096335360;0;0;0;0;0;0;0;0;0;0;0;3116;0;0;89;0;120;0;
8785;4612831;1025007616;18776064;1096335360;0;0;0;0;0;0;0;0;0;0;0;2254;0;0;89;0;120;0;
8786;3182568;1025007616;18776064;1096335360;0;0;0;0;0;0;0;0;0;0;0;2926;0;0;89;0;120;0;
8787;6124927;1025007616;18776064;1096335360;0;0;0;0;0;0;0;0;0;0;0;1943;0;0;89;0;120;0;
8788;2826801;1025007616;18776064;1096335360;0;0;0;0;0;0;0;0;0;0;0;2405;0;0;89;0;120;0;
8789;4537600;1025007616;18776064;1096335360;0;0;0;0;0;0;0;0;0;0;0;2124;0;0;89;0;120;0;
8790;1558112;1025007616;18776064;1096335360;0;0;0;0;0;0;0;0;0;0;0;2605;0;0;89;0;120;0;
8791;4143951;1025007616;18776064;1096335360;0;0;0;0;0;0;0;0;0;0;0;1964;0;0;89;0;120;0;
8792;3246999;1025007616;18776064;1096335360;0;0;0;0;0;0;0;0;0;0;0;2384;0;0;89;0;120;0;
8793;6386407;1025007616;18776064;1096335360;0;0;0;0;0;0;0;0;0;0;0;1974;0;0;89;0;120;0;
8794;3030593;1025007616;18776064;1096335360;0;0;0;0;0;0;0;0;0;0;0;2595;0;0;89;0;120;0;
8795;3022588;1025007616;18776064;1096335360;0;0;0;0;0;0;0;0;0;0;0;1703;0;0;89;0;120;0;
8796;2417704;1025007616;18776064;1096335360;0;0;0;0;0;0;0;0;0;0;0;2244;0;0;89;0;120;0;
8797;2963107;1025007616;18776064;1096335360;0;0;0;0;0;0;0;0;0;0;0;1713;0;0;89;0;120;0;
8798;3436635;1025007616;18776064;1096335360;0;0;0;0;0;0;0;0;0;0;0;2304;0;0;89;0;120;0;
8799;5263902;1025007616;18776064;1096335360;0;0;0;0;0;0;0;0;0;0;0;1533;0;0;89;0;120;0;
8800;2986561;1025007616;18776064;1096335360;0;0;0;0;0;0;0;0;0;0;0;2064;0;0;89;0;120;0;
8801;3231209;1025007616;18776064;1096335360;0;0;0;0;0;0;0;0;0;0;0;1974;0;0;89;0;120;0;
8802;3215891;1025007616;18776064;1096335360;0;0;0;0;0;0;0;0;0;0;0;2395;0;0;89;0;120;0;
8803;4044024;1025007616;18776064;1096335360;0;0;0;0;0;0;0;0;0;0;0;1783;0;0;89;0;120;0;
8804;2423886;1025007616;18776064;1096335360;0;0;0;0;0;0;0;0;0;0;0;2044;0;0;89;0;120;0;
8805;5309918;1025007616;18776064;1096335360;0;0;0;0;0;0;0;0;0;0;0;1603;0;0;89;0;120;0;
8806;4363453;1025007616;18776064;1096335360;0;0;0;0;0;0;0;0;0;0;0;2505;0;0;89;0;120;0;
8807;2974929;1025007616;18776064;1096335360;0;0;0;0;0;0;0;0;0;0;0;2184;0;0;89;0;120;0;
8808;2518233;1025007616;18776064;1096335360;0;0;0;0;0;0;0;0;0;0;0;1953;0;0;89;0;120;0;
8809;3935410;1025007616;18776064;1096335360;0;0;0;0;0;0;0;0;0;0;0;2525;0;0;89;0;120;0;
8810;5019644;1025007616;18776064;1096335360;0;0;0;0;0;0;0;0;0;0;0;2885;0;0;89;0;120;0;
8811;7679522;1025007616;18776064;1096335360;0;0;0;0;0;0;0;0;0;0;0;3036;0;0;89;0;120;0;
8812;4377189;1025007616;18776064;1096335360;0;0;0;0;0;0;0;0;0;0;0;2615;0;0;89;0;120;0;
8813;3815746;1025007616;18776064;1096335360;0;0;0;0;0;0;0;0;0;0;0;2284;0;0;89;0;120;0;
8814;3249564;1025007616;18776064;1096335360;0;0;0;0;0;0;0;0;0;0;0;2334;0;0;89;0;120;0;
8815;3178481;1025007616;18776064;1096335360;0;0;0;0;0;0;0;0;0;0;0;2164;0;0;89;0;120;0;
8816;3987668;1025007616;18776064;1096335360;0;0;0;0;0;0;0;0;0;0;0;3076;0;0;89;0;120;0;
8817;8315585;1025007616;18776064;1096335360;0;0;0;0;0;0;0;0;0;0;0;1783;0;0;89;0;120;0;
8818;5373237;1025007616;18776064;1096335360;0;0;0;0;0;0;0;0;0;0;0;2685;0;0;89;0;120;0;
8819;4452620;1025007616;18776064;1096335360;0;0;0;0;0;0;0;0;0;0;0;2174;0;0;89;0;120;0;
8820;2128792;1025007616;18776064;1096335360;0;0;0;0;0;0;0;0;0;0;0;2494;0;0;89;0;120;0;
8821;2160722;1025007616;18776064;1096335360;0;0;0;0;0;0;0;0;0;0;0;1633;0;0;89;0;120;0;
8822;2080862;1025007616;18776064;1096335360;0;0;0;0;0;0;0;0;0;0;0;2114;0;0;89;0;120;0;
8823;4738126;1025007616;18776064;1096335360;0;0;0;0;0;0;0;0;0;0;0;1813;0;0;89;0;120;0;
8824;3325316;1025007616;18776064;1096335360;0;0;0;0;0;0;0;0;0;0;0;2856;0;0;89;0;120;0;
8825;3708014;1025007616;18776064;1096335360;0;0;0;0;0;0;0;0;0;0;0;1573;0;0;89;0;120;0;
8826;2562906;1025007616;18776064;1096335360;0;0;0;0;0;0;0;0;0;0;0;1774;0;0;89;0;120;0;
8827;2892554;1025007616;18776064;1096335360;0;0;0;0;0;0;0;0;0;0;0;1873;0;0;89;0;120;0;
8828;2094228;1025007616;18776064;1096335360;0;0;0;0;0;0;0;0;0;0;0;1753;0;0;89;0;120;0;
8829;5250807;1025007616;18776064;1096335360;0;0;0;0;0;0;0;0;0;0;0;1843;0;0;89;0;120;0;
8830;3632683;1025007616;18776064;1096335360;0;0;0;0;0;0;0;0;0;0;0;3176;0;0;89;0;120;0;
8831;2228810;1025007616;18776064;1096335360;0;0;0;0;0;0;0;0;0;0;0;1653;0;0;89;0;120;0;
8832;1247189;1025007616;18776064;1096335360;0;0;0;0;0;0;0;0;0;0;0;1463;0;0;89;0;120;0;
8833;1246337;1025007616;18776064;1096335360;0;0;0;0;0;0;0;0;0;0;0;1573;0;0;89;0;120;0;
8834;971372;1025007616;18776064;1096335360;0;0;0;0;0;0;0;0;0;0;0;1994;0;0;89;0;120;0;
8835;6147559;1025007616;18776064;1096335360;0;0;0;0;0;0;0;0;0;0;0;2124;0;0;89;0;120;0;
8836;3914290;1025007616;18776064;1096335360;0;0;0;0;0;0;0;0;0;0;0;3146;0;0;89;0;120;0;
8837;3690802;1025007616;18776064;1096335360;0;0;0;0;0;0;0;0;0;0;0;2374;0;0;89;0;120;0;
8838;2741611;1025007616;18776064;1096335360;0;0;0;0;0;0;0;0;0;0;0;2054;0;0;89;0;120;0;
8839;3726919;1025007616;18776064;1096335360;0;0;0;0;0;0;0;0;0;0;0;2205;0;0;89;0;120;0;
8840;2261080;1025007616;18776064;1096335360;0;0;0;0;0;0;0;0;0;0;0;1934;0;0;89;0;120;0;
8841;5072293;1025007616;18776064;1096335360;0;0;0;0;0;0;0;0;0;0;0;2034;0;0;89;0;120;0;
8842;3076039;1025007616;18776064;1096335360;0;0;0;0;0;0;0;0;0;0;0;2154;0;0;89;0;120;0;
8843;3685241;1025007616;18776064;1096335360;0;0;0;0;0;0;0;0;0;0;0;1943;0;0;89;0;120;0;
8844;3060961;1025007616;18776064;1096335360;0;0;0;0;0;0;0;0;0;0;0;2876;0;0;89;0;121;0;
8845;2938220;1025007616;18776064;1096335360;0;0;0;0;0;0;0;0;0;0;0;1713;0;0;89;0;121;0;
8846;3139377;1025007616;18776064;1096335360;0;0;0;0;0;0;0;0;0;0;0;3376;0;0;89;0;121;0;
8847;5845061;1025007616;18776064;1096335360;0;0;0;0;0;0;0;0;0;0;0;1843;0;0;89;0;121;0;
8848;4661301;1025007616;18776064;1096335360;0;0;0;0;0;0;0;0;0;0;0;2455;0;0;89;0;121;0;
8849;3082821;1025007616;18776064;1096335360;0;0;0;0;0;0;0;0;0;0;0;2274;0;0;89;0;121;0;
8850;2678032;1025007616;18776064;1096335360;0;0;0;0;0;0;0;0;0;0;0;1793;0;0;89;0;121;0;
8851;3857614;1025007616;18776064;1096335360;0;0;0;0;0;0;0;0;0;0;0;1764;0;0;89;0;121;0;
8852;1402029;1025007616;18776064;1096335360;0;0;0;0;0;0;0;0;0;0;0;1583;0;0;89;0;121;0;
8853;5489545;1025007616;18776064;1096335360;0;0;0;0;0;0;0;0;0;0;0;1523;0;0;89;0;121;0;
8854;4363924;1025007616;18776064;1096335360;0;0;0;0;0;0;0;0;0;0;0;3347;0;0;89;0;122;0;
8855;2999115;1025007616;18776064;1096335360;0;0;0;0;0;0;0;0;0;0;0;2014;0;0;89;0;122;0;
8856;2994516;1025007616;18776064;1096335360;0;0;0;0;0;0;0;0;0;0;0;3166;0;0;89;0;122;0;
8857;4467067;1025007616;18776064;1096335360;0;0;0;0;0;0;0;0;0;0;0;2154;0;0;89;0;122;0;
8858;2239310;1025007616;18776064;1096335360;0;0;0;0;0;0;0;0;0;0;0;2315;0;0;89;0;122;0;
8859;6952298;1025007616;18776064;1096335360;0;0;0;0;0;0;0;0;0;0;0;2294;0;0;89;0;122;0;
8860;3528397;1025007616;18776064;1096335360;0;0;0;0;0;0;0;0;0;0;0;2284;0;0;89;0;122;0;
8861;3041284;1025007616;18776064;1096335360;0;0;0;0;0;0;0;0;0;0;0;1763;0;0;89;0;122;0;
8862;2874851;1025007616;18776064;1096335360;0;0;0;0;0;0;0;0;0;0;0;2425;0;0;89;0;122;0;
8863;3311079;1025007616;18776064;1096335360;0;0;0;0;0;0;0;0;0;0;0;1854;0;0;89;0;122;0;
8864;3255896;1025007616;18776064;1096335360;0;0;0;0;0;0;0;0;0;0;0;2835;0;0;89;0;122;0;
8865;7923630;1025007616;18776064;1096335360;0;0;0;0;0;0;0;0;0;0;0;1693;0;0;89;0;122;0;
8866;3356344;1025007616;18776064;1096335360;0;0;0;0;0;0;0;0;0;0;0;2064;0;0;89;0;122;0;
8867;1841033;1025007616;18776064;1096335360;0;0;0;0;0;0;0;0;0;0;0;1262;0;0;89;0;122;0;
8868;1253721;1025007616;18776064;1096335360;0;0;0;0;0;0;0;0;0;0;0;1863;0;0;89;0;122;0;
8869;3152192;1025007616;18776064;1096335360;0;0;0;0;0;0;0;0;0;0;0;2034;0;0;89;0;122;0;
8870;1965105;1025007616;18776064;1096335360;0;0;0;0;0;0;0;0;0;0;0;1623;0;0;89;0;122;0;
8871;7955670;1025007616;18776064;1096335360;0;0;0;0;0;0;0;0;0;0;0;1794;0;0;89;0;122;0;
8872;3747518;1025007616;18776064;1096335360;0;0;0;0;0;0;0;0;0;0;0;2695;0;0;89;0;122;0;
8873;3959065;1025007616;18776064;1096335360;0;0;0;0;0;0;0;0;0;0;0;2364;0;0;89;0;122;0;
8874;2365587;1025007616;18776064;1096335360;0;0;0;0;0;0;0;0;0;0;0;2525;0;0;89;0;122;0;
8875;3286875;1025007616;18776064;1096335360;0;0;0;0;0;0;0;0;0;0;0;1844;0;0;89;0;122;0;
8876;2630994;1025007616;18776064;1096335360;0;0;0;0;0;0;0;0;0;0;0;2905;0;0;89;0;124;0;
8877;5752919;1025007616;18776064;1096335360;0;0;0;0;0;0;0;0;0;0;0;1403;0;0;89;0;124;0;
8878;3689750;1025007616;18776064;1096335360;0;0;0;0;0;0;0;0;0;0;0;2685;0;0;89;0;124;0;
8879;3524249;1025007616;18776064;1096335360;0;0;0;0;0;0;0;0;0;0;0;1482;0;0;89;0;124;0;
8880;2998233;1025007616;18776064;1096335360;0;0;0;0;0;0;0;0;0;0;0;2164;0;0;89;0;124;0;
8881;2538451;1025007616;18776064;1096335360;0;0;0;0;0;0;0;0;0;0;0;1853;0;0;89;0;124;0;
8882;2418095;1025007616;18776064;1096335360;0;0;0;0;0;0;0;0;0;0;0;1824;0;0;89;0;124;0;
8883;8990230;1025007616;18776064;1096335360;0;0;0;0;0;0;0;0;0;0;0;3136;0;0;89;0;124;0;
8884;3181467;1025007616;18780160;1096339456;0;0;0;0;0;0;0;0;0;0;0;1974;0;0;89;0;124;0;
8885;2993675;1025007616;18780160;1096339456;0;0;0;0;0;0;0;0;0;0;0;1834;0;0;89;0;124;0;
8886;2696777;1025007616;18780160;1096339456;0;0;0;0;0;0;0;0;0;0;0;2204;0;0;89;0;124;0;
8887;4004931;1025007616;18780160;1096339456;0;0;0;0;0;0;0;0;0;0;0;2034;0;0;89;0;124;0;
8888;4234752;1025007616;18780160;1096339456;0;0;0;0;0;0;0;0;0;0;0;2524;0;0;89;0;124;0;
8889;5509462;1025007616;18780160;1096339456;0;0;0;0;0;0;0;0;0;0;0;1853;0;0;89;0;124;0;
8890;4140224;1025007616;18780160;1096339456;0;0;0;0;0;0;0;0;0;0;0;2314;0;0;89;0;124;0;
8891;3584482;1025007616;18780160;1096339456;0;0;0;0;0;0;0;0;0;0;0;2033;0;0;89;0;124;0;
8892;2900169;1025007616;18780160;1096339456;0;0;0;0;0;0;0;0;0;0;0;1773;0;0;89;0;124;0;
8893;2453291;1025007616;18780160;1096339456;0;0;0;0;0;0;0;0;0;0;0;1743;0;0;89;0;124;0;
8894;1867022;1025007616;18780160;1096339456;0;0;0;0;0;0;0;0;0;0;0;1924;0;0;89;0;124;0;
8895;6784203;1025007616;18780160;1096339456;0;0;0;0;0;0;0;0;0;0;0;1453;0;0;89;0;124;0;
8896;5168353;1025007616;18780160;1096339456;0;0;0;0;0;0;0;0;0;0;0;2605;0;0;89;0;124;0;
8897;3386070;1025044480;18776064;1096335360;0;0;0;0;0;0;0;0;0;0;0;1994;0;0;89;0;124;0;
8898;2954511;1025044480;18776064;1096335360;0;0;0;0;0;0;0;0;0;0;0;2705;0;0;89;0;125;0;
8899;2458852;1025044480;18776064;1096335360;0;0;0;0;0;0;0;0;0;0;0;1593;0;0;89;0;125;0;
8900;1891467;1025044480;18776064;1096335360;0;0;0;0;0;0;0;0;0;0;0;2064;0;0;89;0;125;0;
8901;7211685;1025044480;18776064;1096335360;0;0;0;0;0;0;0;0;0;0;0;2194;0;0;89;0;125;0;
8902;4353605;1025044480;18776064;1096335360;0;0;0;0;0;0;0;0;0;0;0;2895;0;0;89;0;125;0;
8903;3190123;1025044480;18776064;1096335360;0;0;0;0;0;0;0;0;0;0;0;2986;0;0;89;0;127;0;
8904;1562180;1025044480;18776064;1096335360;0;0;0;0;0;0;0;0;0;0;0;2345;0;0;89;0;127;0;
8905;2597561;1025044480;18776064;1096335360;0;0;0;0;0;0;0;0;0;0;0;1744;0;0;89;0;127;0;
8906;2170901;1025044480;18776064;1096335360;0;0;0;0;0;0;0;0;0;0;0;1813;0;0;89;0;127;0;
8907;6283674;1025044480;18776064;1096335360;0;0;0;0;0;0;0;0;0;0;0;1623;0;0;89;0;127;0;
8908;4245592;1025044480;18776064;1096335360;0;0;0;0;0;0;0;0;0;0;0;2715;0;0;89;0;127;0;
8909;3558183;1025044480;18776064;1096335360;0;0;0;0;0;0;0;0;0;0;0;1914;0;0;89;0;127;0;
8910;2090911;1025044480;18776064;1096335360;0;0;0;0;0;0;0;0;0;0;0;2214;0;0;89;0;127;0;
8911;2978727;1025044480;18776064;1096335360;0;0;0;0;0;0;0;0;0;0;0;1753;0;0;89;0;127;0;
8912;2343174;1025044480;18776064;1096335360;0;0;0;0;0;0;0;0;0;0;0;2234;0;0;89;0;127;0;
8913;6186202;1025044480;18776064;1096335360;0;0;0;0;0;0;0;0;0;0;0;2335;0;0;89;0;128;0;
8914;3744242;1025044480;18776064;1096335360;0;0;0;0;0;0;0;0;0;0;0;3387;0;0;89;0;128;0;
8915;3289880;1025044480;18776064;1096335360;0;0;0;0;0;0;0;0;0;0;0;1993;0;0;89;0;128;0;
8916;3458235;1025044480;18776064;1096335360;0;0;0;0;0;0;0;0;0;0;0;1903;0;0;89;0;128;0;
8917;3462503;1025044480;18776064;1096335360;0;0;0;0;0;0;0;0;0;0;0;1713;0;0;89;0;128;0;
8918;2428445;1025044480;18776064;1096335360;0;0;0;0;0;0;0;0;0;0;0;2094;0;0;89;0;128;0;
8919;8332035;1025044480;18776064;1096335360;0;0;0;0;0;0;0;0;0;0;0;1874;0;0;89;0;128;0;
8920;2800141;1025044480;18776064;1096335360;0;0;0;0;0;0;0;0;0;0;0;2585;0;0;89;0;128;0;
8921;2843894;1025044480;18776064;1096335360;0;0;0;0;0;0;0;0;0;0;0;1583;0;0;89;0;128;0;
8922;2084860;1025044480;18776064;1096335360;0;0;0;0;0;0;0;0;0;0;0;2314;0;0;89;0;128;0;
8923;4773772;1025044480;18776064;1096335360;0;0;0;0;0;0;0;0;0;0;0;2274;0;0;89;0;128;0;
8924;2651343;1025044480;18776064;1096335360;0;0;0;0;0;0;0;0;0;0;0;2254;0;0;89;0;128;0;
8925;6843915;1025044480;18776064;1096335360;0;0;0;0;0;0;0;0;0;0;0;2014;0;0;89;0;128;0;
8926;4404610;1025044480;18776064;1096335360;0;0;0;0;0;0;0;0;0;0;0;3276;0;0;89;0;128;0;
8927;2944071;1025044480;18776064;1096335360;0;0;0;0;0;0;0;0;0;0;0;1883;0;0;89;0;128;0;
8928;3048047;1025044480;18776064;1096335360;0;0;0;0;0;0;0;0;0;0;0;2144;0;0;89;0;128;0;
8929;5461642;1025044480;18776064;1096335360;0;0;0;0;0;0;0;0;0;0;0;2304;0;0;89;0;128;0;
8930;1661416;1025044480;18776064;1096335360;0;0;0;0;0;0;0;0;0;0;0;2425;0;0;89;0;128;0;
8931;5815507;1025044480;18776064;1096335360;0;0;0;0;0;0;0;0;0;0;0;1513;0;0;89;0;128;0;
8932;6289105;1025044480;18776064;1096335360;0;0;0;0;0;0;0;0;0;0;0;3777;0;0;89;0;128;0;
8933;4007125;1025044480;18776064;1096335360;0;0;0;0;0;0;0;0;0;0;0;1653;0;0;89;0;128;0;
8934;1879645;1025044480;18776064;1096335360;0;0;0;0;0;0;0;0;0;0;0;2094;0;0;89;0;128;0;
8935;4283954;1025044480;18776064;1096335360;0;0;0;0;0;0;0;0;0;0;0;1913;0;0;89;0;128;0;
8936;2769414;1025044480;18776064;1096335360;0;0;0;0;0;0;0;0;0;0;0;2324;0;0;89;0;128;0;
8937;6139224;1025044480;18776064;1096335360;0;0;0;0;0;0;0;0;0;0;0;1954;0;0;89;0;128;0;
8938;4536468;1025044480;18776064;1096335360;0;0;0;0;0;0;0;0;0;0;0;2415;0;0;89;0;128;0;
8939;3854519;1025044480;18776064;1096335360;0;0;0;0;0;0;0;0;0;0;0;1874;0;0;89;0;128;0;
8940;3463145;1025044480;18776064;1096335360;0;0;0;0;0;0;0;0;0;0;0;2996;0;0;89;0;129;0;
8941;3524249;1025044480;18776064;1096335360;0;0;0;0;0;0;0;0;0;0;0;2354;0;0;89;0;129;0;
8942;2940275;1025044480;18776064;1096335360;0;0;0;0;0;0;0;0;0;0;0;2354;0;0;89;0;129;0;
8943;7541032;1025044480;18776064;1096335360;0;0;0;0;0;0;0;0;0;0;0;1863;0;0;89;0;129;0;
8944;3559976;1025044480;18776064;1096335360;0;0;0;0;0;0;0;0;0;0;0;2454;0;0;89;0;129;0;
8945;3230729;1025044480;18776064;1096335360;0;0;0;0;0;0;0;0;0;0;0;1764;0;0;89;0;129;0;
8946;2168697;1025044480;18776064;1096335360;0;0;0;0;0;0;0;0;0;0;0;2215;0;0;89;0;129;0;
8947;3395808;1025044480;18776064;1096335360;0;0;0;0;0;0;0;0;0;0;0;1894;0;0;89;0;129;0;
8948;1787192;1025044480;18776064;1096335360;0;0;0;0;0;0;0;0;0;0;0;1733;0;0;89;0;129;0;
8949;5579834;1025044480;18776064;1096335360;0;0;0;0;0;0;0;0;0;0;0;1673;0;0;89;0;129;0;
8950;4693192;1025044480;18776064;1096335360;0;0;0;0;0;0;0;0;0;0;0;3196;0;0;89;0;129;0;
8951;4644109;1025044480;18776064;1096335360;0;0;0;0;0;0;0;0;0;0;0;2094;0;0;89;0;129;0;
8952;3059177;1025044480;18776064;1096335360;0;0;0;0;0;0;0;0;0;0;0;1934;0;0;89;0;129;0;
8953;4418356;1025044480;18776064;1096335360;0;0;0;0;0;0;0;0;0;0;0;2464;0;0;89;0;129;0;
8954;4374424;1025044480;18776064;1096335360;0;0;0;0;0;0;0;0;0;0;0;3096;0;0;89;0;129;0;
8955;6190028;1025044480;18776064;1096335360;0;0;0;0;0;0;0;0;0;0;0;2465;0;0;89;0;130;0;
8956;3198728;1025044480;18776064;1096335360;0;0;0;0;0;0;0;0;0;0;0;2836;0;0;89;0;130;0;
8957;2606248;1025044480;18776064;1096335360;0;0;0;0;0;0;0;0;0;0;0;1804;0;0;89;0;130;0;
8958;2639621;1025044480;18776064;1096335360;0;0;0;0;0;0;0;0;0;0;0;3236;0;0;89;0;130;0;
8959;3555488;1025044480;18776064;1096335360;0;0;0;0;0;0;0;0;0;0;0;2074;0;0;89;0;130;0;
8960;1927355;1025044480;18776064;1096335360;0;0;0;0;0;0;0;0;0;0;0;2004;0;0;89;0;130;0;
8961;6931920;1025044480;18776064;1096335360;0;0;0;0;0;0;0;0;0;0;0;1673;0;0;89;0;130;0;
8962;7010548;1025044480;18776064;1096335360;0;0;0;0;0;0;0;0;0;0;0;28533;0;0;89;0;130;0;
8963;4740320;1025044480;18776064;1096335360;0;0;0;0;0;0;0;0;0;0;0;2424;0;0;89;0;130;0;
8964;2860865;1025044480;18776064;1096335360;0;0;0;0;0;0;0;0;0;0;0;2484;0;0;89;0;130;0;
8965;3560176;1025044480;18776064;1096335360;0;0;0;0;0;0;0;0;0;0;0;2054;0;0;89;0;130;0;
8966;1920141;1025044480;18776064;1096335360;0;0;0;0;0;0;0;0;0;0;0;1473;0;0;89;0;130;0;
8967;5209620;1025044480;18776064;1096335360;0;0;0;0;0;0;0;0;0;0;0;1473;0;0;89;0;130;0;
8968;4569209;1025044480;18776064;1096335360;0;0;0;0;0;0;0;0;0;0;0;4258;0;0;89;0;130;0;
8969;3302844;1025044480;18776064;1096335360;0;0;0;0;0;0;0;0;0;0;0;1513;0;0;89;0;130;0;
8970;2871856;1025044480;18776064;1096335360;0;0;0;0;0;0;0;0;0;0;0;1513;0;0;89;0;130;0;
8971;3969695;1025044480;18776064;1096335360;0;0;0;0;0;0;0;0;0;0;0;1593;0;0;89;0;130;0;
8972;2717686;1025044480;18776064;1096335360;0;0;0;0;0;0;0;0;0;0;0;2295;0;0;89;0;130;0;
8973;7424974;1025044480;18776064;1096335360;0;0;0;0;0;0;0;0;0;0;0;1743;0;0;89;0;130;0;
8974;5227854;1025044480;18776064;1096335360;0;0;0;0;0;0;0;0;0;0;0;4529;0;0;89;0;130;0;
8975;3395608;1025044480;18776064;1096335360;0;0;0;0;0;0;0;0;0;0;0;2194;0;0;89;0;130;0;
8976;3313054;1025044480;18776064;1096335360;0;0;0;0;0;0;0;0;0;0;0;2424;0;0;89;0;130;0;
8977;3696372;1025044480;18776064;1096335360;0;0;0;0;0;0;0;0;0;0;0;1633;0;0;89;0;130;0;
8978;2964941;1025044480;18776064;1096335360;0;0;0;0;0;0;0;0;0;0;0;2204;0;0;89;0;130;0;
8979;7077904;1025044480;18776064;1096335360;0;0;0;0;0;0;0;0;0;0;0;1563;0;0;89;0;130;0;
8980;3413822;1025044480;18776064;1096335360;0;0;0;0;0;0;0;0;0;0;0;3867;0;0;89;0;130;0;
8981;3480929;1025044480;18776064;1096335360;0;0;0;0;0;0;0;0;0;0;0;2304;0;0;89;0;130;0;
8982;1725155;1025044480;18776064;1096335360;0;0;0;0;0;0;0;0;0;0;0;1673;0;0;89;0;130;0;
8983;1909541;1025044480;18776064;1096335360;0;0;0;0;0;0;0;0;0;0;0;1332;0;0;89;0;130;0;
8984;2394611;1025044480;18776064;1096335360;0;0;0;0;0;0;0;0;0;0;0;2014;0;0;89;0;130;0;
8985;5853888;1025044480;18776064;1096335360;0;0;0;0;0;0;0;0;0;0;0;1913;0;0;89;0;130;0;
8986;4583776;1025044480;18776064;1096335360;0;0;0;0;0;0;0;0;0;0;0;3367;0;0;89;0;130;0;
8987;2163969;1025044480;18776064;1096335360;0;0;0;0;0;0;0;0;0;0;0;1853;0;0;89;0;130;0;
8988;3756434;1025044480;18776064;1096335360;0;0;0;0;0;0;0;0;0;0;0;2715;0;0;89;0;130;0;
8989;4892185;1025044480;18776064;1096335360;0;0;0;0;0;0;0;0;0;0;0;2214;0;0;89;0;130;0;
8990;2319069;1025044480;18776064;1096335360;0;0;0;0;0;0;0;0;0;0;0;2504;0;0;89;0;130;0;
8991;7714427;1025044480;18776064;1096335360;0;0;0;0;0;0;0;0;0;0;0;2084;0;0;89;0;130;0;
8992;4468400;1025044480;18776064;1096335360;0;0;0;0;0;0;0;0;0;0;0;5741;0;0;89;0;130;0;
8993;5676726;1025044480;18776064;1096335360;0;0;0;0;0;0;0;0;0;0;0;2164;0;0;89;0;130;0;
8994;3680182;1025044480;18776064;1096335360;0;0;0;0;0;0;0;0;0;0;0;2505;0;0;89;0;130;0;
8995;4844646;1025044480;18776064;1096335360;0;0;0;0;0;0;0;0;0;0;0;2354;0;0;89;0;130;0;
8996;3493602;1025044480;18776064;1096335360;0;0;0;0;0;0;0;0;0;0;0;2344;0;0;89;0;130;0;
8997;7263291;1025044480;18776064;1096335360;0;0;0;0;0;0;0;0;0;0;0;2515;0;0;89;0;130;0;
8998;3827247;1025044480;18776064;1096335360;0;0;0;0;0;0;0;0;0;0;0;2875;0;0;89;0;130;0;
8999;3213807;1025044480;18776064;1096335360;0;0;0;0;0;0;0;0;0;0;0;1824;0;0;89;0;130;0;
9000;1601794;1025044480;18776064;1096335360;0;0;0;0;0;0;0;0;0;0;0;2545;0;0;89;0;130;0;
9001;2482335;1025044480;18776064;1096335360;0;0;0;0;0;0;0;0;0;0;0;1472;0;0;89;0;130;0;
9002;3197918;1025044480;18776064;1096335360;0;0;0;0;0;0;0;0;0;0;0;2074;0;0;89;0;130;0;
9003;7365002;1025044480;18776064;1096335360;0;0;0;0;0;0;0;0;0;0;0;2054;0;0;89;0;130;0;
9004;6185630;1025044480;18776064;1096335360;0;0;0;0;0;0;0;0;0;0;0;3156;0;0;89;0;130;0;
9005;9331790;1025044480;18776064;1096335360;0;0;0;0;0;0;0;0;0;0;0;1934;0;0;89;0;130;0;
9006;1645937;1025044480;18776064;1096335360;0;0;0;0;0;0;0;0;0;0;0;3296;0;0;89;0;130;0;
9007;1533065;1025044480;18776064;1096335360;0;0;0;0;0;0;0;0;0;0;0;1563;0;0;89;0;130;0;
9008;1005375;1025044480;18776064;1096335360;0;0;0;0;0;0;0;0;0;0;0;1734;0;0;89;0;130;0;
9009;6383211;1025044480;18776064;1096335360;0;0;0;0;0;0;0;0;0;0;0;2083;0;0;89;0;130;0;
9010;7051274;1025044480;18776064;1096335360;0;0;0;0;0;0;0;0;0;0;0;2835;0;0;89;0;130;0;
9011;4154572;1025044480;18776064;1096335360;0;0;0;0;0;0;0;0;0;0;0;2665;0;0;89;0;130;0;
9012;2939473;1025044480;18776064;1096335360;0;0;0;0;0;0;0;0;0;0;0;3536;0;0;89;0;130;0;
9013;3981166;1025044480;18776064;1096335360;0;0;0;0;0;0;0;0;0;0;0;2184;0;0;89;0;130;0;
9014;3194711;1025044480;18776064;1096335360;0;0;0;0;0;0;0;0;0;0;0;2715;0;0;89;0;130;0;
9015;7381103;1025044480;18776064;1096335360;0;0;0;0;0;0;0;0;0;0;0;2725;0;0;89;0;130;0;
9016;5144288;1025044480;18776064;1096335360;0;0;0;0;0;0;0;0;0;0;0;2836;0;0;89;0;130;0;
9017;5053908;1025044480;18776064;1096335360;0;0;0;0;0;0;0;0;0;0;0;2184;0;0;89;0;130;0;
9018;2953769;1025044480;18776064;1096335360;0;0;0;0;0;0;0;0;0;0;0;1984;0;0;89;0;130;0;
9019;5144107;1025044480;18776064;1096335360;0;0;0;0;0;0;0;0;0;0;0;2705;0;0;89;0;130;0;
9020;3250997;1025044480;18776064;1096335360;0;0;0;0;0;0;0;0;0;0;0;11211;0;0;89;0;130;0;
9021;6960013;1025044480;18776064;1096335360;0;0;0;0;0;0;0;0;0;0;0;2074;0;0;89;0;130;0;
9022;5329064;1025044480;18776064;1096335360;0;0;0;0;0;0;0;0;0;0;0;2675;0;0;89;0;130;0;
9023;4229142;1025044480;18776064;1096335360;0;0;0;0;0;0;0;0;0;0;0;344305;0;0;89;0;130;0;
9024;2746040;1025044480;18776064;1096335360;0;0;0;0;0;0;0;0;0;0;0;2334;0;0;89;0;130;0;
9025;4362802;1025044480;18776064;1096335360;0;0;0;0;0;0;0;0;0;0;0;2825;0;0;89;0;130;0;
9026;4690046;1025044480;18776064;1096335360;0;0;0;0;0;0;0;0;0;0;0;2926;0;0;89;0;130;0;
9027;6513365;1025044480;18776064;1096335360;0;0;0;0;0;0;0;0;0;0;0;2174;0;0;89;0;130;0;
9028;4620976;1025044480;18776064;1096335360;0;0;0;0;0;0;0;0;0;0;0;2705;0;0;89;0;130;0;
9029;3743701;1025044480;18776064;1096335360;0;0;0;0;0;0;0;0;0;0;0;2635;0;0;89;0;130;0;
9030;2677712;1025044480;18776064;1096335360;0;0;0;0;0;0;0;0;0;0;0;2374;0;0;89;0;130;0;
9031;4054323;1025044480;18776064;1096335360;0;0;0;0;0;0;0;0;0;0;0;2224;0;0;89;0;130;0;
9032;2979708;1025044480;18776064;1096335360;0;0;0;0;0;0;0;0;0;0;0;2455;0;0;89;0;130;0;
9033;8203104;1025044480;18776064;1096335360;0;0;0;0;0;0;0;0;0;0;0;2855;0;0;89;0;130;0;
9034;5914532;1025044480;18776064;1096335360;0;0;0;0;0;0;0;0;0;0;0;3366;0;0;89;0;130;0;
9035;5008813;1025044480;18776064;1096335360;0;0;0;0;0;0;0;0;0;0;0;2936;0;0;89;0;130;0;
9036;3416867;1025044480;18776064;1096335360;0;0;0;0;0;0;0;0;0;0;0;2966;0;0;89;0;130;0;
9037;3245807;1025044480;18776064;1096335360;0;0;0;0;0;0;0;0;0;0;0;2365;0;0;89;0;130;0;
9038;1742117;1025044480;18776064;1096335360;0;0;0;0;0;0;0;0;0;0;0;1874;0;0;89;0;130;0;
9039;7703627;1025044480;18776064;1096335360;0;0;0;0;0;0;0;0;0;0;0;1833;0;0;89;0;130;0;
9040;4141858;1025044480;18776064;1096335360;0;0;0;0;0;0;0;0;0;0;0;3106;0;0;89;0;130;0;
9041;3971628;1025044480;18776064;1096335360;0;0;0;0;0;0;0;0;0;0;0;2365;0;0;89;0;130;0;
9042;1540619;1025044480;18776064;1096335360;0;0;0;0;0;0;0;0;0;0;0;8255;0;0;89;0;130;0;
9043;3160638;1025044480;18776064;1096335360;0;0;0;0;0;0;0;0;0;0;0;2244;0;0;89;0;130;0;
9044;2453912;1025044480;18776064;1096335360;0;0;0;0;0;0;0;0;0;0;0;3016;0;0;89;0;130;0;
9045;4517913;1025044480;18776064;1096335360;0;0;0;0;0;0;0;0;0;0;0;1804;0;0;89;0;130;0;
9046;4925468;1025044480;18776064;1096335360;0;0;0;0;0;0;0;0;0;0;0;4238;0;0;89;0;130;0;
9047;4315954;1025044480;18776064;1096335360;0;0;0;0;0;0;0;0;0;0;0;3096;0;0;89;0;130;0;
9048;2298490;1025044480;18776064;1096335360;0;0;0;0;0;0;0;0;0;0;0;2936;0;0;89;0;130;0;
9049;3040793;1025044480;18776064;1096335360;0;0;0;0;0;0;0;0;0;0;0;2374;0;0;89;0;130;0;
9050;3202325;1025044480;18776064;1096335360;0;0;0;0;0;0;0;0;0;0;0;3547;0;0;89;0;130;0;
9051;5330657;1025044480;18776064;1096335360;0;0;0;0;0;0;0;0;0;0;0;2444;0;0;89;0;130;0;
9052;4505620;1025044480;18776064;1096335360;0;0;0;0;0;0;0;0;0;0;0;3237;0;0;89;0;130;0;
9053;4311626;1025044480;18776064;1096335360;0;0;0;0;0;0;0;0;0;0;0;2705;0;0;89;0;130;0;
9054;3306471;1025044480;18776064;1096335360;0;0;0;0;0;0;0;0;0;0;0;2495;0;0;89;0;130;0;
9055;4194997;1025044480;18776064;1096335360;0;0;0;0;0;0;0;0;0;0;0;10880;0;0;89;0;130;0;
9056;2375014;1025044480;18776064;1096335360;0;0;0;0;0;0;0;0;0;0;0;2204;0;0;89;0;130;0;
9057;5184974;1025044480;18776064;1096335360;0;0;0;0;0;0;0;0;0;0;0;1382;0;0;89;0;130;0;
9058;4531698;1025044480;18776064;1096335360;0;0;0;0;0;0;0;0;0;0;0;2755;0;0;89;0;130;0;
9059;3806389;1025044480;18776064;1096335360;0;0;0;0;0;0;0;0;0;0;0;2615;0;0;89;0;130;0;
9060;2886594;1025044480;18776064;1096335360;0;0;0;0;0;0;0;0;0;0;0;2785;0;0;89;0;130;0;
9061;4010651;1025044480;18776064;1096335360;0;0;0;0;0;0;0;0;0;0;0;2645;0;0;89;0;130;0;
9062;2420149;1025044480;18776064;1096335360;0;0;0;0;0;0;0;0;0;0;0;2615;0;0;89;0;130;0;
9063;5973392;1025044480;18776064;1096335360;0;0;0;0;0;0;0;0;0;0;0;2094;0;0;89;0;130;0;
9064;4912713;1025044480;18776064;1096335360;0;0;0;0;0;0;0;0;0;0;0;2615;0;0;89;0;130;0;
9065;4192853;1025044480;18776064;1096335360;0;0;0;0;0;0;0;0;0;0;0;3236;0;0;89;0;130;0;
9066;2134503;1025044480;18776064;1096335360;0;0;0;0;0;0;0;0;0;0;0;2384;0;0;89;0;130;0;
9067;3153594;1025044480;18776064;1096335360;0;0;0;0;0;0;0;0;0;0;0;2265;0;0;89;0;130;0;
9068;2719370;1025044480;18776064;1096335360;0;0;0;0;0;0;0;0;0;0;0;2505;0;0;89;0;130;0;
9069;8002487;1025044480;18776064;1096335360;0;0;0;0;0;0;0;0;0;0;0;2735;0;0;89;0;130;0;
9070;4208753;1025044480;18776064;1096335360;0;0;0;0;0;0;0;0;0;0;0;2876;0;0;89;0;130;0;
9071;4748775;1025044480;18776064;1096335360;0;0;0;0;0;0;0;0;0;0;0;2194;0;0;89;0;130;0;
9072;3426526;1025044480;18776064;1096335360;0;0;0;0;0;0;0;0;0;0;0;2795;0;0;89;0;130;0;
9073;3662609;1025044480;18776064;1096335360;0;0;0;0;0;0;0;0;0;0;0;2575;0;0;89;0;130;0;
9074;1741686;1025044480;18776064;1096335360;0;0;0;0;0;0;0;0;0;0;0;2264;0;0;89;0;130;0;
9075;6209525;1025044480;18776064;1096335360;0;0;0;0;0;0;0;0;0;0;0;2194;0;0;89;0;130;0;
9076;4025860;1025044480;18776064;1096335360;0;0;0;0;0;0;0;0;0;0;0;3307;0;0;89;0;130;0;
9077;3363859;1025044480;18776064;1096335360;0;0;0;0;0;0;0;0;0;0;0;2485;0;0;89;0;130;0;
9078;1713724;1025044480;18776064;1096335360;0;0;0;0;0;0;0;0;0;0;0;2455;0;0;89;0;130;0;
9079;3713464;1025044480;18776064;1096335360;0;0;0;0;0;0;0;0;0;0;0;1553;0;0;89;0;130;0;
9080;2866916;1025044480;18776064;1096335360;0;0;0;0;0;0;0;0;0;0;0;2494;0;0;89;0;130;0;
9081;6913605;1025044480;18776064;1096335360;0;0;0;0;0;0;0;0;0;0;0;2154;0;0;89;0;130;0;
9082;4229402;1025044480;18776064;1096335360;0;0;0;0;0;0;0;0;0;0;0;2785;0;0;89;0;130;0;
9083;3209078;1025044480;18776064;1096335360;0;0;0;0;0;0;0;0;0;0;0;1983;0;0;89;0;130;0;
9084;4164319;1025044480;18776064;1096335360;0;0;0;0;0;0;0;0;0;0;0;2856;0;0;89;0;130;0;
9085;3593870;1025044480;18776064;1096335360;0;0;0;0;0;0;0;0;0;0;0;2575;0;0;89;0;130;0;
9086;2528041;1025044480;18776064;1096335360;0;0;0;0;0;0;0;0;0;0;0;2124;0;0;89;0;130;0;
9087;8736745;1025044480;18776064;1096335360;0;0;0;0;0;0;0;0;0;0;0;2665;0;0;89;0;130;0;
9088;7094946;1025044480;18776064;1096335360;0;0;0;0;0;0;0;0;0;0;0;4278;0;0;89;0;130;0;
9089;4916360;1025044480;18776064;1096335360;0;0;0;0;0;0;0;0;0;0;0;3797;0;0;89;0;130;0;
9090;3525271;1025044480;18776064;1096335360;0;0;0;0;0;0;0;0;0;0;0;3196;0;0;89;0;130;0;
9091;4362231;1025044480;18776064;1096335360;0;0;0;0;0;0;0;0;0;0;0;2915;0;0;89;0;130;0;
9092;3196344;1025044480;18776064;1096335360;0;0;0;0;0;0;0;0;0;0;0;3196;0;0;89;0;130;0;
9093;7334365;1025044480;18776064;1096335360;0;0;0;0;0;0;0;0;0;0;0;3066;0;0;89;0;130;0;
9094;4603354;1025044480;18776064;1096335360;0;0;0;0;0;0;0;0;0;0;0;2905;0;0;89;0;130;0;
9095;4122321;1025314816;18776064;1096335360;0;0;0;0;0;0;0;0;0;0;0;3827;0;0;89;0;130;0;
9096;3500074;1025314816;18776064;1096335360;0;0;0;0;0;0;0;0;0;0;0;3777;0;0;89;0;130;0;
9097;4436019;1025314816;18776064;1096335360;0;0;0;0;0;0;0;0;0;0;0;2014;0;0;89;0;130;0;
9098;3269241;1025314816;18776064;1096335360;0;0;0;0;0;0;0;0;0;0;0;3877;0;0;89;0;130;0;
9099;7574084;1025314816;18776064;1096335360;0;0;0;0;0;0;0;0;0;0;0;3126;0;0;89;0;130;0;
9100;5809726;1025314816;18776064;1096335360;0;0;0;0;0;0;0;0;0;0;0;2695;0;0;89;0;130;0;
9101;5121695;1025314816;18776064;1096335360;0;0;0;0;0;0;0;0;0;0;0;2595;0;0;89;0;130;0;
9102;2535064;1025314816;18776064;1096335360;0;0;0;0;0;0;0;0;0;0;0;2575;0;0;89;0;130;0;
9103;5504904;1025314816;18776064;1096335360;0;0;0;0;0;0;0;0;0;0;0;2465;0;0;89;0;130;0;
9104;2689985;1025314816;18776064;1096335360;0;0;0;0;0;0;0;0;0;0;0;2735;0;0;89;0;130;0;
9105;5630209;1025314816;18776064;1096335360;0;0;0;0;0;0;0;0;0;0;0;1392;0;0;89;0;130;0;
9106;5020526;1025585152;18776064;1096335360;0;0;0;0;0;0;0;0;0;0;0;3166;0;0;89;0;130;0;
9107;3582168;1025585152;18776064;1096335360;0;0;0;0;0;0;0;0;0;0;0;2394;0;0;89;0;130;0;
9108;3378436;1025585152;18776064;1096335360;0;0;0;0;0;0;0;0;0;0;0;2685;0;0;89;0;130;0;
9109;4928493;1025585152;18776064;1096335360;0;0;0;0;0;0;0;0;0;0;0;2295;0;0;89;0;130;0;
9110;3993970;1025585152;18776064;1096335360;0;0;0;0;0;0;0;0;0;0;0;2545;0;0;89;0;130;0;
9111;7324897;1025585152;18776064;1096335360;0;0;0;0;0;0;0;0;0;0;0;2665;0;0;89;0;130;0;
9112;4394852;1025585152;18776064;1096335360;0;0;0;0;0;0;0;0;0;0;0;3106;0;0;89;0;130;0;
9113;5411969;1025585152;18776064;1096335360;0;0;0;0;0;0;0;0;0;0;0;2945;0;0;89;0;130;0;
9114;7666066;1025585152;18776064;1096335360;0;0;0;0;0;0;0;0;0;0;0;3246;0;0;89;0;130;0;
9115;4550484;1025585152;18776064;1096335360;0;0;0;0;0;0;0;0;0;0;0;2334;0;0;89;0;130;0;
9116;3266857;1025585152;18776064;1096335360;0;0;0;0;0;0;0;0;0;0;0;2875;0;0;89;0;130;0;
9117;7494405;1025585152;18776064;1096335360;0;0;0;0;0;0;0;0;0;0;0;1873;0;0;89;0;130;0;
9118;5196956;1025585152;18776064;1096335360;0;0;0;0;0;0;0;0;0;0;0;3146;0;0;89;0;130;0;
9119;5322772;1025585152;18776064;1096335360;0;0;0;0;0;0;0;0;0;0;0;3036;0;0;89;0;130;0;
9120;3754170;1025585152;18776064;1096335360;0;0;0;0;0;0;0;0;0;0;0;2776;0;0;89;0;130;0;
9121;4518484;1025585152;18776064;1096335360;0;0;0;0;0;0;0;0;0;0;0;3276;0;0;89;0;130;0;
9122;3202847;1025585152;18776064;1096335360;0;0;0;0;0;0;0;0;0;0;0;2455;0;0;89;0;130;0;
9123;9173163;1025585152;18776064;1096335360;0;0;0;0;0;0;0;0;0;0;0;3877;0;0;89;0;130;0;
9124;6323679;1025585152;18776064;1096335360;0;0;0;0;0;0;0;0;0;0;0;3968;0;0;89;0;130;0;
9125;4695065;1025585152;18776064;1096335360;0;0;0;0;0;0;0;0;0;0;0;2695;0;0;89;0;130;0;
9126;4092225;1025585152;18776064;1096335360;0;0;0;0;0;0;0;0;0;0;0;3637;0;0;89;0;130;0;
9127;3609669;1025585152;18776064;1096335360;0;0;0;0;0;0;0;0;0;0;0;1914;0;0;89;0;130;0;
9128;4110027;1025585152;18776064;1096335360;0;0;0;0;0;0;0;0;0;0;0;2785;0;0;89;0;130;0;
9129;7854760;1025585152;18776064;1096335360;0;0;0;0;0;0;0;0;0;0;0;2905;0;0;89;0;130;0;
9130;6529876;1025585152;18776064;1096335360;0;0;0;0;0;0;0;0;0;0;0;3767;0;0;89;0;130;0;
9131;4687982;1025585152;18776064;1096335360;0;0;0;0;0;0;0;0;0;0;0;3317;0;0;89;0;130;0;
9132;2269657;1025585152;18776064;1096335360;0;0;0;0;0;0;0;0;0;0;0;2204;0;0;89;0;130;0;
9133;3355714;1025585152;18776064;1096335360;0;0;0;0;0;0;0;0;0;0;0;2365;0;0;89;0;130;0;
9134;2263785;1025585152;18776064;1096335360;0;0;0;0;0;0;0;0;0;0;0;1894;0;0;89;0;130;0;
9135;8556286;1025585152;18776064;1096335360;0;0;0;0;0;0;0;0;0;0;0;2124;0;0;89;0;130;0;
9136;7902009;1025585152;18776064;1096335360;0;0;0;0;0;0;0;0;0;0;0;3296;0;0;89;0;130;0;
9137;4310194;1025585152;18776064;1096335360;0;0;0;0;0;0;0;0;0;0;0;3717;0;0;89;0;130;0;
9138;3845252;1025585152;18776064;1096335360;0;0;0;0;0;0;0;0;0;0;0;2574;0;0;89;0;130;0;
9139;4456638;1025585152;18776064;1096335360;0;0;0;0;0;0;0;0;0;0;0;2235;0;0;89;0;130;0;
9140;1951149;1025585152;18776064;1096335360;0;0;0;0;0;0;0;0;0;0;0;2544;0;0;89;0;130;0;
9141;9638546;1025585152;18776064;1096335360;0;0;0;0;0;0;0;0;0;0;0;1793;0;0;89;0;130;0;
9142;6458873;1025585152;18776064;1096335360;0;0;0;0;0;0;0;0;0;0;0;2945;0;0;89;0;130;0;
9143;6083629;1025585152;18776064;1096335360;0;0;0;0;0;0;0;0;0;0;0;2685;0;0;89;0;130;0;
9144;4441229;1025585152;18776064;1096335360;0;0;0;0;0;0;0;0;0;0;0;3076;0;0;89;0;130;0;
9145;4920047;1025585152;18776064;1096335360;0;0;0;0;0;0;0;0;0;0;0;3075;0;0;89;0;130;0;
9146;5840002;1025585152;18776064;1096335360;0;0;0;0;0;0;0;0;0;0;0;2855;0;0;89;0;130;0;
9147;8082357;1025585152;18776064;1096335360;0;0;0;0;0;0;0;0;0;0;0;2935;0;0;89;0;130;0;
9148;4737314;1025585152;18776064;1096335360;0;0;0;0;0;0;0;0;0;0;0;2395;0;0;89;0;130;0;
9149;4561124;1025585152;18776064;1096335360;0;0;0;0;0;0;0;0;0;0;0;2375;0;0;89;0;130;0;
9150;3746025;1025585152;18776064;1096335360;0;0;0;0;0;0;0;0;0;0;0;2655;0;0;89;0;130;0;
9151;6168338;1025585152;18776064;1096335360;0;0;0;0;0;0;0;0;0;0;0;2385;0;0;89;0;130;0;
9152;3454709;1025585152;18776064;1096335360;0;0;0;0;0;0;0;0;0;0;0;3276;0;0;89;0;130;0;
9153;6901683;1025585152;18776064;1096335360;0;0;0;0;0;0;0;0;0;0;0;3045;0;0;89;0;130;0;
9154;4014068;1025585152;18776064;1096335360;0;0;0;0;0;0;0;0;0;0;0;3126;0;0;89;0;130;0;
9155;3457134;1025585152;18776064;1096335360;0;0;0;0;0;0;0;0;0;0;0;2545;0;0;89;0;130;0;
9156;3477601;1025585152;18776064;1096335360;0;0;0;0;0;0;0;0;0;0;0;2445;0;0;89;0;130;0;
9157;4466757;1025585152;18776064;1096335360;0;0;0;0;0;0;0;0;0;0;0;2555;0;0;89;0;130;0;
9158;3553093;1025585152;18776064;1096335360;0;0;0;0;0;0;0;0;0;0;0;2665;0;0;89;0;130;0;
9159;8059355;1025585152;18776064;1096335360;0;0;0;0;0;0;0;0;0;0;0;1924;0;0;89;0;130;0;
9160;3912267;1025585152;18776064;1096335360;0;0;0;0;0;0;0;0;0;0;0;2895;0;0;89;0;130;0;
9161;4320823;1025585152;18776064;1096335360;0;0;0;0;0;0;0;0;0;0;0;2054;0;0;89;0;130;0;
9162;2904216;1025585152;18776064;1096335360;0;0;0;0;0;0;0;0;0;0;0;2285;0;0;89;0;130;0;
9163;5315108;1025585152;18776064;1096335360;0;0;0;0;0;0;0;0;0;0;0;3547;0;0;89;0;130;0;
9164;3250816;1025585152;18776064;1096335360;0;0;0;0;0;0;0;0;0;0;0;3306;0;0;89;0;130;0;
9165;7844301;1025585152;18776064;1096335360;0;0;0;0;0;0;0;0;0;0;0;2013;0;0;89;0;130;0;
9166;4942619;1025585152;18776064;1096335360;0;0;0;0;0;0;0;0;0;0;0;2805;0;0;89;0;130;0;
9167;4047621;1025585152;18776064;1096335360;0;0;0;0;0;0;0;0;0;0;0;2245;0;0;89;0;130;0;
9168;2739998;1025585152;18776064;1096335360;0;0;0;0;0;0;0;0;0;0;0;2685;0;0;89;0;130;0;
9169;5276956;1025585152;18776064;1096335360;0;0;0;0;0;0;0;0;0;0;0;2735;0;0;89;0;130;0;
9170;4667994;1025585152;18776064;1096335360;0;0;0;0;0;0;0;0;0;0;0;3367;0;0;89;0;130;0;
9171;7696604;1025585152;18776064;1096335360;0;0;0;0;0;0;0;0;0;0;0;2665;0;0;89;0;130;0;
9172;6471136;1025585152;18776064;1096335360;0;0;0;0;0;0;0;0;0;0;0;3457;0;0;89;0;130;0;
9173;6300275;1025585152;18776064;1096335360;0;0;0;0;0;0;0;0;0;0;0;2475;0;0;89;0;130;0;
9174;4246113;1025585152;18776064;1096335360;0;0;0;0;0;0;0;0;0;0;0;2846;0;0;89;0;130;0;
9175;4603243;1025585152;18776064;1096335360;0;0;0;0;0;0;0;0;0;0;0;2665;0;0;89;0;130;0;
9176;1266786;1025585152;18776064;1096335360;0;0;0;0;0;0;0;0;0;0;0;2134;0;0;89;0;130;0;
9177;7627946;1025585152;18776064;1096335360;0;0;0;0;0;0;0;0;0;0;0;1864;0;0;89;0;130;0;
9178;6385636;1025585152;18776064;1096335360;0;0;0;0;0;0;0;0;0;0;0;3667;0;0;89;0;130;0;
9179;5116756;1025585152;18776064;1096335360;0;0;0;0;0;0;0;0;0;0;0;3487;0;0;89;0;130;0;
9180;2877346;1025585152;18776064;1096335360;0;0;0;0;0;0;0;0;0;0;0;2635;0;0;89;0;130;0;
9181;3869547;1025585152;18776064;1096335360;0;0;0;0;0;0;0;0;0;0;0;2825;0;0;89;0;130;0;
9182;1879645;1025585152;18776064;1096335360;0;0;0;0;0;0;0;0;0;0;0;2034;0;0;89;0;130;0;
9183;7851003;1025585152;18776064;1096335360;0;0;0;0;0;0;0;0;0;0;0;1914;0;0;89;0;130;0;
9184;5453989;1025585152;18776064;1096335360;0;0;0;0;0;0;0;0;0;0;0;2825;0;0;89;0;130;0;
9185;5352648;1025585152;18776064;1096335360;0;0;0;0;0;0;0;0;0;0;0;4258;0;0;89;0;130;0;
9186;3065649;1025585152;18776064;1096335360;0;0;0;0;0;0;0;0;0;0;0;2545;0;0;89;0;130;0;
9187;3074667;1025585152;18776064;1096335360;0;0;0;0;0;0;0;0;0;0;0;2565;0;0;89;0;130;0;
9188;2831420;1025585152;18776064;1096335360;0;0;0;0;0;0;0;0;0;0;0;2485;0;0;89;0;130;0;
9189;9278591;1025585152;18776064;1096335360;0;0;0;0;0;0;0;0;0;0;0;1673;0;0;89;0;130;0;
9190;5951301;1025585152;18776064;1096335360;0;0;0;0;0;0;0;0;0;0;0;3317;0;0;89;0;130;0;
9191;4474171;1025585152;18776064;1096335360;0;0;0;0;0;0;0;0;0;0;0;1783;0;0;89;0;130;0;
9192;2291808;1025585152;18776064;1096335360;0;0;0;0;0;0;0;0;0;0;0;2755;0;0;89;0;130;0;
9193;2596830;1025585152;18776064;1096335360;0;0;0;0;0;0;0;0;0;0;0;2224;0;0;89;0;130;0;
9194;1035282;1025585152;18776064;1096335360;0;0;0;0;0;0;0;0;0;0;0;1944;0;0;89;0;130;0;
9195;5178331;1025585152;18776064;1096335360;0;0;0;0;0;0;0;0;0;0;0;1683;0;0;89;0;130;0;
9196;5961961;1025585152;18776064;1096335360;0;0;0;0;0;0;0;0;0;0;0;3266;0;0;89;0;130;0;
9197;5422760;1025585152;18776064;1096335360;0;0;0;0;0;0;0;0;0;0;0;3046;0;0;89;0;130;0;
9198;4450867;1025585152;18776064;1096335360;0;0;0;0;0;0;0;0;0;0;0;3226;0;0;89;0;130;0;
9199;4202081;1025585152;18776064;1096335360;0;0;0;0;0;0;0;0;0;0;0;2935;0;0;89;0;130;0;
9200;2414388;1025585152;18776064;1096335360;0;0;0;0;0;0;0;0;0;0;0;2265;0;0;89;0;130;0;
9201;7676536;1025585152;18776064;1096335360;0;0;0;0;0;0;0;0;0;0;0;2164;0;0;89;0;130;0;
9202;7861483;1025585152;18776064;1096335360;0;0;0;0;0;0;0;0;0;0;0;2766;0;0;89;0;130;0;
9203;5427158;1025585152;18776064;1096335360;0;0;0;0;0;0;0;0;0;0;0;2965;0;0;89;0;130;0;
9204;2784352;1025585152;18776064;1096335360;0;0;0;0;0;0;0;0;0;0;0;3076;0;0;89;0;130;0;
9205;4834507;1025585152;18776064;1096335360;0;0;0;0;0;0;0;0;0;0;0;2044;0;0;89;0;130;0;
9206;3129058;1025585152;18776064;1096335360;0;0;0;0;0;0;0;0;0;0;0;2625;0;0;89;0;130;0;
9207;8811996;1025585152;18776064;1096335360;0;0;0;0;0;0;0;0;0;0;0;2505;0;0;89;0;130;0;
9208;5348470;1025585152;18776064;1096335360;0;0;0;0;0;0;0;0;0;0;0;5430;0;0;89;0;130;0;
9209;3629727;1025585152;18776064;1096335360;0;0;0;0;0;0;0;0;0;0;0;2434;0;0;89;0;130;0;
9210;2290205;1025585152;18776064;1096335360;0;0;0;0;0;0;0;0;0;0;0;2515;0;0;89;0;130;0;
9211;2855916;1025585152;18776064;1096335360;0;0;0;0;0;0;0;0;0;0;0;2244;0;0;89;0;130;0;
9212;1852264;1025585152;18776064;1096335360;0;0;0;0;0;0;0;0;0;0;0;2174;0;0;89;0;130;0;
9213;8027785;1025585152;18776064;1096335360;0;0;0;0;0;0;0;0;0;0;0;2134;0;0;89;0;130;0;
9214;5800918;1025585152;18776064;1096335360;0;0;0;0;0;0;0;0;0;0;0;2505;0;0;89;0;130;0;
9215;4242035;1025585152;18776064;1096335360;0;0;0;0;0;0;0;0;0;0;0;2916;0;0;89;0;130;0;
9216;2675628;1025585152;18776064;1096335360;0;0;0;0;0;0;0;0;0;0;0;2254;0;0;89;0;130;0;
9217;2449704;1025585152;18776064;1096335360;0;0;0;0;0;0;0;0;0;0;0;1733;0;0;89;0;130;0;
9218;2976332;1025585152;18776064;1096335360;0;0;0;0;0;0;0;0;0;0;0;1994;0;0;89;0;130;0;
9219;9548106;1025585152;18776064;1096335360;0;0;0;0;0;0;0;0;0;0;0;2946;0;0;89;0;130;0;
9220;4806845;1025585152;18776064;1096335360;0;0;0;0;0;0;0;0;0;0;0;2514;0;0;89;0;130;0;
9221;6969391;1025585152;18776064;1096335360;0;0;0;0;0;0;0;0;0;0;0;1814;0;0;89;0;130;0;
9222;3167932;1025585152;18776064;1096335360;0;0;0;0;0;0;0;0;0;0;0;2275;0;0;89;0;130;0;
9223;6268837;1025585152;18776064;1096335360;0;0;0;0;0;0;0;0;0;0;0;1864;0;0;89;0;130;0;
9224;3692766;1025585152;18776064;1096335360;0;0;0;0;0;0;0;0;0;0;0;3527;0;0;89;0;130;0;
9225;7066122;1025585152;18776064;1096335360;0;0;0;0;0;0;0;0;0;0;0;3025;0;0;89;0;130;0;
9226;6056699;1025585152;18780160;1096339456;0;0;0;0;0;0;0;0;0;0;0;2965;0;0;89;0;130;0;
9227;4337675;1025585152;18780160;1096339456;0;0;0;0;0;0;0;0;0;0;0;2745;0;0;89;0;130;0;
9228;3802331;1025585152;18780160;1096339456;0;0;0;0;0;0;0;0;0;0;0;2525;0;0;89;0;130;0;
9229;5214971;1025585152;18780160;1096339456;0;0;0;0;0;0;0;0;0;0;0;2605;0;0;89;0;130;0;
9230;3459538;1025585152;18780160;1096339456;0;0;0;0;0;0;0;0;0;0;0;2565;0;0;89;0;130;0;
9231;7622104;1025585152;18780160;1096339456;0;0;0;0;0;0;0;0;0;0;0;2415;0;0;89;0;130;0;
9232;5221151;1025585152;18780160;1096339456;0;0;0;0;0;0;0;0;0;0;0;2695;0;0;89;0;130;0;
9233;4433114;1025585152;18780160;1096339456;0;0;0;0;0;0;0;0;0;0;0;2505;0;0;89;0;130;0;
9234;3167761;1025585152;18780160;1096339456;0;0;0;0;0;0;0;0;0;0;0;2785;0;0;89;0;130;0;
9235;3709687;1025585152;18780160;1096339456;0;0;0;0;0;0;0;0;0;0;0;2614;0;0;89;0;130;0;
9236;4213532;1025585152;18780160;1096339456;0;0;0;0;0;0;0;0;0;0;0;2865;0;0;89;0;130;0;
9237;10204117;1025585152;18780160;1096339456;0;0;0;0;0;0;0;0;0;0;0;2605;0;0;89;0;130;0;
9238;7083164;1025585152;18780160;1096339456;0;0;0;0;0;0;0;0;0;0;0;3216;0;0;89;0;130;0;
9239;4849705;1025609728;18776064;1096335360;0;0;0;0;0;0;0;0;0;0;0;2715;0;0;89;0;130;0;
9240;3005978;1025609728;18776064;1096335360;0;0;0;0;0;0;0;0;0;0;0;2264;0;0;89;0;130;0;
9241;4887296;1025609728;18776064;1096335360;0;0;0;0;0;0;0;0;0;0;0;2625;0;0;89;0;130;0;
9242;3841013;1025609728;18776064;1096335360;0;0;0;0;0;0;0;0;0;0;0;3116;0;0;89;0;130;0;
9243;8440009;1025609728;18776064;1096335360;0;0;0;0;0;0;0;0;0;0;0;2144;0;0;89;0;130;0;
9244;3806458;1025609728;18776064;1096335360;0;0;0;0;0;0;0;0;0;0;0;2845;0;0;89;0;130;0;
9245;4216478;1025609728;18776064;1096335360;0;0;0;0;0;0;0;0;0;0;0;3006;0;0;89;0;130;0;
9246;2640452;1025609728;18776064;1096335360;0;0;0;0;0;0;0;0;0;0;0;3416;0;0;89;0;130;0;
9247;3290300;1025609728;18776064;1096335360;0;0;0;0;0;0;0;0;0;0;0;2134;0;0;89;0;130;0;
9248;1803523;1025609728;18776064;1096335360;0;0;0;0;0;0;0;0;0;0;0;2585;0;0;89;0;130;0;
9249;6477227;1025609728;18776064;1096335360;0;0;0;0;0;0;0;0;0;0;0;2876;0;0;89;0;130;0;
9250;3794265;1025609728;18776064;1096335360;0;0;0;0;0;0;0;0;0;0;0;3156;0;0;89;0;130;0;
9251;5542665;1025609728;18776064;1096335360;0;0;0;0;0;0;0;0;0;0;0;3156;0;0;89;0;130;0;
9252;3170636;1025609728;18776064;1096335360;0;0;0;0;0;0;0;0;0;0;0;2695;0;0;89;0;130;0;
9253;4257465;1025609728;18776064;1096335360;0;0;0;0;0;0;0;0;0;0;0;2705;0;0;89;0;130;0;
9254;4783201;1025609728;18776064;1096335360;0;0;0;0;0;0;0;0;0;0;0;2985;0;0;89;0;130;0;
9255;9202368;1025609728;18776064;1096335360;0;0;0;0;0;0;0;0;0;0;0;3166;0;0;89;0;130;0;
9256;7313035;1025609728;18776064;1096335360;0;0;0;0;0;0;0;0;0;0;0;3126;0;0;89;0;130;0;
9257;4408046;1025609728;18776064;1096335360;0;0;0;0;0;0;0;0;0;0;0;2635;0;0;89;0;130;0;
9258;4383791;1025609728;18776064;1096335360;0;0;0;0;0;0;0;0;0;0;0;3607;0;0;89;0;130;0;
9259;5532235;1025609728;18776064;1096335360;0;0;0;0;0;0;0;0;0;0;0;2645;0;0;89;0;130;0;
9260;5774871;1025609728;18776064;1096335360;0;0;0;0;0;0;0;0;0;0;0;3135;0;0;89;0;130;0;
9261;6944784;1025609728;18776064;1096335360;0;0;0;0;0;0;0;0;0;0;0;2655;0;0;89;0;130;0;
9262;4013096;1025609728;18776064;1096335360;0;0;0;0;0;0;0;0;0;0;0;3597;0;0;89;0;130;0;
9263;4649730;1025609728;18776064;1096335360;0;0;0;0;0;0;0;0;0;0;0;3657;0;0;89;0;130;0;
9264;4241815;1025609728;18776064;1096335360;0;0;0;0;0;0;0;0;0;0;0;3456;0;0;89;0;130;0;
9265;5869848;1025609728;18776064;1096335360;0;0;0;0;0;0;0;0;0;0;0;3075;0;0;89;0;130;0;
9266;3332079;1025609728;18776064;1096335360;0;0;0;0;0;0;0;0;0;0;0;3005;0;0;89;0;130;0;
9267;7190725;1025609728;18776064;1096335360;0;0;0;0;0;0;0;0;0;0;0;2304;0;0;89;0;130;0;
9268;6449025;1025609728;18776064;1096335360;0;0;0;0;0;0;0;0;0;0;0;3256;0;0;89;0;130;0;
9269;7114442;1025609728;18776064;1096335360;0;0;0;0;0;0;0;0;0;0;0;2846;0;0;89;0;130;0;
9270;4546596;1025609728;18776064;1096335360;0;0;0;0;0;0;0;0;0;0;0;3536;0;0;89;0;130;0;
9271;5477292;1025609728;18776064;1096335360;0;0;0;0;0;0;0;0;0;0;0;2905;0;0;89;0;130;0;
9272;2545985;1025609728;18776064;1096335360;0;0;0;0;0;0;0;0;0;0;0;2645;0;0;89;0;130;0;
9273;5946852;1025609728;18776064;1096335360;0;0;0;0;0;0;0;0;0;0;0;1953;0;0;89;0;130;0;
9274;5751036;1025609728;18776064;1096335360;0;0;0;0;0;0;0;0;0;0;0;3407;0;0;89;0;130;0;
9275;5413022;1025609728;18776064;1096335360;0;0;0;0;0;0;0;0;0;0;0;3136;0;0;89;0;130;0;
9276;2368552;1025609728;18776064;1096335360;0;0;0;0;0;0;0;0;0;0;0;3036;0;0;89;0;130;0;
9277;5325697;1025609728;18776064;1096335360;0;0;0;0;0;0;0;0;0;0;0;2004;0;0;89;0;130;0;
9278;3769029;1025609728;18776064;1096335360;0;0;0;0;0;0;0;0;0;0;0;3086;0;0;89;0;130;0;
9279;7978953;1025609728;18776064;1096335360;0;0;0;0;0;0;0;0;0;0;0;2344;0;0;89;0;130;0;
9280;6636496;1025609728;18776064;1096335360;0;0;0;0;0;0;0;0;0;0;0;2866;0;0;89;0;130;0;
9281;6127351;1025609728;18776064;1096335360;0;0;0;0;0;0;0;0;0;0;0;3397;0;0;89;0;130;0;
9282;4544572;1025609728;18776064;1096335360;0;0;0;0;0;0;0;0;0;0;0;2986;0;0;89;0;130;0;
9283;3286864;1025609728;18776064;1096335360;0;0;0;0;0;0;0;0;0;0;0;2445;0;0;89;0;130;0;
9284;2409328;1025609728;18776064;1096335360;0;0;0;0;0;0;0;0;0;0;0;2325;0;0;89;0;130;0;
9285;8182034;1025609728;18776064;1096335360;0;0;0;0;0;0;0;0;0;0;0;2675;0;0;89;0;130;0;
9286;3754762;1025609728;18776064;1096335360;0;0;0;0;0;0;0;0;0;0;0;3316;0;0;89;0;130;0;
9287;2992572;1025609728;18776064;1096335360;0;0;0;0;0;0;0;0;0;0;0;2144;0;0;89;0;130;0;
9288;3925111;1025609728;18776064;1096335360;0;0;0;0;0;0;0;0;0;0;0;3356;0;0;89;0;130;0;
9289;4414669;1025609728;18776064;1096335360;0;0;0;0;0;0;0;0;0;0;0;3617;0;0;89;0;130;0;
9290;2632868;1025609728;18776064;1096335360;0;0;0;0;0;0;0;0;0;0;0;3707;0;0;89;0;130;0;
9291;8007647;1025609728;18776064;1096335360;0;0;0;0;0;0;0;0;0;0;0;2565;0;0;89;0;130;0;
9292;4090752;1025609728;18776064;1096335360;0;0;0;0;0;0;0;0;0;0;0;2735;0;0;89;0;130;0;
9293;3547022;1025609728;18776064;1096335360;0;0;0;0;0;0;0;0;0;0;0;2225;0;0;89;0;130;0;
9294;1731257;1025609728;18776064;1096335360;0;0;0;0;0;0;0;0;0;0;0;2856;0;0;89;0;130;0;
9295;3093081;1025609728;18776064;1096335360;0;0;0;0;0;0;0;0;0;0;0;2845;0;0;89;0;130;0;
9296;3764199;1025609728;18776064;1096335360;0;0;0;0;0;0;0;0;0;0;0;3486;0;0;89;0;130;0;
9297;7100096;1025609728;18776064;1096335360;0;0;0;0;0;0;0;0;0;0;0;3427;0;0;89;0;130;0;
9298;6860265;1025609728;18776064;1096335360;0;0;0;0;0;0;0;0;0;0;0;3577;0;0;89;0;130;0;
9299;4691578;1025609728;18776064;1096335360;0;0;0;0;0;0;0;0;0;0;0;3426;0;0;89;0;130;0;
9300;2916400;1025609728;18776064;1096335360;0;0;0;0;0;0;0;0;0;0;0;2835;0;0;89;0;130;0;
9301;4519687;1025609728;18776064;1096335360;0;0;0;0;0;0;0;0;0;0;0;1854;0;0;89;0;130;0;
9302;3614518;1025609728;18776064;1096335360;0;0;0;0;0;0;0;0;0;0;0;3366;0;0;89;0;130;0;
9303;6994378;1025609728;18776064;1096335360;0;0;0;0;0;0;0;0;0;0;0;3356;0;0;89;0;130;0;
9304;4692250;1025609728;18776064;1096335360;0;0;0;0;0;0;0;0;0;0;0;3346;0;0;89;0;130;0;
9305;2873639;1025609728;18776064;1096335360;0;0;0;0;0;0;0;0;0;0;0;1993;0;0;89;0;130;0;
9306;2561063;1025609728;18776064;1096335360;0;0;0;0;0;0;0;0;0;0;0;2305;0;0;89;0;130;0;
9307;6085462;1025609728;18776064;1096335360;0;0;0;0;0;0;0;0;0;0;0;3256;0;0;89;0;130;0;
9308;3939127;1025609728;18776064;1096335360;0;0;0;0;0;0;0;0;0;0;0;3456;0;0;89;0;130;0;
9309;9202498;1025609728;18776064;1096335360;0;0;0;0;0;0;0;0;0;0;0;2796;0;0;89;0;130;0;
9310;5487251;1025609728;18776064;1096335360;0;0;0;0;0;0;0;0;0;0;0;3757;0;0;89;0;130;0;
9311;4638459;1025609728;18776064;1096335360;0;0;0;0;0;0;0;0;0;0;0;3647;0;0;89;0;130;0;
9312;2228519;1025609728;18776064;1096335360;0;0;0;0;0;0;0;0;0;0;0;3827;0;0;89;0;130;0;
9313;3103951;1025609728;18776064;1096335360;0;0;0;0;0;0;0;0;0;0;0;2404;0;0;89;0;130;0;
9314;2883437;1025609728;18776064;1096335360;0;0;0;0;0;0;0;0;0;0;0;2896;0;0;89;0;130;0;
9315;6374715;1025609728;18776064;1096335360;0;0;0;0;0;0;0;0;0;0;0;2925;0;0;89;0;130;0;
9316;5758629;1025609728;18776064;1096335360;0;0;0;0;0;0;0;0;0;0;0;3737;0;0;89;0;130;0;
9317;4589778;1025609728;18776064;1096335360;0;0;0;0;0;0;0;0;0;0;0;3586;0;0;89;0;130;0;
9318;3124410;1025609728;18776064;1096335360;0;0;0;0;0;0;0;0;0;0;0;4087;0;0;89;0;130;0;
9319;4547308;1025609728;18776064;1096335360;0;0;0;0;0;0;0;0;0;0;0;3637;0;0;89;0;130;0;
9320;2719520;1025609728;18776064;1096335360;0;0;0;0;0;0;0;0;0;0;0;2956;0;0;89;0;130;0;
9321;8142230;1025609728;18776064;1096335360;0;0;0;0;0;0;0;0;0;0;0;2424;0;0;89;0;130;0;
9322;5706762;1025609728;18776064;1096335360;0;0;0;0;0;0;0;0;0;0;0;3115;0;0;89;0;130;0;
9323;5289730;1025609728;18776064;1096335360;0;0;0;0;0;0;0;0;0;0;0;3135;0;0;89;0;130;0;
9324;3754882;1025609728;18776064;1096335360;0;0;0;0;0;0;0;0;0;0;0;3176;0;0;89;0;130;0;
9325;6268115;1025609728;18776064;1096335360;0;0;0;0;0;0;0;0;0;0;0;3136;0;0;89;0;130;0;
9326;3228515;1025609728;18776064;1096335360;0;0;0;0;0;0;0;0;0;0;0;2926;0;0;89;0;130;0;
9327;7804746;1025609728;18780160;1096339456;0;0;0;0;0;0;0;0;0;0;0;2835;0;0;89;0;130;0;
9328;3929108;1025609728;18788352;1096347648;0;0;0;0;0;0;0;0;0;0;0;3056;0;0;89;0;130;0;
9329;4019168;1025609728;18788352;1096347648;0;0;0;0;0;0;0;0;0;0;0;3126;0;0;89;0;130;0;
9330;1589531;1025609728;18788352;1096347648;0;0;0;0;0;0;0;0;0;0;0;2545;0;0;89;0;130;0;
9331;2699693;1025609728;18788352;1096347648;0;0;0;0;0;0;0;0;0;0;0;2414;0;0;89;0;130;0;
9332;3269020;1025609728;18788352;1096347648;0;0;0;0;0;0;0;0;0;0;0;2925;0;0;89;0;130;0;
9333;9241552;1025609728;18788352;1096347648;0;0;0;0;0;0;0;0;0;0;0;2014;0;0;89;0;130;0;
9334;4096112;1025609728;18788352;1096347648;0;0;0;0;0;0;0;0;0;0;0;2665;0;0;89;0;130;0;
9335;2465734;1025609728;18788352;1096347648;0;0;0;0;0;0;0;0;0;0;0;2345;0;0;89;0;130;0;
9336;4607811;1025609728;18788352;1096347648;0;0;0;0;0;0;0;0;0;0;0;3536;0;0;89;0;130;0;
9337;4919095;1025609728;18788352;1096347648;0;0;0;0;0;0;0;0;0;0;0;2705;0;0;89;0;130;0;
9338;4640012;1025609728;18788352;1096347648;0;0;0;0;0;0;0;0;0;0;0;3166;0;0;89;0;130;0;
9339;9997369;1025609728;18788352;1096347648;0;0;0;0;0;0;0;0;0;0;0;3236;0;0;89;0;130;0;
9340;5634937;1025609728;18788352;1096347648;0;0;0;0;0;0;0;0;0;0;0;3016;0;0;89;0;130;0;
9341;6173208;1025609728;18776064;1096335360;0;0;0;0;0;0;0;0;0;0;0;2896;0;0;89;0;130;0;
9342;4183986;1025609728;18776064;1096335360;0;0;0;0;0;0;0;0;0;0;0;3466;0;0;89;0;130;0;
9343;5514332;1025609728;18776064;1096335360;0;0;0;0;0;0;0;0;0;0;0;3937;0;0;89;0;130;0;
9344;4485973;1025609728;18776064;1096335360;0;0;0;0;0;0;0;0;0;0;0;3106;0;0;89;0;130;0;
9345;8051039;1025609728;18776064;1096335360;0;0;0;0;0;0;0;0;0;0;0;3256;0;0;89;0;130;0;
9346;5320388;1025609728;18776064;1096335360;0;0;0;0;0;0;0;0;0;0;0;3858;0;0;89;0;130;0;
9347;6809580;1025609728;18776064;1096335360;0;0;0;0;0;0;0;0;0;0;0;3266;0;0;89;0;130;0;
9348;4424227;1025609728;18776064;1096335360;0;0;0;0;0;0;0;0;0;0;0;3416;0;0;89;0;130;0;
9349;5520944;1025609728;18776064;1096335360;0;0;0;0;0;0;0;0;0;0;0;3537;0;0;89;0;130;0;
9350;5375722;1025609728;18776064;1096335360;0;0;0;0;0;0;0;0;0;0;0;3547;0;0;89;0;130;0;
9351;8831913;1025609728;18776064;1096335360;0;0;0;0;0;0;0;0;0;0;0;3416;0;0;89;0;130;0;
9352;6833295;1025609728;18776064;1096335360;0;0;0;0;0;0;0;0;0;0;0;3357;0;0;89;0;130;0;
9353;5435824;1025609728;18776064;1096335360;0;0;0;0;0;0;0;0;0;0;0;2996;0;0;89;0;130;0;
9354;4173396;1025609728;18776064;1096335360;0;0;0;0;0;0;0;0;0;0;0;2725;0;0;89;0;130;0;
9355;5070679;1025609728;18776064;1096335360;0;0;0;0;0;0;0;0;0;0;0;3126;0;0;89;0;130;0;
9356;2485541;1025609728;18776064;1096335360;0;0;0;0;0;0;0;0;0;0;0;2415;0;0;89;0;130;0;
9357;6415501;1025609728;18776064;1096335360;0;0;0;0;0;0;0;0;0;0;0;2264;0;0;89;0;130;0;
9358;6141718;1025609728;18776064;1096335360;0;0;0;0;0;0;0;0;0;0;0;3036;0;0;89;0;130;0;
9359;6174900;1025609728;18776064;1096335360;0;0;0;0;0;0;0;0;0;0;0;3897;0;0;89;0;130;0;
9360;3510182;1025609728;18776064;1096335360;0;0;0;0;0;0;0;0;0;0;0;2545;0;0;89;0;130;0;
9361;5885608;1025609728;18776064;1096335360;0;0;0;0;0;0;0;0;0;0;0;3015;0;0;89;0;130;0;
9362;4090712;1025609728;18776064;1096335360;0;0;0;0;0;0;0;0;0;0;0;3687;0;0;89;0;130;0;
9363;10147189;1025609728;18776064;1096335360;0;0;0;0;0;0;0;0;0;0;0;2946;0;0;89;0;130;0;
9364;8975312;1025609728;18776064;1096335360;0;0;0;0;0;0;0;0;0;0;0;3146;0;0;89;0;130;0;
9365;5615151;1025609728;18776064;1096335360;0;0;0;0;0;0;0;0;0;0;0;3316;0;0;89;0;130;0;
9366;5654614;1025609728;18776064;1096335360;0;0;0;0;0;0;0;0;0;0;0;2965;0;0;89;0;130;0;
9367;8495472;1025609728;18776064;1096335360;0;0;0;0;0;0;0;0;0;0;0;2865;0;0;89;0;130;0;
9368;5311992;1025609728;18776064;1096335360;0;0;0;0;0;0;0;0;0;0;0;3496;0;0;89;0;130;0;
9369;8367433;1025609728;18776064;1096335360;0;0;0;0;0;0;0;0;0;0;0;3747;0;0;89;0;130;0;
9370;8052401;1025609728;18776064;1096335360;0;0;0;0;0;0;0;0;0;0;0;3357;0;0;89;0;130;0;
9371;4884701;1025609728;18776064;1096335360;0;0;0;0;0;0;0;0;0;0;0;2906;0;0;89;0;130;0;
9372;3157952;1025609728;18776064;1096335360;0;0;0;0;0;0;0;0;0;0;0;3457;0;0;89;0;130;0;
9373;4496653;1025609728;18776064;1096335360;0;0;0;0;0;0;0;0;0;0;0;3116;0;0;89;0;130;0;
9374;5272388;1025609728;18776064;1096335360;0;0;0;0;0;0;0;0;0;0;0;3276;0;0;89;0;130;0;
9375;10557409;1025609728;18776064;1096335360;0;0;0;0;0;0;0;0;0;0;0;3457;0;0;89;0;130;0;
9376;4765458;1025609728;18776064;1096335360;0;0;0;0;0;0;0;0;0;0;0;2816;0;0;89;0;130;0;
9377;4382138;1025609728;18776064;1096335360;0;0;0;0;0;0;0;0;0;0;0;2655;0;0;89;0;130;0;
9378;2379783;1025609728;18776064;1096335360;0;0;0;0;0;0;0;0;0;0;0;2484;0;0;89;0;130;0;
9379;3802962;1025609728;18776064;1096335360;0;0;0;0;0;0;0;0;0;0;0;1413;0;0;89;0;130;0;
9380;2873378;1025609728;18776064;1096335360;0;0;0;0;0;0;0;0;0;0;0;2905;0;0;89;0;130;0;
9381;8037043;1025609728;18776064;1096335360;0;0;0;0;0;0;0;0;0;0;0;2164;0;0;89;0;130;0;
9382;4439065;1025609728;18776064;1096335360;0;0;0;0;0;0;0;0;0;0;0;3356;0;0;89;0;130;0;
9383;7390299;1025609728;18776064;1096335360;0;0;0;0;0;0;0;0;0;0;0;2865;0;0;89;0;130;0;
9384;1360591;1025609728;18776064;1096335360;0;0;0;0;0;0;0;0;0;0;0;2615;0;0;89;0;130;0;
9385;2062348;1025609728;18776064;1096335360;0;0;0;0;0;0;0;0;0;0;0;1754;0;0;89;0;130;0;
9386;3742308;1025609728;18776064;1096335360;0;0;0;0;0;0;0;0;0;0;0;2915;0;0;89;0;130;0;
9387;5512769;1025609728;18776064;1096335360;0;0;0;0;0;0;0;0;0;0;0;2695;0;0;89;0;130;0;
9388;2978055;1025609728;18776064;1096335360;0;0;0;0;0;0;0;0;0;0;0;2505;0;0;89;0;130;0;
9389;1605341;1025609728;18776064;1096335360;0;0;0;0;0;0;0;0;0;0;0;1864;0;0;89;0;130;0;
9390;3247250;1025609728;18776064;1096335360;0;0;0;0;0;0;0;0;0;0;0;2405;0;0;89;0;130;0;
9391;3956720;1025609728;18776064;1096335360;0;0;0;0;0;0;0;0;0;0;0;2495;0;0;89;0;130;0;
9392;1888632;1025609728;18776064;1096335360;0;0;0;0;0;0;0;0;0;0;0;2334;0;0;89;0;130;0;
9393;5157503;1025609728;18776064;1096335360;0;0;0;0;0;0;0;0;0;0;0;1713;0;0;89;0;130;0;
9394;3508920;1025609728;18776064;1096335360;0;0;0;0;0;0;0;0;0;0;0;3306;0;0;89;0;130;0;
9395;4043152;1025609728;18776064;1096335360;0;0;0;0;0;0;0;0;0;0;0;3066;0;0;89;0;130;0;
9396;2593644;1025609728;18776064;1096335360;0;0;0;0;0;0;0;0;0;0;0;2935;0;0;89;0;130;0;
9397;3880357;1025609728;18776064;1096335360;0;0;0;0;0;0;0;0;0;0;0;2194;0;0;89;0;130;0;
9398;1307402;1025609728;18776064;1096335360;0;0;0;0;0;0;0;0;0;0;0;2505;0;0;89;0;130;0;
9399;5137545;1025609728;18776064;1096335360;0;0;0;0;0;0;0;0;0;0;0;2375;0;0;89;0;130;0;
9400;3827418;1025609728;18776064;1096335360;0;0;0;0;0;0;0;0;0;0;0;3306;0;0;89;0;130;0;
9401;2479921;1025609728;18776064;1096335360;0;0;0;0;0;0;0;0;0;0;0;2064;0;0;89;0;130;0;
9402;3330597;1025609728;18776064;1096335360;0;0;0;0;0;0;0;0;0;0;0;3025;0;0;89;0;130;0;
9403;4597442;1025609728;18776064;1096335360;0;0;0;0;0;0;0;0;0;0;0;2835;0;0;89;0;130;0;
9404;2826541;1025609728;18776064;1096335360;0;0;0;0;0;0;0;0;0;0;0;3046;0;0;89;0;130;0;
9405;6694815;1025609728;18776064;1096335360;0;0;0;0;0;0;0;0;0;0;0;2264;0;0;89;0;130;0;
9406;4451148;1025609728;18776064;1096335360;0;0;0;0;0;0;0;0;0;0;0;2925;0;0;89;0;130;0;
9407;4065645;1025609728;18776064;1096335360;0;0;0;0;0;0;0;0;0;0;0;2174;0;0;89;0;130;0;
9408;1942313;1025609728;18776064;1096335360;0;0;0;0;0;0;0;0;0;0;0;3046;0;0;89;0;130;0;
9409;3301121;1025609728;18776064;1096335360;0;0;0;0;0;0;0;0;0;0;0;2525;0;0;89;0;130;0;
9410;2953329;1025609728;18776064;1096335360;0;0;0;0;0;0;0;0;0;0;0;2425;0;0;89;0;130;0;
9411;7787444;1025609728;18776064;1096335360;0;0;0;0;0;0;0;0;0;0;0;1943;0;0;89;0;130;0;
9412;4914817;1025609728;18776064;1096335360;0;0;0;0;0;0;0;0;0;0;0;3026;0;0;89;0;130;0;
9413;4048743;1025609728;18776064;1096335360;0;0;0;0;0;0;0;0;0;0;0;4028;0;0;89;0;130;0;
9414;3016958;1025609728;18776064;1096335360;0;0;0;0;0;0;0;0;0;0;0;2795;0;0;89;0;130;0;
9415;4082697;1025609728;18776064;1096335360;0;0;0;0;0;0;0;0;0;0;0;2815;0;0;89;0;130;0;
9416;3125071;1025609728;18776064;1096335360;0;0;0;0;0;0;0;0;0;0;0;3126;0;0;89;0;130;0;
9417;6137330;1025609728;18776064;1096335360;0;0;0;0;0;0;0;0;0;0;0;2394;0;0;89;0;130;0;
9418;3845331;1025609728;18776064;1096335360;0;0;0;0;0;0;0;0;0;0;0;2945;0;0;89;0;130;0;
9419;3922206;1025609728;18776064;1096335360;0;0;0;0;0;0;0;0;0;0;0;2795;0;0;89;0;130;0;
9420;1826556;1025609728;18776064;1096335360;0;0;0;0;0;0;0;0;0;0;0;2846;0;0;89;0;130;0;
9421;2878308;1025609728;18776064;1096335360;0;0;0;0;0;0;0;0;0;0;0;1893;0;0;89;0;130;0;
9422;2505729;1025609728;18776064;1096335360;0;0;0;0;0;0;0;0;0;0;0;2966;0;0;89;0;130;0;
9423;6350369;1025609728;18776064;1096335360;0;0;0;0;0;0;0;0;0;0;0;2916;0;0;89;0;130;0;
9424;3500996;1025609728;18776064;1096335360;0;0;0;0;0;0;0;0;0;0;0;3196;0;0;89;0;130;0;
9425;3738371;1025609728;18776064;1096335360;0;0;0;0;0;0;0;0;0;0;0;2144;0;0;89;0;130;0;
9426;1935811;1025609728;18776064;1096335360;0;0;0;0;0;0;0;0;0;0;0;3236;0;0;89;0;130;0;
9427;5083423;1025609728;18776064;1096335360;0;0;0;0;0;0;0;0;0;0;0;2945;0;0;89;0;130;0;
9428;4266482;1025609728;18776064;1096335360;0;0;0;0;0;0;0;0;0;0;0;3125;0;0;89;0;130;0;
9429;11382567;1025609728;18776064;1096335360;0;0;0;0;0;0;0;0;0;0;0;2194;0;0;89;0;130;0;
9430;4785134;1025609728;18776064;1096335360;0;0;0;0;0;0;0;0;0;0;0;2865;0;0;89;0;130;0;
9431;3985555;1025609728;18776064;1096335360;0;0;0;0;0;0;0;0;0;0;0;3046;0;0;89;0;130;0;
9432;3614268;1025609728;18776064;1096335360;0;0;0;0;0;0;0;0;0;0;0;2955;0;0;89;0;130;0;
9433;3816146;1025609728;18776064;1096335360;0;0;0;0;0;0;0;0;0;0;0;2364;0;0;89;0;130;0;
9434;3202997;1025609728;18776064;1096335360;0;0;0;0;0;0;0;0;0;0;0;2334;0;0;89;0;130;0;
9435;7044001;1025609728;18776064;1096335360;0;0;0;0;0;0;0;0;0;0;0;3096;0;0;89;0;130;0;
9436;4698912;1025609728;18776064;1096335360;0;0;0;0;0;0;0;0;0;0;0;3246;0;0;89;0;130;0;
9437;4431240;1025609728;18776064;1096335360;0;0;0;0;0;0;0;0;0;0;0;2444;0;0;89;0;130;0;
9438;3296993;1025609728;18776064;1096335360;0;0;0;0;0;0;0;0;0;0;0;3206;0;0;89;0;130;0;
9439;4538652;1025609728;18776064;1096335360;0;0;0;0;0;0;0;0;0;0;0;2945;0;0;89;0;130;0;
9440;2620314;1025609728;18776064;1096335360;0;0;0;0;0;0;0;0;0;0;0;2324;0;0;89;0;130;0;
9441;5310209;1025609728;18776064;1096335360;0;0;0;0;0;0;0;0;0;0;0;2174;0;0;89;0;130;0;
9442;2956114;1025609728;18776064;1096335360;0;0;0;0;0;0;0;0;0;0;0;3146;0;0;89;0;130;0;
9443;7233205;1025609728;18776064;1096335360;0;0;0;0;0;0;0;0;0;0;0;3076;0;0;89;0;130;0;
9444;2522320;1025609728;18776064;1096335360;0;0;0;0;0;0;0;0;0;0;0;3276;0;0;89;0;130;0;
9445;3214549;1025609728;18776064;1096335360;0;0;0;0;0;0;0;0;0;0;0;2995;0;0;89;0;130;0;
9446;4052971;1025609728;18776064;1096335360;0;0;0;0;0;0;0;0;0;0;0;3006;0;0;89;0;130;0;
9447;7939420;1025609728;18776064;1096335360;0;0;0;0;0;0;0;0;0;0;0;2845;0;0;89;0;130;0;
9448;5154406;1025609728;18776064;1096335360;0;0;0;0;0;0;0;0;0;0;0;3226;0;0;89;0;130;0;
9449;6750560;1025609728;18776064;1096335360;0;0;0;0;0;0;0;0;0;0;0;2775;0;0;89;0;130;0;
9450;3284159;1025609728;18776064;1096335360;0;0;0;0;0;0;0;0;0;0;0;2445;0;0;89;0;130;0;
9451;4171974;1025609728;18776064;1096335360;0;0;0;0;0;0;0;0;0;0;0;2444;0;0;89;0;130;0;
9452;2739498;1025609728;18776064;1096335360;0;0;0;0;0;0;0;0;0;0;0;3166;0;0;89;0;130;0;
9453;9612617;1025609728;18776064;1096335360;0;0;0;0;0;0;0;0;0;0;0;2554;0;0;89;0;130;0;
9454;4972165;1025609728;18776064;1096335360;0;0;0;0;0;0;0;0;0;0;0;2926;0;0;89;0;130;0;
9455;3473163;1025609728;18776064;1096335360;0;0;0;0;0;0;0;0;0;0;0;2274;0;0;89;0;130;0;
9456;4503926;1025609728;18776064;1096335360;0;0;0;0;0;0;0;0;0;0;0;3517;0;0;89;0;130;0;
9457;5770752;1025609728;18776064;1096335360;0;0;0;0;0;0;0;0;0;0;0;2705;0;0;89;0;130;0;
9458;3695059;1025609728;18776064;1096335360;0;0;0;0;0;0;0;0;0;0;0;2705;0;0;89;0;130;0;
9459;9885710;1025609728;18776064;1096335360;0;0;0;0;0;0;0;0;0;0;0;2705;0;0;89;0;130;0;
9460;4657194;1025609728;18776064;1096335360;0;0;0;0;0;0;0;0;0;0;0;3176;0;0;89;0;130;0;
9461;2485892;1025609728;18776064;1096335360;0;0;0;0;0;0;0;0;0;0;0;3256;0;0;89;0;130;0;
9462;4170922;1025609728;18776064;1096335360;0;0;0;0;0;0;0;0;0;0;0;2825;0;0;89;0;130;0;
9463;4070263;1025609728;18776064;1096335360;0;0;0;0;0;0;0;0;0;0;0;2796;0;0;89;0;130;0;
9464;3733031;1025609728;18776064;1096335360;0;0;0;0;0;0;0;0;0;0;0;2615;0;0;89;0;130;0;
9465;6528323;1025609728;18776064;1096335360;0;0;0;0;0;0;0;0;0;0;0;2004;0;0;89;0;130;0;
9466;6220876;1025609728;18776064;1096335360;0;0;0;0;0;0;0;0;0;0;0;3086;0;0;89;0;130;0;
9467;3671816;1025609728;18776064;1096335360;0;0;0;0;0;0;0;0;0;0;0;2245;0;0;89;0;130;0;
9468;2947688;1025609728;18776064;1096335360;0;0;0;0;0;0;0;0;0;0;0;2514;0;0;89;0;130;0;
9469;5834743;1025609728;18776064;1096335360;0;0;0;0;0;0;0;0;0;0;0;2705;0;0;89;0;130;0;
9470;5770291;1025609728;18776064;1096335360;0;0;0;0;0;0;0;0;0;0;0;4098;0;0;89;0;130;0;
9471;8115250;1025609728;18776064;1096335360;0;0;0;0;0;0;0;0;0;0;0;2304;0;0;89;0;130;0;
9472;7972151;1025609728;18776064;1096335360;0;0;0;0;0;0;0;0;0;0;0;2976;0;0;89;0;130;0;
9473;4218361;1025609728;18776064;1096335360;0;0;0;0;0;0;0;0;0;0;0;2114;0;0;89;0;130;0;
9474;4944893;1025609728;18776064;1096335360;0;0;0;0;0;0;0;0;0;0;0;2565;0;0;89;0;130;0;
9475;4721515;1025609728;18776064;1096335360;0;0;0;0;0;0;0;0;0;0;0;3276;0;0;89;0;130;0;
9476;2132610;1025609728;18776064;1096335360;0;0;0;0;0;0;0;0;0;0;0;2175;0;0;89;0;130;0;
9477;7294429;1025609728;18776064;1096335360;0;0;0;0;0;0;0;0;0;0;0;2134;0;0;89;0;130;0;
9478;5992077;1025609728;18776064;1096335360;0;0;0;0;0;0;0;0;0;0;0;2785;0;0;89;0;130;0;
9479;4445006;1025609728;18776064;1096335360;0;0;0;0;0;0;0;0;0;0;0;2274;0;0;89;0;130;0;
9480;4453552;1025609728;18776064;1096335360;0;0;0;0;0;0;0;0;0;0;0;3115;0;0;89;0;130;0;
9481;3694208;1025609728;18776064;1096335360;0;0;0;0;0;0;0;0;0;0;0;2434;0;0;89;0;130;0;
9482;1879435;1025609728;18776064;1096335360;0;0;0;0;0;0;0;0;0;0;0;2094;0;0;89;0;130;0;
9483;9020327;1025609728;18776064;1096335360;0;0;0;0;0;0;0;0;0;0;0;2464;0;0;89;0;130;0;
9484;4547138;1025609728;18776064;1096335360;0;0;0;0;0;0;0;0;0;0;0;2785;0;0;89;0;130;0;
9485;3618215;1025609728;18776064;1096335360;0;0;0;0;0;0;0;0;0;0;0;2424;0;0;89;0;130;0;
9486;4224082;1025609728;18776064;1096335360;0;0;0;0;0;0;0;0;0;0;0;3046;0;0;89;0;130;0;
9487;4100851;1025609728;18776064;1096335360;0;0;0;0;0;0;0;0;0;0;0;2795;0;0;89;0;130;0;
9488;2912342;1025609728;18776064;1096335360;0;0;0;0;0;0;0;0;0;0;0;2535;0;0;89;0;130;0;
9489;7923990;1025609728;18776064;1096335360;0;0;0;0;0;0;0;0;0;0;0;1793;0;0;89;0;130;0;
9490;5893623;1025609728;18776064;1096335360;0;0;0;0;0;0;0;0;0;0;0;3376;0;0;89;0;130;0;
9491;2483858;1025609728;18776064;1096335360;0;0;0;0;0;0;0;0;0;0;0;1663;0;0;89;0;130;0;
9492;2172384;1025609728;18776064;1096335360;0;0;0;0;0;0;0;0;0;0;0;1704;0;0;89;0;130;0;
9493;2744237;1025609728;18776064;1096335360;0;0;0;0;0;0;0;0;0;0;0;1973;0;0;89;0;130;0;
9494;4037842;1025609728;18776064;1096335360;0;0;0;0;0;0;0;0;0;0;0;3396;0;0;89;0;130;0;
9495;8620847;1025609728;18776064;1096335360;0;0;0;0;0;0;0;0;0;0;0;2104;0;0;89;0;130;0;
9496;6053503;1025609728;18776064;1096335360;0;0;0;0;0;0;0;0;0;0;0;3867;0;0;89;0;130;0;
9497;4455486;1025609728;18776064;1096335360;0;0;0;0;0;0;0;0;0;0;0;2925;0;0;89;0;130;0;
9498;3724755;1025609728;18776064;1096335360;0;0;0;0;0;0;0;0;0;0;0;2535;0;0;89;0;130;0;
9499;2881203;1025609728;18776064;1096335360;0;0;0;0;0;0;0;0;0;0;0;1894;0;0;89;0;130;0;
9500;4559090;1025609728;18776064;1096335360;0;0;0;0;0;0;0;0;0;0;0;2865;0;0;89;0;130;0;
9501;8659910;1025609728;18776064;1096335360;0;0;0;0;0;0;0;0;0;0;0;2384;0;0;89;0;130;0;
9502;5597397;1025609728;18776064;1096335360;0;0;0;0;0;0;0;0;0;0;0;3236;0;0;89;0;130;0;
9503;5341637;1025609728;18776064;1096335360;0;0;0;0;0;0;0;0;0;0;0;2384;0;0;89;0;130;0;
9504;3390349;1025609728;18776064;1096335360;0;0;0;0;0;0;0;0;0;0;0;3778;0;0;89;0;130;0;
9505;2729209;1025609728;18776064;1096335360;0;0;0;0;0;0;0;0;0;0;0;2344;0;0;89;0;130;0;
9506;3208497;1025609728;18776064;1096335360;0;0;0;0;0;0;0;0;0;0;0;2816;0;0;89;0;130;0;
9507;8139124;1025609728;18776064;1096335360;0;0;0;0;0;0;0;0;0;0;0;2675;0;0;89;0;130;0;
9508;4477427;1025609728;18776064;1096335360;0;0;0;0;0;0;0;0;0;0;0;3717;0;0;89;0;130;0;
9509;3827518;1025609728;18776064;1096335360;0;0;0;0;0;0;0;0;0;0;0;2325;0;0;89;0;130;0;
9510;3052554;1025609728;18776064;1096335360;0;0;0;0;0;0;0;0;0;0;0;3396;0;0;89;0;130;0;
9511;3378075;1025609728;18776064;1096335360;0;0;0;0;0;0;0;0;0;0;0;3025;0;0;89;0;130;0;
9512;1866831;1025609728;18776064;1096335360;0;0;0;0;0;0;0;0;0;0;0;3566;0;0;89;0;130;0;
9513;5023811;1025609728;18776064;1096335360;0;0;0;0;0;0;0;0;0;0;0;2103;0;0;89;0;130;0;
9514;4964560;1025609728;18776064;1096335360;0;0;0;0;0;0;0;0;0;0;0;2796;0;0;89;0;130;0;
9515;4521119;1025609728;18776064;1096335360;0;0;0;0;0;0;0;0;0;0;0;2765;0;0;89;0;130;0;
9516;1527936;1025609728;18776064;1096335360;0;0;0;0;0;0;0;0;0;0;0;2715;0;0;89;0;130;0;
9517;2476514;1025609728;18776064;1096335360;0;0;0;0;0;0;0;0;0;0;0;1983;0;0;89;0;130;0;
9518;2241735;1025609728;18776064;1096335360;0;0;0;0;0;0;0;0;0;0;0;3487;0;0;89;0;130;0;
9519;8473712;1025609728;18776064;1096335360;0;0;0;0;0;0;0;0;0;0;0;3437;0;0;89;0;130;0;
9520;7011259;1025609728;18776064;1096335360;0;0;0;0;0;0;0;0;0;0;0;3687;0;0;89;0;130;0;
9521;3525161;1025609728;18776064;1096335360;0;0;0;0;0;0;0;0;0;0;0;3005;0;0;89;0;130;0;
9522;2166322;1025609728;18776064;1096335360;0;0;0;0;0;0;0;0;0;0;0;3076;0;0;89;0;130;0;
9523;4386306;1025609728;18776064;1096335360;0;0;0;0;0;0;0;0;0;0;0;2955;0;0;89;0;130;0;
9524;4356260;1025609728;18776064;1096335360;0;0;0;0;0;0;0;0;0;0;0;3447;0;0;89;0;130;0;
9525;5842376;1025609728;18776064;1096335360;0;0;0;0;0;0;0;0;0;0;0;2154;0;0;89;0;130;0;
9526;7022690;1025609728;18776064;1096335360;0;0;0;0;0;0;0;0;0;0;0;3246;0;0;89;0;130;0;
9527;3304307;1025609728;18776064;1096335360;0;0;0;0;0;0;0;0;0;0;0;2235;0;0;89;0;130;0;
9528;1574503;1025609728;18776064;1096335360;0;0;0;0;0;0;0;0;0;0;0;2315;0;0;89;0;130;0;
9529;2419036;1025609728;18776064;1096335360;0;0;0;0;0;0;0;0;0;0;0;1703;0;0;89;0;130;0;
9530;1710648;1025609728;18776064;1096335360;0;0;0;0;0;0;0;0;0;0;0;2765;0;0;89;0;130;0;
9531;7819936;1025609728;18776064;1096335360;0;0;0;0;0;0;0;0;0;0;0;2194;0;0;89;0;130;0;
9532;4800252;1025609728;18776064;1096335360;0;0;0;0;0;0;0;0;0;0;0;3156;0;0;89;0;130;0;
9533;4470534;1025609728;18776064;1096335360;0;0;0;0;0;0;0;0;0;0;0;3156;0;0;89;0;130;0;
9534;2850686;1025609728;18776064;1096335360;0;0;0;0;0;0;0;0;0;0;0;120687;0;0;89;0;130;0;
9535;2321213;1025609728;18776064;1096335360;0;0;0;0;0;0;0;0;0;0;0;2585;0;0;89;0;130;0;
9536;3915743;1025609728;18776064;1096335360;0;0;0;0;0;0;0;0;0;0;0;2966;0;0;89;0;130;0;
9537;8160644;1025609728;18776064;1096335360;0;0;0;0;0;0;0;0;0;0;0;2525;0;0;89;0;130;0;
9538;5752247;1025609728;18776064;1096335360;0;0;0;0;0;0;0;0;0;0;0;3607;0;0;89;0;130;0;
9539;3223796;1025609728;18776064;1096335360;0;0;0;0;0;0;0;0;0;0;0;3056;0;0;89;0;130;0;
9540;3960287;1025609728;18776064;1096335360;0;0;0;0;0;0;0;0;0;0;0;3236;0;0;89;0;130;0;
9541;5116164;1025609728;18776064;1096335360;0;0;0;0;0;0;0;0;0;0;0;3787;0;0;89;0;130;0;
9542;4369365;1025609728;18776064;1096335360;0;0;0;0;0;0;0;0;0;0;0;2965;0;0;89;0;130;0;
9543;9673862;1025609728;18776064;1096335360;0;0;0;0;0;0;0;0;0;0;0;3587;0;0;89;0;130;0;
9544;3867193;1025609728;18776064;1096335360;0;0;0;0;0;0;0;0;0;0;0;2685;0;0;89;0;130;0;
9545;4429377;1025609728;18776064;1096335360;0;0;0;0;0;0;0;0;0;0;0;2225;0;0;89;0;130;0;
9546;3036053;1025609728;18776064;1096335360;0;0;0;0;0;0;0;0;0;0;0;2465;0;0;89;0;130;0;
9547;3664202;1025609728;18776064;1096335360;0;0;0;0;0;0;0;0;0;0;0;2354;0;0;89;0;130;0;
9548;1719675;1025609728;18776064;1096335360;0;0;0;0;0;0;0;0;0;0;0;2465;0;0;89;0;130;0;
9549;7869408;1025609728;18776064;1096335360;0;0;0;0;0;0;0;0;0;0;0;2765;0;0;89;0;130;0;
9550;4742534;1025609728;18776064;1096335360;0;0;0;0;0;0;0;0;0;0;0;2855;0;0;89;0;130;0;
9551;3339353;1025609728;18776064;1096335360;0;0;0;0;0;0;0;0;0;0;0;2014;0;0;89;0;130;0;
9552;4407486;1025609728;18776064;1096335360;0;0;0;0;0;0;0;0;0;0;0;2896;0;0;89;0;130;0;
9553;7285844;1025609728;18776064;1096335360;0;0;0;0;0;0;0;0;0;0;0;4178;0;0;89;0;131;0;
9554;3366142;1025609728;18776064;1096335360;0;0;0;0;0;0;0;0;0;0;0;3647;0;0;89;0;131;0;
9555;8201691;1025609728;18776064;1096335360;0;0;0;0;0;0;0;0;0;0;0;3206;0;0;89;0;131;0;
9556;3099994;1025609728;18776064;1096335360;0;0;0;0;0;0;0;0;0;0;0;3266;0;0;89;0;131;0;
9557;3482932;1025609728;18776064;1096335360;0;0;0;0;0;0;0;0;0;0;0;1974;0;0;89;0;131;0;
9558;3453778;1025609728;18776064;1096335360;0;0;0;0;0;0;0;0;0;0;0;3307;0;0;89;0;131;0;
9559;5016188;1025609728;18776064;1096335360;0;0;0;0;0;0;0;0;0;0;0;3136;0;0;89;0;131;0;
9560;2871045;1025609728;18776064;1096335360;0;0;0;0;0;0;0;0;0;0;0;2625;0;0;89;0;131;0;
9561;7227825;1025609728;18776064;1096335360;0;0;0;0;0;0;0;0;0;0;0;2084;0;0;89;0;131;0;
9562;2743084;1025609728;18776064;1096335360;0;0;0;0;0;0;0;0;0;0;0;3016;0;0;89;0;131;0;
9563;2798939;1025609728;18776064;1096335360;0;0;0;0;0;0;0;0;0;0;0;3026;0;0;89;0;132;0;
9564;2662263;1025609728;18776064;1096335360;0;0;0;0;0;0;0;0;0;0;0;28243;0;0;89;0;132;0;
9565;3238433;1025609728;18776064;1096335360;0;0;0;0;0;0;0;0;0;0;0;2925;0;0;89;0;132;0;
9566;3309757;1025609728;18776064;1096335360;0;0;0;0;0;0;0;0;0;0;0;3957;0;0;89;0;132;0;
9567;7945652;1025609728;18776064;1096335360;0;0;0;0;0;0;0;0;0;0;0;3086;0;0;89;0;132;0;
9568;5279652;1025609728;18776064;1096335360;0;0;0;0;0;0;0;0;0;0;0;2755;0;0;89;0;132;0;
9569;4100710;1025609728;18776064;1096335360;0;0;0;0;0;0;0;0;0;0;0;2565;0;0;89;0;132;0;
9570;2391374;1025609728;18776064;1096335360;0;0;0;0;0;0;0;0;0;0;0;3026;0;0;89;0;132;0;
9571;3733171;1025609728;18776064;1096335360;0;0;0;0;0;0;0;0;0;0;0;2524;0;0;89;0;132;0;
9572;4156365;1025609728;18776064;1096335360;0;0;0;0;0;0;0;0;0;0;0;3066;0;0;89;0;132;0;
9573;7816269;1025609728;18776064;1096335360;0;0;0;0;0;0;0;0;0;0;0;3556;0;0;89;0;132;0;
9574;7381464;1025609728;18776064;1096335360;0;0;0;0;0;0;0;0;0;0;0;3166;0;0;89;0;132;0;
9575;5443458;1025609728;18776064;1096335360;0;0;0;0;0;0;0;0;0;0;0;3457;0;0;89;0;132;0;
9576;2194946;1025609728;18776064;1096335360;0;0;0;0;0;0;0;0;0;0;0;2665;0;0;89;0;132;0;
9577;3222714;1025609728;18776064;1096335360;0;0;0;0;0;0;0;0;0;0;0;3316;0;0;89;0;132;0;
9578;1294848;1025609728;18776064;1096335360;0;0;0;0;0;0;0;0;0;0;0;2425;0;0;89;0;132;0;
9579;8418158;1025609728;18776064;1096335360;0;0;0;0;0;0;0;0;0;0;0;1753;0;0;89;0;132;0;
9580;3830333;1025609728;18776064;1096335360;0;0;0;0;0;0;0;0;0;0;0;2766;0;0;89;0;132;0;
9581;4681650;1025609728;18776064;1096335360;0;0;0;0;0;0;0;0;0;0;0;3627;0;0;89;0;132;0;
9582;1328572;1025609728;18776064;1096335360;0;0;0;0;0;0;0;0;0;0;0;2685;0;0;89;0;132;0;
9583;5946162;1025609728;18776064;1096335360;0;0;0;0;0;0;0;0;0;0;0;2725;0;0;89;0;132;0;
9584;3092810;1025609728;18776064;1096335360;0;0;0;0;0;0;0;0;0;0;0;3085;0;0;89;0;132;0;
9585;8019179;1025609728;18776064;1096335360;0;0;0;0;0;0;0;0;0;0;0;2946;0;0;89;0;132;0;
9586;5279852;1025609728;18776064;1096335360;0;0;0;0;0;0;0;0;0;0;0;2766;0;0;89;0;132;0;
9587;5295952;1025609728;18776064;1096335360;0;0;0;0;0;0;0;0;0;0;0;2665;0;0;89;0;132;0;
9588;2300123;1025609728;18776064;1096335360;0;0;0;0;0;0;0;0;0;0;0;3136;0;0;89;0;132;0;
9589;4787538;1025609728;18776064;1096335360;0;0;0;0;0;0;0;0;0;0;0;3427;0;0;89;0;132;0;
9590;2621346;1025609728;18776064;1096335360;0;0;0;0;0;0;0;0;0;0;0;2926;0;0;89;0;132;0;
9591;9706072;1025609728;18776064;1096335360;0;0;0;0;0;0;0;0;0;0;0;2836;0;0;89;0;132;0;
9592;5107108;1025609728;18776064;1096335360;0;0;0;0;0;0;0;0;0;0;0;3526;0;0;89;0;132;0;
9593;3009795;1025609728;18776064;1096335360;0;0;0;0;0;0;0;0;0;0;0;2465;0;0;89;0;132;0;
9594;1371592;1025609728;18776064;1096335360;0;0;0;0;0;0;0;0;0;0;0;2254;0;0;89;0;132;0;
9595;1666355;1025609728;18776064;1096335360;0;0;0;0;0;0;0;0;0;0;0;1633;0;0;89;0;132;0;
9596;2298992;1025609728;18776064;1096335360;0;0;0;0;0;0;0;0;0;0;0;2825;0;0;89;0;132;0;
9597;6217220;1025609728;18776064;1096335360;0;0;0;0;0;0;0;0;0;0;0;2124;0;0;89;0;132;0;
9598;3642010;1025609728;18776064;1096335360;0;0;0;0;0;0;0;0;0;0;0;3136;0;0;89;0;132;0;
9599;4759015;1025609728;18776064;1096335360;0;0;0;0;0;0;0;0;0;0;0;2325;0;0;89;0;132;0;
9600;2833163;1025609728;18776064;1096335360;0;0;0;0;0;0;0;0;0;0;0;2555;0;0;89;0;132;0;
9601;2887705;1025609728;18776064;1096335360;0;0;0;0;0;0;0;0;0;0;0;1633;0;0;89;0;132;0;
9602;2109196;1025609728;18776064;1096335360;0;0;0;0;0;0;0;0;0;0;0;2635;0;0;89;0;132;0;
9603;6222519;1025609728;18776064;1096335360;0;0;0;0;0;0;0;0;0;0;0;2004;0;0;89;0;132;0;
9604;4056658;1025609728;18776064;1096335360;0;0;0;0;0;0;0;0;0;0;0;2856;0;0;89;0;132;0;
9605;3539127;1025609728;18776064;1096335360;0;0;0;0;0;0;0;0;0;0;0;1793;0;0;89;0;132;0;
9606;1914350;1025609728;18776064;1096335360;0;0;0;0;0;0;0;0;0;0;0;1963;0;0;89;0;132;0;
9607;2214263;1025609728;18776064;1096335360;0;0;0;0;0;0;0;0;0;0;0;1693;0;0;89;0;132;0;
9608;2770296;1025609728;18776064;1096335360;0;0;0;0;0;0;0;0;0;0;0;2184;0;0;89;0;132;0;
9609;6096935;1025609728;18776064;1096335360;0;0;0;0;0;0;0;0;0;0;0;1794;0;0;89;0;132;0;
9610;7446144;1025609728;18776064;1096335360;0;0;0;0;0;0;0;0;0;0;0;3757;0;0;89;0;134;0;
9611;4007075;1025609728;18776064;1096335360;0;0;0;0;0;0;0;0;0;0;0;2495;0;0;89;0;134;0;
9612;3315818;1025609728;18776064;1096335360;0;0;0;0;0;0;0;0;0;0;0;2325;0;0;89;0;134;0;
9613;4545645;1025609728;18776064;1096335360;0;0;0;0;0;0;0;0;0;0;0;2214;0;0;89;0;134;0;
9614;3180514;1025609728;18776064;1096335360;0;0;0;0;0;0;0;0;0;0;0;2695;0;0;89;0;135;0;
9615;6212581;1025609728;18776064;1096335360;0;0;0;0;0;0;0;0;0;0;0;1623;0;0;89;0;135;0;
9616;6415431;1025609728;18776064;1096335360;0;0;0;0;0;0;0;0;0;0;0;2795;0;0;89;0;135;0;
9617;3573171;1025609728;18776064;1096335360;0;0;0;0;0;0;0;0;0;0;0;2655;0;0;89;0;135;0;
9618;2261832;1025609728;18776064;1096335360;0;0;0;0;0;0;0;0;0;0;0;2234;0;0;89;0;135;0;
9619;2579457;1025609728;18776064;1096335360;0;0;0;0;0;0;0;0;0;0;0;1663;0;0;89;0;135;0;
9620;3696673;1025609728;18776064;1096335360;0;0;0;0;0;0;0;0;0;0;0;2355;0;0;89;0;135;0;
9621;6731313;1025609728;18776064;1096335360;0;0;0;0;0;0;0;0;0;0;0;2104;0;0;89;0;135;0;
9622;3626521;1025609728;18776064;1096335360;0;0;0;0;0;0;0;0;0;0;0;3056;0;0;89;0;135;0;
9623;4181933;1025609728;18776064;1096335360;0;0;0;0;0;0;0;0;0;0;0;1853;0;0;89;0;135;0;
9624;3201224;1025609728;18776064;1096335360;0;0;0;0;0;0;0;0;0;0;0;2205;0;0;89;0;135;0;
9625;3642952;1025609728;18776064;1096335360;0;0;0;0;0;0;0;0;0;0;0;1974;0;0;89;0;135;0;
9626;3480117;1025609728;18776064;1096335360;0;0;0;0;0;0;0;0;0;0;0;3647;0;0;89;0;137;0;
9627;5329895;1025609728;18776064;1096335360;0;0;0;0;0;0;0;0;0;0;0;1442;0;0;89;0;137;0;
9628;4519986;1025609728;18776064;1096335360;0;0;0;0;0;0;0;0;0;0;0;2725;0;0;89;0;137;0;
9629;4478299;1025609728;18776064;1096335360;0;0;0;0;0;0;0;0;0;0;0;2454;0;0;89;0;137;0;
9630;1847545;1025609728;18776064;1096335360;0;0;0;0;0;0;0;0;0;0;0;2514;0;0;89;0;138;0;
9631;1987447;1025609728;18776064;1096335360;0;0;0;0;0;0;0;0;0;0;0;1282;0;0;89;0;138;0;
9632;2631264;1025609728;18776064;1096335360;0;0;0;0;0;0;0;0;0;0;0;1713;0;0;89;0;138;0;
9633;5436686;1025609728;18776064;1096335360;0;0;0;0;0;0;0;0;0;0;0;1934;0;0;89;0;138;0;
9634;2411282;1025609728;18776064;1096335360;0;0;0;0;0;0;0;0;0;0;0;2314;0;0;89;0;138;0;
9635;2319260;1025609728;18776064;1096335360;0;0;0;0;0;0;0;0;0;0;0;1723;0;0;89;0;138;0;
9636;1924559;1025609728;18776064;1096335360;0;0;0;0;0;0;0;0;0;0;0;1473;0;0;89;0;138;0;
9637;2499748;1025609728;18776064;1096335360;0;0;0;0;0;0;0;0;0;0;0;1312;0;0;89;0;138;0;
9638;2579237;1025609728;18776064;1096335360;0;0;0;0;0;0;0;0;0;0;0;1553;0;0;89;0;138;0;
9639;6345911;1025609728;18776064;1096335360;0;0;0;0;0;0;0;0;0;0;0;1583;0;0;89;0;138;0;
9640;3324805;1025609728;18776064;1096335360;0;0;0;0;0;0;0;0;0;0;0;2074;0;0;89;0;138;0;
9641;2522380;1025609728;18776064;1096335360;0;0;0;0;0;0;0;0;0;0;0;2504;0;0;89;0;139;0;
9642;1786411;1025609728;18776064;1096335360;0;0;0;0;0;0;0;0;0;0;0;1482;0;0;89;0;139;0;
9643;2111590;1025609728;18776064;1096335360;0;0;0;0;0;0;0;0;0;0;0;1553;0;0;89;0;139;0;
9644;2327425;1025609728;18776064;1096335360;0;0;0;0;0;0;0;0;0;0;0;1613;0;0;89;0;139;0;
9645;6969180;1025609728;18776064;1096335360;0;0;0;0;0;0;0;0;0;0;0;1724;0;0;89;0;139;0;
9646;2943440;1025609728;18776064;1096335360;0;0;0;0;0;0;0;0;0;0;0;2074;0;0;89;0;139;0;
9647;2193413;1025609728;18776064;1096335360;0;0;0;0;0;0;0;0;0;0;0;1673;0;0;89;0;139;0;
9648;2475663;1025609728;18776064;1096335360;0;0;0;0;0;0;0;0;0;0;0;1803;0;0;89;0;139;0;
9649;2671801;1025609728;18776064;1096335360;0;0;0;0;0;0;0;0;0;0;0;1903;0;0;89;0;139;0;
9650;2331082;1025609728;18776064;1096335360;0;0;0;0;0;0;0;0;0;0;0;1392;0;0;89;0;139;0;
9651;5635219;1025609728;18776064;1096335360;0;0;0;0;0;0;0;0;0;0;0;1543;0;0;89;0;139;0;
9652;3856703;1025609728;18776064;1096335360;0;0;0;0;0;0;0;0;0;0;0;2585;0;0;89;0;139;0;
9653;2515898;1025609728;18776064;1096335360;0;0;0;0;0;0;0;0;0;0;0;1804;0;0;89;0;139;0;
9654;1256045;1025609728;18776064;1096335360;0;0;0;0;0;0;0;0;0;0;0;1783;0;0;89;0;139;0;
9655;3286133;1025609728;18776064;1096335360;0;0;0;0;0;0;0;0;0;0;0;1643;0;0;89;0;139;0;
9656;3525932;1025609728;18776064;1096335360;0;0;0;0;0;0;0;0;0;0;0;1724;0;0;89;0;139;0;
9657;9904925;1025609728;18776064;1096335360;0;0;0;0;0;0;0;0;0;0;0;1683;0;0;89;0;139;0;
9658;12673798;1025609728;18776064;1096335360;0;0;0;0;0;0;0;0;0;0;0;4398;0;0;89;0;139;0;
9659;4027383;1025609728;18776064;1096335360;0;0;0;0;0;0;0;0;0;0;0;1923;0;0;89;0;139;0;
9660;2941036;1025609728;18776064;1096335360;0;0;0;0;0;0;0;0;0;0;0;1934;0;0;89;0;139;0;
9661;3912227;1025609728;18776064;1096335360;0;0;0;0;0;0;0;0;0;0;0;2054;0;0;89;0;139;0;
9662;3443098;1025609728;18776064;1096335360;0;0;0;0;0;0;0;0;0;0;0;2124;0;0;89;0;139;0;
9663;8841130;1025609728;18776064;1096335360;0;0;0;0;0;0;0;0;0;0;0;2645;0;0;89;0;140;0;
9664;5088944;1025609728;18776064;1096335360;0;0;0;0;0;0;0;0;0;0;0;3025;0;0;89;0;140;0;
9665;4704994;1025609728;18776064;1096335360;0;0;0;0;0;0;0;0;0;0;0;2013;0;0;89;0;140;0;
9666;4763353;1025609728;18776064;1096335360;0;0;0;0;0;0;0;0;0;0;0;2525;0;0;89;0;140;0;
9667;4064783;1025609728;18776064;1096335360;0;0;0;0;0;0;0;0;0;0;0;1964;0;0;89;0;140;0;
9668;4660610;1025609728;18776064;1096335360;0;0;0;0;0;0;0;0;0;0;0;1933;0;0;89;0;140;0;
9669;7441847;1025609728;18776064;1096335360;0;0;0;0;0;0;0;0;0;0;0;1744;0;0;89;0;140;0;
9670;3485356;1025609728;18776064;1096335360;0;0;0;0;0;0;0;0;0;0;0;2314;0;0;89;0;140;0;
9671;1796739;1025609728;18776064;1096335360;0;0;0;0;0;0;0;0;0;0;0;1442;0;0;89;0;140;0;
9672;2019908;1025609728;18776064;1096335360;0;0;0;0;0;0;0;0;0;0;0;1653;0;0;89;0;140;0;
9673;3460280;1025609728;18776064;1096335360;0;0;0;0;0;0;0;0;0;0;0;1694;0;0;89;0;140;0;
9674;3587578;1025609728;18776064;1096335360;0;0;0;0;0;0;0;0;0;0;0;2945;0;0;89;0;140;0;
9675;9740858;1025609728;18776064;1096335360;0;0;0;0;0;0;0;0;0;0;0;1883;0;0;89;0;140;0;
9676;3644255;1025609728;18776064;1096335360;0;0;0;0;0;0;0;0;0;0;0;2334;0;0;89;0;140;0;
9677;4039516;1025609728;18776064;1096335360;0;0;0;0;0;0;0;0;0;0;0;1593;0;0;89;0;140;0;
9678;2812555;1025609728;18776064;1096335360;0;0;0;0;0;0;0;0;0;0;0;1813;0;0;89;0;140;0;
9679;5847005;1025609728;18776064;1096335360;0;0;0;0;0;0;0;0;0;0;0;2014;0;0;89;0;140;0;
9680;3774979;1025609728;18776064;1096335360;0;0;0;0;0;0;0;0;0;0;0;2084;0;0;89;0;140;0;
9681;11093294;1025609728;18776064;1096335360;0;0;0;0;0;0;0;0;0;0;0;3016;0;0;89;0;140;0;
9682;3913760;1025609728;18776064;1096335360;0;0;0;0;0;0;0;0;0;0;0;2204;0;0;89;0;140;0;
9683;4009529;1025609728;18776064;1096335360;0;0;0;0;0;0;0;0;0;0;0;2695;0;0;89;0;140;0;
9684;3835693;1025609728;18776064;1096335360;0;0;0;0;0;0;0;0;0;0;0;2144;0;0;89;0;140;0;
9685;4504047;1025609728;18776064;1096335360;0;0;0;0;0;0;0;0;0;0;0;1874;0;0;89;0;140;0;
9686;3964094;1025609728;18776064;1096335360;0;0;0;0;0;0;0;0;0;0;0;1863;0;0;89;0;140;0;
9687;6279216;1025609728;18776064;1096335360;0;0;0;0;0;0;0;0;0;0;0;1743;0;0;89;0;140;0;
9688;4915979;1025609728;18776064;1096335360;0;0;0;0;0;0;0;0;0;0;0;2475;0;0;89;0;140;0;
9689;3820194;1025609728;18776064;1096335360;0;0;0;0;0;0;0;0;0;0;0;1573;0;0;89;0;140;0;
9690;3971618;1025609728;18776064;1096335360;0;0;0;0;0;0;0;0;0;0;0;1823;0;0;89;0;140;0;
9691;4862148;1025609728;18776064;1096335360;0;0;0;0;0;0;0;0;0;0;0;1974;0;0;89;0;140;0;
9692;3450331;1025609728;18776064;1096335360;0;0;0;0;0;0;0;0;0;0;0;1823;0;0;89;0;140;0;
9693;7210392;1025609728;18776064;1096335360;0;0;0;0;0;0;0;0;0;0;0;1843;0;0;89;0;140;0;
9694;4016843;1025609728;18776064;1096335360;0;0;0;0;0;0;0;0;0;0;0;3377;0;0;89;0;140;0;
9695;4486624;1025609728;18776064;1096335360;0;0;0;0;0;0;0;0;0;0;0;1883;0;0;89;0;140;0;
9696;2142838;1025609728;18776064;1096335360;0;0;0;0;0;0;0;0;0;0;0;1813;0;0;89;0;140;0;
9697;2494719;1025609728;18776064;1096335360;0;0;0;0;0;0;0;0;0;0;0;1643;0;0;89;0;140;0;
9698;2330541;1025609728;18776064;1096335360;0;0;0;0;0;0;0;0;0;0;0;2445;0;0;89;0;140;0;
9699;8459705;1025609728;18776064;1096335360;0;0;0;0;0;0;0;0;0;0;0;1753;0;0;89;0;140;0;
9700;4039696;1025609728;18776064;1096335360;0;0;0;0;0;0;0;0;0;0;0;2264;0;0;89;0;140;0;
9701;4632427;1025609728;18776064;1096335360;0;0;0;0;0;0;0;0;0;0;0;2194;0;0;89;0;140;0;
9702;4358654;1025609728;18776064;1096335360;0;0;0;0;0;0;0;0;0;0;0;3176;0;0;89;0;140;0;
9703;4839957;1025609728;18776064;1096335360;0;0;0;0;0;0;0;0;0;0;0;1803;0;0;89;0;140;0;
9704;2808658;1025609728;18776064;1096335360;0;0;0;0;0;0;0;0;0;0;0;2815;0;0;89;0;140;0;
9705;9146363;1025609728;18776064;1096335360;0;0;0;0;0;0;0;0;0;0;0;3807;0;0;89;0;140;0;
9706;6015571;1025609728;18776064;1096335360;0;0;0;0;0;0;0;0;0;0;0;3537;0;0;89;0;140;0;
9707;5248543;1025609728;18776064;1096335360;0;0;0;0;0;0;0;0;0;0;0;9528;0;0;89;0;140;0;
9708;3047375;1025609728;18776064;1096335360;0;0;0;0;0;0;0;0;0;0;0;2365;0;0;89;0;140;0;
9709;4150353;1025609728;18776064;1096335360;0;0;0;0;0;0;0;0;0;0;0;2104;0;0;89;0;140;0;
9710;2122360;1025609728;18776064;1096335360;0;0;0;0;0;0;0;0;0;0;0;2034;0;0;89;0;140;0;
9711;7473666;1025609728;18776064;1096335360;0;0;0;0;0;0;0;0;0;0;0;1864;0;0;89;0;140;0;
9712;4303000;1025609728;18776064;1096335360;0;0;0;0;0;0;0;0;0;0;0;2946;0;0;89;0;140;0;
9713;3430493;1025609728;18776064;1096335360;0;0;0;0;0;0;0;0;0;0;0;1572;0;0;89;0;140;0;
9714;3557782;1025609728;18776064;1096335360;0;0;0;0;0;0;0;0;0;0;0;2515;0;0;89;0;140;0;
9715;5557492;1025609728;18776064;1096335360;0;0;0;0;0;0;0;0;0;0;0;3026;0;0;89;0;140;0;
9716;3693647;1025609728;18776064;1096335360;0;0;0;0;0;0;0;0;0;0;0;2064;0;0;89;0;140;0;
9717;6288373;1025609728;18776064;1096335360;0;0;0;0;0;0;0;0;0;0;0;2124;0;0;89;0;140;0;
9718;5394377;1025609728;18776064;1096335360;0;0;0;0;0;0;0;0;0;0;0;3366;0;0;89;0;140;0;
9719;3475729;1025609728;18776064;1096335360;0;0;0;0;0;0;0;0;0;0;0;2324;0;0;89;0;140;0;
9720;4359386;1025609728;18776064;1096335360;0;0;0;0;0;0;0;0;0;0;0;3236;0;0;89;0;140;0;
9721;5040573;1025609728;18776064;1096335360;0;0;0;0;0;0;0;0;0;0;0;2936;0;0;89;0;140;0;
9722;3683177;1025609728;18776064;1096335360;0;0;0;0;0;0;0;0;0;0;0;2595;0;0;89;0;140;0;
9723;7575177;1025609728;18776064;1096335360;0;0;0;0;0;0;0;0;0;0;0;2615;0;0;89;0;140;0;
9724;5727211;1025609728;18776064;1096335360;0;0;0;0;0;0;0;0;0;0;0;2796;0;0;89;0;140;0;
9725;4169439;1025609728;18776064;1096335360;0;0;0;0;0;0;0;0;0;0;0;2324;0;0;89;0;140;0;
9726;3657499;1025609728;18776064;1096335360;0;0;0;0;0;0;0;0;0;0;0;3356;0;0;89;0;140;0;
9727;5409605;1025609728;18776064;1096335360;0;0;0;0;0;0;0;0;0;0;0;3095;0;0;89;0;140;0;
9728;3464708;1025609728;18776064;1096335360;0;0;0;0;0;0;0;0;0;0;0;2695;0;0;89;0;140;0;
9729;8117524;1025609728;18776064;1096335360;0;0;0;0;0;0;0;0;0;0;0;2374;0;0;89;0;140;0;
9730;5207807;1025609728;18776064;1096335360;0;0;0;0;0;0;0;0;0;0;0;3066;0;0;89;0;140;0;
9731;4488638;1025609728;18776064;1096335360;0;0;0;0;0;0;0;0;0;0;0;3506;0;0;89;0;140;0;
9732;3568863;1025609728;18776064;1096335360;0;0;0;0;0;0;0;0;0;0;0;3196;0;0;89;0;140;0;
9733;4460415;1025609728;18776064;1096335360;0;0;0;0;0;0;0;0;0;0;0;2154;0;0;89;0;140;0;
9734;2792597;1025609728;18776064;1096335360;0;0;0;0;0;0;0;0;0;0;0;201067;0;0;89;0;140;0;
9735;7183112;1025609728;18776064;1096335360;0;0;0;0;0;0;0;0;0;0;0;1744;0;0;89;0;140;0;
9736;5204490;1025609728;18776064;1096335360;0;0;0;0;0;0;0;0;0;0;0;3507;0;0;89;0;140;0;
9737;3398092;1025609728;18776064;1096335360;0;0;0;0;0;0;0;0;0;0;0;1904;0;0;89;0;140;0;
9738;2629571;1025609728;18776064;1096335360;0;0;0;0;0;0;0;0;0;0;0;2745;0;0;89;0;140;0;
9739;9035024;1025609728;18776064;1096335360;0;0;0;0;0;0;0;0;0;0;0;2645;0;0;89;0;140;0;
9740;3611393;1025609728;18776064;1096335360;0;0;0;0;0;0;0;0;0;0;0;3116;0;0;89;0;140;0;
9741;6426763;1025609728;18776064;1096335360;0;0;0;0;0;0;0;0;0;0;0;1924;0;0;89;0;140;0;
9742;9224921;1025609728;18776064;1096335360;0;0;0;0;0;0;0;0;0;0;0;3106;0;0;89;0;140;0;
9743;5599130;1025609728;18776064;1096335360;0;0;0;0;0;0;0;0;0;0;0;2545;0;0;89;0;140;0;
9744;3544557;1025609728;18776064;1096335360;0;0;0;0;0;0;0;0;0;0;0;3045;0;0;89;0;140;0;
9745;4645583;1025609728;18776064;1096335360;0;0;0;0;0;0;0;0;0;0;0;2705;0;0;89;0;140;0;
9746;4538401;1025609728;18776064;1096335360;0;0;0;0;0;0;0;0;0;0;0;2986;0;0;89;0;140;0;
9747;7633054;1025609728;18776064;1096335360;0;0;0;0;0;0;0;0;0;0;0;3326;0;0;89;0;140;0;
9748;5630640;1025609728;18776064;1096335360;0;0;0;0;0;0;0;0;0;0;0;3496;0;0;89;0;140;0;
9749;3291723;1025609728;18776064;1096335360;0;0;0;0;0;0;0;0;0;0;0;2865;0;0;89;0;140;0;
9750;2555012;1025609728;18776064;1096335360;0;0;0;0;0;0;0;0;0;0;0;2935;0;0;89;0;140;0;
9751;8164602;1025609728;18776064;1096335360;0;0;0;0;0;0;0;0;0;0;0;3647;0;0;89;0;140;0;
9752;5553535;1025609728;18776064;1096335360;0;0;0;0;0;0;0;0;0;0;0;3758;0;0;89;0;140;0;
9753;9742852;1025609728;18776064;1096335360;0;0;0;0;0;0;0;0;0;0;0;2525;0;0;89;0;140;0;
9754;5950840;1025609728;18776064;1096335360;0;0;0;0;0;0;0;0;0;0;0;2685;0;0;89;0;140;0;
9755;6655972;1025609728;18776064;1096335360;0;0;0;0;0;0;0;0;0;0;0;2755;0;0;89;0;140;0;
9756;3369119;1025609728;18776064;1096335360;0;0;0;0;0;0;0;0;0;0;0;2846;0;0;89;0;140;0;
9757;5224899;1025609728;18776064;1096335360;0;0;0;0;0;0;0;0;0;0;0;3366;0;0;89;0;140;0;
9758;4409409;1025609728;18776064;1096335360;0;0;0;0;0;0;0;0;0;0;0;3326;0;0;89;0;140;0;
9759;10384615;1025609728;18776064;1096335360;0;0;0;0;0;0;0;0;0;0;0;3396;0;0;89;0;140;0;
9760;8805444;1025609728;18776064;1096335360;0;0;0;0;0;0;0;0;0;0;0;3837;0;0;89;0;140;0;
9761;6593936;1025609728;18776064;1096335360;0;0;0;0;0;0;0;0;0;0;0;3497;0;0;89;0;140;0;
9762;2800753;1025609728;18776064;1096335360;0;0;0;0;0;0;0;0;0;0;0;2425;0;0;89;0;140;0;
9763;5001370;1025609728;18776064;1096335360;0;0;0;0;0;0;0;0;0;0;0;2655;0;0;89;0;140;0;
9764;2465534;1025609728;18776064;1096335360;0;0;0;0;0;0;0;0;0;0;0;2605;0;0;89;0;140;0;
9765;7932417;1025609728;18776064;1096335360;0;0;0;0;0;0;0;0;0;0;0;3377;0;0;89;0;140;0;
9766;5941643;1025609728;18776064;1096335360;0;0;0;0;0;0;0;0;0;0;0;2365;0;0;89;0;140;0;
9767;7003965;1025609728;18776064;1096335360;0;0;0;0;0;0;0;0;0;0;0;2926;0;0;89;0;140;0;
9768;3570717;1025609728;18776064;1096335360;0;0;0;0;0;0;0;0;0;0;0;2805;0;0;89;0;140;0;
9769;4525748;1025609728;18776064;1096335360;0;0;0;0;0;0;0;0;0;0;0;3687;0;0;89;0;140;0;
9770;3146941;1025609728;18776064;1096335360;0;0;0;0;0;0;0;0;0;0;0;2454;0;0;89;0;140;0;
9771;7167812;1025609728;18776064;1096335360;0;0;0;0;0;0;0;0;0;0;0;2365;0;0;89;0;140;0;
9772;6345811;1025609728;18776064;1096335360;0;0;0;0;0;0;0;0;0;0;0;2906;0;0;89;0;140;0;
9773;5254384;1025609728;18776064;1096335360;0;0;0;0;0;0;0;0;0;0;0;2114;0;0;89;0;140;0;
9774;4768813;1025609728;18776064;1096335360;0;0;0;0;0;0;0;0;0;0;0;3356;0;0;89;0;140;0;
9775;4910168;1025609728;18776064;1096335360;0;0;0;0;0;0;0;0;0;0;0;2615;0;0;89;0;140;0;
9776;2676941;1025609728;18776064;1096335360;0;0;0;0;0;0;0;0;0;0;0;2555;0;0;89;0;140;0;
9777;6000814;1025609728;18776064;1096335360;0;0;0;0;0;0;0;0;0;0;0;1623;0;0;89;0;140;0;
9778;6292420;1025609728;18776064;1096335360;0;0;0;0;0;0;0;0;0;0;0;2906;0;0;89;0;140;0;
9779;4890512;1025609728;18776064;1096335360;0;0;0;0;0;0;0;0;0;0;0;2625;0;0;89;0;140;0;
9780;5733242;1025609728;18776064;1096335360;0;0;0;0;0;0;0;0;0;0;0;2645;0;0;89;0;140;0;
9781;3185414;1025609728;18776064;1096335360;0;0;0;0;0;0;0;0;0;0;0;2364;0;0;89;0;140;0;
9782;2302468;1025609728;18776064;1096335360;0;0;0;0;0;0;0;0;0;0;0;2194;0;0;89;0;140;0;
9783;9079418;1025609728;18776064;1096335360;0;0;0;0;0;0;0;0;0;0;0;2524;0;0;89;0;140;0;
9784;7837609;1025609728;18776064;1096335360;0;0;0;0;0;0;0;0;0;0;0;3606;0;0;89;0;140;0;
9785;5566599;1025609728;18776064;1096335360;0;0;0;0;0;0;0;0;0;0;0;2866;0;0;89;0;140;0;
9786;2809960;1025609728;18776064;1096335360;0;0;0;0;0;0;0;0;0;0;0;2354;0;0;89;0;140;0;
9787;4502354;1025609728;18776064;1096335360;0;0;0;0;0;0;0;0;0;0;0;2835;0;0;89;0;140;0;
9788;2923703;1025609728;18776064;1096335360;0;0;0;0;0;0;0;0;0;0;0;2205;0;0;89;0;140;0;
9789;10838667;1025609728;18776064;1096335360;0;0;0;0;0;0;0;0;0;0;0;2214;0;0;89;0;140;0;
9790;5737510;1025609728;18776064;1096335360;0;0;0;0;0;0;0;0;0;0;0;3186;0;0;89;0;140;0;
9791;3377835;1025609728;18776064;1096335360;0;0;0;0;0;0;0;0;0;0;0;1993;0;0;89;0;140;0;
9792;1636780;1025609728;18776064;1096335360;0;0;0;0;0;0;0;0;0;0;0;1823;0;0;89;0;140;0;
9793;2966463;1025609728;18776064;1096335360;0;0;0;0;0;0;0;0;0;0;0;1713;0;0;89;0;140;0;
9794;1617854;1025609728;18776064;1096335360;0;0;0;0;0;0;0;0;0;0;0;2014;0;0;89;0;140;0;
9795;7924662;1025609728;18776064;1096335360;0;0;0;0;0;0;0;0;0;0;0;2475;0;0;89;0;140;0;
9796;8288564;1025609728;18776064;1096335360;0;0;0;0;0;0;0;0;0;0;0;3807;0;0;89;0;140;0;
9797;4516250;1025609728;18776064;1096335360;0;0;0;0;0;0;0;0;0;0;0;2845;0;0;89;0;140;0;
9798;2507352;1025609728;18776064;1096335360;0;0;0;0;0;0;0;0;0;0;0;2435;0;0;89;0;140;0;
9799;3903050;1025609728;18776064;1096335360;0;0;0;0;0;0;0;0;0;0;0;2254;0;0;89;0;140;0;
9800;3945981;1025609728;18776064;1096335360;0;0;0;0;0;0;0;0;0;0;0;2895;0;0;89;0;140;0;
9801;7626362;1025609728;18776064;1096335360;0;0;0;0;0;0;0;0;0;0;0;3266;0;0;89;0;140;0;
9802;8428196;1025609728;18776064;1096335360;0;0;0;0;0;0;0;0;0;0;0;3667;0;0;89;0;140;0;
9803;2741992;1025609728;18776064;1096335360;0;0;0;0;0;0;0;0;0;0;0;2584;0;0;89;0;140;0;
9804;2348985;1025609728;18776064;1096335360;0;0;0;0;0;0;0;0;0;0;0;2885;0;0;89;0;140;0;
9805;3215610;1025609728;18776064;1096335360;0;0;0;0;0;0;0;0;0;0;0;2033;0;0;89;0;140;0;
9806;3083022;1025609728;18776064;1096335360;0;0;0;0;0;0;0;0;0;0;0;2174;0;0;89;0;140;0;
9807;8353316;1025609728;18776064;1096335360;0;0;0;0;0;0;0;0;0;0;0;3316;0;0;89;0;140;0;
9808;4036731;1025609728;18776064;1096335360;0;0;0;0;0;0;0;0;0;0;0;2945;0;0;89;0;140;0;
9809;3698907;1025609728;18776064;1096335360;0;0;0;0;0;0;0;0;0;0;0;2655;0;0;89;0;140;0;
9810;3465759;1025609728;18776064;1096335360;0;0;0;0;0;0;0;0;0;0;0;3466;0;0;89;0;140;0;
9811;5199651;1025609728;18776064;1096335360;0;0;0;0;0;0;0;0;0;0;0;2685;0;0;89;0;140;0;
9812;2798017;1025609728;18776064;1096335360;0;0;0;0;0;0;0;0;0;0;0;2294;0;0;89;0;140;0;
9813;8383332;1025609728;18776064;1096335360;0;0;0;0;0;0;0;0;0;0;0;1823;0;0;89;0;140;0;
9814;6361049;1025609728;18776064;1096335360;0;0;0;0;0;0;0;0;0;0;0;3076;0;0;89;0;140;0;
9815;4320262;1025609728;18776064;1096335360;0;0;0;0;0;0;0;0;0;0;0;3035;0;0;89;0;140;0;
9816;2324400;1025609728;18776064;1096335360;0;0;0;0;0;0;0;0;0;0;0;2805;0;0;89;0;140;0;
9817;4319060;1025609728;18776064;1096335360;0;0;0;0;0;0;0;0;0;0;0;2355;0;0;89;0;140;0;
9818;2275728;1025609728;18776064;1096335360;0;0;0;0;0;0;0;0;0;0;0;2274;0;0;89;0;140;0;
9819;6799451;1025609728;18776064;1096335360;0;0;0;0;0;0;0;0;0;0;0;2244;0;0;89;0;140;0;
9820;4617630;1025609728;18776064;1096335360;0;0;0;0;0;0;0;0;0;0;0;2865;0;0;89;0;140;0;
9821;4001464;1025609728;18776064;1096335360;0;0;0;0;0;0;0;0;0;0;0;2955;0;0;89;0;140;0;
9822;4096593;1025609728;18776064;1096335360;0;0;0;0;0;0;0;0;0;0;0;2825;0;0;89;0;140;0;
9823;4765517;1025609728;18776064;1096335360;0;0;0;0;0;0;0;0;0;0;0;2755;0;0;89;0;140;0;
9824;3614108;1025609728;18776064;1096335360;0;0;0;0;0;0;0;0;0;0;0;2444;0;0;89;0;140;0;
9825;9247492;1025609728;18776064;1096335360;0;0;0;0;0;0;0;0;0;0;0;3657;0;0;89;0;140;0;
9826;5881630;1025609728;18776064;1096335360;0;0;0;0;0;0;0;0;0;0;0;3136;0;0;89;0;140;0;
9827;4765137;1025609728;18776064;1096335360;0;0;0;0;0;0;0;0;0;0;0;2916;0;0;89;0;140;0;
9828;4755719;1025609728;18776064;1096335360;0;0;0;0;0;0;0;0;0;0;0;3096;0;0;89;0;140;0;
9829;4831782;1025609728;18776064;1096335360;0;0;0;0;0;0;0;0;0;0;0;3366;0;0;89;0;140;0;
9830;2900810;1025609728;18776064;1096335360;0;0;0;0;0;0;0;0;0;0;0;3376;0;0;89;0;140;0;
9831;9473297;1025609728;18776064;1096335360;0;0;0;0;0;0;0;0;0;0;0;2886;0;0;89;0;140;0;
9832;5997768;1025609728;18776064;1096335360;0;0;0;0;0;0;0;0;0;0;0;4208;0;0;89;0;140;0;
9833;4520368;1025609728;18776064;1096335360;0;0;0;0;0;0;0;0;0;0;0;2765;0;0;89;0;140;0;
9834;3105955;1025609728;18776064;1096335360;0;0;0;0;0;0;0;0;0;0;0;2805;0;0;89;0;140;0;
9835;3033769;1025609728;18776064;1096335360;0;0;0;0;0;0;0;0;0;0;0;2625;0;0;89;0;140;0;
9836;3794777;1025609728;18776064;1096335360;0;0;0;0;0;0;0;0;0;0;0;2394;0;0;89;0;140;0;
9837;6550534;1025609728;18776064;1096335360;0;0;0;0;0;0;0;0;0;0;0;3346;0;0;89;0;140;0;
9838;5569645;1025609728;18776064;1096335360;0;0;0;0;0;0;0;0;0;0;0;3276;0;0;89;0;140;0;
9839;3920953;1025609728;18776064;1096335360;0;0;0;0;0;0;0;0;0;0;0;2996;0;0;89;0;140;0;
9840;3187337;1025609728;18776064;1096335360;0;0;0;0;0;0;0;0;0;0;0;2314;0;0;89;0;140;0;
9841;4484450;1025609728;18776064;1096335360;0;0;0;0;0;0;0;0;0;0;0;2214;0;0;89;0;140;0;
9842;2463450;1025609728;18776064;1096335360;0;0;0;0;0;0;0;0;0;0;0;3246;0;0;89;0;140;0;
9843;7357939;1025609728;18776064;1096335360;0;0;0;0;0;0;0;0;0;0;0;3176;0;0;89;0;140;0;
9844;3830394;1025609728;18776064;1096335360;0;0;0;0;0;0;0;0;0;0;0;2796;0;0;89;0;140;0;
9845;4964010;1025609728;18776064;1096335360;0;0;0;0;0;0;0;0;0;0;0;2535;0;0;89;0;140;0;
9846;4423585;1025609728;18776064;1096335360;0;0;0;0;0;0;0;0;0;0;0;3697;0;0;89;0;140;0;
9847;3665454;1025609728;18776064;1096335360;0;0;0;0;0;0;0;0;0;0;0;2715;0;0;89;0;140;0;
9848;4775897;1025609728;18776064;1096335360;0;0;0;0;0;0;0;0;0;0;0;5020;0;0;89;0;140;0;
9849;8557458;1025609728;18776064;1096335360;0;0;0;0;0;0;0;0;0;0;0;3296;0;0;89;0;140;0;
9850;6154642;1025609728;18776064;1096335360;0;0;0;0;0;0;0;0;0;0;0;2766;0;0;89;0;140;0;
9851;6215246;1025609728;18776064;1096335360;0;0;0;0;0;0;0;0;0;0;0;4338;0;0;89;0;140;0;
9852;4689665;1025609728;18776064;1096335360;0;0;0;0;0;0;0;0;0;0;0;3126;0;0;89;0;140;0;
9853;4819608;1025609728;18776064;1096335360;0;0;0;0;0;0;0;0;0;0;0;3246;0;0;89;0;140;0;
9854;3953314;1025609728;18776064;1096335360;0;0;0;0;0;0;0;0;0;0;0;3888;0;0;89;0;140;0;
9855;7473957;1025609728;18776064;1096335360;0;0;0;0;0;0;0;0;0;0;0;3636;0;0;89;0;140;0;
9856;6275589;1025609728;18776064;1096335360;0;0;0;0;0;0;0;0;0;0;0;3026;0;0;89;0;140;0;
9857;9147545;1025609728;18776064;1096335360;0;0;0;0;0;0;0;0;0;0;0;2575;0;0;89;0;140;0;
9858;4605658;1025609728;18776064;1096335360;0;0;0;0;0;0;0;0;0;0;0;4268;0;0;89;0;140;0;
9859;5317703;1025609728;18776064;1096335360;0;0;0;0;0;0;0;0;0;0;0;2695;0;0;89;0;140;0;
9860;4003097;1025609728;18776064;1096335360;0;0;0;0;0;0;0;0;0;0;0;3006;0;0;89;0;140;0;
9861;8963200;1025609728;18780160;1096339456;0;0;0;0;0;0;0;0;0;0;0;3196;0;0;89;0;140;0;
9862;6351993;1025609728;18788352;1096347648;0;0;0;0;0;0;0;0;0;0;0;3657;0;0;89;0;140;0;
9863;4641435;1025609728;18788352;1096347648;0;0;0;0;0;0;0;0;0;0;0;4348;0;0;89;0;140;0;
9864;6404852;1025609728;18788352;1096347648;0;0;0;0;0;0;0;0;0;0;0;2825;0;0;89;0;140;0;
9865;4336192;1025609728;18788352;1096347648;0;0;0;0;0;0;0;0;0;0;0;3156;0;0;89;0;140;0;
9866;7996958;1025609728;18788352;1096347648;0;0;0;0;0;0;0;0;0;0;0;3287;0;0;89;0;140;0;
9867;3517727;1025609728;18788352;1096347648;0;0;0;0;0;0;0;0;0;0;0;3426;0;0;89;0;140;0;
9868;6451579;1025609728;18788352;1096347648;0;0;0;0;0;0;0;0;0;0;0;4028;0;0;89;0;140;0;
9869;5925051;1025609728;18788352;1096347648;0;0;0;0;0;0;0;0;0;0;0;3626;0;0;89;0;140;0;
9870;3826947;1025609728;18788352;1096347648;0;0;0;0;0;0;0;0;0;0;0;3016;0;0;89;0;140;0;
9871;10849376;1025609728;18788352;1096347648;0;0;0;0;0;0;0;0;0;0;0;2935;0;0;89;0;140;0;
9872;4544202;1025609728;18788352;1096347648;0;0;0;0;0;0;0;0;0;0;0;3687;0;0;89;0;140;0;
9873;4869682;1025683456;18780160;1096339456;0;0;0;0;0;0;0;0;0;0;0;3196;0;0;89;0;140;0;
9874;5267800;1025683456;18780160;1096339456;0;0;0;0;0;0;0;0;0;0;0;3015;0;0;89;0;140;0;
9875;4063641;1025683456;18780160;1096339456;0;0;0;0;0;0;0;0;0;0;0;3517;0;0;89;0;140;0;
9876;8058192;1025683456;18780160;1096339456;0;0;0;0;0;0;0;0;0;0;0;3607;0;0;89;0;140;0;
9877;6415432;1029877760;18780160;1113116672;0;0;0;0;0;0;0;0;0;0;0;4238;0;0;89;0;140;0;
9878;4175220;1029877760;18780160;1113116672;0;0;0;0;0;0;0;0;0;0;0;3206;0;0;89;0;140;0;
9879;3614749;1029877760;18780160;1113116672;0;0;0;0;0;0;0;0;0;0;0;2074;0;0;89;0;140;0;
9880;3864297;1029877760;18780160;1113116672;0;0;0;0;0;0;0;0;0;0;0;2976;0;0;89;0;140;0;
9881;9647132;1029877760;18780160;1113116672;0;0;0;0;0;0;0;0;0;0;0;2444;0;0;89;0;140;0;
9882;5430875;1029877760;18780160;1113116672;0;0;0;0;0;0;0;0;0;0;0;7885;0;0;89;0;140;0;
9883;2234942;1029877760;18780160;1113116672;0;0;0;0;0;0;0;0;0;0;0;1763;0;0;89;0;140;0;
9884;2601098;1029877760;18780160;1113116672;0;0;0;0;0;0;0;0;0;0;0;2364;0;0;89;0;140;0;
9885;2491662;1029877760;18780160;1113116672;0;0;0;0;0;0;0;0;0;0;0;1894;0;0;89;0;140;0;
9886;9149820;1029877760;18780160;1113116672;0;0;0;0;0;0;0;0;0;0;0;3196;0;0;89;0;140;0;
9887;6880784;1029873664;18776064;1113112576;0;0;0;0;0;0;0;0;0;0;0;2785;0;0;89;0;140;0;
9888;1916935;1029873664;18776064;1113112576;0;0;0;0;0;0;0;0;0;0;0;2124;0;0;89;0;140;0;
9889;2627938;1029873664;18776064;1113112576;0;0;0;0;0;0;0;0;0;0;0;1694;0;0;89;0;140;0;
9890;1499772;1029873664;18776064;1113112576;0;0;0;0;0;0;0;0;0;0;0;1523;0;0;89;0;140;0;
9891;6622950;1029873664;18776064;1113112576;0;0;0;0;0;0;0;0;0;0;0;3055;0;0;89;0;140;0;
9892;6123614;1029873664;18776064;1113112576;0;0;0;0;0;0;0;0;0;0;0;3075;0;0;89;0;140;0;
9893;3091908;1029873664;18776064;1113112576;0;0;0;0;0;0;0;0;0;0;0;2795;0;0;89;0;140;0;
9894;4552127;1029873664;18776064;1113112576;0;0;0;0;0;0;0;0;0;0;0;2745;0;0;89;0;140;0;
9895;3552112;1029873664;18776064;1113112576;0;0;0;0;0;0;0;0;0;0;0;2935;0;0;89;0;140;0;
9896;6136679;1029873664;18776064;1113112576;0;0;0;0;0;0;0;0;0;0;0;3006;0;0;89;0;140;0;
9897;6788301;1029873664;18776064;1113112576;0;0;0;0;0;0;0;0;0;0;0;2805;0;0;89;0;140;0;
9898;3859969;1029873664;18776064;1113112576;0;0;0;0;0;0;0;0;0;0;0;2936;0;0;89;0;140;0;
9899;5579453;1029873664;18776064;1113112576;0;0;0;0;0;0;0;0;0;0;0;3035;0;0;89;0;140;0;
9900;3701983;1029873664;18776064;1113112576;0;0;0;0;0;0;0;0;0;0;0;2796;0;0;89;0;140;0;
9901;7710981;1029873664;18776064;1113112576;0;0;0;0;0;0;0;0;0;0;0;2655;0;0;89;0;140;0;
9902;6456778;1029873664;18776064;1113112576;0;0;0;0;0;0;0;0;0;0;0;3216;0;0;89;0;140;0;
9903;3070638;1029873664;18776064;1113112576;0;0;0;0;0;0;0;0;0;0;0;2255;0;0;89;0;140;0;
9904;5265275;1029873664;18776064;1113112576;0;0;0;0;0;0;0;0;0;0;0;2665;0;0;89;0;140;0;
9905;2984697;1029873664;18776064;1113112576;0;0;0;0;0;0;0;0;0;0;0;2154;0;0;89;0;140;0;
9906;7453398;1029873664;18776064;1113112576;0;0;0;0;0;0;0;0;0;0;0;2956;0;0;89;0;140;0;
9907;8758245;1029873664;18776064;1113112576;0;0;0;0;0;0;0;0;0;0;0;3156;0;0;89;0;140;0;
9908;4333737;1029873664;18776064;1113112576;0;0;0;0;0;0;0;0;0;0;0;2955;0;0;89;0;140;0;
9909;5283809;1029873664;18776064;1113112576;0;0;0;0;0;0;0;0;0;0;0;2404;0;0;89;0;140;0;
9910;2284284;1029873664;18776064;1113112576;0;0;0;0;0;0;0;0;0;0;0;2164;0;0;89;0;140;0;
9911;7911507;1029873664;18776064;1113112576;0;0;0;0;0;0;0;0;0;0;0;3697;0;0;89;0;140;0;
9912;7069678;1029873664;18776064;1113112576;0;0;0;0;0;0;0;0;0;0;0;3196;0;0;89;0;140;0;
9913;5276635;1029873664;18776064;1113112576;0;0;0;0;0;0;0;0;0;0;0;2905;0;0;89;0;140;0;
9914;5869157;1029873664;18776064;1113112576;0;0;0;0;0;0;0;0;0;0;0;3086;0;0;89;0;140;0;
9915;4324871;1029873664;18776064;1113112576;0;0;0;0;0;0;0;0;0;0;0;2554;0;0;89;0;140;0;
9916;7221914;1029873664;18776064;1113112576;0;0;0;0;0;0;0;0;0;0;0;3186;0;0;89;0;140;0;
9917;5344694;1029873664;18776064;1113112576;0;0;0;0;0;0;0;0;0;0;0;3075;0;0;89;0;140;0;
9918;4127501;1029873664;18776064;1113112576;0;0;0;0;0;0;0;0;0;0;0;2775;0;0;89;0;140;0;
9919;6471878;1029873664;18776064;1113112576;0;0;0;0;0;0;0;0;0;0;0;3667;0;0;89;0;140;0;
9920;3205011;1029873664;18776064;1113112576;0;0;0;0;0;0;0;0;0;0;0;3337;0;0;89;0;140;0;
9921;9595274;1029873664;18776064;1113112576;0;0;0;0;0;0;0;0;0;0;0;3346;0;0;89;0;140;0;
9922;6593705;1029873664;18776064;1113112576;0;0;0;0;0;0;0;0;0;0;0;2806;0;0;89;0;140;0;
9923;4001675;1029873664;18776064;1113112576;0;0;0;0;0;0;0;0;0;0;0;2745;0;0;89;0;140;0;
9924;5692737;1029873664;18776064;1113112576;0;0;0;0;0;0;0;0;0;0;0;2966;0;0;89;0;140;0;
9925;2486674;1029873664;18776064;1113112576;0;0;0;0;0;0;0;0;0;0;0;3296;0;0;89;0;140;0;
9926;6980902;1029873664;18776064;1113112576;0;0;0;0;0;0;0;0;0;0;0;2835;0;0;89;0;140;0;
9927;7062565;1029873664;18776064;1113112576;0;0;0;0;0;0;0;0;0;0;0;2645;0;0;89;0;140;0;
9928;5123678;1029873664;18776064;1113112576;0;0;0;0;0;0;0;0;0;0;0;2915;0;0;89;0;140;0;
9929;3115282;1029873664;18776064;1113112576;0;0;0;0;0;0;0;0;0;0;0;2845;0;0;89;0;140;0;
9930;4609595;1029873664;18776064;1113112576;0;0;0;0;0;0;0;0;0;0;0;2344;0;0;89;0;140;0;
9931;4288723;1029873664;18776064;1113112576;0;0;0;0;0;0;0;0;0;0;0;2204;0;0;89;0;140;0;
9932;6952849;1031970816;27271168;1121607680;0;0;0;0;0;0;0;0;0;0;0;2445;0;0;89;0;140;0;
9933;5245447;1031970816;27271168;1121607680;0;0;0;0;0;0;0;0;0;0;0;3106;0;0;89;0;140;0;
9934;4919095;1030393856;25567232;1119903744;0;0;0;0;0;0;0;0;0;0;0;2064;0;0;89;0;140;0;
9935;4296597;1030393856;25567232;1119903744;0;0;0;0;0;0;0;0;0;0;0;2354;0;0;89;0;140;0;
9936;4696768;1030393856;25567232;1119903744;0;0;0;0;0;0;0;0;0;0;0;2134;0;0;89;0;140;0;
9937;4369174;1030393856;25567232;1119903744;0;0;0;0;0;0;0;0;0;0;0;2956;0;0;89;0;140;0;
9938;7764611;1030393856;25567232;1119903744;0;0;0;0;0;0;0;0;0;0;0;2976;0;0;89;0;140;0;
9939;3945089;1030393856;25567232;1119903744;0;0;0;0;0;0;0;0;0;0;0;2475;0;0;89;0;140;0;
9940;4621497;1030393856;25567232;1119903744;0;0;0;0;0;0;0;0;0;0;0;2835;0;0;89;0;140;0;
9941;3196945;1030393856;25567232;1119903744;0;0;0;0;0;0;0;0;0;0;0;2515;0;0;89;0;140;0;
9942;4993104;1030393856;25567232;1119903744;0;0;0;0;0;0;0;0;0;0;0;2084;0;0;89;0;140;0;
9943;4339398;1030393856;25567232;1119903744;0;0;0;0;0;0;0;0;0;0;0;2555;0;0;89;0;140;0;
9944;9760715;1030393856;25567232;1119903744;0;0;0;0;0;0;0;0;0;0;0;4178;0;0;89;0;140;0;
9945;5999512;1030393856;25567232;1119903744;0;0;0;0;0;0;0;0;0;0;0;3296;0;0;89;0;140;0;
9946;3456392;1030393856;25567232;1119903744;0;0;0;0;0;0;0;0;0;0;0;2184;0;0;89;0;140;0;
9947;4769224;1030393856;25567232;1119903744;0;0;0;0;0;0;0;0;0;0;0;2144;0;0;89;0;140;0;
9948;4283083;1030393856;25567232;1119903744;0;0;0;0;0;0;0;0;0;0;0;2435;0;0;89;0;140;0;
9949;8844677;1030393856;25567232;1119903744;0;0;0;0;0;0;0;0;0;0;0;3717;0;0;89;0;140;0;
9950;9890198;1030393856;25567232;1119903744;0;0;0;0;0;0;0;0;0;0;0;3507;0;0;89;0;140;0;
9951;6048213;1030393856;25567232;1119903744;0;0;0;0;0;0;0;0;0;0;0;3066;0;0;89;0;140;0;
9952;6476065;1030393856;25567232;1119903744;0;0;0;0;0;0;0;0;0;0;0;3537;0;0;89;0;140;0;
9953;4292420;1030393856;25567232;1119903744;0;0;0;0;0;0;0;0;0;0;0;2895;0;0;89;0;140;0;
9954;10749670;1030393856;25567232;1119903744;0;0;0;0;0;0;0;0;0;0;0;3105;0;0;89;0;140;0;
9955;7421688;1030393856;25571328;1119907840;0;0;0;0;0;0;0;0;0;0;0;2785;0;0;89;0;140;0;
9956;5513380;1030393856;25571328;1119907840;0;0;0;0;0;0;0;0;0;0;0;3858;0;0;89;0;140;0;
9957;2903546;1030393856;25571328;1119907840;0;0;0;0;0;0;0;0;0;0;0;2605;0;0;89;0;140;0;
9958;1929178;1030393856;25571328;1119907840;0;0;0;0;0;0;0;0;0;0;0;1923;0;0;89;0;140;0;
9959;9784760;1030393856;25571328;1119907840;0;0;0;0;0;0;0;0;0;0;0;2995;0;0;89;0;140;0;
9960;9413083;1028190208;17076224;1111412736;0;0;0;0;0;0;0;0;0;0;0;2705;0;0;89;0;140;0;
9961;5280583;1028190208;17076224;1111412736;0;0;0;0;0;0;0;0;0;0;0;3196;0;0;89;0;140;0;
9962;6935166;1028190208;17076224;1111412736;0;0;0;0;0;0;0;0;0;0;0;2915;0;0;89;0;140;0;
9963;2567615;1028190208;17076224;1111412736;0;0;0;0;0;0;0;0;0;0;0;3146;0;0;89;0;140;0;
9964;11666689;1028190208;17076224;1111412736;0;0;0;0;0;0;0;0;0;0;0;4067;0;0;89;0;140;0;
9965;6064533;1028190208;17076224;1111412736;0;0;0;0;0;0;0;0;0;0;0;3646;0;0;89;0;140;0;
9966;4819068;1028186112;17072128;1111408640;0;0;0;0;0;0;0;0;0;0;0;2895;0;0;89;0;140;0;
9967;4174438;1028186112;17072128;1111408640;0;0;0;0;0;0;0;0;0;0;0;2966;0;0;89;0;140;0;
9968;3869106;1028186112;17072128;1111408640;0;0;0;0;0;0;0;0;0;0;0;2174;0;0;89;0;140;0;
9969;2695435;1030283264;25567232;1119903744;0;0;0;0;0;0;0;0;0;0;0;2294;0;0;89;0;140;0;
9970;9172863;1032380416;25567232;1119903744;0;0;0;0;0;0;0;0;0;0;0;1914;0;0;89;0;140;0;
9971;8132571;1032380416;25567232;1119903744;0;0;0;0;0;0;0;0;0;0;0;3206;0;0;89;0;140;0;
9972;3487912;1032380416;25567232;1119903744;0;0;0;0;0;0;0;0;0;0;0;2855;0;0;89;0;140;0;
9973;4418957;1032380416;25567232;1119903744;0;0;0;0;0;0;0;0;0;0;0;2765;0;0;89;0;140;0;
9974;4524114;1032380416;25567232;1119903744;0;0;0;0;0;0;0;0;0;0;0;2746;0;0;89;0;140;0;
9975;10325654;1034477568;25567232;1119903744;0;0;0;0;0;0;0;0;0;0;0;3377;0;0;89;0;140;0;
9976;3757597;1034477568;25567232;1119903744;0;0;0;0;0;0;0;0;0;0;0;3326;0;0;89;0;140;0;
9977;3001759;1035001856;25567232;1119903744;0;0;0;0;0;0;0;0;0;0;0;2184;0;0;89;0;140;0;
9978;3105514;1035001856;25567232;1119903744;0;0;0;0;0;0;0;0;0;0;0;2294;0;0;89;0;140;0;
9979;4954732;1035001856;25567232;1119903744;0;0;0;0;0;0;0;0;0;0;0;2285;0;0;89;0;140;0;
9980;3346586;1035001856;25567232;1119903744;0;0;0;0;0;0;0;0;0;0;0;3297;0;0;89;0;140;0;
9981;9680084;1035001856;25567232;1119903744;0;0;0;0;0;0;0;0;0;0;0;2264;0;0;89;0;140;0;
9982;7098432;1028472832;18980864;1113317376;0;0;0;0;0;0;0;0;0;0;0;2866;0;0;89;0;140;0;
9983;4108825;1031913472;25567232;1119903744;0;0;0;0;0;0;0;0;0;0;0;3978;0;0;89;0;140;0;
9984;2679345;1031913472;25567232;1119903744;0;0;0;0;0;0;0;0;0;0;0;2074;0;0;89;0;140;0;
9985;3543866;1031913472;25567232;1119903744;0;0;0;0;0;0;0;0;0;0;0;2324;0;0;89;0;140;0;
9986;10517124;1034010624;25567232;1119903744;0;0;0;0;0;0;0;0;0;0;0;2595;0;0;89;0;140;0;
9987;6374805;1034010624;25567232;1119903744;0;0;0;0;0;0;0;0;0;0;0;3236;0;0;89;0;140;0;
9988;3913480;1034010624;25567232;1119903744;0;0;0;0;0;0;0;0;0;0;0;2835;0;0;89;0;140;0;
9989;4442772;1034010624;25567232;1119903744;0;0;0;0;0;0;0;0;0;0;0;3416;0;0;89;0;140;0;
9990;5401731;1034010624;25567232;1119903744;0;0;0;0;0;0;0;0;0;0;0;2415;0;0;89;0;140;0;
9991;2463300;1034010624;25567232;1119903744;0;0;0;0;0;0;0;0;0;0;0;2274;0;0;89;0;140;0;
9992;10478682;1034010624;25567232;1119903744;0;0;0;0;0;0;0;0;0;0;0;2484;0;0;89;0;140;0;
9993;6115298;1034010624;25567232;1119903744;0;0;0;0;0;0;0;0;0;0;0;3126;0;0;89;0;140;0;
9994;4034366;1034010624;25567232;1119903744;0;0;0;0;0;0;0;0;0;0;0;2795;0;0;89;0;140;0;
9995;3087200;1034010624;25567232;1119903744;0;0;0;0;0;0;0;0;0;0;0;2655;0;0;89;0;140;0;
9996;2792628;1034010624;25567232;1119903744;0;0;0;0;0;0;0;0;0;0;0;2074;0;0;89;0;140;0;
9997;8255612;1034010624;25567232;1119903744;0;0;0;0;0;0;0;0;0;0;0;3186;0;0;89;0;140;0;
9998;4172595;1034010624;25567232;1119903744;0;0;0;0;0;0;0;0;0;0;0;2494;0;0;89;0;140;0;
9999;3519961;1034010624;25567232;1119903744;0;0;0;0;0;0;0;0;0;0;0;3006;0;0;89;0;140;0;
10000;4694895;1034010624;25567232;1119903744;0;0;0;0;0;0;0;0;0;0;0;2625;0;0;89;0;140;0;
10001;4240522;1034010624;25567232;1119903744;0;0;0;0;0;0;0;0;0;0;0;2745;0;0;89;0;140;0;
10002;10886246;1034010624;25567232;1119903744;0;0;0;0;0;0;0;0;0;0;0;4358;0;0;89;0;140;0;
10003;6716757;1034010624;25567232;1119903744;0;0;0;0;0;0;0;0;0;0;0;2525;0;0;89;0;140;0;
10004;3330466;1034010624;25567232;1119903744;0;0;0;0;0;0;0;0;0;0;0;2915;0;0;89;0;140;0;
10005;3861502;1034010624;25567232;1119903744;0;0;0;0;0;0;0;0;0;0;0;2304;0;0;89;0;140;0;
10006;2296266;1034010624;25567232;1119903744;0;0;0;0;0;0;0;0;0;0;0;2184;0;0;89;0;140;0;
10007;9472474;1034010624;25567232;1119903744;0;0;0;0;0;0;0;0;0;0;0;3376;0;0;89;0;140;0;
10008;10275019;1027178496;17072128;1111408640;0;0;0;0;0;0;0;0;0;0;0;3276;0;0;89;0;140;0;
10009;3267989;1027178496;17072128;1111408640;0;0;0;0;0;0;0;0;0;0;0;2916;0;0;89;0;140;0;
10010;6988466;1027178496;17072128;1111408640;0;0;0;0;0;0;0;0;0;0;0;3266;0;0;89;0;140;0;
10011;3517075;1027178496;17072128;1111408640;0;0;0;0;0;0;0;0;0;0;0;3266;0;0;89;0;140;0;
10012;6839777;1027178496;17072128;1111408640;0;0;0;0;0;0;0;0;0;0;0;3517;0;0;89;0;140;0;
10013;6606680;1027178496;17072128;1111408640;0;0;0;0;0;0;0;0;0;0;0;3918;0;0;89;0;140;0;
10014;2950834;1027178496;17072128;1111408640;0;0;0;0;0;0;0;0;0;0;0;2134;0;0;89;0;140;0;
10015;2792346;1027178496;17072128;1111408640;0;0;0;0;0;0;0;0;0;0;0;2645;0;0;89;0;140;0;
10016;3614238;1027178496;17072128;1111408640;0;0;0;0;0;0;0;0;0;0;0;2866;0;0;89;0;140;0;
10017;11567624;1029275648;25567232;1119903744;0;0;0;0;0;0;0;0;0;0;0;3566;0;0;89;0;140;0;
10018;7495797;1029275648;25567232;1119903744;0;0;0;0;0;0;0;0;0;0;0;2995;0;0;89;0;140;0;
10019;5921195;1029275648;25567232;1119903744;0;0;0;0;0;0;0;0;0;0;0;2795;0;0;89;0;140;0;
10020;3586145;1029275648;25567232;1119903744;0;0;0;0;0;0;0;0;0;0;0;2845;0;0;89;0;140;0;
10021;4032302;1029275648;25567232;1119903744;0;0;0;0;0;0;0;0;0;0;0;3036;0;0;89;0;140;0;
10022;4394321;1029275648;25567232;1119903744;0;0;0;0;0;0;0;0;0;0;0;2775;0;0;89;0;140;0;
10023;10761191;1029275648;25567232;1119903744;0;0;0;0;0;0;0;0;0;0;0;3216;0;0;89;0;140;0;
10024;3961018;1029275648;25567232;1119903744;0;0;0;0;0;0;0;0;0;0;0;2775;0;0;89;0;140;0;
10025;3640017;1029275648;25567232;1119903744;0;0;0;0;0;0;0;0;0;0;0;2374;0;0;89;0;140;0;
10026;3771723;1029275648;25567232;1119903744;0;0;0;0;0;0;0;0;0;0;0;4639;0;0;89;0;140;0;
10027;5006118;1029275648;25567232;1119903744;0;0;0;0;0;0;0;0;0;0;0;2465;0;0;89;0;140;0;
10028;5018291;1029275648;25567232;1119903744;0;0;0;0;0;0;0;0;0;0;0;3026;0;0;89;0;140;0;
10029;9820357;1029275648;25567232;1119903744;0;0;0;0;0;0;0;0;0;0;0;2755;0;0;89;0;140;0;
10030;5250356;1029275648;25567232;1119903744;0;0;0;0;0;0;0;0;0;0;0;3647;0;0;89;0;140;0;
10031;3582399;1029275648;25567232;1119903744;0;0;0;0;0;0;0;0;0;0;0;2795;0;0;89;0;140;0;
10032;4589407;1029275648;25567232;1119903744;0;0;0;0;0;0;0;0;0;0;0;2224;0;0;89;0;140;0;
10033;3577639;1029275648;25567232;1119903744;0;0;0;0;0;0;0;0;0;0;0;2615;0;0;89;0;140;0;
10034;10959804;1029275648;25567232;1119903744;0;0;0;0;0;0;0;0;0;0;0;2875;0;0;89;0;140;0;
10035;5907238;1029275648;25567232;1119903744;0;0;0;0;0;0;0;0;0;0;0;2635;0;0;89;0;140;0;
10036;3097569;1029275648;25567232;1119903744;0;0;0;0;0;0;0;0;0;0;0;2645;0;0;89;0;140;0;
10037;4746221;1029275648;25567232;1119903744;0;0;0;0;0;0;0;0;0;0;0;2755;0;0;89;0;140;0;
10038;3171838;1029275648;25567232;1119903744;0;0;0;0;0;0;0;0;0;0;0;2806;0;0;89;0;140;0;
10039;9478746;1029275648;25567232;1119903744;0;0;0;0;0;0;0;0;0;0;0;3596;0;0;89;0;140;0;
10040;7936965;1029275648;25567232;1119903744;0;0;0;0;0;0;0;0;0;0;0;2625;0;0;89;0;140;0;
10041;3828209;1029275648;25567232;1119903744;0;0;0;0;0;0;0;0;0;0;0;2995;0;0;89;0;140;0;
10042;4507753;1029275648;25567232;1119903744;0;0;0;0;0;0;0;0;0;0;0;3396;0;0;89;0;140;0;
10043;1382643;1029275648;25567232;1119903744;0;0;0;0;0;0;0;0;0;0;0;2514;0;0;89;0;140;0;
10044;8707440;1031372800;25567232;1119903744;0;0;0;0;0;0;0;0;0;0;0;3206;0;0;89;0;140;0;
10045;10008109;1031372800;25571328;1119907840;0;0;0;0;0;0;0;0;0;0;0;3406;0;0;89;0;140;0;
10046;5391571;1031372800;25571328;1119907840;0;0;0;0;0;0;0;0;0;0;0;3577;0;0;89;0;140;0;
10047;6381468;1031372800;25571328;1119907840;0;0;0;0;0;0;0;0;0;0;0;3276;0;0;89;0;140;0;
10048;5624328;1031372800;25571328;1119907840;0;0;0;0;0;0;0;0;0;0;0;3186;0;0;89;0;140;0;
10049;11154008;1033469952;25571328;1119907840;0;0;0;0;0;0;0;0;0;0;0;3787;0;0;89;0;140;0;
10050;9278010;1033994240;25571328;1119907840;0;0;0;0;0;0;0;0;0;0;0;4308;0;0;89;0;140;0;
10051;4762812;1033994240;25571328;1119907840;0;0;0;0;0;0;0;0;0;0;0;4128;0;0;89;0;140;0;
10052;6022053;1033994240;25571328;1119907840;0;0;0;0;0;0;0;0;0;0;0;3015;0;0;89;0;140;0;
10053;4055545;1033994240;25571328;1119907840;0;0;0;0;0;0;0;0;0;0;0;3145;0;0;89;0;140;0;
10054;8526791;1033994240;25571328;1119907840;0;0;0;0;0;0;0;0;0;0;0;3216;0;0;89;0;140;0;
10055;8129446;1028521984;18980864;1113317376;0;0;0;0;0;0;0;0;0;0;0;3156;0;0;89;0;140;0;
10056;5233615;1031962624;25567232;1119903744;0;0;0;0;0;0;0;0;0;0;0;3135;0;0;89;0;140;0;
10057;6394702;1031962624;25567232;1119903744;0;0;0;0;0;0;0;0;0;0;0;3666;0;0;89;0;140;0;
10058;4054964;1031962624;25567232;1119903744;0;0;0;0;0;0;0;0;0;0;0;3156;0;0;89;0;140;0;
10059;8013599;1034059776;25567232;1119903744;0;0;0;0;0;0;0;0;0;0;0;2725;0;0;89;0;140;0;
10060;6895812;1034059776;25567232;1119903744;0;0;0;0;0;0;0;0;0;0;0;3096;0;0;89;0;140;0;
10061;4739068;1034059776;25567232;1119903744;0;0;0;0;0;0;0;0;0;0;0;4128;0;0;89;0;140;0;
10062;4738817;1034059776;25567232;1119903744;0;0;0;0;0;0;0;0;0;0;0;2835;0;0;89;0;140;0;
10063;4799731;1034059776;25567232;1119903744;0;0;0;0;0;0;0;0;0;0;0;3106;0;0;89;0;140;0;
10064;8121110;1034059776;25567232;1119903744;0;0;0;0;0;0;0;0;0;0;0;3286;0;0;89;0;140;0;
10065;6383852;1034059776;25567232;1119903744;0;0;0;0;0;0;0;0;0;0;0;3126;0;0;89;0;140;0;
10066;4745460;1034059776;25567232;1119903744;0;0;0;0;0;0;0;0;0;0;0;2584;0;0;89;0;140;0;
10067;6240483;1034059776;25567232;1119903744;0;0;0;0;0;0;0;0;0;0;0;3407;0;0;89;0;140;0;
10068;4619423;1034059776;25567232;1119903744;0;0;0;0;0;0;0;0;0;0;0;3105;0;0;89;0;140;0;
10069;9432138;1034059776;25567232;1119903744;0;0;0;0;0;0;0;0;0;0;0;3236;0;0;89;0;140;0;
10070;7431187;1034059776;25567232;1119903744;0;0;0;0;0;0;0;0;0;0;0;3657;0;0;89;0;140;0;
10071;3279289;1034059776;25567232;1119903744;0;0;0;0;0;0;0;0;0;0;0;2505;0;0;89;0;140;0;
10072;4480042;1034059776;25567232;1119903744;0;0;0;0;0;0;0;0;0;0;0;3246;0;0;89;0;140;0;
10073;3966078;1034059776;25567232;1119903744;0;0;0;0;0;0;0;0;0;0;0;2806;0;0;89;0;140;0;
10074;7953145;1034059776;25567232;1119903744;0;0;0;0;0;0;0;0;0;0;0;3317;0;0;89;0;140;0;
10075;6094960;1034059776;25567232;1119903744;0;0;0;0;0;0;0;0;0;0;0;3055;0;0;89;0;140;0;
10076;4688212;1034059776;25567232;1119903744;0;0;0;0;0;0;0;0;0;0;0;3977;0;0;89;0;140;0;
10077;6999226;1034059776;25567232;1119903744;0;0;0;0;0;0;0;0;0;0;0;2505;0;0;89;0;140;0;
10078;3931443;1034059776;25567232;1119903744;0;0;0;0;0;0;0;0;0;0;0;3386;0;0;89;0;140;0;
10079;10953322;1034059776;25567232;1119903744;0;0;0;0;0;0;0;0;0;0;0;3156;0;0;89;0;140;0;
10080;8844026;1027178496;17072128;1111408640;0;0;0;0;0;0;0;0;0;0;0;3186;0;0;89;0;140;0;
10081;5278219;1027178496;17072128;1111408640;0;0;0;0;0;0;0;0;0;0;0;3427;0;0;89;0;140;0;
10082;5100796;1027178496;17072128;1111408640;0;0;0;0;0;0;0;0;0;0;0;3527;0;0;89;0;140;0;
10083;4566373;1027178496;17072128;1111408640;0;0;0;0;0;0;0;0;0;0;0;3206;0;0;89;0;140;0;
10084;12081197;1027178496;17072128;1111408640;0;0;0;0;0;0;0;0;0;0;0;2995;0;0;89;0;140;0;
10085;9260928;1027178496;17072128;1111408640;0;0;0;0;0;0;0;0;0;0;0;3516;0;0;89;0;140;0;
10086;3749803;1027178496;17072128;1111408640;0;0;0;0;0;0;0;0;0;0;0;2955;0;0;89;0;140;0;
10087;6929656;1027178496;17072128;1111408640;0;0;0;0;0;0;0;0;0;0;0;3146;0;0;89;0;140;0;
10088;3761935;1027178496;17072128;1111408640;0;0;0;0;0;0;0;0;0;0;0;3416;0;0;89;0;140;0;
10089;8684166;1029275648;25567232;1119903744;0;0;0;0;0;0;0;0;0;0;0;3326;0;0;89;0;140;0;
10090;7560619;1029275648;25567232;1119903744;0;0;0;0;0;0;0;0;0;0;0;3497;0;0;89;0;140;0;
10091;3681414;1029275648;25567232;1119903744;0;0;0;0;0;0;0;0;0;0;0;2916;0;0;89;0;140;0;
10092;5037618;1029275648;25567232;1119903744;0;0;0;0;0;0;0;0;0;0;0;3116;0;0;89;0;140;0;
10093;4778291;1029275648;25567232;1119903744;0;0;0;0;0;0;0;0;0;0;0;3437;0;0;89;0;140;0;
10094;8229533;1029275648;25567232;1119903744;0;0;0;0;0;0;0;0;0;0;0;3567;0;0;89;0;140;0;
10095;8606831;1029275648;25567232;1119903744;0;0;0;0;0;0;0;0;0;0;0;2585;0;0;89;0;140;0;
10096;1530280;1029275648;25567232;1119903744;0;0;0;0;0;0;0;0;0;0;0;2164;0;0;89;0;140;0;
10097;3960768;1029275648;25567232;1119903744;0;0;0;0;0;0;0;0;0;0;0;2785;0;0;89;0;140;0;
10098;3568443;1029275648;25567232;1119903744;0;0;0;0;0;0;0;0;0;0;0;2955;0;0;89;0;140;0;
10099;7814094;1029275648;25567232;1119903744;0;0;0;0;0;0;0;0;0;0;0;2805;0;0;89;0;140;0;
10100;7433661;1029275648;25567232;1119903744;0;0;0;0;0;0;0;0;0;0;0;2635;0;0;89;0;140;0;
10101;2784102;1029275648;25567232;1119903744;0;0;0;0;0;0;0;0;0;0;0;2786;0;0;89;0;140;0;
10102;3756675;1029275648;25567232;1119903744;0;0;0;0;0;0;0;0;0;0;0;2565;0;0;89;0;140;0;
10103;1926173;1029275648;25567232;1119903744;0;0;0;0;0;0;0;0;0;0;0;1894;0;0;89;0;140;0;
10104;7747089;1029275648;25567232;1119903744;0;0;0;0;0;0;0;0;0;0;0;3316;0;0;89;0;140;0;
10105;5396891;1027182592;17072128;1111408640;0;0;0;0;0;0;0;0;0;0;0;2274;0;0;89;0;140;0;
10106;2121438;1027182592;17072128;1111408640;0;0;0;0;0;0;0;0;0;0;0;2334;0;0;89;0;141;0;
10107;5044219;1027182592;17072128;1111408640;0;0;0;0;0;0;0;0;0;0;0;2505;0;0;89;0;141;0;
10108;2768742;1027182592;17072128;1111408640;0;0;0;0;0;0;0;0;0;0;0;2415;0;0;89;0;141;0;
10109;8952359;1027182592;17072128;1111408640;0;0;0;0;0;0;0;0;0;0;0;2845;0;0;89;0;141;0;
10110;5563644;1027182592;17072128;1111408640;0;0;0;0;0;0;0;0;0;0;0;3026;0;0;89;0;141;0;
10111;4887907;1027182592;17072128;1111408640;0;0;0;0;0;0;0;0;0;0;0;2525;0;0;89;0;141;0;
10112;3409204;1027182592;17072128;1111408640;0;0;0;0;0;0;0;0;0;0;0;2524;0;0;89;0;141;0;
10113;6635835;1029279744;25567232;1119903744;0;0;0;0;0;0;0;0;0;0;0;3426;0;0;89;0;141;0;
10114;1775069;1029279744;25567232;1119903744;0;0;0;0;0;0;0;0;0;0;0;2004;0;0;89;0;141;0;
10115;10289677;1031376896;25567232;1119903744;0;0;0;0;0;0;0;0;0;0;0;33643;0;0;89;0;141;0;
10116;5998189;1031376896;25567232;1119903744;0;0;0;0;0;0;0;0;0;0;0;3296;0;0;89;0;141;0;
10117;4077668;1031376896;25567232;1119903744;0;0;0;0;0;0;0;0;0;0;0;33092;0;0;89;0;141;0;
10118;4730171;1031376896;25567232;1119903744;0;0;0;0;0;0;0;0;0;0;0;2745;0;0;89;0;141;0;
10119;4428685;1033474048;25567232;1119903744;0;0;0;0;0;0;0;0;0;0;0;3196;0;0;89;0;141;0;
10120;8072650;1033998336;25567232;1119903744;0;0;0;0;0;0;0;0;0;0;0;3015;0;0;89;0;141;0;
10121;7654936;1033998336;25567232;1119903744;0;0;0;0;0;0;0;0;0;0;0;2725;0;0;89;0;141;0;
10122;2870072;1033998336;25567232;1119903744;0;0;0;0;0;0;0;0;0;0;0;2235;0;0;89;0;141;0;
10123;4826181;1033998336;25567232;1119903744;0;0;0;0;0;0;0;0;0;0;0;2716;0;0;89;0;141;0;
10124;5255366;1033998336;25567232;1119903744;0;0;0;0;0;0;0;0;0;0;0;2916;0;0;89;0;141;0;
10125;10282584;1033998336;25567232;1119903744;0;0;0;0;0;0;0;0;0;0;0;2866;0;0;89;0;141;0;
10126;6316726;1028583424;18980864;1113317376;0;0;0;0;0;0;0;0;0;0;0;2545;0;0;89;0;141;0;
10127;5327892;1028583424;18980864;1113317376;0;0;0;0;0;0;0;0;0;0;0;3156;0;0;89;0;141;0;
10128;5404535;1028583424;18980864;1113317376;0;0;0;0;0;0;0;0;0;0;0;3486;0;0;89;0;141;0;
10129;4023506;1028583424;18980864;1113317376;0;0;0;0;0;0;0;0;0;0;0;3267;0;0;89;0;141;0;
10130;11056515;1028583424;18980864;1113317376;0;0;0;0;0;0;0;0;0;0;0;3206;0;0;89;0;141;0;
10131;5119311;1028583424;18980864;1113317376;0;0;0;0;0;0;0;0;0;0;0;2795;0;0;89;0;141;0;
10132;4978427;1028583424;18980864;1113317376;0;0;0;0;0;0;0;0;0;0;0;3817;0;0;89;0;142;0;
10133;4039926;1028583424;18980864;1113317376;0;0;0;0;0;0;0;0;0;0;0;2715;0;0;89;0;142;0;
10134;2069181;1028583424;18980864;1113317376;0;0;0;0;0;0;0;0;0;0;0;2064;0;0;89;0;142;0;
10135;11300252;1028583424;18980864;1113317376;0;0;0;0;0;0;0;0;0;0;0;3276;0;0;89;0;142;0;
10136;8331405;1028583424;18980864;1113317376;0;0;0;0;0;0;0;0;0;0;0;2936;0;0;89;0;142;0;
10137;4945505;1028583424;18980864;1113317376;0;0;0;0;0;0;0;0;0;0;0;2584;0;0;89;0;142;0;
10138;6071617;1032024064;25567232;1119903744;0;0;0;0;0;0;0;0;0;0;0;3366;0;0;89;0;142;0;
10139;4532972;1032024064;25567232;1119903744;0;0;0;0;0;0;0;0;0;0;0;3607;0;0;89;0;142;0;
10140;8658188;1034121216;25567232;1119903744;0;0;0;0;0;0;0;0;0;0;0;2945;0;0;89;0;142;0;
10141;3764250;1034121216;25567232;1119903744;0;0;0;0;0;0;0;0;0;0;0;2655;0;0;89;0;142;0;
10142;2540876;1034121216;25567232;1119903744;0;0;0;0;0;0;0;0;0;0;0;2405;0;0;89;0;142;0;
10143;4351080;1034121216;25567232;1119903744;0;0;0;0;0;0;0;0;0;0;0;2645;0;0;89;0;142;0;
10144;2226265;1034121216;25567232;1119903744;0;0;0;0;0;0;0;0;0;0;0;2535;0;0;89;0;142;0;
10145;10121492;1034121216;25567232;1119903744;0;0;0;0;0;0;0;0;0;0;0;2735;0;0;89;0;142;0;
10146;6333818;1034121216;25567232;1119903744;0;0;0;0;0;0;0;0;0;0;0;3277;0;0;89;0;144;0;
10147;3179072;1034121216;25567232;1119903744;0;0;0;0;0;0;0;0;0;0;0;2225;0;0;89;0;144;0;
10148;3750804;1034121216;25567232;1119903744;0;0;0;0;0;0;0;0;0;0;0;2304;0;0;89;0;144;0;
10149;1361032;1034121216;25567232;1119903744;0;0;0;0;0;0;0;0;0;0;0;2195;0;0;89;0;144;0;
10150;7089535;1034121216;25567232;1119903744;0;0;0;0;0;0;0;0;0;0;0;2965;0;0;89;0;144;0;
10151;7906728;1027215360;17072128;1111408640;0;0;0;0;0;0;0;0;0;0;0;3547;0;0;89;0;144;0;
10152;3790880;1027215360;17072128;1111408640;0;0;0;0;0;0;0;0;0;0;0;2975;0;0;89;0;144;0;
10153;4697750;1027215360;17072128;1111408640;0;0;0;0;0;0;0;0;0;0;0;17002;0;0;89;0;144;0;
10154;3146130;1027215360;17072128;1111408640;0;0;0;0;0;0;0;0;0;0;0;2895;0;0;89;0;144;0;
10155;7510365;1027215360;17072128;1111408640;0;0;0;0;0;0;0;0;0;0;0;2735;0;0;89;0;144;0;
10156;7856534;1027215360;17072128;1111408640;0;0;0;0;0;0;0;0;0;0;0;3005;0;0;89;0;144;0;
10157;5023571;1027215360;17072128;1111408640;0;0;0;0;0;0;0;0;0;0;0;2555;0;0;89;0;144;0;
10158;4641474;1027215360;17072128;1111408640;0;0;0;0;0;0;0;0;0;0;0;2695;0;0;89;0;144;0;
10159;3691123;1027215360;17072128;1111408640;0;0;0;0;0;0;0;0;0;0;0;2625;0;0;89;0;144;0;
10160;10181704;1029312512;25567232;1119903744;0;0;0;0;0;0;0;0;0;0;0;4127;0;0;89;0;144;0;
10161;7959837;1029312512;25567232;1119903744;0;0;0;0;0;0;0;0;0;0;0;4098;0;0;89;0;145;0;
10162;4115288;1029312512;25567232;1119903744;0;0;0;0;0;0;0;0;0;0;0;2565;0;0;89;0;145;0;
10163;4961114;1029312512;25567232;1119903744;0;0;0;0;0;0;0;0;0;0;0;4228;0;0;89;0;145;0;
10164;3859578;1029312512;25567232;1119903744;0;0;0;0;0;0;0;0;0;0;0;2655;0;0;89;0;145;0;
10165;9805489;1029312512;25567232;1119903744;0;0;0;0;0;0;0;0;0;0;0;2985;0;0;89;0;145;0;
10166;4257364;1029312512;25567232;1119903744;0;0;0;0;0;0;0;0;0;0;0;3366;0;0;89;0;145;0;
10167;3661447;1029312512;25567232;1119903744;0;0;0;0;0;0;0;0;0;0;0;1844;0;0;89;0;145;0;
10168;3520732;1029312512;25567232;1119903744;0;0;0;0;0;0;0;0;0;0;0;3256;0;0;89;0;145;0;
10169;5284891;1029312512;25567232;1119903744;0;0;0;0;0;0;0;0;0;0;0;2795;0;0;89;0;145;0;
10170;3286363;1029312512;25567232;1119903744;0;0;0;0;0;0;0;0;0;0;0;2515;0;0;89;0;145;0;
10171;8080805;1029312512;25567232;1119903744;0;0;0;0;0;0;0;0;0;0;0;2595;0;0;89;0;145;0;
10172;4733187;1029312512;25567232;1119903744;0;0;0;0;0;0;0;0;0;0;0;2766;0;0;89;0;145;0;
10173;3297745;1029312512;25567232;1119903744;0;0;0;0;0;0;0;0;0;0;0;2104;0;0;89;0;145;0;
10174;5215721;1029312512;25567232;1119903744;0;0;0;0;0;0;0;0;0;0;0;3066;0;0;89;0;145;0;
10175;4234821;1029312512;25567232;1119903744;0;0;0;0;0;0;0;0;0;0;0;2976;0;0;89;0;145;0;
10176;11010309;1029312512;25567232;1119903744;0;0;0;0;0;0;0;0;0;0;0;3586;0;0;89;0;145;0;
10177;7020496;1029312512;25567232;1119903744;0;0;0;0;0;0;0;0;0;0;0;2885;0;0;89;0;145;0;
10178;3984483;1029312512;25567232;1119903744;0;0;0;0;0;0;0;0;0;0;0;2985;0;0;89;0;145;0;
10179;7667209;1029312512;25567232;1119903744;0;0;0;0;0;0;0;0;0;0;0;2795;0;0;89;0;145;0;
10180;4535125;1029312512;25567232;1119903744;0;0;0;0;0;0;0;0;0;0;0;3116;0;0;89;0;145;0;
10181;7515665;1029312512;25567232;1119903744;0;0;0;0;0;0;0;0;0;0;0;2865;0;0;89;0;145;0;
10182;4936367;1029312512;25567232;1119903744;0;0;0;0;0;0;0;0;0;0;0;3276;0;0;89;0;145;0;
10183;2358483;1029312512;25567232;1119903744;0;0;0;0;0;0;0;0;0;0;0;2084;0;0;89;0;145;0;
10184;5274191;1029312512;25567232;1119903744;0;0;0;0;0;0;0;0;0;0;0;2836;0;0;89;0;145;0;
10185;3143746;1029312512;25567232;1119903744;0;0;0;0;0;0;0;0;0;0;0;8145;0;0;89;0;146;0;
10186;10112665;1029312512;25567232;1119903744;0;0;0;0;0;0;0;0;0;0;0;3126;0;0;89;0;146;0;
10187;6693703;1029312512;25567232;1119903744;0;0;0;0;0;0;0;0;0;0;0;2635;0;0;89;0;146;0;
10188;4416933;1029312512;25567232;1119903744;0;0;0;0;0;0;0;0;0;0;0;2705;0;0;89;0;148;0;
10189;1734132;1029312512;25567232;1119903744;0;0;0;0;0;0;0;0;0;0;0;2264;0;0;89;0;148;0;
10190;4135306;1029312512;25567232;1119903744;0;0;0;0;0;0;0;0;0;0;0;2325;0;0;89;0;148;0;
10191;3103781;1029312512;25567232;1119903744;0;0;0;0;0;0;0;0;0;0;0;2975;0;0;89;0;148;0;
10192;8476436;1029312512;25567232;1119903744;0;0;0;0;0;0;0;0;0;0;0;2415;0;0;89;0;148;0;
10193;5917348;1029312512;25567232;1119903744;0;0;0;0;0;0;0;0;0;0;0;3316;0;0;89;0;148;0;
10194;3640627;1029312512;25567232;1119903744;0;0;0;0;0;0;0;0;0;0;0;2044;0;0;89;0;148;0;
10195;3599260;1029312512;25567232;1119903744;0;0;0;0;0;0;0;0;0;0;0;2305;0;0;89;0;148;0;
10196;5225029;1029312512;25567232;1119903744;0;0;0;0;0;0;0;0;0;0;0;2635;0;0;89;0;148;0;
10197;3834721;1029312512;25567232;1119903744;0;0;0;0;0;0;0;0;0;0;0;2605;0;0;89;0;148;0;
10198;9265396;1029312512;25567232;1119903744;0;0;0;0;0;0;0;0;0;0;0;3086;0;0;89;0;148;0;
10199;8090492;1029312512;25567232;1119903744;0;0;0;0;0;0;0;0;0;0;0;3136;0;0;89;0;148;0;
10200;2568407;1029312512;25567232;1119903744;0;0;0;0;0;0;0;0;0;0;0;2385;0;0;89;0;148;0;
10201;3882151;1029312512;25567232;1119903744;0;0;0;0;0;0;0;0;0;0;0;2265;0;0;89;0;148;0;
10202;5073034;1029312512;25567232;1119903744;0;0;0;0;0;0;0;0;0;0;0;2865;0;0;89;0;148;0;
10203;12103058;1029312512;25567232;1119903744;0;0;0;0;0;0;0;0;0;0;0;2895;0;0;89;0;148;0;
10204;7092782;1029312512;25567232;1119903744;0;0;0;0;0;0;0;0;0;0;0;2615;0;0;89;0;148;0;
10205;3126142;1029312512;25567232;1119903744;0;0;0;0;0;0;0;0;0;0;0;2756;0;0;89;0;148;0;
10206;5832337;1029312512;25567232;1119903744;0;0;0;0;0;0;0;0;0;0;0;3186;0;0;89;0;148;0;
10207;4285868;1029312512;25567232;1119903744;0;0;0;0;0;0;0;0;0;0;0;2404;0;0;89;0;148;0;
10208;7615842;1029312512;25567232;1119903744;0;0;0;0;0;0;0;0;0;0;0;2755;0;0;89;0;148;0;
10209;4159020;1029312512;25567232;1119903744;0;0;0;0;0;0;0;0;0;0;0;2705;0;0;89;0;148;0;
10210;2818957;1029312512;25567232;1119903744;0;0;0;0;0;0;0;0;0;0;0;2205;0;0;89;0;148;0;
10211;5218437;1029312512;25567232;1119903744;0;0;0;0;0;0;0;0;0;0;0;2805;0;0;89;0;148;0;
10212;4023706;1029312512;25567232;1119903744;0;0;0;0;0;0;0;0;0;0;0;2534;0;0;89;0;148;0;
10213;12615940;1029312512;25567232;1119903744;0;0;0;0;0;0;0;0;0;0;0;3146;0;0;89;0;148;0;
10214;7938949;1029312512;25567232;1119903744;0;0;0;0;0;0;0;0;0;0;0;27421;0;0;89;0;148;0;
10215;2365115;1029312512;25567232;1119903744;0;0;0;0;0;0;0;0;0;0;0;2094;0;0;89;0;148;0;
10216;3938827;1029312512;25567232;1119903744;0;0;0;0;0;0;0;0;0;0;0;2665;0;0;89;0;148;0;
10217;4600738;1029312512;25567232;1119903744;0;0;0;0;0;0;0;0;0;0;0;2534;0;0;89;0;148;0;
10218;6813979;1029312512;25567232;1119903744;0;0;0;0;0;0;0;0;0;0;0;2826;0;0;89;0;148;0;
10219;4940114;1029312512;25567232;1119903744;0;0;0;0;0;0;0;0;0;0;0;2745;0;0;89;0;148;0;
10220;4700775;1027239936;17072128;1111408640;0;0;0;0;0;0;0;0;0;0;0;2735;0;0;89;0;148;0;
10221;2330020;1027239936;17072128;1111408640;0;0;0;0;0;0;0;0;0;0;0;2144;0;0;89;0;148;0;
10222;1773516;1027239936;17072128;1111408640;0;0;0;0;0;0;0;0;0;0;0;1553;0;0;89;0;148;0;
10223;1363457;1027239936;17072128;1111408640;0;0;0;0;0;0;0;0;0;0;0;3085;0;0;89;0;148;0;
10224;8230816;1029337088;25567232;1119903744;0;0;0;0;0;0;0;0;0;0;0;1884;0;0;89;0;148;0;
10225;7110895;1029337088;25567232;1119903744;0;0;0;0;0;0;0;0;0;0;0;3036;0;0;89;0;148;0;
10226;4232798;1029337088;25567232;1119903744;0;0;0;0;0;0;0;0;0;0;0;3497;0;0;89;0;149;0;
10227;3736066;1029337088;25567232;1119903744;0;0;0;0;0;0;0;0;0;0;0;2264;0;0;89;0;149;0;
10228;3739663;1029337088;25567232;1119903744;0;0;0;0;0;0;0;0;0;0;0;2575;0;0;89;0;149;0;
10229;9424955;1029337088;25567232;1119903744;0;0;0;0;0;0;0;0;0;0;0;4098;0;0;89;0;149;0;
10230;5146341;1029337088;25567232;1119903744;0;0;0;0;0;0;0;0;0;0;0;3287;0;0;89;0;149;0;
10231;2522631;1029337088;25567232;1119903744;0;0;0;0;0;0;0;0;0;0;0;3366;0;0;89;0;150;0;
10232;2306636;1029337088;25567232;1119903744;0;0;0;0;0;0;0;0;0;0;0;2445;0;0;89;0;150;0;
10233;1985513;1029337088;25567232;1119903744;0;0;0;0;0;0;0;0;0;0;0;1743;0;0;89;0;150;0;
10234;10446211;1029337088;25567232;1119903744;0;0;0;0;0;0;0;0;0;0;0;3026;0;0;89;0;150;0;
10235;9753682;1029337088;25567232;1119903744;0;0;0;0;0;0;0;0;0;0;0;5601;0;0;89;0;150;0;
10236;3390999;1029337088;25567232;1119903744;0;0;0;0;0;0;0;0;0;0;0;3216;0;0;89;0;150;0;
10237;3696232;1029337088;25567232;1119903744;0;0;0;0;0;0;0;0;0;0;0;2454;0;0;89;0;150;0;
10238;3109381;1029337088;25567232;1119903744;0;0;0;0;0;0;0;0;0;0;0;2455;0;0;89;0;150;0;
10239;8565824;1029337088;25567232;1119903744;0;0;0;0;0;0;0;0;0;0;0;3306;0;0;89;0;150;0;
10240;10378925;1027248128;17072128;1111408640;0;0;0;0;0;0;0;0;0;0;0;2996;0;0;89;0;150;0;
10241;4826111;1027248128;17072128;1111408640;0;0;0;0;0;0;0;0;0;0;0;2775;0;0;89;0;150;0;
10242;4839235;1027248128;17072128;1111408640;0;0;0;0;0;0;0;0;0;0;0;2414;0;0;89;0;150;0;
10243;3675142;1027248128;17072128;1111408640;0;0;0;0;0;0;0;0;0;0;0;2505;0;0;89;0;150;0;
10244;9461614;1027248128;17072128;1111408640;0;0;0;0;0;0;0;0;0;0;0;2895;0;0;89;0;150;0;
10245;5986206;1027248128;17072128;1111408640;0;0;0;0;0;0;0;0;0;0;0;2605;0;0;89;0;150;0;
10246;2512833;1027248128;17072128;1111408640;0;0;0;0;0;0;0;0;0;0;0;3016;0;0;89;0;150;0;
10247;5620510;1027248128;17072128;1111408640;0;0;0;0;0;0;0;0;0;0;0;3256;0;0;89;0;150;0;
10248;1972910;1027248128;17072128;1111408640;0;0;0;0;0;0;0;0;0;0;0;2855;0;0;89;0;150;0;
10249;7064449;1027248128;17072128;1111408640;0;0;0;0;0;0;0;0;0;0;0;2765;0;0;89;0;150;0;
10250;6180290;1027248128;17072128;1111408640;0;0;0;0;0;0;0;0;0;0;0;3286;0;0;89;0;150;0;
10251;3125391;1027248128;17072128;1111408640;0;0;0;0;0;0;0;0;0;0;0;2765;0;0;89;0;150;0;
10252;5193991;1027248128;17072128;1111408640;0;0;0;0;0;0;0;0;0;0;0;3326;0;0;89;0;150;0;
10253;4341923;1027248128;17072128;1111408640;0;0;0;0;0;0;0;0;0;0;0;3496;0;0;89;0;150;0;
10254;9002222;1029345280;25567232;1119903744;0;0;0;0;0;0;0;0;0;0;0;3086;0;0;89;0;150;0;
10255;3551210;1029345280;25567232;1119903744;0;0;0;0;0;0;0;0;0;0;0;2905;0;0;89;0;150;0;
10256;4431571;1029345280;25567232;1119903744;0;0;0;0;0;0;0;0;0;0;0;2295;0;0;89;0;150;0;
10257;3990133;1029345280;25567232;1119903744;0;0;0;0;0;0;0;0;0;0;0;2815;0;0;89;0;150;0;
10258;3145079;1029345280;25567232;1119903744;0;0;0;0;0;0;0;0;0;0;0;3186;0;0;89;0;150;0;
10259;8115169;1029345280;25567232;1119903744;0;0;0;0;0;0;0;0;0;0;0;3035;0;0;89;0;150;0;
10260;6544834;1029345280;25567232;1119903744;0;0;0;0;0;0;0;0;0;0;0;3506;0;0;89;0;150;0;
10261;2729158;1029345280;25567232;1119903744;0;0;0;0;0;0;0;0;0;0;0;2665;0;0;89;0;150;0;
10262;3951771;1029345280;25567232;1119903744;0;0;0;0;0;0;0;0;0;0;0;2916;0;0;89;0;150;0;
10263;4269507;1029345280;25567232;1119903744;0;0;0;0;0;0;0;0;0;0;0;3427;0;0;89;0;150;0;
10264;9482854;1029345280;25567232;1119903744;0;0;0;0;0;0;0;0;0;0;0;3617;0;0;89;0;150;0;
10265;7647021;1029345280;25567232;1119903744;0;0;0;0;0;0;0;0;0;0;0;3697;0;0;89;0;150;0;
10266;2935626;1029345280;25567232;1119903744;0;0;0;0;0;0;0;0;0;0;0;3316;0;0;89;0;150;0;
10267;5023792;1029345280;25567232;1119903744;0;0;0;0;0;0;0;0;0;0;0;3306;0;0;89;0;150;0;
10268;2890741;1029345280;25567232;1119903744;0;0;0;0;0;0;0;0;0;0;0;3015;0;0;89;0;150;0;
10269;9470971;1029345280;25567232;1119903744;0;0;0;0;0;0;0;0;0;0;0;2665;0;0;89;0;150;0;
10270;4947368;1027248128;17072128;1111408640;0;0;0;0;0;0;0;0;0;0;0;2545;0;0;89;0;150;0;
10271;1882501;1027248128;17072128;1111408640;0;0;0;0;0;0;0;0;0;0;0;2184;0;0;89;0;150;0;
10272;3171287;1027248128;17072128;1111408640;0;0;0;0;0;0;0;0;0;0;0;2564;0;0;89;0;150;0;
10273;2496913;1027248128;17072128;1111408640;0;0;0;0;0;0;0;0;0;0;0;1743;0;0;89;0;150;0;
10274;8237288;1029345280;25567232;1119903744;0;0;0;0;0;0;0;0;0;0;0;3186;0;0;89;0;150;0;
10275;6716877;1029345280;25567232;1119903744;0;0;0;0;0;0;0;0;0;0;0;3967;0;0;89;0;150;0;
10276;3793885;1029345280;25567232;1119903744;0;0;0;0;0;0;0;0;0;0;0;2645;0;0;89;0;150;0;
10277;4656212;1029345280;25567232;1119903744;0;0;0;0;0;0;0;0;0;0;0;2755;0;0;89;0;150;0;
10278;1850681;1029345280;25567232;1119903744;0;0;0;0;0;0;0;0;0;0;0;1402;0;0;89;0;150;0;
10279;6491233;1029345280;25567232;1119903744;0;0;0;0;0;0;0;0;0;0;0;2935;0;0;89;0;150;0;
10280;7442387;1029345280;25567232;1119903744;0;0;0;0;0;0;0;0;0;0;0;4228;0;0;89;0;150;0;
10281;5071601;1029345280;25567232;1119903744;0;0;0;0;0;0;0;0;0;0;0;160050;0;0;89;0;150;0;
10282;4498987;1029345280;25567232;1119903744;0;0;0;0;0;0;0;0;0;0;0;3116;0;0;89;0;150;0;
10283;10457311;1029345280;25567232;1119903744;0;0;0;0;0;0;0;0;0;0;0;3447;0;0;89;0;150;0;
10284;7037227;1029345280;25567232;1119903744;0;0;0;0;0;0;0;0;0;0;0;3637;0;0;89;0;150;0;
10285;5748811;1029345280;25567232;1119903744;0;0;0;0;0;0;0;0;0;0;0;2805;0;0;89;0;150;0;
10286;4197201;1029345280;25567232;1119903744;0;0;0;0;0;0;0;0;0;0;0;2565;0;0;89;0;150;0;
10287;5154948;1029345280;25567232;1119903744;0;0;0;0;0;0;0;0;0;0;0;4478;0;0;89;0;150;0;
10288;2762080;1029345280;25567232;1119903744;0;0;0;0;0;0;0;0;0;0;0;2725;0;0;89;0;150;0;
10289;7186377;1029345280;25567232;1119903744;0;0;0;0;0;0;0;0;0;0;0;2405;0;0;89;0;150;0;
10290;8183928;1029345280;25567232;1119903744;0;0;0;0;0;0;0;0;0;0;0;4178;0;0;89;0;150;0;
10291;5396751;1029345280;25567232;1119903744;0;0;0;0;0;0;0;0;0;0;0;3196;0;0;89;0;150;0;
10292;4491954;1029345280;25567232;1119903744;0;0;0;0;0;0;0;0;0;0;0;3546;0;0;89;0;150;0;
10293;5965628;1029345280;25567232;1119903744;0;0;0;0;0;0;0;0;0;0;0;2765;0;0;89;0;150;0;
10294;3155858;1029345280;25567232;1119903744;0;0;0;0;0;0;0;0;0;0;0;3306;0;0;89;0;150;0;
10295;11176801;1029345280;25567232;1119903744;0;0;0;0;0;0;0;0;0;0;0;2545;0;0;89;0;150;0;
10296;7193471;1029345280;25567232;1119903744;0;0;0;0;0;0;0;0;0;0;0;2725;0;0;89;0;150;0;
10297;11568134;1029345280;25567232;1119903744;0;0;0;0;0;0;0;0;0;0;0;3246;0;0;89;0;150;0;
10298;5596797;1029345280;25567232;1119903744;0;0;0;0;0;0;0;0;0;0;0;3156;0;0;89;0;150;0;
10299;9213038;1029345280;25567232;1119903744;0;0;0;0;0;0;0;0;0;0;0;2775;0;0;89;0;150;0;
10300;6359486;1029345280;25567232;1119903744;0;0;0;0;0;0;0;0;0;0;0;2956;0;0;89;0;150;0;
10301;4821863;1029345280;25567232;1119903744;0;0;0;0;0;0;0;0;0;0;0;3266;0;0;89;0;150;0;
10302;3566429;1029345280;25567232;1119903744;0;0;0;0;0;0;0;0;0;0;0;2835;0;0;89;0;150;0;
10303;7441125;1029345280;25567232;1119903744;0;0;0;0;0;0;0;0;0;0;0;2735;0;0;89;0;150;0;
10304;7661227;1027248128;17072128;1111408640;0;0;0;0;0;0;0;0;0;0;0;3326;0;0;89;0;150;0;
10305;5155368;1027248128;17072128;1111408640;0;0;0;0;0;0;0;0;0;0;0;3427;0;0;89;0;150;0;
10306;4227939;1027248128;17072128;1111408640;0;0;0;0;0;0;0;0;0;0;0;3277;0;0;89;0;150;0;
10307;7665185;1029345280;25567232;1119903744;0;0;0;0;0;0;0;0;0;0;0;2735;0;0;89;0;150;0;
10308;5785179;1029345280;25567232;1119903744;0;0;0;0;0;0;0;0;0;0;0;2835;0;0;89;0;150;0;
10309;5738131;1029345280;25567232;1119903744;0;0;0;0;0;0;0;0;0;0;0;3667;0;0;89;0;150;0;
10310;4239090;1029345280;25567232;1119903744;0;0;0;0;0;0;0;0;0;0;0;2875;0;0;89;0;150;0;
10311;8407177;1029345280;25567232;1119903744;0;0;0;0;0;0;0;0;0;0;0;2765;0;0;89;0;150;0;
10312;6790355;1029345280;25567232;1119903744;0;0;0;0;0;0;0;0;0;0;0;3066;0;0;89;0;150;0;
10313;5338582;1029345280;25567232;1119903744;0;0;0;0;0;0;0;0;0;0;0;4278;0;0;89;0;150;0;
10314;3208598;1029345280;25567232;1119903744;0;0;0;0;0;0;0;0;0;0;0;2615;0;0;89;0;150;0;
10315;9990556;1029345280;25567232;1119903744;0;0;0;0;0;0;0;0;0;0;0;2796;0;0;89;0;150;0;
10316;6356501;1029345280;25567232;1119903744;0;0;0;0;0;0;0;0;0;0;0;3587;0;0;89;0;150;0;
10317;5072723;1029345280;25567232;1119903744;0;0;0;0;0;0;0;0;0;0;0;3577;0;0;89;0;150;0;
10318;3019733;1029345280;25567232;1119903744;0;0;0;0;0;0;0;0;0;0;0;3606;0;0;89;0;150;0;
10319;7618798;1029345280;25567232;1119903744;0;0;0;0;0;0;0;0;0;0;0;2384;0;0;89;0;150;0;
10320;6743216;1029345280;25567232;1119903744;0;0;0;0;0;0;0;0;0;0;0;3196;0;0;89;0;150;0;
10321;10558201;1029345280;25567232;1119903744;0;0;0;0;0;0;0;0;0;0;0;3236;0;0;89;0;150;0;
10322;5304228;1029345280;25567232;1119903744;0;0;0;0;0;0;0;0;0;0;0;2725;0;0;89;0;150;0;
10323;8575994;1029345280;25567232;1119903744;0;0;0;0;0;0;0;0;0;0;0;3156;0;0;89;0;150;0;
10324;6888969;1029345280;25567232;1119903744;0;0;0;0;0;0;0;0;0;0;0;3797;0;0;89;0;150;0;
10325;8376028;1029345280;25567232;1119903744;0;0;0;0;0;0;0;0;0;0;0;2605;0;0;89;0;150;0;
10326;5474336;1027248128;17072128;1111408640;0;0;0;0;0;0;0;0;0;0;0;3075;0;0;89;0;150;0;
10327;4730942;1027248128;17072128;1111408640;0;0;0;0;0;0;0;0;0;0;0;121828;0;0;89;0;150;0;
10328;3590273;1027248128;17072128;1111408640;0;0;0;0;0;0;0;0;0;0;0;2795;0;0;89;0;150;0;
10329;3241348;1027248128;17072128;1111408640;0;0;0;0;0;0;0;0;0;0;0;3737;0;0;89;0;150;0;
10330;7701564;1029345280;25567232;1119903744;0;0;0;0;0;0;0;0;0;0;0;2535;0;0;89;0;150;0;
10331;4973647;1029345280;25567232;1119903744;0;0;0;0;0;0;0;0;0;0;0;2745;0;0;89;0;150;0;
10332;8237158;1029345280;25567232;1119903744;0;0;0;0;0;0;0;0;0;0;0;2315;0;0;89;0;150;0;
10333;5629498;1029345280;25567232;1119903744;0;0;0;0;0;0;0;0;0;0;0;3116;0;0;89;0;150;0;
10334;7102360;1029345280;25567232;1119903744;0;0;0;0;0;0;0;0;0;0;0;2375;0;0;89;0;150;0;
10335;4403127;1029345280;25567232;1119903744;0;0;0;0;0;0;0;0;0;0;0;3376;0;0;89;0;150;0;
10336;8302129;1029345280;25567232;1119903744;0;0;0;0;0;0;0;0;0;0;0;3116;0;0;89;0;150;0;
10337;5299589;1029345280;25567232;1119903744;0;0;0;0;0;0;0;0;0;0;0;2615;0;0;89;0;150;0;
10338;2124334;1029345280;25567232;1119903744;0;0;0;0;0;0;0;0;0;0;0;1984;0;0;89;0;150;0;
10339;3049439;1029345280;25567232;1119903744;0;0;0;0;0;0;0;0;0;0;0;1754;0;0;89;0;150;0;
10340;3036585;1029345280;25567232;1119903744;0;0;0;0;0;0;0;0;0;0;0;3036;0;0;89;0;150;0;
10341;7542225;1029345280;25567232;1119903744;0;0;0;0;0;0;0;0;0;0;0;2474;0;0;89;0;150;0;
10342;6964171;1029345280;25567232;1119903744;0;0;0;0;0;0;0;0;0;0;0;3847;0;0;89;0;150;0;
10343;6966725;1029345280;25567232;1119903744;0;0;0;0;0;0;0;0;0;0;0;3417;0;0;89;0;150;0;
10344;3443357;1029345280;25567232;1119903744;0;0;0;0;0;0;0;0;0;0;0;3206;0;0;89;0;150;0;
10345;8722959;1029345280;25567232;1119903744;0;0;0;0;0;0;0;0;0;0;0;2475;0;0;89;0;150;0;
10346;4518303;1029345280;25567232;1119903744;0;0;0;0;0;0;0;0;0;0;0;2956;0;0;89;0;150;0;
10347;1739412;1029345280;25567232;1119903744;0;0;0;0;0;0;0;0;0;0;0;1783;0;0;89;0;150;0;
10348;2594075;1029345280;25567232;1119903744;0;0;0;0;0;0;0;0;0;0;0;1823;0;0;89;0;150;0;
10349;1425854;1029345280;25567232;1119903744;0;0;0;0;0;0;0;0;0;0;0;1753;0;0;89;0;150;0;
10350;9693479;1029345280;25567232;1119903744;0;0;0;0;0;0;0;0;0;0;0;2945;0;0;89;0;150;0;
10351;5304759;1029345280;25567232;1119903744;0;0;0;0;0;0;0;0;0;0;0;2956;0;0;89;0;150;0;
10352;2111449;1029345280;25567232;1119903744;0;0;0;0;0;0;0;0;0;0;0;1944;0;0;89;0;150;0;
10353;4408328;1029345280;25567232;1119903744;0;0;0;0;0;0;0;0;0;0;0;1974;0;0;89;0;150;0;
10354;3426246;1029345280;25567232;1119903744;0;0;0;0;0;0;0;0;0;0;0;2395;0;0;89;0;150;0;
10355;8059214;1029345280;25567232;1119903744;0;0;0;0;0;0;0;0;0;0;0;2966;0;0;89;0;150;0;
10356;4617169;1029345280;25567232;1119903744;0;0;0;0;0;0;0;0;0;0;0;2494;0;0;89;0;150;0;
10357;8399602;1029345280;25567232;1119903744;0;0;0;0;0;0;0;0;0;0;0;2384;0;0;89;0;150;0;
10358;5499364;1029345280;25567232;1119903744;0;0;0;0;0;0;0;0;0;0;0;3036;0;0;89;0;150;0;
10359;5879807;1029345280;25567232;1119903744;0;0;0;0;0;0;0;0;0;0;0;1703;0;0;89;0;150;0;
10360;5426005;1029345280;25567232;1119903744;0;0;0;0;0;0;0;0;0;0;0;3126;0;0;89;0;150;0;
10361;7736579;1029345280;25567232;1119903744;0;0;0;0;0;0;0;0;0;0;0;2745;0;0;89;0;150;0;
10362;4440588;1023471616;13295616;1107632128;0;0;0;0;0;0;0;0;0;0;0;4619;0;0;89;0;150;0;
10363;5763759;1023471616;13295616;1107632128;0;0;0;0;0;0;0;0;0;0;0;1523;0;0;89;0;150;0;
10364;5567862;1023471616;13295616;1107632128;0;0;0;0;0;0;0;0;0;0;0;2444;0;0;89;0;150;0;
10365;8333959;1025089536;17068032;1111404544;0;0;0;0;0;0;0;0;0;0;0;2465;0;0;89;0;150;0;
10366;6783071;1025089536;17068032;1111404544;0;0;0;0;0;0;0;0;0;0;0;2896;0;0;89;0;150;0;
10367;8531300;1025089536;17068032;1111404544;0;0;0;0;0;0;0;0;0;0;0;2896;0;0;89;0;150;0;
10368;6048744;1025089536;17068032;1111404544;0;0;0;0;0;0;0;0;0;0;0;2775;0;0;89;0;150;0;
10369;8461779;1025089536;17068032;1111404544;0;0;0;0;0;0;0;0;0;0;0;1904;0;0;89;0;150;0;
10370;8028747;1025089536;17068032;1111404544;0;0;0;0;0;0;0;0;0;0;0;2946;0;0;89;0;150;0;
10371;7124862;1025089536;17068032;1111404544;0;0;0;0;0;0;0;0;0;0;0;2936;0;0;89;0;150;0;
10372;4076745;1025089536;17068032;1111404544;0;0;0;0;0;0;0;0;0;0;0;3536;0;0;89;0;150;0;
10373;7834903;1025089536;17068032;1111404544;0;0;0;0;0;0;0;0;0;0;0;2415;0;0;89;0;150;0;
10374;6053122;1023471616;13295616;1107632128;0;0;0;0;0;0;0;0;0;0;0;3146;0;0;89;0;150;0;
10375;7867725;1023471616;13295616;1107632128;0;0;0;0;0;0;0;0;0;0;0;2826;0;0;89;0;150;0;
10376;5172340;1023471616;13295616;1107632128;0;0;0;0;0;0;0;0;0;0;0;2846;0;0;89;0;150;0;
10377;9245739;1023471616;13295616;1107632128;0;0;0;0;0;0;0;0;0;0;0;2024;0;0;89;0;150;0;
10378;6104869;1023471616;13295616;1107632128;0;0;0;0;0;0;0;0;0;0;0;2805;0;0;89;0;150;0;
10379;5209069;1023471616;13295616;1107632128;0;0;0;0;0;0;0;0;0;0;0;1443;0;0;89;0;150;0;
10380;5660716;1023471616;13295616;1107632128;0;0;0;0;0;0;0;0;0;0;0;2836;0;0;89;0;150;0;
10381;6593585;1023471616;13295616;1107632128;0;0;0;0;0;0;0;0;0;0;0;2504;0;0;89;0;150;0;
10382;5673971;1023471616;13295616;1107632128;0;0;0;0;0;0;0;0;0;0;0;2745;0;0;89;0;150;0;
10383;6780727;1023471616;13295616;1107632128;0;0;0;0;0;0;0;0;0;0;0;2454;0;0;89;0;150;0;
10384;5552614;1023471616;13295616;1107632128;0;0;0;0;0;0;0;0;0;0;0;2905;0;0;89;0;150;0;
10385;10517634;1023471616;13295616;1107632128;0;0;0;0;0;0;0;0;0;0;0;2795;0;0;89;0;150;0;
10386;8766300;1023471616;13295616;1107632128;0;0;0;0;0;0;0;0;0;0;0;2786;0;0;89;0;150;0;
10387;5538237;1023471616;13295616;1107632128;0;0;0;0;0;0;0;0;0;0;0;1834;0;0;89;0;150;0;
10388;4826191;1023471616;13295616;1107632128;0;0;0;0;0;0;0;0;0;0;0;2174;0;0;89;0;150;0;
10389;8187745;1025089536;17068032;1111404544;0;0;0;0;0;0;0;0;0;0;0;2364;0;0;89;0;150;0;
10390;5211653;1025089536;17068032;1111404544;0;0;0;0;0;0;0;0;0;0;0;3296;0;0;89;0;150;0;
10391;8839878;1025089536;17072128;1111408640;0;0;0;0;0;0;0;0;0;0;0;2815;0;0;89;0;150;0;
10392;6953501;1025089536;17076224;1111412736;0;0;0;0;0;0;0;0;0;0;0;3036;0;0;89;0;150;0;
10393;8155584;1025089536;17076224;1111412736;0;0;0;0;0;0;0;0;0;0;0;4108;0;0;89;0;150;0;
10394;7065451;1025089536;17076224;1111412736;0;0;0;0;0;0;0;0;0;0;0;2685;0;0;89;0;150;0;
10395;7859740;1025089536;17076224;1111412736;0;0;0;0;0;0;0;0;0;0;0;2224;0;0;89;0;150;0;
10396;3783094;1025089536;17076224;1111412736;0;0;0;0;0;0;0;0;0;0;0;2715;0;0;89;0;150;0;
10397;10322990;1025089536;17076224;1111412736;0;0;0;0;0;0;0;0;0;0;0;2355;0;0;89;0;150;0;
10398;5065830;1023471616;13295616;1107632128;0;0;0;0;0;0;0;0;0;0;0;2455;0;0;89;0;150;0;
10399;6320483;1023471616;13295616;1107632128;0;0;0;0;0;0;0;0;0;0;0;2405;0;0;89;0;150;0;
10400;4426331;1023471616;13295616;1107632128;0;0;0;0;0;0;0;0;0;0;0;3296;0;0;89;0;150;0;
10401;6902394;1023471616;13295616;1107632128;0;0;0;0;0;0;0;0;0;0;0;36849;0;0;89;0;150;0;
10402;6172656;1023471616;13295616;1107632128;0;0;0;0;0;0;0;0;0;0;0;2885;0;0;89;0;150;0;
10403;8229644;1023471616;13295616;1107632128;0;0;0;0;0;0;0;0;0;0;0;2215;0;0;89;0;150;0;
10404;4866937;1023471616;13295616;1107632128;0;0;0;0;0;0;0;0;0;0;0;2385;0;0;89;0;150;0;
10405;7755504;1023471616;13295616;1107632128;0;0;0;0;0;0;0;0;0;0;0;3045;0;0;89;0;150;0;
10406;6483539;1023471616;13295616;1107632128;0;0;0;0;0;0;0;0;0;0;0;3517;0;0;89;0;150;0;
10407;6142570;1023471616;13295616;1107632128;0;0;0;0;0;0;0;0;0;0;0;2545;0;0;89;0;150;0;
10408;5012330;1023471616;13295616;1107632128;0;0;0;0;0;0;0;0;0;0;0;2976;0;0;89;0;150;0;
10409;7302695;1023471616;13295616;1107632128;0;0;0;0;0;0;0;0;0;0;0;2966;0;0;89;0;150;0;
10410;5344603;1023471616;13295616;1107632128;0;0;0;0;0;0;0;0;0;0;0;2905;0;0;89;0;150;0;
10411;6910540;1025089536;17068032;1111404544;0;0;0;0;0;0;0;0;0;0;0;1914;0;0;89;0;150;0;
10412;8818608;1026981888;17068032;1111404544;0;0;0;0;0;0;0;0;0;0;0;3116;0;0;89;0;150;0;
10413;6999186;1026981888;17068032;1111404544;0;0;0;0;0;0;0;0;0;0;0;2245;0;0;89;0;150;0;
10414;4533782;1026981888;17068032;1111404544;0;0;0;0;0;0;0;0;0;0;0;2826;0;0;89;0;150;0;
10415;5766604;1026981888;17068032;1111404544;0;0;0;0;0;0;0;0;0;0;0;1883;0;0;89;0;150;0;
10416;6850397;1026981888;17068032;1111404544;0;0;0;0;0;0;0;0;0;0;0;2414;0;0;89;0;150;0;
10417;8655142;1026981888;17068032;1111404544;0;0;0;0;0;0;0;0;0;0;0;1884;0;0;89;0;150;0;
10418;3718042;1026981888;17068032;1111404544;0;0;0;0;0;0;0;0;0;0;0;2675;0;0;89;0;150;0;
10419;6627970;1026981888;17068032;1111404544;0;0;0;0;0;0;0;0;0;0;0;1994;0;0;89;0;150;0;
10420;4739007;1026981888;17068032;1111404544;0;0;0;0;0;0;0;0;0;0;0;2915;0;0;89;0;150;0;
10421;7059940;1026981888;17068032;1111404544;0;0;0;0;0;0;0;0;0;0;0;2314;0;0;89;0;150;0;
10422;4910930;1026981888;17068032;1111404544;0;0;0;0;0;0;0;0;0;0;0;6772;0;0;89;0;150;0;
10423;2572876;1026981888;17068032;1111404544;0;0;0;0;0;0;0;0;0;0;0;2044;0;0;89;0;150;0;
10424;4639972;1026981888;17068032;1111404544;0;0;0;0;0;0;0;0;0;0;0;2905;0;0;89;0;150;0;
10425;2162947;1026981888;17068032;1111404544;0;0;0;0;0;0;0;0;0;0;0;3246;0;0;89;0;150;0;
10426;10683095;1029079040;25563136;1119899648;0;0;0;0;0;0;0;0;0;0;0;3807;0;0;89;0;150;0;
10427;4253507;1029079040;25567232;1119903744;0;0;0;0;0;0;0;0;0;0;0;2574;0;0;89;0;150;0;
10428;6772511;1029079040;25567232;1119903744;0;0;0;0;0;0;0;0;0;0;0;1763;0;0;89;0;150;0;
10429;6289645;1029079040;25567232;1119903744;0;0;0;0;0;0;0;0;0;0;0;2806;0;0;89;0;150;0;
10430;7892932;1029079040;25567232;1119903744;0;0;0;0;0;0;0;0;0;0;0;3105;0;0;89;0;150;0;
10431;2880642;1029079040;25567232;1119903744;0;0;0;0;0;0;0;0;0;0;0;2705;0;0;89;0;150;0;
10432;6622770;1029079040;25567232;1119903744;0;0;0;0;0;0;0;0;0;0;0;1583;0;0;89;0;150;0;
10433;6981764;1029079040;25567232;1119903744;0;0;0;0;0;0;0;0;0;0;0;2886;0;0;89;0;150;0;
10434;7108822;1029079040;25567232;1119903744;0;0;0;0;0;0;0;0;0;0;0;2355;0;0;89;0;150;0;
10435;5756596;1027063808;17068032;1111404544;0;0;0;0;0;0;0;0;0;0;0;3416;0;0;89;0;150;0;
10436;3656748;1027063808;17068032;1111404544;0;0;0;0;0;0;0;0;0;0;0;2555;0;0;89;0;150;0;
10437;3879876;1027063808;17068032;1111404544;0;0;0;0;0;0;0;0;0;0;0;3677;0;0;89;0;150;0;
10438;3713304;1027063808;17068032;1111404544;0;0;0;0;0;0;0;0;0;0;0;2785;0;0;89;0;150;0;
10439;7906348;1029160960;25563136;1119899648;0;0;0;0;0;0;0;0;0;0;0;3186;0;0;89;0;150;0;
10440;8413840;1029160960;25567232;1119903744;0;0;0;0;0;0;0;0;0;0;0;3667;0;0;89;0;150;0;
10441;8129336;1029160960;25567232;1119903744;0;0;0;0;0;0;0;0;0;0;0;3026;0;0;89;0;150;0;
10442;5247050;1029160960;25567232;1119903744;0;0;0;0;0;0;0;0;0;0;0;3877;0;0;89;0;150;0;
10443;9455894;1029160960;25567232;1119903744;0;0;0;0;0;0;0;0;0;0;0;2505;0;0;89;0;150;0;
10444;4945785;1029160960;25567232;1119903744;0;0;0;0;0;0;0;0;0;0;0;2865;0;0;89;0;150;0;
10445;9300572;1029160960;25567232;1119903744;0;0;0;0;0;0;0;0;0;0;0;3146;0;0;89;0;150;0;
10446;4946176;1029160960;25567232;1119903744;0;0;0;0;0;0;0;0;0;0;0;2475;0;0;89;0;150;0;
10447;9250558;1029160960;25567232;1119903744;0;0;0;0;0;0;0;0;0;0;0;2164;0;0;89;0;150;0;
10448;8276211;1027067904;17068032;1111404544;0;0;0;0;0;0;0;0;0;0;0;3747;0;0;89;0;150;0;
10449;8791537;1027067904;17068032;1111404544;0;0;0;0;0;0;0;0;0;0;0;2845;0;0;89;0;150;0;
10450;6855897;1027067904;17068032;1111404544;0;0;0;0;0;0;0;0;0;0;0;4068;0;0;89;0;150;0;
10451;9564848;1027067904;17068032;1111404544;0;0;0;0;0;0;0;0;0;0;0;2185;0;0;89;0;150;0;
10452;8212041;1027067904;17068032;1111404544;0;0;0;0;0;0;0;0;0;0;0;3045;0;0;89;0;150;0;
10453;8408118;1027067904;17068032;1111404544;0;0;0;0;0;0;0;0;0;0;0;2935;0;0;89;0;150;0;
10454;5580545;1027067904;17068032;1111404544;0;0;0;0;0;0;0;0;0;0;0;3075;0;0;89;0;150;0;
10455;11014186;1027067904;17068032;1111404544;0;0;0;0;0;0;0;0;0;0;0;3346;0;0;89;0;150;0;
10456;5573191;1027067904;17068032;1111404544;0;0;0;0;0;0;0;0;0;0;0;2996;0;0;89;0;150;0;
10457;5569695;1027067904;17068032;1111404544;0;0;0;0;0;0;0;0;0;0;0;3376;0;0;89;0;150;0;
10458;3846083;1027067904;17068032;1111404544;0;0;0;0;0;0;0;0;0;0;0;2886;0;0;89;0;150;0;
10459;4685737;1029165056;25563136;1119899648;0;0;0;0;0;0;0;0;0;0;0;2996;0;0;89;0;150;0;
10460;9535122;1031262208;25563136;1119899648;0;0;0;0;0;0;0;0;0;0;0;3186;0;0;89;0;150;0;
10461;6994287;1031262208;25567232;1119903744;0;0;0;0;0;0;0;0;0;0;0;2755;0;0;89;0;150;0;
10462;8606480;1031262208;25567232;1119903744;0;0;0;0;0;0;0;0;0;0;0;2846;0;0;89;0;150;0;
10463;7313857;1031262208;25567232;1119903744;0;0;0;0;0;0;0;0;0;0;0;2846;0;0;89;0;150;0;
10464;11747200;1031262208;25567232;1119903744;0;0;0;0;0;0;0;0;0;0;0;2675;0;0;89;0;150;0;
10465;8676973;1031262208;25567232;1119903744;0;0;0;0;0;0;0;0;0;0;0;3006;0;0;89;0;150;0;
10466;3312042;1031262208;25567232;1119903744;0;0;0;0;0;0;0;0;0;0;0;2535;0;0;89;0;150;0;
10467;7587309;1031262208;25567232;1119903744;0;0;0;0;0;0;0;0;0;0;0;4248;0;0;89;0;150;0;
10468;3541271;1031262208;25567232;1119903744;0;0;0;0;0;0;0;0;0;0;0;2575;0;0;89;0;150;0;
10469;9505977;1031262208;25567232;1119903744;0;0;0;0;0;0;0;0;0;0;0;3587;0;0;89;0;150;0;
10470;8910050;1031262208;25567232;1119903744;0;0;0;0;0;0;0;0;0;0;0;3246;0;0;89;0;150;0;
10471;11382696;1031262208;25567232;1119903744;0;0;0;0;0;0;0;0;0;0;0;3647;0;0;89;0;150;0;
10472;7123740;1031262208;25567232;1119903744;0;0;0;0;0;0;0;0;0;0;0;3166;0;0;89;0;150;0;
10473;5590925;1031262208;25567232;1119903744;0;0;0;0;0;0;0;0;0;0;0;2234;0;0;89;0;150;0;
10474;6902445;1031262208;25567232;1119903744;0;0;0;0;0;0;0;0;0;0;0;3256;0;0;89;0;150;0;
10475;10829690;1031262208;25567232;1119903744;0;0;0;0;0;0;0;0;0;0;0;3647;0;0;89;0;150;0;
10476;6386267;1031262208;25567232;1119903744;0;0;0;0;0;0;0;0;0;0;0;3337;0;0;89;0;150;0;
10477;8915119;1031262208;25567232;1119903744;0;0;0;0;0;0;0;0;0;0;0;3256;0;0;89;0;150;0;
10478;9794799;1027076096;17068032;1111404544;0;0;0;0;0;0;0;0;0;0;0;2925;0;0;89;0;150;0;
10479;7934781;1027076096;17068032;1111404544;0;0;0;0;0;0;0;0;0;0;0;2294;0;0;89;0;150;0;
10480;6856519;1027076096;17068032;1111404544;0;0;0;0;0;0;0;0;0;0;0;3336;0;0;89;0;150;0;
10481;8807618;1027076096;17068032;1111404544;0;0;0;0;0;0;0;0;0;0;0;2565;0;0;89;0;150;0;
10482;7504875;1027076096;17068032;1111404544;0;0;0;0;0;0;0;0;0;0;0;3086;0;0;89;0;150;0;
10483;9664464;1027076096;17068032;1111404544;0;0;0;0;0;0;0;0;0;0;0;2434;0;0;89;0;150;0;
10484;4759235;1027076096;17068032;1111404544;0;0;0;0;0;0;0;0;0;0;0;3096;0;0;89;0;150;0;
10485;9750456;1027076096;17068032;1111404544;0;0;0;0;0;0;0;0;0;0;0;2645;0;0;89;0;150;0;
10486;8364877;1027076096;17068032;1111404544;0;0;0;0;0;0;0;0;0;0;0;3656;0;0;89;0;150;0;
10487;9464760;1027076096;17068032;1111404544;0;0;0;0;0;0;0;0;0;0;0;2364;0;0;89;0;150;0;
10488;10508127;1027076096;17068032;1111404544;0;0;0;0;0;0;0;0;0;0;0;4148;0;0;89;0;150;0;
10489;8591242;1027076096;17068032;1111404544;0;0;0;0;0;0;0;0;0;0;0;3517;0;0;89;0;150;0;
10490;6700516;1027076096;17068032;1111404544;0;0;0;0;0;0;0;0;0;0;0;3196;0;0;89;0;150;0;
10491;2453121;1027076096;17068032;1111404544;0;0;0;0;0;0;0;0;0;0;0;3316;0;0;89;0;150;0;
10492;5800488;1027076096;17068032;1111404544;0;0;0;0;0;0;0;0;0;0;0;3457;0;0;89;0;150;0;
10493;3089434;1027076096;17068032;1111404544;0;0;0;0;0;0;0;0;0;0;0;3246;0;0;89;0;150;0;
10494;7536073;1029173248;25563136;1119899648;0;0;0;0;0;0;0;0;0;0;0;3406;0;0;89;0;150;0;
10495;8646716;1029173248;25567232;1119903744;0;0;0;0;0;0;0;0;0;0;0;2675;0;0;89;0;150;0;
10496;7744303;1029173248;25567232;1119903744;0;0;0;0;0;0;0;0;0;0;0;2284;0;0;89;0;150;0;
10497;6525929;1029173248;25567232;1119903744;0;0;0;0;0;0;0;0;0;0;0;3276;0;0;89;0;150;0;
10498;6941688;1029173248;25567232;1119903744;0;0;0;0;0;0;0;0;0;0;0;1904;0;0;89;0;150;0;
10499;7337090;1029173248;25567232;1119903744;0;0;0;0;0;0;0;0;0;0;0;2875;0;0;89;0;150;0;
10500;6011474;1029173248;25567232;1119903744;0;0;0;0;0;0;0;0;0;0;0;2004;0;0;89;0;150;0;
10501;6151857;1029173248;25567232;1119903744;0;0;0;0;0;0;0;0;0;0;0;3086;0;0;89;0;150;0;
10502;7854059;1029173248;25567232;1119903744;0;0;0;0;0;0;0;0;0;0;0;2064;0;0;89;0;150;0;
10503;9362709;1027084288;17068032;1111404544;0;0;0;0;0;0;0;0;0;0;0;3677;0;0;89;0;150;0;
10504;10546960;1027084288;17068032;1111404544;0;0;0;0;0;0;0;0;0;0;0;3106;0;0;89;0;150;0;
10505;6038845;1027084288;17068032;1111404544;0;0;0;0;0;0;0;0;0;0;0;3316;0;0;89;0;150;0;
10506;9116917;1027084288;17068032;1111404544;0;0;0;0;0;0;0;0;0;0;0;3797;0;0;89;0;150;0;
10507;6019899;1027084288;17068032;1111404544;0;0;0;0;0;0;0;0;0;0;0;3196;0;0;89;0;150;0;
10508;7105346;1027084288;17068032;1111404544;0;0;0;0;0;0;0;0;0;0;0;2414;0;0;89;0;150;0;
10509;8303823;1027084288;17068032;1111404544;0;0;0;0;0;0;0;0;0;0;0;3307;0;0;89;0;150;0;
10510;7653884;1027084288;17068032;1111404544;0;0;0;0;0;0;0;0;0;0;0;2705;0;0;89;0;150;0;
10511;8202132;1027084288;17068032;1111404544;0;0;0;0;0;0;0;0;0;0;0;3446;0;0;89;0;150;0;
10512;7458618;1027084288;17068032;1111404544;0;0;0;0;0;0;0;0;0;0;0;2705;0;0;89;0;150;0;
10513;7543818;1023471616;13295616;1107632128;0;0;0;0;0;0;0;0;0;0;0;3196;0;0;89;0;150;0;
10514;7554397;1023471616;13295616;1107632128;0;0;0;0;0;0;0;0;0;0;0;2685;0;0;89;0;150;0;
10515;7682868;1023471616;13295616;1107632128;0;0;0;0;0;0;0;0;0;0;0;3456;0;0;89;0;150;0;
10516;9385651;1023471616;13295616;1107632128;0;0;0;0;0;0;0;0;0;0;0;3086;0;0;89;0;150;0;
10517;9828733;1023471616;13295616;1107632128;0;0;0;0;0;0;0;0;0;0;0;3426;0;0;89;0;150;0;
10518;7244987;1023471616;13295616;1107632128;0;0;0;0;0;0;0;0;0;0;0;2875;0;0;89;0;150;0;
10519;5959977;1023471616;13295616;1107632128;0;0;0;0;0;0;0;0;0;0;0;2545;0;0;89;0;150;0;
10520;11302446;1023471616;13295616;1107632128;0;0;0;0;0;0;0;0;0;0;0;3596;0;0;89;0;150;0;
10521;5455571;1023471616;13295616;1107632128;0;0;0;0;0;0;0;0;0;0;0;2845;0;0;89;0;150;0;
10522;7271206;1023471616;13295616;1107632128;0;0;0;0;0;0;0;0;0;0;0;2424;0;0;89;0;150;0;
10523;3730536;1023471616;13295616;1107632128;0;0;0;0;0;0;0;0;0;0;0;3185;0;0;89;0;150;0;
10524;7185415;1023471616;13295616;1107632128;0;0;0;0;0;0;0;0;0;0;0;2134;0;0;89;0;150;0;
10525;6503366;1023471616;13295616;1107632128;0;0;0;0;0;0;0;0;0;0;0;2695;0;0;89;0;150;0;
10526;5562723;1023471616;13295616;1107632128;0;0;0;0;0;0;0;0;0;0;0;2064;0;0;89;0;150;0;
10527;14715868;1023471616;13295616;1107632128;0;0;0;0;0;0;0;0;0;0;0;2946;0;0;89;0;150;0;
10528;8944163;1023471616;13295616;1107632128;0;0;0;0;0;0;0;0;0;0;0;3346;0;0;89;0;150;0;
10529;6552628;1023471616;13295616;1107632128;0;0;0;0;0;0;0;0;0;0;0;2515;0;0;89;0;150;0;
10530;8770868;1025089536;17068032;1111404544;0;0;0;0;0;0;0;0;0;0;0;3105;0;0;89;0;150;0;
10531;5346247;1026981888;17068032;1111404544;0;0;0;0;0;0;0;0;0;0;0;2645;0;0;89;0;150;0;
10532;10163921;1026981888;17072128;1111408640;0;0;0;0;0;0;0;0;0;0;0;2886;0;0;89;0;150;0;
10533;5882201;1026981888;17076224;1111412736;0;0;0;0;0;0;0;0;0;0;0;2815;0;0;89;0;150;0;
10534;3488031;1026981888;17076224;1111412736;0;0;0;0;0;0;0;0;0;0;0;2876;0;0;89;0;150;0;
10535;4129394;1026981888;17076224;1111412736;0;0;0;0;0;0;0;0;0;0;0;3136;0;0;89;0;150;0;
10536;2704542;1026981888;17076224;1111412736;0;0;0;0;0;0;0;0;0;0;0;2264;0;0;89;0;150;0;
10537;8148061;1029079040;25571328;1119907840;0;0;0;0;0;0;0;0;0;0;0;2695;0;0;89;0;150;0;
10538;6588886;1029079040;25571328;1119907840;0;0;0;0;0;0;0;0;0;0;0;2675;0;0;89;0;150;0;
10539;3178641;1029079040;25571328;1119907840;0;0;0;0;0;0;0;0;0;0;0;2995;0;0;89;0;150;0;
10540;3822659;1029079040;25571328;1119907840;0;0;0;0;0;0;0;0;0;0;0;2985;0;0;89;0;150;0;
10541;4298141;1029079040;25571328;1119907840;0;0;0;0;0;0;0;0;0;0;0;3427;0;0;89;0;150;0;
10542;6049896;1029079040;25571328;1119907840;0;0;0;0;0;0;0;0;0;0;0;3587;0;0;89;0;150;0;
10543;7981538;1029312512;25567232;1119903744;0;0;0;0;0;0;0;0;0;0;0;3266;0;0;89;0;150;0;
10544;2972555;1029312512;25567232;1119903744;0;0;0;0;0;0;0;0;0;0;0;2726;0;0;89;0;150;0;
10545;3303956;1029312512;25567232;1119903744;0;0;0;0;0;0;0;0;0;0;0;2274;0;0;89;0;150;0;
10546;2482525;1029312512;25567232;1119903744;0;0;0;0;0;0;0;0;0;0;0;2434;0;0;89;0;150;0;
10547;8853514;1029312512;25567232;1119903744;0;0;0;0;0;0;0;0;0;0;0;2745;0;0;89;0;150;0;
10548;5175757;1029312512;25567232;1119903744;0;0;0;0;0;0;0;0;0;0;0;3577;0;0;89;0;150;0;
10549;10025342;1029312512;25567232;1119903744;0;0;0;0;0;0;0;0;0;0;0;3977;0;0;89;0;150;0;
10550;4415471;1029312512;25567232;1119903744;0;0;0;0;0;0;0;0;0;0;0;3095;0;0;89;0;150;0;
10551;3587879;1029312512;25567232;1119903744;0;0;0;0;0;0;0;0;0;0;0;2124;0;0;89;0;150;0;
10552;4406314;1029312512;25567232;1119903744;0;0;0;0;0;0;0;0;0;0;0;2895;0;0;89;0;150;0;
10553;1884053;1029312512;25567232;1119903744;0;0;0;0;0;0;0;0;0;0;0;2194;0;0;89;0;150;0;
10554;7703507;1029312512;25567232;1119903744;0;0;0;0;0;0;0;0;0;0;0;2705;0;0;89;0;150;0;
10555;5524280;1029312512;25567232;1119903744;0;0;0;0;0;0;0;0;0;0;0;2945;0;0;89;0;150;0;
10556;1839119;1029312512;25567232;1119903744;0;0;0;0;0;0;0;0;0;0;0;1543;0;0;89;0;150;0;
10557;1988920;1029312512;25567232;1119903744;0;0;0;0;0;0;0;0;0;0;0;1994;0;0;89;0;150;0;
10558;2296657;1029312512;25567232;1119903744;0;0;0;0;0;0;0;0;0;0;0;1863;0;0;89;0;150;0;
10559;8551718;1029312512;25567232;1119903744;0;0;0;0;0;0;0;0;0;0;0;2805;0;0;89;0;150;0;
10560;8577466;1029312512;25567232;1119903744;0;0;0;0;0;0;0;0;0;0;0;3166;0;0;89;0;150;0;
10561;8389754;1029312512;25567232;1119903744;0;0;0;0;0;0;0;0;0;0;0;2735;0;0;89;0;150;0;
10562;6893749;1029312512;25567232;1119903744;0;0;0;0;0;0;0;0;0;0;0;2765;0;0;89;0;150;0;
10563;6151667;1029312512;25567232;1119903744;0;0;0;0;0;0;0;0;0;0;0;1773;0;0;89;0;150;0;
10564;6506331;1029312512;25567232;1119903744;0;0;0;0;0;0;0;0;0;0;0;3016;0;0;89;0;150;0;
10565;6903747;1029312512;25567232;1119903744;0;0;0;0;0;0;0;0;0;0;0;2214;0;0;89;0;150;0;
10566;6394633;1023471616;13295616;1107632128;0;0;0;0;0;0;0;0;0;0;0;413035;0;0;89;0;150;0;
10567;10800695;1023471616;13295616;1107632128;0;0;0;0;0;0;0;0;0;0;0;4208;0;0;89;0;150;0;
10568;5852656;1023471616;13295616;1107632128;0;0;0;0;0;0;0;0;0;0;0;2534;0;0;89;0;150;0;
10569;6967467;1023471616;13295616;1107632128;0;0;0;0;0;0;0;0;0;0;0;2836;0;0;89;0;150;0;
10570;5860520;1023471616;13295616;1107632128;0;0;0;0;0;0;0;0;0;0;0;2755;0;0;89;0;150;0;
10571;8805053;1023471616;13295616;1107632128;0;0;0;0;0;0;0;0;0;0;0;2535;0;0;89;0;150;0;
10572;4670238;1023471616;13295616;1107632128;0;0;0;0;0;0;0;0;0;0;0;2455;0;0;89;0;150;0;
10573;7462535;1023471616;13295616;1107632128;0;0;0;0;0;0;0;0;0;0;0;2375;0;0;89;0;150;0;
10574;5106207;1023471616;13295616;1107632128;0;0;0;0;0;0;0;0;0;0;0;2856;0;0;89;0;150;0;
10575;9115095;1025089536;17068032;1111404544;0;0;0;0;0;0;0;0;0;0;0;3136;0;0;89;0;150;0;
10576;5708365;1026981888;17068032;1111404544;0;0;0;0;0;0;0;0;0;0;0;2985;0;0;89;0;150;0;
10577;8119427;1026981888;17068032;1111404544;0;0;0;0;0;0;0;0;0;0;0;3166;0;0;89;0;150;0;
10578;5055401;1026981888;17068032;1111404544;0;0;0;0;0;0;0;0;0;0;0;3447;0;0;89;0;150;0;
10579;8215266;1026981888;17068032;1111404544;0;0;0;0;0;0;0;0;0;0;0;2434;0;0;89;0;150;0;
10580;6246224;1026981888;17068032;1111404544;0;0;0;0;0;0;0;0;0;0;0;2895;0;0;89;0;150;0;
10581;27261916;1026981888;17068032;1111404544;0;0;0;0;0;0;0;0;0;0;0;2775;0;0;89;0;150;0;
10582;6088408;1026981888;17068032;1111404544;0;0;0;0;0;0;0;0;0;0;0;3456;0;0;89;0;150;0;
10583;9047357;1026981888;17068032;1111404544;0;0;0;0;0;0;0;0;0;0;0;2154;0;0;89;0;150;0;
10584;4510850;1026981888;17068032;1111404544;0;0;0;0;0;0;0;0;0;0;0;3426;0;0;89;0;150;0;
10585;7976770;1026981888;17068032;1111404544;0;0;0;0;0;0;0;0;0;0;0;2385;0;0;89;0;150;0;
10586;5608338;1026981888;17068032;1111404544;0;0;0;0;0;0;0;0;0;0;0;2905;0;0;89;0;150;0;
10587;9451254;1026981888;17068032;1111404544;0;0;0;0;0;0;0;0;0;0;0;2785;0;0;89;0;150;0;
10588;5131223;1026981888;17068032;1111404544;0;0;0;0;0;0;0;0;0;0;0;2795;0;0;89;0;150;0;
10589;7866974;1026981888;17068032;1111404544;0;0;0;0;0;0;0;0;0;0;0;2084;0;0;89;0;150;0;
10590;4968828;1026981888;17068032;1111404544;0;0;0;0;0;0;0;0;0;0;0;2795;0;0;89;0;150;0;
10591;9786684;1026981888;17068032;1111404544;0;0;0;0;0;0;0;0;0;0;0;2966;0;0;89;0;150;0;
10592;4506241;1026981888;17068032;1111404544;0;0;0;0;0;0;0;0;0;0;0;2294;0;0;89;0;150;0;
10593;7807522;1026981888;17068032;1111404544;0;0;0;0;0;0;0;0;0;0;0;1753;0;0;89;0;150;0;
10594;8689897;1026981888;17068032;1111404544;0;0;0;0;0;0;0;0;0;0;0;4408;0;0;89;0;150;0;
10595;9224599;1026981888;17068032;1111404544;0;0;0;0;0;0;0;0;0;0;0;3036;0;0;89;0;150;0;
10596;4660570;1026981888;17068032;1111404544;0;0;0;0;0;0;0;0;0;0;0;3557;0;0;89;0;150;0;
10597;11501490;1026981888;17068032;1111404544;0;0;0;0;0;0;0;0;0;0;0;3446;0;0;89;0;150;0;
10598;6032604;1026981888;17068032;1111404544;0;0;0;0;0;0;0;0;0;0;0;3276;0;0;89;0;150;0;
10599;7095036;1026981888;17068032;1111404544;0;0;0;0;0;0;0;0;0;0;0;3135;0;0;89;0;150;0;
10600;7088895;1026981888;17068032;1111404544;0;0;0;0;0;0;0;0;0;0;0;3877;0;0;89;0;150;0;
10601;9419896;1026981888;17068032;1111404544;0;0;0;0;0;0;0;0;0;0;0;2635;0;0;89;0;150;0;
10602;5317512;1026981888;17068032;1111404544;0;0;0;0;0;0;0;0;0;0;0;2926;0;0;89;0;150;0;
10603;9850574;1026981888;17068032;1111404544;0;0;0;0;0;0;0;0;0;0;0;3055;0;0;89;0;150;0;
10604;7966780;1026981888;17068032;1111404544;0;0;0;0;0;0;0;0;0;0;0;3787;0;0;89;0;150;0;
10605;6888058;1026981888;17068032;1111404544;0;0;0;0;0;0;0;0;0;0;0;2234;0;0;89;0;150;0;
10606;9967773;1026981888;17068032;1111404544;0;0;0;0;0;0;0;0;0;0;0;3266;0;0;89;0;150;0;
10607;10673236;1026981888;17072128;1111408640;0;0;0;0;0;0;0;0;0;0;0;2946;0;0;89;0;150;0;
10608;7764371;1026981888;17076224;1111412736;0;0;0;0;0;0;0;0;0;0;0;2685;0;0;89;0;150;0;
10609;12418099;1026981888;17076224;1111412736;0;0;0;0;0;0;0;0;0;0;0;2775;0;0;89;0;150;0;
10610;5390329;1026981888;17076224;1111412736;0;0;0;0;0;0;0;0;0;0;0;2986;0;0;89;0;150;0;
10611;9584545;1026981888;17076224;1111412736;0;0;0;0;0;0;0;0;0;0;0;2565;0;0;89;0;150;0;
10612;7334906;1026981888;17076224;1111412736;0;0;0;0;0;0;0;0;0;0;0;2835;0;0;89;0;150;0;
10613;8941068;1026981888;17076224;1111412736;0;0;0;0;0;0;0;0;0;0;0;3466;0;0;89;0;150;0;
10614;5447366;1027125248;17068032;1111404544;0;0;0;0;0;0;0;0;0;0;0;3206;0;0;89;0;150;0;
10615;7713035;1027125248;17068032;1111404544;0;0;0;0;0;0;0;0;0;0;0;2394;0;0;89;0;150;0;
10616;6563378;1027125248;17068032;1111404544;0;0;0;0;0;0;0;0;0;0;0;2876;0;0;89;0;150;0;
10617;5565557;1027125248;17068032;1111404544;0;0;0;0;0;0;0;0;0;0;0;2024;0;0;89;0;150;0;
10618;5325668;1027125248;17068032;1111404544;0;0;0;0;0;0;0;0;0;0;0;2896;0;0;89;0;150;0;
10619;7398565;1027125248;17068032;1111404544;0;0;0;0;0;0;0;0;0;0;0;1834;0;0;89;0;150;0;
10620;5008904;1027125248;17068032;1111404544;0;0;0;0;0;0;0;0;0;0;0;2865;0;0;89;0;150;0;
10621;11632536;1027125248;17068032;1111404544;0;0;0;0;0;0;0;0;0;0;0;2064;0;0;89;0;150;0;
10622;5176047;1027125248;17068032;1111404544;0;0;0;0;0;0;0;0;0;0;0;2785;0;0;89;0;150;0;
10623;8191111;1027125248;17068032;1111404544;0;0;0;0;0;0;0;0;0;0;0;2244;0;0;89;0;150;0;
10624;7728855;1027125248;17068032;1111404544;0;0;0;0;0;0;0;0;0;0;0;4158;0;0;89;0;150;0;
10625;10273447;1027125248;17068032;1111404544;0;0;0;0;0;0;0;0;0;0;0;2545;0;0;89;0;150;0;
10626;3566117;1027125248;17068032;1111404544;0;0;0;0;0;0;0;0;0;0;0;3025;0;0;89;0;150;0;
10627;7565519;1027125248;17068032;1111404544;0;0;0;0;0;0;0;0;0;0;0;2514;0;0;89;0;150;0;
10628;6018848;1027125248;17068032;1111404544;0;0;0;0;0;0;0;0;0;0;0;2936;0;0;89;0;150;0;
10629;9178504;1027125248;17068032;1111404544;0;0;0;0;0;0;0;0;0;0;0;3567;0;0;89;0;150;0;
10630;4478369;1027125248;17068032;1111404544;0;0;0;0;0;0;0;0;0;0;0;3867;0;0;89;0;150;0;
10631;9618198;1027125248;17068032;1111404544;0;0;0;0;0;0;0;0;0;0;0;2896;0;0;89;0;150;0;
10632;6809740;1027125248;17068032;1111404544;0;0;0;0;0;0;0;0;0;0;0;2675;0;0;89;0;150;0;
10633;8466478;1027125248;17068032;1111404544;0;0;0;0;0;0;0;0;0;0;0;3437;0;0;89;0;150;0;
10634;4912773;1027125248;17068032;1111404544;0;0;0;0;0;0;0;0;0;0;0;5720;0;0;89;0;150;0;
10635;12053965;1027125248;17068032;1111404544;0;0;0;0;0;0;0;0;0;0;0;4188;0;0;89;0;150;0;
10636;6526199;1027125248;17068032;1111404544;0;0;0;0;0;0;0;0;0;0;0;3065;0;0;89;0;150;0;
10637;7398515;1027125248;17068032;1111404544;0;0;0;0;0;0;0;0;0;0;0;2455;0;0;89;0;150;0;
10638;6986432;1027125248;17068032;1111404544;0;0;0;0;0;0;0;0;0;0;0;3486;0;0;89;0;150;0;
10639;8598936;1027125248;17068032;1111404544;0;0;0;0;0;0;0;0;0;0;0;2976;0;0;89;0;150;0;
10640;5326439;1027125248;17068032;1111404544;0;0;0;0;0;0;0;0;0;0;0;3336;0;0;89;0;150;0;
10641;7346317;1027125248;17068032;1111404544;0;0;0;0;0;0;0;0;0;0;0;2775;0;0;89;0;150;0;
10642;5427629;1027125248;17068032;1111404544;0;0;0;0;0;0;0;0;0;0;0;2895;0;0;89;0;150;0;
10643;8570873;1027125248;17068032;1111404544;0;0;0;0;0;0;0;0;0;0;0;2625;0;0;89;0;150;0;
10644;6188145;1027125248;17068032;1111404544;0;0;0;0;0;0;0;0;0;0;0;3878;0;0;89;0;151;0;
10645;6379173;1027125248;17068032;1111404544;0;0;0;0;0;0;0;0;0;0;0;1973;0;0;89;0;151;0;
10646;5486930;1027125248;17068032;1111404544;0;0;0;0;0;0;0;0;0;0;0;2896;0;0;89;0;151;0;
10647;9436747;1027125248;17068032;1111404544;0;0;0;0;0;0;0;0;0;0;0;3306;0;0;89;0;151;0;
10648;5319596;1027125248;17068032;1111404544;0;0;0;0;0;0;0;0;0;0;0;3196;0;0;89;0;151;0;
10649;8568289;1027125248;17068032;1111404544;0;0;0;0;0;0;0;0;0;0;0;2465;0;0;89;0;151;0;
10650;5624879;1027125248;17068032;1111404544;0;0;0;0;0;0;0;0;0;0;0;3046;0;0;89;0;151;0;
10651;9035946;1027125248;17068032;1111404544;0;0;0;0;0;0;0;0;0;0;0;2685;0;0;89;0;151;0;
10652;5746527;1023475712;13295616;1107632128;0;0;0;0;0;0;0;0;0;0;0;2826;0;0;89;0;151;0;
10653;8188386;1023475712;13295616;1107632128;0;0;0;0;0;0;0;0;0;0;0;2695;0;0;89;0;151;0;
10654;6303792;1023475712;13295616;1107632128;0;0;0;0;0;0;0;0;0;0;0;3156;0;0;89;0;151;0;
10655;8858393;1023475712;13295616;1107632128;0;0;0;0;0;0;0;0;0;0;0;2886;0;0;89;0;151;0;
10656;6211058;1023475712;13295616;1107632128;0;0;0;0;0;0;0;0;0;0;0;2795;0;0;89;0;151;0;
10657;8030691;1023475712;13295616;1107632128;0;0;0;0;0;0;0;0;0;0;0;2905;0;0;89;0;151;0;
10658;6354557;1023475712;13295616;1107632128;0;0;0;0;0;0;0;0;0;0;0;2765;0;0;89;0;151;0;
10659;9856385;1023475712;13295616;1107632128;0;0;0;0;0;0;0;0;0;0;0;3246;0;0;89;0;151;0;
10660;6969180;1023475712;13295616;1107632128;0;0;0;0;0;0;0;0;0;0;0;3146;0;0;89;0;151;0;
10661;7670686;1023475712;13295616;1107632128;0;0;0;0;0;0;0;0;0;0;0;3206;0;0;89;0;151;0;
10662;8057641;1023475712;13295616;1107632128;0;0;0;0;0;0;0;0;0;0;0;3356;0;0;89;0;151;0;
10663;8709343;1023475712;13295616;1107632128;0;0;0;0;0;0;0;0;0;0;0;2825;0;0;89;0;151;0;
10664;5552563;1023475712;13295616;1107632128;0;0;0;0;0;0;0;0;0;0;0;2655;0;0;89;0;151;0;
10665;10182035;1023475712;13295616;1107632128;0;0;0;0;0;0;0;0;0;0;0;3166;0;0;89;0;151;0;
10666;8760699;1023475712;13295616;1107632128;0;0;0;0;0;0;0;0;0;0;0;4218;0;0;89;0;155;0;
10667;12980674;1023475712;13295616;1107632128;0;0;0;0;0;0;0;0;0;0;0;3105;0;0;89;0;155;0;
10668;6895572;1023475712;13295616;1107632128;0;0;0;0;0;0;0;0;0;0;0;3307;0;0;89;0;155;0;
10669;12900924;1025093632;17068032;1111404544;0;0;0;0;0;0;0;0;0;0;0;3446;0;0;89;0;155;0;
10670;10103889;1026985984;17068032;1111404544;0;0;0;0;0;0;0;0;0;0;0;3246;0;0;89;0;155;0;
10671;8801766;1026985984;17068032;1111404544;0;0;0;0;0;0;0;0;0;0;0;3456;0;0;89;0;155;0;
10672;8512444;1026985984;17068032;1111404544;0;0;0;0;0;0;0;0;0;0;0;3356;0;0;89;0;155;0;
10673;10367503;1026985984;17068032;1111404544;0;0;0;0;0;0;0;0;0;0;0;2825;0;0;89;0;155;0;
10674;8266403;1026985984;17068032;1111404544;0;0;0;0;0;0;0;0;0;0;0;3216;0;0;89;0;155;0;
10675;7403956;1026985984;17068032;1111404544;0;0;0;0;0;0;0;0;0;0;0;3206;0;0;89;0;155;0;
10676;9354684;1026985984;17068032;1111404544;0;0;0;0;0;0;0;0;0;0;0;4649;0;0;89;0;155;0;
10677;11430596;1026985984;17068032;1111404544;0;0;0;0;0;0;0;0;0;0;0;3847;0;0;89;0;155;0;
10678;9927769;1026985984;17068032;1111404544;0;0;0;0;0;0;0;0;0;0;0;3597;0;0;89;0;155;0;
10679;8066728;1026985984;17068032;1111404544;0;0;0;0;0;0;0;0;0;0;0;4379;0;0;89;0;155;0;
10680;7273621;1026985984;17068032;1111404544;0;0;0;0;0;0;0;0;0;0;0;3206;0;0;89;0;155;0;
10681;8395685;1026985984;17068032;1111404544;0;0;0;0;0;0;0;0;0;0;0;2244;0;0;89;0;155;0;
10682;8407948;1026985984;17068032;1111404544;0;0;0;0;0;0;0;0;0;0;0;3156;0;0;89;0;155;0;
10683;7218588;1026985984;17068032;1111404544;0;0;0;0;0;0;0;0;0;0;0;3316;0;0;89;0;155;0;
10684;8012427;1026985984;17068032;1111404544;0;0;0;0;0;0;0;0;0;0;0;2765;0;0;89;0;155;0;
10685;11312235;1026985984;17068032;1111404544;0;0;0;0;0;0;0;0;0;0;0;3036;0;0;89;0;155;0;
10686;7782645;1026985984;17068032;1111404544;0;0;0;0;0;0;0;0;0;0;0;2755;0;0;89;0;155;0;
10687;9704069;1026985984;17068032;1111404544;0;0;0;0;0;0;0;0;0;0;0;3407;0;0;89;0;155;0;
10688;6258187;1026985984;17068032;1111404544;0;0;0;0;0;0;0;0;0;0;0;2495;0;0;89;0;155;0;
10689;10610569;1026985984;17068032;1111404544;0;0;0;0;0;0;0;0;0;0;0;2856;0;0;89;0;155;0;
10690;7516666;1026985984;17068032;1111404544;0;0;0;0;0;0;0;0;0;0;0;3326;0;0;89;0;155;0;
10691;10695418;1026985984;17068032;1111404544;0;0;0;0;0;0;0;0;0;0;0;2816;0;0;89;0;155;0;
10692;7490076;1026985984;17068032;1111404544;0;0;0;0;0;0;0;0;0;0;0;3637;0;0;89;0;155;0;
10693;8058923;1026985984;17068032;1111404544;0;0;0;0;0;0;0;0;0;0;0;2865;0;0;89;0;155;0;
10694;8611880;1026985984;17068032;1111404544;0;0;0;0;0;0;0;0;0;0;0;3577;0;0;89;0;155;0;
10695;10048194;1026985984;17068032;1111404544;0;0;0;0;0;0;0;0;0;0;0;3997;0;0;89;0;155;0;
10696;8447382;1026985984;17068032;1111404544;0;0;0;0;0;0;0;0;0;0;0;3787;0;0;89;0;155;0;
10697;8340592;1026985984;17068032;1111404544;0;0;0;0;0;0;0;0;0;0;0;2595;0;0;89;0;155;0;
10698;7684631;1023508480;13295616;1107632128;0;0;0;0;0;0;0;0;0;0;0;3407;0;0;89;0;155;0;
10699;9524763;1023508480;13295616;1107632128;0;0;0;0;0;0;0;0;0;0;0;2415;0;0;89;0;155;0;
10700;5925182;1023508480;13295616;1107632128;0;0;0;0;0;0;0;0;0;0;0;3577;0;0;89;0;155;0;
10701;6741163;1023508480;13295616;1107632128;0;0;0;0;0;0;0;0;0;0;0;1933;0;0;89;0;155;0;
10702;7833611;1023508480;13295616;1107632128;0;0;0;0;0;0;0;0;0;0;0;2545;0;0;89;0;155;0;
10703;10016144;1023508480;13295616;1107632128;0;0;0;0;0;0;0;0;0;0;0;2374;0;0;89;0;155;0;
10704;4315333;1023508480;13295616;1107632128;0;0;0;0;0;0;0;0;0;0;0;3066;0;0;89;0;155;0;
10705;7575387;1023508480;13295616;1107632128;0;0;0;0;0;0;0;0;0;0;0;2315;0;0;89;0;155;0;
10706;5487260;1023508480;13295616;1107632128;0;0;0;0;0;0;0;0;0;0;0;3146;0;0;89;0;155;0;
10707;8011064;1023508480;13295616;1107632128;0;0;0;0;0;0;0;0;0;0;0;2655;0;0;89;0;155;0;
10708;5832398;1023508480;13295616;1107632128;0;0;0;0;0;0;0;0;0;0;0;2975;0;0;89;0;155;0;
10709;8559493;1023508480;13295616;1107632128;0;0;0;0;0;0;0;0;0;0;0;1813;0;0;89;0;155;0;
10710;7101678;1023508480;13295616;1107632128;0;0;0;0;0;0;0;0;0;0;0;2826;0;0;89;0;155;0;
10711;7822790;1023508480;13295616;1107632128;0;0;0;0;0;0;0;0;0;0;0;2555;0;0;89;0;155;0;
10712;6430309;1023508480;13295616;1107632128;0;0;0;0;0;0;0;0;0;0;0;2715;0;0;89;0;155;0;
10713;10174061;1023508480;13295616;1107632128;0;0;0;0;0;0;0;0;0;0;0;3116;0;0;89;0;155;0;
10714;5725147;1023508480;13295616;1107632128;0;0;0;0;0;0;0;0;0;0;0;2615;0;0;89;0;155;0;
10715;8820482;1025126400;17068032;1111404544;0;0;0;0;0;0;0;0;0;0;0;3056;0;0;89;0;155;0;
10716;8099991;1027018752;17068032;1111404544;0;0;0;0;0;0;0;0;0;0;0;2725;0;0;89;0;155;0;
10717;9277369;1027018752;17068032;1111404544;0;0;0;0;0;0;0;0;0;0;0;2735;0;0;89;0;155;0;
10718;4428435;1027018752;17068032;1111404544;0;0;0;0;0;0;0;0;0;0;0;3446;0;0;89;0;155;0;
10719;7777195;1027018752;17068032;1111404544;0;0;0;0;0;0;0;0;0;0;0;3056;0;0;89;0;155;0;
10720;5308305;1027018752;17068032;1111404544;0;0;0;0;0;0;0;0;0;0;0;2865;0;0;89;0;155;0;
10721;7927356;1027018752;17068032;1111404544;0;0;0;0;0;0;0;0;0;0;0;3106;0;0;89;0;155;0;
10722;3548124;1027018752;17068032;1111404544;0;0;0;0;0;0;0;0;0;0;0;3126;0;0;89;0;155;0;
10723;7162172;1027018752;17068032;1111404544;0;0;0;0;0;0;0;0;0;0;0;3075;0;0;89;0;155;0;
10724;7179304;1027018752;17068032;1111404544;0;0;0;0;0;0;0;0;0;0;0;2925;0;0;89;0;155;0;
10725;6914297;1027018752;17068032;1111404544;0;0;0;0;0;0;0;0;0;0;0;2134;0;0;89;0;155;0;
10726;5376333;1027018752;17068032;1111404544;0;0;0;0;0;0;0;0;0;0;0;2775;0;0;89;0;155;0;
10727;9361617;1027018752;17068032;1111404544;0;0;0;0;0;0;0;0;0;0;0;2024;0;0;89;0;155;0;
10728;6853884;1027018752;17068032;1111404544;0;0;0;0;0;0;0;0;0;0;0;3236;0;0;89;0;155;0;
10729;7445313;1027018752;17068032;1111404544;0;0;0;0;0;0;0;0;0;0;0;2665;0;0;89;0;155;0;
10730;7537325;1027018752;17068032;1111404544;0;0;0;0;0;0;0;0;0;0;0;2956;0;0;89;0;155;0;
10731;8632328;1027018752;17068032;1111404544;0;0;0;0;0;0;0;0;0;0;0;3327;0;0;89;0;155;0;
10732;3492530;1027018752;17068032;1111404544;0;0;0;0;0;0;0;0;0;0;0;2595;0;0;89;0;155;0;
10733;7129921;1027018752;17068032;1111404544;0;0;0;0;0;0;0;0;0;0;0;1613;0;0;89;0;155;0;
10734;7805799;1027018752;17068032;1111404544;0;0;0;0;0;0;0;0;0;0;0;3787;0;0;89;0;155;0;
10735;7941724;1027018752;17068032;1111404544;0;0;0;0;0;0;0;0;0;0;0;2866;0;0;89;0;155;0;
10736;8596672;1027018752;17068032;1111404544;0;0;0;0;0;0;0;0;0;0;0;2875;0;0;89;0;155;0;
10737;9725630;1027018752;17068032;1111404544;0;0;0;0;0;0;0;0;0;0;0;2856;0;0;89;0;155;0;
10738;5902639;1027018752;17068032;1111404544;0;0;0;0;0;0;0;0;0;0;0;2614;0;0;89;0;155;0;
10739;7245638;1027018752;17068032;1111404544;0;0;0;0;0;0;0;0;0;0;0;3356;0;0;89;0;155;0;
10740;7045633;1027018752;17068032;1111404544;0;0;0;0;0;0;0;0;0;0;0;2715;0;0;89;0;155;0;
10741;9006230;1027018752;17068032;1111404544;0;0;0;0;0;0;0;0;0;0;0;2925;0;0;89;0;155;0;
10742;7582069;1027018752;17068032;1111404544;0;0;0;0;0;0;0;0;0;0;0;2996;0;0;89;0;155;0;
10743;8779905;1027018752;17068032;1111404544;0;0;0;0;0;0;0;0;0;0;0;2675;0;0;89;0;155;0;
10744;8528504;1027018752;17068032;1111404544;0;0;0;0;0;0;0;0;0;0;0;3036;0;0;89;0;155;0;
10745;9019374;1027018752;17068032;1111404544;0;0;0;0;0;0;0;0;0;0;0;3246;0;0;89;0;156;0;
10746;6089280;1027018752;17068032;1111404544;0;0;0;0;0;0;0;0;0;0;0;3516;0;0;89;0;156;0;
10747;8764457;1027018752;17068032;1111404544;0;0;0;0;0;0;0;0;0;0;0;2114;0;0;89;0;156;0;
10748;8339230;1027018752;17068032;1111404544;0;0;0;0;0;0;0;0;0;0;0;3126;0;0;89;0;156;0;
10749;8188407;1027018752;17068032;1111404544;0;0;0;0;0;0;0;0;0;0;0;2525;0;0;89;0;156;0;
10750;7889285;1027018752;17068032;1111404544;0;0;0;0;0;0;0;0;0;0;0;100839;0;0;89;0;156;0;
10751;9487122;1027018752;17068032;1111404544;0;0;0;0;0;0;0;0;0;0;0;2695;0;0;89;0;156;0;
10752;6381708;1027018752;17068032;1111404544;0;0;0;0;0;0;0;0;0;0;0;3737;0;0;89;0;156;0;
10753;7417310;1027018752;17068032;1111404544;0;0;0;0;0;0;0;0;0;0;0;2345;0;0;89;0;156;0;
10754;6510519;1027018752;17068032;1111404544;0;0;0;0;0;0;0;0;0;0;0;2845;0;0;89;0;156;0;
10755;9209200;1027018752;17068032;1111404544;0;0;0;0;0;0;0;0;0;0;0;2936;0;0;89;0;156;0;
10756;3409234;1027018752;17068032;1111404544;0;0;0;0;0;0;0;0;0;0;0;2605;0;0;89;0;156;0;
10757;8235264;1027018752;17068032;1111404544;0;0;0;0;0;0;0;0;0;0;0;2375;0;0;89;0;156;0;
10758;5963795;1027018752;17068032;1111404544;0;0;0;0;0;0;0;0;0;0;0;2795;0;0;89;0;156;0;
10759;9184094;1027018752;17068032;1111404544;0;0;0;0;0;0;0;0;0;0;0;2956;0;0;89;0;156;0;
10760;3569424;1027018752;17068032;1111404544;0;0;0;0;0;0;0;0;0;0;0;2795;0;0;89;0;156;0;
10761;7483604;1027018752;17068032;1111404544;0;0;0;0;0;0;0;0;0;0;0;2926;0;0;89;0;157;0;
10762;6034687;1027018752;17068032;1111404544;0;0;0;0;0;0;0;0;0;0;0;2725;0;0;89;0;157;0;
10763;8557028;1027018752;17068032;1111404544;0;0;0;0;0;0;0;0;0;0;0;3367;0;0;89;0;158;0;
10764;3932165;1027018752;17068032;1111404544;0;0;0;0;0;0;0;0;0;0;0;2865;0;0;89;0;158;0;
10765;8412797;1027018752;17068032;1111404544;0;0;0;0;0;0;0;0;0;0;0;2836;0;0;89;0;158;0;
10766;9085499;1027018752;17068032;1111404544;0;0;0;0;0;0;0;0;0;0;0;3126;0;0;89;0;158;0;
10767;6230234;1027018752;17068032;1111404544;0;0;0;0;0;0;0;0;0;0;0;2324;0;0;89;0;158;0;
10768;7166390;1023520768;13295616;1107632128;0;0;0;0;0;0;0;0;0;0;0;2915;0;0;89;0;158;0;
10769;9632134;1023520768;13295616;1107632128;0;0;0;0;0;0;0;0;0;0;0;2505;0;0;89;0;158;0;
10770;7819675;1023520768;13295616;1107632128;0;0;0;0;0;0;0;0;0;0;0;3516;0;0;89;0;158;0;
10771;7430805;1023520768;13295616;1107632128;0;0;0;0;0;0;0;0;0;0;0;2404;0;0;89;0;158;0;
10772;5956982;1023520768;13295616;1107632128;0;0;0;0;0;0;0;0;0;0;0;2815;0;0;89;0;158;0;
10773;9781785;1023520768;13295616;1107632128;0;0;0;0;0;0;0;0;0;0;0;3417;0;0;89;0;159;0;
10774;3539899;1023520768;13295616;1107632128;0;0;0;0;0;0;0;0;0;0;0;3146;0;0;89;0;159;0;
10775;6549282;1023520768;13295616;1107632128;0;0;0;0;0;0;0;0;0;0;0;2374;0;0;89;0;159;0;
10776;7596446;1023520768;13295616;1107632128;0;0;0;0;0;0;0;0;0;0;0;3016;0;0;89;0;159;0;
10777;10880866;1023520768;13295616;1107632128;0;0;0;0;0;0;0;0;0;0;0;3256;0;0;89;0;159;0;
10778;7225431;1023520768;13295616;1107632128;0;0;0;0;0;0;0;0;0;0;0;3307;0;0;89;0;159;0;
10779;12686362;1023520768;13295616;1107632128;0;0;0;0;0;0;0;0;0;0;0;3597;0;0;89;0;159;0;
10780;6328458;1023520768;13295616;1107632128;0;0;0;0;0;0;0;0;0;0;0;135264;0;0;89;0;159;0;
10781;9790251;1023520768;13295616;1107632128;0;0;0;0;0;0;0;0;0;0;0;2885;0;0;89;0;159;0;
10782;8134355;1023520768;13295616;1107632128;0;0;0;0;0;0;0;0;0;0;0;2405;0;0;89;0;159;0;
10783;7325338;1023520768;13295616;1107632128;0;0;0;0;0;0;0;0;0;0;0;3066;0;0;89;0;159;0;
10784;7830716;1023520768;13295616;1107632128;0;0;0;0;0;0;0;0;0;0;0;2555;0;0;89;0;159;0;
10785;10409311;1025138688;17068032;1111404544;0;0;0;0;0;0;0;0;0;0;0;2425;0;0;89;0;159;0;
10786;5728343;1027031040;17068032;1111404544;0;0;0;0;0;0;0;0;0;0;0;2985;0;0;89;0;159;0;
10787;8340491;1027031040;17068032;1111404544;0;0;0;0;0;0;0;0;0;0;0;1463;0;0;89;0;159;0;
10788;6012015;1027031040;17068032;1111404544;0;0;0;0;0;0;0;0;0;0;0;2755;0;0;89;0;159;0;
10789;8617100;1027031040;17068032;1111404544;0;0;0;0;0;0;0;0;0;0;0;2876;0;0;89;0;159;0;
10790;4712558;1027031040;17068032;1111404544;0;0;0;0;0;0;0;0;0;0;0;2805;0;0;89;0;159;0;
10791;7650318;1027031040;17068032;1111404544;0;0;0;0;0;0;0;0;0;0;0;1943;0;0;89;0;159;0;
10792;8364527;1027031040;17068032;1111404544;0;0;0;0;0;0;0;0;0;0;0;2625;0;0;89;0;159;0;
10793;7984393;1027031040;17068032;1111404544;0;0;0;0;0;0;0;0;0;0;0;3506;0;0;89;0;159;0;
10794;10033176;1027031040;17068032;1111404544;0;0;0;0;0;0;0;0;0;0;0;2645;0;0;89;0;159;0;
10795;10689427;1027031040;17068032;1111404544;0;0;0;0;0;0;0;0;0;0;0;1653;0;0;89;0;159;0;
10796;6770016;1027031040;17068032;1111404544;0;0;0;0;0;0;0;0;0;0;0;5461;0;0;89;0;159;0;
10797;9538007;1027031040;17068032;1111404544;0;0;0;0;0;0;0;0;0;0;0;5440;0;0;89;0;159;0;
10798;4893938;1027031040;17068032;1111404544;0;0;0;0;0;0;0;0;0;0;0;3125;0;0;89;0;159;0;
10799;9017722;1027031040;17068032;1111404544;0;0;0;0;0;0;0;0;0;0;0;2825;0;0;89;0;159;0;
10800;8657436;1027289088;17068032;1111404544;0;0;0;0;0;0;0;0;0;0;0;3216;0;0;89;0;159;0;
10801;7965017;1027289088;17072128;1111408640;0;0;0;0;0;0;0;0;0;0;0;3226;0;0;89;0;159;0;
10802;6318550;1027289088;17076224;1111412736;0;0;0;0;0;0;0;0;0;0;0;40766;0;0;89;0;159;0;
10803;11235932;1027289088;17076224;1111412736;0;0;0;0;0;0;0;0;0;0;0;4008;0;0;89;0;159;0;
10804;5202306;1027289088;17076224;1111412736;0;0;0;0;0;0;0;0;0;0;0;2865;0;0;89;0;159;0;
10805;7614360;1027289088;17076224;1111412736;0;0;0;0;0;0;0;0;0;0;0;3076;0;0;89;0;159;0;
10806;5796090;1027289088;17076224;1111412736;0;0;0;0;0;0;0;0;0;0;0;2835;0;0;89;0;159;0;
10807;9031096;1027289088;17076224;1111412736;0;0;0;0;0;0;0;0;0;0;0;3226;0;0;89;0;159;0;
10808;6820301;1027510272;17068032;1111404544;0;0;0;0;0;0;0;0;0;0;0;3596;0;0;89;0;160;0;
10809;7911096;1027510272;17068032;1111404544;0;0;0;0;0;0;0;0;0;0;0;3216;0;0;89;0;160;0;
10810;7031377;1027510272;17068032;1111404544;0;0;0;0;0;0;0;0;0;0;0;3016;0;0;89;0;160;0;
10811;10345472;1027510272;17068032;1111404544;0;0;0;0;0;0;0;0;0;0;0;3356;0;0;89;0;160;0;
10812;9116607;1027510272;17068032;1111404544;0;0;0;0;0;0;0;0;0;0;0;3597;0;0;89;0;160;0;
10813;9247964;1027510272;17068032;1111404544;0;0;0;0;0;0;0;0;0;0;0;3377;0;0;89;0;160;0;
10814;7830395;1027510272;17068032;1111404544;0;0;0;0;0;0;0;0;0;0;0;3096;0;0;89;0;160;0;
10815;7648875;1027510272;17068032;1111404544;0;0;0;0;0;0;0;0;0;0;0;2976;0;0;89;0;160;0;
10816;6248187;1027510272;17068032;1111404544;0;0;0;0;0;0;0;0;0;0;0;2425;0;0;89;0;160;0;
10817;8480805;1027510272;17068032;1111404544;0;0;0;0;0;0;0;0;0;0;0;2876;0;0;89;0;160;0;
10818;6277913;1027510272;17068032;1111404544;0;0;0;0;0;0;0;0;0;0;0;2906;0;0;89;0;160;0;
10819;10196051;1027510272;17068032;1111404544;0;0;0;0;0;0;0;0;0;0;0;2535;0;0;89;0;160;0;
10820;4231856;1027510272;17068032;1111404544;0;0;0;0;0;0;0;0;0;0;0;2745;0;0;89;0;160;0;
10821;8317027;1027510272;17068032;1111404544;0;0;0;0;0;0;0;0;0;0;0;2956;0;0;89;0;160;0;
10822;10793623;1027510272;17068032;1111404544;0;0;0;0;0;0;0;0;0;0;0;3106;0;0;89;0;160;0;
10823;11474569;1027510272;17068032;1111404544;0;0;0;0;0;0;0;0;0;0;0;3186;0;0;89;0;160;0;
10824;5862144;1027510272;17068032;1111404544;0;0;0;0;0;0;0;0;0;0;0;2605;0;0;89;0;160;0;
10825;12426124;1027510272;17068032;1111404544;0;0;0;0;0;0;0;0;0;0;0;2985;0;0;89;0;160;0;
10826;7152704;1027510272;17068032;1111404544;0;0;0;0;0;0;0;0;0;0;0;3516;0;0;89;0;160;0;
10827;9161040;1027510272;17068032;1111404544;0;0;0;0;0;0;0;0;0;0;0;3326;0;0;89;0;160;0;
10828;4000152;1027510272;17068032;1111404544;0;0;0;0;0;0;0;0;0;0;0;3115;0;0;89;0;160;0;
10829;9299380;1027510272;17068032;1111404544;0;0;0;0;0;0;0;0;0;0;0;2856;0;0;89;0;160;0;
10830;9329266;1027510272;17068032;1111404544;0;0;0;0;0;0;0;0;0;0;0;3156;0;0;89;0;160;0;
10831;12099230;1027510272;17068032;1111404544;0;0;0;0;0;0;0;0;0;0;0;3076;0;0;89;0;160;0;
10832;8717208;1027510272;17068032;1111404544;0;0;0;0;0;0;0;0;0;0;0;2545;0;0;89;0;160;0;
10833;7662861;1027510272;17068032;1111404544;0;0;0;0;0;0;0;0;0;0;0;3015;0;0;89;0;160;0;
10834;11699301;1027510272;17068032;1111404544;0;0;0;0;0;0;0;0;0;0;0;3026;0;0;89;0;160;0;
10835;9150030;1027510272;17068032;1111404544;0;0;0;0;0;0;0;0;0;0;0;3337;0;0;89;0;160;0;
10836;9210704;1027510272;17068032;1111404544;0;0;0;0;0;0;0;0;0;0;0;2975;0;0;89;0;160;0;
10837;11299241;1027510272;17068032;1111404544;0;0;0;0;0;0;0;0;0;0;0;2575;0;0;89;0;160;0;
10838;9092783;1023827968;13295616;1107632128;0;0;0;0;0;0;0;0;0;0;0;3006;0;0;89;0;160;0;
10839;9556532;1023827968;13295616;1107632128;0;0;0;0;0;0;0;0;0;0;0;2695;0;0;89;0;160;0;
10840;7169496;1023827968;13295616;1107632128;0;0;0;0;0;0;0;0;0;0;0;3627;0;0;89;0;160;0;
10841;12133285;1023827968;13295616;1107632128;0;0;0;0;0;0;0;0;0;0;0;2655;0;0;89;0;160;0;
10842;4073229;1023827968;13295616;1107632128;0;0;0;0;0;0;0;0;0;0;0;3667;0;0;89;0;160;0;
10843;9261669;1023827968;13295616;1107632128;0;0;0;0;0;0;0;0;0;0;0;2144;0;0;89;0;160;0;
10844;6306778;1023827968;13295616;1107632128;0;0;0;0;0;0;0;0;0;0;0;3016;0;0;89;0;160;0;
10845;8089380;1023827968;13295616;1107632128;0;0;0;0;0;0;0;0;0;0;0;2695;0;0;89;0;160;0;
10846;7616875;1023827968;13295616;1107632128;0;0;0;0;0;0;0;0;0;0;0;2544;0;0;89;0;160;0;
10847;8049286;1023827968;13295616;1107632128;0;0;0;0;0;0;0;0;0;0;0;72917;0;0;89;0;160;0;
10848;6411043;1023827968;13295616;1107632128;0;0;0;0;0;0;0;0;0;0;0;2755;0;0;89;0;160;0;
10849;8307160;1023827968;13295616;1107632128;0;0;0;0;0;0;0;0;0;0;0;2044;0;0;89;0;160;0;
10850;9590205;1023827968;13295616;1107632128;0;0;0;0;0;0;0;0;0;0;0;3277;0;0;89;0;160;0;
10851;8880935;1023827968;13295616;1107632128;0;0;0;0;0;0;0;0;0;0;0;3456;0;0;89;0;160;0;
10852;6468691;1023827968;13295616;1107632128;0;0;0;0;0;0;0;0;0;0;0;3196;0;0;89;0;160;0;
10853;9216355;1023827968;13295616;1107632128;0;0;0;0;0;0;0;0;0;0;0;2745;0;0;89;0;160;0;
10854;9439583;1023827968;13295616;1107632128;0;0;0;0;0;0;0;0;0;0;0;3366;0;0;89;0;160;0;
10855;8816935;1025445888;17068032;1111404544;0;0;0;0;0;0;0;0;0;0;0;3456;0;0;89;0;160;0;
10856;8396387;1027338240;17068032;1111404544;0;0;0;0;0;0;0;0;0;0;0;4057;0;0;89;0;160;0;
10857;9818985;1027338240;17068032;1111404544;0;0;0;0;0;0;0;0;0;0;0;3186;0;0;89;0;160;0;
10858;8188667;1027338240;17068032;1111404544;0;0;0;0;0;0;0;0;0;0;0;2655;0;0;89;0;160;0;
10859;7541643;1027338240;17068032;1111404544;0;0;0;0;0;0;0;0;0;0;0;2795;0;0;89;0;160;0;
10860;5281244;1027338240;17068032;1111404544;0;0;0;0;0;0;0;0;0;0;0;3797;0;0;89;0;160;0;
10861;9139039;1027338240;17072128;1111408640;0;0;0;0;0;0;0;0;0;0;0;3186;0;0;89;0;160;0;
10862;5846465;1027338240;17076224;1111412736;0;0;0;0;0;0;0;0;0;0;0;2775;0;0;89;0;160;0;
10863;9573504;1027338240;17076224;1111412736;0;0;0;0;0;0;0;0;0;0;0;3496;0;0;89;0;160;0;
10864;4917111;1027338240;17076224;1111412736;0;0;0;0;0;0;0;0;0;0;0;3086;0;0;89;0;160;0;
10865;10064635;1027338240;17076224;1111412736;0;0;0;0;0;0;0;0;0;0;0;3196;0;0;89;0;160;0;
10866;6426452;1027338240;17076224;1111412736;0;0;0;0;0;0;0;0;0;0;0;2966;0;0;89;0;160;0;
10867;10009782;1027338240;17076224;1111412736;0;0;0;0;0;0;0;0;0;0;0;2544;0;0;89;0;160;0;
10868;6812015;1027575808;17068032;1111404544;0;0;0;0;0;0;0;0;0;0;0;2896;0;0;89;0;160;0;
10869;9561592;1027575808;17068032;1111404544;0;0;0;0;0;0;0;0;0;0;0;2434;0;0;89;0;160;0;
10870;9467776;1027575808;17068032;1111404544;0;0;0;0;0;0;0;0;0;0;0;2885;0;0;89;0;160;0;
10871;6859274;1027575808;17068032;1111404544;0;0;0;0;0;0;0;0;0;0;0;2725;0;0;89;0;160;0;
10872;8111202;1027575808;17068032;1111404544;0;0;0;0;0;0;0;0;0;0;0;10600;0;0;89;0;160;0;
10873;9082924;1027575808;17068032;1111404544;0;0;0;0;0;0;0;0;0;0;0;2976;0;0;89;0;160;0;
10874;10371000;1027575808;17068032;1111404544;0;0;0;0;0;0;0;0;0;0;0;4339;0;0;89;0;160;0;
10875;10189379;1027575808;17068032;1111404544;0;0;0;0;0;0;0;0;0;0;0;2956;0;0;89;0;160;0;
10876;7446746;1027575808;17068032;1111404544;0;0;0;0;0;0;0;0;0;0;0;3517;0;0;89;0;160;0;
10877;9998561;1027575808;17068032;1111404544;0;0;0;0;0;0;0;0;0;0;0;3125;0;0;89;0;160;0;
10878;9374150;1027575808;17068032;1111404544;0;0;0;0;0;0;0;0;0;0;0;3327;0;0;89;0;160;0;
10879;10911494;1027575808;17068032;1111404544;0;0;0;0;0;0;0;0;0;0;0;3287;0;0;89;0;160;0;
10880;11959909;1027575808;17068032;1111404544;0;0;0;0;0;0;0;0;0;0;0;3136;0;0;89;0;160;0;
10881;7974245;1027575808;17068032;1111404544;0;0;0;0;0;0;0;0;0;0;0;3076;0;0;89;0;160;0;
10882;9129922;1027575808;17068032;1111404544;0;0;0;0;0;0;0;0;0;0;0;3336;0;0;89;0;160;0;
10883;7754002;1027575808;17068032;1111404544;0;0;0;0;0;0;0;0;0;0;0;2815;0;0;89;0;160;0;
10884;8770929;1023852544;13295616;1107632128;0;0;0;0;0;0;0;0;0;0;0;3046;0;0;89;0;160;0;
10885;8439608;1023852544;13295616;1107632128;0;0;0;0;0;0;0;0;0;0;0;3266;0;0;89;0;160;0;
10886;8717178;1023852544;13295616;1107632128;0;0;0;0;0;0;0;0;0;0;0;3687;0;0;89;0;160;0;
10887;9192309;1023852544;13295616;1107632128;0;0;0;0;0;0;0;0;0;0;0;2976;0;0;89;0;160;0;
10888;8325995;1023852544;13295616;1107632128;0;0;0;0;0;0;0;0;0;0;0;3406;0;0;89;0;160;0;
10889;7878124;1023852544;13295616;1107632128;0;0;0;0;0;0;0;0;0;0;0;3035;0;0;89;0;160;0;
10890;9751558;1023852544;13295616;1107632128;0;0;0;0;0;0;0;0;0;0;0;3216;0;0;89;0;160;0;
10891;6855838;1023852544;13295616;1107632128;0;0;0;0;0;0;0;0;0;0;0;2375;0;0;89;0;160;0;
10892;8202954;1023852544;13295616;1107632128;0;0;0;0;0;0;0;0;0;0;0;3747;0;0;89;0;160;0;
10893;9403836;1023852544;13295616;1107632128;0;0;0;0;0;0;0;0;0;0;0;3326;0;0;89;0;160;0;
10894;5617425;1023852544;13295616;1107632128;0;0;0;0;0;0;0;0;0;0;0;3516;0;0;89;0;160;0;
10895;8901654;1023852544;13295616;1107632128;0;0;0;0;0;0;0;0;0;0;0;3216;0;0;89;0;160;0;
10896;6564401;1023852544;13295616;1107632128;0;0;0;0;0;0;0;0;0;0;0;3266;0;0;89;0;160;0;
10897;6120859;1023852544;13295616;1107632128;0;0;0;0;0;0;0;0;0;0;0;2745;0;0;89;0;160;0;
10898;5480959;1023852544;13295616;1107632128;0;0;0;0;0;0;0;0;0;0;0;3266;0;0;89;0;160;0;
10899;8715064;1023852544;13295616;1107632128;0;0;0;0;0;0;0;0;0;0;0;2074;0;0;89;0;160;0;
10900;6915800;1024122880;13295616;1107632128;0;0;0;0;0;0;0;0;0;0;0;3146;0;0;89;0;160;0;
10901;6528494;1025740800;17068032;1111404544;0;0;0;0;0;0;0;0;0;0;0;3486;0;0;89;0;160;0;
10902;7160319;1027633152;17068032;1111404544;0;0;0;0;0;0;0;0;0;0;0;3277;0;0;89;0;160;0;
10903;6983387;1027633152;17068032;1111404544;0;0;0;0;0;0;0;0;0;0;0;2935;0;0;89;0;160;0;
10904;6912353;1027633152;17068032;1111404544;0;0;0;0;0;0;0;0;0;0;0;3116;0;0;89;0;160;0;
10905;7762347;1027633152;17068032;1111404544;0;0;0;0;0;0;0;0;0;0;0;2676;0;0;89;0;160;0;
10906;4768022;1027633152;17068032;1111404544;0;0;0;0;0;0;0;0;0;0;0;3096;0;0;89;0;160;0;
10907;8487317;1027633152;17068032;1111404544;0;0;0;0;0;0;0;0;0;0;0;2685;0;0;89;0;160;0;
10908;4985119;1027633152;17068032;1111404544;0;0;0;0;0;0;0;0;0;0;0;3437;0;0;89;0;160;0;
10909;9229970;1027633152;17068032;1111404544;0;0;0;0;0;0;0;0;0;0;0;2976;0;0;89;0;160;0;
10910;5426517;1027633152;17068032;1111404544;0;0;0;0;0;0;0;0;0;0;0;4118;0;0;89;0;160;0;
10911;11424175;1027633152;17068032;1111404544;0;0;0;0;0;0;0;0;0;0;0;2986;0;0;89;0;160;0;
10912;8198786;1027633152;17068032;1111404544;0;0;0;0;0;0;0;0;0;0;0;3587;0;0;89;0;160;0;
10913;8995690;1027633152;17068032;1111404544;0;0;0;0;0;0;0;0;0;0;0;3327;0;0;89;0;160;0;
10914;3830314;1027633152;17068032;1111404544;0;0;0;0;0;0;0;0;0;0;0;3606;0;0;89;0;160;0;
10915;9916327;1027633152;17068032;1111404544;0;0;0;0;0;0;0;0;0;0;0;2615;0;0;89;0;160;0;
10916;10269289;1027903488;17068032;1111404544;0;0;0;0;0;0;0;0;0;0;0;2685;0;0;89;0;160;0;
10917;8058703;1027903488;17068032;1111404544;0;0;0;0;0;0;0;0;0;0;0;2555;0;0;89;0;160;0;
10918;5875318;1027903488;17068032;1111404544;0;0;0;0;0;0;0;0;0;0;0;2775;0;0;89;0;160;0;
10919;9804236;1027903488;17068032;1111404544;0;0;0;0;0;0;0;0;0;0;0;3186;0;0;89;0;160;0;
10920;6061096;1027903488;17068032;1111404544;0;0;0;0;0;0;0;0;0;0;0;3377;0;0;89;0;160;0;
10921;7015537;1027903488;17068032;1111404544;0;0;0;0;0;0;0;0;0;0;0;2815;0;0;89;0;160;0;
10922;10403110;1027903488;17068032;1111404544;0;0;0;0;0;0;0;0;0;0;0;2846;0;0;89;0;160;0;
10923;10673517;1027903488;17072128;1111408640;0;0;0;0;0;0;0;0;0;0;0;3286;0;0;89;0;160;0;
10924;4614354;1027903488;17076224;1111412736;0;0;0;0;0;0;0;0;0;0;0;3056;0;0;89;0;160;0;
10925;7835555;1027903488;17076224;1111412736;0;0;0;0;0;0;0;0;0;0;0;2585;0;0;89;0;160;0;
10926;6629162;1028173824;17076224;1111412736;0;0;0;0;0;0;0;0;0;0;0;3236;0;0;89;0;160;0;
10927;9968094;1028173824;17076224;1111412736;0;0;0;0;0;0;0;0;0;0;0;2715;0;0;89;0;160;0;
10928;5210682;1028173824;17076224;1111412736;0;0;0;0;0;0;0;0;0;0;0;3266;0;0;89;0;160;0;
10929;8065746;1028173824;17076224;1111412736;0;0;0;0;0;0;0;0;0;0;0;2094;0;0;89;0;160;0;
10930;9363721;1028165632;17063936;1111400448;0;0;0;0;0;0;0;0;0;0;0;4278;0;0;89;0;160;0;
10931;9676227;1028165632;17063936;1111400448;0;0;0;0;0;0;0;0;0;0;0;3176;0;0;89;0;160;0;
10932;8396587;1028165632;17063936;1111400448;0;0;0;0;0;0;0;0;0;0;0;2775;0;0;89;0;160;0;
10933;8932492;1028165632;17063936;1111400448;0;0;0;0;0;0;0;0;0;0;0;2925;0;0;89;0;160;0;
10934;7683640;1028165632;17063936;1111400448;0;0;0;0;0;0;0;0;0;0;0;3046;0;0;89;0;160;0;
10935;8322057;1028165632;17063936;1111400448;0;0;0;0;0;0;0;0;0;0;0;3026;0;0;89;0;160;0;
10936;8254119;1028165632;17063936;1111400448;0;0;0;0;0;0;0;0;0;0;0;2595;0;0;89;0;160;0;
10937;9298488;1028165632;17063936;1111400448;0;0;0;0;0;0;0;0;0;0;0;2855;0;0;89;0;160;0;
10938;6415652;1028165632;17063936;1111400448;0;0;0;0;0;0;0;0;0;0;0;2535;0;0;89;0;160;0;
10939;8142891;1028165632;17063936;1111400448;0;0;0;0;0;0;0;0;0;0;0;2534;0;0;89;0;160;0;
10940;6265370;1028165632;17063936;1111400448;0;0;0;0;0;0;0;0;0;0;0;3086;0;0;89;0;160;0;
10941;8021864;1028165632;17063936;1111400448;0;0;0;0;0;0;0;0;0;0;0;3567;0;0;89;0;160;0;
10942;5376814;1028165632;17063936;1111400448;0;0;0;0;0;0;0;0;0;0;0;3887;0;0;89;0;160;0;
10943;9410298;1028165632;17063936;1111400448;0;0;0;0;0;0;0;0;0;0;0;3307;0;0;89;0;160;0;
10944;6536107;1028165632;17063936;1111400448;0;0;0;0;0;0;0;0;0;0;0;3336;0;0;89;0;160;0;
10945;8795875;1028165632;17063936;1111400448;0;0;0;0;0;0;0;0;0;0;0;2404;0;0;89;0;160;0;
10946;5001019;1028165632;17063936;1111400448;0;0;0;0;0;0;0;0;0;0;0;2896;0;0;89;0;160;0;
10947;9772267;1028165632;17063936;1111400448;0;0;0;0;0;0;0;0;0;0;0;3126;0;0;89;0;160;0;
10948;7546853;1028165632;17063936;1111400448;0;0;0;0;0;0;0;0;0;0;0;4068;0;0;89;0;160;0;
10949;8567377;1028165632;17063936;1111400448;0;0;0;0;0;0;0;0;0;0;0;3817;0;0;89;0;160;0;
10950;8845148;1028165632;17068032;1111404544;0;0;0;0;0;0;0;0;0;0;0;3416;0;0;89;0;160;0;
10951;8830891;1028165632;17068032;1111404544;0;0;0;0;0;0;0;0;0;0;0;3246;0;0;89;0;160;0;
10952;8631277;1028165632;17068032;1111404544;0;0;0;0;0;0;0;0;0;0;0;3076;0;0;89;0;160;0;
10953;14601524;1028165632;17068032;1111404544;0;0;0;0;0;0;0;0;0;0;0;3587;0;0;89;0;160;0;
10954;8139996;1028165632;17068032;1111404544;0;0;0;0;0;0;0;0;0;0;0;3637;0;0;89;0;160;0;
10955;12105412;1028165632;17068032;1111404544;0;0;0;0;0;0;0;0;0;0;0;2355;0;0;89;0;160;0;
10956;8076577;1028165632;17068032;1111404544;0;0;0;0;0;0;0;0;0;0;0;3957;0;0;89;0;160;0;
10957;8907174;1028165632;17068032;1111404544;0;0;0;0;0;0;0;0;0;0;0;3126;0;0;89;0;160;0;
10958;9209521;1028165632;17068032;1111404544;0;0;0;0;0;0;0;0;0;0;0;3817;0;0;89;0;160;0;
10959;10276392;1028165632;17068032;1111404544;0;0;0;0;0;0;0;0;0;0;0;3447;0;0;89;0;160;0;
10960;9461995;1028165632;17068032;1111404544;0;0;0;0;0;0;0;0;0;0;0;3487;0;0;89;0;160;0;
10961;12120741;1028165632;17068032;1111404544;0;0;0;0;0;0;0;0;0;0;0;3357;0;0;89;0;160;0;
10962;4992623;1028165632;17068032;1111404544;0;0;0;0;0;0;0;0;0;0;0;2855;0;0;89;0;160;0;
10963;10820092;1028165632;17068032;1111404544;0;0;0;0;0;0;0;0;0;0;0;2705;0;0;89;0;160;0;
10964;7931044;1028165632;17068032;1111404544;0;0;0;0;0;0;0;0;0;0;0;3657;0;0;89;0;160;0;
10965;9310762;1028165632;17068032;1111404544;0;0;0;0;0;0;0;0;0;0;0;2895;0;0;89;0;160;0;
10966;4407666;1028165632;17068032;1111404544;0;0;0;0;0;0;0;0;0;0;0;3467;0;0;89;0;160;0;
10967;8397418;1028165632;17068032;1111404544;0;0;0;0;0;0;0;0;0;0;0;3807;0;0;89;0;160;0;
10968;6469523;1028165632;17068032;1111404544;0;0;0;0;0;0;0;0;0;0;0;2916;0;0;89;0;160;0;
10969;8895162;1028165632;17068032;1111404544;0;0;0;0;0;0;0;0;0;0;0;2535;0;0;89;0;160;0;
10970;6889130;1028165632;17068032;1111404544;0;0;0;0;0;0;0;0;0;0;0;2775;0;0;89;0;160;0;
10971;10302511;1028165632;17068032;1111404544;0;0;0;0;0;0;0;0;0;0;0;2705;0;0;89;0;160;0;
10972;5978893;1028165632;17068032;1111404544;0;0;0;0;0;0;0;0;0;0;0;3617;0;0;89;0;160;0;
10973;7304539;1028165632;17068032;1111404544;0;0;0;0;0;0;0;0;0;0;0;1914;0;0;89;0;160;0;
10974;8796517;1028165632;17068032;1111404544;0;0;0;0;0;0;0;0;0;0;0;3186;0;0;89;0;160;0;
10975;12704135;1028165632;17068032;1111404544;0;0;0;0;0;0;0;0;0;0;0;4148;0;0;89;0;160;0;
10976;9211094;1028165632;17068032;1111404544;0;0;0;0;0;0;0;0;0;0;0;3256;0;0;89;0;160;0;
10977;10268206;1028165632;17068032;1111404544;0;0;0;0;0;0;0;0;0;0;0;2785;0;0;89;0;160;0;
10978;7600725;1028165632;17068032;1111404544;0;0;0;0;0;0;0;0;0;0;0;3627;0;0;89;0;160;0;
10979;8363826;1028165632;17068032;1111404544;0;0;0;0;0;0;0;0;0;0;0;3126;0;0;89;0;160;0;
10980;8542861;1028165632;17068032;1111404544;0;0;0;0;0;0;0;0;0;0;0;3557;0;0;89;0;160;0;
10981;6704564;1028165632;17068032;1111404544;0;0;0;0;0;0;0;0;0;0;0;2946;0;0;89;0;160;0;
10982;7237753;1028165632;17068032;1111404544;0;0;0;0;0;0;0;0;0;0;0;2885;0;0;89;0;160;0;
10983;6988477;1028165632;17072128;1111408640;0;0;0;0;0;0;0;0;0;0;0;3386;0;0;89;0;160;0;
10984;7069047;1028165632;17076224;1111412736;0;0;0;0;0;0;0;0;0;0;0;3526;0;0;89;0;160;0;
10985;8918986;1028165632;17076224;1111412736;0;0;0;0;0;0;0;0;0;0;0;3357;0;0;89;0;160;0;
10986;7833431;1028165632;17076224;1111412736;0;0;0;0;0;0;0;0;0;0;0;3747;0;0;89;0;160;0;
10987;7104824;1028165632;17076224;1111412736;0;0;0;0;0;0;0;0;0;0;0;3356;0;0;89;0;160;0;
10988;5532275;1028165632;17076224;1111412736;0;0;0;0;0;0;0;0;0;0;0;3847;0;0;89;0;160;0;
10989;10372312;1028165632;17076224;1111412736;0;0;0;0;0;0;0;0;0;0;0;2896;0;0;89;0;160;0;
10990;5963634;1028214784;17068032;1111404544;0;0;0;0;0;0;0;0;0;0;0;3537;0;0;89;0;160;0;
10991;8520319;1028214784;17068032;1111404544;0;0;0;0;0;0;0;0;0;0;0;5080;0;0;89;0;160;0;
10992;7916928;1028214784;17068032;1111404544;0;0;0;0;0;0;0;0;0;0;0;3136;0;0;89;0;160;0;
10993;9370974;1028214784;17068032;1111404544;0;0;0;0;0;0;0;0;0;0;0;3126;0;0;89;0;160;0;
10994;10378554;1028214784;17068032;1111404544;0;0;0;0;0;0;0;0;0;0;0;3807;0;0;89;0;160;0;
10995;7509663;1028214784;17068032;1111404544;0;0;0;0;0;0;0;0;0;0;0;3397;0;0;89;0;160;0;
10996;6888458;1028214784;17068032;1111404544;0;0;0;0;0;0;0;0;0;0;0;3246;0;0;89;0;160;0;
10997;8723670;1028214784;17068032;1111404544;0;0;0;0;0;0;0;0;0;0;0;3065;0;0;89;0;160;0;
10998;7060962;1028214784;17068032;1111404544;0;0;0;0;0;0;0;0;0;0;0;3426;0;0;89;0;160;0;
10999;9340167;1028214784;17068032;1111404544;0;0;0;0;0;0;0;0;0;0;0;2455;0;0;89;0;160;0;
11000;6863402;1028214784;17068032;1111404544;0;0;0;0;0;0;0;0;0;0;0;3276;0;0;89;0;160;0;
11001;10423528;1028214784;17068032;1111404544;0;0;0;0;0;0;0;0;0;0;0;3817;0;0;89;0;160;0;
11002;5045973;1028214784;17068032;1111404544;0;0;0;0;0;0;0;0;0;0;0;3867;0;0;89;0;160;0;
11003;10106724;1028214784;17068032;1111404544;0;0;0;0;0;0;0;0;0;0;0;2565;0;0;89;0;160;0;
11004;6392769;1028214784;17068032;1111404544;0;0;0;0;0;0;0;0;0;0;0;3236;0;0;89;0;160;0;
11005;10462701;1028214784;17068032;1111404544;0;0;0;0;0;0;0;0;0;0;0;4058;0;0;89;0;160;0;
11006;5041755;1028214784;17068032;1111404544;0;0;0;0;0;0;0;0;0;0;0;2495;0;0;89;0;160;0;
11007;13152386;1028214784;17068032;1111404544;0;0;0;0;0;0;0;0;0;0;0;3416;0;0;89;0;160;0;
11008;7970107;1028214784;17068032;1111404544;0;0;0;0;0;0;0;0;0;0;0;3817;0;0;89;0;160;0;
11009;8536139;1028214784;17068032;1111404544;0;0;0;0;0;0;0;0;0;0;0;2915;0;0;89;0;160;0;
11010;8138884;1028214784;17068032;1111404544;0;0;0;0;0;0;0;0;0;0;0;4028;0;0;89;0;160;0;
11011;9542586;1028214784;17068032;1111404544;0;0;0;0;0;0;0;0;0;0;0;3617;0;0;89;0;160;0;
11012;5665925;1028214784;17068032;1111404544;0;0;0;0;0;0;0;0;0;0;0;3056;0;0;89;0;160;0;
11013;7755504;1028214784;17068032;1111404544;0;0;0;0;0;0;0;0;0;0;0;3356;0;0;89;0;160;0;
11014;7178392;1028214784;17068032;1111404544;0;0;0;0;0;0;0;0;0;0;0;3606;0;0;89;0;160;0;
11015;9497882;1028214784;17068032;1111404544;0;0;0;0;0;0;0;0;0;0;0;3667;0;0;89;0;160;0;
11016;5940281;1028214784;17068032;1111404544;0;0;0;0;0;0;0;0;0;0;0;2815;0;0;89;0;160;0;
11017;12103549;1028214784;17068032;1111404544;0;0;0;0;0;0;0;0;0;0;0;3597;0;0;89;0;160;0;
11018;5141412;1028214784;17068032;1111404544;0;0;0;0;0;0;0;0;0;0;0;3156;0;0;89;0;160;0;
11019;8343757;1028214784;17068032;1111404544;0;0;0;0;0;0;0;0;0;0;0;2454;0;0;89;0;160;0;
11020;7382154;1028214784;17068032;1111404544;0;0;0;0;0;0;0;0;0;0;0;3566;0;0;89;0;160;0;
11021;7946122;1028214784;17068032;1111404544;0;0;0;0;0;0;0;0;0;0;0;2896;0;0;89;0;160;0;
11022;8329551;1028214784;17068032;1111404544;0;0;0;0;0;0;0;0;0;0;0;2905;0;0;89;0;160;0;
11023;7698879;1028214784;17068032;1111404544;0;0;0;0;0;0;0;0;0;0;0;2775;0;0;89;0;160;0;
11024;6640453;1028214784;17068032;1111404544;0;0;0;0;0;0;0;0;0;0;0;2905;0;0;89;0;160;0;
11025;9540522;1028214784;17068032;1111404544;0;0;0;0;0;0;0;0;0;0;0;3897;0;0;89;0;160;0;
11026;10859175;1028214784;17068032;1111404544;0;0;0;0;0;0;0;0;0;0;0;3667;0;0;89;0;160;0;
11027;9540001;1028214784;17068032;1111404544;0;0;0;0;0;0;0;0;0;0;0;3006;0;0;89;0;160;0;
11028;7492491;1028214784;17068032;1111404544;0;0;0;0;0;0;0;0;0;0;0;3567;0;0;89;0;160;0;
11029;10411546;1028214784;17068032;1111404544;0;0;0;0;0;0;0;0;0;0;0;2384;0;0;89;0;160;0;
11030;5463897;1028214784;17068032;1111404544;0;0;0;0;0;0;0;0;0;0;0;2955;0;0;89;0;160;0;
11031;8438285;1028214784;17068032;1111404544;0;0;0;0;0;0;0;0;0;0;0;2315;0;0;89;0;160;0;
11032;6301578;1028214784;17068032;1111404544;0;0;0;0;0;0;0;0;0;0;0;5289;0;0;89;0;160;0;
11033;10599347;1028214784;17068032;1111404544;0;0;0;0;0;0;0;0;0;0;0;2264;0;0;89;0;160;0;
11034;4735400;1028214784;17068032;1111404544;0;0;0;0;0;0;0;0;0;0;0;3006;0;0;89;0;160;0;
11035;13538981;1028214784;17068032;1111404544;0;0;0;0;0;0;0;0;0;0;0;2916;0;0;89;0;160;0;
11036;12209617;1028214784;17068032;1111404544;0;0;0;0;0;0;0;0;0;0;0;3727;0;0;89;0;160;0;
11037;7441115;1028214784;17068032;1111404544;0;0;0;0;0;0;0;0;0;0;0;2695;0;0;89;0;160;0;
11038;6697100;1028214784;17068032;1111404544;0;0;0;0;0;0;0;0;0;0;0;3687;0;0;89;0;160;0;
11039;7446425;1028214784;17068032;1111404544;0;0;0;0;0;0;0;0;0;0;0;3095;0;0;89;0;160;0;
11040;4546717;1028214784;17068032;1111404544;0;0;0;0;0;0;0;0;0;0;0;2615;0;0;89;0;160;0;
11041;7982059;1028214784;17068032;1111404544;0;0;0;0;0;0;0;0;0;0;0;2795;0;0;89;0;160;0;
11042;7975888;1028214784;17068032;1111404544;0;0;0;0;0;0;0;0;0;0;0;2755;0;0;89;0;160;0;
11043;10086727;1028214784;17068032;1111404544;0;0;0;0;0;0;0;0;0;0;0;2906;0;0;89;0;160;0;
11044;6207622;1028214784;17068032;1111404544;0;0;0;0;0;0;0;0;0;0;0;2725;0;0;89;0;160;0;
11045;10242910;1028214784;17072128;1111408640;0;0;0;0;0;0;0;0;0;0;0;3026;0;0;89;0;160;0;
11046;3069917;1028214784;17076224;1111412736;0;0;0;0;0;0;0;0;0;0;0;3026;0;0;89;0;160;0;
11047;7990525;1028214784;17076224;1111412736;0;0;0;0;0;0;0;0;0;0;0;2574;0;0;89;0;160;0;
11048;6753485;1028214784;17076224;1111412736;0;0;0;0;0;0;0;0;0;0;0;3246;0;0;89;0;160;0;
11049;8517875;1028214784;17076224;1111412736;0;0;0;0;0;0;0;0;0;0;0;3526;0;0;89;0;160;0;
11050;4789752;1028214784;17076224;1111412736;0;0;0;0;0;0;0;0;0;0;0;3367;0;0;89;0;160;0;
11051;9722784;1028214784;17076224;1111412736;0;0;0;0;0;0;0;0;0;0;0;3086;0;0;89;0;160;0;
11052;7748352;1028251648;17068032;1111404544;0;0;0;0;0;0;0;0;0;0;0;3156;0;0;89;0;160;0;
11053;6002797;1028251648;17068032;1111404544;0;0;0;0;0;0;0;0;0;0;0;2675;0;0;89;0;160;0;
11054;6824919;1028251648;17068032;1111404544;0;0;0;0;0;0;0;0;0;0;0;2765;0;0;89;0;160;0;
11055;8557359;1028251648;17068032;1111404544;0;0;0;0;0;0;0;0;0;0;0;2845;0;0;89;0;160;0;
11056;5675875;1028251648;17068032;1111404544;0;0;0;0;0;0;0;0;0;0;0;2995;0;0;89;0;160;0;
11057;4899408;1028251648;17068032;1111404544;0;0;0;0;0;0;0;0;0;0;0;1653;0;0;89;0;160;0;
11058;7549508;1028251648;17068032;1111404544;0;0;0;0;0;0;0;0;0;0;0;3938;0;0;89;0;160;0;
11059;7298948;1028251648;17068032;1111404544;0;0;0;0;0;0;0;0;0;0;0;2455;0;0;89;0;160;0;
11060;7278940;1028251648;17068032;1111404544;0;0;0;0;0;0;0;0;0;0;0;2895;0;0;89;0;160;0;
11061;5885808;1028251648;17068032;1111404544;0;0;0;0;0;0;0;0;0;0;0;2215;0;0;89;0;160;0;
11062;5634397;1028251648;17068032;1111404544;0;0;0;0;0;0;0;0;0;0;0;2735;0;0;89;0;160;0;
11063;8256183;1028251648;17068032;1111404544;0;0;0;0;0;0;0;0;0;0;0;2705;0;0;89;0;160;0;
11064;5882272;1028251648;17068032;1111404544;0;0;0;0;0;0;0;0;0;0;0;2996;0;0;89;0;160;0;
11065;7489736;1028251648;17068032;1111404544;0;0;0;0;0;0;0;0;0;0;0;2195;0;0;89;0;160;0;
11066;7108030;1028251648;17068032;1111404544;0;0;0;0;0;0;0;0;0;0;0;3587;0;0;89;0;160;0;
11067;8069544;1028251648;17068032;1111404544;0;0;0;0;0;0;0;0;0;0;0;2134;0;0;89;0;160;0;
11068;5044109;1028251648;17068032;1111404544;0;0;0;0;0;0;0;0;0;0;0;3146;0;0;89;0;160;0;
11069;8922303;1028251648;17068032;1111404544;0;0;0;0;0;0;0;0;0;0;0;3447;0;0;89;0;160;0;
11070;4362651;1028251648;17068032;1111404544;0;0;0;0;0;0;0;0;0;0;0;3557;0;0;89;0;160;0;
11071;8043014;1028251648;17068032;1111404544;0;0;0;0;0;0;0;0;0;0;0;2905;0;0;89;0;160;0;
11072;3847455;1028251648;17068032;1111404544;0;0;0;0;0;0;0;0;0;0;0;3156;0;0;89;0;160;0;
11073;6850538;1028251648;17068032;1111404544;0;0;0;0;0;0;0;0;0;0;0;2745;0;0;89;0;160;0;
11074;7170407;1028251648;17068032;1111404544;0;0;0;0;0;0;0;0;0;0;0;2535;0;0;89;0;160;0;
11075;8330523;1028251648;17068032;1111404544;0;0;0;0;0;0;0;0;0;0;0;2375;0;0;89;0;160;0;
11076;4427864;1028251648;17068032;1111404544;0;0;0;0;0;0;0;0;0;0;0;2846;0;0;89;0;160;0;
11077;5658061;1028251648;17068032;1111404544;0;0;0;0;0;0;0;0;0;0;0;2745;0;0;89;0;160;0;
11078;8807407;1028251648;17068032;1111404544;0;0;0;0;0;0;0;0;0;0;0;3156;0;0;89;0;160;0;
11079;8310897;1028251648;17068032;1111404544;0;0;0;0;0;0;0;0;0;0;0;2765;0;0;89;0;160;0;
11080;7053047;1028251648;17068032;1111404544;0;0;0;0;0;0;0;0;0;0;0;2835;0;0;89;0;160;0;
11081;10410423;1028251648;17068032;1111404544;0;0;0;0;0;0;0;0;0;0;0;3356;0;0;89;0;160;0;
11082;4330070;1028251648;17068032;1111404544;0;0;0;0;0;0;0;0;0;0;0;2796;0;0;89;0;160;0;
11083;8205589;1028251648;17068032;1111404544;0;0;0;0;0;0;0;0;0;0;0;3868;0;0;89;0;160;0;
11084;5538136;1028251648;17068032;1111404544;0;0;0;0;0;0;0;0;0;0;0;3737;0;0;89;0;160;0;
11085;8375227;1028251648;17068032;1111404544;0;0;0;0;0;0;0;0;0;0;0;3347;0;0;89;0;160;0;
11086;3564625;1028251648;17068032;1111404544;0;0;0;0;0;0;0;0;0;0;0;3106;0;0;89;0;160;0;
11087;10210649;1028251648;17068032;1111404544;0;0;0;0;0;0;0;0;0;0;0;3216;0;0;89;0;160;0;
11088;6130837;1028251648;17068032;1111404544;0;0;0;0;0;0;0;0;0;0;0;3247;0;0;89;0;160;0;
11089;8843836;1028251648;17068032;1111404544;0;0;0;0;0;0;0;0;0;0;0;3546;0;0;89;0;160;0;
11090;5383536;1028251648;17068032;1111404544;0;0;0;0;0;0;0;0;0;0;0;2585;0;0;89;0;160;0;
11091;10023027;1028251648;17068032;1111404544;0;0;0;0;0;0;0;0;0;0;0;2755;0;0;89;0;160;0;
11092;4342694;1028251648;17068032;1111404544;0;0;0;0;0;0;0;0;0;0;0;3507;0;0;89;0;160;0;
11093;8891124;1028251648;17068032;1111404544;0;0;0;0;0;0;0;0;0;0;0;2595;0;0;89;0;160;0;
11094;5183491;1028251648;17068032;1111404544;0;0;0;0;0;0;0;0;0;0;0;2856;0;0;89;0;160;0;
11095;6896414;1028251648;17068032;1111404544;0;0;0;0;0;0;0;0;0;0;0;2735;0;0;89;0;160;0;
11096;4455776;1028251648;17068032;1111404544;0;0;0;0;0;0;0;0;0;0;0;2905;0;0;89;0;160;0;
11097;8897457;1028251648;17068032;1111404544;0;0;0;0;0;0;0;0;0;0;0;2876;0;0;89;0;160;0;
11098;7403194;1028251648;17068032;1111404544;0;0;0;0;0;0;0;0;0;0;0;2935;0;0;89;0;160;0;
11099;7914763;1028251648;17068032;1111404544;0;0;0;0;0;0;0;0;0;0;0;2896;0;0;89;0;160;0;
11100;6057300;1028251648;17068032;1111404544;0;0;0;0;0;0;0;0;0;0;0;3076;0;0;89;0;160;0;
11101;9768881;1028251648;17068032;1111404544;0;0;0;0;0;0;0;0;0;0;0;3146;0;0;89;0;160;0;
11102;6857791;1028251648;17068032;1111404544;0;0;0;0;0;0;0;0;0;0;0;3948;0;0;89;0;160;0;
11103;9668101;1028251648;17068032;1111404544;0;0;0;0;0;0;0;0;0;0;0;3526;0;0;89;0;160;0;
11104;6485993;1028251648;17068032;1111404544;0;0;0;0;0;0;0;0;0;0;0;3016;0;0;89;0;160;0;
11105;7277879;1028251648;17068032;1111404544;0;0;0;0;0;0;0;0;0;0;0;3516;0;0;89;0;160;0;
11106;5143887;1028251648;17068032;1111404544;0;0;0;0;0;0;0;0;0;0;0;3316;0;0;89;0;160;0;
11107;8199397;1028251648;17068032;1111404544;0;0;0;0;0;0;0;0;0;0;0;2826;0;0;89;0;160;0;
11108;6446470;1028251648;17068032;1111404544;0;0;0;0;0;0;0;0;0;0;0;3046;0;0;89;0;160;0;
11109;7805498;1028251648;17068032;1111404544;0;0;0;0;0;0;0;0;0;0;0;2786;0;0;89;0;160;0;
11110;6678855;1028251648;17068032;1111404544;0;0;0;0;0;0;0;0;0;0;0;3196;0;0;89;0;160;0;
11111;9022641;1028251648;17068032;1111404544;0;0;0;0;0;0;0;0;0;0;0;2786;0;0;89;0;160;0;
11112;3679591;1028251648;17068032;1111404544;0;0;0;0;0;0;0;0;0;0;0;3035;0;0;89;0;160;0;
11113;7576078;1028251648;17068032;1111404544;0;0;0;0;0;0;0;0;0;0;0;2044;0;0;89;0;160;0;
11114;5573382;1028251648;17068032;1111404544;0;0;0;0;0;0;0;0;0;0;0;2995;0;0;89;0;160;0;
11115;8127282;1028251648;17068032;1111404544;0;0;0;0;0;0;0;0;0;0;0;2736;0;0;89;0;160;0;
11116;3575285;1028251648;17068032;1111404544;0;0;0;0;0;0;0;0;0;0;0;2775;0;0;89;0;160;0;
11117;10081767;1028251648;17072128;1111408640;0;0;0;0;0;0;0;0;0;0;0;3016;0;0;89;0;160;0;
11118;7970037;1028251648;17076224;1111412736;0;0;0;0;0;0;0;0;0;0;0;222778;0;0;89;0;160;0;
11119;8105531;1028251648;17076224;1111412736;0;0;0;0;0;0;0;0;0;0;0;2735;0;0;89;0;160;0;
11120;4917963;1028251648;17076224;1111412736;0;0;0;0;0;0;0;0;0;0;0;3016;0;0;89;0;160;0;
11121;8771410;1028251648;17076224;1111412736;0;0;0;0;0;0;0;0;0;0;0;3367;0;0;89;0;160;0;
11122;5098181;1028251648;17076224;1111412736;0;0;0;0;0;0;0;0;0;0;0;2846;0;0;89;0;160;0;
11123;7402442;1028251648;17076224;1111412736;0;0;0;0;0;0;0;0;0;0;0;1743;0;0;89;0;160;0;
11124;6639591;1028288512;17068032;1111404544;0;0;0;0;0;0;0;0;0;0;0;3537;0;0;89;0;160;0;
11125;9017802;1028288512;17068032;1111404544;0;0;0;0;0;0;0;0;0;0;0;2915;0;0;89;0;160;0;
11126;3753609;1028288512;17068032;1111404544;0;0;0;0;0;0;0;0;0;0;0;3547;0;0;89;0;160;0;
11127;9413374;1028288512;17068032;1111404544;0;0;0;0;0;0;0;0;0;0;0;1803;0;0;89;0;160;0;
11128;8308101;1028288512;17068032;1111404544;0;0;0;0;0;0;0;0;0;0;0;3056;0;0;89;0;160;0;
11129;7217185;1028288512;17068032;1111404544;0;0;0;0;0;0;0;0;0;0;0;2846;0;0;89;0;160;0;
11130;8291489;1028288512;17068032;1111404544;0;0;0;0;0;0;0;0;0;0;0;3256;0;0;89;0;160;0;
11131;8397338;1028288512;17068032;1111404544;0;0;0;0;0;0;0;0;0;0;0;3416;0;0;89;0;160;0;
11132;8442604;1028288512;17068032;1111404544;0;0;0;0;0;0;0;0;0;0;0;3747;0;0;89;0;160;0;
11133;8628432;1028288512;17068032;1111404544;0;0;0;0;0;0;0;0;0;0;0;3406;0;0;89;0;160;0;
11134;7985846;1028288512;17068032;1111404544;0;0;0;0;0;0;0;0;0;0;0;191419;0;0;89;0;160;0;
11135;10002038;1028288512;17068032;1111404544;0;0;0;0;0;0;0;0;0;0;0;2786;0;0;89;0;160;0;
11136;6217360;1028288512;17068032;1111404544;0;0;0;0;0;0;0;0;0;0;0;3055;0;0;89;0;160;0;
11137;11121808;1028288512;17068032;1111404544;0;0;0;0;0;0;0;0;0;0;0;3236;0;0;89;0;160;0;
11138;7733403;1028288512;17068032;1111404544;0;0;0;0;0;0;0;0;0;0;0;2916;0;0;89;0;160;0;
11139;9067916;1028288512;17068032;1111404544;0;0;0;0;0;0;0;0;0;0;0;2535;0;0;89;0;160;0;
11140;8658538;1028288512;17068032;1111404544;0;0;0;0;0;0;0;0;0;0;0;2885;0;0;89;0;160;0;
11141;7262551;1028288512;17068032;1111404544;0;0;0;0;0;0;0;0;0;0;0;2544;0;0;89;0;160;0;
11142;8169791;1028288512;17068032;1111404544;0;0;0;0;0;0;0;0;0;0;0;3436;0;0;89;0;160;0;
11143;8065746;1028288512;17068032;1111404544;0;0;0;0;0;0;0;0;0;0;0;3066;0;0;89;0;160;0;
11144;9293218;1028288512;17068032;1111404544;0;0;0;0;0;0;0;0;0;0;0;3276;0;0;89;0;160;0;
11145;7278329;1028288512;17068032;1111404544;0;0;0;0;0;0;0;0;0;0;0;2915;0;0;89;0;160;0;
11146;6243629;1028288512;17068032;1111404544;0;0;0;0;0;0;0;0;0;0;0;3717;0;0;89;0;160;0;
11147;9742681;1028288512;17068032;1111404544;0;0;0;0;0;0;0;0;0;0;0;3095;0;0;89;0;160;0;
11148;6006574;1028288512;17068032;1111404544;0;0;0;0;0;0;0;0;0;0;0;3156;0;0;89;0;160;0;
11149;7802052;1028288512;17068032;1111404544;0;0;0;0;0;0;0;0;0;0;0;2275;0;0;89;0;160;0;
11150;7927457;1028288512;17068032;1111404544;0;0;0;0;0;0;0;0;0;0;0;3466;0;0;89;0;160;0;
11151;9208450;1028288512;17068032;1111404544;0;0;0;0;0;0;0;0;0;0;0;3096;0;0;89;0;160;0;
11152;4963569;1028288512;17068032;1111404544;0;0;0;0;0;0;0;0;0;0;0;4519;0;0;89;0;160;0;
11153;8948362;1028288512;17068032;1111404544;0;0;0;0;0;0;0;0;0;0;0;2655;0;0;89;0;160;0;
11154;7335246;1028288512;17068032;1111404544;0;0;0;0;0;0;0;0;0;0;0;3296;0;0;89;0;160;0;
11155;6272333;1028288512;17068032;1111404544;0;0;0;0;0;0;0;0;0;0;0;1994;0;0;89;0;160;0;
11156;5837577;1028288512;17068032;1111404544;0;0;0;0;0;0;0;0;0;0;0;3496;0;0;89;0;160;0;
11157;8269678;1028288512;17068032;1111404544;0;0;0;0;0;0;0;0;0;0;0;3126;0;0;89;0;160;0;
11158;6749317;1028288512;17068032;1111404544;0;0;0;0;0;0;0;0;0;0;0;2955;0;0;89;0;160;0;
11159;8884673;1028288512;17068032;1111404544;0;0;0;0;0;0;0;0;0;0;0;3226;0;0;89;0;160;0;
11160;4598564;1028288512;17068032;1111404544;0;0;0;0;0;0;0;0;0;0;0;2675;0;0;89;0;160;0;
11161;7378317;1028288512;17068032;1111404544;0;0;0;0;0;0;0;0;0;0;0;2785;0;0;89;0;160;0;
11162;5335477;1028288512;17068032;1111404544;0;0;0;0;0;0;0;0;0;0;0;3226;0;0;89;0;160;0;
11163;7095216;1028288512;17068032;1111404544;0;0;0;0;0;0;0;0;0;0;0;2554;0;0;89;0;160;0;
11164;7587891;1028288512;17068032;1111404544;0;0;0;0;0;0;0;0;0;0;0;2936;0;0;89;0;160;0;
11165;8446470;1028288512;17068032;1111404544;0;0;0;0;0;0;0;0;0;0;0;3246;0;0;89;0;160;0;
11166;8657125;1028288512;17068032;1111404544;0;0;0;0;0;0;0;0;0;0;0;2826;0;0;89;0;160;0;
11167;9445504;1028288512;17068032;1111404544;0;0;0;0;0;0;0;0;0;0;0;1653;0;0;89;0;160;0;
11168;6706527;1028288512;17068032;1111404544;0;0;0;0;0;0;0;0;0;0;0;3046;0;0;89;0;160;0;
11169;8939706;1028288512;17068032;1111404544;0;0;0;0;0;0;0;0;0;0;0;3257;0;0;89;0;160;0;
11170;5308776;1028288512;17068032;1111404544;0;0;0;0;0;0;0;0;0;0;0;2414;0;0;89;0;160;0;
11171;9713797;1028288512;17068032;1111404544;0;0;0;0;0;0;0;0;0;0;0;2284;0;0;89;0;160;0;
11172;14840211;1028288512;17068032;1111404544;0;0;0;0;0;0;0;0;0;0;0;3506;0;0;89;0;160;0;
11173;10133875;1028288512;17068032;1111404544;0;0;0;0;0;0;0;0;0;0;0;3246;0;0;89;0;160;0;
11174;8092006;1028288512;17068032;1111404544;0;0;0;0;0;0;0;0;0;0;0;4157;0;0;89;0;160;0;
11175;7775903;1028288512;17068032;1111404544;0;0;0;0;0;0;0;0;0;0;0;2775;0;0;89;0;160;0;
11176;7972963;1028288512;17068032;1111404544;0;0;0;0;0;0;0;0;0;0;0;2906;0;0;89;0;160;0;
11177;8312199;1028288512;17068032;1111404544;0;0;0;0;0;0;0;0;0;0;0;2885;0;0;89;0;160;0;
11178;7970167;1028288512;17068032;1111404544;0;0;0;0;0;0;0;0;0;0;0;3516;0;0;89;0;160;0;
11179;7259104;1028288512;17068032;1111404544;0;0;0;0;0;0;0;0;0;0;0;2355;0;0;89;0;160;0;
11180;7097991;1028288512;17068032;1111404544;0;0;0;0;0;0;0;0;0;0;0;2965;0;0;89;0;160;0;
11181;7665936;1028288512;17072128;1111408640;0;0;0;0;0;0;0;0;0;0;0;3026;0;0;89;0;160;0;
11182;6187804;1028288512;17076224;1111412736;0;0;0;0;0;0;0;0;0;0;0;3767;0;0;89;0;160;0;
11183;7939289;1028288512;17076224;1111412736;0;0;0;0;0;0;0;0;0;0;0;2605;0;0;89;0;160;0;
11184;6845037;1028288512;17076224;1111412736;0;0;0;0;0;0;0;0;0;0;0;2956;0;0;89;0;160;0;
11185;7577240;1028288512;17076224;1111412736;0;0;0;0;0;0;0;0;0;0;0;2866;0;0;89;0;160;0;
11186;4461627;1028288512;17076224;1111412736;0;0;0;0;0;0;0;0;0;0;0;3296;0;0;89;0;160;0;
11187;7870330;1028288512;17076224;1111412736;0;0;0;0;0;0;0;0;0;0;0;3296;0;0;89;0;160;0;
11188;9102440;1028325376;17068032;1111404544;0;0;0;0;0;0;0;0;0;0;0;3396;0;0;89;0;160;0;
11189;7589323;1028325376;17068032;1111404544;0;0;0;0;0;0;0;0;0;0;0;2996;0;0;89;0;160;0;
11190;5956150;1028325376;17068032;1111404544;0;0;0;0;0;0;0;0;0;0;0;3617;0;0;89;0;160;0;
11191;8320304;1028325376;17068032;1111404544;0;0;0;0;0;0;0;0;0;0;0;2865;0;0;89;0;160;0;
11192;4758855;1028325376;17068032;1111404544;0;0;0;0;0;0;0;0;0;0;0;3046;0;0;89;0;160;0;
11193;8206600;1028325376;17068032;1111404544;0;0;0;0;0;0;0;0;0;0;0;2294;0;0;89;0;160;0;
11194;5922818;1028325376;17068032;1111404544;0;0;0;0;0;0;0;0;0;0;0;3336;0;0;89;0;160;0;
11195;8509879;1028325376;17068032;1111404544;0;0;0;0;0;0;0;0;0;0;0;1954;0;0;89;0;160;0;
11196;3918469;1028325376;17068032;1111404544;0;0;0;0;0;0;0;0;0;0;0;2845;0;0;89;0;160;0;
11197;8862130;1028325376;17068032;1111404544;0;0;0;0;0;0;0;0;0;0;0;3116;0;0;89;0;160;0;
11198;6526860;1028325376;17068032;1111404544;0;0;0;0;0;0;0;0;0;0;0;2816;0;0;89;0;160;0;
11199;9195064;1028325376;17068032;1111404544;0;0;0;0;0;0;0;0;0;0;0;3056;0;0;89;0;160;0;
11200;3732239;1028325376;17068032;1111404544;0;0;0;0;0;0;0;0;0;0;0;3005;0;0;89;0;160;0;
11201;9386654;1028325376;17068032;1111404544;0;0;0;0;0;0;0;0;0;0;0;3206;0;0;89;0;160;0;
11202;6471546;1028325376;17068032;1111404544;0;0;0;0;0;0;0;0;0;0;0;3236;0;0;89;0;160;0;
11203;7628126;1028325376;17068032;1111404544;0;0;0;0;0;0;0;0;0;0;0;2475;0;0;89;0;160;0;
11204;3535029;1028325376;17068032;1111404544;0;0;0;0;0;0;0;0;0;0;0;2485;0;0;89;0;160;0;
11205;6666653;1028325376;17068032;1111404544;0;0;0;0;0;0;0;0;0;0;0;2415;0;0;89;0;160;0;
11206;6276501;1028325376;17068032;1111404544;0;0;0;0;0;0;0;0;0;0;0;3126;0;0;89;0;160;0;
11207;9617667;1028325376;17068032;1111404544;0;0;0;0;0;0;0;0;0;0;0;2344;0;0;89;0;160;0;
11208;4204475;1028325376;17068032;1111404544;0;0;0;0;0;0;0;0;0;0;0;2374;0;0;89;0;160;0;
11209;7205032;1028325376;17068032;1111404544;0;0;0;0;0;0;0;0;0;0;0;2815;0;0;89;0;160;0;
11210;6388350;1028325376;17068032;1111404544;0;0;0;0;0;0;0;0;0;0;0;3055;0;0;89;0;160;0;
11211;7730378;1028325376;17068032;1111404544;0;0;0;0;0;0;0;0;0;0;0;2645;0;0;89;0;160;0;
11212;6312779;1028325376;17068032;1111404544;0;0;0;0;0;0;0;0;0;0;0;2735;0;0;89;0;160;0;
11213;7931334;1028325376;17068032;1111404544;0;0;0;0;0;0;0;0;0;0;0;2485;0;0;89;0;160;0;
11214;6456449;1028325376;17068032;1111404544;0;0;0;0;0;0;0;0;0;0;0;2865;0;0;89;0;160;0;
11215;6251153;1028325376;17068032;1111404544;0;0;0;0;0;0;0;0;0;0;0;2314;0;0;89;0;160;0;
11216;7134290;1028325376;17068032;1111404544;0;0;0;0;0;0;0;0;0;0;0;3927;0;0;89;0;160;0;
11217;7446295;1028325376;17068032;1111404544;0;0;0;0;0;0;0;0;0;0;0;2746;0;0;89;0;160;0;
11218;6313100;1028325376;17068032;1111404544;0;0;0;0;0;0;0;0;0;0;0;3527;0;0;89;0;160;0;
11219;6891574;1028325376;17068032;1111404544;0;0;0;0;0;0;0;0;0;0;0;2695;0;0;89;0;160;0;
11220;7745155;1028325376;17068032;1111404544;0;0;0;0;0;0;0;0;0;0;0;3847;0;0;89;0;160;0;
11221;7749864;1028325376;17068032;1111404544;0;0;0;0;0;0;0;0;0;0;0;3136;0;0;89;0;160;0;
11222;8174891;1028325376;17068032;1111404544;0;0;0;0;0;0;0;0;0;0;0;3697;0;0;89;0;160;0;
11223;7326279;1028325376;17068032;1111404544;0;0;0;0;0;0;0;0;0;0;0;3015;0;0;89;0;160;0;
11224;6095972;1028325376;17068032;1111404544;0;0;0;0;0;0;0;0;0;0;0;3326;0;0;89;0;160;0;
11225;8321997;1028325376;17068032;1111404544;0;0;0;0;0;0;0;0;0;0;0;2825;0;0;89;0;160;0;
11226;5693828;1028325376;17068032;1111404544;0;0;0;0;0;0;0;0;0;0;0;2935;0;0;89;0;160;0;
11227;9777767;1028325376;17068032;1111404544;0;0;0;0;0;0;0;0;0;0;0;3617;0;0;89;0;160;0;
11228;5492881;1028325376;17068032;1111404544;0;0;0;0;0;0;0;0;0;0;0;2915;0;0;89;0;160;0;
11229;8102997;1028325376;17068032;1111404544;0;0;0;0;0;0;0;0;0;0;0;3567;0;0;89;0;160;0;
11230;5240558;1028325376;17068032;1111404544;0;0;0;0;0;0;0;0;0;0;0;2995;0;0;89;0;160;0;
11231;8627981;1028325376;17068032;1111404544;0;0;0;0;0;0;0;0;0;0;0;2404;0;0;89;0;160;0;
11232;6520900;1028325376;17068032;1111404544;0;0;0;0;0;0;0;0;0;0;0;3306;0;0;89;0;160;0;
11233;7616474;1028325376;17068032;1111404544;0;0;0;0;0;0;0;0;0;0;0;2895;0;0;89;0;160;0;
11234;6701117;1028325376;17068032;1111404544;0;0;0;0;0;0;0;0;0;0;0;3276;0;0;89;0;160;0;
11235;9499796;1028325376;17068032;1111404544;0;0;0;0;0;0;0;0;0;0;0;3125;0;0;89;0;160;0;
11236;5630168;1028325376;17068032;1111404544;0;0;0;0;0;0;0;0;0;0;0;3226;0;0;89;0;160;0;
11237;9141995;1028325376;17068032;1111404544;0;0;0;0;0;0;0;0;0;0;0;2214;0;0;89;0;160;0;
11238;6104278;1028325376;17068032;1111404544;0;0;0;0;0;0;0;0;0;0;0;3016;0;0;89;0;160;0;
11239;9018624;1028325376;17068032;1111404544;0;0;0;0;0;0;0;0;0;0;0;3056;0;0;89;0;160;0;
11240;8119447;1028325376;17068032;1111404544;0;0;0;0;0;0;0;0;0;0;0;3646;0;0;89;0;160;0;
11241;7715931;1028325376;17068032;1111404544;0;0;0;0;0;0;0;0;0;0;0;2996;0;0;89;0;160;0;
11242;7019555;1028325376;17068032;1111404544;0;0;0;0;0;0;0;0;0;0;0;2746;0;0;89;0;160;0;
11243;7767677;1028325376;17068032;1111404544;0;0;0;0;0;0;0;0;0;0;0;3066;0;0;89;0;160;0;
11244;8556587;1028325376;17068032;1111404544;0;0;0;0;0;0;0;0;0;0;0;2505;0;0;89;0;160;0;
11245;8816494;1028325376;17068032;1111404544;0;0;0;0;0;0;0;0;0;0;0;2715;0;0;89;0;160;0;
11246;9613720;1028325376;17068032;1111404544;0;0;0;0;0;0;0;0;0;0;0;3126;0;0;89;0;160;0;
11247;10750191;1028325376;17068032;1111404544;0;0;0;0;0;0;0;0;0;0;0;3236;0;0;89;0;160;0;
11248;5831616;1028325376;17068032;1111404544;0;0;0;0;0;0;0;0;0;0;0;3697;0;0;89;0;160;0;
11249;10438196;1028325376;17068032;1111404544;0;0;0;0;0;0;0;0;0;0;0;2695;0;0;89;0;160;0;
11250;7602888;1028325376;17068032;1111404544;0;0;0;0;0;0;0;0;0;0;0;2755;0;0;89;0;160;0;
11251;8515309;1028325376;17068032;1111404544;0;0;0;0;0;0;0;0;0;0;0;3327;0;0;89;0;160;0;
11252;5088914;1028325376;17068032;1111404544;0;0;0;0;0;0;0;0;0;0;0;2785;0;0;89;0;160;0;
11253;9054230;1028325376;17068032;1111404544;0;0;0;0;0;0;0;0;0;0;0;3175;0;0;89;0;160;0;
11254;7286855;1028325376;17068032;1111404544;0;0;0;0;0;0;0;0;0;0;0;3436;0;0;89;0;160;0;
11255;8884171;1028325376;17068032;1111404544;0;0;0;0;0;0;0;0;0;0;0;3306;0;0;89;0;160;0;
11256;6060376;1028325376;17068032;1111404544;0;0;0;0;0;0;0;0;0;0;0;3767;0;0;89;0;160;0;
11257;9815468;1028325376;17068032;1111404544;0;0;0;0;0;0;0;0;0;0;0;2064;0;0;89;0;160;0;
11258;7005999;1028325376;17068032;1111404544;0;0;0;0;0;0;0;0;0;0;0;3587;0;0;89;0;160;0;
11259;10193387;1028325376;17068032;1111404544;0;0;0;0;0;0;0;0;0;0;0;2825;0;0;89;0;160;0;
11260;6093318;1028325376;17068032;1111404544;0;0;0;0;0;0;0;0;0;0;0;2845;0;0;89;0;160;0;
11261;7640299;1028325376;17068032;1111404544;0;0;0;0;0;0;0;0;0;0;0;2384;0;0;89;0;160;0;
11262;10818910;1028325376;17068032;1111404544;0;0;0;0;0;0;0;0;0;0;0;2946;0;0;89;0;160;0;
11263;8286300;1028325376;17068032;1111404544;0;0;0;0;0;0;0;0;0;0;0;2725;0;0;89;0;160;0;
11264;9075871;1028325376;17068032;1111404544;0;0;0;0;0;0;0;0;0;0;0;3156;0;0;89;0;160;0;
11265;9209191;1028325376;17068032;1111404544;0;0;0;0;0;0;0;0;0;0;0;2565;0;0;89;0;160;0;
11266;6133733;1028325376;17068032;1111404544;0;0;0;0;0;0;0;0;0;0;0;3567;0;0;89;0;160;0;
11267;11470912;1028325376;17068032;1111404544;0;0;0;0;0;0;0;0;0;0;0;2264;0;0;89;0;160;0;
11268;9684031;1028325376;17068032;1111404544;0;0;0;0;0;0;0;0;0;0;0;2545;0;0;89;0;160;0;
11269;7574104;1028325376;17068032;1111404544;0;0;0;0;0;0;0;0;0;0;0;2154;0;0;89;0;160;0;
11270;6500000;1028325376;17068032;1111404544;0;0;0;0;0;0;0;0;0;0;0;3206;0;0;89;0;160;0;
11271;8312860;1028325376;17068032;1111404544;0;0;0;0;0;0;0;0;0;0;0;2064;0;0;89;0;160;0;
11272;8189469;1028325376;17068032;1111404544;0;0;0;0;0;0;0;0;0;0;0;2765;0;0;89;0;160;0;
11273;11005980;1028325376;17068032;1111404544;0;0;0;0;0;0;0;0;0;0;0;2716;0;0;89;0;160;0;
11274;5855712;1028325376;17068032;1111404544;0;0;0;0;0;0;0;0;0;0;0;2625;0;0;89;0;160;0;
11275;7769752;1028325376;17068032;1111404544;0;0;0;0;0;0;0;0;0;0;0;3436;0;0;89;0;160;0;
11276;5186547;1028325376;17068032;1111404544;0;0;0;0;0;0;0;0;0;0;0;3106;0;0;89;0;160;0;
11277;7441546;1028325376;17068032;1111404544;0;0;0;0;0;0;0;0;0;0;0;3277;0;0;89;0;160;0;
11278;8985722;1028325376;17068032;1111404544;0;0;0;0;0;0;0;0;0;0;0;3016;0;0;89;0;160;0;
11279;10664611;1028325376;17068032;1111404544;0;0;0;0;0;0;0;0;0;0;0;3256;0;0;89;0;160;0;
11280;4895291;1028325376;17068032;1111404544;0;0;0;0;0;0;0;0;0;0;0;2866;0;0;89;0;160;0;
11281;7214109;1028325376;17068032;1111404544;0;0;0;0;0;0;0;0;0;0;0;2325;0;0;89;0;160;0;
11282;5169725;1028325376;17068032;1111404544;0;0;0;0;0;0;0;0;0;0;0;3046;0;0;89;0;160;0;
11283;9421399;1028325376;17068032;1111404544;0;0;0;0;0;0;0;0;0;0;0;2385;0;0;89;0;160;0;
11284;8634102;1028325376;17068032;1111404544;0;0;0;0;0;0;0;0;0;0;0;3146;0;0;89;0;160;0;
11285;8035520;1028325376;17068032;1111404544;0;0;0;0;0;0;0;0;0;0;0;2294;0;0;89;0;160;0;
11286;6181503;1028325376;17068032;1111404544;0;0;0;0;0;0;0;0;0;0;0;2444;0;0;89;0;160;0;
11287;7424043;1028325376;17068032;1111404544;0;0;0;0;0;0;0;0;0;0;0;2916;0;0;89;0;160;0;
11288;5708616;1028325376;17068032;1111404544;0;0;0;0;0;0;0;0;0;0;0;2976;0;0;89;0;160;0;
11289;9778218;1028325376;17068032;1111404544;0;0;0;0;0;0;0;0;0;0;0;3246;0;0;89;0;160;0;
11290;3777945;1028325376;17068032;1111404544;0;0;0;0;0;0;0;0;0;0;0;3036;0;0;89;0;160;0;
11291;7085809;1028325376;17068032;1111404544;0;0;0;0;0;0;0;0;0;0;0;2134;0;0;89;0;160;0;
11292;5178462;1028325376;17068032;1111404544;0;0;0;0;0;0;0;0;0;0;0;2394;0;0;89;0;160;0;
11293;5935531;1028325376;17068032;1111404544;0;0;0;0;0;0;0;0;0;0;0;2645;0;0;89;0;160;0;
11294;4950815;1028325376;17068032;1111404544;0;0;0;0;0;0;0;0;0;0;0;3095;0;0;89;0;160;0;
11295;7796371;1028325376;17068032;1111404544;0;0;0;0;0;0;0;0;0;0;0;2264;0;0;89;0;160;0;
11296;4894799;1028325376;17068032;1111404544;0;0;0;0;0;0;0;0;0;0;0;3056;0;0;89;0;160;0;
11297;6211559;1028325376;17068032;1111404544;0;0;0;0;0;0;0;0;0;0;0;2615;0;0;89;0;160;0;
11298;4108955;1028325376;17068032;1111404544;0;0;0;0;0;0;0;0;0;0;0;2074;0;0;89;0;160;0;
11299;7098422;1028325376;17068032;1111404544;0;0;0;0;0;0;0;0;0;0;0;2545;0;0;89;0;160;0;
11300;6143081;1028325376;17068032;1111404544;0;0;0;0;0;0;0;0;0;0;0;2745;0;0;89;0;160;0;
11301;6240684;1028325376;17068032;1111404544;0;0;0;0;0;0;0;0;0;0;0;2154;0;0;89;0;160;0;
11302;3892430;1028325376;17068032;1111404544;0;0;0;0;0;0;0;0;0;0;0;3286;0;0;89;0;160;0;
11303;8045930;1028325376;17068032;1111404544;0;0;0;0;0;0;0;0;0;0;0;2846;0;0;89;0;160;0;
11304;3363969;1028325376;17068032;1111404544;0;0;0;0;0;0;0;0;0;0;0;2775;0;0;89;0;160;0;
11305;4682311;1028325376;17068032;1111404544;0;0;0;0;0;0;0;0;0;0;0;1854;0;0;89;0;160;0;
11306;5495957;1028325376;17068032;1111404544;0;0;0;0;0;0;0;0;0;0;0;2845;0;0;89;0;160;0;
11307;8952819;1028325376;17068032;1111404544;0;0;0;0;0;0;0;0;0;0;0;2074;0;0;89;0;160;0;
11308;8040319;1028325376;17068032;1111404544;0;0;0;0;0;0;0;0;0;0;0;2555;0;0;89;0;160;0;
11309;6483750;1028325376;17068032;1111404544;0;0;0;0;0;0;0;0;0;0;0;2405;0;0;89;0;160;0;
11310;6247797;1028325376;17068032;1111404544;0;0;0;0;0;0;0;0;0;0;0;3516;0;0;89;0;160;0;
11311;7906427;1028325376;17068032;1111404544;0;0;0;0;0;0;0;0;0;0;0;3276;0;0;89;0;160;0;
11312;5844140;1028325376;17068032;1111404544;0;0;0;0;0;0;0;0;0;0;0;3286;0;0;89;0;160;0;
11313;5670354;1028325376;17068032;1111404544;0;0;0;0;0;0;0;0;0;0;0;2535;0;0;89;0;160;0;
11314;8406375;1028325376;17068032;1111404544;0;0;0;0;0;0;0;0;0;0;0;3898;0;0;89;0;160;0;
11315;9851405;1028325376;17068032;1111404544;0;0;0;0;0;0;0;0;0;0;0;2755;0;0;89;0;160;0;
11316;6030850;1028325376;17068032;1111404544;0;0;0;0;0;0;0;0;0;0;0;3647;0;0;89;0;160;0;
11317;31283880;1028325376;17068032;1111404544;0;0;0;0;0;0;0;0;0;0;0;3467;0;0;89;0;160;0;
11318;8415602;1028325376;17068032;1111404544;0;0;0;0;0;0;0;0;0;0;0;2895;0;0;89;0;160;0;
11319;8257646;1028325376;17068032;1111404544;0;0;0;0;0;0;0;0;0;0;0;2615;0;0;89;0;160;0;
11320;7597849;1028325376;17068032;1111404544;0;0;0;0;0;0;0;0;0;0;0;4368;0;0;89;0;160;0;
11321;9460723;1028325376;17068032;1111404544;0;0;0;0;0;0;0;0;0;0;0;3226;0;0;89;0;160;0;
11322;5786472;1028325376;17068032;1111404544;0;0;0;0;0;0;0;0;0;0;0;2786;0;0;89;0;160;0;
11323;8869604;1028325376;17068032;1111404544;0;0;0;0;0;0;0;0;0;0;0;2765;0;0;89;0;160;0;
11324;6239552;1028325376;17068032;1111404544;0;0;0;0;0;0;0;0;0;0;0;2765;0;0;89;0;160;0;
11325;8482618;1028325376;17068032;1111404544;0;0;0;0;0;0;0;0;0;0;0;2946;0;0;89;0;160;0;
11326;6198474;1028325376;17068032;1111404544;0;0;0;0;0;0;0;0;0;0;0;2995;0;0;89;0;160;0;
11327;10090754;1028325376;17068032;1111404544;0;0;0;0;0;0;0;0;0;0;0;3126;0;0;89;0;160;0;
11328;6592293;1028325376;17068032;1111404544;0;0;0;0;0;0;0;0;0;0;0;3146;0;0;89;0;160;0;
11329;9815869;1028325376;17068032;1111404544;0;0;0;0;0;0;0;0;0;0;0;2996;0;0;89;0;160;0;
11330;6146036;1028325376;17068032;1111404544;0;0;0;0;0;0;0;0;0;0;0;3327;0;0;89;0;160;0;
11331;10046000;1028325376;17068032;1111404544;0;0;0;0;0;0;0;0;0;0;0;3016;0;0;89;0;160;0;
11332;7141793;1028325376;17068032;1111404544;0;0;0;0;0;0;0;0;0;0;0;3607;0;0;89;0;160;0;
11333;8590721;1028325376;17068032;1111404544;0;0;0;0;0;0;0;0;0;0;0;2946;0;0;89;0;160;0;
11334;9383668;1028325376;17068032;1111404544;0;0;0;0;0;0;0;0;0;0;0;3697;0;0;89;0;160;0;
11335;6019428;1028325376;17068032;1111404544;0;0;0;0;0;0;0;0;0;0;0;3267;0;0;89;0;160;0;
11336;8258538;1028325376;17068032;1111404544;0;0;0;0;0;0;0;0;0;0;0;3076;0;0;89;0;160;0;
11337;8351532;1028325376;17068032;1111404544;0;0;0;0;0;0;0;0;0;0;0;2414;0;0;89;0;160;0;
11338;4296969;1028325376;17068032;1111404544;0;0;0;0;0;0;0;0;0;0;0;2986;0;0;89;0;160;0;
11339;11401131;1028325376;17068032;1111404544;0;0;0;0;0;0;0;0;0;0;0;2614;0;0;89;0;160;0;
11340;9015577;1028325376;17068032;1111404544;0;0;0;0;0;0;0;0;0;0;0;5390;0;0;89;0;160;0;
11341;7067384;1028325376;17068032;1111404544;0;0;0;0;0;0;0;0;0;0;0;3056;0;0;89;0;160;0;
11342;6149452;1028325376;17068032;1111404544;0;0;0;0;0;0;0;0;0;0;0;2916;0;0;89;0;160;0;
11343;8536289;1028325376;17068032;1111404544;0;0;0;0;0;0;0;0;0;0;0;2886;0;0;89;0;160;0;
11344;6838134;1028325376;17068032;1111404544;0;0;0;0;0;0;0;0;0;0;0;3076;0;0;89;0;160;0;
11345;11798617;1028325376;17068032;1111404544;0;0;0;0;0;0;0;0;0;0;0;3476;0;0;89;0;160;0;
11346;7307665;1028325376;17068032;1111404544;0;0;0;0;0;0;0;0;0;0;0;2385;0;0;89;0;160;0;
11347;8534996;1028325376;17068032;1111404544;0;0;0;0;0;0;0;0;0;0;0;3126;0;0;89;0;160;0;
11348;7926605;1028325376;17068032;1111404544;0;0;0;0;0;0;0;0;0;0;0;3436;0;0;89;0;160;0;
11349;8583156;1028325376;17068032;1111404544;0;0;0;0;0;0;0;0;0;0;0;2605;0;0;89;0;160;0;
11350;7574695;1028325376;17068032;1111404544;0;0;0;0;0;0;0;0;0;0;0;2715;0;0;89;0;160;0;
11351;5438279;1028325376;17068032;1111404544;0;0;0;0;0;0;0;0;0;0;0;2575;0;0;89;0;160;0;
11352;6923274;1028325376;17068032;1111404544;0;0;0;0;0;0;0;0;0;0;0;2985;0;0;89;0;160;0;
11353;8670781;1028325376;17068032;1111404544;0;0;0;0;0;0;0;0;0;0;0;1914;0;0;89;0;160;0;
11354;8167377;1028325376;17068032;1111404544;0;0;0;0;0;0;0;0;0;0;0;3777;0;0;89;0;160;0;
11355;6697270;1028325376;17068032;1111404544;0;0;0;0;0;0;0;0;0;0;0;2374;0;0;89;0;160;0;
11356;6651424;1028325376;17068032;1111404544;0;0;0;0;0;0;0;0;0;0;0;3026;0;0;89;0;160;0;
11357;8976614;1028325376;17068032;1111404544;0;0;0;0;0;0;0;0;0;0;0;2935;0;0;89;0;160;0;
11358;7448038;1028325376;17068032;1111404544;0;0;0;0;0;0;0;0;0;0;0;3327;0;0;89;0;160;0;
11359;7316702;1028325376;17068032;1111404544;0;0;0;0;0;0;0;0;0;0;0;3336;0;0;89;0;160;0;
11360;7620832;1028325376;17068032;1111404544;0;0;0;0;0;0;0;0;0;0;0;3437;0;0;89;0;160;0;
11361;8574270;1028325376;17068032;1111404544;0;0;0;0;0;0;0;0;0;0;0;3086;0;0;89;0;160;0;
11362;6818317;1028325376;17068032;1111404544;0;0;0;0;0;0;0;0;0;0;0;3216;0;0;89;0;160;0;
11363;7199862;1028325376;17068032;1111404544;0;0;0;0;0;0;0;0;0;0;0;2384;0;0;89;0;160;0;
11364;6124987;1028325376;17068032;1111404544;0;0;0;0;0;0;0;0;0;0;0;3496;0;0;89;0;160;0;
11365;9443090;1028325376;17068032;1111404544;0;0;0;0;0;0;0;0;0;0;0;2565;0;0;89;0;160;0;
11366;6476316;1028325376;17068032;1111404544;0;0;0;0;0;0;0;0;0;0;0;3206;0;0;89;0;160;0;
11367;10040310;1028325376;17068032;1111404544;0;0;0;0;0;0;0;0;0;0;0;3286;0;0;89;0;160;0;
11368;7763149;1028325376;17068032;1111404544;0;0;0;0;0;0;0;0;0;0;0;2495;0;0;89;0;160;0;
11369;7398415;1028325376;17068032;1111404544;0;0;0;0;0;0;0;0;0;0;0;2385;0;0;89;0;160;0;
11370;5123478;1028325376;17068032;1111404544;0;0;0;0;0;0;0;0;0;0;0;3526;0;0;89;0;160;0;
11371;6184679;1028325376;17068032;1111404544;0;0;0;0;0;0;0;0;0;0;0;2655;0;0;89;0;160;0;
11372;7815828;1028325376;17068032;1111404544;0;0;0;0;0;0;0;0;0;0;0;3477;0;0;89;0;160;0;
11373;9053349;1028325376;17068032;1111404544;0;0;0;0;0;0;0;0;0;0;0;2735;0;0;89;0;160;0;
11374;4813147;1028325376;17068032;1111404544;0;0;0;0;0;0;0;0;0;0;0;3506;0;0;89;0;160;0;
11375;9172612;1028325376;17068032;1111404544;0;0;0;0;0;0;0;0;0;0;0;3436;0;0;89;0;160;0;
11376;6479421;1028325376;17068032;1111404544;0;0;0;0;0;0;0;0;0;0;0;2876;0;0;89;0;160;0;
11377;7917378;1028325376;17068032;1111404544;0;0;0;0;0;0;0;0;0;0;0;2555;0;0;89;0;160;0;
11378;5003253;1028325376;17068032;1111404544;0;0;0;0;0;0;0;0;0;0;0;2895;0;0;89;0;160;0;
11379;8513967;1028325376;17068032;1111404544;0;0;0;0;0;0;0;0;0;0;0;2675;0;0;89;0;160;0;
11380;4276590;1028325376;17068032;1111404544;0;0;0;0;0;0;0;0;0;0;0;3096;0;0;89;0;160;0;
11381;8614936;1028325376;17068032;1111404544;0;0;0;0;0;0;0;0;0;0;0;2846;0;0;89;0;160;0;
11382;6046339;1028325376;17068032;1111404544;0;0;0;0;0;0;0;0;0;0;0;3116;0;0;89;0;160;0;
11383;6309993;1028325376;17068032;1111404544;0;0;0;0;0;0;0;0;0;0;0;3456;0;0;89;0;160;0;
11384;6681691;1028325376;17068032;1111404544;0;0;0;0;0;0;0;0;0;0;0;3156;0;0;89;0;160;0;
11385;8224204;1028325376;17068032;1111404544;0;0;0;0;0;0;0;0;0;0;0;2515;0;0;89;0;160;0;
11386;7222605;1028325376;17068032;1111404544;0;0;0;0;0;0;0;0;0;0;0;3075;0;0;89;0;160;0;
11387;9137145;1028325376;17068032;1111404544;0;0;0;0;0;0;0;0;0;0;0;2806;0;0;89;0;160;0;
11388;5996606;1028325376;17068032;1111404544;0;0;0;0;0;0;0;0;0;0;0;2634;0;0;89;0;160;0;
11389;7052246;1028325376;17068032;1111404544;0;0;0;0;0;0;0;0;0;0;0;1843;0;0;89;0;160;0;
11390;6357593;1028325376;17068032;1111404544;0;0;0;0;0;0;0;0;0;0;0;2394;0;0;89;0;160;0;
11391;9856545;1028325376;17068032;1111404544;0;0;0;0;0;0;0;0;0;0;0;3927;0;0;89;0;160;0;
11392;5367746;1028325376;17068032;1111404544;0;0;0;0;0;0;0;0;0;0;0;2594;0;0;89;0;160;0;
11393;10789845;1028325376;17068032;1111404544;0;0;0;0;0;0;0;0;0;0;0;2515;0;0;89;0;160;0;
11394;6537250;1028325376;17068032;1111404544;0;0;0;0;0;0;0;0;0;0;0;3536;0;0;89;0;160;0;
11395;8703803;1028325376;17068032;1111404544;0;0;0;0;0;0;0;0;0;0;0;4949;0;0;89;0;160;0;
11396;4656623;1028325376;17068032;1111404544;0;0;0;0;0;0;0;0;0;0;0;3216;0;0;89;0;160;0;
11397;8729080;1028325376;17068032;1111404544;0;0;0;0;0;0;0;0;0;0;0;2594;0;0;89;0;160;0;
11398;5108851;1028325376;17068032;1111404544;0;0;0;0;0;0;0;0;0;0;0;2955;0;0;89;0;160;0;
11399;7781003;1028325376;17068032;1111404544;0;0;0;0;0;0;0;0;0;0;0;2264;0;0;89;0;160;0;
11400;5778527;1028325376;17068032;1111404544;0;0;0;0;0;0;0;0;0;0;0;3446;0;0;89;0;160;0;
11401;9136665;1028325376;17068032;1111404544;0;0;0;0;0;0;0;0;0;0;0;2675;0;0;89;0;160;0;
11402;6272092;1028325376;17068032;1111404544;0;0;0;0;0;0;0;0;0;0;0;3166;0;0;89;0;160;0;
11403;9643125;1028325376;17068032;1111404544;0;0;0;0;0;0;0;0;0;0;0;2865;0;0;89;0;160;0;
11404;5967351;1028325376;17068032;1111404544;0;0;0;0;0;0;0;0;0;0;0;3357;0;0;89;0;160;0;
11405;8911633;1028325376;17068032;1111404544;0;0;0;0;0;0;0;0;0;0;0;2395;0;0;89;0;160;0;
11406;6270950;1028325376;17068032;1111404544;0;0;0;0;0;0;0;0;0;0;0;3486;0;0;89;0;160;0;
11407;9008815;1028325376;17068032;1111404544;0;0;0;0;0;0;0;0;0;0;0;2965;0;0;89;0;160;0;
11408;8537942;1028325376;17068032;1111404544;0;0;0;0;0;0;0;0;0;0;0;3487;0;0;89;0;160;0;
11409;9450142;1028325376;17068032;1111404544;0;0;0;0;0;0;0;0;0;0;0;3808;0;0;89;0;160;0;
11410;7226272;1028325376;17068032;1111404544;0;0;0;0;0;0;0;0;0;0;0;2735;0;0;89;0;160;0;
11411;9814916;1028325376;17068032;1111404544;0;0;0;0;0;0;0;0;0;0;0;2885;0;0;89;0;160;0;
11412;6535126;1028325376;17068032;1111404544;0;0;0;0;0;0;0;0;0;0;0;3507;0;0;89;0;160;0;
11413;9554849;1028325376;17068032;1111404544;0;0;0;0;0;0;0;0;0;0;0;3095;0;0;89;0;160;0;
11414;6271642;1028325376;17068032;1111404544;0;0;0;0;0;0;0;0;0;0;0;2655;0;0;89;0;160;0;
11415;7596837;1028325376;17068032;1111404544;0;0;0;0;0;0;0;0;0;0;0;2935;0;0;89;0;160;0;
11416;7328894;1028325376;17068032;1111404544;0;0;0;0;0;0;0;0;0;0;0;2735;0;0;89;0;160;0;
11417;8139294;1028325376;17068032;1111404544;0;0;0;0;0;0;0;0;0;0;0;3777;0;0;89;0;160;0;
11418;7504544;1028325376;17068032;1111404544;0;0;0;0;0;0;0;0;0;0;0;3236;0;0;89;0;160;0;
11419;6843755;1028325376;17068032;1111404544;0;0;0;0;0;0;0;0;0;0;0;2725;0;0;89;0;160;0;
11420;7867895;1028325376;17068032;1111404544;0;0;0;0;0;0;0;0;0;0;0;3516;0;0;89;0;160;0;
11421;9568956;1028325376;17068032;1111404544;0;0;0;0;0;0;0;0;0;0;0;3035;0;0;89;0;160;0;
11422;5443659;1028325376;17068032;1111404544;0;0;0;0;0;0;0;0;0;0;0;2755;0;0;89;0;160;0;
11423;5239676;1028325376;17068032;1111404544;0;0;0;0;0;0;0;0;0;0;0;1944;0;0;89;0;160;0;
11424;8475795;1028325376;17068032;1111404544;0;0;0;0;0;0;0;0;0;0;0;3787;0;0;89;0;160;0;
11425;7184493;1028325376;17068032;1111404544;0;0;0;0;0;0;0;0;0;0;0;2194;0;0;89;0;160;0;
11426;5389678;1028325376;17068032;1111404544;0;0;0;0;0;0;0;0;0;0;0;2635;0;0;89;0;160;0;
11427;7825245;1028325376;17068032;1111404544;0;0;0;0;0;0;0;0;0;0;0;2876;0;0;89;0;160;0;
11428;6076936;1028325376;17068032;1111404544;0;0;0;0;0;0;0;0;0;0;0;3066;0;0;89;0;160;0;
11429;6901644;1028325376;17068032;1111404544;0;0;0;0;0;0;0;0;0;0;0;2464;0;0;89;0;160;0;
11430;6206870;1028325376;17068032;1111404544;0;0;0;0;0;0;0;0;0;0;0;2876;0;0;89;0;160;0;
11431;8914258;1028325376;17068032;1111404544;0;0;0;0;0;0;0;0;0;0;0;3236;0;0;89;0;160;0;
11432;4189877;1028325376;17068032;1111404544;0;0;0;0;0;0;0;0;0;0;0;3176;0;0;89;0;160;0;
11433;7329606;1028325376;17068032;1111404544;0;0;0;0;0;0;0;0;0;0;0;2715;0;0;89;0;160;0;
11434;5479747;1028325376;17068032;1111404544;0;0;0;0;0;0;0;0;0;0;0;2976;0;0;89;0;160;0;
11435;7651069;1028325376;17068032;1111404544;0;0;0;0;0;0;0;0;0;0;0;2815;0;0;89;0;160;0;
11436;4681660;1028325376;17068032;1111404544;0;0;0;0;0;0;0;0;0;0;0;2916;0;0;89;0;160;0;
11437;8776670;1028325376;17068032;1111404544;0;0;0;0;0;0;0;0;0;0;0;2304;0;0;89;0;160;0;
11438;7776094;1028325376;17068032;1111404544;0;0;0;0;0;0;0;0;0;0;0;3847;0;0;89;0;160;0;
11439;7488574;1028325376;17068032;1111404544;0;0;0;0;0;0;0;0;0;0;0;2755;0;0;89;0;160;0;
11440;4613282;1028325376;17068032;1111404544;0;0;0;0;0;0;0;0;0;0;0;3056;0;0;89;0;160;0;
11441;7857747;1028325376;17068032;1111404544;0;0;0;0;0;0;0;0;0;0;0;2415;0;0;89;0;160;0;
11442;5636490;1028325376;17068032;1111404544;0;0;0;0;0;0;0;0;0;0;0;3376;0;0;89;0;160;0;
11443;8062650;1028325376;17068032;1111404544;0;0;0;0;0;0;0;0;0;0;0;2975;0;0;89;0;160;0;
11444;5320447;1028325376;17068032;1111404544;0;0;0;0;0;0;0;0;0;0;0;3477;0;0;89;0;160;0;
11445;9378157;1028325376;17068032;1111404544;0;0;0;0;0;0;0;0;0;0;0;2835;0;0;89;0;160;0;
11446;7851574;1028325376;17068032;1111404544;0;0;0;0;0;0;0;0;0;0;0;2995;0;0;89;0;160;0;
11447;6405964;1028325376;17068032;1111404544;0;0;0;0;0;0;0;0;0;0;0;2374;0;0;89;0;160;0;
11448;5537285;1028325376;17068032;1111404544;0;0;0;0;0;0;0;0;0;0;0;2906;0;0;89;0;160;0;
11449;8346693;1028325376;17068032;1111404544;0;0;0;0;0;0;0;0;0;0;0;2654;0;0;89;0;160;0;
11450;4556916;1028325376;17068032;1111404544;0;0;0;0;0;0;0;0;0;0;0;2826;0;0;89;0;160;0;
11451;9582020;1028325376;17068032;1111404544;0;0;0;0;0;0;0;0;0;0;0;2966;0;0;89;0;160;0;
11452;5557102;1028325376;17068032;1111404544;0;0;0;0;0;0;0;0;0;0;0;3156;0;0;89;0;160;0;
11453;7953957;1028325376;17072128;1111408640;0;0;0;0;0;0;0;0;0;0;0;3907;0;0;89;0;160;0;
11454;8246516;1028325376;17076224;1111412736;0;0;0;0;0;0;0;0;0;0;0;3267;0;0;89;0;160;0;
11455;7940712;1028325376;17076224;1111412736;0;0;0;0;0;0;0;0;0;0;0;3557;0;0;89;0;160;0;
11456;6396236;1028325376;17076224;1111412736;0;0;0;0;0;0;0;0;0;0;0;2795;0;0;89;0;160;0;
11457;6538983;1028325376;17076224;1111412736;0;0;0;0;0;0;0;0;0;0;0;2635;0;0;89;0;160;0;
11458;5814504;1028325376;17076224;1111412736;0;0;0;0;0;0;0;0;0;0;0;2926;0;0;89;0;160;0;
11459;7447096;1028325376;17076224;1111412736;0;0;0;0;0;0;0;0;0;0;0;2926;0;0;89;0;160;0;
11460;5342158;1028476928;17068032;1111404544;0;0;0;0;0;0;0;0;0;0;0;2715;0;0;89;0;160;0;
11461;8514628;1028476928;17068032;1111404544;0;0;0;0;0;0;0;0;0;0;0;2985;0;0;89;0;160;0;
11462;5596436;1028476928;17068032;1111404544;0;0;0;0;0;0;0;0;0;0;0;2695;0;0;89;0;160;0;
11463;6073079;1028476928;17068032;1111404544;0;0;0;0;0;0;0;0;0;0;0;2985;0;0;89;0;160;0;
11464;4991191;1028476928;17068032;1111404544;0;0;0;0;0;0;0;0;0;0;0;2856;0;0;89;0;160;0;
11465;8399693;1028476928;17068032;1111404544;0;0;0;0;0;0;0;0;0;0;0;2715;0;0;89;0;160;0;
11466;4754276;1028476928;17068032;1111404544;0;0;0;0;0;0;0;0;0;0;0;3366;0;0;89;0;160;0;
11467;8277684;1028476928;17068032;1111404544;0;0;0;0;0;0;0;0;0;0;0;2505;0;0;89;0;160;0;
11468;5261478;1028476928;17068032;1111404544;0;0;0;0;0;0;0;0;0;0;0;2485;0;0;89;0;160;0;
11469;9408965;1028476928;17068032;1111404544;0;0;0;0;0;0;0;0;0;0;0;2966;0;0;89;0;160;0;
11470;5105124;1028476928;17068032;1111404544;0;0;0;0;0;0;0;0;0;0;0;2605;0;0;89;0;160;0;
11471;5705560;1028476928;17068032;1111404544;0;0;0;0;0;0;0;0;0;0;0;2284;0;0;89;0;160;0;
11472;5453518;1028476928;17068032;1111404544;0;0;0;0;0;0;0;0;0;0;0;2375;0;0;89;0;160;0;
11473;8652978;1028476928;17068032;1111404544;0;0;0;0;0;0;0;0;0;0;0;2454;0;0;89;0;160;0;
11474;5226351;1028476928;17068032;1111404544;0;0;0;0;0;0;0;0;0;0;0;2746;0;0;89;0;160;0;
11475;7613068;1028476928;17068032;1111404544;0;0;0;0;0;0;0;0;0;0;0;2705;0;0;89;0;160;0;
11476;4375947;1028476928;17068032;1111404544;0;0;0;0;0;0;0;0;0;0;0;3086;0;0;89;0;160;0;
11477;5966710;1028476928;17068032;1111404544;0;0;0;0;0;0;0;0;0;0;0;3176;0;0;89;0;160;0;
11478;4473179;1028476928;17068032;1111404544;0;0;0;0;0;0;0;0;0;0;0;3056;0;0;89;0;160;0;
11479;9090799;1028476928;17068032;1111404544;0;0;0;0;0;0;0;0;0;0;0;3447;0;0;89;0;160;0;
11480;6279406;1028476928;17068032;1111404544;0;0;0;0;0;0;0;0;0;0;0;2775;0;0;89;0;160;0;
11481;7914142;1028476928;17068032;1111404544;0;0;0;0;0;0;0;0;0;0;0;2715;0;0;89;0;160;0;
11482;5450151;1028476928;17068032;1111404544;0;0;0;0;0;0;0;0;0;0;0;2806;0;0;89;0;160;0;
11483;8929827;1028476928;17068032;1111404544;0;0;0;0;0;0;0;0;0;0;0;2935;0;0;89;0;160;0;
11484;4317306;1028476928;17068032;1111404544;0;0;0;0;0;0;0;0;0;0;0;3156;0;0;89;0;160;0;
11485;10444377;1028476928;17068032;1111404544;0;0;0;0;0;0;0;0;0;0;0;4108;0;0;89;0;160;0;
11486;6124035;1028476928;17068032;1111404544;0;0;0;0;0;0;0;0;0;0;0;3166;0;0;89;0;160;0;
11487;7448690;1028476928;17068032;1111404544;0;0;0;0;0;0;0;0;0;0;0;2795;0;0;89;0;160;0;
11488;5876331;1028476928;17068032;1111404544;0;0;0;0;0;0;0;0;0;0;0;3266;0;0;89;0;160;0;
11489;8991302;1028476928;17068032;1111404544;0;0;0;0;0;0;0;0;0;0;0;2835;0;0;89;0;160;0;
11490;3827839;1028476928;17068032;1111404544;0;0;0;0;0;0;0;0;0;0;0;2765;0;0;89;0;160;0;
11491;7055672;1028476928;17068032;1111404544;0;0;0;0;0;0;0;0;0;0;0;3406;0;0;89;0;160;0;
11492;4994346;1028476928;17068032;1111404544;0;0;0;0;0;0;0;0;0;0;0;3717;0;0;89;0;160;0;
11493;6133041;1028476928;17068032;1111404544;0;0;0;0;0;0;0;0;0;0;0;3146;0;0;89;0;160;0;
11494;7219529;1028476928;17068032;1111404544;0;0;0;0;0;0;0;0;0;0;0;2805;0;0;89;0;160;0;
11495;5696213;1028476928;17068032;1111404544;0;0;0;0;0;0;0;0;0;0;0;2625;0;0;89;0;160;0;
11496;7462545;1028476928;17068032;1111404544;0;0;0;0;0;0;0;0;0;0;0;2875;0;0;89;0;160;0;
11497;7332591;1028476928;17068032;1111404544;0;0;0;0;0;0;0;0;0;0;0;3206;0;0;89;0;160;0;
11498;4736943;1028476928;17068032;1111404544;0;0;0;0;0;0;0;0;0;0;0;3406;0;0;89;0;160;0;
11499;6680168;1028476928;17068032;1111404544;0;0;0;0;0;0;0;0;0;0;0;2735;0;0;89;0;160;0;
11500;4279205;1028476928;17068032;1111404544;0;0;0;0;0;0;0;0;0;0;0;2976;0;0;89;0;160;0;
11501;9064449;1028476928;17068032;1111404544;0;0;0;0;0;0;0;0;0;0;0;3376;0;0;89;0;160;0;
11502;3634746;1028476928;17068032;1111404544;0;0;0;0;0;0;0;0;0;0;0;2836;0;0;89;0;160;0;
11503;6858713;1028476928;17068032;1111404544;0;0;0;0;0;0;0;0;0;0;0;2535;0;0;89;0;160;0;
11504;5542163;1028476928;17068032;1111404544;0;0;0;0;0;0;0;0;0;0;0;3256;0;0;89;0;160;0;
11505;7525463;1028476928;17068032;1111404544;0;0;0;0;0;0;0;0;0;0;0;3486;0;0;89;0;160;0;
11506;3942223;1028476928;17068032;1111404544;0;0;0;0;0;0;0;0;0;0;0;2896;0;0;89;0;160;0;
11507;6493458;1028476928;17068032;1111404544;0;0;0;0;0;0;0;0;0;0;0;1743;0;0;89;0;160;0;
11508;7181017;1028476928;17068032;1111404544;0;0;0;0;0;0;0;0;0;0;0;2975;0;0;89;0;160;0;
11509;7205072;1028476928;17068032;1111404544;0;0;0;0;0;0;0;0;0;0;0;2815;0;0;89;0;160;0;
11510;6472498;1028476928;17068032;1111404544;0;0;0;0;0;0;0;0;0;0;0;3486;0;0;89;0;160;0;
11511;8074102;1028476928;17068032;1111404544;0;0;0;0;0;0;0;0;0;0;0;4248;0;0;89;0;160;0;
11512;3624247;1028476928;17068032;1111404544;0;0;0;0;0;0;0;0;0;0;0;3647;0;0;89;0;160;0;
11513;7042928;1028476928;17068032;1111404544;0;0;0;0;0;0;0;0;0;0;0;2324;0;0;89;0;160;0;
11514;6765748;1028476928;17068032;1111404544;0;0;0;0;0;0;0;0;0;0;0;3337;0;0;89;0;160;0;
11515;8070986;1028476928;17068032;1111404544;0;0;0;0;0;0;0;0;0;0;0;51046;0;0;89;0;160;0;
11516;5605733;1028476928;17068032;1111404544;0;0;0;0;0;0;0;0;0;0;0;2886;0;0;89;0;160;0;
11517;7934871;1028476928;17068032;1111404544;0;0;0;0;0;0;0;0;0;0;0;2765;0;0;89;0;160;0;
11518;7294801;1028476928;17068032;1111404544;0;0;0;0;0;0;0;0;0;0;0;3346;0;0;89;0;160;0;
11519;7472484;1028476928;17068032;1111404544;0;0;0;0;0;0;0;0;0;0;0;2685;0;0;89;0;160;0;
11520;8022646;1028476928;17068032;1111404544;0;0;0;0;0;0;0;0;0;0;0;4128;0;0;89;0;160;0;
11521;9592119;1028476928;17068032;1111404544;0;0;0;0;0;0;0;0;0;0;0;3517;0;0;89;0;160;0;
11522;4580921;1028476928;17068032;1111404544;0;0;0;0;0;0;0;0;0;0;0;3276;0;0;89;0;160;0;
11523;6957648;1028476928;17068032;1111404544;0;0;0;0;0;0;0;0;0;0;0;3917;0;0;89;0;160;0;
11524;7390800;1028476928;17068032;1111404544;0;0;0;0;0;0;0;0;0;0;0;3226;0;0;89;0;160;0;
11525;8800815;1028476928;17068032;1111404544;0;0;0;0;0;0;0;0;0;0;0;2675;0;0;89;0;160;0;
11526;4707608;1028476928;17068032;1111404544;0;0;0;0;0;0;0;0;0;0;0;4298;0;0;89;0;160;0;
11527;9066503;1028476928;17068032;1111404544;0;0;0;0;0;0;0;0;0;0;0;3407;0;0;89;0;160;0;
11528;6561645;1028476928;17068032;1111404544;0;0;0;0;0;0;0;0;0;0;0;3427;0;0;89;0;160;0;
11529;7755174;1028476928;17068032;1111404544;0;0;0;0;0;0;0;0;0;0;0;3436;0;0;89;0;160;0;
11530;5946171;1028476928;17068032;1111404544;0;0;0;0;0;0;0;0;0;0;0;2866;0;0;89;0;160;0;
11531;9945461;1028476928;17068032;1111404544;0;0;0;0;0;0;0;0;0;0;0;3386;0;0;89;0;160;0;
11532;7559888;1028476928;17068032;1111404544;0;0;0;0;0;0;0;0;0;0;0;3596;0;0;89;0;160;0;
11533;7246590;1028476928;17068032;1111404544;0;0;0;0;0;0;0;0;0;0;0;3145;0;0;89;0;160;0;
11534;5468666;1028476928;17068032;1111404544;0;0;0;0;0;0;0;0;0;0;0;2976;0;0;89;0;160;0;
11535;9857567;1028476928;17068032;1111404544;0;0;0;0;0;0;0;0;0;0;0;3577;0;0;89;0;160;0;
11536;7239507;1028476928;17068032;1111404544;0;0;0;0;0;0;0;0;0;0;0;3246;0;0;89;0;160;0;
11537;7943908;1028476928;17068032;1111404544;0;0;0;0;0;0;0;0;0;0;0;2735;0;0;89;0;160;0;
11538;7109943;1028476928;17068032;1111404544;0;0;0;0;0;0;0;0;0;0;0;2986;0;0;89;0;160;0;
11539;9039854;1028476928;17068032;1111404544;0;0;0;0;0;0;0;0;0;0;0;3987;0;0;89;0;160;0;
11540;5104002;1028476928;17068032;1111404544;0;0;0;0;0;0;0;0;0;0;0;3627;0;0;89;0;160;0;
11541;8663026;1028476928;17068032;1111404544;0;0;0;0;0;0;0;0;0;0;0;3116;0;0;89;0;160;0;
11542;7688599;1028476928;17068032;1111404544;0;0;0;0;0;0;0;0;0;0;0;2755;0;0;89;0;160;0;
11543;9105947;1028476928;17068032;1111404544;0;0;0;0;0;0;0;0;0;0;0;2955;0;0;89;0;160;0;
11544;6758856;1028476928;17068032;1111404544;0;0;0;0;0;0;0;0;0;0;0;2956;0;0;89;0;160;0;
11545;8588968;1028476928;17068032;1111404544;0;0;0;0;0;0;0;0;0;0;0;2344;0;0;89;0;160;0;
11546;6230284;1028476928;17068032;1111404544;0;0;0;0;0;0;0;0;0;0;0;2855;0;0;89;0;160;0;
11547;8179309;1028476928;17068032;1111404544;0;0;0;0;0;0;0;0;0;0;0;3116;0;0;89;0;160;0;
11548;7301553;1028476928;17068032;1111404544;0;0;0;0;0;0;0;0;0;0;0;2825;0;0;89;0;160;0;
11549;7084195;1028476928;17068032;1111404544;0;0;0;0;0;0;0;0;0;0;0;3516;0;0;89;0;160;0;
11550;4417825;1028476928;17068032;1111404544;0;0;0;0;0;0;0;0;0;0;0;2776;0;0;89;0;160;0;
11551;6663557;1028476928;17068032;1111404544;0;0;0;0;0;0;0;0;0;0;0;2534;0;0;89;0;160;0;
11552;6967336;1028476928;17068032;1111404544;0;0;0;0;0;0;0;0;0;0;0;2315;0;0;89;0;160;0;
11553;8093428;1028476928;17068032;1111404544;0;0;0;0;0;0;0;0;0;0;0;2875;0;0;89;0;160;0;
11554;4895631;1028476928;17068032;1111404544;0;0;0;0;0;0;0;0;0;0;0;2775;0;0;89;0;160;0;
11555;9241041;1028476928;17068032;1111404544;0;0;0;0;0;0;0;0;0;0;0;2234;0;0;89;0;160;0;
11556;4001655;1028476928;17068032;1111404544;0;0;0;0;0;0;0;0;0;0;0;3095;0;0;89;0;160;0;
11557;6126229;1028476928;17068032;1111404544;0;0;0;0;0;0;0;0;0;0;0;1633;0;0;89;0;160;0;
11558;8443395;1028476928;17068032;1111404544;0;0;0;0;0;0;0;0;0;0;0;3366;0;0;89;0;160;0;
11559;8084140;1028476928;17068032;1111404544;0;0;0;0;0;0;0;0;0;0;0;2845;0;0;89;0;160;0;
11560;5517748;1028476928;17068032;1111404544;0;0;0;0;0;0;0;0;0;0;0;3707;0;0;89;0;160;0;
11561;7029643;1028476928;17068032;1111404544;0;0;0;0;0;0;0;0;0;0;0;1944;0;0;89;0;160;0;
11562;6996952;1028476928;17068032;1111404544;0;0;0;0;0;0;0;0;0;0;0;3266;0;0;89;0;160;0;
11563;9395220;1028476928;17068032;1111404544;0;0;0;0;0;0;0;0;0;0;0;3466;0;0;89;0;160;0;
11564;7320669;1028476928;17068032;1111404544;0;0;0;0;0;0;0;0;0;0;0;2855;0;0;89;0;160;0;
11565;6710745;1028476928;17068032;1111404544;0;0;0;0;0;0;0;0;0;0;0;2896;0;0;89;0;160;0;
11566;5230509;1028476928;17068032;1111404544;0;0;0;0;0;0;0;0;0;0;0;3627;0;0;89;0;160;0;
11567;9697527;1028476928;17068032;1111404544;0;0;0;0;0;0;0;0;0;0;0;2615;0;0;89;0;160;0;
11568;8111051;1028476928;17068032;1111404544;0;0;0;0;0;0;0;0;0;0;0;2885;0;0;89;0;160;0;
11569;7751067;1028476928;17068032;1111404544;0;0;0;0;0;0;0;0;0;0;0;1803;0;0;89;0;160;0;
11570;6233350;1028476928;17068032;1111404544;0;0;0;0;0;0;0;0;0;0;0;3036;0;0;89;0;160;0;
11571;7204942;1028476928;17068032;1111404544;0;0;0;0;0;0;0;0;0;0;0;2064;0;0;89;0;160;0;
11572;5626963;1028476928;17068032;1111404544;0;0;0;0;0;0;0;0;0;0;0;2605;0;0;89;0;160;0;
11573;7512849;1028476928;17068032;1111404544;0;0;0;0;0;0;0;0;0;0;0;2003;0;0;89;0;160;0;
11574;7047026;1028476928;17068032;1111404544;0;0;0;0;0;0;0;0;0;0;0;3727;0;0;89;0;160;0;
11575;7102089;1028476928;17068032;1111404544;0;0;0;0;0;0;0;0;0;0;0;2384;0;0;89;0;160;0;
11576;3663240;1028476928;17068032;1111404544;0;0;0;0;0;0;0;0;0;0;0;2655;0;0;89;0;160;0;
11577;9133368;1028476928;17068032;1111404544;0;0;0;0;0;0;0;0;0;0;0;3336;0;0;89;0;160;0;
11578;5541432;1028476928;17068032;1111404544;0;0;0;0;0;0;0;0;0;0;0;3056;0;0;89;0;160;0;
11579;7457696;1028476928;17068032;1111404544;0;0;0;0;0;0;0;0;0;0;0;2926;0;0;89;0;160;0;
11580;5617314;1028476928;17068032;1111404544;0;0;0;0;0;0;0;0;0;0;0;3386;0;0;89;0;160;0;
11581;12716698;1028476928;17068032;1111404544;0;0;0;0;0;0;0;0;0;0;0;3005;0;0;89;0;160;0;
11582;7040895;1028476928;17068032;1111404544;0;0;0;0;0;0;0;0;0;0;0;2685;0;0;89;0;160;0;
11583;7784359;1028476928;17068032;1111404544;0;0;0;0;0;0;0;0;0;0;0;249408;0;0;89;0;160;0;
11584;5087271;1024774144;13295616;1107632128;0;0;0;0;0;0;0;0;0;0;0;3787;0;0;89;0;160;0;
11585;8036321;1024774144;13295616;1107632128;0;0;0;0;0;0;0;0;0;0;0;2585;0;0;89;0;160;0;
11586;5085307;1024774144;13295616;1107632128;0;0;0;0;0;0;0;0;0;0;0;3226;0;0;89;0;160;0;
11587;8621359;1024774144;13295616;1107632128;0;0;0;0;0;0;0;0;0;0;0;2745;0;0;89;0;160;0;
11588;4863501;1024774144;13295616;1107632128;0;0;0;0;0;0;0;0;0;0;0;2946;0;0;89;0;160;0;
11589;7167722;1024774144;13295616;1107632128;0;0;0;0;0;0;0;0;0;0;0;2705;0;0;89;0;160;0;
11590;5272618;1024774144;13295616;1107632128;0;0;0;0;0;0;0;0;0;0;0;2736;0;0;89;0;160;0;
11591;6178988;1024774144;13295616;1107632128;0;0;0;0;0;0;0;0;0;0;0;2014;0;0;89;0;160;0;
11592;5695201;1026662400;17068032;1111404544;0;0;0;0;0;0;0;0;0;0;0;3467;0;0;89;0;160;0;
11593;7445493;1026662400;17068032;1111404544;0;0;0;0;0;0;0;0;0;0;0;1723;0;0;89;0;160;0;
11594;4884771;1026662400;17068032;1111404544;0;0;0;0;0;0;0;0;0;0;0;2765;0;0;89;0;160;0;
11595;8222701;1026662400;17068032;1111404544;0;0;0;0;0;0;0;0;0;0;0;2354;0;0;89;0;160;0;
11596;3470338;1026662400;17068032;1111404544;0;0;0;0;0;0;0;0;0;0;0;3055;0;0;89;0;160;0;
11597;6741593;1026662400;17068032;1111404544;0;0;0;0;0;0;0;0;0;0;0;3236;0;0;89;0;160;0;
11598;3758960;1026662400;17068032;1111404544;0;0;0;0;0;0;0;0;0;0;0;2885;0;0;89;0;160;0;
11599;5997748;1026662400;17068032;1111404544;0;0;0;0;0;0;0;0;0;0;0;1813;0;0;89;0;160;0;
11600;6152729;1026662400;17068032;1111404544;0;0;0;0;0;0;0;0;0;0;0;2735;0;0;89;0;160;0;
11601;5143827;1026662400;17068032;1111404544;0;0;0;0;0;0;0;0;0;0;0;1903;0;0;89;0;160;0;
11602;6166725;1026662400;17068032;1111404544;0;0;0;0;0;0;0;0;0;0;0;2766;0;0;89;0;160;0;
11603;5272277;1026662400;17068032;1111404544;0;0;0;0;0;0;0;0;0;0;0;2134;0;0;89;0;160;0;
11604;6037392;1026662400;17068032;1111404544;0;0;0;0;0;0;0;0;0;0;0;3165;0;0;89;0;160;0;
11605;6614665;1026662400;17068032;1111404544;0;0;0;0;0;0;0;0;0;0;0;1603;0;0;89;0;160;0;
11606;3991105;1026662400;17068032;1111404544;0;0;0;0;0;0;0;0;0;0;0;3076;0;0;89;0;160;0;
11607;8077579;1026662400;17068032;1111404544;0;0;0;0;0;0;0;0;0;0;0;249317;0;0;89;0;160;0;
11608;4245923;1026662400;17068032;1111404544;0;0;0;0;0;0;0;0;0;0;0;2955;0;0;89;0;160;0;
11609;6954943;1026662400;17068032;1111404544;0;0;0;0;0;0;0;0;0;0;0;2024;0;0;89;0;160;0;
11610;4796746;1026662400;17068032;1111404544;0;0;0;0;0;0;0;0;0;0;0;3116;0;0;89;0;160;0;
11611;6685958;1026662400;17068032;1111404544;0;0;0;0;0;0;0;0;0;0;0;1994;0;0;89;0;160;0;
11612;6170021;1026662400;17068032;1111404544;0;0;0;0;0;0;0;0;0;0;0;3346;0;0;89;0;160;0;
11613;7861123;1026662400;17068032;1111404544;0;0;0;0;0;0;0;0;0;0;0;2104;0;0;89;0;160;0;
11614;5260125;1026662400;17068032;1111404544;0;0;0;0;0;0;0;0;0;0;0;3617;0;0;89;0;160;0;
11615;8914769;1026662400;17068032;1111404544;0;0;0;0;0;0;0;0;0;0;0;2926;0;0;89;0;160;0;
11616;4980571;1026662400;17068032;1111404544;0;0;0;0;0;0;0;0;0;0;0;3116;0;0;89;0;160;0;
11617;9190986;1026662400;17068032;1111404544;0;0;0;0;0;0;0;0;0;0;0;2655;0;0;89;0;160;0;
11618;4118183;1026662400;17068032;1111404544;0;0;0;0;0;0;0;0;0;0;0;2835;0;0;89;0;160;0;
11619;7403915;1026662400;17068032;1111404544;0;0;0;0;0;0;0;0;0;0;0;2735;0;0;89;0;160;0;
11620;4225345;1026662400;17068032;1111404544;0;0;0;0;0;0;0;0;0;0;0;2755;0;0;89;0;160;0;
11621;6967988;1026662400;17068032;1111404544;0;0;0;0;0;0;0;0;0;0;0;1894;0;0;89;0;160;0;
11622;3782494;1026662400;17068032;1111404544;0;0;0;0;0;0;0;0;0;0;0;2845;0;0;89;0;160;0;
11623;7592759;1026662400;17068032;1111404544;0;0;0;0;0;0;0;0;0;0;0;1583;0;0;89;0;160;0;
11624;5886429;1026662400;17068032;1111404544;0;0;0;0;0;0;0;0;0;0;0;5370;0;0;89;0;160;0;
11625;9144399;1026662400;17068032;1111404544;0;0;0;0;0;0;0;0;0;0;0;3407;0;0;89;0;160;0;
11626;4113875;1026662400;17068032;1111404544;0;0;0;0;0;0;0;0;0;0;0;3196;0;0;89;0;160;0;
11627;9497601;1026662400;17068032;1111404544;0;0;0;0;0;0;0;0;0;0;0;2855;0;0;89;0;160;0;
11628;5336168;1026662400;17068032;1111404544;0;0;0;0;0;0;0;0;0;0;0;3516;0;0;89;0;160;0;
11629;5810817;1026662400;17068032;1111404544;0;0;0;0;0;0;0;0;0;0;0;2013;0;0;89;0;160;0;
11630;4692530;1024798720;13295616;1107632128;0;0;0;0;0;0;0;0;0;0;0;2224;0;0;89;0;160;0;
11631;10078091;1024798720;13295616;1107632128;0;0;0;0;0;0;0;0;0;0;0;2625;0;0;89;0;160;0;
11632;4613712;1024798720;13295616;1107632128;0;0;0;0;0;0;0;0;0;0;0;2886;0;0;89;0;160;0;
11633;7723044;1024798720;13295616;1107632128;0;0;0;0;0;0;0;0;0;0;0;2534;0;0;89;0;160;0;
11634;8429258;1026686976;17068032;1111404544;0;0;0;0;0;0;0;0;0;0;0;3046;0;0;89;0;160;0;
11635;7170397;1026686976;17068032;1111404544;0;0;0;0;0;0;0;0;0;0;0;2595;0;0;89;0;160;0;
11636;7020787;1026686976;17068032;1111404544;0;0;0;0;0;0;0;0;0;0;0;3095;0;0;89;0;160;0;
11637;7155619;1026686976;17068032;1111404544;0;0;0;0;0;0;0;0;0;0;0;2274;0;0;89;0;160;0;
11638;6672684;1026686976;17068032;1111404544;0;0;0;0;0;0;0;0;0;0;0;2604;0;0;89;0;160;0;
11639;8718671;1026686976;17068032;1111404544;0;0;0;0;0;0;0;0;0;0;0;3907;0;0;89;0;160;0;
11640;7528108;1026686976;17068032;1111404544;0;0;0;0;0;0;0;0;0;0;0;3717;0;0;89;0;160;0;
11641;8148021;1026686976;17068032;1111404544;0;0;0;0;0;0;0;0;0;0;0;2124;0;0;89;0;160;0;
11642;5675815;1026686976;17068032;1111404544;0;0;0;0;0;0;0;0;0;0;0;3407;0;0;89;0;160;0;
11643;6574580;1026686976;17068032;1111404544;0;0;0;0;0;0;0;0;0;0;0;1824;0;0;89;0;160;0;
11644;6649831;1026686976;17068032;1111404544;0;0;0;0;0;0;0;0;0;0;0;2414;0;0;89;0;160;0;
11645;6842653;1026686976;17068032;1111404544;0;0;0;0;0;0;0;0;0;0;0;2444;0;0;89;0;160;0;
11646;4789973;1026686976;17068032;1111404544;0;0;0;0;0;0;0;0;0;0;0;32241;0;0;89;0;160;0;
11647;8228411;1026686976;17068032;1111404544;0;0;0;0;0;0;0;0;0;0;0;2184;0;0;89;0;160;0;
11648;6203744;1026686976;17068032;1111404544;0;0;0;0;0;0;0;0;0;0;0;3055;0;0;89;0;160;0;
11649;6949663;1026686976;17068032;1111404544;0;0;0;0;0;0;0;0;0;0;0;2785;0;0;89;0;160;0;
11650;6069473;1026686976;17068032;1111404544;0;0;0;0;0;0;0;0;0;0;0;2534;0;0;89;0;160;0;
11651;6847442;1026686976;17068032;1111404544;0;0;0;0;0;0;0;0;0;0;0;2074;0;0;89;0;160;0;
11652;5231411;1026686976;17068032;1111404544;0;0;0;0;0;0;0;0;0;0;0;3136;0;0;89;0;160;0;
11653;7193681;1026686976;17068032;1111404544;0;0;0;0;0;0;0;0;0;0;0;2274;0;0;89;0;160;0;
11654;8403079;1026686976;17068032;1111404544;0;0;0;0;0;0;0;0;0;0;0;3095;0;0;89;0;160;0;
11655;6898226;1026686976;17068032;1111404544;0;0;0;0;0;0;0;0;0;0;0;2745;0;0;89;0;160;0;
11656;7071171;1026686976;17068032;1111404544;0;0;0;0;0;0;0;0;0;0;0;3466;0;0;89;0;160;0;
11657;7337671;1026686976;17068032;1111404544;0;0;0;0;0;0;0;0;0;0;0;2405;0;0;89;0;160;0;
11658;7669974;1026686976;17068032;1111404544;0;0;0;0;0;0;0;0;0;0;0;3236;0;0;89;0;160;0;
11659;6294795;1026686976;17068032;1111404544;0;0;0;0;0;0;0;0;0;0;0;2524;0;0;89;0;160;0;
11660;6699934;1026686976;17068032;1111404544;0;0;0;0;0;0;0;0;0;0;0;2965;0;0;89;0;160;0;
11661;9720419;1026686976;17068032;1111404544;0;0;0;0;0;0;0;0;0;0;0;2635;0;0;89;0;160;0;
11662;6394321;1026686976;17068032;1111404544;0;0;0;0;0;0;0;0;0;0;0;3546;0;0;89;0;160;0;
11663;7818763;1026686976;17068032;1111404544;0;0;0;0;0;0;0;0;0;0;0;2204;0;0;89;0;160;0;
11664;8177826;1026686976;17068032;1111404544;0;0;0;0;0;0;0;0;0;0;0;2856;0;0;89;0;160;0;
11665;6138572;1026686976;17068032;1111404544;0;0;0;0;0;0;0;0;0;0;0;1853;0;0;89;0;160;0;
11666;7805919;1026686976;17068032;1111404544;0;0;0;0;0;0;0;0;0;0;0;3026;0;0;89;0;160;0;
11667;6559221;1026686976;17068032;1111404544;0;0;0;0;0;0;0;0;0;0;0;2285;0;0;89;0;160;0;
11668;7271667;1026686976;17068032;1111404544;0;0;0;0;0;0;0;0;0;0;0;3015;0;0;89;0;160;0;
11669;7520253;1026686976;17068032;1111404544;0;0;0;0;0;0;0;0;0;0;0;2064;0;0;89;0;160;0;
11670;5160087;1026686976;17068032;1111404544;0;0;0;0;0;0;0;0;0;0;0;3006;0;0;89;0;160;0;
11671;9140331;1026686976;17068032;1111404544;0;0;0;0;0;0;0;0;0;0;0;2605;0;0;89;0;160;0;
11672;5603509;1026686976;17068032;1111404544;0;0;0;0;0;0;0;0;0;0;0;2915;0;0;89;0;160;0;
11673;8784565;1026686976;17068032;1111404544;0;0;0;0;0;0;0;0;0;0;0;2214;0;0;89;0;160;0;
11674;5258872;1026686976;17068032;1111404544;0;0;0;0;0;0;0;0;0;0;0;3417;0;0;89;0;160;0;
11675;8493799;1026686976;17072128;1111408640;0;0;0;0;0;0;0;0;0;0;0;3236;0;0;89;0;160;0;
11676;5983031;1026686976;17076224;1111412736;0;0;0;0;0;0;0;0;0;0;0;2975;0;0;89;0;160;0;
11677;7849722;1026686976;17076224;1111412736;0;0;0;0;0;0;0;0;0;0;0;2726;0;0;89;0;160;0;
11678;5234687;1026686976;17076224;1111412736;0;0;0;0;0;0;0;0;0;0;0;3246;0;0;89;0;160;0;
11679;7586738;1026686976;17076224;1111412736;0;0;0;0;0;0;0;0;0;0;0;2685;0;0;89;0;160;0;
11680;5318655;1026686976;17076224;1111412736;0;0;0;0;0;0;0;0;0;0;0;3016;0;0;89;0;160;0;
11681;9637905;1026686976;17076224;1111412736;0;0;0;0;0;0;0;0;0;0;0;1954;0;0;89;0;160;0;
11682;4118745;1026838528;17068032;1111404544;0;0;0;0;0;0;0;0;0;0;0;2555;0;0;89;0;160;0;
11683;7255186;1026838528;17068032;1111404544;0;0;0;0;0;0;0;0;0;0;0;2275;0;0;89;0;160;0;
11684;7013723;1026838528;17068032;1111404544;0;0;0;0;0;0;0;0;0;0;0;3115;0;0;89;0;160;0;
11685;7113861;1026838528;17068032;1111404544;0;0;0;0;0;0;0;0;0;0;0;2345;0;0;89;0;160;0;
11686;7505165;1026838528;17068032;1111404544;0;0;0;0;0;0;0;0;0;0;0;3165;0;0;89;0;160;0;
11687;7516256;1026838528;17068032;1111404544;0;0;0;0;0;0;0;0;0;0;0;2515;0;0;89;0;160;0;
11688;6511452;1026838528;17068032;1111404544;0;0;0;0;0;0;0;0;0;0;0;2815;0;0;89;0;160;0;
11689;6336163;1026838528;17068032;1111404544;0;0;0;0;0;0;0;0;0;0;0;2334;0;0;89;0;160;0;
11690;6039156;1026838528;17068032;1111404544;0;0;0;0;0;0;0;0;0;0;0;3076;0;0;89;0;160;0;
11691;6798991;1026838528;17068032;1111404544;0;0;0;0;0;0;0;0;0;0;0;1903;0;0;89;0;160;0;
11692;7366114;1026838528;17068032;1111404544;0;0;0;0;0;0;0;0;0;0;0;2755;0;0;89;0;160;0;
11693;6910660;1028935680;25563136;1119899648;0;0;0;0;0;0;0;0;0;0;0;1943;0;0;89;0;160;0;
11694;4597703;1028935680;25563136;1119899648;0;0;0;0;0;0;0;0;0;0;0;2905;0;0;89;0;160;0;
11695;5514061;1031032832;25563136;1119899648;0;0;0;0;0;0;0;0;0;0;0;2134;0;0;89;0;160;0;
11696;6730242;1031032832;25563136;1119899648;0;0;0;0;0;0;0;0;0;0;0;2975;0;0;89;0;160;0;
11697;5196135;1031032832;25563136;1119899648;0;0;0;0;0;0;0;0;0;0;0;1533;0;0;89;0;160;0;
11698;5881891;1031032832;25563136;1119899648;0;0;0;0;0;0;0;0;0;0;0;5530;0;0;89;0;160;0;
11699;8672925;1031032832;25563136;1119899648;0;0;0;0;0;0;0;0;0;0;0;1903;0;0;89;0;160;0;
11700;5401539;1025101824;18976768;1113313280;0;0;0;0;0;0;0;0;0;0;0;3186;0;0;89;0;160;0;
11701;7031246;1025101824;18976768;1113313280;0;0;0;0;0;0;0;0;0;0;0;2836;0;0;89;0;160;0;
11702;4825089;1025101824;18976768;1113313280;0;0;0;0;0;0;0;0;0;0;0;3486;0;0;89;0;160;0;
11703;9051085;1025101824;18976768;1113313280;0;0;0;0;0;0;0;0;0;0;0;2024;0;0;89;0;160;0;
11704;4756611;1025101824;18976768;1113313280;0;0;0;0;0;0;0;0;0;0;0;3076;0;0;89;0;160;0;
11705;6344699;1027198976;18976768;1113313280;0;0;0;0;0;0;0;0;0;0;0;2575;0;0;89;0;160;0;
11706;4672142;1027198976;18976768;1113313280;0;0;0;0;0;0;0;0;0;0;0;3417;0;0;89;0;160;0;
11707;6590360;1028812800;18976768;1113313280;0;0;0;0;0;0;0;0;0;0;0;2205;0;0;89;0;160;0;
11708;5266627;1028812800;18976768;1113313280;0;0;0;0;0;0;0;0;0;0;0;3857;0;0;89;0;160;0;
11709;6602001;1028812800;18976768;1113313280;0;0;0;0;0;0;0;0;0;0;0;2284;0;0;89;0;160;0;
11710;3640788;1028812800;18976768;1113313280;0;0;0;0;0;0;0;0;0;0;0;2424;0;0;89;0;160;0;
11711;5246579;1028812800;18976768;1113313280;0;0;0;0;0;0;0;0;0;0;0;1763;0;0;89;0;160;0;
11712;5612235;1028812800;18976768;1113313280;0;0;0;0;0;0;0;0;0;0;0;2975;0;0;89;0;160;0;
11713;7711472;1028812800;18976768;1113313280;0;0;0;0;0;0;0;0;0;0;0;2314;0;0;89;0;160;0;
11714;4923985;1028812800;18976768;1113313280;0;0;0;0;0;0;0;0;0;0;0;2755;0;0;89;0;160;0;
11715;7079607;1028812800;18976768;1113313280;0;0;0;0;0;0;0;0;0;0;0;2464;0;0;89;0;160;0;
11716;7972993;1028812800;18976768;1113313280;0;0;0;0;0;0;0;0;0;0;0;3005;0;0;89;0;160;0;
11717;6975372;1028812800;18976768;1113313280;0;0;0;0;0;0;0;0;0;0;0;2214;0;0;89;0;160;0;
11718;5453959;1028812800;18976768;1113313280;0;0;0;0;0;0;0;0;0;0;0;3025;0;0;89;0;160;0;
11719;5215201;1028812800;18976768;1113313280;0;0;0;0;0;0;0;0;0;0;0;1563;0;0;89;0;160;0;
11720;4204876;1028812800;18976768;1113313280;0;0;0;0;0;0;0;0;0;0;0;2645;0;0;89;0;160;0;
11721;5601926;1028812800;18976768;1113313280;0;0;0;0;0;0;0;0;0;0;0;2184;0;0;89;0;160;0;
11722;4512202;1028812800;18976768;1113313280;0;0;0;0;0;0;0;0;0;0;0;2916;0;0;89;0;160;0;
11723;5581207;1028812800;18976768;1113313280;0;0;0;0;0;0;0;0;0;0;0;2084;0;0;89;0;160;0;
11724;5550509;1028812800;18976768;1113313280;0;0;0;0;0;0;0;0;0;0;0;3276;0;0;89;0;160;0;
11725;7542304;1028812800;18976768;1113313280;0;0;0;0;0;0;0;0;0;0;0;2194;0;0;89;0;160;0;
11726;3773056;1028812800;18976768;1113313280;0;0;0;0;0;0;0;0;0;0;0;2615;0;0;89;0;160;0;
11727;5766264;1028812800;18976768;1113313280;0;0;0;0;0;0;0;0;0;0;0;1743;0;0;89;0;160;0;
11728;4166003;1028812800;18976768;1113313280;0;0;0;0;0;0;0;0;0;0;0;2525;0;0;89;0;160;0;
11729;5793335;1028812800;18976768;1113313280;0;0;0;0;0;0;0;0;0;0;0;2295;0;0;89;0;160;0;
11730;4137860;1028812800;18976768;1113313280;0;0;0;0;0;0;0;0;0;0;0;3256;0;0;89;0;160;0;
11731;5714798;1028812800;18976768;1113313280;0;0;0;0;0;0;0;0;0;0;0;37640;0;0;89;0;160;0;
11732;4516801;1028812800;18976768;1113313280;0;0;0;0;0;0;0;0;0;0;0;2805;0;0;89;0;160;0;
11733;6311687;1028812800;18976768;1113313280;0;0;0;0;0;0;0;0;0;0;0;1764;0;0;89;0;160;0;
11734;5439331;1028812800;18976768;1113313280;0;0;0;0;0;0;0;0;0;0;0;3656;0;0;89;0;160;0;
11735;9020997;1028812800;18976768;1113313280;0;0;0;0;0;0;0;0;0;0;0;2214;0;0;89;0;160;0;
11736;11874199;1028812800;18976768;1113313280;0;0;0;0;0;0;0;0;0;0;0;3376;0;0;89;0;160;0;
11737;6328999;1028812800;18976768;1113313280;0;0;0;0;0;0;0;0;0;0;0;2194;0;0;89;0;160;0;
11738;4326634;1028812800;18976768;1113313280;0;0;0;0;0;0;0;0;0;0;0;2735;0;0;89;0;160;0;
11739;7057165;1028812800;18976768;1113313280;0;0;0;0;0;0;0;0;0;0;0;2034;0;0;89;0;160;0;
11740;4271671;1028812800;18976768;1113313280;0;0;0;0;0;0;0;0;0;0;0;2565;0;0;89;0;160;0;
11741;6881505;1028812800;18976768;1113313280;0;0;0;0;0;0;0;0;0;0;0;2174;0;0;89;0;160;0;
11742;5194492;1028812800;18976768;1113313280;0;0;0;0;0;0;0;0;0;0;0;2845;0;0;89;0;160;0;
11743;8051850;1028812800;18976768;1113313280;0;0;0;0;0;0;0;0;0;0;0;2295;0;0;89;0;160;0;
11744;4444896;1028812800;18976768;1113313280;0;0;0;0;0;0;0;0;0;0;0;2995;0;0;89;0;160;0;
11745;7026598;1028812800;18976768;1113313280;0;0;0;0;0;0;0;0;0;0;0;3166;0;0;89;0;160;0;
11746;6876146;1028812800;18976768;1113313280;0;0;0;0;0;0;0;0;0;0;0;3867;0;0;89;0;160;0;
11747;7601316;1028812800;18976768;1113313280;0;0;0;0;0;0;0;0;0;0;0;3115;0;0;89;0;160;0;
11748;3987298;1028812800;18976768;1113313280;0;0;0;0;0;0;0;0;0;0;0;3256;0;0;89;0;160;0;
11749;7550771;1028812800;18976768;1113313280;0;0;0;0;0;0;0;0;0;0;0;2805;0;0;89;0;160;0;
11750;5116576;1028812800;18976768;1113313280;0;0;0;0;0;0;0;0;0;0;0;3867;0;0;89;0;160;0;
11751;5605603;1028812800;18976768;1113313280;0;0;0;0;0;0;0;0;0;0;0;1713;0;0;89;0;160;0;
11752;4567525;1028812800;18976768;1113313280;0;0;0;0;0;0;0;0;0;0;0;3266;0;0;89;0;160;0;
11753;5632734;1028812800;18976768;1113313280;0;0;0;0;0;0;0;0;0;0;0;1804;0;0;89;0;160;0;
11754;6559772;1028812800;18976768;1113313280;0;0;0;0;0;0;0;0;0;0;0;3256;0;0;89;0;160;0;
11755;5267137;1028812800;18976768;1113313280;0;0;0;0;0;0;0;0;0;0;0;2175;0;0;89;0;160;0;
11756;5103752;1028812800;18976768;1113313280;0;0;0;0;0;0;0;0;0;0;0;4779;0;0;89;0;160;0;
11757;6834247;1028812800;18976768;1113313280;0;0;0;0;0;0;0;0;0;0;0;1723;0;0;89;0;160;0;
11758;5099243;1028812800;18976768;1113313280;0;0;0;0;0;0;0;0;0;0;0;10359;0;0;89;0;160;0;
11759;7593611;1028812800;18976768;1113313280;0;0;0;0;0;0;0;0;0;0;0;3516;0;0;89;0;160;0;
11760;4406554;1028812800;18976768;1113313280;0;0;0;0;0;0;0;0;0;0;0;2835;0;0;89;0;160;0;
11761;5917117;1028812800;18976768;1113313280;0;0;0;0;0;0;0;0;0;0;0;2124;0;0;89;0;160;0;
11762;4312007;1028812800;18976768;1113313280;0;0;0;0;0;0;0;0;0;0;0;2976;0;0;89;0;160;0;
11763;5660967;1028812800;18976768;1113313280;0;0;0;0;0;0;0;0;0;0;0;2094;0;0;89;0;160;0;
11764;5791391;1028812800;18976768;1113313280;0;0;0;0;0;0;0;0;0;0;0;3246;0;0;89;0;160;0;
11765;5899293;1028812800;18976768;1113313280;0;0;0;0;0;0;0;0;0;0;0;1913;0;0;89;0;160;0;
11766;4120097;1028812800;18976768;1113313280;0;0;0;0;0;0;0;0;0;0;0;2955;0;0;89;0;160;0;
11767;6157938;1028812800;18976768;1113313280;0;0;0;0;0;0;0;0;0;0;0;2465;0;0;89;0;160;0;
11768;4080683;1028812800;18976768;1113313280;0;0;0;0;0;0;0;0;0;0;0;3527;0;0;89;0;160;0;
11769;5944208;1028812800;18976768;1113313280;0;0;0;0;0;0;0;0;0;0;0;2475;0;0;89;0;160;0;
11770;4860786;1028812800;18976768;1113313280;0;0;0;0;0;0;0;0;0;0;0;3096;0;0;89;0;160;0;
11771;5370943;1028812800;18976768;1113313280;0;0;0;0;0;0;0;0;0;0;0;1743;0;0;89;0;160;0;
11772;5804586;1028812800;18976768;1113313280;0;0;0;0;0;0;0;0;0;0;0;3346;0;0;89;0;160;0;
11773;7725659;1028812800;18976768;1113313280;0;0;0;0;0;0;0;0;0;0;0;1944;0;0;89;0;160;0;
11774;3742269;1028812800;18976768;1113313280;0;0;0;0;0;0;0;0;0;0;0;2685;0;0;89;0;160;0;
11775;7040965;1028812800;18976768;1113313280;0;0;0;0;0;0;0;0;0;0;0;2685;0;0;89;0;160;0;
11776;3774639;1028812800;18976768;1113313280;0;0;0;0;0;0;0;0;0;0;0;2715;0;0;89;0;160;0;
11777;6813789;1028812800;18976768;1113313280;0;0;0;0;0;0;0;0;0;0;0;2094;0;0;89;0;160;0;
11778;4920558;1028812800;18976768;1113313280;0;0;0;0;0;0;0;0;0;0;0;2325;0;0;89;0;160;0;
11779;6921881;1028812800;18976768;1113313280;0;0;0;0;0;0;0;0;0;0;0;2895;0;0;89;0;160;0;
11780;5358730;1028812800;18976768;1113313280;0;0;0;0;0;0;0;0;0;0;0;3427;0;0;89;0;160;0;
11781;7334635;1028812800;18976768;1113313280;0;0;0;0;0;0;0;0;0;0;0;2865;0;0;89;0;160;0;
11782;3835413;1028812800;18976768;1113313280;0;0;0;0;0;0;0;0;0;0;0;2876;0;0;89;0;160;0;
11783;6659660;1028812800;18976768;1113313280;0;0;0;0;0;0;0;0;0;0;0;2014;0;0;89;0;160;0;
11784;4617870;1028812800;18976768;1113313280;0;0;0;0;0;0;0;0;0;0;0;2685;0;0;89;0;160;0;
11785;6239181;1028812800;18976768;1113313280;0;0;0;0;0;0;0;0;0;0;0;1794;0;0;89;0;160;0;
11786;5130903;1028812800;18976768;1113313280;0;0;0;0;0;0;0;0;0;0;0;2965;0;0;89;0;160;0;
11787;6857441;1028812800;18976768;1113313280;0;0;0;0;0;0;0;0;0;0;0;1923;0;0;89;0;160;0;
11788;4429056;1028812800;18976768;1113313280;0;0;0;0;0;0;0;0;0;0;0;2725;0;0;89;0;160;0;
11789;7648945;1028812800;18976768;1113313280;0;0;0;0;0;0;0;0;0;0;0;1613;0;0;89;0;160;0;
11790;3237171;1028812800;18976768;1113313280;0;0;0;0;0;0;0;0;0;0;0;3296;0;0;89;0;160;0;
11791;6704754;1028812800;18976768;1113313280;0;0;0;0;0;0;0;0;0;0;0;1793;0;0;89;0;160;0;
11792;6033365;1028812800;18976768;1113313280;0;0;0;0;0;0;0;0;0;0;0;3647;0;0;89;0;160;0;
11793;7824374;1028812800;18976768;1113313280;0;0;0;0;0;0;0;0;0;0;0;2254;0;0;89;0;160;0;
11794;4408898;1028812800;18976768;1113313280;0;0;0;0;0;0;0;0;0;0;0;3046;0;0;89;0;160;0;
11795;10104099;1028812800;18976768;1113313280;0;0;0;0;0;0;0;0;0;0;0;1924;0;0;89;0;160;0;
11796;4694424;1028812800;18976768;1113313280;0;0;0;0;0;0;0;0;0;0;0;2916;0;0;89;0;160;0;
11797;10318271;1028812800;18976768;1113313280;0;0;0;0;0;0;0;0;0;0;0;132649;0;0;89;0;160;0;
11798;4913324;1028812800;18980864;1113317376;0;0;0;0;0;0;0;0;0;0;0;2655;0;0;89;0;160;0;
11799;7769801;1028812800;18980864;1113317376;0;0;0;0;0;0;0;0;0;0;0;1573;0;0;89;0;160;0;
11800;4960793;1028812800;18980864;1113317376;0;0;0;0;0;0;0;0;0;0;0;2845;0;0;89;0;160;0;
11801;9039543;1028812800;18980864;1113317376;0;0;0;0;0;0;0;0;0;0;0;3647;0;0;89;0;160;0;
11802;4865334;1028812800;18980864;1113317376;0;0;0;0;0;0;0;0;0;0;0;3126;0;0;89;0;160;0;
11803;8328429;1028812800;18980864;1113317376;0;0;0;0;0;0;0;0;0;0;0;1974;0;0;89;0;160;0;
11804;4918314;1028812800;18980864;1113317376;0;0;0;0;0;0;0;0;0;0;0;3336;0;0;89;0;160;0;
11805;7906447;1028812800;18980864;1113317376;0;0;0;0;0;0;0;0;0;0;0;2234;0;0;89;0;160;0;
11806;5469899;1028960256;18976768;1113313280;0;0;0;0;0;0;0;0;0;0;0;3347;0;0;89;0;160;0;
11807;7015747;1028960256;18976768;1113313280;0;0;0;0;0;0;0;0;0;0;0;2465;0;0;89;0;160;0;
11808;4526038;1028960256;18976768;1113313280;0;0;0;0;0;0;0;0;0;0;0;3506;0;0;89;0;160;0;
11809;7421989;1028960256;18976768;1113313280;0;0;0;0;0;0;0;0;0;0;0;2856;0;0;89;0;160;0;
11810;3344893;1028960256;18976768;1113313280;0;0;0;0;0;0;0;0;0;0;0;2935;0;0;89;0;160;0;
11811;6389583;1028960256;18976768;1113313280;0;0;0;0;0;0;0;0;0;0;0;2325;0;0;89;0;160;0;
11812;6436280;1028960256;18976768;1113313280;0;0;0;0;0;0;0;0;0;0;0;3347;0;0;89;0;160;0;
11813;5076811;1028960256;18976768;1113313280;0;0;0;0;0;0;0;0;0;0;0;2364;0;0;89;0;160;0;
11814;4616939;1028960256;18976768;1113313280;0;0;0;0;0;0;0;0;0;0;0;2835;0;0;89;0;160;0;
11815;8774877;1028960256;18976768;1113313280;0;0;0;0;0;0;0;0;0;0;0;2885;0;0;89;0;160;0;
11816;6393130;1028960256;18976768;1113313280;0;0;0;0;0;0;0;0;0;0;0;3547;0;0;89;0;160;0;
11817;6285318;1028960256;18976768;1113313280;0;0;0;0;0;0;0;0;0;0;0;2294;0;0;89;0;160;0;
11818;6840198;1028960256;18976768;1113313280;0;0;0;0;0;0;0;0;0;0;0;3637;0;0;89;0;160;0;
11819;7381914;1028960256;18976768;1113313280;0;0;0;0;0;0;0;0;0;0;0;2885;0;0;89;0;160;0;
11820;7231322;1028960256;18976768;1113313280;0;0;0;0;0;0;0;0;0;0;0;3176;0;0;89;0;160;0;
11821;8611309;1028960256;18976768;1113313280;0;0;0;0;0;0;0;0;0;0;0;3667;0;0;89;0;160;0;
11822;7046696;1028960256;18976768;1113313280;0;0;0;0;0;0;0;0;0;0;0;3276;0;0;89;0;160;0;
11823;8853023;1028960256;18976768;1113313280;0;0;0;0;0;0;0;0;0;0;0;3055;0;0;89;0;160;0;
11824;5803444;1028960256;18976768;1113313280;0;0;0;0;0;0;0;0;0;0;0;3165;0;0;89;0;160;0;
11825;8722578;1028960256;18976768;1113313280;0;0;0;0;0;0;0;0;0;0;0;2965;0;0;89;0;160;0;
11826;5208838;1028960256;18976768;1113313280;0;0;0;0;0;0;0;0;0;0;0;2696;0;0;89;0;160;0;
11827;7570968;1028960256;18976768;1113313280;0;0;0;0;0;0;0;0;0;0;0;2054;0;0;89;0;160;0;
11828;7800098;1028960256;18976768;1113313280;0;0;0;0;0;0;0;0;0;0;0;2996;0;0;89;0;160;0;
11829;10499240;1028960256;18976768;1113313280;0;0;0;0;0;0;0;0;0;0;0;2935;0;0;89;0;160;0;
11830;7647773;1028960256;18976768;1113313280;0;0;0;0;0;0;0;0;0;0;0;3126;0;0;89;0;160;0;
11831;8912073;1028960256;18976768;1113313280;0;0;0;0;0;0;0;0;0;0;0;3075;0;0;89;0;160;0;
11832;7553927;1028960256;18976768;1113313280;0;0;0;0;0;0;0;0;0;0;0;3336;0;0;89;0;160;0;
11833;10027175;1028960256;18976768;1113313280;0;0;0;0;0;0;0;0;0;0;0;3377;0;0;89;0;160;0;
11834;6859204;1028960256;18976768;1113313280;0;0;0;0;0;0;0;0;0;0;0;3356;0;0;89;0;160;0;
11835;10064064;1028960256;18980864;1113317376;0;0;0;0;0;0;0;0;0;0;0;3196;0;0;89;0;160;0;
11836;5017049;1028960256;18984960;1113321472;0;0;0;0;0;0;0;0;0;0;0;2755;0;0;89;0;160;0;
11837;7000919;1028960256;18984960;1113321472;0;0;0;0;0;0;0;0;0;0;0;2384;0;0;89;0;160;0;
11838;7390460;1028960256;18984960;1113321472;0;0;0;0;0;0;0;0;0;0;0;2986;0;0;89;0;160;0;
11839;7384890;1028960256;18984960;1113321472;0;0;0;0;0;0;0;0;0;0;0;3035;0;0;89;0;160;0;
11840;6657245;1028960256;18984960;1113321472;0;0;0;0;0;0;0;0;0;0;0;3026;0;0;89;0;160;0;
11841;6315184;1028960256;18984960;1113321472;0;0;0;0;0;0;0;0;0;0;0;2254;0;0;89;0;160;0;
11842;6456038;1028997120;18976768;1113313280;0;0;0;0;0;0;0;0;0;0;0;3387;0;0;89;0;160;0;
11843;8011264;1028997120;18976768;1113313280;0;0;0;0;0;0;0;0;0;0;0;2345;0;0;89;0;160;0;
11844;6702981;1028997120;18976768;1113313280;0;0;0;0;0;0;0;0;0;0;0;3015;0;0;89;0;160;0;
11845;8388371;1028997120;18976768;1113313280;0;0;0;0;0;0;0;0;0;0;0;2966;0;0;89;0;160;0;
11846;4814860;1028997120;18976768;1113313280;0;0;0;0;0;0;0;0;0;0;0;2826;0;0;89;0;160;0;
11847;9381113;1028997120;18976768;1113313280;0;0;0;0;0;0;0;0;0;0;0;3286;0;0;89;0;160;0;
11848;6304263;1028997120;18976768;1113313280;0;0;0;0;0;0;0;0;0;0;0;2946;0;0;89;0;160;0;
11849;10378684;1028997120;18976768;1113313280;0;0;0;0;0;0;0;0;0;0;0;3286;0;0;89;0;160;0;
11850;10475786;1028997120;18976768;1113313280;0;0;0;0;0;0;0;0;0;0;0;2976;0;0;89;0;160;0;
11851;7274883;1028997120;18976768;1113313280;0;0;0;0;0;0;0;0;0;0;0;2846;0;0;89;0;160;0;
11852;6406164;1028997120;18976768;1113313280;0;0;0;0;0;0;0;0;0;0;0;2945;0;0;89;0;160;0;
11853;8962679;1028997120;18976768;1113313280;0;0;0;0;0;0;0;0;0;0;0;3146;0;0;89;0;160;0;
11854;4887717;1028997120;18976768;1113313280;0;0;0;0;0;0;0;0;0;0;0;3096;0;0;89;0;160;0;
11855;8494881;1028997120;18976768;1113313280;0;0;0;0;0;0;0;0;0;0;0;2044;0;0;89;0;160;0;
11856;6171825;1028997120;18976768;1113313280;0;0;0;0;0;0;0;0;0;0;0;3747;0;0;89;0;160;0;
11857;7832468;1028997120;18976768;1113313280;0;0;0;0;0;0;0;0;0;0;0;2805;0;0;89;0;160;0;
11858;6579779;1028997120;18976768;1113313280;0;0;0;0;0;0;0;0;0;0;0;3517;0;0;89;0;160;0;
11859;9105306;1028997120;18976768;1113313280;0;0;0;0;0;0;0;0;0;0;0;2965;0;0;89;0;160;0;
11860;7900106;1028997120;18976768;1113313280;0;0;0;0;0;0;0;0;0;0;0;2735;0;0;89;0;160;0;
11861;7528468;1028997120;18976768;1113313280;0;0;0;0;0;0;0;0;0;0;0;3607;0;0;89;0;160;0;
11862;7428701;1028997120;18976768;1113313280;0;0;0;0;0;0;0;0;0;0;0;2775;0;0;89;0;160;0;
11863;8930659;1028997120;18976768;1113313280;0;0;0;0;0;0;0;0;0;0;0;2685;0;0;89;0;160;0;
11864;6638510;1028997120;18976768;1113313280;0;0;0;0;0;0;0;0;0;0;0;3437;0;0;89;0;160;0;
11865;8202463;1028997120;18976768;1113313280;0;0;0;0;0;0;0;0;0;0;0;2805;0;0;89;0;160;0;
11866;7059399;1028997120;18976768;1113313280;0;0;0;0;0;0;0;0;0;0;0;3065;0;0;89;0;160;0;
11867;9113161;1028997120;18976768;1113313280;0;0;0;0;0;0;0;0;0;0;0;2845;0;0;89;0;160;0;
11868;4734339;1028997120;18976768;1113313280;0;0;0;0;0;0;0;0;0;0;0;2685;0;0;89;0;160;0;
11869;13630312;1028997120;18976768;1113313280;0;0;0;0;0;0;0;0;0;0;0;2726;0;0;89;0;160;0;
11870;6723168;1028997120;18976768;1113313280;0;0;0;0;0;0;0;0;0;0;0;2956;0;0;89;0;160;0;
11871;7858197;1028997120;18976768;1113313280;0;0;0;0;0;0;0;0;0;0;0;2925;0;0;89;0;160;0;
11872;4905340;1028997120;18976768;1113313280;0;0;0;0;0;0;0;0;0;0;0;3116;0;0;89;0;160;0;
11873;6427394;1028997120;18976768;1113313280;0;0;0;0;0;0;0;0;0;0;0;1853;0;0;89;0;160;0;
11874;7382986;1028997120;18976768;1113313280;0;0;0;0;0;0;0;0;0;0;0;2955;0;0;89;0;160;0;
11875;6949934;1028997120;18976768;1113313280;0;0;0;0;0;0;0;0;0;0;0;2455;0;0;89;0;160;0;
11876;7774140;1028997120;18976768;1113313280;0;0;0;0;0;0;0;0;0;0;0;3256;0;0;89;0;160;0;
11877;9059430;1028997120;18976768;1113313280;0;0;0;0;0;0;0;0;0;0;0;2935;0;0;89;0;160;0;
11878;7277408;1028997120;18976768;1113313280;0;0;0;0;0;0;0;0;0;0;0;2785;0;0;89;0;160;0;
11879;5944208;1028997120;18976768;1113313280;0;0;0;0;0;0;0;0;0;0;0;2574;0;0;89;0;160;0;
11880;8450248;1028997120;18976768;1113313280;0;0;0;0;0;0;0;0;0;0;0;2665;0;0;89;0;160;0;
11881;10777161;1028997120;18976768;1113313280;0;0;0;0;0;0;0;0;0;0;0;2886;0;0;89;0;160;0;
11882;6296739;1028997120;18976768;1113313280;0;0;0;0;0;0;0;0;0;0;0;3006;0;0;89;0;160;0;
11883;14565907;1028997120;18976768;1113313280;0;0;0;0;0;0;0;0;0;0;0;3026;0;0;89;0;160;0;
11884;7257901;1028997120;18976768;1113313280;0;0;0;0;0;0;0;0;0;0;0;2585;0;0;89;0;160;0;
11885;9084938;1028997120;18976768;1113313280;0;0;0;0;0;0;0;0;0;0;0;2685;0;0;89;0;160;0;
11886;7158595;1028997120;18976768;1113313280;0;0;0;0;0;0;0;0;0;0;0;3236;0;0;89;0;160;0;
11887;8527472;1028997120;18976768;1113313280;0;0;0;0;0;0;0;0;0;0;0;3276;0;0;89;0;160;0;
11888;8823557;1028997120;18976768;1113313280;0;0;0;0;0;0;0;0;0;0;0;3466;0;0;89;0;160;0;
11889;6386998;1028997120;18976768;1113313280;0;0;0;0;0;0;0;0;0;0;0;2385;0;0;89;0;160;0;
11890;6858993;1028997120;18976768;1113313280;0;0;0;0;0;0;0;0;0;0;0;3085;0;0;89;0;160;0;
11891;9935563;1028997120;18976768;1113313280;0;0;0;0;0;0;0;0;0;0;0;2855;0;0;89;0;160;0;
11892;5376393;1028997120;18976768;1113313280;0;0;0;0;0;0;0;0;0;0;0;3126;0;0;89;0;160;0;
11893;8013689;1028997120;18976768;1113313280;0;0;0;0;0;0;0;0;0;0;0;2414;0;0;89;0;160;0;
11894;6821533;1028997120;18976768;1113313280;0;0;0;0;0;0;0;0;0;0;0;2815;0;0;89;0;160;0;
11895;7882743;1028997120;18976768;1113313280;0;0;0;0;0;0;0;0;0;0;0;2675;0;0;89;0;160;0;
11896;4639561;1028997120;18976768;1113313280;0;0;0;0;0;0;0;0;0;0;0;2515;0;0;89;0;160;0;
11897;6460606;1028997120;18976768;1113313280;0;0;0;0;0;0;0;0;0;0;0;2234;0;0;89;0;160;0;
11898;9324667;1028997120;18976768;1113313280;0;0;0;0;0;0;0;0;0;0;0;2845;0;0;89;0;160;0;
11899;7347529;1028997120;18976768;1113313280;0;0;0;0;0;0;0;0;0;0;0;2455;0;0;89;0;160;0;
11900;7384990;1028997120;18976768;1113313280;0;0;0;0;0;0;0;0;0;0;0;3647;0;0;89;0;160;0;
11901;10776620;1028997120;18976768;1113313280;0;0;0;0;0;0;0;0;0;0;0;3356;0;0;89;0;160;0;
11902;6725793;1028997120;18976768;1113313280;0;0;0;0;0;0;0;0;0;0;0;2594;0;0;89;0;160;0;
11903;7186398;1028997120;18976768;1113313280;0;0;0;0;0;0;0;0;0;0;0;2365;0;0;89;0;160;0;
11904;7455211;1028997120;18976768;1113313280;0;0;0;0;0;0;0;0;0;0;0;2715;0;0;89;0;160;0;
11905;10575423;1028997120;18976768;1113313280;0;0;0;0;0;0;0;0;0;0;0;2795;0;0;89;0;160;0;
11906;6561735;1028997120;18976768;1113313280;0;0;0;0;0;0;0;0;0;0;0;3056;0;0;89;0;160;0;
11907;8493228;1028997120;18976768;1113313280;0;0;0;0;0;0;0;0;0;0;0;2235;0;0;89;0;160;0;
11908;6096573;1028997120;18976768;1113313280;0;0;0;0;0;0;0;0;0;0;0;3186;0;0;89;0;160;0;
11909;8866789;1028997120;18976768;1113313280;0;0;0;0;0;0;0;0;0;0;0;2856;0;0;89;0;160;0;
11910;9608259;1028997120;18976768;1113313280;0;0;0;0;0;0;0;0;0;0;0;3226;0;0;89;0;160;0;
11911;11269405;1028997120;18976768;1113313280;0;0;0;0;0;0;0;0;0;0;0;3547;0;0;89;0;160;0;
11912;5555769;1028997120;18976768;1113313280;0;0;0;0;0;0;0;0;0;0;0;3005;0;0;89;0;160;0;
11913;6302169;1028997120;18976768;1113313280;0;0;0;0;0;0;0;0;0;0;0;1633;0;0;89;0;160;0;
11914;7359051;1028997120;18976768;1113313280;0;0;0;0;0;0;0;0;0;0;0;3026;0;0;89;0;160;0;
11915;7976208;1028997120;18976768;1113313280;0;0;0;0;0;0;0;0;0;0;0;2524;0;0;89;0;160;0;
11916;6329239;1028997120;18976768;1113313280;0;0;0;0;0;0;0;0;0;0;0;2916;0;0;89;0;160;0;
11917;8964142;1028997120;18976768;1113313280;0;0;0;0;0;0;0;0;0;0;0;3056;0;0;89;0;160;0;
11918;7012972;1028997120;18976768;1113313280;0;0;0;0;0;0;0;0;0;0;0;3406;0;0;89;0;160;0;
11919;7070670;1028997120;18976768;1113313280;0;0;0;0;0;0;0;0;0;0;0;2996;0;0;89;0;160;0;
11920;4227929;1028997120;18976768;1113313280;0;0;0;0;0;0;0;0;0;0;0;2705;0;0;89;0;160;0;
11921;7583662;1028997120;18976768;1113313280;0;0;0;0;0;0;0;0;0;0;0;2685;0;0;89;0;160;0;
11922;7548466;1028997120;18976768;1113313280;0;0;0;0;0;0;0;0;0;0;0;3015;0;0;89;0;160;0;
11923;8280188;1028997120;18976768;1113313280;0;0;0;0;0;0;0;0;0;0;0;2475;0;0;89;0;160;0;
11924;3589972;1028997120;18976768;1113313280;0;0;0;0;0;0;0;0;0;0;0;2505;0;0;89;0;160;0;
11925;8741444;1028997120;18976768;1113313280;0;0;0;0;0;0;0;0;0;0;0;3036;0;0;89;0;160;0;
11926;5602868;1028997120;18976768;1113313280;0;0;0;0;0;0;0;0;0;0;0;2805;0;0;89;0;160;0;
11927;8099721;1028997120;18976768;1113313280;0;0;0;0;0;0;0;0;0;0;0;2294;0;0;89;0;160;0;
11928;7376775;1028997120;18976768;1113313280;0;0;0;0;0;0;0;0;0;0;0;2635;0;0;89;0;160;0;
11929;8568659;1028997120;18976768;1113313280;0;0;0;0;0;0;0;0;0;0;0;2795;0;0;89;0;160;0;
11930;7464398;1028997120;18976768;1113313280;0;0;0;0;0;0;0;0;0;0;0;2736;0;0;89;0;160;0;
11931;9257662;1028997120;18976768;1113313280;0;0;0;0;0;0;0;0;0;0;0;2645;0;0;89;0;160;0;
11932;7030154;1028997120;18976768;1113313280;0;0;0;0;0;0;0;0;0;0;0;3797;0;0;89;0;160;0;
11933;8490563;1028997120;18976768;1113313280;0;0;0;0;0;0;0;0;0;0;0;2976;0;0;89;0;160;0;
11934;4344247;1028997120;18976768;1113313280;0;0;0;0;0;0;0;0;0;0;0;2465;0;0;89;0;160;0;
11935;6916802;1028997120;18976768;1113313280;0;0;0;0;0;0;0;0;0;0;0;2224;0;0;89;0;160;0;
11936;7352920;1028997120;18976768;1113313280;0;0;0;0;0;0;0;0;0;0;0;3346;0;0;89;0;160;0;
11937;7549689;1028997120;18976768;1113313280;0;0;0;0;0;0;0;0;0;0;0;2395;0;0;89;0;160;0;
11938;4094889;1028997120;18976768;1113313280;0;0;0;0;0;0;0;0;0;0;0;2886;0;0;89;0;160;0;
11939;6918685;1028997120;18976768;1113313280;0;0;0;0;0;0;0;0;0;0;0;1603;0;0;89;0;160;0;
11940;6696218;1028997120;18976768;1113313280;0;0;0;0;0;0;0;0;0;0;0;2996;0;0;89;0;160;0;
11941;10840089;1028997120;18976768;1113313280;0;0;0;0;0;0;0;0;0;0;0;2524;0;0;89;0;160;0;
11942;4917613;1028997120;18976768;1113313280;0;0;0;0;0;0;0;0;0;0;0;2775;0;0;89;0;160;0;
11943;8241947;1028997120;18976768;1113313280;0;0;0;0;0;0;0;0;0;0;0;2415;0;0;89;0;160;0;
11944;6453814;1028997120;18976768;1113313280;0;0;0;0;0;0;0;0;0;0;0;2765;0;0;89;0;160;0;
11945;8748156;1028997120;18976768;1113313280;0;0;0;0;0;0;0;0;0;0;0;2755;0;0;89;0;160;0;
11946;6214154;1028997120;18976768;1113313280;0;0;0;0;0;0;0;0;0;0;0;2665;0;0;89;0;160;0;
11947;9499775;1028997120;18976768;1113313280;0;0;0;0;0;0;0;0;0;0;0;2414;0;0;89;0;160;0;
11948;5508952;1028997120;18976768;1113313280;0;0;0;0;0;0;0;0;0;0;0;3307;0;0;89;0;160;0;
11949;6980561;1028997120;18976768;1113313280;0;0;0;0;0;0;0;0;0;0;0;2645;0;0;89;0;160;0;
11950;7647111;1028997120;18976768;1113313280;0;0;0;0;0;0;0;0;0;0;0;2315;0;0;89;0;160;0;
11951;8268957;1028997120;18976768;1113313280;0;0;0;0;0;0;0;0;0;0;0;2855;0;0;89;0;160;0;
11952;6281010;1028997120;18976768;1113313280;0;0;0;0;0;0;0;0;0;0;0;3697;0;0;89;0;160;0;
11953;8603165;1028997120;18976768;1113313280;0;0;0;0;0;0;0;0;0;0;0;2796;0;0;89;0;160;0;
11954;5659945;1028997120;18976768;1113313280;0;0;0;0;0;0;0;0;0;0;0;3627;0;0;89;0;160;0;
11955;6881796;1028997120;18976768;1113313280;0;0;0;0;0;0;0;0;0;0;0;1823;0;0;89;0;160;0;
11956;6470104;1028997120;18976768;1113313280;0;0;0;0;0;0;0;0;0;0;0;3216;0;0;89;0;160;0;
11957;9225221;1028997120;18976768;1113313280;0;0;0;0;0;0;0;0;0;0;0;2585;0;0;89;0;160;0;
11958;6469983;1028997120;18976768;1113313280;0;0;0;0;0;0;0;0;0;0;0;2825;0;0;89;0;160;0;
11959;6645202;1028997120;18976768;1113313280;0;0;0;0;0;0;0;0;0;0;0;2936;0;0;89;0;160;0;
11960;6292530;1028997120;18976768;1113313280;0;0;0;0;0;0;0;0;0;0;0;2906;0;0;89;0;160;0;
11961;8973138;1028997120;18976768;1113313280;0;0;0;0;0;0;0;0;0;0;0;2675;0;0;89;0;160;0;
11962;5429642;1028997120;18976768;1113313280;0;0;0;0;0;0;0;0;0;0;0;2726;0;0;89;0;160;0;
11963;7495257;1028997120;18976768;1113313280;0;0;0;0;0;0;0;0;0;0;0;2334;0;0;89;0;160;0;
11964;7805989;1028997120;18976768;1113313280;0;0;0;0;0;0;0;0;0;0;0;2534;0;0;89;0;160;0;
11965;8212762;1028997120;18976768;1113313280;0;0;0;0;0;0;0;0;0;0;0;2846;0;0;89;0;160;0;
11966;5584543;1028997120;18976768;1113313280;0;0;0;0;0;0;0;0;0;0;0;2846;0;0;89;0;160;0;
11967;9215994;1028997120;18976768;1113313280;0;0;0;0;0;0;0;0;0;0;0;2505;0;0;89;0;160;0;
11968;5999892;1028997120;18976768;1113313280;0;0;0;0;0;0;0;0;0;0;0;3517;0;0;89;0;160;0;
11969;9737562;1028997120;18976768;1113313280;0;0;0;0;0;0;0;0;0;0;0;3507;0;0;89;0;160;0;
11970;5440283;1028997120;18976768;1113313280;0;0;0;0;0;0;0;0;0;0;0;3346;0;0;89;0;160;0;
11971;8003289;1028997120;18976768;1113313280;0;0;0;0;0;0;0;0;0;0;0;2886;0;0;89;0;160;0;
11972;7696012;1028997120;18976768;1113313280;0;0;0;0;0;0;0;0;0;0;0;3617;0;0;89;0;160;0;
11973;8270560;1028997120;18976768;1113313280;0;0;0;0;0;0;0;0;0;0;0;2685;0;0;89;0;160;0;
11974;6851018;1028997120;18976768;1113313280;0;0;0;0;0;0;0;0;0;0;0;2956;0;0;89;0;160;0;
11975;7875650;1028997120;18976768;1113313280;0;0;0;0;0;0;0;0;0;0;0;2235;0;0;89;0;160;0;
11976;5828060;1028997120;18976768;1113313280;0;0;0;0;0;0;0;0;0;0;0;2364;0;0;89;0;160;0;
11977;10588428;1028997120;18976768;1113313280;0;0;0;0;0;0;0;0;0;0;0;2885;0;0;89;0;160;0;
11978;4826772;1028997120;18976768;1113313280;0;0;0;0;0;0;0;0;0;0;0;3416;0;0;89;0;160;0;
11979;9873276;1028997120;18976768;1113313280;0;0;0;0;0;0;0;0;0;0;0;2936;0;0;89;0;160;0;
11980;5500175;1028997120;18976768;1113313280;0;0;0;0;0;0;0;0;0;0;0;3267;0;0;89;0;160;0;
11981;7823772;1028997120;18976768;1113313280;0;0;0;0;0;0;0;0;0;0;0;2334;0;0;89;0;160;0;
11982;6850127;1028997120;18976768;1113313280;0;0;0;0;0;0;0;0;0;0;0;3287;0;0;89;0;160;0;
11983;7199712;1028997120;18976768;1113313280;0;0;0;0;0;0;0;0;0;0;0;3357;0;0;89;0;160;0;
11984;6418077;1028997120;18976768;1113313280;0;0;0;0;0;0;0;0;0;0;0;2906;0;0;89;0;160;0;
11985;6826242;1028997120;18976768;1113313280;0;0;0;0;0;0;0;0;0;0;0;2956;0;0;89;0;160;0;
11986;5730467;1028997120;18976768;1113313280;0;0;0;0;0;0;0;0;0;0;0;3015;0;0;89;0;160;0;
11987;8855197;1028997120;18976768;1113313280;0;0;0;0;0;0;0;0;0;0;0;2926;0;0;89;0;160;0;
11988;7310069;1028997120;18976768;1113313280;0;0;0;0;0;0;0;0;0;0;0;2695;0;0;89;0;160;0;
11989;8018638;1028997120;18976768;1113313280;0;0;0;0;0;0;0;0;0;0;0;3536;0;0;89;0;160;0;
11990;6330973;1028997120;18976768;1113313280;0;0;0;0;0;0;0;0;0;0;0;3226;0;0;89;0;160;0;
11991;7704529;1028997120;18976768;1113313280;0;0;0;0;0;0;0;0;0;0;0;2675;0;0;89;0;160;0;
11992;4854855;1028997120;18976768;1113313280;0;0;0;0;0;0;0;0;0;0;0;3026;0;0;89;0;160;0;
11993;7134991;1028997120;18976768;1113313280;0;0;0;0;0;0;0;0;0;0;0;3427;0;0;89;0;160;0;
11994;8610749;1028997120;18976768;1113313280;0;0;0;0;0;0;0;0;0;0;0;2866;0;0;89;0;160;0;
11995;8088028;1028997120;18976768;1113313280;0;0;0;0;0;0;0;0;0;0;0;2285;0;0;89;0;160;0;
11996;5462875;1028997120;18976768;1113313280;0;0;0;0;0;0;0;0;0;0;0;2444;0;0;89;0;160;0;
11997;9470480;1028997120;18976768;1113313280;0;0;0;0;0;0;0;0;0;0;0;2845;0;0;89;0;160;0;
11998;4355879;1028997120;18976768;1113313280;0;0;0;0;0;0;0;0;0;0;0;2725;0;0;89;0;160;0;
11999;8867370;1028997120;18976768;1113313280;0;0;0;0;0;0;0;0;0;0;0;3677;0;0;89;0;160;0;
12000;6871086;1028997120;18976768;1113313280;0;0;0;0;0;0;0;0;0;0;0;2335;0;0;89;0;160;0;
12001;10228793;1028997120;18976768;1113313280;0;0;0;0;0;0;0;0;0;0;0;2255;0;0;89;0;160;0;
12002;8622821;1028997120;18976768;1113313280;0;0;0;0;0;0;0;0;0;0;0;3216;0;0;89;0;160;0;
12003;9089216;1028997120;18976768;1113313280;0;0;0;0;0;0;0;0;0;0;0;3046;0;0;89;0;160;0;
12004;7521385;1028997120;18976768;1113313280;0;0;0;0;0;0;0;0;0;0;0;3055;0;0;89;0;160;0;
12005;7549809;1028997120;18976768;1113313280;0;0;0;0;0;0;0;0;0;0;0;2254;0;0;89;0;160;0;
12006;6991231;1028997120;18976768;1113313280;0;0;0;0;0;0;0;0;0;0;0;3236;0;0;89;0;160;0;
12007;8028496;1028997120;18976768;1113313280;0;0;0;0;0;0;0;0;0;0;0;3036;0;0;89;0;160;0;
12008;5829633;1028997120;18976768;1113313280;0;0;0;0;0;0;0;0;0;0;0;3827;0;0;89;0;160;0;
12009;7555800;1028997120;18976768;1113313280;0;0;0;0;0;0;0;0;0;0;0;2705;0;0;89;0;160;0;
12010;5162652;1028997120;18976768;1113313280;0;0;0;0;0;0;0;0;0;0;0;2695;0;0;89;0;160;0;
12011;8997213;1028997120;18976768;1113313280;0;0;0;0;0;0;0;0;0;0;0;2856;0;0;89;0;160;0;
12012;7374810;1028997120;18976768;1113313280;0;0;0;0;0;0;0;0;0;0;0;3507;0;0;89;0;160;0;
12013;11509504;1028997120;18976768;1113313280;0;0;0;0;0;0;0;0;0;0;0;3166;0;0;89;0;160;0;
12014;7190074;1028997120;18976768;1113313280;0;0;0;0;0;0;0;0;0;0;0;3897;0;0;89;0;160;0;
12015;7115324;1028997120;18976768;1113313280;0;0;0;0;0;0;0;0;0;0;0;2916;0;0;89;0;160;0;
12016;7315650;1028997120;18976768;1113313280;0;0;0;0;0;0;0;0;0;0;0;3296;0;0;89;0;160;0;
12017;9521977;1028997120;18976768;1113313280;0;0;0;0;0;0;0;0;0;0;0;2494;0;0;89;0;160;0;
12018;6651834;1028997120;18976768;1113313280;0;0;0;0;0;0;0;0;0;0;0;2675;0;0;89;0;160;0;
12019;12241237;1028997120;18976768;1113313280;0;0;0;0;0;0;0;0;0;0;0;2635;0;0;89;0;160;0;
12020;10379726;1028997120;18976768;1113313280;0;0;0;0;0;0;0;0;0;0;0;2805;0;0;89;0;160;0;
12021;8123896;1028997120;18976768;1113313280;0;0;0;0;0;0;0;0;0;0;0;2454;0;0;89;0;160;0;
12022;6750049;1028997120;18976768;1113313280;0;0;0;0;0;0;0;0;0;0;0;3768;0;0;89;0;160;0;
12023;9285474;1028997120;18976768;1113313280;0;0;0;0;0;0;0;0;0;0;0;3076;0;0;89;0;160;0;
12024;4546216;1028997120;18976768;1113313280;0;0;0;0;0;0;0;0;0;0;0;2665;0;0;89;0;160;0;
12025;5843208;1028997120;18976768;1113313280;0;0;0;0;0;0;0;0;0;0;0;1684;0;0;89;0;160;0;
12026;6056237;1028997120;18976768;1113313280;0;0;0;0;0;0;0;0;0;0;0;2655;0;0;89;0;160;0;
12027;7877654;1028997120;18976768;1113313280;0;0;0;0;0;0;0;0;0;0;0;2896;0;0;89;0;160;0;
12028;3789557;1028997120;18976768;1113313280;0;0;0;0;0;0;0;0;0;0;0;2895;0;0;89;0;160;0;
12029;6723088;1028997120;18976768;1113313280;0;0;0;0;0;0;0;0;0;0;0;1603;0;0;89;0;160;0;
12030;7913911;1028997120;18976768;1113313280;0;0;0;0;0;0;0;0;0;0;0;2665;0;0;89;0;160;0;
12031;6236536;1028997120;18976768;1113313280;0;0;0;0;0;0;0;0;0;0;0;2365;0;0;89;0;160;0;
12032;3512517;1028997120;18976768;1113313280;0;0;0;0;0;0;0;0;0;0;0;3196;0;0;89;0;160;0;
12033;6891865;1028997120;18976768;1113313280;0;0;0;0;0;0;0;0;0;0;0;2595;0;0;89;0;160;0;
12034;6815221;1028997120;18976768;1113313280;0;0;0;0;0;0;0;0;0;0;0;5931;0;0;89;0;160;0;
12035;6278464;1028997120;18976768;1113313280;0;0;0;0;0;0;0;0;0;0;0;2795;0;0;89;0;160;0;
12036;4699153;1028997120;18976768;1113313280;0;0;0;0;0;0;0;0;0;0;0;3857;0;0;89;0;160;0;
12037;7044662;1028997120;18976768;1113313280;0;0;0;0;0;0;0;0;0;0;0;2265;0;0;89;0;160;0;
12038;5861593;1028997120;18976768;1113313280;0;0;0;0;0;0;0;0;0;0;0;2935;0;0;89;0;160;0;
12039;8457942;1028997120;18976768;1113313280;0;0;0;0;0;0;0;0;0;0;0;2715;0;0;89;0;160;0;
12040;5393194;1028997120;18976768;1113313280;0;0;0;0;0;0;0;0;0;0;0;3276;0;0;89;0;160;0;
12041;9582210;1028997120;18976768;1113313280;0;0;0;0;0;0;0;0;0;0;0;2685;0;0;89;0;160;0;
12042;4497364;1028997120;18976768;1113313280;0;0;0;0;0;0;0;0;0;0;0;3086;0;0;89;0;160;0;
12043;9510486;1028997120;18976768;1113313280;0;0;0;0;0;0;0;0;0;0;0;2966;0;0;89;0;160;0;
12044;5204751;1028997120;18976768;1113313280;0;0;0;0;0;0;0;0;0;0;0;3236;0;0;89;0;160;0;
12045;7713105;1028997120;18976768;1113313280;0;0;0;0;0;0;0;0;0;0;0;2735;0;0;89;0;160;0;
12046;5312954;1028997120;18976768;1113313280;0;0;0;0;0;0;0;0;0;0;0;3106;0;0;89;0;160;0;
12047;7876010;1028997120;18976768;1113313280;0;0;0;0;0;0;0;0;0;0;0;2755;0;0;89;0;160;0;
12048;4879852;1028997120;18976768;1113313280;0;0;0;0;0;0;0;0;0;0;0;4138;0;0;89;0;160;0;
12049;6947159;1028997120;18976768;1113313280;0;0;0;0;0;0;0;0;0;0;0;2124;0;0;89;0;160;0;
12050;6107384;1028997120;18976768;1113313280;0;0;0;0;0;0;0;0;0;0;0;3487;0;0;89;0;160;0;
12051;8042412;1028997120;18976768;1113313280;0;0;0;0;0;0;0;0;0;0;0;2244;0;0;89;0;160;0;
12052;4548601;1028997120;18976768;1113313280;0;0;0;0;0;0;0;0;0;0;0;3106;0;0;89;0;160;0;
12053;6379384;1028997120;18976768;1113313280;0;0;0;0;0;0;0;0;0;0;0;1583;0;0;89;0;160;0;
12054;5800949;1028997120;18976768;1113313280;0;0;0;0;0;0;0;0;0;0;0;3075;0;0;89;0;160;0;
12055;5670524;1028997120;18976768;1113313280;0;0;0;0;0;0;0;0;0;0;0;1653;0;0;89;0;160;0;
12056;6584518;1028997120;18976768;1113313280;0;0;0;0;0;0;0;0;0;0;0;2525;0;0;89;0;160;0;
12057;7353541;1028997120;18976768;1113313280;0;0;0;0;0;0;0;0;0;0;0;2165;0;0;89;0;160;0;
12058;4435438;1028997120;18976768;1113313280;0;0;0;0;0;0;0;0;0;0;0;3036;0;0;89;0;160;0;
12059;7362758;1028997120;18976768;1113313280;0;0;0;0;0;0;0;0;0;0;0;2405;0;0;89;0;160;0;
12060;4156546;1028997120;18976768;1113313280;0;0;0;0;0;0;0;0;0;0;0;3778;0;0;89;0;160;0;
12061;7297455;1028997120;18976768;1113313280;0;0;0;0;0;0;0;0;0;0;0;2244;0;0;89;0;160;0;
12062;4301537;1028997120;18976768;1113313280;0;0;0;0;0;0;0;0;0;0;0;3226;0;0;89;0;160;0;
12063;6384323;1028997120;18976768;1113313280;0;0;0;0;0;0;0;0;0;0;0;2004;0;0;89;0;160;0;
12064;5294839;1028997120;18976768;1113313280;0;0;0;0;0;0;0;0;0;0;0;3296;0;0;89;0;160;0;
12065;7253333;1028997120;18976768;1113313280;0;0;0;0;0;0;0;0;0;0;0;2174;0;0;89;0;160;0;
12066;5274461;1028997120;18976768;1113313280;0;0;0;0;0;0;0;0;0;0;0;3537;0;0;89;0;160;0;
12067;6038444;1028997120;18976768;1113313280;0;0;0;0;0;0;0;0;0;0;0;2264;0;0;89;0;160;0;
12068;7030184;1028997120;18976768;1113313280;0;0;0;0;0;0;0;0;0;0;0;2955;0;0;89;0;160;0;
12069;8544234;1028997120;18976768;1113313280;0;0;0;0;0;0;0;0;0;0;0;2004;0;0;89;0;160;0;
12070;5193179;1028997120;18976768;1113313280;0;0;0;0;0;0;0;0;0;0;0;2434;0;0;89;0;160;0;
12071;8362303;1028997120;18976768;1113313280;0;0;0;0;0;0;0;0;0;0;0;3176;0;0;89;0;160;0;
12072;4778452;1028997120;18976768;1113313280;0;0;0;0;0;0;0;0;0;0;0;3045;0;0;89;0;160;0;
12073;6927462;1028997120;18976768;1113313280;0;0;0;0;0;0;0;0;0;0;0;2735;0;0;89;0;160;0;
12074;4721465;1028997120;18976768;1113313280;0;0;0;0;0;0;0;0;0;0;0;3406;0;0;89;0;160;0;
12075;8071307;1028997120;18976768;1113313280;0;0;0;0;0;0;0;0;0;0;0;3016;0;0;89;0;160;0;
12076;4049364;1028997120;18976768;1113313280;0;0;0;0;0;0;0;0;0;0;0;3126;0;0;89;0;160;0;
12077;8498698;1028997120;18976768;1113313280;0;0;0;0;0;0;0;0;0;0;0;2545;0;0;89;0;160;0;
12078;3983230;1028997120;18976768;1113313280;0;0;0;0;0;0;0;0;0;0;0;3005;0;0;89;0;160;0;
12079;8147961;1028997120;18976768;1113313280;0;0;0;0;0;0;0;0;0;0;0;2244;0;0;89;0;160;0;
12080;6092986;1028997120;18976768;1113313280;0;0;0;0;0;0;0;0;0;0;0;3687;0;0;89;0;160;0;
12081;7703497;1028997120;18976768;1113313280;0;0;0;0;0;0;0;0;0;0;0;2805;0;0;89;0;160;0;
12082;7459850;1028997120;18976768;1113313280;0;0;0;0;0;0;0;0;0;0;0;3637;0;0;89;0;160;0;
12083;5603378;1028997120;18976768;1113313280;0;0;0;0;0;0;0;0;0;0;0;1974;0;0;89;0;160;0;
12084;6193685;1028997120;18976768;1113313280;0;0;0;0;0;0;0;0;0;0;0;2545;0;0;89;0;160;0;
12085;6518885;1028997120;18976768;1113313280;0;0;0;0;0;0;0;0;0;0;0;1944;0;0;89;0;160;0;
12086;5737330;1028997120;18976768;1113313280;0;0;0;0;0;0;0;0;0;0;0;3216;0;0;89;0;160;0;
12087;6447863;1028997120;18976768;1113313280;0;0;0;0;0;0;0;0;0;0;0;2124;0;0;89;0;160;0;
12088;5496358;1028997120;18976768;1113313280;0;0;0;0;0;0;0;0;0;0;0;2935;0;0;89;0;160;0;
12089;7278019;1028997120;18976768;1113313280;0;0;0;0;0;0;0;0;0;0;0;1814;0;0;89;0;160;0;
12090;4589968;1028997120;18976768;1113313280;0;0;0;0;0;0;0;0;0;0;0;2485;0;0;89;0;160;0;
12091;7923109;1028997120;18976768;1113313280;0;0;0;0;0;0;0;0;0;0;0;2294;0;0;89;0;160;0;
12092;5337449;1028997120;18976768;1113313280;0;0;0;0;0;0;0;0;0;0;0;3737;0;0;89;0;160;0;
12093;7282338;1028997120;18976768;1113313280;0;0;0;0;0;0;0;0;0;0;0;2475;0;0;89;0;160;0;
12094;4750439;1028997120;18976768;1113313280;0;0;0;0;0;0;0;0;0;0;0;3767;0;0;89;0;160;0;
12095;7578773;1028997120;18976768;1113313280;0;0;0;0;0;0;0;0;0;0;0;2475;0;0;89;0;160;0;
12096;6457871;1028997120;18976768;1113313280;0;0;0;0;0;0;0;0;0;0;0;2805;0;0;89;0;160;0;
12097;7101548;1028997120;18976768;1113313280;0;0;0;0;0;0;0;0;0;0;0;3035;0;0;89;0;160;0;
12098;5941753;1028997120;18976768;1113313280;0;0;0;0;0;0;0;0;0;0;0;3517;0;0;89;0;160;0;
12099;5874407;1028997120;18976768;1113313280;0;0;0;0;0;0;0;0;0;0;0;1914;0;0;89;0;160;0;
12100;5543015;1028997120;18976768;1113313280;0;0;0;0;0;0;0;0;0;0;0;3186;0;0;89;0;160;0;
12101;7412021;1028997120;18976768;1113313280;0;0;0;0;0;0;0;0;0;0;0;2194;0;0;89;0;160;0;
12102;5168072;1028997120;18976768;1113313280;0;0;0;0;0;0;0;0;0;0;0;3637;0;0;89;0;160;0;
12103;7397083;1028997120;18976768;1113313280;0;0;0;0;0;0;0;0;0;0;0;1934;0;0;89;0;160;0;
12104;3956360;1028997120;18976768;1113313280;0;0;0;0;0;0;0;0;0;0;0;2766;0;0;89;0;160;0;
12105;6972155;1028997120;18976768;1113313280;0;0;0;0;0;0;0;0;0;0;0;1793;0;0;89;0;160;0;
12106;4745931;1028997120;18976768;1113313280;0;0;0;0;0;0;0;0;0;0;0;2916;0;0;89;0;160;0;
12107;7270525;1028997120;18976768;1113313280;0;0;0;0;0;0;0;0;0;0;0;1744;0;0;89;0;160;0;
12108;3869597;1028997120;18976768;1113313280;0;0;0;0;0;0;0;0;0;0;0;3216;0;0;89;0;160;0;
12109;7095106;1028997120;18976768;1113313280;0;0;0;0;0;0;0;0;0;0;0;2194;0;0;89;0;160;0;
12110;4082446;1028997120;18976768;1113313280;0;0;0;0;0;0;0;0;0;0;0;2705;0;0;89;0;160;0;
12111;7075349;1028997120;18976768;1113313280;0;0;0;0;0;0;0;0;0;0;0;1673;0;0;89;0;160;0;
12112;4825690;1028997120;18976768;1113313280;0;0;0;0;0;0;0;0;0;0;0;2635;0;0;89;0;160;0;
12113;6170763;1028997120;18976768;1113313280;0;0;0;0;0;0;0;0;0;0;0;2114;0;0;89;0;160;0;
12114;3697063;1028997120;18976768;1113313280;0;0;0;0;0;0;0;0;0;0;0;3477;0;0;89;0;160;0;
12115;7992779;1028997120;18976768;1113313280;0;0;0;0;0;0;0;0;0;0;0;2084;0;0;89;0;160;0;
12116;3230388;1028997120;18976768;1113313280;0;0;0;0;0;0;0;0;0;0;0;3206;0;0;89;0;160;0;
12117;4958328;1028997120;18976768;1113313280;0;0;0;0;0;0;0;0;0;0;0;1423;0;0;89;0;160;0;
12118;5851784;1028997120;18976768;1113313280;0;0;0;0;0;0;0;0;0;0;0;3066;0;0;89;0;160;0;
12119;6526009;1028997120;18976768;1113313280;0;0;0;0;0;0;0;0;0;0;0;1864;0;0;89;0;160;0;
12120;5356746;1029242880;17297408;1111633920;0;0;0;0;0;0;0;0;0;0;0;3086;0;0;89;0;160;0;
12121;6153481;1029242880;17297408;1111633920;0;0;0;0;0;0;0;0;0;0;0;1553;0;0;89;0;160;0;
12122;6917563;1029242880;17297408;1111633920;0;0;0;0;0;0;0;0;0;0;0;3126;0;0;89;0;160;0;
12123;7545560;1029242880;17297408;1111633920;0;0;0;0;0;0;0;0;0;0;0;2575;0;0;89;0;160;0;
12124;8989909;1029242880;17297408;1111633920;0;0;0;0;0;0;0;0;0;0;0;4088;0;0;89;0;160;0;
12125;7570197;1029242880;17297408;1111633920;0;0;0;0;0;0;0;0;0;0;0;2494;0;0;89;0;160;0;
12126;6186402;1029242880;17297408;1111633920;0;0;0;0;0;0;0;0;0;0;0;3266;0;0;89;0;160;0;
12127;7239317;1029242880;17297408;1111633920;0;0;0;0;0;0;0;0;0;0;0;2615;0;0;89;0;160;0;
12128;6058081;1029242880;17297408;1111633920;0;0;0;0;0;0;0;0;0;0;0;3026;0;0;89;0;160;0;
12129;8851179;1029242880;17297408;1111633920;0;0;0;0;0;0;0;0;0;0;0;2885;0;0;89;0;160;0;
12130;4543801;1029242880;17297408;1111633920;0;0;0;0;0;0;0;0;0;0;0;3317;0;0;89;0;160;0;
12131;9918431;1029242880;17297408;1111633920;0;0;0;0;0;0;0;0;0;0;0;3346;0;0;89;0;160;0;
12132;5581718;1029242880;17297408;1111633920;0;0;0;0;0;0;0;0;0;0;0;2936;0;0;89;0;160;0;
12133;6865565;1029242880;17297408;1111633920;0;0;0;0;0;0;0;0;0;0;0;3196;0;0;89;0;160;0;
12134;6977405;1029242880;17297408;1111633920;0;0;0;0;0;0;0;0;0;0;0;3717;0;0;89;0;160;0;
12135;9515054;1029242880;17297408;1111633920;0;0;0;0;0;0;0;0;0;0;0;3426;0;0;89;0;160;0;
12136;5644265;1029242880;17297408;1111633920;0;0;0;0;0;0;0;0;0;0;0;2906;0;0;89;0;160;0;
12137;8564261;1029242880;17297408;1111633920;0;0;0;0;0;0;0;0;0;0;0;3747;0;0;89;0;160;0;
12138;6891815;1027166208;15204352;1109540864;0;0;0;0;0;0;0;0;0;0;0;3216;0;0;89;0;160;0;
12139;11249597;1027166208;15204352;1109540864;0;0;0;0;0;0;0;0;0;0;0;3216;0;0;89;0;160;0;
12140;5591146;1027166208;15204352;1109540864;0;0;0;0;0;0;0;0;0;0;0;2705;0;0;89;0;160;0;
12141;8452141;1027166208;15204352;1109540864;0;0;0;0;0;0;0;0;0;0;0;2865;0;0;89;0;160;0;
12142;6503987;1027166208;15204352;1109540864;0;0;0;0;0;0;0;0;0;0;0;3447;0;0;89;0;160;0;
12143;9161752;1027166208;15204352;1109540864;0;0;0;0;0;0;0;0;0;0;0;2876;0;0;89;0;160;0;
12144;8781038;1027166208;15204352;1109540864;0;0;0;0;0;0;0;0;0;0;0;4158;0;0;89;0;160;0;
12145;9116487;1027166208;15204352;1109540864;0;0;0;0;0;0;0;0;0;0;0;3647;0;0;89;0;160;0;
12146;5892190;1027166208;15204352;1109540864;0;0;0;0;0;0;0;0;0;0;0;3075;0;0;89;0;160;0;
12147;9535032;1027166208;15204352;1109540864;0;0;0;0;0;0;0;0;0;0;0;2935;0;0;89;0;160;0;
12148;5991967;1027166208;15204352;1109540864;0;0;0;0;0;0;0;0;0;0;0;3005;0;0;89;0;160;0;
12149;9940572;1027166208;15204352;1109540864;0;0;0;0;0;0;0;0;0;0;0;2935;0;0;89;0;160;0;
12150;8140336;1027166208;15204352;1109540864;0;0;0;0;0;0;0;0;0;0;0;3256;0;0;89;0;160;0;
12151;7885318;1027166208;15204352;1109540864;0;0;0;0;0;0;0;0;0;0;0;3186;0;0;89;0;160;0;
12152;7523971;1027166208;15204352;1109540864;0;0;0;0;0;0;0;0;0;0;0;2595;0;0;89;0;160;0;
12153;6029057;1027166208;15204352;1109540864;0;0;0;0;0;0;0;0;0;0;0;2635;0;0;89;0;160;0;
12154;9147696;1027166208;15204352;1109540864;0;0;0;0;0;0;0;0;0;0;0;2775;0;0;89;0;160;0;
12155;6419469;1027166208;15204352;1109540864;0;0;0;0;0;0;0;0;0;0;0;2174;0;0;89;0;160;0;
12156;7894496;1027166208;15204352;1109540864;0;0;0;0;0;0;0;0;0;0;0;2785;0;0;89;0;160;0;
12157;6721555;1027166208;15204352;1109540864;0;0;0;0;0;0;0;0;0;0;0;2505;0;0;89;0;160;0;
12158;10005985;1027166208;15204352;1109540864;0;0;0;0;0;0;0;0;0;0;0;3496;0;0;89;0;160;0;
12159;7704388;1027166208;15204352;1109540864;0;0;0;0;0;0;0;0;0;0;0;4428;0;0;89;0;160;0;
12160;6821233;1027166208;15204352;1109540864;0;0;0;0;0;0;0;0;0;0;0;2895;0;0;89;0;160;0;
12161;10172828;1027166208;15204352;1109540864;0;0;0;0;0;0;0;0;0;0;0;4368;0;0;89;0;160;0;
12162;5032288;1027166208;15204352;1109540864;0;0;0;0;0;0;0;0;0;0;0;3055;0;0;89;0;160;0;
12163;7991497;1027166208;15204352;1109540864;0;0;0;0;0;0;0;0;0;0;0;1904;0;0;89;0;160;0;
12164;11727313;1027166208;15204352;1109540864;0;0;0;0;0;0;0;0;0;0;0;3266;0;0;89;0;160;0;
12165;10229755;1027166208;15204352;1109540864;0;0;0;0;0;0;0;0;0;0;0;1643;0;0;89;0;160;0;
12166;10010314;1027166208;15204352;1109540864;0;0;0;0;0;0;0;0;0;0;0;4319;0;0;89;0;160;0;
12167;7722082;1027166208;15204352;1109540864;0;0;0;0;0;0;0;0;0;0;0;3987;0;0;89;0;160;0;
12168;8399662;1027166208;15204352;1109540864;0;0;0;0;0;0;0;0;0;0;0;3356;0;0;89;0;160;0;
12169;9498043;1027166208;15204352;1109540864;0;0;0;0;0;0;0;0;0;0;0;2816;0;0;89;0;160;0;
12170;8076647;1027166208;15204352;1109540864;0;0;0;0;0;0;0;0;0;0;0;3026;0;0;89;0;160;0;
12171;7631281;1027166208;15204352;1109540864;0;0;0;0;0;0;0;0;0;0;0;3286;0;0;89;0;160;0;
12172;8339109;1027166208;15204352;1109540864;0;0;0;0;0;0;0;0;0;0;0;3006;0;0;89;0;160;0;
12173;5140891;1027166208;15204352;1109540864;0;0;0;0;0;0;0;0;0;0;0;2215;0;0;89;0;160;0;
12174;8559602;1027166208;15204352;1109540864;0;0;0;0;0;0;0;0;0;0;0;3507;0;0;89;0;160;0;
12175;6615086;1027166208;15204352;1109540864;0;0;0;0;0;0;0;0;0;0;0;2054;0;0;89;0;160;0;
12176;7252802;1027166208;15204352;1109540864;0;0;0;0;0;0;0;0;0;0;0;3206;0;0;89;0;160;0;
12177;9309980;1027166208;15204352;1109540864;0;0;0;0;0;0;0;0;0;0;0;3206;0;0;89;0;160;0;
12178;9474398;1027166208;15204352;1109540864;0;0;0;0;0;0;0;0;0;0;0;3316;0;0;89;0;160;0;
12179;7799266;1027166208;15204352;1109540864;0;0;0;0;0;0;0;0;0;0;0;3145;0;0;89;0;160;0;
12180;6870014;1027166208;15204352;1109540864;0;0;0;0;0;0;0;0;0;0;0;156143;0;0;89;0;160;0;
12181;8935387;1027166208;15204352;1109540864;0;0;0;0;0;0;0;0;0;0;0;3467;0;0;89;0;160;0;
12182;8362923;1027166208;15204352;1109540864;0;0;0;0;0;0;0;0;0;0;0;3547;0;0;89;0;160;0;
12183;9131615;1027166208;15204352;1109540864;0;0;0;0;0;0;0;0;0;0;0;3066;0;0;89;0;160;0;
12184;9731350;1027166208;15204352;1109540864;0;0;0;0;0;0;0;0;0;0;0;3266;0;0;89;0;160;0;
12185;8416915;1027166208;15204352;1109540864;0;0;0;0;0;0;0;0;0;0;0;3427;0;0;89;0;160;0;
12186;5942886;1027166208;15204352;1109540864;0;0;0;0;0;0;0;0;0;0;0;3075;0;0;89;0;160;0;
12187;9332642;1027166208;15204352;1109540864;0;0;0;0;0;0;0;0;0;0;0;3186;0;0;89;0;160;0;
12188;4017575;1027166208;15204352;1109540864;0;0;0;0;0;0;0;0;0;0;0;3166;0;0;89;0;160;0;
12189;12000255;1027166208;15204352;1109540864;0;0;0;0;0;0;0;0;0;0;0;4578;0;0;89;0;160;0;
12190;7635940;1027166208;15204352;1109540864;0;0;0;0;0;0;0;0;0;0;0;3066;0;0;89;0;160;0;
12191;9644377;1027166208;15204352;1109540864;0;0;0;0;0;0;0;0;0;0;0;3095;0;0;89;0;160;0;
12192;5346617;1027166208;15204352;1109540864;0;0;0;0;0;0;0;0;0;0;0;3176;0;0;89;0;160;0;
12193;9127808;1027166208;15204352;1109540864;0;0;0;0;0;0;0;0;0;0;0;2755;0;0;89;0;160;0;
12194;6806636;1027166208;15204352;1109540864;0;0;0;0;0;0;0;0;0;0;0;3046;0;0;89;0;160;0;
12195;9023071;1027166208;15204352;1109540864;0;0;0;0;0;0;0;0;0;0;0;3086;0;0;89;0;160;0;
12196;9528138;1027166208;15204352;1109540864;0;0;0;0;0;0;0;0;0;0;0;3296;0;0;89;0;160;0;
12197;8426804;1027166208;15204352;1109540864;0;0;0;0;0;0;0;0;0;0;0;2815;0;0;89;0;160;0;
12198;6308280;1027166208;15204352;1109540864;0;0;0;0;0;0;0;0;0;0;0;3186;0;0;89;0;160;0;
12199;9342741;1027166208;15204352;1109540864;0;0;0;0;0;0;0;0;0;0;0;2816;0;0;89;0;160;0;
12200;11858870;1027166208;15204352;1109540864;0;0;0;0;0;0;0;0;0;0;0;3246;0;0;89;0;160;0;
12201;9072945;1027166208;15204352;1109540864;0;0;0;0;0;0;0;0;0;0;0;2695;0;0;89;0;160;0;
12202;8163530;1027166208;15204352;1109540864;0;0;0;0;0;0;0;0;0;0;0;3436;0;0;89;0;160;0;
12203;7623147;1027166208;15204352;1109540864;0;0;0;0;0;0;0;0;0;0;0;3146;0;0;89;0;160;0;
12204;7098222;1027166208;15204352;1109540864;0;0;0;0;0;0;0;0;0;0;0;2805;0;0;89;0;160;0;
12205;8771189;1027166208;15204352;1109540864;0;0;0;0;0;0;0;0;0;0;0;2675;0;0;89;0;160;0;
12206;11000050;1027166208;15204352;1109540864;0;0;0;0;0;0;0;0;0;0;0;3406;0;0;89;0;160;0;
12207;8392058;1027166208;15204352;1109540864;0;0;0;0;0;0;0;0;0;0;0;2775;0;0;89;0;160;0;
12208;6161746;1027166208;15204352;1109540864;0;0;0;0;0;0;0;0;0;0;0;3276;0;0;89;0;160;0;
12209;6701538;1027166208;15204352;1109540864;0;0;0;0;0;0;0;0;0;0;0;2875;0;0;89;0;160;0;
12210;9646641;1027166208;15204352;1109540864;0;0;0;0;0;0;0;0;0;0;0;4108;0;0;89;0;160;0;
12211;8812977;1027166208;15204352;1109540864;0;0;0;0;0;0;0;0;0;0;0;2886;0;0;89;0;160;0;
12212;8786308;1027166208;15204352;1109540864;0;0;0;0;0;0;0;0;0;0;0;3557;0;0;89;0;160;0;
12213;9758010;1027166208;15204352;1109540864;0;0;0;0;0;0;0;0;0;0;0;3527;0;0;89;0;160;0;
12214;5596376;1027166208;15204352;1109540864;0;0;0;0;0;0;0;0;0;0;0;2966;0;0;89;0;160;0;
12215;9824775;1027166208;15204352;1109540864;0;0;0;0;0;0;0;0;0;0;0;56506;0;0;89;0;160;0;
12216;6099970;1027166208;15204352;1109540864;0;0;0;0;0;0;0;0;0;0;0;2775;0;0;89;0;160;0;
12217;8924507;1027166208;15204352;1109540864;0;0;0;0;0;0;0;0;0;0;0;2995;0;0;89;0;160;0;
12218;5267178;1027166208;15204352;1109540864;0;0;0;0;0;0;0;0;0;0;0;3156;0;0;89;0;160;0;
12219;8128945;1027166208;15204352;1109540864;0;0;0;0;0;0;0;0;0;0;0;3006;0;0;89;0;160;0;
12220;5588871;1027166208;15204352;1109540864;0;0;0;0;0;0;0;0;0;0;0;2986;0;0;89;0;160;0;
12221;6937070;1027166208;15204352;1109540864;0;0;0;0;0;0;0;0;0;0;0;3106;0;0;89;0;160;0;
12222;6906964;1027166208;15204352;1109540864;0;0;0;0;0;0;0;0;0;0;0;3516;0;0;89;0;160;0;
12223;8210498;1027166208;15204352;1109540864;0;0;0;0;0;0;0;0;0;0;0;3406;0;0;89;0;160;0;
12224;7315911;1027166208;15204352;1109540864;0;0;0;0;0;0;0;0;0;0;0;4398;0;0;89;0;160;0;
12225;9182220;1027166208;15204352;1109540864;0;0;0;0;0;0;0;0;0;0;0;2425;0;0;89;0;160;0;
12226;7862656;1027166208;15204352;1109540864;0;0;0;0;0;0;0;0;0;0;0;3166;0;0;89;0;160;0;
12227;8569982;1027166208;15204352;1109540864;0;0;0;0;0;0;0;0;0;0;0;3476;0;0;89;0;160;0;
12228;7191447;1027166208;15204352;1109540864;0;0;0;0;0;0;0;0;0;0;0;3807;0;0;89;0;160;0;
12229;9559758;1027166208;15204352;1109540864;0;0;0;0;0;0;0;0;0;0;0;3426;0;0;89;0;160;0;
12230;8772532;1027166208;15204352;1109540864;0;0;0;0;0;0;0;0;0;0;0;52859;0;0;89;0;160;0;
12231;9909825;1027166208;15204352;1109540864;0;0;0;0;0;0;0;0;0;0;0;2585;0;0;89;0;160;0;
12232;7478095;1027166208;15204352;1109540864;0;0;0;0;0;0;0;0;0;0;0;3567;0;0;89;0;160;0;
12233;10480575;1027166208;15204352;1109540864;0;0;0;0;0;0;0;0;0;0;0;3526;0;0;89;0;160;0;
12234;7695643;1027166208;15204352;1109540864;0;0;0;0;0;0;0;0;0;0;0;2675;0;0;89;0;160;0;
12235;9370203;1027166208;15204352;1109540864;0;0;0;0;0;0;0;0;0;0;0;3126;0;0;89;0;160;0;
12236;10098829;1027166208;15204352;1109540864;0;0;0;0;0;0;0;0;0;0;0;3216;0;0;89;0;160;0;
12237;10007688;1027166208;15204352;1109540864;0;0;0;0;0;0;0;0;0;0;0;3737;0;0;89;0;160;0;
12238;8937261;1027166208;15204352;1109540864;0;0;0;0;0;0;0;0;0;0;0;3286;0;0;89;0;160;0;
12239;9992069;1027166208;15204352;1109540864;0;0;0;0;0;0;0;0;0;0;0;3016;0;0;89;0;160;0;
12240;4605768;1027166208;15204352;1109540864;0;0;0;0;0;0;0;0;0;0;0;3266;0;0;89;0;160;0;
12241;9036877;1027166208;15204352;1109540864;0;0;0;0;0;0;0;0;0;0;0;2976;0;0;89;0;160;0;
12242;6824268;1027166208;15204352;1109540864;0;0;0;0;0;0;0;0;0;0;0;3196;0;0;89;0;160;0;
12243;11599213;1027166208;15208448;1109544960;0;0;0;0;0;0;0;0;0;0;0;3988;0;0;89;0;160;0;
12244;7274031;1027166208;15212544;1109549056;0;0;0;0;0;0;0;0;0;0;0;3156;0;0;89;0;160;0;
12245;9827791;1027166208;15212544;1109549056;0;0;0;0;0;0;0;0;0;0;0;3486;0;0;89;0;160;0;
12246;6371499;1027166208;15212544;1109549056;0;0;0;0;0;0;0;0;0;0;0;3496;0;0;89;0;160;0;
12247;8224564;1027166208;15212544;1109549056;0;0;0;0;0;0;0;0;0;0;0;3246;0;0;89;0;160;0;
12248;12483992;1027166208;15212544;1109549056;0;0;0;0;0;0;0;0;0;0;0;3056;0;0;89;0;160;0;
12249;7698438;1027166208;15212544;1109549056;0;0;0;0;0;0;0;0;0;0;0;2976;0;0;89;0;160;0;
12250;6483229;1027244032;15204352;1109540864;0;0;0;0;0;0;0;0;0;0;0;3798;0;0;89;0;160;0;
12251;8328540;1027244032;15204352;1109540864;0;0;0;0;0;0;0;0;0;0;0;2926;0;0;89;0;160;0;
12252;7866333;1027244032;15204352;1109540864;0;0;0;0;0;0;0;0;0;0;0;2895;0;0;89;0;160;0;
12253;7617546;1027244032;15204352;1109540864;0;0;0;0;0;0;0;0;0;0;0;2605;0;0;89;0;160;0;
12254;7187410;1027244032;15204352;1109540864;0;0;0;0;0;0;0;0;0;0;0;4609;0;0;89;0;160;0;
12255;8281761;1027244032;15204352;1109540864;0;0;0;0;0;0;0;0;0;0;0;3807;0;0;89;0;160;0;
12256;7891370;1027244032;15204352;1109540864;0;0;0;0;0;0;0;0;0;0;0;3236;0;0;89;0;160;0;
12257;8416133;1027244032;15204352;1109540864;0;0;0;0;0;0;0;0;0;0;0;3526;0;0;89;0;160;0;
12258;8221569;1027244032;15204352;1109540864;0;0;0;0;0;0;0;0;0;0;0;3005;0;0;89;0;160;0;
12259;8630195;1027244032;15204352;1109540864;0;0;0;0;0;0;0;0;0;0;0;3597;0;0;89;0;160;0;
12260;9068708;1027244032;15204352;1109540864;0;0;0;0;0;0;0;0;0;0;0;3447;0;0;89;0;160;0;
12261;8821273;1027244032;15204352;1109540864;0;0;0;0;0;0;0;0;0;0;0;3236;0;0;89;0;160;0;
12262;6853723;1027244032;15204352;1109540864;0;0;0;0;0;0;0;0;0;0;0;3466;0;0;89;0;160;0;
12263;7302294;1027244032;15204352;1109540864;0;0;0;0;0;0;0;0;0;0;0;3246;0;0;89;0;160;0;
12264;6638449;1027244032;15204352;1109540864;0;0;0;0;0;0;0;0;0;0;0;3998;0;0;89;0;160;0;
12265;7159406;1027244032;15204352;1109540864;0;0;0;0;0;0;0;0;0;0;0;3246;0;0;89;0;160;0;
12266;4371258;1027244032;15204352;1109540864;0;0;0;0;0;0;0;0;0;0;0;3707;0;0;89;0;160;0;
12267;6809891;1027244032;15204352;1109540864;0;0;0;0;0;0;0;0;0;0;0;2585;0;0;89;0;160;0;
12268;5386532;1027244032;15204352;1109540864;0;0;0;0;0;0;0;0;0;0;0;3116;0;0;89;0;160;0;
12269;6685628;1027244032;15204352;1109540864;0;0;0;0;0;0;0;0;0;0;0;3006;0;0;89;0;160;0;
12270;5072342;1027244032;15204352;1109540864;0;0;0;0;0;0;0;0;0;0;0;2886;0;0;89;0;160;0;
12271;9296415;1033535488;15204352;1126318080;0;0;0;0;0;0;0;0;0;0;0;3447;0;0;90;0;160;0;
12272;5795518;1033535488;15204352;1126318080;0;0;0;0;0;0;0;0;0;0;0;3837;0;0;90;0;160;0;
12273;7791733;1033535488;15204352;1126318080;0;0;0;0;0;0;0;0;0;0;0;2775;0;0;90;0;160;0;
12274;4989137;1033535488;15204352;1126318080;0;0;0;0;0;0;0;0;0;0;0;2986;0;0;90;0;160;0;
12275;8651214;1033535488;15204352;1126318080;0;0;0;0;0;0;0;0;0;0;0;2915;0;0;90;0;160;0;
12276;5595493;1033535488;15204352;1126318080;0;0;0;0;0;0;0;0;0;0;0;3236;0;0;90;0;160;0;
12277;9042178;1033535488;15204352;1126318080;0;0;0;0;0;0;0;0;0;0;0;3336;0;0;90;0;160;0;
12278;7168393;1037766656;15204352;1126318080;0;0;0;0;0;0;0;0;0;0;0;2846;0;0;91;0;160;0;
12279;10601642;1037766656;15204352;1126318080;0;0;0;0;0;0;0;0;0;0;0;2766;0;0;91;0;160;0;
12280;6700656;1037766656;15204352;1126318080;0;0;0;0;0;0;0;0;0;0;0;2936;0;0;91;0;160;0;
12281;8390455;1037766656;15204352;1126318080;0;0;0;0;0;0;0;0;0;0;0;3006;0;0;91;0;160;0;
12282;5048658;1037766656;15204352;1126318080;0;0;0;0;0;0;0;0;0;0;0;3757;0;0;91;0;160;0;
12283;8103597;1037766656;15204352;1126318080;0;0;0;0;0;0;0;0;0;0;0;3476;0;0;91;0;160;0;
12284;7788476;1037766656;15204352;1126318080;0;0;0;0;0;0;0;0;0;0;0;3105;0;0;91;0;160;0;
12285;10751744;1041747968;15204352;1126318080;0;0;0;0;0;0;0;0;0;0;0;3006;0;0;92;0;160;0;
12286;4217840;1041747968;15204352;1126318080;0;0;0;0;0;0;0;0;0;0;0;3016;0;0;92;0;160;0;
12287;11374080;1041747968;15204352;1126318080;0;0;0;0;0;0;0;0;0;0;0;2725;0;0;92;0;160;0;
12288;12450039;1041747968;15204352;1126318080;0;0;0;0;0;0;0;0;0;0;0;3547;0;0;92;0;160;0;
12289;9836427;1041747968;15204352;1126318080;0;0;0;0;0;0;0;0;0;0;0;3316;0;0;92;0;160;0;
12290;9543788;1041747968;15204352;1126318080;0;0;0;0;0;0;0;0;0;0;0;3376;0;0;92;0;160;0;
12291;7829163;1041747968;15204352;1126318080;0;0;0;0;0;0;0;0;0;0;0;2685;0;0;92;0;160;0;
12292;7926315;1041747968;15204352;1126318080;0;0;0;0;0;0;0;0;0;0;0;3557;0;0;92;0;160;0;
12293;9400680;1041747968;15204352;1126318080;0;0;0;0;0;0;0;0;0;0;0;3226;0;0;92;0;160;0;
12294;7727152;1041747968;15204352;1126318080;0;0;0;0;0;0;0;0;0;0;0;2886;0;0;92;0;160;0;
12295;6077818;1041747968;15204352;1126318080;0;0;0;0;0;0;0;0;0;0;0;2786;0;0;92;0;160;0;
12296;8291340;1041747968;15204352;1126318080;0;0;0;0;0;0;0;0;0;0;0;3777;0;0;92;0;160;0;
12297;9192860;1041747968;15204352;1126318080;0;0;0;0;0;0;0;0;0;0;0;2725;0;0;92;0;160;0;
12298;5958654;1041747968;15204352;1126318080;0;0;0;0;0;0;0;0;0;0;0;3396;0;0;92;0;160;0;
12299;8052993;1041747968;15204352;1126318080;0;0;0;0;0;0;0;0;0;0;0;2725;0;0;92;0;160;0;
12300;7762968;1041747968;15204352;1126318080;0;0;0;0;0;0;0;0;0;0;0;3476;0;0;92;0;160;0;
12301;11184556;1041747968;15204352;1126318080;0;0;0;0;0;0;0;0;0;0;0;3667;0;0;92;0;160;0;
12302;6163208;1041747968;15204352;1126318080;0;0;0;0;0;0;0;0;0;0;0;3456;0;0;92;0;160;0;
12303;8993726;1041747968;15204352;1126318080;0;0;0;0;0;0;0;0;0;0;0;3176;0;0;92;0;160;0;
12304;8454706;1041747968;15204352;1126318080;0;0;0;0;0;0;0;0;0;0;0;3387;0;0;92;0;160;0;
12305;6428185;1041747968;15204352;1126318080;0;0;0;0;0;0;0;0;0;0;0;2404;0;0;92;0;160;0;
12306;5372696;1041747968;15204352;1126318080;0;0;0;0;0;0;0;0;0;0;0;3747;0;0;92;0;160;0;
12307;8994999;1041747968;15204352;1126318080;0;0;0;0;0;0;0;0;0;0;0;2475;0;0;92;0;160;0;
12308;5716421;1041747968;15204352;1126318080;0;0;0;0;0;0;0;0;0;0;0;3767;0;0;92;0;160;0;
12309;8813228;1041747968;15204352;1126318080;0;0;0;0;0;0;0;0;0;0;0;3516;0;0;92;0;160;0;
12310;6087306;1041747968;15204352;1126318080;0;0;0;0;0;0;0;0;0;0;0;3236;0;0;92;0;160;0;
12311;9396382;1041747968;15204352;1126318080;0;0;0;0;0;0;0;0;0;0;0;3616;0;0;92;0;160;0;
12312;4130907;1041747968;15204352;1126318080;0;0;0;0;0;0;0;0;0;0;0;3116;0;0;92;0;160;0;
12313;8278986;1041747968;15204352;1126318080;0;0;0;0;0;0;0;0;0;0;0;3397;0;0;92;0;160;0;
12314;6274217;1041747968;15204352;1126318080;0;0;0;0;0;0;0;0;0;0;0;3637;0;0;92;0;160;0;
12315;8440780;1041747968;15204352;1126318080;0;0;0;0;0;0;0;0;0;0;0;3076;0;0;92;0;160;0;
12316;4568498;1041747968;15204352;1126318080;0;0;0;0;0;0;0;0;0;0;0;4077;0;0;92;0;160;0;
12317;8538963;1041747968;15204352;1126318080;0;0;0;0;0;0;0;0;0;0;0;3737;0;0;92;0;160;0;
12318;5909092;1041747968;15204352;1126318080;0;0;0;0;0;0;0;0;0;0;0;3236;0;0;92;0;160;0;
12319;12053555;1045192704;21790720;1132904448;0;0;0;0;0;0;0;0;0;0;0;3637;0;0;92;0;160;0;
12320;6700716;1047560192;21790720;1132904448;0;0;0;0;0;0;0;0;0;0;0;3456;0;0;92;0;160;0;
12321;10283064;1048367104;21790720;1132904448;0;0;0;0;0;0;0;0;0;0;0;2946;0;0;92;0;160;0;
12322;6243299;1048367104;21790720;1132904448;0;0;0;0;0;0;0;0;0;0;0;2986;0;0;92;0;160;0;
12323;9553527;1048367104;21790720;1132904448;0;0;0;0;0;0;0;0;0;0;0;3496;0;0;92;0;160;0;
12324;5176037;1048367104;21790720;1132904448;0;0;0;0;0;0;0;0;0;0;0;3346;0;0;92;0;160;0;
12325;8955706;1048367104;21790720;1132904448;0;0;0;0;0;0;0;0;0;0;0;3457;0;0;92;0;160;0;
12326;5277387;1039892480;13295616;1124409344;0;0;0;0;0;0;0;0;0;0;0;3697;0;0;92;0;160;0;
12327;8961677;1039892480;13295616;1124409344;0;0;0;0;0;0;0;0;0;0;0;4439;0;0;92;0;160;0;
12328;5558714;1039892480;13295616;1124409344;0;0;0;0;0;0;0;0;0;0;0;3467;0;0;92;0;160;0;
12329;8766421;1039892480;13295616;1124409344;0;0;0;0;0;0;0;0;0;0;0;3627;0;0;92;0;160;0;
12330;5845382;1039892480;13295616;1124409344;0;0;0;0;0;0;0;0;0;0;0;3377;0;0;92;0;160;0;
12331;10066488;1039892480;13295616;1124409344;0;0;0;0;0;0;0;0;0;0;0;2685;0;0;92;0;160;0;
12332;6851489;1039892480;13295616;1124409344;0;0;0;0;0;0;0;0;0;0;0;2985;0;0;92;0;160;0;
12333;8465957;1039892480;13295616;1124409344;0;0;0;0;0;0;0;0;0;0;0;2445;0;0;92;0;160;0;
12334;5735987;1039892480;13295616;1124409344;0;0;0;0;0;0;0;0;0;0;0;2955;0;0;92;0;160;0;
12335;6760598;1039892480;13295616;1124409344;0;0;0;0;0;0;0;0;0;0;0;2805;0;0;92;0;160;0;
12336;5853378;1039892480;13295616;1124409344;0;0;0;0;0;0;0;0;0;0;0;3607;0;0;92;0;160;0;
12337;7931295;1039892480;13295616;1124409344;0;0;0;0;0;0;0;0;0;0;0;2134;0;0;92;0;160;0;
12338;5398905;1039892480;13295616;1124409344;0;0;0;0;0;0;0;0;0;0;0;3357;0;0;92;0;160;0;
12339;7069799;1039892480;13295616;1124409344;0;0;0;0;0;0;0;0;0;0;0;2464;0;0;92;0;160;0;
12340;5884375;1039892480;13295616;1124409344;0;0;0;0;0;0;0;0;0;0;0;3246;0;0;92;0;160;0;
12341;6863231;1039892480;13295616;1124409344;0;0;0;0;0;0;0;0;0;0;0;2665;0;0;92;0;160;0;
12342;5906207;1039892480;13295616;1124409344;0;0;0;0;0;0;0;0;0;0;0;2825;0;0;92;0;160;0;
12343;6608533;1041989632;21790720;1132904448;0;0;0;0;0;0;0;0;0;0;0;3267;0;0;92;0;160;0;
12344;5016478;1044086784;21790720;1132904448;0;0;0;0;0;0;0;0;0;0;0;3847;0;0;92;0;160;0;
12345;7331720;1046183936;21790720;1132904448;0;0;0;0;0;0;0;0;0;0;0;3276;0;0;92;0;160;0;
12346;5114652;1046183936;21790720;1132904448;0;0;0;0;0;0;0;0;0;0;0;3897;0;0;92;0;160;0;
12347;7823482;1046183936;21790720;1132904448;0;0;0;0;0;0;0;0;0;0;0;3286;0;0;92;0;160;0;
12348;5863266;1046183936;21790720;1132904448;0;0;0;0;0;0;0;0;0;0;0;3256;0;0;92;0;160;0;
12349;7691324;1046183936;21790720;1132904448;0;0;0;0;0;0;0;0;0;0;0;3406;0;0;92;0;160;0;
12350;3799826;1039904768;15204352;1126318080;0;0;0;0;0;0;0;0;0;0;0;2866;0;0;92;0;160;0;
12351;8601982;1039904768;15204352;1126318080;0;0;0;0;0;0;0;0;0;0;0;2985;0;0;92;0;160;0;
12352;3559195;1039904768;15204352;1126318080;0;0;0;0;0;0;0;0;0;0;0;3537;0;0;92;0;160;0;
12353;9588693;1039904768;15204352;1126318080;0;0;0;0;0;0;0;0;0;0;0;9217;0;0;92;0;160;0;
12354;4323939;1039904768;15204352;1126318080;0;0;0;0;0;0;0;0;0;0;0;3286;0;0;92;0;160;0;
12355;8756422;1039904768;15204352;1126318080;0;0;0;0;0;0;0;0;0;0;0;3727;0;0;92;0;160;0;
12356;4602972;1039904768;15204352;1126318080;0;0;0;0;0;0;0;0;0;0;0;3236;0;0;92;0;160;0;
12357;9769582;1039904768;15204352;1126318080;0;0;0;0;0;0;0;0;0;0;0;3267;0;0;92;0;160;0;
12358;4848803;1039904768;15204352;1126318080;0;0;0;0;0;0;0;0;0;0;0;2946;0;0;92;0;160;0;
12359;9535613;1039904768;15204352;1126318080;0;0;0;0;0;0;0;0;0;0;0;3176;0;0;92;0;160;0;
12360;3894925;1039904768;15204352;1126318080;0;0;0;0;0;0;0;0;0;0;0;3467;0;0;92;0;160;0;
12361;10063834;1039904768;15204352;1126318080;0;0;0;0;0;0;0;0;0;0;0;2475;0;0;92;0;160;0;
12362;3450571;1039904768;15204352;1126318080;0;0;0;0;0;0;0;0;0;0;0;3436;0;0;92;0;160;0;
12363;10057252;1039904768;15204352;1126318080;0;0;0;0;0;0;0;0;0;0;0;2936;0;0;92;0;160;0;
12364;4635543;1039904768;15204352;1126318080;0;0;0;0;0;0;0;0;0;0;0;2915;0;0;92;0;160;0;
12365;8646395;1043345408;21790720;1132904448;0;0;0;0;0;0;0;0;0;0;0;3667;0;0;92;0;160;0;
12366;6445778;1045442560;21790720;1132904448;0;0;0;0;0;0;0;0;0;0;0;2876;0;0;92;0;160;0;
12367;7430215;1046249472;21790720;1132904448;0;0;0;0;0;0;0;0;0;0;0;4258;0;0;92;0;160;0;
12368;6806184;1046249472;21790720;1132904448;0;0;0;0;0;0;0;0;0;0;0;3988;0;0;92;0;160;0;
12369;7998921;1046249472;21790720;1132904448;0;0;0;0;0;0;0;0;0;0;0;3887;0;0;92;0;160;0;
12370;7899554;1046249472;21790720;1132904448;0;0;0;0;0;0;0;0;0;0;0;3396;0;0;92;0;160;0;
12371;5904443;1046249472;21790720;1132904448;0;0;0;0;0;0;0;0;0;0;0;3316;0;0;92;0;160;0;
12372;5080688;1039917056;13295616;1124409344;0;0;0;0;0;0;0;0;0;0;0;4098;0;0;92;0;160;0;
12373;9214160;1039917056;13295616;1124409344;0;0;0;0;0;0;0;0;0;0;0;3216;0;0;92;0;160;0;
12374;3973472;1039917056;13295616;1124409344;0;0;0;0;0;0;0;0;0;0;0;2886;0;0;92;0;160;0;
12375;9223367;1039917056;13295616;1124409344;0;0;0;0;0;0;0;0;0;0;0;3868;0;0;92;0;160;0;
12376;4877878;1039917056;13295616;1124409344;0;0;0;0;0;0;0;0;0;0;0;3096;0;0;92;0;160;0;
12377;7339003;1039917056;13295616;1124409344;0;0;0;0;0;0;0;0;0;0;0;2785;0;0;92;0;160;0;
12378;8542240;1039917056;13295616;1124409344;0;0;0;0;0;0;0;0;0;0;0;3547;0;0;92;0;160;0;
12379;7715941;1039917056;13295616;1124409344;0;0;0;0;0;0;0;0;0;0;0;2825;0;0;92;0;160;0;
12380;6753997;1039917056;13295616;1124409344;0;0;0;0;0;0;0;0;0;0;0;3146;0;0;92;0;160;0;
12381;9053208;1039917056;13295616;1124409344;0;0;0;0;0;0;0;0;0;0;0;3156;0;0;92;0;160;0;
12382;4762662;1039917056;13295616;1124409344;0;0;0;0;0;0;0;0;0;0;0;3046;0;0;92;0;160;0;
12383;7974906;1039917056;13295616;1124409344;0;0;0;0;0;0;0;0;0;0;0;3026;0;0;92;0;160;0;
12384;5272949;1039917056;13295616;1124409344;0;0;0;0;0;0;0;0;0;0;0;3957;0;0;92;0;160;0;
12385;6662244;1039917056;13295616;1124409344;0;0;0;0;0;0;0;0;0;0;0;2575;0;0;92;0;160;0;
12386;5862744;1039917056;13295616;1124409344;0;0;0;0;0;0;0;0;0;0;0;3006;0;0;92;0;160;0;
12387;5931574;1039917056;13295616;1124409344;0;0;0;0;0;0;0;0;0;0;0;2204;0;0;92;0;160;0;
12388;7253342;1039917056;13295616;1124409344;0;0;0;0;0;0;0;0;0;0;0;2404;0;0;92;0;160;0;
12389;7569365;1042014208;21790720;1132904448;0;0;0;0;0;0;0;0;0;0;0;3156;0;0;92;0;160;0;
12390;5475880;1044111360;21790720;1132904448;0;0;0;0;0;0;0;0;0;0;0;3717;0;0;92;0;160;0;
12391;8274719;1046208512;21790720;1132904448;0;0;0;0;0;0;0;0;0;0;0;2935;0;0;92;0;160;0;
12392;4925397;1046208512;21790720;1132904448;0;0;0;0;0;0;0;0;0;0;0;2815;0;0;92;0;160;0;
12393;6346572;1046208512;21790720;1132904448;0;0;0;0;0;0;0;0;0;0;0;3797;0;0;92;0;160;0;
12394;6294625;1046208512;21790720;1132904448;0;0;0;0;0;0;0;0;0;0;0;3176;0;0;92;0;160;0;
12395;9427119;1046208512;21790720;1132904448;0;0;0;0;0;0;0;0;0;0;0;2634;0;0;92;0;160;0;
12396;4952828;1039929344;15204352;1126318080;0;0;0;0;0;0;0;0;0;0;0;3366;0;0;92;0;160;0;
12397;10040670;1039929344;15204352;1126318080;0;0;0;0;0;0;0;0;0;0;0;2585;0;0;92;0;160;0;
12398;6706667;1039929344;15204352;1126318080;0;0;0;0;0;0;0;0;0;0;0;3887;0;0;92;0;160;0;
12399;7355835;1039929344;15204352;1126318080;0;0;0;0;0;0;0;0;0;0;0;2955;0;0;92;0;160;0;
12400;5111657;1039929344;15204352;1126318080;0;0;0;0;0;0;0;0;0;0;0;3386;0;0;92;0;160;0;
12401;6477367;1039929344;15204352;1126318080;0;0;0;0;0;0;0;0;0;0;0;2926;0;0;92;0;160;0;
12402;5659093;1039929344;15204352;1126318080;0;0;0;0;0;0;0;0;0;0;0;3677;0;0;92;0;160;0;
12403;7940752;1039929344;15204352;1126318080;0;0;0;0;0;0;0;0;0;0;0;2375;0;0;92;0;160;0;
12404;5137074;1039929344;15204352;1126318080;0;0;0;0;0;0;0;0;0;0;0;3327;0;0;92;0;160;0;
12405;5434141;1039929344;15204352;1126318080;0;0;0;0;0;0;0;0;0;0;0;2494;0;0;92;0;160;0;
12406;7711753;1039929344;15204352;1126318080;0;0;0;0;0;0;0;0;0;0;0;3637;0;0;92;0;160;0;
12407;6684616;1039929344;15204352;1126318080;0;0;0;0;0;0;0;0;0;0;0;1974;0;0;92;0;160;0;
12408;6533242;1039929344;15204352;1126318080;0;0;0;0;0;0;0;0;0;0;0;3407;0;0;92;0;160;0;
12409;5220841;1039929344;15204352;1126318080;0;0;0;0;0;0;0;0;0;0;0;2164;0;0;92;0;160;0;
12410;5905305;1039929344;15204352;1126318080;0;0;0;0;0;0;0;0;0;0;0;4388;0;0;92;0;160;0;
12411;7127406;1039929344;15204352;1126318080;0;0;0;0;0;0;0;0;0;0;0;2484;0;0;92;0;160;0;
12412;5806830;1039929344;15204352;1126318080;0;0;0;0;0;0;0;0;0;0;0;3306;0;0;92;0;160;0;
12413;9291756;1043369984;21790720;1132904448;0;0;0;0;0;0;0;0;0;0;0;3086;0;0;92;0;160;0;
12414;5774549;1045467136;21790720;1132904448;0;0;0;0;0;0;0;0;0;0;0;2885;0;0;92;0;160;0;
12415;7946984;1046274048;21790720;1132904448;0;0;0;0;0;0;0;0;0;0;0;3136;0;0;92;0;160;0;
12416;4137369;1046274048;21790720;1132904448;0;0;0;0;0;0;0;0;0;0;0;3837;0;0;92;0;160;0;
12417;5783587;1046274048;21790720;1132904448;0;0;0;0;0;0;0;0;0;0;0;2545;0;0;92;0;160;0;
12418;6416103;1046274048;21790720;1132904448;0;0;0;0;0;0;0;0;0;0;0;2324;0;0;92;0;160;0;
12419;6557468;1046274048;21790720;1132904448;0;0;0;0;0;0;0;0;0;0;0;2745;0;0;92;0;160;0;
12420;6294013;1039941632;13295616;1124409344;0;0;0;0;0;0;0;0;0;0;0;3026;0;0;92;0;160;0;
12421;8346002;1039941632;13295616;1124409344;0;0;0;0;0;0;0;0;0;0;0;3697;0;0;92;0;160;0;
12422;4853442;1039941632;13295616;1124409344;0;0;0;0;0;0;0;0;0;0;0;3287;0;0;92;0;160;0;
12423;8166205;1039941632;13295616;1124409344;0;0;0;0;0;0;0;0;0;0;0;3046;0;0;92;0;160;0;
12424;4917212;1039941632;13295616;1124409344;0;0;0;0;0;0;0;0;0;0;0;3106;0;0;92;0;160;0;
12425;8526681;1039941632;13295616;1124409344;0;0;0;0;0;0;0;0;0;0;0;3426;0;0;92;0;160;0;
12426;4671781;1039941632;13295616;1124409344;0;0;0;0;0;0;0;0;0;0;0;3457;0;0;92;0;160;0;
12427;7744283;1039941632;13295616;1124409344;0;0;0;0;0;0;0;0;0;0;0;2525;0;0;92;0;160;0;
12428;4686048;1039941632;13295616;1124409344;0;0;0;0;0;0;0;0;0;0;0;3296;0;0;92;0;160;0;
12429;11139771;1039941632;13295616;1124409344;0;0;0;0;0;0;0;0;0;0;0;2164;0;0;92;0;160;0;
12430;6237027;1039941632;13295616;1124409344;0;0;0;0;0;0;0;0;0;0;0;4369;0;0;92;0;160;0;
12431;6885302;1039941632;13295616;1124409344;0;0;0;0;0;0;0;0;0;0;0;3316;0;0;92;0;160;0;
12432;12905082;1046233088;13295616;1141186560;0;0;0;0;0;0;0;0;0;0;0;3446;0;0;93;0;160;0;
12433;11086321;1046233088;13295616;1141186560;0;0;0;0;0;0;0;0;0;0;0;3026;0;0;93;0;160;0;
12434;4646464;1046233088;13295616;1141186560;0;0;0;0;0;0;0;0;0;0;0;2865;0;0;93;0;160;0;
12435;9166911;1048330240;21790720;1149681664;0;0;0;0;0;0;0;0;0;0;0;3106;0;0;93;0;160;0;
12436;5521234;1050427392;21790720;1149681664;0;0;0;0;0;0;0;0;0;0;0;2836;0;0;93;0;160;0;
12437;9059249;1052524544;21790720;1149681664;0;0;0;0;0;0;0;0;0;0;0;4699;0;0;93;0;160;0;
12438;5840413;1052524544;21790720;1149681664;0;0;0;0;0;0;0;0;0;0;0;3276;0;0;93;0;160;0;
12439;7590776;1052524544;21790720;1149681664;0;0;0;0;0;0;0;0;0;0;0;3416;0;0;93;0;160;0;
12440;5966680;1052524544;21790720;1149681664;0;0;0;0;0;0;0;0;0;0;0;3386;0;0;93;0;160;0;
12441;7038559;1052524544;21790720;1149681664;0;0;0;0;0;0;0;0;0;0;0;2134;0;0;93;0;160;0;
12442;7232494;1046265856;15204352;1143095296;0;0;0;0;0;0;0;0;0;0;0;2715;0;0;93;0;160;0;
12443;8283415;1046265856;15204352;1143095296;0;0;0;0;0;0;0;0;0;0;0;2865;0;0;93;0;160;0;
12444;6720754;1046265856;15204352;1143095296;0;0;0;0;0;0;0;0;0;0;0;4418;0;0;93;0;160;0;
12445;8075955;1046265856;15204352;1143095296;0;0;0;0;0;0;0;0;0;0;0;3857;0;0;93;0;160;0;
12446;5741768;1046265856;15204352;1143095296;0;0;0;0;0;0;0;0;0;0;0;3105;0;0;93;0;160;0;
12447;7917999;1046265856;15204352;1143095296;0;0;0;0;0;0;0;0;0;0;0;2474;0;0;93;0;160;0;
12448;5596245;1046265856;15204352;1143095296;0;0;0;0;0;0;0;0;0;0;0;2736;0;0;93;0;160;0;
12449;7848569;1046265856;15204352;1143095296;0;0;0;0;0;0;0;0;0;0;0;3797;0;0;93;0;160;0;
12450;4167636;1046265856;15204352;1143095296;0;0;0;0;0;0;0;0;0;0;0;2945;0;0;93;0;160;0;
12451;7425226;1046265856;15204352;1143095296;0;0;0;0;0;0;0;0;0;0;0;2805;0;0;93;0;160;0;
12452;4873139;1046265856;15204352;1143095296;0;0;0;0;0;0;0;0;0;0;0;3146;0;0;93;0;160;0;
12453;6510680;1046265856;15204352;1143095296;0;0;0;0;0;0;0;0;0;0;0;2935;0;0;93;0;160;0;
12454;7137275;1046265856;15204352;1143095296;0;0;0;0;0;0;0;0;0;0;0;3106;0;0;93;0;160;0;
12455;8202442;1046265856;15204352;1143095296;0;0;0;0;0;0;0;0;0;0;0;2214;0;0;93;0;160;0;
12456;8886556;1046265856;15204352;1143095296;0;0;0;0;0;0;0;0;0;0;0;2996;0;0;93;0;160;0;
12457;7385140;1046265856;15204352;1143095296;0;0;0;0;0;0;0;0;0;0;0;2314;0;0;93;0;160;0;
12458;5887451;1046265856;15204352;1143095296;0;0;0;0;0;0;0;0;0;0;0;3567;0;0;93;0;160;0;
12459;8701148;1049706496;21790720;1149681664;0;0;0;0;0;0;0;0;0;0;0;3536;0;0;93;0;160;0;
12460;6344930;1051803648;21790720;1149681664;0;0;0;0;0;0;0;0;0;0;0;3166;0;0;93;0;160;0;
12461;8909819;1052610560;21790720;1149681664;0;0;0;0;0;0;0;0;0;0;0;4207;0;0;93;0;160;0;
12462;5529800;1052610560;21790720;1149681664;0;0;0;0;0;0;0;0;0;0;0;3146;0;0;93;0;160;0;
12463;7101038;1052610560;21790720;1149681664;0;0;0;0;0;0;0;0;0;0;0;3968;0;0;93;0;160;0;
12464;6206250;1052610560;21790720;1149681664;0;0;0;0;0;0;0;0;0;0;0;3166;0;0;93;0;160;0;
12465;9998260;1052610560;21790720;1149681664;0;0;0;0;0;0;0;0;0;0;0;3807;0;0;93;0;160;0;
12466;6284356;1046278144;13295616;1141186560;0;0;0;0;0;0;0;0;0;0;0;3767;0;0;93;0;160;0;
12467;7804146;1046278144;13295616;1141186560;0;0;0;0;0;0;0;0;0;0;0;4208;0;0;93;0;160;0;
12468;5769500;1046278144;13295616;1141186560;0;0;0;0;0;0;0;0;0;0;0;3657;0;0;93;0;160;0;
12469;8958941;1046278144;13295616;1141186560;0;0;0;0;0;0;0;0;0;0;0;2865;0;0;93;0;160;0;
12470;7970357;1046278144;13295616;1141186560;0;0;0;0;0;0;0;0;0;0;0;3266;0;0;93;0;160;0;
12471;7845062;1046278144;13295616;1141186560;0;0;0;0;0;0;0;0;0;0;0;3096;0;0;93;0;160;0;
12472;5655156;1046278144;13295616;1141186560;0;0;0;0;0;0;0;0;0;0;0;3186;0;0;93;0;160;0;
12473;6881636;1046278144;13295616;1141186560;0;0;0;0;0;0;0;0;0;0;0;2565;0;0;93;0;160;0;
12474;7492341;1046278144;13295616;1141186560;0;0;0;0;0;0;0;0;0;0;0;3246;0;0;93;0;160;0;
12475;8740191;1046278144;13295616;1141186560;0;0;0;0;0;0;0;0;0;0;0;4168;0;0;93;0;160;0;
12476;7554518;1046278144;13295616;1141186560;0;0;0;0;0;0;0;0;0;0;0;2605;0;0;93;0;160;0;
12477;6606219;1046278144;13295616;1141186560;0;0;0;0;0;0;0;0;0;0;0;2364;0;0;93;0;160;0;
12478;7379500;1046278144;13295616;1141186560;0;0;0;0;0;0;0;0;0;0;0;3035;0;0;93;0;160;0;
12479;11672851;1046278144;13295616;1141186560;0;0;0;0;0;0;0;0;0;0;0;2946;0;0;93;0;160;0;
12480;4993154;1046278144;13295616;1141186560;0;0;0;0;0;0;0;0;0;0;0;3547;0;0;93;0;160;0;
12481;9537897;1046278144;13295616;1141186560;0;0;0;0;0;0;0;0;0;0;0;3867;0;0;93;0;160;0;
12482;5748841;1046278144;13295616;1141186560;0;0;0;0;0;0;0;0;0;0;0;3506;0;0;93;0;160;0;
12483;8739480;1048375296;21790720;1149681664;0;0;0;0;0;0;0;0;0;0;0;4078;0;0;93;0;160;0;
12484;8196972;1056804864;21790720;1149681664;0;0;0;0;0;0;0;0;0;0;0;3657;0;0;94;0;160;0;
12485;8188327;1056804864;21790720;1149681664;0;0;0;0;0;0;0;0;0;0;0;3276;0;0;94;0;160;0;
12486;6442371;1056804864;21790720;1149681664;0;0;0;0;0;0;0;0;0;0;0;3497;0;0;94;0;160;0;
12487;7831296;1056804864;21790720;1149681664;0;0;0;0;0;0;0;0;0;0;0;2845;0;0;94;0;160;0;
12488;7596406;1056804864;21790720;1149681664;0;0;0;0;0;0;0;0;0;0;0;3346;0;0;94;0;160;0;
12489;7571559;1056804864;21790720;1149681664;0;0;0;0;0;0;0;0;0;0;0;2405;0;0;94;0;160;0;
12490;8818357;1054478336;15204352;1143095296;0;0;0;0;0;0;0;0;0;0;0;2515;0;0;95;0;160;0;
12491;9348613;1054478336;15204352;1143095296;0;0;0;0;0;0;0;0;0;0;0;2836;0;0;95;0;160;0;
12492;4291869;1054478336;15204352;1143095296;0;0;0;0;0;0;0;0;0;0;0;3206;0;0;95;0;160;0;
12493;8995971;1054478336;15204352;1143095296;0;0;0;0;0;0;0;0;0;0;0;2895;0;0;95;0;160;0;
12494;7137806;1054478336;15204352;1143095296;0;0;0;0;0;0;0;0;0;0;0;3587;0;0;95;0;160;0;
12495;8299064;1054478336;15204352;1143095296;0;0;0;0;0;0;0;0;0;0;0;3466;0;0;95;0;160;0;
12496;5629587;1054478336;15204352;1143095296;0;0;0;0;0;0;0;0;0;0;0;3677;0;0;95;0;160;0;
12497;8615747;1054478336;15204352;1143095296;0;0;0;0;0;0;0;0;0;0;0;2886;0;0;95;0;160;0;
12498;6593605;1054478336;15204352;1143095296;0;0;0;0;0;0;0;0;0;0;0;2956;0;0;95;0;160;0;
12499;6980110;1054478336;15204352;1143095296;0;0;0;0;0;0;0;0;0;0;0;2905;0;0;95;0;160;0;
12500;9160309;1054478336;15204352;1143095296;0;0;0;0;0;0;0;0;0;0;0;3787;0;0;95;0;160;0;
12501;8158630;1054478336;15204352;1143095296;0;0;0;0;0;0;0;0;0;0;0;2815;0;0;95;0;160;0;
12502;5127205;1054478336;15204352;1143095296;0;0;0;0;0;0;0;0;0;0;0;3316;0;0;95;0;160;0;
12503;7500667;1054478336;15204352;1143095296;0;0;0;0;0;0;0;0;0;0;0;2244;0;0;95;0;160;0;
12504;6903647;1054478336;15204352;1143095296;0;0;0;0;0;0;0;0;0;0;0;3086;0;0;95;0;160;0;
12505;8963500;1057923072;21790720;1149681664;0;0;0;0;0;0;0;0;0;0;0;4188;0;0;95;0;160;0;
12506;5939189;1060020224;21790720;1149681664;0;0;0;0;0;0;0;0;0;0;0;3176;0;0;95;0;160;0;
12507;9779290;1061097472;21790720;1149681664;0;0;0;0;0;0;0;0;0;0;0;3116;0;0;95;0;160;0;
12508;5364671;1061097472;21790720;1149681664;0;0;0;0;0;0;0;0;0;0;0;3056;0;0;95;0;160;0;
12509;9546584;1061097472;21790720;1149681664;0;0;0;0;0;0;0;0;0;0;0;3597;0;0;95;0;160;0;
12510;4664939;1061097472;21790720;1149681664;0;0;0;0;0;0;0;0;0;0;0;2775;0;0;95;0;160;0;
12511;8163880;1061097472;21790720;1149681664;0;0;0;0;0;0;0;0;0;0;0;2044;0;0;95;0;160;0;
12512;5331869;1054715904;13295616;1141186560;0;0;0;0;0;0;0;0;0;0;0;2785;0;0;95;0;160;0;
12513;5886279;1054715904;13295616;1141186560;0;0;0;0;0;0;0;0;0;0;0;2324;0;0;95;0;160;0;
12514;9453739;1054715904;13295616;1141186560;0;0;0;0;0;0;0;0;0;0;0;2835;0;0;95;0;160;0;
12515;8663608;1054715904;13295616;1141186560;0;0;0;0;0;0;0;0;0;0;0;2926;0;0;95;0;160;0;
12516;7109422;1054715904;13295616;1141186560;0;0;0;0;0;0;0;0;0;0;0;3066;0;0;95;0;160;0;
12517;8649862;1054715904;13295616;1141186560;0;0;0;0;0;0;0;0;0;0;0;3015;0;0;95;0;160;0;
12518;5028741;1054715904;13295616;1141186560;0;0;0;0;0;0;0;0;0;0;0;3437;0;0;95;0;160;0;
12519;6955013;1054715904;13295616;1141186560;0;0;0;0;0;0;0;0;0;0;0;3296;0;0;95;0;160;0;
12520;9101198;1054715904;13295616;1141186560;0;0;0;0;0;0;0;0;0;0;0;3858;0;0;95;0;160;0;
12521;8729421;1054715904;13295616;1141186560;0;0;0;0;0;0;0;0;0;0;0;3537;0;0;95;0;160;0;
12522;7732331;1054715904;13295616;1141186560;0;0;0;0;0;0;0;0;0;0;0;3006;0;0;95;0;160;0;
12523;10075786;1054715904;13295616;1141186560;0;0;0;0;0;0;0;0;0;0;0;3888;0;0;95;0;160;0;
12524;5087902;1054715904;13295616;1141186560;0;0;0;0;0;0;0;0;0;0;0;3206;0;0;95;0;160;0;
12525;7209380;1054715904;13295616;1141186560;0;0;0;0;0;0;0;0;0;0;0;3256;0;0;95;0;160;0;
12526;5710379;1054715904;13295616;1141186560;0;0;0;0;0;0;0;0;0;0;0;3336;0;0;95;0;160;0;
12527;7115434;1054715904;13295616;1141186560;0;0;0;0;0;0;0;0;0;0;0;3627;0;0;95;0;160;0;
12528;6038695;1054715904;13295616;1141186560;0;0;0;0;0;0;0;0;0;0;0;2925;0;0;95;0;160;0;
12529;7351016;1056813056;21790720;1149681664;0;0;0;0;0;0;0;0;0;0;0;3066;0;0;95;0;160;0;
12530;4397998;1061007360;21790720;1149681664;0;0;0;0;0;0;0;0;0;0;0;3316;0;0;95;0;160;0;
12531;6610637;1061007360;21790720;1149681664;0;0;0;0;0;0;0;0;0;0;0;2465;0;0;95;0;160;0;
12532;6125677;1061007360;21790720;1149681664;0;0;0;0;0;0;0;0;0;0;0;3026;0;0;95;0;160;0;
12533;7221332;1061007360;21790720;1149681664;0;0;0;0;0;0;0;0;0;0;0;2695;0;0;95;0;160;0;
12534;6519366;1061007360;21790720;1149681664;0;0;0;0;0;0;0;0;0;0;0;3026;0;0;95;0;160;0;
12535;8096915;1061007360;21790720;1149681664;0;0;0;0;0;0;0;0;0;0;0;2604;0;0;95;0;160;0;
12536;8483550;1054728192;15204352;1143095296;0;0;0;0;0;0;0;0;0;0;0;3847;0;0;95;0;160;0;
12537;7762477;1054728192;15204352;1143095296;0;0;0;0;0;0;0;0;0;0;0;2805;0;0;95;0;160;0;
12538;5725357;1054728192;15204352;1143095296;0;0;0;0;0;0;0;0;0;0;0;3297;0;0;95;0;160;0;
12539;5979143;1054728192;15204352;1143095296;0;0;0;0;0;0;0;0;0;0;0;2114;0;0;95;0;160;0;
12540;6469132;1054728192;15204352;1143095296;0;0;0;0;0;0;0;0;0;0;0;3336;0;0;95;0;160;0;
12541;6716876;1054728192;15204352;1143095296;0;0;0;0;0;0;0;0;0;0;0;2595;0;0;95;0;160;0;
12542;5679672;1054728192;15204352;1143095296;0;0;0;0;0;0;0;0;0;0;0;3015;0;0;95;0;160;0;
12543;6479451;1054728192;15204352;1143095296;0;0;0;0;0;0;0;0;0;0;0;2024;0;0;95;0;160;0;
12544;5720859;1054728192;15204352;1143095296;0;0;0;0;0;0;0;0;0;0;0;3547;0;0;95;0;160;0;
12545;7380761;1054728192;15204352;1143095296;0;0;0;0;0;0;0;0;0;0;0;2695;0;0;95;0;160;0;
12546;6876767;1054728192;15204352;1143095296;0;0;0;0;0;0;0;0;0;0;0;3135;0;0;95;0;160;0;
12547;7707525;1054728192;15204352;1143095296;0;0;0;0;0;0;0;0;0;0;0;3597;0;0;95;0;160;0;
12548;3517066;1054728192;15204352;1143095296;0;0;0;0;0;0;0;0;0;0;0;3176;0;0;95;0;160;0;
12549;7115795;1054728192;15204352;1143095296;0;0;0;0;0;0;0;0;0;0;0;2184;0;0;95;0;160;0;
12550;4037962;1054728192;15204352;1143095296;0;0;0;0;0;0;0;0;0;0;0;2865;0;0;95;0;160;0;
12551;8535487;1058168832;21790720;1149681664;0;0;0;0;0;0;0;0;0;0;0;2805;0;0;95;0;160;0;
12552;3597337;1060265984;21790720;1149681664;0;0;0;0;0;0;0;0;0;0;0;2935;0;0;95;0;160;0;
12553;7770793;1061072896;21790720;1149681664;0;0;0;0;0;0;0;0;0;0;0;3075;0;0;95;0;160;0;
12554;4531127;1061072896;21790720;1149681664;0;0;0;0;0;0;0;0;0;0;0;3407;0;0;95;0;160;0;
12555;5729535;1061072896;21790720;1149681664;0;0;0;0;0;0;0;0;0;0;0;1973;0;0;95;0;160;0;
12556;5761405;1061072896;21790720;1149681664;0;0;0;0;0;0;0;0;0;0;0;2385;0;0;95;0;160;0;
12557;7447357;1061072896;21790720;1149681664;0;0;0;0;0;0;0;0;0;0;0;2224;0;0;95;0;160;0;
12558;4918303;1054740480;13295616;1141186560;0;0;0;0;0;0;0;0;0;0;0;2475;0;0;95;0;160;0;
12559;9012141;1054740480;13295616;1141186560;0;0;0;0;0;0;0;0;0;0;0;2275;0;0;95;0;160;0;
12560;3666987;1054740480;13295616;1141186560;0;0;0;0;0;0;0;0;0;0;0;2815;0;0;95;0;160;0;
12561;6022344;1054740480;13295616;1141186560;0;0;0;0;0;0;0;0;0;0;0;2274;0;0;95;0;160;0;
12562;5255867;1054740480;13295616;1141186560;0;0;0;0;0;0;0;0;0;0;0;3076;0;0;95;0;160;0;
12563;8064544;1054740480;13295616;1141186560;0;0;0;0;0;0;0;0;0;0;0;2064;0;0;95;0;160;0;
12564;4512813;1054740480;13295616;1141186560;0;0;0;0;0;0;0;0;0;0;0;2906;0;0;95;0;160;0;
12565;7461723;1054740480;13295616;1141186560;0;0;0;0;0;0;0;0;0;0;0;2935;0;0;95;0;160;0;
12566;4185399;1054740480;13295616;1141186560;0;0;0;0;0;0;0;0;0;0;0;3406;0;0;95;0;160;0;
12567;7197638;1054740480;13295616;1141186560;0;0;0;0;0;0;0;0;0;0;0;2064;0;0;95;0;160;0;
12568;6264618;1054740480;13295616;1141186560;0;0;0;0;0;0;0;0;0;0;0;3346;0;0;95;0;160;0;
12569;12211110;1054740480;13295616;1141186560;0;0;0;0;0;0;0;0;0;0;0;2034;0;0;95;0;160;0;
12570;7294229;1054740480;13295616;1141186560;0;0;0;0;0;0;0;0;0;0;0;2966;0;0;95;0;160;0;
12571;5450021;1054740480;13295616;1141186560;0;0;0;0;0;0;0;0;0;0;0;1824;0;0;95;0;160;0;
12572;7196075;1054740480;13295616;1141186560;0;0;0;0;0;0;0;0;0;0;0;3106;0;0;95;0;160;0;
12573;7589493;1054740480;13295616;1141186560;0;0;0;0;0;0;0;0;0;0;0;2665;0;0;95;0;160;0;
12574;6708601;1054740480;13295616;1141186560;0;0;0;0;0;0;0;0;0;0;0;2595;0;0;95;0;160;0;
12575;6991541;1056837632;21790720;1149681664;0;0;0;0;0;0;0;0;0;0;0;2174;0;0;95;0;160;0;
12576;7560760;1061031936;21790720;1149681664;0;0;0;0;0;0;0;0;0;0;0;3476;0;0;95;0;160;0;
12577;5740446;1061031936;21790720;1149681664;0;0;0;0;0;0;0;0;0;0;0;2364;0;0;95;0;160;0;
12578;7323033;1061031936;21790720;1149681664;0;0;0;0;0;0;0;0;0;0;0;2876;0;0;95;0;160;0;
12579;7322673;1061031936;21790720;1149681664;0;0;0;0;0;0;0;0;0;0;0;2495;0;0;95;0;160;0;
12580;6491714;1061031936;21790720;1149681664;0;0;0;0;0;0;0;0;0;0;0;3066;0;0;95;0;160;0;
12581;8915700;1061031936;21790720;1149681664;0;0;0;0;0;0;0;0;0;0;0;2825;0;0;95;0;160;0;
12582;5256948;1054752768;15204352;1143095296;0;0;0;0;0;0;0;0;0;0;0;2895;0;0;95;0;160;0;
12583;8356111;1054752768;15204352;1143095296;0;0;0;0;0;0;0;0;0;0;0;2805;0;0;95;0;160;0;
12584;4398689;1054752768;15204352;1143095296;0;0;0;0;0;0;0;0;0;0;0;2905;0;0;95;0;160;0;
12585;6101583;1054752768;15204352;1143095296;0;0;0;0;0;0;0;0;0;0;0;1914;0;0;95;0;160;0;
12586;4872608;1054752768;15204352;1143095296;0;0;0;0;0;0;0;0;0;0;0;2545;0;0;95;0;160;0;
12587;7671967;1054752768;15204352;1143095296;0;0;0;0;0;0;0;0;0;0;0;2023;0;0;95;0;160;0;
12588;5172831;1054752768;15204352;1143095296;0;0;0;0;0;0;0;0;0;0;0;2725;0;0;95;0;160;0;
12589;5461383;1054752768;15204352;1143095296;0;0;0;0;0;0;0;0;0;0;0;1903;0;0;95;0;160;0;
12590;5525863;1054752768;15204352;1143095296;0;0;0;0;0;0;0;0;0;0;0;2474;0;0;95;0;160;0;
12591;6939384;1054752768;15204352;1143095296;0;0;0;0;0;0;0;0;0;0;0;1914;0;0;95;0;160;0;
12592;5778286;1054752768;15204352;1143095296;0;0;0;0;0;0;0;0;0;0;0;2775;0;0;95;0;160;0;
12593;6973368;1054752768;15204352;1143095296;0;0;0;0;0;0;0;0;0;0;0;1833;0;0;95;0;160;0;
12594;4959741;1054752768;15204352;1143095296;0;0;0;0;0;0;0;0;0;0;0;3347;0;0;95;0;160;0;
12595;6752323;1054752768;15204352;1143095296;0;0;0;0;0;0;0;0;0;0;0;2014;0;0;95;0;160;0;
12596;4730832;1054752768;15204352;1143095296;0;0;0;0;0;0;0;0;0;0;0;3056;0;0;95;0;160;0;
12597;6888709;1054752768;15204352;1143095296;0;0;0;0;0;0;0;0;0;0;0;1783;0;0;95;0;160;0;
12598;5966088;1054752768;15204352;1143095296;0;0;0;0;0;0;0;0;0;0;0;2806;0;0;95;0;160;0;
12599;7518039;1058193408;21790720;1149681664;0;0;0;0;0;0;0;0;0;0;0;2194;0;0;95;0;160;0;
12600;4503566;1060290560;21790720;1149681664;0;0;0;0;0;0;0;0;0;0;0;3266;0;0;95;0;160;0;
12601;8518465;1061097472;21790720;1149681664;0;0;0;0;0;0;0;0;0;0;0;3617;0;0;95;0;160;0;
12602;4511271;1061097472;21790720;1149681664;0;0;0;0;0;0;0;0;0;0;0;3677;0;0;95;0;160;0;
12603;7897821;1061097472;21790720;1149681664;0;0;0;0;0;0;0;0;0;0;0;2154;0;0;95;0;160;0;
12604;4459664;1061097472;21790720;1149681664;0;0;0;0;0;0;0;0;0;0;0;3707;0;0;95;0;160;0;
12605;8309944;1061097472;21790720;1149681664;0;0;0;0;0;0;0;0;0;0;0;2615;0;0;95;0;160;0;
12606;4818907;1054765056;13295616;1141186560;0;0;0;0;0;0;0;0;0;0;0;2985;0;0;95;0;160;0;
12607;7570036;1054765056;13295616;1141186560;0;0;0;0;0;0;0;0;0;0;0;153247;0;0;95;0;160;0;
12608;6712228;1054765056;13295616;1141186560;0;0;0;0;0;0;0;0;0;0;0;2966;0;0;95;0;160;0;
12609;7070780;1054765056;13295616;1141186560;0;0;0;0;0;0;0;0;0;0;0;2505;0;0;95;0;160;0;
12610;6892987;1054765056;13295616;1141186560;0;0;0;0;0;0;0;0;0;0;0;3697;0;0;95;0;160;0;
12611;7447016;1054765056;13295616;1141186560;0;0;0;0;0;0;0;0;0;0;0;2374;0;0;95;0;160;0;
12612;4698331;1054765056;13295616;1141186560;0;0;0;0;0;0;0;0;0;0;0;2915;0;0;95;0;160;0;
12613;6414299;1054765056;13295616;1141186560;0;0;0;0;0;0;0;0;0;0;0;1764;0;0;95;0;160;0;
12614;6283464;1054765056;13295616;1141186560;0;0;0;0;0;0;0;0;0;0;0;3086;0;0;95;0;160;0;
12615;6443183;1054765056;13295616;1141186560;0;0;0;0;0;0;0;0;0;0;0;2084;0;0;95;0;160;0;
12616;4693832;1054765056;13295616;1141186560;0;0;0;0;0;0;0;0;0;0;0;3337;0;0;95;0;160;0;
12617;5899664;1054765056;13295616;1141186560;0;0;0;0;0;0;0;0;0;0;0;2395;0;0;95;0;160;0;
12618;5131263;1054765056;13295616;1141186560;0;0;0;0;0;0;0;0;0;0;0;3025;0;0;95;0;160;0;
12619;7700511;1054765056;13295616;1141186560;0;0;0;0;0;0;0;0;0;0;0;3246;0;0;95;0;160;0;
12620;3784247;1054765056;13295616;1141186560;0;0;0;0;0;0;0;0;0;0;0;2936;0;0;95;0;160;0;
12621;5666707;1056862208;21790720;1149681664;0;0;0;0;0;0;0;0;0;0;0;2304;0;0;95;0;160;0;
12622;6427585;1061056512;21790720;1149681664;0;0;0;0;0;0;0;0;0;0;0;3297;0;0;95;0;160;0;
12623;7251420;1061310464;21790720;1149681664;0;0;0;0;0;0;0;0;0;0;0;3516;0;0;95;0;160;0;
12624;3961619;1061310464;21790720;1149681664;0;0;0;0;0;0;0;0;0;0;0;3497;0;0;95;0;160;0;
12625;7564236;1061310464;21790720;1149681664;0;0;0;0;0;0;0;0;0;0;0;3026;0;0;95;0;160;0;
12626;5295120;1061310464;21790720;1149681664;0;0;0;0;0;0;0;0;0;0;0;3887;0;0;95;0;160;0;
12627;7038591;1061310464;21790720;1149681664;0;0;0;0;0;0;0;0;0;0;0;2244;0;0;95;0;160;0;
12628;5352207;1054777344;15204352;1143095296;0;0;0;0;0;0;0;0;0;0;0;3086;0;0;95;0;160;0;
12629;10692994;1054777344;15204352;1143095296;0;0;0;0;0;0;0;0;0;0;0;2826;0;0;95;0;160;0;
12630;8641967;1054777344;15204352;1143095296;0;0;0;0;0;0;0;0;0;0;0;3797;0;0;95;0;160;0;
12631;9508092;1054777344;15204352;1143095296;0;0;0;0;0;0;0;0;0;0;0;3176;0;0;95;0;160;0;
12632;6715844;1054777344;15204352;1143095296;0;0;0;0;0;0;0;0;0;0;0;3887;0;0;95;0;160;0;
12633;10251024;1054777344;15204352;1143095296;0;0;0;0;0;0;0;0;0;0;0;2895;0;0;95;0;160;0;
12634;5253582;1054777344;15204352;1143095296;0;0;0;0;0;0;0;0;0;0;0;3416;0;0;95;0;160;0;
12635;9103963;1054777344;15204352;1143095296;0;0;0;0;0;0;0;0;0;0;0;4278;0;0;95;0;160;0;
12636;6714603;1054777344;15204352;1143095296;0;0;0;0;0;0;0;0;0;0;0;3326;0;0;95;0;160;0;
12637;8559672;1054777344;15204352;1143095296;0;0;0;0;0;0;0;0;0;0;0;3266;0;0;95;0;160;0;
12638;7249836;1054777344;15204352;1143095296;0;0;0;0;0;0;0;0;0;0;0;4699;0;0;95;0;160;0;
12639;10266644;1054777344;15204352;1143095296;0;0;0;0;0;0;0;0;0;0;0;3256;0;0;95;0;160;0;
12640;7051023;1054777344;15204352;1143095296;0;0;0;0;0;0;0;0;0;0;0;3446;0;0;95;0;160;0;
12641;7752889;1054777344;15204352;1143095296;0;0;0;0;0;0;0;0;0;0;0;3146;0;0;95;0;160;0;
12642;5968143;1054777344;15204352;1143095296;0;0;0;0;0;0;0;0;0;0;0;4588;0;0;95;0;160;0;
12643;9547135;1054777344;15204352;1143095296;0;0;0;0;0;0;0;0;0;0;0;3507;0;0;95;0;160;0;
12644;7817360;1054777344;15204352;1143095296;0;0;0;0;0;0;0;0;0;0;0;4098;0;0;95;0;160;0;
12645;10633962;1058217984;21790720;1149681664;0;0;0;0;0;0;0;0;0;0;0;3717;0;0;95;0;160;0;
12646;8388181;1060315136;21790720;1149681664;0;0;0;0;0;0;0;0;0;0;0;5320;0;0;95;0;160;0;
12647;11479338;1061122048;21790720;1149681664;0;0;0;0;0;0;0;0;0;0;0;3617;0;0;95;0;160;0;
12648;7003614;1061122048;21790720;1149681664;0;0;0;0;0;0;0;0;0;0;0;3487;0;0;95;0;160;0;
12649;8396667;1061122048;21790720;1149681664;0;0;0;0;0;0;0;0;0;0;0;3446;0;0;95;0;160;0;
12650;6836251;1061122048;21790720;1149681664;0;0;0;0;0;0;0;0;0;0;0;3246;0;0;95;0;160;0;
12651;9946023;1061122048;21790720;1149681664;0;0;0;0;0;0;0;0;0;0;0;3106;0;0;95;0;160;0;
12652;6727968;1054789632;13295616;1141186560;0;0;0;0;0;0;0;0;0;0;0;4639;0;0;95;0;160;0;
12653;7895046;1054789632;13295616;1141186560;0;0;0;0;0;0;0;0;0;0;0;2485;0;0;95;0;160;0;
12654;7543136;1054789632;13295616;1141186560;0;0;0;0;0;0;0;0;0;0;0;3106;0;0;95;0;160;0;
12655;9703888;1054789632;13295616;1141186560;0;0;0;0;0;0;0;0;0;0;0;3597;0;0;95;0;160;0;
12656;6493578;1054789632;13295616;1141186560;0;0;0;0;0;0;0;0;0;0;0;2615;0;0;95;0;160;0;
12657;10236807;1054789632;13295616;1141186560;0;0;0;0;0;0;0;0;0;0;0;3306;0;0;95;0;160;0;
12658;7571510;1054789632;13295616;1141186560;0;0;0;0;0;0;0;0;0;0;0;2384;0;0;95;0;160;0;
12659;7461213;1054789632;13295616;1141186560;0;0;0;0;0;0;0;0;0;0;0;2214;0;0;95;0;160;0;
12660;7674252;1054789632;13295616;1141186560;0;0;0;0;0;0;0;0;0;0;0;3006;0;0;95;0;160;0;
12661;6620807;1054789632;13295616;1141186560;0;0;0;0;0;0;0;0;0;0;0;1723;0;0;95;0;160;0;
12662;6985370;1054789632;13295616;1141186560;0;0;0;0;0;0;0;0;0;0;0;3627;0;0;95;0;160;0;
12663;7479006;1054789632;13295616;1141186560;0;0;0;0;0;0;0;0;0;0;0;3597;0;0;95;0;160;0;
12664;5921074;1054789632;13295616;1141186560;0;0;0;0;0;0;0;0;0;0;0;3216;0;0;95;0;160;0;
12665;7250658;1054789632;13295616;1141186560;0;0;0;0;0;0;0;0;0;0;0;4268;0;0;95;0;160;0;
12666;4573547;1054789632;13295616;1141186560;0;0;0;0;0;0;0;0;0;0;0;2985;0;0;95;0;160;0;
12667;7167091;1054789632;13295616;1141186560;0;0;0;0;0;0;0;0;0;0;0;2465;0;0;95;0;160;0;
12668;6416433;1054789632;13295616;1141186560;0;0;0;0;0;0;0;0;0;0;0;3797;0;0;95;0;160;0;
12669;9577010;1056886784;21790720;1149681664;0;0;0;0;0;0;0;0;0;0;0;3236;0;0;95;0;160;0;
12670;7222675;1061081088;21790720;1149681664;0;0;0;0;0;0;0;0;0;0;0;4207;0;0;95;0;160;0;
12671;8478962;1061335040;21790720;1149681664;0;0;0;0;0;0;0;0;0;0;0;3436;0;0;95;0;160;0;
12672;7159046;1061335040;21790720;1149681664;0;0;0;0;0;0;0;0;0;0;0;3636;0;0;95;0;160;0;
12673;6279146;1061335040;21790720;1149681664;0;0;0;0;0;0;0;0;0;0;0;2265;0;0;95;0;160;0;
12674;5622805;1061335040;21790720;1149681664;0;0;0;0;0;0;0;0;0;0;0;3867;0;0;95;0;160;0;
12675;8068662;1061335040;21790720;1149681664;0;0;0;0;0;0;0;0;0;0;0;2796;0;0;95;0;160;0;
12676;9153036;1054801920;15204352;1143095296;0;0;0;0;0;0;0;0;0;0;0;3787;0;0;95;0;160;0;
12677;6787539;1054801920;15204352;1143095296;0;0;0;0;0;0;0;0;0;0;0;2014;0;0;95;0;160;0;
12678;7305220;1054801920;15204352;1143095296;0;0;0;0;0;0;0;0;0;0;0;3457;0;0;95;0;160;0;
12679;6352935;1054801920;15204352;1143095296;0;0;0;0;0;0;0;0;0;0;0;2505;0;0;95;0;160;0;
12680;5782875;1054801920;15204352;1143095296;0;0;0;0;0;0;0;0;0;0;0;2815;0;0;95;0;160;0;
12681;6982465;1054801920;15204352;1143095296;0;0;0;0;0;0;0;0;0;0;0;2134;0;0;95;0;160;0;
12682;5590785;1054801920;15204352;1143095296;0;0;0;0;0;0;0;0;0;0;0;3557;0;0;95;0;160;0;
12683;8590580;1054801920;15204352;1143095296;0;0;0;0;0;0;0;0;0;0;0;3095;0;0;95;0;160;0;
12684;5935050;1054801920;15204352;1143095296;0;0;0;0;0;0;0;0;0;0;0;3286;0;0;95;0;160;0;
12685;8327257;1054801920;15204352;1143095296;0;0;0;0;0;0;0;0;0;0;0;2414;0;0;95;0;160;0;
12686;5601284;1054801920;15204352;1143095296;0;0;0;0;0;0;0;0;0;0;0;4038;0;0;95;0;160;0;
12687;6778191;1054801920;15204352;1143095296;0;0;0;0;0;0;0;0;0;0;0;3156;0;0;95;0;160;0;
12688;6934084;1054801920;15204352;1143095296;0;0;0;0;0;0;0;0;0;0;0;3506;0;0;95;0;160;0;
12689;7591086;1054801920;15204352;1143095296;0;0;0;0;0;0;0;0;0;0;0;3226;0;0;95;0;160;0;
12690;7434091;1054801920;15204352;1143095296;0;0;0;0;0;0;0;0;0;0;0;3006;0;0;95;0;160;0;
12691;8224354;1058242560;21790720;1149681664;0;0;0;0;0;0;0;0;0;0;0;2775;0;0;95;0;160;0;
12692;7564005;1060339712;21790720;1149681664;0;0;0;0;0;0;0;0;0;0;0;2805;0;0;95;0;160;0;
12693;10263078;1061146624;21790720;1149681664;0;0;0;0;0;0;0;0;0;0;0;3597;0;0;95;0;160;0;
12694;6388912;1061146624;21790720;1149681664;0;0;0;0;0;0;0;0;0;0;0;3657;0;0;95;0;160;0;
12695;7968294;1061146624;21790720;1149681664;0;0;0;0;0;0;0;0;0;0;0;3316;0;0;95;0;160;0;
12696;7060380;1061146624;21790720;1149681664;0;0;0;0;0;0;0;0;0;0;0;3637;0;0;95;0;160;0;
12697;7336238;1061146624;21790720;1149681664;0;0;0;0;0;0;0;0;0;0;0;2415;0;0;95;0;160;0;
12698;8453504;1054814208;13295616;1141186560;0;0;0;0;0;0;0;0;0;0;0;2635;0;0;95;0;160;0;
12699;9757630;1054814208;13295616;1141186560;0;0;0;0;0;0;0;0;0;0;0;2875;0;0;95;0;160;0;
12700;5440613;1054814208;13295616;1141186560;0;0;0;0;0;0;0;0;0;0;0;3617;0;0;95;0;160;0;
12701;9632324;1054814208;13295616;1141186560;0;0;0;0;0;0;0;0;0;0;0;4108;0;0;95;0;160;0;
12702;5304468;1054814208;13295616;1141186560;0;0;0;0;0;0;0;0;0;0;0;2936;0;0;95;0;160;0;
12703;8781859;1054814208;13295616;1141186560;0;0;0;0;0;0;0;0;0;0;0;3426;0;0;95;0;160;0;
12704;5613357;1054814208;13295616;1141186560;0;0;0;0;0;0;0;0;0;0;0;3517;0;0;95;0;160;0;
12705;10279017;1054814208;13295616;1141186560;0;0;0;0;0;0;0;0;0;0;0;3236;0;0;95;0;160;0;
12706;5086439;1054814208;13295616;1141186560;0;0;0;0;0;0;0;0;0;0;0;4098;0;0;95;0;160;0;
12707;9494155;1054814208;13295616;1141186560;0;0;0;0;0;0;0;0;0;0;0;2886;0;0;95;0;160;0;
12708;6246555;1054814208;13295616;1141186560;0;0;0;0;0;0;0;0;0;0;0;65723;0;0;95;0;160;0;
12709;12421225;1054814208;13295616;1141186560;0;0;0;0;0;0;0;0;0;0;0;2896;0;0;95;0;160;0;
12710;7476050;1054814208;13295616;1141186560;0;0;0;0;0;0;0;0;0;0;0;72546;0;0;95;0;160;0;
12711;9557654;1054814208;13295616;1141186560;0;0;0;0;0;0;0;0;0;0;0;4428;0;0;95;0;160;0;
12712;8389584;1054814208;13295616;1141186560;0;0;0;0;0;0;0;0;0;0;0;3286;0;0;95;0;160;0;
12713;12634955;1056911360;21790720;1149681664;0;0;0;0;0;0;0;0;0;0;0;3176;0;0;95;0;160;0;
12714;6925398;1061105664;21790720;1149681664;0;0;0;0;0;0;0;0;0;0;0;3697;0;0;95;0;160;0;
12715;10061890;1061359616;21790720;1149681664;0;0;0;0;0;0;0;0;0;0;0;3236;0;0;95;0;160;0;
12716;11963887;1061359616;21790720;1149681664;0;0;0;0;0;0;0;0;0;0;0;3246;0;0;95;0;160;0;
12717;8283775;1061359616;21790720;1149681664;0;0;0;0;0;0;0;0;0;0;0;2936;0;0;95;0;160;0;
12718;4373993;1061359616;21790720;1149681664;0;0;0;0;0;0;0;0;0;0;0;3116;0;0;95;0;160;0;
12719;26443311;1061359616;21790720;1149681664;0;0;0;0;0;0;0;0;0;0;0;2535;0;0;95;0;160;0;
12720;7891410;1054826496;15204352;1143095296;0;0;0;0;0;0;0;0;0;0;0;3176;0;0;95;0;160;0;
12721;10061329;1054826496;15204352;1143095296;0;0;0;0;0;0;0;0;0;0;0;4478;0;0;95;0;160;0;
12722;3537995;1054826496;15204352;1143095296;0;0;0;0;0;0;0;0;0;0;0;3696;0;0;95;0;160;0;
12723;6394502;1054826496;15204352;1143095296;0;0;0;0;0;0;0;0;0;0;0;2765;0;0;95;0;160;0;
12724;7223347;1054826496;15204352;1143095296;0;0;0;0;0;0;0;0;0;0;0;3146;0;0;95;0;160;0;
12725;8728660;1054826496;15204352;1143095296;0;0;0;0;0;0;0;0;0;0;0;4117;0;0;95;0;160;0;
12726;7034192;1054826496;15204352;1143095296;0;0;0;0;0;0;0;0;0;0;0;3457;0;0;95;0;160;0;
12727;7399066;1054826496;15204352;1143095296;0;0;0;0;0;0;0;0;0;0;0;2956;0;0;95;0;160;0;
12728;7585746;1054826496;15204352;1143095296;0;0;0;0;0;0;0;0;0;0;0;3777;0;0;95;0;160;0;
12729;9402473;1054826496;15204352;1143095296;0;0;0;0;0;0;0;0;0;0;0;3958;0;0;95;0;160;0;
12730;5258531;1054826496;15204352;1143095296;0;0;0;0;0;0;0;0;0;0;0;3917;0;0;95;0;160;0;
12731;8203514;1054826496;15204352;1143095296;0;0;0;0;0;0;0;0;0;0;0;3286;0;0;95;0;160;0;
12732;6825230;1054826496;15204352;1143095296;0;0;0;0;0;0;0;0;0;0;0;3196;0;0;95;0;160;0;
12733;11609613;1054826496;15204352;1143095296;0;0;0;0;0;0;0;0;0;0;0;3907;0;0;95;0;160;0;
12734;6569460;1054826496;15204352;1143095296;0;0;0;0;0;0;0;0;0;0;0;3447;0;0;95;0;160;0;
12735;9760154;1054826496;15204352;1143095296;0;0;0;0;0;0;0;0;0;0;0;3437;0;0;95;0;160;0;
12736;4998855;1054826496;15204352;1143095296;0;0;0;0;0;0;0;0;0;0;0;2935;0;0;95;0;160;0;
12737;10593016;1058267136;21790720;1149681664;0;0;0;0;0;0;0;0;0;0;0;3196;0;0;95;0;160;0;
12738;7392934;1060364288;21790720;1149681664;0;0;0;0;0;0;0;0;0;0;0;3677;0;0;95;0;160;0;
12739;9783147;1060364288;21790720;1149681664;0;0;0;0;0;0;0;0;0;0;0;3196;0;0;95;0;160;0;
12740;8313430;1060364288;21790720;1149681664;0;0;0;0;0;0;0;0;0;0;0;3617;0;0;95;0;160;0;
12741;7159998;1060364288;21790720;1149681664;0;0;0;0;0;0;0;0;0;0;0;3576;0;0;95;0;160;0;
12742;6265430;1060364288;21790720;1149681664;0;0;0;0;0;0;0;0;0;0;0;7334;0;0;95;0;160;0;
12743;6018997;1060364288;21790720;1149681664;0;0;0;0;0;0;0;0;0;0;0;2405;0;0;95;0;160;0;
12744;7956171;1060364288;21790720;1149681664;0;0;0;0;0;0;0;0;0;0;0;3186;0;0;95;0;160;0;
12745;7034031;1060364288;21790720;1149681664;0;0;0;0;0;0;0;0;0;0;0;2244;0;0;95;0;160;0;
12746;8433576;1054838784;15204352;1143095296;0;0;0;0;0;0;0;0;0;0;0;2965;0;0;95;0;160;0;
12747;7674573;1054838784;15204352;1143095296;0;0;0;0;0;0;0;0;0;0;0;1944;0;0;95;0;160;0;
12748;5832138;1054838784;15204352;1143095296;0;0;0;0;0;0;0;0;0;0;0;4358;0;0;95;0;160;0;
12749;8326956;1054838784;15204352;1143095296;0;0;0;0;0;0;0;0;0;0;0;3557;0;0;95;0;160;0;
12750;5128618;1054838784;15204352;1143095296;0;0;0;0;0;0;0;0;0;0;0;3096;0;0;95;0;160;0;
12751;6115148;1054838784;15204352;1143095296;0;0;0;0;0;0;0;0;0;0;0;2094;0;0;95;0;160;0;
12752;7016538;1054838784;15204352;1143095296;0;0;0;0;0;0;0;0;0;0;0;3657;0;0;95;0;160;0;
12753;5162642;1054838784;15204352;1143095296;0;0;0;0;0;0;0;0;0;0;0;1793;0;0;95;0;160;0;
12754;5145480;1054838784;15204352;1143095296;0;0;0;0;0;0;0;0;0;0;0;3507;0;0;95;0;160;0;
12755;6135245;1054838784;15204352;1143095296;0;0;0;0;0;0;0;0;0;0;0;2264;0;0;95;0;160;0;
12756;3905114;1054838784;15204352;1143095296;0;0;0;0;0;0;0;0;0;0;0;2384;0;0;95;0;160;0;
12757;6708131;1054838784;15204352;1143095296;0;0;0;0;0;0;0;0;0;0;0;1984;0;0;95;0;160;0;
12758;2500309;1054838784;15204352;1143095296;0;0;0;0;0;0;0;0;0;0;0;2414;0;0;95;0;160;0;
12759;5150419;1054838784;15204352;1143095296;0;0;0;0;0;0;0;0;0;0;0;1734;0;0;95;0;160;0;
12760;4799180;1054838784;15204352;1143095296;0;0;0;0;0;0;0;0;0;0;0;3126;0;0;95;0;160;0;
12761;5901318;1058279424;21790720;1149681664;0;0;0;0;0;0;0;0;0;0;0;1713;0;0;95;0;160;0;
12762;5747769;1060376576;21790720;1149681664;0;0;0;0;0;0;0;0;0;0;0;2725;0;0;95;0;160;0;
12763;4014659;1060376576;21790720;1149681664;0;0;0;0;0;0;0;0;0;0;0;1723;0;0;95;0;160;0;
12764;5345795;1060376576;21790720;1149681664;0;0;0;0;0;0;0;0;0;0;0;2345;0;0;95;0;160;0;
12765;6887467;1060376576;21790720;1149681664;0;0;0;0;0;0;0;0;0;0;0;2324;0;0;95;0;160;0;
12766;3440311;1060376576;21790720;1149681664;0;0;0;0;0;0;0;0;0;0;0;2715;0;0;95;0;160;0;
12767;6242317;1060376576;21790720;1149681664;0;0;0;0;0;0;0;0;0;0;0;1874;0;0;95;0;160;0;
12768;5318574;1060376576;21790720;1149681664;0;0;0;0;0;0;0;0;0;0;0;4018;0;0;95;0;160;0;
12769;5736078;1060376576;21790720;1149681664;0;0;0;0;0;0;0;0;0;0;0;1463;0;0;95;0;160;0;
12770;4391435;1054851072;15204352;1143095296;0;0;0;0;0;0;0;0;0;0;0;3026;0;0;95;0;160;0;
12771;5156691;1054851072;15204352;1143095296;0;0;0;0;0;0;0;0;0;0;0;1854;0;0;95;0;160;0;
12772;4689284;1054851072;15204352;1143095296;0;0;0;0;0;0;0;0;0;0;0;2405;0;0;95;0;160;0;
12773;6502244;1054851072;15204352;1143095296;0;0;0;0;0;0;0;0;0;0;0;1843;0;0;95;0;160;0;
12774;4807616;1054851072;15204352;1143095296;0;0;0;0;0;0;0;0;0;0;0;3427;0;0;95;0;160;0;
12775;5050322;1054851072;15204352;1143095296;0;0;0;0;0;0;0;0;0;0;0;1944;0;0;95;0;160;0;
12776;6355539;1054851072;15204352;1143095296;0;0;0;0;0;0;0;0;0;0;0;3166;0;0;95;0;160;0;
12777;5887772;1054851072;15204352;1143095296;0;0;0;0;0;0;0;0;0;0;0;1613;0;0;95;0;160;0;
12778;5296684;1054851072;15204352;1143095296;0;0;0;0;0;0;0;0;0;0;0;2454;0;0;95;0;160;0;
12779;6264749;1054851072;15204352;1143095296;0;0;0;0;0;0;0;0;0;0;0;1814;0;0;95;0;160;0;
12780;3240848;1054851072;15204352;1143095296;0;0;0;0;0;0;0;0;0;0;0;2304;0;0;95;0;160;0;
12781;5972311;1054851072;15204352;1143095296;0;0;0;0;0;0;0;0;0;0;0;2014;0;0;95;0;160;0;
12782;4186442;1054851072;15204352;1143095296;0;0;0;0;0;0;0;0;0;0;0;2024;0;0;95;0;160;0;
12783;7740787;1058291712;21790720;1149681664;0;0;0;0;0;0;0;0;0;0;0;1934;0;0;95;0;160;0;
12784;3984272;1060388864;21790720;1149681664;0;0;0;0;0;0;0;0;0;0;0;2906;0;0;95;0;160;0;
12785;5836035;1060388864;21790720;1149681664;0;0;0;0;0;0;0;0;0;0;0;1854;0;0;95;0;160;0;
12786;4605417;1060388864;21790720;1149681664;0;0;0;0;0;0;0;0;0;0;0;2485;0;0;95;0;160;0;
12787;5887952;1060388864;21790720;1149681664;0;0;0;0;0;0;0;0;0;0;0;1653;0;0;95;0;160;0;
12788;4543300;1060388864;21790720;1149681664;0;0;0;0;0;0;0;0;0;0;0;3286;0;0;95;0;160;0;
12789;6865335;1060388864;21790720;1149681664;0;0;0;0;0;0;0;0;0;0;0;2214;0;0;95;0;160;0;
12790;4193514;1060388864;21790720;1149681664;0;0;0;0;0;0;0;0;0;0;0;2425;0;0;95;0;160;0;
12791;5938116;1060388864;21790720;1149681664;0;0;0;0;0;0;0;0;0;0;0;1983;0;0;95;0;160;0;
12792;4644029;1054863360;15204352;1143095296;0;0;0;0;0;0;0;0;0;0;0;2705;0;0;95;0;160;0;
12793;5037427;1054863360;15204352;1143095296;0;0;0;0;0;0;0;0;0;0;0;1593;0;0;95;0;160;0;
12794;4039195;1054863360;15204352;1143095296;0;0;0;0;0;0;0;0;0;0;0;2905;0;0;95;0;160;0;
12795;4616868;1054863360;15204352;1143095296;0;0;0;0;0;0;0;0;0;0;0;1873;0;0;95;0;160;0;
12796;3560448;1054863360;15204352;1143095296;0;0;0;0;0;0;0;0;0;0;0;2074;0;0;95;0;160;0;
12797;5672949;1054863360;15204352;1143095296;0;0;0;0;0;0;0;0;0;0;0;1803;0;0;95;0;160;0;
12798;5118840;1054863360;15204352;1143095296;0;0;0;0;0;0;0;0;0;0;0;2414;0;0;95;0;160;0;
12799;5379939;1054863360;15204352;1143095296;0;0;0;0;0;0;0;0;0;0;0;2114;0;0;95;0;160;0;
12800;4272823;1054863360;15204352;1143095296;0;0;0;0;0;0;0;0;0;0;0;2365;0;0;95;0;160;0;
12801;5342950;1054863360;15204352;1143095296;0;0;0;0;0;0;0;0;0;0;0;1944;0;0;95;0;160;0;
12802;3802741;1054863360;15204352;1143095296;0;0;0;0;0;0;0;0;0;0;0;2534;0;0;95;0;160;0;
12803;6374255;1054863360;15204352;1143095296;0;0;0;0;0;0;0;0;0;0;0;1793;0;0;95;0;160;0;
12804;3806058;1054863360;15204352;1143095296;0;0;0;0;0;0;0;0;0;0;0;1833;0;0;95;0;160;0;
12805;5217796;1054863360;15204352;1143095296;0;0;0;0;0;0;0;0;0;0;0;1663;0;0;95;0;160;0;
12806;4292590;1054863360;15204352;1143095296;0;0;0;0;0;0;0;0;0;0;0;2495;0;0;95;0;160;0;
12807;5510434;1058304000;21790720;1149681664;0;0;0;0;0;0;0;0;0;0;0;1683;0;0;95;0;160;0;
12808;4739910;1060401152;21790720;1149681664;0;0;0;0;0;0;0;0;0;0;0;2975;0;0;95;0;160;0;
12809;5395569;1060401152;21790720;1149681664;0;0;0;0;0;0;0;0;0;0;0;1863;0;0;95;0;160;0;
12810;4678844;1060401152;21790720;1149681664;0;0;0;0;0;0;0;0;0;0;0;2595;0;0;95;0;160;0;
12811;5514331;1060401152;21790720;1149681664;0;0;0;0;0;0;0;0;0;0;0;1833;0;0;95;0;160;0;
12812;5116355;1060401152;21790720;1149681664;0;0;0;0;0;0;0;0;0;0;0;2505;0;0;95;0;160;0;
12813;6086875;1060401152;21790720;1149681664;0;0;0;0;0;0;0;0;0;0;0;1653;0;0;95;0;160;0;
12814;3779868;1060401152;21790720;1149681664;0;0;0;0;0;0;0;0;0;0;0;2985;0;0;95;0;160;0;
12815;9076362;1060401152;21790720;1149681664;0;0;0;0;0;0;0;0;0;0;0;2535;0;0;95;0;160;0;
12816;5565568;1054875648;15204352;1143095296;0;0;0;0;0;0;0;0;0;0;0;3296;0;0;95;0;160;0;
12817;6946959;1054875648;15204352;1143095296;0;0;0;0;0;0;0;0;0;0;0;2795;0;0;95;0;160;0;
12818;4711466;1054875648;15204352;1143095296;0;0;0;0;0;0;0;0;0;0;0;2925;0;0;95;0;160;0;
12819;6482226;1054875648;15204352;1143095296;0;0;0;0;0;0;0;0;0;0;0;2345;0;0;95;0;160;0;
12820;4417194;1054875648;15204352;1143095296;0;0;0;0;0;0;0;0;0;0;0;3046;0;0;95;0;160;0;
12821;6344128;1054875648;15204352;1143095296;0;0;0;0;0;0;0;0;0;0;0;2144;0;0;95;0;160;0;
12822;4509067;1054875648;15204352;1143095296;0;0;0;0;0;0;0;0;0;0;0;3437;0;0;95;0;160;0;
12823;7745766;1054875648;15204352;1143095296;0;0;0;0;0;0;0;0;0;0;0;2224;0;0;95;0;160;0;
12824;5002031;1054875648;15204352;1143095296;0;0;0;0;0;0;0;0;0;0;0;3106;0;0;95;0;160;0;
12825;7179834;1054875648;15204352;1143095296;0;0;0;0;0;0;0;0;0;0;0;2716;0;0;95;0;160;0;
12826;4647957;1054875648;15204352;1143095296;0;0;0;0;0;0;0;0;0;0;0;3076;0;0;95;0;160;0;
12827;4861297;1054875648;15204352;1143095296;0;0;0;0;0;0;0;0;0;0;0;1793;0;0;95;0;160;0;
12828;6789292;1054875648;15204352;1143095296;0;0;0;0;0;0;0;0;0;0;0;2324;0;0;95;0;160;0;
12829;7399306;1054875648;15204352;1143095296;0;0;0;0;0;0;0;0;0;0;0;3176;0;0;95;0;160;0;
12830;3809374;1054875648;15204352;1143095296;0;0;0;0;0;0;0;0;0;0;0;2545;0;0;95;0;160;0;
12831;8966155;1058316288;21790720;1149681664;0;0;0;0;0;0;0;0;0;0;0;2825;0;0;95;0;160;0;
12832;5151381;1060413440;21790720;1149681664;0;0;0;0;0;0;0;0;0;0;0;3456;0;0;95;0;160;0;
12833;7364872;1060413440;21790720;1149681664;0;0;0;0;0;0;0;0;0;0;0;3577;0;0;95;0;160;0;
12834;5470589;1060413440;21790720;1149681664;0;0;0;0;0;0;0;0;0;0;0;2965;0;0;95;0;160;0;
12835;7079908;1060413440;21790720;1149681664;0;0;0;0;0;0;0;0;0;0;0;2634;0;0;95;0;160;0;
12836;4484520;1060413440;21790720;1149681664;0;0;0;0;0;0;0;0;0;0;0;2836;0;0;95;0;160;0;
12837;6305294;1060413440;21790720;1149681664;0;0;0;0;0;0;0;0;0;0;0;2234;0;0;95;0;160;0;
12838;3755673;1060413440;21790720;1149681664;0;0;0;0;0;0;0;0;0;0;0;2685;0;0;95;0;160;0;
12839;6115238;1060413440;21790720;1149681664;0;0;0;0;0;0;0;0;0;0;0;2956;0;0;95;0;160;0;
12840;4435699;1054887936;15204352;1143095296;0;0;0;0;0;0;0;0;0;0;0;3176;0;0;95;0;160;0;
12841;6395784;1054887936;15204352;1143095296;0;0;0;0;0;0;0;0;0;0;0;2505;0;0;95;0;160;0;
12842;4042001;1054887936;15204352;1143095296;0;0;0;0;0;0;0;0;0;0;0;2635;0;0;95;0;160;0;
12843;6522191;1054887936;15204352;1143095296;0;0;0;0;0;0;0;0;0;0;0;2415;0;0;95;0;160;0;
12844;3495896;1054887936;15204352;1143095296;0;0;0;0;0;0;0;0;0;0;0;3316;0;0;95;0;160;0;
12845;5968754;1054887936;15204352;1143095296;0;0;0;0;0;0;0;0;0;0;0;1713;0;0;95;0;160;0;
12846;3592598;1054887936;15204352;1143095296;0;0;0;0;0;0;0;0;0;0;0;2395;0;0;95;0;160;0;
12847;7663322;1054887936;15204352;1143095296;0;0;0;0;0;0;0;0;0;0;0;2915;0;0;95;0;160;0;
12848;3883262;1054887936;15204352;1143095296;0;0;0;0;0;0;0;0;0;0;0;2826;0;0;95;0;160;0;
12849;7526976;1054887936;15204352;1143095296;0;0;0;0;0;0;0;0;0;0;0;2645;0;0;95;0;160;0;
12850;4749397;1054887936;15204352;1143095296;0;0;0;0;0;0;0;0;0;0;0;3426;0;0;95;0;160;0;
12851;7137596;1054887936;15204352;1143095296;0;0;0;0;0;0;0;0;0;0;0;2224;0;0;95;0;160;0;
12852;4354657;1054887936;15204352;1143095296;0;0;0;0;0;0;0;0;0;0;0;2395;0;0;95;0;160;0;
12853;6677643;1058328576;21790720;1149681664;0;0;0;0;0;0;0;0;0;0;0;3426;0;0;95;0;160;0;
12854;4180069;1060425728;21790720;1149681664;0;0;0;0;0;0;0;0;0;0;0;3025;0;0;95;0;160;0;
12855;8408659;1060425728;21790720;1149681664;0;0;0;0;0;0;0;0;0;0;0;2564;0;0;95;0;160;0;
12856;4655491;1060425728;21790720;1149681664;0;0;0;0;0;0;0;0;0;0;0;3246;0;0;95;0;160;0;
12857;7800939;1060425728;21790720;1149681664;0;0;0;0;0;0;0;0;0;0;0;2625;0;0;95;0;160;0;
12858;4624112;1060425728;21790720;1149681664;0;0;0;0;0;0;0;0;0;0;0;2845;0;0;95;0;160;0;
12859;6372701;1060425728;21790720;1149681664;0;0;0;0;0;0;0;0;0;0;0;2655;0;0;95;0;160;0;
12860;6268956;1060425728;21790720;1149681664;0;0;0;0;0;0;0;0;0;0;0;3797;0;0;95;0;160;0;
12861;7261829;1060425728;21790720;1149681664;0;0;0;0;0;0;0;0;0;0;0;1704;0;0;95;0;160;0;
12862;6251244;1054900224;15204352;1143095296;0;0;0;0;0;0;0;0;0;0;0;3256;0;0;95;0;160;0;
12863;7535161;1054900224;15204352;1143095296;0;0;0;0;0;0;0;0;0;0;0;2534;0;0;95;0;160;0;
12864;5212015;1054900224;15204352;1143095296;0;0;0;0;0;0;0;0;0;0;0;3466;0;0;95;0;160;0;
12865;6058191;1054900224;15204352;1143095296;0;0;0;0;0;0;0;0;0;0;0;2565;0;0;95;0;160;0;
12866;5965688;1054900224;15204352;1143095296;0;0;0;0;0;0;0;0;0;0;0;3066;0;0;95;0;160;0;
12867;9427400;1054900224;15204352;1143095296;0;0;0;0;0;0;0;0;0;0;0;1904;0;0;95;0;160;0;
12868;12791339;1054900224;15204352;1143095296;0;0;0;0;0;0;0;0;0;0;0;3556;0;0;95;0;160;0;
12869;5917087;1054900224;15204352;1143095296;0;0;0;0;0;0;0;0;0;0;0;2334;0;0;95;0;160;0;
12870;6761621;1054900224;15204352;1143095296;0;0;0;0;0;0;0;0;0;0;0;3617;0;0;95;0;160;0;
12871;7772917;1054900224;15204352;1143095296;0;0;0;0;0;0;0;0;0;0;0;2635;0;0;95;0;160;0;
12872;7429884;1054900224;15204352;1143095296;0;0;0;0;0;0;0;0;0;0;0;2816;0;0;95;0;160;0;
12873;5610802;1054900224;15204352;1143095296;0;0;0;0;0;0;0;0;0;0;0;2305;0;0;95;0;160;0;
12874;5894955;1054900224;15204352;1143095296;0;0;0;0;0;0;0;0;0;0;0;3867;0;0;95;0;160;0;
12875;6847922;1054900224;15204352;1143095296;0;0;0;0;0;0;0;0;0;0;0;1694;0;0;95;0;160;0;
12876;4597692;1054900224;15204352;1143095296;0;0;0;0;0;0;0;0;0;0;0;2625;0;0;95;0;160;0;
12877;7011279;1058340864;21790720;1149681664;0;0;0;0;0;0;0;0;0;0;0;1743;0;0;95;0;160;0;
12878;4712217;1060438016;21790720;1149681664;0;0;0;0;0;0;0;0;0;0;0;3377;0;0;95;0;160;0;
12879;7038180;1060438016;21790720;1149681664;0;0;0;0;0;0;0;0;0;0;0;2525;0;0;95;0;160;0;
12880;4074662;1060438016;21790720;1149681664;0;0;0;0;0;0;0;0;0;0;0;2875;0;0;95;0;160;0;
12881;6482777;1060438016;21790720;1149681664;0;0;0;0;0;0;0;0;0;0;0;2806;0;0;95;0;160;0;
12882;4865625;1060438016;21790720;1149681664;0;0;0;0;0;0;0;0;0;0;0;2735;0;0;95;0;160;0;
12883;7393916;1060438016;21790720;1149681664;0;0;0;0;0;0;0;0;0;0;0;2565;0;0;95;0;160;0;
12884;3599010;1060438016;21790720;1149681664;0;0;0;0;0;0;0;0;0;0;0;3046;0;0;95;0;160;0;
12885;6881636;1060438016;21790720;1149681664;0;0;0;0;0;0;0;0;0;0;0;2034;0;0;95;0;160;0;
12886;4084881;1054912512;15204352;1143095296;0;0;0;0;0;0;0;0;0;0;0;2856;0;0;95;0;160;0;
12887;6857841;1054912512;15204352;1143095296;0;0;0;0;0;0;0;0;0;0;0;2565;0;0;95;0;160;0;
12888;4971413;1054912512;15204352;1143095296;0;0;0;0;0;0;0;0;0;0;0;3066;0;0;95;0;160;0;
12889;7361957;1054912512;15204352;1143095296;0;0;0;0;0;0;0;0;0;0;0;2946;0;0;95;0;160;0;
12890;4307539;1054912512;15204352;1143095296;0;0;0;0;0;0;0;0;0;0;0;2906;0;0;95;0;160;0;
12891;6478520;1054912512;15204352;1143095296;0;0;0;0;0;0;0;0;0;0;0;2455;0;0;95;0;160;0;
12892;8270059;1054912512;15204352;1143095296;0;0;0;0;0;0;0;0;0;0;0;3607;0;0;95;0;160;0;
12893;7017761;1054912512;15204352;1143095296;0;0;0;0;0;0;0;0;0;0;0;2234;0;0;95;0;160;0;
12894;6224714;1054912512;15204352;1143095296;0;0;0;0;0;0;0;0;0;0;0;2865;0;0;95;0;160;0;
12895;8378684;1054912512;15204352;1143095296;0;0;0;0;0;0;0;0;0;0;0;2785;0;0;95;0;160;0;
12896;4841941;1054912512;15204352;1143095296;0;0;0;0;0;0;0;0;0;0;0;2965;0;0;95;0;160;0;
12897;6620086;1054912512;15204352;1143095296;0;0;0;0;0;0;0;0;0;0;0;2225;0;0;95;0;160;0;
12898;4083348;1054912512;15204352;1143095296;0;0;0;0;0;0;0;0;0;0;0;3286;0;0;95;0;160;0;
12899;7918861;1058353152;21790720;1149681664;0;0;0;0;0;0;0;0;0;0;0;2916;0;0;95;0;160;0;
12900;5039561;1060450304;21790720;1149681664;0;0;0;0;0;0;0;0;0;0;0;3737;0;0;95;0;160;0;
12901;8157198;1060450304;21790720;1149681664;0;0;0;0;0;0;0;0;0;0;0;2234;0;0;95;0;160;0;
12902;5090607;1060450304;21790720;1149681664;0;0;0;0;0;0;0;0;0;0;0;3176;0;0;95;0;160;0;
12903;7214049;1060450304;21790720;1149681664;0;0;0;0;0;0;0;0;0;0;0;2124;0;0;95;0;160;0;
12904;4258025;1060450304;21790720;1149681664;0;0;0;0;0;0;0;0;0;0;0;3366;0;0;95;0;160;0;
12905;6028826;1060450304;21790720;1149681664;0;0;0;0;0;0;0;0;0;0;0;1914;0;0;95;0;160;0;
12906;4055827;1060450304;21790720;1149681664;0;0;0;0;0;0;0;0;0;0;0;3056;0;0;95;0;160;0;
12907;7477393;1060450304;21790720;1149681664;0;0;0;0;0;0;0;0;0;0;0;2264;0;0;95;0;160;0;
12908;5260866;1054924800;15204352;1143095296;0;0;0;0;0;0;0;0;0;0;0;45014;0;0;95;0;160;0;
12909;6516370;1054924800;15204352;1143095296;0;0;0;0;0;0;0;0;0;0;0;2154;0;0;95;0;160;0;
12910;4686950;1054924800;15204352;1143095296;0;0;0;0;0;0;0;0;0;0;0;2595;0;0;95;0;160;0;
12911;5700360;1054924800;15204352;1143095296;0;0;0;0;0;0;0;0;0;0;0;2184;0;0;95;0;160;0;
12912;5823561;1054924800;15204352;1143095296;0;0;0;0;0;0;0;0;0;0;0;2886;0;0;95;0;160;0;
12913;6473100;1054924800;15204352;1143095296;0;0;0;0;0;0;0;0;0;0;0;1853;0;0;95;0;160;0;
12914;3942464;1054924800;15204352;1143095296;0;0;0;0;0;0;0;0;0;0;0;2594;0;0;95;0;160;0;
12915;7245548;1054924800;15204352;1143095296;0;0;0;0;0;0;0;0;0;0;0;2064;0;0;95;0;160;0;
12916;3903991;1054924800;15204352;1143095296;0;0;0;0;0;0;0;0;0;0;0;2895;0;0;95;0;160;0;
12917;8438195;1054924800;15204352;1143095296;0;0;0;0;0;0;0;0;0;0;0;3427;0;0;95;0;160;0;
12918;3552372;1054924800;15204352;1143095296;0;0;0;0;0;0;0;0;0;0;0;2785;0;0;95;0;160;0;
12919;5442547;1054924800;15204352;1143095296;0;0;0;0;0;0;0;0;0;0;0;2155;0;0;95;0;160;0;
12920;6817766;1054924800;15204352;1143095296;0;0;0;0;0;0;0;0;0;0;0;3106;0;0;95;0;160;0;
12921;8893749;1054924800;15204352;1143095296;0;0;0;0;0;0;0;0;0;0;0;2696;0;0;95;0;160;0;
12922;5476751;1054924800;15204352;1143095296;0;0;0;0;0;0;0;0;0;0;0;3286;0;0;95;0;160;0;
12923;7807823;1054924800;15204352;1143095296;0;0;0;0;0;0;0;0;0;0;0;2254;0;0;95;0;160;0;
12924;5951652;1054924800;15204352;1143095296;0;0;0;0;0;0;0;0;0;0;0;2715;0;0;95;0;160;0;
12925;6633050;1058365440;21790720;1149681664;0;0;0;0;0;0;0;0;0;0;0;2495;0;0;95;0;160;0;
12926;7163093;1060462592;21790720;1149681664;0;0;0;0;0;0;0;0;0;0;0;3126;0;0;95;0;160;0;
12927;6086955;1060462592;21790720;1149681664;0;0;0;0;0;0;0;0;0;0;0;1823;0;0;95;0;160;0;
12928;6549824;1060462592;21790720;1149681664;0;0;0;0;0;0;0;0;0;0;0;2935;0;0;95;0;160;0;
12929;6535296;1060462592;21790720;1149681664;0;0;0;0;0;0;0;0;0;0;0;1763;0;0;95;0;160;0;
12930;4649149;1060462592;21790720;1149681664;0;0;0;0;0;0;0;0;0;0;0;2815;0;0;95;0;160;0;
12931;7065019;1060462592;21790720;1149681664;0;0;0;0;0;0;0;0;0;0;0;2144;0;0;95;0;160;0;
12932;4129204;1060462592;21790720;1149681664;0;0;0;0;0;0;0;0;0;0;0;3887;0;0;95;0;160;0;
12933;5642862;1060462592;21790720;1149681664;0;0;0;0;0;0;0;0;0;0;0;1694;0;0;95;0;160;0;
12934;6219323;1054937088;15204352;1143095296;0;0;0;0;0;0;0;0;0;0;0;3287;0;0;95;0;160;0;
12935;4715323;1054937088;15204352;1143095296;0;0;0;0;0;0;0;0;0;0;0;1723;0;0;95;0;160;0;
12936;7415787;1054937088;15204352;1143095296;0;0;0;0;0;0;0;0;0;0;0;3998;0;0;95;0;160;0;
12937;6343807;1054937088;15204352;1143095296;0;0;0;0;0;0;0;0;0;0;0;2154;0;0;95;0;160;0;
12938;5505074;1054937088;15204352;1143095296;0;0;0;0;0;0;0;0;0;0;0;2785;0;0;95;0;160;0;
12939;6168899;1054937088;15204352;1143095296;0;0;0;0;0;0;0;0;0;0;0;1754;0;0;95;0;160;0;
12940;4818456;1054937088;15204352;1143095296;0;0;0;0;0;0;0;0;0;0;0;3436;0;0;95;0;160;0;
12941;4641605;1054937088;15204352;1143095296;0;0;0;0;0;0;0;0;0;0;0;1663;0;0;95;0;160;0;
12942;4957738;1054937088;15204352;1143095296;0;0;0;0;0;0;0;0;0;0;0;2655;0;0;95;0;160;0;
12943;5319997;1054937088;15204352;1143095296;0;0;0;0;0;0;0;0;0;0;0;1693;0;0;95;0;160;0;
12944;5291483;1054937088;15204352;1143095296;0;0;0;0;0;0;0;0;0;0;0;3306;0;0;95;0;160;0;
12945;5764912;1054937088;15204352;1143095296;0;0;0;0;0;0;0;0;0;0;0;1583;0;0;95;0;160;0;
12946;3875818;1054937088;15204352;1143095296;0;0;0;0;0;0;0;0;0;0;0;2555;0;0;95;0;160;0;
12947;6170402;1058377728;21790720;1149681664;0;0;0;0;0;0;0;0;0;0;0;2174;0;0;95;0;160;0;
12948;4504638;1060474880;21790720;1149681664;0;0;0;0;0;0;0;0;0;0;0;3155;0;0;95;0;160;0;
12949;6414900;1060474880;21790720;1149681664;0;0;0;0;0;0;0;0;0;0;0;1553;0;0;95;0;160;0;
12950;4512703;1060474880;21790720;1149681664;0;0;0;0;0;0;0;0;0;0;0;2665;0;0;95;0;160;0;
12951;6485463;1060474880;21790720;1149681664;0;0;0;0;0;0;0;0;0;0;0;1773;0;0;95;0;160;0;
12952;4257214;1060474880;21790720;1149681664;0;0;0;0;0;0;0;0;0;0;0;2855;0;0;95;0;160;0;
12953;5614349;1060474880;21790720;1149681664;0;0;0;0;0;0;0;0;0;0;0;1493;0;0;95;0;160;0;
12954;5300140;1060474880;21790720;1149681664;0;0;0;0;0;0;0;0;0;0;0;2805;0;0;95;0;160;0;
12955;6132621;1060474880;21790720;1149681664;0;0;0;0;0;0;0;0;0;0;0;1613;0;0;95;0;160;0;
12956;4794141;1054949376;15204352;1143095296;0;0;0;0;0;0;0;0;0;0;0;2404;0;0;95;0;160;0;
12957;5496929;1054949376;15204352;1143095296;0;0;0;0;0;0;0;0;0;0;0;1823;0;0;95;0;160;0;
12958;4777469;1054949376;15204352;1143095296;0;0;0;0;0;0;0;0;0;0;0;2956;0;0;95;0;160;0;
12959;4689775;1054949376;15204352;1143095296;0;0;0;0;0;0;0;0;0;0;0;1784;0;0;95;0;160;0;
12960;6195680;1054949376;15204352;1143095296;0;0;0;0;0;0;0;0;0;0;0;3366;0;0;95;0;160;0;
12961;6465666;1054949376;15204352;1143095296;0;0;0;0;0;0;0;0;0;0;0;2064;0;0;95;0;160;0;
12962;4443343;1054949376;15204352;1143095296;0;0;0;0;0;0;0;0;0;0;0;2855;0;0;95;0;160;0;
12963;4821512;1054949376;15204352;1143095296;0;0;0;0;0;0;0;0;0;0;0;2024;0;0;95;0;160;0;
12964;6468281;1054949376;15204352;1143095296;0;0;0;0;0;0;0;0;0;0;0;2896;0;0;95;0;160;0;
12965;7960149;1054949376;15204352;1143095296;0;0;0;0;0;0;0;0;0;0;0;2906;0;0;95;0;160;0;
12966;5737861;1054949376;15204352;1143095296;0;0;0;0;0;0;0;0;0;0;0;2955;0;0;95;0;160;0;
12967;6540526;1054949376;15204352;1143095296;0;0;0;0;0;0;0;0;0;0;0;1833;0;0;95;0;160;0;
12968;7359923;1054949376;15204352;1143095296;0;0;0;0;0;0;0;0;0;0;0;3978;0;0;95;0;160;0;
12969;7751637;1058390016;21790720;1149681664;0;0;0;0;0;0;0;0;0;0;0;3707;0;0;95;0;160;0;
12970;6527482;1060487168;21790720;1149681664;0;0;0;0;0;0;0;0;0;0;0;3517;0;0;95;0;160;0;
12971;7357939;1060487168;21790720;1149681664;0;0;0;0;0;0;0;0;0;0;0;2514;0;0;95;0;160;0;
12972;5972030;1060487168;21790720;1149681664;0;0;0;0;0;0;0;0;0;0;0;3486;0;0;95;0;160;0;
12973;6553090;1060487168;21790720;1149681664;0;0;0;0;0;0;0;0;0;0;0;2986;0;0;95;0;160;0;
12974;4912493;1060487168;21790720;1149681664;0;0;0;0;0;0;0;0;0;0;0;3306;0;0;95;0;160;0;
12975;6574269;1060487168;21790720;1149681664;0;0;0;0;0;0;0;0;0;0;0;2304;0;0;95;0;160;0;
12976;4907363;1060487168;21790720;1149681664;0;0;0;0;0;0;0;0;0;0;0;3377;0;0;95;0;160;0;
12977;5966409;1060487168;21790720;1149681664;0;0;0;0;0;0;0;0;0;0;0;2394;0;0;95;0;160;0;
12978;5722562;1054961664;15204352;1143095296;0;0;0;0;0;0;0;0;0;0;0;3446;0;0;95;0;160;0;
12979;7260166;1054961664;15204352;1143095296;0;0;0;0;0;0;0;0;0;0;0;2425;0;0;95;0;160;0;
12980;4263375;1054961664;15204352;1143095296;0;0;0;0;0;0;0;0;0;0;0;2044;0;0;95;0;160;0;
12981;7663492;1054961664;15204352;1143095296;0;0;0;0;0;0;0;0;0;0;0;1703;0;0;95;0;160;0;
12982;3550709;1054961664;15204352;1143095296;0;0;0;0;0;0;0;0;0;0;0;2886;0;0;95;0;160;0;
12983;6204977;1054961664;15204352;1143095296;0;0;0;0;0;0;0;0;0;0;0;1774;0;0;95;0;160;0;
12984;4296097;1054961664;15204352;1143095296;0;0;0;0;0;0;0;0;0;0;0;3297;0;0;95;0;160;0;
12985;4387117;1054961664;15204352;1143095296;0;0;0;0;0;0;0;0;0;0;0;1743;0;0;95;0;160;0;
12986;6109077;1054961664;15204352;1143095296;0;0;0;0;0;0;0;0;0;0;0;2996;0;0;95;0;160;0;
12987;5204771;1054961664;15204352;1143095296;0;0;0;0;0;0;0;0;0;0;0;1813;0;0;95;0;160;0;
12988;5004385;1054961664;15204352;1143095296;0;0;0;0;0;0;0;0;0;0;0;2585;0;0;95;0;160;0;
12989;6456579;1054961664;15204352;1143095296;0;0;0;0;0;0;0;0;0;0;0;1573;0;0;95;0;160;0;
12990;3146000;1054961664;15204352;1143095296;0;0;0;0;0;0;0;0;0;0;0;2154;0;0;95;0;160;0;
12991;7273822;1054961664;15204352;1143095296;0;0;0;0;0;0;0;0;0;0;0;2014;0;0;95;0;160;0;
12992;4380354;1054961664;15204352;1143095296;0;0;0;0;0;0;0;0;0;0;0;2675;0;0;95;0;160;0;
12993;6638911;1058402304;21790720;1149681664;0;0;0;0;0;0;0;0;0;0;0;2665;0;0;95;0;160;0;
12994;5565858;1060499456;21790720;1149681664;0;0;0;0;0;0;0;0;0;0;0;3066;0;0;95;0;160;0;
12995;6284876;1060499456;21790720;1149681664;0;0;0;0;0;0;0;0;0;0;0;1944;0;0;95;0;160;0;
12996;5029822;1060499456;21790720;1149681664;0;0;0;0;0;0;0;0;0;0;0;3066;0;0;95;0;160;0;
12997;7066873;1060499456;21790720;1149681664;0;0;0;0;0;0;0;0;0;0;0;1603;0;0;95;0;160;0;
12998;4634962;1060499456;21790720;1149681664;0;0;0;0;0;0;0;0;0;0;0;2155;0;0;95;0;160;0;
12999;6122432;1060499456;21790720;1149681664;0;0;0;0;0;0;0;0;0;0;0;1583;0;0;95;0;160;0;
13000;4766790;1060499456;21790720;1149681664;0;0;0;0;0;0;0;0;0;0;0;2805;0;0;95;0;160;0;
13001;6057690;1060499456;21790720;1149681664;0;0;0;0;0;0;0;0;0;0;0;1954;0;0;95;0;160;0;
13002;5617134;1054973952;15204352;1143095296;0;0;0;0;0;0;0;0;0;0;0;2645;0;0;95;0;160;0;
13003;6603675;1054973952;15204352;1143095296;0;0;0;0;0;0;0;0;0;0;0;2224;0;0;95;0;160;0;
13004;4625033;1054973952;15204352;1143095296;0;0;0;0;0;0;0;0;0;0;0;2475;0;0;95;0;160;0;
13005;7756516;1054973952;15204352;1143095296;0;0;0;0;0;0;0;0;0;0;0;2505;0;0;95;0;160;0;
13006;4962176;1054973952;15204352;1143095296;0;0;0;0;0;0;0;0;0;0;0;2985;0;0;95;0;160;0;
13007;6259259;1054973952;15204352;1143095296;0;0;0;0;0;0;0;0;0;0;0;1693;0;0;95;0;160;0;
13008;3671696;1054973952;15204352;1143095296;0;0;0;0;0;0;0;0;0;0;0;2504;0;0;95;0;160;0;
13009;6972466;1054973952;15204352;1143095296;0;0;0;0;0;0;0;0;0;0;0;2194;0;0;95;0;160;0;
13010;5313625;1054973952;15204352;1143095296;0;0;0;0;0;0;0;0;0;0;0;2535;0;0;95;0;160;0;
13011;5937284;1054973952;15204352;1143095296;0;0;0;0;0;0;0;0;0;0;0;2064;0;0;95;0;160;0;
13012;5481289;1054973952;15204352;1143095296;0;0;0;0;0;0;0;0;0;0;0;3236;0;0;95;0;160;0;
13013;6297350;1054973952;15204352;1143095296;0;0;0;0;0;0;0;0;0;0;0;1924;0;0;95;0;160;0;
13014;5556320;1054973952;15204352;1143095296;0;0;0;0;0;0;0;0;0;0;0;2665;0;0;95;0;160;0;
13015;5925082;1054973952;15204352;1143095296;0;0;0;0;0;0;0;0;0;0;0;1873;0;0;95;0;160;0;
13016;6639461;1054973952;15204352;1143095296;0;0;0;0;0;0;0;0;0;0;0;3156;0;0;95;0;160;0;
13017;8134274;1058414592;21790720;1149681664;0;0;0;0;0;0;0;0;0;0;0;2785;0;0;95;0;160;0;
13018;4536538;1060511744;21790720;1149681664;0;0;0;0;0;0;0;0;0;0;0;2564;0;0;95;0;160;0;
13019;7088484;1060511744;21790720;1149681664;0;0;0;0;0;0;0;0;0;0;0;2224;0;0;95;0;160;0;
13020;3988169;1060511744;21790720;1149681664;0;0;0;0;0;0;0;0;0;0;0;3206;0;0;95;0;160;0;
13021;7936134;1060511744;21790720;1149681664;0;0;0;0;0;0;0;0;0;0;0;1763;0;0;95;0;160;0;
13022;5339934;1060511744;21790720;1149681664;0;0;0;0;0;0;0;0;0;0;0;2915;0;0;95;0;160;0;
13023;6334881;1060511744;21790720;1149681664;0;0;0;0;0;0;0;0;0;0;0;1783;0;0;95;0;160;0;
13024;5400318;1060511744;21790720;1149681664;0;0;0;0;0;0;0;0;0;0;0;8466;0;0;95;0;160;0;
13025;6088639;1060511744;21790720;1149681664;0;0;0;0;0;0;0;0;0;0;0;2174;0;0;95;0;160;0;
13026;4213201;1054986240;15204352;1143095296;0;0;0;0;0;0;0;0;0;0;0;2495;0;0;95;0;160;0;
13027;6241034;1054986240;15204352;1143095296;0;0;0;0;0;0;0;0;0;0;0;1753;0;0;95;0;160;0;
13028;5298236;1054986240;15204352;1143095296;0;0;0;0;0;0;0;0;0;0;0;2354;0;0;95;0;160;0;
13029;6168258;1054986240;15204352;1143095296;0;0;0;0;0;0;0;0;0;0;0;2004;0;0;95;0;160;0;
13030;4331042;1054986240;15204352;1143095296;0;0;0;0;0;0;0;0;0;0;0;2044;0;0;95;0;160;0;
13031;5824443;1054986240;15204352;1143095296;0;0;0;0;0;0;0;0;0;0;0;1854;0;0;95;0;160;0;
13032;3289129;1054986240;15204352;1143095296;0;0;0;0;0;0;0;0;0;0;0;2365;0;0;95;0;160;0;
13033;6201871;1054986240;15204352;1143095296;0;0;0;0;0;0;0;0;0;0;0;1804;0;0;95;0;160;0;
13034;3475498;1054986240;15204352;1143095296;0;0;0;0;0;0;0;0;0;0;0;2535;0;0;95;0;160;0;
13035;5868205;1054986240;15204352;1143095296;0;0;0;0;0;0;0;0;0;0;0;1603;0;0;95;0;160;0;
13036;4278644;1054986240;15204352;1143095296;0;0;0;0;0;0;0;0;0;0;0;2595;0;0;95;0;160;0;
13037;11418675;1054986240;15204352;1143095296;0;0;0;0;0;0;0;0;0;0;0;1894;0;0;95;0;160;0;
13038;4655571;1054986240;15204352;1143095296;0;0;0;0;0;0;0;0;0;0;0;3035;0;0;95;0;160;0;
13039;8551097;1058426880;21790720;1149681664;0;0;0;0;0;0;0;0;0;0;0;2454;0;0;95;0;160;0;
13040;4954422;1060524032;21790720;1149681664;0;0;0;0;0;0;0;0;0;0;0;2725;0;0;95;0;160;0;
13041;5645357;1060524032;21790720;1149681664;0;0;0;0;0;0;0;0;0;0;0;1683;0;0;95;0;160;0;
13042;4654629;1060524032;21790720;1149681664;0;0;0;0;0;0;0;0;0;0;0;2274;0;0;95;0;160;0;
13043;6910039;1060524032;21790720;1149681664;0;0;0;0;0;0;0;0;0;0;0;1704;0;0;95;0;160;0;
13044;5172551;1060524032;21790720;1149681664;0;0;0;0;0;0;0;0;0;0;0;2354;0;0;95;0;160;0;
13045;7636081;1060524032;21790720;1149681664;0;0;0;0;0;0;0;0;0;0;0;1613;0;0;95;0;160;0;
13046;5795458;1060524032;21790720;1149681664;0;0;0;0;0;0;0;0;0;0;0;2705;0;0;95;0;160;0;
13047;7507219;1060524032;21790720;1149681664;0;0;0;0;0;0;0;0;0;0;0;1864;0;0;95;0;160;0;
13048;4475283;1054998528;15204352;1143095296;0;0;0;0;0;0;0;0;0;0;0;3246;0;0;95;0;160;0;
13049;5472273;1054998528;15204352;1143095296;0;0;0;0;0;0;0;0;0;0;0;1833;0;0;95;0;160;0;
13050;5059759;1054998528;15204352;1143095296;0;0;0;0;0;0;0;0;0;0;0;2766;0;0;95;0;160;0;
13051;7060141;1054998528;15204352;1143095296;0;0;0;0;0;0;0;0;0;0;0;1683;0;0;95;0;160;0;
13052;5426216;1054998528;15204352;1143095296;0;0;0;0;0;0;0;0;0;0;0;2835;0;0;95;0;160;0;
13053;5812270;1054998528;15204352;1143095296;0;0;0;0;0;0;0;0;0;0;0;1663;0;0;95;0;160;0;
13054;4705345;1054998528;15204352;1143095296;0;0;0;0;0;0;0;0;0;0;0;2515;0;0;95;0;160;0;
13055;6073680;1054998528;15204352;1143095296;0;0;0;0;0;0;0;0;0;0;0;1503;0;0;95;0;160;0;
13056;5068235;1054998528;15204352;1143095296;0;0;0;0;0;0;0;0;0;0;0;2494;0;0;95;0;160;0;
13057;6357572;1054998528;15204352;1143095296;0;0;0;0;0;0;0;0;0;0;0;1773;0;0;95;0;160;0;
13058;4283843;1054998528;15204352;1143095296;0;0;0;0;0;0;0;0;0;0;0;2515;0;0;95;0;160;0;
13059;4954632;1054998528;15204352;1143095296;0;0;0;0;0;0;0;0;0;0;0;1944;0;0;95;0;160;0;
13060;4367681;1054998528;15204352;1143095296;0;0;0;0;0;0;0;0;0;0;0;2615;0;0;95;0;160;0;
13061;6194838;1054998528;15204352;1143095296;0;0;0;0;0;0;0;0;0;0;0;1964;0;0;95;0;160;0;
13062;5169054;1054998528;15204352;1143095296;0;0;0;0;0;0;0;0;0;0;0;2394;0;0;95;0;160;0;
13063;6411914;1058439168;21790720;1149681664;0;0;0;0;0;0;0;0;0;0;0;2093;0;0;95;0;160;0;
13064;5913941;1060536320;21790720;1149681664;0;0;0;0;0;0;0;0;0;0;0;3125;0;0;95;0;160;0;
13065;6706498;1060536320;21790720;1149681664;0;0;0;0;0;0;0;0;0;0;0;1864;0;0;95;0;160;0;
13066;4930116;1060536320;21790720;1149681664;0;0;0;0;0;0;0;0;0;0;0;3126;0;0;95;0;160;0;
13067;5366243;1060536320;21790720;1149681664;0;0;0;0;0;0;0;0;0;0;0;1603;0;0;95;0;160;0;
13068;5100495;1060536320;21790720;1149681664;0;0;0;0;0;0;0;0;0;0;0;2364;0;0;95;0;160;0;
13069;7796471;1060536320;21790720;1149681664;0;0;0;0;0;0;0;0;0;0;0;2665;0;0;95;0;160;0;
13070;4985149;1060536320;21790720;1149681664;0;0;0;0;0;0;0;0;0;0;0;2245;0;0;95;0;160;0;
13071;6279627;1060536320;21790720;1149681664;0;0;0;0;0;0;0;0;0;0;0;1873;0;0;95;0;160;0;
13072;6172926;1055010816;15204352;1143095296;0;0;0;0;0;0;0;0;0;0;0;2896;0;0;95;0;160;0;
13073;8302510;1055010816;15204352;1143095296;0;0;0;0;0;0;0;0;0;0;0;1694;0;0;95;0;160;0;
13074;4038133;1055010816;15204352;1143095296;0;0;0;0;0;0;0;0;0;0;0;2595;0;0;95;0;160;0;
13075;6156876;1055010816;15204352;1143095296;0;0;0;0;0;0;0;0;0;0;0;1763;0;0;95;0;160;0;
13076;5814164;1055010816;15204352;1143095296;0;0;0;0;0;0;0;0;0;0;0;2795;0;0;95;0;160;0;
13077;6794331;1055010816;15204352;1143095296;0;0;0;0;0;0;0;0;0;0;0;1563;0;0;95;0;160;0;
13078;5789147;1055010816;15204352;1143095296;0;0;0;0;0;0;0;0;0;0;0;2605;0;0;95;0;160;0;
13079;7747730;1055010816;15204352;1143095296;0;0;0;0;0;0;0;0;0;0;0;1603;0;0;95;0;160;0;
13080;3816157;1055010816;15204352;1143095296;0;0;0;0;0;0;0;0;0;0;0;2675;0;0;95;0;160;0;
13081;7130282;1055010816;15204352;1143095296;0;0;0;0;0;0;0;0;0;0;0;1793;0;0;95;0;160;0;
13082;5010566;1055010816;15204352;1143095296;0;0;0;0;0;0;0;0;0;0;0;2415;0;0;95;0;160;0;
13083;5412671;1055010816;15204352;1143095296;0;0;0;0;0;0;0;0;0;0;0;2104;0;0;95;0;160;0;
13084;4457279;1055010816;15204352;1143095296;0;0;0;0;0;0;0;0;0;0;0;2354;0;0;95;0;160;0;
13085;5538917;1058451456;21790720;1149681664;0;0;0;0;0;0;0;0;0;0;0;2155;0;0;95;0;160;0;
13086;6461688;1060548608;21790720;1149681664;0;0;0;0;0;0;0;0;0;0;0;3797;0;0;95;0;160;0;
13087;6080914;1060548608;21790720;1149681664;0;0;0;0;0;0;0;0;0;0;0;1763;0;0;95;0;160;0;
13088;3539057;1060548608;21790720;1149681664;0;0;0;0;0;0;0;0;0;0;0;2224;0;0;95;0;160;0;
13089;6013487;1060548608;21790720;1149681664;0;0;0;0;0;0;0;0;0;0;0;1563;0;0;95;0;160;0;
13090;5539970;1060548608;21790720;1149681664;0;0;0;0;0;0;0;0;0;0;0;3135;0;0;95;0;160;0;
13091;6184508;1060548608;21790720;1149681664;0;0;0;0;0;0;0;0;0;0;0;1663;0;0;95;0;160;0;
13092;4532551;1060548608;21790720;1149681664;0;0;0;0;0;0;0;0;0;0;0;2945;0;0;95;0;160;0;
13093;6480884;1060548608;21790720;1149681664;0;0;0;0;0;0;0;0;0;0;0;1864;0;0;95;0;160;0;
13094;5713666;1055023104;15204352;1143095296;0;0;0;0;0;0;0;0;0;0;0;2535;0;0;95;0;160;0;
13095;6975191;1055023104;15204352;1143095296;0;0;0;0;0;0;0;0;0;0;0;1904;0;0;95;0;160;0;
13096;2552587;1055023104;15204352;1143095296;0;0;0;0;0;0;0;0;0;0;0;2204;0;0;95;0;160;0;
13097;5288849;1055023104;15204352;1143095296;0;0;0;0;0;0;0;0;0;0;0;1483;0;0;95;0;160;0;
13098;4103415;1055023104;15204352;1143095296;0;0;0;0;0;0;0;0;0;0;0;2715;0;0;95;0;160;0;
13099;7664083;1055023104;15204352;1143095296;0;0;0;0;0;0;0;0;0;0;0;1843;0;0;95;0;160;0;
13100;3086859;1055023104;15204352;1143095296;0;0;0;0;0;0;0;0;0;0;0;2255;0;0;95;0;160;0;
13101;5588551;1055023104;15204352;1143095296;0;0;0;0;0;0;0;0;0;0;0;1653;0;0;95;0;160;0;
13102;5887241;1055023104;15204352;1143095296;0;0;0;0;0;0;0;0;0;0;0;2835;0;0;95;0;160;0;
13103;6917794;1055023104;15204352;1143095296;0;0;0;0;0;0;0;0;0;0;0;2003;0;0;95;0;160;0;
13104;5009154;1055023104;15204352;1143095296;0;0;0;0;0;0;0;0;0;0;0;3246;0;0;95;0;160;0;
13105;7912459;1055023104;15204352;1143095296;0;0;0;0;0;0;0;0;0;0;0;2825;0;0;95;0;160;0;
13106;4534494;1055023104;15204352;1143095296;0;0;0;0;0;0;0;0;0;0;0;2885;0;0;95;0;160;0;
13107;6953921;1055023104;15204352;1143095296;0;0;0;0;0;0;0;0;0;0;0;2024;0;0;95;0;160;0;
13108;6784915;1055023104;15204352;1143095296;0;0;0;0;0;0;0;0;0;0;0;3336;0;0;95;0;160;0;
13109;6847301;1055023104;15204352;1143095296;0;0;0;0;0;0;0;0;0;0;0;3106;0;0;95;0;160;0;
13110;5331298;1055023104;15204352;1143095296;0;0;0;0;0;0;0;0;0;0;0;2896;0;0;95;0;160;0;
13111;8703362;1058463744;21790720;1149681664;0;0;0;0;0;0;0;0;0;0;0;3246;0;0;95;0;160;0;
13112;4759646;1060560896;21790720;1149681664;0;0;0;0;0;0;0;0;0;0;0;2755;0;0;95;0;160;0;
13113;9123841;1060560896;21790720;1149681664;0;0;0;0;0;0;0;0;0;0;0;2836;0;0;95;0;160;0;
13114;7320378;1060560896;21790720;1149681664;0;0;0;0;0;0;0;0;0;0;0;3086;0;0;95;0;160;0;
13115;6175021;1060560896;21790720;1149681664;0;0;0;0;0;0;0;0;0;0;0;2054;0;0;95;0;160;0;
13116;5842818;1060560896;21790720;1149681664;0;0;0;0;0;0;0;0;0;0;0;2845;0;0;95;0;160;0;
13117;7021197;1060560896;21790720;1149681664;0;0;0;0;0;0;0;0;0;0;0;2134;0;0;95;0;160;0;
13118;3887150;1060560896;21790720;1149681664;0;0;0;0;0;0;0;0;0;0;0;3226;0;0;95;0;160;0;
13119;10327849;1060560896;21790720;1149681664;0;0;0;0;0;0;0;0;0;0;0;2565;0;0;95;0;160;0;
13120;5974194;1055035392;15204352;1143095296;0;0;0;0;0;0;0;0;0;0;0;2845;0;0;95;0;160;0;
13121;5103021;1055035392;15204352;1143095296;0;0;0;0;0;0;0;0;0;0;0;1713;0;0;95;0;160;0;
13122;6088619;1055035392;15204352;1143095296;0;0;0;0;0;0;0;0;0;0;0;2955;0;0;95;0;160;0;
13123;9041356;1055035392;15204352;1143095296;0;0;0;0;0;0;0;0;0;0;0;3086;0;0;95;0;160;0;
13124;4397948;1055035392;15204352;1143095296;0;0;0;0;0;0;0;0;0;0;0;27461;0;0;95;0;160;0;
13125;7860622;1055035392;15204352;1143095296;0;0;0;0;0;0;0;0;0;0;0;2565;0;0;95;0;160;0;
13126;3941853;1055035392;15204352;1143095296;0;0;0;0;0;0;0;0;0;0;0;2925;0;0;95;0;160;0;
13127;7288017;1055035392;15204352;1143095296;0;0;0;0;0;0;0;0;0;0;0;2044;0;0;95;0;160;0;
13128;7747269;1055035392;15204352;1143095296;0;0;0;0;0;0;0;0;0;0;0;2675;0;0;95;0;160;0;
13129;6327977;1055035392;15204352;1143095296;0;0;0;0;0;0;0;0;0;0;0;2865;0;0;95;0;160;0;
13130;5368167;1055035392;15204352;1143095296;0;0;0;0;0;0;0;0;0;0;0;3066;0;0;95;0;160;0;
13131;8710115;1055035392;15204352;1143095296;0;0;0;0;0;0;0;0;0;0;0;2504;0;0;95;0;160;0;
13132;6713280;1055035392;15204352;1143095296;0;0;0;0;0;0;0;0;0;0;0;2564;0;0;95;0;160;0;
13133;8785897;1058476032;21790720;1149681664;0;0;0;0;0;0;0;0;0;0;0;2494;0;0;95;0;160;0;
13134;6662154;1060573184;21790720;1149681664;0;0;0;0;0;0;0;0;0;0;0;3297;0;0;95;0;160;0;
13135;6631828;1060573184;21790720;1149681664;0;0;0;0;0;0;0;0;0;0;0;2575;0;0;95;0;160;0;
13136;5196375;1060573184;21790720;1149681664;0;0;0;0;0;0;0;0;0;0;0;2505;0;0;95;0;160;0;
13137;6791617;1060573184;21790720;1149681664;0;0;0;0;0;0;0;0;0;0;0;2705;0;0;95;0;160;0;
13138;4190359;1060573184;21790720;1149681664;0;0;0;0;0;0;0;0;0;0;0;2484;0;0;95;0;160;0;
13139;6137801;1060573184;21790720;1149681664;0;0;0;0;0;0;0;0;0;0;0;1783;0;0;95;0;160;0;
13140;5764100;1060573184;21790720;1149681664;0;0;0;0;0;0;0;0;0;0;0;3607;0;0;95;0;160;0;
13141;7941724;1060573184;21790720;1149681664;0;0;0;0;0;0;0;0;0;0;0;2705;0;0;95;0;160;0;
13142;6075424;1055047680;15204352;1143095296;0;0;0;0;0;0;0;0;0;0;0;2936;0;0;95;0;160;0;
13143;8542119;1055047680;15204352;1143095296;0;0;0;0;0;0;0;0;0;0;0;2255;0;0;95;0;160;0;
13144;4242897;1055047680;15204352;1143095296;0;0;0;0;0;0;0;0;0;0;0;2885;0;0;95;0;160;0;
13145;6762081;1055047680;15204352;1143095296;0;0;0;0;0;0;0;0;0;0;0;2044;0;0;95;0;160;0;
13146;5383747;1055047680;15204352;1143095296;0;0;0;0;0;0;0;0;0;0;0;2835;0;0;95;0;160;0;
13147;8670440;1055047680;15204352;1143095296;0;0;0;0;0;0;0;0;0;0;0;3075;0;0;95;0;160;0;
13148;6047501;1055047680;15204352;1143095296;0;0;0;0;0;0;0;0;0;0;0;2996;0;0;95;0;160;0;
13149;8109148;1055047680;15204352;1143095296;0;0;0;0;0;0;0;0;0;0;0;3056;0;0;95;0;160;0;
13150;4731323;1055047680;15204352;1143095296;0;0;0;0;0;0;0;0;0;0;0;3286;0;0;95;0;160;0;
13151;7407311;1055047680;15208448;1143099392;0;0;0;0;0;0;0;0;0;0;0;2935;0;0;95;0;160;0;
13152;5561200;1055047680;15212544;1143103488;0;0;0;0;0;0;0;0;0;0;0;2695;0;0;95;0;160;0;
13153;8615016;1058488320;21798912;1149689856;0;0;0;0;0;0;0;0;0;0;0;2755;0;0;95;0;160;0;
13154;7550140;1060585472;21798912;1149689856;0;0;0;0;0;0;0;0;0;0;0;3176;0;0;95;0;160;0;
13155;6559041;1060585472;21798912;1149689856;0;0;0;0;0;0;0;0;0;0;0;1994;0;0;95;0;160;0;
13156;3760021;1060585472;21798912;1149689856;0;0;0;0;0;0;0;0;0;0;0;2955;0;0;95;0;160;0;
13157;9838170;1060585472;21798912;1149689856;0;0;0;0;0;0;0;0;0;0;0;2325;0;0;95;0;160;0;
13158;5335106;1060630528;21790720;1149681664;0;0;0;0;0;0;0;0;0;0;0;3046;0;0;95;0;160;0;
13159;6343687;1060630528;21790720;1149681664;0;0;0;0;0;0;0;0;0;0;0;4058;0;0;95;0;160;0;
13160;6884180;1060630528;21790720;1149681664;0;0;0;0;0;0;0;0;0;0;0;3126;0;0;95;0;160;0;
13161;8592014;1060630528;21790720;1149681664;0;0;0;0;0;0;0;0;0;0;0;2886;0;0;95;0;160;0;
13162;5331048;1055059968;15204352;1143095296;0;0;0;0;0;0;0;0;0;0;0;3206;0;0;95;0;160;0;
13163;7943688;1055059968;15204352;1143095296;0;0;0;0;0;0;0;0;0;0;0;2575;0;0;95;0;160;0;
13164;5922006;1055059968;15204352;1143095296;0;0;0;0;0;0;0;0;0;0;0;3066;0;0;95;0;160;0;
13165;6556325;1055059968;15204352;1143095296;0;0;0;0;0;0;0;0;0;0;0;1924;0;0;95;0;160;0;
13166;4306707;1055059968;15204352;1143095296;0;0;0;0;0;0;0;0;0;0;0;2655;0;0;95;0;160;0;
13167;7231883;1055059968;15204352;1143095296;0;0;0;0;0;0;0;0;0;0;0;2345;0;0;95;0;160;0;
13168;4755949;1055059968;15204352;1143095296;0;0;0;0;0;0;0;0;0;0;0;3277;0;0;95;0;160;0;
13169;8349549;1055059968;15204352;1143095296;0;0;0;0;0;0;0;0;0;0;0;1904;0;0;95;0;160;0;
13170;4130086;1055059968;15204352;1143095296;0;0;0;0;0;0;0;0;0;0;0;11682;0;0;95;0;160;0;
13171;7041285;1055059968;15204352;1143095296;0;0;0;0;0;0;0;0;0;0;0;1793;0;0;95;0;160;0;
13172;7879738;1055059968;15204352;1143095296;0;0;0;0;0;0;0;0;0;0;0;2815;0;0;95;0;160;0;
13173;9196968;1055059968;15204352;1143095296;0;0;0;0;0;0;0;0;0;0;0;2776;0;0;95;0;160;0;
13174;5998029;1055059968;15204352;1143095296;0;0;0;0;0;0;0;0;0;0;0;3526;0;0;95;0;160;0;
13175;6777591;1055059968;15204352;1143095296;0;0;0;0;0;0;0;0;0;0;0;2054;0;0;95;0;160;0;
13176;5136242;1055059968;15204352;1143095296;0;0;0;0;0;0;0;0;0;0;0;2836;0;0;95;0;160;0;
13177;8595790;1055059968;15204352;1143095296;0;0;0;0;0;0;0;0;0;0;0;2645;0;0;95;0;160;0;
13178;4861778;1055059968;15204352;1143095296;0;0;0;0;0;0;0;0;0;0;0;3797;0;0;95;0;160;0;
13179;10944115;1058500608;21790720;1149681664;0;0;0;0;0;0;0;0;0;0;0;4078;0;0;95;0;160;0;
13180;5680954;1060597760;21790720;1149681664;0;0;0;0;0;0;0;0;0;0;0;2755;0;0;95;0;160;0;
13181;7434182;1060597760;21790720;1149681664;0;0;0;0;0;0;0;0;0;0;0;2886;0;0;95;0;160;0;
13182;5504423;1060597760;21790720;1149681664;0;0;0;0;0;0;0;0;0;0;0;2926;0;0;95;0;160;0;
13183;6466427;1060597760;21790720;1149681664;0;0;0;0;0;0;0;0;0;0;0;2194;0;0;95;0;160;0;
13184;10831714;1060597760;21790720;1149681664;0;0;0;0;0;0;0;0;0;0;0;3116;0;0;95;0;160;0;
13185;8903608;1060597760;21790720;1149681664;0;0;0;0;0;0;0;0;0;0;0;2034;0;0;95;0;160;0;
13186;5108250;1060597760;21790720;1149681664;0;0;0;0;0;0;0;0;0;0;0;3096;0;0;95;0;160;0;
13187;7676406;1060597760;21790720;1149681664;0;0;0;0;0;0;0;0;0;0;0;1743;0;0;95;0;160;0;
13188;4982254;1055072256;15204352;1143095296;0;0;0;0;0;0;0;0;0;0;0;3186;0;0;95;0;160;0;
13189;8537782;1055072256;15204352;1143095296;0;0;0;0;0;0;0;0;0;0;0;2895;0;0;95;0;160;0;
13190;5949928;1055072256;15204352;1143095296;0;0;0;0;0;0;0;0;0;0;0;3337;0;0;95;0;160;0;
13191;9325309;1055072256;15204352;1143095296;0;0;0;0;0;0;0;0;0;0;0;2625;0;0;95;0;160;0;
13192;8950556;1055072256;15204352;1143095296;0;0;0;0;0;0;0;0;0;0;0;3356;0;0;95;0;160;0;
13193;9414126;1055072256;15204352;1143095296;0;0;0;0;0;0;0;0;0;0;0;3506;0;0;95;0;160;0;
13194;16487810;1055072256;15204352;1143095296;0;0;0;0;0;0;0;0;0;0;0;3937;0;0;95;0;160;0;
13195;9628086;1055072256;15204352;1143095296;0;0;0;0;0;0;0;0;0;0;0;4048;0;0;95;0;160;0;
13196;7203659;1055072256;15204352;1143095296;0;0;0;0;0;0;0;0;0;0;0;3196;0;0;95;0;160;0;
13197;7325127;1055072256;15204352;1143095296;0;0;0;0;0;0;0;0;0;0;0;1953;0;0;95;0;160;0;
13198;5336348;1055072256;15204352;1143095296;0;0;0;0;0;0;0;0;0;0;0;3978;0;0;95;0;160;0;
13199;7716241;1055072256;15204352;1143095296;0;0;0;0;0;0;0;0;0;0;0;2104;0;0;95;0;160;0;
13200;3349472;1055072256;15204352;1143095296;0;0;0;0;0;0;0;0;0;0;0;3366;0;0;95;0;160;0;
13201;6331895;1055072256;15204352;1143095296;0;0;0;0;0;0;0;0;0;0;0;2134;0;0;95;0;160;0;
13202;5284821;1055072256;15204352;1143095296;0;0;0;0;0;0;0;0;0;0;0;4288;0;0;95;0;160;0;
13203;8061829;1058512896;21790720;1149681664;0;0;0;0;0;0;0;0;0;0;0;3697;0;0;95;0;160;0;
13204;5615912;1060610048;21790720;1149681664;0;0;0;0;0;0;0;0;0;0;0;3807;0;0;95;0;160;0;
13205;7781053;1060610048;21790720;1149681664;0;0;0;0;0;0;0;0;0;0;0;3447;0;0;95;0;160;0;
13206;4740720;1060610048;21790720;1149681664;0;0;0;0;0;0;0;0;0;0;0;3086;0;0;95;0;160;0;
13207;7121636;1060610048;21790720;1149681664;0;0;0;0;0;0;0;0;0;0;0;3637;0;0;95;0;160;0;
13208;6392839;1060610048;21790720;1149681664;0;0;0;0;0;0;0;0;0;0;0;3206;0;0;95;0;160;0;
13209;6269989;1060610048;21790720;1149681664;0;0;0;0;0;0;0;0;0;0;0;3246;0;0;95;0;160;0;
13210;6999126;1060610048;21790720;1149681664;0;0;0;0;0;0;0;0;0;0;0;3226;0;0;95;0;160;0;
13211;8096264;1060610048;21790720;1149681664;0;0;0;0;0;0;0;0;0;0;0;3356;0;0;95;0;160;0;
13212;7583823;1055084544;15204352;1143095296;0;0;0;0;0;0;0;0;0;0;0;3607;0;0;95;0;160;0;
13213;6217430;1055084544;15204352;1143095296;0;0;0;0;0;0;0;0;0;0;0;2595;0;0;95;0;160;0;
13214;5965197;1055084544;15204352;1143095296;0;0;0;0;0;0;0;0;0;0;0;3266;0;0;95;0;160;0;
13215;6974920;1055084544;15204352;1143095296;0;0;0;0;0;0;0;0;0;0;0;2414;0;0;95;0;160;0;
13216;5159116;1055084544;15204352;1143095296;0;0;0;0;0;0;0;0;0;0;0;2444;0;0;95;0;160;0;
13217;7356306;1055084544;15204352;1143095296;0;0;0;0;0;0;0;0;0;0;0;2294;0;0;95;0;160;0;
13218;4461437;1055084544;15204352;1143095296;0;0;0;0;0;0;0;0;0;0;0;45445;0;0;95;0;160;0;
13219;5814234;1055084544;15204352;1143095296;0;0;0;0;0;0;0;0;0;0;0;1994;0;0;95;0;160;0;
13220;4635303;1055084544;15204352;1143095296;0;0;0;0;0;0;0;0;0;0;0;2986;0;0;95;0;160;0;
13221;5510274;1055084544;15204352;1143095296;0;0;0;0;0;0;0;0;0;0;0;1733;0;0;95;0;160;0;
13222;4545013;1055084544;15204352;1143095296;0;0;0;0;0;0;0;0;0;0;0;3657;0;0;95;0;160;0;
13223;5192468;1055084544;15204352;1143095296;0;0;0;0;0;0;0;0;0;0;0;1823;0;0;95;0;160;0;
13224;5795018;1055084544;15204352;1143095296;0;0;0;0;0;0;0;0;0;0;0;3387;0;0;95;0;160;0;
13225;8279537;1058525184;21790720;1149681664;0;0;0;0;0;0;0;0;0;0;0;2775;0;0;95;0;160;0;
13226;5728163;1060622336;21790720;1149681664;0;0;0;0;0;0;0;0;0;0;0;3537;0;0;95;0;160;0;
13227;7902690;1060622336;21790720;1149681664;0;0;0;0;0;0;0;0;0;0;0;2355;0;0;95;0;160;0;
13228;5234757;1060622336;21790720;1149681664;0;0;0;0;0;0;0;0;0;0;0;3105;0;0;95;0;160;0;
13229;7711011;1060622336;21790720;1149681664;0;0;0;0;0;0;0;0;0;0;0;2485;0;0;95;0;160;0;
13230;4452450;1060622336;21790720;1149681664;0;0;0;0;0;0;0;0;0;0;0;3296;0;0;95;0;160;0;
13231;7373548;1060622336;21790720;1149681664;0;0;0;0;0;0;0;0;0;0;0;3015;0;0;95;0;160;0;
13232;4748365;1060622336;21790720;1149681664;0;0;0;0;0;0;0;0;0;0;0;3747;0;0;95;0;160;0;
13233;8055287;1060622336;21790720;1149681664;0;0;0;0;0;0;0;0;0;0;0;2855;0;0;95;0;160;0;
13234;5957883;1055096832;15204352;1143095296;0;0;0;0;0;0;0;0;0;0;0;4228;0;0;95;0;160;0;
13235;6937901;1055096832;15204352;1143095296;0;0;0;0;0;0;0;0;0;0;0;3687;0;0;95;0;160;0;
13236;3262919;1055096832;15204352;1143095296;0;0;0;0;0;0;0;0;0;0;0;2936;0;0;95;0;160;0;
13237;8055366;1055096832;15204352;1143095296;0;0;0;0;0;0;0;0;0;0;0;2175;0;0;95;0;160;0;
13238;7966300;1055096832;15204352;1143095296;0;0;0;0;0;0;0;0;0;0;0;4168;0;0;95;0;160;0;
13239;6324741;1055096832;15204352;1143095296;0;0;0;0;0;0;0;0;0;0;0;2405;0;0;95;0;160;0;
13240;7481090;1055096832;15204352;1143095296;0;0;0;0;0;0;0;0;0;0;0;3096;0;0;95;0;160;0;
13241;6175432;1055096832;15204352;1143095296;0;0;0;0;0;0;0;0;0;0;0;2434;0;0;95;0;160;0;
13242;5041444;1055096832;15204352;1143095296;0;0;0;0;0;0;0;0;0;0;0;2725;0;0;95;0;160;0;
13243;6074281;1055096832;15204352;1143095296;0;0;0;0;0;0;0;0;0;0;0;2134;0;0;95;0;160;0;
13244;5796130;1055096832;15204352;1143095296;0;0;0;0;0;0;0;0;0;0;0;3747;0;0;95;0;160;0;
13245;4899078;1055096832;15204352;1143095296;0;0;0;0;0;0;0;0;0;0;0;2365;0;0;95;0;160;0;
13246;7083655;1055096832;15204352;1143095296;0;0;0;0;0;0;0;0;0;0;0;3086;0;0;95;0;160;0;
13247;5263642;1055096832;15204352;1143095296;0;0;0;0;0;0;0;0;0;0;0;2104;0;0;95;0;160;0;
13248;5460510;1055096832;15204352;1143095296;0;0;0;0;0;0;0;0;0;0;0;3457;0;0;95;0;160;0;
13249;6735401;1058537472;21790720;1149681664;0;0;0;0;0;0;0;0;0;0;0;2555;0;0;95;0;160;0;
13250;6547289;1060634624;21790720;1149681664;0;0;0;0;0;0;0;0;0;0;0;3016;0;0;95;0;160;0;
13251;6643509;1060634624;21790720;1149681664;0;0;0;0;0;0;0;0;0;0;0;2444;0;0;95;0;160;0;
13252;4875313;1060634624;21790720;1149681664;0;0;0;0;0;0;0;0;0;0;0;4177;0;0;95;0;160;0;
13253;5800148;1060634624;21790720;1149681664;0;0;0;0;0;0;0;0;0;0;0;2305;0;0;95;0;160;0;
13254;6106362;1060634624;21790720;1149681664;0;0;0;0;0;0;0;0;0;0;0;2905;0;0;95;0;160;0;
13255;5870710;1060634624;21790720;1149681664;0;0;0;0;0;0;0;0;0;0;0;2455;0;0;95;0;160;0;
13256;5280052;1060634624;21790720;1149681664;0;0;0;0;0;0;0;0;0;0;0;3166;0;0;95;0;160;0;
13257;7393977;1060634624;21790720;1149681664;0;0;0;0;0;0;0;0;0;0;0;3406;0;0;95;0;160;0;
13258;6203284;1055109120;15204352;1143095296;0;0;0;0;0;0;0;0;0;0;0;2895;0;0;95;0;160;0;
13259;5405757;1055109120;15204352;1143095296;0;0;0;0;0;0;0;0;0;0;0;3287;0;0;95;0;160;0;
13260;5685632;1055109120;15204352;1143095296;0;0;0;0;0;0;0;0;0;0;0;4368;0;0;95;0;160;0;
13261;7202718;1055109120;15204352;1143095296;0;0;0;0;0;0;0;0;0;0;0;3597;0;0;95;0;160;0;
13262;4438373;1055109120;15204352;1143095296;0;0;0;0;0;0;0;0;0;0;0;4308;0;0;95;0;160;0;
13263;6954412;1055109120;15204352;1143095296;0;0;0;0;0;0;0;0;0;0;0;3116;0;0;95;0;160;0;
13264;5321810;1055109120;15204352;1143095296;0;0;0;0;0;0;0;0;0;0;0;3717;0;0;95;0;160;0;
13265;6793641;1055109120;15204352;1143095296;0;0;0;0;0;0;0;0;0;0;0;2445;0;0;95;0;160;0;
13266;4206569;1055109120;15204352;1143095296;0;0;0;0;0;0;0;0;0;0;0;2945;0;0;95;0;160;0;
13267;5891539;1055109120;15204352;1143095296;0;0;0;0;0;0;0;0;0;0;0;2414;0;0;95;0;160;0;
13268;5668130;1055109120;15204352;1143095296;0;0;0;0;0;0;0;0;0;0;0;2575;0;0;95;0;160;0;
13269;5114642;1055109120;15204352;1143095296;0;0;0;0;0;0;0;0;0;0;0;2255;0;0;95;0;160;0;
13270;5468897;1055109120;15204352;1143095296;0;0;0;0;0;0;0;0;0;0;0;2886;0;0;95;0;160;0;
13271;5465410;1055109120;15204352;1143095296;0;0;0;0;0;0;0;0;0;0;0;1903;0;0;95;0;160;0;
13272;5194542;1055109120;15204352;1143095296;0;0;0;0;0;0;0;0;0;0;0;3296;0;0;95;0;160;0;
13273;6264348;1058549760;21790720;1149681664;0;0;0;0;0;0;0;0;0;0;0;1844;0;0;95;0;160;0;
13274;5211574;1060646912;21790720;1149681664;0;0;0;0;0;0;0;0;0;0;0;3196;0;0;95;0;160;0;
13275;7725088;1060646912;21790720;1149681664;0;0;0;0;0;0;0;0;0;0;0;2395;0;0;95;0;160;0;
13276;4152317;1060646912;21790720;1149681664;0;0;0;0;0;0;0;0;0;0;0;2775;0;0;95;0;160;0;
13277;6895703;1060646912;21790720;1149681664;0;0;0;0;0;0;0;0;0;0;0;2615;0;0;95;0;160;0;
13278;4153349;1060646912;21790720;1149681664;0;0;0;0;0;0;0;0;0;0;0;2976;0;0;95;0;160;0;
13279;6571224;1060646912;21790720;1149681664;0;0;0;0;0;0;0;0;0;0;0;3477;0;0;95;0;160;0;
13280;4071315;1060646912;21790720;1149681664;0;0;0;0;0;0;0;0;0;0;0;2725;0;0;95;0;160;0;
13281;8410303;1060646912;21790720;1149681664;0;0;0;0;0;0;0;0;0;0;0;3426;0;0;95;0;160;0;
13282;6764396;1055121408;15204352;1143095296;0;0;0;0;0;0;0;0;0;0;0;3406;0;0;95;0;160;0;
13283;6225996;1055121408;15204352;1143095296;0;0;0;0;0;0;0;0;0;0;0;2906;0;0;95;0;160;0;
13284;5050071;1055121408;15204352;1143095296;0;0;0;0;0;0;0;0;0;0;0;2755;0;0;95;0;160;0;
13285;7199031;1055121408;15204352;1143095296;0;0;0;0;0;0;0;0;0;0;0;2675;0;0;95;0;160;0;
13286;4634982;1055121408;15204352;1143095296;0;0;0;0;0;0;0;0;0;0;0;3317;0;0;95;0;160;0;
13287;7768980;1055121408;15204352;1143095296;0;0;0;0;0;0;0;0;0;0;0;2956;0;0;95;0;160;0;
13288;3698276;1055121408;15204352;1143095296;0;0;0;0;0;0;0;0;0;0;0;3387;0;0;95;0;160;0;
13289;7920684;1055121408;15204352;1143095296;0;0;0;0;0;0;0;0;0;0;0;3597;0;0;95;0;160;0;
13290;4807276;1055121408;15204352;1143095296;0;0;0;0;0;0;0;0;0;0;0;3236;0;0;95;0;160;0;
13291;7519642;1055121408;15204352;1143095296;0;0;0;0;0;0;0;0;0;0;0;2645;0;0;95;0;160;0;
13292;7778278;1055121408;15204352;1143095296;0;0;0;0;0;0;0;0;0;0;0;4058;0;0;95;0;160;0;
13293;6690988;1055121408;15204352;1143095296;0;0;0;0;0;0;0;0;0;0;0;3066;0;0;95;0;160;0;
13294;7321500;1055121408;15204352;1143095296;0;0;0;0;0;0;0;0;0;0;0;3116;0;0;95;0;160;0;
13295;6795985;1058562048;21790720;1149681664;0;0;0;0;0;0;0;0;0;0;0;2455;0;0;95;0;160;0;
13296;7276987;1060659200;21790720;1149681664;0;0;0;0;0;0;0;0;0;0;0;3406;0;0;95;0;160;0;
13297;5764771;1060659200;21790720;1149681664;0;0;0;0;0;0;0;0;0;0;0;2425;0;0;95;0;160;0;
13298;5021698;1060659200;21790720;1149681664;0;0;0;0;0;0;0;0;0;0;0;2464;0;0;95;0;160;0;
13299;6329120;1060659200;21790720;1149681664;0;0;0;0;0;0;0;0;0;0;0;2324;0;0;95;0;160;0;
13300;5031155;1060659200;21790720;1149681664;0;0;0;0;0;0;0;0;0;0;0;4338;0;0;95;0;160;0;
13301;7129010;1060659200;21790720;1149681664;0;0;0;0;0;0;0;0;0;0;0;1954;0;0;95;0;160;0;
13302;6046269;1060659200;21790720;1149681664;0;0;0;0;0;0;0;0;0;0;0;2615;0;0;95;0;160;0;
13303;6372221;1060659200;21790720;1149681664;0;0;0;0;0;0;0;0;0;0;0;2234;0;0;95;0;160;0;
13304;7230620;1055133696;15204352;1143095296;0;0;0;0;0;0;0;0;0;0;0;3897;0;0;95;0;160;0;
13305;7858608;1055133696;15204352;1143095296;0;0;0;0;0;0;0;0;0;0;0;2905;0;0;95;0;160;0;
13306;7675695;1055133696;15204352;1143095296;0;0;0;0;0;0;0;0;0;0;0;3356;0;0;95;0;160;0;
13307;7500756;1055133696;15204352;1143095296;0;0;0;0;0;0;0;0;0;0;0;3357;0;0;95;0;160;0;
13308;7157142;1055133696;15204352;1143095296;0;0;0;0;0;0;0;0;0;0;0;4198;0;0;95;0;160;0;
13309;6233440;1055133696;15204352;1143095296;0;0;0;0;0;0;0;0;0;0;0;2695;0;0;95;0;160;0;
13310;6937019;1055133696;15204352;1143095296;0;0;0;0;0;0;0;0;0;0;0;3206;0;0;95;0;160;0;
13311;8270601;1055133696;15204352;1143095296;0;0;0;0;0;0;0;0;0;0;0;2615;0;0;95;0;160;0;
13312;8232640;1055133696;15204352;1143095296;0;0;0;0;0;0;0;0;0;0;0;4699;0;0;95;0;160;0;
13313;7073936;1055133696;15204352;1143095296;0;0;0;0;0;0;0;0;0;0;0;2965;0;0;95;0;160;0;
13314;7030174;1055133696;15204352;1143095296;0;0;0;0;0;0;0;0;0;0;0;3237;0;0;95;0;160;0;
13315;7098262;1055133696;15204352;1143095296;0;0;0;0;0;0;0;0;0;0;0;2685;0;0;95;0;160;0;
13316;6738237;1055133696;15204352;1143095296;0;0;0;0;0;0;0;0;0;0;0;352631;0;0;95;0;160;0;
13317;5608609;1055133696;15204352;1143095296;0;0;0;0;0;0;0;0;0;0;0;2544;0;0;95;0;160;0;
13318;8868893;1055133696;15204352;1143095296;0;0;0;0;0;0;0;0;0;0;0;2815;0;0;95;0;160;0;
13319;8666373;1058574336;21790720;1149681664;0;0;0;0;0;0;0;0;0;0;0;2735;0;0;95;0;160;0;
13320;7139719;1060671488;21790720;1149681664;0;0;0;0;0;0;0;0;0;0;0;3887;0;0;95;0;160;0;
13321;7340066;1060671488;21790720;1149681664;0;0;0;0;0;0;0;0;0;0;0;3006;0;0;95;0;160;0;
13322;8025280;1060671488;21790720;1149681664;0;0;0;0;0;0;0;0;0;0;0;2935;0;0;95;0;160;0;
13323;6987534;1060671488;21790720;1149681664;0;0;0;0;0;0;0;0;0;0;0;3277;0;0;95;0;160;0;
13324;8126640;1060671488;21790720;1149681664;0;0;0;0;0;0;0;0;0;0;0;3115;0;0;95;0;160;0;
13325;8122964;1060671488;21790720;1149681664;0;0;0;0;0;0;0;0;0;0;0;2615;0;0;95;0;160;0;
13326;6958921;1060671488;21790720;1149681664;0;0;0;0;0;0;0;0;0;0;0;3216;0;0;95;0;160;0;
13327;9315139;1060671488;21790720;1149681664;0;0;0;0;0;0;0;0;0;0;0;3656;0;0;95;0;160;0;
13328;4521389;1055145984;15204352;1143095296;0;0;0;0;0;0;0;0;0;0;0;3556;0;0;95;0;160;0;
13329;8376249;1055145984;15204352;1143095296;0;0;0;0;0;0;0;0;0;0;0;3878;0;0;95;0;160;0;
13330;4940305;1055145984;15204352;1143095296;0;0;0;0;0;0;0;0;0;0;0;3246;0;0;95;0;160;0;
13331;9210784;1055145984;15204352;1143095296;0;0;0;0;0;0;0;0;0;0;0;3246;0;0;95;0;160;0;
13332;6572475;1055145984;15204352;1143095296;0;0;0;0;0;0;0;0;0;0;0;3687;0;0;95;0;160;0;
13333;7690032;1055145984;15204352;1143095296;0;0;0;0;0;0;0;0;0;0;0;3857;0;0;95;0;160;0;
13334;5187218;1055145984;15204352;1143095296;0;0;0;0;0;0;0;0;0;0;0;3707;0;0;95;0;160;0;
13335;7615031;1055145984;15204352;1143095296;0;0;0;0;0;0;0;0;0;0;0;3316;0;0;95;0;160;0;
13336;6126359;1055145984;15204352;1143095296;0;0;0;0;0;0;0;0;0;0;0;4288;0;0;95;0;160;0;
13337;9296995;1055145984;15204352;1143095296;0;0;0;0;0;0;0;0;0;0;0;3447;0;0;95;0;160;0;
13338;7070771;1055145984;15204352;1143095296;0;0;0;0;0;0;0;0;0;0;0;2945;0;0;95;0;160;0;
13339;8641957;1055145984;15204352;1143095296;0;0;0;0;0;0;0;0;0;0;0;2264;0;0;95;0;160;0;
13340;6650712;1055145984;15204352;1143095296;0;0;0;0;0;0;0;0;0;0;0;3366;0;0;95;0;160;0;
13341;8517203;1058586624;21790720;1149681664;0;0;0;0;0;0;0;0;0;0;0;3627;0;0;95;0;160;0;
13342;6629653;1060683776;21790720;1149681664;0;0;0;0;0;0;0;0;0;0;0;3647;0;0;95;0;160;0;
13343;7668341;1060683776;21790720;1149681664;0;0;0;0;0;0;0;0;0;0;0;3346;0;0;95;0;160;0;
13344;6030379;1060683776;21790720;1149681664;0;0;0;0;0;0;0;0;0;0;0;3867;0;0;95;0;160;0;
13345;11076222;1060683776;21790720;1149681664;0;0;0;0;0;0;0;0;0;0;0;2945;0;0;95;0;160;0;
13346;13010339;1060683776;21790720;1149681664;0;0;0;0;0;0;0;0;0;0;0;3046;0;0;95;0;160;0;
13347;7419084;1060683776;21790720;1149681664;0;0;0;0;0;0;0;0;0;0;0;2334;0;0;95;0;160;0;
13348;7784159;1060683776;21790720;1149681664;0;0;0;0;0;0;0;0;0;0;0;3367;0;0;95;0;160;0;
13349;7010607;1060683776;21790720;1149681664;0;0;0;0;0;0;0;0;0;0;0;3106;0;0;95;0;160;0;
13350;7144619;1055158272;15204352;1143095296;0;0;0;0;0;0;0;0;0;0;0;2655;0;0;95;0;160;0;
13351;6583336;1055158272;15204352;1143095296;0;0;0;0;0;0;0;0;0;0;0;1773;0;0;95;0;160;0;
13352;7094505;1055158272;15204352;1143095296;0;0;0;0;0;0;0;0;0;0;0;2745;0;0;95;0;160;0;
13353;9304009;1055158272;15204352;1143095296;0;0;0;0;0;0;0;0;0;0;0;4268;0;0;95;0;160;0;
13354;4084690;1055158272;15204352;1143095296;0;0;0;0;0;0;0;0;0;0;0;2895;0;0;95;0;160;0;
13355;9040224;1055158272;15204352;1143095296;0;0;0;0;0;0;0;0;0;0;0;3246;0;0;95;0;160;0;
13356;3709126;1055158272;15204352;1143095296;0;0;0;0;0;0;0;0;0;0;0;3296;0;0;95;0;160;0;
13357;9287919;1055158272;15204352;1143095296;0;0;0;0;0;0;0;0;0;0;0;3056;0;0;95;0;160;0;
13358;6024288;1055158272;15204352;1143095296;0;0;0;0;0;0;0;0;0;0;0;3156;0;0;95;0;160;0;
13359;9399868;1055158272;15204352;1143095296;0;0;0;0;0;0;0;0;0;0;0;3737;0;0;95;0;160;0;
13360;6817585;1055158272;15204352;1143095296;0;0;0;0;0;0;0;0;0;0;0;3186;0;0;95;0;160;0;
13361;8492457;1055158272;15204352;1143095296;0;0;0;0;0;0;0;0;0;0;0;3106;0;0;95;0;160;0;
13362;5823020;1055158272;15204352;1143095296;0;0;0;0;0;0;0;0;0;0;0;3236;0;0;95;0;160;0;
13363;7714558;1055158272;15204352;1143095296;0;0;0;0;0;0;0;0;0;0;0;2815;0;0;95;0;160;0;
13364;5970146;1055158272;15204352;1143095296;0;0;0;0;0;0;0;0;0;0;0;3446;0;0;95;0;160;0;
13365;7140652;1055158272;15204352;1143095296;0;0;0;0;0;0;0;0;0;0;0;2294;0;0;95;0;160;0;
13366;5179333;1055158272;15204352;1143095296;0;0;0;0;0;0;0;0;0;0;0;3085;0;0;95;0;160;0;
13367;7663622;1058598912;21790720;1149681664;0;0;0;0;0;0;0;0;0;0;0;3536;0;0;95;0;160;0;
13368;5732401;1060696064;21790720;1149681664;0;0;0;0;0;0;0;0;0;0;0;3868;0;0;95;0;160;0;
13369;8374185;1060696064;21790720;1149681664;0;0;0;0;0;0;0;0;0;0;0;3226;0;0;95;0;160;0;
13370;5397081;1060696064;21790720;1149681664;0;0;0;0;0;0;0;0;0;0;0;4268;0;0;95;0;160;0;
13371;8701288;1060696064;21790720;1149681664;0;0;0;0;0;0;0;0;0;0;0;2655;0;0;95;0;160;0;
13372;3661226;1060696064;21790720;1149681664;0;0;0;0;0;0;0;0;0;0;0;3036;0;0;95;0;160;0;
13373;8599006;1060696064;21790720;1149681664;0;0;0;0;0;0;0;0;0;0;0;2705;0;0;95;0;160;0;
13374;3752317;1060696064;21790720;1149681664;0;0;0;0;0;0;0;0;0;0;0;2926;0;0;95;0;160;0;
13375;7675815;1060696064;21790720;1149681664;0;0;0;0;0;0;0;0;0;0;0;2434;0;0;95;0;160;0;
13376;5165808;1055170560;15204352;1143095296;0;0;0;0;0;0;0;0;0;0;0;3186;0;0;95;0;160;0;
13377;6505300;1055170560;15204352;1143095296;0;0;0;0;0;0;0;0;0;0;0;2906;0;0;95;0;160;0;
13378;5908360;1055170560;15204352;1143095296;0;0;0;0;0;0;0;0;0;0;0;2795;0;0;95;0;160;0;
13379;7528028;1055170560;15204352;1143095296;0;0;0;0;0;0;0;0;0;0;0;3126;0;0;95;0;160;0;
13380;5078534;1055170560;15204352;1143095296;0;0;0;0;0;0;0;0;0;0;0;3336;0;0;95;0;160;0;
13381;7401671;1055170560;15204352;1143095296;0;0;0;0;0;0;0;0;0;0;0;2445;0;0;95;0;160;0;
13382;7040704;1055170560;15204352;1143095296;0;0;0;0;0;0;0;0;0;0;0;2916;0;0;95;0;160;0;
13383;8528794;1055170560;15204352;1143095296;0;0;0;0;0;0;0;0;0;0;0;3377;0;0;95;0;160;0;
13384;3748529;1055170560;15204352;1143095296;0;0;0;0;0;0;0;0;0;0;0;2826;0;0;95;0;160;0;
13385;7015837;1055170560;15204352;1143095296;0;0;0;0;0;0;0;0;0;0;0;2605;0;0;95;0;160;0;
13386;6854615;1055170560;15204352;1143095296;0;0;0;0;0;0;0;0;0;0;0;2755;0;0;95;0;160;0;
13387;6296238;1055170560;15204352;1143095296;0;0;0;0;0;0;0;0;0;0;0;3076;0;0;95;0;160;0;
13388;6961465;1055170560;15204352;1143095296;0;0;0;0;0;0;0;0;0;0;0;3296;0;0;95;0;160;0;
13389;8509829;1058611200;21790720;1149681664;0;0;0;0;0;0;0;0;0;0;0;3808;0;0;95;0;160;0;
13390;5333743;1060708352;21790720;1149681664;0;0;0;0;0;0;0;0;0;0;0;3377;0;0;95;0;160;0;
13391;7609190;1060708352;21790720;1149681664;0;0;0;0;0;0;0;0;0;0;0;2885;0;0;95;0;160;0;
13392;5376794;1060708352;21790720;1149681664;0;0;0;0;0;0;0;0;0;0;0;3106;0;0;95;0;160;0;
13393;7642222;1060708352;21790720;1149681664;0;0;0;0;0;0;0;0;0;0;0;2535;0;0;95;0;160;0;
13394;5508991;1060708352;21790720;1149681664;0;0;0;0;0;0;0;0;0;0;0;3727;0;0;95;0;160;0;
13395;8660181;1060708352;21790720;1149681664;0;0;0;0;0;0;0;0;0;0;0;2304;0;0;95;0;160;0;
13396;3505945;1060708352;21790720;1149681664;0;0;0;0;0;0;0;0;0;0;0;3747;0;0;95;0;160;0;
13397;8370568;1060708352;21790720;1149681664;0;0;0;0;0;0;0;0;0;0;0;4058;0;0;95;0;160;0;
13398;3175285;1055182848;15204352;1143095296;0;0;0;0;0;0;0;0;0;0;0;3797;0;0;95;0;160;0;
13399;8425280;1055182848;15204352;1143095296;0;0;0;0;0;0;0;0;0;0;0;3076;0;0;95;0;160;0;
13400;3939067;1055182848;15204352;1143095296;0;0;0;0;0;0;0;0;0;0;0;2775;0;0;95;0;160;0;
13401;8747064;1055182848;15204352;1143095296;0;0;0;0;0;0;0;0;0;0;0;3115;0;0;95;0;160;0;
13402;3674090;1055182848;15204352;1143095296;0;0;0;0;0;0;0;0;0;0;0;3456;0;0;95;0;160;0;
13403;5292526;1055182848;15204352;1143095296;0;0;0;0;0;0;0;0;0;0;0;2214;0;0;95;0;160;0;
13404;4683503;1055182848;15204352;1143095296;0;0;0;0;0;0;0;0;0;0;0;2966;0;0;95;0;160;0;
13405;4800903;1055182848;15204352;1143095296;0;0;0;0;0;0;0;0;0;0;0;2235;0;0;95;0;160;0;
13406;6082678;1055182848;15204352;1143095296;0;0;0;0;0;0;0;0;0;0;0;2876;0;0;95;0;160;0;
13407;7027519;1055182848;15204352;1143095296;0;0;0;0;0;0;0;0;0;0;0;2294;0;0;95;0;160;0;
13408;4990940;1055182848;15204352;1143095296;0;0;0;0;0;0;0;0;0;0;0;2826;0;0;95;0;160;0;
13409;6565173;1055182848;15204352;1143095296;0;0;0;0;0;0;0;0;0;0;0;2756;0;0;95;0;160;0;
13410;4930827;1055182848;15204352;1143095296;0;0;0;0;0;0;0;0;0;0;0;3336;0;0;95;0;160;0;
13411;7836907;1058623488;21790720;1149681664;0;0;0;0;0;0;0;0;0;0;0;3717;0;0;95;0;160;0;
13412;3976107;1060720640;21790720;1149681664;0;0;0;0;0;0;0;0;0;0;0;2746;0;0;95;0;160;0;
13413;9467796;1060720640;21790720;1149681664;0;0;0;0;0;0;0;0;0;0;0;3316;0;0;95;0;160;0;
13414;4087276;1060720640;21790720;1149681664;0;0;0;0;0;0;0;0;0;0;0;3506;0;0;95;0;160;0;
13415;8283625;1060720640;21790720;1149681664;0;0;0;0;0;0;0;0;0;0;0;2755;0;0;95;0;160;0;
13416;3734674;1060720640;21790720;1149681664;0;0;0;0;0;0;0;0;0;0;0;2735;0;0;95;0;160;0;
13417;7867374;1060720640;21790720;1149681664;0;0;0;0;0;0;0;0;0;0;0;2735;0;0;95;0;160;0;
13418;3988410;1060720640;21790720;1149681664;0;0;0;0;0;0;0;0;0;0;0;2705;0;0;95;0;160;0;
13419;6779755;1060720640;21790720;1149681664;0;0;0;0;0;0;0;0;0;0;0;2275;0;0;95;0;160;0;
13420;5070279;1055195136;15204352;1143095296;0;0;0;0;0;0;0;0;0;0;0;3337;0;0;95;0;160;0;
13421;6474552;1055195136;15204352;1143095296;0;0;0;0;0;0;0;0;0;0;0;2074;0;0;95;0;160;0;
13422;6610086;1055195136;15204352;1143095296;0;0;0;0;0;0;0;0;0;0;0;3246;0;0;95;0;160;0;
13423;7414104;1055195136;15204352;1143095296;0;0;0;0;0;0;0;0;0;0;0;2174;0;0;95;0;160;0;
13424;4370807;1055195136;15204352;1143095296;0;0;0;0;0;0;0;0;0;0;0;2885;0;0;95;0;160;0;
13425;6437664;1055195136;15204352;1143095296;0;0;0;0;0;0;0;0;0;0;0;2304;0;0;95;0;160;0;
13426;4608312;1055195136;15204352;1143095296;0;0;0;0;0;0;0;0;0;0;0;2795;0;0;95;0;160;0;
13427;4974208;1055195136;15204352;1143095296;0;0;0;0;0;0;0;0;0;0;0;1974;0;0;95;0;160;0;
13428;7559908;1055195136;15204352;1143095296;0;0;0;0;0;0;0;0;0;0;0;3647;0;0;95;0;160;0;
13429;4696788;1055195136;15204352;1143095296;0;0;0;0;0;0;0;0;0;0;0;2214;0;0;95;0;160;0;
13430;6981944;1055195136;15204352;1143095296;0;0;0;0;0;0;0;0;0;0;0;2715;0;0;95;0;160;0;
13431;5604700;1055195136;15204352;1143095296;0;0;0;0;0;0;0;0;0;0;0;1573;0;0;95;0;160;0;
13432;5323835;1055195136;15204352;1143095296;0;0;0;0;0;0;0;0;0;0;0;3316;0;0;95;0;160;0;
13433;7477853;1055195136;15204352;1143095296;0;0;0;0;0;0;0;0;0;0;0;2755;0;0;95;0;160;0;
13434;5705761;1055195136;15204352;1143095296;0;0;0;0;0;0;0;0;0;0;0;2795;0;0;95;0;160;0;
13435;7937526;1058635776;21790720;1149681664;0;0;0;0;0;0;0;0;0;0;0;3587;0;0;95;0;160;0;
13436;6137340;1060732928;21790720;1149681664;0;0;0;0;0;0;0;0;0;0;0;3296;0;0;95;0;160;0;
13437;7263452;1060732928;21790720;1149681664;0;0;0;0;0;0;0;0;0;0;0;2445;0;0;95;0;160;0;
13438;6728438;1060732928;21790720;1149681664;0;0;0;0;0;0;0;0;0;0;0;3547;0;0;95;0;160;0;
13439;7376494;1060732928;21790720;1149681664;0;0;0;0;0;0;0;0;0;0;0;3186;0;0;95;0;160;0;
13440;3916705;1060732928;21790720;1149681664;0;0;0;0;0;0;0;0;0;0;0;2986;0;0;95;0;160;0;
13441;8069834;1060732928;21790720;1149681664;0;0;0;0;0;0;0;0;0;0;0;3186;0;0;95;0;160;0;
13442;3551270;1060732928;21790720;1149681664;0;0;0;0;0;0;0;0;0;0;0;2875;0;0;95;0;160;0;
13443;7835224;1060732928;21790720;1149681664;0;0;0;0;0;0;0;0;0;0;0;2535;0;0;95;0;160;0;
13444;4849365;1055207424;15204352;1143095296;0;0;0;0;0;0;0;0;0;0;0;3035;0;0;95;0;160;0;
13445;7936233;1055207424;15204352;1143095296;0;0;0;0;0;0;0;0;0;0;0;2515;0;0;95;0;160;0;
13446;6928874;1055207424;15204352;1143095296;0;0;0;0;0;0;0;0;0;0;0;3266;0;0;95;0;160;0;
13447;9670286;1055207424;15204352;1143095296;0;0;0;0;0;0;0;0;0;0;0;79259;0;0;95;0;160;0;
13448;6560613;1055207424;15204352;1143095296;0;0;0;0;0;0;0;0;0;0;0;3547;0;0;95;0;160;0;
13449;7822951;1055207424;15204352;1143095296;0;0;0;0;0;0;0;0;0;0;0;2915;0;0;95;0;160;0;
13450;4868289;1055207424;15204352;1143095296;0;0;0;0;0;0;0;0;0;0;0;3246;0;0;95;0;160;0;
13451;9126115;1055207424;15204352;1143095296;0;0;0;0;0;0;0;0;0;0;0;3176;0;0;95;0;160;0;
13452;3835112;1055207424;15204352;1143095296;0;0;0;0;0;0;0;0;0;0;0;3186;0;0;95;0;160;0;
13453;9218548;1055207424;15204352;1143095296;0;0;0;0;0;0;0;0;0;0;0;3747;0;0;95;0;160;0;
13454;3655786;1055207424;15204352;1143095296;0;0;0;0;0;0;0;0;0;0;0;3306;0;0;95;0;160;0;
13455;8024800;1055207424;15204352;1143095296;0;0;0;0;0;0;0;0;0;0;0;2565;0;0;95;0;160;0;
13456;6248368;1055207424;15204352;1143095296;0;0;0;0;0;0;0;0;0;0;0;3306;0;0;95;0;160;0;
13457;7327322;1055207424;15204352;1143095296;0;0;0;0;0;0;0;0;0;0;0;2605;0;0;95;0;160;0;
13458;5646389;1055207424;15204352;1143095296;0;0;0;0;0;0;0;0;0;0;0;2926;0;0;95;0;160;0;
13459;9209001;1058648064;21790720;1149681664;0;0;0;0;0;0;0;0;0;0;0;3166;0;0;95;0;160;0;
13460;4865634;1060745216;21790720;1149681664;0;0;0;0;0;0;0;0;0;0;0;3858;0;0;95;0;160;0;
13461;9678340;1060745216;21790720;1149681664;0;0;0;0;0;0;0;0;0;0;0;3296;0;0;95;0;160;0;
13462;4952287;1060745216;21790720;1149681664;0;0;0;0;0;0;0;0;0;0;0;3557;0;0;95;0;160;0;
13463;9659435;1060745216;21790720;1149681664;0;0;0;0;0;0;0;0;0;0;0;2855;0;0;95;0;160;0;
13464;5821899;1060745216;21790720;1149681664;0;0;0;0;0;0;0;0;0;0;0;4268;0;0;95;0;160;0;
13465;7085338;1060745216;21790720;1149681664;0;0;0;0;0;0;0;0;0;0;0;2084;0;0;95;0;160;0;
13466;3115152;1060745216;21790720;1149681664;0;0;0;0;0;0;0;0;0;0;0;3647;0;0;95;0;160;0;
13467;8353526;1060745216;21790720;1149681664;0;0;0;0;0;0;0;0;0;0;0;2524;0;0;95;0;160;0;
13468;4466466;1055219712;15204352;1143095296;0;0;0;0;0;0;0;0;0;0;0;3005;0;0;95;0;160;0;
13469;9134932;1055219712;15204352;1143095296;0;0;0;0;0;0;0;0;0;0;0;2855;0;0;95;0;160;0;
13470;4654269;1055219712;15204352;1143095296;0;0;0;0;0;0;0;0;0;0;0;2654;0;0;95;0;160;0;
13471;8234232;1055219712;15204352;1143095296;0;0;0;0;0;0;0;0;0;0;0;2825;0;0;95;0;160;0;
13472;5070389;1055219712;15204352;1143095296;0;0;0;0;0;0;0;0;0;0;0;3166;0;0;95;0;160;0;
13473;8979570;1055219712;15204352;1143095296;0;0;0;0;0;0;0;0;0;0;0;3677;0;0;95;0;160;0;
13474;4351651;1055219712;15204352;1143095296;0;0;0;0;0;0;0;0;0;0;0;3497;0;0;95;0;160;0;
13475;7984614;1055219712;15204352;1143095296;0;0;0;0;0;0;0;0;0;0;0;2675;0;0;95;0;160;0;
13476;5018782;1055219712;15204352;1143095296;0;0;0;0;0;0;0;0;0;0;0;3146;0;0;95;0;160;0;
13477;7151321;1055219712;15204352;1143095296;0;0;0;0;0;0;0;0;0;0;0;3086;0;0;95;0;160;0;
13478;6730102;1055219712;15204352;1143095296;0;0;0;0;0;0;0;0;0;0;0;2755;0;0;95;0;160;0;
13479;9116747;1055219712;15204352;1143095296;0;0;0;0;0;0;0;0;0;0;0;2685;0;0;95;0;160;0;
13480;6391527;1055219712;15204352;1143095296;0;0;0;0;0;0;0;0;0;0;0;2755;0;0;95;0;160;0;
13481;9122138;1058660352;21790720;1149681664;0;0;0;0;0;0;0;0;0;0;0;3256;0;0;95;0;160;0;
13482;6954402;1060757504;21790720;1149681664;0;0;0;0;0;0;0;0;0;0;0;3456;0;0;95;0;160;0;
13483;7035524;1060757504;21790720;1149681664;0;0;0;0;0;0;0;0;0;0;0;3076;0;0;95;0;160;0;
13484;6148361;1060757504;21790720;1149681664;0;0;0;0;0;0;0;0;0;0;0;3276;0;0;95;0;160;0;
13485;7922528;1060757504;21790720;1149681664;0;0;0;0;0;0;0;0;0;0;0;2945;0;0;95;0;160;0;
13486;7517048;1060757504;21790720;1149681664;0;0;0;0;0;0;0;0;0;0;0;3136;0;0;95;0;160;0;
13487;8298132;1060757504;21790720;1149681664;0;0;0;0;0;0;0;0;0;0;0;2415;0;0;95;0;160;0;
13488;5284190;1060757504;21790720;1149681664;0;0;0;0;0;0;0;0;0;0;0;3076;0;0;95;0;160;0;
13489;7879237;1060757504;21790720;1149681664;0;0;0;0;0;0;0;0;0;0;0;2404;0;0;95;0;160;0;
13490;6297591;1055232000;15204352;1143095296;0;0;0;0;0;0;0;0;0;0;0;2484;0;0;95;0;160;0;
13491;7323364;1055232000;15204352;1143095296;0;0;0;0;0;0;0;0;0;0;0;3276;0;0;95;0;160;0;
13492;7310840;1055232000;15204352;1143095296;0;0;0;0;0;0;0;0;0;0;0;3216;0;0;95;0;160;0;
13493;7732271;1055232000;15204352;1143095296;0;0;0;0;0;0;0;0;0;0;0;3386;0;0;95;0;160;0;
13494;4382699;1055232000;15204352;1143095296;0;0;0;0;0;0;0;0;0;0;0;2956;0;0;95;0;160;0;
13495;5316831;1055232000;15204352;1143095296;0;0;0;0;0;0;0;0;0;0;0;2665;0;0;95;0;160;0;
13496;13023424;1055232000;15204352;1143095296;0;0;0;0;0;0;0;0;0;0;0;3166;0;0;95;0;160;0;
13497;8842183;1055232000;15204352;1143095296;0;0;0;0;0;0;0;0;0;0;0;3206;0;0;95;0;160;0;
13498;4116440;1055232000;15204352;1143095296;0;0;0;0;0;0;0;0;0;0;0;3206;0;0;95;0;160;0;
13499;9292016;1055232000;15204352;1143095296;0;0;0;0;0;0;0;0;0;0;0;2715;0;0;95;0;160;0;
13500;4355909;1055232000;15204352;1143095296;0;0;0;0;0;0;0;0;0;0;0;3176;0;0;95;0;160;0;
13501;8639583;1055232000;15204352;1143095296;0;0;0;0;0;0;0;0;0;0;0;3376;0;0;95;0;160;0;
13502;5764130;1055232000;15204352;1143095296;0;0;0;0;0;0;0;0;0;0;0;3937;0;0;95;0;160;0;
13503;6668276;1055232000;15204352;1143095296;0;0;0;0;0;0;0;0;0;0;0;2164;0;0;95;0;160;0;
13504;4122721;1055232000;15204352;1143095296;0;0;0;0;0;0;0;0;0;0;0;3887;0;0;95;0;160;0;
13505;8119427;1058672640;21790720;1149681664;0;0;0;0;0;0;0;0;0;0;0;2514;0;0;95;0;160;0;
13506;6938202;1060769792;21790720;1149681664;0;0;0;0;0;0;0;0;0;0;0;3336;0;0;95;0;160;0;
13507;6580932;1060769792;21790720;1149681664;0;0;0;0;0;0;0;0;0;0;0;2454;0;0;95;0;160;0;
13508;5661538;1060769792;21790720;1149681664;0;0;0;0;0;0;0;0;0;0;0;3266;0;0;95;0;160;0;
13509;6764887;1060769792;21790720;1149681664;0;0;0;0;0;0;0;0;0;0;0;2725;0;0;95;0;160;0;
13510;5674873;1060769792;21790720;1149681664;0;0;0;0;0;0;0;0;0;0;0;3596;0;0;95;0;160;0;
13511;7587058;1060769792;21790720;1149681664;0;0;0;0;0;0;0;0;0;0;0;2404;0;0;95;0;160;0;
13512;4235833;1060769792;21790720;1149681664;0;0;0;0;0;0;0;0;0;0;0;2825;0;0;95;0;160;0;
13513;6362261;1060769792;21790720;1149681664;0;0;0;0;0;0;0;0;0;0;0;2806;0;0;95;0;160;0;
13514;5349603;1055244288;15204352;1143095296;0;0;0;0;0;0;0;0;0;0;0;3056;0;0;95;0;160;0;
13515;5369119;1055244288;15204352;1143095296;0;0;0;0;0;0;0;0;0;0;0;1833;0;0;95;0;160;0;
13516;7367487;1055244288;15204352;1143095296;0;0;0;0;0;0;0;0;0;0;0;2264;0;0;95;0;160;0;
13517;6864724;1055244288;15204352;1143095296;0;0;0;0;0;0;0;0;0;0;0;2134;0;0;95;0;160;0;
13518;4914777;1055244288;15204352;1143095296;0;0;0;0;0;0;0;0;0;0;0;2836;0;0;95;0;160;0;
13519;5613418;1055244288;15204352;1143095296;0;0;0;0;0;0;0;0;0;0;0;2254;0;0;95;0;160;0;
13520;6437753;1055244288;15204352;1143095296;0;0;0;0;0;0;0;0;0;0;0;2414;0;0;95;0;160;0;
13521;6085953;1055244288;15204352;1143095296;0;0;0;0;0;0;0;0;0;0;0;1994;0;0;95;0;160;0;
13522;5686605;1055244288;15204352;1143095296;0;0;0;0;0;0;0;0;0;0;0;3146;0;0;95;0;160;0;
13523;5817180;1055244288;15204352;1143095296;0;0;0;0;0;0;0;0;0;0;0;2615;0;0;95;0;160;0;
13524;6093979;1055244288;15204352;1143095296;0;0;0;0;0;0;0;0;0;0;0;2695;0;0;95;0;160;0;
13525;7082182;1055244288;15204352;1143095296;0;0;0;0;0;0;0;0;0;0;0;2935;0;0;95;0;160;0;
13526;5000488;1055244288;15204352;1143095296;0;0;0;0;0;0;0;0;0;0;0;3647;0;0;95;0;160;0;
13527;8161316;1055244288;15204352;1143095296;0;0;0;0;0;0;0;0;0;0;0;3016;0;0;95;0;160;0;
13528;4716565;1055244288;15204352;1143095296;0;0;0;0;0;0;0;0;0;0;0;2916;0;0;95;0;160;0;
13529;8798450;1058684928;21794816;1149685760;0;0;0;0;0;0;0;0;0;0;0;3006;0;0;95;0;160;0;
13530;3927807;1060782080;21798912;1149689856;0;0;0;0;0;0;0;0;0;0;0;2395;0;0;95;0;160;0;
13531;8082548;1060782080;21798912;1149689856;0;0;0;0;0;0;0;0;0;0;0;2735;0;0;95;0;160;0;
13532;4612641;1060782080;21798912;1149689856;0;0;0;0;0;0;0;0;0;0;0;2906;0;0;95;0;160;0;
13533;9156402;1060782080;21798912;1149689856;0;0;0;0;0;0;0;0;0;0;0;3957;0;0;95;0;160;0;
13534;3634085;1060782080;21798912;1149689856;0;0;0;0;0;0;0;0;0;0;0;2735;0;0;95;0;160;0;
13535;7872774;1060782080;21798912;1149689856;0;0;0;0;0;0;0;0;0;0;0;2825;0;0;95;0;160;0;
13536;5957662;1060827136;21790720;1149681664;0;0;0;0;0;0;0;0;0;0;0;2826;0;0;95;0;160;0;
13537;6937400;1060827136;21790720;1149681664;0;0;0;0;0;0;0;0;0;0;0;3116;0;0;95;0;160;0;
13538;5772736;1055256576;15204352;1143095296;0;0;0;0;0;0;0;0;0;0;0;2875;0;0;95;0;160;0;
13539;7913982;1055256576;15204352;1143095296;0;0;0;0;0;0;0;0;0;0;0;3266;0;0;95;0;160;0;
13540;4948491;1055256576;15204352;1143095296;0;0;0;0;0;0;0;0;0;0;0;3878;0;0;95;0;160;0;
13541;5250336;1055256576;15204352;1143095296;0;0;0;0;0;0;0;0;0;0;0;1893;0;0;95;0;160;0;
13542;5693417;1055256576;15204352;1143095296;0;0;0;0;0;0;0;0;0;0;0;3666;0;0;95;0;160;0;
13543;7156922;1055256576;15204352;1143095296;0;0;0;0;0;0;0;0;0;0;0;2415;0;0;95;0;160;0;
13544;5495526;1055256576;15204352;1143095296;0;0;0;0;0;0;0;0;0;0;0;2835;0;0;95;0;160;0;
13545;7843801;1055256576;15204352;1143095296;0;0;0;0;0;0;0;0;0;0;0;1994;0;0;95;0;160;0;
13546;4722126;1055256576;15204352;1143095296;0;0;0;0;0;0;0;0;0;0;0;3126;0;0;95;0;160;0;
13547;6453503;1055256576;15204352;1143095296;0;0;0;0;0;0;0;0;0;0;0;2675;0;0;95;0;160;0;
13548;4943071;1055256576;15204352;1143095296;0;0;0;0;0;0;0;0;0;0;0;3877;0;0;95;0;160;0;
13549;8283675;1055256576;15204352;1143095296;0;0;0;0;0;0;0;0;0;0;0;2575;0;0;95;0;160;0;
13550;3428039;1055256576;15204352;1143095296;0;0;0;0;0;0;0;0;0;0;0;3136;0;0;95;0;160;0;
13551;8920349;1058697216;21790720;1149681664;0;0;0;0;0;0;0;0;0;0;0;3867;0;0;95;0;160;0;
13552;4152407;1060794368;21790720;1149681664;0;0;0;0;0;0;0;0;0;0;0;3216;0;0;95;0;160;0;
13553;7485338;1060794368;21790720;1149681664;0;0;0;0;0;0;0;0;0;0;0;3877;0;0;95;0;160;0;
13554;3905585;1060794368;21790720;1149681664;0;0;0;0;0;0;0;0;0;0;0;3757;0;0;95;0;160;0;
13555;9048539;1060794368;21790720;1149681664;0;0;0;0;0;0;0;0;0;0;0;3687;0;0;95;0;160;0;
13556;4715082;1060794368;21790720;1149681664;0;0;0;0;0;0;0;0;0;0;0;3156;0;0;95;0;160;0;
13557;8951207;1060794368;21790720;1149681664;0;0;0;0;0;0;0;0;0;0;0;3717;0;0;95;0;160;0;
13558;4494940;1060794368;21790720;1149681664;0;0;0;0;0;0;0;0;0;0;0;3898;0;0;95;0;160;0;
13559;8926270;1060794368;21790720;1149681664;0;0;0;0;0;0;0;0;0;0;0;2746;0;0;95;0;160;0;
13560;4326083;1055268864;15204352;1143095296;0;0;0;0;0;0;0;0;0;0;0;2945;0;0;95;0;160;0;
13561;7354032;1055268864;15204352;1143095296;0;0;0;0;0;0;0;0;0;0;0;2946;0;0;95;0;160;0;
13562;3681795;1055268864;15204352;1143095296;0;0;0;0;0;0;0;0;0;0;0;3617;0;0;95;0;160;0;
13563;5704438;1055268864;15204352;1143095296;0;0;0;0;0;0;0;0;0;0;0;1713;0;0;95;0;160;0;
13564;6047992;1055268864;15204352;1143095296;0;0;0;0;0;0;0;0;0;0;0;3086;0;0;95;0;160;0;
13565;5651489;1055268864;15204352;1143095296;0;0;0;0;0;0;0;0;0;0;0;2024;0;0;95;0;160;0;
13566;8197653;1055268864;15204352;1143095296;0;0;0;0;0;0;0;0;0;0;0;3016;0;0;95;0;160;0;
13567;7200824;1055268864;15204352;1143095296;0;0;0;0;0;0;0;0;0;0;0;2355;0;0;95;0;160;0;
13568;7933468;1055268864;15204352;1143095296;0;0;0;0;0;0;0;0;0;0;0;3427;0;0;95;0;160;0;
13569;7927828;1055268864;15204352;1143095296;0;0;0;0;0;0;0;0;0;0;0;3597;0;0;95;0;160;0;
13570;6508837;1055268864;15204352;1143095296;0;0;0;0;0;0;0;0;0;0;0;3727;0;0;95;0;160;0;
13571;6119797;1055268864;15204352;1143095296;0;0;0;0;0;0;0;0;0;0;0;2064;0;0;95;0;160;0;
13572;9729226;1055268864;15204352;1143095296;0;0;0;0;0;0;0;0;0;0;0;3106;0;0;95;0;160;0;
13573;7908612;1055268864;15204352;1143095296;0;0;0;0;0;0;0;0;0;0;0;3216;0;0;95;0;160;0;
13574;5690371;1055268864;15204352;1143095296;0;0;0;0;0;0;0;0;0;0;0;2956;0;0;95;0;160;0;
13575;9393877;1058709504;21790720;1149681664;0;0;0;0;0;0;0;0;0;0;0;4138;0;0;95;0;160;0;
13576;5632503;1060806656;21790720;1149681664;0;0;0;0;0;0;0;0;0;0;0;3446;0;0;95;0;160;0;
13577;9349794;1060806656;21790720;1149681664;0;0;0;0;0;0;0;0;0;0;0;2755;0;0;95;0;160;0;
13578;7055351;1060806656;21790720;1149681664;0;0;0;0;0;0;0;0;0;0;0;3657;0;0;95;0;160;0;
13579;7259524;1060806656;21790720;1149681664;0;0;0;0;0;0;0;0;0;0;0;3286;0;0;95;0;160;0;
13580;8102035;1060806656;21790720;1149681664;0;0;0;0;0;0;0;0;0;0;0;2885;0;0;95;0;160;0;
13581;5971068;1060806656;21790720;1149681664;0;0;0;0;0;0;0;0;0;0;0;1683;0;0;95;0;160;0;
13582;4780826;1060806656;21790720;1149681664;0;0;0;0;0;0;0;0;0;0;0;2515;0;0;95;0;160;0;
13583;7755715;1060806656;21790720;1149681664;0;0;0;0;0;0;0;0;0;0;0;3396;0;0;95;0;160;0;
13584;4185560;1055281152;15204352;1143095296;0;0;0;0;0;0;0;0;0;0;0;3065;0;0;95;0;160;0;
13585;6099759;1055281152;15204352;1143095296;0;0;0;0;0;0;0;0;0;0;0;1573;0;0;95;0;160;0;
13586;4229562;1055281152;15204352;1143095296;0;0;0;0;0;0;0;0;0;0;0;3256;0;0;95;0;160;0;
13587;6522412;1055281152;15204352;1143095296;0;0;0;0;0;0;0;0;0;0;0;2324;0;0;95;0;160;0;
13588;4945645;1055281152;15204352;1143095296;0;0;0;0;0;0;0;0;0;0;0;3467;0;0;95;0;160;0;
13589;7667940;1055281152;15204352;1143095296;0;0;0;0;0;0;0;0;0;0;0;3557;0;0;95;0;160;0;
13590;5466051;1055281152;15204352;1143095296;0;0;0;0;0;0;0;0;0;0;0;3977;0;0;95;0;160;0;
13591;7963936;1055281152;15204352;1143095296;0;0;0;0;0;0;0;0;0;0;0;2224;0;0;95;0;160;0;
13592;4246373;1055281152;15204352;1143095296;0;0;0;0;0;0;0;0;0;0;0;3737;0;0;95;0;160;0;
13593;5910224;1055281152;15204352;1143095296;0;0;0;0;0;0;0;0;0;0;0;1783;0;0;95;0;160;0;
13594;5245286;1055281152;15204352;1143095296;0;0;0;0;0;0;0;0;0;0;0;3357;0;0;95;0;160;0;
13595;5982168;1055281152;15204352;1143095296;0;0;0;0;0;0;0;0;0;0;0;2093;0;0;95;0;160;0;
13596;5167361;1055281152;15204352;1143095296;0;0;0;0;0;0;0;0;0;0;0;3858;0;0;95;0;160;0;
13597;9886321;1058721792;21790720;1149681664;0;0;0;0;0;0;0;0;0;0;0;2295;0;0;95;0;160;0;
13598;4512563;1060818944;21790720;1149681664;0;0;0;0;0;0;0;0;0;0;0;3076;0;0;95;0;160;0;
13599;8948702;1060818944;21790720;1149681664;0;0;0;0;0;0;0;0;0;0;0;3426;0;0;95;0;160;0;
13600;6481926;1060818944;21790720;1149681664;0;0;0;0;0;0;0;0;0;0;0;3497;0;0;95;0;160;0;
13601;8452281;1060818944;21790720;1149681664;0;0;0;0;0;0;0;0;0;0;0;3226;0;0;95;0;160;0;
13602;6712539;1060818944;21790720;1149681664;0;0;0;0;0;0;0;0;0;0;0;3667;0;0;95;0;160;0;
13603;8298933;1060818944;21790720;1149681664;0;0;0;0;0;0;0;0;0;0;0;3296;0;0;95;0;160;0;
13604;7529791;1060818944;21790720;1149681664;0;0;0;0;0;0;0;0;0;0;0;3056;0;0;95;0;160;0;
13605;8647007;1060818944;21790720;1149681664;0;0;0;0;0;0;0;0;0;0;0;3296;0;0;95;0;160;0;
13606;6968388;1055293440;15204352;1143095296;0;0;0;0;0;0;0;0;0;0;0;3326;0;0;95;0;160;0;
13607;6503146;1055293440;15204352;1143095296;0;0;0;0;0;0;0;0;0;0;0;2525;0;0;95;0;160;0;
13608;8155935;1055293440;15204352;1143095296;0;0;0;0;0;0;0;0;0;0;0;2455;0;0;95;0;160;0;
13609;6674517;1055293440;15204352;1143095296;0;0;0;0;0;0;0;0;0;0;0;2695;0;0;95;0;160;0;
13610;7055421;1055293440;15204352;1143095296;0;0;0;0;0;0;0;0;0;0;0;3306;0;0;95;0;160;0;
13611;7533508;1055293440;15204352;1143095296;0;0;0;0;0;0;0;0;0;0;0;2875;0;0;95;0;160;0;
13612;7799407;1055293440;15204352;1143095296;0;0;0;0;0;0;0;0;0;0;0;3466;0;0;95;0;160;0;
13613;5779198;1055293440;15204352;1143095296;0;0;0;0;0;0;0;0;0;0;0;2184;0;0;95;0;160;0;
13614;5607436;1055293440;15204352;1143095296;0;0;0;0;0;0;0;0;0;0;0;2886;0;0;95;0;160;0;
13615;7520765;1055293440;15204352;1143095296;0;0;0;0;0;0;0;0;0;0;0;2495;0;0;95;0;160;0;
13616;7266638;1055293440;15204352;1143095296;0;0;0;0;0;0;0;0;0;0;0;2956;0;0;95;0;160;0;
13617;7951532;1055293440;15204352;1143095296;0;0;0;0;0;0;0;0;0;0;0;127510;0;0;95;0;160;0;
13618;8096644;1055293440;15204352;1143095296;0;0;0;0;0;0;0;0;0;0;0;3537;0;0;95;0;160;0;
13619;7477794;1055293440;15204352;1143095296;0;0;0;0;0;0;0;0;0;0;0;3066;0;0;95;0;160;0;
13620;6560603;1055293440;15204352;1143095296;0;0;0;0;0;0;0;0;0;0;0;2886;0;0;95;0;160;0;
13621;9984846;1055293440;15204352;1143095296;0;0;0;0;0;0;0;0;0;0;0;2395;0;0;95;0;160;0;
13622;5641790;1055293440;15204352;1143095296;0;0;0;0;0;0;0;0;0;0;0;2975;0;0;95;0;160;0;
13623;8088119;1058734080;21790720;1149681664;0;0;0;0;0;0;0;0;0;0;0;2805;0;0;95;0;160;0;
13624;4742454;1060831232;21790720;1149681664;0;0;0;0;0;0;0;0;0;0;0;2615;0;0;95;0;160;0;
13625;7267419;1060831232;21790720;1149681664;0;0;0;0;0;0;0;0;0;0;0;1923;0;0;95;0;160;0;
13626;5038469;1060831232;21790720;1149681664;0;0;0;0;0;0;0;0;0;0;0;3247;0;0;95;0;160;0;
13627;6236906;1060831232;21790720;1149681664;0;0;0;0;0;0;0;0;0;0;0;2364;0;0;95;0;160;0;
13628;6765437;1060831232;21790720;1149681664;0;0;0;0;0;0;0;0;0;0;0;3316;0;0;95;0;160;0;
13629;8712610;1060831232;21790720;1149681664;0;0;0;0;0;0;0;0;0;0;0;2875;0;0;95;0;160;0;
13630;3553524;1060831232;21790720;1149681664;0;0;0;0;0;0;0;0;0;0;0;2555;0;0;95;0;160;0;
13631;6254099;1060831232;21790720;1149681664;0;0;0;0;0;0;0;0;0;0;0;2124;0;0;95;0;160;0;
13632;6188195;1055305728;15204352;1143095296;0;0;0;0;0;0;0;0;0;0;0;3376;0;0;95;0;160;0;
13633;8609055;1055305728;15204352;1143095296;0;0;0;0;0;0;0;0;0;0;0;3016;0;0;95;0;160;0;
13634;5184733;1055305728;15204352;1143095296;0;0;0;0;0;0;0;0;0;0;0;3115;0;0;95;0;160;0;
13635;7741688;1055305728;15204352;1143095296;0;0;0;0;0;0;0;0;0;0;0;2826;0;0;95;0;160;0;
13636;5341989;1055305728;15204352;1143095296;0;0;0;0;0;0;0;0;0;0;0;3737;0;0;95;0;160;0;
13637;8264028;1055305728;15204352;1143095296;0;0;0;0;0;0;0;0;0;0;0;3647;0;0;95;0;160;0;
13638;5308265;1055305728;15204352;1143095296;0;0;0;0;0;0;0;0;0;0;0;3757;0;0;95;0;160;0;
13639;8740081;1055305728;15204352;1143095296;0;0;0;0;0;0;0;0;0;0;0;3035;0;0;95;0;160;0;
13640;6382610;1055305728;15204352;1143095296;0;0;0;0;0;0;0;0;0;0;0;3396;0;0;95;0;160;0;
13641;8202072;1055305728;15204352;1143095296;0;0;0;0;0;0;0;0;0;0;0;2715;0;0;95;0;160;0;
13642;6049115;1055305728;15204352;1143095296;0;0;0;0;0;0;0;0;0;0;0;2845;0;0;95;0;160;0;
13643;7996526;1055305728;15204352;1143095296;0;0;0;0;0;0;0;0;0;0;0;2795;0;0;95;0;160;0;
13644;5748260;1055305728;15204352;1143095296;0;0;0;0;0;0;0;0;0;0;0;2484;0;0;95;0;160;0;
13645;6056949;1058746368;21790720;1149681664;0;0;0;0;0;0;0;0;0;0;0;2525;0;0;95;0;160;0;
13646;15331102;1060843520;21790720;1149681664;0;0;0;0;0;0;0;0;0;0;0;3306;0;0;95;0;160;0;
13647;9431478;1060843520;21790720;1149681664;0;0;0;0;0;0;0;0;0;0;0;3928;0;0;95;0;160;0;
13648;5784118;1060843520;21790720;1149681664;0;0;0;0;0;0;0;0;0;0;0;3206;0;0;95;0;160;0;
13649;7393576;1060843520;21790720;1149681664;0;0;0;0;0;0;0;0;0;0;0;3016;0;0;95;0;160;0;
13650;7751066;1060843520;21790720;1149681664;0;0;0;0;0;0;0;0;0;0;0;2945;0;0;95;0;160;0;
13651;7234588;1060843520;21790720;1149681664;0;0;0;0;0;0;0;0;0;0;0;2755;0;0;95;0;160;0;
13652;5515103;1060843520;21790720;1149681664;0;0;0;0;0;0;0;0;0;0;0;3997;0;0;95;0;160;0;
13653;8364076;1060843520;21790720;1149681664;0;0;0;0;0;0;0;0;0;0;0;3387;0;0;95;0;160;0;
13654;6194237;1055318016;15204352;1143095296;0;0;0;0;0;0;0;0;0;0;0;3696;0;0;95;0;160;0;
13655;6976664;1055318016;15204352;1143095296;0;0;0;0;0;0;0;0;0;0;0;3847;0;0;95;0;160;0;
13656;6260891;1055318016;15204352;1143095296;0;0;0;0;0;0;0;0;0;0;0;3737;0;0;95;0;160;0;
13657;7981388;1055318016;15204352;1143095296;0;0;0;0;0;0;0;0;0;0;0;2184;0;0;95;0;160;0;
13658;7743602;1055318016;15204352;1143095296;0;0;0;0;0;0;0;0;0;0;0;3858;0;0;95;0;160;0;
13659;6991652;1055318016;15204352;1143095296;0;0;0;0;0;0;0;0;0;0;0;2845;0;0;95;0;160;0;
13660;7594162;1055318016;15204352;1143095296;0;0;0;0;0;0;0;0;0;0;0;3105;0;0;95;0;160;0;
13661;7057425;1055318016;15204352;1143095296;0;0;0;0;0;0;0;0;0;0;0;3477;0;0;95;0;160;0;
13662;9431338;1055318016;15204352;1143095296;0;0;0;0;0;0;0;0;0;0;0;4047;0;0;95;0;160;0;
13663;7828091;1055318016;15204352;1143095296;0;0;0;0;0;0;0;0;0;0;0;3156;0;0;95;0;160;0;
13664;6126640;1055318016;15204352;1143095296;0;0;0;0;0;0;0;0;0;0;0;2554;0;0;95;0;160;0;
13665;6785075;1055318016;15204352;1143095296;0;0;0;0;0;0;0;0;0;0;0;2635;0;0;95;0;160;0;
13666;6400994;1055318016;15204352;1143095296;0;0;0;0;0;0;0;0;0;0;0;3056;0;0;95;0;160;0;
13667;8310916;1058758656;21790720;1149681664;0;0;0;0;0;0;0;0;0;0;0;3106;0;0;95;0;160;0;
13668;5733323;1060855808;21790720;1149681664;0;0;0;0;0;0;0;0;0;0;0;2645;0;0;95;0;160;0;
13669;7324226;1060855808;21790720;1149681664;0;0;0;0;0;0;0;0;0;0;0;2986;0;0;95;0;160;0;
13670;6627559;1060855808;21790720;1149681664;0;0;0;0;0;0;0;0;0;0;0;3126;0;0;95;0;160;0;
13671;9511057;1060855808;21790720;1149681664;0;0;0;0;0;0;0;0;0;0;0;4278;0;0;95;0;160;0;
13672;9107721;1060855808;21790720;1149681664;0;0;0;0;0;0;0;0;0;0;0;4519;0;0;95;0;160;0;
13673;6919797;1060855808;21790720;1149681664;0;0;0;0;0;0;0;0;0;0;0;2585;0;0;95;0;160;0;
13674;6595459;1060855808;21790720;1149681664;0;0;0;0;0;0;0;0;0;0;0;3437;0;0;95;0;160;0;
13675;8240705;1060855808;21790720;1149681664;0;0;0;0;0;0;0;0;0;0;0;4108;0;0;95;0;160;0;
13676;8866248;1055330304;15204352;1143095296;0;0;0;0;0;0;0;0;0;0;0;3536;0;0;95;0;160;0;
13677;6857280;1055330304;15204352;1143095296;0;0;0;0;0;0;0;0;0;0;0;97733;0;0;95;0;160;0;
13678;7534951;1055330304;15204352;1143095296;0;0;0;0;0;0;0;0;0;0;0;3286;0;0;95;0;160;0;
13679;9371715;1055330304;15204352;1143095296;0;0;0;0;0;0;0;0;0;0;0;3677;0;0;95;0;160;0;
13680;7720248;1055330304;15204352;1143095296;0;0;0;0;0;0;0;0;0;0;0;2535;0;0;95;0;160;0;
13681;9921677;1055330304;15204352;1143095296;0;0;0;0;0;0;0;0;0;0;0;2755;0;0;95;0;160;0;
13682;8467250;1055330304;15204352;1143095296;0;0;0;0;0;0;0;0;0;0;0;3096;0;0;95;0;160;0;
13683;8343337;1055330304;15204352;1143095296;0;0;0;0;0;0;0;0;0;0;0;3366;0;0;95;0;160;0;
13684;5989813;1055330304;15204352;1143095296;0;0;0;0;0;0;0;0;0;0;0;3246;0;0;95;0;160;0;
13685;13376526;1055330304;15204352;1143095296;0;0;0;0;0;0;0;0;0;0;0;3136;0;0;95;0;160;0;
13686;4358934;1055330304;15204352;1143095296;0;0;0;0;0;0;0;0;0;0;0;2765;0;0;95;0;160;0;
13687;9006902;1055330304;15204352;1143095296;0;0;0;0;0;0;0;0;0;0;0;3536;0;0;95;0;160;0;
13688;8704865;1055330304;15204352;1143095296;0;0;0;0;0;0;0;0;0;0;0;2976;0;0;95;0;160;0;
13689;7887282;1055330304;15204352;1143095296;0;0;0;0;0;0;0;0;0;0;0;3537;0;0;95;0;160;0;
13690;7940171;1055330304;15204352;1143095296;0;0;0;0;0;0;0;0;0;0;0;3396;0;0;95;0;160;0;
13691;8945136;1058770944;21790720;1149681664;0;0;0;0;0;0;0;0;0;0;0;3066;0;0;95;0;160;0;
13692;6545295;1060868096;21790720;1149681664;0;0;0;0;0;0;0;0;0;0;0;3777;0;0;95;0;160;0;
13693;7481851;1060868096;21790720;1149681664;0;0;0;0;0;0;0;0;0;0;0;2946;0;0;95;0;160;0;
13694;5901087;1060868096;21790720;1149681664;0;0;0;0;0;0;0;0;0;0;0;2845;0;0;95;0;160;0;
13695;9158696;1060868096;21790720;1149681664;0;0;0;0;0;0;0;0;0;0;0;3536;0;0;95;0;160;0;
13696;6022054;1060868096;21790720;1149681664;0;0;0;0;0;0;0;0;0;0;0;3928;0;0;95;0;160;0;
13697;9276857;1060868096;21790720;1149681664;0;0;0;0;0;0;0;0;0;0;0;2435;0;0;95;0;160;0;
13698;6033495;1060868096;21790720;1149681664;0;0;0;0;0;0;0;0;0;0;0;3256;0;0;95;0;160;0;
13699;7819555;1060868096;21790720;1149681664;0;0;0;0;0;0;0;0;0;0;0;3567;0;0;95;0;160;0;
13700;6282923;1055342592;15204352;1143095296;0;0;0;0;0;0;0;0;0;0;0;2795;0;0;95;0;160;0;
13701;9055121;1055342592;15204352;1143095296;0;0;0;0;0;0;0;0;0;0;0;3477;0;0;95;0;160;0;
13702;5932596;1055342592;15204352;1143095296;0;0;0;0;0;0;0;0;0;0;0;3837;0;0;95;0;160;0;
13703;5779860;1055342592;15204352;1143095296;0;0;0;0;0;0;0;0;0;0;0;2274;0;0;95;0;160;0;
13704;6272283;1055342592;15204352;1143095296;0;0;0;0;0;0;0;0;0;0;0;3016;0;0;95;0;160;0;
13705;8390856;1055342592;15204352;1143095296;0;0;0;0;0;0;0;0;0;0;0;3016;0;0;95;0;160;0;
13706;4124996;1055342592;15204352;1143095296;0;0;0;0;0;0;0;0;0;0;0;2855;0;0;95;0;160;0;
13707;6728359;1055342592;15204352;1143095296;0;0;0;0;0;0;0;0;0;0;0;2405;0;0;95;0;160;0;
13708;5890507;1055342592;15204352;1143095296;0;0;0;0;0;0;0;0;0;0;0;2935;0;0;95;0;160;0;
13709;6869443;1055342592;15204352;1143095296;0;0;0;0;0;0;0;0;0;0;0;2956;0;0;95;0;160;0;
13710;4680538;1055342592;15204352;1143095296;0;0;0;0;0;0;0;0;0;0;0;2856;0;0;95;0;160;0;
13711;6248348;1055342592;15204352;1143095296;0;0;0;0;0;0;0;0;0;0;0;2595;0;0;95;0;160;0;
13712;6071887;1055342592;15204352;1143095296;0;0;0;0;0;0;0;0;0;0;0;3316;0;0;95;0;160;0;
13713;8383883;1055342592;15204352;1143095296;0;0;0;0;0;0;0;0;0;0;0;3236;0;0;95;0;160;0;
13714;3533958;1055342592;15204352;1143095296;0;0;0;0;0;0;0;0;0;0;0;2504;0;0;95;0;160;0;
13715;8343548;1058783232;21790720;1149681664;0;0;0;0;0;0;0;0;0;0;0;3216;0;0;95;0;160;0;
13716;5841014;1060880384;21790720;1149681664;0;0;0;0;0;0;0;0;0;0;0;3747;0;0;95;0;160;0;
13717;7274934;1060880384;21790720;1149681664;0;0;0;0;0;0;0;0;0;0;0;2885;0;0;95;0;160;0;
13718;7255526;1060880384;21790720;1149681664;0;0;0;0;0;0;0;0;0;0;0;3416;0;0;95;0;160;0;
13719;7840915;1060880384;21790720;1149681664;0;0;0;0;0;0;0;0;0;0;0;2665;0;0;95;0;160;0;
13720;4689064;1060880384;21790720;1149681664;0;0;0;0;0;0;0;0;0;0;0;3276;0;0;95;0;160;0;
13721;7189423;1060880384;21790720;1149681664;0;0;0;0;0;0;0;0;0;0;0;2594;0;0;95;0;160;0;
13722;5770993;1060880384;21790720;1149681664;0;0;0;0;0;0;0;0;0;0;0;3236;0;0;95;0;160;0;
13723;7258242;1060880384;21790720;1149681664;0;0;0;0;0;0;0;0;0;0;0;2926;0;0;95;0;160;0;
13724;5809245;1055354880;15204352;1143095296;0;0;0;0;0;0;0;0;0;0;0;2785;0;0;95;0;160;0;
13725;8487066;1055354880;15204352;1143095296;0;0;0;0;0;0;0;0;0;0;0;2995;0;0;95;0;160;0;
13726;5095416;1055354880;15204352;1143095296;0;0;0;0;0;0;0;0;0;0;0;3176;0;0;95;0;160;0;
13727;6690928;1055354880;15204352;1143095296;0;0;0;0;0;0;0;0;0;0;0;2665;0;0;95;0;160;0;
13728;8184499;1055354880;15204352;1143095296;0;0;0;0;0;0;0;0;0;0;0;3357;0;0;95;0;160;0;
13729;9477264;1055354880;15204352;1143095296;0;0;0;0;0;0;0;0;0;0;0;2625;0;0;95;0;160;0;
13730;7118179;1055354880;15204352;1143095296;0;0;0;0;0;0;0;0;0;0;0;3145;0;0;95;0;160;0;
13731;9960750;1055354880;15204352;1143095296;0;0;0;0;0;0;0;0;0;0;0;2955;0;0;95;0;160;0;
13732;3773657;1055354880;15204352;1143095296;0;0;0;0;0;0;0;0;0;0;0;2966;0;0;95;0;160;0;
13733;5143606;1055354880;15204352;1143095296;0;0;0;0;0;0;0;0;0;0;0;3476;0;0;95;0;160;0;
13734;5060811;1055354880;15204352;1143095296;0;0;0;0;0;0;0;0;0;0;0;2926;0;0;95;0;160;0;
13735;6950074;1055354880;15204352;1143095296;0;0;0;0;0;0;0;0;0;0;0;2495;0;0;95;0;160;0;
13736;5007131;1055354880;15204352;1143095296;0;0;0;0;0;0;0;0;0;0;0;2675;0;0;95;0;160;0;
13737;8084862;1058795520;21790720;1149681664;0;0;0;0;0;0;0;0;0;0;0;3657;0;0;95;0;160;0;
13738;5785640;1060892672;21790720;1149681664;0;0;0;0;0;0;0;0;0;0;0;3928;0;0;95;0;160;0;
13739;9544379;1060892672;21790720;1149681664;0;0;0;0;0;0;0;0;0;0;0;2494;0;0;95;0;160;0;
13740;7833150;1060892672;21790720;1149681664;0;0;0;0;0;0;0;0;0;0;0;4248;0;0;95;0;160;0;
13741;5612435;1060892672;21790720;1149681664;0;0;0;0;0;0;0;0;0;0;0;2184;0;0;95;0;160;0;
13742;6851499;1060892672;21790720;1149681664;0;0;0;0;0;0;0;0;0;0;0;4158;0;0;95;0;160;0;
13743;9791823;1060892672;21790720;1149681664;0;0;0;0;0;0;0;0;0;0;0;2625;0;0;95;0;160;0;
13744;5406640;1060892672;21790720;1149681664;0;0;0;0;0;0;0;0;0;0;0;2936;0;0;95;0;160;0;
13745;7944730;1060892672;21790720;1149681664;0;0;0;0;0;0;0;0;0;0;0;3546;0;0;95;0;160;0;
13746;5090757;1055367168;15204352;1143095296;0;0;0;0;0;0;0;0;0;0;0;2876;0;0;95;0;160;0;
13747;9444351;1055367168;15204352;1143095296;0;0;0;0;0;0;0;0;0;0;0;3126;0;0;95;0;160;0;
13748;4229662;1055367168;15204352;1143095296;0;0;0;0;0;0;0;0;0;0;0;2825;0;0;95;0;160;0;
13749;9381694;1055367168;15204352;1143095296;0;0;0;0;0;0;0;0;0;0;0;2996;0;0;95;0;160;0;
13750;5688278;1055367168;15204352;1143095296;0;0;0;0;0;0;0;0;0;0;0;2595;0;0;95;0;160;0;
13751;8190941;1055367168;15204352;1143095296;0;0;0;0;0;0;0;0;0;0;0;3016;0;0;95;0;160;0;
13752;6791878;1055367168;15204352;1143095296;0;0;0;0;0;0;0;0;0;0;0;3967;0;0;95;0;160;0;
13753;5565417;1055367168;15204352;1143095296;0;0;0;0;0;0;0;0;0;0;0;2264;0;0;95;0;160;0;
13754;4534965;1055367168;15204352;1143095296;0;0;0;0;0;0;0;0;0;0;0;3005;0;0;95;0;160;0;
13755;7765663;1055367168;15204352;1143095296;0;0;0;0;0;0;0;0;0;0;0;2485;0;0;95;0;160;0;
13756;7837769;1055367168;15204352;1143095296;0;0;0;0;0;0;0;0;0;0;0;2905;0;0;95;0;160;0;
13757;6906823;1055367168;15204352;1143095296;0;0;0;0;0;0;0;0;0;0;0;3366;0;0;95;0;160;0;
13758;4552959;1055367168;15204352;1143095296;0;0;0;0;0;0;0;0;0;0;0;3016;0;0;95;0;160;0;
13759;7387454;1055367168;15204352;1143095296;0;0;0;0;0;0;0;0;0;0;0;2825;0;0;95;0;160;0;
13760;5576688;1055367168;15204352;1143095296;0;0;0;0;0;0;0;0;0;0;0;3016;0;0;95;0;160;0;
13761;7309969;1058807808;21790720;1149681664;0;0;0;0;0;0;0;0;0;0;0;2765;0;0;95;0;160;0;
13762;3873184;1060904960;21790720;1149681664;0;0;0;0;0;0;0;0;0;0;0;2334;0;0;95;0;160;0;
13763;7349684;1060904960;21790720;1149681664;0;0;0;0;0;0;0;0;0;0;0;1984;0;0;95;0;160;0;
13764;7846305;1060904960;21790720;1149681664;0;0;0;0;0;0;0;0;0;0;0;3116;0;0;95;0;160;0;
13765;7780892;1060904960;21790720;1149681664;0;0;0;0;0;0;0;0;0;0;0;2715;0;0;95;0;160;0;
13766;5962041;1060904960;21790720;1149681664;0;0;0;0;0;0;0;0;0;0;0;2935;0;0;95;0;160;0;
13767;7336028;1060904960;21790720;1149681664;0;0;0;0;0;0;0;0;0;0;0;2545;0;0;95;0;160;0;
13768;5562372;1060904960;21790720;1149681664;0;0;0;0;0;0;0;0;0;0;0;3376;0;0;95;0;160;0;
13769;5637002;1060904960;21790720;1149681664;0;0;0;0;0;0;0;0;0;0;0;2364;0;0;95;0;160;0;
13770;5195033;1055379456;15204352;1143095296;0;0;0;0;0;0;0;0;0;0;0;3306;0;0;95;0;160;0;
13771;6405372;1055379456;15204352;1143095296;0;0;0;0;0;0;0;0;0;0;0;2414;0;0;95;0;160;0;
13772;6524957;1055379456;15204352;1143095296;0;0;0;0;0;0;0;0;0;0;0;3196;0;0;95;0;160;0;
13773;7268411;1055379456;15204352;1143095296;0;0;0;0;0;0;0;0;0;0;0;3637;0;0;95;0;160;0;
13774;6515139;1055379456;15204352;1143095296;0;0;0;0;0;0;0;0;0;0;0;2705;0;0;95;0;160;0;
13775;8167457;1055379456;15204352;1143095296;0;0;0;0;0;0;0;0;0;0;0;2414;0;0;95;0;160;0;
13776;6057951;1055379456;15204352;1143095296;0;0;0;0;0;0;0;0;0;0;0;2905;0;0;95;0;160;0;
13777;7878455;1055379456;15204352;1143095296;0;0;0;0;0;0;0;0;0;0;0;2385;0;0;95;0;160;0;
13778;6758875;1055379456;15204352;1143095296;0;0;0;0;0;0;0;0;0;0;0;3005;0;0;95;0;160;0;
13779;5990153;1055379456;15204352;1143095296;0;0;0;0;0;0;0;0;0;0;0;2285;0;0;95;0;160;0;
13780;6850317;1055379456;15204352;1143095296;0;0;0;0;0;0;0;0;0;0;0;3306;0;0;95;0;160;0;
13781;7815347;1055379456;15204352;1143095296;0;0;0;0;0;0;0;0;0;0;0;3216;0;0;95;0;160;0;
13782;3647520;1055379456;15204352;1143095296;0;0;0;0;0;0;0;0;0;0;0;3066;0;0;95;0;160;0;
13783;8944454;1058820096;21790720;1149681664;0;0;0;0;0;0;0;0;0;0;0;2455;0;0;95;0;160;0;
13784;6733177;1060917248;21790720;1149681664;0;0;0;0;0;0;0;0;0;0;0;3276;0;0;95;0;160;0;
13785;7694931;1060917248;21790720;1149681664;0;0;0;0;0;0;0;0;0;0;0;3787;0;0;95;0;160;0;
13786;8701889;1060917248;21790720;1149681664;0;0;0;0;0;0;0;0;0;0;0;3597;0;0;95;0;160;0;
13787;7844051;1060917248;21790720;1149681664;0;0;0;0;0;0;0;0;0;0;0;1924;0;0;95;0;160;0;
13788;6968499;1060917248;21790720;1149681664;0;0;0;0;0;0;0;0;0;0;0;3086;0;0;95;0;160;0;
13789;8099289;1060917248;21790720;1149681664;0;0;0;0;0;0;0;0;0;0;0;2956;0;0;95;0;160;0;
13790;5747188;1060917248;21790720;1149681664;0;0;0;0;0;0;0;0;0;0;0;2765;0;0;95;0;160;0;
13791;7493193;1060917248;21790720;1149681664;0;0;0;0;0;0;0;0;0;0;0;3216;0;0;95;0;160;0;
13792;6079241;1055391744;15204352;1143095296;0;0;0;0;0;0;0;0;0;0;0;2786;0;0;95;0;160;0;
13793;6552448;1055391744;15204352;1143095296;0;0;0;0;0;0;0;0;0;0;0;2064;0;0;95;0;160;0;
13794;6805903;1055391744;15204352;1143095296;0;0;0;0;0;0;0;0;0;0;0;2284;0;0;95;0;160;0;
13795;6084120;1055391744;15204352;1143095296;0;0;0;0;0;0;0;0;0;0;0;2495;0;0;95;0;160;0;
13796;7092912;1055391744;15204352;1143095296;0;0;0;0;0;0;0;0;0;0;0;4328;0;0;95;0;160;0;
13797;8078300;1055391744;15204352;1143095296;0;0;0;0;0;0;0;0;0;0;0;3246;0;0;95;0;160;0;
13798;8272865;1055391744;15204352;1143095296;0;0;0;0;0;0;0;0;0;0;0;2865;0;0;95;0;160;0;
13799;8306197;1055391744;15204352;1143095296;0;0;0;0;0;0;0;0;0;0;0;3236;0;0;95;0;160;0;
13800;4796435;1055391744;15204352;1143095296;0;0;0;0;0;0;0;0;0;0;0;2895;0;0;95;0;160;0;
13801;7275585;1055391744;15204352;1143095296;0;0;0;0;0;0;0;0;0;0;0;2494;0;0;95;0;160;0;
13802;4704102;1055391744;15204352;1143095296;0;0;0;0;0;0;0;0;0;0;0;3026;0;0;95;0;160;0;
13803;6777801;1055391744;15204352;1143095296;0;0;0;0;0;0;0;0;0;0;0;2184;0;0;95;0;160;0;
13804;5038579;1055391744;15204352;1143095296;0;0;0;0;0;0;0;0;0;0;0;2946;0;0;95;0;160;0;
13805;8482618;1055391744;15204352;1143095296;0;0;0;0;0;0;0;0;0;0;0;2404;0;0;95;0;160;0;
13806;4503586;1055391744;15204352;1143095296;0;0;0;0;0;0;0;0;0;0;0;3617;0;0;95;0;160;0;
13807;6909719;1055391744;15204352;1143095296;0;0;0;0;0;0;0;0;0;0;0;2565;0;0;95;0;160;0;
13808;5492640;1055391744;15204352;1143095296;0;0;0;0;0;0;0;0;0;0;0;3106;0;0;95;0;160;0;
13809;9254746;1058832384;21790720;1149681664;0;0;0;0;0;0;0;0;0;0;0;3326;0;0;95;0;160;0;
13810;5407912;1060929536;21790720;1149681664;0;0;0;0;0;0;0;0;0;0;0;2525;0;0;95;0;160;0;
13811;9209762;1060929536;21790720;1149681664;0;0;0;0;0;0;0;0;0;0;0;2675;0;0;95;0;160;0;
13812;5607947;1060929536;21790720;1149681664;0;0;0;0;0;0;0;0;0;0;0;3276;0;0;95;0;160;0;
13813;10485995;1060929536;21790720;1149681664;0;0;0;0;0;0;0;0;0;0;0;2835;0;0;95;0;160;0;
13814;4764315;1060929536;21790720;1149681664;0;0;0;0;0;0;0;0;0;0;0;2575;0;0;95;0;160;0;
13815;8773714;1060929536;21790720;1149681664;0;0;0;0;0;0;0;0;0;0;0;3597;0;0;95;0;160;0;
13816;6959672;1060929536;21790720;1149681664;0;0;0;0;0;0;0;0;0;0;0;3537;0;0;95;0;160;0;
13817;8187405;1060929536;21790720;1149681664;0;0;0;0;0;0;0;0;0;0;0;3146;0;0;95;0;160;0;
13818;6221839;1055404032;15204352;1143095296;0;0;0;0;0;0;0;0;0;0;0;3837;0;0;95;0;160;0;
13819;6871487;1055404032;15204352;1143095296;0;0;0;0;0;0;0;0;0;0;0;3076;0;0;95;0;160;0;
13820;7637252;1055404032;15204352;1143095296;0;0;0;0;0;0;0;0;0;0;0;2615;0;0;95;0;160;0;
13821;6982404;1055404032;15204352;1143095296;0;0;0;0;0;0;0;0;0;0;0;2855;0;0;95;0;160;0;
13822;5358079;1055404032;15204352;1143095296;0;0;0;0;0;0;0;0;0;0;0;3557;0;0;95;0;160;0;
13823;6887878;1055404032;15204352;1143095296;0;0;0;0;0;0;0;0;0;0;0;2555;0;0;95;0;160;0;
13824;6225555;1055404032;15204352;1143095296;0;0;0;0;0;0;0;0;0;0;0;2865;0;0;95;0;160;0;
13825;8723019;1055404032;15204352;1143095296;0;0;0;0;0;0;0;0;0;0;0;3437;0;0;95;0;160;0;
13826;5869127;1055404032;15204352;1143095296;0;0;0;0;0;0;0;0;0;0;0;3015;0;0;95;0;160;0;
13827;7068065;1055404032;15204352;1143095296;0;0;0;0;0;0;0;0;0;0;0;2154;0;0;95;0;160;0;
13828;4686328;1055404032;15204352;1143095296;0;0;0;0;0;0;0;0;0;0;0;3076;0;0;95;0;160;0;
13829;7409686;1055404032;15204352;1143095296;0;0;0;0;0;0;0;0;0;0;0;2264;0;0;95;0;160;0;
13830;4077116;1055404032;15204352;1143095296;0;0;0;0;0;0;0;0;0;0;0;3757;0;0;95;0;160;0;
13831;9032539;1058844672;21790720;1149681664;0;0;0;0;0;0;0;0;0;0;0;2445;0;0;95;0;160;0;
13832;5281816;1060941824;21790720;1149681664;0;0;0;0;0;0;0;0;0;0;0;2805;0;0;95;0;160;0;
13833;7340226;1060941824;21790720;1149681664;0;0;0;0;0;0;0;0;0;0;0;3316;0;0;95;0;160;0;
13834;4317476;1060941824;21790720;1149681664;0;0;0;0;0;0;0;0;0;0;0;2956;0;0;95;0;160;0;
13835;7753851;1060941824;21790720;1149681664;0;0;0;0;0;0;0;0;0;0;0;2816;0;0;95;0;160;0;
13836;6295185;1060941824;21790720;1149681664;0;0;0;0;0;0;0;0;0;0;0;2985;0;0;95;0;160;0;
13837;7077473;1060941824;21790720;1149681664;0;0;0;0;0;0;0;0;0;0;0;1754;0;0;95;0;160;0;
13838;6071366;1060941824;21790720;1149681664;0;0;0;0;0;0;0;0;0;0;0;2946;0;0;95;0;160;0;
13839;8140667;1060941824;21790720;1149681664;0;0;0;0;0;0;0;0;0;0;0;2986;0;0;95;0;160;0;
13840;5767336;1055416320;15204352;1143095296;0;0;0;0;0;0;0;0;0;0;0;2625;0;0;95;0;160;0;
13841;8515910;1055416320;15204352;1143095296;0;0;0;0;0;0;0;0;0;0;0;3045;0;0;95;0;160;0;
13842;4922491;1055416320;15204352;1143095296;0;0;0;0;0;0;0;0;0;0;0;3597;0;0;95;0;160;0;
13843;7448298;1055416320;15204352;1143095296;0;0;0;0;0;0;0;0;0;0;0;3647;0;0;95;0;160;0;
13844;4299102;1055416320;15204352;1143095296;0;0;0;0;0;0;0;0;0;0;0;2535;0;0;95;0;160;0;
13845;8067379;1055416320;15204352;1143095296;0;0;0;0;0;0;0;0;0;0;0;2976;0;0;95;0;160;0;
13846;6786998;1055416320;15204352;1143095296;0;0;0;0;0;0;0;0;0;0;0;3206;0;0;95;0;160;0;
13847;7174786;1055416320;15204352;1143095296;0;0;0;0;0;0;0;0;0;0;0;3166;0;0;95;0;160;0;
13848;4815330;1055416320;15204352;1143095296;0;0;0;0;0;0;0;0;0;0;0;3296;0;0;95;0;160;0;
13849;6926229;1055416320;15204352;1143095296;0;0;0;0;0;0;0;0;0;0;0;2615;0;0;95;0;160;0;
13850;7123920;1055416320;15204352;1143095296;0;0;0;0;0;0;0;0;0;0;0;3086;0;0;95;0;160;0;
13851;7604952;1055416320;15204352;1143095296;0;0;0;0;0;0;0;0;0;0;0;3066;0;0;95;0;160;0;
13852;8011434;1055416320;15204352;1143095296;0;0;0;0;0;0;0;0;0;0;0;3206;0;0;95;0;160;0;
13853;9458799;1058856960;21790720;1149681664;0;0;0;0;0;0;0;0;0;0;0;2896;0;0;95;0;160;0;
13854;6807827;1060954112;21790720;1149681664;0;0;0;0;0;0;0;0;0;0;0;3877;0;0;95;0;160;0;
13855;8662746;1060954112;21790720;1149681664;0;0;0;0;0;0;0;0;0;0;0;3907;0;0;95;0;160;0;
13856;5071882;1060954112;21790720;1149681664;0;0;0;0;0;0;0;0;0;0;0;3036;0;0;95;0;160;0;
13857;7459720;1060954112;21790720;1149681664;0;0;0;0;0;0;0;0;0;0;0;2564;0;0;95;0;160;0;
13858;4051458;1060954112;21790720;1149681664;0;0;0;0;0;0;0;0;0;0;0;3237;0;0;95;0;160;0;
13859;7246410;1060954112;21790720;1149681664;0;0;0;0;0;0;0;0;0;0;0;3276;0;0;95;0;160;0;
13860;6089601;1060954112;21790720;1149681664;0;0;0;0;0;0;0;0;0;0;0;3186;0;0;95;0;160;0;
13861;6580702;1060954112;21790720;1149681664;0;0;0;0;0;0;0;0;0;0;0;2825;0;0;95;0;160;0;
13862;4994607;1055428608;15204352;1143095296;0;0;0;0;0;0;0;0;0;0;0;2845;0;0;95;0;160;0;
13863;7249777;1055428608;15204352;1143095296;0;0;0;0;0;0;0;0;0;0;0;2054;0;0;95;0;160;0;
13864;6312489;1055428608;15204352;1143095296;0;0;0;0;0;0;0;0;0;0;0;3486;0;0;95;0;160;0;
13865;7169566;1055428608;15204352;1143095296;0;0;0;0;0;0;0;0;0;0;0;2344;0;0;95;0;160;0;
13866;5337810;1055428608;15204352;1143095296;0;0;0;0;0;0;0;0;0;0;0;2324;0;0;95;0;160;0;
13867;7529922;1055428608;15204352;1143095296;0;0;0;0;0;0;0;0;0;0;0;2455;0;0;95;0;160;0;
13868;6131129;1055428608;15204352;1143095296;0;0;0;0;0;0;0;0;0;0;0;2915;0;0;95;0;160;0;
13869;5901367;1055428608;15204352;1143095296;0;0;0;0;0;0;0;0;0;0;0;2474;0;0;95;0;160;0;
13870;4423085;1055428608;15204352;1143095296;0;0;0;0;0;0;0;0;0;0;0;3497;0;0;95;0;160;0;
13871;22398747;1055428608;15204352;1143095296;0;0;0;0;0;0;0;0;0;0;0;3707;0;0;95;0;160;0;
13872;7022871;1055428608;15204352;1143095296;0;0;0;0;0;0;0;0;0;0;0;3677;0;0;95;0;160;0;
13873;7939680;1055428608;15204352;1143095296;0;0;0;0;0;0;0;0;0;0;0;2765;0;0;95;0;160;0;
13874;4711275;1055428608;15204352;1143095296;0;0;0;0;0;0;0;0;0;0;0;3096;0;0;95;0;160;0;
13875;9247192;1055428608;15204352;1143095296;0;0;0;0;0;0;0;0;0;0;0;2144;0;0;95;0;160;0;
13876;6230294;1055428608;15204352;1143095296;0;0;0;0;0;0;0;0;0;0;0;3637;0;0;95;0;160;0;
13877;8229564;1055428608;15204352;1143095296;0;0;0;0;0;0;0;0;0;0;0;2625;0;0;95;0;160;0;
13878;5423080;1055428608;15204352;1143095296;0;0;0;0;0;0;0;0;0;0;0;3046;0;0;95;0;160;0;
13879;9099415;1058869248;21790720;1149681664;0;0;0;0;0;0;0;0;0;0;0;3005;0;0;95;0;160;0;
13880;6470806;1060966400;21790720;1149681664;0;0;0;0;0;0;0;0;0;0;0;2765;0;0;95;0;160;0;
13881;6495351;1060966400;21790720;1149681664;0;0;0;0;0;0;0;0;0;0;0;2986;0;0;95;0;160;0;
13882;5674863;1060966400;21790720;1149681664;0;0;0;0;0;0;0;0;0;0;0;2816;0;0;95;0;160;0;
13883;9414947;1060966400;21790720;1149681664;0;0;0;0;0;0;0;0;0;0;0;2735;0;0;95;0;160;0;
13884;7081210;1060966400;21790720;1149681664;0;0;0;0;0;0;0;0;0;0;0;213831;0;0;95;0;160;0;
13885;7259304;1060966400;21790720;1149681664;0;0;0;0;0;0;0;0;0;0;0;2484;0;0;95;0;160;0;
13886;7800509;1060966400;21790720;1149681664;0;0;0;0;0;0;0;0;0;0;0;3126;0;0;95;0;160;0;
13887;5586627;1060966400;21790720;1149681664;0;0;0;0;0;0;0;0;0;0;0;2545;0;0;95;0;160;0;
13888;5889776;1055440896;15204352;1143095296;0;0;0;0;0;0;0;0;0;0;0;3055;0;0;95;0;160;0;
13889;6477558;1055440896;15204352;1143095296;0;0;0;0;0;0;0;0;0;0;0;2866;0;0;95;0;160;0;
13890;6227399;1055440896;15204352;1143095296;0;0;0;0;0;0;0;0;0;0;0;2785;0;0;95;0;160;0;
13891;5869107;1055440896;15204352;1143095296;0;0;0;0;0;0;0;0;0;0;0;2154;0;0;95;0;160;0;
13892;5114131;1055440896;15204352;1143095296;0;0;0;0;0;0;0;0;0;0;0;3557;0;0;95;0;160;0;
13893;7266778;1055440896;15208448;1143099392;0;0;0;0;0;0;0;0;0;0;0;2785;0;0;95;0;160;0;
13894;5209018;1055440896;15212544;1143103488;0;0;0;0;0;0;0;0;0;0;0;2735;0;0;95;0;160;0;
13895;9329706;1058881536;21798912;1149689856;0;0;0;0;0;0;0;0;0;0;0;3005;0;0;95;0;160;0;
13896;4561454;1060978688;21798912;1149689856;0;0;0;0;0;0;0;0;0;0;0;3095;0;0;95;0;160;0;
13897;7740607;1060978688;21798912;1149689856;0;0;0;0;0;0;0;0;0;0;0;3246;0;0;95;0;160;0;
13898;5778997;1060978688;21798912;1149689856;0;0;0;0;0;0;0;0;0;0;0;2695;0;0;95;0;160;0;
13899;7012852;1060978688;21798912;1149689856;0;0;0;0;0;0;0;0;0;0;0;3306;0;0;95;0;160;0;
13900;6718109;1061011456;21790720;1149681664;0;0;0;0;0;0;0;0;0;0;0;3206;0;0;95;0;160;0;
13901;7732392;1061011456;21790720;1149681664;0;0;0;0;0;0;0;0;0;0;0;2725;0;0;95;0;160;0;
13902;7501298;1061011456;21790720;1149681664;0;0;0;0;0;0;0;0;0;0;0;2925;0;0;95;0;160;0;
13903;6597673;1061011456;21790720;1149681664;0;0;0;0;0;0;0;0;0;0;0;3106;0;0;95;0;160;0;
13904;5632403;1061011456;21790720;1149681664;0;0;0;0;0;0;0;0;0;0;0;3537;0;0;95;0;160;0;
13905;6595459;1061011456;21790720;1149681664;0;0;0;0;0;0;0;0;0;0;0;2234;0;0;95;0;160;0;
13906;5122566;1061011456;21790720;1149681664;0;0;0;0;0;0;0;0;0;0;0;2485;0;0;95;0;160;0;
13907;5824773;1061011456;21790720;1149681664;0;0;0;0;0;0;0;0;0;0;0;2805;0;0;95;0;160;0;
13908;4452070;1061011456;21790720;1149681664;0;0;0;0;0;0;0;0;0;0;0;2555;0;0;95;0;160;0;
13909;6757202;1061011456;21790720;1149681664;0;0;0;0;0;0;0;0;0;0;0;2404;0;0;95;0;160;0;
13910;4683734;1055453184;15204352;1143095296;0;0;0;0;0;0;0;0;0;0;0;2795;0;0;95;0;160;0;
13911;5323734;1055453184;15204352;1143095296;0;0;0;0;0;0;0;0;0;0;0;2184;0;0;95;0;160;0;
13912;4924735;1055453184;15204352;1143095296;0;0;0;0;0;0;0;0;0;0;0;3527;0;0;95;0;160;0;
13913;5863326;1055453184;15204352;1143095296;0;0;0;0;0;0;0;0;0;0;0;1864;0;0;95;0;160;0;
13914;5207186;1055453184;15204352;1143095296;0;0;0;0;0;0;0;0;0;0;0;2275;0;0;95;0;160;0;
13915;7384258;1055453184;15204352;1143095296;0;0;0;0;0;0;0;0;0;0;0;278453;0;0;95;0;160;0;
13916;3525893;1055453184;15204352;1143095296;0;0;0;0;0;0;0;0;0;0;0;2144;0;0;95;0;160;0;
13917;8075735;1055453184;15204352;1143095296;0;0;0;0;0;0;0;0;0;0;0;2244;0;0;95;0;160;0;
13918;4120157;1055453184;15204352;1143095296;0;0;0;0;0;0;0;0;0;0;0;3376;0;0;95;0;160;0;
13919;5063927;1055453184;15204352;1143095296;0;0;0;0;0;0;0;0;0;0;0;1894;0;0;95;0;160;0;
13920;5586998;1055453184;15204352;1143095296;0;0;0;0;0;0;0;0;0;0;0;2645;0;0;95;0;160;0;
13921;6379273;1055453184;15204352;1143095296;0;0;0;0;0;0;0;0;0;0;0;2254;0;0;95;0;160;0;
13922;5404325;1055453184;15204352;1143095296;0;0;0;0;0;0;0;0;0;0;0;3186;0;0;95;0;160;0;
13923;6371830;1058893824;21790720;1149681664;0;0;0;0;0;0;0;0;0;0;0;2465;0;0;95;0;160;0;
13924;5287716;1060990976;21790720;1149681664;0;0;0;0;0;0;0;0;0;0;0;2745;0;0;95;0;160;0;
13925;6362913;1060990976;21790720;1149681664;0;0;0;0;0;0;0;0;0;0;0;2324;0;0;95;0;160;0;
13926;5085838;1060990976;21790720;1149681664;0;0;0;0;0;0;0;0;0;0;0;2876;0;0;95;0;160;0;
13927;7168934;1060990976;21790720;1149681664;0;0;0;0;0;0;0;0;0;0;0;2826;0;0;95;0;160;0;
13928;5011278;1060990976;21790720;1149681664;0;0;0;0;0;0;0;0;0;0;0;3466;0;0;95;0;160;0;
13929;5327631;1060990976;21790720;1149681664;0;0;0;0;0;0;0;0;0;0;0;2184;0;0;95;0;160;0;
13930;6438064;1060990976;21790720;1149681664;0;0;0;0;0;0;0;0;0;0;0;2936;0;0;95;0;160;0;
13931;5425706;1060990976;21790720;1149681664;0;0;0;0;0;0;0;0;0;0;0;2284;0;0;95;0;160;0;
13932;4125717;1055465472;15204352;1143095296;0;0;0;0;0;0;0;0;0;0;0;2415;0;0;95;0;160;0;
13933;7042768;1055465472;15204352;1143095296;0;0;0;0;0;0;0;0;0;0;0;2365;0;0;95;0;160;0;
13934;4306937;1055465472;15204352;1143095296;0;0;0;0;0;0;0;0;0;0;0;3135;0;0;95;0;160;0;
13935;6142560;1055465472;15204352;1143095296;0;0;0;0;0;0;0;0;0;0;0;2234;0;0;95;0;160;0;
13936;4862129;1055465472;15204352;1143095296;0;0;0;0;0;0;0;0;0;0;0;2866;0;0;95;0;160;0;
13937;10819771;1055465472;15204352;1143095296;0;0;0;0;0;0;0;0;0;0;0;1844;0;0;95;0;160;0;
13938;4966654;1055465472;15204352;1143095296;0;0;0;0;0;0;0;0;0;0;0;3487;0;0;95;0;160;0;
13939;7042687;1055465472;15204352;1143095296;0;0;0;0;0;0;0;0;0;0;0;3196;0;0;95;0;160;0;
13940;6940216;1055465472;15204352;1143095296;0;0;0;0;0;0;0;0;0;0;0;3096;0;0;95;0;160;0;
13941;6712749;1055465472;15204352;1143095296;0;0;0;0;0;0;0;0;0;0;0;2365;0;0;95;0;160;0;
13942;6811074;1055465472;15204352;1143095296;0;0;0;0;0;0;0;0;0;0;0;3607;0;0;95;0;160;0;
13943;6644571;1055465472;15204352;1143095296;0;0;0;0;0;0;0;0;0;0;0;2645;0;0;95;0;160;0;
13944;5070610;1055465472;15204352;1143095296;0;0;0;0;0;0;0;0;0;0;0;2715;0;0;95;0;160;0;
13945;8091104;1055465472;15204352;1143095296;0;0;0;0;0;0;0;0;0;0;0;3196;0;0;95;0;160;0;
13946;3828049;1055465472;15204352;1143095296;0;0;0;0;0;0;0;0;0;0;0;3196;0;0;95;0;160;0;
13947;6736233;1058906112;21790720;1149681664;0;0;0;0;0;0;0;0;0;0;0;2595;0;0;95;0;160;0;
13948;7744273;1061003264;21790720;1149681664;0;0;0;0;0;0;0;0;0;0;0;3176;0;0;95;0;160;0;
13949;7719988;1061003264;21790720;1149681664;0;0;0;0;0;0;0;0;0;0;0;3196;0;0;95;0;160;0;
13950;6900922;1061003264;21790720;1149681664;0;0;0;0;0;0;0;0;0;0;0;2745;0;0;95;0;160;0;
13951;7292476;1061003264;21790720;1149681664;0;0;0;0;0;0;0;0;0;0;0;2996;0;0;95;0;160;0;
13952;4154221;1061003264;21790720;1149681664;0;0;0;0;0;0;0;0;0;0;0;2635;0;0;95;0;160;0;
13953;7757188;1061003264;21790720;1149681664;0;0;0;0;0;0;0;0;0;0;0;2926;0;0;95;0;160;0;
13954;3037457;1061003264;21790720;1149681664;0;0;0;0;0;0;0;0;0;0;0;2895;0;0;95;0;160;0;
13955;5853297;1061003264;21790720;1149681664;0;0;0;0;0;0;0;0;0;0;0;2595;0;0;95;0;160;0;
13956;5736087;1055477760;15204352;1143095296;0;0;0;0;0;0;0;0;0;0;0;2715;0;0;95;0;160;0;
13957;6806244;1055477760;15204352;1143095296;0;0;0;0;0;0;0;0;0;0;0;2705;0;0;95;0;160;0;
13958;5709418;1055477760;15204352;1143095296;0;0;0;0;0;0;0;0;0;0;0;3656;0;0;95;0;160;0;
13959;5023481;1055477760;15204352;1143095296;0;0;0;0;0;0;0;0;0;0;0;2375;0;0;95;0;160;0;
13960;5733443;1055477760;15204352;1143095296;0;0;0;0;0;0;0;0;0;0;0;3447;0;0;95;0;160;0;
13961;5089945;1055477760;15204352;1143095296;0;0;0;0;0;0;0;0;0;0;0;2324;0;0;95;0;160;0;
13962;7037428;1055477760;15204352;1143095296;0;0;0;0;0;0;0;0;0;0;0;3226;0;0;95;0;160;0;
13963;6657866;1055477760;15204352;1143095296;0;0;0;0;0;0;0;0;0;0;0;2725;0;0;95;0;160;0;
13964;5454199;1055477760;15204352;1143095296;0;0;0;0;0;0;0;0;0;0;0;3326;0;0;95;0;160;0;
13965;7592338;1055477760;15204352;1143095296;0;0;0;0;0;0;0;0;0;0;0;1973;0;0;95;0;160;0;
13966;5590785;1055477760;15204352;1143095296;0;0;0;0;0;0;0;0;0;0;0;3035;0;0;95;0;160;0;
13967;5961820;1055477760;15204352;1143095296;0;0;0;0;0;0;0;0;0;0;0;2043;0;0;95;0;160;0;
13968;4523774;1055477760;15204352;1143095296;0;0;0;0;0;0;0;0;0;0;0;3095;0;0;95;0;160;0;
13969;6170943;1055477760;15204352;1143095296;0;0;0;0;0;0;0;0;0;0;0;2304;0;0;95;0;160;0;
13970;4609775;1055477760;15204352;1143095296;0;0;0;0;0;0;0;0;0;0;0;2765;0;0;95;0;160;0;
13971;9726511;1058918400;21790720;1149681664;0;0;0;0;0;0;0;0;0;0;0;2745;0;0;95;0;160;0;
13972;5255166;1061015552;21790720;1149681664;0;0;0;0;0;0;0;0;0;0;0;3427;0;0;95;0;160;0;
13973;5903141;1061015552;21790720;1149681664;0;0;0;0;0;0;0;0;0;0;0;2404;0;0;95;0;160;0;
13974;6592794;1061015552;21790720;1149681664;0;0;0;0;0;0;0;0;0;0;0;3808;0;0;95;0;160;0;
13975;6697049;1061015552;21794816;1149685760;0;0;0;0;0;0;0;0;0;0;0;3386;0;0;95;0;160;0;
13976;6761050;1061015552;21798912;1149689856;0;0;0;0;0;0;0;0;0;0;0;3126;0;0;95;0;160;0;
13977;7968865;1061015552;21798912;1149689856;0;0;0;0;0;0;0;0;0;0;0;2575;0;0;95;0;160;0;
13978;5005107;1061015552;21798912;1149689856;0;0;0;0;0;0;0;0;0;0;0;3016;0;0;95;0;160;0;
13979;5712433;1061015552;21798912;1149689856;0;0;0;0;0;0;0;0;0;0;0;1823;0;0;95;0;160;0;
13980;6406394;1055498240;15212544;1143103488;0;0;0;0;0;0;0;0;0;0;0;3486;0;0;95;0;160;0;
13981;7918880;1055498240;15212544;1143103488;0;0;0;0;0;0;0;0;0;0;0;2555;0;0;95;0;160;0;
13982;4714081;1055490048;15204352;1143095296;0;0;0;0;0;0;0;0;0;0;0;2866;0;0;95;0;160;0;
13983;8028196;1055490048;15204352;1143095296;0;0;0;0;0;0;0;0;0;0;0;2665;0;0;95;0;160;0;
13984;8075775;1055490048;15204352;1143095296;0;0;0;0;0;0;0;0;0;0;0;3897;0;0;95;0;160;0;
13985;6199537;1055490048;15204352;1143095296;0;0;0;0;0;0;0;0;0;0;0;2565;0;0;95;0;160;0;
13986;6441110;1055490048;15204352;1143095296;0;0;0;0;0;0;0;0;0;0;0;2495;0;0;95;0;160;0;
13987;9565919;1055490048;15204352;1143095296;0;0;0;0;0;0;0;0;0;0;0;2625;0;0;95;0;160;0;
13988;7111437;1055490048;15204352;1143095296;0;0;0;0;0;0;0;0;0;0;0;3426;0;0;95;0;160;0;
13989;7040854;1055490048;15204352;1143095296;0;0;0;0;0;0;0;0;0;0;0;2234;0;0;95;0;160;0;
13990;7584584;1055490048;15204352;1143095296;0;0;0;0;0;0;0;0;0;0;0;2916;0;0;95;0;160;0;
13991;8610168;1055490048;15204352;1143095296;0;0;0;0;0;0;0;0;0;0;0;3436;0;0;95;0;160;0;
13992;4613923;1055490048;15204352;1143095296;0;0;0;0;0;0;0;0;0;0;0;2976;0;0;95;0;160;0;
13993;8750340;1058930688;21790720;1149681664;0;0;0;0;0;0;0;0;0;0;0;4017;0;0;95;0;160;0;
13994;8201291;1061027840;21790720;1149681664;0;0;0;0;0;0;0;0;0;0;0;3065;0;0;95;0;160;0;
13995;7054149;1061027840;21790720;1149681664;0;0;0;0;0;0;0;0;0;0;0;2465;0;0;95;0;160;0;
13996;5628576;1061027840;21790720;1149681664;0;0;0;0;0;0;0;0;0;0;0;3366;0;0;95;0;160;0;
13997;7930533;1061027840;21790720;1149681664;0;0;0;0;0;0;0;0;0;0;0;2766;0;0;95;0;160;0;
13998;7370031;1061027840;21790720;1149681664;0;0;0;0;0;0;0;0;0;0;0;2906;0;0;95;0;160;0;
13999;7379239;1061027840;21790720;1149681664;0;0;0;0;0;0;0;0;0;0;0;3016;0;0;95;0;160;0;
14000;6726013;1061027840;21790720;1149681664;0;0;0;0;0;0;0;0;0;0;0;3417;0;0;95;0;160;0;
14001;8415432;1061027840;21790720;1149681664;0;0;0;0;0;0;0;0;0;0;0;3056;0;0;95;0;160;0;
14002;6733998;1055502336;15204352;1143095296;0;0;0;0;0;0;0;0;0;0;0;3156;0;0;95;0;160;0;
14003;7229548;1055502336;15204352;1143095296;0;0;0;0;0;0;0;0;0;0;0;3045;0;0;95;0;160;0;
14004;7809726;1055502336;15204352;1143095296;0;0;0;0;0;0;0;0;0;0;0;3617;0;0;95;0;160;0;
14005;11357670;1055502336;15204352;1143095296;0;0;0;0;0;0;0;0;0;0;0;3557;0;0;95;0;160;0;
14006;8930779;1055502336;15204352;1143095296;0;0;0;0;0;0;0;0;0;0;0;3587;0;0;95;0;160;0;
14007;9096269;1055502336;15204352;1143095296;0;0;0;0;0;0;0;0;0;0;0;3005;0;0;95;0;160;0;
14008;8898317;1055502336;15204352;1143095296;0;0;0;0;0;0;0;0;0;0;0;3567;0;0;95;0;160;0;
14009;8990611;1055502336;15204352;1143095296;0;0;0;0;0;0;0;0;0;0;0;2815;0;0;95;0;160;0;
14010;10471368;1055502336;15204352;1143095296;0;0;0;0;0;0;0;0;0;0;0;3256;0;0;95;0;160;0;
14011;8449255;1055502336;15204352;1143095296;0;0;0;0;0;0;0;0;0;0;0;3396;0;0;95;0;160;0;
14012;6150464;1055502336;15204352;1143095296;0;0;0;0;0;0;0;0;0;0;0;4197;0;0;95;0;160;0;
14013;7468125;1055502336;15204352;1143095296;0;0;0;0;0;0;0;0;0;0;0;2965;0;0;95;0;160;0;
14014;7599512;1055502336;15204352;1143095296;0;0;0;0;0;0;0;0;0;0;0;3306;0;0;95;0;160;0;
14015;9550480;1055502336;15204352;1143095296;0;0;0;0;0;0;0;0;0;0;0;3126;0;0;95;0;160;0;
14016;6110128;1055502336;15204352;1143095296;0;0;0;0;0;0;0;0;0;0;0;3367;0;0;95;0;160;0;
14017;10028487;1058942976;21790720;1149681664;0;0;0;0;0;0;0;0;0;0;0;3747;0;0;95;0;160;0;
14018;7239327;1061040128;21790720;1149681664;0;0;0;0;0;0;0;0;0;0;0;3407;0;0;95;0;160;0;
14019;7748201;1061040128;21790720;1149681664;0;0;0;0;0;0;0;0;0;0;0;3467;0;0;95;0;160;0;
14020;8099029;1061040128;21790720;1149681664;0;0;0;0;0;0;0;0;0;0;0;3086;0;0;95;0;160;0;
14021;7898563;1061040128;21790720;1149681664;0;0;0;0;0;0;0;0;0;0;0;2755;0;0;95;0;160;0;
14022;7968214;1061040128;21790720;1149681664;0;0;0;0;0;0;0;0;0;0;0;2715;0;0;95;0;160;0;
14023;7290543;1061040128;21790720;1149681664;0;0;0;0;0;0;0;0;0;0;0;2675;0;0;95;0;160;0;
14024;6321305;1061040128;21790720;1149681664;0;0;0;0;0;0;0;0;0;0;0;2534;0;0;95;0;160;0;
14025;9641301;1061040128;21790720;1149681664;0;0;0;0;0;0;0;0;0;0;0;3276;0;0;95;0;160;0;
14026;7229848;1055514624;15204352;1143095296;0;0;0;0;0;0;0;0;0;0;0;3406;0;0;95;0;160;0;
14027;7501979;1055514624;15204352;1143095296;0;0;0;0;0;0;0;0;0;0;0;2494;0;0;95;0;160;0;
14028;8070635;1055514624;15204352;1143095296;0;0;0;0;0;0;0;0;0;0;0;3466;0;0;95;0;160;0;
14029;10022617;1055514624;15204352;1143095296;0;0;0;0;0;0;0;0;0;0;0;3236;0;0;95;0;160;0;
14030;6935627;1055514624;15204352;1143095296;0;0;0;0;0;0;0;0;0;0;0;4048;0;0;95;0;160;0;
14031;9014816;1055514624;15204352;1143095296;0;0;0;0;0;0;0;0;0;0;0;3386;0;0;95;0;160;0;
14032;4602282;1055514624;15204352;1143095296;0;0;0;0;0;0;0;0;0;0;0;2826;0;0;95;0;160;0;
14033;11322103;1055514624;15204352;1143095296;0;0;0;0;0;0;0;0;0;0;0;3106;0;0;95;0;160;0;
14034;8718590;1055514624;15204352;1143095296;0;0;0;0;0;0;0;0;0;0;0;3186;0;0;95;0;160;0;
14035;7489476;1055514624;15204352;1143095296;0;0;0;0;0;0;0;0;0;0;0;2905;0;0;95;0;160;0;
14036;8296780;1055514624;15204352;1143095296;0;0;0;0;0;0;0;0;0;0;0;4068;0;0;95;0;160;0;
14037;7927948;1055514624;15204352;1143095296;0;0;0;0;0;0;0;0;0;0;0;2675;0;0;95;0;160;0;
14038;7431107;1055514624;15204352;1143095296;0;0;0;0;0;0;0;0;0;0;0;3466;0;0;95;0;160;0;
14039;12213024;1058955264;21790720;1149681664;0;0;0;0;0;0;0;0;0;0;0;3887;0;0;95;0;160;0;
14040;10422577;1061052416;21790720;1149681664;0;0;0;0;0;0;0;0;0;0;0;4028;0;0;95;0;160;0;
14041;12280861;1061052416;21790720;1149681664;0;0;0;0;0;0;0;0;0;0;0;3186;0;0;95;0;160;0;
14042;7224088;1061052416;21790720;1149681664;0;0;0;0;0;0;0;0;0;0;0;4068;0;0;95;0;160;0;
14043;8421683;1061052416;21790720;1149681664;0;0;0;0;0;0;0;0;0;0;0;2976;0;0;95;0;160;0;
14044;8889932;1061052416;21790720;1149681664;0;0;0;0;0;0;0;0;0;0;0;3346;0;0;95;0;160;0;
14045;8658308;1061052416;21790720;1149681664;0;0;0;0;0;0;0;0;0;0;0;3066;0;0;95;0;160;0;
14046;6374484;1061052416;21790720;1149681664;0;0;0;0;0;0;0;0;0;0;0;3326;0;0;95;0;160;0;
14047;8678967;1061052416;21790720;1149681664;0;0;0;0;0;0;0;0;0;0;0;3507;0;0;95;0;160;0;
14048;6947449;1055526912;15204352;1143095296;0;0;0;0;0;0;0;0;0;0;0;4077;0;0;95;0;160;0;
14049;9445273;1055526912;15204352;1143095296;0;0;0;0;0;0;0;0;0;0;0;2966;0;0;95;0;160;0;
14050;9783327;1055526912;15204352;1143095296;0;0;0;0;0;0;0;0;0;0;0;3456;0;0;95;0;160;0;
14051;5538086;1055526912;15204352;1143095296;0;0;0;0;0;0;0;0;0;0;0;2254;0;0;95;0;160;0;
14052;9576089;1055526912;15204352;1143095296;0;0;0;0;0;0;0;0;0;0;0;3005;0;0;95;0;160;0;
14053;9003875;1055526912;15204352;1143095296;0;0;0;0;0;0;0;0;0;0;0;3356;0;0;95;0;160;0;
14054;4600658;1055526912;15204352;1143095296;0;0;0;0;0;0;0;0;0;0;0;2756;0;0;95;0;160;0;
14055;6441010;1055526912;15204352;1143095296;0;0;0;0;0;0;0;0;0;0;0;2224;0;0;95;0;160;0;
14056;8420753;1055526912;15204352;1143095296;0;0;0;0;0;0;0;0;0;0;0;3426;0;0;95;0;160;0;
14057;7431597;1055526912;15204352;1143095296;0;0;0;0;0;0;0;0;0;0;0;2916;0;0;95;0;160;0;
14058;4374303;1055526912;15204352;1143095296;0;0;0;0;0;0;0;0;0;0;0;2755;0;0;95;0;160;0;
14059;8660071;1055526912;15204352;1143095296;0;0;0;0;0;0;0;0;0;0;0;2956;0;0;95;0;160;0;
14060;5368969;1055526912;15204352;1143095296;0;0;0;0;0;0;0;0;0;0;0;3616;0;0;95;0;160;0;
14061;8865596;1055526912;15204352;1143095296;0;0;0;0;0;0;0;0;0;0;0;2405;0;0;95;0;160;0;
14062;7359922;1055526912;15204352;1143095296;0;0;0;0;0;0;0;0;0;0;0;3156;0;0;95;0;160;0;
14063;8215888;1055526912;15204352;1143095296;0;0;0;0;0;0;0;0;0;0;0;3446;0;0;95;0;160;0;
14064;7164005;1055526912;15204352;1143095296;0;0;0;0;0;0;0;0;0;0;0;3556;0;0;95;0;160;0;
14065;11077906;1058967552;21790720;1149681664;0;0;0;0;0;0;0;0;0;0;0;2856;0;0;95;0;160;0;
14066;7781834;1061064704;21790720;1149681664;0;0;0;0;0;0;0;0;0;0;0;2785;0;0;95;0;160;0;
14067;7066843;1061064704;21790720;1149681664;0;0;0;0;0;0;0;0;0;0;0;2745;0;0;95;0;160;0;
14068;7599081;1061064704;21790720;1149681664;0;0;0;0;0;0;0;0;0;0;0;3547;0;0;95;0;160;0;
14069;9128289;1061064704;21790720;1149681664;0;0;0;0;0;0;0;0;0;0;0;3206;0;0;95;0;160;0;
14070;5583081;1061064704;21790720;1149681664;0;0;0;0;0;0;0;0;0;0;0;2685;0;0;95;0;160;0;
14071;9915746;1061064704;21790720;1149681664;0;0;0;0;0;0;0;0;0;0;0;2344;0;0;95;0;160;0;
14072;13434054;1061064704;21790720;1149681664;0;0;0;0;0;0;0;0;0;0;0;3196;0;0;95;0;160;0;
14073;6275038;1061064704;21790720;1149681664;0;0;0;0;0;0;0;0;0;0;0;2304;0;0;95;0;160;0;
14074;5827619;1055539200;15204352;1143095296;0;0;0;0;0;0;0;0;0;0;0;2876;0;0;95;0;160;0;
14075;7351998;1055539200;15204352;1143095296;0;0;0;0;0;0;0;0;0;0;0;2434;0;0;95;0;160;0;
14076;5295881;1055539200;15204352;1143095296;0;0;0;0;0;0;0;0;0;0;0;3907;0;0;95;0;160;0;
14077;6608002;1055539200;15204352;1143095296;0;0;0;0;0;0;0;0;0;0;0;2214;0;0;95;0;160;0;
14078;6694635;1055539200;15204352;1143095296;0;0;0;0;0;0;0;0;0;0;0;2515;0;0;95;0;160;0;
14079;9579706;1055539200;15204352;1143095296;0;0;0;0;0;0;0;0;0;0;0;1623;0;0;95;0;160;0;
14080;4186361;1055539200;15204352;1143095296;0;0;0;0;0;0;0;0;0;0;0;3015;0;0;95;0;160;0;
14081;6269728;1055539200;15204352;1143095296;0;0;0;0;0;0;0;0;0;0;0;2004;0;0;95;0;160;0;
14082;3931373;1055539200;15204352;1143095296;0;0;0;0;0;0;0;0;0;0;0;4549;0;0;95;0;160;0;
14083;7680845;1055539200;15204352;1143095296;0;0;0;0;0;0;0;0;0;0;0;2976;0;0;95;0;160;0;
14084;4381898;1055539200;15204352;1143095296;0;0;0;0;0;0;0;0;0;0;0;3086;0;0;95;0;160;0;
14085;8489711;1055539200;15204352;1143095296;0;0;0;0;0;0;0;0;0;0;0;2515;0;0;95;0;160;0;
14086;3859318;1055539200;15204352;1143095296;0;0;0;0;0;0;0;0;0;0;0;3176;0;0;95;0;160;0;
14087;9272329;1058979840;21790720;1149681664;0;0;0;0;0;0;0;0;0;0;0;3166;0;0;95;0;160;0;
14088;4408878;1061076992;21790720;1149681664;0;0;0;0;0;0;0;0;0;0;0;2915;0;0;95;0;160;0;
14089;7198771;1061076992;21790720;1149681664;0;0;0;0;0;0;0;0;0;0;0;2635;0;0;95;0;160;0;
14090;3843008;1061076992;21790720;1149681664;0;0;0;0;0;0;0;0;0;0;0;3647;0;0;95;0;160;0;
14091;6928383;1061076992;21790720;1149681664;0;0;0;0;0;0;0;0;0;0;0;2134;0;0;95;0;160;0;
14092;4292290;1061076992;21790720;1149681664;0;0;0;0;0;0;0;0;0;0;0;2635;0;0;95;0;160;0;
14093;5486149;1061076992;21790720;1149681664;0;0;0;0;0;0;0;0;0;0;0;1984;0;0;95;0;160;0;
14094;4336993;1061076992;21790720;1149681664;0;0;0;0;0;0;0;0;0;0;0;3065;0;0;95;0;160;0;
14095;5086379;1061076992;21790720;1149681664;0;0;0;0;0;0;0;0;0;0;0;1834;0;0;95;0;160;0;
14096;6201040;1055551488;15204352;1143095296;0;0;0;0;0;0;0;0;0;0;0;2695;0;0;95;0;160;0;
14097;7237724;1055551488;15204352;1143095296;0;0;0;0;0;0;0;0;0;0;0;1973;0;0;95;0;160;0;
14098;6458702;1055551488;15204352;1143095296;0;0;0;0;0;0;0;0;0;0;0;3176;0;0;95;0;160;0;
14099;5879817;1055551488;15204352;1143095296;0;0;0;0;0;0;0;0;0;0;0;2234;0;0;95;0;160;0;
14100;7052065;1055551488;15204352;1143095296;0;0;0;0;0;0;0;0;0;0;0;3547;0;0;95;0;160;0;
14101;6612130;1055551488;15204352;1143095296;0;0;0;0;0;0;0;0;0;0;0;2675;0;0;95;0;160;0;
14102;4227218;1055551488;15204352;1143095296;0;0;0;0;0;0;0;0;0;0;0;3046;0;0;95;0;160;0;
14103;9082232;1055551488;15204352;1143095296;0;0;0;0;0;0;0;0;0;0;0;2965;0;0;95;0;160;0;
14104;4587243;1055551488;15204352;1143095296;0;0;0;0;0;0;0;0;0;0;0;3667;0;0;95;0;160;0;
14105;7844923;1055551488;15204352;1143095296;0;0;0;0;0;0;0;0;0;0;0;2775;0;0;95;0;160;0;
14106;4806154;1055551488;15204352;1143095296;0;0;0;0;0;0;0;0;0;0;0;2624;0;0;95;0;160;0;
14107;7506918;1055551488;15204352;1143095296;0;0;0;0;0;0;0;0;0;0;0;3416;0;0;95;0;160;0;
14108;5747269;1055551488;15204352;1143095296;0;0;0;0;0;0;0;0;0;0;0;3657;0;0;95;0;160;0;
14109;8018097;1058992128;21790720;1149681664;0;0;0;0;0;0;0;0;0;0;0;2895;0;0;95;0;160;0;
14110;6256313;1061089280;21790720;1149681664;0;0;0;0;0;0;0;0;0;0;0;3646;0;0;95;0;160;0;
14111;6480543;1061089280;21790720;1149681664;0;0;0;0;0;0;0;0;0;0;0;2515;0;0;95;0;160;0;
14112;6327667;1061089280;21790720;1149681664;0;0;0;0;0;0;0;0;0;0;0;3407;0;0;95;0;160;0;
14113;6405794;1061089280;21790720;1149681664;0;0;0;0;0;0;0;0;0;0;0;2625;0;0;95;0;160;0;
14114;5879015;1061089280;21790720;1149681664;0;0;0;0;0;0;0;0;0;0;0;2995;0;0;95;0;160;0;
14115;6984799;1061089280;21790720;1149681664;0;0;0;0;0;0;0;0;0;0;0;2485;0;0;95;0;160;0;
14116;4508305;1061089280;21790720;1149681664;0;0;0;0;0;0;0;0;0;0;0;3076;0;0;95;0;160;0;
14117;8840690;1061089280;21790720;1149681664;0;0;0;0;0;0;0;0;0;0;0;3126;0;0;95;0;160;0;
14118;7228206;1055563776;15204352;1143095296;0;0;0;0;0;0;0;0;0;0;0;3646;0;0;95;0;160;0;
14119;8778884;1055563776;15204352;1143095296;0;0;0;0;0;0;0;0;0;0;0;2445;0;0;95;0;160;0;
14120;4699764;1055563776;15204352;1143095296;0;0;0;0;0;0;0;0;0;0;0;2805;0;0;95;0;160;0;
14121;7862305;1055563776;15204352;1143095296;0;0;0;0;0;0;0;0;0;0;0;2114;0;0;95;0;160;0;
14122;4709803;1055563776;15204352;1143095296;0;0;0;0;0;0;0;0;0;0;0;2805;0;0;95;0;160;0;
14123;7236501;1055563776;15204352;1143095296;0;0;0;0;0;0;0;0;0;0;0;3156;0;0;95;0;160;0;
14124;4615426;1055563776;15204352;1143095296;0;0;0;0;0;0;0;0;0;0;0;2886;0;0;95;0;160;0;
14125;8820301;1055563776;15204352;1143095296;0;0;0;0;0;0;0;0;0;0;0;2705;0;0;95;0;160;0;
14126;6200338;1055563776;15204352;1143095296;0;0;0;0;0;0;0;0;0;0;0;3727;0;0;95;0;160;0;
14127;8390366;1055563776;15204352;1143095296;0;0;0;0;0;0;0;0;0;0;0;3136;0;0;95;0;160;0;
14128;6466588;1055563776;15204352;1143095296;0;0;0;0;0;0;0;0;0;0;0;4087;0;0;95;0;160;0;
14129;6798640;1055563776;15204352;1143095296;0;0;0;0;0;0;0;0;0;0;0;2655;0;0;95;0;160;0;
14130;5355304;1055563776;15204352;1143095296;0;0;0;0;0;0;0;0;0;0;0;3316;0;0;95;0;160;0;
14131;9948047;1055563776;15204352;1143095296;0;0;0;0;0;0;0;0;0;0;0;2084;0;0;95;0;160;0;
14132;3584933;1055563776;15204352;1143095296;0;0;0;0;0;0;0;0;0;0;0;3176;0;0;95;0;160;0;
14133;9139850;1059004416;21790720;1149681664;0;0;0;0;0;0;0;0;0;0;0;4368;0;0;95;0;160;0;
14134;4740931;1061101568;21790720;1149681664;0;0;0;0;0;0;0;0;0;0;0;3196;0;0;95;0;160;0;
14135;8464714;1061101568;21790720;1149681664;0;0;0;0;0;0;0;0;0;0;0;3256;0;0;95;0;160;0;
14136;5421658;1061101568;21790720;1149681664;0;0;0;0;0;0;0;0;0;0;0;3226;0;0;95;0;160;0;
14137;8317389;1061101568;21790720;1149681664;0;0;0;0;0;0;0;0;0;0;0;2896;0;0;95;0;160;0;
14138;5595073;1061101568;21790720;1149681664;0;0;0;0;0;0;0;0;0;0;0;3136;0;0;95;0;160;0;
14139;8805564;1061101568;21790720;1149681664;0;0;0;0;0;0;0;0;0;0;0;2785;0;0;95;0;160;0;
14140;5765573;1061101568;21790720;1149681664;0;0;0;0;0;0;0;0;0;0;0;3426;0;0;95;0;160;0;
14141;8258888;1061101568;21790720;1149681664;0;0;0;0;0;0;0;0;0;0;0;3236;0;0;95;0;160;0;
14142;5461963;1055576064;15204352;1143095296;0;0;0;0;0;0;0;0;0;0;0;2505;0;0;95;0;160;0;
14143;8974350;1055576064;15204352;1143095296;0;0;0;0;0;0;0;0;0;0;0;2445;0;0;95;0;160;0;
14144;4174138;1055576064;15204352;1143095296;0;0;0;0;0;0;0;0;0;0;0;2655;0;0;95;0;160;0;
14145;7889286;1055576064;15204352;1143095296;0;0;0;0;0;0;0;0;0;0;0;2215;0;0;95;0;160;0;
14146;4687160;1055576064;15204352;1143095296;0;0;0;0;0;0;0;0;0;0;0;2635;0;0;95;0;160;0;
14147;6848203;1055576064;15204352;1143095296;0;0;0;0;0;0;0;0;0;0;0;108654;0;0;95;0;160;0;
14148;4964270;1055576064;15204352;1143095296;0;0;0;0;0;0;0;0;0;0;0;2976;0;0;95;0;160;0;
14149;9560951;1055576064;15204352;1143095296;0;0;0;0;0;0;0;0;0;0;0;3467;0;0;95;0;160;0;
14150;5176698;1055576064;15204352;1143095296;0;0;0;0;0;0;0;0;0;0;0;2895;0;0;95;0;160;0;
14151;8506533;1055576064;15204352;1143095296;0;0;0;0;0;0;0;0;0;0;0;5360;0;0;95;0;160;0;
14152;4962817;1055576064;15204352;1143095296;0;0;0;0;0;0;0;0;0;0;0;3636;0;0;95;0;160;0;
14153;6656824;1055576064;15204352;1143095296;0;0;0;0;0;0;0;0;0;0;0;2826;0;0;95;0;160;0;
14154;7617546;1055576064;15204352;1143095296;0;0;0;0;0;0;0;0;0;0;0;3085;0;0;95;0;160;0;
14155;11199814;1055576064;15204352;1143095296;0;0;0;0;0;0;0;0;0;0;0;3467;0;0;95;0;160;0;
14156;6028215;1055576064;15204352;1143095296;0;0;0;0;0;0;0;0;0;0;0;3116;0;0;95;0;160;0;
14157;9516256;1059016704;21790720;1149681664;0;0;0;0;0;0;0;0;0;0;0;3386;0;0;95;0;160;0;
14158;5012340;1061113856;21790720;1149681664;0;0;0;0;0;0;0;0;0;0;0;3446;0;0;95;0;160;0;
14159;8540546;1061113856;21790720;1149681664;0;0;0;0;0;0;0;0;0;0;0;3316;0;0;95;0;160;0;
14160;5285603;1061113856;21790720;1149681664;0;0;0;0;0;0;0;0;0;0;0;3326;0;0;95;0;160;0;
14161;8717849;1061113856;21790720;1149681664;0;0;0;0;0;0;0;0;0;0;0;4508;0;0;95;0;160;0;
14162;5149256;1061113856;21790720;1149681664;0;0;0;0;0;0;0;0;0;0;0;2926;0;0;95;0;160;0;
14163;6763313;1061113856;21790720;1149681664;0;0;0;0;0;0;0;0;0;0;0;2795;0;0;95;0;160;0;
14164;7604081;1061113856;21790720;1149681664;0;0;0;0;0;0;0;0;0;0;0;3216;0;0;95;0;160;0;
14165;7233215;1061113856;21790720;1149681664;0;0;0;0;0;0;0;0;0;0;0;3617;0;0;95;0;160;0;
14166;6463862;1055588352;15204352;1143095296;0;0;0;0;0;0;0;0;0;0;0;3206;0;0;95;0;160;0;
14167;8987145;1055588352;15204352;1143095296;0;0;0;0;0;0;0;0;0;0;0;29385;0;0;95;0;160;0;
14168;4835959;1055588352;15204352;1143095296;0;0;0;0;0;0;0;0;0;0;0;4348;0;0;95;0;160;0;
14169;7327612;1055588352;15204352;1143095296;0;0;0;0;0;0;0;0;0;0;0;3818;0;0;95;0;160;0;
14170;5377825;1055588352;15204352;1143095296;0;0;0;0;0;0;0;0;0;0;0;3075;0;0;95;0;160;0;
14171;9540242;1055588352;15204352;1143095296;0;0;0;0;0;0;0;0;0;0;0;3557;0;0;95;0;160;0;
14172;5075718;1055588352;15204352;1143095296;0;0;0;0;0;0;0;0;0;0;0;4609;0;0;95;0;160;0;
14173;9740898;1055588352;15204352;1143095296;0;0;0;0;0;0;0;0;0;0;0;3647;0;0;95;0;160;0;
14174;7544208;1055588352;15204352;1143095296;0;0;0;0;0;0;0;0;0;0;0;4138;0;0;95;0;160;0;
14175;7135571;1055588352;15204352;1143095296;0;0;0;0;0;0;0;0;0;0;0;3446;0;0;95;0;160;0;
14176;6653588;1055588352;15204352;1143095296;0;0;0;0;0;0;0;0;0;0;0;3827;0;0;95;0;160;0;
14177;9146283;1055588352;15204352;1143095296;0;0;0;0;0;0;0;0;0;0;0;3577;0;0;95;0;160;0;
14178;7688398;1055588352;15204352;1143095296;0;0;0;0;0;0;0;0;0;0;0;2926;0;0;95;0;160;0;
14179;8919748;1059028992;21790720;1149681664;0;0;0;0;0;0;0;0;0;0;0;3256;0;0;95;0;160;0;
14180;6033766;1061126144;21790720;1149681664;0;0;0;0;0;0;0;0;0;0;0;3657;0;0;95;0;160;0;
14181;6649721;1061126144;21790720;1149681664;0;0;0;0;0;0;0;0;0;0;0;3707;0;0;95;0;160;0;
14182;4682752;1061126144;21790720;1149681664;0;0;0;0;0;0;0;0;0;0;0;2555;0;0;95;0;160;0;
14183;7609050;1061126144;21790720;1149681664;0;0;0;0;0;0;0;0;0;0;0;3516;0;0;95;0;160;0;
14184;4176052;1061126144;21790720;1149681664;0;0;0;0;0;0;0;0;0;0;0;3106;0;0;95;0;160;0;
14185;7968514;1061126144;21790720;1149681664;0;0;0;0;0;0;0;0;0;0;0;3226;0;0;95;0;160;0;
14186;4882987;1061126144;21790720;1149681664;0;0;0;0;0;0;0;0;0;0;0;2986;0;0;95;0;160;0;
14187;7135492;1061126144;21790720;1149681664;0;0;0;0;0;0;0;0;0;0;0;3497;0;0;95;0;160;0;
14188;5819935;1055600640;15204352;1143095296;0;0;0;0;0;0;0;0;0;0;0;4478;0;0;95;0;160;0;
14189;7273521;1055600640;15204352;1143095296;0;0;0;0;0;0;0;0;0;0;0;2214;0;0;95;0;160;0;
14190;8217591;1055600640;15204352;1143095296;0;0;0;0;0;0;0;0;0;0;0;2965;0;0;95;0;160;0;
14191;5991095;1055600640;15204352;1143095296;0;0;0;0;0;0;0;0;0;0;0;1813;0;0;95;0;160;0;
14192;5836265;1055600640;15204352;1143095296;0;0;0;0;0;0;0;0;0;0;0;2856;0;0;95;0;160;0;
14193;6700817;1055600640;15204352;1143095296;0;0;0;0;0;0;0;0;0;0;0;2575;0;0;95;0;160;0;
14194;5187288;1055600640;15204352;1143095296;0;0;0;0;0;0;0;0;0;0;0;2866;0;0;95;0;160;0;
14195;6109678;1055600640;15204352;1143095296;0;0;0;0;0;0;0;0;0;0;0;2635;0;0;95;0;160;0;
14196;6519827;1055600640;15204352;1143095296;0;0;0;0;0;0;0;0;0;0;0;3477;0;0;95;0;160;0;
14197;6812195;1055600640;15204352;1143095296;0;0;0;0;0;0;0;0;0;0;0;2114;0;0;95;0;160;0;
14198;6829238;1055600640;15204352;1143095296;0;0;0;0;0;0;0;0;0;0;0;3256;0;0;95;0;160;0;
14199;5333432;1055600640;15204352;1143095296;0;0;0;0;0;0;0;0;0;0;0;2295;0;0;95;0;160;0;
14200;5989573;1055600640;15204352;1143095296;0;0;0;0;0;0;0;0;0;0;0;2976;0;0;95;0;160;0;
14201;6654069;1055600640;15204352;1143095296;0;0;0;0;0;0;0;0;0;0;0;2355;0;0;95;0;160;0;
14202;5814024;1055600640;15204352;1143095296;0;0;0;0;0;0;0;0;0;0;0;2905;0;0;95;0;160;0;
14203;8816304;1059041280;21790720;1149681664;0;0;0;0;0;0;0;0;0;0;0;3477;0;0;95;0;160;0;
14204;6328699;1061138432;21790720;1149681664;0;0;0;0;0;0;0;0;0;0;0;3807;0;0;95;0;160;0;
14205;7813103;1061138432;21790720;1149681664;0;0;0;0;0;0;0;0;0;0;0;2806;0;0;95;0;160;0;
14206;7871161;1061138432;21790720;1149681664;0;0;0;0;0;0;0;0;0;0;0;3296;0;0;95;0;160;0;
14207;6625034;1061138432;21790720;1149681664;0;0;0;0;0;0;0;0;0;0;0;2395;0;0;95;0;160;0;
14208;6398991;1061138432;21790720;1149681664;0;0;0;0;0;0;0;0;0;0;0;3356;0;0;95;0;160;0;
14209;5737240;1061138432;21790720;1149681664;0;0;0;0;0;0;0;0;0;0;0;2194;0;0;95;0;160;0;
14210;6367962;1061138432;21790720;1149681664;0;0;0;0;0;0;0;0;0;0;0;3767;0;0;95;0;160;0;
14211;5237713;1061138432;21790720;1149681664;0;0;0;0;0;0;0;0;0;0;0;2074;0;0;95;0;160;0;
14212;6714202;1055612928;15204352;1143095296;0;0;0;0;0;0;0;0;0;0;0;3065;0;0;95;0;160;0;
14213;7579434;1055612928;15204352;1143095296;0;0;0;0;0;0;0;0;0;0;0;2475;0;0;95;0;160;0;
14214;6123063;1055612928;15204352;1143095296;0;0;0;0;0;0;0;0;0;0;0;2645;0;0;95;0;160;0;
14215;7490578;1055612928;15204352;1143095296;0;0;0;0;0;0;0;0;0;0;0;3075;0;0;95;0;160;0;
14216;4621297;1055612928;15204352;1143095296;0;0;0;0;0;0;0;0;0;0;0;3657;0;0;95;0;160;0;
14217;7590314;1055612928;15204352;1143095296;0;0;0;0;0;0;0;0;0;0;0;3356;0;0;95;0;160;0;
14218;5574985;1055612928;15204352;1143095296;0;0;0;0;0;0;0;0;0;0;0;2866;0;0;95;0;160;0;
14219;6249601;1055612928;15204352;1143095296;0;0;0;0;0;0;0;0;0;0;0;3006;0;0;95;0;160;0;
14220;10992515;1055612928;15204352;1143095296;0;0;0;0;0;0;0;0;0;0;0;2715;0;0;95;0;160;0;
14221;5422840;1055612928;15204352;1143095296;0;0;0;0;0;0;0;0;0;0;0;1693;0;0;95;0;160;0;
14222;5252160;1055612928;15204352;1143095296;0;0;0;0;0;0;0;0;0;0;0;2926;0;0;95;0;160;0;
14223;5812962;1055612928;15204352;1143095296;0;0;0;0;0;0;0;0;0;0;0;2084;0;0;95;0;160;0;
14224;4203233;1055612928;15204352;1143095296;0;0;0;0;0;0;0;0;0;0;0;2625;0;0;95;0;160;0;
14225;7904213;1059053568;21790720;1149681664;0;0;0;0;0;0;0;0;0;0;0;3156;0;0;95;0;160;0;
14226;3660305;1061150720;21790720;1149681664;0;0;0;0;0;0;0;0;0;0;0;2986;0;0;95;0;160;0;
14227;7072043;1061150720;21790720;1149681664;0;0;0;0;0;0;0;0;0;0;0;2946;0;0;95;0;160;0;
14228;4087416;1061150720;21790720;1149681664;0;0;0;0;0;0;0;0;0;0;0;3036;0;0;95;0;160;0;
14229;7163975;1061150720;21790720;1149681664;0;0;0;0;0;0;0;0;0;0;0;3075;0;0;95;0;160;0;
14230;3766494;1061150720;21790720;1149681664;0;0;0;0;0;0;0;0;0;0;0;3336;0;0;95;0;160;0;
14231;6948751;1061150720;21790720;1149681664;0;0;0;0;0;0;0;0;0;0;0;2124;0;0;95;0;160;0;
14232;5468105;1061150720;21790720;1149681664;0;0;0;0;0;0;0;0;0;0;0;3296;0;0;95;0;160;0;
14233;6416072;1061150720;21790720;1149681664;0;0;0;0;0;0;0;0;0;0;0;2825;0;0;95;0;160;0;
14234;4308330;1055625216;15204352;1143095296;0;0;0;0;0;0;0;0;0;0;0;3026;0;0;95;0;160;0;
14235;6191672;1055625216;15204352;1143095296;0;0;0;0;0;0;0;0;0;0;0;2565;0;0;95;0;160;0;
14236;4905170;1055625216;15204352;1143095296;0;0;0;0;0;0;0;0;0;0;0;3657;0;0;95;0;160;0;
14237;6910160;1055625216;15204352;1143095296;0;0;0;0;0;0;0;0;0;0;0;2574;0;0;95;0;160;0;
14238;4628099;1055625216;15204352;1143095296;0;0;0;0;0;0;0;0;0;0;0;2766;0;0;95;0;160;0;
14239;6610778;1055625216;15204352;1143095296;0;0;0;0;0;0;0;0;0;0;0;2515;0;0;95;0;160;0;
14240;4944152;1055625216;15204352;1143095296;0;0;0;0;0;0;0;0;0;0;0;2905;0;0;95;0;160;0;
14241;6189548;1055625216;15204352;1143095296;0;0;0;0;0;0;0;0;0;0;0;2725;0;0;95;0;160;0;
14242;4161445;1055625216;15204352;1143095296;0;0;0;0;0;0;0;0;0;0;0;3106;0;0;95;0;160;0;
14243;6008428;1055625216;15204352;1143095296;0;0;0;0;0;0;0;0;0;0;0;2364;0;0;95;0;160;0;
14244;6148511;1055625216;15204352;1143095296;0;0;0;0;0;0;0;0;0;0;0;3085;0;0;95;0;160;0;
14245;5962822;1055625216;15204352;1143095296;0;0;0;0;0;0;0;0;0;0;0;2264;0;0;95;0;160;0;
14246;5305751;1055625216;15204352;1143095296;0;0;0;0;0;0;0;0;0;0;0;3086;0;0;95;0;160;0;
14247;6301047;1055625216;15204352;1143095296;0;0;0;0;0;0;0;0;0;0;0;1894;0;0;95;0;160;0;
14248;5242853;1055625216;15204352;1143095296;0;0;0;0;0;0;0;0;0;0;0;2595;0;0;95;0;160;0;
14249;7035173;1055625216;15204352;1143095296;0;0;0;0;0;0;0;0;0;0;0;1893;0;0;95;0;160;0;
14250;5157492;1055625216;15204352;1143095296;0;0;0;0;0;0;0;0;0;0;0;2765;0;0;95;0;160;0;
14251;6902084;1059065856;21790720;1149681664;0;0;0;0;0;0;0;0;0;0;0;2004;0;0;95;0;160;0;
14252;6180922;1061163008;21790720;1149681664;0;0;0;0;0;0;0;0;0;0;0;3567;0;0;95;0;160;0;
14253;9553917;1061163008;21790720;1149681664;0;0;0;0;0;0;0;0;0;0;0;2665;0;0;95;0;160;0;
14254;6200819;1061163008;21790720;1149681664;0;0;0;0;0;0;0;0;0;0;0;3135;0;0;95;0;160;0;
14255;7786823;1061163008;21790720;1149681664;0;0;0;0;0;0;0;0;0;0;0;3657;0;0;95;0;160;0;
14256;6903236;1061163008;21790720;1149681664;0;0;0;0;0;0;0;0;0;0;0;3056;0;0;95;0;160;0;
14257;7803936;1061163008;21790720;1149681664;0;0;0;0;0;0;0;0;0;0;0;3517;0;0;95;0;160;0;
14258;6855246;1061163008;21790720;1149681664;0;0;0;0;0;0;0;0;0;0;0;3467;0;0;95;0;160;0;
14259;8583587;1061163008;21790720;1149681664;0;0;0;0;0;0;0;0;0;0;0;3787;0;0;95;0;160;0;
14260;4300565;1055637504;15204352;1143095296;0;0;0;0;0;0;0;0;0;0;0;2875;0;0;95;0;160;0;
14261;8575463;1055637504;15204352;1143095296;0;0;0;0;0;0;0;0;0;0;0;3627;0;0;95;0;160;0;
14262;5914722;1055637504;15204352;1143095296;0;0;0;0;0;0;0;0;0;0;0;3426;0;0;95;0;160;0;
14263;6244491;1055637504;15204352;1143095296;0;0;0;0;0;0;0;0;0;0;0;3527;0;0;95;0;160;0;
14264;8543913;1055637504;15204352;1143095296;0;0;0;0;0;0;0;0;0;0;0;3787;0;0;95;0;160;0;
14265;8241255;1055637504;15204352;1143095296;0;0;0;0;0;0;0;0;0;0;0;3175;0;0;95;0;160;0;
14266;5064047;1055637504;15204352;1143095296;0;0;0;0;0;0;0;0;0;0;0;3176;0;0;95;0;160;0;
14267;5786211;1055637504;15204352;1143095296;0;0;0;0;0;0;0;0;0;0;0;1803;0;0;95;0;160;0;
14268;5380009;1055637504;15204352;1143095296;0;0;0;0;0;0;0;0;0;0;0;3096;0;0;95;0;160;0;
14269;7456193;1055637504;15204352;1143095296;0;0;0;0;0;0;0;0;0;0;0;3717;0;0;95;0;160;0;
14270;4081445;1055637504;15204352;1143095296;0;0;0;0;0;0;0;0;0;0;0;2935;0;0;95;0;160;0;
14271;7739554;1055637504;15204352;1143095296;0;0;0;0;0;0;0;0;0;0;0;3036;0;0;95;0;160;0;
14272;4022163;1055637504;15204352;1143095296;0;0;0;0;0;0;0;0;0;0;0;2665;0;0;95;0;160;0;
14273;10017557;1059078144;21790720;1149681664;0;0;0;0;0;0;0;0;0;0;0;3667;0;0;95;0;160;0;
14274;8951507;1061175296;21790720;1149681664;0;0;0;0;0;0;0;0;0;0;0;3787;0;0;95;0;160;0;
14275;6262144;1061175296;21790720;1149681664;0;0;0;0;0;0;0;0;0;0;0;3126;0;0;95;0;160;0;
14276;7182369;1061175296;21790720;1149681664;0;0;0;0;0;0;0;0;0;0;0;3326;0;0;95;0;160;0;
14277;7449601;1061175296;21790720;1149681664;0;0;0;0;0;0;0;0;0;0;0;2254;0;0;95;0;160;0;
14278;6587524;1061175296;21790720;1149681664;0;0;0;0;0;0;0;0;0;0;0;3838;0;0;95;0;160;0;
14279;8711437;1061175296;21790720;1149681664;0;0;0;0;0;0;0;0;0;0;0;59812;0;0;95;0;160;0;
14280;5354792;1061175296;21790720;1149681664;0;0;0;0;0;0;0;0;0;0;0;2615;0;0;95;0;160;0;
14281;5395638;1061175296;21790720;1149681664;0;0;0;0;0;0;0;0;0;0;0;1954;0;0;95;0;160;0;
14282;6096674;1055649792;15204352;1143095296;0;0;0;0;0;0;0;0;0;0;0;2866;0;0;95;0;160;0;
14283;7521967;1055649792;15204352;1143095296;0;0;0;0;0;0;0;0;0;0;0;2916;0;0;95;0;160;0;
14284;5875769;1055649792;15204352;1143095296;0;0;0;0;0;0;0;0;0;0;0;2615;0;0;95;0;160;0;
14285;6628781;1055649792;15204352;1143095296;0;0;0;0;0;0;0;0;0;0;0;2124;0;0;95;0;160;0;
14286;5468646;1055649792;15204352;1143095296;0;0;0;0;0;0;0;0;0;0;0;3216;0;0;95;0;160;0;
14287;6817786;1055649792;15204352;1143095296;0;0;0;0;0;0;0;0;0;0;0;2866;0;0;95;0;160;0;
14288;4282772;1055649792;15204352;1143095296;0;0;0;0;0;0;0;0;0;0;0;3006;0;0;95;0;160;0;
14289;5167070;1055649792;15204352;1143095296;0;0;0;0;0;0;0;0;0;0;0;1944;0;0;95;0;160;0;
14290;5389327;1055649792;15204352;1143095296;0;0;0;0;0;0;0;0;0;0;0;3076;0;0;95;0;160;0;
14291;6195609;1055649792;15204352;1143095296;0;0;0;0;0;0;0;0;0;0;0;2254;0;0;95;0;160;0;
14292;6529285;1055649792;15204352;1143095296;0;0;0;0;0;0;0;0;0;0;0;2815;0;0;95;0;160;0;
14293;7590354;1055649792;15204352;1143095296;0;0;0;0;0;0;0;0;0;0;0;2695;0;0;95;0;160;0;
14294;6527191;1055649792;15204352;1143095296;0;0;0;0;0;0;0;0;0;0;0;2755;0;0;95;0;160;0;
14295;7317883;1059090432;21790720;1149681664;0;0;0;0;0;0;0;0;0;0;0;3025;0;0;95;0;160;0;
14296;5858527;1061187584;21790720;1149681664;0;0;0;0;0;0;0;0;0;0;0;3447;0;0;95;0;160;0;
14297;7303186;1061187584;21790720;1149681664;0;0;0;0;0;0;0;0;0;0;0;3025;0;0;95;0;160;0;
14298;6174559;1061187584;21790720;1149681664;0;0;0;0;0;0;0;0;0;0;0;2926;0;0;95;0;160;0;
14299;8060787;1061187584;21790720;1149681664;0;0;0;0;0;0;0;0;0;0;0;3777;0;0;95;0;160;0;
14300;5241389;1061187584;21790720;1149681664;0;0;0;0;0;0;0;0;0;0;0;3888;0;0;95;0;160;0;
14301;8708301;1061187584;21790720;1149681664;0;0;0;0;0;0;0;0;0;0;0;3486;0;0;95;0;160;0;
14302;6673585;1061187584;21790720;1149681664;0;0;0;0;0;0;0;0;0;0;0;3317;0;0;95;0;160;0;
14303;7401180;1061187584;21790720;1149681664;0;0;0;0;0;0;0;0;0;0;0;3257;0;0;95;0;160;0;
14304;5395459;1055662080;15204352;1143095296;0;0;0;0;0;0;0;0;0;0;0;3517;0;0;95;0;160;0;
14305;6970532;1055662080;15204352;1143095296;0;0;0;0;0;0;0;0;0;0;0;2124;0;0;95;0;160;0;
14306;5821497;1055662080;15204352;1143095296;0;0;0;0;0;0;0;0;0;0;0;3066;0;0;95;0;160;0;
14307;7805739;1055662080;15204352;1143095296;0;0;0;0;0;0;0;0;0;0;0;3897;0;0;95;0;160;0;
14308;6623702;1055662080;15204352;1143095296;0;0;0;0;0;0;0;0;0;0;0;3427;0;0;95;0;160;0;
14309;10319263;1055662080;15204352;1143095296;0;0;0;0;0;0;0;0;0;0;0;3256;0;0;95;0;160;0;
14310;4392397;1055662080;15204352;1143095296;0;0;0;0;0;0;0;0;0;0;0;3226;0;0;95;0;160;0;
14311;6812837;1055662080;15204352;1143095296;0;0;0;0;0;0;0;0;0;0;0;2615;0;0;95;0;160;0;
14312;5711711;1055662080;15204352;1143095296;0;0;0;0;0;0;0;0;0;0;0;3757;0;0;95;0;160;0;
14313;7114062;1055662080;15204352;1143095296;0;0;0;0;0;0;0;0;0;0;0;3046;0;0;95;0;160;0;
14314;4902364;1055662080;15204352;1143095296;0;0;0;0;0;0;0;0;0;0;0;2465;0;0;95;0;160;0;
14315;5536192;1055662080;15204352;1143095296;0;0;0;0;0;0;0;0;0;0;0;1863;0;0;95;0;160;0;
14316;4574098;1055662080;15204352;1143095296;0;0;0;0;0;0;0;0;0;0;0;3366;0;0;95;0;160;0;
14317;6768283;1055662080;15204352;1143095296;0;0;0;0;0;0;0;0;0;0;0;3106;0;0;95;0;160;0;
14318;5076961;1055662080;15204352;1143095296;0;0;0;0;0;0;0;0;0;0;0;3156;0;0;95;0;160;0;
14319;5351436;1059102720;21790720;1149681664;0;0;0;0;0;0;0;0;0;0;0;2284;0;0;95;0;160;0;
14320;6663036;1061199872;21790720;1149681664;0;0;0;0;0;0;0;0;0;0;0;30888;0;0;95;0;160;0;
14321;6413528;1061199872;21790720;1149681664;0;0;0;0;0;0;0;0;0;0;0;2074;0;0;95;0;160;0;
14322;3473594;1061199872;21790720;1149681664;0;0;0;0;0;0;0;0;0;0;0;2385;0;0;95;0;160;0;
14323;5668440;1061199872;21790720;1149681664;0;0;0;0;0;0;0;0;0;0;0;2464;0;0;95;0;160;0;
14324;5674723;1061199872;21790720;1149681664;0;0;0;0;0;0;0;0;0;0;0;3176;0;0;95;0;160;0;
14325;5843238;1061199872;21790720;1149681664;0;0;0;0;0;0;0;0;0;0;0;2013;0;0;95;0;160;0;
14326;4884070;1061199872;21790720;1149681664;0;0;0;0;0;0;0;0;0;0;0;3076;0;0;95;0;160;0;
14327;8169952;1061199872;21790720;1149681664;0;0;0;0;0;0;0;0;0;0;0;3396;0;0;95;0;160;0;
14328;6650332;1055674368;15204352;1143095296;0;0;0;0;0;0;0;0;0;0;0;3246;0;0;95;0;160;0;
14329;5443268;1055674368;15204352;1143095296;0;0;0;0;0;0;0;0;0;0;0;2665;0;0;95;0;160;0;
14330;4612650;1055674368;15204352;1143095296;0;0;0;0;0;0;0;0;0;0;0;3036;0;0;95;0;160;0;
14331;6578337;1055674368;15204352;1143095296;0;0;0;0;0;0;0;0;0;0;0;3487;0;0;95;0;160;0;
14332;5335326;1055674368;15204352;1143095296;0;0;0;0;0;0;0;0;0;0;0;4108;0;0;95;0;160;0;
14333;6197223;1055674368;15204352;1143095296;0;0;0;0;0;0;0;0;0;0;0;2896;0;0;95;0;160;0;
14334;4736543;1055674368;15204352;1143095296;0;0;0;0;0;0;0;0;0;0;0;3096;0;0;95;0;160;0;
14335;6415201;1055674368;15204352;1143095296;0;0;0;0;0;0;0;0;0;0;0;2354;0;0;95;0;160;0;
14336;3565276;1055674368;15204352;1143095296;0;0;0;0;0;0;0;0;0;0;0;3567;0;0;95;0;160;0;
14337;5771093;1055674368;15204352;1143095296;0;0;0;0;0;0;0;0;0;0;0;2555;0;0;95;0;160;0;
14338;5422819;1055674368;15204352;1143095296;0;0;0;0;0;0;0;0;0;0;0;3927;0;0;95;0;160;0;
14339;4608824;1055674368;15204352;1143095296;0;0;0;0;0;0;0;0;0;0;0;2054;0;0;95;0;160;0;
14340;3505223;1055674368;15204352;1143095296;0;0;0;0;0;0;0;0;0;0;0;3236;0;0;95;0;160;0;
14341;5346567;1055674368;15204352;1143095296;0;0;0;0;0;0;0;0;0;0;0;2354;0;0;95;0;160;0;
14342;5397743;1055674368;15204352;1143095296;0;0;0;0;0;0;0;0;0;0;0;4388;0;0;95;0;160;0;
14343;5609459;1059115008;21794816;1149685760;0;0;0;0;0;0;0;0;0;0;0;3747;0;0;95;0;160;0;
14344;7138328;1061212160;21798912;1149689856;0;0;0;0;0;0;0;0;0;0;0;2875;0;0;95;0;160;0;
14345;5833981;1061212160;21798912;1149689856;0;0;0;0;0;0;0;0;0;0;0;1894;0;0;95;0;160;0;
14346;4568788;1061212160;21798912;1149689856;0;0;0;0;0;0;0;0;0;0;0;3406;0;0;95;0;160;0;
14347;7628947;1061212160;21798912;1149689856;0;0;0;0;0;0;0;0;0;0;0;2805;0;0;95;0;160;0;
14348;5021598;1061212160;21798912;1149689856;0;0;0;0;0;0;0;0;0;0;0;4228;0;0;95;0;160;0;
14349;6996171;1061212160;21798912;1149689856;0;0;0;0;0;0;0;0;0;0;0;2565;0;0;95;0;160;0;
14350;4001334;1061257216;21790720;1149681664;0;0;0;0;0;0;0;0;0;0;0;2805;0;0;95;0;160;0;
14351;5908150;1061257216;21790720;1149681664;0;0;0;0;0;0;0;0;0;0;0;2935;0;0;95;0;160;0;
14352;5363098;1055686656;15204352;1143095296;0;0;0;0;0;0;0;0;0;0;0;2745;0;0;95;0;160;0;
14353;6061067;1055686656;15204352;1143095296;0;0;0;0;0;0;0;0;0;0;0;2525;0;0;95;0;160;0;
14354;4526529;1055686656;15204352;1143095296;0;0;0;0;0;0;0;0;0;0;0;3546;0;0;95;0;160;0;
14355;8033185;1055686656;15204352;1143095296;0;0;0;0;0;0;0;0;0;0;0;2124;0;0;95;0;160;0;
14356;5453597;1055686656;15204352;1143095296;0;0;0;0;0;0;0;0;0;0;0;2524;0;0;95;0;160;0;
14357;5385991;1055686656;15204352;1143095296;0;0;0;0;0;0;0;0;0;0;0;2254;0;0;95;0;160;0;
14358;6175982;1055686656;15204352;1143095296;0;0;0;0;0;0;0;0;0;0;0;3787;0;0;95;0;160;0;
14359;7067123;1055686656;15204352;1143095296;0;0;0;0;0;0;0;0;0;0;0;3446;0;0;95;0;160;0;
14360;5624298;1055686656;15204352;1143095296;0;0;0;0;0;0;0;0;0;0;0;3837;0;0;95;0;160;0;
14361;5897651;1055686656;15204352;1143095296;0;0;0;0;0;0;0;0;0;0;0;2795;0;0;95;0;160;0;
14362;5462104;1055686656;15204352;1143095296;0;0;0;0;0;0;0;0;0;0;0;3487;0;0;95;0;160;0;
14363;7442828;1055686656;15204352;1143095296;0;0;0;0;0;0;0;0;0;0;0;2966;0;0;95;0;160;0;
14364;5068566;1055686656;15204352;1143095296;0;0;0;0;0;0;0;0;0;0;0;4078;0;0;95;0;160;0;
14365;8223642;1059127296;21790720;1149681664;0;0;0;0;0;0;0;0;0;0;0;3095;0;0;95;0;160;0;
14366;8249972;1061224448;21790720;1149681664;0;0;0;0;0;0;0;0;0;0;0;3046;0;0;95;0;160;0;
14367;6580531;1061224448;21790720;1149681664;0;0;0;0;0;0;0;0;0;0;0;3196;0;0;95;0;160;0;
14368;7498582;1061224448;21790720;1149681664;0;0;0;0;0;0;0;0;0;0;0;2715;0;0;95;0;160;0;
14369;7528659;1061224448;21790720;1149681664;0;0;0;0;0;0;0;0;0;0;0;2856;0;0;95;0;160;0;
14370;4604676;1061224448;21790720;1149681664;0;0;0;0;0;0;0;0;0;0;0;3186;0;0;95;0;160;0;
14371;5012480;1061224448;21790720;1149681664;0;0;0;0;0;0;0;0;0;0;0;2084;0;0;95;0;160;0;
14372;5271997;1061224448;21790720;1149681664;0;0;0;0;0;0;0;0;0;0;0;3086;0;0;95;0;160;0;
14373;7485308;1061224448;21790720;1149681664;0;0;0;0;0;0;0;0;0;0;0;2926;0;0;95;0;160;0;
14374;5829923;1055698944;15204352;1143095296;0;0;0;0;0;0;0;0;0;0;0;2996;0;0;95;0;160;0;
14375;7324206;1055698944;15204352;1143095296;0;0;0;0;0;0;0;0;0;0;0;2124;0;0;95;0;160;0;
14376;6082066;1055698944;15204352;1143095296;0;0;0;0;0;0;0;0;0;0;0;3095;0;0;95;0;160;0;
14377;7753881;1055698944;15204352;1143095296;0;0;0;0;0;0;0;0;0;0;0;3256;0;0;95;0;160;0;
14378;5077252;1055698944;15204352;1143095296;0;0;0;0;0;0;0;0;0;0;0;3226;0;0;95;0;160;0;
14379;5580726;1055698944;15204352;1143095296;0;0;0;0;0;0;0;0;0;0;0;2685;0;0;95;0;160;0;
14380;6270891;1055698944;15204352;1143095296;0;0;0;0;0;0;0;0;0;0;0;3567;0;0;95;0;160;0;
14381;12560836;1055698944;15204352;1143095296;0;0;0;0;0;0;0;0;0;0;0;3226;0;0;95;0;160;0;
14382;5707884;1055698944;15204352;1143095296;0;0;0;0;0;0;0;0;0;0;0;3247;0;0;95;0;160;0;
14383;5886810;1055698944;15204352;1143095296;0;0;0;0;0;0;0;0;0;0;0;2174;0;0;95;0;160;0;
14384;6102725;1055698944;15204352;1143095296;0;0;0;0;0;0;0;0;0;0;0;3367;0;0;95;0;160;0;
14385;6331955;1055698944;15204352;1143095296;0;0;0;0;0;0;0;0;0;0;0;3045;0;0;95;0;160;0;
14386;6820832;1055698944;15204352;1143095296;0;0;0;0;0;0;0;0;0;0;0;3357;0;0;95;0;160;0;
14387;5343220;1055698944;15204352;1143095296;0;0;0;0;0;0;0;0;0;0;0;2104;0;0;95;0;160;0;
14388;6646134;1055698944;15204352;1143095296;0;0;0;0;0;0;0;0;0;0;0;3156;0;0;95;0;160;0;
14389;7069759;1059139584;21790720;1149681664;0;0;0;0;0;0;0;0;0;0;0;3015;0;0;95;0;160;0;
14390;4137469;1061236736;21790720;1149681664;0;0;0;0;0;0;0;0;0;0;0;2925;0;0;95;0;160;0;
14391;5541683;1061236736;21790720;1149681664;0;0;0;0;0;0;0;0;0;0;0;2064;0;0;95;0;160;0;
14392;6146978;1061236736;21790720;1149681664;0;0;0;0;0;0;0;0;0;0;0;4038;0;0;95;0;160;0;
14393;8050597;1061236736;21790720;1149681664;0;0;0;0;0;0;0;0;0;0;0;3366;0;0;95;0;160;0;
14394;5655206;1061236736;21790720;1149681664;0;0;0;0;0;0;0;0;0;0;0;3236;0;0;95;0;160;0;
14395;7016508;1061236736;21790720;1149681664;0;0;0;0;0;0;0;0;0;0;0;2886;0;0;95;0;160;0;
14396;7611985;1061236736;21790720;1149681664;0;0;0;0;0;0;0;0;0;0;0;4077;0;0;95;0;160;0;
14397;7675304;1061236736;21790720;1149681664;0;0;0;0;0;0;0;0;0;0;0;3737;0;0;95;0;160;0;
14398;4842932;1055711232;15204352;1143095296;0;0;0;0;0;0;0;0;0;0;0;3376;0;0;95;0;160;0;
14399;7990665;1055711232;15204352;1143095296;0;0;0;0;0;0;0;0;0;0;0;2795;0;0;95;0;160;0;
14400;6286439;1055711232;15204352;1143095296;0;0;0;0;0;0;0;0;0;0;0;2946;0;0;95;0;160;0;
14401;8563159;1055711232;15204352;1143095296;0;0;0;0;0;0;0;0;0;0;0;3025;0;0;95;0;160;0;
14402;5550469;1055711232;15204352;1143095296;0;0;0;0;0;0;0;0;0;0;0;4568;0;0;95;0;160;0;
14403;9316592;1055711232;15204352;1143095296;0;0;0;0;0;0;0;0;0;0;0;2865;0;0;95;0;160;0;
14404;6082527;1055711232;15204352;1143095296;0;0;0;0;0;0;0;0;0;0;0;2826;0;0;95;0;160;0;
14405;6440448;1055711232;15204352;1143095296;0;0;0;0;0;0;0;0;0;0;0;2375;0;0;95;0;160;0;
14406;6011634;1055711232;15204352;1143095296;0;0;0;0;0;0;0;0;0;0;0;2745;0;0;95;0;160;0;
14407;6010172;1055711232;15204352;1143095296;0;0;0;0;0;0;0;0;0;0;0;2234;0;0;95;0;160;0;
14408;7638325;1055711232;15204352;1143095296;0;0;0;0;0;0;0;0;0;0;0;3046;0;0;95;0;160;0;
14409;6454715;1055711232;15204352;1143095296;0;0;0;0;0;0;0;0;0;0;0;2274;0;0;95;0;160;0;
14410;5258091;1055711232;15204352;1143095296;0;0;0;0;0;0;0;0;0;0;0;2685;0;0;95;0;160;0;
14411;4704673;1055711232;15204352;1143095296;0;0;0;0;0;0;0;0;0;0;0;2033;0;0;95;0;160;0;
14412;5385720;1055711232;15204352;1143095296;0;0;0;0;0;0;0;0;0;0;0;2966;0;0;95;0;160;0;
14413;6181683;1059151872;21790720;1149681664;0;0;0;0;0;0;0;0;0;0;0;2845;0;0;95;0;160;0;
14414;6054655;1061249024;21790720;1149681664;0;0;0;0;0;0;0;0;0;0;0;2856;0;0;95;0;160;0;
14415;6721425;1061249024;21790720;1149681664;0;0;0;0;0;0;0;0;0;0;0;2725;0;0;95;0;160;0;
14416;6249981;1061249024;21790720;1149681664;0;0;0;0;0;0;0;0;0;0;0;4147;0;0;95;0;160;0;
14417;6981894;1061249024;21790720;1149681664;0;0;0;0;0;0;0;0;0;0;0;2314;0;0;95;0;160;0;
14418;6441871;1061249024;21790720;1149681664;0;0;0;0;0;0;0;0;0;0;0;2515;0;0;95;0;160;0;
14419;5354532;1061249024;21790720;1149681664;0;0;0;0;0;0;0;0;0;0;0;1984;0;0;95;0;160;0;
14420;5304188;1061249024;21790720;1149681664;0;0;0;0;0;0;0;0;0;0;0;2815;0;0;95;0;160;0;
14421;5002812;1061249024;21790720;1149681664;0;0;0;0;0;0;0;0;0;0;0;2144;0;0;95;0;160;0;
14422;5551030;1055723520;15204352;1143095296;0;0;0;0;0;0;0;0;0;0;0;3356;0;0;95;0;160;0;
14423;6203474;1055723520;15204352;1143095296;0;0;0;0;0;0;0;0;0;0;0;2485;0;0;95;0;160;0;
14424;6776930;1055723520;15204352;1143095296;0;0;0;0;0;0;0;0;0;0;0;3046;0;0;95;0;160;0;
14425;4521359;1055723520;15204352;1143095296;0;0;0;0;0;0;0;0;0;0;0;1964;0;0;95;0;160;0;
14426;6052521;1055723520;15204352;1143095296;0;0;0;0;0;0;0;0;0;0;0;3136;0;0;95;0;160;0;
14427;5747038;1055723520;15204352;1143095296;0;0;0;0;0;0;0;0;0;0;0;2224;0;0;95;0;160;0;
14428;4000072;1055723520;15204352;1143095296;0;0;0;0;0;0;0;0;0;0;0;2535;0;0;95;0;160;0;
14429;5938056;1055723520;15204352;1143095296;0;0;0;0;0;0;0;0;0;0;0;2585;0;0;95;0;160;0;
14430;5057956;1055723520;15204352;1143095296;0;0;0;0;0;0;0;0;0;0;0;2895;0;0;95;0;160;0;
14431;5166179;1055723520;15204352;1143095296;0;0;0;0;0;0;0;0;0;0;0;2444;0;0;95;0;160;0;
14432;6141167;1055723520;15204352;1143095296;0;0;0;0;0;0;0;0;0;0;0;2736;0;0;95;0;160;0;
14433;6360138;1055723520;15204352;1143095296;0;0;0;0;0;0;0;0;0;0;0;1913;0;0;95;0;160;0;
14434;4639921;1055723520;15204352;1143095296;0;0;0;0;0;0;0;0;0;0;0;2425;0;0;95;0;160;0;
14435;7884977;1059164160;21790720;1149681664;0;0;0;0;0;0;0;0;0;0;0;2425;0;0;95;0;160;0;
14436;4582955;1061261312;21790720;1149681664;0;0;0;0;0;0;0;0;0;0;0;3026;0;0;95;0;160;0;
14437;6924887;1061261312;21790720;1149681664;0;0;0;0;0;0;0;0;0;0;0;2174;0;0;95;0;160;0;
14438;5174003;1061261312;21790720;1149681664;0;0;0;0;0;0;0;0;0;0;0;2966;0;0;95;0;160;0;
14439;6459293;1061261312;21790720;1149681664;0;0;0;0;0;0;0;0;0;0;0;2785;0;0;95;0;160;0;
14440;4522963;1061261312;21790720;1149681664;0;0;0;0;0;0;0;0;0;0;0;3337;0;0;95;0;160;0;
14441;6753696;1061261312;21790720;1149681664;0;0;0;0;0;0;0;0;0;0;0;2865;0;0;95;0;160;0;
14442;5395839;1061261312;21790720;1149681664;0;0;0;0;0;0;0;0;0;0;0;172383;0;0;95;0;160;0;
14443;6684496;1061261312;21790720;1149681664;0;0;0;0;0;0;0;0;0;0;0;2194;0;0;95;0;160;0;
14444;4971683;1055735808;15204352;1143095296;0;0;0;0;0;0;0;0;0;0;0;3256;0;0;95;0;160;0;
14445;5599872;1055735808;15204352;1143095296;0;0;0;0;0;0;0;0;0;0;0;2124;0;0;95;0;160;0;
14446;6657987;1055735808;15204352;1143095296;0;0;0;0;0;0;0;0;0;0;0;3226;0;0;95;0;160;0;
14447;7524021;1055735808;15204352;1143095296;0;0;0;0;0;0;0;0;0;0;0;2375;0;0;95;0;160;0;
14448;5645888;1055735808;15204352;1143095296;0;0;0;0;0;0;0;0;0;0;0;78276;0;0;95;0;160;0;
14449;7480739;1055735808;15204352;1143095296;0;0;0;0;0;0;0;0;0;0;0;2224;0;0;95;0;160;0;
14450;4337224;1055735808;15204352;1143095296;0;0;0;0;0;0;0;0;0;0;0;3095;0;0;95;0;160;0;
14451;7689852;1055735808;15204352;1143095296;0;0;0;0;0;0;0;0;0;0;0;1924;0;0;95;0;160;0;
14452;6220466;1055735808;15204352;1143095296;0;0;0;0;0;0;0;0;0;0;0;2755;0;0;95;0;160;0;
14453;5958425;1055735808;15204352;1143095296;0;0;0;0;0;0;0;0;0;0;0;2474;0;0;95;0;160;0;
14454;6075414;1055735808;15204352;1143095296;0;0;0;0;0;0;0;0;0;0;0;3386;0;0;95;0;160;0;
14455;5598970;1055735808;15204352;1143095296;0;0;0;0;0;0;0;0;0;0;0;2435;0;0;95;0;160;0;
14456;7519482;1055735808;15204352;1143095296;0;0;0;0;0;0;0;0;0;0;0;2815;0;0;95;0;160;0;
14457;7318315;1055735808;15204352;1143095296;0;0;0;0;0;0;0;0;0;0;0;3547;0;0;95;0;160;0;
14458;4330642;1055735808;15204352;1143095296;0;0;0;0;0;0;0;0;0;0;0;3567;0;0;95;0;160;0;
14459;8905260;1059176448;21790720;1149681664;0;0;0;0;0;0;0;0;0;0;0;196830;0;0;95;0;160;0;
14460;5722191;1061273600;21790720;1149681664;0;0;0;0;0;0;0;0;0;0;0;30758;0;0;95;0;160;0;
14461;7281756;1061273600;21790720;1149681664;0;0;0;0;0;0;0;0;0;0;0;3497;0;0;95;0;160;0;
14462;8503668;1061273600;21790720;1149681664;0;0;0;0;0;0;0;0;0;0;0;3557;0;0;95;0;160;0;
14463;6301738;1061273600;21790720;1149681664;0;0;0;0;0;0;0;0;0;0;0;2465;0;0;95;0;160;0;
14464;6834948;1061273600;21790720;1149681664;0;0;0;0;0;0;0;0;0;0;0;2976;0;0;95;0;160;0;
14465;5474207;1061273600;21790720;1149681664;0;0;0;0;0;0;0;0;0;0;0;2255;0;0;95;0;160;0;
14466;6455085;1061273600;21790720;1149681664;0;0;0;0;0;0;0;0;0;0;0;26249;0;0;95;0;160;0;
14467;6873891;1061273600;21790720;1149681664;0;0;0;0;0;0;0;0;0;0;0;2795;0;0;95;0;160;0;
14468;7186377;1055748096;15204352;1143095296;0;0;0;0;0;0;0;0;0;0;0;2985;0;0;95;0;160;0;
14469;5942304;1055748096;15204352;1143095296;0;0;0;0;0;0;0;0;0;0;0;2304;0;0;95;0;160;0;
14470;4950224;1055748096;15204352;1143095296;0;0;0;0;0;0;0;0;0;0;0;2705;0;0;95;0;160;0;
14471;8146668;1055748096;15204352;1143095296;0;0;0;0;0;0;0;0;0;0;0;3186;0;0;95;0;160;0;
14472;6168148;1055748096;15204352;1143095296;0;0;0;0;0;0;0;0;0;0;0;3186;0;0;95;0;160;0;
14473;8091926;1055748096;15204352;1143095296;0;0;0;0;0;0;0;0;0;0;0;3106;0;0;95;0;160;0;
14474;7539229;1055748096;15204352;1143095296;0;0;0;0;0;0;0;0;0;0;0;2795;0;0;95;0;160;0;
14475;8002838;1055748096;15204352;1143095296;0;0;0;0;0;0;0;0;0;0;0;2355;0;0;95;0;160;0;
14476;3920582;1055748096;15204352;1143095296;0;0;0;0;0;0;0;0;0;0;0;3206;0;0;95;0;160;0;
14477;8401045;1055748096;15204352;1143095296;0;0;0;0;0;0;0;0;0;0;0;2786;0;0;95;0;160;0;
14478;5206284;1055748096;15204352;1143095296;0;0;0;0;0;0;0;0;0;0;0;3075;0;0;95;0;160;0;
14479;7198820;1055748096;15204352;1143095296;0;0;0;0;0;0;0;0;0;0;0;2886;0;0;95;0;160;0;
14480;3636580;1055748096;15204352;1143095296;0;0;0;0;0;0;0;0;0;0;0;3066;0;0;95;0;160;0;
14481;7685193;1059188736;21790720;1149681664;0;0;0;0;0;0;0;0;0;0;0;2855;0;0;95;0;160;0;
14482;3707172;1061285888;21790720;1149681664;0;0;0;0;0;0;0;0;0;0;0;2935;0;0;95;0;160;0;
14483;8078039;1061285888;21790720;1149681664;0;0;0;0;0;0;0;0;0;0;0;2535;0;0;95;0;160;0;
14484;4708841;1061285888;21790720;1149681664;0;0;0;0;0;0;0;0;0;0;0;3036;0;0;95;0;160;0;
14485;8348407;1061285888;21790720;1149681664;0;0;0;0;0;0;0;0;0;0;0;72476;0;0;95;0;160;0;
14486;4808458;1061285888;21790720;1149681664;0;0;0;0;0;0;0;0;0;0;0;2334;0;0;95;0;160;0;
14487;7762928;1061285888;21790720;1149681664;0;0;0;0;0;0;0;0;0;0;0;3146;0;0;95;0;160;0;
14488;4639922;1061285888;21790720;1149681664;0;0;0;0;0;0;0;0;0;0;0;2655;0;0;95;0;160;0;
14489;7193671;1061285888;21790720;1149681664;0;0;0;0;0;0;0;0;0;0;0;3086;0;0;95;0;160;0;
14490;4054765;1055760384;15204352;1143095296;0;0;0;0;0;0;0;0;0;0;0;3186;0;0;95;0;160;0;
14491;8128705;1055760384;15204352;1143095296;0;0;0;0;0;0;0;0;0;0;0;2725;0;0;95;0;160;0;
14492;4126850;1055760384;15204352;1143095296;0;0;0;0;0;0;0;0;0;0;0;3697;0;0;95;0;160;0;
14493;8092587;1055760384;15204352;1143095296;0;0;0;0;0;0;0;0;0;0;0;3155;0;0;95;0;160;0;
14494;5493413;1055760384;15204352;1143095296;0;0;0;0;0;0;0;0;0;0;0;3647;0;0;95;0;160;0;
14495;6697330;1055760384;15204352;1143095296;0;0;0;0;0;0;0;0;0;0;0;2755;0;0;95;0;160;0;
14496;5889385;1055760384;15204352;1143095296;0;0;0;0;0;0;0;0;0;0;0;3376;0;0;95;0;160;0;
14497;6247947;1055760384;15204352;1143095296;0;0;0;0;0;0;0;0;0;0;0;2635;0;0;95;0;160;0;
14498;6125187;1055760384;15204352;1143095296;0;0;0;0;0;0;0;0;0;0;0;2605;0;0;95;0;160;0;
14499;8144134;1055760384;15204352;1143095296;0;0;0;0;0;0;0;0;0;0;0;2655;0;0;95;0;160;0;
14500;8195640;1055760384;15204352;1143095296;0;0;0;0;0;0;0;0;0;0;0;3006;0;0;95;0;160;0;
14501;6328648;1055760384;15204352;1143095296;0;0;0;0;0;0;0;0;0;0;0;2815;0;0;95;0;160;0;
14502;5226862;1055760384;15204352;1143095296;0;0;0;0;0;0;0;0;0;0;0;2816;0;0;95;0;160;0;
14503;6576273;1055760384;15204352;1143095296;0;0;0;0;0;0;0;0;0;0;0;3166;0;0;95;0;160;0;
14504;5528969;1055760384;15204352;1143095296;0;0;0;0;0;0;0;0;0;0;0;3246;0;0;95;0;160;0;
14505;7684381;1055760384;15204352;1143095296;0;0;0;0;0;0;0;0;0;0;0;2505;0;0;95;0;160;0;
14506;5546382;1055760384;15204352;1143095296;0;0;0;0;0;0;0;0;0;0;0;3196;0;0;95;0;160;0;
14507;8964903;1059201024;21790720;1149681664;0;0;0;0;0;0;0;0;0;0;0;3065;0;0;95;0;160;0;
14508;3694519;1061298176;21790720;1149681664;0;0;0;0;0;0;0;0;0;0;0;3216;0;0;95;0;160;0;
14509;7245969;1061298176;21790720;1149681664;0;0;0;0;0;0;0;0;0;0;0;2154;0;0;95;0;160;0;
14510;4367360;1061298176;21790720;1149681664;0;0;0;0;0;0;0;0;0;0;0;2755;0;0;95;0;160;0;
14511;8209797;1061298176;21790720;1149681664;0;0;0;0;0;0;0;0;0;0;0;2394;0;0;95;0;160;0;
14512;3889865;1061298176;21790720;1149681664;0;0;0;0;0;0;0;0;0;0;0;2975;0;0;95;0;160;0;
14513;7421989;1061298176;21790720;1149681664;0;0;0;0;0;0;0;0;0;0;0;3357;0;0;95;0;160;0;
14514;3936523;1061298176;21790720;1149681664;0;0;0;0;0;0;0;0;0;0;0;3146;0;0;95;0;160;0;
14515;6244281;1061298176;21790720;1149681664;0;0;0;0;0;0;0;0;0;0;0;3196;0;0;95;0;160;0;
14516;5182800;1055772672;15204352;1143095296;0;0;0;0;0;0;0;0;0;0;0;2735;0;0;95;0;160;0;
14517;7109744;1055772672;15204352;1143095296;0;0;0;0;0;0;0;0;0;0;0;1813;0;0;95;0;160;0;
14518;4213842;1055772672;15204352;1143095296;0;0;0;0;0;0;0;0;0;0;0;3026;0;0;95;0;160;0;
14519;6526229;1055772672;15204352;1143095296;0;0;0;0;0;0;0;0;0;0;0;2074;0;0;95;0;160;0;
14520;4600438;1055772672;15204352;1143095296;0;0;0;0;0;0;0;0;0;0;0;3086;0;0;95;0;160;0;
14521;6261783;1055772672;15204352;1143095296;0;0;0;0;0;0;0;0;0;0;0;2244;0;0;95;0;160;0;
14522;5346447;1055772672;15204352;1143095296;0;0;0;0;0;0;0;0;0;0;0;3306;0;0;95;0;160;0;
14523;5619509;1055772672;15204352;1143095296;0;0;0;0;0;0;0;0;0;0;0;1823;0;0;95;0;160;0;
14524;5321009;1055772672;15204352;1143095296;0;0;0;0;0;0;0;0;0;0;0;2936;0;0;95;0;160;0;
14525;7383106;1055772672;15204352;1143095296;0;0;0;0;0;0;0;0;0;0;0;2786;0;0;95;0;160;0;
14526;5699178;1055772672;15204352;1143095296;0;0;0;0;0;0;0;0;0;0;0;2815;0;0;95;0;160;0;
14527;8364887;1055772672;15204352;1143095296;0;0;0;0;0;0;0;0;0;0;0;2174;0;0;95;0;160;0;
14528;4384613;1055772672;15204352;1143095296;0;0;0;0;0;0;0;0;0;0;0;3316;0;0;95;0;160;0;
14529;7630930;1059213312;21790720;1149681664;0;0;0;0;0;0;0;0;0;0;0;3516;0;0;95;0;160;0;
14530;5986537;1061310464;21790720;1149681664;0;0;0;0;0;0;0;0;0;0;0;3126;0;0;95;0;160;0;
14531;5731479;1061310464;21790720;1149681664;0;0;0;0;0;0;0;0;0;0;0;3356;0;0;95;0;160;0;
14532;5439982;1061310464;21790720;1149681664;0;0;0;0;0;0;0;0;0;0;0;2836;0;0;95;0;160;0;
14533;6631436;1061310464;21790720;1149681664;0;0;0;0;0;0;0;0;0;0;0;2996;0;0;95;0;160;0;
14534;4567656;1061310464;21790720;1149681664;0;0;0;0;0;0;0;0;0;0;0;2855;0;0;95;0;160;0;
14535;8396436;1061310464;21790720;1149681664;0;0;0;0;0;0;0;0;0;0;0;2805;0;0;95;0;160;0;
14536;4881514;1061310464;21790720;1149681664;0;0;0;0;0;0;0;0;0;0;0;3968;0;0;95;0;160;0;
14537;7460932;1061310464;21790720;1149681664;0;0;0;0;0;0;0;0;0;0;0;2465;0;0;95;0;160;0;
14538;3796140;1055784960;15204352;1143095296;0;0;0;0;0;0;0;0;0;0;0;2575;0;0;95;0;160;0;
14539;7161601;1055784960;15204352;1143095296;0;0;0;0;0;0;0;0;0;0;0;2835;0;0;95;0;160;0;
14540;2767871;1055784960;15204352;1143095296;0;0;0;0;0;0;0;0;0;0;0;2565;0;0;95;0;160;0;
14541;10660743;1055784960;15204352;1143095296;0;0;0;0;0;0;0;0;0;0;0;1943;0;0;95;0;160;0;
14542;4441560;1055784960;15204352;1143095296;0;0;0;0;0;0;0;0;0;0;0;3517;0;0;95;0;160;0;
14543;7824193;1055784960;15204352;1143095296;0;0;0;0;0;0;0;0;0;0;0;2875;0;0;95;0;160;0;
14544;4416022;1055784960;15204352;1143095296;0;0;0;0;0;0;0;0;0;0;0;3016;0;0;95;0;160;0;
14545;6916612;1055784960;15204352;1143095296;0;0;0;0;0;0;0;0;0;0;0;2074;0;0;95;0;160;0;
14546;5331909;1055784960;15204352;1143095296;0;0;0;0;0;0;0;0;0;0;0;2725;0;0;95;0;160;0;
14547;5870960;1055784960;15204352;1143095296;0;0;0;0;0;0;0;0;0;0;0;2555;0;0;95;0;160;0;
14548;5314958;1055784960;15204352;1143095296;0;0;0;0;0;0;0;0;0;0;0;2966;0;0;95;0;160;0;
14549;6085593;1055784960;15204352;1143095296;0;0;0;0;0;0;0;0;0;0;0;3096;0;0;95;0;160;0;
14550;4889469;1055784960;15204352;1143095296;0;0;0;0;0;0;0;0;0;0;0;2915;0;0;95;0;160;0;
14551;7007272;1059225600;21790720;1149681664;0;0;0;0;0;0;0;0;0;0;0;2915;0;0;95;0;160;0;
14552;5989894;1061322752;21790720;1149681664;0;0;0;0;0;0;0;0;0;0;0;3306;0;0;95;0;160;0;
14553;6325143;1061322752;21790720;1149681664;0;0;0;0;0;0;0;0;0;0;0;2455;0;0;95;0;160;0;
14554;5691564;1061322752;21790720;1149681664;0;0;0;0;0;0;0;0;0;0;0;3126;0;0;95;0;160;0;
14555;6119446;1061322752;21790720;1149681664;0;0;0;0;0;0;0;0;0;0;0;2164;0;0;95;0;160;0;
14556;6025420;1061322752;21790720;1149681664;0;0;0;0;0;0;0;0;0;0;0;3076;0;0;95;0;160;0;
14557;6089220;1061322752;21790720;1149681664;0;0;0;0;0;0;0;0;0;0;0;2044;0;0;95;0;160;0;
14558;6278805;1061322752;21790720;1149681664;0;0;0;0;0;0;0;0;0;0;0;2865;0;0;95;0;160;0;
14559;4260270;1061322752;21790720;1149681664;0;0;0;0;0;0;0;0;0;0;0;2024;0;0;95;0;160;0;
14560;6409981;1055797248;15204352;1143095296;0;0;0;0;0;0;0;0;0;0;0;2525;0;0;95;0;160;0;
14561;7373488;1055797248;15204352;1143095296;0;0;0;0;0;0;0;0;0;0;0;2174;0;0;95;0;160;0;
14562;4021793;1055797248;15204352;1143095296;0;0;0;0;0;0;0;0;0;0;0;3096;0;0;95;0;160;0;
14563;5835774;1055797248;15204352;1143095296;0;0;0;0;0;0;0;0;0;0;0;1994;0;0;95;0;160;0;
14564;6253257;1055797248;15204352;1143095296;0;0;0;0;0;0;0;0;0;0;0;2745;0;0;95;0;160;0;
14565;7026468;1055797248;15204352;1143095296;0;0;0;0;0;0;0;0;0;0;0;128120;0;0;95;0;160;0;
14566;5214910;1055797248;15204352;1143095296;0;0;0;0;0;0;0;0;0;0;0;2816;0;0;95;0;160;0;
14567;6070153;1055797248;15204352;1143095296;0;0;0;0;0;0;0;0;0;0;0;1703;0;0;95;0;160;0;
14568;5047235;1055797248;15204352;1143095296;0;0;0;0;0;0;0;0;0;0;0;3156;0;0;95;0;160;0;
14569;6413608;1055797248;15204352;1143095296;0;0;0;0;0;0;0;0;0;0;0;2144;0;0;95;0;160;0;
14570;5024312;1055797248;15204352;1143095296;0;0;0;0;0;0;0;0;0;0;0;2645;0;0;95;0;160;0;
14571;7008123;1055797248;15204352;1143095296;0;0;0;0;0;0;0;0;0;0;0;1983;0;0;95;0;160;0;
14572;4608383;1055797248;15204352;1143095296;0;0;0;0;0;0;0;0;0;0;0;2876;0;0;95;0;160;0;
14573;5446915;1055797248;15204352;1143095296;0;0;0;0;0;0;0;0;0;0;0;1914;0;0;95;0;160;0;
14574;6811254;1055797248;15204352;1143095296;0;0;0;0;0;0;0;0;0;0;0;3176;0;0;95;0;160;0;
14575;7293969;1059237888;21790720;1149681664;0;0;0;0;0;0;0;0;0;0;0;2675;0;0;95;0;160;0;
14576;5480097;1061335040;21790720;1149681664;0;0;0;0;0;0;0;0;0;0;0;2896;0;0;95;0;160;0;
14577;6608383;1061335040;21790720;1149681664;0;0;0;0;0;0;0;0;0;0;0;1583;0;0;95;0;160;0;
14578;5528838;1061335040;21790720;1149681664;0;0;0;0;0;0;0;0;0;0;0;2414;0;0;95;0;160;0;
14579;8113106;1061335040;21790720;1149681664;0;0;0;0;0;0;0;0;0;0;0;2264;0;0;95;0;160;0;
14580;4334018;1061335040;21790720;1149681664;0;0;0;0;0;0;0;0;0;0;0;2865;0;0;95;0;160;0;
14581;7720819;1061335040;21790720;1149681664;0;0;0;0;0;0;0;0;0;0;0;2745;0;0;95;0;160;0;
14582;3287866;1061335040;21790720;1149681664;0;0;0;0;0;0;0;0;0;0;0;2655;0;0;95;0;160;0;
14583;7321861;1061335040;21790720;1149681664;0;0;0;0;0;0;0;0;0;0;0;3216;0;0;95;0;160;0;
14584;4888548;1055809536;15204352;1143095296;0;0;0;0;0;0;0;0;0;0;0;3577;0;0;95;0;160;0;
14585;7499344;1055809536;15204352;1143095296;0;0;0;0;0;0;0;0;0;0;0;3466;0;0;95;0;160;0;
14586;5260826;1055809536;15204352;1143095296;0;0;0;0;0;0;0;0;0;0;0;2154;0;0;95;0;160;0;
14587;5854850;1055809536;15204352;1143095296;0;0;0;0;0;0;0;0;0;0;0;2144;0;0;95;0;160;0;
14588;7148306;1055809536;15204352;1143095296;0;0;0;0;0;0;0;0;0;0;0;3026;0;0;95;0;160;0;
14589;5820746;1055809536;15204352;1143095296;0;0;0;0;0;0;0;0;0;0;0;2335;0;0;95;0;160;0;
14590;6441300;1055809536;15204352;1143095296;0;0;0;0;0;0;0;0;0;0;0;2835;0;0;95;0;160;0;
14591;6864283;1055809536;15204352;1143095296;0;0;0;0;0;0;0;0;0;0;0;2084;0;0;95;0;160;0;
14592;3573301;1055809536;15204352;1143095296;0;0;0;0;0;0;0;0;0;0;0;2715;0;0;95;0;160;0;
14593;6123945;1055809536;15204352;1143095296;0;0;0;0;0;0;0;0;0;0;0;1823;0;0;95;0;160;0;
14594;6355088;1055809536;15204352;1143095296;0;0;0;0;0;0;0;0;0;0;0;3857;0;0;95;0;160;0;
14595;6818588;1055809536;15204352;1143095296;0;0;0;0;0;0;0;0;0;0;0;2926;0;0;95;0;160;0;
14596;4124495;1055809536;15204352;1143095296;0;0;0;0;0;0;0;0;0;0;0;3106;0;0;95;0;160;0;
14597;8332447;1055809536;15204352;1143095296;0;0;0;0;0;0;0;0;0;0;0;3135;0;0;95;0;160;0;
14598;4822614;1055809536;15204352;1143095296;0;0;0;0;0;0;0;0;0;0;0;2595;0;0;95;0;160;0;
14599;8691370;1059250176;21790720;1149681664;0;0;0;0;0;0;0;0;0;0;0;3697;0;0;95;0;160;0;
14600;5366785;1061347328;21790720;1149681664;0;0;0;0;0;0;0;0;0;0;0;3998;0;0;95;0;160;0;
14601;7116105;1061347328;21790720;1149681664;0;0;0;0;0;0;0;0;0;0;0;2445;0;0;95;0;160;0;
14602;6219133;1061347328;21790720;1149681664;0;0;0;0;0;0;0;0;0;0;0;3316;0;0;95;0;160;0;
14603;5832839;1061347328;21790720;1149681664;0;0;0;0;0;0;0;0;0;0;0;2354;0;0;95;0;160;0;
14604;4939523;1061347328;21790720;1149681664;0;0;0;0;0;0;0;0;0;0;0;3266;0;0;95;0;160;0;
14605;5952152;1061347328;21790720;1149681664;0;0;0;0;0;0;0;0;0;0;0;2104;0;0;95;0;160;0;
14606;5540240;1061347328;21790720;1149681664;0;0;0;0;0;0;0;0;0;0;0;2886;0;0;95;0;160;0;
14607;7087451;1061347328;21790720;1149681664;0;0;0;0;0;0;0;0;0;0;0;2104;0;0;95;0;160;0;
14608;4711305;1055821824;15204352;1143095296;0;0;0;0;0;0;0;0;0;0;0;2775;0;0;95;0;160;0;
14609;6647837;1055821824;15204352;1143095296;0;0;0;0;0;0;0;0;0;0;0;1573;0;0;95;0;160;0;
14610;4116590;1055821824;15204352;1143095296;0;0;0;0;0;0;0;0;0;0;0;2695;0;0;95;0;160;0;
14611;5609600;1055821824;15204352;1143095296;0;0;0;0;0;0;0;0;0;0;0;1993;0;0;95;0;160;0;
14612;5094885;1055821824;15204352;1143095296;0;0;0;0;0;0;0;0;0;0;0;3757;0;0;95;0;160;0;
14613;6488047;1055821824;15204352;1143095296;0;0;0;0;0;0;0;0;0;0;0;2214;0;0;95;0;160;0;
14614;5627613;1055821824;15204352;1143095296;0;0;0;0;0;0;0;0;0;0;0;2945;0;0;95;0;160;0;
14615;7412872;1055821824;15204352;1143095296;0;0;0;0;0;0;0;0;0;0;0;2795;0;0;95;0;160;0;
14616;3763679;1055821824;15204352;1143095296;0;0;0;0;0;0;0;0;0;0;0;2585;0;0;95;0;160;0;
14617;6190079;1055821824;15204352;1143095296;0;0;0;0;0;0;0;0;0;0;0;2244;0;0;95;0;160;0;
14618;3897740;1055821824;15204352;1143095296;0;0;0;0;0;0;0;0;0;0;0;3116;0;0;95;0;160;0;
14619;5950249;1055821824;15204352;1143095296;0;0;0;0;0;0;0;0;0;0;0;1814;0;0;95;0;160;0;
14620;5103641;1055821824;15204352;1143095296;0;0;0;0;0;0;0;0;0;0;0;3095;0;0;95;0;160;0;
14621;7329105;1059262464;21790720;1149681664;0;0;0;0;0;0;0;0;0;0;0;3276;0;0;95;0;160;0;
14622;5929099;1061359616;21790720;1149681664;0;0;0;0;0;0;0;0;0;0;0;2895;0;0;95;0;160;0;
14623;7439372;1061359616;21790720;1149681664;0;0;0;0;0;0;0;0;0;0;0;2925;0;0;95;0;160;0;
14624;4086063;1061359616;21790720;1149681664;0;0;0;0;0;0;0;0;0;0;0;2435;0;0;95;0;160;0;
14625;6727887;1061359616;21790720;1149681664;0;0;0;0;0;0;0;0;0;0;0;1853;0;0;95;0;160;0;
14626;2841469;1061359616;21790720;1149681664;0;0;0;0;0;0;0;0;0;0;0;2825;0;0;95;0;160;0;
14627;4890722;1061359616;21790720;1149681664;0;0;0;0;0;0;0;0;0;0;0;1563;0;0;95;0;160;0;
14628;5212576;1061359616;21790720;1149681664;0;0;0;0;0;0;0;0;0;0;0;3126;0;0;95;0;160;0;
14629;5215451;1061359616;21790720;1149681664;0;0;0;0;0;0;0;0;0;0;0;1383;0;0;95;0;160;0;
14630;3399245;1055834112;15204352;1143095296;0;0;0;0;0;0;0;0;0;0;0;1923;0;0;95;0;160;0;
14631;7096148;1055834112;15204352;1143095296;0;0;0;0;0;0;0;0;0;0;0;1793;0;0;95;0;160;0;
14632;3694308;1055834112;15204352;1143095296;0;0;0;0;0;0;0;0;0;0;0;2154;0;0;95;0;160;0;
14633;6160904;1055834112;15204352;1143095296;0;0;0;0;0;0;0;0;0;0;0;1904;0;0;95;0;160;0;
14634;4082386;1055834112;15204352;1143095296;0;0;0;0;0;0;0;0;0;0;0;2364;0;0;95;0;160;0;
14635;4819969;1055834112;15204352;1143095296;0;0;0;0;0;0;0;0;0;0;0;1853;0;0;95;0;160;0;
14636;5292094;1055834112;15204352;1143095296;0;0;0;0;0;0;0;0;0;0;0;2605;0;0;95;0;160;0;
14637;4940245;1055834112;15204352;1143095296;0;0;0;0;0;0;0;0;0;0;0;1903;0;0;95;0;160;0;
14638;6538772;1055834112;15204352;1143095296;0;0;0;0;0;0;0;0;0;0;0;2966;0;0;95;0;160;0;
14639;5347258;1055834112;15204352;1143095296;0;0;0;0;0;0;0;0;0;0;0;1904;0;0;95;0;160;0;
14640;4785295;1055834112;15204352;1143095296;0;0;0;0;0;0;0;0;0;0;0;3266;0;0;95;0;160;0;
14641;6654881;1055834112;15204352;1143095296;0;0;0;0;0;0;0;0;0;0;0;2595;0;0;95;0;160;0;
14642;8681832;1055834112;15204352;1143095296;0;0;0;0;0;0;0;0;0;0;0;3556;0;0;95;0;160;0;
14643;5866222;1055834112;15204352;1143095296;0;0;0;0;0;0;0;0;0;0;0;2424;0;0;95;0;160;0;
14644;6189919;1055834112;15204352;1143095296;0;0;0;0;0;0;0;0;0;0;0;2915;0;0;95;0;160;0;
14645;6170532;1059274752;21790720;1149681664;0;0;0;0;0;0;0;0;0;0;0;2955;0;0;95;0;160;0;
14646;5712783;1061371904;21790720;1149681664;0;0;0;0;0;0;0;0;0;0;0;2415;0;0;95;0;160;0;
14647;6470094;1061371904;21790720;1149681664;0;0;0;0;0;0;0;0;0;0;0;3116;0;0;95;0;160;0;
14648;3730426;1061371904;21790720;1149681664;0;0;0;0;0;0;0;0;0;0;0;2956;0;0;95;0;160;0;
14649;6538682;1061371904;21790720;1149681664;0;0;0;0;0;0;0;0;0;0;0;2164;0;0;95;0;160;0;
14650;3644756;1061371904;21790720;1149681664;0;0;0;0;0;0;0;0;0;0;0;3466;0;0;95;0;160;0;
14651;5387895;1061371904;21790720;1149681664;0;0;0;0;0;0;0;0;0;0;0;1774;0;0;95;0;160;0;
14652;4471165;1061371904;21790720;1149681664;0;0;0;0;0;0;0;0;0;0;0;3096;0;0;95;0;160;0;
14653;5102489;1061371904;21790720;1149681664;0;0;0;0;0;0;0;0;0;0;0;2104;0;0;95;0;160;0;
14654;5582860;1055846400;15204352;1143095296;0;0;0;0;0;0;0;0;0;0;0;3226;0;0;95;0;160;0;
14655;6289385;1055846400;15204352;1143095296;0;0;0;0;0;0;0;0;0;0;0;2094;0;0;95;0;160;0;
14656;3726469;1055846400;15204352;1143095296;0;0;0;0;0;0;0;0;0;0;0;2605;0;0;95;0;160;0;
14657;5772466;1055846400;15204352;1143095296;0;0;0;0;0;0;0;0;0;0;0;1873;0;0;95;0;160;0;
14658;4184888;1055846400;15204352;1143095296;0;0;0;0;0;0;0;0;0;0;0;3337;0;0;95;0;160;0;
14659;5570667;1055846400;15204352;1143095296;0;0;0;0;0;0;0;0;0;0;0;2344;0;0;95;0;160;0;
14660;4198854;1055846400;15204352;1143095296;0;0;0;0;0;0;0;0;0;0;0;2945;0;0;95;0;160;0;
14661;6111842;1055846400;15204352;1143095296;0;0;0;0;0;0;0;0;0;0;0;1643;0;0;95;0;160;0;
14662;4666582;1055846400;15204352;1143095296;0;0;0;0;0;0;0;0;0;0;0;3076;0;0;95;0;160;0;
14663;6220887;1055846400;15204352;1143095296;0;0;0;0;0;0;0;0;0;0;0;2425;0;0;95;0;160;0;
14664;3419613;1055846400;15204352;1143095296;0;0;0;0;0;0;0;0;0;0;0;3046;0;0;95;0;160;0;
14665;6733007;1055846400;15204352;1143095296;0;0;0;0;0;0;0;0;0;0;0;260298;0;0;95;0;160;0;
14666;4203383;1055846400;15204352;1143095296;0;0;0;0;0;0;0;0;0;0;0;2595;0;0;95;0;160;0;
14667;7576479;1059287040;21790720;1149681664;0;0;0;0;0;0;0;0;0;0;0;2395;0;0;95;0;160;0;
14668;3648592;1061384192;21790720;1149681664;0;0;0;0;0;0;0;0;0;0;0;2885;0;0;95;0;160;0;
14669;6569060;1061384192;21790720;1149681664;0;0;0;0;0;0;0;0;0;0;0;2164;0;0;95;0;160;0;
14670;4048633;1061384192;21790720;1149681664;0;0;0;0;0;0;0;0;0;0;0;3807;0;0;95;0;160;0;
14671;5466963;1061384192;21790720;1149681664;0;0;0;0;0;0;0;0;0;0;0;2174;0;0;95;0;160;0;
14672;4566223;1061384192;21790720;1149681664;0;0;0;0;0;0;0;0;0;0;0;2945;0;0;95;0;160;0;
14673;4831320;1061384192;21790720;1149681664;0;0;0;0;0;0;0;0;0;0;0;1733;0;0;95;0;160;0;
14674;6499419;1061384192;21790720;1149681664;0;0;0;0;0;0;0;0;0;0;0;3687;0;0;95;0;160;0;
14675;6544233;1061384192;21790720;1149681664;0;0;0;0;0;0;0;0;0;0;0;2324;0;0;95;0;160;0;
14676;4487586;1055858688;15204352;1143095296;0;0;0;0;0;0;0;0;0;0;0;3116;0;0;95;0;160;0;
14677;5756927;1055858688;15204352;1143095296;0;0;0;0;0;0;0;0;0;0;0;1653;0;0;95;0;160;0;
14678;5929911;1055858688;15204352;1143095296;0;0;0;0;0;0;0;0;0;0;0;3166;0;0;95;0;160;0;
14679;7548546;1055858688;15204352;1143095296;0;0;0;0;0;0;0;0;0;0;0;1814;0;0;95;0;160;0;
14680;4668104;1055858688;15204352;1143095296;0;0;0;0;0;0;0;0;0;0;0;3356;0;0;95;0;160;0;
14681;6231156;1055858688;15204352;1143095296;0;0;0;0;0;0;0;0;0;0;0;1793;0;0;95;0;160;0;
14682;4090742;1055858688;15204352;1143095296;0;0;0;0;0;0;0;0;0;0;0;3797;0;0;95;0;160;0;
14683;7852105;1055858688;15204352;1143095296;0;0;0;0;0;0;0;0;0;0;0;1934;0;0;95;0;160;0;
14684;4266882;1055858688;15204352;1143095296;0;0;0;0;0;0;0;0;0;0;0;3086;0;0;95;0;160;0;
14685;6444005;1055858688;15204352;1143095296;0;0;0;0;0;0;0;0;0;0;0;3256;0;0;95;0;160;0;
14686;4826101;1055858688;15204352;1143095296;0;0;0;0;0;0;0;0;0;0;0;2915;0;0;95;0;160;0;
14687;6837974;1055858688;15204352;1143095296;0;0;0;0;0;0;0;0;0;0;0;2344;0;0;95;0;160;0;
14688;3606032;1055858688;15204352;1143095296;0;0;0;0;0;0;0;0;0;0;0;2585;0;0;95;0;160;0;
14689;6681330;1055858688;15204352;1143095296;0;0;0;0;0;0;0;0;0;0;0;2725;0;0;95;0;160;0;
14690;4542719;1055858688;15204352;1143095296;0;0;0;0;0;0;0;0;0;0;0;2965;0;0;95;0;160;0;
14691;6774845;1055858688;15204352;1143095296;0;0;0;0;0;0;0;0;0;0;0;2795;0;0;95;0;160;0;
14692;5195233;1055858688;15204352;1143095296;0;0;0;0;0;0;0;0;0;0;0;3006;0;0;95;0;160;0;
14693;7263882;1059299328;21790720;1149681664;0;0;0;0;0;0;0;0;0;0;0;2575;0;0;95;0;160;0;
14694;4468169;1061396480;21790720;1149681664;0;0;0;0;0;0;0;0;0;0;0;3466;0;0;95;0;160;0;
14695;7366986;1061396480;21790720;1149681664;0;0;0;0;0;0;0;0;0;0;0;3065;0;0;95;0;160;0;
14696;4476796;1061396480;21790720;1149681664;0;0;0;0;0;0;0;0;0;0;0;3406;0;0;95;0;160;0;
14697;10733940;1061396480;21790720;1149681664;0;0;0;0;0;0;0;0;0;0;0;2966;0;0;95;0;160;0;
14698;8949594;1061396480;21790720;1149681664;0;0;0;0;0;0;0;0;0;0;0;2865;0;0;95;0;160;0;
14699;6678776;1061396480;21790720;1149681664;0;0;0;0;0;0;0;0;0;0;0;2765;0;0;95;0;160;0;
14700;6280238;1061396480;21790720;1149681664;0;0;0;0;0;0;0;0;0;0;0;3516;0;0;95;0;160;0;
14701;7564767;1061396480;21790720;1149681664;0;0;0;0;0;0;0;0;0;0;0;2074;0;0;95;0;160;0;
14702;5311582;1055870976;15204352;1143095296;0;0;0;0;0;0;0;0;0;0;0;2725;0;0;95;0;160;0;
14703;6987704;1055870976;15204352;1143095296;0;0;0;0;0;0;0;0;0;0;0;2064;0;0;95;0;160;0;
14704;7094795;1055870976;15204352;1143095296;0;0;0;0;0;0;0;0;0;0;0;3056;0;0;95;0;160;0;
14705;6992254;1055870976;15204352;1143095296;0;0;0;0;0;0;0;0;0;0;0;1813;0;0;95;0;160;0;
14706;4561635;1055870976;15204352;1143095296;0;0;0;0;0;0;0;0;0;0;0;3687;0;0;95;0;160;0;
14707;6926790;1055870976;15204352;1143095296;0;0;0;0;0;0;0;0;0;0;0;2154;0;0;95;0;160;0;
14708;3669371;1055870976;15204352;1143095296;0;0;0;0;0;0;0;0;0;0;0;4007;0;0;95;0;160;0;
14709;5625840;1055870976;15204352;1143095296;0;0;0;0;0;0;0;0;0;0;0;2114;0;0;95;0;160;0;
14710;4916921;1055870976;15204352;1143095296;0;0;0;0;0;0;0;0;0;0;0;2835;0;0;95;0;160;0;
14711;6167667;1055870976;15204352;1143095296;0;0;0;0;0;0;0;0;0;0;0;2114;0;0;95;0;160;0;
14712;3951290;1055870976;15204352;1143095296;0;0;0;0;0;0;0;0;0;0;0;2665;0;0;95;0;160;0;
14713;8652948;1055870976;15204352;1143095296;0;0;0;0;0;0;0;0;0;0;0;1623;0;0;95;0;160;0;
14714;8066648;1055870976;15204352;1143095296;0;0;0;0;0;0;0;0;0;0;0;3156;0;0;95;0;160;0;
14715;8116261;1059311616;21790720;1149681664;0;0;0;0;0;0;0;0;0;0;0;3667;0;0;95;0;160;0;
14716;7388486;1061408768;21790720;1149681664;0;0;0;0;0;0;0;0;0;0;0;3757;0;0;95;0;160;0;
14717;7497801;1061408768;21790720;1149681664;0;0;0;0;0;0;0;0;0;0;0;2625;0;0;95;0;160;0;
14718;7709789;1061408768;21790720;1149681664;0;0;0;0;0;0;0;0;0;0;0;3557;0;0;95;0;160;0;
14719;7249395;1061408768;21790720;1149681664;0;0;0;0;0;0;0;0;0;0;0;2224;0;0;95;0;160;0;
14720;5725016;1061408768;21790720;1149681664;0;0;0;0;0;0;0;0;0;0;0;2905;0;0;95;0;160;0;
14721;8782250;1061408768;21790720;1149681664;0;0;0;0;0;0;0;0;0;0;0;2164;0;0;95;0;160;0;
14722;5823711;1061408768;21790720;1149681664;0;0;0;0;0;0;0;0;0;0;0;3096;0;0;95;0;160;0;
14723;7168554;1061408768;21790720;1149681664;0;0;0;0;0;0;0;0;0;0;0;2885;0;0;95;0;160;0;
14724;7471111;1055883264;15204352;1143095296;0;0;0;0;0;0;0;0;0;0;0;3326;0;0;95;0;160;0;
14725;8874263;1055883264;15204352;1143095296;0;0;0;0;0;0;0;0;0;0;0;2866;0;0;95;0;160;0;
14726;3864137;1055883264;15204352;1143095296;0;0;0;0;0;0;0;0;0;0;0;3577;0;0;95;0;160;0;
14727;6574830;1055883264;15204352;1143095296;0;0;0;0;0;0;0;0;0;0;0;1653;0;0;95;0;160;0;
14728;4019528;1055883264;15204352;1143095296;0;0;0;0;0;0;0;0;0;0;0;4097;0;0;95;0;160;0;
14729;7242563;1055883264;15204352;1143095296;0;0;0;0;0;0;0;0;0;0;0;2765;0;0;95;0;160;0;
14730;4998795;1055883264;15204352;1143095296;0;0;0;0;0;0;0;0;0;0;0;3346;0;0;95;0;160;0;
14731;7506457;1055883264;15204352;1143095296;0;0;0;0;0;0;0;0;0;0;0;3557;0;0;95;0;160;0;
14732;6621729;1055883264;15204352;1143095296;0;0;0;0;0;0;0;0;0;0;0;3547;0;0;95;0;160;0;
14733;7486320;1055883264;15204352;1143095296;0;0;0;0;0;0;0;0;0;0;0;2915;0;0;95;0;160;0;
14734;4497725;1055883264;15204352;1143095296;0;0;0;0;0;0;0;0;0;0;0;3166;0;0;95;0;160;0;
14735;7575587;1055883264;15204352;1143095296;0;0;0;0;0;0;0;0;0;0;0;3076;0;0;95;0;160;0;
14736;5378136;1055883264;15204352;1143095296;0;0;0;0;0;0;0;0;0;0;0;4098;0;0;95;0;160;0;
14737;7695112;1059323904;21790720;1149681664;0;0;0;0;0;0;0;0;0;0;0;3426;0;0;95;0;160;0;
14738;6387940;1061421056;21790720;1149681664;0;0;0;0;0;0;0;0;0;0;0;2886;0;0;95;0;160;0;
14739;5206334;1061421056;21790720;1149681664;0;0;0;0;0;0;0;0;0;0;0;1853;0;0;95;0;160;0;
14740;6901293;1061421056;21790720;1149681664;0;0;0;0;0;0;0;0;0;0;0;3326;0;0;95;0;160;0;
14741;5709998;1061421056;21790720;1149681664;0;0;0;0;0;0;0;0;0;0;0;2405;0;0;95;0;160;0;
14742;7462265;1061421056;21790720;1149681664;0;0;0;0;0;0;0;0;0;0;0;3095;0;0;95;0;160;0;
14743;6725442;1061421056;21790720;1149681664;0;0;0;0;0;0;0;0;0;0;0;2885;0;0;95;0;160;0;
14744;5564686;1061421056;21790720;1149681664;0;0;0;0;0;0;0;0;0;0;0;2936;0;0;95;0;160;0;
14745;5225380;1061421056;21790720;1149681664;0;0;0;0;0;0;0;0;0;0;0;2144;0;0;95;0;160;0;
14746;6207041;1055895552;15204352;1143095296;0;0;0;0;0;0;0;0;0;0;0;2805;0;0;95;0;160;0;
14747;6015972;1055895552;15204352;1143095296;0;0;0;0;0;0;0;0;0;0;0;1974;0;0;95;0;160;0;
14748;5330848;1055895552;15204352;1143095296;0;0;0;0;0;0;0;0;0;0;0;3356;0;0;95;0;160;0;
14749;8647998;1055895552;15204352;1143095296;0;0;0;0;0;0;0;0;0;0;0;2314;0;0;95;0;160;0;
14750;6371419;1055895552;15204352;1143095296;0;0;0;0;0;0;0;0;0;0;0;2896;0;0;95;0;160;0;
14751;7672198;1055895552;15204352;1143095296;0;0;0;0;0;0;0;0;0;0;0;2565;0;0;95;0;160;0;
14752;5402973;1055895552;15204352;1143095296;0;0;0;0;0;0;0;0;0;0;0;4248;0;0;95;0;160;0;
14753;6077036;1055895552;15204352;1143095296;0;0;0;0;0;0;0;0;0;0;0;2604;0;0;95;0;160;0;
14754;6498226;1055895552;15204352;1143095296;0;0;0;0;0;0;0;0;0;0;0;2795;0;0;95;0;160;0;
14755;6587244;1055895552;15208448;1143099392;0;0;0;0;0;0;0;0;0;0;0;2294;0;0;95;0;160;0;
14756;4964029;1055895552;15212544;1143103488;0;0;0;0;0;0;0;0;0;0;0;2735;0;0;95;0;160;0;
14757;7327292;1059336192;21798912;1149689856;0;0;0;0;0;0;0;0;0;0;0;2414;0;0;95;0;160;0;
14758;6341803;1061433344;21798912;1149689856;0;0;0;0;0;0;0;0;0;0;0;3517;0;0;95;0;160;0;
14759;5824212;1061433344;21798912;1149689856;0;0;0;0;0;0;0;0;0;0;0;2615;0;0;95;0;160;0;
14760;6259569;1061433344;21798912;1149689856;0;0;0;0;0;0;0;0;0;0;0;3386;0;0;95;0;160;0;
14761;6477117;1061433344;21798912;1149689856;0;0;0;0;0;0;0;0;0;0;0;2675;0;0;95;0;160;0;
14762;5168192;1061474304;21790720;1149681664;0;0;0;0;0;0;0;0;0;0;0;3306;0;0;95;0;160;0;
14763;7058167;1061474304;21790720;1149681664;0;0;0;0;0;0;0;0;0;0;0;2114;0;0;95;0;160;0;
14764;4985840;1061474304;21790720;1149681664;0;0;0;0;0;0;0;0;0;0;0;2846;0;0;95;0;160;0;
14765;7140692;1061474304;21790720;1149681664;0;0;0;0;0;0;0;0;0;0;0;2374;0;0;95;0;160;0;
14766;4455886;1061474304;21790720;1149681664;0;0;0;0;0;0;0;0;0;0;0;3086;0;0;95;0;160;0;
14767;6395725;1061474304;21790720;1149681664;0;0;0;0;0;0;0;0;0;0;0;2144;0;0;95;0;160;0;
14768;5298116;1061474304;21790720;1149681664;0;0;0;0;0;0;0;0;0;0;0;2474;0;0;95;0;160;0;
14769;7606185;1061474304;21790720;1149681664;0;0;0;0;0;0;0;0;0;0;0;2655;0;0;95;0;160;0;
14770;3747698;1061474304;21790720;1149681664;0;0;0;0;0;0;0;0;0;0;0;2615;0;0;95;0;160;0;
14771;6937100;1061474304;21790720;1149681664;0;0;0;0;0;0;0;0;0;0;0;2294;0;0;95;0;160;0;
14772;4035919;1055907840;15204352;1143095296;0;0;0;0;0;0;0;0;0;0;0;3006;0;0;95;0;160;0;
14773;6640333;1055907840;15204352;1143095296;0;0;0;0;0;0;0;0;0;0;0;2074;0;0;95;0;160;0;
14774;4397667;1055907840;15204352;1143095296;0;0;0;0;0;0;0;0;0;0;0;2655;0;0;95;0;160;0;
14775;7660647;1055907840;15204352;1143095296;0;0;0;0;0;0;0;0;0;0;0;2825;0;0;95;0;160;0;
14776;5514301;1055907840;15204352;1143095296;0;0;0;0;0;0;0;0;0;0;0;2905;0;0;95;0;160;0;
14777;6207992;1055907840;15204352;1143095296;0;0;0;0;0;0;0;0;0;0;0;2905;0;0;95;0;160;0;
14778;5453186;1055907840;15204352;1143095296;0;0;0;0;0;0;0;0;0;0;0;3236;0;0;95;0;160;0;
14779;7484386;1055907840;15204352;1143095296;0;0;0;0;0;0;0;0;0;0;0;3096;0;0;95;0;160;0;
14780;6184859;1055907840;15204352;1143095296;0;0;0;0;0;0;0;0;0;0;0;3446;0;0;95;0;160;0;
14781;7672228;1055907840;15204352;1143095296;0;0;0;0;0;0;0;0;0;0;0;2645;0;0;95;0;160;0;
14782;4589527;1055907840;15204352;1143095296;0;0;0;0;0;0;0;0;0;0;0;3988;0;0;95;0;160;0;
14783;8306888;1055907840;15204352;1143095296;0;0;0;0;0;0;0;0;0;0;0;2725;0;0;95;0;160;0;
14784;5950800;1055907840;15204352;1143095296;0;0;0;0;0;0;0;0;0;0;0;3417;0;0;95;0;160;0;
14785;7912328;1059348480;21790720;1149681664;0;0;0;0;0;0;0;0;0;0;0;3306;0;0;95;0;160;0;
14786;7201456;1061445632;21790720;1149681664;0;0;0;0;0;0;0;0;0;0;0;3186;0;0;95;0;160;0;
14787;6249380;1061445632;21790720;1149681664;0;0;0;0;0;0;0;0;0;0;0;3447;0;0;95;0;160;0;
14788;5441836;1061445632;21790720;1149681664;0;0;0;0;0;0;0;0;0;0;0;3356;0;0;95;0;160;0;
14789;7518470;1061445632;21790720;1149681664;0;0;0;0;0;0;0;0;0;0;0;3016;0;0;95;0;160;0;
14790;8150675;1061445632;21790720;1149681664;0;0;0;0;0;0;0;0;0;0;0;3617;0;0;95;0;160;0;
14791;8742626;1061445632;21790720;1149681664;0;0;0;0;0;0;0;0;0;0;0;3246;0;0;95;0;160;0;
14792;5407161;1061445632;21790720;1149681664;0;0;0;0;0;0;0;0;0;0;0;3246;0;0;95;0;160;0;
14793;6430770;1061445632;21790720;1149681664;0;0;0;0;0;0;0;0;0;0;0;2194;0;0;95;0;160;0;
14794;5278469;1055920128;15204352;1143095296;0;0;0;0;0;0;0;0;0;0;0;3206;0;0;95;0;160;0;
14795;5961991;1055920128;15204352;1143095296;0;0;0;0;0;0;0;0;0;0;0;1984;0;0;95;0;160;0;
14796;7187369;1055920128;15204352;1143095296;0;0;0;0;0;0;0;0;0;0;0;3446;0;0;95;0;160;0;
14797;7721531;1055920128;15204352;1143095296;0;0;0;0;0;0;0;0;0;0;0;3576;0;0;95;0;160;0;
14798;5571729;1055920128;15204352;1143095296;0;0;0;0;0;0;0;0;0;0;0;2936;0;0;95;0;160;0;
14799;8167066;1055920128;15204352;1143095296;0;0;0;0;0;0;0;0;0;0;0;2996;0;0;95;0;160;0;
14800;4158469;1055920128;15204352;1143095296;0;0;0;0;0;0;0;0;0;0;0;3036;0;0;95;0;160;0;
14801;8072128;1055920128;15204352;1143095296;0;0;0;0;0;0;0;0;0;0;0;3576;0;0;95;0;160;0;
14802;4500259;1055920128;15204352;1143095296;0;0;0;0;0;0;0;0;0;0;0;2955;0;0;95;0;160;0;
14803;6620837;1055920128;15204352;1143095296;0;0;0;0;0;0;0;0;0;0;0;3597;0;0;95;0;160;0;
14804;5050752;1055920128;15204352;1143095296;0;0;0;0;0;0;0;0;0;0;0;2976;0;0;95;0;160;0;
14805;6972185;1055920128;15204352;1143095296;0;0;0;0;0;0;0;0;0;0;0;2485;0;0;95;0;160;0;
14806;4653778;1055920128;15204352;1143095296;0;0;0;0;0;0;0;0;0;0;0;3096;0;0;95;0;160;0;
14807;7608499;1059360768;21790720;1149681664;0;0;0;0;0;0;0;0;0;0;0;3146;0;0;95;0;160;0;
14808;4598825;1061457920;21790720;1149681664;0;0;0;0;0;0;0;0;0;0;0;3407;0;0;95;0;160;0;
14809;8692361;1061457920;21790720;1149681664;0;0;0;0;0;0;0;0;0;0;0;2665;0;0;95;0;160;0;
14810;5806229;1061457920;21790720;1149681664;0;0;0;0;0;0;0;0;0;0;0;3126;0;0;95;0;160;0;
14811;7942806;1061457920;21790720;1149681664;0;0;0;0;0;0;0;0;0;0;0;2495;0;0;95;0;160;0;
14812;5018071;1061457920;21790720;1149681664;0;0;0;0;0;0;0;0;0;0;0;3377;0;0;95;0;160;0;
14813;6469863;1061457920;21790720;1149681664;0;0;0;0;0;0;0;0;0;0;0;2415;0;0;95;0;160;0;
14814;6040989;1061457920;21790720;1149681664;0;0;0;0;0;0;0;0;0;0;0;3055;0;0;95;0;160;0;
14815;6513606;1061457920;21790720;1149681664;0;0;0;0;0;0;0;0;0;0;0;2374;0;0;95;0;160;0;
14816;5296443;1055932416;15204352;1143095296;0;0;0;0;0;0;0;0;0;0;0;2755;0;0;95;0;160;0;
14817;6427725;1055932416;15204352;1143095296;0;0;0;0;0;0;0;0;0;0;0;3367;0;0;95;0;160;0;
14818;5170166;1055932416;15204352;1143095296;0;0;0;0;0;0;0;0;0;0;0;2695;0;0;95;0;160;0;
14819;6899239;1055932416;15204352;1143095296;0;0;0;0;0;0;0;0;0;0;0;2555;0;0;95;0;160;0;
14820;4588385;1055932416;15204352;1143095296;0;0;0;0;0;0;0;0;0;0;0;2394;0;0;95;0;160;0;
14821;5895797;1055932416;15204352;1143095296;0;0;0;0;0;0;0;0;0;0;0;2665;0;0;95;0;160;0;
14822;5708976;1055932416;15204352;1143095296;0;0;0;0;0;0;0;0;0;0;0;3005;0;0;95;0;160;0;
14823;8134535;1055932416;15204352;1143095296;0;0;0;0;0;0;0;0;0;0;0;2865;0;0;95;0;160;0;
14824;5233284;1055932416;15204352;1143095296;0;0;0;0;0;0;0;0;0;0;0;3878;0;0;95;0;160;0;
14825;8298623;1055932416;15204352;1143095296;0;0;0;0;0;0;0;0;0;0;0;2554;0;0;95;0;160;0;
14826;5744834;1055932416;15204352;1143095296;0;0;0;0;0;0;0;0;0;0;0;3677;0;0;95;0;160;0;
14827;6528183;1055932416;15204352;1143095296;0;0;0;0;0;0;0;0;0;0;0;2345;0;0;95;0;160;0;
14828;6098708;1055932416;15204352;1143095296;0;0;0;0;0;0;0;0;0;0;0;3367;0;0;95;0;160;0;
14829;6337956;1055932416;15204352;1143095296;0;0;0;0;0;0;0;0;0;0;0;3276;0;0;95;0;160;0;
14830;5224609;1055932416;15204352;1143095296;0;0;0;0;0;0;0;0;0;0;0;3466;0;0;95;0;160;0;
14831;7398074;1059373056;21790720;1149681664;0;0;0;0;0;0;0;0;0;0;0;2715;0;0;95;0;160;0;
14832;5789167;1061470208;21790720;1149681664;0;0;0;0;0;0;0;0;0;0;0;2825;0;0;95;0;160;0;
14833;6956276;1061470208;21790720;1149681664;0;0;0;0;0;0;0;0;0;0;0;2545;0;0;95;0;160;0;
14834;5727942;1061470208;21790720;1149681664;0;0;0;0;0;0;0;0;0;0;0;2765;0;0;95;0;160;0;
14835;7725539;1061470208;21794816;1149685760;0;0;0;0;0;0;0;0;0;0;0;3576;0;0;95;0;160;0;
14836;5131774;1061470208;21798912;1149689856;0;0;0;0;0;0;0;0;0;0;0;3216;0;0;95;0;160;0;
14837;7917408;1061470208;21798912;1149689856;0;0;0;0;0;0;0;0;0;0;0;3046;0;0;95;0;160;0;
14838;5137725;1061470208;21798912;1149689856;0;0;0;0;0;0;0;0;0;0;0;2836;0;0;95;0;160;0;
14839;6723399;1061470208;21798912;1149689856;0;0;0;0;0;0;0;0;0;0;0;2464;0;0;95;0;160;0;
14840;5867093;1055952896;15212544;1143103488;0;0;0;0;0;0;0;0;0;0;0;3156;0;0;95;0;160;0;
14841;6740250;1055952896;15212544;1143103488;0;0;0;0;0;0;0;0;0;0;0;2765;0;0;95;0;160;0;
14842;5737420;1055944704;15204352;1143095296;0;0;0;0;0;0;0;0;0;0;0;3176;0;0;95;0;160;0;
14843;9826088;1055944704;15204352;1143095296;0;0;0;0;0;0;0;0;0;0;0;3927;0;0;95;0;160;0;
14844;4893708;1055944704;15204352;1143095296;0;0;0;0;0;0;0;0;0;0;0;3217;0;0;95;0;160;0;
14845;8295097;1055944704;15204352;1143095296;0;0;0;0;0;0;0;0;0;0;0;3947;0;0;95;0;160;0;
14846;4541377;1055944704;15204352;1143095296;0;0;0;0;0;0;0;0;0;0;0;2816;0;0;95;0;160;0;
14847;7903632;1055944704;15204352;1143095296;0;0;0;0;0;0;0;0;0;0;0;3106;0;0;95;0;160;0;
14848;5203037;1055944704;15204352;1143095296;0;0;0;0;0;0;0;0;0;0;0;3196;0;0;95;0;160;0;
14849;6536358;1055944704;15204352;1143095296;0;0;0;0;0;0;0;0;0;0;0;2615;0;0;95;0;160;0;
14850;6405162;1055944704;15204352;1143095296;0;0;0;0;0;0;0;0;0;0;0;3677;0;0;95;0;160;0;
14851;6451398;1055944704;15204352;1143095296;0;0;0;0;0;0;0;0;0;0;0;8546;0;0;95;0;160;0;
14852;4583485;1055944704;15204352;1143095296;0;0;0;0;0;0;0;0;0;0;0;2715;0;0;95;0;160;0;
14853;6030830;1055944704;15204352;1143095296;0;0;0;0;0;0;0;0;0;0;0;2765;0;0;95;0;160;0;
14854;4658817;1055944704;15204352;1143095296;0;0;0;0;0;0;0;0;0;0;0;3717;0;0;95;0;160;0;
14855;8011635;1059385344;21790720;1149681664;0;0;0;0;0;0;0;0;0;0;0;2875;0;0;95;0;160;0;
14856;5553034;1061482496;21790720;1149681664;0;0;0;0;0;0;0;0;0;0;0;3056;0;0;95;0;160;0;
14857;7051494;1061482496;21790720;1149681664;0;0;0;0;0;0;0;0;0;0;0;3697;0;0;95;0;160;0;
14858;4539203;1061482496;21790720;1149681664;0;0;0;0;0;0;0;0;0;0;0;3216;0;0;95;0;160;0;
14859;6686399;1061482496;21790720;1149681664;0;0;0;0;0;0;0;0;0;0;0;3376;0;0;95;0;160;0;
14860;6071967;1061482496;21790720;1149681664;0;0;0;0;0;0;0;0;0;0;0;4679;0;0;95;0;160;0;
14861;5336768;1061482496;21790720;1149681664;0;0;0;0;0;0;0;0;0;0;0;3216;0;0;95;0;160;0;
14862;5555469;1061482496;21790720;1149681664;0;0;0;0;0;0;0;0;0;0;0;2705;0;0;95;0;160;0;
14863;5808694;1061482496;21790720;1149681664;0;0;0;0;0;0;0;0;0;0;0;2285;0;0;95;0;160;0;
14864;5229518;1055956992;15204352;1143095296;0;0;0;0;0;0;0;0;0;0;0;3216;0;0;95;0;160;0;
14865;5714727;1055956992;15204352;1143095296;0;0;0;0;0;0;0;0;0;0;0;1923;0;0;95;0;160;0;
14866;5145079;1055956992;15204352;1143095296;0;0;0;0;0;0;0;0;0;0;0;3326;0;0;95;0;160;0;
14867;7542054;1055956992;15204352;1143095296;0;0;0;0;0;0;0;0;0;0;0;2805;0;0;95;0;160;0;
14868;3545018;1055956992;15204352;1143095296;0;0;0;0;0;0;0;0;0;0;0;3106;0;0;95;0;160;0;
14869;7038981;1055956992;15204352;1143095296;0;0;0;0;0;0;0;0;0;0;0;3076;0;0;95;0;160;0;
14870;9981139;1055956992;15204352;1143095296;0;0;0;0;0;0;0;0;0;0;0;3657;0;0;95;0;160;0;
14871;13582202;1055956992;15204352;1143095296;0;0;0;0;0;0;0;0;0;0;0;2205;0;0;95;0;160;0;
14872;6933663;1055956992;15204352;1143095296;0;0;0;0;0;0;0;0;0;0;0;3597;0;0;95;0;160;0;
14873;4869562;1055956992;15204352;1143095296;0;0;0;0;0;0;0;0;0;0;0;1973;0;0;95;0;160;0;
14874;5865069;1055956992;15204352;1143095296;0;0;0;0;0;0;0;0;0;0;0;3687;0;0;95;0;160;0;
14875;6114367;1055956992;15204352;1143095296;0;0;0;0;0;0;0;0;0;0;0;2214;0;0;95;0;160;0;
14876;4328357;1055956992;15204352;1143095296;0;0;0;0;0;0;0;0;0;0;0;3517;0;0;95;0;160;0;
14877;5663411;1059397632;21790720;1149681664;0;0;0;0;0;0;0;0;0;0;0;2795;0;0;95;0;160;0;
14878;4286899;1061494784;21790720;1149681664;0;0;0;0;0;0;0;0;0;0;0;3257;0;0;95;0;160;0;
14879;6450517;1061494784;21790720;1149681664;0;0;0;0;0;0;0;0;0;0;0;3006;0;0;95;0;160;0;
14880;3713094;1061494784;21790720;1149681664;0;0;0;0;0;0;0;0;0;0;0;3096;0;0;95;0;160;0;
14881;8302631;1061494784;21790720;1149681664;0;0;0;0;0;0;0;0;0;0;0;2615;0;0;95;0;160;0;
14882;5627493;1061494784;21790720;1149681664;0;0;0;0;0;0;0;0;0;0;0;3387;0;0;95;0;160;0;
14883;6396235;1061494784;21790720;1149681664;0;0;0;0;0;0;0;0;0;0;0;2414;0;0;95;0;160;0;
14884;4144652;1061494784;21790720;1149681664;0;0;0;0;0;0;0;0;0;0;0;2534;0;0;95;0;160;0;
14885;7752929;1061494784;21790720;1149681664;0;0;0;0;0;0;0;0;0;0;0;2274;0;0;95;0;160;0;
14886;4398058;1055969280;15204352;1143095296;0;0;0;0;0;0;0;0;0;0;0;2645;0;0;95;0;160;0;
14887;5374739;1055969280;15204352;1143095296;0;0;0;0;0;0;0;0;0;0;0;1804;0;0;95;0;160;0;
14888;3452826;1055969280;15204352;1143095296;0;0;0;0;0;0;0;0;0;0;0;2746;0;0;95;0;160;0;
14889;4841771;1055969280;15204352;1143095296;0;0;0;0;0;0;0;0;0;0;0;2284;0;0;95;0;160;0;
14890;3780179;1055969280;15204352;1143095296;0;0;0;0;0;0;0;0;0;0;0;2785;0;0;95;0;160;0;
14891;5282136;1055969280;15204352;1143095296;0;0;0;0;0;0;0;0;0;0;0;1823;0;0;95;0;160;0;
14892;2372029;1055969280;15204352;1143095296;0;0;0;0;0;0;0;0;0;0;0;2525;0;0;95;0;160;0;
14893;4971263;1055969280;15204352;1143095296;0;0;0;0;0;0;0;0;0;0;0;1854;0;0;95;0;160;0;
14894;4553299;1055969280;15204352;1143095296;0;0;0;0;0;0;0;0;0;0;0;3287;0;0;95;0;160;0;
14895;5504413;1055969280;15204352;1143095296;0;0;0;0;0;0;0;0;0;0;0;1943;0;0;95;0;160;0;
14896;2688402;1055969280;15204352;1143095296;0;0;0;0;0;0;0;0;0;0;0;2284;0;0;95;0;160;0;
14897;5208989;1055969280;15204352;1143095296;0;0;0;0;0;0;0;0;0;0;0;1463;0;0;95;0;160;0;
14898;4742413;1055969280;15204352;1143095296;0;0;0;0;0;0;0;0;0;0;0;3216;0;0;95;0;160;0;
14899;5916926;1055969280;15204352;1143095296;0;0;0;0;0;0;0;0;0;0;0;1603;0;0;95;0;160;0;
14900;3794987;1055969280;15204352;1143095296;0;0;0;0;0;0;0;0;0;0;0;2455;0;0;95;0;160;0;
14901;6467449;1059409920;21790720;1149681664;0;0;0;0;0;0;0;0;0;0;0;2044;0;0;95;0;160;0;
14902;5935261;1061507072;21790720;1149681664;0;0;0;0;0;0;0;0;0;0;0;3817;0;0;95;0;160;0;
14903;6343195;1061507072;21790720;1149681664;0;0;0;0;0;0;0;0;0;0;0;1833;0;0;95;0;160;0;
14904;5024002;1061507072;21790720;1149681664;0;0;0;0;0;0;0;0;0;0;0;3216;0;0;95;0;160;0;
14905;5121796;1061507072;21790720;1149681664;0;0;0;0;0;0;0;0;0;0;0;2074;0;0;95;0;160;0;
14906;5103090;1061507072;21790720;1149681664;0;0;0;0;0;0;0;0;0;0;0;2815;0;0;95;0;160;0;
14907;5917327;1061507072;21790720;1149681664;0;0;0;0;0;0;0;0;0;0;0;2124;0;0;95;0;160;0;
14908;5174715;1061507072;21790720;1149681664;0;0;0;0;0;0;0;0;0;0;0;3857;0;0;95;0;160;0;
14909;5351586;1061507072;21790720;1149681664;0;0;0;0;0;0;0;0;0;0;0;1933;0;0;95;0;160;0;
14910;5774098;1055981568;15204352;1143095296;0;0;0;0;0;0;0;0;0;0;0;3186;0;0;95;0;160;0;
14911;6014460;1055981568;15204352;1143095296;0;0;0;0;0;0;0;0;0;0;0;1894;0;0;95;0;160;0;
14912;4684916;1055981568;15204352;1143095296;0;0;0;0;0;0;0;0;0;0;0;2866;0;0;95;0;160;0;
14913;5474778;1055981568;15204352;1143095296;0;0;0;0;0;0;0;0;0;0;0;1793;0;0;95;0;160;0;
14914;5309447;1055981568;15204352;1143095296;0;0;0;0;0;0;0;0;0;0;0;2975;0;0;95;0;160;0;
14915;7021488;1055981568;15204352;1143095296;0;0;0;0;0;0;0;0;0;0;0;1823;0;0;95;0;160;0;
14916;5633856;1055981568;15204352;1143095296;0;0;0;0;0;0;0;0;0;0;0;2975;0;0;95;0;160;0;
14917;7551251;1055981568;15204352;1143095296;0;0;0;0;0;0;0;0;0;0;0;2775;0;0;95;0;160;0;
14918;5182580;1055981568;15204352;1143095296;0;0;0;0;0;0;0;0;0;0;0;4068;0;0;95;0;160;0;
14919;7172431;1055981568;15204352;1143095296;0;0;0;0;0;0;0;0;0;0;0;2946;0;0;95;0;160;0;
14920;3312221;1055981568;15204352;1143095296;0;0;0;0;0;0;0;0;0;0;0;3467;0;0;95;0;160;0;
14921;7694280;1055981568;15208448;1143099392;0;0;0;0;0;0;0;0;0;0;0;2635;0;0;95;0;160;0;
14922;4022173;1055981568;15212544;1143103488;0;0;0;0;0;0;0;0;0;0;0;3757;0;0;95;0;160;0;
14923;8798039;1059422208;21798912;1149689856;0;0;0;0;0;0;0;0;0;0;0;3267;0;0;95;0;160;0;
14924;5350785;1061519360;21798912;1149689856;0;0;0;0;0;0;0;0;0;0;0;3095;0;0;95;0;160;0;
14925;5892080;1061519360;21798912;1149689856;0;0;0;0;0;0;0;0;0;0;0;2063;0;0;95;0;160;0;
14926;5363609;1061519360;21798912;1149689856;0;0;0;0;0;0;0;0;0;0;0;2345;0;0;95;0;160;0;
14927;6884100;1061519360;21798912;1149689856;0;0;0;0;0;0;0;0;0;0;0;3025;0;0;95;0;160;0;
14928;5637122;1061564416;21790720;1149681664;0;0;0;0;0;0;0;0;0;0;0;3046;0;0;95;0;160;0;
14929;6804862;1061564416;21790720;1149681664;0;0;0;0;0;0;0;0;0;0;0;2424;0;0;95;0;160;0;
14930;6228390;1061564416;21790720;1149681664;0;0;0;0;0;0;0;0;0;0;0;3596;0;0;95;0;160;0;
14931;5726409;1061564416;21790720;1149681664;0;0;0;0;0;0;0;0;0;0;0;1964;0;0;95;0;160;0;
14932;6934555;1055993856;15204352;1143095296;0;0;0;0;0;0;0;0;0;0;0;2564;0;0;95;0;160;0;
14933;6267143;1055993856;15204352;1143095296;0;0;0;0;0;0;0;0;0;0;0;1664;0;0;95;0;160;0;
14934;5076440;1055993856;15204352;1143095296;0;0;0;0;0;0;0;0;0;0;0;3146;0;0;95;0;160;0;
14935;5936173;1055993856;15204352;1143095296;0;0;0;0;0;0;0;0;0;0;0;2365;0;0;95;0;160;0;
14936;5538056;1055993856;15204352;1143095296;0;0;0;0;0;0;0;0;0;0;0;3506;0;0;95;0;160;0;
14937;6408057;1055993856;15204352;1143095296;0;0;0;0;0;0;0;0;0;0;0;2234;0;0;95;0;160;0;
14938;5670594;1055993856;15204352;1143095296;0;0;0;0;0;0;0;0;0;0;0;3647;0;0;95;0;160;0;
14939;6399812;1055993856;15204352;1143095296;0;0;0;0;0;0;0;0;0;0;0;2084;0;0;95;0;160;0;
14940;5723904;1055993856;15204352;1143095296;0;0;0;0;0;0;0;0;0;0;0;3627;0;0;95;0;160;0;
14941;7626463;1055993856;15204352;1143095296;0;0;0;0;0;0;0;0;0;0;0;2765;0;0;95;0;160;0;
14942;4310604;1055993856;15204352;1143095296;0;0;0;0;0;0;0;0;0;0;0;2915;0;0;95;0;160;0;
14943;7245538;1055993856;15204352;1143095296;0;0;0;0;0;0;0;0;0;0;0;2695;0;0;95;0;160;0;
14944;4471686;1055993856;15204352;1143095296;0;0;0;0;0;0;0;0;0;0;0;2945;0;0;95;0;160;0;
14945;5664583;1055993856;15204352;1143095296;0;0;0;0;0;0;0;0;0;0;0;2645;0;0;95;0;160;0;
14946;5411299;1055993856;15204352;1143095296;0;0;0;0;0;0;0;0;0;0;0;3096;0;0;95;0;160;0;
14947;6698422;1055993856;15204352;1143095296;0;0;0;0;0;0;0;0;0;0;0;2995;0;0;95;0;160;0;
14948;5427980;1055993856;15204352;1143095296;0;0;0;0;0;0;0;0;0;0;0;3507;0;0;95;0;160;0;
14949;6635243;1059434496;21790720;1149681664;0;0;0;0;0;0;0;0;0;0;0;2856;0;0;95;0;160;0;
14950;5481500;1061531648;21790720;1149681664;0;0;0;0;0;0;0;0;0;0;0;3216;0;0;95;0;160;0;
14951;7014706;1061531648;21790720;1149681664;0;0;0;0;0;0;0;0;0;0;0;1643;0;0;95;0;160;0;
14952;4670438;1061531648;21790720;1149681664;0;0;0;0;0;0;0;0;0;0;0;3076;0;0;95;0;160;0;
14953;6792989;1061531648;21790720;1149681664;0;0;0;0;0;0;0;0;0;0;0;2365;0;0;95;0;160;0;
14954;4975511;1061531648;21790720;1149681664;0;0;0;0;0;0;0;0;0;0;0;3196;0;0;95;0;160;0;
14955;7634117;1061531648;21790720;1149681664;0;0;0;0;0;0;0;0;0;0;0;2906;0;0;95;0;160;0;
14956;4002727;1061531648;21790720;1149681664;0;0;0;0;0;0;0;0;0;0;0;2845;0;0;95;0;160;0;
14957;7409446;1061531648;21790720;1149681664;0;0;0;0;0;0;0;0;0;0;0;2144;0;0;95;0;160;0;
14958;3622985;1056006144;15204352;1143095296;0;0;0;0;0;0;0;0;0;0;0;3366;0;0;95;0;160;0;
14959;6316396;1056006144;15204352;1143095296;0;0;0;0;0;0;0;0;0;0;0;2405;0;0;95;0;160;0;
14960;2894960;1056006144;15204352;1143095296;0;0;0;0;0;0;0;0;0;0;0;3216;0;0;95;0;160;0;
14961;6022725;1056006144;15204352;1143095296;0;0;0;0;0;0;0;0;0;0;0;2124;0;0;95;0;160;0;
14962;4621908;1056006144;15204352;1143095296;0;0;0;0;0;0;0;0;0;0;0;3837;0;0;95;0;160;0;
14963;6611078;1056006144;15204352;1143095296;0;0;0;0;0;0;0;0;0;0;0;2826;0;0;95;0;160;0;
14964;4399861;1056006144;15204352;1143095296;0;0;0;0;0;0;0;0;0;0;0;3196;0;0;95;0;160;0;
14965;6259358;1056006144;15204352;1143095296;0;0;0;0;0;0;0;0;0;0;0;1984;0;0;95;0;160;0;
14966;4015520;1056006144;15204352;1143095296;0;0;0;0;0;0;0;0;0;0;0;3016;0;0;95;0;160;0;
14967;6196972;1056006144;15204352;1143095296;0;0;0;0;0;0;0;0;0;0;0;2965;0;0;95;0;160;0;
14968;4466556;1056006144;15204352;1143095296;0;0;0;0;0;0;0;0;0;0;0;2755;0;0;95;0;160;0;
14969;7211724;1056006144;15204352;1143095296;0;0;0;0;0;0;0;0;0;0;0;2605;0;0;95;0;160;0;
14970;4532951;1056006144;15204352;1143095296;0;0;0;0;0;0;0;0;0;0;0;3216;0;0;95;0;160;0;
14971;7303968;1059446784;21790720;1149681664;0;0;0;0;0;0;0;0;0;0;0;3036;0;0;95;0;160;0;
14972;4325873;1061543936;21790720;1149681664;0;0;0;0;0;0;0;0;0;0;0;3577;0;0;95;0;160;0;
14973;5881460;1061543936;21790720;1149681664;0;0;0;0;0;0;0;0;0;0;0;2104;0;0;95;0;160;0;
14974;3871901;1061543936;21790720;1149681664;0;0;0;0;0;0;0;0;0;0;0;3216;0;0;95;0;160;0;
14975;7614259;1061543936;21790720;1149681664;0;0;0;0;0;0;0;0;0;0;0;3106;0;0;95;0;160;0;
14976;4580941;1061543936;21790720;1149681664;0;0;0;0;0;0;0;0;0;0;0;2474;0;0;95;0;160;0;
14977;5672208;1061543936;21790720;1149681664;0;0;0;0;0;0;0;0;0;0;0;3457;0;0;95;0;160;0;
14978;5084675;1061543936;21790720;1149681664;0;0;0;0;0;0;0;0;0;0;0;3547;0;0;95;0;160;0;
14979;6325673;1061543936;21790720;1149681664;0;0;0;0;0;0;0;0;0;0;0;2234;0;0;95;0;160;0;
14980;3960437;1056018432;15204352;1143095296;0;0;0;0;0;0;0;0;0;0;0;2946;0;0;95;0;160;0;
14981;6945976;1056018432;15204352;1143095296;0;0;0;0;0;0;0;0;0;0;0;2765;0;0;95;0;160;0;
14982;5154056;1056018432;15204352;1143095296;0;0;0;0;0;0;0;0;0;0;0;3036;0;0;95;0;160;0;
14983;5650667;1056018432;15204352;1143095296;0;0;0;0;0;0;0;0;0;0;0;2595;0;0;95;0;160;0;
14984;4066156;1056018432;15204352;1143095296;0;0;0;0;0;0;0;0;0;0;0;3757;0;0;95;0;160;0;
14985;6650643;1056018432;15204352;1143095296;0;0;0;0;0;0;0;0;0;0;0;2324;0;0;95;0;160;0;
14986;5627954;1056018432;15204352;1143095296;0;0;0;0;0;0;0;0;0;0;0;3156;0;0;95;0;160;0;
14987;6466507;1056018432;15204352;1143095296;0;0;0;0;0;0;0;0;0;0;0;2765;0;0;95;0;160;0;
14988;5160428;1056018432;15204352;1143095296;0;0;0;0;0;0;0;0;0;0;0;2936;0;0;95;0;160;0;
14989;7240188;1056018432;15204352;1143095296;0;0;0;0;0;0;0;0;0;0;0;3076;0;0;95;0;160;0;
14990;5274733;1056018432;15204352;1143095296;0;0;0;0;0;0;0;0;0;0;0;3727;0;0;95;0;160;0;
14991;6949923;1056018432;15204352;1143095296;0;0;0;0;0;0;0;0;0;0;0;2064;0;0;95;0;160;0;
14992;4536478;1056018432;15204352;1143095296;0;0;0;0;0;0;0;0;0;0;0;3136;0;0;95;0;160;0;
14993;7992178;1059459072;21790720;1149681664;0;0;0;0;0;0;0;0;0;0;0;2985;0;0;95;0;160;0;
14994;4399140;1061556224;21790720;1149681664;0;0;0;0;0;0;0;0;0;0;0;2956;0;0;95;0;160;0;
14995;7287958;1061556224;21790720;1149681664;0;0;0;0;0;0;0;0;0;0;0;2936;0;0;95;0;160;0;
14996;5074677;1061556224;21790720;1149681664;0;0;0;0;0;0;0;0;0;0;0;2365;0;0;95;0;160;0;
14997;5301943;1061556224;21790720;1149681664;0;0;0;0;0;0;0;0;0;0;0;2234;0;0;95;0;160;0;
14998;5805508;1061556224;21790720;1149681664;0;0;0;0;0;0;0;0;0;0;0;2544;0;0;95;0;160;0;
14999;5522577;1061556224;21790720;1149681664;0;0;0;0;0;0;0;0;0;0;0;2294;0;0;95;0;160;0;
15000;5712584;1061556224;21790720;1149681664;0;0;0;0;0;0;0;0;0;0;0;3287;0;0;95;0;160;0;
15001;7755334;1061556224;21790720;1149681664;0;0;0;0;0;0;0;0;0;0;0;3126;0;0;95;0;160;0;
15002;6792749;1056030720;15204352;1143095296;0;0;0;0;0;0;0;0;0;0;0;3517;0;0;95;0;160;0;
15003;6296298;1056030720;15204352;1143095296;0;0;0;0;0;0;0;0;0;0;0;2495;0;0;95;0;160;0;
15004;5250036;1056030720;15204352;1143095296;0;0;0;0;0;0;0;0;0;0;0;4358;0;0;95;0;160;0;
15005;6516792;1056030720;15204352;1143095296;0;0;0;0;0;0;0;0;0;0;0;2505;0;0;95;0;160;0;
15006;5338441;1056030720;15204352;1143095296;0;0;0;0;0;0;0;0;0;0;0;3467;0;0;95;0;160;0;
15007;7805999;1056030720;15208448;1143099392;0;0;0;0;0;0;0;0;0;0;0;3406;0;0;95;0;160;0;
15008;4274146;1056030720;15212544;1143103488;0;0;0;0;0;0;0;0;0;0;0;2595;0;0;95;0;160;0;
15009;7305009;1059471360;21798912;1149689856;0;0;0;0;0;0;0;0;0;0;0;3116;0;0;95;0;160;0;
15010;5085116;1061568512;21798912;1149689856;0;0;0;0;0;0;0;0;0;0;0;3286;0;0;95;0;160;0;
15011;7527267;1061568512;21798912;1149689856;0;0;0;0;0;0;0;0;0;0;0;2965;0;0;95;0;160;0;
15012;3835233;1061568512;21798912;1149689856;0;0;0;0;0;0;0;0;0;0;0;2896;0;0;95;0;160;0;
15013;6440849;1061568512;21798912;1149689856;0;0;0;0;0;0;0;0;0;0;0;3326;0;0;95;0;160;0;
15014;4538632;1061601280;21790720;1149681664;0;0;0;0;0;0;0;0;0;0;0;2745;0;0;95;0;160;0;
15015;5941472;1061601280;21790720;1149681664;0;0;0;0;0;0;0;0;0;0;0;2454;0;0;95;0;160;0;
15016;5669603;1061601280;21790720;1149681664;0;0;0;0;0;0;0;0;0;0;0;2896;0;0;95;0;160;0;
15017;5032849;1061601280;21790720;1149681664;0;0;0;0;0;0;0;0;0;0;0;2224;0;0;95;0;160;0;
15018;6152078;1061601280;21790720;1149681664;0;0;0;0;0;0;0;0;0;0;0;2594;0;0;95;0;160;0;
15019;6162507;1061601280;21790720;1149681664;0;0;0;0;0;0;0;0;0;0;0;2304;0;0;95;0;160;0;
15020;5955829;1061601280;21790720;1149681664;0;0;0;0;0;0;0;0;0;0;0;3086;0;0;95;0;160;0;
15021;4853482;1061601280;21790720;1149681664;0;0;0;0;0;0;0;0;0;0;0;1794;0;0;95;0;160;0;
15022;5739614;1061601280;21790720;1149681664;0;0;0;0;0;0;0;0;0;0;0;3006;0;0;95;0;160;0;
15023;4543190;1061601280;21790720;1149681664;0;0;0;0;0;0;0;0;0;0;0;1873;0;0;95;0;160;0;
15024;4511410;1061601280;21790720;1149681664;0;0;0;0;0;0;0;0;0;0;0;2455;0;0;95;0;160;0;
15025;5892661;1061601280;21790720;1149681664;0;0;0;0;0;0;0;0;0;0;0;2455;0;0;95;0;160;0;
15026;3036705;1056043008;15204352;1143095296;0;0;0;0;0;0;0;0;0;0;0;2124;0;0;95;0;160;0;
15027;6152619;1056043008;15204352;1143095296;0;0;0;0;0;0;0;0;0;0;0;1693;0;0;95;0;160;0;
15028;4485893;1056043008;15204352;1143095296;0;0;0;0;0;0;0;0;0;0;0;3306;0;0;95;0;160;0;
15029;6109898;1056043008;15204352;1143095296;0;0;0;0;0;0;0;0;0;0;0;1844;0;0;95;0;160;0;
15030;4334689;1056043008;15204352;1143095296;0;0;0;0;0;0;0;0;0;0;0;3216;0;0;95;0;160;0;
15031;5704639;1056043008;15204352;1143095296;0;0;0;0;0;0;0;0;0;0;0;2104;0;0;95;0;160;0;
15032;3746677;1056043008;15204352;1143095296;0;0;0;0;0;0;0;0;0;0;0;2535;0;0;95;0;160;0;
15033;6881365;1056043008;15204352;1143095296;0;0;0;0;0;0;0;0;0;0;0;10750;0;0;95;0;160;0;
15034;3226771;1056043008;15204352;1143095296;0;0;0;0;0;0;0;0;0;0;0;2434;0;0;95;0;160;0;
15035;5043518;1056043008;15204352;1143095296;0;0;0;0;0;0;0;0;0;0;0;1603;0;0;95;0;160;0;
15036;4055776;1056043008;15204352;1143095296;0;0;0;0;0;0;0;0;0;0;0;2785;0;0;95;0;160;0;
15037;5592047;1056043008;15204352;1143095296;0;0;0;0;0;0;0;0;0;0;0;1983;0;0;95;0;160;0;
15038;5905545;1056043008;15204352;1143095296;0;0;0;0;0;0;0;0;0;0;0;2735;0;0;95;0;160;0;
15039;5282226;1056043008;15204352;1143095296;0;0;0;0;0;0;0;0;0;0;0;1482;0;0;95;0;160;0;
15040;4927261;1056043008;15204352;1143095296;0;0;0;0;0;0;0;0;0;0;0;2816;0;0;95;0;160;0;
15041;6366540;1059483648;21790720;1149681664;0;0;0;0;0;0;0;0;0;0;0;2154;0;0;95;0;160;0;
15042;5996165;1061580800;21790720;1149681664;0;0;0;0;0;0;0;0;0;0;0;2885;0;0;95;0;160;0;
15043;6585501;1061580800;21790720;1149681664;0;0;0;0;0;0;0;0;0;0;0;1994;0;0;95;0;160;0;
15044;4832333;1061580800;21790720;1149681664;0;0;0;0;0;0;0;0;0;0;0;3105;0;0;95;0;160;0;
15045;6342365;1061580800;21790720;1149681664;0;0;0;0;0;0;0;0;0;0;0;2274;0;0;95;0;160;0;
15046;3725557;1061580800;21790720;1149681664;0;0;0;0;0;0;0;0;0;0;0;2594;0;0;95;0;160;0;
15047;9536474;1061580800;21790720;1149681664;0;0;0;0;0;0;0;0;0;0;0;2013;0;0;95;0;160;0;
15048;4729139;1061580800;21790720;1149681664;0;0;0;0;0;0;0;0;0;0;0;2605;0;0;95;0;160;0;
15049;6203223;1061580800;21790720;1149681664;0;0;0;0;0;0;0;0;0;0;0;1894;0;0;95;0;160;0;
15050;5435664;1056055296;15204352;1143095296;0;0;0;0;0;0;0;0;0;0;0;2715;0;0;95;0;160;0;
15051;7060150;1056055296;15204352;1143095296;0;0;0;0;0;0;0;0;0;0;0;1823;0;0;95;0;160;0;
15052;3774239;1056055296;15204352;1143095296;0;0;0;0;0;0;0;0;0;0;0;2194;0;0;95;0;160;0;
15053;6122131;1056055296;15204352;1143095296;0;0;0;0;0;0;0;0;0;0;0;2294;0;0;95;0;160;0;
15054;4404591;1056055296;15204352;1143095296;0;0;0;0;0;0;0;0;0;0;0;2865;0;0;95;0;160;0;
15055;6320083;1056055296;15204352;1143095296;0;0;0;0;0;0;0;0;0;0;0;1773;0;0;95;0;160;0;
15056;4535957;1056055296;15204352;1143095296;0;0;0;0;0;0;0;0;0;0;0;2515;0;0;95;0;160;0;
15057;6142239;1056055296;15204352;1143095296;0;0;0;0;0;0;0;0;0;0;0;1833;0;0;95;0;160;0;
15058;4255000;1056055296;15204352;1143095296;0;0;0;0;0;0;0;0;0;0;0;59342;0;0;95;0;160;0;
15059;6029648;1056055296;15204352;1143095296;0;0;0;0;0;0;0;0;0;0;0;1382;0;0;95;0;160;0;
15060;5731028;1056055296;15204352;1143095296;0;0;0;0;0;0;0;0;0;0;0;3306;0;0;95;0;160;0;
15061;5675554;1056055296;15204352;1143095296;0;0;0;0;0;0;0;0;0;0;0;1824;0;0;95;0;160;0;
15062;4057590;1056055296;15204352;1143095296;0;0;0;0;0;0;0;0;0;0;0;2875;0;0;95;0;160;0;
15063;6510490;1059495936;21790720;1149681664;0;0;0;0;0;0;0;0;0;0;0;2024;0;0;95;0;160;0;
15064;3845672;1061593088;21790720;1149681664;0;0;0;0;0;0;0;0;0;0;0;2615;0;0;95;0;160;0;
15065;5761786;1061593088;21790720;1149681664;0;0;0;0;0;0;0;0;0;0;0;1814;0;0;95;0;160;0;
15066;4531088;1061593088;21790720;1149681664;0;0;0;0;0;0;0;0;0;0;0;2565;0;0;95;0;160;0;
15067;5872293;1061593088;21790720;1149681664;0;0;0;0;0;0;0;0;0;0;0;1934;0;0;95;0;160;0;
15068;5839171;1061593088;21790720;1149681664;0;0;0;0;0;0;0;0;0;0;0;2454;0;0;95;0;160;0;
15069;6550474;1061593088;21790720;1149681664;0;0;0;0;0;0;0;0;0;0;0;1984;0;0;95;0;160;0;
15070;3385890;1061593088;21790720;1149681664;0;0;0;0;0;0;0;0;0;0;0;2004;0;0;95;0;160;0;
15071;5379819;1061593088;21790720;1149681664;0;0;0;0;0;0;0;0;0;0;0;1813;0;0;95;0;160;0;
15072;4845326;1056067584;15204352;1143095296;0;0;0;0;0;0;0;0;0;0;0;2404;0;0;95;0;160;0;
15073;6311466;1056067584;15204352;1143095296;0;0;0;0;0;0;0;0;0;0;0;1893;0;0;95;0;160;0;
15074;3964214;1056067584;15204352;1143095296;0;0;0;0;0;0;0;0;0;0;0;2786;0;0;95;0;160;0;
15075;6882206;1056067584;15204352;1143095296;0;0;0;0;0;0;0;0;0;0;0;1924;0;0;95;0;160;0;
15076;3141982;1056067584;15204352;1143095296;0;0;0;0;0;0;0;0;0;0;0;2244;0;0;95;0;160;0;
15077;5435934;1056067584;15204352;1143095296;0;0;0;0;0;0;0;0;0;0;0;1663;0;0;95;0;160;0;
15078;5063677;1056067584;15204352;1143095296;0;0;0;0;0;0;0;0;0;0;0;2645;0;0;95;0;160;0;
15079;6042853;1056067584;15204352;1143095296;0;0;0;0;0;0;0;0;0;0;0;1934;0;0;95;0;160;0;
15080;4143811;1056067584;15204352;1143095296;0;0;0;0;0;0;0;0;0;0;0;3356;0;0;95;0;160;0;
15081;6632358;1056067584;15204352;1143095296;0;0;0;0;0;0;0;0;0;0;0;1814;0;0;95;0;160;0;
15082;4907383;1056067584;15204352;1143095296;0;0;0;0;0;0;0;0;0;0;0;3116;0;0;95;0;160;0;
15083;6305004;1056067584;15204352;1143095296;0;0;0;0;0;0;0;0;0;0;0;2234;0;0;95;0;160;0;
15084;5328583;1056067584;15204352;1143095296;0;0;0;0;0;0;0;0;0;0;0;2826;0;0;95;0;160;0;
15085;5655536;1056067584;15204352;1143095296;0;0;0;0;0;0;0;0;0;0;0;2635;0;0;95;0;160;0;
15086;3488472;1056067584;15204352;1143095296;0;0;0;0;0;0;0;0;0;0;0;2144;0;0;95;0;160;0;
15087;7609049;1059508224;21790720;1149681664;0;0;0;0;0;0;0;0;0;0;0;2816;0;0;95;0;160;0;
15088;3655946;1061605376;21790720;1149681664;0;0;0;0;0;0;0;0;0;0;0;2615;0;0;95;0;160;0;
15089;6425501;1061605376;21790720;1149681664;0;0;0;0;0;0;0;0;0;0;0;1563;0;0;95;0;160;0;
15090;4383270;1061605376;21790720;1149681664;0;0;0;0;0;0;0;0;0;0;0;2194;0;0;95;0;160;0;
15091;6973468;1061605376;21790720;1149681664;0;0;0;0;0;0;0;0;0;0;0;1954;0;0;95;0;160;0;
15092;3886709;1061605376;21790720;1149681664;0;0;0;0;0;0;0;0;0;0;0;2675;0;0;95;0;160;0;
15093;6111802;1061605376;21790720;1149681664;0;0;0;0;0;0;0;0;0;0;0;1974;0;0;95;0;160;0;
15094;4291659;1061605376;21790720;1149681664;0;0;0;0;0;0;0;0;0;0;0;2425;0;0;95;0;160;0;
15095;6316236;1061605376;21790720;1149681664;0;0;0;0;0;0;0;0;0;0;0;1833;0;0;95;0;160;0;
15096;4554160;1056079872;15204352;1143095296;0;0;0;0;0;0;0;0;0;0;0;2454;0;0;95;0;160;0;
15097;5261548;1056079872;15204352;1143095296;0;0;0;0;0;0;0;0;0;0;0;2144;0;0;95;0;160;0;
15098;4536347;1056079872;15204352;1143095296;0;0;0;0;0;0;0;0;0;0;0;2264;0;0;95;0;160;0;
15099;6782620;1056079872;15204352;1143095296;0;0;0;0;0;0;0;0;0;0;0;2194;0;0;95;0;160;0;
15100;5254534;1056079872;15204352;1143095296;0;0;0;0;0;0;0;0;0;0;0;3036;0;0;95;0;160;0;
15101;6305145;1056079872;15204352;1143095296;0;0;0;0;0;0;0;0;0;0;0;1884;0;0;95;0;160;0;
15102;5625710;1056079872;15204352;1143095296;0;0;0;0;0;0;0;0;0;0;0;2434;0;0;95;0;160;0;
15103;5817921;1056079872;15204352;1143095296;0;0;0;0;0;0;0;0;0;0;0;1583;0;0;95;0;160;0;
15104;4866637;1056079872;15204352;1143095296;0;0;0;0;0;0;0;0;0;0;0;2725;0;0;95;0;160;0;
15105;5808062;1056079872;15204352;1143095296;0;0;0;0;0;0;0;0;0;0;0;1863;0;0;95;0;160;0;
15106;3998689;1056079872;15204352;1143095296;0;0;0;0;0;0;0;0;0;0;0;2365;0;0;95;0;160;0;
15107;6632388;1056079872;15204352;1143095296;0;0;0;0;0;0;0;0;0;0;0;1783;0;0;95;0;160;0;
15108;3864287;1056079872;15204352;1143095296;0;0;0;0;0;0;0;0;0;0;0;4729;0;0;95;0;160;0;
15109;7234568;1059520512;21790720;1149681664;0;0;0;0;0;0;0;0;0;0;0;2355;0;0;95;0;160;0;
15110;4596259;1061617664;21790720;1149681664;0;0;0;0;0;0;0;0;0;0;0;2165;0;0;95;0;160;0;
15111;5073484;1061617664;21790720;1149681664;0;0;0;0;0;0;0;0;0;0;0;1773;0;0;95;0;160;0;
15112;6106052;1061617664;21790720;1149681664;0;0;0;0;0;0;0;0;0;0;0;2314;0;0;95;0;160;0;
15113;5468486;1061617664;21790720;1149681664;0;0;0;0;0;0;0;0;0;0;0;1833;0;0;95;0;160;0;
15114;5738853;1061617664;21790720;1149681664;0;0;0;0;0;0;0;0;0;0;0;2185;0;0;95;0;160;0;
15115;5083754;1061617664;21790720;1149681664;0;0;0;0;0;0;0;0;0;0;0;1794;0;0;95;0;160;0;
15116;4549812;1061617664;21790720;1149681664;0;0;0;0;0;0;0;0;0;0;0;2465;0;0;95;0;160;0;
15117;6094599;1061617664;21790720;1149681664;0;0;0;0;0;0;0;0;0;0;0;2014;0;0;95;0;160;0;
15118;4321985;1056092160;15204352;1143095296;0;0;0;0;0;0;0;0;0;0;0;2284;0;0;95;0;160;0;
15119;6248278;1056092160;15204352;1143095296;0;0;0;0;0;0;0;0;0;0;0;1563;0;0;95;0;160;0;
15120;4231676;1056092160;15204352;1143095296;0;0;0;0;0;0;0;0;0;0;0;2755;0;0;95;0;160;0;
15121;6205437;1056092160;15204352;1143095296;0;0;0;0;0;0;0;0;0;0;0;1743;0;0;95;0;160;0;
15122;5607105;1056092160;15204352;1143095296;0;0;0;0;0;0;0;0;0;0;0;2355;0;0;95;0;160;0;
15123;5407611;1056092160;15204352;1143095296;0;0;0;0;0;0;0;0;0;0;0;1964;0;0;95;0;160;0;
15124;5204641;1056092160;15204352;1143095296;0;0;0;0;0;0;0;0;0;0;0;1874;0;0;95;0;160;0;
15125;6787218;1056092160;15204352;1143095296;0;0;0;0;0;0;0;0;0;0;0;1743;0;0;95;0;160;0;
15126;4930677;1056092160;15204352;1143095296;0;0;0;0;0;0;0;0;0;0;0;2404;0;0;95;0;160;0;
15127;7260897;1056092160;15204352;1143095296;0;0;0;0;0;0;0;0;0;0;0;2515;0;0;95;0;160;0;
15128;4771147;1056092160;15204352;1143095296;0;0;0;0;0;0;0;0;0;0;0;3016;0;0;95;0;160;0;
15129;7281345;1056092160;15204352;1143095296;0;0;0;0;0;0;0;0;0;0;0;2725;0;0;95;0;160;0;
15130;4022163;1056092160;15204352;1143095296;0;0;0;0;0;0;0;0;0;0;0;2394;0;0;95;0;160;0;
15131;5472533;1056092160;15204352;1143095296;0;0;0;0;0;0;0;0;0;0;0;1763;0;0;95;0;160;0;
15132;5074477;1056092160;15204352;1143095296;0;0;0;0;0;0;0;0;0;0;0;2966;0;0;95;0;160;0;
15133;6394732;1056092160;15204352;1143095296;0;0;0;0;0;0;0;0;0;0;0;2825;0;0;95;0;160;0;
15134;7281475;1056092160;15204352;1143095296;0;0;0;0;0;0;0;0;0;0;0;3116;0;0;95;0;160;0;
15135;7961070;1059532800;21790720;1149681664;0;0;0;0;0;0;0;0;0;0;0;2866;0;0;95;0;160;0;
15136;6048734;1061629952;21790720;1149681664;0;0;0;0;0;0;0;0;0;0;0;4469;0;0;95;0;160;0;
15137;6781758;1061629952;21790720;1149681664;0;0;0;0;0;0;0;0;0;0;0;2746;0;0;95;0;160;0;
15138;5945019;1061629952;21790720;1149681664;0;0;0;0;0;0;0;0;0;0;0;2835;0;0;95;0;160;0;
15139;7374330;1061629952;21790720;1149681664;0;0;0;0;0;0;0;0;0;0;0;3406;0;0;95;0;160;0;
15140;5512839;1061629952;21790720;1149681664;0;0;0;0;0;0;0;0;0;0;0;3706;0;0;95;0;160;0;
15141;6788742;1061629952;21790720;1149681664;0;0;0;0;0;0;0;0;0;0;0;3086;0;0;95;0;160;0;
15142;6958580;1061629952;21790720;1149681664;0;0;0;0;0;0;0;0;0;0;0;4237;0;0;95;0;160;0;
15143;7485348;1061629952;21790720;1149681664;0;0;0;0;0;0;0;0;0;0;0;2244;0;0;95;0;160;0;
15144;7099414;1056104448;15204352;1143095296;0;0;0;0;0;0;0;0;0;0;0;3076;0;0;95;0;160;0;
15145;7799918;1056104448;15204352;1143095296;0;0;0;0;0;0;0;0;0;0;0;2504;0;0;95;0;160;0;
15146;5194792;1056104448;15204352;1143095296;0;0;0;0;0;0;0;0;0;0;0;3787;0;0;95;0;160;0;
15147;7838160;1056104448;15204352;1143095296;0;0;0;0;0;0;0;0;0;0;0;2284;0;0;95;0;160;0;
15148;4390363;1056104448;15204352;1143095296;0;0;0;0;0;0;0;0;0;0;0;3446;0;0;95;0;160;0;
15149;7545170;1056104448;15204352;1143095296;0;0;0;0;0;0;0;0;0;0;0;2034;0;0;95;0;160;0;
15150;6859314;1056104448;15204352;1143095296;0;0;0;0;0;0;0;0;0;0;0;3607;0;0;95;0;160;0;
15151;7095487;1056104448;15204352;1143095296;0;0;0;0;0;0;0;0;0;0;0;2275;0;0;95;0;160;0;
15152;5043128;1056104448;15204352;1143095296;0;0;0;0;0;0;0;0;0;0;0;2765;0;0;95;0;160;0;
15153;7483034;1056104448;15204352;1143095296;0;0;0;0;0;0;0;0;0;0;0;1904;0;0;95;0;160;0;
15154;6561054;1056104448;15204352;1143095296;0;0;0;0;0;0;0;0;0;0;0;3557;0;0;95;0;160;0;
15155;7669694;1056104448;15204352;1143095296;0;0;0;0;0;0;0;0;0;0;0;2745;0;0;95;0;160;0;
15156;4525838;1056104448;15204352;1143095296;0;0;0;0;0;0;0;0;0;0;0;3086;0;0;95;0;160;0;
15157;7215632;1059545088;21790720;1149681664;0;0;0;0;0;0;0;0;0;0;0;2004;0;0;95;0;160;0;
15158;5297755;1061642240;21790720;1149681664;0;0;0;0;0;0;0;0;0;0;0;3566;0;0;95;0;160;0;
15159;6931089;1061642240;21790720;1149681664;0;0;0;0;0;0;0;0;0;0;0;2144;0;0;95;0;160;0;
15160;4241585;1061642240;21790720;1149681664;0;0;0;0;0;0;0;0;0;0;0;2334;0;0;95;0;160;0;
15161;6307249;1061642240;21790720;1149681664;0;0;0;0;0;0;0;0;0;0;0;2084;0;0;95;0;160;0;
15162;3379318;1061642240;21790720;1149681664;0;0;0;0;0;0;0;0;0;0;0;2074;0;0;95;0;160;0;
15163;5331198;1061642240;21790720;1149681664;0;0;0;0;0;0;0;0;0;0;0;1533;0;0;95;0;160;0;
15164;4403328;1061642240;21790720;1149681664;0;0;0;0;0;0;0;0;0;0;0;2234;0;0;95;0;160;0;
15165;5443709;1061642240;21790720;1149681664;0;0;0;0;0;0;0;0;0;0;0;2284;0;0;95;0;160;0;
15166;4411213;1056116736;15204352;1143095296;0;0;0;0;0;0;0;0;0;0;0;2845;0;0;95;0;160;0;
15167;5804064;1056116736;15204352;1143095296;0;0;0;0;0;0;0;0;0;0;0;2054;0;0;95;0;160;0;
15168;4583475;1056116736;15204352;1143095296;0;0;0;0;0;0;0;0;0;0;0;2335;0;0;95;0;160;0;
15169;5362497;1056116736;15204352;1143095296;0;0;0;0;0;0;0;0;0;0;0;1813;0;0;95;0;160;0;
15170;4861818;1056116736;15204352;1143095296;0;0;0;0;0;0;0;0;0;0;0;2254;0;0;95;0;160;0;
15171;5110454;1056116736;15204352;1143095296;0;0;0;0;0;0;0;0;0;0;0;1723;0;0;95;0;160;0;
15172;4850927;1056116736;15204352;1143095296;0;0;0;0;0;0;0;0;0;0;0;2665;0;0;95;0;160;0;
15173;5912698;1056116736;15204352;1143095296;0;0;0;0;0;0;0;0;0;0;0;2084;0;0;95;0;160;0;
15174;6185240;1056116736;15204352;1143095296;0;0;0;0;0;0;0;0;0;0;0;4067;0;0;95;0;160;0;
15175;6116801;1056116736;15204352;1143095296;0;0;0;0;0;0;0;0;0;0;0;2063;0;0;95;0;160;0;
15176;4787188;1056116736;15204352;1143095296;0;0;0;0;0;0;0;0;0;0;0;2885;0;0;95;0;160;0;
15177;5278609;1056116736;15204352;1143095296;0;0;0;0;0;0;0;0;0;0;0;1903;0;0;95;0;160;0;
15178;5456653;1056116736;15204352;1143095296;0;0;0;0;0;0;0;0;0;0;0;2364;0;0;95;0;160;0;
15179;6680338;1059557376;21790720;1149681664;0;0;0;0;0;0;0;0;0;0;0;2083;0;0;95;0;160;0;
15180;5968763;1061654528;21790720;1149681664;0;0;0;0;0;0;0;0;0;0;0;2665;0;0;95;0;160;0;
15181;6682543;1061654528;21790720;1149681664;0;0;0;0;0;0;0;0;0;0;0;2545;0;0;95;0;160;0;
15182;3911095;1061654528;21790720;1149681664;0;0;0;0;0;0;0;0;0;0;0;2314;0;0;95;0;160;0;
15183;5929100;1061654528;21790720;1149681664;0;0;0;0;0;0;0;0;0;0;0;2394;0;0;95;0;160;0;
15184;4695907;1061654528;21790720;1149681664;0;0;0;0;0;0;0;0;0;0;0;2956;0;0;95;0;160;0;
15185;6988866;1061654528;21790720;1149681664;0;0;0;0;0;0;0;0;0;0;0;1794;0;0;95;0;160;0;
15186;2885161;1061654528;21790720;1149681664;0;0;0;0;0;0;0;0;0;0;0;2084;0;0;95;0;160;0;
15187;7445583;1061654528;21790720;1149681664;0;0;0;0;0;0;0;0;0;0;0;1943;0;0;95;0;160;0;
15188;3986937;1056129024;15204352;1143095296;0;0;0;0;0;0;0;0;0;0;0;6392;0;0;95;0;160;0;
15189;10455187;1056129024;15204352;1143095296;0;0;0;0;0;0;0;0;0;0;0;6362;0;0;95;0;160;0;
15190;8995480;1056129024;15204352;1143095296;0;0;0;0;0;0;0;0;0;0;0;4048;0;0;95;0;160;0;
15191;10633081;1056129024;15204352;1143095296;0;0;0;0;0;0;0;0;0;0;0;3026;0;0;95;0;160;0;
15192;7983312;1056129024;15204352;1143095296;0;0;0;0;0;0;0;0;0;0;0;3346;0;0;95;0;160;0;
15193;7303357;1056129024;15204352;1143095296;0;0;0;0;0;0;0;0;0;0;0;4779;0;0;95;0;160;0;
15194;6317037;1056129024;15204352;1143095296;0;0;0;0;0;0;0;0;0;0;0;3506;0;0;95;0;160;0;
15195;10846101;1056129024;15204352;1143095296;0;0;0;0;0;0;0;0;0;0;0;4448;0;0;95;0;160;0;
15196;5004656;1056129024;15204352;1143095296;0;0;0;0;0;0;0;0;0;0;0;3086;0;0;95;0;160;0;
15197;8857972;1056129024;15204352;1143095296;0;0;0;0;0;0;0;0;0;0;0;3426;0;0;95;0;160;0;
15198;4431741;1056129024;15204352;1143095296;0;0;0;0;0;0;0;0;0;0;0;3326;0;0;95;0;160;0;
15199;8648559;1056129024;15204352;1143095296;0;0;0;0;0;0;0;0;0;0;0;3066;0;0;95;0;160;0;
15200;6501302;1056129024;15204352;1143095296;0;0;0;0;0;0;0;0;0;0;0;3887;0;0;95;0;160;0;
15201;6511531;1056129024;15204352;1143095296;0;0;0;0;0;0;0;0;0;0;0;3637;0;0;95;0;160;0;
15202;8630946;1056129024;15204352;1143095296;0;0;0;0;0;0;0;0;0;0;0;3517;0;0;95;0;160;0;
15203;6360438;1056129024;15204352;1143095296;0;0;0;0;0;0;0;0;0;0;0;3026;0;0;95;0;160;0;
15204;5175135;1056129024;15204352;1143095296;0;0;0;0;0;0;0;0;0;0;0;3667;0;0;95;0;160;0;
15205;6491003;1059569664;21790720;1149681664;0;0;0;0;0;0;0;0;0;0;0;2996;0;0;95;0;160;0;
15206;6298712;1061666816;21790720;1149681664;0;0;0;0;0;0;0;0;0;0;0;3266;0;0;95;0;160;0;
15207;5520252;1061666816;21790720;1149681664;0;0;0;0;0;0;0;0;0;0;0;2425;0;0;95;0;160;0;
15208;3909922;1061666816;21790720;1149681664;0;0;0;0;0;0;0;0;0;0;0;3757;0;0;95;0;160;0;
15209;5439190;1061666816;21790720;1149681664;0;0;0;0;0;0;0;0;0;0;0;1963;0;0;95;0;160;0;
15210;5746577;1061666816;21790720;1149681664;0;0;0;0;0;0;0;0;0;0;0;3507;0;0;95;0;160;0;
15211;5489785;1061666816;21790720;1149681664;0;0;0;0;0;0;0;0;0;0;0;2054;0;0;95;0;160;0;
15212;5100946;1061666816;21790720;1149681664;0;0;0;0;0;0;0;0;0;0;0;3076;0;0;95;0;160;0;
15213;5402742;1061666816;21790720;1149681664;0;0;0;0;0;0;0;0;0;0;0;2254;0;0;95;0;160;0;
15214;5390128;1056141312;15204352;1143095296;0;0;0;0;0;0;0;0;0;0;0;2876;0;0;95;0;160;0;
15215;6166154;1056141312;15204352;1143095296;0;0;0;0;0;0;0;0;0;0;0;1954;0;0;95;0;160;0;
15216;6042993;1056141312;15204352;1143095296;0;0;0;0;0;0;0;0;0;0;0;3336;0;0;95;0;160;0;
15217;5551852;1056141312;15204352;1143095296;0;0;0;0;0;0;0;0;0;0;0;2104;0;0;95;0;160;0;
15218;13721403;1056141312;15204352;1143095296;0;0;0;0;0;0;0;0;0;0;0;5521;0;0;95;0;160;0;
15219;6741213;1056141312;15204352;1143095296;0;0;0;0;0;0;0;0;0;0;0;2725;0;0;95;0;160;0;
15220;3852504;1056141312;15204352;1143095296;0;0;0;0;0;0;0;0;0;0;0;2865;0;0;95;0;160;0;
15221;5159306;1056141312;15204352;1143095296;0;0;0;0;0;0;0;0;0;0;0;2034;0;0;95;0;160;0;
15222;6062740;1056141312;15204352;1143095296;0;0;0;0;0;0;0;0;0;0;0;3757;0;0;95;0;160;0;
15223;6104088;1056141312;15204352;1143095296;0;0;0;0;0;0;0;0;0;0;0;1863;0;0;95;0;160;0;
15224;4435137;1056141312;15204352;1143095296;0;0;0;0;0;0;0;0;0;0;0;3116;0;0;95;0;160;0;
15225;5581728;1056141312;15204352;1143095296;0;0;0;0;0;0;0;0;0;0;0;2024;0;0;95;0;160;0;
15226;5341517;1056141312;15204352;1143095296;0;0;0;0;0;0;0;0;0;0;0;3056;0;0;95;0;160;0;
15227;7784368;1059581952;21790720;1149681664;0;0;0;0;0;0;0;0;0;0;0;2655;0;0;95;0;160;0;
15228;5061212;1061679104;21790720;1149681664;0;0;0;0;0;0;0;0;0;0;0;3155;0;0;95;0;160;0;
15229;6838174;1061679104;21790720;1149681664;0;0;0;0;0;0;0;0;0;0;0;2755;0;0;95;0;160;0;
15230;4246494;1061679104;21790720;1149681664;0;0;0;0;0;0;0;0;0;0;0;2915;0;0;95;0;160;0;
15231;5013192;1061679104;21790720;1149681664;0;0;0;0;0;0;0;0;0;0;0;2735;0;0;95;0;160;0;
15232;3857404;1061679104;21790720;1149681664;0;0;0;0;0;0;0;0;0;0;0;2625;0;0;95;0;160;0;
15233;7192087;1061679104;21790720;1149681664;0;0;0;0;0;0;0;0;0;0;0;2815;0;0;95;0;160;0;
15234;3536021;1061679104;21790720;1149681664;0;0;0;0;0;0;0;0;0;0;0;2735;0;0;95;0;160;0;
15235;6371429;1061679104;21790720;1149681664;0;0;0;0;0;0;0;0;0;0;0;2114;0;0;95;0;160;0;
15236;4429958;1056153600;15204352;1143095296;0;0;0;0;0;0;0;0;0;0;0;3406;0;0;95;0;160;0;
15237;7708567;1056153600;15204352;1143095296;0;0;0;0;0;0;0;0;0;0;0;3206;0;0;95;0;160;0;
15238;3959976;1056153600;15204352;1143095296;0;0;0;0;0;0;0;0;0;0;0;3366;0;0;95;0;160;0;
15239;7580827;1056153600;15204352;1143095296;0;0;0;0;0;0;0;0;0;0;0;2584;0;0;95;0;160;0;
15240;4997031;1056153600;15204352;1143095296;0;0;0;0;0;0;0;0;0;0;0;3316;0;0;95;0;160;0;
15241;6253408;1056153600;15204352;1143095296;0;0;0;0;0;0;0;0;0;0;0;2996;0;0;95;0;160;0;
15242;3947242;1056153600;15204352;1143095296;0;0;0;0;0;0;0;0;0;0;0;3256;0;0;95;0;160;0;
15243;6302410;1056153600;15204352;1143095296;0;0;0;0;0;0;0;0;0;0;0;2585;0;0;95;0;160;0;
15244;4173907;1056153600;15204352;1143095296;0;0;0;0;0;0;0;0;0;0;0;2795;0;0;95;0;160;0;
15245;4969489;1056153600;15204352;1143095296;0;0;0;0;0;0;0;0;0;0;0;2004;0;0;95;0;160;0;
15246;3433890;1056153600;15204352;1143095296;0;0;0;0;0;0;0;0;0;0;0;3276;0;0;95;0;160;0;
15247;5556861;1056153600;15204352;1143095296;0;0;0;0;0;0;0;0;0;0;0;3135;0;0;95;0;160;0;
15248;3690671;1056153600;15204352;1143095296;0;0;0;0;0;0;0;0;0;0;0;2965;0;0;95;0;160;0;
15249;7965008;1059594240;21790720;1149681664;0;0;0;0;0;0;0;0;0;0;0;2184;0;0;95;0;160;0;
15250;4085041;1061691392;21790720;1149681664;0;0;0;0;0;0;0;0;0;0;0;2895;0;0;95;0;160;0;
15251;6117874;1061691392;21790720;1149681664;0;0;0;0;0;0;0;0;0;0;0;2615;0;0;95;0;160;0;
15252;4516951;1061691392;21790720;1149681664;0;0;0;0;0;0;0;0;0;0;0;3006;0;0;95;0;160;0;
15253;6915759;1061691392;21790720;1149681664;0;0;0;0;0;0;0;0;0;0;0;2815;0;0;95;0;160;0;
15254;5087271;1061691392;21790720;1149681664;0;0;0;0;0;0;0;0;0;0;0;3366;0;0;95;0;160;0;
15255;7038199;1061691392;21790720;1149681664;0;0;0;0;0;0;0;0;0;0;0;3357;0;0;95;0;160;0;
15256;5870068;1061691392;21790720;1149681664;0;0;0;0;0;0;0;0;0;0;0;3827;0;0;95;0;160;0;
15257;8657636;1061691392;21790720;1149681664;0;0;0;0;0;0;0;0;0;0;0;3476;0;0;95;0;160;0;
15258;6831612;1056165888;15204352;1143095296;0;0;0;0;0;0;0;0;0;0;0;3025;0;0;95;0;160;0;
15259;9033241;1056165888;15204352;1143095296;0;0;0;0;0;0;0;0;0;0;0;3697;0;0;95;0;160;0;
15260;5511747;1056165888;15204352;1143095296;0;0;0;0;0;0;0;0;0;0;0;2896;0;0;95;0;160;0;
15261;8425221;1056165888;15204352;1143095296;0;0;0;0;0;0;0;0;0;0;0;3457;0;0;95;0;160;0;
15262;5444922;1056165888;15204352;1143095296;0;0;0;0;0;0;0;0;0;0;0;3146;0;0;95;0;160;0;
15263;7372036;1056165888;15204352;1143095296;0;0;0;0;0;0;0;0;0;0;0;3407;0;0;95;0;160;0;
15264;6173418;1056165888;15204352;1143095296;0;0;0;0;0;0;0;0;0;0;0;3376;0;0;95;0;160;0;
15265;7403073;1056165888;15204352;1143095296;0;0;0;0;0;0;0;0;0;0;0;3566;0;0;95;0;160;0;
15266;6055897;1056165888;15204352;1143095296;0;0;0;0;0;0;0;0;0;0;0;2965;0;0;95;0;160;0;
15267;7517578;1056165888;15208448;1143099392;0;0;0;0;0;0;0;0;0;0;0;3115;0;0;95;0;160;0;
15268;6222570;1056165888;15212544;1143103488;0;0;0;0;0;0;0;0;0;0;0;3076;0;0;95;0;160;0;
15269;9021629;1059606528;21798912;1149689856;0;0;0;0;0;0;0;0;0;0;0;3076;0;0;95;0;160;0;
15270;7588953;1061703680;21798912;1149689856;0;0;0;0;0;0;0;0;0;0;0;3236;0;0;95;0;160;0;
15271;7445974;1061703680;21798912;1149689856;0;0;0;0;0;0;0;0;0;0;0;2805;0;0;95;0;160;0;
15272;5911406;1061703680;21798912;1149689856;0;0;0;0;0;0;0;0;0;0;0;2946;0;0;95;0;160;0;
15273;7731760;1061703680;21798912;1149689856;0;0;0;0;0;0;0;0;0;0;0;2935;0;0;95;0;160;0;
15274;6727577;1061744640;21790720;1149681664;0;0;0;0;0;0;0;0;0;0;0;2935;0;0;95;0;160;0;
15275;9039302;1061744640;21790720;1149681664;0;0;0;0;0;0;0;0;0;0;0;3086;0;0;95;0;160;0;
15276;11029615;1061744640;21790720;1149681664;0;0;0;0;0;0;0;0;0;0;0;3557;0;0;95;0;160;0;
15277;9782395;1061744640;21790720;1149681664;0;0;0;0;0;0;0;0;0;0;0;3366;0;0;95;0;160;0;
15278;7548276;1061744640;21790720;1149681664;0;0;0;0;0;0;0;0;0;0;0;3466;0;0;95;0;160;0;
15279;8999106;1061744640;21790720;1149681664;0;0;0;0;0;0;0;0;0;0;0;4058;0;0;95;0;160;0;
15280;5869107;1061744640;21790720;1149681664;0;0;0;0;0;0;0;0;0;0;0;3006;0;0;95;0;160;0;
15281;6738077;1061744640;21790720;1149681664;0;0;0;0;0;0;0;0;0;0;0;2955;0;0;95;0;160;0;
15282;6765969;1061744640;21790720;1149681664;0;0;0;0;0;0;0;0;0;0;0;3186;0;0;95;0;160;0;
15283;5291293;1061744640;21790720;1149681664;0;0;0;0;0;0;0;0;0;0;0;2114;0;0;95;0;160;0;
15284;8031412;1056178176;15204352;1143095296;0;0;0;0;0;0;0;0;0;0;0;3617;0;0;95;0;160;0;
15285;6884050;1056178176;15204352;1143095296;0;0;0;0;0;0;0;0;0;0;0;3326;0;0;95;0;160;0;
15286;7777866;1056178176;15204352;1143095296;0;0;0;0;0;0;0;0;0;0;0;3226;0;0;95;0;160;0;
15287;7841636;1056178176;15204352;1143095296;0;0;0;0;0;0;0;0;0;0;0;2885;0;0;95;0;160;0;
15288;7254184;1056178176;15204352;1143095296;0;0;0;0;0;0;0;0;0;0;0;3286;0;0;95;0;160;0;
15289;6827163;1056178176;15204352;1143095296;0;0;0;0;0;0;0;0;0;0;0;3276;0;0;95;0;160;0;
15290;6822144;1056178176;15204352;1143095296;0;0;0;0;0;0;0;0;0;0;0;4248;0;0;95;0;160;0;
15291;12371040;1056178176;15204352;1143095296;0;0;0;0;0;0;0;0;0;0;0;338655;0;0;95;0;160;0;
15292;5777605;1056178176;15208448;1143099392;0;0;0;0;0;0;0;0;0;0;0;3096;0;0;95;0;160;0;
15293;10676512;1056178176;15208448;1143099392;0;0;0;0;0;0;0;0;0;0;0;4018;0;0;95;0;160;0;
15294;4449254;1056178176;15208448;1143099392;0;0;0;0;0;0;0;0;0;0;0;3828;0;0;95;0;160;0;
15295;8320083;1056178176;15208448;1143099392;0;0;0;0;0;0;0;0;0;0;0;3527;0;0;95;0;160;0;
15296;5205742;1056178176;15208448;1143099392;0;0;0;0;0;0;0;0;0;0;0;3366;0;0;95;0;160;0;
15297;11131887;1059618816;21794816;1149685760;0;0;0;0;0;0;0;0;0;0;0;4198;0;0;95;0;160;0;
15298;4977555;1061715968;21794816;1149685760;0;0;0;0;0;0;0;0;0;0;0;3397;0;0;95;0;160;0;
15299;9218939;1061715968;21794816;1149685760;0;0;0;0;0;0;0;0;0;0;0;3246;0;0;95;0;160;0;
15300;6495242;1061748736;21790720;1149681664;0;0;0;0;0;0;0;0;0;0;0;3567;0;0;95;0;160;0;
15301;7897431;1061748736;21790720;1149681664;0;0;0;0;0;0;0;0;0;0;0;3136;0;0;95;0;160;0;
15302;5707935;1061748736;21790720;1149681664;0;0;0;0;0;0;0;0;0;0;0;4369;0;0;95;0;160;0;
15303;8621409;1061748736;21790720;1149681664;0;0;0;0;0;0;0;0;0;0;0;4037;0;0;95;0;160;0;
15304;5286194;1061748736;21790720;1149681664;0;0;0;0;0;0;0;0;0;0;0;3777;0;0;95;0;160;0;
15305;7064068;1061748736;21790720;1149681664;0;0;0;0;0;0;0;0;0;0;0;2895;0;0;95;0;160;0;
15306;6847511;1056190464;15204352;1143095296;0;0;0;0;0;0;0;0;0;0;0;3416;0;0;95;0;160;0;
15307;9401251;1056190464;15204352;1143095296;0;0;0;0;0;0;0;0;0;0;0;3647;0;0;95;0;160;0;
15308;6414569;1056190464;15204352;1143095296;0;0;0;0;0;0;0;0;0;0;0;4138;0;0;95;0;160;0;
15309;9454341;1056190464;15204352;1143095296;0;0;0;0;0;0;0;0;0;0;0;3166;0;0;95;0;160;0;
15310;4717978;1056190464;15204352;1143095296;0;0;0;0;0;0;0;0;0;0;0;3266;0;0;95;0;160;0;
15311;6600328;1056190464;15204352;1143095296;0;0;0;0;0;0;0;0;0;0;0;3306;0;0;95;0;160;0;
15312;6418768;1056190464;15204352;1143095296;0;0;0;0;0;0;0;0;0;0;0;3146;0;0;95;0;160;0;
15313;8967948;1056190464;15204352;1143095296;0;0;0;0;0;0;0;0;0;0;0;3667;0;0;95;0;160;0;
15314;6829157;1056190464;15204352;1143095296;0;0;0;0;0;0;0;0;0;0;0;3156;0;0;95;0;160;0;
15315;10486296;1056190464;15204352;1143095296;0;0;0;0;0;0;0;0;0;0;0;2865;0;0;95;0;160;0;
15316;6458853;1056190464;15204352;1143095296;0;0;0;0;0;0;0;0;0;0;0;2965;0;0;95;0;160;0;
15317;10230115;1056190464;15204352;1143095296;0;0;0;0;0;0;0;0;0;0;0;3506;0;0;95;0;160;0;
15318;7005498;1056190464;15204352;1143095296;0;0;0;0;0;0;0;0;0;0;0;3226;0;0;95;0;160;0;
15319;9504615;1059631104;21790720;1149681664;0;0;0;0;0;0;0;0;0;0;0;4519;0;0;95;0;160;0;
15320;7480569;1061728256;21790720;1149681664;0;0;0;0;0;0;0;0;0;0;0;3206;0;0;95;0;160;0;
15321;9683511;1061728256;21790720;1149681664;0;0;0;0;0;0;0;0;0;0;0;3026;0;0;95;0;160;0;
15322;5724926;1061728256;21790720;1149681664;0;0;0;0;0;0;0;0;0;0;0;3857;0;0;95;0;160;0;
15323;7527998;1061728256;21790720;1149681664;0;0;0;0;0;0;0;0;0;0;0;4579;0;0;95;0;160;0;
15324;6088919;1061728256;21790720;1149681664;0;0;0;0;0;0;0;0;0;0;0;4198;0;0;95;0;160;0;
15325;8755870;1061728256;21790720;1149681664;0;0;0;0;0;0;0;0;0;0;0;4168;0;0;95;0;160;0;
15326;4805292;1061728256;21790720;1149681664;0;0;0;0;0;0;0;0;0;0;0;4018;0;0;95;0;160;0;
15327;9743422;1061728256;21790720;1149681664;0;0;0;0;0;0;0;0;0;0;0;3727;0;0;95;0;160;0;
15328;8710275;1056202752;15204352;1143095296;0;0;0;0;0;0;0;0;0;0;0;4198;0;0;95;0;160;0;
15329;8801446;1056202752;15204352;1143095296;0;0;0;0;0;0;0;0;0;0;0;2925;0;0;95;0;160;0;
15330;6754377;1056202752;15204352;1143095296;0;0;0;0;0;0;0;0;0;0;0;2635;0;0;95;0;160;0;
15331;6937220;1056202752;15204352;1143095296;0;0;0;0;0;0;0;0;0;0;0;3666;0;0;95;0;160;0;
15332;8453163;1056202752;15204352;1143095296;0;0;0;0;0;0;0;0;0;0;0;3356;0;0;95;0;160;0;
15333;6860236;1056202752;15208448;1143099392;0;0;0;0;0;0;0;0;0;0;0;2865;0;0;95;0;160;0;
15334;5566930;1056202752;15212544;1143103488;0;0;0;0;0;0;0;0;0;0;0;3487;0;0;95;0;160;0;
15335;7745606;1056202752;15212544;1143103488;0;0;0;0;0;0;0;0;0;0;0;3717;0;0;95;0;160;0;
15336;6767782;1056202752;15212544;1143103488;0;0;0;0;0;0;0;0;0;0;0;2955;0;0;95;0;160;0;
15337;8738488;1056202752;15212544;1143103488;0;0;0;0;0;0;0;0;0;0;0;3376;0;0;95;0;160;0;
15338;7263642;1056202752;15212544;1143103488;0;0;0;0;0;0;0;0;0;0;0;3457;0;0;95;0;160;0;
15339;6623722;1056202752;15212544;1143103488;0;0;0;0;0;0;0;0;0;0;0;2855;0;0;95;0;160;0;
15340;7691815;1056202752;15204352;1143095296;0;0;0;0;0;0;0;0;0;0;0;3536;0;0;95;0;160;0;
15341;7649386;1056202752;15204352;1143095296;0;0;0;0;0;0;0;0;0;0;0;3377;0;0;95;0;160;0;
15342;4210657;1056202752;15204352;1143095296;0;0;0;0;0;0;0;0;0;0;0;3216;0;0;95;0;160;0;
15343;8060988;1059643392;21790720;1149681664;0;0;0;0;0;0;0;0;0;0;0;3807;0;0;95;0;160;0;
15344;5435353;1061740544;21790720;1149681664;0;0;0;0;0;0;0;0;0;0;0;3447;0;0;95;0;160;0;
15345;8946879;1061740544;21790720;1149681664;0;0;0;0;0;0;0;0;0;0;0;3667;0;0;95;0;160;0;
15346;6306407;1061740544;21790720;1149681664;0;0;0;0;0;0;0;0;0;0;0;2946;0;0;95;0;160;0;
15347;7078976;1061740544;21790720;1149681664;0;0;0;0;0;0;0;0;0;0;0;3196;0;0;95;0;160;0;
15348;6820812;1061740544;21790720;1149681664;0;0;0;0;0;0;0;0;0;0;0;3186;0;0;95;0;160;0;
15349;7447638;1061740544;21790720;1149681664;0;0;0;0;0;0;0;0;0;0;0;3436;0;0;95;0;160;0;
15350;6333077;1061740544;21790720;1149681664;0;0;0;0;0;0;0;0;0;0;0;4729;0;0;95;0;160;0;
15351;8180983;1061740544;21790720;1149681664;0;0;0;0;0;0;0;0;0;0;0;3958;0;0;95;0;160;0;
15352;5393404;1056215040;15204352;1143095296;0;0;0;0;0;0;0;0;0;0;0;3487;0;0;95;0;160;0;
15353;8257626;1056215040;15204352;1143095296;0;0;0;0;0;0;0;0;0;0;0;3096;0;0;95;0;160;0;
15354;5354803;1056215040;15204352;1143095296;0;0;0;0;0;0;0;0;0;0;0;3276;0;0;95;0;160;0;
15355;6171844;1056215040;15204352;1143095296;0;0;0;0;0;0;0;0;0;0;0;2935;0;0;95;0;160;0;
15356;6841110;1056215040;15204352;1143095296;0;0;0;0;0;0;0;0;0;0;0;3978;0;0;95;0;160;0;
15357;6384613;1056215040;15204352;1143095296;0;0;0;0;0;0;0;0;0;0;0;3246;0;0;95;0;160;0;
15358;8646786;1056215040;15204352;1143095296;0;0;0;0;0;0;0;0;0;0;0;3837;0;0;95;0;160;0;
15359;6522923;1056215040;15204352;1143095296;0;0;0;0;0;0;0;0;0;0;0;3196;0;0;95;0;160;0;
15360;6438354;1056215040;15204352;1143095296;0;0;0;0;0;0;0;0;0;0;0;3386;0;0;95;0;160;0;
15361;5837678;1056215040;15204352;1143095296;0;0;0;0;0;0;0;0;0;0;0;2435;0;0;95;0;160;0;
15362;10697181;1056215040;15204352;1143095296;0;0;0;0;0;0;0;0;0;0;0;3256;0;0;95;0;160;0;
15363;8972517;1056215040;15204352;1143095296;0;0;0;0;0;0;0;0;0;0;0;2063;0;0;95;0;160;0;
15364;5329675;1056215040;15204352;1143095296;0;0;0;0;0;0;0;0;0;0;0;2494;0;0;95;0;160;0;
15365;8775978;1059655680;21790720;1149681664;0;0;0;0;0;0;0;0;0;0;0;3136;0;0;95;0;160;0;
15366;5639697;1061752832;21790720;1149681664;0;0;0;0;0;0;0;0;0;0;0;2986;0;0;95;0;160;0;
15367;8710636;1061752832;21790720;1149681664;0;0;0;0;0;0;0;0;0;0;0;3115;0;0;95;0;160;0;
15368;5335876;1061752832;21790720;1149681664;0;0;0;0;0;0;0;0;0;0;0;2755;0;0;95;0;160;0;
15369;8034277;1061752832;21790720;1149681664;0;0;0;0;0;0;0;0;0;0;0;3577;0;0;95;0;160;0;
15370;5966339;1061752832;21790720;1149681664;0;0;0;0;0;0;0;0;0;0;0;3306;0;0;95;0;160;0;
15371;8384504;1061752832;21790720;1149681664;0;0;0;0;0;0;0;0;0;0;0;2755;0;0;95;0;160;0;
15372;8279337;1061752832;21790720;1149681664;0;0;0;0;0;0;0;0;0;0;0;3346;0;0;95;0;160;0;
15373;6898357;1061752832;21790720;1149681664;0;0;0;0;0;0;0;0;0;0;0;3747;0;0;95;0;160;0;
15374;7714267;1056227328;15204352;1143095296;0;0;0;0;0;0;0;0;0;0;0;3346;0;0;95;0;160;0;
15375;7906658;1056227328;15204352;1143095296;0;0;0;0;0;0;0;0;0;0;0;3056;0;0;95;0;160;0;
15376;6831091;1056227328;15204352;1143095296;0;0;0;0;0;0;0;0;0;0;0;3327;0;0;95;0;160;0;
15377;7488264;1056227328;15204352;1143095296;0;0;0;0;0;0;0;0;0;0;0;2886;0;0;95;0;160;0;
15378;7677658;1056227328;15204352;1143095296;0;0;0;0;0;0;0;0;0;0;0;3256;0;0;95;0;160;0;
15379;9150771;1056227328;15204352;1143095296;0;0;0;0;0;0;0;0;0;0;0;3025;0;0;95;0;160;0;
15380;8743267;1056227328;15204352;1143095296;0;0;0;0;0;0;0;0;0;0;0;3666;0;0;95;0;160;0;
15381;7279512;1056227328;15204352;1143095296;0;0;0;0;0;0;0;0;0;0;0;3436;0;0;95;0;160;0;
15382;5838619;1056227328;15204352;1143095296;0;0;0;0;0;0;0;0;0;0;0;3076;0;0;95;0;160;0;
15383;5574194;1056227328;15204352;1143095296;0;0;0;0;0;0;0;0;0;0;0;2384;0;0;95;0;160;0;
15384;8438415;1056227328;15204352;1143095296;0;0;0;0;0;0;0;0;0;0;0;2916;0;0;95;0;160;0;
15385;6832654;1056227328;15204352;1143095296;0;0;0;0;0;0;0;0;0;0;0;2955;0;0;95;0;160;0;
15386;8702570;1056227328;15204352;1143095296;0;0;0;0;0;0;0;0;0;0;0;3416;0;0;95;0;160;0;
15387;7591938;1056227328;15204352;1143095296;0;0;0;0;0;0;0;0;0;0;0;2825;0;0;95;0;160;0;
15388;5755484;1056227328;15204352;1143095296;0;0;0;0;0;0;0;0;0;0;0;3166;0;0;95;0;160;0;
15389;7990455;1056227328;15204352;1143095296;0;0;0;0;0;0;0;0;0;0;0;2885;0;0;95;0;160;0;
15390;8173919;1056227328;15204352;1143095296;0;0;0;0;0;0;0;0;0;0;0;3677;0;0;95;0;160;0;
15391;7600985;1059667968;21790720;1149681664;0;0;0;0;0;0;0;0;0;0;0;2846;0;0;95;0;160;0;
15392;7645078;1061765120;21790720;1149681664;0;0;0;0;0;0;0;0;0;0;0;3256;0;0;95;0;160;0;
15393;6174138;1061765120;21790720;1149681664;0;0;0;0;0;0;0;0;0;0;0;3036;0;0;95;0;160;0;
15394;5959426;1061765120;21790720;1149681664;0;0;0;0;0;0;0;0;0;0;0;3256;0;0;95;0;160;0;
15395;4446258;1061765120;21790720;1149681664;0;0;0;0;0;0;0;0;0;0;0;1944;0;0;95;0;160;0;
15396;5277136;1061765120;21790720;1149681664;0;0;0;0;0;0;0;0;0;0;0;2154;0;0;95;0;160;0;
15397;6207111;1061765120;21790720;1149681664;0;0;0;0;0;0;0;0;0;0;0;3236;0;0;95;0;160;0;
15398;5911387;1061765120;21790720;1149681664;0;0;0;0;0;0;0;0;0;0;0;2785;0;0;95;0;160;0;
15399;6098076;1061765120;21790720;1149681664;0;0;0;0;0;0;0;0;0;0;0;3216;0;0;95;0;160;0;
15400;5226291;1056239616;15204352;1143095296;0;0;0;0;0;0;0;0;0;0;0;3998;0;0;95;0;160;0;
15401;8338548;1056239616;15204352;1143095296;0;0;0;0;0;0;0;0;0;0;0;3316;0;0;95;0;160;0;
15402;6189578;1056239616;15204352;1143095296;0;0;0;0;0;0;0;0;0;0;0;3426;0;0;95;0;160;0;
15403;7749513;1056239616;15204352;1143095296;0;0;0;0;0;0;0;0;0;0;0;3025;0;0;95;0;160;0;
15404;5024403;1056239616;15204352;1143095296;0;0;0;0;0;0;0;0;0;0;0;2805;0;0;95;0;160;0;
15405;8979510;1056239616;15204352;1143095296;0;0;0;0;0;0;0;0;0;0;0;3687;0;0;95;0;160;0;
15406;6458302;1056239616;15204352;1143095296;0;0;0;0;0;0;0;0;0;0;0;3627;0;0;95;0;160;0;
15407;7931705;1056239616;15204352;1143095296;0;0;0;0;0;0;0;0;0;0;0;3116;0;0;95;0;160;0;
15408;4949142;1056239616;15204352;1143095296;0;0;0;0;0;0;0;0;0;0;0;3166;0;0;95;0;160;0;
15409;7685954;1056239616;15204352;1143095296;0;0;0;0;0;0;0;0;0;0;0;2796;0;0;95;0;160;0;
15410;5140100;1056239616;15204352;1143095296;0;0;0;0;0;0;0;0;0;0;0;2905;0;0;95;0;160;0;
15411;7590936;1056239616;15204352;1143095296;0;0;0;0;0;0;0;0;0;0;0;2665;0;0;95;0;160;0;
15412;4042191;1056239616;15204352;1143095296;0;0;0;0;0;0;0;0;0;0;0;3327;0;0;95;0;160;0;
15413;8334961;1059680256;21790720;1149681664;0;0;0;0;0;0;0;0;0;0;0;2845;0;0;95;0;160;0;
15414;4195078;1061777408;21790720;1149681664;0;0;0;0;0;0;0;0;0;0;0;3056;0;0;95;0;160;0;
15415;7714588;1061777408;21790720;1149681664;0;0;0;0;0;0;0;0;0;0;0;3236;0;0;95;0;160;0;
15416;4371378;1061777408;21790720;1149681664;0;0;0;0;0;0;0;0;0;0;0;3216;0;0;95;0;160;0;
15417;6803710;1061777408;21790720;1149681664;0;0;0;0;0;0;0;0;0;0;0;2805;0;0;95;0;160;0;
15418;4716254;1061777408;21790720;1149681664;0;0;0;0;0;0;0;0;0;0;0;3807;0;0;95;0;160;0;
15419;7135802;1061777408;21790720;1149681664;0;0;0;0;0;0;0;0;0;0;0;2946;0;0;95;0;160;0;
15420;5731929;1061777408;21790720;1149681664;0;0;0;0;0;0;0;0;0;0;0;4218;0;0;95;0;160;0;
15421;7197448;1061777408;21790720;1149681664;0;0;0;0;0;0;0;0;0;0;0;2855;0;0;95;0;160;0;
15422;5569475;1056251904;15204352;1143095296;0;0;0;0;0;0;0;0;0;0;0;3236;0;0;95;0;160;0;
15423;9160118;1056251904;15204352;1143095296;0;0;0;0;0;0;0;0;0;0;0;3306;0;0;95;0;160;0;
15424;6319472;1056251904;15204352;1143095296;0;0;0;0;0;0;0;0;0;0;0;3346;0;0;95;0;160;0;
15425;8632198;1056251904;15204352;1143095296;0;0;0;0;0;0;0;0;0;0;0;3417;0;0;95;0;160;0;
15426;6531609;1056251904;15204352;1143095296;0;0;0;0;0;0;0;0;0;0;0;3015;0;0;95;0;160;0;
15427;9443891;1056251904;15204352;1143095296;0;0;0;0;0;0;0;0;0;0;0;3266;0;0;95;0;160;0;
15428;5164445;1056251904;15204352;1143095296;0;0;0;0;0;0;0;0;0;0;0;3126;0;0;95;0;160;0;
15429;7011749;1056251904;15204352;1143095296;0;0;0;0;0;0;0;0;0;0;0;2415;0;0;95;0;160;0;
15430;5765623;1056251904;15204352;1143095296;0;0;0;0;0;0;0;0;0;0;0;3497;0;0;95;0;160;0;
15431;4853302;1056251904;15204352;1143095296;0;0;0;0;0;0;0;0;0;0;0;2074;0;0;95;0;160;0;
15432;5720428;1056251904;15204352;1143095296;0;0;0;0;0;0;0;0;0;0;0;3086;0;0;95;0;160;0;
15433;6915790;1056251904;15204352;1143095296;0;0;0;0;0;0;0;0;0;0;0;3928;0;0;95;0;160;0;
15434;6311827;1056251904;15204352;1143095296;0;0;0;0;0;0;0;0;0;0;0;4057;0;0;95;0;160;0;
15435;6921080;1059692544;21790720;1149681664;0;0;0;0;0;0;0;0;0;0;0;2986;0;0;95;0;160;0;
15436;5638694;1061789696;21790720;1149681664;0;0;0;0;0;0;0;0;0;0;0;3036;0;0;95;0;160;0;
15437;5902039;1061789696;21790720;1149681664;0;0;0;0;0;0;0;0;0;0;0;2154;0;0;95;0;160;0;
15438;8692371;1061789696;21790720;1149681664;0;0;0;0;0;0;0;0;0;0;0;4339;0;0;95;0;160;0;
15439;7412721;1061789696;21790720;1149681664;0;0;0;0;0;0;0;0;0;0;0;2715;0;0;95;0;160;0;
15440;4215345;1061789696;21790720;1149681664;0;0;0;0;0;0;0;0;0;0;0;3326;0;0;95;0;160;0;
15441;7578733;1061789696;21790720;1149681664;0;0;0;0;0;0;0;0;0;0;0;2986;0;0;95;0;160;0;
15442;5154346;1061789696;21790720;1149681664;0;0;0;0;0;0;0;0;0;0;0;3116;0;0;95;0;160;0;
15443;10874393;1061789696;21790720;1149681664;0;0;0;0;0;0;0;0;0;0;0;3737;0;0;95;0;160;0;
15444;5547223;1056264192;15204352;1143095296;0;0;0;0;0;0;0;0;0;0;0;2625;0;0;95;0;160;0;
15445;6626808;1056264192;15204352;1143095296;0;0;0;0;0;0;0;0;0;0;0;3086;0;0;95;0;160;0;
15446;5375131;1056264192;15204352;1143095296;0;0;0;0;0;0;0;0;0;0;0;2715;0;0;95;0;160;0;
15447;10626679;1056264192;15204352;1143095296;0;0;0;0;0;0;0;0;0;0;0;3066;0;0;95;0;160;0;
15448;6291509;1056264192;15204352;1143095296;0;0;0;0;0;0;0;0;0;0;0;3236;0;0;95;0;160;0;
15449;8939284;1056264192;15204352;1143095296;0;0;0;0;0;0;0;0;0;0;0;3356;0;0;95;0;160;0;
15450;9240479;1056264192;15204352;1143095296;0;0;0;0;0;0;0;0;0;0;0;3807;0;0;95;0;160;0;
15451;7983522;1056264192;15204352;1143095296;0;0;0;0;0;0;0;0;0;0;0;3657;0;0;95;0;160;0;
15452;5862374;1056264192;15204352;1143095296;0;0;0;0;0;0;0;0;0;0;0;3817;0;0;95;0;160;0;
15453;7703647;1056264192;15204352;1143095296;0;0;0;0;0;0;0;0;0;0;0;3697;0;0;95;0;160;0;
15454;6177004;1056264192;15204352;1143095296;0;0;0;0;0;0;0;0;0;0;0;3667;0;0;95;0;160;0;
15455;9319657;1056264192;15204352;1143095296;0;0;0;0;0;0;0;0;0;0;0;3046;0;0;95;0;160;0;
15456;6220596;1056264192;15204352;1143095296;0;0;0;0;0;0;0;0;0;0;0;3086;0;0;95;0;160;0;
15457;6990870;1056264192;15204352;1143095296;0;0;0;0;0;0;0;0;0;0;0;3166;0;0;95;0;160;0;
15458;5398575;1056264192;15204352;1143095296;0;0;0;0;0;0;0;0;0;0;0;3367;0;0;95;0;160;0;
15459;8554152;1059704832;21790720;1149681664;0;0;0;0;0;0;0;0;0;0;0;3126;0;0;95;0;160;0;
15460;5308195;1061801984;21790720;1149681664;0;0;0;0;0;0;0;0;0;0;0;4238;0;0;95;0;160;0;
15461;8507595;1061801984;21790720;1149681664;0;0;0;0;0;0;0;0;0;0;0;3717;0;0;95;0;160;0;
15462;8385025;1061801984;21790720;1149681664;0;0;0;0;0;0;0;0;0;0;0;3837;0;0;95;0;160;0;
15463;7171179;1061801984;21790720;1149681664;0;0;0;0;0;0;0;0;0;0;0;2815;0;0;95;0;160;0;
15464;5642391;1061801984;21790720;1149681664;0;0;0;0;0;0;0;0;0;0;0;3817;0;0;95;0;160;0;
15465;7981749;1061801984;21790720;1149681664;0;0;0;0;0;0;0;0;0;0;0;2905;0;0;95;0;160;0;
15466;6058662;1061801984;21790720;1149681664;0;0;0;0;0;0;0;0;0;0;0;3377;0;0;95;0;160;0;
15467;7696403;1061801984;21790720;1149681664;0;0;0;0;0;0;0;0;0;0;0;3737;0;0;95;0;160;0;
15468;5308235;1056276480;15204352;1143095296;0;0;0;0;0;0;0;0;0;0;0;3827;0;0;95;0;160;0;
15469;8731044;1056276480;15204352;1143095296;0;0;0;0;0;0;0;0;0;0;0;3677;0;0;95;0;160;0;
15470;6928724;1056276480;15204352;1143095296;0;0;0;0;0;0;0;0;0;0;0;3757;0;0;95;0;160;0;
15471;6887186;1056276480;15204352;1143095296;0;0;0;0;0;0;0;0;0;0;0;3557;0;0;95;0;160;0;
15472;4975140;1056276480;15204352;1143095296;0;0;0;0;0;0;0;0;0;0;0;4098;0;0;95;0;160;0;
15473;8882518;1056276480;15204352;1143095296;0;0;0;0;0;0;0;0;0;0;0;3637;0;0;95;0;160;0;
15474;6057389;1056276480;15204352;1143095296;0;0;0;0;0;0;0;0;0;0;0;3547;0;0;95;0;160;0;
15475;7457094;1056276480;15204352;1143095296;0;0;0;0;0;0;0;0;0;0;0;3697;0;0;95;0;160;0;
15476;4120137;1056276480;15204352;1143095296;0;0;0;0;0;0;0;0;0;0;0;3918;0;0;95;0;160;0;
15477;7692997;1056276480;15204352;1143095296;0;0;0;0;0;0;0;0;0;0;0;3447;0;0;95;0;160;0;
15478;7033391;1056276480;15204352;1143095296;0;0;0;0;0;0;0;0;0;0;0;4098;0;0;95;0;160;0;
15479;8689196;1056276480;15204352;1143095296;0;0;0;0;0;0;0;0;0;0;0;3697;0;0;95;0;160;0;
15480;6295506;1056276480;15204352;1143095296;0;0;0;0;0;0;0;0;0;0;0;2805;0;0;95;0;160;0;
15481;6580772;1056276480;15204352;1143095296;0;0;0;0;0;0;0;0;0;0;0;3246;0;0;95;0;160;0;
15482;5987328;1056276480;15204352;1143095296;0;0;0;0;0;0;0;0;0;0;0;3246;0;0;95;0;160;0;
15483;7330878;1059717120;21790720;1149681664;0;0;0;0;0;0;0;0;0;0;0;2855;0;0;95;0;160;0;
15484;7829754;1061814272;21790720;1149681664;0;0;0;0;0;0;0;0;0;0;0;3897;0;0;95;0;160;0;
15485;7384999;1061814272;21790720;1149681664;0;0;0;0;0;0;0;0;0;0;0;3687;0;0;95;0;160;0;
15486;7002903;1061814272;21790720;1149681664;0;0;0;0;0;0;0;0;0;0;0;3607;0;0;95;0;160;0;
15487;8238741;1061814272;21790720;1149681664;0;0;0;0;0;0;0;0;0;0;0;4047;0;0;95;0;160;0;
15488;6870665;1061814272;21790720;1149681664;0;0;0;0;0;0;0;0;0;0;0;2715;0;0;95;0;160;0;
15489;9488375;1061814272;21790720;1149681664;0;0;0;0;0;0;0;0;0;0;0;3046;0;0;95;0;160;0;
15490;6837162;1061814272;21790720;1149681664;0;0;0;0;0;0;0;0;0;0;0;4228;0;0;95;0;160;0;
15491;9304590;1061814272;21790720;1149681664;0;0;0;0;0;0;0;0;0;0;0;3337;0;0;95;0;160;0;
15492;6430380;1056288768;15204352;1143095296;0;0;0;0;0;0;0;0;0;0;0;3507;0;0;95;0;160;0;
15493;8698833;1056288768;15204352;1143095296;0;0;0;0;0;0;0;0;0;0;0;4178;0;0;95;0;160;0;
15494;6932481;1056288768;15204352;1143095296;0;0;0;0;0;0;0;0;0;0;0;3737;0;0;95;0;160;0;
15495;7344504;1056288768;15204352;1143095296;0;0;0;0;0;0;0;0;0;0;0;3216;0;0;95;0;160;0;
15496;6423347;1056288768;15204352;1143095296;0;0;0;0;0;0;0;0;0;0;0;2806;0;0;95;0;160;0;
15497;7497461;1056288768;15204352;1143095296;0;0;0;0;0;0;0;0;0;0;0;2514;0;0;95;0;160;0;
15498;5759722;1056288768;15204352;1143095296;0;0;0;0;0;0;0;0;0;0;0;2174;0;0;95;0;160;0;
15499;8085403;1056288768;15204352;1143095296;0;0;0;0;0;0;0;0;0;0;0;3627;0;0;95;0;160;0;
15500;5631350;1056288768;15204352;1143095296;0;0;0;0;0;0;0;0;0;0;0;3467;0;0;95;0;160;0;
15501;10294987;1056288768;15204352;1143095296;0;0;0;0;0;0;0;0;0;0;0;3076;0;0;95;0;160;0;
15502;6688694;1056288768;15204352;1143095296;0;0;0;0;0;0;0;0;0;0;0;2615;0;0;95;0;160;0;
15503;10534005;1056288768;15204352;1143095296;0;0;0;0;0;0;0;0;0;0;0;3366;0;0;95;0;160;0;
15504;10951528;1056288768;15204352;1143095296;0;0;0;0;0;0;0;0;0;0;0;3918;0;0;95;0;160;0;
15505;9880579;1059729408;21790720;1149681664;0;0;0;0;0;0;0;0;0;0;0;3316;0;0;95;0;160;0;
15506;6717758;1061826560;21790720;1149681664;0;0;0;0;0;0;0;0;0;0;0;3797;0;0;95;0;160;0;
15507;6484260;1061826560;21790720;1149681664;0;0;0;0;0;0;0;0;0;0;0;2805;0;0;95;0;160;0;
15508;6629092;1061826560;21790720;1149681664;0;0;0;0;0;0;0;0;0;0;0;3346;0;0;95;0;160;0;
15509;8351582;1061826560;21790720;1149681664;0;0;0;0;0;0;0;0;0;0;0;3466;0;0;95;0;160;0;
15510;8824279;1061826560;21790720;1149681664;0;0;0;0;0;0;0;0;0;0;0;3467;0;0;95;0;160;0;
15511;7572682;1061826560;21790720;1149681664;0;0;0;0;0;0;0;0;0;0;0;3066;0;0;95;0;160;0;
15512;6484321;1061826560;21790720;1149681664;0;0;0;0;0;0;0;0;0;0;0;3606;0;0;95;0;160;0;
15513;7319657;1061826560;21790720;1149681664;0;0;0;0;0;0;0;0;0;0;0;2364;0;0;95;0;160;0;
15514;5513880;1056301056;15204352;1143095296;0;0;0;0;0;0;0;0;0;0;0;2985;0;0;95;0;160;0;
15515;8492206;1056301056;15204352;1143095296;0;0;0;0;0;0;0;0;0;0;0;4859;0;0;95;0;160;0;
15516;4758474;1056301056;15204352;1143095296;0;0;0;0;0;0;0;0;0;0;0;3436;0;0;95;0;160;0;
15517;8277904;1056301056;15204352;1143095296;0;0;0;0;0;0;0;0;0;0;0;3627;0;0;95;0;160;0;
15518;6933242;1056301056;15204352;1143095296;0;0;0;0;0;0;0;0;0;0;0;3136;0;0;95;0;160;0;
15519;8828787;1056301056;15204352;1143095296;0;0;0;0;0;0;0;0;0;0;0;2885;0;0;95;0;160;0;
15520;5625850;1056301056;15204352;1143095296;0;0;0;0;0;0;0;0;0;0;0;3447;0;0;95;0;160;0;
15521;6877568;1056301056;15204352;1143095296;0;0;0;0;0;0;0;0;0;0;0;2484;0;0;95;0;160;0;
15522;7350475;1056301056;15204352;1143095296;0;0;0;0;0;0;0;0;0;0;0;5029;0;0;95;0;160;0;
15523;10703302;1056301056;15204352;1143095296;0;0;0;0;0;0;0;0;0;0;0;3307;0;0;95;0;160;0;
15524;10055668;1056301056;15204352;1143095296;0;0;0;0;0;0;0;0;0;0;0;3506;0;0;95;0;160;0;
15525;8479472;1056301056;15204352;1143095296;0;0;0;0;0;0;0;0;0;0;0;3336;0;0;95;0;160;0;
15526;6768784;1056301056;15204352;1143095296;0;0;0;0;0;0;0;0;0;0;0;3306;0;0;95;0;160;0;
15527;6836211;1056301056;15204352;1143095296;0;0;0;0;0;0;0;0;0;0;0;3667;0;0;95;0;160;0;
15528;6400163;1056301056;15204352;1143095296;0;0;0;0;0;0;0;0;0;0;0;4017;0;0;95;0;160;0;
15529;8448494;1059741696;21790720;1149681664;0;0;0;0;0;0;0;0;0;0;0;3106;0;0;95;0;160;0;
15530;7892592;1061838848;21790720;1149681664;0;0;0;0;0;0;0;0;0;0;0;3937;0;0;95;0;160;0;
15531;8176955;1061838848;21790720;1149681664;0;0;0;0;0;0;0;0;0;0;0;3316;0;0;95;0;160;0;
15532;5761876;1061838848;21790720;1149681664;0;0;0;0;0;0;0;0;0;0;0;3577;0;0;95;0;160;0;
15533;8140407;1061838848;21790720;1149681664;0;0;0;0;0;0;0;0;0;0;0;3908;0;0;95;0;160;0;
15534;7334866;1061838848;21790720;1149681664;0;0;0;0;0;0;0;0;0;0;0;3827;0;0;95;0;160;0;
15535;8006265;1061838848;21790720;1149681664;0;0;0;0;0;0;0;0;0;0;0;3206;0;0;95;0;160;0;
15536;6176623;1061838848;21790720;1149681664;0;0;0;0;0;0;0;0;0;0;0;3757;0;0;95;0;160;0;
15537;8566455;1061838848;21790720;1149681664;0;0;0;0;0;0;0;0;0;0;0;3306;0;0;95;0;160;0;
15538;5530772;1056313344;15204352;1143095296;0;0;0;0;0;0;0;0;0;0;0;3457;0;0;95;0;160;0;
15539;9447868;1056313344;15204352;1143095296;0;0;0;0;0;0;0;0;0;0;0;3727;0;0;95;0;160;0;
15540;7347249;1056313344;15204352;1143095296;0;0;0;0;0;0;0;0;0;0;0;3116;0;0;95;0;160;0;
15541;9537918;1056313344;15204352;1143095296;0;0;0;0;0;0;0;0;0;0;0;3667;0;0;95;0;160;0;
15542;7580466;1056313344;15204352;1143095296;0;0;0;0;0;0;0;0;0;0;0;3607;0;0;95;0;160;0;
15543;8553430;1056313344;15204352;1143095296;0;0;0;0;0;0;0;0;0;0;0;4078;0;0;95;0;160;0;
15544;5258933;1056313344;15204352;1143095296;0;0;0;0;0;0;0;0;0;0;0;4389;0;0;95;0;160;0;
15545;7412792;1056313344;15204352;1143095296;0;0;0;0;0;0;0;0;0;0;0;2926;0;0;95;0;160;0;
15546;6387509;1056313344;15204352;1143095296;0;0;0;0;0;0;0;0;0;0;0;3887;0;0;95;0;160;0;
15547;8249301;1056313344;15204352;1143095296;0;0;0;0;0;0;0;0;0;0;0;3636;0;0;95;0;160;0;
15548;5914422;1056313344;15204352;1143095296;0;0;0;0;0;0;0;0;0;0;0;3036;0;0;95;0;160;0;
15549;8047923;1056313344;15204352;1143095296;0;0;0;0;0;0;0;0;0;0;0;3227;0;0;95;0;160;0;
15550;7744333;1056313344;15204352;1143095296;0;0;0;0;0;0;0;0;0;0;0;188373;0;0;95;0;160;0;
15551;8690087;1059753984;21790720;1149681664;0;0;0;0;0;0;0;0;0;0;0;3587;0;0;95;0;160;0;
15552;11281918;1061851136;21790720;1149681664;0;0;0;0;0;0;0;0;0;0;0;3596;0;0;95;0;160;0;
15553;8580192;1061851136;21790720;1149681664;0;0;0;0;0;0;0;0;0;0;0;5039;0;0;95;0;160;0;
15554;5733542;1061851136;21790720;1149681664;0;0;0;0;0;0;0;0;0;0;0;3096;0;0;95;0;160;0;
15555;7092782;1061851136;21790720;1149681664;0;0;0;0;0;0;0;0;0;0;0;2735;0;0;95;0;160;0;
15556;8466308;1061851136;21790720;1149681664;0;0;0;0;0;0;0;0;0;0;0;3407;0;0;95;0;160;0;
15557;10571455;1061851136;21790720;1149681664;0;0;0;0;0;0;0;0;0;0;0;3657;0;0;95;0;160;0;
15558;5519521;1061851136;21790720;1149681664;0;0;0;0;0;0;0;0;0;0;0;3767;0;0;95;0;160;0;
15559;8772372;1061851136;21790720;1149681664;0;0;0;0;0;0;0;0;0;0;0;3206;0;0;95;0;160;0;
15560;5864809;1056325632;15204352;1143095296;0;0;0;0;0;0;0;0;0;0;0;2725;0;0;95;0;160;0;
15561;8219354;1056325632;15204352;1143095296;0;0;0;0;0;0;0;0;0;0;0;3757;0;0;95;0;160;0;
15562;6447331;1056325632;15204352;1143095296;0;0;0;0;0;0;0;0;0;0;0;4538;0;0;95;0;160;0;
15563;6307048;1056325632;15204352;1143095296;0;0;0;0;0;0;0;0;0;0;0;3356;0;0;95;0;160;0;
15564;5874217;1056325632;15204352;1143095296;0;0;0;0;0;0;0;0;0;0;0;4618;0;0;95;0;160;0;
15565;9225021;1056325632;15204352;1143095296;0;0;0;0;0;0;0;0;0;0;0;3236;0;0;95;0;160;0;
15566;6084090;1056325632;15204352;1143095296;0;0;0;0;0;0;0;0;0;0;0;3226;0;0;95;0;160;0;
15567;8555465;1056325632;15204352;1143095296;0;0;0;0;0;0;0;0;0;0;0;3246;0;0;95;0;160;0;
15568;5849790;1056325632;15204352;1143095296;0;0;0;0;0;0;0;0;0;0;0;3046;0;0;95;0;160;0;
15569;8756512;1056325632;15204352;1143095296;0;0;0;0;0;0;0;0;0;0;0;2785;0;0;95;0;160;0;
15570;6481746;1056325632;15204352;1143095296;0;0;0;0;0;0;0;0;0;0;0;2816;0;0;95;0;160;0;
15571;8027104;1056325632;15204352;1143095296;0;0;0;0;0;0;0;0;0;0;0;3346;0;0;95;0;160;0;
15572;5908661;1056325632;15204352;1143095296;0;0;0;0;0;0;0;0;0;0;0;3967;0;0;95;0;160;0;
15573;6299925;1056325632;15204352;1143095296;0;0;0;0;0;0;0;0;0;0;0;3146;0;0;95;0;160;0;
15574;6023246;1056325632;15204352;1143095296;0;0;0;0;0;0;0;0;0;0;0;2956;0;0;95;0;160;0;
15575;6925117;1056325632;15204352;1143095296;0;0;0;0;0;0;0;0;0;0;0;3567;0;0;95;0;160;0;
15576;6635384;1056325632;15204352;1143095296;0;0;0;0;0;0;0;0;0;0;0;4418;0;0;95;0;160;0;
15577;7078094;1059766272;21790720;1149681664;0;0;0;0;0;0;0;0;0;0;0;2876;0;0;95;0;160;0;
15578;6028656;1061863424;21790720;1149681664;0;0;0;0;0;0;0;0;0;0;0;3277;0;0;95;0;160;0;
15579;7223547;1061863424;21790720;1149681664;0;0;0;0;0;0;0;0;0;0;0;3026;0;0;95;0;160;0;
15580;7563615;1061863424;21790720;1149681664;0;0;0;0;0;0;0;0;0;0;0;4458;0;0;95;0;160;0;
15581;7586137;1061863424;21790720;1149681664;0;0;0;0;0;0;0;0;0;0;0;5610;0;0;95;0;160;0;
15582;5881891;1061863424;21790720;1149681664;0;0;0;0;0;0;0;0;0;0;0;3206;0;0;95;0;160;0;
15583;7166810;1061863424;21790720;1149681664;0;0;0;0;0;0;0;0;0;0;0;3877;0;0;95;0;160;0;
15584;5255897;1061863424;21790720;1149681664;0;0;0;0;0;0;0;0;0;0;0;3216;0;0;95;0;160;0;
15585;5357658;1061863424;21790720;1149681664;0;0;0;0;0;0;0;0;0;0;0;2234;0;0;95;0;160;0;
15586;7324055;1056337920;15204352;1143095296;0;0;0;0;0;0;0;0;0;0;0;2905;0;0;95;0;160;0;
15587;6748796;1056337920;15204352;1143095296;0;0;0;0;0;0;0;0;0;0;0;3386;0;0;95;0;160;0;
15588;8201150;1056337920;15204352;1143095296;0;0;0;0;0;0;0;0;0;0;0;3326;0;0;95;0;160;0;
15589;6950524;1056337920;15204352;1143095296;0;0;0;0;0;0;0;0;0;0;0;2806;0;0;95;0;160;0;
15590;6963078;1056337920;15204352;1143095296;0;0;0;0;0;0;0;0;0;0;0;2895;0;0;95;0;160;0;
15591;6515640;1056337920;15204352;1143095296;0;0;0;0;0;0;0;0;0;0;0;3056;0;0;95;0;160;0;
15592;5491469;1056337920;15204352;1143095296;0;0;0;0;0;0;0;0;0;0;0;2995;0;0;95;0;160;0;
15593;7610803;1056337920;15204352;1143095296;0;0;0;0;0;0;0;0;0;0;0;2956;0;0;95;0;160;0;
15594;9403104;1056337920;15204352;1143095296;0;0;0;0;0;0;0;0;0;0;0;3186;0;0;95;0;160;0;
15595;8088639;1056337920;15204352;1143095296;0;0;0;0;0;0;0;0;0;0;0;3727;0;0;95;0;160;0;
15596;7453688;1056337920;15204352;1143095296;0;0;0;0;0;0;0;0;0;0;0;3286;0;0;95;0;160;0;
15597;6761641;1056337920;15204352;1143095296;0;0;0;0;0;0;0;0;0;0;0;4328;0;0;95;0;160;0;
15598;7064909;1056337920;15204352;1143095296;0;0;0;0;0;0;0;0;0;0;0;3446;0;0;95;0;160;0;
15599;8173699;1059778560;21790720;1149681664;0;0;0;0;0;0;0;0;0;0;0;2795;0;0;95;0;160;0;
15600;8648058;1061875712;21790720;1149681664;0;0;0;0;0;0;0;0;0;0;0;3367;0;0;95;0;160;0;
15601;9823813;1061875712;21790720;1149681664;0;0;0;0;0;0;0;0;0;0;0;3557;0;0;95;0;160;0;
15602;4781738;1061875712;21790720;1149681664;0;0;0;0;0;0;0;0;0;0;0;3206;0;0;95;0;160;0;
15603;7939209;1061875712;21790720;1149681664;0;0;0;0;0;0;0;0;0;0;0;3066;0;0;95;0;160;0;
15604;5110133;1061875712;21790720;1149681664;0;0;0;0;0;0;0;0;0;0;0;3597;0;0;95;0;160;0;
15605;7019003;1061875712;21790720;1149681664;0;0;0;0;0;0;0;0;0;0;0;4238;0;0;95;0;160;0;
15606;5734514;1061875712;21790720;1149681664;0;0;0;0;0;0;0;0;0;0;0;3426;0;0;95;0;160;0;
15607;7722573;1061875712;21790720;1149681664;0;0;0;0;0;0;0;0;0;0;0;2715;0;0;95;0;160;0;
15608;8521481;1056350208;15204352;1143095296;0;0;0;0;0;0;0;0;0;0;0;3036;0;0;95;0;160;0;
15609;7901398;1056350208;15204352;1143095296;0;0;0;0;0;0;0;0;0;0;0;3276;0;0;95;0;160;0;
15610;7879176;1056350208;15204352;1143095296;0;0;0;0;0;0;0;0;0;0;0;3216;0;0;95;0;160;0;
15611;8671973;1056350208;15204352;1143095296;0;0;0;0;0;0;0;0;0;0;0;3326;0;0;95;0;160;0;
15612;8603906;1056350208;15204352;1143095296;0;0;0;0;0;0;0;0;0;0;0;3556;0;0;95;0;160;0;
15613;8064064;1056350208;15208448;1143099392;0;0;0;0;0;0;0;0;0;0;0;3346;0;0;95;0;160;0;
15614;6599116;1056350208;15212544;1143103488;0;0;0;0;0;0;0;0;0;0;0;2845;0;0;95;0;160;0;
15615;7419153;1059790848;21798912;1149689856;0;0;0;0;0;0;0;0;0;0;0;3096;0;0;95;0;160;0;
15616;6159431;1061888000;21798912;1149689856;0;0;0;0;0;0;0;0;0;0;0;3246;0;0;95;0;160;0;
15617;5462965;1061888000;21798912;1149689856;0;0;0;0;0;0;0;0;0;0;0;2294;0;0;95;0;160;0;
15618;6876086;1061888000;21798912;1149689856;0;0;0;0;0;0;0;0;0;0;0;3646;0;0;95;0;160;0;
15619;6953430;1061888000;21798912;1149689856;0;0;0;0;0;0;0;0;0;0;0;2806;0;0;95;0;160;0;
15620;6151156;1061920768;21790720;1149681664;0;0;0;0;0;0;0;0;0;0;0;3437;0;0;95;0;160;0;
15621;6679086;1061920768;21790720;1149681664;0;0;0;0;0;0;0;0;0;0;0;3677;0;0;95;0;160;0;
15622;6397728;1061920768;21790720;1149681664;0;0;0;0;0;0;0;0;0;0;0;2975;0;0;95;0;160;0;
15623;7081320;1061920768;21790720;1149681664;0;0;0;0;0;0;0;0;0;0;0;3256;0;0;95;0;160;0;
15624;5772275;1061920768;21790720;1149681664;0;0;0;0;0;0;0;0;0;0;0;3647;0;0;95;0;160;0;
15625;7825686;1061920768;21790720;1149681664;0;0;0;0;0;0;0;0;0;0;0;2895;0;0;95;0;160;0;
15626;6310835;1061920768;21790720;1149681664;0;0;0;0;0;0;0;0;0;0;0;3566;0;0;95;0;160;0;
15627;8187735;1061920768;21790720;1149681664;0;0;0;0;0;0;0;0;0;0;0;3507;0;0;95;0;160;0;
15628;8836992;1061920768;21790720;1149681664;0;0;0;0;0;0;0;0;0;0;0;3216;0;0;95;0;160;0;
15629;7543958;1061920768;21790720;1149681664;0;0;0;0;0;0;0;0;0;0;0;2755;0;0;95;0;160;0;
15630;7076501;1056362496;15204352;1143095296;0;0;0;0;0;0;0;0;0;0;0;3326;0;0;95;0;160;0;
15631;7146232;1056362496;15204352;1143095296;0;0;0;0;0;0;0;0;0;0;0;3467;0;0;95;0;160;0;
15632;7188190;1056362496;15204352;1143095296;0;0;0;0;0;0;0;0;0;0;0;3577;0;0;95;0;160;0;
15633;7866423;1056362496;15204352;1143095296;0;0;0;0;0;0;0;0;0;0;0;3035;0;0;95;0;160;0;
15634;3615711;1056362496;15204352;1143095296;0;0;0;0;0;0;0;0;0;0;0;2845;0;0;95;0;160;0;
15635;7780221;1056362496;15204352;1143095296;0;0;0;0;0;0;0;0;0;0;0;3286;0;0;95;0;160;0;
15636;5514231;1056362496;15204352;1143095296;0;0;0;0;0;0;0;0;0;0;0;3397;0;0;95;0;160;0;
15637;7127336;1056362496;15204352;1143095296;0;0;0;0;0;0;0;0;0;0;0;2835;0;0;95;0;160;0;
15638;5478935;1056362496;15204352;1143095296;0;0;0;0;0;0;0;0;0;0;0;3487;0;0;95;0;160;0;
15639;6484972;1056362496;15204352;1143095296;0;0;0;0;0;0;0;0;0;0;0;3366;0;0;95;0;160;0;
15640;16000767;1056362496;15204352;1143095296;0;0;0;0;0;0;0;0;0;0;0;3306;0;0;95;0;160;0;
15641;7169345;1056362496;15204352;1143095296;0;0;0;0;0;0;0;0;0;0;0;3186;0;0;95;0;160;0;
15642;4529454;1056362496;15204352;1143095296;0;0;0;0;0;0;0;0;0;0;0;3357;0;0;95;0;160;0;
15643;8272344;1056362496;15204352;1143095296;0;0;0;0;0;0;0;0;0;0;0;2896;0;0;95;0;160;0;
15644;6664288;1056362496;15204352;1143095296;0;0;0;0;0;0;0;0;0;0;0;4498;0;0;95;0;160;0;
15645;7745806;1059803136;21790720;1149681664;0;0;0;0;0;0;0;0;0;0;0;3887;0;0;95;0;160;0;
15646;5027118;1061900288;21790720;1149681664;0;0;0;0;0;0;0;0;0;0;0;3055;0;0;95;0;160;0;
15647;8686511;1061900288;21790720;1149681664;0;0;0;0;0;0;0;0;0;0;0;3537;0;0;95;0;160;0;
15648;3585083;1061900288;21790720;1149681664;0;0;0;0;0;0;0;0;0;0;0;3166;0;0;95;0;160;0;
15649;7649195;1061900288;21790720;1149681664;0;0;0;0;0;0;0;0;0;0;0;3677;0;0;95;0;160;0;
15650;6105209;1061900288;21790720;1149681664;0;0;0;0;0;0;0;0;0;0;0;3606;0;0;95;0;160;0;
15651;8612752;1061900288;21790720;1149681664;0;0;0;0;0;0;0;0;0;0;0;3247;0;0;95;0;160;0;
15652;4924675;1061900288;21790720;1149681664;0;0;0;0;0;0;0;0;0;0;0;3787;0;0;95;0;160;0;
15653;8495703;1061900288;21790720;1149681664;0;0;0;0;0;0;0;0;0;0;0;3176;0;0;95;0;160;0;
15654;5036726;1056374784;15204352;1143095296;0;0;0;0;0;0;0;0;0;0;0;2735;0;0;95;0;160;0;
15655;7818162;1056374784;15204352;1143095296;0;0;0;0;0;0;0;0;0;0;0;3938;0;0;95;0;160;0;
15656;6238840;1056374784;15204352;1143095296;0;0;0;0;0;0;0;0;0;0;0;3286;0;0;95;0;160;0;
15657;9530333;1056374784;15204352;1143095296;0;0;0;0;0;0;0;0;0;0;0;3236;0;0;95;0;160;0;
15658;5805878;1056374784;15204352;1143095296;0;0;0;0;0;0;0;0;0;0;0;4188;0;0;95;0;160;0;
15659;7130372;1056374784;15204352;1143095296;0;0;0;0;0;0;0;0;0;0;0;3306;0;0;95;0;160;0;
15660;4958178;1056374784;15204352;1143095296;0;0;0;0;0;0;0;0;0;0;0;29776;0;0;95;0;160;0;
15661;6661062;1056374784;15204352;1143095296;0;0;0;0;0;0;0;0;0;0;0;3677;0;0;95;0;160;0;
15662;5376633;1056374784;15204352;1143095296;0;0;0;0;0;0;0;0;0;0;0;3056;0;0;95;0;160;0;
15663;7461363;1056374784;15204352;1143095296;0;0;0;0;0;0;0;0;0;0;0;3206;0;0;95;0;160;0;
15664;6693703;1056374784;15204352;1143095296;0;0;0;0;0;0;0;0;0;0;0;3567;0;0;95;0;160;0;
15665;6287141;1056374784;15204352;1143095296;0;0;0;0;0;0;0;0;0;0;0;2635;0;0;95;0;160;0;
15666;5675264;1056374784;15204352;1143095296;0;0;0;0;0;0;0;0;0;0;0;4809;0;0;95;0;160;0;
15667;7129130;1056374784;15204352;1143095296;0;0;0;0;0;0;0;0;0;0;0;2945;0;0;95;0;160;0;
15668;6410842;1056374784;15204352;1143095296;0;0;0;0;0;0;0;0;0;0;0;3787;0;0;95;0;160;0;
15669;7618056;1059815424;21790720;1149681664;0;0;0;0;0;0;0;0;0;0;0;3176;0;0;95;0;160;0;
15670;5337490;1061912576;21790720;1149681664;0;0;0;0;0;0;0;0;0;0;0;3306;0;0;95;0;160;0;
15671;6999407;1061912576;21790720;1149681664;0;0;0;0;0;0;0;0;0;0;0;2184;0;0;95;0;160;0;
15672;6266602;1061912576;21790720;1149681664;0;0;0;0;0;0;0;0;0;0;0;2986;0;0;95;0;160;0;
15673;8294615;1061912576;21790720;1149681664;0;0;0;0;0;0;0;0;0;0;0;4298;0;0;95;0;160;0;
15674;4595378;1061912576;21790720;1149681664;0;0;0;0;0;0;0;0;0;0;0;4028;0;0;95;0;160;0;
15675;8181674;1061912576;21790720;1149681664;0;0;0;0;0;0;0;0;0;0;0;3967;0;0;95;0;160;0;
15676;6086985;1061912576;21790720;1149681664;0;0;0;0;0;0;0;0;0;0;0;3546;0;0;95;0;160;0;
15677;9236983;1061912576;21790720;1149681664;0;0;0;0;0;0;0;0;0;0;0;3386;0;0;95;0;160;0;
15678;5744333;1056387072;15204352;1143095296;0;0;0;0;0;0;0;0;0;0;0;3096;0;0;95;0;160;0;
15679;5801540;1056387072;15204352;1143095296;0;0;0;0;0;0;0;0;0;0;0;3466;0;0;95;0;160;0;
15680;6648048;1056387072;15204352;1143095296;0;0;0;0;0;0;0;0;0;0;0;3346;0;0;95;0;160;0;
15681;7952845;1056387072;15204352;1143095296;0;0;0;0;0;0;0;0;0;0;0;4057;0;0;95;0;160;0;
15682;6728909;1056387072;15204352;1143095296;0;0;0;0;0;0;0;0;0;0;0;3316;0;0;95;0;160;0;
15683;10109229;1056387072;15204352;1143095296;0;0;0;0;0;0;0;0;0;0;0;3426;0;0;95;0;160;0;
15684;5425404;1056387072;15204352;1143095296;0;0;0;0;0;0;0;0;0;0;0;3537;0;0;95;0;160;0;
15685;8184789;1056387072;15204352;1143095296;0;0;0;0;0;0;0;0;0;0;0;4158;0;0;95;0;160;0;
15686;6047462;1056387072;15204352;1143095296;0;0;0;0;0;0;0;0;0;0;0;4628;0;0;95;0;160;0;
15687;7849761;1056387072;15204352;1143095296;0;0;0;0;0;0;0;0;0;0;0;3025;0;0;95;0;160;0;
15688;6794893;1056387072;15204352;1143095296;0;0;0;0;0;0;0;0;0;0;0;3867;0;0;95;0;160;0;
15689;7445323;1056387072;15204352;1143095296;0;0;0;0;0;0;0;0;0;0;0;2946;0;0;95;0;160;0;
15690;6253478;1056387072;15204352;1143095296;0;0;0;0;0;0;0;0;0;0;0;3196;0;0;95;0;160;0;
15691;7799587;1059827712;21790720;1149681664;0;0;0;0;0;0;0;0;0;0;0;3526;0;0;95;0;160;0;
15692;5551561;1061924864;21790720;1149681664;0;0;0;0;0;0;0;0;0;0;0;7965;0;0;95;0;160;0;
15693;8099279;1061924864;21790720;1149681664;0;0;0;0;0;0;0;0;0;0;0;3356;0;0;95;0;160;0;
15694;6805724;1061924864;21790720;1149681664;0;0;0;0;0;0;0;0;0;0;0;3547;0;0;95;0;160;0;
15695;7403194;1061924864;21790720;1149681664;0;0;0;0;0;0;0;0;0;0;0;2795;0;0;95;0;160;0;
15696;5596014;1061924864;21790720;1149681664;0;0;0;0;0;0;0;0;0;0;0;3065;0;0;95;0;160;0;
15697;7741699;1061924864;21790720;1149681664;0;0;0;0;0;0;0;0;0;0;0;3297;0;0;95;0;160;0;
15698;7347059;1061924864;21790720;1149681664;0;0;0;0;0;0;0;0;0;0;0;3426;0;0;95;0;160;0;
15699;8344449;1061924864;21790720;1149681664;0;0;0;0;0;0;0;0;0;0;0;3637;0;0;95;0;160;0;
15700;6197673;1056399360;15204352;1143095296;0;0;0;0;0;0;0;0;0;0;0;3847;0;0;95;0;160;0;
15701;7366595;1056399360;15204352;1143095296;0;0;0;0;0;0;0;0;0;0;0;2775;0;0;95;0;160;0;
15702;7225431;1056399360;15204352;1143095296;0;0;0;0;0;0;0;0;0;0;0;2935;0;0;95;0;160;0;
15703;7441145;1056399360;15204352;1143095296;0;0;0;0;0;0;0;0;0;0;0;2685;0;0;95;0;160;0;
15704;6312999;1056399360;15204352;1143095296;0;0;0;0;0;0;0;0;0;0;0;3486;0;0;95;0;160;0;
15705;8731535;1056399360;15204352;1143095296;0;0;0;0;0;0;0;0;0;0;0;2775;0;0;95;0;160;0;
15706;6844326;1056399360;15204352;1143095296;0;0;0;0;0;0;0;0;0;0;0;3677;0;0;95;0;160;0;
15707;8771520;1056399360;15204352;1143095296;0;0;0;0;0;0;0;0;0;0;0;3677;0;0;95;0;160;0;
15708;5529299;1056399360;15204352;1143095296;0;0;0;0;0;0;0;0;0;0;0;3757;0;0;95;0;160;0;
15709;8807668;1056399360;15204352;1143095296;0;0;0;0;0;0;0;0;0;0;0;2895;0;0;95;0;160;0;
15710;8958611;1056399360;15204352;1143095296;0;0;0;0;0;0;0;0;0;0;0;3797;0;0;95;0;160;0;
15711;7223997;1056399360;15204352;1143095296;0;0;0;0;0;0;0;0;0;0;0;2936;0;0;95;0;160;0;
15712;10390667;1056399360;15204352;1143095296;0;0;0;0;0;0;0;0;0;0;0;3426;0;0;95;0;160;0;
15713;8686380;1056399360;15204352;1143095296;0;0;0;0;0;0;0;0;0;0;0;2925;0;0;95;0;160;0;
15714;5738181;1056399360;15204352;1143095296;0;0;0;0;0;0;0;0;0;0;0;3547;0;0;95;0;160;0;
15715;9771416;1059840000;21790720;1149681664;0;0;0;0;0;0;0;0;0;0;0;3988;0;0;95;0;160;0;
15716;8036341;1061937152;21790720;1149681664;0;0;0;0;0;0;0;0;0;0;0;4037;0;0;95;0;160;0;
15717;6305716;1061937152;21790720;1149681664;0;0;0;0;0;0;0;0;0;0;0;2595;0;0;95;0;160;0;
15718;5861312;1061937152;21790720;1149681664;0;0;0;0;0;0;0;0;0;0;0;3417;0;0;95;0;160;0;
15719;8121091;1061937152;21790720;1149681664;0;0;0;0;0;0;0;0;0;0;0;3166;0;0;95;0;160;0;
15720;6086755;1061937152;21790720;1149681664;0;0;0;0;0;0;0;0;0;0;0;3697;0;0;95;0;160;0;
15721;6769155;1061937152;21790720;1149681664;0;0;0;0;0;0;0;0;0;0;0;4118;0;0;95;0;160;0;
15722;7466723;1061937152;21790720;1149681664;0;0;0;0;0;0;0;0;0;0;0;4217;0;0;95;0;160;0;
15723;7678080;1061937152;21790720;1149681664;0;0;0;0;0;0;0;0;0;0;0;4228;0;0;95;0;160;0;
15724;7097160;1056411648;15204352;1143095296;0;0;0;0;0;0;0;0;0;0;0;3887;0;0;95;0;160;0;
15725;7916446;1056411648;15204352;1143095296;0;0;0;0;0;0;0;0;0;0;0;3907;0;0;95;0;160;0;
15726;5363458;1056411648;15204352;1143095296;0;0;0;0;0;0;0;0;0;0;0;3076;0;0;95;0;160;0;
15727;7956522;1056411648;15204352;1143095296;0;0;0;0;0;0;0;0;0;0;0;3777;0;0;95;0;160;0;
15728;6201541;1056411648;15204352;1143095296;0;0;0;0;0;0;0;0;0;0;0;3808;0;0;95;0;160;0;
15729;8487397;1056411648;15204352;1143095296;0;0;0;0;0;0;0;0;0;0;0;2835;0;0;95;0;160;0;
15730;5441835;1056411648;15204352;1143095296;0;0;0;0;0;0;0;0;0;0;0;3257;0;0;95;0;160;0;
15731;9402083;1056411648;15204352;1143095296;0;0;0;0;0;0;0;0;0;0;0;3106;0;0;95;0;160;0;
15732;4863661;1056411648;15204352;1143095296;0;0;0;0;0;0;0;0;0;0;0;3306;0;0;95;0;160;0;
15733;7011589;1056411648;15204352;1143095296;0;0;0;0;0;0;0;0;0;0;0;3347;0;0;95;0;160;0;
15734;5932125;1056411648;15204352;1143095296;0;0;0;0;0;0;0;0;0;0;0;4618;0;0;95;0;160;0;
15735;7663101;1056411648;15204352;1143095296;0;0;0;0;0;0;0;0;0;0;0;3416;0;0;95;0;160;0;
15736;7651990;1056411648;15204352;1143095296;0;0;0;0;0;0;0;0;0;0;0;3055;0;0;95;0;160;0;
15737;7850673;1056411648;15204352;1143095296;0;0;0;0;0;0;0;0;0;0;0;5570;0;0;95;0;160;0;
15738;7715439;1056411648;15204352;1143095296;0;0;0;0;0;0;0;0;0;0;0;3296;0;0;95;0;160;0;
15739;9855143;1059852288;21790720;1149681664;0;0;0;0;0;0;0;0;0;0;0;2965;0;0;95;0;160;0;
15740;6546958;1061949440;21790720;1149681664;0;0;0;0;0;0;0;0;0;0;0;3767;0;0;95;0;160;0;
15741;9225221;1061949440;21790720;1149681664;0;0;0;0;0;0;0;0;0;0;0;3407;0;0;95;0;160;0;
15742;10136690;1061949440;21790720;1149681664;0;0;0;0;0;0;0;0;0;0;0;4007;0;0;95;0;160;0;
15743;7234567;1061949440;21790720;1149681664;0;0;0;0;0;0;0;0;0;0;0;3016;0;0;95;0;160;0;
15744;7969866;1061949440;21790720;1149681664;0;0;0;0;0;0;0;0;0;0;0;2976;0;0;95;0;160;0;
15745;7453318;1061949440;21790720;1149681664;0;0;0;0;0;0;0;0;0;0;0;3166;0;0;95;0;160;0;
15746;9621704;1061949440;21790720;1149681664;0;0;0;0;0;0;0;0;0;0;0;3136;0;0;95;0;160;0;
15747;9764912;1061949440;21790720;1149681664;0;0;0;0;0;0;0;0;0;0;0;3647;0;0;95;0;160;0;
15748;7659685;1056423936;15204352;1143095296;0;0;0;0;0;0;0;0;0;0;0;3357;0;0;95;0;160;0;
15749;7849030;1056423936;15204352;1143095296;0;0;0;0;0;0;0;0;0;0;0;2625;0;0;95;0;160;0;
15750;7647813;1056423936;15204352;1143095296;0;0;0;0;0;0;0;0;0;0;0;3417;0;0;95;0;160;0;
15751;7261308;1056423936;15204352;1143095296;0;0;0;0;0;0;0;0;0;0;0;4809;0;0;95;0;160;0;
15752;6301638;1056423936;15204352;1143095296;0;0;0;0;0;0;0;0;0;0;0;3256;0;0;95;0;160;0;
15753;9731060;1056423936;15208448;1143099392;0;0;0;0;0;0;0;0;0;0;0;4198;0;0;95;0;160;0;
15754;6407487;1056423936;15212544;1143103488;0;0;0;0;0;0;0;0;0;0;0;3526;0;0;95;0;160;0;
15755;7931675;1059864576;21798912;1149689856;0;0;0;0;0;0;0;0;0;0;0;3166;0;0;95;0;160;0;
15756;5890828;1061961728;21798912;1149689856;0;0;0;0;0;0;0;0;0;0;0;2846;0;0;95;0;160;0;
15757;7026678;1061961728;21798912;1149689856;0;0;0;0;0;0;0;0;0;0;0;3166;0;0;95;0;160;0;
15758;4877247;1061961728;21798912;1149689856;0;0;0;0;0;0;0;0;0;0;0;3026;0;0;95;0;160;0;
15759;11297588;1061961728;21798912;1149689856;0;0;0;0;0;0;0;0;0;0;0;3396;0;0;95;0;160;0;
15760;6941669;1061994496;21790720;1149681664;0;0;0;0;0;0;0;0;0;0;0;4378;0;0;95;0;160;0;
15761;7926185;1061994496;21790720;1149681664;0;0;0;0;0;0;0;0;0;0;0;3556;0;0;95;0;160;0;
15762;6842222;1061994496;21790720;1149681664;0;0;0;0;0;0;0;0;0;0;0;3256;0;0;95;0;160;0;
15763;8208945;1061994496;21790720;1149681664;0;0;0;0;0;0;0;0;0;0;0;3126;0;0;95;0;160;0;
15764;6219133;1061994496;21790720;1149681664;0;0;0;0;0;0;0;0;0;0;0;3286;0;0;95;0;160;0;
15765;7298267;1061994496;21790720;1149681664;0;0;0;0;0;0;0;0;0;0;0;3316;0;0;95;0;160;0;
15766;7059299;1061994496;21790720;1149681664;0;0;0;0;0;0;0;0;0;0;0;3907;0;0;95;0;160;0;
15767;6055276;1061994496;21790720;1149681664;0;0;0;0;0;0;0;0;0;0;0;2855;0;0;95;0;160;0;
15768;4643829;1061994496;21790720;1149681664;0;0;0;0;0;0;0;0;0;0;0;2906;0;0;95;0;160;0;
15769;6903577;1061994496;21790720;1149681664;0;0;0;0;0;0;0;0;0;0;0;111209;0;0;95;0;160;0;
15770;7407723;1056436224;15204352;1143095296;0;0;0;0;0;0;0;0;0;0;0;4008;0;0;95;0;160;0;
15771;7804546;1056436224;15204352;1143095296;0;0;0;0;0;0;0;0;0;0;0;3717;0;0;95;0;160;0;
15772;5761334;1056436224;15204352;1143095296;0;0;0;0;0;0;0;0;0;0;0;2665;0;0;95;0;160;0;
15773;6431261;1056436224;15204352;1143095296;0;0;0;0;0;0;0;0;0;0;0;2575;0;0;95;0;160;0;
15774;6333909;1056436224;15204352;1143095296;0;0;0;0;0;0;0;0;0;0;0;4218;0;0;95;0;160;0;
15775;8835149;1056436224;15204352;1143095296;0;0;0;0;0;0;0;0;0;0;0;3377;0;0;95;0;160;0;
15776;6776899;1056436224;15204352;1143095296;0;0;0;0;0;0;0;0;0;0;0;2695;0;0;95;0;160;0;
15777;9048891;1056436224;15204352;1143095296;0;0;0;0;0;0;0;0;0;0;0;2786;0;0;95;0;160;0;
15778;12435030;1056436224;15204352;1143095296;0;0;0;0;0;0;0;0;0;0;0;3056;0;0;95;0;160;0;
15779;7630320;1056436224;15204352;1143095296;0;0;0;0;0;0;0;0;0;0;0;3887;0;0;95;0;160;0;
15780;5113210;1056436224;15204352;1143095296;0;0;0;0;0;0;0;0;0;0;0;4027;0;0;95;0;160;0;
15781;5885567;1056436224;15204352;1143095296;0;0;0;0;0;0;0;0;0;0;0;3096;0;0;95;0;160;0;
15782;5623967;1056436224;15204352;1143095296;0;0;0;0;0;0;0;0;0;0;0;4298;0;0;95;0;160;0;
15783;7823913;1056436224;15204352;1143095296;0;0;0;0;0;0;0;0;0;0;0;3767;0;0;95;0;160;0;
15784;6769355;1056436224;15204352;1143095296;0;0;0;0;0;0;0;0;0;0;0;3156;0;0;95;0;160;0;
15785;7963575;1059876864;21790720;1149681664;0;0;0;0;0;0;0;0;0;0;0;3256;0;0;95;0;160;0;
15786;8062140;1061974016;21790720;1149681664;0;0;0;0;0;0;0;0;0;0;0;3426;0;0;95;0;160;0;
15787;7513691;1061974016;21790720;1149681664;0;0;0;0;0;0;0;0;0;0;0;3667;0;0;95;0;160;0;
15788;5950339;1061974016;21790720;1149681664;0;0;0;0;0;0;0;0;0;0;0;3155;0;0;95;0;160;0;
15789;6111582;1061974016;21790720;1149681664;0;0;0;0;0;0;0;0;0;0;0;2795;0;0;95;0;160;0;
15790;5066442;1061974016;21790720;1149681664;0;0;0;0;0;0;0;0;0;0;0;3246;0;0;95;0;160;0;
15791;5141162;1061974016;21790720;1149681664;0;0;0;0;0;0;0;0;0;0;0;1814;0;0;95;0;160;0;
15792;5093913;1061974016;21790720;1149681664;0;0;0;0;0;0;0;0;0;0;0;3166;0;0;95;0;160;0;
15793;6198304;1061974016;21790720;1149681664;0;0;0;0;0;0;0;0;0;0;0;2675;0;0;95;0;160;0;
15794;5086980;1056448512;15204352;1143095296;0;0;0;0;0;0;0;0;0;0;0;2865;0;0;95;0;160;0;
15795;6601681;1056448512;15204352;1143095296;0;0;0;0;0;0;0;0;0;0;0;2274;0;0;95;0;160;0;
15796;7287967;1056448512;15204352;1143095296;0;0;0;0;0;0;0;0;0;0;0;4208;0;0;95;0;160;0;
15797;6647797;1056448512;15204352;1143095296;0;0;0;0;0;0;0;0;0;0;0;3657;0;0;95;0;160;0;
15798;5415656;1056448512;15204352;1143095296;0;0;0;0;0;0;0;0;0;0;0;2695;0;0;95;0;160;0;
15799;6692762;1056448512;15204352;1143095296;0;0;0;0;0;0;0;0;0;0;0;2063;0;0;95;0;160;0;
15800;5700320;1056448512;15204352;1143095296;0;0;0;0;0;0;0;0;0;0;0;3056;0;0;95;0;160;0;
15801;6374836;1056448512;15204352;1143095296;0;0;0;0;0;0;0;0;0;0;0;2996;0;0;95;0;160;0;
15802;4398779;1056448512;15204352;1143095296;0;0;0;0;0;0;0;0;0;0;0;3196;0;0;95;0;160;0;
15803;5379328;1056448512;15204352;1143095296;0;0;0;0;0;0;0;0;0;0;0;2755;0;0;95;0;160;0;
15804;7874387;1056448512;15204352;1143095296;0;0;0;0;0;0;0;0;0;0;0;2896;0;0;95;0;160;0;
15805;5147324;1056448512;15204352;1143095296;0;0;0;0;0;0;0;0;0;0;0;2344;0;0;95;0;160;0;
15806;4627058;1056448512;15204352;1143095296;0;0;0;0;0;0;0;0;0;0;0;2755;0;0;95;0;160;0;
15807;19368404;1059889152;21790720;1149681664;0;0;0;0;0;0;0;0;0;0;0;4198;0;0;95;0;160;0;
15808;7067293;1061986304;21790720;1149681664;0;0;0;0;0;0;0;0;0;0;0;3487;0;0;95;0;160;0;
15809;6894349;1061986304;21790720;1149681664;0;0;0;0;0;0;0;0;0;0;0;2795;0;0;95;0;160;0;
15810;6481075;1061986304;21790720;1149681664;0;0;0;0;0;0;0;0;0;0;0;3506;0;0;95;0;160;0;
15811;7485398;1061986304;21790720;1149681664;0;0;0;0;0;0;0;0;0;0;0;3135;0;0;95;0;160;0;
15812;4314682;1061986304;21790720;1149681664;0;0;0;0;0;0;0;0;0;0;0;3296;0;0;95;0;160;0;
15813;5574735;1061986304;21790720;1149681664;0;0;0;0;0;0;0;0;0;0;0;2054;0;0;95;0;160;0;
15814;5069678;1061986304;21790720;1149681664;0;0;0;0;0;0;0;0;0;0;0;2675;0;0;95;0;160;0;
15815;7304218;1061986304;21790720;1149681664;0;0;0;0;0;0;0;0;0;0;0;2114;0;0;95;0;160;0;
15816;5303616;1056460800;15204352;1143095296;0;0;0;0;0;0;0;0;0;0;0;2515;0;0;95;0;160;0;
15817;6638750;1056460800;15204352;1143095296;0;0;0;0;0;0;0;0;0;0;0;2033;0;0;95;0;160;0;
15818;4297079;1056460800;15204352;1143095296;0;0;0;0;0;0;0;0;0;0;0;3237;0;0;95;0;160;0;
15819;5227363;1056460800;15204352;1143095296;0;0;0;0;0;0;0;0;0;0;0;2064;0;0;95;0;160;0;
15820;4488698;1056460800;15204352;1143095296;0;0;0;0;0;0;0;0;0;0;0;24706;0;0;95;0;160;0;
15821;5379759;1056460800;15204352;1143095296;0;0;0;0;0;0;0;0;0;0;0;2044;0;0;95;0;160;0;
15822;5765642;1056460800;15204352;1143095296;0;0;0;0;0;0;0;0;0;0;0;2154;0;0;95;0;160;0;
15823;6841049;1056460800;15204352;1143095296;0;0;0;0;0;0;0;0;0;0;0;2034;0;0;95;0;160;0;
15824;4777270;1056460800;15204352;1143095296;0;0;0;0;0;0;0;0;0;0;0;2565;0;0;95;0;160;0;
15825;7003845;1056460800;15204352;1143095296;0;0;0;0;0;0;0;0;0;0;0;1853;0;0;95;0;160;0;
15826;4574719;1056460800;15204352;1143095296;0;0;0;0;0;0;0;0;0;0;0;2796;0;0;95;0;160;0;
15827;6042732;1056460800;15204352;1143095296;0;0;0;0;0;0;0;0;0;0;0;1903;0;0;95;0;160;0;
15828;4219743;1056460800;15204352;1143095296;0;0;0;0;0;0;0;0;0;0;0;3026;0;0;95;0;160;0;
15829;7385251;1056460800;15204352;1143095296;0;0;0;0;0;0;0;0;0;0;0;1833;0;0;95;0;160;0;
15830;3485297;1056460800;15204352;1143095296;0;0;0;0;0;0;0;0;0;0;0;2284;0;0;95;0;160;0;
15831;6798661;1056460800;15204352;1143095296;0;0;0;0;0;0;0;0;0;0;0;2305;0;0;95;0;160;0;
15832;5239606;1056460800;15204352;1143095296;0;0;0;0;0;0;0;0;0;0;0;2384;0;0;95;0;160;0;
15833;7027810;1059901440;21790720;1149681664;0;0;0;0;0;0;0;0;0;0;0;2034;0;0;95;0;160;0;
15834;4154361;1061998592;21790720;1149681664;0;0;0;0;0;0;0;0;0;0;0;2975;0;0;95;0;160;0;
15835;7936234;1061998592;21790720;1149681664;0;0;0;0;0;0;0;0;0;0;0;2044;0;0;95;0;160;0;
15836;4683714;1061998592;21790720;1149681664;0;0;0;0;0;0;0;0;0;0;0;25879;0;0;95;0;160;0;
15837;6757513;1061998592;21790720;1149681664;0;0;0;0;0;0;0;0;0;0;0;2294;0;0;95;0;160;0;
15838;6806134;1061998592;21790720;1149681664;0;0;0;0;0;0;0;0;0;0;0;2525;0;0;95;0;160;0;
15839;8327527;1061998592;21790720;1149681664;0;0;0;0;0;0;0;0;0;0;0;2786;0;0;95;0;160;0;
15840;5954657;1061998592;21790720;1149681664;0;0;0;0;0;0;0;0;0;0;0;3487;0;0;95;0;160;0;
15841;8216078;1061998592;21790720;1149681664;0;0;0;0;0;0;0;0;0;0;0;2995;0;0;95;0;160;0;
15842;7682838;1056473088;15204352;1143095296;0;0;0;0;0;0;0;0;0;0;0;3637;0;0;95;0;160;0;
15843;7283519;1056473088;15204352;1143095296;0;0;0;0;0;0;0;0;0;0;0;2675;0;0;95;0;160;0;
15844;5882071;1056473088;15204352;1143095296;0;0;0;0;0;0;0;0;0;0;0;2785;0;0;95;0;160;0;
15845;8655623;1056473088;15204352;1143095296;0;0;0;0;0;0;0;0;0;0;0;2985;0;0;95;0;160;0;
15846;5500125;1056473088;15204352;1143095296;0;0;0;0;0;0;0;0;0;0;0;3336;0;0;95;0;160;0;
15847;6678224;1056473088;15204352;1143095296;0;0;0;0;0;0;0;0;0;0;0;3667;0;0;95;0;160;0;
15848;4784122;1056473088;15204352;1143095296;0;0;0;0;0;0;0;0;0;0;0;3587;0;0;95;0;160;0;
15849;6522722;1056473088;15204352;1143095296;0;0;0;0;0;0;0;0;0;0;0;2645;0;0;95;0;160;0;
15850;6459524;1056473088;15204352;1143095296;0;0;0;0;0;0;0;0;0;0;0;3126;0;0;95;0;160;0;
15851;7721962;1056473088;15204352;1143095296;0;0;0;0;0;0;0;0;0;0;0;3477;0;0;95;0;160;0;
15852;4508245;1056473088;15204352;1143095296;0;0;0;0;0;0;0;0;0;0;0;3286;0;0;95;0;160;0;
15853;7477022;1056473088;15204352;1143095296;0;0;0;0;0;0;0;0;0;0;0;3517;0;0;95;0;160;0;
15854;4668134;1056473088;15204352;1143095296;0;0;0;0;0;0;0;0;0;0;0;3416;0;0;95;0;160;0;
15855;6743536;1059913728;21790720;1149681664;0;0;0;0;0;0;0;0;0;0;0;2435;0;0;95;0;160;0;
15856;4841009;1062010880;21790720;1149681664;0;0;0;0;0;0;0;0;0;0;0;3787;0;0;95;0;160;0;
15857;8378953;1062010880;21790720;1149681664;0;0;0;0;0;0;0;0;0;0;0;2985;0;0;95;0;160;0;
15858;3878704;1062010880;21790720;1149681664;0;0;0;0;0;0;0;0;0;0;0;3767;0;0;95;0;160;0;
15859;7383567;1062010880;21790720;1149681664;0;0;0;0;0;0;0;0;0;0;0;3797;0;0;95;0;160;0;
15860;4409068;1062010880;21790720;1149681664;0;0;0;0;0;0;0;0;0;0;0;3126;0;0;95;0;160;0;
15861;7231782;1062010880;21790720;1149681664;0;0;0;0;0;0;0;0;0;0;0;3998;0;0;95;0;160;0;
15862;5900065;1062010880;21790720;1149681664;0;0;0;0;0;0;0;0;0;0;0;3567;0;0;95;0;160;0;
15863;8692792;1062010880;21790720;1149681664;0;0;0;0;0;0;0;0;0;0;0;2535;0;0;95;0;160;0;
15864;6013067;1056485376;15204352;1143095296;0;0;0;0;0;0;0;0;0;0;0;2745;0;0;95;0;160;0;
15865;6673655;1056485376;15204352;1143095296;0;0;0;0;0;0;0;0;0;0;0;2214;0;0;95;0;160;0;
15866;3937214;1056485376;15204352;1143095296;0;0;0;0;0;0;0;0;0;0;0;2986;0;0;95;0;160;0;
15867;7208158;1056485376;15204352;1143095296;0;0;0;0;0;0;0;0;0;0;0;2615;0;0;95;0;160;0;
15868;4156465;1056485376;15204352;1143095296;0;0;0;0;0;0;0;0;0;0;0;3597;0;0;95;0;160;0;
15869;5660145;1056485376;15204352;1143095296;0;0;0;0;0;0;0;0;0;0;0;2495;0;0;95;0;160;0;
15870;4786877;1056485376;15204352;1143095296;0;0;0;0;0;0;0;0;0;0;0;3366;0;0;95;0;160;0;
15871;6459664;1056485376;15204352;1143095296;0;0;0;0;0;0;0;0;0;0;0;2304;0;0;95;0;160;0;
15872;3180504;1056485376;15204352;1143095296;0;0;0;0;0;0;0;0;0;0;0;3576;0;0;95;0;160;0;
15873;6788351;1056485376;15204352;1143095296;0;0;0;0;0;0;0;0;0;0;0;2956;0;0;95;0;160;0;
15874;3562300;1056485376;15204352;1143095296;0;0;0;0;0;0;0;0;0;0;0;2445;0;0;95;0;160;0;
15875;7006921;1056485376;15204352;1143095296;0;0;0;0;0;0;0;0;0;0;0;3006;0;0;95;0;160;0;
15876;5171328;1056485376;15204352;1143095296;0;0;0;0;0;0;0;0;0;0;0;3717;0;0;95;0;160;0;
15877;6916261;1059926016;21790720;1149681664;0;0;0;0;0;0;0;0;0;0;0;2966;0;0;95;0;160;0;
15878;5084195;1062023168;21790720;1149681664;0;0;0;0;0;0;0;0;0;0;0;3076;0;0;95;0;160;0;
15879;6949723;1062023168;21790720;1149681664;0;0;0;0;0;0;0;0;0;0;0;2345;0;0;95;0;160;0;
15880;4288573;1062023168;21790720;1149681664;0;0;0;0;0;0;0;0;0;0;0;3957;0;0;95;0;160;0;
15881;7210873;1062023168;21790720;1149681664;0;0;0;0;0;0;0;0;0;0;0;3437;0;0;95;0;160;0;
15882;5745074;1062023168;21790720;1149681664;0;0;0;0;0;0;0;0;0;0;0;3367;0;0;95;0;160;0;
15883;6936769;1062023168;21790720;1149681664;0;0;0;0;0;0;0;0;0;0;0;2395;0;0;95;0;160;0;
15884;3666436;1062023168;21790720;1149681664;0;0;0;0;0;0;0;0;0;0;0;2715;0;0;95;0;160;0;
15885;5107148;1062023168;21790720;1149681664;0;0;0;0;0;0;0;0;0;0;0;2374;0;0;95;0;160;0;
15886;5566760;1056497664;15204352;1143095296;0;0;0;0;0;0;0;0;0;0;0;2745;0;0;95;0;160;0;
15887;7353139;1056497664;15204352;1143095296;0;0;0;0;0;0;0;0;0;0;0;2284;0;0;95;0;160;0;
15888;3449680;1056497664;15204352;1143095296;0;0;0;0;0;0;0;0;0;0;0;2745;0;0;95;0;160;0;
15889;6711126;1056497664;15204352;1143095296;0;0;0;0;0;0;0;0;0;0;0;2255;0;0;95;0;160;0;
15890;3673680;1056497664;15204352;1143095296;0;0;0;0;0;0;0;0;0;0;0;3096;0;0;95;0;160;0;
15891;5826096;1056497664;15204352;1143095296;0;0;0;0;0;0;0;0;0;0;0;2705;0;0;95;0;160;0;
15892;3245035;1056497664;15204352;1143095296;0;0;0;0;0;0;0;0;0;0;0;2805;0;0;95;0;160;0;
15893;6473380;1056497664;15204352;1143095296;0;0;0;0;0;0;0;0;0;0;0;2875;0;0;95;0;160;0;
15894;3690150;1056497664;15204352;1143095296;0;0;0;0;0;0;0;0;0;0;0;2234;0;0;95;0;160;0;
15895;5243243;1056497664;15204352;1143095296;0;0;0;0;0;0;0;0;0;0;0;2003;0;0;95;0;160;0;
15896;4632278;1056497664;15204352;1143095296;0;0;0;0;0;0;0;0;0;0;0;2986;0;0;95;0;160;0;
15897;6142530;1056497664;15204352;1143095296;0;0;0;0;0;0;0;0;0;0;0;1813;0;0;95;0;160;0;
15898;3943035;1056497664;15204352;1143095296;0;0;0;0;0;0;0;0;0;0;0;2835;0;0;95;0;160;0;
15899;5191276;1056497664;15204352;1143095296;0;0;0;0;0;0;0;0;0;0;0;1744;0;0;95;0;160;0;
15900;4890652;1056497664;15204352;1143095296;0;0;0;0;0;0;0;0;0;0;0;3907;0;0;95;0;160;0;
15901;6266722;1059938304;21790720;1149681664;0;0;0;0;0;0;0;0;0;0;0;1834;0;0;95;0;160;0;
15902;4912473;1062035456;21790720;1149681664;0;0;0;0;0;0;0;0;0;0;0;3146;0;0;95;0;160;0;
15903;5970156;1062035456;21790720;1149681664;0;0;0;0;0;0;0;0;0;0;0;1894;0;0;95;0;160;0;
15904;4464292;1062035456;21790720;1149681664;0;0;0;0;0;0;0;0;0;0;0;2775;0;0;95;0;160;0;
15905;5141162;1062035456;21790720;1149681664;0;0;0;0;0;0;0;0;0;0;0;1733;0;0;95;0;160;0;
15906;3968583;1062035456;21790720;1149681664;0;0;0;0;0;0;0;0;0;0;0;2715;0;0;95;0;160;0;
15907;5661147;1062035456;21790720;1149681664;0;0;0;0;0;0;0;0;0;0;0;1833;0;0;95;0;160;0;
15908;3829391;1062035456;21790720;1149681664;0;0;0;0;0;0;0;0;0;0;0;3145;0;0;95;0;160;0;
15909;6343987;1062035456;21790720;1149681664;0;0;0;0;0;0;0;0;0;0;0;1943;0;0;95;0;160;0;
15910;3608016;1056509952;15204352;1143095296;0;0;0;0;0;0;0;0;0;0;0;2845;0;0;95;0;160;0;
15911;5784027;1056509952;15204352;1143095296;0;0;0;0;0;0;0;0;0;0;0;2043;0;0;95;0;160;0;
15912;4562716;1056509952;15204352;1143095296;0;0;0;0;0;0;0;0;0;0;0;2885;0;0;95;0;160;0;
15913;6191051;1056509952;15204352;1143095296;0;0;0;0;0;0;0;0;0;0;0;2335;0;0;95;0;160;0;
15914;4707809;1056509952;15204352;1143095296;0;0;0;0;0;0;0;0;0;0;0;3056;0;0;95;0;160;0;
15915;6931560;1056509952;15204352;1143095296;0;0;0;0;0;0;0;0;0;0;0;2013;0;0;95;0;160;0;
15916;4236655;1056509952;15204352;1143095296;0;0;0;0;0;0;0;0;0;0;0;2675;0;0;95;0;160;0;
15917;7202758;1056509952;15204352;1143095296;0;0;0;0;0;0;0;0;0;0;0;2705;0;0;95;0;160;0;
15918;3465449;1056509952;15204352;1143095296;0;0;0;0;0;0;0;0;0;0;0;2534;0;0;95;0;160;0;
15919;6195519;1056509952;15204352;1143095296;0;0;0;0;0;0;0;0;0;0;0;1834;0;0;95;0;160;0;
15920;3827928;1056509952;15204352;1143095296;0;0;0;0;0;0;0;0;0;0;0;2314;0;0;95;0;160;0;
15921;5700401;1056509952;15204352;1143095296;0;0;0;0;0;0;0;0;0;0;0;1593;0;0;95;0;160;0;
15922;4007356;1056509952;15204352;1143095296;0;0;0;0;0;0;0;0;0;0;0;1943;0;0;95;0;160;0;
15923;4820981;1056509952;15204352;1143095296;0;0;0;0;0;0;0;0;0;0;0;1313;0;0;95;0;160;0;
15924;3921233;1056509952;15204352;1143095296;0;0;0;0;0;0;0;0;0;0;0;2956;0;0;95;0;160;0;
15925;5261227;1059950592;21790720;1149681664;0;0;0;0;0;0;0;0;0;0;0;2023;0;0;95;0;160;0;
15926;3909361;1062047744;21790720;1149681664;0;0;0;0;0;0;0;0;0;0;0;2866;0;0;95;0;160;0;
15927;6067830;1062047744;21790720;1149681664;0;0;0;0;0;0;0;0;0;0;0;1893;0;0;95;0;160;0;
15928;3154035;1062047744;21790720;1149681664;0;0;0;0;0;0;0;0;0;0;0;2435;0;0;95;0;160;0;
15929;5657289;1062047744;21790720;1149681664;0;0;0;0;0;0;0;0;0;0;0;1984;0;0;95;0;160;0;
15930;3788234;1062047744;21790720;1149681664;0;0;0;0;0;0;0;0;0;0;0;2384;0;0;95;0;160;0;
15931;5412690;1062047744;21790720;1149681664;0;0;0;0;0;0;0;0;0;0;0;1924;0;0;95;0;160;0;
15932;3447004;1062047744;21790720;1149681664;0;0;0;0;0;0;0;0;0;0;0;2174;0;0;95;0;160;0;
15933;5807902;1062047744;21790720;1149681664;0;0;0;0;0;0;0;0;0;0;0;1653;0;0;95;0;160;0;
15934;3305399;1056522240;15204352;1143095296;0;0;0;0;0;0;0;0;0;0;0;2184;0;0;95;0;160;0;
15935;5465209;1056522240;15204352;1143095296;0;0;0;0;0;0;0;0;0;0;0;1763;0;0;95;0;160;0;
15936;4607180;1056522240;15204352;1143095296;0;0;0;0;0;0;0;0;0;0;0;2615;0;0;95;0;160;0;
15937;5524330;1056522240;15204352;1143095296;0;0;0;0;0;0;0;0;0;0;0;2124;0;0;95;0;160;0;
15938;4106511;1056522240;15204352;1143095296;0;0;0;0;0;0;0;0;0;0;0;2915;0;0;95;0;160;0;
15939;5319226;1056522240;15204352;1143095296;0;0;0;0;0;0;0;0;0;0;0;1473;0;0;95;0;160;0;
15940;4113955;1056522240;15204352;1143095296;0;0;0;0;0;0;0;0;0;0;0;2184;0;0;95;0;160;0;
15941;6318850;1056522240;15204352;1143095296;0;0;0;0;0;0;0;0;0;0;0;1904;0;0;95;0;160;0;
15942;3181186;1056522240;15204352;1143095296;0;0;0;0;0;0;0;0;0;0;0;2375;0;0;95;0;160;0;
15943;5844831;1056522240;15204352;1143095296;0;0;0;0;0;0;0;0;0;0;0;1863;0;0;95;0;160;0;
15944;3353529;1056522240;15204352;1143095296;0;0;0;0;0;0;0;0;0;0;0;2395;0;0;95;0;160;0;
15945;4877878;1056522240;15204352;1143095296;0;0;0;0;0;0;0;0;0;0;0;2014;0;0;95;0;160;0;
15946;3979163;1056522240;15204352;1143095296;0;0;0;0;0;0;0;0;0;0;0;2235;0;0;95;0;160;0;
15947;6008758;1059962880;21790720;1149681664;0;0;0;0;0;0;0;0;0;0;0;1864;0;0;95;0;160;0;
15948;3819073;1062060032;21790720;1149681664;0;0;0;0;0;0;0;0;0;0;0;3026;0;0;95;0;160;0;
15949;5146662;1062060032;21790720;1149681664;0;0;0;0;0;0;0;0;0;0;0;1643;0;0;95;0;160;0;
15950;3172731;1062060032;21790720;1149681664;0;0;0;0;0;0;0;0;0;0;0;2705;0;0;95;0;160;0;
15951;11380061;1062060032;21790720;1149681664;0;0;0;0;0;0;0;0;0;0;0;1863;0;0;95;0;160;0;
15952;8255582;1062060032;21790720;1149681664;0;0;0;0;0;0;0;0;0;0;0;3156;0;0;95;0;160;0;
15953;6511061;1062060032;21790720;1149681664;0;0;0;0;0;0;0;0;0;0;0;2605;0;0;95;0;160;0;
15954;5323474;1062060032;21790720;1149681664;0;0;0;0;0;0;0;0;0;0;0;4578;0;0;95;0;160;0;
15955;5976147;1062060032;21790720;1149681664;0;0;0;0;0;0;0;0;0;0;0;2785;0;0;95;0;160;0;
15956;5553645;1056534528;15204352;1143095296;0;0;0;0;0;0;0;0;0;0;0;3407;0;0;95;0;160;0;
15957;6861878;1056534528;15204352;1143095296;0;0;0;0;0;0;0;0;0;0;0;2916;0;0;95;0;160;0;
15958;5669252;1056534528;15204352;1143095296;0;0;0;0;0;0;0;0;0;0;0;3026;0;0;95;0;160;0;
15959;5516075;1056534528;15204352;1143095296;0;0;0;0;0;0;0;0;0;0;0;2114;0;0;95;0;160;0;
15960;6084561;1056534528;15204352;1143095296;0;0;0;0;0;0;0;0;0;0;0;2955;0;0;95;0;160;0;
15961;6702980;1056534528;15204352;1143095296;0;0;0;0;0;0;0;0;0;0;0;2504;0;0;95;0;160;0;
15962;5934700;1056534528;15204352;1143095296;0;0;0;0;0;0;0;0;0;0;0;2564;0;0;95;0;160;0;
15963;6127582;1056534528;15204352;1143095296;0;0;0;0;0;0;0;0;0;0;0;1943;0;0;95;0;160;0;
15964;6393049;1056534528;15204352;1143095296;0;0;0;0;0;0;0;0;0;0;0;2925;0;0;95;0;160;0;
15965;7146823;1056534528;15204352;1143095296;0;0;0;0;0;0;0;0;0;0;0;2235;0;0;95;0;160;0;
15966;5147994;1056534528;15204352;1143095296;0;0;0;0;0;0;0;0;0;0;0;3216;0;0;95;0;160;0;
15967;5924261;1056534528;15204352;1143095296;0;0;0;0;0;0;0;0;0;0;0;2415;0;0;95;0;160;0;
15968;5997126;1056534528;15204352;1143095296;0;0;0;0;0;0;0;0;0;0;0;3286;0;0;95;0;160;0;
15969;7687658;1056534528;15204352;1143095296;0;0;0;0;0;0;0;0;0;0;0;2103;0;0;95;0;160;0;
15970;3763348;1056534528;15204352;1143095296;0;0;0;0;0;0;0;0;0;0;0;2705;0;0;95;0;160;0;
15971;6567617;1059975168;21790720;1149681664;0;0;0;0;0;0;0;0;0;0;0;2795;0;0;95;0;160;0;
15972;5180135;1062072320;21790720;1149681664;0;0;0;0;0;0;0;0;0;0;0;2725;0;0;95;0;160;0;
15973;5742720;1062072320;21790720;1149681664;0;0;0;0;0;0;0;0;0;0;0;2525;0;0;95;0;160;0;
15974;7208939;1062072320;21790720;1149681664;0;0;0;0;0;0;0;0;0;0;0;3517;0;0;95;0;160;0;
15975;6338507;1062072320;21790720;1149681664;0;0;0;0;0;0;0;0;0;0;0;2846;0;0;95;0;160;0;
15976;4108715;1062072320;21790720;1149681664;0;0;0;0;0;0;0;0;0;0;0;3527;0;0;95;0;160;0;
15977;5338502;1062072320;21790720;1149681664;0;0;0;0;0;0;0;0;0;0;0;2054;0;0;95;0;160;0;
15978;4304543;1062072320;21790720;1149681664;0;0;0;0;0;0;0;0;0;0;0;3196;0;0;95;0;160;0;
15979;7573443;1062072320;21790720;1149681664;0;0;0;0;0;0;0;0;0;0;0;2805;0;0;95;0;160;0;
15980;3915172;1056546816;15204352;1143095296;0;0;0;0;0;0;0;0;0;0;0;2975;0;0;95;0;160;0;
15981;7337881;1056546816;15204352;1143095296;0;0;0;0;0;0;0;0;0;0;0;3176;0;0;95;0;160;0;
15982;5286624;1056546816;15204352;1143095296;0;0;0;0;0;0;0;0;0;0;0;3386;0;0;95;0;160;0;
15983;7249747;1056546816;15204352;1143095296;0;0;0;0;0;0;0;0;0;0;0;2475;0;0;95;0;160;0;
15984;4227819;1056546816;15204352;1143095296;0;0;0;0;0;0;0;0;0;0;0;3086;0;0;95;0;160;0;
15985;5844822;1056546816;15204352;1143095296;0;0;0;0;0;0;0;0;0;0;0;2525;0;0;95;0;160;0;
15986;4703240;1056546816;15204352;1143095296;0;0;0;0;0;0;0;0;0;0;0;3417;0;0;95;0;160;0;
15987;7187309;1056546816;15204352;1143095296;0;0;0;0;0;0;0;0;0;0;0;2725;0;0;95;0;160;0;
15988;3884695;1056546816;15204352;1143095296;0;0;0;0;0;0;0;0;0;0;0;3607;0;0;95;0;160;0;
15989;5194753;1056546816;15204352;1143095296;0;0;0;0;0;0;0;0;0;0;0;2315;0;0;95;0;160;0;
15990;3909201;1056546816;15204352;1143095296;0;0;0;0;0;0;0;0;0;0;0;2475;0;0;95;0;160;0;
15991;6766810;1056546816;15204352;1143095296;0;0;0;0;0;0;0;0;0;0;0;2755;0;0;95;0;160;0;
15992;5059027;1056546816;15204352;1143095296;0;0;0;0;0;0;0;0;0;0;0;3988;0;0;95;0;160;0;
15993;6899920;1059987456;21790720;1149681664;0;0;0;0;0;0;0;0;0;0;0;2996;0;0;95;0;160;0;
15994;5032107;1062084608;21790720;1149681664;0;0;0;0;0;0;0;0;0;0;0;2866;0;0;95;0;160;0;
15995;6697891;1062084608;21790720;1149681664;0;0;0;0;0;0;0;0;0;0;0;3256;0;0;95;0;160;0;
15996;3920212;1062084608;21790720;1149681664;0;0;0;0;0;0;0;0;0;0;0;3056;0;0;95;0;160;0;
15997;5686564;1062084608;21790720;1149681664;0;0;0;0;0;0;0;0;0;0;0;2805;0;0;95;0;160;0;
15998;3959035;1062084608;21790720;1149681664;0;0;0;0;0;0;0;0;0;0;0;2946;0;0;95;0;160;0;
15999;6283023;1062084608;21790720;1149681664;0;0;0;0;0;0;0;0;0;0;0;2645;0;0;95;0;160;0;
16000;3833789;1062084608;21790720;1149681664;0;0;0;0;0;0;0;0;0;0;0;3517;0;0;95;0;160;0;
16001;6042061;1062084608;21790720;1149681664;0;0;0;0;0;0;0;0;0;0;0;2354;0;0;95;0;160;0;
16002;4981522;1056559104;15204352;1143095296;0;0;0;0;0;0;0;0;0;0;0;3226;0;0;95;0;160;0;
16003;7450012;1056559104;15204352;1143095296;0;0;0;0;0;0;0;0;0;0;0;2645;0;0;95;0;160;0;
16004;4605908;1056559104;15204352;1143095296;0;0;0;0;0;0;0;0;0;0;0;3717;0;0;95;0;160;0;
16005;6424509;1056559104;15204352;1143095296;0;0;0;0;0;0;0;0;0;0;0;2916;0;0;95;0;160;0;
16006;5589823;1056559104;15204352;1143095296;0;0;0;0;0;0;0;0;0;0;0;3978;0;0;95;0;160;0;
16007;5467504;1056559104;15204352;1143095296;0;0;0;0;0;0;0;0;0;0;0;2294;0;0;95;0;160;0;
16008;4252936;1056559104;15204352;1143095296;0;0;0;0;0;0;0;0;0;0;0;3226;0;0;95;0;160;0;
16009;6647076;1056559104;15208448;1143099392;0;0;0;0;0;0;0;0;0;0;0;3216;0;0;95;0;160;0;
16010;6019649;1056559104;15212544;1143103488;0;0;0;0;0;0;0;0;0;0;0;2796;0;0;95;0;160;0;
16011;5508710;1056559104;15212544;1143103488;0;0;0;0;0;0;0;0;0;0;0;2043;0;0;95;0;160;0;
16012;4931137;1056559104;15212544;1143103488;0;0;0;0;0;0;0;0;0;0;0;2865;0;0;95;0;160;0;
16013;4867178;1056559104;15212544;1143103488;0;0;0;0;0;0;0;0;0;0;0;2184;0;0;95;0;160;0;
16014;5812170;1056559104;15212544;1143103488;0;0;0;0;0;0;0;0;0;0;0;3126;0;0;95;0;160;0;
16015;6596601;1056559104;15212544;1143103488;0;0;0;0;0;0;0;0;0;0;0;2084;0;0;95;0;160;0;
16016;4264438;1056559104;15204352;1143095296;0;0;0;0;0;0;0;0;0;0;0;2975;0;0;95;0;160;0;
16017;6107053;1056559104;15204352;1143095296;0;0;0;0;0;0;0;0;0;0;0;2675;0;0;95;0;160;0;
16018;5672509;1056559104;15204352;1143095296;0;0;0;0;0;0;0;0;0;0;0;3316;0;0;95;0;160;0;
16019;7629218;1059999744;21790720;1149681664;0;0;0;0;0;0;0;0;0;0;0;4057;0;0;95;0;160;0;
16020;6231116;1062096896;21790720;1149681664;0;0;0;0;0;0;0;0;0;0;0;3096;0;0;95;0;160;0;
16021;6452591;1062096896;21790720;1149681664;0;0;0;0;0;0;0;0;0;0;0;1944;0;0;95;0;160;0;
16022;4585319;1062096896;21790720;1149681664;0;0;0;0;0;0;0;0;0;0;0;2915;0;0;95;0;160;0;
16023;6500771;1062096896;21790720;1149681664;0;0;0;0;0;0;0;0;0;0;0;2023;0;0;95;0;160;0;
16024;3546541;1062096896;21790720;1149681664;0;0;0;0;0;0;0;0;0;0;0;2905;0;0;95;0;160;0;
16025;7079326;1062096896;21790720;1149681664;0;0;0;0;0;0;0;0;0;0;0;2886;0;0;95;0;160;0;
16026;4338236;1062096896;21790720;1149681664;0;0;0;0;0;0;0;0;0;0;0;3156;0;0;95;0;160;0;
16027;7590866;1062096896;21790720;1149681664;0;0;0;0;0;0;0;0;0;0;0;2776;0;0;95;0;160;0;
16028;4738066;1056571392;15204352;1143095296;0;0;0;0;0;0;0;0;0;0;0;2916;0;0;95;0;160;0;
16029;8007817;1056571392;15204352;1143095296;0;0;0;0;0;0;0;0;0;0;0;3496;0;0;95;0;160;0;
16030;4092855;1056571392;15204352;1143095296;0;0;0;0;0;0;0;0;0;0;0;3156;0;0;95;0;160;0;
16031;7794247;1056571392;15204352;1143095296;0;0;0;0;0;0;0;0;0;0;0;2554;0;0;95;0;160;0;
16032;4864974;1056571392;15204352;1143095296;0;0;0;0;0;0;0;0;0;0;0;3797;0;0;95;0;160;0;
16033;6382260;1056571392;15204352;1143095296;0;0;0;0;0;0;0;0;0;0;0;1673;0;0;95;0;160;0;
16034;4556856;1056571392;15204352;1143095296;0;0;0;0;0;0;0;0;0;0;0;3136;0;0;95;0;160;0;
16035;5952013;1056571392;15204352;1143095296;0;0;0;0;0;0;0;0;0;0;0;2275;0;0;95;0;160;0;
16036;4041239;1056571392;15204352;1143095296;0;0;0;0;0;0;0;0;0;0;0;2745;0;0;95;0;160;0;
16037;6117492;1056571392;15204352;1143095296;0;0;0;0;0;0;0;0;0;0;0;1914;0;0;95;0;160;0;
16038;4133182;1056571392;15204352;1143095296;0;0;0;0;0;0;0;0;0;0;0;2665;0;0;95;0;160;0;
16039;6322788;1056571392;15204352;1143095296;0;0;0;0;0;0;0;0;0;0;0;2975;0;0;95;0;160;0;
16040;4606789;1056571392;15204352;1143095296;0;0;0;0;0;0;0;0;0;0;0;3376;0;0;95;0;160;0;
16041;8138884;1060012032;21790720;1149681664;0;0;0;0;0;0;0;0;0;0;0;3326;0;0;95;0;160;0;
16042;3508961;1062109184;21790720;1149681664;0;0;0;0;0;0;0;0;0;0;0;2935;0;0;95;0;160;0;
16043;6830419;1062109184;21790720;1149681664;0;0;0;0;0;0;0;0;0;0;0;2094;0;0;95;0;160;0;
16044;3042626;1062109184;21790720;1149681664;0;0;0;0;0;0;0;0;0;0;0;3086;0;0;95;0;160;0;
16045;6988486;1062109184;21790720;1149681664;0;0;0;0;0;0;0;0;0;0;0;3687;0;0;95;0;160;0;
16046;5001861;1062109184;21790720;1149681664;0;0;0;0;0;0;0;0;0;0;0;2835;0;0;95;0;160;0;
16047;6267344;1062109184;21790720;1149681664;0;0;0;0;0;0;0;0;0;0;0;2094;0;0;95;0;160;0;
16048;4496292;1062109184;21790720;1149681664;0;0;0;0;0;0;0;0;0;0;0;3807;0;0;95;0;160;0;
16049;6069974;1062109184;21790720;1149681664;0;0;0;0;0;0;0;0;0;0;0;2615;0;0;95;0;160;0;
16050;4551446;1056583680;15204352;1143095296;0;0;0;0;0;0;0;0;0;0;0;2995;0;0;95;0;160;0;
16051;6627540;1056583680;15204352;1143095296;0;0;0;0;0;0;0;0;0;0;0;2935;0;0;95;0;160;0;
16052;4368934;1056583680;15204352;1143095296;0;0;0;0;0;0;0;0;0;0;0;2605;0;0;95;0;160;0;
16053;7247732;1056583680;15204352;1143095296;0;0;0;0;0;0;0;0;0;0;0;2094;0;0;95;0;160;0;
16054;4032793;1056583680;15204352;1143095296;0;0;0;0;0;0;0;0;0;0;0;2925;0;0;95;0;160;0;
16055;6208683;1056583680;15204352;1143095296;0;0;0;0;0;0;0;0;0;0;0;2986;0;0;95;0;160;0;
16056;4305845;1056583680;15204352;1143095296;0;0;0;0;0;0;0;0;0;0;0;2915;0;0;95;0;160;0;
16057;6750009;1056583680;15204352;1143095296;0;0;0;0;0;0;0;0;0;0;0;95008;0;0;95;0;160;0;
16058;3763789;1056583680;15204352;1143095296;0;0;0;0;0;0;0;0;0;0;0;2705;0;0;95;0;160;0;
16059;6077568;1056583680;15204352;1143095296;0;0;0;0;0;0;0;0;0;0;0;1994;0;0;95;0;160;0;
16060;4093087;1056583680;15204352;1143095296;0;0;0;0;0;0;0;0;0;0;0;3356;0;0;95;0;160;0;
16061;6574710;1056583680;15204352;1143095296;0;0;0;0;0;0;0;0;0;0;0;2455;0;0;95;0;160;0;
16062;4586742;1056583680;15204352;1143095296;0;0;0;0;0;0;0;0;0;0;0;2875;0;0;95;0;160;0;
16063;7792394;1060024320;21790720;1149681664;0;0;0;0;0;0;0;0;0;0;0;2665;0;0;95;0;160;0;
16064;6157037;1062121472;21790720;1149681664;0;0;0;0;0;0;0;0;0;0;0;2855;0;0;95;0;160;0;
16065;5617285;1062121472;21790720;1149681664;0;0;0;0;0;0;0;0;0;0;0;2424;0;0;95;0;160;0;
16066;6018116;1062121472;21790720;1149681664;0;0;0;0;0;0;0;0;0;0;0;2906;0;0;95;0;160;0;
16067;6097004;1062121472;21790720;1149681664;0;0;0;0;0;0;0;0;0;0;0;2514;0;0;95;0;160;0;
16068;5653022;1062121472;21790720;1149681664;0;0;0;0;0;0;0;0;0;0;0;2956;0;0;95;0;160;0;
16069;5414024;1062121472;21790720;1149681664;0;0;0;0;0;0;0;0;0;0;0;1883;0;0;95;0;160;0;
16070;4808598;1062121472;21790720;1149681664;0;0;0;0;0;0;0;0;0;0;0;3948;0;0;95;0;160;0;
16071;6366740;1062121472;21790720;1149681664;0;0;0;0;0;0;0;0;0;0;0;2104;0;0;95;0;160;0;
16072;4330732;1056595968;15204352;1143095296;0;0;0;0;0;0;0;0;0;0;0;2835;0;0;95;0;160;0;
16073;7287847;1056595968;15204352;1143095296;0;0;0;0;0;0;0;0;0;0;0;2064;0;0;95;0;160;0;
16074;4769765;1056595968;15204352;1143095296;0;0;0;0;0;0;0;0;0;0;0;3677;0;0;95;0;160;0;
16075;6539664;1056595968;15204352;1143095296;0;0;0;0;0;0;0;0;0;0;0;2244;0;0;95;0;160;0;
16076;3953213;1056595968;15204352;1143095296;0;0;0;0;0;0;0;0;0;0;0;2886;0;0;95;0;160;0;
16077;6661603;1056595968;15204352;1143095296;0;0;0;0;0;0;0;0;0;0;0;2354;0;0;95;0;160;0;
16078;4295365;1056595968;15204352;1143095296;0;0;0;0;0;0;0;0;0;0;0;3687;0;0;95;0;160;0;
16079;7194963;1056595968;15204352;1143095296;0;0;0;0;0;0;0;0;0;0;0;3016;0;0;95;0;160;0;
16080;5448197;1056595968;15204352;1143095296;0;0;0;0;0;0;0;0;0;0;0;3136;0;0;95;0;160;0;
16081;6233199;1056595968;15204352;1143095296;0;0;0;0;0;0;0;0;0;0;0;2795;0;0;95;0;160;0;
16082;4977505;1056595968;15204352;1143095296;0;0;0;0;0;0;0;0;0;0;0;2525;0;0;95;0;160;0;
16083;6286179;1056595968;15204352;1143095296;0;0;0;0;0;0;0;0;0;0;0;2535;0;0;95;0;160;0;
16084;4157256;1056595968;15204352;1143095296;0;0;0;0;0;0;0;0;0;0;0;2615;0;0;95;0;160;0;
16085;7527597;1056595968;15204352;1143095296;0;0;0;0;0;0;0;0;0;0;0;2986;0;0;95;0;160;0;
16086;4239391;1056595968;15204352;1143095296;0;0;0;0;0;0;0;0;0;0;0;3146;0;0;95;0;160;0;
16087;6946597;1056595968;15204352;1143095296;0;0;0;0;0;0;0;0;0;0;0;3376;0;0;95;0;160;0;
16088;5947614;1056595968;15204352;1143095296;0;0;0;0;0;0;0;0;0;0;0;4088;0;0;95;0;160;0;
16089;6852682;1060036608;21790720;1149681664;0;0;0;0;0;0;0;0;0;0;0;2876;0;0;95;0;160;0;
16090;5617104;1062133760;21790720;1149681664;0;0;0;0;0;0;0;0;0;0;0;3276;0;0;95;0;160;0;
16091;6836250;1062133760;21790720;1149681664;0;0;0;0;0;0;0;0;0;0;0;2475;0;0;95;0;160;0;
16092;4616708;1062133760;21790720;1149681664;0;0;0;0;0;0;0;0;0;0;0;3427;0;0;95;0;160;0;
16093;5845663;1062133760;21790720;1149681664;0;0;0;0;0;0;0;0;0;0;0;2815;0;0;95;0;160;0;
16094;4792538;1062133760;21790720;1149681664;0;0;0;0;0;0;0;0;0;0;0;3586;0;0;95;0;160;0;
16095;6759276;1062133760;21790720;1149681664;0;0;0;0;0;0;0;0;0;0;0;2906;0;0;95;0;160;0;
16096;4970151;1062133760;21790720;1149681664;0;0;0;0;0;0;0;0;0;0;0;3587;0;0;95;0;160;0;
16097;5309438;1062133760;21790720;1149681664;0;0;0;0;0;0;0;0;0;0;0;2275;0;0;95;0;160;0;
16098;5517859;1056608256;15204352;1143095296;0;0;0;0;0;0;0;0;0;0;0;3015;0;0;95;0;160;0;
16099;5031666;1056608256;15204352;1143095296;0;0;0;0;0;0;0;0;0;0;0;2344;0;0;95;0;160;0;
16100;6287732;1056608256;15204352;1143095296;0;0;0;0;0;0;0;0;0;0;0;2965;0;0;95;0;160;0;
16101;6264018;1056608256;15204352;1143095296;0;0;0;0;0;0;0;0;0;0;0;2004;0;0;95;0;160;0;
16102;3686714;1056608256;15204352;1143095296;0;0;0;0;0;0;0;0;0;0;0;2986;0;0;95;0;160;0;
16103;6403459;1056608256;15204352;1143095296;0;0;0;0;0;0;0;0;0;0;0;3296;0;0;95;0;160;0;
16104;2806884;1056608256;15204352;1143095296;0;0;0;0;0;0;0;0;0;0;0;2325;0;0;95;0;160;0;
16105;6291078;1056608256;15204352;1143095296;0;0;0;0;0;0;0;0;0;0;0;1873;0;0;95;0;160;0;
16106;4383200;1056608256;15204352;1143095296;0;0;0;0;0;0;0;0;0;0;0;3496;0;0;95;0;160;0;
16107;6447762;1056608256;15204352;1143095296;0;0;0;0;0;0;0;0;0;0;0;2745;0;0;95;0;160;0;
16108;3374599;1056608256;15204352;1143095296;0;0;0;0;0;0;0;0;0;0;0;3777;0;0;95;0;160;0;
16109;6336573;1056608256;15204352;1143095296;0;0;0;0;0;0;0;0;0;0;0;2274;0;0;95;0;160;0;
16110;5073935;1056608256;15204352;1143095296;0;0;0;0;0;0;0;0;0;0;0;146535;0;0;95;0;160;0;
16111;6401976;1060048896;21790720;1149681664;0;0;0;0;0;0;0;0;0;0;0;2765;0;0;95;0;160;0;
16112;6071937;1062146048;21790720;1149681664;0;0;0;0;0;0;0;0;0;0;0;3416;0;0;95;0;160;0;
16113;6319492;1062146048;21790720;1149681664;0;0;0;0;0;0;0;0;0;0;0;1873;0;0;95;0;160;0;
16114;3638163;1062146048;21790720;1149681664;0;0;0;0;0;0;0;0;0;0;0;3036;0;0;95;0;160;0;
16115;6189137;1062146048;21790720;1149681664;0;0;0;0;0;0;0;0;0;0;0;2194;0;0;95;0;160;0;
16116;3650446;1062146048;21790720;1149681664;0;0;0;0;0;0;0;0;0;0;0;4167;0;0;95;0;160;0;
16117;6910741;1062146048;21790720;1149681664;0;0;0;0;0;0;0;0;0;0;0;3146;0;0;95;0;160;0;
16118;4751611;1062146048;21790720;1149681664;0;0;0;0;0;0;0;0;0;0;0;3336;0;0;95;0;160;0;
16119;6068441;1062146048;21790720;1149681664;0;0;0;0;0;0;0;0;0;0;0;2555;0;0;95;0;160;0;
16120;4507163;1056620544;15204352;1143095296;0;0;0;0;0;0;0;0;0;0;0;3106;0;0;95;0;160;0;
16121;6464313;1056620544;15204352;1143095296;0;0;0;0;0;0;0;0;0;0;0;3025;0;0;95;0;160;0;
16122;4896844;1056620544;15204352;1143095296;0;0;0;0;0;0;0;0;0;0;0;3827;0;0;95;0;160;0;
16123;5410036;1056620544;15204352;1143095296;0;0;0;0;0;0;0;0;0;0;0;2314;0;0;95;0;160;0;
16124;5259033;1056620544;15204352;1143095296;0;0;0;0;0;0;0;0;0;0;0;3587;0;0;95;0;160;0;
16125;6123234;1056620544;15204352;1143095296;0;0;0;0;0;0;0;0;0;0;0;1943;0;0;95;0;160;0;
16126;4355709;1056620544;15204352;1143095296;0;0;0;0;0;0;0;0;0;0;0;3307;0;0;95;0;160;0;
16127;8319001;1056620544;15204352;1143095296;0;0;0;0;0;0;0;0;0;0;0;2494;0;0;95;0;160;0;
16128;11723256;1056620544;15204352;1143095296;0;0;0;0;0;0;0;0;0;0;0;4549;0;0;95;0;160;0;
16129;7425726;1056620544;15204352;1143095296;0;0;0;0;0;0;0;0;0;0;0;2745;0;0;95;0;160;0;
16130;8484611;1056620544;15204352;1143095296;0;0;0;0;0;0;0;0;0;0;0;3306;0;0;95;0;160;0;
16131;6816604;1056620544;15204352;1143095296;0;0;0;0;0;0;0;0;0;0;0;2655;0;0;95;0;160;0;
16132;6162267;1056620544;15204352;1143095296;0;0;0;0;0;0;0;0;0;0;0;2695;0;0;95;0;160;0;
16133;8025361;1060061184;21790720;1149681664;0;0;0;0;0;0;0;0;0;0;0;2855;0;0;95;0;160;0;
16134;5165056;1062158336;21790720;1149681664;0;0;0;0;0;0;0;0;0;0;0;3737;0;0;95;0;160;0;
16135;7957042;1062158336;21790720;1149681664;0;0;0;0;0;0;0;0;0;0;0;2224;0;0;95;0;160;0;
16136;5705991;1062158336;21790720;1149681664;0;0;0;0;0;0;0;0;0;0;0;3647;0;0;95;0;160;0;
16137;6862760;1062158336;21790720;1149681664;0;0;0;0;0;0;0;0;0;0;0;2184;0;0;95;0;160;0;
16138;4255951;1062158336;21790720;1149681664;0;0;0;0;0;0;0;0;0;0;0;3597;0;0;95;0;160;0;
16139;6419429;1062158336;21790720;1149681664;0;0;0;0;0;0;0;0;0;0;0;2054;0;0;95;0;160;0;
16140;4528152;1062158336;21790720;1149681664;0;0;0;0;0;0;0;0;0;0;0;3166;0;0;95;0;160;0;
16141;8027395;1062158336;21790720;1149681664;0;0;0;0;0;0;0;0;0;0;0;3436;0;0;95;0;160;0;
16142;5286835;1056632832;15204352;1143095296;0;0;0;0;0;0;0;0;0;0;0;2935;0;0;95;0;160;0;
16143;6436801;1056632832;15204352;1143095296;0;0;0;0;0;0;0;0;0;0;0;2545;0;0;95;0;160;0;
16144;4492085;1056632832;15204352;1143095296;0;0;0;0;0;0;0;0;0;0;0;2655;0;0;95;0;160;0;
16145;6599597;1056632832;15204352;1143095296;0;0;0;0;0;0;0;0;0;0;0;2976;0;0;95;0;160;0;
16146;5447937;1056632832;15204352;1143095296;0;0;0;0;0;0;0;0;0;0;0;3516;0;0;95;0;160;0;
16147;7476230;1056632832;15204352;1143095296;0;0;0;0;0;0;0;0;0;0;0;2825;0;0;95;0;160;0;
16148;6725774;1056632832;15204352;1143095296;0;0;0;0;0;0;0;0;0;0;0;3567;0;0;95;0;160;0;
16149;6167496;1056632832;15204352;1143095296;0;0;0;0;0;0;0;0;0;0;0;2225;0;0;95;0;160;0;
16150;5282256;1056632832;15204352;1143095296;0;0;0;0;0;0;0;0;0;0;0;2846;0;0;95;0;160;0;
16151;6876295;1056632832;15204352;1143095296;0;0;0;0;0;0;0;0;0;0;0;2926;0;0;95;0;160;0;
16152;3340364;1056632832;15204352;1143095296;0;0;0;0;0;0;0;0;0;0;0;3216;0;0;95;0;160;0;
16153;7155039;1056632832;15204352;1143095296;0;0;0;0;0;0;0;0;0;0;0;3877;0;0;95;0;160;0;
16154;5367486;1056632832;15204352;1143095296;0;0;0;0;0;0;0;0;0;0;0;3577;0;0;95;0;160;0;
16155;8994488;1056632832;15204352;1143095296;0;0;0;0;0;0;0;0;0;0;0;3046;0;0;95;0;160;0;
16156;6708962;1056632832;15204352;1143095296;0;0;0;0;0;0;0;0;0;0;0;2675;0;0;95;0;160;0;
16157;7748421;1060073472;21790720;1149681664;0;0;0;0;0;0;0;0;0;0;0;3176;0;0;95;0;160;0;
16158;5797843;1062170624;21790720;1149681664;0;0;0;0;0;0;0;0;0;0;0;2725;0;0;95;0;160;0;
16159;6616890;1062170624;21790720;1149681664;0;0;0;0;0;0;0;0;0;0;0;2535;0;0;95;0;160;0;
16160;4594446;1062170624;21790720;1149681664;0;0;0;0;0;0;0;0;0;0;0;2886;0;0;95;0;160;0;
16161;6919828;1062170624;21790720;1149681664;0;0;0;0;0;0;0;0;0;0;0;2615;0;0;95;0;160;0;
16162;5479607;1062170624;21790720;1149681664;0;0;0;0;0;0;0;0;0;0;0;3306;0;0;95;0;160;0;
16163;6765268;1062170624;21790720;1149681664;0;0;0;0;0;0;0;0;0;0;0;2215;0;0;95;0;160;0;
16164;4835528;1062170624;21790720;1149681664;0;0;0;0;0;0;0;0;0;0;0;3015;0;0;95;0;160;0;
16165;6296368;1062170624;21790720;1149681664;0;0;0;0;0;0;0;0;0;0;0;1903;0;0;95;0;160;0;
16166;5289911;1056645120;15204352;1143095296;0;0;0;0;0;0;0;0;0;0;0;4097;0;0;95;0;160;0;
16167;7307054;1056645120;15204352;1143095296;0;0;0;0;0;0;0;0;0;0;0;2334;0;0;95;0;160;0;
16168;5221032;1056645120;15204352;1143095296;0;0;0;0;0;0;0;0;0;0;0;3557;0;0;95;0;160;0;
16169;6350520;1056645120;15204352;1143095296;0;0;0;0;0;0;0;0;0;0;0;2675;0;0;95;0;160;0;
16170;7765744;1056645120;15204352;1143095296;0;0;0;0;0;0;0;0;0;0;0;3286;0;0;95;0;160;0;
16171;7166279;1056645120;15204352;1143095296;0;0;0;0;0;0;0;0;0;0;0;2815;0;0;95;0;160;0;
16172;4353484;1056645120;15204352;1143095296;0;0;0;0;0;0;0;0;0;0;0;2905;0;0;95;0;160;0;
16173;6912874;1056645120;15204352;1143095296;0;0;0;0;0;0;0;0;0;0;0;2004;0;0;95;0;160;0;
16174;3996065;1056645120;15204352;1143095296;0;0;0;0;0;0;0;0;0;0;0;2906;0;0;95;0;160;0;
16175;6065114;1056645120;15204352;1143095296;0;0;0;0;0;0;0;0;0;0;0;2093;0;0;95;0;160;0;
16176;4822894;1056645120;15204352;1143095296;0;0;0;0;0;0;0;0;0;0;0;2735;0;0;95;0;160;0;
16177;6408338;1056645120;15204352;1143095296;0;0;0;0;0;0;0;0;0;0;0;2735;0;0;95;0;160;0;
16178;5214208;1056645120;15204352;1143095296;0;0;0;0;0;0;0;0;0;0;0;3366;0;0;95;0;160;0;
16179;7143617;1056645120;15204352;1143095296;0;0;0;0;0;0;0;0;0;0;0;2345;0;0;95;0;160;0;
16180;5267969;1056645120;15204352;1143095296;0;0;0;0;0;0;0;0;0;0;0;3577;0;0;95;0;160;0;
16181;8773925;1060085760;21790720;1149681664;0;0;0;0;0;0;0;0;0;0;0;2515;0;0;95;0;160;0;
16182;5242412;1062182912;21790720;1149681664;0;0;0;0;0;0;0;0;0;0;0;2976;0;0;95;0;160;0;
16183;6032563;1062182912;21790720;1149681664;0;0;0;0;0;0;0;0;0;0;0;1984;0;0;95;0;160;0;
16184;4124355;1062182912;21790720;1149681664;0;0;0;0;0;0;0;0;0;0;0;2755;0;0;95;0;160;0;
16185;6116801;1062182912;21790720;1149681664;0;0;0;0;0;0;0;0;0;0;0;2034;0;0;95;0;160;0;
16186;3517616;1062182912;21790720;1149681664;0;0;0;0;0;0;0;0;0;0;0;2475;0;0;95;0;160;0;
16187;7799747;1062182912;21790720;1149681664;0;0;0;0;0;0;0;0;0;0;0;2224;0;0;95;0;160;0;
16188;3996666;1062182912;21790720;1149681664;0;0;0;0;0;0;0;0;0;0;0;2885;0;0;95;0;160;0;
16189;8794743;1062182912;21790720;1149681664;0;0;0;0;0;0;0;0;0;0;0;3356;0;0;95;0;160;0;
16190;6311938;1056657408;15204352;1143095296;0;0;0;0;0;0;0;0;0;0;0;2434;0;0;95;0;160;0;
16191;8310806;1056657408;15204352;1143095296;0;0;0;0;0;0;0;0;0;0;0;2685;0;0;95;0;160;0;
16192;4249208;1056657408;15204352;1143095296;0;0;0;0;0;0;0;0;0;0;0;2755;0;0;95;0;160;0;
16193;7874588;1056657408;15204352;1143095296;0;0;0;0;0;0;0;0;0;0;0;3747;0;0;95;0;160;0;
16194;3923128;1056657408;15204352;1143095296;0;0;0;0;0;0;0;0;0;0;0;3758;0;0;95;0;160;0;
16195;6737014;1056657408;15204352;1143095296;0;0;0;0;0;0;0;0;0;0;0;3837;0;0;95;0;160;0;
16196;4004389;1056657408;15204352;1143095296;0;0;0;0;0;0;0;0;0;0;0;4348;0;0;95;0;160;0;
16197;9102360;1056657408;15204352;1143095296;0;0;0;0;0;0;0;0;0;0;0;4228;0;0;95;0;160;0;
16198;6966746;1056657408;15204352;1143095296;0;0;0;0;0;0;0;0;0;0;0;3787;0;0;95;0;160;0;
16199;6483469;1056657408;15204352;1143095296;0;0;0;0;0;0;0;0;0;0;0;2535;0;0;95;0;160;0;
16200;6346983;1056657408;15204352;1143095296;0;0;0;0;0;0;0;0;0;0;0;3066;0;0;95;0;160;0;
16201;6402387;1056657408;15204352;1143095296;0;0;0;0;0;0;0;0;0;0;0;2314;0;0;95;0;160;0;
16202;5994813;1056657408;15204352;1143095296;0;0;0;0;0;0;0;0;0;0;0;4018;0;0;95;0;160;0;
16203;6857941;1060098048;21790720;1149681664;0;0;0;0;0;0;0;0;0;0;0;3327;0;0;95;0;160;0;
16204;6168809;1062195200;21790720;1149681664;0;0;0;0;0;0;0;0;0;0;0;3376;0;0;95;0;160;0;
16205;5665115;1062195200;21790720;1149681664;0;0;0;0;0;0;0;0;0;0;0;4127;0;0;95;0;160;0;
16206;4485953;1062195200;21790720;1149681664;0;0;0;0;0;0;0;0;0;0;0;3657;0;0;95;0;160;0;
16207;7500756;1062195200;21790720;1149681664;0;0;0;0;0;0;0;0;0;0;0;2624;0;0;95;0;160;0;
16208;6134575;1062195200;21790720;1149681664;0;0;0;0;0;0;0;0;0;0;0;3907;0;0;95;0;160;0;
16209;6542200;1062195200;21790720;1149681664;0;0;0;0;0;0;0;0;0;0;0;2254;0;0;95;0;160;0;
16210;5176528;1062195200;21790720;1149681664;0;0;0;0;0;0;0;0;0;0;0;2946;0;0;95;0;160;0;
16211;7343582;1062195200;21790720;1149681664;0;0;0;0;0;0;0;0;0;0;0;2104;0;0;95;0;160;0;
16212;5312553;1056669696;15204352;1143095296;0;0;0;0;0;0;0;0;0;0;0;2895;0;0;95;0;160;0;
16213;7210773;1056669696;15204352;1143095296;0;0;0;0;0;0;0;0;0;0;0;2886;0;0;95;0;160;0;
16214;3257229;1056669696;15204352;1143095296;0;0;0;0;0;0;0;0;0;0;0;2705;0;0;95;0;160;0;
16215;7948757;1056669696;15204352;1143095296;0;0;0;0;0;0;0;0;0;0;0;118722;0;0;95;0;160;0;
16216;3780130;1056669696;15204352;1143095296;0;0;0;0;0;0;0;0;0;0;0;3166;0;0;95;0;160;0;
16217;6833886;1056669696;15204352;1143095296;0;0;0;0;0;0;0;0;0;0;0;1974;0;0;95;0;160;0;
16218;4239080;1056669696;15204352;1143095296;0;0;0;0;0;0;0;0;0;0;0;3126;0;0;95;0;160;0;
16219;6008698;1056669696;15204352;1143095296;0;0;0;0;0;0;0;0;0;0;0;1814;0;0;95;0;160;0;
16220;5198450;1056669696;15204352;1143095296;0;0;0;0;0;0;0;0;0;0;0;3126;0;0;95;0;160;0;
16221;6552118;1056669696;15204352;1143095296;0;0;0;0;0;0;0;0;0;0;0;2315;0;0;95;0;160;0;
16222;3768427;1056669696;15204352;1143095296;0;0;0;0;0;0;0;0;0;0;0;2555;0;0;95;0;160;0;
16223;5538627;1056669696;15204352;1143095296;0;0;0;0;0;0;0;0;0;0;0;2205;0;0;95;0;160;0;
16224;4394221;1056669696;15204352;1143095296;0;0;0;0;0;0;0;0;0;0;0;3206;0;0;95;0;160;0;
16225;5030885;1056669696;15204352;1143095296;0;0;0;0;0;0;0;0;0;0;0;1833;0;0;95;0;160;0;
16226;5553114;1056669696;15204352;1143095296;0;0;0;0;0;0;0;0;0;0;0;3036;0;0;95;0;160;0;
16227;6924135;1060110336;21790720;1149681664;0;0;0;0;0;0;0;0;0;0;0;2865;0;0;95;0;160;0;
16228;5386612;1062207488;21790720;1149681664;0;0;0;0;0;0;0;0;0;0;0;3136;0;0;95;0;160;0;
16229;7253544;1062207488;21790720;1149681664;0;0;0;0;0;0;0;0;0;0;0;2785;0;0;95;0;160;0;
16230;6012777;1062207488;21790720;1149681664;0;0;0;0;0;0;0;0;0;0;0;3767;0;0;95;0;160;0;
16231;6041330;1062207488;21790720;1149681664;0;0;0;0;0;0;0;0;0;0;0;1984;0;0;95;0;160;0;
16232;4825430;1062207488;21790720;1149681664;0;0;0;0;0;0;0;0;0;0;0;3417;0;0;95;0;160;0;
16233;8182846;1062207488;21790720;1149681664;0;0;0;0;0;0;0;0;0;0;0;2374;0;0;95;0;160;0;
16234;6079551;1062207488;21790720;1149681664;0;0;0;0;0;0;0;0;0;0;0;3497;0;0;95;0;160;0;
16235;6394503;1062207488;21790720;1149681664;0;0;0;0;0;0;0;0;0;0;0;2184;0;0;95;0;160;0;
16236;6749498;1056681984;15204352;1143095296;0;0;0;0;0;0;0;0;0;0;0;3286;0;0;95;0;160;0;
16237;7861133;1056681984;15204352;1143095296;0;0;0;0;0;0;0;0;0;0;0;3316;0;0;95;0;160;0;
16238;5474567;1056681984;15204352;1143095296;0;0;0;0;0;0;0;0;0;0;0;3507;0;0;95;0;160;0;
16239;7075840;1056681984;15204352;1143095296;0;0;0;0;0;0;0;0;0;0;0;3267;0;0;95;0;160;0;
16240;7630820;1056681984;15204352;1143095296;0;0;0;0;0;0;0;0;0;0;0;3337;0;0;95;0;160;0;
16241;5872022;1056681984;15204352;1143095296;0;0;0;0;0;0;0;0;0;0;0;3146;0;0;95;0;160;0;
16242;6210677;1056681984;15204352;1143095296;0;0;0;0;0;0;0;0;0;0;0;3266;0;0;95;0;160;0;
16243;6825320;1056681984;15204352;1143095296;0;0;0;0;0;0;0;0;0;0;0;2525;0;0;95;0;160;0;
16244;6151276;1056681984;15204352;1143095296;0;0;0;0;0;0;0;0;0;0;0;3536;0;0;95;0;160;0;
16245;6002958;1056681984;15204352;1143095296;0;0;0;0;0;0;0;0;0;0;0;1753;0;0;95;0;160;0;
16246;5974214;1056681984;15204352;1143095296;0;0;0;0;0;0;0;0;0;0;0;3417;0;0;95;0;160;0;
16247;6013928;1056681984;15204352;1143095296;0;0;0;0;0;0;0;0;0;0;0;2164;0;0;95;0;160;0;
16248;5093813;1056681984;15204352;1143095296;0;0;0;0;0;0;0;0;0;0;0;3487;0;0;95;0;160;0;
16249;5724185;1060122624;21790720;1149681664;0;0;0;0;0;0;0;0;0;0;0;3156;0;0;95;0;160;0;
16250;5729696;1062219776;21790720;1149681664;0;0;0;0;0;0;0;0;0;0;0;3196;0;0;95;0;160;0;
16251;6710375;1062219776;21790720;1149681664;0;0;0;0;0;0;0;0;0;0;0;2405;0;0;95;0;160;0;
16252;5949287;1062219776;21790720;1149681664;0;0;0;0;0;0;0;0;0;0;0;3677;0;0;95;0;160;0;
16253;6592092;1062219776;21790720;1149681664;0;0;0;0;0;0;0;0;0;0;0;2454;0;0;95;0;160;0;
16254;6354768;1062219776;21790720;1149681664;0;0;0;0;0;0;0;0;0;0;0;2876;0;0;95;0;160;0;
16255;6380746;1062219776;21790720;1149681664;0;0;0;0;0;0;0;0;0;0;0;2615;0;0;95;0;160;0;
16256;5325397;1062219776;21790720;1149681664;0;0;0;0;0;0;0;0;0;0;0;2916;0;0;95;0;160;0;
16257;6480884;1062219776;21790720;1149681664;0;0;0;0;0;0;0;0;0;0;0;3036;0;0;95;0;160;0;
16258;6002456;1056694272;15204352;1143095296;0;0;0;0;0;0;0;0;0;0;0;2725;0;0;95;0;160;0;
16259;6632749;1056694272;15204352;1143095296;0;0;0;0;0;0;0;0;0;0;0;2916;0;0;95;0;160;0;
16260;4821803;1056694272;15204352;1143095296;0;0;0;0;0;0;0;0;0;0;0;3186;0;0;95;0;160;0;
16261;7362037;1056694272;15204352;1143095296;0;0;0;0;0;0;0;0;0;0;0;2765;0;0;95;0;160;0;
16262;5144338;1056694272;15204352;1143095296;0;0;0;0;0;0;0;0;0;0;0;3447;0;0;95;0;160;0;
16263;7702134;1056694272;15204352;1143095296;0;0;0;0;0;0;0;0;0;0;0;3126;0;0;95;0;160;0;
16264;6541668;1056694272;15204352;1143095296;0;0;0;0;0;0;0;0;0;0;0;3427;0;0;95;0;160;0;
16265;7277768;1056694272;15208448;1143099392;0;0;0;0;0;0;0;0;0;0;0;3407;0;0;95;0;160;0;
16266;6027423;1056694272;15212544;1143103488;0;0;0;0;0;0;0;0;0;0;0;2775;0;0;95;0;160;0;
16267;7487211;1056694272;15212544;1143103488;0;0;0;0;0;0;0;0;0;0;0;2124;0;0;95;0;160;0;
16268;5078905;1056694272;15212544;1143103488;0;0;0;0;0;0;0;0;0;0;0;3076;0;0;95;0;160;0;
16269;7861684;1056694272;15212544;1143103488;0;0;0;0;0;0;0;0;0;0;0;3647;0;0;95;0;160;0;
16270;4075102;1056694272;15212544;1143103488;0;0;0;0;0;0;0;0;0;0;0;3837;0;0;95;0;160;0;
16271;8615006;1056694272;15212544;1143103488;0;0;0;0;0;0;0;0;0;0;0;3757;0;0;95;0;160;0;
16272;5145801;1056694272;15204352;1143095296;0;0;0;0;0;0;0;0;0;0;0;3136;0;0;95;0;160;0;
16273;7149598;1056694272;15204352;1143095296;0;0;0;0;0;0;0;0;0;0;0;3326;0;0;95;0;160;0;
16274;5802382;1056694272;15204352;1143095296;0;0;0;0;0;0;0;0;0;0;0;3537;0;0;95;0;160;0;
16275;8367833;1060134912;21790720;1149681664;0;0;0;0;0;0;0;0;0;0;0;3206;0;0;95;0;160;0;
16276;5516285;1062232064;21790720;1149681664;0;0;0;0;0;0;0;0;0;0;0;3146;0;0;95;0;160;0;
16277;6494099;1062232064;21790720;1149681664;0;0;0;0;0;0;0;0;0;0;0;2855;0;0;95;0;160;0;
16278;8379956;1062232064;21790720;1149681664;0;0;0;0;0;0;0;0;0;0;0;3426;0;0;95;0;160;0;
16279;7717072;1062232064;21790720;1149681664;0;0;0;0;0;0;0;0;0;0;0;4839;0;0;95;0;160;0;
16280;8352975;1062232064;21790720;1149681664;0;0;0;0;0;0;0;0;0;0;0;3427;0;0;95;0;160;0;
16281;7099414;1062232064;21790720;1149681664;0;0;0;0;0;0;0;0;0;0;0;3877;0;0;95;0;160;0;
16282;8257767;1062232064;21790720;1149681664;0;0;0;0;0;0;0;0;0;0;0;3987;0;0;95;0;160;0;
16283;8924336;1062232064;21790720;1149681664;0;0;0;0;0;0;0;0;0;0;0;2965;0;0;95;0;160;0;
16284;10449728;1056706560;15204352;1143095296;0;0;0;0;0;0;0;0;0;0;0;2795;0;0;95;0;160;0;
16285;9546373;1056706560;15204352;1143095296;0;0;0;0;0;0;0;0;0;0;0;2995;0;0;95;0;160;0;
16286;5605201;1056706560;15204352;1143095296;0;0;0;0;0;0;0;0;0;0;0;3527;0;0;95;0;160;0;
16287;7697326;1056706560;15204352;1143095296;0;0;0;0;0;0;0;0;0;0;0;2635;0;0;95;0;160;0;
16288;6054584;1056706560;15204352;1143095296;0;0;0;0;0;0;0;0;0;0;0;4037;0;0;95;0;160;0;
16289;7359041;1056706560;15204352;1143095296;0;0;0;0;0;0;0;0;0;0;0;2866;0;0;95;0;160;0;
16290;5938136;1056706560;15204352;1143095296;0;0;0;0;0;0;0;0;0;0;0;3577;0;0;95;0;160;0;
16291;6132701;1056706560;15204352;1143095296;0;0;0;0;0;0;0;0;0;0;0;2465;0;0;95;0;160;0;
16292;5474066;1056706560;15204352;1143095296;0;0;0;0;0;0;0;0;0;0;0;3336;0;0;95;0;160;0;
16293;6609325;1056706560;15204352;1143095296;0;0;0;0;0;0;0;0;0;0;0;3366;0;0;95;0;160;0;
16294;4788991;1056706560;15204352;1143095296;0;0;0;0;0;0;0;0;0;0;0;2825;0;0;95;0;160;0;
16295;7146292;1056706560;15204352;1143095296;0;0;0;0;0;0;0;0;0;0;0;4268;0;0;95;0;160;0;
16296;7494205;1056706560;15204352;1143095296;0;0;0;0;0;0;0;0;0;0;0;2746;0;0;95;0;160;0;
16297;9512459;1060147200;21790720;1149681664;0;0;0;0;0;0;0;0;0;0;0;2675;0;0;95;0;160;0;
16298;6117433;1062244352;21790720;1149681664;0;0;0;0;0;0;0;0;0;0;0;3346;0;0;95;0;160;0;
16299;7887242;1062244352;21790720;1149681664;0;0;0;0;0;0;0;0;0;0;0;2505;0;0;95;0;160;0;
16300;7122738;1062244352;21790720;1149681664;0;0;0;0;0;0;0;0;0;0;0;3326;0;0;95;0;160;0;
16301;8001766;1062244352;21790720;1149681664;0;0;0;0;0;0;0;0;0;0;0;3196;0;0;95;0;160;0;
16302;7635509;1062244352;21790720;1149681664;0;0;0;0;0;0;0;0;0;0;0;3837;0;0;95;0;160;0;
16303;6459904;1062244352;21790720;1149681664;0;0;0;0;0;0;0;0;0;0;0;2935;0;0;95;0;160;0;
16304;6310985;1062244352;21790720;1149681664;0;0;0;0;0;0;0;0;0;0;0;3306;0;0;95;0;160;0;
16305;6723539;1062244352;21790720;1149681664;0;0;0;0;0;0;0;0;0;0;0;3126;0;0;95;0;160;0;
16306;7153004;1056718848;15200256;1143091200;0;0;0;0;0;0;0;0;0;0;0;3216;0;0;95;0;160;0;
16307;8099710;1056718848;15200256;1143091200;0;0;0;0;0;0;0;0;0;0;0;2495;0;0;95;0;160;0;
16308;6979018;1056718848;15200256;1143091200;0;0;0;0;0;0;0;0;0;0;0;3887;0;0;95;0;160;0;
16309;9211525;1056718848;15200256;1143091200;0;0;0;0;0;0;0;0;0;0;0;3377;0;0;95;0;160;0;
16310;6905841;1056718848;15200256;1143091200;0;0;0;0;0;0;0;0;0;0;0;3527;0;0;95;0;160;0;
16311;7524551;1056718848;15200256;1143091200;0;0;0;0;0;0;0;0;0;0;0;2655;0;0;95;0;160;0;
16312;5897209;1056718848;15200256;1143091200;0;0;0;0;0;0;0;0;0;0;0;3206;0;0;95;0;160;0;
16313;5622204;1056718848;15200256;1143091200;0;0;0;0;0;0;0;0;0;0;0;2515;0;0;95;0;160;0;
16314;5140440;1056718848;15200256;1143091200;0;0;0;0;0;0;0;0;0;0;0;3447;0;0;95;0;160;0;
16315;5789197;1056718848;15200256;1143091200;0;0;0;0;0;0;0;0;0;0;0;2926;0;0;95;0;160;0;
16316;5158985;1056718848;15200256;1143091200;0;0;0;0;0;0;0;0;0;0;0;2905;0;0;95;0;160;0;
16317;6472970;1056718848;15200256;1143091200;0;0;0;0;0;0;0;0;0;0;0;2465;0;0;95;0;160;0;
16318;5363509;1056718848;15200256;1143091200;0;0;0;0;0;0;0;0;0;0;0;3306;0;0;95;0;160;0;
16319;7290363;1060159488;21786624;1149677568;0;0;0;0;0;0;0;0;0;0;0;2785;0;0;95;0;160;0;
16320;6898637;1062256640;21786624;1149677568;0;0;0;0;0;0;0;0;0;0;0;2996;0;0;95;0;160;0;
16321;6897035;1062256640;21786624;1149677568;0;0;0;0;0;0;0;0;0;0;0;2975;0;0;95;0;160;0;
16322;7853629;1062256640;21790720;1149681664;0;0;0;0;0;0;0;0;0;0;0;3977;0;0;95;0;160;0;
16323;6185891;1062256640;21790720;1149681664;0;0;0;0;0;0;0;0;0;0;0;3276;0;0;95;0;160;0;
16324;6779153;1062256640;21790720;1149681664;0;0;0;0;0;0;0;0;0;0;0;3146;0;0;95;0;160;0;
16325;6724711;1062256640;21790720;1149681664;0;0;0;0;0;0;0;0;0;0;0;2024;0;0;95;0;160;0;
16326;7098673;1062256640;21790720;1149681664;0;0;0;0;0;0;0;0;0;0;0;2906;0;0;95;0;160;0;
16327;7439902;1062256640;21790720;1149681664;0;0;0;0;0;0;0;0;0;0;0;2936;0;0;95;0;160;0;
16328;4857680;1062256640;21790720;1149681664;0;0;0;0;0;0;0;0;0;0;0;3236;0;0;95;0;160;0;
16329;8105932;1062256640;21790720;1149681664;0;0;0;0;0;0;0;0;0;0;0;2735;0;0;95;0;160;0;
16330;5377215;1062256640;21790720;1149681664;0;0;0;0;0;0;0;0;0;0;0;3256;0;0;95;0;160;0;
16331;7909823;1062256640;21790720;1149681664;0;0;0;0;0;0;0;0;0;0;0;2985;0;0;95;0;160;0;
16332;6471256;1062256640;21790720;1149681664;0;0;0;0;0;0;0;0;0;0;0;4098;0;0;95;0;160;0;
16333;8130478;1062256640;21790720;1149681664;0;0;0;0;0;0;0;0;0;0;0;3116;0;0;95;0;160;0;
16334;7885358;1062256640;21790720;1149681664;0;0;0;0;0;0;0;0;0;0;0;3437;0;0;95;0;160;0;
16335;6508886;1062256640;21790720;1149681664;0;0;0;0;0;0;0;0;0;0;0;3065;0;0;95;0;160;0;
16336;7429203;1062256640;21790720;1149681664;0;0;0;0;0;0;0;0;0;0;0;2826;0;0;95;0;160;0;
16337;7247843;1062256640;21794816;1149685760;0;0;0;0;0;0;0;0;0;0;0;3236;0;0;95;0;160;0;
16338;4780645;1062256640;21798912;1149689856;0;0;0;0;0;0;0;0;0;0;0;3176;0;0;95;0;160;0;
16339;5816808;1062256640;21798912;1149689856;0;0;0;0;0;0;0;0;0;0;0;3998;0;0;95;0;160;0;
16340;5117026;1062256640;21798912;1149689856;0;0;0;0;0;0;0;0;0;0;0;3817;0;0;95;0;160;0;
16341;6582374;1062256640;21798912;1149689856;0;0;0;0;0;0;0;0;0;0;0;2044;0;0;95;0;160;0;
16342;5366985;1062256640;21798912;1149689856;0;0;0;0;0;0;0;0;0;0;0;3106;0;0;95;0;160;0;
16343;6298522;1062256640;21798912;1149689856;0;0;0;0;0;0;0;0;0;0;0;1723;0;0;95;0;160;0;
16344;6264819;1062400000;21790720;1149681664;0;0;0;0;0;0;0;0;0;0;0;3096;0;0;95;0;160;0;
16345;7928810;1062400000;21790720;1149681664;0;0;0;0;0;0;0;0;0;0;0;2795;0;0;95;0;160;0;
16346;3828520;1062400000;21790720;1149681664;0;0;0;0;0;0;0;0;0;0;0;2745;0;0;95;0;160;0;
16347;7577270;1062400000;21790720;1149681664;0;0;0;0;0;0;0;0;0;0;0;2544;0;0;95;0;160;0;
16348;5460460;1062400000;21790720;1149681664;0;0;0;0;0;0;0;0;0;0;0;3036;0;0;95;0;160;0;
16349;7970207;1062400000;21790720;1149681664;0;0;0;0;0;0;0;0;0;0;0;3456;0;0;95;0;160;0;
16350;4777159;1062400000;21790720;1149681664;0;0;0;0;0;0;0;0;0;0;0;3807;0;0;95;0;160;0;
16351;8443805;1062400000;21790720;1149681664;0;0;0;0;0;0;0;0;0;0;0;2775;0;0;95;0;160;0;
16352;4744588;1062400000;21790720;1149681664;0;0;0;0;0;0;0;0;0;0;0;3667;0;0;95;0;160;0;
16353;7759191;1062400000;21790720;1149681664;0;0;0;0;0;0;0;0;0;0;0;2986;0;0;95;0;160;0;
16354;4230574;1062400000;21790720;1149681664;0;0;0;0;0;0;0;0;0;0;0;3597;0;0;95;0;160;0;
16355;6978377;1062400000;21790720;1149681664;0;0;0;0;0;0;0;0;0;0;0;3116;0;0;95;0;160;0;
16356;5539148;1062400000;21790720;1149681664;0;0;0;0;0;0;0;0;0;0;0;3176;0;0;95;0;160;0;
16357;7529691;1062400000;21790720;1149681664;0;0;0;0;0;0;0;0;0;0;0;2575;0;0;95;0;160;0;
16358;5828461;1062400000;21790720;1149681664;0;0;0;0;0;0;0;0;0;0;0;2966;0;0;95;0;160;0;
16359;6667614;1062400000;21790720;1149681664;0;0;0;0;0;0;0;0;0;0;0;3126;0;0;95;0;160;0;
16360;4694864;1062400000;21790720;1149681664;0;0;0;0;0;0;0;0;0;0;0;3797;0;0;95;0;160;0;
16361;7890247;1062400000;21790720;1149681664;0;0;0;0;0;0;0;0;0;0;0;2554;0;0;95;0;160;0;
16362;7247863;1062400000;21790720;1149681664;0;0;0;0;0;0;0;0;0;0;0;2775;0;0;95;0;160;0;
16363;6613323;1062400000;21790720;1149681664;0;0;0;0;0;0;0;0;0;0;0;2765;0;0;95;0;160;0;
16364;5064348;1062400000;21790720;1149681664;0;0;0;0;0;0;0;0;0;0;0;2965;0;0;95;0;160;0;
16365;6794713;1062400000;21790720;1149681664;0;0;0;0;0;0;0;0;0;0;0;3987;0;0;95;0;160;0;
16366;5650867;1062400000;21790720;1149681664;0;0;0;0;0;0;0;0;0;0;0;3327;0;0;95;0;160;0;
16367;7113300;1062400000;21790720;1149681664;0;0;0;0;0;0;0;0;0;0;0;2595;0;0;95;0;160;0;
16368;4530496;1062400000;21790720;1149681664;0;0;0;0;0;0;0;0;0;0;0;3396;0;0;95;0;160;0;
16369;6915980;1062400000;21790720;1149681664;0;0;0;0;0;0;0;0;0;0;0;2695;0;0;95;0;160;0;
16370;4304262;1062400000;21790720;1149681664;0;0;0;0;0;0;0;0;0;0;0;3446;0;0;95;0;160;0;
16371;7525734;1062400000;21790720;1149681664;0;0;0;0;0;0;0;0;0;0;0;1804;0;0;95;0;160;0;
16372;4506621;1062400000;21790720;1149681664;0;0;0;0;0;0;0;0;0;0;0;2706;0;0;95;0;160;0;
16373;6424167;1062400000;21790720;1149681664;0;0;0;0;0;0;0;0;0;0;0;2775;0;0;95;0;160;0;
16374;5214689;1062400000;21790720;1149681664;0;0;0;0;0;0;0;0;0;0;0;3055;0;0;95;0;160;0;
16375;8566396;1062400000;21790720;1149681664;0;0;0;0;0;0;0;0;0;0;0;2645;0;0;95;0;160;0;
16376;5896999;1062400000;21790720;1149681664;0;0;0;0;0;0;0;0;0;0;0;3537;0;0;95;0;160;0;
16377;8151357;1062400000;21790720;1149681664;0;0;0;0;0;0;0;0;0;0;0;3507;0;0;95;0;160;0;
16378;6589558;1062400000;21790720;1149681664;0;0;0;0;0;0;0;0;0;0;0;3076;0;0;95;0;160;0;
16379;6167036;1062400000;21790720;1149681664;0;0;0;0;0;0;0;0;0;0;0;2494;0;0;95;0;160;0;
16380;4488288;1062400000;21790720;1149681664;0;0;0;0;0;0;0;0;0;0;0;2835;0;0;95;0;160;0;
16381;6334649;1062400000;21790720;1149681664;0;0;0;0;0;0;0;0;0;0;0;1933;0;0;95;0;160;0;
16382;6096924;1062400000;21790720;1149681664;0;0;0;0;0;0;0;0;0;0;0;2695;0;0;95;0;160;0;
16383;6902875;1062400000;21790720;1149681664;0;0;0;0;0;0;0;0;0;0;0;3767;0;0;95;0;160;0;
16384;4031030;1062400000;21790720;1149681664;0;0;0;0;0;0;0;0;0;0;0;2766;0;0;95;0;160;0;
16385;8677824;1062400000;21790720;1149681664;0;0;0;0;0;0;0;0;0;0;0;4138;0;0;95;0;160;0;
16386;4899087;1062400000;21790720;1149681664;0;0;0;0;0;0;0;0;0;0;0;3055;0;0;95;0;160;0;
16387;8385446;1062400000;21790720;1149681664;0;0;0;0;0;0;0;0;0;0;0;2775;0;0;95;0;160;0;
16388;4162176;1062400000;21790720;1149681664;0;0;0;0;0;0;0;0;0;0;0;3256;0;0;95;0;160;0;
16389;9027791;1062400000;21790720;1149681664;0;0;0;0;0;0;0;0;0;0;0;3737;0;0;95;0;160;0;
16390;5130442;1062400000;21790720;1149681664;0;0;0;0;0;0;0;0;0;0;0;3166;0;0;95;0;160;0;
16391;7752148;1062400000;21790720;1149681664;0;0;0;0;0;0;0;0;0;0;0;2775;0;0;95;0;160;0;
16392;5280173;1062400000;21790720;1149681664;0;0;0;0;0;0;0;0;0;0;0;3476;0;0;95;0;160;0;
16393;5825655;1062400000;21790720;1149681664;0;0;0;0;0;0;0;0;0;0;0;2374;0;0;95;0;160;0;
16394;4656222;1062400000;21790720;1149681664;0;0;0;0;0;0;0;0;0;0;0;3256;0;0;95;0;160;0;
16395;7609681;1062400000;21790720;1149681664;0;0;0;0;0;0;0;0;0;0;0;2635;0;0;95;0;160;0;
16396;5167651;1062400000;21790720;1149681664;0;0;0;0;0;0;0;0;0;0;0;2855;0;0;95;0;160;0;
16397;7623086;1062400000;21790720;1149681664;0;0;0;0;0;0;0;0;0;0;0;2955;0;0;95;0;160;0;
16398;5589152;1062400000;21790720;1149681664;0;0;0;0;0;0;0;0;0;0;0;3276;0;0;95;0;160;0;
16399;6596410;1062400000;21790720;1149681664;0;0;0;0;0;0;0;0;0;0;0;2575;0;0;95;0;160;0;
16400;5164846;1062400000;21790720;1149681664;0;0;0;0;0;0;0;0;0;0;0;3346;0;0;95;0;160;0;
16401;7599221;1062400000;21790720;1149681664;0;0;0;0;0;0;0;0;0;0;0;3357;0;0;95;0;160;0;
16402;4069602;1062400000;21790720;1149681664;0;0;0;0;0;0;0;0;0;0;0;2916;0;0;95;0;160;0;
16403;6508356;1062400000;21790720;1149681664;0;0;0;0;0;0;0;0;0;0;0;2435;0;0;95;0;160;0;
16404;5202707;1062400000;21790720;1149681664;0;0;0;0;0;0;0;0;0;0;0;2996;0;0;95;0;160;0;
16405;5865390;1062400000;21790720;1149681664;0;0;0;0;0;0;0;0;0;0;0;2534;0;0;95;0;160;0;
16406;5453818;1062400000;21790720;1149681664;0;0;0;0;0;0;0;0;0;0;0;2705;0;0;95;0;160;0;
16407;5314858;1062400000;21790720;1149681664;0;0;0;0;0;0;0;0;0;0;0;2204;0;0;95;0;160;0;
16408;5263301;1062400000;21790720;1149681664;0;0;0;0;0;0;0;0;0;0;0;3046;0;0;95;0;160;0;
16409;4815791;1062400000;21790720;1149681664;0;0;0;0;0;0;0;0;0;0;0;2445;0;0;95;0;160;0;
16410;6711266;1062400000;21790720;1149681664;0;0;0;0;0;0;0;0;0;0;0;3406;0;0;95;0;160;0;
16411;7251209;1062400000;21790720;1149681664;0;0;0;0;0;0;0;0;0;0;0;3236;0;0;95;0;160;0;
16412;6263767;1062400000;21790720;1149681664;0;0;0;0;0;0;0;0;0;0;0;3096;0;0;95;0;160;0;
16413;9128459;1062400000;21790720;1149681664;0;0;0;0;0;0;0;0;0;0;0;3106;0;0;95;0;160;0;
16414;5366985;1062400000;21790720;1149681664;0;0;0;0;0;0;0;0;0;0;0;3447;0;0;95;0;160;0;
16415;6298212;1062400000;21790720;1149681664;0;0;0;0;0;0;0;0;0;0;0;2776;0;0;95;0;160;0;
16416;4083929;1062400000;21790720;1149681664;0;0;0;0;0;0;0;0;0;0;0;2916;0;0;95;0;160;0;
16417;5880899;1062400000;21790720;1149681664;0;0;0;0;0;0;0;0;0;0;0;2113;0;0;95;0;160;0;
16418;4803208;1062400000;21790720;1149681664;0;0;0;0;0;0;0;0;0;0;0;3326;0;0;95;0;160;0;
16419;7585155;1062400000;21790720;1149681664;0;0;0;0;0;0;0;0;0;0;0;3016;0;0;95;0;160;0;
16420;4913375;1062400000;21790720;1149681664;0;0;0;0;0;0;0;0;0;0;0;2906;0;0;95;0;160;0;
16421;7235940;1062400000;21790720;1149681664;0;0;0;0;0;0;0;0;0;0;0;2705;0;0;95;0;160;0;
16422;6528333;1062400000;21790720;1149681664;0;0;0;0;0;0;0;0;0;0;0;3045;0;0;95;0;160;0;
16423;7941935;1062400000;21790720;1149681664;0;0;0;0;0;0;0;0;0;0;0;2876;0;0;95;0;160;0;
16424;4971283;1062400000;21790720;1149681664;0;0;0;0;0;0;0;0;0;0;0;2915;0;0;95;0;160;0;
16425;7318926;1062400000;21790720;1149681664;0;0;0;0;0;0;0;0;0;0;0;3657;0;0;95;0;160;0;
16426;4386066;1062400000;21790720;1149681664;0;0;0;0;0;0;0;0;0;0;0;3336;0;0;95;0;160;0;
16427;7152023;1062400000;21790720;1149681664;0;0;0;0;0;0;0;0;0;0;0;3427;0;0;95;0;160;0;
16428;5536874;1062400000;21790720;1149681664;0;0;0;0;0;0;0;0;0;0;0;4158;0;0;95;0;160;0;
16429;6054875;1062400000;21790720;1149681664;0;0;0;0;0;0;0;0;0;0;0;2965;0;0;95;0;160;0;
16430;5440573;1062400000;21790720;1149681664;0;0;0;0;0;0;0;0;0;0;0;31600;0;0;95;0;160;0;
16431;6998235;1062400000;21790720;1149681664;0;0;0;0;0;0;0;0;0;0;0;2424;0;0;95;0;160;0;
16432;4331423;1062400000;21790720;1149681664;0;0;0;0;0;0;0;0;0;0;0;3787;0;0;95;0;160;0;
16433;8009090;1062400000;21790720;1149681664;0;0;0;0;0;0;0;0;0;0;0;3156;0;0;95;0;160;0;
16434;6728388;1062400000;21790720;1149681664;0;0;0;0;0;0;0;0;0;0;0;3888;0;0;95;0;160;0;
16435;7159868;1062400000;21790720;1149681664;0;0;0;0;0;0;0;0;0;0;0;4138;0;0;95;0;160;0;
16436;6645833;1062400000;21790720;1149681664;0;0;0;0;0;0;0;0;0;0;0;3567;0;0;95;0;160;0;
16437;6799612;1062400000;21790720;1149681664;0;0;0;0;0;0;0;0;0;0;0;2335;0;0;95;0;160;0;
16438;5772927;1062400000;21790720;1149681664;0;0;0;0;0;0;0;0;0;0;0;3046;0;0;95;0;160;0;
16439;6202562;1062400000;21790720;1149681664;0;0;0;0;0;0;0;0;0;0;0;2595;0;0;95;0;160;0;
16440;13538570;1062400000;21790720;1149681664;0;0;0;0;0;0;0;0;0;0;0;4889;0;0;95;0;160;0;
16441;7254435;1062400000;21790720;1149681664;0;0;0;0;0;0;0;0;0;0;0;3196;0;0;95;0;160;0;
16442;4955003;1062400000;21790720;1149681664;0;0;0;0;0;0;0;0;0;0;0;3637;0;0;95;0;160;0;
16443;8962768;1062400000;21790720;1149681664;0;0;0;0;0;0;0;0;0;0;0;3046;0;0;95;0;160;0;
16444;4154742;1062400000;21790720;1149681664;0;0;0;0;0;0;0;0;0;0;0;3667;0;0;95;0;160;0;
16445;7629618;1062400000;21790720;1149681664;0;0;0;0;0;0;0;0;0;0;0;2876;0;0;95;0;160;0;
16446;3966319;1062400000;21790720;1149681664;0;0;0;0;0;0;0;0;0;0;0;3617;0;0;95;0;160;0;
16447;6930437;1062400000;21790720;1149681664;0;0;0;0;0;0;0;0;0;0;0;2765;0;0;95;0;160;0;
16448;3952102;1062400000;21790720;1149681664;0;0;0;0;0;0;0;0;0;0;0;3136;0;0;95;0;160;0;
16449;5429433;1062400000;21790720;1149681664;0;0;0;0;0;0;0;0;0;0;0;3367;0;0;95;0;160;0;
16450;3593630;1062400000;21790720;1149681664;0;0;0;0;0;0;0;0;0;0;0;2925;0;0;95;0;160;0;
16451;5884335;1062400000;21790720;1149681664;0;0;0;0;0;0;0;0;0;0;0;2144;0;0;95;0;160;0;
16452;5454819;1062400000;21790720;1149681664;0;0;0;0;0;0;0;0;0;0;0;3737;0;0;95;0;160;0;
16453;7196877;1062400000;21790720;1149681664;0;0;0;0;0;0;0;0;0;0;0;2304;0;0;95;0;160;0;
16454;5842848;1062400000;21790720;1149681664;0;0;0;0;0;0;0;0;0;0;0;3126;0;0;95;0;160;0;
16455;6508055;1062400000;21790720;1149681664;0;0;0;0;0;0;0;0;0;0;0;15409;0;0;95;0;160;0;
16456;5233224;1062400000;21790720;1149681664;0;0;0;0;0;0;0;0;0;0;0;3096;0;0;95;0;160;0;
16457;8813549;1062400000;21790720;1149681664;0;0;0;0;0;0;0;0;0;0;0;4098;0;0;95;0;160;0;
16458;5083163;1062400000;21790720;1149681664;0;0;0;0;0;0;0;0;0;0;0;3677;0;0;95;0;160;0;
16459;9079718;1062400000;21790720;1149681664;0;0;0;0;0;0;0;0;0;0;0;3536;0;0;95;0;160;0;
16460;4866277;1062400000;21790720;1149681664;0;0;0;0;0;0;0;0;0;0;0;3357;0;0;95;0;160;0;
16461;9267760;1062400000;21790720;1149681664;0;0;0;0;0;0;0;0;0;0;0;3576;0;0;95;0;160;0;
16462;6996932;1062400000;21790720;1149681664;0;0;0;0;0;0;0;0;0;0;0;3427;0;0;95;0;160;0;
16463;6381147;1062400000;21790720;1149681664;0;0;0;0;0;0;0;0;0;0;0;3777;0;0;95;0;160;0;
16464;6963449;1062400000;21790720;1149681664;0;0;0;0;0;0;0;0;0;0;0;2845;0;0;95;0;160;0;
16465;6049836;1062400000;21790720;1149681664;0;0;0;0;0;0;0;0;0;0;0;2785;0;0;95;0;160;0;
16466;7371485;1062400000;21790720;1149681664;0;0;0;0;0;0;0;0;0;0;0;3536;0;0;95;0;160;0;
16467;6313229;1062400000;21790720;1149681664;0;0;0;0;0;0;0;0;0;0;0;2524;0;0;95;0;160;0;
16468;5310148;1062400000;21790720;1149681664;0;0;0;0;0;0;0;0;0;0;0;3837;0;0;95;0;160;0;
16469;7593130;1062400000;21790720;1149681664;0;0;0;0;0;0;0;0;0;0;0;2495;0;0;95;0;160;0;
16470;4420190;1062400000;21790720;1149681664;0;0;0;0;0;0;0;0;0;0;0;3477;0;0;95;0;160;0;
16471;6126540;1062400000;21790720;1149681664;0;0;0;0;0;0;0;0;0;0;0;2465;0;0;95;0;160;0;
16472;6300826;1062400000;21790720;1149681664;0;0;0;0;0;0;0;0;0;0;0;2725;0;0;95;0;160;0;
16473;6933904;1062400000;21790720;1149681664;0;0;0;0;0;0;0;0;0;0;0;2124;0;0;95;0;160;0;
16474;5455552;1062400000;21790720;1149681664;0;0;0;0;0;0;0;0;0;0;0;3066;0;0;95;0;160;0;
16475;6496533;1062400000;21790720;1149681664;0;0;0;0;0;0;0;0;0;0;0;3657;0;0;95;0;160;0;
16476;5145640;1062400000;21790720;1149681664;0;0;0;0;0;0;0;0;0;0;0;2905;0;0;95;0;160;0;
16477;6442923;1062400000;21790720;1149681664;0;0;0;0;0;0;0;0;0;0;0;2735;0;0;95;0;160;0;
16478;4600017;1062400000;21790720;1149681664;0;0;0;0;0;0;0;0;0;0;0;2805;0;0;95;0;160;0;
16479;5906747;1062400000;21790720;1149681664;0;0;0;0;0;0;0;0;0;0;0;1773;0;0;95;0;160;0;
16480;4614875;1062400000;21790720;1149681664;0;0;0;0;0;0;0;0;0;0;0;3055;0;0;95;0;160;0;
16481;7251931;1062400000;21790720;1149681664;0;0;0;0;0;0;0;0;0;0;0;3025;0;0;95;0;160;0;
16482;4437012;1062400000;21790720;1149681664;0;0;0;0;0;0;0;0;0;0;0;3306;0;0;95;0;160;0;
16483;5862334;1062400000;21790720;1149681664;0;0;0;0;0;0;0;0;0;0;0;2475;0;0;95;0;160;0;
16484;5236400;1062400000;21790720;1149681664;0;0;0;0;0;0;0;0;0;0;0;2896;0;0;95;0;160;0;
16485;5919822;1062400000;21790720;1149681664;0;0;0;0;0;0;0;0;0;0;0;2204;0;0;95;0;160;0;
16486;7295172;1062400000;21790720;1149681664;0;0;0;0;0;0;0;0;0;0;0;3737;0;0;95;0;160;0;
16487;9010529;1062400000;21790720;1149681664;0;0;0;0;0;0;0;0;0;0;0;2856;0;0;95;0;160;0;
16488;5944158;1062400000;21790720;1149681664;0;0;0;0;0;0;0;0;0;0;0;3497;0;0;95;0;160;0;
16489;8032163;1062400000;21790720;1149681664;0;0;0;0;0;0;0;0;0;0;0;137758;0;0;95;0;160;0;
16490;6641616;1062400000;21790720;1149681664;0;0;0;0;0;0;0;0;0;0;0;2966;0;0;95;0;160;0;
16491;5404245;1062400000;21790720;1149681664;0;0;0;0;0;0;0;0;0;0;0;2865;0;0;95;0;160;0;
16492;6520859;1062400000;21790720;1149681664;0;0;0;0;0;0;0;0;0;0;0;2595;0;0;95;0;160;0;
16493;8835530;1062400000;21790720;1149681664;0;0;0;0;0;0;0;0;0;0;0;3437;0;0;95;0;160;0;
16494;5168292;1062400000;21790720;1149681664;0;0;0;0;0;0;0;0;0;0;0;3076;0;0;95;0;160;0;
16495;8310265;1062400000;21790720;1149681664;0;0;0;0;0;0;0;0;0;0;0;3075;0;0;95;0;160;0;
16496;4449294;1062400000;21790720;1149681664;0;0;0;0;0;0;0;0;0;0;0;3307;0;0;95;0;160;0;
16497;7324567;1062400000;21794816;1149685760;0;0;0;0;0;0;0;0;0;0;0;3186;0;0;95;0;160;0;
16498;7339905;1062400000;21798912;1149689856;0;0;0;0;0;0;0;0;0;0;0;2535;0;0;95;0;160;0;
16499;8429408;1062400000;21798912;1149689856;0;0;0;0;0;0;0;0;0;0;0;3226;0;0;95;0;160;0;
16500;4925297;1062400000;21798912;1149689856;0;0;0;0;0;0;0;0;0;0;0;108514;0;0;95;0;160;0;
16501;7736699;1062400000;21798912;1149689856;0;0;0;0;0;0;0;0;0;0;0;2955;0;0;95;0;160;0;
16502;4466436;1062400000;21798912;1149689856;0;0;0;0;0;0;0;0;0;0;0;140643;0;0;95;0;160;0;
16503;9468487;1062400000;21798912;1149689856;0;0;0;0;0;0;0;0;0;0;0;3687;0;0;95;0;160;0;
16504;4835879;1062449152;21790720;1149681664;0;0;0;0;0;0;0;0;0;0;0;3206;0;0;95;0;160;0;
16505;7314678;1062449152;21790720;1149681664;0;0;0;0;0;0;0;0;0;0;0;3797;0;0;95;0;160;0;
16506;5522356;1062449152;21790720;1149681664;0;0;0;0;0;0;0;0;0;0;0;3316;0;0;95;0;160;0;
16507;7475850;1062449152;21790720;1149681664;0;0;0;0;0;0;0;0;0;0;0;2745;0;0;95;0;160;0;
16508;8587916;1062449152;21790720;1149681664;0;0;0;0;0;0;0;0;0;0;0;3376;0;0;95;0;160;0;
16509;5563975;1062449152;21790720;1149681664;0;0;0;0;0;0;0;0;0;0;0;3015;0;0;95;0;160;0;
16510;4948160;1062449152;21790720;1149681664;0;0;0;0;0;0;0;0;0;0;0;3296;0;0;95;0;160;0;
16511;6511512;1062449152;21790720;1149681664;0;0;0;0;0;0;0;0;0;0;0;2184;0;0;95;0;160;0;
16512;4011343;1062449152;21790720;1149681664;0;0;0;0;0;0;0;0;0;0;0;3136;0;0;95;0;160;0;
16513;5205021;1062449152;21790720;1149681664;0;0;0;0;0;0;0;0;0;0;0;2134;0;0;95;0;160;0;
16514;5713004;1062449152;21790720;1149681664;0;0;0;0;0;0;0;0;0;0;0;2905;0;0;95;0;160;0;
16515;8202222;1062449152;21790720;1149681664;0;0;0;0;0;0;0;0;0;0;0;3767;0;0;95;0;160;0;
16516;5307563;1062449152;21790720;1149681664;0;0;0;0;0;0;0;0;0;0;0;2745;0;0;95;0;160;0;
16517;5633856;1062449152;21790720;1149681664;0;0;0;0;0;0;0;0;0;0;0;4097;0;0;95;0;160;0;
16518;4961965;1062449152;21790720;1149681664;0;0;0;0;0;0;0;0;0;0;0;2785;0;0;95;0;160;0;
16519;6043895;1062449152;21790720;1149681664;0;0;0;0;0;0;0;0;0;0;0;2174;0;0;95;0;160;0;
16520;5646459;1062449152;21790720;1149681664;0;0;0;0;0;0;0;0;0;0;0;2655;0;0;95;0;160;0;
16521;5985655;1062449152;21790720;1149681664;0;0;0;0;0;0;0;0;0;0;0;2505;0;0;95;0;160;0;
16522;6044065;1062449152;21790720;1149681664;0;0;0;0;0;0;0;0;0;0;0;3416;0;0;95;0;160;0;
16523;6954693;1062449152;21790720;1149681664;0;0;0;0;0;0;0;0;0;0;0;3346;0;0;95;0;160;0;
16524;4503425;1062449152;21790720;1149681664;0;0;0;0;0;0;0;0;0;0;0;4108;0;0;95;0;160;0;
16525;7816759;1062449152;21790720;1149681664;0;0;0;0;0;0;0;0;0;0;0;4328;0;0;95;0;160;0;
16526;3374408;1062449152;21790720;1149681664;0;0;0;0;0;0;0;0;0;0;0;2685;0;0;95;0;160;0;
16527;6829788;1062449152;21790720;1149681664;0;0;0;0;0;0;0;0;0;0;0;3075;0;0;95;0;160;0;
16528;5679451;1062449152;21790720;1149681664;0;0;0;0;0;0;0;0;0;0;0;4108;0;0;95;0;160;0;
16529;7365092;1062449152;21790720;1149681664;0;0;0;0;0;0;0;0;0;0;0;2665;0;0;95;0;160;0;
16530;6276130;1062449152;21790720;1149681664;0;0;0;0;0;0;0;0;0;0;0;3126;0;0;95;0;160;0;
16531;6699113;1062449152;21790720;1149681664;0;0;0;0;0;0;0;0;0;0;0;3035;0;0;95;0;160;0;
16532;5945590;1062449152;21790720;1149681664;0;0;0;0;0;0;0;0;0;0;0;3497;0;0;95;0;160;0;
16533;6696429;1062449152;21790720;1149681664;0;0;0;0;0;0;0;0;0;0;0;3326;0;0;95;0;160;0;
16534;6081836;1062449152;21790720;1149681664;0;0;0;0;0;0;0;0;0;0;0;2965;0;0;95;0;160;0;
16535;7101678;1062449152;21790720;1149681664;0;0;0;0;0;0;0;0;0;0;0;2865;0;0;95;0;160;0;
16536;6309734;1062449152;21790720;1149681664;0;0;0;0;0;0;0;0;0;0;0;3266;0;0;95;0;160;0;
16537;7191417;1062449152;21790720;1149681664;0;0;0;0;0;0;0;0;0;0;0;2735;0;0;95;0;160;0;
16538;4723679;1062449152;21790720;1149681664;0;0;0;0;0;0;0;0;0;0;0;2786;0;0;95;0;160;0;
16539;7425916;1062449152;21790720;1149681664;0;0;0;0;0;0;0;0;0;0;0;2535;0;0;95;0;160;0;
16540;6134655;1062449152;21790720;1149681664;0;0;0;0;0;0;0;0;0;0;0;3166;0;0;95;0;160;0;
16541;7592308;1062449152;21790720;1149681664;0;0;0;0;0;0;0;0;0;0;0;2545;0;0;95;0;160;0;
16542;4318088;1062449152;21790720;1149681664;0;0;0;0;0;0;0;0;0;0;0;2816;0;0;95;0;160;0;
16543;5678570;1062449152;21790720;1149681664;0;0;0;0;0;0;0;0;0;0;0;1944;0;0;95;0;160;0;
16544;8737697;1062449152;21790720;1149681664;0;0;0;0;0;0;0;0;0;0;0;3136;0;0;95;0;160;0;
16545;6957358;1062449152;21790720;1149681664;0;0;0;0;0;0;0;0;0;0;0;3166;0;0;95;0;160;0;
16546;6735933;1062449152;21790720;1149681664;0;0;0;0;0;0;0;0;0;0;0;3637;0;0;95;0;160;0;
16547;8069323;1062449152;21790720;1149681664;0;0;0;0;0;0;0;0;0;0;0;3646;0;0;95;0;160;0;
16548;4971563;1062449152;21790720;1149681664;0;0;0;0;0;0;0;0;0;0;0;4168;0;0;95;0;160;0;
16549;8311157;1062449152;21790720;1149681664;0;0;0;0;0;0;0;0;0;0;0;2575;0;0;95;0;160;0;
16550;5557833;1062449152;21790720;1149681664;0;0;0;0;0;0;0;0;0;0;0;3196;0;0;95;0;160;0;
16551;8151458;1062449152;21790720;1149681664;0;0;0;0;0;0;0;0;0;0;0;3577;0;0;95;0;160;0;
16552;4399541;1062449152;21790720;1149681664;0;0;0;0;0;0;0;0;0;0;0;3516;0;0;95;0;160;0;
16553;9299510;1062449152;21790720;1149681664;0;0;0;0;0;0;0;0;0;0;0;3617;0;0;95;0;160;0;
16554;6915099;1062449152;21790720;1149681664;0;0;0;0;0;0;0;0;0;0;0;2995;0;0;95;0;160;0;
16555;8036532;1062449152;21790720;1149681664;0;0;0;0;0;0;0;0;0;0;0;3386;0;0;95;0;160;0;
16556;5922036;1062449152;21790720;1149681664;0;0;0;0;0;0;0;0;0;0;0;3226;0;0;95;0;160;0;
16557;8487327;1062449152;21790720;1149681664;0;0;0;0;0;0;0;0;0;0;0;3677;0;0;95;0;160;0;
16558;7000599;1062449152;21790720;1149681664;0;0;0;0;0;0;0;0;0;0;0;3095;0;0;95;0;160;0;
16559;8153721;1062449152;21790720;1149681664;0;0;0;0;0;0;0;0;0;0;0;3356;0;0;95;0;160;0;
16560;5809024;1062449152;21790720;1149681664;0;0;0;0;0;0;0;0;0;0;0;2635;0;0;95;0;160;0;
16561;6255241;1062449152;21790720;1149681664;0;0;0;0;0;0;0;0;0;0;0;3056;0;0;95;0;160;0;
16562;6188015;1062449152;21790720;1149681664;0;0;0;0;0;0;0;0;0;0;0;3046;0;0;95;0;160;0;
16563;6720433;1062449152;21790720;1149681664;0;0;0;0;0;0;0;0;0;0;0;2484;0;0;95;0;160;0;
16564;5060640;1062449152;21790720;1149681664;0;0;0;0;0;0;0;0;0;0;0;3136;0;0;95;0;160;0;
16565;6565633;1062449152;21790720;1149681664;0;0;0;0;0;0;0;0;0;0;0;3456;0;0;95;0;160;0;
16566;5418582;1062449152;21790720;1149681664;0;0;0;0;0;0;0;0;0;0;0;2635;0;0;95;0;160;0;
16567;5711662;1062449152;21790720;1149681664;0;0;0;0;0;0;0;0;0;0;0;2845;0;0;95;0;160;0;
16568;5020275;1062449152;21790720;1149681664;0;0;0;0;0;0;0;0;0;0;0;3497;0;0;95;0;160;0;
16569;5427559;1062449152;21790720;1149681664;0;0;0;0;0;0;0;0;0;0;0;3176;0;0;95;0;160;0;
16570;5164265;1062449152;21790720;1149681664;0;0;0;0;0;0;0;0;0;0;0;4228;0;0;95;0;160;0;
16571;6408087;1062449152;21790720;1149681664;0;0;0;0;0;0;0;0;0;0;0;1913;0;0;95;0;160;0;
16572;5073675;1062449152;21790720;1149681664;0;0;0;0;0;0;0;0;0;0;0;3066;0;0;95;0;160;0;
16573;7119241;1062449152;21790720;1149681664;0;0;0;0;0;0;0;0;0;0;0;3226;0;0;95;0;160;0;
16574;4246303;1062449152;21790720;1149681664;0;0;0;0;0;0;0;0;0;0;0;3356;0;0;95;0;160;0;
16575;5542514;1062449152;21790720;1149681664;0;0;0;0;0;0;0;0;0;0;0;2535;0;0;95;0;160;0;
16576;5297765;1062449152;21790720;1149681664;0;0;0;0;0;0;0;0;0;0;0;3076;0;0;95;0;160;0;
16577;5687506;1062449152;21790720;1149681664;0;0;0;0;0;0;0;0;0;0;0;2955;0;0;95;0;160;0;
16578;4731073;1062449152;21790720;1149681664;0;0;0;0;0;0;0;0;0;0;0;3857;0;0;95;0;160;0;
16579;5883834;1062449152;21790720;1149681664;0;0;0;0;0;0;0;0;0;0;0;2855;0;0;95;0;160;0;
16580;5569916;1062449152;21790720;1149681664;0;0;0;0;0;0;0;0;0;0;0;3667;0;0;95;0;160;0;
16581;6057410;1062449152;21790720;1149681664;0;0;0;0;0;0;0;0;0;0;0;2325;0;0;95;0;160;0;
16582;6303241;1062449152;21790720;1149681664;0;0;0;0;0;0;0;0;0;0;0;3487;0;0;95;0;160;0;
16583;7873986;1062449152;21790720;1149681664;0;0;0;0;0;0;0;0;0;0;0;3146;0;0;95;0;160;0;
16584;4821653;1062449152;21790720;1149681664;0;0;0;0;0;0;0;0;0;0;0;3717;0;0;95;0;160;0;
16585;8619585;1062449152;21790720;1149681664;0;0;0;0;0;0;0;0;0;0;0;3486;0;0;95;0;160;0;
16586;3541342;1062449152;21790720;1149681664;0;0;0;0;0;0;0;0;0;0;0;4048;0;0;95;0;160;0;
16587;7441536;1062449152;21790720;1149681664;0;0;0;0;0;0;0;0;0;0;0;2234;0;0;95;0;160;0;
16588;7147104;1062449152;21790720;1149681664;0;0;0;0;0;0;0;0;0;0;0;3737;0;0;95;0;160;0;
16589;8105982;1062449152;21790720;1149681664;0;0;0;0;0;0;0;0;0;0;0;3517;0;0;95;0;160;0;
16590;4339648;1062449152;21790720;1149681664;0;0;0;0;0;0;0;0;0;0;0;3066;0;0;95;0;160;0;
16591;6212861;1062449152;21790720;1149681664;0;0;0;0;0;0;0;0;0;0;0;2184;0;0;95;0;160;0;
16592;4338487;1062449152;21790720;1149681664;0;0;0;0;0;0;0;0;0;0;0;3026;0;0;95;0;160;0;
16593;7003665;1062449152;21790720;1149681664;0;0;0;0;0;0;0;0;0;0;0;2785;0;0;95;0;160;0;
16594;3678780;1062449152;21790720;1149681664;0;0;0;0;0;0;0;0;0;0;0;2845;0;0;95;0;160;0;
16595;7437819;1062449152;21790720;1149681664;0;0;0;0;0;0;0;0;0;0;0;2895;0;0;95;0;160;0;
16596;4533683;1062449152;21790720;1149681664;0;0;0;0;0;0;0;0;0;0;0;3176;0;0;95;0;160;0;
16597;5729405;1062449152;21790720;1149681664;0;0;0;0;0;0;0;0;0;0;0;4639;0;0;95;0;160;0;
16598;7185185;1062449152;21790720;1149681664;0;0;0;0;0;0;0;0;0;0;0;3277;0;0;95;0;160;0;
16599;8202573;1062449152;21790720;1149681664;0;0;0;0;0;0;0;0;0;0;0;2495;0;0;95;0;160;0;
16600;8372312;1062449152;21790720;1149681664;0;0;0;0;0;0;0;0;0;0;0;2345;0;0;95;0;160;0;
16601;6208644;1062449152;21790720;1149681664;0;0;0;0;0;0;0;0;0;0;0;2405;0;0;95;0;160;0;
16602;5952833;1062449152;21790720;1149681664;0;0;0;0;0;0;0;0;0;0;0;2986;0;0;95;0;160;0;
16603;5746837;1062449152;21790720;1149681664;0;0;0;0;0;0;0;0;0;0;0;2074;0;0;95;0;160;0;
16604;6617380;1062449152;21790720;1149681664;0;0;0;0;0;0;0;0;0;0;0;4018;0;0;95;0;160;0;
16605;5327251;1062449152;21790720;1149681664;0;0;0;0;0;0;0;0;0;0;0;2124;0;0;95;0;160;0;
16606;6622129;1062449152;21790720;1149681664;0;0;0;0;0;0;0;0;0;0;0;3186;0;0;95;0;160;0;
16607;7079827;1062449152;21790720;1149681664;0;0;0;0;0;0;0;0;0;0;0;2425;0;0;95;0;160;0;
16608;5575436;1062449152;21790720;1149681664;0;0;0;0;0;0;0;0;0;0;0;3546;0;0;95;0;160;0;
16609;8406606;1062449152;21790720;1149681664;0;0;0;0;0;0;0;0;0;0;0;4088;0;0;95;0;160;0;
16610;3705930;1062449152;21790720;1149681664;0;0;0;0;0;0;0;0;0;0;0;3436;0;0;95;0;160;0;
16611;7237322;1062449152;21790720;1149681664;0;0;0;0;0;0;0;0;0;0;0;2685;0;0;95;0;160;0;
16612;4742063;1062449152;21790720;1149681664;0;0;0;0;0;0;0;0;0;0;0;3457;0;0;95;0;160;0;
16613;6868511;1062449152;21790720;1149681664;0;0;0;0;0;0;0;0;0;0;0;3046;0;0;95;0;160;0;
16614;4234802;1062449152;21790720;1149681664;0;0;0;0;0;0;0;0;0;0;0;3657;0;0;95;0;160;0;
16615;7231021;1062449152;21790720;1149681664;0;0;0;0;0;0;0;0;0;0;0;3195;0;0;95;0;160;0;
16616;3855751;1062449152;21790720;1149681664;0;0;0;0;0;0;0;0;0;0;0;3898;0;0;95;0;160;0;
16617;5256848;1062449152;21790720;1149681664;0;0;0;0;0;0;0;0;0;0;0;3106;0;0;95;0;160;0;
16618;6132351;1062449152;21790720;1149681664;0;0;0;0;0;0;0;0;0;0;0;3346;0;0;95;0;160;0;
16619;6494680;1062449152;21790720;1149681664;0;0;0;0;0;0;0;0;0;0;0;3386;0;0;95;0;160;0;
16620;6114988;1062449152;21790720;1149681664;0;0;0;0;0;0;0;0;0;0;0;4177;0;0;95;0;160;0;
16621;6774154;1062449152;21790720;1149681664;0;0;0;0;0;0;0;0;0;0;0;2245;0;0;95;0;160;0;
16622;3616152;1062449152;21790720;1149681664;0;0;0;0;0;0;0;0;0;0;0;2735;0;0;95;0;160;0;
16623;7453949;1062449152;21790720;1149681664;0;0;0;0;0;0;0;0;0;0;0;2665;0;0;95;0;160;0;
16624;3860610;1062449152;21790720;1149681664;0;0;0;0;0;0;0;0;0;0;0;3657;0;0;95;0;160;0;
16625;6233861;1062449152;21790720;1149681664;0;0;0;0;0;0;0;0;0;0;0;1954;0;0;95;0;160;0;
16626;5457264;1062449152;21790720;1149681664;0;0;0;0;0;0;0;0;0;0;0;2905;0;0;95;0;160;0;
16627;5736548;1062449152;21790720;1149681664;0;0;0;0;0;0;0;0;0;0;0;2094;0;0;95;0;160;0;
16628;5079757;1062449152;21790720;1149681664;0;0;0;0;0;0;0;0;0;0;0;2985;0;0;95;0;160;0;
16629;5674772;1062449152;21790720;1149681664;0;0;0;0;0;0;0;0;0;0;0;2845;0;0;95;0;160;0;
16630;4920918;1062449152;21790720;1149681664;0;0;0;0;0;0;0;0;0;0;0;3146;0;0;95;0;160;0;
16631;6236996;1062449152;21790720;1149681664;0;0;0;0;0;0;0;0;0;0;0;3135;0;0;95;0;160;0;
16632;5444330;1062449152;21790720;1149681664;0;0;0;0;0;0;0;0;0;0;0;2725;0;0;95;0;160;0;
16633;6299484;1062449152;21790720;1149681664;0;0;0;0;0;0;0;0;0;0;0;2715;0;0;95;0;160;0;
16634;4282050;1062449152;21790720;1149681664;0;0;0;0;0;0;0;0;0;0;0;2935;0;0;95;0;160;0;
16635;6214355;1062449152;21790720;1149681664;0;0;0;0;0;0;0;0;0;0;0;2043;0;0;95;0;160;0;
16636;4278313;1062449152;21790720;1149681664;0;0;0;0;0;0;0;0;0;0;0;3116;0;0;95;0;160;0;
16637;5631241;1062449152;21790720;1149681664;0;0;0;0;0;0;0;0;0;0;0;2144;0;0;95;0;160;0;
16638;4641434;1062449152;21790720;1149681664;0;0;0;0;0;0;0;0;0;0;0;3326;0;0;95;0;160;0;
16639;6558160;1062449152;21790720;1149681664;0;0;0;0;0;0;0;0;0;0;0;2244;0;0;95;0;160;0;
16640;3904933;1062449152;21790720;1149681664;0;0;0;0;0;0;0;0;0;0;0;2555;0;0;95;0;160;0;
16641;6746382;1062449152;21790720;1149681664;0;0;0;0;0;0;0;0;0;0;0;2615;0;0;95;0;160;0;
16642;3635718;1062449152;21790720;1149681664;0;0;0;0;0;0;0;0;0;0;0;3176;0;0;95;0;160;0;
16643;5668230;1062449152;21790720;1149681664;0;0;0;0;0;0;0;0;0;0;0;2905;0;0;95;0;160;0;
16644;4542149;1062449152;21790720;1149681664;0;0;0;0;0;0;0;0;0;0;0;3567;0;0;95;0;160;0;
16645;6105481;1062449152;21790720;1149681664;0;0;0;0;0;0;0;0;0;0;0;2364;0;0;95;0;160;0;
16646;4415069;1062449152;21790720;1149681664;0;0;0;0;0;0;0;0;0;0;0;2755;0;0;95;0;160;0;
16647;7042277;1062449152;21790720;1149681664;0;0;0;0;0;0;0;0;0;0;0;4308;0;0;95;0;160;0;
16648;3594902;1062449152;21790720;1149681664;0;0;0;0;0;0;0;0;0;0;0;3606;0;0;95;0;160;0;
16649;6208723;1062449152;21790720;1149681664;0;0;0;0;0;0;0;0;0;0;0;2735;0;0;95;0;160;0;
16650;3497900;1062449152;21790720;1149681664;0;0;0;0;0;0;0;0;0;0;0;3918;0;0;95;0;160;0;
16651;7638335;1062449152;21790720;1149681664;0;0;0;0;0;0;0;0;0;0;0;2815;0;0;95;0;160;0;
16652;5031275;1062449152;21790720;1149681664;0;0;0;0;0;0;0;0;0;0;0;3467;0;0;95;0;160;0;
16653;6533633;1062449152;21790720;1149681664;0;0;0;0;0;0;0;0;0;0;0;2224;0;0;95;0;160;0;
16654;6042462;1062449152;21790720;1149681664;0;0;0;0;0;0;0;0;0;0;0;2906;0;0;95;0;160;0;
16655;6435509;1062449152;21790720;1149681664;0;0;0;0;0;0;0;0;0;0;0;1873;0;0;95;0;160;0;
16656;4404771;1062449152;21790720;1149681664;0;0;0;0;0;0;0;0;0;0;0;3026;0;0;95;0;160;0;
16657;7104955;1062449152;21790720;1149681664;0;0;0;0;0;0;0;0;0;0;0;3166;0;0;95;0;160;0;
16658;3453637;1062449152;21790720;1149681664;0;0;0;0;0;0;0;0;0;0;0;3477;0;0;95;0;160;0;
16659;4842201;1062449152;21790720;1149681664;0;0;0;0;0;0;0;0;0;0;0;1833;0;0;95;0;160;0;
16660;3650566;1062449152;21790720;1149681664;0;0;0;0;0;0;0;0;0;0;0;2825;0;0;95;0;160;0;
16661;4930316;1062449152;21790720;1149681664;0;0;0;0;0;0;0;0;0;0;0;2765;0;0;95;0;160;0;
16662;5015576;1062449152;21790720;1149681664;0;0;0;0;0;0;0;0;0;0;0;3307;0;0;95;0;160;0;
16663;6950896;1062449152;21794816;1149685760;0;0;0;0;0;0;0;0;0;0;0;3116;0;0;95;0;160;0;
16664;3852545;1062449152;21798912;1149689856;0;0;0;0;0;0;0;0;0;0;0;2655;0;0;95;0;160;0;
16665;5344873;1062449152;21798912;1149689856;0;0;0;0;0;0;0;0;0;0;0;1974;0;0;95;0;160;0;
16666;5503401;1062449152;21798912;1149689856;0;0;0;0;0;0;0;0;0;0;0;3065;0;0;95;0;160;0;
16667;6437333;1062449152;21798912;1149689856;0;0;0;0;0;0;0;0;0;0;0;3246;0;0;95;0;160;0;
16668;4163438;1062449152;21798912;1149689856;0;0;0;0;0;0;0;0;0;0;0;2344;0;0;95;0;160;0;
16669;5662018;1062449152;21798912;1149689856;0;0;0;0;0;0;0;0;0;0;0;2535;0;0;95;0;160;0;
16670;4208903;1062510592;21790720;1149681664;0;0;0;0;0;0;0;0;0;0;0;3647;0;0;95;0;160;0;
16671;6248358;1062510592;21790720;1149681664;0;0;0;0;0;0;0;0;0;0;0;2635;0;0;95;0;160;0;
16672;4329339;1062510592;21790720;1149681664;0;0;0;0;0;0;0;0;0;0;0;3957;0;0;95;0;160;0;
16673;5679912;1062510592;21790720;1149681664;0;0;0;0;0;0;0;0;0;0;0;2425;0;0;95;0;160;0;
16674;5121395;1062510592;21790720;1149681664;0;0;0;0;0;0;0;0;0;0;0;3957;0;0;95;0;160;0;
16675;6662976;1062510592;21790720;1149681664;0;0;0;0;0;0;0;0;0;0;0;2435;0;0;95;0;160;0;
16676;6153460;1062510592;21790720;1149681664;0;0;0;0;0;0;0;0;0;0;0;3857;0;0;95;0;160;0;
16677;5167360;1062510592;21790720;1149681664;0;0;0;0;0;0;0;0;0;0;0;3236;0;0;95;0;160;0;
16678;5146762;1062510592;21790720;1149681664;0;0;0;0;0;0;0;0;0;0;0;3206;0;0;95;0;160;0;
16679;5989012;1062510592;21790720;1149681664;0;0;0;0;0;0;0;0;0;0;0;1694;0;0;95;0;160;0;
16680;5860831;1062510592;21790720;1149681664;0;0;0;0;0;0;0;0;0;0;0;2876;0;0;95;0;160;0;
16681;7963645;1062510592;21790720;1149681664;0;0;0;0;0;0;0;0;0;0;0;2375;0;0;95;0;160;0;
16682;5301783;1062510592;21790720;1149681664;0;0;0;0;0;0;0;0;0;0;0;3267;0;0;95;0;160;0;
16683;6204506;1062510592;21790720;1149681664;0;0;0;0;0;0;0;0;0;0;0;2505;0;0;95;0;160;0;
16684;5009224;1062510592;21790720;1149681664;0;0;0;0;0;0;0;0;0;0;0;3026;0;0;95;0;160;0;
16685;20115113;1062510592;21790720;1149681664;0;0;0;0;0;0;0;0;0;0;0;3838;0;0;95;0;160;0;
16686;5158735;1062510592;21790720;1149681664;0;0;0;0;0;0;0;0;0;0;0;3196;0;0;95;0;160;0;
16687;6208393;1062510592;21790720;1149681664;0;0;0;0;0;0;0;0;0;0;0;2084;0;0;95;0;160;0;
16688;4384503;1062510592;21790720;1149681664;0;0;0;0;0;0;0;0;0;0;0;3898;0;0;95;0;160;0;
16689;7150901;1062510592;21790720;1149681664;0;0;0;0;0;0;0;0;0;0;0;1663;0;0;95;0;160;0;
16690;4316936;1062510592;21790720;1149681664;0;0;0;0;0;0;0;0;0;0;0;3116;0;0;95;0;160;0;
16691;5800167;1062510592;21790720;1149681664;0;0;0;0;0;0;0;0;0;0;0;2355;0;0;95;0;160;0;
16692;5424654;1062510592;21790720;1149681664;0;0;0;0;0;0;0;0;0;0;0;3677;0;0;95;0;160;0;
16693;7334044;1062510592;21790720;1149681664;0;0;0;0;0;0;0;0;0;0;0;2806;0;0;95;0;160;0;
16694;3925382;1062510592;21790720;1149681664;0;0;0;0;0;0;0;0;0;0;0;3306;0;0;95;0;160;0;
16695;6813658;1062510592;21790720;1149681664;0;0;0;0;0;0;0;0;0;0;0;3125;0;0;95;0;160;0;
16696;3802892;1062510592;21790720;1149681664;0;0;0;0;0;0;0;0;0;0;0;2796;0;0;95;0;160;0;
16697;7284281;1062510592;21790720;1149681664;0;0;0;0;0;0;0;0;0;0;0;3316;0;0;95;0;160;0;
16698;4325292;1062510592;21790720;1149681664;0;0;0;0;0;0;0;0;0;0;0;3216;0;0;95;0;160;0;
16699;7430665;1062510592;21790720;1149681664;0;0;0;0;0;0;0;0;0;0;0;2284;0;0;95;0;160;0;
16700;5447616;1062510592;21790720;1149681664;0;0;0;0;0;0;0;0;0;0;0;2624;0;0;95;0;160;0;
16701;5856814;1062510592;21790720;1149681664;0;0;0;0;0;0;0;0;0;0;0;2805;0;0;95;0;160;0;
16702;6172045;1062510592;21790720;1149681664;0;0;0;0;0;0;0;0;0;0;0;2725;0;0;95;0;160;0;
16703;6244210;1062510592;21790720;1149681664;0;0;0;0;0;0;0;0;0;0;0;1944;0;0;95;0;160;0;
16704;4312899;1062510592;21790720;1149681664;0;0;0;0;0;0;0;0;0;0;0;3126;0;0;95;0;160;0;
16705;6407256;1062510592;21790720;1149681664;0;0;0;0;0;0;0;0;0;0;0;2444;0;0;95;0;160;0;
16706;3246809;1062510592;21790720;1149681664;0;0;0;0;0;0;0;0;0;0;0;3647;0;0;95;0;160;0;
16707;5862364;1062510592;21790720;1149681664;0;0;0;0;0;0;0;0;0;0;0;2013;0;0;95;0;160;0;
16708;4351371;1062510592;21790720;1149681664;0;0;0;0;0;0;0;0;0;0;0;3206;0;0;95;0;160;0;
16709;7855462;1062510592;21790720;1149681664;0;0;0;0;0;0;0;0;0;0;0;2304;0;0;95;0;160;0;
16710;3612364;1062510592;21790720;1149681664;0;0;0;0;0;0;0;0;0;0;0;2735;0;0;95;0;160;0;
16711;7047317;1062510592;21790720;1149681664;0;0;0;0;0;0;0;0;0;0;0;2034;0;0;95;0;160;0;
16712;4821993;1062510592;21790720;1149681664;0;0;0;0;0;0;0;0;0;0;0;3467;0;0;95;0;160;0;
16713;6885443;1062510592;21790720;1149681664;0;0;0;0;0;0;0;0;0;0;0;2996;0;0;95;0;160;0;
16714;4708931;1062510592;21790720;1149681664;0;0;0;0;0;0;0;0;0;0;0;3196;0;0;95;0;160;0;
16715;5974855;1062510592;21790720;1149681664;0;0;0;0;0;0;0;0;0;0;0;2725;0;0;95;0;160;0;
16716;5432338;1062510592;21790720;1149681664;0;0;0;0;0;0;0;0;0;0;0;49433;0;0;95;0;160;0;
16717;6022093;1062510592;21790720;1149681664;0;0;0;0;0;0;0;0;0;0;0;2405;0;0;95;0;160;0;
16718;4635784;1062510592;21790720;1149681664;0;0;0;0;0;0;0;0;0;0;0;2956;0;0;95;0;160;0;
16719;5971248;1062510592;21790720;1149681664;0;0;0;0;0;0;0;0;0;0;0;1703;0;0;95;0;160;0;
16720;5355524;1062510592;21790720;1149681664;0;0;0;0;0;0;0;0;0;0;0;3266;0;0;95;0;160;0;
16721;7069868;1062510592;21790720;1149681664;0;0;0;0;0;0;0;0;0;0;0;2225;0;0;95;0;160;0;
16722;3898752;1062510592;21790720;1149681664;0;0;0;0;0;0;0;0;0;0;0;2996;0;0;95;0;160;0;
16723;6420050;1062510592;21790720;1149681664;0;0;0;0;0;0;0;0;0;0;0;2815;0;0;95;0;160;0;
16724;4041149;1062510592;21790720;1149681664;0;0;0;0;0;0;0;0;0;0;0;3497;0;0;95;0;160;0;
16725;6288253;1062510592;21790720;1149681664;0;0;0;0;0;0;0;0;0;0;0;3146;0;0;95;0;160;0;
16726;4355458;1062510592;21790720;1149681664;0;0;0;0;0;0;0;0;0;0;0;2534;0;0;95;0;160;0;
16727;6725884;1062510592;21790720;1149681664;0;0;0;0;0;0;0;0;0;0;0;3096;0;0;95;0;160;0;
16728;4937349;1062510592;21790720;1149681664;0;0;0;0;0;0;0;0;0;0;0;3457;0;0;95;0;160;0;
16729;6580471;1062510592;21790720;1149681664;0;0;0;0;0;0;0;0;0;0;0;3116;0;0;95;0;160;0;
16730;5376252;1062510592;21790720;1149681664;0;0;0;0;0;0;0;0;0;0;0;3366;0;0;95;0;160;0;
16731;5949167;1062510592;21790720;1149681664;0;0;0;0;0;0;0;0;0;0;0;2635;0;0;95;0;160;0;
16732;4433485;1062510592;21790720;1149681664;0;0;0;0;0;0;0;0;0;0;0;2735;0;0;95;0;160;0;
16733;4635363;1062510592;21790720;1149681664;0;0;0;0;0;0;0;0;0;0;0;2134;0;0;95;0;160;0;
16734;5103201;1062510592;21790720;1149681664;0;0;0;0;0;0;0;0;0;0;0;3497;0;0;95;0;160;0;
16735;6195278;1062510592;21790720;1149681664;0;0;0;0;0;0;0;0;0;0;0;3557;0;0;95;0;160;0;
16736;4680749;1062510592;21790720;1149681664;0;0;0;0;0;0;0;0;0;0;0;3256;0;0;95;0;160;0;
16737;6337916;1062510592;21790720;1149681664;0;0;0;0;0;0;0;0;0;0;0;3787;0;0;95;0;160;0;
16738;5020897;1062510592;21790720;1149681664;0;0;0;0;0;0;0;0;0;0;0;4068;0;0;95;0;160;0;
16739;6387278;1062510592;21790720;1149681664;0;0;0;0;0;0;0;0;0;0;0;1924;0;0;95;0;160;0;
16740;5029513;1062510592;21790720;1149681664;0;0;0;0;0;0;0;0;0;0;0;3026;0;0;95;0;160;0;
16741;7142866;1062510592;21790720;1149681664;0;0;0;0;0;0;0;0;0;0;0;2064;0;0;95;0;160;0;
16742;4797878;1062510592;21790720;1149681664;0;0;0;0;0;0;0;0;0;0;0;3206;0;0;95;0;160;0;
16743;7706273;1062510592;21790720;1149681664;0;0;0;0;0;0;0;0;0;0;0;2966;0;0;95;0;160;0;
16744;4726945;1062510592;21790720;1149681664;0;0;0;0;0;0;0;0;0;0;0;3657;0;0;95;0;160;0;
16745;5810137;1062510592;21790720;1149681664;0;0;0;0;0;0;0;0;0;0;0;3256;0;0;95;0;160;0;
16746;4831601;1062510592;21790720;1149681664;0;0;0;0;0;0;0;0;0;0;0;3176;0;0;95;0;160;0;
16747;6182004;1062510592;21790720;1149681664;0;0;0;0;0;0;0;0;0;0;0;75341;0;0;95;0;160;0;
16748;6231497;1062510592;21790720;1149681664;0;0;0;0;0;0;0;0;0;0;0;3998;0;0;95;0;160;0;
16749;8023928;1062510592;21790720;1149681664;0;0;0;0;0;0;0;0;0;0;0;3386;0;0;95;0;160;0;
16750;7440474;1062510592;21790720;1149681664;0;0;0;0;0;0;0;0;0;0;0;2755;0;0;95;0;160;0;
16751;7761716;1062510592;21790720;1149681664;0;0;0;0;0;0;0;0;0;0;0;3206;0;0;95;0;160;0;
16752;7926284;1062510592;21790720;1149681664;0;0;0;0;0;0;0;0;0;0;0;3247;0;0;95;0;160;0;
16753;8888600;1062510592;21790720;1149681664;0;0;0;0;0;0;0;0;0;0;0;2675;0;0;95;0;160;0;
16754;6827013;1062510592;21790720;1149681664;0;0;0;0;0;0;0;0;0;0;0;3276;0;0;95;0;160;0;
16755;6828706;1062510592;21790720;1149681664;0;0;0;0;0;0;0;0;0;0;0;159268;0;0;95;0;160;0;
16756;7809996;1062510592;21790720;1149681664;0;0;0;0;0;0;0;0;0;0;0;3547;0;0;95;0;160;0;
16757;6280247;1062510592;21790720;1149681664;0;0;0;0;0;0;0;0;0;0;0;345788;0;0;95;0;160;0;
16758;8875946;1062510592;21790720;1149681664;0;0;0;0;0;0;0;0;0;0;0;2895;0;0;95;0;160;0;
16759;7003905;1062510592;21790720;1149681664;0;0;0;0;0;0;0;0;0;0;0;3046;0;0;95;0;160;0;
16760;5842256;1062510592;21790720;1149681664;0;0;0;0;0;0;0;0;0;0;0;3607;0;0;95;0;160;0;
16761;8537771;1062510592;21790720;1149681664;0;0;0;0;0;0;0;0;0;0;0;3266;0;0;95;0;160;0;
16762;5819714;1062510592;21790720;1149681664;0;0;0;0;0;0;0;0;0;0;0;3356;0;0;95;0;160;0;
16763;5603859;1062510592;21790720;1149681664;0;0;0;0;0;0;0;0;0;0;0;3767;0;0;95;0;160;0;
16764;6958761;1062510592;21790720;1149681664;0;0;0;0;0;0;0;0;0;0;0;3657;0;0;95;0;160;0;
16765;5872553;1062510592;21790720;1149681664;0;0;0;0;0;0;0;0;0;0;0;2424;0;0;95;0;160;0;
16766;6220396;1062510592;21790720;1149681664;0;0;0;0;0;0;0;0;0;0;0;3536;0;0;95;0;160;0;
16767;6179629;1062510592;21790720;1149681664;0;0;0;0;0;0;0;0;0;0;0;2525;0;0;95;0;160;0;
16768;14658410;1062510592;21790720;1149681664;0;0;0;0;0;0;0;0;0;0;0;5100;0;0;95;0;160;0;
16769;8883941;1062510592;21790720;1149681664;0;0;0;0;0;0;0;0;0;0;0;4047;0;0;95;0;160;0;
16770;7590495;1062510592;21790720;1149681664;0;0;0;0;0;0;0;0;0;0;0;4409;0;0;95;0;160;0;
16771;8212000;1062510592;21790720;1149681664;0;0;0;0;0;0;0;0;0;0;0;3015;0;0;95;0;160;0;
16772;6868431;1062510592;21790720;1149681664;0;0;0;0;0;0;0;0;0;0;0;4027;0;0;95;0;160;0;
16773;7698187;1062510592;21790720;1149681664;0;0;0;0;0;0;0;0;0;0;0;3496;0;0;95;0;160;0;
16774;5117667;1062510592;21790720;1149681664;0;0;0;0;0;0;0;0;0;0;0;3857;0;0;95;0;160;0;
16775;8876427;1062510592;21790720;1149681664;0;0;0;0;0;0;0;0;0;0;0;2855;0;0;95;0;160;0;
16776;3900204;1062510592;21790720;1149681664;0;0;0;0;0;0;0;0;0;0;0;3066;0;0;95;0;160;0;
16777;7181989;1062510592;21790720;1149681664;0;0;0;0;0;0;0;0;0;0;0;2825;0;0;95;0;160;0;
16778;6159241;1062510592;21790720;1149681664;0;0;0;0;0;0;0;0;0;0;0;3537;0;0;95;0;160;0;
16779;7332191;1062510592;21790720;1149681664;0;0;0;0;0;0;0;0;0;0;0;3136;0;0;95;0;160;0;
16780;7397853;1062510592;21790720;1149681664;0;0;0;0;0;0;0;0;0;0;0;4098;0;0;95;0;160;0;
16781;6862100;1062510592;21790720;1149681664;0;0;0;0;0;0;0;0;0;0;0;3316;0;0;95;0;160;0;
16782;6160193;1062510592;21790720;1149681664;0;0;0;0;0;0;0;0;0;0;0;2715;0;0;95;0;160;0;
16783;7605934;1062510592;21790720;1149681664;0;0;0;0;0;0;0;0;0;0;0;2304;0;0;95;0;160;0;
16784;8583698;1062510592;21790720;1149681664;0;0;0;0;0;0;0;0;0;0;0;3176;0;0;95;0;160;0;
16785;6669918;1062510592;21790720;1149681664;0;0;0;0;0;0;0;0;0;0;0;2896;0;0;95;0;160;0;
16786;6716726;1062510592;21790720;1149681664;0;0;0;0;0;0;0;0;0;0;0;3497;0;0;95;0;160;0;
16787;6230715;1062510592;21790720;1149681664;0;0;0;0;0;0;0;0;0;0;0;2024;0;0;95;0;160;0;
16788;7226673;1062510592;21790720;1149681664;0;0;0;0;0;0;0;0;0;0;0;2855;0;0;95;0;160;0;
16789;6218762;1062510592;21790720;1149681664;0;0;0;0;0;0;0;0;0;0;0;1934;0;0;95;0;160;0;
16790;5799366;1062510592;21790720;1149681664;0;0;0;0;0;0;0;0;0;0;0;2675;0;0;95;0;160;0;
16791;6775386;1062510592;21790720;1149681664;0;0;0;0;0;0;0;0;0;0;0;2775;0;0;95;0;160;0;
16792;5584013;1062510592;21790720;1149681664;0;0;0;0;0;0;0;0;0;0;0;2785;0;0;95;0;160;0;
16793;6545335;1062510592;21790720;1149681664;0;0;0;0;0;0;0;0;0;0;0;2335;0;0;95;0;160;0;
16794;6007396;1062510592;21790720;1149681664;0;0;0;0;0;0;0;0;0;0;0;2605;0;0;95;0;160;0;
16795;5616543;1062510592;21790720;1149681664;0;0;0;0;0;0;0;0;0;0;0;2164;0;0;95;0;160;0;
16796;7067424;1062510592;21790720;1149681664;0;0;0;0;0;0;0;0;0;0;0;3597;0;0;95;0;160;0;
16797;5990264;1062510592;21790720;1149681664;0;0;0;0;0;0;0;0;0;0;0;2385;0;0;95;0;160;0;
16798;6362812;1062510592;21790720;1149681664;0;0;0;0;0;0;0;0;0;0;0;2505;0;0;95;0;160;0;
16799;6509358;1062510592;21790720;1149681664;0;0;0;0;0;0;0;0;0;0;0;2796;0;0;95;0;160;0;
16800;6636055;1062510592;21790720;1149681664;0;0;0;0;0;0;0;0;0;0;0;3637;0;0;95;0;160;0;
16801;6487176;1062510592;21790720;1149681664;0;0;0;0;0;0;0;0;0;0;0;2775;0;0;95;0;160;0;
16802;7302625;1062510592;21790720;1149681664;0;0;0;0;0;0;0;0;0;0;0;4018;0;0;95;0;160;0;
16803;8119898;1062510592;21790720;1149681664;0;0;0;0;0;0;0;0;0;0;0;3196;0;0;95;0;160;0;
16804;6821062;1062510592;21790720;1149681664;0;0;0;0;0;0;0;0;0;0;0;3246;0;0;95;0;160;0;
16805;5015376;1062510592;21790720;1149681664;0;0;0;0;0;0;0;0;0;0;0;3026;0;0;95;0;160;0;
16806;6704433;1062510592;21790720;1149681664;0;0;0;0;0;0;0;0;0;0;0;3386;0;0;95;0;160;0;
16807;6004661;1062510592;21790720;1149681664;0;0;0;0;0;0;0;0;0;0;0;2885;0;0;95;0;160;0;
16808;6154942;1062510592;21790720;1149681664;0;0;0;0;0;0;0;0;0;0;0;3797;0;0;95;0;160;0;
16809;6403939;1062510592;21790720;1149681664;0;0;0;0;0;0;0;0;0;0;0;2916;0;0;95;0;160;0;
16810;6047902;1062510592;21790720;1149681664;0;0;0;0;0;0;0;0;0;0;0;3066;0;0;95;0;160;0;
16811;6484571;1062510592;21790720;1149681664;0;0;0;0;0;0;0;0;0;0;0;2214;0;0;95;0;160;0;
16812;5138997;1062510592;21790720;1149681664;0;0;0;0;0;0;0;0;0;0;0;3827;0;0;95;0;160;0;
16813;7495637;1062510592;21790720;1149681664;0;0;0;0;0;0;0;0;0;0;0;2726;0;0;95;0;160;0;
16814;5864108;1062510592;21790720;1149681664;0;0;0;0;0;0;0;0;0;0;0;3256;0;0;95;0;160;0;
16815;8096144;1062510592;21790720;1149681664;0;0;0;0;0;0;0;0;0;0;0;7995;0;0;95;0;160;0;
16816;5276235;1062510592;21790720;1149681664;0;0;0;0;0;0;0;0;0;0;0;3687;0;0;95;0;160;0;
16817;9357900;1062510592;21790720;1149681664;0;0;0;0;0;0;0;0;0;0;0;2915;0;0;95;0;160;0;
16818;4321885;1062510592;21790720;1149681664;0;0;0;0;0;0;0;0;0;0;0;3196;0;0;95;0;160;0;
16819;7024894;1062510592;21790720;1149681664;0;0;0;0;0;0;0;0;0;0;0;3226;0;0;95;0;160;0;
16820;6239602;1062510592;21790720;1149681664;0;0;0;0;0;0;0;0;0;0;0;3807;0;0;95;0;160;0;
16821;7780321;1062510592;21790720;1149681664;0;0;0;0;0;0;0;0;0;0;0;3166;0;0;95;0;160;0;
16822;5850441;1062510592;21790720;1149681664;0;0;0;0;0;0;0;0;0;0;0;3858;0;0;95;0;160;0;
16823;7451184;1062510592;21794816;1149685760;0;0;0;0;0;0;0;0;0;0;0;3506;0;0;95;0;160;0;
16824;4344939;1062510592;21798912;1149689856;0;0;0;0;0;0;0;0;0;0;0;3647;0;0;95;0;160;0;
16825;7879387;1062510592;21798912;1149689856;0;0;0;0;0;0;0;0;0;0;0;3516;0;0;95;0;160;0;
16826;3896358;1062510592;21798912;1149689856;0;0;0;0;0;0;0;0;0;0;0;3467;0;0;95;0;160;0;
16827;8549494;1062510592;21798912;1149689856;0;0;0;0;0;0;0;0;0;0;0;2955;0;0;95;0;160;0;
16828;5051133;1062510592;21798912;1149689856;0;0;0;0;0;0;0;0;0;0;0;2655;0;0;95;0;160;0;
16829;9922809;1062510592;21798912;1149689856;0;0;0;0;0;0;0;0;0;0;0;3045;0;0;95;0;160;0;
16830;5963664;1062563840;21790720;1149681664;0;0;0;0;0;0;0;0;0;0;0;3527;0;0;95;0;160;0;
16831;8164081;1062563840;21790720;1149681664;0;0;0;0;0;0;0;0;0;0;0;3807;0;0;95;0;160;0;
16832;6137260;1062563840;21790720;1149681664;0;0;0;0;0;0;0;0;0;0;0;3436;0;0;95;0;160;0;
16833;7564867;1062563840;21790720;1149681664;0;0;0;0;0;0;0;0;0;0;0;2966;0;0;95;0;160;0;
16834;6338016;1062563840;21790720;1149681664;0;0;0;0;0;0;0;0;0;0;0;3036;0;0;95;0;160;0;
16835;7766014;1062563840;21790720;1149681664;0;0;0;0;0;0;0;0;0;0;0;3386;0;0;95;0;160;0;
16836;7181498;1062563840;21790720;1149681664;0;0;0;0;0;0;0;0;0;0;0;3988;0;0;95;0;160;0;
16837;11139761;1062563840;21790720;1149681664;0;0;0;0;0;0;0;0;0;0;0;3166;0;0;95;0;160;0;
16838;9581288;1062563840;21790720;1149681664;0;0;0;0;0;0;0;0;0;0;0;3937;0;0;95;0;160;0;
16839;6753375;1062563840;21790720;1149681664;0;0;0;0;0;0;0;0;0;0;0;2895;0;0;95;0;160;0;
16840;8616870;1062563840;21790720;1149681664;0;0;0;0;0;0;0;0;0;0;0;3296;0;0;95;0;160;0;
16841;5578191;1062563840;21790720;1149681664;0;0;0;0;0;0;0;0;0;0;0;2916;0;0;95;0;160;0;
16842;7899154;1062563840;21790720;1149681664;0;0;0;0;0;0;0;0;0;0;0;3476;0;0;95;0;160;0;
16843;8410463;1062563840;21790720;1149681664;0;0;0;0;0;0;0;0;0;0;0;2916;0;0;95;0;160;0;
16844;5233645;1062563840;21790720;1149681664;0;0;0;0;0;0;0;0;0;0;0;3116;0;0;95;0;160;0;
16845;8573077;1062563840;21790720;1149681664;0;0;0;0;0;0;0;0;0;0;0;5050;0;0;95;0;160;0;
16846;3757827;1062563840;21790720;1149681664;0;0;0;0;0;0;0;0;0;0;0;3807;0;0;95;0;160;0;
16847;4840718;1062563840;21790720;1149681664;0;0;0;0;0;0;0;0;0;0;0;2745;0;0;95;0;160;0;
16848;6688834;1062563840;21790720;1149681664;0;0;0;0;0;0;0;0;0;0;0;4138;0;0;95;0;160;0;
16849;6896865;1062563840;21790720;1149681664;0;0;0;0;0;0;0;0;0;0;0;2745;0;0;95;0;160;0;
16850;9006371;1062563840;21790720;1149681664;0;0;0;0;0;0;0;0;0;0;0;3527;0;0;95;0;160;0;
16851;9253634;1062563840;21790720;1149681664;0;0;0;0;0;0;0;0;0;0;0;3537;0;0;95;0;160;0;
16852;8945195;1062563840;21790720;1149681664;0;0;0;0;0;0;0;0;0;0;0;4157;0;0;95;0;160;0;
16853;8192604;1062563840;21790720;1149681664;0;0;0;0;0;0;0;0;0;0;0;135705;0;0;95;0;160;0;
16854;7755876;1062563840;21790720;1149681664;0;0;0;0;0;0;0;0;0;0;0;3546;0;0;95;0;160;0;
16855;8199326;1062563840;21790720;1149681664;0;0;0;0;0;0;0;0;0;0;0;3687;0;0;95;0;160;0;
16856;8814360;1062563840;21790720;1149681664;0;0;0;0;0;0;0;0;0;0;0;3526;0;0;95;0;160;0;
16857;5964035;1062563840;21790720;1149681664;0;0;0;0;0;0;0;0;0;0;0;4167;0;0;95;0;160;0;
16858;5501798;1062563840;21790720;1149681664;0;0;0;0;0;0;0;0;0;0;0;3256;0;0;95;0;160;0;
16859;8691781;1062563840;21790720;1149681664;0;0;0;0;0;0;0;0;0;0;0;3216;0;0;95;0;160;0;
16860;5925773;1062563840;21790720;1149681664;0;0;0;0;0;0;0;0;0;0;0;3777;0;0;95;0;160;0;
16861;7374020;1062563840;21790720;1149681664;0;0;0;0;0;0;0;0;0;0;0;3276;0;0;95;0;160;0;
16862;5983371;1062563840;21790720;1149681664;0;0;0;0;0;0;0;0;0;0;0;3848;0;0;95;0;160;0;
16863;7388606;1062563840;21790720;1149681664;0;0;0;0;0;0;0;0;0;0;0;3136;0;0;95;0;160;0;
16864;7472073;1062563840;21790720;1149681664;0;0;0;0;0;0;0;0;0;0;0;4208;0;0;95;0;160;0;
16865;8576995;1062563840;21790720;1149681664;0;0;0;0;0;0;0;0;0;0;0;3146;0;0;95;0;160;0;
16866;9270226;1062563840;21790720;1149681664;0;0;0;0;0;0;0;0;0;0;0;4418;0;0;95;0;160;0;
16867;6409620;1062563840;21790720;1149681664;0;0;0;0;0;0;0;0;0;0;0;3377;0;0;95;0;160;0;
16868;10285680;1062563840;21790720;1149681664;0;0;0;0;0;0;0;0;0;0;0;3326;0;0;95;0;160;0;
16869;8803219;1062563840;21790720;1149681664;0;0;0;0;0;0;0;0;0;0;0;3767;0;0;95;0;160;0;
16870;4235863;1062563840;21790720;1149681664;0;0;0;0;0;0;0;0;0;0;0;3567;0;0;95;0;160;0;
16871;7101298;1062563840;21790720;1149681664;0;0;0;0;0;0;0;0;0;0;0;2404;0;0;95;0;160;0;
16872;4903156;1062563840;21790720;1149681664;0;0;0;0;0;0;0;0;0;0;0;2755;0;0;95;0;160;0;
16873;7836476;1062563840;21790720;1149681664;0;0;0;0;0;0;0;0;0;0;0;2554;0;0;95;0;160;0;
16874;3505464;1062563840;21790720;1149681664;0;0;0;0;0;0;0;0;0;0;0;2715;0;0;95;0;160;0;
16875;6823386;1062563840;21790720;1149681664;0;0;0;0;0;0;0;0;0;0;0;1793;0;0;95;0;160;0;
16876;4834186;1062563840;21790720;1149681664;0;0;0;0;0;0;0;0;0;0;0;3267;0;0;95;0;160;0;
16877;5661498;1062563840;21790720;1149681664;0;0;0;0;0;0;0;0;0;0;0;2454;0;0;95;0;160;0;
16878;5130071;1062563840;21790720;1149681664;0;0;0;0;0;0;0;0;0;0;0;3506;0;0;95;0;160;0;
16879;5053387;1062563840;21790720;1149681664;0;0;0;0;0;0;0;0;0;0;0;2214;0;0;95;0;160;0;
16880;4050877;1062563840;21790720;1149681664;0;0;0;0;0;0;0;0;0;0;0;3346;0;0;95;0;160;0;
16881;7397363;1062563840;21790720;1149681664;0;0;0;0;0;0;0;0;0;0;0;4228;0;0;95;0;160;0;
16882;5559597;1062563840;21790720;1149681664;0;0;0;0;0;0;0;0;0;0;0;3075;0;0;95;0;160;0;
16883;7368699;1062563840;21790720;1149681664;0;0;0;0;0;0;0;0;0;0;0;3407;0;0;95;0;160;0;
16884;4371698;1062563840;21790720;1149681664;0;0;0;0;0;0;0;0;0;0;0;4047;0;0;95;0;160;0;
16885;7384007;1062563840;21790720;1149681664;0;0;0;0;0;0;0;0;0;0;0;2885;0;0;95;0;160;0;
16886;7114973;1062563840;21790720;1149681664;0;0;0;0;0;0;0;0;0;0;0;3036;0;0;95;0;160;0;
16887;6094409;1062563840;21790720;1149681664;0;0;0;0;0;0;0;0;0;0;0;2955;0;0;95;0;160;0;
16888;5256307;1062563840;21790720;1149681664;0;0;0;0;0;0;0;0;0;0;0;3747;0;0;95;0;160;0;
16889;5555679;1062563840;21790720;1149681664;0;0;0;0;0;0;0;0;0;0;0;2364;0;0;95;0;160;0;
16890;4711907;1062563840;21790720;1149681664;0;0;0;0;0;0;0;0;0;0;0;3597;0;0;95;0;160;0;
16891;6400193;1062563840;21790720;1149681664;0;0;0;0;0;0;0;0;0;0;0;4218;0;0;95;0;160;0;
16892;4537750;1062563840;21790720;1149681664;0;0;0;0;0;0;0;0;0;0;0;3326;0;0;95;0;160;0;
16893;6784854;1062563840;21790720;1149681664;0;0;0;0;0;0;0;0;0;0;0;3686;0;0;95;0;160;0;
16894;4451288;1062563840;21790720;1149681664;0;0;0;0;0;0;0;0;0;0;0;3226;0;0;95;0;160;0;
16895;7478976;1062563840;21790720;1149681664;0;0;0;0;0;0;0;0;0;0;0;3206;0;0;95;0;160;0;
16896;4262043;1062563840;21790720;1149681664;0;0;0;0;0;0;0;0;0;0;0;3837;0;0;95;0;160;0;
16897;7121395;1062563840;21794816;1149685760;0;0;0;0;0;0;0;0;0;0;0;2835;0;0;95;0;160;0;
16898;6828306;1062563840;21798912;1149689856;0;0;0;0;0;0;0;0;0;0;0;4218;0;0;95;0;160;0;
16899;6714663;1062563840;21798912;1149689856;0;0;0;0;0;0;0;0;0;0;0;1843;0;0;95;0;160;0;
16900;5136693;1062563840;21798912;1149689856;0;0;0;0;0;0;0;0;0;0;0;3857;0;0;95;0;160;0;
16901;5463636;1062563840;21798912;1149689856;0;0;0;0;0;0;0;0;0;0;0;2695;0;0;95;0;160;0;
16902;5115283;1062563840;21798912;1149689856;0;0;0;0;0;0;0;0;0;0;0;3176;0;0;95;0;160;0;
16903;5636119;1062563840;21798912;1149689856;0;0;0;0;0;0;0;0;0;0;0;1913;0;0;95;0;160;0;
16904;6082947;1062596608;21790720;1149681664;0;0;0;0;0;0;0;0;0;0;0;3376;0;0;95;0;160;0;
16905;5099333;1062596608;21790720;1149681664;0;0;0;0;0;0;0;0;0;0;0;1853;0;0;95;0;160;0;
16906;6938192;1062596608;21790720;1149681664;0;0;0;0;0;0;0;0;0;0;0;3296;0;0;95;0;160;0;
16907;7308977;1062596608;21790720;1149681664;0;0;0;0;0;0;0;0;0;0;0;3156;0;0;95;0;160;0;
16908;6246605;1062596608;21790720;1149681664;0;0;0;0;0;0;0;0;0;0;0;3086;0;0;95;0;160;0;
16909;6192093;1062596608;21790720;1149681664;0;0;0;0;0;0;0;0;0;0;0;2214;0;0;95;0;160;0;
16910;5740596;1062596608;21790720;1149681664;0;0;0;0;0;0;0;0;0;0;0;2765;0;0;95;0;160;0;
16911;6279637;1062596608;21790720;1149681664;0;0;0;0;0;0;0;0;0;0;0;2755;0;0;95;0;160;0;
16912;7943217;1062596608;21790720;1149681664;0;0;0;0;0;0;0;0;0;0;0;3787;0;0;95;0;160;0;
16913;6298201;1062596608;21790720;1149681664;0;0;0;0;0;0;0;0;0;0;0;3066;0;0;95;0;160;0;
16914;6263907;1062596608;21790720;1149681664;0;0;0;0;0;0;0;0;0;0;0;2935;0;0;95;0;160;0;
16915;5866743;1062596608;21790720;1149681664;0;0;0;0;0;0;0;0;0;0;0;2394;0;0;95;0;160;0;
16916;15324809;1062596608;21790720;1149681664;0;0;0;0;0;0;0;0;0;0;0;3456;0;0;95;0;160;0;
16917;8344099;1062596608;21790720;1149681664;0;0;0;0;0;0;0;0;0;0;0;3537;0;0;95;0;160;0;
16918;5974785;1062596608;21790720;1149681664;0;0;0;0;0;0;0;0;0;0;0;3075;0;0;95;0;160;0;
16919;7857025;1062596608;21790720;1149681664;0;0;0;0;0;0;0;0;0;0;0;3577;0;0;95;0;160;0;
16920;8320944;1062596608;21790720;1149681664;0;0;0;0;0;0;0;0;0;0;0;3116;0;0;95;0;160;0;
16921;7784779;1062596608;21790720;1149681664;0;0;0;0;0;0;0;0;0;0;0;3697;0;0;95;0;160;0;
16922;8596361;1062596608;21790720;1149681664;0;0;0;0;0;0;0;0;0;0;0;3506;0;0;95;0;160;0;
16923;6080533;1062596608;21790720;1149681664;0;0;0;0;0;0;0;0;0;0;0;3928;0;0;95;0;160;0;
16924;5068696;1062596608;21790720;1149681664;0;0;0;0;0;0;0;0;0;0;0;3266;0;0;95;0;160;0;
16925;7643494;1062596608;21790720;1149681664;0;0;0;0;0;0;0;0;0;0;0;4028;0;0;95;0;160;0;
16926;5880147;1062596608;21790720;1149681664;0;0;0;0;0;0;0;0;0;0;0;3436;0;0;95;0;160;0;
16927;6382209;1062596608;21790720;1149681664;0;0;0;0;0;0;0;0;0;0;0;3416;0;0;95;0;160;0;
16928;6108506;1062596608;21790720;1149681664;0;0;0;0;0;0;0;0;0;0;0;3777;0;0;95;0;160;0;
16929;8410803;1062596608;21790720;1149681664;0;0;0;0;0;0;0;0;0;0;0;4669;0;0;95;0;160;0;
16930;4168508;1062596608;21790720;1149681664;0;0;0;0;0;0;0;0;0;0;0;3477;0;0;95;0;160;0;
16931;7714188;1062596608;21790720;1149681664;0;0;0;0;0;0;0;0;0;0;0;3406;0;0;95;0;160;0;
16932;7195154;1062596608;21790720;1149681664;0;0;0;0;0;0;0;0;0;0;0;3387;0;0;95;0;160;0;
16933;6561976;1062596608;21790720;1149681664;0;0;0;0;0;0;0;0;0;0;0;3496;0;0;95;0;160;0;
16934;7772697;1062596608;21790720;1149681664;0;0;0;0;0;0;0;0;0;0;0;3467;0;0;95;0;160;0;
16935;6315484;1062596608;21790720;1149681664;0;0;0;0;0;0;0;0;0;0;0;2635;0;0;95;0;160;0;
16936;6487787;1062596608;21790720;1149681664;0;0;0;0;0;0;0;0;0;0;0;2735;0;0;95;0;160;0;
16937;6607772;1062596608;21790720;1149681664;0;0;0;0;0;0;0;0;0;0;0;1973;0;0;95;0;160;0;
16938;4316565;1062596608;21790720;1149681664;0;0;0;0;0;0;0;0;0;0;0;3006;0;0;95;0;160;0;
16939;5962211;1062596608;21790720;1149681664;0;0;0;0;0;0;0;0;0;0;0;1633;0;0;95;0;160;0;
16940;5242251;1062596608;21790720;1149681664;0;0;0;0;0;0;0;0;0;0;0;2926;0;0;95;0;160;0;
16941;6766610;1062596608;21790720;1149681664;0;0;0;0;0;0;0;0;0;0;0;3196;0;0;95;0;160;0;
16942;3762907;1062596608;21790720;1149681664;0;0;0;0;0;0;0;0;0;0;0;3286;0;0;95;0;160;0;
16943;7802062;1062596608;21790720;1149681664;0;0;0;0;0;0;0;0;0;0;0;3907;0;0;95;0;160;0;
16944;3652971;1062596608;21790720;1149681664;0;0;0;0;0;0;0;0;0;0;0;3075;0;0;95;0;160;0;
16945;6266241;1062596608;21790720;1149681664;0;0;0;0;0;0;0;0;0;0;0;3356;0;0;95;0;160;0;
16946;4140826;1062596608;21790720;1149681664;0;0;0;0;0;0;0;0;0;0;0;3427;0;0;95;0;160;0;
16947;5536533;1062596608;21790720;1149681664;0;0;0;0;0;0;0;0;0;0;0;3637;0;0;95;0;160;0;
16948;3883163;1062596608;21790720;1149681664;0;0;0;0;0;0;0;0;0;0;0;2645;0;0;95;0;160;0;
16949;6416634;1062596608;21790720;1149681664;0;0;0;0;0;0;0;0;0;0;0;2174;0;0;95;0;160;0;
16950;3953485;1062596608;21790720;1149681664;0;0;0;0;0;0;0;0;0;0;0;3918;0;0;95;0;160;0;
16951;6041050;1062596608;21790720;1149681664;0;0;0;0;0;0;0;0;0;0;0;2215;0;0;95;0;160;0;
16952;4369224;1062596608;21790720;1149681664;0;0;0;0;0;0;0;0;0;0;0;3647;0;0;95;0;160;0;
16953;6289365;1062596608;21790720;1149681664;0;0;0;0;0;0;0;0;0;0;0;3055;0;0;95;0;160;0;
16954;6696809;1062596608;21790720;1149681664;0;0;0;0;0;0;0;0;0;0;0;2925;0;0;95;0;160;0;
16955;8620987;1062596608;21790720;1149681664;0;0;0;0;0;0;0;0;0;0;0;3557;0;0;95;0;160;0;
16956;4425199;1062596608;21790720;1149681664;0;0;0;0;0;0;0;0;0;0;0;3136;0;0;95;0;160;0;
16957;5692686;1062596608;21790720;1149681664;0;0;0;0;0;0;0;0;0;0;0;2434;0;0;95;0;160;0;
16958;5801881;1062596608;21790720;1149681664;0;0;0;0;0;0;0;0;0;0;0;2845;0;0;95;0;160;0;
16959;5671487;1062596608;21790720;1149681664;0;0;0;0;0;0;0;0;0;0;0;2204;0;0;95;0;160;0;
16960;6076476;1062596608;21790720;1149681664;0;0;0;0;0;0;0;0;0;0;0;4448;0;0;95;0;160;0;
16961;5590835;1062596608;21790720;1149681664;0;0;0;0;0;0;0;0;0;0;0;3196;0;0;95;0;160;0;
16962;7080609;1062596608;21790720;1149681664;0;0;0;0;0;0;0;0;0;0;0;3968;0;0;95;0;160;0;
16963;6810102;1062596608;21790720;1149681664;0;0;0;0;0;0;0;0;0;0;0;3407;0;0;95;0;160;0;
16964;6987374;1062596608;21790720;1149681664;0;0;0;0;0;0;0;0;0;0;0;4007;0;0;95;0;160;0;
16965;5874497;1062596608;21790720;1149681664;0;0;0;0;0;0;0;0;0;0;0;3727;0;0;95;0;160;0;
16966;7466343;1062596608;21790720;1149681664;0;0;0;0;0;0;0;0;0;0;0;3406;0;0;95;0;160;0;
16967;5065399;1062596608;21790720;1149681664;0;0;0;0;0;0;0;0;0;0;0;1954;0;0;95;0;160;0;
16968;7265185;1062596608;21790720;1149681664;0;0;0;0;0;0;0;0;0;0;0;2685;0;0;95;0;160;0;
16969;6855286;1062596608;21790720;1149681664;0;0;0;0;0;0;0;0;0;0;0;1944;0;0;95;0;160;0;
16970;4139533;1062596608;21790720;1149681664;0;0;0;0;0;0;0;0;0;0;0;3226;0;0;95;0;160;0;
16971;5671507;1062596608;21790720;1149681664;0;0;0;0;0;0;0;0;0;0;0;1954;0;0;95;0;160;0;
16972;5019543;1062596608;21790720;1149681664;0;0;0;0;0;0;0;0;0;0;0;3146;0;0;95;0;160;0;
16973;4782369;1062596608;21790720;1149681664;0;0;0;0;0;0;0;0;0;0;0;1924;0;0;95;0;160;0;
16974;6197052;1062596608;21790720;1149681664;0;0;0;0;0;0;0;0;0;0;0;2425;0;0;95;0;160;0;
16975;5701363;1062596608;21790720;1149681664;0;0;0;0;0;0;0;0;0;0;0;2084;0;0;95;0;160;0;
16976;5153856;1062596608;21790720;1149681664;0;0;0;0;0;0;0;0;0;0;0;2755;0;0;95;0;160;0;
16977;6314202;1062596608;21794816;1149685760;0;0;0;0;0;0;0;0;0;0;0;3787;0;0;95;0;160;0;
16978;5938768;1062596608;21798912;1149689856;0;0;0;0;0;0;0;0;0;0;0;2505;0;0;95;0;160;0;
16979;6132571;1062596608;21798912;1149689856;0;0;0;0;0;0;0;0;0;0;0;1703;0;0;95;0;160;0;
16980;5288438;1062596608;21798912;1149689856;0;0;0;0;0;0;0;0;0;0;0;2876;0;0;95;0;160;0;
16981;5528458;1062596608;21798912;1149689856;0;0;0;0;0;0;0;0;0;0;0;2295;0;0;95;0;160;0;
16982;5407181;1062596608;21798912;1149689856;0;0;0;0;0;0;0;0;0;0;0;3717;0;0;95;0;160;0;
16983;5440033;1062596608;21798912;1149689856;0;0;0;0;0;0;0;0;0;0;0;1713;0;0;95;0;160;0;
16984;5954397;1062621184;21790720;1149681664;0;0;0;0;0;0;0;0;0;0;0;2996;0;0;95;0;160;0;
16985;6238439;1062621184;21790720;1149681664;0;0;0;0;0;0;0;0;0;0;0;2695;0;0;95;0;160;0;
16986;6401696;1062621184;21790720;1149681664;0;0;0;0;0;0;0;0;0;0;0;3868;0;0;95;0;160;0;
16987;7160488;1062621184;21790720;1149681664;0;0;0;0;0;0;0;0;0;0;0;4138;0;0;95;0;160;0;
16988;5899644;1062621184;21790720;1149681664;0;0;0;0;0;0;0;0;0;0;0;3306;0;0;95;0;160;0;
16989;7662761;1062621184;21790720;1149681664;0;0;0;0;0;0;0;0;0;0;0;3386;0;0;95;0;160;0;
16990;4682712;1062621184;21790720;1149681664;0;0;0;0;0;0;0;0;0;0;0;4338;0;0;95;0;160;0;
16991;7610202;1062621184;21790720;1149681664;0;0;0;0;0;0;0;0;0;0;0;4118;0;0;95;0;160;0;
16992;6998044;1062621184;21790720;1149681664;0;0;0;0;0;0;0;0;0;0;0;2926;0;0;95;0;160;0;
16993;7555549;1062621184;21790720;1149681664;0;0;0;0;0;0;0;0;0;0;0;2986;0;0;95;0;160;0;
16994;4444575;1062621184;21790720;1149681664;0;0;0;0;0;0;0;0;0;0;0;4058;0;0;95;0;160;0;
16995;7718425;1062621184;21790720;1149681664;0;0;0;0;0;0;0;0;0;0;0;3807;0;0;95;0;160;0;
16996;5358800;1062621184;21790720;1149681664;0;0;0;0;0;0;0;0;0;0;0;4859;0;0;95;0;160;0;
16997;7141353;1062621184;21790720;1149681664;0;0;0;0;0;0;0;0;0;0;0;3236;0;0;95;0;160;0;
16998;4280628;1062621184;21790720;1149681664;0;0;0;0;0;0;0;0;0;0;0;3537;0;0;95;0;160;0;
16999;6905030;1062621184;21790720;1149681664;0;0;0;0;0;0;0;0;0;0;0;3106;0;0;95;0;160;0;
17000;5473324;1062621184;21790720;1149681664;0;0;0;0;0;0;0;0;0;0;0;5490;0;0;95;0;160;0;
17001;8337546;1062621184;21790720;1149681664;0;0;0;0;0;0;0;0;0;0;0;3867;0;0;95;0;160;0;
17002;7712865;1062621184;21790720;1149681664;0;0;0;0;0;0;0;0;0;0;0;3446;0;0;95;0;160;0;
17003;7403725;1062621184;21790720;1149681664;0;0;0;0;0;0;0;0;0;0;0;2594;0;0;95;0;160;0;
17004;6599867;1062621184;21790720;1149681664;0;0;0;0;0;0;0;0;0;0;0;2996;0;0;95;0;160;0;
17005;6842102;1062621184;21790720;1149681664;0;0;0;0;0;0;0;0;0;0;0;3577;0;0;95;0;160;0;
17006;6846740;1062621184;21790720;1149681664;0;0;0;0;0;0;0;0;0;0;0;3076;0;0;95;0;160;0;
17007;6183617;1062621184;21790720;1149681664;0;0;0;0;0;0;0;0;0;0;0;3867;0;0;95;0;160;0;
17008;5334635;1062621184;21790720;1149681664;0;0;0;0;0;0;0;0;0;0;0;3617;0;0;95;0;160;0;
17009;8048023;1062621184;21790720;1149681664;0;0;0;0;0;0;0;0;0;0;0;3376;0;0;95;0;160;0;
17010;6973969;1062621184;21790720;1149681664;0;0;0;0;0;0;0;0;0;0;0;3357;0;0;95;0;160;0;
17011;7123549;1062621184;21790720;1149681664;0;0;0;0;0;0;0;0;0;0;0;3847;0;0;95;0;160;0;
17012;7058037;1062621184;21790720;1149681664;0;0;0;0;0;0;0;0;0;0;0;3496;0;0;95;0;160;0;
17013;5114662;1062621184;21790720;1149681664;0;0;0;0;0;0;0;0;0;0;0;2344;0;0;95;0;160;0;
17014;5962693;1062621184;21790720;1149681664;0;0;0;0;0;0;0;0;0;0;0;3536;0;0;95;0;160;0;
17015;4975571;1062621184;21790720;1149681664;0;0;0;0;0;0;0;0;0;0;0;1933;0;0;95;0;160;0;
17016;7282127;1062621184;21790720;1149681664;0;0;0;0;0;0;0;0;0;0;0;2926;0;0;95;0;160;0;
17017;7328303;1062621184;21790720;1149681664;0;0;0;0;0;0;0;0;0;0;0;3927;0;0;95;0;160;0;
17018;5665255;1062621184;21790720;1149681664;0;0;0;0;0;0;0;0;0;0;0;3106;0;0;95;0;160;0;
17019;7570047;1062621184;21790720;1149681664;0;0;0;0;0;0;0;0;0;0;0;3617;0;0;95;0;160;0;
17020;4983145;1062621184;21790720;1149681664;0;0;0;0;0;0;0;0;0;0;0;3667;0;0;95;0;160;0;
17021;5776594;1062621184;21790720;1149681664;0;0;0;0;0;0;0;0;0;0;0;1834;0;0;95;0;160;0;
17022;6247145;1062621184;21790720;1149681664;0;0;0;0;0;0;0;0;0;0;0;4268;0;0;95;0;160;0;
17023;6820341;1062621184;21790720;1149681664;0;0;0;0;0;0;0;0;0;0;0;4238;0;0;95;0;160;0;
17024;7932056;1062621184;21790720;1149681664;0;0;0;0;0;0;0;0;0;0;0;5510;0;0;95;0;160;0;
17025;8065476;1062621184;21790720;1149681664;0;0;0;0;0;0;0;0;0;0;0;3957;0;0;95;0;160;0;
17026;8497456;1062621184;21790720;1149681664;0;0;0;0;0;0;0;0;0;0;0;3777;0;0;95;0;160;0;
17027;9868167;1062621184;21790720;1149681664;0;0;0;0;0;0;0;0;0;0;0;4148;0;0;95;0;160;0;
17028;8416314;1062621184;21790720;1149681664;0;0;0;0;0;0;0;0;0;0;0;3076;0;0;95;0;160;0;
17029;9291936;1062621184;21790720;1149681664;0;0;0;0;0;0;0;0;0;0;0;3677;0;0;95;0;160;0;
17030;7728704;1062621184;21790720;1149681664;0;0;0;0;0;0;0;0;0;0;0;4890;0;0;95;0;160;0;
17031;7882613;1062621184;21790720;1149681664;0;0;0;0;0;0;0;0;0;0;0;3477;0;0;95;0;160;0;
17032;8609786;1062621184;21790720;1149681664;0;0;0;0;0;0;0;0;0;0;0;3567;0;0;95;0;160;0;
17033;6308861;1062621184;21790720;1149681664;0;0;0;0;0;0;0;0;0;0;0;3997;0;0;95;0;160;0;
17034;6648268;1062621184;21790720;1149681664;0;0;0;0;0;0;0;0;0;0;0;4628;0;0;95;0;160;0;
17035;6624854;1062621184;21790720;1149681664;0;0;0;0;0;0;0;0;0;0;0;2906;0;0;95;0;160;0;
17036;5269432;1062621184;21790720;1149681664;0;0;0;0;0;0;0;0;0;0;0;3346;0;0;95;0;160;0;
17037;6888057;1062621184;21790720;1149681664;0;0;0;0;0;0;0;0;0;0;0;2896;0;0;95;0;160;0;
17038;7228306;1062621184;21790720;1149681664;0;0;0;0;0;0;0;0;0;0;0;4008;0;0;95;0;160;0;
17039;8563209;1062621184;21790720;1149681664;0;0;0;0;0;0;0;0;0;0;0;4718;0;0;95;0;160;0;
17040;7488714;1062621184;21790720;1149681664;0;0;0;0;0;0;0;0;0;0;0;3787;0;0;95;0;160;0;
17041;9543758;1062621184;21790720;1149681664;0;0;0;0;0;0;0;0;0;0;0;5260;0;0;95;0;160;0;
17042;5239747;1062621184;21790720;1149681664;0;0;0;0;0;0;0;0;0;0;0;3747;0;0;95;0;160;0;
17043;6947920;1062621184;21790720;1149681664;0;0;0;0;0;0;0;0;0;0;0;2545;0;0;95;0;160;0;
17044;6375567;1062621184;21790720;1149681664;0;0;0;0;0;0;0;0;0;0;0;3146;0;0;95;0;160;0;
17045;6248508;1062621184;21790720;1149681664;0;0;0;0;0;0;0;0;0;0;0;2865;0;0;95;0;160;0;
17046;7560609;1062621184;21790720;1149681664;0;0;0;0;0;0;0;0;0;0;0;4097;0;0;95;0;160;0;
17047;6042432;1062621184;21790720;1149681664;0;0;0;0;0;0;0;0;0;0;0;2355;0;0;95;0;160;0;
17048;7930172;1062621184;21790720;1149681664;0;0;0;0;0;0;0;0;0;0;0;3036;0;0;95;0;160;0;
17049;7439442;1062621184;21790720;1149681664;0;0;0;0;0;0;0;0;0;0;0;2445;0;0;95;0;160;0;
17050;5244615;1062621184;21790720;1149681664;0;0;0;0;0;0;0;0;0;0;0;3567;0;0;95;0;160;0;
17051;6936289;1062621184;21794816;1149685760;0;0;0;0;0;0;0;0;0;0;0;4749;0;0;95;0;160;0;
17052;6930127;1062621184;21798912;1149689856;0;0;0;0;0;0;0;0;0;0;0;4559;0;0;95;0;160;0;
17053;7710330;1062621184;21798912;1149689856;0;0;0;0;0;0;0;0;0;0;0;62968;0;0;95;0;160;0;
17054;6675409;1062621184;21798912;1149689856;0;0;0;0;0;0;0;0;0;0;0;4107;0;0;95;0;160;0;
17055;7550841;1062621184;21798912;1149689856;0;0;0;0;0;0;0;0;0;0;0;3857;0;0;95;0;160;0;
17056;7358460;1062621184;21798912;1149689856;0;0;0;0;0;0;0;0;0;0;0;3066;0;0;95;0;160;0;
17057;7838280;1062621184;21798912;1149689856;0;0;0;0;0;0;0;0;0;0;0;3987;0;0;95;0;160;0;
17058;6675329;1062645760;21790720;1149681664;0;0;0;0;0;0;0;0;0;0;0;3606;0;0;95;0;160;0;
17059;6728078;1062645760;21790720;1149681664;0;0;0;0;0;0;0;0;0;0;0;3857;0;0;95;0;160;0;
17060;5903591;1062645760;21790720;1149681664;0;0;0;0;0;0;0;0;0;0;0;3997;0;0;95;0;160;0;
17061;7539820;1062645760;21790720;1149681664;0;0;0;0;0;0;0;0;0;0;0;3577;0;0;95;0;160;0;
17062;4669707;1062645760;21790720;1149681664;0;0;0;0;0;0;0;0;0;0;0;3016;0;0;95;0;160;0;
17063;7413944;1062645760;21790720;1149681664;0;0;0;0;0;0;0;0;0;0;0;3406;0;0;95;0;160;0;
17064;8514999;1062645760;21790720;1149681664;0;0;0;0;0;0;0;0;0;0;0;3246;0;0;95;0;160;0;
17065;7200253;1062645760;21790720;1149681664;0;0;0;0;0;0;0;0;0;0;0;2876;0;0;95;0;160;0;
17066;4769545;1062645760;21790720;1149681664;0;0;0;0;0;0;0;0;0;0;0;2906;0;0;95;0;160;0;
17067;8014961;1062645760;21790720;1149681664;0;0;0;0;0;0;0;0;0;0;0;1943;0;0;95;0;160;0;
17068;10519898;1062645760;21790720;1149681664;0;0;0;0;0;0;0;0;0;0;0;2846;0;0;95;0;160;0;
17069;6134335;1062645760;21790720;1149681664;0;0;0;0;0;0;0;0;0;0;0;3276;0;0;95;0;160;0;
17070;6041280;1062645760;21790720;1149681664;0;0;0;0;0;0;0;0;0;0;0;3056;0;0;95;0;160;0;
17071;7240298;1062645760;21790720;1149681664;0;0;0;0;0;0;0;0;0;0;0;2064;0;0;95;0;160;0;
17072;6426051;1062645760;21790720;1149681664;0;0;0;0;0;0;0;0;0;0;0;3907;0;0;95;0;160;0;
17073;7449320;1062645760;21790720;1149681664;0;0;0;0;0;0;0;0;0;0;0;2805;0;0;95;0;160;0;
17074;4477827;1062645760;21790720;1149681664;0;0;0;0;0;0;0;0;0;0;0;3978;0;0;95;0;160;0;
17075;7578492;1062645760;21790720;1149681664;0;0;0;0;0;0;0;0;0;0;0;3807;0;0;95;0;160;0;
17076;4657093;1062645760;21790720;1149681664;0;0;0;0;0;0;0;0;0;0;0;3837;0;0;95;0;160;0;
17077;7726520;1062645760;21790720;1149681664;0;0;0;0;0;0;0;0;0;0;0;4429;0;0;95;0;160;0;
17078;5216002;1062645760;21790720;1149681664;0;0;0;0;0;0;0;0;0;0;0;2755;0;0;95;0;160;0;
17079;8760780;1062645760;21790720;1149681664;0;0;0;0;0;0;0;0;0;0;0;3818;0;0;95;0;160;0;
17080;6102184;1062645760;21790720;1149681664;0;0;0;0;0;0;0;0;0;0;0;4188;0;0;95;0;160;0;
17081;6085823;1062645760;21790720;1149681664;0;0;0;0;0;0;0;0;0;0;0;2925;0;0;95;0;160;0;
17082;4417865;1062645760;21790720;1149681664;0;0;0;0;0;0;0;0;0;0;0;3076;0;0;95;0;160;0;
17083;8045929;1062645760;21790720;1149681664;0;0;0;0;0;0;0;0;0;0;0;2935;0;0;95;0;160;0;
17084;5034231;1062645760;21790720;1149681664;0;0;0;0;0;0;0;0;0;0;0;3306;0;0;95;0;160;0;
17085;6915399;1062645760;21790720;1149681664;0;0;0;0;0;0;0;0;0;0;0;2494;0;0;95;0;160;0;
17086;4609184;1062645760;21790720;1149681664;0;0;0;0;0;0;0;0;0;0;0;2915;0;0;95;0;160;0;
17087;6708020;1062645760;21790720;1149681664;0;0;0;0;0;0;0;0;0;0;0;2004;0;0;95;0;160;0;
17088;5764721;1062645760;21790720;1149681664;0;0;0;0;0;0;0;0;0;0;0;4608;0;0;95;0;160;0;
17089;4947037;1062645760;21790720;1149681664;0;0;0;0;0;0;0;0;0;0;0;3186;0;0;95;0;160;0;
17090;7015336;1062645760;21790720;1149681664;0;0;0;0;0;0;0;0;0;0;0;3567;0;0;95;0;160;0;
17091;5403764;1062645760;21790720;1149681664;0;0;0;0;0;0;0;0;0;0;0;2835;0;0;95;0;160;0;
17092;4453662;1062645760;21790720;1149681664;0;0;0;0;0;0;0;0;0;0;0;34455;0;0;95;0;160;0;
17093;6077448;1062645760;21790720;1149681664;0;0;0;0;0;0;0;0;0;0;0;2625;0;0;95;0;160;0;
17094;6391447;1062645760;21790720;1149681664;0;0;0;0;0;0;0;0;0;0;0;3376;0;0;95;0;160;0;
17095;4725532;1062645760;21790720;1149681664;0;0;0;0;0;0;0;0;0;0;0;2806;0;0;95;0;160;0;
17096;4409449;1062645760;21790720;1149681664;0;0;0;0;0;0;0;0;0;0;0;3487;0;0;95;0;160;0;
17097;7939570;1062645760;21790720;1149681664;0;0;0;0;0;0;0;0;0;0;0;2274;0;0;95;0;160;0;
17098;3179042;1062645760;21790720;1149681664;0;0;0;0;0;0;0;0;0;0;0;3176;0;0;95;0;160;0;
17099;6981032;1062645760;21790720;1149681664;0;0;0;0;0;0;0;0;0;0;0;2765;0;0;95;0;160;0;
17100;5005046;1062645760;21790720;1149681664;0;0;0;0;0;0;0;0;0;0;0;4088;0;0;95;0;160;0;
17101;7570738;1062645760;21790720;1149681664;0;0;0;0;0;0;0;0;0;0;0;2846;0;0;95;0;160;0;
17102;5353169;1062645760;21790720;1149681664;0;0;0;0;0;0;0;0;0;0;0;3637;0;0;95;0;160;0;
17103;6677433;1062645760;21790720;1149681664;0;0;0;0;0;0;0;0;0;0;0;2805;0;0;95;0;160;0;
17104;6257656;1062645760;21790720;1149681664;0;0;0;0;0;0;0;0;0;0;0;3266;0;0;95;0;160;0;
17105;6842582;1062645760;21790720;1149681664;0;0;0;0;0;0;0;0;0;0;0;2295;0;0;95;0;160;0;
17106;5234156;1062645760;21790720;1149681664;0;0;0;0;0;0;0;0;0;0;0;3527;0;0;95;0;160;0;
17107;7450372;1062645760;21790720;1149681664;0;0;0;0;0;0;0;0;0;0;0;3446;0;0;95;0;160;0;
17108;6344007;1062645760;21790720;1149681664;0;0;0;0;0;0;0;0;0;0;0;2645;0;0;95;0;160;0;
17109;6132571;1062645760;21790720;1149681664;0;0;0;0;0;0;0;0;0;0;0;2514;0;0;95;0;160;0;
17110;4643268;1062645760;21790720;1149681664;0;0;0;0;0;0;0;0;0;0;0;2725;0;0;95;0;160;0;
17111;7068636;1062645760;21790720;1149681664;0;0;0;0;0;0;0;0;0;0;0;2706;0;0;95;0;160;0;
17112;6678535;1062645760;21790720;1149681664;0;0;0;0;0;0;0;0;0;0;0;3817;0;0;95;0;160;0;
17113;6650853;1062645760;21790720;1149681664;0;0;0;0;0;0;0;0;0;0;0;2855;0;0;95;0;160;0;
17114;6978557;1062645760;21790720;1149681664;0;0;0;0;0;0;0;0;0;0;0;3146;0;0;95;0;160;0;
17115;6278304;1062645760;21790720;1149681664;0;0;0;0;0;0;0;0;0;0;0;3657;0;0;95;0;160;0;
17116;6554342;1062645760;21790720;1149681664;0;0;0;0;0;0;0;0;0;0;0;3958;0;0;95;0;160;0;
17117;6140837;1062645760;21790720;1149681664;0;0;0;0;0;0;0;0;0;0;0;2565;0;0;95;0;160;0;
17118;7264003;1062645760;21790720;1149681664;0;0;0;0;0;0;0;0;0;0;0;3717;0;0;95;0;160;0;
17119;6794883;1062645760;21790720;1149681664;0;0;0;0;0;0;0;0;0;0;0;3266;0;0;95;0;160;0;
17120;6438725;1062645760;21790720;1149681664;0;0;0;0;0;0;0;0;0;0;0;4077;0;0;95;0;160;0;
17121;8912575;1062645760;21790720;1149681664;0;0;0;0;0;0;0;0;0;0;0;3547;0;0;95;0;160;0;
17122;5333382;1062645760;21790720;1149681664;0;0;0;0;0;0;0;0;0;0;0;4098;0;0;95;0;160;0;
17123;6525778;1062645760;21790720;1149681664;0;0;0;0;0;0;0;0;0;0;0;3637;0;0;95;0;160;0;
17124;5403714;1062645760;21790720;1149681664;0;0;0;0;0;0;0;0;0;0;0;2785;0;0;95;0;160;0;
17125;7933699;1062645760;21790720;1149681664;0;0;0;0;0;0;0;0;0;0;0;3056;0;0;95;0;160;0;
17126;6714342;1062645760;21790720;1149681664;0;0;0;0;0;0;0;0;0;0;0;4168;0;0;95;0;160;0;
17127;7454160;1062645760;21790720;1149681664;0;0;0;0;0;0;0;0;0;0;0;3266;0;0;95;0;160;0;
17128;5898221;1062645760;21790720;1149681664;0;0;0;0;0;0;0;0;0;0;0;4068;0;0;95;0;160;0;
17129;6894359;1062645760;21790720;1149681664;0;0;0;0;0;0;0;0;0;0;0;2715;0;0;95;0;160;0;
17130;6315154;1062645760;21790720;1149681664;0;0;0;0;0;0;0;0;0;0;0;3406;0;0;95;0;160;0;
17131;5783947;1062645760;21790720;1149681664;0;0;0;0;0;0;0;0;0;0;0;2104;0;0;95;0;160;0;
17132;4312768;1062645760;21790720;1149681664;0;0;0;0;0;0;0;0;0;0;0;3126;0;0;95;0;160;0;
17133;6572837;1062645760;21790720;1149681664;0;0;0;0;0;0;0;0;0;0;0;2274;0;0;95;0;160;0;
17134;7532957;1062645760;21790720;1149681664;0;0;0;0;0;0;0;0;0;0;0;3847;0;0;95;0;160;0;
17135;8180973;1062645760;21790720;1149681664;0;0;0;0;0;0;0;0;0;0;0;3106;0;0;95;0;160;0;
17136;6196391;1062645760;21790720;1149681664;0;0;0;0;0;0;0;0;0;0;0;2996;0;0;95;0;160;0;
17137;8133754;1062645760;21790720;1149681664;0;0;0;0;0;0;0;0;0;0;0;3497;0;0;95;0;160;0;
17138;5912989;1062645760;21790720;1149681664;0;0;0;0;0;0;0;0;0;0;0;3747;0;0;95;0;160;0;
17139;6740791;1062645760;21790720;1149681664;0;0;0;0;0;0;0;0;0;0;0;2344;0;0;95;0;160;0;
17140;5193871;1062645760;21790720;1149681664;0;0;0;0;0;0;0;0;0;0;0;4098;0;0;95;0;160;0;
17141;6372491;1062645760;21790720;1149681664;0;0;0;0;0;0;0;0;0;0;0;2755;0;0;95;0;160;0;
17142;7114482;1062645760;21790720;1149681664;0;0;0;0;0;0;0;0;0;0;0;3717;0;0;95;0;160;0;
17143;7710891;1062645760;21790720;1149681664;0;0;0;0;0;0;0;0;0;0;0;3096;0;0;95;0;160;0;
17144;5786532;1062645760;21790720;1149681664;0;0;0;0;0;0;0;0;0;0;0;3647;0;0;95;0;160;0;
17145;7164937;1062645760;21790720;1149681664;0;0;0;0;0;0;0;0;0;0;0;3096;0;0;95;0;160;0;
17146;5751306;1062645760;21790720;1149681664;0;0;0;0;0;0;0;0;0;0;0;3016;0;0;95;0;160;0;
17147;7630300;1062645760;21790720;1149681664;0;0;0;0;0;0;0;0;0;0;0;185358;0;0;95;0;160;0;
17148;4247846;1062645760;21790720;1149681664;0;0;0;0;0;0;0;0;0;0;0;2966;0;0;95;0;160;0;
17149;6037663;1062645760;21790720;1149681664;0;0;0;0;0;0;0;0;0;0;0;2905;0;0;95;0;160;0;
17150;5367967;1062645760;21790720;1149681664;0;0;0;0;0;0;0;0;0;0;0;3657;0;0;95;0;160;0;
17151;7050052;1062645760;21790720;1149681664;0;0;0;0;0;0;0;0;0;0;0;2835;0;0;95;0;160;0;
17152;6188957;1062645760;21790720;1149681664;0;0;0;0;0;0;0;0;0;0;0;85460;0;0;95;0;160;0;
17153;5828080;1062645760;21790720;1149681664;0;0;0;0;0;0;0;0;0;0;0;2224;0;0;95;0;160;0;
17154;4851819;1062645760;21790720;1149681664;0;0;0;0;0;0;0;0;0;0;0;3256;0;0;95;0;160;0;
17155;7161170;1062645760;21790720;1149681664;0;0;0;0;0;0;0;0;0;0;0;2294;0;0;95;0;160;0;
17156;4961415;1062645760;21790720;1149681664;0;0;0;0;0;0;0;0;0;0;0;2886;0;0;95;0;160;0;
17157;7746377;1062645760;21790720;1149681664;0;0;0;0;0;0;0;0;0;0;0;3166;0;0;95;0;160;0;
17158;5240107;1062645760;21790720;1149681664;0;0;0;0;0;0;0;0;0;0;0;3076;0;0;95;0;160;0;
17159;7910135;1062645760;21790720;1149681664;0;0;0;0;0;0;0;0;0;0;0;2975;0;0;95;0;160;0;
17160;5180495;1062645760;21790720;1149681664;0;0;0;0;0;0;0;0;0;0;0;3376;0;0;95;0;160;0;
17161;6570643;1062645760;21790720;1149681664;0;0;0;0;0;0;0;0;0;0;0;4198;0;0;95;0;160;0;
17162;6302850;1062645760;21790720;1149681664;0;0;0;0;0;0;0;0;0;0;0;3276;0;0;95;0;160;0;
17163;6631967;1062645760;21790720;1149681664;0;0;0;0;0;0;0;0;0;0;0;2745;0;0;95;0;160;0;
17164;7554527;1062645760;21790720;1149681664;0;0;0;0;0;0;0;0;0;0;0;3336;0;0;95;0;160;0;
17165;6607902;1062645760;21790720;1149681664;0;0;0;0;0;0;0;0;0;0;0;3557;0;0;95;0;160;0;
17166;5793245;1062645760;21790720;1149681664;0;0;0;0;0;0;0;0;0;0;0;3015;0;0;95;0;160;0;
17167;8934826;1062645760;21790720;1149681664;0;0;0;0;0;0;0;0;0;0;0;3306;0;0;95;0;160;0;
17168;6413197;1062645760;21790720;1149681664;0;0;0;0;0;0;0;0;0;0;0;3868;0;0;95;0;160;0;
17169;7929961;1062645760;21790720;1149681664;0;0;0;0;0;0;0;0;0;0;0;3797;0;0;95;0;160;0;
17170;5802321;1062645760;21790720;1149681664;0;0;0;0;0;0;0;0;0;0;0;2915;0;0;95;0;160;0;
17171;6667895;1062645760;21790720;1149681664;0;0;0;0;0;0;0;0;0;0;0;2715;0;0;95;0;160;0;
17172;5702554;1062645760;21790720;1149681664;0;0;0;0;0;0;0;0;0;0;0;2956;0;0;95;0;160;0;
17173;5795729;1062645760;21790720;1149681664;0;0;0;0;0;0;0;0;0;0;0;2204;0;0;95;0;160;0;
17174;4883027;1062645760;21790720;1149681664;0;0;0;0;0;0;0;0;0;0;0;2695;0;0;95;0;160;0;
17175;6308321;1062645760;21790720;1149681664;0;0;0;0;0;0;0;0;0;0;0;3036;0;0;95;0;160;0;
17176;3738631;1062645760;21790720;1149681664;0;0;0;0;0;0;0;0;0;0;0;2625;0;0;95;0;160;0;
17177;6183386;1062645760;21790720;1149681664;0;0;0;0;0;0;0;0;0;0;0;1893;0;0;95;0;160;0;
17178;4897445;1062645760;21790720;1149681664;0;0;0;0;0;0;0;0;0;0;0;3246;0;0;95;0;160;0;
17179;7276346;1062645760;21790720;1149681664;0;0;0;0;0;0;0;0;0;0;0;2154;0;0;95;0;160;0;
17180;6425721;1062645760;21790720;1149681664;0;0;0;0;0;0;0;0;0;0;0;3516;0;0;95;0;160;0;
17181;7550750;1062645760;21790720;1149681664;0;0;0;0;0;0;0;0;0;0;0;3136;0;0;95;0;160;0;
17182;4346822;1062645760;21790720;1149681664;0;0;0;0;0;0;0;0;0;0;0;3527;0;0;95;0;160;0;
17183;7474528;1062645760;21790720;1149681664;0;0;0;0;0;0;0;0;0;0;0;3326;0;0;95;0;160;0;
17184;3962241;1062645760;21790720;1149681664;0;0;0;0;0;0;0;0;0;0;0;3517;0;0;95;0;160;0;
17185;6656333;1062645760;21790720;1149681664;0;0;0;0;0;0;0;0;0;0;0;3597;0;0;95;0;160;0;
17186;3783496;1062645760;21790720;1149681664;0;0;0;0;0;0;0;0;0;0;0;3035;0;0;95;0;160;0;
17187;6513836;1062645760;21790720;1149681664;0;0;0;0;0;0;0;0;0;0;0;2335;0;0;95;0;160;0;
17188;4659598;1062645760;21790720;1149681664;0;0;0;0;0;0;0;0;0;0;0;3176;0;0;95;0;160;0;
17189;7917148;1062645760;21790720;1149681664;0;0;0;0;0;0;0;0;0;0;0;3687;0;0;95;0;160;0;
17190;4180119;1062645760;21790720;1149681664;0;0;0;0;0;0;0;0;0;0;0;3607;0;0;95;0;160;0;
17191;7385731;1062645760;21790720;1149681664;0;0;0;0;0;0;0;0;0;0;0;3036;0;0;95;0;160;0;
17192;8066167;1062645760;21790720;1149681664;0;0;0;0;0;0;0;0;0;0;0;3757;0;0;95;0;160;0;
17193;6284676;1062645760;21790720;1149681664;0;0;0;0;0;0;0;0;0;0;0;2504;0;0;95;0;160;0;
17194;6816924;1062645760;21790720;1149681664;0;0;0;0;0;0;0;0;0;0;0;3026;0;0;95;0;160;0;
17195;7790590;1062645760;21790720;1149681664;0;0;0;0;0;0;0;0;0;0;0;3537;0;0;95;0;160;0;
17196;5378156;1062645760;21790720;1149681664;0;0;0;0;0;0;0;0;0;0;0;3045;0;0;95;0;160;0;
17197;6501914;1062645760;21790720;1149681664;0;0;0;0;0;0;0;0;0;0;0;2545;0;0;95;0;160;0;
17198;4661903;1062645760;21790720;1149681664;0;0;0;0;0;0;0;0;0;0;0;4127;0;0;95;0;160;0;
17199;7814134;1062645760;21790720;1149681664;0;0;0;0;0;0;0;0;0;0;0;2595;0;0;95;0;160;0;
17200;6352022;1062645760;21790720;1149681664;0;0;0;0;0;0;0;0;0;0;0;2836;0;0;95;0;160;0;
17201;8443756;1062645760;21790720;1149681664;0;0;0;0;0;0;0;0;0;0;0;3276;0;0;95;0;160;0;
17202;5314176;1062645760;21790720;1149681664;0;0;0;0;0;0;0;0;0;0;0;2995;0;0;95;0;160;0;
17203;7106948;1062645760;21790720;1149681664;0;0;0;0;0;0;0;0;0;0;0;3386;0;0;95;0;160;0;
17204;7582991;1062645760;21790720;1149681664;0;0;0;0;0;0;0;0;0;0;0;3296;0;0;95;0;160;0;
17205;8867640;1062645760;21790720;1149681664;0;0;0;0;0;0;0;0;0;0;0;3146;0;0;95;0;160;0;
17206;6379144;1062645760;21790720;1149681664;0;0;0;0;0;0;0;0;0;0;0;3476;0;0;95;0;160;0;
17207;8039387;1062645760;21794816;1149685760;0;0;0;0;0;0;0;0;0;0;0;2454;0;0;95;0;160;0;
17208;6399562;1062645760;21798912;1149689856;0;0;0;0;0;0;0;0;0;0;0;3456;0;0;95;0;160;0;
17209;6477969;1062645760;21798912;1149689856;0;0;0;0;0;0;0;0;0;0;0;2925;0;0;95;0;160;0;
17210;5892801;1062645760;21798912;1149689856;0;0;0;0;0;0;0;0;0;0;0;2996;0;0;95;0;160;0;
17211;5722753;1062645760;21798912;1149689856;0;0;0;0;0;0;0;0;0;0;0;3006;0;0;95;0;160;0;
17212;5525402;1062645760;21798912;1149689856;0;0;0;0;0;0;0;0;0;0;0;3025;0;0;95;0;160;0;
17213;6130487;1062645760;21798912;1149689856;0;0;0;0;0;0;0;0;0;0;0;2645;0;0;95;0;160;0;
17214;5928578;1062703104;21790720;1149681664;0;0;0;0;0;0;0;0;0;0;0;3146;0;0;95;0;160;0;
17215;7154207;1062703104;21790720;1149681664;0;0;0;0;0;0;0;0;0;0;0;2564;0;0;95;0;160;0;
17216;6128082;1062703104;21790720;1149681664;0;0;0;0;0;0;0;0;0;0;0;2785;0;0;95;0;160;0;
17217;7189033;1062703104;21790720;1149681664;0;0;0;0;0;0;0;0;0;0;0;3346;0;0;95;0;160;0;
17218;4095110;1062703104;21790720;1149681664;0;0;0;0;0;0;0;0;0;0;0;3537;0;0;95;0;160;0;
17219;8717739;1062703104;21790720;1149681664;0;0;0;0;0;0;0;0;0;0;0;4128;0;0;95;0;160;0;
17220;4303882;1062703104;21790720;1149681664;0;0;0;0;0;0;0;0;0;0;0;3256;0;0;95;0;160;0;
17221;7978482;1062703104;21790720;1149681664;0;0;0;0;0;0;0;0;0;0;0;3707;0;0;95;0;160;0;
17222;4827864;1062703104;21790720;1149681664;0;0;0;0;0;0;0;0;0;0;0;3757;0;0;95;0;160;0;
17223;10517915;1062703104;21790720;1149681664;0;0;0;0;0;0;0;0;0;0;0;3496;0;0;95;0;160;0;
17224;10212723;1062703104;21790720;1149681664;0;0;0;0;0;0;0;0;0;0;0;3556;0;0;95;0;160;0;
17225;6552308;1062703104;21790720;1149681664;0;0;0;0;0;0;0;0;0;0;0;2665;0;0;95;0;160;0;
17226;5115203;1062703104;21790720;1149681664;0;0;0;0;0;0;0;0;0;0;0;3417;0;0;95;0;160;0;
17227;7423181;1062703104;21790720;1149681664;0;0;0;0;0;0;0;0;0;0;0;3216;0;0;95;0;160;0;
17228;6206039;1062703104;21790720;1149681664;0;0;0;0;0;0;0;0;0;0;0;3016;0;0;95;0;160;0;
17229;6950355;1062703104;21790720;1149681664;0;0;0;0;0;0;0;0;0;0;0;3386;0;0;95;0;160;0;
17230;5900356;1062703104;21790720;1149681664;0;0;0;0;0;0;0;0;0;0;0;3206;0;0;95;0;160;0;
17231;5521174;1062703104;21790720;1149681664;0;0;0;0;0;0;0;0;0;0;0;3226;0;0;95;0;160;0;
17232;4505609;1062703104;21790720;1149681664;0;0;0;0;0;0;0;0;0;0;0;3026;0;0;95;0;160;0;
17233;5292426;1062703104;21790720;1149681664;0;0;0;0;0;0;0;0;0;0;0;1914;0;0;95;0;160;0;
17234;5683659;1062703104;21790720;1149681664;0;0;0;0;0;0;0;0;0;0;0;2785;0;0;95;0;160;0;
17235;6515209;1062703104;21790720;1149681664;0;0;0;0;0;0;0;0;0;0;0;2164;0;0;95;0;160;0;
17236;4644901;1062703104;21790720;1149681664;0;0;0;0;0;0;0;0;0;0;0;3056;0;0;95;0;160;0;
17237;7121776;1062703104;21790720;1149681664;0;0;0;0;0;0;0;0;0;0;0;3868;0;0;95;0;160;0;
17238;3886830;1062703104;21790720;1149681664;0;0;0;0;0;0;0;0;0;0;0;3366;0;0;95;0;160;0;
17239;7779439;1062703104;21790720;1149681664;0;0;0;0;0;0;0;0;0;0;0;2766;0;0;95;0;160;0;
17240;6576724;1062703104;21790720;1149681664;0;0;0;0;0;0;0;0;0;0;0;4248;0;0;95;0;160;0;
17241;7710510;1062703104;21790720;1149681664;0;0;0;0;0;0;0;0;0;0;0;3176;0;0;95;0;160;0;
17242;5800418;1062703104;21790720;1149681664;0;0;0;0;0;0;0;0;0;0;0;2905;0;0;95;0;160;0;
17243;6842091;1062703104;21790720;1149681664;0;0;0;0;0;0;0;0;0;0;0;3837;0;0;95;0;160;0;
17244;5715589;1062703104;21790720;1149681664;0;0;0;0;0;0;0;0;0;0;0;3597;0;0;95;0;160;0;
17245;8386578;1062703104;21790720;1149681664;0;0;0;0;0;0;0;0;0;0;0;3006;0;0;95;0;160;0;
17246;5889275;1062703104;21790720;1149681664;0;0;0;0;0;0;0;0;0;0;0;2995;0;0;95;0;160;0;
17247;6893007;1062703104;21790720;1149681664;0;0;0;0;0;0;0;0;0;0;0;3998;0;0;95;0;160;0;
17248;3942333;1062703104;21790720;1149681664;0;0;0;0;0;0;0;0;0;0;0;3216;0;0;95;0;160;0;
17249;6983587;1062703104;21790720;1149681664;0;0;0;0;0;0;0;0;0;0;0;3226;0;0;95;0;160;0;
17250;7216975;1062703104;21790720;1149681664;0;0;0;0;0;0;0;0;0;0;0;4268;0;0;95;0;160;0;
17251;7374450;1062703104;21790720;1149681664;0;0;0;0;0;0;0;0;0;0;0;4478;0;0;95;0;160;0;
17252;6988947;1062703104;21790720;1149681664;0;0;0;0;0;0;0;0;0;0;0;3206;0;0;95;0;160;0;
17253;5994392;1062703104;21790720;1149681664;0;0;0;0;0;0;0;0;0;0;0;2455;0;0;95;0;160;0;
17254;6435789;1062703104;21790720;1149681664;0;0;0;0;0;0;0;0;0;0;0;2976;0;0;95;0;160;0;
17255;8450648;1062703104;21790720;1149681664;0;0;0;0;0;0;0;0;0;0;0;3376;0;0;95;0;160;0;
17256;4058021;1062703104;21790720;1149681664;0;0;0;0;0;0;0;0;0;0;0;4168;0;0;95;0;160;0;
17257;7707484;1062703104;21790720;1149681664;0;0;0;0;0;0;0;0;0;0;0;4258;0;0;95;0;160;0;
17258;5932816;1062703104;21790720;1149681664;0;0;0;0;0;0;0;0;0;0;0;3957;0;0;95;0;160;0;
17259;8183447;1062703104;21790720;1149681664;0;0;0;0;0;0;0;0;0;0;0;3015;0;0;95;0;160;0;
17260;6390685;1062703104;21790720;1149681664;0;0;0;0;0;0;0;0;0;0;0;3266;0;0;95;0;160;0;
17261;6583096;1062703104;21790720;1149681664;0;0;0;0;0;0;0;0;0;0;0;3096;0;0;95;0;160;0;
17262;6735853;1062703104;21790720;1149681664;0;0;0;0;0;0;0;0;0;0;0;3878;0;0;95;0;160;0;
17263;6650432;1062703104;21790720;1149681664;0;0;0;0;0;0;0;0;0;0;0;4499;0;0;95;0;160;0;
17264;6182715;1062703104;21790720;1149681664;0;0;0;0;0;0;0;0;0;0;0;4067;0;0;95;0;160;0;
17265;6751432;1062703104;21790720;1149681664;0;0;0;0;0;0;0;0;0;0;0;3086;0;0;95;0;160;0;
17266;7238154;1062703104;21790720;1149681664;0;0;0;0;0;0;0;0;0;0;0;3697;0;0;95;0;160;0;
17267;5763068;1062703104;21790720;1149681664;0;0;0;0;0;0;0;0;0;0;0;2324;0;0;95;0;160;0;
17268;5935601;1062703104;21790720;1149681664;0;0;0;0;0;0;0;0;0;0;0;5170;0;0;95;0;160;0;
17269;6416904;1062703104;21790720;1149681664;0;0;0;0;0;0;0;0;0;0;0;3496;0;0;95;0;160;0;
17270;6447772;1062703104;21790720;1149681664;0;0;0;0;0;0;0;0;0;0;0;3436;0;0;95;0;160;0;
17271;7641300;1062703104;21790720;1149681664;0;0;0;0;0;0;0;0;0;0;0;3737;0;0;95;0;160;0;
17272;5460039;1062703104;21790720;1149681664;0;0;0;0;0;0;0;0;0;0;0;4038;0;0;95;0;160;0;
17273;7401601;1062703104;21790720;1149681664;0;0;0;0;0;0;0;0;0;0;0;2725;0;0;95;0;160;0;
17274;4602963;1062703104;21790720;1149681664;0;0;0;0;0;0;0;0;0;0;0;4529;0;0;95;0;160;0;
17275;7577571;1062703104;21790720;1149681664;0;0;0;0;0;0;0;0;0;0;0;3948;0;0;95;0;160;0;
17276;4398068;1062703104;21790720;1149681664;0;0;0;0;0;0;0;0;0;0;0;3507;0;0;95;0;160;0;
17277;6906081;1062703104;21790720;1149681664;0;0;0;0;0;0;0;0;0;0;0;2956;0;0;95;0;160;0;
17278;3334464;1062703104;21790720;1149681664;0;0;0;0;0;0;0;0;0;0;0;3407;0;0;95;0;160;0;
17279;7905045;1062703104;21790720;1149681664;0;0;0;0;0;0;0;0;0;0;0;3136;0;0;95;0;160;0;
17280;5465911;1062703104;21790720;1149681664;0;0;0;0;0;0;0;0;0;0;0;4098;0;0;95;0;160;0;
17281;7246720;1062703104;21790720;1149681664;0;0;0;0;0;0;0;0;0;0;0;4148;0;0;95;0;160;0;
17282;5382223;1062703104;21790720;1149681664;0;0;0;0;0;0;0;0;0;0;0;3958;0;0;95;0;160;0;
17283;6865555;1062703104;21790720;1149681664;0;0;0;0;0;0;0;0;0;0;0;3306;0;0;95;0;160;0;
17284;5188240;1062703104;21790720;1149681664;0;0;0;0;0;0;0;0;0;0;0;2975;0;0;95;0;160;0;
17285;6270851;1062703104;21794816;1149685760;0;0;0;0;0;0;0;0;0;0;0;3056;0;0;95;0;160;0;
17286;4978626;1062703104;21798912;1149689856;0;0;0;0;0;0;0;0;0;0;0;2835;0;0;95;0;160;0;
17287;6730993;1062703104;21798912;1149689856;0;0;0;0;0;0;0;0;0;0;0;3115;0;0;95;0;160;0;
17288;4206879;1062703104;21798912;1149689856;0;0;0;0;0;0;0;0;0;0;0;3657;0;0;95;0;160;0;
17289;7126555;1062703104;21798912;1149689856;0;0;0;0;0;0;0;0;0;0;0;4318;0;0;95;0;160;0;
17290;4347473;1062703104;21798912;1149689856;0;0;0;0;0;0;0;0;0;0;0;2945;0;0;95;0;160;0;
17291;5729425;1062703104;21798912;1149689856;0;0;0;0;0;0;0;0;0;0;0;2685;0;0;95;0;160;0;
17292;6436741;1062727680;21790720;1149681664;0;0;0;0;0;0;0;0;0;0;0;3216;0;0;95;0;160;0;
17293;5495486;1062727680;21790720;1149681664;0;0;0;0;0;0;0;0;0;0;0;3376;0;0;95;0;160;0;
17294;7056844;1062727680;21790720;1149681664;0;0;0;0;0;0;0;0;0;0;0;2916;0;0;95;0;160;0;
17295;9067385;1062727680;21790720;1149681664;0;0;0;0;0;0;0;0;0;0;0;149801;0;0;95;0;160;0;
17296;5134258;1062727680;21790720;1149681664;0;0;0;0;0;0;0;0;0;0;0;4067;0;0;95;0;160;0;
17297;7111006;1062727680;21790720;1149681664;0;0;0;0;0;0;0;0;0;0;0;3667;0;0;95;0;160;0;
17298;5316741;1062727680;21790720;1149681664;0;0;0;0;0;0;0;0;0;0;0;4819;0;0;95;0;160;0;
17299;8966786;1062727680;21790720;1149681664;0;0;0;0;0;0;0;0;0;0;0;3397;0;0;95;0;160;0;
17300;4016122;1062727680;21790720;1149681664;0;0;0;0;0;0;0;0;0;0;0;3717;0;0;95;0;160;0;
17301;6422635;1062727680;21790720;1149681664;0;0;0;0;0;0;0;0;0;0;0;3276;0;0;95;0;160;0;
17302;5558534;1062727680;21790720;1149681664;0;0;0;0;0;0;0;0;0;0;0;4789;0;0;95;0;160;0;
17303;8370388;1062727680;21790720;1149681664;0;0;0;0;0;0;0;0;0;0;0;3567;0;0;95;0;160;0;
17304;4653567;1062727680;21790720;1149681664;0;0;0;0;0;0;0;0;0;0;0;3005;0;0;95;0;160;0;
17305;7254515;1062727680;21790720;1149681664;0;0;0;0;0;0;0;0;0;0;0;3677;0;0;95;0;160;0;
17306;5406930;1062727680;21790720;1149681664;0;0;0;0;0;0;0;0;0;0;0;37230;0;0;95;0;160;0;
17307;8204216;1062727680;21790720;1149681664;0;0;0;0;0;0;0;0;0;0;0;4609;0;0;95;0;160;0;
17308;6915058;1062727680;21790720;1149681664;0;0;0;0;0;0;0;0;0;0;0;2835;0;0;95;0;160;0;
17309;7178212;1062727680;21790720;1149681664;0;0;0;0;0;0;0;0;0;0;0;4058;0;0;95;0;160;0;
17310;4501121;1062727680;21790720;1149681664;0;0;0;0;0;0;0;0;0;0;0;3216;0;0;95;0;160;0;
17311;6326344;1062727680;21790720;1149681664;0;0;0;0;0;0;0;0;0;0;0;2926;0;0;95;0;160;0;
17312;5963324;1062727680;21790720;1149681664;0;0;0;0;0;0;0;0;0;0;0;3627;0;0;95;0;160;0;
17313;7389598;1062727680;21790720;1149681664;0;0;0;0;0;0;0;0;0;0;0;3667;0;0;95;0;160;0;
17314;4468080;1062727680;21790720;1149681664;0;0;0;0;0;0;0;0;0;0;0;4057;0;0;95;0;160;0;
17315;9332993;1062727680;21790720;1149681664;0;0;0;0;0;0;0;0;0;0;0;4769;0;0;95;0;160;0;
17316;6912163;1062727680;21790720;1149681664;0;0;0;0;0;0;0;0;0;0;0;3747;0;0;95;0;160;0;
17317;6661513;1062727680;21790720;1149681664;0;0;0;0;0;0;0;0;0;0;0;3687;0;0;95;0;160;0;
17318;6278154;1062727680;21790720;1149681664;0;0;0;0;0;0;0;0;0;0;0;4068;0;0;95;0;160;0;
17319;7834482;1062727680;21790720;1149681664;0;0;0;0;0;0;0;0;0;0;0;3336;0;0;95;0;160;0;
17320;6565874;1062727680;21790720;1149681664;0;0;0;0;0;0;0;0;0;0;0;3917;0;0;95;0;160;0;
17321;8121791;1062727680;21790720;1149681664;0;0;0;0;0;0;0;0;0;0;0;5100;0;0;95;0;160;0;
17322;10432275;1062727680;21790720;1149681664;0;0;0;0;0;0;0;0;0;0;0;4158;0;0;95;0;160;0;
17323;5367076;1062727680;21790720;1149681664;0;0;0;0;0;0;0;0;0;0;0;3076;0;0;95;0;160;0;
17324;5747849;1062727680;21790720;1149681664;0;0;0;0;0;0;0;0;0;0;0;4559;0;0;95;0;160;0;
17325;7313286;1062727680;21790720;1149681664;0;0;0;0;0;0;0;0;0;0;0;3717;0;0;95;0;160;0;
17326;6036811;1062727680;21790720;1149681664;0;0;0;0;0;0;0;0;0;0;0;3056;0;0;95;0;160;0;
17327;7022751;1062727680;21790720;1149681664;0;0;0;0;0;0;0;0;0;0;0;3497;0;0;95;0;160;0;
17328;5254414;1062727680;21790720;1149681664;0;0;0;0;0;0;0;0;0;0;0;3777;0;0;95;0;160;0;
17329;6724711;1062727680;21790720;1149681664;0;0;0;0;0;0;0;0;0;0;0;3376;0;0;95;0;160;0;
17330;4484690;1062727680;21790720;1149681664;0;0;0;0;0;0;0;0;0;0;0;3306;0;0;95;0;160;0;
17331;7453138;1062727680;21790720;1149681664;0;0;0;0;0;0;0;0;0;0;0;2023;0;0;95;0;160;0;
17332;3513018;1062727680;21790720;1149681664;0;0;0;0;0;0;0;0;0;0;0;2875;0;0;95;0;160;0;
17333;6946187;1062727680;21790720;1149681664;0;0;0;0;0;0;0;0;0;0;0;3336;0;0;95;0;160;0;
17334;4389021;1062727680;21790720;1149681664;0;0;0;0;0;0;0;0;0;0;0;2995;0;0;95;0;160;0;
17335;6242246;1062727680;21790720;1149681664;0;0;0;0;0;0;0;0;0;0;0;3065;0;0;95;0;160;0;
17336;5247742;1062727680;21790720;1149681664;0;0;0;0;0;0;0;0;0;0;0;3476;0;0;95;0;160;0;
17337;6453212;1062727680;21790720;1149681664;0;0;0;0;0;0;0;0;0;0;0;2745;0;0;95;0;160;0;
17338;6304063;1062727680;21790720;1149681664;0;0;0;0;0;0;0;0;0;0;0;3647;0;0;95;0;160;0;
17339;7773378;1062727680;21790720;1149681664;0;0;0;0;0;0;0;0;0;0;0;4007;0;0;95;0;160;0;
17340;4918704;1062727680;21790720;1149681664;0;0;0;0;0;0;0;0;0;0;0;4188;0;0;95;0;160;0;
17341;6890533;1062727680;21790720;1149681664;0;0;0;0;0;0;0;0;0;0;0;3356;0;0;95;0;160;0;
17342;5266727;1062727680;21790720;1149681664;0;0;0;0;0;0;0;0;0;0;0;2675;0;0;95;0;160;0;
17343;6444566;1062727680;21790720;1149681664;0;0;0;0;0;0;0;0;0;0;0;3287;0;0;95;0;160;0;
17344;5035975;1062727680;21790720;1149681664;0;0;0;0;0;0;0;0;0;0;0;3116;0;0;95;0;160;0;
17345;6585190;1062727680;21790720;1149681664;0;0;0;0;0;0;0;0;0;0;0;2224;0;0;95;0;160;0;
17346;5065159;1062727680;21790720;1149681664;0;0;0;0;0;0;0;0;0;0;0;3687;0;0;95;0;160;0;
17347;6606730;1062727680;21790720;1149681664;0;0;0;0;0;0;0;0;0;0;0;2414;0;0;95;0;160;0;
17348;5551922;1062727680;21790720;1149681664;0;0;0;0;0;0;0;0;0;0;0;3787;0;0;95;0;160;0;
17349;6649881;1062727680;21790720;1149681664;0;0;0;0;0;0;0;0;0;0;0;2444;0;0;95;0;160;0;
17350;5562983;1062727680;21790720;1149681664;0;0;0;0;0;0;0;0;0;0;0;3035;0;0;95;0;160;0;
17351;5596084;1062727680;21790720;1149681664;0;0;0;0;0;0;0;0;0;0;0;2254;0;0;95;0;160;0;
17352;5472734;1062727680;21790720;1149681664;0;0;0;0;0;0;0;0;0;0;0;3046;0;0;95;0;160;0;
17353;6582454;1062727680;21790720;1149681664;0;0;0;0;0;0;0;0;0;0;0;2825;0;0;95;0;160;0;
17354;5322512;1062727680;21790720;1149681664;0;0;0;0;0;0;0;0;0;0;0;3897;0;0;95;0;160;0;
17355;6474733;1062727680;21790720;1149681664;0;0;0;0;0;0;0;0;0;0;0;2735;0;0;95;0;160;0;
17356;6739048;1062727680;21790720;1149681664;0;0;0;0;0;0;0;0;0;0;0;3827;0;0;95;0;160;0;
17357;6271962;1062727680;21790720;1149681664;0;0;0;0;0;0;0;0;0;0;0;3186;0;0;95;0;160;0;
17358;6815812;1062727680;21790720;1149681664;0;0;0;0;0;0;0;0;0;0;0;3196;0;0;95;0;160;0;
17359;6130658;1062727680;21790720;1149681664;0;0;0;0;0;0;0;0;0;0;0;3637;0;0;95;0;160;0;
17360;5778767;1062727680;21790720;1149681664;0;0;0;0;0;0;0;0;0;0;0;3136;0;0;95;0;160;0;
17361;7667490;1062727680;21790720;1149681664;0;0;0;0;0;0;0;0;0;0;0;3297;0;0;95;0;160;0;
17362;5265555;1062727680;21790720;1149681664;0;0;0;0;0;0;0;0;0;0;0;3246;0;0;95;0;160;0;
17363;7134049;1062727680;21790720;1149681664;0;0;0;0;0;0;0;0;0;0;0;2345;0;0;95;0;160;0;
17364;5922627;1062727680;21790720;1149681664;0;0;0;0;0;0;0;0;0;0;0;3546;0;0;95;0;160;0;
17365;9685163;1062727680;21794816;1149685760;0;0;0;0;0;0;0;0;0;0;0;3507;0;0;95;0;160;0;
17366;4971343;1062727680;21798912;1149689856;0;0;0;0;0;0;0;0;0;0;0;3807;0;0;95;0;160;0;
17367;7610372;1062727680;21798912;1149689856;0;0;0;0;0;0;0;0;0;0;0;3717;0;0;95;0;160;0;
17368;4845036;1062727680;21798912;1149689856;0;0;0;0;0;0;0;0;0;0;0;3417;0;0;95;0;160;0;
17369;7520433;1062727680;21798912;1149689856;0;0;0;0;0;0;0;0;0;0;0;3416;0;0;95;0;160;0;
17370;4876315;1062727680;21798912;1149689856;0;0;0;0;0;0;0;0;0;0;0;3076;0;0;95;0;160;0;
17371;7525342;1062727680;21798912;1149689856;0;0;0;0;0;0;0;0;0;0;0;4469;0;0;95;0;160;0;
17372;4178486;1062760448;21790720;1149681664;0;0;0;0;0;0;0;0;0;0;0;3557;0;0;95;0;160;0;
17373;5799566;1062760448;21790720;1149681664;0;0;0;0;0;0;0;0;0;0;0;3687;0;0;95;0;160;0;
17374;4926519;1062760448;21790720;1149681664;0;0;0;0;0;0;0;0;0;0;0;2996;0;0;95;0;160;0;
17375;5058186;1062760448;21790720;1149681664;0;0;0;0;0;0;0;0;0;0;0;2024;0;0;95;0;160;0;
17376;4778061;1062760448;21790720;1149681664;0;0;0;0;0;0;0;0;0;0;0;2775;0;0;95;0;160;0;
17377;5279391;1062760448;21790720;1149681664;0;0;0;0;0;0;0;0;0;0;0;2335;0;0;95;0;160;0;
17378;6310043;1062760448;21790720;1149681664;0;0;0;0;0;0;0;0;0;0;0;3466;0;0;95;0;160;0;
17379;5775341;1062760448;21790720;1149681664;0;0;0;0;0;0;0;0;0;0;0;2635;0;0;95;0;160;0;
17380;6500090;1062760448;21790720;1149681664;0;0;0;0;0;0;0;0;0;0;0;3587;0;0;95;0;160;0;
17381;9546624;1062760448;21790720;1149681664;0;0;0;0;0;0;0;0;0;0;0;2605;0;0;95;0;160;0;
17382;11420157;1062760448;21790720;1149681664;0;0;0;0;0;0;0;0;0;0;0;3487;0;0;95;0;160;0;
17383;5783015;1062760448;21790720;1149681664;0;0;0;0;0;0;0;0;0;0;0;2906;0;0;95;0;160;0;
17384;6560093;1062760448;21790720;1149681664;0;0;0;0;0;0;0;0;0;0;0;3327;0;0;95;0;160;0;
17385;7850713;1062760448;21790720;1149681664;0;0;0;0;0;0;0;0;0;0;0;4288;0;0;95;0;160;0;
17386;4772029;1062760448;21790720;1149681664;0;0;0;0;0;0;0;0;0;0;0;3136;0;0;95;0;160;0;
17387;8361120;1062760448;21790720;1149681664;0;0;0;0;0;0;0;0;0;0;0;4308;0;0;95;0;160;0;
17388;3914662;1062760448;21790720;1149681664;0;0;0;0;0;0;0;0;0;0;0;3737;0;0;95;0;160;0;
17389;8124045;1062760448;21790720;1149681664;0;0;0;0;0;0;0;0;0;0;0;3767;0;0;95;0;160;0;
17390;5489555;1062760448;21790720;1149681664;0;0;0;0;0;0;0;0;0;0;0;3907;0;0;95;0;160;0;
17391;5632694;1062760448;21790720;1149681664;0;0;0;0;0;0;0;0;0;0;0;2866;0;0;95;0;160;0;
17392;6133292;1062760448;21790720;1149681664;0;0;0;0;0;0;0;0;0;0;0;2485;0;0;95;0;160;0;
17393;6851570;1062760448;21790720;1149681664;0;0;0;0;0;0;0;0;0;0;0;3196;0;0;95;0;160;0;
17394;5151391;1062760448;21790720;1149681664;0;0;0;0;0;0;0;0;0;0;0;3317;0;0;95;0;160;0;
17395;8381148;1062760448;21790720;1149681664;0;0;0;0;0;0;0;0;0;0;0;3717;0;0;95;0;160;0;
17396;7394928;1062760448;21790720;1149681664;0;0;0;0;0;0;0;0;0;0;0;3437;0;0;95;0;160;0;
17397;6375416;1062760448;21790720;1149681664;0;0;0;0;0;0;0;0;0;0;0;2875;0;0;95;0;160;0;
17398;6594277;1062760448;21790720;1149681664;0;0;0;0;0;0;0;0;0;0;0;3096;0;0;95;0;160;0;
17399;8346022;1062760448;21790720;1149681664;0;0;0;0;0;0;0;0;0;0;0;3006;0;0;95;0;160;0;
17400;4817955;1062760448;21790720;1149681664;0;0;0;0;0;0;0;0;0;0;0;3005;0;0;95;0;160;0;
17401;7094746;1062760448;21790720;1149681664;0;0;0;0;0;0;0;0;0;0;0;3687;0;0;95;0;160;0;
17402;6127511;1062760448;21790720;1149681664;0;0;0;0;0;0;0;0;0;0;0;4127;0;0;95;0;160;0;
17403;8684537;1062760448;21790720;1149681664;0;0;0;0;0;0;0;0;0;0;0;3988;0;0;95;0;160;0;
17404;4664007;1062760448;21790720;1149681664;0;0;0;0;0;0;0;0;0;0;0;4098;0;0;95;0;160;0;
17405;7781984;1062760448;21790720;1149681664;0;0;0;0;0;0;0;0;0;0;0;3236;0;0;95;0;160;0;
17406;4796225;1062760448;21790720;1149681664;0;0;0;0;0;0;0;0;0;0;0;3086;0;0;95;0;160;0;
17407;6714312;1062760448;21790720;1149681664;0;0;0;0;0;0;0;0;0;0;0;2585;0;0;95;0;160;0;
17408;5171418;1062760448;21790720;1149681664;0;0;0;0;0;0;0;0;0;0;0;2795;0;0;95;0;160;0;
17409;6855827;1062760448;21790720;1149681664;0;0;0;0;0;0;0;0;0;0;0;2204;0;0;95;0;160;0;
17410;6123053;1062760448;21790720;1149681664;0;0;0;0;0;0;0;0;0;0;0;3387;0;0;95;0;160;0;
17411;7947685;1062760448;21790720;1149681664;0;0;0;0;0;0;0;0;0;0;0;3537;0;0;95;0;160;0;
17412;6498778;1062760448;21790720;1149681664;0;0;0;0;0;0;0;0;0;0;0;3256;0;0;95;0;160;0;
17413;5073194;1062760448;21790720;1149681664;0;0;0;0;0;0;0;0;0;0;0;2254;0;0;95;0;160;0;
17414;5288518;1062760448;21790720;1149681664;0;0;0;0;0;0;0;0;0;0;0;3467;0;0;95;0;160;0;
17415;7776504;1062760448;21790720;1149681664;0;0;0;0;0;0;0;0;0;0;0;3166;0;0;95;0;160;0;
17416;7645759;1062760448;21790720;1149681664;0;0;0;0;0;0;0;0;0;0;0;3437;0;0;95;0;160;0;
17417;7100366;1062760448;21790720;1149681664;0;0;0;0;0;0;0;0;0;0;0;6603;0;0;95;0;160;0;
17418;5947554;1062760448;21790720;1149681664;0;0;0;0;0;0;0;0;0;0;0;3417;0;0;95;0;160;0;
17419;6391767;1062760448;21790720;1149681664;0;0;0;0;0;0;0;0;0;0;0;2966;0;0;95;0;160;0;
17420;5880207;1062760448;21790720;1149681664;0;0;0;0;0;0;0;0;0;0;0;2945;0;0;95;0;160;0;
17421;6551858;1062760448;21790720;1149681664;0;0;0;0;0;0;0;0;0;0;0;2325;0;0;95;0;160;0;
17422;5763790;1062760448;21790720;1149681664;0;0;0;0;0;0;0;0;0;0;0;212679;0;0;95;0;160;0;
17423;5910815;1062760448;21790720;1149681664;0;0;0;0;0;0;0;0;0;0;0;2635;0;0;95;0;160;0;
17424;6187063;1062760448;21790720;1149681664;0;0;0;0;0;0;0;0;0;0;0;2945;0;0;95;0;160;0;
17425;6675229;1062760448;21790720;1149681664;0;0;0;0;0;0;0;0;0;0;0;3706;0;0;95;0;160;0;
17426;6142289;1062760448;21790720;1149681664;0;0;0;0;0;0;0;0;0;0;0;3687;0;0;95;0;160;0;
17427;7236432;1062760448;21790720;1149681664;0;0;0;0;0;0;0;0;0;0;0;3837;0;0;95;0;160;0;
17428;7877142;1062760448;21790720;1149681664;0;0;0;0;0;0;0;0;0;0;0;4459;0;0;95;0;160;0;
17429;7439793;1062760448;21790720;1149681664;0;0;0;0;0;0;0;0;0;0;0;4138;0;0;95;0;160;0;
17430;5507508;1062760448;21790720;1149681664;0;0;0;0;0;0;0;0;0;0;0;3597;0;0;95;0;160;0;
17431;6940386;1062760448;21790720;1149681664;0;0;0;0;0;0;0;0;0;0;0;4900;0;0;95;0;160;0;
17432;5526514;1062760448;21790720;1149681664;0;0;0;0;0;0;0;0;0;0;0;3547;0;0;95;0;160;0;
17433;7939380;1062760448;21790720;1149681664;0;0;0;0;0;0;0;0;0;0;0;3296;0;0;95;0;160;0;
17434;4184938;1062760448;21790720;1149681664;0;0;0;0;0;0;0;0;0;0;0;2715;0;0;95;0;160;0;
17435;6049766;1062760448;21790720;1149681664;0;0;0;0;0;0;0;0;0;0;0;2184;0;0;95;0;160;0;
17436;4345690;1062760448;21790720;1149681664;0;0;0;0;0;0;0;0;0;0;0;3086;0;0;95;0;160;0;
17437;7479166;1062760448;21790720;1149681664;0;0;0;0;0;0;0;0;0;0;0;1873;0;0;95;0;160;0;
17438;5805298;1062760448;21790720;1149681664;0;0;0;0;0;0;0;0;0;0;0;2956;0;0;95;0;160;0;
17439;7666408;1062760448;21790720;1149681664;0;0;0;0;0;0;0;0;0;0;0;2795;0;0;95;0;160;0;
17440;5326269;1062760448;21790720;1149681664;0;0;0;0;0;0;0;0;0;0;0;2965;0;0;95;0;160;0;
17441;7050071;1062760448;21790720;1149681664;0;0;0;0;0;0;0;0;0;0;0;4869;0;0;95;0;160;0;
17442;4292390;1062760448;21790720;1149681664;0;0;0;0;0;0;0;0;0;0;0;10559;0;0;95;0;160;0;
17443;7938297;1062760448;21794816;1149685760;0;0;0;0;0;0;0;0;0;0;0;3055;0;0;95;0;160;0;
17444;4490030;1062760448;21798912;1149689856;0;0;0;0;0;0;0;0;0;0;0;4198;0;0;95;0;160;0;
17445;6988677;1062760448;21798912;1149689856;0;0;0;0;0;0;0;0;0;0;0;2946;0;0;95;0;160;0;
17446;4441730;1062760448;21798912;1149689856;0;0;0;0;0;0;0;0;0;0;0;3738;0;0;95;0;160;0;
17447;8053654;1062760448;21798912;1149689856;0;0;0;0;0;0;0;0;0;0;0;3577;0;0;95;0;160;0;
17448;4426191;1062760448;21798912;1149689856;0;0;0;0;0;0;0;0;0;0;0;2786;0;0;95;0;160;0;
17449;7190445;1062760448;21798912;1149689856;0;0;0;0;0;0;0;0;0;0;0;4058;0;0;95;0;160;0;
17450;3382153;1062785024;21790720;1149681664;0;0;0;0;0;0;0;0;0;0;0;3276;0;0;95;0;160;0;
17451;5686244;1062785024;21790720;1149681664;0;0;0;0;0;0;0;0;0;0;0;2585;0;0;95;0;160;0;
17452;6469593;1062785024;21790720;1149681664;0;0;0;0;0;0;0;0;0;0;0;2755;0;0;95;0;160;0;
17453;5654094;1062785024;21790720;1149681664;0;0;0;0;0;0;0;0;0;0;0;2555;0;0;95;0;160;0;
17454;6296178;1062785024;21790720;1149681664;0;0;0;0;0;0;0;0;0;0;0;2725;0;0;95;0;160;0;
17455;5749433;1062785024;21790720;1149681664;0;0;0;0;0;0;0;0;0;0;0;1873;0;0;95;0;160;0;
17456;5458768;1062785024;21790720;1149681664;0;0;0;0;0;0;0;0;0;0;0;3627;0;0;95;0;160;0;
17457;6157377;1062785024;21790720;1149681664;0;0;0;0;0;0;0;0;0;0;0;2865;0;0;95;0;160;0;
17458;5966099;1062785024;21790720;1149681664;0;0;0;0;0;0;0;0;0;0;0;3296;0;0;95;0;160;0;
17459;6043183;1062785024;21790720;1149681664;0;0;0;0;0;0;0;0;0;0;0;2575;0;0;95;0;160;0;
17460;6160183;1062785024;21790720;1149681664;0;0;0;0;0;0;0;0;0;0;0;4308;0;0;95;0;160;0;
17461;7402543;1062785024;21790720;1149681664;0;0;0;0;0;0;0;0;0;0;0;2515;0;0;95;0;160;0;
17462;5692966;1062785024;21790720;1149681664;0;0;0;0;0;0;0;0;0;0;0;3667;0;0;95;0;160;0;
17463;8497326;1062785024;21790720;1149681664;0;0;0;0;0;0;0;0;0;0;0;3607;0;0;95;0;160;0;
17464;5479236;1062785024;21790720;1149681664;0;0;0;0;0;0;0;0;0;0;0;3006;0;0;95;0;160;0;
17465;7948737;1062785024;21790720;1149681664;0;0;0;0;0;0;0;0;0;0;0;2475;0;0;95;0;160;0;
17466;4787448;1062785024;21790720;1149681664;0;0;0;0;0;0;0;0;0;0;0;3317;0;0;95;0;160;0;
17467;6096243;1062785024;21790720;1149681664;0;0;0;0;0;0;0;0;0;0;0;2736;0;0;95;0;160;0;
17468;6039417;1062785024;21790720;1149681664;0;0;0;0;0;0;0;0;0;0;0;3727;0;0;95;0;160;0;
17469;5763318;1062785024;21790720;1149681664;0;0;0;0;0;0;0;0;0;0;0;1843;0;0;95;0;160;0;
17470;4868540;1062785024;21790720;1149681664;0;0;0;0;0;0;0;0;0;0;0;3156;0;0;95;0;160;0;
17471;7960960;1062785024;21790720;1149681664;0;0;0;0;0;0;0;0;0;0;0;2284;0;0;95;0;160;0;
17472;4483438;1062785024;21790720;1149681664;0;0;0;0;0;0;0;0;0;0;0;3025;0;0;95;0;160;0;
17473;7562883;1062785024;21790720;1149681664;0;0;0;0;0;0;0;0;0;0;0;4368;0;0;95;0;160;0;
17474;4999726;1062785024;21790720;1149681664;0;0;0;0;0;0;0;0;0;0;0;3667;0;0;95;0;160;0;
17475;6641315;1062785024;21790720;1149681664;0;0;0;0;0;0;0;0;0;0;0;2484;0;0;95;0;160;0;
17476;6326244;1062785024;21790720;1149681664;0;0;0;0;0;0;0;0;0;0;0;3687;0;0;95;0;160;0;
17477;6358655;1062785024;21790720;1149681664;0;0;0;0;0;0;0;0;0;0;0;3777;0;0;95;0;160;0;
17478;5263341;1062785024;21790720;1149681664;0;0;0;0;0;0;0;0;0;0;0;3176;0;0;95;0;160;0;
17479;6530256;1062785024;21790720;1149681664;0;0;0;0;0;0;0;0;0;0;0;2745;0;0;95;0;160;0;
17480;7845172;1062785024;21790720;1149681664;0;0;0;0;0;0;0;0;0;0;0;4077;0;0;95;0;160;0;
17481;7092401;1062785024;21790720;1149681664;0;0;0;0;0;0;0;0;0;0;0;3817;0;0;95;0;160;0;
17482;5593079;1062785024;21790720;1149681664;0;0;0;0;0;0;0;0;0;0;0;3797;0;0;95;0;160;0;
17483;8095702;1062785024;21790720;1149681664;0;0;0;0;0;0;0;0;0;0;0;5070;0;0;95;0;160;0;
17484;4718960;1062785024;21790720;1149681664;0;0;0;0;0;0;0;0;0;0;0;4428;0;0;95;0;160;0;
17485;7084526;1062785024;21790720;1149681664;0;0;0;0;0;0;0;0;0;0;0;3156;0;0;95;0;160;0;
17486;4512633;1062785024;21790720;1149681664;0;0;0;0;0;0;0;0;0;0;0;2695;0;0;95;0;160;0;
17487;7453348;1062785024;21790720;1149681664;0;0;0;0;0;0;0;0;0;0;0;3266;0;0;95;0;160;0;
17488;7747309;1062785024;21790720;1149681664;0;0;0;0;0;0;0;0;0;0;0;4428;0;0;95;0;160;0;
17489;6771790;1062785024;21790720;1149681664;0;0;0;0;0;0;0;0;0;0;0;3356;0;0;95;0;160;0;
17490;6352273;1062785024;21790720;1149681664;0;0;0;0;0;0;0;0;0;0;0;3998;0;0;95;0;160;0;
17491;7410227;1062785024;21790720;1149681664;0;0;0;0;0;0;0;0;0;0;0;3256;0;0;95;0;160;0;
17492;5906757;1062785024;21790720;1149681664;0;0;0;0;0;0;0;0;0;0;0;3807;0;0;95;0;160;0;
17493;7739134;1062785024;21790720;1149681664;0;0;0;0;0;0;0;0;0;0;0;3587;0;0;95;0;160;0;
17494;6294735;1062785024;21790720;1149681664;0;0;0;0;0;0;0;0;0;0;0;2865;0;0;95;0;160;0;
17495;7092191;1062785024;21790720;1149681664;0;0;0;0;0;0;0;0;0;0;0;4208;0;0;95;0;160;0;
17496;5600062;1062785024;21790720;1149681664;0;0;0;0;0;0;0;0;0;0;0;3006;0;0;95;0;160;0;
17497;7228546;1062785024;21790720;1149681664;0;0;0;0;0;0;0;0;0;0;0;3226;0;0;95;0;160;0;
17498;4567306;1062785024;21790720;1149681664;0;0;0;0;0;0;0;0;0;0;0;2776;0;0;95;0;160;0;
17499;7511227;1062785024;21790720;1149681664;0;0;0;0;0;0;0;0;0;0;0;3146;0;0;95;0;160;0;
17500;5237482;1062785024;21790720;1149681664;0;0;0;0;0;0;0;0;0;0;0;2234;0;0;95;0;160;0;
17501;7250257;1062785024;21790720;1149681664;0;0;0;0;0;0;0;0;0;0;0;3757;0;0;95;0;160;0;
17502;5849601;1062785024;21790720;1149681664;0;0;0;0;0;0;0;0;0;0;0;4489;0;0;95;0;160;0;
17503;6542490;1062785024;21790720;1149681664;0;0;0;0;0;0;0;0;0;0;0;3196;0;0;95;0;160;0;
17504;7494375;1062785024;21790720;1149681664;0;0;0;0;0;0;0;0;0;0;0;3126;0;0;95;0;160;0;
17505;6723659;1062785024;21790720;1149681664;0;0;0;0;0;0;0;0;0;0;0;2856;0;0;95;0;160;0;
17506;5555709;1062785024;21790720;1149681664;0;0;0;0;0;0;0;0;0;0;0;3416;0;0;95;0;160;0;
17507;7390560;1062785024;21790720;1149681664;0;0;0;0;0;0;0;0;0;0;0;3206;0;0;95;0;160;0;
17508;4197092;1062785024;21790720;1149681664;0;0;0;0;0;0;0;0;0;0;0;3176;0;0;95;0;160;0;
17509;10058704;1062785024;21790720;1149681664;0;0;0;0;0;0;0;0;0;0;0;3447;0;0;95;0;160;0;
17510;6762873;1062785024;21790720;1149681664;0;0;0;0;0;0;0;0;0;0;0;3566;0;0;95;0;160;0;
17511;6981904;1062785024;21790720;1149681664;0;0;0;0;0;0;0;0;0;0;0;3216;0;0;95;0;160;0;
17512;7335878;1062785024;21790720;1149681664;0;0;0;0;0;0;0;0;0;0;0;138860;0;0;95;0;160;0;
17513;6364375;1062785024;21790720;1149681664;0;0;0;0;0;0;0;0;0;0;0;2084;0;0;95;0;160;0;
17514;7037238;1062785024;21790720;1149681664;0;0;0;0;0;0;0;0;0;0;0;2966;0;0;95;0;160;0;
17515;5781543;1062785024;21790720;1149681664;0;0;0;0;0;0;0;0;0;0;0;2124;0;0;95;0;160;0;
17516;5551942;1062785024;21790720;1149681664;0;0;0;0;0;0;0;0;0;0;0;2936;0;0;95;0;160;0;
17517;5891048;1062785024;21790720;1149681664;0;0;0;0;0;0;0;0;0;0;0;2675;0;0;95;0;160;0;
17518;5986266;1062785024;21790720;1149681664;0;0;0;0;0;0;0;0;0;0;0;2775;0;0;95;0;160;0;
17519;5866212;1062785024;21790720;1149681664;0;0;0;0;0;0;0;0;0;0;0;1964;0;0;95;0;160;0;
17520;6144313;1062785024;21790720;1149681664;0;0;0;0;0;0;0;0;0;0;0;2605;0;0;95;0;160;0;
17521;5445032;1062785024;21790720;1149681664;0;0;0;0;0;0;0;0;0;0;0;1934;0;0;95;0;160;0;
17522;7409365;1062785024;21790720;1149681664;0;0;0;0;0;0;0;0;0;0;0;3166;0;0;95;0;160;0;
17523;5036586;1062785024;21790720;1149681664;0;0;0;0;0;0;0;0;0;0;0;2444;0;0;95;0;160;0;
17524;6759848;1062785024;21790720;1149681664;0;0;0;0;0;0;0;0;0;0;0;4719;0;0;95;0;160;0;
17525;6703121;1062785024;21790720;1149681664;0;0;0;0;0;0;0;0;0;0;0;2845;0;0;95;0;160;0;
17526;7254465;1062785024;21790720;1149681664;0;0;0;0;0;0;0;0;0;0;0;3176;0;0;95;0;160;0;
17527;5938857;1062785024;21790720;1149681664;0;0;0;0;0;0;0;0;0;0;0;2444;0;0;95;0;160;0;
17528;4237898;1062785024;21790720;1149681664;0;0;0;0;0;0;0;0;0;0;0;2825;0;0;95;0;160;0;
17529;6619063;1062785024;21790720;1149681664;0;0;0;0;0;0;0;0;0;0;0;2605;0;0;95;0;160;0;
17530;6386457;1062785024;21790720;1149681664;0;0;0;0;0;0;0;0;0;0;0;2635;0;0;95;0;160;0;
17531;7098342;1062785024;21790720;1149681664;0;0;0;0;0;0;0;0;0;0;0;3146;0;0;95;0;160;0;
17532;4430980;1062785024;21790720;1149681664;0;0;0;0;0;0;0;0;0;0;0;3386;0;0;95;0;160;0;
17533;7400068;1062785024;21790720;1149681664;0;0;0;0;0;0;0;0;0;0;0;3316;0;0;95;0;160;0;
17534;5657069;1062785024;21790720;1149681664;0;0;0;0;0;0;0;0;0;0;0;2955;0;0;95;0;160;0;
17535;7433340;1062785024;21790720;1149681664;0;0;0;0;0;0;0;0;0;0;0;3297;0;0;95;0;160;0;
17536;3824392;1062785024;21790720;1149681664;0;0;0;0;0;0;0;0;0;0;0;3306;0;0;95;0;160;0;
17537;9434062;1062785024;21790720;1149681664;0;0;0;0;0;0;0;0;0;0;0;2956;0;0;95;0;160;0;
17538;12174302;1062785024;21790720;1149681664;0;0;0;0;0;0;0;0;0;0;0;3366;0;0;95;0;160;0;
17539;8220206;1062785024;21790720;1149681664;0;0;0;0;0;0;0;0;0;0;0;2725;0;0;95;0;160;0;
17540;5348841;1062785024;21790720;1149681664;0;0;0;0;0;0;0;0;0;0;0;4478;0;0;95;0;160;0;
17541;8363074;1062785024;21790720;1149681664;0;0;0;0;0;0;0;0;0;0;0;3186;0;0;95;0;160;0;
17542;5790960;1062785024;21790720;1149681664;0;0;0;0;0;0;0;0;0;0;0;2465;0;0;95;0;160;0;
17543;7542144;1062785024;21790720;1149681664;0;0;0;0;0;0;0;0;0;0;0;4167;0;0;95;0;160;0;
17544;7230800;1062785024;21790720;1149681664;0;0;0;0;0;0;0;0;0;0;0;4097;0;0;95;0;160;0;
17545;7357949;1062785024;21790720;1149681664;0;0;0;0;0;0;0;0;0;0;0;3216;0;0;95;0;160;0;
17546;5998049;1062785024;21790720;1149681664;0;0;0;0;0;0;0;0;0;0;0;2795;0;0;95;0;160;0;
17547;6334940;1062785024;21790720;1149681664;0;0;0;0;0;0;0;0;0;0;0;4238;0;0;95;0;160;0;
17548;5476020;1062785024;21790720;1149681664;0;0;0;0;0;0;0;0;0;0;0;3777;0;0;95;0;160;0;
17549;8537421;1062785024;21790720;1149681664;0;0;0;0;0;0;0;0;0;0;0;3557;0;0;95;0;160;0;
17550;6115880;1062785024;21790720;1149681664;0;0;0;0;0;0;0;0;0;0;0;3757;0;0;95;0;160;0;
17551;8078060;1062785024;21790720;1149681664;0;0;0;0;0;0;0;0;0;0;0;3016;0;0;95;0;160;0;
17552;8135037;1062785024;21790720;1149681664;0;0;0;0;0;0;0;0;0;0;0;3948;0;0;95;0;160;0;
17553;7798535;1062785024;21790720;1149681664;0;0;0;0;0;0;0;0;0;0;0;3818;0;0;95;0;160;0;
17554;6655732;1062785024;21790720;1149681664;0;0;0;0;0;0;0;0;0;0;0;3046;0;0;95;0;160;0;
17555;8015742;1062785024;21790720;1149681664;0;0;0;0;0;0;0;0;0;0;0;3416;0;0;95;0;160;0;
17556;7943146;1062785024;21790720;1149681664;0;0;0;0;0;0;0;0;0;0;0;4228;0;0;95;0;160;0;
17557;7036866;1062785024;21790720;1149681664;0;0;0;0;0;0;0;0;0;0;0;3617;0;0;95;0;160;0;
17558;5653613;1062785024;21790720;1149681664;0;0;0;0;0;0;0;0;0;0;0;3236;0;0;95;0;160;0;
17559;8180522;1062785024;21790720;1149681664;0;0;0;0;0;0;0;0;0;0;0;3557;0;0;95;0;160;0;
17560;8017866;1062785024;21790720;1149681664;0;0;0;0;0;0;0;0;0;0;0;3316;0;0;95;0;160;0;
17561;7350515;1062785024;21790720;1149681664;0;0;0;0;0;0;0;0;0;0;0;2836;0;0;95;0;160;0;
17562;6492596;1062785024;21790720;1149681664;0;0;0;0;0;0;0;0;0;0;0;2876;0;0;95;0;160;0;
17563;8228501;1062785024;21790720;1149681664;0;0;0;0;0;0;0;0;0;0;0;3627;0;0;95;0;160;0;
17564;7778788;1062785024;21790720;1149681664;0;0;0;0;0;0;0;0;0;0;0;4409;0;0;95;0;160;0;
17565;7295572;1062785024;21790720;1149681664;0;0;0;0;0;0;0;0;0;0;0;3997;0;0;95;0;160;0;
17566;6040789;1062785024;21790720;1149681664;0;0;0;0;0;0;0;0;0;0;0;3226;0;0;95;0;160;0;
17567;6350530;1062785024;21790720;1149681664;0;0;0;0;0;0;0;0;0;0;0;3166;0;0;95;0;160;0;
17568;7650879;1062785024;21790720;1149681664;0;0;0;0;0;0;0;0;0;0;0;3166;0;0;95;0;160;0;
17569;7659264;1062785024;21790720;1149681664;0;0;0;0;0;0;0;0;0;0;0;3557;0;0;95;0;160;0;
17570;5578021;1062785024;21790720;1149681664;0;0;0;0;0;0;0;0;0;0;0;3356;0;0;95;0;160;0;
17571;8124447;1062785024;21790720;1149681664;0;0;0;0;0;0;0;0;0;0;0;4278;0;0;95;0;160;0;
17572;5357557;1062785024;21790720;1149681664;0;0;0;0;0;0;0;0;0;0;0;3336;0;0;95;0;160;0;
17573;4942930;1062785024;21790720;1149681664;0;0;0;0;0;0;0;0;0;0;0;2425;0;0;95;0;160;0;
17574;8125258;1062785024;21790720;1149681664;0;0;0;0;0;0;0;0;0;0;0;4168;0;0;95;0;160;0;
17575;7369811;1062785024;21790720;1149681664;0;0;0;0;0;0;0;0;0;0;0;2434;0;0;95;0;160;0;
17576;5789417;1062785024;21790720;1149681664;0;0;0;0;0;0;0;0;0;0;0;3146;0;0;95;0;160;0;
17577;6766009;1062785024;21790720;1149681664;0;0;0;0;0;0;0;0;0;0;0;3747;0;0;95;0;160;0;
17578;6306066;1062785024;21790720;1149681664;0;0;0;0;0;0;0;0;0;0;0;3356;0;0;95;0;160;0;
17579;6564712;1062785024;21790720;1149681664;0;0;0;0;0;0;0;0;0;0;0;3647;0;0;95;0;160;0;
17580;5215871;1062785024;21790720;1149681664;0;0;0;0;0;0;0;0;0;0;0;3006;0;0;95;0;160;0;
17581;7402843;1062785024;21790720;1149681664;0;0;0;0;0;0;0;0;0;0;0;3386;0;0;95;0;160;0;
17582;5130131;1062785024;21790720;1149681664;0;0;0;0;0;0;0;0;0;0;0;2665;0;0;95;0;160;0;
17583;6234201;1062785024;21790720;1149681664;0;0;0;0;0;0;0;0;0;0;0;3827;0;0;95;0;160;0;
17584;5668581;1062785024;21790720;1149681664;0;0;0;0;0;0;0;0;0;0;0;2935;0;0;95;0;160;0;
17585;7973343;1062785024;21790720;1149681664;0;0;0;0;0;0;0;0;0;0;0;3868;0;0;95;0;160;0;
17586;5109903;1062785024;21790720;1149681664;0;0;0;0;0;0;0;0;0;0;0;3717;0;0;95;0;160;0;
17587;5001249;1062785024;21790720;1149681664;0;0;0;0;0;0;0;0;0;0;0;2034;0;0;95;0;160;0;
17588;5962652;1062785024;21790720;1149681664;0;0;0;0;0;0;0;0;0;0;0;4057;0;0;95;0;160;0;
17589;5969996;1062785024;21790720;1149681664;0;0;0;0;0;0;0;0;0;0;0;2575;0;0;95;0;160;0;
17590;5795719;1062785024;21790720;1149681664;0;0;0;0;0;0;0;0;0;0;0;3226;0;0;95;0;160;0;
17591;7112860;1062785024;21790720;1149681664;0;0;0;0;0;0;0;0;0;0;0;2355;0;0;95;0;160;0;
17592;6544513;1062785024;21790720;1149681664;0;0;0;0;0;0;0;0;0;0;0;3798;0;0;95;0;160;0;
17593;7708537;1062785024;21790720;1149681664;0;0;0;0;0;0;0;0;0;0;0;220173;0;0;95;0;160;0;
17594;4742744;1062785024;21790720;1149681664;0;0;0;0;0;0;0;0;0;0;0;4318;0;0;95;0;160;0;
17595;5374289;1062785024;21790720;1149681664;0;0;0;0;0;0;0;0;0;0;0;2285;0;0;95;0;160;0;
17596;5406700;1062785024;21790720;1149681664;0;0;0;0;0;0;0;0;0;0;0;4038;0;0;95;0;160;0;
17597;8019359;1062785024;21790720;1149681664;0;0;0;0;0;0;0;0;0;0;0;2514;0;0;95;0;160;0;
17598;5017891;1062785024;21790720;1149681664;0;0;0;0;0;0;0;0;0;0;0;3136;0;0;95;0;160;0;
17599;5575857;1062785024;21790720;1149681664;0;0;0;0;0;0;0;0;0;0;0;2535;0;0;95;0;160;0;
17600;5496889;1062785024;21790720;1149681664;0;0;0;0;0;0;0;0;0;0;0;3486;0;0;95;0;160;0;
17601;6300526;1062785024;21790720;1149681664;0;0;0;0;0;0;0;0;0;0;0;2294;0;0;95;0;160;0;
17602;7000498;1062785024;21790720;1149681664;0;0;0;0;0;0;0;0;0;0;0;3176;0;0;95;0;160;0;
17603;5525433;1062785024;21790720;1149681664;0;0;0;0;0;0;0;0;0;0;0;3607;0;0;95;0;160;0;
17604;6255772;1062785024;21790720;1149681664;0;0;0;0;0;0;0;0;0;0;0;3426;0;0;95;0;160;0;
17605;6418487;1062785024;21790720;1149681664;0;0;0;0;0;0;0;0;0;0;0;3226;0;0;95;0;160;0;
17606;6913114;1062785024;21790720;1149681664;0;0;0;0;0;0;0;0;0;0;0;3767;0;0;95;0;160;0;
17607;7639286;1062785024;21790720;1149681664;0;0;0;0;0;0;0;0;0;0;0;3296;0;0;95;0;160;0;
17608;5851184;1062785024;21790720;1149681664;0;0;0;0;0;0;0;0;0;0;0;3486;0;0;95;0;160;0;
17609;5819715;1062785024;21790720;1149681664;0;0;0;0;0;0;0;0;0;0;0;2765;0;0;95;0;160;0;
17610;7146052;1062785024;21790720;1149681664;0;0;0;0;0;0;0;0;0;0;0;3646;0;0;95;0;160;0;
17611;6357783;1062785024;21790720;1149681664;0;0;0;0;0;0;0;0;0;0;0;2535;0;0;95;0;160;0;
17612;6740732;1062785024;21790720;1149681664;0;0;0;0;0;0;0;0;0;0;0;3156;0;0;95;0;160;0;
17613;7743171;1062785024;21790720;1149681664;0;0;0;0;0;0;0;0;0;0;0;2695;0;0;95;0;160;0;
17614;5491820;1062785024;21790720;1149681664;0;0;0;0;0;0;0;0;0;0;0;3156;0;0;95;0;160;0;
17615;7154348;1062785024;21790720;1149681664;0;0;0;0;0;0;0;0;0;0;0;3817;0;0;95;0;160;0;
17616;4125256;1062785024;21790720;1149681664;0;0;0;0;0;0;0;0;0;0;0;3136;0;0;95;0;160;0;
17617;5494033;1062785024;21790720;1149681664;0;0;0;0;0;0;0;0;0;0;0;2715;0;0;95;0;160;0;
17618;4915458;1062785024;21790720;1149681664;0;0;0;0;0;0;0;0;0;0;0;2926;0;0;95;0;160;0;
17619;5656077;1062785024;21790720;1149681664;0;0;0;0;0;0;0;0;0;0;0;2465;0;0;95;0;160;0;
17620;5887091;1062785024;21790720;1149681664;0;0;0;0;0;0;0;0;0;0;0;4128;0;0;95;0;160;0;
17621;5802632;1062785024;21790720;1149681664;0;0;0;0;0;0;0;0;0;0;0;2916;0;0;95;0;160;0;
17622;5881610;1062785024;21790720;1149681664;0;0;0;0;0;0;0;0;0;0;0;3847;0;0;95;0;160;0;
17623;7397283;1062785024;21790720;1149681664;0;0;0;0;0;0;0;0;0;0;0;3907;0;0;95;0;160;0;
17624;4333747;1062785024;21790720;1149681664;0;0;0;0;0;0;0;0;0;0;0;4268;0;0;95;0;160;0;
17625;7005598;1062785024;21790720;1149681664;0;0;0;0;0;0;0;0;0;0;0;3246;0;0;95;0;160;0;
17626;6280658;1062785024;21790720;1149681664;0;0;0;0;0;0;0;0;0;0;0;3056;0;0;95;0;160;0;
17627;5638675;1062785024;21790720;1149681664;0;0;0;0;0;0;0;0;0;0;0;3327;0;0;95;0;160;0;
17628;5482371;1062785024;21790720;1149681664;0;0;0;0;0;0;0;0;0;0;0;3236;0;0;95;0;160;0;
17629;6431381;1062785024;21790720;1149681664;0;0;0;0;0;0;0;0;0;0;0;2835;0;0;95;0;160;0;
17630;4600087;1062785024;21790720;1149681664;0;0;0;0;0;0;0;0;0;0;0;3596;0;0;95;0;160;0;
17631;6233080;1062785024;21790720;1149681664;0;0;0;0;0;0;0;0;0;0;0;2946;0;0;95;0;160;0;
17632;3918218;1062785024;21790720;1149681664;0;0;0;0;0;0;0;0;0;0;0;3587;0;0;95;0;160;0;
17633;6152127;1062785024;21790720;1149681664;0;0;0;0;0;0;0;0;0;0;0;2695;0;0;95;0;160;0;
17634;3899062;1062785024;21790720;1149681664;0;0;0;0;0;0;0;0;0;0;0;3877;0;0;95;0;160;0;
17635;7289069;1062785024;21790720;1149681664;0;0;0;0;0;0;0;0;0;0;0;3737;0;0;95;0;160;0;
17636;3512668;1062785024;21790720;1149681664;0;0;0;0;0;0;0;0;0;0;0;2826;0;0;95;0;160;0;
17637;7233305;1062785024;21790720;1149681664;0;0;0;0;0;0;0;0;0;0;0;3116;0;0;95;0;160;0;
17638;4056507;1062785024;21790720;1149681664;0;0;0;0;0;0;0;0;0;0;0;3887;0;0;95;0;160;0;
17639;7544188;1062785024;21790720;1149681664;0;0;0;0;0;0;0;0;0;0;0;3447;0;0;95;0;160;0;
17640;3869917;1062785024;21790720;1149681664;0;0;0;0;0;0;0;0;0;0;0;4278;0;0;95;0;160;0;
17641;6442673;1062785024;21790720;1149681664;0;0;0;0;0;0;0;0;0;0;0;3987;0;0;95;0;160;0;
17642;4745029;1062785024;21790720;1149681664;0;0;0;0;0;0;0;0;0;0;0;4047;0;0;95;0;160;0;
17643;6135106;1062785024;21790720;1149681664;0;0;0;0;0;0;0;0;0;0;0;2434;0;0;95;0;160;0;
17644;3968463;1062785024;21790720;1149681664;0;0;0;0;0;0;0;0;0;0;0;3296;0;0;95;0;160;0;
17645;6873300;1062785024;21790720;1149681664;0;0;0;0;0;0;0;0;0;0;0;3947;0;0;95;0;160;0;
17646;3720117;1062785024;21790720;1149681664;0;0;0;0;0;0;0;0;0;0;0;2866;0;0;95;0;160;0;
17647;7433240;1062785024;21790720;1149681664;0;0;0;0;0;0;0;0;0;0;0;2675;0;0;95;0;160;0;
17648;4565031;1062785024;21790720;1149681664;0;0;0;0;0;0;0;0;0;0;0;3858;0;0;95;0;160;0;
17649;6403049;1062785024;21790720;1149681664;0;0;0;0;0;0;0;0;0;0;0;3217;0;0;95;0;160;0;
17650;4671731;1062785024;21790720;1149681664;0;0;0;0;0;0;0;0;0;0;0;3397;0;0;95;0;160;0;
17651;6307920;1062785024;21790720;1149681664;0;0;0;0;0;0;0;0;0;0;0;2845;0;0;95;0;160;0;
17652;5040653;1062785024;21790720;1149681664;0;0;0;0;0;0;0;0;0;0;0;3206;0;0;95;0;160;0;
17653;8031011;1062785024;21790720;1149681664;0;0;0;0;0;0;0;0;0;0;0;3286;0;0;95;0;160;0;
17654;6202763;1062785024;21790720;1149681664;0;0;0;0;0;0;0;0;0;0;0;3616;0;0;95;0;160;0;
17655;6979710;1062785024;21790720;1149681664;0;0;0;0;0;0;0;0;0;0;0;3386;0;0;95;0;160;0;
17656;5933618;1062785024;21790720;1149681664;0;0;0;0;0;0;0;0;0;0;0;3327;0;0;95;0;160;0;
17657;5858587;1062785024;21790720;1149681664;0;0;0;0;0;0;0;0;0;0;0;2755;0;0;95;0;160;0;
17658;5414014;1062785024;21790720;1149681664;0;0;0;0;0;0;0;0;0;0;0;4368;0;0;95;0;160;0;
17659;4633349;1062785024;21790720;1149681664;0;0;0;0;0;0;0;0;0;0;0;2114;0;0;95;0;160;0;
17660;4211759;1062785024;21790720;1149681664;0;0;0;0;0;0;0;0;0;0;0;3686;0;0;95;0;160;0;
17661;6726434;1062785024;21790720;1149681664;0;0;0;0;0;0;0;0;0;0;0;3867;0;0;95;0;160;0;
17662;6011404;1062785024;21790720;1149681664;0;0;0;0;0;0;0;0;0;0;0;4889;0;0;95;0;160;0;
17663;6507805;1062785024;21790720;1149681664;0;0;0;0;0;0;0;0;0;0;0;3246;0;0;95;0;160;0;
17664;5363158;1062785024;21790720;1149681664;0;0;0;0;0;0;0;0;0;0;0;3106;0;0;95;0;160;0;
17665;6114578;1062785024;21790720;1149681664;0;0;0;0;0;0;0;0;0;0;0;3737;0;0;95;0;160;0;
17666;4545053;1062785024;21790720;1149681664;0;0;0;0;0;0;0;0;0;0;0;3867;0;0;95;0;160;0;
17667;7274352;1062785024;21790720;1149681664;0;0;0;0;0;0;0;0;0;0;0;3115;0;0;95;0;160;0;
17668;5239215;1062785024;21790720;1149681664;0;0;0;0;0;0;0;0;0;0;0;4648;0;0;95;0;160;0;
17669;7142475;1062785024;21790720;1149681664;0;0;0;0;0;0;0;0;0;0;0;3576;0;0;95;0;160;0;
17670;6517803;1062785024;21790720;1149681664;0;0;0;0;0;0;0;0;0;0;0;3306;0;0;95;0;160;0;
17671;5600142;1062785024;21790720;1149681664;0;0;0;0;0;0;0;0;0;0;0;2344;0;0;95;0;160;0;
17672;4722376;1062785024;21790720;1149681664;0;0;0;0;0;0;0;0;0;0;0;3687;0;0;95;0;160;0;
17673;4936248;1062785024;21790720;1149681664;0;0;0;0;0;0;0;0;0;0;0;2455;0;0;95;0;160;0;
17674;5581468;1062785024;21790720;1149681664;0;0;0;0;0;0;0;0;0;0;0;3376;0;0;95;0;160;0;
17675;7042037;1062785024;21790720;1149681664;0;0;0;0;0;0;0;0;0;0;0;2154;0;0;95;0;160;0;
17676;6842682;1062785024;21790720;1149681664;0;0;0;0;0;0;0;0;0;0;0;3918;0;0;95;0;160;0;
17677;6855617;1062785024;21790720;1149681664;0;0;0;0;0;0;0;0;0;0;0;2705;0;0;95;0;160;0;
17678;4217650;1062785024;21790720;1149681664;0;0;0;0;0;0;0;0;0;0;0;3637;0;0;95;0;160;0;
17679;8195941;1062785024;21790720;1149681664;0;0;0;0;0;0;0;0;0;0;0;4028;0;0;95;0;160;0;
17680;5365713;1062785024;21790720;1149681664;0;0;0;0;0;0;0;0;0;0;0;3346;0;0;95;0;160;0;
17681;6500992;1062785024;21794816;1149685760;0;0;0;0;0;0;0;0;0;0;0;2906;0;0;95;0;160;0;
17682;5332230;1062785024;21798912;1149689856;0;0;0;0;0;0;0;0;0;0;0;4138;0;0;95;0;160;0;
17683;6480433;1062785024;21798912;1149689856;0;0;0;0;0;0;0;0;0;0;0;2084;0;0;95;0;160;0;
17684;7431657;1062785024;21798912;1149689856;0;0;0;0;0;0;0;0;0;0;0;3556;0;0;95;0;160;0;
17685;5064257;1062785024;21798912;1149689856;0;0;0;0;0;0;0;0;0;0;0;2775;0;0;95;0;160;0;
17686;7021258;1062785024;21798912;1149689856;0;0;0;0;0;0;0;0;0;0;0;2785;0;0;95;0;160;0;
17687;8296669;1062785024;21798912;1149689856;0;0;0;0;0;0;0;0;0;0;0;2465;0;0;95;0;160;0;
17688;5257389;1062866944;21790720;1149681664;0;0;0;0;0;0;0;0;0;0;0;3817;0;0;95;0;160;0;
17689;6495081;1062866944;21790720;1149681664;0;0;0;0;0;0;0;0;0;0;0;2384;0;0;95;0;160;0;
17690;6924456;1062866944;21790720;1149681664;0;0;0;0;0;0;0;0;0;0;0;2815;0;0;95;0;160;0;
17691;7851775;1062866944;21790720;1149681664;0;0;0;0;0;0;0;0;0;0;0;3987;0;0;95;0;160;0;
17692;4980981;1062866944;21790720;1149681664;0;0;0;0;0;0;0;0;0;0;0;3196;0;0;95;0;160;0;
17693;8618052;1062866944;21790720;1149681664;0;0;0;0;0;0;0;0;0;0;0;2545;0;0;95;0;160;0;
17694;5396240;1062866944;21790720;1149681664;0;0;0;0;0;0;0;0;0;0;0;3557;0;0;95;0;160;0;
17695;9385742;1062866944;21790720;1149681664;0;0;0;0;0;0;0;0;0;0;0;3717;0;0;95;0;160;0;
17696;12015353;1062866944;21790720;1149681664;0;0;0;0;0;0;0;0;0;0;0;3236;0;0;95;0;160;0;
17697;5145650;1062866944;21790720;1149681664;0;0;0;0;0;0;0;0;0;0;0;2144;0;0;95;0;160;0;
17698;7203329;1062866944;21790720;1149681664;0;0;0;0;0;0;0;0;0;0;0;3116;0;0;95;0;160;0;
17699;8191051;1062866944;21790720;1149681664;0;0;0;0;0;0;0;0;0;0;0;2976;0;0;95;0;160;0;
17700;5655787;1062866944;21790720;1149681664;0;0;0;0;0;0;0;0;0;0;0;2595;0;0;95;0;160;0;
17701;6192774;1062866944;21790720;1149681664;0;0;0;0;0;0;0;0;0;0;0;2625;0;0;95;0;160;0;
17702;7260216;1062866944;21790720;1149681664;0;0;0;0;0;0;0;0;0;0;0;3417;0;0;95;0;160;0;
17703;7139760;1062866944;21790720;1149681664;0;0;0;0;0;0;0;0;0;0;0;2004;0;0;95;0;160;0;
17704;5171428;1062866944;21790720;1149681664;0;0;0;0;0;0;0;0;0;0;0;2955;0;0;95;0;160;0;
17705;6748096;1062866944;21790720;1149681664;0;0;0;0;0;0;0;0;0;0;0;2956;0;0;95;0;160;0;
17706;5109873;1062866944;21790720;1149681664;0;0;0;0;0;0;0;0;0;0;0;3436;0;0;95;0;160;0;
17707;8181093;1062866944;21790720;1149681664;0;0;0;0;0;0;0;0;0;0;0;3236;0;0;95;0;160;0;
17708;5701222;1062866944;21790720;1149681664;0;0;0;0;0;0;0;0;0;0;0;3937;0;0;95;0;160;0;
17709;7237954;1062866944;21790720;1149681664;0;0;0;0;0;0;0;0;0;0;0;3186;0;0;95;0;160;0;
17710;5727402;1062866944;21790720;1149681664;0;0;0;0;0;0;0;0;0;0;0;2845;0;0;95;0;160;0;
17711;6226878;1062866944;21790720;1149681664;0;0;0;0;0;0;0;0;0;0;0;2996;0;0;95;0;160;0;
17712;5802582;1062866944;21790720;1149681664;0;0;0;0;0;0;0;0;0;0;0;2926;0;0;95;0;160;0;
17713;5476611;1062866944;21790720;1149681664;0;0;0;0;0;0;0;0;0;0;0;10499;0;0;95;0;160;0;
17714;4591190;1062866944;21790720;1149681664;0;0;0;0;0;0;0;0;0;0;0;3236;0;0;95;0;160;0;
17715;7294129;1062866944;21790720;1149681664;0;0;0;0;0;0;0;0;0;0;0;3025;0;0;95;0;160;0;
17716;4947749;1062866944;21790720;1149681664;0;0;0;0;0;0;0;0;0;0;0;4619;0;0;95;0;160;0;
17717;6516270;1062866944;21790720;1149681664;0;0;0;0;0;0;0;0;0;0;0;2835;0;0;95;0;160;0;
17718;4855887;1062866944;21790720;1149681664;0;0;0;0;0;0;0;0;0;0;0;3296;0;0;95;0;160;0;
17719;6534224;1062866944;21790720;1149681664;0;0;0;0;0;0;0;0;0;0;0;63560;0;0;95;0;160;0;
17720;4791646;1062866944;21790720;1149681664;0;0;0;0;0;0;0;0;0;0;0;3497;0;0;95;0;160;0;
17721;6279918;1062866944;21790720;1149681664;0;0;0;0;0;0;0;0;0;0;0;3547;0;0;95;0;160;0;
17722;5638444;1062866944;21790720;1149681664;0;0;0;0;0;0;0;0;0;0;0;4138;0;0;95;0;160;0;
17723;6716797;1062866944;21790720;1149681664;0;0;0;0;0;0;0;0;0;0;0;4128;0;0;95;0;160;0;
17724;7309228;1062866944;21790720;1149681664;0;0;0;0;0;0;0;0;0;0;0;3397;0;0;95;0;160;0;
17725;4522060;1062866944;21790720;1149681664;0;0;0;0;0;0;0;0;0;0;0;2425;0;0;95;0;160;0;
17726;5918950;1062866944;21790720;1149681664;0;0;0;0;0;0;0;0;0;0;0;2665;0;0;95;0;160;0;
17727;4552618;1062866944;21790720;1149681664;0;0;0;0;0;0;0;0;0;0;0;1874;0;0;95;0;160;0;
17728;7339063;1062866944;21790720;1149681664;0;0;0;0;0;0;0;0;0;0;0;3867;0;0;95;0;160;0;
17729;5900646;1062866944;21790720;1149681664;0;0;0;0;0;0;0;0;0;0;0;2154;0;0;95;0;160;0;
17730;6530647;1062866944;21790720;1149681664;0;0;0;0;0;0;0;0;0;0;0;3176;0;0;95;0;160;0;
17731;6457249;1062866944;21790720;1149681664;0;0;0;0;0;0;0;0;0;0;0;3266;0;0;95;0;160;0;
17732;5270264;1062866944;21790720;1149681664;0;0;0;0;0;0;0;0;0;0;0;4087;0;0;95;0;160;0;
17733;8014480;1062866944;21790720;1149681664;0;0;0;0;0;0;0;0;0;0;0;3466;0;0;95;0;160;0;
17734;4400182;1062866944;21790720;1149681664;0;0;0;0;0;0;0;0;0;0;0;3286;0;0;95;0;160;0;
17735;8568920;1062866944;21790720;1149681664;0;0;0;0;0;0;0;0;0;0;0;3356;0;0;95;0;160;0;
17736;4346260;1062866944;21790720;1149681664;0;0;0;0;0;0;0;0;0;0;0;3918;0;0;95;0;160;0;
17737;8341954;1062866944;21790720;1149681664;0;0;0;0;0;0;0;0;0;0;0;3737;0;0;95;0;160;0;
17738;5285051;1062866944;21790720;1149681664;0;0;0;0;0;0;0;0;0;0;0;2926;0;0;95;0;160;0;
17739;6341082;1062866944;21790720;1149681664;0;0;0;0;0;0;0;0;0;0;0;2915;0;0;95;0;160;0;
17740;4074572;1062866944;21790720;1149681664;0;0;0;0;0;0;0;0;0;0;0;2995;0;0;95;0;160;0;
17741;9749765;1062866944;21790720;1149681664;0;0;0;0;0;0;0;0;0;0;0;4298;0;0;95;0;160;0;
17742;6705435;1062866944;21790720;1149681664;0;0;0;0;0;0;0;0;0;0;0;3376;0;0;95;0;160;0;
17743;8744109;1062866944;21790720;1149681664;0;0;0;0;0;0;0;0;0;0;0;3015;0;0;95;0;160;0;
17744;6021744;1062866944;21790720;1149681664;0;0;0;0;0;0;0;0;0;0;0;3457;0;0;95;0;160;0;
17745;8636907;1062866944;21790720;1149681664;0;0;0;0;0;0;0;0;0;0;0;3827;0;0;95;0;160;0;
17746;6137570;1062866944;21790720;1149681664;0;0;0;0;0;0;0;0;0;0;0;2835;0;0;95;0;160;0;
17747;8687072;1062866944;21790720;1149681664;0;0;0;0;0;0;0;0;0;0;0;4448;0;0;95;0;160;0;
17748;4908075;1062866944;21790720;1149681664;0;0;0;0;0;0;0;0;0;0;0;4148;0;0;95;0;160;0;
17749;9524372;1062866944;21790720;1149681664;0;0;0;0;0;0;0;0;0;0;0;3517;0;0;95;0;160;0;
17750;6944874;1062866944;21790720;1149681664;0;0;0;0;0;0;0;0;0;0;0;3125;0;0;95;0;160;0;
17751;7300551;1062866944;21790720;1149681664;0;0;0;0;0;0;0;0;0;0;0;3456;0;0;95;0;160;0;
17752;5170767;1062866944;21790720;1149681664;0;0;0;0;0;0;0;0;0;0;0;3747;0;0;95;0;160;0;
17753;6524095;1062866944;21790720;1149681664;0;0;0;0;0;0;0;0;0;0;0;2716;0;0;95;0;160;0;
17754;5318033;1062866944;21790720;1149681664;0;0;0;0;0;0;0;0;0;0;0;3196;0;0;95;0;160;0;
17755;7708076;1062866944;21790720;1149681664;0;0;0;0;0;0;0;0;0;0;0;2755;0;0;95;0;160;0;
17756;3605021;1062866944;21790720;1149681664;0;0;0;0;0;0;0;0;0;0;0;3176;0;0;95;0;160;0;
17757;7832289;1062866944;21790720;1149681664;0;0;0;0;0;0;0;0;0;0;0;3356;0;0;95;0;160;0;
17758;4802496;1062866944;21790720;1149681664;0;0;0;0;0;0;0;0;0;0;0;2855;0;0;95;0;160;0;
17759;7694760;1062866944;21790720;1149681664;0;0;0;0;0;0;0;0;0;0;0;3436;0;0;95;0;160;0;
17760;5598209;1062866944;21790720;1149681664;0;0;0;0;0;0;0;0;0;0;0;2775;0;0;95;0;160;0;
17761;5954697;1062866944;21790720;1149681664;0;0;0;0;0;0;0;0;0;0;0;2284;0;0;95;0;160;0;
17762;5462865;1062866944;21790720;1149681664;0;0;0;0;0;0;0;0;0;0;0;4258;0;0;95;0;160;0;
17763;8659621;1062866944;21790720;1149681664;0;0;0;0;0;0;0;0;0;0;0;3547;0;0;95;0;160;0;
17764;6699615;1062866944;21790720;1149681664;0;0;0;0;0;0;0;0;0;0;0;3466;0;0;95;0;160;0;
17765;6940346;1062866944;21790720;1149681664;0;0;0;0;0;0;0;0;0;0;0;3767;0;0;95;0;160;0;
17766;5144187;1062866944;21790720;1149681664;0;0;0;0;0;0;0;0;0;0;0;3256;0;0;95;0;160;0;
17767;5617475;1062866944;21790720;1149681664;0;0;0;0;0;0;0;0;0;0;0;4088;0;0;95;0;160;0;
17768;6185891;1062866944;21790720;1149681664;0;0;0;0;0;0;0;0;0;0;0;2574;0;0;95;0;160;0;
17769;6728468;1062866944;21790720;1149681664;0;0;0;0;0;0;0;0;0;0;0;3296;0;0;95;0;160;0;
17770;5125443;1062866944;21790720;1149681664;0;0;0;0;0;0;0;0;0;0;0;2896;0;0;95;0;160;0;
17771;6725723;1062866944;21790720;1149681664;0;0;0;0;0;0;0;0;0;0;0;4619;0;0;95;0;160;0;
17772;5585915;1062866944;21790720;1149681664;0;0;0;0;0;0;0;0;0;0;0;2735;0;0;95;0;160;0;
17773;7367527;1062866944;21790720;1149681664;0;0;0;0;0;0;0;0;0;0;0;2695;0;0;95;0;160;0;
17774;6324982;1062866944;21790720;1149681664;0;0;0;0;0;0;0;0;0;0;0;3848;0;0;95;0;160;0;
17775;7343152;1062866944;21790720;1149681664;0;0;0;0;0;0;0;0;0;0;0;3888;0;0;95;0;160;0;
17776;4742334;1062866944;21790720;1149681664;0;0;0;0;0;0;0;0;0;0;0;3587;0;0;95;0;160;0;
17777;6721375;1062866944;21790720;1149681664;0;0;0;0;0;0;0;0;0;0;0;2585;0;0;95;0;160;0;
17778;4976653;1062866944;21790720;1149681664;0;0;0;0;0;0;0;0;0;0;0;2735;0;0;95;0;160;0;
17779;9414636;1062866944;21790720;1149681664;0;0;0;0;0;0;0;0;0;0;0;4638;0;0;95;0;160;0;
17780;5536704;1062866944;21790720;1149681664;0;0;0;0;0;0;0;0;0;0;0;4268;0;0;95;0;160;0;
17781;8171555;1062866944;21790720;1149681664;0;0;0;0;0;0;0;0;0;0;0;2665;0;0;95;0;160;0;
17782;6429097;1062866944;21790720;1149681664;0;0;0;0;0;0;0;0;0;0;0;3797;0;0;95;0;160;0;
17783;6578557;1062866944;21790720;1149681664;0;0;0;0;0;0;0;0;0;0;0;2355;0;0;95;0;160;0;
17784;5469538;1062866944;21790720;1149681664;0;0;0;0;0;0;0;0;0;0;0;3387;0;0;95;0;160;0;
17785;6758885;1062866944;21790720;1149681664;0;0;0;0;0;0;0;0;0;0;0;3827;0;0;95;0;160;0;
17786;5643523;1062866944;21790720;1149681664;0;0;0;0;0;0;0;0;0;0;0;3426;0;0;95;0;160;0;
17787;5955569;1062866944;21790720;1149681664;0;0;0;0;0;0;0;0;0;0;0;2745;0;0;95;0;160;0;
17788;4769916;1062866944;21790720;1149681664;0;0;0;0;0;0;0;0;0;0;0;2955;0;0;95;0;160;0;
17789;5919922;1062866944;21790720;1149681664;0;0;0;0;0;0;0;0;0;0;0;2264;0;0;95;0;160;0;
17790;4805672;1062866944;21790720;1149681664;0;0;0;0;0;0;0;0;0;0;0;3356;0;0;95;0;160;0;
17791;6406314;1062866944;21790720;1149681664;0;0;0;0;0;0;0;0;0;0;0;2254;0;0;95;0;160;0;
17792;4193023;1062866944;21790720;1149681664;0;0;0;0;0;0;0;0;0;0;0;2645;0;0;95;0;160;0;
17793;5744082;1062866944;21790720;1149681664;0;0;0;0;0;0;0;0;0;0;0;2234;0;0;95;0;160;0;
17794;4872678;1062866944;21790720;1149681664;0;0;0;0;0;0;0;0;0;0;0;2374;0;0;95;0;160;0;
17795;5717533;1062866944;21790720;1149681664;0;0;0;0;0;0;0;0;0;0;0;1944;0;0;95;0;160;0;
17796;3533236;1062866944;21790720;1149681664;0;0;0;0;0;0;0;0;0;0;0;3456;0;0;95;0;160;0;
17797;5354061;1062866944;21790720;1149681664;0;0;0;0;0;0;0;0;0;0;0;2685;0;0;95;0;160;0;
17798;4097054;1062866944;21790720;1149681664;0;0;0;0;0;0;0;0;0;0;0;3246;0;0;95;0;160;0;
17799;5489705;1062866944;21790720;1149681664;0;0;0;0;0;0;0;0;0;0;0;2103;0;0;95;0;160;0;
17800;3868415;1062866944;21790720;1149681664;0;0;0;0;0;0;0;0;0;0;0;3437;0;0;95;0;160;0;
17801;6402567;1062866944;21790720;1149681664;0;0;0;0;0;0;0;0;0;0;0;2184;0;0;95;0;160;0;
17802;5887431;1062866944;21790720;1149681664;0;0;0;0;0;0;0;0;0;0;0;2324;0;0;95;0;160;0;
17803;6467699;1062866944;21790720;1149681664;0;0;0;0;0;0;0;0;0;0;0;3677;0;0;95;0;160;0;
17804;5524100;1062866944;21790720;1149681664;0;0;0;0;0;0;0;0;0;0;0;3156;0;0;95;0;160;0;
17805;6640493;1062866944;21790720;1149681664;0;0;0;0;0;0;0;0;0;0;0;3337;0;0;95;0;160;0;
17806;4927230;1062866944;21790720;1149681664;0;0;0;0;0;0;0;0;0;0;0;3556;0;0;95;0;160;0;
17807;5399997;1062866944;21790720;1149681664;0;0;0;0;0;0;0;0;0;0;0;3105;0;0;95;0;160;0;
17808;3233344;1062866944;21790720;1149681664;0;0;0;0;0;0;0;0;0;0;0;2785;0;0;95;0;160;0;
17809;7224629;1062866944;21790720;1149681664;0;0;0;0;0;0;0;0;0;0;0;3286;0;0;95;0;160;0;
17810;6236325;1062866944;21790720;1149681664;0;0;0;0;0;0;0;0;0;0;0;3426;0;0;95;0;160;0;
17811;7007041;1062866944;21790720;1149681664;0;0;0;0;0;0;0;0;0;0;0;2374;0;0;95;0;160;0;
17812;4589507;1062866944;21790720;1149681664;0;0;0;0;0;0;0;0;0;0;0;3126;0;0;95;0;160;0;
17813;6124566;1062866944;21790720;1149681664;0;0;0;0;0;0;0;0;0;0;0;2455;0;0;95;0;160;0;
17814;4806835;1062866944;21790720;1149681664;0;0;0;0;0;0;0;0;0;0;0;2705;0;0;95;0;160;0;
17815;6435900;1062866944;21790720;1149681664;0;0;0;0;0;0;0;0;0;0;0;3005;0;0;95;0;160;0;
17816;4291999;1062866944;21790720;1149681664;0;0;0;0;0;0;0;0;0;0;0;3246;0;0;95;0;160;0;
17817;6589077;1062866944;21790720;1149681664;0;0;0;0;0;0;0;0;0;0;0;3797;0;0;95;0;160;0;
17818;3895826;1062866944;21790720;1149681664;0;0;0;0;0;0;0;0;0;0;0;3507;0;0;95;0;160;0;
17819;7140721;1062866944;21790720;1149681664;0;0;0;0;0;0;0;0;0;0;0;2315;0;0;95;0;160;0;
17820;3543254;1062866944;21790720;1149681664;0;0;0;0;0;0;0;0;0;0;0;3627;0;0;95;0;160;0;
17821;6855216;1062866944;21790720;1149681664;0;0;0;0;0;0;0;0;0;0;0;3607;0;0;95;0;160;0;
17822;3501897;1062866944;21790720;1149681664;0;0;0;0;0;0;0;0;0;0;0;3317;0;0;95;0;160;0;
17823;7769231;1062866944;21790720;1149681664;0;0;0;0;0;0;0;0;0;0;0;3356;0;0;95;0;160;0;
17824;5229567;1062866944;21790720;1149681664;0;0;0;0;0;0;0;0;0;0;0;3697;0;0;95;0;160;0;
17825;7334836;1062866944;21790720;1149681664;0;0;0;0;0;0;0;0;0;0;0;3997;0;0;95;0;160;0;
17826;6294445;1062866944;21790720;1149681664;0;0;0;0;0;0;0;0;0;0;0;3085;0;0;95;0;160;0;
17827;6816754;1062866944;21790720;1149681664;0;0;0;0;0;0;0;0;0;0;0;2986;0;0;95;0;160;0;
17828;6809871;1062866944;21790720;1149681664;0;0;0;0;0;0;0;0;0;0;0;4048;0;0;95;0;160;0;
17829;5891610;1062866944;21790720;1149681664;0;0;0;0;0;0;0;0;0;0;0;2435;0;0;95;0;160;0;
17830;6094930;1062866944;21790720;1149681664;0;0;0;0;0;0;0;0;0;0;0;3447;0;0;95;0;160;0;
17831;8085954;1062866944;21790720;1149681664;0;0;0;0;0;0;0;0;0;0;0;2976;0;0;95;0;160;0;
17832;6724721;1062866944;21790720;1149681664;0;0;0;0;0;0;0;0;0;0;0;3106;0;0;95;0;160;0;
17833;7083564;1062866944;21790720;1149681664;0;0;0;0;0;0;0;0;0;0;0;3066;0;0;95;0;160;0;
17834;6701247;1062866944;21790720;1149681664;0;0;0;0;0;0;0;0;0;0;0;3858;0;0;95;0;160;0;
17835;6863672;1062866944;21790720;1149681664;0;0;0;0;0;0;0;0;0;0;0;3326;0;0;95;0;160;0;
17836;6463782;1062866944;21790720;1149681664;0;0;0;0;0;0;0;0;0;0;0;4409;0;0;95;0;160;0;
17837;7673560;1062866944;21790720;1149681664;0;0;0;0;0;0;0;0;0;0;0;2805;0;0;95;0;160;0;
17838;7183071;1062866944;21790720;1149681664;0;0;0;0;0;0;0;0;0;0;0;4588;0;0;95;0;160;0;
17839;8149884;1062866944;21790720;1149681664;0;0;0;0;0;0;0;0;0;0;0;3466;0;0;95;0;160;0;
17840;5619228;1062866944;21790720;1149681664;0;0;0;0;0;0;0;0;0;0;0;3687;0;0;95;0;160;0;
17841;8089491;1062866944;21794816;1149685760;0;0;0;0;0;0;0;0;0;0;0;3056;0;0;95;0;160;0;
17842;4569028;1062866944;21798912;1149689856;0;0;0;0;0;0;0;0;0;0;0;3737;0;0;95;0;160;0;
17843;6736533;1062866944;21798912;1149689856;0;0;0;0;0;0;0;0;0;0;0;3517;0;0;95;0;160;0;
17844;6143081;1062866944;21798912;1149689856;0;0;0;0;0;0;0;0;0;0;0;4569;0;0;95;0;160;0;
17845;7604481;1062866944;21798912;1149689856;0;0;0;0;0;0;0;0;0;0;0;2886;0;0;95;0;160;0;
17846;6100621;1062866944;21798912;1149689856;0;0;0;0;0;0;0;0;0;0;0;2965;0;0;95;0;160;0;
17847;9282468;1062866944;21798912;1149689856;0;0;0;0;0;0;0;0;0;0;0;3366;0;0;95;0;160;0;
17848;10763115;1062924288;21790720;1149681664;0;0;0;0;0;0;0;0;0;0;0;2926;0;0;95;0;160;0;
17849;6688143;1062924288;21790720;1149681664;0;0;0;0;0;0;0;0;0;0;0;4038;0;0;95;0;160;0;
17850;6630414;1062924288;21790720;1149681664;0;0;0;0;0;0;0;0;0;0;0;3948;0;0;95;0;160;0;
17851;6870064;1062924288;21790720;1149681664;0;0;0;0;0;0;0;0;0;0;0;3626;0;0;95;0;160;0;
17852;6992573;1062924288;21790720;1149681664;0;0;0;0;0;0;0;0;0;0;0;3617;0;0;95;0;160;0;
17853;12393021;1062924288;21790720;1149681664;0;0;0;0;0;0;0;0;0;0;0;2685;0;0;95;0;160;0;
17854;5618918;1062924288;21790720;1149681664;0;0;0;0;0;0;0;0;0;0;0;3567;0;0;95;0;160;0;
17855;6934685;1062924288;21790720;1149681664;0;0;0;0;0;0;0;0;0;0;0;3616;0;0;95;0;160;0;
17856;5877212;1062924288;21790720;1149681664;0;0;0;0;0;0;0;0;0;0;0;3196;0;0;95;0;160;0;
17857;6464003;1062924288;21790720;1149681664;0;0;0;0;0;0;0;0;0;0;0;2355;0;0;95;0;160;0;
17858;7056113;1062924288;21790720;1149681664;0;0;0;0;0;0;0;0;0;0;0;4167;0;0;95;0;160;0;
17859;5910004;1062924288;21790720;1149681664;0;0;0;0;0;0;0;0;0;0;0;3426;0;0;95;0;160;0;
17860;5316451;1062924288;21790720;1149681664;0;0;0;0;0;0;0;0;0;0;0;3417;0;0;95;0;160;0;
17861;5740877;1062924288;21790720;1149681664;0;0;0;0;0;0;0;0;0;0;0;2715;0;0;95;0;160;0;
17862;4382539;1062924288;21790720;1149681664;0;0;0;0;0;0;0;0;0;0;0;3206;0;0;95;0;160;0;
17863;7138819;1062924288;21790720;1149681664;0;0;0;0;0;0;0;0;0;0;0;4528;0;0;95;0;160;0;
17864;4801083;1062924288;21790720;1149681664;0;0;0;0;0;0;0;0;0;0;0;2945;0;0;95;0;160;0;
17865;7744224;1062924288;21790720;1149681664;0;0;0;0;0;0;0;0;0;0;0;3306;0;0;95;0;160;0;
17866;5668902;1062924288;21790720;1149681664;0;0;0;0;0;0;0;0;0;0;0;4709;0;0;95;0;160;0;
17867;7388586;1062924288;21790720;1149681664;0;0;0;0;0;0;0;0;0;0;0;3527;0;0;95;0;160;0;
17868;4272162;1062924288;21790720;1149681664;0;0;0;0;0;0;0;0;0;0;0;3707;0;0;95;0;160;0;
17869;6668365;1062924288;21790720;1149681664;0;0;0;0;0;0;0;0;0;0;0;3747;0;0;95;0;160;0;
17870;3746847;1062924288;21790720;1149681664;0;0;0;0;0;0;0;0;0;0;0;2715;0;0;95;0;160;0;
17871;7205352;1062924288;21790720;1149681664;0;0;0;0;0;0;0;0;0;0;0;4769;0;0;95;0;160;0;
17872;4736192;1062924288;21790720;1149681664;0;0;0;0;0;0;0;0;0;0;0;4548;0;0;95;0;160;0;
17873;7593831;1062924288;21790720;1149681664;0;0;0;0;0;0;0;0;0;0;0;3467;0;0;95;0;160;0;
17874;4854574;1062924288;21790720;1149681664;0;0;0;0;0;0;0;0;0;0;0;4087;0;0;95;0;160;0;
17875;8588356;1062924288;21790720;1149681664;0;0;0;0;0;0;0;0;0;0;0;3977;0;0;95;0;160;0;
17876;5833641;1062924288;21790720;1149681664;0;0;0;0;0;0;0;0;0;0;0;3627;0;0;95;0;160;0;
17877;7725288;1062924288;21790720;1149681664;0;0;0;0;0;0;0;0;0;0;0;2915;0;0;95;0;160;0;
17878;5438810;1062924288;21790720;1149681664;0;0;0;0;0;0;0;0;0;0;0;3146;0;0;95;0;160;0;
17879;6988847;1062924288;21790720;1149681664;0;0;0;0;0;0;0;0;0;0;0;2935;0;0;95;0;160;0;
17880;4373061;1062924288;21790720;1149681664;0;0;0;0;0;0;0;0;0;0;0;3697;0;0;95;0;160;0;
17881;7307664;1062924288;21790720;1149681664;0;0;0;0;0;0;0;0;0;0;0;5079;0;0;95;0;160;0;
17882;4395313;1062924288;21790720;1149681664;0;0;0;0;0;0;0;0;0;0;0;3466;0;0;95;0;160;0;
17883;5732942;1062924288;21790720;1149681664;0;0;0;0;0;0;0;0;0;0;0;2855;0;0;95;0;160;0;
17884;4954972;1062924288;21790720;1149681664;0;0;0;0;0;0;0;0;0;0;0;3427;0;0;95;0;160;0;
17885;6411484;1062924288;21790720;1149681664;0;0;0;0;0;0;0;0;0;0;0;4108;0;0;95;0;160;0;
17886;5268070;1062924288;21790720;1149681664;0;0;0;0;0;0;0;0;0;0;0;4118;0;0;95;0;160;0;
17887;7504363;1062924288;21790720;1149681664;0;0;0;0;0;0;0;0;0;0;0;3106;0;0;95;0;160;0;
17888;7421929;1062924288;21790720;1149681664;0;0;0;0;0;0;0;0;0;0;0;2935;0;0;95;0;160;0;
17889;6127291;1062924288;21790720;1149681664;0;0;0;0;0;0;0;0;0;0;0;2936;0;0;95;0;160;0;
17890;6055927;1062924288;21790720;1149681664;0;0;0;0;0;0;0;0;0;0;0;2514;0;0;95;0;160;0;
17891;5438299;1062924288;21790720;1149681664;0;0;0;0;0;0;0;0;0;0;0;2215;0;0;95;0;160;0;
17892;5945550;1062924288;21790720;1149681664;0;0;0;0;0;0;0;0;0;0;0;3116;0;0;95;0;160;0;
17893;5761405;1062924288;21790720;1149681664;0;0;0;0;0;0;0;0;0;0;0;2946;0;0;95;0;160;0;
17894;5860130;1062924288;21790720;1149681664;0;0;0;0;0;0;0;0;0;0;0;3616;0;0;95;0;160;0;
17895;5654785;1062924288;21790720;1149681664;0;0;0;0;0;0;0;0;0;0;0;2414;0;0;95;0;160;0;
17896;6730081;1062924288;21790720;1149681664;0;0;0;0;0;0;0;0;0;0;0;3797;0;0;95;0;160;0;
17897;6047050;1062924288;21790720;1149681664;0;0;0;0;0;0;0;0;0;0;0;2675;0;0;95;0;160;0;
17898;4981532;1062924288;21790720;1149681664;0;0;0;0;0;0;0;0;0;0;0;4078;0;0;95;0;160;0;
17899;12203506;1062924288;21790720;1149681664;0;0;0;0;0;0;0;0;0;0;0;3666;0;0;95;0;160;0;
17900;6996381;1062924288;21790720;1149681664;0;0;0;0;0;0;0;0;0;0;0;3016;0;0;95;0;160;0;
17901;9244627;1062924288;21790720;1149681664;0;0;0;0;0;0;0;0;0;0;0;3988;0;0;95;0;160;0;
17902;6399462;1062924288;21790720;1149681664;0;0;0;0;0;0;0;0;0;0;0;3316;0;0;95;0;160;0;
17903;8173539;1062924288;21790720;1149681664;0;0;0;0;0;0;0;0;0;0;0;3236;0;0;95;0;160;0;
17904;6768314;1062924288;21790720;1149681664;0;0;0;0;0;0;0;0;0;0;0;3938;0;0;95;0;160;0;
17905;6555785;1062924288;21790720;1149681664;0;0;0;0;0;0;0;0;0;0;0;3647;0;0;95;0;160;0;
17906;7663842;1062924288;21790720;1149681664;0;0;0;0;0;0;0;0;0;0;0;3817;0;0;95;0;160;0;
17907;7355585;1062924288;21790720;1149681664;0;0;0;0;0;0;0;0;0;0;0;3166;0;0;95;0;160;0;
17908;6625255;1062924288;21790720;1149681664;0;0;0;0;0;0;0;0;0;0;0;3186;0;0;95;0;160;0;
17909;8348096;1062924288;21790720;1149681664;0;0;0;0;0;0;0;0;0;0;0;3607;0;0;95;0;160;0;
17910;4987754;1062924288;21790720;1149681664;0;0;0;0;0;0;0;0;0;0;0;2935;0;0;95;0;160;0;
17911;8057992;1062924288;21790720;1149681664;0;0;0;0;0;0;0;0;0;0;0;4459;0;0;95;0;160;0;
17912;7867505;1062924288;21790720;1149681664;0;0;0;0;0;0;0;0;0;0;0;3927;0;0;95;0;160;0;
17913;8811655;1062924288;21790720;1149681664;0;0;0;0;0;0;0;0;0;0;0;3196;0;0;95;0;160;0;
17914;4803579;1062924288;21790720;1149681664;0;0;0;0;0;0;0;0;0;0;0;3497;0;0;95;0;160;0;
17915;8679407;1062924288;21790720;1149681664;0;0;0;0;0;0;0;0;0;0;0;4137;0;0;95;0;160;0;
17916;4414840;1062924288;21790720;1149681664;0;0;0;0;0;0;0;0;0;0;0;3386;0;0;95;0;160;0;
17917;9936816;1062924288;21790720;1149681664;0;0;0;0;0;0;0;0;0;0;0;4598;0;0;95;0;160;0;
17918;7005107;1062924288;21790720;1149681664;0;0;0;0;0;0;0;0;0;0;0;4338;0;0;95;0;160;0;
17919;9082453;1062924288;21790720;1149681664;0;0;0;0;0;0;0;0;0;0;0;3637;0;0;95;0;160;0;
17920;5968283;1062924288;21790720;1149681664;0;0;0;0;0;0;0;0;0;0;0;3576;0;0;95;0;160;0;
17921;7416078;1062924288;21790720;1149681664;0;0;0;0;0;0;0;0;0;0;0;3216;0;0;95;0;160;0;
17922;6232759;1062924288;21790720;1149681664;0;0;0;0;0;0;0;0;0;0;0;2835;0;0;95;0;160;0;
17923;7767457;1062924288;21790720;1149681664;0;0;0;0;0;0;0;0;0;0;0;3386;0;0;95;0;160;0;
17924;5046574;1062924288;21790720;1149681664;0;0;0;0;0;0;0;0;0;0;0;3757;0;0;95;0;160;0;
17925;8134536;1062924288;21790720;1149681664;0;0;0;0;0;0;0;0;0;0;0;3436;0;0;95;0;160;0;
17926;5644706;1062924288;21790720;1149681664;0;0;0;0;0;0;0;0;0;0;0;3316;0;0;95;0;160;0;
17927;6618853;1062924288;21790720;1149681664;0;0;0;0;0;0;0;0;0;0;0;3136;0;0;95;0;160;0;
17928;3974444;1062924288;21790720;1149681664;0;0;0;0;0;0;0;0;0;0;0;3246;0;0;95;0;160;0;
17929;6234753;1062924288;21790720;1149681664;0;0;0;0;0;0;0;0;0;0;0;3286;0;0;95;0;160;0;
17930;6271882;1062924288;21790720;1149681664;0;0;0;0;0;0;0;0;0;0;0;3777;0;0;95;0;160;0;
17931;8303232;1062924288;21790720;1149681664;0;0;0;0;0;0;0;0;0;0;0;3206;0;0;95;0;160;0;
17932;5144257;1062924288;21790720;1149681664;0;0;0;0;0;0;0;0;0;0;0;2986;0;0;95;0;160;0;
17933;7908531;1062924288;21790720;1149681664;0;0;0;0;0;0;0;0;0;0;0;3667;0;0;95;0;160;0;
17934;4891663;1062924288;21790720;1149681664;0;0;0;0;0;0;0;0;0;0;0;3276;0;0;95;0;160;0;
17935;5913420;1062924288;21790720;1149681664;0;0;0;0;0;0;0;0;0;0;0;3386;0;0;95;0;160;0;
17936;6457761;1062924288;21790720;1149681664;0;0;0;0;0;0;0;0;0;0;0;3096;0;0;95;0;160;0;
17937;6397568;1062924288;21790720;1149681664;0;0;0;0;0;0;0;0;0;0;0;2605;0;0;95;0;160;0;
17938;7646440;1062924288;21790720;1149681664;0;0;0;0;0;0;0;0;0;0;0;5570;0;0;95;0;160;0;
17939;7999452;1062924288;21790720;1149681664;0;0;0;0;0;0;0;0;0;0;0;4007;0;0;95;0;160;0;
17940;6698723;1062924288;21790720;1149681664;0;0;0;0;0;0;0;0;0;0;0;3126;0;0;95;0;160;0;
17941;8718170;1062924288;21790720;1149681664;0;0;0;0;0;0;0;0;0;0;0;3145;0;0;95;0;160;0;
17942;7362126;1062924288;21790720;1149681664;0;0;0;0;0;0;0;0;0;0;0;3617;0;0;95;0;160;0;
17943;9399107;1062924288;21790720;1149681664;0;0;0;0;0;0;0;0;0;0;0;3596;0;0;95;0;160;0;
17944;6687071;1062924288;21790720;1149681664;0;0;0;0;0;0;0;0;0;0;0;3656;0;0;95;0;160;0;
17945;7796451;1062924288;21790720;1149681664;0;0;0;0;0;0;0;0;0;0;0;4368;0;0;95;0;160;0;
17946;5222293;1062924288;21790720;1149681664;0;0;0;0;0;0;0;0;0;0;0;3196;0;0;95;0;160;0;
17947;7877183;1062924288;21790720;1149681664;0;0;0;0;0;0;0;0;0;0;0;4017;0;0;95;0;160;0;
17948;6380857;1062924288;21790720;1149681664;0;0;0;0;0;0;0;0;0;0;0;3406;0;0;95;0;160;0;
17949;7229267;1062924288;21790720;1149681664;0;0;0;0;0;0;0;0;0;0;0;3867;0;0;95;0;160;0;
17950;4694805;1062924288;21790720;1149681664;0;0;0;0;0;0;0;0;0;0;0;3526;0;0;95;0;160;0;
17951;8561036;1062924288;21790720;1149681664;0;0;0;0;0;0;0;0;0;0;0;3787;0;0;95;0;160;0;
17952;7310890;1062924288;21790720;1149681664;0;0;0;0;0;0;0;0;0;0;0;3657;0;0;95;0;160;0;
17953;7494936;1062924288;21790720;1149681664;0;0;0;0;0;0;0;0;0;0;0;3416;0;0;95;0;160;0;
17954;7742039;1062924288;21790720;1149681664;0;0;0;0;0;0;0;0;0;0;0;3436;0;0;95;0;160;0;
17955;7338322;1062924288;21790720;1149681664;0;0;0;0;0;0;0;0;0;0;0;3917;0;0;95;0;160;0;
17956;7843450;1062924288;21790720;1149681664;0;0;0;0;0;0;0;0;0;0;0;3546;0;0;95;0;160;0;
17957;7635930;1062924288;21790720;1149681664;0;0;0;0;0;0;0;0;0;0;0;3617;0;0;95;0;160;0;
17958;8104349;1062924288;21790720;1149681664;0;0;0;0;0;0;0;0;0;0;0;2996;0;0;95;0;160;0;
17959;8417366;1062924288;21790720;1149681664;0;0;0;0;0;0;0;0;0;0;0;3036;0;0;95;0;160;0;
17960;6414210;1062924288;21790720;1149681664;0;0;0;0;0;0;0;0;0;0;0;3757;0;0;95;0;160;0;
17961;7780692;1062924288;21790720;1149681664;0;0;0;0;0;0;0;0;0;0;0;3617;0;0;95;0;160;0;
17962;7240699;1062924288;21790720;1149681664;0;0;0;0;0;0;0;0;0;0;0;3006;0;0;95;0;160;0;
17963;7284772;1062924288;21790720;1149681664;0;0;0;0;0;0;0;0;0;0;0;3577;0;0;95;0;160;0;
17964;5509342;1062924288;21790720;1149681664;0;0;0;0;0;0;0;0;0;0;0;3046;0;0;95;0;160;0;
17965;7843600;1062924288;21790720;1149681664;0;0;0;0;0;0;0;0;0;0;0;3156;0;0;95;0;160;0;
17966;4790835;1062924288;21790720;1149681664;0;0;0;0;0;0;0;0;0;0;0;3316;0;0;95;0;160;0;
17967;6068261;1062924288;21790720;1149681664;0;0;0;0;0;0;0;0;0;0;0;3306;0;0;95;0;160;0;
17968;7440404;1062924288;21790720;1149681664;0;0;0;0;0;0;0;0;0;0;0;4338;0;0;95;0;160;0;
17969;7071753;1062924288;21790720;1149681664;0;0;0;0;0;0;0;0;0;0;0;3065;0;0;95;0;160;0;
17970;6172646;1062924288;21790720;1149681664;0;0;0;0;0;0;0;0;0;0;0;3797;0;0;95;0;160;0;
17971;9552414;1062924288;21790720;1149681664;0;0;0;0;0;0;0;0;0;0;0;3697;0;0;95;0;160;0;
17972;6234402;1062924288;21790720;1149681664;0;0;0;0;0;0;0;0;0;0;0;3818;0;0;95;0;160;0;
17973;7306212;1062924288;21790720;1149681664;0;0;0;0;0;0;0;0;0;0;0;3487;0;0;95;0;160;0;
17974;7685964;1062924288;21790720;1149681664;0;0;0;0;0;0;0;0;0;0;0;4408;0;0;95;0;160;0;
17975;10385687;1062924288;21790720;1149681664;0;0;0;0;0;0;0;0;0;0;0;3937;0;0;95;0;160;0;
17976;7760494;1062924288;21790720;1149681664;0;0;0;0;0;0;0;0;0;0;0;2835;0;0;95;0;160;0;
17977;8383913;1062924288;21790720;1149681664;0;0;0;0;0;0;0;0;0;0;0;2535;0;0;95;0;160;0;
17978;7658332;1062924288;21790720;1149681664;0;0;0;0;0;0;0;0;0;0;0;3667;0;0;95;0;160;0;
17979;8183577;1062924288;21790720;1149681664;0;0;0;0;0;0;0;0;0;0;0;3647;0;0;95;0;160;0;
17980;5858196;1062924288;21790720;1149681664;0;0;0;0;0;0;0;0;0;0;0;3166;0;0;95;0;160;0;
17981;10720605;1062924288;21790720;1149681664;0;0;0;0;0;0;0;0;0;0;0;3686;0;0;95;0;160;0;
17982;7662841;1062924288;21790720;1149681664;0;0;0;0;0;0;0;0;0;0;0;4017;0;0;95;0;160;0;
17983;7935052;1062924288;21790720;1149681664;0;0;0;0;0;0;0;0;0;0;0;212067;0;0;95;0;160;0;
17984;8149974;1062924288;21790720;1149681664;0;0;0;0;0;0;0;0;0;0;0;4168;0;0;95;0;160;0;
17985;5195123;1062924288;21790720;1149681664;0;0;0;0;0;0;0;0;0;0;0;2415;0;0;95;0;160;0;
17986;6329089;1062924288;21790720;1149681664;0;0;0;0;0;0;0;0;0;0;0;3306;0;0;95;0;160;0;
17987;6655050;1062924288;21790720;1149681664;0;0;0;0;0;0;0;0;0;0;0;2776;0;0;95;0;160;0;
17988;7617505;1062924288;21790720;1149681664;0;0;0;0;0;0;0;0;0;0;0;3336;0;0;95;0;160;0;
17989;8204817;1062924288;21790720;1149681664;0;0;0;0;0;0;0;0;0;0;0;3126;0;0;95;0;160;0;
17990;5951381;1062924288;21790720;1149681664;0;0;0;0;0;0;0;0;0;0;0;3066;0;0;95;0;160;0;
17991;6586272;1062924288;21790720;1149681664;0;0;0;0;0;0;0;0;0;0;0;2755;0;0;95;0;160;0;
17992;5483854;1062924288;21790720;1149681664;0;0;0;0;0;0;0;0;0;0;0;3266;0;0;95;0;160;0;
17993;9701915;1062924288;21790720;1149681664;0;0;0;0;0;0;0;0;0;0;0;3657;0;0;95;0;160;0;
17994;4518504;1062924288;21790720;1149681664;0;0;0;0;0;0;0;0;0;0;0;3056;0;0;95;0;160;0;
17995;7123770;1062924288;21790720;1149681664;0;0;0;0;0;0;0;0;0;0;0;2685;0;0;95;0;160;0;
17996;3666607;1062924288;21790720;1149681664;0;0;0;0;0;0;0;0;0;0;0;3877;0;0;95;0;160;0;
17997;6368163;1062924288;21790720;1149681664;0;0;0;0;0;0;0;0;0;0;0;3326;0;0;95;0;160;0;
17998;3150147;1062924288;21790720;1149681664;0;0;0;0;0;0;0;0;0;0;0;2835;0;0;95;0;160;0;
17999;11880431;1062924288;21790720;1149681664;0;0;0;0;0;0;0;0;0;0;0;3286;0;0;95;0;160;0;
18000;6160033;1062924288;21790720;1149681664;0;0;0;0;0;0;0;0;0;0;0;3316;0;0;95;0;160;0;
18001;7197769;1062924288;21790720;1149681664;0;0;0;0;0;0;0;0;0;0;0;3216;0;0;95;0;160;0;
18002;5111506;1062924288;21790720;1149681664;0;0;0;0;0;0;0;0;0;0;0;3787;0;0;95;0;160;0;
18003;8287062;1062924288;21790720;1149681664;0;0;0;0;0;0;0;0;0;0;0;3587;0;0;95;0;160;0;
18004;4946076;1062924288;21790720;1149681664;0;0;0;0;0;0;0;0;0;0;0;5150;0;0;95;0;160;0;
18005;8327557;1062924288;21790720;1149681664;0;0;0;0;0;0;0;0;0;0;0;2875;0;0;95;0;160;0;
18006;6768323;1062924288;21790720;1149681664;0;0;0;0;0;0;0;0;0;0;0;13295;0;0;95;0;160;0;
18007;6231537;1062924288;21790720;1149681664;0;0;0;0;0;0;0;0;0;0;0;3026;0;0;95;0;160;0;
18008;6038554;1062924288;21790720;1149681664;0;0;0;0;0;0;0;0;0;0;0;4047;0;0;95;0;160;0;
18009;7022129;1062924288;21790720;1149681664;0;0;0;0;0;0;0;0;0;0;0;3587;0;0;95;0;160;0;
18010;4592392;1062924288;21790720;1149681664;0;0;0;0;0;0;0;0;0;0;0;2966;0;0;95;0;160;0;
18011;6420161;1062924288;21790720;1149681664;0;0;0;0;0;0;0;0;0;0;0;2815;0;0;95;0;160;0;
18012;4430409;1062924288;21790720;1149681664;0;0;0;0;0;0;0;0;0;0;0;3537;0;0;95;0;160;0;
18013;7729035;1062924288;21790720;1149681664;0;0;0;0;0;0;0;0;0;0;0;2996;0;0;95;0;160;0;
18014;4834096;1062924288;21790720;1149681664;0;0;0;0;0;0;0;0;0;0;0;3266;0;0;95;0;160;0;
18015;6941518;1062924288;21790720;1149681664;0;0;0;0;0;0;0;0;0;0;0;3767;0;0;95;0;160;0;
18016;5666346;1062924288;21790720;1149681664;0;0;0;0;0;0;0;0;0;0;0;2715;0;0;95;0;160;0;
18017;7082472;1062924288;21790720;1149681664;0;0;0;0;0;0;0;0;0;0;0;3256;0;0;95;0;160;0;
18018;8564261;1062924288;21790720;1149681664;0;0;0;0;0;0;0;0;0;0;0;3286;0;0;95;0;160;0;
18019;5541482;1062924288;21790720;1149681664;0;0;0;0;0;0;0;0;0;0;0;2294;0;0;95;0;160;0;
18020;6323919;1062924288;21790720;1149681664;0;0;0;0;0;0;0;0;0;0;0;3086;0;0;95;0;160;0;
18021;5778747;1062924288;21790720;1149681664;0;0;0;0;0;0;0;0;0;0;0;3006;0;0;95;0;160;0;
18022;6285057;1062924288;21790720;1149681664;0;0;0;0;0;0;0;0;0;0;0;2495;0;0;95;0;160;0;
18023;6445097;1062924288;21790720;1149681664;0;0;0;0;0;0;0;0;0;0;0;2114;0;0;95;0;160;0;
18024;5971088;1062924288;21790720;1149681664;0;0;0;0;0;0;0;0;0;0;0;3106;0;0;95;0;160;0;
18025;7669784;1062924288;21790720;1149681664;0;0;0;0;0;0;0;0;0;0;0;2174;0;0;95;0;160;0;
18026;4886213;1062924288;21790720;1149681664;0;0;0;0;0;0;0;0;0;0;0;3596;0;0;95;0;160;0;
18027;7923690;1062924288;21790720;1149681664;0;0;0;0;0;0;0;0;0;0;0;2926;0;0;95;0;160;0;
18028;3587609;1062924288;21790720;1149681664;0;0;0;0;0;0;0;0;0;0;0;3316;0;0;95;0;160;0;
18029;7821549;1062924288;21790720;1149681664;0;0;0;0;0;0;0;0;0;0;0;2875;0;0;95;0;160;0;
18030;3874166;1062924288;21790720;1149681664;0;0;0;0;0;0;0;0;0;0;0;2936;0;0;95;0;160;0;
18031;7859018;1062924288;21790720;1149681664;0;0;0;0;0;0;0;0;0;0;0;3787;0;0;95;0;160;0;
18032;4741632;1062924288;21790720;1149681664;0;0;0;0;0;0;0;0;0;0;0;3566;0;0;95;0;160;0;
18033;7310190;1062924288;21790720;1149681664;0;0;0;0;0;0;0;0;0;0;0;2695;0;0;95;0;160;0;
18034;5675483;1062924288;21790720;1149681664;0;0;0;0;0;0;0;0;0;0;0;3176;0;0;95;0;160;0;
18035;7118440;1062924288;21790720;1149681664;0;0;0;0;0;0;0;0;0;0;0;3336;0;0;95;0;160;0;
18036;5687315;1062924288;21790720;1149681664;0;0;0;0;0;0;0;0;0;0;0;3687;0;0;95;0;160;0;
18037;6853082;1062924288;21790720;1149681664;0;0;0;0;0;0;0;0;0;0;0;2404;0;0;95;0;160;0;
18038;4186832;1062924288;21790720;1149681664;0;0;0;0;0;0;0;0;0;0;0;2514;0;0;95;0;160;0;
18039;8178267;1062924288;21790720;1149681664;0;0;0;0;0;0;0;0;0;0;0;2875;0;0;95;0;160;0;
18040;4626696;1062924288;21790720;1149681664;0;0;0;0;0;0;0;0;0;0;0;3056;0;0;95;0;160;0;
18041;7459750;1062924288;21790720;1149681664;0;0;0;0;0;0;0;0;0;0;0;2725;0;0;95;0;160;0;
18042;5713896;1062924288;21790720;1149681664;0;0;0;0;0;0;0;0;0;0;0;3937;0;0;95;0;160;0;
18043;5932035;1062924288;21790720;1149681664;0;0;0;0;0;0;0;0;0;0;0;3787;0;0;95;0;160;0;
18044;5437968;1062924288;21790720;1149681664;0;0;0;0;0;0;0;0;0;0;0;3767;0;0;95;0;160;0;
18045;6235584;1062924288;21790720;1149681664;0;0;0;0;0;0;0;0;0;0;0;2715;0;0;95;0;160;0;
18046;5167130;1062924288;21790720;1149681664;0;0;0;0;0;0;0;0;0;0;0;5561;0;0;95;0;160;0;
18047;5329615;1062924288;21790720;1149681664;0;0;0;0;0;0;0;0;0;0;0;2475;0;0;95;0;160;0;
18048;5378346;1062924288;21790720;1149681664;0;0;0;0;0;0;0;0;0;0;0;3136;0;0;95;0;160;0;
18049;6677583;1062924288;21790720;1149681664;0;0;0;0;0;0;0;0;0;0;0;2745;0;0;95;0;160;0;
18050;4663245;1062924288;21790720;1149681664;0;0;0;0;0;0;0;0;0;0;0;2815;0;0;95;0;160;0;
18051;7390009;1062924288;21790720;1149681664;0;0;0;0;0;0;0;0;0;0;0;2595;0;0;95;0;160;0;
18052;4512383;1062924288;21790720;1149681664;0;0;0;0;0;0;0;0;0;0;0;3376;0;0;95;0;160;0;
18053;8002929;1062924288;21790720;1149681664;0;0;0;0;0;0;0;0;0;0;0;2976;0;0;95;0;160;0;
18054;5863115;1062924288;21790720;1149681664;0;0;0;0;0;0;0;0;0;0;0;2504;0;0;95;0;160;0;
18055;7122528;1062924288;21790720;1149681664;0;0;0;0;0;0;0;0;0;0;0;3947;0;0;95;0;160;0;
18056;3498811;1062924288;21790720;1149681664;0;0;0;0;0;0;0;0;0;0;0;3106;0;0;95;0;160;0;
18057;6930597;1062924288;21790720;1149681664;0;0;0;0;0;0;0;0;0;0;0;2885;0;0;95;0;160;0;
18058;3967971;1062924288;21790720;1149681664;0;0;0;0;0;0;0;0;0;0;0;2866;0;0;95;0;160;0;
18059;6497074;1062924288;21790720;1149681664;0;0;0;0;0;0;0;0;0;0;0;3126;0;0;95;0;160;0;
18060;4103035;1062924288;21790720;1149681664;0;0;0;0;0;0;0;0;0;0;0;3146;0;0;95;0;160;0;
18061;5347158;1062924288;21790720;1149681664;0;0;0;0;0;0;0;0;0;0;0;2234;0;0;95;0;160;0;
18062;5708195;1062924288;21790720;1149681664;0;0;0;0;0;0;0;0;0;0;0;3356;0;0;95;0;160;0;
18063;5025345;1062924288;21790720;1149681664;0;0;0;0;0;0;0;0;0;0;0;1944;0;0;95;0;160;0;
18064;5470549;1062924288;21790720;1149681664;0;0;0;0;0;0;0;0;0;0;0;3056;0;0;95;0;160;0;
18065;6010472;1062924288;21790720;1149681664;0;0;0;0;0;0;0;0;0;0;0;2024;0;0;95;0;160;0;
18066;5371934;1062924288;21790720;1149681664;0;0;0;0;0;0;0;0;0;0;0;3537;0;0;95;0;160;0;
18067;6820320;1062924288;21794816;1149685760;0;0;0;0;0;0;0;0;0;0;0;3246;0;0;95;0;160;0;
18068;6878439;1062924288;21798912;1149689856;0;0;0;0;0;0;0;0;0;0;0;3476;0;0;95;0;160;0;
18069;6361711;1062924288;21798912;1149689856;0;0;0;0;0;0;0;0;0;0;0;2735;0;0;95;0;160;0;
18070;6229723;1062924288;21798912;1149689856;0;0;0;0;0;0;0;0;0;0;0;3567;0;0;95;0;160;0;
18071;7305541;1062924288;21798912;1149689856;0;0;0;0;0;0;0;0;0;0;0;3076;0;0;95;0;160;0;
18072;4786016;1062924288;21798912;1149689856;0;0;0;0;0;0;0;0;0;0;0;3126;0;0;95;0;160;0;
18073;6597914;1062924288;21798912;1149689856;0;0;0;0;0;0;0;0;0;0;0;2745;0;0;95;0;160;0;
18074;3460600;1063006208;21790720;1149681664;0;0;0;0;0;0;0;0;0;0;0;3487;0;0;95;0;160;0;
18075;7645558;1063006208;21790720;1149681664;0;0;0;0;0;0;0;0;0;0;0;2775;0;0;95;0;160;0;
18076;4390905;1063006208;21790720;1149681664;0;0;0;0;0;0;0;0;0;0;0;3397;0;0;95;0;160;0;
18077;7047918;1063006208;21790720;1149681664;0;0;0;0;0;0;0;0;0;0;0;2906;0;0;95;0;160;0;
18078;3984643;1063006208;21790720;1149681664;0;0;0;0;0;0;0;0;0;0;0;3186;0;0;95;0;160;0;
18079;8453814;1063006208;21790720;1149681664;0;0;0;0;0;0;0;0;0;0;0;3576;0;0;95;0;160;0;
18080;3707262;1063006208;21790720;1149681664;0;0;0;0;0;0;0;0;0;0;0;3056;0;0;95;0;160;0;
18081;6457921;1063006208;21790720;1149681664;0;0;0;0;0;0;0;0;0;0;0;3928;0;0;95;0;160;0;
18082;6130847;1063006208;21790720;1149681664;0;0;0;0;0;0;0;0;0;0;0;3286;0;0;95;0;160;0;
18083;4681680;1063006208;21790720;1149681664;0;0;0;0;0;0;0;0;0;0;0;2695;0;0;95;0;160;0;
18084;6634853;1063006208;21790720;1149681664;0;0;0;0;0;0;0;0;0;0;0;3887;0;0;95;0;160;0;
18085;8972466;1063006208;21790720;1149681664;0;0;0;0;0;0;0;0;0;0;0;3527;0;0;95;0;160;0;
18086;6354677;1063006208;21790720;1149681664;0;0;0;0;0;0;0;0;0;0;0;3226;0;0;95;0;160;0;
18087;7495477;1063006208;21790720;1149681664;0;0;0;0;0;0;0;0;0;0;0;3917;0;0;95;0;160;0;
18088;8425771;1063006208;21790720;1149681664;0;0;0;0;0;0;0;0;0;0;0;3817;0;0;95;0;160;0;
18089;7239757;1063006208;21790720;1149681664;0;0;0;0;0;0;0;0;0;0;0;2745;0;0;95;0;160;0;
18090;5198258;1063006208;21790720;1149681664;0;0;0;0;0;0;0;0;0;0;0;3116;0;0;95;0;160;0;
18091;7051103;1063006208;21790720;1149681664;0;0;0;0;0;0;0;0;0;0;0;3457;0;0;95;0;160;0;
18092;5280984;1063006208;21790720;1149681664;0;0;0;0;0;0;0;0;0;0;0;3346;0;0;95;0;160;0;
18093;7901117;1063006208;21790720;1149681664;0;0;0;0;0;0;0;0;0;0;0;2895;0;0;95;0;160;0;
18094;5250857;1063006208;21790720;1149681664;0;0;0;0;0;0;0;0;0;0;0;3226;0;0;95;0;160;0;
18095;6675699;1063006208;21790720;1149681664;0;0;0;0;0;0;0;0;0;0;0;3075;0;0;95;0;160;0;
18096;5012530;1063006208;21790720;1149681664;0;0;0;0;0;0;0;0;0;0;0;3867;0;0;95;0;160;0;
18097;6741292;1063006208;21790720;1149681664;0;0;0;0;0;0;0;0;0;0;0;3136;0;0;95;0;160;0;
18098;6331263;1063006208;21790720;1149681664;0;0;0;0;0;0;0;0;0;0;0;3426;0;0;95;0;160;0;
18099;6818948;1063006208;21790720;1149681664;0;0;0;0;0;0;0;0;0;0;0;3116;0;0;95;0;160;0;
18100;6035909;1063006208;21790720;1149681664;0;0;0;0;0;0;0;0;0;0;0;11411;0;0;95;0;160;0;
18101;6663887;1063006208;21790720;1149681664;0;0;0;0;0;0;0;0;0;0;0;3206;0;0;95;0;160;0;
18102;6562607;1063006208;21790720;1149681664;0;0;0;0;0;0;0;0;0;0;0;2856;0;0;95;0;160;0;
18103;5891990;1063006208;21790720;1149681664;0;0;0;0;0;0;0;0;0;0;0;2275;0;0;95;0;160;0;
18104;4171604;1063006208;21790720;1149681664;0;0;0;0;0;0;0;0;0;0;0;2895;0;0;95;0;160;0;
18105;5750435;1063006208;21790720;1149681664;0;0;0;0;0;0;0;0;0;0;0;2435;0;0;95;0;160;0;
18106;5594232;1063006208;21790720;1149681664;0;0;0;0;0;0;0;0;0;0;0;4068;0;0;95;0;160;0;
18107;8488690;1063006208;21790720;1149681664;0;0;0;0;0;0;0;0;0;0;0;5100;0;0;95;0;160;0;
18108;5790379;1063006208;21790720;1149681664;0;0;0;0;0;0;0;0;0;0;0;3065;0;0;95;0;160;0;
18109;7255727;1063006208;21790720;1149681664;0;0;0;0;0;0;0;0;0;0;0;3186;0;0;95;0;160;0;
18110;5216283;1063006208;21790720;1149681664;0;0;0;0;0;0;0;0;0;0;0;2835;0;0;95;0;160;0;
18111;6364966;1063006208;21790720;1149681664;0;0;0;0;0;0;0;0;0;0;0;2585;0;0;95;0;160;0;
18112;5370962;1063006208;21790720;1149681664;0;0;0;0;0;0;0;0;0;0;0;2545;0;0;95;0;160;0;
18113;6169420;1063006208;21790720;1149681664;0;0;0;0;0;0;0;0;0;0;0;2225;0;0;95;0;160;0;
18114;5109943;1063006208;21790720;1149681664;0;0;0;0;0;0;0;0;0;0;0;2845;0;0;95;0;160;0;
18115;4920538;1063006208;21790720;1149681664;0;0;0;0;0;0;0;0;0;0;0;2154;0;0;95;0;160;0;
18116;6354647;1063006208;21790720;1149681664;0;0;0;0;0;0;0;0;0;0;0;3326;0;0;95;0;160;0;
18117;6670580;1063006208;21790720;1149681664;0;0;0;0;0;0;0;0;0;0;0;1894;0;0;95;0;160;0;
18118;5950840;1063006208;21790720;1149681664;0;0;0;0;0;0;0;0;0;0;0;3477;0;0;95;0;160;0;
18119;5816037;1063006208;21790720;1149681664;0;0;0;0;0;0;0;0;0;0;0;3307;0;0;95;0;160;0;
18120;6440418;1063006208;21790720;1149681664;0;0;0;0;0;0;0;0;0;0;0;3566;0;0;95;0;160;0;
18121;7741979;1063006208;21790720;1149681664;0;0;0;0;0;0;0;0;0;0;0;2705;0;0;95;0;160;0;
18122;5392644;1063006208;21790720;1149681664;0;0;0;0;0;0;0;0;0;0;0;3526;0;0;95;0;160;0;
18123;6386988;1063006208;21790720;1149681664;0;0;0;0;0;0;0;0;0;0;0;2224;0;0;95;0;160;0;
18124;4946307;1063006208;21790720;1149681664;0;0;0;0;0;0;0;0;0;0;0;3427;0;0;95;0;160;0;
18125;6553070;1063006208;21790720;1149681664;0;0;0;0;0;0;0;0;0;0;0;3156;0;0;95;0;160;0;
18126;5297275;1063006208;21790720;1149681664;0;0;0;0;0;0;0;0;0;0;0;3176;0;0;95;0;160;0;
18127;5846694;1063006208;21790720;1149681664;0;0;0;0;0;0;0;0;0;0;0;3186;0;0;95;0;160;0;
18128;4544512;1063006208;21790720;1149681664;0;0;0;0;0;0;0;0;0;0;0;43281;0;0;95;0;160;0;
18129;6876195;1063006208;21790720;1149681664;0;0;0;0;0;0;0;0;0;0;0;2745;0;0;95;0;160;0;
18130;5482642;1063006208;21790720;1149681664;0;0;0;0;0;0;0;0;0;0;0;3847;0;0;95;0;160;0;
18131;5983431;1063006208;21790720;1149681664;0;0;0;0;0;0;0;0;0;0;0;2434;0;0;95;0;160;0;
18132;4897825;1063006208;21790720;1149681664;0;0;0;0;0;0;0;0;0;0;0;3767;0;0;95;0;160;0;
18133;7311142;1063006208;21790720;1149681664;0;0;0;0;0;0;0;0;0;0;0;2244;0;0;95;0;160;0;
18134;4555514;1063006208;21790720;1149681664;0;0;0;0;0;0;0;0;0;0;0;3366;0;0;95;0;160;0;
18135;8471488;1063006208;21790720;1149681664;0;0;0;0;0;0;0;0;0;0;0;4217;0;0;95;0;160;0;
18136;5807291;1063006208;21790720;1149681664;0;0;0;0;0;0;0;0;0;0;0;3476;0;0;95;0;160;0;
18137;7134810;1063006208;21790720;1149681664;0;0;0;0;0;0;0;0;0;0;0;7585;0;0;95;0;160;0;
18138;7603659;1063006208;21790720;1149681664;0;0;0;0;0;0;0;0;0;0;0;3818;0;0;95;0;160;0;
18139;7571770;1063006208;21790720;1149681664;0;0;0;0;0;0;0;0;0;0;0;2955;0;0;95;0;160;0;
18140;6560614;1063006208;21790720;1149681664;0;0;0;0;0;0;0;0;0;0;0;3176;0;0;95;0;160;0;
18141;7240179;1063006208;21790720;1149681664;0;0;0;0;0;0;0;0;0;0;0;4098;0;0;95;0;160;0;
18142;9202969;1063006208;21790720;1149681664;0;0;0;0;0;0;0;0;0;0;0;4278;0;0;95;0;160;0;
18143;8048394;1063006208;21790720;1149681664;0;0;0;0;0;0;0;0;0;0;0;3406;0;0;95;0;160;0;
18144;7572281;1063006208;21790720;1149681664;0;0;0;0;0;0;0;0;0;0;0;2735;0;0;95;0;160;0;
18145;7700071;1063006208;21790720;1149681664;0;0;0;0;0;0;0;0;0;0;0;3256;0;0;95;0;160;0;
18146;5500245;1063006208;21790720;1149681664;0;0;0;0;0;0;0;0;0;0;0;3787;0;0;95;0;160;0;
18147;7681195;1063006208;21790720;1149681664;0;0;0;0;0;0;0;0;0;0;0;3466;0;0;95;0;160;0;
18148;5372566;1063006208;21790720;1149681664;0;0;0;0;0;0;0;0;0;0;0;3777;0;0;95;0;160;0;
18149;8831282;1063006208;21790720;1149681664;0;0;0;0;0;0;0;0;0;0;0;4198;0;0;95;0;160;0;
18150;6254820;1063006208;21790720;1149681664;0;0;0;0;0;0;0;0;0;0;0;3727;0;0;95;0;160;0;
18151;6828065;1063006208;21790720;1149681664;0;0;0;0;0;0;0;0;0;0;0;3076;0;0;95;0;160;0;
18152;5903311;1063006208;21790720;1149681664;0;0;0;0;0;0;0;0;0;0;0;4228;0;0;95;0;160;0;
18153;7326661;1063006208;21790720;1149681664;0;0;0;0;0;0;0;0;0;0;0;3296;0;0;95;0;160;0;
18154;4581311;1063006208;21790720;1149681664;0;0;0;0;0;0;0;0;0;0;0;4018;0;0;95;0;160;0;
18155;8583257;1063006208;21790720;1149681664;0;0;0;0;0;0;0;0;0;0;0;2194;0;0;95;0;160;0;
18156;5103160;1063006208;21790720;1149681664;0;0;0;0;0;0;0;0;0;0;0;3797;0;0;95;0;160;0;
18157;8478741;1063006208;21790720;1149681664;0;0;0;0;0;0;0;0;0;0;0;3146;0;0;95;0;160;0;
18158;14626691;1063006208;21790720;1149681664;0;0;0;0;0;0;0;0;0;0;0;4248;0;0;95;0;160;0;
18159;7877523;1063006208;21790720;1149681664;0;0;0;0;0;0;0;0;0;0;0;2815;0;0;95;0;160;0;
18160;5738792;1063006208;21790720;1149681664;0;0;0;0;0;0;0;0;0;0;0;3887;0;0;95;0;160;0;
18161;7569526;1063006208;21790720;1149681664;0;0;0;0;0;0;0;0;0;0;0;3105;0;0;95;0;160;0;
18162;5359691;1063006208;21790720;1149681664;0;0;0;0;0;0;0;0;0;0;0;4338;0;0;95;0;160;0;
18163;6799282;1063006208;21790720;1149681664;0;0;0;0;0;0;0;0;0;0;0;2494;0;0;95;0;160;0;
18164;5608668;1063006208;21790720;1149681664;0;0;0;0;0;0;0;0;0;0;0;3416;0;0;95;0;160;0;
18165;7948817;1063006208;21790720;1149681664;0;0;0;0;0;0;0;0;0;0;0;3516;0;0;95;0;160;0;
18166;4844946;1063006208;21790720;1149681664;0;0;0;0;0;0;0;0;0;0;0;3387;0;0;95;0;160;0;
18167;6890732;1063006208;21790720;1149681664;0;0;0;0;0;0;0;0;0;0;0;4057;0;0;95;0;160;0;
18168;5202497;1063006208;21790720;1149681664;0;0;0;0;0;0;0;0;0;0;0;3707;0;0;95;0;160;0;
18169;7240639;1063006208;21790720;1149681664;0;0;0;0;0;0;0;0;0;0;0;4288;0;0;95;0;160;0;
18170;4327295;1063006208;21790720;1149681664;0;0;0;0;0;0;0;0;0;0;0;2855;0;0;95;0;160;0;
18171;7025966;1063006208;21790720;1149681664;0;0;0;0;0;0;0;0;0;0;0;2405;0;0;95;0;160;0;
18172;5580585;1063006208;21790720;1149681664;0;0;0;0;0;0;0;0;0;0;0;3867;0;0;95;0;160;0;
18173;29551561;1063006208;21790720;1149681664;0;0;0;0;0;0;0;0;0;0;0;3627;0;0;95;0;160;0;
18174;6228261;1063006208;21790720;1149681664;0;0;0;0;0;0;0;0;0;0;0;2835;0;0;95;0;160;0;
18175;8462651;1063006208;21790720;1149681664;0;0;0;0;0;0;0;0;0;0;0;2595;0;0;95;0;160;0;
18176;6064172;1063006208;21790720;1149681664;0;0;0;0;0;0;0;0;0;0;0;3407;0;0;95;0;160;0;
18177;7073636;1063006208;21790720;1149681664;0;0;0;0;0;0;0;0;0;0;0;2384;0;0;95;0;160;0;
18178;5181167;1063006208;21790720;1149681664;0;0;0;0;0;0;0;0;0;0;0;3357;0;0;95;0;160;0;
18179;8631597;1063006208;21790720;1149681664;0;0;0;0;0;0;0;0;0;0;0;3907;0;0;95;0;160;0;
18180;4259618;1063006208;21790720;1149681664;0;0;0;0;0;0;0;0;0;0;0;3898;0;0;95;0;160;0;
18181;6977816;1063006208;21790720;1149681664;0;0;0;0;0;0;0;0;0;0;0;3647;0;0;95;0;160;0;
18182;5691023;1063006208;21790720;1149681664;0;0;0;0;0;0;0;0;0;0;0;2986;0;0;95;0;160;0;
18183;7448408;1063006208;21790720;1149681664;0;0;0;0;0;0;0;0;0;0;0;3086;0;0;95;0;160;0;
18184;5430224;1063006208;21790720;1149681664;0;0;0;0;0;0;0;0;0;0;0;3346;0;0;95;0;160;0;
18185;7268281;1063006208;21790720;1149681664;0;0;0;0;0;0;0;0;0;0;0;3397;0;0;95;0;160;0;
18186;5469307;1063006208;21790720;1149681664;0;0;0;0;0;0;0;0;0;0;0;4118;0;0;95;0;160;0;
18187;6797017;1063006208;21790720;1149681664;0;0;0;0;0;0;0;0;0;0;0;3316;0;0;95;0;160;0;
18188;7465059;1063006208;21790720;1149681664;0;0;0;0;0;0;0;0;0;0;0;4128;0;0;95;0;160;0;
18189;5592698;1063006208;21790720;1149681664;0;0;0;0;0;0;0;0;0;0;0;2314;0;0;95;0;160;0;
18190;5016528;1063006208;21790720;1149681664;0;0;0;0;0;0;0;0;0;0;0;3226;0;0;95;0;160;0;
18191;8503267;1063006208;21790720;1149681664;0;0;0;0;0;0;0;0;0;0;0;3227;0;0;95;0;160;0;
18192;6043664;1063006208;21790720;1149681664;0;0;0;0;0;0;0;0;0;0;0;3707;0;0;95;0;160;0;
18193;7472724;1063006208;21790720;1149681664;0;0;0;0;0;0;0;0;0;0;0;3006;0;0;95;0;160;0;
18194;6217210;1063006208;21790720;1149681664;0;0;0;0;0;0;0;0;0;0;0;3336;0;0;95;0;160;0;
18195;8200299;1063006208;21790720;1149681664;0;0;0;0;0;0;0;0;0;0;0;283993;0;0;95;0;160;0;
18196;6256593;1063006208;21790720;1149681664;0;0;0;0;0;0;0;0;0;0;0;3206;0;0;95;0;160;0;
18197;9780973;1063006208;21790720;1149681664;0;0;0;0;0;0;0;0;0;0;0;3938;0;0;95;0;160;0;
18198;6966725;1063006208;21790720;1149681664;0;0;0;0;0;0;0;0;0;0;0;3747;0;0;95;0;160;0;
18199;7693248;1063006208;21790720;1149681664;0;0;0;0;0;0;0;0;0;0;0;3066;0;0;95;0;160;0;
18200;4622409;1063006208;21790720;1149681664;0;0;0;0;0;0;0;0;0;0;0;4158;0;0;95;0;160;0;
18201;5500215;1063006208;21790720;1149681664;0;0;0;0;0;0;0;0;0;0;0;2404;0;0;95;0;160;0;
18202;6649159;1063006208;21790720;1149681664;0;0;0;0;0;0;0;0;0;0;0;3286;0;0;95;0;160;0;
18203;8996682;1063006208;21790720;1149681664;0;0;0;0;0;0;0;0;0;0;0;4298;0;0;95;0;160;0;
18204;5544418;1063006208;21790720;1149681664;0;0;0;0;0;0;0;0;0;0;0;2935;0;0;95;0;160;0;
18205;6984249;1063006208;21790720;1149681664;0;0;0;0;0;0;0;0;0;0;0;3316;0;0;95;0;160;0;
18206;5775792;1063006208;21790720;1149681664;0;0;0;0;0;0;0;0;0;0;0;3777;0;0;95;0;160;0;
18207;8270230;1063006208;21790720;1149681664;0;0;0;0;0;0;0;0;0;0;0;2675;0;0;95;0;160;0;
18208;6208694;1063006208;21790720;1149681664;0;0;0;0;0;0;0;0;0;0;0;2796;0;0;95;0;160;0;
18209;7357317;1063006208;21790720;1149681664;0;0;0;0;0;0;0;0;0;0;0;3146;0;0;95;0;160;0;
18210;6833536;1063006208;21790720;1149681664;0;0;0;0;0;0;0;0;0;0;0;4298;0;0;95;0;160;0;
18211;9572753;1063006208;21790720;1149681664;0;0;0;0;0;0;0;0;0;0;0;3727;0;0;95;0;160;0;
18212;8419700;1063006208;21790720;1149681664;0;0;0;0;0;0;0;0;0;0;0;3326;0;0;95;0;160;0;
18213;9175267;1063006208;21790720;1149681664;0;0;0;0;0;0;0;0;0;0;0;2976;0;0;95;0;160;0;
18214;5884776;1063006208;21790720;1149681664;0;0;0;0;0;0;0;0;0;0;0;2975;0;0;95;0;160;0;
18215;6365217;1063006208;21790720;1149681664;0;0;0;0;0;0;0;0;0;0;0;3637;0;0;95;0;160;0;
18216;7090718;1063006208;21790720;1149681664;0;0;0;0;0;0;0;0;0;0;0;3327;0;0;95;0;160;0;
18217;6560353;1063006208;21790720;1149681664;0;0;0;0;0;0;0;0;0;0;0;2945;0;0;95;0;160;0;
18218;7810387;1063006208;21790720;1149681664;0;0;0;0;0;0;0;0;0;0;0;3206;0;0;95;0;160;0;
18219;6792969;1063006208;21790720;1149681664;0;0;0;0;0;0;0;0;0;0;0;3707;0;0;95;0;160;0;
18220;7422991;1063006208;21790720;1149681664;0;0;0;0;0;0;0;0;0;0;0;2965;0;0;95;0;160;0;
18221;7403394;1063006208;21790720;1149681664;0;0;0;0;0;0;0;0;0;0;0;4368;0;0;95;0;160;0;
18222;5398995;1063006208;21790720;1149681664;0;0;0;0;0;0;0;0;0;0;0;3076;0;0;95;0;160;0;
18223;8155916;1063006208;21790720;1149681664;0;0;0;0;0;0;0;0;0;0;0;3657;0;0;95;0;160;0;
18224;8646005;1063006208;21790720;1149681664;0;0;0;0;0;0;0;0;0;0;0;3356;0;0;95;0;160;0;
18225;9428692;1063006208;21790720;1149681664;0;0;0;0;0;0;0;0;0;0;0;3787;0;0;95;0;160;0;
18226;5689690;1063006208;21790720;1149681664;0;0;0;0;0;0;0;0;0;0;0;3777;0;0;95;0;160;0;
18227;8766581;1063006208;21790720;1149681664;0;0;0;0;0;0;0;0;0;0;0;3837;0;0;95;0;160;0;
18228;6330823;1063006208;21790720;1149681664;0;0;0;0;0;0;0;0;0;0;0;3466;0;0;95;0;160;0;
18229;9928600;1063006208;21790720;1149681664;0;0;0;0;0;0;0;0;0;0;0;4218;0;0;95;0;160;0;
18230;8350000;1063006208;21790720;1149681664;0;0;0;0;0;0;0;0;0;0;0;3046;0;0;95;0;160;0;
18231;7394187;1063006208;21790720;1149681664;0;0;0;0;0;0;0;0;0;0;0;3827;0;0;95;0;160;0;
18232;5944929;1063006208;21790720;1149681664;0;0;0;0;0;0;0;0;0;0;0;3136;0;0;95;0;160;0;
18233;7830165;1063006208;21790720;1149681664;0;0;0;0;0;0;0;0;0;0;0;2925;0;0;95;0;160;0;
18234;7396291;1063006208;21790720;1149681664;0;0;0;0;0;0;0;0;0;0;0;3085;0;0;95;0;160;0;
18235;8508737;1063006208;21790720;1149681664;0;0;0;0;0;0;0;0;0;0;0;3236;0;0;95;0;160;0;
18236;9780703;1063006208;21790720;1149681664;0;0;0;0;0;0;0;0;0;0;0;3327;0;0;95;0;160;0;
18237;9441276;1063006208;21790720;1149681664;0;0;0;0;0;0;0;0;0;0;0;4399;0;0;95;0;160;0;
18238;5829703;1063006208;21790720;1149681664;0;0;0;0;0;0;0;0;0;0;0;3166;0;0;95;0;160;0;
18239;8210128;1063006208;21790720;1149681664;0;0;0;0;0;0;0;0;0;0;0;3546;0;0;95;0;160;0;
18240;5209660;1063006208;21790720;1149681664;0;0;0;0;0;0;0;0;0;0;0;4138;0;0;95;0;160;0;
18241;7974625;1063006208;21790720;1149681664;0;0;0;0;0;0;0;0;0;0;0;3387;0;0;95;0;160;0;
18242;6485452;1063006208;21790720;1149681664;0;0;0;0;0;0;0;0;0;0;0;4328;0;0;95;0;160;0;
18243;7523850;1063006208;21790720;1149681664;0;0;0;0;0;0;0;0;0;0;0;3837;0;0;95;0;160;0;
18244;7391733;1063006208;21790720;1149681664;0;0;0;0;0;0;0;0;0;0;0;3416;0;0;95;0;160;0;
18245;7895998;1063006208;21790720;1149681664;0;0;0;0;0;0;0;0;0;0;0;3246;0;0;95;0;160;0;
18246;7106999;1063006208;21790720;1149681664;0;0;0;0;0;0;0;0;0;0;0;3327;0;0;95;0;160;0;
18247;7783236;1063006208;21790720;1149681664;0;0;0;0;0;0;0;0;0;0;0;3256;0;0;95;0;160;0;
18248;6891314;1063006208;21790720;1149681664;0;0;0;0;0;0;0;0;0;0;0;3246;0;0;95;0;160;0;
18249;6845148;1063006208;21790720;1149681664;0;0;0;0;0;0;0;0;0;0;0;3446;0;0;95;0;160;0;
18250;5622364;1063006208;21790720;1149681664;0;0;0;0;0;0;0;0;0;0;0;3216;0;0;95;0;160;0;
18251;7811760;1063006208;21790720;1149681664;0;0;0;0;0;0;0;0;0;0;0;3216;0;0;95;0;160;0;
18252;5867695;1063006208;21790720;1149681664;0;0;0;0;0;0;0;0;0;0;0;3035;0;0;95;0;160;0;
18253;7847477;1063006208;21790720;1149681664;0;0;0;0;0;0;0;0;0;0;0;3327;0;0;95;0;160;0;
18254;6918084;1063006208;21790720;1149681664;0;0;0;0;0;0;0;0;0;0;0;2695;0;0;95;0;160;0;
18255;6793270;1063006208;21790720;1149681664;0;0;0;0;0;0;0;0;0;0;0;2755;0;0;95;0;160;0;
18256;6479171;1063006208;21790720;1149681664;0;0;0;0;0;0;0;0;0;0;0;3286;0;0;95;0;160;0;
18257;7756216;1063006208;21790720;1149681664;0;0;0;0;0;0;0;0;0;0;0;3146;0;0;95;0;160;0;
18258;5566439;1063006208;21790720;1149681664;0;0;0;0;0;0;0;0;0;0;0;4468;0;0;95;0;160;0;
18259;5971819;1063006208;21790720;1149681664;0;0;0;0;0;0;0;0;0;0;0;3586;0;0;95;0;160;0;
18260;7479407;1063006208;21790720;1149681664;0;0;0;0;0;0;0;0;0;0;0;3466;0;0;95;0;160;0;
18261;8388853;1063006208;21790720;1149681664;0;0;0;0;0;0;0;0;0;0;0;3396;0;0;95;0;160;0;
18262;5989914;1063006208;21790720;1149681664;0;0;0;0;0;0;0;0;0;0;0;3146;0;0;95;0;160;0;
18263;8111191;1063006208;21790720;1149681664;0;0;0;0;0;0;0;0;0;0;0;3968;0;0;95;0;160;0;
18264;5237953;1063006208;21790720;1149681664;0;0;0;0;0;0;0;0;0;0;0;3427;0;0;95;0;160;0;
18265;6554742;1063006208;21790720;1149681664;0;0;0;0;0;0;0;0;0;0;0;3627;0;0;95;0;160;0;
18266;4228180;1063006208;21790720;1149681664;0;0;0;0;0;0;0;0;0;0;0;3978;0;0;95;0;160;0;
18267;7703767;1063006208;21790720;1149681664;0;0;0;0;0;0;0;0;0;0;0;3577;0;0;95;0;160;0;
18268;5057565;1063006208;21790720;1149681664;0;0;0;0;0;0;0;0;0;0;0;3377;0;0;95;0;160;0;
18269;7227644;1063006208;21790720;1149681664;0;0;0;0;0;0;0;0;0;0;0;3256;0;0;95;0;160;0;
18270;5504813;1063006208;21790720;1149681664;0;0;0;0;0;0;0;0;0;0;0;4228;0;0;95;0;160;0;
18271;6416183;1063006208;21790720;1149681664;0;0;0;0;0;0;0;0;0;0;0;2184;0;0;95;0;160;0;
18272;5306521;1063006208;21790720;1149681664;0;0;0;0;0;0;0;0;0;0;0;3196;0;0;95;0;160;0;
18273;5788476;1063006208;21790720;1149681664;0;0;0;0;0;0;0;0;0;0;0;2395;0;0;95;0;160;0;
18274;5806399;1063006208;21790720;1149681664;0;0;0;0;0;0;0;0;0;0;0;3256;0;0;95;0;160;0;
18275;6558059;1063006208;21790720;1149681664;0;0;0;0;0;0;0;0;0;0;0;2214;0;0;95;0;160;0;
18276;6315083;1063006208;21790720;1149681664;0;0;0;0;0;0;0;0;0;0;0;2875;0;0;95;0;160;0;
18277;6542510;1063006208;21790720;1149681664;0;0;0;0;0;0;0;0;0;0;0;2595;0;0;95;0;160;0;
18278;4708991;1063006208;21790720;1149681664;0;0;0;0;0;0;0;0;0;0;0;3687;0;0;95;0;160;0;
18279;5083363;1063006208;21790720;1149681664;0;0;0;0;0;0;0;0;0;0;0;2154;0;0;95;0;160;0;
18280;7534621;1063006208;21790720;1149681664;0;0;0;0;0;0;0;0;0;0;0;2525;0;0;95;0;160;0;
18281;6604185;1063006208;21790720;1149681664;0;0;0;0;0;0;0;0;0;0;0;2625;0;0;95;0;160;0;
18282;6163349;1063006208;21790720;1149681664;0;0;0;0;0;0;0;0;0;0;0;2966;0;0;95;0;160;0;
18283;5817670;1063006208;21790720;1149681664;0;0;0;0;0;0;0;0;0;0;0;2294;0;0;95;0;160;0;
18284;4945114;1063006208;21790720;1149681664;0;0;0;0;0;0;0;0;0;0;0;4117;0;0;95;0;160;0;
18285;6268326;1063006208;21790720;1149681664;0;0;0;0;0;0;0;0;0;0;0;2174;0;0;95;0;160;0;
18286;5018522;1063006208;21790720;1149681664;0;0;0;0;0;0;0;0;0;0;0;4258;0;0;95;0;160;0;
18287;7461774;1063006208;21790720;1149681664;0;0;0;0;0;0;0;0;0;0;0;2955;0;0;95;0;160;0;
18288;3522376;1063006208;21790720;1149681664;0;0;0;0;0;0;0;0;0;0;0;2966;0;0;95;0;160;0;
18289;6688453;1063006208;21794816;1149685760;0;0;0;0;0;0;0;0;0;0;0;2916;0;0;95;0;160;0;
18290;4927321;1063006208;21798912;1149689856;0;0;0;0;0;0;0;0;0;0;0;2675;0;0;95;0;160;0;
18291;6152699;1063006208;21798912;1149689856;0;0;0;0;0;0;0;0;0;0;0;2886;0;0;95;0;160;0;
18292;5046203;1063006208;21798912;1149689856;0;0;0;0;0;0;0;0;0;0;0;3897;0;0;95;0;160;0;
18293;5765572;1063006208;21798912;1149689856;0;0;0;0;0;0;0;0;0;0;0;2254;0;0;95;0;160;0;
18294;5741397;1063006208;21798912;1149689856;0;0;0;0;0;0;0;0;0;0;0;3045;0;0;95;0;160;0;
18295;7027730;1063006208;21798912;1149689856;0;0;0;0;0;0;0;0;0;0;0;2134;0;0;95;0;160;0;
18296;5183561;1063079936;21790720;1149681664;0;0;0;0;0;0;0;0;0;0;0;2915;0;0;95;0;160;0;
18297;5640498;1063079936;21790720;1149681664;0;0;0;0;0;0;0;0;0;0;0;2535;0;0;95;0;160;0;
18298;6170783;1063079936;21790720;1149681664;0;0;0;0;0;0;0;0;0;0;0;3216;0;0;95;0;160;0;
18299;4726003;1063079936;21790720;1149681664;0;0;0;0;0;0;0;0;0;0;0;2014;0;0;95;0;160;0;
18300;5402862;1063079936;21790720;1149681664;0;0;0;0;0;0;0;0;0;0;0;3947;0;0;95;0;160;0;
18301;6418166;1063079936;21790720;1149681664;0;0;0;0;0;0;0;0;0;0;0;2324;0;0;95;0;160;0;
18302;10833316;1063079936;21790720;1149681664;0;0;0;0;0;0;0;0;0;0;0;2976;0;0;95;0;160;0;
18303;6125207;1063079936;21790720;1149681664;0;0;0;0;0;0;0;0;0;0;0;2124;0;0;95;0;160;0;
18304;5908060;1063079936;21790720;1149681664;0;0;0;0;0;0;0;0;0;0;0;3546;0;0;95;0;160;0;
18305;6023326;1063079936;21790720;1149681664;0;0;0;0;0;0;0;0;0;0;0;2715;0;0;95;0;160;0;
18306;7973844;1063079936;21790720;1149681664;0;0;0;0;0;0;0;0;0;0;0;3586;0;0;95;0;160;0;
18307;6110289;1063079936;21790720;1149681664;0;0;0;0;0;0;0;0;0;0;0;3526;0;0;95;0;160;0;
18308;5673591;1063079936;21790720;1149681664;0;0;0;0;0;0;0;0;0;0;0;2926;0;0;95;0;160;0;
18309;6814039;1063079936;21790720;1149681664;0;0;0;0;0;0;0;0;0;0;0;2394;0;0;95;0;160;0;
18310;6396345;1063079936;21790720;1149681664;0;0;0;0;0;0;0;0;0;0;0;3376;0;0;95;0;160;0;
18311;8118475;1063079936;21790720;1149681664;0;0;0;0;0;0;0;0;0;0;0;4128;0;0;95;0;160;0;
18312;5841204;1063079936;21790720;1149681664;0;0;0;0;0;0;0;0;0;0;0;3636;0;0;95;0;160;0;
18313;7857175;1063079936;21790720;1149681664;0;0;0;0;0;0;0;0;0;0;0;2815;0;0;95;0;160;0;
18314;4305966;1063079936;21790720;1149681664;0;0;0;0;0;0;0;0;0;0;0;2785;0;0;95;0;160;0;
18315;8614175;1063079936;21790720;1149681664;0;0;0;0;0;0;0;0;0;0;0;3667;0;0;95;0;160;0;
18316;9510636;1063079936;21790720;1149681664;0;0;0;0;0;0;0;0;0;0;0;3567;0;0;95;0;160;0;
18317;7410297;1063079936;21790720;1149681664;0;0;0;0;0;0;0;0;0;0;0;3717;0;0;95;0;160;0;
18318;9632344;1063079936;21790720;1149681664;0;0;0;0;0;0;0;0;0;0;0;4168;0;0;95;0;160;0;
18319;7386312;1063079936;21790720;1149681664;0;0;0;0;0;0;0;0;0;0;0;3757;0;0;95;0;160;0;
18320;7217335;1063079936;21790720;1149681664;0;0;0;0;0;0;0;0;0;0;0;3596;0;0;95;0;160;0;
18321;7657591;1063079936;21790720;1149681664;0;0;0;0;0;0;0;0;0;0;0;2565;0;0;95;0;160;0;
18322;9101208;1063079936;21790720;1149681664;0;0;0;0;0;0;0;0;0;0;0;4218;0;0;95;0;160;0;
18323;7192188;1063079936;21790720;1149681664;0;0;0;0;0;0;0;0;0;0;0;3646;0;0;95;0;160;0;
18324;6189557;1063079936;21790720;1149681664;0;0;0;0;0;0;0;0;0;0;0;4398;0;0;95;0;160;0;
18325;8326575;1063079936;21790720;1149681664;0;0;0;0;0;0;0;0;0;0;0;4299;0;0;95;0;160;0;
18326;7737100;1063079936;21790720;1149681664;0;0;0;0;0;0;0;0;0;0;0;3376;0;0;95;0;160;0;
18327;6686400;1063079936;21790720;1149681664;0;0;0;0;0;0;0;0;0;0;0;3066;0;0;95;0;160;0;
18328;6436241;1063079936;21790720;1149681664;0;0;0;0;0;0;0;0;0;0;0;4609;0;0;95;0;160;0;
18329;5687576;1063079936;21790720;1149681664;0;0;0;0;0;0;0;0;0;0;0;3035;0;0;95;0;160;0;
18330;8379034;1063079936;21790720;1149681664;0;0;0;0;0;0;0;0;0;0;0;3577;0;0;95;0;160;0;
18331;6747795;1063079936;21790720;1149681664;0;0;0;0;0;0;0;0;0;0;0;2465;0;0;95;0;160;0;
18332;5675914;1063079936;21790720;1149681664;0;0;0;0;0;0;0;0;0;0;0;2925;0;0;95;0;160;0;
18333;7210492;1063079936;21790720;1149681664;0;0;0;0;0;0;0;0;0;0;0;3206;0;0;95;0;160;0;
18334;5937976;1063079936;21790720;1149681664;0;0;0;0;0;0;0;0;0;0;0;3066;0;0;95;0;160;0;
18335;8353055;1063079936;21790720;1149681664;0;0;0;0;0;0;0;0;0;0;0;3136;0;0;95;0;160;0;
18336;4115177;1063079936;21790720;1149681664;0;0;0;0;0;0;0;0;0;0;0;4338;0;0;95;0;160;0;
18337;7081741;1063079936;21790720;1149681664;0;0;0;0;0;0;0;0;0;0;0;3106;0;0;95;0;160;0;
18338;5509282;1063079936;21790720;1149681664;0;0;0;0;0;0;0;0;0;0;0;2775;0;0;95;0;160;0;
18339;7183982;1063079936;21790720;1149681664;0;0;0;0;0;0;0;0;0;0;0;5690;0;0;95;0;160;0;
18340;4888388;1063079936;21790720;1149681664;0;0;0;0;0;0;0;0;0;0;0;3737;0;0;95;0;160;0;
18341;7668722;1063079936;21790720;1149681664;0;0;0;0;0;0;0;0;0;0;0;2975;0;0;95;0;160;0;
18342;4136347;1063079936;21790720;1149681664;0;0;0;0;0;0;0;0;0;0;0;4117;0;0;95;0;160;0;
18343;6881225;1063079936;21790720;1149681664;0;0;0;0;0;0;0;0;0;0;0;3637;0;0;95;0;160;0;
18344;4466727;1063079936;21790720;1149681664;0;0;0;0;0;0;0;0;0;0;0;3737;0;0;95;0;160;0;
18345;5828981;1063079936;21790720;1149681664;0;0;0;0;0;0;0;0;0;0;0;2635;0;0;95;0;160;0;
18346;5304357;1063079936;21790720;1149681664;0;0;0;0;0;0;0;0;0;0;0;2745;0;0;95;0;160;0;
18347;5488743;1063079936;21790720;1149681664;0;0;0;0;0;0;0;0;0;0;0;2044;0;0;95;0;160;0;
18348;6126389;1063079936;21790720;1149681664;0;0;0;0;0;0;0;0;0;0;0;3517;0;0;95;0;160;0;
18349;5720788;1063079936;21790720;1149681664;0;0;0;0;0;0;0;0;0;0;0;2424;0;0;95;0;160;0;
18350;5249855;1063079936;21790720;1149681664;0;0;0;0;0;0;0;0;0;0;0;3687;0;0;95;0;160;0;
18351;5956030;1063079936;21790720;1149681664;0;0;0;0;0;0;0;0;0;0;0;3257;0;0;95;0;160;0;
18352;5452716;1063079936;21790720;1149681664;0;0;0;0;0;0;0;0;0;0;0;3155;0;0;95;0;160;0;
18353;6548441;1063079936;21790720;1149681664;0;0;0;0;0;0;0;0;0;0;0;3156;0;0;95;0;160;0;
18354;4424297;1063079936;21790720;1149681664;0;0;0;0;0;0;0;0;0;0;0;3105;0;0;95;0;160;0;
18355;6076055;1063079936;21790720;1149681664;0;0;0;0;0;0;0;0;0;0;0;2775;0;0;95;0;160;0;
18356;4803589;1063079936;21790720;1149681664;0;0;0;0;0;0;0;0;0;0;0;3677;0;0;95;0;160;0;
18357;6644121;1063079936;21790720;1149681664;0;0;0;0;0;0;0;0;0;0;0;2284;0;0;95;0;160;0;
18358;5577089;1063079936;21790720;1149681664;0;0;0;0;0;0;0;0;0;0;0;3086;0;0;95;0;160;0;
18359;5726770;1063079936;21790720;1149681664;0;0;0;0;0;0;0;0;0;0;0;2404;0;0;95;0;160;0;
18360;5608137;1063079936;21790720;1149681664;0;0;0;0;0;0;0;0;0;0;0;4148;0;0;95;0;160;0;
18361;6842733;1063079936;21790720;1149681664;0;0;0;0;0;0;0;0;0;0;0;4098;0;0;95;0;160;0;
18362;4711796;1063079936;21790720;1149681664;0;0;0;0;0;0;0;0;0;0;0;4348;0;0;95;0;160;0;
18363;7082532;1063079936;21790720;1149681664;0;0;0;0;0;0;0;0;0;0;0;3948;0;0;95;0;160;0;
18364;4893337;1063079936;21790720;1149681664;0;0;0;0;0;0;0;0;0;0;0;3306;0;0;95;0;160;0;
18365;7092421;1063079936;21790720;1149681664;0;0;0;0;0;0;0;0;0;0;0;3226;0;0;95;0;160;0;
18366;5319065;1063079936;21790720;1149681664;0;0;0;0;0;0;0;0;0;0;0;3687;0;0;95;0;160;0;
18367;7909042;1063079936;21794816;1149685760;0;0;0;0;0;0;0;0;0;0;0;3015;0;0;95;0;160;0;
18368;5459639;1063079936;21798912;1149689856;0;0;0;0;0;0;0;0;0;0;0;3847;0;0;95;0;160;0;
18369;6979339;1063079936;21798912;1149689856;0;0;0;0;0;0;0;0;0;0;0;2404;0;0;95;0;160;0;
18370;4454594;1063079936;21798912;1149689856;0;0;0;0;0;0;0;0;0;0;0;2765;0;0;95;0;160;0;
18371;7771234;1063079936;21798912;1149689856;0;0;0;0;0;0;0;0;0;0;0;3065;0;0;95;0;160;0;
18372;4969339;1063079936;21798912;1149689856;0;0;0;0;0;0;0;0;0;0;0;2765;0;0;95;0;160;0;
18373;7643745;1063079936;21798912;1149689856;0;0;0;0;0;0;0;0;0;0;0;3757;0;0;95;0;160;0;
18374;5759541;1063112704;21790720;1149681664;0;0;0;0;0;0;0;0;0;0;0;3016;0;0;95;0;160;0;
18375;7058367;1063112704;21790720;1149681664;0;0;0;0;0;0;0;0;0;0;0;3757;0;0;95;0;160;0;
18376;5501527;1063112704;21790720;1149681664;0;0;0;0;0;0;0;0;0;0;0;3727;0;0;95;0;160;0;
18377;6760769;1063112704;21790720;1149681664;0;0;0;0;0;0;0;0;0;0;0;3206;0;0;95;0;160;0;
18378;5203449;1063112704;21790720;1149681664;0;0;0;0;0;0;0;0;0;0;0;3076;0;0;95;0;160;0;
18379;6838595;1063112704;21790720;1149681664;0;0;0;0;0;0;0;0;0;0;0;2725;0;0;95;0;160;0;
18380;6336123;1063112704;21790720;1149681664;0;0;0;0;0;0;0;0;0;0;0;3788;0;0;95;0;160;0;
18381;7235339;1063112704;21790720;1149681664;0;0;0;0;0;0;0;0;0;0;0;2144;0;0;95;0;160;0;
18382;6124055;1063112704;21790720;1149681664;0;0;0;0;0;0;0;0;0;0;0;3046;0;0;95;0;160;0;
18383;4990719;1063112704;21790720;1149681664;0;0;0;0;0;0;0;0;0;0;0;2034;0;0;95;0;160;0;
18384;7468206;1063112704;21790720;1149681664;0;0;0;0;0;0;0;0;0;0;0;2926;0;0;95;0;160;0;
18385;7258372;1063112704;21790720;1149681664;0;0;0;0;0;0;0;0;0;0;0;2344;0;0;95;0;160;0;
18386;5712152;1063112704;21790720;1149681664;0;0;0;0;0;0;0;0;0;0;0;3406;0;0;95;0;160;0;
18387;7176038;1063112704;21790720;1149681664;0;0;0;0;0;0;0;0;0;0;0;3106;0;0;95;0;160;0;
18388;5105284;1063112704;21790720;1149681664;0;0;0;0;0;0;0;0;0;0;0;3386;0;0;95;0;160;0;
18389;7896880;1063112704;21790720;1149681664;0;0;0;0;0;0;0;0;0;0;0;3687;0;0;95;0;160;0;
18390;5862164;1063112704;21790720;1149681664;0;0;0;0;0;0;0;0;0;0;0;4419;0;0;95;0;160;0;
18391;7912268;1063112704;21790720;1149681664;0;0;0;0;0;0;0;0;0;0;0;3276;0;0;95;0;160;0;
18392;4379864;1063112704;21790720;1149681664;0;0;0;0;0;0;0;0;0;0;0;3476;0;0;95;0;160;0;
18393;8442823;1063112704;21790720;1149681664;0;0;0;0;0;0;0;0;0;0;0;3076;0;0;95;0;160;0;
18394;3852816;1063112704;21790720;1149681664;0;0;0;0;0;0;0;0;0;0;0;4298;0;0;95;0;160;0;
18395;8866528;1063112704;21790720;1149681664;0;0;0;0;0;0;0;0;0;0;0;3105;0;0;95;0;160;0;
18396;3745034;1063112704;21790720;1149681664;0;0;0;0;0;0;0;0;0;0;0;2935;0;0;95;0;160;0;
18397;5872994;1063112704;21790720;1149681664;0;0;0;0;0;0;0;0;0;0;0;4008;0;0;95;0;160;0;
18398;5794837;1063112704;21790720;1149681664;0;0;0;0;0;0;0;0;0;0;0;3166;0;0;95;0;160;0;
18399;6855917;1063112704;21790720;1149681664;0;0;0;0;0;0;0;0;0;0;0;3286;0;0;95;0;160;0;
18400;7034392;1063112704;21790720;1149681664;0;0;0;0;0;0;0;0;0;0;0;3687;0;0;95;0;160;0;
18401;8632720;1063112704;21790720;1149681664;0;0;0;0;0;0;0;0;0;0;0;3978;0;0;95;0;160;0;
18402;5094264;1063112704;21790720;1149681664;0;0;0;0;0;0;0;0;0;0;0;3476;0;0;95;0;160;0;
18403;5960257;1063112704;21790720;1149681664;0;0;0;0;0;0;0;0;0;0;0;4057;0;0;95;0;160;0;
18404;5957312;1063112704;21790720;1149681664;0;0;0;0;0;0;0;0;0;0;0;2725;0;0;95;0;160;0;
18405;6948982;1063112704;21790720;1149681664;0;0;0;0;0;0;0;0;0;0;0;2504;0;0;95;0;160;0;
18406;5051444;1063112704;21790720;1149681664;0;0;0;0;0;0;0;0;0;0;0;2886;0;0;95;0;160;0;
18407;7270825;1063112704;21790720;1149681664;0;0;0;0;0;0;0;0;0;0;0;3487;0;0;95;0;160;0;
18408;4864904;1063112704;21790720;1149681664;0;0;0;0;0;0;0;0;0;0;0;3797;0;0;95;0;160;0;
18409;7248524;1063112704;21790720;1149681664;0;0;0;0;0;0;0;0;0;0;0;2885;0;0;95;0;160;0;
18410;4436761;1063112704;21790720;1149681664;0;0;0;0;0;0;0;0;0;0;0;3687;0;0;95;0;160;0;
18411;7995044;1063112704;21790720;1149681664;0;0;0;0;0;0;0;0;0;0;0;3196;0;0;95;0;160;0;
18412;5379399;1063112704;21790720;1149681664;0;0;0;0;0;0;0;0;0;0;0;3527;0;0;95;0;160;0;
18413;6712338;1063112704;21790720;1149681664;0;0;0;0;0;0;0;0;0;0;0;3105;0;0;95;0;160;0;
18414;5345454;1063112704;21790720;1149681664;0;0;0;0;0;0;0;0;0;0;0;3186;0;0;95;0;160;0;
18415;7868476;1063112704;21790720;1149681664;0;0;0;0;0;0;0;0;0;0;0;3767;0;0;95;0;160;0;
18416;5212696;1063112704;21790720;1149681664;0;0;0;0;0;0;0;0;0;0;0;173255;0;0;95;0;160;0;
18417;6985129;1063112704;21790720;1149681664;0;0;0;0;0;0;0;0;0;0;0;3526;0;0;95;0;160;0;
18418;5685712;1063112704;21790720;1149681664;0;0;0;0;0;0;0;0;0;0;0;2995;0;0;95;0;160;0;
18419;7739765;1063112704;21790720;1149681664;0;0;0;0;0;0;0;0;0;0;0;3056;0;0;95;0;160;0;
18420;5407180;1063112704;21790720;1149681664;0;0;0;0;0;0;0;0;0;0;0;3827;0;0;95;0;160;0;
18421;7724086;1063112704;21790720;1149681664;0;0;0;0;0;0;0;0;0;0;0;2224;0;0;95;0;160;0;
18422;6672433;1063112704;21790720;1149681664;0;0;0;0;0;0;0;0;0;0;0;3196;0;0;95;0;160;0;
18423;7078254;1063112704;21790720;1149681664;0;0;0;0;0;0;0;0;0;0;0;3436;0;0;95;0;160;0;
18424;5843118;1063112704;21790720;1149681664;0;0;0;0;0;0;0;0;0;0;0;4038;0;0;95;0;160;0;
18425;8059254;1063112704;21790720;1149681664;0;0;0;0;0;0;0;0;0;0;0;3386;0;0;95;0;160;0;
18426;5093573;1063112704;21790720;1149681664;0;0;0;0;0;0;0;0;0;0;0;3327;0;0;95;0;160;0;
18427;7461934;1063112704;21790720;1149681664;0;0;0;0;0;0;0;0;0;0;0;3777;0;0;95;0;160;0;
18428;4285377;1063112704;21790720;1149681664;0;0;0;0;0;0;0;0;0;0;0;4208;0;0;95;0;160;0;
18429;6880914;1063112704;21790720;1149681664;0;0;0;0;0;0;0;0;0;0;0;3787;0;0;95;0;160;0;
18430;5159666;1063112704;21790720;1149681664;0;0;0;0;0;0;0;0;0;0;0;3747;0;0;95;0;160;0;
18431;5965408;1063112704;21790720;1149681664;0;0;0;0;0;0;0;0;0;0;0;2504;0;0;95;0;160;0;
18432;5848408;1063112704;21790720;1149681664;0;0;0;0;0;0;0;0;0;0;0;2886;0;0;95;0;160;0;
18433;5921775;1063112704;21790720;1149681664;0;0;0;0;0;0;0;0;0;0;0;2274;0;0;95;0;160;0;
18434;6771138;1063112704;21790720;1149681664;0;0;0;0;0;0;0;0;0;0;0;3637;0;0;95;0;160;0;
18435;7213758;1063112704;21790720;1149681664;0;0;0;0;0;0;0;0;0;0;0;3166;0;0;95;0;160;0;
18436;5286404;1063112704;21790720;1149681664;0;0;0;0;0;0;0;0;0;0;0;3316;0;0;95;0;160;0;
18437;7965639;1063112704;21790720;1149681664;0;0;0;0;0;0;0;0;0;0;0;3467;0;0;95;0;160;0;
18438;5345375;1063112704;21790720;1149681664;0;0;0;0;0;0;0;0;0;0;0;4408;0;0;95;0;160;0;
18439;5876581;1063112704;21790720;1149681664;0;0;0;0;0;0;0;0;0;0;0;2655;0;0;95;0;160;0;
18440;5822299;1063112704;21790720;1149681664;0;0;0;0;0;0;0;0;0;0;0;2675;0;0;95;0;160;0;
18441;6570062;1063112704;21790720;1149681664;0;0;0;0;0;0;0;0;0;0;0;2605;0;0;95;0;160;0;
18442;5292185;1063112704;21790720;1149681664;0;0;0;0;0;0;0;0;0;0;0;3146;0;0;95;0;160;0;
18443;7187770;1063112704;21790720;1149681664;0;0;0;0;0;0;0;0;0;0;0;2855;0;0;95;0;160;0;
18444;5781953;1063112704;21790720;1149681664;0;0;0;0;0;0;0;0;0;0;0;3707;0;0;95;0;160;0;
18445;7990345;1063112704;21790720;1149681664;0;0;0;0;0;0;0;0;0;0;0;3446;0;0;95;0;160;0;
18446;3891167;1063112704;21790720;1149681664;0;0;0;0;0;0;0;0;0;0;0;3076;0;0;95;0;160;0;
18447;5363488;1063112704;21790720;1149681664;0;0;0;0;0;0;0;0;0;0;0;2915;0;0;95;0;160;0;
18448;6229342;1063112704;21790720;1149681664;0;0;0;0;0;0;0;0;0;0;0;3597;0;0;95;0;160;0;
18449;5490116;1063112704;21790720;1149681664;0;0;0;0;0;0;0;0;0;0;0;2695;0;0;95;0;160;0;
18450;7158926;1063112704;21790720;1149681664;0;0;0;0;0;0;0;0;0;0;0;3196;0;0;95;0;160;0;
18451;6359135;1063112704;21790720;1149681664;0;0;0;0;0;0;0;0;0;0;0;3136;0;0;95;0;160;0;
18452;5522477;1063112704;21790720;1149681664;0;0;0;0;0;0;0;0;0;0;0;3196;0;0;95;0;160;0;
18453;7418432;1063112704;21790720;1149681664;0;0;0;0;0;0;0;0;0;0;0;3426;0;0;95;0;160;0;
18454;7255206;1063112704;21790720;1149681664;0;0;0;0;0;0;0;0;0;0;0;3146;0;0;95;0;160;0;
18455;6263457;1063112704;21790720;1149681664;0;0;0;0;0;0;0;0;0;0;0;3186;0;0;95;0;160;0;
18456;6924346;1063112704;21790720;1149681664;0;0;0;0;0;0;0;0;0;0;0;2985;0;0;95;0;160;0;
18457;9344074;1063112704;21790720;1149681664;0;0;0;0;0;0;0;0;0;0;0;2565;0;0;95;0;160;0;
18458;10670742;1063112704;21790720;1149681664;0;0;0;0;0;0;0;0;0;0;0;4479;0;0;95;0;160;0;
18459;7166871;1063112704;21790720;1149681664;0;0;0;0;0;0;0;0;0;0;0;4148;0;0;95;0;160;0;
18460;6108145;1063112704;21790720;1149681664;0;0;0;0;0;0;0;0;0;0;0;4569;0;0;95;0;160;0;
18461;7547485;1063112704;21790720;1149681664;0;0;0;0;0;0;0;0;0;0;0;3888;0;0;95;0;160;0;
18462;4876255;1063112704;21790720;1149681664;0;0;0;0;0;0;0;0;0;0;0;3046;0;0;95;0;160;0;
18463;6978608;1063112704;21790720;1149681664;0;0;0;0;0;0;0;0;0;0;0;3246;0;0;95;0;160;0;
18464;4556014;1063112704;21790720;1149681664;0;0;0;0;0;0;0;0;0;0;0;2745;0;0;95;0;160;0;
18465;7413643;1063112704;21790720;1149681664;0;0;0;0;0;0;0;0;0;0;0;2875;0;0;95;0;160;0;
18466;5857976;1063112704;21790720;1149681664;0;0;0;0;0;0;0;0;0;0;0;3026;0;0;95;0;160;0;
18467;5221622;1063112704;21790720;1149681664;0;0;0;0;0;0;0;0;0;0;0;3396;0;0;95;0;160;0;
18468;5210021;1063112704;21790720;1149681664;0;0;0;0;0;0;0;0;0;0;0;3185;0;0;95;0;160;0;
18469;6471206;1063112704;21790720;1149681664;0;0;0;0;0;0;0;0;0;0;0;3817;0;0;95;0;160;0;
18470;4138001;1063112704;21790720;1149681664;0;0;0;0;0;0;0;0;0;0;0;4739;0;0;95;0;160;0;
18471;6876276;1063112704;21790720;1149681664;0;0;0;0;0;0;0;0;0;0;0;2344;0;0;95;0;160;0;
18472;4654810;1063112704;21790720;1149681664;0;0;0;0;0;0;0;0;0;0;0;3085;0;0;95;0;160;0;
18473;7887062;1063112704;21790720;1149681664;0;0;0;0;0;0;0;0;0;0;0;3526;0;0;95;0;160;0;
18474;4583426;1063112704;21790720;1149681664;0;0;0;0;0;0;0;0;0;0;0;3917;0;0;95;0;160;0;
18475;5987489;1063112704;21790720;1149681664;0;0;0;0;0;0;0;0;0;0;0;3075;0;0;95;0;160;0;
18476;5305670;1063112704;21790720;1149681664;0;0;0;0;0;0;0;0;0;0;0;2525;0;0;95;0;160;0;
18477;5651108;1063112704;21790720;1149681664;0;0;0;0;0;0;0;0;0;0;0;2374;0;0;95;0;160;0;
18478;5100735;1063112704;21790720;1149681664;0;0;0;0;0;0;0;0;0;0;0;3316;0;0;95;0;160;0;
18479;5932205;1063112704;21790720;1149681664;0;0;0;0;0;0;0;0;0;0;0;2465;0;0;95;0;160;0;
18480;5608137;1063112704;21790720;1149681664;0;0;0;0;0;0;0;0;0;0;0;3226;0;0;95;0;160;0;
18481;6266802;1063112704;21790720;1149681664;0;0;0;0;0;0;0;0;0;0;0;4588;0;0;95;0;160;0;
18482;7201055;1063112704;21790720;1149681664;0;0;0;0;0;0;0;0;0;0;0;3326;0;0;95;0;160;0;
18483;6957438;1063112704;21790720;1149681664;0;0;0;0;0;0;0;0;0;0;0;3847;0;0;95;0;160;0;
18484;4947629;1063112704;21790720;1149681664;0;0;0;0;0;0;0;0;0;0;0;3446;0;0;95;0;160;0;
18485;6211088;1063112704;21790720;1149681664;0;0;0;0;0;0;0;0;0;0;0;3136;0;0;95;0;160;0;
18486;5218376;1063112704;21790720;1149681664;0;0;0;0;0;0;0;0;0;0;0;4138;0;0;95;0;160;0;
18487;5973002;1063112704;21790720;1149681664;0;0;0;0;0;0;0;0;0;0;0;3166;0;0;95;0;160;0;
18488;6260892;1063112704;21790720;1149681664;0;0;0;0;0;0;0;0;0;0;0;3807;0;0;95;0;160;0;
18489;5900265;1063112704;21790720;1149681664;0;0;0;0;0;0;0;0;0;0;0;3757;0;0;95;0;160;0;
18490;6650262;1063112704;21790720;1149681664;0;0;0;0;0;0;0;0;0;0;0;2615;0;0;95;0;160;0;
18491;6718881;1063112704;21790720;1149681664;0;0;0;0;0;0;0;0;0;0;0;3416;0;0;95;0;160;0;
18492;6152258;1063112704;21790720;1149681664;0;0;0;0;0;0;0;0;0;0;0;3727;0;0;95;0;160;0;
18493;6697370;1063112704;21790720;1149681664;0;0;0;0;0;0;0;0;0;0;0;3246;0;0;95;0;160;0;
18494;5501598;1063112704;21790720;1149681664;0;0;0;0;0;0;0;0;0;0;0;3927;0;0;95;0;160;0;
18495;6326695;1063112704;21790720;1149681664;0;0;0;0;0;0;0;0;0;0;0;3827;0;0;95;0;160;0;
18496;6994007;1063112704;21790720;1149681664;0;0;0;0;0;0;0;0;0;0;0;3076;0;0;95;0;160;0;
18497;6626036;1063112704;21790720;1149681664;0;0;0;0;0;0;0;0;0;0;0;3828;0;0;95;0;160;0;
18498;7069689;1063112704;21790720;1149681664;0;0;0;0;0;0;0;0;0;0;0;4930;0;0;95;0;160;0;
18499;6474853;1063112704;21790720;1149681664;0;0;0;0;0;0;0;0;0;0;0;2976;0;0;95;0;160;0;
18500;6292320;1063112704;21790720;1149681664;0;0;0;0;0;0;0;0;0;0;0;3056;0;0;95;0;160;0;
18501;5932516;1063112704;21790720;1149681664;0;0;0;0;0;0;0;0;0;0;0;2725;0;0;95;0;160;0;
18502;6316927;1063112704;21790720;1149681664;0;0;0;0;0;0;0;0;0;0;0;3336;0;0;95;0;160;0;
18503;6053322;1063112704;21790720;1149681664;0;0;0;0;0;0;0;0;0;0;0;2535;0;0;95;0;160;0;
18504;6372320;1063112704;21790720;1149681664;0;0;0;0;0;0;0;0;0;0;0;4087;0;0;95;0;160;0;
18505;6492075;1063112704;21790720;1149681664;0;0;0;0;0;0;0;0;0;0;0;2655;0;0;95;0;160;0;
18506;6561575;1063112704;21790720;1149681664;0;0;0;0;0;0;0;0;0;0;0;3396;0;0;95;0;160;0;
18507;5110965;1063112704;21790720;1149681664;0;0;0;0;0;0;0;0;0;0;0;1823;0;0;95;0;160;0;
18508;5903822;1063112704;21790720;1149681664;0;0;0;0;0;0;0;0;0;0;0;3346;0;0;95;0;160;0;
18509;5110244;1063112704;21790720;1149681664;0;0;0;0;0;0;0;0;0;0;0;2484;0;0;95;0;160;0;
18510;5276205;1063112704;21790720;1149681664;0;0;0;0;0;0;0;0;0;0;0;3767;0;0;95;0;160;0;
18511;6632518;1063112704;21790720;1149681664;0;0;0;0;0;0;0;0;0;0;0;3226;0;0;95;0;160;0;
18512;5268200;1063112704;21790720;1149681664;0;0;0;0;0;0;0;0;0;0;0;3316;0;0;95;0;160;0;
18513;6884070;1063112704;21790720;1149681664;0;0;0;0;0;0;0;0;0;0;0;5080;0;0;95;0;160;0;
18514;6335281;1063112704;21790720;1149681664;0;0;0;0;0;0;0;0;0;0;0;3216;0;0;95;0;160;0;
18515;7104023;1063112704;21790720;1149681664;0;0;0;0;0;0;0;0;0;0;0;4177;0;0;95;0;160;0;
18516;4589437;1063112704;21790720;1149681664;0;0;0;0;0;0;0;0;0;0;0;3747;0;0;95;0;160;0;
18517;7250468;1063112704;21790720;1149681664;0;0;0;0;0;0;0;0;0;0;0;3807;0;0;95;0;160;0;
18518;5759331;1063112704;21790720;1149681664;0;0;0;0;0;0;0;0;0;0;0;4218;0;0;95;0;160;0;
18519;6965212;1063112704;21790720;1149681664;0;0;0;0;0;0;0;0;0;0;0;3186;0;0;95;0;160;0;
18520;6284446;1063112704;21790720;1149681664;0;0;0;0;0;0;0;0;0;0;0;3066;0;0;95;0;160;0;
18521;5389527;1063112704;21790720;1149681664;0;0;0;0;0;0;0;0;0;0;0;2485;0;0;95;0;160;0;
18522;6184809;1063112704;21790720;1149681664;0;0;0;0;0;0;0;0;0;0;0;3176;0;0;95;0;160;0;
18523;7252482;1063112704;21790720;1149681664;0;0;0;0;0;0;0;0;0;0;0;3667;0;0;95;0;160;0;
18524;5624097;1063112704;21790720;1149681664;0;0;0;0;0;0;0;0;0;0;0;3657;0;0;95;0;160;0;
18525;6453563;1063112704;21790720;1149681664;0;0;0;0;0;0;0;0;0;0;0;3517;0;0;95;0;160;0;
18526;5338261;1063112704;21790720;1149681664;0;0;0;0;0;0;0;0;0;0;0;4779;0;0;95;0;160;0;
18527;7296744;1063112704;21794816;1149685760;0;0;0;0;0;0;0;0;0;0;0;3116;0;0;95;0;160;0;
18528;5751887;1063112704;21798912;1149689856;0;0;0;0;0;0;0;0;0;0;0;3787;0;0;95;0;160;0;
18529;6065626;1063112704;21798912;1149689856;0;0;0;0;0;0;0;0;0;0;0;4638;0;0;95;0;160;0;
18530;5920092;1063112704;21798912;1149689856;0;0;0;0;0;0;0;0;0;0;0;3487;0;0;95;0;160;0;
18531;6688945;1063112704;21798912;1149689856;0;0;0;0;0;0;0;0;0;0;0;3647;0;0;95;0;160;0;
18532;4885171;1063112704;21798912;1149689856;0;0;0;0;0;0;0;0;0;0;0;2745;0;0;95;0;160;0;
18533;6769415;1063112704;21798912;1149689856;0;0;0;0;0;0;0;0;0;0;0;2595;0;0;95;0;160;0;
18534;6597342;1063170048;21790720;1149681664;0;0;0;0;0;0;0;0;0;0;0;4228;0;0;95;0;160;0;
18535;5899533;1063170048;21790720;1149681664;0;0;0;0;0;0;0;0;0;0;0;2645;0;0;95;0;160;0;
18536;6684376;1063170048;21790720;1149681664;0;0;0;0;0;0;0;0;0;0;0;3616;0;0;95;0;160;0;
18537;7017541;1063170048;21790720;1149681664;0;0;0;0;0;0;0;0;0;0;0;3006;0;0;95;0;160;0;
18538;5405627;1063170048;21790720;1149681664;0;0;0;0;0;0;0;0;0;0;0;3928;0;0;95;0;160;0;
18539;6302670;1063170048;21790720;1149681664;0;0;0;0;0;0;0;0;0;0;0;3606;0;0;95;0;160;0;
18540;4465074;1063170048;21790720;1149681664;0;0;0;0;0;0;0;0;0;0;0;3487;0;0;95;0;160;0;
18541;6897866;1063170048;21790720;1149681664;0;0;0;0;0;0;0;0;0;0;0;2985;0;0;95;0;160;0;
18542;4317778;1063170048;21790720;1149681664;0;0;0;0;0;0;0;0;0;0;0;3697;0;0;95;0;160;0;
18543;5383847;1063170048;21790720;1149681664;0;0;0;0;0;0;0;0;0;0;0;3527;0;0;95;0;160;0;
18544;3788184;1063170048;21790720;1149681664;0;0;0;0;0;0;0;0;0;0;0;2855;0;0;95;0;160;0;
18545;5377475;1063170048;21790720;1149681664;0;0;0;0;0;0;0;0;0;0;0;2956;0;0;95;0;160;0;
18546;5616142;1063170048;21790720;1149681664;0;0;0;0;0;0;0;0;0;0;0;2956;0;0;95;0;160;0;
18547;5427228;1063170048;21790720;1149681664;0;0;0;0;0;0;0;0;0;0;0;2544;0;0;95;0;160;0;
18548;5770953;1063170048;21790720;1149681664;0;0;0;0;0;0;0;0;0;0;0;3507;0;0;95;0;160;0;
18549;6199226;1063170048;21790720;1149681664;0;0;0;0;0;0;0;0;0;0;0;1844;0;0;95;0;160;0;
18550;5795459;1063170048;21790720;1149681664;0;0;0;0;0;0;0;0;0;0;0;3306;0;0;95;0;160;0;
18551;6741713;1063170048;21790720;1149681664;0;0;0;0;0;0;0;0;0;0;0;3096;0;0;95;0;160;0;
18552;6190780;1063170048;21790720;1149681664;0;0;0;0;0;0;0;0;0;0;0;2584;0;0;95;0;160;0;
18553;7344865;1063170048;21790720;1149681664;0;0;0;0;0;0;0;0;0;0;0;3467;0;0;95;0;160;0;
18554;4775817;1063170048;21790720;1149681664;0;0;0;0;0;0;0;0;0;0;0;3196;0;0;95;0;160;0;
18555;5750364;1063170048;21790720;1149681664;0;0;0;0;0;0;0;0;0;0;0;3917;0;0;95;0;160;0;
18556;5430033;1063170048;21790720;1149681664;0;0;0;0;0;0;0;0;0;0;0;2976;0;0;95;0;160;0;
18557;5836145;1063170048;21790720;1149681664;0;0;0;0;0;0;0;0;0;0;0;1703;0;0;95;0;160;0;
18558;5671837;1063170048;21790720;1149681664;0;0;0;0;0;0;0;0;0;0;0;3156;0;0;95;0;160;0;
18559;5907509;1063170048;21790720;1149681664;0;0;0;0;0;0;0;0;0;0;0;2134;0;0;95;0;160;0;
18560;5332240;1063170048;21790720;1149681664;0;0;0;0;0;0;0;0;0;0;0;3897;0;0;95;0;160;0;
18561;5689720;1063170048;21790720;1149681664;0;0;0;0;0;0;0;0;0;0;0;2024;0;0;95;0;160;0;
18562;7517037;1063170048;21790720;1149681664;0;0;0;0;0;0;0;0;0;0;0;3136;0;0;95;0;160;0;
18563;6349548;1063170048;21790720;1149681664;0;0;0;0;0;0;0;0;0;0;0;2455;0;0;95;0;160;0;
18564;7180476;1063170048;21790720;1149681664;0;0;0;0;0;0;0;0;0;0;0;2465;0;0;95;0;160;0;
18565;7145892;1063170048;21790720;1149681664;0;0;0;0;0;0;0;0;0;0;0;2475;0;0;95;0;160;0;
18566;5421517;1063170048;21790720;1149681664;0;0;0;0;0;0;0;0;0;0;0;3637;0;0;95;0;160;0;
18567;7114683;1063170048;21790720;1149681664;0;0;0;0;0;0;0;0;0;0;0;3707;0;0;95;0;160;0;
18568;5182279;1063170048;21790720;1149681664;0;0;0;0;0;0;0;0;0;0;0;2765;0;0;95;0;160;0;
18569;6970934;1063170048;21790720;1149681664;0;0;0;0;0;0;0;0;0;0;0;2565;0;0;95;0;160;0;
18570;5466111;1063170048;21790720;1149681664;0;0;0;0;0;0;0;0;0;0;0;3787;0;0;95;0;160;0;
18571;5068826;1063170048;21790720;1149681664;0;0;0;0;0;0;0;0;0;0;0;2886;0;0;95;0;160;0;
18572;6204055;1063170048;21790720;1149681664;0;0;0;0;0;0;0;0;0;0;0;4298;0;0;95;0;160;0;
18573;6012446;1063170048;21790720;1149681664;0;0;0;0;0;0;0;0;0;0;0;2605;0;0;95;0;160;0;
18574;4941127;1063170048;21790720;1149681664;0;0;0;0;0;0;0;0;0;0;0;2996;0;0;95;0;160;0;
18575;6386577;1063170048;21790720;1149681664;0;0;0;0;0;0;0;0;0;0;0;2925;0;0;95;0;160;0;
18576;4183957;1063170048;21790720;1149681664;0;0;0;0;0;0;0;0;0;0;0;3146;0;0;95;0;160;0;
18577;5511095;1063170048;21790720;1149681664;0;0;0;0;0;0;0;0;0;0;0;2485;0;0;95;0;160;0;
18578;4536969;1063170048;21790720;1149681664;0;0;0;0;0;0;0;0;0;0;0;3567;0;0;95;0;160;0;
18579;6282492;1063170048;21790720;1149681664;0;0;0;0;0;0;0;0;0;0;0;2836;0;0;95;0;160;0;
18580;4050656;1063170048;21790720;1149681664;0;0;0;0;0;0;0;0;0;0;0;3446;0;0;95;0;160;0;
18581;6428085;1063170048;21790720;1149681664;0;0;0;0;0;0;0;0;0;0;0;2204;0;0;95;0;160;0;
18582;4391636;1063170048;21790720;1149681664;0;0;0;0;0;0;0;0;0;0;0;2955;0;0;95;0;160;0;
18583;6229082;1063170048;21790720;1149681664;0;0;0;0;0;0;0;0;0;0;0;3216;0;0;95;0;160;0;
18584;4304893;1063170048;21790720;1149681664;0;0;0;0;0;0;0;0;0;0;0;3627;0;0;95;0;160;0;
18585;5724316;1063170048;21790720;1149681664;0;0;0;0;0;0;0;0;0;0;0;3797;0;0;95;0;160;0;
18586;4457279;1063170048;21790720;1149681664;0;0;0;0;0;0;0;0;0;0;0;3627;0;0;95;0;160;0;
18587;5313415;1063170048;21790720;1149681664;0;0;0;0;0;0;0;0;0;0;0;4057;0;0;95;0;160;0;
18588;4633229;1063170048;21790720;1149681664;0;0;0;0;0;0;0;0;0;0;0;4078;0;0;95;0;160;0;
18589;6085833;1063170048;21790720;1149681664;0;0;0;0;0;0;0;0;0;0;0;3777;0;0;95;0;160;0;
18590;5000057;1063170048;21790720;1149681664;0;0;0;0;0;0;0;0;0;0;0;4198;0;0;95;0;160;0;
18591;5785931;1063170048;21790720;1149681664;0;0;0;0;0;0;0;0;0;0;0;2364;0;0;95;0;160;0;
18592;4666672;1063170048;21790720;1149681664;0;0;0;0;0;0;0;0;0;0;0;3687;0;0;95;0;160;0;
18593;4816803;1063170048;21790720;1149681664;0;0;0;0;0;0;0;0;0;0;0;2014;0;0;95;0;160;0;
18594;5359321;1063170048;21790720;1149681664;0;0;0;0;0;0;0;0;0;0;0;3577;0;0;95;0;160;0;
18595;5603529;1063170048;21790720;1149681664;0;0;0;0;0;0;0;0;0;0;0;2295;0;0;95;0;160;0;
18596;5827118;1063170048;21790720;1149681664;0;0;0;0;0;0;0;0;0;0;0;3727;0;0;95;0;160;0;
18597;5288237;1063170048;21790720;1149681664;0;0;0;0;0;0;0;0;0;0;0;2334;0;0;95;0;160;0;
18598;5738201;1063170048;21790720;1149681664;0;0;0;0;0;0;0;0;0;0;0;2945;0;0;95;0;160;0;
18599;5395388;1063170048;21790720;1149681664;0;0;0;0;0;0;0;0;0;0;0;2334;0;0;95;0;160;0;
18600;5257700;1063170048;21790720;1149681664;0;0;0;0;0;0;0;0;0;0;0;3346;0;0;95;0;160;0;
18601;5641911;1063170048;21790720;1149681664;0;0;0;0;0;0;0;0;0;0;0;2655;0;0;95;0;160;0;
18602;5608458;1063170048;21790720;1149681664;0;0;0;0;0;0;0;0;0;0;0;3006;0;0;95;0;160;0;
18603;6702270;1063170048;21790720;1149681664;0;0;0;0;0;0;0;0;0;0;0;2084;0;0;95;0;160;0;
18604;4694384;1063170048;21790720;1149681664;0;0;0;0;0;0;0;0;0;0;0;3136;0;0;95;0;160;0;
18605;7058127;1063170048;21790720;1149681664;0;0;0;0;0;0;0;0;0;0;0;3116;0;0;95;0;160;0;
18606;4870964;1063170048;21790720;1149681664;0;0;0;0;0;0;0;0;0;0;0;3136;0;0;95;0;160;0;
18607;6750811;1063170048;21790720;1149681664;0;0;0;0;0;0;0;0;0;0;0;1643;0;0;95;0;160;0;
18608;5069968;1063170048;21790720;1149681664;0;0;0;0;0;0;0;0;0;0;0;3657;0;0;95;0;160;0;
18609;5688639;1063170048;21790720;1149681664;0;0;0;0;0;0;0;0;0;0;0;2905;0;0;95;0;160;0;
18610;5045192;1063170048;21790720;1149681664;0;0;0;0;0;0;0;0;0;0;0;5951;0;0;95;0;160;0;
18611;7397633;1063170048;21790720;1149681664;0;0;0;0;0;0;0;0;0;0;0;4127;0;0;95;0;160;0;
18612;5591917;1063170048;21790720;1149681664;0;0;0;0;0;0;0;0;0;0;0;4409;0;0;95;0;160;0;
18613;8276772;1063170048;21790720;1149681664;0;0;0;0;0;0;0;0;0;0;0;3767;0;0;95;0;160;0;
18614;5259463;1063170048;21790720;1149681664;0;0;0;0;0;0;0;0;0;0;0;3577;0;0;95;0;160;0;
18615;8107525;1063170048;21790720;1149681664;0;0;0;0;0;0;0;0;0;0;0;3276;0;0;95;0;160;0;
18616;4986271;1063170048;21790720;1149681664;0;0;0;0;0;0;0;0;0;0;0;3546;0;0;95;0;160;0;
18617;9840975;1063170048;21790720;1149681664;0;0;0;0;0;0;0;0;0;0;0;3456;0;0;95;0;160;0;
18618;9374611;1063170048;21790720;1149681664;0;0;0;0;0;0;0;0;0;0;0;4409;0;0;95;0;160;0;
18619;7547544;1063170048;21790720;1149681664;0;0;0;0;0;0;0;0;0;0;0;3407;0;0;95;0;160;0;
18620;7338302;1063170048;21790720;1149681664;0;0;0;0;0;0;0;0;0;0;0;3476;0;0;95;0;160;0;
18621;8800965;1063170048;21790720;1149681664;0;0;0;0;0;0;0;0;0;0;0;3146;0;0;95;0;160;0;
18622;12619566;1063170048;21790720;1149681664;0;0;0;0;0;0;0;0;0;0;0;2775;0;0;95;0;160;0;
18623;9645860;1063170048;21790720;1149681664;0;0;0;0;0;0;0;0;0;0;0;1974;0;0;95;0;160;0;
18624;6873230;1063170048;21790720;1149681664;0;0;0;0;0;0;0;0;0;0;0;4748;0;0;95;0;160;0;
18625;9310000;1063170048;21790720;1149681664;0;0;0;0;0;0;0;0;0;0;0;3938;0;0;95;0;160;0;
18626;9519693;1063170048;21790720;1149681664;0;0;0;0;0;0;0;0;0;0;0;6662;0;0;95;0;160;0;
18627;6268466;1063170048;21790720;1149681664;0;0;0;0;0;0;0;0;0;0;0;2746;0;0;95;0;160;0;
18628;7624258;1063170048;21790720;1149681664;0;0;0;0;0;0;0;0;0;0;0;2685;0;0;95;0;160;0;
18629;6460005;1063170048;21790720;1149681664;0;0;0;0;0;0;0;0;0;0;0;2665;0;0;95;0;160;0;
18630;5475158;1063170048;21790720;1149681664;0;0;0;0;0;0;0;0;0;0;0;3567;0;0;95;0;160;0;
18631;8780937;1063170048;21790720;1149681664;0;0;0;0;0;0;0;0;0;0;0;3847;0;0;95;0;160;0;
18632;6927592;1063170048;21790720;1149681664;0;0;0;0;0;0;0;0;0;0;0;4007;0;0;95;0;160;0;
18633;8161826;1063170048;21790720;1149681664;0;0;0;0;0;0;0;0;0;0;0;3297;0;0;95;0;160;0;
18634;6874131;1063170048;21790720;1149681664;0;0;0;0;0;0;0;0;0;0;0;3587;0;0;95;0;160;0;
18635;6756741;1063170048;21790720;1149681664;0;0;0;0;0;0;0;0;0;0;0;3026;0;0;95;0;160;0;
18636;5513019;1063170048;21790720;1149681664;0;0;0;0;0;0;0;0;0;0;0;3567;0;0;95;0;160;0;
18637;7764682;1063170048;21790720;1149681664;0;0;0;0;0;0;0;0;0;0;0;3456;0;0;95;0;160;0;
18638;7003765;1063170048;21790720;1149681664;0;0;0;0;0;0;0;0;0;0;0;3767;0;0;95;0;160;0;
18639;9120694;1063170048;21790720;1149681664;0;0;0;0;0;0;0;0;0;0;0;3867;0;0;95;0;160;0;
18640;4472838;1063170048;21790720;1149681664;0;0;0;0;0;0;0;0;0;0;0;3697;0;0;95;0;160;0;
18641;8291771;1063170048;21790720;1149681664;0;0;0;0;0;0;0;0;0;0;0;3487;0;0;95;0;160;0;
18642;4164250;1063170048;21790720;1149681664;0;0;0;0;0;0;0;0;0;0;0;4659;0;0;95;0;160;0;
18643;9105787;1063170048;21790720;1149681664;0;0;0;0;0;0;0;0;0;0;0;4048;0;0;95;0;160;0;
18644;7144078;1063170048;21790720;1149681664;0;0;0;0;0;0;0;0;0;0;0;4739;0;0;95;0;160;0;
18645;6208443;1063170048;21790720;1149681664;0;0;0;0;0;0;0;0;0;0;0;3086;0;0;95;0;160;0;
18646;7408123;1063170048;21790720;1149681664;0;0;0;0;0;0;0;0;0;0;0;3397;0;0;95;0;160;0;
18647;8006305;1063170048;21790720;1149681664;0;0;0;0;0;0;0;0;0;0;0;3126;0;0;95;0;160;0;
18648;5551902;1063170048;21790720;1149681664;0;0;0;0;0;0;0;0;0;0;0;4529;0;0;95;0;160;0;
18649;6171685;1063170048;21790720;1149681664;0;0;0;0;0;0;0;0;0;0;0;2254;0;0;95;0;160;0;
18650;7791602;1063170048;21790720;1149681664;0;0;0;0;0;0;0;0;0;0;0;3045;0;0;95;0;160;0;
18651;7937666;1063170048;21790720;1149681664;0;0;0;0;0;0;0;0;0;0;0;4178;0;0;95;0;160;0;
18652;4635644;1063170048;21790720;1149681664;0;0;0;0;0;0;0;0;0;0;0;3617;0;0;95;0;160;0;
18653;8225736;1063170048;21790720;1149681664;0;0;0;0;0;0;0;0;0;0;0;4228;0;0;95;0;160;0;
18654;8526230;1063170048;21790720;1149681664;0;0;0;0;0;0;0;0;0;0;0;4088;0;0;95;0;160;0;
18655;9804367;1063170048;21790720;1149681664;0;0;0;0;0;0;0;0;0;0;0;3376;0;0;95;0;160;0;
18656;5424603;1063170048;21790720;1149681664;0;0;0;0;0;0;0;0;0;0;0;3547;0;0;95;0;160;0;
18657;5908601;1063170048;21790720;1149681664;0;0;0;0;0;0;0;0;0;0;0;2364;0;0;95;0;160;0;
18658;6678545;1063170048;21790720;1149681664;0;0;0;0;0;0;0;0;0;0;0;4298;0;0;95;0;160;0;
18659;7469989;1063170048;21790720;1149681664;0;0;0;0;0;0;0;0;0;0;0;3226;0;0;95;0;160;0;
18660;6714923;1063170048;21790720;1149681664;0;0;0;0;0;0;0;0;0;0;0;3607;0;0;95;0;160;0;
18661;9653053;1063170048;21790720;1149681664;0;0;0;0;0;0;0;0;0;0;0;3246;0;0;95;0;160;0;
18662;3824011;1063170048;21790720;1149681664;0;0;0;0;0;0;0;0;0;0;0;3076;0;0;95;0;160;0;
18663;9696645;1063170048;21790720;1149681664;0;0;0;0;0;0;0;0;0;0;0;3848;0;0;95;0;160;0;
18664;4076615;1063170048;21790720;1149681664;0;0;0;0;0;0;0;0;0;0;0;3947;0;0;95;0;160;0;
18665;8788522;1063170048;21790720;1149681664;0;0;0;0;0;0;0;0;0;0;0;4319;0;0;95;0;160;0;
18666;6049415;1063170048;21790720;1149681664;0;0;0;0;0;0;0;0;0;0;0;4418;0;0;95;0;160;0;
18667;6759687;1063170048;21790720;1149681664;0;0;0;0;0;0;0;0;0;0;0;2665;0;0;95;0;160;0;
18668;5602136;1063170048;21790720;1149681664;0;0;0;0;0;0;0;0;0;0;0;3486;0;0;95;0;160;0;
18669;7647622;1063170048;21790720;1149681664;0;0;0;0;0;0;0;0;0;0;0;3446;0;0;95;0;160;0;
18670;5284310;1063170048;21790720;1149681664;0;0;0;0;0;0;0;0;0;0;0;4127;0;0;95;0;160;0;
18671;8049135;1063170048;21790720;1149681664;0;0;0;0;0;0;0;0;0;0;0;4518;0;0;95;0;160;0;
18672;7884356;1063170048;21790720;1149681664;0;0;0;0;0;0;0;0;0;0;0;4198;0;0;95;0;160;0;
18673;6647337;1063170048;21790720;1149681664;0;0;0;0;0;0;0;0;0;0;0;3677;0;0;95;0;160;0;
18674;7749363;1063170048;21790720;1149681664;0;0;0;0;0;0;0;0;0;0;0;3366;0;0;95;0;160;0;
18675;6987925;1063170048;21790720;1149681664;0;0;0;0;0;0;0;0;0;0;0;2204;0;0;95;0;160;0;
18676;5735537;1063170048;21790720;1149681664;0;0;0;0;0;0;0;0;0;0;0;3186;0;0;95;0;160;0;
18677;8010563;1063170048;21790720;1149681664;0;0;0;0;0;0;0;0;0;0;0;3477;0;0;95;0;160;0;
18678;5569365;1063170048;21790720;1149681664;0;0;0;0;0;0;0;0;0;0;0;3858;0;0;95;0;160;0;
18679;9706183;1063170048;21790720;1149681664;0;0;0;0;0;0;0;0;0;0;0;3848;0;0;95;0;160;0;
18680;8800705;1063170048;21790720;1149681664;0;0;0;0;0;0;0;0;0;0;0;3176;0;0;95;0;160;0;
18681;7275614;1063170048;21790720;1149681664;0;0;0;0;0;0;0;0;0;0;0;4198;0;0;95;0;160;0;
18682;6467559;1063170048;21790720;1149681664;0;0;0;0;0;0;0;0;0;0;0;4559;0;0;95;0;160;0;
18683;8230365;1063170048;21794816;1149685760;0;0;0;0;0;0;0;0;0;0;0;3967;0;0;95;0;160;0;
18684;7026337;1063170048;21798912;1149689856;0;0;0;0;0;0;0;0;0;0;0;3155;0;0;95;0;160;0;
18685;9617477;1063170048;21798912;1149689856;0;0;0;0;0;0;0;0;0;0;0;3637;0;0;95;0;160;0;
18686;5505205;1063170048;21798912;1149689856;0;0;0;0;0;0;0;0;0;0;0;3446;0;0;95;0;160;0;
18687;9256911;1063170048;21798912;1149689856;0;0;0;0;0;0;0;0;0;0;0;3286;0;0;95;0;160;0;
18688;6089961;1063170048;21798912;1149689856;0;0;0;0;0;0;0;0;0;0;0;4288;0;0;95;0;160;0;
18689;10625106;1063170048;21798912;1149689856;0;0;0;0;0;0;0;0;0;0;0;4719;0;0;95;0;160;0;
18690;6782230;1063219200;21790720;1149681664;0;0;0;0;0;0;0;0;0;0;0;3376;0;0;95;0;160;0;
18691;7995574;1063219200;21790720;1149681664;0;0;0;0;0;0;0;0;0;0;0;3396;0;0;95;0;160;0;
18692;9782265;1063219200;21790720;1149681664;0;0;0;0;0;0;0;0;0;0;0;4058;0;0;95;0;160;0;
18693;9394128;1063219200;21790720;1149681664;0;0;0;0;0;0;0;0;0;0;0;3076;0;0;95;0;160;0;
18694;6646555;1063219200;21790720;1149681664;0;0;0;0;0;0;0;0;0;0;0;3206;0;0;95;0;160;0;
18695;6331124;1063219200;21790720;1149681664;0;0;0;0;0;0;0;0;0;0;0;2815;0;0;95;0;160;0;
18696;7077423;1063219200;21790720;1149681664;0;0;0;0;0;0;0;0;0;0;0;3597;0;0;95;0;160;0;
18697;7038691;1063219200;21790720;1149681664;0;0;0;0;0;0;0;0;0;0;0;3878;0;0;95;0;160;0;
18698;6511231;1063219200;21790720;1149681664;0;0;0;0;0;0;0;0;0;0;0;3777;0;0;95;0;160;0;
18699;6380937;1063219200;21790720;1149681664;0;0;0;0;0;0;0;0;0;0;0;3787;0;0;95;0;160;0;
18700;7599733;1063219200;21790720;1149681664;0;0;0;0;0;0;0;0;0;0;0;4889;0;0;95;0;160;0;
18701;8347936;1063219200;21790720;1149681664;0;0;0;0;0;0;0;0;0;0;0;3847;0;0;95;0;160;0;
18702;7566210;1063219200;21790720;1149681664;0;0;0;0;0;0;0;0;0;0;0;3687;0;0;95;0;160;0;
18703;8325513;1063219200;21790720;1149681664;0;0;0;0;0;0;0;0;0;0;0;3427;0;0;95;0;160;0;
18704;7708937;1063219200;21790720;1149681664;0;0;0;0;0;0;0;0;0;0;0;4258;0;0;95;0;160;0;
18705;8769527;1063219200;21790720;1149681664;0;0;0;0;0;0;0;0;0;0;0;3596;0;0;95;0;160;0;
18706;6628721;1063219200;21790720;1149681664;0;0;0;0;0;0;0;0;0;0;0;2945;0;0;95;0;160;0;
18707;8046330;1063219200;21790720;1149681664;0;0;0;0;0;0;0;0;0;0;0;3296;0;0;95;0;160;0;
18708;6207161;1063219200;21790720;1149681664;0;0;0;0;0;0;0;0;0;0;0;3277;0;0;95;0;160;0;
18709;8577166;1063219200;21790720;1149681664;0;0;0;0;0;0;0;0;0;0;0;2895;0;0;95;0;160;0;
18710;8925378;1063219200;21790720;1149681664;0;0;0;0;0;0;0;0;0;0;0;3356;0;0;95;0;160;0;
18711;9360053;1063219200;21790720;1149681664;0;0;0;0;0;0;0;0;0;0;0;4648;0;0;95;0;160;0;
18712;9772106;1063219200;21790720;1149681664;0;0;0;0;0;0;0;0;0;0;0;3467;0;0;95;0;160;0;
18713;9898143;1063219200;21790720;1149681664;0;0;0;0;0;0;0;0;0;0;0;4358;0;0;95;0;160;0;
18714;6992935;1063219200;21790720;1149681664;0;0;0;0;0;0;0;0;0;0;0;4679;0;0;95;0;160;0;
18715;8698633;1063219200;21790720;1149681664;0;0;0;0;0;0;0;0;0;0;0;3236;0;0;95;0;160;0;
18716;5902049;1063219200;21790720;1149681664;0;0;0;0;0;0;0;0;0;0;0;3226;0;0;95;0;160;0;
18717;6569470;1063219200;21790720;1149681664;0;0;0;0;0;0;0;0;0;0;0;3316;0;0;95;0;160;0;
18718;8256203;1063219200;21790720;1149681664;0;0;0;0;0;0;0;0;0;0;0;4228;0;0;95;0;160;0;
18719;6783271;1063219200;21790720;1149681664;0;0;0;0;0;0;0;0;0;0;0;3236;0;0;95;0;160;0;
18720;6935326;1063219200;21790720;1149681664;0;0;0;0;0;0;0;0;0;0;0;2725;0;0;95;0;160;0;
18721;7451935;1063219200;21790720;1149681664;0;0;0;0;0;0;0;0;0;0;0;2896;0;0;95;0;160;0;
18722;6009039;1063219200;21790720;1149681664;0;0;0;0;0;0;0;0;0;0;0;3056;0;0;95;0;160;0;
18723;7012832;1063219200;21790720;1149681664;0;0;0;0;0;0;0;0;0;0;0;3216;0;0;95;0;160;0;
18724;5858387;1063219200;21790720;1149681664;0;0;0;0;0;0;0;0;0;0;0;4008;0;0;95;0;160;0;
18725;7330718;1063219200;21790720;1149681664;0;0;0;0;0;0;0;0;0;0;0;3727;0;0;95;0;160;0;
18726;6703191;1063219200;21790720;1149681664;0;0;0;0;0;0;0;0;0;0;0;3516;0;0;95;0;160;0;
18727;9111788;1063219200;21790720;1149681664;0;0;0;0;0;0;0;0;0;0;0;2936;0;0;95;0;160;0;
18728;6245924;1063219200;21790720;1149681664;0;0;0;0;0;0;0;0;0;0;0;7073;0;0;95;0;160;0;
18729;8763104;1063219200;21790720;1149681664;0;0;0;0;0;0;0;0;0;0;0;3136;0;0;95;0;160;0;
18730;7907420;1063219200;21790720;1149681664;0;0;0;0;0;0;0;0;0;0;0;3326;0;0;95;0;160;0;
18731;8115980;1063219200;21790720;1149681664;0;0;0;0;0;0;0;0;0;0;0;5731;0;0;95;0;160;0;
18732;7989904;1063219200;21790720;1149681664;0;0;0;0;0;0;0;0;0;0;0;4288;0;0;95;0;160;0;
18733;9473276;1063219200;21790720;1149681664;0;0;0;0;0;0;0;0;0;0;0;134883;0;0;95;0;160;0;
18734;9891360;1063219200;21790720;1149681664;0;0;0;0;0;0;0;0;0;0;0;3076;0;0;95;0;160;0;
18735;7940131;1063219200;21790720;1149681664;0;0;0;0;0;0;0;0;0;0;0;2965;0;0;95;0;160;0;
18736;5867975;1063219200;21790720;1149681664;0;0;0;0;0;0;0;0;0;0;0;4017;0;0;95;0;160;0;
18737;9108241;1063219200;21790720;1149681664;0;0;0;0;0;0;0;0;0;0;0;3156;0;0;95;0;160;0;
18738;8502595;1063219200;21790720;1149681664;0;0;0;0;0;0;0;0;0;0;0;3907;0;0;95;0;160;0;
18739;7442758;1063219200;21790720;1149681664;0;0;0;0;0;0;0;0;0;0;0;3066;0;0;95;0;160;0;
18740;9704690;1063219200;21790720;1149681664;0;0;0;0;0;0;0;0;0;0;0;3277;0;0;95;0;160;0;
18741;7574865;1063219200;21790720;1149681664;0;0;0;0;0;0;0;0;0;0;0;3978;0;0;95;0;160;0;
18742;7843560;1063219200;21790720;1149681664;0;0;0;0;0;0;0;0;0;0;0;3166;0;0;95;0;160;0;
18743;5678850;1063219200;21790720;1149681664;0;0;0;0;0;0;0;0;0;0;0;2354;0;0;95;0;160;0;
18744;7556932;1063219200;21790720;1149681664;0;0;0;0;0;0;0;0;0;0;0;3346;0;0;95;0;160;0;
18745;7107198;1063219200;21790720;1149681664;0;0;0;0;0;0;0;0;0;0;0;3367;0;0;95;0;160;0;
18746;8101153;1063219200;21790720;1149681664;0;0;0;0;0;0;0;0;0;0;0;3306;0;0;95;0;160;0;
18747;9186348;1063219200;21790720;1149681664;0;0;0;0;0;0;0;0;0;0;0;3597;0;0;95;0;160;0;
18748;7207427;1063219200;21790720;1149681664;0;0;0;0;0;0;0;0;0;0;0;4819;0;0;95;0;160;0;
18749;10315275;1063219200;21790720;1149681664;0;0;0;0;0;0;0;0;0;0;0;3457;0;0;95;0;160;0;
18750;7376935;1063219200;21790720;1149681664;0;0;0;0;0;0;0;0;0;0;0;3747;0;0;95;0;160;0;
18751;7694981;1063219200;21790720;1149681664;0;0;0;0;0;0;0;0;0;0;0;3607;0;0;95;0;160;0;
18752;5681725;1063219200;21790720;1149681664;0;0;0;0;0;0;0;0;0;0;0;3427;0;0;95;0;160;0;
18753;10483320;1063219200;21790720;1149681664;0;0;0;0;0;0;0;0;0;0;0;3606;0;0;95;0;160;0;
18754;5507158;1063219200;21790720;1149681664;0;0;0;0;0;0;0;0;0;0;0;3346;0;0;95;0;160;0;
18755;10828368;1063219200;21790720;1149681664;0;0;0;0;0;0;0;0;0;0;0;1743;0;0;95;0;160;0;
18756;7310299;1063219200;21790720;1149681664;0;0;0;0;0;0;0;0;0;0;0;3186;0;0;95;0;160;0;
18757;6694475;1063219200;21790720;1149681664;0;0;0;0;0;0;0;0;0;0;0;2965;0;0;95;0;160;0;
18758;6008087;1063219200;21790720;1149681664;0;0;0;0;0;0;0;0;0;0;0;4137;0;0;95;0;160;0;
18759;6760098;1063219200;21790720;1149681664;0;0;0;0;0;0;0;0;0;0;0;3807;0;0;95;0;160;0;
18760;7016749;1063219200;21790720;1149681664;0;0;0;0;0;0;0;0;0;0;0;3357;0;0;95;0;160;0;
18761;6431762;1063219200;21790720;1149681664;0;0;0;0;0;0;0;0;0;0;0;2826;0;0;95;0;160;0;
18762;6279526;1063219200;21790720;1149681664;0;0;0;0;0;0;0;0;0;0;0;3086;0;0;95;0;160;0;
18763;7134870;1063219200;21790720;1149681664;0;0;0;0;0;0;0;0;0;0;0;4088;0;0;95;0;160;0;
18764;7260897;1063219200;21790720;1149681664;0;0;0;0;0;0;0;0;0;0;0;4819;0;0;95;0;160;0;
18765;9656650;1063219200;21790720;1149681664;0;0;0;0;0;0;0;0;0;0;0;3526;0;0;95;0;160;0;
18766;6901593;1063219200;21790720;1149681664;0;0;0;0;0;0;0;0;0;0;0;3938;0;0;95;0;160;0;
18767;9028301;1063219200;21790720;1149681664;0;0;0;0;0;0;0;0;0;0;0;3967;0;0;95;0;160;0;
18768;6136838;1063219200;21790720;1149681664;0;0;0;0;0;0;0;0;0;0;0;3968;0;0;95;0;160;0;
18769;8052542;1063219200;21790720;1149681664;0;0;0;0;0;0;0;0;0;0;0;3246;0;0;95;0;160;0;
18770;4283874;1063219200;21790720;1149681664;0;0;0;0;0;0;0;0;0;0;0;2785;0;0;95;0;160;0;
18771;7906327;1063219200;21790720;1149681664;0;0;0;0;0;0;0;0;0;0;0;4358;0;0;95;0;160;0;
18772;3590133;1063219200;21790720;1149681664;0;0;0;0;0;0;0;0;0;0;0;3156;0;0;95;0;160;0;
18773;7554448;1063219200;21790720;1149681664;0;0;0;0;0;0;0;0;0;0;0;3647;0;0;95;0;160;0;
18774;4225444;1063219200;21790720;1149681664;0;0;0;0;0;0;0;0;0;0;0;4128;0;0;95;0;160;0;
18775;8342105;1063219200;21790720;1149681664;0;0;0;0;0;0;0;0;0;0;0;4288;0;0;95;0;160;0;
18776;5578512;1063219200;21790720;1149681664;0;0;0;0;0;0;0;0;0;0;0;4358;0;0;95;0;160;0;
18777;8758516;1063219200;21790720;1149681664;0;0;0;0;0;0;0;0;0;0;0;3797;0;0;95;0;160;0;
18778;4802356;1063219200;21790720;1149681664;0;0;0;0;0;0;0;0;0;0;0;3666;0;0;95;0;160;0;
18779;6553270;1063219200;21790720;1149681664;0;0;0;0;0;0;0;0;0;0;0;3247;0;0;95;0;160;0;
18780;5550279;1063219200;21790720;1149681664;0;0;0;0;0;0;0;0;0;0;0;2685;0;0;95;0;160;0;
18781;8467270;1063219200;21790720;1149681664;0;0;0;0;0;0;0;0;0;0;0;3075;0;0;95;0;160;0;
18782;4132340;1063219200;21790720;1149681664;0;0;0;0;0;0;0;0;0;0;0;2875;0;0;95;0;160;0;
18783;7473455;1063219200;21790720;1149681664;0;0;0;0;0;0;0;0;0;0;0;4549;0;0;95;0;160;0;
18784;5397483;1063219200;21790720;1149681664;0;0;0;0;0;0;0;0;0;0;0;2895;0;0;95;0;160;0;
18785;8104439;1063219200;21790720;1149681664;0;0;0;0;0;0;0;0;0;0;0;3096;0;0;95;0;160;0;
18786;4795102;1063219200;21790720;1149681664;0;0;0;0;0;0;0;0;0;0;0;2975;0;0;95;0;160;0;
18787;8215787;1063219200;21790720;1149681664;0;0;0;0;0;0;0;0;0;0;0;3246;0;0;95;0;160;0;
18788;5380590;1063219200;21790720;1149681664;0;0;0;0;0;0;0;0;0;0;0;3196;0;0;95;0;160;0;
18789;6812566;1063219200;21790720;1149681664;0;0;0;0;0;0;0;0;0;0;0;5260;0;0;95;0;160;0;
18790;5775221;1063219200;21790720;1149681664;0;0;0;0;0;0;0;0;0;0;0;3286;0;0;95;0;160;0;
18791;7318334;1063219200;21790720;1149681664;0;0;0;0;0;0;0;0;0;0;0;3666;0;0;95;0;160;0;
18792;6303702;1063219200;21790720;1149681664;0;0;0;0;0;0;0;0;0;0;0;3828;0;0;95;0;160;0;
18793;6168628;1063219200;21790720;1149681664;0;0;0;0;0;0;0;0;0;0;0;2885;0;0;95;0;160;0;
18794;7544849;1063219200;21790720;1149681664;0;0;0;0;0;0;0;0;0;0;0;2635;0;0;95;0;160;0;
18795;6472589;1063219200;21790720;1149681664;0;0;0;0;0;0;0;0;0;0;0;2394;0;0;95;0;160;0;
18796;6112373;1063219200;21790720;1149681664;0;0;0;0;0;0;0;0;0;0;0;3186;0;0;95;0;160;0;
18797;5259714;1063219200;21790720;1149681664;0;0;0;0;0;0;0;0;0;0;0;2384;0;0;95;0;160;0;
18798;6429377;1063219200;21790720;1149681664;0;0;0;0;0;0;0;0;0;0;0;3075;0;0;95;0;160;0;
18799;6824769;1063219200;21790720;1149681664;0;0;0;0;0;0;0;0;0;0;0;3256;0;0;95;0;160;0;
18800;8984249;1063219200;21790720;1149681664;0;0;0;0;0;0;0;0;0;0;0;4017;0;0;95;0;160;0;
18801;6884792;1063219200;21790720;1149681664;0;0;0;0;0;0;0;0;0;0;0;2866;0;0;95;0;160;0;
18802;7946503;1063219200;21790720;1149681664;0;0;0;0;0;0;0;0;0;0;0;4268;0;0;95;0;160;0;
18803;10785347;1063219200;21790720;1149681664;0;0;0;0;0;0;0;0;0;0;0;3387;0;0;95;0;160;0;
18804;8226979;1063219200;21790720;1149681664;0;0;0;0;0;0;0;0;0;0;0;4188;0;0;95;0;160;0;
18805;6151777;1063219200;21790720;1149681664;0;0;0;0;0;0;0;0;0;0;0;3035;0;0;95;0;160;0;
18806;6700836;1063219200;21790720;1149681664;0;0;0;0;0;0;0;0;0;0;0;3497;0;0;95;0;160;0;
18807;6886675;1063219200;21790720;1149681664;0;0;0;0;0;0;0;0;0;0;0;3206;0;0;95;0;160;0;
18808;6928603;1063219200;21790720;1149681664;0;0;0;0;0;0;0;0;0;0;0;3146;0;0;95;0;160;0;
18809;6424057;1063219200;21790720;1149681664;0;0;0;0;0;0;0;0;0;0;0;3566;0;0;95;0;160;0;
18810;9720319;1063219200;21790720;1149681664;0;0;0;0;0;0;0;0;0;0;0;4529;0;0;95;0;160;0;
18811;10909359;1063219200;21790720;1149681664;0;0;0;0;0;0;0;0;0;0;0;4218;0;0;95;0;160;0;
18812;9037218;1063219200;21790720;1149681664;0;0;0;0;0;0;0;0;0;0;0;3657;0;0;95;0;160;0;
18813;7617326;1063219200;21790720;1149681664;0;0;0;0;0;0;0;0;0;0;0;3918;0;0;95;0;160;0;
18814;6290357;1063219200;21790720;1149681664;0;0;0;0;0;0;0;0;0;0;0;3035;0;0;95;0;160;0;
18815;7817901;1063219200;21790720;1149681664;0;0;0;0;0;0;0;0;0;0;0;3897;0;0;95;0;160;0;
18816;7169596;1063219200;21790720;1149681664;0;0;0;0;0;0;0;0;0;0;0;3417;0;0;95;0;160;0;
18817;6956636;1063219200;21790720;1149681664;0;0;0;0;0;0;0;0;0;0;0;3286;0;0;95;0;160;0;
18818;5497940;1063219200;21790720;1149681664;0;0;0;0;0;0;0;0;0;0;0;3326;0;0;95;0;160;0;
18819;8585732;1063219200;21794816;1149685760;0;0;0;0;0;0;0;0;0;0;0;4509;0;0;95;0;160;0;
18820;6759988;1063219200;21798912;1149689856;0;0;0;0;0;0;0;0;0;0;0;2976;0;0;95;0;160;0;
18821;7942977;1063219200;21798912;1149689856;0;0;0;0;0;0;0;0;0;0;0;3737;0;0;95;0;160;0;
18822;6102615;1063219200;21798912;1149689856;0;0;0;0;0;0;0;0;0;0;0;3857;0;0;95;0;160;0;
18823;7964957;1063219200;21798912;1149689856;0;0;0;0;0;0;0;0;0;0;0;3397;0;0;95;0;160;0;
18824;10006396;1063219200;21798912;1149689856;0;0;0;0;0;0;0;0;0;0;0;4348;0;0;95;0;160;0;
18825;7324727;1063219200;21798912;1149689856;0;0;0;0;0;0;0;0;0;0;0;5139;0;0;95;0;160;0;
18826;10305748;1063268352;21790720;1149681664;0;0;0;0;0;0;0;0;0;0;0;4148;0;0;95;0;160;0;
18827;8538082;1063268352;21790720;1149681664;0;0;0;0;0;0;0;0;0;0;0;3797;0;0;95;0;160;0;
18828;7694019;1063268352;21790720;1149681664;0;0;0;0;0;0;0;0;0;0;0;3877;0;0;95;0;160;0;
18829;8943702;1063268352;21790720;1149681664;0;0;0;0;0;0;0;0;0;0;0;4028;0;0;95;0;160;0;
18830;8122242;1063268352;21790720;1149681664;0;0;0;0;0;0;0;0;0;0;0;2995;0;0;95;0;160;0;
18831;6721606;1063268352;21790720;1149681664;0;0;0;0;0;0;0;0;0;0;0;2936;0;0;95;0;160;0;
18832;6218522;1063268352;21790720;1149681664;0;0;0;0;0;0;0;0;0;0;0;3467;0;0;95;0;160;0;
18833;8396026;1063268352;21790720;1149681664;0;0;0;0;0;0;0;0;0;0;0;3716;0;0;95;0;160;0;
18834;8053253;1063268352;21790720;1149681664;0;0;0;0;0;0;0;0;0;0;0;4298;0;0;95;0;160;0;
18835;8775417;1063268352;21790720;1149681664;0;0;0;0;0;0;0;0;0;0;0;3808;0;0;95;0;160;0;
18836;7476631;1063268352;21790720;1149681664;0;0;0;0;0;0;0;0;0;0;0;4228;0;0;95;0;160;0;
18837;10047823;1063268352;21790720;1149681664;0;0;0;0;0;0;0;0;0;0;0;3877;0;0;95;0;160;0;
18838;10309794;1063268352;21790720;1149681664;0;0;0;0;0;0;0;0;0;0;0;4478;0;0;95;0;160;0;
18839;12147391;1063268352;21790720;1149681664;0;0;0;0;0;0;0;0;0;0;0;3607;0;0;95;0;160;0;
18840;7793356;1063268352;21790720;1149681664;0;0;0;0;0;0;0;0;0;0;0;4138;0;0;95;0;160;0;
18841;8246776;1063268352;21790720;1149681664;0;0;0;0;0;0;0;0;0;0;0;3737;0;0;95;0;160;0;
18842;4896062;1063268352;21790720;1149681664;0;0;0;0;0;0;0;0;0;0;0;3828;0;0;95;0;160;0;
18843;6377310;1063268352;21790720;1149681664;0;0;0;0;0;0;0;0;0;0;0;3607;0;0;95;0;160;0;
18844;4857640;1063268352;21790720;1149681664;0;0;0;0;0;0;0;0;0;0;0;3236;0;0;95;0;160;0;
18845;6656985;1063268352;21790720;1149681664;0;0;0;0;0;0;0;0;0;0;0;3617;0;0;95;0;160;0;
18846;5708526;1063268352;21790720;1149681664;0;0;0;0;0;0;0;0;0;0;0;3296;0;0;95;0;160;0;
18847;7450733;1063268352;21790720;1149681664;0;0;0;0;0;0;0;0;0;0;0;2936;0;0;95;0;160;0;
18848;4400082;1063268352;21790720;1149681664;0;0;0;0;0;0;0;0;0;0;0;2605;0;0;95;0;160;0;
18849;5826217;1063268352;21790720;1149681664;0;0;0;0;0;0;0;0;0;0;0;2535;0;0;95;0;160;0;
18850;6224723;1063268352;21790720;1149681664;0;0;0;0;0;0;0;0;0;0;0;3666;0;0;95;0;160;0;
18851;7705150;1063268352;21790720;1149681664;0;0;0;0;0;0;0;0;0;0;0;3597;0;0;95;0;160;0;
18852;5750314;1063268352;21790720;1149681664;0;0;0;0;0;0;0;0;0;0;0;3366;0;0;95;0;160;0;
18853;6993005;1063268352;21790720;1149681664;0;0;0;0;0;0;0;0;0;0;0;3567;0;0;95;0;160;0;
18854;5075729;1063268352;21790720;1149681664;0;0;0;0;0;0;0;0;0;0;0;3236;0;0;95;0;160;0;
18855;8015082;1063268352;21790720;1149681664;0;0;0;0;0;0;0;0;0;0;0;3116;0;0;95;0;160;0;
18856;4294614;1063268352;21790720;1149681664;0;0;0;0;0;0;0;0;0;0;0;2665;0;0;95;0;160;0;
18857;7078255;1063268352;21790720;1149681664;0;0;0;0;0;0;0;0;0;0;0;3747;0;0;95;0;160;0;
18858;5218917;1063268352;21790720;1149681664;0;0;0;0;0;0;0;0;0;0;0;2685;0;0;95;0;160;0;
18859;8497385;1063268352;21790720;1149681664;0;0;0;0;0;0;0;0;0;0;0;3377;0;0;95;0;160;0;
18860;5369941;1063268352;21790720;1149681664;0;0;0;0;0;0;0;0;0;0;0;2975;0;0;95;0;160;0;
18861;4835418;1063268352;21790720;1149681664;0;0;0;0;0;0;0;0;0;0;0;2895;0;0;95;0;160;0;
18862;6203684;1063268352;21790720;1149681664;0;0;0;0;0;0;0;0;0;0;0;2745;0;0;95;0;160;0;
18863;6760288;1063268352;21790720;1149681664;0;0;0;0;0;0;0;0;0;0;0;2675;0;0;95;0;160;0;
18864;5097410;1063268352;21790720;1149681664;0;0;0;0;0;0;0;0;0;0;0;2805;0;0;95;0;160;0;
18865;7474257;1063268352;21790720;1149681664;0;0;0;0;0;0;0;0;0;0;0;2495;0;0;95;0;160;0;
18866;4814669;1063268352;21790720;1149681664;0;0;0;0;0;0;0;0;0;0;0;3406;0;0;95;0;160;0;
18867;7610933;1063268352;21790720;1149681664;0;0;0;0;0;0;0;0;0;0;0;3407;0;0;95;0;160;0;
18868;5577019;1063268352;21790720;1149681664;0;0;0;0;0;0;0;0;0;0;0;4379;0;0;95;0;160;0;
18869;6506503;1063268352;21790720;1149681664;0;0;0;0;0;0;0;0;0;0;0;2164;0;0;95;0;160;0;
18870;4338947;1063268352;21790720;1149681664;0;0;0;0;0;0;0;0;0;0;0;2875;0;0;95;0;160;0;
18871;8158821;1063268352;21790720;1149681664;0;0;0;0;0;0;0;0;0;0;0;3387;0;0;95;0;160;0;
18872;4025660;1063268352;21790720;1149681664;0;0;0;0;0;0;0;0;0;0;0;3596;0;0;95;0;160;0;
18873;7858117;1063268352;21790720;1149681664;0;0;0;0;0;0;0;0;0;0;0;3707;0;0;95;0;160;0;
18874;3863295;1063268352;21790720;1149681664;0;0;0;0;0;0;0;0;0;0;0;2805;0;0;95;0;160;0;
18875;5800198;1063268352;21790720;1149681664;0;0;0;0;0;0;0;0;0;0;0;1884;0;0;95;0;160;0;
18876;4354446;1063268352;21790720;1149681664;0;0;0;0;0;0;0;0;0;0;0;2916;0;0;95;0;160;0;
18877;5204701;1063268352;21790720;1149681664;0;0;0;0;0;0;0;0;0;0;0;1914;0;0;95;0;160;0;
18878;3933107;1063268352;21790720;1149681664;0;0;0;0;0;0;0;0;0;0;0;2595;0;0;95;0;160;0;
18879;5114431;1063268352;21790720;1149681664;0;0;0;0;0;0;0;0;0;0;0;2525;0;0;95;0;160;0;
18880;4441890;1063268352;21790720;1149681664;0;0;0;0;0;0;0;0;0;0;0;2705;0;0;95;0;160;0;
18881;7193701;1063268352;21790720;1149681664;0;0;0;0;0;0;0;0;0;0;0;2384;0;0;95;0;160;0;
18882;3867393;1063268352;21790720;1149681664;0;0;0;0;0;0;0;0;0;0;0;2585;0;0;95;0;160;0;
18883;5088793;1063268352;21790720;1149681664;0;0;0;0;0;0;0;0;0;0;0;1714;0;0;95;0;160;0;
18884;5204470;1063268352;21790720;1149681664;0;0;0;0;0;0;0;0;0;0;0;4639;0;0;95;0;160;0;
18885;5945189;1063268352;21790720;1149681664;0;0;0;0;0;0;0;0;0;0;0;4108;0;0;95;0;160;0;
18886;7209270;1063268352;21790720;1149681664;0;0;0;0;0;0;0;0;0;0;0;4519;0;0;95;0;160;0;
18887;7089756;1063268352;21790720;1149681664;0;0;0;0;0;0;0;0;0;0;0;2185;0;0;95;0;160;0;
18888;5112458;1063268352;21790720;1149681664;0;0;0;0;0;0;0;0;0;0;0;2655;0;0;95;0;160;0;
18889;6922693;1063268352;21790720;1149681664;0;0;0;0;0;0;0;0;0;0;0;2053;0;0;95;0;160;0;
18890;3373717;1063268352;21790720;1149681664;0;0;0;0;0;0;0;0;0;0;0;2515;0;0;95;0;160;0;
18891;5633786;1063268352;21790720;1149681664;0;0;0;0;0;0;0;0;0;0;0;1954;0;0;95;0;160;0;
18892;5125372;1063268352;21790720;1149681664;0;0;0;0;0;0;0;0;0;0;0;2775;0;0;95;0;160;0;
18893;5157563;1063268352;21790720;1149681664;0;0;0;0;0;0;0;0;0;0;0;1853;0;0;95;0;160;0;
18894;5636070;1063268352;21790720;1149681664;0;0;0;0;0;0;0;0;0;0;0;2745;0;0;95;0;160;0;
18895;6174209;1063268352;21794816;1149685760;0;0;0;0;0;0;0;0;0;0;0;3446;0;0;95;0;160;0;
18896;3853126;1063268352;21798912;1149689856;0;0;0;0;0;0;0;0;0;0;0;2275;0;0;95;0;160;0;
18897;6539834;1063268352;21798912;1149689856;0;0;0;0;0;0;0;0;0;0;0;2124;0;0;95;0;160;0;
18898;5930913;1063268352;21798912;1149689856;0;0;0;0;0;0;0;0;0;0;0;2845;0;0;95;0;160;0;
18899;6814210;1063268352;21798912;1149689856;0;0;0;0;0;0;0;0;0;0;0;2234;0;0;95;0;160;0;
18900;6247867;1063268352;21798912;1149689856;0;0;0;0;0;0;0;0;0;0;0;3216;0;0;95;0;160;0;
18901;5505575;1063268352;21798912;1149689856;0;0;0;0;0;0;0;0;0;0;0;2194;0;0;95;0;160;0;
18902;5386672;1063292928;21790720;1149681664;0;0;0;0;0;0;0;0;0;0;0;2795;0;0;95;0;160;0;
18903;10600320;1063292928;21790720;1149681664;0;0;0;0;0;0;0;0;0;0;0;1763;0;0;95;0;160;0;
18904;2616276;1063292928;21790720;1149681664;0;0;0;0;0;0;0;0;0;0;0;3095;0;0;95;0;160;0;
18905;6124375;1063292928;21790720;1149681664;0;0;0;0;0;0;0;0;0;0;0;1973;0;0;95;0;160;0;
18906;4827704;1063292928;21790720;1149681664;0;0;0;0;0;0;0;0;0;0;0;2896;0;0;95;0;160;0;
18907;5554897;1063292928;21790720;1149681664;0;0;0;0;0;0;0;0;0;0;0;2224;0;0;95;0;160;0;
18908;4778471;1063292928;21790720;1149681664;0;0;0;0;0;0;0;0;0;0;0;3537;0;0;95;0;160;0;
18909;5651949;1063292928;21790720;1149681664;0;0;0;0;0;0;0;0;0;0;0;2945;0;0;95;0;160;0;
18910;6882948;1063292928;21790720;1149681664;0;0;0;0;0;0;0;0;0;0;0;3076;0;0;95;0;160;0;
18911;8281441;1063292928;21790720;1149681664;0;0;0;0;0;0;0;0;0;0;0;2986;0;0;95;0;160;0;
18912;6289605;1063292928;21790720;1149681664;0;0;0;0;0;0;0;0;0;0;0;4318;0;0;95;0;160;0;
18913;7693088;1063292928;21790720;1149681664;0;0;0;0;0;0;0;0;0;0;0;3236;0;0;95;0;160;0;
18914;7065731;1063292928;21790720;1149681664;0;0;0;0;0;0;0;0;0;0;0;203091;0;0;95;0;160;0;
18915;5686595;1063292928;21790720;1149681664;0;0;0;0;0;0;0;0;0;0;0;2064;0;0;95;0;160;0;
18916;7114632;1063292928;21790720;1149681664;0;0;0;0;0;0;0;0;0;0;0;2835;0;0;95;0;160;0;
18917;7607096;1063292928;21790720;1149681664;0;0;0;0;0;0;0;0;0;0;0;2294;0;0;95;0;160;0;
18918;4977746;1063292928;21790720;1149681664;0;0;0;0;0;0;0;0;0;0;0;35657;0;0;95;0;160;0;
18919;8628051;1063292928;21790720;1149681664;0;0;0;0;0;0;0;0;0;0;0;3647;0;0;95;0;160;0;
18920;6748215;1063292928;21790720;1149681664;0;0;0;0;0;0;0;0;0;0;0;3837;0;0;95;0;160;0;
18921;6732616;1063292928;21790720;1149681664;0;0;0;0;0;0;0;0;0;0;0;4068;0;0;95;0;160;0;
18922;5740485;1063292928;21790720;1149681664;0;0;0;0;0;0;0;0;0;0;0;3326;0;0;95;0;160;0;
18923;7331540;1063292928;21790720;1149681664;0;0;0;0;0;0;0;0;0;0;0;4098;0;0;95;0;160;0;
18924;6435349;1063292928;21790720;1149681664;0;0;0;0;0;0;0;0;0;0;0;3657;0;0;95;0;160;0;
18925;6400394;1063292928;21790720;1149681664;0;0;0;0;0;0;0;0;0;0;0;2495;0;0;95;0;160;0;
18926;6577244;1063292928;21790720;1149681664;0;0;0;0;0;0;0;0;0;0;0;4117;0;0;95;0;160;0;
18927;5636260;1063292928;21790720;1149681664;0;0;0;0;0;0;0;0;0;0;0;3056;0;0;95;0;160;0;
18928;5196505;1063292928;21790720;1149681664;0;0;0;0;0;0;0;0;0;0;0;3927;0;0;95;0;160;0;
18929;6950414;1063292928;21790720;1149681664;0;0;0;0;0;0;0;0;0;0;0;3356;0;0;95;0;160;0;
18930;7022650;1063292928;21790720;1149681664;0;0;0;0;0;0;0;0;0;0;0;3927;0;0;95;0;160;0;
18931;5886279;1063292928;21790720;1149681664;0;0;0;0;0;0;0;0;0;0;0;3016;0;0;95;0;160;0;
18932;5312934;1063292928;21790720;1149681664;0;0;0;0;0;0;0;0;0;0;0;3526;0;0;95;0;160;0;
18933;6171674;1063292928;21790720;1149681664;0;0;0;0;0;0;0;0;0;0;0;2244;0;0;95;0;160;0;
18934;5639005;1063292928;21790720;1149681664;0;0;0;0;0;0;0;0;0;0;0;2916;0;0;95;0;160;0;
18935;7348652;1063292928;21790720;1149681664;0;0;0;0;0;0;0;0;0;0;0;3356;0;0;95;0;160;0;
18936;5769830;1063292928;21790720;1149681664;0;0;0;0;0;0;0;0;0;0;0;171231;0;0;95;0;160;0;
18937;7375331;1063292928;21790720;1149681664;0;0;0;0;0;0;0;0;0;0;0;2465;0;0;95;0;160;0;
18938;5032027;1063292928;21790720;1149681664;0;0;0;0;0;0;0;0;0;0;0;2916;0;0;95;0;160;0;
18939;6248508;1063292928;21790720;1149681664;0;0;0;0;0;0;0;0;0;0;0;1653;0;0;95;0;160;0;
18940;4021432;1063292928;21790720;1149681664;0;0;0;0;0;0;0;0;0;0;0;2846;0;0;95;0;160;0;
18941;6860325;1063292928;21790720;1149681664;0;0;0;0;0;0;0;0;0;0;0;1824;0;0;95;0;160;0;
18942;6304092;1063292928;21790720;1149681664;0;0;0;0;0;0;0;0;0;0;0;3005;0;0;95;0;160;0;
18943;6904819;1063292928;21790720;1149681664;0;0;0;0;0;0;0;0;0;0;0;1753;0;0;95;0;160;0;
18944;5453498;1063292928;21790720;1149681664;0;0;0;0;0;0;0;0;0;0;0;3036;0;0;95;0;160;0;
18945;7841346;1063292928;21790720;1149681664;0;0;0;0;0;0;0;0;0;0;0;2535;0;0;95;0;160;0;
18946;4326454;1063292928;21790720;1149681664;0;0;0;0;0;0;0;0;0;0;0;2394;0;0;95;0;160;0;
18947;7011870;1063292928;21790720;1149681664;0;0;0;0;0;0;0;0;0;0;0;1944;0;0;95;0;160;0;
18948;4320572;1063292928;21790720;1149681664;0;0;0;0;0;0;0;0;0;0;0;2334;0;0;95;0;160;0;
18949;6830801;1063292928;21790720;1149681664;0;0;0;0;0;0;0;0;0;0;0;1874;0;0;95;0;160;0;
18950;4050436;1063292928;21790720;1149681664;0;0;0;0;0;0;0;0;0;0;0;2585;0;0;95;0;160;0;
18951;6491745;1063292928;21790720;1149681664;0;0;0;0;0;0;0;0;0;0;0;1783;0;0;95;0;160;0;
18952;3530621;1063292928;21790720;1149681664;0;0;0;0;0;0;0;0;0;0;0;2354;0;0;95;0;160;0;
18953;6771369;1063292928;21790720;1149681664;0;0;0;0;0;0;0;0;0;0;0;1893;0;0;95;0;160;0;
18954;3792502;1063292928;21790720;1149681664;0;0;0;0;0;0;0;0;0;0;0;2395;0;0;95;0;160;0;
18955;6908366;1063292928;21790720;1149681664;0;0;0;0;0;0;0;0;0;0;0;1994;0;0;95;0;160;0;
18956;3880357;1063292928;21790720;1149681664;0;0;0;0;0;0;0;0;0;0;0;2965;0;0;95;0;160;0;
18957;5937646;1063292928;21790720;1149681664;0;0;0;0;0;0;0;0;0;0;0;1954;0;0;95;0;160;0;
18958;3651829;1063292928;21790720;1149681664;0;0;0;0;0;0;0;0;0;0;0;2565;0;0;95;0;160;0;
18959;6774425;1063292928;21790720;1149681664;0;0;0;0;0;0;0;0;0;0;0;1974;0;0;95;0;160;0;
18960;3726047;1063292928;21790720;1149681664;0;0;0;0;0;0;0;0;0;0;0;2545;0;0;95;0;160;0;
18961;7295101;1063292928;21790720;1149681664;0;0;0;0;0;0;0;0;0;0;0;2425;0;0;95;0;160;0;
18962;4139083;1063292928;21790720;1149681664;0;0;0;0;0;0;0;0;0;0;0;2906;0;0;95;0;160;0;
18963;8118655;1063292928;21790720;1149681664;0;0;0;0;0;0;0;0;0;0;0;70342;0;0;95;0;160;0;
18964;3766012;1063292928;21790720;1149681664;0;0;0;0;0;0;0;0;0;0;0;2465;0;0;95;0;160;0;
18965;6462339;1063292928;21790720;1149681664;0;0;0;0;0;0;0;0;0;0;0;1954;0;0;95;0;160;0;
18966;3767766;1063292928;21790720;1149681664;0;0;0;0;0;0;0;0;0;0;0;2514;0;0;95;0;160;0;
18967;5942334;1063292928;21790720;1149681664;0;0;0;0;0;0;0;0;0;0;0;2184;0;0;95;0;160;0;
18968;3343841;1063292928;21790720;1149681664;0;0;0;0;0;0;0;0;0;0;0;2685;0;0;95;0;160;0;
18969;6400003;1063292928;21790720;1149681664;0;0;0;0;0;0;0;0;0;0;0;1934;0;0;95;0;160;0;
18970;4817335;1063292928;21790720;1149681664;0;0;0;0;0;0;0;0;0;0;0;2705;0;0;95;0;160;0;
18971;6005302;1063292928;21790720;1149681664;0;0;0;0;0;0;0;0;0;0;0;1814;0;0;95;0;160;0;
18972;5300881;1063292928;21790720;1149681664;0;0;0;0;0;0;0;0;0;0;0;3046;0;0;95;0;160;0;
18973;5797402;1063292928;21790720;1149681664;0;0;0;0;0;0;0;0;0;0;0;2856;0;0;95;0;160;0;
18974;3661326;1063292928;21790720;1149681664;0;0;0;0;0;0;0;0;0;0;0;3106;0;0;95;0;160;0;
18975;6015080;1063292928;21790720;1149681664;0;0;0;0;0;0;0;0;0;0;0;1723;0;0;95;0;160;0;
18976;5666667;1063292928;21790720;1149681664;0;0;0;0;0;0;0;0;0;0;0;3366;0;0;95;0;160;0;
18977;8269899;1063292928;21790720;1149681664;0;0;0;0;0;0;0;0;0;0;0;2786;0;0;95;0;160;0;
18978;5909763;1063292928;21790720;1149681664;0;0;0;0;0;0;0;0;0;0;0;2946;0;0;95;0;160;0;
18979;6551005;1063292928;21790720;1149681664;0;0;0;0;0;0;0;0;0;0;0;2345;0;0;95;0;160;0;
18980;5526615;1063292928;21790720;1149681664;0;0;0;0;0;0;0;0;0;0;0;3707;0;0;95;0;160;0;
18981;6177455;1063292928;21790720;1149681664;0;0;0;0;0;0;0;0;0;0;0;1944;0;0;95;0;160;0;
18982;4019187;1063292928;21790720;1149681664;0;0;0;0;0;0;0;0;0;0;0;2264;0;0;95;0;160;0;
18983;7253824;1063292928;21790720;1149681664;0;0;0;0;0;0;0;0;0;0;0;1733;0;0;95;0;160;0;
18984;3505264;1063292928;21790720;1149681664;0;0;0;0;0;0;0;0;0;0;0;2775;0;0;95;0;160;0;
18985;4912182;1063292928;21790720;1149681664;0;0;0;0;0;0;0;0;0;0;0;1823;0;0;95;0;160;0;
18986;5354251;1063292928;21790720;1149681664;0;0;0;0;0;0;0;0;0;0;0;3276;0;0;95;0;160;0;
18987;6377951;1063292928;21790720;1149681664;0;0;0;0;0;0;0;0;0;0;0;2445;0;0;95;0;160;0;
18988;6312137;1063292928;21790720;1149681664;0;0;0;0;0;0;0;0;0;0;0;3146;0;0;95;0;160;0;
18989;6692261;1063292928;21790720;1149681664;0;0;0;0;0;0;0;0;0;0;0;2254;0;0;95;0;160;0;
18990;5510725;1063292928;21790720;1149681664;0;0;0;0;0;0;0;0;0;0;0;3186;0;0;95;0;160;0;
18991;5683469;1063292928;21790720;1149681664;0;0;0;0;0;0;0;0;0;0;0;2545;0;0;95;0;160;0;
18992;4763323;1063292928;21790720;1149681664;0;0;0;0;0;0;0;0;0;0;0;4017;0;0;95;0;160;0;
18993;7536153;1063292928;21790720;1149681664;0;0;0;0;0;0;0;0;0;0;0;3617;0;0;95;0;160;0;
18994;6107744;1063292928;21790720;1149681664;0;0;0;0;0;0;0;0;0;0;0;3407;0;0;95;0;160;0;
18995;8171094;1063292928;21790720;1149681664;0;0;0;0;0;0;0;0;0;0;0;3407;0;0;95;0;160;0;
18996;6505269;1063292928;21790720;1149681664;0;0;0;0;0;0;0;0;0;0;0;3286;0;0;95;0;160;0;
18997;7805829;1063292928;21790720;1149681664;0;0;0;0;0;0;0;0;0;0;0;3176;0;0;95;0;160;0;
18998;6065234;1063292928;21790720;1149681664;0;0;0;0;0;0;0;0;0;0;0;3096;0;0;95;0;160;0;
18999;6566275;1063292928;21790720;1149681664;0;0;0;0;0;0;0;0;0;0;0;3296;0;0;95;0;160;0;
19000;6209496;1063292928;21790720;1149681664;0;0;0;0;0;0;0;0;0;0;0;3016;0;0;95;0;160;0;
19001;6864243;1063292928;21790720;1149681664;0;0;0;0;0;0;0;0;0;0;0;3657;0;0;95;0;160;0;
19002;4731093;1063292928;21790720;1149681664;0;0;0;0;0;0;0;0;0;0;0;3126;0;0;95;0;160;0;
19003;7399066;1063292928;21790720;1149681664;0;0;0;0;0;0;0;0;0;0;0;3968;0;0;95;0;160;0;
19004;4717417;1063292928;21790720;1149681664;0;0;0;0;0;0;0;0;0;0;0;3987;0;0;95;0;160;0;
19005;6852070;1063292928;21790720;1149681664;0;0;0;0;0;0;0;0;0;0;0;4247;0;0;95;0;160;0;
19006;5069227;1063292928;21790720;1149681664;0;0;0;0;0;0;0;0;0;0;0;4088;0;0;95;0;160;0;
19007;7117358;1063292928;21790720;1149681664;0;0;0;0;0;0;0;0;0;0;0;2925;0;0;95;0;160;0;
19008;7017250;1063292928;21790720;1149681664;0;0;0;0;0;0;0;0;0;0;0;2645;0;0;95;0;160;0;
19009;6615216;1063292928;21790720;1149681664;0;0;0;0;0;0;0;0;0;0;0;2545;0;0;95;0;160;0;
19010;5223907;1063292928;21790720;1149681664;0;0;0;0;0;0;0;0;0;0;0;3667;0;0;95;0;160;0;
19011;7463637;1063292928;21790720;1149681664;0;0;0;0;0;0;0;0;0;0;0;4098;0;0;95;0;160;0;
19012;4794281;1063292928;21790720;1149681664;0;0;0;0;0;0;0;0;0;0;0;3186;0;0;95;0;160;0;
19013;6799391;1063292928;21790720;1149681664;0;0;0;0;0;0;0;0;0;0;0;3397;0;0;95;0;160;0;
19014;5956781;1063292928;21790720;1149681664;0;0;0;0;0;0;0;0;0;0;0;2825;0;0;95;0;160;0;
19015;6984679;1063292928;21790720;1149681664;0;0;0;0;0;0;0;0;0;0;0;3106;0;0;95;0;160;0;
19016;5862374;1063292928;21790720;1149681664;0;0;0;0;0;0;0;0;0;0;0;3055;0;0;95;0;160;0;
19017;8541830;1063292928;21790720;1149681664;0;0;0;0;0;0;0;0;0;0;0;3927;0;0;95;0;160;0;
19018;4365107;1063292928;21790720;1149681664;0;0;0;0;0;0;0;0;0;0;0;3547;0;0;95;0;160;0;
19019;9183031;1066532864;27267072;1155158016;0;0;0;0;0;0;0;0;0;0;0;3567;0;0;95;0;160;0;
19020;5480348;1066532864;27267072;1155158016;0;0;0;0;0;0;0;0;0;0;0;3977;0;0;95;0;160;0;
19021;6923254;1066532864;27267072;1155158016;0;0;0;0;0;0;0;0;0;0;0;3497;0;0;95;0;160;0;
19022;6652266;1066532864;27267072;1155158016;0;0;0;0;0;0;0;0;0;0;0;3837;0;0;95;0;160;0;
19023;7409065;1066532864;27267072;1155158016;0;0;0;0;0;0;0;0;0;0;0;3186;0;0;95;0;160;0;
19024;6428766;1066532864;27267072;1155158016;0;0;0;0;0;0;0;0;0;0;0;4188;0;0;95;0;160;0;
19025;6774084;1066532864;27267072;1155158016;0;0;0;0;0;0;0;0;0;0;0;2565;0;0;95;0;160;0;
19026;4951176;1066532864;27267072;1155158016;0;0;0;0;0;0;0;0;0;0;0;3477;0;0;95;0;160;0;
19027;7027469;1066532864;27267072;1155158016;0;0;0;0;0;0;0;0;0;0;0;2835;0;0;95;0;160;0;
19028;5284280;1060032512;20680704;1148571648;0;0;0;0;0;0;0;0;0;0;0;2956;0;0;95;0;160;0;
19029;6857140;1060032512;20680704;1148571648;0;0;0;0;0;0;0;0;0;0;0;3867;0;0;95;0;160;0;
19030;6152478;1060032512;20680704;1148571648;0;0;0;0;0;0;0;0;0;0;0;3246;0;0;95;0;160;0;
19031;7122998;1060032512;20680704;1148571648;0;0;0;0;0;0;0;0;0;0;0;3767;0;0;95;0;160;0;
19032;8365749;1060032512;20680704;1148571648;0;0;0;0;0;0;0;0;0;0;0;3066;0;0;95;0;160;0;
19033;5420495;1060032512;20680704;1148571648;0;0;0;0;0;0;0;0;0;0;0;2625;0;0;95;0;160;0;
19034;7572742;1060032512;20680704;1148571648;0;0;0;0;0;0;0;0;0;0;0;2765;0;0;95;0;160;0;
19035;7048458;1060032512;20680704;1148571648;0;0;0;0;0;0;0;0;0;0;0;3476;0;0;95;0;160;0;
19036;5981859;1060032512;20680704;1148571648;0;0;0;0;0;0;0;0;0;0;0;3386;0;0;95;0;160;0;
19037;7697566;1060032512;20680704;1148571648;0;0;0;0;0;0;0;0;0;0;0;3367;0;0;95;0;160;0;
19038;5506005;1060032512;20680704;1148571648;0;0;0;0;0;0;0;0;0;0;0;3497;0;0;95;0;160;0;
19039;7784238;1060032512;20680704;1148571648;0;0;0;0;0;0;0;0;0;0;0;2986;0;0;95;0;160;0;
19040;3776492;1060032512;20680704;1148571648;0;0;0;0;0;0;0;0;0;0;0;2956;0;0;95;0;160;0;
19041;7647832;1060032512;20680704;1148571648;0;0;0;0;0;0;0;0;0;0;0;4047;0;0;95;0;160;0;
19042;4272042;1060032512;20680704;1148571648;0;0;0;0;0;0;0;0;0;0;0;3607;0;0;95;0;160;0;
19043;8559943;1063473152;27267072;1155158016;0;0;0;0;0;0;0;0;0;0;0;3777;0;0;95;0;160;0;
19044;4968407;1063473152;27267072;1155158016;0;0;0;0;0;0;0;0;0;0;0;3326;0;0;95;0;160;0;
19045;6692341;1063473152;27267072;1155158016;0;0;0;0;0;0;0;0;0;0;0;3477;0;0;95;0;160;0;
19046;4756921;1063473152;27267072;1155158016;0;0;0;0;0;0;0;0;0;0;0;2435;0;0;95;0;160;0;
19047;7450333;1063473152;27267072;1155158016;0;0;0;0;0;0;0;0;0;0;0;3116;0;0;95;0;160;0;
19048;4040357;1063473152;27267072;1155158016;0;0;0;0;0;0;0;0;0;0;0;3596;0;0;95;0;160;0;
19049;6313380;1063473152;27267072;1155158016;0;0;0;0;0;0;0;0;0;0;0;2625;0;0;95;0;160;0;
19050;6561406;1063473152;27267072;1155158016;0;0;0;0;0;0;0;0;0;0;0;3125;0;0;95;0;160;0;
19051;6459945;1063473152;27267072;1155158016;0;0;0;0;0;0;0;0;0;0;0;2806;0;0;95;0;160;0;
19052;6962026;1060036608;20680704;1148571648;0;0;0;0;0;0;0;0;0;0;0;3286;0;0;95;0;160;0;
19053;8381679;1060036608;20680704;1148571648;0;0;0;0;0;0;0;0;0;0;0;3767;0;0;95;0;160;0;
19054;4402676;1060036608;20680704;1148571648;0;0;0;0;0;0;0;0;0;0;0;2776;0;0;95;0;160;0;
19055;7591247;1060036608;20680704;1148571648;0;0;0;0;0;0;0;0;0;0;0;3427;0;0;95;0;160;0;
19056;3995823;1060036608;20680704;1148571648;0;0;0;0;0;0;0;0;0;0;0;3416;0;0;95;0;160;0;
19057;6386978;1060036608;20680704;1148571648;0;0;0;0;0;0;0;0;0;0;0;2184;0;0;95;0;160;0;
19058;5051573;1060036608;20680704;1148571648;0;0;0;0;0;0;0;0;0;0;0;2785;0;0;95;0;160;0;
19059;5813633;1060036608;20680704;1148571648;0;0;0;0;0;0;0;0;0;0;0;3176;0;0;95;0;160;0;
19060;5163714;1060036608;20680704;1148571648;0;0;0;0;0;0;0;0;0;0;0;3146;0;0;95;0;160;0;
19061;5727802;1060036608;20680704;1148571648;0;0;0;0;0;0;0;0;0;0;0;2304;0;0;95;0;160;0;
19062;5711672;1060036608;20680704;1148571648;0;0;0;0;0;0;0;0;0;0;0;3276;0;0;95;0;160;0;
19063;5532886;1060036608;20680704;1148571648;0;0;0;0;0;0;0;0;0;0;0;2294;0;0;95;0;160;0;
19064;6353966;1060036608;20680704;1148571648;0;0;0;0;0;0;0;0;0;0;0;3206;0;0;95;0;160;0;
19065;6980572;1060036608;20680704;1148571648;0;0;0;0;0;0;0;0;0;0;0;4127;0;0;95;0;160;0;
19066;4616939;1060036608;20680704;1148571648;0;0;0;0;0;0;0;0;0;0;0;2835;0;0;95;0;160;0;
19067;7986869;1060036608;20680704;1148571648;0;0;0;0;0;0;0;0;0;0;0;2635;0;0;95;0;160;0;
19068;5790589;1060036608;20680704;1148571648;0;0;0;0;0;0;0;0;0;0;0;3316;0;0;95;0;160;0;
19069;6471006;1060036608;20680704;1148571648;0;0;0;0;0;0;0;0;0;0;0;2906;0;0;95;0;160;0;
19070;6389533;1060036608;20680704;1148571648;0;0;0;0;0;0;0;0;0;0;0;3607;0;0;95;0;160;0;
19071;5446144;1060036608;20680704;1148571648;0;0;0;0;0;0;0;0;0;0;0;2695;0;0;95;0;160;0;
19072;5196456;1060036608;20680704;1148571648;0;0;0;0;0;0;0;0;0;0;0;3406;0;0;95;0;160;0;
19073;6841601;1060036608;20680704;1148571648;0;0;0;0;0;0;0;0;0;0;0;2545;0;0;95;0;160;0;
19074;4472938;1060036608;20680704;1148571648;0;0;0;0;0;0;0;0;0;0;0;3146;0;0;95;0;160;0;
19075;6179178;1060036608;20680704;1148571648;0;0;0;0;0;0;0;0;0;0;0;2866;0;0;95;0;160;0;
19076;4914156;1060036608;20680704;1148571648;0;0;0;0;0;0;0;0;0;0;0;2795;0;0;95;0;160;0;
19077;6509548;1060036608;20680704;1148571648;0;0;0;0;0;0;0;0;0;0;0;1913;0;0;95;0;160;0;
19078;4464773;1060036608;20680704;1148571648;0;0;0;0;0;0;0;0;0;0;0;2545;0;0;95;0;160;0;
19079;5931825;1060036608;20680704;1148571648;0;0;0;0;0;0;0;0;0;0;0;2695;0;0;95;0;160;0;
19080;4169589;1060036608;20680704;1148571648;0;0;0;0;0;0;0;0;0;0;0;2816;0;0;95;0;160;0;
19081;7154718;1060036608;20680704;1148571648;0;0;0;0;0;0;0;0;0;0;0;2274;0;0;95;0;160;0;
19082;5740215;1060036608;20680704;1148571648;0;0;0;0;0;0;0;0;0;0;0;3717;0;0;95;0;160;0;
19083;4651924;1060036608;20680704;1148571648;0;0;0;0;0;0;0;0;0;0;0;2044;0;0;95;0;160;0;
19084;6050107;1060036608;20680704;1148571648;0;0;0;0;0;0;0;0;0;0;0;3897;0;0;95;0;160;0;
19085;5625540;1060036608;20680704;1148571648;0;0;0;0;0;0;0;0;0;0;0;2184;0;0;95;0;160;0;
19086;4514245;1060036608;20680704;1148571648;0;0;0;0;0;0;0;0;0;0;0;3537;0;0;95;0;160;0;
19087;6967988;1060036608;20680704;1148571648;0;0;0;0;0;0;0;0;0;0;0;2665;0;0;95;0;160;0;
19088;4561524;1060036608;20680704;1148571648;0;0;0;0;0;0;0;0;0;0;0;3246;0;0;95;0;160;0;
19089;7338793;1060036608;20680704;1148571648;0;0;0;0;0;0;0;0;0;0;0;3747;0;0;95;0;160;0;
19090;5123037;1060036608;20680704;1148571648;0;0;0;0;0;0;0;0;0;0;0;3446;0;0;95;0;160;0;
19091;6495141;1060036608;20680704;1148571648;0;0;0;0;0;0;0;0;0;0;0;2525;0;0;95;0;160;0;
19092;3766113;1060036608;20680704;1148571648;0;0;0;0;0;0;0;0;0;0;0;4268;0;0;95;0;160;0;
19093;5845874;1060036608;20680704;1148571648;0;0;0;0;0;0;0;0;0;0;0;2995;0;0;95;0;160;0;
19094;3559034;1060036608;20680704;1148571648;0;0;0;0;0;0;0;0;0;0;0;2485;0;0;95;0;160;0;
19095;6935396;1060036608;20680704;1148571648;0;0;0;0;0;0;0;0;0;0;0;3056;0;0;95;0;160;0;
19096;5084575;1060036608;20680704;1148571648;0;0;0;0;0;0;0;0;0;0;0;2995;0;0;95;0;160;0;
19097;5335647;1060036608;20680704;1148571648;0;0;0;0;0;0;0;0;0;0;0;2255;0;0;95;0;160;0;
19098;4364636;1060036608;20680704;1148571648;0;0;0;0;0;0;0;0;0;0;0;3116;0;0;95;0;160;0;
19099;5662529;1060036608;20680704;1148571648;0;0;0;0;0;0;0;0;0;0;0;2574;0;0;95;0;160;0;
19100;4635854;1060036608;20680704;1148571648;0;0;0;0;0;0;0;0;0;0;0;2745;0;0;95;0;160;0;
19101;5379138;1060036608;20680704;1148571648;0;0;0;0;0;0;0;0;0;0;0;2043;0;0;95;0;160;0;
19102;4534715;1060036608;20680704;1148571648;0;0;0;0;0;0;0;0;0;0;0;223008;0;0;95;0;160;0;
19103;5528158;1060036608;20680704;1148571648;0;0;0;0;0;0;0;0;0;0;0;2585;0;0;95;0;160;0;
19104;5200263;1060036608;20680704;1148571648;0;0;0;0;0;0;0;0;0;0;0;2855;0;0;95;0;160;0;
19105;5695681;1060036608;20680704;1148571648;0;0;0;0;0;0;0;0;0;0;0;2004;0;0;95;0;160;0;
19106;4736753;1060036608;20680704;1148571648;0;0;0;0;0;0;0;0;0;0;0;2786;0;0;95;0;160;0;
19107;6396516;1060036608;20680704;1148571648;0;0;0;0;0;0;0;0;0;0;0;2484;0;0;95;0;160;0;
19108;5186016;1060036608;20680704;1148571648;0;0;0;0;0;0;0;0;0;0;0;2655;0;0;95;0;160;0;
19109;5204791;1060036608;20680704;1148571648;0;0;0;0;0;0;0;0;0;0;0;2405;0;0;95;0;160;0;
19110;6096854;1060036608;20680704;1148571648;0;0;0;0;0;0;0;0;0;0;0;2916;0;0;95;0;160;0;
19111;7428381;1060036608;20680704;1148571648;0;0;0;0;0;0;0;0;0;0;0;2665;0;0;95;0;160;0;
19112;4338537;1060036608;20680704;1148571648;0;0;0;0;0;0;0;0;0;0;0;4218;0;0;95;0;160;0;
19113;5394447;1060036608;20680704;1148571648;0;0;0;0;0;0;0;0;0;0;0;1903;0;0;95;0;160;0;
19114;3825905;1060036608;20680704;1148571648;0;0;0;0;0;0;0;0;0;0;0;3115;0;0;95;0;160;0;
19115;7148456;1060036608;20680704;1148571648;0;0;0;0;0;0;0;0;0;0;0;2575;0;0;95;0;160;0;
19116;4583425;1060036608;20680704;1148571648;0;0;0;0;0;0;0;0;0;0;0;3967;0;0;95;0;160;0;
19117;6493087;1060036608;20680704;1148571648;0;0;0;0;0;0;0;0;0;0;0;2314;0;0;95;0;160;0;
19118;5592098;1060036608;20680704;1148571648;0;0;0;0;0;0;0;0;0;0;0;3477;0;0;95;0;160;0;
19119;5431937;1060036608;20680704;1148571648;0;0;0;0;0;0;0;0;0;0;0;3196;0;0;95;0;160;0;
19120;4378391;1060036608;20680704;1148571648;0;0;0;0;0;0;0;0;0;0;0;2996;0;0;95;0;160;0;
19121;7302896;1060036608;20680704;1148571648;0;0;0;0;0;0;0;0;0;0;0;3727;0;0;95;0;160;0;
19122;4953069;1060036608;20680704;1148571648;0;0;0;0;0;0;0;0;0;0;0;3256;0;0;95;0;160;0;
19123;7248874;1060036608;20680704;1148571648;0;0;0;0;0;0;0;0;0;0;0;3296;0;0;95;0;160;0;
19124;6293974;1060036608;20680704;1148571648;0;0;0;0;0;0;0;0;0;0;0;3477;0;0;95;0;160;0;
19125;6516291;1060036608;20680704;1148571648;0;0;0;0;0;0;0;0;0;0;0;3377;0;0;95;0;160;0;
19126;6033856;1060036608;20680704;1148571648;0;0;0;0;0;0;0;0;0;0;0;2996;0;0;95;0;160;0;
19127;6312759;1060036608;20680704;1148571648;0;0;0;0;0;0;0;0;0;0;0;3297;0;0;95;0;160;0;
19128;5221021;1060036608;20680704;1148571648;0;0;0;0;0;0;0;0;0;0;0;2785;0;0;95;0;160;0;
19129;7040754;1060036608;20680704;1148571648;0;0;0;0;0;0;0;0;0;0;0;2535;0;0;95;0;160;0;
19130;5601575;1060036608;20680704;1148571648;0;0;0;0;0;0;0;0;0;0;0;3206;0;0;95;0;160;0;
19131;5591316;1060036608;20680704;1148571648;0;0;0;0;0;0;0;0;0;0;0;3216;0;0;95;0;160;0;
19132;5779859;1060036608;20680704;1148571648;0;0;0;0;0;0;0;0;0;0;0;2645;0;0;95;0;160;0;
19133;6075394;1060036608;20680704;1148571648;0;0;0;0;0;0;0;0;0;0;0;2525;0;0;95;0;160;0;
19134;4010481;1060036608;20680704;1148571648;0;0;0;0;0;0;0;0;0;0;0;2996;0;0;95;0;160;0;
19135;6965123;1063477248;27267072;1155158016;0;0;0;0;0;0;0;0;0;0;0;3146;0;0;95;0;160;0;
19136;3947794;1063477248;27267072;1155158016;0;0;0;0;0;0;0;0;0;0;0;3767;0;0;95;0;160;0;
19137;6523403;1063477248;27267072;1155158016;0;0;0;0;0;0;0;0;0;0;0;3106;0;0;95;0;160;0;
19138;5052145;1063477248;27267072;1155158016;0;0;0;0;0;0;0;0;0;0;0;3216;0;0;95;0;160;0;
19139;5920884;1063477248;27267072;1155158016;0;0;0;0;0;0;0;0;0;0;0;2846;0;0;95;0;160;0;
19140;5535791;1063477248;27267072;1155158016;0;0;0;0;0;0;0;0;0;0;0;3837;0;0;95;0;160;0;
19141;5913340;1063477248;27267072;1155158016;0;0;0;0;0;0;0;0;0;0;0;3136;0;0;95;0;160;0;
19142;6530988;1063477248;27267072;1155158016;0;0;0;0;0;0;0;0;0;0;0;2975;0;0;95;0;160;0;
19143;6992093;1063477248;27267072;1155158016;0;0;0;0;0;0;0;0;0;0;0;3196;0;0;95;0;160;0;
19144;7101298;1060052992;20680704;1148571648;0;0;0;0;0;0;0;0;0;0;0;4508;0;0;95;0;160;0;
19145;5668270;1060052992;20680704;1148571648;0;0;0;0;0;0;0;0;0;0;0;2565;0;0;95;0;160;0;
19146;6038064;1060052992;20680704;1148571648;0;0;0;0;0;0;0;0;0;0;0;3597;0;0;95;0;160;0;
19147;6607071;1060052992;20680704;1148571648;0;0;0;0;0;0;0;0;0;0;0;2945;0;0;95;0;160;0;
19148;5249595;1060052992;20680704;1148571648;0;0;0;0;0;0;0;0;0;0;0;3126;0;0;95;0;160;0;
19149;7183312;1060052992;20680704;1148571648;0;0;0;0;0;0;0;0;0;0;0;3336;0;0;95;0;160;0;
19150;5552163;1060052992;20680704;1148571648;0;0;0;0;0;0;0;0;0;0;0;3176;0;0;95;0;160;0;
19151;6599937;1060052992;20680704;1148571648;0;0;0;0;0;0;0;0;0;0;0;3907;0;0;95;0;160;0;
19152;4396645;1060052992;20680704;1148571648;0;0;0;0;0;0;0;0;0;0;0;3216;0;0;95;0;160;0;
19153;6485523;1060052992;20680704;1148571648;0;0;0;0;0;0;0;0;0;0;0;2535;0;0;95;0;160;0;
19154;5440934;1060052992;20680704;1148571648;0;0;0;0;0;0;0;0;0;0;0;5400;0;0;95;0;160;0;
19155;7177962;1060052992;20680704;1148571648;0;0;0;0;0;0;0;0;0;0;0;3967;0;0;95;0;160;0;
19156;4144984;1060052992;20680704;1148571648;0;0;0;0;0;0;0;0;0;0;0;3316;0;0;95;0;160;0;
19157;5969936;1060052992;20680704;1148571648;0;0;0;0;0;0;0;0;0;0;0;2745;0;0;95;0;160;0;
19158;4961324;1060052992;20680704;1148571648;0;0;0;0;0;0;0;0;0;0;0;2875;0;0;95;0;160;0;
19159;6427394;1063493632;27267072;1155158016;0;0;0;0;0;0;0;0;0;0;0;2635;0;0;95;0;160;0;
19160;4454634;1063493632;27267072;1155158016;0;0;0;0;0;0;0;0;0;0;0;3056;0;0;95;0;160;0;
19161;5421537;1063493632;27267072;1155158016;0;0;0;0;0;0;0;0;0;0;0;2525;0;0;95;0;160;0;
19162;5512678;1063493632;27267072;1155158016;0;0;0;0;0;0;0;0;0;0;0;3236;0;0;95;0;160;0;
19163;6769375;1063493632;27267072;1155158016;0;0;0;0;0;0;0;0;0;0;0;2345;0;0;95;0;160;0;
19164;5111517;1063493632;27267072;1155158016;0;0;0;0;0;0;0;0;0;0;0;3988;0;0;95;0;160;0;
19165;5556070;1063493632;27267072;1155158016;0;0;0;0;0;0;0;0;0;0;0;2745;0;0;95;0;160;0;
19166;5987348;1063493632;27267072;1155158016;0;0;0;0;0;0;0;0;0;0;0;3838;0;0;95;0;160;0;
19167;6072999;1063493632;27267072;1155158016;0;0;0;0;0;0;0;0;0;0;0;2705;0;0;95;0;160;0;
19168;4035498;1060057088;20680704;1148571648;0;0;0;0;0;0;0;0;0;0;0;3226;0;0;95;0;160;0;
19169;5927156;1060057088;20680704;1148571648;0;0;0;0;0;0;0;0;0;0;0;1984;0;0;95;0;160;0;
19170;5353550;1060057088;20680704;1148571648;0;0;0;0;0;0;0;0;0;0;0;3437;0;0;95;0;160;0;
19171;6607812;1060057088;20680704;1148571648;0;0;0;0;0;0;0;0;0;0;0;2755;0;0;95;0;160;0;
19172;4390714;1060057088;20680704;1148571648;0;0;0;0;0;0;0;0;0;0;0;2495;0;0;95;0;160;0;
19173;7218387;1060057088;20680704;1148571648;0;0;0;0;0;0;0;0;0;0;0;2765;0;0;95;0;160;0;
19174;4680778;1060057088;20680704;1148571648;0;0;0;0;0;0;0;0;0;0;0;3156;0;0;95;0;160;0;
19175;8190871;1060057088;20680704;1148571648;0;0;0;0;0;0;0;0;0;0;0;2795;0;0;95;0;160;0;
19176;4790244;1060057088;20680704;1148571648;0;0;0;0;0;0;0;0;0;0;0;3146;0;0;95;0;160;0;
19177;6674887;1060057088;20680704;1148571648;0;0;0;0;0;0;0;0;0;0;0;2054;0;0;95;0;160;0;
19178;4371558;1060057088;20680704;1148571648;0;0;0;0;0;0;0;0;0;0;0;3016;0;0;95;0;160;0;
19179;6553911;1060057088;20680704;1148571648;0;0;0;0;0;0;0;0;0;0;0;2605;0;0;95;0;160;0;
19180;5361245;1060057088;20680704;1148571648;0;0;0;0;0;0;0;0;0;0;0;3557;0;0;95;0;160;0;
19181;6012676;1060057088;20680704;1148571648;0;0;0;0;0;0;0;0;0;0;0;2645;0;0;95;0;160;0;
19182;3720217;1060057088;20680704;1148571648;0;0;0;0;0;0;0;0;0;0;0;2895;0;0;95;0;160;0;
19183;7455161;1063497728;27267072;1155158016;0;0;0;0;0;0;0;0;0;0;0;2605;0;0;95;0;160;0;
19184;3984953;1063497728;27267072;1155158016;0;0;0;0;0;0;0;0;0;0;0;3507;0;0;95;0;160;0;
19185;6479852;1063497728;27267072;1155158016;0;0;0;0;0;0;0;0;0;0;0;2194;0;0;95;0;160;0;
19186;3753129;1063497728;27267072;1155158016;0;0;0;0;0;0;0;0;0;0;0;3256;0;0;95;0;160;0;
19187;6693803;1063497728;27267072;1155158016;0;0;0;0;0;0;0;0;0;0;0;2575;0;0;95;0;160;0;
19188;4398770;1063497728;27267072;1155158016;0;0;0;0;0;0;0;0;0;0;0;3466;0;0;95;0;160;0;
19189;5151801;1063497728;27267072;1155158016;0;0;0;0;0;0;0;0;0;0;0;1984;0;0;95;0;160;0;
19190;4575651;1063497728;27267072;1155158016;0;0;0;0;0;0;0;0;0;0;0;2745;0;0;95;0;160;0;
19191;4781768;1063497728;27267072;1155158016;0;0;0;0;0;0;0;0;0;0;0;2865;0;0;95;0;160;0;
19192;5403624;1060061184;20680704;1148571648;0;0;0;0;0;0;0;0;0;0;0;2935;0;0;95;0;160;0;
19193;6058642;1060061184;20680704;1148571648;0;0;0;0;0;0;0;0;0;0;0;2114;0;0;95;0;160;0;
19194;4993975;1060061184;20680704;1148571648;0;0;0;0;0;0;0;0;0;0;0;3397;0;0;95;0;160;0;
19195;6591642;1060061184;20680704;1148571648;0;0;0;0;0;0;0;0;0;0;0;2043;0;0;95;0;160;0;
19196;4716375;1060061184;20680704;1148571648;0;0;0;0;0;0;0;0;0;0;0;3216;0;0;95;0;160;0;
19197;6346523;1060061184;20680704;1148571648;0;0;0;0;0;0;0;0;0;0;0;2154;0;0;95;0;160;0;
19198;4806594;1060061184;20680704;1148571648;0;0;0;0;0;0;0;0;0;0;0;2745;0;0;95;0;160;0;
19199;5970537;1060061184;20680704;1148571648;0;0;0;0;0;0;0;0;0;0;0;1954;0;0;95;0;160;0;
19200;4241143;1060061184;20680704;1148571648;0;0;0;0;0;0;0;0;0;0;0;3266;0;0;95;0;160;0;
19201;6722497;1060061184;20680704;1148571648;0;0;0;0;0;0;0;0;0;0;0;2294;0;0;95;0;160;0;
19202;5602406;1060061184;20680704;1148571648;0;0;0;0;0;0;0;0;0;0;0;2826;0;0;95;0;160;0;
19203;6637969;1060061184;20680704;1148571648;0;0;0;0;0;0;0;0;0;0;0;2966;0;0;95;0;160;0;
19204;4009480;1060061184;20680704;1148571648;0;0;0;0;0;0;0;0;0;0;0;3056;0;0;95;0;160;0;
19205;6270108;1060061184;20680704;1148571648;0;0;0;0;0;0;0;0;0;0;0;2154;0;0;95;0;160;0;
19206;5831437;1060061184;20680704;1148571648;0;0;0;0;0;0;0;0;0;0;0;2936;0;0;95;0;160;0;
19207;5950569;1060061184;20680704;1148571648;0;0;0;0;0;0;0;0;0;0;0;2305;0;0;95;0;160;0;
19208;4931919;1060061184;20680704;1148571648;0;0;0;0;0;0;0;0;0;0;0;2785;0;0;95;0;160;0;
19209;6010733;1060061184;20680704;1148571648;0;0;0;0;0;0;0;0;0;0;0;2495;0;0;95;0;160;0;
19210;4181342;1060061184;20680704;1148571648;0;0;0;0;0;0;0;0;0;0;0;2746;0;0;95;0;160;0;
19211;6237228;1060061184;20680704;1148571648;0;0;0;0;0;0;0;0;0;0;0;2645;0;0;95;0;160;0;
19212;4487887;1060061184;20680704;1148571648;0;0;0;0;0;0;0;0;0;0;0;2806;0;0;95;0;160;0;
19213;5343000;1060061184;20680704;1148571648;0;0;0;0;0;0;0;0;0;0;0;2404;0;0;95;0;160;0;
19214;4472337;1060061184;20680704;1148571648;0;0;0;0;0;0;0;0;0;0;0;2394;0;0;95;0;160;0;
19215;4967546;1060061184;20680704;1148571648;0;0;0;0;0;0;0;0;0;0;0;2104;0;0;95;0;160;0;
19216;5020185;1060061184;20680704;1148571648;0;0;0;0;0;0;0;0;0;0;0;3316;0;0;95;0;160;0;
19217;5892651;1060061184;20680704;1148571648;0;0;0;0;0;0;0;0;0;0;0;2184;0;0;95;0;160;0;
19218;4886715;1060061184;20680704;1148571648;0;0;0;0;0;0;0;0;0;0;0;3075;0;0;95;0;160;0;
19219;5491489;1060061184;20680704;1148571648;0;0;0;0;0;0;0;0;0;0;0;2184;0;0;95;0;160;0;
19220;3929629;1060061184;20680704;1148571648;0;0;0;0;0;0;0;0;0;0;0;2385;0;0;95;0;160;0;
19221;5664803;1060061184;20680704;1148571648;0;0;0;0;0;0;0;0;0;0;0;1873;0;0;95;0;160;0;
19222;4559611;1060061184;20680704;1148571648;0;0;0;0;0;0;0;0;0;0;0;3136;0;0;95;0;160;0;
19223;5721690;1060061184;20680704;1148571648;0;0;0;0;0;0;0;0;0;0;0;2354;0;0;95;0;160;0;
19224;3906296;1060061184;20680704;1148571648;0;0;0;0;0;0;0;0;0;0;0;2845;0;0;95;0;160;0;
19225;6963650;1060061184;20680704;1148571648;0;0;0;0;0;0;0;0;0;0;0;2194;0;0;95;0;160;0;
19226;2944963;1060061184;20680704;1148571648;0;0;0;0;0;0;0;0;0;0;0;2294;0;0;95;0;160;0;
19227;6923114;1060061184;20680704;1148571648;0;0;0;0;0;0;0;0;0;0;0;2384;0;0;95;0;160;0;
19228;4108715;1060061184;20680704;1148571648;0;0;0;0;0;0;0;0;0;0;0;2685;0;0;95;0;160;0;
19229;5950630;1060061184;20680704;1148571648;0;0;0;0;0;0;0;0;0;0;0;1884;0;0;95;0;160;0;
19230;3596054;1060061184;20680704;1148571648;0;0;0;0;0;0;0;0;0;0;0;2615;0;0;95;0;160;0;
19231;6100000;1060061184;20680704;1148571648;0;0;0;0;0;0;0;0;0;0;0;2655;0;0;95;0;160;0;
19232;3803613;1060061184;20680704;1148571648;0;0;0;0;0;0;0;0;0;0;0;3717;0;0;95;0;160;0;
19233;6274888;1060061184;20680704;1148571648;0;0;0;0;0;0;0;0;0;0;0;2275;0;0;95;0;160;0;
19234;4691629;1060061184;20680704;1148571648;0;0;0;0;0;0;0;0;0;0;0;2575;0;0;95;0;160;0;
19235;5854229;1060061184;20680704;1148571648;0;0;0;0;0;0;0;0;0;0;0;2475;0;0;95;0;160;0;
19236;3787694;1060061184;20680704;1148571648;0;0;0;0;0;0;0;0;0;0;0;2895;0;0;95;0;160;0;
19237;5256779;1060061184;20680704;1148571648;0;0;0;0;0;0;0;0;0;0;0;1974;0;0;95;0;160;0;
19238;4390634;1060061184;20680704;1148571648;0;0;0;0;0;0;0;0;0;0;0;2905;0;0;95;0;160;0;
19239;5712884;1060061184;20680704;1148571648;0;0;0;0;0;0;0;0;0;0;0;2385;0;0;95;0;160;0;
19240;3987347;1060061184;20680704;1148571648;0;0;0;0;0;0;0;0;0;0;0;2805;0;0;95;0;160;0;
19241;6397228;1060061184;20684800;1148575744;0;0;0;0;0;0;0;0;0;0;0;2715;0;0;95;0;160;0;
19242;3769700;1060061184;20688896;1148579840;0;0;0;0;0;0;0;0;0;0;0;2605;0;0;95;0;160;0;
19243;5103882;1060061184;20688896;1148579840;0;0;0;0;0;0;0;0;0;0;0;1974;0;0;95;0;160;0;
19244;4861157;1060061184;20688896;1148579840;0;0;0;0;0;0;0;0;0;0;0;2875;0;0;95;0;160;0;
19245;5541442;1060061184;20688896;1148579840;0;0;0;0;0;0;0;0;0;0;0;1813;0;0;95;0;160;0;
19246;5211243;1060061184;20688896;1148579840;0;0;0;0;0;0;0;0;0;0;0;2615;0;0;95;0;160;0;
19247;11738975;1060061184;20688896;1148579840;0;0;0;0;0;0;0;0;0;0;0;2134;0;0;95;0;160;0;
19248;3285502;1060069376;20680704;1148571648;0;0;0;0;0;0;0;0;0;0;0;3296;0;0;95;0;160;0;
19249;8255713;1060069376;20680704;1148571648;0;0;0;0;0;0;0;0;0;0;0;2565;0;0;95;0;160;0;
19250;3612936;1060069376;20680704;1148571648;0;0;0;0;0;0;0;0;0;0;0;3717;0;0;95;0;160;0;
19251;5519602;1060069376;20680704;1148571648;0;0;0;0;0;0;0;0;0;0;0;2014;0;0;95;0;160;0;
19252;4803158;1060069376;20680704;1148571648;0;0;0;0;0;0;0;0;0;0;0;3507;0;0;95;0;160;0;
19253;6752143;1060069376;20680704;1148571648;0;0;0;0;0;0;0;0;0;0;0;1974;0;0;95;0;160;0;
19254;5833640;1060069376;20680704;1148571648;0;0;0;0;0;0;0;0;0;0;0;3287;0;0;95;0;160;0;
19255;6363213;1060069376;20680704;1148571648;0;0;0;0;0;0;0;0;0;0;0;2594;0;0;95;0;160;0;
19256;6312278;1060069376;20680704;1148571648;0;0;0;0;0;0;0;0;0;0;0;3426;0;0;95;0;160;0;
19257;6403900;1060069376;20680704;1148571648;0;0;0;0;0;0;0;0;0;0;0;2254;0;0;95;0;160;0;
19258;5539248;1060069376;20680704;1148571648;0;0;0;0;0;0;0;0;0;0;0;3436;0;0;95;0;160;0;
19259;7648895;1060069376;20680704;1148571648;0;0;0;0;0;0;0;0;0;0;0;2084;0;0;95;0;160;0;
19260;4671571;1060069376;20680704;1148571648;0;0;0;0;0;0;0;0;0;0;0;2565;0;0;95;0;160;0;
19261;6433845;1060069376;20680704;1148571648;0;0;0;0;0;0;0;0;0;0;0;1954;0;0;95;0;160;0;
19262;5683769;1060069376;20680704;1148571648;0;0;0;0;0;0;0;0;0;0;0;3317;0;0;95;0;160;0;
19263;5995484;1060069376;20680704;1148571648;0;0;0;0;0;0;0;0;0;0;0;1934;0;0;95;0;160;0;
19264;4536248;1060069376;20680704;1148571648;0;0;0;0;0;0;0;0;0;0;0;3216;0;0;95;0;160;0;
19265;6687321;1060069376;20680704;1148571648;0;0;0;0;0;0;0;0;0;0;0;1824;0;0;95;0;160;0;
19266;4269827;1060069376;20680704;1148571648;0;0;0;0;0;0;0;0;0;0;0;3075;0;0;95;0;160;0;
19267;6869894;1060069376;20680704;1148571648;0;0;0;0;0;0;0;0;0;0;0;2325;0;0;95;0;160;0;
19268;3797302;1060069376;20680704;1148571648;0;0;0;0;0;0;0;0;0;0;0;3537;0;0;95;0;160;0;
19269;5739814;1060069376;20680704;1148571648;0;0;0;0;0;0;0;0;0;0;0;2084;0;0;95;0;160;0;
19270;4621147;1060069376;20680704;1148571648;0;0;0;0;0;0;0;0;0;0;0;2955;0;0;95;0;160;0;
19271;5514451;1060069376;20680704;1148571648;0;0;0;0;0;0;0;0;0;0;0;2225;0;0;95;0;160;0;
19272;5767216;1060069376;20680704;1148571648;0;0;0;0;0;0;0;0;0;0;0;2855;0;0;95;0;160;0;
19273;6606129;1060069376;20680704;1148571648;0;0;0;0;0;0;0;0;0;0;0;2485;0;0;95;0;160;0;
19274;4746120;1060069376;20680704;1148571648;0;0;0;0;0;0;0;0;0;0;0;2866;0;0;95;0;160;0;
19275;7317903;1063510016;27267072;1155158016;0;0;0;0;0;0;0;0;0;0;0;2715;0;0;95;0;160;0;
19276;4150174;1063510016;27267072;1155158016;0;0;0;0;0;0;0;0;0;0;0;2725;0;0;95;0;160;0;
19277;5312142;1063510016;27267072;1155158016;0;0;0;0;0;0;0;0;0;0;0;2565;0;0;95;0;160;0;
19278;6092776;1063510016;27267072;1155158016;0;0;0;0;0;0;0;0;0;0;0;3095;0;0;95;0;160;0;
19279;5774049;1063510016;27267072;1155158016;0;0;0;0;0;0;0;0;0;0;0;2364;0;0;95;0;160;0;
19280;6350269;1063510016;27267072;1155158016;0;0;0;0;0;0;0;0;0;0;0;3607;0;0;95;0;160;0;
19281;6238610;1063510016;27267072;1155158016;0;0;0;0;0;0;0;0;0;0;0;1773;0;0;95;0;160;0;
19282;6808709;1063510016;27267072;1155158016;0;0;0;0;0;0;0;0;0;0;0;53471;0;0;95;0;160;0;
19283;15245391;1063510016;27267072;1155158016;0;0;0;0;0;0;0;0;0;0;0;2765;0;0;95;0;160;0;
19284;5763870;1060077568;20680704;1148571648;0;0;0;0;0;0;0;0;0;0;0;3416;0;0;95;0;160;0;
19285;6950765;1060077568;20680704;1148571648;0;0;0;0;0;0;0;0;0;0;0;2415;0;0;95;0;160;0;
19286;5592228;1060077568;20680704;1148571648;0;0;0;0;0;0;0;0;0;0;0;4408;0;0;95;0;160;0;
19287;8921241;1060077568;20680704;1148571648;0;0;0;0;0;0;0;0;0;0;0;2665;0;0;95;0;160;0;
19288;6944533;1060077568;20680704;1148571648;0;0;0;0;0;0;0;0;0;0;0;3576;0;0;95;0;160;0;
19289;8358686;1060077568;20680704;1148571648;0;0;0;0;0;0;0;0;0;0;0;3256;0;0;95;0;160;0;
19290;8681380;1060077568;20680704;1148571648;0;0;0;0;0;0;0;0;0;0;0;3336;0;0;95;0;160;0;
19291;6393009;1060077568;20680704;1148571648;0;0;0;0;0;0;0;0;0;0;0;2765;0;0;95;0;160;0;
19292;5604862;1060077568;20680704;1148571648;0;0;0;0;0;0;0;0;0;0;0;3416;0;0;95;0;160;0;
19293;8421754;1060077568;20680704;1148571648;0;0;0;0;0;0;0;0;0;0;0;3617;0;0;95;0;160;0;
19294;8628882;1060077568;20680704;1148571648;0;0;0;0;0;0;0;0;0;0;0;3827;0;0;95;0;160;0;
19295;9119452;1060077568;20680704;1148571648;0;0;0;0;0;0;0;0;0;0;0;3316;0;0;95;0;160;0;
19296;6367382;1060077568;20680704;1148571648;0;0;0;0;0;0;0;0;0;0;0;3517;0;0;95;0;160;0;
19297;8084411;1060077568;20680704;1148571648;0;0;0;0;0;0;0;0;0;0;0;3777;0;0;95;0;160;0;
19298;7918881;1060077568;20680704;1148571648;0;0;0;0;0;0;0;0;0;0;0;3055;0;0;95;0;160;0;
19299;6939985;1063518208;27267072;1155158016;0;0;0;0;0;0;0;0;0;0;0;4368;0;0;95;0;160;0;
19300;6196210;1063518208;27267072;1155158016;0;0;0;0;0;0;0;0;0;0;0;3306;0;0;95;0;160;0;
19301;6381779;1063518208;27267072;1155158016;0;0;0;0;0;0;0;0;0;0;0;2766;0;0;95;0;160;0;
19302;5816809;1063518208;27267072;1155158016;0;0;0;0;0;0;0;0;0;0;0;3697;0;0;95;0;160;0;
19303;8064584;1063518208;27267072;1155158016;0;0;0;0;0;0;0;0;0;0;0;3096;0;0;95;0;160;0;
19304;4549372;1063518208;27267072;1155158016;0;0;0;0;0;0;0;0;0;0;0;3947;0;0;95;0;160;0;
19305;7570147;1063518208;27267072;1155158016;0;0;0;0;0;0;0;0;0;0;0;3747;0;0;95;0;160;0;
19306;4742605;1063518208;27267072;1155158016;0;0;0;0;0;0;0;0;0;0;0;3827;0;0;95;0;160;0;
19307;7624899;1063518208;27267072;1155158016;0;0;0;0;0;0;0;0;0;0;0;2936;0;0;95;0;160;0;
19308;4682141;1060081664;20680704;1148571648;0;0;0;0;0;0;0;0;0;0;0;3577;0;0;95;0;160;0;
19309;7546072;1060081664;20680704;1148571648;0;0;0;0;0;0;0;0;0;0;0;2995;0;0;95;0;160;0;
19310;4877628;1060081664;20680704;1148571648;0;0;0;0;0;0;0;0;0;0;0;3587;0;0;95;0;160;0;
19311;7918380;1060081664;20680704;1148571648;0;0;0;0;0;0;0;0;0;0;0;3607;0;0;95;0;160;0;
19312;4865004;1060081664;20680704;1148571648;0;0;0;0;0;0;0;0;0;0;0;3347;0;0;95;0;160;0;
19313;7735337;1060081664;20680704;1148571648;0;0;0;0;0;0;0;0;0;0;0;2935;0;0;95;0;160;0;
19314;5606334;1060081664;20680704;1148571648;0;0;0;0;0;0;0;0;0;0;0;4138;0;0;95;0;160;0;
19315;6729110;1060081664;20680704;1148571648;0;0;0;0;0;0;0;0;0;0;0;2785;0;0;95;0;160;0;
19316;6280228;1060081664;20680704;1148571648;0;0;0;0;0;0;0;0;0;0;0;3747;0;0;95;0;160;0;
19317;6069252;1060081664;20680704;1148571648;0;0;0;0;0;0;0;0;0;0;0;2454;0;0;95;0;160;0;
19318;6489440;1060081664;20680704;1148571648;0;0;0;0;0;0;0;0;0;0;0;4188;0;0;95;0;160;0;
19319;5819344;1060081664;20680704;1148571648;0;0;0;0;0;0;0;0;0;0;0;2495;0;0;95;0;160;0;
19320;5393635;1060081664;20680704;1148571648;0;0;0;0;0;0;0;0;0;0;0;3557;0;0;95;0;160;0;
19321;5755844;1060081664;20680704;1148571648;0;0;0;0;0;0;0;0;0;0;0;2444;0;0;95;0;160;0;
19322;7290001;1060081664;20680704;1148571648;0;0;0;0;0;0;0;0;0;0;0;3677;0;0;95;0;160;0;
19323;6736594;1060081664;20680704;1148571648;0;0;0;0;0;0;0;0;0;0;0;2805;0;0;95;0;160;0;
19324;6150715;1060081664;20680704;1148571648;0;0;0;0;0;0;0;0;0;0;0;3126;0;0;95;0;160;0;
19325;8541468;1060081664;20680704;1148571648;0;0;0;0;0;0;0;0;0;0;0;3586;0;0;95;0;160;0;
19326;4203293;1060081664;20680704;1148571648;0;0;0;0;0;0;0;0;0;0;0;3517;0;0;95;0;160;0;
19327;7238405;1060081664;20680704;1148571648;0;0;0;0;0;0;0;0;0;0;0;3768;0;0;95;0;160;0;
19328;3668260;1060081664;20680704;1148571648;0;0;0;0;0;0;0;0;0;0;0;3727;0;0;95;0;160;0;
19329;8138282;1060081664;20680704;1148571648;0;0;0;0;0;0;0;0;0;0;0;3296;0;0;95;0;160;0;
19330;3828901;1060081664;20680704;1148571648;0;0;0;0;0;0;0;0;0;0;0;4809;0;0;95;0;160;0;
19331;7376213;1060081664;20680704;1148571648;0;0;0;0;0;0;0;0;0;0;0;2595;0;0;95;0;160;0;
19332;4006113;1060081664;20680704;1148571648;0;0;0;0;0;0;0;0;0;0;0;3516;0;0;95;0;160;0;
19333;7326570;1060081664;20680704;1148571648;0;0;0;0;0;0;0;0;0;0;0;3597;0;0;95;0;160;0;
19334;3888813;1060081664;20680704;1148571648;0;0;0;0;0;0;0;0;0;0;0;4118;0;0;95;0;160;0;
19335;7743593;1060081664;20680704;1148571648;0;0;0;0;0;0;0;0;0;0;0;3446;0;0;95;0;160;0;
19336;4137730;1060081664;20680704;1148571648;0;0;0;0;0;0;0;0;0;0;0;3176;0;0;95;0;160;0;
19337;6955825;1060081664;20680704;1148571648;0;0;0;0;0;0;0;0;0;0;0;2585;0;0;95;0;160;0;
19338;3835813;1060081664;20680704;1148571648;0;0;0;0;0;0;0;0;0;0;0;2946;0;0;95;0;160;0;
19339;7739715;1060081664;20680704;1148571648;0;0;0;0;0;0;0;0;0;0;0;2785;0;0;95;0;160;0;
19340;4674146;1060081664;20680704;1148571648;0;0;0;0;0;0;0;0;0;0;0;3287;0;0;95;0;160;0;
19341;6469663;1060081664;20680704;1148571648;0;0;0;0;0;0;0;0;0;0;0;3266;0;0;95;0;160;0;
19342;5281675;1060081664;20680704;1148571648;0;0;0;0;0;0;0;0;0;0;0;3416;0;0;95;0;160;0;
19343;5889545;1060081664;20680704;1148571648;0;0;0;0;0;0;0;0;0;0;0;4028;0;0;95;0;160;0;
19344;4740440;1060081664;20680704;1148571648;0;0;0;0;0;0;0;0;0;0;0;2835;0;0;95;0;160;0;
19345;5657750;1060081664;20680704;1148571648;0;0;0;0;0;0;0;0;0;0;0;3427;0;0;95;0;160;0;
19346;5070529;1060081664;20680704;1148571648;0;0;0;0;0;0;0;0;0;0;0;3216;0;0;95;0;160;0;
19347;6378813;1060081664;20680704;1148571648;0;0;0;0;0;0;0;0;0;0;0;3156;0;0;95;0;160;0;
19348;4918374;1060081664;20680704;1148571648;0;0;0;0;0;0;0;0;0;0;0;3226;0;0;95;0;160;0;
19349;6698742;1060081664;20680704;1148571648;0;0;0;0;0;0;0;0;0;0;0;3627;0;0;95;0;160;0;
19350;4936167;1060081664;20680704;1148571648;0;0;0;0;0;0;0;0;0;0;0;3236;0;0;95;0;160;0;
19351;7187329;1060081664;20680704;1148571648;0;0;0;0;0;0;0;0;0;0;0;3356;0;0;95;0;160;0;
19352;5670013;1060081664;20680704;1148571648;0;0;0;0;0;0;0;0;0;0;0;3647;0;0;95;0;160;0;
19353;7176970;1060081664;20680704;1148571648;0;0;0;0;0;0;0;0;0;0;0;3868;0;0;95;0;160;0;
19354;5753791;1060081664;20680704;1148571648;0;0;0;0;0;0;0;0;0;0;0;2695;0;0;95;0;160;0;
19355;7956782;1060081664;20680704;1148571648;0;0;0;0;0;0;0;0;0;0;0;2865;0;0;95;0;160;0;
19356;4955534;1060081664;20680704;1148571648;0;0;0;0;0;0;0;0;0;0;0;2475;0;0;95;0;160;0;
19357;6303020;1060081664;20680704;1148571648;0;0;0;0;0;0;0;0;0;0;0;3626;0;0;95;0;160;0;
19358;5715970;1060081664;20680704;1148571648;0;0;0;0;0;0;0;0;0;0;0;6782;0;0;95;0;160;0;
19359;6708050;1060081664;20680704;1148571648;0;0;0;0;0;0;0;0;0;0;0;4098;0;0;95;0;160;0;
19360;4825680;1060081664;20680704;1148571648;0;0;0;0;0;0;0;0;0;0;0;3076;0;0;95;0;160;0;
19361;8718480;1060081664;20680704;1148571648;0;0;0;0;0;0;0;0;0;0;0;3517;0;0;95;0;160;0;
19362;6031862;1060081664;20680704;1148571648;0;0;0;0;0;0;0;0;0;0;0;4498;0;0;95;0;160;0;
19363;7690142;1060081664;20680704;1148571648;0;0;0;0;0;0;0;0;0;0;0;3446;0;0;95;0;160;0;
19364;5315559;1060081664;20680704;1148571648;0;0;0;0;0;0;0;0;0;0;0;2655;0;0;95;0;160;0;
19365;6292682;1060081664;20680704;1148571648;0;0;0;0;0;0;0;0;0;0;0;2946;0;0;95;0;160;0;
19366;4156836;1060081664;20680704;1148571648;0;0;0;0;0;0;0;0;0;0;0;3366;0;0;95;0;160;0;
19367;6961776;1060081664;20680704;1148571648;0;0;0;0;0;0;0;0;0;0;0;135394;0;0;95;0;160;0;
19368;5170697;1060081664;20680704;1148571648;0;0;0;0;0;0;0;0;0;0;0;3286;0;0;95;0;160;0;
19369;7356676;1060081664;20680704;1148571648;0;0;0;0;0;0;0;0;0;0;0;3096;0;0;95;0;160;0;
19370;5008002;1060081664;20680704;1148571648;0;0;0;0;0;0;0;0;0;0;0;3116;0;0;95;0;160;0;
19371;7775462;1060081664;20680704;1148571648;0;0;0;0;0;0;0;0;0;0;0;3426;0;0;95;0;160;0;
19372;6027133;1060081664;20680704;1148571648;0;0;0;0;0;0;0;0;0;0;0;2965;0;0;95;0;160;0;
19373;5211313;1060081664;20680704;1148571648;0;0;0;0;0;0;0;0;0;0;0;2174;0;0;95;0;160;0;
19374;4745089;1060081664;20680704;1148571648;0;0;0;0;0;0;0;0;0;0;0;3266;0;0;95;0;160;0;
19375;7234066;1060081664;20680704;1148571648;0;0;0;0;0;0;0;0;0;0;0;8637;0;0;95;0;160;0;
19376;4738557;1060081664;20680704;1148571648;0;0;0;0;0;0;0;0;0;0;0;3427;0;0;95;0;160;0;
19377;6269568;1060081664;20680704;1148571648;0;0;0;0;0;0;0;0;0;0;0;3036;0;0;95;0;160;0;
19378;5268079;1060081664;20680704;1148571648;0;0;0;0;0;0;0;0;0;0;0;3717;0;0;95;0;160;0;
19379;7172621;1060081664;20680704;1148571648;0;0;0;0;0;0;0;0;0;0;0;2806;0;0;95;0;160;0;
19380;5824433;1060081664;20680704;1148571648;0;0;0;0;0;0;0;0;0;0;0;3377;0;0;95;0;160;0;
19381;7344884;1060081664;20680704;1148571648;0;0;0;0;0;0;0;0;0;0;0;2585;0;0;95;0;160;0;
19382;5483083;1060081664;20680704;1148571648;0;0;0;0;0;0;0;0;0;0;0;3377;0;0;95;0;160;0;
19383;5106556;1060081664;20680704;1148571648;0;0;0;0;0;0;0;0;0;0;0;2425;0;0;95;0;160;0;
19384;4686288;1060081664;20680704;1148571648;0;0;0;0;0;0;0;0;0;0;0;4038;0;0;95;0;160;0;
19385;6396667;1060081664;20680704;1148571648;0;0;0;0;0;0;0;0;0;0;0;2635;0;0;95;0;160;0;
19386;4605577;1060081664;20680704;1148571648;0;0;0;0;0;0;0;0;0;0;0;2796;0;0;95;0;160;0;
19387;5865740;1060081664;20680704;1148571648;0;0;0;0;0;0;0;0;0;0;0;2555;0;0;95;0;160;0;
19388;3958583;1060081664;20680704;1148571648;0;0;0;0;0;0;0;0;0;0;0;3136;0;0;95;0;160;0;
19389;6335621;1060081664;20680704;1148571648;0;0;0;0;0;0;0;0;0;0;0;2806;0;0;95;0;160;0;
19390;4284355;1060081664;20680704;1148571648;0;0;0;0;0;0;0;0;0;0;0;21190;0;0;95;0;160;0;
19391;7426207;1063522304;27267072;1155158016;0;0;0;0;0;0;0;0;0;0;0;3447;0;0;95;0;160;0;
19392;3616632;1063522304;27267072;1155158016;0;0;0;0;0;0;0;0;0;0;0;12273;0;0;95;0;160;0;
19393;7410217;1063522304;27267072;1155158016;0;0;0;0;0;0;0;0;0;0;0;2294;0;0;95;0;160;0;
19394;5879556;1063522304;27267072;1155158016;0;0;0;0;0;0;0;0;0;0;0;2945;0;0;95;0;160;0;
19395;7145791;1063522304;27267072;1155158016;0;0;0;0;0;0;0;0;0;0;0;3297;0;0;95;0;160;0;
19396;4609615;1063522304;27267072;1155158016;0;0;0;0;0;0;0;0;0;0;0;2645;0;0;95;0;160;0;
19397;6522131;1063522304;27267072;1155158016;0;0;0;0;0;0;0;0;0;0;0;2615;0;0;95;0;160;0;
19398;5337460;1063522304;27267072;1155158016;0;0;0;0;0;0;0;0;0;0;0;3767;0;0;95;0;160;0;
19399;6436801;1063522304;27267072;1155158016;0;0;0;0;0;0;0;0;0;0;0;3046;0;0;95;0;160;0;
19400;5235088;1060098048;20680704;1148571648;0;0;0;0;0;0;0;0;0;0;0;2875;0;0;95;0;160;0;
19401;5858898;1060098048;20680704;1148571648;0;0;0;0;0;0;0;0;0;0;0;2866;0;0;95;0;160;0;
19402;5297855;1060098048;20680704;1148571648;0;0;0;0;0;0;0;0;0;0;0;3206;0;0;95;0;160;0;
19403;6247777;1060098048;20680704;1148571648;0;0;0;0;0;0;0;0;0;0;0;2975;0;0;95;0;160;0;
19404;5426687;1060098048;20680704;1148571648;0;0;0;0;0;0;0;0;0;0;0;3416;0;0;95;0;160;0;
19405;6162156;1060098048;20684800;1148575744;0;0;0;0;0;0;0;0;0;0;0;3246;0;0;95;0;160;0;
19406;5829502;1060098048;20688896;1148579840;0;0;0;0;0;0;0;0;0;0;0;3166;0;0;95;0;160;0;
19407;7066372;1060098048;20688896;1148579840;0;0;0;0;0;0;0;0;0;0;0;2976;0;0;95;0;160;0;
19408;4677172;1060098048;20688896;1148579840;0;0;0;0;0;0;0;0;0;0;0;3417;0;0;95;0;160;0;
19409;12296230;1060098048;20688896;1148579840;0;0;0;0;0;0;0;0;0;0;0;3076;0;0;95;0;160;0;
19410;6869182;1060098048;20688896;1148579840;0;0;0;0;0;0;0;0;0;0;0;3336;0;0;95;0;160;0;
19411;8350019;1060098048;20688896;1148579840;0;0;0;0;0;0;0;0;0;0;0;2846;0;0;95;0;160;0;
19412;5156089;1060098048;20680704;1148571648;0;0;0;0;0;0;0;0;0;0;0;3607;0;0;95;0;160;0;
19413;6440919;1060098048;20680704;1148571648;0;0;0;0;0;0;0;0;0;0;0;3316;0;0;95;0;160;0;
19414;6035139;1060098048;20680704;1148571648;0;0;0;0;0;0;0;0;0;0;0;3777;0;0;95;0;160;0;
19415;9489576;1063538688;27267072;1155158016;0;0;0;0;0;0;0;0;0;0;0;3637;0;0;95;0;160;0;
19416;7372907;1063538688;27267072;1155158016;0;0;0;0;0;0;0;0;0;0;0;3246;0;0;95;0;160;0;
19417;8428607;1063538688;27267072;1155158016;0;0;0;0;0;0;0;0;0;0;0;2775;0;0;95;0;160;0;
19418;4961215;1063538688;27267072;1155158016;0;0;0;0;0;0;0;0;0;0;0;2875;0;0;95;0;160;0;
19419;7000148;1063538688;27267072;1155158016;0;0;0;0;0;0;0;0;0;0;0;2585;0;0;95;0;160;0;
19420;6006004;1063538688;27267072;1155158016;0;0;0;0;0;0;0;0;0;0;0;3116;0;0;95;0;160;0;
19421;6816573;1063538688;27267072;1155158016;0;0;0;0;0;0;0;0;0;0;0;3697;0;0;95;0;160;0;
19422;4499308;1063538688;27267072;1155158016;0;0;0;0;0;0;0;0;0;0;0;3497;0;0;95;0;160;0;
19423;6976363;1063538688;27267072;1155158016;0;0;0;0;0;0;0;0;0;0;0;2525;0;0;95;0;160;0;
19424;5861843;1060102144;20680704;1148571648;0;0;0;0;0;0;0;0;0;0;0;3998;0;0;95;0;160;0;
19425;7731540;1060102144;20680704;1148571648;0;0;0;0;0;0;0;0;0;0;0;3206;0;0;95;0;160;0;
19426;4524886;1060102144;20680704;1148571648;0;0;0;0;0;0;0;0;0;0;0;3377;0;0;95;0;160;0;
19427;7972461;1060102144;20680704;1148571648;0;0;0;0;0;0;0;0;0;0;0;2545;0;0;95;0;160;0;
19428;5723203;1060102144;20680704;1148571648;0;0;0;0;0;0;0;0;0;0;0;3586;0;0;95;0;160;0;
19429;5973413;1060102144;20680704;1148571648;0;0;0;0;0;0;0;0;0;0;0;2364;0;0;95;0;160;0;
19430;5043478;1060102144;20680704;1148571648;0;0;0;0;0;0;0;0;0;0;0;3606;0;0;95;0;160;0;
19431;7401411;1060102144;20680704;1148571648;0;0;0;0;0;0;0;0;0;0;0;3748;0;0;95;0;160;0;
19432;5991036;1060102144;20680704;1148571648;0;0;0;0;0;0;0;0;0;0;0;3076;0;0;95;0;160;0;
19433;6609075;1060102144;20680704;1148571648;0;0;0;0;0;0;0;0;0;0;0;3026;0;0;95;0;160;0;
19434;6440929;1060102144;20680704;1148571648;0;0;0;0;0;0;0;0;0;0;0;3527;0;0;95;0;160;0;
19435;5999421;1060102144;20680704;1148571648;0;0;0;0;0;0;0;0;0;0;0;2165;0;0;95;0;160;0;
19436;5612145;1060102144;20680704;1148571648;0;0;0;0;0;0;0;0;0;0;0;3056;0;0;95;0;160;0;
19437;9033321;1060102144;20680704;1148571648;0;0;0;0;0;0;0;0;0;0;0;3216;0;0;95;0;160;0;
19438;4840949;1060102144;20680704;1148571648;0;0;0;0;0;0;0;0;0;0;0;3376;0;0;95;0;160;0;
19439;8686230;1063542784;27267072;1155158016;0;0;0;0;0;0;0;0;0;0;0;3126;0;0;95;0;160;0;
19440;5640098;1063542784;27267072;1155158016;0;0;0;0;0;0;0;0;0;0;0;3607;0;0;95;0;160;0;
19441;7138678;1063542784;27267072;1155158016;0;0;0;0;0;0;0;0;0;0;0;2986;0;0;95;0;160;0;
19442;5038158;1063542784;27267072;1155158016;0;0;0;0;0;0;0;0;0;0;0;2655;0;0;95;0;160;0;
19443;6484230;1063542784;27267072;1155158016;0;0;0;0;0;0;0;0;0;0;0;3337;0;0;95;0;160;0;
19444;7457565;1063542784;27267072;1155158016;0;0;0;0;0;0;0;0;0;0;0;3236;0;0;95;0;160;0;
19445;7320238;1063542784;27267072;1155158016;0;0;0;0;0;0;0;0;0;0;0;2795;0;0;95;0;160;0;
19446;5948746;1063542784;27267072;1155158016;0;0;0;0;0;0;0;0;0;0;0;3336;0;0;95;0;160;0;
19447;6529314;1063542784;27267072;1155158016;0;0;0;0;0;0;0;0;0;0;0;2395;0;0;95;0;160;0;
19448;5575477;1060106240;20680704;1148571648;0;0;0;0;0;0;0;0;0;0;0;2725;0;0;95;0;160;0;
19449;5885477;1060106240;20680704;1148571648;0;0;0;0;0;0;0;0;0;0;0;3356;0;0;95;0;160;0;
19450;6055717;1060106240;20680704;1148571648;0;0;0;0;0;0;0;0;0;0;0;3586;0;0;95;0;160;0;
19451;6395443;1060106240;20680704;1148571648;0;0;0;0;0;0;0;0;0;0;0;2945;0;0;95;0;160;0;
19452;8560274;1060106240;20680704;1148571648;0;0;0;0;0;0;0;0;0;0;0;3407;0;0;95;0;160;0;
19453;5661398;1060106240;20680704;1148571648;0;0;0;0;0;0;0;0;0;0;0;2515;0;0;95;0;160;0;
19454;6582094;1060106240;20680704;1148571648;0;0;0;0;0;0;0;0;0;0;0;3347;0;0;95;0;160;0;
19455;6460947;1060106240;20680704;1148571648;0;0;0;0;0;0;0;0;0;0;0;2615;0;0;95;0;160;0;
19456;4327456;1060106240;20680704;1148571648;0;0;0;0;0;0;0;0;0;0;0;2896;0;0;95;0;160;0;
19457;6069152;1060106240;20680704;1148571648;0;0;0;0;0;0;0;0;0;0;0;2514;0;0;95;0;160;0;
19458;6527702;1060106240;20680704;1148571648;0;0;0;0;0;0;0;0;0;0;0;2975;0;0;95;0;160;0;
19459;7605253;1060106240;20680704;1148571648;0;0;0;0;0;0;0;0;0;0;0;2725;0;0;95;0;160;0;
19460;6181984;1060106240;20680704;1148571648;0;0;0;0;0;0;0;0;0;0;0;4058;0;0;95;0;160;0;
19461;7199331;1060106240;20680704;1148571648;0;0;0;0;0;0;0;0;0;0;0;2214;0;0;95;0;160;0;
19462;5009835;1060106240;20680704;1148571648;0;0;0;0;0;0;0;0;0;0;0;2906;0;0;95;0;160;0;
19463;6483539;1060106240;20680704;1148571648;0;0;0;0;0;0;0;0;0;0;0;2615;0;0;95;0;160;0;
19464;5600203;1060106240;20680704;1148571648;0;0;0;0;0;0;0;0;0;0;0;3266;0;0;95;0;160;0;
19465;6857059;1060106240;20680704;1148571648;0;0;0;0;0;0;0;0;0;0;0;3056;0;0;95;0;160;0;
19466;7005137;1060106240;20680704;1148571648;0;0;0;0;0;0;0;0;0;0;0;2885;0;0;95;0;160;0;
19467;7902590;1060106240;20680704;1148571648;0;0;0;0;0;0;0;0;0;0;0;3426;0;0;95;0;160;0;
19468;4953189;1060106240;20680704;1148571648;0;0;0;0;0;0;0;0;0;0;0;3496;0;0;95;0;160;0;
19469;6820861;1060106240;20680704;1148571648;0;0;0;0;0;0;0;0;0;0;0;2796;0;0;95;0;160;0;
19470;5420055;1060106240;20680704;1148571648;0;0;0;0;0;0;0;0;0;0;0;3587;0;0;95;0;160;0;
19471;8250252;1060106240;20680704;1148571648;0;0;0;0;0;0;0;0;0;0;0;3176;0;0;95;0;160;0;
19472;5310860;1060106240;20680704;1148571648;0;0;0;0;0;0;0;0;0;0;0;2876;0;0;95;0;160;0;
19473;6977846;1060106240;20680704;1148571648;0;0;0;0;0;0;0;0;0;0;0;2214;0;0;95;0;160;0;
19474;5089134;1060106240;20680704;1148571648;0;0;0;0;0;0;0;0;0;0;0;2785;0;0;95;0;160;0;
19475;7002873;1060106240;20680704;1148571648;0;0;0;0;0;0;0;0;0;0;0;2354;0;0;95;0;160;0;
19476;5083003;1060106240;20680704;1148571648;0;0;0;0;0;0;0;0;0;0;0;3316;0;0;95;0;160;0;
19477;5693848;1060106240;20680704;1148571648;0;0;0;0;0;0;0;0;0;0;0;2455;0;0;95;0;160;0;
19478;5373818;1060106240;20680704;1148571648;0;0;0;0;0;0;0;0;0;0;0;2975;0;0;95;0;160;0;
19479;5359451;1060106240;20680704;1148571648;0;0;0;0;0;0;0;0;0;0;0;2374;0;0;95;0;160;0;
19480;4878248;1060106240;20680704;1148571648;0;0;0;0;0;0;0;0;0;0;0;3066;0;0;95;0;160;0;
19481;6916121;1060106240;20680704;1148571648;0;0;0;0;0;0;0;0;0;0;0;2735;0;0;95;0;160;0;
19482;5076471;1060106240;20680704;1148571648;0;0;0;0;0;0;0;0;0;0;0;2775;0;0;95;0;160;0;
19483;6336714;1060106240;20684800;1148575744;0;0;0;0;0;0;0;0;0;0;0;4188;0;0;95;0;160;0;
19484;6332997;1060106240;20688896;1148579840;0;0;0;0;0;0;0;0;0;0;0;2655;0;0;95;0;160;0;
19485;7792584;1060106240;20688896;1148579840;0;0;0;0;0;0;0;0;0;0;0;2524;0;0;95;0;160;0;
19486;4729861;1060106240;20688896;1148579840;0;0;0;0;0;0;0;0;0;0;0;3376;0;0;95;0;160;0;
19487;7947244;1060106240;20688896;1148579840;0;0;0;0;0;0;0;0;0;0;0;2805;0;0;95;0;160;0;
19488;3493191;1060106240;20688896;1148579840;0;0;0;0;0;0;0;0;0;0;0;2655;0;0;95;0;160;0;
19489;6318710;1060106240;20688896;1148579840;0;0;0;0;0;0;0;0;0;0;0;2104;0;0;95;0;160;0;
19490;5306983;1060114432;20680704;1148571648;0;0;0;0;0;0;0;0;0;0;0;3106;0;0;95;0;160;0;
19491;5771484;1060114432;20680704;1148571648;0;0;0;0;0;0;0;0;0;0;0;2184;0;0;95;0;160;0;
19492;6661583;1060114432;20680704;1148571648;0;0;0;0;0;0;0;0;0;0;0;3657;0;0;95;0;160;0;
19493;5686935;1060114432;20680704;1148571648;0;0;0;0;0;0;0;0;0;0;0;3496;0;0;95;0;160;0;
19494;5345976;1060114432;20680704;1148571648;0;0;0;0;0;0;0;0;0;0;0;2735;0;0;95;0;160;0;
19495;6781428;1060114432;20680704;1148571648;0;0;0;0;0;0;0;0;0;0;0;3356;0;0;95;0;160;0;
19496;5989112;1060114432;20680704;1148571648;0;0;0;0;0;0;0;0;0;0;0;3807;0;0;95;0;160;0;
19497;5824814;1060114432;20680704;1148571648;0;0;0;0;0;0;0;0;0;0;0;2345;0;0;95;0;160;0;
19498;5939508;1060114432;20680704;1148571648;0;0;0;0;0;0;0;0;0;0;0;3357;0;0;95;0;160;0;
19499;5189833;1060114432;20680704;1148571648;0;0;0;0;0;0;0;0;0;0;0;3627;0;0;95;0;160;0;
19500;5814574;1060114432;20680704;1148571648;0;0;0;0;0;0;0;0;0;0;0;2315;0;0;95;0;160;0;
19501;5563674;1060114432;20680704;1148571648;0;0;0;0;0;0;0;0;0;0;0;2795;0;0;95;0;160;0;
19502;5049590;1060114432;20680704;1148571648;0;0;0;0;0;0;0;0;0;0;0;2665;0;0;95;0;160;0;
19503;7151021;1060114432;20680704;1148571648;0;0;0;0;0;0;0;0;0;0;0;2746;0;0;95;0;160;0;
19504;5273129;1060114432;20680704;1148571648;0;0;0;0;0;0;0;0;0;0;0;3206;0;0;95;0;160;0;
19505;5226191;1060114432;20680704;1148571648;0;0;0;0;0;0;0;0;0;0;0;2524;0;0;95;0;160;0;
19506;6154001;1060114432;20680704;1148571648;0;0;0;0;0;0;0;0;0;0;0;3336;0;0;95;0;160;0;
19507;8134185;1063555072;27267072;1155158016;0;0;0;0;0;0;0;0;0;0;0;2935;0;0;95;0;160;0;
19508;4388260;1063555072;27267072;1155158016;0;0;0;0;0;0;0;0;0;0;0;3546;0;0;95;0;160;0;
19509;7204201;1063555072;27267072;1155158016;0;0;0;0;0;0;0;0;0;0;0;2514;0;0;95;0;160;0;
19510;4824708;1063555072;27267072;1155158016;0;0;0;0;0;0;0;0;0;0;0;3346;0;0;95;0;160;0;
19511;7438880;1063555072;27267072;1155158016;0;0;0;0;0;0;0;0;0;0;0;3286;0;0;95;0;160;0;
19512;6482718;1063555072;27267072;1155158016;0;0;0;0;0;0;0;0;0;0;0;3316;0;0;95;0;160;0;
19513;7375863;1063555072;27267072;1155158016;0;0;0;0;0;0;0;0;0;0;0;3316;0;0;95;0;160;0;
19514;6895882;1063555072;27267072;1155158016;0;0;0;0;0;0;0;0;0;0;0;3757;0;0;95;0;160;0;
19515;6840409;1063555072;27267072;1155158016;0;0;0;0;0;0;0;0;0;0;0;3036;0;0;95;0;160;0;
19516;5430965;1060118528;20680704;1148571648;0;0;0;0;0;0;0;0;0;0;0;3998;0;0;95;0;160;0;
19517;7216974;1060118528;20680704;1148571648;0;0;0;0;0;0;0;0;0;0;0;3596;0;0;95;0;160;0;
19518;5336618;1060118528;20680704;1148571648;0;0;0;0;0;0;0;0;0;0;0;3126;0;0;95;0;160;0;
19519;8244321;1060118528;20680704;1148571648;0;0;0;0;0;0;0;0;0;0;0;3126;0;0;95;0;160;0;
19520;5959116;1060118528;20680704;1148571648;0;0;0;0;0;0;0;0;0;0;0;4679;0;0;95;0;160;0;
19521;7897350;1060118528;20680704;1148571648;0;0;0;0;0;0;0;0;0;0;0;3797;0;0;95;0;160;0;
19522;6383241;1060118528;20680704;1148571648;0;0;0;0;0;0;0;0;0;0;0;4047;0;0;95;0;160;0;
19523;6548551;1060118528;20680704;1148571648;0;0;0;0;0;0;0;0;0;0;0;3557;0;0;95;0;160;0;
19524;4467789;1060118528;20680704;1148571648;0;0;0;0;0;0;0;0;0;0;0;3586;0;0;95;0;160;0;
19525;6589377;1060118528;20680704;1148571648;0;0;0;0;0;0;0;0;0;0;0;3877;0;0;95;0;160;0;
19526;5424022;1060118528;20680704;1148571648;0;0;0;0;0;0;0;0;0;0;0;4018;0;0;95;0;160;0;
19527;7150410;1060118528;20680704;1148571648;0;0;0;0;0;0;0;0;0;0;0;3036;0;0;95;0;160;0;
19528;5365983;1060118528;20680704;1148571648;0;0;0;0;0;0;0;0;0;0;0;3837;0;0;95;0;160;0;
19529;9246851;1060118528;20680704;1148571648;0;0;0;0;0;0;0;0;0;0;0;3507;0;0;95;0;160;0;
19530;6387459;1060118528;20680704;1148571648;0;0;0;0;0;0;0;0;0;0;0;3096;0;0;95;0;160;0;
19531;7451695;1063559168;27267072;1155158016;0;0;0;0;0;0;0;0;0;0;0;3757;0;0;95;0;160;0;
19532;5339153;1063559168;27267072;1155158016;0;0;0;0;0;0;0;0;0;0;0;3317;0;0;95;0;160;0;
19533;5820696;1063559168;27267072;1155158016;0;0;0;0;0;0;0;0;0;0;0;3346;0;0;95;0;160;0;
19534;4853071;1063559168;27267072;1155158016;0;0;0;0;0;0;0;0;0;0;0;3156;0;0;95;0;160;0;
19535;6439427;1063559168;27267072;1155158016;0;0;0;0;0;0;0;0;0;0;0;3897;0;0;95;0;160;0;
19536;4650712;1063559168;27267072;1155158016;0;0;0;0;0;0;0;0;0;0;0;2845;0;0;95;0;160;0;
19537;6398690;1063559168;27267072;1155158016;0;0;0;0;0;0;0;0;0;0;0;2214;0;0;95;0;160;0;
19538;4660931;1063559168;27267072;1155158016;0;0;0;0;0;0;0;0;0;0;0;3456;0;0;95;0;160;0;
19539;7054720;1063559168;27267072;1155158016;0;0;0;0;0;0;0;0;0;0;0;3005;0;0;95;0;160;0;
19540;4967165;1060122624;20680704;1148571648;0;0;0;0;0;0;0;0;0;0;0;4188;0;0;95;0;160;0;
19541;9162213;1060122624;20680704;1148571648;0;0;0;0;0;0;0;0;0;0;0;3426;0;0;95;0;160;0;
19542;9843571;1060122624;20680704;1148571648;0;0;0;0;0;0;0;0;0;0;0;4308;0;0;95;0;160;0;
19543;8010192;1060122624;20680704;1148571648;0;0;0;0;0;0;0;0;0;0;0;4248;0;0;95;0;160;0;
19544;8650402;1060122624;20680704;1148571648;0;0;0;0;0;0;0;0;0;0;0;3848;0;0;95;0;160;0;
19545;8587305;1060122624;20680704;1148571648;0;0;0;0;0;0;0;0;0;0;0;3457;0;0;95;0;160;0;
19546;7957293;1060122624;20680704;1148571648;0;0;0;0;0;0;0;0;0;0;0;4158;0;0;95;0;160;0;
19547;8018959;1060122624;20680704;1148571648;0;0;0;0;0;0;0;0;0;0;0;3828;0;0;95;0;160;0;
19548;7622916;1060122624;20680704;1148571648;0;0;0;0;0;0;0;0;0;0;0;3296;0;0;95;0;160;0;
19549;6363214;1060122624;20680704;1148571648;0;0;0;0;0;0;0;0;0;0;0;3416;0;0;95;0;160;0;
19550;7554768;1060122624;20680704;1148571648;0;0;0;0;0;0;0;0;0;0;0;3437;0;0;95;0;160;0;
19551;6866568;1060122624;20680704;1148571648;0;0;0;0;0;0;0;0;0;0;0;4248;0;0;95;0;160;0;
19552;5161159;1060122624;20680704;1148571648;0;0;0;0;0;0;0;0;0;0;0;3025;0;0;95;0;160;0;
19553;6593695;1060122624;20680704;1148571648;0;0;0;0;0;0;0;0;0;0;0;3246;0;0;95;0;160;0;
19554;6060235;1060122624;20680704;1148571648;0;0;0;0;0;0;0;0;0;0;0;3567;0;0;95;0;160;0;
19555;10522003;1063563264;27267072;1155158016;0;0;0;0;0;0;0;0;0;0;0;2996;0;0;95;0;160;0;
19556;9315410;1063563264;27267072;1155158016;0;0;0;0;0;0;0;0;0;0;0;4768;0;0;95;0;160;0;
19557;9474278;1063563264;27267072;1155158016;0;0;0;0;0;0;0;0;0;0;0;3396;0;0;95;0;160;0;
19558;5237031;1063563264;27267072;1155158016;0;0;0;0;0;0;0;0;0;0;0;3146;0;0;95;0;160;0;
19559;7520293;1063563264;27267072;1155158016;0;0;0;0;0;0;0;0;0;0;0;3547;0;0;95;0;160;0;
19560;4418226;1063563264;27267072;1155158016;0;0;0;0;0;0;0;0;0;0;0;2965;0;0;95;0;160;0;
19561;11772297;1063563264;27267072;1155158016;0;0;0;0;0;0;0;0;0;0;0;4418;0;0;95;0;160;0;
19562;15347262;1063563264;27267072;1155158016;0;0;0;0;0;0;0;0;0;0;0;3898;0;0;95;0;160;0;
19563;8598435;1063563264;27267072;1155158016;0;0;0;0;0;0;0;0;0;0;0;3066;0;0;95;0;160;0;
19564;8499620;1063563264;27267072;1155158016;0;0;0;0;0;0;0;0;0;0;0;3898;0;0;95;0;160;0;
19565;8047001;1063563264;27267072;1155158016;0;0;0;0;0;0;0;0;0;0;0;3206;0;0;95;0;160;0;
19566;6371589;1063563264;27267072;1155158016;0;0;0;0;0;0;0;0;0;0;0;3878;0;0;95;0;160;0;
19567;8410964;1063563264;27267072;1155158016;0;0;0;0;0;0;0;0;0;0;0;3987;0;0;95;0;160;0;
19568;5628376;1063563264;27267072;1155158016;0;0;0;0;0;0;0;0;0;0;0;3176;0;0;95;0;160;0;
19569;8103057;1063563264;27267072;1155158016;0;0;0;0;0;0;0;0;0;0;0;4589;0;0;95;0;160;0;
19570;5658742;1063563264;27267072;1155158016;0;0;0;0;0;0;0;0;0;0;0;3386;0;0;95;0;160;0;
19571;6931480;1063563264;27267072;1155158016;0;0;0;0;0;0;0;0;0;0;0;3086;0;0;95;0;160;0;
19572;9104154;1060126720;20680704;1148571648;0;0;0;0;0;0;0;0;0;0;0;3297;0;0;95;0;160;0;
19573;9630121;1060126720;20680704;1148571648;0;0;0;0;0;0;0;0;0;0;0;3025;0;0;95;0;160;0;
19574;5588751;1060126720;20680704;1148571648;0;0;0;0;0;0;0;0;0;0;0;3125;0;0;95;0;160;0;
19575;9086030;1060126720;20680704;1148571648;0;0;0;0;0;0;0;0;0;0;0;3938;0;0;95;0;160;0;
19576;7994082;1060126720;20680704;1148571648;0;0;0;0;0;0;0;0;0;0;0;3967;0;0;95;0;160;0;
19577;7266727;1060126720;20680704;1148571648;0;0;0;0;0;0;0;0;0;0;0;3016;0;0;95;0;160;0;
19578;7672660;1060126720;20680704;1148571648;0;0;0;0;0;0;0;0;0;0;0;3957;0;0;95;0;160;0;
19579;6897996;1060126720;20680704;1148571648;0;0;0;0;0;0;0;0;0;0;0;4048;0;0;95;0;160;0;
19580;7347159;1060126720;20680704;1148571648;0;0;0;0;0;0;0;0;0;0;0;3497;0;0;95;0;160;0;
19581;8991854;1060126720;20680704;1148571648;0;0;0;0;0;0;0;0;0;0;0;2856;0;0;95;0;160;0;
19582;6734059;1060126720;20680704;1148571648;0;0;0;0;0;0;0;0;0;0;0;4599;0;0;95;0;160;0;
19583;9583993;1060126720;20680704;1148571648;0;0;0;0;0;0;0;0;0;0;0;3467;0;0;95;0;160;0;
19584;8240574;1060126720;20680704;1148571648;0;0;0;0;0;0;0;0;0;0;0;207880;0;0;95;0;160;0;
19585;8686220;1060126720;20680704;1148571648;0;0;0;0;0;0;0;0;0;0;0;3296;0;0;95;0;160;0;
19586;6394152;1060126720;20680704;1148571648;0;0;0;0;0;0;0;0;0;0;0;100890;0;0;95;0;160;0;
19587;7604892;1060126720;20680704;1148571648;0;0;0;0;0;0;0;0;0;0;0;3256;0;0;95;0;160;0;
19588;6107444;1060126720;20680704;1148571648;0;0;0;0;0;0;0;0;0;0;0;3106;0;0;95;0;160;0;
19589;7515535;1060126720;20680704;1148571648;0;0;0;0;0;0;0;0;0;0;0;4188;0;0;95;0;160;0;
19590;6414429;1060126720;20680704;1148571648;0;0;0;0;0;0;0;0;0;0;0;3757;0;0;95;0;160;0;
19591;8963400;1060126720;20680704;1148571648;0;0;0;0;0;0;0;0;0;0;0;4178;0;0;95;0;160;0;
19592;7333653;1060126720;20680704;1148571648;0;0;0;0;0;0;0;0;0;0;0;3276;0;0;95;0;160;0;
19593;8944685;1060126720;20680704;1148571648;0;0;0;0;0;0;0;0;0;0;0;3768;0;0;95;0;160;0;
19594;6315785;1060126720;20680704;1148571648;0;0;0;0;0;0;0;0;0;0;0;3427;0;0;95;0;160;0;
19595;7066392;1060126720;20680704;1148571648;0;0;0;0;0;0;0;0;0;0;0;2986;0;0;95;0;160;0;
19596;5010016;1060126720;20680704;1148571648;0;0;0;0;0;0;0;0;0;0;0;4578;0;0;95;0;160;0;
19597;7062315;1060126720;20680704;1148571648;0;0;0;0;0;0;0;0;0;0;0;4358;0;0;95;0;160;0;
19598;8193816;1060126720;20680704;1148571648;0;0;0;0;0;0;0;0;0;0;0;3196;0;0;95;0;160;0;
19599;9236602;1060126720;20680704;1148571648;0;0;0;0;0;0;0;0;0;0;0;2825;0;0;95;0;160;0;
19600;8335211;1060126720;20680704;1148571648;0;0;0;0;0;0;0;0;0;0;0;3427;0;0;95;0;160;0;
19601;6311677;1060126720;20680704;1148571648;0;0;0;0;0;0;0;0;0;0;0;3447;0;0;95;0;160;0;
19602;5874487;1060126720;20680704;1148571648;0;0;0;0;0;0;0;0;0;0;0;3647;0;0;95;0;160;0;
19603;6255552;1060126720;20680704;1148571648;0;0;0;0;0;0;0;0;0;0;0;2424;0;0;95;0;160;0;
19604;5959065;1060126720;20680704;1148571648;0;0;0;0;0;0;0;0;0;0;0;3186;0;0;95;0;160;0;
19605;7849481;1060126720;20680704;1148571648;0;0;0;0;0;0;0;0;0;0;0;4138;0;0;95;0;160;0;
19606;6734069;1060126720;20680704;1148571648;0;0;0;0;0;0;0;0;0;0;0;4538;0;0;95;0;160;0;
19607;7540151;1060126720;20680704;1148571648;0;0;0;0;0;0;0;0;0;0;0;3767;0;0;95;0;160;0;
19608;8414881;1060126720;20680704;1148571648;0;0;0;0;0;0;0;0;0;0;0;3497;0;0;95;0;160;0;
19609;8779485;1060126720;20680704;1148571648;0;0;0;0;0;0;0;0;0;0;0;3256;0;0;95;0;160;0;
19610;5859860;1060126720;20680704;1148571648;0;0;0;0;0;0;0;0;0;0;0;3707;0;0;95;0;160;0;
19611;6540206;1060126720;20680704;1148571648;0;0;0;0;0;0;0;0;0;0;0;3777;0;0;95;0;160;0;
19612;5837537;1060126720;20680704;1148571648;0;0;0;0;0;0;0;0;0;0;0;3387;0;0;95;0;160;0;
19613;5301171;1060126720;20680704;1148571648;0;0;0;0;0;0;0;0;0;0;0;3436;0;0;95;0;160;0;
19614;7649756;1060126720;20680704;1148571648;0;0;0;0;0;0;0;0;0;0;0;3486;0;0;95;0;160;0;
19615;8590781;1060126720;20680704;1148571648;0;0;0;0;0;0;0;0;0;0;0;3677;0;0;95;0;160;0;
19616;6087166;1060126720;20680704;1148571648;0;0;0;0;0;0;0;0;0;0;0;4829;0;0;95;0;160;0;
19617;10386289;1060126720;20680704;1148571648;0;0;0;0;0;0;0;0;0;0;0;3597;0;0;95;0;160;0;
19618;5154957;1060126720;20680704;1148571648;0;0;0;0;0;0;0;0;0;0;0;3397;0;0;95;0;160;0;
19619;9464670;1060126720;20680704;1148571648;0;0;0;0;0;0;0;0;0;0;0;3346;0;0;95;0;160;0;
19620;12068774;1060126720;20680704;1148571648;0;0;0;0;0;0;0;0;0;0;0;34164;0;0;95;0;160;0;
19621;10142551;1060126720;20680704;1148571648;0;0;0;0;0;0;0;0;0;0;0;3837;0;0;95;0;160;0;
19622;7302364;1060126720;20680704;1148571648;0;0;0;0;0;0;0;0;0;0;0;3426;0;0;95;0;160;0;
19623;9596057;1060126720;20680704;1148571648;0;0;0;0;0;0;0;0;0;0;0;4118;0;0;95;0;160;0;
19624;8413269;1060126720;20680704;1148571648;0;0;0;0;0;0;0;0;0;0;0;3737;0;0;95;0;160;0;
19625;10406216;1060126720;20684800;1148575744;0;0;0;0;0;0;0;0;0;0;0;3246;0;0;95;0;160;0;
19626;8500763;1060126720;20688896;1148579840;0;0;0;0;0;0;0;0;0;0;0;3817;0;0;95;0;160;0;
19627;8770397;1060126720;20688896;1148579840;0;0;0;0;0;0;0;0;0;0;0;3947;0;0;95;0;160;0;
19628;5363208;1060126720;20688896;1148579840;0;0;0;0;0;0;0;0;0;0;0;3406;0;0;95;0;160;0;
19629;8069924;1060126720;20688896;1148579840;0;0;0;0;0;0;0;0;0;0;0;3236;0;0;95;0;160;0;
19630;8536529;1060126720;20688896;1148579840;0;0;0;0;0;0;0;0;0;0;0;3787;0;0;95;0;160;0;
19631;7766575;1060126720;20688896;1148579840;0;0;0;0;0;0;0;0;0;0;0;3747;0;0;95;0;160;0;
19632;6939414;1060139008;20680704;1148571648;0;0;0;0;0;0;0;0;0;0;0;4188;0;0;95;0;160;0;
19633;9112439;1060139008;20680704;1148571648;0;0;0;0;0;0;0;0;0;0;0;2996;0;0;95;0;160;0;
19634;7397753;1060139008;20680704;1148571648;0;0;0;0;0;0;0;0;0;0;0;2996;0;0;95;0;160;0;
19635;8759848;1060139008;20680704;1148571648;0;0;0;0;0;0;0;0;0;0;0;3697;0;0;95;0;160;0;
19636;7026618;1060139008;20680704;1148571648;0;0;0;0;0;0;0;0;0;0;0;3556;0;0;95;0;160;0;
19637;6851550;1060139008;20680704;1148571648;0;0;0;0;0;0;0;0;0;0;0;3006;0;0;95;0;160;0;
19638;7647001;1060139008;20680704;1148571648;0;0;0;0;0;0;0;0;0;0;0;3997;0;0;95;0;160;0;
19639;7988972;1060139008;20680704;1148571648;0;0;0;0;0;0;0;0;0;0;0;3617;0;0;95;0;160;0;
19640;5126784;1060139008;20680704;1148571648;0;0;0;0;0;0;0;0;0;0;0;3276;0;0;95;0;160;0;
19641;6449134;1060139008;20680704;1148571648;0;0;0;0;0;0;0;0;0;0;0;2846;0;0;95;0;160;0;
19642;5071651;1060139008;20680704;1148571648;0;0;0;0;0;0;0;0;0;0;0;3025;0;0;95;0;160;0;
19643;8372762;1060139008;20680704;1148571648;0;0;0;0;0;0;0;0;0;0;0;3457;0;0;95;0;160;0;
19644;6568728;1060139008;20680704;1148571648;0;0;0;0;0;0;0;0;0;0;0;3476;0;0;95;0;160;0;
19645;7348050;1060139008;20680704;1148571648;0;0;0;0;0;0;0;0;0;0;0;3056;0;0;95;0;160;0;
19646;9034624;1060139008;20680704;1148571648;0;0;0;0;0;0;0;0;0;0;0;2975;0;0;95;0;160;0;
19647;7344945;1063579648;27267072;1155158016;0;0;0;0;0;0;0;0;0;0;0;2936;0;0;95;0;160;0;
19648;7023953;1063579648;27267072;1155158016;0;0;0;0;0;0;0;0;0;0;0;2926;0;0;95;0;160;0;
19649;7330237;1063579648;27267072;1155158016;0;0;0;0;0;0;0;0;0;0;0;2906;0;0;95;0;160;0;
19650;5200152;1063579648;27267072;1155158016;0;0;0;0;0;0;0;0;0;0;0;3276;0;0;95;0;160;0;
19651;7839121;1063579648;27267072;1155158016;0;0;0;0;0;0;0;0;0;0;0;3597;0;0;95;0;160;0;
19652;5967301;1063579648;27267072;1155158016;0;0;0;0;0;0;0;0;0;0;0;2815;0;0;95;0;160;0;
19653;7583712;1063579648;27267072;1155158016;0;0;0;0;0;0;0;0;0;0;0;2956;0;0;95;0;160;0;
19654;6199286;1063579648;27267072;1155158016;0;0;0;0;0;0;0;0;0;0;0;3376;0;0;95;0;160;0;
19655;6340711;1063579648;27267072;1155158016;0;0;0;0;0;0;0;0;0;0;0;2445;0;0;95;0;160;0;
19656;5318995;1063579648;27267072;1155158016;0;0;0;0;0;0;0;0;0;0;0;3717;0;0;95;0;160;0;
19657;6188426;1063579648;27267072;1155158016;0;0;0;0;0;0;0;0;0;0;0;2795;0;0;95;0;160;0;
19658;5192788;1063579648;27267072;1155158016;0;0;0;0;0;0;0;0;0;0;0;5059;0;0;95;0;160;0;
19659;7995414;1063579648;27267072;1155158016;0;0;0;0;0;0;0;0;0;0;0;2585;0;0;95;0;160;0;
19660;5240979;1063579648;27267072;1155158016;0;0;0;0;0;0;0;0;0;0;0;2896;0;0;95;0;160;0;
19661;7175917;1063579648;27267072;1155158016;0;0;0;0;0;0;0;0;0;0;0;3627;0;0;95;0;160;0;
19662;5163503;1063579648;27267072;1155158016;0;0;0;0;0;0;0;0;0;0;0;2465;0;0;95;0;160;0;
19663;6818497;1063579648;27267072;1155158016;0;0;0;0;0;0;0;0;0;0;0;4217;0;0;95;0;160;0;
19664;5100355;1060143104;20680704;1148571648;0;0;0;0;0;0;0;0;0;0;0;2786;0;0;95;0;160;0;
19665;7885789;1060143104;20680704;1148571648;0;0;0;0;0;0;0;0;0;0;0;3387;0;0;95;0;160;0;
19666;5289109;1060143104;20680704;1148571648;0;0;0;0;0;0;0;0;0;0;0;4298;0;0;95;0;160;0;
19667;9098193;1060143104;20680704;1148571648;0;0;0;0;0;0;0;0;0;0;0;4187;0;0;95;0;160;0;
19668;8033756;1060143104;20680704;1148571648;0;0;0;0;0;0;0;0;0;0;0;3677;0;0;95;0;160;0;
19669;6866738;1060143104;20680704;1148571648;0;0;0;0;0;0;0;0;0;0;0;3156;0;0;95;0;160;0;
19670;6647336;1060143104;20680704;1148571648;0;0;0;0;0;0;0;0;0;0;0;3427;0;0;95;0;160;0;
19671;7080248;1063583744;27267072;1155158016;0;0;0;0;0;0;0;0;0;0;0;3126;0;0;95;0;160;0;
19672;5668500;1063583744;27267072;1155158016;0;0;0;0;0;0;0;0;0;0;0;2865;0;0;95;0;160;0;
19673;7377957;1063583744;27267072;1155158016;0;0;0;0;0;0;0;0;0;0;0;3276;0;0;95;0;160;0;
19674;6191171;1063583744;27267072;1155158016;0;0;0;0;0;0;0;0;0;0;0;3186;0;0;95;0;160;0;
19675;7467906;1063583744;27267072;1155158016;0;0;0;0;0;0;0;0;0;0;0;3386;0;0;95;0;160;0;
19676;6046239;1063583744;27267072;1155158016;0;0;0;0;0;0;0;0;0;0;0;3567;0;0;95;0;160;0;
19677;7867625;1063583744;27267072;1155158016;0;0;0;0;0;0;0;0;0;0;0;3036;0;0;95;0;160;0;
19678;4222088;1063583744;27267072;1155158016;0;0;0;0;0;0;0;0;0;0;0;4057;0;0;95;0;160;0;
19679;7612787;1063583744;27267072;1155158016;0;0;0;0;0;0;0;0;0;0;0;3577;0;0;95;0;160;0;
19680;4058952;1060147200;20680704;1148571648;0;0;0;0;0;0;0;0;0;0;0;3687;0;0;95;0;160;0;
19681;9608009;1060147200;20680704;1148571648;0;0;0;0;0;0;0;0;0;0;0;4058;0;0;95;0;160;0;
19682;5495155;1060147200;20680704;1148571648;0;0;0;0;0;0;0;0;0;0;0;3627;0;0;95;0;160;0;
19683;8541899;1063587840;27267072;1155158016;0;0;0;0;0;0;0;0;0;0;0;4549;0;0;95;0;160;0;
19684;5229187;1063587840;27267072;1155158016;0;0;0;0;0;0;0;0;0;0;0;4439;0;0;95;0;160;0;
19685;8142150;1063587840;27267072;1155158016;0;0;0;0;0;0;0;0;0;0;0;3156;0;0;95;0;160;0;
19686;5898883;1063620608;25214976;1153105920;0;0;0;0;0;0;0;0;0;0;0;3296;0;0;95;0;160;0;
19687;7420746;1063620608;25214976;1153105920;0;0;0;0;0;0;0;0;0;0;0;3677;0;0;95;0;160;0;
19688;5619489;1063620608;25214976;1153105920;0;0;0;0;0;0;0;0;0;0;0;3026;0;0;95;0;160;0;
19689;8824490;1063620608;25214976;1153105920;0;0;0;0;0;0;0;0;0;0;0;4379;0;0;95;0;160;0;
19690;4819288;1063620608;25214976;1153105920;0;0;0;0;0;0;0;0;0;0;0;3055;0;0;95;0;160;0;
19691;9613709;1063620608;25214976;1153105920;0;0;0;0;0;0;0;0;0;0;0;3777;0;0;95;0;160;0;
19692;4100620;1063620608;25214976;1153105920;0;0;0;0;0;0;0;0;0;0;0;3547;0;0;95;0;160;0;
19693;7191516;1063620608;25214976;1153105920;0;0;0;0;0;0;0;0;0;0;0;4268;0;0;95;0;160;0;
19694;4238669;1063620608;25214976;1153105920;0;0;0;0;0;0;0;0;0;0;0;2996;0;0;95;0;160;0;
19695;5573272;1063620608;25214976;1153105920;0;0;0;0;0;0;0;0;0;0;0;3196;0;0;95;0;160;0;
19696;7656108;1063620608;25214976;1153105920;0;0;0;0;0;0;0;0;0;0;0;3016;0;0;95;0;160;0;
19697;8430060;1063620608;25219072;1153110016;0;0;0;0;0;0;0;0;0;0;0;3397;0;0;95;0;160;0;
19698;14337789;1063620608;25223168;1153114112;0;0;0;0;0;0;0;0;0;0;0;3867;0;0;95;0;160;0;
19699;7937456;1063620608;25223168;1153114112;0;0;0;0;0;0;0;0;0;0;0;2936;0;0;95;0;160;0;
19700;6792558;1060204544;21798912;1149689856;0;0;0;0;0;0;0;0;0;0;0;2896;0;0;95;0;160;0;
19701;8384414;1060204544;21798912;1149689856;0;0;0;0;0;0;0;0;0;0;0;3466;0;0;95;0;160;0;
19702;5917999;1060204544;21798912;1149689856;0;0;0;0;0;0;0;0;0;0;0;3667;0;0;95;0;160;0;
19703;8232709;1060204544;21798912;1149689856;0;0;0;0;0;0;0;0;0;0;0;4087;0;0;95;0;160;0;
19704;5927015;1060196352;21790720;1149681664;0;0;0;0;0;0;0;0;0;0;0;3246;0;0;95;0;160;0;
19705;8568880;1060196352;21790720;1149681664;0;0;0;0;0;0;0;0;0;0;0;3156;0;0;95;0;160;0;
19706;5277518;1060196352;21790720;1149681664;0;0;0;0;0;0;0;0;0;0;0;3196;0;0;95;0;160;0;
19707;5826757;1060196352;21790720;1149681664;0;0;0;0;0;0;0;0;0;0;0;2544;0;0;95;0;160;0;
19708;6148020;1060196352;21790720;1149681664;0;0;0;0;0;0;0;0;0;0;0;4087;0;0;95;0;160;0;
19709;8521110;1060196352;21790720;1149681664;0;0;0;0;0;0;0;0;0;0;0;2545;0;0;95;0;160;0;
19710;7166199;1060196352;21790720;1149681664;0;0;0;0;0;0;0;0;0;0;0;3717;0;0;95;0;160;0;
19711;6645553;1060196352;21790720;1149681664;0;0;0;0;0;0;0;0;0;0;0;2274;0;0;95;0;160;0;
19712;7105095;1060196352;21790720;1149681664;0;0;0;0;0;0;0;0;0;0;0;4058;0;0;95;0;160;0;
19713;8197804;1060196352;21790720;1149681664;0;0;0;0;0;0;0;0;0;0;0;3657;0;0;95;0;160;0;
19714;8356101;1060196352;21790720;1149681664;0;0;0;0;0;0;0;0;0;0;0;2946;0;0;95;0;160;0;
19715;7701804;1060196352;21790720;1149681664;0;0;0;0;0;0;0;0;0;0;0;3326;0;0;95;0;160;0;
19716;6054795;1060196352;21790720;1149681664;0;0;0;0;0;0;0;0;0;0;0;3226;0;0;95;0;160;0;
19717;8334019;1060196352;21790720;1149681664;0;0;0;0;0;0;0;0;0;0;0;5360;0;0;95;0;160;0;
19718;4505840;1060196352;21790720;1149681664;0;0;0;0;0;0;0;0;0;0;0;4158;0;0;95;0;160;0;
19719;9103553;1060196352;21790720;1149681664;0;0;0;0;0;0;0;0;0;0;0;3306;0;0;95;0;160;0;
19720;5116686;1060196352;21790720;1149681664;0;0;0;0;0;0;0;0;0;0;0;3607;0;0;95;0;160;0;
19721;8424188;1060196352;21790720;1149681664;0;0;0;0;0;0;0;0;0;0;0;3767;0;0;95;0;160;0;
19722;7341458;1060196352;21790720;1149681664;0;0;0;0;0;0;0;0;0;0;0;4138;0;0;95;0;160;0;
19723;8542360;1060196352;21790720;1149681664;0;0;0;0;0;0;0;0;0;0;0;3547;0;0;95;0;160;0;
19724;5776213;1060196352;21790720;1149681664;0;0;0;0;0;0;0;0;0;0;0;2755;0;0;95;0;160;0;
19725;11378269;1060196352;21790720;1149681664;0;0;0;0;0;0;0;0;0;0;0;2815;0;0;95;0;160;0;
19726;6014139;1060196352;21790720;1149681664;0;0;0;0;0;0;0;0;0;0;0;3286;0;0;95;0;160;0;
19727;9340927;1060196352;21790720;1149681664;0;0;0;0;0;0;0;0;0;0;0;3907;0;0;95;0;160;0;
19728;6687862;1060196352;21790720;1149681664;0;0;0;0;0;0;0;0;0;0;0;3286;0;0;95;0;160;0;
19729;8630946;1060196352;21790720;1149681664;0;0;0;0;0;0;0;0;0;0;0;3015;0;0;95;0;160;0;
19730;4036971;1060196352;21790720;1149681664;0;0;0;0;0;0;0;0;0;0;0;4769;0;0;95;0;160;0;
19731;7668712;1060196352;21790720;1149681664;0;0;0;0;0;0;0;0;0;0;0;3817;0;0;95;0;160;0;
19732;4777891;1060196352;21790720;1149681664;0;0;0;0;0;0;0;0;0;0;0;3166;0;0;95;0;160;0;
19733;8703302;1060196352;21790720;1149681664;0;0;0;0;0;0;0;0;0;0;0;3667;0;0;95;0;160;0;
19734;7701603;1060196352;21790720;1149681664;0;0;0;0;0;0;0;0;0;0;0;3617;0;0;95;0;160;0;
19735;7792704;1060196352;21790720;1149681664;0;0;0;0;0;0;0;0;0;0;0;3226;0;0;95;0;160;0;
19736;5009044;1060196352;21790720;1149681664;0;0;0;0;0;0;0;0;0;0;0;3226;0;0;95;0;160;0;
19737;6885293;1060196352;21790720;1149681664;0;0;0;0;0;0;0;0;0;0;0;3286;0;0;95;0;160;0;
19738;5266567;1060196352;21790720;1149681664;0;0;0;0;0;0;0;0;0;0;0;3637;0;0;95;0;160;0;
19739;7917899;1060196352;21790720;1149681664;0;0;0;0;0;0;0;0;0;0;0;3096;0;0;95;0;160;0;
19740;6751382;1060196352;21790720;1149681664;0;0;0;0;0;0;0;0;0;0;0;3567;0;0;95;0;160;0;
19741;7087211;1060196352;21790720;1149681664;0;0;0;0;0;0;0;0;0;0;0;3617;0;0;95;0;160;0;
19742;8393541;1060196352;21790720;1149681664;0;0;0;0;0;0;0;0;0;0;0;3116;0;0;95;0;160;0;
19743;7492451;1060196352;21790720;1149681664;0;0;0;0;0;0;0;0;0;0;0;3407;0;0;95;0;160;0;
19744;8390956;1060196352;21790720;1149681664;0;0;0;0;0;0;0;0;0;0;0;3907;0;0;95;0;160;0;
19745;5393775;1060196352;21790720;1149681664;0;0;0;0;0;0;0;0;0;0;0;2575;0;0;95;0;160;0;
19746;7304719;1060196352;21790720;1149681664;0;0;0;0;0;0;0;0;0;0;0;3556;0;0;95;0;160;0;
19747;5483955;1060196352;21790720;1149681664;0;0;0;0;0;0;0;0;0;0;0;2875;0;0;95;0;160;0;
19748;6898467;1060196352;21790720;1149681664;0;0;0;0;0;0;0;0;0;0;0;5501;0;0;95;0;160;0;
19749;7397804;1060196352;21790720;1149681664;0;0;0;0;0;0;0;0;0;0;0;2925;0;0;95;0;160;0;
19750;7386503;1060196352;21790720;1149681664;0;0;0;0;0;0;0;0;0;0;0;3266;0;0;95;0;160;0;
19751;8083429;1060196352;21790720;1149681664;0;0;0;0;0;0;0;0;0;0;0;4068;0;0;95;0;160;0;
19752;4671260;1060196352;21790720;1149681664;0;0;0;0;0;0;0;0;0;0;0;3567;0;0;95;0;160;0;
19753;7796010;1060196352;21790720;1149681664;0;0;0;0;0;0;0;0;0;0;0;2795;0;0;95;0;160;0;
19754;6847391;1060196352;21790720;1149681664;0;0;0;0;0;0;0;0;0;0;0;3977;0;0;95;0;160;0;
19755;7849150;1060196352;21790720;1149681664;0;0;0;0;0;0;0;0;0;0;0;3537;0;0;95;0;160;0;
19756;8106352;1060196352;21790720;1149681664;0;0;0;0;0;0;0;0;0;0;0;4609;0;0;95;0;160;0;
19757;6235975;1060196352;21790720;1149681664;0;0;0;0;0;0;0;0;0;0;0;2765;0;0;95;0;160;0;
19758;9382686;1060196352;21790720;1149681664;0;0;0;0;0;0;0;0;0;0;0;3908;0;0;95;0;160;0;
19759;10596723;1060196352;21790720;1149681664;0;0;0;0;0;0;0;0;0;0;0;3577;0;0;95;0;160;0;
19760;4939504;1060196352;21790720;1149681664;0;0;0;0;0;0;0;0;0;0;0;3486;0;0;95;0;160;0;
19761;6930798;1060196352;21790720;1149681664;0;0;0;0;0;0;0;0;0;0;0;2324;0;0;95;0;160;0;
19762;4726444;1060196352;21790720;1149681664;0;0;0;0;0;0;0;0;0;0;0;3146;0;0;95;0;160;0;
19763;8767602;1063436288;27267072;1155158016;0;0;0;0;0;0;0;0;0;0;0;3286;0;0;95;0;160;0;
19764;3698767;1063436288;27267072;1155158016;0;0;0;0;0;0;0;0;0;0;0;3867;0;0;95;0;160;0;
19765;7945892;1063436288;27267072;1155158016;0;0;0;0;0;0;0;0;0;0;0;3637;0;0;95;0;160;0;
19766;3457565;1063436288;27267072;1155158016;0;0;0;0;0;0;0;0;0;0;0;3196;0;0;95;0;160;0;
19767;8411925;1063436288;27267072;1155158016;0;0;0;0;0;0;0;0;0;0;0;2184;0;0;95;0;160;0;
19768;4920077;1063436288;27267072;1155158016;0;0;0;0;0;0;0;0;0;0;0;2996;0;0;95;0;160;0;
19769;8567157;1063436288;27267072;1155158016;0;0;0;0;0;0;0;0;0;0;0;4268;0;0;95;0;160;0;
19770;4705174;1063436288;27267072;1155158016;0;0;0;0;0;0;0;0;0;0;0;7815;0;0;95;0;160;0;
19771;8329551;1063436288;27267072;1155158016;0;0;0;0;0;0;0;0;0;0;0;3406;0;0;95;0;160;0;
19772;7130412;1060163584;20680704;1148571648;0;0;0;0;0;0;0;0;0;0;0;3687;0;0;95;0;160;0;
19773;5719326;1060163584;20680704;1148571648;0;0;0;0;0;0;0;0;0;0;0;3056;0;0;95;0;160;0;
19774;7485298;1060163584;20680704;1148571648;0;0;0;0;0;0;0;0;0;0;0;2976;0;0;95;0;160;0;
19775;8249632;1060163584;20680704;1148571648;0;0;0;0;0;0;0;0;0;0;0;3186;0;0;95;0;160;0;
19776;4981652;1060163584;20680704;1148571648;0;0;0;0;0;0;0;0;0;0;0;2805;0;0;95;0;160;0;
19777;7076020;1060163584;20680704;1148571648;0;0;0;0;0;0;0;0;0;0;0;3426;0;0;95;0;160;0;
19778;5708276;1060163584;20680704;1148571648;0;0;0;0;0;0;0;0;0;0;0;3807;0;0;95;0;160;0;
19779;6869543;1060163584;20680704;1148571648;0;0;0;0;0;0;0;0;0;0;0;4629;0;0;95;0;160;0;
19780;5209049;1060163584;20680704;1148571648;0;0;0;0;0;0;0;0;0;0;0;3627;0;0;95;0;160;0;
19781;7487753;1060163584;20680704;1148571648;0;0;0;0;0;0;0;0;0;0;0;3947;0;0;95;0;160;0;
19782;5419053;1060163584;20680704;1148571648;0;0;0;0;0;0;0;0;0;0;0;3707;0;0;95;0;160;0;
19783;7654334;1060163584;20680704;1148571648;0;0;0;0;0;0;0;0;0;0;0;3135;0;0;95;0;160;0;
19784;4693883;1060163584;20680704;1148571648;0;0;0;0;0;0;0;0;0;0;0;3546;0;0;95;0;160;0;
19785;7871572;1060163584;20680704;1148571648;0;0;0;0;0;0;0;0;0;0;0;4278;0;0;95;0;160;0;
19786;6561164;1060163584;20680704;1148571648;0;0;0;0;0;0;0;0;0;0;0;3897;0;0;95;0;160;0;
19787;8773042;1063604224;27267072;1155158016;0;0;0;0;0;0;0;0;0;0;0;3336;0;0;95;0;160;0;
19788;5388175;1063604224;27267072;1155158016;0;0;0;0;0;0;0;0;0;0;0;2735;0;0;95;0;160;0;
19789;6183656;1063604224;27267072;1155158016;0;0;0;0;0;0;0;0;0;0;0;3226;0;0;95;0;160;0;
19790;7331609;1063604224;27267072;1155158016;0;0;0;0;0;0;0;0;0;0;0;4088;0;0;95;0;160;0;
19791;6804672;1063604224;27267072;1155158016;0;0;0;0;0;0;0;0;0;0;0;3206;0;0;95;0;160;0;
19792;5949267;1063604224;27267072;1155158016;0;0;0;0;0;0;0;0;0;0;0;3626;0;0;95;0;160;0;
19793;6935326;1063604224;27267072;1155158016;0;0;0;0;0;0;0;0;0;0;0;2525;0;0;95;0;160;0;
19794;5391341;1063604224;27267072;1155158016;0;0;0;0;0;0;0;0;0;0;0;2976;0;0;95;0;160;0;
19795;6855216;1063604224;27267072;1155158016;0;0;0;0;0;0;0;0;0;0;0;2274;0;0;95;0;160;0;
19796;6024267;1060167680;20680704;1148571648;0;0;0;0;0;0;0;0;0;0;0;2875;0;0;95;0;160;0;
19797;6808529;1060167680;20680704;1148571648;0;0;0;0;0;0;0;0;0;0;0;2354;0;0;95;0;160;0;
19798;5643574;1060167680;20680704;1148571648;0;0;0;0;0;0;0;0;0;0;0;3486;0;0;95;0;160;0;
19799;6668526;1060167680;20680704;1148571648;0;0;0;0;0;0;0;0;0;0;0;3547;0;0;95;0;160;0;
19800;4871235;1060167680;20680704;1148571648;0;0;0;0;0;0;0;0;0;0;0;2915;0;0;95;0;160;0;
19801;7390971;1060167680;20680704;1148571648;0;0;0;0;0;0;0;0;0;0;0;4098;0;0;95;0;160;0;
19802;6249400;1060167680;20680704;1148571648;0;0;0;0;0;0;0;0;0;0;0;2634;0;0;95;0;160;0;
19803;7618658;1060167680;20680704;1148571648;0;0;0;0;0;0;0;0;0;0;0;3987;0;0;95;0;160;0;
19804;4423376;1060167680;20680704;1148571648;0;0;0;0;0;0;0;0;0;0;0;2405;0;0;95;0;160;0;
19805;7859009;1060167680;20680704;1148571648;0;0;0;0;0;0;0;0;0;0;0;4498;0;0;95;0;160;0;
19806;4208232;1060167680;20680704;1148571648;0;0;0;0;0;0;0;0;0;0;0;4589;0;0;95;0;160;0;
19807;6556626;1060167680;20680704;1148571648;0;0;0;0;0;0;0;0;0;0;0;2504;0;0;95;0;160;0;
19808;3528798;1060167680;20680704;1148571648;0;0;0;0;0;0;0;0;0;0;0;3236;0;0;95;0;160;0;
19809;5284741;1060167680;20680704;1148571648;0;0;0;0;0;0;0;0;0;0;0;2735;0;0;95;0;160;0;
19810;4284385;1060167680;20680704;1148571648;0;0;0;0;0;0;0;0;0;0;0;3146;0;0;95;0;160;0;
19811;5602898;1063608320;27267072;1155158016;0;0;0;0;0;0;0;0;0;0;0;2725;0;0;95;0;160;0;
19812;6044005;1063608320;27267072;1155158016;0;0;0;0;0;0;0;0;0;0;0;2986;0;0;95;0;160;0;
19813;5138907;1063608320;27267072;1155158016;0;0;0;0;0;0;0;0;0;0;0;2675;0;0;95;0;160;0;
19814;4906943;1063608320;27267072;1155158016;0;0;0;0;0;0;0;0;0;0;0;2965;0;0;95;0;160;0;
19815;4912703;1063608320;27267072;1155158016;0;0;0;0;0;0;0;0;0;0;0;2404;0;0;95;0;160;0;
19816;5185475;1063608320;27267072;1155158016;0;0;0;0;0;0;0;0;0;0;0;4178;0;0;95;0;160;0;
19817;5162040;1063608320;27267072;1155158016;0;0;0;0;0;0;0;0;0;0;0;2545;0;0;95;0;160;0;
19818;5153915;1063608320;27267072;1155158016;0;0;0;0;0;0;0;0;0;0;0;3646;0;0;95;0;160;0;
19819;5724806;1063608320;27267072;1155158016;0;0;0;0;0;0;0;0;0;0;0;3316;0;0;95;0;160;0;
19820;4676099;1060171776;20680704;1148571648;0;0;0;0;0;0;0;0;0;0;0;3466;0;0;95;0;160;0;
19821;5575516;1060171776;20680704;1148571648;0;0;0;0;0;0;0;0;0;0;0;2384;0;0;95;0;160;0;
19822;5411067;1060171776;20680704;1148571648;0;0;0;0;0;0;0;0;0;0;0;3336;0;0;95;0;160;0;
19823;5104032;1060171776;20680704;1148571648;0;0;0;0;0;0;0;0;0;0;0;1953;0;0;95;0;160;0;
19824;6131429;1060171776;20680704;1148571648;0;0;0;0;0;0;0;0;0;0;0;3076;0;0;95;0;160;0;
19825;5432248;1060171776;20680704;1148571648;0;0;0;0;0;0;0;0;0;0;0;1903;0;0;95;0;160;0;
19826;5890708;1060171776;20680704;1148571648;0;0;0;0;0;0;0;0;0;0;0;3126;0;0;95;0;160;0;
19827;5510074;1060171776;20680704;1148571648;0;0;0;0;0;0;0;0;0;0;0;2134;0;0;95;0;160;0;
19828;5391130;1060171776;20680704;1148571648;0;0;0;0;0;0;0;0;0;0;0;3837;0;0;95;0;160;0;
19829;6677372;1060171776;20680704;1148571648;0;0;0;0;0;0;0;0;0;0;0;2114;0;0;95;0;160;0;
19830;4401485;1060171776;20680704;1148571648;0;0;0;0;0;0;0;0;0;0;0;3286;0;0;95;0;160;0;
19831;6748947;1060171776;20680704;1148571648;0;0;0;0;0;0;0;0;0;0;0;2585;0;0;95;0;160;0;
19832;4505299;1060171776;20680704;1148571648;0;0;0;0;0;0;0;0;0;0;0;3186;0;0;95;0;160;0;
19833;6586121;1060171776;20680704;1148571648;0;0;0;0;0;0;0;0;0;0;0;2565;0;0;95;0;160;0;
19834;5699749;1060171776;20680704;1148571648;0;0;0;0;0;0;0;0;0;0;0;3005;0;0;95;0;160;0;
19835;6833345;1060171776;20680704;1148571648;0;0;0;0;0;0;0;0;0;0;0;4088;0;0;95;0;160;0;
19836;3667918;1060171776;20680704;1148571648;0;0;0;0;0;0;0;0;0;0;0;2525;0;0;95;0;160;0;
19837;6600478;1060171776;20680704;1148571648;0;0;0;0;0;0;0;0;0;0;0;3828;0;0;95;0;160;0;
19838;3755924;1060171776;20680704;1148571648;0;0;0;0;0;0;0;0;0;0;0;2976;0;0;95;0;160;0;
19839;6148902;1060171776;20680704;1148571648;0;0;0;0;0;0;0;0;0;0;0;3136;0;0;95;0;160;0;
19840;5032979;1060171776;20680704;1148571648;0;0;0;0;0;0;0;0;0;0;0;3466;0;0;95;0;160;0;
19841;7642914;1060171776;20680704;1148571648;0;0;0;0;0;0;0;0;0;0;0;3537;0;0;95;0;160;0;
19842;3927265;1060171776;20680704;1148571648;0;0;0;0;0;0;0;0;0;0;0;4619;0;0;95;0;160;0;
19843;7085588;1060171776;20680704;1148571648;0;0;0;0;0;0;0;0;0;0;0;2114;0;0;95;0;160;0;
19844;3345784;1060171776;20680704;1148571648;0;0;0;0;0;0;0;0;0;0;0;3386;0;0;95;0;160;0;
19845;8406215;1060171776;20680704;1148571648;0;0;0;0;0;0;0;0;0;0;0;3437;0;0;95;0;160;0;
19846;6742044;1060171776;20680704;1148571648;0;0;0;0;0;0;0;0;0;0;0;3877;0;0;95;0;160;0;
19847;6966215;1060171776;20680704;1148571648;0;0;0;0;0;0;0;0;0;0;0;2655;0;0;95;0;160;0;
19848;5347269;1060171776;20680704;1148571648;0;0;0;0;0;0;0;0;0;0;0;2846;0;0;95;0;160;0;
19849;5466612;1060171776;20680704;1148571648;0;0;0;0;0;0;0;0;0;0;0;2234;0;0;95;0;160;0;
19850;15070002;1060171776;20680704;1148571648;0;0;0;0;0;0;0;0;0;0;0;3296;0;0;95;0;160;0;
19851;7740686;1060171776;20680704;1148571648;0;0;0;0;0;0;0;0;0;0;0;4168;0;0;95;0;160;0;
19852;6642577;1060171776;20680704;1148571648;0;0;0;0;0;0;0;0;0;0;0;3887;0;0;95;0;160;0;
19853;7132947;1060171776;20680704;1148571648;0;0;0;0;0;0;0;0;0;0;0;2584;0;0;95;0;160;0;
19854;5951972;1060171776;20680704;1148571648;0;0;0;0;0;0;0;0;0;0;0;3476;0;0;95;0;160;0;
19855;6374224;1060171776;20680704;1148571648;0;0;0;0;0;0;0;0;0;0;0;2695;0;0;95;0;160;0;
19856;6141417;1060171776;20680704;1148571648;0;0;0;0;0;0;0;0;0;0;0;3878;0;0;95;0;160;0;
19857;9051745;1060171776;20680704;1148571648;0;0;0;0;0;0;0;0;0;0;0;3367;0;0;95;0;160;0;
19858;8205118;1060171776;20680704;1148571648;0;0;0;0;0;0;0;0;0;0;0;3045;0;0;95;0;160;0;
19859;9246801;1060171776;20680704;1148571648;0;0;0;0;0;0;0;0;0;0;0;2555;0;0;95;0;160;0;
19860;5157843;1060171776;20680704;1148571648;0;0;0;0;0;0;0;0;0;0;0;2825;0;0;95;0;160;0;
19861;5310269;1060171776;20680704;1148571648;0;0;0;0;0;0;0;0;0;0;0;2074;0;0;95;0;160;0;
19862;6320333;1060171776;20680704;1148571648;0;0;0;0;0;0;0;0;0;0;0;3256;0;0;95;0;160;0;
19863;6749047;1060171776;20680704;1148571648;0;0;0;0;0;0;0;0;0;0;0;2224;0;0;95;0;160;0;
19864;7143207;1060171776;20680704;1148571648;0;0;0;0;0;0;0;0;0;0;0;2675;0;0;95;0;160;0;
19865;6317067;1060171776;20680704;1148571648;0;0;0;0;0;0;0;0;0;0;0;3066;0;0;95;0;160;0;
19866;5432939;1060171776;20680704;1148571648;0;0;0;0;0;0;0;0;0;0;0;2785;0;0;95;0;160;0;
19867;6783532;1060171776;20680704;1148571648;0;0;0;0;0;0;0;0;0;0;0;2605;0;0;95;0;160;0;
19868;4760327;1060171776;20680704;1148571648;0;0;0;0;0;0;0;0;0;0;0;3056;0;0;95;0;160;0;
19869;8940066;1060171776;20680704;1148571648;0;0;0;0;0;0;0;0;0;0;0;2635;0;0;95;0;160;0;
19870;4531308;1060171776;20680704;1148571648;0;0;0;0;0;0;0;0;0;0;0;3576;0;0;95;0;160;0;
19871;6492416;1060171776;20680704;1148571648;0;0;0;0;0;0;0;0;0;0;0;2725;0;0;95;0;160;0;
19872;6934525;1060171776;20680704;1148571648;0;0;0;0;0;0;0;0;0;0;0;3176;0;0;95;0;160;0;
19873;7435625;1060171776;20680704;1148571648;0;0;0;0;0;0;0;0;0;0;0;3697;0;0;95;0;160;0;
19874;5002742;1060171776;20680704;1148571648;0;0;0;0;0;0;0;0;0;0;0;3186;0;0;95;0;160;0;
19875;8526240;1060171776;20680704;1148571648;0;0;0;0;0;0;0;0;0;0;0;3396;0;0;95;0;160;0;
19876;6030209;1060171776;20680704;1148571648;0;0;0;0;0;0;0;0;0;0;0;4478;0;0;95;0;160;0;
19877;7304859;1060171776;20680704;1148571648;0;0;0;0;0;0;0;0;0;0;0;3196;0;0;95;0;160;0;
19878;6538191;1060171776;20680704;1148571648;0;0;0;0;0;0;0;0;0;0;0;2915;0;0;95;0;160;0;
19879;7169515;1060171776;20680704;1148571648;0;0;0;0;0;0;0;0;0;0;0;2013;0;0;95;0;160;0;
19880;4997191;1060171776;20680704;1148571648;0;0;0;0;0;0;0;0;0;0;0;2845;0;0;95;0;160;0;
19881;7180407;1060171776;20680704;1148571648;0;0;0;0;0;0;0;0;0;0;0;2334;0;0;95;0;160;0;
19882;5196796;1060171776;20680704;1148571648;0;0;0;0;0;0;0;0;0;0;0;2956;0;0;95;0;160;0;
19883;6276541;1060171776;20680704;1148571648;0;0;0;0;0;0;0;0;0;0;0;2675;0;0;95;0;160;0;
19884;4675629;1060171776;20680704;1148571648;0;0;0;0;0;0;0;0;0;0;0;2785;0;0;95;0;160;0;
19885;7376334;1060171776;20680704;1148571648;0;0;0;0;0;0;0;0;0;0;0;3807;0;0;95;0;160;0;
19886;3768508;1060171776;20680704;1148571648;0;0;0;0;0;0;0;0;0;0;0;3527;0;0;95;0;160;0;
19887;9455493;1063612416;27267072;1155158016;0;0;0;0;0;0;0;0;0;0;0;3656;0;0;95;0;160;0;
19888;4241905;1063612416;27267072;1155158016;0;0;0;0;0;0;0;0;0;0;0;2605;0;0;95;0;160;0;
19889;7428412;1063612416;27267072;1155158016;0;0;0;0;0;0;0;0;0;0;0;3226;0;0;95;0;160;0;
19890;4971694;1063612416;27267072;1155158016;0;0;0;0;0;0;0;0;0;0;0;3196;0;0;95;0;160;0;
19891;7011148;1063612416;27267072;1155158016;0;0;0;0;0;0;0;0;0;0;0;3777;0;0;95;0;160;0;
19892;5669583;1063612416;27267072;1155158016;0;0;0;0;0;0;0;0;0;0;0;3467;0;0;95;0;160;0;
19893;7034171;1063612416;27267072;1155158016;0;0;0;0;0;0;0;0;0;0;0;3166;0;0;95;0;160;0;
19894;4139092;1063612416;27267072;1155158016;0;0;0;0;0;0;0;0;0;0;0;2575;0;0;95;0;160;0;
19895;6134935;1063612416;27267072;1155158016;0;0;0;0;0;0;0;0;0;0;0;1954;0;0;95;0;160;0;
19896;5030975;1063612416;27267072;1155158016;0;0;0;0;0;0;0;0;0;0;0;2665;0;0;95;0;160;0;
19897;5422579;1063612416;27267072;1155158016;0;0;0;0;0;0;0;0;0;0;0;2004;0;0;95;0;160;0;
19898;6036841;1063612416;27267072;1155158016;0;0;0;0;0;0;0;0;0;0;0;3907;0;0;95;0;160;0;
19899;6439707;1063612416;27267072;1155158016;0;0;0;0;0;0;0;0;0;0;0;2585;0;0;95;0;160;0;
19900;4925357;1063612416;27267072;1155158016;0;0;0;0;0;0;0;0;0;0;0;3657;0;0;95;0;160;0;
19901;5464007;1063612416;27267072;1155158016;0;0;0;0;0;0;0;0;0;0;0;2344;0;0;95;0;160;0;
19902;5873966;1063657472;25251840;1153142784;0;0;0;0;0;0;0;0;0;0;0;180489;0;0;95;0;160;0;
19903;6001465;1068384256;38334464;1166225408;0;0;0;0;0;0;0;0;0;0;0;2885;0;0;95;0;160;0;
19904;5734464;1068384256;38334464;1166225408;0;0;0;0;0;0;0;0;0;0;0;3737;0;0;95;0;160;0;
19905;5268911;1072578560;38334464;1166225408;0;0;0;0;0;0;0;0;0;0;0;2956;0;0;95;0;160;0;
19906;4108575;1072578560;38334464;1166225408;0;0;0;0;0;0;0;0;0;0;0;3897;0;0;95;0;160;0;
19907;6119146;1072578560;38334464;1166225408;0;0;0;0;0;0;0;0;0;0;0;3196;0;0;95;0;160;0;
19908;4972385;1072578560;38334464;1166225408;0;0;0;0;0;0;0;0;0;0;0;3667;0;0;95;0;160;0;
19909;5179223;1072578560;38334464;1166225408;0;0;0;0;0;0;0;0;0;0;0;2745;0;0;95;0;160;0;
19910;7755935;1072578560;38334464;1166225408;0;0;0;0;0;0;0;0;0;0;0;3557;0;0;95;0;160;0;
19911;5085417;1072578560;38334464;1166225408;0;0;0;0;0;0;0;0;0;0;0;2394;0;0;95;0;160;0;
19912;5935441;1072578560;38334464;1166225408;0;0;0;0;0;0;0;0;0;0;0;3386;0;0;95;0;160;0;
19913;6303812;1072578560;38334464;1166225408;0;0;0;0;0;0;0;0;0;0;0;2094;0;0;95;0;160;0;
19914;5577950;1072578560;38334464;1166225408;0;0;0;0;0;0;0;0;0;0;0;2675;0;0;95;0;160;0;
19915;6716987;1072578560;38334464;1166225408;0;0;0;0;0;0;0;0;0;0;0;1933;0;0;95;0;160;0;
19916;5698887;1072578560;38334464;1166225408;0;0;0;0;0;0;0;0;0;0;0;4018;0;0;95;0;160;0;
19917;6766660;1072578560;38334464;1166225408;0;0;0;0;0;0;0;0;0;0;0;2134;0;0;95;0;160;0;
19918;5830545;1069219840;34873344;1162764288;0;0;0;0;0;0;0;0;0;0;0;3436;0;0;95;0;160;0;
19919;5544298;1069219840;34873344;1162764288;0;0;0;0;0;0;0;0;0;0;0;2535;0;0;95;0;160;0;
19920;6443413;1069219840;34873344;1162764288;0;0;0;0;0;0;0;0;0;0;0;3266;0;0;95;0;160;0;
19921;7526926;1069219840;34873344;1162764288;0;0;0;0;0;0;0;0;0;0;0;2595;0;0;95;0;160;0;
19922;5542405;1069219840;34873344;1162764288;0;0;0;0;0;0;0;0;0;0;0;3196;0;0;95;0;160;0;
19923;7767527;1069219840;34873344;1162764288;0;0;0;0;0;0;0;0;0;0;0;3466;0;0;95;0;160;0;
19924;5429622;1069219840;34873344;1162764288;0;0;0;0;0;0;0;0;0;0;0;4238;0;0;95;0;160;0;
19925;6711597;1069219840;34873344;1162764288;0;0;0;0;0;0;0;0;0;0;0;3407;0;0;95;0;160;0;
19926;5374029;1069219840;34873344;1162764288;0;0;0;0;0;0;0;0;0;0;0;3336;0;0;95;0;160;0;
19927;7694891;1071316992;34873344;1162764288;0;0;0;0;0;0;0;0;0;0;0;3326;0;0;95;0;160;0;
19928;5825666;1071316992;34873344;1162764288;0;0;0;0;0;0;0;0;0;0;0;3577;0;0;95;0;160;0;
19929;9650188;1071316992;34877440;1162768384;0;0;0;0;0;0;0;0;0;0;0;3507;0;0;95;0;160;0;
19930;5706422;1071316992;34881536;1162772480;0;0;0;0;0;0;0;0;0;0;0;3767;0;0;95;0;160;0;
19931;7031757;1071316992;34881536;1162772480;0;0;0;0;0;0;0;0;0;0;0;2855;0;0;95;0;160;0;
19932;4320382;1071316992;34881536;1162772480;0;0;0;0;0;0;0;0;0;0;0;3947;0;0;95;0;160;0;
19933;6737867;1071316992;34881536;1162772480;0;0;0;0;0;0;0;0;0;0;0;3677;0;0;95;0;160;0;
19934;6092836;1071316992;34881536;1162772480;0;0;0;0;0;0;0;0;0;0;0;2564;0;0;95;0;160;0;
19935;5006600;1071316992;34881536;1162772480;0;0;0;0;0;0;0;0;0;0;0;3997;0;0;95;0;160;0;
19936;5920814;1071316992;34873344;1162764288;0;0;0;0;0;0;0;0;0;0;0;3046;0;0;95;0;160;0;
19937;7320158;1071316992;34873344;1162764288;0;0;0;0;0;0;0;0;0;0;0;3858;0;0;95;0;160;0;
19938;5038930;1071316992;34873344;1162764288;0;0;0;0;0;0;0;0;0;0;0;3196;0;0;95;0;160;0;
19939;7546032;1071316992;34873344;1162764288;0;0;0;0;0;0;0;0;0;0;0;3316;0;0;95;0;160;0;
19940;5601365;1071316992;34873344;1162764288;0;0;0;0;0;0;0;0;0;0;0;3747;0;0;95;0;160;0;
19941;5795990;1071316992;34873344;1162764288;0;0;0;0;0;0;0;0;0;0;0;2304;0;0;95;0;160;0;
19942;5719517;1071316992;34873344;1162764288;0;0;0;0;0;0;0;0;0;0;0;2916;0;0;95;0;160;0;
19943;7235029;1071316992;34873344;1162764288;0;0;0;0;0;0;0;0;0;0;0;3357;0;0;95;0;160;0;
19944;5461502;1071316992;34873344;1162764288;0;0;0;0;0;0;0;0;0;0;0;3016;0;0;95;0;160;0;
19945;7403124;1071316992;34873344;1162764288;0;0;0;0;0;0;0;0;0;0;0;3547;0;0;95;0;160;0;
19946;4214203;1071316992;34873344;1162764288;0;0;0;0;0;0;0;0;0;0;0;5130;0;0;95;0;160;0;
19947;8007708;1071316992;34873344;1162764288;0;0;0;0;0;0;0;0;0;0;0;3507;0;0;95;0;160;0;
19948;4319741;1071316992;34873344;1162764288;0;0;0;0;0;0;0;0;0;0;0;3627;0;0;95;0;160;0;
19949;7743342;1071316992;34873344;1162764288;0;0;0;0;0;0;0;0;0;0;0;4018;0;0;95;0;160;0;
19950;4304372;1071316992;34873344;1162764288;0;0;0;0;0;0;0;0;0;0;0;4048;0;0;95;0;160;0;
19951;7913130;1071316992;34873344;1162764288;0;0;0;0;0;0;0;0;0;0;0;3016;0;0;95;0;160;0;
19952;4807155;1071316992;34873344;1162764288;0;0;0;0;0;0;0;0;0;0;0;3036;0;0;95;0;160;0;
19953;7882693;1071316992;34873344;1162764288;0;0;0;0;0;0;0;0;0;0;0;4388;0;0;95;0;160;0;
19954;5398254;1071316992;34873344;1162764288;0;0;0;0;0;0;0;0;0;0;0;3697;0;0;95;0;160;0;
19955;8212351;1071316992;34873344;1162764288;0;0;0;0;0;0;0;0;0;0;0;3035;0;0;95;0;160;0;
19956;4516490;1071316992;34873344;1162764288;0;0;0;0;0;0;0;0;0;0;0;3347;0;0;95;0;160;0;
19957;7150530;1071316992;34873344;1162764288;0;0;0;0;0;0;0;0;0;0;0;3477;0;0;95;0;160;0;
19958;5471591;1071316992;34873344;1162764288;0;0;0;0;0;0;0;0;0;0;0;3367;0;0;95;0;160;0;
19959;7662450;1071316992;34873344;1162764288;0;0;0;0;0;0;0;0;0;0;0;3968;0;0;95;0;160;0;
19960;5262088;1071316992;34873344;1162764288;0;0;0;0;0;0;0;0;0;0;0;4187;0;0;95;0;160;0;
19961;6354918;1071316992;34873344;1162764288;0;0;0;0;0;0;0;0;0;0;0;2725;0;0;95;0;160;0;
19962;5027829;1071316992;34873344;1162764288;0;0;0;0;0;0;0;0;0;0;0;2875;0;0;95;0;160;0;
19963;8206180;1071316992;34873344;1162764288;0;0;0;0;0;0;0;0;0;0;0;2685;0;0;95;0;160;0;
19964;6894830;1071316992;34873344;1162764288;0;0;0;0;0;0;0;0;0;0;0;4248;0;0;95;0;160;0;
19965;8396877;1071316992;34873344;1162764288;0;0;0;0;0;0;0;0;0;0;0;4088;0;0;95;0;160;0;
19966;5754362;1071316992;34873344;1162764288;0;0;0;0;0;0;0;0;0;0;0;4288;0;0;95;0;160;0;
19967;5555910;1071316992;34873344;1162764288;0;0;0;0;0;0;0;0;0;0;0;2785;0;0;95;0;160;0;
19968;3742449;1071316992;34873344;1162764288;0;0;0;0;0;0;0;0;0;0;0;3477;0;0;95;0;160;0;
19969;5416308;1071316992;34873344;1162764288;0;0;0;0;0;0;0;0;0;0;0;1974;0;0;95;0;160;0;
19970;4901242;1071316992;34873344;1162764288;0;0;0;0;0;0;0;0;0;0;0;3336;0;0;95;0;160;0;
19971;7411259;1071316992;34873344;1162764288;0;0;0;0;0;0;0;0;0;0;0;3456;0;0;95;0;160;0;
19972;5804165;1071316992;34873344;1162764288;0;0;0;0;0;0;0;0;0;0;0;3847;0;0;95;0;160;0;
19973;7178362;1071316992;34873344;1162764288;0;0;0;0;0;0;0;0;0;0;0;1873;0;0;95;0;160;0;
19974;5008894;1071316992;34873344;1162764288;0;0;0;0;0;0;0;0;0;0;0;3006;0;0;95;0;160;0;
19975;6726475;1073414144;34873344;1162764288;0;0;0;0;0;0;0;0;0;0;0;2975;0;0;95;0;160;0;
19976;5310159;1073414144;34873344;1162764288;0;0;0;0;0;0;0;0;0;0;0;3266;0;0;95;0;160;0;
19977;7770612;1073414144;34873344;1162764288;0;0;0;0;0;0;0;0;0;0;0;2464;0;0;95;0;160;0;
19978;3465238;1073414144;34873344;1162764288;0;0;0;0;0;0;0;0;0;0;0;2545;0;0;95;0;160;0;
19979;6969721;1073414144;34873344;1162764288;0;0;0;0;0;0;0;0;0;0;0;3397;0;0;95;0;160;0;
19980;4114937;1073414144;34873344;1162764288;0;0;0;0;0;0;0;0;0;0;0;2936;0;0;95;0;160;0;
19981;7127677;1073414144;34873344;1162764288;0;0;0;0;0;0;0;0;0;0;0;3737;0;0;95;0;160;0;
19982;4814248;1073414144;34873344;1162764288;0;0;0;0;0;0;0;0;0;0;0;3616;0;0;95;0;160;0;
19983;6520047;1073414144;34873344;1162764288;0;0;0;0;0;0;0;0;0;0;0;2465;0;0;95;0;160;0;
19984;5073144;1073414144;34873344;1162764288;0;0;0;0;0;0;0;0;0;0;0;4198;0;0;95;0;160;0;
19985;7293618;1073414144;34873344;1162764288;0;0;0;0;0;0;0;0;0;0;0;3436;0;0;95;0;160;0;
19986;4890442;1073414144;34873344;1162764288;0;0;0;0;0;0;0;0;0;0;0;4278;0;0;95;0;160;0;
19987;5423482;1073414144;34873344;1162764288;0;0;0;0;0;0;0;0;0;0;0;2895;0;0;95;0;160;0;
19988;5821628;1073414144;34873344;1162764288;0;0;0;0;0;0;0;0;0;0;0;2725;0;0;95;0;160;0;
19989;6238550;1073414144;34873344;1162764288;0;0;0;0;0;0;0;0;0;0;0;3366;0;0;95;0;160;0;
19990;6075093;1073414144;34873344;1162764288;0;0;0;0;0;0;0;0;0;0;0;3257;0;0;95;0;160;0;
19991;6917543;1073414144;34873344;1162764288;0;0;0;0;0;0;0;0;0;0;0;3597;0;0;95;0;160;0;
19992;6414460;1073414144;34873344;1162764288;0;0;0;0;0;0;0;0;0;0;0;3547;0;0;95;0;160;0;
19993;6063311;1073414144;34873344;1162764288;0;0;0;0;0;0;0;0;0;0;0;2235;0;0;95;0;160;0;
19994;5497400;1073414144;34873344;1162764288;0;0;0;0;0;0;0;0;0;0;0;2485;0;0;95;0;160;0;
19995;5639677;1073414144;34873344;1162764288;0;0;0;0;0;0;0;0;0;0;0;2134;0;0;95;0;160;0;
19996;5340836;1073414144;34873344;1162764288;0;0;0;0;0;0;0;0;0;0;0;3817;0;0;95;0;160;0;
19997;4635343;1073414144;34873344;1162764288;0;0;0;0;0;0;0;0;0;0;0;2214;0;0;95;0;160;0;
19998;4049895;1073414144;34873344;1162764288;0;0;0;0;0;0;0;0;0;0;0;3166;0;0;95;0;160;0;
19999;6232097;1073414144;34873344;1162764288;0;0;0;0;0;0;0;0;0;0;0;2715;0;0;95;0;160;0;
20000;4742454;1073414144;34873344;1162764288;0;0;0;0;0;0;0;0;0;0;0;3086;0;0;95;0;160;0;
20001;7118219;1073414144;34873344;1162764288;0;0;0;0;0;0;0;0;0;0;0;2444;0;0;95;0;160;0;
20002;4927050;1073414144;34873344;1162764288;0;0;0;0;0;0;0;0;0;0;0;3407;0;0;95;0;160;0;
20003;6179579;1073414144;34873344;1162764288;0;0;0;0;0;0;0;0;0;0;0;2365;0;0;95;0;160;0;
20004;5722061;1073414144;34873344;1162764288;0;0;0;0;0;0;0;0;0;0;0;3597;0;0;95;0;160;0;
20005;7038951;1073414144;34873344;1162764288;0;0;0;0;0;0;0;0;0;0;0;2034;0;0;95;0;160;0;
20006;4079661;1073414144;34873344;1162764288;0;0;0;0;0;0;0;0;0;0;0;3527;0;0;95;0;160;0;
20007;7027689;1073414144;34873344;1162764288;0;0;0;0;0;0;0;0;0;0;0;2444;0;0;95;0;160;0;
20008;4480552;1073414144;34873344;1162764288;0;0;0;0;0;0;0;0;0;0;0;3507;0;0;95;0;160;0;
20009;5740516;1073414144;34873344;1162764288;0;0;0;0;0;0;0;0;0;0;0;2715;0;0;95;0;160;0;
20010;3890736;1073414144;34873344;1162764288;0;0;0;0;0;0;0;0;0;0;0;3616;0;0;95;0;160;0;
20011;8699445;1073414144;34873344;1162764288;0;0;0;0;0;0;0;0;0;0;0;3226;0;0;95;0;160;0;
20012;10837985;1073414144;34873344;1162764288;0;0;0;0;0;0;0;0;0;0;0;3787;0;0;95;0;160;0;
20013;5828922;1073414144;34873344;1162764288;0;0;0;0;0;0;0;0;0;0;0;2285;0;0;95;0;160;0;
20014;4153910;1073414144;34873344;1162764288;0;0;0;0;0;0;0;0;0;0;0;2635;0;0;95;0;160;0;
20015;7405458;1073414144;34873344;1162764288;0;0;0;0;0;0;0;0;0;0;0;2454;0;0;95;0;160;0;
20016;4371879;1073414144;34873344;1162764288;0;0;0;0;0;0;0;0;0;0;0;2946;0;0;95;0;160;0;
20017;7255828;1073414144;34873344;1162764288;0;0;0;0;0;0;0;0;0;0;0;2685;0;0;95;0;160;0;
20018;5204981;1073414144;34873344;1162764288;0;0;0;0;0;0;0;0;0;0;0;3696;0;0;95;0;160;0;
20019;7336499;1073414144;34873344;1162764288;0;0;0;0;0;0;0;0;0;0;0;2555;0;0;95;0;160;0;
20020;4438804;1073414144;34873344;1162764288;0;0;0;0;0;0;0;0;0;0;0;3135;0;0;95;0;160;0;
20021;6552979;1073414144;34873344;1162764288;0;0;0;0;0;0;0;0;0;0;0;3887;0;0;95;0;160;0;
20022;3563613;1073414144;34873344;1162764288;0;0;0;0;0;0;0;0;0;0;0;2394;0;0;95;0;160;0;
20023;6157007;1073414144;34873344;1162764288;0;0;0;0;0;0;0;0;0;0;0;2555;0;0;95;0;160;0;
20024;4435318;1073414144;34873344;1162764288;0;0;0;0;0;0;0;0;0;0;0;3646;0;0;95;0;160;0;
20025;6239331;1073414144;34873344;1162764288;0;0;0;0;0;0;0;0;0;0;0;2856;0;0;95;0;160;0;
20026;4424097;1073414144;34873344;1162764288;0;0;0;0;0;0;0;0;0;0;0;3456;0;0;95;0;160;0;
20027;6391156;1073414144;34873344;1162764288;0;0;0;0;0;0;0;0;0;0;0;2675;0;0;95;0;160;0;
20028;5066371;1073414144;34873344;1162764288;0;0;0;0;0;0;0;0;0;0;0;3276;0;0;95;0;160;0;
20029;5257530;1073414144;34873344;1162764288;0;0;0;0;0;0;0;0;0;0;0;2695;0;0;95;0;160;0;
20030;4049605;1073414144;34873344;1162764288;0;0;0;0;0;0;0;0;0;0;0;3587;0;0;95;0;160;0;
20031;6404470;1073414144;34873344;1162764288;0;0;0;0;0;0;0;0;0;0;0;2445;0;0;95;0;160;0;
20032;4761911;1073414144;34873344;1162764288;0;0;0;0;0;0;0;0;0;0;0;4258;0;0;95;0;160;0;
20033;6113285;1073414144;34873344;1162764288;0;0;0;0;0;0;0;0;0;0;0;2996;0;0;95;0;160;0;
20034;3868144;1073414144;34873344;1162764288;0;0;0;0;0;0;0;0;0;0;0;2925;0;0;95;0;160;0;
20035;6473881;1073414144;34873344;1162764288;0;0;0;0;0;0;0;0;0;0;0;3317;0;0;95;0;160;0;
20036;4379534;1073414144;34873344;1162764288;0;0;0;0;0;0;0;0;0;0;0;3396;0;0;95;0;160;0;
20037;5704268;1073414144;34873344;1162764288;0;0;0;0;0;0;0;0;0;0;0;84729;0;0;95;0;160;0;
20038;4802176;1073414144;34873344;1162764288;0;0;0;0;0;0;0;0;0;0;0;3236;0;0;95;0;160;0;
20039;6663626;1073414144;34873344;1162764288;0;0;0;0;0;0;0;0;0;0;0;2925;0;0;95;0;160;0;
20040;4223340;1073414144;34873344;1162764288;0;0;0;0;0;0;0;0;0;0;0;3186;0;0;95;0;160;0;
20041;6175902;1073414144;34873344;1162764288;0;0;0;0;0;0;0;0;0;0;0;3106;0;0;95;0;160;0;
20042;4998053;1073414144;34873344;1162764288;0;0;0;0;0;0;0;0;0;0;0;3687;0;0;95;0;160;0;
20043;6263546;1073414144;34873344;1162764288;0;0;0;0;0;0;0;0;0;0;0;2474;0;0;95;0;160;0;
20044;4872207;1073414144;34873344;1162764288;0;0;0;0;0;0;0;0;0;0;0;3386;0;0;95;0;160;0;
20045;6044716;1073414144;34873344;1162764288;0;0;0;0;0;0;0;0;0;0;0;2986;0;0;95;0;160;0;
20046;5675274;1073414144;34873344;1162764288;0;0;0;0;0;0;0;0;0;0;0;3586;0;0;95;0;160;0;
20047;6432013;1073414144;34873344;1162764288;0;0;0;0;0;0;0;0;0;0;0;2655;0;0;95;0;160;0;
20048;5344172;1073414144;34873344;1162764288;0;0;0;0;0;0;0;0;0;0;0;3357;0;0;95;0;160;0;
20049;7699279;1073414144;34873344;1162764288;0;0;0;0;0;0;0;0;0;0;0;3176;0;0;95;0;160;0;
20050;4243909;1073414144;34873344;1162764288;0;0;0;0;0;0;0;0;0;0;0;2825;0;0;95;0;160;0;
20051;5905555;1073414144;34873344;1162764288;0;0;0;0;0;0;0;0;0;0;0;1873;0;0;95;0;160;0;
20052;5556611;1073414144;34873344;1162764288;0;0;0;0;0;0;0;0;0;0;0;3086;0;0;95;0;160;0;
20053;5889615;1073414144;34873344;1162764288;0;0;0;0;0;0;0;0;0;0;0;2545;0;0;95;0;160;0;
20054;3954046;1073414144;34873344;1162764288;0;0;0;0;0;0;0;0;0;0;0;2795;0;0;95;0;160;0;
20055;5240989;1073414144;34873344;1162764288;0;0;0;0;0;0;0;0;0;0;0;1933;0;0;95;0;160;0;
20056;4083518;1073414144;34873344;1162764288;0;0;0;0;0;0;0;0;0;0;0;2735;0;0;95;0;160;0;
20057;5199261;1073414144;34873344;1162764288;0;0;0;0;0;0;0;0;0;0;0;2565;0;0;95;0;160;0;
20058;3454048;1073414144;34873344;1162764288;0;0;0;0;0;0;0;0;0;0;0;2726;0;0;95;0;160;0;
20059;5927787;1073414144;34873344;1162764288;0;0;0;0;0;0;0;0;0;0;0;2595;0;0;95;0;160;0;
20060;4407756;1073414144;34873344;1162764288;0;0;0;0;0;0;0;0;0;0;0;2705;0;0;95;0;160;0;
20061;5596004;1073414144;34873344;1162764288;0;0;0;0;0;0;0;0;0;0;0;2054;0;0;95;0;160;0;
20062;8174450;1073414144;34873344;1162764288;0;0;0;0;0;0;0;0;0;0;0;3216;0;0;95;0;160;0;
20063;5556531;1073414144;34873344;1162764288;0;0;0;0;0;0;0;0;0;0;0;2715;0;0;95;0;160;0;
20064;5108330;1073414144;34873344;1162764288;0;0;0;0;0;0;0;0;0;0;0;3186;0;0;95;0;160;0;
20065;5538817;1073414144;34873344;1162764288;0;0;0;0;0;0;0;0;0;0;0;2103;0;0;95;0;160;0;
20066;5104733;1073414144;34873344;1162764288;0;0;0;0;0;0;0;0;0;0;0;3957;0;0;95;0;160;0;
20067;5206625;1073414144;34873344;1162764288;0;0;0;0;0;0;0;0;0;0;0;2244;0;0;95;0;160;0;
20068;4482767;1073414144;34873344;1162764288;0;0;0;0;0;0;0;0;0;0;0;3466;0;0;95;0;160;0;
20069;6879982;1073414144;34873344;1162764288;0;0;0;0;0;0;0;0;0;0;0;2294;0;0;95;0;160;0;
20070;6524396;1073414144;34873344;1162764288;0;0;0;0;0;0;0;0;0;0;0;3217;0;0;95;0;160;0;
20071;6919927;1073414144;34873344;1162764288;0;0;0;0;0;0;0;0;0;0;0;2104;0;0;95;0;160;0;
20072;5555209;1073414144;34873344;1162764288;0;0;0;0;0;0;0;0;0;0;0;3737;0;0;95;0;160;0;
20073;5598720;1073414144;34873344;1162764288;0;0;0;0;0;0;0;0;0;0;0;2114;0;0;95;0;160;0;
20074;5440944;1073414144;34873344;1162764288;0;0;0;0;0;0;0;0;0;0;0;3156;0;0;95;0;160;0;
20075;5689220;1073414144;34873344;1162764288;0;0;0;0;0;0;0;0;0;0;0;2344;0;0;95;0;160;0;
20076;4445467;1073414144;34873344;1162764288;0;0;0;0;0;0;0;0;0;0;0;2604;0;0;95;0;160;0;
20077;6328428;1073414144;34873344;1162764288;0;0;0;0;0;0;0;0;0;0;0;2254;0;0;95;0;160;0;
20078;5248994;1073414144;34873344;1162764288;0;0;0;0;0;0;0;0;0;0;0;2855;0;0;95;0;160;0;
20079;6207611;1073414144;34873344;1162764288;0;0;0;0;0;0;0;0;0;0;0;2165;0;0;95;0;160;0;
20080;3864257;1073414144;34873344;1162764288;0;0;0;0;0;0;0;0;0;0;0;2494;0;0;95;0;160;0;
20081;6629503;1073414144;34873344;1162764288;0;0;0;0;0;0;0;0;0;0;0;1844;0;0;95;0;160;0;
20082;8378663;1073414144;34873344;1162764288;0;0;0;0;0;0;0;0;0;0;0;4137;0;0;95;0;160;0;
20083;6983016;1073414144;34873344;1162764288;0;0;0;0;0;0;0;0;0;0;0;3367;0;0;95;0;160;0;
20084;7045082;1073414144;34873344;1162764288;0;0;0;0;0;0;0;0;0;0;0;3206;0;0;95;0;160;0;
20085;8074993;1073414144;34873344;1162764288;0;0;0;0;0;0;0;0;0;0;0;3236;0;0;95;0;160;0;
20086;6389853;1073414144;34873344;1162764288;0;0;0;0;0;0;0;0;0;0;0;4809;0;0;95;0;160;0;
20087;7711252;1073414144;34873344;1162764288;0;0;0;0;0;0;0;0;0;0;0;2876;0;0;95;0;160;0;
20088;5745685;1073414144;34873344;1162764288;0;0;0;0;0;0;0;0;0;0;0;4047;0;0;95;0;160;0;
20089;6537741;1073414144;34873344;1162764288;0;0;0;0;0;0;0;0;0;0;0;2194;0;0;95;0;160;0;
20090;3622433;1073414144;34873344;1162764288;0;0;0;0;0;0;0;0;0;0;0;2886;0;0;95;0;160;0;
20091;6991602;1073414144;34873344;1162764288;0;0;0;0;0;0;0;0;0;0;0;2765;0;0;95;0;160;0;
20092;4586952;1073414144;34873344;1162764288;0;0;0;0;0;0;0;0;0;0;0;4148;0;0;95;0;160;0;
20093;8252407;1073414144;34873344;1162764288;0;0;0;0;0;0;0;0;0;0;0;3587;0;0;95;0;160;0;
20094;5249705;1073414144;34873344;1162764288;0;0;0;0;0;0;0;0;0;0;0;4608;0;0;95;0;160;0;
20095;7059359;1073414144;34873344;1162764288;0;0;0;0;0;0;0;0;0;0;0;3397;0;0;95;0;160;0;
20096;5839130;1073414144;34873344;1162764288;0;0;0;0;0;0;0;0;0;0;0;3427;0;0;95;0;160;0;
20097;5915454;1073414144;34873344;1162764288;0;0;0;0;0;0;0;0;0;0;0;3076;0;0;95;0;160;0;
20098;7579184;1073414144;34873344;1162764288;0;0;0;0;0;0;0;0;0;0;0;4709;0;0;95;0;160;0;
20099;6540466;1073414144;34877440;1162768384;0;0;0;0;0;0;0;0;0;0;0;3426;0;0;95;0;160;0;
20100;6470034;1073414144;34881536;1162772480;0;0;0;0;0;0;0;0;0;0;0;4178;0;0;95;0;160;0;
20101;6362241;1073414144;34881536;1162772480;0;0;0;0;0;0;0;0;0;0;0;3186;0;0;95;0;160;0;
20102;5236781;1073414144;34881536;1162772480;0;0;0;0;0;0;0;0;0;0;0;3767;0;0;95;0;160;0;
20103;6696288;1073414144;34881536;1162772480;0;0;0;0;0;0;0;0;0;0;0;2996;0;0;95;0;160;0;
20104;7004486;1073414144;34881536;1162772480;0;0;0;0;0;0;0;0;0;0;0;3918;0;0;95;0;160;0;
20105;8581654;1073414144;34881536;1162772480;0;0;0;0;0;0;0;0;0;0;0;4428;0;0;95;0;160;0;
20106;5568272;1073414144;34873344;1162764288;0;0;0;0;0;0;0;0;0;0;0;3667;0;0;95;0;160;0;
20107;7678761;1073414144;34873344;1162764288;0;0;0;0;0;0;0;0;0;0;0;3266;0;0;95;0;160;0;
20108;8447963;1073414144;34873344;1162764288;0;0;0;0;0;0;0;0;0;0;0;4088;0;0;95;0;160;0;
20109;7011479;1073414144;34873344;1162764288;0;0;0;0;0;0;0;0;0;0;0;2665;0;0;95;0;160;0;
20110;6554321;1073414144;34873344;1162764288;0;0;0;0;0;0;0;0;0;0;0;3727;0;0;95;0;160;0;
20111;6885403;1073414144;34873344;1162764288;0;0;0;0;0;0;0;0;0;0;0;2354;0;0;95;0;160;0;
20112;4251843;1073414144;34873344;1162764288;0;0;0;0;0;0;0;0;0;0;0;3717;0;0;95;0;160;0;
20113;8115460;1073414144;34873344;1162764288;0;0;0;0;0;0;0;0;0;0;0;3206;0;0;95;0;160;0;
20114;5222354;1073414144;34873344;1162764288;0;0;0;0;0;0;0;0;0;0;0;3667;0;0;95;0;160;0;
20115;8382791;1073414144;34873344;1162764288;0;0;0;0;0;0;0;0;0;0;0;3837;0;0;95;0;160;0;
20116;5669692;1073414144;34873344;1162764288;0;0;0;0;0;0;0;0;0;0;0;3086;0;0;95;0;160;0;
20117;6856248;1073414144;34873344;1162764288;0;0;0;0;0;0;0;0;0;0;0;2515;0;0;95;0;160;0;
20118;6399101;1073414144;34873344;1162764288;0;0;0;0;0;0;0;0;0;0;0;3417;0;0;95;0;160;0;
20119;7968003;1073414144;34873344;1162764288;0;0;0;0;0;0;0;0;0;0;0;4148;0;0;95;0;160;0;
20120;6793159;1073414144;34873344;1162764288;0;0;0;0;0;0;0;0;0;0;0;2895;0;0;95;0;160;0;
20121;6287100;1073414144;34873344;1162764288;0;0;0;0;0;0;0;0;0;0;0;3586;0;0;95;0;160;0;
20122;4845217;1073414144;34873344;1162764288;0;0;0;0;0;0;0;0;0;0;0;3857;0;0;95;0;160;0;
20123;7077143;1073414144;34873344;1162764288;0;0;0;0;0;0;0;0;0;0;0;4478;0;0;95;0;160;0;
20124;5373718;1073414144;34873344;1162764288;0;0;0;0;0;0;0;0;0;0;0;66424;0;0;95;0;160;0;
20125;6514507;1073414144;34873344;1162764288;0;0;0;0;0;0;0;0;0;0;0;2725;0;0;95;0;160;0;
20126;4360267;1073414144;34873344;1162764288;0;0;0;0;0;0;0;0;0;0;0;3256;0;0;95;0;160;0;
20127;7902450;1073414144;34873344;1162764288;0;0;0;0;0;0;0;0;0;0;0;2284;0;0;95;0;160;0;
20128;4377390;1073414144;34873344;1162764288;0;0;0;0;0;0;0;0;0;0;0;3226;0;0;95;0;160;0;
20129;6236135;1073414144;34873344;1162764288;0;0;0;0;0;0;0;0;0;0;0;2555;0;0;95;0;160;0;
20130;5006419;1073414144;34873344;1162764288;0;0;0;0;0;0;0;0;0;0;0;3557;0;0;95;0;160;0;
20131;5481701;1073414144;34873344;1162764288;0;0;0;0;0;0;0;0;0;0;0;2244;0;0;95;0;160;0;
20132;6580191;1073414144;34873344;1162764288;0;0;0;0;0;0;0;0;0;0;0;3327;0;0;95;0;160;0;
20133;7423873;1073414144;34873344;1162764288;0;0;0;0;0;0;0;0;0;0;0;2495;0;0;95;0;160;0;
20134;6101432;1073414144;34873344;1162764288;0;0;0;0;0;0;0;0;0;0;0;3186;0;0;95;0;160;0;
20135;6248829;1073414144;34873344;1162764288;0;0;0;0;0;0;0;0;0;0;0;2955;0;0;95;0;160;0;
20136;3138566;1073414144;34873344;1162764288;0;0;0;0;0;0;0;0;0;0;0;3437;0;0;95;0;160;0;
20137;5308335;1073414144;34873344;1162764288;0;0;0;0;0;0;0;0;0;0;0;2315;0;0;95;0;160;0;
20138;5650587;1073414144;34873344;1162764288;0;0;0;0;0;0;0;0;0;0;0;3166;0;0;95;0;160;0;
20139;4784563;1073414144;34873344;1162764288;0;0;0;0;0;0;0;0;0;0;0;2855;0;0;95;0;160;0;
20140;5055130;1073414144;34873344;1162764288;0;0;0;0;0;0;0;0;0;0;0;41027;0;0;95;0;160;0;
20141;9745166;1073414144;34873344;1162764288;0;0;0;0;0;0;0;0;0;0;0;2475;0;0;95;0;160;0;
20142;4207621;1073414144;34873344;1162764288;0;0;0;0;0;0;0;0;0;0;0;2705;0;0;95;0;160;0;
20143;5911907;1073414144;34873344;1162764288;0;0;0;0;0;0;0;0;0;0;0;2094;0;0;95;0;160;0;
20144;4290016;1073414144;34873344;1162764288;0;0;0;0;0;0;0;0;0;0;0;3116;0;0;95;0;160;0;
20145;5414815;1073414144;34873344;1162764288;0;0;0;0;0;0;0;0;0;0;0;2284;0;0;95;0;160;0;
20146;4977875;1073414144;34873344;1162764288;0;0;0;0;0;0;0;0;0;0;0;3016;0;0;95;0;160;0;
20147;6314822;1073414144;34873344;1162764288;0;0;0;0;0;0;0;0;0;0;0;2785;0;0;95;0;160;0;
20148;4598964;1073414144;34873344;1162764288;0;0;0;0;0;0;0;0;0;0;0;2955;0;0;95;0;160;0;
20149;7563775;1073414144;34873344;1162764288;0;0;0;0;0;0;0;0;0;0;0;2815;0;0;95;0;160;0;
20150;5235659;1073414144;34873344;1162764288;0;0;0;0;0;0;0;0;0;0;0;3988;0;0;95;0;160;0;
20151;5772626;1073414144;34873344;1162764288;0;0;0;0;0;0;0;0;0;0;0;2284;0;0;95;0;160;0;
20152;4000723;1073414144;34873344;1162764288;0;0;0;0;0;0;0;0;0;0;0;3277;0;0;95;0;160;0;
20153;7192338;1073414144;34873344;1162764288;0;0;0;0;0;0;0;0;0;0;0;2084;0;0;95;0;160;0;
20154;3940741;1073414144;34873344;1162764288;0;0;0;0;0;0;0;0;0;0;0;2966;0;0;95;0;160;0;
20155;5931404;1073414144;34873344;1162764288;0;0;0;0;0;0;0;0;0;0;0;2104;0;0;95;0;160;0;
20156;5378757;1073414144;34873344;1162764288;0;0;0;0;0;0;0;0;0;0;0;3717;0;0;95;0;160;0;
20157;5147032;1073414144;34873344;1162764288;0;0;0;0;0;0;0;0;0;0;0;2064;0;0;95;0;160;0;
20158;4547037;1073414144;34873344;1162764288;0;0;0;0;0;0;0;0;0;0;0;2976;0;0;95;0;160;0;
20159;6979348;1073414144;34873344;1162764288;0;0;0;0;0;0;0;0;0;0;0;185268;0;0;95;0;160;0;
20160;4079441;1073414144;34873344;1162764288;0;0;0;0;0;0;0;0;0;0;0;2244;0;0;95;0;160;0;
20161;6308511;1073414144;34873344;1162764288;0;0;0;0;0;0;0;0;0;0;0;2034;0;0;95;0;160;0;
20162;4967355;1073414144;34873344;1162764288;0;0;0;0;0;0;0;0;0;0;0;3907;0;0;95;0;160;0;
20163;6100361;1073414144;34873344;1162764288;0;0;0;0;0;0;0;0;0;0;0;2014;0;0;95;0;160;0;
20164;3759721;1073414144;34873344;1162764288;0;0;0;0;0;0;0;0;0;0;0;2475;0;0;95;0;160;0;
20165;5271636;1073414144;34873344;1162764288;0;0;0;0;0;0;0;0;0;0;0;2084;0;0;95;0;160;0;
20166;3957932;1073414144;34873344;1162764288;0;0;0;0;0;0;0;0;0;0;0;2665;0;0;95;0;160;0;
20167;6128554;1073414144;34873344;1162764288;0;0;0;0;0;0;0;0;0;0;0;2114;0;0;95;0;160;0;
20168;4170512;1073414144;34873344;1162764288;0;0;0;0;0;0;0;0;0;0;0;2505;0;0;95;0;160;0;
20169;6205258;1073414144;34873344;1162764288;0;0;0;0;0;0;0;0;0;0;0;2204;0;0;95;0;160;0;
20170;3925101;1073414144;34873344;1162764288;0;0;0;0;0;0;0;0;0;0;0;2214;0;0;95;0;160;0;
20171;5790019;1073414144;34873344;1162764288;0;0;0;0;0;0;0;0;0;0;0;2054;0;0;95;0;160;0;
20172;4009269;1073414144;34873344;1162764288;0;0;0;0;0;0;0;0;0;0;0;2976;0;0;95;0;160;0;
20173;5129390;1073414144;34873344;1162764288;0;0;0;0;0;0;0;0;0;0;0;2895;0;0;95;0;160;0;
20174;4538782;1073414144;34873344;1162764288;0;0;0;0;0;0;0;0;0;0;0;3396;0;0;95;0;160;0;
20175;5405337;1073414144;34873344;1162764288;0;0;0;0;0;0;0;0;0;0;0;2305;0;0;95;0;160;0;
20176;4375596;1073414144;34873344;1162764288;0;0;0;0;0;0;0;0;0;0;0;2815;0;0;95;0;160;0;
20177;6730622;1073414144;34873344;1162764288;0;0;0;0;0;0;0;0;0;0;0;2776;0;0;95;0;160;0;
20178;5456263;1073414144;34873344;1162764288;0;0;0;0;0;0;0;0;0;0;0;3286;0;0;95;0;160;0;
20179;6991231;1073414144;34873344;1162764288;0;0;0;0;0;0;0;0;0;0;0;2073;0;0;95;0;160;0;
20180;3762927;1073414144;34873344;1162764288;0;0;0;0;0;0;0;0;0;0;0;2956;0;0;95;0;160;0;
20181;5942394;1073414144;34873344;1162764288;0;0;0;0;0;0;0;0;0;0;0;2605;0;0;95;0;160;0;
20182;4928553;1073414144;34873344;1162764288;0;0;0;0;0;0;0;0;0;0;0;3236;0;0;95;0;160;0;
20183;9147084;1073414144;34873344;1162764288;0;0;0;0;0;0;0;0;0;0;0;2394;0;0;95;0;160;0;
20184;8918866;1073414144;34873344;1162764288;0;0;0;0;0;0;0;0;0;0;0;3266;0;0;95;0;160;0;
20185;5435404;1073414144;34877440;1162768384;0;0;0;0;0;0;0;0;0;0;0;3046;0;0;95;0;160;0;
20186;4220485;1073414144;34881536;1162772480;0;0;0;0;0;0;0;0;0;0;0;2765;0;0;95;0;160;0;
20187;5867203;1073414144;34881536;1162772480;0;0;0;0;0;0;0;0;0;0;0;2625;0;0;95;0;160;0;
20188;3762797;1073414144;34881536;1162772480;0;0;0;0;0;0;0;0;0;0;0;3166;0;0;95;0;160;0;
20189;5872293;1073414144;34881536;1162772480;0;0;0;0;0;0;0;0;0;0;0;2224;0;0;95;0;160;0;
20190;3167220;1073414144;34881536;1162772480;0;0;0;0;0;0;0;0;0;0;0;2525;0;0;95;0;160;0;
20191;5711441;1073414144;34881536;1162772480;0;0;0;0;0;0;0;0;0;0;0;1944;0;0;95;0;160;0;
20192;4256823;1073414144;34873344;1162764288;0;0;0;0;0;0;0;0;0;0;0;2815;0;0;95;0;160;0;
20193;5907900;1073414144;34873344;1162764288;0;0;0;0;0;0;0;0;0;0;0;3065;0;0;95;0;160;0;
20194;3527165;1073414144;34873344;1162764288;0;0;0;0;0;0;0;0;0;0;0;2685;0;0;95;0;160;0;
20195;5597738;1073414144;34873344;1162764288;0;0;0;0;0;0;0;0;0;0;0;2124;0;0;95;0;160;0;
20196;4325061;1073414144;34873344;1162764288;0;0;0;0;0;0;0;0;0;0;0;2936;0;0;95;0;160;0;
20197;6139203;1073414144;34873344;1162764288;0;0;0;0;0;0;0;0;0;0;0;2645;0;0;95;0;160;0;
20198;4428144;1073414144;34873344;1162764288;0;0;0;0;0;0;0;0;0;0;0;3026;0;0;95;0;160;0;
20199;6190299;1073414144;34873344;1162764288;0;0;0;0;0;0;0;0;0;0;0;2545;0;0;95;0;160;0;
20200;4278724;1073414144;34873344;1162764288;0;0;0;0;0;0;0;0;0;0;0;2615;0;0;95;0;160;0;
20201;5225339;1073414144;34873344;1162764288;0;0;0;0;0;0;0;0;0;0;0;2605;0;0;95;0;160;0;
20202;3962341;1073414144;34873344;1162764288;0;0;0;0;0;0;0;0;0;0;0;2585;0;0;95;0;160;0;
20203;5893873;1073414144;34873344;1162764288;0;0;0;0;0;0;0;0;0;0;0;2525;0;0;95;0;160;0;
20204;3888914;1073414144;34873344;1162764288;0;0;0;0;0;0;0;0;0;0;0;3697;0;0;95;0;160;0;
20205;6123053;1073414144;34873344;1162764288;0;0;0;0;0;0;0;0;0;0;0;2094;0;0;95;0;160;0;
20206;4324090;1073414144;34873344;1162764288;0;0;0;0;0;0;0;0;0;0;0;2715;0;0;95;0;160;0;
20207;5715879;1073414144;34873344;1162764288;0;0;0;0;0;0;0;0;0;0;0;1973;0;0;95;0;160;0;
20208;3936082;1073414144;34873344;1162764288;0;0;0;0;0;0;0;0;0;0;0;3066;0;0;95;0;160;0;
20209;5887852;1073414144;34873344;1162764288;0;0;0;0;0;0;0;0;0;0;0;1944;0;0;95;0;160;0;
20210;4400683;1073414144;34873344;1162764288;0;0;0;0;0;0;0;0;0;0;0;2305;0;0;95;0;160;0;
20211;6819148;1073414144;34873344;1162764288;0;0;0;0;0;0;0;0;0;0;0;2174;0;0;95;0;160;0;
20212;3280883;1073414144;34873344;1162764288;0;0;0;0;0;0;0;0;0;0;0;2375;0;0;95;0;160;0;
20213;6919597;1073414144;34873344;1162764288;0;0;0;0;0;0;0;0;0;0;0;2315;0;0;95;0;160;0;
20214;3170185;1073414144;34873344;1162764288;0;0;0;0;0;0;0;0;0;0;0;3747;0;0;95;0;160;0;
20215;6512503;1073414144;34873344;1162764288;0;0;0;0;0;0;0;0;0;0;0;4499;0;0;95;0;160;0;
20216;6139443;1073414144;34873344;1162764288;0;0;0;0;0;0;0;0;0;0;0;3627;0;0;95;0;160;0;
20217;5488943;1073414144;34873344;1162764288;0;0;0;0;0;0;0;0;0;0;0;2845;0;0;95;0;160;0;
20218;5620130;1073414144;34873344;1162764288;0;0;0;0;0;0;0;0;0;0;0;2675;0;0;95;0;160;0;
20219;5441786;1073414144;34873344;1162764288;0;0;0;0;0;0;0;0;0;0;0;2585;0;0;95;0;160;0;
20220;5261588;1073414144;34873344;1162764288;0;0;0;0;0;0;0;0;0;0;0;4218;0;0;95;0;160;0;
20221;5089785;1073414144;34873344;1162764288;0;0;0;0;0;0;0;0;0;0;0;2515;0;0;95;0;160;0;
20222;6082347;1073414144;34873344;1162764288;0;0;0;0;0;0;0;0;0;0;0;3426;0;0;95;0;160;0;
20223;5581878;1073414144;34873344;1162764288;0;0;0;0;0;0;0;0;0;0;0;3557;0;0;95;0;160;0;
20224;5175506;1073414144;34873344;1162764288;0;0;0;0;0;0;0;0;0;0;0;3927;0;0;95;0;160;0;
20225;7164085;1073414144;34873344;1162764288;0;0;0;0;0;0;0;0;0;0;0;4228;0;0;95;0;160;0;
20226;3614920;1073414144;34873344;1162764288;0;0;0;0;0;0;0;0;0;0;0;2905;0;0;95;0;160;0;
20227;7358199;1073414144;34873344;1162764288;0;0;0;0;0;0;0;0;0;0;0;3376;0;0;95;0;160;0;
20228;4117542;1073414144;34873344;1162764288;0;0;0;0;0;0;0;0;0;0;0;3797;0;0;95;0;160;0;
20229;6169660;1073414144;34873344;1162764288;0;0;0;0;0;0;0;0;0;0;0;3166;0;0;95;0;160;0;
20230;4566624;1073414144;34873344;1162764288;0;0;0;0;0;0;0;0;0;0;0;4058;0;0;95;0;160;0;
20231;6803840;1073414144;34873344;1162764288;0;0;0;0;0;0;0;0;0;0;0;3868;0;0;95;0;160;0;
20232;5686665;1073414144;34873344;1162764288;0;0;0;0;0;0;0;0;0;0;0;3958;0;0;95;0;160;0;
20233;6741813;1073414144;34873344;1162764288;0;0;0;0;0;0;0;0;0;0;0;3657;0;0;95;0;160;0;
20234;4044485;1073414144;34873344;1162764288;0;0;0;0;0;0;0;0;0;0;0;3957;0;0;95;0;160;0;
20235;6506212;1073414144;34873344;1162764288;0;0;0;0;0;0;0;0;0;0;0;2004;0;0;95;0;160;0;
20236;3836194;1073414144;34873344;1162764288;0;0;0;0;0;0;0;0;0;0;0;3196;0;0;95;0;160;0;
20237;6992794;1073414144;34873344;1162764288;0;0;0;0;0;0;0;0;0;0;0;3196;0;0;95;0;160;0;
20238;4847471;1073414144;34873344;1162764288;0;0;0;0;0;0;0;0;0;0;0;3997;0;0;95;0;160;0;
20239;7641771;1073414144;34873344;1162764288;0;0;0;0;0;0;0;0;0;0;0;3767;0;0;95;0;160;0;
20240;8086635;1073414144;34873344;1162764288;0;0;0;0;0;0;0;0;0;0;0;4298;0;0;95;0;160;0;
20241;7370934;1073414144;34873344;1162764288;0;0;0;0;0;0;0;0;0;0;0;3897;0;0;95;0;160;0;
20242;6523283;1073414144;34873344;1162764288;0;0;0;0;0;0;0;0;0;0;0;3857;0;0;95;0;160;0;
20243;6145274;1073414144;34873344;1162764288;0;0;0;0;0;0;0;0;0;0;0;2574;0;0;95;0;160;0;
20244;4802246;1073414144;34873344;1162764288;0;0;0;0;0;0;0;0;0;0;0;3767;0;0;95;0;160;0;
20245;6071606;1073414144;34873344;1162764288;0;0;0;0;0;0;0;0;0;0;0;2735;0;0;95;0;160;0;
20246;4325041;1073414144;34873344;1162764288;0;0;0;0;0;0;0;0;0;0;0;2905;0;0;95;0;160;0;
20247;6244671;1073414144;34873344;1162764288;0;0;0;0;0;0;0;0;0;0;0;2675;0;0;95;0;160;0;
20248;5932836;1073414144;34873344;1162764288;0;0;0;0;0;0;0;0;0;0;0;3096;0;0;95;0;160;0;
20249;5944267;1073414144;34873344;1162764288;0;0;0;0;0;0;0;0;0;0;0;2315;0;0;95;0;160;0;
20250;4793199;1073414144;34873344;1162764288;0;0;0;0;0;0;0;0;0;0;0;3547;0;0;95;0;160;0;
20251;5866933;1073414144;34873344;1162764288;0;0;0;0;0;0;0;0;0;0;0;3586;0;0;95;0;160;0;
20252;3224577;1073414144;34873344;1162764288;0;0;0;0;0;0;0;0;0;0;0;2975;0;0;95;0;160;0;
20253;8954483;1073414144;34873344;1162764288;0;0;0;0;0;0;0;0;0;0;0;3016;0;0;95;0;160;0;
20254;4790805;1073414144;34873344;1162764288;0;0;0;0;0;0;0;0;0;0;0;3116;0;0;95;0;160;0;
20255;6553119;1073414144;34873344;1162764288;0;0;0;0;0;0;0;0;0;0;0;2655;0;0;95;0;160;0;
20256;3904984;1073414144;34873344;1162764288;0;0;0;0;0;0;0;0;0;0;0;3015;0;0;95;0;160;0;
20257;6120258;1073414144;34873344;1162764288;0;0;0;0;0;0;0;0;0;0;0;2033;0;0;95;0;160;0;
20258;4839085;1073414144;34873344;1162764288;0;0;0;0;0;0;0;0;0;0;0;2815;0;0;95;0;160;0;
20259;6950004;1073414144;34873344;1162764288;0;0;0;0;0;0;0;0;0;0;0;2625;0;0;95;0;160;0;
20260;5157753;1073414144;34873344;1162764288;0;0;0;0;0;0;0;0;0;0;0;2895;0;0;95;0;160;0;
20261;6041771;1073414144;34873344;1162764288;0;0;0;0;0;0;0;0;0;0;0;2024;0;0;95;0;160;0;
20262;4309141;1073414144;34873344;1162764288;0;0;0;0;0;0;0;0;0;0;0;2003;0;0;95;0;160;0;
20263;7187439;1073414144;34873344;1162764288;0;0;0;0;0;0;0;0;0;0;0;2675;0;0;95;0;160;0;
20264;4215336;1073414144;34873344;1162764288;0;0;0;0;0;0;0;0;0;0;0;2985;0;0;95;0;160;0;
20265;5903271;1073414144;34873344;1162764288;0;0;0;0;0;0;0;0;0;0;0;2204;0;0;95;0;160;0;
20266;4100710;1073414144;34873344;1162764288;0;0;0;0;0;0;0;0;0;0;0;3106;0;0;95;0;160;0;
20267;6623211;1073414144;34873344;1162764288;0;0;0;0;0;0;0;0;0;0;0;2215;0;0;95;0;160;0;
20268;5697876;1073414144;34873344;1162764288;0;0;0;0;0;0;0;0;0;0;0;3487;0;0;95;0;160;0;
20269;5735296;1073414144;34873344;1162764288;0;0;0;0;0;0;0;0;0;0;0;2204;0;0;95;0;160;0;
20270;5229428;1073414144;34873344;1162764288;0;0;0;0;0;0;0;0;0;0;0;2796;0;0;95;0;160;0;
20271;4950324;1073414144;34873344;1162764288;0;0;0;0;0;0;0;0;0;0;0;4839;0;0;95;0;160;0;
20272;5360003;1073414144;34873344;1162764288;0;0;0;0;0;0;0;0;0;0;0;3426;0;0;95;0;160;0;
20273;5219469;1073414144;34873344;1162764288;0;0;0;0;0;0;0;0;0;0;0;2535;0;0;95;0;160;0;
20274;4238339;1073414144;34873344;1162764288;0;0;0;0;0;0;0;0;0;0;0;2745;0;0;95;0;160;0;
20275;6336724;1073414144;34873344;1162764288;0;0;0;0;0;0;0;0;0;0;0;2114;0;0;95;0;160;0;
20276;3837517;1073414144;34873344;1162764288;0;0;0;0;0;0;0;0;0;0;0;2826;0;0;95;0;160;0;
20277;7001491;1073414144;34873344;1162764288;0;0;0;0;0;0;0;0;0;0;0;2294;0;0;95;0;160;0;
20278;4691067;1073414144;34873344;1162764288;0;0;0;0;0;0;0;0;0;0;0;3436;0;0;95;0;160;0;
20279;5715298;1073414144;34873344;1162764288;0;0;0;0;0;0;0;0;0;0;0;2164;0;0;95;0;160;0;
20280;5170316;1073414144;34873344;1162764288;0;0;0;0;0;0;0;0;0;0;0;3337;0;0;95;0;160;0;
20281;6323760;1073414144;34873344;1162764288;0;0;0;0;0;0;0;0;0;0;0;1933;0;0;95;0;160;0;
20282;4042551;1073414144;34873344;1162764288;0;0;0;0;0;0;0;0;0;0;0;2715;0;0;95;0;160;0;
20283;7283579;1073414144;34873344;1162764288;0;0;0;0;0;0;0;0;0;0;0;2464;0;0;95;0;160;0;
20284;3184692;1073414144;34873344;1162764288;0;0;0;0;0;0;0;0;0;0;0;3005;0;0;95;0;160;0;
20285;5151421;1073414144;34873344;1162764288;0;0;0;0;0;0;0;0;0;0;0;2044;0;0;95;0;160;0;
20286;4347824;1073414144;34873344;1162764288;0;0;0;0;0;0;0;0;0;0;0;3506;0;0;95;0;160;0;
20287;7247551;1073414144;34873344;1162764288;0;0;0;0;0;0;0;0;0;0;0;2244;0;0;95;0;160;0;
20288;4032121;1073414144;34873344;1162764288;0;0;0;0;0;0;0;0;0;0;0;2846;0;0;95;0;160;0;
20289;5284370;1073414144;34873344;1162764288;0;0;0;0;0;0;0;0;0;0;0;2244;0;0;95;0;160;0;
20290;4356700;1073414144;34873344;1162764288;0;0;0;0;0;0;0;0;0;0;0;3196;0;0;95;0;160;0;
20291;6695237;1073414144;34873344;1162764288;0;0;0;0;0;0;0;0;0;0;0;2244;0;0;95;0;160;0;
20292;4037592;1073414144;34873344;1162764288;0;0;0;0;0;0;0;0;0;0;0;2505;0;0;95;0;160;0;
20293;4835568;1073414144;34873344;1162764288;0;0;0;0;0;0;0;0;0;0;0;2184;0;0;95;0;160;0;
20294;4540936;1073414144;34873344;1162764288;0;0;0;0;0;0;0;0;0;0;0;3086;0;0;95;0;160;0;
20295;5529810;1073414144;34873344;1162764288;0;0;0;0;0;0;0;0;0;0;0;1963;0;0;95;0;160;0;
20296;4648838;1073414144;34873344;1162764288;0;0;0;0;0;0;0;0;0;0;0;2615;0;0;95;0;160;0;
20297;5139558;1073414144;34873344;1162764288;0;0;0;0;0;0;0;0;0;0;0;2505;0;0;95;0;160;0;
20298;4380085;1073414144;34873344;1162764288;0;0;0;0;0;0;0;0;0;0;0;3186;0;0;95;0;160;0;
20299;6834758;1073414144;34873344;1162764288;0;0;0;0;0;0;0;0;0;0;0;2234;0;0;95;0;160;0;
20300;5455711;1073414144;34873344;1162764288;0;0;0;0;0;0;0;0;0;0;0;3035;0;0;95;0;160;0;
20301;5893412;1073414144;34873344;1162764288;0;0;0;0;0;0;0;0;0;0;0;2224;0;0;95;0;160;0;
20302;5219959;1073414144;34873344;1162764288;0;0;0;0;0;0;0;0;0;0;0;2655;0;0;95;0;160;0;
20303;6541168;1073414144;34873344;1162764288;0;0;0;0;0;0;0;0;0;0;0;2264;0;0;95;0;160;0;
20304;3927937;1073414144;34873344;1162764288;0;0;0;0;0;0;0;0;0;0;0;2555;0;0;95;0;160;0;
20305;5857405;1073414144;34873344;1162764288;0;0;0;0;0;0;0;0;0;0;0;2144;0;0;95;0;160;0;
20306;4777740;1073414144;34873344;1162764288;0;0;0;0;0;0;0;0;0;0;0;3276;0;0;95;0;160;0;
20307;6270860;1073414144;34873344;1162764288;0;0;0;0;0;0;0;0;0;0;0;2625;0;0;95;0;160;0;
20308;3974775;1073414144;34873344;1162764288;0;0;0;0;0;0;0;0;0;0;0;2585;0;0;95;0;160;0;
20309;6372301;1073414144;34873344;1162764288;0;0;0;0;0;0;0;0;0;0;0;2215;0;0;95;0;160;0;
20310;3799646;1073414144;34873344;1162764288;0;0;0;0;0;0;0;0;0;0;0;2394;0;0;95;0;160;0;
20311;4728407;1073414144;34873344;1162764288;0;0;0;0;0;0;0;0;0;0;0;1893;0;0;95;0;160;0;
20312;5964245;1073414144;34873344;1162764288;0;0;0;0;0;0;0;0;0;0;0;2875;0;0;95;0;160;0;
20313;5029202;1073414144;34873344;1162764288;0;0;0;0;0;0;0;0;0;0;0;2355;0;0;95;0;160;0;
20314;4492345;1073414144;34873344;1162764288;0;0;0;0;0;0;0;0;0;0;0;3436;0;0;95;0;160;0;
20315;5599050;1073414144;34873344;1162764288;0;0;0;0;0;0;0;0;0;0;0;2444;0;0;95;0;160;0;
20316;5005708;1073414144;34873344;1162764288;0;0;0;0;0;0;0;0;0;0;0;3877;0;0;95;0;160;0;
20317;5444921;1073414144;34873344;1162764288;0;0;0;0;0;0;0;0;0;0;0;2554;0;0;95;0;160;0;
20318;4214884;1073414144;34873344;1162764288;0;0;0;0;0;0;0;0;0;0;0;2845;0;0;95;0;160;0;
20319;7172751;1073414144;34873344;1162764288;0;0;0;0;0;0;0;0;0;0;0;2665;0;0;95;0;160;0;
20320;5498572;1073414144;34873344;1162764288;0;0;0;0;0;0;0;0;0;0;0;3186;0;0;95;0;160;0;
20321;6034607;1073414144;34873344;1162764288;0;0;0;0;0;0;0;0;0;0;0;1994;0;0;95;0;160;0;
20322;4094229;1073414144;34873344;1162764288;0;0;0;0;0;0;0;0;0;0;0;2305;0;0;95;0;160;0;
20323;5354061;1073414144;34873344;1162764288;0;0;0;0;0;0;0;0;0;0;0;1823;0;0;95;0;160;0;
20324;4199796;1073414144;34873344;1162764288;0;0;0;0;0;0;0;0;0;0;0;3046;0;0;95;0;160;0;
20325;5218096;1073414144;34873344;1162764288;0;0;0;0;0;0;0;0;0;0;0;2815;0;0;95;0;160;0;
20326;4489319;1073414144;34873344;1162764288;0;0;0;0;0;0;0;0;0;0;0;2655;0;0;95;0;160;0;
20327;5673199;1073414144;34873344;1162764288;0;0;0;0;0;0;0;0;0;0;0;2074;0;0;95;0;160;0;
20328;3286734;1073414144;34873344;1162764288;0;0;0;0;0;0;0;0;0;0;0;2685;0;0;95;0;160;0;
20329;6994727;1073414144;34873344;1162764288;0;0;0;0;0;0;0;0;0;0;0;2244;0;0;95;0;160;0;
20330;3977319;1073414144;34873344;1162764288;0;0;0;0;0;0;0;0;0;0;0;3236;0;0;95;0;160;0;
20331;6138642;1073414144;34873344;1162764288;0;0;0;0;0;0;0;0;0;0;0;2264;0;0;95;0;160;0;
20332;5031356;1073414144;34873344;1162764288;0;0;0;0;0;0;0;0;0;0;0;3366;0;0;95;0;160;0;
20333;5460461;1073414144;34873344;1162764288;0;0;0;0;0;0;0;0;0;0;0;2204;0;0;95;0;160;0;
20334;5128909;1073414144;34873344;1162764288;0;0;0;0;0;0;0;0;0;0;0;2715;0;0;95;0;160;0;
20335;5632613;1073414144;34873344;1162764288;0;0;0;0;0;0;0;0;0;0;0;2134;0;0;95;0;160;0;
20336;5591747;1073414144;34873344;1162764288;0;0;0;0;0;0;0;0;0;0;0;2986;0;0;95;0;160;0;
20337;5224298;1073414144;34873344;1162764288;0;0;0;0;0;0;0;0;0;0;0;2705;0;0;95;0;160;0;
20338;4842852;1073414144;34873344;1162764288;0;0;0;0;0;0;0;0;0;0;0;2945;0;0;95;0;160;0;
20339;6089340;1073414144;34873344;1162764288;0;0;0;0;0;0;0;0;0;0;0;2044;0;0;95;0;160;0;
20340;3578471;1073414144;34873344;1162764288;0;0;0;0;0;0;0;0;0;0;0;2755;0;0;95;0;160;0;
20341;7484125;1073414144;34873344;1162764288;0;0;0;0;0;0;0;0;0;0;0;2004;0;0;95;0;160;0;
20342;5790980;1073414144;34873344;1162764288;0;0;0;0;0;0;0;0;0;0;0;3336;0;0;95;0;160;0;
20343;5636631;1073414144;34873344;1162764288;0;0;0;0;0;0;0;0;0;0;0;1974;0;0;95;0;160;0;
20344;5741668;1073414144;34873344;1162764288;0;0;0;0;0;0;0;0;0;0;0;3026;0;0;95;0;160;0;
20345;6105991;1073414144;34873344;1162764288;0;0;0;0;0;0;0;0;0;0;0;2244;0;0;95;0;160;0;
20346;3822168;1073414144;34873344;1162764288;0;0;0;0;0;0;0;0;0;0;0;3176;0;0;95;0;160;0;
20347;6869022;1073414144;34873344;1162764288;0;0;0;0;0;0;0;0;0;0;0;2595;0;0;95;0;160;0;
20348;3653271;1073414144;34873344;1162764288;0;0;0;0;0;0;0;0;0;0;0;2565;0;0;95;0;160;0;
20349;6551576;1073414144;34873344;1162764288;0;0;0;0;0;0;0;0;0;0;0;2745;0;0;95;0;160;0;
20350;5232333;1073414144;34873344;1162764288;0;0;0;0;0;0;0;0;0;0;0;2585;0;0;95;0;160;0;
20351;7123459;1073414144;34873344;1162764288;0;0;0;0;0;0;0;0;0;0;0;2565;0;0;95;0;160;0;
20352;4883579;1073414144;34873344;1162764288;0;0;0;0;0;0;0;0;0;0;0;3076;0;0;95;0;160;0;
20353;6838475;1073414144;34873344;1162764288;0;0;0;0;0;0;0;0;0;0;0;2845;0;0;95;0;160;0;
20354;4156865;1073414144;34873344;1162764288;0;0;0;0;0;0;0;0;0;0;0;2414;0;0;95;0;160;0;
20355;6098156;1073414144;34873344;1162764288;0;0;0;0;0;0;0;0;0;0;0;2294;0;0;95;0;160;0;
20356;4767821;1073414144;34873344;1162764288;0;0;0;0;0;0;0;0;0;0;0;2134;0;0;95;0;160;0;
20357;5449049;1073414144;34873344;1162764288;0;0;0;0;0;0;0;0;0;0;0;1663;0;0;95;0;160;0;
20358;2898967;1073414144;34873344;1162764288;0;0;0;0;0;0;0;0;0;0;0;2124;0;0;95;0;160;0;
20359;6779363;1073414144;34873344;1162764288;0;0;0;0;0;0;0;0;0;0;0;2214;0;0;95;0;160;0;
20360;4996641;1073414144;34873344;1162764288;0;0;0;0;0;0;0;0;0;0;0;3085;0;0;95;0;160;0;
20361;6162096;1073414144;34873344;1162764288;0;0;0;0;0;0;0;0;0;0;0;2385;0;0;95;0;160;0;
20362;5414995;1073414144;34873344;1162764288;0;0;0;0;0;0;0;0;0;0;0;2445;0;0;95;0;160;0;
20363;6598215;1073414144;34873344;1162764288;0;0;0;0;0;0;0;0;0;0;0;1914;0;0;95;0;160;0;
20364;4970461;1073414144;34873344;1162764288;0;0;0;0;0;0;0;0;0;0;0;2925;0;0;95;0;160;0;
20365;7289049;1073414144;34873344;1162764288;0;0;0;0;0;0;0;0;0;0;0;2675;0;0;95;0;160;0;
20366;4694103;1073414144;34873344;1162764288;0;0;0;0;0;0;0;0;0;0;0;2815;0;0;95;0;160;0;
20367;12597986;1073414144;34873344;1162764288;0;0;0;0;0;0;0;0;0;0;0;2314;0;0;95;0;160;0;
20368;9901219;1073414144;34873344;1162764288;0;0;0;0;0;0;0;0;0;0;0;3045;0;0;95;0;160;0;
20369;6107714;1073414144;34873344;1162764288;0;0;0;0;0;0;0;0;0;0;0;2345;0;0;95;0;160;0;
20370;5867644;1073414144;34873344;1162764288;0;0;0;0;0;0;0;0;0;0;0;2866;0;0;95;0;160;0;
20371;6353866;1073414144;34873344;1162764288;0;0;0;0;0;0;0;0;0;0;0;2094;0;0;95;0;160;0;
20372;5492260;1073414144;34873344;1162764288;0;0;0;0;0;0;0;0;0;0;0;2996;0;0;95;0;160;0;
20373;6398880;1073414144;34873344;1162764288;0;0;0;0;0;0;0;0;0;0;0;1874;0;0;95;0;160;0;
20374;4657064;1073414144;34873344;1162764288;0;0;0;0;0;0;0;0;0;0;0;3065;0;0;95;0;160;0;
20375;6464253;1073414144;34873344;1162764288;0;0;0;0;0;0;0;0;0;0;0;2534;0;0;95;0;160;0;
20376;4279676;1073414144;34873344;1162764288;0;0;0;0;0;0;0;0;0;0;0;3256;0;0;95;0;160;0;
20377;7019454;1073414144;34873344;1162764288;0;0;0;0;0;0;0;0;0;0;0;1723;0;0;95;0;160;0;
20378;4571714;1073414144;34873344;1162764288;0;0;0;0;0;0;0;0;0;0;0;3427;0;0;95;0;160;0;
20379;5871661;1073414144;34873344;1162764288;0;0;0;0;0;0;0;0;0;0;0;2064;0;0;95;0;160;0;
20380;5425074;1073414144;34873344;1162764288;0;0;0;0;0;0;0;0;0;0;0;2505;0;0;95;0;160;0;
20381;8683956;1073414144;34873344;1162764288;0;0;0;0;0;0;0;0;0;0;0;2505;0;0;95;0;160;0;
20382;4272503;1073414144;34873344;1162764288;0;0;0;0;0;0;0;0;0;0;0;2805;0;0;95;0;160;0;
20383;6652376;1073414144;34873344;1162764288;0;0;0;0;0;0;0;0;0;0;0;2174;0;0;95;0;160;0;
20384;4893768;1073414144;34873344;1162764288;0;0;0;0;0;0;0;0;0;0;0;3276;0;0;95;0;160;0;
20385;5987839;1073414144;34873344;1162764288;0;0;0;0;0;0;0;0;0;0;0;2615;0;0;95;0;160;0;
20386;5123970;1073414144;34873344;1162764288;0;0;0;0;0;0;0;0;0;0;0;2916;0;0;95;0;160;0;
20387;5974154;1073414144;34873344;1162764288;0;0;0;0;0;0;0;0;0;0;0;2685;0;0;95;0;160;0;
20388;4261412;1073414144;34873344;1162764288;0;0;0;0;0;0;0;0;0;0;0;3076;0;0;95;0;160;0;
20389;7809215;1073414144;34873344;1162764288;0;0;0;0;0;0;0;0;0;0;0;2454;0;0;95;0;160;0;
20390;4531208;1073414144;34873344;1162764288;0;0;0;0;0;0;0;0;0;0;0;3206;0;0;95;0;160;0;
20391;6702039;1073414144;34873344;1162764288;0;0;0;0;0;0;0;0;0;0;0;2204;0;0;95;0;160;0;
20392;4581282;1073414144;34873344;1162764288;0;0;0;0;0;0;0;0;0;0;0;3106;0;0;95;0;160;0;
20393;6042873;1073414144;34873344;1162764288;0;0;0;0;0;0;0;0;0;0;0;1663;0;0;95;0;160;0;
20394;3567470;1073414144;34873344;1162764288;0;0;0;0;0;0;0;0;0;0;0;2856;0;0;95;0;160;0;
20395;8622851;1073414144;34873344;1162764288;0;0;0;0;0;0;0;0;0;0;0;2836;0;0;95;0;160;0;
20396;3981126;1073414144;34873344;1162764288;0;0;0;0;0;0;0;0;0;0;0;2675;0;0;95;0;160;0;
20397;6701799;1073414144;34873344;1162764288;0;0;0;0;0;0;0;0;0;0;0;2475;0;0;95;0;160;0;
20398;4703130;1073414144;34873344;1162764288;0;0;0;0;0;0;0;0;0;0;0;2595;0;0;95;0;160;0;
20399;7939279;1073414144;34873344;1162764288;0;0;0;0;0;0;0;0;0;0;0;1793;0;0;95;0;160;0;
20400;3998299;1073414144;34873344;1162764288;0;0;0;0;0;0;0;0;0;0;0;2715;0;0;95;0;160;0;
20401;6893999;1073414144;34873344;1162764288;0;0;0;0;0;0;0;0;0;0;0;2064;0;0;95;0;160;0;
20402;3231650;1073414144;34873344;1162764288;0;0;0;0;0;0;0;0;0;0;0;2815;0;0;95;0;160;0;
20403;5968483;1073414144;34873344;1162764288;0;0;0;0;0;0;0;0;0;0;0;2405;0;0;95;0;160;0;
20404;4998043;1073414144;34873344;1162764288;0;0;0;0;0;0;0;0;0;0;0;2876;0;0;95;0;160;0;
20405;5267349;1073414144;34873344;1162764288;0;0;0;0;0;0;0;0;0;0;0;2204;0;0;95;0;160;0;
20406;5004115;1073414144;34873344;1162764288;0;0;0;0;0;0;0;0;0;0;0;2776;0;0;95;0;160;0;
20407;6178838;1073414144;34873344;1162764288;0;0;0;0;0;0;0;0;0;0;0;2024;0;0;95;0;160;0;
20408;5220821;1073414144;34873344;1162764288;0;0;0;0;0;0;0;0;0;0;0;2966;0;0;95;0;160;0;
20409;6368173;1073414144;34873344;1162764288;0;0;0;0;0;0;0;0;0;0;0;1773;0;0;95;0;160;0;
20410;3765332;1073414144;34873344;1162764288;0;0;0;0;0;0;0;0;0;0;0;2545;0;0;95;0;160;0;
20411;5755273;1073414144;34873344;1162764288;0;0;0;0;0;0;0;0;0;0;0;2365;0;0;95;0;160;0;
20412;4568178;1073414144;34873344;1162764288;0;0;0;0;0;0;0;0;0;0;0;3607;0;0;95;0;160;0;
20413;7164626;1073414144;34873344;1162764288;0;0;0;0;0;0;0;0;0;0;0;74229;0;0;95;0;160;0;
20414;3626281;1073414144;34873344;1162764288;0;0;0;0;0;0;0;0;0;0;0;2846;0;0;95;0;160;0;
20415;6370427;1073414144;34873344;1162764288;0;0;0;0;0;0;0;0;0;0;0;1934;0;0;95;0;160;0;
20416;4553960;1073414144;34873344;1162764288;0;0;0;0;0;0;0;0;0;0;0;2374;0;0;95;0;160;0;
20417;6068371;1073414144;34873344;1162764288;0;0;0;0;0;0;0;0;0;0;0;2114;0;0;95;0;160;0;
20418;4492295;1073414144;34873344;1162764288;0;0;0;0;0;0;0;0;0;0;0;3146;0;0;95;0;160;0;
20419;6447121;1073414144;34873344;1162764288;0;0;0;0;0;0;0;0;0;0;0;2104;0;0;95;0;160;0;
20420;5476690;1073414144;34873344;1162764288;0;0;0;0;0;0;0;0;0;0;0;2575;0;0;95;0;160;0;
20421;6067359;1073414144;34873344;1162764288;0;0;0;0;0;0;0;0;0;0;0;2395;0;0;95;0;160;0;
20422;4633419;1073414144;34873344;1162764288;0;0;0;0;0;0;0;0;0;0;0;3787;0;0;95;0;160;0;
20423;5274953;1073414144;34873344;1162764288;0;0;0;0;0;0;0;0;0;0;0;1873;0;0;95;0;160;0;
20424;3809585;1073414144;34873344;1162764288;0;0;0;0;0;0;0;0;0;0;0;2645;0;0;95;0;160;0;
20425;7584214;1073414144;34873344;1162764288;0;0;0;0;0;0;0;0;0;0;0;2745;0;0;95;0;160;0;
20426;4577324;1073414144;34873344;1162764288;0;0;0;0;0;0;0;0;0;0;0;3366;0;0;95;0;160;0;
20427;6279476;1073414144;34873344;1162764288;0;0;0;0;0;0;0;0;0;0;0;2134;0;0;95;0;160;0;
20428;3950959;1073414144;34873344;1162764288;0;0;0;0;0;0;0;0;0;0;0;3136;0;0;95;0;160;0;
20429;5798995;1073414144;34873344;1162764288;0;0;0;0;0;0;0;0;0;0;0;24806;0;0;95;0;160;0;
20430;4727666;1073414144;34873344;1162764288;0;0;0;0;0;0;0;0;0;0;0;3046;0;0;95;0;160;0;
20431;5947825;1073414144;34873344;1162764288;0;0;0;0;0;0;0;0;0;0;0;2876;0;0;95;0;160;0;
20432;5263090;1073414144;34873344;1162764288;0;0;0;0;0;0;0;0;0;0;0;2695;0;0;95;0;160;0;
20433;6214144;1073414144;34873344;1162764288;0;0;0;0;0;0;0;0;0;0;0;2275;0;0;95;0;160;0;
20434;4308510;1073414144;34873344;1162764288;0;0;0;0;0;0;0;0;0;0;0;2875;0;0;95;0;160;0;
20435;6942018;1073414144;34873344;1162764288;0;0;0;0;0;0;0;0;0;0;0;3136;0;0;95;0;160;0;
20436;3420665;1073414144;34873344;1162764288;0;0;0;0;0;0;0;0;0;0;0;2816;0;0;95;0;160;0;
20437;6618953;1073414144;34873344;1162764288;0;0;0;0;0;0;0;0;0;0;0;2304;0;0;95;0;160;0;
20438;4484220;1073414144;34873344;1162764288;0;0;0;0;0;0;0;0;0;0;0;3066;0;0;95;0;160;0;
20439;5530411;1073414144;34873344;1162764288;0;0;0;0;0;0;0;0;0;0;0;1843;0;0;95;0;160;0;
20440;3662188;1073414144;34873344;1162764288;0;0;0;0;0;0;0;0;0;0;0;2444;0;0;95;0;160;0;
20441;6159952;1073414144;34873344;1162764288;0;0;0;0;0;0;0;0;0;0;0;2144;0;0;95;0;160;0;
20442;4932651;1073414144;34873344;1162764288;0;0;0;0;0;0;0;0;0;0;0;2855;0;0;95;0;160;0;
20443;5372666;1073414144;34873344;1162764288;0;0;0;0;0;0;0;0;0;0;0;2185;0;0;95;0;160;0;
20444;4722937;1073414144;34873344;1162764288;0;0;0;0;0;0;0;0;0;0;0;3076;0;0;95;0;160;0;
20445;5279572;1073414144;34873344;1162764288;0;0;0;0;0;0;0;0;0;0;0;2044;0;0;95;0;160;0;
20446;4117993;1073414144;34873344;1162764288;0;0;0;0;0;0;0;0;0;0;0;2415;0;0;95;0;160;0;
20447;5207867;1073414144;34873344;1162764288;0;0;0;0;0;0;0;0;0;0;0;2204;0;0;95;0;160;0;
20448;4494058;1073414144;34873344;1162764288;0;0;0;0;0;0;0;0;0;0;0;2575;0;0;95;0;160;0;
20449;6052922;1073414144;34873344;1162764288;0;0;0;0;0;0;0;0;0;0;0;2114;0;0;95;0;160;0;
20450;4547178;1073414144;34873344;1162764288;0;0;0;0;0;0;0;0;0;0;0;2955;0;0;95;0;160;0;
20451;6143211;1073414144;34873344;1162764288;0;0;0;0;0;0;0;0;0;0;0;2444;0;0;95;0;160;0;
20452;4524445;1073414144;34873344;1162764288;0;0;0;0;0;0;0;0;0;0;0;2805;0;0;95;0;160;0;
20453;6278034;1073414144;34873344;1162764288;0;0;0;0;0;0;0;0;0;0;0;2404;0;0;95;0;160;0;
20454;3822970;1073414144;34873344;1162764288;0;0;0;0;0;0;0;0;0;0;0;2665;0;0;95;0;160;0;
20455;6674858;1073414144;34873344;1162764288;0;0;0;0;0;0;0;0;0;0;0;2334;0;0;95;0;160;0;
20456;4405492;1073414144;34873344;1162764288;0;0;0;0;0;0;0;0;0;0;0;2234;0;0;95;0;160;0;
20457;6153460;1073414144;34873344;1162764288;0;0;0;0;0;0;0;0;0;0;0;2124;0;0;95;0;160;0;
20458;5112368;1073414144;34873344;1162764288;0;0;0;0;0;0;0;0;0;0;0;3055;0;0;95;0;160;0;
20459;5738441;1073414144;34873344;1162764288;0;0;0;0;0;0;0;0;0;0;0;2064;0;0;95;0;160;0;
20460;6667925;1073414144;34873344;1162764288;0;0;0;0;0;0;0;0;0;0;0;2985;0;0;95;0;160;0;
20461;5916976;1073414144;34873344;1162764288;0;0;0;0;0;0;0;0;0;0;0;2284;0;0;95;0;160;0;
20462;5012360;1073414144;34873344;1162764288;0;0;0;0;0;0;0;0;0;0;0;2825;0;0;95;0;160;0;
20463;5611193;1073414144;34873344;1162764288;0;0;0;0;0;0;0;0;0;0;0;2033;0;0;95;0;160;0;
20464;4466146;1073414144;34873344;1162764288;0;0;0;0;0;0;0;0;0;0;0;2525;0;0;95;0;160;0;
20465;6321345;1073414144;34873344;1162764288;0;0;0;0;0;0;0;0;0;0;0;2064;0;0;95;0;160;0;
20466;4819127;1073414144;34873344;1162764288;0;0;0;0;0;0;0;0;0;0;0;2645;0;0;95;0;160;0;
20467;6072148;1073414144;34873344;1162764288;0;0;0;0;0;0;0;0;0;0;0;2194;0;0;95;0;160;0;
20468;3714196;1073414144;34873344;1162764288;0;0;0;0;0;0;0;0;0;0;0;2485;0;0;95;0;160;0;
20469;6304915;1073414144;34873344;1162764288;0;0;0;0;0;0;0;0;0;0;0;2255;0;0;95;0;160;0;
20470;4659688;1073414144;34873344;1162764288;0;0;0;0;0;0;0;0;0;0;0;2675;0;0;95;0;160;0;
20471;5424964;1073414144;34873344;1162764288;0;0;0;0;0;0;0;0;0;0;0;2124;0;0;95;0;160;0;
20472;5922918;1073414144;34873344;1162764288;0;0;0;0;0;0;0;0;0;0;0;2885;0;0;95;0;160;0;
20473;6460116;1073414144;34873344;1162764288;0;0;0;0;0;0;0;0;0;0;0;2114;0;0;95;0;160;0;
20474;3839040;1073414144;34873344;1162764288;0;0;0;0;0;0;0;0;0;0;0;2354;0;0;95;0;160;0;
20475;6241675;1073414144;34873344;1162764288;0;0;0;0;0;0;0;0;0;0;0;2535;0;0;95;0;160;0;
20476;4863852;1073414144;34873344;1162764288;0;0;0;0;0;0;0;0;0;0;0;3246;0;0;95;0;160;0;
20477;5769039;1073414144;34873344;1162764288;0;0;0;0;0;0;0;0;0;0;0;2465;0;0;95;0;160;0;
20478;4838024;1073414144;34873344;1162764288;0;0;0;0;0;0;0;0;0;0;0;2926;0;0;95;0;160;0;
20479;6630775;1073414144;34873344;1162764288;0;0;0;0;0;0;0;0;0;0;0;2344;0;0;95;0;160;0;
20480;4251302;1073414144;34873344;1162764288;0;0;0;0;0;0;0;0;0;0;0;3737;0;0;95;0;160;0;
20481;6145305;1073414144;34873344;1162764288;0;0;0;0;0;0;0;0;0;0;0;2395;0;0;95;0;160;0;
20482;3905073;1073414144;34873344;1162764288;0;0;0;0;0;0;0;0;0;0;0;3256;0;0;95;0;160;0;
20483;5310439;1073414144;34873344;1162764288;0;0;0;0;0;0;0;0;0;0;0;2534;0;0;95;0;160;0;
20484;3882772;1073414144;34873344;1162764288;0;0;0;0;0;0;0;0;0;0;0;2975;0;0;95;0;160;0;
20485;6066156;1073414144;34873344;1162764288;0;0;0;0;0;0;0;0;0;0;0;2405;0;0;95;0;160;0;
20486;4893186;1073414144;34873344;1162764288;0;0;0;0;0;0;0;0;0;0;0;2755;0;0;95;0;160;0;
20487;6841009;1073414144;34873344;1162764288;0;0;0;0;0;0;0;0;0;0;0;2896;0;0;95;0;160;0;
20488;4957026;1073414144;34873344;1162764288;0;0;0;0;0;0;0;0;0;0;0;3096;0;0;95;0;160;0;
20489;5838830;1073414144;34873344;1162764288;0;0;0;0;0;0;0;0;0;0;0;2625;0;0;95;0;160;0;
20490;4847521;1073414144;34873344;1162764288;0;0;0;0;0;0;0;0;0;0;0;3396;0;0;95;0;160;0;
20491;6069723;1073414144;34873344;1162764288;0;0;0;0;0;0;0;0;0;0;0;2234;0;0;95;0;160;0;
20492;4083989;1073414144;34873344;1162764288;0;0;0;0;0;0;0;0;0;0;0;3677;0;0;95;0;160;0;
20493;6021994;1073414144;34873344;1162764288;0;0;0;0;0;0;0;0;0;0;0;2104;0;0;95;0;160;0;
20494;4480693;1073414144;34873344;1162764288;0;0;0;0;0;0;0;0;0;0;0;2725;0;0;95;0;160;0;
20495;5866542;1073414144;34873344;1162764288;0;0;0;0;0;0;0;0;0;0;0;2745;0;0;95;0;160;0;
20496;5155038;1073414144;34873344;1162764288;0;0;0;0;0;0;0;0;0;0;0;3546;0;0;95;0;160;0;
20497;5192779;1073414144;34873344;1162764288;0;0;0;0;0;0;0;0;0;0;0;2034;0;0;95;0;160;0;
20498;5157813;1073414144;34873344;1162764288;0;0;0;0;0;0;0;0;0;0;0;3627;0;0;95;0;160;0;
20499;5167251;1073414144;34873344;1162764288;0;0;0;0;0;0;0;0;0;0;0;2364;0;0;95;0;160;0;
20500;4733677;1073414144;34873344;1162764288;0;0;0;0;0;0;0;0;0;0;0;3507;0;0;95;0;160;0;
20501;6505480;1073414144;34873344;1162764288;0;0;0;0;0;0;0;0;0;0;0;2284;0;0;95;0;160;0;
20502;4751891;1073414144;34873344;1162764288;0;0;0;0;0;0;0;0;0;0;0;3837;0;0;95;0;160;0;
20503;6637969;1073414144;34873344;1162764288;0;0;0;0;0;0;0;0;0;0;0;2986;0;0;95;0;160;0;
20504;5320819;1073414144;34873344;1162764288;0;0;0;0;0;0;0;0;0;0;0;3025;0;0;95;0;160;0;
20505;5709707;1073414144;34873344;1162764288;0;0;0;0;0;0;0;0;0;0;0;2705;0;0;95;0;160;0;
20506;4587113;1073414144;34873344;1162764288;0;0;0;0;0;0;0;0;0;0;0;4158;0;0;95;0;160;0;
20507;5447666;1073414144;34873344;1162764288;0;0;0;0;0;0;0;0;0;0;0;3236;0;0;95;0;160;0;
20508;5758259;1073414144;34873344;1162764288;0;0;0;0;0;0;0;0;0;0;0;3366;0;0;95;0;160;0;
20509;5148906;1073414144;34873344;1162764288;0;0;0;0;0;0;0;0;0;0;0;2414;0;0;95;0;160;0;
20510;4566844;1073414144;34873344;1162764288;0;0;0;0;0;0;0;0;0;0;0;3396;0;0;95;0;160;0;
20511;5443519;1073414144;34873344;1162764288;0;0;0;0;0;0;0;0;0;0;0;2064;0;0;95;0;160;0;
20512;4712869;1073414144;34873344;1162764288;0;0;0;0;0;0;0;0;0;0;0;2936;0;0;95;0;160;0;
20513;5727782;1073414144;34873344;1162764288;0;0;0;0;0;0;0;0;0;0;0;1844;0;0;95;0;160;0;
20514;4687621;1073414144;34873344;1162764288;0;0;0;0;0;0;0;0;0;0;0;2815;0;0;95;0;160;0;
20515;5558263;1073414144;34873344;1162764288;0;0;0;0;0;0;0;0;0;0;0;2685;0;0;95;0;160;0;
20516;4183005;1073414144;34873344;1162764288;0;0;0;0;0;0;0;0;0;0;0;3948;0;0;95;0;160;0;
20517;5665515;1073414144;34873344;1162764288;0;0;0;0;0;0;0;0;0;0;0;2585;0;0;95;0;160;0;
20518;4851689;1073414144;34873344;1162764288;0;0;0;0;0;0;0;0;0;0;0;3095;0;0;95;0;160;0;
20519;5723333;1073414144;34873344;1162764288;0;0;0;0;0;0;0;0;0;0;0;2394;0;0;95;0;160;0;
20520;3031595;1073414144;34873344;1162764288;0;0;0;0;0;0;0;0;0;0;0;2565;0;0;95;0;160;0;
20521;5691844;1073414144;34873344;1162764288;0;0;0;0;0;0;0;0;0;0;0;2014;0;0;95;0;160;0;
20522;3595744;1073414144;34873344;1162764288;0;0;0;0;0;0;0;0;0;0;0;2594;0;0;95;0;160;0;
20523;4843844;1073414144;34873344;1162764288;0;0;0;0;0;0;0;0;0;0;0;2014;0;0;95;0;160;0;
20524;4711165;1073414144;34873344;1162764288;0;0;0;0;0;0;0;0;0;0;0;3607;0;0;95;0;160;0;
20525;5378016;1073414144;34873344;1162764288;0;0;0;0;0;0;0;0;0;0;0;2134;0;0;95;0;160;0;
20526;5933317;1073414144;34873344;1162764288;0;0;0;0;0;0;0;0;0;0;0;3516;0;0;95;0;160;0;
20527;5826627;1073414144;34873344;1162764288;0;0;0;0;0;0;0;0;0;0;0;2324;0;0;95;0;160;0;
20528;5014805;1073414144;34873344;1162764288;0;0;0;0;0;0;0;0;0;0;0;3036;0;0;95;0;160;0;
20529;5644646;1073414144;34873344;1162764288;0;0;0;0;0;0;0;0;0;0;0;2444;0;0;95;0;160;0;
20530;5078434;1073414144;34873344;1162764288;0;0;0;0;0;0;0;0;0;0;0;3667;0;0;95;0;160;0;
20531;6397838;1073414144;34873344;1162764288;0;0;0;0;0;0;0;0;0;0;0;2555;0;0;95;0;160;0;
20532;4826452;1073414144;34873344;1162764288;0;0;0;0;0;0;0;0;0;0;0;3627;0;0;95;0;160;0;
20533;6315023;1073414144;34873344;1162764288;0;0;0;0;0;0;0;0;0;0;0;3357;0;0;95;0;160;0;
20534;6446660;1073414144;34873344;1162764288;0;0;0;0;0;0;0;0;0;0;0;3797;0;0;95;0;160;0;
20535;6676190;1073414144;34873344;1162764288;0;0;0;0;0;0;0;0;0;0;0;2925;0;0;95;0;160;0;
20536;4771288;1073414144;34873344;1162764288;0;0;0;0;0;0;0;0;0;0;0;3647;0;0;95;0;160;0;
20537;7583743;1073414144;34873344;1162764288;0;0;0;0;0;0;0;0;0;0;0;3106;0;0;95;0;160;0;
20538;4666691;1073414144;34873344;1162764288;0;0;0;0;0;0;0;0;0;0;0;4508;0;0;95;0;160;0;
20539;6421162;1073414144;34873344;1162764288;0;0;0;0;0;0;0;0;0;0;0;2285;0;0;95;0;160;0;
20540;5487351;1073414144;34873344;1162764288;0;0;0;0;0;0;0;0;0;0;0;3397;0;0;95;0;160;0;
20541;6067549;1073414144;34873344;1162764288;0;0;0;0;0;0;0;0;0;0;0;2575;0;0;95;0;160;0;
20542;5168683;1073414144;34873344;1162764288;0;0;0;0;0;0;0;0;0;0;0;4168;0;0;95;0;160;0;
20543;6040970;1073414144;34873344;1162764288;0;0;0;0;0;0;0;0;0;0;0;2825;0;0;95;0;160;0;
20544;6560513;1073414144;34873344;1162764288;0;0;0;0;0;0;0;0;0;0;0;3507;0;0;95;0;160;0;
20545;7059158;1073414144;34873344;1162764288;0;0;0;0;0;0;0;0;0;0;0;2385;0;0;95;0;160;0;
20546;6289295;1073414144;34873344;1162764288;0;0;0;0;0;0;0;0;0;0;0;4449;0;0;95;0;160;0;
20547;7118991;1073414144;34873344;1162764288;0;0;0;0;0;0;0;0;0;0;0;3427;0;0;95;0;160;0;
20548;5997107;1073414144;34873344;1162764288;0;0;0;0;0;0;0;0;0;0;0;3076;0;0;95;0;160;0;
20549;10946579;1073414144;34873344;1162764288;0;0;0;0;0;0;0;0;0;0;0;2434;0;0;95;0;160;0;
20550;6726235;1073414144;34873344;1162764288;0;0;0;0;0;0;0;0;0;0;0;252814;0;0;95;0;160;0;
20551;7045463;1073414144;34873344;1162764288;0;0;0;0;0;0;0;0;0;0;0;3266;0;0;95;0;160;0;
20552;5184533;1073414144;34873344;1162764288;0;0;0;0;0;0;0;0;0;0;0;3957;0;0;95;0;160;0;
20553;8320584;1073414144;34877440;1162768384;0;0;0;0;0;0;0;0;0;0;0;161823;0;0;95;0;160;0;
20554;5698407;1073414144;34881536;1162772480;0;0;0;0;0;0;0;0;0;0;0;3657;0;0;95;0;160;0;
20555;6797678;1073414144;34881536;1162772480;0;0;0;0;0;0;0;0;0;0;0;2835;0;0;95;0;160;0;
20556;7407341;1073414144;34881536;1162772480;0;0;0;0;0;0;0;0;0;0;0;3697;0;0;95;0;160;0;
20557;8179550;1073414144;34881536;1162772480;0;0;0;0;0;0;0;0;0;0;0;3357;0;0;95;0;160;0;
20558;5122626;1073414144;34881536;1162772480;0;0;0;0;0;0;0;0;0;0;0;4969;0;0;95;0;160;0;
20559;7669844;1073414144;34881536;1162772480;0;0;0;0;0;0;0;0;0;0;0;3627;0;0;95;0;160;0;
20560;5694129;1073414144;34873344;1162764288;0;0;0;0;0;0;0;0;0;0;0;3216;0;0;95;0;160;0;
20561;6794933;1073414144;34873344;1162764288;0;0;0;0;0;0;0;0;0;0;0;3586;0;0;95;0;160;0;
20562;6274377;1073414144;34873344;1162764288;0;0;0;0;0;0;0;0;0;0;0;4258;0;0;95;0;160;0;
20563;5731188;1073414144;34873344;1162764288;0;0;0;0;0;0;0;0;0;0;0;3086;0;0;95;0;160;0;
20564;6197002;1073414144;34873344;1162764288;0;0;0;0;0;0;0;0;0;0;0;3837;0;0;95;0;160;0;
20565;6808959;1073414144;34873344;1162764288;0;0;0;0;0;0;0;0;0;0;0;3427;0;0;95;0;160;0;
20566;6839587;1073414144;34873344;1162764288;0;0;0;0;0;0;0;0;0;0;0;3988;0;0;95;0;160;0;
20567;6866968;1073414144;34873344;1162764288;0;0;0;0;0;0;0;0;0;0;0;3056;0;0;95;0;160;0;
20568;5246479;1073414144;34873344;1162764288;0;0;0;0;0;0;0;0;0;0;0;3527;0;0;95;0;160;0;
20569;5245508;1073414144;34873344;1162764288;0;0;0;0;0;0;0;0;0;0;0;2695;0;0;95;0;160;0;
20570;6822605;1073414144;34873344;1162764288;0;0;0;0;0;0;0;0;0;0;0;4328;0;0;95;0;160;0;
20571;7094054;1073414144;34873344;1162764288;0;0;0;0;0;0;0;0;0;0;0;3757;0;0;95;0;160;0;
20572;6650973;1073414144;34873344;1162764288;0;0;0;0;0;0;0;0;0;0;0;3867;0;0;95;0;160;0;
20573;5831837;1073414144;34873344;1162764288;0;0;0;0;0;0;0;0;0;0;0;3326;0;0;95;0;160;0;
20574;7035113;1073414144;34873344;1162764288;0;0;0;0;0;0;0;0;0;0;0;3817;0;0;95;0;160;0;
20575;6896704;1073414144;34873344;1162764288;0;0;0;0;0;0;0;0;0;0;0;2445;0;0;95;0;160;0;
20576;4342554;1073414144;34873344;1162764288;0;0;0;0;0;0;0;0;0;0;0;3085;0;0;95;0;160;0;
20577;8360039;1073414144;34873344;1162764288;0;0;0;0;0;0;0;0;0;0;0;3617;0;0;95;0;160;0;
20578;7242934;1073414144;34873344;1162764288;0;0;0;0;0;0;0;0;0;0;0;4549;0;0;95;0;160;0;
20579;6137590;1073414144;34873344;1162764288;0;0;0;0;0;0;0;0;0;0;0;3567;0;0;95;0;160;0;
20580;6260641;1073414144;34873344;1162764288;0;0;0;0;0;0;0;0;0;0;0;11231;0;0;95;0;160;0;
20581;7219259;1073414144;34873344;1162764288;0;0;0;0;0;0;0;0;0;0;0;2735;0;0;95;0;160;0;
20582;5921846;1073414144;34873344;1162764288;0;0;0;0;0;0;0;0;0;0;0;3326;0;0;95;0;160;0;
20583;8181063;1073414144;34873344;1162764288;0;0;0;0;0;0;0;0;0;0;0;3918;0;0;95;0;160;0;
20584;6750490;1073414144;34873344;1162764288;0;0;0;0;0;0;0;0;0;0;0;3577;0;0;95;0;160;0;
20585;6999697;1073414144;34873344;1162764288;0;0;0;0;0;0;0;0;0;0;0;3706;0;0;95;0;160;0;
20586;7549848;1073414144;34873344;1162764288;0;0;0;0;0;0;0;0;0;0;0;2776;0;0;95;0;160;0;
20587;8864935;1073414144;34873344;1162764288;0;0;0;0;0;0;0;0;0;0;0;2825;0;0;95;0;160;0;
20588;4867288;1073414144;34873344;1162764288;0;0;0;0;0;0;0;0;0;0;0;4589;0;0;95;0;160;0;
20589;8099670;1073414144;34873344;1162764288;0;0;0;0;0;0;0;0;0;0;0;3807;0;0;95;0;160;0;
20590;4969940;1073414144;34873344;1162764288;0;0;0;0;0;0;0;0;0;0;0;3817;0;0;95;0;160;0;
20591;7386743;1073414144;34873344;1162764288;0;0;0;0;0;0;0;0;0;0;0;2385;0;0;95;0;160;0;
20592;5016397;1073414144;34873344;1162764288;0;0;0;0;0;0;0;0;0;0;0;4479;0;0;95;0;160;0;
20593;8273676;1073414144;34873344;1162764288;0;0;0;0;0;0;0;0;0;0;0;3486;0;0;95;0;160;0;
20594;5855611;1073414144;34873344;1162764288;0;0;0;0;0;0;0;0;0;0;0;3336;0;0;95;0;160;0;
20595;5815276;1073414144;34873344;1162764288;0;0;0;0;0;0;0;0;0;0;0;3657;0;0;95;0;160;0;
20596;6235914;1073414144;34873344;1162764288;0;0;0;0;0;0;0;0;0;0;0;3497;0;0;95;0;160;0;
20597;7048078;1073414144;34873344;1162764288;0;0;0;0;0;0;0;0;0;0;0;3616;0;0;95;0;160;0;
20598;5139549;1073414144;34873344;1162764288;0;0;0;0;0;0;0;0;0;0;0;3246;0;0;95;0;160;0;
20599;6250132;1073414144;34873344;1162764288;0;0;0;0;0;0;0;0;0;0;0;3637;0;0;95;0;160;0;
20600;5493222;1073414144;34873344;1162764288;0;0;0;0;0;0;0;0;0;0;0;3226;0;0;95;0;160;0;
20601;6713851;1073414144;34873344;1162764288;0;0;0;0;0;0;0;0;0;0;0;4088;0;0;95;0;160;0;
20602;5517708;1073414144;34873344;1162764288;0;0;0;0;0;0;0;0;0;0;0;228478;0;0;95;0;160;0;
20603;6850548;1073414144;34873344;1162764288;0;0;0;0;0;0;0;0;0;0;0;4469;0;0;95;0;160;0;
20604;6579789;1073414144;34873344;1162764288;0;0;0;0;0;0;0;0;0;0;0;4157;0;0;95;0;160;0;
20605;7571971;1073414144;34873344;1162764288;0;0;0;0;0;0;0;0;0;0;0;2575;0;0;95;0;160;0;
20606;5738912;1073414144;34873344;1162764288;0;0;0;0;0;0;0;0;0;0;0;3046;0;0;95;0;160;0;
20607;6550605;1073414144;34873344;1162764288;0;0;0;0;0;0;0;0;0;0;0;2264;0;0;95;0;160;0;
20608;4755448;1073414144;34873344;1162764288;0;0;0;0;0;0;0;0;0;0;0;3055;0;0;95;0;160;0;
20609;7730929;1073414144;34873344;1162764288;0;0;0;0;0;0;0;0;0;0;0;3186;0;0;95;0;160;0;
20610;5443689;1073414144;34873344;1162764288;0;0;0;0;0;0;0;0;0;0;0;4478;0;0;95;0;160;0;
20611;7571149;1073414144;34873344;1162764288;0;0;0;0;0;0;0;0;0;0;0;3887;0;0;95;0;160;0;
20612;6270429;1073414144;34873344;1162764288;0;0;0;0;0;0;0;0;0;0;0;4699;0;0;95;0;160;0;
20613;8095261;1073414144;34873344;1162764288;0;0;0;0;0;0;0;0;0;0;0;4238;0;0;95;0;160;0;
20614;7207156;1073414144;34873344;1162764288;0;0;0;0;0;0;0;0;0;0;0;3206;0;0;95;0;160;0;
20615;8512995;1073414144;34873344;1162764288;0;0;0;0;0;0;0;0;0;0;0;4779;0;0;95;0;160;0;
20616;9352409;1073414144;34873344;1162764288;0;0;0;0;0;0;0;0;0;0;0;4037;0;0;95;0;160;0;
20617;7551843;1073414144;34873344;1162764288;0;0;0;0;0;0;0;0;0;0;0;3567;0;0;95;0;160;0;
20618;8245954;1073414144;34873344;1162764288;0;0;0;0;0;0;0;0;0;0;0;3978;0;0;95;0;160;0;
20619;6660171;1073414144;34873344;1162764288;0;0;0;0;0;0;0;0;0;0;0;3126;0;0;95;0;160;0;
20620;7915985;1073414144;34873344;1162764288;0;0;0;0;0;0;0;0;0;0;0;3076;0;0;95;0;160;0;
20621;9319508;1073414144;34873344;1162764288;0;0;0;0;0;0;0;0;0;0;0;3757;0;0;95;0;160;0;
20622;7038510;1073414144;34873344;1162764288;0;0;0;0;0;0;0;0;0;0;0;4498;0;0;95;0;160;0;
20623;9066283;1073414144;34873344;1162764288;0;0;0;0;0;0;0;0;0;0;0;3667;0;0;95;0;160;0;
20624;8898287;1073414144;34873344;1162764288;0;0;0;0;0;0;0;0;0;0;0;3767;0;0;95;0;160;0;
20625;7757688;1073414144;34873344;1162764288;0;0;0;0;0;0;0;0;0;0;0;4258;0;0;95;0;160;0;
20626;5939088;1073414144;34873344;1162764288;0;0;0;0;0;0;0;0;0;0;0;3626;0;0;95;0;160;0;
20627;6880364;1073414144;34873344;1162764288;0;0;0;0;0;0;0;0;0;0;0;3868;0;0;95;0;160;0;
20628;5481179;1073414144;34873344;1162764288;0;0;0;0;0;0;0;0;0;0;0;2935;0;0;95;0;160;0;
20629;9517529;1073414144;34873344;1162764288;0;0;0;0;0;0;0;0;0;0;0;3426;0;0;95;0;160;0;
20630;6101333;1073414144;34873344;1162764288;0;0;0;0;0;0;0;0;0;0;0;3447;0;0;95;0;160;0;
20631;9384830;1073414144;34873344;1162764288;0;0;0;0;0;0;0;0;0;0;0;3867;0;0;95;0;160;0;
20632;5765763;1073414144;34873344;1162764288;0;0;0;0;0;0;0;0;0;0;0;4148;0;0;95;0;160;0;
20633;8378933;1073414144;34873344;1162764288;0;0;0;0;0;0;0;0;0;0;0;4148;0;0;95;0;160;0;
20634;7086891;1073414144;34873344;1162764288;0;0;0;0;0;0;0;0;0;0;0;3977;0;0;95;0;160;0;
20635;7964867;1073414144;34873344;1162764288;0;0;0;0;0;0;0;0;0;0;0;3948;0;0;95;0;160;0;
20636;6021713;1073414144;34873344;1162764288;0;0;0;0;0;0;0;0;0;0;0;4268;0;0;95;0;160;0;
20637;9768680;1073414144;34873344;1162764288;0;0;0;0;0;0;0;0;0;0;0;5049;0;0;95;0;160;0;
20638;7813193;1073414144;34873344;1162764288;0;0;0;0;0;0;0;0;0;0;0;4688;0;0;95;0;160;0;
20639;8137341;1073414144;34873344;1162764288;0;0;0;0;0;0;0;0;0;0;0;2525;0;0;95;0;160;0;
20640;8745261;1073414144;34873344;1162764288;0;0;0;0;0;0;0;0;0;0;0;3847;0;0;95;0;160;0;
20641;9580417;1073414144;34873344;1162764288;0;0;0;0;0;0;0;0;0;0;0;4779;0;0;95;0;160;0;
20642;8471046;1073414144;34873344;1162764288;0;0;0;0;0;0;0;0;0;0;0;3586;0;0;95;0;160;0;
20643;9439784;1073414144;34873344;1162764288;0;0;0;0;0;0;0;0;0;0;0;3567;0;0;95;0;160;0;
20644;6366209;1073414144;34873344;1162764288;0;0;0;0;0;0;0;0;0;0;0;3717;0;0;95;0;160;0;
20645;8887016;1073414144;34873344;1162764288;0;0;0;0;0;0;0;0;0;0;0;3707;0;0;95;0;160;0;
20646;7090948;1073414144;34873344;1162764288;0;0;0;0;0;0;0;0;0;0;0;3857;0;0;95;0;160;0;
20647;8497716;1073414144;34873344;1162764288;0;0;0;0;0;0;0;0;0;0;0;3306;0;0;95;0;160;0;
20648;7168954;1073414144;34873344;1162764288;0;0;0;0;0;0;0;0;0;0;0;3687;0;0;95;0;160;0;
20649;8750410;1073414144;34873344;1162764288;0;0;0;0;0;0;0;0;0;0;0;2916;0;0;95;0;160;0;
20650;8387099;1073414144;34873344;1162764288;0;0;0;0;0;0;0;0;0;0;0;3427;0;0;95;0;160;0;
20651;9560039;1073414144;34873344;1162764288;0;0;0;0;0;0;0;0;0;0;0;4167;0;0;95;0;160;0;
20652;9209211;1073414144;34873344;1162764288;0;0;0;0;0;0;0;0;0;0;0;3617;0;0;95;0;160;0;
20653;7823902;1073414144;34873344;1162764288;0;0;0;0;0;0;0;0;0;0;0;2986;0;0;95;0;160;0;
20654;6754447;1073414144;34873344;1162764288;0;0;0;0;0;0;0;0;0;0;0;3707;0;0;95;0;160;0;
20655;6594687;1073414144;34873344;1162764288;0;0;0;0;0;0;0;0;0;0;0;2745;0;0;95;0;160;0;
20656;8526931;1073414144;34873344;1162764288;0;0;0;0;0;0;0;0;0;0;0;3346;0;0;95;0;160;0;
20657;6367701;1073414144;34873344;1162764288;0;0;0;0;0;0;0;0;0;0;0;3046;0;0;95;0;160;0;
20658;8153711;1073414144;34873344;1162764288;0;0;0;0;0;0;0;0;0;0;0;3387;0;0;95;0;160;0;
20659;9170197;1073414144;34873344;1162764288;0;0;0;0;0;0;0;0;0;0;0;4107;0;0;95;0;160;0;
20660;6566194;1073414144;34873344;1162764288;0;0;0;0;0;0;0;0;0;0;0;2896;0;0;95;0;160;0;
20661;7415747;1073414144;34873344;1162764288;0;0;0;0;0;0;0;0;0;0;0;2965;0;0;95;0;160;0;
20662;6848563;1073414144;34873344;1162764288;0;0;0;0;0;0;0;0;0;0;0;2875;0;0;95;0;160;0;
20663;7977661;1073414144;34873344;1162764288;0;0;0;0;0;0;0;0;0;0;0;4157;0;0;95;0;160;0;
20664;4858041;1073414144;34873344;1162764288;0;0;0;0;0;0;0;0;0;0;0;3477;0;0;95;0;160;0;
20665;7403174;1073414144;34873344;1162764288;0;0;0;0;0;0;0;0;0;0;0;3135;0;0;95;0;160;0;
20666;5854089;1073414144;34873344;1162764288;0;0;0;0;0;0;0;0;0;0;0;2905;0;0;95;0;160;0;
20667;8626298;1073414144;34873344;1162764288;0;0;0;0;0;0;0;0;0;0;0;3797;0;0;95;0;160;0;
20668;5485678;1073414144;34873344;1162764288;0;0;0;0;0;0;0;0;0;0;0;3506;0;0;95;0;160;0;
20669;7615993;1073414144;34873344;1162764288;0;0;0;0;0;0;0;0;0;0;0;3206;0;0;95;0;160;0;
20670;7072965;1073414144;34873344;1162764288;0;0;0;0;0;0;0;0;0;0;0;3035;0;0;95;0;160;0;
20671;7043960;1073414144;34873344;1162764288;0;0;0;0;0;0;0;0;0;0;0;2805;0;0;95;0;160;0;
20672;5850843;1073414144;34873344;1162764288;0;0;0;0;0;0;0;0;0;0;0;3427;0;0;95;0;160;0;
20673;7442828;1073414144;34873344;1162764288;0;0;0;0;0;0;0;0;0;0;0;3096;0;0;95;0;160;0;
20674;7086210;1073414144;34873344;1162764288;0;0;0;0;0;0;0;0;0;0;0;2976;0;0;95;0;160;0;
20675;7193200;1073414144;34873344;1162764288;0;0;0;0;0;0;0;0;0;0;0;4599;0;0;95;0;160;0;
20676;6201611;1073414144;34873344;1162764288;0;0;0;0;0;0;0;0;0;0;0;3406;0;0;95;0;160;0;
20677;7472464;1073414144;34873344;1162764288;0;0;0;0;0;0;0;0;0;0;0;3848;0;0;95;0;160;0;
20678;7639687;1073414144;34873344;1162764288;0;0;0;0;0;0;0;0;0;0;0;3467;0;0;95;0;160;0;
20679;8167867;1073414144;34873344;1162764288;0;0;0;0;0;0;0;0;0;0;0;3196;0;0;95;0;160;0;
20680;6900100;1073414144;34873344;1162764288;0;0;0;0;0;0;0;0;0;0;0;2865;0;0;95;0;160;0;
20681;6755179;1073414144;34873344;1162764288;0;0;0;0;0;0;0;0;0;0;0;4078;0;0;95;0;160;0;
20682;5462765;1073414144;34873344;1162764288;0;0;0;0;0;0;0;0;0;0;0;3095;0;0;95;0;160;0;
20683;6276451;1073414144;34873344;1162764288;0;0;0;0;0;0;0;0;0;0;0;3847;0;0;95;0;160;0;
20684;6731755;1073414144;34873344;1162764288;0;0;0;0;0;0;0;0;0;0;0;3085;0;0;95;0;160;0;
20685;8242878;1073414144;34873344;1162764288;0;0;0;0;0;0;0;0;0;0;0;4489;0;0;95;0;160;0;
20686;6903457;1073414144;34873344;1162764288;0;0;0;0;0;0;0;0;0;0;0;3677;0;0;95;0;160;0;
20687;7250257;1073414144;34873344;1162764288;0;0;0;0;0;0;0;0;0;0;0;3396;0;0;95;0;160;0;
20688;8295387;1073414144;34873344;1162764288;0;0;0;0;0;0;0;0;0;0;0;3106;0;0;95;0;160;0;
20689;8317288;1073414144;34873344;1162764288;0;0;0;0;0;0;0;0;0;0;0;2315;0;0;95;0;160;0;
20690;6104127;1073414144;34873344;1162764288;0;0;0;0;0;0;0;0;0;0;0;3978;0;0;95;0;160;0;
20691;6293553;1073414144;34873344;1162764288;0;0;0;0;0;0;0;0;0;0;0;2064;0;0;95;0;160;0;
20692;3657950;1073414144;34873344;1162764288;0;0;0;0;0;0;0;0;0;0;0;2515;0;0;95;0;160;0;
20693;6871848;1073414144;34873344;1162764288;0;0;0;0;0;0;0;0;0;0;0;2034;0;0;95;0;160;0;
20694;3645136;1073414144;34873344;1162764288;0;0;0;0;0;0;0;0;0;0;0;3417;0;0;95;0;160;0;
20695;5298396;1073414144;34873344;1162764288;0;0;0;0;0;0;0;0;0;0;0;2194;0;0;95;0;160;0;
20696;4676560;1073414144;34873344;1162764288;0;0;0;0;0;0;0;0;0;0;0;2935;0;0;95;0;160;0;
20697;5312263;1073414144;34873344;1162764288;0;0;0;0;0;0;0;0;0;0;0;2695;0;0;95;0;160;0;
20698;3237622;1073414144;34873344;1162764288;0;0;0;0;0;0;0;0;0;0;0;3206;0;0;95;0;160;0;
20699;5951241;1073414144;34873344;1162764288;0;0;0;0;0;0;0;0;0;0;0;1943;0;0;95;0;160;0;
20700;3910143;1073414144;34873344;1162764288;0;0;0;0;0;0;0;0;0;0;0;2575;0;0;95;0;160;0;
20701;6740631;1073414144;34873344;1162764288;0;0;0;0;0;0;0;0;0;0;0;2204;0;0;95;0;160;0;
20702;4484771;1073414144;34873344;1162764288;0;0;0;0;0;0;0;0;0;0;0;3386;0;0;95;0;160;0;
20703;5640758;1073414144;34873344;1162764288;0;0;0;0;0;0;0;0;0;0;0;2315;0;0;95;0;160;0;
20704;3873294;1073414144;34873344;1162764288;0;0;0;0;0;0;0;0;0;0;0;2995;0;0;95;0;160;0;
20705;6189588;1073414144;34873344;1162764288;0;0;0;0;0;0;0;0;0;0;0;2825;0;0;95;0;160;0;
20706;3914341;1073414144;34873344;1162764288;0;0;0;0;0;0;0;0;0;0;0;2816;0;0;95;0;160;0;
20707;5991887;1073414144;34873344;1162764288;0;0;0;0;0;0;0;0;0;0;0;1954;0;0;95;0;160;0;
20708;5185996;1073414144;34873344;1162764288;0;0;0;0;0;0;0;0;0;0;0;3136;0;0;95;0;160;0;
20709;5265765;1073414144;34873344;1162764288;0;0;0;0;0;0;0;0;0;0;0;2304;0;0;95;0;160;0;
20710;5408513;1073414144;34873344;1162764288;0;0;0;0;0;0;0;0;0;0;0;3556;0;0;95;0;160;0;
20711;6289956;1073414144;34873344;1162764288;0;0;0;0;0;0;0;0;0;0;0;2164;0;0;95;0;160;0;
20712;2869422;1073414144;34873344;1162764288;0;0;0;0;0;0;0;0;0;0;0;2695;0;0;95;0;160;0;
20713;5726409;1073414144;34873344;1162764288;0;0;0;0;0;0;0;0;0;0;0;2334;0;0;95;0;160;0;
20714;4654619;1073414144;34873344;1162764288;0;0;0;0;0;0;0;0;0;0;0;3667;0;0;95;0;160;0;
20715;4415541;1073414144;34873344;1162764288;0;0;0;0;0;0;0;0;0;0;0;1933;0;0;95;0;160;0;
20716;6273165;1073414144;34873344;1162764288;0;0;0;0;0;0;0;0;0;0;0;4178;0;0;95;0;160;0;
20717;5711251;1073414144;34873344;1162764288;0;0;0;0;0;0;0;0;0;0;0;2154;0;0;95;0;160;0;
20718;4724059;1073414144;34873344;1162764288;0;0;0;0;0;0;0;0;0;0;0;3517;0;0;95;0;160;0;
20719;5773568;1073414144;34873344;1162764288;0;0;0;0;0;0;0;0;0;0;0;2254;0;0;95;0;160;0;
20720;5005297;1073414144;34873344;1162764288;0;0;0;0;0;0;0;0;0;0;0;3115;0;0;95;0;160;0;
20721;5758289;1073414144;34873344;1162764288;0;0;0;0;0;0;0;0;0;0;0;2254;0;0;95;0;160;0;
20722;6466267;1073414144;34873344;1162764288;0;0;0;0;0;0;0;0;0;0;0;3136;0;0;95;0;160;0;
20723;5370191;1073414144;34873344;1162764288;0;0;0;0;0;0;0;0;0;0;0;1954;0;0;95;0;160;0;
20724;5331419;1073414144;34873344;1162764288;0;0;0;0;0;0;0;0;0;0;0;3336;0;0;95;0;160;0;
20725;6077868;1073414144;34873344;1162764288;0;0;0;0;0;0;0;0;0;0;0;1944;0;0;95;0;160;0;
20726;4537770;1073414144;34873344;1162764288;0;0;0;0;0;0;0;0;0;0;0;2745;0;0;95;0;160;0;
20727;5725798;1073414144;34873344;1162764288;0;0;0;0;0;0;0;0;0;0;0;2405;0;0;95;0;160;0;
20728;3644424;1073414144;34873344;1162764288;0;0;0;0;0;0;0;0;0;0;0;2735;0;0;95;0;160;0;
20729;7442116;1073414144;34873344;1162764288;0;0;0;0;0;0;0;0;0;0;0;3096;0;0;95;0;160;0;
20730;4314441;1073414144;34873344;1162764288;0;0;0;0;0;0;0;0;0;0;0;3547;0;0;95;0;160;0;
20731;6650602;1073414144;34873344;1162764288;0;0;0;0;0;0;0;0;0;0;0;1813;0;0;95;0;160;0;
20732;5891138;1073414144;34873344;1162764288;0;0;0;0;0;0;0;0;0;0;0;3186;0;0;95;0;160;0;
20733;7358591;1073414144;34873344;1162764288;0;0;0;0;0;0;0;0;0;0;0;2856;0;0;95;0;160;0;
20734;4300905;1073414144;34873344;1162764288;0;0;0;0;0;0;0;0;0;0;0;2725;0;0;95;0;160;0;
20735;7612727;1073414144;34873344;1162764288;0;0;0;0;0;0;0;0;0;0;0;2204;0;0;95;0;160;0;
20736;5401910;1073414144;34873344;1162764288;0;0;0;0;0;0;0;0;0;0;0;3406;0;0;95;0;160;0;
20737;6797107;1073414144;34873344;1162764288;0;0;0;0;0;0;0;0;0;0;0;2555;0;0;95;0;160;0;
20738;4294403;1073414144;34873344;1162764288;0;0;0;0;0;0;0;0;0;0;0;2986;0;0;95;0;160;0;
20739;8531339;1073414144;34873344;1162764288;0;0;0;0;0;0;0;0;0;0;0;4499;0;0;95;0;160;0;
20740;5241650;1073414144;34873344;1162764288;0;0;0;0;0;0;0;0;0;0;0;5942;0;0;95;0;160;0;
20741;10274369;1073414144;34873344;1162764288;0;0;0;0;0;0;0;0;0;0;0;3817;0;0;95;0;160;0;
20742;5356425;1073414144;34873344;1162764288;0;0;0;0;0;0;0;0;0;0;0;4519;0;0;95;0;160;0;
20743;7683931;1073414144;34873344;1162764288;0;0;0;0;0;0;0;0;0;0;0;3627;0;0;95;0;160;0;
20744;6787660;1073414144;34873344;1162764288;0;0;0;0;0;0;0;0;0;0;0;4217;0;0;95;0;160;0;
20745;9795581;1073414144;34873344;1162764288;0;0;0;0;0;0;0;0;0;0;0;4288;0;0;95;0;160;0;
20746;6926600;1073414144;34873344;1162764288;0;0;0;0;0;0;0;0;0;0;0;3407;0;0;95;0;160;0;
20747;7800920;1073414144;34873344;1162764288;0;0;0;0;0;0;0;0;0;0;0;4178;0;0;95;0;160;0;
20748;6367682;1073414144;34873344;1162764288;0;0;0;0;0;0;0;0;0;0;0;2976;0;0;95;0;160;0;
20749;11921557;1073414144;34873344;1162764288;0;0;0;0;0;0;0;0;0;0;0;3797;0;0;95;0;160;0;
20750;7754403;1073414144;34873344;1162764288;0;0;0;0;0;0;0;0;0;0;0;4438;0;0;95;0;160;0;
20751;8020201;1073414144;34873344;1162764288;0;0;0;0;0;0;0;0;0;0;0;3055;0;0;95;0;160;0;
20752;8607752;1073414144;34873344;1162764288;0;0;0;0;0;0;0;0;0;0;0;2915;0;0;95;0;160;0;
20753;7247372;1073414144;34873344;1162764288;0;0;0;0;0;0;0;0;0;0;0;3366;0;0;95;0;160;0;
20754;6656132;1073414144;34873344;1162764288;0;0;0;0;0;0;0;0;0;0;0;4839;0;0;95;0;160;0;
20755;8184900;1073414144;34873344;1162764288;0;0;0;0;0;0;0;0;0;0;0;3747;0;0;95;0;160;0;
20756;5819855;1073414144;34873344;1162764288;0;0;0;0;0;0;0;0;0;0;0;4148;0;0;95;0;160;0;
20757;10273216;1073414144;34873344;1162764288;0;0;0;0;0;0;0;0;0;0;0;3897;0;0;95;0;160;0;
20758;7117719;1073414144;34873344;1162764288;0;0;0;0;0;0;0;0;0;0;0;4128;0;0;95;0;160;0;
20759;10485054;1073414144;34873344;1162764288;0;0;0;0;0;0;0;0;0;0;0;4489;0;0;95;0;160;0;
20760;9713126;1073414144;34873344;1162764288;0;0;0;0;0;0;0;0;0;0;0;3998;0;0;95;0;160;0;
20761;8919157;1073414144;34873344;1162764288;0;0;0;0;0;0;0;0;0;0;0;3186;0;0;95;0;160;0;
20762;5522898;1073414144;34873344;1162764288;0;0;0;0;0;0;0;0;0;0;0;4298;0;0;95;0;160;0;
20763;7635179;1073414144;34873344;1162764288;0;0;0;0;0;0;0;0;0;0;0;2795;0;0;95;0;160;0;
20764;5887110;1073414144;34873344;1162764288;0;0;0;0;0;0;0;0;0;0;0;2926;0;0;95;0;160;0;
20765;7469178;1073414144;34873344;1162764288;0;0;0;0;0;0;0;0;0;0;0;4087;0;0;95;0;160;0;
20766;6492576;1073414144;34873344;1162764288;0;0;0;0;0;0;0;0;0;0;0;6653;0;0;95;0;160;0;
20767;7117027;1073414144;34873344;1162764288;0;0;0;0;0;0;0;0;0;0;0;3496;0;0;95;0;160;0;
20768;6360969;1073414144;34873344;1162764288;0;0;0;0;0;0;0;0;0;0;0;3597;0;0;95;0;160;0;
20769;8058874;1073414144;34873344;1162764288;0;0;0;0;0;0;0;0;0;0;0;4208;0;0;95;0;160;0;
20770;4888357;1073414144;34873344;1162764288;0;0;0;0;0;0;0;0;0;0;0;4739;0;0;95;0;160;0;
20771;11456716;1073414144;34873344;1162764288;0;0;0;0;0;0;0;0;0;0;0;4479;0;0;95;0;160;0;
20772;6983096;1073414144;34873344;1162764288;0;0;0;0;0;0;0;0;0;0;0;2966;0;0;95;0;160;0;
20773;7404276;1073414144;34877440;1162768384;0;0;0;0;0;0;0;0;0;0;0;3877;0;0;95;0;160;0;
20774;9169977;1073414144;34881536;1162772480;0;0;0;0;0;0;0;0;0;0;0;3447;0;0;95;0;160;0;
20775;8692803;1073414144;34881536;1162772480;0;0;0;0;0;0;0;0;0;0;0;3657;0;0;95;0;160;0;
20776;8331866;1073414144;34881536;1162772480;0;0;0;0;0;0;0;0;0;0;0;6112;0;0;95;0;160;0;
20777;9111107;1073414144;34881536;1162772480;0;0;0;0;0;0;0;0;0;0;0;3116;0;0;95;0;160;0;
20778;5709267;1073414144;34881536;1162772480;0;0;0;0;0;0;0;0;0;0;0;4849;0;0;95;0;160;0;
20779;8966917;1073414144;34881536;1162772480;0;0;0;0;0;0;0;0;0;0;0;5250;0;0;95;0;160;0;
20780;8032224;1073414144;34873344;1162764288;0;0;0;0;0;0;0;0;0;0;0;6081;0;0;95;0;160;0;
20781;8990631;1073414144;34873344;1162764288;0;0;0;0;0;0;0;0;0;0;0;4598;0;0;95;0;160;0;
20782;7107920;1073414144;34873344;1162764288;0;0;0;0;0;0;0;0;0;0;0;3236;0;0;95;0;160;0;
20783;8270881;1073414144;34873344;1162764288;0;0;0;0;0;0;0;0;0;0;0;3346;0;0;95;0;160;0;
20784;7574275;1073414144;34873344;1162764288;0;0;0;0;0;0;0;0;0;0;0;3156;0;0;95;0;160;0;
20785;9127017;1073414144;34873344;1162764288;0;0;0;0;0;0;0;0;0;0;0;3837;0;0;95;0;160;0;
20786;6869753;1073414144;34873344;1162764288;0;0;0;0;0;0;0;0;0;0;0;6121;0;0;95;0;160;0;
20787;8664970;1073414144;34873344;1162764288;0;0;0;0;0;0;0;0;0;0;0;3857;0;0;95;0;160;0;
20788;7061984;1073414144;34873344;1162764288;0;0;0;0;0;0;0;0;0;0;0;4148;0;0;95;0;160;0;
20789;8481486;1073414144;34873344;1162764288;0;0;0;0;0;0;0;0;0;0;0;3727;0;0;95;0;160;0;
20790;8418659;1073414144;34873344;1162764288;0;0;0;0;0;0;0;0;0;0;0;3487;0;0;95;0;160;0;
20791;9137666;1073414144;34873344;1162764288;0;0;0;0;0;0;0;0;0;0;0;3406;0;0;95;0;160;0;
20792;5627784;1073414144;34873344;1162764288;0;0;0;0;0;0;0;0;0;0;0;2685;0;0;95;0;160;0;
20793;9268382;1073414144;34873344;1162764288;0;0;0;0;0;0;0;0;0;0;0;3266;0;0;95;0;160;0;
20794;5316710;1073414144;34873344;1162764288;0;0;0;0;0;0;0;0;0;0;0;3957;0;0;95;0;160;0;
20795;9598671;1073414144;34873344;1162764288;0;0;0;0;0;0;0;0;0;0;0;4098;0;0;95;0;160;0;
20796;6670139;1073414144;34873344;1162764288;0;0;0;0;0;0;0;0;0;0;0;3386;0;0;95;0;160;0;
20797;8973459;1073414144;34873344;1162764288;0;0;0;0;0;0;0;0;0;0;0;3647;0;0;95;0;160;0;
20798;5388566;1073414144;34873344;1162764288;0;0;0;0;0;0;0;0;0;0;0;2875;0;0;95;0;160;0;
20799;7534009;1073414144;34873344;1162764288;0;0;0;0;0;0;0;0;0;0;0;3296;0;0;95;0;160;0;
20800;6701037;1073414144;34873344;1162764288;0;0;0;0;0;0;0;0;0;0;0;3546;0;0;95;0;160;0;
20801;7665165;1073414144;34873344;1162764288;0;0;0;0;0;0;0;0;0;0;0;3587;0;0;95;0;160;0;
20802;6513284;1073414144;34873344;1162764288;0;0;0;0;0;0;0;0;0;0;0;3807;0;0;95;0;160;0;
20803;7893975;1073414144;34873344;1162764288;0;0;0;0;0;0;0;0;0;0;0;3476;0;0;95;0;160;0;
20804;4719240;1073414144;34873344;1162764288;0;0;0;0;0;0;0;0;0;0;0;4288;0;0;95;0;160;0;
20805;8803039;1073414144;34873344;1162764288;0;0;0;0;0;0;0;0;0;0;0;3837;0;0;95;0;160;0;
20806;5610061;1073414144;34873344;1162764288;0;0;0;0;0;0;0;0;0;0;0;3025;0;0;95;0;160;0;
20807;7140181;1073414144;34873344;1162764288;0;0;0;0;0;0;0;0;0;0;0;3357;0;0;95;0;160;0;
20808;5079336;1073414144;34873344;1162764288;0;0;0;0;0;0;0;0;0;0;0;3316;0;0;95;0;160;0;
20809;8260392;1073414144;34873344;1162764288;0;0;0;0;0;0;0;0;0;0;0;2555;0;0;95;0;160;0;
20810;6911422;1073414144;34873344;1162764288;0;0;0;0;0;0;0;0;0;0;0;2926;0;0;95;0;160;0;
20811;6851990;1073414144;34873344;1162764288;0;0;0;0;0;0;0;0;0;0;0;4068;0;0;95;0;160;0;
20812;5550760;1073414144;34873344;1162764288;0;0;0;0;0;0;0;0;0;0;0;2544;0;0;95;0;160;0;
20813;5402822;1073414144;34873344;1162764288;0;0;0;0;0;0;0;0;0;0;0;2946;0;0;95;0;160;0;
20814;5100956;1073414144;34873344;1162764288;0;0;0;0;0;0;0;0;0;0;0;3547;0;0;95;0;160;0;
20815;6088578;1073414144;34873344;1162764288;0;0;0;0;0;0;0;0;0;0;0;2475;0;0;95;0;160;0;
20816;6160072;1073414144;34873344;1162764288;0;0;0;0;0;0;0;0;0;0;0;3887;0;0;95;0;160;0;
20817;6760960;1073414144;34873344;1162764288;0;0;0;0;0;0;0;0;0;0;0;2444;0;0;95;0;160;0;
20818;7164366;1073414144;34873344;1162764288;0;0;0;0;0;0;0;0;0;0;0;2905;0;0;95;0;160;0;
20819;6850538;1073414144;34873344;1162764288;0;0;0;0;0;0;0;0;0;0;0;2575;0;0;95;0;160;0;
20820;5467904;1073414144;34873344;1162764288;0;0;0;0;0;0;0;0;0;0;0;3096;0;0;95;0;160;0;
20821;6390534;1073414144;34873344;1162764288;0;0;0;0;0;0;0;0;0;0;0;2405;0;0;95;0;160;0;
20822;5702735;1073414144;34873344;1162764288;0;0;0;0;0;0;0;0;0;0;0;3075;0;0;95;0;160;0;
20823;6808248;1073414144;34873344;1162764288;0;0;0;0;0;0;0;0;0;0;0;2745;0;0;95;0;160;0;
20824;5669673;1073414144;34873344;1162764288;0;0;0;0;0;0;0;0;0;0;0;3416;0;0;95;0;160;0;
20825;6307198;1073414144;34873344;1162764288;0;0;0;0;0;0;0;0;0;0;0;2344;0;0;95;0;160;0;
20826;4764365;1073414144;34873344;1162764288;0;0;0;0;0;0;0;0;0;0;0;3206;0;0;95;0;160;0;
20827;7146422;1073414144;34873344;1162764288;0;0;0;0;0;0;0;0;0;0;0;2574;0;0;95;0;160;0;
20828;4611439;1073414144;34873344;1162764288;0;0;0;0;0;0;0;0;0;0;0;2905;0;0;95;0;160;0;
20829;5842968;1073414144;34873344;1162764288;0;0;0;0;0;0;0;0;0;0;0;3045;0;0;95;0;160;0;
20830;4700184;1073414144;34873344;1162764288;0;0;0;0;0;0;0;0;0;0;0;3446;0;0;95;0;160;0;
20831;7176608;1073414144;34873344;1162764288;0;0;0;0;0;0;0;0;0;0;0;2504;0;0;95;0;160;0;
20832;5354070;1073414144;34873344;1162764288;0;0;0;0;0;0;0;0;0;0;0;3727;0;0;95;0;160;0;
20833;6812196;1073414144;34873344;1162764288;0;0;0;0;0;0;0;0;0;0;0;3416;0;0;95;0;160;0;
20834;5867343;1073414144;34873344;1162764288;0;0;0;0;0;0;0;0;0;0;0;3527;0;0;95;0;160;0;
20835;7199752;1073414144;34873344;1162764288;0;0;0;0;0;0;0;0;0;0;0;2284;0;0;95;0;160;0;
20836;4702649;1073414144;34873344;1162764288;0;0;0;0;0;0;0;0;0;0;0;3847;0;0;95;0;160;0;
20837;7483755;1073414144;34873344;1162764288;0;0;0;0;0;0;0;0;0;0;0;3506;0;0;95;0;160;0;
20838;5260595;1073414144;34873344;1162764288;0;0;0;0;0;0;0;0;0;0;0;3797;0;0;95;0;160;0;
20839;11197109;1073414144;34873344;1162764288;0;0;0;0;0;0;0;0;0;0;0;2585;0;0;95;0;160;0;
20840;6874623;1073414144;34873344;1162764288;0;0;0;0;0;0;0;0;0;0;0;3617;0;0;95;0;160;0;
20841;5274000;1073414144;34873344;1162764288;0;0;0;0;0;0;0;0;0;0;0;2445;0;0;95;0;160;0;
20842;6901613;1073414144;34873344;1162764288;0;0;0;0;0;0;0;0;0;0;0;4057;0;0;95;0;160;0;
20843;5432498;1073414144;34873344;1162764288;0;0;0;0;0;0;0;0;0;0;0;1894;0;0;95;0;160;0;
20844;6758905;1073414144;34873344;1162764288;0;0;0;0;0;0;0;0;0;0;0;3016;0;0;95;0;160;0;
20845;6804631;1073414144;34877440;1162768384;0;0;0;0;0;0;0;0;0;0;0;5090;0;0;95;0;160;0;
20846;4727736;1073414144;34881536;1162772480;0;0;0;0;0;0;0;0;0;0;0;3096;0;0;95;0;160;0;
20847;6354067;1073414144;34881536;1162772480;0;0;0;0;0;0;0;0;0;0;0;2495;0;0;95;0;160;0;
20848;5271426;1073414144;34881536;1162772480;0;0;0;0;0;0;0;0;0;0;0;3897;0;0;95;0;160;0;
20849;6470204;1073414144;34881536;1162772480;0;0;0;0;0;0;0;0;0;0;0;3456;0;0;95;0;160;0;
20850;6636235;1073414144;34881536;1162772480;0;0;0;0;0;0;0;0;0;0;0;4599;0;0;95;0;160;0;
20851;7367246;1073414144;34881536;1162772480;0;0;0;0;0;0;0;0;0;0;0;4789;0;0;95;0;160;0;
20852;5011238;1073414144;34873344;1162764288;0;0;0;0;0;0;0;0;0;0;0;3166;0;0;95;0;160;0;
20853;7556341;1073414144;34873344;1162764288;0;0;0;0;0;0;0;0;0;0;0;2975;0;0;95;0;160;0;
20854;4910560;1073414144;34873344;1162764288;0;0;0;0;0;0;0;0;0;0;0;4168;0;0;95;0;160;0;
20855;8053203;1073414144;34873344;1162764288;0;0;0;0;0;0;0;0;0;0;0;2805;0;0;95;0;160;0;
20856;3464497;1073414144;34873344;1162764288;0;0;0;0;0;0;0;0;0;0;0;3527;0;0;95;0;160;0;
20857;8885954;1073414144;34873344;1162764288;0;0;0;0;0;0;0;0;0;0;0;3647;0;0;95;0;160;0;
20858;4856528;1073414144;34873344;1162764288;0;0;0;0;0;0;0;0;0;0;0;3667;0;0;95;0;160;0;
20859;6121691;1073414144;34873344;1162764288;0;0;0;0;0;0;0;0;0;0;0;2234;0;0;95;0;160;0;
20860;5089876;1073414144;34873344;1162764288;0;0;0;0;0;0;0;0;0;0;0;3587;0;0;95;0;160;0;
20861;6783822;1073414144;34873344;1162764288;0;0;0;0;0;0;0;0;0;0;0;2686;0;0;95;0;160;0;
20862;5272297;1073414144;34873344;1162764288;0;0;0;0;0;0;0;0;0;0;0;4378;0;0;95;0;160;0;
20863;7636943;1073414144;34873344;1162764288;0;0;0;0;0;0;0;0;0;0;0;2976;0;0;95;0;160;0;
20864;5396711;1073414144;34873344;1162764288;0;0;0;0;0;0;0;0;0;0;0;3296;0;0;95;0;160;0;
20865;7077513;1073414144;34873344;1162764288;0;0;0;0;0;0;0;0;0;0;0;2875;0;0;95;0;160;0;
20866;4441470;1073414144;34873344;1162764288;0;0;0;0;0;0;0;0;0;0;0;3556;0;0;95;0;160;0;
20867;7411439;1073414144;34873344;1162764288;0;0;0;0;0;0;0;0;0;0;0;4138;0;0;95;0;160;0;
20868;4351250;1073414144;34873344;1162764288;0;0;0;0;0;0;0;0;0;0;0;2705;0;0;95;0;160;0;
20869;7318155;1073414144;34873344;1162764288;0;0;0;0;0;0;0;0;0;0;0;3807;0;0;95;0;160;0;
20870;3687245;1073414144;34873344;1162764288;0;0;0;0;0;0;0;0;0;0;0;3347;0;0;95;0;160;0;
20871;6546938;1073414144;34873344;1162764288;0;0;0;0;0;0;0;0;0;0;0;2715;0;0;95;0;160;0;
20872;4895801;1073414144;34873344;1162764288;0;0;0;0;0;0;0;0;0;0;0;3396;0;0;95;0;160;0;
20873;5853207;1073414144;34873344;1162764288;0;0;0;0;0;0;0;0;0;0;0;3066;0;0;95;0;160;0;
20874;4750068;1073414144;34873344;1162764288;0;0;0;0;0;0;0;0;0;0;0;2996;0;0;95;0;160;0;
20875;4985279;1073414144;34873344;1162764288;0;0;0;0;0;0;0;0;0;0;0;2275;0;0;95;0;160;0;
20876;6081104;1073414144;34873344;1162764288;0;0;0;0;0;0;0;0;0;0;0;3838;0;0;95;0;160;0;
20877;6944814;1073414144;34873344;1162764288;0;0;0;0;0;0;0;0;0;0;0;3016;0;0;95;0;160;0;
20878;6719121;1073414144;34873344;1162764288;0;0;0;0;0;0;0;0;0;0;0;4659;0;0;95;0;160;0;
20879;5995774;1073414144;34873344;1162764288;0;0;0;0;0;0;0;0;0;0;0;3206;0;0;95;0;160;0;
20880;5291984;1073414144;34873344;1162764288;0;0;0;0;0;0;0;0;0;0;0;3216;0;0;95;0;160;0;
20881;6713380;1073414144;34873344;1162764288;0;0;0;0;0;0;0;0;0;0;0;2765;0;0;95;0;160;0;
20882;6041309;1073414144;34873344;1162764288;0;0;0;0;0;0;0;0;0;0;0;3647;0;0;95;0;160;0;
20883;7798896;1073414144;34873344;1162764288;0;0;0;0;0;0;0;0;0;0;0;2996;0;0;95;0;160;0;
20884;4939033;1073414144;34873344;1162764288;0;0;0;0;0;0;0;0;0;0;0;3287;0;0;95;0;160;0;
20885;7974435;1073414144;34873344;1162764288;0;0;0;0;0;0;0;0;0;0;0;2786;0;0;95;0;160;0;
20886;6251514;1073414144;34873344;1162764288;0;0;0;0;0;0;0;0;0;0;0;3026;0;0;95;0;160;0;
20887;6144463;1073414144;34873344;1162764288;0;0;0;0;0;0;0;0;0;0;0;2555;0;0;95;0;160;0;
20888;6260812;1073414144;34873344;1162764288;0;0;0;0;0;0;0;0;0;0;0;2835;0;0;95;0;160;0;
20889;5796781;1073414144;34873344;1162764288;0;0;0;0;0;0;0;0;0;0;0;4588;0;0;95;0;160;0;
20890;6828246;1073414144;34873344;1162764288;0;0;0;0;0;0;0;0;0;0;0;2504;0;0;95;0;160;0;
20891;7032378;1073414144;34873344;1162764288;0;0;0;0;0;0;0;0;0;0;0;3216;0;0;95;0;160;0;
20892;5016147;1073414144;34873344;1162764288;0;0;0;0;0;0;0;0;0;0;0;3808;0;0;95;0;160;0;
20893;5519581;1073414144;34873344;1162764288;0;0;0;0;0;0;0;0;0;0;0;2304;0;0;95;0;160;0;
20894;4691348;1073414144;34873344;1162764288;0;0;0;0;0;0;0;0;0;0;0;3236;0;0;95;0;160;0;
20895;5428922;1073414144;34873344;1162764288;0;0;0;0;0;0;0;0;0;0;0;2074;0;0;95;0;160;0;
20896;6149734;1073414144;34873344;1162764288;0;0;0;0;0;0;0;0;0;0;0;4048;0;0;95;0;160;0;
20897;7190865;1073414144;34873344;1162764288;0;0;0;0;0;0;0;0;0;0;0;2013;0;0;95;0;160;0;
20898;4994386;1073414144;34873344;1162764288;0;0;0;0;0;0;0;0;0;0;0;3607;0;0;95;0;160;0;
20899;6779414;1073414144;34873344;1162764288;0;0;0;0;0;0;0;0;0;0;0;2605;0;0;95;0;160;0;
20900;4461668;1073414144;34873344;1162764288;0;0;0;0;0;0;0;0;0;0;0;3016;0;0;95;0;160;0;
20901;7472153;1073414144;34873344;1162764288;0;0;0;0;0;0;0;0;0;0;0;2355;0;0;95;0;160;0;
20902;4991521;1073414144;34873344;1162764288;0;0;0;0;0;0;0;0;0;0;0;3075;0;0;95;0;160;0;
20903;6247676;1073414144;34873344;1162764288;0;0;0;0;0;0;0;0;0;0;0;2785;0;0;95;0;160;0;
20904;5863957;1073414144;34873344;1162764288;0;0;0;0;0;0;0;0;0;0;0;3717;0;0;95;0;160;0;
20905;7374059;1073414144;34873344;1162764288;0;0;0;0;0;0;0;0;0;0;0;4178;0;0;95;0;160;0;
20906;4628210;1073414144;34873344;1162764288;0;0;0;0;0;0;0;0;0;0;0;3066;0;0;95;0;160;0;
20907;6261273;1073414144;34873344;1162764288;0;0;0;0;0;0;0;0;0;0;0;2575;0;0;95;0;160;0;
20908;6589307;1073414144;34873344;1162764288;0;0;0;0;0;0;0;0;0;0;0;3497;0;0;95;0;160;0;
20909;6448814;1073414144;34873344;1162764288;0;0;0;0;0;0;0;0;0;0;0;3246;0;0;95;0;160;0;
20910;4828545;1073414144;34873344;1162764288;0;0;0;0;0;0;0;0;0;0;0;3146;0;0;95;0;160;0;
20911;6600368;1073414144;34873344;1162764288;0;0;0;0;0;0;0;0;0;0;0;2264;0;0;95;0;160;0;
20912;3779127;1073414144;34873344;1162764288;0;0;0;0;0;0;0;0;0;0;0;3958;0;0;95;0;160;0;
20913;6333808;1073414144;34873344;1162764288;0;0;0;0;0;0;0;0;0;0;0;2104;0;0;95;0;160;0;
20914;4784112;1073414144;34873344;1162764288;0;0;0;0;0;0;0;0;0;0;0;3045;0;0;95;0;160;0;
20915;5479516;1073414144;34873344;1162764288;0;0;0;0;0;0;0;0;0;0;0;1833;0;0;95;0;160;0;
20916;5190024;1073414144;34873344;1162764288;0;0;0;0;0;0;0;0;0;0;0;2595;0;0;95;0;160;0;
20917;7789879;1073414144;34873344;1162764288;0;0;0;0;0;0;0;0;0;0;0;4197;0;0;95;0;160;0;
20918;4227167;1073414144;34873344;1162764288;0;0;0;0;0;0;0;0;0;0;0;3436;0;0;95;0;160;0;
20919;5891970;1073414144;34873344;1162764288;0;0;0;0;0;0;0;0;0;0;0;3446;0;0;95;0;160;0;
20920;3871832;1073414144;34873344;1162764288;0;0;0;0;0;0;0;0;0;0;0;3517;0;0;95;0;160;0;
20921;5714227;1073414144;34873344;1162764288;0;0;0;0;0;0;0;0;0;0;0;1924;0;0;95;0;160;0;
20922;5888864;1073414144;34873344;1162764288;0;0;0;0;0;0;0;0;0;0;0;3146;0;0;95;0;160;0;
20923;5894735;1073414144;34873344;1162764288;0;0;0;0;0;0;0;0;0;0;0;2214;0;0;95;0;160;0;
20924;5273600;1073414144;34873344;1162764288;0;0;0;0;0;0;0;0;0;0;0;3246;0;0;95;0;160;0;
20925;5837718;1073414144;34873344;1162764288;0;0;0;0;0;0;0;0;0;0;0;2114;0;0;95;0;160;0;
20926;5876270;1073414144;34873344;1162764288;0;0;0;0;0;0;0;0;0;0;0;3707;0;0;95;0;160;0;
20927;5719556;1073414144;34873344;1162764288;0;0;0;0;0;0;0;0;0;0;0;2044;0;0;95;0;160;0;
20928;5472693;1073414144;34873344;1162764288;0;0;0;0;0;0;0;0;0;0;0;3346;0;0;95;0;160;0;
20929;5569895;1073414144;34873344;1162764288;0;0;0;0;0;0;0;0;0;0;0;2454;0;0;95;0;160;0;
20930;4897735;1073414144;34873344;1162764288;0;0;0;0;0;0;0;0;0;0;0;2905;0;0;95;0;160;0;
20931;6689345;1073414144;34873344;1162764288;0;0;0;0;0;0;0;0;0;0;0;3476;0;0;95;0;160;0;
20932;6206380;1073414144;34873344;1162764288;0;0;0;0;0;0;0;0;0;0;0;4228;0;0;95;0;160;0;
20933;11424876;1073414144;34873344;1162764288;0;0;0;0;0;0;0;0;0;0;0;4097;0;0;95;0;160;0;
20934;6798179;1073414144;34873344;1162764288;0;0;0;0;0;0;0;0;0;0;0;3396;0;0;95;0;160;0;
20935;6586202;1073414144;34873344;1162764288;0;0;0;0;0;0;0;0;0;0;0;3116;0;0;95;0;160;0;
20936;7342400;1073414144;34873344;1162764288;0;0;0;0;0;0;0;0;0;0;0;3607;0;0;95;0;160;0;
20937;5957843;1073414144;34873344;1162764288;0;0;0;0;0;0;0;0;0;0;0;3056;0;0;95;0;160;0;
20938;7527998;1073414144;34873344;1162764288;0;0;0;0;0;0;0;0;0;0;0;4047;0;0;95;0;160;0;
20939;7229428;1073414144;34873344;1162764288;0;0;0;0;0;0;0;0;0;0;0;3626;0;0;95;0;160;0;
20940;6230645;1073414144;34873344;1162764288;0;0;0;0;0;0;0;0;0;0;0;4398;0;0;95;0;160;0;
20941;7051775;1073414144;34873344;1162764288;0;0;0;0;0;0;0;0;0;0;0;3647;0;0;95;0;160;0;
20942;7686415;1073414144;34873344;1162764288;0;0;0;0;0;0;0;0;0;0;0;3126;0;0;95;0;160;0;
20943;6773854;1073414144;34873344;1162764288;0;0;0;0;0;0;0;0;0;0;0;3046;0;0;95;0;160;0;
20944;6868642;1073414144;34873344;1162764288;0;0;0;0;0;0;0;0;0;0;0;3487;0;0;95;0;160;0;
20945;6949362;1073414144;34873344;1162764288;0;0;0;0;0;0;0;0;0;0;0;3337;0;0;95;0;160;0;
20946;6080694;1073414144;34873344;1162764288;0;0;0;0;0;0;0;0;0;0;0;3877;0;0;95;0;160;0;
20947;8291810;1073414144;34873344;1162764288;0;0;0;0;0;0;0;0;0;0;0;3246;0;0;95;0;160;0;
20948;7361827;1073414144;34873344;1162764288;0;0;0;0;0;0;0;0;0;0;0;3466;0;0;95;0;160;0;
20949;6880644;1073414144;34873344;1162764288;0;0;0;0;0;0;0;0;0;0;0;3707;0;0;95;0;160;0;
20950;7496969;1073414144;34873344;1162764288;0;0;0;0;0;0;0;0;0;0;0;4638;0;0;95;0;160;0;
20951;6987404;1073414144;34873344;1162764288;0;0;0;0;0;0;0;0;0;0;0;4018;0;0;95;0;160;0;
20952;6912714;1073414144;34873344;1162764288;0;0;0;0;0;0;0;0;0;0;0;3536;0;0;95;0;160;0;
20953;7589032;1073414144;34873344;1162764288;0;0;0;0;0;0;0;0;0;0;0;3697;0;0;95;0;160;0;
20954;7035073;1073414144;34873344;1162764288;0;0;0;0;0;0;0;0;0;0;0;3857;0;0;95;0;160;0;
20955;7233986;1073414144;34873344;1162764288;0;0;0;0;0;0;0;0;0;0;0;3527;0;0;95;0;160;0;
20956;6907194;1073414144;34873344;1162764288;0;0;0;0;0;0;0;0;0;0;0;3647;0;0;95;0;160;0;
20957;7592819;1073414144;34873344;1162764288;0;0;0;0;0;0;0;0;0;0;0;4058;0;0;95;0;160;0;
20958;7589003;1073414144;34873344;1162764288;0;0;0;0;0;0;0;0;0;0;0;3116;0;0;95;0;160;0;
20959;6797187;1073414144;34873344;1162764288;0;0;0;0;0;0;0;0;0;0;0;2855;0;0;95;0;160;0;
20960;6731023;1073414144;34873344;1162764288;0;0;0;0;0;0;0;0;0;0;0;3035;0;0;95;0;160;0;
20961;6409911;1073414144;34873344;1162764288;0;0;0;0;0;0;0;0;0;0;0;4007;0;0;95;0;160;0;
20962;7737861;1073414144;34873344;1162764288;0;0;0;0;0;0;0;0;0;0;0;3196;0;0;95;0;160;0;
20963;8079533;1073414144;34873344;1162764288;0;0;0;0;0;0;0;0;0;0;0;2625;0;0;95;0;160;0;
20964;8599207;1073414144;34873344;1162764288;0;0;0;0;0;0;0;0;0;0;0;3076;0;0;95;0;160;0;
20965;8075825;1073414144;34873344;1162764288;0;0;0;0;0;0;0;0;0;0;0;4328;0;0;95;0;160;0;
20966;4604224;1073414144;34873344;1162764288;0;0;0;0;0;0;0;0;0;0;0;4599;0;0;95;0;160;0;
20967;5661688;1073414144;34873344;1162764288;0;0;0;0;0;0;0;0;0;0;0;2885;0;0;95;0;160;0;
20968;5859870;1073414144;34873344;1162764288;0;0;0;0;0;0;0;0;0;0;0;3116;0;0;95;0;160;0;
20969;8031271;1073414144;34873344;1162764288;0;0;0;0;0;0;0;0;0;0;0;3697;0;0;95;0;160;0;
20970;4078418;1073414144;34873344;1162764288;0;0;0;0;0;0;0;0;0;0;0;3115;0;0;95;0;160;0;
20971;6668045;1073414144;34873344;1162764288;0;0;0;0;0;0;0;0;0;0;0;3407;0;0;95;0;160;0;
20972;4123293;1073414144;34873344;1162764288;0;0;0;0;0;0;0;0;0;0;0;3367;0;0;95;0;160;0;
20973;6165793;1073414144;34873344;1162764288;0;0;0;0;0;0;0;0;0;0;0;3597;0;0;95;0;160;0;
20974;6012656;1073414144;34873344;1162764288;0;0;0;0;0;0;0;0;0;0;0;3917;0;0;95;0;160;0;
20975;8064444;1073414144;34873344;1162764288;0;0;0;0;0;0;0;0;0;0;0;3527;0;0;95;0;160;0;
20976;5768127;1073414144;34873344;1162764288;0;0;0;0;0;0;0;0;0;0;0;4418;0;0;95;0;160;0;
20977;7752629;1073414144;34873344;1162764288;0;0;0;0;0;0;0;0;0;0;0;2265;0;0;95;0;160;0;
20978;5391762;1073414144;34873344;1162764288;0;0;0;0;0;0;0;0;0;0;0;3998;0;0;95;0;160;0;
20979;7019754;1073414144;34873344;1162764288;0;0;0;0;0;0;0;0;0;0;0;2686;0;0;95;0;160;0;
20980;7495096;1073414144;34873344;1162764288;0;0;0;0;0;0;0;0;0;0;0;4028;0;0;95;0;160;0;
20981;6014769;1073414144;34873344;1162764288;0;0;0;0;0;0;0;0;0;0;0;3056;0;0;95;0;160;0;
20982;5480658;1073414144;34873344;1162764288;0;0;0;0;0;0;0;0;0;0;0;3045;0;0;95;0;160;0;
20983;7865421;1073414144;34873344;1162764288;0;0;0;0;0;0;0;0;0;0;0;3868;0;0;95;0;160;0;
20984;5162031;1073414144;34873344;1162764288;0;0;0;0;0;0;0;0;0;0;0;4118;0;0;95;0;160;0;
20985;6543452;1073414144;34873344;1162764288;0;0;0;0;0;0;0;0;0;0;0;2174;0;0;95;0;160;0;
20986;4600077;1073414144;34873344;1162764288;0;0;0;0;0;0;0;0;0;0;0;2976;0;0;95;0;160;0;
20987;6056518;1073414144;34873344;1162764288;0;0;0;0;0;0;0;0;0;0;0;2325;0;0;95;0;160;0;
20988;5666487;1073414144;34873344;1162764288;0;0;0;0;0;0;0;0;0;0;0;4488;0;0;95;0;160;0;
20989;6692191;1073414144;34873344;1162764288;0;0;0;0;0;0;0;0;0;0;0;2955;0;0;95;0;160;0;
20990;4987243;1073414144;34873344;1162764288;0;0;0;0;0;0;0;0;0;0;0;3126;0;0;95;0;160;0;
20991;8083210;1073414144;34873344;1162764288;0;0;0;0;0;0;0;0;0;0;0;3046;0;0;95;0;160;0;
20992;6131980;1073414144;34873344;1162764288;0;0;0;0;0;0;0;0;0;0;0;3257;0;0;95;0;160;0;
20993;8004001;1073414144;34873344;1162764288;0;0;0;0;0;0;0;0;0;0;0;3206;0;0;95;0;160;0;
20994;6684065;1073414144;34873344;1162764288;0;0;0;0;0;0;0;0;0;0;0;3176;0;0;95;0;160;0;
20995;10464936;1073414144;34873344;1162764288;0;0;0;0;0;0;0;0;0;0;0;3967;0;0;95;0;160;0;
20996;13834625;1073414144;34873344;1162764288;0;0;0;0;0;0;0;0;0;0;0;3827;0;0;95;0;160;0;
20997;7232384;1073414144;34873344;1162764288;0;0;0;0;0;0;0;0;0;0;0;3246;0;0;95;0;160;0;
20998;4839146;1073414144;34873344;1162764288;0;0;0;0;0;0;0;0;0;0;0;2885;0;0;95;0;160;0;
20999;6384413;1073414144;34873344;1162764288;0;0;0;0;0;0;0;0;0;0;0;2715;0;0;95;0;160;0;
21000;5772926;1073414144;34873344;1162764288;0;0;0;0;0;0;0;0;0;0;0;3015;0;0;95;0;160;0;
21001;7600133;1073414144;34873344;1162764288;0;0;0;0;0;0;0;0;0;0;0;3888;0;0;95;0;160;0;
21002;5417550;1073414144;34873344;1162764288;0;0;0;0;0;0;0;0;0;0;0;3497;0;0;95;0;160;0;
21003;7810678;1073414144;34877440;1162768384;0;0;0;0;0;0;0;0;0;0;0;3046;0;0;95;0;160;0;
21004;5387413;1073414144;34881536;1162772480;0;0;0;0;0;0;0;0;0;0;0;52699;0;0;95;0;160;0;
21005;9295783;1073414144;34881536;1162772480;0;0;0;0;0;0;0;0;0;0;0;361408;0;0;95;0;160;0;
21006;9210884;1073414144;34881536;1162772480;0;0;0;0;0;0;0;0;0;0;0;4829;0;0;95;0;160;0;
21007;7084797;1073414144;34881536;1162772480;0;0;0;0;0;0;0;0;0;0;0;2685;0;0;95;0;160;0;
21008;7171319;1073414144;34881536;1162772480;0;0;0;0;0;0;0;0;0;0;0;3607;0;0;95;0;160;0;
21009;6561315;1073414144;34881536;1162772480;0;0;0;0;0;0;0;0;0;0;0;3687;0;0;95;0;160;0;
21010;7031416;1073414144;34873344;1162764288;0;0;0;0;0;0;0;0;0;0;0;3857;0;0;95;0;160;0;
21011;6818577;1073414144;34873344;1162764288;0;0;0;0;0;0;0;0;0;0;0;2896;0;0;95;0;160;0;
21012;5389237;1073414144;34873344;1162764288;0;0;0;0;0;0;0;0;0;0;0;2895;0;0;95;0;160;0;
21013;6613533;1073414144;34873344;1162764288;0;0;0;0;0;0;0;0;0;0;0;2946;0;0;95;0;160;0;
21014;4454214;1073414144;34873344;1162764288;0;0;0;0;0;0;0;0;0;0;0;3577;0;0;95;0;160;0;
21015;6719031;1073414144;34873344;1162764288;0;0;0;0;0;0;0;0;0;0;0;3887;0;0;95;0;160;0;
21016;5587980;1073414144;34873344;1162764288;0;0;0;0;0;0;0;0;0;0;0;3397;0;0;95;0;160;0;
21017;7936995;1073414144;34873344;1162764288;0;0;0;0;0;0;0;0;0;0;0;177182;0;0;95;0;160;0;
21018;5576147;1073414144;34873344;1162764288;0;0;0;0;0;0;0;0;0;0;0;3797;0;0;95;0;160;0;
21019;8900903;1073414144;34873344;1162764288;0;0;0;0;0;0;0;0;0;0;0;3096;0;0;95;0;160;0;
21020;5324265;1073414144;34873344;1162764288;0;0;0;0;0;0;0;0;0;0;0;3747;0;0;95;0;160;0;
21021;6706327;1073414144;34873344;1162764288;0;0;0;0;0;0;0;0;0;0;0;3827;0;0;95;0;160;0;
21022;5794958;1073414144;34873344;1162764288;0;0;0;0;0;0;0;0;0;0;0;3447;0;0;95;0;160;0;
21023;7561360;1073414144;34873344;1162764288;0;0;0;0;0;0;0;0;0;0;0;3747;0;0;95;0;160;0;
21024;4613172;1073414144;34873344;1162764288;0;0;0;0;0;0;0;0;0;0;0;3617;0;0;95;0;160;0;
21025;5809555;1073414144;34873344;1162764288;0;0;0;0;0;0;0;0;0;0;0;2966;0;0;95;0;160;0;
21026;4952437;1073414144;34873344;1162764288;0;0;0;0;0;0;0;0;0;0;0;3757;0;0;95;0;160;0;
21027;5880177;1073414144;34873344;1162764288;0;0;0;0;0;0;0;0;0;0;0;2766;0;0;95;0;160;0;
21028;5980446;1073414144;34873344;1162764288;0;0;0;0;0;0;0;0;0;0;0;3627;0;0;95;0;160;0;
21029;8278906;1073414144;34873344;1162764288;0;0;0;0;0;0;0;0;0;0;0;4960;0;0;95;0;160;0;
21030;4903416;1073414144;34873344;1162764288;0;0;0;0;0;0;0;0;0;0;0;2765;0;0;95;0;160;0;
21031;8781779;1073414144;34873344;1162764288;0;0;0;0;0;0;0;0;0;0;0;3016;0;0;95;0;160;0;
21032;6576232;1073414144;34873344;1162764288;0;0;0;0;0;0;0;0;0;0;0;3767;0;0;95;0;160;0;
21033;6047542;1073414144;34873344;1162764288;0;0;0;0;0;0;0;0;0;0;0;2635;0;0;95;0;160;0;
21034;6136188;1073414144;34873344;1162764288;0;0;0;0;0;0;0;0;0;0;0;3006;0;0;95;0;160;0;
21035;5403784;1073414144;34873344;1162764288;0;0;0;0;0;0;0;0;0;0;0;3016;0;0;95;0;160;0;
21036;8837584;1073414144;34873344;1162764288;0;0;0;0;0;0;0;0;0;0;0;3957;0;0;95;0;160;0;
21037;7008944;1073414144;34873344;1162764288;0;0;0;0;0;0;0;0;0;0;0;3897;0;0;95;0;160;0;
21038;5562822;1073414144;34873344;1162764288;0;0;0;0;0;0;0;0;0;0;0;3336;0;0;95;0;160;0;
21039;8614395;1073414144;34873344;1162764288;0;0;0;0;0;0;0;0;0;0;0;4038;0;0;95;0;160;0;
21040;8395545;1073414144;34873344;1162764288;0;0;0;0;0;0;0;0;0;0;0;3687;0;0;95;0;160;0;
21041;7668622;1073414144;34873344;1162764288;0;0;0;0;0;0;0;0;0;0;0;4308;0;0;95;0;160;0;
21042;5650507;1073414144;34873344;1162764288;0;0;0;0;0;0;0;0;0;0;0;3276;0;0;95;0;160;0;
21043;7048479;1073414144;34873344;1162764288;0;0;0;0;0;0;0;0;0;0;0;2906;0;0;95;0;160;0;
21044;5357848;1073414144;34873344;1162764288;0;0;0;0;0;0;0;0;0;0;0;2605;0;0;95;0;160;0;
21045;5398865;1073414144;34873344;1162764288;0;0;0;0;0;0;0;0;0;0;0;2575;0;0;95;0;160;0;
21046;8054245;1073414144;34873344;1162764288;0;0;0;0;0;0;0;0;0;0;0;2856;0;0;95;0;160;0;
21047;8882899;1073414144;34873344;1162764288;0;0;0;0;0;0;0;0;0;0;0;3667;0;0;95;0;160;0;
21048;6204696;1073414144;34873344;1162764288;0;0;0;0;0;0;0;0;0;0;0;4218;0;0;95;0;160;0;
21049;7310099;1073414144;34873344;1162764288;0;0;0;0;0;0;0;0;0;0;0;3386;0;0;95;0;160;0;
21050;6914758;1073414144;34873344;1162764288;0;0;0;0;0;0;0;0;0;0;0;2875;0;0;95;0;160;0;
21051;6505691;1073414144;34873344;1162764288;0;0;0;0;0;0;0;0;0;0;0;3066;0;0;95;0;160;0;
21052;5755323;1073414144;34873344;1162764288;0;0;0;0;0;0;0;0;0;0;0;2906;0;0;95;0;160;0;
21053;6729740;1073414144;34873344;1162764288;0;0;0;0;0;0;0;0;0;0;0;2976;0;0;95;0;160;0;
21054;5902430;1073414144;34873344;1162764288;0;0;0;0;0;0;0;0;0;0;0;3928;0;0;95;0;160;0;
21055;8337266;1073414144;34873344;1162764288;0;0;0;0;0;0;0;0;0;0;0;3526;0;0;95;0;160;0;
21056;8209456;1073414144;34873344;1162764288;0;0;0;0;0;0;0;0;0;0;0;4629;0;0;95;0;160;0;
21057;7718605;1073414144;34873344;1162764288;0;0;0;0;0;0;0;0;0;0;0;3707;0;0;95;0;160;0;
21058;7020727;1073414144;34873344;1162764288;0;0;0;0;0;0;0;0;0;0;0;3236;0;0;95;0;160;0;
21059;6642547;1073414144;34873344;1162764288;0;0;0;0;0;0;0;0;0;0;0;3988;0;0;95;0;160;0;
21060;8849747;1073414144;34873344;1162764288;0;0;0;0;0;0;0;0;0;0;0;3787;0;0;95;0;160;0;
21061;8167557;1073414144;34873344;1162764288;0;0;0;0;0;0;0;0;0;0;0;3467;0;0;95;0;160;0;
21062;6072388;1073414144;34873344;1162764288;0;0;0;0;0;0;0;0;0;0;0;3316;0;0;95;0;160;0;
21063;6574109;1073414144;34873344;1162764288;0;0;0;0;0;0;0;0;0;0;0;4318;0;0;95;0;160;0;
21064;8058372;1073414144;34873344;1162764288;0;0;0;0;0;0;0;0;0;0;0;2835;0;0;95;0;160;0;
21065;8937641;1073414144;34873344;1162764288;0;0;0;0;0;0;0;0;0;0;0;3717;0;0;95;0;160;0;
21066;6886155;1073414144;34873344;1162764288;0;0;0;0;0;0;0;0;0;0;0;3737;0;0;95;0;160;0;
21067;7979334;1073414144;34873344;1162764288;0;0;0;0;0;0;0;0;0;0;0;3536;0;0;95;0;160;0;
21068;4599666;1073414144;34873344;1162764288;0;0;0;0;0;0;0;0;0;0;0;3477;0;0;95;0;160;0;
21069;5580766;1073414144;34873344;1162764288;0;0;0;0;0;0;0;0;0;0;0;3467;0;0;95;0;160;0;
21070;7647471;1073414144;34873344;1162764288;0;0;0;0;0;0;0;0;0;0;0;2915;0;0;95;0;160;0;
21071;6591682;1073414144;34873344;1162764288;0;0;0;0;0;0;0;0;0;0;0;3887;0;0;95;0;160;0;
21072;6694194;1073414144;34873344;1162764288;0;0;0;0;0;0;0;0;0;0;0;2875;0;0;95;0;160;0;
21073;9127167;1073414144;34873344;1162764288;0;0;0;0;0;0;0;0;0;0;0;5380;0;0;95;0;160;0;
21074;6812416;1073414144;34873344;1162764288;0;0;0;0;0;0;0;0;0;0;0;3707;0;0;95;0;160;0;
21075;8723620;1073414144;34873344;1162764288;0;0;0;0;0;0;0;0;0;0;0;4478;0;0;95;0;160;0;
21076;8642998;1073414144;34873344;1162764288;0;0;0;0;0;0;0;0;0;0;0;3957;0;0;95;0;160;0;
21077;7403825;1073414144;34873344;1162764288;0;0;0;0;0;0;0;0;0;0;0;2915;0;0;95;0;160;0;
21078;7511116;1073414144;34873344;1162764288;0;0;0;0;0;0;0;0;0;0;0;3247;0;0;95;0;160;0;
21079;5756556;1073414144;34873344;1162764288;0;0;0;0;0;0;0;0;0;0;0;3367;0;0;95;0;160;0;
21080;7185696;1073414144;34873344;1162764288;0;0;0;0;0;0;0;0;0;0;0;3647;0;0;95;0;160;0;
21081;6030118;1073414144;34873344;1162764288;0;0;0;0;0;0;0;0;0;0;0;2775;0;0;95;0;160;0;
21082;7377536;1073414144;34873344;1162764288;0;0;0;0;0;0;0;0;0;0;0;3978;0;0;95;0;160;0;
21083;10656054;1073414144;34873344;1162764288;0;0;0;0;0;0;0;0;0;0;0;4028;0;0;95;0;160;0;
21084;4654408;1073414144;34873344;1162764288;0;0;0;0;0;0;0;0;0;0;0;2815;0;0;95;0;160;0;
21085;7440684;1073414144;34873344;1162764288;0;0;0;0;0;0;0;0;0;0;0;3186;0;0;95;0;160;0;
21086;4637307;1073414144;34873344;1162764288;0;0;0;0;0;0;0;0;0;0;0;3296;0;0;95;0;160;0;
21087;7245007;1073414144;34873344;1162764288;0;0;0;0;0;0;0;0;0;0;0;3166;0;0;95;0;160;0;
21088;5198218;1073414144;34873344;1162764288;0;0;0;0;0;0;0;0;0;0;0;3577;0;0;95;0;160;0;
21089;6520299;1073414144;34873344;1162764288;0;0;0;0;0;0;0;0;0;0;0;3207;0;0;95;0;160;0;
21090;5167631;1073414144;34873344;1162764288;0;0;0;0;0;0;0;0;0;0;0;3066;0;0;95;0;160;0;
21091;6941879;1073414144;34873344;1162764288;0;0;0;0;0;0;0;0;0;0;0;2825;0;0;95;0;160;0;
21092;7243164;1073414144;34873344;1162764288;0;0;0;0;0;0;0;0;0;0;0;3026;0;0;95;0;160;0;
21093;7148967;1073414144;34873344;1162764288;0;0;0;0;0;0;0;0;0;0;0;3827;0;0;95;0;160;0;
21094;5392804;1073414144;34873344;1162764288;0;0;0;0;0;0;0;0;0;0;0;2996;0;0;95;0;160;0;
21095;6321054;1073414144;34873344;1162764288;0;0;0;0;0;0;0;0;0;0;0;3707;0;0;95;0;160;0;
21096;4875353;1073414144;34873344;1162764288;0;0;0;0;0;0;0;0;0;0;0;2916;0;0;95;0;160;0;
21097;5470779;1073414144;34873344;1162764288;0;0;0;0;0;0;0;0;0;0;0;2184;0;0;95;0;160;0;
21098;6480433;1073414144;34873344;1162764288;0;0;0;0;0;0;0;0;0;0;0;2815;0;0;95;0;160;0;
21099;5802011;1073414144;34873344;1162764288;0;0;0;0;0;0;0;0;0;0;0;2254;0;0;95;0;160;0;
21100;5981588;1073414144;34873344;1162764288;0;0;0;0;0;0;0;0;0;0;0;3216;0;0;95;0;160;0;
21101;5708245;1073414144;34873344;1162764288;0;0;0;0;0;0;0;0;0;0;0;2645;0;0;95;0;160;0;
21102;6022825;1073414144;34873344;1162764288;0;0;0;0;0;0;0;0;0;0;0;3366;0;0;95;0;160;0;
21103;5586627;1073414144;34873344;1162764288;0;0;0;0;0;0;0;0;0;0;0;2976;0;0;95;0;160;0;
21104;6622790;1073414144;34873344;1162764288;0;0;0;0;0;0;0;0;0;0;0;3687;0;0;95;0;160;0;
21105;7063647;1073414144;34873344;1162764288;0;0;0;0;0;0;0;0;0;0;0;4298;0;0;95;0;160;0;
21106;5560268;1073414144;34873344;1162764288;0;0;0;0;0;0;0;0;0;0;0;3716;0;0;95;0;160;0;
21107;7815557;1073414144;34873344;1162764288;0;0;0;0;0;0;0;0;0;0;0;3186;0;0;95;0;160;0;
21108;4168647;1073414144;34873344;1162764288;0;0;0;0;0;0;0;0;0;0;0;4198;0;0;95;0;160;0;
21109;7823933;1073414144;34873344;1162764288;0;0;0;0;0;0;0;0;0;0;0;2975;0;0;95;0;160;0;
21110;6064863;1073414144;34873344;1162764288;0;0;0;0;0;0;0;0;0;0;0;3046;0;0;95;0;160;0;
21111;7013703;1073414144;34873344;1162764288;0;0;0;0;0;0;0;0;0;0;0;3166;0;0;95;0;160;0;
21112;6537270;1073414144;34873344;1162764288;0;0;0;0;0;0;0;0;0;0;0;3246;0;0;95;0;160;0;
21113;6624583;1073414144;34873344;1162764288;0;0;0;0;0;0;0;0;0;0;0;2815;0;0;95;0;160;0;
21114;6498968;1073414144;34873344;1162764288;0;0;0;0;0;0;0;0;0;0;0;3046;0;0;95;0;160;0;
21115;6398720;1073414144;34873344;1162764288;0;0;0;0;0;0;0;0;0;0;0;2725;0;0;95;0;160;0;
21116;6088478;1073414144;34873344;1162764288;0;0;0;0;0;0;0;0;0;0;0;3276;0;0;95;0;160;0;
21117;6824659;1073414144;34873344;1162764288;0;0;0;0;0;0;0;0;0;0;0;3366;0;0;95;0;160;0;
21118;5343181;1073414144;34873344;1162764288;0;0;0;0;0;0;0;0;0;0;0;2835;0;0;95;0;160;0;
21119;6019679;1073414144;34873344;1162764288;0;0;0;0;0;0;0;0;0;0;0;2735;0;0;95;0;160;0;
21120;6160404;1073414144;34873344;1162764288;0;0;0;0;0;0;0;0;0;0;0;3146;0;0;95;0;160;0;
21121;5981618;1073414144;34873344;1162764288;0;0;0;0;0;0;0;0;0;0;0;2836;0;0;95;0;160;0;
21122;6277764;1073414144;34873344;1162764288;0;0;0;0;0;0;0;0;0;0;0;2806;0;0;95;0;160;0;
21123;7283319;1073414144;34873344;1162764288;0;0;0;0;0;0;0;0;0;0;0;3386;0;0;95;0;160;0;
21124;5134209;1073414144;34873344;1162764288;0;0;0;0;0;0;0;0;0;0;0;3155;0;0;95;0;160;0;
21125;7760344;1073414144;34873344;1162764288;0;0;0;0;0;0;0;0;0;0;0;4919;0;0;95;0;160;0;
21126;5993570;1073414144;34873344;1162764288;0;0;0;0;0;0;0;0;0;0;0;3576;0;0;95;0;160;0;
21127;6328348;1073414144;34873344;1162764288;0;0;0;0;0;0;0;0;0;0;0;3146;0;0;95;0;160;0;
21128;4837903;1073414144;34873344;1162764288;0;0;0;0;0;0;0;0;0;0;0;3557;0;0;95;0;160;0;
21129;6343987;1073414144;34873344;1162764288;0;0;0;0;0;0;0;0;0;0;0;2856;0;0;95;0;160;0;
21130;4590348;1073414144;34873344;1162764288;0;0;0;0;0;0;0;0;0;0;0;3957;0;0;95;0;160;0;
21131;6243619;1073414144;34873344;1162764288;0;0;0;0;0;0;0;0;0;0;0;3707;0;0;95;0;160;0;
21132;3978932;1073414144;34873344;1162764288;0;0;0;0;0;0;0;0;0;0;0;3867;0;0;95;0;160;0;
21133;6843865;1073414144;34873344;1162764288;0;0;0;0;0;0;0;0;0;0;0;3216;0;0;95;0;160;0;
21134;4490662;1073414144;34873344;1162764288;0;0;0;0;0;0;0;0;0;0;0;2414;0;0;95;0;160;0;
21135;5265174;1073414144;34873344;1162764288;0;0;0;0;0;0;0;0;0;0;0;2415;0;0;95;0;160;0;
21136;5103301;1073414144;34873344;1162764288;0;0;0;0;0;0;0;0;0;0;0;3026;0;0;95;0;160;0;
21137;6570713;1073414144;34873344;1162764288;0;0;0;0;0;0;0;0;0;0;0;3798;0;0;95;0;160;0;
21138;3968673;1073414144;34873344;1162764288;0;0;0;0;0;0;0;0;0;0;0;3477;0;0;95;0;160;0;
21139;6652526;1073414144;34873344;1162764288;0;0;0;0;0;0;0;0;0;0;0;4017;0;0;95;0;160;0;
21140;5692526;1073414144;34873344;1162764288;0;0;0;0;0;0;0;0;0;0;0;3356;0;0;95;0;160;0;
21141;7336900;1073414144;34873344;1162764288;0;0;0;0;0;0;0;0;0;0;0;5761;0;0;95;0;160;0;
21142;6134445;1073414144;34873344;1162764288;0;0;0;0;0;0;0;0;0;0;0;2825;0;0;95;0;160;0;
21143;6688173;1073414144;34873344;1162764288;0;0;0;0;0;0;0;0;0;0;0;3366;0;0;95;0;160;0;
21144;4770586;1073414144;34873344;1162764288;0;0;0;0;0;0;0;0;0;0;0;3135;0;0;95;0;160;0;
21145;8149053;1073414144;34873344;1162764288;0;0;0;0;0;0;0;0;0;0;0;2786;0;0;95;0;160;0;
21146;3906656;1073414144;34873344;1162764288;0;0;0;0;0;0;0;0;0;0;0;2625;0;0;95;0;160;0;
21147;12261095;1073414144;34873344;1162764288;0;0;0;0;0;0;0;0;0;0;0;2895;0;0;95;0;160;0;
21148;6584849;1073414144;34873344;1162764288;0;0;0;0;0;0;0;0;0;0;0;2925;0;0;95;0;160;0;
21149;6307590;1073414144;34873344;1162764288;0;0;0;0;0;0;0;0;0;0;0;2465;0;0;95;0;160;0;
21150;6033214;1073414144;34873344;1162764288;0;0;0;0;0;0;0;0;0;0;0;3006;0;0;95;0;160;0;
21151;8463082;1073414144;34873344;1162764288;0;0;0;0;0;0;0;0;0;0;0;3076;0;0;95;0;160;0;
21152;6364516;1073414144;34873344;1162764288;0;0;0;0;0;0;0;0;0;0;0;86943;0;0;95;0;160;0;
21153;5757888;1073414144;34873344;1162764288;0;0;0;0;0;0;0;0;0;0;0;3346;0;0;95;0;160;0;
21154;5783426;1073414144;34873344;1162764288;0;0;0;0;0;0;0;0;0;0;0;3707;0;0;95;0;160;0;
21155;8563970;1073414144;34877440;1162768384;0;0;0;0;0;0;0;0;0;0;0;4087;0;0;95;0;160;0;
21156;5571949;1073414144;34881536;1162772480;0;0;0;0;0;0;0;0;0;0;0;3226;0;0;95;0;160;0;
21157;8374385;1073414144;34881536;1162772480;0;0;0;0;0;0;0;0;0;0;0;2865;0;0;95;0;160;0;
21158;4352683;1073414144;34881536;1162772480;0;0;0;0;0;0;0;0;0;0;0;2955;0;0;95;0;160;0;
21159;6467860;1073414144;34881536;1162772480;0;0;0;0;0;0;0;0;0;0;0;2384;0;0;95;0;160;0;
21160;5136163;1073414144;34881536;1162772480;0;0;0;0;0;0;0;0;0;0;0;4208;0;0;95;0;160;0;
21161;6555154;1073414144;34881536;1162772480;0;0;0;0;0;0;0;0;0;0;0;3035;0;0;95;0;160;0;
21162;4788400;1073414144;34873344;1162764288;0;0;0;0;0;0;0;0;0;0;0;3576;0;0;95;0;160;0;
21163;5987709;1073414144;34873344;1162764288;0;0;0;0;0;0;0;0;0;0;0;2023;0;0;95;0;160;0;
21164;5019403;1073414144;34873344;1162764288;0;0;0;0;0;0;0;0;0;0;0;3046;0;0;95;0;160;0;
21165;6310425;1073414144;34873344;1162764288;0;0;0;0;0;0;0;0;0;0;0;2454;0;0;95;0;160;0;
21166;6773984;1073414144;34873344;1162764288;0;0;0;0;0;0;0;0;0;0;0;3125;0;0;95;0;160;0;
21167;5940671;1073414144;34873344;1162764288;0;0;0;0;0;0;0;0;0;0;0;3376;0;0;95;0;160;0;
21168;5346176;1073414144;34873344;1162764288;0;0;0;0;0;0;0;0;0;0;0;3667;0;0;95;0;160;0;
21169;7716011;1073414144;34873344;1162764288;0;0;0;0;0;0;0;0;0;0;0;3887;0;0;95;0;160;0;
21170;5732491;1073414144;34873344;1162764288;0;0;0;0;0;0;0;0;0;0;0;2845;0;0;95;0;160;0;
21171;7044301;1073414144;34873344;1162764288;0;0;0;0;0;0;0;0;0;0;0;3677;0;0;95;0;160;0;
21172;4879792;1073414144;34873344;1162764288;0;0;0;0;0;0;0;0;0;0;0;4128;0;0;95;0;160;0;
21173;7129802;1073414144;34873344;1162764288;0;0;0;0;0;0;0;0;0;0;0;4217;0;0;95;0;160;0;
21174;4412405;1073414144;34873344;1162764288;0;0;0;0;0;0;0;0;0;0;0;3656;0;0;95;0;160;0;
21175;6671732;1073414144;34873344;1162764288;0;0;0;0;0;0;0;0;0;0;0;3456;0;0;95;0;160;0;
21176;4957718;1073414144;34873344;1162764288;0;0;0;0;0;0;0;0;0;0;0;2785;0;0;95;0;160;0;
21177;6434948;1073414144;34873344;1162764288;0;0;0;0;0;0;0;0;0;0;0;4148;0;0;95;0;160;0;
21178;4960173;1073414144;34873344;1162764288;0;0;0;0;0;0;0;0;0;0;0;3076;0;0;95;0;160;0;
21179;8558701;1073414144;34873344;1162764288;0;0;0;0;0;0;0;0;0;0;0;2534;0;0;95;0;160;0;
21180;5175306;1073414144;34873344;1162764288;0;0;0;0;0;0;0;0;0;0;0;4048;0;0;95;0;160;0;
21181;8961807;1073414144;34873344;1162764288;0;0;0;0;0;0;0;0;0;0;0;6602;0;0;95;0;160;0;
21182;6024018;1073414144;34873344;1162764288;0;0;0;0;0;0;0;0;0;0;0;3807;0;0;95;0;160;0;
21183;7729867;1073414144;34873344;1162764288;0;0;0;0;0;0;0;0;0;0;0;2895;0;0;95;0;160;0;
21184;5219248;1073414144;34873344;1162764288;0;0;0;0;0;0;0;0;0;0;0;2575;0;0;95;0;160;0;
21185;7364682;1073414144;34873344;1162764288;0;0;0;0;0;0;0;0;0;0;0;3056;0;0;95;0;160;0;
21186;6054926;1073414144;34873344;1162764288;0;0;0;0;0;0;0;0;0;0;0;4138;0;0;95;0;160;0;
21187;6740521;1073414144;34873344;1162764288;0;0;0;0;0;0;0;0;0;0;0;3757;0;0;95;0;160;0;
21188;4413577;1073414144;34873344;1162764288;0;0;0;0;0;0;0;0;0;0;0;3246;0;0;95;0;160;0;
21189;5977831;1073414144;34873344;1162764288;0;0;0;0;0;0;0;0;0;0;0;3767;0;0;95;0;160;0;
21190;4617419;1073414144;34873344;1162764288;0;0;0;0;0;0;0;0;0;0;0;3687;0;0;95;0;160;0;
21191;5887080;1073414144;34873344;1162764288;0;0;0;0;0;0;0;0;0;0;0;2615;0;0;95;0;160;0;
21192;5645217;1073414144;34873344;1162764288;0;0;0;0;0;0;0;0;0;0;0;2955;0;0;95;0;160;0;
21193;7669373;1073414144;34873344;1162764288;0;0;0;0;0;0;0;0;0;0;0;2655;0;0;95;0;160;0;
21194;4454685;1073414144;34873344;1162764288;0;0;0;0;0;0;0;0;0;0;0;3436;0;0;95;0;160;0;
21195;7054330;1073414144;34873344;1162764288;0;0;0;0;0;0;0;0;0;0;0;3377;0;0;95;0;160;0;
21196;3358318;1073414144;34873344;1162764288;0;0;0;0;0;0;0;0;0;0;0;3106;0;0;95;0;160;0;
21197;6825921;1073414144;34873344;1162764288;0;0;0;0;0;0;0;0;0;0;0;3036;0;0;95;0;160;0;
21198;4141486;1073414144;34873344;1162764288;0;0;0;0;0;0;0;0;0;0;0;2996;0;0;95;0;160;0;
21199;6872980;1073414144;34873344;1162764288;0;0;0;0;0;0;0;0;0;0;0;2645;0;0;95;0;160;0;
21200;7769150;1073414144;34873344;1162764288;0;0;0;0;0;0;0;0;0;0;0;3657;0;0;95;0;160;0;
21201;6939995;1073414144;34873344;1162764288;0;0;0;0;0;0;0;0;0;0;0;2825;0;0;95;0;160;0;
21202;3884224;1073414144;34873344;1162764288;0;0;0;0;0;0;0;0;0;0;0;4469;0;0;95;0;160;0;
21203;7171950;1073414144;34873344;1162764288;0;0;0;0;0;0;0;0;0;0;0;3126;0;0;95;0;160;0;
21204;4252726;1073414144;34873344;1162764288;0;0;0;0;0;0;0;0;0;0;0;4819;0;0;95;0;160;0;
21205;6848353;1073414144;34873344;1162764288;0;0;0;0;0;0;0;0;0;0;0;2605;0;0;95;0;160;0;
21206;5026556;1073414144;34873344;1162764288;0;0;0;0;0;0;0;0;0;0;0;3456;0;0;95;0;160;0;
21207;5916075;1073414144;34873344;1162764288;0;0;0;0;0;0;0;0;0;0;0;3015;0;0;95;0;160;0;
21208;4761600;1073414144;34873344;1162764288;0;0;0;0;0;0;0;0;0;0;0;3456;0;0;95;0;160;0;
21209;6598514;1073414144;34873344;1162764288;0;0;0;0;0;0;0;0;0;0;0;3707;0;0;95;0;160;0;
21210;5113129;1073414144;34873344;1162764288;0;0;0;0;0;0;0;0;0;0;0;3586;0;0;95;0;160;0;
21211;5937265;1073414144;34873344;1162764288;0;0;0;0;0;0;0;0;0;0;0;3486;0;0;95;0;160;0;
21212;4216056;1073414144;34873344;1162764288;0;0;0;0;0;0;0;0;0;0;0;2815;0;0;95;0;160;0;
21213;6376910;1073414144;34873344;1162764288;0;0;0;0;0;0;0;0;0;0;0;3226;0;0;95;0;160;0;
21214;3180094;1073414144;34873344;1162764288;0;0;0;0;0;0;0;0;0;0;0;3817;0;0;95;0;160;0;
21215;7607427;1073414144;34873344;1162764288;0;0;0;0;0;0;0;0;0;0;0;4278;0;0;95;0;160;0;
21216;4907564;1073414144;34873344;1162764288;0;0;0;0;0;0;0;0;0;0;0;3136;0;0;95;0;160;0;
21217;6523804;1073414144;34873344;1162764288;0;0;0;0;0;0;0;0;0;0;0;3586;0;0;95;0;160;0;
21218;6911251;1073414144;34873344;1162764288;0;0;0;0;0;0;0;0;0;0;0;3968;0;0;95;0;160;0;
21219;6162367;1073414144;34873344;1162764288;0;0;0;0;0;0;0;0;0;0;0;2485;0;0;95;0;160;0;
21220;6964431;1073414144;34873344;1162764288;0;0;0;0;0;0;0;0;0;0;0;3226;0;0;95;0;160;0;
21221;7757098;1073414144;34873344;1162764288;0;0;0;0;0;0;0;0;0;0;0;3707;0;0;95;0;160;0;
21222;4819248;1073414144;34873344;1162764288;0;0;0;0;0;0;0;0;0;0;0;4128;0;0;95;0;160;0;
21223;6789353;1073414144;34873344;1162764288;0;0;0;0;0;0;0;0;0;0;0;3626;0;0;95;0;160;0;
21224;5399356;1073414144;34873344;1162764288;0;0;0;0;0;0;0;0;0;0;0;2925;0;0;95;0;160;0;
21225;6371008;1073414144;34873344;1162764288;0;0;0;0;0;0;0;0;0;0;0;3226;0;0;95;0;160;0;
21226;6604606;1073414144;34873344;1162764288;0;0;0;0;0;0;0;0;0;0;0;4017;0;0;95;0;160;0;
21227;7144128;1073414144;34873344;1162764288;0;0;0;0;0;0;0;0;0;0;0;3386;0;0;95;0;160;0;
21228;6133924;1073414144;34873344;1162764288;0;0;0;0;0;0;0;0;0;0;0;3286;0;0;95;0;160;0;
21229;6960564;1073414144;34873344;1162764288;0;0;0;0;0;0;0;0;0;0;0;3778;0;0;95;0;160;0;
21230;5656618;1073414144;34873344;1162764288;0;0;0;0;0;0;0;0;0;0;0;4278;0;0;95;0;160;0;
21231;6008418;1073414144;34873344;1162764288;0;0;0;0;0;0;0;0;0;0;0;3777;0;0;95;0;160;0;
21232;4441119;1073414144;34873344;1162764288;0;0;0;0;0;0;0;0;0;0;0;3577;0;0;95;0;160;0;
21233;9500316;1073414144;34873344;1162764288;0;0;0;0;0;0;0;0;0;0;0;3286;0;0;95;0;160;0;
21234;6775647;1073414144;34873344;1162764288;0;0;0;0;0;0;0;0;0;0;0;4688;0;0;95;0;160;0;
21235;5379028;1073414144;34873344;1162764288;0;0;0;0;0;0;0;0;0;0;0;3056;0;0;95;0;160;0;
21236;7477544;1073414144;34873344;1162764288;0;0;0;0;0;0;0;0;0;0;0;3717;0;0;95;0;160;0;
21237;6675719;1073414144;34877440;1162768384;0;0;0;0;0;0;0;0;0;0;0;2996;0;0;95;0;160;0;
21238;6185591;1073414144;34881536;1162772480;0;0;0;0;0;0;0;0;0;0;0;4950;0;0;95;0;160;0;
21239;6132049;1073414144;34881536;1162772480;0;0;0;0;0;0;0;0;0;0;0;3156;0;0;95;0;160;0;
21240;5765603;1073414144;34881536;1162772480;0;0;0;0;0;0;0;0;0;0;0;2835;0;0;95;0;160;0;
21241;6705165;1073414144;34881536;1162772480;0;0;0;0;0;0;0;0;0;0;0;3316;0;0;95;0;160;0;
21242;4291058;1073414144;34881536;1162772480;0;0;0;0;0;0;0;0;0;0;0;4358;0;0;95;0;160;0;
21243;7077253;1073414144;34881536;1162772480;0;0;0;0;0;0;0;0;0;0;0;3216;0;0;95;0;160;0;
21244;4817234;1073414144;34873344;1162764288;0;0;0;0;0;0;0;0;0;0;0;3807;0;0;95;0;160;0;
21245;7364481;1073414144;34873344;1162764288;0;0;0;0;0;0;0;0;0;0;0;2975;0;0;95;0;160;0;
21246;5743692;1073414144;34873344;1162764288;0;0;0;0;0;0;0;0;0;0;0;4688;0;0;95;0;160;0;
21247;7113190;1073414144;34873344;1162764288;0;0;0;0;0;0;0;0;0;0;0;2926;0;0;95;0;160;0;
21248;5723744;1073414144;34873344;1162764288;0;0;0;0;0;0;0;0;0;0;0;4048;0;0;95;0;160;0;
21249;6177275;1073414144;34873344;1162764288;0;0;0;0;0;0;0;0;0;0;0;3727;0;0;95;0;160;0;
21250;5914451;1073414144;34873344;1162764288;0;0;0;0;0;0;0;0;0;0;0;3968;0;0;95;0;160;0;
21251;5547674;1073414144;34873344;1162764288;0;0;0;0;0;0;0;0;0;0;0;3246;0;0;95;0;160;0;
21252;7816889;1073414144;34873344;1162764288;0;0;0;0;0;0;0;0;0;0;0;3757;0;0;95;0;160;0;
21253;5819414;1073414144;34873344;1162764288;0;0;0;0;0;0;0;0;0;0;0;2735;0;0;95;0;160;0;
21254;5831546;1073414144;34873344;1162764288;0;0;0;0;0;0;0;0;0;0;0;3327;0;0;95;0;160;0;
21255;6152869;1073414144;34873344;1162764288;0;0;0;0;0;0;0;0;0;0;0;3055;0;0;95;0;160;0;
21256;5042888;1073414144;34873344;1162764288;0;0;0;0;0;0;0;0;0;0;0;3567;0;0;95;0;160;0;
21257;6116090;1073414144;34873344;1162764288;0;0;0;0;0;0;0;0;0;0;0;2785;0;0;95;0;160;0;
21258;6207071;1073414144;34873344;1162764288;0;0;0;0;0;0;0;0;0;0;0;3376;0;0;95;0;160;0;
21259;5656649;1073414144;34873344;1162764288;0;0;0;0;0;0;0;0;0;0;0;3376;0;0;95;0;160;0;
21260;5864318;1073414144;34873344;1162764288;0;0;0;0;0;0;0;0;0;0;0;3076;0;0;95;0;160;0;
21261;6952008;1073414144;34873344;1162764288;0;0;0;0;0;0;0;0;0;0;0;3887;0;0;95;0;160;0;
21262;5814094;1073414144;34873344;1162764288;0;0;0;0;0;0;0;0;0;0;0;4018;0;0;95;0;160;0;
21263;7957253;1073414144;34873344;1162764288;0;0;0;0;0;0;0;0;0;0;0;3397;0;0;95;0;160;0;
21264;5494194;1073414144;34873344;1162764288;0;0;0;0;0;0;0;0;0;0;0;3697;0;0;95;0;160;0;
21265;6603624;1073414144;34873344;1162764288;0;0;0;0;0;0;0;0;0;0;0;2584;0;0;95;0;160;0;
21266;4998935;1073414144;34873344;1162764288;0;0;0;0;0;0;0;0;0;0;0;3376;0;0;95;0;160;0;
21267;6873400;1073414144;34873344;1162764288;0;0;0;0;0;0;0;0;0;0;0;3747;0;0;95;0;160;0;
21268;7099234;1073414144;34873344;1162764288;0;0;0;0;0;0;0;0;0;0;0;3246;0;0;95;0;160;0;
21269;7403304;1073414144;34873344;1162764288;0;0;0;0;0;0;0;0;0;0;0;3005;0;0;95;0;160;0;
21270;4813758;1073414144;34873344;1162764288;0;0;0;0;0;0;0;0;0;0;0;3737;0;0;95;0;160;0;
21271;7041656;1073414144;34873344;1162764288;0;0;0;0;0;0;0;0;0;0;0;3707;0;0;95;0;160;0;
21272;4589337;1073414144;34873344;1162764288;0;0;0;0;0;0;0;0;0;0;0;4117;0;0;95;0;160;0;
21273;7223637;1073414144;34873344;1162764288;0;0;0;0;0;0;0;0;0;0;0;4118;0;0;95;0;160;0;
21274;5089084;1073414144;34873344;1162764288;0;0;0;0;0;0;0;0;0;0;0;3366;0;0;95;0;160;0;
21275;7641911;1073414144;34873344;1162764288;0;0;0;0;0;0;0;0;0;0;0;3847;0;0;95;0;160;0;
21276;5408112;1073414144;34873344;1162764288;0;0;0;0;0;0;0;0;0;0;0;5190;0;0;95;0;160;0;
21277;6552839;1073414144;34873344;1162764288;0;0;0;0;0;0;0;0;0;0;0;2816;0;0;95;0;160;0;
21278;5317362;1073414144;34873344;1162764288;0;0;0;0;0;0;0;0;0;0;0;4037;0;0;95;0;160;0;
21279;5288718;1073414144;34873344;1162764288;0;0;0;0;0;0;0;0;0;0;0;2955;0;0;95;0;160;0;
21280;5021136;1073414144;34873344;1162764288;0;0;0;0;0;0;0;0;0;0;0;3707;0;0;95;0;160;0;
21281;6516762;1073414144;34873344;1162764288;0;0;0;0;0;0;0;0;0;0;0;2054;0;0;95;0;160;0;
21282;4481915;1073414144;34873344;1162764288;0;0;0;0;0;0;0;0;0;0;0;3186;0;0;95;0;160;0;
21283;6128092;1073414144;34873344;1162764288;0;0;0;0;0;0;0;0;0;0;0;2785;0;0;95;0;160;0;
21284;5700681;1073414144;34873344;1162764288;0;0;0;0;0;0;0;0;0;0;0;3326;0;0;95;0;160;0;
21285;7952143;1073414144;34873344;1162764288;0;0;0;0;0;0;0;0;0;0;0;2605;0;0;95;0;160;0;
21286;5748942;1073414144;34873344;1162764288;0;0;0;0;0;0;0;0;0;0;0;5471;0;0;95;0;160;0;
21287;7380231;1073414144;34873344;1162764288;0;0;0;0;0;0;0;0;0;0;0;3567;0;0;95;0;160;0;
21288;5316230;1073414144;34873344;1162764288;0;0;0;0;0;0;0;0;0;0;0;3627;0;0;95;0;160;0;
21289;7400699;1073414144;34873344;1162764288;0;0;0;0;0;0;0;0;0;0;0;3707;0;0;95;0;160;0;
21290;5162462;1073414144;34873344;1162764288;0;0;0;0;0;0;0;0;0;0;0;3006;0;0;95;0;160;0;
21291;8205789;1073414144;34873344;1162764288;0;0;0;0;0;0;0;0;0;0;0;3257;0;0;95;0;160;0;
21292;6987845;1073414144;34873344;1162764288;0;0;0;0;0;0;0;0;0;0;0;3266;0;0;95;0;160;0;
21293;6618673;1073414144;34873344;1162764288;0;0;0;0;0;0;0;0;0;0;0;4028;0;0;95;0;160;0;
21294;5034722;1073414144;34873344;1162764288;0;0;0;0;0;0;0;0;0;0;0;3888;0;0;95;0;160;0;
21295;6736213;1073414144;34873344;1162764288;0;0;0;0;0;0;0;0;0;0;0;3416;0;0;95;0;160;0;
21296;5307453;1073414144;34873344;1162764288;0;0;0;0;0;0;0;0;0;0;0;4479;0;0;95;0;160;0;
21297;7155620;1073414144;34873344;1162764288;0;0;0;0;0;0;0;0;0;0;0;3687;0;0;95;0;160;0;
21298;4304843;1073414144;34873344;1162764288;0;0;0;0;0;0;0;0;0;0;0;3636;0;0;95;0;160;0;
21299;6845929;1073414144;34873344;1162764288;0;0;0;0;0;0;0;0;0;0;0;2705;0;0;95;0;160;0;
21300;4936358;1073414144;34873344;1162764288;0;0;0;0;0;0;0;0;0;0;0;3426;0;0;95;0;160;0;
21301;6904839;1073414144;34873344;1162764288;0;0;0;0;0;0;0;0;0;0;0;3887;0;0;95;0;160;0;
21302;5006679;1073414144;34873344;1162764288;0;0;0;0;0;0;0;0;0;0;0;2886;0;0;95;0;160;0;
21303;6646114;1073414144;34873344;1162764288;0;0;0;0;0;0;0;0;0;0;0;3497;0;0;95;0;160;0;
21304;5044570;1073414144;34873344;1162764288;0;0;0;0;0;0;0;0;0;0;0;3366;0;0;95;0;160;0;
21305;7921766;1073414144;34873344;1162764288;0;0;0;0;0;0;0;0;0;0;0;4158;0;0;95;0;160;0;
21306;4861828;1073414144;34873344;1162764288;0;0;0;0;0;0;0;0;0;0;0;3386;0;0;95;0;160;0;
21307;7362958;1073414144;34873344;1162764288;0;0;0;0;0;0;0;0;0;0;0;2995;0;0;95;0;160;0;
21308;3944137;1073414144;34873344;1162764288;0;0;0;0;0;0;0;0;0;0;0;2645;0;0;95;0;160;0;
21309;10611400;1073414144;34873344;1162764288;0;0;0;0;0;0;0;0;0;0;0;2365;0;0;95;0;160;0;
21310;6250422;1073414144;34873344;1162764288;0;0;0;0;0;0;0;0;0;0;0;4057;0;0;95;0;160;0;
21311;5592188;1073414144;34873344;1162764288;0;0;0;0;0;0;0;0;0;0;0;2715;0;0;95;0;160;0;
21312;4588896;1073414144;34873344;1162764288;0;0;0;0;0;0;0;0;0;0;0;4438;0;0;95;0;160;0;
21313;5877573;1073414144;34873344;1162764288;0;0;0;0;0;0;0;0;0;0;0;2355;0;0;95;0;160;0;
21314;5137255;1073414144;34873344;1162764288;0;0;0;0;0;0;0;0;0;0;0;3387;0;0;95;0;160;0;
21315;5647041;1073414144;34873344;1162764288;0;0;0;0;0;0;0;0;0;0;0;3156;0;0;95;0;160;0;
21316;4732074;1073414144;34873344;1162764288;0;0;0;0;0;0;0;0;0;0;0;3286;0;0;95;0;160;0;
21317;6092336;1073414144;34873344;1162764288;0;0;0;0;0;0;0;0;0;0;0;3927;0;0;95;0;160;0;
21318;5025445;1073414144;34873344;1162764288;0;0;0;0;0;0;0;0;0;0;0;3096;0;0;95;0;160;0;
21319;19033034;1073414144;34877440;1162768384;0;0;0;0;0;0;0;0;0;0;0;4097;0;0;95;0;160;0;
21320;5733312;1073414144;34881536;1162772480;0;0;0;0;0;0;0;0;0;0;0;3537;0;0;95;0;160;0;
21321;5479306;1073414144;34881536;1162772480;0;0;0;0;0;0;0;0;0;0;0;3576;0;0;95;0;160;0;
21322;4477708;1073414144;34881536;1162772480;0;0;0;0;0;0;0;0;0;0;0;3937;0;0;95;0;160;0;
21323;5064157;1073414144;34881536;1162772480;0;0;0;0;0;0;0;0;0;0;0;2434;0;0;95;0;160;0;
21324;5937495;1073414144;34881536;1162772480;0;0;0;0;0;0;0;0;0;0;0;3175;0;0;95;0;160;0;
21325;5958916;1073414144;34881536;1162772480;0;0;0;0;0;0;0;0;0;0;0;2534;0;0;95;0;160;0;
21326;4429286;1073442816;34873344;1162764288;0;0;0;0;0;0;0;0;0;0;0;3015;0;0;95;0;160;0;
21327;7871973;1073442816;34873344;1162764288;0;0;0;0;0;0;0;0;0;0;0;3466;0;0;95;0;160;0;
21328;3581156;1073442816;34873344;1162764288;0;0;0;0;0;0;0;0;0;0;0;4208;0;0;95;0;160;0;
21329;6683224;1073442816;34873344;1162764288;0;0;0;0;0;0;0;0;0;0;0;3606;0;0;95;0;160;0;
21330;3994611;1073442816;34873344;1162764288;0;0;0;0;0;0;0;0;0;0;0;3396;0;0;95;0;160;0;
21331;5780911;1073442816;34873344;1162764288;0;0;0;0;0;0;0;0;0;0;0;3867;0;0;95;0;160;0;
21332;4696668;1073442816;34873344;1162764288;0;0;0;0;0;0;0;0;0;0;0;2896;0;0;95;0;160;0;
21333;5576408;1073442816;34873344;1162764288;0;0;0;0;0;0;0;0;0;0;0;2715;0;0;95;0;160;0;
21334;5298025;1073442816;34873344;1162764288;0;0;0;0;0;0;0;0;0;0;0;3196;0;0;95;0;160;0;
21335;6019399;1073442816;34873344;1162764288;0;0;0;0;0;0;0;0;0;0;0;3306;0;0;95;0;160;0;
21336;3609699;1073442816;34873344;1162764288;0;0;0;0;0;0;0;0;0;0;0;3978;0;0;95;0;160;0;
21337;6616208;1073442816;34873344;1162764288;0;0;0;0;0;0;0;0;0;0;0;3587;0;0;95;0;160;0;
21338;5490858;1073442816;34873344;1162764288;0;0;0;0;0;0;0;0;0;0;0;3607;0;0;95;0;160;0;
21339;5768368;1073442816;34873344;1162764288;0;0;0;0;0;0;0;0;0;0;0;3897;0;0;95;0;160;0;
21340;4805723;1073442816;34873344;1162764288;0;0;0;0;0;0;0;0;0;0;0;4208;0;0;95;0;160;0;
21341;6819129;1073442816;34873344;1162764288;0;0;0;0;0;0;0;0;0;0;0;3316;0;0;95;0;160;0;
21342;5685793;1073442816;34873344;1162764288;0;0;0;0;0;0;0;0;0;0;0;3888;0;0;95;0;160;0;
21343;7203319;1073442816;34873344;1162764288;0;0;0;0;0;0;0;0;0;0;0;3797;0;0;95;0;160;0;
21344;5834783;1073442816;34873344;1162764288;0;0;0;0;0;0;0;0;0;0;0;3527;0;0;95;0;160;0;
21345;6728238;1073442816;34873344;1162764288;0;0;0;0;0;0;0;0;0;0;0;2966;0;0;95;0;160;0;
21346;5610521;1073442816;34873344;1162764288;0;0;0;0;0;0;0;0;0;0;0;3417;0;0;95;0;160;0;
21347;5565718;1073442816;34873344;1162764288;0;0;0;0;0;0;0;0;0;0;0;3035;0;0;95;0;160;0;
21348;6514106;1073442816;34873344;1162764288;0;0;0;0;0;0;0;0;0;0;0;3676;0;0;95;0;160;0;
21349;5382655;1073442816;34873344;1162764288;0;0;0;0;0;0;0;0;0;0;0;3227;0;0;95;0;160;0;
21350;6936960;1073442816;34873344;1162764288;0;0;0;0;0;0;0;0;0;0;0;3156;0;0;95;0;160;0;
21351;5829412;1073442816;34873344;1162764288;0;0;0;0;0;0;0;0;0;0;0;3457;0;0;95;0;160;0;
21352;5378036;1073442816;34873344;1162764288;0;0;0;0;0;0;0;0;0;0;0;2965;0;0;95;0;160;0;
21353;6042502;1073442816;34873344;1162764288;0;0;0;0;0;0;0;0;0;0;0;3066;0;0;95;0;160;0;
21354;6681100;1073442816;34873344;1162764288;0;0;0;0;0;0;0;0;0;0;0;2555;0;0;95;0;160;0;
21355;6857750;1073442816;34873344;1162764288;0;0;0;0;0;0;0;0;0;0;0;2605;0;0;95;0;160;0;
21356;4954281;1073442816;34873344;1162764288;0;0;0;0;0;0;0;0;0;0;0;3516;0;0;95;0;160;0;
21357;7415056;1073442816;34873344;1162764288;0;0;0;0;0;0;0;0;0;0;0;3055;0;0;95;0;160;0;
21358;4760067;1073442816;34873344;1162764288;0;0;0;0;0;0;0;0;0;0;0;4599;0;0;95;0;160;0;
21359;8277133;1073442816;34873344;1162764288;0;0;0;0;0;0;0;0;0;0;0;2885;0;0;95;0;160;0;
21360;5809124;1073442816;34873344;1162764288;0;0;0;0;0;0;0;0;0;0;0;3176;0;0;95;0;160;0;
21361;5205352;1073442816;34873344;1162764288;0;0;0;0;0;0;0;0;0;0;0;2875;0;0;95;0;160;0;
21362;4706296;1073442816;34873344;1162764288;0;0;0;0;0;0;0;0;0;0;0;3546;0;0;95;0;160;0;
21363;5102940;1073442816;34873344;1162764288;0;0;0;0;0;0;0;0;0;0;0;2545;0;0;95;0;160;0;
21364;4528583;1073442816;34873344;1162764288;0;0;0;0;0;0;0;0;0;0;0;3667;0;0;95;0;160;0;
21365;6026091;1073442816;34873344;1162764288;0;0;0;0;0;0;0;0;0;0;0;3106;0;0;95;0;160;0;
21366;5912528;1073442816;34873344;1162764288;0;0;0;0;0;0;0;0;0;0;0;3206;0;0;95;0;160;0;
21367;6239502;1073442816;34873344;1162764288;0;0;0;0;0;0;0;0;0;0;0;2625;0;0;95;0;160;0;
21368;3749171;1073442816;34873344;1162764288;0;0;0;0;0;0;0;0;0;0;0;3276;0;0;95;0;160;0;
21369;6103597;1073442816;34873344;1162764288;0;0;0;0;0;0;0;0;0;0;0;2455;0;0;95;0;160;0;
21370;4925367;1073442816;34873344;1162764288;0;0;0;0;0;0;0;0;0;0;0;3797;0;0;95;0;160;0;
21371;5655045;1073442816;34873344;1162764288;0;0;0;0;0;0;0;0;0;0;0;2525;0;0;95;0;160;0;
21372;5513880;1073442816;34873344;1162764288;0;0;0;0;0;0;0;0;0;0;0;3216;0;0;95;0;160;0;
21373;7400248;1073442816;34873344;1162764288;0;0;0;0;0;0;0;0;0;0;0;2465;0;0;95;0;160;0;
21374;4926288;1073442816;34873344;1162764288;0;0;0;0;0;0;0;0;0;0;0;4017;0;0;95;0;160;0;
21375;6136258;1073442816;34873344;1162764288;0;0;0;0;0;0;0;0;0;0;0;2394;0;0;95;0;160;0;
21376;4040768;1073442816;34873344;1162764288;0;0;0;0;0;0;0;0;0;0;0;3076;0;0;95;0;160;0;
21377;5973803;1073442816;34873344;1162764288;0;0;0;0;0;0;0;0;0;0;0;3858;0;0;95;0;160;0;
21378;4190148;1073442816;34873344;1162764288;0;0;0;0;0;0;0;0;0;0;0;4048;0;0;95;0;160;0;
21379;6285387;1073442816;34873344;1162764288;0;0;0;0;0;0;0;0;0;0;0;3096;0;0;95;0;160;0;
21380;3707032;1073442816;34873344;1162764288;0;0;0;0;0;0;0;0;0;0;0;3016;0;0;95;0;160;0;
21381;6457370;1073442816;34873344;1162764288;0;0;0;0;0;0;0;0;0;0;0;2945;0;0;95;0;160;0;
21382;4638149;1073442816;34873344;1162764288;0;0;0;0;0;0;0;0;0;0;0;3046;0;0;95;0;160;0;
21383;5072422;1073442816;34873344;1162764288;0;0;0;0;0;0;0;0;0;0;0;2515;0;0;95;0;160;0;
21384;6316636;1073442816;34873344;1162764288;0;0;0;0;0;0;0;0;0;0;0;3346;0;0;95;0;160;0;
21385;6379484;1073442816;34873344;1162764288;0;0;0;0;0;0;0;0;0;0;0;4167;0;0;95;0;160;0;
21386;5099163;1073442816;34873344;1162764288;0;0;0;0;0;0;0;0;0;0;0;2775;0;0;95;0;160;0;
21387;6381178;1073442816;34873344;1162764288;0;0;0;0;0;0;0;0;0;0;0;3978;0;0;95;0;160;0;
21388;5553364;1073442816;34873344;1162764288;0;0;0;0;0;0;0;0;0;0;0;3687;0;0;95;0;160;0;
21389;8378793;1073442816;34873344;1162764288;0;0;0;0;0;0;0;0;0;0;0;3386;0;0;95;0;160;0;
21390;4535566;1073442816;34873344;1162764288;0;0;0;0;0;0;0;0;0;0;0;3837;0;0;95;0;160;0;
21391;7834724;1073442816;34873344;1162764288;0;0;0;0;0;0;0;0;0;0;0;3667;0;0;95;0;160;0;
21392;6300426;1073442816;34873344;1162764288;0;0;0;0;0;0;0;0;0;0;0;4329;0;0;95;0;160;0;
21393;6722608;1073442816;34873344;1162764288;0;0;0;0;0;0;0;0;0;0;0;3116;0;0;95;0;160;0;
21394;6969059;1073442816;34873344;1162764288;0;0;0;0;0;0;0;0;0;0;0;3847;0;0;95;0;160;0;
21395;6731564;1073442816;34873344;1162764288;0;0;0;0;0;0;0;0;0;0;0;4318;0;0;95;0;160;0;
21396;7000018;1073442816;34873344;1162764288;0;0;0;0;0;0;0;0;0;0;0;4388;0;0;95;0;160;0;
21397;8430330;1073442816;34873344;1162764288;0;0;0;0;0;0;0;0;0;0;0;4067;0;0;95;0;160;0;
21398;6369946;1073442816;34873344;1162764288;0;0;0;0;0;0;0;0;0;0;0;3707;0;0;95;0;160;0;
21399;7964657;1073442816;34873344;1162764288;0;0;0;0;0;0;0;0;0;0;0;3757;0;0;95;0;160;0;
21400;6957458;1073442816;34873344;1162764288;0;0;0;0;0;0;0;0;0;0;0;3035;0;0;95;0;160;0;
21401;7497721;1073442816;34873344;1162764288;0;0;0;0;0;0;0;0;0;0;0;3146;0;0;95;0;160;0;
21402;5323534;1073442816;34873344;1162764288;0;0;0;0;0;0;0;0;0;0;0;3246;0;0;95;0;160;0;
21403;6316226;1073442816;34873344;1162764288;0;0;0;0;0;0;0;0;0;0;0;4107;0;0;95;0;160;0;
21404;6158830;1073442816;34873344;1162764288;0;0;0;0;0;0;0;0;0;0;0;2996;0;0;95;0;160;0;
21405;7945832;1073442816;34873344;1162764288;0;0;0;0;0;0;0;0;0;0;0;3206;0;0;95;0;160;0;
21406;5803944;1073442816;34873344;1162764288;0;0;0;0;0;0;0;0;0;0;0;4869;0;0;95;0;160;0;
21407;8352965;1073442816;34873344;1162764288;0;0;0;0;0;0;0;0;0;0;0;3397;0;0;95;0;160;0;
21408;6701397;1073442816;34873344;1162764288;0;0;0;0;0;0;0;0;0;0;0;3707;0;0;95;0;160;0;
21409;7462515;1073442816;34873344;1162764288;0;0;0;0;0;0;0;0;0;0;0;4609;0;0;95;0;160;0;
21410;4333878;1073442816;34873344;1162764288;0;0;0;0;0;0;0;0;0;0;0;3687;0;0;95;0;160;0;
21411;6752924;1073442816;34873344;1162764288;0;0;0;0;0;0;0;0;0;0;0;3507;0;0;95;0;160;0;
21412;4554040;1073442816;34873344;1162764288;0;0;0;0;0;0;0;0;0;0;0;3186;0;0;95;0;160;0;
21413;4891093;1073442816;34873344;1162764288;0;0;0;0;0;0;0;0;0;0;0;2485;0;0;95;0;160;0;
21414;6928303;1073442816;34873344;1162764288;0;0;0;0;0;0;0;0;0;0;0;4138;0;0;95;0;160;0;
21415;6525618;1073442816;34873344;1162764288;0;0;0;0;0;0;0;0;0;0;0;2715;0;0;95;0;160;0;
21416;6360488;1073442816;34873344;1162764288;0;0;0;0;0;0;0;0;0;0;0;4358;0;0;95;0;160;0;
21417;5634647;1073442816;34873344;1162764288;0;0;0;0;0;0;0;0;0;0;0;3367;0;0;95;0;160;0;
21418;6855767;1073442816;34873344;1162764288;0;0;0;0;0;0;0;0;0;0;0;4719;0;0;95;0;160;0;
21419;6345090;1073442816;34873344;1162764288;0;0;0;0;0;0;0;0;0;0;0;3346;0;0;95;0;160;0;
21420;6995119;1073442816;34873344;1162764288;0;0;0;0;0;0;0;0;0;0;0;3056;0;0;95;0;160;0;
21421;9592549;1073442816;34873344;1162764288;0;0;0;0;0;0;0;0;0;0;0;3115;0;0;95;0;160;0;
21422;7897901;1073442816;34873344;1162764288;0;0;0;0;0;0;0;0;0;0;0;3556;0;0;95;0;160;0;
21423;7954368;1073442816;34873344;1162764288;0;0;0;0;0;0;0;0;0;0;0;2825;0;0;95;0;160;0;
21424;6098477;1073442816;34873344;1162764288;0;0;0;0;0;0;0;0;0;0;0;3938;0;0;95;0;160;0;
21425;7188161;1073442816;34873344;1162764288;0;0;0;0;0;0;0;0;0;0;0;2975;0;0;95;0;160;0;
21426;6894119;1073442816;34873344;1162764288;0;0;0;0;0;0;0;0;0;0;0;3647;0;0;95;0;160;0;
21427;6951206;1073442816;34873344;1162764288;0;0;0;0;0;0;0;0;0;0;0;3898;0;0;95;0;160;0;
21428;7147043;1073442816;34873344;1162764288;0;0;0;0;0;0;0;0;0;0;0;4398;0;0;95;0;160;0;
21429;7494465;1073442816;34873344;1162764288;0;0;0;0;0;0;0;0;0;0;0;3406;0;0;95;0;160;0;
21430;7242533;1073442816;34873344;1162764288;0;0;0;0;0;0;0;0;0;0;0;3106;0;0;95;0;160;0;
21431;7482262;1073442816;34873344;1162764288;0;0;0;0;0;0;0;0;0;0;0;2815;0;0;95;0;160;0;
21432;7479727;1073442816;34873344;1162764288;0;0;0;0;0;0;0;0;0;0;0;3517;0;0;95;0;160;0;
21433;9494926;1073442816;34873344;1162764288;0;0;0;0;0;0;0;0;0;0;0;4618;0;0;95;0;160;0;
21434;6076225;1073442816;34873344;1162764288;0;0;0;0;0;0;0;0;0;0;0;3987;0;0;95;0;160;0;
21435;7466883;1073442816;34873344;1162764288;0;0;0;0;0;0;0;0;0;0;0;4027;0;0;95;0;160;0;
21436;4907403;1073442816;34873344;1162764288;0;0;0;0;0;0;0;0;0;0;0;2515;0;0;95;0;160;0;
21437;7527297;1073442816;34873344;1162764288;0;0;0;0;0;0;0;0;0;0;0;3036;0;0;95;0;160;0;
21438;6158069;1073442816;34873344;1162764288;0;0;0;0;0;0;0;0;0;0;0;4088;0;0;95;0;160;0;
21439;6775807;1073442816;34873344;1162764288;0;0;0;0;0;0;0;0;0;0;0;2946;0;0;95;0;160;0;
21440;6569520;1073442816;34873344;1162764288;0;0;0;0;0;0;0;0;0;0;0;3246;0;0;95;0;160;0;
21441;8074623;1073442816;34873344;1162764288;0;0;0;0;0;0;0;0;0;0;0;3857;0;0;95;0;160;0;
21442;6782700;1073442816;34873344;1162764288;0;0;0;0;0;0;0;0;0;0;0;3066;0;0;95;0;160;0;
21443;6772231;1073442816;34873344;1162764288;0;0;0;0;0;0;0;0;0;0;0;3166;0;0;95;0;160;0;
21444;6182644;1073442816;34873344;1162764288;0;0;0;0;0;0;0;0;0;0;0;3747;0;0;95;0;160;0;
21445;8293513;1073442816;34873344;1162764288;0;0;0;0;0;0;0;0;0;0;0;3476;0;0;95;0;160;0;
21446;4938111;1073442816;34873344;1162764288;0;0;0;0;0;0;0;0;0;0;0;3216;0;0;95;0;160;0;
21447;7371925;1073442816;34873344;1162764288;0;0;0;0;0;0;0;0;0;0;0;3025;0;0;95;0;160;0;
21448;6250522;1073442816;34873344;1162764288;0;0;0;0;0;0;0;0;0;0;0;3316;0;0;95;0;160;0;
21449;8434137;1073442816;34873344;1162764288;0;0;0;0;0;0;0;0;0;0;0;3387;0;0;95;0;160;0;
21450;9407012;1073442816;34873344;1162764288;0;0;0;0;0;0;0;0;0;0;0;3035;0;0;95;0;160;0;
21451;6602161;1073442816;34873344;1162764288;0;0;0;0;0;0;0;0;0;0;0;2805;0;0;95;0;160;0;
21452;8064524;1073442816;34873344;1162764288;0;0;0;0;0;0;0;0;0;0;0;3236;0;0;95;0;160;0;
21453;8401997;1073442816;34873344;1162764288;0;0;0;0;0;0;0;0;0;0;0;3597;0;0;95;0;160;0;
21454;6747154;1073442816;34873344;1162764288;0;0;0;0;0;0;0;0;0;0;0;3075;0;0;95;0;160;0;
21455;6659339;1073442816;34873344;1162764288;0;0;0;0;0;0;0;0;0;0;0;3937;0;0;95;0;160;0;
21456;8964542;1073442816;34873344;1162764288;0;0;0;0;0;0;0;0;0;0;0;4218;0;0;95;0;160;0;
21457;8582175;1073442816;34873344;1162764288;0;0;0;0;0;0;0;0;0;0;0;2695;0;0;95;0;160;0;
21458;7237113;1073442816;34873344;1162764288;0;0;0;0;0;0;0;0;0;0;0;3767;0;0;95;0;160;0;
21459;8494430;1073442816;34873344;1162764288;0;0;0;0;0;0;0;0;0;0;0;3487;0;0;95;0;160;0;
21460;5911637;1073442816;34873344;1162764288;0;0;0;0;0;0;0;0;0;0;0;3166;0;0;95;0;160;0;
21461;7719226;1073442816;34873344;1162764288;0;0;0;0;0;0;0;0;0;0;0;4108;0;0;95;0;160;0;
21462;5503071;1073442816;34873344;1162764288;0;0;0;0;0;0;0;0;0;0;0;3667;0;0;95;0;160;0;
21463;8444838;1073442816;34873344;1162764288;0;0;0;0;0;0;0;0;0;0;0;4699;0;0;95;0;160;0;
21464;13329668;1073442816;34873344;1162764288;0;0;0;0;0;0;0;0;0;0;0;3407;0;0;95;0;160;0;
21465;7738372;1073442816;34873344;1162764288;0;0;0;0;0;0;0;0;0;0;0;3517;0;0;95;0;160;0;
21466;6011604;1073442816;34873344;1162764288;0;0;0;0;0;0;0;0;0;0;0;3908;0;0;95;0;160;0;
21467;6432994;1073442816;34873344;1162764288;0;0;0;0;0;0;0;0;0;0;0;3406;0;0;95;0;160;0;
21468;5909212;1073442816;34873344;1162764288;0;0;0;0;0;0;0;0;0;0;0;4017;0;0;95;0;160;0;
21469;5620781;1073442816;34873344;1162764288;0;0;0;0;0;0;0;0;0;0;0;2975;0;0;95;0;160;0;
21470;5681845;1073442816;34873344;1162764288;0;0;0;0;0;0;0;0;0;0;0;3597;0;0;95;0;160;0;
21471;5573392;1073442816;34873344;1162764288;0;0;0;0;0;0;0;0;0;0;0;2936;0;0;95;0;160;0;
21472;4671902;1073442816;34873344;1162764288;0;0;0;0;0;0;0;0;0;0;0;3747;0;0;95;0;160;0;
21473;8194178;1073442816;34873344;1162764288;0;0;0;0;0;0;0;0;0;0;0;92494;0;0;95;0;160;0;
21474;6554692;1073442816;34873344;1162764288;0;0;0;0;0;0;0;0;0;0;0;3897;0;0;95;0;160;0;
21475;6575492;1073442816;34873344;1162764288;0;0;0;0;0;0;0;0;0;0;0;3166;0;0;95;0;160;0;
21476;5277397;1073442816;34873344;1162764288;0;0;0;0;0;0;0;0;0;0;0;3056;0;0;95;0;160;0;
21477;7181508;1073442816;34873344;1162764288;0;0;0;0;0;0;0;0;0;0;0;3486;0;0;95;0;160;0;
21478;5537294;1073442816;34873344;1162764288;0;0;0;0;0;0;0;0;0;0;0;3105;0;0;95;0;160;0;
21479;6397397;1073442816;34873344;1162764288;0;0;0;0;0;0;0;0;0;0;0;3115;0;0;95;0;160;0;
21480;6029418;1073442816;34873344;1162764288;0;0;0;0;0;0;0;0;0;0;0;3236;0;0;95;0;160;0;
21481;7167331;1073442816;34873344;1162764288;0;0;0;0;0;0;0;0;0;0;0;3917;0;0;95;0;160;0;
21482;5584282;1073442816;34873344;1162764288;0;0;0;0;0;0;0;0;0;0;0;3877;0;0;95;0;160;0;
21483;7889626;1073442816;34873344;1162764288;0;0;0;0;0;0;0;0;0;0;0;3657;0;0;95;0;160;0;
21484;7004156;1073442816;34873344;1162764288;0;0;0;0;0;0;0;0;0;0;0;2615;0;0;95;0;160;0;
21485;5215060;1073442816;34873344;1162764288;0;0;0;0;0;0;0;0;0;0;0;2615;0;0;95;0;160;0;
21486;5249986;1073442816;34873344;1162764288;0;0;0;0;0;0;0;0;0;0;0;3056;0;0;95;0;160;0;
21487;6733578;1073442816;34873344;1162764288;0;0;0;0;0;0;0;0;0;0;0;2545;0;0;95;0;160;0;
21488;5371443;1073442816;34873344;1162764288;0;0;0;0;0;0;0;0;0;0;0;3818;0;0;95;0;160;0;
21489;9510957;1073442816;34873344;1162764288;0;0;0;0;0;0;0;0;0;0;0;3055;0;0;95;0;160;0;
21490;6721125;1073442816;34873344;1162764288;0;0;0;0;0;0;0;0;0;0;0;3506;0;0;95;0;160;0;
21491;6212341;1073442816;34873344;1162764288;0;0;0;0;0;0;0;0;0;0;0;3166;0;0;95;0;160;0;
21492;8237258;1073442816;34873344;1162764288;0;0;0;0;0;0;0;0;0;0;0;4218;0;0;95;0;160;0;
21493;8311006;1073442816;34873344;1162764288;0;0;0;0;0;0;0;0;0;0;0;2946;0;0;95;0;160;0;
21494;6906612;1073442816;34873344;1162764288;0;0;0;0;0;0;0;0;0;0;0;3787;0;0;95;0;160;0;
21495;6782329;1073442816;34873344;1162764288;0;0;0;0;0;0;0;0;0;0;0;2865;0;0;95;0;160;0;
21496;5150278;1073442816;34873344;1162764288;0;0;0;0;0;0;0;0;0;0;0;3496;0;0;95;0;160;0;
21497;8476587;1073442816;34873344;1162764288;0;0;0;0;0;0;0;0;0;0;0;4889;0;0;95;0;160;0;
21498;4071024;1073442816;34873344;1162764288;0;0;0;0;0;0;0;0;0;0;0;4278;0;0;95;0;160;0;
21499;7798204;1073442816;34873344;1162764288;0;0;0;0;0;0;0;0;0;0;0;2956;0;0;95;0;160;0;
21500;3975826;1073442816;34873344;1162764288;0;0;0;0;0;0;0;0;0;0;0;3366;0;0;95;0;160;0;
21501;8734460;1073442816;34873344;1162764288;0;0;0;0;0;0;0;0;0;0;0;3516;0;0;95;0;160;0;
21502;4888708;1073442816;34873344;1162764288;0;0;0;0;0;0;0;0;0;0;0;4478;0;0;95;0;160;0;
21503;7827449;1073442816;34873344;1162764288;0;0;0;0;0;0;0;0;0;0;0;2876;0;0;95;0;160;0;
21504;3468705;1073442816;34873344;1162764288;0;0;0;0;0;0;0;0;0;0;0;3016;0;0;95;0;160;0;
21505;9147485;1073442816;34873344;1162764288;0;0;0;0;0;0;0;0;0;0;0;3437;0;0;95;0;160;0;
21506;3973572;1073442816;34873344;1162764288;0;0;0;0;0;0;0;0;0;0;0;3486;0;0;95;0;160;0;
21507;8447792;1073442816;34873344;1162764288;0;0;0;0;0;0;0;0;0;0;0;3236;0;0;95;0;160;0;
21508;3711831;1073442816;34873344;1162764288;0;0;0;0;0;0;0;0;0;0;0;4017;0;0;95;0;160;0;
21509;6465165;1073442816;34873344;1162764288;0;0;0;0;0;0;0;0;0;0;0;3436;0;0;95;0;160;0;
21510;4174138;1073442816;34873344;1162764288;0;0;0;0;0;0;0;0;0;0;0;3296;0;0;95;0;160;0;
21511;7255206;1073442816;34873344;1162764288;0;0;0;0;0;0;0;0;0;0;0;3056;0;0;95;0;160;0;
21512;6386837;1073442816;34873344;1162764288;0;0;0;0;0;0;0;0;0;0;0;3316;0;0;95;0;160;0;
21513;7803083;1073442816;34873344;1162764288;0;0;0;0;0;0;0;0;0;0;0;2805;0;0;95;0;160;0;
21514;5074827;1073442816;34873344;1162764288;0;0;0;0;0;0;0;0;0;0;0;3597;0;0;95;0;160;0;
21515;6497846;1073442816;34873344;1162764288;0;0;0;0;0;0;0;0;0;0;0;3166;0;0;95;0;160;0;
21516;8046510;1073442816;34873344;1162764288;0;0;0;0;0;0;0;0;0;0;0;4067;0;0;95;0;160;0;
21517;6133633;1073442816;34873344;1162764288;0;0;0;0;0;0;0;0;0;0;0;3005;0;0;95;0;160;0;
21518;7265255;1073442816;34873344;1162764288;0;0;0;0;0;0;0;0;0;0;0;2735;0;0;95;0;160;0;
21519;5275775;1073442816;34873344;1162764288;0;0;0;0;0;0;0;0;0;0;0;2305;0;0;95;0;160;0;
21520;7398706;1073442816;34873344;1162764288;0;0;0;0;0;0;0;0;0;0;0;3817;0;0;95;0;160;0;
21521;7899675;1073442816;34873344;1162764288;0;0;0;0;0;0;0;0;0;0;0;3196;0;0;95;0;160;0;
21522;5773668;1073442816;34873344;1162764288;0;0;0;0;0;0;0;0;0;0;0;3386;0;0;95;0;160;0;
21523;6634222;1073442816;34873344;1162764288;0;0;0;0;0;0;0;0;0;0;0;2655;0;0;95;0;160;0;
21524;6162877;1073442816;34873344;1162764288;0;0;0;0;0;0;0;0;0;0;0;2855;0;0;95;0;160;0;
21525;6212651;1073442816;34873344;1162764288;0;0;0;0;0;0;0;0;0;0;0;2435;0;0;95;0;160;0;
21526;6501723;1073442816;34873344;1162764288;0;0;0;0;0;0;0;0;0;0;0;2514;0;0;95;0;160;0;
21527;5650738;1073442816;34873344;1162764288;0;0;0;0;0;0;0;0;0;0;0;2044;0;0;95;0;160;0;
21528;7471993;1073442816;34873344;1162764288;0;0;0;0;0;0;0;0;0;0;0;2404;0;0;95;0;160;0;
21529;7739354;1073442816;34873344;1162764288;0;0;0;0;0;0;0;0;0;0;0;2294;0;0;95;0;160;0;
21530;4987925;1073442816;34873344;1162764288;0;0;0;0;0;0;0;0;0;0;0;3056;0;0;95;0;160;0;
21531;7828922;1073442816;34873344;1162764288;0;0;0;0;0;0;0;0;0;0;0;3446;0;0;95;0;160;0;
21532;4361500;1073442816;34873344;1162764288;0;0;0;0;0;0;0;0;0;0;0;3988;0;0;95;0;160;0;
21533;7217205;1073442816;34873344;1162764288;0;0;0;0;0;0;0;0;0;0;0;2595;0;0;95;0;160;0;
21534;5540410;1073442816;34873344;1162764288;0;0;0;0;0;0;0;0;0;0;0;249278;0;0;95;0;160;0;
21535;8177927;1073442816;34873344;1162764288;0;0;0;0;0;0;0;0;0;0;0;3176;0;0;95;0;160;0;
21536;3986346;1073442816;34873344;1162764288;0;0;0;0;0;0;0;0;0;0;0;3837;0;0;95;0;160;0;
21537;6912503;1073442816;34873344;1162764288;0;0;0;0;0;0;0;0;0;0;0;3447;0;0;95;0;160;0;
21538;4601109;1073442816;34873344;1162764288;0;0;0;0;0;0;0;0;0;0;0;3848;0;0;95;0;160;0;
21539;7825205;1073442816;34873344;1162764288;0;0;0;0;0;0;0;0;0;0;0;3166;0;0;95;0;160;0;
21540;3622423;1073442816;34873344;1162764288;0;0;0;0;0;0;0;0;0;0;0;2865;0;0;95;0;160;0;
21541;5373377;1073442816;34873344;1162764288;0;0;0;0;0;0;0;0;0;0;0;2785;0;0;95;0;160;0;
21542;5526304;1073442816;34873344;1162764288;0;0;0;0;0;0;0;0;0;0;0;3777;0;0;95;0;160;0;
21543;6346652;1073442816;34873344;1162764288;0;0;0;0;0;0;0;0;0;0;0;2685;0;0;95;0;160;0;
21544;5555118;1073442816;34873344;1162764288;0;0;0;0;0;0;0;0;0;0;0;4048;0;0;95;0;160;0;
21545;5745344;1073442816;34873344;1162764288;0;0;0;0;0;0;0;0;0;0;0;2795;0;0;95;0;160;0;
21546;5068174;1073442816;34873344;1162764288;0;0;0;0;0;0;0;0;0;0;0;3196;0;0;95;0;160;0;
21547;5384729;1073442816;34873344;1162764288;0;0;0;0;0;0;0;0;0;0;0;2605;0;0;95;0;160;0;
21548;5818472;1073442816;34873344;1162764288;0;0;0;0;0;0;0;0;0;0;0;3426;0;0;95;0;160;0;
21549;5747689;1073442816;34873344;1162764288;0;0;0;0;0;0;0;0;0;0;0;2184;0;0;95;0;160;0;
21550;4753605;1073442816;34873344;1162764288;0;0;0;0;0;0;0;0;0;0;0;2805;0;0;95;0;160;0;
21551;5370111;1073442816;34873344;1162764288;0;0;0;0;0;0;0;0;0;0;0;2335;0;0;95;0;160;0;
21552;6127772;1073442816;34873344;1162764288;0;0;0;0;0;0;0;0;0;0;0;3046;0;0;95;0;160;0;
21553;7261168;1073442816;34873344;1162764288;0;0;0;0;0;0;0;0;0;0;0;2786;0;0;95;0;160;0;
21554;6178898;1073442816;34873344;1162764288;0;0;0;0;0;0;0;0;0;0;0;3556;0;0;95;0;160;0;
21555;5504203;1073442816;34873344;1162764288;0;0;0;0;0;0;0;0;0;0;0;3075;0;0;95;0;160;0;
21556;4851638;1073442816;34873344;1162764288;0;0;0;0;0;0;0;0;0;0;0;3887;0;0;95;0;160;0;
21557;7256048;1073442816;34873344;1162764288;0;0;0;0;0;0;0;0;0;0;0;4098;0;0;95;0;160;0;
21558;4199025;1073442816;34873344;1162764288;0;0;0;0;0;0;0;0;0;0;0;3296;0;0;95;0;160;0;
21559;6655311;1073442816;34873344;1162764288;0;0;0;0;0;0;0;0;0;0;0;3446;0;0;95;0;160;0;
21560;4844726;1073442816;34873344;1162764288;0;0;0;0;0;0;0;0;0;0;0;3066;0;0;95;0;160;0;
21561;5533988;1073442816;34873344;1162764288;0;0;0;0;0;0;0;0;0;0;0;3066;0;0;95;0;160;0;
21562;5157723;1073442816;34873344;1162764288;0;0;0;0;0;0;0;0;0;0;0;56045;0;0;95;0;160;0;
21563;5270604;1073442816;34873344;1162764288;0;0;0;0;0;0;0;0;0;0;0;2404;0;0;95;0;160;0;
21564;5003193;1073442816;34873344;1162764288;0;0;0;0;0;0;0;0;0;0;0;2645;0;0;95;0;160;0;
21565;7198961;1073442816;34873344;1162764288;0;0;0;0;0;0;0;0;0;0;0;2685;0;0;95;0;160;0;
21566;4754447;1073442816;34873344;1162764288;0;0;0;0;0;0;0;0;0;0;0;3336;0;0;95;0;160;0;
21567;7107209;1073442816;34873344;1162764288;0;0;0;0;0;0;0;0;0;0;0;3086;0;0;95;0;160;0;
21568;4075954;1073442816;34873344;1162764288;0;0;0;0;0;0;0;0;0;0;0;3457;0;0;95;0;160;0;
21569;6082947;1073442816;34873344;1162764288;0;0;0;0;0;0;0;0;0;0;0;3035;0;0;95;0;160;0;
21570;3578250;1073442816;34873344;1162764288;0;0;0;0;0;0;0;0;0;0;0;3837;0;0;95;0;160;0;
21571;6394592;1073442816;34873344;1162764288;0;0;0;0;0;0;0;0;0;0;0;2054;0;0;95;0;160;0;
21572;3816457;1073442816;34873344;1162764288;0;0;0;0;0;0;0;0;0;0;0;3176;0;0;95;0;160;0;
21573;6155053;1073442816;34873344;1162764288;0;0;0;0;0;0;0;0;0;0;0;2735;0;0;95;0;160;0;
21574;4285176;1073442816;34873344;1162764288;0;0;0;0;0;0;0;0;0;0;0;3296;0;0;95;0;160;0;
21575;5956290;1073442816;34873344;1162764288;0;0;0;0;0;0;0;0;0;0;0;2014;0;0;95;0;160;0;
21576;4724901;1073442816;34873344;1162764288;0;0;0;0;0;0;0;0;0;0;0;3056;0;0;95;0;160;0;
21577;6384734;1073442816;34873344;1162764288;0;0;0;0;0;0;0;0;0;0;0;2314;0;0;95;0;160;0;
21578;4234792;1073442816;34873344;1162764288;0;0;0;0;0;0;0;0;0;0;0;3186;0;0;95;0;160;0;
21579;4903636;1073442816;34873344;1162764288;0;0;0;0;0;0;0;0;0;0;0;2094;0;0;95;0;160;0;
21580;5569886;1073442816;34873344;1162764288;0;0;0;0;0;0;0;0;0;0;0;2986;0;0;95;0;160;0;
21581;4808969;1073442816;34873344;1162764288;0;0;0;0;0;0;0;0;0;0;0;2855;0;0;95;0;160;0;
21582;5685973;1073442816;34873344;1162764288;0;0;0;0;0;0;0;0;0;0;0;4859;0;0;95;0;160;0;
21583;5455932;1073442816;34873344;1162764288;0;0;0;0;0;0;0;0;0;0;0;2264;0;0;95;0;160;0;
21584;4838344;1073442816;34873344;1162764288;0;0;0;0;0;0;0;0;0;0;0;3327;0;0;95;0;160;0;
21585;6114066;1073442816;34873344;1162764288;0;0;0;0;0;0;0;0;0;0;0;4148;0;0;95;0;160;0;
21586;4216137;1073442816;34873344;1162764288;0;0;0;0;0;0;0;0;0;0;0;3046;0;0;95;0;160;0;
21587;6804491;1073442816;34873344;1162764288;0;0;0;0;0;0;0;0;0;0;0;2975;0;0;95;0;160;0;
21588;4277522;1073442816;34873344;1162764288;0;0;0;0;0;0;0;0;0;0;0;3366;0;0;95;0;160;0;
21589;6402357;1073442816;34873344;1162764288;0;0;0;0;0;0;0;0;0;0;0;3948;0;0;95;0;160;0;
21590;4597031;1073442816;34873344;1162764288;0;0;0;0;0;0;0;0;0;0;0;3676;0;0;95;0;160;0;
21591;5630069;1073442816;34873344;1162764288;0;0;0;0;0;0;0;0;0;0;0;3466;0;0;95;0;160;0;
21592;4398318;1073442816;34873344;1162764288;0;0;0;0;0;0;0;0;0;0;0;4148;0;0;95;0;160;0;
21593;6995399;1073442816;34873344;1162764288;0;0;0;0;0;0;0;0;0;0;0;2926;0;0;95;0;160;0;
21594;6601050;1073442816;34873344;1162764288;0;0;0;0;0;0;0;0;0;0;0;3847;0;0;95;0;160;0;
21595;5598550;1073442816;34873344;1162764288;0;0;0;0;0;0;0;0;0;0;0;3277;0;0;95;0;160;0;
21596;5001630;1073442816;34873344;1162764288;0;0;0;0;0;0;0;0;0;0;0;3206;0;0;95;0;160;0;
21597;5550900;1073442816;34873344;1162764288;0;0;0;0;0;0;0;0;0;0;0;2304;0;0;95;0;160;0;
21598;5453157;1073442816;34873344;1162764288;0;0;0;0;0;0;0;0;0;0;0;3286;0;0;95;0;160;0;
21599;6954903;1073442816;34873344;1162764288;0;0;0;0;0;0;0;0;0;0;0;3747;0;0;95;0;160;0;
21600;5512718;1073442816;34873344;1162764288;0;0;0;0;0;0;0;0;0;0;0;3777;0;0;95;0;160;0;
21601;6551256;1073442816;34873344;1162764288;0;0;0;0;0;0;0;0;0;0;0;3166;0;0;95;0;160;0;
21602;5434732;1073442816;34873344;1162764288;0;0;0;0;0;0;0;0;0;0;0;3767;0;0;95;0;160;0;
21603;6373683;1073442816;34873344;1162764288;0;0;0;0;0;0;0;0;0;0;0;3647;0;0;95;0;160;0;
21604;4655951;1073442816;34873344;1162764288;0;0;0;0;0;0;0;0;0;0;0;3467;0;0;95;0;160;0;
21605;6065184;1073442816;34873344;1162764288;0;0;0;0;0;0;0;0;0;0;0;2435;0;0;95;0;160;0;
21606;4294454;1073442816;34873344;1162764288;0;0;0;0;0;0;0;0;0;0;0;3577;0;0;95;0;160;0;
21607;5139629;1073442816;34873344;1162764288;0;0;0;0;0;0;0;0;0;0;0;3326;0;0;95;0;160;0;
21608;4341362;1073442816;34873344;1162764288;0;0;0;0;0;0;0;0;0;0;0;4107;0;0;95;0;160;0;
21609;6095531;1073442816;34873344;1162764288;0;0;0;0;0;0;0;0;0;0;0;2905;0;0;95;0;160;0;
21610;5176458;1073442816;34873344;1162764288;0;0;0;0;0;0;0;0;0;0;0;5110;0;0;95;0;160;0;
21611;6275319;1073442816;34873344;1162764288;0;0;0;0;0;0;0;0;0;0;0;4028;0;0;95;0;160;0;
21612;4744418;1073442816;34873344;1162764288;0;0;0;0;0;0;0;0;0;0;0;4118;0;0;95;0;160;0;
21613;6774675;1073442816;34873344;1162764288;0;0;0;0;0;0;0;0;0;0;0;3547;0;0;95;0;160;0;
21614;5613318;1073442816;34873344;1162764288;0;0;0;0;0;0;0;0;0;0;0;4428;0;0;95;0;160;0;
21615;5967972;1073442816;34873344;1162764288;0;0;0;0;0;0;0;0;0;0;0;3036;0;0;95;0;160;0;
21616;4573878;1073442816;34873344;1162764288;0;0;0;0;0;0;0;0;0;0;0;3366;0;0;95;0;160;0;
21617;5851263;1073442816;34873344;1162764288;0;0;0;0;0;0;0;0;0;0;0;2845;0;0;95;0;160;0;
21618;4886845;1073442816;34873344;1162764288;0;0;0;0;0;0;0;0;0;0;0;2865;0;0;95;0;160;0;
21619;6153681;1073442816;34873344;1162764288;0;0;0;0;0;0;0;0;0;0;0;2956;0;0;95;0;160;0;
21620;4644670;1073442816;34873344;1162764288;0;0;0;0;0;0;0;0;0;0;0;3166;0;0;95;0;160;0;
21621;5464268;1073442816;34873344;1162764288;0;0;0;0;0;0;0;0;0;0;0;2634;0;0;95;0;160;0;
21622;4553500;1073442816;34873344;1162764288;0;0;0;0;0;0;0;0;0;0;0;3346;0;0;95;0;160;0;
21623;6577686;1073442816;34873344;1162764288;0;0;0;0;0;0;0;0;0;0;0;2394;0;0;95;0;160;0;
21624;6155364;1073442816;34873344;1162764288;0;0;0;0;0;0;0;0;0;0;0;3456;0;0;95;0;160;0;
21625;7007141;1073442816;34873344;1162764288;0;0;0;0;0;0;0;0;0;0;0;2835;0;0;95;0;160;0;
21626;6125578;1073442816;34873344;1162764288;0;0;0;0;0;0;0;0;0;0;0;3136;0;0;95;0;160;0;
21627;7420607;1073442816;34873344;1162764288;0;0;0;0;0;0;0;0;0;0;0;3677;0;0;95;0;160;0;
21628;4165833;1073442816;34873344;1162764288;0;0;0;0;0;0;0;0;0;0;0;3887;0;0;95;0;160;0;
21629;8060536;1073442816;34873344;1162764288;0;0;0;0;0;0;0;0;0;0;0;3737;0;0;95;0;160;0;
21630;4352913;1073442816;34873344;1162764288;0;0;0;0;0;0;0;0;0;0;0;3737;0;0;95;0;160;0;
21631;11649888;1073442816;34873344;1162764288;0;0;0;0;0;0;0;0;0;0;0;2865;0;0;95;0;160;0;
21632;5000468;1073442816;34873344;1162764288;0;0;0;0;0;0;0;0;0;0;0;3186;0;0;95;0;160;0;
21633;5921034;1073442816;34873344;1162764288;0;0;0;0;0;0;0;0;0;0;0;3486;0;0;95;0;160;0;
21634;5586386;1073442816;34873344;1162764288;0;0;0;0;0;0;0;0;0;0;0;3838;0;0;95;0;160;0;
21635;7767657;1073442816;34873344;1162764288;0;0;0;0;0;0;0;0;0;0;0;3106;0;0;95;0;160;0;
21636;4640834;1073442816;34873344;1162764288;0;0;0;0;0;0;0;0;0;0;0;3987;0;0;95;0;160;0;
21637;7702876;1073442816;34873344;1162764288;0;0;0;0;0;0;0;0;0;0;0;4529;0;0;95;0;160;0;
21638;5113489;1073442816;34873344;1162764288;0;0;0;0;0;0;0;0;0;0;0;3777;0;0;95;0;160;0;
21639;6253698;1073442816;34873344;1162764288;0;0;0;0;0;0;0;0;0;0;0;3166;0;0;95;0;160;0;
21640;5112058;1073442816;34873344;1162764288;0;0;0;0;0;0;0;0;0;0;0;3477;0;0;95;0;160;0;
21641;5510434;1073442816;34873344;1162764288;0;0;0;0;0;0;0;0;0;0;0;3156;0;0;95;0;160;0;
21642;4930256;1073442816;34873344;1162764288;0;0;0;0;0;0;0;0;0;0;0;4038;0;0;95;0;160;0;
21643;7525203;1073442816;34877440;1162768384;0;0;0;0;0;0;0;0;0;0;0;3006;0;0;95;0;160;0;
21644;4985740;1073442816;34881536;1162772480;0;0;0;0;0;0;0;0;0;0;0;3978;0;0;95;0;160;0;
21645;7545601;1073442816;34881536;1162772480;0;0;0;0;0;0;0;0;0;0;0;3146;0;0;95;0;160;0;
21646;4855156;1073442816;34881536;1162772480;0;0;0;0;0;0;0;0;0;0;0;2946;0;0;95;0;160;0;
21647;8635936;1073442816;34881536;1162772480;0;0;0;0;0;0;0;0;0;0;0;4389;0;0;95;0;160;0;
21648;5084816;1073442816;34881536;1162772480;0;0;0;0;0;0;0;0;0;0;0;3627;0;0;95;0;160;0;
21649;6532120;1073442816;34881536;1162772480;0;0;0;0;0;0;0;0;0;0;0;7404;0;0;95;0;160;0;
21650;6595349;1073602560;34873344;1162764288;0;0;0;0;0;0;0;0;0;0;0;3927;0;0;95;0;160;0;
21651;6648308;1073602560;34873344;1162764288;0;0;0;0;0;0;0;0;0;0;0;2415;0;0;95;0;160;0;
21652;6008889;1073602560;34873344;1162764288;0;0;0;0;0;0;0;0;0;0;0;3296;0;0;95;0;160;0;
21653;7189954;1073602560;34873344;1162764288;0;0;0;0;0;0;0;0;0;0;0;3116;0;0;95;0;160;0;
21654;4114136;1073602560;34873344;1162764288;0;0;0;0;0;0;0;0;0;0;0;3336;0;0;95;0;160;0;
21655;6458863;1073602560;34873344;1162764288;0;0;0;0;0;0;0;0;0;0;0;2404;0;0;95;0;160;0;
21656;4851599;1073602560;34873344;1162764288;0;0;0;0;0;0;0;0;0;0;0;2916;0;0;95;0;160;0;
21657;5551621;1073602560;34873344;1162764288;0;0;0;0;0;0;0;0;0;0;0;2705;0;0;95;0;160;0;
21658;5332210;1073602560;34873344;1162764288;0;0;0;0;0;0;0;0;0;0;0;3827;0;0;95;0;160;0;
21659;6868040;1073602560;34873344;1162764288;0;0;0;0;0;0;0;0;0;0;0;3216;0;0;95;0;160;0;
21660;5949638;1073602560;34873344;1162764288;0;0;0;0;0;0;0;0;0;0;0;2806;0;0;95;0;160;0;
21661;7871462;1073602560;34873344;1162764288;0;0;0;0;0;0;0;0;0;0;0;2955;0;0;95;0;160;0;
21662;5853838;1073602560;34873344;1162764288;0;0;0;0;0;0;0;0;0;0;0;3366;0;0;95;0;160;0;
21663;8196872;1073602560;34873344;1162764288;0;0;0;0;0;0;0;0;0;0;0;4047;0;0;95;0;160;0;
21664;4821973;1073602560;34873344;1162764288;0;0;0;0;0;0;0;0;0;0;0;3236;0;0;95;0;160;0;
21665;7040314;1073602560;34873344;1162764288;0;0;0;0;0;0;0;0;0;0;0;3526;0;0;95;0;160;0;
21666;4739709;1073602560;34873344;1162764288;0;0;0;0;0;0;0;0;0;0;0;3046;0;0;95;0;160;0;
21667;7161621;1073602560;34873344;1162764288;0;0;0;0;0;0;0;0;0;0;0;3246;0;0;95;0;160;0;
21668;3909441;1073602560;34873344;1162764288;0;0;0;0;0;0;0;0;0;0;0;3276;0;0;95;0;160;0;
21669;7922548;1073602560;34873344;1162764288;0;0;0;0;0;0;0;0;0;0;0;3677;0;0;95;0;160;0;
21670;4213141;1073602560;34873344;1162764288;0;0;0;0;0;0;0;0;0;0;0;2816;0;0;95;0;160;0;
21671;8034889;1073602560;34873344;1162764288;0;0;0;0;0;0;0;0;0;0;0;3457;0;0;95;0;160;0;
21672;4710484;1073602560;34873344;1162764288;0;0;0;0;0;0;0;0;0;0;0;3206;0;0;95;0;160;0;
21673;6615597;1073602560;34873344;1162764288;0;0;0;0;0;0;0;0;0;0;0;3226;0;0;95;0;160;0;
21674;4838705;1073602560;34873344;1162764288;0;0;0;0;0;0;0;0;0;0;0;3627;0;0;95;0;160;0;
21675;6177646;1073602560;34873344;1162764288;0;0;0;0;0;0;0;0;0;0;0;4278;0;0;95;0;160;0;
21676;4807076;1073602560;34873344;1162764288;0;0;0;0;0;0;0;0;0;0;0;2605;0;0;95;0;160;0;
21677;7805769;1073602560;34873344;1162764288;0;0;0;0;0;0;0;0;0;0;0;3006;0;0;95;0;160;0;
21678;5409625;1073602560;34873344;1162764288;0;0;0;0;0;0;0;0;0;0;0;2966;0;0;95;0;160;0;
21679;5887371;1073602560;34873344;1162764288;0;0;0;0;0;0;0;0;0;0;0;2154;0;0;95;0;160;0;
21680;5983060;1073602560;34873344;1162764288;0;0;0;0;0;0;0;0;0;0;0;2885;0;0;95;0;160;0;
21681;5769019;1073602560;34873344;1162764288;0;0;0;0;0;0;0;0;0;0;0;2184;0;0;95;0;160;0;
21682;5655696;1073602560;34873344;1162764288;0;0;0;0;0;0;0;0;0;0;0;3327;0;0;95;0;160;0;
21683;5429753;1073602560;34873344;1162764288;0;0;0;0;0;0;0;0;0;0;0;2485;0;0;95;0;160;0;
21684;6089149;1073602560;34873344;1162764288;0;0;0;0;0;0;0;0;0;0;0;2885;0;0;95;0;160;0;
21685;7028932;1073602560;34873344;1162764288;0;0;0;0;0;0;0;0;0;0;0;2986;0;0;95;0;160;0;
21686;5326710;1073602560;34873344;1162764288;0;0;0;0;0;0;0;0;0;0;0;2435;0;0;95;0;160;0;
21687;5921845;1073602560;34873344;1162764288;0;0;0;0;0;0;0;0;0;0;0;2083;0;0;95;0;160;0;
21688;4869622;1073602560;34873344;1162764288;0;0;0;0;0;0;0;0;0;0;0;3356;0;0;95;0;160;0;
21689;6495892;1073602560;34873344;1162764288;0;0;0;0;0;0;0;0;0;0;0;2404;0;0;95;0;160;0;
21690;4788501;1073602560;34873344;1162764288;0;0;0;0;0;0;0;0;0;0;0;3276;0;0;95;0;160;0;
21691;6044816;1073602560;34873344;1162764288;0;0;0;0;0;0;0;0;0;0;0;2374;0;0;95;0;160;0;
21692;5423702;1073602560;34873344;1162764288;0;0;0;0;0;0;0;0;0;0;0;3266;0;0;95;0;160;0;
21693;5837247;1073602560;34873344;1162764288;0;0;0;0;0;0;0;0;0;0;0;2605;0;0;95;0;160;0;
21694;3781541;1073602560;34873344;1162764288;0;0;0;0;0;0;0;0;0;0;0;3266;0;0;95;0;160;0;
21695;5633975;1073602560;34873344;1162764288;0;0;0;0;0;0;0;0;0;0;0;2725;0;0;95;0;160;0;
21696;5703065;1073602560;34873344;1162764288;0;0;0;0;0;0;0;0;0;0;0;3436;0;0;95;0;160;0;
21697;4799481;1073602560;34873344;1162764288;0;0;0;0;0;0;0;0;0;0;0;2485;0;0;95;0;160;0;
21698;5421758;1073602560;34873344;1162764288;0;0;0;0;0;0;0;0;0;0;0;2795;0;0;95;0;160;0;
21699;6137440;1073602560;34873344;1162764288;0;0;0;0;0;0;0;0;0;0;0;2935;0;0;95;0;160;0;
21700;5967010;1073602560;34873344;1162764288;0;0;0;0;0;0;0;0;0;0;0;4518;0;0;95;0;160;0;
21701;7213267;1073602560;34873344;1162764288;0;0;0;0;0;0;0;0;0;0;0;3737;0;0;95;0;160;0;
21702;5278228;1073602560;34873344;1162764288;0;0;0;0;0;0;0;0;0;0;0;4598;0;0;95;0;160;0;
21703;6719251;1073602560;34873344;1162764288;0;0;0;0;0;0;0;0;0;0;0;2385;0;0;95;0;160;0;
21704;5441726;1073602560;34873344;1162764288;0;0;0;0;0;0;0;0;0;0;0;3387;0;0;95;0;160;0;
21705;7768659;1073602560;34873344;1162764288;0;0;0;0;0;0;0;0;0;0;0;3657;0;0;95;0;160;0;
21706;5785139;1073602560;34873344;1162764288;0;0;0;0;0;0;0;0;0;0;0;4017;0;0;95;0;160;0;
21707;7061043;1073602560;34873344;1162764288;0;0;0;0;0;0;0;0;0;0;0;2505;0;0;95;0;160;0;
21708;5209871;1073602560;34873344;1162764288;0;0;0;0;0;0;0;0;0;0;0;3576;0;0;95;0;160;0;
21709;5671326;1073602560;34873344;1162764288;0;0;0;0;0;0;0;0;0;0;0;2365;0;0;95;0;160;0;
21710;6258978;1073602560;34873344;1162764288;0;0;0;0;0;0;0;0;0;0;0;2464;0;0;95;0;160;0;
21711;6035879;1073602560;34873344;1162764288;0;0;0;0;0;0;0;0;0;0;0;2384;0;0;95;0;160;0;
21712;5189452;1073602560;34873344;1162764288;0;0;0;0;0;0;0;0;0;0;0;2835;0;0;95;0;160;0;
21713;5096858;1073602560;34873344;1162764288;0;0;0;0;0;0;0;0;0;0;0;2605;0;0;95;0;160;0;
21714;6579329;1073602560;34873344;1162764288;0;0;0;0;0;0;0;0;0;0;0;3606;0;0;95;0;160;0;
21715;5905495;1073602560;34873344;1162764288;0;0;0;0;0;0;0;0;0;0;0;2595;0;0;95;0;160;0;
21716;4833165;1073602560;34873344;1162764288;0;0;0;0;0;0;0;0;0;0;0;3817;0;0;95;0;160;0;
21717;5035083;1073602560;34873344;1162764288;0;0;0;0;0;0;0;0;0;0;0;2074;0;0;95;0;160;0;
21718;4974620;1073602560;34873344;1162764288;0;0;0;0;0;0;0;0;0;0;0;3376;0;0;95;0;160;0;
21719;4964761;1073602560;34873344;1162764288;0;0;0;0;0;0;0;0;0;0;0;1864;0;0;95;0;160;0;
21720;6237347;1073602560;34873344;1162764288;0;0;0;0;0;0;0;0;0;0;0;3326;0;0;95;0;160;0;
21721;6266462;1073602560;34873344;1162764288;0;0;0;0;0;0;0;0;0;0;0;2405;0;0;95;0;160;0;
21722;4874281;1073602560;34873344;1162764288;0;0;0;0;0;0;0;0;0;0;0;2896;0;0;95;0;160;0;
21723;5883844;1073602560;34873344;1162764288;0;0;0;0;0;0;0;0;0;0;0;2525;0;0;95;0;160;0;
21724;4380625;1073602560;34873344;1162764288;0;0;0;0;0;0;0;0;0;0;0;3697;0;0;95;0;160;0;
21725;5970267;1073602560;34873344;1162764288;0;0;0;0;0;0;0;0;0;0;0;2865;0;0;95;0;160;0;
21726;3625599;1073602560;34873344;1162764288;0;0;0;0;0;0;0;0;0;0;0;3696;0;0;95;0;160;0;
21727;6530407;1073602560;34873344;1162764288;0;0;0;0;0;0;0;0;0;0;0;2455;0;0;95;0;160;0;
21728;4415000;1073602560;34873344;1162764288;0;0;0;0;0;0;0;0;0;0;0;3246;0;0;95;0;160;0;
21729;6214885;1073602560;34873344;1162764288;0;0;0;0;0;0;0;0;0;0;0;3156;0;0;95;0;160;0;
21730;4526379;1073602560;34873344;1162764288;0;0;0;0;0;0;0;0;0;0;0;2615;0;0;95;0;160;0;
21731;6613463;1073602560;34873344;1162764288;0;0;0;0;0;0;0;0;0;0;0;9157;0;0;95;0;160;0;
21732;3956830;1073602560;34873344;1162764288;0;0;0;0;0;0;0;0;0;0;0;3877;0;0;95;0;160;0;
21733;6766089;1073602560;34873344;1162764288;0;0;0;0;0;0;0;0;0;0;0;2755;0;0;95;0;160;0;
21734;4202751;1073602560;34873344;1162764288;0;0;0;0;0;0;0;0;0;0;0;3086;0;0;95;0;160;0;
21735;7483194;1073602560;34873344;1162764288;0;0;0;0;0;0;0;0;0;0;0;2966;0;0;95;0;160;0;
21736;5878955;1073602560;34873344;1162764288;0;0;0;0;0;0;0;0;0;0;0;3787;0;0;95;0;160;0;
21737;6746833;1073602560;34873344;1162764288;0;0;0;0;0;0;0;0;0;0;0;2756;0;0;95;0;160;0;
21738;4420931;1073602560;34873344;1162764288;0;0;0;0;0;0;0;0;0;0;0;3897;0;0;95;0;160;0;
21739;7741648;1073602560;34873344;1162764288;0;0;0;0;0;0;0;0;0;0;0;2205;0;0;95;0;160;0;
21740;3928337;1073602560;34873344;1162764288;0;0;0;0;0;0;0;0;0;0;0;3006;0;0;95;0;160;0;
21741;6454915;1073602560;34873344;1162764288;0;0;0;0;0;0;0;0;0;0;0;2805;0;0;95;0;160;0;
21742;4473349;1073602560;34873344;1162764288;0;0;0;0;0;0;0;0;0;0;0;2525;0;0;95;0;160;0;
21743;6514617;1073602560;34873344;1162764288;0;0;0;0;0;0;0;0;0;0;0;3226;0;0;95;0;160;0;
21744;4066336;1073602560;34873344;1162764288;0;0;0;0;0;0;0;0;0;0;0;3617;0;0;95;0;160;0;
21745;6085923;1073602560;34873344;1162764288;0;0;0;0;0;0;0;0;0;0;0;3156;0;0;95;0;160;0;
21746;3703846;1073602560;34873344;1162764288;0;0;0;0;0;0;0;0;0;0;0;2896;0;0;95;0;160;0;
21747;7971229;1073602560;34873344;1162764288;0;0;0;0;0;0;0;0;0;0;0;4308;0;0;95;0;160;0;
21748;4443764;1073602560;34873344;1162764288;0;0;0;0;0;0;0;0;0;0;0;2635;0;0;95;0;160;0;
21749;8851510;1073602560;34873344;1162764288;0;0;0;0;0;0;0;0;0;0;0;3326;0;0;95;0;160;0;
21750;6549032;1073602560;34873344;1162764288;0;0;0;0;0;0;0;0;0;0;0;13726;0;0;95;0;160;0;
21751;5600042;1073602560;34873344;1162764288;0;0;0;0;0;0;0;0;0;0;0;2745;0;0;95;0;160;0;
21752;5043669;1073602560;34873344;1162764288;0;0;0;0;0;0;0;0;0;0;0;3507;0;0;95;0;160;0;
21753;6810412;1073602560;34873344;1162764288;0;0;0;0;0;0;0;0;0;0;0;3146;0;0;95;0;160;0;
21754;6678164;1073602560;34873344;1162764288;0;0;0;0;0;0;0;0;0;0;0;3306;0;0;95;0;160;0;
21755;7525403;1073602560;34873344;1162764288;0;0;0;0;0;0;0;0;0;0;0;3577;0;0;95;0;160;0;
21756;7301494;1073602560;34873344;1162764288;0;0;0;0;0;0;0;0;0;0;0;3887;0;0;95;0;160;0;
21757;8299204;1073602560;34873344;1162764288;0;0;0;0;0;0;0;0;0;0;0;3526;0;0;95;0;160;0;
21758;4885262;1073602560;34873344;1162764288;0;0;0;0;0;0;0;0;0;0;0;3186;0;0;95;0;160;0;
21759;7551392;1073602560;34873344;1162764288;0;0;0;0;0;0;0;0;0;0;0;3597;0;0;95;0;160;0;
21760;5650597;1073602560;34873344;1162764288;0;0;0;0;0;0;0;0;0;0;0;2825;0;0;95;0;160;0;
21761;6827444;1073602560;34873344;1162764288;0;0;0;0;0;0;0;0;0;0;0;2114;0;0;95;0;160;0;
21762;5141462;1073602560;34873344;1162764288;0;0;0;0;0;0;0;0;0;0;0;3406;0;0;95;0;160;0;
21763;6531108;1073602560;34873344;1162764288;0;0;0;0;0;0;0;0;0;0;0;4329;0;0;95;0;160;0;
21764;4097965;1073602560;34873344;1162764288;0;0;0;0;0;0;0;0;0;0;0;2736;0;0;95;0;160;0;
21765;8419700;1073602560;34873344;1162764288;0;0;0;0;0;0;0;0;0;0;0;4468;0;0;95;0;160;0;
21766;6112884;1073602560;34873344;1162764288;0;0;0;0;0;0;0;0;0;0;0;3817;0;0;95;0;160;0;
21767;6946107;1073602560;34873344;1162764288;0;0;0;0;0;0;0;0;0;0;0;3677;0;0;95;0;160;0;
21768;7126845;1073602560;34873344;1162764288;0;0;0;0;0;0;0;0;0;0;0;3296;0;0;95;0;160;0;
21769;6904909;1073602560;34873344;1162764288;0;0;0;0;0;0;0;0;0;0;0;3917;0;0;95;0;160;0;
21770;6488759;1073602560;34873344;1162764288;0;0;0;0;0;0;0;0;0;0;0;4308;0;0;95;0;160;0;
21771;7442888;1073602560;34873344;1162764288;0;0;0;0;0;0;0;0;0;0;0;3256;0;0;95;0;160;0;
21772;5370682;1073602560;34873344;1162764288;0;0;0;0;0;0;0;0;0;0;0;3617;0;0;95;0;160;0;
21773;6972416;1073602560;34873344;1162764288;0;0;0;0;0;0;0;0;0;0;0;56276;0;0;95;0;160;0;
21774;4885672;1073602560;34873344;1162764288;0;0;0;0;0;0;0;0;0;0;0;2925;0;0;95;0;160;0;
21775;7390230;1073602560;34873344;1162764288;0;0;0;0;0;0;0;0;0;0;0;3496;0;0;95;0;160;0;
21776;4915027;1073602560;34873344;1162764288;0;0;0;0;0;0;0;0;0;0;0;3847;0;0;95;0;160;0;
21777;7759182;1073602560;34873344;1162764288;0;0;0;0;0;0;0;0;0;0;0;3596;0;0;95;0;160;0;
21778;6008378;1073602560;34873344;1162764288;0;0;0;0;0;0;0;0;0;0;0;2475;0;0;95;0;160;0;
21779;7088594;1073602560;34873344;1162764288;0;0;0;0;0;0;0;0;0;0;0;3155;0;0;95;0;160;0;
21780;6057220;1073602560;34873344;1162764288;0;0;0;0;0;0;0;0;0;0;0;3506;0;0;95;0;160;0;
21781;6663046;1073602560;34873344;1162764288;0;0;0;0;0;0;0;0;0;0;0;3206;0;0;95;0;160;0;
21782;8228361;1073602560;34873344;1162764288;0;0;0;0;0;0;0;0;0;0;0;3647;0;0;95;0;160;0;
21783;6969441;1073602560;34873344;1162764288;0;0;0;0;0;0;0;0;0;0;0;2755;0;0;95;0;160;0;
21784;5960869;1073602560;34873344;1162764288;0;0;0;0;0;0;0;0;0;0;0;3226;0;0;95;0;160;0;
21785;7083645;1073602560;34873344;1162764288;0;0;0;0;0;0;0;0;0;0;0;3506;0;0;95;0;160;0;
21786;5046945;1073602560;34873344;1162764288;0;0;0;0;0;0;0;0;0;0;0;4067;0;0;95;0;160;0;
21787;7001531;1073602560;34873344;1162764288;0;0;0;0;0;0;0;0;0;0;0;4689;0;0;95;0;160;0;
21788;3332910;1073602560;34873344;1162764288;0;0;0;0;0;0;0;0;0;0;0;3276;0;0;95;0;160;0;
21789;8297911;1073602560;34873344;1162764288;0;0;0;0;0;0;0;0;0;0;0;3907;0;0;95;0;160;0;
21790;5481740;1073602560;34873344;1162764288;0;0;0;0;0;0;0;0;0;0;0;4298;0;0;95;0;160;0;
21791;7664283;1073602560;34873344;1162764288;0;0;0;0;0;0;0;0;0;0;0;3416;0;0;95;0;160;0;
21792;5153916;1073602560;34873344;1162764288;0;0;0;0;0;0;0;0;0;0;0;3527;0;0;95;0;160;0;
21793;6666402;1073602560;34873344;1162764288;0;0;0;0;0;0;0;0;0;0;0;2835;0;0;95;0;160;0;
21794;4489710;1073602560;34873344;1162764288;0;0;0;0;0;0;0;0;0;0;0;3517;0;0;95;0;160;0;
21795;7521185;1073602560;34873344;1162764288;0;0;0;0;0;0;0;0;0;0;0;3848;0;0;95;0;160;0;
21796;13739978;1073602560;34873344;1162764288;0;0;0;0;0;0;0;0;0;0;0;4268;0;0;95;0;160;0;
21797;7635449;1073602560;34873344;1162764288;0;0;0;0;0;0;0;0;0;0;0;3537;0;0;95;0;160;0;
21798;4157356;1073602560;34873344;1162764288;0;0;0;0;0;0;0;0;0;0;0;3066;0;0;95;0;160;0;
21799;5615641;1073602560;34873344;1162764288;0;0;0;0;0;0;0;0;0;0;0;2896;0;0;95;0;160;0;
21800;5586427;1073602560;34873344;1162764288;0;0;0;0;0;0;0;0;0;0;0;4028;0;0;95;0;160;0;
21801;6054785;1073602560;34873344;1162764288;0;0;0;0;0;0;0;0;0;0;0;2825;0;0;95;0;160;0;
21802;5250838;1073602560;34873344;1162764288;0;0;0;0;0;0;0;0;0;0;0;3527;0;0;95;0;160;0;
21803;7238404;1073602560;34873344;1162764288;0;0;0;0;0;0;0;0;0;0;0;3136;0;0;95;0;160;0;
21804;5292134;1073602560;34873344;1162764288;0;0;0;0;0;0;0;0;0;0;0;4198;0;0;95;0;160;0;
21805;5591636;1073602560;34873344;1162764288;0;0;0;0;0;0;0;0;0;0;0;3116;0;0;95;0;160;0;
21806;5782845;1073602560;34873344;1162764288;0;0;0;0;0;0;0;0;0;0;0;3306;0;0;95;0;160;0;
21807;6577225;1073602560;34873344;1162764288;0;0;0;0;0;0;0;0;0;0;0;3066;0;0;95;0;160;0;
21808;5723374;1073602560;34873344;1162764288;0;0;0;0;0;0;0;0;0;0;0;5029;0;0;95;0;160;0;
21809;5881550;1073602560;34873344;1162764288;0;0;0;0;0;0;0;0;0;0;0;3096;0;0;95;0;160;0;
21810;6341242;1073602560;34873344;1162764288;0;0;0;0;0;0;0;0;0;0;0;4108;0;0;95;0;160;0;
21811;6733518;1073602560;34873344;1162764288;0;0;0;0;0;0;0;0;0;0;0;2825;0;0;95;0;160;0;
21812;5272939;1073602560;34873344;1162764288;0;0;0;0;0;0;0;0;0;0;0;4237;0;0;95;0;160;0;
21813;6196681;1073602560;34873344;1162764288;0;0;0;0;0;0;0;0;0;0;0;3667;0;0;95;0;160;0;
21814;6507434;1073602560;34873344;1162764288;0;0;0;0;0;0;0;0;0;0;0;31820;0;0;95;0;160;0;
21815;5819444;1073602560;34873344;1162764288;0;0;0;0;0;0;0;0;0;0;0;3497;0;0;95;0;160;0;
21816;6784334;1073602560;34873344;1162764288;0;0;0;0;0;0;0;0;0;0;0;3567;0;0;95;0;160;0;
21817;7798165;1073602560;34873344;1162764288;0;0;0;0;0;0;0;0;0;0;0;2655;0;0;95;0;160;0;
21818;5423692;1073602560;34873344;1162764288;0;0;0;0;0;0;0;0;0;0;0;4017;0;0;95;0;160;0;
21819;6164381;1073602560;34873344;1162764288;0;0;0;0;0;0;0;0;0;0;0;2735;0;0;95;0;160;0;
21820;5330456;1073602560;34873344;1162764288;0;0;0;0;0;0;0;0;0;0;0;3006;0;0;95;0;160;0;
21821;6128804;1073602560;34873344;1162764288;0;0;0;0;0;0;0;0;0;0;0;2935;0;0;95;0;160;0;
21822;5289099;1073602560;34873344;1162764288;0;0;0;0;0;0;0;0;0;0;0;4468;0;0;95;0;160;0;
21823;5304848;1073602560;34873344;1162764288;0;0;0;0;0;0;0;0;0;0;0;2404;0;0;95;0;160;0;
21824;6104889;1073602560;34873344;1162764288;0;0;0;0;0;0;0;0;0;0;0;3988;0;0;95;0;160;0;
21825;6584368;1073602560;34873344;1162764288;0;0;0;0;0;0;0;0;0;0;0;2926;0;0;95;0;160;0;
21826;4805272;1073602560;34873344;1162764288;0;0;0;0;0;0;0;0;0;0;0;3767;0;0;95;0;160;0;
21827;7533418;1073602560;34873344;1162764288;0;0;0;0;0;0;0;0;0;0;0;3306;0;0;95;0;160;0;
21828;5343020;1073602560;34873344;1162764288;0;0;0;0;0;0;0;0;0;0;0;3086;0;0;95;0;160;0;
21829;6817866;1073602560;34873344;1162764288;0;0;0;0;0;0;0;0;0;0;0;3687;0;0;95;0;160;0;
21830;4811072;1073602560;34873344;1162764288;0;0;0;0;0;0;0;0;0;0;0;3967;0;0;95;0;160;0;
21831;6512704;1073602560;34873344;1162764288;0;0;0;0;0;0;0;0;0;0;0;2825;0;0;95;0;160;0;
21832;5170387;1073602560;34873344;1162764288;0;0;0;0;0;0;0;0;0;0;0;4228;0;0;95;0;160;0;
21833;6409520;1073602560;34873344;1162764288;0;0;0;0;0;0;0;0;0;0;0;3927;0;0;95;0;160;0;
21834;6587124;1073602560;34873344;1162764288;0;0;0;0;0;0;0;0;0;0;0;3967;0;0;95;0;160;0;
21835;5430724;1073602560;34873344;1162764288;0;0;0;0;0;0;0;0;0;0;0;2905;0;0;95;0;160;0;
21836;6133763;1073602560;34873344;1162764288;0;0;0;0;0;0;0;0;0;0;0;3977;0;0;95;0;160;0;
21837;7475510;1073602560;34873344;1162764288;0;0;0;0;0;0;0;0;0;0;0;2996;0;0;95;0;160;0;
21838;5758108;1073602560;34873344;1162764288;0;0;0;0;0;0;0;0;0;0;0;4008;0;0;95;0;160;0;
21839;5780400;1073602560;34873344;1162764288;0;0;0;0;0;0;0;0;0;0;0;2495;0;0;95;0;160;0;
21840;7211514;1073602560;34873344;1162764288;0;0;0;0;0;0;0;0;0;0;0;5461;0;0;95;0;160;0;
21841;8392379;1073602560;34873344;1162764288;0;0;0;0;0;0;0;0;0;0;0;2976;0;0;95;0;160;0;
21842;5784528;1073602560;34873344;1162764288;0;0;0;0;0;0;0;0;0;0;0;3166;0;0;95;0;160;0;
21843;7126165;1073602560;34873344;1162764288;0;0;0;0;0;0;0;0;0;0;0;3707;0;0;95;0;160;0;
21844;7855762;1073602560;34873344;1162764288;0;0;0;0;0;0;0;0;0;0;0;4098;0;0;95;0;160;0;
21845;6447141;1073602560;34873344;1162764288;0;0;0;0;0;0;0;0;0;0;0;3366;0;0;95;0;160;0;
21846;7990605;1073602560;34873344;1162764288;0;0;0;0;0;0;0;0;0;0;0;4168;0;0;95;0;160;0;
21847;6218993;1073602560;34873344;1162764288;0;0;0;0;0;0;0;0;0;0;0;3096;0;0;95;0;160;0;
21848;6106702;1073602560;34873344;1162764288;0;0;0;0;0;0;0;0;0;0;0;3737;0;0;95;0;160;0;
21849;6558289;1073602560;34873344;1162764288;0;0;0;0;0;0;0;0;0;0;0;2826;0;0;95;0;160;0;
21850;5941262;1073602560;34873344;1162764288;0;0;0;0;0;0;0;0;0;0;0;3206;0;0;95;0;160;0;
21851;6754758;1073602560;34873344;1162764288;0;0;0;0;0;0;0;0;0;0;0;2896;0;0;95;0;160;0;
21852;5826347;1073602560;34873344;1162764288;0;0;0;0;0;0;0;0;0;0;0;3527;0;0;95;0;160;0;
21853;5609590;1073602560;34873344;1162764288;0;0;0;0;0;0;0;0;0;0;0;2424;0;0;95;0;160;0;
21854;5014604;1073602560;34873344;1162764288;0;0;0;0;0;0;0;0;0;0;0;3116;0;0;95;0;160;0;
21855;7793866;1073602560;34873344;1162764288;0;0;0;0;0;0;0;0;0;0;0;2504;0;0;95;0;160;0;
21856;6200398;1073602560;34873344;1162764288;0;0;0;0;0;0;0;0;0;0;0;3626;0;0;95;0;160;0;
21857;6956927;1073602560;34873344;1162764288;0;0;0;0;0;0;0;0;0;0;0;2425;0;0;95;0;160;0;
21858;4360197;1073602560;34873344;1162764288;0;0;0;0;0;0;0;0;0;0;0;3627;0;0;95;0;160;0;
21859;6308711;1073602560;34873344;1162764288;0;0;0;0;0;0;0;0;0;0;0;2324;0;0;95;0;160;0;
21860;5144067;1073602560;34873344;1162764288;0;0;0;0;0;0;0;0;0;0;0;3607;0;0;95;0;160;0;
21861;6392379;1073602560;34873344;1162764288;0;0;0;0;0;0;0;0;0;0;0;1963;0;0;95;0;160;0;
21862;3979433;1073602560;34873344;1162764288;0;0;0;0;0;0;0;0;0;0;0;2785;0;0;95;0;160;0;
21863;6156446;1073602560;34873344;1162764288;0;0;0;0;0;0;0;0;0;0;0;2505;0;0;95;0;160;0;
21864;4412805;1073602560;34873344;1162764288;0;0;0;0;0;0;0;0;0;0;0;3577;0;0;95;0;160;0;
21865;6522552;1073602560;34873344;1162764288;0;0;0;0;0;0;0;0;0;0;0;2375;0;0;95;0;160;0;
21866;4914987;1073602560;34873344;1162764288;0;0;0;0;0;0;0;0;0;0;0;3927;0;0;95;0;160;0;
21867;7999152;1073602560;34873344;1162764288;0;0;0;0;0;0;0;0;0;0;0;3076;0;0;95;0;160;0;
21868;6080353;1073602560;34873344;1162764288;0;0;0;0;0;0;0;0;0;0;0;3667;0;0;95;0;160;0;
21869;7187529;1073602560;34873344;1162764288;0;0;0;0;0;0;0;0;0;0;0;2925;0;0;95;0;160;0;
21870;5166208;1073602560;34873344;1162764288;0;0;0;0;0;0;0;0;0;0;0;3306;0;0;95;0;160;0;
21871;7338011;1073602560;34873344;1162764288;0;0;0;0;0;0;0;0;0;0;0;2796;0;0;95;0;160;0;
21872;7324597;1073602560;34873344;1162764288;0;0;0;0;0;0;0;0;0;0;0;4298;0;0;95;0;160;0;
21873;7755294;1073602560;34873344;1162764288;0;0;0;0;0;0;0;0;0;0;0;3226;0;0;95;0;160;0;
21874;7234107;1073602560;34873344;1162764288;0;0;0;0;0;0;0;0;0;0;0;3176;0;0;95;0;160;0;
21875;6190510;1073602560;34873344;1162764288;0;0;0;0;0;0;0;0;0;0;0;2565;0;0;95;0;160;0;
21876;6900130;1073602560;34873344;1162764288;0;0;0;0;0;0;0;0;0;0;0;3276;0;0;95;0;160;0;
21877;6283304;1073602560;34873344;1162764288;0;0;0;0;0;0;0;0;0;0;0;2224;0;0;95;0;160;0;
21878;6495061;1073602560;34873344;1162764288;0;0;0;0;0;0;0;0;0;0;0;3396;0;0;95;0;160;0;
21879;7431577;1073602560;34873344;1162764288;0;0;0;0;0;0;0;0;0;0;0;2685;0;0;95;0;160;0;
21880;5175847;1073602560;34873344;1162764288;0;0;0;0;0;0;0;0;0;0;0;2986;0;0;95;0;160;0;
21881;9601145;1073602560;34873344;1162764288;0;0;0;0;0;0;0;0;0;0;0;4589;0;0;95;0;160;0;
21882;4606829;1073602560;34873344;1162764288;0;0;0;0;0;0;0;0;0;0;0;4157;0;0;95;0;160;0;
21883;6486765;1073602560;34873344;1162764288;0;0;0;0;0;0;0;0;0;0;0;2554;0;0;95;0;160;0;
21884;5244756;1073602560;34873344;1162764288;0;0;0;0;0;0;0;0;0;0;0;3426;0;0;95;0;160;0;
21885;7433741;1073602560;34873344;1162764288;0;0;0;0;0;0;0;0;0;0;0;2665;0;0;95;0;160;0;
21886;5219438;1073602560;34873344;1162764288;0;0;0;0;0;0;0;0;0;0;0;4348;0;0;95;0;160;0;
21887;7765774;1073602560;34873344;1162764288;0;0;0;0;0;0;0;0;0;0;0;3306;0;0;95;0;160;0;
21888;5108991;1073602560;34873344;1162764288;0;0;0;0;0;0;0;0;0;0;0;2886;0;0;95;0;160;0;
21889;6395985;1073602560;34873344;1162764288;0;0;0;0;0;0;0;0;0;0;0;3246;0;0;95;0;160;0;
21890;4243058;1073602560;34873344;1162764288;0;0;0;0;0;0;0;0;0;0;0;3136;0;0;95;0;160;0;
21891;6536839;1073602560;34873344;1162764288;0;0;0;0;0;0;0;0;0;0;0;3546;0;0;95;0;160;0;
21892;6086755;1073602560;34873344;1162764288;0;0;0;0;0;0;0;0;0;0;0;3006;0;0;95;0;160;0;
21893;7276546;1073602560;34873344;1162764288;0;0;0;0;0;0;0;0;0;0;0;3426;0;0;95;0;160;0;
21894;5549037;1073602560;34873344;1162764288;0;0;0;0;0;0;0;0;0;0;0;3847;0;0;95;0;160;0;
21895;7305831;1073602560;34873344;1162764288;0;0;0;0;0;0;0;0;0;0;0;3456;0;0;95;0;160;0;
21896;4671531;1073602560;34873344;1162764288;0;0;0;0;0;0;0;0;0;0;0;3737;0;0;95;0;160;0;
21897;7462816;1073602560;34873344;1162764288;0;0;0;0;0;0;0;0;0;0;0;3827;0;0;95;0;160;0;
21898;5783226;1073602560;34873344;1162764288;0;0;0;0;0;0;0;0;0;0;0;3967;0;0;95;0;160;0;
21899;6733308;1073602560;34873344;1162764288;0;0;0;0;0;0;0;0;0;0;0;2755;0;0;95;0;160;0;
21900;5646168;1073602560;34873344;1162764288;0;0;0;0;0;0;0;0;0;0;0;3276;0;0;95;0;160;0;
21901;6156806;1073602560;34873344;1162764288;0;0;0;0;0;0;0;0;0;0;0;2274;0;0;95;0;160;0;
21902;5134459;1073602560;34873344;1162764288;0;0;0;0;0;0;0;0;0;0;0;4339;0;0;95;0;160;0;
21903;5669262;1073602560;34873344;1162764288;0;0;0;0;0;0;0;0;0;0;0;2304;0;0;95;0;160;0;
21904;4811895;1073602560;34873344;1162764288;0;0;0;0;0;0;0;0;0;0;0;3226;0;0;95;0;160;0;
21905;5780040;1073602560;34873344;1162764288;0;0;0;0;0;0;0;0;0;0;0;2505;0;0;95;0;160;0;
21906;6183897;1073602560;34873344;1162764288;0;0;0;0;0;0;0;0;0;0;0;3326;0;0;95;0;160;0;
21907;6205267;1073602560;34873344;1162764288;0;0;0;0;0;0;0;0;0;0;0;2786;0;0;95;0;160;0;
21908;6290286;1073602560;34873344;1162764288;0;0;0;0;0;0;0;0;0;0;0;3767;0;0;95;0;160;0;
21909;6541097;1073602560;34873344;1162764288;0;0;0;0;0;0;0;0;0;0;0;2775;0;0;95;0;160;0;
21910;5738020;1073602560;34873344;1162764288;0;0;0;0;0;0;0;0;0;0;0;3296;0;0;95;0;160;0;
21911;7648233;1073602560;34873344;1162764288;0;0;0;0;0;0;0;0;0;0;0;3566;0;0;95;0;160;0;
21912;4627959;1073602560;34873344;1162764288;0;0;0;0;0;0;0;0;0;0;0;3447;0;0;95;0;160;0;
21913;7155359;1073602560;34873344;1162764288;0;0;0;0;0;0;0;0;0;0;0;3467;0;0;95;0;160;0;
21914;5047476;1073602560;34873344;1162764288;0;0;0;0;0;0;0;0;0;0;0;2635;0;0;95;0;160;0;
21915;7383246;1073602560;34873344;1162764288;0;0;0;0;0;0;0;0;0;0;0;4118;0;0;95;0;160;0;
21916;4528092;1073602560;34873344;1162764288;0;0;0;0;0;0;0;0;0;0;0;2875;0;0;95;0;160;0;
21917;5632593;1073602560;34873344;1162764288;0;0;0;0;0;0;0;0;0;0;0;2585;0;0;95;0;160;0;
21918;4008607;1073602560;34873344;1162764288;0;0;0;0;0;0;0;0;0;0;0;3787;0;0;95;0;160;0;
21919;5832278;1073602560;34873344;1162764288;0;0;0;0;0;0;0;0;0;0;0;2244;0;0;95;0;160;0;
21920;5169365;1073602560;34873344;1162764288;0;0;0;0;0;0;0;0;0;0;0;3476;0;0;95;0;160;0;
21921;5074767;1073602560;34873344;1162764288;0;0;0;0;0;0;0;0;0;0;0;2435;0;0;95;0;160;0;
21922;5598970;1073602560;34873344;1162764288;0;0;0;0;0;0;0;0;0;0;0;3096;0;0;95;0;160;0;
21923;6516761;1073602560;34873344;1162764288;0;0;0;0;0;0;0;0;0;0;0;2675;0;0;95;0;160;0;
21924;4658736;1073602560;34873344;1162764288;0;0;0;0;0;0;0;0;0;0;0;3456;0;0;95;0;160;0;
21925;5776453;1073602560;34873344;1162764288;0;0;0;0;0;0;0;0;0;0;0;7814;0;0;95;0;160;0;
21926;5662790;1073602560;34873344;1162764288;0;0;0;0;0;0;0;0;0;0;0;2846;0;0;95;0;160;0;
21927;5415136;1073602560;34873344;1162764288;0;0;0;0;0;0;0;0;0;0;0;2384;0;0;95;0;160;0;
21928;5908531;1073602560;34873344;1162764288;0;0;0;0;0;0;0;0;0;0;0;2896;0;0;95;0;160;0;
21929;7334445;1073602560;34873344;1162764288;0;0;0;0;0;0;0;0;0;0;0;3527;0;0;95;0;160;0;
21930;4584177;1073602560;34873344;1162764288;0;0;0;0;0;0;0;0;0;0;0;3797;0;0;95;0;160;0;
21931;7628847;1073602560;34873344;1162764288;0;0;0;0;0;0;0;0;0;0;0;2424;0;0;95;0;160;0;
21932;4266721;1073602560;34873344;1162764288;0;0;0;0;0;0;0;0;0;0;0;3947;0;0;95;0;160;0;
21933;6671121;1073602560;34873344;1162764288;0;0;0;0;0;0;0;0;0;0;0;4388;0;0;95;0;160;0;
21934;5315208;1073602560;34873344;1162764288;0;0;0;0;0;0;0;0;0;0;0;3276;0;0;95;0;160;0;
21935;6858863;1073602560;34873344;1162764288;0;0;0;0;0;0;0;0;0;0;0;3676;0;0;95;0;160;0;
21936;5236430;1073602560;34873344;1162764288;0;0;0;0;0;0;0;0;0;0;0;2765;0;0;95;0;160;0;
21937;6814480;1073602560;34873344;1162764288;0;0;0;0;0;0;0;0;0;0;0;3537;0;0;95;0;160;0;
21938;5526595;1073602560;34873344;1162764288;0;0;0;0;0;0;0;0;0;0;0;4008;0;0;95;0;160;0;
21939;6096363;1073602560;34873344;1162764288;0;0;0;0;0;0;0;0;0;0;0;2855;0;0;95;0;160;0;
21940;5957472;1073602560;34873344;1162764288;0;0;0;0;0;0;0;0;0;0;0;3777;0;0;95;0;160;0;
21941;6242908;1073602560;34873344;1162764288;0;0;0;0;0;0;0;0;0;0;0;2324;0;0;95;0;160;0;
21942;6036050;1073602560;34873344;1162764288;0;0;0;0;0;0;0;0;0;0;0;4248;0;0;95;0;160;0;
21943;5919662;1073602560;34873344;1162764288;0;0;0;0;0;0;0;0;0;0;0;2495;0;0;95;0;160;0;
21944;6002096;1073602560;34873344;1162764288;0;0;0;0;0;0;0;0;0;0;0;3817;0;0;95;0;160;0;
21945;7297396;1073602560;34873344;1162764288;0;0;0;0;0;0;0;0;0;0;0;2725;0;0;95;0;160;0;
21946;5642452;1073602560;34873344;1162764288;0;0;0;0;0;0;0;0;0;0;0;3817;0;0;95;0;160;0;
21947;7574745;1073602560;34873344;1162764288;0;0;0;0;0;0;0;0;0;0;0;2364;0;0;95;0;160;0;
21948;4766900;1073602560;34873344;1162764288;0;0;0;0;0;0;0;0;0;0;0;3858;0;0;95;0;160;0;
21949;5647912;1073602560;34873344;1162764288;0;0;0;0;0;0;0;0;0;0;0;3357;0;0;95;0;160;0;
21950;5049871;1073602560;34873344;1162764288;0;0;0;0;0;0;0;0;0;0;0;3136;0;0;95;0;160;0;
21951;5929230;1073602560;34873344;1162764288;0;0;0;0;0;0;0;0;0;0;0;2454;0;0;95;0;160;0;
21952;5008653;1073602560;34873344;1162764288;0;0;0;0;0;0;0;0;0;0;0;3807;0;0;95;0;160;0;
21953;6664038;1073602560;34873344;1162764288;0;0;0;0;0;0;0;0;0;0;0;2875;0;0;95;0;160;0;
21954;5387203;1073602560;34873344;1162764288;0;0;0;0;0;0;0;0;0;0;0;3456;0;0;95;0;160;0;
21955;5731449;1073602560;34873344;1162764288;0;0;0;0;0;0;0;0;0;0;0;2344;0;0;95;0;160;0;
21956;6487557;1073602560;34873344;1162764288;0;0;0;0;0;0;0;0;0;0;0;4538;0;0;95;0;160;0;
21957;6463953;1073602560;34873344;1162764288;0;0;0;0;0;0;0;0;0;0;0;2305;0;0;95;0;160;0;
21958;15920046;1073602560;34873344;1162764288;0;0;0;0;0;0;0;0;0;0;0;4539;0;0;95;0;160;0;
21959;7428241;1073602560;34873344;1162764288;0;0;0;0;0;0;0;0;0;0;0;3146;0;0;95;0;160;0;
21960;5381402;1073602560;34873344;1162764288;0;0;0;0;0;0;0;0;0;0;0;4578;0;0;95;0;160;0;
21961;6738878;1073602560;34873344;1162764288;0;0;0;0;0;0;0;0;0;0;0;3166;0;0;95;0;160;0;
21962;6130167;1073602560;34873344;1162764288;0;0;0;0;0;0;0;0;0;0;0;2585;0;0;95;0;160;0;
21963;6231747;1073602560;34873344;1162764288;0;0;0;0;0;0;0;0;0;0;0;3497;0;0;95;0;160;0;
21964;4837092;1073602560;34873344;1162764288;0;0;0;0;0;0;0;0;0;0;0;3326;0;0;95;0;160;0;
21965;6780456;1073602560;34873344;1162764288;0;0;0;0;0;0;0;0;0;0;0;2394;0;0;95;0;160;0;
21966;5387023;1073602560;34873344;1162764288;0;0;0;0;0;0;0;0;0;0;0;3807;0;0;95;0;160;0;
21967;4966804;1073602560;34873344;1162764288;0;0;0;0;0;0;0;0;0;0;0;2655;0;0;95;0;160;0;
21968;7454210;1073602560;34873344;1162764288;0;0;0;0;0;0;0;0;0;0;0;3427;0;0;95;0;160;0;
21969;5429181;1073602560;34873344;1162764288;0;0;0;0;0;0;0;0;0;0;0;3096;0;0;95;0;160;0;
21970;7741558;1073602560;34873344;1162764288;0;0;0;0;0;0;0;0;0;0;0;3417;0;0;95;0;160;0;
21971;6869132;1073602560;34877440;1162768384;0;0;0;0;0;0;0;0;0;0;0;3627;0;0;95;0;160;0;
21972;7408985;1073602560;34881536;1162772480;0;0;0;0;0;0;0;0;0;0;0;2845;0;0;95;0;160;0;
21973;6797999;1073602560;34881536;1162772480;0;0;0;0;0;0;0;0;0;0;0;2915;0;0;95;0;160;0;
21974;5215811;1073602560;34881536;1162772480;0;0;0;0;0;0;0;0;0;0;0;2645;0;0;95;0;160;0;
21975;5837397;1073602560;34881536;1162772480;0;0;0;0;0;0;0;0;0;0;0;2595;0;0;95;0;160;0;
21976;7193891;1073602560;34881536;1162772480;0;0;0;0;0;0;0;0;0;0;0;2825;0;0;95;0;160;0;
21977;5175146;1073602560;34881536;1162772480;0;0;0;0;0;0;0;0;0;0;0;2455;0;0;95;0;160;0;
21978;7689160;1073774592;34873344;1162764288;0;0;0;0;0;0;0;0;0;0;0;4128;0;0;95;0;160;0;
21979;5618167;1073774592;34873344;1162764288;0;0;0;0;0;0;0;0;0;0;0;2985;0;0;95;0;160;0;
21980;7255988;1073774592;34873344;1162764288;0;0;0;0;0;0;0;0;0;0;0;3837;0;0;95;0;160;0;
21981;8954012;1073774592;34873344;1162764288;0;0;0;0;0;0;0;0;0;0;0;2445;0;0;95;0;160;0;
21982;7842047;1073774592;34873344;1162764288;0;0;0;0;0;0;0;0;0;0;0;3136;0;0;95;0;160;0;
21983;6418197;1073774592;34873344;1162764288;0;0;0;0;0;0;0;0;0;0;0;2675;0;0;95;0;160;0;
21984;5625680;1073774592;34873344;1162764288;0;0;0;0;0;0;0;0;0;0;0;2806;0;0;95;0;160;0;
21985;6632820;1073774592;34873344;1162764288;0;0;0;0;0;0;0;0;0;0;0;3186;0;0;95;0;160;0;
21986;4494449;1073774592;34873344;1162764288;0;0;0;0;0;0;0;0;0;0;0;3737;0;0;95;0;160;0;
21987;5410116;1073774592;34873344;1162764288;0;0;0;0;0;0;0;0;0;0;0;2225;0;0;95;0;160;0;
21988;6744318;1073774592;34873344;1162764288;0;0;0;0;0;0;0;0;0;0;0;3877;0;0;95;0;160;0;
21989;7084717;1073774592;34873344;1162764288;0;0;0;0;0;0;0;0;0;0;0;2995;0;0;95;0;160;0;
21990;4696507;1073774592;34873344;1162764288;0;0;0;0;0;0;0;0;0;0;0;3917;0;0;95;0;160;0;
21991;7688619;1073774592;34873344;1162764288;0;0;0;0;0;0;0;0;0;0;0;2916;0;0;95;0;160;0;
21992;5457365;1073774592;34873344;1162764288;0;0;0;0;0;0;0;0;0;0;0;3056;0;0;95;0;160;0;
21993;8935407;1073774592;34873344;1162764288;0;0;0;0;0;0;0;0;0;0;0;4508;0;0;95;0;160;0;
21994;4062259;1073774592;34873344;1162764288;0;0;0;0;0;0;0;0;0;0;0;3346;0;0;95;0;160;0;
21995;7692296;1073774592;34873344;1162764288;0;0;0;0;0;0;0;0;0;0;0;3166;0;0;95;0;160;0;
21996;4092836;1073774592;34873344;1162764288;0;0;0;0;0;0;0;0;0;0;0;4087;0;0;95;0;160;0;
21997;5713966;1073774592;34873344;1162764288;0;0;0;0;0;0;0;0;0;0;0;2395;0;0;95;0;160;0;
21998;3863997;1073774592;34873344;1162764288;0;0;0;0;0;0;0;0;0;0;0;3226;0;0;95;0;160;0;
21999;7263101;1073774592;34873344;1162764288;0;0;0;0;0;0;0;0;0;0;0;3988;0;0;95;0;160;0;
22000;5821898;1073774592;34873344;1162764288;0;0;0;0;0;0;0;0;0;0;0;3186;0;0;95;0;160;0;
22001;6059173;1073774592;34873344;1162764288;0;0;0;0;0;0;0;0;0;0;0;3326;0;0;95;0;160;0;
22002;5730477;1073774592;34873344;1162764288;0;0;0;0;0;0;0;0;0;0;0;3617;0;0;95;0;160;0;
22003;7311903;1073774592;34873344;1162764288;0;0;0;0;0;0;0;0;0;0;0;2935;0;0;95;0;160;0;
22004;5620240;1073774592;34873344;1162764288;0;0;0;0;0;0;0;0;0;0;0;3697;0;0;95;0;160;0;
22005;7447487;1073774592;34873344;1162764288;0;0;0;0;0;0;0;0;0;0;0;3246;0;0;95;0;160;0;
22006;4863070;1073774592;34873344;1162764288;0;0;0;0;0;0;0;0;0;0;0;3376;0;0;95;0;160;0;
22007;7182871;1073774592;34873344;1162764288;0;0;0;0;0;0;0;0;0;0;0;3176;0;0;95;0;160;0;
22008;6171484;1073774592;34873344;1162764288;0;0;0;0;0;0;0;0;0;0;0;3246;0;0;95;0;160;0;
22009;6060405;1073774592;34873344;1162764288;0;0;0;0;0;0;0;0;0;0;0;2194;0;0;95;0;160;0;
22010;5171529;1073774592;34873344;1162764288;0;0;0;0;0;0;0;0;0;0;0;3496;0;0;95;0;160;0;
22011;6409710;1073774592;34873344;1162764288;0;0;0;0;0;0;0;0;0;0;0;2725;0;0;95;0;160;0;
22012;5594322;1073774592;34873344;1162764288;0;0;0;0;0;0;0;0;0;0;0;3196;0;0;95;0;160;0;
22013;7139510;1073774592;34873344;1162764288;0;0;0;0;0;0;0;0;0;0;0;3958;0;0;95;0;160;0;
22014;4128523;1073774592;34873344;1162764288;0;0;0;0;0;0;0;0;0;0;0;3397;0;0;95;0;160;0;
22015;6429268;1073774592;34873344;1162764288;0;0;0;0;0;0;0;0;0;0;0;2975;0;0;95;0;160;0;
22016;3656928;1073774592;34873344;1162764288;0;0;0;0;0;0;0;0;0;0;0;2585;0;0;95;0;160;0;
22017;5316661;1073774592;34873344;1162764288;0;0;0;0;0;0;0;0;0;0;0;3166;0;0;95;0;160;0;
22018;3932535;1073774592;34873344;1162764288;0;0;0;0;0;0;0;0;0;0;0;3085;0;0;95;0;160;0;
22019;6793460;1073774592;34873344;1162764288;0;0;0;0;0;0;0;0;0;0;0;3206;0;0;95;0;160;0;
22020;4193575;1073774592;34873344;1162764288;0;0;0;0;0;0;0;0;0;0;0;2545;0;0;95;0;160;0;
22021;6620165;1073774592;34873344;1162764288;0;0;0;0;0;0;0;0;0;0;0;2806;0;0;95;0;160;0;
22022;4824207;1073774592;34873344;1162764288;0;0;0;0;0;0;0;0;0;0;0;3366;0;0;95;0;160;0;
22023;6915399;1073774592;34873344;1162764288;0;0;0;0;0;0;0;0;0;0;0;2895;0;0;95;0;160;0;
22024;6141558;1073774592;34873344;1162764288;0;0;0;0;0;0;0;0;0;0;0;3056;0;0;95;0;160;0;
22025;6703752;1073774592;34873344;1162764288;0;0;0;0;0;0;0;0;0;0;0;2755;0;0;95;0;160;0;
22026;5157713;1073774592;34873344;1162764288;0;0;0;0;0;0;0;0;0;0;0;3216;0;0;95;0;160;0;
22027;5990644;1073774592;34873344;1162764288;0;0;0;0;0;0;0;0;0;0;0;3496;0;0;95;0;160;0;
22028;6021282;1073774592;34873344;1162764288;0;0;0;0;0;0;0;0;0;0;0;2846;0;0;95;0;160;0;
22029;6782409;1073774592;34873344;1162764288;0;0;0;0;0;0;0;0;0;0;0;3436;0;0;95;0;160;0;
22030;4916641;1073774592;34873344;1162764288;0;0;0;0;0;0;0;0;0;0;0;2806;0;0;95;0;160;0;
22031;6040959;1073774592;34873344;1162764288;0;0;0;0;0;0;0;0;0;0;0;3417;0;0;95;0;160;0;
22032;4968387;1073774592;34873344;1162764288;0;0;0;0;0;0;0;0;0;0;0;3346;0;0;95;0;160;0;
22033;6385535;1073774592;34873344;1162764288;0;0;0;0;0;0;0;0;0;0;0;1814;0;0;95;0;160;0;
22034;4262715;1073774592;34873344;1162764288;0;0;0;0;0;0;0;0;0;0;0;2936;0;0;95;0;160;0;
22035;6698281;1073774592;34873344;1162764288;0;0;0;0;0;0;0;0;0;0;0;2514;0;0;95;0;160;0;
22036;5297534;1073774592;34873344;1162764288;0;0;0;0;0;0;0;0;0;0;0;3226;0;0;95;0;160;0;
22037;5429473;1073774592;34873344;1162764288;0;0;0;0;0;0;0;0;0;0;0;2545;0;0;95;0;160;0;
22038;4062108;1073774592;34873344;1162764288;0;0;0;0;0;0;0;0;0;0;0;3096;0;0;95;0;160;0;
22039;6296168;1073774592;34873344;1162764288;0;0;0;0;0;0;0;0;0;0;0;2525;0;0;95;0;160;0;
22040;5003283;1073774592;34873344;1162764288;0;0;0;0;0;0;0;0;0;0;0;3356;0;0;95;0;160;0;
22041;5957112;1073774592;34873344;1162764288;0;0;0;0;0;0;0;0;0;0;0;2515;0;0;95;0;160;0;
22042;4968959;1073774592;34873344;1162764288;0;0;0;0;0;0;0;0;0;0;0;3015;0;0;95;0;160;0;
22043;5301212;1073774592;34873344;1162764288;0;0;0;0;0;0;0;0;0;0;0;3417;0;0;95;0;160;0;
22044;4356710;1073774592;34873344;1162764288;0;0;0;0;0;0;0;0;0;0;0;3336;0;0;95;0;160;0;
22045;5712623;1073774592;34873344;1162764288;0;0;0;0;0;0;0;0;0;0;0;3716;0;0;95;0;160;0;
22046;4136016;1073774592;34873344;1162764288;0;0;0;0;0;0;0;0;0;0;0;2705;0;0;95;0;160;0;
22047;6153991;1073774592;34873344;1162764288;0;0;0;0;0;0;0;0;0;0;0;2495;0;0;95;0;160;0;
22048;3950398;1073774592;34873344;1162764288;0;0;0;0;0;0;0;0;0;0;0;2705;0;0;95;0;160;0;
22049;6948301;1073774592;34873344;1162764288;0;0;0;0;0;0;0;0;0;0;0;3727;0;0;95;0;160;0;
22050;3424623;1073774592;34873344;1162764288;0;0;0;0;0;0;0;0;0;0;0;2505;0;0;95;0;160;0;
22051;5995835;1073774592;34873344;1162764288;0;0;0;0;0;0;0;0;0;0;0;3006;0;0;95;0;160;0;
22052;4429026;1073774592;34873344;1162764288;0;0;0;0;0;0;0;0;0;0;0;3427;0;0;95;0;160;0;
22053;7672168;1073774592;34873344;1162764288;0;0;0;0;0;0;0;0;0;0;0;3647;0;0;95;0;160;0;
22054;4132891;1073774592;34873344;1162764288;0;0;0;0;0;0;0;0;0;0;0;4058;0;0;95;0;160;0;
22055;7075359;1073774592;34873344;1162764288;0;0;0;0;0;0;0;0;0;0;0;3797;0;0;95;0;160;0;
22056;4533913;1073774592;34873344;1162764288;0;0;0;0;0;0;0;0;0;0;0;3075;0;0;95;0;160;0;
22057;5691804;1073774592;34873344;1162764288;0;0;0;0;0;0;0;0;0;0;0;3015;0;0;95;0;160;0;
22058;4626337;1073774592;34873344;1162764288;0;0;0;0;0;0;0;0;0;0;0;4238;0;0;95;0;160;0;
22059;7013904;1073774592;34873344;1162764288;0;0;0;0;0;0;0;0;0;0;0;2985;0;0;95;0;160;0;
22060;4803759;1073774592;34873344;1162764288;0;0;0;0;0;0;0;0;0;0;0;3597;0;0;95;0;160;0;
22061;6495321;1073774592;34873344;1162764288;0;0;0;0;0;0;0;0;0;0;0;2925;0;0;95;0;160;0;
22062;4305114;1073774592;34873344;1162764288;0;0;0;0;0;0;0;0;0;0;0;4188;0;0;95;0;160;0;
22063;5896678;1073774592;34873344;1162764288;0;0;0;0;0;0;0;0;0;0;0;2585;0;0;95;0;160;0;
22064;4873930;1073774592;34873344;1162764288;0;0;0;0;0;0;0;0;0;0;0;2775;0;0;95;0;160;0;
22065;6658397;1073774592;34873344;1162764288;0;0;0;0;0;0;0;0;0;0;0;3547;0;0;95;0;160;0;
22066;4319230;1073774592;34873344;1162764288;0;0;0;0;0;0;0;0;0;0;0;3617;0;0;95;0;160;0;
22067;7157273;1073774592;34873344;1162764288;0;0;0;0;0;0;0;0;0;0;0;3066;0;0;95;0;160;0;
22068;5578812;1073774592;34873344;1162764288;0;0;0;0;0;0;0;0;0;0;0;3267;0;0;95;0;160;0;
22069;5435073;1073774592;34873344;1162764288;0;0;0;0;0;0;0;0;0;0;0;2405;0;0;95;0;160;0;
22070;5099163;1073774592;34873344;1162764288;0;0;0;0;0;0;0;0;0;0;0;3867;0;0;95;0;160;0;
22071;5578221;1073774592;34873344;1162764288;0;0;0;0;0;0;0;0;0;0;0;2375;0;0;95;0;160;0;
22072;4688603;1073774592;34873344;1162764288;0;0;0;0;0;0;0;0;0;0;0;3016;0;0;95;0;160;0;
22073;5561029;1073774592;34873344;1162764288;0;0;0;0;0;0;0;0;0;0;0;2314;0;0;95;0;160;0;
22074;5289370;1073774592;34873344;1162764288;0;0;0;0;0;0;0;0;0;0;0;3166;0;0;95;0;160;0;
22075;6657235;1073774592;34873344;1162764288;0;0;0;0;0;0;0;0;0;0;0;10199;0;0;95;0;160;0;
22076;3859818;1073774592;34873344;1162764288;0;0;0;0;0;0;0;0;0;0;0;2866;0;0;95;0;160;0;
22077;6673525;1073774592;34873344;1162764288;0;0;0;0;0;0;0;0;0;0;0;2795;0;0;95;0;160;0;
22078;4093147;1073774592;34873344;1162764288;0;0;0;0;0;0;0;0;0;0;0;3827;0;0;95;0;160;0;
22079;7035074;1073774592;34873344;1162764288;0;0;0;0;0;0;0;0;0;0;0;3917;0;0;95;0;160;0;
22080;6061999;1073774592;34873344;1162764288;0;0;0;0;0;0;0;0;0;0;0;3316;0;0;95;0;160;0;
22081;5533408;1073774592;34873344;1162764288;0;0;0;0;0;0;0;0;0;0;0;2294;0;0;95;0;160;0;
22082;6227759;1073774592;34873344;1162764288;0;0;0;0;0;0;0;0;0;0;0;3757;0;0;95;0;160;0;
22083;5654163;1073774592;34873344;1162764288;0;0;0;0;0;0;0;0;0;0;0;2765;0;0;95;0;160;0;
22084;6152368;1073774592;34873344;1162764288;0;0;0;0;0;0;0;0;0;0;0;3596;0;0;95;0;160;0;
22085;5824123;1073774592;34873344;1162764288;0;0;0;0;0;0;0;0;0;0;0;2895;0;0;95;0;160;0;
22086;6134765;1073774592;34873344;1162764288;0;0;0;0;0;0;0;0;0;0;0;3025;0;0;95;0;160;0;
22087;6599437;1073774592;34873344;1162764288;0;0;0;0;0;0;0;0;0;0;0;4860;0;0;95;0;160;0;
22088;5147013;1073774592;34873344;1162764288;0;0;0;0;0;0;0;0;0;0;0;3717;0;0;95;0;160;0;
22089;6601641;1073774592;34873344;1162764288;0;0;0;0;0;0;0;0;0;0;0;3236;0;0;95;0;160;0;
22090;4982855;1073774592;34873344;1162764288;0;0;0;0;0;0;0;0;0;0;0;3386;0;0;95;0;160;0;
22091;5717693;1073774592;34873344;1162764288;0;0;0;0;0;0;0;0;0;0;0;3246;0;0;95;0;160;0;
22092;4818236;1073774592;34873344;1162764288;0;0;0;0;0;0;0;0;0;0;0;3376;0;0;95;0;160;0;
22093;6819769;1073774592;34873344;1162764288;0;0;0;0;0;0;0;0;0;0;0;3797;0;0;95;0;160;0;
22094;5259353;1073774592;34873344;1162764288;0;0;0;0;0;0;0;0;0;0;0;3777;0;0;95;0;160;0;
22095;6957117;1073774592;34873344;1162764288;0;0;0;0;0;0;0;0;0;0;0;3356;0;0;95;0;160;0;
22096;5866101;1073774592;34873344;1162764288;0;0;0;0;0;0;0;0;0;0;0;4388;0;0;95;0;160;0;
22097;6351582;1073774592;34873344;1162764288;0;0;0;0;0;0;0;0;0;0;0;3316;0;0;95;0;160;0;
22098;4684725;1073774592;34873344;1162764288;0;0;0;0;0;0;0;0;0;0;0;3717;0;0;95;0;160;0;
22099;5916956;1073774592;34873344;1162764288;0;0;0;0;0;0;0;0;0;0;0;3156;0;0;95;0;160;0;
22100;3998268;1073774592;34873344;1162764288;0;0;0;0;0;0;0;0;0;0;0;2655;0;0;95;0;160;0;
22101;6734440;1073774592;34873344;1162764288;0;0;0;0;0;0;0;0;0;0;0;3135;0;0;95;0;160;0;
22102;4785184;1073774592;34873344;1162764288;0;0;0;0;0;0;0;0;0;0;0;4649;0;0;95;0;160;0;
22103;6955965;1073774592;34873344;1162764288;0;0;0;0;0;0;0;0;0;0;0;2575;0;0;95;0;160;0;
22104;3213517;1073774592;34873344;1162764288;0;0;0;0;0;0;0;0;0;0;0;3096;0;0;95;0;160;0;
22105;6774415;1073774592;34873344;1162764288;0;0;0;0;0;0;0;0;0;0;0;3046;0;0;95;0;160;0;
22106;4559350;1073774592;34873344;1162764288;0;0;0;0;0;0;0;0;0;0;0;3036;0;0;95;0;160;0;
22107;4906612;1073774592;34873344;1162764288;0;0;0;0;0;0;0;0;0;0;0;2204;0;0;95;0;160;0;
22108;5545761;1073774592;34873344;1162764288;0;0;0;0;0;0;0;0;0;0;0;3757;0;0;95;0;160;0;
22109;6408358;1073774592;34873344;1162764288;0;0;0;0;0;0;0;0;0;0;0;3466;0;0;95;0;160;0;
22110;4783070;1073774592;34873344;1162764288;0;0;0;0;0;0;0;0;0;0;0;3226;0;0;95;0;160;0;
22111;7750625;1073774592;34873344;1162764288;0;0;0;0;0;0;0;0;0;0;0;3297;0;0;95;0;160;0;
22112;4041339;1073774592;34873344;1162764288;0;0;0;0;0;0;0;0;0;0;0;3447;0;0;95;0;160;0;
22113;6489591;1073774592;34873344;1162764288;0;0;0;0;0;0;0;0;0;0;0;3818;0;0;95;0;160;0;
22114;4675168;1073774592;34873344;1162764288;0;0;0;0;0;0;0;0;0;0;0;3176;0;0;95;0;160;0;
22115;7490848;1073774592;34873344;1162764288;0;0;0;0;0;0;0;0;0;0;0;3857;0;0;95;0;160;0;
22116;3981226;1073774592;34873344;1162764288;0;0;0;0;0;0;0;0;0;0;0;3276;0;0;95;0;160;0;
22117;7580457;1073774592;34873344;1162764288;0;0;0;0;0;0;0;0;0;0;0;4668;0;0;95;0;160;0;
22118;3995072;1073774592;34873344;1162764288;0;0;0;0;0;0;0;0;0;0;0;3587;0;0;95;0;160;0;
22119;6248388;1073774592;34873344;1162764288;0;0;0;0;0;0;0;0;0;0;0;3706;0;0;95;0;160;0;
22120;4957918;1073774592;34873344;1162764288;0;0;0;0;0;0;0;0;0;0;0;3246;0;0;95;0;160;0;
22121;6448583;1073774592;34873344;1162764288;0;0;0;0;0;0;0;0;0;0;0;3206;0;0;95;0;160;0;
22122;3309366;1073774592;34873344;1162764288;0;0;0;0;0;0;0;0;0;0;0;3567;0;0;95;0;160;0;
22123;6368273;1073774592;34873344;1162764288;0;0;0;0;0;0;0;0;0;0;0;2565;0;0;95;0;160;0;
22124;3865810;1073774592;34873344;1162764288;0;0;0;0;0;0;0;0;0;0;0;3005;0;0;95;0;160;0;
22125;5750845;1073774592;34873344;1162764288;0;0;0;0;0;0;0;0;0;0;0;2575;0;0;95;0;160;0;
22126;4092415;1073774592;34873344;1162764288;0;0;0;0;0;0;0;0;0;0;0;2715;0;0;95;0;160;0;
22127;5604411;1073774592;34873344;1162764288;0;0;0;0;0;0;0;0;0;0;0;2494;0;0;95;0;160;0;
22128;5159446;1073774592;34873344;1162764288;0;0;0;0;0;0;0;0;0;0;0;3626;0;0;95;0;160;0;
22129;9225241;1073774592;34873344;1162764288;0;0;0;0;0;0;0;0;0;0;0;3436;0;0;95;0;160;0;
22130;7686706;1073774592;34873344;1162764288;0;0;0;0;0;0;0;0;0;0;0;3797;0;0;95;0;160;0;
22131;6943171;1073774592;34873344;1162764288;0;0;0;0;0;0;0;0;0;0;0;2956;0;0;95;0;160;0;
22132;4439485;1073774592;34873344;1162764288;0;0;0;0;0;0;0;0;0;0;0;3467;0;0;95;0;160;0;
22133;6604836;1073774592;34873344;1162764288;0;0;0;0;0;0;0;0;0;0;0;3547;0;0;95;0;160;0;
22134;4849835;1073774592;34873344;1162764288;0;0;0;0;0;0;0;0;0;0;0;3276;0;0;95;0;160;0;
22135;7171579;1073774592;34873344;1162764288;0;0;0;0;0;0;0;0;0;0;0;4228;0;0;95;0;160;0;
22136;4805933;1073774592;34873344;1162764288;0;0;0;0;0;0;0;0;0;0;0;2965;0;0;95;0;160;0;
22137;5691203;1073774592;34873344;1162764288;0;0;0;0;0;0;0;0;0;0;0;2735;0;0;95;0;160;0;
22138;5574284;1073774592;34873344;1162764288;0;0;0;0;0;0;0;0;0;0;0;2995;0;0;95;0;160;0;
22139;5559596;1073774592;34873344;1162764288;0;0;0;0;0;0;0;0;0;0;0;3566;0;0;95;0;160;0;
22140;4523574;1073774592;34873344;1162764288;0;0;0;0;0;0;0;0;0;0;0;3958;0;0;95;0;160;0;
22141;6458061;1073774592;34873344;1162764288;0;0;0;0;0;0;0;0;0;0;0;3617;0;0;95;0;160;0;
22142;3282887;1073774592;34873344;1162764288;0;0;0;0;0;0;0;0;0;0;0;3787;0;0;95;0;160;0;
22143;5771544;1073774592;34873344;1162764288;0;0;0;0;0;0;0;0;0;0;0;3076;0;0;95;0;160;0;
22144;4623451;1073774592;34873344;1162764288;0;0;0;0;0;0;0;0;0;0;0;2885;0;0;95;0;160;0;
22145;6782780;1073774592;34877440;1162768384;0;0;0;0;0;0;0;0;0;0;0;3025;0;0;95;0;160;0;
22146;4725162;1073774592;34881536;1162772480;0;0;0;0;0;0;0;0;0;0;0;62758;0;0;95;0;160;0;
22147;7479256;1073774592;34881536;1162772480;0;0;0;0;0;0;0;0;0;0;0;3166;0;0;95;0;160;0;
22148;3593510;1073774592;34881536;1162772480;0;0;0;0;0;0;0;0;0;0;0;3988;0;0;95;0;160;0;
22149;7171479;1073774592;34881536;1162772480;0;0;0;0;0;0;0;0;0;0;0;2775;0;0;95;0;160;0;
22150;4106180;1073774592;34881536;1162772480;0;0;0;0;0;0;0;0;0;0;0;3055;0;0;95;0;160;0;
22151;6569109;1073774592;34881536;1162772480;0;0;0;0;0;0;0;0;0;0;0;4187;0;0;95;0;160;0;
22152;5564986;1073872896;34873344;1162764288;0;0;0;0;0;0;0;0;0;0;0;3196;0;0;95;0;160;0;
22153;7350986;1073872896;34873344;1162764288;0;0;0;0;0;0;0;0;0;0;0;3407;0;0;95;0;160;0;
22154;5660475;1073872896;34873344;1162764288;0;0;0;0;0;0;0;0;0;0;0;2595;0;0;95;0;160;0;
22155;7660586;1073872896;34873344;1162764288;0;0;0;0;0;0;0;0;0;0;0;2355;0;0;95;0;160;0;
22156;5535130;1073872896;34873344;1162764288;0;0;0;0;0;0;0;0;0;0;0;4398;0;0;95;0;160;0;
22157;7159607;1073872896;34873344;1162764288;0;0;0;0;0;0;0;0;0;0;0;2806;0;0;95;0;160;0;
22158;4144002;1073872896;34873344;1162764288;0;0;0;0;0;0;0;0;0;0;0;3416;0;0;95;0;160;0;
22159;6158520;1073872896;34873344;1162764288;0;0;0;0;0;0;0;0;0;0;0;2545;0;0;95;0;160;0;
22160;4556745;1073872896;34873344;1162764288;0;0;0;0;0;0;0;0;0;0;0;3546;0;0;95;0;160;0;
22161;6803689;1073872896;34873344;1162764288;0;0;0;0;0;0;0;0;0;0;0;2434;0;0;95;0;160;0;
22162;4840488;1073872896;34873344;1162764288;0;0;0;0;0;0;0;0;0;0;0;2705;0;0;95;0;160;0;
22163;6202623;1073872896;34873344;1162764288;0;0;0;0;0;0;0;0;0;0;0;3267;0;0;95;0;160;0;
22164;5411038;1073872896;34873344;1162764288;0;0;0;0;0;0;0;0;0;0;0;2695;0;0;95;0;160;0;
22165;6648629;1073872896;34873344;1162764288;0;0;0;0;0;0;0;0;0;0;0;2835;0;0;95;0;160;0;
22166;5541061;1073872896;34873344;1162764288;0;0;0;0;0;0;0;0;0;0;0;2876;0;0;95;0;160;0;
22167;6568949;1073872896;34873344;1162764288;0;0;0;0;0;0;0;0;0;0;0;3106;0;0;95;0;160;0;
22168;6119216;1073872896;34873344;1162764288;0;0;0;0;0;0;0;0;0;0;0;3677;0;0;95;0;160;0;
22169;5679691;1073872896;34873344;1162764288;0;0;0;0;0;0;0;0;0;0;0;2535;0;0;95;0;160;0;
22170;6865756;1073872896;34873344;1162764288;0;0;0;0;0;0;0;0;0;0;0;2785;0;0;95;0;160;0;
22171;6142590;1073872896;34873344;1162764288;0;0;0;0;0;0;0;0;0;0;0;2484;0;0;95;0;160;0;
22172;5709849;1073872896;34873344;1162764288;0;0;0;0;0;0;0;0;0;0;0;3677;0;0;95;0;160;0;
22173;6192634;1073872896;34873344;1162764288;0;0;0;0;0;0;0;0;0;0;0;2885;0;0;95;0;160;0;
22174;4277372;1073872896;34873344;1162764288;0;0;0;0;0;0;0;0;0;0;0;3026;0;0;95;0;160;0;
22175;6603374;1073872896;34873344;1162764288;0;0;0;0;0;0;0;0;0;0;0;2414;0;0;95;0;160;0;
22176;5221001;1073872896;34873344;1162764288;0;0;0;0;0;0;0;0;0;0;0;2936;0;0;95;0;160;0;
22177;7369320;1073872896;34873344;1162764288;0;0;0;0;0;0;0;0;0;0;0;2995;0;0;95;0;160;0;
22178;4995558;1073872896;34873344;1162764288;0;0;0;0;0;0;0;0;0;0;0;2786;0;0;95;0;160;0;
22179;6985461;1073872896;34873344;1162764288;0;0;0;0;0;0;0;0;0;0;0;3366;0;0;95;0;160;0;
22180;6343847;1073872896;34873344;1162764288;0;0;0;0;0;0;0;0;0;0;0;3457;0;0;95;0;160;0;
22181;6103085;1073872896;34873344;1162764288;0;0;0;0;0;0;0;0;0;0;0;2485;0;0;95;0;160;0;
22182;5220280;1073872896;34873344;1162764288;0;0;0;0;0;0;0;0;0;0;0;3196;0;0;95;0;160;0;
22183;6543000;1073872896;34873344;1162764288;0;0;0;0;0;0;0;0;0;0;0;2535;0;0;95;0;160;0;
22184;6009660;1073872896;34873344;1162764288;0;0;0;0;0;0;0;0;0;0;0;2865;0;0;95;0;160;0;
22185;6492756;1073872896;34873344;1162764288;0;0;0;0;0;0;0;0;0;0;0;2314;0;0;95;0;160;0;
22186;6826382;1073872896;34873344;1162764288;0;0;0;0;0;0;0;0;0;0;0;3416;0;0;95;0;160;0;
22187;7015316;1073872896;34873344;1162764288;0;0;0;0;0;0;0;0;0;0;0;3888;0;0;95;0;160;0;
22188;4788420;1073872896;34873344;1162764288;0;0;0;0;0;0;0;0;0;0;0;3086;0;0;95;0;160;0;
22189;5423842;1073872896;34873344;1162764288;0;0;0;0;0;0;0;0;0;0;0;2194;0;0;95;0;160;0;
22190;5747518;1073872896;34873344;1162764288;0;0;0;0;0;0;0;0;0;0;0;3086;0;0;95;0;160;0;
22191;6987184;1073872896;34873344;1162764288;0;0;0;0;0;0;0;0;0;0;0;3537;0;0;95;0;160;0;
22192;4926138;1073872896;34873344;1162764288;0;0;0;0;0;0;0;0;0;0;0;3727;0;0;95;0;160;0;
22193;20648213;1073872896;34873344;1162764288;0;0;0;0;0;0;0;0;0;0;0;3807;0;0;95;0;160;0;
22194;5886199;1073872896;34873344;1162764288;0;0;0;0;0;0;0;0;0;0;0;3347;0;0;95;0;160;0;
22195;6484151;1073872896;34873344;1162764288;0;0;0;0;0;0;0;0;0;0;0;2806;0;0;95;0;160;0;
22196;4825930;1073872896;34873344;1162764288;0;0;0;0;0;0;0;0;0;0;0;2565;0;0;95;0;160;0;
22197;5951842;1073872896;34873344;1162764288;0;0;0;0;0;0;0;0;0;0;0;2735;0;0;95;0;160;0;
22198;6184238;1073872896;34873344;1162764288;0;0;0;0;0;0;0;0;0;0;0;3436;0;0;95;0;160;0;
22199;6455416;1073872896;34873344;1162764288;0;0;0;0;0;0;0;0;0;0;0;3116;0;0;95;0;160;0;
22200;6586653;1073872896;34873344;1162764288;0;0;0;0;0;0;0;0;0;0;0;2885;0;0;95;0;160;0;
22201;7460091;1073872896;34873344;1162764288;0;0;0;0;0;0;0;0;0;0;0;3877;0;0;95;0;160;0;
22202;5109883;1073872896;34873344;1162764288;0;0;0;0;0;0;0;0;0;0;0;3978;0;0;95;0;160;0;
22203;5742570;1073872896;34873344;1162764288;0;0;0;0;0;0;0;0;0;0;0;3557;0;0;95;0;160;0;
22204;4950745;1073872896;34873344;1162764288;0;0;0;0;0;0;0;0;0;0;0;3155;0;0;95;0;160;0;
22205;6536739;1073872896;34873344;1162764288;0;0;0;0;0;0;0;0;0;0;0;2926;0;0;95;0;160;0;
22206;4684816;1073872896;34873344;1162764288;0;0;0;0;0;0;0;0;0;0;0;3076;0;0;95;0;160;0;
22207;6911912;1073872896;34873344;1162764288;0;0;0;0;0;0;0;0;0;0;0;3947;0;0;95;0;160;0;
22208;4868490;1073872896;34873344;1162764288;0;0;0;0;0;0;0;0;0;0;0;3657;0;0;95;0;160;0;
22209;6999617;1073872896;34873344;1162764288;0;0;0;0;0;0;0;0;0;0;0;3777;0;0;95;0;160;0;
22210;4749737;1073872896;34873344;1162764288;0;0;0;0;0;0;0;0;0;0;0;3186;0;0;95;0;160;0;
22211;6619574;1073872896;34873344;1162764288;0;0;0;0;0;0;0;0;0;0;0;3827;0;0;95;0;160;0;
22212;4820440;1073872896;34873344;1162764288;0;0;0;0;0;0;0;0;0;0;0;3316;0;0;95;0;160;0;
22213;5292145;1073872896;34873344;1162764288;0;0;0;0;0;0;0;0;0;0;0;2465;0;0;95;0;160;0;
22214;3560277;1073872896;34873344;1162764288;0;0;0;0;0;0;0;0;0;0;0;4268;0;0;95;0;160;0;
22215;6519236;1073872896;34873344;1162764288;0;0;0;0;0;0;0;0;0;0;0;2725;0;0;95;0;160;0;
22216;3385359;1073872896;34873344;1162764288;0;0;0;0;0;0;0;0;0;0;0;2966;0;0;95;0;160;0;
22217;7887562;1073872896;34873344;1162764288;0;0;0;0;0;0;0;0;0;0;0;3196;0;0;95;0;160;0;
22218;5391622;1073872896;34873344;1162764288;0;0;0;0;0;0;0;0;0;0;0;4268;0;0;95;0;160;0;
22219;7390360;1073872896;34873344;1162764288;0;0;0;0;0;0;0;0;0;0;0;3297;0;0;95;0;160;0;
22220;5503611;1073872896;34873344;1162764288;0;0;0;0;0;0;0;0;0;0;0;3156;0;0;95;0;160;0;
22221;5891408;1073872896;34873344;1162764288;0;0;0;0;0;0;0;0;0;0;0;2995;0;0;95;0;160;0;
22222;4585700;1073872896;34873344;1162764288;0;0;0;0;0;0;0;0;0;0;0;2865;0;0;95;0;160;0;
22223;6650773;1073872896;34873344;1162764288;0;0;0;0;0;0;0;0;0;0;0;3106;0;0;95;0;160;0;
22224;5097700;1073872896;34873344;1162764288;0;0;0;0;0;0;0;0;0;0;0;3096;0;0;95;0;160;0;
22225;6062680;1073872896;34873344;1162764288;0;0;0;0;0;0;0;0;0;0;0;2064;0;0;95;0;160;0;
22226;6814029;1073872896;34873344;1162764288;0;0;0;0;0;0;0;0;0;0;0;3426;0;0;95;0;160;0;
22227;6646385;1073872896;34877440;1162768384;0;0;0;0;0;0;0;0;0;0;0;3807;0;0;95;0;160;0;
22228;7319196;1073872896;34881536;1162772480;0;0;0;0;0;0;0;0;0;0;0;3095;0;0;95;0;160;0;
22229;7185947;1073872896;34881536;1162772480;0;0;0;0;0;0;0;0;0;0;0;2936;0;0;95;0;160;0;
22230;5283830;1073872896;34881536;1162772480;0;0;0;0;0;0;0;0;0;0;0;2835;0;0;95;0;160;0;
22231;6850227;1073872896;34881536;1162772480;0;0;0;0;0;0;0;0;0;0;0;2865;0;0;95;0;160;0;
22232;3657168;1073872896;34881536;1162772480;0;0;0;0;0;0;0;0;0;0;0;3597;0;0;95;0;160;0;
22233;8329872;1073872896;34881536;1162772480;0;0;0;0;0;0;0;0;0;0;0;3957;0;0;95;0;160;0;
22234;5100235;1073909760;34873344;1162764288;0;0;0;0;0;0;0;0;0;0;0;3727;0;0;95;0;160;0;
22235;7453909;1073909760;34873344;1162764288;0;0;0;0;0;0;0;0;0;0;0;2865;0;0;95;0;160;0;
22236;4592593;1073909760;34873344;1162764288;0;0;0;0;0;0;0;0;0;0;0;3306;0;0;95;0;160;0;
22237;5229958;1073909760;34873344;1162764288;0;0;0;0;0;0;0;0;0;0;0;2725;0;0;95;0;160;0;
22238;6808158;1073909760;34873344;1162764288;0;0;0;0;0;0;0;0;0;0;0;3446;0;0;95;0;160;0;
22239;5945730;1073909760;34873344;1162764288;0;0;0;0;0;0;0;0;0;0;0;3677;0;0;95;0;160;0;
22240;5648313;1073909760;34873344;1162764288;0;0;0;0;0;0;0;0;0;0;0;3597;0;0;95;0;160;0;
22241;6430850;1073909760;34873344;1162764288;0;0;0;0;0;0;0;0;0;0;0;3807;0;0;95;0;160;0;
22242;5026948;1073909760;34873344;1162764288;0;0;0;0;0;0;0;0;0;0;0;3115;0;0;95;0;160;0;
22243;5966079;1073909760;34873344;1162764288;0;0;0;0;0;0;0;0;0;0;0;2735;0;0;95;0;160;0;
22244;4362842;1073909760;34873344;1162764288;0;0;0;0;0;0;0;0;0;0;0;3717;0;0;95;0;160;0;
22245;6583056;1073909760;34873344;1162764288;0;0;0;0;0;0;0;0;0;0;0;2485;0;0;95;0;160;0;
22246;4377199;1073909760;34873344;1162764288;0;0;0;0;0;0;0;0;0;0;0;3296;0;0;95;0;160;0;
22247;5624027;1073909760;34873344;1162764288;0;0;0;0;0;0;0;0;0;0;0;2344;0;0;95;0;160;0;
22248;4264498;1073909760;34873344;1162764288;0;0;0;0;0;0;0;0;0;0;0;2886;0;0;95;0;160;0;
22249;5559637;1073909760;34873344;1162764288;0;0;0;0;0;0;0;0;0;0;0;2835;0;0;95;0;160;0;
22250;4649299;1073909760;34873344;1162764288;0;0;0;0;0;0;0;0;0;0;0;3757;0;0;95;0;160;0;
22251;6467660;1073909760;34873344;1162764288;0;0;0;0;0;0;0;0;0;0;0;2725;0;0;95;0;160;0;
22252;4702790;1073909760;34873344;1162764288;0;0;0;0;0;0;0;0;0;0;0;3246;0;0;95;0;160;0;
22253;6223622;1073909760;34873344;1162764288;0;0;0;0;0;0;0;0;0;0;0;2545;0;0;95;0;160;0;
22254;5043589;1073909760;34873344;1162764288;0;0;0;0;0;0;0;0;0;0;0;3607;0;0;95;0;160;0;
22255;7818222;1073909760;34873344;1162764288;0;0;0;0;0;0;0;0;0;0;0;2936;0;0;95;0;160;0;
22256;5183882;1073909760;34873344;1162764288;0;0;0;0;0;0;0;0;0;0;0;3787;0;0;95;0;160;0;
22257;6351622;1073909760;34873344;1162764288;0;0;0;0;0;0;0;0;0;0;0;3436;0;0;95;0;160;0;
22258;6965172;1073909760;34873344;1162764288;0;0;0;0;0;0;0;0;0;0;0;3877;0;0;95;0;160;0;
22259;6446941;1073909760;34873344;1162764288;0;0;0;0;0;0;0;0;0;0;0;3336;0;0;95;0;160;0;
22260;6156185;1073909760;34873344;1162764288;0;0;0;0;0;0;0;0;0;0;0;3747;0;0;95;0;160;0;
22261;7156051;1073909760;34873344;1162764288;0;0;0;0;0;0;0;0;0;0;0;3276;0;0;95;0;160;0;
22262;5690702;1073909760;34873344;1162764288;0;0;0;0;0;0;0;0;0;0;0;3617;0;0;95;0;160;0;
22263;6495892;1073909760;34873344;1162764288;0;0;0;0;0;0;0;0;0;0;0;3216;0;0;95;0;160;0;
22264;6594327;1073909760;34873344;1162764288;0;0;0;0;0;0;0;0;0;0;0;3707;0;0;95;0;160;0;
22265;5933878;1073909760;34873344;1162764288;0;0;0;0;0;0;0;0;0;0;0;2975;0;0;95;0;160;0;
22266;6255602;1073909760;34873344;1162764288;0;0;0;0;0;0;0;0;0;0;0;3877;0;0;95;0;160;0;
22267;5181106;1073909760;34873344;1162764288;0;0;0;0;0;0;0;0;0;0;0;2855;0;0;95;0;160;0;
22268;5565428;1073909760;34873344;1162764288;0;0;0;0;0;0;0;0;0;0;0;4779;0;0;95;0;160;0;
22269;5994121;1073909760;34873344;1162764288;0;0;0;0;0;0;0;0;0;0;0;3466;0;0;95;0;160;0;
22270;5447797;1073909760;34873344;1162764288;0;0;0;0;0;0;0;0;0;0;0;4268;0;0;95;0;160;0;
22271;6402026;1073909760;34873344;1162764288;0;0;0;0;0;0;0;0;0;0;0;3166;0;0;95;0;160;0;
22272;5563744;1073909760;34873344;1162764288;0;0;0;0;0;0;0;0;0;0;0;4087;0;0;95;0;160;0;
22273;7724326;1073909760;34873344;1162764288;0;0;0;0;0;0;0;0;0;0;0;3797;0;0;95;0;160;0;
22274;6738267;1073909760;34873344;1162764288;0;0;0;0;0;0;0;0;0;0;0;4097;0;0;95;0;160;0;
22275;6571424;1073909760;34873344;1162764288;0;0;0;0;0;0;0;0;0;0;0;3847;0;0;95;0;160;0;
22276;5223055;1073909760;34873344;1162764288;0;0;0;0;0;0;0;0;0;0;0;3376;0;0;95;0;160;0;
22277;7734395;1073909760;34873344;1162764288;0;0;0;0;0;0;0;0;0;0;0;3817;0;0;95;0;160;0;
22278;5670094;1073909760;34873344;1162764288;0;0;0;0;0;0;0;0;0;0;0;3757;0;0;95;0;160;0;
22279;6776689;1073909760;34873344;1162764288;0;0;0;0;0;0;0;0;0;0;0;4047;0;0;95;0;160;0;
22280;4631135;1073909760;34873344;1162764288;0;0;0;0;0;0;0;0;0;0;0;3637;0;0;95;0;160;0;
22281;6581482;1073909760;34873344;1162764288;0;0;0;0;0;0;0;0;0;0;0;4068;0;0;95;0;160;0;
22282;4733797;1073909760;34873344;1162764288;0;0;0;0;0;0;0;0;0;0;0;3737;0;0;95;0;160;0;
22283;7670044;1073909760;34873344;1162764288;0;0;0;0;0;0;0;0;0;0;0;3256;0;0;95;0;160;0;
22284;4826091;1073909760;34873344;1162764288;0;0;0;0;0;0;0;0;0;0;0;3376;0;0;95;0;160;0;
22285;6620266;1073909760;34873344;1162764288;0;0;0;0;0;0;0;0;0;0;0;2755;0;0;95;0;160;0;
22286;4195358;1073909760;34873344;1162764288;0;0;0;0;0;0;0;0;0;0;0;4118;0;0;95;0;160;0;
22287;8589629;1073909760;34873344;1162764288;0;0;0;0;0;0;0;0;0;0;0;4759;0;0;95;0;160;0;
22288;4477046;1073909760;34873344;1162764288;0;0;0;0;0;0;0;0;0;0;0;3356;0;0;95;0;160;0;
22289;7166189;1073909760;34873344;1162764288;0;0;0;0;0;0;0;0;0;0;0;4288;0;0;95;0;160;0;
22290;6290647;1073909760;34873344;1162764288;0;0;0;0;0;0;0;0;0;0;0;4298;0;0;95;0;160;0;
22291;6332116;1073909760;34873344;1162764288;0;0;0;0;0;0;0;0;0;0;0;3396;0;0;95;0;160;0;
22292;5546191;1073909760;34873344;1162764288;0;0;0;0;0;0;0;0;0;0;0;3136;0;0;95;0;160;0;
22293;9415858;1073909760;34873344;1162764288;0;0;0;0;0;0;0;0;0;0;0;157485;0;0;95;0;160;0;
22294;13527689;1073909760;34873344;1162764288;0;0;0;0;0;0;0;0;0;0;0;4339;0;0;95;0;160;0;
22295;7815687;1073909760;34873344;1162764288;0;0;0;0;0;0;0;0;0;0;0;3156;0;0;95;0;160;0;
22296;5328884;1073909760;34873344;1162764288;0;0;0;0;0;0;0;0;0;0;0;2975;0;0;95;0;160;0;
22297;5866642;1073909760;34873344;1162764288;0;0;0;0;0;0;0;0;0;0;0;2655;0;0;95;0;160;0;
22298;5632703;1073909760;34873344;1162764288;0;0;0;0;0;0;0;0;0;0;0;3276;0;0;95;0;160;0;
22299;7379800;1073909760;34873344;1162764288;0;0;0;0;0;0;0;0;0;0;0;37120;0;0;95;0;160;0;
22300;5623977;1073909760;34873344;1162764288;0;0;0;0;0;0;0;0;0;0;0;4879;0;0;95;0;160;0;
22301;7388557;1073909760;34873344;1162764288;0;0;0;0;0;0;0;0;0;0;0;2876;0;0;95;0;160;0;
22302;6957518;1073909760;34873344;1162764288;0;0;0;0;0;0;0;0;0;0;0;4759;0;0;95;0;160;0;
22303;5255476;1073909760;34873344;1162764288;0;0;0;0;0;0;0;0;0;0;0;3567;0;0;95;0;160;0;
22304;7074918;1073909760;34873344;1162764288;0;0;0;0;0;0;0;0;0;0;0;2866;0;0;95;0;160;0;
22305;5740696;1073909760;34873344;1162764288;0;0;0;0;0;0;0;0;0;0;0;3607;0;0;95;0;160;0;
22306;6271732;1073909760;34873344;1162764288;0;0;0;0;0;0;0;0;0;0;0;2986;0;0;95;0;160;0;
22307;6522351;1073909760;34873344;1162764288;0;0;0;0;0;0;0;0;0;0;0;2505;0;0;95;0;160;0;
22308;5191486;1073909760;34873344;1162764288;0;0;0;0;0;0;0;0;0;0;0;3366;0;0;95;0;160;0;
22309;7826608;1073909760;34873344;1162764288;0;0;0;0;0;0;0;0;0;0;0;2985;0;0;95;0;160;0;
22310;5280954;1073909760;34873344;1162764288;0;0;0;0;0;0;0;0;0;0;0;3617;0;0;95;0;160;0;
22311;8104419;1073909760;34873344;1162764288;0;0;0;0;0;0;0;0;0;0;0;3436;0;0;95;0;160;0;
22312;7980867;1073909760;34873344;1162764288;0;0;0;0;0;0;0;0;0;0;0;3547;0;0;95;0;160;0;
22313;6466136;1073909760;34873344;1162764288;0;0;0;0;0;0;0;0;0;0;0;2695;0;0;95;0;160;0;
22314;5079386;1073909760;34873344;1162764288;0;0;0;0;0;0;0;0;0;0;0;2966;0;0;95;0;160;0;
22315;7651018;1073909760;34873344;1162764288;0;0;0;0;0;0;0;0;0;0;0;3606;0;0;95;0;160;0;
22316;5468235;1073909760;34873344;1162764288;0;0;0;0;0;0;0;0;0;0;0;3086;0;0;95;0;160;0;
22317;9461494;1073909760;34873344;1162764288;0;0;0;0;0;0;0;0;0;0;0;3817;0;0;95;0;160;0;
22318;5043058;1073909760;34873344;1162764288;0;0;0;0;0;0;0;0;0;0;0;3397;0;0;95;0;160;0;
22319;6952238;1073909760;34873344;1162764288;0;0;0;0;0;0;0;0;0;0;0;5691;0;0;95;0;160;0;
22320;3974614;1073909760;34873344;1162764288;0;0;0;0;0;0;0;0;0;0;0;3267;0;0;95;0;160;0;
22321;8019519;1073909760;34873344;1162764288;0;0;0;0;0;0;0;0;0;0;0;3126;0;0;95;0;160;0;
22322;6759066;1073909760;34873344;1162764288;0;0;0;0;0;0;0;0;0;0;0;3326;0;0;95;0;160;0;
22323;8078080;1073909760;34873344;1162764288;0;0;0;0;0;0;0;0;0;0;0;3646;0;0;95;0;160;0;
22324;5497921;1073909760;34873344;1162764288;0;0;0;0;0;0;0;0;0;0;0;3817;0;0;95;0;160;0;
22325;8522523;1073909760;34873344;1162764288;0;0;0;0;0;0;0;0;0;0;0;3046;0;0;95;0;160;0;
22326;5689660;1073909760;34873344;1162764288;0;0;0;0;0;0;0;0;0;0;0;3026;0;0;95;0;160;0;
22327;6430970;1073909760;34873344;1162764288;0;0;0;0;0;0;0;0;0;0;0;2685;0;0;95;0;160;0;
22328;5923880;1073909760;34873344;1162764288;0;0;0;0;0;0;0;0;0;0;0;3076;0;0;95;0;160;0;
22329;6664729;1073909760;34873344;1162764288;0;0;0;0;0;0;0;0;0;0;0;2284;0;0;95;0;160;0;
22330;5284300;1073909760;34873344;1162764288;0;0;0;0;0;0;0;0;0;0;0;2986;0;0;95;0;160;0;
22331;7714077;1073909760;34873344;1162764288;0;0;0;0;0;0;0;0;0;0;0;3356;0;0;95;0;160;0;
22332;3752558;1073909760;34873344;1162764288;0;0;0;0;0;0;0;0;0;0;0;2915;0;0;95;0;160;0;
22333;7226032;1073909760;34873344;1162764288;0;0;0;0;0;0;0;0;0;0;0;4429;0;0;95;0;160;0;
22334;3393204;1073909760;34873344;1162764288;0;0;0;0;0;0;0;0;0;0;0;3707;0;0;95;0;160;0;
22335;7004235;1073909760;34873344;1162764288;0;0;0;0;0;0;0;0;0;0;0;2585;0;0;95;0;160;0;
22336;4360998;1073909760;34873344;1162764288;0;0;0;0;0;0;0;0;0;0;0;3116;0;0;95;0;160;0;
22337;7127537;1073909760;34873344;1162764288;0;0;0;0;0;0;0;0;0;0;0;3486;0;0;95;0;160;0;
22338;4826201;1073909760;34873344;1162764288;0;0;0;0;0;0;0;0;0;0;0;2936;0;0;95;0;160;0;
22339;7856614;1073909760;34873344;1162764288;0;0;0;0;0;0;0;0;0;0;0;3366;0;0;95;0;160;0;
22340;4277331;1073909760;34873344;1162764288;0;0;0;0;0;0;0;0;0;0;0;3066;0;0;95;0;160;0;
22341;6928043;1073909760;34873344;1162764288;0;0;0;0;0;0;0;0;0;0;0;3346;0;0;95;0;160;0;
22342;4305254;1073909760;34873344;1162764288;0;0;0;0;0;0;0;0;0;0;0;3707;0;0;95;0;160;0;
22343;7192619;1073909760;34873344;1162764288;0;0;0;0;0;0;0;0;0;0;0;2635;0;0;95;0;160;0;
22344;3019082;1073909760;34873344;1162764288;0;0;0;0;0;0;0;0;0;0;0;3025;0;0;95;0;160;0;
22345;6358985;1073909760;34873344;1162764288;0;0;0;0;0;0;0;0;0;0;0;2905;0;0;95;0;160;0;
22346;3520943;1073909760;34873344;1162764288;0;0;0;0;0;0;0;0;0;0;0;2816;0;0;95;0;160;0;
22347;6378031;1073909760;34873344;1162764288;0;0;0;0;0;0;0;0;0;0;0;2795;0;0;95;0;160;0;
22348;4822894;1073909760;34873344;1162764288;0;0;0;0;0;0;0;0;0;0;0;2895;0;0;95;0;160;0;
22349;5416528;1073909760;34873344;1162764288;0;0;0;0;0;0;0;0;0;0;0;2304;0;0;95;0;160;0;
22350;5797813;1073909760;34873344;1162764288;0;0;0;0;0;0;0;0;0;0;0;3968;0;0;95;0;160;0;
22351;6922552;1073909760;34873344;1162764288;0;0;0;0;0;0;0;0;0;0;0;2474;0;0;95;0;160;0;
22352;5078705;1073909760;34873344;1162764288;0;0;0;0;0;0;0;0;0;0;0;2975;0;0;95;0;160;0;
22353;7375081;1073909760;34873344;1162764288;0;0;0;0;0;0;0;0;0;0;0;7494;0;0;95;0;160;0;
22354;5014544;1073909760;34873344;1162764288;0;0;0;0;0;0;0;0;0;0;0;4007;0;0;95;0;160;0;
22355;6450257;1073909760;34873344;1162764288;0;0;0;0;0;0;0;0;0;0;0;2735;0;0;95;0;160;0;
22356;4500490;1073909760;34873344;1162764288;0;0;0;0;0;0;0;0;0;0;0;2886;0;0;95;0;160;0;
22357;6101643;1073909760;34873344;1162764288;0;0;0;0;0;0;0;0;0;0;0;2795;0;0;95;0;160;0;
22358;5590625;1073909760;34873344;1162764288;0;0;0;0;0;0;0;0;0;0;0;3637;0;0;95;0;160;0;
22359;6331494;1073909760;34873344;1162764288;0;0;0;0;0;0;0;0;0;0;0;2225;0;0;95;0;160;0;
22360;5161439;1073909760;34873344;1162764288;0;0;0;0;0;0;0;0;0;0;0;2525;0;0;95;0;160;0;
22361;6864293;1073909760;34873344;1162764288;0;0;0;0;0;0;0;0;0;0;0;2715;0;0;95;0;160;0;
22362;4755708;1073909760;34873344;1162764288;0;0;0;0;0;0;0;0;0;0;0;3105;0;0;95;0;160;0;
22363;6566685;1073909760;34873344;1162764288;0;0;0;0;0;0;0;0;0;0;0;2495;0;0;95;0;160;0;
22364;6415592;1073909760;34873344;1162764288;0;0;0;0;0;0;0;0;0;0;0;3186;0;0;95;0;160;0;
22365;5967962;1073909760;34873344;1162764288;0;0;0;0;0;0;0;0;0;0;0;2856;0;0;95;0;160;0;
22366;5699358;1073909760;34873344;1162764288;0;0;0;0;0;0;0;0;0;0;0;3617;0;0;95;0;160;0;
22367;8066588;1073909760;34873344;1162764288;0;0;0;0;0;0;0;0;0;0;0;2395;0;0;95;0;160;0;
22368;3879195;1073909760;34873344;1162764288;0;0;0;0;0;0;0;0;0;0;0;2785;0;0;95;0;160;0;
22369;6294575;1073909760;34873344;1162764288;0;0;0;0;0;0;0;0;0;0;0;2014;0;0;95;0;160;0;
22370;5584754;1073909760;34873344;1162764288;0;0;0;0;0;0;0;0;0;0;0;2555;0;0;95;0;160;0;
22371;6346663;1073909760;34873344;1162764288;0;0;0;0;0;0;0;0;0;0;0;2154;0;0;95;0;160;0;
22372;4850437;1073909760;34873344;1162764288;0;0;0;0;0;0;0;0;0;0;0;2985;0;0;95;0;160;0;
22373;6520629;1073909760;34873344;1162764288;0;0;0;0;0;0;0;0;0;0;0;2604;0;0;95;0;160;0;
22374;4731864;1073909760;34873344;1162764288;0;0;0;0;0;0;0;0;0;0;0;3156;0;0;95;0;160;0;
22375;7559667;1073909760;34873344;1162764288;0;0;0;0;0;0;0;0;0;0;0;2745;0;0;95;0;160;0;
22376;3982569;1073909760;34873344;1162764288;0;0;0;0;0;0;0;0;0;0;0;2835;0;0;95;0;160;0;
22377;6510129;1073909760;34873344;1162764288;0;0;0;0;0;0;0;0;0;0;0;119344;0;0;95;0;160;0;
22378;6176112;1073909760;34873344;1162764288;0;0;0;0;0;0;0;0;0;0;0;3447;0;0;95;0;160;0;
22379;5470118;1073909760;34873344;1162764288;0;0;0;0;0;0;0;0;0;0;0;2544;0;0;95;0;160;0;
22380;5289650;1073909760;34873344;1162764288;0;0;0;0;0;0;0;0;0;0;0;3416;0;0;95;0;160;0;
22381;7688529;1073909760;34873344;1162764288;0;0;0;0;0;0;0;0;0;0;0;2605;0;0;95;0;160;0;
22382;5873355;1073909760;34873344;1162764288;0;0;0;0;0;0;0;0;0;0;0;4118;0;0;95;0;160;0;
22383;6980441;1073909760;34873344;1162764288;0;0;0;0;0;0;0;0;0;0;0;3336;0;0;95;0;160;0;
22384;5097930;1073909760;34873344;1162764288;0;0;0;0;0;0;0;0;0;0;0;3887;0;0;95;0;160;0;
22385;7490007;1073909760;34873344;1162764288;0;0;0;0;0;0;0;0;0;0;0;2915;0;0;95;0;160;0;
22386;5781482;1073909760;34873344;1162764288;0;0;0;0;0;0;0;0;0;0;0;3146;0;0;95;0;160;0;
22387;8079812;1073909760;34873344;1162764288;0;0;0;0;0;0;0;0;0;0;0;2965;0;0;95;0;160;0;
22388;5609580;1073909760;34873344;1162764288;0;0;0;0;0;0;0;0;0;0;0;3135;0;0;95;0;160;0;
22389;7409866;1073909760;34873344;1162764288;0;0;0;0;0;0;0;0;0;0;0;2815;0;0;95;0;160;0;
22390;4283363;1073909760;34873344;1162764288;0;0;0;0;0;0;0;0;0;0;0;3186;0;0;95;0;160;0;
22391;8033676;1073909760;34877440;1162768384;0;0;0;0;0;0;0;0;0;0;0;2836;0;0;95;0;160;0;
22392;4588285;1073909760;34881536;1162772480;0;0;0;0;0;0;0;0;0;0;0;3527;0;0;95;0;160;0;
22393;7526034;1073909760;34881536;1162772480;0;0;0;0;0;0;0;0;0;0;0;2795;0;0;95;0;160;0;
22394;4584497;1073909760;34881536;1162772480;0;0;0;0;0;0;0;0;0;0;0;3566;0;0;95;0;160;0;
22395;8265321;1073909760;34881536;1162772480;0;0;0;0;0;0;0;0;0;0;0;3457;0;0;95;0;160;0;
22396;7294430;1073909760;34881536;1162772480;0;0;0;0;0;0;0;0;0;0;0;3686;0;0;95;0;160;0;
22397;7425816;1073909760;34881536;1162772480;0;0;0;0;0;0;0;0;0;0;0;3757;0;0;95;0;160;0;
22398;7794648;1074008064;34873344;1162764288;0;0;0;0;0;0;0;0;0;0;0;3537;0;0;95;0;160;0;
22399;8245494;1074008064;34873344;1162764288;0;0;0;0;0;0;0;0;0;0;0;4378;0;0;95;0;160;0;
22400;4900691;1074008064;34873344;1162764288;0;0;0;0;0;0;0;0;0;0;0;3186;0;0;95;0;160;0;
22401;6853894;1074008064;34873344;1162764288;0;0;0;0;0;0;0;0;0;0;0;3687;0;0;95;0;160;0;
22402;3833910;1074008064;34873344;1162764288;0;0;0;0;0;0;0;0;0;0;0;3606;0;0;95;0;160;0;
22403;6191802;1074008064;34873344;1162764288;0;0;0;0;0;0;0;0;0;0;0;2535;0;0;95;0;160;0;
22404;4853342;1074008064;34873344;1162764288;0;0;0;0;0;0;0;0;0;0;0;3476;0;0;95;0;160;0;
22405;7152574;1074008064;34873344;1162764288;0;0;0;0;0;0;0;0;0;0;0;3686;0;0;95;0;160;0;
22406;4895160;1074008064;34873344;1162764288;0;0;0;0;0;0;0;0;0;0;0;3596;0;0;95;0;160;0;
22407;8049225;1074008064;34873344;1162764288;0;0;0;0;0;0;0;0;0;0;0;4068;0;0;95;0;160;0;
22408;4513103;1074008064;34873344;1162764288;0;0;0;0;0;0;0;0;0;0;0;3767;0;0;95;0;160;0;
22409;5975346;1074008064;34873344;1162764288;0;0;0;0;0;0;0;0;0;0;0;2334;0;0;95;0;160;0;
22410;6183797;1074008064;34873344;1162764288;0;0;0;0;0;0;0;0;0;0;0;3677;0;0;95;0;160;0;
22411;5113620;1074008064;34873344;1162764288;0;0;0;0;0;0;0;0;0;0;0;2846;0;0;95;0;160;0;
22412;6865015;1074008064;34873344;1162764288;0;0;0;0;0;0;0;0;0;0;0;3336;0;0;95;0;160;0;
22413;6291369;1074008064;34873344;1162764288;0;0;0;0;0;0;0;0;0;0;0;3426;0;0;95;0;160;0;
22414;6976694;1074008064;34873344;1162764288;0;0;0;0;0;0;0;0;0;0;0;4619;0;0;95;0;160;0;
22415;9283920;1074008064;34873344;1162764288;0;0;0;0;0;0;0;0;0;0;0;3085;0;0;95;0;160;0;
22416;7869669;1074008064;34873344;1162764288;0;0;0;0;0;0;0;0;0;0;0;4208;0;0;95;0;160;0;
22417;10221440;1074008064;34873344;1162764288;0;0;0;0;0;0;0;0;0;0;0;4559;0;0;95;0;160;0;
22418;7281095;1074008064;34873344;1162764288;0;0;0;0;0;0;0;0;0;0;0;3397;0;0;95;0;160;0;
22419;9402363;1074008064;34873344;1162764288;0;0;0;0;0;0;0;0;0;0;0;3767;0;0;95;0;160;0;
22420;7574565;1074008064;34873344;1162764288;0;0;0;0;0;0;0;0;0;0;0;5922;0;0;95;0;160;0;
22421;7683069;1074008064;34873344;1162764288;0;0;0;0;0;0;0;0;0;0;0;3527;0;0;95;0;160;0;
22422;5757838;1074008064;34873344;1162764288;0;0;0;0;0;0;0;0;0;0;0;3497;0;0;95;0;160;0;
22423;7674473;1074008064;34873344;1162764288;0;0;0;0;0;0;0;0;0;0;0;3497;0;0;95;0;160;0;
22424;7666688;1074008064;34873344;1162764288;0;0;0;0;0;0;0;0;0;0;0;3607;0;0;95;0;160;0;
22425;9187089;1074008064;34873344;1162764288;0;0;0;0;0;0;0;0;0;0;0;3116;0;0;95;0;160;0;
22426;9420106;1074008064;34873344;1162764288;0;0;0;0;0;0;0;0;0;0;0;3236;0;0;95;0;160;0;
22427;8719072;1074008064;34873344;1162764288;0;0;0;0;0;0;0;0;0;0;0;3587;0;0;95;0;160;0;
22428;8708782;1074008064;34873344;1162764288;0;0;0;0;0;0;0;0;0;0;0;3075;0;0;95;0;160;0;
22429;7124270;1074008064;34873344;1162764288;0;0;0;0;0;0;0;0;0;0;0;3446;0;0;95;0;160;0;
22430;7640909;1074008064;34873344;1162764288;0;0;0;0;0;0;0;0;0;0;0;2895;0;0;95;0;160;0;
22431;8536249;1074008064;34873344;1162764288;0;0;0;0;0;0;0;0;0;0;0;3016;0;0;95;0;160;0;
22432;7883154;1074008064;34873344;1162764288;0;0;0;0;0;0;0;0;0;0;0;3065;0;0;95;0;160;0;
22433;7376253;1074008064;34873344;1162764288;0;0;0;0;0;0;0;0;0;0;0;4629;0;0;95;0;160;0;
22434;7125263;1074008064;34873344;1162764288;0;0;0;0;0;0;0;0;0;0;0;3517;0;0;95;0;160;0;
22435;9103733;1074008064;34873344;1162764288;0;0;0;0;0;0;0;0;0;0;0;3256;0;0;95;0;160;0;
22436;8586723;1074008064;34873344;1162764288;0;0;0;0;0;0;0;0;0;0;0;3777;0;0;95;0;160;0;
22437;8710355;1074008064;34873344;1162764288;0;0;0;0;0;0;0;0;0;0;0;4228;0;0;95;0;160;0;
22438;7505515;1074008064;34873344;1162764288;0;0;0;0;0;0;0;0;0;0;0;3967;0;0;95;0;160;0;
22439;7451244;1074008064;34873344;1162764288;0;0;0;0;0;0;0;0;0;0;0;3377;0;0;95;0;160;0;
22440;10350041;1074008064;34873344;1162764288;0;0;0;0;0;0;0;0;0;0;0;3406;0;0;95;0;160;0;
22441;11429004;1074008064;34873344;1162764288;0;0;0;0;0;0;0;0;0;0;0;6011;0;0;95;0;160;0;
22442;6109808;1074008064;34873344;1162764288;0;0;0;0;0;0;0;0;0;0;0;3336;0;0;95;0;160;0;
22443;7967853;1074008064;34873344;1162764288;0;0;0;0;0;0;0;0;0;0;0;3146;0;0;95;0;160;0;
22444;5751466;1074008064;34873344;1162764288;0;0;0;0;0;0;0;0;0;0;0;3206;0;0;95;0;160;0;
22445;12178920;1074008064;34873344;1162764288;0;0;0;0;0;0;0;0;0;0;0;2695;0;0;95;0;160;0;
22446;6704434;1074008064;34873344;1162764288;0;0;0;0;0;0;0;0;0;0;0;3627;0;0;95;0;160;0;
22447;8413018;1074008064;34873344;1162764288;0;0;0;0;0;0;0;0;0;0;0;3126;0;0;95;0;160;0;
22448;6163469;1074008064;34873344;1162764288;0;0;0;0;0;0;0;0;0;0;0;3667;0;0;95;0;160;0;
22449;6366399;1074008064;34873344;1162764288;0;0;0;0;0;0;0;0;0;0;0;2835;0;0;95;0;160;0;
22450;6499278;1074008064;34873344;1162764288;0;0;0;0;0;0;0;0;0;0;0;2775;0;0;95;0;160;0;
22451;7693749;1074008064;34873344;1162764288;0;0;0;0;0;0;0;0;0;0;0;3566;0;0;95;0;160;0;
22452;4732695;1074008064;34873344;1162764288;0;0;0;0;0;0;0;0;0;0;0;3176;0;0;95;0;160;0;
22453;7510375;1074008064;34873344;1162764288;0;0;0;0;0;0;0;0;0;0;0;4508;0;0;95;0;160;0;
22454;8408169;1074008064;34873344;1162764288;0;0;0;0;0;0;0;0;0;0;0;2705;0;0;95;0;160;0;
22455;7342410;1074008064;34873344;1162764288;0;0;0;0;0;0;0;0;0;0;0;3186;0;0;95;0;160;0;
22456;5609410;1074008064;34873344;1162764288;0;0;0;0;0;0;0;0;0;0;0;6462;0;0;95;0;160;0;
22457;7201957;1074008064;34873344;1162764288;0;0;0;0;0;0;0;0;0;0;0;4649;0;0;95;0;160;0;
22458;5845272;1074008064;34873344;1162764288;0;0;0;0;0;0;0;0;0;0;0;4308;0;0;95;0;160;0;
22459;7723976;1074008064;34873344;1162764288;0;0;0;0;0;0;0;0;0;0;0;3035;0;0;95;0;160;0;
22460;8745631;1074008064;34873344;1162764288;0;0;0;0;0;0;0;0;0;0;0;3456;0;0;95;0;160;0;
22461;5241660;1074008064;34873344;1162764288;0;0;0;0;0;0;0;0;0;0;0;29736;0;0;95;0;160;0;
22462;5919381;1074008064;34873344;1162764288;0;0;0;0;0;0;0;0;0;0;0;3767;0;0;95;0;160;0;
22463;5988180;1074008064;34873344;1162764288;0;0;0;0;0;0;0;0;0;0;0;2334;0;0;95;0;160;0;
22464;5669172;1074008064;34873344;1162764288;0;0;0;0;0;0;0;0;0;0;0;4118;0;0;95;0;160;0;
22465;5112227;1074008064;34873344;1162764288;0;0;0;0;0;0;0;0;0;0;0;2154;0;0;95;0;160;0;
22466;3935540;1074008064;34873344;1162764288;0;0;0;0;0;0;0;0;0;0;0;3506;0;0;95;0;160;0;
22467;6413348;1074008064;34873344;1162764288;0;0;0;0;0;0;0;0;0;0;0;1954;0;0;95;0;160;0;
22468;4663005;1074008064;34873344;1162764288;0;0;0;0;0;0;0;0;0;0;0;3075;0;0;95;0;160;0;
22469;5483093;1074008064;34873344;1162764288;0;0;0;0;0;0;0;0;0;0;0;2996;0;0;95;0;160;0;
22470;5470630;1074008064;34873344;1162764288;0;0;0;0;0;0;0;0;0;0;0;3306;0;0;95;0;160;0;
22471;5255987;1074008064;34873344;1162764288;0;0;0;0;0;0;0;0;0;0;0;2885;0;0;95;0;160;0;
22472;4669067;1074008064;34873344;1162764288;0;0;0;0;0;0;0;0;0;0;0;3607;0;0;95;0;160;0;
22473;7335276;1074008064;34873344;1162764288;0;0;0;0;0;0;0;0;0;0;0;2655;0;0;95;0;160;0;
22474;4232888;1074008064;34873344;1162764288;0;0;0;0;0;0;0;0;0;0;0;3407;0;0;95;0;160;0;
22475;6407837;1074008064;34873344;1162764288;0;0;0;0;0;0;0;0;0;0;0;4599;0;0;95;0;160;0;
22476;3739463;1074008064;34873344;1162764288;0;0;0;0;0;0;0;0;0;0;0;3407;0;0;95;0;160;0;
22477;5700851;1074008064;34873344;1162764288;0;0;0;0;0;0;0;0;0;0;0;2866;0;0;95;0;160;0;
22478;5339354;1074008064;34873344;1162764288;0;0;0;0;0;0;0;0;0;0;0;3396;0;0;95;0;160;0;
22479;6214825;1074008064;34873344;1162764288;0;0;0;0;0;0;0;0;0;0;0;3126;0;0;95;0;160;0;
22480;4351300;1074008064;34873344;1162764288;0;0;0;0;0;0;0;0;0;0;0;4047;0;0;95;0;160;0;
22481;7217225;1074008064;34873344;1162764288;0;0;0;0;0;0;0;0;0;0;0;3446;0;0;95;0;160;0;
22482;5388786;1074008064;34873344;1162764288;0;0;0;0;0;0;0;0;0;0;0;3196;0;0;95;0;160;0;
22483;7393736;1074008064;34873344;1162764288;0;0;0;0;0;0;0;0;0;0;0;3506;0;0;95;0;160;0;
22484;4371167;1074008064;34873344;1162764288;0;0;0;0;0;0;0;0;0;0;0;3566;0;0;95;0;160;0;
22485;7855081;1074008064;34873344;1162764288;0;0;0;0;0;0;0;0;0;0;0;3437;0;0;95;0;160;0;
22486;6068882;1074008064;34873344;1162764288;0;0;0;0;0;0;0;0;0;0;0;3617;0;0;95;0;160;0;
22487;8490272;1074008064;34873344;1162764288;0;0;0;0;0;0;0;0;0;0;0;2584;0;0;95;0;160;0;
22488;4962827;1074008064;34873344;1162764288;0;0;0;0;0;0;0;0;0;0;0;3276;0;0;95;0;160;0;
22489;7393165;1074008064;34873344;1162764288;0;0;0;0;0;0;0;0;0;0;0;3566;0;0;95;0;160;0;
22490;5581918;1074008064;34873344;1162764288;0;0;0;0;0;0;0;0;0;0;0;3697;0;0;95;0;160;0;
22491;7688689;1074008064;34873344;1162764288;0;0;0;0;0;0;0;0;0;0;0;2705;0;0;95;0;160;0;
22492;6602653;1074008064;34873344;1162764288;0;0;0;0;0;0;0;0;0;0;0;3216;0;0;95;0;160;0;
22493;7260416;1074008064;34873344;1162764288;0;0;0;0;0;0;0;0;0;0;0;3787;0;0;95;0;160;0;
22494;5819173;1074008064;34873344;1162764288;0;0;0;0;0;0;0;0;0;0;0;3376;0;0;95;0;160;0;
22495;7043750;1074008064;34873344;1162764288;0;0;0;0;0;0;0;0;0;0;0;2766;0;0;95;0;160;0;
22496;5351235;1074008064;34873344;1162764288;0;0;0;0;0;0;0;0;0;0;0;3417;0;0;95;0;160;0;
22497;6730973;1074008064;34873344;1162764288;0;0;0;0;0;0;0;0;0;0;0;2755;0;0;95;0;160;0;
22498;4863982;1074008064;34873344;1162764288;0;0;0;0;0;0;0;0;0;0;0;4920;0;0;95;0;160;0;
22499;6592323;1074008064;34873344;1162764288;0;0;0;0;0;0;0;0;0;0;0;2344;0;0;95;0;160;0;
22500;4955233;1074008064;34873344;1162764288;0;0;0;0;0;0;0;0;0;0;0;4608;0;0;95;0;160;0;
22501;7528559;1074008064;34873344;1162764288;0;0;0;0;0;0;0;0;0;0;0;4398;0;0;95;0;160;0;
22502;5878004;1074008064;34873344;1162764288;0;0;0;0;0;0;0;0;0;0;0;3426;0;0;95;0;160;0;
22503;8018558;1074008064;34873344;1162764288;0;0;0;0;0;0;0;0;0;0;0;3206;0;0;95;0;160;0;
22504;6042492;1074008064;34873344;1162764288;0;0;0;0;0;0;0;0;0;0;0;3647;0;0;95;0;160;0;
22505;7426407;1074008064;34873344;1162764288;0;0;0;0;0;0;0;0;0;0;0;3647;0;0;95;0;160;0;
22506;4089850;1074008064;34873344;1162764288;0;0;0;0;0;0;0;0;0;0;0;3106;0;0;95;0;160;0;
22507;7711221;1074008064;34873344;1162764288;0;0;0;0;0;0;0;0;0;0;0;3376;0;0;95;0;160;0;
22508;4846820;1074008064;34873344;1162764288;0;0;0;0;0;0;0;0;0;0;0;3336;0;0;95;0;160;0;
22509;8836792;1074008064;34873344;1162764288;0;0;0;0;0;0;0;0;0;0;0;2845;0;0;95;0;160;0;
22510;5297905;1074008064;34873344;1162764288;0;0;0;0;0;0;0;0;0;0;0;3366;0;0;95;0;160;0;
22511;8056529;1074008064;34873344;1162764288;0;0;0;0;0;0;0;0;0;0;0;2184;0;0;95;0;160;0;
22512;5921686;1074008064;34873344;1162764288;0;0;0;0;0;0;0;0;0;0;0;4609;0;0;95;0;160;0;
22513;7638044;1074008064;34873344;1162764288;0;0;0;0;0;0;0;0;0;0;0;3676;0;0;95;0;160;0;
22514;5630089;1074008064;34873344;1162764288;0;0;0;0;0;0;0;0;0;0;0;4408;0;0;95;0;160;0;
22515;8526271;1074008064;34873344;1162764288;0;0;0;0;0;0;0;0;0;0;0;3065;0;0;95;0;160;0;
22516;5207656;1074008064;34873344;1162764288;0;0;0;0;0;0;0;0;0;0;0;3326;0;0;95;0;160;0;
22517;7619680;1074008064;34873344;1162764288;0;0;0;0;0;0;0;0;0;0;0;2345;0;0;95;0;160;0;
22518;4906952;1074008064;34873344;1162764288;0;0;0;0;0;0;0;0;0;0;0;3797;0;0;95;0;160;0;
22519;7198980;1074008064;34873344;1162764288;0;0;0;0;0;0;0;0;0;0;0;3697;0;0;95;0;160;0;
22520;4454283;1074008064;34873344;1162764288;0;0;0;0;0;0;0;0;0;0;0;4368;0;0;95;0;160;0;
22521;7399767;1074008064;34873344;1162764288;0;0;0;0;0;0;0;0;0;0;0;3146;0;0;95;0;160;0;
22522;5268129;1074008064;34873344;1162764288;0;0;0;0;0;0;0;0;0;0;0;3627;0;0;95;0;160;0;
22523;5007250;1074008064;34873344;1162764288;0;0;0;0;0;0;0;0;0;0;0;3256;0;0;95;0;160;0;
22524;7225611;1074008064;34873344;1162764288;0;0;0;0;0;0;0;0;0;0;0;3978;0;0;95;0;160;0;
22525;5444741;1074008064;34873344;1162764288;0;0;0;0;0;0;0;0;0;0;0;3226;0;0;95;0;160;0;
22526;6008698;1074008064;34873344;1162764288;0;0;0;0;0;0;0;0;0;0;0;4900;0;0;95;0;160;0;
22527;5792784;1074008064;34873344;1162764288;0;0;0;0;0;0;0;0;0;0;0;2635;0;0;95;0;160;0;
22528;4641945;1074008064;34873344;1162764288;0;0;0;0;0;0;0;0;0;0;0;3636;0;0;95;0;160;0;
22529;8628792;1074008064;34873344;1162764288;0;0;0;0;0;0;0;0;0;0;0;3997;0;0;95;0;160;0;
22530;5746587;1074008064;34873344;1162764288;0;0;0;0;0;0;0;0;0;0;0;4308;0;0;95;0;160;0;
22531;6766550;1074008064;34873344;1162764288;0;0;0;0;0;0;0;0;0;0;0;3456;0;0;95;0;160;0;
22532;6115288;1074008064;34873344;1162764288;0;0;0;0;0;0;0;0;0;0;0;3637;0;0;95;0;160;0;
22533;6546768;1074008064;34873344;1162764288;0;0;0;0;0;0;0;0;0;0;0;4038;0;0;95;0;160;0;
22534;4719301;1074008064;34873344;1162764288;0;0;0;0;0;0;0;0;0;0;0;3206;0;0;95;0;160;0;
22535;6048313;1074008064;34873344;1162764288;0;0;0;0;0;0;0;0;0;0;0;2695;0;0;95;0;160;0;
22536;5112528;1074008064;34873344;1162764288;0;0;0;0;0;0;0;0;0;0;0;3277;0;0;95;0;160;0;
22537;6255100;1074008064;34873344;1162764288;0;0;0;0;0;0;0;0;0;0;0;3347;0;0;95;0;160;0;
22538;5513851;1074008064;34873344;1162764288;0;0;0;0;0;0;0;0;0;0;0;3266;0;0;95;0;160;0;
22539;5502149;1074008064;34873344;1162764288;0;0;0;0;0;0;0;0;0;0;0;3076;0;0;95;0;160;0;
22540;5331048;1074008064;34873344;1162764288;0;0;0;0;0;0;0;0;0;0;0;3447;0;0;95;0;160;0;
22541;4885663;1074008064;34873344;1162764288;0;0;0;0;0;0;0;0;0;0;0;2484;0;0;95;0;160;0;
22542;5378246;1074008064;34873344;1162764288;0;0;0;0;0;0;0;0;0;0;0;2975;0;0;95;0;160;0;
22543;5867293;1074008064;34873344;1162764288;0;0;0;0;0;0;0;0;0;0;0;2495;0;0;95;0;160;0;
22544;4254289;1074008064;34873344;1162764288;0;0;0;0;0;0;0;0;0;0;0;3186;0;0;95;0;160;0;
22545;5366504;1074008064;34873344;1162764288;0;0;0;0;0;0;0;0;0;0;0;2505;0;0;95;0;160;0;
22546;3892119;1074008064;34873344;1162764288;0;0;0;0;0;0;0;0;0;0;0;3497;0;0;95;0;160;0;
22547;5719266;1074008064;34873344;1162764288;0;0;0;0;0;0;0;0;0;0;0;2735;0;0;95;0;160;0;
22548;4885081;1074008064;34873344;1162764288;0;0;0;0;0;0;0;0;0;0;0;3446;0;0;95;0;160;0;
22549;6254990;1074008064;34873344;1162764288;0;0;0;0;0;0;0;0;0;0;0;2324;0;0;95;0;160;0;
22550;3934649;1074008064;34873344;1162764288;0;0;0;0;0;0;0;0;0;0;0;3266;0;0;95;0;160;0;
22551;6175912;1074008064;34873344;1162764288;0;0;0;0;0;0;0;0;0;0;0;2705;0;0;95;0;160;0;
22552;4640353;1074008064;34873344;1162764288;0;0;0;0;0;0;0;0;0;0;0;4257;0;0;95;0;160;0;
22553;5765923;1074008064;34873344;1162764288;0;0;0;0;0;0;0;0;0;0;0;2675;0;0;95;0;160;0;
22554;5085547;1074008064;34873344;1162764288;0;0;0;0;0;0;0;0;0;0;0;3256;0;0;95;0;160;0;
22555;6745771;1074008064;34873344;1162764288;0;0;0;0;0;0;0;0;0;0;0;2205;0;0;95;0;160;0;
22556;4362952;1074008064;34873344;1162764288;0;0;0;0;0;0;0;0;0;0;0;3827;0;0;95;0;160;0;
22557;5258161;1074008064;34873344;1162764288;0;0;0;0;0;0;0;0;0;0;0;2765;0;0;95;0;160;0;
22558;5700882;1074008064;34873344;1162764288;0;0;0;0;0;0;0;0;0;0;0;3377;0;0;95;0;160;0;
22559;6242457;1074008064;34873344;1162764288;0;0;0;0;0;0;0;0;0;0;0;3416;0;0;95;0;160;0;
22560;3897870;1074008064;34873344;1162764288;0;0;0;0;0;0;0;0;0;0;0;3316;0;0;95;0;160;0;
22561;5502269;1074008064;34873344;1162764288;0;0;0;0;0;0;0;0;0;0;0;3196;0;0;95;0;160;0;
22562;4318048;1074008064;34873344;1162764288;0;0;0;0;0;0;0;0;0;0;0;3777;0;0;95;0;160;0;
22563;6921992;1074008064;34873344;1162764288;0;0;0;0;0;0;0;0;0;0;0;2545;0;0;95;0;160;0;
22564;4859313;1074008064;34873344;1162764288;0;0;0;0;0;0;0;0;0;0;0;3206;0;0;95;0;160;0;
22565;5398895;1074008064;34873344;1162764288;0;0;0;0;0;0;0;0;0;0;0;67486;0;0;95;0;160;0;
22566;4486584;1074008064;34873344;1162764288;0;0;0;0;0;0;0;0;0;0;0;3006;0;0;95;0;160;0;
22567;5203279;1074008064;34873344;1162764288;0;0;0;0;0;0;0;0;0;0;0;2905;0;0;95;0;160;0;
22568;3722542;1074008064;34873344;1162764288;0;0;0;0;0;0;0;0;0;0;0;3476;0;0;95;0;160;0;
22569;6188796;1074008064;34873344;1162764288;0;0;0;0;0;0;0;0;0;0;0;2465;0;0;95;0;160;0;
22570;3122436;1074008064;34873344;1162764288;0;0;0;0;0;0;0;0;0;0;0;2876;0;0;95;0;160;0;
22571;6851840;1074008064;34873344;1162764288;0;0;0;0;0;0;0;0;0;0;0;2836;0;0;95;0;160;0;
22572;3554136;1074008064;34873344;1162764288;0;0;0;0;0;0;0;0;0;0;0;3577;0;0;95;0;160;0;
22573;5972762;1074008064;34873344;1162764288;0;0;0;0;0;0;0;0;0;0;0;2665;0;0;95;0;160;0;
22574;4422284;1074008064;34873344;1162764288;0;0;0;0;0;0;0;0;0;0;0;3456;0;0;95;0;160;0;
22575;5351596;1074008064;34873344;1162764288;0;0;0;0;0;0;0;0;0;0;0;1974;0;0;95;0;160;0;
22576;3320067;1074008064;34873344;1162764288;0;0;0;0;0;0;0;0;0;0;0;2875;0;0;95;0;160;0;
22577;6099679;1074008064;34873344;1162764288;0;0;0;0;0;0;0;0;0;0;0;2424;0;0;95;0;160;0;
22578;3534789;1074008064;34873344;1162764288;0;0;0;0;0;0;0;0;0;0;0;2986;0;0;95;0;160;0;
22579;4956305;1074008064;34873344;1162764288;0;0;0;0;0;0;0;0;0;0;0;2354;0;0;95;0;160;0;
22580;9589825;1074008064;34873344;1162764288;0;0;0;0;0;0;0;0;0;0;0;4118;0;0;95;0;160;0;
22581;6358876;1074008064;34873344;1162764288;0;0;0;0;0;0;0;0;0;0;0;4649;0;0;95;0;160;0;
22582;8814090;1074008064;34873344;1162764288;0;0;0;0;0;0;0;0;0;0;0;3697;0;0;95;0;160;0;
22583;9132286;1074008064;34873344;1162764288;0;0;0;0;0;0;0;0;0;0;0;3727;0;0;95;0;160;0;
22584;6376678;1074008064;34873344;1162764288;0;0;0;0;0;0;0;0;0;0;0;4679;0;0;95;0;160;0;
22585;7868065;1074008064;34873344;1162764288;0;0;0;0;0;0;0;0;0;0;0;4519;0;0;95;0;160;0;
22586;6051589;1074008064;34873344;1162764288;0;0;0;0;0;0;0;0;0;0;0;4458;0;0;95;0;160;0;
22587;8209355;1074008064;34873344;1162764288;0;0;0;0;0;0;0;0;0;0;0;4860;0;0;95;0;160;0;
22588;5335696;1074008064;34873344;1162764288;0;0;0;0;0;0;0;0;0;0;0;5601;0;0;95;0;160;0;
22589;7445002;1074008064;34873344;1162764288;0;0;0;0;0;0;0;0;0;0;0;4158;0;0;95;0;160;0;
22590;7738994;1074008064;34873344;1162764288;0;0;0;0;0;0;0;0;0;0;0;3236;0;0;95;0;160;0;
22591;6581763;1074008064;34873344;1162764288;0;0;0;0;0;0;0;0;0;0;0;2535;0;0;95;0;160;0;
22592;8749229;1074008064;34873344;1162764288;0;0;0;0;0;0;0;0;0;0;0;3767;0;0;95;0;160;0;
22593;8093619;1074008064;34873344;1162764288;0;0;0;0;0;0;0;0;0;0;0;4178;0;0;95;0;160;0;
22594;6220867;1074008064;34873344;1162764288;0;0;0;0;0;0;0;0;0;0;0;4298;0;0;95;0;160;0;
22595;7314568;1074008064;34873344;1162764288;0;0;0;0;0;0;0;0;0;0;0;4408;0;0;95;0;160;0;
22596;5796050;1074008064;34873344;1162764288;0;0;0;0;0;0;0;0;0;0;0;4378;0;0;95;0;160;0;
22597;7561340;1074008064;34873344;1162764288;0;0;0;0;0;0;0;0;0;0;0;3937;0;0;95;0;160;0;
22598;6777420;1074008064;34873344;1162764288;0;0;0;0;0;0;0;0;0;0;0;3537;0;0;95;0;160;0;
22599;6958360;1074008064;34873344;1162764288;0;0;0;0;0;0;0;0;0;0;0;3677;0;0;95;0;160;0;
22600;6796837;1074008064;34873344;1162764288;0;0;0;0;0;0;0;0;0;0;0;3597;0;0;95;0;160;0;
22601;7921245;1074008064;34873344;1162764288;0;0;0;0;0;0;0;0;0;0;0;3196;0;0;95;0;160;0;
22602;4296177;1074008064;34873344;1162764288;0;0;0;0;0;0;0;0;0;0;0;2885;0;0;95;0;160;0;
22603;7290482;1074008064;34873344;1162764288;0;0;0;0;0;0;0;0;0;0;0;3937;0;0;95;0;160;0;
22604;6143973;1074008064;34873344;1162764288;0;0;0;0;0;0;0;0;0;0;0;3055;0;0;95;0;160;0;
22605;9209902;1074008064;34873344;1162764288;0;0;0;0;0;0;0;0;0;0;0;4228;0;0;95;0;160;0;
22606;5307825;1074008064;34873344;1162764288;0;0;0;0;0;0;0;0;0;0;0;4839;0;0;95;0;160;0;
22607;12400576;1074008064;34873344;1162764288;0;0;0;0;0;0;0;0;0;0;0;6232;0;0;95;0;160;0;
22608;5944799;1074008064;34873344;1162764288;0;0;0;0;0;0;0;0;0;0;0;4719;0;0;95;0;160;0;
22609;7449240;1074008064;34873344;1162764288;0;0;0;0;0;0;0;0;0;0;0;3036;0;0;95;0;160;0;
22610;5548666;1074008064;34873344;1162764288;0;0;0;0;0;0;0;0;0;0;0;4538;0;0;95;0;160;0;
22611;7358931;1074008064;34873344;1162764288;0;0;0;0;0;0;0;0;0;0;0;3516;0;0;95;0;160;0;
22612;6927301;1074008064;34873344;1162764288;0;0;0;0;0;0;0;0;0;0;0;4939;0;0;95;0;160;0;
22613;8704164;1074008064;34873344;1162764288;0;0;0;0;0;0;0;0;0;0;0;4468;0;0;95;0;160;0;
22614;6250062;1074008064;34873344;1162764288;0;0;0;0;0;0;0;0;0;0;0;3797;0;0;95;0;160;0;
22615;6909278;1074008064;34873344;1162764288;0;0;0;0;0;0;0;0;0;0;0;4428;0;0;95;0;160;0;
22616;5304128;1074008064;34873344;1162764288;0;0;0;0;0;0;0;0;0;0;0;5130;0;0;95;0;160;0;
22617;8054074;1074008064;34873344;1162764288;0;0;0;0;0;0;0;0;0;0;0;5120;0;0;95;0;160;0;
22618;7120874;1074008064;34873344;1162764288;0;0;0;0;0;0;0;0;0;0;0;4829;0;0;95;0;160;0;
22619;7545280;1074008064;34873344;1162764288;0;0;0;0;0;0;0;0;0;0;0;4339;0;0;95;0;160;0;
22620;6238640;1074008064;34873344;1162764288;0;0;0;0;0;0;0;0;0;0;0;3837;0;0;95;0;160;0;
22621;7682347;1074008064;34873344;1162764288;0;0;0;0;0;0;0;0;0;0;0;2655;0;0;95;0;160;0;
22622;7486439;1074008064;34873344;1162764288;0;0;0;0;0;0;0;0;0;0;0;3436;0;0;95;0;160;0;
22623;8184218;1074008064;34877440;1162768384;0;0;0;0;0;0;0;0;0;0;0;3166;0;0;95;0;160;0;
22624;5841295;1074008064;34881536;1162772480;0;0;0;0;0;0;0;0;0;0;0;4078;0;0;95;0;160;0;
22625;6683905;1074008064;34881536;1162772480;0;0;0;0;0;0;0;0;0;0;0;3266;0;0;95;0;160;0;
22626;5798945;1074008064;34881536;1162772480;0;0;0;0;0;0;0;0;0;0;0;3116;0;0;95;0;160;0;
22627;6745681;1074008064;34881536;1162772480;0;0;0;0;0;0;0;0;0;0;0;4028;0;0;95;0;160;0;
22628;4652275;1074008064;34881536;1162772480;0;0;0;0;0;0;0;0;0;0;0;3697;0;0;95;0;160;0;
22629;6500721;1074008064;34881536;1162772480;0;0;0;0;0;0;0;0;0;0;0;2926;0;0;95;0;160;0;
22630;7187209;1074143232;34873344;1162764288;0;0;0;0;0;0;0;0;0;0;0;6322;0;0;95;0;160;0;
22631;5680443;1074143232;34873344;1162764288;0;0;0;0;0;0;0;0;0;0;0;2935;0;0;95;0;160;0;
22632;6970793;1074143232;34873344;1162764288;0;0;0;0;0;0;0;0;0;0;0;3717;0;0;95;0;160;0;
22633;5493132;1074143232;34873344;1162764288;0;0;0;0;0;0;0;0;0;0;0;3076;0;0;95;0;160;0;
22634;9329527;1074143232;34873344;1162764288;0;0;0;0;0;0;0;0;0;0;0;2976;0;0;95;0;160;0;
22635;6085964;1074143232;34873344;1162764288;0;0;0;0;0;0;0;0;0;0;0;3827;0;0;95;0;160;0;
22636;4890842;1074143232;34873344;1162764288;0;0;0;0;0;0;0;0;0;0;0;3477;0;0;95;0;160;0;
22637;7131474;1074143232;34873344;1162764288;0;0;0;0;0;0;0;0;0;0;0;3457;0;0;95;0;160;0;
22638;4107493;1074143232;34873344;1162764288;0;0;0;0;0;0;0;0;0;0;0;3617;0;0;95;0;160;0;
22639;7130132;1074143232;34873344;1162764288;0;0;0;0;0;0;0;0;0;0;0;3487;0;0;95;0;160;0;
22640;5497720;1074143232;34873344;1162764288;0;0;0;0;0;0;0;0;0;0;0;4538;0;0;95;0;160;0;
22641;7612246;1074143232;34873344;1162764288;0;0;0;0;0;0;0;0;0;0;0;3948;0;0;95;0;160;0;
22642;4162126;1074143232;34873344;1162764288;0;0;0;0;0;0;0;0;0;0;0;3035;0;0;95;0;160;0;
22643;6881144;1074143232;34873344;1162764288;0;0;0;0;0;0;0;0;0;0;0;5911;0;0;95;0;160;0;
22644;5280784;1074143232;34873344;1162764288;0;0;0;0;0;0;0;0;0;0;0;4018;0;0;95;0;160;0;
22645;7289931;1074143232;34873344;1162764288;0;0;0;0;0;0;0;0;0;0;0;4218;0;0;95;0;160;0;
22646;6423858;1074143232;34873344;1162764288;0;0;0;0;0;0;0;0;0;0;0;4398;0;0;95;0;160;0;
22647;7863718;1074143232;34873344;1162764288;0;0;0;0;0;0;0;0;0;0;0;3666;0;0;95;0;160;0;
22648;7053799;1074143232;34873344;1162764288;0;0;0;0;0;0;0;0;0;0;0;3617;0;0;95;0;160;0;
22649;6209906;1074143232;34873344;1162764288;0;0;0;0;0;0;0;0;0;0;0;3657;0;0;95;0;160;0;
22650;6131800;1074143232;34873344;1162764288;0;0;0;0;0;0;0;0;0;0;0;73778;0;0;95;0;160;0;
22651;6413457;1074143232;34873344;1162764288;0;0;0;0;0;0;0;0;0;0;0;4047;0;0;95;0;160;0;
22652;6860185;1074143232;34873344;1162764288;0;0;0;0;0;0;0;0;0;0;0;3166;0;0;95;0;160;0;
22653;5827950;1074143232;34873344;1162764288;0;0;0;0;0;0;0;0;0;0;0;3165;0;0;95;0;160;0;
22654;5775592;1074143232;34873344;1162764288;0;0;0;0;0;0;0;0;0;0;0;3507;0;0;95;0;160;0;
22655;7291173;1074143232;34873344;1162764288;0;0;0;0;0;0;0;0;0;0;0;4218;0;0;95;0;160;0;
22656;5665125;1074143232;34873344;1162764288;0;0;0;0;0;0;0;0;0;0;0;4288;0;0;95;0;160;0;
22657;8194618;1074143232;34873344;1162764288;0;0;0;0;0;0;0;0;0;0;0;4458;0;0;95;0;160;0;
22658;6469222;1074143232;34873344;1162764288;0;0;0;0;0;0;0;0;0;0;0;4017;0;0;95;0;160;0;
22659;6934986;1074143232;34873344;1162764288;0;0;0;0;0;0;0;0;0;0;0;3316;0;0;95;0;160;0;
22660;6608704;1074143232;34873344;1162764288;0;0;0;0;0;0;0;0;0;0;0;7263;0;0;95;0;160;0;
22661;5674262;1074143232;34873344;1162764288;0;0;0;0;0;0;0;0;0;0;0;2745;0;0;95;0;160;0;
22662;7260727;1074143232;34873344;1162764288;0;0;0;0;0;0;0;0;0;0;0;2555;0;0;95;0;160;0;
22663;6739930;1074143232;34873344;1162764288;0;0;0;0;0;0;0;0;0;0;0;3827;0;0;95;0;160;0;
22664;5119391;1074143232;34873344;1162764288;0;0;0;0;0;0;0;0;0;0;0;3918;0;0;95;0;160;0;
22665;6685297;1074143232;34873344;1162764288;0;0;0;0;0;0;0;0;0;0;0;2755;0;0;95;0;160;0;
22666;6776979;1074143232;34873344;1162764288;0;0;0;0;0;0;0;0;0;0;0;4058;0;0;95;0;160;0;
22667;8662315;1074143232;34873344;1162764288;0;0;0;0;0;0;0;0;0;0;0;4338;0;0;95;0;160;0;
22668;4857269;1074143232;34873344;1162764288;0;0;0;0;0;0;0;0;0;0;0;3656;0;0;95;0;160;0;
22669;9302025;1074143232;34873344;1162764288;0;0;0;0;0;0;0;0;0;0;0;4388;0;0;95;0;160;0;
22670;5828952;1074143232;34873344;1162764288;0;0;0;0;0;0;0;0;0;0;0;3687;0;0;95;0;160;0;
22671;9235079;1074143232;34873344;1162764288;0;0;0;0;0;0;0;0;0;0;0;4408;0;0;95;0;160;0;
22672;6155143;1074143232;34873344;1162764288;0;0;0;0;0;0;0;0;0;0;0;4028;0;0;95;0;160;0;
22673;7753872;1074143232;34873344;1162764288;0;0;0;0;0;0;0;0;0;0;0;4298;0;0;95;0;160;0;
22674;9722774;1074143232;34873344;1162764288;0;0;0;0;0;0;0;0;0;0;0;3647;0;0;95;0;160;0;
22675;6022976;1074143232;34873344;1162764288;0;0;0;0;0;0;0;0;0;0;0;3517;0;0;95;0;160;0;
22676;8553862;1074143232;34873344;1162764288;0;0;0;0;0;0;0;0;0;0;0;3697;0;0;95;0;160;0;
22677;7118079;1074143232;34873344;1162764288;0;0;0;0;0;0;0;0;0;0;0;3727;0;0;95;0;160;0;
22678;5846735;1074143232;34873344;1162764288;0;0;0;0;0;0;0;0;0;0;0;3988;0;0;95;0;160;0;
22679;8877067;1074143232;34873344;1162764288;0;0;0;0;0;0;0;0;0;0;0;3326;0;0;95;0;160;0;
22680;8393982;1074143232;34873344;1162764288;0;0;0;0;0;0;0;0;0;0;0;3597;0;0;95;0;160;0;
22681;8287663;1074143232;34873344;1162764288;0;0;0;0;0;0;0;0;0;0;0;3927;0;0;95;0;160;0;
22682;7097801;1074143232;34873344;1162764288;0;0;0;0;0;0;0;0;0;0;0;3397;0;0;95;0;160;0;
22683;7568855;1074143232;34873344;1162764288;0;0;0;0;0;0;0;0;0;0;0;3536;0;0;95;0;160;0;
22684;6139494;1074143232;34873344;1162764288;0;0;0;0;0;0;0;0;0;0;0;4178;0;0;95;0;160;0;
22685;6478089;1074143232;34873344;1162764288;0;0;0;0;0;0;0;0;0;0;0;3376;0;0;95;0;160;0;
22686;6188105;1074143232;34873344;1162764288;0;0;0;0;0;0;0;0;0;0;0;3757;0;0;95;0;160;0;
22687;6468540;1074143232;34873344;1162764288;0;0;0;0;0;0;0;0;0;0;0;3797;0;0;95;0;160;0;
22688;5755153;1074143232;34873344;1162764288;0;0;0;0;0;0;0;0;0;0;0;3857;0;0;95;0;160;0;
22689;6726875;1074143232;34873344;1162764288;0;0;0;0;0;0;0;0;0;0;0;2916;0;0;95;0;160;0;
22690;5543005;1074143232;34873344;1162764288;0;0;0;0;0;0;0;0;0;0;0;3367;0;0;95;0;160;0;
22691;6549372;1074143232;34873344;1162764288;0;0;0;0;0;0;0;0;0;0;0;4128;0;0;95;0;160;0;
22692;4172956;1074143232;34873344;1162764288;0;0;0;0;0;0;0;0;0;0;0;3266;0;0;95;0;160;0;
22693;6754447;1074143232;34873344;1162764288;0;0;0;0;0;0;0;0;0;0;0;3407;0;0;95;0;160;0;
22694;5485868;1074143232;34873344;1162764288;0;0;0;0;0;0;0;0;0;0;0;3196;0;0;95;0;160;0;
22695;6976454;1074143232;34873344;1162764288;0;0;0;0;0;0;0;0;0;0;0;3506;0;0;95;0;160;0;
22696;4249589;1074143232;34873344;1162764288;0;0;0;0;0;0;0;0;0;0;0;3066;0;0;95;0;160;0;
22697;4947098;1074143232;34873344;1162764288;0;0;0;0;0;0;0;0;0;0;0;2254;0;0;95;0;160;0;
22698;6931058;1074143232;34873344;1162764288;0;0;0;0;0;0;0;0;0;0;0;3968;0;0;95;0;160;0;
22699;7334585;1074143232;34877440;1162768384;0;0;0;0;0;0;0;0;0;0;0;4839;0;0;95;0;160;0;
22700;5461853;1074143232;34881536;1162772480;0;0;0;0;0;0;0;0;0;0;0;2775;0;0;95;0;160;0;
22701;6910951;1074143232;34881536;1162772480;0;0;0;0;0;0;0;0;0;0;0;2374;0;0;95;0;160;0;
22702;5196034;1074143232;34881536;1162772480;0;0;0;0;0;0;0;0;0;0;0;3928;0;0;95;0;160;0;
22703;7779810;1074143232;34881536;1162772480;0;0;0;0;0;0;0;0;0;0;0;3006;0;0;95;0;160;0;
22704;4861978;1074143232;34881536;1162772480;0;0;0;0;0;0;0;0;0;0;0;3987;0;0;95;0;160;0;
22705;6042452;1074143232;34881536;1162772480;0;0;0;0;0;0;0;0;0;0;0;3286;0;0;95;0;160;0;
22706;4321865;1074180096;34873344;1162764288;0;0;0;0;0;0;0;0;0;0;0;3998;0;0;95;0;160;0;
22707;6602312;1074180096;34873344;1162764288;0;0;0;0;0;0;0;0;0;0;0;2645;0;0;95;0;160;0;
22708;5112729;1074180096;34873344;1162764288;0;0;0;0;0;0;0;0;0;0;0;3396;0;0;95;0;160;0;
22709;6185340;1074180096;34873344;1162764288;0;0;0;0;0;0;0;0;0;0;0;3286;0;0;95;0;160;0;
22710;6218983;1074180096;34873344;1162764288;0;0;0;0;0;0;0;0;0;0;0;3507;0;0;95;0;160;0;
22711;6674728;1074180096;34873344;1162764288;0;0;0;0;0;0;0;0;0;0;0;2755;0;0;95;0;160;0;
22712;4105148;1074180096;34873344;1162764288;0;0;0;0;0;0;0;0;0;0;0;2494;0;0;95;0;160;0;
22713;5521666;1074180096;34873344;1162764288;0;0;0;0;0;0;0;0;0;0;0;2645;0;0;95;0;160;0;
22714;5256378;1074180096;34873344;1162764288;0;0;0;0;0;0;0;0;0;0;0;3687;0;0;95;0;160;0;
22715;5633505;1074180096;34873344;1162764288;0;0;0;0;0;0;0;0;0;0;0;2395;0;0;95;0;160;0;
22716;7139880;1074180096;34873344;1162764288;0;0;0;0;0;0;0;0;0;0;0;3126;0;0;95;0;160;0;
22717;5301823;1074180096;34873344;1162764288;0;0;0;0;0;0;0;0;0;0;0;2655;0;0;95;0;160;0;
22718;5468325;1074180096;34873344;1162764288;0;0;0;0;0;0;0;0;0;0;0;3336;0;0;95;0;160;0;
22719;6989087;1074180096;34873344;1162764288;0;0;0;0;0;0;0;0;0;0;0;2284;0;0;95;0;160;0;
22720;4392728;1074180096;34873344;1162764288;0;0;0;0;0;0;0;0;0;0;0;3136;0;0;95;0;160;0;
22721;5787664;1074180096;34873344;1162764288;0;0;0;0;0;0;0;0;0;0;0;2544;0;0;95;0;160;0;
22722;4505290;1074180096;34873344;1162764288;0;0;0;0;0;0;0;0;0;0;0;2555;0;0;95;0;160;0;
22723;6582164;1074180096;34873344;1162764288;0;0;0;0;0;0;0;0;0;0;0;2614;0;0;95;0;160;0;
22724;4489740;1074180096;34873344;1162764288;0;0;0;0;0;0;0;0;0;0;0;3276;0;0;95;0;160;0;
22725;5316651;1074180096;34873344;1162764288;0;0;0;0;0;0;0;0;0;0;0;2305;0;0;95;0;160;0;
22726;4983716;1074180096;34873344;1162764288;0;0;0;0;0;0;0;0;0;0;0;3086;0;0;95;0;160;0;
22727;6632428;1074180096;34873344;1162764288;0;0;0;0;0;0;0;0;0;0;0;2204;0;0;95;0;160;0;
22728;4466676;1074180096;34873344;1162764288;0;0;0;0;0;0;0;0;0;0;0;2585;0;0;95;0;160;0;
22729;6061989;1074180096;34873344;1162764288;0;0;0;0;0;0;0;0;0;0;0;2275;0;0;95;0;160;0;
22730;3591535;1074180096;34873344;1162764288;0;0;0;0;0;0;0;0;0;0;0;2515;0;0;95;0;160;0;
22731;6313160;1074180096;34873344;1162764288;0;0;0;0;0;0;0;0;0;0;0;1994;0;0;95;0;160;0;
22732;3659794;1074180096;34873344;1162764288;0;0;0;0;0;0;0;0;0;0;0;2595;0;0;95;0;160;0;
22733;5074546;1074180096;34873344;1162764288;0;0;0;0;0;0;0;0;0;0;0;2214;0;0;95;0;160;0;
22734;6629272;1074180096;34873344;1162764288;0;0;0;0;0;0;0;0;0;0;0;4107;0;0;95;0;160;0;
22735;5193860;1074180096;34873344;1162764288;0;0;0;0;0;0;0;0;0;0;0;2384;0;0;95;0;160;0;
22736;5749703;1074180096;34873344;1162764288;0;0;0;0;0;0;0;0;0;0;0;4268;0;0;95;0;160;0;
22737;6813438;1074180096;34873344;1162764288;0;0;0;0;0;0;0;0;0;0;0;2555;0;0;95;0;160;0;
22738;3643052;1074180096;34873344;1162764288;0;0;0;0;0;0;0;0;0;0;0;3316;0;0;95;0;160;0;
22739;5815526;1074180096;34873344;1162764288;0;0;0;0;0;0;0;0;0;0;0;2215;0;0;95;0;160;0;
22740;5440213;1074180096;34873344;1162764288;0;0;0;0;0;0;0;0;0;0;0;3597;0;0;95;0;160;0;
22741;6601971;1074180096;34873344;1162764288;0;0;0;0;0;0;0;0;0;0;0;3517;0;0;95;0;160;0;
22742;6180611;1074180096;34873344;1162764288;0;0;0;0;0;0;0;0;0;0;0;3346;0;0;95;0;160;0;
22743;6849926;1074180096;34873344;1162764288;0;0;0;0;0;0;0;0;0;0;0;2855;0;0;95;0;160;0;
22744;5443268;1074180096;34873344;1162764288;0;0;0;0;0;0;0;0;0;0;0;3416;0;0;95;0;160;0;
22745;7322002;1074180096;34873344;1162764288;0;0;0;0;0;0;0;0;0;0;0;3417;0;0;95;0;160;0;
22746;4701707;1074180096;34873344;1162764288;0;0;0;0;0;0;0;0;0;0;0;3497;0;0;95;0;160;0;
22747;6470605;1074180096;34873344;1162764288;0;0;0;0;0;0;0;0;0;0;0;2795;0;0;95;0;160;0;
22748;5427940;1074180096;34873344;1162764288;0;0;0;0;0;0;0;0;0;0;0;2905;0;0;95;0;160;0;
22749;6441461;1074180096;34873344;1162764288;0;0;0;0;0;0;0;0;0;0;0;4638;0;0;95;0;160;0;
22750;4544883;1074180096;34873344;1162764288;0;0;0;0;0;0;0;0;0;0;0;2896;0;0;95;0;160;0;
22751;5608779;1074180096;34873344;1162764288;0;0;0;0;0;0;0;0;0;0;0;2405;0;0;95;0;160;0;
22752;5443258;1074180096;34873344;1162764288;0;0;0;0;0;0;0;0;0;0;0;3427;0;0;95;0;160;0;
22753;5576247;1074180096;34873344;1162764288;0;0;0;0;0;0;0;0;0;0;0;3116;0;0;95;0;160;0;
22754;5219288;1074180096;34873344;1162764288;0;0;0;0;0;0;0;0;0;0;0;3146;0;0;95;0;160;0;
22755;5976719;1074180096;34873344;1162764288;0;0;0;0;0;0;0;0;0;0;0;2775;0;0;95;0;160;0;
22756;5154827;1074180096;34873344;1162764288;0;0;0;0;0;0;0;0;0;0;0;3857;0;0;95;0;160;0;
22757;8099881;1074180096;34873344;1162764288;0;0;0;0;0;0;0;0;0;0;0;3556;0;0;95;0;160;0;
22758;4839757;1074180096;34873344;1162764288;0;0;0;0;0;0;0;0;0;0;0;3236;0;0;95;0;160;0;
22759;6659079;1074180096;34873344;1162764288;0;0;0;0;0;0;0;0;0;0;0;3907;0;0;95;0;160;0;
22760;5269452;1074180096;34873344;1162764288;0;0;0;0;0;0;0;0;0;0;0;3146;0;0;95;0;160;0;
22761;7201726;1074180096;34873344;1162764288;0;0;0;0;0;0;0;0;0;0;0;3256;0;0;95;0;160;0;
22762;6052480;1074180096;34873344;1162764288;0;0;0;0;0;0;0;0;0;0;0;3607;0;0;95;0;160;0;
22763;6778182;1074180096;34873344;1162764288;0;0;0;0;0;0;0;0;0;0;0;3116;0;0;95;0;160;0;
22764;5615211;1074180096;34873344;1162764288;0;0;0;0;0;0;0;0;0;0;0;3236;0;0;95;0;160;0;
22765;12492468;1074180096;34873344;1162764288;0;0;0;0;0;0;0;0;0;0;0;3236;0;0;95;0;160;0;
22766;6510109;1074180096;34873344;1162764288;0;0;0;0;0;0;0;0;0;0;0;3827;0;0;95;0;160;0;
22767;6305675;1074180096;34873344;1162764288;0;0;0;0;0;0;0;0;0;0;0;3296;0;0;95;0;160;0;
22768;6192964;1074180096;34873344;1162764288;0;0;0;0;0;0;0;0;0;0;0;3847;0;0;95;0;160;0;
22769;6624443;1074180096;34873344;1162764288;0;0;0;0;0;0;0;0;0;0;0;2955;0;0;95;0;160;0;
22770;5784478;1074180096;34873344;1162764288;0;0;0;0;0;0;0;0;0;0;0;3497;0;0;95;0;160;0;
22771;7723554;1074180096;34873344;1162764288;0;0;0;0;0;0;0;0;0;0;0;3597;0;0;95;0;160;0;
22772;6954222;1074180096;34873344;1162764288;0;0;0;0;0;0;0;0;0;0;0;3777;0;0;95;0;160;0;
22773;5926404;1074180096;34873344;1162764288;0;0;0;0;0;0;0;0;0;0;0;2615;0;0;95;0;160;0;
22774;7139098;1074180096;34873344;1162764288;0;0;0;0;0;0;0;0;0;0;0;3737;0;0;95;0;160;0;
22775;6779845;1074180096;34873344;1162764288;0;0;0;0;0;0;0;0;0;0;0;3256;0;0;95;0;160;0;
22776;6830119;1074180096;34873344;1162764288;0;0;0;0;0;0;0;0;0;0;0;2966;0;0;95;0;160;0;
22777;9068918;1074180096;34873344;1162764288;0;0;0;0;0;0;0;0;0;0;0;3487;0;0;95;0;160;0;
22778;6045427;1074180096;34873344;1162764288;0;0;0;0;0;0;0;0;0;0;0;4247;0;0;95;0;160;0;
22779;6787780;1074180096;34873344;1162764288;0;0;0;0;0;0;0;0;0;0;0;5380;0;0;95;0;160;0;
22780;5213196;1074180096;34873344;1162764288;0;0;0;0;0;0;0;0;0;0;0;3917;0;0;95;0;160;0;
22781;8633912;1074180096;34873344;1162764288;0;0;0;0;0;0;0;0;0;0;0;4509;0;0;95;0;160;0;
22782;5380911;1074180096;34873344;1162764288;0;0;0;0;0;0;0;0;0;0;0;4368;0;0;95;0;160;0;
22783;7200123;1074180096;34873344;1162764288;0;0;0;0;0;0;0;0;0;0;0;3908;0;0;95;0;160;0;
22784;5697114;1074180096;34873344;1162764288;0;0;0;0;0;0;0;0;0;0;0;3667;0;0;95;0;160;0;
22785;7673040;1074180096;34873344;1162764288;0;0;0;0;0;0;0;0;0;0;0;3046;0;0;95;0;160;0;
22786;6910670;1074180096;34873344;1162764288;0;0;0;0;0;0;0;0;0;0;0;3908;0;0;95;0;160;0;
22787;5803874;1074180096;34873344;1162764288;0;0;0;0;0;0;0;0;0;0;0;2685;0;0;95;0;160;0;
22788;7307224;1074180096;34873344;1162764288;0;0;0;0;0;0;0;0;0;0;0;2665;0;0;95;0;160;0;
22789;9536134;1074180096;34873344;1162764288;0;0;0;0;0;0;0;0;0;0;0;9498;0;0;95;0;160;0;
22790;6081034;1074180096;34873344;1162764288;0;0;0;0;0;0;0;0;0;0;0;3496;0;0;95;0;160;0;
22791;7311492;1074180096;34873344;1162764288;0;0;0;0;0;0;0;0;0;0;0;3486;0;0;95;0;160;0;
22792;5807141;1074180096;34873344;1162764288;0;0;0;0;0;0;0;0;0;0;0;3857;0;0;95;0;160;0;
22793;7177922;1074180096;34873344;1162764288;0;0;0;0;0;0;0;0;0;0;0;2815;0;0;95;0;160;0;
22794;7160398;1074180096;34873344;1162764288;0;0;0;0;0;0;0;0;0;0;0;5260;0;0;95;0;160;0;
22795;9521196;1074180096;34873344;1162764288;0;0;0;0;0;0;0;0;0;0;0;4358;0;0;95;0;160;0;
22796;6321926;1074180096;34873344;1162764288;0;0;0;0;0;0;0;0;0;0;0;2735;0;0;95;0;160;0;
22797;8603745;1074180096;34873344;1162764288;0;0;0;0;0;0;0;0;0;0;0;3787;0;0;95;0;160;0;
22798;7933698;1074180096;34873344;1162764288;0;0;0;0;0;0;0;0;0;0;0;3937;0;0;95;0;160;0;
22799;7669743;1074180096;34873344;1162764288;0;0;0;0;0;0;0;0;0;0;0;4188;0;0;95;0;160;0;
22800;6808509;1074180096;34873344;1162764288;0;0;0;0;0;0;0;0;0;0;0;4138;0;0;95;0;160;0;
22801;8793320;1074180096;34873344;1162764288;0;0;0;0;0;0;0;0;0;0;0;5210;0;0;95;0;160;0;
22802;5436205;1074180096;34873344;1162764288;0;0;0;0;0;0;0;0;0;0;0;5110;0;0;95;0;160;0;
22803;8948321;1074180096;34873344;1162764288;0;0;0;0;0;0;0;0;0;0;0;3366;0;0;95;0;160;0;
22804;8409962;1074180096;34873344;1162764288;0;0;0;0;0;0;0;0;0;0;0;3907;0;0;95;0;160;0;
22805;8365849;1074180096;34873344;1162764288;0;0;0;0;0;0;0;0;0;0;0;3497;0;0;95;0;160;0;
22806;7784339;1074180096;34873344;1162764288;0;0;0;0;0;0;0;0;0;0;0;3687;0;0;95;0;160;0;
22807;8556016;1074180096;34873344;1162764288;0;0;0;0;0;0;0;0;0;0;0;3647;0;0;95;0;160;0;
22808;6177004;1074180096;34873344;1162764288;0;0;0;0;0;0;0;0;0;0;0;3717;0;0;95;0;160;0;
22809;7246039;1074180096;34873344;1162764288;0;0;0;0;0;0;0;0;0;0;0;3607;0;0;95;0;160;0;
22810;7491830;1074180096;34873344;1162764288;0;0;0;0;0;0;0;0;0;0;0;3276;0;0;95;0;160;0;
22811;7789418;1074180096;34873344;1162764288;0;0;0;0;0;0;0;0;0;0;0;3226;0;0;95;0;160;0;
22812;5200924;1074180096;34873344;1162764288;0;0;0;0;0;0;0;0;0;0;0;3607;0;0;95;0;160;0;
22813;7845624;1074180096;34873344;1162764288;0;0;0;0;0;0;0;0;0;0;0;3637;0;0;95;0;160;0;
22814;5081469;1074180096;34873344;1162764288;0;0;0;0;0;0;0;0;0;0;0;2985;0;0;95;0;160;0;
22815;9351397;1074180096;34873344;1162764288;0;0;0;0;0;0;0;0;0;0;0;3787;0;0;95;0;160;0;
22816;6223211;1074180096;34873344;1162764288;0;0;0;0;0;0;0;0;0;0;0;4679;0;0;95;0;160;0;
22817;8093218;1074180096;34873344;1162764288;0;0;0;0;0;0;0;0;0;0;0;3717;0;0;95;0;160;0;
22818;6943682;1074180096;34873344;1162764288;0;0;0;0;0;0;0;0;0;0;0;3066;0;0;95;0;160;0;
22819;7340466;1074180096;34873344;1162764288;0;0;0;0;0;0;0;0;0;0;0;3036;0;0;95;0;160;0;
22820;5442467;1074180096;34873344;1162764288;0;0;0;0;0;0;0;0;0;0;0;3186;0;0;95;0;160;0;
22821;8659941;1074180096;34873344;1162764288;0;0;0;0;0;0;0;0;0;0;0;4148;0;0;95;0;160;0;
22822;5471240;1074180096;34873344;1162764288;0;0;0;0;0;0;0;0;0;0;0;3426;0;0;95;0;160;0;
22823;7793646;1074180096;34873344;1162764288;0;0;0;0;0;0;0;0;0;0;0;4729;0;0;95;0;160;0;
22824;7740827;1074180096;34873344;1162764288;0;0;0;0;0;0;0;0;0;0;0;4408;0;0;95;0;160;0;
22825;9009967;1074180096;34873344;1162764288;0;0;0;0;0;0;0;0;0;0;0;3907;0;0;95;0;160;0;
22826;6552468;1074180096;34873344;1162764288;0;0;0;0;0;0;0;0;0;0;0;3286;0;0;95;0;160;0;
22827;7749263;1074180096;34873344;1162764288;0;0;0;0;0;0;0;0;0;0;0;2796;0;0;95;0;160;0;
22828;7114192;1074180096;34873344;1162764288;0;0;0;0;0;0;0;0;0;0;0;5480;0;0;95;0;160;0;
22829;7623346;1074180096;34873344;1162764288;0;0;0;0;0;0;0;0;0;0;0;3066;0;0;95;0;160;0;
22830;7185045;1074180096;34873344;1162764288;0;0;0;0;0;0;0;0;0;0;0;3858;0;0;95;0;160;0;
22831;10090393;1074180096;34873344;1162764288;0;0;0;0;0;0;0;0;0;0;0;4048;0;0;95;0;160;0;
22832;8083039;1074180096;34873344;1162764288;0;0;0;0;0;0;0;0;0;0;0;3366;0;0;95;0;160;0;
22833;6498197;1074180096;34873344;1162764288;0;0;0;0;0;0;0;0;0;0;0;2865;0;0;95;0;160;0;
22834;8754418;1074180096;34873344;1162764288;0;0;0;0;0;0;0;0;0;0;0;3948;0;0;95;0;160;0;
22835;6889811;1074180096;34873344;1162764288;0;0;0;0;0;0;0;0;0;0;0;3026;0;0;95;0;160;0;
22836;7180597;1074180096;34873344;1162764288;0;0;0;0;0;0;0;0;0;0;0;3597;0;0;95;0;160;0;
22837;7145180;1074180096;34873344;1162764288;0;0;0;0;0;0;0;0;0;0;0;3927;0;0;95;0;160;0;
22838;5776754;1074180096;34873344;1162764288;0;0;0;0;0;0;0;0;0;0;0;3737;0;0;95;0;160;0;
22839;7691234;1074180096;34873344;1162764288;0;0;0;0;0;0;0;0;0;0;0;4729;0;0;95;0;160;0;
22840;4841379;1074180096;34873344;1162764288;0;0;0;0;0;0;0;0;0;0;0;3166;0;0;95;0;160;0;
22841;8367413;1074180096;34873344;1162764288;0;0;0;0;0;0;0;0;0;0;0;3617;0;0;95;0;160;0;
22842;6030199;1074180096;34873344;1162764288;0;0;0;0;0;0;0;0;0;0;0;3256;0;0;95;0;160;0;
22843;8143172;1074180096;34873344;1162764288;0;0;0;0;0;0;0;0;0;0;0;3226;0;0;95;0;160;0;
22844;7316000;1074180096;34873344;1162764288;0;0;0;0;0;0;0;0;0;0;0;3126;0;0;95;0;160;0;
22845;8278736;1074180096;34873344;1162764288;0;0;0;0;0;0;0;0;0;0;0;2996;0;0;95;0;160;0;
22846;7343652;1074180096;34873344;1162764288;0;0;0;0;0;0;0;0;0;0;0;2655;0;0;95;0;160;0;
22847;6659178;1074180096;34873344;1162764288;0;0;0;0;0;0;0;0;0;0;0;2946;0;0;95;0;160;0;
22848;7895447;1074180096;34873344;1162764288;0;0;0;0;0;0;0;0;0;0;0;3356;0;0;95;0;160;0;
22849;7979926;1074180096;34873344;1162764288;0;0;0;0;0;0;0;0;0;0;0;4379;0;0;95;0;160;0;
22850;6178276;1074180096;34873344;1162764288;0;0;0;0;0;0;0;0;0;0;0;3967;0;0;95;0;160;0;
22851;8365308;1074180096;34873344;1162764288;0;0;0;0;0;0;0;0;0;0;0;3978;0;0;95;0;160;0;
22852;8274749;1074180096;34873344;1162764288;0;0;0;0;0;0;0;0;0;0;0;3707;0;0;95;0;160;0;
22853;8423848;1074180096;34873344;1162764288;0;0;0;0;0;0;0;0;0;0;0;3987;0;0;95;0;160;0;
22854;8474743;1074180096;34873344;1162764288;0;0;0;0;0;0;0;0;0;0;0;4258;0;0;95;0;160;0;
22855;6741884;1074180096;34873344;1162764288;0;0;0;0;0;0;0;0;0;0;0;3506;0;0;95;0;160;0;
22856;7240319;1074180096;34873344;1162764288;0;0;0;0;0;0;0;0;0;0;0;3737;0;0;95;0;160;0;
22857;6443744;1074180096;34873344;1162764288;0;0;0;0;0;0;0;0;0;0;0;2736;0;0;95;0;160;0;
22858;8853274;1074180096;34873344;1162764288;0;0;0;0;0;0;0;0;0;0;0;3286;0;0;95;0;160;0;
22859;7687166;1074180096;34873344;1162764288;0;0;0;0;0;0;0;0;0;0;0;4008;0;0;95;0;160;0;
22860;7203058;1074180096;34873344;1162764288;0;0;0;0;0;0;0;0;0;0;0;3136;0;0;95;0;160;0;
22861;7977862;1074180096;34873344;1162764288;0;0;0;0;0;0;0;0;0;0;0;2916;0;0;95;0;160;0;
22862;6649851;1074180096;34873344;1162764288;0;0;0;0;0;0;0;0;0;0;0;3587;0;0;95;0;160;0;
22863;9637905;1074180096;34873344;1162764288;0;0;0;0;0;0;0;0;0;0;0;3667;0;0;95;0;160;0;
22864;4503556;1074180096;34873344;1162764288;0;0;0;0;0;0;0;0;0;0;0;2655;0;0;95;0;160;0;
22865;9105887;1074180096;34873344;1162764288;0;0;0;0;0;0;0;0;0;0;0;3496;0;0;95;0;160;0;
22866;6988726;1074180096;34873344;1162764288;0;0;0;0;0;0;0;0;0;0;0;3777;0;0;95;0;160;0;
22867;7436717;1074180096;34873344;1162764288;0;0;0;0;0;0;0;0;0;0;0;3346;0;0;95;0;160;0;
22868;6767021;1074180096;34873344;1162764288;0;0;0;0;0;0;0;0;0;0;0;3056;0;0;95;0;160;0;
22869;8208394;1074180096;34873344;1162764288;0;0;0;0;0;0;0;0;0;0;0;3166;0;0;95;0;160;0;
22870;6196010;1074180096;34873344;1162764288;0;0;0;0;0;0;0;0;0;0;0;3376;0;0;95;0;160;0;
22871;6991822;1074180096;34873344;1162764288;0;0;0;0;0;0;0;0;0;0;0;3416;0;0;95;0;160;0;
22872;6958921;1074180096;34873344;1162764288;0;0;0;0;0;0;0;0;0;0;0;3877;0;0;95;0;160;0;
22873;8186723;1074180096;34873344;1162764288;0;0;0;0;0;0;0;0;0;0;0;3277;0;0;95;0;160;0;
22874;7518670;1074180096;34873344;1162764288;0;0;0;0;0;0;0;0;0;0;0;3076;0;0;95;0;160;0;
22875;7153586;1074180096;34873344;1162764288;0;0;0;0;0;0;0;0;0;0;0;3948;0;0;95;0;160;0;
22876;5931754;1074180096;34873344;1162764288;0;0;0;0;0;0;0;0;0;0;0;3617;0;0;95;0;160;0;
22877;8157148;1074180096;34873344;1162764288;0;0;0;0;0;0;0;0;0;0;0;3898;0;0;95;0;160;0;
22878;5252731;1074180096;34873344;1162764288;0;0;0;0;0;0;0;0;0;0;0;3186;0;0;95;0;160;0;
22879;7429163;1074180096;34873344;1162764288;0;0;0;0;0;0;0;0;0;0;0;4529;0;0;95;0;160;0;
22880;5889184;1074180096;34873344;1162764288;0;0;0;0;0;0;0;0;0;0;0;2885;0;0;95;0;160;0;
22881;8599848;1074180096;34873344;1162764288;0;0;0;0;0;0;0;0;0;0;0;3647;0;0;95;0;160;0;
22882;7160970;1074180096;34873344;1162764288;0;0;0;0;0;0;0;0;0;0;0;2715;0;0;95;0;160;0;
22883;6514708;1074180096;34873344;1162764288;0;0;0;0;0;0;0;0;0;0;0;4218;0;0;95;0;160;0;
22884;6236666;1074180096;34873344;1162764288;0;0;0;0;0;0;0;0;0;0;0;3426;0;0;95;0;160;0;
22885;7049370;1074180096;34873344;1162764288;0;0;0;0;0;0;0;0;0;0;0;2736;0;0;95;0;160;0;
22886;7401731;1074180096;34873344;1162764288;0;0;0;0;0;0;0;0;0;0;0;2896;0;0;95;0;160;0;
22887;6646555;1074180096;34873344;1162764288;0;0;0;0;0;0;0;0;0;0;0;3006;0;0;95;0;160;0;
22888;6845828;1074180096;34873344;1162764288;0;0;0;0;0;0;0;0;0;0;0;3577;0;0;95;0;160;0;
22889;7480790;1074180096;34873344;1162764288;0;0;0;0;0;0;0;0;0;0;0;4258;0;0;95;0;160;0;
22890;5001970;1074180096;34873344;1162764288;0;0;0;0;0;0;0;0;0;0;0;3878;0;0;95;0;160;0;
22891;8741875;1074180096;34873344;1162764288;0;0;0;0;0;0;0;0;0;0;0;3396;0;0;95;0;160;0;
22892;6076395;1074180096;34873344;1162764288;0;0;0;0;0;0;0;0;0;0;0;2595;0;0;95;0;160;0;
22893;6867479;1074180096;34873344;1162764288;0;0;0;0;0;0;0;0;0;0;0;4078;0;0;95;0;160;0;
22894;4237828;1074180096;34873344;1162764288;0;0;0;0;0;0;0;0;0;0;0;3556;0;0;95;0;160;0;
22895;7976209;1074180096;34873344;1162764288;0;0;0;0;0;0;0;0;0;0;0;3216;0;0;95;0;160;0;
22896;7238816;1074180096;34873344;1162764288;0;0;0;0;0;0;0;0;0;0;0;3005;0;0;95;0;160;0;
22897;7849110;1074180096;34873344;1162764288;0;0;0;0;0;0;0;0;0;0;0;3767;0;0;95;0;160;0;
22898;6137180;1074180096;34873344;1162764288;0;0;0;0;0;0;0;0;0;0;0;3887;0;0;95;0;160;0;
22899;7174505;1074180096;34873344;1162764288;0;0;0;0;0;0;0;0;0;0;0;4138;0;0;95;0;160;0;
22900;8612312;1074180096;34873344;1162764288;0;0;0;0;0;0;0;0;0;0;0;3397;0;0;95;0;160;0;
22901;6931329;1074180096;34873344;1162764288;0;0;0;0;0;0;0;0;0;0;0;4018;0;0;95;0;160;0;
22902;4829067;1074180096;34873344;1162764288;0;0;0;0;0;0;0;0;0;0;0;2935;0;0;95;0;160;0;
22903;8680669;1074180096;34873344;1162764288;0;0;0;0;0;0;0;0;0;0;0;2044;0;0;95;0;160;0;
22904;4781808;1074180096;34873344;1162764288;0;0;0;0;0;0;0;0;0;0;0;3587;0;0;95;0;160;0;
22905;7349533;1074180096;34873344;1162764288;0;0;0;0;0;0;0;0;0;0;0;3286;0;0;95;0;160;0;
22906;7678480;1074180096;34873344;1162764288;0;0;0;0;0;0;0;0;0;0;0;4098;0;0;95;0;160;0;
22907;6413107;1074180096;34873344;1162764288;0;0;0;0;0;0;0;0;0;0;0;2846;0;0;95;0;160;0;
22908;5332591;1074180096;34873344;1162764288;0;0;0;0;0;0;0;0;0;0;0;3276;0;0;95;0;160;0;
22909;6963219;1074180096;34873344;1162764288;0;0;0;0;0;0;0;0;0;0;0;3427;0;0;95;0;160;0;
22910;4836720;1074180096;34873344;1162764288;0;0;0;0;0;0;0;0;0;0;0;3185;0;0;95;0;160;0;
22911;6143060;1074180096;34873344;1162764288;0;0;0;0;0;0;0;0;0;0;0;3307;0;0;95;0;160;0;
22912;5034091;1074180096;34873344;1162764288;0;0;0;0;0;0;0;0;0;0;0;2394;0;0;95;0;160;0;
22913;6453002;1074180096;34873344;1162764288;0;0;0;0;0;0;0;0;0;0;0;3226;0;0;95;0;160;0;
22914;4831221;1074180096;34873344;1162764288;0;0;0;0;0;0;0;0;0;0;0;3086;0;0;95;0;160;0;
22915;7021127;1074180096;34873344;1162764288;0;0;0;0;0;0;0;0;0;0;0;2975;0;0;95;0;160;0;
22916;4763463;1074180096;34873344;1162764288;0;0;0;0;0;0;0;0;0;0;0;2946;0;0;95;0;160;0;
22917;5822800;1074180096;34873344;1162764288;0;0;0;0;0;0;0;0;0;0;0;4057;0;0;95;0;160;0;
22918;5313524;1074180096;34873344;1162764288;0;0;0;0;0;0;0;0;0;0;0;3316;0;0;95;0;160;0;
22919;6327487;1074180096;34873344;1162764288;0;0;0;0;0;0;0;0;0;0;0;2955;0;0;95;0;160;0;
22920;6343216;1074180096;34873344;1162764288;0;0;0;0;0;0;0;0;0;0;0;2785;0;0;95;0;160;0;
22921;6995469;1074180096;34873344;1162764288;0;0;0;0;0;0;0;0;0;0;0;3487;0;0;95;0;160;0;
22922;5813322;1074180096;34873344;1162764288;0;0;0;0;0;0;0;0;0;0;0;2766;0;0;95;0;160;0;
22923;7639727;1074180096;34877440;1162768384;0;0;0;0;0;0;0;0;0;0;0;3377;0;0;95;0;160;0;
22924;5548495;1074180096;34881536;1162772480;0;0;0;0;0;0;0;0;0;0;0;2865;0;0;95;0;160;0;
22925;7146402;1074180096;34881536;1162772480;0;0;0;0;0;0;0;0;0;0;0;3596;0;0;95;0;160;0;
22926;5342759;1074180096;34881536;1162772480;0;0;0;0;0;0;0;0;0;0;0;3547;0;0;95;0;160;0;
22927;6961586;1074180096;34881536;1162772480;0;0;0;0;0;0;0;0;0;0;0;3076;0;0;95;0;160;0;
22928;4833926;1074180096;34881536;1162772480;0;0;0;0;0;0;0;0;0;0;0;3036;0;0;95;0;160;0;
22929;6229954;1074180096;34881536;1162772480;0;0;0;0;0;0;0;0;0;0;0;4007;0;0;95;0;160;0;
22930;5960608;1074278400;34873344;1162764288;0;0;0;0;0;0;0;0;0;0;0;2795;0;0;95;0;160;0;
22931;5995964;1074278400;34873344;1162764288;0;0;0;0;0;0;0;0;0;0;0;3747;0;0;95;0;160;0;
22932;5048438;1074278400;34873344;1162764288;0;0;0;0;0;0;0;0;0;0;0;3677;0;0;95;0;160;0;
22933;5893713;1074278400;34873344;1162764288;0;0;0;0;0;0;0;0;0;0;0;2805;0;0;95;0;160;0;
22934;6540075;1074278400;34873344;1162764288;0;0;0;0;0;0;0;0;0;0;0;3106;0;0;95;0;160;0;
22935;5887371;1074278400;34873344;1162764288;0;0;0;0;0;0;0;0;0;0;0;2515;0;0;95;0;160;0;
22936;6932982;1074278400;34873344;1162764288;0;0;0;0;0;0;0;0;0;0;0;3747;0;0;95;0;160;0;
22937;6710865;1074278400;34873344;1162764288;0;0;0;0;0;0;0;0;0;0;0;2094;0;0;95;0;160;0;
22938;6526290;1074278400;34873344;1162764288;0;0;0;0;0;0;0;0;0;0;0;3547;0;0;95;0;160;0;
22939;7184213;1074278400;34873344;1162764288;0;0;0;0;0;0;0;0;0;0;0;3005;0;0;95;0;160;0;
22940;4633349;1074278400;34873344;1162764288;0;0;0;0;0;0;0;0;0;0;0;2785;0;0;95;0;160;0;
22941;6704163;1074278400;34873344;1162764288;0;0;0;0;0;0;0;0;0;0;0;2745;0;0;95;0;160;0;
22942;5818492;1074278400;34873344;1162764288;0;0;0;0;0;0;0;0;0;0;0;2765;0;0;95;0;160;0;
22943;6081485;1074278400;34873344;1162764288;0;0;0;0;0;0;0;0;0;0;0;3376;0;0;95;0;160;0;
22944;6170502;1074278400;34873344;1162764288;0;0;0;0;0;0;0;0;0;0;0;3857;0;0;95;0;160;0;
22945;6318400;1074278400;34873344;1162764288;0;0;0;0;0;0;0;0;0;0;0;3206;0;0;95;0;160;0;
22946;6497104;1074278400;34873344;1162764288;0;0;0;0;0;0;0;0;0;0;0;2374;0;0;95;0;160;0;
22947;7124180;1074278400;34873344;1162764288;0;0;0;0;0;0;0;0;0;0;0;2945;0;0;95;0;160;0;
22948;4267423;1074278400;34873344;1162764288;0;0;0;0;0;0;0;0;0;0;0;3186;0;0;95;0;160;0;
22949;6937651;1074278400;34873344;1162764288;0;0;0;0;0;0;0;0;0;0;0;3035;0;0;95;0;160;0;
22950;4667584;1074278400;34873344;1162764288;0;0;0;0;0;0;0;0;0;0;0;2554;0;0;95;0;160;0;
22951;6483890;1074278400;34873344;1162764288;0;0;0;0;0;0;0;0;0;0;0;3687;0;0;95;0;160;0;
22952;4800713;1074278400;34873344;1162764288;0;0;0;0;0;0;0;0;0;0;0;3807;0;0;95;0;160;0;
22953;5782504;1074278400;34873344;1162764288;0;0;0;0;0;0;0;0;0;0;0;2504;0;0;95;0;160;0;
22954;4817505;1074278400;34873344;1162764288;0;0;0;0;0;0;0;0;0;0;0;4057;0;0;95;0;160;0;
22955;6814700;1074278400;34873344;1162764288;0;0;0;0;0;0;0;0;0;0;0;2806;0;0;95;0;160;0;
22956;5567942;1074278400;34873344;1162764288;0;0;0;0;0;0;0;0;0;0;0;3487;0;0;95;0;160;0;
22957;6309322;1074278400;34873344;1162764288;0;0;0;0;0;0;0;0;0;0;0;3026;0;0;95;0;160;0;
22958;6598695;1074278400;34873344;1162764288;0;0;0;0;0;0;0;0;0;0;0;3937;0;0;95;0;160;0;
22959;6172817;1074278400;34873344;1162764288;0;0;0;0;0;0;0;0;0;0;0;2725;0;0;95;0;160;0;
22960;6074382;1074278400;34873344;1162764288;0;0;0;0;0;0;0;0;0;0;0;3066;0;0;95;0;160;0;
22961;8086876;1074278400;34873344;1162764288;0;0;0;0;0;0;0;0;0;0;0;3287;0;0;95;0;160;0;
22962;6047221;1074278400;34873344;1162764288;0;0;0;0;0;0;0;0;0;0;0;2685;0;0;95;0;160;0;
22963;8289436;1074278400;34873344;1162764288;0;0;0;0;0;0;0;0;0;0;0;3026;0;0;95;0;160;0;
22964;4921289;1074278400;34873344;1162764288;0;0;0;0;0;0;0;0;0;0;0;3636;0;0;95;0;160;0;
22965;8182155;1074278400;34873344;1162764288;0;0;0;0;0;0;0;0;0;0;0;3086;0;0;95;0;160;0;
22966;5943637;1074278400;34873344;1162764288;0;0;0;0;0;0;0;0;0;0;0;2915;0;0;95;0;160;0;
22967;7665716;1074278400;34873344;1162764288;0;0;0;0;0;0;0;0;0;0;0;3336;0;0;95;0;160;0;
22968;5457875;1074278400;34873344;1162764288;0;0;0;0;0;0;0;0;0;0;0;3076;0;0;95;0;160;0;
22969;6298252;1074278400;34873344;1162764288;0;0;0;0;0;0;0;0;0;0;0;3727;0;0;95;0;160;0;
22970;6879331;1074278400;34873344;1162764288;0;0;0;0;0;0;0;0;0;0;0;2886;0;0;95;0;160;0;
22971;6697550;1074278400;34873344;1162764288;0;0;0;0;0;0;0;0;0;0;0;2966;0;0;95;0;160;0;
22972;6344558;1074278400;34873344;1162764288;0;0;0;0;0;0;0;0;0;0;0;3817;0;0;95;0;160;0;
22973;8091044;1074278400;34873344;1162764288;0;0;0;0;0;0;0;0;0;0;0;3437;0;0;95;0;160;0;
22974;5807170;1074278400;34873344;1162764288;0;0;0;0;0;0;0;0;0;0;0;3106;0;0;95;0;160;0;
22975;7485288;1074278400;34873344;1162764288;0;0;0;0;0;0;0;0;0;0;0;3336;0;0;95;0;160;0;
22976;6055687;1074278400;34873344;1162764288;0;0;0;0;0;0;0;0;0;0;0;3837;0;0;95;0;160;0;
22977;7202127;1074278400;34873344;1162764288;0;0;0;0;0;0;0;0;0;0;0;3326;0;0;95;0;160;0;
22978;4317437;1074278400;34873344;1162764288;0;0;0;0;0;0;0;0;0;0;0;2925;0;0;95;0;160;0;
22979;5993871;1074278400;34873344;1162764288;0;0;0;0;0;0;0;0;0;0;0;3287;0;0;95;0;160;0;
22980;7101287;1074278400;34873344;1162764288;0;0;0;0;0;0;0;0;0;0;0;3717;0;0;95;0;160;0;
22981;5890687;1074278400;34873344;1162764288;0;0;0;0;0;0;0;0;0;0;0;2695;0;0;95;0;160;0;
22982;6081866;1074278400;34873344;1162764288;0;0;0;0;0;0;0;0;0;0;0;48340;0;0;95;0;160;0;
22983;7097000;1074278400;34873344;1162764288;0;0;0;0;0;0;0;0;0;0;0;3116;0;0;95;0;160;0;
22984;6081616;1074278400;34873344;1162764288;0;0;0;0;0;0;0;0;0;0;0;4027;0;0;95;0;160;0;
22985;7565719;1074278400;34873344;1162764288;0;0;0;0;0;0;0;0;0;0;0;2565;0;0;95;0;160;0;
22986;6096974;1074278400;34873344;1162764288;0;0;0;0;0;0;0;0;0;0;0;3467;0;0;95;0;160;0;
22987;7094845;1074278400;34873344;1162764288;0;0;0;0;0;0;0;0;0;0;0;2866;0;0;95;0;160;0;
22988;5516606;1074278400;34873344;1162764288;0;0;0;0;0;0;0;0;0;0;0;4168;0;0;95;0;160;0;
22989;6336974;1074278400;34873344;1162764288;0;0;0;0;0;0;0;0;0;0;0;2795;0;0;95;0;160;0;
22990;5262109;1074278400;34873344;1162764288;0;0;0;0;0;0;0;0;0;0;0;3737;0;0;95;0;160;0;
22991;8098307;1074278400;34873344;1162764288;0;0;0;0;0;0;0;0;0;0;0;4037;0;0;95;0;160;0;
22992;5075418;1074278400;34873344;1162764288;0;0;0;0;0;0;0;0;0;0;0;3266;0;0;95;0;160;0;
22993;7218187;1074278400;34873344;1162764288;0;0;0;0;0;0;0;0;0;0;0;3066;0;0;95;0;160;0;
22994;4130546;1074278400;34873344;1162764288;0;0;0;0;0;0;0;0;0;0;0;3807;0;0;95;0;160;0;
22995;6805433;1074278400;34873344;1162764288;0;0;0;0;0;0;0;0;0;0;0;4508;0;0;95;0;160;0;
22996;3625990;1074278400;34873344;1162764288;0;0;0;0;0;0;0;0;0;0;0;4087;0;0;95;0;160;0;
22997;8263087;1074278400;34873344;1162764288;0;0;0;0;0;0;0;0;0;0;0;4368;0;0;95;0;160;0;
22998;4840147;1074278400;34873344;1162764288;0;0;0;0;0;0;0;0;0;0;0;3898;0;0;95;0;160;0;
22999;6008699;1074278400;34873344;1162764288;0;0;0;0;0;0;0;0;0;0;0;10049;0;0;95;0;160;0;
23000;6403650;1074278400;34873344;1162764288;0;0;0;0;0;0;0;0;0;0;0;3788;0;0;95;0;160;0;
23001;7281044;1074278400;34873344;1162764288;0;0;0;0;0;0;0;0;0;0;0;4348;0;0;95;0;160;0;
23002;6214444;1074278400;34873344;1162764288;0;0;0;0;0;0;0;0;0;0;0;3016;0;0;95;0;160;0;
23003;6596942;1074278400;34877440;1162768384;0;0;0;0;0;0;0;0;0;0;0;3476;0;0;95;0;160;0;
23004;5809675;1074278400;34881536;1162772480;0;0;0;0;0;0;0;0;0;0;0;3587;0;0;95;0;160;0;
23005;8726465;1074278400;34881536;1162772480;0;0;0;0;0;0;0;0;0;0;0;3967;0;0;95;0;160;0;
23006;8661224;1074278400;34881536;1162772480;0;0;0;0;0;0;0;0;0;0;0;3437;0;0;95;0;160;0;
23007;6680429;1074278400;34881536;1162772480;0;0;0;0;0;0;0;0;0;0;0;4158;0;0;95;0;160;0;
23008;4691278;1074278400;34881536;1162772480;0;0;0;0;0;0;0;0;0;0;0;3085;0;0;95;0;160;0;
23009;7056173;1074278400;34881536;1162772480;0;0;0;0;0;0;0;0;0;0;0;5050;0;0;95;0;160;0;
23010;4852390;1074339840;34873344;1162764288;0;0;0;0;0;0;0;0;0;0;0;2865;0;0;95;0;160;0;
23011;5895657;1074339840;34873344;1162764288;0;0;0;0;0;0;0;0;0;0;0;2545;0;0;95;0;160;0;
23012;6247136;1074339840;34873344;1162764288;0;0;0;0;0;0;0;0;0;0;0;2565;0;0;95;0;160;0;
23013;6426792;1074339840;34873344;1162764288;0;0;0;0;0;0;0;0;0;0;0;2966;0;0;95;0;160;0;
23014;5991216;1074339840;34873344;1162764288;0;0;0;0;0;0;0;0;0;0;0;3596;0;0;95;0;160;0;
23015;6587824;1074339840;34873344;1162764288;0;0;0;0;0;0;0;0;0;0;0;3136;0;0;95;0;160;0;
23016;5339734;1074339840;34873344;1162764288;0;0;0;0;0;0;0;0;0;0;0;4679;0;0;95;0;160;0;
23017;6404371;1074339840;34873344;1162764288;0;0;0;0;0;0;0;0;0;0;0;3907;0;0;95;0;160;0;
23018;8004091;1074339840;34873344;1162764288;0;0;0;0;0;0;0;0;0;0;0;3516;0;0;95;0;160;0;
23019;6683524;1074339840;34873344;1162764288;0;0;0;0;0;0;0;0;0;0;0;3326;0;0;95;0;160;0;
23020;6877378;1074339840;34873344;1162764288;0;0;0;0;0;0;0;0;0;0;0;4138;0;0;95;0;160;0;
23021;6126810;1074339840;34873344;1162764288;0;0;0;0;0;0;0;0;0;0;0;3606;0;0;95;0;160;0;
23022;6637468;1074339840;34873344;1162764288;0;0;0;0;0;0;0;0;0;0;0;2856;0;0;95;0;160;0;
23023;5780321;1074339840;34873344;1162764288;0;0;0;0;0;0;0;0;0;0;0;3216;0;0;95;0;160;0;
23024;5683448;1074339840;34873344;1162764288;0;0;0;0;0;0;0;0;0;0;0;3346;0;0;95;0;160;0;
23025;6586823;1074339840;34873344;1162764288;0;0;0;0;0;0;0;0;0;0;0;3557;0;0;95;0;160;0;
23026;6700557;1074339840;34873344;1162764288;0;0;0;0;0;0;0;0;0;0;0;3457;0;0;95;0;160;0;
23027;6205688;1074339840;34873344;1162764288;0;0;0;0;0;0;0;0;0;0;0;2795;0;0;95;0;160;0;
23028;6511491;1074339840;34873344;1162764288;0;0;0;0;0;0;0;0;0;0;0;5410;0;0;95;0;160;0;
23029;6445578;1074339840;34873344;1162764288;0;0;0;0;0;0;0;0;0;0;0;4108;0;0;95;0;160;0;
23030;6633490;1074339840;34873344;1162764288;0;0;0;0;0;0;0;0;0;0;0;3988;0;0;95;0;160;0;
23031;5950129;1074339840;34873344;1162764288;0;0;0;0;0;0;0;0;0;0;0;2505;0;0;95;0;160;0;
23032;6769856;1074339840;34873344;1162764288;0;0;0;0;0;0;0;0;0;0;0;4639;0;0;95;0;160;0;
23033;7522097;1074339840;34873344;1162764288;0;0;0;0;0;0;0;0;0;0;0;3977;0;0;95;0;160;0;
23034;7064348;1074339840;34873344;1162764288;0;0;0;0;0;0;0;0;0;0;0;3447;0;0;95;0;160;0;
23035;6191271;1074339840;34873344;1162764288;0;0;0;0;0;0;0;0;0;0;0;3126;0;0;95;0;160;0;
23036;7626994;1074339840;34873344;1162764288;0;0;0;0;0;0;0;0;0;0;0;3537;0;0;95;0;160;0;
23037;6338558;1074339840;34873344;1162764288;0;0;0;0;0;0;0;0;0;0;0;2615;0;0;95;0;160;0;
23038;5573943;1074339840;34873344;1162764288;0;0;0;0;0;0;0;0;0;0;0;2855;0;0;95;0;160;0;
23039;5779839;1074339840;34873344;1162764288;0;0;0;0;0;0;0;0;0;0;0;2053;0;0;95;0;160;0;
23040;5867013;1074339840;34873344;1162764288;0;0;0;0;0;0;0;0;0;0;0;3938;0;0;95;0;160;0;
23041;4813236;1074339840;34873344;1162764288;0;0;0;0;0;0;0;0;0;0;0;2435;0;0;95;0;160;0;
23042;4945404;1074339840;34873344;1162764288;0;0;0;0;0;0;0;0;0;0;0;3337;0;0;95;0;160;0;
23043;6135175;1074339840;34873344;1162764288;0;0;0;0;0;0;0;0;0;0;0;2264;0;0;95;0;160;0;
23044;4450757;1074339840;34873344;1162764288;0;0;0;0;0;0;0;0;0;0;0;2295;0;0;95;0;160;0;
23045;6412085;1074339840;34873344;1162764288;0;0;0;0;0;0;0;0;0;0;0;2104;0;0;95;0;160;0;
23046;4756550;1074339840;34873344;1162764288;0;0;0;0;0;0;0;0;0;0;0;4028;0;0;95;0;160;0;
23047;5061232;1074339840;34873344;1162764288;0;0;0;0;0;0;0;0;0;0;0;2304;0;0;95;0;160;0;
23048;5517127;1074339840;34873344;1162764288;0;0;0;0;0;0;0;0;0;0;0;3737;0;0;95;0;160;0;
23049;6615126;1074339840;34873344;1162764288;0;0;0;0;0;0;0;0;0;0;0;4118;0;0;95;0;160;0;
23050;5230660;1074339840;34873344;1162764288;0;0;0;0;0;0;0;0;0;0;0;3487;0;0;95;0;160;0;
23051;7108652;1074339840;34873344;1162764288;0;0;0;0;0;0;0;0;0;0;0;2945;0;0;95;0;160;0;
23052;5845653;1074339840;34873344;1162764288;0;0;0;0;0;0;0;0;0;0;0;3076;0;0;95;0;160;0;
23053;6279727;1074339840;34873344;1162764288;0;0;0;0;0;0;0;0;0;0;0;3707;0;0;95;0;160;0;
23054;5105675;1074339840;34873344;1162764288;0;0;0;0;0;0;0;0;0;0;0;3998;0;0;95;0;160;0;
23055;7853949;1074339840;34873344;1162764288;0;0;0;0;0;0;0;0;0;0;0;4338;0;0;95;0;160;0;
23056;6858271;1074339840;34873344;1162764288;0;0;0;0;0;0;0;0;0;0;0;4468;0;0;95;0;160;0;
23057;7249305;1074339840;34873344;1162764288;0;0;0;0;0;0;0;0;0;0;0;2645;0;0;95;0;160;0;
23058;5540521;1074339840;34873344;1162764288;0;0;0;0;0;0;0;0;0;0;0;3196;0;0;95;0;160;0;
23059;5909613;1074339840;34873344;1162764288;0;0;0;0;0;0;0;0;0;0;0;2355;0;0;95;0;160;0;
23060;6871046;1074339840;34873344;1162764288;0;0;0;0;0;0;0;0;0;0;0;3798;0;0;95;0;160;0;
23061;6822174;1074339840;34873344;1162764288;0;0;0;0;0;0;0;0;0;0;0;2685;0;0;95;0;160;0;
23062;15068369;1074339840;34873344;1162764288;0;0;0;0;0;0;0;0;0;0;0;4388;0;0;95;0;160;0;
23063;7823222;1074339840;34873344;1162764288;0;0;0;0;0;0;0;0;0;0;0;3907;0;0;95;0;160;0;
23064;9645048;1074339840;34873344;1162764288;0;0;0;0;0;0;0;0;0;0;0;4148;0;0;95;0;160;0;
23065;6891434;1074339840;34873344;1162764288;0;0;0;0;0;0;0;0;0;0;0;3216;0;0;95;0;160;0;
23066;7523449;1074339840;34873344;1162764288;0;0;0;0;0;0;0;0;0;0;0;3036;0;0;95;0;160;0;
23067;7670766;1074339840;34873344;1162764288;0;0;0;0;0;0;0;0;0;0;0;4519;0;0;95;0;160;0;
23068;5407842;1074339840;34873344;1162764288;0;0;0;0;0;0;0;0;0;0;0;2805;0;0;95;0;160;0;
23069;8152889;1074339840;34873344;1162764288;0;0;0;0;0;0;0;0;0;0;0;3697;0;0;95;0;160;0;
23070;6069242;1074339840;34873344;1162764288;0;0;0;0;0;0;0;0;0;0;0;3186;0;0;95;0;160;0;
23071;7386833;1074339840;34873344;1162764288;0;0;0;0;0;0;0;0;0;0;0;3025;0;0;95;0;160;0;
23072;6625746;1074339840;34873344;1162764288;0;0;0;0;0;0;0;0;0;0;0;3897;0;0;95;0;160;0;
23073;9888785;1074339840;34873344;1162764288;0;0;0;0;0;0;0;0;0;0;0;3927;0;0;95;0;160;0;
23074;6271932;1074339840;34873344;1162764288;0;0;0;0;0;0;0;0;0;0;0;3937;0;0;95;0;160;0;
23075;8734691;1074339840;34873344;1162764288;0;0;0;0;0;0;0;0;0;0;0;3015;0;0;95;0;160;0;
23076;8067980;1074339840;34873344;1162764288;0;0;0;0;0;0;0;0;0;0;0;3136;0;0;95;0;160;0;
23077;6550685;1074339840;34873344;1162764288;0;0;0;0;0;0;0;0;0;0;0;3266;0;0;95;0;160;0;
23078;7314818;1074339840;34873344;1162764288;0;0;0;0;0;0;0;0;0;0;0;3697;0;0;95;0;160;0;
23079;6663477;1074339840;34873344;1162764288;0;0;0;0;0;0;0;0;0;0;0;19516;0;0;95;0;160;0;
23080;8593787;1074339840;34873344;1162764288;0;0;0;0;0;0;0;0;0;0;0;2996;0;0;95;0;160;0;
23081;6279246;1074339840;34873344;1162764288;0;0;0;0;0;0;0;0;0;0;0;2434;0;0;95;0;160;0;
23082;6057851;1074339840;34873344;1162764288;0;0;0;0;0;0;0;0;0;0;0;3797;0;0;95;0;160;0;
23083;8247127;1074339840;34873344;1162764288;0;0;0;0;0;0;0;0;0;0;0;3286;0;0;95;0;160;0;
23084;6139915;1074339840;34873344;1162764288;0;0;0;0;0;0;0;0;0;0;0;3487;0;0;95;0;160;0;
23085;9101709;1074339840;34873344;1162764288;0;0;0;0;0;0;0;0;0;0;0;9477;0;0;95;0;160;0;
23086;6238540;1074339840;34873344;1162764288;0;0;0;0;0;0;0;0;0;0;0;4308;0;0;95;0;160;0;
23087;9274583;1074339840;34873344;1162764288;0;0;0;0;0;0;0;0;0;0;0;3676;0;0;95;0;160;0;
23088;6206500;1074339840;34873344;1162764288;0;0;0;0;0;0;0;0;0;0;0;4278;0;0;95;0;160;0;
23089;9310962;1074339840;34873344;1162764288;0;0;0;0;0;0;0;0;0;0;0;4168;0;0;95;0;160;0;
23090;6445648;1074339840;34873344;1162764288;0;0;0;0;0;0;0;0;0;0;0;2765;0;0;95;0;160;0;
23091;7928208;1074339840;34873344;1162764288;0;0;0;0;0;0;0;0;0;0;0;2916;0;0;95;0;160;0;
23092;6358013;1074339840;34873344;1162764288;0;0;0;0;0;0;0;0;0;0;0;3937;0;0;95;0;160;0;
23093;6464183;1074339840;34873344;1162764288;0;0;0;0;0;0;0;0;0;0;0;2604;0;0;95;0;160;0;
23094;7595154;1074339840;34873344;1162764288;0;0;0;0;0;0;0;0;0;0;0;2845;0;0;95;0;160;0;
23095;6774816;1074339840;34873344;1162764288;0;0;0;0;0;0;0;0;0;0;0;3356;0;0;95;0;160;0;
23096;7816288;1074339840;34873344;1162764288;0;0;0;0;0;0;0;0;0;0;0;3838;0;0;95;0;160;0;
23097;8907434;1074339840;34873344;1162764288;0;0;0;0;0;0;0;0;0;0;0;3547;0;0;95;0;160;0;
23098;5792243;1074339840;34873344;1162764288;0;0;0;0;0;0;0;0;0;0;0;3787;0;0;95;0;160;0;
23099;7251028;1074339840;34873344;1162764288;0;0;0;0;0;0;0;0;0;0;0;2835;0;0;95;0;160;0;
23100;4882156;1074339840;34873344;1162764288;0;0;0;0;0;0;0;0;0;0;0;3957;0;0;95;0;160;0;
23101;8444286;1074339840;34873344;1162764288;0;0;0;0;0;0;0;0;0;0;0;4509;0;0;95;0;160;0;
23102;6780937;1074339840;34873344;1162764288;0;0;0;0;0;0;0;0;0;0;0;4508;0;0;95;0;160;0;
23103;7128449;1074339840;34873344;1162764288;0;0;0;0;0;0;0;0;0;0;0;3276;0;0;95;0;160;0;
23104;7827159;1074339840;34873344;1162764288;0;0;0;0;0;0;0;0;0;0;0;3216;0;0;95;0;160;0;
23105;5598139;1074339840;34873344;1162764288;0;0;0;0;0;0;0;0;0;0;0;2665;0;0;95;0;160;0;
23106;8180381;1074339840;34873344;1162764288;0;0;0;0;0;0;0;0;0;0;0;2995;0;0;95;0;160;0;
23107;7109062;1074339840;34873344;1162764288;0;0;0;0;0;0;0;0;0;0;0;3145;0;0;95;0;160;0;
23108;6740491;1074339840;34873344;1162764288;0;0;0;0;0;0;0;0;0;0;0;5019;0;0;95;0;160;0;
23109;7428932;1074339840;34873344;1162764288;0;0;0;0;0;0;0;0;0;0;0;104576;0;0;95;0;160;0;
23110;4902875;1074339840;34873344;1162764288;0;0;0;0;0;0;0;0;0;0;0;4328;0;0;95;0;160;0;
23111;7768959;1074339840;34873344;1162764288;0;0;0;0;0;0;0;0;0;0;0;4078;0;0;95;0;160;0;
23112;5305190;1074339840;34873344;1162764288;0;0;0;0;0;0;0;0;0;0;0;2916;0;0;95;0;160;0;
23113;5984173;1074339840;34873344;1162764288;0;0;0;0;0;0;0;0;0;0;0;2564;0;0;95;0;160;0;
23114;6197001;1074339840;34873344;1162764288;0;0;0;0;0;0;0;0;0;0;0;2715;0;0;95;0;160;0;
23115;5403894;1074339840;34873344;1162764288;0;0;0;0;0;0;0;0;0;0;0;2685;0;0;95;0;160;0;
23116;6776228;1074339840;34873344;1162764288;0;0;0;0;0;0;0;0;0;0;0;3837;0;0;95;0;160;0;
23117;7194493;1074339840;34873344;1162764288;0;0;0;0;0;0;0;0;0;0;0;2525;0;0;95;0;160;0;
23118;5767276;1074339840;34873344;1162764288;0;0;0;0;0;0;0;0;0;0;0;4147;0;0;95;0;160;0;
23119;5730537;1074339840;34873344;1162764288;0;0;0;0;0;0;0;0;0;0;0;2455;0;0;95;0;160;0;
23120;7733833;1074339840;34873344;1162764288;0;0;0;0;0;0;0;0;0;0;0;3326;0;0;95;0;160;0;
23121;6218281;1074339840;34873344;1162764288;0;0;0;0;0;0;0;0;0;0;0;3307;0;0;95;0;160;0;
23122;7316100;1074339840;34873344;1162764288;0;0;0;0;0;0;0;0;0;0;0;4017;0;0;95;0;160;0;
23123;5581507;1074339840;34873344;1162764288;0;0;0;0;0;0;0;0;0;0;0;2735;0;0;95;0;160;0;
23124;6260601;1074339840;34873344;1162764288;0;0;0;0;0;0;0;0;0;0;0;6702;0;0;95;0;160;0;
23125;6767622;1074339840;34873344;1162764288;0;0;0;0;0;0;0;0;0;0;0;2425;0;0;95;0;160;0;
23126;5863196;1074339840;34873344;1162764288;0;0;0;0;0;0;0;0;0;0;0;2745;0;0;95;0;160;0;
23127;7032659;1074339840;34873344;1162764288;0;0;0;0;0;0;0;0;0;0;0;3827;0;0;95;0;160;0;
23128;6936849;1074339840;34873344;1162764288;0;0;0;0;0;0;0;0;0;0;0;3095;0;0;95;0;160;0;
23129;5892301;1074339840;34873344;1162764288;0;0;0;0;0;0;0;0;0;0;0;2875;0;0;95;0;160;0;
23130;6516140;1074339840;34873344;1162764288;0;0;0;0;0;0;0;0;0;0;0;3637;0;0;95;0;160;0;
23131;5600033;1074339840;34873344;1162764288;0;0;0;0;0;0;0;0;0;0;0;4128;0;0;95;0;160;0;
23132;6371910;1074339840;34873344;1162764288;0;0;0;0;0;0;0;0;0;0;0;3206;0;0;95;0;160;0;
23133;6109117;1074339840;34873344;1162764288;0;0;0;0;0;0;0;0;0;0;0;3376;0;0;95;0;160;0;
23134;7459479;1074339840;34873344;1162764288;0;0;0;0;0;0;0;0;0;0;0;2635;0;0;95;0;160;0;
23135;7033491;1074339840;34873344;1162764288;0;0;0;0;0;0;0;0;0;0;0;3476;0;0;95;0;160;0;
23136;4926870;1074339840;34873344;1162764288;0;0;0;0;0;0;0;0;0;0;0;4078;0;0;95;0;160;0;
23137;6767071;1074339840;34873344;1162764288;0;0;0;0;0;0;0;0;0;0;0;3176;0;0;95;0;160;0;
23138;6573087;1074339840;34873344;1162764288;0;0;0;0;0;0;0;0;0;0;0;3145;0;0;95;0;160;0;
23139;7530322;1074339840;34873344;1162764288;0;0;0;0;0;0;0;0;0;0;0;2966;0;0;95;0;160;0;
23140;7108752;1074339840;34873344;1162764288;0;0;0;0;0;0;0;0;0;0;0;2755;0;0;95;0;160;0;
23141;8641345;1074339840;34873344;1162764288;0;0;0;0;0;0;0;0;0;0;0;3817;0;0;95;0;160;0;
23142;5482892;1074339840;34873344;1162764288;0;0;0;0;0;0;0;0;0;0;0;3987;0;0;95;0;160;0;
23143;7109413;1074339840;34873344;1162764288;0;0;0;0;0;0;0;0;0;0;0;3316;0;0;95;0;160;0;
23144;4960984;1074339840;34873344;1162764288;0;0;0;0;0;0;0;0;0;0;0;4078;0;0;95;0;160;0;
23145;8248709;1074339840;34873344;1162764288;0;0;0;0;0;0;0;0;0;0;0;4388;0;0;95;0;160;0;
23146;4804180;1074339840;34873344;1162764288;0;0;0;0;0;0;0;0;0;0;0;3707;0;0;95;0;160;0;
23147;7617927;1074339840;34873344;1162764288;0;0;0;0;0;0;0;0;0;0;0;2455;0;0;95;0;160;0;
23148;4536488;1074339840;34873344;1162764288;0;0;0;0;0;0;0;0;0;0;0;3546;0;0;95;0;160;0;
23149;6123414;1074339840;34873344;1162764288;0;0;0;0;0;0;0;0;0;0;0;2445;0;0;95;0;160;0;
23150;6026743;1074339840;34873344;1162764288;0;0;0;0;0;0;0;0;0;0;0;3637;0;0;95;0;160;0;
23151;6202462;1074339840;34873344;1162764288;0;0;0;0;0;0;0;0;0;0;0;2645;0;0;95;0;160;0;
23152;5964386;1074339840;34873344;1162764288;0;0;0;0;0;0;0;0;0;0;0;3417;0;0;95;0;160;0;
23153;7270054;1074339840;34873344;1162764288;0;0;0;0;0;0;0;0;0;0;0;3226;0;0;95;0;160;0;
23154;5032768;1074339840;34873344;1162764288;0;0;0;0;0;0;0;0;0;0;0;3386;0;0;95;0;160;0;
23155;6910980;1074339840;34873344;1162764288;0;0;0;0;0;0;0;0;0;0;0;2865;0;0;95;0;160;0;
23156;5160919;1074339840;34873344;1162764288;0;0;0;0;0;0;0;0;0;0;0;3236;0;0;95;0;160;0;
23157;6351923;1074339840;34873344;1162764288;0;0;0;0;0;0;0;0;0;0;0;3327;0;0;95;0;160;0;
23158;6361881;1074339840;34873344;1162764288;0;0;0;0;0;0;0;0;0;0;0;3487;0;0;95;0;160;0;
23159;5592638;1074339840;34873344;1162764288;0;0;0;0;0;0;0;0;0;0;0;3096;0;0;95;0;160;0;
23160;5254364;1074339840;34873344;1162764288;0;0;0;0;0;0;0;0;0;0;0;3466;0;0;95;0;160;0;
23161;7062034;1074339840;34873344;1162764288;0;0;0;0;0;0;0;0;0;0;0;2465;0;0;95;0;160;0;
23162;6731615;1074339840;34873344;1162764288;0;0;0;0;0;0;0;0;0;0;0;3898;0;0;95;0;160;0;
23163;7108301;1074339840;34873344;1162764288;0;0;0;0;0;0;0;0;0;0;0;2856;0;0;95;0;160;0;
23164;5135551;1074339840;34873344;1162764288;0;0;0;0;0;0;0;0;0;0;0;4448;0;0;95;0;160;0;
23165;6271812;1074339840;34873344;1162764288;0;0;0;0;0;0;0;0;0;0;0;2455;0;0;95;0;160;0;
23166;5714747;1074339840;34873344;1162764288;0;0;0;0;0;0;0;0;0;0;0;3256;0;0;95;0;160;0;
23167;6576363;1074339840;34873344;1162764288;0;0;0;0;0;0;0;0;0;0;0;3497;0;0;95;0;160;0;
23168;4858782;1074339840;34873344;1162764288;0;0;0;0;0;0;0;0;0;0;0;3567;0;0;95;0;160;0;
23169;8119046;1074339840;34873344;1162764288;0;0;0;0;0;0;0;0;0;0;0;3106;0;0;95;0;160;0;
23170;4782389;1074339840;34873344;1162764288;0;0;0;0;0;0;0;0;0;0;0;3376;0;0;95;0;160;0;
23171;7834944;1074339840;34873344;1162764288;0;0;0;0;0;0;0;0;0;0;0;3877;0;0;95;0;160;0;
23172;4704542;1074339840;34873344;1162764288;0;0;0;0;0;0;0;0;0;0;0;4168;0;0;95;0;160;0;
23173;6624884;1074339840;34873344;1162764288;0;0;0;0;0;0;0;0;0;0;0;4148;0;0;95;0;160;0;
23174;5515834;1074339840;34873344;1162764288;0;0;0;0;0;0;0;0;0;0;0;3636;0;0;95;0;160;0;
23175;8549062;1074339840;34873344;1162764288;0;0;0;0;0;0;0;0;0;0;0;4188;0;0;95;0;160;0;
23176;4345650;1074339840;34873344;1162764288;0;0;0;0;0;0;0;0;0;0;0;3617;0;0;95;0;160;0;
23177;7723123;1074339840;34873344;1162764288;0;0;0;0;0;0;0;0;0;0;0;3386;0;0;95;0;160;0;
23178;5285652;1074339840;34873344;1162764288;0;0;0;0;0;0;0;0;0;0;0;4709;0;0;95;0;160;0;
23179;7211675;1074339840;34873344;1162764288;0;0;0;0;0;0;0;0;0;0;0;3927;0;0;95;0;160;0;
23180;7238876;1074339840;34873344;1162764288;0;0;0;0;0;0;0;0;0;0;0;4789;0;0;95;0;160;0;
23181;6644310;1074339840;34873344;1162764288;0;0;0;0;0;0;0;0;0;0;0;3466;0;0;95;0;160;0;
23182;6307660;1074339840;34873344;1162764288;0;0;0;0;0;0;0;0;0;0;0;3346;0;0;95;0;160;0;
23183;7881721;1074339840;34873344;1162764288;0;0;0;0;0;0;0;0;0;0;0;4568;0;0;95;0;160;0;
23184;5709017;1074339840;34873344;1162764288;0;0;0;0;0;0;0;0;0;0;0;4258;0;0;95;0;160;0;
23185;7794197;1074339840;34873344;1162764288;0;0;0;0;0;0;0;0;0;0;0;4539;0;0;95;0;160;0;
23186;5686675;1074339840;34873344;1162764288;0;0;0;0;0;0;0;0;0;0;0;6702;0;0;95;0;160;0;
23187;7151712;1074339840;34873344;1162764288;0;0;0;0;0;0;0;0;0;0;0;3456;0;0;95;0;160;0;
23188;6318800;1074339840;34873344;1162764288;0;0;0;0;0;0;0;0;0;0;0;4038;0;0;95;0;160;0;
23189;6352464;1074339840;34873344;1162764288;0;0;0;0;0;0;0;0;0;0;0;3707;0;0;95;0;160;0;
23190;5824613;1074339840;34873344;1162764288;0;0;0;0;0;0;0;0;0;0;0;3507;0;0;95;0;160;0;
23191;7444070;1074339840;34873344;1162764288;0;0;0;0;0;0;0;0;0;0;0;4298;0;0;95;0;160;0;
23192;5356114;1074339840;34873344;1162764288;0;0;0;0;0;0;0;0;0;0;0;3667;0;0;95;0;160;0;
23193;7232715;1074339840;34873344;1162764288;0;0;0;0;0;0;0;0;0;0;0;4258;0;0;95;0;160;0;
23194;6403299;1074339840;34873344;1162764288;0;0;0;0;0;0;0;0;0;0;0;3337;0;0;95;0;160;0;
23195;7690883;1074339840;34873344;1162764288;0;0;0;0;0;0;0;0;0;0;0;3867;0;0;95;0;160;0;
23196;4188525;1074339840;34873344;1162764288;0;0;0;0;0;0;0;0;0;0;0;3196;0;0;95;0;160;0;
23197;9393867;1074339840;34873344;1162764288;0;0;0;0;0;0;0;0;0;0;0;3707;0;0;95;0;160;0;
23198;5489485;1074339840;34873344;1162764288;0;0;0;0;0;0;0;0;0;0;0;3637;0;0;95;0;160;0;
23199;8634824;1074339840;34873344;1162764288;0;0;0;0;0;0;0;0;0;0;0;3977;0;0;95;0;160;0;
23200;5598770;1074339840;34873344;1162764288;0;0;0;0;0;0;0;0;0;0;0;3717;0;0;95;0;160;0;
23201;7625301;1074339840;34873344;1162764288;0;0;0;0;0;0;0;0;0;0;0;4479;0;0;95;0;160;0;
23202;6351412;1074339840;34873344;1162764288;0;0;0;0;0;0;0;0;0;0;0;4208;0;0;95;0;160;0;
23203;8597183;1074339840;34873344;1162764288;0;0;0;0;0;0;0;0;0;0;0;3517;0;0;95;0;160;0;
23204;5912829;1074339840;34873344;1162764288;0;0;0;0;0;0;0;0;0;0;0;3486;0;0;95;0;160;0;
23205;7927407;1074339840;34873344;1162764288;0;0;0;0;0;0;0;0;0;0;0;4248;0;0;95;0;160;0;
23206;5706342;1074339840;34873344;1162764288;0;0;0;0;0;0;0;0;0;0;0;3637;0;0;95;0;160;0;
23207;9512880;1074339840;34873344;1162764288;0;0;0;0;0;0;0;0;0;0;0;3407;0;0;95;0;160;0;
23208;11004438;1074339840;34873344;1162764288;0;0;0;0;0;0;0;0;0;0;0;3226;0;0;95;0;160;0;
23209;6393180;1074339840;34873344;1162764288;0;0;0;0;0;0;0;0;0;0;0;2665;0;0;95;0;160;0;
23210;5893162;1074339840;34873344;1162764288;0;0;0;0;0;0;0;0;0;0;0;3326;0;0;95;0;160;0;
23211;6275498;1074339840;34873344;1162764288;0;0;0;0;0;0;0;0;0;0;0;2594;0;0;95;0;160;0;
23212;6543542;1074339840;34873344;1162764288;0;0;0;0;0;0;0;0;0;0;0;3818;0;0;95;0;160;0;
23213;7376724;1074339840;34873344;1162764288;0;0;0;0;0;0;0;0;0;0;0;3958;0;0;95;0;160;0;
23214;4885482;1074339840;34873344;1162764288;0;0;0;0;0;0;0;0;0;0;0;4689;0;0;95;0;160;0;
23215;7618998;1074339840;34873344;1162764288;0;0;0;0;0;0;0;0;0;0;0;3357;0;0;95;0;160;0;
23216;5428631;1074339840;34873344;1162764288;0;0;0;0;0;0;0;0;0;0;0;186309;0;0;95;0;160;0;
23217;7292947;1074339840;34873344;1162764288;0;0;0;0;0;0;0;0;0;0;0;3186;0;0;95;0;160;0;
23218;5868967;1074339840;34873344;1162764288;0;0;0;0;0;0;0;0;0;0;0;3787;0;0;95;0;160;0;
23219;6391587;1074339840;34873344;1162764288;0;0;0;0;0;0;0;0;0;0;0;2935;0;0;95;0;160;0;
23220;7525342;1074339840;34873344;1162764288;0;0;0;0;0;0;0;0;0;0;0;3767;0;0;95;0;160;0;
23221;6915980;1074339840;34873344;1162764288;0;0;0;0;0;0;0;0;0;0;0;3306;0;0;95;0;160;0;
23222;5288729;1074339840;34873344;1162764288;0;0;0;0;0;0;0;0;0;0;0;3317;0;0;95;0;160;0;
23223;6061418;1074339840;34873344;1162764288;0;0;0;0;0;0;0;0;0;0;0;3096;0;0;95;0;160;0;
23224;5347098;1074339840;34873344;1162764288;0;0;0;0;0;0;0;0;0;0;0;3016;0;0;95;0;160;0;
23225;6233841;1074339840;34873344;1162764288;0;0;0;0;0;0;0;0;0;0;0;3196;0;0;95;0;160;0;
23226;5497390;1074339840;34873344;1162764288;0;0;0;0;0;0;0;0;0;0;0;3847;0;0;95;0;160;0;
23227;7345495;1074339840;34873344;1162764288;0;0;0;0;0;0;0;0;0;0;0;3316;0;0;95;0;160;0;
23228;4480833;1074339840;34873344;1162764288;0;0;0;0;0;0;0;0;0;0;0;3947;0;0;95;0;160;0;
23229;7591367;1074339840;34877440;1162768384;0;0;0;0;0;0;0;0;0;0;0;3246;0;0;95;0;160;0;
23230;4143270;1074339840;34881536;1162772480;0;0;0;0;0;0;0;0;0;0;0;3286;0;0;95;0;160;0;
23231;7940692;1074339840;34881536;1162772480;0;0;0;0;0;0;0;0;0;0;0;4459;0;0;95;0;160;0;
23232;4054664;1074339840;34881536;1162772480;0;0;0;0;0;0;0;0;0;0;0;3236;0;0;95;0;160;0;
23233;6532972;1074339840;34881536;1162772480;0;0;0;0;0;0;0;0;0;0;0;2535;0;0;95;0;160;0;
23234;4362541;1074339840;34881536;1162772480;0;0;0;0;0;0;0;0;0;0;0;3556;0;0;95;0;160;0;
23235;6443794;1074339840;34881536;1162772480;0;0;0;0;0;0;0;0;0;0;0;4238;0;0;95;0;160;0;
23236;5060640;1074450432;34873344;1162764288;0;0;0;0;0;0;0;0;0;0;0;3546;0;0;95;0;160;0;
23237;7933558;1074450432;34873344;1162764288;0;0;0;0;0;0;0;0;0;0;0;4439;0;0;95;0;160;0;
23238;4234070;1074450432;34873344;1162764288;0;0;0;0;0;0;0;0;0;0;0;4438;0;0;95;0;160;0;
23239;7335016;1074450432;34873344;1162764288;0;0;0;0;0;0;0;0;0;0;0;3868;0;0;95;0;160;0;
23240;4457971;1074450432;34873344;1162764288;0;0;0;0;0;0;0;0;0;0;0;4098;0;0;95;0;160;0;
23241;8054024;1074450432;34873344;1162764288;0;0;0;0;0;0;0;0;0;0;0;3436;0;0;95;0;160;0;
23242;5516486;1074450432;34873344;1162764288;0;0;0;0;0;0;0;0;0;0;0;4429;0;0;95;0;160;0;
23243;6823687;1074450432;34873344;1162764288;0;0;0;0;0;0;0;0;0;0;0;4248;0;0;95;0;160;0;
23244;4472137;1074450432;34873344;1162764288;0;0;0;0;0;0;0;0;0;0;0;3787;0;0;95;0;160;0;
23245;7491970;1074450432;34873344;1162764288;0;0;0;0;0;0;0;0;0;0;0;4328;0;0;95;0;160;0;
23246;4372610;1074450432;34873344;1162764288;0;0;0;0;0;0;0;0;0;0;0;4127;0;0;95;0;160;0;
23247;7640549;1074450432;34873344;1162764288;0;0;0;0;0;0;0;0;0;0;0;4318;0;0;95;0;160;0;
23248;4505840;1074450432;34873344;1162764288;0;0;0;0;0;0;0;0;0;0;0;4438;0;0;95;0;160;0;
23249;7342520;1074450432;34873344;1162764288;0;0;0;0;0;0;0;0;0;0;0;3246;0;0;95;0;160;0;
23250;5612806;1074450432;34873344;1162764288;0;0;0;0;0;0;0;0;0;0;0;3657;0;0;95;0;160;0;
23251;7330868;1074450432;34873344;1162764288;0;0;0;0;0;0;0;0;0;0;0;3066;0;0;95;0;160;0;
23252;4479721;1074450432;34873344;1162764288;0;0;0;0;0;0;0;0;0;0;0;3417;0;0;95;0;160;0;
23253;7565348;1074450432;34873344;1162764288;0;0;0;0;0;0;0;0;0;0;0;4478;0;0;95;0;160;0;
23254;5098782;1074450432;34873344;1162764288;0;0;0;0;0;0;0;0;0;0;0;3406;0;0;95;0;160;0;
23255;6865485;1074450432;34873344;1162764288;0;0;0;0;0;0;0;0;0;0;0;2805;0;0;95;0;160;0;
23256;5964486;1074450432;34873344;1162764288;0;0;0;0;0;0;0;0;0;0;0;3466;0;0;95;0;160;0;
23257;6770968;1074450432;34873344;1162764288;0;0;0;0;0;0;0;0;0;0;0;2925;0;0;95;0;160;0;
23258;7091198;1074450432;34873344;1162764288;0;0;0;0;0;0;0;0;0;0;0;3967;0;0;95;0;160;0;
23259;7393846;1074450432;34873344;1162764288;0;0;0;0;0;0;0;0;0;0;0;3868;0;0;95;0;160;0;
23260;5789567;1074450432;34873344;1162764288;0;0;0;0;0;0;0;0;0;0;0;2756;0;0;95;0;160;0;
23261;7283149;1074450432;34873344;1162764288;0;0;0;0;0;0;0;0;0;0;0;4468;0;0;95;0;160;0;
23262;5582249;1074450432;34873344;1162764288;0;0;0;0;0;0;0;0;0;0;0;3086;0;0;95;0;160;0;
23263;6147449;1074450432;34873344;1162764288;0;0;0;0;0;0;0;0;0;0;0;3517;0;0;95;0;160;0;
23264;5103972;1074450432;34873344;1162764288;0;0;0;0;0;0;0;0;0;0;0;3807;0;0;95;0;160;0;
23265;7161471;1074450432;34873344;1162764288;0;0;0;0;0;0;0;0;0;0;0;4488;0;0;95;0;160;0;
23266;7122227;1074450432;34873344;1162764288;0;0;0;0;0;0;0;0;0;0;0;4819;0;0;95;0;160;0;
23267;7535451;1074450432;34873344;1162764288;0;0;0;0;0;0;0;0;0;0;0;3076;0;0;95;0;160;0;
23268;6814399;1074450432;34873344;1162764288;0;0;0;0;0;0;0;0;0;0;0;4408;0;0;95;0;160;0;
23269;6854645;1074450432;34873344;1162764288;0;0;0;0;0;0;0;0;0;0;0;4298;0;0;95;0;160;0;
23270;5839041;1074450432;34873344;1162764288;0;0;0;0;0;0;0;0;0;0;0;3597;0;0;95;0;160;0;
23271;6053282;1074450432;34873344;1162764288;0;0;0;0;0;0;0;0;0;0;0;2805;0;0;95;0;160;0;
23272;6198314;1074450432;34873344;1162764288;0;0;0;0;0;0;0;0;0;0;0;4178;0;0;95;0;160;0;
23273;6949022;1074450432;34873344;1162764288;0;0;0;0;0;0;0;0;0;0;0;3386;0;0;95;0;160;0;
23274;5038880;1074450432;34873344;1162764288;0;0;0;0;0;0;0;0;0;0;0;4097;0;0;95;0;160;0;
23275;7755534;1074450432;34873344;1162764288;0;0;0;0;0;0;0;0;0;0;0;4227;0;0;95;0;160;0;
23276;5303245;1074450432;34873344;1162764288;0;0;0;0;0;0;0;0;0;0;0;3326;0;0;95;0;160;0;
23277;7439943;1074450432;34873344;1162764288;0;0;0;0;0;0;0;0;0;0;0;4238;0;0;95;0;160;0;
23278;5386472;1074450432;34873344;1162764288;0;0;0;0;0;0;0;0;0;0;0;3917;0;0;95;0;160;0;
23279;7625992;1074450432;34873344;1162764288;0;0;0;0;0;0;0;0;0;0;0;3677;0;0;95;0;160;0;
23280;5667800;1074450432;34873344;1162764288;0;0;0;0;0;0;0;0;0;0;0;3276;0;0;95;0;160;0;
23281;6323769;1074450432;34873344;1162764288;0;0;0;0;0;0;0;0;0;0;0;2675;0;0;95;0;160;0;
23282;5262079;1074450432;34873344;1162764288;0;0;0;0;0;0;0;0;0;0;0;2896;0;0;95;0;160;0;
23283;7417691;1074450432;34873344;1162764288;0;0;0;0;0;0;0;0;0;0;0;2645;0;0;95;0;160;0;
23284;5957583;1074450432;34873344;1162764288;0;0;0;0;0;0;0;0;0;0;0;3457;0;0;95;0;160;0;
23285;7264403;1074450432;34873344;1162764288;0;0;0;0;0;0;0;0;0;0;0;3837;0;0;95;0;160;0;
23286;4017865;1074450432;34873344;1162764288;0;0;0;0;0;0;0;0;0;0;0;3977;0;0;95;0;160;0;
23287;8300206;1074450432;34873344;1162764288;0;0;0;0;0;0;0;0;0;0;0;4689;0;0;95;0;160;0;
23288;4884640;1074450432;34873344;1162764288;0;0;0;0;0;0;0;0;0;0;0;4489;0;0;95;0;160;0;
23289;7852637;1074450432;34873344;1162764288;0;0;0;0;0;0;0;0;0;0;0;4399;0;0;95;0;160;0;
23290;4596239;1074450432;34873344;1162764288;0;0;0;0;0;0;0;0;0;0;0;4348;0;0;95;0;160;0;
23291;6751893;1074450432;34873344;1162764288;0;0;0;0;0;0;0;0;0;0;0;4339;0;0;95;0;160;0;
23292;5964676;1074450432;34873344;1162764288;0;0;0;0;0;0;0;0;0;0;0;3888;0;0;95;0;160;0;
23293;5358980;1074450432;34873344;1162764288;0;0;0;0;0;0;0;0;0;0;0;2625;0;0;95;0;160;0;
23294;6585590;1074450432;34873344;1162764288;0;0;0;0;0;0;0;0;0;0;0;3397;0;0;95;0;160;0;
23295;6731635;1074450432;34873344;1162764288;0;0;0;0;0;0;0;0;0;0;0;2946;0;0;95;0;160;0;
23296;5769290;1074450432;34873344;1162764288;0;0;0;0;0;0;0;0;0;0;0;3927;0;0;95;0;160;0;
23297;7565529;1074450432;34873344;1162764288;0;0;0;0;0;0;0;0;0;0;0;4379;0;0;95;0;160;0;
23298;5866242;1074450432;34873344;1162764288;0;0;0;0;0;0;0;0;0;0;0;4288;0;0;95;0;160;0;
23299;6480414;1074450432;34873344;1162764288;0;0;0;0;0;0;0;0;0;0;0;2475;0;0;95;0;160;0;
23300;4506512;1074450432;34873344;1162764288;0;0;0;0;0;0;0;0;0;0;0;4448;0;0;95;0;160;0;
23301;8039497;1074450432;34873344;1162764288;0;0;0;0;0;0;0;0;0;0;0;3917;0;0;95;0;160;0;
23302;6019088;1074450432;34873344;1162764288;0;0;0;0;0;0;0;0;0;0;0;3948;0;0;95;0;160;0;
23303;8491014;1074450432;34873344;1162764288;0;0;0;0;0;0;0;0;0;0;0;3356;0;0;95;0;160;0;
23304;6952910;1074450432;34873344;1162764288;0;0;0;0;0;0;0;0;0;0;0;2445;0;0;95;0;160;0;
23305;6373262;1074450432;34873344;1162764288;0;0;0;0;0;0;0;0;0;0;0;3516;0;0;95;0;160;0;
23306;7963815;1074450432;34873344;1162764288;0;0;0;0;0;0;0;0;0;0;0;3567;0;0;95;0;160;0;
23307;8101023;1074450432;34873344;1162764288;0;0;0;0;0;0;0;0;0;0;0;3907;0;0;95;0;160;0;
23308;5759601;1074450432;34873344;1162764288;0;0;0;0;0;0;0;0;0;0;0;3115;0;0;95;0;160;0;
23309;6114687;1074450432;34873344;1162764288;0;0;0;0;0;0;0;0;0;0;0;2414;0;0;95;0;160;0;
23310;4985019;1074450432;34873344;1162764288;0;0;0;0;0;0;0;0;0;0;0;3577;0;0;95;0;160;0;
23311;5638093;1074450432;34873344;1162764288;0;0;0;0;0;0;0;0;0;0;0;2175;0;0;95;0;160;0;
23312;4537199;1074450432;34873344;1162764288;0;0;0;0;0;0;0;0;0;0;0;3377;0;0;95;0;160;0;
23313;6427224;1074450432;34873344;1162764288;0;0;0;0;0;0;0;0;0;0;0;3366;0;0;95;0;160;0;
23314;4194256;1074450432;34873344;1162764288;0;0;0;0;0;0;0;0;0;0;0;3476;0;0;95;0;160;0;
23315;5507799;1074450432;34873344;1162764288;0;0;0;0;0;0;0;0;0;0;0;2625;0;0;95;0;160;0;
23316;4353655;1074450432;34873344;1162764288;0;0;0;0;0;0;0;0;0;0;0;3316;0;0;95;0;160;0;
23317;5405377;1074450432;34873344;1162764288;0;0;0;0;0;0;0;0;0;0;0;2264;0;0;95;0;160;0;
23318;5627022;1074450432;34873344;1162764288;0;0;0;0;0;0;0;0;0;0;0;3297;0;0;95;0;160;0;
23319;6804461;1074450432;34873344;1162764288;0;0;0;0;0;0;0;0;0;0;0;3627;0;0;95;0;160;0;
23320;4974449;1074450432;34873344;1162764288;0;0;0;0;0;0;0;0;0;0;0;5110;0;0;95;0;160;0;
23321;6605197;1074450432;34873344;1162764288;0;0;0;0;0;0;0;0;0;0;0;3667;0;0;95;0;160;0;
23322;4029217;1074450432;34873344;1162764288;0;0;0;0;0;0;0;0;0;0;0;3757;0;0;95;0;160;0;
23323;5950479;1074450432;34873344;1162764288;0;0;0;0;0;0;0;0;0;0;0;3306;0;0;95;0;160;0;
23324;4602341;1074450432;34873344;1162764288;0;0;0;0;0;0;0;0;0;0;0;5791;0;0;95;0;160;0;
23325;7196466;1074450432;34873344;1162764288;0;0;0;0;0;0;0;0;0;0;0;3236;0;0;95;0;160;0;
23326;3900525;1074450432;34873344;1162764288;0;0;0;0;0;0;0;0;0;0;0;3867;0;0;95;0;160;0;
23327;7420717;1074450432;34873344;1162764288;0;0;0;0;0;0;0;0;0;0;0;3687;0;0;95;0;160;0;
23328;5657089;1074450432;34873344;1162764288;0;0;0;0;0;0;0;0;0;0;0;4318;0;0;95;0;160;0;
23329;8436562;1074450432;34873344;1162764288;0;0;0;0;0;0;0;0;0;0;0;4118;0;0;95;0;160;0;
23330;6622770;1074450432;34873344;1162764288;0;0;0;0;0;0;0;0;0;0;0;3657;0;0;95;0;160;0;
23331;6624484;1074450432;34873344;1162764288;0;0;0;0;0;0;0;0;0;0;0;2845;0;0;95;0;160;0;
23332;7584003;1074450432;34873344;1162764288;0;0;0;0;0;0;0;0;0;0;0;3868;0;0;95;0;160;0;
23333;6936268;1074450432;34873344;1162764288;0;0;0;0;0;0;0;0;0;0;0;3377;0;0;95;0;160;0;
23334;6432003;1074450432;34873344;1162764288;0;0;0;0;0;0;0;0;0;0;0;4328;0;0;95;0;160;0;
23335;5464077;1074450432;34873344;1162764288;0;0;0;0;0;0;0;0;0;0;0;3026;0;0;95;0;160;0;
23336;8153040;1074450432;34873344;1162764288;0;0;0;0;0;0;0;0;0;0;0;3486;0;0;95;0;160;0;
23337;6382951;1074450432;34873344;1162764288;0;0;0;0;0;0;0;0;0;0;0;3376;0;0;95;0;160;0;
23338;7390901;1074450432;34873344;1162764288;0;0;0;0;0;0;0;0;0;0;0;3326;0;0;95;0;160;0;
23339;6129846;1074450432;34873344;1162764288;0;0;0;0;0;0;0;0;0;0;0;3326;0;0;95;0;160;0;
23340;5041665;1074450432;34873344;1162764288;0;0;0;0;0;0;0;0;0;0;0;3677;0;0;95;0;160;0;
23341;6625977;1074450432;34873344;1162764288;0;0;0;0;0;0;0;0;0;0;0;3807;0;0;95;0;160;0;
23342;5432838;1074450432;34873344;1162764288;0;0;0;0;0;0;0;0;0;0;0;2846;0;0;95;0;160;0;
23343;7702465;1074450432;34873344;1162764288;0;0;0;0;0;0;0;0;0;0;0;3797;0;0;95;0;160;0;
23344;6152789;1074450432;34873344;1162764288;0;0;0;0;0;0;0;0;0;0;0;4087;0;0;95;0;160;0;
23345;8045659;1074450432;34873344;1162764288;0;0;0;0;0;0;0;0;0;0;0;4759;0;0;95;0;160;0;
23346;3493301;1074450432;34873344;1162764288;0;0;0;0;0;0;0;0;0;0;0;3046;0;0;95;0;160;0;
23347;8594999;1074450432;34873344;1162764288;0;0;0;0;0;0;0;0;0;0;0;4138;0;0;95;0;160;0;
23348;3840332;1074450432;34873344;1162764288;0;0;0;0;0;0;0;0;0;0;0;3055;0;0;95;0;160;0;
23349;6575592;1074450432;34873344;1162764288;0;0;0;0;0;0;0;0;0;0;0;2364;0;0;95;0;160;0;
23350;5670464;1074450432;34873344;1162764288;0;0;0;0;0;0;0;0;0;0;0;3046;0;0;95;0;160;0;
23351;5880318;1074450432;34873344;1162764288;0;0;0;0;0;0;0;0;0;0;0;2514;0;0;95;0;160;0;
23352;7363108;1074450432;34873344;1162764288;0;0;0;0;0;0;0;0;0;0;0;3076;0;0;95;0;160;0;
23353;5637112;1074450432;34873344;1162764288;0;0;0;0;0;0;0;0;0;0;0;3116;0;0;95;0;160;0;
23354;5453257;1074450432;34873344;1162764288;0;0;0;0;0;0;0;0;0;0;0;2965;0;0;95;0;160;0;
23355;6044796;1074450432;34873344;1162764288;0;0;0;0;0;0;0;0;0;0;0;2194;0;0;95;0;160;0;
23356;5736328;1074450432;34873344;1162764288;0;0;0;0;0;0;0;0;0;0;0;3997;0;0;95;0;160;0;
23357;6766890;1074450432;34873344;1162764288;0;0;0;0;0;0;0;0;0;0;0;3316;0;0;95;0;160;0;
23358;4372059;1074450432;34873344;1162764288;0;0;0;0;0;0;0;0;0;0;0;4098;0;0;95;0;160;0;
23359;7643635;1074450432;34873344;1162764288;0;0;0;0;0;0;0;0;0;0;0;4018;0;0;95;0;160;0;
23360;3974964;1074450432;34873344;1162764288;0;0;0;0;0;0;0;0;0;0;0;3376;0;0;95;0;160;0;
23361;7922648;1074450432;34873344;1162764288;0;0;0;0;0;0;0;0;0;0;0;3657;0;0;95;0;160;0;
23362;4240112;1074450432;34873344;1162764288;0;0;0;0;0;0;0;0;0;0;0;3767;0;0;95;0;160;0;
23363;8441370;1074450432;34873344;1162764288;0;0;0;0;0;0;0;0;0;0;0;3557;0;0;95;0;160;0;
23364;4380485;1074450432;34873344;1162764288;0;0;0;0;0;0;0;0;0;0;0;3586;0;0;95;0;160;0;
23365;6356380;1074450432;34873344;1162764288;0;0;0;0;0;0;0;0;0;0;0;3136;0;0;95;0;160;0;
23366;6368624;1074450432;34873344;1162764288;0;0;0;0;0;0;0;0;0;0;0;2525;0;0;95;0;160;0;
23367;6313440;1074450432;34873344;1162764288;0;0;0;0;0;0;0;0;0;0;0;3386;0;0;95;0;160;0;
23368;13222107;1074450432;34873344;1162764288;0;0;0;0;0;0;0;0;0;0;0;3777;0;0;95;0;160;0;
23369;8213594;1074450432;34873344;1162764288;0;0;0;0;0;0;0;0;0;0;0;3978;0;0;95;0;160;0;
23370;6664359;1074450432;34873344;1162764288;0;0;0;0;0;0;0;0;0;0;0;3838;0;0;95;0;160;0;
23371;6922282;1074450432;34873344;1162764288;0;0;0;0;0;0;0;0;0;0;0;3095;0;0;95;0;160;0;
23372;7255516;1074450432;34873344;1162764288;0;0;0;0;0;0;0;0;0;0;0;3777;0;0;95;0;160;0;
23373;6146046;1074450432;34873344;1162764288;0;0;0;0;0;0;0;0;0;0;0;2525;0;0;95;0;160;0;
23374;4508135;1074450432;34873344;1162764288;0;0;0;0;0;0;0;0;0;0;0;3427;0;0;95;0;160;0;
23375;5853398;1074450432;34873344;1162764288;0;0;0;0;0;0;0;0;0;0;0;2194;0;0;95;0;160;0;
23376;5643113;1074450432;34873344;1162764288;0;0;0;0;0;0;0;0;0;0;0;3837;0;0;95;0;160;0;
23377;6263506;1074450432;34873344;1162764288;0;0;0;0;0;0;0;0;0;0;0;2334;0;0;95;0;160;0;
23378;5033159;1074450432;34873344;1162764288;0;0;0;0;0;0;0;0;0;0;0;3988;0;0;95;0;160;0;
23379;6588065;1074450432;34873344;1162764288;0;0;0;0;0;0;0;0;0;0;0;3687;0;0;95;0;160;0;
23380;4571293;1074450432;34873344;1162764288;0;0;0;0;0;0;0;0;0;0;0;4208;0;0;95;0;160;0;
23381;5911437;1074450432;34873344;1162764288;0;0;0;0;0;0;0;0;0;0;0;48110;0;0;95;0;160;0;
23382;4906822;1074450432;34873344;1162764288;0;0;0;0;0;0;0;0;0;0;0;3717;0;0;95;0;160;0;
23383;6791397;1074450432;34873344;1162764288;0;0;0;0;0;0;0;0;0;0;0;3146;0;0;95;0;160;0;
23384;4804400;1074450432;34873344;1162764288;0;0;0;0;0;0;0;0;0;0;0;4669;0;0;95;0;160;0;
23385;6197272;1074450432;34873344;1162764288;0;0;0;0;0;0;0;0;0;0;0;3757;0;0;95;0;160;0;
23386;5132205;1074450432;34873344;1162764288;0;0;0;0;0;0;0;0;0;0;0;3426;0;0;95;0;160;0;
23387;7300020;1074450432;34873344;1162764288;0;0;0;0;0;0;0;0;0;0;0;3787;0;0;95;0;160;0;
23388;4885101;1074450432;34873344;1162764288;0;0;0;0;0;0;0;0;0;0;0;3787;0;0;95;0;160;0;
23389;8550846;1074450432;34873344;1162764288;0;0;0;0;0;0;0;0;0;0;0;3026;0;0;95;0;160;0;
23390;5993360;1074450432;34873344;1162764288;0;0;0;0;0;0;0;0;0;0;0;3918;0;0;95;0;160;0;
23391;7192779;1074450432;34873344;1162764288;0;0;0;0;0;0;0;0;0;0;0;3817;0;0;95;0;160;0;
23392;5501267;1074450432;34873344;1162764288;0;0;0;0;0;0;0;0;0;0;0;3657;0;0;95;0;160;0;
23393;7702645;1074450432;34873344;1162764288;0;0;0;0;0;0;0;0;0;0;0;3397;0;0;95;0;160;0;
23394;4490191;1074450432;34873344;1162764288;0;0;0;0;0;0;0;0;0;0;0;3386;0;0;95;0;160;0;
23395;7787765;1074450432;34873344;1162764288;0;0;0;0;0;0;0;0;0;0;0;2915;0;0;95;0;160;0;
23396;4242196;1074450432;34873344;1162764288;0;0;0;0;0;0;0;0;0;0;0;4389;0;0;95;0;160;0;
23397;7431557;1074450432;34873344;1162764288;0;0;0;0;0;0;0;0;0;0;0;3507;0;0;95;0;160;0;
23398;4963098;1074450432;34873344;1162764288;0;0;0;0;0;0;0;0;0;0;0;3677;0;0;95;0;160;0;
23399;6017235;1074450432;34873344;1162764288;0;0;0;0;0;0;0;0;0;0;0;3777;0;0;95;0;160;0;
23400;5104884;1074450432;34873344;1162764288;0;0;0;0;0;0;0;0;0;0;0;3577;0;0;95;0;160;0;
23401;7112790;1074450432;34873344;1162764288;0;0;0;0;0;0;0;0;0;0;0;3747;0;0;95;0;160;0;
23402;5568303;1074450432;34873344;1162764288;0;0;0;0;0;0;0;0;0;0;0;4338;0;0;95;0;160;0;
23403;8575352;1074450432;34873344;1162764288;0;0;0;0;0;0;0;0;0;0;0;3697;0;0;95;0;160;0;
23404;7520755;1074450432;34873344;1162764288;0;0;0;0;0;0;0;0;0;0;0;4048;0;0;95;0;160;0;
23405;6430870;1074450432;34873344;1162764288;0;0;0;0;0;0;0;0;0;0;0;2825;0;0;95;0;160;0;
23406;6416794;1074450432;34873344;1162764288;0;0;0;0;0;0;0;0;0;0;0;3707;0;0;95;0;160;0;
23407;6260761;1074450432;34873344;1162764288;0;0;0;0;0;0;0;0;0;0;0;2495;0;0;95;0;160;0;
23408;5707754;1074450432;34873344;1162764288;0;0;0;0;0;0;0;0;0;0;0;3416;0;0;95;0;160;0;
23409;6024619;1074450432;34873344;1162764288;0;0;0;0;0;0;0;0;0;0;0;3226;0;0;95;0;160;0;
23410;5298677;1074450432;34873344;1162764288;0;0;0;0;0;0;0;0;0;0;0;3256;0;0;95;0;160;0;
23411;7915274;1074450432;34873344;1162764288;0;0;0;0;0;0;0;0;0;0;0;3386;0;0;95;0;160;0;
23412;4516039;1074450432;34873344;1162764288;0;0;0;0;0;0;0;0;0;0;0;4940;0;0;95;0;160;0;
23413;7076371;1074450432;34873344;1162764288;0;0;0;0;0;0;0;0;0;0;0;4087;0;0;95;0;160;0;
23414;4365026;1074450432;34873344;1162764288;0;0;0;0;0;0;0;0;0;0;0;4559;0;0;95;0;160;0;
23415;7067674;1074450432;34873344;1162764288;0;0;0;0;0;0;0;0;0;0;0;3126;0;0;95;0;160;0;
23416;5477523;1074450432;34873344;1162764288;0;0;0;0;0;0;0;0;0;0;0;3787;0;0;95;0;160;0;
23417;6888619;1074450432;34873344;1162764288;0;0;0;0;0;0;0;0;0;0;0;3337;0;0;95;0;160;0;
23418;6481756;1074450432;34873344;1162764288;0;0;0;0;0;0;0;0;0;0;0;3557;0;0;95;0;160;0;
23419;7299619;1074450432;34873344;1162764288;0;0;0;0;0;0;0;0;0;0;0;2524;0;0;95;0;160;0;
23420;6203204;1074450432;34873344;1162764288;0;0;0;0;0;0;0;0;0;0;0;3657;0;0;95;0;160;0;
23421;6782831;1074450432;34873344;1162764288;0;0;0;0;0;0;0;0;0;0;0;3036;0;0;95;0;160;0;
23422;4828055;1074450432;34873344;1162764288;0;0;0;0;0;0;0;0;0;0;0;3046;0;0;95;0;160;0;
23423;5999040;1074450432;34873344;1162764288;0;0;0;0;0;0;0;0;0;0;0;2174;0;0;95;0;160;0;
23424;5552153;1074450432;34873344;1162764288;0;0;0;0;0;0;0;0;0;0;0;3917;0;0;95;0;160;0;
23425;6963479;1074450432;34873344;1162764288;0;0;0;0;0;0;0;0;0;0;0;3517;0;0;95;0;160;0;
23426;4939093;1074450432;34873344;1162764288;0;0;0;0;0;0;0;0;0;0;0;4167;0;0;95;0;160;0;
23427;7667079;1074450432;34873344;1162764288;0;0;0;0;0;0;0;0;0;0;0;3586;0;0;95;0;160;0;
23428;4173416;1074450432;34873344;1162764288;0;0;0;0;0;0;0;0;0;0;0;4248;0;0;95;0;160;0;
23429;7555480;1074450432;34873344;1162764288;0;0;0;0;0;0;0;0;0;0;0;3096;0;0;95;0;160;0;
23430;4151276;1074450432;34873344;1162764288;0;0;0;0;0;0;0;0;0;0;0;3417;0;0;95;0;160;0;
23431;7101718;1074450432;34873344;1162764288;0;0;0;0;0;0;0;0;0;0;0;3096;0;0;95;0;160;0;
23432;4563118;1074450432;34873344;1162764288;0;0;0;0;0;0;0;0;0;0;0;3246;0;0;95;0;160;0;
23433;8227930;1074450432;34873344;1162764288;0;0;0;0;0;0;0;0;0;0;0;4068;0;0;95;0;160;0;
23434;5130602;1074450432;34873344;1162764288;0;0;0;0;0;0;0;0;0;0;0;4207;0;0;95;0;160;0;
23435;7949959;1074450432;34873344;1162764288;0;0;0;0;0;0;0;0;0;0;0;3597;0;0;95;0;160;0;
23436;5698527;1074450432;34873344;1162764288;0;0;0;0;0;0;0;0;0;0;0;3487;0;0;95;0;160;0;
23437;7699169;1074450432;34873344;1162764288;0;0;0;0;0;0;0;0;0;0;0;3126;0;0;95;0;160;0;
23438;6566224;1074450432;34873344;1162764288;0;0;0;0;0;0;0;0;0;0;0;4258;0;0;95;0;160;0;
23439;7440744;1074450432;34873344;1162764288;0;0;0;0;0;0;0;0;0;0;0;3186;0;0;95;0;160;0;
23440;5164295;1074450432;34873344;1162764288;0;0;0;0;0;0;0;0;0;0;0;3476;0;0;95;0;160;0;
23441;7578854;1074450432;34873344;1162764288;0;0;0;0;0;0;0;0;0;0;0;5260;0;0;95;0;160;0;
23442;5623416;1074450432;34873344;1162764288;0;0;0;0;0;0;0;0;0;0;0;3686;0;0;95;0;160;0;
23443;8557759;1074450432;34873344;1162764288;0;0;0;0;0;0;0;0;0;0;0;4508;0;0;95;0;160;0;
23444;5148766;1074450432;34873344;1162764288;0;0;0;0;0;0;0;0;0;0;0;3287;0;0;95;0;160;0;
23445;9817983;1074450432;34873344;1162764288;0;0;0;0;0;0;0;0;0;0;0;3958;0;0;95;0;160;0;
23446;6967867;1074450432;34873344;1162764288;0;0;0;0;0;0;0;0;0;0;0;3807;0;0;95;0;160;0;
23447;6606429;1074450432;34873344;1162764288;0;0;0;0;0;0;0;0;0;0;0;3837;0;0;95;0;160;0;
23448;8116722;1074450432;34873344;1162764288;0;0;0;0;0;0;0;0;0;0;0;3126;0;0;95;0;160;0;
23449;7994222;1074450432;34873344;1162764288;0;0;0;0;0;0;0;0;0;0;0;3116;0;0;95;0;160;0;
23450;5045672;1074450432;34873344;1162764288;0;0;0;0;0;0;0;0;0;0;0;4689;0;0;95;0;160;0;
23451;6852120;1074450432;34873344;1162764288;0;0;0;0;0;0;0;0;0;0;0;3777;0;0;95;0;160;0;
23452;6345500;1074450432;34873344;1162764288;0;0;0;0;0;0;0;0;0;0;0;2465;0;0;95;0;160;0;
23453;7685243;1074450432;34873344;1162764288;0;0;0;0;0;0;0;0;0;0;0;3306;0;0;95;0;160;0;
23454;5196816;1074450432;34873344;1162764288;0;0;0;0;0;0;0;0;0;0;0;3727;0;0;95;0;160;0;
23455;5901748;1074450432;34873344;1162764288;0;0;0;0;0;0;0;0;0;0;0;4358;0;0;95;0;160;0;
23456;6817045;1074450432;34873344;1162764288;0;0;0;0;0;0;0;0;0;0;0;4017;0;0;95;0;160;0;
23457;6697490;1074450432;34873344;1162764288;0;0;0;0;0;0;0;0;0;0;0;11231;0;0;95;0;160;0;
23458;6925918;1074450432;34873344;1162764288;0;0;0;0;0;0;0;0;0;0;0;5250;0;0;95;0;160;0;
23459;7726050;1074450432;34873344;1162764288;0;0;0;0;0;0;0;0;0;0;0;3747;0;0;95;0;160;0;
23460;6349378;1074450432;34873344;1162764288;0;0;0;0;0;0;0;0;0;0;0;4127;0;0;95;0;160;0;
23461;7702235;1074450432;34873344;1162764288;0;0;0;0;0;0;0;0;0;0;0;3005;0;0;95;0;160;0;
23462;6967637;1074450432;34873344;1162764288;0;0;0;0;0;0;0;0;0;0;0;3767;0;0;95;0;160;0;
23463;6261002;1074450432;34873344;1162764288;0;0;0;0;0;0;0;0;0;0;0;3236;0;0;95;0;160;0;
23464;8244211;1074450432;34873344;1162764288;0;0;0;0;0;0;0;0;0;0;0;3166;0;0;95;0;160;0;
23465;5192648;1074450432;34873344;1162764288;0;0;0;0;0;0;0;0;0;0;0;2746;0;0;95;0;160;0;
23466;7083685;1074450432;34873344;1162764288;0;0;0;0;0;0;0;0;0;0;0;3587;0;0;95;0;160;0;
23467;7703777;1074450432;34873344;1162764288;0;0;0;0;0;0;0;0;0;0;0;2846;0;0;95;0;160;0;
23468;5445633;1074450432;34873344;1162764288;0;0;0;0;0;0;0;0;0;0;0;3576;0;0;95;0;160;0;
23469;7533769;1074450432;34873344;1162764288;0;0;0;0;0;0;0;0;0;0;0;3216;0;0;95;0;160;0;
23470;4374314;1074450432;34873344;1162764288;0;0;0;0;0;0;0;0;0;0;0;2955;0;0;95;0;160;0;
23471;6891815;1074450432;34873344;1162764288;0;0;0;0;0;0;0;0;0;0;0;3457;0;0;95;0;160;0;
23472;4755187;1074450432;34873344;1162764288;0;0;0;0;0;0;0;0;0;0;0;3897;0;0;95;0;160;0;
23473;6573829;1074450432;34873344;1162764288;0;0;0;0;0;0;0;0;0;0;0;3686;0;0;95;0;160;0;
23474;3857324;1074450432;34873344;1162764288;0;0;0;0;0;0;0;0;0;0;0;3737;0;0;95;0;160;0;
23475;7714287;1074450432;34873344;1162764288;0;0;0;0;0;0;0;0;0;0;0;2955;0;0;95;0;160;0;
23476;3899182;1074450432;34873344;1162764288;0;0;0;0;0;0;0;0;0;0;0;3186;0;0;95;0;160;0;
23477;7018953;1074450432;34873344;1162764288;0;0;0;0;0;0;0;0;0;0;0;5430;0;0;95;0;160;0;
23478;4503005;1074450432;34873344;1162764288;0;0;0;0;0;0;0;0;0;0;0;3296;0;0;95;0;160;0;
23479;6728839;1074450432;34873344;1162764288;0;0;0;0;0;0;0;0;0;0;0;4378;0;0;95;0;160;0;
23480;5041205;1074450432;34873344;1162764288;0;0;0;0;0;0;0;0;0;0;0;3737;0;0;95;0;160;0;
23481;6915960;1074450432;34873344;1162764288;0;0;0;0;0;0;0;0;0;0;0;3016;0;0;95;0;160;0;
23482;4413367;1074450432;34873344;1162764288;0;0;0;0;0;0;0;0;0;0;0;3106;0;0;95;0;160;0;
23483;7416028;1074450432;34873344;1162764288;0;0;0;0;0;0;0;0;0;0;0;3327;0;0;95;0;160;0;
23484;4503025;1074450432;34873344;1162764288;0;0;0;0;0;0;0;0;0;0;0;3757;0;0;95;0;160;0;
23485;7342770;1074450432;34873344;1162764288;0;0;0;0;0;0;0;0;0;0;0;3477;0;0;95;0;160;0;
23486;4224543;1074450432;34873344;1162764288;0;0;0;0;0;0;0;0;0;0;0;4168;0;0;95;0;160;0;
23487;7432118;1074450432;34873344;1162764288;0;0;0;0;0;0;0;0;0;0;0;2725;0;0;95;0;160;0;
23488;3827267;1074450432;34873344;1162764288;0;0;0;0;0;0;0;0;0;0;0;3055;0;0;95;0;160;0;
23489;7210783;1074450432;34873344;1162764288;0;0;0;0;0;0;0;0;0;0;0;3266;0;0;95;0;160;0;
23490;4595910;1074450432;34873344;1162764288;0;0;0;0;0;0;0;0;0;0;0;2905;0;0;95;0;160;0;
23491;7230450;1074450432;34873344;1162764288;0;0;0;0;0;0;0;0;0;0;0;3677;0;0;95;0;160;0;
23492;6289625;1074450432;34873344;1162764288;0;0;0;0;0;0;0;0;0;0;0;3156;0;0;95;0;160;0;
23493;5438018;1074450432;34873344;1162764288;0;0;0;0;0;0;0;0;0;0;0;2575;0;0;95;0;160;0;
23494;7103541;1074450432;34873344;1162764288;0;0;0;0;0;0;0;0;0;0;0;3887;0;0;95;0;160;0;
23495;6201780;1074450432;34873344;1162764288;0;0;0;0;0;0;0;0;0;0;0;2625;0;0;95;0;160;0;
23496;4833946;1074450432;34873344;1162764288;0;0;0;0;0;0;0;0;0;0;0;3266;0;0;95;0;160;0;
23497;6906071;1074450432;34873344;1162764288;0;0;0;0;0;0;0;0;0;0;0;3276;0;0;95;0;160;0;
23498;4034356;1074450432;34873344;1162764288;0;0;0;0;0;0;0;0;0;0;0;3587;0;0;95;0;160;0;
23499;6781879;1074450432;34873344;1162764288;0;0;0;0;0;0;0;0;0;0;0;2715;0;0;95;0;160;0;
23500;5673830;1074450432;34873344;1162764288;0;0;0;0;0;0;0;0;0;0;0;3256;0;0;95;0;160;0;
23501;6245383;1074450432;34873344;1162764288;0;0;0;0;0;0;0;0;0;0;0;2655;0;0;95;0;160;0;
23502;3800548;1074450432;34873344;1162764288;0;0;0;0;0;0;0;0;0;0;0;3336;0;0;95;0;160;0;
23503;6491404;1074450432;34873344;1162764288;0;0;0;0;0;0;0;0;0;0;0;2675;0;0;95;0;160;0;
23504;5737670;1074450432;34873344;1162764288;0;0;0;0;0;0;0;0;0;0;0;3046;0;0;95;0;160;0;
23505;6877488;1074450432;34873344;1162764288;0;0;0;0;0;0;0;0;0;0;0;3096;0;0;95;0;160;0;
23506;4253316;1074450432;34873344;1162764288;0;0;0;0;0;0;0;0;0;0;0;2765;0;0;95;0;160;0;
23507;5070019;1074450432;34873344;1162764288;0;0;0;0;0;0;0;0;0;0;0;3417;0;0;95;0;160;0;
23508;4561424;1074450432;34873344;1162764288;0;0;0;0;0;0;0;0;0;0;0;2765;0;0;95;0;160;0;
23509;7331169;1074450432;34873344;1162764288;0;0;0;0;0;0;0;0;0;0;0;3166;0;0;95;0;160;0;
23510;4257164;1074450432;34873344;1162764288;0;0;0;0;0;0;0;0;0;0;0;3677;0;0;95;0;160;0;
23511;7919782;1074450432;34873344;1162764288;0;0;0;0;0;0;0;0;0;0;0;3807;0;0;95;0;160;0;
23512;4866807;1074450432;34873344;1162764288;0;0;0;0;0;0;0;0;0;0;0;3186;0;0;95;0;160;0;
23513;6955825;1074450432;34873344;1162764288;0;0;0;0;0;0;0;0;0;0;0;3506;0;0;95;0;160;0;
23514;4271781;1074450432;34873344;1162764288;0;0;0;0;0;0;0;0;0;0;0;3216;0;0;95;0;160;0;
23515;7560579;1074450432;34873344;1162764288;0;0;0;0;0;0;0;0;0;0;0;3847;0;0;95;0;160;0;
23516;5303817;1074450432;34873344;1162764288;0;0;0;0;0;0;0;0;0;0;0;4839;0;0;95;0;160;0;
23517;6092025;1074450432;34873344;1162764288;0;0;0;0;0;0;0;0;0;0;0;3526;0;0;95;0;160;0;
23518;6350259;1074450432;34873344;1162764288;0;0;0;0;0;0;0;0;0;0;0;4128;0;0;95;0;160;0;
23519;7898112;1074450432;34873344;1162764288;0;0;0;0;0;0;0;0;0;0;0;164278;0;0;95;0;160;0;
23520;6639732;1074450432;34873344;1162764288;0;0;0;0;0;0;0;0;0;0;0;3537;0;0;95;0;160;0;
23521;5729775;1074450432;34873344;1162764288;0;0;0;0;0;0;0;0;0;0;0;4378;0;0;95;0;160;0;
23522;6780676;1074450432;34873344;1162764288;0;0;0;0;0;0;0;0;0;0;0;3015;0;0;95;0;160;0;
23523;8554062;1074450432;34873344;1162764288;0;0;0;0;0;0;0;0;0;0;0;3597;0;0;95;0;160;0;
23524;6132410;1074450432;34873344;1162764288;0;0;0;0;0;0;0;0;0;0;0;3176;0;0;95;0;160;0;
23525;6076276;1074450432;34873344;1162764288;0;0;0;0;0;0;0;0;0;0;0;3176;0;0;95;0;160;0;
23526;6550144;1074450432;34873344;1162764288;0;0;0;0;0;0;0;0;0;0;0;3827;0;0;95;0;160;0;
23527;11297597;1074450432;34873344;1162764288;0;0;0;0;0;0;0;0;0;0;0;3086;0;0;95;0;160;0;
23528;8185641;1074450432;34873344;1162764288;0;0;0;0;0;0;0;0;0;0;0;3296;0;0;95;0;160;0;
23529;4995458;1074450432;34873344;1162764288;0;0;0;0;0;0;0;0;0;0;0;2856;0;0;95;0;160;0;
23530;8417276;1074450432;34873344;1162764288;0;0;0;0;0;0;0;0;0;0;0;2615;0;0;95;0;160;0;
23531;6420171;1074450432;34873344;1162764288;0;0;0;0;0;0;0;0;0;0;0;2455;0;0;95;0;160;0;
23532;5718815;1074450432;34873344;1162764288;0;0;0;0;0;0;0;0;0;0;0;3426;0;0;95;0;160;0;
23533;6108215;1074450432;34873344;1162764288;0;0;0;0;0;0;0;0;0;0;0;3136;0;0;95;0;160;0;
23534;5961179;1074450432;34873344;1162764288;0;0;0;0;0;0;0;0;0;0;0;2825;0;0;95;0;160;0;
23535;6073029;1074450432;34873344;1162764288;0;0;0;0;0;0;0;0;0;0;0;2935;0;0;95;0;160;0;
23536;5751176;1074450432;34873344;1162764288;0;0;0;0;0;0;0;0;0;0;0;4458;0;0;95;0;160;0;
23537;6851239;1074450432;34873344;1162764288;0;0;0;0;0;0;0;0;0;0;0;3346;0;0;95;0;160;0;
23538;4521761;1074450432;34873344;1162764288;0;0;0;0;0;0;0;0;0;0;0;3347;0;0;95;0;160;0;
23539;6800152;1074450432;34873344;1162764288;0;0;0;0;0;0;0;0;0;0;0;2675;0;0;95;0;160;0;
23540;4932049;1074450432;34873344;1162764288;0;0;0;0;0;0;0;0;0;0;0;3977;0;0;95;0;160;0;
23541;6904408;1074450432;34873344;1162764288;0;0;0;0;0;0;0;0;0;0;0;4007;0;0;95;0;160;0;
23542;5621553;1074450432;34873344;1162764288;0;0;0;0;0;0;0;0;0;0;0;3256;0;0;95;0;160;0;
23543;7113902;1074450432;34873344;1162764288;0;0;0;0;0;0;0;0;0;0;0;4408;0;0;95;0;160;0;
23544;5273650;1074450432;34873344;1162764288;0;0;0;0;0;0;0;0;0;0;0;3767;0;0;95;0;160;0;
23545;8454225;1074450432;34873344;1162764288;0;0;0;0;0;0;0;0;0;0;0;3998;0;0;95;0;160;0;
23546;6716836;1074450432;34873344;1162764288;0;0;0;0;0;0;0;0;0;0;0;3336;0;0;95;0;160;0;
23547;7110335;1074450432;34873344;1162764288;0;0;0;0;0;0;0;0;0;0;0;3216;0;0;95;0;160;0;
23548;7648645;1074450432;34873344;1162764288;0;0;0;0;0;0;0;0;0;0;0;3787;0;0;95;0;160;0;
23549;5718905;1074450432;34873344;1162764288;0;0;0;0;0;0;0;0;0;0;0;3958;0;0;95;0;160;0;
23550;6811564;1074450432;34873344;1162764288;0;0;0;0;0;0;0;0;0;0;0;4488;0;0;95;0;160;0;
23551;6719191;1074450432;34873344;1162764288;0;0;0;0;0;0;0;0;0;0;0;3227;0;0;95;0;160;0;
23552;6626918;1074450432;34873344;1162764288;0;0;0;0;0;0;0;0;0;0;0;4448;0;0;95;0;160;0;
23553;6463692;1074450432;34873344;1162764288;0;0;0;0;0;0;0;0;0;0;0;3927;0;0;95;0;160;0;
23554;4678895;1074450432;34873344;1162764288;0;0;0;0;0;0;0;0;0;0;0;4188;0;0;95;0;160;0;
23555;6409921;1074450432;34873344;1162764288;0;0;0;0;0;0;0;0;0;0;0;2876;0;0;95;0;160;0;
23556;4962737;1074450432;34873344;1162764288;0;0;0;0;0;0;0;0;0;0;0;3186;0;0;95;0;160;0;
23557;6625947;1074450432;34873344;1162764288;0;0;0;0;0;0;0;0;0;0;0;3236;0;0;95;0;160;0;
23558;5765322;1074450432;34873344;1162764288;0;0;0;0;0;0;0;0;0;0;0;3135;0;0;95;0;160;0;
23559;6018727;1074450432;34873344;1162764288;0;0;0;0;0;0;0;0;0;0;0;3657;0;0;95;0;160;0;
23560;4589066;1074450432;34873344;1162764288;0;0;0;0;0;0;0;0;0;0;0;3947;0;0;95;0;160;0;
23561;6971223;1074450432;34873344;1162764288;0;0;0;0;0;0;0;0;0;0;0;3987;0;0;95;0;160;0;
23562;4179749;1074450432;34873344;1162764288;0;0;0;0;0;0;0;0;0;0;0;4678;0;0;95;0;160;0;
23563;6658127;1074450432;34873344;1162764288;0;0;0;0;0;0;0;0;0;0;0;3456;0;0;95;0;160;0;
23564;6099419;1074450432;34873344;1162764288;0;0;0;0;0;0;0;0;0;0;0;167134;0;0;95;0;160;0;
23565;6620126;1074450432;34873344;1162764288;0;0;0;0;0;0;0;0;0;0;0;3326;0;0;95;0;160;0;
23566;6123203;1074450432;34873344;1162764288;0;0;0;0;0;0;0;0;0;0;0;3606;0;0;95;0;160;0;
23567;6626788;1074450432;34873344;1162764288;0;0;0;0;0;0;0;0;0;0;0;3527;0;0;95;0;160;0;
23568;5455902;1074450432;34873344;1162764288;0;0;0;0;0;0;0;0;0;0;0;3336;0;0;95;0;160;0;
23569;7303617;1074450432;34873344;1162764288;0;0;0;0;0;0;0;0;0;0;0;3176;0;0;95;0;160;0;
23570;6094319;1074450432;34873344;1162764288;0;0;0;0;0;0;0;0;0;0;0;4528;0;0;95;0;160;0;
23571;6514508;1074450432;34873344;1162764288;0;0;0;0;0;0;0;0;0;0;0;2936;0;0;95;0;160;0;
23572;6678415;1074450432;34873344;1162764288;0;0;0;0;0;0;0;0;0;0;0;3417;0;0;95;0;160;0;
23573;7496929;1074450432;34873344;1162764288;0;0;0;0;0;0;0;0;0;0;0;3887;0;0;95;0;160;0;
23574;5499544;1074450432;34873344;1162764288;0;0;0;0;0;0;0;0;0;0;0;3597;0;0;95;0;160;0;
23575;6170773;1074450432;34873344;1162764288;0;0;0;0;0;0;0;0;0;0;0;3286;0;0;95;0;160;0;
23576;6735121;1074450432;34873344;1162764288;0;0;0;0;0;0;0;0;0;0;0;3467;0;0;95;0;160;0;
23577;5686865;1074450432;34873344;1162764288;0;0;0;0;0;0;0;0;0;0;0;3266;0;0;95;0;160;0;
23578;5885057;1074450432;34873344;1162764288;0;0;0;0;0;0;0;0;0;0;0;4028;0;0;95;0;160;0;
23579;5606424;1074450432;34873344;1162764288;0;0;0;0;0;0;0;0;0;0;0;3587;0;0;95;0;160;0;
23580;7051213;1074450432;34873344;1162764288;0;0;0;0;0;0;0;0;0;0;0;4067;0;0;95;0;160;0;
23581;6212791;1074450432;34873344;1162764288;0;0;0;0;0;0;0;0;0;0;0;2445;0;0;95;0;160;0;
23582;7387624;1074450432;34873344;1162764288;0;0;0;0;0;0;0;0;0;0;0;3307;0;0;95;0;160;0;
23583;5116916;1074450432;34873344;1162764288;0;0;0;0;0;0;0;0;0;0;0;2465;0;0;95;0;160;0;
23584;6423416;1074450432;34873344;1162764288;0;0;0;0;0;0;0;0;0;0;0;4077;0;0;95;0;160;0;
23585;6592965;1074450432;34873344;1162764288;0;0;0;0;0;0;0;0;0;0;0;3276;0;0;95;0;160;0;
23586;5152222;1074450432;34873344;1162764288;0;0;0;0;0;0;0;0;0;0;0;3156;0;0;95;0;160;0;
23587;7208589;1074450432;34873344;1162764288;0;0;0;0;0;0;0;0;0;0;0;3146;0;0;95;0;160;0;
23588;6173077;1074450432;34873344;1162764288;0;0;0;0;0;0;0;0;0;0;0;3136;0;0;95;0;160;0;
23589;7379329;1074450432;34873344;1162764288;0;0;0;0;0;0;0;0;0;0;0;2966;0;0;95;0;160;0;
23590;5470069;1074450432;34873344;1162764288;0;0;0;0;0;0;0;0;0;0;0;2835;0;0;95;0;160;0;
23591;6721075;1074450432;34873344;1162764288;0;0;0;0;0;0;0;0;0;0;0;3407;0;0;95;0;160;0;
23592;8408609;1074450432;34873344;1162764288;0;0;0;0;0;0;0;0;0;0;0;3757;0;0;95;0;160;0;
23593;6685488;1074450432;34873344;1162764288;0;0;0;0;0;0;0;0;0;0;0;3977;0;0;95;0;160;0;
23594;6710174;1074450432;34873344;1162764288;0;0;0;0;0;0;0;0;0;0;0;4659;0;0;95;0;160;0;
23595;7885769;1074450432;34873344;1162764288;0;0;0;0;0;0;0;0;0;0;0;3075;0;0;95;0;160;0;
23596;5570647;1074450432;34873344;1162764288;0;0;0;0;0;0;0;0;0;0;0;4528;0;0;95;0;160;0;
23597;8437915;1074450432;34873344;1162764288;0;0;0;0;0;0;0;0;0;0;0;3527;0;0;95;0;160;0;
23598;5567542;1074450432;34873344;1162764288;0;0;0;0;0;0;0;0;0;0;0;3887;0;0;95;0;160;0;
23599;7713817;1074450432;34873344;1162764288;0;0;0;0;0;0;0;0;0;0;0;4098;0;0;95;0;160;0;
23600;5208007;1074450432;34873344;1162764288;0;0;0;0;0;0;0;0;0;0;0;2855;0;0;95;0;160;0;
23601;7329014;1074450432;34873344;1162764288;0;0;0;0;0;0;0;0;0;0;0;3316;0;0;95;0;160;0;
23602;6652586;1074450432;34873344;1162764288;0;0;0;0;0;0;0;0;0;0;0;5050;0;0;95;0;160;0;
23603;7769921;1074450432;34873344;1162764288;0;0;0;0;0;0;0;0;0;0;0;2525;0;0;95;0;160;0;
23604;5757808;1074450432;34873344;1162764288;0;0;0;0;0;0;0;0;0;0;0;4058;0;0;95;0;160;0;
23605;7164195;1074450432;34873344;1162764288;0;0;0;0;0;0;0;0;0;0;0;3336;0;0;95;0;160;0;
23606;6756632;1074450432;34873344;1162764288;0;0;0;0;0;0;0;0;0;0;0;68198;0;0;95;0;160;0;
23607;7607107;1074450432;34873344;1162764288;0;0;0;0;0;0;0;0;0;0;0;3777;0;0;95;0;160;0;
23608;6322808;1074450432;34873344;1162764288;0;0;0;0;0;0;0;0;0;0;0;4138;0;0;95;0;160;0;
23609;8043364;1074450432;34873344;1162764288;0;0;0;0;0;0;0;0;0;0;0;2966;0;0;95;0;160;0;
23610;5039361;1074450432;34873344;1162764288;0;0;0;0;0;0;0;0;0;0;0;4068;0;0;95;0;160;0;
23611;5912028;1074450432;34873344;1162764288;0;0;0;0;0;0;0;0;0;0;0;2535;0;0;95;0;160;0;
23612;5937055;1074450432;34873344;1162764288;0;0;0;0;0;0;0;0;0;0;0;3807;0;0;95;0;160;0;
23613;6430039;1074450432;34873344;1162764288;0;0;0;0;0;0;0;0;0;0;0;4258;0;0;95;0;160;0;
23614;5711101;1074450432;34873344;1162764288;0;0;0;0;0;0;0;0;0;0;0;4278;0;0;95;0;160;0;
23615;7328553;1074450432;34873344;1162764288;0;0;0;0;0;0;0;0;0;0;0;4067;0;0;95;0;160;0;
23616;5738903;1074450432;34873344;1162764288;0;0;0;0;0;0;0;0;0;0;0;4128;0;0;95;0;160;0;
23617;8285689;1074450432;34873344;1162764288;0;0;0;0;0;0;0;0;0;0;0;3496;0;0;95;0;160;0;
23618;5425064;1074450432;34873344;1162764288;0;0;0;0;0;0;0;0;0;0;0;3577;0;0;95;0;160;0;
23619;6606800;1074450432;34873344;1162764288;0;0;0;0;0;0;0;0;0;0;0;3376;0;0;95;0;160;0;
23620;5774990;1074450432;34873344;1162764288;0;0;0;0;0;0;0;0;0;0;0;2925;0;0;95;0;160;0;
23621;6679907;1074450432;34873344;1162764288;0;0;0;0;0;0;0;0;0;0;0;3657;0;0;95;0;160;0;
23622;4645583;1074450432;34873344;1162764288;0;0;0;0;0;0;0;0;0;0;0;3947;0;0;95;0;160;0;
23623;7059309;1074450432;34873344;1162764288;0;0;0;0;0;0;0;0;0;0;0;4328;0;0;95;0;160;0;
23624;7040924;1074450432;34873344;1162764288;0;0;0;0;0;0;0;0;0;0;0;3516;0;0;95;0;160;0;
23625;7808113;1074450432;34873344;1162764288;0;0;0;0;0;0;0;0;0;0;0;3577;0;0;95;0;160;0;
23626;5972250;1074450432;34873344;1162764288;0;0;0;0;0;0;0;0;0;0;0;3376;0;0;95;0;160;0;
23627;8191382;1074450432;34873344;1162764288;0;0;0;0;0;0;0;0;0;0;0;3978;0;0;95;0;160;0;
23628;5792183;1074450432;34873344;1162764288;0;0;0;0;0;0;0;0;0;0;0;3366;0;0;95;0;160;0;
23629;7041345;1074450432;34873344;1162764288;0;0;0;0;0;0;0;0;0;0;0;4539;0;0;95;0;160;0;
23630;5767416;1074450432;34873344;1162764288;0;0;0;0;0;0;0;0;0;0;0;10761;0;0;95;0;160;0;
23631;7099023;1074450432;34873344;1162764288;0;0;0;0;0;0;0;0;0;0;0;3076;0;0;95;0;160;0;
23632;7951062;1074450432;34873344;1162764288;0;0;0;0;0;0;0;0;0;0;0;3677;0;0;95;0;160;0;
23633;6150514;1074450432;34873344;1162764288;0;0;0;0;0;0;0;0;0;0;0;4077;0;0;95;0;160;0;
23634;6166345;1074450432;34873344;1162764288;0;0;0;0;0;0;0;0;0;0;0;3126;0;0;95;0;160;0;
23635;6217631;1074450432;34873344;1162764288;0;0;0;0;0;0;0;0;0;0;0;4248;0;0;95;0;160;0;
23636;4447721;1074450432;34873344;1162764288;0;0;0;0;0;0;0;0;0;0;0;3938;0;0;95;0;160;0;
23637;6487857;1074450432;34873344;1162764288;0;0;0;0;0;0;0;0;0;0;0;2464;0;0;95;0;160;0;
23638;4261061;1074450432;34873344;1162764288;0;0;0;0;0;0;0;0;0;0;0;4028;0;0;95;0;160;0;
23639;6507153;1074450432;34873344;1162764288;0;0;0;0;0;0;0;0;0;0;0;3938;0;0;95;0;160;0;
23640;3629497;1074450432;34873344;1162764288;0;0;0;0;0;0;0;0;0;0;0;3627;0;0;95;0;160;0;
23641;6933483;1074450432;34873344;1162764288;0;0;0;0;0;0;0;0;0;0;0;3827;0;0;95;0;160;0;
23642;3864588;1074450432;34873344;1162764288;0;0;0;0;0;0;0;0;0;0;0;3016;0;0;95;0;160;0;
23643;5842668;1074450432;34873344;1162764288;0;0;0;0;0;0;0;0;0;0;0;3557;0;0;95;0;160;0;
23644;5095606;1074450432;34873344;1162764288;0;0;0;0;0;0;0;0;0;0;0;3066;0;0;95;0;160;0;
23645;6832614;1074450432;34873344;1162764288;0;0;0;0;0;0;0;0;0;0;0;4177;0;0;95;0;160;0;
23646;3636850;1074450432;34873344;1162764288;0;0;0;0;0;0;0;0;0;0;0;3987;0;0;95;0;160;0;
23647;6241545;1074450432;34873344;1162764288;0;0;0;0;0;0;0;0;0;0;0;3046;0;0;95;0;160;0;
23648;5102599;1074450432;34873344;1162764288;0;0;0;0;0;0;0;0;0;0;0;3176;0;0;95;0;160;0;
23649;6213473;1074450432;34873344;1162764288;0;0;0;0;0;0;0;0;0;0;0;3487;0;0;95;0;160;0;
23650;5807802;1074450432;34873344;1162764288;0;0;0;0;0;0;0;0;0;0;0;5511;0;0;95;0;160;0;
23651;7422470;1074450432;34873344;1162764288;0;0;0;0;0;0;0;0;0;0;0;3206;0;0;95;0;160;0;
23652;5363499;1074450432;34873344;1162764288;0;0;0;0;0;0;0;0;0;0;0;3086;0;0;95;0;160;0;
23653;7030225;1074450432;34873344;1162764288;0;0;0;0;0;0;0;0;0;0;0;4639;0;0;95;0;160;0;
23654;4786917;1074450432;34873344;1162764288;0;0;0;0;0;0;0;0;0;0;0;4438;0;0;95;0;160;0;
23655;5609941;1074450432;34873344;1162764288;0;0;0;0;0;0;0;0;0;0;0;3206;0;0;95;0;160;0;
23656;6854404;1074450432;34873344;1162764288;0;0;0;0;0;0;0;0;0;0;0;3026;0;0;95;0;160;0;
23657;6014469;1074450432;34873344;1162764288;0;0;0;0;0;0;0;0;0;0;0;2775;0;0;95;0;160;0;
23658;5061993;1074450432;34873344;1162764288;0;0;0;0;0;0;0;0;0;0;0;4038;0;0;95;0;160;0;
23659;5213577;1074450432;34873344;1162764288;0;0;0;0;0;0;0;0;0;0;0;2244;0;0;95;0;160;0;
23660;5397101;1074450432;34873344;1162764288;0;0;0;0;0;0;0;0;0;0;0;3907;0;0;95;0;160;0;
23661;6455035;1074450432;34873344;1162764288;0;0;0;0;0;0;0;0;0;0;0;2355;0;0;95;0;160;0;
23662;5797943;1074450432;34873344;1162764288;0;0;0;0;0;0;0;0;0;0;0;3747;0;0;95;0;160;0;
23663;6307298;1074450432;34873344;1162764288;0;0;0;0;0;0;0;0;0;0;0;3126;0;0;95;0;160;0;
23664;4446840;1074450432;34873344;1162764288;0;0;0;0;0;0;0;0;0;0;0;3697;0;0;95;0;160;0;
23665;5586928;1074450432;34873344;1162764288;0;0;0;0;0;0;0;0;0;0;0;3407;0;0;95;0;160;0;
23666;4918094;1074450432;34873344;1162764288;0;0;0;0;0;0;0;0;0;0;0;3747;0;0;95;0;160;0;
23667;6628541;1074450432;34873344;1162764288;0;0;0;0;0;0;0;0;0;0;0;3757;0;0;95;0;160;0;
23668;4287180;1074450432;34873344;1162764288;0;0;0;0;0;0;0;0;0;0;0;3617;0;0;95;0;160;0;
23669;6925819;1074450432;34873344;1162764288;0;0;0;0;0;0;0;0;0;0;0;3186;0;0;95;0;160;0;
23670;5407181;1074450432;34873344;1162764288;0;0;0;0;0;0;0;0;0;0;0;3897;0;0;95;0;160;0;
23671;7092431;1074450432;34873344;1162764288;0;0;0;0;0;0;0;0;0;0;0;2765;0;0;95;0;160;0;
23672;3649895;1074450432;34873344;1162764288;0;0;0;0;0;0;0;0;0;0;0;4188;0;0;95;0;160;0;
23673;6837964;1074450432;34873344;1162764288;0;0;0;0;0;0;0;0;0;0;0;2836;0;0;95;0;160;0;
23674;4976463;1074450432;34873344;1162764288;0;0;0;0;0;0;0;0;0;0;0;3787;0;0;95;0;160;0;
23675;7050672;1074450432;34873344;1162764288;0;0;0;0;0;0;0;0;0;0;0;3627;0;0;95;0;160;0;
23676;6373052;1074450432;34873344;1162764288;0;0;0;0;0;0;0;0;0;0;0;3346;0;0;95;0;160;0;
23677;6064894;1074450432;34873344;1162764288;0;0;0;0;0;0;0;0;0;0;0;2435;0;0;95;0;160;0;
23678;5918229;1074450432;34873344;1162764288;0;0;0;0;0;0;0;0;0;0;0;3697;0;0;95;0;160;0;
23679;6211689;1074450432;34873344;1162764288;0;0;0;0;0;0;0;0;0;0;0;2975;0;0;95;0;160;0;
23680;5925252;1074450432;34873344;1162764288;0;0;0;0;0;0;0;0;0;0;0;4238;0;0;95;0;160;0;
23681;7336519;1074450432;34873344;1162764288;0;0;0;0;0;0;0;0;0;0;0;3527;0;0;95;0;160;0;
23682;5671496;1074450432;34873344;1162764288;0;0;0;0;0;0;0;0;0;0;0;3867;0;0;95;0;160;0;
23683;6944433;1074450432;34873344;1162764288;0;0;0;0;0;0;0;0;0;0;0;2885;0;0;95;0;160;0;
23684;6691599;1074450432;34873344;1162764288;0;0;0;0;0;0;0;0;0;0;0;4048;0;0;95;0;160;0;
23685;8162308;1074450432;34873344;1162764288;0;0;0;0;0;0;0;0;0;0;0;2715;0;0;95;0;160;0;
23686;10500032;1074450432;34873344;1162764288;0;0;0;0;0;0;0;0;0;0;0;4058;0;0;95;0;160;0;
23687;8430410;1074450432;34873344;1162764288;0;0;0;0;0;0;0;0;0;0;0;4128;0;0;95;0;160;0;
23688;8068492;1074450432;34873344;1162764288;0;0;0;0;0;0;0;0;0;0;0;3567;0;0;95;0;160;0;
23689;9037199;1074450432;34873344;1162764288;0;0;0;0;0;0;0;0;0;0;0;3486;0;0;95;0;160;0;
23690;8030611;1074450432;34873344;1162764288;0;0;0;0;0;0;0;0;0;0;0;3176;0;0;95;0;160;0;
23691;8442442;1074450432;34873344;1162764288;0;0;0;0;0;0;0;0;0;0;0;3807;0;0;95;0;160;0;
23692;7526636;1074450432;34873344;1162764288;0;0;0;0;0;0;0;0;0;0;0;3987;0;0;95;0;160;0;
23693;7046455;1074450432;34873344;1162764288;0;0;0;0;0;0;0;0;0;0;0;3847;0;0;95;0;160;0;
23694;7275284;1074450432;34873344;1162764288;0;0;0;0;0;0;0;0;0;0;0;3827;0;0;95;0;160;0;
23695;9242473;1074450432;34873344;1162764288;0;0;0;0;0;0;0;0;0;0;0;4849;0;0;95;0;160;0;
23696;7020356;1074450432;34873344;1162764288;0;0;0;0;0;0;0;0;0;0;0;4609;0;0;95;0;160;0;
23697;8659350;1074450432;34873344;1162764288;0;0;0;0;0;0;0;0;0;0;0;4638;0;0;95;0;160;0;
23698;7193060;1074450432;34873344;1162764288;0;0;0;0;0;0;0;0;0;0;0;3577;0;0;95;0;160;0;
23699;6449134;1074450432;34873344;1162764288;0;0;0;0;0;0;0;0;0;0;0;3537;0;0;95;0;160;0;
23700;5525242;1074450432;34873344;1162764288;0;0;0;0;0;0;0;0;0;0;0;4558;0;0;95;0;160;0;
23701;6454224;1074450432;34873344;1162764288;0;0;0;0;0;0;0;0;0;0;0;3397;0;0;95;0;160;0;
23702;27044028;1074450432;34873344;1162764288;0;0;0;0;0;0;0;0;0;0;0;3487;0;0;95;0;160;0;
23703;8313030;1074450432;34873344;1162764288;0;0;0;0;0;0;0;0;0;0;0;3767;0;0;95;0;160;0;
23704;4437532;1074450432;34873344;1162764288;0;0;0;0;0;0;0;0;0;0;0;3006;0;0;95;0;160;0;
23705;8051851;1074450432;34873344;1162764288;0;0;0;0;0;0;0;0;0;0;0;3957;0;0;95;0;160;0;
23706;5782164;1074450432;34873344;1162764288;0;0;0;0;0;0;0;0;0;0;0;3818;0;0;95;0;160;0;
23707;10222671;1074450432;34873344;1162764288;0;0;0;0;0;0;0;0;0;0;0;4007;0;0;95;0;160;0;
23708;5786152;1074450432;34873344;1162764288;0;0;0;0;0;0;0;0;0;0;0;3997;0;0;95;0;160;0;
23709;6848684;1074450432;34873344;1162764288;0;0;0;0;0;0;0;0;0;0;0;3877;0;0;95;0;160;0;
23710;7509393;1074450432;34873344;1162764288;0;0;0;0;0;0;0;0;0;0;0;3556;0;0;95;0;160;0;
23711;8061990;1074450432;34873344;1162764288;0;0;0;0;0;0;0;0;0;0;0;4809;0;0;95;0;160;0;
23712;7236381;1074450432;34873344;1162764288;0;0;0;0;0;0;0;0;0;0;0;3086;0;0;95;0;160;0;
23713;8635264;1074450432;34873344;1162764288;0;0;0;0;0;0;0;0;0;0;0;3006;0;0;95;0;160;0;
23714;6171945;1074450432;34873344;1162764288;0;0;0;0;0;0;0;0;0;0;0;4719;0;0;95;0;160;0;
23715;7383587;1074450432;34873344;1162764288;0;0;0;0;0;0;0;0;0;0;0;4910;0;0;95;0;160;0;
23716;7644897;1074450432;34873344;1162764288;0;0;0;0;0;0;0;0;0;0;0;3206;0;0;95;0;160;0;
23717;7619970;1074450432;34873344;1162764288;0;0;0;0;0;0;0;0;0;0;0;3457;0;0;95;0;160;0;
23718;7683290;1074450432;34873344;1162764288;0;0;0;0;0;0;0;0;0;0;0;3256;0;0;95;0;160;0;
23719;5810376;1074450432;34873344;1162764288;0;0;0;0;0;0;0;0;0;0;0;2745;0;0;95;0;160;0;
23720;5951090;1074450432;34873344;1162764288;0;0;0;0;0;0;0;0;0;0;0;3116;0;0;95;0;160;0;
23721;5451203;1074450432;34873344;1162764288;0;0;0;0;0;0;0;0;0;0;0;2795;0;0;95;0;160;0;
23722;8061759;1074450432;34873344;1162764288;0;0;0;0;0;0;0;0;0;0;0;2525;0;0;95;0;160;0;
23723;6883218;1074450432;34873344;1162764288;0;0;0;0;0;0;0;0;0;0;0;3406;0;0;95;0;160;0;
23724;5784859;1074450432;34873344;1162764288;0;0;0;0;0;0;0;0;0;0;0;3646;0;0;95;0;160;0;
23725;5903592;1074450432;34873344;1162764288;0;0;0;0;0;0;0;0;0;0;0;2996;0;0;95;0;160;0;
23726;7123058;1074450432;34873344;1162764288;0;0;0;0;0;0;0;0;0;0;0;3737;0;0;95;0;160;0;
23727;7205944;1074450432;34873344;1162764288;0;0;0;0;0;0;0;0;0;0;0;2224;0;0;95;0;160;0;
23728;5554517;1074450432;34873344;1162764288;0;0;0;0;0;0;0;0;0;0;0;3567;0;0;95;0;160;0;
23729;6588326;1074450432;34873344;1162764288;0;0;0;0;0;0;0;0;0;0;0;3306;0;0;95;0;160;0;
23730;4778902;1074450432;34873344;1162764288;0;0;0;0;0;0;0;0;0;0;0;2795;0;0;95;0;160;0;
23731;6813197;1074450432;34873344;1162764288;0;0;0;0;0;0;0;0;0;0;0;2424;0;0;95;0;160;0;
23732;4950064;1074450432;34873344;1162764288;0;0;0;0;0;0;0;0;0;0;0;3987;0;0;95;0;160;0;
23733;6201981;1074450432;34873344;1162764288;0;0;0;0;0;0;0;0;0;0;0;2524;0;0;95;0;160;0;
23734;4249820;1074450432;34873344;1162764288;0;0;0;0;0;0;0;0;0;0;0;3898;0;0;95;0;160;0;
23735;7661258;1074450432;34873344;1162764288;0;0;0;0;0;0;0;0;0;0;0;3447;0;0;95;0;160;0;
23736;3482691;1074450432;34873344;1162764288;0;0;0;0;0;0;0;0;0;0;0;3717;0;0;95;0;160;0;
23737;6742355;1074450432;34873344;1162764288;0;0;0;0;0;0;0;0;0;0;0;3577;0;0;95;0;160;0;
23738;5194101;1074450432;34873344;1162764288;0;0;0;0;0;0;0;0;0;0;0;3376;0;0;95;0;160;0;
23739;6184659;1074450432;34873344;1162764288;0;0;0;0;0;0;0;0;0;0;0;3055;0;0;95;0;160;0;
23740;4116380;1074450432;34873344;1162764288;0;0;0;0;0;0;0;0;0;0;0;4448;0;0;95;0;160;0;
23741;5940270;1074450432;34873344;1162764288;0;0;0;0;0;0;0;0;0;0;0;3576;0;0;95;0;160;0;
23742;3594831;1074450432;34873344;1162764288;0;0;0;0;0;0;0;0;0;0;0;3196;0;0;95;0;160;0;
23743;5402802;1074450432;34873344;1162764288;0;0;0;0;0;0;0;0;0;0;0;2134;0;0;95;0;160;0;
23744;4687651;1074450432;34873344;1162764288;0;0;0;0;0;0;0;0;0;0;0;3767;0;0;95;0;160;0;
23745;5708656;1074450432;34873344;1162764288;0;0;0;0;0;0;0;0;0;0;0;2936;0;0;95;0;160;0;
23746;5200022;1074450432;34873344;1162764288;0;0;0;0;0;0;0;0;0;0;0;3567;0;0;95;0;160;0;
23747;6661493;1074450432;34873344;1162764288;0;0;0;0;0;0;0;0;0;0;0;2835;0;0;95;0;160;0;
23748;5542775;1074450432;34873344;1162764288;0;0;0;0;0;0;0;0;0;0;0;3437;0;0;95;0;160;0;
23749;6405202;1074450432;34873344;1162764288;0;0;0;0;0;0;0;0;0;0;0;2805;0;0;95;0;160;0;
23750;5114912;1074450432;34873344;1162764288;0;0;0;0;0;0;0;0;0;0;0;3596;0;0;95;0;160;0;
23751;7030003;1074450432;34873344;1162764288;0;0;0;0;0;0;0;0;0;0;0;3547;0;0;95;0;160;0;
23752;4034266;1074450432;34873344;1162764288;0;0;0;0;0;0;0;0;0;0;0;2775;0;0;95;0;160;0;
23753;8250563;1074450432;34873344;1162764288;0;0;0;0;0;0;0;0;0;0;0;3837;0;0;95;0;160;0;
23754;4449855;1074450432;34873344;1162764288;0;0;0;0;0;0;0;0;0;0;0;5581;0;0;95;0;160;0;
23755;6484370;1074450432;34873344;1162764288;0;0;0;0;0;0;0;0;0;0;0;3967;0;0;95;0;160;0;
23756;5039961;1074450432;34873344;1162764288;0;0;0;0;0;0;0;0;0;0;0;4057;0;0;95;0;160;0;
23757;6693082;1074450432;34873344;1162764288;0;0;0;0;0;0;0;0;0;0;0;3437;0;0;95;0;160;0;
23758;7438841;1074450432;34873344;1162764288;0;0;0;0;0;0;0;0;0;0;0;3236;0;0;95;0;160;0;
23759;6268476;1074450432;34873344;1162764288;0;0;0;0;0;0;0;0;0;0;0;2455;0;0;95;0;160;0;
23760;5823311;1074450432;34873344;1162764288;0;0;0;0;0;0;0;0;0;0;0;3417;0;0;95;0;160;0;
23761;6995819;1074450432;34873344;1162764288;0;0;0;0;0;0;0;0;0;0;0;4038;0;0;95;0;160;0;
23762;5849119;1074450432;34873344;1162764288;0;0;0;0;0;0;0;0;0;0;0;3988;0;0;95;0;160;0;
23763;9042629;1074450432;34873344;1162764288;0;0;0;0;0;0;0;0;0;0;0;4117;0;0;95;0;160;0;
23764;6456409;1074450432;34873344;1162764288;0;0;0;0;0;0;0;0;0;0;0;3727;0;0;95;0;160;0;
23765;5877303;1074716672;34873344;1162764288;0;0;0;0;0;0;0;0;0;0;0;2585;0;0;95;0;160;0;
23766;6716696;1074716672;34873344;1162764288;0;0;0;0;0;0;0;0;0;0;0;3005;0;0;95;0;160;0;
23767;5139980;1074716672;34873344;1162764288;0;0;0;0;0;0;0;0;0;0;0;2905;0;0;95;0;160;0;
23768;5954878;1074716672;34873344;1162764288;0;0;0;0;0;0;0;0;0;0;0;3777;0;0;95;0;160;0;
23769;5826918;1074716672;34873344;1162764288;0;0;0;0;0;0;0;0;0;0;0;3547;0;0;95;0;160;0;
23770;7650167;1074716672;34873344;1162764288;0;0;0;0;0;0;0;0;0;0;0;4148;0;0;95;0;160;0;
23771;6459835;1074716672;34873344;1162764288;0;0;0;0;0;0;0;0;0;0;0;2836;0;0;95;0;160;0;
23772;5785039;1074716672;34873344;1162764288;0;0;0;0;0;0;0;0;0;0;0;3045;0;0;95;0;160;0;
23773;6823126;1074716672;34873344;1162764288;0;0;0;0;0;0;0;0;0;0;0;2435;0;0;95;0;160;0;
23774;4851869;1074716672;34873344;1162764288;0;0;0;0;0;0;0;0;0;0;0;4007;0;0;95;0;160;0;
23775;6124375;1074716672;34873344;1162764288;0;0;0;0;0;0;0;0;0;0;0;2494;0;0;95;0;160;0;
23776;7104424;1074716672;34873344;1162764288;0;0;0;0;0;0;0;0;0;0;0;3367;0;0;95;0;160;0;
23777;7780862;1074716672;34873344;1162764288;0;0;0;0;0;0;0;0;0;0;0;3166;0;0;95;0;160;0;
23778;4746572;1074716672;34873344;1162764288;0;0;0;0;0;0;0;0;0;0;0;3346;0;0;95;0;160;0;
23779;7929992;1074716672;34873344;1162764288;0;0;0;0;0;0;0;0;0;0;0;3777;0;0;95;0;160;0;
23780;3976929;1074716672;34873344;1162764288;0;0;0;0;0;0;0;0;0;0;0;3587;0;0;95;0;160;0;
23781;7940231;1074716672;34873344;1162764288;0;0;0;0;0;0;0;0;0;0;0;3216;0;0;95;0;160;0;
23782;4910008;1074716672;34873344;1162764288;0;0;0;0;0;0;0;0;0;0;0;3336;0;0;95;0;160;0;
23783;8112053;1074716672;34873344;1162764288;0;0;0;0;0;0;0;0;0;0;0;3396;0;0;95;0;160;0;
23784;6771319;1074716672;34873344;1162764288;0;0;0;0;0;0;0;0;0;0;0;3747;0;0;95;0;160;0;
23785;6849706;1074716672;34873344;1162764288;0;0;0;0;0;0;0;0;0;0;0;3186;0;0;95;0;160;0;
23786;6740230;1074716672;34873344;1162764288;0;0;0;0;0;0;0;0;0;0;0;4108;0;0;95;0;160;0;
23787;5640108;1074716672;34873344;1162764288;0;0;0;0;0;0;0;0;0;0;0;2244;0;0;95;0;160;0;
23788;5454169;1074716672;34873344;1162764288;0;0;0;0;0;0;0;0;0;0;0;3647;0;0;95;0;160;0;
23789;6124807;1074716672;34873344;1162764288;0;0;0;0;0;0;0;0;0;0;0;3026;0;0;95;0;160;0;
23790;5656858;1074716672;34873344;1162764288;0;0;0;0;0;0;0;0;0;0;0;4809;0;0;95;0;160;0;
23791;7184704;1074716672;34873344;1162764288;0;0;0;0;0;0;0;0;0;0;0;3697;0;0;95;0;160;0;
23792;6813318;1074716672;34873344;1162764288;0;0;0;0;0;0;0;0;0;0;0;3035;0;0;95;0;160;0;
23793;7282257;1074716672;34873344;1162764288;0;0;0;0;0;0;0;0;0;0;0;2645;0;0;95;0;160;0;
23794;5946853;1074716672;34873344;1162764288;0;0;0;0;0;0;0;0;0;0;0;3997;0;0;95;0;160;0;
23795;5925062;1074716672;34873344;1162764288;0;0;0;0;0;0;0;0;0;0;0;2795;0;0;95;0;160;0;
23796;6319411;1074716672;34873344;1162764288;0;0;0;0;0;0;0;0;0;0;0;3346;0;0;95;0;160;0;
23797;6456178;1074716672;34873344;1162764288;0;0;0;0;0;0;0;0;0;0;0;2484;0;0;95;0;160;0;
23798;4920668;1074716672;34873344;1162764288;0;0;0;0;0;0;0;0;0;0;0;4038;0;0;95;0;160;0;
23799;6173458;1074716672;34873344;1162764288;0;0;0;0;0;0;0;0;0;0;0;3166;0;0;95;0;160;0;
23800;6206409;1074716672;34873344;1162764288;0;0;0;0;0;0;0;0;0;0;0;3106;0;0;95;0;160;0;
23801;5646139;1074716672;34873344;1162764288;0;0;0;0;0;0;0;0;0;0;0;2745;0;0;95;0;160;0;
23802;4503987;1074716672;34873344;1162764288;0;0;0;0;0;0;0;0;0;0;0;2876;0;0;95;0;160;0;
23803;6874202;1074716672;34873344;1162764288;0;0;0;0;0;0;0;0;0;0;0;2955;0;0;95;0;160;0;
23804;4351241;1074716672;34873344;1162764288;0;0;0;0;0;0;0;0;0;0;0;2234;0;0;95;0;160;0;
23805;6739169;1074716672;34873344;1162764288;0;0;0;0;0;0;0;0;0;0;0;2575;0;0;95;0;160;0;
23806;3607906;1074716672;34873344;1162764288;0;0;0;0;0;0;0;0;0;0;0;2805;0;0;95;0;160;0;
23807;7055541;1074716672;34873344;1162764288;0;0;0;0;0;0;0;0;0;0;0;2395;0;0;95;0;160;0;
23808;3898261;1074716672;34873344;1162764288;0;0;0;0;0;0;0;0;0;0;0;2836;0;0;95;0;160;0;
23809;7364661;1074716672;34873344;1162764288;0;0;0;0;0;0;0;0;0;0;0;2515;0;0;95;0;160;0;
23810;4614063;1074716672;34873344;1162764288;0;0;0;0;0;0;0;0;0;0;0;3947;0;0;95;0;160;0;
23811;6448393;1074716672;34873344;1162764288;0;0;0;0;0;0;0;0;0;0;0;2354;0;0;95;0;160;0;
23812;5197768;1074716672;34873344;1162764288;0;0;0;0;0;0;0;0;0;0;0;3767;0;0;95;0;160;0;
23813;5917097;1074716672;34873344;1162764288;0;0;0;0;0;0;0;0;0;0;0;2104;0;0;95;0;160;0;
23814;4218511;1074716672;34873344;1162764288;0;0;0;0;0;0;0;0;0;0;0;3326;0;0;95;0;160;0;
23815;5778337;1074716672;34873344;1162764288;0;0;0;0;0;0;0;0;0;0;0;4228;0;0;95;0;160;0;
23816;5496208;1074716672;34873344;1162764288;0;0;0;0;0;0;0;0;0;0;0;3356;0;0;95;0;160;0;
23817;6329480;1074716672;34873344;1162764288;0;0;0;0;0;0;0;0;0;0;0;2515;0;0;95;0;160;0;
23818;6479431;1074716672;34873344;1162764288;0;0;0;0;0;0;0;0;0;0;0;3566;0;0;95;0;160;0;
23819;5647892;1074716672;34873344;1162764288;0;0;0;0;0;0;0;0;0;0;0;2465;0;0;95;0;160;0;
23820;5948375;1074716672;34873344;1162764288;0;0;0;0;0;0;0;0;0;0;0;3757;0;0;95;0;160;0;
23821;6209445;1074716672;34873344;1162764288;0;0;0;0;0;0;0;0;0;0;0;2064;0;0;95;0;160;0;
23822;4726805;1074716672;34873344;1162764288;0;0;0;0;0;0;0;0;0;0;0;2735;0;0;95;0;160;0;
23823;6548922;1074716672;34873344;1162764288;0;0;0;0;0;0;0;0;0;0;0;2354;0;0;95;0;160;0;
23824;6075554;1074716672;34873344;1162764288;0;0;0;0;0;0;0;0;0;0;0;2785;0;0;95;0;160;0;
23825;5045563;1074716672;34873344;1162764288;0;0;0;0;0;0;0;0;0;0;0;2525;0;0;95;0;160;0;
23826;5172881;1074716672;34873344;1162764288;0;0;0;0;0;0;0;0;0;0;0;3326;0;0;95;0;160;0;
23827;5255196;1074716672;34873344;1162764288;0;0;0;0;0;0;0;0;0;0;0;2594;0;0;95;0;160;0;
23828;3976607;1074716672;34873344;1162764288;0;0;0;0;0;0;0;0;0;0;0;2715;0;0;95;0;160;0;
23829;6157357;1074716672;34873344;1162764288;0;0;0;0;0;0;0;0;0;0;0;2285;0;0;95;0;160;0;
23830;4232457;1074716672;34873344;1162764288;0;0;0;0;0;0;0;0;0;0;0;2686;0;0;95;0;160;0;
23831;6342415;1074716672;34873344;1162764288;0;0;0;0;0;0;0;0;0;0;0;2445;0;0;95;0;160;0;
23832;3856893;1074716672;34873344;1162764288;0;0;0;0;0;0;0;0;0;0;0;2805;0;0;95;0;160;0;
23833;6059815;1074716672;34873344;1162764288;0;0;0;0;0;0;0;0;0;0;0;2224;0;0;95;0;160;0;
23834;5521385;1074716672;34873344;1162764288;0;0;0;0;0;0;0;0;0;0;0;3276;0;0;95;0;160;0;
23835;5918510;1074716672;34873344;1162764288;0;0;0;0;0;0;0;0;0;0;0;2514;0;0;95;0;160;0;
23836;6316716;1074716672;34873344;1162764288;0;0;0;0;0;0;0;0;0;0;0;3256;0;0;95;0;160;0;
23837;6398580;1074716672;34873344;1162764288;0;0;0;0;0;0;0;0;0;0;0;2946;0;0;95;0;160;0;
23838;6410652;1074716672;34873344;1162764288;0;0;0;0;0;0;0;0;0;0;0;3927;0;0;95;0;160;0;
23839;7278660;1074716672;34873344;1162764288;0;0;0;0;0;0;0;0;0;0;0;3907;0;0;95;0;160;0;
23840;8451991;1074716672;34873344;1162764288;0;0;0;0;0;0;0;0;0;0;0;3136;0;0;95;0;160;0;
23841;9603891;1074716672;34873344;1162764288;0;0;0;0;0;0;0;0;0;0;0;3106;0;0;95;0;160;0;
23842;7378207;1074716672;34873344;1162764288;0;0;0;0;0;0;0;0;0;0;0;4268;0;0;95;0;160;0;
23843;7343221;1074716672;34873344;1162764288;0;0;0;0;0;0;0;0;0;0;0;22863;0;0;95;0;160;0;
23844;6998044;1074716672;34873344;1162764288;0;0;0;0;0;0;0;0;0;0;0;2655;0;0;95;0;160;0;
23845;6097004;1074716672;34873344;1162764288;0;0;0;0;0;0;0;0;0;0;0;3116;0;0;95;0;160;0;
23846;6368493;1074716672;34873344;1162764288;0;0;0;0;0;0;0;0;0;0;0;3657;0;0;95;0;160;0;
23847;5846113;1074716672;34873344;1162764288;0;0;0;0;0;0;0;0;0;0;0;2865;0;0;95;0;160;0;
23848;6521640;1074716672;34873344;1162764288;0;0;0;0;0;0;0;0;0;0;0;3717;0;0;95;0;160;0;
23849;7799016;1074716672;34873344;1162764288;0;0;0;0;0;0;0;0;0;0;0;3036;0;0;95;0;160;0;
23850;5820596;1074716672;34873344;1162764288;0;0;0;0;0;0;0;0;0;0;0;3026;0;0;95;0;160;0;
23851;6336493;1074716672;34873344;1162764288;0;0;0;0;0;0;0;0;0;0;0;2755;0;0;95;0;160;0;
23852;8011424;1074716672;34873344;1162764288;0;0;0;0;0;0;0;0;0;0;0;4779;0;0;95;0;160;0;
23853;7913111;1074716672;34873344;1162764288;0;0;0;0;0;0;0;0;0;0;0;3848;0;0;95;0;160;0;
23854;7395429;1074716672;34873344;1162764288;0;0;0;0;0;0;0;0;0;0;0;3566;0;0;95;0;160;0;
23855;6641215;1074716672;34873344;1162764288;0;0;0;0;0;0;0;0;0;0;0;3566;0;0;95;0;160;0;
23856;4860385;1074716672;34873344;1162764288;0;0;0;0;0;0;0;0;0;0;0;3747;0;0;95;0;160;0;
23857;5995974;1074716672;34873344;1162764288;0;0;0;0;0;0;0;0;0;0;0;4529;0;0;95;0;160;0;
23858;6578137;1074716672;34873344;1162764288;0;0;0;0;0;0;0;0;0;0;0;3987;0;0;95;0;160;0;
23859;7570298;1074716672;34873344;1162764288;0;0;0;0;0;0;0;0;0;0;0;3797;0;0;95;0;160;0;
23860;5280713;1074716672;34873344;1162764288;0;0;0;0;0;0;0;0;0;0;0;4198;0;0;95;0;160;0;
23861;6928043;1074716672;34873344;1162764288;0;0;0;0;0;0;0;0;0;0;0;4398;0;0;95;0;160;0;
23862;5184503;1074716672;34873344;1162764288;0;0;0;0;0;0;0;0;0;0;0;3487;0;0;95;0;160;0;
23863;6312619;1074716672;34873344;1162764288;0;0;0;0;0;0;0;0;0;0;0;4007;0;0;95;0;160;0;
23864;5018682;1074716672;34873344;1162764288;0;0;0;0;0;0;0;0;0;0;0;3817;0;0;95;0;160;0;
23865;7098151;1074716672;34873344;1162764288;0;0;0;0;0;0;0;0;0;0;0;2745;0;0;95;0;160;0;
23866;7030966;1074716672;34873344;1162764288;0;0;0;0;0;0;0;0;0;0;0;4619;0;0;95;0;160;0;
23867;8229213;1074716672;34873344;1162764288;0;0;0;0;0;0;0;0;0;0;0;4920;0;0;95;0;160;0;
23868;5924901;1074716672;34873344;1162764288;0;0;0;0;0;0;0;0;0;0;0;6252;0;0;95;0;160;0;
23869;7108832;1074716672;34873344;1162764288;0;0;0;0;0;0;0;0;0;0;0;3026;0;0;95;0;160;0;
23870;4974839;1074716672;34873344;1162764288;0;0;0;0;0;0;0;0;0;0;0;3627;0;0;95;0;160;0;
23871;6530447;1074716672;34873344;1162764288;0;0;0;0;0;0;0;0;0;0;0;2955;0;0;95;0;160;0;
23872;5869497;1074716672;34873344;1162764288;0;0;0;0;0;0;0;0;0;0;0;3677;0;0;95;0;160;0;
23873;6694755;1074716672;34873344;1162764288;0;0;0;0;0;0;0;0;0;0;0;3386;0;0;95;0;160;0;
23874;7192999;1074716672;34873344;1162764288;0;0;0;0;0;0;0;0;0;0;0;3557;0;0;95;0;160;0;
23875;7441035;1074716672;34873344;1162764288;0;0;0;0;0;0;0;0;0;0;0;4528;0;0;95;0;160;0;
23876;5482441;1074716672;34873344;1162764288;0;0;0;0;0;0;0;0;0;0;0;3767;0;0;95;0;160;0;
23877;7362617;1074716672;34873344;1162764288;0;0;0;0;0;0;0;0;0;0;0;3346;0;0;95;0;160;0;
23878;5498823;1074716672;34873344;1162764288;0;0;0;0;0;0;0;0;0;0;0;4018;0;0;95;0;160;0;
23879;7037809;1074716672;34873344;1162764288;0;0;0;0;0;0;0;0;0;0;0;4779;0;0;95;0;160;0;
23880;6843734;1074716672;34873344;1162764288;0;0;0;0;0;0;0;0;0;0;0;4328;0;0;95;0;160;0;
23881;7639828;1074716672;34873344;1162764288;0;0;0;0;0;0;0;0;0;0;0;4378;0;0;95;0;160;0;
23882;5852906;1074716672;34873344;1162764288;0;0;0;0;0;0;0;0;0;0;0;4308;0;0;95;0;160;0;
23883;6427875;1074716672;34873344;1162764288;0;0;0;0;0;0;0;0;0;0;0;2825;0;0;95;0;160;0;
23884;6387179;1074716672;34873344;1162764288;0;0;0;0;0;0;0;0;0;0;0;3016;0;0;95;0;160;0;
23885;5478775;1074716672;34873344;1162764288;0;0;0;0;0;0;0;0;0;0;0;2705;0;0;95;0;160;0;
23886;6773383;1074716672;34873344;1162764288;0;0;0;0;0;0;0;0;0;0;0;3196;0;0;95;0;160;0;
23887;7339224;1074716672;34873344;1162764288;0;0;0;0;0;0;0;0;0;0;0;2445;0;0;95;0;160;0;
23888;5306772;1074716672;34873344;1162764288;0;0;0;0;0;0;0;0;0;0;0;3636;0;0;95;0;160;0;
23889;7735327;1074716672;34873344;1162764288;0;0;0;0;0;0;0;0;0;0;0;2805;0;0;95;0;160;0;
23890;4359205;1074716672;34873344;1162764288;0;0;0;0;0;0;0;0;0;0;0;4348;0;0;95;0;160;0;
23891;7952114;1074716672;34873344;1162764288;0;0;0;0;0;0;0;0;0;0;0;3327;0;0;95;0;160;0;
23892;4380556;1074716672;34873344;1162764288;0;0;0;0;0;0;0;0;0;0;0;3857;0;0;95;0;160;0;
23893;7443930;1074716672;34873344;1162764288;0;0;0;0;0;0;0;0;0;0;0;4398;0;0;95;0;160;0;
23894;3901767;1074716672;34873344;1162764288;0;0;0;0;0;0;0;0;0;0;0;3266;0;0;95;0;160;0;
23895;7502360;1074716672;34873344;1162764288;0;0;0;0;0;0;0;0;0;0;0;5140;0;0;95;0;160;0;
23896;3697244;1074716672;34873344;1162764288;0;0;0;0;0;0;0;0;0;0;0;2945;0;0;95;0;160;0;
23897;7673761;1074716672;34873344;1162764288;0;0;0;0;0;0;0;0;0;0;0;5310;0;0;95;0;160;0;
23898;3736517;1074716672;34873344;1162764288;0;0;0;0;0;0;0;0;0;0;0;3166;0;0;95;0;160;0;
23899;6642287;1074716672;34873344;1162764288;0;0;0;0;0;0;0;0;0;0;0;4048;0;0;95;0;160;0;
23900;4315553;1074716672;34873344;1162764288;0;0;0;0;0;0;0;0;0;0;0;3827;0;0;95;0;160;0;
23901;6707058;1074716672;34873344;1162764288;0;0;0;0;0;0;0;0;0;0;0;3536;0;0;95;0;160;0;
23902;4512373;1074716672;34873344;1162764288;0;0;0;0;0;0;0;0;0;0;0;3667;0;0;95;0;160;0;
23903;8556978;1074716672;34873344;1162764288;0;0;0;0;0;0;0;0;0;0;0;3206;0;0;95;0;160;0;
23904;4322516;1074716672;34873344;1162764288;0;0;0;0;0;0;0;0;0;0;0;3938;0;0;95;0;160;0;
23905;7107309;1074716672;34873344;1162764288;0;0;0;0;0;0;0;0;0;0;0;3336;0;0;95;0;160;0;
23906;3889404;1074716672;34873344;1162764288;0;0;0;0;0;0;0;0;0;0;0;3757;0;0;95;0;160;0;
23907;6392539;1074716672;34873344;1162764288;0;0;0;0;0;0;0;0;0;0;0;3697;0;0;95;0;160;0;
23908;4596621;1074716672;34873344;1162764288;0;0;0;0;0;0;0;0;0;0;0;3065;0;0;95;0;160;0;
23909;7079537;1074716672;34873344;1162764288;0;0;0;0;0;0;0;0;0;0;0;4288;0;0;95;0;160;0;
23910;4483308;1074716672;34873344;1162764288;0;0;0;0;0;0;0;0;0;0;0;3306;0;0;95;0;160;0;
23911;6862981;1074716672;34873344;1162764288;0;0;0;0;0;0;0;0;0;0;0;4568;0;0;95;0;160;0;
23912;5386723;1074716672;34873344;1162764288;0;0;0;0;0;0;0;0;0;0;0;3617;0;0;95;0;160;0;
23913;7002242;1074716672;34873344;1162764288;0;0;0;0;0;0;0;0;0;0;0;4949;0;0;95;0;160;0;
23914;5319366;1074716672;34873344;1162764288;0;0;0;0;0;0;0;0;0;0;0;2775;0;0;95;0;160;0;
23915;6563139;1074716672;34873344;1162764288;0;0;0;0;0;0;0;0;0;0;0;3777;0;0;95;0;160;0;
23916;5217044;1074716672;34873344;1162764288;0;0;0;0;0;0;0;0;0;0;0;4178;0;0;95;0;160;0;
23917;8865576;1074716672;34873344;1162764288;0;0;0;0;0;0;0;0;0;0;0;4408;0;0;95;0;160;0;
23918;5755724;1074716672;34873344;1162764288;0;0;0;0;0;0;0;0;0;0;0;3787;0;0;95;0;160;0;
23919;6609305;1074716672;34873344;1162764288;0;0;0;0;0;0;0;0;0;0;0;2144;0;0;95;0;160;0;
23920;4331664;1074716672;34873344;1162764288;0;0;0;0;0;0;0;0;0;0;0;2946;0;0;95;0;160;0;
23921;6740692;1074716672;34873344;1162764288;0;0;0;0;0;0;0;0;0;0;0;3707;0;0;95;0;160;0;
23922;5211714;1074716672;34873344;1162764288;0;0;0;0;0;0;0;0;0;0;0;3186;0;0;95;0;160;0;
23923;5467213;1074716672;34873344;1162764288;0;0;0;0;0;0;0;0;0;0;0;2575;0;0;95;0;160;0;
23924;5483814;1074716672;34873344;1162764288;0;0;0;0;0;0;0;0;0;0;0;3136;0;0;95;0;160;0;
23925;6102575;1074716672;34873344;1162764288;0;0;0;0;0;0;0;0;0;0;0;3747;0;0;95;0;160;0;
23926;9194774;1074716672;34873344;1162764288;0;0;0;0;0;0;0;0;0;0;0;3676;0;0;95;0;160;0;
23927;9034343;1074716672;34873344;1162764288;0;0;0;0;0;0;0;0;0;0;0;4709;0;0;95;0;160;0;
23928;4693863;1074716672;34873344;1162764288;0;0;0;0;0;0;0;0;0;0;0;2865;0;0;95;0;160;0;
23929;5961019;1074716672;34873344;1162764288;0;0;0;0;0;0;0;0;0;0;0;3597;0;0;95;0;160;0;
23930;4468220;1074716672;34873344;1162764288;0;0;0;0;0;0;0;0;0;0;0;3487;0;0;95;0;160;0;
23931;4921530;1074716672;34873344;1162764288;0;0;0;0;0;0;0;0;0;0;0;4017;0;0;95;0;160;0;
23932;3830063;1074716672;34873344;1162764288;0;0;0;0;0;0;0;0;0;0;0;3297;0;0;95;0;160;0;
23933;5686514;1074716672;34873344;1162764288;0;0;0;0;0;0;0;0;0;0;0;2916;0;0;95;0;160;0;
23934;5582519;1074716672;34873344;1162764288;0;0;0;0;0;0;0;0;0;0;0;3878;0;0;95;0;160;0;
23935;5080959;1074716672;34873344;1162764288;0;0;0;0;0;0;0;0;0;0;0;3977;0;0;95;0;160;0;
23936;4979378;1074716672;34873344;1162764288;0;0;0;0;0;0;0;0;0;0;0;3837;0;0;95;0;160;0;
23937;6097054;1074716672;34873344;1162764288;0;0;0;0;0;0;0;0;0;0;0;2805;0;0;95;0;160;0;
23938;5731248;1074716672;34873344;1162764288;0;0;0;0;0;0;0;0;0;0;0;3797;0;0;95;0;160;0;
23939;6787569;1074716672;34873344;1162764288;0;0;0;0;0;0;0;0;0;0;0;3477;0;0;95;0;160;0;
23940;3910052;1074716672;34873344;1162764288;0;0;0;0;0;0;0;0;0;0;0;4017;0;0;95;0;160;0;
23941;5544929;1074716672;34873344;1162764288;0;0;0;0;0;0;0;0;0;0;0;2644;0;0;95;0;160;0;
23942;5335647;1074716672;34873344;1162764288;0;0;0;0;0;0;0;0;0;0;0;3176;0;0;95;0;160;0;
23943;6994878;1074716672;34873344;1162764288;0;0;0;0;0;0;0;0;0;0;0;3296;0;0;95;0;160;0;
23944;4248287;1074716672;34873344;1162764288;0;0;0;0;0;0;0;0;0;0;0;3707;0;0;95;0;160;0;
23945;6500822;1074716672;34873344;1162764288;0;0;0;0;0;0;0;0;0;0;0;3466;0;0;95;0;160;0;
23946;5023872;1074716672;34873344;1162764288;0;0;0;0;0;0;0;0;0;0;0;2906;0;0;95;0;160;0;
23947;5419704;1074716672;34873344;1162764288;0;0;0;0;0;0;0;0;0;0;0;2685;0;0;95;0;160;0;
23948;4489179;1074716672;34873344;1162764288;0;0;0;0;0;0;0;0;0;0;0;4238;0;0;95;0;160;0;
23949;7402984;1074716672;34873344;1162764288;0;0;0;0;0;0;0;0;0;0;0;4178;0;0;95;0;160;0;
23950;4195568;1074716672;34873344;1162764288;0;0;0;0;0;0;0;0;0;0;0;3035;0;0;95;0;160;0;
23951;7259615;1074716672;34873344;1162764288;0;0;0;0;0;0;0;0;0;0;0;4068;0;0;95;0;160;0;
23952;5378607;1074716672;34873344;1162764288;0;0;0;0;0;0;0;0;0;0;0;4308;0;0;95;0;160;0;
23953;8504740;1074716672;34873344;1162764288;0;0;0;0;0;0;0;0;0;0;0;3426;0;0;95;0;160;0;
23954;7391061;1074716672;34873344;1162764288;0;0;0;0;0;0;0;0;0;0;0;3817;0;0;95;0;160;0;
23955;6476366;1074716672;34873344;1162764288;0;0;0;0;0;0;0;0;0;0;0;3547;0;0;95;0;160;0;
23956;5403354;1074716672;34873344;1162764288;0;0;0;0;0;0;0;0;0;0;0;3577;0;0;95;0;160;0;
23957;7364982;1074716672;34873344;1162764288;0;0;0;0;0;0;0;0;0;0;0;3085;0;0;95;0;160;0;
23958;5077342;1074716672;34873344;1162764288;0;0;0;0;0;0;0;0;0;0;0;41007;0;0;95;0;160;0;
23959;6609566;1074716672;34873344;1162764288;0;0;0;0;0;0;0;0;0;0;0;3116;0;0;95;0;160;0;
23960;6160363;1074716672;34873344;1162764288;0;0;0;0;0;0;0;0;0;0;0;4799;0;0;95;0;160;0;
23961;6816293;1074716672;34873344;1162764288;0;0;0;0;0;0;0;0;0;0;0;3477;0;0;95;0;160;0;
23962;8575543;1074716672;34873344;1162764288;0;0;0;0;0;0;0;0;0;0;0;3286;0;0;95;0;160;0;
23963;6361400;1074716672;34873344;1162764288;0;0;0;0;0;0;0;0;0;0;0;2585;0;0;95;0;160;0;
23964;6596421;1074716672;34873344;1162764288;0;0;0;0;0;0;0;0;0;0;0;2995;0;0;95;0;160;0;
23965;7169305;1074716672;34873344;1162764288;0;0;0;0;0;0;0;0;0;0;0;4328;0;0;95;0;160;0;
23966;6389422;1074716672;34873344;1162764288;0;0;0;0;0;0;0;0;0;0;0;5150;0;0;95;0;160;0;
23967;7874007;1074716672;34873344;1162764288;0;0;0;0;0;0;0;0;0;0;0;4388;0;0;95;0;160;0;
23968;6863822;1074716672;34873344;1162764288;0;0;0;0;0;0;0;0;0;0;0;3397;0;0;95;0;160;0;
23969;6044315;1074716672;34873344;1162764288;0;0;0;0;0;0;0;0;0;0;0;2815;0;0;95;0;160;0;
23970;6477948;1074716672;34873344;1162764288;0;0;0;0;0;0;0;0;0;0;0;3406;0;0;95;0;160;0;
23971;7669894;1074716672;34873344;1162764288;0;0;0;0;0;0;0;0;0;0;0;2805;0;0;95;0;160;0;
23972;6651374;1074716672;34873344;1162764288;0;0;0;0;0;0;0;0;0;0;0;3918;0;0;95;0;160;0;
23973;6626026;1074716672;34873344;1162764288;0;0;0;0;0;0;0;0;0;0;0;3276;0;0;95;0;160;0;
23974;5922006;1074716672;34873344;1162764288;0;0;0;0;0;0;0;0;0;0;0;3306;0;0;95;0;160;0;
23975;6372591;1074716672;34873344;1162764288;0;0;0;0;0;0;0;0;0;0;0;108955;0;0;95;0;160;0;
23976;5317452;1074716672;34873344;1162764288;0;0;0;0;0;0;0;0;0;0;0;3597;0;0;95;0;160;0;
23977;6305315;1074716672;34873344;1162764288;0;0;0;0;0;0;0;0;0;0;0;2785;0;0;95;0;160;0;
23978;5540180;1074716672;34873344;1162764288;0;0;0;0;0;0;0;0;0;0;0;4067;0;0;95;0;160;0;
23979;6253137;1074716672;34873344;1162764288;0;0;0;0;0;0;0;0;0;0;0;2655;0;0;95;0;160;0;
23980;5009845;1074716672;34873344;1162764288;0;0;0;0;0;0;0;0;0;0;0;3927;0;0;95;0;160;0;
23981;5604991;1074716672;34873344;1162764288;0;0;0;0;0;0;0;0;0;0;0;2525;0;0;95;0;160;0;
23982;5055241;1074716672;34873344;1162764288;0;0;0;0;0;0;0;0;0;0;0;3035;0;0;95;0;160;0;
23983;7445995;1074716672;34873344;1162764288;0;0;0;0;0;0;0;0;0;0;0;4238;0;0;95;0;160;0;
23984;5016918;1074716672;34873344;1162764288;0;0;0;0;0;0;0;0;0;0;0;3076;0;0;95;0;160;0;
23985;7326490;1074716672;34873344;1162764288;0;0;0;0;0;0;0;0;0;0;0;2094;0;0;95;0;160;0;
23986;4718729;1074716672;34873344;1162764288;0;0;0;0;0;0;0;0;0;0;0;4428;0;0;95;0;160;0;
23987;6360379;1074716672;34873344;1162764288;0;0;0;0;0;0;0;0;0;0;0;3176;0;0;95;0;160;0;
23988;5093402;1074716672;34873344;1162764288;0;0;0;0;0;0;0;0;0;0;0;3497;0;0;95;0;160;0;
23989;7448739;1074716672;34873344;1162764288;0;0;0;0;0;0;0;0;0;0;0;3376;0;0;95;0;160;0;
23990;5531774;1074716672;34873344;1162764288;0;0;0;0;0;0;0;0;0;0;0;7655;0;0;95;0;160;0;
23991;9306584;1074716672;34873344;1162764288;0;0;0;0;0;0;0;0;0;0;0;4268;0;0;95;0;160;0;
23992;6384253;1074716672;34873344;1162764288;0;0;0;0;0;0;0;0;0;0;0;4218;0;0;95;0;160;0;
23993;8416204;1074716672;34873344;1162764288;0;0;0;0;0;0;0;0;0;0;0;4218;0;0;95;0;160;0;
23994;5190394;1074716672;34873344;1162764288;0;0;0;0;0;0;0;0;0;0;0;2835;0;0;95;0;160;0;
23995;7971079;1074716672;34873344;1162764288;0;0;0;0;0;0;0;0;0;0;0;3046;0;0;95;0;160;0;
23996;6148411;1074716672;34873344;1162764288;0;0;0;0;0;0;0;0;0;0;0;4177;0;0;95;0;160;0;
23997;7103722;1074716672;34873344;1162764288;0;0;0;0;0;0;0;0;0;0;0;4147;0;0;95;0;160;0;
23998;7001861;1074716672;34873344;1162764288;0;0;0;0;0;0;0;0;0;0;0;2986;0;0;95;0;160;0;
23999;11908643;1074716672;34873344;1162764288;0;0;0;0;0;0;0;0;0;0;0;2745;0;0;95;0;160;0;
24000;8699675;1074716672;34873344;1162764288;0;0;0;0;0;0;0;0;0;0;0;3246;0;0;95;0;160;0;
24001;7013903;1074716672;34873344;1162764288;0;0;0;0;0;0;0;0;0;0;0;3326;0;0;95;0;160;0;
24002;7840514;1074716672;34873344;1162764288;0;0;0;0;0;0;0;0;0;0;0;2605;0;0;95;0;160;0;
24003;6096393;1074716672;34873344;1162764288;0;0;0;0;0;0;0;0;0;0;0;2866;0;0;95;0;160;0;
24004;6456829;1074716672;34873344;1162764288;0;0;0;0;0;0;0;0;0;0;0;2855;0;0;95;0;160;0;
24005;6765147;1074716672;34873344;1162764288;0;0;0;0;0;0;0;0;0;0;0;3787;0;0;95;0;160;0;
24006;5184032;1074716672;34873344;1162764288;0;0;0;0;0;0;0;0;0;0;0;3927;0;0;95;0;160;0;
24007;7929340;1074716672;34873344;1162764288;0;0;0;0;0;0;0;0;0;0;0;3667;0;0;95;0;160;0;
24008;5834902;1074716672;34873344;1162764288;0;0;0;0;0;0;0;0;0;0;0;19577;0;0;95;0;160;0;
24009;7680674;1074716672;34873344;1162764288;0;0;0;0;0;0;0;0;0;0;0;4388;0;0;95;0;160;0;
24010;5658421;1074716672;34873344;1162764288;0;0;0;0;0;0;0;0;0;0;0;4028;0;0;95;0;160;0;
24011;4982775;1074716672;34873344;1162764288;0;0;0;0;0;0;0;0;0;0;0;2925;0;0;95;0;160;0;
24012;7633085;1074716672;34873344;1162764288;0;0;0;0;0;0;0;0;0;0;0;3306;0;0;95;0;160;0;
24013;7880128;1074716672;34873344;1162764288;0;0;0;0;0;0;0;0;0;0;0;2915;0;0;95;0;160;0;
24014;7113220;1074716672;34873344;1162764288;0;0;0;0;0;0;0;0;0;0;0;152897;0;0;95;0;160;0;
24015;6920749;1074716672;34873344;1162764288;0;0;0;0;0;0;0;0;0;0;0;3537;0;0;95;0;160;0;
24016;6282873;1074716672;34873344;1162764288;0;0;0;0;0;0;0;0;0;0;0;5220;0;0;95;0;160;0;
24017;5724436;1074716672;34873344;1162764288;0;0;0;0;0;0;0;0;0;0;0;2876;0;0;95;0;160;0;
24018;8319112;1074716672;34873344;1162764288;0;0;0;0;0;0;0;0;0;0;0;3727;0;0;95;0;160;0;
24019;6695236;1074716672;34873344;1162764288;0;0;0;0;0;0;0;0;0;0;0;2785;0;0;95;0;160;0;
24020;7190956;1074716672;34873344;1162764288;0;0;0;0;0;0;0;0;0;0;0;4128;0;0;95;0;160;0;
24021;7356477;1074716672;34873344;1162764288;0;0;0;0;0;0;0;0;0;0;0;3647;0;0;95;0;160;0;
24022;4827444;1074716672;34873344;1162764288;0;0;0;0;0;0;0;0;0;0;0;3957;0;0;95;0;160;0;
24023;6610978;1074716672;34873344;1162764288;0;0;0;0;0;0;0;0;0;0;0;3596;0;0;95;0;160;0;
24024;7538157;1074716672;34873344;1162764288;0;0;0;0;0;0;0;0;0;0;0;3396;0;0;95;0;160;0;
24025;7124111;1074716672;34877440;1162768384;0;0;0;0;0;0;0;0;0;0;0;4378;0;0;95;0;160;0;
24026;6852060;1074716672;34881536;1162772480;0;0;0;0;0;0;0;0;0;0;0;4548;0;0;95;0;160;0;
24027;6338778;1074716672;34881536;1162772480;0;0;0;0;0;0;0;0;0;0;0;3056;0;0;95;0;160;0;
24028;7422390;1074716672;34881536;1162772480;0;0;0;0;0;0;0;0;0;0;0;3917;0;0;95;0;160;0;
24029;7509383;1074716672;34881536;1162772480;0;0;0;0;0;0;0;0;0;0;0;4338;0;0;95;0;160;0;
24030;5011950;1074716672;34881536;1162772480;0;0;0;0;0;0;0;0;0;0;0;2705;0;0;95;0;160;0;
24031;6314131;1074716672;34881536;1162772480;0;0;0;0;0;0;0;0;0;0;0;3597;0;0;95;0;160;0;
24032;6725914;1074880512;34873344;1162764288;0;0;0;0;0;0;0;0;0;0;0;4077;0;0;95;0;160;0;
24033;7225571;1074880512;34873344;1162764288;0;0;0;0;0;0;0;0;0;0;0;2946;0;0;95;0;160;0;
24034;6883720;1074880512;34873344;1162764288;0;0;0;0;0;0;0;0;0;0;0;4328;0;0;95;0;160;0;
24035;7568574;1074880512;34873344;1162764288;0;0;0;0;0;0;0;0;0;0;0;4017;0;0;95;0;160;0;
24036;5787584;1074880512;34873344;1162764288;0;0;0;0;0;0;0;0;0;0;0;3496;0;0;95;0;160;0;
24037;7750936;1074880512;34873344;1162764288;0;0;0;0;0;0;0;0;0;0;0;3326;0;0;95;0;160;0;
24038;7298177;1074880512;34873344;1162764288;0;0;0;0;0;0;0;0;0;0;0;2986;0;0;95;0;160;0;
24039;6813678;1074880512;34873344;1162764288;0;0;0;0;0;0;0;0;0;0;0;3848;0;0;95;0;160;0;
24040;6737786;1074880512;34873344;1162764288;0;0;0;0;0;0;0;0;0;0;0;3035;0;0;95;0;160;0;
24041;7822700;1074880512;34873344;1162764288;0;0;0;0;0;0;0;0;0;0;0;3376;0;0;95;0;160;0;
24042;5071882;1074880512;34873344;1162764288;0;0;0;0;0;0;0;0;0;0;0;2976;0;0;95;0;160;0;
24043;6720143;1074880512;34873344;1162764288;0;0;0;0;0;0;0;0;0;0;0;2114;0;0;95;0;160;0;
24044;5869267;1074880512;34873344;1162764288;0;0;0;0;0;0;0;0;0;0;0;3707;0;0;95;0;160;0;
24045;7612155;1074880512;34873344;1162764288;0;0;0;0;0;0;0;0;0;0;0;2675;0;0;95;0;160;0;
24046;5870269;1074880512;34873344;1162764288;0;0;0;0;0;0;0;0;0;0;0;2845;0;0;95;0;160;0;
24047;7335016;1074880512;34873344;1162764288;0;0;0;0;0;0;0;0;0;0;0;2625;0;0;95;0;160;0;
24048;5432919;1074880512;34873344;1162764288;0;0;0;0;0;0;0;0;0;0;0;3407;0;0;95;0;160;0;
24049;7744714;1074880512;34873344;1162764288;0;0;0;0;0;0;0;0;0;0;0;4238;0;0;95;0;160;0;
24050;5185905;1074880512;34873344;1162764288;0;0;0;0;0;0;0;0;0;0;0;3226;0;0;95;0;160;0;
24051;7592729;1074880512;34873344;1162764288;0;0;0;0;0;0;0;0;0;0;0;3667;0;0;95;0;160;0;
24052;4920147;1074880512;34873344;1162764288;0;0;0;0;0;0;0;0;0;0;0;4008;0;0;95;0;160;0;
24053;7320409;1074880512;34873344;1162764288;0;0;0;0;0;0;0;0;0;0;0;3056;0;0;95;0;160;0;
24054;7124551;1074880512;34873344;1162764288;0;0;0;0;0;0;0;0;0;0;0;3526;0;0;95;0;160;0;
24055;6855767;1074880512;34873344;1162764288;0;0;0;0;0;0;0;0;0;0;0;3827;0;0;95;0;160;0;
24056;6679527;1074880512;34873344;1162764288;0;0;0;0;0;0;0;0;0;0;0;4208;0;0;95;0;160;0;
24057;5154567;1074880512;34873344;1162764288;0;0;0;0;0;0;0;0;0;0;0;2304;0;0;95;0;160;0;
24058;9869019;1074880512;34873344;1162764288;0;0;0;0;0;0;0;0;0;0;0;2615;0;0;95;0;160;0;
24059;7012641;1074880512;34873344;1162764288;0;0;0;0;0;0;0;0;0;0;0;4047;0;0;95;0;160;0;
24060;6564421;1074880512;34873344;1162764288;0;0;0;0;0;0;0;0;0;0;0;2836;0;0;95;0;160;0;
24061;7580676;1074880512;34873344;1162764288;0;0;0;0;0;0;0;0;0;0;0;3506;0;0;95;0;160;0;
24062;6508356;1074880512;34873344;1162764288;0;0;0;0;0;0;0;0;0;0;0;3005;0;0;95;0;160;0;
24063;8032373;1074880512;34873344;1162764288;0;0;0;0;0;0;0;0;0;0;0;4698;0;0;95;0;160;0;
24064;6235544;1074880512;34873344;1162764288;0;0;0;0;0;0;0;0;0;0;0;4288;0;0;95;0;160;0;
24065;6309543;1074880512;34873344;1162764288;0;0;0;0;0;0;0;0;0;0;0;5150;0;0;95;0;160;0;
24066;5708456;1074880512;34873344;1162764288;0;0;0;0;0;0;0;0;0;0;0;3196;0;0;95;0;160;0;
24067;8548742;1074880512;34873344;1162764288;0;0;0;0;0;0;0;0;0;0;0;4278;0;0;95;0;160;0;
24068;5441294;1074880512;34873344;1162764288;0;0;0;0;0;0;0;0;0;0;0;4088;0;0;95;0;160;0;
24069;8030360;1074880512;34873344;1162764288;0;0;0;0;0;0;0;0;0;0;0;3436;0;0;95;0;160;0;
24070;6499008;1074880512;34873344;1162764288;0;0;0;0;0;0;0;0;0;0;0;4168;0;0;95;0;160;0;
24071;7227935;1074880512;34873344;1162764288;0;0;0;0;0;0;0;0;0;0;0;3778;0;0;95;0;160;0;
24072;7804517;1074880512;34873344;1162764288;0;0;0;0;0;0;0;0;0;0;0;4177;0;0;95;0;160;0;
24073;8729331;1074880512;34873344;1162764288;0;0;0;0;0;0;0;0;0;0;0;4389;0;0;95;0;160;0;
24074;5554387;1074880512;34873344;1162764288;0;0;0;0;0;0;0;0;0;0;0;3597;0;0;95;0;160;0;
24075;6883870;1074880512;34873344;1162764288;0;0;0;0;0;0;0;0;0;0;0;4138;0;0;95;0;160;0;
24076;4329099;1074880512;34873344;1162764288;0;0;0;0;0;0;0;0;0;0;0;3717;0;0;95;0;160;0;
24077;7850272;1074880512;34873344;1162764288;0;0;0;0;0;0;0;0;0;0;0;3246;0;0;95;0;160;0;
24078;5154807;1074880512;34873344;1162764288;0;0;0;0;0;0;0;0;0;0;0;3737;0;0;95;0;160;0;
24079;8488590;1074880512;34873344;1162764288;0;0;0;0;0;0;0;0;0;0;0;3477;0;0;95;0;160;0;
24080;7333843;1074880512;34873344;1162764288;0;0;0;0;0;0;0;0;0;0;0;4038;0;0;95;0;160;0;
24081;7532787;1074880512;34873344;1162764288;0;0;0;0;0;0;0;0;0;0;0;26640;0;0;95;0;160;0;
24082;6039126;1074880512;34873344;1162764288;0;0;0;0;0;0;0;0;0;0;0;3056;0;0;95;0;160;0;
24083;6959081;1074880512;34873344;1162764288;0;0;0;0;0;0;0;0;0;0;0;3657;0;0;95;0;160;0;
24084;5654845;1074880512;34873344;1162764288;0;0;0;0;0;0;0;0;0;0;0;3456;0;0;95;0;160;0;
24085;6365327;1074880512;34873344;1162764288;0;0;0;0;0;0;0;0;0;0;0;4989;0;0;95;0;160;0;
24086;5001460;1074880512;34873344;1162764288;0;0;0;0;0;0;0;0;0;0;0;3917;0;0;95;0;160;0;
24087;8262726;1074880512;34873344;1162764288;0;0;0;0;0;0;0;0;0;0;0;3747;0;0;95;0;160;0;
24088;4656353;1074880512;34873344;1162764288;0;0;0;0;0;0;0;0;0;0;0;3066;0;0;95;0;160;0;
24089;7473706;1074880512;34873344;1162764288;0;0;0;0;0;0;0;0;0;0;0;3697;0;0;95;0;160;0;
24090;6111361;1074880512;34873344;1162764288;0;0;0;0;0;0;0;0;0;0;0;3076;0;0;95;0;160;0;
24091;8871107;1074880512;34873344;1162764288;0;0;0;0;0;0;0;0;0;0;0;4278;0;0;95;0;160;0;
24092;5713405;1074880512;34873344;1162764288;0;0;0;0;0;0;0;0;0;0;0;4127;0;0;95;0;160;0;
24093;6632208;1074880512;34873344;1162764288;0;0;0;0;0;0;0;0;0;0;0;3006;0;0;95;0;160;0;
24094;6965563;1074880512;34873344;1162764288;0;0;0;0;0;0;0;0;0;0;0;3326;0;0;95;0;160;0;
24095;6176083;1074880512;34873344;1162764288;0;0;0;0;0;0;0;0;0;0;0;3166;0;0;95;0;160;0;
24096;5484165;1074880512;34873344;1162764288;0;0;0;0;0;0;0;0;0;0;0;4168;0;0;95;0;160;0;
24097;5209029;1074880512;34873344;1162764288;0;0;0;0;0;0;0;0;0;0;0;2224;0;0;95;0;160;0;
24098;5250838;1074880512;34873344;1162764288;0;0;0;0;0;0;0;0;0;0;0;3617;0;0;95;0;160;0;
24099;6475093;1074880512;34873344;1162764288;0;0;0;0;0;0;0;0;0;0;0;3557;0;0;95;0;160;0;
24100;4854844;1074880512;34873344;1162764288;0;0;0;0;0;0;0;0;0;0;0;3066;0;0;95;0;160;0;
24101;7356356;1074880512;34873344;1162764288;0;0;0;0;0;0;0;0;0;0;0;3907;0;0;95;0;160;0;
24102;5359310;1074880512;34873344;1162764288;0;0;0;0;0;0;0;0;0;0;0;2865;0;0;95;0;160;0;
24103;9181780;1074880512;34873344;1162764288;0;0;0;0;0;0;0;0;0;0;0;4198;0;0;95;0;160;0;
24104;4819709;1074880512;34873344;1162764288;0;0;0;0;0;0;0;0;0;0;0;3938;0;0;95;0;160;0;
24105;7672128;1074880512;34873344;1162764288;0;0;0;0;0;0;0;0;0;0;0;3256;0;0;95;0;160;0;
24106;5593220;1074880512;34873344;1162764288;0;0;0;0;0;0;0;0;0;0;0;2875;0;0;95;0;160;0;
24107;7236451;1074880512;34873344;1162764288;0;0;0;0;0;0;0;0;0;0;0;3085;0;0;95;0;160;0;
24108;6226537;1074880512;34873344;1162764288;0;0;0;0;0;0;0;0;0;0;0;3917;0;0;95;0;160;0;
24109;7061292;1074880512;34873344;1162764288;0;0;0;0;0;0;0;0;0;0;0;2855;0;0;95;0;160;0;
24110;6112724;1074880512;34873344;1162764288;0;0;0;0;0;0;0;0;0;0;0;2575;0;0;95;0;160;0;
24111;7439993;1074880512;34873344;1162764288;0;0;0;0;0;0;0;0;0;0;0;3186;0;0;95;0;160;0;
24112;5828691;1074880512;34873344;1162764288;0;0;0;0;0;0;0;0;0;0;0;3476;0;0;95;0;160;0;
24113;9944480;1074880512;34873344;1162764288;0;0;0;0;0;0;0;0;0;0;0;3386;0;0;95;0;160;0;
24114;6488508;1074880512;34873344;1162764288;0;0;0;0;0;0;0;0;0;0;0;3347;0;0;95;0;160;0;
24115;9131284;1074880512;34873344;1162764288;0;0;0;0;0;0;0;0;0;0;0;3807;0;0;95;0;160;0;
24116;5412411;1074880512;34873344;1162764288;0;0;0;0;0;0;0;0;0;0;0;4007;0;0;95;0;160;0;
24117;7952955;1074880512;34873344;1162764288;0;0;0;0;0;0;0;0;0;0;0;3387;0;0;95;0;160;0;
24118;4319180;1074880512;34873344;1162764288;0;0;0;0;0;0;0;0;0;0;0;3186;0;0;95;0;160;0;
24119;7697035;1074880512;34873344;1162764288;0;0;0;0;0;0;0;0;0;0;0;3797;0;0;95;0;160;0;
24120;4882837;1074880512;34873344;1162764288;0;0;0;0;0;0;0;0;0;0;0;2735;0;0;95;0;160;0;
24121;8389323;1074880512;34873344;1162764288;0;0;0;0;0;0;0;0;0;0;0;3968;0;0;95;0;160;0;
24122;4310694;1074880512;34873344;1162764288;0;0;0;0;0;0;0;0;0;0;0;3196;0;0;95;0;160;0;
24123;7525093;1074880512;34873344;1162764288;0;0;0;0;0;0;0;0;0;0;0;3166;0;0;95;0;160;0;
24124;4914317;1074880512;34873344;1162764288;0;0;0;0;0;0;0;0;0;0;0;3978;0;0;95;0;160;0;
24125;6740371;1074880512;34873344;1162764288;0;0;0;0;0;0;0;0;0;0;0;2876;0;0;95;0;160;0;
24126;5031666;1074880512;34873344;1162764288;0;0;0;0;0;0;0;0;0;0;0;3025;0;0;95;0;160;0;
24127;8468561;1074880512;34873344;1162764288;0;0;0;0;0;0;0;0;0;0;0;3146;0;0;95;0;160;0;
24128;5574133;1074880512;34873344;1162764288;0;0;0;0;0;0;0;0;0;0;0;4067;0;0;95;0;160;0;
24129;7476882;1074880512;34873344;1162764288;0;0;0;0;0;0;0;0;0;0;0;4088;0;0;95;0;160;0;
24130;5513520;1074880512;34873344;1162764288;0;0;0;0;0;0;0;0;0;0;0;3006;0;0;95;0;160;0;
24131;5967842;1074880512;34873344;1162764288;0;0;0;0;0;0;0;0;0;0;0;4618;0;0;95;0;160;0;
24132;5707894;1074880512;34873344;1162764288;0;0;0;0;0;0;0;0;0;0;0;3246;0;0;95;0;160;0;
24133;6440178;1074880512;34873344;1162764288;0;0;0;0;0;0;0;0;0;0;0;3166;0;0;95;0;160;0;
24134;5439631;1074880512;34873344;1162764288;0;0;0;0;0;0;0;0;0;0;0;4128;0;0;95;0;160;0;
24135;7393315;1074880512;34873344;1162764288;0;0;0;0;0;0;0;0;0;0;0;3416;0;0;95;0;160;0;
24136;5796230;1074880512;34873344;1162764288;0;0;0;0;0;0;0;0;0;0;0;5931;0;0;95;0;160;0;
24137;7018402;1074880512;34873344;1162764288;0;0;0;0;0;0;0;0;0;0;0;3277;0;0;95;0;160;0;
24138;5871762;1074880512;34873344;1162764288;0;0;0;0;0;0;0;0;0;0;0;4569;0;0;95;0;160;0;
24139;6682261;1074880512;34873344;1162764288;0;0;0;0;0;0;0;0;0;0;0;3346;0;0;95;0;160;0;
24140;6749358;1074880512;34873344;1162764288;0;0;0;0;0;0;0;0;0;0;0;3456;0;0;95;0;160;0;
24141;7465791;1074880512;34873344;1162764288;0;0;0;0;0;0;0;0;0;0;0;3576;0;0;95;0;160;0;
24142;6554081;1074880512;34873344;1162764288;0;0;0;0;0;0;0;0;0;0;0;2905;0;0;95;0;160;0;
24143;8770779;1074880512;34873344;1162764288;0;0;0;0;0;0;0;0;0;0;0;3697;0;0;95;0;160;0;
24144;5539559;1074880512;34873344;1162764288;0;0;0;0;0;0;0;0;0;0;0;3938;0;0;95;0;160;0;
24145;9306804;1074880512;34873344;1162764288;0;0;0;0;0;0;0;0;0;0;0;3747;0;0;95;0;160;0;
24146;5935852;1074880512;34873344;1162764288;0;0;0;0;0;0;0;0;0;0;0;3567;0;0;95;0;160;0;
24147;13010139;1074880512;34873344;1162764288;0;0;0;0;0;0;0;0;0;0;0;3516;0;0;95;0;160;0;
24148;5284491;1074880512;34873344;1162764288;0;0;0;0;0;0;0;0;0;0;0;7323;0;0;95;0;160;0;
24149;7363489;1074880512;34873344;1162764288;0;0;0;0;0;0;0;0;0;0;0;3747;0;0;95;0;160;0;
24150;5891830;1074880512;34873344;1162764288;0;0;0;0;0;0;0;0;0;0;0;5761;0;0;95;0;160;0;
24151;7976179;1074880512;34873344;1162764288;0;0;0;0;0;0;0;0;0;0;0;3035;0;0;95;0;160;0;
24152;6895372;1074880512;34873344;1162764288;0;0;0;0;0;0;0;0;0;0;0;3697;0;0;95;0;160;0;
24153;7319857;1074880512;34873344;1162764288;0;0;0;0;0;0;0;0;0;0;0;3106;0;0;95;0;160;0;
24154;7960809;1074880512;34873344;1162764288;0;0;0;0;0;0;0;0;0;0;0;3797;0;0;95;0;160;0;
24155;7152503;1074880512;34873344;1162764288;0;0;0;0;0;0;0;0;0;0;0;3556;0;0;95;0;160;0;
24156;6879963;1074880512;34873344;1162764288;0;0;0;0;0;0;0;0;0;0;0;3416;0;0;95;0;160;0;
24157;7578834;1074880512;34873344;1162764288;0;0;0;0;0;0;0;0;0;0;0;4459;0;0;95;0;160;0;
24158;5249856;1074880512;34873344;1162764288;0;0;0;0;0;0;0;0;0;0;0;3917;0;0;95;0;160;0;
24159;7360223;1074880512;34873344;1162764288;0;0;0;0;0;0;0;0;0;0;0;4098;0;0;95;0;160;0;
24160;5236480;1074880512;34873344;1162764288;0;0;0;0;0;0;0;0;0;0;0;3617;0;0;95;0;160;0;
24161;5918360;1074880512;34873344;1162764288;0;0;0;0;0;0;0;0;0;0;0;4388;0;0;95;0;160;0;
24162;6410502;1074880512;34873344;1162764288;0;0;0;0;0;0;0;0;0;0;0;3517;0;0;95;0;160;0;
24163;7992760;1074880512;34873344;1162764288;0;0;0;0;0;0;0;0;0;0;0;4018;0;0;95;0;160;0;
24164;6451018;1074880512;34873344;1162764288;0;0;0;0;0;0;0;0;0;0;0;3296;0;0;95;0;160;0;
24165;7350645;1074880512;34873344;1162764288;0;0;0;0;0;0;0;0;0;0;0;3717;0;0;95;0;160;0;
24166;6462370;1074880512;34873344;1162764288;0;0;0;0;0;0;0;0;0;0;0;3697;0;0;95;0;160;0;
24167;8657235;1074880512;34873344;1162764288;0;0;0;0;0;0;0;0;0;0;0;3797;0;0;95;0;160;0;
24168;5685433;1074880512;34873344;1162764288;0;0;0;0;0;0;0;0;0;0;0;3426;0;0;95;0;160;0;
24169;7998159;1074880512;34873344;1162764288;0;0;0;0;0;0;0;0;0;0;0;2424;0;0;95;0;160;0;
24170;5371173;1074880512;34873344;1162764288;0;0;0;0;0;0;0;0;0;0;0;4408;0;0;95;0;160;0;
24171;6046118;1074880512;34873344;1162764288;0;0;0;0;0;0;0;0;0;0;0;3898;0;0;95;0;160;0;
24172;5422890;1074880512;34873344;1162764288;0;0;0;0;0;0;0;0;0;0;0;3737;0;0;95;0;160;0;
24173;7495056;1074880512;34873344;1162764288;0;0;0;0;0;0;0;0;0;0;0;3928;0;0;95;0;160;0;
24174;6282823;1074880512;34873344;1162764288;0;0;0;0;0;0;0;0;0;0;0;3246;0;0;95;0;160;0;
24175;7285543;1074880512;34873344;1162764288;0;0;0;0;0;0;0;0;0;0;0;4358;0;0;95;0;160;0;
24176;6558960;1074880512;34873344;1162764288;0;0;0;0;0;0;0;0;0;0;0;4117;0;0;95;0;160;0;
24177;6618953;1074880512;34873344;1162764288;0;0;0;0;0;0;0;0;0;0;0;2645;0;0;95;0;160;0;
24178;6427323;1074880512;34873344;1162764288;0;0;0;0;0;0;0;0;0;0;0;3457;0;0;95;0;160;0;
24179;8069233;1074880512;34873344;1162764288;0;0;0;0;0;0;0;0;0;0;0;4318;0;0;95;0;160;0;
24180;5317612;1074880512;34873344;1162764288;0;0;0;0;0;0;0;0;0;0;0;3877;0;0;95;0;160;0;
24181;8037433;1074880512;34873344;1162764288;0;0;0;0;0;0;0;0;0;0;0;3847;0;0;95;0;160;0;
24182;5625961;1074880512;34873344;1162764288;0;0;0;0;0;0;0;0;0;0;0;3778;0;0;95;0;160;0;
24183;7581769;1074880512;34873344;1162764288;0;0;0;0;0;0;0;0;0;0;0;4138;0;0;95;0;160;0;
24184;5385720;1074880512;34873344;1162764288;0;0;0;0;0;0;0;0;0;0;0;2735;0;0;95;0;160;0;
24185;8689596;1074880512;34873344;1162764288;0;0;0;0;0;0;0;0;0;0;0;5190;0;0;95;0;160;0;
24186;5177329;1074880512;34873344;1162764288;0;0;0;0;0;0;0;0;0;0;0;4749;0;0;95;0;160;0;
24187;7066954;1074880512;34873344;1162764288;0;0;0;0;0;0;0;0;0;0;0;2765;0;0;95;0;160;0;
24188;5249585;1074880512;34873344;1162764288;0;0;0;0;0;0;0;0;0;0;0;4017;0;0;95;0;160;0;
24189;7964246;1074880512;34873344;1162764288;0;0;0;0;0;0;0;0;0;0;0;3607;0;0;95;0;160;0;
24190;5754312;1074880512;34873344;1162764288;0;0;0;0;0;0;0;0;0;0;0;3677;0;0;95;0;160;0;
24191;6556175;1074880512;34873344;1162764288;0;0;0;0;0;0;0;0;0;0;0;3055;0;0;95;0;160;0;
24192;5667388;1074880512;34873344;1162764288;0;0;0;0;0;0;0;0;0;0;0;3376;0;0;95;0;160;0;
24193;5572210;1074880512;34873344;1162764288;0;0;0;0;0;0;0;0;0;0;0;2755;0;0;95;0;160;0;
24194;6398690;1074880512;34873344;1162764288;0;0;0;0;0;0;0;0;0;0;0;3146;0;0;95;0;160;0;
24195;6337395;1074880512;34873344;1162764288;0;0;0;0;0;0;0;0;0;0;0;2955;0;0;95;0;160;0;
24196;6626227;1074880512;34873344;1162764288;0;0;0;0;0;0;0;0;0;0;0;3898;0;0;95;0;160;0;
24197;8321606;1074880512;34873344;1162764288;0;0;0;0;0;0;0;0;0;0;0;4439;0;0;95;0;160;0;
24198;5888583;1074880512;34873344;1162764288;0;0;0;0;0;0;0;0;0;0;0;4288;0;0;95;0;160;0;
24199;6081816;1074880512;34873344;1162764288;0;0;0;0;0;0;0;0;0;0;0;4097;0;0;95;0;160;0;
24200;7137676;1074880512;34873344;1162764288;0;0;0;0;0;0;0;0;0;0;0;3927;0;0;95;0;160;0;
24201;7571960;1074880512;34873344;1162764288;0;0;0;0;0;0;0;0;0;0;0;3827;0;0;95;0;160;0;
24202;6788140;1074880512;34873344;1162764288;0;0;0;0;0;0;0;0;0;0;0;3497;0;0;95;0;160;0;
24203;7771855;1074880512;34873344;1162764288;0;0;0;0;0;0;0;0;0;0;0;4147;0;0;95;0;160;0;
24204;7466222;1074880512;34873344;1162764288;0;0;0;0;0;0;0;0;0;0;0;4348;0;0;95;0;160;0;
24205;7357458;1074880512;34873344;1162764288;0;0;0;0;0;0;0;0;0;0;0;3967;0;0;95;0;160;0;
24206;8366340;1074880512;34873344;1162764288;0;0;0;0;0;0;0;0;0;0;0;3687;0;0;95;0;160;0;
24207;7589454;1074880512;34873344;1162764288;0;0;0;0;0;0;0;0;0;0;0;3126;0;0;95;0;160;0;
24208;6312809;1074880512;34873344;1162764288;0;0;0;0;0;0;0;0;0;0;0;3066;0;0;95;0;160;0;
24209;6199306;1074880512;34873344;1162764288;0;0;0;0;0;0;0;0;0;0;0;2495;0;0;95;0;160;0;
24210;5815586;1074880512;34873344;1162764288;0;0;0;0;0;0;0;0;0;0;0;3397;0;0;95;0;160;0;
24211;7449711;1074880512;34873344;1162764288;0;0;0;0;0;0;0;0;0;0;0;3226;0;0;95;0;160;0;
24212;7961490;1074880512;34873344;1162764288;0;0;0;0;0;0;0;0;0;0;0;3907;0;0;95;0;160;0;
24213;5711502;1074880512;34873344;1162764288;0;0;0;0;0;0;0;0;0;0;0;3316;0;0;95;0;160;0;
24214;6889701;1074880512;34873344;1162764288;0;0;0;0;0;0;0;0;0;0;0;3026;0;0;95;0;160;0;
24215;6684907;1074880512;34873344;1162764288;0;0;0;0;0;0;0;0;0;0;0;3637;0;0;95;0;160;0;
24216;6722777;1074880512;34873344;1162764288;0;0;0;0;0;0;0;0;0;0;0;3707;0;0;95;0;160;0;
24217;7860211;1074880512;34873344;1162764288;0;0;0;0;0;0;0;0;0;0;0;4128;0;0;95;0;160;0;
24218;6195629;1074880512;34873344;1162764288;0;0;0;0;0;0;0;0;0;0;0;3546;0;0;95;0;160;0;
24219;6330412;1074880512;34873344;1162764288;0;0;0;0;0;0;0;0;0;0;0;3456;0;0;95;0;160;0;
24220;7680784;1074880512;34873344;1162764288;0;0;0;0;0;0;0;0;0;0;0;3286;0;0;95;0;160;0;
24221;9050172;1074880512;34873344;1162764288;0;0;0;0;0;0;0;0;0;0;0;4087;0;0;95;0;160;0;
24222;5551461;1074880512;34873344;1162764288;0;0;0;0;0;0;0;0;0;0;0;4177;0;0;95;0;160;0;
24223;8458032;1074880512;34873344;1162764288;0;0;0;0;0;0;0;0;0;0;0;3296;0;0;95;0;160;0;
24224;6303121;1074880512;34873344;1162764288;0;0;0;0;0;0;0;0;0;0;0;5441;0;0;95;0;160;0;
24225;7661749;1074880512;34873344;1162764288;0;0;0;0;0;0;0;0;0;0;0;4569;0;0;95;0;160;0;
24226;6017014;1074880512;34873344;1162764288;0;0;0;0;0;0;0;0;0;0;0;2866;0;0;95;0;160;0;
24227;7662860;1074880512;34873344;1162764288;0;0;0;0;0;0;0;0;0;0;0;3676;0;0;95;0;160;0;
24228;5036485;1074880512;34873344;1162764288;0;0;0;0;0;0;0;0;0;0;0;4529;0;0;95;0;160;0;
24229;7636221;1074880512;34873344;1162764288;0;0;0;0;0;0;0;0;0;0;0;4859;0;0;95;0;160;0;
24230;4466416;1074880512;34873344;1162764288;0;0;0;0;0;0;0;0;0;0;0;3887;0;0;95;0;160;0;
24231;8742806;1074880512;34873344;1162764288;0;0;0;0;0;0;0;0;0;0;0;3536;0;0;95;0;160;0;
24232;6567526;1074880512;34873344;1162764288;0;0;0;0;0;0;0;0;0;0;0;3907;0;0;95;0;160;0;
24233;7541403;1074880512;34873344;1162764288;0;0;0;0;0;0;0;0;0;0;0;2906;0;0;95;0;160;0;
24234;7497130;1074880512;34873344;1162764288;0;0;0;0;0;0;0;0;0;0;0;3116;0;0;95;0;160;0;
24235;7454811;1074880512;34873344;1162764288;0;0;0;0;0;0;0;0;0;0;0;3637;0;0;95;0;160;0;
24236;5306372;1074880512;34873344;1162764288;0;0;0;0;0;0;0;0;0;0;0;3987;0;0;95;0;160;0;
24237;9695062;1074880512;34873344;1162764288;0;0;0;0;0;0;0;0;0;0;0;3376;0;0;95;0;160;0;
24238;6508446;1074880512;34873344;1162764288;0;0;0;0;0;0;0;0;0;0;0;3186;0;0;95;0;160;0;
24239;8973378;1074880512;34873344;1162764288;0;0;0;0;0;0;0;0;0;0;0;3727;0;0;95;0;160;0;
24240;6930448;1074880512;34873344;1162764288;0;0;0;0;0;0;0;0;0;0;0;4368;0;0;95;0;160;0;
24241;9487583;1074880512;34873344;1162764288;0;0;0;0;0;0;0;0;0;0;0;4388;0;0;95;0;160;0;
24242;7360614;1074880512;34873344;1162764288;0;0;0;0;0;0;0;0;0;0;0;3427;0;0;95;0;160;0;
24243;7600584;1074880512;34873344;1162764288;0;0;0;0;0;0;0;0;0;0;0;3496;0;0;95;0;160;0;
24244;7661268;1074880512;34873344;1162764288;0;0;0;0;0;0;0;0;0;0;0;3396;0;0;95;0;160;0;
24245;8612482;1074880512;34873344;1162764288;0;0;0;0;0;0;0;0;0;0;0;3226;0;0;95;0;160;0;
24246;5575947;1074880512;34873344;1162764288;0;0;0;0;0;0;0;0;0;0;0;12192;0;0;95;0;160;0;
24247;8018378;1074880512;34873344;1162764288;0;0;0;0;0;0;0;0;0;0;0;3647;0;0;95;0;160;0;
24248;7430775;1074880512;34873344;1162764288;0;0;0;0;0;0;0;0;0;0;0;3837;0;0;95;0;160;0;
24249;8425801;1074880512;34873344;1162764288;0;0;0;0;0;0;0;0;0;0;0;3366;0;0;95;0;160;0;
24250;7292235;1074880512;34873344;1162764288;0;0;0;0;0;0;0;0;0;0;0;4288;0;0;95;0;160;0;
24251;8451770;1074880512;34873344;1162764288;0;0;0;0;0;0;0;0;0;0;0;3617;0;0;95;0;160;0;
24252;7400238;1074880512;34873344;1162764288;0;0;0;0;0;0;0;0;0;0;0;4098;0;0;95;0;160;0;
24253;8643590;1074880512;34873344;1162764288;0;0;0;0;0;0;0;0;0;0;0;3867;0;0;95;0;160;0;
24254;7314447;1074880512;34873344;1162764288;0;0;0;0;0;0;0;0;0;0;0;3516;0;0;95;0;160;0;
24255;8560284;1074880512;34873344;1162764288;0;0;0;0;0;0;0;0;0;0;0;3918;0;0;95;0;160;0;
24256;7055101;1074880512;34873344;1162764288;0;0;0;0;0;0;0;0;0;0;0;3657;0;0;95;0;160;0;
24257;7577471;1074880512;34873344;1162764288;0;0;0;0;0;0;0;0;0;0;0;4008;0;0;95;0;160;0;
24258;5649435;1074880512;34873344;1162764288;0;0;0;0;0;0;0;0;0;0;0;3547;0;0;95;0;160;0;
24259;10011295;1074880512;34873344;1162764288;0;0;0;0;0;0;0;0;0;0;0;5310;0;0;95;0;160;0;
24260;4735842;1074880512;34873344;1162764288;0;0;0;0;0;0;0;0;0;0;0;4508;0;0;95;0;160;0;
24261;7940061;1074880512;34873344;1162764288;0;0;0;0;0;0;0;0;0;0;0;3356;0;0;95;0;160;0;
24262;5194151;1074880512;34873344;1162764288;0;0;0;0;0;0;0;0;0;0;0;3236;0;0;95;0;160;0;
24263;7709599;1074880512;34873344;1162764288;0;0;0;0;0;0;0;0;0;0;0;3647;0;0;95;0;160;0;
24264;7346007;1074880512;34873344;1162764288;0;0;0;0;0;0;0;0;0;0;0;3456;0;0;95;0;160;0;
24265;7861544;1074880512;34873344;1162764288;0;0;0;0;0;0;0;0;0;0;0;3447;0;0;95;0;160;0;
24266;4612490;1074880512;34873344;1162764288;0;0;0;0;0;0;0;0;0;0;0;3888;0;0;95;0;160;0;
24267;7193901;1074880512;34873344;1162764288;0;0;0;0;0;0;0;0;0;0;0;4047;0;0;95;0;160;0;
24268;7338393;1074880512;34873344;1162764288;0;0;0;0;0;0;0;0;0;0;0;2996;0;0;95;0;160;0;
24269;7968363;1074880512;34873344;1162764288;0;0;0;0;0;0;0;0;0;0;0;5100;0;0;95;0;160;0;
24270;6116401;1074880512;34873344;1162764288;0;0;0;0;0;0;0;0;0;0;0;3637;0;0;95;0;160;0;
24271;7474538;1074880512;34873344;1162764288;0;0;0;0;0;0;0;0;0;0;0;4418;0;0;95;0;160;0;
24272;6131719;1074880512;34873344;1162764288;0;0;0;0;0;0;0;0;0;0;0;3066;0;0;95;0;160;0;
24273;6575121;1074880512;34873344;1162764288;0;0;0;0;0;0;0;0;0;0;0;2865;0;0;95;0;160;0;
24274;6454495;1074880512;34873344;1162764288;0;0;0;0;0;0;0;0;0;0;0;4128;0;0;95;0;160;0;
24275;6428105;1074880512;34873344;1162764288;0;0;0;0;0;0;0;0;0;0;0;4308;0;0;95;0;160;0;
24276;10054747;1074880512;34873344;1162764288;0;0;0;0;0;0;0;0;0;0;0;3477;0;0;95;0;160;0;
24277;7336689;1074880512;34873344;1162764288;0;0;0;0;0;0;0;0;0;0;0;4178;0;0;95;0;160;0;
24278;8526270;1074880512;34873344;1162764288;0;0;0;0;0;0;0;0;0;0;0;4058;0;0;95;0;160;0;
24279;10373284;1074880512;34873344;1162764288;0;0;0;0;0;0;0;0;0;0;0;4618;0;0;95;0;160;0;
24280;7748031;1074880512;34873344;1162764288;0;0;0;0;0;0;0;0;0;0;0;3607;0;0;95;0;160;0;
24281;7877503;1074880512;34873344;1162764288;0;0;0;0;0;0;0;0;0;0;0;4949;0;0;95;0;160;0;
24282;6600899;1074880512;34873344;1162764288;0;0;0;0;0;0;0;0;0;0;0;3236;0;0;95;0;160;0;
24283;9552174;1074880512;34873344;1162764288;0;0;0;0;0;0;0;0;0;0;0;4078;0;0;95;0;160;0;
24284;10626719;1074880512;34873344;1162764288;0;0;0;0;0;0;0;0;0;0;0;4338;0;0;95;0;160;0;
24285;10402889;1074880512;34873344;1162764288;0;0;0;0;0;0;0;0;0;0;0;3937;0;0;95;0;160;0;
24286;11819086;1074880512;34873344;1162764288;0;0;0;0;0;0;0;0;0;0;0;3026;0;0;95;0;160;0;
24287;6056598;1074880512;34873344;1162764288;0;0;0;0;0;0;0;0;0;0;0;2425;0;0;95;0;160;0;
24288;6138732;1074880512;34873344;1162764288;0;0;0;0;0;0;0;0;0;0;0;4138;0;0;95;0;160;0;
24289;8916802;1074880512;34873344;1162764288;0;0;0;0;0;0;0;0;0;0;0;4799;0;0;95;0;160;0;
24290;7523860;1074880512;34873344;1162764288;0;0;0;0;0;0;0;0;0;0;0;4248;0;0;95;0;160;0;
24291;8377291;1074880512;34873344;1162764288;0;0;0;0;0;0;0;0;0;0;0;3226;0;0;95;0;160;0;
24292;5685122;1074880512;34873344;1162764288;0;0;0;0;0;0;0;0;0;0;0;4017;0;0;95;0;160;0;
24293;9398987;1074880512;34873344;1162764288;0;0;0;0;0;0;0;0;0;0;0;4278;0;0;95;0;160;0;
24294;5492801;1074880512;34873344;1162764288;0;0;0;0;0;0;0;0;0;0;0;4318;0;0;95;0;160;0;
24295;6126780;1074880512;34873344;1162764288;0;0;0;0;0;0;0;0;0;0;0;4227;0;0;95;0;160;0;
24296;6295566;1074880512;34873344;1162764288;0;0;0;0;0;0;0;0;0;0;0;3838;0;0;95;0;160;0;
24297;7552013;1074880512;34873344;1162764288;0;0;0;0;0;0;0;0;0;0;0;3647;0;0;95;0;160;0;
24298;5474667;1074880512;34873344;1162764288;0;0;0;0;0;0;0;0;0;0;0;3196;0;0;95;0;160;0;
24299;7274823;1074880512;34873344;1162764288;0;0;0;0;0;0;0;0;0;0;0;3256;0;0;95;0;160;0;
24300;6376419;1074880512;34873344;1162764288;0;0;0;0;0;0;0;0;0;0;0;2935;0;0;95;0;160;0;
24301;9241020;1074880512;34873344;1162764288;0;0;0;0;0;0;0;0;0;0;0;4298;0;0;95;0;160;0;
24302;6442202;1074880512;34873344;1162764288;0;0;0;0;0;0;0;0;0;0;0;3206;0;0;95;0;160;0;
24303;8047923;1074880512;34873344;1162764288;0;0;0;0;0;0;0;0;0;0;0;3397;0;0;95;0;160;0;
24304;7067595;1074880512;34873344;1162764288;0;0;0;0;0;0;0;0;0;0;0;4078;0;0;95;0;160;0;
24305;9080850;1074880512;34873344;1162764288;0;0;0;0;0;0;0;0;0;0;0;4118;0;0;95;0;160;0;
24306;6129996;1074880512;34873344;1162764288;0;0;0;0;0;0;0;0;0;0;0;3768;0;0;95;0;160;0;
24307;9872555;1074880512;34873344;1162764288;0;0;0;0;0;0;0;0;0;0;0;4459;0;0;95;0;160;0;
24308;4619082;1074880512;34873344;1162764288;0;0;0;0;0;0;0;0;0;0;0;4118;0;0;95;0;160;0;
24309;9347630;1074880512;34873344;1162764288;0;0;0;0;0;0;0;0;0;0;0;4118;0;0;95;0;160;0;
24310;6527381;1074880512;34873344;1162764288;0;0;0;0;0;0;0;0;0;0;0;3697;0;0;95;0;160;0;
24311;7587569;1074880512;34873344;1162764288;0;0;0;0;0;0;0;0;0;0;0;4960;0;0;95;0;160;0;
24312;5559276;1074880512;34873344;1162764288;0;0;0;0;0;0;0;0;0;0;0;3667;0;0;95;0;160;0;
24313;8654621;1074880512;34877440;1162768384;0;0;0;0;0;0;0;0;0;0;0;3256;0;0;95;0;160;0;
24314;6661633;1074880512;34881536;1162772480;0;0;0;0;0;0;0;0;0;0;0;5230;0;0;95;0;160;0;
24315;7154347;1074880512;34881536;1162772480;0;0;0;0;0;0;0;0;0;0;0;5020;0;0;95;0;160;0;
24316;5921385;1074880512;34881536;1162772480;0;0;0;0;0;0;0;0;0;0;0;3437;0;0;95;0;160;0;
24317;5760974;1074880512;34881536;1162772480;0;0;0;0;0;0;0;0;0;0;0;3206;0;0;95;0;160;0;
24318;6915178;1074880512;34881536;1162772480;0;0;0;0;0;0;0;0;0;0;0;4088;0;0;95;0;160;0;
24319;7090608;1074880512;34881536;1162772480;0;0;0;0;0;0;0;0;0;0;0;4007;0;0;95;0;160;0;
24320;5916236;1075015680;34873344;1162764288;0;0;0;0;0;0;0;0;0;0;0;3807;0;0;95;0;160;0;
24321;6716817;1075015680;34873344;1162764288;0;0;0;0;0;0;0;0;0;0;0;4478;0;0;95;0;160;0;
24322;8591442;1075015680;34873344;1162764288;0;0;0;0;0;0;0;0;0;0;0;4228;0;0;95;0;160;0;
24323;9343463;1075015680;34873344;1162764288;0;0;0;0;0;0;0;0;0;0;0;3917;0;0;95;0;160;0;
24324;7928049;1075015680;34873344;1162764288;0;0;0;0;0;0;0;0;0;0;0;5340;0;0;95;0;160;0;
24325;6918004;1075015680;34873344;1162764288;0;0;0;0;0;0;0;0;0;0;0;3737;0;0;95;0;160;0;
24326;6995920;1075015680;34873344;1162764288;0;0;0;0;0;0;0;0;0;0;0;3286;0;0;95;0;160;0;
24327;7728274;1075015680;34873344;1162764288;0;0;0;0;0;0;0;0;0;0;0;3076;0;0;95;0;160;0;
24328;5775601;1075015680;34873344;1162764288;0;0;0;0;0;0;0;0;0;0;0;3627;0;0;95;0;160;0;
24329;7286936;1075015680;34873344;1162764288;0;0;0;0;0;0;0;0;0;0;0;4148;0;0;95;0;160;0;
24330;6781928;1075015680;34873344;1162764288;0;0;0;0;0;0;0;0;0;0;0;3266;0;0;95;0;160;0;
24331;7534861;1075015680;34873344;1162764288;0;0;0;0;0;0;0;0;0;0;0;3997;0;0;95;0;160;0;
24332;9788667;1075015680;34873344;1162764288;0;0;0;0;0;0;0;0;0;0;0;4117;0;0;95;0;160;0;
24333;10698224;1075015680;34873344;1162764288;0;0;0;0;0;0;0;0;0;0;0;3787;0;0;95;0;160;0;
24334;10651706;1075015680;34873344;1162764288;0;0;0;0;0;0;0;0;0;0;0;6522;0;0;95;0;160;0;
24335;8484792;1075015680;34873344;1162764288;0;0;0;0;0;0;0;0;0;0;0;4408;0;0;95;0;160;0;
24336;7966520;1075015680;34873344;1162764288;0;0;0;0;0;0;0;0;0;0;0;3777;0;0;95;0;160;0;
24337;7837378;1075015680;34873344;1162764288;0;0;0;0;0;0;0;0;0;0;0;2926;0;0;95;0;160;0;
24338;5915083;1075015680;34873344;1162764288;0;0;0;0;0;0;0;0;0;0;0;3406;0;0;95;0;160;0;
24339;6106101;1075015680;34873344;1162764288;0;0;0;0;0;0;0;0;0;0;0;4278;0;0;95;0;160;0;
24340;5429402;1075015680;34873344;1162764288;0;0;0;0;0;0;0;0;0;0;0;3566;0;0;95;0;160;0;
24341;5798875;1075015680;34873344;1162764288;0;0;0;0;0;0;0;0;0;0;0;2635;0;0;95;0;160;0;
24342;5895036;1075015680;34873344;1162764288;0;0;0;0;0;0;0;0;0;0;0;3687;0;0;95;0;160;0;
24343;6371388;1075015680;34873344;1162764288;0;0;0;0;0;0;0;0;0;0;0;2725;0;0;95;0;160;0;
24344;6428936;1075015680;34873344;1162764288;0;0;0;0;0;0;0;0;0;0;0;3727;0;0;95;0;160;0;
24345;6791667;1075015680;34873344;1162764288;0;0;0;0;0;0;0;0;0;0;0;2485;0;0;95;0;160;0;
24346;6953721;1075015680;34873344;1162764288;0;0;0;0;0;0;0;0;0;0;0;4007;0;0;95;0;160;0;
24347;6199256;1075015680;34873344;1162764288;0;0;0;0;0;0;0;0;0;0;0;3837;0;0;95;0;160;0;
24348;5889145;1075015680;34873344;1162764288;0;0;0;0;0;0;0;0;0;0;0;3476;0;0;95;0;160;0;
24349;6600268;1075015680;34873344;1162764288;0;0;0;0;0;0;0;0;0;0;0;6522;0;0;95;0;160;0;
24350;5220450;1075015680;34873344;1162764288;0;0;0;0;0;0;0;0;0;0;0;3106;0;0;95;0;160;0;
24351;6581603;1075015680;34873344;1162764288;0;0;0;0;0;0;0;0;0;0;0;2885;0;0;95;0;160;0;
24352;5885337;1075015680;34873344;1162764288;0;0;0;0;0;0;0;0;0;0;0;4017;0;0;95;0;160;0;
24353;8841792;1075015680;34873344;1162764288;0;0;0;0;0;0;0;0;0;0;0;2715;0;0;95;0;160;0;
24354;5541763;1075015680;34873344;1162764288;0;0;0;0;0;0;0;0;0;0;0;4188;0;0;95;0;160;0;
24355;8601250;1075015680;34873344;1162764288;0;0;0;0;0;0;0;0;0;0;0;5430;0;0;95;0;160;0;
24356;6713000;1075015680;34873344;1162764288;0;0;0;0;0;0;0;0;0;0;0;3527;0;0;95;0;160;0;
24357;8233892;1075015680;34873344;1162764288;0;0;0;0;0;0;0;0;0;0;0;4208;0;0;95;0;160;0;
24358;7988802;1075015680;34873344;1162764288;0;0;0;0;0;0;0;0;0;0;0;4007;0;0;95;0;160;0;
24359;7809766;1075015680;34873344;1162764288;0;0;0;0;0;0;0;0;0;0;0;3437;0;0;95;0;160;0;
24360;8713271;1075015680;34873344;1162764288;0;0;0;0;0;0;0;0;0;0;0;2926;0;0;95;0;160;0;
24361;4987564;1075015680;34873344;1162764288;0;0;0;0;0;0;0;0;0;0;0;3617;0;0;95;0;160;0;
24362;6119787;1075015680;34873344;1162764288;0;0;0;0;0;0;0;0;0;0;0;3407;0;0;95;0;160;0;
24363;7091008;1075015680;34873344;1162764288;0;0;0;0;0;0;0;0;0;0;0;4429;0;0;95;0;160;0;
24364;6252636;1075015680;34873344;1162764288;0;0;0;0;0;0;0;0;0;0;0;3477;0;0;95;0;160;0;
24365;8093639;1075015680;34873344;1162764288;0;0;0;0;0;0;0;0;0;0;0;4308;0;0;95;0;160;0;
24366;5936503;1075015680;34873344;1162764288;0;0;0;0;0;0;0;0;0;0;0;4358;0;0;95;0;160;0;
24367;7331238;1075015680;34873344;1162764288;0;0;0;0;0;0;0;0;0;0;0;3536;0;0;95;0;160;0;
24368;6951798;1075015680;34873344;1162764288;0;0;0;0;0;0;0;0;0;0;0;3066;0;0;95;0;160;0;
24369;7764492;1075015680;34873344;1162764288;0;0;0;0;0;0;0;0;0;0;0;4208;0;0;95;0;160;0;
24370;4596340;1075015680;34873344;1162764288;0;0;0;0;0;0;0;0;0;0;0;3266;0;0;95;0;160;0;
24371;6591492;1075015680;34873344;1162764288;0;0;0;0;0;0;0;0;0;0;0;4498;0;0;95;0;160;0;
24372;5089575;1075015680;34873344;1162764288;0;0;0;0;0;0;0;0;0;0;0;3586;0;0;95;0;160;0;
24373;7246571;1075015680;34873344;1162764288;0;0;0;0;0;0;0;0;0;0;0;3076;0;0;95;0;160;0;
24374;5609309;1075015680;34873344;1162764288;0;0;0;0;0;0;0;0;0;0;0;4629;0;0;95;0;160;0;
24375;6401446;1075015680;34873344;1162764288;0;0;0;0;0;0;0;0;0;0;0;3115;0;0;95;0;160;0;
24376;6407417;1075015680;34873344;1162764288;0;0;0;0;0;0;0;0;0;0;0;4288;0;0;95;0;160;0;
24377;5609500;1075015680;34873344;1162764288;0;0;0;0;0;0;0;0;0;0;0;3417;0;0;95;0;160;0;
24378;8428106;1075015680;34873344;1162764288;0;0;0;0;0;0;0;0;0;0;0;36449;0;0;95;0;160;0;
24379;6784964;1075015680;34873344;1162764288;0;0;0;0;0;0;0;0;0;0;0;3036;0;0;95;0;160;0;
24380;5980997;1075015680;34873344;1162764288;0;0;0;0;0;0;0;0;0;0;0;2856;0;0;95;0;160;0;
24381;6364216;1075015680;34873344;1162764288;0;0;0;0;0;0;0;0;0;0;0;3086;0;0;95;0;160;0;
24382;6160593;1075015680;34873344;1162764288;0;0;0;0;0;0;0;0;0;0;0;4328;0;0;95;0;160;0;
24383;6551557;1075015680;34873344;1162764288;0;0;0;0;0;0;0;0;0;0;0;2805;0;0;95;0;160;0;
24384;6484791;1075015680;34873344;1162764288;0;0;0;0;0;0;0;0;0;0;0;3085;0;0;95;0;160;0;
24385;7281496;1075015680;34877440;1162768384;0;0;0;0;0;0;0;0;0;0;0;4719;0;0;95;0;160;0;
24386;6281310;1075015680;34881536;1162772480;0;0;0;0;0;0;0;0;0;0;0;2985;0;0;95;0;160;0;
24387;6908356;1075015680;34881536;1162772480;0;0;0;0;0;0;0;0;0;0;0;3617;0;0;95;0;160;0;
24388;5672599;1075015680;34881536;1162772480;0;0;0;0;0;0;0;0;0;0;0;3426;0;0;95;0;160;0;
24389;7451464;1075015680;34881536;1162772480;0;0;0;0;0;0;0;0;0;0;0;2625;0;0;95;0;160;0;
24390;5099093;1075015680;34881536;1162772480;0;0;0;0;0;0;0;0;0;0;0;10731;0;0;95;0;160;0;
24391;7530954;1075015680;34881536;1162772480;0;0;0;0;0;0;0;0;0;0;0;4549;0;0;95;0;160;0;
24392;5552102;1075040256;34873344;1162764288;0;0;0;0;0;0;0;0;0;0;0;3256;0;0;95;0;160;0;
24393;6744478;1075040256;34873344;1162764288;0;0;0;0;0;0;0;0;0;0;0;3106;0;0;95;0;160;0;
24394;5851394;1075040256;34873344;1162764288;0;0;0;0;0;0;0;0;0;0;0;3867;0;0;95;0;160;0;
24395;5150409;1075040256;34873344;1162764288;0;0;0;0;0;0;0;0;0;0;0;3968;0;0;95;0;160;0;
24396;4566894;1075040256;34873344;1162764288;0;0;0;0;0;0;0;0;0;0;0;4108;0;0;95;0;160;0;
24397;6275759;1075040256;34873344;1162764288;0;0;0;0;0;0;0;0;0;0;0;2945;0;0;95;0;160;0;
24398;3619998;1075040256;34873344;1162764288;0;0;0;0;0;0;0;0;0;0;0;3576;0;0;95;0;160;0;
24399;6127131;1075040256;34873344;1162764288;0;0;0;0;0;0;0;0;0;0;0;2825;0;0;95;0;160;0;
24400;4689795;1075040256;34873344;1162764288;0;0;0;0;0;0;0;0;0;0;0;2876;0;0;95;0;160;0;
24401;5653182;1075040256;34873344;1162764288;0;0;0;0;0;0;0;0;0;0;0;3606;0;0;95;0;160;0;
24402;5170717;1075040256;34873344;1162764288;0;0;0;0;0;0;0;0;0;0;0;3105;0;0;95;0;160;0;
24403;5809074;1075040256;34873344;1162764288;0;0;0;0;0;0;0;0;0;0;0;3967;0;0;95;0;160;0;
24404;4642777;1075040256;34873344;1162764288;0;0;0;0;0;0;0;0;0;0;0;3627;0;0;95;0;160;0;
24405;5506536;1075040256;34873344;1162764288;0;0;0;0;0;0;0;0;0;0;0;2605;0;0;95;0;160;0;
24406;4387258;1075040256;34873344;1162764288;0;0;0;0;0;0;0;0;0;0;0;3847;0;0;95;0;160;0;
24407;5213497;1075040256;34873344;1162764288;0;0;0;0;0;0;0;0;0;0;0;2235;0;0;95;0;160;0;
24408;5603629;1075040256;34873344;1162764288;0;0;0;0;0;0;0;0;0;0;0;2585;0;0;95;0;160;0;
24409;5333001;1075040256;34873344;1162764288;0;0;0;0;0;0;0;0;0;0;0;3076;0;0;95;0;160;0;
24410;6248418;1075040256;34873344;1162764288;0;0;0;0;0;0;0;0;0;0;0;3276;0;0;95;0;160;0;
24411;5679682;1075040256;34873344;1162764288;0;0;0;0;0;0;0;0;0;0;0;2905;0;0;95;0;160;0;
24412;5669302;1075040256;34873344;1162764288;0;0;0;0;0;0;0;0;0;0;0;3637;0;0;95;0;160;0;
24413;5584062;1075040256;34873344;1162764288;0;0;0;0;0;0;0;0;0;0;0;2374;0;0;95;0;160;0;
24414;6233490;1075040256;34873344;1162764288;0;0;0;0;0;0;0;0;0;0;0;3086;0;0;95;0;160;0;
24415;5989162;1075040256;34873344;1162764288;0;0;0;0;0;0;0;0;0;0;0;2485;0;0;95;0;160;0;
24416;5698797;1075040256;34873344;1162764288;0;0;0;0;0;0;0;0;0;0;0;3807;0;0;95;0;160;0;
24417;5582740;1075040256;34873344;1162764288;0;0;0;0;0;0;0;0;0;0;0;3106;0;0;95;0;160;0;
24418;7032910;1075040256;34873344;1162764288;0;0;0;0;0;0;0;0;0;0;0;3006;0;0;95;0;160;0;
24419;6102124;1075040256;34873344;1162764288;0;0;0;0;0;0;0;0;0;0;0;1863;0;0;95;0;160;0;
24420;4860075;1075040256;34873344;1162764288;0;0;0;0;0;0;0;0;0;0;0;3276;0;0;95;0;160;0;
24421;5871532;1075040256;34873344;1162764288;0;0;0;0;0;0;0;0;0;0;0;3427;0;0;95;0;160;0;
24422;5473705;1075040256;34873344;1162764288;0;0;0;0;0;0;0;0;0;0;0;4197;0;0;95;0;160;0;
24423;5355503;1075040256;34873344;1162764288;0;0;0;0;0;0;0;0;0;0;0;3046;0;0;95;0;160;0;
24424;4982303;1075040256;34873344;1162764288;0;0;0;0;0;0;0;0;0;0;0;3116;0;0;95;0;160;0;
24425;5858998;1075040256;34873344;1162764288;0;0;0;0;0;0;0;0;0;0;0;2735;0;0;95;0;160;0;
24426;5348901;1075040256;34873344;1162764288;0;0;0;0;0;0;0;0;0;0;0;3476;0;0;95;0;160;0;
24427;5783827;1075040256;34873344;1162764288;0;0;0;0;0;0;0;0;0;0;0;2775;0;0;95;0;160;0;
24428;4490942;1075040256;34873344;1162764288;0;0;0;0;0;0;0;0;0;0;0;2835;0;0;95;0;160;0;
24429;6869783;1075040256;34873344;1162764288;0;0;0;0;0;0;0;0;0;0;0;2584;0;0;95;0;160;0;
24430;4330080;1075040256;34873344;1162764288;0;0;0;0;0;0;0;0;0;0;0;2685;0;0;95;0;160;0;
24431;6498708;1075040256;34873344;1162764288;0;0;0;0;0;0;0;0;0;0;0;2044;0;0;95;0;160;0;
24432;5110584;1075040256;34873344;1162764288;0;0;0;0;0;0;0;0;0;0;0;3056;0;0;95;0;160;0;
24433;6702109;1075040256;34873344;1162764288;0;0;0;0;0;0;0;0;0;0;0;4989;0;0;95;0;160;0;
24434;4289744;1075040256;34873344;1162764288;0;0;0;0;0;0;0;0;0;0;0;2866;0;0;95;0;160;0;
24435;6852621;1075040256;34873344;1162764288;0;0;0;0;0;0;0;0;0;0;0;3216;0;0;95;0;160;0;
24436;5034231;1075040256;34873344;1162764288;0;0;0;0;0;0;0;0;0;0;0;3366;0;0;95;0;160;0;
24437;8930899;1075040256;34873344;1162764288;0;0;0;0;0;0;0;0;0;0;0;2805;0;0;95;0;160;0;
24438;10521151;1075040256;34873344;1162764288;0;0;0;0;0;0;0;0;0;0;0;3928;0;0;95;0;160;0;
24439;8022496;1075040256;34873344;1162764288;0;0;0;0;0;0;0;0;0;0;0;3767;0;0;95;0;160;0;
24440;5696734;1075040256;34873344;1162764288;0;0;0;0;0;0;0;0;0;0;0;5220;0;0;95;0;160;0;
24441;7191968;1075040256;34873344;1162764288;0;0;0;0;0;0;0;0;0;0;0;3617;0;0;95;0;160;0;
24442;7482061;1075040256;34873344;1162764288;0;0;0;0;0;0;0;0;0;0;0;3446;0;0;95;0;160;0;
24443;7227504;1075040256;34873344;1162764288;0;0;0;0;0;0;0;0;0;0;0;4999;0;0;95;0;160;0;
24444;6135757;1075040256;34873344;1162764288;0;0;0;0;0;0;0;0;0;0;0;3577;0;0;95;0;160;0;
24445;8368264;1075040256;34873344;1162764288;0;0;0;0;0;0;0;0;0;0;0;3757;0;0;95;0;160;0;
24446;6097856;1075040256;34873344;1162764288;0;0;0;0;0;0;0;0;0;0;0;5249;0;0;95;0;160;0;
24447;8174751;1075040256;34873344;1162764288;0;0;0;0;0;0;0;0;0;0;0;4979;0;0;95;0;160;0;
24448;7045563;1075040256;34873344;1162764288;0;0;0;0;0;0;0;0;0;0;0;4148;0;0;95;0;160;0;
24449;8068822;1075040256;34873344;1162764288;0;0;0;0;0;0;0;0;0;0;0;4128;0;0;95;0;160;0;
24450;5998209;1075040256;34873344;1162764288;0;0;0;0;0;0;0;0;0;0;0;3978;0;0;95;0;160;0;
24451;8345030;1075040256;34873344;1162764288;0;0;0;0;0;0;0;0;0;0;0;2405;0;0;95;0;160;0;
24452;5557092;1075040256;34873344;1162764288;0;0;0;0;0;0;0;0;0;0;0;4067;0;0;95;0;160;0;
24453;8756371;1075040256;34873344;1162764288;0;0;0;0;0;0;0;0;0;0;0;3507;0;0;95;0;160;0;
24454;4667353;1075040256;34873344;1162764288;0;0;0;0;0;0;0;0;0;0;0;3616;0;0;95;0;160;0;
24455;7325648;1075040256;34873344;1162764288;0;0;0;0;0;0;0;0;0;0;0;4378;0;0;95;0;160;0;
24456;5596226;1075040256;34873344;1162764288;0;0;0;0;0;0;0;0;0;0;0;2825;0;0;95;0;160;0;
24457;7215452;1075040256;34873344;1162764288;0;0;0;0;0;0;0;0;0;0;0;4619;0;0;95;0;160;0;
24458;4424006;1075040256;34873344;1162764288;0;0;0;0;0;0;0;0;0;0;0;3186;0;0;95;0;160;0;
24459;5987679;1075040256;34873344;1162764288;0;0;0;0;0;0;0;0;0;0;0;3837;0;0;95;0;160;0;
24460;5276776;1075040256;34873344;1162764288;0;0;0;0;0;0;0;0;0;0;0;3807;0;0;95;0;160;0;
24461;5184743;1075040256;34873344;1162764288;0;0;0;0;0;0;0;0;0;0;0;2314;0;0;95;0;160;0;
24462;5365112;1075040256;34873344;1162764288;0;0;0;0;0;0;0;0;0;0;0;3447;0;0;95;0;160;0;
24463;6496754;1075040256;34873344;1162764288;0;0;0;0;0;0;0;0;0;0;0;3347;0;0;95;0;160;0;
24464;4712738;1075040256;34873344;1162764288;0;0;0;0;0;0;0;0;0;0;0;3216;0;0;95;0;160;0;
24465;7554237;1075040256;34873344;1162764288;0;0;0;0;0;0;0;0;0;0;0;4208;0;0;95;0;160;0;
24466;7021278;1075040256;34873344;1162764288;0;0;0;0;0;0;0;0;0;0;0;3396;0;0;95;0;160;0;
24467;7368479;1075040256;34877440;1162768384;0;0;0;0;0;0;0;0;0;0;0;3767;0;0;95;0;160;0;
24468;7259965;1075040256;34881536;1162772480;0;0;0;0;0;0;0;0;0;0;0;3066;0;0;95;0;160;0;
24469;7976519;1075040256;34881536;1162772480;0;0;0;0;0;0;0;0;0;0;0;3476;0;0;95;0;160;0;
24470;5481851;1075040256;34881536;1162772480;0;0;0;0;0;0;0;0;0;0;0;4228;0;0;95;0;160;0;
24471;8285318;1075040256;34881536;1162772480;0;0;0;0;0;0;0;0;0;0;0;3908;0;0;95;0;160;0;
24472;5165527;1075040256;34881536;1162772480;0;0;0;0;0;0;0;0;0;0;0;3567;0;0;95;0;160;0;
24473;6876937;1075040256;34881536;1162772480;0;0;0;0;0;0;0;0;0;0;0;3366;0;0;95;0;160;0;
24474;4245833;1075113984;34873344;1162764288;0;0;0;0;0;0;0;0;0;0;0;3286;0;0;95;0;160;0;
24475;6911642;1075113984;34873344;1162764288;0;0;0;0;0;0;0;0;0;0;0;3356;0;0;95;0;160;0;
24476;5325207;1075113984;34873344;1162764288;0;0;0;0;0;0;0;0;0;0;0;4568;0;0;95;0;160;0;
24477;6448934;1075113984;34873344;1162764288;0;0;0;0;0;0;0;0;0;0;0;4438;0;0;95;0;160;0;
24478;5923188;1075113984;34873344;1162764288;0;0;0;0;0;0;0;0;0;0;0;3958;0;0;95;0;160;0;
24479;6311456;1075113984;34873344;1162764288;0;0;0;0;0;0;0;0;0;0;0;2144;0;0;95;0;160;0;
24480;5326469;1075113984;34873344;1162764288;0;0;0;0;0;0;0;0;0;0;0;3647;0;0;95;0;160;0;
24481;5283088;1075113984;34873344;1162764288;0;0;0;0;0;0;0;0;0;0;0;2425;0;0;95;0;160;0;
24482;5852546;1075113984;34873344;1162764288;0;0;0;0;0;0;0;0;0;0;0;4098;0;0;95;0;160;0;
24483;5982820;1075113984;34873344;1162764288;0;0;0;0;0;0;0;0;0;0;0;2665;0;0;95;0;160;0;
24484;5559827;1075113984;34873344;1162764288;0;0;0;0;0;0;0;0;0;0;0;3086;0;0;95;0;160;0;
24485;5707423;1075113984;34873344;1162764288;0;0;0;0;0;0;0;0;0;0;0;2455;0;0;95;0;160;0;
24486;5263221;1075113984;34873344;1162764288;0;0;0;0;0;0;0;0;0;0;0;2725;0;0;95;0;160;0;
24487;6395414;1075113984;34873344;1162764288;0;0;0;0;0;0;0;0;0;0;0;2314;0;0;95;0;160;0;
24488;4906852;1075113984;34873344;1162764288;0;0;0;0;0;0;0;0;0;0;0;2765;0;0;95;0;160;0;
24489;6373453;1075113984;34873344;1162764288;0;0;0;0;0;0;0;0;0;0;0;2645;0;0;95;0;160;0;
24490;4546266;1075113984;34873344;1162764288;0;0;0;0;0;0;0;0;0;0;0;3176;0;0;95;0;160;0;
24491;5249615;1075113984;34873344;1162764288;0;0;0;0;0;0;0;0;0;0;0;2995;0;0;95;0;160;0;
24492;4338647;1075113984;34873344;1162764288;0;0;0;0;0;0;0;0;0;0;0;4418;0;0;95;0;160;0;
24493;6515249;1075113984;34873344;1162764288;0;0;0;0;0;0;0;0;0;0;0;2926;0;0;95;0;160;0;
24494;4818236;1075113984;34873344;1162764288;0;0;0;0;0;0;0;0;0;0;0;3106;0;0;95;0;160;0;
24495;6700035;1075113984;34873344;1162764288;0;0;0;0;0;0;0;0;0;0;0;2675;0;0;95;0;160;0;
24496;3955669;1075113984;34873344;1162764288;0;0;0;0;0;0;0;0;0;0;0;2866;0;0;95;0;160;0;
24497;5959627;1075113984;34873344;1162764288;0;0;0;0;0;0;0;0;0;0;0;3577;0;0;95;0;160;0;
24498;4911992;1075113984;34873344;1162764288;0;0;0;0;0;0;0;0;0;0;0;4167;0;0;95;0;160;0;
24499;5394997;1075113984;34873344;1162764288;0;0;0;0;0;0;0;0;0;0;0;2856;0;0;95;0;160;0;
24500;5619749;1075113984;34873344;1162764288;0;0;0;0;0;0;0;0;0;0;0;3436;0;0;95;0;160;0;
24501;6795595;1075113984;34873344;1162764288;0;0;0;0;0;0;0;0;0;0;0;3647;0;0;95;0;160;0;
24502;5348751;1075113984;34873344;1162764288;0;0;0;0;0;0;0;0;0;0;0;3186;0;0;95;0;160;0;
24503;7383166;1075113984;34873344;1162764288;0;0;0;0;0;0;0;0;0;0;0;3747;0;0;95;0;160;0;
24504;6105370;1075113984;34873344;1162764288;0;0;0;0;0;0;0;0;0;0;0;4148;0;0;95;0;160;0;
24505;7484677;1075113984;34873344;1162764288;0;0;0;0;0;0;0;0;0;0;0;4188;0;0;95;0;160;0;
24506;5007331;1075113984;34873344;1162764288;0;0;0;0;0;0;0;0;0;0;0;2935;0;0;95;0;160;0;
24507;6318600;1075113984;34873344;1162764288;0;0;0;0;0;0;0;0;0;0;0;4719;0;0;95;0;160;0;
24508;5179604;1075113984;34873344;1162764288;0;0;0;0;0;0;0;0;0;0;0;2865;0;0;95;0;160;0;
24509;6733127;1075113984;34873344;1162764288;0;0;0;0;0;0;0;0;0;0;0;3897;0;0;95;0;160;0;
24510;4993004;1075113984;34873344;1162764288;0;0;0;0;0;0;0;0;0;0;0;2916;0;0;95;0;160;0;
24511;5865119;1075113984;34873344;1162764288;0;0;0;0;0;0;0;0;0;0;0;3888;0;0;95;0;160;0;
24512;4423186;1075113984;34873344;1162764288;0;0;0;0;0;0;0;0;0;0;0;3376;0;0;95;0;160;0;
24513;6015341;1075113984;34873344;1162764288;0;0;0;0;0;0;0;0;0;0;0;3707;0;0;95;0;160;0;
24514;5209009;1075113984;34873344;1162764288;0;0;0;0;0;0;0;0;0;0;0;3286;0;0;95;0;160;0;
24515;9408996;1075113984;34873344;1162764288;0;0;0;0;0;0;0;0;0;0;0;3717;0;0;95;0;160;0;
24516;6117904;1075113984;34873344;1162764288;0;0;0;0;0;0;0;0;0;0;0;3717;0;0;95;0;160;0;
24517;7247111;1075113984;34873344;1162764288;0;0;0;0;0;0;0;0;0;0;0;4118;0;0;95;0;160;0;
24518;5199751;1075113984;34873344;1162764288;0;0;0;0;0;0;0;0;0;0;0;4698;0;0;95;0;160;0;
24519;7038670;1075113984;34873344;1162764288;0;0;0;0;0;0;0;0;0;0;0;3767;0;0;95;0;160;0;
24520;5905786;1075113984;34873344;1162764288;0;0;0;0;0;0;0;0;0;0;0;3467;0;0;95;0;160;0;
24521;6369064;1075113984;34873344;1162764288;0;0;0;0;0;0;0;0;0;0;0;3046;0;0;95;0;160;0;
24522;3917447;1075113984;34873344;1162764288;0;0;0;0;0;0;0;0;0;0;0;3707;0;0;95;0;160;0;
24523;7371805;1075113984;34873344;1162764288;0;0;0;0;0;0;0;0;0;0;0;2665;0;0;95;0;160;0;
24524;5701393;1075113984;34873344;1162764288;0;0;0;0;0;0;0;0;0;0;0;3447;0;0;95;0;160;0;
24525;7338913;1075113984;34873344;1162764288;0;0;0;0;0;0;0;0;0;0;0;2976;0;0;95;0;160;0;
24526;5835895;1075113984;34873344;1162764288;0;0;0;0;0;0;0;0;0;0;0;2745;0;0;95;0;160;0;
24527;8259570;1075113984;34873344;1162764288;0;0;0;0;0;0;0;0;0;0;0;2785;0;0;95;0;160;0;
24528;4342293;1075113984;34873344;1162764288;0;0;0;0;0;0;0;0;0;0;0;3437;0;0;95;0;160;0;
24529;6419449;1075113984;34873344;1162764288;0;0;0;0;0;0;0;0;0;0;0;3256;0;0;95;0;160;0;
24530;4945184;1075113984;34873344;1162764288;0;0;0;0;0;0;0;0;0;0;0;2955;0;0;95;0;160;0;
24531;7105997;1075113984;34873344;1162764288;0;0;0;0;0;0;0;0;0;0;0;3336;0;0;95;0;160;0;
24532;5093633;1075113984;34873344;1162764288;0;0;0;0;0;0;0;0;0;0;0;2876;0;0;95;0;160;0;
24533;6196481;1075113984;34873344;1162764288;0;0;0;0;0;0;0;0;0;0;0;3306;0;0;95;0;160;0;
24534;6312338;1075113984;34873344;1162764288;0;0;0;0;0;0;0;0;0;0;0;3356;0;0;95;0;160;0;
24535;8003589;1075113984;34873344;1162764288;0;0;0;0;0;0;0;0;0;0;0;3847;0;0;95;0;160;0;
24536;4432252;1075113984;34873344;1162764288;0;0;0;0;0;0;0;0;0;0;0;3467;0;0;95;0;160;0;
24537;8310335;1075113984;34873344;1162764288;0;0;0;0;0;0;0;0;0;0;0;4078;0;0;95;0;160;0;
24538;4422785;1075113984;34873344;1162764288;0;0;0;0;0;0;0;0;0;0;0;3968;0;0;95;0;160;0;
24539;8222300;1075113984;34873344;1162764288;0;0;0;0;0;0;0;0;0;0;0;3987;0;0;95;0;160;0;
24540;5474918;1075113984;34873344;1162764288;0;0;0;0;0;0;0;0;0;0;0;3497;0;0;95;0;160;0;
24541;7336298;1075113984;34873344;1162764288;0;0;0;0;0;0;0;0;0;0;0;4047;0;0;95;0;160;0;
24542;6280468;1075113984;34873344;1162764288;0;0;0;0;0;0;0;0;0;0;0;4148;0;0;95;0;160;0;
24543;7954968;1075113984;34873344;1162764288;0;0;0;0;0;0;0;0;0;0;0;3707;0;0;95;0;160;0;
24544;6681600;1075113984;34873344;1162764288;0;0;0;0;0;0;0;0;0;0;0;3707;0;0;95;0;160;0;
24545;5732691;1075113984;34873344;1162764288;0;0;0;0;0;0;0;0;0;0;0;2394;0;0;95;0;160;0;
24546;6288414;1075113984;34873344;1162764288;0;0;0;0;0;0;0;0;0;0;0;4298;0;0;95;0;160;0;
24547;7152553;1075113984;34873344;1162764288;0;0;0;0;0;0;0;0;0;0;0;3036;0;0;95;0;160;0;
24548;4936568;1075113984;34873344;1162764288;0;0;0;0;0;0;0;0;0;0;0;2715;0;0;95;0;160;0;
24549;8105912;1075113984;34877440;1162768384;0;0;0;0;0;0;0;0;0;0;0;3767;0;0;95;0;160;0;
24550;4167315;1075113984;34881536;1162772480;0;0;0;0;0;0;0;0;0;0;0;2935;0;0;95;0;160;0;
24551;6305756;1075113984;34881536;1162772480;0;0;0;0;0;0;0;0;0;0;0;2745;0;0;95;0;160;0;
24552;6242147;1075113984;34881536;1162772480;0;0;0;0;0;0;0;0;0;0;0;3106;0;0;95;0;160;0;
24553;7348191;1075113984;34881536;1162772480;0;0;0;0;0;0;0;0;0;0;0;2595;0;0;95;0;160;0;
24554;6454334;1075113984;34881536;1162772480;0;0;0;0;0;0;0;0;0;0;0;3156;0;0;95;0;160;0;
24555;7754383;1075113984;34881536;1162772480;0;0;0;0;0;0;0;0;0;0;0;4037;0;0;95;0;160;0;
24556;5359822;1075150848;34873344;1162764288;0;0;0;0;0;0;0;0;0;0;0;3206;0;0;95;0;160;0;
24557;8391096;1075150848;34873344;1162764288;0;0;0;0;0;0;0;0;0;0;0;3136;0;0;95;0;160;0;
24558;7028170;1075150848;34873344;1162764288;0;0;0;0;0;0;0;0;0;0;0;4138;0;0;95;0;160;0;
24559;7901388;1075150848;34873344;1162764288;0;0;0;0;0;0;0;0;0;0;0;3787;0;0;95;0;160;0;
24560;5056864;1075150848;34873344;1162764288;0;0;0;0;0;0;0;0;0;0;0;4068;0;0;95;0;160;0;
24561;5745686;1075150848;34873344;1162764288;0;0;0;0;0;0;0;0;0;0;0;3126;0;0;95;0;160;0;
24562;7769601;1075150848;34873344;1162764288;0;0;0;0;0;0;0;0;0;0;0;2895;0;0;95;0;160;0;
24563;8561226;1075150848;34873344;1162764288;0;0;0;0;0;0;0;0;0;0;0;2935;0;0;95;0;160;0;
24564;6539774;1075150848;34873344;1162764288;0;0;0;0;0;0;0;0;0;0;0;3056;0;0;95;0;160;0;
24565;7215732;1075150848;34873344;1162764288;0;0;0;0;0;0;0;0;0;0;0;3887;0;0;95;0;160;0;
24566;5300220;1075150848;34873344;1162764288;0;0;0;0;0;0;0;0;0;0;0;3417;0;0;95;0;160;0;
24567;6243689;1075150848;34873344;1162764288;0;0;0;0;0;0;0;0;0;0;0;3416;0;0;95;0;160;0;
24568;5386251;1075150848;34873344;1162764288;0;0;0;0;0;0;0;0;0;0;0;4047;0;0;95;0;160;0;
24569;8072318;1075150848;34873344;1162764288;0;0;0;0;0;0;0;0;0;0;0;3427;0;0;95;0;160;0;
24570;6340211;1075150848;34873344;1162764288;0;0;0;0;0;0;0;0;0;0;0;4539;0;0;95;0;160;0;
24571;7920634;1075150848;34873344;1162764288;0;0;0;0;0;0;0;0;0;0;0;3487;0;0;95;0;160;0;
24572;6855386;1075150848;34873344;1162764288;0;0;0;0;0;0;0;0;0;0;0;3376;0;0;95;0;160;0;
24573;7071201;1075150848;34873344;1162764288;0;0;0;0;0;0;0;0;0;0;0;2906;0;0;95;0;160;0;
24574;6137711;1075150848;34873344;1162764288;0;0;0;0;0;0;0;0;0;0;0;3938;0;0;95;0;160;0;
24575;6103987;1075150848;34873344;1162764288;0;0;0;0;0;0;0;0;0;0;0;2665;0;0;95;0;160;0;
24576;5921855;1075150848;34873344;1162764288;0;0;0;0;0;0;0;0;0;0;0;2736;0;0;95;0;160;0;
24577;6348195;1075150848;34873344;1162764288;0;0;0;0;0;0;0;0;0;0;0;3166;0;0;95;0;160;0;
24578;6182945;1075150848;34873344;1162764288;0;0;0;0;0;0;0;0;0;0;0;3286;0;0;95;0;160;0;
24579;6062760;1075150848;34873344;1162764288;0;0;0;0;0;0;0;0;0;0;0;3366;0;0;95;0;160;0;
24580;7128940;1075150848;34873344;1162764288;0;0;0;0;0;0;0;0;0;0;0;4348;0;0;95;0;160;0;
24581;7322763;1075150848;34873344;1162764288;0;0;0;0;0;0;0;0;0;0;0;3156;0;0;95;0;160;0;
24582;6739649;1075150848;34873344;1162764288;0;0;0;0;0;0;0;0;0;0;0;3977;0;0;95;0;160;0;
24583;8706037;1075150848;34873344;1162764288;0;0;0;0;0;0;0;0;0;0;0;2876;0;0;95;0;160;0;
24584;6447852;1075150848;34873344;1162764288;0;0;0;0;0;0;0;0;0;0;0;3176;0;0;95;0;160;0;
24585;7011429;1075150848;34873344;1162764288;0;0;0;0;0;0;0;0;0;0;0;2405;0;0;95;0;160;0;
24586;6347424;1075150848;34873344;1162764288;0;0;0;0;0;0;0;0;0;0;0;2905;0;0;95;0;160;0;
24587;8104159;1075150848;34873344;1162764288;0;0;0;0;0;0;0;0;0;0;0;4178;0;0;95;0;160;0;
24588;4186702;1075150848;34873344;1162764288;0;0;0;0;0;0;0;0;0;0;0;2785;0;0;95;0;160;0;
24589;7594182;1075150848;34873344;1162764288;0;0;0;0;0;0;0;0;0;0;0;3286;0;0;95;0;160;0;
24590;4388611;1075150848;34873344;1162764288;0;0;0;0;0;0;0;0;0;0;0;3627;0;0;95;0;160;0;
24591;8238992;1075150848;34873344;1162764288;0;0;0;0;0;0;0;0;0;0;0;4258;0;0;95;0;160;0;
24592;5275574;1075150848;34873344;1162764288;0;0;0;0;0;0;0;0;0;0;0;4328;0;0;95;0;160;0;
24593;10969061;1075150848;34873344;1162764288;0;0;0;0;0;0;0;0;0;0;0;10550;0;0;95;0;160;0;
24594;14022547;1075150848;34873344;1162764288;0;0;0;0;0;0;0;0;0;0;0;3426;0;0;95;0;160;0;
24595;6610767;1075150848;34873344;1162764288;0;0;0;0;0;0;0;0;0;0;0;3356;0;0;95;0;160;0;
24596;6690868;1075150848;34873344;1162764288;0;0;0;0;0;0;0;0;0;0;0;4268;0;0;95;0;160;0;
24597;6400804;1075150848;34873344;1162764288;0;0;0;0;0;0;0;0;0;0;0;3476;0;0;95;0;160;0;
24598;6412776;1075150848;34873344;1162764288;0;0;0;0;0;0;0;0;0;0;0;3337;0;0;95;0;160;0;
24599;6731825;1075150848;34873344;1162764288;0;0;0;0;0;0;0;0;0;0;0;3186;0;0;95;0;160;0;
24600;4715583;1075150848;34873344;1162764288;0;0;0;0;0;0;0;0;0;0;0;3366;0;0;95;0;160;0;
24601;7327121;1075150848;34873344;1162764288;0;0;0;0;0;0;0;0;0;0;0;3367;0;0;95;0;160;0;
24602;5890036;1075150848;34873344;1162764288;0;0;0;0;0;0;0;0;0;0;0;3336;0;0;95;0;160;0;
24603;9220081;1075150848;34873344;1162764288;0;0;0;0;0;0;0;0;0;0;0;4278;0;0;95;0;160;0;
24604;5931254;1075150848;34873344;1162764288;0;0;0;0;0;0;0;0;0;0;0;3286;0;0;95;0;160;0;
24605;7454630;1075150848;34873344;1162764288;0;0;0;0;0;0;0;0;0;0;0;3837;0;0;95;0;160;0;
24606;4618512;1075150848;34873344;1162764288;0;0;0;0;0;0;0;0;0;0;0;3557;0;0;95;0;160;0;
24607;7142685;1075150848;34873344;1162764288;0;0;0;0;0;0;0;0;0;0;0;3507;0;0;95;0;160;0;
24608;5354601;1075150848;34873344;1162764288;0;0;0;0;0;0;0;0;0;0;0;3917;0;0;95;0;160;0;
24609;7259705;1075150848;34873344;1162764288;0;0;0;0;0;0;0;0;0;0;0;3326;0;0;95;0;160;0;
24610;5233004;1075150848;34873344;1162764288;0;0;0;0;0;0;0;0;0;0;0;3387;0;0;95;0;160;0;
24611;8358876;1075150848;34873344;1162764288;0;0;0;0;0;0;0;0;0;0;0;3206;0;0;95;0;160;0;
24612;4417936;1075150848;34873344;1162764288;0;0;0;0;0;0;0;0;0;0;0;3517;0;0;95;0;160;0;
24613;6430269;1075150848;34873344;1162764288;0;0;0;0;0;0;0;0;0;0;0;3327;0;0;95;0;160;0;
24614;5436005;1075150848;34873344;1162764288;0;0;0;0;0;0;0;0;0;0;0;3256;0;0;95;0;160;0;
24615;5348701;1075150848;34873344;1162764288;0;0;0;0;0;0;0;0;0;0;0;2325;0;0;95;0;160;0;
24616;5822789;1075150848;34873344;1162764288;0;0;0;0;0;0;0;0;0;0;0;3126;0;0;95;0;160;0;
24617;6113255;1075150848;34873344;1162764288;0;0;0;0;0;0;0;0;0;0;0;3106;0;0;95;0;160;0;
24618;4791226;1075150848;34873344;1162764288;0;0;0;0;0;0;0;0;0;0;0;3006;0;0;95;0;160;0;
24619;7902310;1075150848;34873344;1162764288;0;0;0;0;0;0;0;0;0;0;0;3566;0;0;95;0;160;0;
24620;4368763;1075150848;34873344;1162764288;0;0;0;0;0;0;0;0;0;0;0;2926;0;0;95;0;160;0;
24621;4975230;1075150848;34873344;1162764288;0;0;0;0;0;0;0;0;0;0;0;2334;0;0;95;0;160;0;
24622;6837383;1075150848;34873344;1162764288;0;0;0;0;0;0;0;0;0;0;0;2956;0;0;95;0;160;0;
24623;6311296;1075150848;34873344;1162764288;0;0;0;0;0;0;0;0;0;0;0;2425;0;0;95;0;160;0;
24624;6982825;1075150848;34873344;1162764288;0;0;0;0;0;0;0;0;0;0;0;3357;0;0;95;0;160;0;
24625;6747475;1075150848;34873344;1162764288;0;0;0;0;0;0;0;0;0;0;0;3978;0;0;95;0;160;0;
24626;5157051;1075150848;34873344;1162764288;0;0;0;0;0;0;0;0;0;0;0;3165;0;0;95;0;160;0;
24627;7779680;1075150848;34873344;1162764288;0;0;0;0;0;0;0;0;0;0;0;3667;0;0;95;0;160;0;
24628;5577369;1075150848;34873344;1162764288;0;0;0;0;0;0;0;0;0;0;0;3667;0;0;95;0;160;0;
24629;7961531;1075150848;34873344;1162764288;0;0;0;0;0;0;0;0;0;0;0;3357;0;0;95;0;160;0;
24630;4300535;1075150848;34873344;1162764288;0;0;0;0;0;0;0;0;0;0;0;3828;0;0;95;0;160;0;
24631;8371771;1075150848;34873344;1162764288;0;0;0;0;0;0;0;0;0;0;0;3737;0;0;95;0;160;0;
24632;7155319;1075150848;34873344;1162764288;0;0;0;0;0;0;0;0;0;0;0;3236;0;0;95;0;160;0;
24633;6615998;1075150848;34873344;1162764288;0;0;0;0;0;0;0;0;0;0;0;3076;0;0;95;0;160;0;
24634;6823246;1075150848;34873344;1162764288;0;0;0;0;0;0;0;0;0;0;0;3687;0;0;95;0;160;0;
24635;7493513;1075150848;34873344;1162764288;0;0;0;0;0;0;0;0;0;0;0;3316;0;0;95;0;160;0;
24636;5122036;1075150848;34873344;1162764288;0;0;0;0;0;0;0;0;0;0;0;3346;0;0;95;0;160;0;
24637;8194528;1075150848;34873344;1162764288;0;0;0;0;0;0;0;0;0;0;0;2865;0;0;95;0;160;0;
24638;8248239;1075150848;34873344;1162764288;0;0;0;0;0;0;0;0;0;0;0;3537;0;0;95;0;160;0;
24639;7683470;1075150848;34873344;1162764288;0;0;0;0;0;0;0;0;0;0;0;3366;0;0;95;0;160;0;
24640;5224518;1075150848;34873344;1162764288;0;0;0;0;0;0;0;0;0;0;0;2915;0;0;95;0;160;0;
24641;7734585;1075150848;34873344;1162764288;0;0;0;0;0;0;0;0;0;0;0;3126;0;0;95;0;160;0;
24642;5309908;1075150848;34873344;1162764288;0;0;0;0;0;0;0;0;0;0;0;3516;0;0;95;0;160;0;
24643;6894710;1075150848;34873344;1162764288;0;0;0;0;0;0;0;0;0;0;0;2775;0;0;95;0;160;0;
24644;7120283;1075150848;34873344;1162764288;0;0;0;0;0;0;0;0;0;0;0;3006;0;0;95;0;160;0;
24645;7270154;1075150848;34873344;1162764288;0;0;0;0;0;0;0;0;0;0;0;3426;0;0;95;0;160;0;
24646;5575005;1075150848;34873344;1162764288;0;0;0;0;0;0;0;0;0;0;0;3947;0;0;95;0;160;0;
24647;5562111;1075150848;34873344;1162764288;0;0;0;0;0;0;0;0;0;0;0;3036;0;0;95;0;160;0;
24648;4566875;1075150848;34873344;1162764288;0;0;0;0;0;0;0;0;0;0;0;3326;0;0;95;0;160;0;
24649;7647652;1075150848;34873344;1162764288;0;0;0;0;0;0;0;0;0;0;0;2895;0;0;95;0;160;0;
24650;5276235;1075150848;34873344;1162764288;0;0;0;0;0;0;0;0;0;0;0;3727;0;0;95;0;160;0;
24651;7187680;1075150848;34873344;1162764288;0;0;0;0;0;0;0;0;0;0;0;4178;0;0;95;0;160;0;
24652;5800649;1075150848;34873344;1162764288;0;0;0;0;0;0;0;0;0;0;0;84228;0;0;95;0;160;0;
24653;8100782;1075150848;34873344;1162764288;0;0;0;0;0;0;0;0;0;0;0;3536;0;0;95;0;160;0;
24654;5063396;1075150848;34873344;1162764288;0;0;0;0;0;0;0;0;0;0;0;3296;0;0;95;0;160;0;
24655;5979494;1075150848;34873344;1162764288;0;0;0;0;0;0;0;0;0;0;0;3246;0;0;95;0;160;0;
24656;5818862;1075150848;34873344;1162764288;0;0;0;0;0;0;0;0;0;0;0;3446;0;0;95;0;160;0;
24657;7137515;1075150848;34873344;1162764288;0;0;0;0;0;0;0;0;0;0;0;3827;0;0;95;0;160;0;
24658;3906867;1075150848;34873344;1162764288;0;0;0;0;0;0;0;0;0;0;0;3136;0;0;95;0;160;0;
24659;9234539;1075150848;34873344;1162764288;0;0;0;0;0;0;0;0;0;0;0;4087;0;0;95;0;160;0;
24660;5956651;1075150848;34873344;1162764288;0;0;0;0;0;0;0;0;0;0;0;3267;0;0;95;0;160;0;
24661;5541483;1075150848;34873344;1162764288;0;0;0;0;0;0;0;0;0;0;0;3056;0;0;95;0;160;0;
24662;6281770;1075150848;34873344;1162764288;0;0;0;0;0;0;0;0;0;0;0;3476;0;0;95;0;160;0;
24663;5428751;1075150848;34873344;1162764288;0;0;0;0;0;0;0;0;0;0;0;2595;0;0;95;0;160;0;
24664;5745315;1075150848;34873344;1162764288;0;0;0;0;0;0;0;0;0;0;0;4118;0;0;95;0;160;0;
24665;6684085;1075150848;34873344;1162764288;0;0;0;0;0;0;0;0;0;0;0;2625;0;0;95;0;160;0;
24666;6399832;1075150848;34873344;1162764288;0;0;0;0;0;0;0;0;0;0;0;3046;0;0;95;0;160;0;
24667;5956370;1075150848;34873344;1162764288;0;0;0;0;0;0;0;0;0;0;0;2515;0;0;95;0;160;0;
24668;5853988;1075150848;34873344;1162764288;0;0;0;0;0;0;0;0;0;0;0;4348;0;0;95;0;160;0;
24669;6379835;1075150848;34873344;1162764288;0;0;0;0;0;0;0;0;0;0;0;2766;0;0;95;0;160;0;
24670;6880673;1075150848;34873344;1162764288;0;0;0;0;0;0;0;0;0;0;0;2505;0;0;95;0;160;0;
24671;7479216;1075150848;34873344;1162764288;0;0;0;0;0;0;0;0;0;0;0;2504;0;0;95;0;160;0;
24672;4344677;1075150848;34873344;1162764288;0;0;0;0;0;0;0;0;0;0;0;2845;0;0;95;0;160;0;
24673;7778688;1075150848;34873344;1162764288;0;0;0;0;0;0;0;0;0;0;0;2866;0;0;95;0;160;0;
24674;5577700;1075150848;34873344;1162764288;0;0;0;0;0;0;0;0;0;0;0;3376;0;0;95;0;160;0;
24675;7477172;1075150848;34873344;1162764288;0;0;0;0;0;0;0;0;0;0;0;4028;0;0;95;0;160;0;
24676;5780801;1075150848;34873344;1162764288;0;0;0;0;0;0;0;0;0;0;0;101550;0;0;95;0;160;0;
24677;7782015;1075150848;34873344;1162764288;0;0;0;0;0;0;0;0;0;0;0;3206;0;0;95;0;160;0;
24678;6538703;1075150848;34873344;1162764288;0;0;0;0;0;0;0;0;0;0;0;3887;0;0;95;0;160;0;
24679;7955440;1075150848;34873344;1162764288;0;0;0;0;0;0;0;0;0;0;0;3807;0;0;95;0;160;0;
24680;5432979;1075150848;34873344;1162764288;0;0;0;0;0;0;0;0;0;0;0;3477;0;0;95;0;160;0;
24681;8334681;1075150848;34873344;1162764288;0;0;0;0;0;0;0;0;0;0;0;3487;0;0;95;0;160;0;
24682;4556385;1075150848;34873344;1162764288;0;0;0;0;0;0;0;0;0;0;0;3537;0;0;95;0;160;0;
24683;7766856;1075150848;34873344;1162764288;0;0;0;0;0;0;0;0;0;0;0;2986;0;0;95;0;160;0;
24684;6169640;1075150848;34873344;1162764288;0;0;0;0;0;0;0;0;0;0;0;3838;0;0;95;0;160;0;
24685;6952248;1075150848;34873344;1162764288;0;0;0;0;0;0;0;0;0;0;0;2735;0;0;95;0;160;0;
24686;4285416;1075150848;34873344;1162764288;0;0;0;0;0;0;0;0;0;0;0;2835;0;0;95;0;160;0;
24687;5149057;1075150848;34873344;1162764288;0;0;0;0;0;0;0;0;0;0;0;2555;0;0;95;0;160;0;
24688;5726229;1075150848;34873344;1162764288;0;0;0;0;0;0;0;0;0;0;0;3376;0;0;95;0;160;0;
24689;7018983;1075150848;34873344;1162764288;0;0;0;0;0;0;0;0;0;0;0;2635;0;0;95;0;160;0;
24690;4828826;1075150848;34873344;1162764288;0;0;0;0;0;0;0;0;0;0;0;3045;0;0;95;0;160;0;
24691;6933784;1075150848;34873344;1162764288;0;0;0;0;0;0;0;0;0;0;0;2384;0;0;95;0;160;0;
24692;5598259;1075150848;34873344;1162764288;0;0;0;0;0;0;0;0;0;0;0;3316;0;0;95;0;160;0;
24693;7157112;1075150848;34873344;1162764288;0;0;0;0;0;0;0;0;0;0;0;3817;0;0;95;0;160;0;
24694;5754112;1075150848;34873344;1162764288;0;0;0;0;0;0;0;0;0;0;0;4158;0;0;95;0;160;0;
24695;6479121;1075150848;34873344;1162764288;0;0;0;0;0;0;0;0;0;0;0;2524;0;0;95;0;160;0;
24696;4628550;1075150848;34873344;1162764288;0;0;0;0;0;0;0;0;0;0;0;2876;0;0;95;0;160;0;
24697;7330648;1075150848;34873344;1162764288;0;0;0;0;0;0;0;0;0;0;0;3316;0;0;95;0;160;0;
24698;4882086;1075150848;34873344;1162764288;0;0;0;0;0;0;0;0;0;0;0;3697;0;0;95;0;160;0;
24699;6539484;1075150848;34873344;1162764288;0;0;0;0;0;0;0;0;0;0;0;3466;0;0;95;0;160;0;
24700;4611378;1075150848;34873344;1162764288;0;0;0;0;0;0;0;0;0;0;0;3476;0;0;95;0;160;0;
24701;6208504;1075150848;34873344;1162764288;0;0;0;0;0;0;0;0;0;0;0;3898;0;0;95;0;160;0;
24702;3879826;1075150848;34873344;1162764288;0;0;0;0;0;0;0;0;0;0;0;4339;0;0;95;0;160;0;
24703;6267895;1075150848;34877440;1162768384;0;0;0;0;0;0;0;0;0;0;0;2795;0;0;95;0;160;0;
24704;3527565;1075150848;34881536;1162772480;0;0;0;0;0;0;0;0;0;0;0;3517;0;0;95;0;160;0;
24705;7061803;1075150848;34881536;1162772480;0;0;0;0;0;0;0;0;0;0;0;3506;0;0;95;0;160;0;
24706;5553314;1075150848;34881536;1162772480;0;0;0;0;0;0;0;0;0;0;0;3988;0;0;95;0;160;0;
24707;5434152;1075150848;34881536;1162772480;0;0;0;0;0;0;0;0;0;0;0;3416;0;0;95;0;160;0;
24708;4200268;1075150848;34881536;1162772480;0;0;0;0;0;0;0;0;0;0;0;3206;0;0;95;0;160;0;
24709;6354016;1075150848;34881536;1162772480;0;0;0;0;0;0;0;0;0;0;0;2846;0;0;95;0;160;0;
24710;4325983;1075212288;34873344;1162764288;0;0;0;0;0;0;0;0;0;0;0;2915;0;0;95;0;160;0;
24711;6895842;1075212288;34873344;1162764288;0;0;0;0;0;0;0;0;0;0;0;2655;0;0;95;0;160;0;
24712;4638259;1075212288;34873344;1162764288;0;0;0;0;0;0;0;0;0;0;0;3386;0;0;95;0;160;0;
24713;7487962;1075212288;34873344;1162764288;0;0;0;0;0;0;0;0;0;0;0;3146;0;0;95;0;160;0;
24714;4249078;1075212288;34873344;1162764288;0;0;0;0;0;0;0;0;0;0;0;3557;0;0;95;0;160;0;
24715;8421925;1075212288;34873344;1162764288;0;0;0;0;0;0;0;0;0;0;0;3777;0;0;95;0;160;0;
24716;4815911;1075212288;34873344;1162764288;0;0;0;0;0;0;0;0;0;0;0;3817;0;0;95;0;160;0;
24717;6721666;1075212288;34873344;1162764288;0;0;0;0;0;0;0;0;0;0;0;3126;0;0;95;0;160;0;
24718;5373226;1075212288;34873344;1162764288;0;0;0;0;0;0;0;0;0;0;0;3547;0;0;95;0;160;0;
24719;5963464;1075212288;34873344;1162764288;0;0;0;0;0;0;0;0;0;0;0;3517;0;0;95;0;160;0;
24720;5515314;1075212288;34873344;1162764288;0;0;0;0;0;0;0;0;0;0;0;8936;0;0;95;0;160;0;
24721;5029141;1075212288;34873344;1162764288;0;0;0;0;0;0;0;0;0;0;0;2525;0;0;95;0;160;0;
24722;5208228;1075212288;34873344;1162764288;0;0;0;0;0;0;0;0;0;0;0;3346;0;0;95;0;160;0;
24723;5742469;1075212288;34873344;1162764288;0;0;0;0;0;0;0;0;0;0;0;2044;0;0;95;0;160;0;
24724;5493523;1075212288;34873344;1162764288;0;0;0;0;0;0;0;0;0;0;0;3507;0;0;95;0;160;0;
24725;6150474;1075212288;34873344;1162764288;0;0;0;0;0;0;0;0;0;0;0;3096;0;0;95;0;160;0;
24726;5614729;1075212288;34873344;1162764288;0;0;0;0;0;0;0;0;0;0;0;3106;0;0;95;0;160;0;
24727;6345831;1075212288;34873344;1162764288;0;0;0;0;0;0;0;0;0;0;0;2385;0;0;95;0;160;0;
24728;4841670;1075212288;34873344;1162764288;0;0;0;0;0;0;0;0;0;0;0;3357;0;0;95;0;160;0;
24729;5586597;1075212288;34873344;1162764288;0;0;0;0;0;0;0;0;0;0;0;2745;0;0;95;0;160;0;
24730;5867313;1075212288;34873344;1162764288;0;0;0;0;0;0;0;0;0;0;0;4118;0;0;95;0;160;0;
24731;6325814;1075212288;34873344;1162764288;0;0;0;0;0;0;0;0;0;0;0;3968;0;0;95;0;160;0;
24732;4497545;1075212288;34873344;1162764288;0;0;0;0;0;0;0;0;0;0;0;3636;0;0;95;0;160;0;
24733;6099379;1075212288;34873344;1162764288;0;0;0;0;0;0;0;0;0;0;0;4679;0;0;95;0;160;0;
24734;4433013;1075212288;34873344;1162764288;0;0;0;0;0;0;0;0;0;0;0;2766;0;0;95;0;160;0;
24735;7387715;1075212288;34873344;1162764288;0;0;0;0;0;0;0;0;0;0;0;4409;0;0;95;0;160;0;
24736;5009544;1075212288;34873344;1162764288;0;0;0;0;0;0;0;0;0;0;0;3446;0;0;95;0;160;0;
24737;7770192;1075212288;34873344;1162764288;0;0;0;0;0;0;0;0;0;0;0;3576;0;0;95;0;160;0;
24738;6432293;1075212288;34873344;1162764288;0;0;0;0;0;0;0;0;0;0;0;4038;0;0;95;0;160;0;
24739;7188041;1075212288;34873344;1162764288;0;0;0;0;0;0;0;0;0;0;0;4067;0;0;95;0;160;0;
24740;4816483;1075212288;34873344;1162764288;0;0;0;0;0;0;0;0;0;0;0;4729;0;0;95;0;160;0;
24741;6421763;1075212288;34873344;1162764288;0;0;0;0;0;0;0;0;0;0;0;3476;0;0;95;0;160;0;
24742;6059814;1075212288;34873344;1162764288;0;0;0;0;0;0;0;0;0;0;0;2915;0;0;95;0;160;0;
24743;6549683;1075212288;34873344;1162764288;0;0;0;0;0;0;0;0;0;0;0;2735;0;0;95;0;160;0;
24744;4796986;1075212288;34873344;1162764288;0;0;0;0;0;0;0;0;0;0;0;3356;0;0;95;0;160;0;
24745;5581157;1075212288;34873344;1162764288;0;0;0;0;0;0;0;0;0;0;0;2344;0;0;95;0;160;0;
24746;5463225;1075212288;34873344;1162764288;0;0;0;0;0;0;0;0;0;0;0;3086;0;0;95;0;160;0;
24747;5498191;1075212288;34873344;1162764288;0;0;0;0;0;0;0;0;0;0;0;2946;0;0;95;0;160;0;
24748;5117357;1075212288;34873344;1162764288;0;0;0;0;0;0;0;0;0;0;0;2505;0;0;95;0;160;0;
24749;6804220;1075212288;34873344;1162764288;0;0;0;0;0;0;0;0;0;0;0;2395;0;0;95;0;160;0;
24750;4517402;1075212288;34873344;1162764288;0;0;0;0;0;0;0;0;0;0;0;2926;0;0;95;0;160;0;
24751;6609345;1075212288;34873344;1162764288;0;0;0;0;0;0;0;0;0;0;0;3317;0;0;95;0;160;0;
24752;4961444;1075212288;34873344;1162764288;0;0;0;0;0;0;0;0;0;0;0;4098;0;0;95;0;160;0;
24753;7866543;1075212288;34873344;1162764288;0;0;0;0;0;0;0;0;0;0;0;4889;0;0;95;0;160;0;
24754;13595527;1075212288;34873344;1162764288;0;0;0;0;0;0;0;0;0;0;0;3616;0;0;95;0;160;0;
24755;8441821;1075212288;34873344;1162764288;0;0;0;0;0;0;0;0;0;0;0;3948;0;0;95;0;160;0;
24756;6597633;1075212288;34873344;1162764288;0;0;0;0;0;0;0;0;0;0;0;3566;0;0;95;0;160;0;
24757;6388360;1075212288;34873344;1162764288;0;0;0;0;0;0;0;0;0;0;0;3096;0;0;95;0;160;0;
24758;7185906;1075212288;34873344;1162764288;0;0;0;0;0;0;0;0;0;0;0;3246;0;0;95;0;160;0;
24759;6116541;1075212288;34873344;1162764288;0;0;0;0;0;0;0;0;0;0;0;3085;0;0;95;0;160;0;
24760;5239947;1075212288;34873344;1162764288;0;0;0;0;0;0;0;0;0;0;0;3156;0;0;95;0;160;0;
24761;6680899;1075212288;34873344;1162764288;0;0;0;0;0;0;0;0;0;0;0;2855;0;0;95;0;160;0;
24762;5476661;1075212288;34873344;1162764288;0;0;0;0;0;0;0;0;0;0;0;2796;0;0;95;0;160;0;
24763;6901734;1075212288;34873344;1162764288;0;0;0;0;0;0;0;0;0;0;0;2955;0;0;95;0;160;0;
24764;5741648;1075212288;34873344;1162764288;0;0;0;0;0;0;0;0;0;0;0;2905;0;0;95;0;160;0;
24765;7502239;1075212288;34873344;1162764288;0;0;0;0;0;0;0;0;0;0;0;3226;0;0;95;0;160;0;
24766;5437107;1075212288;34873344;1162764288;0;0;0;0;0;0;0;0;0;0;0;3165;0;0;95;0;160;0;
24767;6392358;1075212288;34873344;1162764288;0;0;0;0;0;0;0;0;0;0;0;2365;0;0;95;0;160;0;
24768;4085231;1075212288;34873344;1162764288;0;0;0;0;0;0;0;0;0;0;0;3407;0;0;95;0;160;0;
24769;7302725;1075212288;34873344;1162764288;0;0;0;0;0;0;0;0;0;0;0;2835;0;0;95;0;160;0;
24770;4722436;1075212288;34873344;1162764288;0;0;0;0;0;0;0;0;0;0;0;3417;0;0;95;0;160;0;
24771;6175061;1075212288;34873344;1162764288;0;0;0;0;0;0;0;0;0;0;0;3206;0;0;95;0;160;0;
24772;5207487;1075212288;34873344;1162764288;0;0;0;0;0;0;0;0;0;0;0;5530;0;0;95;0;160;0;
24773;6494510;1075212288;34873344;1162764288;0;0;0;0;0;0;0;0;0;0;0;2485;0;0;95;0;160;0;
24774;6766790;1075212288;34873344;1162764288;0;0;0;0;0;0;0;0;0;0;0;3636;0;0;95;0;160;0;
24775;6789674;1075212288;34873344;1162764288;0;0;0;0;0;0;0;0;0;0;0;5410;0;0;95;0;160;0;
24776;4266230;1075212288;34873344;1162764288;0;0;0;0;0;0;0;0;0;0;0;3737;0;0;95;0;160;0;
24777;7083885;1075212288;34873344;1162764288;0;0;0;0;0;0;0;0;0;0;0;3406;0;0;95;0;160;0;
24778;4087665;1075212288;34873344;1162764288;0;0;0;0;0;0;0;0;0;0;0;4900;0;0;95;0;160;0;
24779;7233205;1075212288;34873344;1162764288;0;0;0;0;0;0;0;0;0;0;0;3437;0;0;95;0;160;0;
24780;4988235;1075212288;34873344;1162764288;0;0;0;0;0;0;0;0;0;0;0;3967;0;0;95;0;160;0;
24781;6032733;1075212288;34873344;1162764288;0;0;0;0;0;0;0;0;0;0;0;2675;0;0;95;0;160;0;
24782;5820165;1075212288;34873344;1162764288;0;0;0;0;0;0;0;0;0;0;0;4147;0;0;95;0;160;0;
24783;7610823;1075212288;34873344;1162764288;0;0;0;0;0;0;0;0;0;0;0;3076;0;0;95;0;160;0;
24784;4769375;1075212288;34873344;1162764288;0;0;0;0;0;0;0;0;0;0;0;332714;0;0;95;0;160;0;
24785;6454685;1075212288;34873344;1162764288;0;0;0;0;0;0;0;0;0;0;0;3697;0;0;95;0;160;0;
24786;4917672;1075212288;34873344;1162764288;0;0;0;0;0;0;0;0;0;0;0;3296;0;0;95;0;160;0;
24787;5914822;1075212288;34873344;1162764288;0;0;0;0;0;0;0;0;0;0;0;3586;0;0;95;0;160;0;
24788;4854173;1075212288;34873344;1162764288;0;0;0;0;0;0;0;0;0;0;0;3246;0;0;95;0;160;0;
24789;6918766;1075212288;34873344;1162764288;0;0;0;0;0;0;0;0;0;0;0;4238;0;0;95;0;160;0;
24790;4998163;1075212288;34873344;1162764288;0;0;0;0;0;0;0;0;0;0;0;2735;0;0;95;0;160;0;
24791;6242096;1075212288;34873344;1162764288;0;0;0;0;0;0;0;0;0;0;0;4719;0;0;95;0;160;0;
24792;4930897;1075212288;34873344;1162764288;0;0;0;0;0;0;0;0;0;0;0;3166;0;0;95;0;160;0;
24793;7510185;1075212288;34873344;1162764288;0;0;0;0;0;0;0;0;0;0;0;3527;0;0;95;0;160;0;
24794;5260436;1075212288;34873344;1162764288;0;0;0;0;0;0;0;0;0;0;0;3336;0;0;95;0;160;0;
24795;7498352;1075212288;34873344;1162764288;0;0;0;0;0;0;0;0;0;0;0;3406;0;0;95;0;160;0;
24796;3589000;1075212288;34873344;1162764288;0;0;0;0;0;0;0;0;0;0;0;3347;0;0;95;0;160;0;
24797;6182605;1075212288;34873344;1162764288;0;0;0;0;0;0;0;0;0;0;0;3276;0;0;95;0;160;0;
24798;4054153;1075212288;34873344;1162764288;0;0;0;0;0;0;0;0;0;0;0;4608;0;0;95;0;160;0;
24799;7279923;1075212288;34873344;1162764288;0;0;0;0;0;0;0;0;0;0;0;3237;0;0;95;0;160;0;
24800;4677672;1075212288;34873344;1162764288;0;0;0;0;0;0;0;0;0;0;0;3807;0;0;95;0;160;0;
24801;17230974;1075212288;34873344;1162764288;0;0;0;0;0;0;0;0;0;0;0;4078;0;0;95;0;160;0;
24802;6815182;1075212288;34873344;1162764288;0;0;0;0;0;0;0;0;0;0;0;3196;0;0;95;0;160;0;
24803;6908506;1075212288;34873344;1162764288;0;0;0;0;0;0;0;0;0;0;0;2856;0;0;95;0;160;0;
24804;5041525;1075212288;34873344;1162764288;0;0;0;0;0;0;0;0;0;0;0;4007;0;0;95;0;160;0;
24805;6886525;1075212288;34873344;1162764288;0;0;0;0;0;0;0;0;0;0;0;3196;0;0;95;0;160;0;
24806;4179969;1075212288;34873344;1162764288;0;0;0;0;0;0;0;0;0;0;0;3506;0;0;95;0;160;0;
24807;5144618;1075212288;34873344;1162764288;0;0;0;0;0;0;0;0;0;0;0;2935;0;0;95;0;160;0;
24808;6442462;1075212288;34873344;1162764288;0;0;0;0;0;0;0;0;0;0;0;3597;0;0;95;0;160;0;
24809;6663798;1075212288;34873344;1162764288;0;0;0;0;0;0;0;0;0;0;0;5069;0;0;95;0;160;0;
24810;4781637;1075212288;34873344;1162764288;0;0;0;0;0;0;0;0;0;0;0;3927;0;0;95;0;160;0;
24811;7979615;1075212288;34873344;1162764288;0;0;0;0;0;0;0;0;0;0;0;4098;0;0;95;0;160;0;
24812;6368764;1075212288;34873344;1162764288;0;0;0;0;0;0;0;0;0;0;0;6692;0;0;95;0;160;0;
24813;8130889;1075212288;34873344;1162764288;0;0;0;0;0;0;0;0;0;0;0;2795;0;0;95;0;160;0;
24814;5631902;1075212288;34873344;1162764288;0;0;0;0;0;0;0;0;0;0;0;3507;0;0;95;0;160;0;
24815;6570562;1075212288;34873344;1162764288;0;0;0;0;0;0;0;0;0;0;0;4168;0;0;95;0;160;0;
24816;6145655;1075212288;34873344;1162764288;0;0;0;0;0;0;0;0;0;0;0;4088;0;0;95;0;160;0;
24817;6100531;1075212288;34873344;1162764288;0;0;0;0;0;0;0;0;0;0;0;4699;0;0;95;0;160;0;
24818;7190996;1075212288;34873344;1162764288;0;0;0;0;0;0;0;0;0;0;0;4148;0;0;95;0;160;0;
24819;6772652;1075212288;34873344;1162764288;0;0;0;0;0;0;0;0;0;0;0;3727;0;0;95;0;160;0;
24820;5499524;1075212288;34873344;1162764288;0;0;0;0;0;0;0;0;0;0;0;3085;0;0;95;0;160;0;
24821;6558139;1075212288;34873344;1162764288;0;0;0;0;0;0;0;0;0;0;0;4679;0;0;95;0;160;0;
24822;5652651;1075212288;34873344;1162764288;0;0;0;0;0;0;0;0;0;0;0;36038;0;0;95;0;160;0;
24823;6862530;1075212288;34873344;1162764288;0;0;0;0;0;0;0;0;0;0;0;2866;0;0;95;0;160;0;
24824;6298582;1075212288;34873344;1162764288;0;0;0;0;0;0;0;0;0;0;0;3777;0;0;95;0;160;0;
24825;6437322;1075212288;34873344;1162764288;0;0;0;0;0;0;0;0;0;0;0;2405;0;0;95;0;160;0;
24826;6173087;1075212288;34873344;1162764288;0;0;0;0;0;0;0;0;0;0;0;3667;0;0;95;0;160;0;
24827;7004927;1075212288;34873344;1162764288;0;0;0;0;0;0;0;0;0;0;0;3166;0;0;95;0;160;0;
24828;4726835;1075212288;34873344;1162764288;0;0;0;0;0;0;0;0;0;0;0;3636;0;0;95;0;160;0;
24829;6840428;1075212288;34873344;1162764288;0;0;0;0;0;0;0;0;0;0;0;3437;0;0;95;0;160;0;
24830;5102790;1075212288;34873344;1162764288;0;0;0;0;0;0;0;0;0;0;0;3066;0;0;95;0;160;0;
24831;7197989;1075212288;34873344;1162764288;0;0;0;0;0;0;0;0;0;0;0;4218;0;0;95;0;160;0;
24832;5816258;1075212288;34873344;1162764288;0;0;0;0;0;0;0;0;0;0;0;3236;0;0;95;0;160;0;
24833;6219694;1075212288;34873344;1162764288;0;0;0;0;0;0;0;0;0;0;0;3376;0;0;95;0;160;0;
24834;5383256;1075212288;34873344;1162764288;0;0;0;0;0;0;0;0;0;0;0;4458;0;0;95;0;160;0;
24835;7051033;1075212288;34873344;1162764288;0;0;0;0;0;0;0;0;0;0;0;3567;0;0;95;0;160;0;
24836;4644701;1075212288;34873344;1162764288;0;0;0;0;0;0;0;0;0;0;0;4509;0;0;95;0;160;0;
24837;6645794;1075212288;34873344;1162764288;0;0;0;0;0;0;0;0;0;0;0;4608;0;0;95;0;160;0;
24838;5541653;1075212288;34873344;1162764288;0;0;0;0;0;0;0;0;0;0;0;3336;0;0;95;0;160;0;
24839;6853252;1075212288;34873344;1162764288;0;0;0;0;0;0;0;0;0;0;0;3427;0;0;95;0;160;0;
24840;5349352;1075212288;34873344;1162764288;0;0;0;0;0;0;0;0;0;0;0;4318;0;0;95;0;160;0;
24841;6333448;1075212288;34873344;1162764288;0;0;0;0;0;0;0;0;0;0;0;3968;0;0;95;0;160;0;
24842;4945715;1075212288;34873344;1162764288;0;0;0;0;0;0;0;0;0;0;0;4548;0;0;95;0;160;0;
24843;6554331;1075212288;34873344;1162764288;0;0;0;0;0;0;0;0;0;0;0;3998;0;0;95;0;160;0;
24844;5294800;1075212288;34873344;1162764288;0;0;0;0;0;0;0;0;0;0;0;4428;0;0;95;0;160;0;
24845;7153986;1075212288;34873344;1162764288;0;0;0;0;0;0;0;0;0;0;0;3707;0;0;95;0;160;0;
24846;5323513;1075212288;34873344;1162764288;0;0;0;0;0;0;0;0;0;0;0;2856;0;0;95;0;160;0;
24847;6966725;1075212288;34873344;1162764288;0;0;0;0;0;0;0;0;0;0;0;3226;0;0;95;0;160;0;
24848;5444631;1075212288;34873344;1162764288;0;0;0;0;0;0;0;0;0;0;0;2926;0;0;95;0;160;0;
24849;7862265;1075212288;34873344;1162764288;0;0;0;0;0;0;0;0;0;0;0;3366;0;0;95;0;160;0;
24850;4888207;1075212288;34873344;1162764288;0;0;0;0;0;0;0;0;0;0;0;3106;0;0;95;0;160;0;
24851;7424905;1075212288;34873344;1162764288;0;0;0;0;0;0;0;0;0;0;0;4358;0;0;95;0;160;0;
24852;4531839;1075212288;34873344;1162764288;0;0;0;0;0;0;0;0;0;0;0;3427;0;0;95;0;160;0;
24853;6184148;1075212288;34873344;1162764288;0;0;0;0;0;0;0;0;0;0;0;3006;0;0;95;0;160;0;
24854;5395128;1075212288;34873344;1162764288;0;0;0;0;0;0;0;0;0;0;0;3246;0;0;95;0;160;0;
24855;5966319;1075212288;34873344;1162764288;0;0;0;0;0;0;0;0;0;0;0;3106;0;0;95;0;160;0;
24856;7018522;1075212288;34873344;1162764288;0;0;0;0;0;0;0;0;0;0;0;3847;0;0;95;0;160;0;
24857;7179244;1075212288;34873344;1162764288;0;0;0;0;0;0;0;0;0;0;0;3817;0;0;95;0;160;0;
24858;5797903;1075212288;34873344;1162764288;0;0;0;0;0;0;0;0;0;0;0;3106;0;0;95;0;160;0;
24859;6420871;1075212288;34873344;1162764288;0;0;0;0;0;0;0;0;0;0;0;2686;0;0;95;0;160;0;
24860;5824273;1075212288;34873344;1162764288;0;0;0;0;0;0;0;0;0;0;0;2986;0;0;95;0;160;0;
24861;6483288;1075212288;34873344;1162764288;0;0;0;0;0;0;0;0;0;0;0;2926;0;0;95;0;160;0;
24862;4406183;1075212288;34873344;1162764288;0;0;0;0;0;0;0;0;0;0;0;3787;0;0;95;0;160;0;
24863;5115563;1075212288;34873344;1162764288;0;0;0;0;0;0;0;0;0;0;0;2244;0;0;95;0;160;0;
24864;5588110;1075212288;34873344;1162764288;0;0;0;0;0;0;0;0;0;0;0;3767;0;0;95;0;160;0;
24865;5803925;1075212288;34873344;1162764288;0;0;0;0;0;0;0;0;0;0;0;2464;0;0;95;0;160;0;
24866;5300009;1075212288;34873344;1162764288;0;0;0;0;0;0;0;0;0;0;0;4328;0;0;95;0;160;0;
24867;7838070;1075212288;34877440;1162768384;0;0;0;0;0;0;0;0;0;0;0;3125;0;0;95;0;160;0;
24868;5974704;1075212288;34881536;1162772480;0;0;0;0;0;0;0;0;0;0;0;4839;0;0;95;0;160;0;
24869;7338161;1075212288;34881536;1162772480;0;0;0;0;0;0;0;0;0;0;0;3055;0;0;95;0;160;0;
24870;5149397;1075212288;34881536;1162772480;0;0;0;0;0;0;0;0;0;0;0;3176;0;0;95;0;160;0;
24871;7012160;1075212288;34881536;1162772480;0;0;0;0;0;0;0;0;0;0;0;3085;0;0;95;0;160;0;
24872;5129821;1075212288;34881536;1162772480;0;0;0;0;0;0;0;0;0;0;0;3166;0;0;95;0;160;0;
24873;5894033;1075212288;34881536;1162772480;0;0;0;0;0;0;0;0;0;0;0;2675;0;0;95;0;160;0;
24874;5275955;1075400704;34873344;1162764288;0;0;0;0;0;0;0;0;0;0;0;3577;0;0;95;0;160;0;
24875;6506092;1075400704;34873344;1162764288;0;0;0;0;0;0;0;0;0;0;0;2614;0;0;95;0;160;0;
24876;4449424;1075400704;34873344;1162764288;0;0;0;0;0;0;0;0;0;0;0;3857;0;0;95;0;160;0;
24877;5939439;1075400704;34873344;1162764288;0;0;0;0;0;0;0;0;0;0;0;3286;0;0;95;0;160;0;
24878;5336708;1075400704;34873344;1162764288;0;0;0;0;0;0;0;0;0;0;0;4438;0;0;95;0;160;0;
24879;5694369;1075400704;34873344;1162764288;0;0;0;0;0;0;0;0;0;0;0;2675;0;0;95;0;160;0;
24880;5262079;1075400704;34873344;1162764288;0;0;0;0;0;0;0;0;0;0;0;4068;0;0;95;0;160;0;
24881;5863466;1075400704;34873344;1162764288;0;0;0;0;0;0;0;0;0;0;0;3277;0;0;95;0;160;0;
24882;4457339;1075400704;34873344;1162764288;0;0;0;0;0;0;0;0;0;0;0;3066;0;0;95;0;160;0;
24883;6869012;1075400704;34873344;1162764288;0;0;0;0;0;0;0;0;0;0;0;2295;0;0;95;0;160;0;
24884;5724516;1075400704;34873344;1162764288;0;0;0;0;0;0;0;0;0;0;0;3888;0;0;95;0;160;0;
24885;5777485;1075400704;34873344;1162764288;0;0;0;0;0;0;0;0;0;0;0;2935;0;0;95;0;160;0;
24886;6462319;1075400704;34873344;1162764288;0;0;0;0;0;0;0;0;0;0;0;3296;0;0;95;0;160;0;
24887;6816273;1075400704;34873344;1162764288;0;0;0;0;0;0;0;0;0;0;0;3136;0;0;95;0;160;0;
24888;5319336;1075400704;34873344;1162764288;0;0;0;0;0;0;0;0;0;0;0;3867;0;0;95;0;160;0;
24889;7213208;1075400704;34873344;1162764288;0;0;0;0;0;0;0;0;0;0;0;3397;0;0;95;0;160;0;
24890;4333628;1075400704;34873344;1162764288;0;0;0;0;0;0;0;0;0;0;0;3206;0;0;95;0;160;0;
24891;6650482;1075400704;34873344;1162764288;0;0;0;0;0;0;0;0;0;0;0;2375;0;0;95;0;160;0;
24892;6210908;1075400704;34873344;1162764288;0;0;0;0;0;0;0;0;0;0;0;3757;0;0;95;0;160;0;
24893;5960969;1075400704;34873344;1162764288;0;0;0;0;0;0;0;0;0;0;0;2535;0;0;95;0;160;0;
24894;6160995;1075400704;34873344;1162764288;0;0;0;0;0;0;0;0;0;0;0;3516;0;0;95;0;160;0;
24895;5947133;1075400704;34873344;1162764288;0;0;0;0;0;0;0;0;0;0;0;2856;0;0;95;0;160;0;
24896;4846148;1075400704;34873344;1162764288;0;0;0;0;0;0;0;0;0;0;0;3657;0;0;95;0;160;0;
24897;6850327;1075400704;34873344;1162764288;0;0;0;0;0;0;0;0;0;0;0;2715;0;0;95;0;160;0;
24898;4152828;1075400704;34873344;1162764288;0;0;0;0;0;0;0;0;0;0;0;3416;0;0;95;0;160;0;
24899;6401505;1075400704;34873344;1162764288;0;0;0;0;0;0;0;0;0;0;0;3587;0;0;95;0;160;0;
24900;4482096;1075400704;34873344;1162764288;0;0;0;0;0;0;0;0;0;0;0;2805;0;0;95;0;160;0;
24901;6521580;1075400704;34873344;1162764288;0;0;0;0;0;0;0;0;0;0;0;2756;0;0;95;0;160;0;
24902;4233510;1075400704;34873344;1162764288;0;0;0;0;0;0;0;0;0;0;0;3808;0;0;95;0;160;0;
24903;6303862;1075400704;34873344;1162764288;0;0;0;0;0;0;0;0;0;0;0;2846;0;0;95;0;160;0;
24904;4443884;1075400704;34873344;1162764288;0;0;0;0;0;0;0;0;0;0;0;2795;0;0;95;0;160;0;
24905;7881852;1075400704;34873344;1162764288;0;0;0;0;0;0;0;0;0;0;0;2565;0;0;95;0;160;0;
24906;3610451;1075400704;34873344;1162764288;0;0;0;0;0;0;0;0;0;0;0;3768;0;0;95;0;160;0;
24907;7447086;1075400704;34873344;1162764288;0;0;0;0;0;0;0;0;0;0;0;3196;0;0;95;0;160;0;
24908;4530787;1075400704;34873344;1162764288;0;0;0;0;0;0;0;0;0;0;0;3978;0;0;95;0;160;0;
24909;5564004;1075400704;34873344;1162764288;0;0;0;0;0;0;0;0;0;0;0;2645;0;0;95;0;160;0;
24910;4136959;1075400704;34873344;1162764288;0;0;0;0;0;0;0;0;0;0;0;4438;0;0;95;0;160;0;
24911;7535532;1075400704;34873344;1162764288;0;0;0;0;0;0;0;0;0;0;0;3026;0;0;95;0;160;0;
24912;3911806;1075400704;34873344;1162764288;0;0;0;0;0;0;0;0;0;0;0;3437;0;0;95;0;160;0;
24913;5989813;1075400704;34873344;1162764288;0;0;0;0;0;0;0;0;0;0;0;2515;0;0;95;0;160;0;
24914;5261898;1075400704;34873344;1162764288;0;0;0;0;0;0;0;0;0;0;0;4007;0;0;95;0;160;0;
24915;6485483;1075400704;34873344;1162764288;0;0;0;0;0;0;0;0;0;0;0;2535;0;0;95;0;160;0;
24916;3805337;1075400704;34873344;1162764288;0;0;0;0;0;0;0;0;0;0;0;3607;0;0;95;0;160;0;
24917;5790319;1075400704;34873344;1162764288;0;0;0;0;0;0;0;0;0;0;0;2695;0;0;95;0;160;0;
24918;7230661;1075400704;34873344;1162764288;0;0;0;0;0;0;0;0;0;0;0;2685;0;0;95;0;160;0;
24919;8006906;1075400704;34873344;1162764288;0;0;0;0;0;0;0;0;0;0;0;2564;0;0;95;0;160;0;
24920;5279140;1075400704;34873344;1162764288;0;0;0;0;0;0;0;0;0;0;0;4007;0;0;95;0;160;0;
24921;5258852;1075400704;34873344;1162764288;0;0;0;0;0;0;0;0;0;0;0;2825;0;0;95;0;160;0;
24922;4288543;1075400704;34873344;1162764288;0;0;0;0;0;0;0;0;0;0;0;4128;0;0;95;0;160;0;
24923;6334349;1075400704;34873344;1162764288;0;0;0;0;0;0;0;0;0;0;0;3647;0;0;95;0;160;0;
24924;4212069;1075400704;34873344;1162764288;0;0;0;0;0;0;0;0;0;0;0;3075;0;0;95;0;160;0;
24925;5304218;1075400704;34873344;1162764288;0;0;0;0;0;0;0;0;0;0;0;2916;0;0;95;0;160;0;
24926;5455692;1075400704;34873344;1162764288;0;0;0;0;0;0;0;0;0;0;0;3286;0;0;95;0;160;0;
24927;5927506;1075400704;34873344;1162764288;0;0;0;0;0;0;0;0;0;0;0;3016;0;0;95;0;160;0;
24928;6252445;1075400704;34873344;1162764288;0;0;0;0;0;0;0;0;0;0;0;3687;0;0;95;0;160;0;
24929;5984914;1075400704;34873344;1162764288;0;0;0;0;0;0;0;0;0;0;0;2865;0;0;95;0;160;0;
24930;5856082;1075400704;34873344;1162764288;0;0;0;0;0;0;0;0;0;0;0;4298;0;0;95;0;160;0;
24931;4765096;1075400704;34873344;1162764288;0;0;0;0;0;0;0;0;0;0;0;3025;0;0;95;0;160;0;
24932;5981607;1075400704;34873344;1162764288;0;0;0;0;0;0;0;0;0;0;0;4008;0;0;95;0;160;0;
24933;5967872;1075400704;34873344;1162764288;0;0;0;0;0;0;0;0;0;0;0;3096;0;0;95;0;160;0;
24934;6318570;1075400704;34873344;1162764288;0;0;0;0;0;0;0;0;0;0;0;3607;0;0;95;0;160;0;
24935;7233124;1075400704;34873344;1162764288;0;0;0;0;0;0;0;0;0;0;0;2936;0;0;95;0;160;0;
24936;5326720;1075400704;34873344;1162764288;0;0;0;0;0;0;0;0;0;0;0;3076;0;0;95;0;160;0;
24937;6854896;1075400704;34873344;1162764288;0;0;0;0;0;0;0;0;0;0;0;3026;0;0;95;0;160;0;
24938;4983616;1075400704;34873344;1162764288;0;0;0;0;0;0;0;0;0;0;0;3687;0;0;95;0;160;0;
24939;6831682;1075400704;34873344;1162764288;0;0;0;0;0;0;0;0;0;0;0;2445;0;0;95;0;160;0;
24940;5674131;1075400704;34873344;1162764288;0;0;0;0;0;0;0;0;0;0;0;3426;0;0;95;0;160;0;
24941;7190765;1075400704;34873344;1162764288;0;0;0;0;0;0;0;0;0;0;0;2835;0;0;95;0;160;0;
24942;4947789;1075400704;34873344;1162764288;0;0;0;0;0;0;0;0;0;0;0;3386;0;0;95;0;160;0;
24943;5216022;1075400704;34873344;1162764288;0;0;0;0;0;0;0;0;0;0;0;2305;0;0;95;0;160;0;
24944;5883233;1075400704;34873344;1162764288;0;0;0;0;0;0;0;0;0;0;0;3387;0;0;95;0;160;0;
24945;8963941;1075400704;34873344;1162764288;0;0;0;0;0;0;0;0;0;0;0;3056;0;0;95;0;160;0;
24946;5655035;1075400704;34873344;1162764288;0;0;0;0;0;0;0;0;0;0;0;2856;0;0;95;0;160;0;
24947;7237694;1075400704;34873344;1162764288;0;0;0;0;0;0;0;0;0;0;0;2344;0;0;95;0;160;0;
24948;5399626;1075400704;34873344;1162764288;0;0;0;0;0;0;0;0;0;0;0;3447;0;0;95;0;160;0;
24949;9140703;1075400704;34873344;1162764288;0;0;0;0;0;0;0;0;0;0;0;2855;0;0;95;0;160;0;
24950;4396566;1075400704;34873344;1162764288;0;0;0;0;0;0;0;0;0;0;0;3156;0;0;95;0;160;0;
24951;8085022;1075400704;34873344;1162764288;0;0;0;0;0;0;0;0;0;0;0;2615;0;0;95;0;160;0;
24952;4933151;1075400704;34873344;1162764288;0;0;0;0;0;0;0;0;0;0;0;3536;0;0;95;0;160;0;
24953;6156015;1075400704;34873344;1162764288;0;0;0;0;0;0;0;0;0;0;0;2575;0;0;95;0;160;0;
24954;5785340;1075400704;34873344;1162764288;0;0;0;0;0;0;0;0;0;0;0;3858;0;0;95;0;160;0;
24955;7189122;1075400704;34873344;1162764288;0;0;0;0;0;0;0;0;0;0;0;2705;0;0;95;0;160;0;
24956;5567611;1075400704;34873344;1162764288;0;0;0;0;0;0;0;0;0;0;0;4409;0;0;95;0;160;0;
24957;6666352;1075400704;34873344;1162764288;0;0;0;0;0;0;0;0;0;0;0;3046;0;0;95;0;160;0;
24958;5425716;1075400704;34873344;1162764288;0;0;0;0;0;0;0;0;0;0;0;3486;0;0;95;0;160;0;
24959;5819714;1075400704;34873344;1162764288;0;0;0;0;0;0;0;0;0;0;0;2324;0;0;95;0;160;0;
24960;5808984;1075400704;34873344;1162764288;0;0;0;0;0;0;0;0;0;0;0;3647;0;0;95;0;160;0;
24961;8378734;1075400704;34873344;1162764288;0;0;0;0;0;0;0;0;0;0;0;2715;0;0;95;0;160;0;
24962;5939118;1075400704;34873344;1162764288;0;0;0;0;0;0;0;0;0;0;0;3637;0;0;95;0;160;0;
24963;8706017;1075400704;34873344;1162764288;0;0;0;0;0;0;0;0;0;0;0;2765;0;0;95;0;160;0;
24964;4107754;1075400704;34873344;1162764288;0;0;0;0;0;0;0;0;0;0;0;2825;0;0;95;0;160;0;
24965;8097787;1075400704;34873344;1162764288;0;0;0;0;0;0;0;0;0;0;0;2915;0;0;95;0;160;0;
24966;5129149;1075400704;34873344;1162764288;0;0;0;0;0;0;0;0;0;0;0;2785;0;0;95;0;160;0;
24967;6805423;1075400704;34873344;1162764288;0;0;0;0;0;0;0;0;0;0;0;2956;0;0;95;0;160;0;
24968;5774770;1075400704;34873344;1162764288;0;0;0;0;0;0;0;0;0;0;0;2845;0;0;95;0;160;0;
24969;7540982;1075400704;34873344;1162764288;0;0;0;0;0;0;0;0;0;0;0;2775;0;0;95;0;160;0;
24970;5461973;1075400704;34873344;1162764288;0;0;0;0;0;0;0;0;0;0;0;3696;0;0;95;0;160;0;
24971;6764325;1075400704;34873344;1162764288;0;0;0;0;0;0;0;0;0;0;0;1914;0;0;95;0;160;0;
24972;5596255;1075400704;34873344;1162764288;0;0;0;0;0;0;0;0;0;0;0;3266;0;0;95;0;160;0;
24973;6760498;1075400704;34873344;1162764288;0;0;0;0;0;0;0;0;0;0;0;2625;0;0;95;0;160;0;
24974;4842431;1075400704;34873344;1162764288;0;0;0;0;0;0;0;0;0;0;0;3046;0;0;95;0;160;0;
24975;7168103;1075400704;34873344;1162764288;0;0;0;0;0;0;0;0;0;0;0;2515;0;0;95;0;160;0;
24976;5344312;1075400704;34873344;1162764288;0;0;0;0;0;0;0;0;0;0;0;3587;0;0;95;0;160;0;
24977;7968003;1075400704;34873344;1162764288;0;0;0;0;0;0;0;0;0;0;0;3346;0;0;95;0;160;0;
24978;4768513;1075400704;34873344;1162764288;0;0;0;0;0;0;0;0;0;0;0;3086;0;0;95;0;160;0;
24979;5956581;1075400704;34873344;1162764288;0;0;0;0;0;0;0;0;0;0;0;2916;0;0;95;0;160;0;
24980;4372880;1075400704;34873344;1162764288;0;0;0;0;0;0;0;0;0;0;0;3006;0;0;95;0;160;0;
24981;6536218;1075400704;34873344;1162764288;0;0;0;0;0;0;0;0;0;0;0;2124;0;0;95;0;160;0;
24982;4731954;1075400704;34873344;1162764288;0;0;0;0;0;0;0;0;0;0;0;3236;0;0;95;0;160;0;
24983;7099344;1075400704;34873344;1162764288;0;0;0;0;0;0;0;0;0;0;0;2735;0;0;95;0;160;0;
24984;4526980;1075400704;34873344;1162764288;0;0;0;0;0;0;0;0;0;0;0;3557;0;0;95;0;160;0;
24985;6373703;1075400704;34873344;1162764288;0;0;0;0;0;0;0;0;0;0;0;2835;0;0;95;0;160;0;
24986;3898691;1075400704;34873344;1162764288;0;0;0;0;0;0;0;0;0;0;0;2795;0;0;95;0;160;0;
24987;9417952;1075400704;34873344;1162764288;0;0;0;0;0;0;0;0;0;0;0;4328;0;0;95;0;160;0;
24988;6462980;1075400704;34873344;1162764288;0;0;0;0;0;0;0;0;0;0;0;4538;0;0;95;0;160;0;
24989;8877329;1075400704;34873344;1162764288;0;0;0;0;0;0;0;0;0;0;0;5100;0;0;95;0;160;0;
24990;5883755;1075400704;34873344;1162764288;0;0;0;0;0;0;0;0;0;0;0;6983;0;0;95;0;160;0;
24991;10948602;1075400704;34873344;1162764288;0;0;0;0;0;0;0;0;0;0;0;3516;0;0;95;0;160;0;
24992;6819118;1075400704;34873344;1162764288;0;0;0;0;0;0;0;0;0;0;0;3927;0;0;95;0;160;0;
24993;9632285;1075400704;34873344;1162764288;0;0;0;0;0;0;0;0;0;0;0;4148;0;0;95;0;160;0;
24994;5784018;1075400704;34873344;1162764288;0;0;0;0;0;0;0;0;0;0;0;4499;0;0;95;0;160;0;
24995;8931600;1075400704;34873344;1162764288;0;0;0;0;0;0;0;0;0;0;0;3697;0;0;95;0;160;0;
24996;7646370;1075400704;34873344;1162764288;0;0;0;0;0;0;0;0;0;0;0;3436;0;0;95;0;160;0;
24997;9151653;1075400704;34873344;1162764288;0;0;0;0;0;0;0;0;0;0;0;4608;0;0;95;0;160;0;
24998;8389243;1075400704;34873344;1162764288;0;0;0;0;0;0;0;0;0;0;0;3807;0;0;95;0;160;0;
24999;9309158;1075400704;34873344;1162764288;0;0;0;0;0;0;0;0;0;0;0;4679;0;0;95;0;160;0;
25000;6540155;1075400704;34873344;1162764288;0;0;0;0;0;0;0;0;0;0;0;5140;0;0;95;0;160;0;
25001;8223933;1075400704;34873344;1162764288;0;0;0;0;0;0;0;0;0;0;0;4007;0;0;95;0;160;0;
25002;6639021;1075400704;34873344;1162764288;0;0;0;0;0;0;0;0;0;0;0;3456;0;0;95;0;160;0;
25003;6438545;1075400704;34873344;1162764288;0;0;0;0;0;0;0;0;0;0;0;3847;0;0;95;0;160;0;
25004;7508892;1075400704;34873344;1162764288;0;0;0;0;0;0;0;0;0;0;0;4388;0;0;95;0;160;0;
25005;7683620;1075400704;34873344;1162764288;0;0;0;0;0;0;0;0;0;0;0;4298;0;0;95;0;160;0;
25006;8799222;1075400704;34873344;1162764288;0;0;0;0;0;0;0;0;0;0;0;3276;0;0;95;0;160;0;
25007;9996747;1075400704;34873344;1162764288;0;0;0;0;0;0;0;0;0;0;0;5040;0;0;95;0;160;0;
25008;11346269;1075400704;34873344;1162764288;0;0;0;0;0;0;0;0;0;0;0;3757;0;0;95;0;160;0;
25009;8244221;1075400704;34873344;1162764288;0;0;0;0;0;0;0;0;0;0;0;4499;0;0;95;0;160;0;
25010;6509798;1075400704;34873344;1162764288;0;0;0;0;0;0;0;0;0;0;0;3547;0;0;95;0;160;0;
25011;9718105;1075400704;34873344;1162764288;0;0;0;0;0;0;0;0;0;0;0;3617;0;0;95;0;160;0;
25012;7507951;1075400704;34873344;1162764288;0;0;0;0;0;0;0;0;0;0;0;4839;0;0;95;0;160;0;
25013;8307891;1075400704;34873344;1162764288;0;0;0;0;0;0;0;0;0;0;0;4438;0;0;95;0;160;0;
25014;6821413;1075400704;34873344;1162764288;0;0;0;0;0;0;0;0;0;0;0;3767;0;0;95;0;160;0;
25015;8593396;1075400704;34873344;1162764288;0;0;0;0;0;0;0;0;0;0;0;2785;0;0;95;0;160;0;
25016;7438039;1075400704;34873344;1162764288;0;0;0;0;0;0;0;0;0;0;0;3687;0;0;95;0;160;0;
25017;8139765;1075400704;34873344;1162764288;0;0;0;0;0;0;0;0;0;0;0;3817;0;0;95;0;160;0;
25018;5971228;1075400704;34873344;1162764288;0;0;0;0;0;0;0;0;0;0;0;3085;0;0;95;0;160;0;
25019;10099791;1075400704;34873344;1162764288;0;0;0;0;0;0;0;0;0;0;0;4719;0;0;95;0;160;0;
25020;5444050;1075400704;34873344;1162764288;0;0;0;0;0;0;0;0;0;0;0;9217;0;0;95;0;160;0;
25021;7575627;1075400704;34873344;1162764288;0;0;0;0;0;0;0;0;0;0;0;4348;0;0;95;0;160;0;
25022;6608684;1075400704;34873344;1162764288;0;0;0;0;0;0;0;0;0;0;0;10600;0;0;95;0;160;0;
25023;11005069;1075400704;34877440;1162768384;0;0;0;0;0;0;0;0;0;0;0;3346;0;0;95;0;160;0;
25024;8617571;1075400704;34881536;1162772480;0;0;0;0;0;0;0;0;0;0;0;3677;0;0;95;0;160;0;
25025;8520209;1075400704;34881536;1162772480;0;0;0;0;0;0;0;0;0;0;0;3095;0;0;95;0;160;0;
25026;9656369;1075400704;34881536;1162772480;0;0;0;0;0;0;0;0;0;0;0;2935;0;0;95;0;160;0;
25027;8813058;1075400704;34881536;1162772480;0;0;0;0;0;0;0;0;0;0;0;3446;0;0;95;0;160;0;
25028;6090943;1075400704;34881536;1162772480;0;0;0;0;0;0;0;0;0;0;0;6442;0;0;95;0;160;0;
25029;9053188;1075400704;34881536;1162772480;0;0;0;0;0;0;0;0;0;0;0;2986;0;0;95;0;160;0;
25030;5460801;1075400704;34873344;1162764288;0;0;0;0;0;0;0;0;0;0;0;3396;0;0;95;0;160;0;
25031;10069674;1075400704;34873344;1162764288;0;0;0;0;0;0;0;0;0;0;0;3727;0;0;95;0;160;0;
25032;6279817;1075400704;34873344;1162764288;0;0;0;0;0;0;0;0;0;0;0;3357;0;0;95;0;160;0;
25033;8900552;1075400704;34873344;1162764288;0;0;0;0;0;0;0;0;0;0;0;3808;0;0;95;0;160;0;
25034;5694870;1075400704;34873344;1162764288;0;0;0;0;0;0;0;0;0;0;0;3105;0;0;95;0;160;0;
25035;7274493;1075400704;34873344;1162764288;0;0;0;0;0;0;0;0;0;0;0;3386;0;0;95;0;160;0;
25036;6960564;1075400704;34873344;1162764288;0;0;0;0;0;0;0;0;0;0;0;3446;0;0;95;0;160;0;
25037;7429052;1075400704;34873344;1162764288;0;0;0;0;0;0;0;0;0;0;0;4519;0;0;95;0;160;0;
25038;5691003;1075400704;34873344;1162764288;0;0;0;0;0;0;0;0;0;0;0;4368;0;0;95;0;160;0;
25039;7830245;1075400704;34873344;1162764288;0;0;0;0;0;0;0;0;0;0;0;2936;0;0;95;0;160;0;
25040;5595764;1075400704;34873344;1162764288;0;0;0;0;0;0;0;0;0;0;0;3296;0;0;95;0;160;0;
25041;7069889;1075400704;34873344;1162764288;0;0;0;0;0;0;0;0;0;0;0;3236;0;0;95;0;160;0;
25042;7067284;1075400704;34873344;1162764288;0;0;0;0;0;0;0;0;0;0;0;4037;0;0;95;0;160;0;
25043;7458608;1075400704;34873344;1162764288;0;0;0;0;0;0;0;0;0;0;0;3496;0;0;95;0;160;0;
25044;6188125;1075400704;34873344;1162764288;0;0;0;0;0;0;0;0;0;0;0;2685;0;0;95;0;160;0;
25045;6653037;1075400704;34873344;1162764288;0;0;0;0;0;0;0;0;0;0;0;4389;0;0;95;0;160;0;
25046;5459749;1075400704;34873344;1162764288;0;0;0;0;0;0;0;0;0;0;0;2886;0;0;95;0;160;0;
25047;7146252;1075400704;34873344;1162764288;0;0;0;0;0;0;0;0;0;0;0;4850;0;0;95;0;160;0;
25048;6484741;1075400704;34873344;1162764288;0;0;0;0;0;0;0;0;0;0;0;4378;0;0;95;0;160;0;
25049;6834778;1075400704;34873344;1162764288;0;0;0;0;0;0;0;0;0;0;0;2936;0;0;95;0;160;0;
25050;7813924;1075400704;34873344;1162764288;0;0;0;0;0;0;0;0;0;0;0;4739;0;0;95;0;160;0;
25051;5645588;1075400704;34873344;1162764288;0;0;0;0;0;0;0;0;0;0;0;3596;0;0;95;0;160;0;
25052;7040002;1075400704;34873344;1162764288;0;0;0;0;0;0;0;0;0;0;0;4889;0;0;95;0;160;0;
25053;7406630;1075400704;34873344;1162764288;0;0;0;0;0;0;0;0;0;0;0;4588;0;0;95;0;160;0;
25054;7602057;1075400704;34873344;1162764288;0;0;0;0;0;0;0;0;0;0;0;4207;0;0;95;0;160;0;
25055;7718465;1075400704;34873344;1162764288;0;0;0;0;0;0;0;0;0;0;0;3507;0;0;95;0;160;0;
25056;5532075;1075400704;34873344;1162764288;0;0;0;0;0;0;0;0;0;0;0;3878;0;0;95;0;160;0;
25057;5011238;1075400704;34873344;1162764288;0;0;0;0;0;0;0;0;0;0;0;2515;0;0;95;0;160;0;
25058;5808183;1075400704;34873344;1162764288;0;0;0;0;0;0;0;0;0;0;0;4328;0;0;95;0;160;0;
25059;8051419;1075400704;34873344;1162764288;0;0;0;0;0;0;0;0;0;0;0;3296;0;0;95;0;160;0;
25060;5651048;1075400704;34873344;1162764288;0;0;0;0;0;0;0;0;0;0;0;3887;0;0;95;0;160;0;
25061;8450197;1075400704;34873344;1162764288;0;0;0;0;0;0;0;0;0;0;0;3226;0;0;95;0;160;0;
25062;5952163;1075400704;34873344;1162764288;0;0;0;0;0;0;0;0;0;0;0;4148;0;0;95;0;160;0;
25063;9018483;1075400704;34873344;1162764288;0;0;0;0;0;0;0;0;0;0;0;3687;0;0;95;0;160;0;
25064;13773540;1075400704;34873344;1162764288;0;0;0;0;0;0;0;0;0;0;0;3938;0;0;95;0;160;0;
25065;7664003;1075400704;34873344;1162764288;0;0;0;0;0;0;0;0;0;0;0;5641;0;0;95;0;160;0;
25066;7763639;1075400704;34873344;1162764288;0;0;0;0;0;0;0;0;0;0;0;3747;0;0;95;0;160;0;
25067;8642669;1075400704;34873344;1162764288;0;0;0;0;0;0;0;0;0;0;0;3476;0;0;95;0;160;0;
25068;5642271;1075400704;34873344;1162764288;0;0;0;0;0;0;0;0;0;0;0;10720;0;0;95;0;160;0;
25069;8184930;1075400704;34873344;1162764288;0;0;0;0;0;0;0;0;0;0;0;3727;0;0;95;0;160;0;
25070;7188922;1075400704;34873344;1162764288;0;0;0;0;0;0;0;0;0;0;0;4178;0;0;95;0;160;0;
25071;7960059;1075400704;34873344;1162764288;0;0;0;0;0;0;0;0;0;0;0;3226;0;0;95;0;160;0;
25072;6621368;1075400704;34873344;1162764288;0;0;0;0;0;0;0;0;0;0;0;3226;0;0;95;0;160;0;
25073;6633300;1075400704;34873344;1162764288;0;0;0;0;0;0;0;0;0;0;0;4188;0;0;95;0;160;0;
25074;5716150;1075400704;34873344;1162764288;0;0;0;0;0;0;0;0;0;0;0;5881;0;0;95;0;160;0;
25075;8326706;1075400704;34873344;1162764288;0;0;0;0;0;0;0;0;0;0;0;3777;0;0;95;0;160;0;
25076;6440579;1075400704;34873344;1162764288;0;0;0;0;0;0;0;0;0;0;0;4067;0;0;95;0;160;0;
25077;7294770;1075400704;34873344;1162764288;0;0;0;0;0;0;0;0;0;0;0;3657;0;0;95;0;160;0;
25078;4575741;1075400704;34873344;1162764288;0;0;0;0;0;0;0;0;0;0;0;4078;0;0;95;0;160;0;
25079;7966280;1075400704;34873344;1162764288;0;0;0;0;0;0;0;0;0;0;0;4639;0;0;95;0;160;0;
25080;4281009;1075400704;34873344;1162764288;0;0;0;0;0;0;0;0;0;0;0;3707;0;0;95;0;160;0;
25081;8444437;1075400704;34873344;1162764288;0;0;0;0;0;0;0;0;0;0;0;2855;0;0;95;0;160;0;
25082;4611468;1075400704;34873344;1162764288;0;0;0;0;0;0;0;0;0;0;0;2846;0;0;95;0;160;0;
25083;7480660;1075400704;34873344;1162764288;0;0;0;0;0;0;0;0;0;0;0;4739;0;0;95;0;160;0;
25084;4552187;1075400704;34873344;1162764288;0;0;0;0;0;0;0;0;0;0;0;3817;0;0;95;0;160;0;
25085;7194082;1075400704;34873344;1162764288;0;0;0;0;0;0;0;0;0;0;0;5039;0;0;95;0;160;0;
25086;4741883;1075400704;34873344;1162764288;0;0;0;0;0;0;0;0;0;0;0;4448;0;0;95;0;160;0;
25087;7795279;1075400704;34873344;1162764288;0;0;0;0;0;0;0;0;0;0;0;3677;0;0;95;0;160;0;
25088;5839571;1075400704;34873344;1162764288;0;0;0;0;0;0;0;0;0;0;0;3827;0;0;95;0;160;0;
25089;7808955;1075400704;34873344;1162764288;0;0;0;0;0;0;0;0;0;0;0;4519;0;0;95;0;160;0;
25090;5297264;1075400704;34873344;1162764288;0;0;0;0;0;0;0;0;0;0;0;3777;0;0;95;0;160;0;
25091;8466488;1075400704;34873344;1162764288;0;0;0;0;0;0;0;0;0;0;0;4288;0;0;95;0;160;0;
25092;6249831;1075400704;34873344;1162764288;0;0;0;0;0;0;0;0;0;0;0;4639;0;0;95;0;160;0;
25093;7860150;1075400704;34877440;1162768384;0;0;0;0;0;0;0;0;0;0;0;4017;0;0;95;0;160;0;
25094;5653152;1075400704;34881536;1162772480;0;0;0;0;0;0;0;0;0;0;0;3848;0;0;95;0;160;0;
25095;7497901;1075400704;34881536;1162772480;0;0;0;0;0;0;0;0;0;0;0;111209;0;0;95;0;160;0;
25096;6768083;1075400704;34881536;1162772480;0;0;0;0;0;0;0;0;0;0;0;5450;0;0;95;0;160;0;
25097;6980251;1075400704;34881536;1162772480;0;0;0;0;0;0;0;0;0;0;0;3797;0;0;95;0;160;0;
25098;6858693;1075400704;34881536;1162772480;0;0;0;0;0;0;0;0;0;0;0;3687;0;0;95;0;160;0;
25099;8983828;1075400704;34881536;1162772480;0;0;0;0;0;0;0;0;0;0;0;3587;0;0;95;0;160;0;
25100;8874613;1075400704;34873344;1162764288;0;0;0;0;0;0;0;0;0;0;0;4388;0;0;95;0;160;0;
25101;8237639;1075400704;34873344;1162764288;0;0;0;0;0;0;0;0;0;0;0;3928;0;0;95;0;160;0;
25102;6333648;1075400704;34873344;1162764288;0;0;0;0;0;0;0;0;0;0;0;2875;0;0;95;0;160;0;
25103;7855532;1075400704;34873344;1162764288;0;0;0;0;0;0;0;0;0;0;0;4018;0;0;95;0;160;0;
25104;5088403;1075400704;34873344;1162764288;0;0;0;0;0;0;0;0;0;0;0;3697;0;0;95;0;160;0;
25105;9227965;1075400704;34873344;1162764288;0;0;0;0;0;0;0;0;0;0;0;4258;0;0;95;0;160;0;
25106;4963508;1075400704;34873344;1162764288;0;0;0;0;0;0;0;0;0;0;0;5650;0;0;95;0;160;0;
25107;8127162;1075400704;34873344;1162764288;0;0;0;0;0;0;0;0;0;0;0;3938;0;0;95;0;160;0;
25108;6096924;1075400704;34873344;1162764288;0;0;0;0;0;0;0;0;0;0;0;3246;0;0;95;0;160;0;
25109;6408919;1075400704;34873344;1162764288;0;0;0;0;0;0;0;0;0;0;0;3296;0;0;95;0;160;0;
25110;6781779;1075400704;34873344;1162764288;0;0;0;0;0;0;0;0;0;0;0;3817;0;0;95;0;160;0;
25111;6928704;1075400704;34873344;1162764288;0;0;0;0;0;0;0;0;0;0;0;3256;0;0;95;0;160;0;
25112;6617530;1075400704;34873344;1162764288;0;0;0;0;0;0;0;0;0;0;0;4238;0;0;95;0;160;0;
25113;7893784;1075400704;34873344;1162764288;0;0;0;0;0;0;0;0;0;0;0;3237;0;0;95;0;160;0;
25114;8302851;1075400704;34873344;1162764288;0;0;0;0;0;0;0;0;0;0;0;3597;0;0;95;0;160;0;
25115;7219219;1075400704;34873344;1162764288;0;0;0;0;0;0;0;0;0;0;0;3817;0;0;95;0;160;0;
25116;6254669;1075400704;34873344;1162764288;0;0;0;0;0;0;0;0;0;0;0;4689;0;0;95;0;160;0;
25117;5731709;1075400704;34873344;1162764288;0;0;0;0;0;0;0;0;0;0;0;3447;0;0;95;0;160;0;
25118;7785291;1075400704;34873344;1162764288;0;0;0;0;0;0;0;0;0;0;0;4308;0;0;95;0;160;0;
25119;6949283;1075400704;34873344;1162764288;0;0;0;0;0;0;0;0;0;0;0;3808;0;0;95;0;160;0;
25120;6829037;1075400704;34873344;1162764288;0;0;0;0;0;0;0;0;0;0;0;3617;0;0;95;0;160;0;
25121;6891634;1075400704;34873344;1162764288;0;0;0;0;0;0;0;0;0;0;0;3055;0;0;95;0;160;0;
25122;6272263;1075400704;34873344;1162764288;0;0;0;0;0;0;0;0;0;0;0;3997;0;0;95;0;160;0;
25123;7949759;1075400704;34873344;1162764288;0;0;0;0;0;0;0;0;0;0;0;4218;0;0;95;0;160;0;
25124;4980090;1075400704;34873344;1162764288;0;0;0;0;0;0;0;0;0;0;0;4900;0;0;95;0;160;0;
25125;5974875;1075400704;34873344;1162764288;0;0;0;0;0;0;0;0;0;0;0;3146;0;0;95;0;160;0;
25126;5881931;1075400704;34873344;1162764288;0;0;0;0;0;0;0;0;0;0;0;3406;0;0;95;0;160;0;
25127;6179699;1075400704;34873344;1162764288;0;0;0;0;0;0;0;0;0;0;0;3026;0;0;95;0;160;0;
25128;6975923;1075400704;34873344;1162764288;0;0;0;0;0;0;0;0;0;0;0;4087;0;0;95;0;160;0;
25129;6157107;1075400704;34873344;1162764288;0;0;0;0;0;0;0;0;0;0;0;2525;0;0;95;0;160;0;
25130;5365392;1075400704;34873344;1162764288;0;0;0;0;0;0;0;0;0;0;0;3407;0;0;95;0;160;0;
25131;8172947;1075400704;34873344;1162764288;0;0;0;0;0;0;0;0;0;0;0;4078;0;0;95;0;160;0;
25132;6480994;1075400704;34873344;1162764288;0;0;0;0;0;0;0;0;0;0;0;3417;0;0;95;0;160;0;
25133;6175011;1075400704;34873344;1162764288;0;0;0;0;0;0;0;0;0;0;0;3377;0;0;95;0;160;0;
25134;7045904;1075400704;34873344;1162764288;0;0;0;0;0;0;0;0;0;0;0;3557;0;0;95;0;160;0;
25135;8697562;1075400704;34873344;1162764288;0;0;0;0;0;0;0;0;0;0;0;3868;0;0;95;0;160;0;
25136;5785359;1075400704;34873344;1162764288;0;0;0;0;0;0;0;0;0;0;0;4879;0;0;95;0;160;0;
25137;7725629;1075400704;34873344;1162764288;0;0;0;0;0;0;0;0;0;0;0;4087;0;0;95;0;160;0;
25138;7341538;1075400704;34873344;1162764288;0;0;0;0;0;0;0;0;0;0;0;4228;0;0;95;0;160;0;
25139;7328765;1075400704;34873344;1162764288;0;0;0;0;0;0;0;0;0;0;0;3907;0;0;95;0;160;0;
25140;6332435;1075400704;34873344;1162764288;0;0;0;0;0;0;0;0;0;0;0;3326;0;0;95;0;160;0;
25141;7255697;1075400704;34873344;1162764288;0;0;0;0;0;0;0;0;0;0;0;3797;0;0;95;0;160;0;
25142;6459093;1075400704;34873344;1162764288;0;0;0;0;0;0;0;0;0;0;0;3236;0;0;95;0;160;0;
25143;6005051;1075400704;34873344;1162764288;0;0;0;0;0;0;0;0;0;0;0;2635;0;0;95;0;160;0;
25144;4930837;1075400704;34873344;1162764288;0;0;0;0;0;0;0;0;0;0;0;4037;0;0;95;0;160;0;
25145;8555665;1075400704;34873344;1162764288;0;0;0;0;0;0;0;0;0;0;0;2685;0;0;95;0;160;0;
25146;6926570;1075400704;34873344;1162764288;0;0;0;0;0;0;0;0;0;0;0;3266;0;0;95;0;160;0;
25147;7890267;1075400704;34873344;1162764288;0;0;0;0;0;0;0;0;0;0;0;4008;0;0;95;0;160;0;
25148;6517382;1075400704;34873344;1162764288;0;0;0;0;0;0;0;0;0;0;0;4388;0;0;95;0;160;0;
25149;7911788;1075400704;34873344;1162764288;0;0;0;0;0;0;0;0;0;0;0;4098;0;0;95;0;160;0;
25150;5855762;1075400704;34873344;1162764288;0;0;0;0;0;0;0;0;0;0;0;4218;0;0;95;0;160;0;
25151;7495958;1075400704;34873344;1162764288;0;0;0;0;0;0;0;0;0;0;0;4358;0;0;95;0;160;0;
25152;4846900;1075400704;34873344;1162764288;0;0;0;0;0;0;0;0;0;0;0;3847;0;0;95;0;160;0;
25153;7431136;1075400704;34873344;1162764288;0;0;0;0;0;0;0;0;0;0;0;3978;0;0;95;0;160;0;
25154;4161644;1075400704;34873344;1162764288;0;0;0;0;0;0;0;0;0;0;0;4609;0;0;95;0;160;0;
25155;5793024;1075400704;34873344;1162764288;0;0;0;0;0;0;0;0;0;0;0;4318;0;0;95;0;160;0;
25156;6661503;1075400704;34873344;1162764288;0;0;0;0;0;0;0;0;0;0;0;3026;0;0;95;0;160;0;
25157;7332030;1075400704;34873344;1162764288;0;0;0;0;0;0;0;0;0;0;0;7244;0;0;95;0;160;0;
25158;7633857;1075400704;34873344;1162764288;0;0;0;0;0;0;0;0;0;0;0;4068;0;0;95;0;160;0;
25159;8967538;1075400704;34873344;1162764288;0;0;0;0;0;0;0;0;0;0;0;3767;0;0;95;0;160;0;
25160;4291618;1075400704;34873344;1162764288;0;0;0;0;0;0;0;0;0;0;0;3716;0;0;95;0;160;0;
25161;7852747;1075400704;34873344;1162764288;0;0;0;0;0;0;0;0;0;0;0;4678;0;0;95;0;160;0;
25162;5979594;1075400704;34873344;1162764288;0;0;0;0;0;0;0;0;0;0;0;3327;0;0;95;0;160;0;
25163;8174330;1075400704;34873344;1162764288;0;0;0;0;0;0;0;0;0;0;0;4047;0;0;95;0;160;0;
25164;5988752;1075400704;34873344;1162764288;0;0;0;0;0;0;0;0;0;0;0;4729;0;0;95;0;160;0;
25165;7466152;1075400704;34873344;1162764288;0;0;0;0;0;0;0;0;0;0;0;2545;0;0;95;0;160;0;
25166;5806259;1075400704;34873344;1162764288;0;0;0;0;0;0;0;0;0;0;0;3246;0;0;95;0;160;0;
25167;9107700;1075400704;34873344;1162764288;0;0;0;0;0;0;0;0;0;0;0;3938;0;0;95;0;160;0;
25168;6097826;1075400704;34873344;1162764288;0;0;0;0;0;0;0;0;0;0;0;3486;0;0;95;0;160;0;
25169;7785591;1075400704;34873344;1162764288;0;0;0;0;0;0;0;0;0;0;0;4208;0;0;95;0;160;0;
25170;6426111;1075400704;34873344;1162764288;0;0;0;0;0;0;0;0;0;0;0;3978;0;0;95;0;160;0;
25171;7376814;1075400704;34873344;1162764288;0;0;0;0;0;0;0;0;0;0;0;3406;0;0;95;0;160;0;
25172;6063702;1075400704;34873344;1162764288;0;0;0;0;0;0;0;0;0;0;0;3998;0;0;95;0;160;0;
25173;7309337;1075400704;34873344;1162764288;0;0;0;0;0;0;0;0;0;0;0;3496;0;0;95;0;160;0;
25174;5911116;1075400704;34873344;1162764288;0;0;0;0;0;0;0;0;0;0;0;3557;0;0;95;0;160;0;
25175;7304318;1075400704;34873344;1162764288;0;0;0;0;0;0;0;0;0;0;0;4599;0;0;95;0;160;0;
25176;5939138;1075400704;34873344;1162764288;0;0;0;0;0;0;0;0;0;0;0;4027;0;0;95;0;160;0;
25177;8371820;1075400704;34873344;1162764288;0;0;0;0;0;0;0;0;0;0;0;4047;0;0;95;0;160;0;
25178;4619683;1075400704;34873344;1162764288;0;0;0;0;0;0;0;0;0;0;0;3176;0;0;95;0;160;0;
25179;7654095;1075400704;34873344;1162764288;0;0;0;0;0;0;0;0;0;0;0;3476;0;0;95;0;160;0;
25180;4956866;1075400704;34873344;1162764288;0;0;0;0;0;0;0;0;0;0;0;3727;0;0;95;0;160;0;
25181;8102996;1075400704;34873344;1162764288;0;0;0;0;0;0;0;0;0;0;0;4398;0;0;95;0;160;0;
25182;4946376;1075400704;34873344;1162764288;0;0;0;0;0;0;0;0;0;0;0;3597;0;0;95;0;160;0;
25183;6290808;1075400704;34873344;1162764288;0;0;0;0;0;0;0;0;0;0;0;4278;0;0;95;0;160;0;
25184;4941608;1075400704;34873344;1162764288;0;0;0;0;0;0;0;0;0;0;0;3406;0;0;95;0;160;0;
25185;7756887;1075400704;34873344;1162764288;0;0;0;0;0;0;0;0;0;0;0;4258;0;0;95;0;160;0;
25186;4882266;1075400704;34873344;1162764288;0;0;0;0;0;0;0;0;0;0;0;4128;0;0;95;0;160;0;
25187;7438460;1075400704;34873344;1162764288;0;0;0;0;0;0;0;0;0;0;0;3406;0;0;95;0;160;0;
25188;5223917;1075400704;34873344;1162764288;0;0;0;0;0;0;0;0;0;0;0;3176;0;0;95;0;160;0;
25189;8180351;1075400704;34873344;1162764288;0;0;0;0;0;0;0;0;0;0;0;3446;0;0;95;0;160;0;
25190;4807806;1075400704;34873344;1162764288;0;0;0;0;0;0;0;0;0;0;0;2896;0;0;95;0;160;0;
25191;6419529;1075400704;34873344;1162764288;0;0;0;0;0;0;0;0;0;0;0;5580;0;0;95;0;160;0;
25192;6379925;1075400704;34873344;1162764288;0;0;0;0;0;0;0;0;0;0;0;2655;0;0;95;0;160;0;
25193;6876736;1075400704;34873344;1162764288;0;0;0;0;0;0;0;0;0;0;0;6051;0;0;95;0;160;0;
25194;5425615;1075400704;34873344;1162764288;0;0;0;0;0;0;0;0;0;0;0;4087;0;0;95;0;160;0;
25195;7041897;1075400704;34873344;1162764288;0;0;0;0;0;0;0;0;0;0;0;4138;0;0;95;0;160;0;
25196;5359190;1075400704;34873344;1162764288;0;0;0;0;0;0;0;0;0;0;0;3767;0;0;95;0;160;0;
25197;6734199;1075400704;34873344;1162764288;0;0;0;0;0;0;0;0;0;0;0;4047;0;0;95;0;160;0;
25198;6405763;1075400704;34873344;1162764288;0;0;0;0;0;0;0;0;0;0;0;3707;0;0;95;0;160;0;
25199;6833205;1075400704;34873344;1162764288;0;0;0;0;0;0;0;0;0;0;0;3497;0;0;95;0;160;0;
25200;6437693;1075400704;34873344;1162764288;0;0;0;0;0;0;0;0;0;0;0;4368;0;0;95;0;160;0;
25201;6330352;1075400704;34873344;1162764288;0;0;0;0;0;0;0;0;0;0;0;3296;0;0;95;0;160;0;
25202;7523810;1075400704;34873344;1162764288;0;0;0;0;0;0;0;0;0;0;0;2986;0;0;95;0;160;0;
25203;7941724;1075400704;34873344;1162764288;0;0;0;0;0;0;0;0;0;0;0;3306;0;0;95;0;160;0;
25204;4801544;1075400704;34873344;1162764288;0;0;0;0;0;0;0;0;0;0;0;4318;0;0;95;0;160;0;
25205;8679197;1075400704;34873344;1162764288;0;0;0;0;0;0;0;0;0;0;0;3577;0;0;95;0;160;0;
25206;7448008;1075400704;34873344;1162764288;0;0;0;0;0;0;0;0;0;0;0;3778;0;0;95;0;160;0;
25207;7088143;1075400704;34873344;1162764288;0;0;0;0;0;0;0;0;0;0;0;3617;0;0;95;0;160;0;
25208;6405533;1075400704;34873344;1162764288;0;0;0;0;0;0;0;0;0;0;0;3597;0;0;95;0;160;0;
25209;13406212;1075400704;34873344;1162764288;0;0;0;0;0;0;0;0;0;0;0;4649;0;0;95;0;160;0;
25210;10248430;1075400704;34873344;1162764288;0;0;0;0;0;0;0;0;0;0;0;4578;0;0;95;0;160;0;
25211;7010869;1075400704;34873344;1162764288;0;0;0;0;0;0;0;0;0;0;0;2705;0;0;95;0;160;0;
25212;7697566;1075400704;34873344;1162764288;0;0;0;0;0;0;0;0;0;0;0;4408;0;0;95;0;160;0;
25213;6531459;1075400704;34873344;1162764288;0;0;0;0;0;0;0;0;0;0;0;4027;0;0;95;0;160;0;
25214;7666838;1075400704;34873344;1162764288;0;0;0;0;0;0;0;0;0;0;0;5049;0;0;95;0;160;0;
25215;6880364;1075400704;34873344;1162764288;0;0;0;0;0;0;0;0;0;0;0;3777;0;0;95;0;160;0;
25216;8610127;1075400704;34873344;1162764288;0;0;0;0;0;0;0;0;0;0;0;4539;0;0;95;0;160;0;
25217;6494860;1075400704;34873344;1162764288;0;0;0;0;0;0;0;0;0;0;0;3156;0;0;95;0;160;0;
25218;7423682;1075400704;34873344;1162764288;0;0;0;0;0;0;0;0;0;0;0;3236;0;0;95;0;160;0;
25219;6103106;1075400704;34873344;1162764288;0;0;0;0;0;0;0;0;0;0;0;3076;0;0;95;0;160;0;
25220;8256954;1075400704;34873344;1162764288;0;0;0;0;0;0;0;0;0;0;0;6092;0;0;95;0;160;0;
25221;8244070;1075400704;34873344;1162764288;0;0;0;0;0;0;0;0;0;0;0;4568;0;0;95;0;160;0;
25222;7302294;1075400704;34873344;1162764288;0;0;0;0;0;0;0;0;0;0;0;3126;0;0;95;0;160;0;
25223;6657095;1075400704;34873344;1162764288;0;0;0;0;0;0;0;0;0;0;0;4899;0;0;95;0;160;0;
25224;6177575;1075400704;34873344;1162764288;0;0;0;0;0;0;0;0;0;0;0;3607;0;0;95;0;160;0;
25225;7373629;1075400704;34873344;1162764288;0;0;0;0;0;0;0;0;0;0;0;4479;0;0;95;0;160;0;
25226;5990775;1075400704;34873344;1162764288;0;0;0;0;0;0;0;0;0;0;0;3787;0;0;95;0;160;0;
25227;8495953;1075400704;34873344;1162764288;0;0;0;0;0;0;0;0;0;0;0;3666;0;0;95;0;160;0;
25228;6809901;1075400704;34873344;1162764288;0;0;0;0;0;0;0;0;0;0;0;3627;0;0;95;0;160;0;
25229;6973938;1075400704;34873344;1162764288;0;0;0;0;0;0;0;0;0;0;0;3406;0;0;95;0;160;0;
25230;6799622;1075400704;34873344;1162764288;0;0;0;0;0;0;0;0;0;0;0;4208;0;0;95;0;160;0;
25231;7138948;1075400704;34873344;1162764288;0;0;0;0;0;0;0;0;0;0;0;3456;0;0;95;0;160;0;
25232;7266427;1075400704;34873344;1162764288;0;0;0;0;0;0;0;0;0;0;0;4067;0;0;95;0;160;0;
25233;7224339;1075400704;34873344;1162764288;0;0;0;0;0;0;0;0;0;0;0;4679;0;0;95;0;160;0;
25234;7130502;1075400704;34873344;1162764288;0;0;0;0;0;0;0;0;0;0;0;5511;0;0;95;0;160;0;
25235;9264675;1075400704;34873344;1162764288;0;0;0;0;0;0;0;0;0;0;0;7303;0;0;95;0;160;0;
25236;7109452;1075400704;34873344;1162764288;0;0;0;0;0;0;0;0;0;0;0;4989;0;0;95;0;160;0;
25237;6825581;1075400704;34873344;1162764288;0;0;0;0;0;0;0;0;0;0;0;3938;0;0;95;0;160;0;
25238;7701804;1075400704;34873344;1162764288;0;0;0;0;0;0;0;0;0;0;0;3586;0;0;95;0;160;0;
25239;8654180;1075400704;34873344;1162764288;0;0;0;0;0;0;0;0;0;0;0;4318;0;0;95;0;160;0;
25240;7494235;1075400704;34873344;1162764288;0;0;0;0;0;0;0;0;0;0;0;3667;0;0;95;0;160;0;
25241;9911628;1075400704;34873344;1162764288;0;0;0;0;0;0;0;0;0;0;0;4448;0;0;95;0;160;0;
25242;7852397;1075400704;34873344;1162764288;0;0;0;0;0;0;0;0;0;0;0;4288;0;0;95;0;160;0;
25243;8354778;1075400704;34873344;1162764288;0;0;0;0;0;0;0;0;0;0;0;4038;0;0;95;0;160;0;
25244;8432434;1075400704;34873344;1162764288;0;0;0;0;0;0;0;0;0;0;0;3807;0;0;95;0;160;0;
25245;5911757;1075400704;34873344;1162764288;0;0;0;0;0;0;0;0;0;0;0;3086;0;0;95;0;160;0;
25246;7148175;1075400704;34873344;1162764288;0;0;0;0;0;0;0;0;0;0;0;2745;0;0;95;0;160;0;
25247;6397508;1075400704;34873344;1162764288;0;0;0;0;0;0;0;0;0;0;0;3917;0;0;95;0;160;0;
25248;6759156;1075400704;34873344;1162764288;0;0;0;0;0;0;0;0;0;0;0;3426;0;0;95;0;160;0;
25249;6418397;1075400704;34873344;1162764288;0;0;0;0;0;0;0;0;0;0;0;2966;0;0;95;0;160;0;
25250;6601640;1075400704;34873344;1162764288;0;0;0;0;0;0;0;0;0;0;0;4338;0;0;95;0;160;0;
25251;7107098;1075400704;34873344;1162764288;0;0;0;0;0;0;0;0;0;0;0;4178;0;0;95;0;160;0;
25252;8179840;1075400704;34873344;1162764288;0;0;0;0;0;0;0;0;0;0;0;4157;0;0;95;0;160;0;
25253;6681741;1075400704;34873344;1162764288;0;0;0;0;0;0;0;0;0;0;0;4107;0;0;95;0;160;0;
25254;6609035;1075400704;34873344;1162764288;0;0;0;0;0;0;0;0;0;0;0;3036;0;0;95;0;160;0;
25255;5588841;1075400704;34873344;1162764288;0;0;0;0;0;0;0;0;0;0;0;2775;0;0;95;0;160;0;
25256;6062259;1075400704;34873344;1162764288;0;0;0;0;0;0;0;0;0;0;0;3076;0;0;95;0;160;0;
25257;6082127;1075400704;34873344;1162764288;0;0;0;0;0;0;0;0;0;0;0;3507;0;0;95;0;160;0;
25258;6110089;1075400704;34873344;1162764288;0;0;0;0;0;0;0;0;0;0;0;3236;0;0;95;0;160;0;
25259;7520754;1075400704;34873344;1162764288;0;0;0;0;0;0;0;0;0;0;0;3216;0;0;95;0;160;0;
25260;4503856;1075400704;34873344;1162764288;0;0;0;0;0;0;0;0;0;0;0;3647;0;0;95;0;160;0;
25261;7608890;1075400704;34873344;1162764288;0;0;0;0;0;0;0;0;0;0;0;4308;0;0;95;0;160;0;
25262;5102639;1075400704;34873344;1162764288;0;0;0;0;0;0;0;0;0;0;0;3807;0;0;95;0;160;0;
25263;7594653;1075400704;34873344;1162764288;0;0;0;0;0;0;0;0;0;0;0;4178;0;0;95;0;160;0;
25264;5060100;1075400704;34873344;1162764288;0;0;0;0;0;0;0;0;0;0;0;4458;0;0;95;0;160;0;
25265;9445264;1075400704;34873344;1162764288;0;0;0;0;0;0;0;0;0;0;0;3146;0;0;95;0;160;0;
25266;4823556;1075400704;34873344;1162764288;0;0;0;0;0;0;0;0;0;0;0;3987;0;0;95;0;160;0;
25267;8554323;1075400704;34873344;1162764288;0;0;0;0;0;0;0;0;0;0;0;4799;0;0;95;0;160;0;
25268;4461147;1075400704;34873344;1162764288;0;0;0;0;0;0;0;0;0;0;0;3657;0;0;95;0;160;0;
25269;7369871;1075400704;34873344;1162764288;0;0;0;0;0;0;0;0;0;0;0;3858;0;0;95;0;160;0;
25270;5522247;1075400704;34873344;1162764288;0;0;0;0;0;0;0;0;0;0;0;2815;0;0;95;0;160;0;
25271;6637107;1075400704;34873344;1162764288;0;0;0;0;0;0;0;0;0;0;0;4218;0;0;95;0;160;0;
25272;6218753;1075400704;34873344;1162764288;0;0;0;0;0;0;0;0;0;0;0;3336;0;0;95;0;160;0;
25273;8708061;1075400704;34873344;1162764288;0;0;0;0;0;0;0;0;0;0;0;4178;0;0;95;0;160;0;
25274;6757463;1075400704;34873344;1162764288;0;0;0;0;0;0;0;0;0;0;0;4418;0;0;95;0;160;0;
25275;7739454;1075400704;34873344;1162764288;0;0;0;0;0;0;0;0;0;0;0;4128;0;0;95;0;160;0;
25276;6547760;1075400704;34873344;1162764288;0;0;0;0;0;0;0;0;0;0;0;4147;0;0;95;0;160;0;
25277;8849957;1075400704;34873344;1162764288;0;0;0;0;0;0;0;0;0;0;0;3056;0;0;95;0;160;0;
25278;7893222;1075400704;34873344;1162764288;0;0;0;0;0;0;0;0;0;0;0;3236;0;0;95;0;160;0;
25279;6419519;1075400704;34873344;1162764288;0;0;0;0;0;0;0;0;0;0;0;3006;0;0;95;0;160;0;
25280;6814289;1075400704;34873344;1162764288;0;0;0;0;0;0;0;0;0;0;0;81353;0;0;95;0;160;0;
25281;7026097;1075400704;34873344;1162764288;0;0;0;0;0;0;0;0;0;0;0;3176;0;0;95;0;160;0;
25282;6276120;1075400704;34873344;1162764288;0;0;0;0;0;0;0;0;0;0;0;3677;0;0;95;0;160;0;
25283;7472073;1075400704;34873344;1162764288;0;0;0;0;0;0;0;0;0;0;0;2816;0;0;95;0;160;0;
25284;6544654;1075400704;34873344;1162764288;0;0;0;0;0;0;0;0;0;0;0;3326;0;0;95;0;160;0;
25285;5828561;1075400704;34873344;1162764288;0;0;0;0;0;0;0;0;0;0;0;3136;0;0;95;0;160;0;
25286;7033090;1075400704;34873344;1162764288;0;0;0;0;0;0;0;0;0;0;0;3837;0;0;95;0;160;0;
25287;5889405;1075400704;34873344;1162764288;0;0;0;0;0;0;0;0;0;0;0;3186;0;0;95;0;160;0;
25288;7819093;1075400704;34873344;1162764288;0;0;0;0;0;0;0;0;0;0;0;3496;0;0;95;0;160;0;
25289;6107143;1075400704;34873344;1162764288;0;0;0;0;0;0;0;0;0;0;0;2775;0;0;95;0;160;0;
25290;6907314;1075400704;34873344;1162764288;0;0;0;0;0;0;0;0;0;0;0;3987;0;0;95;0;160;0;
25291;7801180;1075400704;34873344;1162764288;0;0;0;0;0;0;0;0;0;0;0;3427;0;0;95;0;160;0;
25292;6590690;1075400704;34873344;1162764288;0;0;0;0;0;0;0;0;0;0;0;3005;0;0;95;0;160;0;
25293;6621919;1075400704;34873344;1162764288;0;0;0;0;0;0;0;0;0;0;0;3196;0;0;95;0;160;0;
25294;7827039;1075400704;34873344;1162764288;0;0;0;0;0;0;0;0;0;0;0;3587;0;0;95;0;160;0;
25295;9625121;1075400704;34873344;1162764288;0;0;0;0;0;0;0;0;0;0;0;3576;0;0;95;0;160;0;
25296;4948691;1075400704;34873344;1162764288;0;0;0;0;0;0;0;0;0;0;0;3166;0;0;95;0;160;0;
25297;9399527;1075400704;34873344;1162764288;0;0;0;0;0;0;0;0;0;0;0;3336;0;0;95;0;160;0;
25298;5218938;1075400704;34873344;1162764288;0;0;0;0;0;0;0;0;0;0;0;3576;0;0;95;0;160;0;
25299;8810312;1075400704;34873344;1162764288;0;0;0;0;0;0;0;0;0;0;0;4739;0;0;95;0;160;0;
25300;6728969;1075400704;34873344;1162764288;0;0;0;0;0;0;0;0;0;0;0;4258;0;0;95;0;160;0;
25301;7174525;1075400704;34873344;1162764288;0;0;0;0;0;0;0;0;0;0;0;3106;0;0;95;0;160;0;
25302;6375817;1075400704;34873344;1162764288;0;0;0;0;0;0;0;0;0;0;0;3587;0;0;95;0;160;0;
25303;6312127;1075400704;34873344;1162764288;0;0;0;0;0;0;0;0;0;0;0;3456;0;0;95;0;160;0;
25304;4612841;1075400704;34873344;1162764288;0;0;0;0;0;0;0;0;0;0;0;3947;0;0;95;0;160;0;
25305;5976689;1075400704;34873344;1162764288;0;0;0;0;0;0;0;0;0;0;0;2534;0;0;95;0;160;0;
25306;6104287;1075400704;34873344;1162764288;0;0;0;0;0;0;0;0;0;0;0;3296;0;0;95;0;160;0;
25307;5863877;1075400704;34873344;1162764288;0;0;0;0;0;0;0;0;0;0;0;4037;0;0;95;0;160;0;
25308;6429658;1075400704;34873344;1162764288;0;0;0;0;0;0;0;0;0;0;0;2936;0;0;95;0;160;0;
25309;6084631;1075400704;34873344;1162764288;0;0;0;0;0;0;0;0;0;0;0;3416;0;0;95;0;160;0;
25310;6100962;1075400704;34873344;1162764288;0;0;0;0;0;0;0;0;0;0;0;130875;0;0;95;0;160;0;
25311;6139293;1075400704;34877440;1162768384;0;0;0;0;0;0;0;0;0;0;0;4278;0;0;95;0;160;0;
25312;5162151;1075400704;34881536;1162772480;0;0;0;0;0;0;0;0;0;0;0;4758;0;0;95;0;160;0;
25313;5722452;1075400704;34881536;1162772480;0;0;0;0;0;0;0;0;0;0;0;2544;0;0;95;0;160;0;
25314;4784483;1075400704;34881536;1162772480;0;0;0;0;0;0;0;0;0;0;0;2945;0;0;95;0;160;0;
25315;6483329;1075400704;34881536;1162772480;0;0;0;0;0;0;0;0;0;0;0;3366;0;0;95;0;160;0;
25316;6867329;1075400704;34881536;1162772480;0;0;0;0;0;0;0;0;0;0;0;2956;0;0;95;0;160;0;
25317;6957899;1075400704;34881536;1162772480;0;0;0;0;0;0;0;0;0;0;0;3627;0;0;95;0;160;0;
25318;4772149;1075400704;34873344;1162764288;0;0;0;0;0;0;0;0;0;0;0;3055;0;0;95;0;160;0;
25319;6181552;1075400704;34873344;1162764288;0;0;0;0;0;0;0;0;0;0;0;2815;0;0;95;0;160;0;
25320;6592073;1075400704;34873344;1162764288;0;0;0;0;0;0;0;0;0;0;0;4097;0;0;95;0;160;0;
25321;6953570;1075400704;34873344;1162764288;0;0;0;0;0;0;0;0;0;0;0;4328;0;0;95;0;160;0;
25322;5367476;1075400704;34873344;1162764288;0;0;0;0;0;0;0;0;0;0;0;4248;0;0;95;0;160;0;
25323;5943035;1075400704;34873344;1162764288;0;0;0;0;0;0;0;0;0;0;0;4258;0;0;95;0;160;0;
25324;4445728;1075400704;34873344;1162764288;0;0;0;0;0;0;0;0;0;0;0;3527;0;0;95;0;160;0;
25325;6604516;1075400704;34873344;1162764288;0;0;0;0;0;0;0;0;0;0;0;4909;0;0;95;0;160;0;
25326;4826993;1075400704;34873344;1162764288;0;0;0;0;0;0;0;0;0;0;0;2866;0;0;95;0;160;0;
25327;7905556;1075400704;34873344;1162764288;0;0;0;0;0;0;0;0;0;0;0;3717;0;0;95;0;160;0;
25328;4877598;1075400704;34873344;1162764288;0;0;0;0;0;0;0;0;0;0;0;3567;0;0;95;0;160;0;
25329;6697440;1075400704;34873344;1162764288;0;0;0;0;0;0;0;0;0;0;0;2445;0;0;95;0;160;0;
25330;6298252;1075400704;34873344;1162764288;0;0;0;0;0;0;0;0;0;0;0;3828;0;0;95;0;160;0;
25331;6184729;1075400704;34873344;1162764288;0;0;0;0;0;0;0;0;0;0;0;3637;0;0;95;0;160;0;
25332;6304133;1075400704;34873344;1162764288;0;0;0;0;0;0;0;0;0;0;0;2955;0;0;95;0;160;0;
25333;7683069;1075400704;34873344;1162764288;0;0;0;0;0;0;0;0;0;0;0;8285;0;0;95;0;160;0;
25334;5012861;1075400704;34873344;1162764288;0;0;0;0;0;0;0;0;0;0;0;3006;0;0;95;0;160;0;
25335;6828156;1075400704;34873344;1162764288;0;0;0;0;0;0;0;0;0;0;0;2405;0;0;95;0;160;0;
25336;5018151;1075400704;34873344;1162764288;0;0;0;0;0;0;0;0;0;0;0;4348;0;0;95;0;160;0;
25337;6241305;1075400704;34873344;1162764288;0;0;0;0;0;0;0;0;0;0;0;2525;0;0;95;0;160;0;
25338;5943667;1075400704;34873344;1162764288;0;0;0;0;0;0;0;0;0;0;0;4258;0;0;95;0;160;0;
25339;7134910;1075400704;34873344;1162764288;0;0;0;0;0;0;0;0;0;0;0;4188;0;0;95;0;160;0;
25340;6166344;1075400704;34873344;1162764288;0;0;0;0;0;0;0;0;0;0;0;5891;0;0;95;0;160;0;
25341;6227239;1075400704;34873344;1162764288;0;0;0;0;0;0;0;0;0;0;0;3707;0;0;95;0;160;0;
25342;4905189;1075400704;34873344;1162764288;0;0;0;0;0;0;0;0;0;0;0;3487;0;0;95;0;160;0;
25343;5451744;1075400704;34873344;1162764288;0;0;0;0;0;0;0;0;0;0;0;2004;0;0;95;0;160;0;
25344;5427168;1075400704;34873344;1162764288;0;0;0;0;0;0;0;0;0;0;0;3546;0;0;95;0;160;0;
25345;6007767;1075400704;34873344;1162764288;0;0;0;0;0;0;0;0;0;0;0;2415;0;0;95;0;160;0;
25346;5567541;1075400704;34873344;1162764288;0;0;0;0;0;0;0;0;0;0;0;3467;0;0;95;0;160;0;
25347;6275940;1075400704;34873344;1162764288;0;0;0;0;0;0;0;0;0;0;0;2385;0;0;95;0;160;0;
25348;5051994;1075400704;34873344;1162764288;0;0;0;0;0;0;0;0;0;0;0;3787;0;0;95;0;160;0;
25349;5087511;1075400704;34873344;1162764288;0;0;0;0;0;0;0;0;0;0;0;2695;0;0;95;0;160;0;
25350;5540601;1075400704;34873344;1162764288;0;0;0;0;0;0;0;0;0;0;0;4318;0;0;95;0;160;0;
25351;6104087;1075400704;34873344;1162764288;0;0;0;0;0;0;0;0;0;0;0;2585;0;0;95;0;160;0;
25352;5825315;1075400704;34873344;1162764288;0;0;0;0;0;0;0;0;0;0;0;3296;0;0;95;0;160;0;
25353;6393230;1075400704;34873344;1162764288;0;0;0;0;0;0;0;0;0;0;0;2344;0;0;95;0;160;0;
25354;5671667;1075400704;34873344;1162764288;0;0;0;0;0;0;0;0;0;0;0;3787;0;0;95;0;160;0;
25355;4788260;1075400704;34873344;1162764288;0;0;0;0;0;0;0;0;0;0;0;2896;0;0;95;0;160;0;
25356;5719477;1075400704;34873344;1162764288;0;0;0;0;0;0;0;0;0;0;0;3195;0;0;95;0;160;0;
25357;5030053;1075400704;34873344;1162764288;0;0;0;0;0;0;0;0;0;0;0;2936;0;0;95;0;160;0;
25358;13237776;1075400704;34873344;1162764288;0;0;0;0;0;0;0;0;0;0;0;2565;0;0;95;0;160;0;
25359;6089380;1075400704;34873344;1162764288;0;0;0;0;0;0;0;0;0;0;0;3076;0;0;95;0;160;0;
25360;4720823;1075400704;34873344;1162764288;0;0;0;0;0;0;0;0;0;0;0;3146;0;0;95;0;160;0;
25361;7108391;1075400704;34873344;1162764288;0;0;0;0;0;0;0;0;0;0;0;2545;0;0;95;0;160;0;
25362;5731389;1075400704;34873344;1162764288;0;0;0;0;0;0;0;0;0;0;0;3566;0;0;95;0;160;0;
25363;5207266;1075400704;34873344;1162764288;0;0;0;0;0;0;0;0;0;0;0;2494;0;0;95;0;160;0;
25364;6920769;1075400704;34873344;1162764288;0;0;0;0;0;0;0;0;0;0;0;4539;0;0;95;0;160;0;
25365;5929149;1075400704;34873344;1162764288;0;0;0;0;0;0;0;0;0;0;0;2935;0;0;95;0;160;0;
25366;6158399;1075400704;34873344;1162764288;0;0;0;0;0;0;0;0;0;0;0;3546;0;0;95;0;160;0;
25367;7393817;1075400704;34873344;1162764288;0;0;0;0;0;0;0;0;0;0;0;4048;0;0;95;0;160;0;
25368;7781253;1075400704;34873344;1162764288;0;0;0;0;0;0;0;0;0;0;0;2294;0;0;95;0;160;0;
25369;7100216;1075400704;34873344;1162764288;0;0;0;0;0;0;0;0;0;0;0;3066;0;0;95;0;160;0;
25370;6539805;1075400704;34873344;1162764288;0;0;0;0;0;0;0;0;0;0;0;3777;0;0;95;0;160;0;
25371;7396301;1075400704;34873344;1162764288;0;0;0;0;0;0;0;0;0;0;0;3105;0;0;95;0;160;0;
25372;4990619;1075400704;34873344;1162764288;0;0;0;0;0;0;0;0;0;0;0;3437;0;0;95;0;160;0;
25373;7128428;1075400704;34873344;1162764288;0;0;0;0;0;0;0;0;0;0;0;3767;0;0;95;0;160;0;
25374;6166434;1075400704;34873344;1162764288;0;0;0;0;0;0;0;0;0;0;0;3376;0;0;95;0;160;0;
25375;6660952;1075400704;34873344;1162764288;0;0;0;0;0;0;0;0;0;0;0;3136;0;0;95;0;160;0;
25376;7178924;1075400704;34873344;1162764288;0;0;0;0;0;0;0;0;0;0;0;3777;0;0;95;0;160;0;
25377;6934826;1075400704;34873344;1162764288;0;0;0;0;0;0;0;0;0;0;0;4027;0;0;95;0;160;0;
25378;7123860;1075400704;34873344;1162764288;0;0;0;0;0;0;0;0;0;0;0;3757;0;0;95;0;160;0;
25379;7196536;1075400704;34873344;1162764288;0;0;0;0;0;0;0;0;0;0;0;4228;0;0;95;0;160;0;
25380;5266507;1075400704;34873344;1162764288;0;0;0;0;0;0;0;0;0;0;0;3426;0;0;95;0;160;0;
25381;6274597;1075400704;34873344;1162764288;0;0;0;0;0;0;0;0;0;0;0;3627;0;0;95;0;160;0;
25382;5769670;1075400704;34873344;1162764288;0;0;0;0;0;0;0;0;0;0;0;3306;0;0;95;0;160;0;
25383;6125538;1075400704;34873344;1162764288;0;0;0;0;0;0;0;0;0;0;0;3256;0;0;95;0;160;0;
25384;6430309;1075400704;34873344;1162764288;0;0;0;0;0;0;0;0;0;0;0;3005;0;0;95;0;160;0;
25385;6802938;1075400704;34873344;1162764288;0;0;0;0;0;0;0;0;0;0;0;3296;0;0;95;0;160;0;
25386;7023452;1075400704;34873344;1162764288;0;0;0;0;0;0;0;0;0;0;0;3306;0;0;95;0;160;0;
25387;6866017;1075400704;34873344;1162764288;0;0;0;0;0;0;0;0;0;0;0;3426;0;0;95;0;160;0;
25388;5317773;1075400704;34873344;1162764288;0;0;0;0;0;0;0;0;0;0;0;4158;0;0;95;0;160;0;
25389;7136383;1075400704;34873344;1162764288;0;0;0;0;0;0;0;0;0;0;0;3707;0;0;95;0;160;0;
25390;5119191;1075400704;34873344;1162764288;0;0;0;0;0;0;0;0;0;0;0;3206;0;0;95;0;160;0;
25391;7500386;1075400704;34873344;1162764288;0;0;0;0;0;0;0;0;0;0;0;3276;0;0;95;0;160;0;
25392;5515584;1075400704;34873344;1162764288;0;0;0;0;0;0;0;0;0;0;0;2775;0;0;95;0;160;0;
25393;5906177;1075400704;34873344;1162764288;0;0;0;0;0;0;0;0;0;0;0;4137;0;0;95;0;160;0;
25394;5641400;1075400704;34873344;1162764288;0;0;0;0;0;0;0;0;0;0;0;3236;0;0;95;0;160;0;
25395;7373338;1075400704;34873344;1162764288;0;0;0;0;0;0;0;0;0;0;0;3236;0;0;95;0;160;0;
25396;5402111;1075400704;34873344;1162764288;0;0;0;0;0;0;0;0;0;0;0;2885;0;0;95;0;160;0;
25397;8464945;1075400704;34873344;1162764288;0;0;0;0;0;0;0;0;0;0;0;4127;0;0;95;0;160;0;
25398;5481990;1075400704;34873344;1162764288;0;0;0;0;0;0;0;0;0;0;0;143268;0;0;95;0;160;0;
25399;7462515;1075400704;34873344;1162764288;0;0;0;0;0;0;0;0;0;0;0;3156;0;0;95;0;160;0;
25400;6353586;1075400704;34873344;1162764288;0;0;0;0;0;0;0;0;0;0;0;3837;0;0;95;0;160;0;
25401;6534905;1075400704;34873344;1162764288;0;0;0;0;0;0;0;0;0;0;0;3096;0;0;95;0;160;0;
25402;6843484;1075400704;34873344;1162764288;0;0;0;0;0;0;0;0;0;0;0;3636;0;0;95;0;160;0;
25403;6492937;1075400704;34873344;1162764288;0;0;0;0;0;0;0;0;0;0;0;2876;0;0;95;0;160;0;
25404;6808810;1075400704;34873344;1162764288;0;0;0;0;0;0;0;0;0;0;0;3757;0;0;95;0;160;0;
25405;7247312;1075400704;34873344;1162764288;0;0;0;0;0;0;0;0;0;0;0;3887;0;0;95;0;160;0;
25406;6160463;1075400704;34873344;1162764288;0;0;0;0;0;0;0;0;0;0;0;3366;0;0;95;0;160;0;
25407;7518890;1075400704;34873344;1162764288;0;0;0;0;0;0;0;0;0;0;0;3757;0;0;95;0;160;0;
25408;5787634;1075400704;34873344;1162764288;0;0;0;0;0;0;0;0;0;0;0;3126;0;0;95;0;160;0;
25409;6494780;1075400704;34873344;1162764288;0;0;0;0;0;0;0;0;0;0;0;2735;0;0;95;0;160;0;
25410;6017325;1075400704;34873344;1162764288;0;0;0;0;0;0;0;0;0;0;0;3687;0;0;95;0;160;0;
25411;5179975;1075400704;34873344;1162764288;0;0;0;0;0;0;0;0;0;0;0;2705;0;0;95;0;160;0;
25412;5273109;1075400704;34873344;1162764288;0;0;0;0;0;0;0;0;0;0;0;3807;0;0;95;0;160;0;
25413;5540000;1075400704;34873344;1162764288;0;0;0;0;0;0;0;0;0;0;0;2355;0;0;95;0;160;0;
25414;6769916;1075400704;34873344;1162764288;0;0;0;0;0;0;0;0;0;0;0;3617;0;0;95;0;160;0;
25415;5735005;1075400704;34873344;1162764288;0;0;0;0;0;0;0;0;0;0;0;2675;0;0;95;0;160;0;
25416;5414034;1075400704;34873344;1162764288;0;0;0;0;0;0;0;0;0;0;0;3326;0;0;95;0;160;0;
25417;6870084;1075400704;34873344;1162764288;0;0;0;0;0;0;0;0;0;0;0;30758;0;0;95;0;160;0;
25418;4927521;1075400704;34873344;1162764288;0;0;0;0;0;0;0;0;0;0;0;2866;0;0;95;0;160;0;
25419;7287888;1075400704;34873344;1162764288;0;0;0;0;0;0;0;0;0;0;0;2966;0;0;95;0;160;0;
25420;6714743;1075400704;34873344;1162764288;0;0;0;0;0;0;0;0;0;0;0;3306;0;0;95;0;160;0;
25421;7275485;1075400704;34873344;1162764288;0;0;0;0;0;0;0;0;0;0;0;3065;0;0;95;0;160;0;
25422;5609019;1075400704;34873344;1162764288;0;0;0;0;0;0;0;0;0;0;0;3296;0;0;95;0;160;0;
25423;5629327;1075400704;34873344;1162764288;0;0;0;0;0;0;0;0;0;0;0;3737;0;0;95;0;160;0;
25424;5810177;1075400704;34873344;1162764288;0;0;0;0;0;0;0;0;0;0;0;3436;0;0;95;0;160;0;
25425;6387610;1075400704;34873344;1162764288;0;0;0;0;0;0;0;0;0;0;0;3546;0;0;95;0;160;0;
25426;6190369;1075400704;34873344;1162764288;0;0;0;0;0;0;0;0;0;0;0;2986;0;0;95;0;160;0;
25427;6388060;1075400704;34873344;1162764288;0;0;0;0;0;0;0;0;0;0;0;2555;0;0;95;0;160;0;
25428;5308275;1075400704;34873344;1162764288;0;0;0;0;0;0;0;0;0;0;0;2756;0;0;95;0;160;0;
25429;7845002;1075400704;34873344;1162764288;0;0;0;0;0;0;0;0;0;0;0;4078;0;0;95;0;160;0;
25430;4449504;1075400704;34873344;1162764288;0;0;0;0;0;0;0;0;0;0;0;3808;0;0;95;0;160;0;
25431;6868992;1075400704;34873344;1162764288;0;0;0;0;0;0;0;0;0;0;0;2445;0;0;95;0;160;0;
25432;7980306;1075400704;34873344;1162764288;0;0;0;0;0;0;0;0;0;0;0;4217;0;0;95;0;160;0;
25433;6855346;1075400704;34873344;1162764288;0;0;0;0;0;0;0;0;0;0;0;4087;0;0;95;0;160;0;
25434;6033375;1075400704;34873344;1162764288;0;0;0;0;0;0;0;0;0;0;0;3397;0;0;95;0;160;0;
25435;7409355;1075400704;34873344;1162764288;0;0;0;0;0;0;0;0;0;0;0;99056;0;0;95;0;160;0;
25436;7336228;1075400704;34873344;1162764288;0;0;0;0;0;0;0;0;0;0;0;4538;0;0;95;0;160;0;
25437;5871912;1075400704;34873344;1162764288;0;0;0;0;0;0;0;0;0;0;0;3647;0;0;95;0;160;0;
25438;7190545;1075400704;34873344;1162764288;0;0;0;0;0;0;0;0;0;0;0;3657;0;0;95;0;160;0;
25439;6728128;1075400704;34873344;1162764288;0;0;0;0;0;0;0;0;0;0;0;2595;0;0;95;0;160;0;
25440;6375196;1075400704;34873344;1162764288;0;0;0;0;0;0;0;0;0;0;0;3437;0;0;95;0;160;0;
25441;7918851;1075400704;34873344;1162764288;0;0;0;0;0;0;0;0;0;0;0;4379;0;0;95;0;160;0;
25442;6242538;1075400704;34873344;1162764288;0;0;0;0;0;0;0;0;0;0;0;4419;0;0;95;0;160;0;
25443;7388566;1075400704;34873344;1162764288;0;0;0;0;0;0;0;0;0;0;0;4398;0;0;95;0;160;0;
25444;6268195;1075400704;34873344;1162764288;0;0;0;0;0;0;0;0;0;0;0;3797;0;0;95;0;160;0;
25445;7138798;1075400704;34873344;1162764288;0;0;0;0;0;0;0;0;0;0;0;3807;0;0;95;0;160;0;
25446;5266738;1075400704;34873344;1162764288;0;0;0;0;0;0;0;0;0;0;0;3617;0;0;95;0;160;0;
25447;8203445;1075400704;34873344;1162764288;0;0;0;0;0;0;0;0;0;0;0;3426;0;0;95;0;160;0;
25448;6386898;1075400704;34873344;1162764288;0;0;0;0;0;0;0;0;0;0;0;4839;0;0;95;0;160;0;
25449;7229338;1075400704;34873344;1162764288;0;0;0;0;0;0;0;0;0;0;0;64601;0;0;95;0;160;0;
25450;5993440;1075400704;34873344;1162764288;0;0;0;0;0;0;0;0;0;0;0;2886;0;0;95;0;160;0;
25451;5393355;1075400704;34873344;1162764288;0;0;0;0;0;0;0;0;0;0;0;2755;0;0;95;0;160;0;
25452;5053207;1075400704;34873344;1162764288;0;0;0;0;0;0;0;0;0;0;0;3456;0;0;95;0;160;0;
25453;6005172;1075400704;34873344;1162764288;0;0;0;0;0;0;0;0;0;0;0;2885;0;0;95;0;160;0;
25454;7028641;1075400704;34873344;1162764288;0;0;0;0;0;0;0;0;0;0;0;3357;0;0;95;0;160;0;
25455;6636166;1075400704;34873344;1162764288;0;0;0;0;0;0;0;0;0;0;0;4659;0;0;95;0;160;0;
25456;4609525;1075400704;34873344;1162764288;0;0;0;0;0;0;0;0;0;0;0;3547;0;0;95;0;160;0;
25457;7138797;1075400704;34873344;1162764288;0;0;0;0;0;0;0;0;0;0;0;4478;0;0;95;0;160;0;
25458;4251453;1075400704;34873344;1162764288;0;0;0;0;0;0;0;0;0;0;0;4799;0;0;95;0;160;0;
25459;9036136;1075400704;34873344;1162764288;0;0;0;0;0;0;0;0;0;0;0;4679;0;0;95;0;160;0;
25460;5259954;1075400704;34873344;1162764288;0;0;0;0;0;0;0;0;0;0;0;4058;0;0;95;0;160;0;
25461;7606455;1075400704;34873344;1162764288;0;0;0;0;0;0;0;0;0;0;0;4669;0;0;95;0;160;0;
25462;6125969;1075400704;34873344;1162764288;0;0;0;0;0;0;0;0;0;0;0;4869;0;0;95;0;160;0;
25463;5405377;1075400704;34873344;1162764288;0;0;0;0;0;0;0;0;0;0;0;3727;0;0;95;0;160;0;
25464;6293623;1075400704;34873344;1162764288;0;0;0;0;0;0;0;0;0;0;0;4568;0;0;95;0;160;0;
25465;7230710;1075400704;34873344;1162764288;0;0;0;0;0;0;0;0;0;0;0;2935;0;0;95;0;160;0;
25466;6034046;1075400704;34873344;1162764288;0;0;0;0;0;0;0;0;0;0;0;10299;0;0;95;0;160;0;
25467;8165483;1075400704;34873344;1162764288;0;0;0;0;0;0;0;0;0;0;0;3577;0;0;95;0;160;0;
25468;5952283;1075400704;34873344;1162764288;0;0;0;0;0;0;0;0;0;0;0;4138;0;0;95;0;160;0;
25469;8801787;1075400704;34873344;1162764288;0;0;0;0;0;0;0;0;0;0;0;4739;0;0;95;0;160;0;
25470;4057269;1075400704;34873344;1162764288;0;0;0;0;0;0;0;0;0;0;0;3307;0;0;95;0;160;0;
25471;8601441;1075400704;34873344;1162764288;0;0;0;0;0;0;0;0;0;0;0;5320;0;0;95;0;160;0;
25472;5243454;1075400704;34873344;1162764288;0;0;0;0;0;0;0;0;0;0;0;4108;0;0;95;0;160;0;
25473;7825245;1075400704;34873344;1162764288;0;0;0;0;0;0;0;0;0;0;0;3917;0;0;95;0;160;0;
25474;5271706;1075400704;34873344;1162764288;0;0;0;0;0;0;0;0;0;0;0;3416;0;0;95;0;160;0;
25475;8134245;1075400704;34873344;1162764288;0;0;0;0;0;0;0;0;0;0;0;3977;0;0;95;0;160;0;
25476;7939730;1075400704;34873344;1162764288;0;0;0;0;0;0;0;0;0;0;0;3717;0;0;95;0;160;0;
25477;7824965;1075400704;34873344;1162764288;0;0;0;0;0;0;0;0;0;0;0;4749;0;0;95;0;160;0;
25478;6754637;1075400704;34873344;1162764288;0;0;0;0;0;0;0;0;0;0;0;32911;0;0;95;0;160;0;
25479;6240733;1075400704;34873344;1162764288;0;0;0;0;0;0;0;0;0;0;0;2765;0;0;95;0;160;0;
25480;6535597;1075400704;34873344;1162764288;0;0;0;0;0;0;0;0;0;0;0;4248;0;0;95;0;160;0;
25481;6554372;1075400704;34873344;1162764288;0;0;0;0;0;0;0;0;0;0;0;2845;0;0;95;0;160;0;
25482;7384729;1075400704;34873344;1162764288;0;0;0;0;0;0;0;0;0;0;0;3306;0;0;95;0;160;0;
25483;7278159;1075400704;34873344;1162764288;0;0;0;0;0;0;0;0;0;0;0;3146;0;0;95;0;160;0;
25484;5793445;1075400704;34873344;1162764288;0;0;0;0;0;0;0;0;0;0;0;2705;0;0;95;0;160;0;
25485;7332321;1075400704;34873344;1162764288;0;0;0;0;0;0;0;0;0;0;0;2785;0;0;95;0;160;0;
25486;5395228;1075400704;34873344;1162764288;0;0;0;0;0;0;0;0;0;0;0;4008;0;0;95;0;160;0;
25487;5184002;1075400704;34873344;1162764288;0;0;0;0;0;0;0;0;0;0;0;3015;0;0;95;0;160;0;
25488;6074222;1075400704;34873344;1162764288;0;0;0;0;0;0;0;0;0;0;0;3907;0;0;95;0;160;0;
25489;6982164;1075400704;34873344;1162764288;0;0;0;0;0;0;0;0;0;0;0;5390;0;0;95;0;160;0;
25490;4144532;1075400704;34873344;1162764288;0;0;0;0;0;0;0;0;0;0;0;4438;0;0;95;0;160;0;
25491;7898012;1075400704;34873344;1162764288;0;0;0;0;0;0;0;0;0;0;0;5751;0;0;95;0;160;0;
25492;6310966;1075400704;34873344;1162764288;0;0;0;0;0;0;0;0;0;0;0;3086;0;0;95;0;160;0;
25493;7825155;1075400704;34873344;1162764288;0;0;0;0;0;0;0;0;0;0;0;3918;0;0;95;0;160;0;
25494;6107183;1075400704;34873344;1162764288;0;0;0;0;0;0;0;0;0;0;0;3817;0;0;95;0;160;0;
25495;7095747;1075400704;34873344;1162764288;0;0;0;0;0;0;0;0;0;0;0;3526;0;0;95;0;160;0;
25496;5783345;1075400704;34873344;1162764288;0;0;0;0;0;0;0;0;0;0;0;3166;0;0;95;0;160;0;
25497;6775657;1075400704;34873344;1162764288;0;0;0;0;0;0;0;0;0;0;0;3086;0;0;95;0;160;0;
25498;5280102;1075400704;34873344;1162764288;0;0;0;0;0;0;0;0;0;0;0;3186;0;0;95;0;160;0;
25499;6707560;1075400704;34873344;1162764288;0;0;0;0;0;0;0;0;0;0;0;2435;0;0;95;0;160;0;
25500;4817625;1075400704;34873344;1162764288;0;0;0;0;0;0;0;0;0;0;0;3617;0;0;95;0;160;0;
25501;6291059;1075400704;34873344;1162764288;0;0;0;0;0;0;0;0;0;0;0;2675;0;0;95;0;160;0;
25502;4746051;1075400704;34873344;1162764288;0;0;0;0;0;0;0;0;0;0;0;2605;0;0;95;0;160;0;
25503;6410773;1075400704;34873344;1162764288;0;0;0;0;0;0;0;0;0;0;0;2425;0;0;95;0;160;0;
25504;4686219;1075400704;34873344;1162764288;0;0;0;0;0;0;0;0;0;0;0;3487;0;0;95;0;160;0;
25505;6107154;1075400704;34873344;1162764288;0;0;0;0;0;0;0;0;0;0;0;3447;0;0;95;0;160;0;
25506;3538937;1075400704;34873344;1162764288;0;0;0;0;0;0;0;0;0;0;0;3306;0;0;95;0;160;0;
25507;6288975;1075400704;34873344;1162764288;0;0;0;0;0;0;0;0;0;0;0;2584;0;0;95;0;160;0;
25508;4009419;1075400704;34873344;1162764288;0;0;0;0;0;0;0;0;0;0;0;3386;0;0;95;0;160;0;
25509;6203093;1075400704;34873344;1162764288;0;0;0;0;0;0;0;0;0;0;0;2675;0;0;95;0;160;0;
25510;5168022;1075400704;34873344;1162764288;0;0;0;0;0;0;0;0;0;0;0;3537;0;0;95;0;160;0;
25511;5861222;1075400704;34873344;1162764288;0;0;0;0;0;0;0;0;0;0;0;3166;0;0;95;0;160;0;
25512;5335085;1075400704;34873344;1162764288;0;0;0;0;0;0;0;0;0;0;0;3166;0;0;95;0;160;0;
25513;12031003;1075400704;34873344;1162764288;0;0;0;0;0;0;0;0;0;0;0;4348;0;0;95;0;160;0;
25514;8680589;1075400704;34873344;1162764288;0;0;0;0;0;0;0;0;0;0;0;5780;0;0;95;0;160;0;
25515;6962277;1075400704;34873344;1162764288;0;0;0;0;0;0;0;0;0;0;0;3296;0;0;95;0;160;0;
25516;8664119;1075400704;34873344;1162764288;0;0;0;0;0;0;0;0;0;0;0;3737;0;0;95;0;160;0;
25517;8956937;1075400704;34873344;1162764288;0;0;0;0;0;0;0;0;0;0;0;4379;0;0;95;0;160;0;
25518;6035539;1075400704;34873344;1162764288;0;0;0;0;0;0;0;0;0;0;0;4178;0;0;95;0;160;0;
25519;8971556;1075400704;34873344;1162764288;0;0;0;0;0;0;0;0;0;0;0;4689;0;0;95;0;160;0;
25520;6228952;1075400704;34873344;1162764288;0;0;0;0;0;0;0;0;0;0;0;4338;0;0;95;0;160;0;
25521;7411189;1075400704;34873344;1162764288;0;0;0;0;0;0;0;0;0;0;0;2855;0;0;95;0;160;0;
25522;5922306;1075400704;34873344;1162764288;0;0;0;0;0;0;0;0;0;0;0;3898;0;0;95;0;160;0;
25523;7211384;1075400704;34873344;1162764288;0;0;0;0;0;0;0;0;0;0;0;4408;0;0;95;0;160;0;
25524;6478299;1075400704;34873344;1162764288;0;0;0;0;0;0;0;0;0;0;0;4068;0;0;95;0;160;0;
25525;6545626;1075400704;34873344;1162764288;0;0;0;0;0;0;0;0;0;0;0;3126;0;0;95;0;160;0;
25526;6609255;1075400704;34873344;1162764288;0;0;0;0;0;0;0;0;0;0;0;3938;0;0;95;0;160;0;
25527;6346272;1075400704;34873344;1162764288;0;0;0;0;0;0;0;0;0;0;0;3446;0;0;95;0;160;0;
25528;4846930;1075400704;34873344;1162764288;0;0;0;0;0;0;0;0;0;0;0;3717;0;0;95;0;160;0;
25529;7065030;1075400704;34873344;1162764288;0;0;0;0;0;0;0;0;0;0;0;4128;0;0;95;0;160;0;
25530;7550049;1075400704;34873344;1162764288;0;0;0;0;0;0;0;0;0;0;0;3026;0;0;95;0;160;0;
25531;8982515;1075400704;34873344;1162764288;0;0;0;0;0;0;0;0;0;0;0;4378;0;0;95;0;160;0;
25532;6567476;1075400704;34873344;1162764288;0;0;0;0;0;0;0;0;0;0;0;4027;0;0;95;0;160;0;
25533;8279787;1075400704;34873344;1162764288;0;0;0;0;0;0;0;0;0;0;0;4147;0;0;95;0;160;0;
25534;6803740;1075400704;34873344;1162764288;0;0;0;0;0;0;0;0;0;0;0;4328;0;0;95;0;160;0;
25535;6031972;1075400704;34873344;1162764288;0;0;0;0;0;0;0;0;0;0;0;4969;0;0;95;0;160;0;
25536;6203484;1075400704;34873344;1162764288;0;0;0;0;0;0;0;0;0;0;0;3346;0;0;95;0;160;0;
25537;5607596;1075400704;34873344;1162764288;0;0;0;0;0;0;0;0;0;0;0;3246;0;0;95;0;160;0;
25538;4933863;1075400704;34873344;1162764288;0;0;0;0;0;0;0;0;0;0;0;2885;0;0;95;0;160;0;
25539;6507394;1075400704;34873344;1162764288;0;0;0;0;0;0;0;0;0;0;0;2976;0;0;95;0;160;0;
25540;4771549;1075400704;34873344;1162764288;0;0;0;0;0;0;0;0;0;0;0;4048;0;0;95;0;160;0;
25541;6299905;1075400704;34873344;1162764288;0;0;0;0;0;0;0;0;0;0;0;3266;0;0;95;0;160;0;
25542;3845111;1075400704;34873344;1162764288;0;0;0;0;0;0;0;0;0;0;0;4599;0;0;95;0;160;0;
25543;6422194;1075400704;34873344;1162764288;0;0;0;0;0;0;0;0;0;0;0;4258;0;0;95;0;160;0;
25544;5029933;1075400704;34873344;1162764288;0;0;0;0;0;0;0;0;0;0;0;3095;0;0;95;0;160;0;
25545;7209109;1075400704;34873344;1162764288;0;0;0;0;0;0;0;0;0;0;0;4378;0;0;95;0;160;0;
25546;3749132;1075400704;34873344;1162764288;0;0;0;0;0;0;0;0;0;0;0;5099;0;0;95;0;160;0;
25547;6018728;1075400704;34873344;1162764288;0;0;0;0;0;0;0;0;0;0;0;3567;0;0;95;0;160;0;
25548;4410972;1075400704;34873344;1162764288;0;0;0;0;0;0;0;0;0;0;0;2545;0;0;95;0;160;0;
25549;8537631;1075400704;34873344;1162764288;0;0;0;0;0;0;0;0;0;0;0;4208;0;0;95;0;160;0;
25550;4160502;1075400704;34873344;1162764288;0;0;0;0;0;0;0;0;0;0;0;4488;0;0;95;0;160;0;
25551;6022544;1075400704;34873344;1162764288;0;0;0;0;0;0;0;0;0;0;0;3557;0;0;95;0;160;0;
25552;5186526;1075400704;34873344;1162764288;0;0;0;0;0;0;0;0;0;0;0;3457;0;0;95;0;160;0;
25553;5727722;1075400704;34873344;1162764288;0;0;0;0;0;0;0;0;0;0;0;3246;0;0;95;0;160;0;
25554;5666858;1075400704;34873344;1162764288;0;0;0;0;0;0;0;0;0;0;0;4529;0;0;95;0;160;0;
25555;5888002;1075400704;34873344;1162764288;0;0;0;0;0;0;0;0;0;0;0;2675;0;0;95;0;160;0;
25556;5646439;1075400704;34873344;1162764288;0;0;0;0;0;0;0;0;0;0;0;3957;0;0;95;0;160;0;
25557;7292676;1075400704;34873344;1162764288;0;0;0;0;0;0;0;0;0;0;0;2986;0;0;95;0;160;0;
25558;4904187;1075400704;34873344;1162764288;0;0;0;0;0;0;0;0;0;0;0;4368;0;0;95;0;160;0;
25559;6921501;1075400704;34873344;1162764288;0;0;0;0;0;0;0;0;0;0;0;3777;0;0;95;0;160;0;
25560;5918830;1075400704;34873344;1162764288;0;0;0;0;0;0;0;0;0;0;0;4138;0;0;95;0;160;0;
25561;6224263;1075400704;34873344;1162764288;0;0;0;0;0;0;0;0;0;0;0;3727;0;0;95;0;160;0;
25562;6431752;1075400704;34873344;1162764288;0;0;0;0;0;0;0;0;0;0;0;3386;0;0;95;0;160;0;
25563;7377585;1075400704;34873344;1162764288;0;0;0;0;0;0;0;0;0;0;0;4278;0;0;95;0;160;0;
25564;5387734;1075400704;34873344;1162764288;0;0;0;0;0;0;0;0;0;0;0;3106;0;0;95;0;160;0;
25565;7887382;1075400704;34873344;1162764288;0;0;0;0;0;0;0;0;0;0;0;4749;0;0;95;0;160;0;
25566;5210211;1075400704;34873344;1162764288;0;0;0;0;0;0;0;0;0;0;0;3716;0;0;95;0;160;0;
25567;6186883;1075400704;34873344;1162764288;0;0;0;0;0;0;0;0;0;0;0;2585;0;0;95;0;160;0;
25568;6355038;1075400704;34873344;1162764288;0;0;0;0;0;0;0;0;0;0;0;3857;0;0;95;0;160;0;
25569;6439887;1075400704;34873344;1162764288;0;0;0;0;0;0;0;0;0;0;0;2995;0;0;95;0;160;0;
25570;4387749;1075400704;34873344;1162764288;0;0;0;0;0;0;0;0;0;0;0;4188;0;0;95;0;160;0;
25571;5244716;1075400704;34873344;1162764288;0;0;0;0;0;0;0;0;0;0;0;2415;0;0;95;0;160;0;
25572;5369911;1075400704;34873344;1162764288;0;0;0;0;0;0;0;0;0;0;0;3226;0;0;95;0;160;0;
25573;5517267;1075400704;34873344;1162764288;0;0;0;0;0;0;0;0;0;0;0;2545;0;0;95;0;160;0;
25574;5078114;1075400704;34873344;1162764288;0;0;0;0;0;0;0;0;0;0;0;3266;0;0;95;0;160;0;
25575;5681646;1075400704;34873344;1162764288;0;0;0;0;0;0;0;0;0;0;0;3026;0;0;95;0;160;0;
25576;5136783;1075400704;34873344;1162764288;0;0;0;0;0;0;0;0;0;0;0;3456;0;0;95;0;160;0;
25577;5763048;1075400704;34873344;1162764288;0;0;0;0;0;0;0;0;0;0;0;3116;0;0;95;0;160;0;
25578;4207520;1075400704;34873344;1162764288;0;0;0;0;0;0;0;0;0;0;0;2855;0;0;95;0;160;0;
25579;5936283;1075400704;34873344;1162764288;0;0;0;0;0;0;0;0;0;0;0;2825;0;0;95;0;160;0;
25580;6142099;1075400704;34873344;1162764288;0;0;0;0;0;0;0;0;0;0;0;3797;0;0;95;0;160;0;
25581;5294890;1075400704;34873344;1162764288;0;0;0;0;0;0;0;0;0;0;0;2826;0;0;95;0;160;0;
25582;5195033;1075400704;34873344;1162764288;0;0;0;0;0;0;0;0;0;0;0;3267;0;0;95;0;160;0;
25583;7096900;1075400704;34873344;1162764288;0;0;0;0;0;0;0;0;0;0;0;5060;0;0;95;0;160;0;
25584;4247425;1075400704;34873344;1162764288;0;0;0;0;0;0;0;0;0;0;0;2805;0;0;95;0;160;0;
25585;7512669;1075400704;34873344;1162764288;0;0;0;0;0;0;0;0;0;0;0;3717;0;0;95;0;160;0;
25586;4919526;1075400704;34873344;1162764288;0;0;0;0;0;0;0;0;0;0;0;3287;0;0;95;0;160;0;
25587;5542975;1075400704;34873344;1162764288;0;0;0;0;0;0;0;0;0;0;0;2394;0;0;95;0;160;0;
25588;4784001;1075400704;34873344;1162764288;0;0;0;0;0;0;0;0;0;0;0;4689;0;0;95;0;160;0;
25589;6309694;1075400704;34873344;1162764288;0;0;0;0;0;0;0;0;0;0;0;3397;0;0;95;0;160;0;
25590;4788701;1075400704;34873344;1162764288;0;0;0;0;0;0;0;0;0;0;0;3947;0;0;95;0;160;0;
25591;7834272;1075400704;34873344;1162764288;0;0;0;0;0;0;0;0;0;0;0;3917;0;0;95;0;160;0;
25592;4497995;1075400704;34873344;1162764288;0;0;0;0;0;0;0;0;0;0;0;4458;0;0;95;0;160;0;
25593;7585365;1075400704;34873344;1162764288;0;0;0;0;0;0;0;0;0;0;0;3897;0;0;95;0;160;0;
25594;6164250;1075400704;34873344;1162764288;0;0;0;0;0;0;0;0;0;0;0;4449;0;0;95;0;160;0;
25595;7705200;1075400704;34873344;1162764288;0;0;0;0;0;0;0;0;0;0;0;3246;0;0;95;0;160;0;
25596;6240743;1075400704;34873344;1162764288;0;0;0;0;0;0;0;0;0;0;0;3166;0;0;95;0;160;0;
25597;6792478;1075400704;34873344;1162764288;0;0;0;0;0;0;0;0;0;0;0;3166;0;0;95;0;160;0;
25598;4482727;1075400704;34873344;1162764288;0;0;0;0;0;0;0;0;0;0;0;3447;0;0;95;0;160;0;
25599;6247697;1075400704;34873344;1162764288;0;0;0;0;0;0;0;0;0;0;0;2604;0;0;95;0;160;0;
25600;5954638;1075400704;34873344;1162764288;0;0;0;0;0;0;0;0;0;0;0;3026;0;0;95;0;160;0;
25601;6435530;1075400704;34873344;1162764288;0;0;0;0;0;0;0;0;0;0;0;4729;0;0;95;0;160;0;
25602;5954046;1075400704;34873344;1162764288;0;0;0;0;0;0;0;0;0;0;0;4048;0;0;95;0;160;0;
25603;7811440;1075400704;34873344;1162764288;0;0;0;0;0;0;0;0;0;0;0;31480;0;0;95;0;160;0;
25604;4668015;1075400704;34873344;1162764288;0;0;0;0;0;0;0;0;0;0;0;4358;0;0;95;0;160;0;
25605;7006329;1075400704;34873344;1162764288;0;0;0;0;0;0;0;0;0;0;0;3857;0;0;95;0;160;0;
25606;4920478;1075400704;34873344;1162764288;0;0;0;0;0;0;0;0;0;0;0;3337;0;0;95;0;160;0;
25607;5986256;1075400704;34873344;1162764288;0;0;0;0;0;0;0;0;0;0;0;3617;0;0;95;0;160;0;
25608;5354992;1075400704;34873344;1162764288;0;0;0;0;0;0;0;0;0;0;0;4629;0;0;95;0;160;0;
25609;5661628;1075400704;34873344;1162764288;0;0;0;0;0;0;0;0;0;0;0;2415;0;0;95;0;160;0;
25610;4263074;1075400704;34873344;1162764288;0;0;0;0;0;0;0;0;0;0;0;3417;0;0;95;0;160;0;
25611;6770647;1075400704;34873344;1162764288;0;0;0;0;0;0;0;0;0;0;0;4718;0;0;95;0;160;0;
25612;4124075;1075400704;34873344;1162764288;0;0;0;0;0;0;0;0;0;0;0;4248;0;0;95;0;160;0;
25613;6359467;1075400704;34873344;1162764288;0;0;0;0;0;0;0;0;0;0;0;3206;0;0;95;0;160;0;
25614;3951491;1075400704;34873344;1162764288;0;0;0;0;0;0;0;0;0;0;0;3897;0;0;95;0;160;0;
25615;6304874;1075400704;34873344;1162764288;0;0;0;0;0;0;0;0;0;0;0;4227;0;0;95;0;160;0;
25616;4450116;1075400704;34873344;1162764288;0;0;0;0;0;0;0;0;0;0;0;3146;0;0;95;0;160;0;
25617;7255356;1075400704;34873344;1162764288;0;0;0;0;0;0;0;0;0;0;0;3497;0;0;95;0;160;0;
25618;5329836;1075400704;34873344;1162764288;0;0;0;0;0;0;0;0;0;0;0;4027;0;0;95;0;160;0;
25619;8399963;1075400704;34873344;1162764288;0;0;0;0;0;0;0;0;0;0;0;4559;0;0;95;0;160;0;
25620;4783731;1075400704;34873344;1162764288;0;0;0;0;0;0;0;0;0;0;0;4108;0;0;95;0;160;0;
25621;7977321;1075400704;34873344;1162764288;0;0;0;0;0;0;0;0;0;0;0;3126;0;0;95;0;160;0;
25622;6029568;1075400704;34873344;1162764288;0;0;0;0;0;0;0;0;0;0;0;4238;0;0;95;0;160;0;
25623;7280484;1075400704;34873344;1162764288;0;0;0;0;0;0;0;0;0;0;0;3897;0;0;95;0;160;0;
25624;6844195;1075400704;34873344;1162764288;0;0;0;0;0;0;0;0;0;0;0;4088;0;0;95;0;160;0;
25625;7479407;1075400704;34873344;1162764288;0;0;0;0;0;0;0;0;0;0;0;4378;0;0;95;0;160;0;
25626;6860526;1075400704;34873344;1162764288;0;0;0;0;0;0;0;0;0;0;0;3596;0;0;95;0;160;0;
25627;8451861;1075400704;34873344;1162764288;0;0;0;0;0;0;0;0;0;0;0;4388;0;0;95;0;160;0;
25628;5111567;1075400704;34873344;1162764288;0;0;0;0;0;0;0;0;0;0;0;4148;0;0;95;0;160;0;
25629;7114683;1075400704;34873344;1162764288;0;0;0;0;0;0;0;0;0;0;0;4127;0;0;95;0;160;0;
25630;6109457;1075400704;34873344;1162764288;0;0;0;0;0;0;0;0;0;0;0;4088;0;0;95;0;160;0;
25631;8718881;1075400704;34873344;1162764288;0;0;0;0;0;0;0;0;0;0;0;6623;0;0;95;0;160;0;
25632;5053277;1075400704;34873344;1162764288;0;0;0;0;0;0;0;0;0;0;0;4298;0;0;95;0;160;0;
25633;9666799;1075400704;34873344;1162764288;0;0;0;0;0;0;0;0;0;0;0;3697;0;0;95;0;160;0;
25634;7605253;1075400704;34873344;1162764288;0;0;0;0;0;0;0;0;0;0;0;4257;0;0;95;0;160;0;
25635;6477608;1075400704;34873344;1162764288;0;0;0;0;0;0;0;0;0;0;0;4619;0;0;95;0;160;0;
25636;7682979;1075400704;34873344;1162764288;0;0;0;0;0;0;0;0;0;0;0;3737;0;0;95;0;160;0;
25637;7277468;1075400704;34873344;1162764288;0;0;0;0;0;0;0;0;0;0;0;4107;0;0;95;0;160;0;
25638;7411950;1075400704;34873344;1162764288;0;0;0;0;0;0;0;0;0;0;0;4037;0;0;95;0;160;0;
25639;6779614;1075400704;34873344;1162764288;0;0;0;0;0;0;0;0;0;0;0;4127;0;0;95;0;160;0;
25640;7642603;1075400704;34873344;1162764288;0;0;0;0;0;0;0;0;0;0;0;3787;0;0;95;0;160;0;
25641;7667299;1075400704;34873344;1162764288;0;0;0;0;0;0;0;0;0;0;0;5300;0;0;95;0;160;0;
25642;6689986;1075400704;34873344;1162764288;0;0;0;0;0;0;0;0;0;0;0;4078;0;0;95;0;160;0;
25643;8704474;1075400704;34873344;1162764288;0;0;0;0;0;0;0;0;0;0;0;4118;0;0;95;0;160;0;
25644;5966590;1075400704;34873344;1162764288;0;0;0;0;0;0;0;0;0;0;0;4618;0;0;95;0;160;0;
25645;8197313;1075400704;34873344;1162764288;0;0;0;0;0;0;0;0;0;0;0;3457;0;0;95;0;160;0;
25646;6119847;1075400704;34873344;1162764288;0;0;0;0;0;0;0;0;0;0;0;3837;0;0;95;0;160;0;
25647;9043550;1075400704;34873344;1162764288;0;0;0;0;0;0;0;0;0;0;0;4669;0;0;95;0;160;0;
25648;7069618;1075400704;34873344;1162764288;0;0;0;0;0;0;0;0;0;0;0;4809;0;0;95;0;160;0;
25649;7816308;1075400704;34873344;1162764288;0;0;0;0;0;0;0;0;0;0;0;3025;0;0;95;0;160;0;
25650;5021377;1075400704;34873344;1162764288;0;0;0;0;0;0;0;0;0;0;0;3016;0;0;95;0;160;0;
25651;6515590;1075400704;34873344;1162764288;0;0;0;0;0;0;0;0;0;0;0;4368;0;0;95;0;160;0;
25652;6078930;1075400704;34873344;1162764288;0;0;0;0;0;0;0;0;0;0;0;3707;0;0;95;0;160;0;
25653;8082257;1075400704;34873344;1162764288;0;0;0;0;0;0;0;0;0;0;0;6753;0;0;95;0;160;0;
25654;6014609;1075400704;34873344;1162764288;0;0;0;0;0;0;0;0;0;0;0;3787;0;0;95;0;160;0;
25655;8879272;1075400704;34873344;1162764288;0;0;0;0;0;0;0;0;0;0;0;3677;0;0;95;0;160;0;
25656;5551171;1075400704;34873344;1162764288;0;0;0;0;0;0;0;0;0;0;0;5180;0;0;95;0;160;0;
25657;7489265;1075400704;34873344;1162764288;0;0;0;0;0;0;0;0;0;0;0;3877;0;0;95;0;160;0;
25658;6288002;1075400704;34873344;1162764288;0;0;0;0;0;0;0;0;0;0;0;3586;0;0;95;0;160;0;
25659;7728644;1075400704;34873344;1162764288;0;0;0;0;0;0;0;0;0;0;0;3256;0;0;95;0;160;0;
25660;5664453;1075400704;34873344;1162764288;0;0;0;0;0;0;0;0;0;0;0;4258;0;0;95;0;160;0;
25661;8136279;1075400704;34873344;1162764288;0;0;0;0;0;0;0;0;0;0;0;4699;0;0;95;0;160;0;
25662;7937596;1075400704;34873344;1162764288;0;0;0;0;0;0;0;0;0;0;0;3436;0;0;95;0;160;0;
25663;7162121;1075400704;34873344;1162764288;0;0;0;0;0;0;0;0;0;0;0;4759;0;0;95;0;160;0;
25664;6686139;1075400704;34873344;1162764288;0;0;0;0;0;0;0;0;0;0;0;4879;0;0;95;0;160;0;
25665;8027415;1075400704;34873344;1162764288;0;0;0;0;0;0;0;0;0;0;0;4208;0;0;95;0;160;0;
25666;5017039;1075400704;34873344;1162764288;0;0;0;0;0;0;0;0;0;0;0;3567;0;0;95;0;160;0;
25667;7925964;1075400704;34873344;1162764288;0;0;0;0;0;0;0;0;0;0;0;4899;0;0;95;0;160;0;
25668;14260654;1075400704;34873344;1162764288;0;0;0;0;0;0;0;0;0;0;0;4638;0;0;95;0;160;0;
25669;7994002;1075400704;34873344;1162764288;0;0;0;0;0;0;0;0;0;0;0;4689;0;0;95;0;160;0;
25670;8202353;1075400704;34873344;1162764288;0;0;0;0;0;0;0;0;0;0;0;3246;0;0;95;0;160;0;
25671;5720618;1075400704;34873344;1162764288;0;0;0;0;0;0;0;0;0;0;0;3106;0;0;95;0;160;0;
25672;5083624;1075400704;34873344;1162764288;0;0;0;0;0;0;0;0;0;0;0;2986;0;0;95;0;160;0;
25673;6200669;1075400704;34873344;1162764288;0;0;0;0;0;0;0;0;0;0;0;3617;0;0;95;0;160;0;
25674;5030975;1075400704;34873344;1162764288;0;0;0;0;0;0;0;0;0;0;0;4829;0;0;95;0;160;0;
25675;8163860;1075400704;34873344;1162764288;0;0;0;0;0;0;0;0;0;0;0;3046;0;0;95;0;160;0;
25676;4276419;1075400704;34873344;1162764288;0;0;0;0;0;0;0;0;0;0;0;3808;0;0;95;0;160;0;
25677;8352494;1075400704;34873344;1162764288;0;0;0;0;0;0;0;0;0;0;0;5060;0;0;95;0;160;0;
25678;4612030;1075400704;34873344;1162764288;0;0;0;0;0;0;0;0;0;0;0;4198;0;0;95;0;160;0;
25679;7098182;1075400704;34873344;1162764288;0;0;0;0;0;0;0;0;0;0;0;4608;0;0;95;0;160;0;
25680;4092244;1075400704;34873344;1162764288;0;0;0;0;0;0;0;0;0;0;0;4448;0;0;95;0;160;0;
25681;7509193;1075400704;34873344;1162764288;0;0;0;0;0;0;0;0;0;0;0;3918;0;0;95;0;160;0;
25682;4224682;1075400704;34873344;1162764288;0;0;0;0;0;0;0;0;0;0;0;3667;0;0;95;0;160;0;
25683;7918300;1075400704;34873344;1162764288;0;0;0;0;0;0;0;0;0;0;0;4087;0;0;95;0;160;0;
25684;5672769;1075400704;34873344;1162764288;0;0;0;0;0;0;0;0;0;0;0;3577;0;0;95;0;160;0;
25685;8130528;1075400704;34873344;1162764288;0;0;0;0;0;0;0;0;0;0;0;5069;0;0;95;0;160;0;
25686;6355109;1075400704;34873344;1162764288;0;0;0;0;0;0;0;0;0;0;0;4369;0;0;95;0;160;0;
25687;6578777;1075400704;34873344;1162764288;0;0;0;0;0;0;0;0;0;0;0;4458;0;0;95;0;160;0;
25688;6537481;1075400704;34873344;1162764288;0;0;0;0;0;0;0;0;0;0;0;4799;0;0;95;0;160;0;
25689;5529780;1075400704;34873344;1162764288;0;0;0;0;0;0;0;0;0;0;0;3727;0;0;95;0;160;0;
25690;5520103;1075400704;34873344;1162764288;0;0;0;0;0;0;0;0;0;0;0;2725;0;0;95;0;160;0;
25691;5964375;1075400704;34873344;1162764288;0;0;0;0;0;0;0;0;0;0;0;2755;0;0;95;0;160;0;
25692;7603590;1075400704;34873344;1162764288;0;0;0;0;0;0;0;0;0;0;0;4689;0;0;95;0;160;0;
25693;8360469;1075400704;34873344;1162764288;0;0;0;0;0;0;0;0;0;0;0;4679;0;0;95;0;160;0;
25694;4932721;1075400704;34873344;1162764288;0;0;0;0;0;0;0;0;0;0;0;3817;0;0;95;0;160;0;
25695;8126269;1075400704;34873344;1162764288;0;0;0;0;0;0;0;0;0;0;0;4419;0;0;95;0;160;0;
25696;6431612;1075400704;34873344;1162764288;0;0;0;0;0;0;0;0;0;0;0;3877;0;0;95;0;160;0;
25697;7123319;1075400704;34873344;1162764288;0;0;0;0;0;0;0;0;0;0;0;4699;0;0;95;0;160;0;
25698;5965959;1075400704;34873344;1162764288;0;0;0;0;0;0;0;0;0;0;0;3055;0;0;95;0;160;0;
25699;7259324;1075400704;34873344;1162764288;0;0;0;0;0;0;0;0;0;0;0;3947;0;0;95;0;160;0;
25700;6303241;1075400704;34873344;1162764288;0;0;0;0;0;0;0;0;0;0;0;3336;0;0;95;0;160;0;
25701;6254690;1075400704;34873344;1162764288;0;0;0;0;0;0;0;0;0;0;0;2285;0;0;95;0;160;0;
25702;5739974;1075400704;34873344;1162764288;0;0;0;0;0;0;0;0;0;0;0;4348;0;0;95;0;160;0;
25703;6309442;1075400704;34873344;1162764288;0;0;0;0;0;0;0;0;0;0;0;2304;0;0;95;0;160;0;
25704;6023286;1075400704;34873344;1162764288;0;0;0;0;0;0;0;0;0;0;0;4007;0;0;95;0;160;0;
25705;6134354;1075400704;34877440;1162768384;0;0;0;0;0;0;0;0;0;0;0;3717;0;0;95;0;160;0;
25706;6987915;1075400704;34881536;1162772480;0;0;0;0;0;0;0;0;0;0;0;3667;0;0;95;0;160;0;
25707;6899780;1075400704;34881536;1162772480;0;0;0;0;0;0;0;0;0;0;0;254578;0;0;95;0;160;0;
25708;5479847;1075400704;34881536;1162772480;0;0;0;0;0;0;0;0;0;0;0;4379;0;0;95;0;160;0;
25709;8190019;1075400704;34881536;1162772480;0;0;0;0;0;0;0;0;0;0;0;4708;0;0;95;0;160;0;
25710;5474978;1075400704;34881536;1162772480;0;0;0;0;0;0;0;0;0;0;0;4278;0;0;95;0;160;0;
25711;8144233;1075400704;34881536;1162772480;0;0;0;0;0;0;0;0;0;0;0;4418;0;0;95;0;160;0;
25712;5336749;1075400704;34873344;1162764288;0;0;0;0;0;0;0;0;0;0;0;3967;0;0;95;0;160;0;
25713;7917558;1075400704;34873344;1162764288;0;0;0;0;0;0;0;0;0;0;0;4048;0;0;95;0;160;0;
25714;5536834;1075400704;34873344;1162764288;0;0;0;0;0;0;0;0;0;0;0;4067;0;0;95;0;160;0;
25715;6769906;1075400704;34873344;1162764288;0;0;0;0;0;0;0;0;0;0;0;4398;0;0;95;0;160;0;
25716;5361816;1075400704;34873344;1162764288;0;0;0;0;0;0;0;0;0;0;0;4398;0;0;95;0;160;0;
25717;7921917;1075400704;34873344;1162764288;0;0;0;0;0;0;0;0;0;0;0;4107;0;0;95;0;160;0;
25718;4689424;1075400704;34873344;1162764288;0;0;0;0;0;0;0;0;0;0;0;3536;0;0;95;0;160;0;
25719;7860832;1075400704;34873344;1162764288;0;0;0;0;0;0;0;0;0;0;0;4188;0;0;95;0;160;0;
25720;5145520;1075400704;34873344;1162764288;0;0;0;0;0;0;0;0;0;0;0;4258;0;0;95;0;160;0;
25721;7637082;1075400704;34873344;1162764288;0;0;0;0;0;0;0;0;0;0;0;3998;0;0;95;0;160;0;
25722;5337901;1075400704;34873344;1162764288;0;0;0;0;0;0;0;0;0;0;0;4679;0;0;95;0;160;0;
25723;7350936;1075400704;34873344;1162764288;0;0;0;0;0;0;0;0;0;0;0;3206;0;0;95;0;160;0;
25724;6106061;1075400704;34873344;1162764288;0;0;0;0;0;0;0;0;0;0;0;3486;0;0;95;0;160;0;
25725;5398313;1075400704;34873344;1162764288;0;0;0;0;0;0;0;0;0;0;0;2935;0;0;95;0;160;0;
25726;4717828;1075400704;34873344;1162764288;0;0;0;0;0;0;0;0;0;0;0;5360;0;0;95;0;160;0;
25727;6881786;1075400704;34873344;1162764288;0;0;0;0;0;0;0;0;0;0;0;3166;0;0;95;0;160;0;
25728;5315589;1075400704;34873344;1162764288;0;0;0;0;0;0;0;0;0;0;0;3176;0;0;95;0;160;0;
25729;8265240;1075400704;34873344;1162764288;0;0;0;0;0;0;0;0;0;0;0;3898;0;0;95;0;160;0;
25730;6668055;1075400704;34873344;1162764288;0;0;0;0;0;0;0;0;0;0;0;2876;0;0;95;0;160;0;
25731;6281660;1075400704;34873344;1162764288;0;0;0;0;0;0;0;0;0;0;0;3657;0;0;95;0;160;0;
25732;5022940;1075400704;34873344;1162764288;0;0;0;0;0;0;0;0;0;0;0;3707;0;0;95;0;160;0;
25733;7559167;1075400704;34873344;1162764288;0;0;0;0;0;0;0;0;0;0;0;4158;0;0;95;0;160;0;
25734;7569666;1075400704;34873344;1162764288;0;0;0;0;0;0;0;0;0;0;0;3306;0;0;95;0;160;0;
25735;7529481;1075400704;34873344;1162764288;0;0;0;0;0;0;0;0;0;0;0;5049;0;0;95;0;160;0;
25736;4793700;1075400704;34873344;1162764288;0;0;0;0;0;0;0;0;0;0;0;3867;0;0;95;0;160;0;
25737;8276953;1075400704;34873344;1162764288;0;0;0;0;0;0;0;0;0;0;0;5330;0;0;95;0;160;0;
25738;6286379;1075400704;34873344;1162764288;0;0;0;0;0;0;0;0;0;0;0;4408;0;0;95;0;160;0;
25739;7581899;1075400704;34873344;1162764288;0;0;0;0;0;0;0;0;0;0;0;3326;0;0;95;0;160;0;
25740;5066853;1075400704;34873344;1162764288;0;0;0;0;0;0;0;0;0;0;0;4849;0;0;95;0;160;0;
25741;8787890;1075400704;34873344;1162764288;0;0;0;0;0;0;0;0;0;0;0;4037;0;0;95;0;160;0;
25742;6391957;1075400704;34873344;1162764288;0;0;0;0;0;0;0;0;0;0;0;3947;0;0;95;0;160;0;
25743;6370627;1075400704;34873344;1162764288;0;0;0;0;0;0;0;0;0;0;0;3346;0;0;95;0;160;0;
25744;5062875;1075400704;34873344;1162764288;0;0;0;0;0;0;0;0;0;0;0;4398;0;0;95;0;160;0;
25745;6953140;1075400704;34873344;1162764288;0;0;0;0;0;0;0;0;0;0;0;3397;0;0;95;0;160;0;
25746;7485308;1075400704;34873344;1162764288;0;0;0;0;0;0;0;0;0;0;0;3897;0;0;95;0;160;0;
25747;6584950;1075400704;34873344;1162764288;0;0;0;0;0;0;0;0;0;0;0;4098;0;0;95;0;160;0;
25748;6084410;1075400704;34873344;1162764288;0;0;0;0;0;0;0;0;0;0;0;3226;0;0;95;0;160;0;
25749;6548381;1075400704;34873344;1162764288;0;0;0;0;0;0;0;0;0;0;0;3356;0;0;95;0;160;0;
25750;7021838;1075400704;34873344;1162764288;0;0;0;0;0;0;0;0;0;0;0;2685;0;0;95;0;160;0;
25751;7508521;1075400704;34873344;1162764288;0;0;0;0;0;0;0;0;0;0;0;4930;0;0;95;0;160;0;
25752;5784839;1075400704;34873344;1162764288;0;0;0;0;0;0;0;0;0;0;0;4398;0;0;95;0;160;0;
25753;6507644;1075400704;34873344;1162764288;0;0;0;0;0;0;0;0;0;0;0;3015;0;0;95;0;160;0;
25754;5270013;1075400704;34873344;1162764288;0;0;0;0;0;0;0;0;0;0;0;3997;0;0;95;0;160;0;
25755;8172687;1075400704;34873344;1162764288;0;0;0;0;0;0;0;0;0;0;0;3477;0;0;95;0;160;0;
25756;5161410;1075400704;34873344;1162764288;0;0;0;0;0;0;0;0;0;0;0;3968;0;0;95;0;160;0;
25757;7611204;1075400704;34873344;1162764288;0;0;0;0;0;0;0;0;0;0;0;4098;0;0;95;0;160;0;
25758;5779679;1075400704;34873344;1162764288;0;0;0;0;0;0;0;0;0;0;0;4168;0;0;95;0;160;0;
25759;6028426;1075400704;34873344;1162764288;0;0;0;0;0;0;0;0;0;0;0;3427;0;0;95;0;160;0;
25760;5709798;1075400704;34873344;1162764288;0;0;0;0;0;0;0;0;0;0;0;3857;0;0;95;0;160;0;
25761;7159957;1075400704;34873344;1162764288;0;0;0;0;0;0;0;0;0;0;0;3296;0;0;95;0;160;0;
25762;7690353;1075400704;34873344;1162764288;0;0;0;0;0;0;0;0;0;0;0;2876;0;0;95;0;160;0;
25763;7289441;1075400704;34873344;1162764288;0;0;0;0;0;0;0;0;0;0;0;3106;0;0;95;0;160;0;
25764;4630764;1075400704;34873344;1162764288;0;0;0;0;0;0;0;0;0;0;0;3076;0;0;95;0;160;0;
25765;7026527;1075400704;34873344;1162764288;0;0;0;0;0;0;0;0;0;0;0;4108;0;0;95;0;160;0;
25766;4777209;1075400704;34873344;1162764288;0;0;0;0;0;0;0;0;0;0;0;4799;0;0;95;0;160;0;
25767;6249400;1075400704;34873344;1162764288;0;0;0;0;0;0;0;0;0;0;0;2946;0;0;95;0;160;0;
25768;5461853;1075400704;34873344;1162764288;0;0;0;0;0;0;0;0;0;0;0;3747;0;0;95;0;160;0;
25769;5949127;1075400704;34873344;1162764288;0;0;0;0;0;0;0;0;0;0;0;2966;0;0;95;0;160;0;
25770;5625510;1075400704;34873344;1162764288;0;0;0;0;0;0;0;0;0;0;0;3267;0;0;95;0;160;0;
25771;5491619;1075400704;34873344;1162764288;0;0;0;0;0;0;0;0;0;0;0;2885;0;0;95;0;160;0;
25772;4416443;1075400704;34873344;1162764288;0;0;0;0;0;0;0;0;0;0;0;3456;0;0;95;0;160;0;
25773;6928404;1075400704;34873344;1162764288;0;0;0;0;0;0;0;0;0;0;0;3887;0;0;95;0;160;0;
25774;5003363;1075400704;34873344;1162764288;0;0;0;0;0;0;0;0;0;0;0;3907;0;0;95;0;160;0;
25775;6838755;1075400704;34873344;1162764288;0;0;0;0;0;0;0;0;0;0;0;3106;0;0;95;0;160;0;
25776;4602812;1075400704;34873344;1162764288;0;0;0;0;0;0;0;0;0;0;0;4158;0;0;95;0;160;0;
25777;7450342;1075400704;34873344;1162764288;0;0;0;0;0;0;0;0;0;0;0;3116;0;0;95;0;160;0;
25778;4199405;1075400704;34873344;1162764288;0;0;0;0;0;0;0;0;0;0;0;3156;0;0;95;0;160;0;
25779;6444095;1075400704;34873344;1162764288;0;0;0;0;0;0;0;0;0;0;0;3296;0;0;95;0;160;0;
25780;4572405;1075400704;34873344;1162764288;0;0;0;0;0;0;0;0;0;0;0;3567;0;0;95;0;160;0;
25781;7190425;1075400704;34873344;1162764288;0;0;0;0;0;0;0;0;0;0;0;3527;0;0;95;0;160;0;
25782;5268711;1075400704;34873344;1162764288;0;0;0;0;0;0;0;0;0;0;0;4529;0;0;95;0;160;0;
25783;6729200;1075400704;34873344;1162764288;0;0;0;0;0;0;0;0;0;0;0;3346;0;0;95;0;160;0;
25784;5977119;1075400704;34873344;1162764288;0;0;0;0;0;0;0;0;0;0;0;2955;0;0;95;0;160;0;
25785;7262480;1075400704;34873344;1162764288;0;0;0;0;0;0;0;0;0;0;0;3547;0;0;95;0;160;0;
25786;5026447;1075400704;34873344;1162764288;0;0;0;0;0;0;0;0;0;0;0;3657;0;0;95;0;160;0;
25787;6296729;1075400704;34873344;1162764288;0;0;0;0;0;0;0;0;0;0;0;2785;0;0;95;0;160;0;
25788;6381728;1075400704;34873344;1162764288;0;0;0;0;0;0;0;0;0;0;0;3136;0;0;95;0;160;0;
25789;6995449;1075400704;34873344;1162764288;0;0;0;0;0;0;0;0;0;0;0;4398;0;0;95;0;160;0;
25790;5271205;1075400704;34873344;1162764288;0;0;0;0;0;0;0;0;0;0;0;4188;0;0;95;0;160;0;
25791;6417215;1075400704;34873344;1162764288;0;0;0;0;0;0;0;0;0;0;0;3126;0;0;95;0;160;0;
25792;5452436;1075400704;34873344;1162764288;0;0;0;0;0;0;0;0;0;0;0;3597;0;0;95;0;160;0;
25793;7510986;1075400704;34873344;1162764288;0;0;0;0;0;0;0;0;0;0;0;4238;0;0;95;0;160;0;
25794;6512433;1075400704;34873344;1162764288;0;0;0;0;0;0;0;0;0;0;0;3597;0;0;95;0;160;0;
25795;6831561;1075400704;34873344;1162764288;0;0;0;0;0;0;0;0;0;0;0;2956;0;0;95;0;160;0;
25796;6048212;1075400704;34873344;1162764288;0;0;0;0;0;0;0;0;0;0;0;136255;0;0;95;0;160;0;
25797;6239561;1075400704;34873344;1162764288;0;0;0;0;0;0;0;0;0;0;0;2685;0;0;95;0;160;0;
25798;6139674;1075400704;34873344;1162764288;0;0;0;0;0;0;0;0;0;0;0;3817;0;0;95;0;160;0;
25799;5910835;1075400704;34873344;1162764288;0;0;0;0;0;0;0;0;0;0;0;4368;0;0;95;0;160;0;
25800;4908355;1075400704;34873344;1162764288;0;0;0;0;0;0;0;0;0;0;0;3396;0;0;95;0;160;0;
25801;8356772;1075400704;34873344;1162764288;0;0;0;0;0;0;0;0;0;0;0;3637;0;0;95;0;160;0;
25802;5259794;1075400704;34873344;1162764288;0;0;0;0;0;0;0;0;0;0;0;3968;0;0;95;0;160;0;
25803;7313395;1075400704;34873344;1162764288;0;0;0;0;0;0;0;0;0;0;0;4208;0;0;95;0;160;0;
25804;4646353;1075400704;34873344;1162764288;0;0;0;0;0;0;0;0;0;0;0;3507;0;0;95;0;160;0;
25805;7025626;1075400704;34873344;1162764288;0;0;0;0;0;0;0;0;0;0;0;3487;0;0;95;0;160;0;
25806;6159181;1075400704;34873344;1162764288;0;0;0;0;0;0;0;0;0;0;0;4188;0;0;95;0;160;0;
25807;5917037;1075400704;34873344;1162764288;0;0;0;0;0;0;0;0;0;0;0;4268;0;0;95;0;160;0;
25808;6104588;1075400704;34873344;1162764288;0;0;0;0;0;0;0;0;0;0;0;3747;0;0;95;0;160;0;
25809;5870179;1075400704;34873344;1162764288;0;0;0;0;0;0;0;0;0;0;0;3106;0;0;95;0;160;0;
25810;5114141;1075400704;34873344;1162764288;0;0;0;0;0;0;0;0;0;0;0;4980;0;0;95;0;160;0;
25811;6334850;1075400704;34873344;1162764288;0;0;0;0;0;0;0;0;0;0;0;3326;0;0;95;0;160;0;
25812;6805062;1075400704;34873344;1162764288;0;0;0;0;0;0;0;0;0;0;0;3096;0;0;95;0;160;0;
25813;5789528;1075400704;34873344;1162764288;0;0;0;0;0;0;0;0;0;0;0;2745;0;0;95;0;160;0;
25814;6369545;1075400704;34873344;1162764288;0;0;0;0;0;0;0;0;0;0;0;4058;0;0;95;0;160;0;
25815;6446409;1075400704;34873344;1162764288;0;0;0;0;0;0;0;0;0;0;0;5921;0;0;95;0;160;0;
25816;5131694;1075400704;34873344;1162764288;0;0;0;0;0;0;0;0;0;0;0;3055;0;0;95;0;160;0;
25817;5931664;1075400704;34873344;1162764288;0;0;0;0;0;0;0;0;0;0;0;3306;0;0;95;0;160;0;
25818;6226066;1075400704;34873344;1162764288;0;0;0;0;0;0;0;0;0;0;0;3316;0;0;95;0;160;0;
25819;6977906;1075400704;34873344;1162764288;0;0;0;0;0;0;0;0;0;0;0;3727;0;0;95;0;160;0;
25820;5561981;1075400704;34873344;1162764288;0;0;0;0;0;0;0;0;0;0;0;3306;0;0;95;0;160;0;
25821;5033650;1075400704;34873344;1162764288;0;0;0;0;0;0;0;0;0;0;0;3697;0;0;95;0;160;0;
25822;6746383;1075400704;34873344;1162764288;0;0;0;0;0;0;0;0;0;0;0;3327;0;0;95;0;160;0;
25823;5999441;1075400704;34873344;1162764288;0;0;0;0;0;0;0;0;0;0;0;2836;0;0;95;0;160;0;
25824;8492477;1075400704;34873344;1162764288;0;0;0;0;0;0;0;0;0;0;0;3317;0;0;95;0;160;0;
25825;8903377;1075400704;34873344;1162764288;0;0;0;0;0;0;0;0;0;0;0;2455;0;0;95;0;160;0;
25826;11108943;1075400704;34873344;1162764288;0;0;0;0;0;0;0;0;0;0;0;4629;0;0;95;0;160;0;
25827;11266889;1075400704;34873344;1162764288;0;0;0;0;0;0;0;0;0;0;0;3337;0;0;95;0;160;0;
25828;8620717;1075400704;34873344;1162764288;0;0;0;0;0;0;0;0;0;0;0;7414;0;0;95;0;160;0;
25829;10157830;1075400704;34873344;1162764288;0;0;0;0;0;0;0;0;0;0;0;3376;0;0;95;0;160;0;
25830;10728520;1075400704;34873344;1162764288;0;0;0;0;0;0;0;0;0;0;0;4278;0;0;95;0;160;0;
25831;10234333;1075400704;34873344;1162764288;0;0;0;0;0;0;0;0;0;0;0;3867;0;0;95;0;160;0;
25832;11114654;1075400704;34873344;1162764288;0;0;0;0;0;0;0;0;0;0;0;4469;0;0;95;0;160;0;
25833;10720405;1075400704;34873344;1162764288;0;0;0;0;0;0;0;0;0;0;0;4569;0;0;95;0;160;0;
25834;10185371;1075400704;34873344;1162764288;0;0;0;0;0;0;0;0;0;0;0;4118;0;0;95;0;160;0;
25835;9792284;1075400704;34873344;1162764288;0;0;0;0;0;0;0;0;0;0;0;3998;0;0;95;0;160;0;
25836;10545457;1075400704;34873344;1162764288;0;0;0;0;0;0;0;0;0;0;0;5711;0;0;95;0;160;0;
25837;10476608;1075400704;34873344;1162764288;0;0;0;0;0;0;0;0;0;0;0;7314;0;0;95;0;160;0;
25838;7119261;1075400704;34873344;1162764288;0;0;0;0;0;0;0;0;0;0;0;4008;0;0;95;0;160;0;
25839;5571439;1075400704;34873344;1162764288;0;0;0;0;0;0;0;0;0;0;0;3937;0;0;95;0;160;0;
25840;7897812;1075400704;34873344;1162764288;0;0;0;0;0;0;0;0;0;0;0;3848;0;0;95;0;160;0;
25841;6975111;1075400704;34873344;1162764288;0;0;0;0;0;0;0;0;0;0;0;3696;0;0;95;0;160;0;
25842;6915319;1075400704;34873344;1162764288;0;0;0;0;0;0;0;0;0;0;0;4308;0;0;95;0;160;0;
25843;9194573;1075400704;34873344;1162764288;0;0;0;0;0;0;0;0;0;0;0;4729;0;0;95;0;160;0;
25844;6637728;1075400704;34873344;1162764288;0;0;0;0;0;0;0;0;0;0;0;3336;0;0;95;0;160;0;
25845;10203506;1075400704;34873344;1162764288;0;0;0;0;0;0;0;0;0;0;0;4889;0;0;95;0;160;0;
25846;5335876;1075400704;34873344;1162764288;0;0;0;0;0;0;0;0;0;0;0;3897;0;0;95;0;160;0;
25847;9291175;1075400704;34873344;1162764288;0;0;0;0;0;0;0;0;0;0;0;4218;0;0;95;0;160;0;
25848;5691744;1075400704;34873344;1162764288;0;0;0;0;0;0;0;0;0;0;0;4188;0;0;95;0;160;0;
25849;9830486;1075400704;34873344;1162764288;0;0;0;0;0;0;0;0;0;0;0;3307;0;0;95;0;160;0;
25850;5449540;1075400704;34873344;1162764288;0;0;0;0;0;0;0;0;0;0;0;3437;0;0;95;0;160;0;
25851;9658884;1075400704;34873344;1162764288;0;0;0;0;0;0;0;0;0;0;0;5249;0;0;95;0;160;0;
25852;7010577;1075400704;34873344;1162764288;0;0;0;0;0;0;0;0;0;0;0;4238;0;0;95;0;160;0;
25853;9564246;1075400704;34877440;1162768384;0;0;0;0;0;0;0;0;0;0;0;3337;0;0;95;0;160;0;
25854;7730077;1075400704;34881536;1162772480;0;0;0;0;0;0;0;0;0;0;0;4038;0;0;95;0;160;0;
25855;9064450;1075400704;34881536;1162772480;0;0;0;0;0;0;0;0;0;0;0;3527;0;0;95;0;160;0;
25856;6302600;1075400704;34881536;1162772480;0;0;0;0;0;0;0;0;0;0;0;2966;0;0;95;0;160;0;
25857;7654475;1075400704;34881536;1162772480;0;0;0;0;0;0;0;0;0;0;0;4409;0;0;95;0;160;0;
25858;4406233;1075400704;34881536;1162772480;0;0;0;0;0;0;0;0;0;0;0;3547;0;0;95;0;160;0;
25859;6100030;1075400704;34881536;1162772480;0;0;0;0;0;0;0;0;0;0;0;2905;0;0;95;0;160;0;
25860;4531689;1075400704;34873344;1162764288;0;0;0;0;0;0;0;0;0;0;0;4318;0;0;95;0;160;0;
25861;7299269;1075400704;34873344;1162764288;0;0;0;0;0;0;0;0;0;0;0;3797;0;0;95;0;160;0;
25862;6756992;1075400704;34873344;1162764288;0;0;0;0;0;0;0;0;0;0;0;4439;0;0;95;0;160;0;
25863;8895111;1075400704;34873344;1162764288;0;0;0;0;0;0;0;0;0;0;0;3477;0;0;95;0;160;0;
25864;6244430;1075400704;34873344;1162764288;0;0;0;0;0;0;0;0;0;0;0;3456;0;0;95;0;160;0;
25865;8570433;1075400704;34873344;1162764288;0;0;0;0;0;0;0;0;0;0;0;4318;0;0;95;0;160;0;
25866;6923484;1075400704;34873344;1162764288;0;0;0;0;0;0;0;0;0;0;0;4368;0;0;95;0;160;0;
25867;9272269;1075400704;34873344;1162764288;0;0;0;0;0;0;0;0;0;0;0;4428;0;0;95;0;160;0;
25868;5440934;1075400704;34873344;1162764288;0;0;0;0;0;0;0;0;0;0;0;3626;0;0;95;0;160;0;
25869;7152403;1075400704;34873344;1162764288;0;0;0;0;0;0;0;0;0;0;0;2886;0;0;95;0;160;0;
25870;8230405;1075400704;34873344;1162764288;0;0;0;0;0;0;0;0;0;0;0;4158;0;0;95;0;160;0;
25871;8245163;1075400704;34873344;1162764288;0;0;0;0;0;0;0;0;0;0;0;3987;0;0;95;0;160;0;
25872;6261563;1075400704;34873344;1162764288;0;0;0;0;0;0;0;0;0;0;0;3566;0;0;95;0;160;0;
25873;7527296;1075400704;34873344;1162764288;0;0;0;0;0;0;0;0;0;0;0;5250;0;0;95;0;160;0;
25874;5635809;1075400704;34873344;1162764288;0;0;0;0;0;0;0;0;0;0;0;4118;0;0;95;0;160;0;
25875;9179275;1075400704;34873344;1162764288;0;0;0;0;0;0;0;0;0;0;0;4178;0;0;95;0;160;0;
25876;7945320;1075400704;34873344;1162764288;0;0;0;0;0;0;0;0;0;0;0;4158;0;0;95;0;160;0;
25877;8512955;1075400704;34873344;1162764288;0;0;0;0;0;0;0;0;0;0;0;3797;0;0;95;0;160;0;
25878;5918750;1075400704;34873344;1162764288;0;0;0;0;0;0;0;0;0;0;0;4008;0;0;95;0;160;0;
25879;6393510;1075400704;34873344;1162764288;0;0;0;0;0;0;0;0;0;0;0;3456;0;0;95;0;160;0;
25880;6397467;1075400704;34873344;1162764288;0;0;0;0;0;0;0;0;0;0;0;2936;0;0;95;0;160;0;
25881;7484717;1075400704;34873344;1162764288;0;0;0;0;0;0;0;0;0;0;0;3066;0;0;95;0;160;0;
25882;6215416;1075400704;34873344;1162764288;0;0;0;0;0;0;0;0;0;0;0;6272;0;0;95;0;160;0;
25883;8015743;1075400704;34873344;1162764288;0;0;0;0;0;0;0;0;0;0;0;3376;0;0;95;0;160;0;
25884;6438675;1075400704;34873344;1162764288;0;0;0;0;0;0;0;0;0;0;0;4228;0;0;95;0;160;0;
25885;8156126;1075400704;34873344;1162764288;0;0;0;0;0;0;0;0;0;0;0;3376;0;0;95;0;160;0;
25886;5389738;1075400704;34873344;1162764288;0;0;0;0;0;0;0;0;0;0;0;3837;0;0;95;0;160;0;
25887;7928178;1075400704;34873344;1162764288;0;0;0;0;0;0;0;0;0;0;0;2925;0;0;95;0;160;0;
25888;6128283;1075400704;34873344;1162764288;0;0;0;0;0;0;0;0;0;0;0;3697;0;0;95;0;160;0;
25889;7916877;1075400704;34873344;1162764288;0;0;0;0;0;0;0;0;0;0;0;3677;0;0;95;0;160;0;
25890;6474272;1075400704;34873344;1162764288;0;0;0;0;0;0;0;0;0;0;0;4478;0;0;95;0;160;0;
25891;7673170;1075400704;34873344;1162764288;0;0;0;0;0;0;0;0;0;0;0;4288;0;0;95;0;160;0;
25892;5820035;1075400704;34873344;1162764288;0;0;0;0;0;0;0;0;0;0;0;4609;0;0;95;0;160;0;
25893;8465837;1075400704;34873344;1162764288;0;0;0;0;0;0;0;0;0;0;0;4599;0;0;95;0;160;0;
25894;5151622;1075400704;34873344;1162764288;0;0;0;0;0;0;0;0;0;0;0;3406;0;0;95;0;160;0;
25895;7383778;1075400704;34873344;1162764288;0;0;0;0;0;0;0;0;0;0;0;3687;0;0;95;0;160;0;
25896;7308396;1075400704;34873344;1162764288;0;0;0;0;0;0;0;0;0;0;0;2936;0;0;95;0;160;0;
25897;8288835;1075400704;34873344;1162764288;0;0;0;0;0;0;0;0;0;0;0;3276;0;0;95;0;160;0;
25898;6410392;1075400704;34873344;1162764288;0;0;0;0;0;0;0;0;0;0;0;5530;0;0;95;0;160;0;
25899;8582856;1075400704;34873344;1162764288;0;0;0;0;0;0;0;0;0;0;0;4449;0;0;95;0;160;0;
25900;7126184;1075400704;34873344;1162764288;0;0;0;0;0;0;0;0;0;0;0;3026;0;0;95;0;160;0;
25901;7042868;1075400704;34873344;1162764288;0;0;0;0;0;0;0;0;0;0;0;4228;0;0;95;0;160;0;
25902;6344148;1075400704;34873344;1162764288;0;0;0;0;0;0;0;0;0;0;0;3066;0;0;95;0;160;0;
25903;7412592;1075400704;34873344;1162764288;0;0;0;0;0;0;0;0;0;0;0;3426;0;0;95;0;160;0;
25904;6932641;1075400704;34873344;1162764288;0;0;0;0;0;0;0;0;0;0;0;3697;0;0;95;0;160;0;
25905;6721045;1075400704;34873344;1162764288;0;0;0;0;0;0;0;0;0;0;0;4107;0;0;95;0;160;0;
25906;4808398;1075400704;34873344;1162764288;0;0;0;0;0;0;0;0;0;0;0;4418;0;0;95;0;160;0;
25907;7080208;1075400704;34873344;1162764288;0;0;0;0;0;0;0;0;0;0;0;3687;0;0;95;0;160;0;
25908;5787604;1075400704;34873344;1162764288;0;0;0;0;0;0;0;0;0;0;0;3897;0;0;95;0;160;0;
25909;6364085;1075400704;34873344;1162764288;0;0;0;0;0;0;0;0;0;0;0;2655;0;0;95;0;160;0;
25910;6731253;1075400704;34873344;1162764288;0;0;0;0;0;0;0;0;0;0;0;3757;0;0;95;0;160;0;
25911;7238795;1075400704;34873344;1162764288;0;0;0;0;0;0;0;0;0;0;0;4007;0;0;95;0;160;0;
25912;6910771;1075400704;34873344;1162764288;0;0;0;0;0;0;0;0;0;0;0;3437;0;0;95;0;160;0;
25913;7406610;1075400704;34873344;1162764288;0;0;0;0;0;0;0;0;0;0;0;3817;0;0;95;0;160;0;
25914;6985971;1075400704;34873344;1162764288;0;0;0;0;0;0;0;0;0;0;0;3938;0;0;95;0;160;0;
25915;8397499;1075400704;34873344;1162764288;0;0;0;0;0;0;0;0;0;0;0;2866;0;0;95;0;160;0;
25916;5206635;1075400704;34873344;1162764288;0;0;0;0;0;0;0;0;0;0;0;136185;0;0;95;0;160;0;
25917;6889661;1075400704;34873344;1162764288;0;0;0;0;0;0;0;0;0;0;0;3356;0;0;95;0;160;0;
25918;4282932;1075400704;34873344;1162764288;0;0;0;0;0;0;0;0;0;0;0;4208;0;0;95;0;160;0;
25919;7371695;1075400704;34873344;1162764288;0;0;0;0;0;0;0;0;0;0;0;3997;0;0;95;0;160;0;
25920;4625013;1075400704;34873344;1162764288;0;0;0;0;0;0;0;0;0;0;0;3827;0;0;95;0;160;0;
25921;7709328;1075400704;34873344;1162764288;0;0;0;0;0;0;0;0;0;0;0;3677;0;0;95;0;160;0;
25922;5371063;1075400704;34873344;1162764288;0;0;0;0;0;0;0;0;0;0;0;3827;0;0;95;0;160;0;
25923;6974460;1075400704;34873344;1162764288;0;0;0;0;0;0;0;0;0;0;0;3156;0;0;95;0;160;0;
25924;5011228;1075400704;34873344;1162764288;0;0;0;0;0;0;0;0;0;0;0;3437;0;0;95;0;160;0;
25925;6741744;1075400704;34877440;1162768384;0;0;0;0;0;0;0;0;0;0;0;3778;0;0;95;0;160;0;
25926;6246234;1075400704;34881536;1162772480;0;0;0;0;0;0;0;0;0;0;0;3396;0;0;95;0;160;0;
25927;7731619;1075400704;34881536;1162772480;0;0;0;0;0;0;0;0;0;0;0;3417;0;0;95;0;160;0;
25928;4689104;1075400704;34881536;1162772480;0;0;0;0;0;0;0;0;0;0;0;3356;0;0;95;0;160;0;
25929;6554031;1075400704;34881536;1162772480;0;0;0;0;0;0;0;0;0;0;0;2685;0;0;95;0;160;0;
25930;4090261;1075400704;34881536;1162772480;0;0;0;0;0;0;0;0;0;0;0;3416;0;0;95;0;160;0;
25931;6169070;1075400704;34881536;1162772480;0;0;0;0;0;0;0;0;0;0;0;2645;0;0;95;0;160;0;
25932;5066071;1075400704;34873344;1162764288;0;0;0;0;0;0;0;0;0;0;0;2956;0;0;95;0;160;0;
25933;5972371;1075400704;34873344;1162764288;0;0;0;0;0;0;0;0;0;0;0;2795;0;0;95;0;160;0;
25934;4573537;1075400704;34873344;1162764288;0;0;0;0;0;0;0;0;0;0;0;15750;0;0;95;0;160;0;
25935;6601851;1075400704;34873344;1162764288;0;0;0;0;0;0;0;0;0;0;0;2615;0;0;95;0;160;0;
25936;4690196;1075400704;34873344;1162764288;0;0;0;0;0;0;0;0;0;0;0;3296;0;0;95;0;160;0;
25937;5950299;1075400704;34873344;1162764288;0;0;0;0;0;0;0;0;0;0;0;2915;0;0;95;0;160;0;
25938;4469101;1075400704;34873344;1162764288;0;0;0;0;0;0;0;0;0;0;0;2825;0;0;95;0;160;0;
25939;6470314;1075400704;34873344;1162764288;0;0;0;0;0;0;0;0;0;0;0;2464;0;0;95;0;160;0;
25940;5015836;1075400704;34873344;1162764288;0;0;0;0;0;0;0;0;0;0;0;3787;0;0;95;0;160;0;
25941;5656077;1075400704;34873344;1162764288;0;0;0;0;0;0;0;0;0;0;0;2685;0;0;95;0;160;0;
25942;4449394;1075400704;34873344;1162764288;0;0;0;0;0;0;0;0;0;0;0;3366;0;0;95;0;160;0;
25943;5607266;1075400704;34873344;1162764288;0;0;0;0;0;0;0;0;0;0;0;2104;0;0;95;0;160;0;
25944;4910479;1075400704;34873344;1162764288;0;0;0;0;0;0;0;0;0;0;0;2575;0;0;95;0;160;0;
25945;7189123;1075400704;34873344;1162764288;0;0;0;0;0;0;0;0;0;0;0;2956;0;0;95;0;160;0;
25946;4499068;1075400704;34873344;1162764288;0;0;0;0;0;0;0;0;0;0;0;40416;0;0;95;0;160;0;
25947;6904389;1075400704;34873344;1162764288;0;0;0;0;0;0;0;0;0;0;0;2815;0;0;95;0;160;0;
25948;5615902;1075400704;34873344;1162764288;0;0;0;0;0;0;0;0;0;0;0;3928;0;0;95;0;160;0;
25949;5182960;1075400704;34873344;1162764288;0;0;0;0;0;0;0;0;0;0;0;2745;0;0;95;0;160;0;
25950;5003062;1075400704;34873344;1162764288;0;0;0;0;0;0;0;0;0;0;0;3196;0;0;95;0;160;0;
25951;5985195;1075400704;34873344;1162764288;0;0;0;0;0;0;0;0;0;0;0;2474;0;0;95;0;160;0;
25952;4715513;1075400704;34873344;1162764288;0;0;0;0;0;0;0;0;0;0;0;2936;0;0;95;0;160;0;
25953;6656474;1075400704;34873344;1162764288;0;0;0;0;0;0;0;0;0;0;0;3005;0;0;95;0;160;0;
25954;4837753;1075400704;34873344;1162764288;0;0;0;0;0;0;0;0;0;0;0;3466;0;0;95;0;160;0;
25955;6122312;1075400704;34873344;1162764288;0;0;0;0;0;0;0;0;0;0;0;2635;0;0;95;0;160;0;
25956;2953308;1075400704;34873344;1162764288;0;0;0;0;0;0;0;0;0;0;0;3206;0;0;95;0;160;0;
25957;5682196;1075400704;34873344;1162764288;0;0;0;0;0;0;0;0;0;0;0;2886;0;0;95;0;160;0;
25958;4687150;1075400704;34873344;1162764288;0;0;0;0;0;0;0;0;0;0;0;3467;0;0;95;0;160;0;
25959;5204761;1075400704;34873344;1162764288;0;0;0;0;0;0;0;0;0;0;0;2845;0;0;95;0;160;0;
25960;4781727;1075400704;34873344;1162764288;0;0;0;0;0;0;0;0;0;0;0;2876;0;0;95;0;160;0;
25961;6048534;1075400704;34873344;1162764288;0;0;0;0;0;0;0;0;0;0;0;3246;0;0;95;0;160;0;
25962;5049400;1075400704;34873344;1162764288;0;0;0;0;0;0;0;0;0;0;0;3376;0;0;95;0;160;0;
25963;6461898;1075400704;34873344;1162764288;0;0;0;0;0;0;0;0;0;0;0;2635;0;0;95;0;160;0;
25964;5799917;1075400704;34873344;1162764288;0;0;0;0;0;0;0;0;0;0;0;4398;0;0;95;0;160;0;
25965;6025380;1075400704;34873344;1162764288;0;0;0;0;0;0;0;0;0;0;0;2665;0;0;95;0;160;0;
25966;5751747;1075400704;34873344;1162764288;0;0;0;0;0;0;0;0;0;0;0;3045;0;0;95;0;160;0;
25967;5979624;1075400704;34873344;1162764288;0;0;0;0;0;0;0;0;0;0;0;3276;0;0;95;0;160;0;
25968;6272493;1075400704;34873344;1162764288;0;0;0;0;0;0;0;0;0;0;0;3126;0;0;95;0;160;0;
25969;9129502;1075400704;34873344;1162764288;0;0;0;0;0;0;0;0;0;0;0;2575;0;0;95;0;160;0;
25970;2946476;1075400704;34873344;1162764288;0;0;0;0;0;0;0;0;0;0;0;3988;0;0;95;0;160;0;
25971;5566880;1075400704;34873344;1162764288;0;0;0;0;0;0;0;0;0;0;0;2705;0;0;95;0;160;0;
25972;4028265;1075400704;34873344;1162764288;0;0;0;0;0;0;0;0;0;0;0;2685;0;0;95;0;160;0;
25973;5430124;1075400704;34873344;1162764288;0;0;0;0;0;0;0;0;0;0;0;2504;0;0;95;0;160;0;
25974;5276806;1075400704;34873344;1162764288;0;0;0;0;0;0;0;0;0;0;0;3596;0;0;95;0;160;0;
25975;5214138;1075400704;34873344;1162764288;0;0;0;0;0;0;0;0;0;0;0;2855;0;0;95;0;160;0;
25976;4302860;1075400704;34873344;1162764288;0;0;0;0;0;0;0;0;0;0;0;3757;0;0;95;0;160;0;
25977;6344528;1075400704;34873344;1162764288;0;0;0;0;0;0;0;0;0;0;0;3036;0;0;95;0;160;0;
25978;3223075;1075400704;34873344;1162764288;0;0;0;0;0;0;0;0;0;0;0;3587;0;0;95;0;160;0;
25979;6927522;1075400704;34873344;1162764288;0;0;0;0;0;0;0;0;0;0;0;2254;0;0;95;0;160;0;
25980;3384487;1075400704;34873344;1162764288;0;0;0;0;0;0;0;0;0;0;0;3596;0;0;95;0;160;0;
25981;5346216;1075400704;34873344;1162764288;0;0;0;0;0;0;0;0;0;0;0;3366;0;0;95;0;160;0;
25982;5304768;1075400704;34873344;1162764288;0;0;0;0;0;0;0;0;0;0;0;3337;0;0;95;0;160;0;
25983;5401901;1075400704;34873344;1162764288;0;0;0;0;0;0;0;0;0;0;0;2645;0;0;95;0;160;0;
25984;4279576;1075400704;34873344;1162764288;0;0;0;0;0;0;0;0;0;0;0;4017;0;0;95;0;160;0;
25985;6257816;1075400704;34873344;1162764288;0;0;0;0;0;0;0;0;0;0;0;2675;0;0;95;0;160;0;
25986;5331158;1075400704;34873344;1162764288;0;0;0;0;0;0;0;0;0;0;0;3667;0;0;95;0;160;0;
25987;5669172;1075400704;34873344;1162764288;0;0;0;0;0;0;0;0;0;0;0;2585;0;0;95;0;160;0;
25988;4769465;1075400704;34873344;1162764288;0;0;0;0;0;0;0;0;0;0;0;3406;0;0;95;0;160;0;
25989;5657981;1075400704;34873344;1162764288;0;0;0;0;0;0;0;0;0;0;0;3246;0;0;95;0;160;0;
25990;4414910;1075400704;34873344;1162764288;0;0;0;0;0;0;0;0;0;0;0;4027;0;0;95;0;160;0;
25991;5807020;1075400704;34873344;1162764288;0;0;0;0;0;0;0;0;0;0;0;1933;0;0;95;0;160;0;
25992;6789833;1075400704;34873344;1162764288;0;0;0;0;0;0;0;0;0;0;0;3898;0;0;95;0;160;0;
25993;6014330;1075400704;34873344;1162764288;0;0;0;0;0;0;0;0;0;0;0;2835;0;0;95;0;160;0;
25994;4402176;1075400704;34873344;1162764288;0;0;0;0;0;0;0;0;0;0;0;2955;0;0;95;0;160;0;
25995;5249124;1075400704;34873344;1162764288;0;0;0;0;0;0;0;0;0;0;0;2634;0;0;95;0;160;0;
25996;4529835;1075400704;34873344;1162764288;0;0;0;0;0;0;0;0;0;0;0;3527;0;0;95;0;160;0;
25997;5802301;1075400704;34873344;1162764288;0;0;0;0;0;0;0;0;0;0;0;2374;0;0;95;0;160;0;
25998;5071912;1075400704;34873344;1162764288;0;0;0;0;0;0;0;0;0;0;0;2986;0;0;95;0;160;0;
25999;6826653;1075400704;34873344;1162764288;0;0;0;0;0;0;0;0;0;0;0;1994;0;0;95;0;160;0;
26000;3846234;1075400704;34873344;1162764288;0;0;0;0;0;0;0;0;0;0;0;3086;0;0;95;0;160;0;
26001;7184684;1075400704;34873344;1162764288;0;0;0;0;0;0;0;0;0;0;0;3427;0;0;95;0;160;0;
26002;3692205;1075400704;34873344;1162764288;0;0;0;0;0;0;0;0;0;0;0;3887;0;0;95;0;160;0;
26003;6013437;1075400704;34873344;1162764288;0;0;0;0;0;0;0;0;0;0;0;2384;0;0;95;0;160;0;
26004;4093577;1075400704;34873344;1162764288;0;0;0;0;0;0;0;0;0;0;0;3827;0;0;95;0;160;0;
26005;6403048;1075400704;34873344;1162764288;0;0;0;0;0;0;0;0;0;0;0;2925;0;0;95;0;160;0;
26006;4475844;1075400704;34873344;1162764288;0;0;0;0;0;0;0;0;0;0;0;2675;0;0;95;0;160;0;
26007;7120604;1075400704;34873344;1162764288;0;0;0;0;0;0;0;0;0;0;0;3096;0;0;95;0;160;0;
26008;4248147;1075400704;34873344;1162764288;0;0;0;0;0;0;0;0;0;0;0;3216;0;0;95;0;160;0;
26009;6119336;1075400704;34873344;1162764288;0;0;0;0;0;0;0;0;0;0;0;3015;0;0;95;0;160;0;
26010;4361790;1075400704;34873344;1162764288;0;0;0;0;0;0;0;0;0;0;0;3567;0;0;95;0;160;0;
26011;5791872;1075400704;34873344;1162764288;0;0;0;0;0;0;0;0;0;0;0;2745;0;0;95;0;160;0;
26012;4664638;1075400704;34873344;1162764288;0;0;0;0;0;0;0;0;0;0;0;3928;0;0;95;0;160;0;
26013;5967151;1075400704;34873344;1162764288;0;0;0;0;0;0;0;0;0;0;0;2315;0;0;95;0;160;0;
26014;5637973;1075400704;34873344;1162764288;0;0;0;0;0;0;0;0;0;0;0;4127;0;0;95;0;160;0;
26015;5466021;1075400704;34873344;1162764288;0;0;0;0;0;0;0;0;0;0;0;2836;0;0;95;0;160;0;
26016;5185334;1075400704;34873344;1162764288;0;0;0;0;0;0;0;0;0;0;0;3637;0;0;95;0;160;0;
26017;6382569;1075400704;34877440;1162768384;0;0;0;0;0;0;0;0;0;0;0;2945;0;0;95;0;160;0;
26018;4321434;1075400704;34881536;1162772480;0;0;0;0;0;0;0;0;0;0;0;2465;0;0;95;0;160;0;
26019;6496093;1075400704;34881536;1162772480;0;0;0;0;0;0;0;0;0;0;0;2645;0;0;95;0;160;0;
26020;4590368;1075400704;34881536;1162772480;0;0;0;0;0;0;0;0;0;0;0;196679;0;0;95;0;160;0;
26021;5467613;1075400704;34881536;1162772480;0;0;0;0;0;0;0;0;0;0;0;2604;0;0;95;0;160;0;
26022;5139779;1075400704;34881536;1162772480;0;0;0;0;0;0;0;0;0;0;0;3506;0;0;95;0;160;0;
26023;5699538;1075400704;34881536;1162772480;0;0;0;0;0;0;0;0;0;0;0;2214;0;0;95;0;160;0;
26024;4991791;1075400704;34873344;1162764288;0;0;0;0;0;0;0;0;0;0;0;3346;0;0;95;0;160;0;
26025;5583831;1075400704;34873344;1162764288;0;0;0;0;0;0;0;0;0;0;0;2445;0;0;95;0;160;0;
26026;4857901;1075400704;34873344;1162764288;0;0;0;0;0;0;0;0;0;0;0;3136;0;0;95;0;160;0;
26027;6753275;1075400704;34873344;1162764288;0;0;0;0;0;0;0;0;0;0;0;2815;0;0;95;0;160;0;
26028;3392252;1075400704;34873344;1162764288;0;0;0;0;0;0;0;0;0;0;0;108644;0;0;95;0;160;0;
26029;5424283;1075400704;34873344;1162764288;0;0;0;0;0;0;0;0;0;0;0;2134;0;0;95;0;160;0;
26030;4524616;1075400704;34873344;1162764288;0;0;0;0;0;0;0;0;0;0;0;3516;0;0;95;0;160;0;
26031;6172245;1075400704;34873344;1162764288;0;0;0;0;0;0;0;0;0;0;0;2916;0;0;95;0;160;0;
26032;4422925;1075400704;34873344;1162764288;0;0;0;0;0;0;0;0;0;0;0;3487;0;0;95;0;160;0;
26033;5940962;1075400704;34873344;1162764288;0;0;0;0;0;0;0;0;0;0;0;3176;0;0;95;0;160;0;
26034;4367871;1075400704;34873344;1162764288;0;0;0;0;0;0;0;0;0;0;0;2946;0;0;95;0;160;0;
26035;6074352;1075400704;34873344;1162764288;0;0;0;0;0;0;0;0;0;0;0;2615;0;0;95;0;160;0;
26036;4145465;1075400704;34873344;1162764288;0;0;0;0;0;0;0;0;0;0;0;3647;0;0;95;0;160;0;
26037;5499093;1075400704;34873344;1162764288;0;0;0;0;0;0;0;0;0;0;0;3076;0;0;95;0;160;0;
26038;4859063;1075400704;34873344;1162764288;0;0;0;0;0;0;0;0;0;0;0;4088;0;0;95;0;160;0;
26039;6339429;1075400704;34873344;1162764288;0;0;0;0;0;0;0;0;0;0;0;2515;0;0;95;0;160;0;
26040;3456462;1075400704;34873344;1162764288;0;0;0;0;0;0;0;0;0;0;0;2966;0;0;95;0;160;0;
26041;4920537;1075400704;34873344;1162764288;0;0;0;0;0;0;0;0;0;0;0;3176;0;0;95;0;160;0;
26042;6409530;1075400704;34873344;1162764288;0;0;0;0;0;0;0;0;0;0;0;3787;0;0;95;0;160;0;
26043;5865600;1075400704;34873344;1162764288;0;0;0;0;0;0;0;0;0;0;0;2645;0;0;95;0;160;0;
26044;5366664;1075400704;34873344;1162764288;0;0;0;0;0;0;0;0;0;0;0;4399;0;0;95;0;160;0;
26045;6127902;1075400704;34873344;1162764288;0;0;0;0;0;0;0;0;0;0;0;3156;0;0;95;0;160;0;
26046;8702991;1075400704;34873344;1162764288;0;0;0;0;0;0;0;0;0;0;0;3025;0;0;95;0;160;0;
26047;6304904;1075400704;34873344;1162764288;0;0;0;0;0;0;0;0;0;0;0;3006;0;0;95;0;160;0;
26048;4966103;1075400704;34873344;1162764288;0;0;0;0;0;0;0;0;0;0;0;3597;0;0;95;0;160;0;
26049;5584253;1075400704;34873344;1162764288;0;0;0;0;0;0;0;0;0;0;0;2595;0;0;95;0;160;0;
26050;5220390;1075400704;34873344;1162764288;0;0;0;0;0;0;0;0;0;0;0;3526;0;0;95;0;160;0;
26051;7293368;1075400704;34873344;1162764288;0;0;0;0;0;0;0;0;0;0;0;3547;0;0;95;0;160;0;
26052;4517892;1075400704;34873344;1162764288;0;0;0;0;0;0;0;0;0;0;0;3947;0;0;95;0;160;0;
26053;6242047;1075400704;34873344;1162764288;0;0;0;0;0;0;0;0;0;0;0;15790;0;0;95;0;160;0;
26054;5880048;1075400704;34873344;1162764288;0;0;0;0;0;0;0;0;0;0;0;3707;0;0;95;0;160;0;
26055;5656649;1075400704;34873344;1162764288;0;0;0;0;0;0;0;0;0;0;0;2775;0;0;95;0;160;0;
26056;4924476;1075400704;34873344;1162764288;0;0;0;0;0;0;0;0;0;0;0;4108;0;0;95;0;160;0;
26057;6630865;1075400704;34873344;1162764288;0;0;0;0;0;0;0;0;0;0;0;103514;0;0;95;0;160;0;
26058;4691128;1075400704;34873344;1162764288;0;0;0;0;0;0;0;0;0;0;0;109716;0;0;95;0;160;0;
26059;6525368;1075400704;34873344;1162764288;0;0;0;0;0;0;0;0;0;0;0;2655;0;0;95;0;160;0;
26060;4990840;1075400704;34873344;1162764288;0;0;0;0;0;0;0;0;0;0;0;4418;0;0;95;0;160;0;
26061;7348411;1075400704;34873344;1162764288;0;0;0;0;0;0;0;0;0;0;0;4689;0;0;95;0;160;0;
26062;5396440;1075400704;34873344;1162764288;0;0;0;0;0;0;0;0;0;0;0;3146;0;0;95;0;160;0;
26063;8119458;1075400704;34873344;1162764288;0;0;0;0;0;0;0;0;0;0;0;4829;0;0;95;0;160;0;
26064;5886249;1075400704;34873344;1162764288;0;0;0;0;0;0;0;0;0;0;0;3136;0;0;95;0;160;0;
26065;5703867;1075400704;34873344;1162764288;0;0;0;0;0;0;0;0;0;0;0;3577;0;0;95;0;160;0;
26066;5131003;1075400704;34873344;1162764288;0;0;0;0;0;0;0;0;0;0;0;3216;0;0;95;0;160;0;
26067;6218272;1075400704;34873344;1162764288;0;0;0;0;0;0;0;0;0;0;0;3026;0;0;95;0;160;0;
26068;5191326;1075400704;34873344;1162764288;0;0;0;0;0;0;0;0;0;0;0;3376;0;0;95;0;160;0;
26069;6423376;1075400704;34873344;1162764288;0;0;0;0;0;0;0;0;0;0;0;2715;0;0;95;0;160;0;
26070;4694033;1075400704;34873344;1162764288;0;0;0;0;0;0;0;0;0;0;0;2735;0;0;95;0;160;0;
26071;5786893;1075400704;34873344;1162764288;0;0;0;0;0;0;0;0;0;0;0;3046;0;0;95;0;160;0;
26072;5238875;1075400704;34873344;1162764288;0;0;0;0;0;0;0;0;0;0;0;4058;0;0;95;0;160;0;
26073;5762006;1075400704;34873344;1162764288;0;0;0;0;0;0;0;0;0;0;0;2795;0;0;95;0;160;0;
26074;5940481;1075400704;34873344;1162764288;0;0;0;0;0;0;0;0;0;0;0;3497;0;0;95;0;160;0;
26075;6845258;1075400704;34873344;1162764288;0;0;0;0;0;0;0;0;0;0;0;4579;0;0;95;0;160;0;
26076;4952057;1075400704;34873344;1162764288;0;0;0;0;0;0;0;0;0;0;0;3948;0;0;95;0;160;0;
26077;7310179;1075400704;34873344;1162764288;0;0;0;0;0;0;0;0;0;0;0;3016;0;0;95;0;160;0;
26078;3484214;1075400704;34873344;1162764288;0;0;0;0;0;0;0;0;0;0;0;3627;0;0;95;0;160;0;
26079;6195018;1075400704;34873344;1162764288;0;0;0;0;0;0;0;0;0;0;0;3346;0;0;95;0;160;0;
26080;5700300;1075400704;34873344;1162764288;0;0;0;0;0;0;0;0;0;0;0;3917;0;0;95;0;160;0;
26081;5881711;1075400704;34873344;1162764288;0;0;0;0;0;0;0;0;0;0;0;2475;0;0;95;0;160;0;
26082;5698217;1075400704;34873344;1162764288;0;0;0;0;0;0;0;0;0;0;0;3536;0;0;95;0;160;0;
26083;5948135;1075400704;34873344;1162764288;0;0;0;0;0;0;0;0;0;0;0;3116;0;0;95;0;160;0;
26084;4842501;1075400704;34873344;1162764288;0;0;0;0;0;0;0;0;0;0;0;4078;0;0;95;0;160;0;
26085;6550705;1075400704;34873344;1162764288;0;0;0;0;0;0;0;0;0;0;0;2675;0;0;95;0;160;0;
26086;4279796;1075400704;34873344;1162764288;0;0;0;0;0;0;0;0;0;0;0;2915;0;0;95;0;160;0;
26087;7035945;1075400704;34873344;1162764288;0;0;0;0;0;0;0;0;0;0;0;4268;0;0;95;0;160;0;
26088;5733613;1075400704;34873344;1162764288;0;0;0;0;0;0;0;0;0;0;0;3957;0;0;95;0;160;0;
26089;6243569;1075400704;34873344;1162764288;0;0;0;0;0;0;0;0;0;0;0;3005;0;0;95;0;160;0;
26090;5934680;1075400704;34873344;1162764288;0;0;0;0;0;0;0;0;0;0;0;3657;0;0;95;0;160;0;
26091;6524947;1075400704;34873344;1162764288;0;0;0;0;0;0;0;0;0;0;0;5350;0;0;95;0;160;0;
26092;5393104;1075400704;34873344;1162764288;0;0;0;0;0;0;0;0;0;0;0;4188;0;0;95;0;160;0;
26093;5965067;1075400704;34873344;1162764288;0;0;0;0;0;0;0;0;0;0;0;4118;0;0;95;0;160;0;
26094;3676735;1075400704;34873344;1162764288;0;0;0;0;0;0;0;0;0;0;0;5150;0;0;95;0;160;0;
26095;6540235;1075400704;34873344;1162764288;0;0;0;0;0;0;0;0;0;0;0;3577;0;0;95;0;160;0;
26096;5234777;1075400704;34873344;1162764288;0;0;0;0;0;0;0;0;0;0;0;3065;0;0;95;0;160;0;
26097;6937220;1075400704;34873344;1162764288;0;0;0;0;0;0;0;0;0;0;0;5110;0;0;95;0;160;0;
26098;4323408;1075400704;34873344;1162764288;0;0;0;0;0;0;0;0;0;0;0;3667;0;0;95;0;160;0;
26099;5949688;1075400704;34873344;1162764288;0;0;0;0;0;0;0;0;0;0;0;3707;0;0;95;0;160;0;
26100;5382294;1075400704;34873344;1162764288;0;0;0;0;0;0;0;0;0;0;0;3036;0;0;95;0;160;0;
26101;5788535;1075400704;34873344;1162764288;0;0;0;0;0;0;0;0;0;0;0;2705;0;0;95;0;160;0;
26102;5253453;1075400704;34873344;1162764288;0;0;0;0;0;0;0;0;0;0;0;3106;0;0;95;0;160;0;
26103;6032413;1075400704;34873344;1162764288;0;0;0;0;0;0;0;0;0;0;0;3116;0;0;95;0;160;0;
26104;5267348;1075400704;34873344;1162764288;0;0;0;0;0;0;0;0;0;0;0;3076;0;0;95;0;160;0;
26105;6128493;1075400704;34873344;1162764288;0;0;0;0;0;0;0;0;0;0;0;2705;0;0;95;0;160;0;
26106;5836485;1075400704;34873344;1162764288;0;0;0;0;0;0;0;0;0;0;0;3006;0;0;95;0;160;0;
26107;5315939;1075400704;34873344;1162764288;0;0;0;0;0;0;0;0;0;0;0;3196;0;0;95;0;160;0;
26108;4732545;1075400704;34873344;1162764288;0;0;0;0;0;0;0;0;0;0;0;3998;0;0;95;0;160;0;
26109;6828456;1075400704;34873344;1162764288;0;0;0;0;0;0;0;0;0;0;0;3887;0;0;95;0;160;0;
26110;5327761;1075400704;34873344;1162764288;0;0;0;0;0;0;0;0;0;0;0;3536;0;0;95;0;160;0;
26111;7411840;1075400704;34873344;1162764288;0;0;0;0;0;0;0;0;0;0;0;3907;0;0;95;0;160;0;
26112;5850672;1075400704;34873344;1162764288;0;0;0;0;0;0;0;0;0;0;0;4028;0;0;95;0;160;0;
26113;7056623;1075400704;34873344;1162764288;0;0;0;0;0;0;0;0;0;0;0;2695;0;0;95;0;160;0;
26114;6134645;1075400704;34873344;1162764288;0;0;0;0;0;0;0;0;0;0;0;4339;0;0;95;0;160;0;
26115;6973308;1075400704;34873344;1162764288;0;0;0;0;0;0;0;0;0;0;0;3016;0;0;95;0;160;0;
26116;5160708;1075400704;34873344;1162764288;0;0;0;0;0;0;0;0;0;0;0;3908;0;0;95;0;160;0;
26117;5468185;1075400704;34873344;1162764288;0;0;0;0;0;0;0;0;0;0;0;3136;0;0;95;0;160;0;
26118;6493958;1075400704;34873344;1162764288;0;0;0;0;0;0;0;0;0;0;0;3386;0;0;95;0;160;0;
26119;5717522;1075400704;34873344;1162764288;0;0;0;0;0;0;0;0;0;0;0;3055;0;0;95;0;160;0;
26120;5677298;1075400704;34873344;1162764288;0;0;0;0;0;0;0;0;0;0;0;3376;0;0;95;0;160;0;
26121;6721806;1075400704;34873344;1162764288;0;0;0;0;0;0;0;0;0;0;0;4929;0;0;95;0;160;0;
26122;5881279;1075400704;34873344;1162764288;0;0;0;0;0;0;0;0;0;0;0;3927;0;0;95;0;160;0;
26123;6635935;1075400704;34873344;1162764288;0;0;0;0;0;0;0;0;0;0;0;3236;0;0;95;0;160;0;
26124;5655576;1075400704;34873344;1162764288;0;0;0;0;0;0;0;0;0;0;0;4178;0;0;95;0;160;0;
26125;7532716;1075400704;34873344;1162764288;0;0;0;0;0;0;0;0;0;0;0;3427;0;0;95;0;160;0;
26126;6077578;1075400704;34873344;1162764288;0;0;0;0;0;0;0;0;0;0;0;3526;0;0;95;0;160;0;
26127;7205223;1075400704;34873344;1162764288;0;0;0;0;0;0;0;0;0;0;0;4168;0;0;95;0;160;0;
26128;4605256;1075400704;34873344;1162764288;0;0;0;0;0;0;0;0;0;0;0;4378;0;0;95;0;160;0;
26129;6325092;1075400704;34873344;1162764288;0;0;0;0;0;0;0;0;0;0;0;3036;0;0;95;0;160;0;
26130;5411259;1075400704;34873344;1162764288;0;0;0;0;0;0;0;0;0;0;0;3847;0;0;95;0;160;0;
26131;6185370;1075400704;34873344;1162764288;0;0;0;0;0;0;0;0;0;0;0;3076;0;0;95;0;160;0;
26132;5019333;1075400704;34873344;1162764288;0;0;0;0;0;0;0;0;0;0;0;3256;0;0;95;0;160;0;
26133;5836456;1075400704;34873344;1162764288;0;0;0;0;0;0;0;0;0;0;0;3005;0;0;95;0;160;0;
26134;6227949;1075400704;34873344;1162764288;0;0;0;0;0;0;0;0;0;0;0;3367;0;0;95;0;160;0;
26135;5837528;1075400704;34873344;1162764288;0;0;0;0;0;0;0;0;0;0;0;3206;0;0;95;0;160;0;
26136;7288198;1075400704;34873344;1162764288;0;0;0;0;0;0;0;0;0;0;0;3988;0;0;95;0;160;0;
26137;5915714;1075400704;34873344;1162764288;0;0;0;0;0;0;0;0;0;0;0;2965;0;0;95;0;160;0;
26138;4397797;1075400704;34873344;1162764288;0;0;0;0;0;0;0;0;0;0;0;2966;0;0;95;0;160;0;
26139;6290828;1075400704;34873344;1162764288;0;0;0;0;0;0;0;0;0;0;0;2915;0;0;95;0;160;0;
26140;5440843;1075400704;34873344;1162764288;0;0;0;0;0;0;0;0;0;0;0;4579;0;0;95;0;160;0;
26141;7068787;1075400704;34873344;1162764288;0;0;0;0;0;0;0;0;0;0;0;3737;0;0;95;0;160;0;
26142;6823136;1075400704;34873344;1162764288;0;0;0;0;0;0;0;0;0;0;0;3837;0;0;95;0;160;0;
26143;6117663;1075400704;34873344;1162764288;0;0;0;0;0;0;0;0;0;0;0;3356;0;0;95;0;160;0;
26144;6381738;1075400704;34873344;1162764288;0;0;0;0;0;0;0;0;0;0;0;4399;0;0;95;0;160;0;
26145;11105777;1075400704;34873344;1162764288;0;0;0;0;0;0;0;0;0;0;0;2946;0;0;95;0;160;0;
26146;11557615;1075400704;34873344;1162764288;0;0;0;0;0;0;0;0;0;0;0;3607;0;0;95;0;160;0;
26147;7416529;1075400704;34873344;1162764288;0;0;0;0;0;0;0;0;0;0;0;4448;0;0;95;0;160;0;
26148;8828196;1075400704;34873344;1162764288;0;0;0;0;0;0;0;0;0;0;0;3226;0;0;95;0;160;0;
26149;7692176;1075400704;34873344;1162764288;0;0;0;0;0;0;0;0;0;0;0;4488;0;0;95;0;160;0;
26150;6238029;1075400704;34873344;1162764288;0;0;0;0;0;0;0;0;0;0;0;36428;0;0;95;0;160;0;
26151;8206721;1075400704;34873344;1162764288;0;0;0;0;0;0;0;0;0;0;0;4589;0;0;95;0;160;0;
26152;6419740;1075400704;34873344;1162764288;0;0;0;0;0;0;0;0;0;0;0;6622;0;0;95;0;160;0;
26153;9352149;1075400704;34873344;1162764288;0;0;0;0;0;0;0;0;0;0;0;3847;0;0;95;0;160;0;
26154;6311436;1075400704;34873344;1162764288;0;0;0;0;0;0;0;0;0;0;0;4749;0;0;95;0;160;0;
26155;8578238;1075400704;34873344;1162764288;0;0;0;0;0;0;0;0;0;0;0;4428;0;0;95;0;160;0;
26156;7377275;1075400704;34873344;1162764288;0;0;0;0;0;0;0;0;0;0;0;3737;0;0;95;0;160;0;
26157;10122954;1075400704;34873344;1162764288;0;0;0;0;0;0;0;0;0;0;0;4177;0;0;95;0;160;0;
26158;7451314;1075400704;34873344;1162764288;0;0;0;0;0;0;0;0;0;0;0;4168;0;0;95;0;160;0;
26159;10337888;1075400704;34873344;1162764288;0;0;0;0;0;0;0;0;0;0;0;4940;0;0;95;0;160;0;
26160;7763580;1075400704;34873344;1162764288;0;0;0;0;0;0;0;0;0;0;0;4799;0;0;95;0;160;0;
26161;9916969;1075400704;34873344;1162764288;0;0;0;0;0;0;0;0;0;0;0;3778;0;0;95;0;160;0;
26162;7201475;1075400704;34873344;1162764288;0;0;0;0;0;0;0;0;0;0;0;3556;0;0;95;0;160;0;
26163;10188658;1075400704;34873344;1162764288;0;0;0;0;0;0;0;0;0;0;0;2846;0;0;95;0;160;0;
26164;6744779;1075400704;34873344;1162764288;0;0;0;0;0;0;0;0;0;0;0;4308;0;0;95;0;160;0;
26165;7953326;1075400704;34873344;1162764288;0;0;0;0;0;0;0;0;0;0;0;4118;0;0;95;0;160;0;
26166;6658828;1075400704;34873344;1162764288;0;0;0;0;0;0;0;0;0;0;0;3847;0;0;95;0;160;0;
26167;9398946;1075400704;34873344;1162764288;0;0;0;0;0;0;0;0;0;0;0;3707;0;0;95;0;160;0;
26168;5681986;1075400704;34873344;1162764288;0;0;0;0;0;0;0;0;0;0;0;3928;0;0;95;0;160;0;
26169;9119923;1075400704;34873344;1162764288;0;0;0;0;0;0;0;0;0;0;0;4178;0;0;95;0;160;0;
26170;4719561;1075400704;34873344;1162764288;0;0;0;0;0;0;0;0;0;0;0;4198;0;0;95;0;160;0;
26171;6522853;1075400704;34873344;1162764288;0;0;0;0;0;0;0;0;0;0;0;3476;0;0;95;0;160;0;
26172;5162261;1075400704;34873344;1162764288;0;0;0;0;0;0;0;0;0;0;0;3577;0;0;95;0;160;0;
26173;7403365;1075400704;34873344;1162764288;0;0;0;0;0;0;0;0;0;0;0;3306;0;0;95;0;160;0;
26174;6596361;1075400704;34873344;1162764288;0;0;0;0;0;0;0;0;0;0;0;4799;0;0;95;0;160;0;
26175;7155820;1075400704;34873344;1162764288;0;0;0;0;0;0;0;0;0;0;0;3346;0;0;95;0;160;0;
26176;6677573;1075400704;34873344;1162764288;0;0;0;0;0;0;0;0;0;0;0;3376;0;0;95;0;160;0;
26177;7279132;1075400704;34873344;1162764288;0;0;0;0;0;0;0;0;0;0;0;3536;0;0;95;0;160;0;
26178;7770052;1075400704;34873344;1162764288;0;0;0;0;0;0;0;0;0;0;0;4378;0;0;95;0;160;0;
26179;8024199;1075400704;34877440;1162768384;0;0;0;0;0;0;0;0;0;0;0;5110;0;0;95;0;160;0;
26180;8203174;1075400704;34881536;1162772480;0;0;0;0;0;0;0;0;0;0;0;43051;0;0;95;0;160;0;
26181;7723264;1075400704;34881536;1162772480;0;0;0;0;0;0;0;0;0;0;0;4088;0;0;95;0;160;0;
26182;9129030;1075400704;34881536;1162772480;0;0;0;0;0;0;0;0;0;0;0;4538;0;0;95;0;160;0;
26183;8101383;1075400704;34881536;1162772480;0;0;0;0;0;0;0;0;0;0;0;3116;0;0;95;0;160;0;
26184;5994512;1075400704;34881536;1162772480;0;0;0;0;0;0;0;0;0;0;0;4048;0;0;95;0;160;0;
26185;9506388;1075400704;34881536;1162772480;0;0;0;0;0;0;0;0;0;0;0;3887;0;0;95;0;160;0;
26186;7460471;1075400704;34873344;1162764288;0;0;0;0;0;0;0;0;0;0;0;3316;0;0;95;0;160;0;
26187;8258648;1075400704;34873344;1162764288;0;0;0;0;0;0;0;0;0;0;0;2856;0;0;95;0;160;0;
26188;4696147;1075400704;34873344;1162764288;0;0;0;0;0;0;0;0;0;0;0;3958;0;0;95;0;160;0;
26189;7462224;1075400704;34873344;1162764288;0;0;0;0;0;0;0;0;0;0;0;4048;0;0;95;0;160;0;
26190;6403059;1075400704;34873344;1162764288;0;0;0;0;0;0;0;0;0;0;0;3045;0;0;95;0;160;0;
26191;7169305;1075400704;34873344;1162764288;0;0;0;0;0;0;0;0;0;0;0;4378;0;0;95;0;160;0;
26192;5739013;1075400704;34873344;1162764288;0;0;0;0;0;0;0;0;0;0;0;4127;0;0;95;0;160;0;
26193;7546633;1075400704;34873344;1162764288;0;0;0;0;0;0;0;0;0;0;0;3447;0;0;95;0;160;0;
26194;6268166;1075400704;34873344;1162764288;0;0;0;0;0;0;0;0;0;0;0;3737;0;0;95;0;160;0;
26195;5990404;1075400704;34873344;1162764288;0;0;0;0;0;0;0;0;0;0;0;4468;0;0;95;0;160;0;
26196;6561425;1075400704;34873344;1162764288;0;0;0;0;0;0;0;0;0;0;0;3858;0;0;95;0;160;0;
26197;7597758;1075400704;34873344;1162764288;0;0;0;0;0;0;0;0;0;0;0;3396;0;0;95;0;160;0;
26198;7089385;1075400704;34873344;1162764288;0;0;0;0;0;0;0;0;0;0;0;3306;0;0;95;0;160;0;
26199;8190119;1075400704;34873344;1162764288;0;0;0;0;0;0;0;0;0;0;0;4368;0;0;95;0;160;0;
26200;5232213;1075400704;34873344;1162764288;0;0;0;0;0;0;0;0;0;0;0;2595;0;0;95;0;160;0;
26201;7160319;1075400704;34873344;1162764288;0;0;0;0;0;0;0;0;0;0;0;4038;0;0;95;0;160;0;
26202;4704814;1075400704;34873344;1162764288;0;0;0;0;0;0;0;0;0;0;0;3426;0;0;95;0;160;0;
26203;6163499;1075400704;34873344;1162764288;0;0;0;0;0;0;0;0;0;0;0;3126;0;0;95;0;160;0;
26204;5442347;1075400704;34873344;1162764288;0;0;0;0;0;0;0;0;0;0;0;3938;0;0;95;0;160;0;
26205;6071897;1075400704;34873344;1162764288;0;0;0;0;0;0;0;0;0;0;0;4508;0;0;95;0;160;0;
26206;7084807;1075400704;34873344;1162764288;0;0;0;0;0;0;0;0;0;0;0;3055;0;0;95;0;160;0;
26207;6399451;1075400704;34873344;1162764288;0;0;0;0;0;0;0;0;0;0;0;4067;0;0;95;0;160;0;
26208;5320318;1075400704;34873344;1162764288;0;0;0;0;0;0;0;0;0;0;0;3066;0;0;95;0;160;0;
26209;6433235;1075400704;34873344;1162764288;0;0;0;0;0;0;0;0;0;0;0;2956;0;0;95;0;160;0;
26210;5534660;1075400704;34873344;1162764288;0;0;0;0;0;0;0;0;0;0;0;4328;0;0;95;0;160;0;
26211;7574825;1075400704;34873344;1162764288;0;0;0;0;0;0;0;0;0;0;0;4569;0;0;95;0;160;0;
26212;5002312;1075400704;34873344;1162764288;0;0;0;0;0;0;0;0;0;0;0;4529;0;0;95;0;160;0;
26213;6443243;1075400704;34873344;1162764288;0;0;0;0;0;0;0;0;0;0;0;2985;0;0;95;0;160;0;
26214;5063546;1075400704;34873344;1162764288;0;0;0;0;0;0;0;0;0;0;0;3687;0;0;95;0;160;0;
26215;6469643;1075400704;34873344;1162764288;0;0;0;0;0;0;0;0;0;0;0;3016;0;0;95;0;160;0;
26216;4088437;1075400704;34873344;1162764288;0;0;0;0;0;0;0;0;0;0;0;2965;0;0;95;0;160;0;
26217;6426672;1075400704;34873344;1162764288;0;0;0;0;0;0;0;0;0;0;0;3897;0;0;95;0;160;0;
26218;6716325;1075400704;34873344;1162764288;0;0;0;0;0;0;0;0;0;0;0;3807;0;0;95;0;160;0;
26219;7417410;1075400704;34873344;1162764288;0;0;0;0;0;0;0;0;0;0;0;4218;0;0;95;0;160;0;
26220;6113665;1075400704;34873344;1162764288;0;0;0;0;0;0;0;0;0;0;0;4058;0;0;95;0;160;0;
26221;7801060;1075400704;34873344;1162764288;0;0;0;0;0;0;0;0;0;0;0;3947;0;0;95;0;160;0;
26222;4192643;1075400704;34873344;1162764288;0;0;0;0;0;0;0;0;0;0;0;3307;0;0;95;0;160;0;
26223;5570367;1075400704;34873344;1162764288;0;0;0;0;0;0;0;0;0;0;0;2775;0;0;95;0;160;0;
26224;5739394;1075400704;34873344;1162764288;0;0;0;0;0;0;0;0;0;0;0;3416;0;0;95;0;160;0;
26225;5192818;1075400704;34873344;1162764288;0;0;0;0;0;0;0;0;0;0;0;2846;0;0;95;0;160;0;
26226;6532441;1075400704;34873344;1162764288;0;0;0;0;0;0;0;0;0;0;0;3176;0;0;95;0;160;0;
26227;5264433;1075400704;34873344;1162764288;0;0;0;0;0;0;0;0;0;0;0;2495;0;0;95;0;160;0;
26228;5830605;1075400704;34873344;1162764288;0;0;0;0;0;0;0;0;0;0;0;4058;0;0;95;0;160;0;
26229;6085573;1075400704;34873344;1162764288;0;0;0;0;0;0;0;0;0;0;0;3937;0;0;95;0;160;0;
26230;5468305;1075400704;34873344;1162764288;0;0;0;0;0;0;0;0;0;0;0;4068;0;0;95;0;160;0;
26231;7287627;1075400704;34873344;1162764288;0;0;0;0;0;0;0;0;0;0;0;4849;0;0;95;0;160;0;
26232;5851664;1075400704;34873344;1162764288;0;0;0;0;0;0;0;0;0;0;0;3486;0;0;95;0;160;0;
26233;7676356;1075400704;34873344;1162764288;0;0;0;0;0;0;0;0;0;0;0;4829;0;0;95;0;160;0;
26234;5189652;1075400704;34873344;1162764288;0;0;0;0;0;0;0;0;0;0;0;4709;0;0;95;0;160;0;
26235;6805714;1075400704;34873344;1162764288;0;0;0;0;0;0;0;0;0;0;0;3937;0;0;95;0;160;0;
26236;6806043;1075400704;34873344;1162764288;0;0;0;0;0;0;0;0;0;0;0;4548;0;0;95;0;160;0;
26237;8086135;1075400704;34873344;1162764288;0;0;0;0;0;0;0;0;0;0;0;3808;0;0;95;0;160;0;
26238;5956390;1075400704;34873344;1162764288;0;0;0;0;0;0;0;0;0;0;0;3436;0;0;95;0;160;0;
26239;9401201;1075400704;34873344;1162764288;0;0;0;0;0;0;0;0;0;0;0;3286;0;0;95;0;160;0;
26240;7352248;1075400704;34873344;1162764288;0;0;0;0;0;0;0;0;0;0;0;3155;0;0;95;0;160;0;
26241;7119793;1075400704;34873344;1162764288;0;0;0;0;0;0;0;0;0;0;0;2795;0;0;95;0;160;0;
26242;7252681;1075400704;34873344;1162764288;0;0;0;0;0;0;0;0;0;0;0;3287;0;0;95;0;160;0;
26243;9932428;1075400704;34873344;1162764288;0;0;0;0;0;0;0;0;0;0;0;4459;0;0;95;0;160;0;
26244;7465711;1075400704;34873344;1162764288;0;0;0;0;0;0;0;0;0;0;0;4258;0;0;95;0;160;0;
26245;8196442;1075400704;34873344;1162764288;0;0;0;0;0;0;0;0;0;0;0;4148;0;0;95;0;160;0;
26246;7631783;1075400704;34873344;1162764288;0;0;0;0;0;0;0;0;0;0;0;3035;0;0;95;0;160;0;
26247;9288229;1075400704;34873344;1162764288;0;0;0;0;0;0;0;0;0;0;0;4288;0;0;95;0;160;0;
26248;6696258;1075400704;34873344;1162764288;0;0;0;0;0;0;0;0;0;0;0;4078;0;0;95;0;160;0;
26249;7711852;1075400704;34873344;1162764288;0;0;0;0;0;0;0;0;0;0;0;3647;0;0;95;0;160;0;
26250;7783127;1075400704;34873344;1162764288;0;0;0;0;0;0;0;0;0;0;0;3426;0;0;95;0;160;0;
26251;8130357;1075400704;34873344;1162764288;0;0;0;0;0;0;0;0;0;0;0;3216;0;0;95;0;160;0;
26252;6614955;1075400704;34873344;1162764288;0;0;0;0;0;0;0;0;0;0;0;3547;0;0;95;0;160;0;
26253;8304885;1075400704;34877440;1162768384;0;0;0;0;0;0;0;0;0;0;0;2975;0;0;95;0;160;0;
26254;5474146;1075400704;34881536;1162772480;0;0;0;0;0;0;0;0;0;0;0;3326;0;0;95;0;160;0;
26255;8216930;1075400704;34881536;1162772480;0;0;0;0;0;0;0;0;0;0;0;3817;0;0;95;0;160;0;
26256;6738497;1075400704;34881536;1162772480;0;0;0;0;0;0;0;0;0;0;0;5510;0;0;95;0;160;0;
26257;8270791;1075400704;34881536;1162772480;0;0;0;0;0;0;0;0;0;0;0;3587;0;0;95;0;160;0;
26258;6591171;1075400704;34881536;1162772480;0;0;0;0;0;0;0;0;0;0;0;3296;0;0;95;0;160;0;
26259;8248098;1075400704;34881536;1162772480;0;0;0;0;0;0;0;0;0;0;0;3647;0;0;95;0;160;0;
26260;8567097;1075400704;34873344;1162764288;0;0;0;0;0;0;0;0;0;0;0;4157;0;0;95;0;160;0;
26261;9353201;1075400704;34873344;1162764288;0;0;0;0;0;0;0;0;0;0;0;3106;0;0;95;0;160;0;
26262;7388146;1075400704;34873344;1162764288;0;0;0;0;0;0;0;0;0;0;0;4599;0;0;95;0;160;0;
26263;6812596;1075400704;34873344;1162764288;0;0;0;0;0;0;0;0;0;0;0;3957;0;0;95;0;160;0;
26264;6771219;1075400704;34873344;1162764288;0;0;0;0;0;0;0;0;0;0;0;3787;0;0;95;0;160;0;
26265;7260796;1075400704;34873344;1162764288;0;0;0;0;0;0;0;0;0;0;0;4087;0;0;95;0;160;0;
26266;6022955;1075400704;34873344;1162764288;0;0;0;0;0;0;0;0;0;0;0;2996;0;0;95;0;160;0;
26267;8975673;1075400704;34873344;1162764288;0;0;0;0;0;0;0;0;0;0;0;3316;0;0;95;0;160;0;
26268;6300957;1075400704;34873344;1162764288;0;0;0;0;0;0;0;0;0;0;0;3988;0;0;95;0;160;0;
26269;7113651;1075400704;34873344;1162764288;0;0;0;0;0;0;0;0;0;0;0;4078;0;0;95;0;160;0;
26270;5974855;1075400704;34873344;1162764288;0;0;0;0;0;0;0;0;0;0;0;3366;0;0;95;0;160;0;
26271;7010517;1075400704;34873344;1162764288;0;0;0;0;0;0;0;0;0;0;0;4098;0;0;95;0;160;0;
26272;7991477;1075400704;34873344;1162764288;0;0;0;0;0;0;0;0;0;0;0;3286;0;0;95;0;160;0;
26273;8243700;1075400704;34873344;1162764288;0;0;0;0;0;0;0;0;0;0;0;3426;0;0;95;0;160;0;
26274;5075238;1075400704;34873344;1162764288;0;0;0;0;0;0;0;0;0;0;0;3647;0;0;95;0;160;0;
26275;5991897;1075400704;34873344;1162764288;0;0;0;0;0;0;0;0;0;0;0;3436;0;0;95;0;160;0;
26276;4949783;1075400704;34873344;1162764288;0;0;0;0;0;0;0;0;0;0;0;3286;0;0;95;0;160;0;
26277;5983471;1075400704;34873344;1162764288;0;0;0;0;0;0;0;0;0;0;0;3427;0;0;95;0;160;0;
26278;7125714;1075400704;34873344;1162764288;0;0;0;0;0;0;0;0;0;0;0;3126;0;0;95;0;160;0;
26279;6420020;1075400704;34873344;1162764288;0;0;0;0;0;0;0;0;0;0;0;2926;0;0;95;0;160;0;
26280;5706492;1075400704;34873344;1162764288;0;0;0;0;0;0;0;0;0;0;0;3888;0;0;95;0;160;0;
26281;7213488;1075400704;34873344;1162764288;0;0;0;0;0;0;0;0;0;0;0;2695;0;0;95;0;160;0;
26282;6097004;1075400704;34873344;1162764288;0;0;0;0;0;0;0;0;0;0;0;2444;0;0;95;0;160;0;
26283;7569045;1075400704;34873344;1162764288;0;0;0;0;0;0;0;0;0;0;0;3857;0;0;95;0;160;0;
26284;8118255;1075400704;34873344;1162764288;0;0;0;0;0;0;0;0;0;0;0;4799;0;0;95;0;160;0;
26285;13081583;1075400704;34873344;1162764288;0;0;0;0;0;0;0;0;0;0;0;3417;0;0;95;0;160;0;
26286;4612680;1075400704;34873344;1162764288;0;0;0;0;0;0;0;0;0;0;0;4278;0;0;95;0;160;0;
26287;7001891;1075400704;34873344;1162764288;0;0;0;0;0;0;0;0;0;0;0;3397;0;0;95;0;160;0;
26288;3499623;1075400704;34873344;1162764288;0;0;0;0;0;0;0;0;0;0;0;3848;0;0;95;0;160;0;
26289;6563369;1075400704;34873344;1162764288;0;0;0;0;0;0;0;0;0;0;0;3707;0;0;95;0;160;0;
26290;5432438;1075400704;34873344;1162764288;0;0;0;0;0;0;0;0;0;0;0;3727;0;0;95;0;160;0;
26291;6428235;1075400704;34873344;1162764288;0;0;0;0;0;0;0;0;0;0;0;2705;0;0;95;0;160;0;
26292;4626596;1075400704;34873344;1162764288;0;0;0;0;0;0;0;0;0;0;0;3206;0;0;95;0;160;0;
26293;6155154;1075400704;34873344;1162764288;0;0;0;0;0;0;0;0;0;0;0;2745;0;0;95;0;160;0;
26294;4993215;1075400704;34873344;1162764288;0;0;0;0;0;0;0;0;0;0;0;119083;0;0;95;0;160;0;
26295;5018332;1075400704;34873344;1162764288;0;0;0;0;0;0;0;0;0;0;0;3096;0;0;95;0;160;0;
26296;5010426;1075400704;34873344;1162764288;0;0;0;0;0;0;0;0;0;0;0;3397;0;0;95;0;160;0;
26297;5597408;1075400704;34873344;1162764288;0;0;0;0;0;0;0;0;0;0;0;3036;0;0;95;0;160;0;
26298;5073995;1075400704;34873344;1162764288;0;0;0;0;0;0;0;0;0;0;0;3818;0;0;95;0;160;0;
26299;5079086;1075400704;34873344;1162764288;0;0;0;0;0;0;0;0;0;0;0;2936;0;0;95;0;160;0;
26300;5823411;1075400704;34873344;1162764288;0;0;0;0;0;0;0;0;0;0;0;2615;0;0;95;0;160;0;
26301;5709097;1075400704;34873344;1162764288;0;0;0;0;0;0;0;0;0;0;0;3015;0;0;95;0;160;0;
26302;5636571;1075400704;34873344;1162764288;0;0;0;0;0;0;0;0;0;0;0;2925;0;0;95;0;160;0;
26303;5111106;1075400704;34873344;1162764288;0;0;0;0;0;0;0;0;0;0;0;2825;0;0;95;0;160;0;
26304;5928077;1075400704;34873344;1162764288;0;0;0;0;0;0;0;0;0;0;0;3176;0;0;95;0;160;0;
26305;5602577;1075400704;34873344;1162764288;0;0;0;0;0;0;0;0;0;0;0;2855;0;0;95;0;160;0;
26306;6752253;1075400704;34873344;1162764288;0;0;0;0;0;0;0;0;0;0;0;3847;0;0;95;0;160;0;
26307;5097971;1075400704;34873344;1162764288;0;0;0;0;0;0;0;0;0;0;0;2835;0;0;95;0;160;0;
26308;5118990;1075400704;34873344;1162764288;0;0;0;0;0;0;0;0;0;0;0;3316;0;0;95;0;160;0;
26309;6174279;1075400704;34873344;1162764288;0;0;0;0;0;0;0;0;0;0;0;2344;0;0;95;0;160;0;
26310;5166079;1075400704;34873344;1162764288;0;0;0;0;0;0;0;0;0;0;0;66976;0;0;95;0;160;0;
26311;6191321;1075400704;34873344;1162764288;0;0;0;0;0;0;0;0;0;0;0;3306;0;0;95;0;160;0;
26312;5627173;1075400704;34873344;1162764288;0;0;0;0;0;0;0;0;0;0;0;2765;0;0;95;0;160;0;
26313;7644636;1075400704;34873344;1162764288;0;0;0;0;0;0;0;0;0;0;0;3416;0;0;95;0;160;0;
26314;3796440;1075400704;34873344;1162764288;0;0;0;0;0;0;0;0;0;0;0;3466;0;0;95;0;160;0;
26315;7154548;1075400704;34873344;1162764288;0;0;0;0;0;0;0;0;0;0;0;3125;0;0;95;0;160;0;
26316;4661442;1075400704;34873344;1162764288;0;0;0;0;0;0;0;0;0;0;0;3196;0;0;95;0;160;0;
26317;7296173;1075400704;34873344;1162764288;0;0;0;0;0;0;0;0;0;0;0;2324;0;0;95;0;160;0;
26318;4056187;1075400704;34873344;1162764288;0;0;0;0;0;0;0;0;0;0;0;3387;0;0;95;0;160;0;
26319;5720879;1075400704;34873344;1162764288;0;0;0;0;0;0;0;0;0;0;0;2585;0;0;95;0;160;0;
26320;5561570;1075400704;34873344;1162764288;0;0;0;0;0;0;0;0;0;0;0;4288;0;0;95;0;160;0;
26321;6213482;1075400704;34873344;1162764288;0;0;0;0;0;0;0;0;0;0;0;3907;0;0;95;0;160;0;
26322;3714336;1075400704;34873344;1162764288;0;0;0;0;0;0;0;0;0;0;0;3056;0;0;95;0;160;0;
26323;6160463;1075400704;34873344;1162764288;0;0;0;0;0;0;0;0;0;0;0;2705;0;0;95;0;160;0;
26324;3790319;1075400704;34873344;1162764288;0;0;0;0;0;0;0;0;0;0;0;10620;0;0;95;0;160;0;
26325;4963538;1075400704;34873344;1162764288;0;0;0;0;0;0;0;0;0;0;0;2495;0;0;95;0;160;0;
26326;4488207;1075400704;34873344;1162764288;0;0;0;0;0;0;0;0;0;0;0;3637;0;0;95;0;160;0;
26327;7417440;1075400704;34873344;1162764288;0;0;0;0;0;0;0;0;0;0;0;3376;0;0;95;0;160;0;
26328;5004175;1075400704;34873344;1162764288;0;0;0;0;0;0;0;0;0;0;0;3377;0;0;95;0;160;0;
26329;5681425;1075400704;34873344;1162764288;0;0;0;0;0;0;0;0;0;0;0;2805;0;0;95;0;160;0;
26330;5192187;1075400704;34873344;1162764288;0;0;0;0;0;0;0;0;0;0;0;4018;0;0;95;0;160;0;
26331;6228271;1075400704;34873344;1162764288;0;0;0;0;0;0;0;0;0;0;0;3045;0;0;95;0;160;0;
26332;5583431;1075400704;34873344;1162764288;0;0;0;0;0;0;0;0;0;0;0;3918;0;0;95;0;160;0;
26333;8264359;1075400704;34873344;1162764288;0;0;0;0;0;0;0;0;0;0;0;2825;0;0;95;0;160;0;
26334;4852380;1075400704;34873344;1162764288;0;0;0;0;0;0;0;0;0;0;0;4298;0;0;95;0;160;0;
26335;8283915;1075400704;34873344;1162764288;0;0;0;0;0;0;0;0;0;0;0;3096;0;0;95;0;160;0;
26336;5079326;1075400704;34873344;1162764288;0;0;0;0;0;0;0;0;0;0;0;3126;0;0;95;0;160;0;
26337;7730838;1075400704;34873344;1162764288;0;0;0;0;0;0;0;0;0;0;0;2876;0;0;95;0;160;0;
26338;5521655;1075400704;34873344;1162764288;0;0;0;0;0;0;0;0;0;0;0;3907;0;0;95;0;160;0;
26339;6373212;1075400704;34873344;1162764288;0;0;0;0;0;0;0;0;0;0;0;2585;0;0;95;0;160;0;
26340;4799351;1075400704;34873344;1162764288;0;0;0;0;0;0;0;0;0;0;0;2615;0;0;95;0;160;0;
26341;7351848;1075400704;34873344;1162764288;0;0;0;0;0;0;0;0;0;0;0;2585;0;0;95;0;160;0;
26342;4290597;1075400704;34873344;1162764288;0;0;0;0;0;0;0;0;0;0;0;3978;0;0;95;0;160;0;
26343;6012716;1075400704;34873344;1162764288;0;0;0;0;0;0;0;0;0;0;0;2665;0;0;95;0;160;0;
26344;4994216;1075400704;34873344;1162764288;0;0;0;0;0;0;0;0;0;0;0;2815;0;0;95;0;160;0;
26345;7078515;1075400704;34873344;1162764288;0;0;0;0;0;0;0;0;0;0;0;3106;0;0;95;0;160;0;
26346;5640578;1075400704;34873344;1162764288;0;0;0;0;0;0;0;0;0;0;0;3196;0;0;95;0;160;0;
26347;6661513;1075400704;34873344;1162764288;0;0;0;0;0;0;0;0;0;0;0;2926;0;0;95;0;160;0;
26348;5468896;1075400704;34873344;1162764288;0;0;0;0;0;0;0;0;0;0;0;3616;0;0;95;0;160;0;
26349;6387008;1075400704;34873344;1162764288;0;0;0;0;0;0;0;0;0;0;0;3276;0;0;95;0;160;0;
26350;6395044;1075400704;34873344;1162764288;0;0;0;0;0;0;0;0;0;0;0;4238;0;0;95;0;160;0;
26351;6161395;1075400704;34873344;1162764288;0;0;0;0;0;0;0;0;0;0;0;3105;0;0;95;0;160;0;
26352;5700551;1075400704;34873344;1162764288;0;0;0;0;0;0;0;0;0;0;0;44313;0;0;95;0;160;0;
26353;6923675;1075400704;34873344;1162764288;0;0;0;0;0;0;0;0;0;0;0;2765;0;0;95;0;160;0;
26354;4853132;1075400704;34873344;1162764288;0;0;0;0;0;0;0;0;0;0;0;3095;0;0;95;0;160;0;
26355;7575868;1075400704;34873344;1162764288;0;0;0;0;0;0;0;0;0;0;0;2855;0;0;95;0;160;0;
26356;3808712;1075400704;34873344;1162764288;0;0;0;0;0;0;0;0;0;0;0;3286;0;0;95;0;160;0;
26357;7176869;1075400704;34873344;1162764288;0;0;0;0;0;0;0;0;0;0;0;2444;0;0;95;0;160;0;
26358;4902373;1075400704;34873344;1162764288;0;0;0;0;0;0;0;0;0;0;0;64120;0;0;95;0;160;0;
26359;6458623;1075400704;34873344;1162764288;0;0;0;0;0;0;0;0;0;0;0;3176;0;0;95;0;160;0;
26360;4810843;1075400704;34873344;1162764288;0;0;0;0;0;0;0;0;0;0;0;3777;0;0;95;0;160;0;
26361;5972982;1075400704;34873344;1162764288;0;0;0;0;0;0;0;0;0;0;0;2845;0;0;95;0;160;0;
26362;4075674;1075400704;34873344;1162764288;0;0;0;0;0;0;0;0;0;0;0;2855;0;0;95;0;160;0;
26363;6139213;1075400704;34873344;1162764288;0;0;0;0;0;0;0;0;0;0;0;2815;0;0;95;0;160;0;
26364;5779859;1075400704;34873344;1162764288;0;0;0;0;0;0;0;0;0;0;0;3307;0;0;95;0;160;0;
26365;6125598;1075400704;34873344;1162764288;0;0;0;0;0;0;0;0;0;0;0;2595;0;0;95;0;160;0;
26366;5800558;1075400704;34873344;1162764288;0;0;0;0;0;0;0;0;0;0;0;4298;0;0;95;0;160;0;
26367;6140596;1075400704;34873344;1162764288;0;0;0;0;0;0;0;0;0;0;0;2765;0;0;95;0;160;0;
26368;5211774;1075400704;34873344;1162764288;0;0;0;0;0;0;0;0;0;0;0;3607;0;0;95;0;160;0;
26369;6613693;1075400704;34873344;1162764288;0;0;0;0;0;0;0;0;0;0;0;2896;0;0;95;0;160;0;
26370;4804931;1075400704;34873344;1162764288;0;0;0;0;0;0;0;0;0;0;0;3536;0;0;95;0;160;0;
26371;6154091;1075400704;34873344;1162764288;0;0;0;0;0;0;0;0;0;0;0;3086;0;0;95;0;160;0;
26372;5842937;1075400704;34873344;1162764288;0;0;0;0;0;0;0;0;0;0;0;2365;0;0;95;0;160;0;
26373;7192068;1075400704;34873344;1162764288;0;0;0;0;0;0;0;0;0;0;0;2976;0;0;95;0;160;0;
26374;5160107;1075400704;34873344;1162764288;0;0;0;0;0;0;0;0;0;0;0;3246;0;0;95;0;160;0;
26375;6581143;1075400704;34873344;1162764288;0;0;0;0;0;0;0;0;0;0;0;2665;0;0;95;0;160;0;
26376;5499283;1075400704;34873344;1162764288;0;0;0;0;0;0;0;0;0;0;0;4138;0;0;95;0;160;0;
26377;7613288;1075400704;34873344;1162764288;0;0;0;0;0;0;0;0;0;0;0;3296;0;0;95;0;160;0;
26378;4042972;1075400704;34873344;1162764288;0;0;0;0;0;0;0;0;0;0;0;2635;0;0;95;0;160;0;
26379;6867629;1075400704;34873344;1162764288;0;0;0;0;0;0;0;0;0;0;0;2795;0;0;95;0;160;0;
26380;4499939;1075400704;34873344;1162764288;0;0;0;0;0;0;0;0;0;0;0;3336;0;0;95;0;160;0;
26381;6448613;1075400704;34873344;1162764288;0;0;0;0;0;0;0;0;0;0;0;2715;0;0;95;0;160;0;
26382;4205046;1075400704;34873344;1162764288;0;0;0;0;0;0;0;0;0;0;0;8806;0;0;95;0;160;0;
26383;6432764;1075400704;34873344;1162764288;0;0;0;0;0;0;0;0;0;0;0;2755;0;0;95;0;160;0;
26384;5200533;1075400704;34873344;1162764288;0;0;0;0;0;0;0;0;0;0;0;4148;0;0;95;0;160;0;
26385;6432013;1075400704;34873344;1162764288;0;0;0;0;0;0;0;0;0;0;0;2735;0;0;95;0;160;0;
26386;4992293;1075400704;34873344;1162764288;0;0;0;0;0;0;0;0;0;0;0;2695;0;0;95;0;160;0;
26387;6589137;1075400704;34873344;1162764288;0;0;0;0;0;0;0;0;0;0;0;3115;0;0;95;0;160;0;
26388;4706907;1075400704;34873344;1162764288;0;0;0;0;0;0;0;0;0;0;0;2415;0;0;95;0;160;0;
26389;7089125;1075400704;34873344;1162764288;0;0;0;0;0;0;0;0;0;0;0;2515;0;0;95;0;160;0;
26390;5507699;1075400704;34873344;1162764288;0;0;0;0;0;0;0;0;0;0;0;3566;0;0;95;0;160;0;
26391;5919221;1075400704;34873344;1162764288;0;0;0;0;0;0;0;0;0;0;0;2355;0;0;95;0;160;0;
26392;4886264;1075400704;34873344;1162764288;0;0;0;0;0;0;0;0;0;0;0;7153;0;0;95;0;160;0;
26393;8162107;1075400704;34873344;1162764288;0;0;0;0;0;0;0;0;0;0;0;5090;0;0;95;0;160;0;
26394;5710539;1075400704;34873344;1162764288;0;0;0;0;0;0;0;0;0;0;0;3717;0;0;95;0;160;0;
26395;8883961;1075400704;34873344;1162764288;0;0;0;0;0;0;0;0;0;0;0;4238;0;0;95;0;160;0;
26396;7408624;1075400704;34873344;1162764288;0;0;0;0;0;0;0;0;0;0;0;4498;0;0;95;0;160;0;
26397;10374325;1075400704;34873344;1162764288;0;0;0;0;0;0;0;0;0;0;0;4449;0;0;95;0;160;0;
26398;9057867;1075400704;34873344;1162764288;0;0;0;0;0;0;0;0;0;0;0;4368;0;0;95;0;160;0;
26399;10738098;1075400704;34873344;1162764288;0;0;0;0;0;0;0;0;0;0;0;4709;0;0;95;0;160;0;
26400;7896680;1075400704;34873344;1162764288;0;0;0;0;0;0;0;0;0;0;0;3747;0;0;95;0;160;0;
26401;6514297;1075400704;34873344;1162764288;0;0;0;0;0;0;0;0;0;0;0;4368;0;0;95;0;160;0;
26402;10626269;1075400704;34873344;1162764288;0;0;0;0;0;0;0;0;0;0;0;4268;0;0;95;0;160;0;
26403;9452798;1075400704;34873344;1162764288;0;0;0;0;0;0;0;0;0;0;0;6783;0;0;95;0;160;0;
26404;9515775;1075400704;34873344;1162764288;0;0;0;0;0;0;0;0;0;0;0;4519;0;0;95;0;160;0;
26405;8717188;1075400704;34873344;1162764288;0;0;0;0;0;0;0;0;0;0;0;4909;0;0;95;0;160;0;
26406;11010699;1075400704;34873344;1162764288;0;0;0;0;0;0;0;0;0;0;0;4538;0;0;95;0;160;0;
26407;8002597;1075400704;34873344;1162764288;0;0;0;0;0;0;0;0;0;0;0;4308;0;0;95;0;160;0;
26408;8624003;1075400704;34873344;1162764288;0;0;0;0;0;0;0;0;0;0;0;3567;0;0;95;0;160;0;
26409;9204341;1075400704;34873344;1162764288;0;0;0;0;0;0;0;0;0;0;0;4107;0;0;95;0;160;0;
26410;9759343;1075400704;34873344;1162764288;0;0;0;0;0;0;0;0;0;0;0;4368;0;0;95;0;160;0;
26411;11482063;1075400704;34877440;1162768384;0;0;0;0;0;0;0;0;0;0;0;3697;0;0;95;0;160;0;
26412;7892061;1075400704;34881536;1162772480;0;0;0;0;0;0;0;0;0;0;0;5050;0;0;95;0;160;0;
26413;8220056;1075400704;34881536;1162772480;0;0;0;0;0;0;0;0;0;0;0;4298;0;0;95;0;160;0;
26414;9269975;1075400704;34881536;1162772480;0;0;0;0;0;0;0;0;0;0;0;4058;0;0;95;0;160;0;
26415;7573292;1075400704;34881536;1162772480;0;0;0;0;0;0;0;0;0;0;0;3697;0;0;95;0;160;0;
26416;6328228;1075400704;34881536;1162772480;0;0;0;0;0;0;0;0;0;0;0;3015;0;0;95;0;160;0;
26417;7454861;1075400704;34881536;1162772480;0;0;0;0;0;0;0;0;0;0;0;3075;0;0;95;0;160;0;
26418;7847507;1075400704;34873344;1162764288;0;0;0;0;0;0;0;0;0;0;0;4829;0;0;95;0;160;0;
26419;7582570;1075400704;34873344;1162764288;0;0;0;0;0;0;0;0;0;0;0;3978;0;0;95;0;160;0;
26420;6567917;1075400704;34873344;1162764288;0;0;0;0;0;0;0;0;0;0;0;3136;0;0;95;0;160;0;
26421;8857932;1075400704;34873344;1162764288;0;0;0;0;0;0;0;0;0;0;0;3818;0;0;95;0;160;0;
26422;4405502;1075400704;34873344;1162764288;0;0;0;0;0;0;0;0;0;0;0;3686;0;0;95;0;160;0;
26423;7842167;1075400704;34873344;1162764288;0;0;0;0;0;0;0;0;0;0;0;3476;0;0;95;0;160;0;
26424;5059970;1075400704;34873344;1162764288;0;0;0;0;0;0;0;0;0;0;0;6532;0;0;95;0;160;0;
26425;8413178;1075400704;34873344;1162764288;0;0;0;0;0;0;0;0;0;0;0;7023;0;0;95;0;160;0;
26426;6948691;1075400704;34873344;1162764288;0;0;0;0;0;0;0;0;0;0;0;4889;0;0;95;0;160;0;
26427;8047342;1075400704;34873344;1162764288;0;0;0;0;0;0;0;0;0;0;0;6321;0;0;95;0;160;0;
26428;7498242;1075400704;34873344;1162764288;0;0;0;0;0;0;0;0;0;0;0;4478;0;0;95;0;160;0;
26429;7137956;1075400704;34873344;1162764288;0;0;0;0;0;0;0;0;0;0;0;5000;0;0;95;0;160;0;
26430;5548125;1075400704;34873344;1162764288;0;0;0;0;0;0;0;0;0;0;0;3857;0;0;95;0;160;0;
26431;9200845;1075400704;34873344;1162764288;0;0;0;0;0;0;0;0;0;0;0;5390;0;0;95;0;160;0;
26432;6910460;1075400704;34873344;1162764288;0;0;0;0;0;0;0;0;0;0;0;2736;0;0;95;0;160;0;
26433;7684101;1075400704;34873344;1162764288;0;0;0;0;0;0;0;0;0;0;0;3146;0;0;95;0;160;0;
26434;9204221;1075400704;34873344;1162764288;0;0;0;0;0;0;0;0;0;0;0;4359;0;0;95;0;160;0;
26435;9241782;1075400704;34873344;1162764288;0;0;0;0;0;0;0;0;0;0;0;5491;0;0;95;0;160;0;
26436;6369004;1075400704;34873344;1162764288;0;0;0;0;0;0;0;0;0;0;0;4819;0;0;95;0;160;0;
26437;8580471;1075400704;34873344;1162764288;0;0;0;0;0;0;0;0;0;0;0;4439;0;0;95;0;160;0;
26438;7010307;1075400704;34873344;1162764288;0;0;0;0;0;0;0;0;0;0;0;3777;0;0;95;0;160;0;
26439;12543033;1075400704;34873344;1162764288;0;0;0;0;0;0;0;0;0;0;0;2795;0;0;95;0;160;0;
26440;7670625;1075400704;34873344;1162764288;0;0;0;0;0;0;0;0;0;0;0;3005;0;0;95;0;160;0;
26441;7070299;1075400704;34873344;1162764288;0;0;0;0;0;0;0;0;0;0;0;2915;0;0;95;0;160;0;
26442;9909935;1075400704;34873344;1162764288;0;0;0;0;0;0;0;0;0;0;0;3527;0;0;95;0;160;0;
26443;7675785;1075400704;34873344;1162764288;0;0;0;0;0;0;0;0;0;0;0;4678;0;0;95;0;160;0;
26444;5421667;1075400704;34873344;1162764288;0;0;0;0;0;0;0;0;0;0;0;3998;0;0;95;0;160;0;
26445;8876246;1075400704;34873344;1162764288;0;0;0;0;0;0;0;0;0;0;0;3516;0;0;95;0;160;0;
26446;6294535;1075400704;34873344;1162764288;0;0;0;0;0;0;0;0;0;0;0;3848;0;0;95;0;160;0;
26447;8873862;1075400704;34873344;1162764288;0;0;0;0;0;0;0;0;0;0;0;4759;0;0;95;0;160;0;
26448;6229724;1075400704;34873344;1162764288;0;0;0;0;0;0;0;0;0;0;0;6082;0;0;95;0;160;0;
26449;8307740;1075400704;34873344;1162764288;0;0;0;0;0;0;0;0;0;0;0;5150;0;0;95;0;160;0;
26450;6231296;1075400704;34873344;1162764288;0;0;0;0;0;0;0;0;0;0;0;3687;0;0;95;0;160;0;
26451;6775807;1075400704;34873344;1162764288;0;0;0;0;0;0;0;0;0;0;0;4098;0;0;95;0;160;0;
26452;5273519;1075400704;34873344;1162764288;0;0;0;0;0;0;0;0;0;0;0;4619;0;0;95;0;160;0;
26453;7749924;1075400704;34873344;1162764288;0;0;0;0;0;0;0;0;0;0;0;5169;0;0;95;0;160;0;
26454;7027289;1075400704;34873344;1162764288;0;0;0;0;0;0;0;0;0;0;0;4298;0;0;95;0;160;0;
26455;7406169;1075400704;34873344;1162764288;0;0;0;0;0;0;0;0;0;0;0;3146;0;0;95;0;160;0;
26456;5702514;1075400704;34873344;1162764288;0;0;0;0;0;0;0;0;0;0;0;4258;0;0;95;0;160;0;
26457;7876942;1075400704;34873344;1162764288;0;0;0;0;0;0;0;0;0;0;0;2825;0;0;95;0;160;0;
26458;6309403;1075400704;34873344;1162764288;0;0;0;0;0;0;0;0;0;0;0;4548;0;0;95;0;160;0;
26459;6802898;1075400704;34873344;1162764288;0;0;0;0;0;0;0;0;0;0;0;3847;0;0;95;0;160;0;
26460;5548556;1075400704;34873344;1162764288;0;0;0;0;0;0;0;0;0;0;0;3907;0;0;95;0;160;0;
26461;7285974;1075400704;34873344;1162764288;0;0;0;0;0;0;0;0;0;0;0;4559;0;0;95;0;160;0;
26462;5476150;1075400704;34873344;1162764288;0;0;0;0;0;0;0;0;0;0;0;3176;0;0;95;0;160;0;
26463;7088033;1075400704;34873344;1162764288;0;0;0;0;0;0;0;0;0;0;0;3797;0;0;95;0;160;0;
26464;5078925;1075400704;34873344;1162764288;0;0;0;0;0;0;0;0;0;0;0;3867;0;0;95;0;160;0;
26465;7244126;1075400704;34873344;1162764288;0;0;0;0;0;0;0;0;0;0;0;3888;0;0;95;0;160;0;
26466;5548495;1075400704;34873344;1162764288;0;0;0;0;0;0;0;0;0;0;0;3747;0;0;95;0;160;0;
26467;7498683;1075400704;34873344;1162764288;0;0;0;0;0;0;0;0;0;0;0;4047;0;0;95;0;160;0;
26468;5845142;1075400704;34873344;1162764288;0;0;0;0;0;0;0;0;0;0;0;3116;0;0;95;0;160;0;
26469;8185752;1075400704;34873344;1162764288;0;0;0;0;0;0;0;0;0;0;0;3867;0;0;95;0;160;0;
26470;5164305;1075400704;34873344;1162764288;0;0;0;0;0;0;0;0;0;0;0;3757;0;0;95;0;160;0;
26471;7243354;1075400704;34873344;1162764288;0;0;0;0;0;0;0;0;0;0;0;3236;0;0;95;0;160;0;
26472;5723844;1075400704;34873344;1162764288;0;0;0;0;0;0;0;0;0;0;0;2996;0;0;95;0;160;0;
26473;7344303;1075400704;34873344;1162764288;0;0;0;0;0;0;0;0;0;0;0;3136;0;0;95;0;160;0;
26474;5463406;1075400704;34873344;1162764288;0;0;0;0;0;0;0;0;0;0;0;109095;0;0;95;0;160;0;
26475;8231317;1075400704;34873344;1162764288;0;0;0;0;0;0;0;0;0;0;0;2826;0;0;95;0;160;0;
26476;4551836;1075400704;34873344;1162764288;0;0;0;0;0;0;0;0;0;0;0;4088;0;0;95;0;160;0;
26477;6316545;1075400704;34873344;1162764288;0;0;0;0;0;0;0;0;0;0;0;3035;0;0;95;0;160;0;
26478;6469122;1075400704;34873344;1162764288;0;0;0;0;0;0;0;0;0;0;0;2655;0;0;95;0;160;0;
26479;6448664;1075400704;34873344;1162764288;0;0;0;0;0;0;0;0;0;0;0;2695;0;0;95;0;160;0;
26480;5713355;1075400704;34873344;1162764288;0;0;0;0;0;0;0;0;0;0;0;2945;0;0;95;0;160;0;
26481;8041992;1075400704;34877440;1162768384;0;0;0;0;0;0;0;0;0;0;0;3396;0;0;95;0;160;0;
26482;4934585;1075400704;34881536;1162772480;0;0;0;0;0;0;0;0;0;0;0;3516;0;0;95;0;160;0;
26483;6089289;1075400704;34881536;1162772480;0;0;0;0;0;0;0;0;0;0;0;3256;0;0;95;0;160;0;
26484;6101202;1075400704;34881536;1162772480;0;0;0;0;0;0;0;0;0;0;0;3457;0;0;95;0;160;0;
26485;6807276;1075400704;34881536;1162772480;0;0;0;0;0;0;0;0;0;0;0;3116;0;0;95;0;160;0;
26486;4844906;1075400704;34881536;1162772480;0;0;0;0;0;0;0;0;0;0;0;3516;0;0;95;0;160;0;
26487;5102358;1075400704;34881536;1162772480;0;0;0;0;0;0;0;0;0;0;0;2655;0;0;95;0;160;0;
26488;4888738;1075400704;34873344;1162764288;0;0;0;0;0;0;0;0;0;0;0;4098;0;0;95;0;160;0;
26489;5502059;1075400704;34873344;1162764288;0;0;0;0;0;0;0;0;0;0;0;2455;0;0;95;0;160;0;
26490;4871305;1075400704;34873344;1162764288;0;0;0;0;0;0;0;0;0;0;0;3697;0;0;95;0;160;0;
26491;6330742;1075400704;34873344;1162764288;0;0;0;0;0;0;0;0;0;0;0;2635;0;0;95;0;160;0;
26492;4559821;1075400704;34873344;1162764288;0;0;0;0;0;0;0;0;0;0;0;3466;0;0;95;0;160;0;
26493;6467799;1075400704;34873344;1162764288;0;0;0;0;0;0;0;0;0;0;0;2895;0;0;95;0;160;0;
26494;5627624;1075400704;34873344;1162764288;0;0;0;0;0;0;0;0;0;0;0;2966;0;0;95;0;160;0;
26495;5738813;1075400704;34873344;1162764288;0;0;0;0;0;0;0;0;0;0;0;4328;0;0;95;0;160;0;
26496;5608308;1075400704;34873344;1162764288;0;0;0;0;0;0;0;0;0;0;0;2856;0;0;95;0;160;0;
26497;6361219;1075400704;34873344;1162764288;0;0;0;0;0;0;0;0;0;0;0;3336;0;0;95;0;160;0;
26498;4742464;1075400704;34873344;1162764288;0;0;0;0;0;0;0;0;0;0;0;4689;0;0;95;0;160;0;
26499;6207281;1075400704;34873344;1162764288;0;0;0;0;0;0;0;0;0;0;0;3236;0;0;95;0;160;0;
26500;4643158;1075400704;34873344;1162764288;0;0;0;0;0;0;0;0;0;0;0;4198;0;0;95;0;160;0;
26501;6686710;1075400704;34873344;1162764288;0;0;0;0;0;0;0;0;0;0;0;3767;0;0;95;0;160;0;
26502;6506292;1075400704;34873344;1162764288;0;0;0;0;0;0;0;0;0;0;0;4128;0;0;95;0;160;0;
26503;6928714;1075400704;34873344;1162764288;0;0;0;0;0;0;0;0;0;0;0;3116;0;0;95;0;160;0;
26504;6397488;1075400704;34873344;1162764288;0;0;0;0;0;0;0;0;0;0;0;4488;0;0;95;0;160;0;
26505;7580847;1075400704;34873344;1162764288;0;0;0;0;0;0;0;0;0;0;0;4408;0;0;95;0;160;0;
26506;5498803;1075400704;34873344;1162764288;0;0;0;0;0;0;0;0;0;0;0;3456;0;0;95;0;160;0;
26507;6403239;1075400704;34873344;1162764288;0;0;0;0;0;0;0;0;0;0;0;3767;0;0;95;0;160;0;
26508;6346211;1075400704;34873344;1162764288;0;0;0;0;0;0;0;0;0;0;0;3968;0;0;95;0;160;0;
26509;6482437;1075400704;34873344;1162764288;0;0;0;0;0;0;0;0;0;0;0;5460;0;0;95;0;160;0;
26510;7811038;1075400704;34873344;1162764288;0;0;0;0;0;0;0;0;0;0;0;3777;0;0;95;0;160;0;
26511;6818648;1075400704;34873344;1162764288;0;0;0;0;0;0;0;0;0;0;0;2985;0;0;95;0;160;0;
26512;7721150;1075400704;34873344;1162764288;0;0;0;0;0;0;0;0;0;0;0;4428;0;0;95;0;160;0;
26513;6401655;1075400704;34873344;1162764288;0;0;0;0;0;0;0;0;0;0;0;2815;0;0;95;0;160;0;
26514;7126355;1075400704;34873344;1162764288;0;0;0;0;0;0;0;0;0;0;0;4018;0;0;95;0;160;0;
26515;7461413;1075400704;34873344;1162764288;0;0;0;0;0;0;0;0;0;0;0;3106;0;0;95;0;160;0;
26516;6957508;1075400704;34873344;1162764288;0;0;0;0;0;0;0;0;0;0;0;4479;0;0;95;0;160;0;
26517;6681370;1075400704;34873344;1162764288;0;0;0;0;0;0;0;0;0;0;0;3436;0;0;95;0;160;0;
26518;7194542;1075400704;34873344;1162764288;0;0;0;0;0;0;0;0;0;0;0;4419;0;0;95;0;160;0;
26519;6845548;1075400704;34873344;1162764288;0;0;0;0;0;0;0;0;0;0;0;3777;0;0;95;0;160;0;
26520;6107624;1075400704;34873344;1162764288;0;0;0;0;0;0;0;0;0;0;0;6092;0;0;95;0;160;0;
26521;7529651;1075400704;34873344;1162764288;0;0;0;0;0;0;0;0;0;0;0;3988;0;0;95;0;160;0;
26522;5174313;1075400704;34873344;1162764288;0;0;0;0;0;0;0;0;0;0;0;4659;0;0;95;0;160;0;
26523;7442127;1075400704;34873344;1162764288;0;0;0;0;0;0;0;0;0;0;0;3727;0;0;95;0;160;0;
26524;5526936;1075400704;34873344;1162764288;0;0;0;0;0;0;0;0;0;0;0;4288;0;0;95;0;160;0;
26525;6490071;1075400704;34873344;1162764288;0;0;0;0;0;0;0;0;0;0;0;4618;0;0;95;0;160;0;
26526;4625504;1075400704;34873344;1162764288;0;0;0;0;0;0;0;0;0;0;0;4138;0;0;95;0;160;0;
26527;5663161;1075400704;34873344;1162764288;0;0;0;0;0;0;0;0;0;0;0;3937;0;0;95;0;160;0;
26528;4900881;1075400704;34873344;1162764288;0;0;0;0;0;0;0;0;0;0;0;3918;0;0;95;0;160;0;
26529;7884446;1075400704;34873344;1162764288;0;0;0;0;0;0;0;0;0;0;0;4168;0;0;95;0;160;0;
26530;4240502;1075400704;34873344;1162764288;0;0;0;0;0;0;0;0;0;0;0;3436;0;0;95;0;160;0;
26531;6013638;1075400704;34873344;1162764288;0;0;0;0;0;0;0;0;0;0;0;3527;0;0;95;0;160;0;
26532;6264548;1075400704;34873344;1162764288;0;0;0;0;0;0;0;0;0;0;0;4639;0;0;95;0;160;0;
26533;6714963;1075400704;34873344;1162764288;0;0;0;0;0;0;0;0;0;0;0;3596;0;0;95;0;160;0;
26534;6420942;1075400704;34873344;1162764288;0;0;0;0;0;0;0;0;0;0;0;4598;0;0;95;0;160;0;
26535;6257585;1075400704;34873344;1162764288;0;0;0;0;0;0;0;0;0;0;0;3266;0;0;95;0;160;0;
26536;5872954;1075400704;34873344;1162764288;0;0;0;0;0;0;0;0;0;0;0;3687;0;0;95;0;160;0;
26537;6425380;1075400704;34873344;1162764288;0;0;0;0;0;0;0;0;0;0;0;2866;0;0;95;0;160;0;
26538;6478420;1075400704;34873344;1162764288;0;0;0;0;0;0;0;0;0;0;0;2544;0;0;95;0;160;0;
26539;8483099;1075400704;34873344;1162764288;0;0;0;0;0;0;0;0;0;0;0;4048;0;0;95;0;160;0;
26540;7043199;1075400704;34873344;1162764288;0;0;0;0;0;0;0;0;0;0;0;4047;0;0;95;0;160;0;
26541;6883228;1075400704;34873344;1162764288;0;0;0;0;0;0;0;0;0;0;0;3045;0;0;95;0;160;0;
26542;6867109;1075400704;34873344;1162764288;0;0;0;0;0;0;0;0;0;0;0;4829;0;0;95;0;160;0;
26543;6257355;1075400704;34873344;1162764288;0;0;0;0;0;0;0;0;0;0;0;5039;0;0;95;0;160;0;
26544;6754388;1075400704;34873344;1162764288;0;0;0;0;0;0;0;0;0;0;0;3878;0;0;95;0;160;0;
26545;5772626;1075400704;34873344;1162764288;0;0;0;0;0;0;0;0;0;0;0;4107;0;0;95;0;160;0;
26546;5765933;1075400704;34873344;1162764288;0;0;0;0;0;0;0;0;0;0;0;4739;0;0;95;0;160;0;
26547;7779780;1075400704;34873344;1162764288;0;0;0;0;0;0;0;0;0;0;0;4268;0;0;95;0;160;0;
26548;4797427;1075400704;34873344;1162764288;0;0;0;0;0;0;0;0;0;0;0;3266;0;0;95;0;160;0;
26549;7465611;1075400704;34873344;1162764288;0;0;0;0;0;0;0;0;0;0;0;2906;0;0;95;0;160;0;
26550;5764440;1075400704;34873344;1162764288;0;0;0;0;0;0;0;0;0;0;0;150071;0;0;95;0;160;0;
26551;7917589;1075400704;34873344;1162764288;0;0;0;0;0;0;0;0;0;0;0;4329;0;0;95;0;160;0;
26552;5685582;1075400704;34873344;1162764288;0;0;0;0;0;0;0;0;0;0;0;3045;0;0;95;0;160;0;
26553;6328439;1075400704;34873344;1162764288;0;0;0;0;0;0;0;0;0;0;0;2395;0;0;95;0;160;0;
26554;7131384;1075400704;34873344;1162764288;0;0;0;0;0;0;0;0;0;0;0;3115;0;0;95;0;160;0;
26555;5952203;1075400704;34873344;1162764288;0;0;0;0;0;0;0;0;0;0;0;2856;0;0;95;0;160;0;
26556;5243443;1075400704;34873344;1162764288;0;0;0;0;0;0;0;0;0;0;0;3277;0;0;95;0;160;0;
26557;7092131;1075400704;34873344;1162764288;0;0;0;0;0;0;0;0;0;0;0;3697;0;0;95;0;160;0;
26558;5654644;1075400704;34873344;1162764288;0;0;0;0;0;0;0;0;0;0;0;3647;0;0;95;0;160;0;
26559;5994492;1075400704;34873344;1162764288;0;0;0;0;0;0;0;0;0;0;0;2866;0;0;95;0;160;0;
26560;6353736;1075400704;34873344;1162764288;0;0;0;0;0;0;0;0;0;0;0;3927;0;0;95;0;160;0;
26561;6136939;1075400704;34877440;1162768384;0;0;0;0;0;0;0;0;0;0;0;3426;0;0;95;0;160;0;
26562;5227002;1075400704;34881536;1162772480;0;0;0;0;0;0;0;0;0;0;0;3336;0;0;95;0;160;0;
26563;6232108;1075400704;34881536;1162772480;0;0;0;0;0;0;0;0;0;0;0;3396;0;0;95;0;160;0;
26564;5828681;1075400704;34881536;1162772480;0;0;0;0;0;0;0;0;0;0;0;4338;0;0;95;0;160;0;
26565;11033613;1075400704;34881536;1162772480;0;0;0;0;0;0;0;0;0;0;0;3978;0;0;95;0;160;0;
26566;6764867;1075400704;34881536;1162772480;0;0;0;0;0;0;0;0;0;0;0;4538;0;0;95;0;160;0;
26567;10872119;1075400704;34881536;1162772480;0;0;0;0;0;0;0;0;0;0;0;4939;0;0;95;0;160;0;
26568;9540502;1075400704;34873344;1162764288;0;0;0;0;0;0;0;0;0;0;0;4649;0;0;95;0;160;0;
26569;7942796;1075400704;34873344;1162764288;0;0;0;0;0;0;0;0;0;0;0;3677;0;0;95;0;160;0;
26570;8372201;1075400704;34873344;1162764288;0;0;0;0;0;0;0;0;0;0;0;3707;0;0;95;0;160;0;
26571;9738143;1075400704;34873344;1162764288;0;0;0;0;0;0;0;0;0;0;0;3727;0;0;95;0;160;0;
26572;7183061;1075400704;34873344;1162764288;0;0;0;0;0;0;0;0;0;0;0;4609;0;0;95;0;160;0;
26573;8424539;1075400704;34873344;1162764288;0;0;0;0;0;0;0;0;0;0;0;3707;0;0;95;0;160;0;
26574;5375191;1075400704;34873344;1162764288;0;0;0;0;0;0;0;0;0;0;0;8827;0;0;95;0;160;0;
26575;8720053;1075400704;34873344;1162764288;0;0;0;0;0;0;0;0;0;0;0;3527;0;0;95;0;160;0;
26576;7996026;1075400704;34873344;1162764288;0;0;0;0;0;0;0;0;0;0;0;2575;0;0;95;0;160;0;
26577;8611160;1075400704;34873344;1162764288;0;0;0;0;0;0;0;0;0;0;0;3126;0;0;95;0;160;0;
26578;6933052;1075400704;34873344;1162764288;0;0;0;0;0;0;0;0;0;0;0;4318;0;0;95;0;160;0;
26579;7836326;1075400704;34873344;1162764288;0;0;0;0;0;0;0;0;0;0;0;4699;0;0;95;0;160;0;
26580;8085714;1075400704;34873344;1162764288;0;0;0;0;0;0;0;0;0;0;0;3166;0;0;95;0;160;0;
26581;7557583;1075400704;34873344;1162764288;0;0;0;0;0;0;0;0;0;0;0;4007;0;0;95;0;160;0;
26582;6398460;1075400704;34873344;1162764288;0;0;0;0;0;0;0;0;0;0;0;3927;0;0;95;0;160;0;
26583;7260466;1075400704;34873344;1162764288;0;0;0;0;0;0;0;0;0;0;0;4148;0;0;95;0;160;0;
26584;7253664;1075400704;34873344;1162764288;0;0;0;0;0;0;0;0;0;0;0;5621;0;0;95;0;160;0;
26585;7683129;1075400704;34873344;1162764288;0;0;0;0;0;0;0;0;0;0;0;5039;0;0;95;0;160;0;
26586;7517128;1075400704;34873344;1162764288;0;0;0;0;0;0;0;0;0;0;0;4328;0;0;95;0;160;0;
26587;12731838;1075400704;34873344;1162764288;0;0;0;0;0;0;0;0;0;0;0;3256;0;0;95;0;160;0;
26588;8426333;1075400704;34873344;1162764288;0;0;0;0;0;0;0;0;0;0;0;4839;0;0;95;0;160;0;
26589;6590410;1075400704;34873344;1162764288;0;0;0;0;0;0;0;0;0;0;0;3276;0;0;95;0;160;0;
26590;7974936;1075400704;34873344;1162764288;0;0;0;0;0;0;0;0;0;0;0;4168;0;0;95;0;160;0;
26591;8612302;1075400704;34873344;1162764288;0;0;0;0;0;0;0;0;0;0;0;3015;0;0;95;0;160;0;
26592;6045978;1075400704;34873344;1162764288;0;0;0;0;0;0;0;0;0;0;0;3146;0;0;95;0;160;0;
26593;6533913;1075400704;34873344;1162764288;0;0;0;0;0;0;0;0;0;0;0;3316;0;0;95;0;160;0;
26594;6164862;1075400704;34873344;1162764288;0;0;0;0;0;0;0;0;0;0;0;3476;0;0;95;0;160;0;
26595;6954722;1075400704;34873344;1162764288;0;0;0;0;0;0;0;0;0;0;0;3567;0;0;95;0;160;0;
26596;6313050;1075400704;34873344;1162764288;0;0;0;0;0;0;0;0;0;0;0;3657;0;0;95;0;160;0;
26597;7251179;1075400704;34873344;1162764288;0;0;0;0;0;0;0;0;0;0;0;3607;0;0;95;0;160;0;
26598;6500010;1075400704;34873344;1162764288;0;0;0;0;0;0;0;0;0;0;0;3005;0;0;95;0;160;0;
26599;5634988;1075400704;34873344;1162764288;0;0;0;0;0;0;0;0;0;0;0;2856;0;0;95;0;160;0;
26600;7005948;1075400704;34873344;1162764288;0;0;0;0;0;0;0;0;0;0;0;3457;0;0;95;0;160;0;
26601;5513160;1075400704;34873344;1162764288;0;0;0;0;0;0;0;0;0;0;0;3607;0;0;95;0;160;0;
26602;5185495;1075400704;34873344;1162764288;0;0;0;0;0;0;0;0;0;0;0;3887;0;0;95;0;160;0;
26603;6429588;1075400704;34873344;1162764288;0;0;0;0;0;0;0;0;0;0;0;3336;0;0;95;0;160;0;
26604;5676836;1075400704;34873344;1162764288;0;0;0;0;0;0;0;0;0;0;0;4488;0;0;95;0;160;0;
26605;6856659;1075400704;34873344;1162764288;0;0;0;0;0;0;0;0;0;0;0;4439;0;0;95;0;160;0;
26606;6316025;1075400704;34873344;1162764288;0;0;0;0;0;0;0;0;0;0;0;5290;0;0;95;0;160;0;
26607;7348762;1075400704;34873344;1162764288;0;0;0;0;0;0;0;0;0;0;0;4087;0;0;95;0;160;0;
26608;6516762;1075400704;34873344;1162764288;0;0;0;0;0;0;0;0;0;0;0;5330;0;0;95;0;160;0;
26609;7291013;1075400704;34873344;1162764288;0;0;0;0;0;0;0;0;0;0;0;4749;0;0;95;0;160;0;
26610;4574138;1075400704;34873344;1162764288;0;0;0;0;0;0;0;0;0;0;0;3597;0;0;95;0;160;0;
26611;8953611;1075400704;34873344;1162764288;0;0;0;0;0;0;0;0;0;0;0;3136;0;0;95;0;160;0;
26612;5138626;1075400704;34873344;1162764288;0;0;0;0;0;0;0;0;0;0;0;3767;0;0;95;0;160;0;
26613;7266718;1075400704;34873344;1162764288;0;0;0;0;0;0;0;0;0;0;0;5400;0;0;95;0;160;0;
26614;4419849;1075400704;34873344;1162764288;0;0;0;0;0;0;0;0;0;0;0;3267;0;0;95;0;160;0;
26615;6368924;1075400704;34873344;1162764288;0;0;0;0;0;0;0;0;0;0;0;4147;0;0;95;0;160;0;
26616;5767235;1075400704;34873344;1162764288;0;0;0;0;0;0;0;0;0;0;0;3516;0;0;95;0;160;0;
26617;5623687;1075400704;34873344;1162764288;0;0;0;0;0;0;0;0;0;0;0;3246;0;0;95;0;160;0;
26618;6713410;1075400704;34873344;1162764288;0;0;0;0;0;0;0;0;0;0;0;3336;0;0;95;0;160;0;
26619;7140491;1075400704;34873344;1162764288;0;0;0;0;0;0;0;0;0;0;0;4889;0;0;95;0;160;0;
26620;6117553;1075400704;34873344;1162764288;0;0;0;0;0;0;0;0;0;0;0;4068;0;0;95;0;160;0;
26621;7022420;1075400704;34873344;1162764288;0;0;0;0;0;0;0;0;0;0;0;4198;0;0;95;0;160;0;
26622;4519115;1075400704;34873344;1162764288;0;0;0;0;0;0;0;0;0;0;0;3316;0;0;95;0;160;0;
26623;7232063;1075400704;34873344;1162764288;0;0;0;0;0;0;0;0;0;0;0;126036;0;0;95;0;160;0;
26624;5623486;1075400704;34873344;1162764288;0;0;0;0;0;0;0;0;0;0;0;3768;0;0;95;0;160;0;
26625;6981814;1075400704;34873344;1162764288;0;0;0;0;0;0;0;0;0;0;0;3758;0;0;95;0;160;0;
26626;6338206;1075400704;34873344;1162764288;0;0;0;0;0;0;0;0;0;0;0;3166;0;0;95;0;160;0;
26627;7306192;1075400704;34873344;1162764288;0;0;0;0;0;0;0;0;0;0;0;4188;0;0;95;0;160;0;
26628;4302839;1075400704;34873344;1162764288;0;0;0;0;0;0;0;0;0;0;0;3356;0;0;95;0;160;0;
26629;6338106;1075400704;34873344;1162764288;0;0;0;0;0;0;0;0;0;0;0;3166;0;0;95;0;160;0;
26630;4253517;1075400704;34873344;1162764288;0;0;0;0;0;0;0;0;0;0;0;4137;0;0;95;0;160;0;
26631;6598264;1075400704;34873344;1162764288;0;0;0;0;0;0;0;0;0;0;0;3827;0;0;95;0;160;0;
26632;4755068;1075400704;34873344;1162764288;0;0;0;0;0;0;0;0;0;0;0;4137;0;0;95;0;160;0;
26633;6140025;1075400704;34877440;1162768384;0;0;0;0;0;0;0;0;0;0;0;3016;0;0;95;0;160;0;
26634;5345004;1075400704;34881536;1162772480;0;0;0;0;0;0;0;0;0;0;0;3146;0;0;95;0;160;0;
26635;7263272;1075400704;34881536;1162772480;0;0;0;0;0;0;0;0;0;0;0;4078;0;0;95;0;160;0;
26636;4628440;1075400704;34881536;1162772480;0;0;0;0;0;0;0;0;0;0;0;3437;0;0;95;0;160;0;
26637;7518911;1075400704;34881536;1162772480;0;0;0;0;0;0;0;0;0;0;0;3486;0;0;95;0;160;0;
26638;5017149;1075400704;34881536;1162772480;0;0;0;0;0;0;0;0;0;0;0;3607;0;0;95;0;160;0;
26639;7105325;1075400704;34881536;1162772480;0;0;0;0;0;0;0;0;0;0;0;3276;0;0;95;0;160;0;
26640;5135802;1075400704;34873344;1162764288;0;0;0;0;0;0;0;0;0;0;0;3907;0;0;95;0;160;0;
26641;6974239;1075400704;34873344;1162764288;0;0;0;0;0;0;0;0;0;0;0;4648;0;0;95;0;160;0;
26642;6186832;1075400704;34873344;1162764288;0;0;0;0;0;0;0;0;0;0;0;4418;0;0;95;0;160;0;
26643;8024639;1075400704;34873344;1162764288;0;0;0;0;0;0;0;0;0;0;0;3617;0;0;95;0;160;0;
26644;7005508;1075400704;34873344;1162764288;0;0;0;0;0;0;0;0;0;0;0;3446;0;0;95;0;160;0;
26645;6262735;1075400704;34873344;1162764288;0;0;0;0;0;0;0;0;0;0;0;2786;0;0;95;0;160;0;
26646;5515794;1075400704;34873344;1162764288;0;0;0;0;0;0;0;0;0;0;0;2975;0;0;95;0;160;0;
26647;7012561;1075400704;34873344;1162764288;0;0;0;0;0;0;0;0;0;0;0;2244;0;0;95;0;160;0;
26648;6198084;1075400704;34873344;1162764288;0;0;0;0;0;0;0;0;0;0;0;4018;0;0;95;0;160;0;
26649;7015156;1075400704;34873344;1162764288;0;0;0;0;0;0;0;0;0;0;0;4748;0;0;95;0;160;0;
26650;5893753;1075400704;34873344;1162764288;0;0;0;0;0;0;0;0;0;0;0;3477;0;0;95;0;160;0;
26651;9015156;1075400704;34873344;1162764288;0;0;0;0;0;0;0;0;0;0;0;3817;0;0;95;0;160;0;
26652;4335781;1075400704;34873344;1162764288;0;0;0;0;0;0;0;0;0;0;0;3556;0;0;95;0;160;0;
26653;7401631;1075400704;34873344;1162764288;0;0;0;0;0;0;0;0;0;0;0;56166;0;0;95;0;160;0;
26654;4333567;1075400704;34873344;1162764288;0;0;0;0;0;0;0;0;0;0;0;4869;0;0;95;0;160;0;
26655;6657154;1075400704;34873344;1162764288;0;0;0;0;0;0;0;0;0;0;0;4628;0;0;95;0;160;0;
26656;4889009;1075400704;34873344;1162764288;0;0;0;0;0;0;0;0;0;0;0;3707;0;0;95;0;160;0;
26657;6672363;1075400704;34873344;1162764288;0;0;0;0;0;0;0;0;0;0;0;4679;0;0;95;0;160;0;
26658;5937656;1075400704;34873344;1162764288;0;0;0;0;0;0;0;0;0;0;0;3937;0;0;95;0;160;0;
26659;6898367;1075400704;34873344;1162764288;0;0;0;0;0;0;0;0;0;0;0;2966;0;0;95;0;160;0;
26660;7254956;1075400704;34873344;1162764288;0;0;0;0;0;0;0;0;0;0;0;4469;0;0;95;0;160;0;
26661;7153716;1075400704;34873344;1162764288;0;0;0;0;0;0;0;0;0;0;0;3086;0;0;95;0;160;0;
26662;5783837;1075400704;34873344;1162764288;0;0;0;0;0;0;0;0;0;0;0;3837;0;0;95;0;160;0;
26663;6471236;1075400704;34873344;1162764288;0;0;0;0;0;0;0;0;0;0;0;3587;0;0;95;0;160;0;
26664;6162607;1075400704;34873344;1162764288;0;0;0;0;0;0;0;0;0;0;0;2886;0;0;95;0;160;0;
26665;4971233;1075400704;34873344;1162764288;0;0;0;0;0;0;0;0;0;0;0;2574;0;0;95;0;160;0;
26666;6220215;1075400704;34873344;1162764288;0;0;0;0;0;0;0;0;0;0;0;4118;0;0;95;0;160;0;
26667;6253458;1075400704;34873344;1162764288;0;0;0;0;0;0;0;0;0;0;0;2384;0;0;95;0;160;0;
26668;7563754;1075400704;34873344;1162764288;0;0;0;0;0;0;0;0;0;0;0;3857;0;0;95;0;160;0;
26669;7775352;1075400704;34873344;1162764288;0;0;0;0;0;0;0;0;0;0;0;5751;0;0;95;0;160;0;
26670;5957602;1075400704;34873344;1162764288;0;0;0;0;0;0;0;0;0;0;0;4228;0;0;95;0;160;0;
26671;7113240;1075400704;34873344;1162764288;0;0;0;0;0;0;0;0;0;0;0;3677;0;0;95;0;160;0;
26672;5440122;1075400704;34873344;1162764288;0;0;0;0;0;0;0;0;0;0;0;3988;0;0;95;0;160;0;
26673;8527352;1075400704;34873344;1162764288;0;0;0;0;0;0;0;0;0;0;0;3236;0;0;95;0;160;0;
26674;8262576;1075400704;34873344;1162764288;0;0;0;0;0;0;0;0;0;0;0;2825;0;0;95;0;160;0;
26675;7447757;1075400704;34873344;1162764288;0;0;0;0;0;0;0;0;0;0;0;3466;0;0;95;0;160;0;
26676;6056268;1075400704;34873344;1162764288;0;0;0;0;0;0;0;0;0;0;0;4308;0;0;95;0;160;0;
26677;8517203;1075400704;34873344;1162764288;0;0;0;0;0;0;0;0;0;0;0;3386;0;0;95;0;160;0;
26678;5915554;1075400704;34873344;1162764288;0;0;0;0;0;0;0;0;0;0;0;2365;0;0;95;0;160;0;
26679;7909934;1075400704;34873344;1162764288;0;0;0;0;0;0;0;0;0;0;0;3957;0;0;95;0;160;0;
26680;5427107;1075400704;34873344;1162764288;0;0;0;0;0;0;0;0;0;0;0;3036;0;0;95;0;160;0;
26681;6987474;1075400704;34873344;1162764288;0;0;0;0;0;0;0;0;0;0;0;4398;0;0;95;0;160;0;
26682;4279736;1075400704;34873344;1162764288;0;0;0;0;0;0;0;0;0;0;0;3166;0;0;95;0;160;0;
26683;9229038;1075400704;34873344;1162764288;0;0;0;0;0;0;0;0;0;0;0;3366;0;0;95;0;160;0;
26684;5286534;1075400704;34873344;1162764288;0;0;0;0;0;0;0;0;0;0;0;4588;0;0;95;0;160;0;
26685;9357008;1075400704;34873344;1162764288;0;0;0;0;0;0;0;0;0;0;0;3617;0;0;95;0;160;0;
26686;4655561;1075400704;34873344;1162764288;0;0;0;0;0;0;0;0;0;0;0;7303;0;0;95;0;160;0;
26687;7829073;1075400704;34873344;1162764288;0;0;0;0;0;0;0;0;0;0;0;3317;0;0;95;0;160;0;
26688;5560498;1075400704;34873344;1162764288;0;0;0;0;0;0;0;0;0;0;0;4188;0;0;95;0;160;0;
26689;6427364;1075400704;34873344;1162764288;0;0;0;0;0;0;0;0;0;0;0;3036;0;0;95;0;160;0;
26690;7013934;1075400704;34873344;1162764288;0;0;0;0;0;0;0;0;0;0;0;3016;0;0;95;0;160;0;
26691;7927166;1075400704;34873344;1162764288;0;0;0;0;0;0;0;0;0;0;0;4097;0;0;95;0;160;0;
26692;6313200;1075400704;34873344;1162764288;0;0;0;0;0;0;0;0;0;0;0;3576;0;0;95;0;160;0;
26693;7767878;1075400704;34873344;1162764288;0;0;0;0;0;0;0;0;0;0;0;3026;0;0;95;0;160;0;
26694;6167637;1075400704;34873344;1162764288;0;0;0;0;0;0;0;0;0;0;0;3226;0;0;95;0;160;0;
26695;7170638;1075400704;34873344;1162764288;0;0;0;0;0;0;0;0;0;0;0;5150;0;0;95;0;160;0;
26696;5900826;1075400704;34873344;1162764288;0;0;0;0;0;0;0;0;0;0;0;3938;0;0;95;0;160;0;
26697;7310721;1075400704;34873344;1162764288;0;0;0;0;0;0;0;0;0;0;0;3617;0;0;95;0;160;0;
26698;4799090;1075400704;34873344;1162764288;0;0;0;0;0;0;0;0;0;0;0;3587;0;0;95;0;160;0;
26699;6588877;1075400704;34873344;1162764288;0;0;0;0;0;0;0;0;0;0;0;3297;0;0;95;0;160;0;
26700;5516265;1075400704;34873344;1162764288;0;0;0;0;0;0;0;0;0;0;0;3276;0;0;95;0;160;0;
26701;7186648;1075400704;34873344;1162764288;0;0;0;0;0;0;0;0;0;0;0;3787;0;0;95;0;160;0;
26702;6251685;1075400704;34873344;1162764288;0;0;0;0;0;0;0;0;0;0;0;3417;0;0;95;0;160;0;
26703;8088389;1075400704;34873344;1162764288;0;0;0;0;0;0;0;0;0;0;0;3166;0;0;95;0;160;0;
26704;5916786;1075400704;34873344;1162764288;0;0;0;0;0;0;0;0;0;0;0;4158;0;0;95;0;160;0;
26705;10454857;1075400704;34873344;1162764288;0;0;0;0;0;0;0;0;0;0;0;4429;0;0;95;0;160;0;
26706;6613122;1075400704;34873344;1162764288;0;0;0;0;0;0;0;0;0;0;0;4238;0;0;95;0;160;0;
26707;8941930;1075400704;34873344;1162764288;0;0;0;0;0;0;0;0;0;0;0;8486;0;0;95;0;160;0;
26708;5055521;1075400704;34873344;1162764288;0;0;0;0;0;0;0;0;0;0;0;3938;0;0;95;0;160;0;
26709;7852567;1075400704;34877440;1162768384;0;0;0;0;0;0;0;0;0;0;0;3887;0;0;95;0;160;0;
26710;6376528;1075400704;34881536;1162772480;0;0;0;0;0;0;0;0;0;0;0;3997;0;0;95;0;160;0;
26711;7955610;1075400704;34881536;1162772480;0;0;0;0;0;0;0;0;0;0;0;4789;0;0;95;0;160;0;
26712;6366570;1075400704;34881536;1162772480;0;0;0;0;0;0;0;0;0;0;0;3627;0;0;95;0;160;0;
26713;7212547;1075400704;34881536;1162772480;0;0;0;0;0;0;0;0;0;0;0;3707;0;0;95;0;160;0;
26714;4634872;1075400704;34881536;1162772480;0;0;0;0;0;0;0;0;0;0;0;4058;0;0;95;0;160;0;
26715;7265045;1075400704;34881536;1162772480;0;0;0;0;0;0;0;0;0;0;0;5200;0;0;95;0;160;0;
26716;5987830;1075400704;34873344;1162764288;0;0;0;0;0;0;0;0;0;0;0;4087;0;0;95;0;160;0;
26717;6743116;1075400704;34873344;1162764288;0;0;0;0;0;0;0;0;0;0;0;3206;0;0;95;0;160;0;
26718;5031365;1075400704;34873344;1162764288;0;0;0;0;0;0;0;0;0;0;0;3947;0;0;95;0;160;0;
26719;7299760;1075400704;34873344;1162764288;0;0;0;0;0;0;0;0;0;0;0;3737;0;0;95;0;160;0;
26720;5601104;1075400704;34873344;1162764288;0;0;0;0;0;0;0;0;0;0;0;4509;0;0;95;0;160;0;
26721;6965673;1075400704;34873344;1162764288;0;0;0;0;0;0;0;0;0;0;0;3337;0;0;95;0;160;0;
26722;6370697;1075400704;34873344;1162764288;0;0;0;0;0;0;0;0;0;0;0;2946;0;0;95;0;160;0;
26723;6922923;1075400704;34873344;1162764288;0;0;0;0;0;0;0;0;0;0;0;3637;0;0;95;0;160;0;
26724;5842396;1075400704;34873344;1162764288;0;0;0;0;0;0;0;0;0;0;0;3045;0;0;95;0;160;0;
26725;7737551;1075400704;34873344;1162764288;0;0;0;0;0;0;0;0;0;0;0;3497;0;0;95;0;160;0;
26726;5586246;1075400704;34873344;1162764288;0;0;0;0;0;0;0;0;0;0;0;2885;0;0;95;0;160;0;
26727;8372522;1075400704;34873344;1162764288;0;0;0;0;0;0;0;0;0;0;0;3918;0;0;95;0;160;0;
26728;7531364;1075400704;34873344;1162764288;0;0;0;0;0;0;0;0;0;0;0;3286;0;0;95;0;160;0;
26729;6884261;1075400704;34873344;1162764288;0;0;0;0;0;0;0;0;0;0;0;3587;0;0;95;0;160;0;
26730;6124977;1075400704;34873344;1162764288;0;0;0;0;0;0;0;0;0;0;0;3005;0;0;95;0;160;0;
26731;7577050;1075400704;34873344;1162764288;0;0;0;0;0;0;0;0;0;0;0;3066;0;0;95;0;160;0;
26732;6469513;1075400704;34873344;1162764288;0;0;0;0;0;0;0;0;0;0;0;3086;0;0;95;0;160;0;
26733;6943502;1075400704;34873344;1162764288;0;0;0;0;0;0;0;0;0;0;0;3446;0;0;95;0;160;0;
26734;6211659;1075400704;34873344;1162764288;0;0;0;0;0;0;0;0;0;0;0;4338;0;0;95;0;160;0;
26735;7934851;1075400704;34873344;1162764288;0;0;0;0;0;0;0;0;0;0;0;4358;0;0;95;0;160;0;
26736;5379018;1075400704;34873344;1162764288;0;0;0;0;0;0;0;0;0;0;0;3005;0;0;95;0;160;0;
26737;7943427;1075400704;34873344;1162764288;0;0;0;0;0;0;0;0;0;0;0;4057;0;0;95;0;160;0;
26738;13428083;1075400704;34873344;1162764288;0;0;0;0;0;0;0;0;0;0;0;4108;0;0;95;0;160;0;
26739;7448278;1075400704;34873344;1162764288;0;0;0;0;0;0;0;0;0;0;0;3186;0;0;95;0;160;0;
26740;8227500;1075400704;34873344;1162764288;0;0;0;0;0;0;0;0;0;0;0;3667;0;0;95;0;160;0;
26741;8782571;1075400704;34873344;1162764288;0;0;0;0;0;0;0;0;0;0;0;3677;0;0;95;0;160;0;
26742;5635148;1075400704;34873344;1162764288;0;0;0;0;0;0;0;0;0;0;0;3316;0;0;95;0;160;0;
26743;7267629;1075400704;34873344;1162764288;0;0;0;0;0;0;0;0;0;0;0;4137;0;0;95;0;160;0;
26744;4990530;1075400704;34873344;1162764288;0;0;0;0;0;0;0;0;0;0;0;3997;0;0;95;0;160;0;
26745;6626658;1075400704;34873344;1162764288;0;0;0;0;0;0;0;0;0;0;0;4158;0;0;95;0;160;0;
26746;4710654;1075400704;34873344;1162764288;0;0;0;0;0;0;0;0;0;0;0;3256;0;0;95;0;160;0;
26747;6809370;1075400704;34873344;1162764288;0;0;0;0;0;0;0;0;0;0;0;2464;0;0;95;0;160;0;
26748;8217320;1075400704;34873344;1162764288;0;0;0;0;0;0;0;0;0;0;0;3216;0;0;95;0;160;0;
26749;8997143;1075400704;34873344;1162764288;0;0;0;0;0;0;0;0;0;0;0;3938;0;0;95;0;160;0;
26750;5114461;1075400704;34873344;1162764288;0;0;0;0;0;0;0;0;0;0;0;3646;0;0;95;0;160;0;
26751;9074628;1075400704;34873344;1162764288;0;0;0;0;0;0;0;0;0;0;0;3777;0;0;95;0;160;0;
26752;5217415;1075400704;34873344;1162764288;0;0;0;0;0;0;0;0;0;0;0;3456;0;0;95;0;160;0;
26753;7326560;1075400704;34873344;1162764288;0;0;0;0;0;0;0;0;0;0;0;3547;0;0;95;0;160;0;
26754;5202256;1075400704;34873344;1162764288;0;0;0;0;0;0;0;0;0;0;0;4718;0;0;95;0;160;0;
26755;7310510;1075400704;34873344;1162764288;0;0;0;0;0;0;0;0;0;0;0;3216;0;0;95;0;160;0;
26756;4535566;1075400704;34873344;1162764288;0;0;0;0;0;0;0;0;0;0;0;3847;0;0;95;0;160;0;
26757;6735291;1075400704;34873344;1162764288;0;0;0;0;0;0;0;0;0;0;0;3687;0;0;95;0;160;0;
26758;4064082;1075400704;34873344;1162764288;0;0;0;0;0;0;0;0;0;0;0;3657;0;0;95;0;160;0;
26759;6636767;1075400704;34873344;1162764288;0;0;0;0;0;0;0;0;0;0;0;3937;0;0;95;0;160;0;
26760;4971343;1075400704;34873344;1162764288;0;0;0;0;0;0;0;0;0;0;0;2765;0;0;95;0;160;0;
26761;6766008;1075400704;34873344;1162764288;0;0;0;0;0;0;0;0;0;0;0;4619;0;0;95;0;160;0;
26762;5354952;1075400704;34873344;1162764288;0;0;0;0;0;0;0;0;0;0;0;3045;0;0;95;0;160;0;
26763;7164607;1075400704;34873344;1162764288;0;0;0;0;0;0;0;0;0;0;0;4469;0;0;95;0;160;0;
26764;5756306;1075400704;34873344;1162764288;0;0;0;0;0;0;0;0;0;0;0;3888;0;0;95;0;160;0;
26765;17327786;1075400704;34873344;1162764288;0;0;0;0;0;0;0;0;0;0;0;3426;0;0;95;0;160;0;
26766;4520528;1075400704;34873344;1162764288;0;0;0;0;0;0;0;0;0;0;0;4398;0;0;95;0;160;0;
26767;6337234;1075400704;34873344;1162764288;0;0;0;0;0;0;0;0;0;0;0;3656;0;0;95;0;160;0;
26768;4200838;1075400704;34873344;1162764288;0;0;0;0;0;0;0;0;0;0;0;3757;0;0;95;0;160;0;
26769;7788516;1075400704;34873344;1162764288;0;0;0;0;0;0;0;0;0;0;0;3206;0;0;95;0;160;0;
26770;6098838;1075400704;34873344;1162764288;0;0;0;0;0;0;0;0;0;0;0;3957;0;0;95;0;160;0;
26771;6267474;1075400704;34873344;1162764288;0;0;0;0;0;0;0;0;0;0;0;3216;0;0;95;0;160;0;
26772;5255396;1075400704;34873344;1162764288;0;0;0;0;0;0;0;0;0;0;0;3076;0;0;95;0;160;0;
26773;6558189;1075400704;34873344;1162764288;0;0;0;0;0;0;0;0;0;0;0;3646;0;0;95;0;160;0;
26774;4965112;1075400704;34873344;1162764288;0;0;0;0;0;0;0;0;0;0;0;3496;0;0;95;0;160;0;
26775;5998881;1075400704;34873344;1162764288;0;0;0;0;0;0;0;0;0;0;0;3747;0;0;95;0;160;0;
26776;4950775;1075400704;34873344;1162764288;0;0;0;0;0;0;0;0;0;0;0;3938;0;0;95;0;160;0;
26777;5684340;1075400704;34873344;1162764288;0;0;0;0;0;0;0;0;0;0;0;3817;0;0;95;0;160;0;
26778;6763815;1075400704;34873344;1162764288;0;0;0;0;0;0;0;0;0;0;0;2905;0;0;95;0;160;0;
26779;6345390;1075400704;34873344;1162764288;0;0;0;0;0;0;0;0;0;0;0;3366;0;0;95;0;160;0;
26780;5134048;1075400704;34873344;1162764288;0;0;0;0;0;0;0;0;0;0;0;2876;0;0;95;0;160;0;
26781;7082432;1075400704;34873344;1162764288;0;0;0;0;0;0;0;0;0;0;0;3627;0;0;95;0;160;0;
26782;6224513;1075400704;34873344;1162764288;0;0;0;0;0;0;0;0;0;0;0;4107;0;0;95;0;160;0;
26783;6505560;1075400704;34873344;1162764288;0;0;0;0;0;0;0;0;0;0;0;3326;0;0;95;0;160;0;
26784;5572370;1075400704;34873344;1162764288;0;0;0;0;0;0;0;0;0;0;0;4037;0;0;95;0;160;0;
26785;7023782;1075400704;34873344;1162764288;0;0;0;0;0;0;0;0;0;0;0;2575;0;0;95;0;160;0;
26786;4579208;1075400704;34873344;1162764288;0;0;0;0;0;0;0;0;0;0;0;130334;0;0;95;0;160;0;
26787;8558550;1075400704;34873344;1162764288;0;0;0;0;0;0;0;0;0;0;0;4909;0;0;95;0;160;0;
26788;4283924;1075400704;34873344;1162764288;0;0;0;0;0;0;0;0;0;0;0;2835;0;0;95;0;160;0;
26789;7847557;1075400704;34873344;1162764288;0;0;0;0;0;0;0;0;0;0;0;3847;0;0;95;0;160;0;
26790;3810055;1075400704;34873344;1162764288;0;0;0;0;0;0;0;0;0;0;0;3066;0;0;95;0;160;0;
26791;8250282;1075400704;34873344;1162764288;0;0;0;0;0;0;0;0;0;0;0;3757;0;0;95;0;160;0;
26792;4678514;1075400704;34873344;1162764288;0;0;0;0;0;0;0;0;0;0;0;4498;0;0;95;0;160;0;
26793;6378001;1075400704;34873344;1162764288;0;0;0;0;0;0;0;0;0;0;0;3046;0;0;95;0;160;0;
26794;4782980;1075400704;34873344;1162764288;0;0;0;0;0;0;0;0;0;0;0;3316;0;0;95;0;160;0;
26795;6640915;1075400704;34873344;1162764288;0;0;0;0;0;0;0;0;0;0;0;3967;0;0;95;0;160;0;
26796;3470278;1075400704;34873344;1162764288;0;0;0;0;0;0;0;0;0;0;0;2986;0;0;95;0;160;0;
26797;5706492;1075400704;34873344;1162764288;0;0;0;0;0;0;0;0;0;0;0;2554;0;0;95;0;160;0;
26798;4944593;1075400704;34873344;1162764288;0;0;0;0;0;0;0;0;0;0;0;3105;0;0;95;0;160;0;
26799;5260094;1075400704;34873344;1162764288;0;0;0;0;0;0;0;0;0;0;0;2755;0;0;95;0;160;0;
26800;5781122;1075400704;34873344;1162764288;0;0;0;0;0;0;0;0;0;0;0;2836;0;0;95;0;160;0;
26801;5714757;1075400704;34873344;1162764288;0;0;0;0;0;0;0;0;0;0;0;3807;0;0;95;0;160;0;
26802;5564005;1075400704;34873344;1162764288;0;0;0;0;0;0;0;0;0;0;0;3687;0;0;95;0;160;0;
26803;5745926;1075400704;34873344;1162764288;0;0;0;0;0;0;0;0;0;0;0;2464;0;0;95;0;160;0;
26804;6413829;1075400704;34873344;1162764288;0;0;0;0;0;0;0;0;0;0;0;3727;0;0;95;0;160;0;
26805;5417410;1075400704;34873344;1162764288;0;0;0;0;0;0;0;0;0;0;0;3376;0;0;95;0;160;0;
26806;9103062;1075400704;34873344;1162764288;0;0;0;0;0;0;0;0;0;0;0;3106;0;0;95;0;160;0;
26807;5435955;1075400704;34873344;1162764288;0;0;0;0;0;0;0;0;0;0;0;3767;0;0;95;0;160;0;
26808;6205788;1075400704;34873344;1162764288;0;0;0;0;0;0;0;0;0;0;0;4328;0;0;95;0;160;0;
26809;7602478;1075400704;34873344;1162764288;0;0;0;0;0;0;0;0;0;0;0;2835;0;0;95;0;160;0;
26810;6429006;1075400704;34873344;1162764288;0;0;0;0;0;0;0;0;0;0;0;3717;0;0;95;0;160;0;
26811;7760634;1075400704;34873344;1162764288;0;0;0;0;0;0;0;0;0;0;0;3075;0;0;95;0;160;0;
26812;4700926;1075400704;34873344;1162764288;0;0;0;0;0;0;0;0;0;0;0;3757;0;0;95;0;160;0;
26813;6704213;1075400704;34873344;1162764288;0;0;0;0;0;0;0;0;0;0;0;3417;0;0;95;0;160;0;
26814;7728554;1075400704;34873344;1162764288;0;0;0;0;0;0;0;0;0;0;0;4158;0;0;95;0;160;0;
26815;6986522;1075400704;34873344;1162764288;0;0;0;0;0;0;0;0;0;0;0;2995;0;0;95;0;160;0;
26816;5909412;1075400704;34873344;1162764288;0;0;0;0;0;0;0;0;0;0;0;3176;0;0;95;0;160;0;
26817;6562226;1075400704;34873344;1162764288;0;0;0;0;0;0;0;0;0;0;0;2735;0;0;95;0;160;0;
26818;5949829;1075400704;34873344;1162764288;0;0;0;0;0;0;0;0;0;0;0;3336;0;0;95;0;160;0;
26819;6164020;1075400704;34873344;1162764288;0;0;0;0;0;0;0;0;0;0;0;3496;0;0;95;0;160;0;
26820;5366074;1075400704;34873344;1162764288;0;0;0;0;0;0;0;0;0;0;0;4198;0;0;95;0;160;0;
26821;5587579;1075400704;34873344;1162764288;0;0;0;0;0;0;0;0;0;0;0;2945;0;0;95;0;160;0;
26822;5498552;1075400704;34873344;1162764288;0;0;0;0;0;0;0;0;0;0;0;4027;0;0;95;0;160;0;
26823;5407671;1075400704;34873344;1162764288;0;0;0;0;0;0;0;0;0;0;0;2164;0;0;95;0;160;0;
26824;7246700;1075400704;34873344;1162764288;0;0;0;0;0;0;0;0;0;0;0;4208;0;0;95;0;160;0;
26825;6907635;1075400704;34873344;1162764288;0;0;0;0;0;0;0;0;0;0;0;3206;0;0;95;0;160;0;
26826;5934048;1075400704;34873344;1162764288;0;0;0;0;0;0;0;0;0;0;0;2825;0;0;95;0;160;0;
26827;6796616;1075400704;34873344;1162764288;0;0;0;0;0;0;0;0;0;0;0;54062;0;0;95;0;160;0;
26828;6713711;1075400704;34873344;1162764288;0;0;0;0;0;0;0;0;0;0;0;4268;0;0;95;0;160;0;
26829;6117643;1075400704;34873344;1162764288;0;0;0;0;0;0;0;0;0;0;0;3006;0;0;95;0;160;0;
26830;7765032;1075400704;34873344;1162764288;0;0;0;0;0;0;0;0;0;0;0;3216;0;0;95;0;160;0;
26831;7848439;1075400704;34873344;1162764288;0;0;0;0;0;0;0;0;0;0;0;3146;0;0;95;0;160;0;
26832;5678460;1075400704;34873344;1162764288;0;0;0;0;0;0;0;0;0;0;0;3687;0;0;95;0;160;0;
26833;5761445;1075400704;34873344;1162764288;0;0;0;0;0;0;0;0;0;0;0;2786;0;0;95;0;160;0;
26834;5962391;1075400704;34873344;1162764288;0;0;0;0;0;0;0;0;0;0;0;3647;0;0;95;0;160;0;
26835;6490783;1075400704;34873344;1162764288;0;0;0;0;0;0;0;0;0;0;0;2795;0;0;95;0;160;0;
26836;5179815;1075400704;34873344;1162764288;0;0;0;0;0;0;0;0;0;0;0;3907;0;0;95;0;160;0;
26837;7133789;1075400704;34873344;1162764288;0;0;0;0;0;0;0;0;0;0;0;3196;0;0;95;0;160;0;
26838;5216172;1075400704;34873344;1162764288;0;0;0;0;0;0;0;0;0;0;0;4078;0;0;95;0;160;0;
26839;7889846;1075400704;34873344;1162764288;0;0;0;0;0;0;0;0;0;0;0;3347;0;0;95;0;160;0;
26840;6492536;1075400704;34873344;1162764288;0;0;0;0;0;0;0;0;0;0;0;3927;0;0;95;0;160;0;
26841;7556351;1075400704;34873344;1162764288;0;0;0;0;0;0;0;0;0;0;0;4789;0;0;95;0;160;0;
26842;5705911;1075400704;34873344;1162764288;0;0;0;0;0;0;0;0;0;0;0;4248;0;0;95;0;160;0;
26843;7951632;1075400704;34873344;1162764288;0;0;0;0;0;0;0;0;0;0;0;4368;0;0;95;0;160;0;
26844;5034892;1075400704;34873344;1162764288;0;0;0;0;0;0;0;0;0;0;0;3356;0;0;95;0;160;0;
26845;7326210;1075400704;34873344;1162764288;0;0;0;0;0;0;0;0;0;0;0;3657;0;0;95;0;160;0;
26846;6132841;1075400704;34873344;1162764288;0;0;0;0;0;0;0;0;0;0;0;3827;0;0;95;0;160;0;
26847;9390100;1075400704;34873344;1162764288;0;0;0;0;0;0;0;0;0;0;0;4118;0;0;95;0;160;0;
26848;6795985;1075400704;34873344;1162764288;0;0;0;0;0;0;0;0;0;0;0;4809;0;0;95;0;160;0;
26849;7713185;1075400704;34873344;1162764288;0;0;0;0;0;0;0;0;0;0;0;4399;0;0;95;0;160;0;
26850;5653312;1075400704;34873344;1162764288;0;0;0;0;0;0;0;0;0;0;0;5370;0;0;95;0;160;0;
26851;8048404;1075400704;34873344;1162764288;0;0;0;0;0;0;0;0;0;0;0;3837;0;0;95;0;160;0;
26852;5553345;1075400704;34873344;1162764288;0;0;0;0;0;0;0;0;0;0;0;3045;0;0;95;0;160;0;
26853;8237729;1075400704;34873344;1162764288;0;0;0;0;0;0;0;0;0;0;0;4879;0;0;95;0;160;0;
26854;5546903;1075400704;34873344;1162764288;0;0;0;0;0;0;0;0;0;0;0;3206;0;0;95;0;160;0;
26855;7622075;1075400704;34873344;1162764288;0;0;0;0;0;0;0;0;0;0;0;4288;0;0;95;0;160;0;
26856;9212567;1075400704;34873344;1162764288;0;0;0;0;0;0;0;0;0;0;0;5070;0;0;95;0;160;0;
26857;8271823;1075400704;34873344;1162764288;0;0;0;0;0;0;0;0;0;0;0;4118;0;0;95;0;160;0;
26858;6068821;1075400704;34873344;1162764288;0;0;0;0;0;0;0;0;0;0;0;3617;0;0;95;0;160;0;
26859;8550536;1075400704;34873344;1162764288;0;0;0;0;0;0;0;0;0;0;0;3877;0;0;95;0;160;0;
26860;5508380;1075400704;34873344;1162764288;0;0;0;0;0;0;0;0;0;0;0;2905;0;0;95;0;160;0;
26861;8748307;1075400704;34873344;1162764288;0;0;0;0;0;0;0;0;0;0;0;3627;0;0;95;0;160;0;
26862;5570517;1075400704;34873344;1162764288;0;0;0;0;0;0;0;0;0;0;0;3547;0;0;95;0;160;0;
26863;8151397;1075400704;34873344;1162764288;0;0;0;0;0;0;0;0;0;0;0;4699;0;0;95;0;160;0;
26864;5625480;1075400704;34873344;1162764288;0;0;0;0;0;0;0;0;0;0;0;3988;0;0;95;0;160;0;
26865;7708757;1075400704;34873344;1162764288;0;0;0;0;0;0;0;0;0;0;0;3697;0;0;95;0;160;0;
26866;5925282;1075400704;34873344;1162764288;0;0;0;0;0;0;0;0;0;0;0;4388;0;0;95;0;160;0;
26867;6997533;1075400704;34873344;1162764288;0;0;0;0;0;0;0;0;0;0;0;3417;0;0;95;0;160;0;
26868;5078184;1075400704;34873344;1162764288;0;0;0;0;0;0;0;0;0;0;0;3366;0;0;95;0;160;0;
26869;7704199;1075400704;34873344;1162764288;0;0;0;0;0;0;0;0;0;0;0;4258;0;0;95;0;160;0;
26870;4484821;1075400704;34873344;1162764288;0;0;0;0;0;0;0;0;0;0;0;3486;0;0;95;0;160;0;
26871;7460431;1075400704;34873344;1162764288;0;0;0;0;0;0;0;0;0;0;0;4559;0;0;95;0;160;0;
26872;6393530;1075400704;34873344;1162764288;0;0;0;0;0;0;0;0;0;0;0;3636;0;0;95;0;160;0;
26873;9597679;1075400704;34873344;1162764288;0;0;0;0;0;0;0;0;0;0;0;4839;0;0;95;0;160;0;
26874;5715729;1075400704;34873344;1162764288;0;0;0;0;0;0;0;0;0;0;0;2775;0;0;95;0;160;0;
26875;9267881;1075400704;34873344;1162764288;0;0;0;0;0;0;0;0;0;0;0;3617;0;0;95;0;160;0;
26876;7105286;1075400704;34873344;1162764288;0;0;0;0;0;0;0;0;0;0;0;4759;0;0;95;0;160;0;
26877;6886515;1075400704;34873344;1162764288;0;0;0;0;0;0;0;0;0;0;0;4318;0;0;95;0;160;0;
26878;6619675;1075400704;34873344;1162764288;0;0;0;0;0;0;0;0;0;0;0;3607;0;0;95;0;160;0;
26879;7485588;1075400704;34873344;1162764288;0;0;0;0;0;0;0;0;0;0;0;3827;0;0;95;0;160;0;
26880;6079241;1075400704;34873344;1162764288;0;0;0;0;0;0;0;0;0;0;0;3296;0;0;95;0;160;0;
26881;7260326;1075400704;34873344;1162764288;0;0;0;0;0;0;0;0;0;0;0;3476;0;0;95;0;160;0;
26882;5274101;1075400704;34873344;1162764288;0;0;0;0;0;0;0;0;0;0;0;4308;0;0;95;0;160;0;
26883;8285097;1075400704;34873344;1162764288;0;0;0;0;0;0;0;0;0;0;0;3016;0;0;95;0;160;0;
26884;5302694;1075400704;34873344;1162764288;0;0;0;0;0;0;0;0;0;0;0;6122;0;0;95;0;160;0;
26885;6365898;1075400704;34873344;1162764288;0;0;0;0;0;0;0;0;0;0;0;67737;0;0;95;0;160;0;
26886;5323965;1075400704;34873344;1162764288;0;0;0;0;0;0;0;0;0;0;0;4919;0;0;95;0;160;0;
26887;7017401;1075400704;34873344;1162764288;0;0;0;0;0;0;0;0;0;0;0;94688;0;0;95;0;160;0;
26888;4917803;1075400704;34873344;1162764288;0;0;0;0;0;0;0;0;0;0;0;4839;0;0;95;0;160;0;
26889;9095909;1075400704;34873344;1162764288;0;0;0;0;0;0;0;0;0;0;0;5280;0;0;95;0;160;0;
26890;14244794;1075400704;34873344;1162764288;0;0;0;0;0;0;0;0;0;0;0;3737;0;0;95;0;160;0;
26891;7649235;1075400704;34873344;1162764288;0;0;0;0;0;0;0;0;0;0;0;3667;0;0;95;0;160;0;
26892;6467829;1075400704;34873344;1162764288;0;0;0;0;0;0;0;0;0;0;0;4268;0;0;95;0;160;0;
26893;7162943;1075400704;34873344;1162764288;0;0;0;0;0;0;0;0;0;0;0;4398;0;0;95;0;160;0;
26894;6056808;1075400704;34873344;1162764288;0;0;0;0;0;0;0;0;0;0;0;4028;0;0;95;0;160;0;
26895;6911982;1075400704;34873344;1162764288;0;0;0;0;0;0;0;0;0;0;0;3006;0;0;95;0;160;0;
26896;7006340;1075400704;34873344;1162764288;0;0;0;0;0;0;0;0;0;0;0;3025;0;0;95;0;160;0;
26897;7476922;1075400704;34873344;1162764288;0;0;0;0;0;0;0;0;0;0;0;3276;0;0;95;0;160;0;
26898;7483845;1075400704;34873344;1162764288;0;0;0;0;0;0;0;0;0;0;0;4027;0;0;95;0;160;0;
26899;8537201;1075400704;34873344;1162764288;0;0;0;0;0;0;0;0;0;0;0;4258;0;0;95;0;160;0;
26900;4744348;1075400704;34873344;1162764288;0;0;0;0;0;0;0;0;0;0;0;4178;0;0;95;0;160;0;
26901;6163189;1075400704;34873344;1162764288;0;0;0;0;0;0;0;0;0;0;0;2976;0;0;95;0;160;0;
26902;5305089;1075400704;34873344;1162764288;0;0;0;0;0;0;0;0;0;0;0;3567;0;0;95;0;160;0;
26903;5575596;1075400704;34873344;1162764288;0;0;0;0;0;0;0;0;0;0;0;4308;0;0;95;0;160;0;
26904;6800744;1075400704;34873344;1162764288;0;0;0;0;0;0;0;0;0;0;0;3737;0;0;95;0;160;0;
26905;6305765;1075400704;34873344;1162764288;0;0;0;0;0;0;0;0;0;0;0;4809;0;0;95;0;160;0;
26906;5656458;1075400704;34873344;1162764288;0;0;0;0;0;0;0;0;0;0;0;3337;0;0;95;0;160;0;
26907;6470365;1075400704;34873344;1162764288;0;0;0;0;0;0;0;0;0;0;0;4469;0;0;95;0;160;0;
26908;5317141;1075400704;34873344;1162764288;0;0;0;0;0;0;0;0;0;0;0;3266;0;0;95;0;160;0;
26909;6083779;1075400704;34873344;1162764288;0;0;0;0;0;0;0;0;0;0;0;4098;0;0;95;0;160;0;
26910;6060225;1075400704;34873344;1162764288;0;0;0;0;0;0;0;0;0;0;0;2995;0;0;95;0;160;0;
26911;6233219;1075400704;34873344;1162764288;0;0;0;0;0;0;0;0;0;0;0;3546;0;0;95;0;160;0;
26912;6971374;1075400704;34873344;1162764288;0;0;0;0;0;0;0;0;0;0;0;3938;0;0;95;0;160;0;
26913;6778322;1075400704;34873344;1162764288;0;0;0;0;0;0;0;0;0;0;0;4468;0;0;95;0;160;0;
26914;5811829;1075400704;34873344;1162764288;0;0;0;0;0;0;0;0;0;0;0;3777;0;0;95;0;160;0;
26915;7967301;1075400704;34873344;1162764288;0;0;0;0;0;0;0;0;0;0;0;3837;0;0;95;0;160;0;
26916;5909262;1075400704;34873344;1162764288;0;0;0;0;0;0;0;0;0;0;0;3727;0;0;95;0;160;0;
26917;6078921;1075400704;34873344;1162764288;0;0;0;0;0;0;0;0;0;0;0;5239;0;0;95;0;160;0;
26918;5870720;1075400704;34873344;1162764288;0;0;0;0;0;0;0;0;0;0;0;3928;0;0;95;0;160;0;
26919;6755509;1075400704;34873344;1162764288;0;0;0;0;0;0;0;0;0;0;0;3617;0;0;95;0;160;0;
26920;8983367;1075400704;34873344;1162764288;0;0;0;0;0;0;0;0;0;0;0;3747;0;0;95;0;160;0;
26921;6204456;1075400704;34873344;1162764288;0;0;0;0;0;0;0;0;0;0;0;3747;0;0;95;0;160;0;
26922;8090042;1075400704;34873344;1162764288;0;0;0;0;0;0;0;0;0;0;0;4489;0;0;95;0;160;0;
26923;6458322;1075400704;34873344;1162764288;0;0;0;0;0;0;0;0;0;0;0;3748;0;0;95;0;160;0;
26924;6598315;1075400704;34873344;1162764288;0;0;0;0;0;0;0;0;0;0;0;2575;0;0;95;0;160;0;
26925;5959546;1075400704;34873344;1162764288;0;0;0;0;0;0;0;0;0;0;0;3657;0;0;95;0;160;0;
26926;5731649;1075400704;34873344;1162764288;0;0;0;0;0;0;0;0;0;0;0;3386;0;0;95;0;160;0;
26927;7275284;1075400704;34873344;1162764288;0;0;0;0;0;0;0;0;0;0;0;3206;0;0;95;0;160;0;
26928;6565954;1075400704;34873344;1162764288;0;0;0;0;0;0;0;0;0;0;0;3477;0;0;95;0;160;0;
26929;7264013;1075400704;34873344;1162764288;0;0;0;0;0;0;0;0;0;0;0;4027;0;0;95;0;160;0;
26930;5329294;1075400704;34873344;1162764288;0;0;0;0;0;0;0;0;0;0;0;3477;0;0;95;0;160;0;
26931;8100010;1075400704;34873344;1162764288;0;0;0;0;0;0;0;0;0;0;0;4659;0;0;95;0;160;0;
26932;5783957;1075400704;34873344;1162764288;0;0;0;0;0;0;0;0;0;0;0;3326;0;0;95;0;160;0;
26933;7573894;1075400704;34873344;1162764288;0;0;0;0;0;0;0;0;0;0;0;3847;0;0;95;0;160;0;
26934;5601535;1075400704;34873344;1162764288;0;0;0;0;0;0;0;0;0;0;0;3597;0;0;95;0;160;0;
26935;8386718;1075400704;34873344;1162764288;0;0;0;0;0;0;0;0;0;0;0;5220;0;0;95;0;160;0;
26936;4986422;1075400704;34873344;1162764288;0;0;0;0;0;0;0;0;0;0;0;3387;0;0;95;0;160;0;
26937;8391788;1075400704;34873344;1162764288;0;0;0;0;0;0;0;0;0;0;0;3787;0;0;95;0;160;0;
26938;5507158;1075400704;34873344;1162764288;0;0;0;0;0;0;0;0;0;0;0;2805;0;0;95;0;160;0;
26939;7401260;1075400704;34873344;1162764288;0;0;0;0;0;0;0;0;0;0;0;3626;0;0;95;0;160;0;
26940;6428786;1075400704;34873344;1162764288;0;0;0;0;0;0;0;0;0;0;0;4198;0;0;95;0;160;0;
26941;7550460;1075400704;34873344;1162764288;0;0;0;0;0;0;0;0;0;0;0;4268;0;0;95;0;160;0;
26942;5744974;1075400704;34873344;1162764288;0;0;0;0;0;0;0;0;0;0;0;3888;0;0;95;0;160;0;
26943;8021904;1075400704;34873344;1162764288;0;0;0;0;0;0;0;0;0;0;0;3677;0;0;95;0;160;0;
26944;5852475;1075400704;34873344;1162764288;0;0;0;0;0;0;0;0;0;0;0;4779;0;0;95;0;160;0;
26945;7900467;1075400704;34873344;1162764288;0;0;0;0;0;0;0;0;0;0;0;4037;0;0;95;0;160;0;
26946;5322482;1075400704;34873344;1162764288;0;0;0;0;0;0;0;0;0;0;0;3296;0;0;95;0;160;0;
26947;8390836;1075400704;34873344;1162764288;0;0;0;0;0;0;0;0;0;0;0;5460;0;0;95;0;160;0;
26948;5929630;1075400704;34873344;1162764288;0;0;0;0;0;0;0;0;0;0;0;3877;0;0;95;0;160;0;
26949;9814426;1075400704;34873344;1162764288;0;0;0;0;0;0;0;0;0;0;0;4980;0;0;95;0;160;0;
26950;4977294;1075400704;34873344;1162764288;0;0;0;0;0;0;0;0;0;0;0;5160;0;0;95;0;160;0;
26951;8707721;1075400704;34873344;1162764288;0;0;0;0;0;0;0;0;0;0;0;3136;0;0;95;0;160;0;
26952;6074572;1075400704;34873344;1162764288;0;0;0;0;0;0;0;0;0;0;0;3356;0;0;95;0;160;0;
26953;8155755;1075400704;34873344;1162764288;0;0;0;0;0;0;0;0;0;0;0;4389;0;0;95;0;160;0;
26954;6768754;1075400704;34873344;1162764288;0;0;0;0;0;0;0;0;0;0;0;3507;0;0;95;0;160;0;
26955;6400594;1075400704;34873344;1162764288;0;0;0;0;0;0;0;0;0;0;0;5831;0;0;95;0;160;0;
26956;6020341;1075400704;34873344;1162764288;0;0;0;0;0;0;0;0;0;0;0;3677;0;0;95;0;160;0;
26957;8757103;1075400704;34873344;1162764288;0;0;0;0;0;0;0;0;0;0;0;4148;0;0;95;0;160;0;
26958;5046053;1075400704;34873344;1162764288;0;0;0;0;0;0;0;0;0;0;0;5120;0;0;95;0;160;0;
26959;7724496;1075400704;34873344;1162764288;0;0;0;0;0;0;0;0;0;0;0;4478;0;0;95;0;160;0;
26960;5324085;1075400704;34873344;1162764288;0;0;0;0;0;0;0;0;0;0;0;133410;0;0;95;0;160;0;
26961;6984188;1075400704;34873344;1162764288;0;0;0;0;0;0;0;0;0;0;0;4639;0;0;95;0;160;0;
26962;4489810;1075400704;34873344;1162764288;0;0;0;0;0;0;0;0;0;0;0;3386;0;0;95;0;160;0;
26963;7532797;1075400704;34873344;1162764288;0;0;0;0;0;0;0;0;0;0;0;4809;0;0;95;0;160;0;
26964;6394723;1075400704;34873344;1162764288;0;0;0;0;0;0;0;0;0;0;0;3788;0;0;95;0;160;0;
26965;9059359;1075400704;34873344;1162764288;0;0;0;0;0;0;0;0;0;0;0;4378;0;0;95;0;160;0;
26966;7634457;1075400704;34873344;1162764288;0;0;0;0;0;0;0;0;0;0;0;3927;0;0;95;0;160;0;
26967;5285593;1075400704;34873344;1162764288;0;0;0;0;0;0;0;0;0;0;0;4338;0;0;95;0;160;0;
26968;8441531;1075400704;34873344;1162764288;0;0;0;0;0;0;0;0;0;0;0;4158;0;0;95;0;160;0;
26969;6082146;1075400704;34873344;1162764288;0;0;0;0;0;0;0;0;0;0;0;3015;0;0;95;0;160;0;
26970;6899048;1075400704;34873344;1162764288;0;0;0;0;0;0;0;0;0;0;0;4379;0;0;95;0;160;0;
26971;6519507;1075400704;34873344;1162764288;0;0;0;0;0;0;0;0;0;0;0;3327;0;0;95;0;160;0;
26972;5701843;1075400704;34873344;1162764288;0;0;0;0;0;0;0;0;0;0;0;4167;0;0;95;0;160;0;
26973;6082206;1075400704;34873344;1162764288;0;0;0;0;0;0;0;0;0;0;0;2725;0;0;95;0;160;0;
26974;5932947;1075400704;34873344;1162764288;0;0;0;0;0;0;0;0;0;0;0;3356;0;0;95;0;160;0;
26975;5814284;1075400704;34873344;1162764288;0;0;0;0;0;0;0;0;0;0;0;3727;0;0;95;0;160;0;
26976;4784893;1075400704;34873344;1162764288;0;0;0;0;0;0;0;0;0;0;0;4058;0;0;95;0;160;0;
26977;6341212;1075400704;34873344;1162764288;0;0;0;0;0;0;0;0;0;0;0;3426;0;0;95;0;160;0;
26978;5856934;1075400704;34873344;1162764288;0;0;0;0;0;0;0;0;0;0;0;4128;0;0;95;0;160;0;
26979;9142586;1075400704;34873344;1162764288;0;0;0;0;0;0;0;0;0;0;0;4399;0;0;95;0;160;0;
26980;5900926;1075400704;34873344;1162764288;0;0;0;0;0;0;0;0;0;0;0;4228;0;0;95;0;160;0;
26981;8319142;1075400704;34873344;1162764288;0;0;0;0;0;0;0;0;0;0;0;4068;0;0;95;0;160;0;
26982;7550229;1075400704;34873344;1162764288;0;0;0;0;0;0;0;0;0;0;0;4739;0;0;95;0;160;0;
26983;8366811;1075400704;34873344;1162764288;0;0;0;0;0;0;0;0;0;0;0;2936;0;0;95;0;160;0;
26984;9882253;1075400704;34873344;1162764288;0;0;0;0;0;0;0;0;0;0;0;4178;0;0;95;0;160;0;
26985;7987911;1075400704;34873344;1162764288;0;0;0;0;0;0;0;0;0;0;0;4358;0;0;95;0;160;0;
26986;9083024;1075400704;34873344;1162764288;0;0;0;0;0;0;0;0;0;0;0;87153;0;0;95;0;160;0;
26987;9049932;1075400704;34873344;1162764288;0;0;0;0;0;0;0;0;0;0;0;4168;0;0;95;0;160;0;
26988;7913531;1075400704;34873344;1162764288;0;0;0;0;0;0;0;0;0;0;0;76063;0;0;95;0;160;0;
26989;9980848;1075400704;34873344;1162764288;0;0;0;0;0;0;0;0;0;0;0;4188;0;0;95;0;160;0;
26990;5444070;1075400704;34873344;1162764288;0;0;0;0;0;0;0;0;0;0;0;5029;0;0;95;0;160;0;
26991;9664505;1075400704;34873344;1162764288;0;0;0;0;0;0;0;0;0;0;0;3747;0;0;95;0;160;0;
26992;5574845;1075400704;34873344;1162764288;0;0;0;0;0;0;0;0;0;0;0;3828;0;0;95;0;160;0;
26993;6799531;1075400704;34873344;1162764288;0;0;0;0;0;0;0;0;0;0;0;4178;0;0;95;0;160;0;
26994;8407317;1075400704;34873344;1162764288;0;0;0;0;0;0;0;0;0;0;0;4198;0;0;95;0;160;0;
26995;8678435;1075400704;34873344;1162764288;0;0;0;0;0;0;0;0;0;0;0;7073;0;0;95;0;160;0;
26996;6914878;1075400704;34873344;1162764288;0;0;0;0;0;0;0;0;0;0;0;4228;0;0;95;0;160;0;
26997;8817726;1075400704;34873344;1162764288;0;0;0;0;0;0;0;0;0;0;0;9398;0;0;95;0;160;0;
26998;8192263;1075400704;34873344;1162764288;0;0;0;0;0;0;0;0;0;0;0;3847;0;0;95;0;160;0;
26999;8182575;1075400704;34873344;1162764288;0;0;0;0;0;0;0;0;0;0;0;3567;0;0;95;0;160;0;
27000;6715755;1075400704;34873344;1162764288;0;0;0;0;0;0;0;0;0;0;0;5851;0;0;95;0;160;0;
27001;8066137;1075400704;34873344;1162764288;0;0;0;0;0;0;0;0;0;0;0;4689;0;0;95;0;160;0;
27002;5525703;1075400704;34873344;1162764288;0;0;0;0;0;0;0;0;0;0;0;4138;0;0;95;0;160;0;
27003;8293514;1075400704;34873344;1162764288;0;0;0;0;0;0;0;0;0;0;0;4839;0;0;95;0;160;0;
27004;6449856;1075400704;34873344;1162764288;0;0;0;0;0;0;0;0;0;0;0;4238;0;0;95;0;160;0;
27005;7607387;1075400704;34873344;1162764288;0;0;0;0;0;0;0;0;0;0;0;4478;0;0;95;0;160;0;
27006;6909168;1075400704;34873344;1162764288;0;0;0;0;0;0;0;0;0;0;0;4348;0;0;95;0;160;0;
27007;6693784;1075400704;34873344;1162764288;0;0;0;0;0;0;0;0;0;0;0;3256;0;0;95;0;160;0;
27008;8673466;1075400704;34873344;1162764288;0;0;0;0;0;0;0;0;0;0;0;3356;0;0;95;0;160;0;
27009;8236287;1075400704;34873344;1162764288;0;0;0;0;0;0;0;0;0;0;0;3627;0;0;95;0;160;0;
27010;6946297;1075400704;34873344;1162764288;0;0;0;0;0;0;0;0;0;0;0;3186;0;0;95;0;160;0;
27011;6990479;1075400704;34873344;1162764288;0;0;0;0;0;0;0;0;0;0;0;3547;0;0;95;0;160;0;
27012;7065571;1075400704;34873344;1162764288;0;0;0;0;0;0;0;0;0;0;0;4237;0;0;95;0;160;0;
27013;8573398;1075400704;34873344;1162764288;0;0;0;0;0;0;0;0;0;0;0;4768;0;0;95;0;160;0;
27014;4663856;1075400704;34873344;1162764288;0;0;0;0;0;0;0;0;0;0;0;3286;0;0;95;0;160;0;
27015;7947936;1075400704;34873344;1162764288;0;0;0;0;0;0;0;0;0;0;0;5982;0;0;95;0;160;0;
27016;4558238;1075400704;34873344;1162764288;0;0;0;0;0;0;0;0;0;0;0;3256;0;0;95;0;160;0;
27017;7094715;1075400704;34873344;1162764288;0;0;0;0;0;0;0;0;0;0;0;3847;0;0;95;0;160;0;
27018;5843790;1075400704;34873344;1162764288;0;0;0;0;0;0;0;0;0;0;0;3787;0;0;95;0;160;0;
27019;8939915;1075400704;34873344;1162764288;0;0;0;0;0;0;0;0;0;0;0;4829;0;0;95;0;160;0;
27020;5071371;1075400704;34873344;1162764288;0;0;0;0;0;0;0;0;0;0;0;4108;0;0;95;0;160;0;
27021;7017511;1075400704;34873344;1162764288;0;0;0;0;0;0;0;0;0;0;0;4728;0;0;95;0;160;0;
27022;3986396;1075400704;34873344;1162764288;0;0;0;0;0;0;0;0;0;0;0;4468;0;0;95;0;160;0;
27023;7359702;1075400704;34873344;1162764288;0;0;0;0;0;0;0;0;0;0;0;4568;0;0;95;0;160;0;
27024;4481394;1075400704;34873344;1162764288;0;0;0;0;0;0;0;0;0;0;0;4067;0;0;95;0;160;0;
27025;6573588;1075400704;34873344;1162764288;0;0;0;0;0;0;0;0;0;0;0;2945;0;0;95;0;160;0;
27026;5348059;1075400704;34873344;1162764288;0;0;0;0;0;0;0;0;0;0;0;5179;0;0;95;0;160;0;
27027;6994076;1075400704;34873344;1162764288;0;0;0;0;0;0;0;0;0;0;0;5260;0;0;95;0;160;0;
27028;7196977;1075400704;34873344;1162764288;0;0;0;0;0;0;0;0;0;0;0;4098;0;0;95;0;160;0;
27029;7642152;1075400704;34873344;1162764288;0;0;0;0;0;0;0;0;0;0;0;3677;0;0;95;0;160;0;
27030;7093343;1075400704;34873344;1162764288;0;0;0;0;0;0;0;0;0;0;0;4278;0;0;95;0;160;0;
27031;7687106;1075400704;34873344;1162764288;0;0;0;0;0;0;0;0;0;0;0;3537;0;0;95;0;160;0;
27032;5499624;1075400704;34873344;1162764288;0;0;0;0;0;0;0;0;0;0;0;3146;0;0;95;0;160;0;
27033;13565430;1075400704;34873344;1162764288;0;0;0;0;0;0;0;0;0;0;0;4228;0;0;95;0;160;0;
27034;7652612;1075400704;34873344;1162764288;0;0;0;0;0;0;0;0;0;0;0;5531;0;0;95;0;160;0;
27035;9093614;1075400704;34873344;1162764288;0;0;0;0;0;0;0;0;0;0;0;3958;0;0;95;0;160;0;
27036;6274027;1075400704;34873344;1162764288;0;0;0;0;0;0;0;0;0;0;0;4138;0;0;95;0;160;0;
27037;9090158;1075400704;34873344;1162764288;0;0;0;0;0;0;0;0;0;0;0;3867;0;0;95;0;160;0;
27038;6739710;1075400704;34873344;1162764288;0;0;0;0;0;0;0;0;0;0;0;4228;0;0;95;0;160;0;
27039;10185782;1075400704;34873344;1162764288;0;0;0;0;0;0;0;0;0;0;0;3517;0;0;95;0;160;0;
27040;9945541;1075400704;34873344;1162764288;0;0;0;0;0;0;0;0;0;0;0;4349;0;0;95;0;160;0;
27041;9689873;1075400704;34873344;1162764288;0;0;0;0;0;0;0;0;0;0;0;7063;0;0;95;0;160;0;
27042;8790716;1075400704;34873344;1162764288;0;0;0;0;0;0;0;0;0;0;0;10018;0;0;95;0;160;0;
27043;11463078;1075400704;34873344;1162764288;0;0;0;0;0;0;0;0;0;0;0;3737;0;0;95;0;160;0;
27044;8076938;1075400704;34873344;1162764288;0;0;0;0;0;0;0;0;0;0;0;4338;0;0;95;0;160;0;
27045;6550625;1075400704;34873344;1162764288;0;0;0;0;0;0;0;0;0;0;0;4208;0;0;95;0;160;0;
27046;6229903;1075400704;34873344;1162764288;0;0;0;0;0;0;0;0;0;0;0;142767;0;0;95;0;160;0;
27047;8645824;1075400704;34873344;1162764288;0;0;0;0;0;0;0;0;0;0;0;3096;0;0;95;0;160;0;
27048;5943697;1075400704;34873344;1162764288;0;0;0;0;0;0;0;0;0;0;0;3808;0;0;95;0;160;0;
27049;8105621;1075400704;34873344;1162764288;0;0;0;0;0;0;0;0;0;0;0;5340;0;0;95;0;160;0;
27050;6299343;1075400704;34873344;1162764288;0;0;0;0;0;0;0;0;0;0;0;5450;0;0;95;0;160;0;
27051;8210078;1075400704;34873344;1162764288;0;0;0;0;0;0;0;0;0;0;0;3307;0;0;95;0;160;0;
27052;8357744;1075400704;34873344;1162764288;0;0;0;0;0;0;0;0;0;0;0;3807;0;0;95;0;160;0;
27053;8283966;1075400704;34873344;1162764288;0;0;0;0;0;0;0;0;0;0;0;4529;0;0;95;0;160;0;
27054;6823888;1075400704;34873344;1162764288;0;0;0;0;0;0;0;0;0;0;0;4969;0;0;95;0;160;0;
27055;7829674;1075400704;34873344;1162764288;0;0;0;0;0;0;0;0;0;0;0;3937;0;0;95;0;160;0;
27056;8720485;1075400704;34873344;1162764288;0;0;0;0;0;0;0;0;0;0;0;4047;0;0;95;0;160;0;
27057;8852662;1075400704;34873344;1162764288;0;0;0;0;0;0;0;0;0;0;0;4158;0;0;95;0;160;0;
27058;8223122;1075400704;34873344;1162764288;0;0;0;0;0;0;0;0;0;0;0;3938;0;0;95;0;160;0;
27059;6291099;1075400704;34873344;1162764288;0;0;0;0;0;0;0;0;0;0;0;4799;0;0;95;0;160;0;
27060;7284231;1075400704;34873344;1162764288;0;0;0;0;0;0;0;0;0;0;0;4448;0;0;95;0;160;0;
27061;6431982;1075400704;34873344;1162764288;0;0;0;0;0;0;0;0;0;0;0;3417;0;0;95;0;160;0;
27062;6953620;1075400704;34873344;1162764288;0;0;0;0;0;0;0;0;0;0;0;3286;0;0;95;0;160;0;
27063;6040929;1075400704;34873344;1162764288;0;0;0;0;0;0;0;0;0;0;0;3737;0;0;95;0;160;0;
27064;7480459;1075400704;34873344;1162764288;0;0;0;0;0;0;0;0;0;0;0;118352;0;0;95;0;160;0;
27065;7108191;1075400704;34873344;1162764288;0;0;0;0;0;0;0;0;0;0;0;3206;0;0;95;0;160;0;
27066;7504383;1075400704;34873344;1162764288;0;0;0;0;0;0;0;0;0;0;0;3116;0;0;95;0;160;0;
27067;7706673;1075400704;34873344;1162764288;0;0;0;0;0;0;0;0;0;0;0;3907;0;0;95;0;160;0;
27068;6548791;1075400704;34873344;1162764288;0;0;0;0;0;0;0;0;0;0;0;3677;0;0;95;0;160;0;
27069;10657867;1075400704;34873344;1162764288;0;0;0;0;0;0;0;0;0;0;0;3456;0;0;95;0;160;0;
27070;11387365;1075400704;34873344;1162764288;0;0;0;0;0;0;0;0;0;0;0;4358;0;0;95;0;160;0;
27071;7136494;1075400704;34873344;1162764288;0;0;0;0;0;0;0;0;0;0;0;3327;0;0;95;0;160;0;
27072;6249660;1075400704;34873344;1162764288;0;0;0;0;0;0;0;0;0;0;0;3396;0;0;95;0;160;0;
27073;6911491;1075400704;34877440;1162768384;0;0;0;0;0;0;0;0;0;0;0;4328;0;0;95;0;160;0;
27074;6206680;1075400704;34881536;1162772480;0;0;0;0;0;0;0;0;0;0;0;3466;0;0;95;0;160;0;
27075;8829509;1075400704;34881536;1162772480;0;0;0;0;0;0;0;0;0;0;0;3957;0;0;95;0;160;0;
27076;7604091;1075400704;34881536;1162772480;0;0;0;0;0;0;0;0;0;0;0;3246;0;0;95;0;160;0;
27077;5921315;1075400704;34881536;1162772480;0;0;0;0;0;0;0;0;0;0;0;3918;0;0;95;0;160;0;
27078;7659755;1075400704;34881536;1162772480;0;0;0;0;0;0;0;0;0;0;0;4338;0;0;95;0;160;0;
27079;6433105;1075400704;34881536;1162772480;0;0;0;0;0;0;0;0;0;0;0;3878;0;0;95;0;160;0;
27080;8914198;1075400704;34873344;1162764288;0;0;0;0;0;0;0;0;0;0;0;4348;0;0;95;0;160;0;
27081;6826031;1075400704;34873344;1162764288;0;0;0;0;0;0;0;0;0;0;0;3156;0;0;95;0;160;0;
27082;7352258;1075400704;34873344;1162764288;0;0;0;0;0;0;0;0;0;0;0;3997;0;0;95;0;160;0;
27083;9673281;1075400704;34873344;1162764288;0;0;0;0;0;0;0;0;0;0;0;6372;0;0;95;0;160;0;
27084;9664766;1075400704;34873344;1162764288;0;0;0;0;0;0;0;0;0;0;0;3617;0;0;95;0;160;0;
27085;7794929;1075400704;34873344;1162764288;0;0;0;0;0;0;0;0;0;0;0;2926;0;0;95;0;160;0;
27086;9479959;1075400704;34873344;1162764288;0;0;0;0;0;0;0;0;0;0;0;3757;0;0;95;0;160;0;
27087;7150490;1075400704;34873344;1162764288;0;0;0;0;0;0;0;0;0;0;0;4819;0;0;95;0;160;0;
27088;7592178;1075400704;34873344;1162764288;0;0;0;0;0;0;0;0;0;0;0;4098;0;0;95;0;160;0;
27089;7928148;1075400704;34873344;1162764288;0;0;0;0;0;0;0;0;0;0;0;2976;0;0;95;0;160;0;
27090;7974395;1075400704;34873344;1162764288;0;0;0;0;0;0;0;0;0;0;0;3406;0;0;95;0;160;0;
27091;7673000;1075400704;34873344;1162764288;0;0;0;0;0;0;0;0;0;0;0;4068;0;0;95;0;160;0;
27092;6933894;1075400704;34873344;1162764288;0;0;0;0;0;0;0;0;0;0;0;4168;0;0;95;0;160;0;
27093;7770522;1075400704;34873344;1162764288;0;0;0;0;0;0;0;0;0;0;0;3637;0;0;95;0;160;0;
27094;5740886;1075400704;34873344;1162764288;0;0;0;0;0;0;0;0;0;0;0;3767;0;0;95;0;160;0;
27095;9021509;1075400704;34873344;1162764288;0;0;0;0;0;0;0;0;0;0;0;4519;0;0;95;0;160;0;
27096;7001380;1075400704;34873344;1162764288;0;0;0;0;0;0;0;0;0;0;0;10379;0;0;95;0;160;0;
27097;10180302;1075400704;34873344;1162764288;0;0;0;0;0;0;0;0;0;0;0;5761;0;0;95;0;160;0;
27098;8430991;1075400704;34873344;1162764288;0;0;0;0;0;0;0;0;0;0;0;3467;0;0;95;0;160;0;
27099;8116631;1075400704;34873344;1162764288;0;0;0;0;0;0;0;0;0;0;0;4398;0;0;95;0;160;0;
27100;9757389;1075400704;34873344;1162764288;0;0;0;0;0;0;0;0;0;0;0;3616;0;0;95;0;160;0;
27101;10403821;1075400704;34873344;1162764288;0;0;0;0;0;0;0;0;0;0;0;3216;0;0;95;0;160;0;
27102;8174279;1075400704;34873344;1162764288;0;0;0;0;0;0;0;0;0;0;0;4138;0;0;95;0;160;0;
27103;8451420;1075400704;34873344;1162764288;0;0;0;0;0;0;0;0;0;0;0;5800;0;0;95;0;160;0;
27104;8824460;1075400704;34873344;1162764288;0;0;0;0;0;0;0;0;0;0;0;3657;0;0;95;0;160;0;
27105;6596070;1075400704;34873344;1162764288;0;0;0;0;0;0;0;0;0;0;0;3797;0;0;95;0;160;0;
27106;6655622;1075400704;34873344;1162764288;0;0;0;0;0;0;0;0;0;0;0;4709;0;0;95;0;160;0;
27107;6245102;1075400704;34873344;1162764288;0;0;0;0;0;0;0;0;0;0;0;4027;0;0;95;0;160;0;
27108;7861784;1075400704;34873344;1162764288;0;0;0;0;0;0;0;0;0;0;0;4909;0;0;95;0;160;0;
27109;7854590;1075400704;34873344;1162764288;0;0;0;0;0;0;0;0;0;0;0;4789;0;0;95;0;160;0;
27110;7660506;1075400704;34873344;1162764288;0;0;0;0;0;0;0;0;0;0;0;3597;0;0;95;0;160;0;
27111;7951241;1075400704;34873344;1162764288;0;0;0;0;0;0;0;0;0;0;0;3837;0;0;95;0;160;0;
27112;6746242;1075400704;34873344;1162764288;0;0;0;0;0;0;0;0;0;0;0;3396;0;0;95;0;160;0;
27113;7958094;1075400704;34873344;1162764288;0;0;0;0;0;0;0;0;0;0;0;4658;0;0;95;0;160;0;
27114;6781517;1075400704;34873344;1162764288;0;0;0;0;0;0;0;0;0;0;0;8306;0;0;95;0;160;0;
27115;8196121;1075400704;34873344;1162764288;0;0;0;0;0;0;0;0;0;0;0;3616;0;0;95;0;160;0;
27116;7350135;1075400704;34873344;1162764288;0;0;0;0;0;0;0;0;0;0;0;5470;0;0;95;0;160;0;
27117;10586033;1075400704;34873344;1162764288;0;0;0;0;0;0;0;0;0;0;0;6062;0;0;95;0;160;0;
27118;8277053;1075400704;34873344;1162764288;0;0;0;0;0;0;0;0;0;0;0;4469;0;0;95;0;160;0;
27119;8683164;1075400704;34873344;1162764288;0;0;0;0;0;0;0;0;0;0;0;4288;0;0;95;0;160;0;
27120;6774885;1075400704;34873344;1162764288;0;0;0;0;0;0;0;0;0;0;0;3216;0;0;95;0;160;0;
27121;8349198;1075400704;34873344;1162764288;0;0;0;0;0;0;0;0;0;0;0;4819;0;0;95;0;160;0;
27122;6360729;1075400704;34873344;1162764288;0;0;0;0;0;0;0;0;0;0;0;4819;0;0;95;0;160;0;
27123;8087197;1075400704;34873344;1162764288;0;0;0;0;0;0;0;0;0;0;0;3257;0;0;95;0;160;0;
27124;8453243;1075400704;34873344;1162764288;0;0;0;0;0;0;0;0;0;0;0;3777;0;0;95;0;160;0;
27125;9832029;1075400704;34873344;1162764288;0;0;0;0;0;0;0;0;0;0;0;3937;0;0;95;0;160;0;
27126;10118436;1075400704;34873344;1162764288;0;0;0;0;0;0;0;0;0;0;0;3847;0;0;95;0;160;0;
27127;10643440;1075400704;34873344;1162764288;0;0;0;0;0;0;0;0;0;0;0;4849;0;0;95;0;160;0;
27128;7055922;1075400704;34873344;1162764288;0;0;0;0;0;0;0;0;0;0;0;3046;0;0;95;0;160;0;
27129;9102100;1075400704;34873344;1162764288;0;0;0;0;0;0;0;0;0;0;0;4238;0;0;95;0;160;0;
27130;9317985;1075400704;34873344;1162764288;0;0;0;0;0;0;0;0;0;0;0;4238;0;0;95;0;160;0;
27131;6271962;1075400704;34873344;1162764288;0;0;0;0;0;0;0;0;0;0;0;3627;0;0;95;0;160;0;
27132;7686946;1075400704;34873344;1162764288;0;0;0;0;0;0;0;0;0;0;0;3877;0;0;95;0;160;0;
27133;7341939;1075400704;34873344;1162764288;0;0;0;0;0;0;0;0;0;0;0;3256;0;0;95;0;160;0;
27134;7164737;1075400704;34873344;1162764288;0;0;0;0;0;0;0;0;0;0;0;3226;0;0;95;0;160;0;
27135;7972892;1075400704;34873344;1162764288;0;0;0;0;0;0;0;0;0;0;0;4809;0;0;95;0;160;0;
27136;8597864;1075400704;34873344;1162764288;0;0;0;0;0;0;0;0;0;0;0;3928;0;0;95;0;160;0;
27137;10404102;1075400704;34873344;1162764288;0;0;0;0;0;0;0;0;0;0;0;4198;0;0;95;0;160;0;
27138;7712644;1075400704;34873344;1162764288;0;0;0;0;0;0;0;0;0;0;0;3266;0;0;95;0;160;0;
27139;10086546;1075400704;34873344;1162764288;0;0;0;0;0;0;0;0;0;0;0;5290;0;0;95;0;160;0;
27140;5549918;1075400704;34873344;1162764288;0;0;0;0;0;0;0;0;0;0;0;4959;0;0;95;0;160;0;
27141;9553957;1075400704;34873344;1162764288;0;0;0;0;0;0;0;0;0;0;0;3848;0;0;95;0;160;0;
27142;5961330;1075400704;34873344;1162764288;0;0;0;0;0;0;0;0;0;0;0;3797;0;0;95;0;160;0;
27143;8484822;1075400704;34873344;1162764288;0;0;0;0;0;0;0;0;0;0;0;3146;0;0;95;0;160;0;
27144;5750404;1075400704;34873344;1162764288;0;0;0;0;0;0;0;0;0;0;0;3065;0;0;95;0;160;0;
27145;9588202;1075400704;34873344;1162764288;0;0;0;0;0;0;0;0;0;0;0;4509;0;0;95;0;160;0;
27146;5748110;1075400704;34873344;1162764288;0;0;0;0;0;0;0;0;0;0;0;4930;0;0;95;0;160;0;
27147;8091956;1075400704;34873344;1162764288;0;0;0;0;0;0;0;0;0;0;0;4709;0;0;95;0;160;0;
27148;5087351;1075400704;34873344;1162764288;0;0;0;0;0;0;0;0;0;0;0;3517;0;0;95;0;160;0;
27149;7669243;1075400704;34873344;1162764288;0;0;0;0;0;0;0;0;0;0;0;6733;0;0;95;0;160;0;
27150;5042937;1075400704;34873344;1162764288;0;0;0;0;0;0;0;0;0;0;0;4138;0;0;95;0;160;0;
27151;8123735;1075400704;34873344;1162764288;0;0;0;0;0;0;0;0;0;0;0;4369;0;0;95;0;160;0;
27152;7611384;1075400704;34873344;1162764288;0;0;0;0;0;0;0;0;0;0;0;4378;0;0;95;0;160;0;
27153;9566972;1075400704;34873344;1162764288;0;0;0;0;0;0;0;0;0;0;0;3967;0;0;95;0;160;0;
27154;5136994;1075400704;34873344;1162764288;0;0;0;0;0;0;0;0;0;0;0;3387;0;0;95;0;160;0;
27155;6360909;1075400704;34873344;1162764288;0;0;0;0;0;0;0;0;0;0;0;4228;0;0;95;0;160;0;
27156;7846695;1075400704;34873344;1162764288;0;0;0;0;0;0;0;0;0;0;0;3206;0;0;95;0;160;0;
27157;7730778;1075400704;34873344;1162764288;0;0;0;0;0;0;0;0;0;0;0;4719;0;0;95;0;160;0;
27158;8210748;1075400704;34873344;1162764288;0;0;0;0;0;0;0;0;0;0;0;3587;0;0;95;0;160;0;
27159;12859666;1075400704;34873344;1162764288;0;0;0;0;0;0;0;0;0;0;0;3456;0;0;95;0;160;0;
27160;8705135;1075400704;34873344;1162764288;0;0;0;0;0;0;0;0;0;0;0;2845;0;0;95;0;160;0;
27161;5109372;1075400704;34873344;1162764288;0;0;0;0;0;0;0;0;0;0;0;3116;0;0;95;0;160;0;
27162;7410557;1075400704;34873344;1162764288;0;0;0;0;0;0;0;0;0;0;0;3126;0;0;95;0;160;0;
27163;6226347;1075400704;34873344;1162764288;0;0;0;0;0;0;0;0;0;0;0;3296;0;0;95;0;160;0;
27164;6990330;1075400704;34873344;1162764288;0;0;0;0;0;0;0;0;0;0;0;3907;0;0;95;0;160;0;
27165;6303672;1075400704;34873344;1162764288;0;0;0;0;0;0;0;0;0;0;0;2786;0;0;95;0;160;0;
27166;5710770;1075400704;34873344;1162764288;0;0;0;0;0;0;0;0;0;0;0;3366;0;0;95;0;160;0;
27167;6877658;1075400704;34873344;1162764288;0;0;0;0;0;0;0;0;0;0;0;2916;0;0;95;0;160;0;
27168;5336788;1075400704;34873344;1162764288;0;0;0;0;0;0;0;0;0;0;0;4328;0;0;95;0;160;0;
27169;7436556;1075400704;34873344;1162764288;0;0;0;0;0;0;0;0;0;0;0;4078;0;0;95;0;160;0;
27170;4213432;1075400704;34873344;1162764288;0;0;0;0;0;0;0;0;0;0;0;4769;0;0;95;0;160;0;
27171;8290137;1075400704;34873344;1162764288;0;0;0;0;0;0;0;0;0;0;0;4649;0;0;95;0;160;0;
27172;5617224;1075400704;34873344;1162764288;0;0;0;0;0;0;0;0;0;0;0;4068;0;0;95;0;160;0;
27173;6814870;1075400704;34873344;1162764288;0;0;0;0;0;0;0;0;0;0;0;4689;0;0;95;0;160;0;
27174;4408047;1075400704;34873344;1162764288;0;0;0;0;0;0;0;0;0;0;0;4208;0;0;95;0;160;0;
27175;7113210;1075400704;34873344;1162764288;0;0;0;0;0;0;0;0;0;0;0;2946;0;0;95;0;160;0;
27176;5062815;1075400704;34873344;1162764288;0;0;0;0;0;0;0;0;0;0;0;3818;0;0;95;0;160;0;
27177;7888093;1075400704;34873344;1162764288;0;0;0;0;0;0;0;0;0;0;0;5420;0;0;95;0;160;0;
27178;5084675;1075400704;34873344;1162764288;0;0;0;0;0;0;0;0;0;0;0;2806;0;0;95;0;160;0;
27179;6074663;1075400704;34873344;1162764288;0;0;0;0;0;0;0;0;0;0;0;2795;0;0;95;0;160;0;
27180;6585390;1075400704;34873344;1162764288;0;0;0;0;0;0;0;0;0;0;0;3256;0;0;95;0;160;0;
27181;6681310;1075400704;34873344;1162764288;0;0;0;0;0;0;0;0;0;0;0;4999;0;0;95;0;160;0;
27182;5507128;1075400704;34873344;1162764288;0;0;0;0;0;0;0;0;0;0;0;3927;0;0;95;0;160;0;
27183;8667415;1075400704;34873344;1162764288;0;0;0;0;0;0;0;0;0;0;0;3377;0;0;95;0;160;0;
27184;4277241;1075400704;34873344;1162764288;0;0;0;0;0;0;0;0;0;0;0;4138;0;0;95;0;160;0;
27185;8810183;1075400704;34873344;1162764288;0;0;0;0;0;0;0;0;0;0;0;3807;0;0;95;0;160;0;
27186;5964546;1075400704;34873344;1162764288;0;0;0;0;0;0;0;0;0;0;0;4899;0;0;95;0;160;0;
27187;7119622;1075400704;34873344;1162764288;0;0;0;0;0;0;0;0;0;0;0;4368;0;0;95;0;160;0;
27188;4723388;1075400704;34873344;1162764288;0;0;0;0;0;0;0;0;0;0;0;4138;0;0;95;0;160;0;
27189;6607341;1075400704;34873344;1162764288;0;0;0;0;0;0;0;0;0;0;0;2514;0;0;95;0;160;0;
27190;6285538;1075400704;34873344;1162764288;0;0;0;0;0;0;0;0;0;0;0;3035;0;0;95;0;160;0;
27191;6242748;1075400704;34873344;1162764288;0;0;0;0;0;0;0;0;0;0;0;2975;0;0;95;0;160;0;
27192;5372946;1075400704;34873344;1162764288;0;0;0;0;0;0;0;0;0;0;0;3286;0;0;95;0;160;0;
27193;6127011;1075400704;34873344;1162764288;0;0;0;0;0;0;0;0;0;0;0;3416;0;0;95;0;160;0;
27194;5438830;1075400704;34873344;1162764288;0;0;0;0;0;0;0;0;0;0;0;4419;0;0;95;0;160;0;
27195;6209936;1075400704;34873344;1162764288;0;0;0;0;0;0;0;0;0;0;0;3817;0;0;95;0;160;0;
27196;6061197;1075400704;34873344;1162764288;0;0;0;0;0;0;0;0;0;0;0;3016;0;0;95;0;160;0;
27197;7185315;1075400704;34873344;1162764288;0;0;0;0;0;0;0;0;0;0;0;3857;0;0;95;0;160;0;
27198;4747073;1075400704;34873344;1162764288;0;0;0;0;0;0;0;0;0;0;0;3747;0;0;95;0;160;0;
27199;7737881;1075400704;34873344;1162764288;0;0;0;0;0;0;0;0;0;0;0;4388;0;0;95;0;160;0;
27200;6228551;1075400704;34873344;1162764288;0;0;0;0;0;0;0;0;0;0;0;5220;0;0;95;0;160;0;
27201;7259715;1075400704;34873344;1162764288;0;0;0;0;0;0;0;0;0;0;0;3747;0;0;95;0;160;0;
27202;5517337;1075400704;34873344;1162764288;0;0;0;0;0;0;0;0;0;0;0;3437;0;0;95;0;160;0;
27203;8738418;1075400704;34873344;1162764288;0;0;0;0;0;0;0;0;0;0;0;3477;0;0;95;0;160;0;
27204;6051178;1075400704;34873344;1162764288;0;0;0;0;0;0;0;0;0;0;0;4048;0;0;95;0;160;0;
27205;6656463;1075400704;34873344;1162764288;0;0;0;0;0;0;0;0;0;0;0;3516;0;0;95;0;160;0;
27206;6380697;1075400704;34873344;1162764288;0;0;0;0;0;0;0;0;0;0;0;4187;0;0;95;0;160;0;
27207;8770358;1075400704;34873344;1162764288;0;0;0;0;0;0;0;0;0;0;0;4348;0;0;95;0;160;0;
27208;6522472;1075400704;34873344;1162764288;0;0;0;0;0;0;0;0;0;0;0;4198;0;0;95;0;160;0;
27209;6611910;1075400704;34877440;1162768384;0;0;0;0;0;0;0;0;0;0;0;3637;0;0;95;0;160;0;
27210;5943416;1075400704;34881536;1162772480;0;0;0;0;0;0;0;0;0;0;0;4158;0;0;95;0;160;0;
27211;7931605;1075400704;34881536;1162772480;0;0;0;0;0;0;0;0;0;0;0;4068;0;0;95;0;160;0;
27212;6798851;1075400704;34881536;1162772480;0;0;0;0;0;0;0;0;0;0;0;4729;0;0;95;0;160;0;
27213;7278159;1075400704;34881536;1162772480;0;0;0;0;0;0;0;0;0;0;0;3246;0;0;95;0;160;0;
27214;5732321;1075400704;34881536;1162772480;0;0;0;0;0;0;0;0;0;0;0;4949;0;0;95;0;160;0;
27215;6272133;1075400704;34881536;1162772480;0;0;0;0;0;0;0;0;0;0;0;2765;0;0;95;0;160;0;
27216;5705530;1075400704;34873344;1162764288;0;0;0;0;0;0;0;0;0;0;0;4528;0;0;95;0;160;0;
27217;8486135;1075400704;34873344;1162764288;0;0;0;0;0;0;0;0;0;0;0;3947;0;0;95;0;160;0;
27218;5279711;1075400704;34873344;1162764288;0;0;0;0;0;0;0;0;0;0;0;4178;0;0;95;0;160;0;
27219;8261073;1075400704;34873344;1162764288;0;0;0;0;0;0;0;0;0;0;0;5380;0;0;95;0;160;0;
27220;4407937;1075400704;34873344;1162764288;0;0;0;0;0;0;0;0;0;0;0;4789;0;0;95;0;160;0;
27221;7154056;1075400704;34873344;1162764288;0;0;0;0;0;0;0;0;0;0;0;4429;0;0;95;0;160;0;
27222;4738146;1075400704;34873344;1162764288;0;0;0;0;0;0;0;0;0;0;0;3827;0;0;95;0;160;0;
27223;7258002;1075400704;34873344;1162764288;0;0;0;0;0;0;0;0;0;0;0;3948;0;0;95;0;160;0;
27224;5863627;1075400704;34873344;1162764288;0;0;0;0;0;0;0;0;0;0;0;3917;0;0;95;0;160;0;
27225;5873215;1075400704;34873344;1162764288;0;0;0;0;0;0;0;0;0;0;0;2855;0;0;95;0;160;0;
27226;6183547;1075400704;34873344;1162764288;0;0;0;0;0;0;0;0;0;0;0;3647;0;0;95;0;160;0;
27227;8034438;1075400704;34873344;1162764288;0;0;0;0;0;0;0;0;0;0;0;4629;0;0;95;0;160;0;
27228;4883488;1075400704;34873344;1162764288;0;0;0;0;0;0;0;0;0;0;0;3837;0;0;95;0;160;0;
27229;9036416;1075400704;34873344;1162764288;0;0;0;0;0;0;0;0;0;0;0;4298;0;0;95;0;160;0;
27230;4280157;1075400704;34873344;1162764288;0;0;0;0;0;0;0;0;0;0;0;5139;0;0;95;0;160;0;
27231;8176283;1075400704;34873344;1162764288;0;0;0;0;0;0;0;0;0;0;0;3466;0;0;95;0;160;0;
27232;6598405;1075400704;34873344;1162764288;0;0;0;0;0;0;0;0;0;0;0;4068;0;0;95;0;160;0;
27233;9391131;1075400704;34873344;1162764288;0;0;0;0;0;0;0;0;0;0;0;3787;0;0;95;0;160;0;
27234;5573824;1075400704;34873344;1162764288;0;0;0;0;0;0;0;0;0;0;0;4859;0;0;95;0;160;0;
27235;7827339;1075400704;34873344;1162764288;0;0;0;0;0;0;0;0;0;0;0;4378;0;0;95;0;160;0;
27236;4706146;1075400704;34873344;1162764288;0;0;0;0;0;0;0;0;0;0;0;4568;0;0;95;0;160;0;
27237;8329521;1075400704;34873344;1162764288;0;0;0;0;0;0;0;0;0;0;0;4148;0;0;95;0;160;0;
27238;6571815;1075400704;34873344;1162764288;0;0;0;0;0;0;0;0;0;0;0;3907;0;0;95;0;160;0;
27239;6862259;1075400704;34873344;1162764288;0;0;0;0;0;0;0;0;0;0;0;3817;0;0;95;0;160;0;
27240;7163064;1075400704;34873344;1162764288;0;0;0;0;0;0;0;0;0;0;0;3927;0;0;95;0;160;0;
27241;7134830;1075400704;34873344;1162764288;0;0;0;0;0;0;0;0;0;0;0;3165;0;0;95;0;160;0;
27242;5058617;1075400704;34873344;1162764288;0;0;0;0;0;0;0;0;0;0;0;4217;0;0;95;0;160;0;
27243;8558320;1075400704;34873344;1162764288;0;0;0;0;0;0;0;0;0;0;0;4188;0;0;95;0;160;0;
27244;6170732;1075400704;34873344;1162764288;0;0;0;0;0;0;0;0;0;0;0;3397;0;0;95;0;160;0;
27245;7873326;1075400704;34873344;1162764288;0;0;0;0;0;0;0;0;0;0;0;4078;0;0;95;0;160;0;
27246;8123765;1075400704;34873344;1162764288;0;0;0;0;0;0;0;0;0;0;0;3907;0;0;95;0;160;0;
27247;6830109;1075400704;34873344;1162764288;0;0;0;0;0;0;0;0;0;0;0;3547;0;0;95;0;160;0;
27248;6358324;1075400704;34873344;1162764288;0;0;0;0;0;0;0;0;0;0;0;3276;0;0;95;0;160;0;
27249;7768900;1075400704;34873344;1162764288;0;0;0;0;0;0;0;0;0;0;0;4158;0;0;95;0;160;0;
27250;5986877;1075400704;34873344;1162764288;0;0;0;0;0;0;0;0;0;0;0;3917;0;0;95;0;160;0;
27251;6017876;1075400704;34873344;1162764288;0;0;0;0;0;0;0;0;0;0;0;3466;0;0;95;0;160;0;
27252;7829023;1075400704;34873344;1162764288;0;0;0;0;0;0;0;0;0;0;0;3587;0;0;95;0;160;0;
27253;5862995;1075400704;34873344;1162764288;0;0;0;0;0;0;0;0;0;0;0;3146;0;0;95;0;160;0;
27254;5205673;1075400704;34873344;1162764288;0;0;0;0;0;0;0;0;0;0;0;3646;0;0;95;0;160;0;
27255;8107395;1075400704;34873344;1162764288;0;0;0;0;0;0;0;0;0;0;0;2905;0;0;95;0;160;0;
27256;4557156;1075400704;34873344;1162764288;0;0;0;0;0;0;0;0;0;0;0;2876;0;0;95;0;160;0;
27257;7449420;1075400704;34873344;1162764288;0;0;0;0;0;0;0;0;0;0;0;3397;0;0;95;0;160;0;
27258;5424944;1075400704;34873344;1162764288;0;0;0;0;0;0;0;0;0;0;0;3015;0;0;95;0;160;0;
27259;7943667;1075400704;34873344;1162764288;0;0;0;0;0;0;0;0;0;0;0;2625;0;0;95;0;160;0;
27260;5909042;1075400704;34873344;1162764288;0;0;0;0;0;0;0;0;0;0;0;4248;0;0;95;0;160;0;
27261;6902775;1075400704;34873344;1162764288;0;0;0;0;0;0;0;0;0;0;0;3307;0;0;95;0;160;0;
27262;6399081;1075400704;34873344;1162764288;0;0;0;0;0;0;0;0;0;0;0;3667;0;0;95;0;160;0;
27263;6548752;1075400704;34873344;1162764288;0;0;0;0;0;0;0;0;0;0;0;3757;0;0;95;0;160;0;
27264;4619263;1075400704;34873344;1162764288;0;0;0;0;0;0;0;0;0;0;0;3657;0;0;95;0;160;0;
27265;6834126;1075400704;34873344;1162764288;0;0;0;0;0;0;0;0;0;0;0;3005;0;0;95;0;160;0;
27266;4317687;1075400704;34873344;1162764288;0;0;0;0;0;0;0;0;0;0;0;3466;0;0;95;0;160;0;
27267;6583066;1075400704;34873344;1162764288;0;0;0;0;0;0;0;0;0;0;0;4208;0;0;95;0;160;0;
27268;3912878;1075400704;34873344;1162764288;0;0;0;0;0;0;0;0;0;0;0;3427;0;0;95;0;160;0;
27269;5978262;1075400704;34873344;1162764288;0;0;0;0;0;0;0;0;0;0;0;3867;0;0;95;0;160;0;
27270;3411619;1075400704;34873344;1162764288;0;0;0;0;0;0;0;0;0;0;0;5009;0;0;95;0;160;0;
27271;6245904;1075400704;34873344;1162764288;0;0;0;0;0;0;0;0;0;0;0;4479;0;0;95;0;160;0;
27272;5693658;1075400704;34873344;1162764288;0;0;0;0;0;0;0;0;0;0;0;3437;0;0;95;0;160;0;
27273;6563018;1075400704;34873344;1162764288;0;0;0;0;0;0;0;0;0;0;0;3887;0;0;95;0;160;0;
27274;5256257;1075400704;34873344;1162764288;0;0;0;0;0;0;0;0;0;0;0;3116;0;0;95;0;160;0;
27275;5918971;1075400704;34873344;1162764288;0;0;0;0;0;0;0;0;0;0;0;3417;0;0;95;0;160;0;
27276;4907223;1075400704;34873344;1162764288;0;0;0;0;0;0;0;0;0;0;0;3627;0;0;95;0;160;0;
27277;7004446;1075400704;34873344;1162764288;0;0;0;0;0;0;0;0;0;0;0;3376;0;0;95;0;160;0;
27278;4347894;1075400704;34873344;1162764288;0;0;0;0;0;0;0;0;0;0;0;4128;0;0;95;0;160;0;
27279;7353651;1075400704;34873344;1162764288;0;0;0;0;0;0;0;0;0;0;0;3286;0;0;95;0;160;0;
27280;4627639;1075400704;34873344;1162764288;0;0;0;0;0;0;0;0;0;0;0;3757;0;0;95;0;160;0;
27281;7640378;1075400704;34873344;1162764288;0;0;0;0;0;0;0;0;0;0;0;3987;0;0;95;0;160;0;
27282;5296974;1075400704;34873344;1162764288;0;0;0;0;0;0;0;0;0;0;0;4168;0;0;95;0;160;0;
27283;7149227;1075400704;34873344;1162764288;0;0;0;0;0;0;0;0;0;0;0;3567;0;0;95;0;160;0;
27284;6126861;1075400704;34873344;1162764288;0;0;0;0;0;0;0;0;0;0;0;3707;0;0;95;0;160;0;
27285;6207992;1075400704;34873344;1162764288;0;0;0;0;0;0;0;0;0;0;0;2755;0;0;95;0;160;0;
27286;6211569;1075400704;34873344;1162764288;0;0;0;0;0;0;0;0;0;0;0;3016;0;0;95;0;160;0;
27287;7609421;1075400704;34877440;1162768384;0;0;0;0;0;0;0;0;0;0;0;3046;0;0;95;0;160;0;
27288;5811850;1075400704;34881536;1162772480;0;0;0;0;0;0;0;0;0;0;0;3837;0;0;95;0;160;0;
27289;9018854;1075400704;34881536;1162772480;0;0;0;0;0;0;0;0;0;0;0;4608;0;0;95;0;160;0;
27290;6725694;1075400704;34881536;1162772480;0;0;0;0;0;0;0;0;0;0;0;3437;0;0;95;0;160;0;
27291;7061533;1075400704;34881536;1162772480;0;0;0;0;0;0;0;0;0;0;0;3357;0;0;95;0;160;0;
27292;6585450;1075400704;34881536;1162772480;0;0;0;0;0;0;0;0;0;0;0;3035;0;0;95;0;160;0;
27293;7021949;1075400704;34881536;1162772480;0;0;0;0;0;0;0;0;0;0;0;6212;0;0;95;0;160;0;
27294;5269402;1075400704;34873344;1162764288;0;0;0;0;0;0;0;0;0;0;0;4268;0;0;95;0;160;0;
27295;7965679;1075400704;34873344;1162764288;0;0;0;0;0;0;0;0;0;0;0;5220;0;0;95;0;160;0;
27296;5102659;1075400704;34873344;1162764288;0;0;0;0;0;0;0;0;0;0;0;3767;0;0;95;0;160;0;
27297;6500682;1075400704;34873344;1162764288;0;0;0;0;0;0;0;0;0;0;0;3647;0;0;95;0;160;0;
27298;5561621;1075400704;34873344;1162764288;0;0;0;0;0;0;0;0;0;0;0;4569;0;0;95;0;160;0;
27299;7407763;1075400704;34873344;1162764288;0;0;0;0;0;0;0;0;0;0;0;3266;0;0;95;0;160;0;
27300;5929701;1075400704;34873344;1162764288;0;0;0;0;0;0;0;0;0;0;0;3988;0;0;95;0;160;0;
27301;8557448;1075400704;34873344;1162764288;0;0;0;0;0;0;0;0;0;0;0;4468;0;0;95;0;160;0;
27302;5583401;1075400704;34873344;1162764288;0;0;0;0;0;0;0;0;0;0;0;3937;0;0;95;0;160;0;
27303;7963825;1075400704;34873344;1162764288;0;0;0;0;0;0;0;0;0;0;0;3136;0;0;95;0;160;0;
27304;6569199;1075400704;34873344;1162764288;0;0;0;0;0;0;0;0;0;0;0;2986;0;0;95;0;160;0;
27305;7712143;1075400704;34873344;1162764288;0;0;0;0;0;0;0;0;0;0;0;4478;0;0;95;0;160;0;
27306;4876265;1075400704;34873344;1162764288;0;0;0;0;0;0;0;0;0;0;0;3767;0;0;95;0;160;0;
27307;6837724;1075400704;34873344;1162764288;0;0;0;0;0;0;0;0;0;0;0;3246;0;0;95;0;160;0;
27308;5857205;1075400704;34873344;1162764288;0;0;0;0;0;0;0;0;0;0;0;2935;0;0;95;0;160;0;
27309;9137757;1075400704;34873344;1162764288;0;0;0;0;0;0;0;0;0;0;0;3967;0;0;95;0;160;0;
27310;5832237;1075400704;34873344;1162764288;0;0;0;0;0;0;0;0;0;0;0;3957;0;0;95;0;160;0;
27311;7440354;1075400704;34873344;1162764288;0;0;0;0;0;0;0;0;0;0;0;4288;0;0;95;0;160;0;
27312;13935695;1075400704;34873344;1162764288;0;0;0;0;0;0;0;0;0;0;0;4429;0;0;95;0;160;0;
27313;7744424;1075400704;34873344;1162764288;0;0;0;0;0;0;0;0;0;0;0;4018;0;0;95;0;160;0;
27314;5727732;1075400704;34873344;1162764288;0;0;0;0;0;0;0;0;0;0;0;4248;0;0;95;0;160;0;
27315;6215216;1075400704;34873344;1162764288;0;0;0;0;0;0;0;0;0;0;0;2935;0;0;95;0;160;0;
27316;8055487;1075400704;34873344;1162764288;0;0;0;0;0;0;0;0;0;0;0;2715;0;0;95;0;160;0;
27317;6532021;1075400704;34873344;1162764288;0;0;0;0;0;0;0;0;0;0;0;3757;0;0;95;0;160;0;
27318;6363173;1075400704;34873344;1162764288;0;0;0;0;0;0;0;0;0;0;0;4388;0;0;95;0;160;0;
27319;8595920;1075400704;34873344;1162764288;0;0;0;0;0;0;0;0;0;0;0;5390;0;0;95;0;160;0;
27320;5909844;1075400704;34873344;1162764288;0;0;0;0;0;0;0;0;0;0;0;3967;0;0;95;0;160;0;
27321;7585716;1075400704;34873344;1162764288;0;0;0;0;0;0;0;0;0;0;0;5120;0;0;95;0;160;0;
27322;8664129;1075400704;34873344;1162764288;0;0;0;0;0;0;0;0;0;0;0;4789;0;0;95;0;160;0;
27323;8609256;1075400704;34873344;1162764288;0;0;0;0;0;0;0;0;0;0;0;3527;0;0;95;0;160;0;
27324;7871903;1075400704;34873344;1162764288;0;0;0;0;0;0;0;0;0;0;0;4489;0;0;95;0;160;0;
27325;8599797;1075400704;34873344;1162764288;0;0;0;0;0;0;0;0;0;0;0;3226;0;0;95;0;160;0;
27326;7070499;1075400704;34873344;1162764288;0;0;0;0;0;0;0;0;0;0;0;4849;0;0;95;0;160;0;
27327;8888700;1075400704;34873344;1162764288;0;0;0;0;0;0;0;0;0;0;0;5570;0;0;95;0;160;0;
27328;5935882;1075400704;34873344;1162764288;0;0;0;0;0;0;0;0;0;0;0;4418;0;0;95;0;160;0;
27329;8962217;1075400704;34873344;1162764288;0;0;0;0;0;0;0;0;0;0;0;4538;0;0;95;0;160;0;
27330;6864724;1075400704;34873344;1162764288;0;0;0;0;0;0;0;0;0;0;0;3387;0;0;95;0;160;0;
27331;8071417;1075400704;34873344;1162764288;0;0;0;0;0;0;0;0;0;0;0;4128;0;0;95;0;160;0;
27332;6349378;1075400704;34873344;1162764288;0;0;0;0;0;0;0;0;0;0;0;2955;0;0;95;0;160;0;
27333;7788777;1075400704;34873344;1162764288;0;0;0;0;0;0;0;0;0;0;0;4258;0;0;95;0;160;0;
27334;6384654;1075400704;34873344;1162764288;0;0;0;0;0;0;0;0;0;0;0;3627;0;0;95;0;160;0;
27335;8574440;1075400704;34873344;1162764288;0;0;0;0;0;0;0;0;0;0;0;3606;0;0;95;0;160;0;
27336;7336249;1075400704;34873344;1162764288;0;0;0;0;0;0;0;0;0;0;0;5019;0;0;95;0;160;0;
27337;8689757;1075400704;34873344;1162764288;0;0;0;0;0;0;0;0;0;0;0;3637;0;0;95;0;160;0;
27338;8246615;1075400704;34873344;1162764288;0;0;0;0;0;0;0;0;0;0;0;2936;0;0;95;0;160;0;
27339;7337370;1075400704;34873344;1162764288;0;0;0;0;0;0;0;0;0;0;0;2825;0;0;95;0;160;0;
27340;5713054;1075400704;34873344;1162764288;0;0;0;0;0;0;0;0;0;0;0;3847;0;0;95;0;160;0;
27341;6589478;1075400704;34873344;1162764288;0;0;0;0;0;0;0;0;0;0;0;3686;0;0;95;0;160;0;
27342;6473841;1075400704;34873344;1162764288;0;0;0;0;0;0;0;0;0;0;0;3016;0;0;95;0;160;0;
27343;6765058;1075400704;34873344;1162764288;0;0;0;0;0;0;0;0;0;0;0;3957;0;0;95;0;160;0;
27344;5883183;1075400704;34873344;1162764288;0;0;0;0;0;0;0;0;0;0;0;4638;0;0;95;0;160;0;
27345;6547109;1075400704;34873344;1162764288;0;0;0;0;0;0;0;0;0;0;0;3216;0;0;95;0;160;0;
27346;7407421;1075400704;34873344;1162764288;0;0;0;0;0;0;0;0;0;0;0;3367;0;0;95;0;160;0;
27347;7227134;1075400704;34873344;1162764288;0;0;0;0;0;0;0;0;0;0;0;3276;0;0;95;0;160;0;
27348;5714477;1075400704;34873344;1162764288;0;0;0;0;0;0;0;0;0;0;0;3597;0;0;95;0;160;0;
27349;6739699;1075400704;34873344;1162764288;0;0;0;0;0;0;0;0;0;0;0;4970;0;0;95;0;160;0;
27350;5775361;1075400704;34873344;1162764288;0;0;0;0;0;0;0;0;0;0;0;3837;0;0;95;0;160;0;
27351;8793341;1075400704;34873344;1162764288;0;0;0;0;0;0;0;0;0;0;0;3236;0;0;95;0;160;0;
27352;7796772;1075400704;34873344;1162764288;0;0;0;0;0;0;0;0;0;0;0;3687;0;0;95;0;160;0;
27353;6518375;1075400704;34873344;1162764288;0;0;0;0;0;0;0;0;0;0;0;3266;0;0;95;0;160;0;
27354;7159948;1075400704;34873344;1162764288;0;0;0;0;0;0;0;0;0;0;0;3987;0;0;95;0;160;0;
27355;6737906;1075400704;34873344;1162764288;0;0;0;0;0;0;0;0;0;0;0;3326;0;0;95;0;160;0;
27356;5331940;1075400704;34873344;1162764288;0;0;0;0;0;0;0;0;0;0;0;3898;0;0;95;0;160;0;
27357;7253553;1075400704;34877440;1162768384;0;0;0;0;0;0;0;0;0;0;0;4057;0;0;95;0;160;0;
27358;7145822;1075400704;34881536;1162772480;0;0;0;0;0;0;0;0;0;0;0;3016;0;0;95;0;160;0;
27359;6483769;1075400704;34881536;1162772480;0;0;0;0;0;0;0;0;0;0;0;3507;0;0;95;0;160;0;
27360;5960127;1075400704;34881536;1162772480;0;0;0;0;0;0;0;0;0;0;0;3146;0;0;95;0;160;0;
27361;6310424;1075400704;34881536;1162772480;0;0;0;0;0;0;0;0;0;0;0;3016;0;0;95;0;160;0;
27362;6695416;1075400704;34881536;1162772480;0;0;0;0;0;0;0;0;0;0;0;4288;0;0;95;0;160;0;
27363;7865511;1075400704;34881536;1162772480;0;0;0;0;0;0;0;0;0;0;0;2976;0;0;95;0;160;0;
27364;5616693;1075400704;34873344;1162764288;0;0;0;0;0;0;0;0;0;0;0;4578;0;0;95;0;160;0;
27365;8284296;1075400704;34873344;1162764288;0;0;0;0;0;0;0;0;0;0;0;3918;0;0;95;0;160;0;
27366;6414580;1075400704;34873344;1162764288;0;0;0;0;0;0;0;0;0;0;0;3406;0;0;95;0;160;0;
27367;7506768;1075400704;34873344;1162764288;0;0;0;0;0;0;0;0;0;0;0;5180;0;0;95;0;160;0;
27368;8527252;1075400704;34873344;1162764288;0;0;0;0;0;0;0;0;0;0;0;4719;0;0;95;0;160;0;
27369;8333027;1075400704;34873344;1162764288;0;0;0;0;0;0;0;0;0;0;0;4749;0;0;95;0;160;0;
27370;7756807;1075400704;34873344;1162764288;0;0;0;0;0;0;0;0;0;0;0;4729;0;0;95;0;160;0;
27371;7798185;1075400704;34873344;1162764288;0;0;0;0;0;0;0;0;0;0;0;2755;0;0;95;0;160;0;
27372;5366764;1075400704;34873344;1162764288;0;0;0;0;0;0;0;0;0;0;0;4338;0;0;95;0;160;0;
27373;8016233;1075400704;34873344;1162764288;0;0;0;0;0;0;0;0;0;0;0;3506;0;0;95;0;160;0;
27374;5149157;1075400704;34873344;1162764288;0;0;0;0;0;0;0;0;0;0;0;3978;0;0;95;0;160;0;
27375;8567858;1075400704;34873344;1162764288;0;0;0;0;0;0;0;0;0;0;0;4087;0;0;95;0;160;0;
27376;5499474;1075400704;34873344;1162764288;0;0;0;0;0;0;0;0;0;0;0;3697;0;0;95;0;160;0;
27377;7986337;1075400704;34873344;1162764288;0;0;0;0;0;0;0;0;0;0;0;5010;0;0;95;0;160;0;
27378;7744734;1075400704;34873344;1162764288;0;0;0;0;0;0;0;0;0;0;0;4048;0;0;95;0;160;0;
27379;9255948;1075400704;34873344;1162764288;0;0;0;0;0;0;0;0;0;0;0;3727;0;0;95;0;160;0;
27380;6140836;1075400704;34873344;1162764288;0;0;0;0;0;0;0;0;0;0;0;4910;0;0;95;0;160;0;
27381;8511913;1075400704;34873344;1162764288;0;0;0;0;0;0;0;0;0;0;0;5009;0;0;95;0;160;0;
27382;6410282;1075400704;34873344;1162764288;0;0;0;0;0;0;0;0;0;0;0;4548;0;0;95;0;160;0;
27383;8566385;1075400704;34873344;1162764288;0;0;0;0;0;0;0;0;0;0;0;4228;0;0;95;0;160;0;
27384;4515098;1075400704;34873344;1162764288;0;0;0;0;0;0;0;0;0;0;0;4157;0;0;95;0;160;0;
27385;8004812;1075400704;34873344;1162764288;0;0;0;0;0;0;0;0;0;0;0;4058;0;0;95;0;160;0;
27386;5324696;1075400704;34873344;1162764288;0;0;0;0;0;0;0;0;0;0;0;3206;0;0;95;0;160;0;
27387;8303212;1075400704;34873344;1162764288;0;0;0;0;0;0;0;0;0;0;0;3967;0;0;95;0;160;0;
27388;5461552;1075400704;34873344;1162764288;0;0;0;0;0;0;0;0;0;0;0;3717;0;0;95;0;160;0;
27389;8676131;1075400704;34873344;1162764288;0;0;0;0;0;0;0;0;0;0;0;3777;0;0;95;0;160;0;
27390;6141017;1075400704;34873344;1162764288;0;0;0;0;0;0;0;0;0;0;0;3937;0;0;95;0;160;0;
27391;7993040;1075400704;34873344;1162764288;0;0;0;0;0;0;0;0;0;0;0;4007;0;0;95;0;160;0;
27392;5166429;1075400704;34873344;1162764288;0;0;0;0;0;0;0;0;0;0;0;3686;0;0;95;0;160;0;
27393;7291975;1075400704;34873344;1162764288;0;0;0;0;0;0;0;0;0;0;0;4198;0;0;95;0;160;0;
27394;4893858;1075400704;34873344;1162764288;0;0;0;0;0;0;0;0;0;0;0;3316;0;0;95;0;160;0;
27395;7290322;1075400704;34873344;1162764288;0;0;0;0;0;0;0;0;0;0;0;5099;0;0;95;0;160;0;
27396;7793236;1075400704;34873344;1162764288;0;0;0;0;0;0;0;0;0;0;0;3176;0;0;95;0;160;0;
27397;7923720;1075400704;34873344;1162764288;0;0;0;0;0;0;0;0;0;0;0;5400;0;0;95;0;160;0;
27398;6016654;1075400704;34873344;1162764288;0;0;0;0;0;0;0;0;0;0;0;3828;0;0;95;0;160;0;
27399;8013378;1075400704;34873344;1162764288;0;0;0;0;0;0;0;0;0;0;0;4388;0;0;95;0;160;0;
27400;5819684;1075400704;34873344;1162764288;0;0;0;0;0;0;0;0;0;0;0;4319;0;0;95;0;160;0;
27401;7634387;1075400704;34873344;1162764288;0;0;0;0;0;0;0;0;0;0;0;5020;0;0;95;0;160;0;
27402;5768989;1075400704;34873344;1162764288;0;0;0;0;0;0;0;0;0;0;0;4439;0;0;95;0;160;0;
27403;6167938;1075400704;34873344;1162764288;0;0;0;0;0;0;0;0;0;0;0;3566;0;0;95;0;160;0;
27404;6607441;1075400704;34873344;1162764288;0;0;0;0;0;0;0;0;0;0;0;4688;0;0;95;0;160;0;
27405;6511702;1075400704;34873344;1162764288;0;0;0;0;0;0;0;0;0;0;0;7855;0;0;95;0;160;0;
27406;5517177;1075400704;34873344;1162764288;0;0;0;0;0;0;0;0;0;0;0;4108;0;0;95;0;160;0;
27407;6838986;1075400704;34873344;1162764288;0;0;0;0;0;0;0;0;0;0;0;6081;0;0;95;0;160;0;
27408;6115018;1075400704;34873344;1162764288;0;0;0;0;0;0;0;0;0;0;0;3576;0;0;95;0;160;0;
27409;7280904;1075400704;34873344;1162764288;0;0;0;0;0;0;0;0;0;0;0;2985;0;0;95;0;160;0;
27410;7572601;1075400704;34873344;1162764288;0;0;0;0;0;0;0;0;0;0;0;3216;0;0;95;0;160;0;
27411;7474157;1075400704;34873344;1162764288;0;0;0;0;0;0;0;0;0;0;0;4738;0;0;95;0;160;0;
27412;6626127;1075400704;34873344;1162764288;0;0;0;0;0;0;0;0;0;0;0;4949;0;0;95;0;160;0;
27413;7453247;1075400704;34873344;1162764288;0;0;0;0;0;0;0;0;0;0;0;3858;0;0;95;0;160;0;
27414;6323389;1075400704;34873344;1162764288;0;0;0;0;0;0;0;0;0;0;0;3887;0;0;95;0;160;0;
27415;6620486;1075400704;34873344;1162764288;0;0;0;0;0;0;0;0;0;0;0;3987;0;0;95;0;160;0;
27416;6062750;1075400704;34873344;1162764288;0;0;0;0;0;0;0;0;0;0;0;3677;0;0;95;0;160;0;
27417;6193395;1075400704;34873344;1162764288;0;0;0;0;0;0;0;0;0;0;0;3817;0;0;95;0;160;0;
27418;5544057;1075400704;34873344;1162764288;0;0;0;0;0;0;0;0;0;0;0;3046;0;0;95;0;160;0;
27419;6689545;1075400704;34873344;1162764288;0;0;0;0;0;0;0;0;0;0;0;3957;0;0;95;0;160;0;
27420;7127286;1075400704;34873344;1162764288;0;0;0;0;0;0;0;0;0;0;0;4489;0;0;95;0;160;0;
27421;7412030;1075400704;34873344;1162764288;0;0;0;0;0;0;0;0;0;0;0;2916;0;0;95;0;160;0;
27422;5705630;1075400704;34873344;1162764288;0;0;0;0;0;0;0;0;0;0;0;2745;0;0;95;0;160;0;
27423;6548331;1075400704;34873344;1162764288;0;0;0;0;0;0;0;0;0;0;0;4609;0;0;95;0;160;0;
27424;7567682;1075400704;34873344;1162764288;0;0;0;0;0;0;0;0;0;0;0;3847;0;0;95;0;160;0;
27425;6438474;1075400704;34873344;1162764288;0;0;0;0;0;0;0;0;0;0;0;3016;0;0;95;0;160;0;
27426;7840924;1075400704;34873344;1162764288;0;0;0;0;0;0;0;0;0;0;0;3226;0;0;95;0;160;0;
27427;8824639;1075400704;34873344;1162764288;0;0;0;0;0;0;0;0;0;0;0;4158;0;0;95;0;160;0;
27428;6292621;1075400704;34873344;1162764288;0;0;0;0;0;0;0;0;0;0;0;3958;0;0;95;0;160;0;
27429;7584965;1075400704;34877440;1162768384;0;0;0;0;0;0;0;0;0;0;0;4137;0;0;95;0;160;0;
27430;6903927;1075400704;34881536;1162772480;0;0;0;0;0;0;0;0;0;0;0;3737;0;0;95;0;160;0;
27431;8024709;1075400704;34881536;1162772480;0;0;0;0;0;0;0;0;0;0;0;3977;0;0;95;0;160;0;
27432;5888242;1075400704;34881536;1162772480;0;0;0;0;0;0;0;0;0;0;0;3918;0;0;95;0;160;0;
27433;7154578;1075400704;34881536;1162772480;0;0;0;0;0;0;0;0;0;0;0;5089;0;0;95;0;160;0;
27434;6788601;1075400704;34881536;1162772480;0;0;0;0;0;0;0;0;0;0;0;3426;0;0;95;0;160;0;
27435;6742766;1075400704;34881536;1162772480;0;0;0;0;0;0;0;0;0;0;0;3477;0;0;95;0;160;0;
27436;8163109;1075400704;34873344;1162764288;0;0;0;0;0;0;0;0;0;0;0;3797;0;0;95;0;160;0;
27437;6956466;1075400704;34873344;1162764288;0;0;0;0;0;0;0;0;0;0;0;4338;0;0;95;0;160;0;
27438;7487782;1075400704;34873344;1162764288;0;0;0;0;0;0;0;0;0;0;0;3927;0;0;95;0;160;0;
27439;9915856;1075400704;34873344;1162764288;0;0;0;0;0;0;0;0;0;0;0;4709;0;0;95;0;160;0;
27440;7645358;1075400704;34873344;1162764288;0;0;0;0;0;0;0;0;0;0;0;5090;0;0;95;0;160;0;
27441;7936023;1075400704;34873344;1162764288;0;0;0;0;0;0;0;0;0;0;0;5711;0;0;95;0;160;0;
27442;5344733;1075400704;34873344;1162764288;0;0;0;0;0;0;0;0;0;0;0;3467;0;0;95;0;160;0;
27443;7849912;1075400704;34873344;1162764288;0;0;0;0;0;0;0;0;0;0;0;3647;0;0;95;0;160;0;
27444;6223672;1075400704;34873344;1162764288;0;0;0;0;0;0;0;0;0;0;0;5791;0;0;95;0;160;0;
27445;8727257;1075400704;34873344;1162764288;0;0;0;0;0;0;0;0;0;0;0;4088;0;0;95;0;160;0;
27446;7765613;1075400704;34873344;1162764288;0;0;0;0;0;0;0;0;0;0;0;3487;0;0;95;0;160;0;
27447;9118561;1075400704;34873344;1162764288;0;0;0;0;0;0;0;0;0;0;0;3357;0;0;95;0;160;0;
27448;6903527;1075400704;34873344;1162764288;0;0;0;0;0;0;0;0;0;0;0;3957;0;0;95;0;160;0;
27449;8231938;1075400704;34873344;1162764288;0;0;0;0;0;0;0;0;0;0;0;3817;0;0;95;0;160;0;
27450;5270835;1075400704;34873344;1162764288;0;0;0;0;0;0;0;0;0;0;0;3777;0;0;95;0;160;0;
27451;11977442;1075400704;34873344;1162764288;0;0;0;0;0;0;0;0;0;0;0;4438;0;0;95;0;160;0;
27452;7686695;1075400704;34873344;1162764288;0;0;0;0;0;0;0;0;0;0;0;4458;0;0;95;0;160;0;
27453;9410409;1075400704;34873344;1162764288;0;0;0;0;0;0;0;0;0;0;0;3787;0;0;95;0;160;0;
27454;7136604;1075400704;34873344;1162764288;0;0;0;0;0;0;0;0;0;0;0;4359;0;0;95;0;160;0;
27455;7161180;1075400704;34873344;1162764288;0;0;0;0;0;0;0;0;0;0;0;5189;0;0;95;0;160;0;
27456;7643305;1075400704;34873344;1162764288;0;0;0;0;0;0;0;0;0;0;0;4208;0;0;95;0;160;0;
27457;9426718;1075400704;34873344;1162764288;0;0;0;0;0;0;0;0;0;0;0;4329;0;0;95;0;160;0;
27458;8175673;1075400704;34873344;1162764288;0;0;0;0;0;0;0;0;0;0;0;4508;0;0;95;0;160;0;
27459;8766901;1075400704;34873344;1162764288;0;0;0;0;0;0;0;0;0;0;0;4819;0;0;95;0;160;0;
27460;7253774;1075400704;34873344;1162764288;0;0;0;0;0;0;0;0;0;0;0;4809;0;0;95;0;160;0;
27461;6955985;1075400704;34873344;1162764288;0;0;0;0;0;0;0;0;0;0;0;5069;0;0;95;0;160;0;
27462;7328133;1075400704;34873344;1162764288;0;0;0;0;0;0;0;0;0;0;0;3496;0;0;95;0;160;0;
27463;7784138;1075400704;34873344;1162764288;0;0;0;0;0;0;0;0;0;0;0;3897;0;0;95;0;160;0;
27464;4978166;1075400704;34873344;1162764288;0;0;0;0;0;0;0;0;0;0;0;3376;0;0;95;0;160;0;
27465;6806305;1075400704;34873344;1162764288;0;0;0;0;0;0;0;0;0;0;0;3456;0;0;95;0;160;0;
27466;5236531;1075400704;34873344;1162764288;0;0;0;0;0;0;0;0;0;0;0;3607;0;0;95;0;160;0;
27467;7788266;1075400704;34873344;1162764288;0;0;0;0;0;0;0;0;0;0;0;4218;0;0;95;0;160;0;
27468;4609955;1075400704;34873344;1162764288;0;0;0;0;0;0;0;0;0;0;0;3497;0;0;95;0;160;0;
27469;8498608;1075400704;34873344;1162764288;0;0;0;0;0;0;0;0;0;0;0;4348;0;0;95;0;160;0;
27470;4495050;1075400704;34873344;1162764288;0;0;0;0;0;0;0;0;0;0;0;4799;0;0;95;0;160;0;
27471;7923038;1075400704;34873344;1162764288;0;0;0;0;0;0;0;0;0;0;0;4869;0;0;95;0;160;0;
27472;6295156;1075400704;34873344;1162764288;0;0;0;0;0;0;0;0;0;0;0;3677;0;0;95;0;160;0;
27473;7814475;1075400704;34873344;1162764288;0;0;0;0;0;0;0;0;0;0;0;4389;0;0;95;0;160;0;
27474;7280053;1075400704;34873344;1162764288;0;0;0;0;0;0;0;0;0;0;0;3416;0;0;95;0;160;0;
27475;6328538;1075400704;34873344;1162764288;0;0;0;0;0;0;0;0;0;0;0;3156;0;0;95;0;160;0;
27476;7428151;1075400704;34873344;1162764288;0;0;0;0;0;0;0;0;0;0;0;3316;0;0;95;0;160;0;
27477;7315208;1075400704;34873344;1162764288;0;0;0;0;0;0;0;0;0;0;0;3957;0;0;95;0;160;0;
27478;4627759;1075400704;34873344;1162764288;0;0;0;0;0;0;0;0;0;0;0;4057;0;0;95;0;160;0;
27479;8459795;1075400704;34873344;1162764288;0;0;0;0;0;0;0;0;0;0;0;5000;0;0;95;0;160;0;
27480;5712102;1075400704;34873344;1162764288;0;0;0;0;0;0;0;0;0;0;0;4379;0;0;95;0;160;0;
27481;7315419;1075400704;34873344;1162764288;0;0;0;0;0;0;0;0;0;0;0;5060;0;0;95;0;160;0;
27482;10287243;1075400704;34873344;1162764288;0;0;0;0;0;0;0;0;0;0;0;3677;0;0;95;0;160;0;
27483;6425289;1075400704;34873344;1162764288;0;0;0;0;0;0;0;0;0;0;0;3948;0;0;95;0;160;0;
27484;8148251;1075400704;34873344;1162764288;0;0;0;0;0;0;0;0;0;0;0;3316;0;0;95;0;160;0;
27485;6041801;1075400704;34873344;1162764288;0;0;0;0;0;0;0;0;0;0;0;3727;0;0;95;0;160;0;
27486;6248869;1075400704;34873344;1162764288;0;0;0;0;0;0;0;0;0;0;0;5050;0;0;95;0;160;0;
27487;6548962;1075400704;34873344;1162764288;0;0;0;0;0;0;0;0;0;0;0;5410;0;0;95;0;160;0;
27488;6431301;1075400704;34873344;1162764288;0;0;0;0;0;0;0;0;0;0;0;3727;0;0;95;0;160;0;
27489;7592790;1075400704;34873344;1162764288;0;0;0;0;0;0;0;0;0;0;0;4238;0;0;95;0;160;0;
27490;5893182;1075400704;34873344;1162764288;0;0;0;0;0;0;0;0;0;0;0;4508;0;0;95;0;160;0;
27491;7352719;1075400704;34873344;1162764288;0;0;0;0;0;0;0;0;0;0;0;5831;0;0;95;0;160;0;
27492;7696554;1075400704;34873344;1162764288;0;0;0;0;0;0;0;0;0;0;0;4077;0;0;95;0;160;0;
27493;8680159;1075400704;34873344;1162764288;0;0;0;0;0;0;0;0;0;0;0;3988;0;0;95;0;160;0;
27494;5389297;1075400704;34873344;1162764288;0;0;0;0;0;0;0;0;0;0;0;4288;0;0;95;0;160;0;
27495;9003585;1075400704;34873344;1162764288;0;0;0;0;0;0;0;0;0;0;0;4538;0;0;95;0;160;0;
27496;5683719;1075400704;34873344;1162764288;0;0;0;0;0;0;0;0;0;0;0;4198;0;0;95;0;160;0;
27497;8971124;1075400704;34873344;1162764288;0;0;0;0;0;0;0;0;0;0;0;4388;0;0;95;0;160;0;
27498;6568769;1075400704;34873344;1162764288;0;0;0;0;0;0;0;0;0;0;0;4950;0;0;95;0;160;0;
27499;11598541;1075400704;34873344;1162764288;0;0;0;0;0;0;0;0;0;0;0;3377;0;0;95;0;160;0;
27500;8178899;1075400704;34873344;1162764288;0;0;0;0;0;0;0;0;0;0;0;4588;0;0;95;0;160;0;
27501;7755104;1075400704;34873344;1162764288;0;0;0;0;0;0;0;0;0;0;0;3647;0;0;95;0;160;0;
27502;10396808;1075400704;34873344;1162764288;0;0;0;0;0;0;0;0;0;0;0;4007;0;0;95;0;160;0;
27503;6714963;1075400704;34873344;1162764288;0;0;0;0;0;0;0;0;0;0;0;3938;0;0;95;0;160;0;
27504;6816233;1075400704;34873344;1162764288;0;0;0;0;0;0;0;0;0;0;0;5901;0;0;95;0;160;0;
27505;8152569;1075400704;34873344;1162764288;0;0;0;0;0;0;0;0;0;0;0;3366;0;0;95;0;160;0;
27506;6880083;1075400704;34873344;1162764288;0;0;0;0;0;0;0;0;0;0;0;3176;0;0;95;0;160;0;
27507;6960143;1075400704;34873344;1162764288;0;0;0;0;0;0;0;0;0;0;0;5030;0;0;95;0;160;0;
27508;6980221;1075400704;34873344;1162764288;0;0;0;0;0;0;0;0;0;0;0;3587;0;0;95;0;160;0;
27509;8320945;1075400704;34873344;1162764288;0;0;0;0;0;0;0;0;0;0;0;4449;0;0;95;0;160;0;
27510;6382360;1075400704;34873344;1162764288;0;0;0;0;0;0;0;0;0;0;0;4668;0;0;95;0;160;0;
27511;7788036;1075400704;34873344;1162764288;0;0;0;0;0;0;0;0;0;0;0;4649;0;0;95;0;160;0;
27512;5358970;1075400704;34873344;1162764288;0;0;0;0;0;0;0;0;0;0;0;5140;0;0;95;0;160;0;
27513;6659088;1075400704;34873344;1162764288;0;0;0;0;0;0;0;0;0;0;0;3607;0;0;95;0;160;0;
27514;4475072;1075400704;34873344;1162764288;0;0;0;0;0;0;0;0;0;0;0;5099;0;0;95;0;160;0;
27515;6323179;1075400704;34873344;1162764288;0;0;0;0;0;0;0;0;0;0;0;2715;0;0;95;0;160;0;
27516;5213548;1075400704;34873344;1162764288;0;0;0;0;0;0;0;0;0;0;0;4578;0;0;95;0;160;0;
27517;5879055;1075400704;34873344;1162764288;0;0;0;0;0;0;0;0;0;0;0;3817;0;0;95;0;160;0;
27518;5464148;1075400704;34873344;1162764288;0;0;0;0;0;0;0;0;0;0;0;4859;0;0;95;0;160;0;
27519;5191736;1075400704;34873344;1162764288;0;0;0;0;0;0;0;0;0;0;0;3146;0;0;95;0;160;0;
27520;5401530;1075400704;34873344;1162764288;0;0;0;0;0;0;0;0;0;0;0;3216;0;0;95;0;160;0;
27521;6329661;1075400704;34873344;1162764288;0;0;0;0;0;0;0;0;0;0;0;2806;0;0;95;0;160;0;
27522;4981583;1075400704;34873344;1162764288;0;0;0;0;0;0;0;0;0;0;0;3757;0;0;95;0;160;0;
27523;6503857;1075400704;34873344;1162764288;0;0;0;0;0;0;0;0;0;0;0;3567;0;0;95;0;160;0;
27524;5453608;1075400704;34873344;1162764288;0;0;0;0;0;0;0;0;0;0;0;4409;0;0;95;0;160;0;
27525;5953895;1075400704;34873344;1162764288;0;0;0;0;0;0;0;0;0;0;0;4940;0;0;95;0;160;0;
27526;3404084;1075400704;34873344;1162764288;0;0;0;0;0;0;0;0;0;0;0;3787;0;0;95;0;160;0;
27527;7094835;1075400704;34873344;1162764288;0;0;0;0;0;0;0;0;0;0;0;4158;0;0;95;0;160;0;
27528;4659498;1075400704;34873344;1162764288;0;0;0;0;0;0;0;0;0;0;0;4448;0;0;95;0;160;0;
27529;7156922;1075400704;34873344;1162764288;0;0;0;0;0;0;0;0;0;0;0;3436;0;0;95;0;160;0;
27530;4014979;1075400704;34873344;1162764288;0;0;0;0;0;0;0;0;0;0;0;3276;0;0;95;0;160;0;
27531;7694501;1075400704;34873344;1162764288;0;0;0;0;0;0;0;0;0;0;0;3937;0;0;95;0;160;0;
27532;5660736;1075400704;34873344;1162764288;0;0;0;0;0;0;0;0;0;0;0;3657;0;0;95;0;160;0;
27533;7533738;1075400704;34873344;1162764288;0;0;0;0;0;0;0;0;0;0;0;3677;0;0;95;0;160;0;
27534;5828571;1075400704;34873344;1162764288;0;0;0;0;0;0;0;0;0;0;0;3687;0;0;95;0;160;0;
27535;6126720;1075400704;34873344;1162764288;0;0;0;0;0;0;0;0;0;0;0;3517;0;0;95;0;160;0;
27536;4140455;1075400704;34873344;1162764288;0;0;0;0;0;0;0;0;0;0;0;3186;0;0;95;0;160;0;
27537;7247722;1075400704;34873344;1162764288;0;0;0;0;0;0;0;0;0;0;0;3797;0;0;95;0;160;0;
27538;5449329;1075400704;34873344;1162764288;0;0;0;0;0;0;0;0;0;0;0;3677;0;0;95;0;160;0;
27539;6234082;1075400704;34873344;1162764288;0;0;0;0;0;0;0;0;0;0;0;3527;0;0;95;0;160;0;
27540;4834036;1075400704;34873344;1162764288;0;0;0;0;0;0;0;0;0;0;0;2915;0;0;95;0;160;0;
27541;5807541;1075400704;34873344;1162764288;0;0;0;0;0;0;0;0;0;0;0;3146;0;0;95;0;160;0;
27542;6627399;1075400704;34873344;1162764288;0;0;0;0;0;0;0;0;0;0;0;4118;0;0;95;0;160;0;
27543;7222174;1075400704;34873344;1162764288;0;0;0;0;0;0;0;0;0;0;0;2875;0;0;95;0;160;0;
27544;5288027;1075400704;34873344;1162764288;0;0;0;0;0;0;0;0;0;0;0;3627;0;0;95;0;160;0;
27545;6904188;1075400704;34873344;1162764288;0;0;0;0;0;0;0;0;0;0;0;4900;0;0;95;0;160;0;
27546;6618492;1075400704;34873344;1162764288;0;0;0;0;0;0;0;0;0;0;0;4138;0;0;95;0;160;0;
27547;5810467;1075400704;34873344;1162764288;0;0;0;0;0;0;0;0;0;0;0;3236;0;0;95;0;160;0;
27548;5245968;1075400704;34873344;1162764288;0;0;0;0;0;0;0;0;0;0;0;3978;0;0;95;0;160;0;
27549;7786031;1075400704;34873344;1162764288;0;0;0;0;0;0;0;0;0;0;0;3005;0;0;95;0;160;0;
27550;5188280;1075400704;34873344;1162764288;0;0;0;0;0;0;0;0;0;0;0;4098;0;0;95;0;160;0;
27551;6960203;1075400704;34873344;1162764288;0;0;0;0;0;0;0;0;0;0;0;3597;0;0;95;0;160;0;
27552;7013563;1075400704;34873344;1162764288;0;0;0;0;0;0;0;0;0;0;0;4278;0;0;95;0;160;0;
27553;6072458;1075400704;34873344;1162764288;0;0;0;0;0;0;0;0;0;0;0;2946;0;0;95;0;160;0;
27554;5951852;1075400704;34873344;1162764288;0;0;0;0;0;0;0;0;0;0;0;3196;0;0;95;0;160;0;
27555;6272944;1075400704;34873344;1162764288;0;0;0;0;0;0;0;0;0;0;0;3827;0;0;95;0;160;0;
27556;5735175;1075400704;34873344;1162764288;0;0;0;0;0;0;0;0;0;0;0;4067;0;0;95;0;160;0;
27557;6290507;1075400704;34873344;1162764288;0;0;0;0;0;0;0;0;0;0;0;3356;0;0;95;0;160;0;
27558;5711801;1075400704;34873344;1162764288;0;0;0;0;0;0;0;0;0;0;0;4208;0;0;95;0;160;0;
27559;6211429;1075400704;34873344;1162764288;0;0;0;0;0;0;0;0;0;0;0;3577;0;0;95;0;160;0;
27560;5998079;1075400704;34873344;1162764288;0;0;0;0;0;0;0;0;0;0;0;3857;0;0;95;0;160;0;
27561;6379173;1075400704;34873344;1162764288;0;0;0;0;0;0;0;0;0;0;0;4399;0;0;95;0;160;0;
27562;5096348;1075400704;34873344;1162764288;0;0;0;0;0;0;0;0;0;0;0;4077;0;0;95;0;160;0;
27563;6550355;1075400704;34873344;1162764288;0;0;0;0;0;0;0;0;0;0;0;4438;0;0;95;0;160;0;
27564;4340450;1075400704;34873344;1162764288;0;0;0;0;0;0;0;0;0;0;0;3757;0;0;95;0;160;0;
27565;6388911;1075400704;34873344;1162764288;0;0;0;0;0;0;0;0;0;0;0;4589;0;0;95;0;160;0;
27566;3472983;1075400704;34873344;1162764288;0;0;0;0;0;0;0;0;0;0;0;4188;0;0;95;0;160;0;
27567;6185009;1075400704;34873344;1162764288;0;0;0;0;0;0;0;0;0;0;0;3126;0;0;95;0;160;0;
27568;4784293;1075400704;34873344;1162764288;0;0;0;0;0;0;0;0;0;0;0;4048;0;0;95;0;160;0;
27569;22730218;1075400704;34873344;1162764288;0;0;0;0;0;0;0;0;0;0;0;3958;0;0;95;0;160;0;
27570;4875513;1075400704;34873344;1162764288;0;0;0;0;0;0;0;0;0;0;0;3908;0;0;95;0;160;0;
27571;7320308;1075400704;34873344;1162764288;0;0;0;0;0;0;0;0;0;0;0;3346;0;0;95;0;160;0;
27572;4419308;1075400704;34873344;1162764288;0;0;0;0;0;0;0;0;0;0;0;3476;0;0;95;0;160;0;
27573;7518911;1075400704;34873344;1162764288;0;0;0;0;0;0;0;0;0;0;0;3717;0;0;95;0;160;0;
27574;4929304;1075400704;34873344;1162764288;0;0;0;0;0;0;0;0;0;0;0;3547;0;0;95;0;160;0;
27575;7399507;1075400704;34873344;1162764288;0;0;0;0;0;0;0;0;0;0;0;3456;0;0;95;0;160;0;
27576;5422389;1075400704;34873344;1162764288;0;0;0;0;0;0;0;0;0;0;0;3236;0;0;95;0;160;0;
27577;6641705;1075400704;34873344;1162764288;0;0;0;0;0;0;0;0;0;0;0;2555;0;0;95;0;160;0;
27578;5890477;1075400704;34873344;1162764288;0;0;0;0;0;0;0;0;0;0;0;3576;0;0;95;0;160;0;
27579;5973062;1075400704;34873344;1162764288;0;0;0;0;0;0;0;0;0;0;0;2235;0;0;95;0;160;0;
27580;4980230;1075400704;34873344;1162764288;0;0;0;0;0;0;0;0;0;0;0;3386;0;0;95;0;160;0;
27581;6193185;1075400704;34873344;1162764288;0;0;0;0;0;0;0;0;0;0;0;3557;0;0;95;0;160;0;
27582;5062043;1075400704;34873344;1162764288;0;0;0;0;0;0;0;0;0;0;0;3286;0;0;95;0;160;0;
27583;5923869;1075400704;34873344;1162764288;0;0;0;0;0;0;0;0;0;0;0;2535;0;0;95;0;160;0;
27584;5332180;1075400704;34873344;1162764288;0;0;0;0;0;0;0;0;0;0;0;3426;0;0;95;0;160;0;
27585;6527862;1075400704;34873344;1162764288;0;0;0;0;0;0;0;0;0;0;0;2745;0;0;95;0;160;0;
27586;4520839;1075400704;34873344;1162764288;0;0;0;0;0;0;0;0;0;0;0;2946;0;0;95;0;160;0;
27587;6928584;1075400704;34873344;1162764288;0;0;0;0;0;0;0;0;0;0;0;4358;0;0;95;0;160;0;
27588;3587608;1075400704;34873344;1162764288;0;0;0;0;0;0;0;0;0;0;0;4278;0;0;95;0;160;0;
27589;6534054;1075400704;34873344;1162764288;0;0;0;0;0;0;0;0;0;0;0;3717;0;0;95;0;160;0;
27590;4201780;1075400704;34873344;1162764288;0;0;0;0;0;0;0;0;0;0;0;3667;0;0;95;0;160;0;
27591;6183667;1075400704;34873344;1162764288;0;0;0;0;0;0;0;0;0;0;0;5100;0;0;95;0;160;0;
27592;4216838;1075400704;34873344;1162764288;0;0;0;0;0;0;0;0;0;0;0;3336;0;0;95;0;160;0;
27593;7079366;1075400704;34873344;1162764288;0;0;0;0;0;0;0;0;0;0;0;3687;0;0;95;0;160;0;
27594;3633184;1075400704;34873344;1162764288;0;0;0;0;0;0;0;0;0;0;0;3296;0;0;95;0;160;0;
27595;6721175;1075400704;34873344;1162764288;0;0;0;0;0;0;0;0;0;0;0;4489;0;0;95;0;160;0;
27596;3462443;1075400704;34873344;1162764288;0;0;0;0;0;0;0;0;0;0;0;3386;0;0;95;0;160;0;
27597;7304198;1075400704;34873344;1162764288;0;0;0;0;0;0;0;0;0;0;0;3717;0;0;95;0;160;0;
27598;3785770;1075400704;34873344;1162764288;0;0;0;0;0;0;0;0;0;0;0;3327;0;0;95;0;160;0;
27599;5736378;1075400704;34873344;1162764288;0;0;0;0;0;0;0;0;0;0;0;2996;0;0;95;0;160;0;
27600;5060931;1075400704;34873344;1162764288;0;0;0;0;0;0;0;0;0;0;0;3436;0;0;95;0;160;0;
27601;6534365;1075400704;34873344;1162764288;0;0;0;0;0;0;0;0;0;0;0;2625;0;0;95;0;160;0;
27602;4376157;1075400704;34873344;1162764288;0;0;0;0;0;0;0;0;0;0;0;2915;0;0;95;0;160;0;
27603;5598600;1075400704;34873344;1162764288;0;0;0;0;0;0;0;0;0;0;0;2955;0;0;95;0;160;0;
27604;10473302;1075400704;34873344;1162764288;0;0;0;0;0;0;0;0;0;0;0;2785;0;0;95;0;160;0;
27605;5278419;1075400704;34873344;1162764288;0;0;0;0;0;0;0;0;0;0;0;2194;0;0;95;0;160;0;
27606;5635338;1075400704;34873344;1162764288;0;0;0;0;0;0;0;0;0;0;0;3647;0;0;95;0;160;0;
27607;5761244;1075400704;34873344;1162764288;0;0;0;0;0;0;0;0;0;0;0;3376;0;0;95;0;160;0;
27608;6355469;1075400704;34873344;1162764288;0;0;0;0;0;0;0;0;0;0;0;4217;0;0;95;0;160;0;
27609;7154618;1075400704;34873344;1162764288;0;0;0;0;0;0;0;0;0;0;0;3256;0;0;95;0;160;0;
27610;6193836;1075400704;34873344;1162764288;0;0;0;0;0;0;0;0;0;0;0;3216;0;0;95;0;160;0;
27611;6046038;1075400704;34873344;1162764288;0;0;0;0;0;0;0;0;0;0;0;2424;0;0;95;0;160;0;
27612;6759888;1075400704;34873344;1162764288;0;0;0;0;0;0;0;0;0;0;0;3496;0;0;95;0;160;0;
27613;5760823;1075400704;34873344;1162764288;0;0;0;0;0;0;0;0;0;0;0;2525;0;0;95;0;160;0;
27614;5236440;1075400704;34873344;1162764288;0;0;0;0;0;0;0;0;0;0;0;2875;0;0;95;0;160;0;
27615;7481971;1075400704;34873344;1162764288;0;0;0;0;0;0;0;0;0;0;0;3847;0;0;95;0;160;0;
27616;5075408;1075400704;34873344;1162764288;0;0;0;0;0;0;0;0;0;0;0;3717;0;0;95;0;160;0;
27617;6858473;1075400704;34873344;1162764288;0;0;0;0;0;0;0;0;0;0;0;3797;0;0;95;0;160;0;
27618;5159175;1075400704;34873344;1162764288;0;0;0;0;0;0;0;0;0;0;0;3347;0;0;95;0;160;0;
27619;6648428;1075400704;34873344;1162764288;0;0;0;0;0;0;0;0;0;0;0;4238;0;0;95;0;160;0;
27620;5482482;1075400704;34873344;1162764288;0;0;0;0;0;0;0;0;0;0;0;4618;0;0;95;0;160;0;
27621;7177610;1075400704;34873344;1162764288;0;0;0;0;0;0;0;0;0;0;0;2916;0;0;95;0;160;0;
27622;8715425;1075400704;34873344;1162764288;0;0;0;0;0;0;0;0;0;0;0;4468;0;0;95;0;160;0;
27623;7953986;1075400704;34873344;1162764288;0;0;0;0;0;0;0;0;0;0;0;2945;0;0;95;0;160;0;
27624;6681761;1075400704;34873344;1162764288;0;0;0;0;0;0;0;0;0;0;0;3587;0;0;95;0;160;0;
27625;7655577;1075400704;34873344;1162764288;0;0;0;0;0;0;0;0;0;0;0;6422;0;0;95;0;160;0;
27626;5194662;1075400704;34873344;1162764288;0;0;0;0;0;0;0;0;0;0;0;4338;0;0;95;0;160;0;
27627;7990174;1075400704;34873344;1162764288;0;0;0;0;0;0;0;0;0;0;0;4890;0;0;95;0;160;0;
27628;6082387;1075400704;34873344;1162764288;0;0;0;0;0;0;0;0;0;0;0;4618;0;0;95;0;160;0;
27629;6530457;1075400704;34873344;1162764288;0;0;0;0;0;0;0;0;0;0;0;3025;0;0;95;0;160;0;
27630;5525883;1075400704;34873344;1162764288;0;0;0;0;0;0;0;0;0;0;0;3367;0;0;95;0;160;0;
27631;6121330;1075400704;34873344;1162764288;0;0;0;0;0;0;0;0;0;0;0;2485;0;0;95;0;160;0;
27632;5665695;1075400704;34873344;1162764288;0;0;0;0;0;0;0;0;0;0;0;3547;0;0;95;0;160;0;
27633;6962798;1075400704;34873344;1162764288;0;0;0;0;0;0;0;0;0;0;0;3186;0;0;95;0;160;0;
27634;5377916;1075400704;34873344;1162764288;0;0;0;0;0;0;0;0;0;0;0;4198;0;0;95;0;160;0;
27635;7075229;1075400704;34873344;1162764288;0;0;0;0;0;0;0;0;0;0;0;4359;0;0;95;0;160;0;
27636;5893423;1075400704;34873344;1162764288;0;0;0;0;0;0;0;0;0;0;0;3587;0;0;95;0;160;0;
27637;6305164;1075400704;34873344;1162764288;0;0;0;0;0;0;0;0;0;0;0;3487;0;0;95;0;160;0;
27638;5819123;1075400704;34873344;1162764288;0;0;0;0;0;0;0;0;0;0;0;3476;0;0;95;0;160;0;
27639;7919242;1075400704;34873344;1162764288;0;0;0;0;0;0;0;0;0;0;0;4138;0;0;95;0;160;0;
27640;6814500;1075400704;34873344;1162764288;0;0;0;0;0;0;0;0;0;0;0;3426;0;0;95;0;160;0;
27641;7336328;1075400704;34873344;1162764288;0;0;0;0;0;0;0;0;0;0;0;2565;0;0;95;0;160;0;
27642;5326208;1075400704;34873344;1162764288;0;0;0;0;0;0;0;0;0;0;0;4518;0;0;95;0;160;0;
27643;6146357;1075400704;34873344;1162764288;0;0;0;0;0;0;0;0;0;0;0;4118;0;0;95;0;160;0;
27644;5574764;1075400704;34873344;1162764288;0;0;0;0;0;0;0;0;0;0;0;4699;0;0;95;0;160;0;
27645;7060090;1075400704;34873344;1162764288;0;0;0;0;0;0;0;0;0;0;0;3737;0;0;95;0;160;0;
27646;5056222;1075400704;34873344;1162764288;0;0;0;0;0;0;0;0;0;0;0;4359;0;0;95;0;160;0;
27647;8888079;1075400704;34873344;1162764288;0;0;0;0;0;0;0;0;0;0;0;4177;0;0;95;0;160;0;
27648;6277753;1075400704;34873344;1162764288;0;0;0;0;0;0;0;0;0;0;0;3497;0;0;95;0;160;0;
27649;7115685;1075400704;34873344;1162764288;0;0;0;0;0;0;0;0;0;0;0;2895;0;0;95;0;160;0;
27650;5967612;1075400704;34873344;1162764288;0;0;0;0;0;0;0;0;0;0;0;2995;0;0;95;0;160;0;
27651;6896183;1075400704;34873344;1162764288;0;0;0;0;0;0;0;0;0;0;0;2755;0;0;95;0;160;0;
27652;6373643;1075400704;34873344;1162764288;0;0;0;0;0;0;0;0;0;0;0;4158;0;0;95;0;160;0;
27653;6694474;1075400704;34873344;1162764288;0;0;0;0;0;0;0;0;0;0;0;3827;0;0;95;0;160;0;
27654;5111426;1075400704;34873344;1162764288;0;0;0;0;0;0;0;0;0;0;0;5340;0;0;95;0;160;0;
27655;8753316;1075400704;34873344;1162764288;0;0;0;0;0;0;0;0;0;0;0;4368;0;0;95;0;160;0;
27656;6059965;1075400704;34873344;1162764288;0;0;0;0;0;0;0;0;0;0;0;4618;0;0;95;0;160;0;
27657;8343537;1075400704;34877440;1162768384;0;0;0;0;0;0;0;0;0;0;0;3156;0;0;95;0;160;0;
27658;5498792;1075400704;34881536;1162772480;0;0;0;0;0;0;0;0;0;0;0;3506;0;0;95;0;160;0;
27659;7656028;1075400704;34881536;1162772480;0;0;0;0;0;0;0;0;0;0;0;3486;0;0;95;0;160;0;
27660;5804606;1075400704;34881536;1162772480;0;0;0;0;0;0;0;0;0;0;0;2485;0;0;95;0;160;0;
27661;7865210;1075400704;34881536;1162772480;0;0;0;0;0;0;0;0;0;0;0;3206;0;0;95;0;160;0;
27662;5412991;1075400704;34881536;1162772480;0;0;0;0;0;0;0;0;0;0;0;3236;0;0;95;0;160;0;
27663;7121285;1075400704;34881536;1162772480;0;0;0;0;0;0;0;0;0;0;0;3958;0;0;95;0;160;0;
27664;5121004;1075400704;34873344;1162764288;0;0;0;0;0;0;0;0;0;0;0;4358;0;0;95;0;160;0;
27665;6085482;1075400704;34873344;1162764288;0;0;0;0;0;0;0;0;0;0;0;3827;0;0;95;0;160;0;
27666;5141132;1075400704;34873344;1162764288;0;0;0;0;0;0;0;0;0;0;0;4418;0;0;95;0;160;0;
27667;6230554;1075400704;34873344;1162764288;0;0;0;0;0;0;0;0;0;0;0;3857;0;0;95;0;160;0;
27668;5781793;1075400704;34873344;1162764288;0;0;0;0;0;0;0;0;0;0;0;2935;0;0;95;0;160;0;
27669;8271071;1075400704;34873344;1162764288;0;0;0;0;0;0;0;0;0;0;0;5180;0;0;95;0;160;0;
27670;4709953;1075400704;34873344;1162764288;0;0;0;0;0;0;0;0;0;0;0;4188;0;0;95;0;160;0;
27671;8850568;1075400704;34873344;1162764288;0;0;0;0;0;0;0;0;0;0;0;4639;0;0;95;0;160;0;
27672;6375326;1075400704;34873344;1162764288;0;0;0;0;0;0;0;0;0;0;0;4849;0;0;95;0;160;0;
27673;7241330;1075400704;34873344;1162764288;0;0;0;0;0;0;0;0;0;0;0;6001;0;0;95;0;160;0;
27674;5543837;1075400704;34873344;1162764288;0;0;0;0;0;0;0;0;0;0;0;4087;0;0;95;0;160;0;
27675;7296564;1075400704;34873344;1162764288;0;0;0;0;0;0;0;0;0;0;0;4468;0;0;95;0;160;0;
27676;6391036;1075400704;34873344;1162764288;0;0;0;0;0;0;0;0;0;0;0;4268;0;0;95;0;160;0;
27677;6850999;1075400704;34873344;1162764288;0;0;0;0;0;0;0;0;0;0;0;3557;0;0;95;0;160;0;
27678;6056258;1075400704;34873344;1162764288;0;0;0;0;0;0;0;0;0;0;0;3487;0;0;95;0;160;0;
27679;7274503;1075400704;34873344;1162764288;0;0;0;0;0;0;0;0;0;0;0;3948;0;0;95;0;160;0;
27680;8501574;1075400704;34873344;1162764288;0;0;0;0;0;0;0;0;0;0;0;3928;0;0;95;0;160;0;
27681;8250192;1075400704;34873344;1162764288;0;0;0;0;0;0;0;0;0;0;0;73057;0;0;95;0;160;0;
27682;5866482;1075400704;34873344;1162764288;0;0;0;0;0;0;0;0;0;0;0;4178;0;0;95;0;160;0;
27683;9179265;1075400704;34873344;1162764288;0;0;0;0;0;0;0;0;0;0;0;4349;0;0;95;0;160;0;
27684;6494519;1075400704;34873344;1162764288;0;0;0;0;0;0;0;0;0;0;0;2725;0;0;95;0;160;0;
27685;7098763;1075400704;34873344;1162764288;0;0;0;0;0;0;0;0;0;0;0;3337;0;0;95;0;160;0;
27686;6256193;1075400704;34873344;1162764288;0;0;0;0;0;0;0;0;0;0;0;4138;0;0;95;0;160;0;
27687;6874252;1075400704;34873344;1162764288;0;0;0;0;0;0;0;0;0;0;0;3517;0;0;95;0;160;0;
27688;5958474;1075400704;34873344;1162764288;0;0;0;0;0;0;0;0;0;0;0;2946;0;0;95;0;160;0;
27689;5934991;1075400704;34873344;1162764288;0;0;0;0;0;0;0;0;0;0;0;2685;0;0;95;0;160;0;
27690;5656177;1075400704;34873344;1162764288;0;0;0;0;0;0;0;0;0;0;0;3136;0;0;95;0;160;0;
27691;7481300;1075400704;34873344;1162764288;0;0;0;0;0;0;0;0;0;0;0;4128;0;0;95;0;160;0;
27692;5117968;1075400704;34873344;1162764288;0;0;0;0;0;0;0;0;0;0;0;3096;0;0;95;0;160;0;
27693;7232393;1075400704;34873344;1162764288;0;0;0;0;0;0;0;0;0;0;0;4719;0;0;95;0;160;0;
27694;4854655;1075400704;34873344;1162764288;0;0;0;0;0;0;0;0;0;0;0;3416;0;0;95;0;160;0;
27695;6928504;1075400704;34873344;1162764288;0;0;0;0;0;0;0;0;0;0;0;2875;0;0;95;0;160;0;
27696;5048287;1075400704;34873344;1162764288;0;0;0;0;0;0;0;0;0;0;0;5821;0;0;95;0;160;0;
27697;7544438;1075400704;34873344;1162764288;0;0;0;0;0;0;0;0;0;0;0;3437;0;0;95;0;160;0;
27698;5953665;1075400704;34873344;1162764288;0;0;0;0;0;0;0;0;0;0;0;3406;0;0;95;0;160;0;
27699;7726340;1075400704;34873344;1162764288;0;0;0;0;0;0;0;0;0;0;0;2755;0;0;95;0;160;0;
27700;5161229;1075400704;34873344;1162764288;0;0;0;0;0;0;0;0;0;0;0;4709;0;0;95;0;160;0;
27701;8035409;1075400704;34873344;1162764288;0;0;0;0;0;0;0;0;0;0;0;3386;0;0;95;0;160;0;
27702;4450016;1075400704;34873344;1162764288;0;0;0;0;0;0;0;0;0;0;0;5560;0;0;95;0;160;0;
27703;6265069;1075400704;34873344;1162764288;0;0;0;0;0;0;0;0;0;0;0;3487;0;0;95;0;160;0;
27704;4480653;1075400704;34873344;1162764288;0;0;0;0;0;0;0;0;0;0;0;4068;0;0;95;0;160;0;
27705;8374545;1075400704;34873344;1162764288;0;0;0;0;0;0;0;0;0;0;0;4298;0;0;95;0;160;0;
27706;4028865;1075400704;34873344;1162764288;0;0;0;0;0;0;0;0;0;0;0;4759;0;0;95;0;160;0;
27707;8125128;1075400704;34873344;1162764288;0;0;0;0;0;0;0;0;0;0;0;3957;0;0;95;0;160;0;
27708;4237858;1075400704;34873344;1162764288;0;0;0;0;0;0;0;0;0;0;0;4328;0;0;95;0;160;0;
27709;7767047;1075400704;34873344;1162764288;0;0;0;0;0;0;0;0;0;0;0;5680;0;0;95;0;160;0;
27710;5089214;1075400704;34873344;1162764288;0;0;0;0;0;0;0;0;0;0;0;5130;0;0;95;0;160;0;
27711;6046960;1075400704;34873344;1162764288;0;0;0;0;0;0;0;0;0;0;0;3146;0;0;95;0;160;0;
27712;6114226;1075400704;34873344;1162764288;0;0;0;0;0;0;0;0;0;0;0;4187;0;0;95;0;160;0;
27713;5790400;1075400704;34873344;1162764288;0;0;0;0;0;0;0;0;0;0;0;3506;0;0;95;0;160;0;
27714;5384408;1075400704;34873344;1162764288;0;0;0;0;0;0;0;0;0;0;0;3296;0;0;95;0;160;0;
27715;7167162;1075400704;34873344;1162764288;0;0;0;0;0;0;0;0;0;0;0;2715;0;0;95;0;160;0;
27716;4623781;1075400704;34873344;1162764288;0;0;0;0;0;0;0;0;0;0;0;4889;0;0;95;0;160;0;
27717;7008534;1075400704;34873344;1162764288;0;0;0;0;0;0;0;0;0;0;0;3376;0;0;95;0;160;0;
27718;5218537;1075400704;34873344;1162764288;0;0;0;0;0;0;0;0;0;0;0;4218;0;0;95;0;160;0;
27719;7342900;1075400704;34873344;1162764288;0;0;0;0;0;0;0;0;0;0;0;4609;0;0;95;0;160;0;
27720;5532506;1075400704;34873344;1162764288;0;0;0;0;0;0;0;0;0;0;0;4769;0;0;95;0;160;0;
27721;7141473;1075400704;34873344;1162764288;0;0;0;0;0;0;0;0;0;0;0;3837;0;0;95;0;160;0;
27722;4379292;1075400704;34873344;1162764288;0;0;0;0;0;0;0;0;0;0;0;3527;0;0;95;0;160;0;
27723;7454410;1075400704;34873344;1162764288;0;0;0;0;0;0;0;0;0;0;0;3527;0;0;95;0;160;0;
27724;6456448;1075400704;34873344;1162764288;0;0;0;0;0;0;0;0;0;0;0;2976;0;0;95;0;160;0;
27725;5998198;1075400704;34873344;1162764288;0;0;0;0;0;0;0;0;0;0;0;2505;0;0;95;0;160;0;
27726;6311146;1075400704;34873344;1162764288;0;0;0;0;0;0;0;0;0;0;0;3476;0;0;95;0;160;0;
27727;6735892;1075400704;34873344;1162764288;0;0;0;0;0;0;0;0;0;0;0;2695;0;0;95;0;160;0;
27728;5127276;1075400704;34873344;1162764288;0;0;0;0;0;0;0;0;0;0;0;3256;0;0;95;0;160;0;
27729;7257049;1075400704;34873344;1162764288;0;0;0;0;0;0;0;0;0;0;0;4369;0;0;95;0;160;0;
27730;5036756;1075400704;34873344;1162764288;0;0;0;0;0;0;0;0;0;0;0;5109;0;0;95;0;160;0;
27731;7485598;1075400704;34873344;1162764288;0;0;0;0;0;0;0;0;0;0;0;8225;0;0;95;0;160;0;
27732;5387293;1075400704;34873344;1162764288;0;0;0;0;0;0;0;0;0;0;0;3988;0;0;95;0;160;0;
27733;5615952;1075400704;34873344;1162764288;0;0;0;0;0;0;0;0;0;0;0;3036;0;0;95;0;160;0;
27734;5887010;1075400704;34873344;1162764288;0;0;0;0;0;0;0;0;0;0;0;3567;0;0;95;0;160;0;
27735;5940200;1075400704;34873344;1162764288;0;0;0;0;0;0;0;0;0;0;0;2905;0;0;95;0;160;0;
27736;4894419;1075400704;34873344;1162764288;0;0;0;0;0;0;0;0;0;0;0;3416;0;0;95;0;160;0;
27737;6770567;1075400704;34873344;1162764288;0;0;0;0;0;0;0;0;0;0;0;2344;0;0;95;0;160;0;
27738;5405888;1075400704;34873344;1162764288;0;0;0;0;0;0;0;0;0;0;0;3737;0;0;95;0;160;0;
27739;7496999;1075400704;34873344;1162764288;0;0;0;0;0;0;0;0;0;0;0;3206;0;0;95;0;160;0;
27740;5402662;1075400704;34873344;1162764288;0;0;0;0;0;0;0;0;0;0;0;4017;0;0;95;0;160;0;
27741;6575892;1075400704;34873344;1162764288;0;0;0;0;0;0;0;0;0;0;0;3456;0;0;95;0;160;0;
27742;5613206;1075400704;34873344;1162764288;0;0;0;0;0;0;0;0;0;0;0;3456;0;0;95;0;160;0;
27743;6735963;1075400704;34873344;1162764288;0;0;0;0;0;0;0;0;0;0;0;3576;0;0;95;0;160;0;
27744;5426407;1075400704;34873344;1162764288;0;0;0;0;0;0;0;0;0;0;0;3616;0;0;95;0;160;0;
27745;6388351;1075400704;34873344;1162764288;0;0;0;0;0;0;0;0;0;0;0;2945;0;0;95;0;160;0;
27746;5589052;1075400704;34873344;1162764288;0;0;0;0;0;0;0;0;0;0;0;2825;0;0;95;0;160;0;
27747;5998800;1075400704;34873344;1162764288;0;0;0;0;0;0;0;0;0;0;0;2745;0;0;95;0;160;0;
27748;7126966;1075400704;34873344;1162764288;0;0;0;0;0;0;0;0;0;0;0;3206;0;0;95;0;160;0;
27749;6146738;1075400704;34873344;1162764288;0;0;0;0;0;0;0;0;0;0;0;3086;0;0;95;0;160;0;
27750;5895406;1075400704;34873344;1162764288;0;0;0;0;0;0;0;0;0;0;0;3537;0;0;95;0;160;0;
27751;6416314;1075400704;34873344;1162764288;0;0;0;0;0;0;0;0;0;0;0;2926;0;0;95;0;160;0;
27752;5131043;1075400704;34873344;1162764288;0;0;0;0;0;0;0;0;0;0;0;3396;0;0;95;0;160;0;
27753;6874402;1075400704;34873344;1162764288;0;0;0;0;0;0;0;0;0;0;0;3206;0;0;95;0;160;0;
27754;6240233;1075400704;34873344;1162764288;0;0;0;0;0;0;0;0;0;0;0;3496;0;0;95;0;160;0;
27755;6473971;1075400704;34873344;1162764288;0;0;0;0;0;0;0;0;0;0;0;3827;0;0;95;0;160;0;
27756;5878274;1075400704;34873344;1162764288;0;0;0;0;0;0;0;0;0;0;0;3627;0;0;95;0;160;0;
27757;7242373;1075400704;34873344;1162764288;0;0;0;0;0;0;0;0;0;0;0;3025;0;0;95;0;160;0;
27758;6371299;1075400704;34873344;1162764288;0;0;0;0;0;0;0;0;0;0;0;3927;0;0;95;0;160;0;
27759;6030299;1075400704;34873344;1162764288;0;0;0;0;0;0;0;0;0;0;0;2455;0;0;95;0;160;0;
27760;11127839;1075400704;34873344;1162764288;0;0;0;0;0;0;0;0;0;0;0;3076;0;0;95;0;160;0;
27761;6341683;1075400704;34873344;1162764288;0;0;0;0;0;0;0;0;0;0;0;2455;0;0;95;0;160;0;
27762;5334033;1075400704;34873344;1162764288;0;0;0;0;0;0;0;0;0;0;0;3897;0;0;95;0;160;0;
27763;6953260;1075400704;34873344;1162764288;0;0;0;0;0;0;0;0;0;0;0;3347;0;0;95;0;160;0;
27764;6411754;1075400704;34873344;1162764288;0;0;0;0;0;0;0;0;0;0;0;4649;0;0;95;0;160;0;
27765;5897339;1075400704;34873344;1162764288;0;0;0;0;0;0;0;0;0;0;0;2675;0;0;95;0;160;0;
27766;6610638;1075400704;34873344;1162764288;0;0;0;0;0;0;0;0;0;0;0;4278;0;0;95;0;160;0;
27767;6065174;1075400704;34873344;1162764288;0;0;0;0;0;0;0;0;0;0;0;2665;0;0;95;0;160;0;
27768;4312568;1075400704;34873344;1162764288;0;0;0;0;0;0;0;0;0;0;0;2865;0;0;95;0;160;0;
27769;5880929;1075400704;34873344;1162764288;0;0;0;0;0;0;0;0;0;0;0;2815;0;0;95;0;160;0;
27770;5066502;1075400704;34873344;1162764288;0;0;0;0;0;0;0;0;0;0;0;3707;0;0;95;0;160;0;
27771;7763009;1075400704;34873344;1162764288;0;0;0;0;0;0;0;0;0;0;0;3857;0;0;95;0;160;0;
27772;5369029;1075400704;34873344;1162764288;0;0;0;0;0;0;0;0;0;0;0;4168;0;0;95;0;160;0;
27773;8300897;1075400704;34873344;1162764288;0;0;0;0;0;0;0;0;0;0;0;4368;0;0;95;0;160;0;
27774;6540426;1075400704;34873344;1162764288;0;0;0;0;0;0;0;0;0;0;0;4278;0;0;95;0;160;0;
27775;7005337;1075400704;34873344;1162764288;0;0;0;0;0;0;0;0;0;0;0;3166;0;0;95;0;160;0;
27776;5578131;1075400704;34873344;1162764288;0;0;0;0;0;0;0;0;0;0;0;3657;0;0;95;0;160;0;
27777;5124480;1075400704;34873344;1162764288;0;0;0;0;0;0;0;0;0;0;0;2725;0;0;95;0;160;0;
27778;5278248;1075400704;34873344;1162764288;0;0;0;0;0;0;0;0;0;0;0;3055;0;0;95;0;160;0;
27779;5854960;1075400704;34873344;1162764288;0;0;0;0;0;0;0;0;0;0;0;2665;0;0;95;0;160;0;
27780;7249967;1075400704;34873344;1162764288;0;0;0;0;0;0;0;0;0;0;0;3938;0;0;95;0;160;0;
27781;6764797;1075400704;34873344;1162764288;0;0;0;0;0;0;0;0;0;0;0;3567;0;0;95;0;160;0;
27782;6653057;1075400704;34873344;1162764288;0;0;0;0;0;0;0;0;0;0;0;3165;0;0;95;0;160;0;
27783;5594061;1075400704;34873344;1162764288;0;0;0;0;0;0;0;0;0;0;0;2865;0;0;95;0;160;0;
27784;6874161;1075400704;34873344;1162764288;0;0;0;0;0;0;0;0;0;0;0;3076;0;0;95;0;160;0;
27785;7391542;1075400704;34873344;1162764288;0;0;0;0;0;0;0;0;0;0;0;3216;0;0;95;0;160;0;
27786;4207230;1075400704;34873344;1162764288;0;0;0;0;0;0;0;0;0;0;0;3276;0;0;95;0;160;0;
27787;8362123;1075400704;34873344;1162764288;0;0;0;0;0;0;0;0;0;0;0;4809;0;0;95;0;160;0;
27788;5972441;1075400704;34873344;1162764288;0;0;0;0;0;0;0;0;0;0;0;5169;0;0;95;0;160;0;
27789;7152644;1075400704;34873344;1162764288;0;0;0;0;0;0;0;0;0;0;0;3566;0;0;95;0;160;0;
27790;7507570;1075400704;34873344;1162764288;0;0;0;0;0;0;0;0;0;0;0;3256;0;0;95;0;160;0;
27791;6452892;1075400704;34873344;1162764288;0;0;0;0;0;0;0;0;0;0;0;4058;0;0;95;0;160;0;
27792;5770392;1075400704;34873344;1162764288;0;0;0;0;0;0;0;0;0;0;0;3667;0;0;95;0;160;0;
27793;7314016;1075400704;34873344;1162764288;0;0;0;0;0;0;0;0;0;0;0;4208;0;0;95;0;160;0;
27794;5378536;1075400704;34873344;1162764288;0;0;0;0;0;0;0;0;0;0;0;3647;0;0;95;0;160;0;
27795;7913160;1075400704;34873344;1162764288;0;0;0;0;0;0;0;0;0;0;0;3216;0;0;95;0;160;0;
27796;6728769;1075400704;34873344;1162764288;0;0;0;0;0;0;0;0;0;0;0;3527;0;0;95;0;160;0;
27797;10049016;1075400704;34873344;1162764288;0;0;0;0;0;0;0;0;0;0;0;3195;0;0;95;0;160;0;
27798;7761356;1075400704;34873344;1162764288;0;0;0;0;0;0;0;0;0;0;0;3045;0;0;95;0;160;0;
27799;6596531;1075400704;34873344;1162764288;0;0;0;0;0;0;0;0;0;0;0;3266;0;0;95;0;160;0;
27800;5425685;1075400704;34873344;1162764288;0;0;0;0;0;0;0;0;0;0;0;4028;0;0;95;0;160;0;
27801;8209587;1075400704;34873344;1162764288;0;0;0;0;0;0;0;0;0;0;0;4057;0;0;95;0;160;0;
27802;4958439;1075400704;34873344;1162764288;0;0;0;0;0;0;0;0;0;0;0;3036;0;0;95;0;160;0;
27803;5369280;1075400704;34873344;1162764288;0;0;0;0;0;0;0;0;0;0;0;2315;0;0;95;0;160;0;
27804;4432492;1075400704;34873344;1162764288;0;0;0;0;0;0;0;0;0;0;0;2915;0;0;95;0;160;0;
27805;7062715;1075400704;34873344;1162764288;0;0;0;0;0;0;0;0;0;0;0;3156;0;0;95;0;160;0;
27806;2974488;1075400704;34873344;1162764288;0;0;0;0;0;0;0;0;0;0;0;3126;0;0;95;0;160;0;
27807;5850261;1075400704;34873344;1162764288;0;0;0;0;0;0;0;0;0;0;0;2575;0;0;95;0;160;0;
27808;4706636;1075400704;34873344;1162764288;0;0;0;0;0;0;0;0;0;0;0;3937;0;0;95;0;160;0;
27809;5570016;1075400704;34873344;1162764288;0;0;0;0;0;0;0;0;0;0;0;2605;0;0;95;0;160;0;
27810;4347353;1075400704;34873344;1162764288;0;0;0;0;0;0;0;0;0;0;0;3135;0;0;95;0;160;0;
27811;5207646;1075400704;34873344;1162764288;0;0;0;0;0;0;0;0;0;0;0;3086;0;0;95;0;160;0;
27812;5038549;1075400704;34873344;1162764288;0;0;0;0;0;0;0;0;0;0;0;3176;0;0;95;0;160;0;
27813;6518304;1075400704;34873344;1162764288;0;0;0;0;0;0;0;0;0;0;0;2905;0;0;95;0;160;0;
27814;3806459;1075400704;34873344;1162764288;0;0;0;0;0;0;0;0;0;0;0;3376;0;0;95;0;160;0;
27815;5770362;1075400704;34873344;1162764288;0;0;0;0;0;0;0;0;0;0;0;2504;0;0;95;0;160;0;
27816;4902303;1075400704;34873344;1162764288;0;0;0;0;0;0;0;0;0;0;0;4017;0;0;95;0;160;0;
27817;5084455;1075400704;34877440;1162768384;0;0;0;0;0;0;0;0;0;0;0;4519;0;0;95;0;160;0;
27818;4086454;1075400704;34881536;1162772480;0;0;0;0;0;0;0;0;0;0;0;3176;0;0;95;0;160;0;
27819;6172776;1075400704;34881536;1162772480;0;0;0;0;0;0;0;0;0;0;0;2685;0;0;95;0;160;0;
27820;4135175;1075400704;34881536;1162772480;0;0;0;0;0;0;0;0;0;0;0;3106;0;0;95;0;160;0;
27821;5836997;1075400704;34881536;1162772480;0;0;0;0;0;0;0;0;0;0;0;2184;0;0;95;0;160;0;
27822;4629121;1075400704;34881536;1162772480;0;0;0;0;0;0;0;0;0;0;0;2986;0;0;95;0;160;0;
27823;6072148;1075400704;34881536;1162772480;0;0;0;0;0;0;0;0;0;0;0;2896;0;0;95;0;160;0;
27824;4876816;1075400704;34873344;1162764288;0;0;0;0;0;0;0;0;0;0;0;3507;0;0;95;0;160;0;
27825;6513816;1075400704;34873344;1162764288;0;0;0;0;0;0;0;0;0;0;0;2976;0;0;95;0;160;0;
27826;5197577;1075400704;34873344;1162764288;0;0;0;0;0;0;0;0;0;0;0;3466;0;0;95;0;160;0;
27827;7823162;1075400704;34873344;1162764288;0;0;0;0;0;0;0;0;0;0;0;2885;0;0;95;0;160;0;
27828;4555043;1075400704;34873344;1162764288;0;0;0;0;0;0;0;0;0;0;0;2865;0;0;95;0;160;0;
27829;7782425;1075400704;34873344;1162764288;0;0;0;0;0;0;0;0;0;0;0;3136;0;0;95;0;160;0;
27830;5961610;1075400704;34873344;1162764288;0;0;0;0;0;0;0;0;0;0;0;2875;0;0;95;0;160;0;
27831;7756937;1075400704;34873344;1162764288;0;0;0;0;0;0;0;0;0;0;0;3176;0;0;95;0;160;0;
27832;6214645;1075400704;34873344;1162764288;0;0;0;0;0;0;0;0;0;0;0;3447;0;0;95;0;160;0;
27833;5710429;1075400704;34873344;1162764288;0;0;0;0;0;0;0;0;0;0;0;2896;0;0;95;0;160;0;
27834;5357337;1075400704;34873344;1162764288;0;0;0;0;0;0;0;0;0;0;0;3356;0;0;95;0;160;0;
27835;5477593;1075400704;34873344;1162764288;0;0;0;0;0;0;0;0;0;0;0;3026;0;0;95;0;160;0;
27836;4450226;1075400704;34873344;1162764288;0;0;0;0;0;0;0;0;0;0;0;3988;0;0;95;0;160;0;
27837;6574199;1075400704;34873344;1162764288;0;0;0;0;0;0;0;0;0;0;0;2975;0;0;95;0;160;0;
27838;6176884;1075400704;34873344;1162764288;0;0;0;0;0;0;0;0;0;0;0;4037;0;0;95;0;160;0;
27839;6252326;1075400704;34873344;1162764288;0;0;0;0;0;0;0;0;0;0;0;2565;0;0;95;0;160;0;
27840;6452951;1075400704;34873344;1162764288;0;0;0;0;0;0;0;0;0;0;0;4719;0;0;95;0;160;0;
27841;6396265;1075400704;34873344;1162764288;0;0;0;0;0;0;0;0;0;0;0;2535;0;0;95;0;160;0;
27842;4031300;1075400704;34873344;1162764288;0;0;0;0;0;0;0;0;0;0;0;3427;0;0;95;0;160;0;
27843;5586116;1075400704;34873344;1162764288;0;0;0;0;0;0;0;0;0;0;0;2795;0;0;95;0;160;0;
27844;4938121;1075400704;34873344;1162764288;0;0;0;0;0;0;0;0;0;0;0;3406;0;0;95;0;160;0;
27845;6140656;1075400704;34873344;1162764288;0;0;0;0;0;0;0;0;0;0;0;2394;0;0;95;0;160;0;
27846;5162441;1075400704;34873344;1162764288;0;0;0;0;0;0;0;0;0;0;0;3767;0;0;95;0;160;0;
27847;5945640;1075400704;34873344;1162764288;0;0;0;0;0;0;0;0;0;0;0;2946;0;0;95;0;160;0;
27848;4629743;1075400704;34873344;1162764288;0;0;0;0;0;0;0;0;0;0;0;3457;0;0;95;0;160;0;
27849;7536664;1075400704;34873344;1162764288;0;0;0;0;0;0;0;0;0;0;0;3005;0;0;95;0;160;0;
27850;4927982;1075400704;34873344;1162764288;0;0;0;0;0;0;0;0;0;0;0;3467;0;0;95;0;160;0;
27851;5548856;1075400704;34873344;1162764288;0;0;0;0;0;0;0;0;0;0;0;3306;0;0;95;0;160;0;
27852;5717924;1075400704;34873344;1162764288;0;0;0;0;0;0;0;0;0;0;0;3567;0;0;95;0;160;0;
27853;6211299;1075400704;34873344;1162764288;0;0;0;0;0;0;0;0;0;0;0;3306;0;0;95;0;160;0;
27854;6458081;1075400704;34873344;1162764288;0;0;0;0;0;0;0;0;0;0;0;3897;0;0;95;0;160;0;
27855;6877769;1075400704;34873344;1162764288;0;0;0;0;0;0;0;0;0;0;0;2806;0;0;95;0;160;0;
27856;5797272;1075400704;34873344;1162764288;0;0;0;0;0;0;0;0;0;0;0;3677;0;0;95;0;160;0;
27857;7024233;1075400704;34873344;1162764288;0;0;0;0;0;0;0;0;0;0;0;3025;0;0;95;0;160;0;
27858;4318379;1075400704;34873344;1162764288;0;0;0;0;0;0;0;0;0;0;0;57918;0;0;95;0;160;0;
27859;7228636;1075400704;34873344;1162764288;0;0;0;0;0;0;0;0;0;0;0;2414;0;0;95;0;160;0;
27860;5728403;1075400704;34873344;1162764288;0;0;0;0;0;0;0;0;0;0;0;4038;0;0;95;0;160;0;
27861;7713175;1075400704;34873344;1162764288;0;0;0;0;0;0;0;0;0;0;0;3376;0;0;95;0;160;0;
27862;3951481;1075400704;34873344;1162764288;0;0;0;0;0;0;0;0;0;0;0;3507;0;0;95;0;160;0;
27863;7404546;1075400704;34873344;1162764288;0;0;0;0;0;0;0;0;0;0;0;3226;0;0;95;0;160;0;
27864;4347753;1075400704;34873344;1162764288;0;0;0;0;0;0;0;0;0;0;0;3496;0;0;95;0;160;0;
27865;7145000;1075400704;34873344;1162764288;0;0;0;0;0;0;0;0;0;0;0;2565;0;0;95;0;160;0;
27866;5159395;1075400704;34873344;1162764288;0;0;0;0;0;0;0;0;0;0;0;3347;0;0;95;0;160;0;
27867;8058823;1075400704;34873344;1162764288;0;0;0;0;0;0;0;0;0;0;0;2685;0;0;95;0;160;0;
27868;4277702;1075400704;34873344;1162764288;0;0;0;0;0;0;0;0;0;0;0;3186;0;0;95;0;160;0;
27869;7067114;1075400704;34873344;1162764288;0;0;0;0;0;0;0;0;0;0;0;3086;0;0;95;0;160;0;
27870;4227609;1075400704;34873344;1162764288;0;0;0;0;0;0;0;0;0;0;0;2665;0;0;95;0;160;0;
27871;6799612;1075400704;34873344;1162764288;0;0;0;0;0;0;0;0;0;0;0;3306;0;0;95;0;160;0;
27872;3795488;1075400704;34873344;1162764288;0;0;0;0;0;0;0;0;0;0;0;3988;0;0;95;0;160;0;
27873;6013066;1075400704;34873344;1162764288;0;0;0;0;0;0;0;0;0;0;0;2895;0;0;95;0;160;0;
27874;4180139;1075400704;34873344;1162764288;0;0;0;0;0;0;0;0;0;0;0;2855;0;0;95;0;160;0;
27875;5887341;1075400704;34873344;1162764288;0;0;0;0;0;0;0;0;0;0;0;2485;0;0;95;0;160;0;
27876;3877852;1075400704;34873344;1162764288;0;0;0;0;0;0;0;0;0;0;0;2785;0;0;95;0;160;0;
27877;5756435;1075400704;34873344;1162764288;0;0;0;0;0;0;0;0;0;0;0;2354;0;0;95;0;160;0;
27878;3838348;1075400704;34873344;1162764288;0;0;0;0;0;0;0;0;0;0;0;2966;0;0;95;0;160;0;
27879;6832413;1075400704;34873344;1162764288;0;0;0;0;0;0;0;0;0;0;0;2444;0;0;95;0;160;0;
27880;4680037;1075400704;34873344;1162764288;0;0;0;0;0;0;0;0;0;0;0;3366;0;0;95;0;160;0;
27881;5997888;1075400704;34873344;1162764288;0;0;0;0;0;0;0;0;0;0;0;2866;0;0;95;0;160;0;
27882;4123373;1075400704;34873344;1162764288;0;0;0;0;0;0;0;0;0;0;0;2845;0;0;95;0;160;0;
27883;6670309;1075400704;34873344;1162764288;0;0;0;0;0;0;0;0;0;0;0;2836;0;0;95;0;160;0;
27884;3543746;1075400704;34873344;1162764288;0;0;0;0;0;0;0;0;0;0;0;3426;0;0;95;0;160;0;
27885;5226882;1075400704;34873344;1162764288;0;0;0;0;0;0;0;0;0;0;0;2254;0;0;95;0;160;0;
27886;4243548;1075400704;34873344;1162764288;0;0;0;0;0;0;0;0;0;0;0;3217;0;0;95;0;160;0;
27887;6267164;1075400704;34873344;1162764288;0;0;0;0;0;0;0;0;0;0;0;3086;0;0;95;0;160;0;
27888;4892235;1075400704;34873344;1162764288;0;0;0;0;0;0;0;0;0;0;0;3567;0;0;95;0;160;0;
27889;6511000;1075400704;34873344;1162764288;0;0;0;0;0;0;0;0;0;0;0;2835;0;0;95;0;160;0;
27890;5103461;1075400704;34873344;1162764288;0;0;0;0;0;0;0;0;0;0;0;2815;0;0;95;0;160;0;
27891;6836651;1075400704;34873344;1162764288;0;0;0;0;0;0;0;0;0;0;0;2715;0;0;95;0;160;0;
27892;4780335;1075400704;34873344;1162764288;0;0;0;0;0;0;0;0;0;0;0;3115;0;0;95;0;160;0;
27893;6932821;1075400704;34873344;1162764288;0;0;0;0;0;0;0;0;0;0;0;3106;0;0;95;0;160;0;
27894;5298827;1075400704;34873344;1162764288;0;0;0;0;0;0;0;0;0;0;0;3837;0;0;95;0;160;0;
27895;7159647;1075400704;34873344;1162764288;0;0;0;0;0;0;0;0;0;0;0;3297;0;0;95;0;160;0;
27896;5266096;1075400704;34873344;1162764288;0;0;0;0;0;0;0;0;0;0;0;3547;0;0;95;0;160;0;
27897;6775266;1075400704;34873344;1162764288;0;0;0;0;0;0;0;0;0;0;0;3256;0;0;95;0;160;0;
27898;5372034;1075400704;34873344;1162764288;0;0;0;0;0;0;0;0;0;0;0;3035;0;0;95;0;160;0;
27899;7067584;1075400704;34873344;1162764288;0;0;0;0;0;0;0;0;0;0;0;3376;0;0;95;0;160;0;
27900;4066416;1075400704;34873344;1162764288;0;0;0;0;0;0;0;0;0;0;0;2846;0;0;95;0;160;0;
27901;7111888;1075400704;34873344;1162764288;0;0;0;0;0;0;0;0;0;0;0;2245;0;0;95;0;160;0;
27902;3930091;1075400704;34873344;1162764288;0;0;0;0;0;0;0;0;0;0;0;2925;0;0;95;0;160;0;
27903;6564221;1075400704;34873344;1162764288;0;0;0;0;0;0;0;0;0;0;0;2856;0;0;95;0;160;0;
27904;4105269;1075400704;34873344;1162764288;0;0;0;0;0;0;0;0;0;0;0;4048;0;0;95;0;160;0;
27905;6742846;1075400704;34877440;1162768384;0;0;0;0;0;0;0;0;0;0;0;4488;0;0;95;0;160;0;
27906;3524690;1075400704;34881536;1162772480;0;0;0;0;0;0;0;0;0;0;0;3327;0;0;95;0;160;0;
27907;6890643;1075400704;34881536;1162772480;0;0;0;0;0;0;0;0;0;0;0;2324;0;0;95;0;160;0;
27908;4552849;1075400704;34881536;1162772480;0;0;0;0;0;0;0;0;0;0;0;3576;0;0;95;0;160;0;
27909;6660130;1075400704;34881536;1162772480;0;0;0;0;0;0;0;0;0;0;0;2785;0;0;95;0;160;0;
27910;4617860;1075400704;34881536;1162772480;0;0;0;0;0;0;0;0;0;0;0;3015;0;0;95;0;160;0;
27911;6519997;1075400704;34881536;1162772480;0;0;0;0;0;0;0;0;0;0;0;3036;0;0;95;0;160;0;
27912;5577881;1075400704;34873344;1162764288;0;0;0;0;0;0;0;0;0;0;0;95759;0;0;95;0;160;0;
27913;5861252;1075400704;34873344;1162764288;0;0;0;0;0;0;0;0;0;0;0;2615;0;0;95;0;160;0;
27914;5786832;1075400704;34873344;1162764288;0;0;0;0;0;0;0;0;0;0;0;3757;0;0;95;0;160;0;
27915;5442957;1075400704;34873344;1162764288;0;0;0;0;0;0;0;0;0;0;0;2545;0;0;95;0;160;0;
27916;5151511;1075400704;34873344;1162764288;0;0;0;0;0;0;0;0;0;0;0;3346;0;0;95;0;160;0;
27917;6647216;1075400704;34873344;1162764288;0;0;0;0;0;0;0;0;0;0;0;3116;0;0;95;0;160;0;
27918;3870478;1075400704;34873344;1162764288;0;0;0;0;0;0;0;0;0;0;0;3336;0;0;95;0;160;0;
27919;6320694;1075400704;34873344;1162764288;0;0;0;0;0;0;0;0;0;0;0;2775;0;0;95;0;160;0;
27920;5140891;1075400704;34873344;1162764288;0;0;0;0;0;0;0;0;0;0;0;3847;0;0;95;0;160;0;
27921;6885172;1075400704;34873344;1162764288;0;0;0;0;0;0;0;0;0;0;0;2495;0;0;95;0;160;0;
27922;5934660;1075400704;34873344;1162764288;0;0;0;0;0;0;0;0;0;0;0;3026;0;0;95;0;160;0;
27923;6162827;1075400704;34873344;1162764288;0;0;0;0;0;0;0;0;0;0;0;2735;0;0;95;0;160;0;
27924;5426106;1075400704;34873344;1162764288;0;0;0;0;0;0;0;0;0;0;0;3878;0;0;95;0;160;0;
27925;4810332;1075400704;34873344;1162764288;0;0;0;0;0;0;0;0;0;0;0;2976;0;0;95;0;160;0;
27926;4947028;1075400704;34873344;1162764288;0;0;0;0;0;0;0;0;0;0;0;4158;0;0;95;0;160;0;
27927;6182534;1075400704;34873344;1162764288;0;0;0;0;0;0;0;0;0;0;0;3166;0;0;95;0;160;0;
27928;5219830;1075400704;34873344;1162764288;0;0;0;0;0;0;0;0;0;0;0;3978;0;0;95;0;160;0;
27929;5680633;1075400704;34873344;1162764288;0;0;0;0;0;0;0;0;0;0;0;3637;0;0;95;0;160;0;
27930;5120584;1075400704;34873344;1162764288;0;0;0;0;0;0;0;0;0;0;0;3467;0;0;95;0;160;0;
27931;8873962;1075400704;34873344;1162764288;0;0;0;0;0;0;0;0;0;0;0;2685;0;0;95;0;160;0;
27932;3688968;1075400704;34873344;1162764288;0;0;0;0;0;0;0;0;0;0;0;3287;0;0;95;0;160;0;
27933;6638520;1075400704;34873344;1162764288;0;0;0;0;0;0;0;0;0;0;0;3115;0;0;95;0;160;0;
27934;3866351;1075400704;34873344;1162764288;0;0;0;0;0;0;0;0;0;0;0;3446;0;0;95;0;160;0;
27935;5643263;1075400704;34873344;1162764288;0;0;0;0;0;0;0;0;0;0;0;3367;0;0;95;0;160;0;
27936;4654659;1075400704;34873344;1162764288;0;0;0;0;0;0;0;0;0;0;0;3587;0;0;95;0;160;0;
27937;6035068;1075400704;34873344;1162764288;0;0;0;0;0;0;0;0;0;0;0;3015;0;0;95;0;160;0;
27938;5611724;1075400704;34873344;1162764288;0;0;0;0;0;0;0;0;0;0;0;4328;0;0;95;0;160;0;
27939;5516255;1075400704;34873344;1162764288;0;0;0;0;0;0;0;0;0;0;0;2695;0;0;95;0;160;0;
27940;5124591;1075400704;34873344;1162764288;0;0;0;0;0;0;0;0;0;0;0;3527;0;0;95;0;160;0;
27941;5771774;1075400704;34873344;1162764288;0;0;0;0;0;0;0;0;0;0;0;2845;0;0;95;0;160;0;
27942;4670378;1075400704;34873344;1162764288;0;0;0;0;0;0;0;0;0;0;0;3356;0;0;95;0;160;0;
27943;5558895;1075400704;34873344;1162764288;0;0;0;0;0;0;0;0;0;0;0;2394;0;0;95;0;160;0;
27944;5418221;1075400704;34873344;1162764288;0;0;0;0;0;0;0;0;0;0;0;5020;0;0;95;0;160;0;
27945;6080373;1075400704;34873344;1162764288;0;0;0;0;0;0;0;0;0;0;0;2895;0;0;95;0;160;0;
27946;5079056;1075400704;34873344;1162764288;0;0;0;0;0;0;0;0;0;0;0;4087;0;0;95;0;160;0;
27947;6120208;1075400704;34873344;1162764288;0;0;0;0;0;0;0;0;0;0;0;3165;0;0;95;0;160;0;
27948;5503270;1075400704;34873344;1162764288;0;0;0;0;0;0;0;0;0;0;0;3156;0;0;95;0;160;0;
27949;5769580;1075400704;34873344;1162764288;0;0;0;0;0;0;0;0;0;0;0;2374;0;0;95;0;160;0;
27950;4977886;1075400704;34873344;1162764288;0;0;0;0;0;0;0;0;0;0;0;2755;0;0;95;0;160;0;
27951;7032619;1075400704;34873344;1162764288;0;0;0;0;0;0;0;0;0;0;0;3226;0;0;95;0;160;0;
27952;5424744;1075400704;34873344;1162764288;0;0;0;0;0;0;0;0;0;0;0;3397;0;0;95;0;160;0;
27953;5831887;1075400704;34873344;1162764288;0;0;0;0;0;0;0;0;0;0;0;3707;0;0;95;0;160;0;
27954;5109112;1075400704;34873344;1162764288;0;0;0;0;0;0;0;0;0;0;0;3947;0;0;95;0;160;0;
27955;7657862;1075400704;34873344;1162764288;0;0;0;0;0;0;0;0;0;0;0;3206;0;0;95;0;160;0;
27956;4788821;1075400704;34873344;1162764288;0;0;0;0;0;0;0;0;0;0;0;3016;0;0;95;0;160;0;
27957;6607171;1075400704;34873344;1162764288;0;0;0;0;0;0;0;0;0;0;0;2986;0;0;95;0;160;0;
27958;5276205;1075400704;34873344;1162764288;0;0;0;0;0;0;0;0;0;0;0;3707;0;0;95;0;160;0;
27959;6687742;1075400704;34873344;1162764288;0;0;0;0;0;0;0;0;0;0;0;2384;0;0;95;0;160;0;
27960;4342073;1075400704;34873344;1162764288;0;0;0;0;0;0;0;0;0;0;0;3968;0;0;95;0;160;0;
27961;7604151;1075400704;34873344;1162764288;0;0;0;0;0;0;0;0;0;0;0;3096;0;0;95;0;160;0;
27962;4203794;1075400704;34873344;1162764288;0;0;0;0;0;0;0;0;0;0;0;3447;0;0;95;0;160;0;
27963;7012421;1075400704;34873344;1162764288;0;0;0;0;0;0;0;0;0;0;0;3306;0;0;95;0;160;0;
27964;4179788;1075400704;34873344;1162764288;0;0;0;0;0;0;0;0;0;0;0;3967;0;0;95;0;160;0;
27965;6920529;1075400704;34873344;1162764288;0;0;0;0;0;0;0;0;0;0;0;2574;0;0;95;0;160;0;
27966;4678063;1075400704;34873344;1162764288;0;0;0;0;0;0;0;0;0;0;0;2815;0;0;95;0;160;0;
27967;7584684;1075400704;34873344;1162764288;0;0;0;0;0;0;0;0;0;0;0;2945;0;0;95;0;160;0;
27968;4135024;1075400704;34873344;1162764288;0;0;0;0;0;0;0;0;0;0;0;3426;0;0;95;0;160;0;
27969;7213828;1075400704;34873344;1162764288;0;0;0;0;0;0;0;0;0;0;0;3036;0;0;95;0;160;0;
27970;4247216;1075400704;34873344;1162764288;0;0;0;0;0;0;0;0;0;0;0;4548;0;0;95;0;160;0;
27971;6576573;1075400704;34873344;1162764288;0;0;0;0;0;0;0;0;0;0;0;2575;0;0;95;0;160;0;
27972;5133477;1075400704;34873344;1162764288;0;0;0;0;0;0;0;0;0;0;0;3657;0;0;95;0;160;0;
27973;6830169;1075400704;34873344;1162764288;0;0;0;0;0;0;0;0;0;0;0;3116;0;0;95;0;160;0;
27974;3926343;1075400704;34873344;1162764288;0;0;0;0;0;0;0;0;0;0;0;2595;0;0;95;0;160;0;
27975;7294160;1075400704;34873344;1162764288;0;0;0;0;0;0;0;0;0;0;0;2865;0;0;95;0;160;0;
27976;4328007;1075400704;34873344;1162764288;0;0;0;0;0;0;0;0;0;0;0;3316;0;0;95;0;160;0;
27977;6264629;1075400704;34873344;1162764288;0;0;0;0;0;0;0;0;0;0;0;2655;0;0;95;0;160;0;
27978;4650071;1075400704;34873344;1162764288;0;0;0;0;0;0;0;0;0;0;0;2965;0;0;95;0;160;0;
27979;6104087;1075400704;34873344;1162764288;0;0;0;0;0;0;0;0;0;0;0;2494;0;0;95;0;160;0;
27980;3571728;1075400704;34873344;1162764288;0;0;0;0;0;0;0;0;0;0;0;2975;0;0;95;0;160;0;
27981;6763003;1075400704;34873344;1162764288;0;0;0;0;0;0;0;0;0;0;0;2695;0;0;95;0;160;0;
27982;4016322;1075400704;34873344;1162764288;0;0;0;0;0;0;0;0;0;0;0;3857;0;0;95;0;160;0;
27983;6258657;1075400704;34873344;1162764288;0;0;0;0;0;0;0;0;0;0;0;2615;0;0;95;0;160;0;
27984;4467859;1075400704;34873344;1162764288;0;0;0;0;0;0;0;0;0;0;0;2835;0;0;95;0;160;0;
27985;6677633;1075400704;34873344;1162764288;0;0;0;0;0;0;0;0;0;0;0;2554;0;0;95;0;160;0;
27986;4179858;1075400704;34873344;1162764288;0;0;0;0;0;0;0;0;0;0;0;3497;0;0;95;0;160;0;
27987;5693998;1075400704;34873344;1162764288;0;0;0;0;0;0;0;0;0;0;0;2545;0;0;95;0;160;0;
27988;5146181;1075400704;34873344;1162764288;0;0;0;0;0;0;0;0;0;0;0;3076;0;0;95;0;160;0;
27989;5618557;1075400704;34873344;1162764288;0;0;0;0;0;0;0;0;0;0;0;2475;0;0;95;0;160;0;
27990;7796541;1075400704;34873344;1162764288;0;0;0;0;0;0;0;0;0;0;0;3827;0;0;95;0;160;0;
27991;7229729;1075400704;34873344;1162764288;0;0;0;0;0;0;0;0;0;0;0;2334;0;0;95;0;160;0;
27992;5570226;1075400704;34873344;1162764288;0;0;0;0;0;0;0;0;0;0;0;3176;0;0;95;0;160;0;
27993;7346407;1075400704;34873344;1162764288;0;0;0;0;0;0;0;0;0;0;0;2124;0;0;95;0;160;0;
27994;3894935;1075400704;34873344;1162764288;0;0;0;0;0;0;0;0;0;0;0;2905;0;0;95;0;160;0;
27995;7414174;1075400704;34873344;1162764288;0;0;0;0;0;0;0;0;0;0;0;2444;0;0;95;0;160;0;
27996;4566794;1075400704;34873344;1162764288;0;0;0;0;0;0;0;0;0;0;0;3426;0;0;95;0;160;0;
27997;7072674;1075400704;34873344;1162764288;0;0;0;0;0;0;0;0;0;0;0;2615;0;0;95;0;160;0;
27998;5109643;1075400704;34873344;1162764288;0;0;0;0;0;0;0;0;0;0;0;4047;0;0;95;0;160;0;
27999;7471081;1075400704;34873344;1162764288;0;0;0;0;0;0;0;0;0;0;0;2505;0;0;95;0;160;0;
28000;3178991;1075400704;34873344;1162764288;0;0;0;0;0;0;0;0;0;0;0;2805;0;0;95;0;160;0;
28001;6051148;1075400704;34873344;1162764288;0;0;0;0;0;0;0;0;0;0;0;2435;0;0;95;0;160;0;
28002;5693348;1075400704;34873344;1162764288;0;0;0;0;0;0;0;0;0;0;0;3607;0;0;95;0;160;0;
28003;5720448;1075400704;34873344;1162764288;0;0;0;0;0;0;0;0;0;0;0;2514;0;0;95;0;160;0;
28004;4009049;1075400704;34873344;1162764288;0;0;0;0;0;0;0;0;0;0;0;3346;0;0;95;0;160;0;
28005;7571089;1075400704;34873344;1162764288;0;0;0;0;0;0;0;0;0;0;0;2624;0;0;95;0;160;0;
28006;4545013;1075400704;34873344;1162764288;0;0;0;0;0;0;0;0;0;0;0;3466;0;0;95;0;160;0;
28007;6388191;1075400704;34873344;1162764288;0;0;0;0;0;0;0;0;0;0;0;2695;0;0;95;0;160;0;
28008;6039596;1075400704;34873344;1162764288;0;0;0;0;0;0;0;0;0;0;0;2645;0;0;95;0;160;0;
28009;6544043;1075400704;34873344;1162764288;0;0;0;0;0;0;0;0;0;0;0;3035;0;0;95;0;160;0;
28010;4922632;1075400704;34873344;1162764288;0;0;0;0;0;0;0;0;0;0;0;3537;0;0;95;0;160;0;
28011;5647972;1075400704;34873344;1162764288;0;0;0;0;0;0;0;0;0;0;0;2665;0;0;95;0;160;0;
28012;5196676;1075400704;34873344;1162764288;0;0;0;0;0;0;0;0;0;0;0;2535;0;0;95;0;160;0;
28013;6404952;1075400704;34873344;1162764288;0;0;0;0;0;0;0;0;0;0;0;2404;0;0;95;0;160;0;
28014;5111806;1075400704;34873344;1162764288;0;0;0;0;0;0;0;0;0;0;0;3657;0;0;95;0;160;0;
28015;5972762;1075400704;34873344;1162764288;0;0;0;0;0;0;0;0;0;0;0;2474;0;0;95;0;160;0;
28016;4209043;1075400704;34873344;1162764288;0;0;0;0;0;0;0;0;0;0;0;3396;0;0;95;0;160;0;
28017;7292737;1075400704;34873344;1162764288;0;0;0;0;0;0;0;0;0;0;0;3136;0;0;95;0;160;0;
28018;4139984;1075400704;34873344;1162764288;0;0;0;0;0;0;0;0;0;0;0;3026;0;0;95;0;160;0;
28019;6520889;1075400704;34873344;1162764288;0;0;0;0;0;0;0;0;0;0;0;2695;0;0;95;0;160;0;
28020;5845673;1075400704;34873344;1162764288;0;0;0;0;0;0;0;0;0;0;0;3587;0;0;95;0;160;0;
28021;7016048;1075400704;34873344;1162764288;0;0;0;0;0;0;0;0;0;0;0;2564;0;0;95;0;160;0;
28022;4511140;1075400704;34873344;1162764288;0;0;0;0;0;0;0;0;0;0;0;2766;0;0;95;0;160;0;
28023;6546016;1075400704;34873344;1162764288;0;0;0;0;0;0;0;0;0;0;0;2285;0;0;95;0;160;0;
28024;6173388;1075400704;34873344;1162764288;0;0;0;0;0;0;0;0;0;0;0;3086;0;0;95;0;160;0;
28025;6131860;1075400704;34873344;1162764288;0;0;0;0;0;0;0;0;0;0;0;3126;0;0;95;0;160;0;
28026;5149668;1075400704;34873344;1162764288;0;0;0;0;0;0;0;0;0;0;0;3857;0;0;95;0;160;0;
28027;7013152;1075400704;34873344;1162764288;0;0;0;0;0;0;0;0;0;0;0;3577;0;0;95;0;160;0;
28028;5659644;1075400704;34873344;1162764288;0;0;0;0;0;0;0;0;0;0;0;4168;0;0;95;0;160;0;
28029;7414094;1075400704;34873344;1162764288;0;0;0;0;0;0;0;0;0;0;0;3366;0;0;95;0;160;0;
28030;5406168;1075400704;34873344;1162764288;0;0;0;0;0;0;0;0;0;0;0;3717;0;0;95;0;160;0;
28031;5649666;1075400704;34873344;1162764288;0;0;0;0;0;0;0;0;0;0;0;3336;0;0;95;0;160;0;
28032;6110149;1075400704;34873344;1162764288;0;0;0;0;0;0;0;0;0;0;0;3406;0;0;95;0;160;0;
28033;6008718;1075400704;34873344;1162764288;0;0;0;0;0;0;0;0;0;0;0;2435;0;0;95;0;160;0;
28034;5763008;1075400704;34873344;1162764288;0;0;0;0;0;0;0;0;0;0;0;3757;0;0;95;0;160;0;
28035;5219027;1075400704;34873344;1162764288;0;0;0;0;0;0;0;0;0;0;0;2394;0;0;95;0;160;0;
28036;5815586;1075400704;34873344;1162764288;0;0;0;0;0;0;0;0;0;0;0;3266;0;0;95;0;160;0;
28037;6552117;1075400704;34873344;1162764288;0;0;0;0;0;0;0;0;0;0;0;3226;0;0;95;0;160;0;
28038;5234497;1075400704;34873344;1162764288;0;0;0;0;0;0;0;0;0;0;0;3376;0;0;95;0;160;0;
28039;7676487;1075400704;34873344;1162764288;0;0;0;0;0;0;0;0;0;0;0;2745;0;0;95;0;160;0;
28040;4116350;1075400704;34873344;1162764288;0;0;0;0;0;0;0;0;0;0;0;3376;0;0;95;0;160;0;
28041;6804171;1075400704;34873344;1162764288;0;0;0;0;0;0;0;0;0;0;0;2625;0;0;95;0;160;0;
28042;5281715;1075400704;34873344;1162764288;0;0;0;0;0;0;0;0;0;0;0;3155;0;0;95;0;160;0;
28043;7182780;1075400704;34873344;1162764288;0;0;0;0;0;0;0;0;0;0;0;3466;0;0;95;0;160;0;
28044;5272037;1075400704;34873344;1162764288;0;0;0;0;0;0;0;0;0;0;0;2545;0;0;95;0;160;0;
28045;7174435;1075400704;34873344;1162764288;0;0;0;0;0;0;0;0;0;0;0;25298;0;0;95;0;160;0;
28046;4440528;1075400704;34873344;1162764288;0;0;0;0;0;0;0;0;0;0;0;3797;0;0;95;0;160;0;
28047;8364997;1075400704;34873344;1162764288;0;0;0;0;0;0;0;0;0;0;0;3025;0;0;95;0;160;0;
28048;3748379;1075400704;34873344;1162764288;0;0;0;0;0;0;0;0;0;0;0;2966;0;0;95;0;160;0;
28049;7646660;1075400704;34873344;1162764288;0;0;0;0;0;0;0;0;0;0;0;2514;0;0;95;0;160;0;
28050;5173883;1075400704;34873344;1162764288;0;0;0;0;0;0;0;0;0;0;0;3226;0;0;95;0;160;0;
28051;6159251;1075400704;34873344;1162764288;0;0;0;0;0;0;0;0;0;0;0;2976;0;0;95;0;160;0;
28052;4173327;1075400704;34873344;1162764288;0;0;0;0;0;0;0;0;0;0;0;2755;0;0;95;0;160;0;
28053;6779094;1075400704;34873344;1162764288;0;0;0;0;0;0;0;0;0;0;0;3427;0;0;95;0;160;0;
28054;4788971;1075400704;34873344;1162764288;0;0;0;0;0;0;0;0;0;0;0;2565;0;0;95;0;160;0;
28055;6120708;1075400704;34873344;1162764288;0;0;0;0;0;0;0;0;0;0;0;2565;0;0;95;0;160;0;
28056;5888704;1075400704;34873344;1162764288;0;0;0;0;0;0;0;0;0;0;0;3226;0;0;95;0;160;0;
28057;6965733;1075400704;34873344;1162764288;0;0;0;0;0;0;0;0;0;0;0;2965;0;0;95;0;160;0;
28058;4737655;1075400704;34873344;1162764288;0;0;0;0;0;0;0;0;0;0;0;3526;0;0;95;0;160;0;
28059;6465435;1075400704;34873344;1162764288;0;0;0;0;0;0;0;0;0;0;0;2655;0;0;95;0;160;0;
28060;4671791;1075400704;34873344;1162764288;0;0;0;0;0;0;0;0;0;0;0;10189;0;0;95;0;160;0;
28061;6558119;1075400704;34873344;1162764288;0;0;0;0;0;0;0;0;0;0;0;2865;0;0;95;0;160;0;
28062;5534520;1075400704;34873344;1162764288;0;0;0;0;0;0;0;0;0;0;0;3176;0;0;95;0;160;0;
28063;6284866;1075400704;34873344;1162764288;0;0;0;0;0;0;0;0;0;0;0;2615;0;0;95;0;160;0;
28064;4116080;1075400704;34873344;1162764288;0;0;0;0;0;0;0;0;0;0;0;2845;0;0;95;0;160;0;
28065;6714502;1075400704;34873344;1162764288;0;0;0;0;0;0;0;0;0;0;0;2705;0;0;95;0;160;0;
28066;4356440;1075400704;34873344;1162764288;0;0;0;0;0;0;0;0;0;0;0;2826;0;0;95;0;160;0;
28067;6748015;1075400704;34873344;1162764288;0;0;0;0;0;0;0;0;0;0;0;2845;0;0;95;0;160;0;
28068;4598313;1075400704;34873344;1162764288;0;0;0;0;0;0;0;0;0;0;0;3376;0;0;95;0;160;0;
28069;6050287;1075400704;34873344;1162764288;0;0;0;0;0;0;0;0;0;0;0;2404;0;0;95;0;160;0;
28070;5449700;1075400704;34873344;1162764288;0;0;0;0;0;0;0;0;0;0;0;3917;0;0;95;0;160;0;
28071;6455186;1075400704;34873344;1162764288;0;0;0;0;0;0;0;0;0;0;0;3286;0;0;95;0;160;0;
28072;3615991;1075400704;34873344;1162764288;0;0;0;0;0;0;0;0;0;0;0;3356;0;0;95;0;160;0;
28073;5954477;1075400704;34873344;1162764288;0;0;0;0;0;0;0;0;0;0;0;2665;0;0;95;0;160;0;
28074;5218437;1075400704;34873344;1162764288;0;0;0;0;0;0;0;0;0;0;0;3957;0;0;95;0;160;0;
28075;6064613;1075400704;34873344;1162764288;0;0;0;0;0;0;0;0;0;0;0;2825;0;0;95;0;160;0;
28076;5125743;1075400704;34873344;1162764288;0;0;0;0;0;0;0;0;0;0;0;3066;0;0;95;0;160;0;
28077;5502198;1075400704;34873344;1162764288;0;0;0;0;0;0;0;0;0;0;0;2314;0;0;95;0;160;0;
28078;4972014;1075400704;34873344;1162764288;0;0;0;0;0;0;0;0;0;0;0;3406;0;0;95;0;160;0;
28079;6637268;1075400704;34873344;1162764288;0;0;0;0;0;0;0;0;0;0;0;2705;0;0;95;0;160;0;
28080;5819794;1075400704;34873344;1162764288;0;0;0;0;0;0;0;0;0;0;0;2655;0;0;95;0;160;0;
28081;6757964;1075400704;34877440;1162768384;0;0;0;0;0;0;0;0;0;0;0;3978;0;0;95;0;160;0;
28082;5134860;1075400704;34881536;1162772480;0;0;0;0;0;0;0;0;0;0;0;3106;0;0;95;0;160;0;
28083;5638414;1075400704;34881536;1162772480;0;0;0;0;0;0;0;0;0;0;0;3146;0;0;95;0;160;0;
28084;6476787;1075400704;34881536;1162772480;0;0;0;0;0;0;0;0;0;0;0;3366;0;0;95;0;160;0;
28085;5914672;1075400704;34881536;1162772480;0;0;0;0;0;0;0;0;0;0;0;2756;0;0;95;0;160;0;
28086;4777059;1075400704;34881536;1162772480;0;0;0;0;0;0;0;0;0;0;0;3226;0;0;95;0;160;0;
28087;5808673;1075400704;34881536;1162772480;0;0;0;0;0;0;0;0;0;0;0;2915;0;0;95;0;160;0;
28088;6489300;1075400704;34873344;1162764288;0;0;0;0;0;0;0;0;0;0;0;3617;0;0;95;0;160;0;
28089;6206079;1075400704;34873344;1162764288;0;0;0;0;0;0;0;0;0;0;0;2765;0;0;95;0;160;0;
28090;3888582;1075400704;34873344;1162764288;0;0;0;0;0;0;0;0;0;0;0;3527;0;0;95;0;160;0;
28091;6328248;1075400704;34873344;1162764288;0;0;0;0;0;0;0;0;0;0;0;2415;0;0;95;0;160;0;
28092;4670969;1075400704;34873344;1162764288;0;0;0;0;0;0;0;0;0;0;0;3536;0;0;95;0;160;0;
28093;5974785;1075400704;34873344;1162764288;0;0;0;0;0;0;0;0;0;0;0;3437;0;0;95;0;160;0;
28094;4825229;1075400704;34873344;1162764288;0;0;0;0;0;0;0;0;0;0;0;2755;0;0;95;0;160;0;
28095;5958385;1075400704;34873344;1162764288;0;0;0;0;0;0;0;0;0;0;0;3226;0;0;95;0;160;0;
28096;4641845;1075400704;34873344;1162764288;0;0;0;0;0;0;0;0;0;0;0;3266;0;0;95;0;160;0;
28097;6498377;1075400704;34873344;1162764288;0;0;0;0;0;0;0;0;0;0;0;3667;0;0;95;0;160;0;
28098;4522812;1075400704;34873344;1162764288;0;0;0;0;0;0;0;0;0;0;0;3667;0;0;95;0;160;0;
28099;6848814;1075400704;34873344;1162764288;0;0;0;0;0;0;0;0;0;0;0;3186;0;0;95;0;160;0;
28100;4418938;1075400704;34873344;1162764288;0;0;0;0;0;0;0;0;0;0;0;3266;0;0;95;0;160;0;
28101;7222825;1075400704;34873344;1162764288;0;0;0;0;0;0;0;0;0;0;0;3006;0;0;95;0;160;0;
28102;3617174;1075400704;34873344;1162764288;0;0;0;0;0;0;0;0;0;0;0;3767;0;0;95;0;160;0;
28103;5672388;1075400704;34873344;1162764288;0;0;0;0;0;0;0;0;0;0;0;3146;0;0;95;0;160;0;
28104;4945935;1075400704;34873344;1162764288;0;0;0;0;0;0;0;0;0;0;0;3677;0;0;95;0;160;0;
28105;11438802;1075400704;34873344;1162764288;0;0;0;0;0;0;0;0;0;0;0;2775;0;0;95;0;160;0;
28106;6133773;1075400704;34873344;1162764288;0;0;0;0;0;0;0;0;0;0;0;4739;0;0;95;0;160;0;
28107;6328608;1075400704;34873344;1162764288;0;0;0;0;0;0;0;0;0;0;0;3336;0;0;95;0;160;0;
28108;6652897;1075400704;34873344;1162764288;0;0;0;0;0;0;0;0;0;0;0;3997;0;0;95;0;160;0;
28109;5773247;1075400704;34873344;1162764288;0;0;0;0;0;0;0;0;0;0;0;3106;0;0;95;0;160;0;
28110;5376333;1075400704;34873344;1162764288;0;0;0;0;0;0;0;0;0;0;0;3797;0;0;95;0;160;0;
28111;5524109;1075400704;34873344;1162764288;0;0;0;0;0;0;0;0;0;0;0;2845;0;0;95;0;160;0;
28112;4959641;1075400704;34873344;1162764288;0;0;0;0;0;0;0;0;0;0;0;4549;0;0;95;0;160;0;
28113;6235013;1075400704;34873344;1162764288;0;0;0;0;0;0;0;0;0;0;0;3386;0;0;95;0;160;0;
28114;5976779;1075400704;34873344;1162764288;0;0;0;0;0;0;0;0;0;0;0;7734;0;0;95;0;160;0;
28115;7289260;1075400704;34873344;1162764288;0;0;0;0;0;0;0;0;0;0;0;3807;0;0;95;0;160;0;
28116;7940412;1075400704;34873344;1162764288;0;0;0;0;0;0;0;0;0;0;0;4368;0;0;95;0;160;0;
28117;7860451;1075400704;34873344;1162764288;0;0;0;0;0;0;0;0;0;0;0;4749;0;0;95;0;160;0;
28118;6140315;1075400704;34873344;1162764288;0;0;0;0;0;0;0;0;0;0;0;3807;0;0;95;0;160;0;
28119;7904224;1075400704;34873344;1162764288;0;0;0;0;0;0;0;0;0;0;0;3917;0;0;95;0;160;0;
28120;5061282;1075400704;34873344;1162764288;0;0;0;0;0;0;0;0;0;0;0;3095;0;0;95;0;160;0;
28121;8799853;1075400704;34873344;1162764288;0;0;0;0;0;0;0;0;0;0;0;4689;0;0;95;0;160;0;
28122;5782565;1075400704;34873344;1162764288;0;0;0;0;0;0;0;0;0;0;0;5110;0;0;95;0;160;0;
28123;9947095;1075400704;34873344;1162764288;0;0;0;0;0;0;0;0;0;0;0;4659;0;0;95;0;160;0;
28124;9069649;1075400704;34873344;1162764288;0;0;0;0;0;0;0;0;0;0;0;2815;0;0;95;0;160;0;
28125;9125644;1075400704;34873344;1162764288;0;0;0;0;0;0;0;0;0;0;0;3447;0;0;95;0;160;0;
28126;5260335;1075400704;34873344;1162764288;0;0;0;0;0;0;0;0;0;0;0;3507;0;0;95;0;160;0;
28127;7020105;1075400704;34873344;1162764288;0;0;0;0;0;0;0;0;0;0;0;3847;0;0;95;0;160;0;
28128;6385125;1075400704;34873344;1162764288;0;0;0;0;0;0;0;0;0;0;0;3486;0;0;95;0;160;0;
28129;8181313;1075400704;34873344;1162764288;0;0;0;0;0;0;0;0;0;0;0;3196;0;0;95;0;160;0;
28130;6546847;1075400704;34873344;1162764288;0;0;0;0;0;0;0;0;0;0;0;2775;0;0;95;0;160;0;
28131;7805048;1075400704;34873344;1162764288;0;0;0;0;0;0;0;0;0;0;0;3437;0;0;95;0;160;0;
28132;5423111;1075400704;34873344;1162764288;0;0;0;0;0;0;0;0;0;0;0;2935;0;0;95;0;160;0;
28133;7775983;1075400704;34873344;1162764288;0;0;0;0;0;0;0;0;0;0;0;3336;0;0;95;0;160;0;
28134;5708255;1075400704;34873344;1162764288;0;0;0;0;0;0;0;0;0;0;0;4008;0;0;95;0;160;0;
28135;9100256;1075400704;34873344;1162764288;0;0;0;0;0;0;0;0;0;0;0;3737;0;0;95;0;160;0;
28136;7903893;1075400704;34873344;1162764288;0;0;0;0;0;0;0;0;0;0;0;4538;0;0;95;0;160;0;
28137;7624760;1075400704;34873344;1162764288;0;0;0;0;0;0;0;0;0;0;0;4007;0;0;95;0;160;0;
28138;5279501;1075400704;34873344;1162764288;0;0;0;0;0;0;0;0;0;0;0;3467;0;0;95;0;160;0;
28139;7672759;1075400704;34873344;1162764288;0;0;0;0;0;0;0;0;0;0;0;4107;0;0;95;0;160;0;
28140;5831877;1075400704;34873344;1162764288;0;0;0;0;0;0;0;0;0;0;0;3898;0;0;95;0;160;0;
28141;7006460;1075400704;34873344;1162764288;0;0;0;0;0;0;0;0;0;0;0;3055;0;0;95;0;160;0;
28142;6603534;1075400704;34873344;1162764288;0;0;0;0;0;0;0;0;0;0;0;3887;0;0;95;0;160;0;
28143;6611479;1075400704;34873344;1162764288;0;0;0;0;0;0;0;0;0;0;0;3677;0;0;95;0;160;0;
28144;4289545;1075400704;34873344;1162764288;0;0;0;0;0;0;0;0;0;0;0;3537;0;0;95;0;160;0;
28145;6612711;1075400704;34873344;1162764288;0;0;0;0;0;0;0;0;0;0;0;3317;0;0;95;0;160;0;
28146;4971734;1075400704;34873344;1162764288;0;0;0;0;0;0;0;0;0;0;0;3286;0;0;95;0;160;0;
28147;6442372;1075400704;34873344;1162764288;0;0;0;0;0;0;0;0;0;0;0;4178;0;0;95;0;160;0;
28148;4166945;1075400704;34873344;1162764288;0;0;0;0;0;0;0;0;0;0;0;4388;0;0;95;0;160;0;
28149;6539033;1075400704;34873344;1162764288;0;0;0;0;0;0;0;0;0;0;0;3807;0;0;95;0;160;0;
28150;5113750;1075400704;34873344;1162764288;0;0;0;0;0;0;0;0;0;0;0;4157;0;0;95;0;160;0;
28151;7166059;1075400704;34873344;1162764288;0;0;0;0;0;0;0;0;0;0;0;4599;0;0;95;0;160;0;
28152;4747394;1075400704;34873344;1162764288;0;0;0;0;0;0;0;0;0;0;0;3777;0;0;95;0;160;0;
28153;7353010;1075400704;34873344;1162764288;0;0;0;0;0;0;0;0;0;0;0;4147;0;0;95;0;160;0;
28154;4755749;1075400704;34873344;1162764288;0;0;0;0;0;0;0;0;0;0;0;4298;0;0;95;0;160;0;
28155;8246615;1075400704;34873344;1162764288;0;0;0;0;0;0;0;0;0;0;0;4589;0;0;95;0;160;0;
28156;5253262;1075400704;34873344;1162764288;0;0;0;0;0;0;0;0;0;0;0;4830;0;0;95;0;160;0;
28157;7719316;1075400704;34873344;1162764288;0;0;0;0;0;0;0;0;0;0;0;5070;0;0;95;0;160;0;
28158;5111997;1075400704;34873344;1162764288;0;0;0;0;0;0;0;0;0;0;0;3957;0;0;95;0;160;0;
28159;7080989;1075400704;34873344;1162764288;0;0;0;0;0;0;0;0;0;0;0;4419;0;0;95;0;160;0;
28160;6316726;1075400704;34873344;1162764288;0;0;0;0;0;0;0;0;0;0;0;3125;0;0;95;0;160;0;
28161;6990250;1075400704;34873344;1162764288;0;0;0;0;0;0;0;0;0;0;0;3838;0;0;95;0;160;0;
28162;6503447;1075400704;34873344;1162764288;0;0;0;0;0;0;0;0;0;0;0;3977;0;0;95;0;160;0;
28163;7936815;1075400704;34873344;1162764288;0;0;0;0;0;0;0;0;0;0;0;3527;0;0;95;0;160;0;
28164;5038078;1075400704;34873344;1162764288;0;0;0;0;0;0;0;0;0;0;0;4077;0;0;95;0;160;0;
28165;9099254;1075400704;34873344;1162764288;0;0;0;0;0;0;0;0;0;0;0;3787;0;0;95;0;160;0;
28166;6490763;1075400704;34873344;1162764288;0;0;0;0;0;0;0;0;0;0;0;4018;0;0;95;0;160;0;
28167;6847001;1075400704;34873344;1162764288;0;0;0;0;0;0;0;0;0;0;0;3777;0;0;95;0;160;0;
28168;5387634;1075400704;34873344;1162764288;0;0;0;0;0;0;0;0;0;0;0;3256;0;0;95;0;160;0;
28169;5137424;1075400704;34873344;1162764288;0;0;0;0;0;0;0;0;0;0;0;3336;0;0;95;0;160;0;
28170;5583221;1075400704;34873344;1162764288;0;0;0;0;0;0;0;0;0;0;0;4007;0;0;95;0;160;0;
28171;6087105;1075400704;34873344;1162764288;0;0;0;0;0;0;0;0;0;0;0;3136;0;0;95;0;160;0;
28172;6193996;1075400704;34873344;1162764288;0;0;0;0;0;0;0;0;0;0;0;3256;0;0;95;0;160;0;
28173;6845649;1075400704;34873344;1162764288;0;0;0;0;0;0;0;0;0;0;0;4008;0;0;95;0;160;0;
28174;5066983;1075400704;34873344;1162764288;0;0;0;0;0;0;0;0;0;0;0;3537;0;0;95;0;160;0;
28175;7895677;1075400704;34873344;1162764288;0;0;0;0;0;0;0;0;0;0;0;4759;0;0;95;0;160;0;
28176;4601369;1075400704;34873344;1162764288;0;0;0;0;0;0;0;0;0;0;0;4018;0;0;95;0;160;0;
28177;9481030;1075400704;34873344;1162764288;0;0;0;0;0;0;0;0;0;0;0;4939;0;0;95;0;160;0;
28178;3802131;1075400704;34873344;1162764288;0;0;0;0;0;0;0;0;0;0;0;3827;0;0;95;0;160;0;
28179;8546117;1075400704;34873344;1162764288;0;0;0;0;0;0;0;0;0;0;0;5130;0;0;95;0;160;0;
28180;4055175;1075400704;34873344;1162764288;0;0;0;0;0;0;0;0;0;0;0;3487;0;0;95;0;160;0;
28181;8375257;1075400704;34873344;1162764288;0;0;0;0;0;0;0;0;0;0;0;4198;0;0;95;0;160;0;
28182;7080038;1075400704;34873344;1162764288;0;0;0;0;0;0;0;0;0;0;0;5701;0;0;95;0;160;0;
28183;7211314;1075400704;34873344;1162764288;0;0;0;0;0;0;0;0;0;0;0;4068;0;0;95;0;160;0;
28184;6546156;1075400704;34873344;1162764288;0;0;0;0;0;0;0;0;0;0;0;4499;0;0;95;0;160;0;
28185;7278149;1075400704;34873344;1162764288;0;0;0;0;0;0;0;0;0;0;0;4659;0;0;95;0;160;0;
28186;5225930;1075400704;34873344;1162764288;0;0;0;0;0;0;0;0;0;0;0;4449;0;0;95;0;160;0;
28187;6673546;1075400704;34873344;1162764288;0;0;0;0;0;0;0;0;0;0;0;3286;0;0;95;0;160;0;
28188;5305701;1075400704;34873344;1162764288;0;0;0;0;0;0;0;0;0;0;0;3046;0;0;95;0;160;0;
28189;7001290;1075400704;34873344;1162764288;0;0;0;0;0;0;0;0;0;0;0;3407;0;0;95;0;160;0;
28190;4890581;1075400704;34873344;1162764288;0;0;0;0;0;0;0;0;0;0;0;3967;0;0;95;0;160;0;
28191;6280468;1075400704;34873344;1162764288;0;0;0;0;0;0;0;0;0;0;0;4027;0;0;95;0;160;0;
28192;6417375;1075400704;34873344;1162764288;0;0;0;0;0;0;0;0;0;0;0;3126;0;0;95;0;160;0;
28193;5344403;1075400704;34873344;1162764288;0;0;0;0;0;0;0;0;0;0;0;2615;0;0;95;0;160;0;
28194;7723665;1075400704;34873344;1162764288;0;0;0;0;0;0;0;0;0;0;0;3827;0;0;95;0;160;0;
28195;6885222;1075400704;34873344;1162764288;0;0;0;0;0;0;0;0;0;0;0;3106;0;0;95;0;160;0;
28196;5455982;1075400704;34873344;1162764288;0;0;0;0;0;0;0;0;0;0;0;2845;0;0;95;0;160;0;
28197;8122734;1075400704;34873344;1162764288;0;0;0;0;0;0;0;0;0;0;0;3165;0;0;95;0;160;0;
28198;4266702;1075400704;34873344;1162764288;0;0;0;0;0;0;0;0;0;0;0;4088;0;0;95;0;160;0;
28199;6602813;1075400704;34873344;1162764288;0;0;0;0;0;0;0;0;0;0;0;3656;0;0;95;0;160;0;
28200;5900064;1075400704;34873344;1162764288;0;0;0;0;0;0;0;0;0;0;0;4018;0;0;95;0;160;0;
28201;6557798;1075400704;34873344;1162764288;0;0;0;0;0;0;0;0;0;0;0;2755;0;0;95;0;160;0;
28202;6637267;1075400704;34873344;1162764288;0;0;0;0;0;0;0;0;0;0;0;3306;0;0;95;0;160;0;
28203;5996295;1075400704;34873344;1162764288;0;0;0;0;0;0;0;0;0;0;0;3216;0;0;95;0;160;0;
28204;6609455;1075400704;34873344;1162764288;0;0;0;0;0;0;0;0;0;0;0;3146;0;0;95;0;160;0;
28205;6492826;1075400704;34873344;1162764288;0;0;0;0;0;0;0;0;0;0;0;3566;0;0;95;0;160;0;
28206;7555419;1075400704;34873344;1162764288;0;0;0;0;0;0;0;0;0;0;0;3757;0;0;95;0;160;0;
28207;7353500;1075400704;34873344;1162764288;0;0;0;0;0;0;0;0;0;0;0;3737;0;0;95;0;160;0;
28208;5448278;1075400704;34873344;1162764288;0;0;0;0;0;0;0;0;0;0;0;2535;0;0;95;0;160;0;
28209;6846490;1075400704;34873344;1162764288;0;0;0;0;0;0;0;0;0;0;0;4839;0;0;95;0;160;0;
28210;6446820;1075400704;34873344;1162764288;0;0;0;0;0;0;0;0;0;0;0;4578;0;0;95;0;160;0;
28211;6998455;1075400704;34873344;1162764288;0;0;0;0;0;0;0;0;0;0;0;3386;0;0;95;0;160;0;
28212;5905545;1075400704;34873344;1162764288;0;0;0;0;0;0;0;0;0;0;0;3296;0;0;95;0;160;0;
28213;6590340;1075400704;34873344;1162764288;0;0;0;0;0;0;0;0;0;0;0;3737;0;0;95;0;160;0;
28214;5785480;1075400704;34873344;1162764288;0;0;0;0;0;0;0;0;0;0;0;3586;0;0;95;0;160;0;
28215;7027009;1075400704;34873344;1162764288;0;0;0;0;0;0;0;0;0;0;0;3586;0;0;95;0;160;0;
28216;5334715;1075400704;34873344;1162764288;0;0;0;0;0;0;0;0;0;0;0;3957;0;0;95;0;160;0;
28217;5635278;1075400704;34873344;1162764288;0;0;0;0;0;0;0;0;0;0;0;3286;0;0;95;0;160;0;
28218;5017941;1075400704;34873344;1162764288;0;0;0;0;0;0;0;0;0;0;0;2925;0;0;95;0;160;0;
28219;5482632;1075400704;34873344;1162764288;0;0;0;0;0;0;0;0;0;0;0;2845;0;0;95;0;160;0;
28220;3761745;1075400704;34873344;1162764288;0;0;0;0;0;0;0;0;0;0;0;3647;0;0;95;0;160;0;
28221;6842271;1075400704;34873344;1162764288;0;0;0;0;0;0;0;0;0;0;0;2956;0;0;95;0;160;0;
28222;4318288;1075400704;34873344;1162764288;0;0;0;0;0;0;0;0;0;0;0;3566;0;0;95;0;160;0;
28223;6458081;1075400704;34873344;1162764288;0;0;0;0;0;0;0;0;0;0;0;2885;0;0;95;0;160;0;
28224;4447571;1075400704;34873344;1162764288;0;0;0;0;0;0;0;0;0;0;0;3516;0;0;95;0;160;0;
28225;5496428;1075400704;34873344;1162764288;0;0;0;0;0;0;0;0;0;0;0;2535;0;0;95;0;160;0;
28226;4815952;1075400704;34873344;1162764288;0;0;0;0;0;0;0;0;0;0;0;3657;0;0;95;0;160;0;
28227;5945320;1075400704;34873344;1162764288;0;0;0;0;0;0;0;0;0;0;0;2494;0;0;95;0;160;0;
28228;4464062;1075400704;34873344;1162764288;0;0;0;0;0;0;0;0;0;0;0;3587;0;0;95;0;160;0;
28229;5806199;1075400704;34873344;1162764288;0;0;0;0;0;0;0;0;0;0;0;2835;0;0;95;0;160;0;
28230;4497484;1075400704;34873344;1162764288;0;0;0;0;0;0;0;0;0;0;0;3697;0;0;95;0;160;0;
28231;6225265;1075400704;34873344;1162764288;0;0;0;0;0;0;0;0;0;0;0;2425;0;0;95;0;160;0;
28232;3361905;1075400704;34873344;1162764288;0;0;0;0;0;0;0;0;0;0;0;3216;0;0;95;0;160;0;
28233;5704107;1075400704;34873344;1162764288;0;0;0;0;0;0;0;0;0;0;0;2885;0;0;95;0;160;0;
28234;4454153;1075400704;34873344;1162764288;0;0;0;0;0;0;0;0;0;0;0;3446;0;0;95;0;160;0;
28235;5616583;1075400704;34873344;1162764288;0;0;0;0;0;0;0;0;0;0;0;2776;0;0;95;0;160;0;
28236;5322682;1075400704;34873344;1162764288;0;0;0;0;0;0;0;0;0;0;0;3748;0;0;95;0;160;0;
28237;6421443;1075400704;34873344;1162764288;0;0;0;0;0;0;0;0;0;0;0;2595;0;0;95;0;160;0;
28238;5211023;1075400704;34873344;1162764288;0;0;0;0;0;0;0;0;0;0;0;3437;0;0;95;0;160;0;
28239;6885173;1075400704;34873344;1162764288;0;0;0;0;0;0;0;0;0;0;0;3236;0;0;95;0;160;0;
28240;4483469;1075400704;34873344;1162764288;0;0;0;0;0;0;0;0;0;0;0;3387;0;0;95;0;160;0;
28241;6911522;1075400704;34873344;1162764288;0;0;0;0;0;0;0;0;0;0;0;2746;0;0;95;0;160;0;
28242;5242913;1075400704;34873344;1162764288;0;0;0;0;0;0;0;0;0;0;0;4689;0;0;95;0;160;0;
28243;5744714;1075400704;34873344;1162764288;0;0;0;0;0;0;0;0;0;0;0;3537;0;0;95;0;160;0;
28244;4569079;1075400704;34873344;1162764288;0;0;0;0;0;0;0;0;0;0;0;2815;0;0;95;0;160;0;
28245;5468445;1075400704;34873344;1162764288;0;0;0;0;0;0;0;0;0;0;0;3176;0;0;95;0;160;0;
28246;5547895;1075400704;34873344;1162764288;0;0;0;0;0;0;0;0;0;0;0;3547;0;0;95;0;160;0;
28247;4950263;1075400704;34873344;1162764288;0;0;0;0;0;0;0;0;0;0;0;2234;0;0;95;0;160;0;
28248;5435864;1075400704;34873344;1162764288;0;0;0;0;0;0;0;0;0;0;0;3136;0;0;95;0;160;0;
28249;6576845;1075400704;34873344;1162764288;0;0;0;0;0;0;0;0;0;0;0;2746;0;0;95;0;160;0;
28250;3382784;1075400704;34873344;1162764288;0;0;0;0;0;0;0;0;0;0;0;3627;0;0;95;0;160;0;
28251;6655662;1075400704;34873344;1162764288;0;0;0;0;0;0;0;0;0;0;0;3307;0;0;95;0;160;0;
28252;4677592;1075400704;34873344;1162764288;0;0;0;0;0;0;0;0;0;0;0;3015;0;0;95;0;160;0;
28253;6808198;1075400704;34873344;1162764288;0;0;0;0;0;0;0;0;0;0;0;3016;0;0;95;0;160;0;
28254;3020765;1075400704;34873344;1162764288;0;0;0;0;0;0;0;0;0;0;0;13625;0;0;95;0;160;0;
28255;5683148;1075400704;34873344;1162764288;0;0;0;0;0;0;0;0;0;0;0;3125;0;0;95;0;160;0;
28256;5869327;1075400704;34873344;1162764288;0;0;0;0;0;0;0;0;0;0;0;4068;0;0;95;0;160;0;
28257;6067729;1075400704;34873344;1162764288;0;0;0;0;0;0;0;0;0;0;0;2955;0;0;95;0;160;0;
28258;5647411;1075400704;34873344;1162764288;0;0;0;0;0;0;0;0;0;0;0;3026;0;0;95;0;160;0;
28259;6274126;1075400704;34873344;1162764288;0;0;0;0;0;0;0;0;0;0;0;3196;0;0;95;0;160;0;
28260;3780981;1075400704;34873344;1162764288;0;0;0;0;0;0;0;0;0;0;0;3857;0;0;95;0;160;0;
28261;6393531;1075400704;34873344;1162764288;0;0;0;0;0;0;0;0;0;0;0;3667;0;0;95;0;160;0;
28262;4304834;1075400704;34873344;1162764288;0;0;0;0;0;0;0;0;0;0;0;3617;0;0;95;0;160;0;
28263;5977349;1075400704;34873344;1162764288;0;0;0;0;0;0;0;0;0;0;0;2976;0;0;95;0;160;0;
28264;4499879;1075400704;34873344;1162764288;0;0;0;0;0;0;0;0;0;0;0;4469;0;0;95;0;160;0;
28265;5941904;1075400704;34873344;1162764288;0;0;0;0;0;0;0;0;0;0;0;9728;0;0;95;0;160;0;
28266;12942923;1075400704;34873344;1162764288;0;0;0;0;0;0;0;0;0;0;0;3707;0;0;95;0;160;0;
28267;6208914;1075400704;34873344;1162764288;0;0;0;0;0;0;0;0;0;0;0;3176;0;0;95;0;160;0;
28268;3561218;1075400704;34873344;1162764288;0;0;0;0;0;0;0;0;0;0;0;2855;0;0;95;0;160;0;
28269;4806995;1075400704;34873344;1162764288;0;0;0;0;0;0;0;0;0;0;0;2294;0;0;95;0;160;0;
28270;4759476;1075400704;34873344;1162764288;0;0;0;0;0;0;0;0;0;0;0;3055;0;0;95;0;160;0;
28271;6697721;1075400704;34873344;1162764288;0;0;0;0;0;0;0;0;0;0;0;3206;0;0;95;0;160;0;
28272;3610441;1075400704;34873344;1162764288;0;0;0;0;0;0;0;0;0;0;0;3837;0;0;95;0;160;0;
28273;6335852;1075400704;34873344;1162764288;0;0;0;0;0;0;0;0;0;0;0;2846;0;0;95;0;160;0;
28274;3666315;1075400704;34873344;1162764288;0;0;0;0;0;0;0;0;0;0;0;3296;0;0;95;0;160;0;
28275;5886209;1075400704;34873344;1162764288;0;0;0;0;0;0;0;0;0;0;0;3136;0;0;95;0;160;0;
28276;4932500;1075400704;34873344;1162764288;0;0;0;0;0;0;0;0;0;0;0;3507;0;0;95;0;160;0;
28277;5441275;1075400704;34873344;1162764288;0;0;0;0;0;0;0;0;0;0;0;2906;0;0;95;0;160;0;
28278;6061397;1075400704;34873344;1162764288;0;0;0;0;0;0;0;0;0;0;0;3857;0;0;95;0;160;0;
28279;5392293;1075400704;34873344;1162764288;0;0;0;0;0;0;0;0;0;0;0;3086;0;0;95;0;160;0;
28280;4467889;1075400704;34873344;1162764288;0;0;0;0;0;0;0;0;0;0;0;4188;0;0;95;0;160;0;
28281;6009671;1075400704;34873344;1162764288;0;0;0;0;0;0;0;0;0;0;0;2926;0;0;95;0;160;0;
28282;4258918;1075400704;34873344;1162764288;0;0;0;0;0;0;0;0;0;0;0;3136;0;0;95;0;160;0;
28283;5867834;1075400704;34873344;1162764288;0;0;0;0;0;0;0;0;0;0;0;3386;0;0;95;0;160;0;
28284;3514932;1075400704;34873344;1162764288;0;0;0;0;0;0;0;0;0;0;0;143219;0;0;95;0;160;0;
28285;6552849;1075400704;34873344;1162764288;0;0;0;0;0;0;0;0;0;0;0;2695;0;0;95;0;160;0;
28286;4018677;1075400704;34873344;1162764288;0;0;0;0;0;0;0;0;0;0;0;3085;0;0;95;0;160;0;
28287;5062574;1075400704;34873344;1162764288;0;0;0;0;0;0;0;0;0;0;0;2665;0;0;95;0;160;0;
28288;5148335;1075400704;34873344;1162764288;0;0;0;0;0;0;0;0;0;0;0;6953;0;0;95;0;160;0;
28289;4564610;1075400704;34873344;1162764288;0;0;0;0;0;0;0;0;0;0;0;2786;0;0;95;0;160;0;
28290;5549898;1075400704;34873344;1162764288;0;0;0;0;0;0;0;0;0;0;0;2925;0;0;95;0;160;0;
28291;5606865;1075400704;34873344;1162764288;0;0;0;0;0;0;0;0;0;0;0;2865;0;0;95;0;160;0;
28292;5391972;1075400704;34873344;1162764288;0;0;0;0;0;0;0;0;0;0;0;2875;0;0;95;0;160;0;
28293;5800718;1075400704;34873344;1162764288;0;0;0;0;0;0;0;0;0;0;0;3307;0;0;95;0;160;0;
28294;4942008;1075400704;34873344;1162764288;0;0;0;0;0;0;0;0;0;0;0;3757;0;0;95;0;160;0;
28295;5818051;1075400704;34873344;1162764288;0;0;0;0;0;0;0;0;0;0;0;3166;0;0;95;0;160;0;
28296;4498296;1075400704;34873344;1162764288;0;0;0;0;0;0;0;0;0;0;0;3657;0;0;95;0;160;0;
28297;6568799;1075400704;34873344;1162764288;0;0;0;0;0;0;0;0;0;0;0;4037;0;0;95;0;160;0;
28298;4319631;1075400704;34873344;1162764288;0;0;0;0;0;0;0;0;0;0;0;4087;0;0;95;0;160;0;
28299;6723990;1075400704;34873344;1162764288;0;0;0;0;0;0;0;0;0;0;0;2976;0;0;95;0;160;0;
28300;4469492;1075400704;34873344;1162764288;0;0;0;0;0;0;0;0;0;0;0;3316;0;0;95;0;160;0;
28301;7586407;1075400704;34873344;1162764288;0;0;0;0;0;0;0;0;0;0;0;3657;0;0;95;0;160;0;
28302;3763368;1075400704;34873344;1162764288;0;0;0;0;0;0;0;0;0;0;0;4328;0;0;95;0;160;0;
28303;5870119;1075400704;34873344;1162764288;0;0;0;0;0;0;0;0;0;0;0;3567;0;0;95;0;160;0;
28304;4996891;1075400704;34873344;1162764288;0;0;0;0;0;0;0;0;0;0;0;3847;0;0;95;0;160;0;
28305;4905109;1075400704;34873344;1162764288;0;0;0;0;0;0;0;0;0;0;0;3426;0;0;95;0;160;0;
28306;5556240;1075400704;34873344;1162764288;0;0;0;0;0;0;0;0;0;0;0;3477;0;0;95;0;160;0;
28307;6778522;1075400704;34873344;1162764288;0;0;0;0;0;0;0;0;0;0;0;3667;0;0;95;0;160;0;
28308;5264133;1075400704;34873344;1162764288;0;0;0;0;0;0;0;0;0;0;0;3857;0;0;95;0;160;0;
28309;6408318;1075400704;34873344;1162764288;0;0;0;0;0;0;0;0;0;0;0;3227;0;0;95;0;160;0;
28310;4914637;1075400704;34873344;1162764288;0;0;0;0;0;0;0;0;0;0;0;2895;0;0;95;0;160;0;
28311;5824563;1075400704;34873344;1162764288;0;0;0;0;0;0;0;0;0;0;0;3216;0;0;95;0;160;0;
28312;5461883;1075400704;34873344;1162764288;0;0;0;0;0;0;0;0;0;0;0;4248;0;0;95;0;160;0;
28313;6401876;1075400704;34873344;1162764288;0;0;0;0;0;0;0;0;0;0;0;3356;0;0;95;0;160;0;
28314;5316611;1075400704;34873344;1162764288;0;0;0;0;0;0;0;0;0;0;0;3586;0;0;95;0;160;0;
28315;6383792;1075400704;34873344;1162764288;0;0;0;0;0;0;0;0;0;0;0;3456;0;0;95;0;160;0;
28316;5108781;1075400704;34873344;1162764288;0;0;0;0;0;0;0;0;0;0;0;4308;0;0;95;0;160;0;
28317;6571534;1075400704;34873344;1162764288;0;0;0;0;0;0;0;0;0;0;0;3136;0;0;95;0;160;0;
28318;3661216;1075400704;34873344;1162764288;0;0;0;0;0;0;0;0;0;0;0;4228;0;0;95;0;160;0;
28319;8328209;1075400704;34873344;1162764288;0;0;0;0;0;0;0;0;0;0;0;3877;0;0;95;0;160;0;
28320;4413477;1075400704;34873344;1162764288;0;0;0;0;0;0;0;0;0;0;0;3767;0;0;95;0;160;0;
28321;7185967;1075400704;34873344;1162764288;0;0;0;0;0;0;0;0;0;0;0;4068;0;0;95;0;160;0;
28322;4570602;1075400704;34873344;1162764288;0;0;0;0;0;0;0;0;0;0;0;4920;0;0;95;0;160;0;
28323;7583492;1075400704;34873344;1162764288;0;0;0;0;0;0;0;0;0;0;0;4438;0;0;95;0;160;0;
28324;6849856;1075400704;34873344;1162764288;0;0;0;0;0;0;0;0;0;0;0;3777;0;0;95;0;160;0;
28325;7335908;1075400704;34873344;1162764288;0;0;0;0;0;0;0;0;0;0;0;4398;0;0;95;0;160;0;
28326;6930658;1075400704;34873344;1162764288;0;0;0;0;0;0;0;0;0;0;0;3988;0;0;95;0;160;0;
28327;6601761;1075400704;34873344;1162764288;0;0;0;0;0;0;0;0;0;0;0;3767;0;0;95;0;160;0;
28328;5498161;1075400704;34873344;1162764288;0;0;0;0;0;0;0;0;0;0;0;4438;0;0;95;0;160;0;
28329;7187239;1075400704;34873344;1162764288;0;0;0;0;0;0;0;0;0;0;0;3857;0;0;95;0;160;0;
28330;6232107;1075400704;34873344;1162764288;0;0;0;0;0;0;0;0;0;0;0;3036;0;0;95;0;160;0;
28331;6126810;1075400704;34873344;1162764288;0;0;0;0;0;0;0;0;0;0;0;3687;0;0;95;0;160;0;
28332;7048819;1075400704;34873344;1162764288;0;0;0;0;0;0;0;0;0;0;0;2946;0;0;95;0;160;0;
28333;6752865;1075400704;34873344;1162764288;0;0;0;0;0;0;0;0;0;0;0;4438;0;0;95;0;160;0;
28334;6564210;1075400704;34873344;1162764288;0;0;0;0;0;0;0;0;0;0;0;3597;0;0;95;0;160;0;
28335;6364807;1075400704;34873344;1162764288;0;0;0;0;0;0;0;0;0;0;0;3918;0;0;95;0;160;0;
28336;6058653;1075400704;34873344;1162764288;0;0;0;0;0;0;0;0;0;0;0;3617;0;0;95;0;160;0;
28337;7315279;1075400704;34873344;1162764288;0;0;0;0;0;0;0;0;0;0;0;4268;0;0;95;0;160;0;
28338;5728332;1075400704;34873344;1162764288;0;0;0;0;0;0;0;0;0;0;0;3477;0;0;95;0;160;0;
28339;6390715;1075400704;34873344;1162764288;0;0;0;0;0;0;0;0;0;0;0;3797;0;0;95;0;160;0;
28340;5288518;1075400704;34873344;1162764288;0;0;0;0;0;0;0;0;0;0;0;4017;0;0;95;0;160;0;
28341;7733744;1075400704;34873344;1162764288;0;0;0;0;0;0;0;0;0;0;0;3487;0;0;95;0;160;0;
28342;5661387;1075400704;34873344;1162764288;0;0;0;0;0;0;0;0;0;0;0;3096;0;0;95;0;160;0;
28343;6817335;1075400704;34873344;1162764288;0;0;0;0;0;0;0;0;0;0;0;3496;0;0;95;0;160;0;
28344;6597573;1075400704;34873344;1162764288;0;0;0;0;0;0;0;0;0;0;0;3957;0;0;95;0;160;0;
28345;7235549;1075400704;34873344;1162764288;0;0;0;0;0;0;0;0;0;0;0;3727;0;0;95;0;160;0;
28346;5322853;1075400704;34873344;1162764288;0;0;0;0;0;0;0;0;0;0;0;4078;0;0;95;0;160;0;
28347;8569110;1075400704;34873344;1162764288;0;0;0;0;0;0;0;0;0;0;0;3817;0;0;95;0;160;0;
28348;5266025;1075400704;34873344;1162764288;0;0;0;0;0;0;0;0;0;0;0;3186;0;0;95;0;160;0;
28349;8189608;1075400704;34873344;1162764288;0;0;0;0;0;0;0;0;0;0;0;3607;0;0;95;0;160;0;
28350;5100826;1075400704;34873344;1162764288;0;0;0;0;0;0;0;0;0;0;0;3727;0;0;95;0;160;0;
28351;6631236;1075400704;34873344;1162764288;0;0;0;0;0;0;0;0;0;0;0;3136;0;0;95;0;160;0;
28352;5243092;1075400704;34873344;1162764288;0;0;0;0;0;0;0;0;0;0;0;3657;0;0;95;0;160;0;
28353;5338903;1075400704;34873344;1162764288;0;0;0;0;0;0;0;0;0;0;0;3296;0;0;95;0;160;0;
28354;7056473;1075400704;34873344;1162764288;0;0;0;0;0;0;0;0;0;0;0;3837;0;0;95;0;160;0;
28355;5375581;1075400704;34873344;1162764288;0;0;0;0;0;0;0;0;0;0;0;3296;0;0;95;0;160;0;
28356;5031966;1075400704;34873344;1162764288;0;0;0;0;0;0;0;0;0;0;0;3627;0;0;95;0;160;0;
28357;5676295;1075400704;34873344;1162764288;0;0;0;0;0;0;0;0;0;0;0;2565;0;0;95;0;160;0;
28358;6084060;1075400704;34873344;1162764288;0;0;0;0;0;0;0;0;0;0;0;2695;0;0;95;0;160;0;
28359;6786497;1075400704;34873344;1162764288;0;0;0;0;0;0;0;0;0;0;0;2836;0;0;95;0;160;0;
28360;4631286;1075400704;34873344;1162764288;0;0;0;0;0;0;0;0;0;0;0;3887;0;0;95;0;160;0;
28361;6446210;1075400704;34873344;1162764288;0;0;0;0;0;0;0;0;0;0;0;3507;0;0;95;0;160;0;
28362;4058491;1075400704;34873344;1162764288;0;0;0;0;0;0;0;0;0;0;0;4068;0;0;95;0;160;0;
28363;7106277;1075400704;34873344;1162764288;0;0;0;0;0;0;0;0;0;0;0;3586;0;0;95;0;160;0;
28364;4085682;1075400704;34873344;1162764288;0;0;0;0;0;0;0;0;0;0;0;3707;0;0;95;0;160;0;
28365;6343707;1075400704;34873344;1162764288;0;0;0;0;0;0;0;0;0;0;0;3386;0;0;95;0;160;0;
28366;5576599;1075400704;34873344;1162764288;0;0;0;0;0;0;0;0;0;0;0;3847;0;0;95;0;160;0;
28367;7564406;1075400704;34873344;1162764288;0;0;0;0;0;0;0;0;0;0;0;4689;0;0;95;0;160;0;
28368;4836901;1075400704;34873344;1162764288;0;0;0;0;0;0;0;0;0;0;0;4098;0;0;95;0;160;0;
28369;6471116;1075400704;34873344;1162764288;0;0;0;0;0;0;0;0;0;0;0;3136;0;0;95;0;160;0;
28370;4268004;1075400704;34873344;1162764288;0;0;0;0;0;0;0;0;0;0;0;3637;0;0;95;0;160;0;
28371;6111321;1075400704;34873344;1162764288;0;0;0;0;0;0;0;0;0;0;0;3607;0;0;95;0;160;0;
28372;5252440;1075400704;34873344;1162764288;0;0;0;0;0;0;0;0;0;0;0;3276;0;0;95;0;160;0;
28373;5598610;1075400704;34873344;1162764288;0;0;0;0;0;0;0;0;0;0;0;4588;0;0;95;0;160;0;
28374;5723263;1075400704;34873344;1162764288;0;0;0;0;0;0;0;0;0;0;0;4198;0;0;95;0;160;0;
28375;5886289;1075400704;34873344;1162764288;0;0;0;0;0;0;0;0;0;0;0;2766;0;0;95;0;160;0;
28376;5286574;1075400704;34873344;1162764288;0;0;0;0;0;0;0;0;0;0;0;2825;0;0;95;0;160;0;
28377;4700025;1075400704;34873344;1162764288;0;0;0;0;0;0;0;0;0;0;0;2995;0;0;95;0;160;0;
28378;7195184;1075400704;34873344;1162764288;0;0;0;0;0;0;0;0;0;0;0;3967;0;0;95;0;160;0;
28379;5644044;1075400704;34873344;1162764288;0;0;0;0;0;0;0;0;0;0;0;2855;0;0;95;0;160;0;
28380;7402402;1075400704;34873344;1162764288;0;0;0;0;0;0;0;0;0;0;0;3898;0;0;95;0;160;0;
28381;6256934;1075400704;34873344;1162764288;0;0;0;0;0;0;0;0;0;0;0;3466;0;0;95;0;160;0;
28382;4120578;1075400704;34873344;1162764288;0;0;0;0;0;0;0;0;0;0;0;4217;0;0;95;0;160;0;
28383;6088177;1075400704;34873344;1162764288;0;0;0;0;0;0;0;0;0;0;0;2765;0;0;95;0;160;0;
28384;5930953;1075400704;34873344;1162764288;0;0;0;0;0;0;0;0;0;0;0;2966;0;0;95;0;160;0;
28385;7018742;1075400704;34873344;1162764288;0;0;0;0;0;0;0;0;0;0;0;4528;0;0;95;0;160;0;
28386;4343776;1075400704;34873344;1162764288;0;0;0;0;0;0;0;0;0;0;0;4078;0;0;95;0;160;0;
28387;7246450;1075400704;34873344;1162764288;0;0;0;0;0;0;0;0;0;0;0;4398;0;0;95;0;160;0;
28388;4447180;1075400704;34873344;1162764288;0;0;0;0;0;0;0;0;0;0;0;2825;0;0;95;0;160;0;
28389;6712669;1075400704;34873344;1162764288;0;0;0;0;0;0;0;0;0;0;0;3878;0;0;95;0;160;0;
28390;7160078;1075400704;34873344;1162764288;0;0;0;0;0;0;0;0;0;0;0;3727;0;0;95;0;160;0;
28391;6788802;1075400704;34873344;1162764288;0;0;0;0;0;0;0;0;0;0;0;4278;0;0;95;0;160;0;
28392;6263156;1075400704;34873344;1162764288;0;0;0;0;0;0;0;0;0;0;0;4319;0;0;95;0;160;0;
28393;6027905;1075400704;34873344;1162764288;0;0;0;0;0;0;0;0;0;0;0;2815;0;0;95;0;160;0;
28394;5993249;1075400704;34873344;1162764288;0;0;0;0;0;0;0;0;0;0;0;3747;0;0;95;0;160;0;
28395;6489420;1075400704;34873344;1162764288;0;0;0;0;0;0;0;0;0;0;0;3075;0;0;95;0;160;0;
28396;6509829;1075400704;34873344;1162764288;0;0;0;0;0;0;0;0;0;0;0;4839;0;0;95;0;160;0;
28397;8335743;1075400704;34873344;1162764288;0;0;0;0;0;0;0;0;0;0;0;4479;0;0;95;0;160;0;
28398;5252180;1075400704;34873344;1162764288;0;0;0;0;0;0;0;0;0;0;0;4088;0;0;95;0;160;0;
28399;8033195;1075400704;34873344;1162764288;0;0;0;0;0;0;0;0;0;0;0;4018;0;0;95;0;160;0;
28400;6280157;1075400704;34873344;1162764288;0;0;0;0;0;0;0;0;0;0;0;3978;0;0;95;0;160;0;
28401;6077397;1075400704;34873344;1162764288;0;0;0;0;0;0;0;0;0;0;0;2885;0;0;95;0;160;0;
28402;6799111;1075400704;34873344;1162764288;0;0;0;0;0;0;0;0;0;0;0;3306;0;0;95;0;160;0;
28403;5505384;1075400704;34873344;1162764288;0;0;0;0;0;0;0;0;0;0;0;2705;0;0;95;0;160;0;
28404;6190449;1075400704;34873344;1162764288;0;0;0;0;0;0;0;0;0;0;0;3377;0;0;95;0;160;0;
28405;6388882;1075400704;34873344;1162764288;0;0;0;0;0;0;0;0;0;0;0;2905;0;0;95;0;160;0;
28406;4811233;1075400704;34873344;1162764288;0;0;0;0;0;0;0;0;0;0;0;4308;0;0;95;0;160;0;
28407;7419124;1075400704;34873344;1162764288;0;0;0;0;0;0;0;0;0;0;0;2575;0;0;95;0;160;0;
28408;5024573;1075400704;34873344;1162764288;0;0;0;0;0;0;0;0;0;0;0;3357;0;0;95;0;160;0;
28409;7501788;1075400704;34873344;1162764288;0;0;0;0;0;0;0;0;0;0;0;5691;0;0;95;0;160;0;
28410;4610085;1075400704;34873344;1162764288;0;0;0;0;0;0;0;0;0;0;0;3967;0;0;95;0;160;0;
28411;7045584;1075400704;34873344;1162764288;0;0;0;0;0;0;0;0;0;0;0;5129;0;0;95;0;160;0;
28412;5210572;1075400704;34873344;1162764288;0;0;0;0;0;0;0;0;0;0;0;4168;0;0;95;0;160;0;
28413;7102440;1075400704;34873344;1162764288;0;0;0;0;0;0;0;0;0;0;0;5571;0;0;95;0;160;0;
28414;6692571;1075400704;34873344;1162764288;0;0;0;0;0;0;0;0;0;0;0;4449;0;0;95;0;160;0;
28415;9296374;1075400704;34873344;1162764288;0;0;0;0;0;0;0;0;0;0;0;4348;0;0;95;0;160;0;
28416;7587830;1075400704;34873344;1162764288;0;0;0;0;0;0;0;0;0;0;0;3868;0;0;95;0;160;0;
28417;6959131;1075400704;34873344;1162764288;0;0;0;0;0;0;0;0;0;0;0;2915;0;0;95;0;160;0;
28418;6861288;1075400704;34873344;1162764288;0;0;0;0;0;0;0;0;0;0;0;4138;0;0;95;0;160;0;
28419;6813468;1075400704;34873344;1162764288;0;0;0;0;0;0;0;0;0;0;0;4008;0;0;95;0;160;0;
28420;5123589;1075400704;34873344;1162764288;0;0;0;0;0;0;0;0;0;0;0;4038;0;0;95;0;160;0;
28421;7184343;1075400704;34873344;1162764288;0;0;0;0;0;0;0;0;0;0;0;4107;0;0;95;0;160;0;
28422;7108762;1075400704;34873344;1162764288;0;0;0;0;0;0;0;0;0;0;0;4429;0;0;95;0;160;0;
28423;7574105;1075400704;34873344;1162764288;0;0;0;0;0;0;0;0;0;0;0;3968;0;0;95;0;160;0;
28424;7024974;1075400704;34873344;1162764288;0;0;0;0;0;0;0;0;0;0;0;2926;0;0;95;0;160;0;
28425;8573578;1075400704;34873344;1162764288;0;0;0;0;0;0;0;0;0;0;0;3577;0;0;95;0;160;0;
28426;6189448;1075400704;34873344;1162764288;0;0;0;0;0;0;0;0;0;0;0;3828;0;0;95;0;160;0;
28427;8440158;1075400704;34873344;1162764288;0;0;0;0;0;0;0;0;0;0;0;4408;0;0;95;0;160;0;
28428;5549127;1075400704;34873344;1162764288;0;0;0;0;0;0;0;0;0;0;0;3997;0;0;95;0;160;0;
28429;8196912;1075400704;34873344;1162764288;0;0;0;0;0;0;0;0;0;0;0;3717;0;0;95;0;160;0;
28430;5370853;1075400704;34873344;1162764288;0;0;0;0;0;0;0;0;0;0;0;4068;0;0;95;0;160;0;
28431;9525635;1075400704;34873344;1162764288;0;0;0;0;0;0;0;0;0;0;0;2945;0;0;95;0;160;0;
28432;6555644;1075400704;34873344;1162764288;0;0;0;0;0;0;0;0;0;0;0;4659;0;0;95;0;160;0;
28433;7731329;1075400704;34873344;1162764288;0;0;0;0;0;0;0;0;0;0;0;3647;0;0;95;0;160;0;
28434;7128008;1075400704;34873344;1162764288;0;0;0;0;0;0;0;0;0;0;0;4218;0;0;95;0;160;0;
28435;8890674;1075400704;34873344;1162764288;0;0;0;0;0;0;0;0;0;0;0;3176;0;0;95;0;160;0;
28436;5852445;1075400704;34873344;1162764288;0;0;0;0;0;0;0;0;0;0;0;4829;0;0;95;0;160;0;
28437;7093564;1075400704;34873344;1162764288;0;0;0;0;0;0;0;0;0;0;0;3887;0;0;95;0;160;0;
28438;4775285;1075400704;34873344;1162764288;0;0;0;0;0;0;0;0;0;0;0;3537;0;0;95;0;160;0;
28439;8423427;1075400704;34873344;1162764288;0;0;0;0;0;0;0;0;0;0;0;4088;0;0;95;0;160;0;
28440;5147764;1075400704;34873344;1162764288;0;0;0;0;0;0;0;0;0;0;0;4498;0;0;95;0;160;0;
28441;6567977;1075400704;34873344;1162764288;0;0;0;0;0;0;0;0;0;0;0;4648;0;0;95;0;160;0;
28442;5514472;1075400704;34873344;1162764288;0;0;0;0;0;0;0;0;0;0;0;4158;0;0;95;0;160;0;
28443;7497310;1075400704;34873344;1162764288;0;0;0;0;0;0;0;0;0;0;0;3807;0;0;95;0;160;0;
28444;5075278;1075400704;34873344;1162764288;0;0;0;0;0;0;0;0;0;0;0;3196;0;0;95;0;160;0;
28445;7164215;1075400704;34873344;1162764288;0;0;0;0;0;0;0;0;0;0;0;3947;0;0;95;0;160;0;
28446;4952828;1075400704;34873344;1162764288;0;0;0;0;0;0;0;0;0;0;0;3416;0;0;95;0;160;0;
28447;6315955;1075400704;34873344;1162764288;0;0;0;0;0;0;0;0;0;0;0;3997;0;0;95;0;160;0;
28448;4567156;1075400704;34873344;1162764288;0;0;0;0;0;0;0;0;0;0;0;4709;0;0;95;0;160;0;
28449;7192839;1075400704;34873344;1162764288;0;0;0;0;0;0;0;0;0;0;0;3837;0;0;95;0;160;0;
28450;5301352;1075400704;34873344;1162764288;0;0;0;0;0;0;0;0;0;0;0;4348;0;0;95;0;160;0;
28451;6954803;1075400704;34873344;1162764288;0;0;0;0;0;0;0;0;0;0;0;4167;0;0;95;0;160;0;
28452;5519081;1075400704;34873344;1162764288;0;0;0;0;0;0;0;0;0;0;0;3787;0;0;95;0;160;0;
28453;5290121;1075400704;34873344;1162764288;0;0;0;0;0;0;0;0;0;0;0;2906;0;0;95;0;160;0;
28454;6433926;1075400704;34873344;1162764288;0;0;0;0;0;0;0;0;0;0;0;4709;0;0;95;0;160;0;
28455;5010517;1075400704;34873344;1162764288;0;0;0;0;0;0;0;0;0;0;0;2976;0;0;95;0;160;0;
28456;6769776;1075400704;34873344;1162764288;0;0;0;0;0;0;0;0;0;0;0;4097;0;0;95;0;160;0;
28457;6052732;1075400704;34873344;1162764288;0;0;0;0;0;0;0;0;0;0;0;2635;0;0;95;0;160;0;
28458;5077683;1075400704;34873344;1162764288;0;0;0;0;0;0;0;0;0;0;0;3387;0;0;95;0;160;0;
28459;4925587;1075400704;34873344;1162764288;0;0;0;0;0;0;0;0;0;0;0;3256;0;0;95;0;160;0;
28460;5674542;1075400704;34873344;1162764288;0;0;0;0;0;0;0;0;0;0;0;4038;0;0;95;0;160;0;
28461;6711807;1075400704;34873344;1162764288;0;0;0;0;0;0;0;0;0;0;0;5120;0;0;95;0;160;0;
28462;6186913;1075400704;34873344;1162764288;0;0;0;0;0;0;0;0;0;0;0;6412;0;0;95;0;160;0;
28463;8566746;1075400704;34873344;1162764288;0;0;0;0;0;0;0;0;0;0;0;5120;0;0;95;0;160;0;
28464;7356897;1075400704;34873344;1162764288;0;0;0;0;0;0;0;0;0;0;0;3988;0;0;95;0;160;0;
28465;9258493;1075400704;34873344;1162764288;0;0;0;0;0;0;0;0;0;0;0;4458;0;0;95;0;160;0;
28466;7141683;1075400704;34873344;1162764288;0;0;0;0;0;0;0;0;0;0;0;2936;0;0;95;0;160;0;
28467;7809977;1075400704;34873344;1162764288;0;0;0;0;0;0;0;0;0;0;0;4328;0;0;95;0;160;0;
28468;5295331;1075400704;34873344;1162764288;0;0;0;0;0;0;0;0;0;0;0;3577;0;0;95;0;160;0;
28469;5797964;1075400704;34873344;1162764288;0;0;0;0;0;0;0;0;0;0;0;4528;0;0;95;0;160;0;
28470;7406240;1075400704;34873344;1162764288;0;0;0;0;0;0;0;0;0;0;0;4248;0;0;95;0;160;0;
28471;6783472;1075400704;34873344;1162764288;0;0;0;0;0;0;0;0;0;0;0;4028;0;0;95;0;160;0;
28472;6783131;1075400704;34873344;1162764288;0;0;0;0;0;0;0;0;0;0;0;3938;0;0;95;0;160;0;
28473;6559732;1075400704;34873344;1162764288;0;0;0;0;0;0;0;0;0;0;0;5330;0;0;95;0;160;0;
28474;5775791;1075400704;34873344;1162764288;0;0;0;0;0;0;0;0;0;0;0;3988;0;0;95;0;160;0;
28475;5926886;1075400704;34873344;1162764288;0;0;0;0;0;0;0;0;0;0;0;3106;0;0;95;0;160;0;
28476;5422790;1075400704;34873344;1162764288;0;0;0;0;0;0;0;0;0;0;0;3256;0;0;95;0;160;0;
28477;6542580;1075400704;34873344;1162764288;0;0;0;0;0;0;0;0;0;0;0;3076;0;0;95;0;160;0;
28478;5735787;1075400704;34873344;1162764288;0;0;0;0;0;0;0;0;0;0;0;4338;0;0;95;0;160;0;
28479;5833680;1075400704;34873344;1162764288;0;0;0;0;0;0;0;0;0;0;0;3066;0;0;95;0;160;0;
28480;5519331;1075400704;34873344;1162764288;0;0;0;0;0;0;0;0;0;0;0;4618;0;0;95;0;160;0;
28481;6754527;1075400704;34873344;1162764288;0;0;0;0;0;0;0;0;0;0;0;6983;0;0;95;0;160;0;
28482;4728628;1075400704;34873344;1162764288;0;0;0;0;0;0;0;0;0;0;0;4017;0;0;95;0;160;0;
28483;7919001;1075400704;34873344;1162764288;0;0;0;0;0;0;0;0;0;0;0;3817;0;0;95;0;160;0;
28484;6203273;1075400704;34873344;1162764288;0;0;0;0;0;0;0;0;0;0;0;3376;0;0;95;0;160;0;
28485;6425991;1075400704;34873344;1162764288;0;0;0;0;0;0;0;0;0;0;0;3346;0;0;95;0;160;0;
28486;5934310;1075400704;34873344;1162764288;0;0;0;0;0;0;0;0;0;0;0;4198;0;0;95;0;160;0;
28487;6866718;1075400704;34873344;1162764288;0;0;0;0;0;0;0;0;0;0;0;2595;0;0;95;0;160;0;
28488;4799461;1075400704;34873344;1162764288;0;0;0;0;0;0;0;0;0;0;0;4028;0;0;95;0;160;0;
28489;4957367;1075400704;34873344;1162764288;0;0;0;0;0;0;0;0;0;0;0;3156;0;0;95;0;160;0;
28490;5643965;1075400704;34873344;1162764288;0;0;0;0;0;0;0;0;0;0;0;4679;0;0;95;0;160;0;
28491;7421418;1075400704;34877440;1162768384;0;0;0;0;0;0;0;0;0;0;0;3396;0;0;95;0;160;0;
28492;4936007;1075400704;34881536;1162772480;0;0;0;0;0;0;0;0;0;0;0;3116;0;0;95;0;160;0;
28493;7783086;1075400704;34881536;1162772480;0;0;0;0;0;0;0;0;0;0;0;2695;0;0;95;0;160;0;
28494;4556996;1075400704;34881536;1162772480;0;0;0;0;0;0;0;0;0;0;0;3336;0;0;95;0;160;0;
28495;6611550;1075400704;34881536;1162772480;0;0;0;0;0;0;0;0;0;0;0;2424;0;0;95;0;160;0;
28496;4344818;1075400704;34881536;1162772480;0;0;0;0;0;0;0;0;0;0;0;3917;0;0;95;0;160;0;
28497;5817730;1075400704;34881536;1162772480;0;0;0;0;0;0;0;0;0;0;0;2865;0;0;95;0;160;0;
28498;5556671;1075400704;34873344;1162764288;0;0;0;0;0;0;0;0;0;0;0;4388;0;0;95;0;160;0;
28499;6863672;1075400704;34873344;1162764288;0;0;0;0;0;0;0;0;0;0;0;2966;0;0;95;0;160;0;
28500;5347849;1075400704;34873344;1162764288;0;0;0;0;0;0;0;0;0;0;0;5019;0;0;95;0;160;0;
28501;6700416;1075400704;34873344;1162764288;0;0;0;0;0;0;0;0;0;0;0;2835;0;0;95;0;160;0;
28502;6404431;1075400704;34873344;1162764288;0;0;0;0;0;0;0;0;0;0;0;3707;0;0;95;0;160;0;
28503;6235293;1075400704;34873344;1162764288;0;0;0;0;0;0;0;0;0;0;0;2575;0;0;95;0;160;0;
28504;5438649;1075400704;34873344;1162764288;0;0;0;0;0;0;0;0;0;0;0;3035;0;0;95;0;160;0;
28505;6860055;1075400704;34873344;1162764288;0;0;0;0;0;0;0;0;0;0;0;3587;0;0;95;0;160;0;
28506;5800688;1075400704;34873344;1162764288;0;0;0;0;0;0;0;0;0;0;0;2926;0;0;95;0;160;0;
28507;7425857;1075400704;34873344;1162764288;0;0;0;0;0;0;0;0;0;0;0;2735;0;0;95;0;160;0;
28508;3951882;1075400704;34873344;1162764288;0;0;0;0;0;0;0;0;0;0;0;3386;0;0;95;0;160;0;
28509;7369741;1075400704;34873344;1162764288;0;0;0;0;0;0;0;0;0;0;0;4649;0;0;95;0;160;0;
28510;5082642;1075400704;34873344;1162764288;0;0;0;0;0;0;0;0;0;0;0;3356;0;0;95;0;160;0;
28511;6933313;1075400704;34873344;1162764288;0;0;0;0;0;0;0;0;0;0;0;3376;0;0;95;0;160;0;
28512;4855596;1075400704;34873344;1162764288;0;0;0;0;0;0;0;0;0;0;0;4328;0;0;95;0;160;0;
28513;5819855;1075400704;34873344;1162764288;0;0;0;0;0;0;0;0;0;0;0;3897;0;0;95;0;160;0;
28514;3559796;1075400704;34873344;1162764288;0;0;0;0;0;0;0;0;0;0;0;3586;0;0;95;0;160;0;
28515;6206520;1075400704;34873344;1162764288;0;0;0;0;0;0;0;0;0;0;0;2705;0;0;95;0;160;0;
28516;3407099;1075400704;34873344;1162764288;0;0;0;0;0;0;0;0;0;0;0;3447;0;0;95;0;160;0;
28517;6675459;1075400704;34873344;1162764288;0;0;0;0;0;0;0;0;0;0;0;3116;0;0;95;0;160;0;
28518;3902299;1075400704;34873344;1162764288;0;0;0;0;0;0;0;0;0;0;0;3006;0;0;95;0;160;0;
28519;5817400;1075400704;34873344;1162764288;0;0;0;0;0;0;0;0;0;0;0;3406;0;0;95;0;160;0;
28520;4383942;1075400704;34873344;1162764288;0;0;0;0;0;0;0;0;0;0;0;2825;0;0;95;0;160;0;
28521;5336798;1075400704;34873344;1162764288;0;0;0;0;0;0;0;0;0;0;0;2184;0;0;95;0;160;0;
28522;4545786;1075400704;34873344;1162764288;0;0;0;0;0;0;0;0;0;0;0;3116;0;0;95;0;160;0;
28523;6420811;1075400704;34873344;1162764288;0;0;0;0;0;0;0;0;0;0;0;2054;0;0;95;0;160;0;
28524;4620666;1075400704;34873344;1162764288;0;0;0;0;0;0;0;0;0;0;0;3496;0;0;95;0;160;0;
28525;4798569;1075400704;34873344;1162764288;0;0;0;0;0;0;0;0;0;0;0;3276;0;0;95;0;160;0;
28526;5664584;1075400704;34873344;1162764288;0;0;0;0;0;0;0;0;0;0;0;3426;0;0;95;0;160;0;
28527;6279256;1075400704;34873344;1162764288;0;0;0;0;0;0;0;0;0;0;0;3456;0;0;95;0;160;0;
28528;4079530;1075400704;34873344;1162764288;0;0;0;0;0;0;0;0;0;0;0;3396;0;0;95;0;160;0;
28529;6180441;1075400704;34873344;1162764288;0;0;0;0;0;0;0;0;0;0;0;3557;0;0;95;0;160;0;
28530;5074346;1075400704;34873344;1162764288;0;0;0;0;0;0;0;0;0;0;0;3095;0;0;95;0;160;0;
28531;5860520;1075400704;34873344;1162764288;0;0;0;0;0;0;0;0;0;0;0;136666;0;0;95;0;160;0;
28532;4216678;1075400704;34873344;1162764288;0;0;0;0;0;0;0;0;0;0;0;3477;0;0;95;0;160;0;
28533;6545365;1075400704;34873344;1162764288;0;0;0;0;0;0;0;0;0;0;0;3968;0;0;95;0;160;0;
28534;4530376;1075400704;34873344;1162764288;0;0;0;0;0;0;0;0;0;0;0;4108;0;0;95;0;160;0;
28535;6626448;1075400704;34873344;1162764288;0;0;0;0;0;0;0;0;0;0;0;2635;0;0;95;0;160;0;
28536;5334384;1075400704;34873344;1162764288;0;0;0;0;0;0;0;0;0;0;0;4117;0;0;95;0;160;0;
28537;7681376;1075400704;34873344;1162764288;0;0;0;0;0;0;0;0;0;0;0;4278;0;0;95;0;160;0;
28538;6784483;1075400704;34873344;1162764288;0;0;0;0;0;0;0;0;0;0;0;4048;0;0;95;0;160;0;
28539;7814675;1075400704;34873344;1162764288;0;0;0;0;0;0;0;0;0;0;0;5110;0;0;95;0;160;0;
28540;6374806;1075400704;34873344;1162764288;0;0;0;0;0;0;0;0;0;0;0;3537;0;0;95;0;160;0;
28541;8201080;1075400704;34873344;1162764288;0;0;0;0;0;0;0;0;0;0;0;4379;0;0;95;0;160;0;
28542;5883564;1075400704;34873344;1162764288;0;0;0;0;0;0;0;0;0;0;0;3706;0;0;95;0;160;0;
28543;8105040;1075400704;34873344;1162764288;0;0;0;0;0;0;0;0;0;0;0;3447;0;0;95;0;160;0;
28544;5601845;1075400704;34873344;1162764288;0;0;0;0;0;0;0;0;0;0;0;3176;0;0;95;0;160;0;
28545;7625290;1075400704;34873344;1162764288;0;0;0;0;0;0;0;0;0;0;0;4318;0;0;95;0;160;0;
28546;4483858;1075400704;34873344;1162764288;0;0;0;0;0;0;0;0;0;0;0;3506;0;0;95;0;160;0;
28547;7441215;1075400704;34873344;1162764288;0;0;0;0;0;0;0;0;0;0;0;4058;0;0;95;0;160;0;
28548;5274542;1075400704;34873344;1162764288;0;0;0;0;0;0;0;0;0;0;0;4478;0;0;95;0;160;0;
28549;6965483;1075400704;34873344;1162764288;0;0;0;0;0;0;0;0;0;0;0;3496;0;0;95;0;160;0;
28550;4384262;1075400704;34873344;1162764288;0;0;0;0;0;0;0;0;0;0;0;3316;0;0;95;0;160;0;
28551;7437288;1075400704;34873344;1162764288;0;0;0;0;0;0;0;0;0;0;0;4168;0;0;95;0;160;0;
28552;4010180;1075400704;34873344;1162764288;0;0;0;0;0;0;0;0;0;0;0;3877;0;0;95;0;160;0;
28553;6754237;1075400704;34873344;1162764288;0;0;0;0;0;0;0;0;0;0;0;3927;0;0;95;0;160;0;
28554;5839782;1075400704;34873344;1162764288;0;0;0;0;0;0;0;0;0;0;0;3777;0;0;95;0;160;0;
28555;7485739;1075400704;34873344;1162764288;0;0;0;0;0;0;0;0;0;0;0;3957;0;0;95;0;160;0;
28556;6568338;1075400704;34873344;1162764288;0;0;0;0;0;0;0;0;0;0;0;3617;0;0;95;0;160;0;
28557;7649866;1075400704;34873344;1162764288;0;0;0;0;0;0;0;0;0;0;0;5500;0;0;95;0;160;0;
28558;5026105;1075400704;34873344;1162764288;0;0;0;0;0;0;0;0;0;0;0;3487;0;0;95;0;160;0;
28559;7026968;1075400704;34873344;1162764288;0;0;0;0;0;0;0;0;0;0;0;3426;0;0;95;0;160;0;
28560;5216363;1075400704;34873344;1162764288;0;0;0;0;0;0;0;0;0;0;0;4618;0;0;95;0;160;0;
28561;8085904;1075400704;34873344;1162764288;0;0;0;0;0;0;0;0;0;0;0;3917;0;0;95;0;160;0;
28562;5262880;1075400704;34873344;1162764288;0;0;0;0;0;0;0;0;0;0;0;4018;0;0;95;0;160;0;
28563;7751778;1075400704;34873344;1162764288;0;0;0;0;0;0;0;0;0;0;0;3767;0;0;95;0;160;0;
28564;5880558;1075400704;34873344;1162764288;0;0;0;0;0;0;0;0;0;0;0;3527;0;0;95;0;160;0;
28565;7227064;1075400704;34873344;1162764288;0;0;0;0;0;0;0;0;0;0;0;3206;0;0;95;0;160;0;
28566;4333397;1075400704;34873344;1162764288;0;0;0;0;0;0;0;0;0;0;0;3116;0;0;95;0;160;0;
28567;7391562;1075400704;34873344;1162764288;0;0;0;0;0;0;0;0;0;0;0;3006;0;0;95;0;160;0;
28568;5534409;1075400704;34873344;1162764288;0;0;0;0;0;0;0;0;0;0;0;4028;0;0;95;0;160;0;
28569;7410888;1075400704;34873344;1162764288;0;0;0;0;0;0;0;0;0;0;0;4768;0;0;95;0;160;0;
28570;4942019;1075400704;34873344;1162764288;0;0;0;0;0;0;0;0;0;0;0;3326;0;0;95;0;160;0;
28571;7828422;1075400704;34873344;1162764288;0;0;0;0;0;0;0;0;0;0;0;4207;0;0;95;0;160;0;
28572;4664348;1075400704;34873344;1162764288;0;0;0;0;0;0;0;0;0;0;0;3336;0;0;95;0;160;0;
28573;6987815;1075400704;34873344;1162764288;0;0;0;0;0;0;0;0;0;0;0;4919;0;0;95;0;160;0;
28574;4431701;1075400704;34873344;1162764288;0;0;0;0;0;0;0;0;0;0;0;3646;0;0;95;0;160;0;
28575;8789644;1075400704;34877440;1162768384;0;0;0;0;0;0;0;0;0;0;0;4208;0;0;95;0;160;0;
28576;5218247;1075400704;34881536;1162772480;0;0;0;0;0;0;0;0;0;0;0;3366;0;0;95;0;160;0;
28577;8111341;1075400704;34881536;1162772480;0;0;0;0;0;0;0;0;0;0;0;4077;0;0;95;0;160;0;
28578;6010122;1075400704;34881536;1162772480;0;0;0;0;0;0;0;0;0;0;0;3496;0;0;95;0;160;0;
28579;6553230;1075400704;34881536;1162772480;0;0;0;0;0;0;0;0;0;0;0;3096;0;0;95;0;160;0;
28580;6448523;1075400704;34881536;1162772480;0;0;0;0;0;0;0;0;0;0;0;3747;0;0;95;0;160;0;
28581;6864824;1075400704;34881536;1162772480;0;0;0;0;0;0;0;0;0;0;0;3887;0;0;95;0;160;0;
28582;6884260;1075400704;34873344;1162764288;0;0;0;0;0;0;0;0;0;0;0;4037;0;0;95;0;160;0;
28583;6696849;1075400704;34873344;1162764288;0;0;0;0;0;0;0;0;0;0;0;2845;0;0;95;0;160;0;
28584;6763384;1075400704;34873344;1162764288;0;0;0;0;0;0;0;0;0;0;0;4288;0;0;95;0;160;0;
28585;7017630;1075400704;34873344;1162764288;0;0;0;0;0;0;0;0;0;0;0;3767;0;0;95;0;160;0;
28586;5392263;1075400704;34873344;1162764288;0;0;0;0;0;0;0;0;0;0;0;4028;0;0;95;0;160;0;
28587;5104914;1075400704;34873344;1162764288;0;0;0;0;0;0;0;0;0;0;0;2875;0;0;95;0;160;0;
28588;5868937;1075400704;34873344;1162764288;0;0;0;0;0;0;0;0;0;0;0;3347;0;0;95;0;160;0;
28589;6753997;1075400704;34873344;1162764288;0;0;0;0;0;0;0;0;0;0;0;2475;0;0;95;0;160;0;
28590;7011329;1075400704;34873344;1162764288;0;0;0;0;0;0;0;0;0;0;0;3967;0;0;95;0;160;0;
28591;11210955;1075400704;34873344;1162764288;0;0;0;0;0;0;0;0;0;0;0;4078;0;0;95;0;160;0;
28592;14023389;1075400704;34873344;1162764288;0;0;0;0;0;0;0;0;0;0;0;4389;0;0;95;0;160;0;
28593;7800609;1075400704;34873344;1162764288;0;0;0;0;0;0;0;0;0;0;0;4098;0;0;95;0;160;0;
28594;7716001;1075400704;34873344;1162764288;0;0;0;0;0;0;0;0;0;0;0;4188;0;0;95;0;160;0;
28595;7110174;1075400704;34873344;1162764288;0;0;0;0;0;0;0;0;0;0;0;4058;0;0;95;0;160;0;
28596;7061523;1075400704;34873344;1162764288;0;0;0;0;0;0;0;0;0;0;0;3497;0;0;95;0;160;0;
28597;9244637;1075400704;34873344;1162764288;0;0;0;0;0;0;0;0;0;0;0;4518;0;0;95;0;160;0;
28598;7865811;1075400704;34873344;1162764288;0;0;0;0;0;0;0;0;0;0;0;4158;0;0;95;0;160;0;
28599;8556617;1075400704;34873344;1162764288;0;0;0;0;0;0;0;0;0;0;0;4479;0;0;95;0;160;0;
28600;6147238;1075400704;34873344;1162764288;0;0;0;0;0;0;0;0;0;0;0;4348;0;0;95;0;160;0;
28601;8931290;1075400704;34873344;1162764288;0;0;0;0;0;0;0;0;0;0;0;3597;0;0;95;0;160;0;
28602;7401641;1075400704;34873344;1162764288;0;0;0;0;0;0;0;0;0;0;0;4629;0;0;95;0;160;0;
28603;8416805;1075400704;34873344;1162764288;0;0;0;0;0;0;0;0;0;0;0;4228;0;0;95;0;160;0;
28604;5739113;1075400704;34873344;1162764288;0;0;0;0;0;0;0;0;0;0;0;4769;0;0;95;0;160;0;
28605;7308396;1075400704;34873344;1162764288;0;0;0;0;0;0;0;0;0;0;0;4669;0;0;95;0;160;0;
28606;7104964;1075400704;34873344;1162764288;0;0;0;0;0;0;0;0;0;0;0;4298;0;0;95;0;160;0;
28607;8698473;1075400704;34873344;1162764288;0;0;0;0;0;0;0;0;0;0;0;5851;0;0;95;0;160;0;
28608;6146587;1075400704;34873344;1162764288;0;0;0;0;0;0;0;0;0;0;0;5881;0;0;95;0;160;0;
28609;7049741;1075400704;34873344;1162764288;0;0;0;0;0;0;0;0;0;0;0;5490;0;0;95;0;160;0;
28610;5689349;1075400704;34873344;1162764288;0;0;0;0;0;0;0;0;0;0;0;3847;0;0;95;0;160;0;
28611;8722408;1075400704;34873344;1162764288;0;0;0;0;0;0;0;0;0;0;0;5580;0;0;95;0;160;0;
28612;7283199;1075400704;34873344;1162764288;0;0;0;0;0;0;0;0;0;0;0;4949;0;0;95;0;160;0;
28613;10053243;1075400704;34873344;1162764288;0;0;0;0;0;0;0;0;0;0;0;4598;0;0;95;0;160;0;
28614;8055157;1075400704;34873344;1162764288;0;0;0;0;0;0;0;0;0;0;0;4378;0;0;95;0;160;0;
28615;7397924;1075400704;34873344;1162764288;0;0;0;0;0;0;0;0;0;0;0;2946;0;0;95;0;160;0;
28616;6114727;1075400704;34873344;1162764288;0;0;0;0;0;0;0;0;0;0;0;3557;0;0;95;0;160;0;
28617;7587599;1075400704;34873344;1162764288;0;0;0;0;0;0;0;0;0;0;0;3777;0;0;95;0;160;0;
28618;4725832;1075400704;34873344;1162764288;0;0;0;0;0;0;0;0;0;0;0;4459;0;0;95;0;160;0;
28619;8053243;1075400704;34873344;1162764288;0;0;0;0;0;0;0;0;0;0;0;3938;0;0;95;0;160;0;
28620;7470590;1075400704;34873344;1162764288;0;0;0;0;0;0;0;0;0;0;0;4268;0;0;95;0;160;0;
28621;6306598;1075400704;34873344;1162764288;0;0;0;0;0;0;0;0;0;0;0;3757;0;0;95;0;160;0;
28622;7929141;1075400704;34873344;1162764288;0;0;0;0;0;0;0;0;0;0;0;4389;0;0;95;0;160;0;
28623;6230385;1075400704;34873344;1162764288;0;0;0;0;0;0;0;0;0;0;0;4268;0;0;95;0;160;0;
28624;8509118;1075400704;34873344;1162764288;0;0;0;0;0;0;0;0;0;0;0;3597;0;0;95;0;160;0;
28625;6501853;1075400704;34873344;1162764288;0;0;0;0;0;0;0;0;0;0;0;4598;0;0;95;0;160;0;
28626;7872314;1075400704;34873344;1162764288;0;0;0;0;0;0;0;0;0;0;0;2966;0;0;95;0;160;0;
28627;7677178;1075400704;34873344;1162764288;0;0;0;0;0;0;0;0;0;0;0;3847;0;0;95;0;160;0;
28628;5463656;1075400704;34873344;1162764288;0;0;0;0;0;0;0;0;0;0;0;4749;0;0;95;0;160;0;
28629;7964366;1075400704;34873344;1162764288;0;0;0;0;0;0;0;0;0;0;0;5010;0;0;95;0;160;0;
28630;6187955;1075400704;34873344;1162764288;0;0;0;0;0;0;0;0;0;0;0;3938;0;0;95;0;160;0;
28631;5791462;1075400704;34873344;1162764288;0;0;0;0;0;0;0;0;0;0;0;4999;0;0;95;0;160;0;
28632;4137590;1075400704;34873344;1162764288;0;0;0;0;0;0;0;0;0;0;0;4077;0;0;95;0;160;0;
28633;6292631;1075400704;34873344;1162764288;0;0;0;0;0;0;0;0;0;0;0;4078;0;0;95;0;160;0;
28634;5932486;1075400704;34873344;1162764288;0;0;0;0;0;0;0;0;0;0;0;3787;0;0;95;0;160;0;
28635;7164035;1075400704;34873344;1162764288;0;0;0;0;0;0;0;0;0;0;0;3186;0;0;95;0;160;0;
28636;4094419;1075400704;34873344;1162764288;0;0;0;0;0;0;0;0;0;0;0;4118;0;0;95;0;160;0;
28637;6884601;1075400704;34873344;1162764288;0;0;0;0;0;0;0;0;0;0;0;2735;0;0;95;0;160;0;
28638;4941196;1075400704;34873344;1162764288;0;0;0;0;0;0;0;0;0;0;0;3146;0;0;95;0;160;0;
28639;6533172;1075400704;34873344;1162764288;0;0;0;0;0;0;0;0;0;0;0;3206;0;0;95;0;160;0;
28640;4094027;1075400704;34873344;1162764288;0;0;0;0;0;0;0;0;0;0;0;3376;0;0;95;0;160;0;
28641;9512129;1075400704;34873344;1162764288;0;0;0;0;0;0;0;0;0;0;0;3426;0;0;95;0;160;0;
28642;4905089;1075400704;34873344;1162764288;0;0;0;0;0;0;0;0;0;0;0;4057;0;0;95;0;160;0;
28643;6416453;1075400704;34873344;1162764288;0;0;0;0;0;0;0;0;0;0;0;2685;0;0;95;0;160;0;
28644;4267433;1075400704;34873344;1162764288;0;0;0;0;0;0;0;0;0;0;0;3717;0;0;95;0;160;0;
28645;5660826;1075400704;34873344;1162764288;0;0;0;0;0;0;0;0;0;0;0;3517;0;0;95;0;160;0;
28646;5119751;1075400704;34873344;1162764288;0;0;0;0;0;0;0;0;0;0;0;4308;0;0;95;0;160;0;
28647;7017931;1075400704;34877440;1162768384;0;0;0;0;0;0;0;0;0;0;0;4469;0;0;95;0;160;0;
28648;4200608;1075400704;34881536;1162772480;0;0;0;0;0;0;0;0;0;0;0;3186;0;0;95;0;160;0;
28649;6735932;1075400704;34881536;1162772480;0;0;0;0;0;0;0;0;0;0;0;2635;0;0;95;0;160;0;
28650;4814739;1075400704;34881536;1162772480;0;0;0;0;0;0;0;0;0;0;0;2905;0;0;95;0;160;0;
28651;6540446;1075400704;34881536;1162772480;0;0;0;0;0;0;0;0;0;0;0;2966;0;0;95;0;160;0;
28652;4476335;1075400704;34881536;1162772480;0;0;0;0;0;0;0;0;0;0;0;3878;0;0;95;0;160;0;
28653;6296468;1075400704;34881536;1162772480;0;0;0;0;0;0;0;0;0;0;0;3026;0;0;95;0;160;0;
28654;4443784;1075400704;34873344;1162764288;0;0;0;0;0;0;0;0;0;0;0;3797;0;0;95;0;160;0;
28655;7195484;1075400704;34873344;1162764288;0;0;0;0;0;0;0;0;0;0;0;3507;0;0;95;0;160;0;
28656;5430425;1075400704;34873344;1162764288;0;0;0;0;0;0;0;0;0;0;0;3477;0;0;95;0;160;0;
28657;7334214;1075400704;34873344;1162764288;0;0;0;0;0;0;0;0;0;0;0;3296;0;0;95;0;160;0;
28658;5024603;1075400704;34873344;1162764288;0;0;0;0;0;0;0;0;0;0;0;3717;0;0;95;0;160;0;
28659;6973187;1075400704;34873344;1162764288;0;0;0;0;0;0;0;0;0;0;0;3106;0;0;95;0;160;0;
28660;5136783;1075400704;34873344;1162764288;0;0;0;0;0;0;0;0;0;0;0;3547;0;0;95;0;160;0;
28661;7068195;1075400704;34873344;1162764288;0;0;0;0;0;0;0;0;0;0;0;2775;0;0;95;0;160;0;
28662;5723915;1075400704;34873344;1162764288;0;0;0;0;0;0;0;0;0;0;0;3717;0;0;95;0;160;0;
28663;6709052;1075400704;34873344;1162764288;0;0;0;0;0;0;0;0;0;0;0;2715;0;0;95;0;160;0;
28664;4568187;1075400704;34873344;1162764288;0;0;0;0;0;0;0;0;0;0;0;3266;0;0;95;0;160;0;
28665;5748430;1075400704;34873344;1162764288;0;0;0;0;0;0;0;0;0;0;0;2895;0;0;95;0;160;0;
28666;5348311;1075400704;34873344;1162764288;0;0;0;0;0;0;0;0;0;0;0;3837;0;0;95;0;160;0;
28667;5968693;1075400704;34873344;1162764288;0;0;0;0;0;0;0;0;0;0;0;7935;0;0;95;0;160;0;
28668;5258853;1075400704;34873344;1162764288;0;0;0;0;0;0;0;0;0;0;0;3196;0;0;95;0;160;0;
28669;6087106;1075400704;34873344;1162764288;0;0;0;0;0;0;0;0;0;0;0;3397;0;0;95;0;160;0;
28670;5166459;1075400704;34873344;1162764288;0;0;0;0;0;0;0;0;0;0;0;2725;0;0;95;0;160;0;
28671;5324195;1075400704;34873344;1162764288;0;0;0;0;0;0;0;0;0;0;0;2584;0;0;95;0;160;0;
28672;4629392;1075400704;34873344;1162764288;0;0;0;0;0;0;0;0;0;0;0;3717;0;0;95;0;160;0;
28673;6786267;1075400704;34873344;1162764288;0;0;0;0;0;0;0;0;0;0;0;3347;0;0;95;0;160;0;
28674;3713064;1075400704;34873344;1162764288;0;0;0;0;0;0;0;0;0;0;0;3105;0;0;95;0;160;0;
28675;5307855;1075400704;34873344;1162764288;0;0;0;0;0;0;0;0;0;0;0;2624;0;0;95;0;160;0;
28676;4809279;1075400704;34873344;1162764288;0;0;0;0;0;0;0;0;0;0;0;4558;0;0;95;0;160;0;
28677;6540396;1075400704;34873344;1162764288;0;0;0;0;0;0;0;0;0;0;0;3086;0;0;95;0;160;0;
28678;3559856;1075400704;34873344;1162764288;0;0;0;0;0;0;0;0;0;0;0;3416;0;0;95;0;160;0;
28679;5664363;1075400704;34873344;1162764288;0;0;0;0;0;0;0;0;0;0;0;1994;0;0;95;0;160;0;
28680;3717031;1075400704;34873344;1162764288;0;0;0;0;0;0;0;0;0;0;0;3336;0;0;95;0;160;0;
28681;5310048;1075400704;34873344;1162764288;0;0;0;0;0;0;0;0;0;0;0;2815;0;0;95;0;160;0;
28682;2940605;1075400704;34873344;1162764288;0;0;0;0;0;0;0;0;0;0;0;2524;0;0;95;0;160;0;
28683;6362662;1075400704;34873344;1162764288;0;0;0;0;0;0;0;0;0;0;0;2925;0;0;95;0;160;0;
28684;4337294;1075400704;34873344;1162764288;0;0;0;0;0;0;0;0;0;0;0;3947;0;0;95;0;160;0;
28685;6128874;1075400704;34873344;1162764288;0;0;0;0;0;0;0;0;0;0;0;3025;0;0;95;0;160;0;
28686;4370807;1075400704;34873344;1162764288;0;0;0;0;0;0;0;0;0;0;0;3768;0;0;95;0;160;0;
28687;6536468;1075400704;34873344;1162764288;0;0;0;0;0;0;0;0;0;0;0;3476;0;0;95;0;160;0;
28688;3759841;1075400704;34873344;1162764288;0;0;0;0;0;0;0;0;0;0;0;3887;0;0;95;0;160;0;
28689;5794697;1075400704;34873344;1162764288;0;0;0;0;0;0;0;0;0;0;0;2795;0;0;95;0;160;0;
28690;3804445;1075400704;34873344;1162764288;0;0;0;0;0;0;0;0;0;0;0;3877;0;0;95;0;160;0;
28691;6323428;1075400704;34873344;1162764288;0;0;0;0;0;0;0;0;0;0;0;3186;0;0;95;0;160;0;
28692;5944749;1075400704;34873344;1162764288;0;0;0;0;0;0;0;0;0;0;0;3727;0;0;95;0;160;0;
28693;6118545;1075400704;34873344;1162764288;0;0;0;0;0;0;0;0;0;0;0;3286;0;0;95;0;160;0;
28694;4976674;1075400704;34873344;1162764288;0;0;0;0;0;0;0;0;0;0;0;3877;0;0;95;0;160;0;
28695;6518275;1075400704;34873344;1162764288;0;0;0;0;0;0;0;0;0;0;0;2575;0;0;95;0;160;0;
28696;5045993;1075400704;34873344;1162764288;0;0;0;0;0;0;0;0;0;0;0;2976;0;0;95;0;160;0;
28697;6738157;1075400704;34873344;1162764288;0;0;0;0;0;0;0;0;0;0;0;2695;0;0;95;0;160;0;
28698;4246884;1075400704;34873344;1162764288;0;0;0;0;0;0;0;0;0;0;0;3887;0;0;95;0;160;0;
28699;6281790;1075400704;34873344;1162764288;0;0;0;0;0;0;0;0;0;0;0;3326;0;0;95;0;160;0;
28700;4213842;1075400704;34873344;1162764288;0;0;0;0;0;0;0;0;0;0;0;3356;0;0;95;0;160;0;
28701;5461202;1075400704;34873344;1162764288;0;0;0;0;0;0;0;0;0;0;0;3086;0;0;95;0;160;0;
28702;4872378;1075400704;34873344;1162764288;0;0;0;0;0;0;0;0;0;0;0;3977;0;0;95;0;160;0;
28703;6319742;1075400704;34873344;1162764288;0;0;0;0;0;0;0;0;0;0;0;2314;0;0;95;0;160;0;
28704;4990609;1075400704;34873344;1162764288;0;0;0;0;0;0;0;0;0;0;0;3326;0;0;95;0;160;0;
28705;6144804;1075400704;34873344;1162764288;0;0;0;0;0;0;0;0;0;0;0;2565;0;0;95;0;160;0;
28706;5080879;1075400704;34873344;1162764288;0;0;0;0;0;0;0;0;0;0;0;3516;0;0;95;0;160;0;
28707;5989132;1075400704;34873344;1162764288;0;0;0;0;0;0;0;0;0;0;0;3066;0;0;95;0;160;0;
28708;4772229;1075400704;34873344;1162764288;0;0;0;0;0;0;0;0;0;0;0;3336;0;0;95;0;160;0;
28709;6510991;1075400704;34873344;1162764288;0;0;0;0;0;0;0;0;0;0;0;2845;0;0;95;0;160;0;
28710;5398774;1075400704;34873344;1162764288;0;0;0;0;0;0;0;0;0;0;0;3406;0;0;95;0;160;0;
28711;6371128;1075400704;34873344;1162764288;0;0;0;0;0;0;0;0;0;0;0;3146;0;0;95;0;160;0;
28712;5187318;1075400704;34873344;1162764288;0;0;0;0;0;0;0;0;0;0;0;2915;0;0;95;0;160;0;
28713;5972070;1075400704;34873344;1162764288;0;0;0;0;0;0;0;0;0;0;0;3257;0;0;95;0;160;0;
28714;4787598;1075400704;34873344;1162764288;0;0;0;0;0;0;0;0;0;0;0;3246;0;0;95;0;160;0;
28715;6532912;1075400704;34873344;1162764288;0;0;0;0;0;0;0;0;0;0;0;2745;0;0;95;0;160;0;
28716;3410286;1075400704;34873344;1162764288;0;0;0;0;0;0;0;0;0;0;0;2836;0;0;95;0;160;0;
28717;6182464;1075400704;34873344;1162764288;0;0;0;0;0;0;0;0;0;0;0;2996;0;0;95;0;160;0;
28718;119310483;621072384;34877440;575565824;0;0;0;0;0;0;0;0;0;0;0;3647;0;0;0;0;0;0;
28719;4784002;621072384;34881536;575569920;0;0;0;0;0;0;0;0;0;0;0;3136;0;0;0;0;0;0;
28720;2585970;621072384;34885632;575574016;0;0;0;0;0;0;0;0;0;0;0;2835;0;0;0;0;0;0;
28721;4273665;621072384;34885632;575574016;0;0;0;0;0;0;0;0;0;0;0;2675;0;0;0;0;0;0;
28722;2725982;621072384;34885632;575574016;0;0;0;0;0;0;0;0;0;0;0;3577;0;0;0;0;0;0;
28723;4290266;621072384;34885632;575574016;0;0;0;0;0;0;0;0;0;0;0;2725;0;0;0;0;0;0;
28724;2258877;621072384;34885632;575574016;0;0;0;0;0;0;0;0;0;0;0;2765;0;0;0;0;0;0;
28725;4377159;621072384;34885632;575574016;0;0;0;0;0;0;0;0;0;0;0;2054;0;0;0;0;0;0;
28726;2758744;621072384;34877440;575565824;0;0;0;0;0;0;0;0;0;0;0;2785;0;0;0;0;0;0;
28727;4263525;621072384;34877440;575565824;0;0;0;0;0;0;0;0;0;0;0;2645;0;0;0;0;0;0;
28728;2838714;621072384;34877440;575565824;0;0;0;0;0;0;0;0;0;0;0;2915;0;0;0;0;0;0;
28729;4175180;621072384;34877440;575565824;0;0;0;0;0;0;0;0;0;0;0;2235;0;0;0;0;0;0;
28730;2936096;621072384;34877440;575565824;0;0;0;0;0;0;0;0;0;0;0;2725;0;0;0;0;0;0;
28731;4291478;621072384;34877440;575565824;0;0;0;0;0;0;0;0;0;0;0;2375;0;0;0;0;0;0;
28732;2541837;621072384;34877440;575565824;0;0;0;0;0;0;0;0;0;0;0;3006;0;0;0;0;0;0;
28733;4402226;621072384;34877440;575565824;0;0;0;0;0;0;0;0;0;0;0;2375;0;0;0;0;0;0;
28734;2549872;621072384;34877440;575565824;0;0;0;0;0;0;0;0;0;0;0;2655;0;0;0;0;0;0;
28735;4805082;621072384;34877440;575565824;0;0;0;0;0;0;0;0;0;0;0;2595;0;0;0;0;0;0;
28736;2404419;621072384;34877440;575565824;0;0;0;0;0;0;0;0;0;0;0;2976;0;0;0;0;0;0;
28737;4281380;621072384;34877440;575565824;0;0;0;0;0;0;0;0;0;0;0;2324;0;0;0;0;0;0;
28738;2705854;621072384;34877440;575565824;0;0;0;0;0;0;0;0;0;0;0;2445;0;0;0;0;0;0;
28739;4259197;621072384;34877440;575565824;0;0;0;0;0;0;0;0;0;0;0;2044;0;0;0;0;0;0;
28740;2777109;621072384;34877440;575565824;0;0;0;0;0;0;0;0;0;0;0;3166;0;0;0;0;0;0;
28741;4302038;621072384;34877440;575565824;0;0;0;0;0;0;0;0;0;0;0;2324;0;0;0;0;0;0;
28742;2773451;621072384;34877440;575565824;0;0;0;0;0;0;0;0;0;0;0;2615;0;0;0;0;0;0;
28743;4222469;621072384;34877440;575565824;0;0;0;0;0;0;0;0;0;0;0;2825;0;0;0;0;0;0;
28744;2780345;621072384;34877440;575565824;0;0;0;0;0;0;0;0;0;0;0;3247;0;0;0;0;0;0;
28745;4142780;621072384;34877440;575565824;0;0;0;0;0;0;0;0;0;0;0;2625;0;0;0;0;0;0;
28746;2584988;621072384;34877440;575565824;0;0;0;0;0;0;0;0;0;0;0;2755;0;0;0;0;0;0;
28747;10138564;621072384;34877440;575565824;0;0;0;0;0;0;0;0;0;0;0;2344;0;0;0;0;0;0;
28748;2566583;621072384;34877440;575565824;0;0;0;0;0;0;0;0;0;0;0;2665;0;0;0;0;0;0;
28749;4228951;621072384;34877440;575565824;0;0;0;0;0;0;0;0;0;0;0;1964;0;0;0;0;0;0;
28750;2624292;621072384;34877440;575565824;0;0;0;0;0;0;0;0;0;0;0;2275;0;0;0;0;0;0;
28751;4195568;621072384;34877440;575565824;0;0;0;0;0;0;0;0;0;0;0;2264;0;0;0;0;0;0;
28752;2873970;621072384;34877440;575565824;0;0;0;0;0;0;0;0;0;0;0;2965;0;0;0;0;0;0;
28753;4345149;621072384;34877440;575565824;0;0;0;0;0;0;0;0;0;0;0;2354;0;0;0;0;0;0;
28754;2610706;621072384;34877440;575565824;0;0;0;0;0;0;0;0;0;0;0;3607;0;0;0;0;0;0;
28755;4282731;621072384;34877440;575565824;0;0;0;0;0;0;0;0;0;0;0;2214;0;0;0;0;0;0;
28756;2977714;621072384;34877440;575565824;0;0;0;0;0;0;0;0;0;0;0;3196;0;0;0;0;0;0;
28757;4356630;621072384;34877440;575565824;0;0;0;0;0;0;0;0;0;0;0;2605;0;0;0;0;0;0;
28758;2842401;621072384;34877440;575565824;0;0;0;0;0;0;0;0;0;0;0;2274;0;0;0;0;0;0;
28759;4267063;621072384;34877440;575565824;0;0;0;0;0;0;0;0;0;0;0;2104;0;0;0;0;0;0;
28760;2445747;621072384;34877440;575565824;0;0;0;0;0;0;0;0;0;0;0;2164;0;0;0;0;0;0;
28761;4541667;621072384;34877440;575565824;0;0;0;0;0;0;0;0;0;0;0;2605;0;0;0;0;0;0;
28762;2600467;621072384;34877440;575565824;0;0;0;0;0;0;0;0;0;0;0;2966;0;0;0;0;0;0;
28763;4386457;621072384;34877440;575565824;0;0;0;0;0;0;0;0;0;0;0;2615;0;0;0;0;0;0;
28764;2551896;621072384;34877440;575565824;0;0;0;0;0;0;0;0;0;0;0;2985;0;0;0;0;0;0;
28765;4576222;621072384;34877440;575565824;0;0;0;0;0;0;0;0;0;0;0;2235;0;0;0;0;0;0;
28766;2733787;621072384;34877440;575565824;0;0;0;0;0;0;0;0;0;0;0;3266;0;0;0;0;0;0;
28767;4403859;621072384;34877440;575565824;0;0;0;0;0;0;0;0;0;0;0;2415;0;0;0;0;0;0;
28768;3042456;621072384;34877440;575565824;0;0;0;0;0;0;0;0;0;0;0;2885;0;0;0;0;0;0;
28769;4435909;621072384;34877440;575565824;0;0;0;0;0;0;0;0;0;0;0;2264;0;0;0;0;0;0;
28770;2616477;621072384;34877440;575565824;0;0;0;0;0;0;0;0;0;0;0;3446;0;0;0;0;0;0;
28771;4423516;621072384;34877440;575565824;0;0;0;0;0;0;0;0;0;0;0;2124;0;0;0;0;0;0;
28772;2823846;621072384;34877440;575565824;0;0;0;0;0;0;0;0;0;0;0;3076;0;0;0;0;0;0;
28773;4453171;621072384;34877440;575565824;0;0;0;0;0;0;0;0;0;0;0;2414;0;0;0;0;0;0;
28774;2584718;621072384;34877440;575565824;0;0;0;0;0;0;0;0;0;0;0;2875;0;0;0;0;0;0;
28775;4390273;621072384;34877440;575565824;0;0;0;0;0;0;0;0;0;0;0;2274;0;0;0;0;0;0;
28776;2672121;621072384;34877440;575565824;0;0;0;0;0;0;0;0;0;0;0;2334;0;0;0;0;0;0;
28777;4326233;621072384;34877440;575565824;0;0;0;0;0;0;0;0;0;0;0;2224;0;0;0;0;0;0;
28778;2605245;621072384;34877440;575565824;0;0;0;0;0;0;0;0;0;0;0;2755;0;0;0;0;0;0;
28779;4366148;621072384;34877440;575565824;0;0;0;0;0;0;0;0;0;0;0;2425;0;0;0;0;0;0;
28780;2555323;621072384;34877440;575565824;0;0;0;0;0;0;0;0;0;0;0;3867;0;0;0;0;0;0;
28781;4460946;621072384;34877440;575565824;0;0;0;0;0;0;0;0;0;0;0;2635;0;0;0;0;0;0;
28782;3103330;621072384;34877440;575565824;0;0;0;0;0;0;0;0;0;0;0;2986;0;0;0;0;0;0;
28783;4396485;621072384;34877440;575565824;0;0;0;0;0;0;0;0;0;0;0;2605;0;0;0;0;0;0;
28784;2668906;621072384;34877440;575565824;0;0;0;0;0;0;0;0;0;0;0;2034;0;0;0;0;0;0;
28785;4550654;621072384;34877440;575565824;0;0;0;0;0;0;0;0;0;0;0;2043;0;0;0;0;0;0;
28786;2050045;621072384;34877440;575565824;0;0;0;0;0;0;0;0;0;0;0;2745;0;0;0;0;0;0;
28787;4427594;621072384;34877440;575565824;0;0;0;0;0;0;0;0;0;0;0;2334;0;0;0;0;0;0;
28788;2383991;621072384;34877440;575565824;0;0;0;0;0;0;0;0;0;0;0;2375;0;0;0;0;0;0;
28789;4391967;621072384;34877440;575565824;0;0;0;0;0;0;0;0;0;0;0;1893;0;0;0;0;0;0;
28790;2572354;621072384;34877440;575565824;0;0;0;0;0;0;0;0;0;0;0;3046;0;0;0;0;0;0;
28791;4378030;621072384;34877440;575565824;0;0;0;0;0;0;0;0;0;0;0;2334;0;0;0;0;0;0;
28792;2572805;621072384;34877440;575565824;0;0;0;0;0;0;0;0;0;0;0;2625;0;0;0;0;0;0;
28793;4422804;621072384;34877440;575565824;0;0;0;0;0;0;0;0;0;0;0;2285;0;0;0;0;0;0;
28794;2502924;621072384;34877440;575565824;0;0;0;0;0;0;0;0;0;0;0;2415;0;0;0;0;0;0;
28795;4499278;621072384;34877440;575565824;0;0;0;0;0;0;0;0;0;0;0;2455;0;0;0;0;0;0;
28796;2485962;621072384;34877440;575565824;0;0;0;0;0;0;0;0;0;0;0;1934;0;0;0;0;0;0;
28797;4382730;621072384;34877440;575565824;0;0;0;0;0;0;0;0;0;0;0;2224;0;0;0;0;0;0;
28798;2665910;621072384;34877440;575565824;0;0;0;0;0;0;0;0;0;0;0;2685;0;0;0;0;0;0;
28799;4209244;621072384;34877440;575565824;0;0;0;0;0;0;0;0;0;0;0;2404;0;0;0;0;0;0;
28800;2632537;621072384;34877440;575565824;0;0;0;0;0;0;0;0;0;0;0;2595;0;0;0;0;0;0;
28801;4260119;621072384;34877440;575565824;0;0;0;0;0;0;0;0;0;0;0;2595;0;0;0;0;0;0;
28802;2708510;621072384;34877440;575565824;0;0;0;0;0;0;0;0;0;0;0;2535;0;0;0;0;0;0;
28803;4292280;621072384;34877440;575565824;0;0;0;0;0;0;0;0;0;0;0;2224;0;0;0;0;0;0;
28804;2231826;621072384;34877440;575565824;0;0;0;0;0;0;0;0;0;0;0;2294;0;0;0;0;0;0;
28805;4377520;621072384;34877440;575565824;0;0;0;0;0;0;0;0;0;0;0;2214;0;0;0;0;0;0;
28806;2317557;621072384;34877440;575565824;0;0;0;0;0;0;0;0;0;0;0;2294;0;0;0;0;0;0;
28807;4241034;621072384;34877440;575565824;0;0;0;0;0;0;0;0;0;0;0;1854;0;0;0;0;0;0;
28808;2191781;621072384;34877440;575565824;0;0;0;0;0;0;0;0;0;0;0;1923;0;0;0;0;0;0;
28809;4036039;621072384;34877440;575565824;0;0;0;0;0;0;0;0;0;0;0;1993;0;0;0;0;0;0;
28810;2666070;621072384;34877440;575565824;0;0;0;0;0;0;0;0;0;0;0;2164;0;0;0;0;0;0;
28811;4150704;621072384;34877440;575565824;0;0;0;0;0;0;0;0;0;0;0;1974;0;0;0;0;0;0;
28812;2500609;621072384;34877440;575565824;0;0;0;0;0;0;0;0;0;0;0;2375;0;0;0;0;0;0;
28813;4131188;621072384;34877440;575565824;0;0;0;0;0;0;0;0;0;0;0;2134;0;0;0;0;0;0;
28814;2273784;621072384;34877440;575565824;0;0;0;0;0;0;0;0;0;0;0;2014;0;0;0;0;0;0;
28815;4328157;621072384;34877440;575565824;0;0;0;0;0;0;0;0;0;0;0;1924;0;0;0;0;0;0;
28816;2192582;621072384;34877440;575565824;0;0;0;0;0;0;0;0;0;0;0;2144;0;0;0;0;0;0;
28817;4282551;621072384;34877440;575565824;0;0;0;0;0;0;0;0;0;0;0;2134;0;0;0;0;0;0;
28818;2244850;621072384;34877440;575565824;0;0;0;0;0;0;0;0;0;0;0;2365;0;0;0;0;0;0;
28819;4186431;621072384;34877440;575565824;0;0;0;0;0;0;0;0;0;0;0;2144;0;0;0;0;0;0;
28820;2081844;621072384;34877440;575565824;0;0;0;0;0;0;0;0;0;0;0;2294;0;0;0;0;0;0;
28821;4182955;621072384;34877440;575565824;0;0;0;0;0;0;0;0;0;0;0;2234;0;0;0;0;0;0;
28822;2448111;621072384;34877440;575565824;0;0;0;0;0;0;0;0;0;0;0;2504;0;0;0;0;0;0;
28823;4147348;621072384;34877440;575565824;0;0;0;0;0;0;0;0;0;0;0;2384;0;0;0;0;0;0;
28824;2269927;621072384;34877440;575565824;0;0;0;0;0;0;0;0;0;0;0;2304;0;0;0;0;0;0;
28825;4268706;621072384;34877440;575565824;0;0;0;0;0;0;0;0;0;0;0;2074;0;0;0;0;0;0;
28826;2455565;621072384;34877440;575565824;0;0;0;0;0;0;0;0;0;0;0;2905;0;0;0;0;0;0;
28827;4581001;621072384;34877440;575565824;0;0;0;0;0;0;0;0;0;0;0;2285;0;0;0;0;0;0;
28828;2423976;621072384;34877440;575565824;0;0;0;0;0;0;0;0;0;0;0;2575;0;0;0;0;0;0;
28829;4337395;621072384;34877440;575565824;0;0;0;0;0;0;0;0;0;0;0;1723;0;0;0;0;0;0;
28830;2330150;621072384;34877440;575565824;0;0;0;0;0;0;0;0;0;0;0;2235;0;0;0;0;0;0;
28831;4259779;621072384;34877440;575565824;0;0;0;0;0;0;0;0;0;0;0;1803;0;0;0;0;0;0;
28832;2230573;621072384;34877440;575565824;0;0;0;0;0;0;0;0;0;0;0;2325;0;0;0;0;0;0;
28833;4545073;621072384;34877440;575565824;0;0;0;0;0;0;0;0;0;0;0;2314;0;0;0;0;0;0;
28834;2211818;621072384;34877440;575565824;0;0;0;0;0;0;0;0;0;0;0;2986;0;0;0;0;0;0;
28835;4290937;621072384;34877440;575565824;0;0;0;0;0;0;0;0;0;0;0;2114;0;0;0;0;0;0;
28836;2128242;621072384;34877440;575565824;0;0;0;0;0;0;0;0;0;0;0;2104;0;0;0;0;0;0;
28837;4412706;621072384;34877440;575565824;0;0;0;0;0;0;0;0;0;0;0;2475;0;0;0;0;0;0;
28838;2187762;621072384;34877440;575565824;0;0;0;0;0;0;0;0;0;0;0;2284;0;0;0;0;0;0;
28839;4261102;621072384;34877440;575565824;0;0;0;0;0;0;0;0;0;0;0;1994;0;0;0;0;0;0;
28840;2213121;621072384;34877440;575565824;0;0;0;0;0;0;0;0;0;0;0;2385;0;0;0;0;0;0;
28841;4409430;621072384;34877440;575565824;0;0;0;0;0;0;0;0;0;0;0;1974;0;0;0;0;0;0;
28842;2703831;621072384;34877440;575565824;0;0;0;0;0;0;0;0;0;0;0;2885;0;0;0;0;0;0;
28843;4188986;621072384;34877440;575565824;0;0;0;0;0;0;0;0;0;0;0;2244;0;0;0;0;0;0;
28844;2881384;621072384;34877440;575565824;0;0;0;0;0;0;0;0;0;0;0;3487;0;0;0;0;0;0;
28845;4777449;621072384;34877440;575565824;0;0;0;0;0;0;0;0;0;0;0;2575;0;0;0;0;0;0;
28846;2727495;621072384;34877440;575565824;0;0;0;0;0;0;0;0;0;0;0;2625;0;0;0;0;0;0;
28847;4342804;621072384;34877440;575565824;0;0;0;0;0;0;0;0;0;0;0;2014;0;0;0;0;0;0;
28848;2946466;621072384;34877440;575565824;0;0;0;0;0;0;0;0;0;0;0;2705;0;0;0;0;0;0;
28849;4181171;621072384;34877440;575565824;0;0;0;0;0;0;0;0;0;0;0;2585;0;0;0;0;0;0;
28850;3011939;621072384;34877440;575565824;0;0;0;0;0;0;0;0;0;0;0;2866;0;0;0;0;0;0;
28851;4704332;621072384;34877440;575565824;0;0;0;0;0;0;0;0;0;0;0;2635;0;0;0;0;0;0;
28852;3137494;621072384;34877440;575565824;0;0;0;0;0;0;0;0;0;0;0;3557;0;0;0;0;0;0;
28853;4659258;621072384;34877440;575565824;0;0;0;0;0;0;0;0;0;0;0;2655;0;0;0;0;0;0;
28854;3068194;621072384;34877440;575565824;0;0;0;0;0;0;0;0;0;0;0;2956;0;0;0;0;0;0;
28855;4560804;621072384;34877440;575565824;0;0;0;0;0;0;0;0;0;0;0;2855;0;0;0;0;0;0;
28856;2834445;621072384;34877440;575565824;0;0;0;0;0;0;0;0;0;0;0;2935;0;0;0;0;0;0;
28857;4669026;621072384;34877440;575565824;0;0;0;0;0;0;0;0;0;0;0;2564;0;0;0;0;0;0;
28858;2983014;621072384;34877440;575565824;0;0;0;0;0;0;0;0;0;0;0;2896;0;0;0;0;0;0;
28859;4474342;621072384;34877440;575565824;0;0;0;0;0;0;0;0;0;0;0;2816;0;0;0;0;0;0;
28860;3043127;621072384;34877440;575565824;0;0;0;0;0;0;0;0;0;0;0;3076;0;0;0;0;0;0;
28861;4516911;621072384;34881536;575569920;0;0;0;0;0;0;0;0;0;0;0;2234;0;0;0;0;0;0;
28862;2428945;621072384;34885632;575574016;0;0;0;0;0;0;0;0;0;0;0;2805;0;0;0;0;0;0;
28863;4231315;621072384;34885632;575574016;0;0;0;0;0;0;0;0;0;0;0;1874;0;0;0;0;0;0;
28864;2177284;621072384;34885632;575574016;0;0;0;0;0;0;0;0;0;0;0;2325;0;0;0;0;0;0;
28865;4227348;621072384;34885632;575574016;0;0;0;0;0;0;0;0;0;0;0;2274;0;0;0;0;0;0;
28866;2422433;621072384;34885632;575574016;0;0;0;0;0;0;0;0;0;0;0;2575;0;0;0;0;0;0;
28867;4199906;621072384;34885632;575574016;0;0;0;0;0;0;0;0;0;0;0;2004;0;0;0;0;0;0;
28868;2752562;621072384;34877440;575565824;0;0;0;0;0;0;0;0;0;0;0;2033;0;0;0;0;0;0;
28869;4329189;621072384;34877440;575565824;0;0;0;0;0;0;0;0;0;0;0;2505;0;0;0;0;0;0;
28870;2517492;621072384;34877440;575565824;0;0;0;0;0;0;0;0;0;0;0;2755;0;0;0;0;0;0;
28871;4086964;621072384;34877440;575565824;0;0;0;0;0;0;0;0;0;0;0;1853;0;0;0;0;0;0;
28872;3313995;621072384;34877440;575565824;0;0;0;0;0;0;0;0;0;0;0;2615;0;0;0;0;0;0;
28873;4290527;621072384;34877440;575565824;0;0;0;0;0;0;0;0;0;0;0;3026;0;0;0;0;0;0;
28874;3244254;621072384;34877440;575565824;0;0;0;0;0;0;0;0;0;0;0;3176;0;0;0;0;0;0;
28875;4720192;621072384;34877440;575565824;0;0;0;0;0;0;0;0;0;0;0;2375;0;0;0;0;0;0;
28876;3215620;621072384;34877440;575565824;0;0;0;0;0;0;0;0;0;0;0;3727;0;0;0;0;0;0;
28877;4576763;621072384;34877440;575565824;0;0;0;0;0;0;0;0;0;0;0;2846;0;0;0;0;0;0;
28878;3018220;621072384;34877440;575565824;0;0;0;0;0;0;0;0;0;0;0;2746;0;0;0;0;0;0;
28879;4474812;621072384;34877440;575565824;0;0;0;0;0;0;0;0;0;0;0;2465;0;0;0;0;0;0;
28880;2978606;621072384;34877440;575565824;0;0;0;0;0;0;0;0;0;0;0;2705;0;0;0;0;0;0;
28881;4563078;621072384;34877440;575565824;0;0;0;0;0;0;0;0;0;0;0;3056;0;0;0;0;0;0;
28882;2463590;621072384;34877440;575565824;0;0;0;0;0;0;0;0;0;0;0;2765;0;0;0;0;0;0;
28883;4388781;621072384;34877440;575565824;0;0;0;0;0;0;0;0;0;0;0;2354;0;0;0;0;0;0;
28884;2303099;621072384;34877440;575565824;0;0;0;0;0;0;0;0;0;0;0;2465;0;0;0;0;0;0;
28885;4314541;621072384;34877440;575565824;0;0;0;0;0;0;0;0;0;0;0;2164;0;0;0;0;0;0;
28886;2317115;621072384;34877440;575565824;0;0;0;0;0;0;0;0;0;0;0;2525;0;0;0;0;0;0;
28887;4202712;621072384;34877440;575565824;0;0;0;0;0;0;0;0;0;0;0;1994;0;0;0;0;0;0;
28888;2465494;621072384;34877440;575565824;0;0;0;0;0;0;0;0;0;0;0;3126;0;0;0;0;0;0;
28889;4477376;621072384;34877440;575565824;0;0;0;0;0;0;0;0;0;0;0;2645;0;0;0;0;0;0;
28890;2888457;621072384;34877440;575565824;0;0;0;0;0;0;0;0;0;0;0;2414;0;0;0;0;0;0;
28891;4599916;621072384;34877440;575565824;0;0;0;0;0;0;0;0;0;0;0;2695;0;0;0;0;0;0;
28892;3015886;621072384;34877440;575565824;0;0;0;0;0;0;0;0;0;0;0;3346;0;0;0;0;0;0;
28893;4736001;621072384;34877440;575565824;0;0;0;0;0;0;0;0;0;0;0;2916;0;0;0;0;0;0;
28894;3220570;621072384;34877440;575565824;0;0;0;0;0;0;0;0;0;0;0;3206;0;0;0;0;0;0;
28895;4820520;621072384;34877440;575565824;0;0;0;0;0;0;0;0;0;0;0;2906;0;0;0;0;0;0;
28896;3132214;621072384;34877440;575565824;0;0;0;0;0;0;0;0;0;0;0;3356;0;0;0;0;0;0;
28897;4419839;621072384;34877440;575565824;0;0;0;0;0;0;0;0;0;0;0;3347;0;0;0;0;0;0;
28898;3194161;621072384;34877440;575565824;0;0;0;0;0;0;0;0;0;0;0;3015;0;0;0;0;0;0;
28899;4750779;621072384;34877440;575565824;0;0;0;0;0;0;0;0;0;0;0;3387;0;0;0;0;0;0;
28900;3616973;621072384;34877440;575565824;0;0;0;0;0;0;0;0;0;0;0;3517;0;0;0;0;0;0;
28901;4355459;621072384;34877440;575565824;0;0;0;0;0;0;0;0;0;0;0;2775;0;0;0;0;0;0;
28902;3544307;621072384;34877440;575565824;0;0;0;0;0;0;0;0;0;0;0;2364;0;0;0;0;0;0;
28903;4507293;621072384;34877440;575565824;0;0;0;0;0;0;0;0;0;0;0;2485;0;0;0;0;0;0;
28904;3748701;621072384;34877440;575565824;0;0;0;0;0;0;0;0;0;0;0;3236;0;0;0;0;0;0;
28905;4520828;621072384;34877440;575565824;0;0;0;0;0;0;0;0;0;0;0;3026;0;0;0;0;0;0;
28906;3820715;621072384;34877440;575565824;0;0;0;0;0;0;0;0;0;0;0;3537;0;0;0;0;0;0;
28907;4864363;621072384;34877440;575565824;0;0;0;0;0;0;0;0;0;0;0;2645;0;0;0;0;0;0;
28908;3795779;621072384;34877440;575565824;0;0;0;0;0;0;0;0;0;0;0;3707;0;0;0;0;0;0;
28909;4929394;621072384;34877440;575565824;0;0;0;0;0;0;0;0;0;0;0;2234;0;0;0;0;0;0;
28910;4209023;621072384;34877440;575565824;0;0;0;0;0;0;0;0;0;0;0;3898;0;0;0;0;0;0;
28911;4781477;621072384;34877440;575565824;0;0;0;0;0;0;0;0;0;0;0;2685;0;0;0;0;0;0;
28912;3867704;621072384;34877440;575565824;0;0;0;0;0;0;0;0;0;0;0;3557;0;0;0;0;0;0;
28913;5121235;621072384;34877440;575565824;0;0;0;0;0;0;0;0;0;0;0;4137;0;0;0;0;0;0;
28914;4155133;621072384;34877440;575565824;0;0;0;0;0;0;0;0;0;0;0;3606;0;0;0;0;0;0;
28915;5357668;621072384;34877440;575565824;0;0;0;0;0;0;0;0;0;0;0;3847;0;0;0;0;0;0;
28916;4944503;621072384;34877440;575565824;0;0;0;0;0;0;0;0;0;0;0;3667;0;0;0;0;0;0;
28917;5266226;621072384;34877440;575565824;0;0;0;0;0;0;0;0;0;0;0;4298;0;0;0;0;0;0;
28918;4048642;621072384;34877440;575565824;0;0;0;0;0;0;0;0;0;0;0;3687;0;0;0;0;0;0;
28919;4964942;621072384;34877440;575565824;0;0;0;0;0;0;0;0;0;0;0;3827;0;0;0;0;0;0;
28920;3523848;621072384;34877440;575565824;0;0;0;0;0;0;0;0;0;0;0;3266;0;0;0;0;0;0;
28921;5087631;621072384;34877440;575565824;0;0;0;0;0;0;0;0;0;0;0;3437;0;0;0;0;0;0;
28922;3355102;621072384;34877440;575565824;0;0;0;0;0;0;0;0;0;0;0;4278;0;0;0;0;0;0;
28923;5439791;621072384;34877440;575565824;0;0;0;0;0;0;0;0;0;0;0;3947;0;0;0;0;0;0;
28924;3867163;621072384;34877440;575565824;0;0;0;0;0;0;0;0;0;0;0;3747;0;0;0;0;0;0;
28925;4463340;621072384;34877440;575565824;0;0;0;0;0;0;0;0;0;0;0;3256;0;0;0;0;0;0;
28926;3110504;621072384;34877440;575565824;0;0;0;0;0;0;0;0;0;0;0;3476;0;0;0;0;0;0;
28927;4879481;621072384;34877440;575565824;0;0;0;0;0;0;0;0;0;0;0;4168;0;0;0;0;0;0;
28928;2860795;621072384;34877440;575565824;0;0;0;0;0;0;0;0;0;0;0;5941;0;0;0;0;0;0;
28929;4674486;621072384;34877440;575565824;0;0;0;0;0;0;0;0;0;0;0;2775;0;0;0;0;0;0;
28930;2733106;621072384;34877440;575565824;0;0;0;0;0;0;0;0;0;0;0;3376;0;0;0;0;0;0;
28931;4856428;621072384;34877440;575565824;0;0;0;0;0;0;0;0;0;0;0;3617;0;0;0;0;0;0;
28932;2870964;621072384;34877440;575565824;0;0;0;0;0;0;0;0;0;0;0;2915;0;0;0;0;0;0;
28933;4710724;621072384;34877440;575565824;0;0;0;0;0;0;0;0;0;0;0;3146;0;0;0;0;0;0;
28934;3405266;621072384;34877440;575565824;0;0;0;0;0;0;0;0;0;0;0;3597;0;0;0;0;0;0;
28935;4958769;621072384;34877440;575565824;0;0;0;0;0;0;0;0;0;0;0;3146;0;0;0;0;0;0;
28936;3724475;621072384;34877440;575565824;0;0;0;0;0;0;0;0;0;0;0;4258;0;0;0;0;0;0;
28937;5016167;621072384;34877440;575565824;0;0;0;0;0;0;0;0;0;0;0;3246;0;0;0;0;0;0;
28938;4459703;621072384;34877440;575565824;0;0;0;0;0;0;0;0;0;0;0;4388;0;0;0;0;0;0;
28939;4772349;621072384;34877440;575565824;0;0;0;0;0;0;0;0;0;0;0;2855;0;0;0;0;0;0;
28940;4718389;621072384;34877440;575565824;0;0;0;0;0;0;0;0;0;0;0;4228;0;0;0;0;0;0;
28941;5064187;621072384;34877440;575565824;0;0;0;0;0;0;0;0;0;0;0;3626;0;0;0;0;0;0;
28942;3942373;621072384;34877440;575565824;0;0;0;0;0;0;0;0;0;0;0;4468;0;0;0;0;0;0;
28943;4676099;621072384;34877440;575565824;0;0;0;0;0;0;0;0;0;0;0;2825;0;0;0;0;0;0;
28944;3848617;621072384;34877440;575565824;0;0;0;0;0;0;0;0;0;0;0;4328;0;0;0;0;0;0;
28945;4870243;621072384;34877440;575565824;0;0;0;0;0;0;0;0;0;0;0;3266;0;0;0;0;0;0;
28946;4045066;621072384;34877440;575565824;0;0;0;0;0;0;0;0;0;0;0;3526;0;0;0;0;0;0;
28947;5453187;621072384;34877440;575565824;0;0;0;0;0;0;0;0;0;0;0;4078;0;0;0;0;0;0;
28948;4067949;621072384;34877440;575565824;0;0;0;0;0;0;0;0;0;0;0;4128;0;0;0;0;0;0;
28949;5107729;621072384;34877440;575565824;0;0;0;0;0;0;0;0;0;0;0;4358;0;0;0;0;0;0;
28950;4226957;621072384;34877440;575565824;0;0;0;0;0;0;0;0;0;0;0;3517;0;0;0;0;0;0;
28951;4804831;621072384;34877440;575565824;0;0;0;0;0;0;0;0;0;0;0;3337;0;0;0;0;0;0;
28952;3714686;621072384;34877440;575565824;0;0;0;0;0;0;0;0;0;0;0;3587;0;0;0;0;0;0;
28953;4743716;621072384;34877440;575565824;0;0;0;0;0;0;0;0;0;0;0;2605;0;0;0;0;0;0;
28954;4340109;621072384;34877440;575565824;0;0;0;0;0;0;0;0;0;0;0;4819;0;0;0;0;0;0;
28955;4711115;621072384;34877440;575565824;0;0;0;0;0;0;0;0;0;0;0;2335;0;0;0;0;0;0;
28956;4000663;621072384;34877440;575565824;0;0;0;0;0;0;0;0;0;0;0;3757;0;0;0;0;0;0;
28957;4847491;621072384;34877440;575565824;0;0;0;0;0;0;0;0;0;0;0;2625;0;0;0;0;0;0;
28958;3405757;621072384;34877440;575565824;0;0;0;0;0;0;0;0;0;0;0;3757;0;0;0;0;0;0;
28959;4319521;621072384;34877440;575565824;0;0;0;0;0;0;0;0;0;0;0;2014;0;0;0;0;0;0;
28960;4215886;621072384;34877440;575565824;0;0;0;0;0;0;0;0;0;0;0;4548;0;0;0;0;0;0;
28961;5112207;621072384;34877440;575565824;0;0;0;0;0;0;0;0;0;0;0;3567;0;0;0;0;0;0;
28962;4388370;621072384;34877440;575565824;0;0;0;0;0;0;0;0;0;0;0;4469;0;0;0;0;0;0;
28963;5436365;621072384;34877440;575565824;0;0;0;0;0;0;0;0;0;0;0;4578;0;0;0;0;0;0;
28964;5487280;621072384;34877440;575565824;0;0;0;0;0;0;0;0;0;0;0;6322;0;0;0;0;0;0;
28965;5299008;621072384;34877440;575565824;0;0;0;0;0;0;0;0;0;0;0;4659;0;0;0;0;0;0;
28966;5635659;621072384;34877440;575565824;0;0;0;0;0;0;0;0;0;0;0;3396;0;0;0;0;0;0;
28967;4986912;621072384;34877440;575565824;0;0;0;0;0;0;0;0;0;0;0;3095;0;0;0;0;0;0;
28968;3998659;621072384;34877440;575565824;0;0;0;0;0;0;0;0;0;0;0;5951;0;0;0;0;0;0;
28969;5754802;621072384;34877440;575565824;0;0;0;0;0;0;0;0;0;0;0;4538;0;0;0;0;0;0;
28970;4984618;621072384;34877440;575565824;0;0;0;0;0;0;0;0;0;0;0;5040;0;0;0;0;0;0;
28971;5452155;621072384;34877440;575565824;0;0;0;0;0;0;0;0;0;0;0;3276;0;0;0;0;0;0;
28972;4736443;621072384;34877440;575565824;0;0;0;0;0;0;0;0;0;0;0;4439;0;0;0;0;0;0;
28973;5800027;621072384;34877440;575565824;0;0;0;0;0;0;0;0;0;0;0;4498;0;0;0;0;0;0;
28974;4870905;621072384;34877440;575565824;0;0;0;0;0;0;0;0;0;0;0;3557;0;0;0;0;0;0;
28975;5447517;621072384;34877440;575565824;0;0;0;0;0;0;0;0;0;0;0;3306;0;0;0;0;0;0;
28976;3831205;621072384;34877440;575565824;0;0;0;0;0;0;0;0;0;0;0;3727;0;0;0;0;0;0;
28977;4992853;621072384;34877440;575565824;0;0;0;0;0;0;0;0;0;0;0;3346;0;0;0;0;0;0;
28978;3709387;621072384;34877440;575565824;0;0;0;0;0;0;0;0;0;0;0;3657;0;0;0;0;0;0;
28979;5509473;621072384;34877440;575565824;0;0;0;0;0;0;0;0;0;0;0;4919;0;0;0;0;0;0;
28980;4614444;621072384;34877440;575565824;0;0;0;0;0;0;0;0;0;0;0;4879;0;0;0;0;0;0;
28981;4841169;621072384;34877440;575565824;0;0;0;0;0;0;0;0;0;0;0;3256;0;0;0;0;0;0;
28982;4624272;621072384;34877440;575565824;0;0;0;0;0;0;0;0;0;0;0;3145;0;0;0;0;0;0;
28983;4540846;621072384;34877440;575565824;0;0;0;0;0;0;0;0;0;0;0;1994;0;0;0;0;0;0;
28984;3848427;621072384;34877440;575565824;0;0;0;0;0;0;0;0;0;0;0;3677;0;0;0;0;0;0;
28985;4490862;621072384;34877440;575565824;0;0;0;0;0;0;0;0;0;0;0;2935;0;0;0;0;0;0;
28986;3792472;621072384;34877440;575565824;0;0;0;0;0;0;0;0;0;0;0;3506;0;0;0;0;0;0;
28987;4615927;621072384;34877440;575565824;0;0;0;0;0;0;0;0;0;0;0;2274;0;0;0;0;0;0;
28988;3647701;621072384;34877440;575565824;0;0;0;0;0;0;0;0;0;0;0;3616;0;0;0;0;0;0;
28989;4698161;621072384;34877440;575565824;0;0;0;0;0;0;0;0;0;0;0;2565;0;0;0;0;0;0;
28990;5249735;621072384;34877440;575565824;0;0;0;0;0;0;0;0;0;0;0;3587;0;0;0;0;0;0;
28991;4879651;621072384;34877440;575565824;0;0;0;0;0;0;0;0;0;0;0;3406;0;0;0;0;0;0;
28992;4707879;621072384;34877440;575565824;0;0;0;0;0;0;0;0;0;0;0;4689;0;0;0;0;0;0;
28993;4922021;621072384;34877440;575565824;0;0;0;0;0;0;0;0;0;0;0;4168;0;0;0;0;0;0;
28994;4459653;621072384;34877440;575565824;0;0;0;0;0;0;0;0;0;0;0;4238;0;0;0;0;0;0;
28995;5146642;621072384;34877440;575565824;0;0;0;0;0;0;0;0;0;0;0;4719;0;0;0;0;0;0;
28996;4796866;621072384;34877440;575565824;0;0;0;0;0;0;0;0;0;0;0;4469;0;0;0;0;0;0;
28997;5162041;621072384;34877440;575565824;0;0;0;0;0;0;0;0;0;0;0;3517;0;0;0;0;0;0;
28998;4452170;621072384;34877440;575565824;0;0;0;0;0;0;0;0;0;0;0;4689;0;0;0;0;0;0;
28999;4989938;621072384;34877440;575565824;0;0;0;0;0;0;0;0;0;0;0;3286;0;0;0;0;0;0;
29000;13339056;621072384;34877440;575565824;0;0;0;0;0;0;0;0;0;0;0;4178;0;0;0;0;0;0;
29001;5126164;621072384;34877440;575565824;0;0;0;0;0;0;0;0;0;0;0;5179;0;0;0;0;0;0;
29002;4730562;621072384;34877440;575565824;0;0;0;0;0;0;0;0;0;0;0;4588;0;0;0;0;0;0;
29003;5030564;621072384;34877440;575565824;0;0;0;0;0;0;0;0;0;0;0;4398;0;0;0;0;0;0;
29004;4422023;621072384;34877440;575565824;0;0;0;0;0;0;0;0;0;0;0;5059;0;0;0;0;0;0;
29005;4862979;621072384;34877440;575565824;0;0;0;0;0;0;0;0;0;0;0;3397;0;0;0;0;0;0;
29006;4512412;621072384;34877440;575565824;0;0;0;0;0;0;0;0;0;0;0;3887;0;0;0;0;0;0;
29007;4593614;621072384;34877440;575565824;0;0;0;0;0;0;0;0;0;0;0;3176;0;0;0;0;0;0;
29008;4034276;621072384;34877440;575565824;0;0;0;0;0;0;0;0;0;0;0;3717;0;0;0;0;0;0;
29009;4860115;621072384;34877440;575565824;0;0;0;0;0;0;0;0;0;0;0;3146;0;0;0;0;0;0;
29010;5751507;621072384;34877440;575565824;0;0;0;0;0;0;0;0;0;0;0;4669;0;0;0;0;0;0;
29011;5750223;621072384;34877440;575565824;0;0;0;0;0;0;0;0;0;0;0;5070;0;0;0;0;0;0;
29012;5639316;621072384;34877440;575565824;0;0;0;0;0;0;0;0;0;0;0;5800;0;0;0;0;0;0;
29013;5207587;621072384;34877440;575565824;0;0;0;0;0;0;0;0;0;0;0;4278;0;0;0;0;0;0;
29014;5330516;621072384;34877440;575565824;0;0;0;0;0;0;0;0;0;0;0;4880;0;0;0;0;0;0;
29015;5675774;621072384;34877440;575565824;0;0;0;0;0;0;0;0;0;0;0;4578;0;0;0;0;0;0;
29016;3519961;621072384;34877440;575565824;0;0;0;0;0;0;0;0;0;0;0;3657;0;0;0;0;0;0;
29017;5052415;621072384;34877440;575565824;0;0;0;0;0;0;0;0;0;0;0;2936;0;0;0;0;0;0;
29018;3556991;621072384;34877440;575565824;0;0;0;0;0;0;0;0;0;0;0;4007;0;0;0;0;0;0;
29019;4882877;621072384;34877440;575565824;0;0;0;0;0;0;0;0;0;0;0;3246;0;0;0;0;0;0;
29020;3681895;621072384;34877440;575565824;0;0;0;0;0;0;0;0;0;0;0;3456;0;0;0;0;0;0;
29021;4794962;621072384;34877440;575565824;0;0;0;0;0;0;0;0;0;0;0;2975;0;0;0;0;0;0;
29022;4733917;621072384;34877440;575565824;0;0;0;0;0;0;0;0;0;0;0;5110;0;0;0;0;0;0;
29023;5610312;621072384;34877440;575565824;0;0;0;0;0;0;0;0;0;0;0;5300;0;0;0;0;0;0;
29024;5356696;621072384;34877440;575565824;0;0;0;0;0;0;0;0;0;0;0;3918;0;0;0;0;0;0;
29025;5011338;621072384;34877440;575565824;0;0;0;0;0;0;0;0;0;0;0;3898;0;0;0;0;0;0;
29026;4280497;621072384;34877440;575565824;0;0;0;0;0;0;0;0;0;0;0;4117;0;0;0;0;0;0;
29027;4944412;621072384;34877440;575565824;0;0;0;0;0;0;0;0;0;0;0;2946;0;0;0;0;0;0;
29028;4421772;621072384;34877440;575565824;0;0;0;0;0;0;0;0;0;0;0;3497;0;0;0;0;0;0;
29029;4808387;621072384;34877440;575565824;0;0;0;0;0;0;0;0;0;0;0;2746;0;0;0;0;0;0;
29030;4129374;621072384;34877440;575565824;0;0;0;0;0;0;0;0;0;0;0;3406;0;0;0;0;0;0;
29031;4840538;621072384;34877440;575565824;0;0;0;0;0;0;0;0;0;0;0;1854;0;0;0;0;0;0;
29032;4738787;621072384;34877440;575565824;0;0;0;0;0;0;0;0;0;0;0;4649;0;0;0;0;0;0;
29033;5263641;621072384;34877440;575565824;0;0;0;0;0;0;0;0;0;0;0;5921;0;0;0;0;0;0;
29034;4759876;621072384;34877440;575565824;0;0;0;0;0;0;0;0;0;0;0;5530;0;0;0;0;0;0;
29035;5898312;621072384;34877440;575565824;0;0;0;0;0;0;0;0;0;0;0;4939;0;0;0;0;0;0;
29036;5386161;621072384;34877440;575565824;0;0;0;0;0;0;0;0;0;0;0;4167;0;0;0;0;0;0;
29037;5312523;621072384;34877440;575565824;0;0;0;0;0;0;0;0;0;0;0;3296;0;0;0;0;0;0;
29038;4781437;621072384;34877440;575565824;0;0;0;0;0;0;0;0;0;0;0;4679;0;0;0;0;0;0;
29039;5827439;621072384;34877440;575565824;0;0;0;0;0;0;0;0;0;0;0;4939;0;0;0;0;0;0;
29040;5544949;621072384;34877440;575565824;0;0;0;0;0;0;0;0;0;0;0;4248;0;0;0;0;0;0;
29041;5510474;621072384;34877440;575565824;0;0;0;0;0;0;0;0;0;0;0;3857;0;0;0;0;0;0;
29042;3399746;621072384;34877440;575565824;0;0;0;0;0;0;0;0;0;0;0;3437;0;0;0;0;0;0;
29043;5051403;621072384;34877440;575565824;0;0;0;0;0;0;0;0;0;0;0;3406;0;0;0;0;0;0;
29044;3796931;621072384;34877440;575565824;0;0;0;0;0;0;0;0;0;0;0;4429;0;0;0;0;0;0;
29045;5222534;621072384;34877440;575565824;0;0;0;0;0;0;0;0;0;0;0;5039;0;0;0;0;0;0;
29046;4500561;621072384;34877440;575565824;0;0;0;0;0;0;0;0;0;0;0;4719;0;0;0;0;0;0;
29047;5112869;621072384;34877440;575565824;0;0;0;0;0;0;0;0;0;0;0;4017;0;0;0;0;0;0;
29048;4562777;621072384;34877440;575565824;0;0;0;0;0;0;0;0;0;0;0;4538;0;0;0;0;0;0;
29049;5614660;621072384;34877440;575565824;0;0;0;0;0;0;0;0;0;0;0;5340;0;0;0;0;0;0;
29050;4320042;621072384;34877440;575565824;0;0;0;0;0;0;0;0;0;0;0;3857;0;0;0;0;0;0;
29051;5605954;621072384;34877440;575565824;0;0;0;0;0;0;0;0;0;0;0;3988;0;0;0;0;0;0;
29052;3235037;621072384;34877440;575565824;0;0;0;0;0;0;0;0;0;0;0;4007;0;0;0;0;0;0;
29053;5006338;621072384;34877440;575565824;0;0;0;0;0;0;0;0;0;0;0;3406;0;0;0;0;0;0;
29054;3763468;621072384;34877440;575565824;0;0;0;0;0;0;0;0;0;0;0;4519;0;0;0;0;0;0;
29055;4965752;621072384;34877440;575565824;0;0;0;0;0;0;0;0;0;0;0;3918;0;0;0;0;0;0;
29056;4181983;621072384;34877440;575565824;0;0;0;0;0;0;0;0;0;0;0;3807;0;0;0;0;0;0;
29057;5922166;621072384;34877440;575565824;0;0;0;0;0;0;0;0;0;0;0;4368;0;0;0;0;0;0;
29058;4936859;621072384;34877440;575565824;0;0;0;0;0;0;0;0;0;0;0;4819;0;0;0;0;0;0;
29059;5245598;621072384;34877440;575565824;0;0;0;0;0;0;0;0;0;0;0;3126;0;0;0;0;0;0;
29060;5561700;621072384;34877440;575565824;0;0;0;0;0;0;0;0;0;0;0;4839;0;0;0;0;0;0;
29061;5429933;621072384;34877440;575565824;0;0;0;0;0;0;0;0;0;0;0;4869;0;0;0;0;0;0;
29062;5637002;621072384;34877440;575565824;0;0;0;0;0;0;0;0;0;0;0;4588;0;0;0;0;0;0;
29063;5850422;621072384;34877440;575565824;0;0;0;0;0;0;0;0;0;0;0;4899;0;0;0;0;0;0;
29064;5545160;621072384;34877440;575565824;0;0;0;0;0;0;0;0;0;0;0;5350;0;0;0;0;0;0;
29065;5393485;621072384;34877440;575565824;0;0;0;0;0;0;0;0;0;0;0;3436;0;0;0;0;0;0;
29066;5008804;621072384;34877440;575565824;0;0;0;0;0;0;0;0;0;0;0;4469;0;0;0;0;0;0;
29067;5700150;621072384;34877440;575565824;0;0;0;0;0;0;0;0;0;0;0;4509;0;0;0;0;0;0;
29068;4812786;621072384;34877440;575565824;0;0;0;0;0;0;0;0;0;0;0;5009;0;0;0;0;0;0;
29069;5217665;621072384;34877440;575565824;0;0;0;0;0;0;0;0;0;0;0;4359;0;0;0;0;0;0;
29070;4638059;621072384;34877440;575565824;0;0;0;0;0;0;0;0;0;0;0;5701;0;0;0;0;0;0;
29071;5172631;621072384;34877440;575565824;0;0;0;0;0;0;0;0;0;0;0;4338;0;0;0;0;0;0;
29072;4921770;621072384;34877440;575565824;0;0;0;0;0;0;0;0;0;0;0;4208;0;0;0;0;0;0;
29073;4797758;621072384;34877440;575565824;0;0;0;0;0;0;0;0;0;0;0;4718;0;0;0;0;0;0;
29074;4728247;621072384;34877440;575565824;0;0;0;0;0;0;0;0;0;0;0;4468;0;0;0;0;0;0;
29075;5398925;621072384;34877440;575565824;0;0;0;0;0;0;0;0;0;0;0;3867;0;0;0;0;0;0;
29076;4939564;621072384;34877440;575565824;0;0;0;0;0;0;0;0;0;0;0;3947;0;0;0;0;0;0;
29077;5532676;621072384;34877440;575565824;0;0;0;0;0;0;0;0;0;0;0;3647;0;0;0;0;0;0;
29078;4494288;621072384;34877440;575565824;0;0;0;0;0;0;0;0;0;0;0;5179;0;0;0;0;0;0;
29079;4878319;621072384;34877440;575565824;0;0;0;0;0;0;0;0;0;0;0;3326;0;0;0;0;0;0;
29080;4640843;621072384;34877440;575565824;0;0;0;0;0;0;0;0;0;0;0;4839;0;0;0;0;0;0;
29081;5718615;621072384;34881536;575569920;0;0;0;0;0;0;0;0;0;0;0;4378;0;0;0;0;0;0;
29082;5289039;621072384;34885632;575574016;0;0;0;0;0;0;0;0;0;0;0;5130;0;0;0;0;0;0;
29083;5991035;621072384;34885632;575574016;0;0;0;0;0;0;0;0;0;0;0;5240;0;0;0;0;0;0;
29084;5677938;621072384;34885632;575574016;0;0;0;0;0;0;0;0;0;0;0;4429;0;0;0;0;0;0;
29085;5541763;621072384;34885632;575574016;0;0;0;0;0;0;0;0;0;0;0;3927;0;0;0;0;0;0;
29086;4506762;621072384;34885632;575574016;0;0;0;0;0;0;0;0;0;0;0;4708;0;0;0;0;0;0;
29087;5243824;621072384;34885632;575574016;0;0;0;0;0;0;0;0;0;0;0;4208;0;0;0;0;0;0;
29088;5027689;621072384;34877440;575565824;0;0;0;0;0;0;0;0;0;0;0;4268;0;0;0;0;0;0;
29089;5118890;621072384;34877440;575565824;0;0;0;0;0;0;0;0;0;0;0;3306;0;0;0;0;0;0;
29090;4339318;621072384;34877440;575565824;0;0;0;0;0;0;0;0;0;0;0;3467;0;0;0;0;0;0;
29091;4578597;621072384;34877440;575565824;0;0;0;0;0;0;0;0;0;0;0;2786;0;0;0;0;0;0;
29092;4748115;621072384;34877440;575565824;0;0;0;0;0;0;0;0;0;0;0;4609;0;0;0;0;0;0;
29093;5011960;621072384;34877440;575565824;0;0;0;0;0;0;0;0;0;0;0;3416;0;0;0;0;0;0;
29094;3915554;621072384;34877440;575565824;0;0;0;0;0;0;0;0;0;0;0;5190;0;0;0;0;0;0;
29095;4579699;621072384;34877440;575565824;0;0;0;0;0;0;0;0;0;0;0;2334;0;0;0;0;0;0;
29096;4268775;621072384;34877440;575565824;0;0;0;0;0;0;0;0;0;0;0;4829;0;0;0;0;0;0;
29097;5530582;621072384;34877440;575565824;0;0;0;0;0;0;0;0;0;0;0;3677;0;0;0;0;0;0;
29098;4537029;621072384;34877440;575565824;0;0;0;0;0;0;0;0;0;0;0;3827;0;0;0;0;0;0;
29099;4909658;621072384;34877440;575565824;0;0;0;0;0;0;0;0;0;0;0;2204;0;0;0;0;0;0;
29100;3627383;621072384;34877440;575565824;0;0;0;0;0;0;0;0;0;0;0;4158;0;0;0;0;0;0;
29101;4744749;621072384;34877440;575565824;0;0;0;0;0;0;0;0;0;0;0;2895;0;0;0;0;0;0;
29102;3423480;621072384;34877440;575565824;0;0;0;0;0;0;0;0;0;0;0;3326;0;0;0;0;0;0;
29103;4447902;621072384;34877440;575565824;0;0;0;0;0;0;0;0;0;0;0;2405;0;0;0;0;0;0;
29104;3804335;621072384;34877440;575565824;0;0;0;0;0;0;0;0;0;0;0;4559;0;0;0;0;0;0;
29105;4705986;621072384;34877440;575565824;0;0;0;0;0;0;0;0;0;0;0;2815;0;0;0;0;0;0;
29106;3597216;621072384;34877440;575565824;0;0;0;0;0;0;0;0;0;0;0;4349;0;0;0;0;0;0;
29107;5394246;621072384;34877440;575565824;0;0;0;0;0;0;0;0;0;0;0;2926;0;0;0;0;0;0;
29108;4450938;621072384;34877440;575565824;0;0;0;0;0;0;0;0;0;0;0;5240;0;0;0;0;0;0;
29109;5305059;621072384;34877440;575565824;0;0;0;0;0;0;0;0;0;0;0;3967;0;0;0;0;0;0;
29110;4529044;621072384;34877440;575565824;0;0;0;0;0;0;0;0;0;0;0;5010;0;0;0;0;0;0;
29111;5481530;621072384;34877440;575565824;0;0;0;0;0;0;0;0;0;0;0;3808;0;0;0;0;0;0;
29112;4144703;621072384;34877440;575565824;0;0;0;0;0;0;0;0;0;0;0;3717;0;0;0;0;0;0;
29113;5164385;621072384;34877440;575565824;0;0;0;0;0;0;0;0;0;0;0;4589;0;0;0;0;0;0;
29114;3596565;621072384;34877440;575565824;0;0;0;0;0;0;0;0;0;0;0;4338;0;0;0;0;0;0;
29115;5916766;621072384;34877440;575565824;0;0;0;0;0;0;0;0;0;0;0;5651;0;0;0;0;0;0;
29116;4459794;621072384;34877440;575565824;0;0;0;0;0;0;0;0;0;0;0;3817;0;0;0;0;0;0;
29117;5631782;621072384;34877440;575565824;0;0;0;0;0;0;0;0;0;0;0;4949;0;0;0;0;0;0;
29118;4480453;621072384;34877440;575565824;0;0;0;0;0;0;0;0;0;0;0;2986;0;0;0;0;0;0;
29119;5157453;621072384;34877440;575565824;0;0;0;0;0;0;0;0;0;0;0;2294;0;0;0;0;0;0;
29120;3626862;621072384;34877440;575565824;0;0;0;0;0;0;0;0;0;0;0;3968;0;0;0;0;0;0;
29121;4578406;621072384;34877440;575565824;0;0;0;0;0;0;0;0;0;0;0;2344;0;0;0;0;0;0;
29122;4844125;621072384;34877440;575565824;0;0;0;0;0;0;0;0;0;0;0;4158;0;0;0;0;0;0;
29123;5026667;621072384;34877440;575565824;0;0;0;0;0;0;0;0;0;0;0;3497;0;0;0;0;0;0;
29124;4962347;621072384;34877440;575565824;0;0;0;0;0;0;0;0;0;0;0;4559;0;0;0;0;0;0;
29125;5550530;621072384;34877440;575565824;0;0;0;0;0;0;0;0;0;0;0;2895;0;0;0;0;0;0;
29126;5022298;621072384;34877440;575565824;0;0;0;0;0;0;0;0;0;0;0;4499;0;0;0;0;0;0;
29127;5738973;621072384;34877440;575565824;0;0;0;0;0;0;0;0;0;0;0;5179;0;0;0;0;0;0;
29128;4944783;621072384;34877440;575565824;0;0;0;0;0;0;0;0;0;0;0;6673;0;0;0;0;0;0;
29129;4995008;621072384;34877440;575565824;0;0;0;0;0;0;0;0;0;0;0;5010;0;0;0;0;0;0;
29130;4237336;621072384;34877440;575565824;0;0;0;0;0;0;0;0;0;0;0;4148;0;0;0;0;0;0;
29131;5276024;621072384;34877440;575565824;0;0;0;0;0;0;0;0;0;0;0;4268;0;0;0;0;0;0;
29132;4998053;621072384;34877440;575565824;0;0;0;0;0;0;0;0;0;0;0;4549;0;0;0;0;0;0;
29133;5925122;621072384;34877440;575565824;0;0;0;0;0;0;0;0;0;0;0;4969;0;0;0;0;0;0;
29134;5200303;621072384;34877440;575565824;0;0;0;0;0;0;0;0;0;0;0;4448;0;0;0;0;0;0;
29135;5219929;621072384;34877440;575565824;0;0;0;0;0;0;0;0;0;0;0;4248;0;0;0;0;0;0;
29136;5005998;621072384;34877440;575565824;0;0;0;0;0;0;0;0;0;0;0;4318;0;0;0;0;0;0;
29137;5139268;621072384;34877440;575565824;0;0;0;0;0;0;0;0;0;0;0;3827;0;0;0;0;0;0;
29138;4726544;621072384;34877440;575565824;0;0;0;0;0;0;0;0;0;0;0;4489;0;0;0;0;0;0;
29139;5392453;621072384;34877440;575565824;0;0;0;0;0;0;0;0;0;0;0;4168;0;0;0;0;0;0;
29140;4696097;621072384;34877440;575565824;0;0;0;0;0;0;0;0;0;0;0;4469;0;0;0;0;0;0;
29141;5581027;621072384;34877440;575565824;0;0;0;0;0;0;0;0;0;0;0;5100;0;0;0;0;0;0;
29142;5212595;621072384;34877440;575565824;0;0;0;0;0;0;0;0;0;0;0;5009;0;0;0;0;0;0;
29143;5144427;621072384;34877440;575565824;0;0;0;0;0;0;0;0;0;0;0;4829;0;0;0;0;0;0;
29144;4083889;621072384;34877440;575565824;0;0;0;0;0;0;0;0;0;0;0;4288;0;0;0;0;0;0;
29145;5248283;621072384;34877440;575565824;0;0;0;0;0;0;0;0;0;0;0;3997;0;0;0;0;0;0;
29146;4806444;621072384;34877440;575565824;0;0;0;0;0;0;0;0;0;0;0;4549;0;0;0;0;0;0;
29147;4740269;621072384;34877440;575565824;0;0;0;0;0;0;0;0;0;0;0;3717;0;0;0;0;0;0;
29148;4446780;621072384;34877440;575565824;0;0;0;0;0;0;0;0;0;0;0;4038;0;0;0;0;0;0;
29149;5156991;621072384;34877440;575565824;0;0;0;0;0;0;0;0;0;0;0;3797;0;0;0;0;0;0;
29150;4022103;621072384;34877440;575565824;0;0;0;0;0;0;0;0;0;0;0;4158;0;0;0;0;0;0;
29151;5712333;621072384;34877440;575565824;0;0;0;0;0;0;0;0;0;0;0;4058;0;0;0;0;0;0;
29152;4221337;621072384;34877440;575565824;0;0;0;0;0;0;0;0;0;0;0;5340;0;0;0;0;0;0;
29153;5083474;621072384;34877440;575565824;0;0;0;0;0;0;0;0;0;0;0;3256;0;0;0;0;0;0;
29154;4544953;621072384;34877440;575565824;0;0;0;0;0;0;0;0;0;0;0;4137;0;0;0;0;0;0;
29155;5003043;621072384;34877440;575565824;0;0;0;0;0;0;0;0;0;0;0;3206;0;0;0;0;0;0;
29156;4129143;621072384;34877440;575565824;0;0;0;0;0;0;0;0;0;0;0;4138;0;0;0;0;0;0;
29157;4932761;621072384;34877440;575565824;0;0;0;0;0;0;0;0;0;0;0;3226;0;0;0;0;0;0;
29158;3401810;621072384;34877440;575565824;0;0;0;0;0;0;0;0;0;0;0;3035;0;0;0;0;0;0;
29159;4903446;621072384;34877440;575565824;0;0;0;0;0;0;0;0;0;0;0;2335;0;0;0;0;0;0;
29160;3735325;621072384;34877440;575565824;0;0;0;0;0;0;0;0;0;0;0;3897;0;0;0;0;0;0;
29161;4519405;621072384;34877440;575565824;0;0;0;0;0;0;0;0;0;0;0;3176;0;0;0;0;0;0;
29162;3605461;621072384;34877440;575565824;0;0;0;0;0;0;0;0;0;0;0;3817;0;0;0;0;0;0;
29163;4874672;621072384;34877440;575565824;0;0;0;0;0;0;0;0;0;0;0;2615;0;0;0;0;0;0;
29164;3883964;621072384;34877440;575565824;0;0;0;0;0;0;0;0;0;0;0;3677;0;0;0;0;0;0;
29165;4509217;621072384;34877440;575565824;0;0;0;0;0;0;0;0;0;0;0;2595;0;0;0;0;0;0;
29166;3509783;621072384;34877440;575565824;0;0;0;0;0;0;0;0;0;0;0;3577;0;0;0;0;0;0;
29167;4360969;621072384;34877440;575565824;0;0;0;0;0;0;0;0;0;0;0;2615;0;0;0;0;0;0;
29168;3648973;621072384;34877440;575565824;0;0;0;0;0;0;0;0;0;0;0;4659;0;0;0;0;0;0;
29169;4758664;621072384;34877440;575565824;0;0;0;0;0;0;0;0;0;0;0;2505;0;0;0;0;0;0;
29170;3841805;621072384;34877440;575565824;0;0;0;0;0;0;0;0;0;0;0;3657;0;0;0;0;0;0;
29171;4720523;621072384;34877440;575565824;0;0;0;0;0;0;0;0;0;0;0;2575;0;0;0;0;0;0;
29172;3621522;621072384;34877440;575565824;0;0;0;0;0;0;0;0;0;0;0;3376;0;0;0;0;0;0;
29173;4743115;621072384;34877440;575565824;0;0;0;0;0;0;0;0;0;0;0;2184;0;0;0;0;0;0;
29174;4140335;621072384;34877440;575565824;0;0;0;0;0;0;0;0;0;0;0;4328;0;0;0;0;0;0;
29175;4870925;621072384;34877440;575565824;0;0;0;0;0;0;0;0;0;0;0;3206;0;0;0;0;0;0;
29176;4192723;621072384;34877440;575565824;0;0;0;0;0;0;0;0;0;0;0;4128;0;0;0;0;0;0;
29177;5500556;621072384;34877440;575565824;0;0;0;0;0;0;0;0;0;0;0;4338;0;0;0;0;0;0;
29178;4314101;621072384;34877440;575565824;0;0;0;0;0;0;0;0;0;0;0;4659;0;0;0;0;0;0;
29179;5108630;621072384;34877440;575565824;0;0;0;0;0;0;0;0;0;0;0;4539;0;0;0;0;0;0;
29180;4529124;621072384;34877440;575565824;0;0;0;0;0;0;0;0;0;0;0;4288;0;0;0;0;0;0;
29181;5140320;621072384;34877440;575565824;0;0;0;0;0;0;0;0;0;0;0;3346;0;0;0;0;0;0;
29182;4240733;621072384;34877440;575565824;0;0;0;0;0;0;0;0;0;0;0;5210;0;0;0;0;0;0;
29183;5378747;621072384;34877440;575565824;0;0;0;0;0;0;0;0;0;0;0;3707;0;0;0;0;0;0;
29184;4813477;621072384;34877440;575565824;0;0;0;0;0;0;0;0;0;0;0;3978;0;0;0;0;0;0;
29185;4961986;621072384;34877440;575565824;0;0;0;0;0;0;0;0;0;0;0;2926;0;0;0;0;0;0;
29186;4464032;621072384;34877440;575565824;0;0;0;0;0;0;0;0;0;0;0;3467;0;0;0;0;0;0;
29187;5501978;621072384;34881536;575569920;0;0;0;0;0;0;0;0;0;0;0;3717;0;0;0;0;0;0;
29188;5012259;621072384;34885632;575574016;0;0;0;0;0;0;0;0;0;0;0;5781;0;0;0;0;0;0;
29189;5111376;621072384;34885632;575574016;0;0;0;0;0;0;0;0;0;0;0;5530;0;0;0;0;0;0;
29190;4434086;621072384;34885632;575574016;0;0;0;0;0;0;0;0;0;0;0;4359;0;0;0;0;0;0;
29191;4773081;621072384;34885632;575574016;0;0;0;0;0;0;0;0;0;0;0;3126;0;0;0;0;0;0;
29192;4810462;621072384;34885632;575574016;0;0;0;0;0;0;0;0;0;0;0;4028;0;0;0;0;0;0;
29193;4815722;621072384;34885632;575574016;0;0;0;0;0;0;0;0;0;0;0;4318;0;0;0;0;0;0;
29194;4383300;621072384;34877440;575565824;0;0;0;0;0;0;0;0;0;0;0;4108;0;0;0;0;0;0;
29195;5119601;621072384;34877440;575565824;0;0;0;0;0;0;0;0;0;0;0;3446;0;0;0;0;0;0;
29196;4171813;621072384;34877440;575565824;0;0;0;0;0;0;0;0;0;0;0;4719;0;0;0;0;0;0;
29197;5360764;621072384;34877440;575565824;0;0;0;0;0;0;0;0;0;0;0;5420;0;0;0;0;0;0;
29198;4803679;621072384;34877440;575565824;0;0;0;0;0;0;0;0;0;0;0;4679;0;0;0;0;0;0;
29199;5734224;621072384;34877440;575565824;0;0;0;0;0;0;0;0;0;0;0;4007;0;0;0;0;0;0;
29200;4243559;621072384;34877440;575565824;0;0;0;0;0;0;0;0;0;0;0;3807;0;0;0;0;0;0;
29201;5008413;621072384;34877440;575565824;0;0;0;0;0;0;0;0;0;0;0;4469;0;0;0;0;0;0;
29202;4107343;621072384;34877440;575565824;0;0;0;0;0;0;0;0;0;0;0;4789;0;0;0;0;0;0;
29203;5072433;621072384;34877440;575565824;0;0;0;0;0;0;0;0;0;0;0;4428;0;0;0;0;0;0;
29204;4197401;621072384;34877440;575565824;0;0;0;0;0;0;0;0;0;0;0;3687;0;0;0;0;0;0;
29205;10660873;621072384;34877440;575565824;0;0;0;0;0;0;0;0;0;0;0;2645;0;0;0;0;0;0;
29206;4447922;621072384;34877440;575565824;0;0;0;0;0;0;0;0;0;0;0;3416;0;0;0;0;0;0;
29207;4453712;621072384;34877440;575565824;0;0;0;0;0;0;0;0;0;0;0;2304;0;0;0;0;0;0;
29208;4426011;621072384;34877440;575565824;0;0;0;0;0;0;0;0;0;0;0;3868;0;0;0;0;0;0;
29209;4796916;621072384;34877440;575565824;0;0;0;0;0;0;0;0;0;0;0;3006;0;0;0;0;0;0;
29210;4064111;621072384;34877440;575565824;0;0;0;0;0;0;0;0;0;0;0;3506;0;0;0;0;0;0;
29211;4872778;621072384;34877440;575565824;0;0;0;0;0;0;0;0;0;0;0;2425;0;0;0;0;0;0;
29212;4074702;621072384;34877440;575565824;0;0;0;0;0;0;0;0;0;0;0;4178;0;0;0;0;0;0;
29213;5161349;621072384;34877440;575565824;0;0;0;0;0;0;0;0;0;0;0;3306;0;0;0;0;0;0;
29214;3930902;621072384;34877440;575565824;0;0;0;0;0;0;0;0;0;0;0;3336;0;0;0;0;0;0;
29215;5063335;621072384;34877440;575565824;0;0;0;0;0;0;0;0;0;0;0;4719;0;0;0;0;0;0;
29216;4184598;621072384;34877440;575565824;0;0;0;0;0;0;0;0;0;0;0;5210;0;0;0;0;0;0;
29217;5084977;621072384;34877440;575565824;0;0;0;0;0;0;0;0;0;0;0;4518;0;0;0;0;0;0;
29218;4518113;621072384;34877440;575565824;0;0;0;0;0;0;0;0;0;0;0;3988;0;0;0;0;0;0;
29219;5230970;621072384;34877440;575565824;0;0;0;0;0;0;0;0;0;0;0;4178;0;0;0;0;0;0;
29220;4310364;621072384;34877440;575565824;0;0;0;0;0;0;0;0;0;0;0;3978;0;0;0;0;0;0;
29221;4932901;621072384;34877440;575565824;0;0;0;0;0;0;0;0;0;0;0;4498;0;0;0;0;0;0;
29222;4773222;621072384;34877440;575565824;0;0;0;0;0;0;0;0;0;0;0;4238;0;0;0;0;0;0;
29223;4924435;621072384;34877440;575565824;0;0;0;0;0;0;0;0;0;0;0;3066;0;0;0;0;0;0;
29224;4186922;621072384;34877440;575565824;0;0;0;0;0;0;0;0;0;0;0;4498;0;0;0;0;0;0;
29225;4792417;621072384;34877440;575565824;0;0;0;0;0;0;0;0;0;0;0;3406;0;0;0;0;0;0;
29226;4141788;621072384;34877440;575565824;0;0;0;0;0;0;0;0;0;0;0;4348;0;0;0;0;0;0;
29227;5252491;621072384;34877440;575565824;0;0;0;0;0;0;0;0;0;0;0;4619;0;0;0;0;0;0;
29228;3849289;621072384;34877440;575565824;0;0;0;0;0;0;0;0;0;0;0;4048;0;0;0;0;0;0;
29229;5169615;621072384;34877440;575565824;0;0;0;0;0;0;0;0;0;0;0;5259;0;0;0;0;0;0;
29230;4398860;621072384;34877440;575565824;0;0;0;0;0;0;0;0;0;0;0;4419;0;0;0;0;0;0;
29231;5513239;621072384;34877440;575565824;0;0;0;0;0;0;0;0;0;0;0;4227;0;0;0;0;0;0;
29232;3961780;621072384;34877440;575565824;0;0;0;0;0;0;0;0;0;0;0;4138;0;0;0;0;0;0;
29233;4911651;621072384;34877440;575565824;0;0;0;0;0;0;0;0;0;0;0;4258;0;0;0;0;0;0;
29234;4866256;621072384;34877440;575565824;0;0;0;0;0;0;0;0;0;0;0;3667;0;0;0;0;0;0;
29235;4886134;621072384;34877440;575565824;0;0;0;0;0;0;0;0;0;0;0;3647;0;0;0;0;0;0;
29236;5040403;621072384;34877440;575565824;0;0;0;0;0;0;0;0;0;0;0;3837;0;0;0;0;0;0;
29237;4902274;621072384;34877440;575565824;0;0;0;0;0;0;0;0;0;0;0;2885;0;0;0;0;0;0;
29238;4766740;621072384;34877440;575565824;0;0;0;0;0;0;0;0;0;0;0;4028;0;0;0;0;0;0;
29239;4805802;621072384;34877440;575565824;0;0;0;0;0;0;0;0;0;0;0;2926;0;0;0;0;0;0;
29240;4369344;621072384;34877440;575565824;0;0;0;0;0;0;0;0;0;0;0;4308;0;0;0;0;0;0;
29241;5109683;621072384;34877440;575565824;0;0;0;0;0;0;0;0;0;0;0;3016;0;0;0;0;0;0;
29242;4608082;621072384;34877440;575565824;0;0;0;0;0;0;0;0;0;0;0;4177;0;0;0;0;0;0;
29243;4725182;621072384;34877440;575565824;0;0;0;0;0;0;0;0;0;0;0;3376;0;0;0;0;0;0;
29244;3720156;621072384;34877440;575565824;0;0;0;0;0;0;0;0;0;0;0;3587;0;0;0;0;0;0;
29245;4617690;621072384;34877440;575565824;0;0;0;0;0;0;0;0;0;0;0;2695;0;0;0;0;0;0;
29246;4523884;621072384;34877440;575565824;0;0;0;0;0;0;0;0;0;0;0;4538;0;0;0;0;0;0;
29247;4664969;621072384;34877440;575565824;0;0;0;0;0;0;0;0;0;0;0;3126;0;0;0;0;0;0;
29248;4044285;621072384;34877440;575565824;0;0;0;0;0;0;0;0;0;0;0;3516;0;0;0;0;0;0;
29249;5341297;621072384;34877440;575565824;0;0;0;0;0;0;0;0;0;0;0;2645;0;0;0;0;0;0;
29250;4581853;621072384;34877440;575565824;0;0;0;0;0;0;0;0;0;0;0;4509;0;0;0;0;0;0;
29251;5497269;621072384;34877440;575565824;0;0;0;0;0;0;0;0;0;0;0;5380;0;0;0;0;0;0;
29252;4861166;621072384;34877440;575565824;0;0;0;0;0;0;0;0;0;0;0;4068;0;0;0;0;0;0;
29253;4710885;621072384;34877440;575565824;0;0;0;0;0;0;0;0;0;0;0;2905;0;0;0;0;0;0;
29254;3830834;621072384;34877440;575565824;0;0;0;0;0;0;0;0;0;0;0;4008;0;0;0;0;0;0;
29255;5327702;621072384;34877440;575565824;0;0;0;0;0;0;0;0;0;0;0;3647;0;0;0;0;0;0;
29256;4317467;621072384;34877440;575565824;0;0;0;0;0;0;0;0;0;0;0;4448;0;0;0;0;0;0;
29257;5199350;621072384;34877440;575565824;0;0;0;0;0;0;0;0;0;0;0;3807;0;0;0;0;0;0;
29258;4362341;621072384;34877440;575565824;0;0;0;0;0;0;0;0;0;0;0;4208;0;0;0;0;0;0;
29259;4953810;621072384;34877440;575565824;0;0;0;0;0;0;0;0;0;0;0;3026;0;0;0;0;0;0;
29260;4321935;621072384;34877440;575565824;0;0;0;0;0;0;0;0;0;0;0;4068;0;0;0;0;0;0;
29261;4920809;621072384;34877440;575565824;0;0;0;0;0;0;0;0;0;0;0;3727;0;0;0;0;0;0;
29262;4168548;621072384;34877440;575565824;0;0;0;0;0;0;0;0;0;0;0;3397;0;0;0;0;0;0;
29263;4749998;621072384;34877440;575565824;0;0;0;0;0;0;0;0;0;0;0;2605;0;0;0;0;0;0;
29264;4207380;621072384;34877440;575565824;0;0;0;0;0;0;0;0;0;0;0;3557;0;0;0;0;0;0;
29265;4621537;621072384;34877440;575565824;0;0;0;0;0;0;0;0;0;0;0;2905;0;0;0;0;0;0;
29266;4107062;621072384;34877440;575565824;0;0;0;0;0;0;0;0;0;0;0;4058;0;0;0;0;0;0;
29267;5024122;621072384;34877440;575565824;0;0;0;0;0;0;0;0;0;0;0;2856;0;0;0;0;0;0;
29268;4587503;621072384;34877440;575565824;0;0;0;0;0;0;0;0;0;0;0;4468;0;0;0;0;0;0;
29269;5713635;621072384;34877440;575565824;0;0;0;0;0;0;0;0;0;0;0;4919;0;0;0;0;0;0;
29270;4361439;621072384;34877440;575565824;0;0;0;0;0;0;0;0;0;0;0;5811;0;0;0;0;0;0;
29271;5633335;621072384;34877440;575565824;0;0;0;0;0;0;0;0;0;0;0;5070;0;0;0;0;0;0;
29272;4245782;621072384;34877440;575565824;0;0;0;0;0;0;0;0;0;0;0;4218;0;0;0;0;0;0;
29273;4984368;621072384;34877440;575565824;0;0;0;0;0;0;0;0;0;0;0;3988;0;0;0;0;0;0;
29274;4236595;621072384;34877440;575565824;0;0;0;0;0;0;0;0;0;0;0;3667;0;0;0;0;0;0;
29275;4970422;621072384;34877440;575565824;0;0;0;0;0;0;0;0;0;0;0;3156;0;0;0;0;0;0;
29276;4320633;621072384;34877440;575565824;0;0;0;0;0;0;0;0;0;0;0;3306;0;0;0;0;0;0;
29277;5184102;621072384;34877440;575565824;0;0;0;0;0;0;0;0;0;0;0;3216;0;0;0;0;0;0;
29278;4263917;621072384;34877440;575565824;0;0;0;0;0;0;0;0;0;0;0;3676;0;0;0;0;0;0;
29279;4829828;621072384;34877440;575565824;0;0;0;0;0;0;0;0;0;0;0;2635;0;0;0;0;0;0;
29280;3994501;621072384;34877440;575565824;0;0;0;0;0;0;0;0;0;0;0;5090;0;0;0;0;0;0;
29281;5011248;621072384;34877440;575565824;0;0;0;0;0;0;0;0;0;0;0;4698;0;0;0;0;0;0;
29282;4040537;621072384;34877440;575565824;0;0;0;0;0;0;0;0;0;0;0;3737;0;0;0;0;0;0;
29283;5119611;621072384;34877440;575565824;0;0;0;0;0;0;0;0;0;0;0;4268;0;0;0;0;0;0;
29284;3540290;621072384;34877440;575565824;0;0;0;0;0;0;0;0;0;0;0;3858;0;0;0;0;0;0;
29285;5450241;621072384;34877440;575565824;0;0;0;0;0;0;0;0;0;0;0;3386;0;0;0;0;0;0;
29286;4679686;621072384;34877440;575565824;0;0;0;0;0;0;0;0;0;0;0;4458;0;0;0;0;0;0;
29287;5580155;621072384;34877440;575565824;0;0;0;0;0;0;0;0;0;0;0;3828;0;0;0;0;0;0;
29288;5479676;621072384;34877440;575565824;0;0;0;0;0;0;0;0;0;0;0;5410;0;0;0;0;0;0;
29289;4568207;621072384;34877440;575565824;0;0;0;0;0;0;0;0;0;0;0;3467;0;0;0;0;0;0;
29290;4971072;621072384;34877440;575565824;0;0;0;0;0;0;0;0;0;0;0;4028;0;0;0;0;0;0;
29291;4915709;621072384;34877440;575565824;0;0;0;0;0;0;0;0;0;0;0;3075;0;0;0;0;0;0;
29292;4816192;621072384;34877440;575565824;0;0;0;0;0;0;0;0;0;0;0;4117;0;0;0;0;0;0;
29293;5135542;621072384;34877440;575565824;0;0;0;0;0;0;0;0;0;0;0;9187;0;0;0;0;0;0;
29294;4180760;621072384;34877440;575565824;0;0;0;0;0;0;0;0;0;0;0;3777;0;0;0;0;0;0;
29295;6120418;621072384;34877440;575565824;0;0;0;0;0;0;0;0;0;0;0;3928;0;0;0;0;0;0;
29296;4173227;621072384;34877440;575565824;0;0;0;0;0;0;0;0;0;0;0;4558;0;0;0;0;0;0;
29297;5902430;621072384;34877440;575565824;0;0;0;0;0;0;0;0;0;0;0;4288;0;0;0;0;0;0;
29298;3958133;621072384;34877440;575565824;0;0;0;0;0;0;0;0;0;0;0;4628;0;0;0;0;0;0;
29299;4649720;621072384;34877440;575565824;0;0;0;0;0;0;0;0;0;0;0;4158;0;0;0;0;0;0;
29300;3633223;621072384;34877440;575565824;0;0;0;0;0;0;0;0;0;0;0;3807;0;0;0;0;0;0;
29301;4873069;621072384;34877440;575565824;0;0;0;0;0;0;0;0;0;0;0;2956;0;0;0;0;0;0;
29302;4158158;621072384;34877440;575565824;0;0;0;0;0;0;0;0;0;0;0;3627;0;0;0;0;0;0;
29303;4527020;621072384;34877440;575565824;0;0;0;0;0;0;0;0;0;0;0;3046;0;0;0;0;0;0;
29304;4006353;621072384;34877440;575565824;0;0;0;0;0;0;0;0;0;0;0;4167;0;0;0;0;0;0;
29305;4935396;621072384;34877440;575565824;0;0;0;0;0;0;0;0;0;0;0;2695;0;0;0;0;0;0;
29306;4147508;621072384;34877440;575565824;0;0;0;0;0;0;0;0;0;0;0;3937;0;0;0;0;0;0;
29307;4603744;621072384;34877440;575565824;0;0;0;0;0;0;0;0;0;0;0;3457;0;0;0;0;0;0;
29308;4105109;621072384;34877440;575565824;0;0;0;0;0;0;0;0;0;0;0;3386;0;0;0;0;0;0;
29309;4573186;621072384;34877440;575565824;0;0;0;0;0;0;0;0;0;0;0;3216;0;0;0;0;0;0;
29310;3906446;621072384;34877440;575565824;0;0;0;0;0;0;0;0;0;0;0;4318;0;0;0;0;0;0;
29311;4582474;621072384;34877440;575565824;0;0;0;0;0;0;0;0;0;0;0;3387;0;0;0;0;0;0;
29312;3904181;621072384;34877440;575565824;0;0;0;0;0;0;0;0;0;0;0;3557;0;0;0;0;0;0;
29313;4773452;621072384;34877440;575565824;0;0;0;0;0;0;0;0;0;0;0;2855;0;0;0;0;0;0;
29314;3800648;621072384;34877440;575565824;0;0;0;0;0;0;0;0;0;0;0;3166;0;0;0;0;0;0;
29315;4662234;621072384;34877440;575565824;0;0;0;0;0;0;0;0;0;0;0;2956;0;0;0;0;0;0;
29316;3943966;621072384;34877440;575565824;0;0;0;0;0;0;0;0;0;0;0;3797;0;0;0;0;0;0;
29317;5084356;621072384;34877440;575565824;0;0;0;0;0;0;0;0;0;0;0;5100;0;0;0;0;0;0;
29318;3803333;621072384;34877440;575565824;0;0;0;0;0;0;0;0;0;0;0;4178;0;0;0;0;0;0;
29319;5013994;621072384;34877440;575565824;0;0;0;0;0;0;0;0;0;0;0;3927;0;0;0;0;0;0;
29320;4324891;621072384;34877440;575565824;0;0;0;0;0;0;0;0;0;0;0;3206;0;0;0;0;0;0;
29321;5870319;621072384;34877440;575565824;0;0;0;0;0;0;0;0;0;0;0;3637;0;0;0;0;0;0;
29322;3494955;621072384;34877440;575565824;0;0;0;0;0;0;0;0;0;0;0;3837;0;0;0;0;0;0;
29323;4723598;621072384;34877440;575565824;0;0;0;0;0;0;0;0;0;0;0;3356;0;0;0;0;0;0;
29324;3733903;621072384;34877440;575565824;0;0;0;0;0;0;0;0;0;0;0;4017;0;0;0;0;0;0;
29325;5285021;621072384;34877440;575565824;0;0;0;0;0;0;0;0;0;0;0;3737;0;0;0;0;0;0;
29326;3678759;621072384;34877440;575565824;0;0;0;0;0;0;0;0;0;0;0;5029;0;0;0;0;0;0;
29327;5013602;621072384;34877440;575565824;0;0;0;0;0;0;0;0;0;0;0;3297;0;0;0;0;0;0;
29328;3719004;621072384;34877440;575565824;0;0;0;0;0;0;0;0;0;0;0;3958;0;0;0;0;0;0;
29329;4887165;621072384;34877440;575565824;0;0;0;0;0;0;0;0;0;0;0;3347;0;0;0;0;0;0;
29330;4297229;621072384;34877440;575565824;0;0;0;0;0;0;0;0;0;0;0;4459;0;0;0;0;0;0;
29331;5171439;621072384;34877440;575565824;0;0;0;0;0;0;0;0;0;0;0;3817;0;0;0;0;0;0;
29332;3656167;621072384;34877440;575565824;0;0;0;0;0;0;0;0;0;0;0;4028;0;0;0;0;0;0;
29333;4563428;621072384;34877440;575565824;0;0;0;0;0;0;0;0;0;0;0;2555;0;0;0;0;0;0;
29334;4492295;621072384;34877440;575565824;0;0;0;0;0;0;0;0;0;0;0;3737;0;0;0;0;0;0;
29335;4921980;621072384;34877440;575565824;0;0;0;0;0;0;0;0;0;0;0;2805;0;0;0;0;0;0;
29336;4741492;621072384;34877440;575565824;0;0;0;0;0;0;0;0;0;0;0;3967;0;0;0;0;0;0;
29337;5296483;621072384;34877440;575565824;0;0;0;0;0;0;0;0;0;0;0;3025;0;0;0;0;0;0;
29338;3945931;621072384;34877440;575565824;0;0;0;0;0;0;0;0;0;0;0;3677;0;0;0;0;0;0;
29339;5473254;621072384;34877440;575565824;0;0;0;0;0;0;0;0;0;0;0;4708;0;0;0;0;0;0;
29340;4286709;621072384;34877440;575565824;0;0;0;0;0;0;0;0;0;0;0;4399;0;0;0;0;0;0;
29341;5063426;621072384;34877440;575565824;0;0;0;0;0;0;0;0;0;0;0;3887;0;0;0;0;0;0;
29342;4400473;621072384;34877440;575565824;0;0;0;0;0;0;0;0;0;0;0;5350;0;0;0;0;0;0;
29343;4872487;621072384;34877440;575565824;0;0;0;0;0;0;0;0;0;0;0;3297;0;0;0;0;0;0;
29344;4267252;621072384;34877440;575565824;0;0;0;0;0;0;0;0;0;0;0;4519;0;0;0;0;0;0;
29345;4553249;621072384;34877440;575565824;0;0;0;0;0;0;0;0;0;0;0;2795;0;0;0;0;0;0;
29346;3913059;621072384;34877440;575565824;0;0;0;0;0;0;0;0;0;0;0;4218;0;0;0;0;0;0;
29347;4709953;621072384;34877440;575565824;0;0;0;0;0;0;0;0;0;0;0;3236;0;0;0;0;0;0;
29348;4783471;621072384;34877440;575565824;0;0;0;0;0;0;0;0;0;0;0;4037;0;0;0;0;0;0;
29349;5871120;621072384;34877440;575565824;0;0;0;0;0;0;0;0;0;0;0;3657;0;0;0;0;0;0;
29350;4123002;621072384;34877440;575565824;0;0;0;0;0;0;0;0;0;0;0;4338;0;0;0;0;0;0;
29351;5000548;621072384;34877440;575565824;0;0;0;0;0;0;0;0;0;0;0;3537;0;0;0;0;0;0;
29352;4083568;621072384;34877440;575565824;0;0;0;0;0;0;0;0;0;0;0;3026;0;0;0;0;0;0;
29353;5353670;621072384;34877440;575565824;0;0;0;0;0;0;0;0;0;0;0;3767;0;0;0;0;0;0;
29354;4294524;621072384;34877440;575565824;0;0;0;0;0;0;0;0;0;0;0;3887;0;0;0;0;0;0;
29355;4842711;621072384;34877440;575565824;0;0;0;0;0;0;0;0;0;0;0;3226;0;0;0;0;0;0;
29356;4462719;621072384;34877440;575565824;0;0;0;0;0;0;0;0;0;0;0;3136;0;0;0;0;0;0;
29357;4552948;621072384;34877440;575565824;0;0;0;0;0;0;0;0;0;0;0;3356;0;0;0;0;0;0;
29358;4023956;621072384;34877440;575565824;0;0;0;0;0;0;0;0;0;0;0;3747;0;0;0;0;0;0;
29359;4738686;621072384;34877440;575565824;0;0;0;0;0;0;0;0;0;0;0;5179;0;0;0;0;0;0;
29360;3883994;621072384;34877440;575565824;0;0;0;0;0;0;0;0;0;0;0;5089;0;0;0;0;0;0;
29361;4983065;621072384;34877440;575565824;0;0;0;0;0;0;0;0;0;0;0;4038;0;0;0;0;0;0;
29362;4232337;621072384;34877440;575565824;0;0;0;0;0;0;0;0;0;0;0;3937;0;0;0;0;0;0;
29363;4628821;621072384;34877440;575565824;0;0;0;0;0;0;0;0;0;0;0;3096;0;0;0;0;0;0;
29364;4421392;621072384;34877440;575565824;0;0;0;0;0;0;0;0;0;0;0;4378;0;0;0;0;0;0;
29365;4911221;621072384;34877440;575565824;0;0;0;0;0;0;0;0;0;0;0;3306;0;0;0;0;0;0;
29366;4581522;621072384;34877440;575565824;0;0;0;0;0;0;0;0;0;0;0;4509;0;0;0;0;0;0;
29367;4695086;621072384;34877440;575565824;0;0;0;0;0;0;0;0;0;0;0;3096;0;0;0;0;0;0;
29368;4540736;621072384;34877440;575565824;0;0;0;0;0;0;0;0;0;0;0;4358;0;0;0;0;0;0;
29369;4793239;621072384;34877440;575565824;0;0;0;0;0;0;0;0;0;0;0;3036;0;0;0;0;0;0;
29370;3647179;621072384;34877440;575565824;0;0;0;0;0;0;0;0;0;0;0;4448;0;0;0;0;0;0;
29371;4454665;621072384;34877440;575565824;0;0;0;0;0;0;0;0;0;0;0;3256;0;0;0;0;0;0;
29372;3688026;621072384;34877440;575565824;0;0;0;0;0;0;0;0;0;0;0;4047;0;0;0;0;0;0;
29373;4536127;621072384;34877440;575565824;0;0;0;0;0;0;0;0;0;0;0;2765;0;0;0;0;0;0;
29374;3486819;621072384;34877440;575565824;0;0;0;0;0;0;0;0;0;0;0;4248;0;0;0;0;0;0;
29375;4856398;621072384;34877440;575565824;0;0;0;0;0;0;0;0;0;0;0;3015;0;0;0;0;0;0;
29376;3863686;621072384;34877440;575565824;0;0;0;0;0;0;0;0;0;0;0;3206;0;0;0;0;0;0;
29377;5144017;621072384;34877440;575565824;0;0;0;0;0;0;0;0;0;0;0;3727;0;0;0;0;0;0;
29378;3822779;621072384;34877440;575565824;0;0;0;0;0;0;0;0;0;0;0;4558;0;0;0;0;0;0;
29379;4888147;621072384;34877440;575565824;0;0;0;0;0;0;0;0;0;0;0;3146;0;0;0;0;0;0;
29380;3923258;621072384;34877440;575565824;0;0;0;0;0;0;0;0;0;0;0;4789;0;0;0;0;0;0;
29381;5306832;621072384;34877440;575565824;0;0;0;0;0;0;0;0;0;0;0;4218;0;0;0;0;0;0;
29382;4337254;621072384;34877440;575565824;0;0;0;0;0;0;0;0;0;0;0;4599;0;0;0;0;0;0;
29383;4813818;621072384;34877440;575565824;0;0;0;0;0;0;0;0;0;0;0;3747;0;0;0;0;0;0;
29384;4184057;621072384;34877440;575565824;0;0;0;0;0;0;0;0;0;0;0;3046;0;0;0;0;0;0;
29385;4777179;621072384;34877440;575565824;0;0;0;0;0;0;0;0;0;0;0;2644;0;0;0;0;0;0;
29386;3745935;621072384;34877440;575565824;0;0;0;0;0;0;0;0;0;0;0;4148;0;0;0;0;0;0;
29387;5745615;621072384;34877440;575565824;0;0;0;0;0;0;0;0;0;0;0;2715;0;0;0;0;0;0;
29388;3925492;621072384;34877440;575565824;0;0;0;0;0;0;0;0;0;0;0;3727;0;0;0;0;0;0;
29389;4693883;621072384;34877440;575565824;0;0;0;0;0;0;0;0;0;0;0;3416;0;0;0;0;0;0;
29390;3818361;621072384;34877440;575565824;0;0;0;0;0;0;0;0;0;0;0;3877;0;0;0;0;0;0;
29391;5096788;621072384;34877440;575565824;0;0;0;0;0;0;0;0;0;0;0;3447;0;0;0;0;0;0;
29392;4472989;621072384;34877440;575565824;0;0;0;0;0;0;0;0;0;0;0;3486;0;0;0;0;0;0;
29393;4704824;621072384;34877440;575565824;0;0;0;0;0;0;0;0;0;0;0;3597;0;0;0;0;0;0;
29394;3695822;621072384;34877440;575565824;0;0;0;0;0;0;0;0;0;0;0;2916;0;0;0;0;0;0;
29395;4752312;621072384;34877440;575565824;0;0;0;0;0;0;0;0;0;0;0;2435;0;0;0;0;0;0;
29396;3426476;621072384;34877440;575565824;0;0;0;0;0;0;0;0;0;0;0;3907;0;0;0;0;0;0;
29397;4560954;621072384;34877440;575565824;0;0;0;0;0;0;0;0;0;0;0;2635;0;0;0;0;0;0;
29398;3938827;621072384;34877440;575565824;0;0;0;0;0;0;0;0;0;0;0;4068;0;0;0;0;0;0;
29399;4710654;621072384;34877440;575565824;0;0;0;0;0;0;0;0;0;0;0;2875;0;0;0;0;0;0;
29400;3700510;621072384;34877440;575565824;0;0;0;0;0;0;0;0;0;0;0;3797;0;0;0;0;0;0;
29401;4716986;621072384;34877440;575565824;0;0;0;0;0;0;0;0;0;0;0;2264;0;0;0;0;0;0;
29402;3599059;621072384;34877440;575565824;0;0;0;0;0;0;0;0;0;0;0;4298;0;0;0;0;0;0;
29403;4936718;621072384;34881536;575569920;0;0;0;0;0;0;0;0;0;0;0;4127;0;0;0;0;0;0;
29404;3108599;621072384;34885632;575574016;0;0;0;0;0;0;0;0;0;0;0;3948;0;0;0;0;0;0;
29405;4411904;621072384;34885632;575574016;0;0;0;0;0;0;0;0;0;0;0;2705;0;0;0;0;0;0;
29406;3281304;621072384;34885632;575574016;0;0;0;0;0;0;0;0;0;0;0;3666;0;0;0;0;0;0;
29407;4420911;621072384;34885632;575574016;0;0;0;0;0;0;0;0;0;0;0;2705;0;0;0;0;0;0;
29408;3290471;621072384;34885632;575574016;0;0;0;0;0;0;0;0;0;0;0;3837;0;0;0;0;0;0;
29409;4420991;621072384;34885632;575574016;0;0;0;0;0;0;0;0;0;0;0;3156;0;0;0;0;0;0;
29410;3218766;621072384;34877440;575565824;0;0;0;0;0;0;0;0;0;0;0;3566;0;0;0;0;0;0;
29411;4400964;621072384;34877440;575565824;0;0;0;0;0;0;0;0;0;0;0;2044;0;0;0;0;0;0;
29412;3229787;621072384;34877440;575565824;0;0;0;0;0;0;0;0;0;0;0;3387;0;0;0;0;0;0;
29413;4361219;621072384;34877440;575565824;0;0;0;0;0;0;0;0;0;0;0;2444;0;0;0;0;0;0;
29414;3913269;621072384;34877440;575565824;0;0;0;0;0;0;0;0;0;0;0;3487;0;0;0;0;0;0;
29415;4973978;621072384;34877440;575565824;0;0;0;0;0;0;0;0;0;0;0;4278;0;0;0;0;0;0;
29416;4272672;621072384;34877440;575565824;0;0;0;0;0;0;0;0;0;0;0;3947;0;0;0;0;0;0;
29417;4833455;621072384;34877440;575565824;0;0;0;0;0;0;0;0;0;0;0;2805;0;0;0;0;0;0;
29418;4106051;621072384;34877440;575565824;0;0;0;0;0;0;0;0;0;0;0;3937;0;0;0;0;0;0;
29419;4530506;621072384;34877440;575565824;0;0;0;0;0;0;0;0;0;0;0;3577;0;0;0;0;0;0;
29420;4155564;621072384;34877440;575565824;0;0;0;0;0;0;0;0;0;0;0;3356;0;0;0;0;0;0;
29421;4629773;621072384;34877440;575565824;0;0;0;0;0;0;0;0;0;0;0;3256;0;0;0;0;0;0;
29422;4773672;621072384;34877440;575565824;0;0;0;0;0;0;0;0;0;0;0;3747;0;0;0;0;0;0;
29423;10483149;621072384;34877440;575565824;0;0;0;0;0;0;0;0;0;0;0;2484;0;0;0;0;0;0;
29424;3939788;621072384;34877440;575565824;0;0;0;0;0;0;0;0;0;0;0;3777;0;0;0;0;0;0;
29425;4903055;621072384;34877440;575565824;0;0;0;0;0;0;0;0;0;0;0;4218;0;0;0;0;0;0;
29426;3418882;621072384;34877440;575565824;0;0;0;0;0;0;0;0;0;0;0;3116;0;0;0;0;0;0;
29427;4921319;621072384;34877440;575565824;0;0;0;0;0;0;0;0;0;0;0;5621;0;0;0;0;0;0;
29428;3234326;621072384;34877440;575565824;0;0;0;0;0;0;0;0;0;0;0;3096;0;0;0;0;0;0;
29429;5030364;621072384;34877440;575565824;0;0;0;0;0;0;0;0;0;0;0;3647;0;0;0;0;0;0;
29430;3336668;621072384;34877440;575565824;0;0;0;0;0;0;0;0;0;0;0;4438;0;0;0;0;0;0;
29431;5052005;621072384;34877440;575565824;0;0;0;0;0;0;0;0;0;0;0;3947;0;0;0;0;0;0;
29432;4132630;621072384;34877440;575565824;0;0;0;0;0;0;0;0;0;0;0;3967;0;0;0;0;0;0;
29433;4873159;621072384;34877440;575565824;0;0;0;0;0;0;0;0;0;0;0;2274;0;0;0;0;0;0;
29434;3203418;621072384;34877440;575565824;0;0;0;0;0;0;0;0;0;0;0;3306;0;0;0;0;0;0;
29435;4823465;621072384;34877440;575565824;0;0;0;0;0;0;0;0;0;0;0;2325;0;0;0;0;0;0;
29436;3567040;621072384;34877440;575565824;0;0;0;0;0;0;0;0;0;0;0;3907;0;0;0;0;0;0;
29437;4579739;621072384;34877440;575565824;0;0;0;0;0;0;0;0;0;0;0;3426;0;0;0;0;0;0;
29438;3677667;621072384;34877440;575565824;0;0;0;0;0;0;0;0;0;0;0;4369;0;0;0;0;0;0;
29439;4786005;621072384;34877440;575565824;0;0;0;0;0;0;0;0;0;0;0;2484;0;0;0;0;0;0;
29440;3424002;621072384;34877440;575565824;0;0;0;0;0;0;0;0;0;0;0;4007;0;0;0;0;0;0;
29441;4693903;621072384;34877440;575565824;0;0;0;0;0;0;0;0;0;0;0;3286;0;0;0;0;0;0;
29442;3522165;621072384;34877440;575565824;0;0;0;0;0;0;0;0;0;0;0;3577;0;0;0;0;0;0;
29443;5740696;621072384;34877440;575565824;0;0;0;0;0;0;0;0;0;0;0;5140;0;0;0;0;0;0;
29444;3862524;621072384;34877440;575565824;0;0;0;0;0;0;0;0;0;0;0;3547;0;0;0;0;0;0;
29445;5703005;621072384;34877440;575565824;0;0;0;0;0;0;0;0;0;0;0;4469;0;0;0;0;0;0;
29446;4088758;621072384;34877440;575565824;0;0;0;0;0;0;0;0;0;0;0;4068;0;0;0;0;0;0;
29447;4778271;621072384;34877440;575565824;0;0;0;0;0;0;0;0;0;0;0;3155;0;0;0;0;0;0;
29448;3888893;621072384;34877440;575565824;0;0;0;0;0;0;0;0;0;0;0;4578;0;0;0;0;0;0;
29449;4804160;621072384;34877440;575565824;0;0;0;0;0;0;0;0;0;0;0;2685;0;0;0;0;0;0;
29450;3324184;621072384;34877440;575565824;0;0;0;0;0;0;0;0;0;0;0;3988;0;0;0;0;0;0;
29451;4652756;621072384;34877440;575565824;0;0;0;0;0;0;0;0;0;0;0;2836;0;0;0;0;0;0;
29452;3766063;621072384;34877440;575565824;0;0;0;0;0;0;0;0;0;0;0;4399;0;0;0;0;0;0;
29453;4722106;621072384;34877440;575565824;0;0;0;0;0;0;0;0;0;0;0;3186;0;0;0;0;0;0;
29454;4283173;621072384;34877440;575565824;0;0;0;0;0;0;0;0;0;0;0;3908;0;0;0;0;0;0;
29455;5060130;621072384;34877440;575565824;0;0;0;0;0;0;0;0;0;0;0;3105;0;0;0;0;0;0;
29456;4731212;621072384;34877440;575565824;0;0;0;0;0;0;0;0;0;0;0;4368;0;0;0;0;0;0;
29457;5270384;621072384;34877440;575565824;0;0;0;0;0;0;0;0;0;0;0;3096;0;0;0;0;0;0;
29458;4173106;621072384;34877440;575565824;0;0;0;0;0;0;0;0;0;0;0;4118;0;0;0;0;0;0;
29459;4972365;621072384;34877440;575565824;0;0;0;0;0;0;0;0;0;0;0;3617;0;0;0;0;0;0;
29460;4047300;621072384;34877440;575565824;0;0;0;0;0;0;0;0;0;0;0;6222;0;0;0;0;0;0;
29461;4775946;621072384;34877440;575565824;0;0;0;0;0;0;0;0;0;0;0;3907;0;0;0;0;0;0;
29462;3733542;621072384;34877440;575565824;0;0;0;0;0;0;0;0;0;0;0;3948;0;0;0;0;0;0;
29463;4932401;621072384;34877440;575565824;0;0;0;0;0;0;0;0;0;0;0;3206;0;0;0;0;0;0;
29464;3736207;621072384;34877440;575565824;0;0;0;0;0;0;0;0;0;0;0;3096;0;0;0;0;0;0;
29465;5005988;621072384;34877440;575565824;0;0;0;0;0;0;0;0;0;0;0;3517;0;0;0;0;0;0;
29466;3573431;621072384;34877440;575565824;0;0;0;0;0;0;0;0;0;0;0;3767;0;0;0;0;0;0;
29467;4822163;621072384;34877440;575565824;0;0;0;0;0;0;0;0;0;0;0;2665;0;0;0;0;0;0;
29468;3199431;621072384;34877440;575565824;0;0;0;0;0;0;0;0;0;0;0;3727;0;0;0;0;0;0;
29469;4736293;621072384;34877440;575565824;0;0;0;0;0;0;0;0;0;0;0;2876;0;0;0;0;0;0;
29470;3425373;621072384;34877440;575565824;0;0;0;0;0;0;0;0;0;0;0;3276;0;0;0;0;0;0;
29471;4926769;621072384;34877440;575565824;0;0;0;0;0;0;0;0;0;0;0;2756;0;0;0;0;0;0;
29472;4106381;621072384;34877440;575565824;0;0;0;0;0;0;0;0;0;0;0;4328;0;0;0;0;0;0;
29473;4745530;621072384;34877440;575565824;0;0;0;0;0;0;0;0;0;0;0;2946;0;0;0;0;0;0;
29474;3818131;621072384;34877440;575565824;0;0;0;0;0;0;0;0;0;0;0;4088;0;0;0;0;0;0;
29475;5263421;621072384;34877440;575565824;0;0;0;0;0;0;0;0;0;0;0;4128;0;0;0;0;0;0;
29476;3761273;621072384;34877440;575565824;0;0;0;0;0;0;0;0;0;0;0;3566;0;0;0;0;0;0;
29477;5085727;621072384;34877440;575565824;0;0;0;0;0;0;0;0;0;0;0;4328;0;0;0;0;0;0;
29478;4685677;621072384;34877440;575565824;0;0;0;0;0;0;0;0;0;0;0;5460;0;0;0;0;0;0;
29479;4940636;621072384;34877440;575565824;0;0;0;0;0;0;0;0;0;0;0;3115;0;0;0;0;0;0;
29480;4333898;621072384;34877440;575565824;0;0;0;0;0;0;0;0;0;0;0;3105;0;0;0;0;0;0;
29481;4620045;621072384;34877440;575565824;0;0;0;0;0;0;0;0;0;0;0;2524;0;0;0;0;0;0;
29482;4096924;621072384;34877440;575565824;0;0;0;0;0;0;0;0;0;0;0;3506;0;0;0;0;0;0;
29483;4475594;621072384;34877440;575565824;0;0;0;0;0;0;0;0;0;0;0;2755;0;0;0;0;0;0;
29484;3791400;621072384;34877440;575565824;0;0;0;0;0;0;0;0;0;0;0;4028;0;0;0;0;0;0;
29485;4912173;621072384;34877440;575565824;0;0;0;0;0;0;0;0;0;0;0;3336;0;0;0;0;0;0;
29486;3807090;621072384;34877440;575565824;0;0;0;0;0;0;0;0;0;0;0;3597;0;0;0;0;0;0;
29487;4383350;621072384;34877440;575565824;0;0;0;0;0;0;0;0;0;0;0;2484;0;0;0;0;0;0;
29488;3406148;621072384;34877440;575565824;0;0;0;0;0;0;0;0;0;0;0;3437;0;0;0;0;0;0;
29489;4271581;621072384;34877440;575565824;0;0;0;0;0;0;0;0;0;0;0;2575;0;0;0;0;0;0;
29490;3502058;621072384;34877440;575565824;0;0;0;0;0;0;0;0;0;0;0;3556;0;0;0;0;0;0;
29491;4542679;621072384;34877440;575565824;0;0;0;0;0;0;0;0;0;0;0;2534;0;0;0;0;0;0;
29492;3490356;621072384;34877440;575565824;0;0;0;0;0;0;0;0;0;0;0;3006;0;0;0;0;0;0;
29493;4639140;621072384;34877440;575565824;0;0;0;0;0;0;0;0;0;0;0;2214;0;0;0;0;0;0;
29494;3261797;621072384;34877440;575565824;0;0;0;0;0;0;0;0;0;0;0;3056;0;0;0;0;0;0;
29495;4529925;621072384;34877440;575565824;0;0;0;0;0;0;0;0;0;0;0;2344;0;0;0;0;0;0;
29496;4169460;621072384;34877440;575565824;0;0;0;0;0;0;0;0;0;0;0;4368;0;0;0;0;0;0;
29497;4761620;621072384;34877440;575565824;0;0;0;0;0;0;0;0;0;0;0;3416;0;0;0;0;0;0;
29498;3956320;621072384;34877440;575565824;0;0;0;0;0;0;0;0;0;0;0;4829;0;0;0;0;0;0;
29499;5187488;621072384;34877440;575565824;0;0;0;0;0;0;0;0;0;0;0;4529;0;0;0;0;0;0;
29500;4745159;621072384;34877440;575565824;0;0;0;0;0;0;0;0;0;0;0;5080;0;0;0;0;0;0;
29501;5229928;621072384;34877440;575565824;0;0;0;0;0;0;0;0;0;0;0;5130;0;0;0;0;0;0;
29502;4007616;621072384;34877440;575565824;0;0;0;0;0;0;0;0;0;0;0;4268;0;0;0;0;0;0;
29503;5047195;621072384;34877440;575565824;0;0;0;0;0;0;0;0;0;0;0;4328;0;0;0;0;0;0;
29504;4420741;621072384;34877440;575565824;0;0;0;0;0;0;0;0;0;0;0;3316;0;0;0;0;0;0;
29505;4957347;621072384;34877440;575565824;0;0;0;0;0;0;0;0;0;0;0;2905;0;0;0;0;0;0;
29506;3374328;621072384;34877440;575565824;0;0;0;0;0;0;0;0;0;0;0;3837;0;0;0;0;0;0;
29507;4467699;621072384;34877440;575565824;0;0;0;0;0;0;0;0;0;0;0;2265;0;0;0;0;0;0;
29508;4429336;621072384;34877440;575565824;0;0;0;0;0;0;0;0;0;0;0;3867;0;0;0;0;0;0;
29509;4618521;621072384;34877440;575565824;0;0;0;0;0;0;0;0;0;0;0;2755;0;0;0;0;0;0;
29510;4505159;621072384;34877440;575565824;0;0;0;0;0;0;0;0;0;0;0;4879;0;0;0;0;0;0;
29511;4597973;621072384;34877440;575565824;0;0;0;0;0;0;0;0;0;0;0;2776;0;0;0;0;0;0;
29512;4003959;621072384;34877440;575565824;0;0;0;0;0;0;0;0;0;0;0;3587;0;0;0;0;0;0;
29513;4773933;621072384;34877440;575565824;0;0;0;0;0;0;0;0;0;0;0;2826;0;0;0;0;0;0;
29514;3637572;621072384;34877440;575565824;0;0;0;0;0;0;0;0;0;0;0;3817;0;0;0;0;0;0;
29515;4643669;621072384;34877440;575565824;0;0;0;0;0;0;0;0;0;0;0;2836;0;0;0;0;0;0;
29516;3585785;621072384;34877440;575565824;0;0;0;0;0;0;0;0;0;0;0;3076;0;0;0;0;0;0;
29517;4743997;621072384;34877440;575565824;0;0;0;0;0;0;0;0;0;0;0;3176;0;0;0;0;0;0;
29518;3373817;621072384;34877440;575565824;0;0;0;0;0;0;0;0;0;0;0;3867;0;0;0;0;0;0;
29519;4958279;621072384;34877440;575565824;0;0;0;0;0;0;0;0;0;0;0;4669;0;0;0;0;0;0;
29520;3237511;621072384;34877440;575565824;0;0;0;0;0;0;0;0;0;0;0;3286;0;0;0;0;0;0;
29521;4813887;621072384;34877440;575565824;0;0;0;0;0;0;0;0;0;0;0;3396;0;0;0;0;0;0;
29522;3290231;621072384;34877440;575565824;0;0;0;0;0;0;0;0;0;0;0;4589;0;0;0;0;0;0;
29523;4755418;621072384;34877440;575565824;0;0;0;0;0;0;0;0;0;0;0;3066;0;0;0;0;0;0;
29524;3252731;621072384;34877440;575565824;0;0;0;0;0;0;0;0;0;0;0;3637;0;0;0;0;0;0;
29525;4864592;621072384;34877440;575565824;0;0;0;0;0;0;0;0;0;0;0;3526;0;0;0;0;0;0;
29526;3431004;621072384;34877440;575565824;0;0;0;0;0;0;0;0;0;0;0;3226;0;0;0;0;0;0;
29527;5205652;621072384;34877440;575565824;0;0;0;0;0;0;0;0;0;0;0;3307;0;0;0;0;0;0;
29528;3341858;621072384;34877440;575565824;0;0;0;0;0;0;0;0;0;0;0;3517;0;0;0;0;0;0;
29529;4967927;621072384;34877440;575565824;0;0;0;0;0;0;0;0;0;0;0;3727;0;0;0;0;0;0;
29530;3301211;621072384;34877440;575565824;0;0;0;0;0;0;0;0;0;0;0;4308;0;0;0;0;0;0;
29531;4789813;621072384;34877440;575565824;0;0;0;0;0;0;0;0;0;0;0;3016;0;0;0;0;0;0;
29532;3701903;621072384;34877440;575565824;0;0;0;0;0;0;0;0;0;0;0;3677;0;0;0;0;0;0;
29533;4729910;621072384;34877440;575565824;0;0;0;0;0;0;0;0;0;0;0;3176;0;0;0;0;0;0;
29534;3565707;621072384;34877440;575565824;0;0;0;0;0;0;0;0;0;0;0;3046;0;0;0;0;0;0;
29535;4597362;621072384;34877440;575565824;0;0;0;0;0;0;0;0;0;0;0;2595;0;0;0;0;0;0;
29536;3677777;621072384;34877440;575565824;0;0;0;0;0;0;0;0;0;0;0;3226;0;0;0;0;0;0;
29537;5484485;621072384;34877440;575565824;0;0;0;0;0;0;0;0;0;0;0;3998;0;0;0;0;0;0;
29538;3886539;621072384;34877440;575565824;0;0;0;0;0;0;0;0;0;0;0;4028;0;0;0;0;0;0;
29539;5143105;621072384;34877440;575565824;0;0;0;0;0;0;0;0;0;0;0;3637;0;0;0;0;0;0;
29540;4205136;621072384;34877440;575565824;0;0;0;0;0;0;0;0;0;0;0;3316;0;0;0;0;0;0;
29541;5037367;621072384;34877440;575565824;0;0;0;0;0;0;0;0;0;0;0;3316;0;0;0;0;0;0;
29542;3750343;621072384;34877440;575565824;0;0;0;0;0;0;0;0;0;0;0;3376;0;0;0;0;0;0;
29543;5042457;621072384;34877440;575565824;0;0;0;0;0;0;0;0;0;0;0;3687;0;0;0;0;0;0;
29544;3231590;621072384;34877440;575565824;0;0;0;0;0;0;0;0;0;0;0;3246;0;0;0;0;0;0;
29545;5183200;621072384;34877440;575565824;0;0;0;0;0;0;0;0;0;0;0;4609;0;0;0;0;0;0;
29546;3169825;621072384;34877440;575565824;0;0;0;0;0;0;0;0;0;0;0;3987;0;0;0;0;0;0;
29547;5175837;621072384;34877440;575565824;0;0;0;0;0;0;0;0;0;0;0;3797;0;0;0;0;0;0;
29548;3438368;621072384;34877440;575565824;0;0;0;0;0;0;0;0;0;0;0;3937;0;0;0;0;0;0;
29549;5017310;621072384;34877440;575565824;0;0;0;0;0;0;0;0;0;0;0;3106;0;0;0;0;0;0;
29550;3374358;621072384;34877440;575565824;0;0;0;0;0;0;0;0;0;0;0;4058;0;0;0;0;0;0;
29551;4717807;621072384;34877440;575565824;0;0;0;0;0;0;0;0;0;0;0;3126;0;0;0;0;0;0;
29552;3378155;621072384;34877440;575565824;0;0;0;0;0;0;0;0;0;0;0;3016;0;0;0;0;0;0;
29553;5318544;621072384;34877440;575565824;0;0;0;0;0;0;0;0;0;0;0;4890;0;0;0;0;0;0;
29554;4323499;621072384;34877440;575565824;0;0;0;0;0;0;0;0;0;0;0;3777;0;0;0;0;0;0;
29555;5449840;621072384;34877440;575565824;0;0;0;0;0;0;0;0;0;0;0;4689;0;0;0;0;0;0;
29556;4346922;621072384;34877440;575565824;0;0;0;0;0;0;0;0;0;0;0;4399;0;0;0;0;0;0;
29557;4595047;621072384;34877440;575565824;0;0;0;0;0;0;0;0;0;0;0;2925;0;0;0;0;0;0;
29558;3730225;621072384;34877440;575565824;0;0;0;0;0;0;0;0;0;0;0;2985;0;0;0;0;0;0;
29559;5495196;621072384;34877440;575565824;0;0;0;0;0;0;0;0;0;0;0;4338;0;0;0;0;0;0;
29560;3859879;621072384;34877440;575565824;0;0;0;0;0;0;0;0;0;0;0;4008;0;0;0;0;0;0;
29561;5687667;621072384;34877440;575565824;0;0;0;0;0;0;0;0;0;0;0;5360;0;0;0;0;0;0;
29562;3762756;621072384;34877440;575565824;0;0;0;0;0;0;0;0;0;0;0;3857;0;0;0;0;0;0;
29563;5081500;621072384;34877440;575565824;0;0;0;0;0;0;0;0;0;0;0;3697;0;0;0;0;0;0;
29564;3484074;621072384;34877440;575565824;0;0;0;0;0;0;0;0;0;0;0;3667;0;0;0;0;0;0;
29565;4506872;621072384;34877440;575565824;0;0;0;0;0;0;0;0;0;0;0;2745;0;0;0;0;0;0;
29566;3744161;621072384;34877440;575565824;0;0;0;0;0;0;0;0;0;0;0;4748;0;0;0;0;0;0;
29567;4798389;621072384;34877440;575565824;0;0;0;0;0;0;0;0;0;0;0;3366;0;0;0;0;0;0;
29568;3458716;621072384;34877440;575565824;0;0;0;0;0;0;0;0;0;0;0;3216;0;0;0;0;0;0;
29569;4762521;621072384;34877440;575565824;0;0;0;0;0;0;0;0;0;0;0;3006;0;0;0;0;0;0;
29570;3665935;621072384;34877440;575565824;0;0;0;0;0;0;0;0;0;0;0;4318;0;0;0;0;0;0;
29571;4710894;621072384;34877440;575565824;0;0;0;0;0;0;0;0;0;0;0;4098;0;0;0;0;0;0;
29572;3436705;621072384;34877440;575565824;0;0;0;0;0;0;0;0;0;0;0;3567;0;0;0;0;0;0;
29573;4918023;621072384;34877440;575565824;0;0;0;0;0;0;0;0;0;0;0;3596;0;0;0;0;0;0;
29574;3543696;621072384;34877440;575565824;0;0;0;0;0;0;0;0;0;0;0;4599;0;0;0;0;0;0;
29575;4843794;621072384;34877440;575565824;0;0;0;0;0;0;0;0;0;0;0;4418;0;0;0;0;0;0;
29576;4825971;621072384;34877440;575565824;0;0;0;0;0;0;0;0;0;0;0;3106;0;0;0;0;0;0;
29577;5120914;621072384;34877440;575565824;0;0;0;0;0;0;0;0;0;0;0;3206;0;0;0;0;0;0;
29578;3842556;621072384;34877440;575565824;0;0;0;0;0;0;0;0;0;0;0;4248;0;0;0;0;0;0;
29579;4750800;621072384;34877440;575565824;0;0;0;0;0;0;0;0;0;0;0;2885;0;0;0;0;0;0;
29580;3901427;621072384;34877440;575565824;0;0;0;0;0;0;0;0;0;0;0;3947;0;0;0;0;0;0;
29581;4549692;621072384;34877440;575565824;0;0;0;0;0;0;0;0;0;0;0;2635;0;0;0;0;0;0;
29582;3599570;621072384;34877440;575565824;0;0;0;0;0;0;0;0;0;0;0;3516;0;0;0;0;0;0;
29583;4560232;621072384;34877440;575565824;0;0;0;0;0;0;0;0;0;0;0;3406;0;0;0;0;0;0;
29584;3494243;621072384;34877440;575565824;0;0;0;0;0;0;0;0;0;0;0;4679;0;0;0;0;0;0;
29585;4865204;621072384;34877440;575565824;0;0;0;0;0;0;0;0;0;0;0;4879;0;0;0;0;0;0;
29586;3487480;621072384;34877440;575565824;0;0;0;0;0;0;0;0;0;0;0;4348;0;0;0;0;0;0;
29587;5017599;621072384;34877440;575565824;0;0;0;0;0;0;0;0;0;0;0;3116;0;0;0;0;0;0;
29588;3663149;621072384;34877440;575565824;0;0;0;0;0;0;0;0;0;0;0;4519;0;0;0;0;0;0;
29589;5089966;621072384;34877440;575565824;0;0;0;0;0;0;0;0;0;0;0;5320;0;0;0;0;0;0;
29590;3882671;621072384;34877440;575565824;0;0;0;0;0;0;0;0;0;0;0;3827;0;0;0;0;0;0;
29591;5147423;621072384;34877440;575565824;0;0;0;0;0;0;0;0;0;0;0;5350;0;0;0;0;0;0;
29592;4193405;621072384;34877440;575565824;0;0;0;0;0;0;0;0;0;0;0;5420;0;0;0;0;0;0;
29593;4746251;621072384;34877440;575565824;0;0;0;0;0;0;0;0;0;0;0;3517;0;0;0;0;0;0;
29594;4147228;621072384;34877440;575565824;0;0;0;0;0;0;0;0;0;0;0;4468;0;0;0;0;0;0;
29595;4676891;621072384;34877440;575565824;0;0;0;0;0;0;0;0;0;0;0;2735;0;0;0;0;0;0;
29596;3752237;621072384;34877440;575565824;0;0;0;0;0;0;0;0;0;0;0;4378;0;0;0;0;0;0;
29597;4769605;621072384;34877440;575565824;0;0;0;0;0;0;0;0;0;0;0;2926;0;0;0;0;0;0;
29598;3865209;621072384;34877440;575565824;0;0;0;0;0;0;0;0;0;0;0;3597;0;0;0;0;0;0;
29599;4772350;621072384;34877440;575565824;0;0;0;0;0;0;0;0;0;0;0;3336;0;0;0;0;0;0;
29600;3503310;621072384;34877440;575565824;0;0;0;0;0;0;0;0;0;0;0;3938;0;0;0;0;0;0;
29601;4834136;621072384;34877440;575565824;0;0;0;0;0;0;0;0;0;0;0;2866;0;0;0;0;0;0;
29602;3711831;621072384;34877440;575565824;0;0;0;0;0;0;0;0;0;0;0;3888;0;0;0;0;0;0;
29603;5345314;621072384;34877440;575565824;0;0;0;0;0;0;0;0;0;0;0;4168;0;0;0;0;0;0;
29604;3509522;621072384;34877440;575565824;0;0;0;0;0;0;0;0;0;0;0;4398;0;0;0;0;0;0;
29605;5231380;621072384;34877440;575565824;0;0;0;0;0;0;0;0;0;0;0;4008;0;0;0;0;0;0;
29606;3811247;621072384;34877440;575565824;0;0;0;0;0;0;0;0;0;0;0;4318;0;0;0;0;0;0;
29607;5340806;621072384;34877440;575565824;0;0;0;0;0;0;0;0;0;0;0;4739;0;0;0;0;0;0;
29608;3888723;621072384;34877440;575565824;0;0;0;0;0;0;0;0;0;0;0;4328;0;0;0;0;0;0;
29609;4652496;621072384;34877440;575565824;0;0;0;0;0;0;0;0;0;0;0;2665;0;0;0;0;0;0;
29610;3692445;621072384;34877440;575565824;0;0;0;0;0;0;0;0;0;0;0;4028;0;0;0;0;0;0;
29611;4635784;621072384;34877440;575565824;0;0;0;0;0;0;0;0;0;0;0;2655;0;0;0;0;0;0;
29612;3867333;621072384;34877440;575565824;0;0;0;0;0;0;0;0;0;0;0;3527;0;0;0;0;0;0;
29613;4818246;621072384;34877440;575565824;0;0;0;0;0;0;0;0;0;0;0;2905;0;0;0;0;0;0;
29614;3907017;621072384;34877440;575565824;0;0;0;0;0;0;0;0;0;0;0;4569;0;0;0;0;0;0;
29615;5052134;621072384;34877440;575565824;0;0;0;0;0;0;0;0;0;0;0;4208;0;0;0;0;0;0;
29616;3681124;621072384;34877440;575565824;0;0;0;0;0;0;0;0;0;0;0;4699;0;0;0;0;0;0;
29617;5286545;621072384;34877440;575565824;0;0;0;0;0;0;0;0;0;0;0;4138;0;0;0;0;0;0;
29618;3543165;621072384;34877440;575565824;0;0;0;0;0;0;0;0;0;0;0;4859;0;0;0;0;0;0;
29619;5024794;621072384;34877440;575565824;0;0;0;0;0;0;0;0;0;0;0;4559;0;0;0;0;0;0;
29620;3832527;621072384;34877440;575565824;0;0;0;0;0;0;0;0;0;0;0;4228;0;0;0;0;0;0;
29621;4814799;621072384;34877440;575565824;0;0;0;0;0;0;0;0;0;0;0;3065;0;0;0;0;0;0;
29622;3487300;621072384;34877440;575565824;0;0;0;0;0;0;0;0;0;0;0;3797;0;0;0;0;0;0;
29623;4461477;621072384;34877440;575565824;0;0;0;0;0;0;0;0;0;0;0;2515;0;0;0;0;0;0;
29624;3826546;621072384;34877440;575565824;0;0;0;0;0;0;0;0;0;0;0;3867;0;0;0;0;0;0;
29625;4787088;621072384;34877440;575565824;0;0;0;0;0;0;0;0;0;0;0;3086;0;0;0;0;0;0;
29626;3952332;621072384;34877440;575565824;0;0;0;0;0;0;0;0;0;0;0;3717;0;0;0;0;0;0;
29627;4895471;621072384;34877440;575565824;0;0;0;0;0;0;0;0;0;0;0;4979;0;0;0;0;0;0;
29628;4297599;621072384;34877440;575565824;0;0;0;0;0;0;0;0;0;0;0;4659;0;0;0;0;0;0;
29629;5253633;621072384;34877440;575565824;0;0;0;0;0;0;0;0;0;0;0;3717;0;0;0;0;0;0;
29630;4024668;621072384;34877440;575565824;0;0;0;0;0;0;0;0;0;0;0;3867;0;0;0;0;0;0;
29631;5016959;621072384;34877440;575565824;0;0;0;0;0;0;0;0;0;0;0;3537;0;0;0;0;0;0;
29632;3259463;621072384;34877440;575565824;0;0;0;0;0;0;0;0;0;0;0;3516;0;0;0;0;0;0;
29633;5107328;621072384;34877440;575565824;0;0;0;0;0;0;0;0;0;0;0;3888;0;0;0;0;0;0;
29634;4171814;621072384;34877440;575565824;0;0;0;0;0;0;0;0;0;0;0;4178;0;0;0;0;0;0;
29635;5115223;621072384;34877440;575565824;0;0;0;0;0;0;0;0;0;0;0;3787;0;0;0;0;0;0;
29636;4267323;621072384;34877440;575565824;0;0;0;0;0;0;0;0;0;0;0;6042;0;0;0;0;0;0;
29637;4738667;621072384;34877440;575565824;0;0;0;0;0;0;0;0;0;0;0;3106;0;0;0;0;0;0;
29638;3876580;621072384;34877440;575565824;0;0;0;0;0;0;0;0;0;0;0;11341;0;0;0;0;0;0;
29639;4649690;621072384;34877440;575565824;0;0;0;0;0;0;0;0;0;0;0;2495;0;0;0;0;0;0;
29640;3560397;621072384;34877440;575565824;0;0;0;0;0;0;0;0;0;0;0;3466;0;0;0;0;0;0;
29641;4806424;621072384;34877440;575565824;0;0;0;0;0;0;0;0;0;0;0;2745;0;0;0;0;0;0;
29642;3714637;621072384;34877440;575565824;0;0;0;0;0;0;0;0;0;0;0;3006;0;0;0;0;0;0;
29643;4341061;621072384;34877440;575565824;0;0;0;0;0;0;0;0;0;0;0;1843;0;0;0;0;0;0;
29644;3760012;621072384;34877440;575565824;0;0;0;0;0;0;0;0;0;0;0;3126;0;0;0;0;0;0;
29645;4590349;621072384;34877440;575565824;0;0;0;0;0;0;0;0;0;0;0;2535;0;0;0;0;0;0;
29646;3348751;621072384;34877440;575565824;0;0;0;0;0;0;0;0;0;0;0;4518;0;0;0;0;0;0;
29647;5066442;621072384;34877440;575565824;0;0;0;0;0;0;0;0;0;0;0;2725;0;0;0;0;0;0;
29648;3160998;621072384;34877440;575565824;0;0;0;0;0;0;0;0;0;0;0;4107;0;0;0;0;0;0;
29649;4584668;621072384;34877440;575565824;0;0;0;0;0;0;0;0;0;0;0;2765;0;0;0;0;0;0;
29650;4148810;621072384;34877440;575565824;0;0;0;0;0;0;0;0;0;0;0;3827;0;0;0;0;0;0;
29651;8631177;621072384;34877440;575565824;0;0;0;0;0;0;0;0;0;0;0;4789;0;0;0;0;0;0;
29652;10140988;621072384;34877440;575565824;0;0;0;0;0;0;0;0;0;0;0;4118;0;0;0;0;0;0;
29653;4481805;621072384;34877440;575565824;0;0;0;0;0;0;0;0;0;0;0;2845;0;0;0;0;0;0;
29654;4734760;621072384;34877440;575565824;0;0;0;0;0;0;0;0;0;0;0;4117;0;0;0;0;0;0;
29655;4890862;621072384;34877440;575565824;0;0;0;0;0;0;0;0;0;0;0;4479;0;0;0;0;0;0;
29656;3643132;621072384;34877440;575565824;0;0;0;0;0;0;0;0;0;0;0;5730;0;0;0;0;0;0;
29657;5237673;621072384;34877440;575565824;0;0;0;0;0;0;0;0;0;0;0;3697;0;0;0;0;0;0;
29658;4301327;621072384;34877440;575565824;0;0;0;0;0;0;0;0;0;0;0;3777;0;0;0;0;0;0;
29659;4919106;621072384;34877440;575565824;0;0;0;0;0;0;0;0;0;0;0;2725;0;0;0;0;0;0;
29660;4218781;621072384;34877440;575565824;0;0;0;0;0;0;0;0;0;0;0;5421;0;0;0;0;0;0;
29661;4665480;621072384;34877440;575565824;0;0;0;0;0;0;0;0;0;0;0;2745;0;0;0;0;0;0;
29662;3765993;621072384;34877440;575565824;0;0;0;0;0;0;0;0;0;0;0;4298;0;0;0;0;0;0;
29663;4809190;621072384;34877440;575565824;0;0;0;0;0;0;0;0;0;0;0;3186;0;0;0;0;0;0;
29664;3340394;621072384;34877440;575565824;0;0;0;0;0;0;0;0;0;0;0;4729;0;0;0;0;0;0;
29665;4867849;621072384;34877440;575565824;0;0;0;0;0;0;0;0;0;0;0;4619;0;0;0;0;0;0;
29666;3633764;621072384;34877440;575565824;0;0;0;0;0;0;0;0;0;0;0;3997;0;0;0;0;0;0;
29667;5204992;621072384;34877440;575565824;0;0;0;0;0;0;0;0;0;0;0;3386;0;0;0;0;0;0;
29668;3376853;621072384;34877440;575565824;0;0;0;0;0;0;0;0;0;0;0;3467;0;0;0;0;0;0;
29669;4764826;621072384;34877440;575565824;0;0;0;0;0;0;0;0;0;0;0;3647;0;0;0;0;0;0;
29670;3061000;621072384;34877440;575565824;0;0;0;0;0;0;0;0;0;0;0;4669;0;0;0;0;0;0;
29671;4772039;621072384;34877440;575565824;0;0;0;0;0;0;0;0;0;0;0;3877;0;0;0;0;0;0;
29672;3031585;621072384;34877440;575565824;0;0;0;0;0;0;0;0;0;0;0;5280;0;0;0;0;0;0;
29673;4746642;621072384;34877440;575565824;0;0;0;0;0;0;0;0;0;0;0;3106;0;0;0;0;0;0;
29674;3209459;621072384;34877440;575565824;0;0;0;0;0;0;0;0;0;0;0;4148;0;0;0;0;0;0;
29675;5046033;621072384;34877440;575565824;0;0;0;0;0;0;0;0;0;0;0;4689;0;0;0;0;0;0;
29676;3623786;621072384;34877440;575565824;0;0;0;0;0;0;0;0;0;0;0;5139;0;0;0;0;0;0;
29677;4646855;621072384;34877440;575565824;0;0;0;0;0;0;0;0;0;0;0;2074;0;0;0;0;0;0;
29678;3701080;621072384;34877440;575565824;0;0;0;0;0;0;0;0;0;0;0;5070;0;0;0;0;0;0;
29679;5063606;621072384;34877440;575565824;0;0;0;0;0;0;0;0;0;0;0;4488;0;0;0;0;0;0;
29680;3477381;621072384;34877440;575565824;0;0;0;0;0;0;0;0;0;0;0;4237;0;0;0;0;0;0;
29681;4860105;621072384;34877440;575565824;0;0;0;0;0;0;0;0;0;0;0;3877;0;0;0;0;0;0;
29682;3922336;621072384;34877440;575565824;0;0;0;0;0;0;0;0;0;0;0;4719;0;0;0;0;0;0;
29683;5233175;621072384;34877440;575565824;0;0;0;0;0;0;0;0;0;0;0;4459;0;0;0;0;0;0;
29684;4199846;621072384;34877440;575565824;0;0;0;0;0;0;0;0;0;0;0;5230;0;0;0;0;0;0;
29685;4622148;621072384;34877440;575565824;0;0;0;0;0;0;0;0;0;0;0;3116;0;0;0;0;0;0;
29686;3921504;621072384;34877440;575565824;0;0;0;0;0;0;0;0;0;0;0;4398;0;0;0;0;0;0;
29687;4501161;621072384;34877440;575565824;0;0;0;0;0;0;0;0;0;0;0;2926;0;0;0;0;0;0;
29688;3714456;621072384;34877440;575565824;0;0;0;0;0;0;0;0;0;0;0;3566;0;0;0;0;0;0;
29689;4893057;621072384;34877440;575565824;0;0;0;0;0;0;0;0;0;0;0;3115;0;0;0;0;0;0;
29690;3984293;621072384;34877440;575565824;0;0;0;0;0;0;0;0;0;0;0;4238;0;0;0;0;0;0;
29691;5033710;621072384;34877440;575565824;0;0;0;0;0;0;0;0;0;0;0;2935;0;0;0;0;0;0;
29692;3555448;621072384;34877440;575565824;0;0;0;0;0;0;0;0;0;0;0;5090;0;0;0;0;0;0;
29693;5293908;621072384;34877440;575565824;0;0;0;0;0;0;0;0;0;0;0;3877;0;0;0;0;0;0;
29694;3735376;621072384;34877440;575565824;0;0;0;0;0;0;0;0;0;0;0;4638;0;0;0;0;0;0;
29695;5159917;621072384;34877440;575565824;0;0;0;0;0;0;0;0;0;0;0;4308;0;0;0;0;0;0;
29696;4215917;621072384;34877440;575565824;0;0;0;0;0;0;0;0;0;0;0;5991;0;0;0;0;0;0;
29697;4772591;621072384;34877440;575565824;0;0;0;0;0;0;0;0;0;0;0;3647;0;0;0;0;0;0;
29698;3624407;621072384;34877440;575565824;0;0;0;0;0;0;0;0;0;0;0;4028;0;0;0;0;0;0;
29699;4713730;621072384;34877440;575565824;0;0;0;0;0;0;0;0;0;0;0;2795;0;0;0;0;0;0;
29700;3986436;621072384;34877440;575565824;0;0;0;0;0;0;0;0;0;0;0;4288;0;0;0;0;0;0;
29701;4734038;621072384;34877440;575565824;0;0;0;0;0;0;0;0;0;0;0;2926;0;0;0;0;0;0;
29702;4199135;621072384;34877440;575565824;0;0;0;0;0;0;0;0;0;0;0;4359;0;0;0;0;0;0;
29703;4834797;621072384;34877440;575565824;0;0;0;0;0;0;0;0;0;0;0;2675;0;0;0;0;0;0;
29704;4989637;621072384;34877440;575565824;0;0;0;0;0;0;0;0;0;0;0;3367;0;0;0;0;0;0;
29705;5263141;621072384;34877440;575565824;0;0;0;0;0;0;0;0;0;0;0;3386;0;0;0;0;0;0;
29706;4013296;621072384;34877440;575565824;0;0;0;0;0;0;0;0;0;0;0;3236;0;0;0;0;0;0;
29707;4995108;621072384;34877440;575565824;0;0;0;0;0;0;0;0;0;0;0;3937;0;0;0;0;0;0;
29708;3725968;621072384;34877440;575565824;0;0;0;0;0;0;0;0;0;0;0;4589;0;0;0;0;0;0;
29709;4788640;621072384;34877440;575565824;0;0;0;0;0;0;0;0;0;0;0;3406;0;0;0;0;0;0;
29710;3915262;621072384;34877440;575565824;0;0;0;0;0;0;0;0;0;0;0;4328;0;0;0;0;0;0;
29711;4681931;621072384;34877440;575565824;0;0;0;0;0;0;0;0;0;0;0;2926;0;0;0;0;0;0;
29712;3950188;621072384;34877440;575565824;0;0;0;0;0;0;0;0;0;0;0;3888;0;0;0;0;0;0;
29713;5023400;621072384;34877440;575565824;0;0;0;0;0;0;0;0;0;0;0;2474;0;0;0;0;0;0;
29714;3382333;621072384;34877440;575565824;0;0;0;0;0;0;0;0;0;0;0;3818;0;0;0;0;0;0;
29715;4679827;621072384;34877440;575565824;0;0;0;0;0;0;0;0;0;0;0;2495;0;0;0;0;0;0;
29716;3319756;621072384;34877440;575565824;0;0;0;0;0;0;0;0;0;0;0;3507;0;0;0;0;0;0;
29717;4901743;621072384;34877440;575565824;0;0;0;0;0;0;0;0;0;0;0;2705;0;0;0;0;0;0;
29718;3311871;621072384;34877440;575565824;0;0;0;0;0;0;0;0;0;0;0;3827;0;0;0;0;0;0;
29719;5230980;621072384;34877440;575565824;0;0;0;0;0;0;0;0;0;0;0;4117;0;0;0;0;0;0;
29720;3367836;621072384;34877440;575565824;0;0;0;0;0;0;0;0;0;0;0;5080;0;0;0;0;0;0;
29721;5656549;621072384;34877440;575565824;0;0;0;0;0;0;0;0;0;0;0;4339;0;0;0;0;0;0;
29722;3563062;621072384;34877440;575565824;0;0;0;0;0;0;0;0;0;0;0;5220;0;0;0;0;0;0;
29723;4887817;621072384;34877440;575565824;0;0;0;0;0;0;0;0;0;0;0;3236;0;0;0;0;0;0;
29724;3747798;621072384;34877440;575565824;0;0;0;0;0;0;0;0;0;0;0;5640;0;0;0;0;0;0;
29725;4651924;621072384;34877440;575565824;0;0;0;0;0;0;0;0;0;0;0;3467;0;0;0;0;0;0;
29726;3509522;621072384;34877440;575565824;0;0;0;0;0;0;0;0;0;0;0;4318;0;0;0;0;0;0;
29727;4724460;621072384;34877440;575565824;0;0;0;0;0;0;0;0;0;0;0;2675;0;0;0;0;0;0;
29728;3680182;621072384;34877440;575565824;0;0;0;0;0;0;0;0;0;0;0;3687;0;0;0;0;0;0;
29729;4972355;621072384;34877440;575565824;0;0;0;0;0;0;0;0;0;0;0;2836;0;0;0;0;0;0;
29730;3315508;621072384;34877440;575565824;0;0;0;0;0;0;0;0;0;0;0;3677;0;0;0;0;0;0;
29731;5052145;621072384;34877440;575565824;0;0;0;0;0;0;0;0;0;0;0;1993;0;0;0;0;0;0;
29732;3342278;621072384;34877440;575565824;0;0;0;0;0;0;0;0;0;0;0;3947;0;0;0;0;0;0;
29733;4957207;621072384;34877440;575565824;0;0;0;0;0;0;0;0;0;0;0;4859;0;0;0;0;0;0;
29734;3263370;621072384;34877440;575565824;0;0;0;0;0;0;0;0;0;0;0;2584;0;0;0;0;0;0;
29735;5490407;621072384;34877440;575565824;0;0;0;0;0;0;0;0;0;0;0;3256;0;0;0;0;0;0;
29736;3086248;621072384;34877440;575565824;0;0;0;0;0;0;0;0;0;0;0;4248;0;0;0;0;0;0;
29737;5111847;621072384;34877440;575565824;0;0;0;0;0;0;0;0;0;0;0;3597;0;0;0;0;0;0;
29738;4119345;621072384;34877440;575565824;0;0;0;0;0;0;0;0;0;0;0;5119;0;0;0;0;0;0;
29739;5023060;621072384;34877440;575565824;0;0;0;0;0;0;0;0;0;0;0;6042;0;0;0;0;0;0;
29740;4704072;621072384;34877440;575565824;0;0;0;0;0;0;0;0;0;0;0;3537;0;0;0;0;0;0;
29741;5601454;621072384;34877440;575565824;0;0;0;0;0;0;0;0;0;0;0;3988;0;0;0;0;0;0;
29742;4011774;621072384;34877440;575565824;0;0;0;0;0;0;0;0;0;0;0;3487;0;0;0;0;0;0;
29743;5321430;621072384;34877440;575565824;0;0;0;0;0;0;0;0;0;0;0;3686;0;0;0;0;0;0;
29744;3716710;621072384;34877440;575565824;0;0;0;0;0;0;0;0;0;0;0;5450;0;0;0;0;0;0;
29745;4779533;621072384;34877440;575565824;0;0;0;0;0;0;0;0;0;0;0;3466;0;0;0;0;0;0;
29746;4140685;621072384;34877440;575565824;0;0;0;0;0;0;0;0;0;0;0;4949;0;0;0;0;0;0;
29747;4966725;621072384;34881536;575569920;0;0;0;0;0;0;0;0;0;0;0;4328;0;0;0;0;0;0;
29748;3325426;621072384;34885632;575574016;0;0;0;0;0;0;0;0;0;0;0;4098;0;0;0;0;0;0;
29749;4792969;621072384;34885632;575574016;0;0;0;0;0;0;0;0;0;0;0;3687;0;0;0;0;0;0;
29750;3226571;621072384;34885632;575574016;0;0;0;0;0;0;0;0;0;0;0;3637;0;0;0;0;0;0;
29751;4659578;621072384;34885632;575574016;0;0;0;0;0;0;0;0;0;0;0;3396;0;0;0;0;0;0;
29752;3162932;621072384;34885632;575574016;0;0;0;0;0;0;0;0;0;0;0;3697;0;0;0;0;0;0;
29753;5149567;621072384;34885632;575574016;0;0;0;0;0;0;0;0;0;0;0;4509;0;0;0;0;0;0;
29754;3756034;621072384;34877440;575565824;0;0;0;0;0;0;0;0;0;0;0;3637;0;0;0;0;0;0;
29755;5676365;621072384;34877440;575565824;0;0;0;0;0;0;0;0;0;0;0;4098;0;0;0;0;0;0;
29756;3666526;621072384;34877440;575565824;0;0;0;0;0;0;0;0;0;0;0;4328;0;0;0;0;0;0;
29757;5130301;621072384;34877440;575565824;0;0;0;0;0;0;0;0;0;0;0;3937;0;0;0;0;0;0;
29758;3975375;621072384;34877440;575565824;0;0;0;0;0;0;0;0;0;0;0;3667;0;0;0;0;0;0;
29759;4518504;621072384;34877440;575565824;0;0;0;0;0;0;0;0;0;0;0;2454;0;0;0;0;0;0;
29760;3599942;621072384;34877440;575565824;0;0;0;0;0;0;0;0;0;0;0;3546;0;0;0;0;0;0;
29761;4651514;621072384;34877440;575565824;0;0;0;0;0;0;0;0;0;0;0;2585;0;0;0;0;0;0;
29762;3827579;621072384;34877440;575565824;0;0;0;0;0;0;0;0;0;0;0;4208;0;0;0;0;0;0;
29763;4319942;621072384;34877440;575565824;0;0;0;0;0;0;0;0;0;0;0;2786;0;0;0;0;0;0;
29764;3183200;621072384;34877440;575565824;0;0;0;0;0;0;0;0;0;0;0;2936;0;0;0;0;0;0;
29765;4570912;621072384;34877440;575565824;0;0;0;0;0;0;0;0;0;0;0;2856;0;0;0;0;0;0;
29766;3770631;621072384;34877440;575565824;0;0;0;0;0;0;0;0;0;0;0;4919;0;0;0;0;0;0;
29767;4845207;621072384;34877440;575565824;0;0;0;0;0;0;0;0;0;0;0;2635;0;0;0;0;0;0;
29768;4273455;621072384;34877440;575565824;0;0;0;0;0;0;0;0;0;0;0;4458;0;0;0;0;0;0;
29769;5169695;621072384;34877440;575565824;0;0;0;0;0;0;0;0;0;0;0;5180;0;0;0;0;0;0;
29770;3548094;621072384;34877440;575565824;0;0;0;0;0;0;0;0;0;0;0;3907;0;0;0;0;0;0;
29771;4976172;621072384;34877440;575565824;0;0;0;0;0;0;0;0;0;0;0;4268;0;0;0;0;0;0;
29772;3554947;621072384;34877440;575565824;0;0;0;0;0;0;0;0;0;0;0;3988;0;0;0;0;0;0;
29773;5626823;621072384;34877440;575565824;0;0;0;0;0;0;0;0;0;0;0;4699;0;0;0;0;0;0;
29774;3861242;621072384;34877440;575565824;0;0;0;0;0;0;0;0;0;0;0;3407;0;0;0;0;0;0;
29775;4788320;621072384;34877440;575565824;0;0;0;0;0;0;0;0;0;0;0;3436;0;0;0;0;0;0;
29776;3794356;621072384;34877440;575565824;0;0;0;0;0;0;0;0;0;0;0;3877;0;0;0;0;0;0;
29777;5234667;621072384;34877440;575565824;0;0;0;0;0;0;0;0;0;0;0;3286;0;0;0;0;0;0;
29778;3945860;621072384;34877440;575565824;0;0;0;0;0;0;0;0;0;0;0;3717;0;0;0;0;0;0;
29779;4488578;621072384;34877440;575565824;0;0;0;0;0;0;0;0;0;0;0;2204;0;0;0;0;0;0;
29780;3414133;621072384;34877440;575565824;0;0;0;0;0;0;0;0;0;0;0;3627;0;0;0;0;0;0;
29781;4592052;621072384;34877440;575565824;0;0;0;0;0;0;0;0;0;0;0;2374;0;0;0;0;0;0;
29782;3402681;621072384;34877440;575565824;0;0;0;0;0;0;0;0;0;0;0;3617;0;0;0;0;0;0;
29783;4577153;621072384;34877440;575565824;0;0;0;0;0;0;0;0;0;0;0;2905;0;0;0;0;0;0;
29784;3298015;621072384;34877440;575565824;0;0;0;0;0;0;0;0;0;0;0;3126;0;0;0;0;0;0;
29785;4373462;621072384;34877440;575565824;0;0;0;0;0;0;0;0;0;0;0;2535;0;0;0;0;0;0;
29786;3337179;621072384;34877440;575565824;0;0;0;0;0;0;0;0;0;0;0;3527;0;0;0;0;0;0;
29787;4271240;621072384;34877440;575565824;0;0;0;0;0;0;0;0;0;0;0;2054;0;0;0;0;0;0;
29788;3534789;621072384;34877440;575565824;0;0;0;0;0;0;0;0;0;0;0;3848;0;0;0;0;0;0;
29789;4436711;621072384;34877440;575565824;0;0;0;0;0;0;0;0;0;0;0;2745;0;0;0;0;0;0;
29790;3722110;621072384;34877440;575565824;0;0;0;0;0;0;0;0;0;0;0;3176;0;0;0;0;0;0;
29791;5043689;621072384;34877440;575565824;0;0;0;0;0;0;0;0;0;0;0;2896;0;0;0;0;0;0;
29792;3406919;621072384;34877440;575565824;0;0;0;0;0;0;0;0;0;0;0;3607;0;0;0;0;0;0;
29793;4768293;621072384;34877440;575565824;0;0;0;0;0;0;0;0;0;0;0;4418;0;0;0;0;0;0;
29794;4172345;621072384;34877440;575565824;0;0;0;0;0;0;0;0;0;0;0;4399;0;0;0;0;0;0;
29795;4946406;621072384;34877440;575565824;0;0;0;0;0;0;0;0;0;0;0;3176;0;0;0;0;0;0;
29796;4962808;621072384;34877440;575565824;0;0;0;0;0;0;0;0;0;0;0;4208;0;0;0;0;0;0;
29797;5036796;621072384;34877440;575565824;0;0;0;0;0;0;0;0;0;0;0;3316;0;0;0;0;0;0;
29798;4589617;621072384;34877440;575565824;0;0;0;0;0;0;0;0;0;0;0;4218;0;0;0;0;0;0;
29799;4688142;621072384;34877440;575565824;0;0;0;0;0;0;0;0;0;0;0;2806;0;0;0;0;0;0;
29800;4324420;621072384;34877440;575565824;0;0;0;0;0;0;0;0;0;0;0;3577;0;0;0;0;0;0;
29801;5862485;621072384;34877440;575565824;0;0;0;0;0;0;0;0;0;0;0;6633;0;0;0;0;0;0;
29802;3963944;621072384;34877440;575565824;0;0;0;0;0;0;0;0;0;0;0;4439;0;0;0;0;0;0;
29803;5287536;621072384;34877440;575565824;0;0;0;0;0;0;0;0;0;0;0;4448;0;0;0;0;0;0;
29804;3605121;621072384;34877440;575565824;0;0;0;0;0;0;0;0;0;0;0;3647;0;0;0;0;0;0;
29805;4939053;621072384;34877440;575565824;0;0;0;0;0;0;0;0;0;0;0;2986;0;0;0;0;0;0;
29806;3986436;621072384;34877440;575565824;0;0;0;0;0;0;0;0;0;0;0;3317;0;0;0;0;0;0;
29807;4619834;621072384;34877440;575565824;0;0;0;0;0;0;0;0;0;0;0;3216;0;0;0;0;0;0;
29808;3130150;621072384;34877440;575565824;0;0;0;0;0;0;0;0;0;0;0;3497;0;0;0;0;0;0;
29809;4646083;621072384;34877440;575565824;0;0;0;0;0;0;0;0;0;0;0;3737;0;0;0;0;0;0;
29810;3507819;621072384;34877440;575565824;0;0;0;0;0;0;0;0;0;0;0;3166;0;0;0;0;0;0;
29811;4931849;621072384;34877440;575565824;0;0;0;0;0;0;0;0;0;0;0;3827;0;0;0;0;0;0;
29812;3406489;621072384;34877440;575565824;0;0;0;0;0;0;0;0;0;0;0;3376;0;0;0;0;0;0;
29813;4872668;621072384;34877440;575565824;0;0;0;0;0;0;0;0;0;0;0;3256;0;0;0;0;0;0;
29814;3928467;621072384;34877440;575565824;0;0;0;0;0;0;0;0;0;0;0;4308;0;0;0;0;0;0;
29815;5057876;621072384;34877440;575565824;0;0;0;0;0;0;0;0;0;0;0;2335;0;0;0;0;0;0;
29816;3538737;621072384;34877440;575565824;0;0;0;0;0;0;0;0;0;0;0;4728;0;0;0;0;0;0;
29817;4583035;621072384;34877440;575565824;0;0;0;0;0;0;0;0;0;0;0;2415;0;0;0;0;0;0;
29818;4021151;621072384;34877440;575565824;0;0;0;0;0;0;0;0;0;0;0;3617;0;0;0;0;0;0;
29819;4896694;621072384;34877440;575565824;0;0;0;0;0;0;0;0;0;0;0;3006;0;0;0;0;0;0;
29820;3692635;621072384;34877440;575565824;0;0;0;0;0;0;0;0;0;0;0;3787;0;0;0;0;0;0;
29821;4898928;621072384;34877440;575565824;0;0;0;0;0;0;0;0;0;0;0;5099;0;0;0;0;0;0;
29822;3505554;621072384;34877440;575565824;0;0;0;0;0;0;0;0;0;0;0;3226;0;0;0;0;0;0;
29823;5297455;621072384;34877440;575565824;0;0;0;0;0;0;0;0;0;0;0;4359;0;0;0;0;0;0;
29824;3303556;621072384;34877440;575565824;0;0;0;0;0;0;0;0;0;0;0;3045;0;0;0;0;0;0;
29825;5113971;621072384;34877440;575565824;0;0;0;0;0;0;0;0;0;0;0;3918;0;0;0;0;0;0;
29826;3076590;621072384;34877440;575565824;0;0;0;0;0;0;0;0;0;0;0;4108;0;0;0;0;0;0;
29827;4727075;621072384;34877440;575565824;0;0;0;0;0;0;0;0;0;0;0;3887;0;0;0;0;0;0;
29828;3157181;621072384;34877440;575565824;0;0;0;0;0;0;0;0;0;0;0;5090;0;0;0;0;0;0;
29829;5314236;621072384;34877440;575565824;0;0;0;0;0;0;0;0;0;0;0;4328;0;0;0;0;0;0;
29830;3707433;621072384;34877440;575565824;0;0;0;0;0;0;0;0;0;0;0;4799;0;0;0;0;0;0;
29831;5044250;621072384;34877440;575565824;0;0;0;0;0;0;0;0;0;0;0;3496;0;0;0;0;0;0;
29832;3875297;621072384;34877440;575565824;0;0;0;0;0;0;0;0;0;0;0;4148;0;0;0;0;0;0;
29833;5092611;621072384;34877440;575565824;0;0;0;0;0;0;0;0;0;0;0;2995;0;0;0;0;0;0;
29834;3709306;621072384;34877440;575565824;0;0;0;0;0;0;0;0;0;0;0;4939;0;0;0;0;0;0;
29835;4762762;621072384;34877440;575565824;0;0;0;0;0;0;0;0;0;0;0;2545;0;0;0;0;0;0;
29836;3593148;621072384;34877440;575565824;0;0;0;0;0;0;0;0;0;0;0;3817;0;0;0;0;0;0;
29837;4594216;621072384;34877440;575565824;0;0;0;0;0;0;0;0;0;0;0;3296;0;0;0;0;0;0;
29838;3436194;621072384;34877440;575565824;0;0;0;0;0;0;0;0;0;0;0;3416;0;0;0;0;0;0;
29839;5110173;621072384;34877440;575565824;0;0;0;0;0;0;0;0;0;0;0;4107;0;0;0;0;0;0;
29840;3470037;621072384;34877440;575565824;0;0;0;0;0;0;0;0;0;0;0;3466;0;0;0;0;0;0;
29841;5068576;621072384;34877440;575565824;0;0;0;0;0;0;0;0;0;0;0;3687;0;0;0;0;0;0;
29842;3524560;621072384;34877440;575565824;0;0;0;0;0;0;0;0;0;0;0;3737;0;0;0;0;0;0;
29843;4920889;621072384;34877440;575565824;0;0;0;0;0;0;0;0;0;0;0;3116;0;0;0;0;0;0;
29844;3085967;621072384;34877440;575565824;0;0;0;0;0;0;0;0;0;0;0;3517;0;0;0;0;0;0;
29845;4965723;621072384;34877440;575565824;0;0;0;0;0;0;0;0;0;0;0;4077;0;0;0;0;0;0;
29846;3710609;621072384;34877440;575565824;0;0;0;0;0;0;0;0;0;0;0;3566;0;0;0;0;0;0;
29847;5086699;621072384;34877440;575565824;0;0;0;0;0;0;0;0;0;0;0;3968;0;0;0;0;0;0;
29848;4039877;621072384;34877440;575565824;0;0;0;0;0;0;0;0;0;0;0;3917;0;0;0;0;0;0;
29849;4700445;621072384;34877440;575565824;0;0;0;0;0;0;0;0;0;0;0;3106;0;0;0;0;0;0;
29850;3669972;621072384;34877440;575565824;0;0;0;0;0;0;0;0;0;0;0;4117;0;0;0;0;0;0;
29851;5007681;621072384;34877440;575565824;0;0;0;0;0;0;0;0;0;0;0;2655;0;0;0;0;0;0;
29852;3456302;621072384;34877440;575565824;0;0;0;0;0;0;0;0;0;0;0;3316;0;0;0;0;0;0;
29853;5155028;621072384;34877440;575565824;0;0;0;0;0;0;0;0;0;0;0;4779;0;0;0;0;0;0;
29854;4002416;621072384;34877440;575565824;0;0;0;0;0;0;0;0;0;0;0;5871;0;0;0;0;0;0;
29855;5119390;621072384;34877440;575565824;0;0;0;0;0;0;0;0;0;0;0;3516;0;0;0;0;0;0;
29856;4212259;621072384;34877440;575565824;0;0;0;0;0;0;0;0;0;0;0;4779;0;0;0;0;0;0;
29857;4995599;621072384;34877440;575565824;0;0;0;0;0;0;0;0;0;0;0;4268;0;0;0;0;0;0;
29858;3511957;621072384;34877440;575565824;0;0;0;0;0;0;0;0;0;0;0;4419;0;0;0;0;0;0;
29859;5010437;621072384;34877440;575565824;0;0;0;0;0;0;0;0;0;0;0;3827;0;0;0;0;0;0;
29860;3286904;621072384;34877440;575565824;0;0;0;0;0;0;0;0;0;0;0;5060;0;0;0;0;0;0;
29861;5222494;621072384;34877440;575565824;0;0;0;0;0;0;0;0;0;0;0;4148;0;0;0;0;0;0;
29862;3689309;621072384;34877440;575565824;0;0;0;0;0;0;0;0;0;0;0;3597;0;0;0;0;0;0;
29863;5022439;621072384;34877440;575565824;0;0;0;0;0;0;0;0;0;0;0;3897;0;0;0;0;0;0;
29864;3306401;621072384;34877440;575565824;0;0;0;0;0;0;0;0;0;0;0;4839;0;0;0;0;0;0;
29865;4765297;621072384;34877440;575565824;0;0;0;0;0;0;0;0;0;0;0;2946;0;0;0;0;0;0;
29866;3822509;621072384;34877440;575565824;0;0;0;0;0;0;0;0;0;0;0;4729;0;0;0;0;0;0;
29867;4752953;621072384;34877440;575565824;0;0;0;0;0;0;0;0;0;0;0;2935;0;0;0;0;0;0;
29868;3389256;621072384;34877440;575565824;0;0;0;0;0;0;0;0;0;0;0;4669;0;0;0;0;0;0;
29869;4508114;621072384;34877440;575565824;0;0;0;0;0;0;0;0;0;0;0;2224;0;0;0;0;0;0;
29870;3420495;621072384;34877440;575565824;0;0;0;0;0;0;0;0;0;0;0;3616;0;0;0;0;0;0;
29871;4826652;621072384;34877440;575565824;0;0;0;0;0;0;0;0;0;0;0;2144;0;0;0;0;0;0;
29872;3368708;621072384;34877440;575565824;0;0;0;0;0;0;0;0;0;0;0;3797;0;0;0;0;0;0;
29873;4505259;621072384;34877440;575565824;0;0;0;0;0;0;0;0;0;0;0;2555;0;0;0;0;0;0;
29874;3528708;621072384;34877440;575565824;0;0;0;0;0;0;0;0;0;0;0;3637;0;0;0;0;0;0;
29875;4512462;621072384;34877440;575565824;0;0;0;0;0;0;0;0;0;0;0;2936;0;0;0;0;0;0;
29876;3243232;621072384;34877440;575565824;0;0;0;0;0;0;0;0;0;0;0;3777;0;0;0;0;0;0;
29877;4528162;621072384;34877440;575565824;0;0;0;0;0;0;0;0;0;0;0;2575;0;0;0;0;0;0;
29878;3525642;621072384;34877440;575565824;0;0;0;0;0;0;0;0;0;0;0;3807;0;0;0;0;0;0;
29879;4707278;621072384;34877440;575565824;0;0;0;0;0;0;0;0;0;0;0;2484;0;0;0;0;0;0;
29880;3059978;621072384;34877440;575565824;0;0;0;0;0;0;0;0;0;0;0;4528;0;0;0;0;0;0;
29881;10338990;621072384;34877440;575565824;0;0;0;0;0;0;0;0;0;0;0;3347;0;0;0;0;0;0;
29882;6304463;621072384;34877440;575565824;0;0;0;0;0;0;0;0;0;0;0;3567;0;0;0;0;0;0;
29883;4706867;621072384;34877440;575565824;0;0;0;0;0;0;0;0;0;0;0;2926;0;0;0;0;0;0;
29884;3526334;621072384;34877440;575565824;0;0;0;0;0;0;0;0;0;0;0;3026;0;0;0;0;0;0;
29885;4363232;621072384;34877440;575565824;0;0;0;0;0;0;0;0;0;0;0;2254;0;0;0;0;0;0;
29886;3343410;621072384;34877440;575565824;0;0;0;0;0;0;0;0;0;0;0;5009;0;0;0;0;0;0;
29887;4519676;621072384;34877440;575565824;0;0;0;0;0;0;0;0;0;0;0;2545;0;0;0;0;0;0;
29888;2928943;621072384;34877440;575565824;0;0;0;0;0;0;0;0;0;0;0;3536;0;0;0;0;0;0;
29889;4868671;621072384;34877440;575565824;0;0;0;0;0;0;0;0;0;0;0;2896;0;0;0;0;0;0;
29890;3344963;621072384;34877440;575565824;0;0;0;0;0;0;0;0;0;0;0;4138;0;0;0;0;0;0;
29891;4838915;621072384;34877440;575565824;0;0;0;0;0;0;0;0;0;0;0;3596;0;0;0;0;0;0;
29892;3548675;621072384;34877440;575565824;0;0;0;0;0;0;0;0;0;0;0;3517;0;0;0;0;0;0;
29893;5450131;621072384;34877440;575565824;0;0;0;0;0;0;0;0;0;0;0;4268;0;0;0;0;0;0;
29894;3616302;621072384;34877440;575565824;0;0;0;0;0;0;0;0;0;0;0;3717;0;0;0;0;0;0;
29895;5512197;621072384;34877440;575565824;0;0;0;0;0;0;0;0;0;0;0;4088;0;0;0;0;0;0;
29896;3727290;621072384;34877440;575565824;0;0;0;0;0;0;0;0;0;0;0;4799;0;0;0;0;0;0;
29897;5035985;621072384;34877440;575565824;0;0;0;0;0;0;0;0;0;0;0;3656;0;0;0;0;0;0;
29898;4354666;621072384;34877440;575565824;0;0;0;0;0;0;0;0;0;0;0;6001;0;0;0;0;0;0;
29899;5239987;621072384;34877440;575565824;0;0;0;0;0;0;0;0;0;0;0;3647;0;0;0;0;0;0;
29900;4138010;621072384;34877440;575565824;0;0;0;0;0;0;0;0;0;0;0;3707;0;0;0;0;0;0;
29901;5248093;621072384;34877440;575565824;0;0;0;0;0;0;0;0;0;0;0;4759;0;0;0;0;0;0;
29902;4230815;621072384;34877440;575565824;0;0;0;0;0;0;0;0;0;0;0;3687;0;0;0;0;0;0;
29903;4984588;621072384;34877440;575565824;0;0;0;0;0;0;0;0;0;0;0;4408;0;0;0;0;0;0;
29904;4076786;621072384;34877440;575565824;0;0;0;0;0;0;0;0;0;0;0;6101;0;0;0;0;0;0;
29905;4957878;621072384;34877440;575565824;0;0;0;0;0;0;0;0;0;0;0;3747;0;0;0;0;0;0;
29906;4393459;621072384;34877440;575565824;0;0;0;0;0;0;0;0;0;0;0;3567;0;0;0;0;0;0;
29907;4528743;621072384;34877440;575565824;0;0;0;0;0;0;0;0;0;0;0;2765;0;0;0;0;0;0;
29908;3855901;621072384;34877440;575565824;0;0;0;0;0;0;0;0;0;0;0;3707;0;0;0;0;0;0;
29909;4592683;621072384;34877440;575565824;0;0;0;0;0;0;0;0;0;0;0;2615;0;0;0;0;0;0;
29910;3554807;621072384;34877440;575565824;0;0;0;0;0;0;0;0;0;0;0;3286;0;0;0;0;0;0;
29911;4557326;621072384;34877440;575565824;0;0;0;0;0;0;0;0;0;0;0;3176;0;0;0;0;0;0;
29912;3622824;621072384;34877440;575565824;0;0;0;0;0;0;0;0;0;0;0;4599;0;0;0;0;0;0;
29913;5342199;621072384;34877440;575565824;0;0;0;0;0;0;0;0;0;0;0;4569;0;0;0;0;0;0;
29914;3995102;621072384;34877440;575565824;0;0;0;0;0;0;0;0;0;0;0;4177;0;0;0;0;0;0;
29915;5179764;621072384;34877440;575565824;0;0;0;0;0;0;0;0;0;0;0;4258;0;0;0;0;0;0;
29916;4574609;621072384;34877440;575565824;0;0;0;0;0;0;0;0;0;0;0;3747;0;0;0;0;0;0;
29917;4939443;621072384;34877440;575565824;0;0;0;0;0;0;0;0;0;0;0;4538;0;0;0;0;0;0;
29918;3745655;621072384;34877440;575565824;0;0;0;0;0;0;0;0;0;0;0;3797;0;0;0;0;0;0;
29919;4790915;621072384;34877440;575565824;0;0;0;0;0;0;0;0;0;0;0;3096;0;0;0;0;0;0;
29920;4341502;621072384;34877440;575565824;0;0;0;0;0;0;0;0;0;0;0;4017;0;0;0;0;0;0;
29921;4525276;621072384;34877440;575565824;0;0;0;0;0;0;0;0;0;0;0;2785;0;0;0;0;0;0;
29922;4388230;621072384;34877440;575565824;0;0;0;0;0;0;0;0;0;0;0;4738;0;0;0;0;0;0;
29923;4448763;621072384;34877440;575565824;0;0;0;0;0;0;0;0;0;0;0;3136;0;0;0;0;0;0;
29924;4007596;621072384;34877440;575565824;0;0;0;0;0;0;0;0;0;0;0;3216;0;0;0;0;0;0;
29925;4932781;621072384;34877440;575565824;0;0;0;0;0;0;0;0;0;0;0;2585;0;0;0;0;0;0;
29926;4408998;621072384;34877440;575565824;0;0;0;0;0;0;0;0;0;0;0;4479;0;0;0;0;0;0;
29927;4789292;621072384;34877440;575565824;0;0;0;0;0;0;0;0;0;0;0;2745;0;0;0;0;0;0;
29928;4444074;621072384;34877440;575565824;0;0;0;0;0;0;0;0;0;0;0;4077;0;0;0;0;0;0;
29929;5486680;621072384;34877440;575565824;0;0;0;0;0;0;0;0;0;0;0;2705;0;0;0;0;0;0;
29930;3961029;621072384;34877440;575565824;0;0;0;0;0;0;0;0;0;0;0;3807;0;0;0;0;0;0;
29931;4868310;621072384;34877440;575565824;0;0;0;0;0;0;0;0;0;0;0;4078;0;0;0;0;0;0;
29932;4081424;621072384;34877440;575565824;0;0;0;0;0;0;0;0;0;0;0;3928;0;0;0;0;0;0;
29933;5926805;621072384;34877440;575565824;0;0;0;0;0;0;0;0;0;0;0;3837;0;0;0;0;0;0;
29934;3610291;621072384;34877440;575565824;0;0;0;0;0;0;0;0;0;0;0;4068;0;0;0;0;0;0;
29935;4869232;621072384;34877440;575565824;0;0;0;0;0;0;0;0;0;0;0;3737;0;0;0;0;0;0;
29936;3469597;621072384;34877440;575565824;0;0;0;0;0;0;0;0;0;0;0;3577;0;0;0;0;0;0;
29937;4662344;621072384;34877440;575565824;0;0;0;0;0;0;0;0;0;0;0;2955;0;0;0;0;0;0;
29938;3224498;621072384;34877440;575565824;0;0;0;0;0;0;0;0;0;0;0;4308;0;0;0;0;0;0;
29939;4615646;621072384;34877440;575565824;0;0;0;0;0;0;0;0;0;0;0;2995;0;0;0;0;0;0;
29940;3557742;621072384;34877440;575565824;0;0;0;0;0;0;0;0;0;0;0;3697;0;0;0;0;0;0;
29941;4748145;621072384;34877440;575565824;0;0;0;0;0;0;0;0;0;0;0;2865;0;0;0;0;0;0;
29942;3874896;621072384;34877440;575565824;0;0;0;0;0;0;0;0;0;0;0;3636;0;0;0;0;0;0;
29943;4608303;621072384;34877440;575565824;0;0;0;0;0;0;0;0;0;0;0;2555;0;0;0;0;0;0;
29944;3493512;621072384;34877440;575565824;0;0;0;0;0;0;0;0;0;0;0;3677;0;0;0;0;0;0;
29945;4725121;621072384;34877440;575565824;0;0;0;0;0;0;0;0;0;0;0;2655;0;0;0;0;0;0;
29946;3794857;621072384;34877440;575565824;0;0;0;0;0;0;0;0;0;0;0;3798;0;0;0;0;0;0;
29947;4901341;621072384;34877440;575565824;0;0;0;0;0;0;0;0;0;0;0;3888;0;0;0;0;0;0;
29948;3590443;621072384;34877440;575565824;0;0;0;0;0;0;0;0;0;0;0;10149;0;0;0;0;0;0;
29949;5190073;621072384;34877440;575565824;0;0;0;0;0;0;0;0;0;0;0;4449;0;0;0;0;0;0;
29950;3741597;621072384;34877440;575565824;0;0;0;0;0;0;0;0;0;0;0;4027;0;0;0;0;0;0;
29951;5378066;621072384;34877440;575565824;0;0;0;0;0;0;0;0;0;0;0;3577;0;0;0;0;0;0;
29952;3830414;621072384;34877440;575565824;0;0;0;0;0;0;0;0;0;0;0;4128;0;0;0;0;0;0;
29953;5271626;621072384;34877440;575565824;0;0;0;0;0;0;0;0;0;0;0;4809;0;0;0;0;0;0;
29954;4180731;621072384;34877440;575565824;0;0;0;0;0;0;0;0;0;0;0;4379;0;0;0;0;0;0;
29955;4941207;621072384;34877440;575565824;0;0;0;0;0;0;0;0;0;0;0;2765;0;0;0;0;0;0;
29956;3887892;621072384;34877440;575565824;0;0;0;0;0;0;0;0;0;0;0;4449;0;0;0;0;0;0;
29957;5206915;621072384;34877440;575565824;0;0;0;0;0;0;0;0;0;0;0;2515;0;0;0;0;0;0;
29958;3614027;621072384;34877440;575565824;0;0;0;0;0;0;0;0;0;0;0;3336;0;0;0;0;0;0;
29959;5236581;621072384;34877440;575565824;0;0;0;0;0;0;0;0;0;0;0;4989;0;0;0;0;0;0;
29960;3983691;621072384;34877440;575565824;0;0;0;0;0;0;0;0;0;0;0;3667;0;0;0;0;0;0;
29961;5218677;621072384;34877440;575565824;0;0;0;0;0;0;0;0;0;0;0;5370;0;0;0;0;0;0;
29962;3605652;621072384;34877440;575565824;0;0;0;0;0;0;0;0;0;0;0;4298;0;0;0;0;0;0;
29963;5039732;621072384;34877440;575565824;0;0;0;0;0;0;0;0;0;0;0;3617;0;0;0;0;0;0;
29964;3198138;621072384;34877440;575565824;0;0;0;0;0;0;0;0;0;0;0;4408;0;0;0;0;0;0;
29965;4861196;621072384;34877440;575565824;0;0;0;0;0;0;0;0;0;0;0;2344;0;0;0;0;0;0;
29966;3274391;621072384;34877440;575565824;0;0;0;0;0;0;0;0;0;0;0;4338;0;0;0;0;0;0;
29967;4445426;621072384;34877440;575565824;0;0;0;0;0;0;0;0;0;0;0;2525;0;0;0;0;0;0;
29968;3243663;621072384;34877440;575565824;0;0;0;0;0;0;0;0;0;0;0;3627;0;0;0;0;0;0;
29969;5285673;621072384;34877440;575565824;0;0;0;0;0;0;0;0;0;0;0;3076;0;0;0;0;0;0;
29970;3752368;621072384;34877440;575565824;0;0;0;0;0;0;0;0;0;0;0;3937;0;0;0;0;0;0;
29971;5349262;621072384;34877440;575565824;0;0;0;0;0;0;0;0;0;0;0;3406;0;0;0;0;0;0;
29972;3859358;621072384;34877440;575565824;0;0;0;0;0;0;0;0;0;0;0;3236;0;0;0;0;0;0;
29973;5199551;621072384;34877440;575565824;0;0;0;0;0;0;0;0;0;0;0;3897;0;0;0;0;0;0;
29974;3610021;621072384;34877440;575565824;0;0;0;0;0;0;0;0;0;0;0;3988;0;0;0;0;0;0;
29975;4998153;621072384;34877440;575565824;0;0;0;0;0;0;0;0;0;0;0;2866;0;0;0;0;0;0;
29976;3777364;621072384;34877440;575565824;0;0;0;0;0;0;0;0;0;0;0;3827;0;0;0;0;0;0;
29977;4564921;621072384;34877440;575565824;0;0;0;0;0;0;0;0;0;0;0;3297;0;0;0;0;0;0;
29978;3529769;621072384;34877440;575565824;0;0;0;0;0;0;0;0;0;0;0;3336;0;0;0;0;0;0;
29979;4985209;621072384;34877440;575565824;0;0;0;0;0;0;0;0;0;0;0;2685;0;0;0;0;0;0;
29980;4076605;621072384;34877440;575565824;0;0;0;0;0;0;0;0;0;0;0;4127;0;0;0;0;0;0;
29981;4952878;621072384;34877440;575565824;0;0;0;0;0;0;0;0;0;0;0;4098;0;0;0;0;0;0;
29982;3534819;621072384;34877440;575565824;0;0;0;0;0;0;0;0;0;0;0;3276;0;0;0;0;0;0;
29983;4810652;621072384;34877440;575565824;0;0;0;0;0;0;0;0;0;0;0;4068;0;0;0;0;0;0;
29984;3728673;621072384;34877440;575565824;0;0;0;0;0;0;0;0;0;0;0;3547;0;0;0;0;0;0;
29985;5118309;621072384;34877440;575565824;0;0;0;0;0;0;0;0;0;0;0;4018;0;0;0;0;0;0;
29986;5475730;621072384;34877440;575565824;0;0;0;0;0;0;0;0;0;0;0;4499;0;0;0;0;0;0;
29987;5144718;621072384;34877440;575565824;0;0;0;0;0;0;0;0;0;0;0;2795;0;0;0;0;0;0;
29988;4256172;621072384;34877440;575565824;0;0;0;0;0;0;0;0;0;0;0;2985;0;0;0;0;0;0;
29989;5212055;621072384;34877440;575565824;0;0;0;0;0;0;0;0;0;0;0;3116;0;0;0;0;0;0;
29990;3463977;621072384;34877440;575565824;0;0;0;0;0;0;0;0;0;0;0;4648;0;0;0;0;0;0;
29991;4465274;621072384;34877440;575565824;0;0;0;0;0;0;0;0;0;0;0;2695;0;0;0;0;0;0;
29992;3182187;621072384;34877440;575565824;0;0;0;0;0;0;0;0;0;0;0;4218;0;0;0;0;0;0;
29993;4841529;621072384;34877440;575565824;0;0;0;0;0;0;0;0;0;0;0;2935;0;0;0;0;0;0;
29994;3531243;621072384;34877440;575565824;0;0;0;0;0;0;0;0;0;0;0;3576;0;0;0;0;0;0;
29995;5344984;621072384;34877440;575565824;0;0;0;0;0;0;0;0;0;0;0;4999;0;0;0;0;0;0;
29996;3387713;621072384;34877440;575565824;0;0;0;0;0;0;0;0;0;0;0;4428;0;0;0;0;0;0;
29997;5314537;621072384;34877440;575565824;0;0;0;0;0;0;0;0;0;0;0;4058;0;0;0;0;0;0;
29998;3591676;621072384;34877440;575565824;0;0;0;0;0;0;0;0;0;0;0;5991;0;0;0;0;0;0;
29999;4725251;621072384;34877440;575565824;0;0;0;0;0;0;0;0;0;0;0;3657;0;0;0;0;0;0;
30000;3836144;621072384;34877440;575565824;0;0;0;0;0;0;0;0;0;0;0;3306;0;0;0;0;0;0;
30001;4852901;621072384;34877440;575565824;0;0;0;0;0;0;0;0;0;0;0;2554;0;0;0;0;0;0;
30002;3909231;621072384;34877440;575565824;0;0;0;0;0;0;0;0;0;0;0;4939;0;0;0;0;0;0;
30003;4669687;621072384;34877440;575565824;0;0;0;0;0;0;0;0;0;0;0;2955;0;0;0;0;0;0;
30004;3438088;621072384;34877440;575565824;0;0;0;0;0;0;0;0;0;0;0;3647;0;0;0;0;0;0;
30005;5183771;621072384;34877440;575565824;0;0;0;0;0;0;0;0;0;0;0;4378;0;0;0;0;0;0;
30006;3131413;621072384;34877440;575565824;0;0;0;0;0;0;0;0;0;0;0;3286;0;0;0;0;0;0;
30007;4695385;621072384;34877440;575565824;0;0;0;0;0;0;0;0;0;0;0;3276;0;0;0;0;0;0;
30008;2999956;621072384;34877440;575565824;0;0;0;0;0;0;0;0;0;0;0;4118;0;0;0;0;0;0;
30009;5002081;621072384;34877440;575565824;0;0;0;0;0;0;0;0;0;0;0;3487;0;0;0;0;0;0;
30010;3123558;621072384;34877440;575565824;0;0;0;0;0;0;0;0;0;0;0;3697;0;0;0;0;0;0;
30011;5218737;621072384;34877440;575565824;0;0;0;0;0;0;0;0;0;0;0;4178;0;0;0;0;0;0;
30012;3708976;621072384;34877440;575565824;0;0;0;0;0;0;0;0;0;0;0;5320;0;0;0;0;0;0;
30013;5318484;621072384;34877440;575565824;0;0;0;0;0;0;0;0;0;0;0;4819;0;0;0;0;0;0;
30014;4093757;621072384;34877440;575565824;0;0;0;0;0;0;0;0;0;0;0;4098;0;0;0;0;0;0;
30015;4746822;621072384;34877440;575565824;0;0;0;0;0;0;0;0;0;0;0;2695;0;0;0;0;0;0;
30016;3734744;621072384;34877440;575565824;0;0;0;0;0;0;0;0;0;0;0;4238;0;0;0;0;0;0;
30017;4557207;621072384;34877440;575565824;0;0;0;0;0;0;0;0;0;0;0;2585;0;0;0;0;0;0;
30018;3787443;621072384;34877440;575565824;0;0;0;0;0;0;0;0;0;0;0;4609;0;0;0;0;0;0;
30019;4748415;621072384;34877440;575565824;0;0;0;0;0;0;0;0;0;0;0;2715;0;0;0;0;0;0;
30020;3650907;621072384;34877440;575565824;0;0;0;0;0;0;0;0;0;0;0;10509;0;0;0;0;0;0;
30021;4922171;621072384;34877440;575565824;0;0;0;0;0;0;0;0;0;0;0;4538;0;0;0;0;0;0;
30022;3432297;621072384;34877440;575565824;0;0;0;0;0;0;0;0;0;0;0;4108;0;0;0;0;0;0;
30023;4986531;621072384;34877440;575565824;0;0;0;0;0;0;0;0;0;0;0;3697;0;0;0;0;0;0;
30024;3822639;621072384;34877440;575565824;0;0;0;0;0;0;0;0;0;0;0;3376;0;0;0;0;0;0;
30025;4849776;621072384;34877440;575565824;0;0;0;0;0;0;0;0;0;0;0;4639;0;0;0;0;0;0;
30026;3997757;621072384;34877440;575565824;0;0;0;0;0;0;0;0;0;0;0;5160;0;0;0;0;0;0;
30027;4684726;621072384;34877440;575565824;0;0;0;0;0;0;0;0;0;0;0;2454;0;0;0;0;0;0;
30028;4093157;621072384;34877440;575565824;0;0;0;0;0;0;0;0;0;0;0;3927;0;0;0;0;0;0;
30029;4834115;621072384;34877440;575565824;0;0;0;0;0;0;0;0;0;0;0;2916;0;0;0;0;0;0;
30030;4471596;621072384;34877440;575565824;0;0;0;0;0;0;0;0;0;0;0;4268;0;0;0;0;0;0;
30031;4692069;621072384;34877440;575565824;0;0;0;0;0;0;0;0;0;0;0;2725;0;0;0;0;0;0;
30032;4196410;621072384;34877440;575565824;0;0;0;0;0;0;0;0;0;0;0;4238;0;0;0;0;0;0;
30033;4934004;621072384;34877440;575565824;0;0;0;0;0;0;0;0;0;0;0;2535;0;0;0;0;0;0;
30034;3706512;621072384;34877440;575565824;0;0;0;0;0;0;0;0;0;0;0;3327;0;0;0;0;0;0;
30035;4988425;621072384;34877440;575565824;0;0;0;0;0;0;0;0;0;0;0;4709;0;0;0;0;0;0;
30036;3539327;621072384;34877440;575565824;0;0;0;0;0;0;0;0;0;0;0;5059;0;0;0;0;0;0;
30037;4797567;621072384;34877440;575565824;0;0;0;0;0;0;0;0;0;0;0;4238;0;0;0;0;0;0;
30038;3880277;621072384;34877440;575565824;0;0;0;0;0;0;0;0;0;0;0;4017;0;0;0;0;0;0;
30039;5101568;621072384;34877440;575565824;0;0;0;0;0;0;0;0;0;0;0;4258;0;0;0;0;0;0;
30040;3596144;621072384;34877440;575565824;0;0;0;0;0;0;0;0;0;0;0;4469;0;0;0;0;0;0;
30041;5073836;621072384;34877440;575565824;0;0;0;0;0;0;0;0;0;0;0;3768;0;0;0;0;0;0;
30042;3359781;621072384;34877440;575565824;0;0;0;0;0;0;0;0;0;0;0;3657;0;0;0;0;0;0;
30043;5087752;621072384;34877440;575565824;0;0;0;0;0;0;0;0;0;0;0;3507;0;0;0;0;0;0;
30044;3244786;621072384;34877440;575565824;0;0;0;0;0;0;0;0;0;0;0;9338;0;0;0;0;0;0;
30045;5407070;621072384;34877440;575565824;0;0;0;0;0;0;0;0;0;0;0;4980;0;0;0;0;0;0;
30046;3602286;621072384;34877440;575565824;0;0;0;0;0;0;0;0;0;0;0;4418;0;0;0;0;0;0;
30047;4980620;621072384;34877440;575565824;0;0;0;0;0;0;0;0;0;0;0;3226;0;0;0;0;0;0;
30048;3924390;621072384;34877440;575565824;0;0;0;0;0;0;0;0;0;0;0;3546;0;0;0;0;0;0;
30049;5108280;621072384;34877440;575565824;0;0;0;0;0;0;0;0;0;0;0;4309;0;0;0;0;0;0;
30050;3387633;621072384;34877440;575565824;0;0;0;0;0;0;0;0;0;0;0;3146;0;0;0;0;0;0;
30051;4724330;621072384;34877440;575565824;0;0;0;0;0;0;0;0;0;0;0;3577;0;0;0;0;0;0;
30052;3120853;621072384;34877440;575565824;0;0;0;0;0;0;0;0;0;0;0;3507;0;0;0;0;0;0;
30053;4998434;621072384;34877440;575565824;0;0;0;0;0;0;0;0;0;0;0;3647;0;0;0;0;0;0;
30054;3258000;621072384;34877440;575565824;0;0;0;0;0;0;0;0;0;0;0;2755;0;0;0;0;0;0;
30055;4945144;621072384;34877440;575565824;0;0;0;0;0;0;0;0;0;0;0;4128;0;0;0;0;0;0;
30056;3214278;621072384;34877440;575565824;0;0;0;0;0;0;0;0;0;0;0;3306;0;0;0;0;0;0;
30057;4704863;621072384;34877440;575565824;0;0;0;0;0;0;0;0;0;0;0;3707;0;0;0;0;0;0;
30058;3603268;621072384;34877440;575565824;0;0;0;0;0;0;0;0;0;0;0;4328;0;0;0;0;0;0;
30059;4918154;621072384;34877440;575565824;0;0;0;0;0;0;0;0;0;0;0;3025;0;0;0;0;0;0;
30060;4296106;621072384;34877440;575565824;0;0;0;0;0;0;0;0;0;0;0;3747;0;0;0;0;0;0;
30061;4914567;621072384;34877440;575565824;0;0;0;0;0;0;0;0;0;0;0;2785;0;0;0;0;0;0;
30062;4127280;621072384;34877440;575565824;0;0;0;0;0;0;0;0;0;0;0;3557;0;0;0;0;0;0;
30063;4980751;621072384;34877440;575565824;0;0;0;0;0;0;0;0;0;0;0;2314;0;0;0;0;0;0;
30064;3180154;621072384;34877440;575565824;0;0;0;0;0;0;0;0;0;0;0;3686;0;0;0;0;0;0;
30065;4695195;621072384;34877440;575565824;0;0;0;0;0;0;0;0;0;0;0;2505;0;0;0;0;0;0;
30066;3020164;621072384;34877440;575565824;0;0;0;0;0;0;0;0;0;0;0;3657;0;0;0;0;0;0;
30067;4813678;621072384;34877440;575565824;0;0;0;0;0;0;0;0;0;0;0;3086;0;0;0;0;0;0;
30068;2956775;621072384;34877440;575565824;0;0;0;0;0;0;0;0;0;0;0;3346;0;0;0;0;0;0;
30069;4482797;621072384;34877440;575565824;0;0;0;0;0;0;0;0;0;0;0;2013;0;0;0;0;0;0;
30070;3709136;621072384;34877440;575565824;0;0;0;0;0;0;0;0;0;0;0;4518;0;0;0;0;0;0;
30071;4416883;621072384;34877440;575565824;0;0;0;0;0;0;0;0;0;0;0;2285;0;0;0;0;0;0;
30072;3258912;621072384;34877440;575565824;0;0;0;0;0;0;0;0;0;0;0;4509;0;0;0;0;0;0;
30073;4726054;621072384;34877440;575565824;0;0;0;0;0;0;0;0;0;0;0;3056;0;0;0;0;0;0;
30074;3173421;621072384;34877440;575565824;0;0;0;0;0;0;0;0;0;0;0;3617;0;0;0;0;0;0;
30075;5188681;621072384;34877440;575565824;0;0;0;0;0;0;0;0;0;0;0;4038;0;0;0;0;0;0;
30076;2937829;621072384;34877440;575565824;0;0;0;0;0;0;0;0;0;0;0;4559;0;0;0;0;0;0;
30077;4689434;621072384;34877440;575565824;0;0;0;0;0;0;0;0;0;0;0;3997;0;0;0;0;0;0;
30078;3061402;621072384;34877440;575565824;0;0;0;0;0;0;0;0;0;0;0;3056;0;0;0;0;0;0;
30079;4806033;621072384;34877440;575565824;0;0;0;0;0;0;0;0;0;0;0;4449;0;0;0;0;0;0;
30080;2946926;621072384;34877440;575565824;0;0;0;0;0;0;0;0;0;0;0;3817;0;0;0;0;0;0;
30081;5062915;621072384;34877440;575565824;0;0;0;0;0;0;0;0;0;0;0;4719;0;0;0;0;0;0;
30082;3932255;621072384;34877440;575565824;0;0;0;0;0;0;0;0;0;0;0;4027;0;0;0;0;0;0;
30083;4720082;621072384;34877440;575565824;0;0;0;0;0;0;0;0;0;0;0;3978;0;0;0;0;0;0;
30084;4234432;621072384;34877440;575565824;0;0;0;0;0;0;0;0;0;0;0;3867;0;0;0;0;0;0;
30085;5167291;621072384;34877440;575565824;0;0;0;0;0;0;0;0;0;0;0;5921;0;0;0;0;0;0;
30086;4108806;621072384;34877440;575565824;0;0;0;0;0;0;0;0;0;0;0;3636;0;0;0;0;0;0;
30087;5518439;621072384;34877440;575565824;0;0;0;0;0;0;0;0;0;0;0;3276;0;0;0;0;0;0;
30088;3216182;621072384;34877440;575565824;0;0;0;0;0;0;0;0;0;0;0;3677;0;0;0;0;0;0;
30089;5157162;621072384;34877440;575565824;0;0;0;0;0;0;0;0;0;0;0;3296;0;0;0;0;0;0;
30090;3357807;621072384;34877440;575565824;0;0;0;0;0;0;0;0;0;0;0;3106;0;0;0;0;0;0;
30091;5338773;621072384;34877440;575565824;0;0;0;0;0;0;0;0;0;0;0;3236;0;0;0;0;0;0;
30092;4347273;621072384;34877440;575565824;0;0;0;0;0;0;0;0;0;0;0;4238;0;0;0;0;0;0;
30093;4692580;621072384;34877440;575565824;0;0;0;0;0;0;0;0;0;0;0;3527;0;0;0;0;0;0;
30094;3770110;621072384;34877440;575565824;0;0;0;0;0;0;0;0;0;0;0;4148;0;0;0;0;0;0;
30095;5105365;621072384;34881536;575569920;0;0;0;0;0;0;0;0;0;0;0;4098;0;0;0;0;0;0;
30096;3479716;621072384;34885632;575574016;0;0;0;0;0;0;0;0;0;0;0;3537;0;0;0;0;0;0;
30097;4752132;621072384;34885632;575574016;0;0;0;0;0;0;0;0;0;0;0;3366;0;0;0;0;0;0;
30098;3414994;621072384;34885632;575574016;0;0;0;0;0;0;0;0;0;0;0;3848;0;0;0;0;0;0;
30099;4955093;621072384;34885632;575574016;0;0;0;0;0;0;0;0;0;0;0;3146;0;0;0;0;0;0;
30100;4044445;621072384;34885632;575574016;0;0;0;0;0;0;0;0;0;0;0;3517;0;0;0;0;0;0;
30101;4979228;621072384;34885632;575574016;0;0;0;0;0;0;0;0;0;0;0;3266;0;0;0;0;0;0;
30102;3902999;621072384;34877440;575565824;0;0;0;0;0;0;0;0;0;0;0;4028;0;0;0;0;0;0;
30103;4513876;621072384;34877440;575565824;0;0;0;0;0;0;0;0;0;0;0;3086;0;0;0;0;0;0;
30104;3643142;621072384;34877440;575565824;0;0;0;0;0;0;0;0;0;0;0;4018;0;0;0;0;0;0;
30105;5020175;621072384;34877440;575565824;0;0;0;0;0;0;0;0;0;0;0;4529;0;0;0;0;0;0;
30106;3913950;621072384;34877440;575565824;0;0;0;0;0;0;0;0;0;0;0;4258;0;0;0;0;0;0;
30107;5451604;621072384;34877440;575565824;0;0;0;0;0;0;0;0;0;0;0;4829;0;0;0;0;0;0;
30108;3851072;621072384;34877440;575565824;0;0;0;0;0;0;0;0;0;0;0;3677;0;0;0;0;0;0;
30109;7745616;621072384;34877440;575565824;0;0;0;0;0;0;0;0;0;0;0;2825;0;0;0;0;0;0;
30110;10564292;621072384;34877440;575565824;0;0;0;0;0;0;0;0;0;0;0;4608;0;0;0;0;0;0;
30111;5235649;621072384;34877440;575565824;0;0;0;0;0;0;0;0;0;0;0;4158;0;0;0;0;0;0;
30112;4537750;621072384;34877440;575565824;0;0;0;0;0;0;0;0;0;0;0;3086;0;0;0;0;0;0;
30113;5893813;621072384;34877440;575565824;0;0;0;0;0;0;0;0;0;0;0;4589;0;0;0;0;0;0;
30114;4037422;621072384;34877440;575565824;0;0;0;0;0;0;0;0;0;0;0;3687;0;0;0;0;0;0;
30115;5621763;621072384;34877440;575565824;0;0;0;0;0;0;0;0;0;0;0;3376;0;0;0;0;0;0;
30116;4780496;621072384;34877440;575565824;0;0;0;0;0;0;0;0;0;0;0;7114;0;0;0;0;0;0;
30117;5645247;621072384;34877440;575565824;0;0;0;0;0;0;0;0;0;0;0;4017;0;0;0;0;0;0;
30118;4502934;621072384;34877440;575565824;0;0;0;0;0;0;0;0;0;0;0;3196;0;0;0;0;0;0;
30119;4979348;621072384;34877440;575565824;0;0;0;0;0;0;0;0;0;0;0;3326;0;0;0;0;0;0;
30120;5815346;621072384;34877440;575565824;0;0;0;0;0;0;0;0;0;0;0;3737;0;0;0;0;0;0;
30121;4581772;621072384;34877440;575565824;0;0;0;0;0;0;0;0;0;0;0;3066;0;0;0;0;0;0;
30122;4119025;621072384;34877440;575565824;0;0;0;0;0;0;0;0;0;0;0;5089;0;0;0;0;0;0;
30123;5065941;621072384;34877440;575565824;0;0;0;0;0;0;0;0;0;0;0;2785;0;0;0;0;0;0;
30124;4333297;621072384;34877440;575565824;0;0;0;0;0;0;0;0;0;0;0;3717;0;0;0;0;0;0;
30125;5629929;621072384;34877440;575565824;0;0;0;0;0;0;0;0;0;0;0;2826;0;0;0;0;0;0;
30126;4645913;621072384;34877440;575565824;0;0;0;0;0;0;0;0;0;0;0;4999;0;0;0;0;0;0;
30127;5062203;621072384;34877440;575565824;0;0;0;0;0;0;0;0;0;0;0;3116;0;0;0;0;0;0;
30128;4236855;621072384;34877440;575565824;0;0;0;0;0;0;0;0;0;0;0;2856;0;0;0;0;0;0;
30129;5248694;621072384;34877440;575565824;0;0;0;0;0;0;0;0;0;0;0;3286;0;0;0;0;0;0;
30130;6481435;621072384;34877440;575565824;0;0;0;0;0;0;0;0;0;0;0;4238;0;0;0;0;0;0;
30131;5097480;621072384;34877440;575565824;0;0;0;0;0;0;0;0;0;0;0;2945;0;0;0;0;0;0;
30132;4956425;621072384;34877440;575565824;0;0;0;0;0;0;0;0;0;0;0;3767;0;0;0;0;0;0;
30133;4966224;621072384;34877440;575565824;0;0;0;0;0;0;0;0;0;0;0;2224;0;0;0;0;0;0;
30134;5085126;621072384;34877440;575565824;0;0;0;0;0;0;0;0;0;0;0;4359;0;0;0;0;0;0;
30135;4807456;621072384;34877440;575565824;0;0;0;0;0;0;0;0;0;0;0;2865;0;0;0;0;0;0;
30136;5061412;621072384;34877440;575565824;0;0;0;0;0;0;0;0;0;0;0;3406;0;0;0;0;0;0;
30137;4692741;621072384;34877440;575565824;0;0;0;0;0;0;0;0;0;0;0;2514;0;0;0;0;0;0;
30138;4637687;621072384;34877440;575565824;0;0;0;0;0;0;0;0;0;0;0;3857;0;0;0;0;0;0;
30139;4797868;621072384;34877440;575565824;0;0;0;0;0;0;0;0;0;0;0;2735;0;0;0;0;0;0;
30140;4424989;621072384;34877440;575565824;0;0;0;0;0;0;0;0;0;0;0;4689;0;0;0;0;0;0;
30141;5040774;621072384;34877440;575565824;0;0;0;0;0;0;0;0;0;0;0;4188;0;0;0;0;0;0;
30142;4606499;621072384;34877440;575565824;0;0;0;0;0;0;0;0;0;0;0;3126;0;0;0;0;0;0;
30143;5200804;621072384;34877440;575565824;0;0;0;0;0;0;0;0;0;0;0;5460;0;0;0;0;0;0;
30144;7701243;621072384;34877440;575565824;0;0;0;0;0;0;0;0;0;0;0;2896;0;0;0;0;0;0;
30145;5181758;621072384;34877440;575565824;0;0;0;0;0;0;0;0;0;0;0;6021;0;0;0;0;0;0;
30146;4752222;621072384;34877440;575565824;0;0;0;0;0;0;0;0;0;0;0;3687;0;0;0;0;0;0;
30147;5252831;621072384;34877440;575565824;0;0;0;0;0;0;0;0;0;0;0;3386;0;0;0;0;0;0;
30148;4482567;621072384;34877440;575565824;0;0;0;0;0;0;0;0;0;0;0;4067;0;0;0;0;0;0;
30149;6077738;621072384;34877440;575565824;0;0;0;0;0;0;0;0;0;0;0;5700;0;0;0;0;0;0;
30150;3952553;621072384;34877440;575565824;0;0;0;0;0;0;0;0;0;0;0;4078;0;0;0;0;0;0;
30151;5208538;621072384;34877440;575565824;0;0;0;0;0;0;0;0;0;0;0;8155;0;0;0;0;0;0;
30152;3447455;621072384;34877440;575565824;0;0;0;0;0;0;0;0;0;0;0;3045;0;0;0;0;0;0;
30153;4644711;621072384;34877440;575565824;0;0;0;0;0;0;0;0;0;0;0;2485;0;0;0;0;0;0;
30154;4053372;621072384;34877440;575565824;0;0;0;0;0;0;0;0;0;0;0;3506;0;0;0;0;0;0;
30155;5025755;621072384;34877440;575565824;0;0;0;0;0;0;0;0;0;0;0;2384;0;0;0;0;0;0;
30156;5275343;621072384;34877440;575565824;0;0;0;0;0;0;0;0;0;0;0;3066;0;0;0;0;0;0;
30157;5309708;621072384;34877440;575565824;0;0;0;0;0;0;0;0;0;0;0;2474;0;0;0;0;0;0;
30158;3901457;621072384;34877440;575565824;0;0;0;0;0;0;0;0;0;0;0;3877;0;0;0;0;0;0;
30159;4832693;621072384;34877440;575565824;0;0;0;0;0;0;0;0;0;0;0;2795;0;0;0;0;0;0;
30160;4305334;621072384;34877440;575565824;0;0;0;0;0;0;0;0;0;0;0;4419;0;0;0;0;0;0;
30161;4939774;621072384;34877440;575565824;0;0;0;0;0;0;0;0;0;0;0;3166;0;0;0;0;0;0;
30162;5373627;621072384;34877440;575565824;0;0;0;0;0;0;0;0;0;0;0;4779;0;0;0;0;0;0;
30163;5089986;621072384;34877440;575565824;0;0;0;0;0;0;0;0;0;0;0;2986;0;0;0;0;0;0;
30164;5954006;621072384;34877440;575565824;0;0;0;0;0;0;0;0;0;0;0;2544;0;0;0;0;0;0;
30165;5053196;621072384;34877440;575565824;0;0;0;0;0;0;0;0;0;0;0;2525;0;0;0;0;0;0;
30166;4288824;621072384;34877440;575565824;0;0;0;0;0;0;0;0;0;0;0;3447;0;0;0;0;0;0;
30167;4676270;621072384;34877440;575565824;0;0;0;0;0;0;0;0;0;0;0;2786;0;0;0;0;0;0;
30168;4234772;621072384;34877440;575565824;0;0;0;0;0;0;0;0;0;0;0;3656;0;0;0;0;0;0;
30169;4994627;621072384;34877440;575565824;0;0;0;0;0;0;0;0;0;0;0;2826;0;0;0;0;0;0;
30170;5600182;621072384;34877440;575565824;0;0;0;0;0;0;0;0;0;0;0;4027;0;0;0;0;0;0;
30171;5875829;621072384;34877440;575565824;0;0;0;0;0;0;0;0;0;0;0;4809;0;0;0;0;0;0;
30172;4745800;621072384;34877440;575565824;0;0;0;0;0;0;0;0;0;0;0;4369;0;0;0;0;0;0;
30173;5596546;621072384;34877440;575565824;0;0;0;0;0;0;0;0;0;0;0;6853;0;0;0;0;0;0;
30174;4265880;621072384;34877440;575565824;0;0;0;0;0;0;0;0;0;0;0;4548;0;0;0;0;0;0;
30175;6782199;621072384;34877440;575565824;0;0;0;0;0;0;0;0;0;0;0;4168;0;0;0;0;0;0;
30176;4698923;621072384;34877440;575565824;0;0;0;0;0;0;0;0;0;0;0;5090;0;0;0;0;0;0;
30177;5524972;621072384;34877440;575565824;0;0;0;0;0;0;0;0;0;0;0;3877;0;0;0;0;0;0;
30178;4698021;621072384;34877440;575565824;0;0;0;0;0;0;0;0;0;0;0;3396;0;0;0;0;0;0;
30179;4987865;621072384;34877440;575565824;0;0;0;0;0;0;0;0;0;0;0;3116;0;0;0;0;0;0;
30180;4478419;621072384;34877440;575565824;0;0;0;0;0;0;0;0;0;0;0;4618;0;0;0;0;0;0;
30181;4712407;621072384;34877440;575565824;0;0;0;0;0;0;0;0;0;0;0;2946;0;0;0;0;0;0;
30182;3864688;621072384;34877440;575565824;0;0;0;0;0;0;0;0;0;0;0;3547;0;0;0;0;0;0;
30183;5005157;621072384;34877440;575565824;0;0;0;0;0;0;0;0;0;0;0;2925;0;0;0;0;0;0;
30184;3897800;621072384;34877440;575565824;0;0;0;0;0;0;0;0;0;0;0;3687;0;0;0;0;0;0;
30185;5168142;621072384;34877440;575565824;0;0;0;0;0;0;0;0;0;0;0;3737;0;0;0;0;0;0;
30186;4215155;621072384;34877440;575565824;0;0;0;0;0;0;0;0;0;0;0;3577;0;0;0;0;0;0;
30187;5259394;621072384;34877440;575565824;0;0;0;0;0;0;0;0;0;0;0;4348;0;0;0;0;0;0;
30188;3930972;621072384;34877440;575565824;0;0;0;0;0;0;0;0;0;0;0;3186;0;0;0;0;0;0;
30189;5528488;621072384;34877440;575565824;0;0;0;0;0;0;0;0;0;0;0;3797;0;0;0;0;0;0;
30190;5473245;621072384;34877440;575565824;0;0;0;0;0;0;0;0;0;0;0;4258;0;0;0;0;0;0;
30191;5896618;621072384;34877440;575565824;0;0;0;0;0;0;0;0;0;0;0;4548;0;0;0;0;0;0;
30192;5464157;621072384;34877440;575565824;0;0;0;0;0;0;0;0;0;0;0;5441;0;0;0;0;0;0;
30193;5409225;621072384;34877440;575565824;0;0;0;0;0;0;0;0;0;0;0;3998;0;0;0;0;0;0;
30194;4805062;621072384;34877440;575565824;0;0;0;0;0;0;0;0;0;0;0;3076;0;0;0;0;0;0;
30195;5211503;621072384;34877440;575565824;0;0;0;0;0;0;0;0;0;0;0;4148;0;0;0;0;0;0;
30196;4591531;621072384;34877440;575565824;0;0;0;0;0;0;0;0;0;0;0;5580;0;0;0;0;0;0;
30197;5023030;621072384;34877440;575565824;0;0;0;0;0;0;0;0;0;0;0;3436;0;0;0;0;0;0;
30198;3883422;621072384;34877440;575565824;0;0;0;0;0;0;0;0;0;0;0;4799;0;0;0;0;0;0;
30199;5215120;621072384;34877440;575565824;0;0;0;0;0;0;0;0;0;0;0;4659;0;0;0;0;0;0;
30200;4316114;621072384;34877440;575565824;0;0;0;0;0;0;0;0;0;0;0;4849;0;0;0;0;0;0;
30201;5376573;621072384;34877440;575565824;0;0;0;0;0;0;0;0;0;0;0;4238;0;0;0;0;0;0;
30202;5816158;621072384;34877440;575565824;0;0;0;0;0;0;0;0;0;0;0;4398;0;0;0;0;0;0;
30203;5335526;621072384;34877440;575565824;0;0;0;0;0;0;0;0;0;0;0;3646;0;0;0;0;0;0;
30204;5175627;621072384;34877440;575565824;0;0;0;0;0;0;0;0;0;0;0;3787;0;0;0;0;0;0;
30205;5155599;621072384;34877440;575565824;0;0;0;0;0;0;0;0;0;0;0;4659;0;0;0;0;0;0;
30206;5515985;621072384;34877440;575565824;0;0;0;0;0;0;0;0;0;0;0;4738;0;0;0;0;0;0;
30207;5748941;621072384;34877440;575565824;0;0;0;0;0;0;0;0;0;0;0;4709;0;0;0;0;0;0;
30208;5729055;621072384;34877440;575565824;0;0;0;0;0;0;0;0;0;0;0;3236;0;0;0;0;0;0;
30209;5225230;621072384;34877440;575565824;0;0;0;0;0;0;0;0;0;0;0;2715;0;0;0;0;0;0;
30210;4621116;621072384;34877440;575565824;0;0;0;0;0;0;0;0;0;0;0;4298;0;0;0;0;0;0;
30211;4992723;621072384;34877440;575565824;0;0;0;0;0;0;0;0;0;0;0;3687;0;0;0;0;0;0;
30212;4219884;621072384;34877440;575565824;0;0;0;0;0;0;0;0;0;0;0;3176;0;0;0;0;0;0;
30213;5079777;621072384;34877440;575565824;0;0;0;0;0;0;0;0;0;0;0;5060;0;0;0;0;0;0;
30214;4626045;621072384;34877440;575565824;0;0;0;0;0;0;0;0;0;0;0;2916;0;0;0;0;0;0;
30215;5451153;621072384;34877440;575565824;0;0;0;0;0;0;0;0;0;0;0;3677;0;0;0;0;0;0;
30216;4491884;621072384;34877440;575565824;0;0;0;0;0;0;0;0;0;0;0;4448;0;0;0;0;0;0;
30217;5210402;621072384;34877440;575565824;0;0;0;0;0;0;0;0;0;0;0;3316;0;0;0;0;0;0;
30218;5017580;621072384;34877440;575565824;0;0;0;0;0;0;0;0;0;0;0;3286;0;0;0;0;0;0;
30219;5047046;621072384;34877440;575565824;0;0;0;0;0;0;0;0;0;0;0;4769;0;0;0;0;0;0;
30220;4951896;621072384;34877440;575565824;0;0;0;0;0;0;0;0;0;0;0;3646;0;0;0;0;0;0;
30221;5284100;621072384;34877440;575565824;0;0;0;0;0;0;0;0;0;0;0;4910;0;0;0;0;0;0;
30222;4478970;621072384;34877440;575565824;0;0;0;0;0;0;0;0;0;0;0;4188;0;0;0;0;0;0;
30223;5250146;621072384;34877440;575565824;0;0;0;0;0;0;0;0;0;0;0;4738;0;0;0;0;0;0;
30224;4806994;621072384;34877440;575565824;0;0;0;0;0;0;0;0;0;0;0;4138;0;0;0;0;0;0;
30225;5105885;621072384;34877440;575565824;0;0;0;0;0;0;0;0;0;0;0;4639;0;0;0;0;0;0;
30226;4296949;621072384;34877440;575565824;0;0;0;0;0;0;0;0;0;0;0;4358;0;0;0;0;0;0;
30227;5189813;621072384;34877440;575565824;0;0;0;0;0;0;0;0;0;0;0;4358;0;0;0;0;0;0;
30228;4174860;621072384;34877440;575565824;0;0;0;0;0;0;0;0;0;0;0;3307;0;0;0;0;0;0;
30229;5128317;621072384;34877440;575565824;0;0;0;0;0;0;0;0;0;0;0;3586;0;0;0;0;0;0;
30230;4603353;621072384;34877440;575565824;0;0;0;0;0;0;0;0;0;0;0;3497;0;0;0;0;0;0;
30231;5430334;621072384;34877440;575565824;0;0;0;0;0;0;0;0;0;0;0;3727;0;0;0;0;0;0;
30232;4695255;621072384;34877440;575565824;0;0;0;0;0;0;0;0;0;0;0;3978;0;0;0;0;0;0;
30233;5354451;621072384;34877440;575565824;0;0;0;0;0;0;0;0;0;0;0;3166;0;0;0;0;0;0;
30234;4284605;621072384;34877440;575565824;0;0;0;0;0;0;0;0;0;0;0;4960;0;0;0;0;0;0;
30235;4701668;621072384;34877440;575565824;0;0;0;0;0;0;0;0;0;0;0;2865;0;0;0;0;0;0;
30236;4333537;621072384;34877440;575565824;0;0;0;0;0;0;0;0;0;0;0;4248;0;0;0;0;0;0;
30237;4789552;621072384;34877440;575565824;0;0;0;0;0;0;0;0;0;0;0;3586;0;0;0;0;0;0;
30238;4805462;621072384;34877440;575565824;0;0;0;0;0;0;0;0;0;0;0;3446;0;0;0;0;0;0;
30239;5237372;621072384;34877440;575565824;0;0;0;0;0;0;0;0;0;0;0;3476;0;0;0;0;0;0;
30240;3935320;621072384;34877440;575565824;0;0;0;0;0;0;0;0;0;0;0;3517;0;0;0;0;0;0;
30241;5109663;621072384;34877440;575565824;0;0;0;0;0;0;0;0;0;0;0;4318;0;0;0;0;0;0;
30242;3537574;621072384;34877440;575565824;0;0;0;0;0;0;0;0;0;0;0;4398;0;0;0;0;0;0;
30243;4923102;621072384;34877440;575565824;0;0;0;0;0;0;0;0;0;0;0;3506;0;0;0;0;0;0;
30244;3628435;621072384;34877440;575565824;0;0;0;0;0;0;0;0;0;0;0;5070;0;0;0;0;0;0;
30245;4683082;621072384;34877440;575565824;0;0;0;0;0;0;0;0;0;0;0;3246;0;0;0;0;0;0;
30246;4467939;621072384;34877440;575565824;0;0;0;0;0;0;0;0;0;0;0;4299;0;0;0;0;0;0;
30247;5001049;621072384;34877440;575565824;0;0;0;0;0;0;0;0;0;0;0;4388;0;0;0;0;0;0;
30248;4652586;621072384;34877440;575565824;0;0;0;0;0;0;0;0;0;0;0;3817;0;0;0;0;0;0;
30249;5345104;621072384;34877440;575565824;0;0;0;0;0;0;0;0;0;0;0;3587;0;0;0;0;0;0;
30250;4204825;621072384;34877440;575565824;0;0;0;0;0;0;0;0;0;0;0;3536;0;0;0;0;0;0;
30251;5803484;621072384;34877440;575565824;0;0;0;0;0;0;0;0;0;0;0;3316;0;0;0;0;0;0;
30252;3717762;621072384;34877440;575565824;0;0;0;0;0;0;0;0;0;0;0;3978;0;0;0;0;0;0;
30253;5314667;621072384;34877440;575565824;0;0;0;0;0;0;0;0;0;0;0;3246;0;0;0;0;0;0;
30254;4727586;621072384;34877440;575565824;0;0;0;0;0;0;0;0;0;0;0;3256;0;0;0;0;0;0;
30255;5592608;621072384;34877440;575565824;0;0;0;0;0;0;0;0;0;0;0;3046;0;0;0;0;0;0;
30256;4471205;621072384;34877440;575565824;0;0;0;0;0;0;0;0;0;0;0;5380;0;0;0;0;0;0;
30257;5063636;621072384;34877440;575565824;0;0;0;0;0;0;0;0;0;0;0;3517;0;0;0;0;0;0;
30258;5491538;621072384;34877440;575565824;0;0;0;0;0;0;0;0;0;0;0;3336;0;0;0;0;0;0;
30259;5338702;621072384;34877440;575565824;0;0;0;0;0;0;0;0;0;0;0;3257;0;0;0;0;0;0;
30260;4012636;621072384;34877440;575565824;0;0;0;0;0;0;0;0;0;0;0;3667;0;0;0;0;0;0;
30261;4797047;621072384;34877440;575565824;0;0;0;0;0;0;0;0;0;0;0;3517;0;0;0;0;0;0;
30262;3852144;621072384;34877440;575565824;0;0;0;0;0;0;0;0;0;0;0;3416;0;0;0;0;0;0;
30263;4440258;621072384;34877440;575565824;0;0;0;0;0;0;0;0;0;0;0;2495;0;0;0;0;0;0;
30264;4517673;621072384;34877440;575565824;0;0;0;0;0;0;0;0;0;0;0;4227;0;0;0;0;0;0;
30265;4961565;621072384;34877440;575565824;0;0;0;0;0;0;0;0;0;0;0;2956;0;0;0;0;0;0;
30266;4090902;621072384;34877440;575565824;0;0;0;0;0;0;0;0;0;0;0;4078;0;0;0;0;0;0;
30267;4491433;621072384;34877440;575565824;0;0;0;0;0;0;0;0;0;0;0;2485;0;0;0;0;0;0;
30268;4160473;621072384;34877440;575565824;0;0;0;0;0;0;0;0;0;0;0;3366;0;0;0;0;0;0;
30269;4862959;621072384;34877440;575565824;0;0;0;0;0;0;0;0;0;0;0;3196;0;0;0;0;0;0;
30270;3779037;621072384;34877440;575565824;0;0;0;0;0;0;0;0;0;0;0;3617;0;0;0;0;0;0;
30271;4917773;621072384;34877440;575565824;0;0;0;0;0;0;0;0;0;0;0;3086;0;0;0;0;0;0;
30272;4355889;621072384;34877440;575565824;0;0;0;0;0;0;0;0;0;0;0;3747;0;0;0;0;0;0;
30273;4679867;621072384;34877440;575565824;0;0;0;0;0;0;0;0;0;0;0;2495;0;0;0;0;0;0;
30274;4157437;621072384;34877440;575565824;0;0;0;0;0;0;0;0;0;0;0;4198;0;0;0;0;0;0;
30275;4576823;621072384;34877440;575565824;0;0;0;0;0;0;0;0;0;0;0;3165;0;0;0;0;0;0;
30276;4860826;621072384;34877440;575565824;0;0;0;0;0;0;0;0;0;0;0;5109;0;0;0;0;0;0;
30277;4846309;621072384;34877440;575565824;0;0;0;0;0;0;0;0;0;0;0;2966;0;0;0;0;0;0;
30278;4598514;621072384;34877440;575565824;0;0;0;0;0;0;0;0;0;0;0;3687;0;0;0;0;0;0;
30279;4813777;621072384;34877440;575565824;0;0;0;0;0;0;0;0;0;0;0;2735;0;0;0;0;0;0;
30280;4309011;621072384;34877440;575565824;0;0;0;0;0;0;0;0;0;0;0;4118;0;0;0;0;0;0;
30281;5168442;621072384;34877440;575565824;0;0;0;0;0;0;0;0;0;0;0;6051;0;0;0;0;0;0;
30282;3874085;621072384;34877440;575565824;0;0;0;0;0;0;0;0;0;0;0;3336;0;0;0;0;0;0;
30283;5417771;621072384;34877440;575565824;0;0;0;0;0;0;0;0;0;0;0;4688;0;0;0;0;0;0;
30284;3160598;621072384;34877440;575565824;0;0;0;0;0;0;0;0;0;0;0;3156;0;0;0;0;0;0;
30285;5498612;621072384;34877440;575565824;0;0;0;0;0;0;0;0;0;0;0;3897;0;0;0;0;0;0;
30286;3307714;621072384;34877440;575565824;0;0;0;0;0;0;0;0;0;0;0;3496;0;0;0;0;0;0;
30287;5250616;621072384;34877440;575565824;0;0;0;0;0;0;0;0;0;0;0;3857;0;0;0;0;0;0;
30288;3172910;621072384;34877440;575565824;0;0;0;0;0;0;0;0;0;0;0;5029;0;0;0;0;0;0;
30289;4585069;621072384;34877440;575565824;0;0;0;0;0;0;0;0;0;0;0;2805;0;0;0;0;0;0;
30290;3966709;621072384;34877440;575565824;0;0;0;0;0;0;0;0;0;0;0;4248;0;0;0;0;0;0;
30291;4466357;621072384;34877440;575565824;0;0;0;0;0;0;0;0;0;0;0;2956;0;0;0;0;0;0;
30292;4124575;621072384;34877440;575565824;0;0;0;0;0;0;0;0;0;0;0;3316;0;0;0;0;0;0;
30293;5009204;621072384;34877440;575565824;0;0;0;0;0;0;0;0;0;0;0;2745;0;0;0;0;0;0;
30294;4224593;621072384;34877440;575565824;0;0;0;0;0;0;0;0;0;0;0;3086;0;0;0;0;0;0;
30295;4892285;621072384;34877440;575565824;0;0;0;0;0;0;0;0;0;0;0;3106;0;0;0;0;0;0;
30296;4730151;621072384;34877440;575565824;0;0;0;0;0;0;0;0;0;0;0;3416;0;0;0;0;0;0;
30297;5212446;621072384;34877440;575565824;0;0;0;0;0;0;0;0;0;0;0;3607;0;0;0;0;0;0;
30298;4656512;621072384;34877440;575565824;0;0;0;0;0;0;0;0;0;0;0;5079;0;0;0;0;0;0;
30299;5297545;621072384;34877440;575565824;0;0;0;0;0;0;0;0;0;0;0;4929;0;0;0;0;0;0;
30300;4554060;621072384;34877440;575565824;0;0;0;0;0;0;0;0;0;0;0;4809;0;0;0;0;0;0;
30301;5856183;621072384;34877440;575565824;0;0;0;0;0;0;0;0;0;0;0;3907;0;0;0;0;0;0;
30302;4547758;621072384;34877440;575565824;0;0;0;0;0;0;0;0;0;0;0;3036;0;0;0;0;0;0;
30303;4891273;621072384;34877440;575565824;0;0;0;0;0;0;0;0;0;0;0;3827;0;0;0;0;0;0;
30304;4411604;621072384;34877440;575565824;0;0;0;0;0;0;0;0;0;0;0;4358;0;0;0;0;0;0;
30305;4769705;621072384;34877440;575565824;0;0;0;0;0;0;0;0;0;0;0;3777;0;0;0;0;0;0;
30306;5217494;621072384;34877440;575565824;0;0;0;0;0;0;0;0;0;0;0;3196;0;0;0;0;0;0;
30307;5767316;621072384;34877440;575565824;0;0;0;0;0;0;0;0;0;0;0;3357;0;0;0;0;0;0;
30308;4624323;621072384;34877440;575565824;0;0;0;0;0;0;0;0;0;0;0;4057;0;0;0;0;0;0;
30309;5407421;621072384;34877440;575565824;0;0;0;0;0;0;0;0;0;0;0;3957;0;0;0;0;0;0;
30310;3705940;621072384;34877440;575565824;0;0;0;0;0;0;0;0;0;0;0;3837;0;0;0;0;0;0;
30311;5765262;621072384;34877440;575565824;0;0;0;0;0;0;0;0;0;0;0;3336;0;0;0;0;0;0;
30312;3699147;621072384;34877440;575565824;0;0;0;0;0;0;0;0;0;0;0;3056;0;0;0;0;0;0;
30313;10995260;621072384;34877440;575565824;0;0;0;0;0;0;0;0;0;0;0;3807;0;0;0;0;0;0;
30314;4484531;621072384;34877440;575565824;0;0;0;0;0;0;0;0;0;0;0;3918;0;0;0;0;0;0;
30315;5403654;621072384;34877440;575565824;0;0;0;0;0;0;0;0;0;0;0;3587;0;0;0;0;0;0;
30316;5299439;621072384;34877440;575565824;0;0;0;0;0;0;0;0;0;0;0;3186;0;0;0;0;0;0;
30317;4832492;621072384;34877440;575565824;0;0;0;0;0;0;0;0;0;0;0;3406;0;0;0;0;0;0;
30318;4694845;621072384;34877440;575565824;0;0;0;0;0;0;0;0;0;0;0;3116;0;0;0;0;0;0;
30319;5209229;621072384;34877440;575565824;0;0;0;0;0;0;0;0;0;0;0;3597;0;0;0;0;0;0;
30320;4837101;621072384;34877440;575565824;0;0;0;0;0;0;0;0;0;0;0;4228;0;0;0;0;0;0;
30321;5423631;621072384;34877440;575565824;0;0;0;0;0;0;0;0;0;0;0;4709;0;0;0;0;0;0;
30322;4384513;621072384;34877440;575565824;0;0;0;0;0;0;0;0;0;0;0;3085;0;0;0;0;0;0;
30323;5928559;621072384;34877440;575565824;0;0;0;0;0;0;0;0;0;0;0;51977;0;0;0;0;0;0;
30324;3960267;621072384;34877440;575565824;0;0;0;0;0;0;0;0;0;0;0;3436;0;0;0;0;0;0;
30325;5443298;621072384;34877440;575565824;0;0;0;0;0;0;0;0;0;0;0;2585;0;0;0;0;0;0;
30326;5494424;621072384;34877440;575565824;0;0;0;0;0;0;0;0;0;0;0;5019;0;0;0;0;0;0;
30327;5059679;621072384;34877440;575565824;0;0;0;0;0;0;0;0;0;0;0;3346;0;0;0;0;0;0;
30328;5151692;621072384;34877440;575565824;0;0;0;0;0;0;0;0;0;0;0;3757;0;0;0;0;0;0;
30329;4604625;621072384;34877440;575565824;0;0;0;0;0;0;0;0;0;0;0;2935;0;0;0;0;0;0;
30330;5301593;621072384;34877440;575565824;0;0;0;0;0;0;0;0;0;0;0;3837;0;0;0;0;0;0;
30331;5433170;621072384;34877440;575565824;0;0;0;0;0;0;0;0;0;0;0;3607;0;0;0;0;0;0;
30332;4370176;621072384;34877440;575565824;0;0;0;0;0;0;0;0;0;0;0;3917;0;0;0;0;0;0;
30333;5127035;621072384;34877440;575565824;0;0;0;0;0;0;0;0;0;0;0;3597;0;0;0;0;0;0;
30334;4190609;621072384;34877440;575565824;0;0;0;0;0;0;0;0;0;0;0;3276;0;0;0;0;0;0;
30335;5490587;621072384;34877440;575565824;0;0;0;0;0;0;0;0;0;0;0;3897;0;0;0;0;0;0;
30336;3868845;621072384;34877440;575565824;0;0;0;0;0;0;0;0;0;0;0;4118;0;0;0;0;0;0;
30337;5454058;621072384;34877440;575565824;0;0;0;0;0;0;0;0;0;0;0;3256;0;0;0;0;0;0;
30338;3755503;621072384;34877440;575565824;0;0;0;0;0;0;0;0;0;0;0;3987;0;0;0;0;0;0;
30339;5448338;621072384;34877440;575565824;0;0;0;0;0;0;0;0;0;0;0;3397;0;0;0;0;0;0;
30340;3959135;621072384;34877440;575565824;0;0;0;0;0;0;0;0;0;0;0;3647;0;0;0;0;0;0;
30341;4683814;621072384;34877440;575565824;0;0;0;0;0;0;0;0;0;0;0;3396;0;0;0;0;0;0;
30342;3904983;621072384;34877440;575565824;0;0;0;0;0;0;0;0;0;0;0;3376;0;0;0;0;0;0;
30343;5074627;621072384;34877440;575565824;0;0;0;0;0;0;0;0;0;0;0;3968;0;0;0;0;0;0;
30344;4224162;621072384;34877440;575565824;0;0;0;0;0;0;0;0;0;0;0;4458;0;0;0;0;0;0;
30345;5292466;621072384;34877440;575565824;0;0;0;0;0;0;0;0;0;0;0;4348;0;0;0;0;0;0;
30346;4435548;621072384;34877440;575565824;0;0;0;0;0;0;0;0;0;0;0;3417;0;0;0;0;0;0;
30347;5647040;621072384;34877440;575565824;0;0;0;0;0;0;0;0;0;0;0;4088;0;0;0;0;0;0;
30348;4155473;621072384;34877440;575565824;0;0;0;0;0;0;0;0;0;0;0;3426;0;0;0;0;0;0;
30349;5520703;621072384;34877440;575565824;0;0;0;0;0;0;0;0;0;0;0;4158;0;0;0;0;0;0;
30350;4287541;621072384;34877440;575565824;0;0;0;0;0;0;0;0;0;0;0;3447;0;0;0;0;0;0;
30351;5052786;621072384;34877440;575565824;0;0;0;0;0;0;0;0;0;0;0;4288;0;0;0;0;0;0;
30352;4604125;621072384;34877440;575565824;0;0;0;0;0;0;0;0;0;0;0;5440;0;0;0;0;0;0;
30353;4874161;621072384;34877440;575565824;0;0;0;0;0;0;0;0;0;0;0;3226;0;0;0;0;0;0;
30354;4182724;621072384;34877440;575565824;0;0;0;0;0;0;0;0;0;0;0;4048;0;0;0;0;0;0;
30355;5738822;621072384;34877440;575565824;0;0;0;0;0;0;0;0;0;0;0;4378;0;0;0;0;0;0;
30356;4212850;621072384;34877440;575565824;0;0;0;0;0;0;0;0;0;0;0;4268;0;0;0;0;0;0;
30357;5572049;621072384;34877440;575565824;0;0;0;0;0;0;0;0;0;0;0;4809;0;0;0;0;0;0;
30358;4460135;621072384;34877440;575565824;0;0;0;0;0;0;0;0;0;0;0;3977;0;0;0;0;0;0;
30359;5181387;621072384;34877440;575565824;0;0;0;0;0;0;0;0;0;0;0;3226;0;0;0;0;0;0;
30360;4071125;621072384;34877440;575565824;0;0;0;0;0;0;0;0;0;0;0;3105;0;0;0;0;0;0;
30361;4838184;621072384;34877440;575565824;0;0;0;0;0;0;0;0;0;0;0;2955;0;0;0;0;0;0;
30362;4044095;621072384;34877440;575565824;0;0;0;0;0;0;0;0;0;0;0;3897;0;0;0;0;0;0;
30363;5158655;621072384;34877440;575565824;0;0;0;0;0;0;0;0;0;0;0;3356;0;0;0;0;0;0;
30364;4753074;621072384;34877440;575565824;0;0;0;0;0;0;0;0;0;0;0;3537;0;0;0;0;0;0;
30365;4805572;621072384;34877440;575565824;0;0;0;0;0;0;0;0;0;0;0;2825;0;0;0;0;0;0;
30366;4948921;621072384;34877440;575565824;0;0;0;0;0;0;0;0;0;0;0;4078;0;0;0;0;0;0;
30367;4752392;621072384;34877440;575565824;0;0;0;0;0;0;0;0;0;0;0;2875;0;0;0;0;0;0;
30368;4756530;621072384;34877440;575565824;0;0;0;0;0;0;0;0;0;0;0;3827;0;0;0;0;0;0;
30369;5739704;621072384;34877440;575565824;0;0;0;0;0;0;0;0;0;0;0;4007;0;0;0;0;0;0;
30370;4628390;621072384;34877440;575565824;0;0;0;0;0;0;0;0;0;0;0;5631;0;0;0;0;0;0;
30371;5128188;621072384;34877440;575565824;0;0;0;0;0;0;0;0;0;0;0;3937;0;0;0;0;0;0;
30372;4825049;621072384;34877440;575565824;0;0;0;0;0;0;0;0;0;0;0;3627;0;0;0;0;0;0;
30373;5624688;621072384;34877440;575565824;0;0;0;0;0;0;0;0;0;0;0;3627;0;0;0;0;0;0;
30374;4344999;621072384;34877440;575565824;0;0;0;0;0;0;0;0;0;0;0;2935;0;0;0;0;0;0;
30375;5207997;621072384;34877440;575565824;0;0;0;0;0;0;0;0;0;0;0;3607;0;0;0;0;0;0;
30376;3333291;621072384;34877440;575565824;0;0;0;0;0;0;0;0;0;0;0;3036;0;0;0;0;0;0;
30377;5316310;621072384;34877440;575565824;0;0;0;0;0;0;0;0;0;0;0;3337;0;0;0;0;0;0;
30378;3490706;621072384;34877440;575565824;0;0;0;0;0;0;0;0;0;0;0;3436;0;0;0;0;0;0;
30379;5570827;621072384;34877440;575565824;0;0;0;0;0;0;0;0;0;0;0;4138;0;0;0;0;0;0;
30380;3391450;621072384;34877440;575565824;0;0;0;0;0;0;0;0;0;0;0;3046;0;0;0;0;0;0;
30381;5707984;621072384;34877440;575565824;0;0;0;0;0;0;0;0;0;0;0;3436;0;0;0;0;0;0;
30382;3621712;621072384;34877440;575565824;0;0;0;0;0;0;0;0;0;0;0;5109;0;0;0;0;0;0;
30383;5484346;621072384;34877440;575565824;0;0;0;0;0;0;0;0;0;0;0;4248;0;0;0;0;0;0;
30384;4276510;621072384;34877440;575565824;0;0;0;0;0;0;0;0;0;0;0;3576;0;0;0;0;0;0;
30385;5560728;621072384;34877440;575565824;0;0;0;0;0;0;0;0;0;0;0;6742;0;0;0;0;0;0;
30386;4390203;621072384;34877440;575565824;0;0;0;0;0;0;0;0;0;0;0;4128;0;0;0;0;0;0;
30387;5620912;621072384;34877440;575565824;0;0;0;0;0;0;0;0;0;0;0;4618;0;0;0;0;0;0;
30388;4318649;621072384;34877440;575565824;0;0;0;0;0;0;0;0;0;0;0;6593;0;0;0;0;0;0;
30389;5296683;621072384;34877440;575565824;0;0;0;0;0;0;0;0;0;0;0;5009;0;0;0;0;0;0;
30390;4824467;621072384;34877440;575565824;0;0;0;0;0;0;0;0;0;0;0;4358;0;0;0;0;0;0;
30391;4943942;621072384;34877440;575565824;0;0;0;0;0;0;0;0;0;0;0;3927;0;0;0;0;0;0;
30392;4840949;621072384;34877440;575565824;0;0;0;0;0;0;0;0;0;0;0;4599;0;0;0;0;0;0;
30393;5432678;621072384;34877440;575565824;0;0;0;0;0;0;0;0;0;0;0;3897;0;0;0;0;0;0;
30394;4609926;621072384;34877440;575565824;0;0;0;0;0;0;0;0;0;0;0;3907;0;0;0;0;0;0;
30395;4822574;621072384;34877440;575565824;0;0;0;0;0;0;0;0;0;0;0;2294;0;0;0;0;0;0;
30396;4742675;621072384;34877440;575565824;0;0;0;0;0;0;0;0;0;0;0;3546;0;0;0;0;0;0;
30397;5478805;621072384;34877440;575565824;0;0;0;0;0;0;0;0;0;0;0;5159;0;0;0;0;0;0;
30398;3798574;621072384;34877440;575565824;0;0;0;0;0;0;0;0;0;0;0;2575;0;0;0;0;0;0;
30399;5899945;621072384;34877440;575565824;0;0;0;0;0;0;0;0;0;0;0;4078;0;0;0;0;0;0;
30400;3639786;621072384;34877440;575565824;0;0;0;0;0;0;0;0;0;0;0;3657;0;0;0;0;0;0;
30401;5052455;621072384;34877440;575565824;0;0;0;0;0;0;0;0;0;0;0;3396;0;0;0;0;0;0;
30402;4038914;621072384;34877440;575565824;0;0;0;0;0;0;0;0;0;0;0;5530;0;0;0;0;0;0;
30403;5158264;621072384;34877440;575565824;0;0;0;0;0;0;0;0;0;0;0;2645;0;0;0;0;0;0;
30404;3806449;621072384;34877440;575565824;0;0;0;0;0;0;0;0;0;0;0;4819;0;0;0;0;0;0;
30405;5336228;621072384;34877440;575565824;0;0;0;0;0;0;0;0;0;0;0;4529;0;0;0;0;0;0;
30406;4282261;621072384;34877440;575565824;0;0;0;0;0;0;0;0;0;0;0;4208;0;0;0;0;0;0;
30407;5726419;621072384;34877440;575565824;0;0;0;0;0;0;0;0;0;0;0;4859;0;0;0;0;0;0;
30408;5235118;621072384;34877440;575565824;0;0;0;0;0;0;0;0;0;0;0;4188;0;0;0;0;0;0;
30409;5805638;621072384;34877440;575565824;0;0;0;0;0;0;0;0;0;0;0;4399;0;0;0;0;0;0;
30410;4807035;621072384;34877440;575565824;0;0;0;0;0;0;0;0;0;0;0;3948;0;0;0;0;0;0;
30411;4865014;621072384;34877440;575565824;0;0;0;0;0;0;0;0;0;0;0;1953;0;0;0;0;0;0;
30412;4248768;621072384;34877440;575565824;0;0;0;0;0;0;0;0;0;0;0;3326;0;0;0;0;0;0;
30413;4577955;621072384;34877440;575565824;0;0;0;0;0;0;0;0;0;0;0;2915;0;0;0;0;0;0;
30414;3906707;621072384;34877440;575565824;0;0;0;0;0;0;0;0;0;0;0;4739;0;0;0;0;0;0;
30415;4576442;621072384;34877440;575565824;0;0;0;0;0;0;0;0;0;0;0;2475;0;0;0;0;0;0;
30416;3715397;621072384;34877440;575565824;0;0;0;0;0;0;0;0;0;0;0;3576;0;0;0;0;0;0;
30417;4658406;621072384;34877440;575565824;0;0;0;0;0;0;0;0;0;0;0;2605;0;0;0;0;0;0;
30418;3817800;621072384;34877440;575565824;0;0;0;0;0;0;0;0;0;0;0;3387;0;0;0;0;0;0;
30419;4917242;621072384;34877440;575565824;0;0;0;0;0;0;0;0;0;0;0;3115;0;0;0;0;0;0;
30420;4337395;621072384;34877440;575565824;0;0;0;0;0;0;0;0;0;0;0;3957;0;0;0;0;0;0;
30421;5037487;621072384;34877440;575565824;0;0;0;0;0;0;0;0;0;0;0;3447;0;0;0;0;0;0;
30422;4236795;621072384;34877440;575565824;0;0;0;0;0;0;0;0;0;0;0;2995;0;0;0;0;0;0;
30423;5884896;621072384;34877440;575565824;0;0;0;0;0;0;0;0;0;0;0;4999;0;0;0;0;0;0;
30424;4039445;621072384;34877440;575565824;0;0;0;0;0;0;0;0;0;0;0;4569;0;0;0;0;0;0;
30425;5183732;621072384;34877440;575565824;0;0;0;0;0;0;0;0;0;0;0;2756;0;0;0;0;0;0;
30426;4359686;621072384;34877440;575565824;0;0;0;0;0;0;0;0;0;0;0;3697;0;0;0;0;0;0;
30427;4974329;621072384;34877440;575565824;0;0;0;0;0;0;0;0;0;0;0;3737;0;0;0;0;0;0;
30428;4007626;621072384;34877440;575565824;0;0;0;0;0;0;0;0;0;0;0;3176;0;0;0;0;0;0;
30429;5617365;621072384;34877440;575565824;0;0;0;0;0;0;0;0;0;0;0;3456;0;0;0;0;0;0;
30430;4156034;621072384;34877440;575565824;0;0;0;0;0;0;0;0;0;0;0;4007;0;0;0;0;0;0;
30431;5668340;621072384;34877440;575565824;0;0;0;0;0;0;0;0;0;0;0;3697;0;0;0;0;0;0;
30432;4407967;621072384;34877440;575565824;0;0;0;0;0;0;0;0;0;0;0;4218;0;0;0;0;0;0;
30433;5356886;621072384;34877440;575565824;0;0;0;0;0;0;0;0;0;0;0;4468;0;0;0;0;0;0;
30434;4415471;621072384;34877440;575565824;0;0;0;0;0;0;0;0;0;0;0;4729;0;0;0;0;0;0;
30435;5706883;621072384;34877440;575565824;0;0;0;0;0;0;0;0;0;0;0;3526;0;0;0;0;0;0;
30436;4797206;621072384;34877440;575565824;0;0;0;0;0;0;0;0;0;0;0;3116;0;0;0;0;0;0;
30437;5066301;621072384;34877440;575565824;0;0;0;0;0;0;0;0;0;0;0;3887;0;0;0;0;0;0;
30438;3940740;621072384;34877440;575565824;0;0;0;0;0;0;0;0;0;0;0;3407;0;0;0;0;0;0;
30439;5999822;621072384;34877440;575565824;0;0;0;0;0;0;0;0;0;0;0;3948;0;0;0;0;0;0;
30440;4316034;621072384;34877440;575565824;0;0;0;0;0;0;0;0;0;0;0;4459;0;0;0;0;0;0;
30441;5145971;621072384;34877440;575565824;0;0;0;0;0;0;0;0;0;0;0;3567;0;0;0;0;0;0;
30442;4484771;621072384;34877440;575565824;0;0;0;0;0;0;0;0;0;0;0;6262;0;0;0;0;0;0;
30443;4917452;621072384;34877440;575565824;0;0;0;0;0;0;0;0;0;0;0;3417;0;0;0;0;0;0;
30444;4049835;621072384;34877440;575565824;0;0;0;0;0;0;0;0;0;0;0;5190;0;0;0;0;0;0;
30445;4723959;621072384;34877440;575565824;0;0;0;0;0;0;0;0;0;0;0;2545;0;0;0;0;0;0;
30446;3548314;621072384;34877440;575565824;0;0;0;0;0;0;0;0;0;0;0;4789;0;0;0;0;0;0;
30447;5138466;621072384;34877440;575565824;0;0;0;0;0;0;0;0;0;0;0;2545;0;0;0;0;0;0;
30448;3375841;621072384;34877440;575565824;0;0;0;0;0;0;0;0;0;0;0;4288;0;0;0;0;0;0;
30449;5307784;621072384;34877440;575565824;0;0;0;0;0;0;0;0;0;0;0;2795;0;0;0;0;0;0;
30450;3609450;621072384;34877440;575565824;0;0;0;0;0;0;0;0;0;0;0;3987;0;0;0;0;0;0;
30451;5528879;621072384;34877440;575565824;0;0;0;0;0;0;0;0;0;0;0;2615;0;0;0;0;0;0;
30452;3908790;621072384;34877440;575565824;0;0;0;0;0;0;0;0;0;0;0;3136;0;0;0;0;0;0;
30453;4943140;621072384;34877440;575565824;0;0;0;0;0;0;0;0;0;0;0;1894;0;0;0;0;0;0;
30454;3721700;621072384;34877440;575565824;0;0;0;0;0;0;0;0;0;0;0;3968;0;0;0;0;0;0;
30455;4732415;621072384;34877440;575565824;0;0;0;0;0;0;0;0;0;0;0;2104;0;0;0;0;0;0;
30456;3549346;621072384;34877440;575565824;0;0;0;0;0;0;0;0;0;0;0;3848;0;0;0;0;0;0;
30457;4674947;621072384;34877440;575565824;0;0;0;0;0;0;0;0;0;0;0;2414;0;0;0;0;0;0;
30458;3724494;621072384;34877440;575565824;0;0;0;0;0;0;0;0;0;0;0;5550;0;0;0;0;0;0;
30459;5231121;621072384;34877440;575565824;0;0;0;0;0;0;0;0;0;0;0;2835;0;0;0;0;0;0;
30460;3316951;621072384;34877440;575565824;0;0;0;0;0;0;0;0;0;0;0;3607;0;0;0;0;0;0;
30461;5601786;621072384;34877440;575565824;0;0;0;0;0;0;0;0;0;0;0;4118;0;0;0;0;0;0;
30462;4031811;621072384;34877440;575565824;0;0;0;0;0;0;0;0;0;0;0;4338;0;0;0;0;0;0;
30463;5329044;621072384;34877440;575565824;0;0;0;0;0;0;0;0;0;0;0;3056;0;0;0;0;0;0;
30464;4344167;621072384;34877440;575565824;0;0;0;0;0;0;0;0;0;0;0;4038;0;0;0;0;0;0;
30465;5366194;621072384;34877440;575565824;0;0;0;0;0;0;0;0;0;0;0;3166;0;0;0;0;0;0;
30466;4382409;621072384;34877440;575565824;0;0;0;0;0;0;0;0;0;0;0;4999;0;0;0;0;0;0;
30467;5078504;621072384;34877440;575565824;0;0;0;0;0;0;0;0;0;0;0;4138;0;0;0;0;0;0;
30468;4416673;621072384;34877440;575565824;0;0;0;0;0;0;0;0;0;0;0;3807;0;0;0;0;0;0;
30469;4738366;621072384;34877440;575565824;0;0;0;0;0;0;0;0;0;0;0;3727;0;0;0;0;0;0;
30470;4363143;621072384;34877440;575565824;0;0;0;0;0;0;0;0;0;0;0;4939;0;0;0;0;0;0;
30471;4713109;621072384;34877440;575565824;0;0;0;0;0;0;0;0;0;0;0;4509;0;0;0;0;0;0;
30472;3890867;621072384;34877440;575565824;0;0;0;0;0;0;0;0;0;0;0;3286;0;0;0;0;0;0;
30473;4849595;621072384;34877440;575565824;0;0;0;0;0;0;0;0;0;0;0;2835;0;0;0;0;0;0;
30474;3839431;621072384;34877440;575565824;0;0;0;0;0;0;0;0;0;0;0;3968;0;0;0;0;0;0;
30475;4720814;621072384;34877440;575565824;0;0;0;0;0;0;0;0;0;0;0;3176;0;0;0;0;0;0;
30476;4634451;621072384;34877440;575565824;0;0;0;0;0;0;0;0;0;0;0;3888;0;0;0;0;0;0;
30477;4558820;621072384;34877440;575565824;0;0;0;0;0;0;0;0;0;0;0;2635;0;0;0;0;0;0;
30478;4285417;621072384;34877440;575565824;0;0;0;0;0;0;0;0;0;0;0;4779;0;0;0;0;0;0;
30479;5030153;621072384;34877440;575565824;0;0;0;0;0;0;0;0;0;0;0;2725;0;0;0;0;0;0;
30480;4138030;621072384;34877440;575565824;0;0;0;0;0;0;0;0;0;0;0;4578;0;0;0;0;0;0;
30481;4690066;621072384;34877440;575565824;0;0;0;0;0;0;0;0;0;0;0;2745;0;0;0;0;0;0;
30482;3754651;621072384;34877440;575565824;0;0;0;0;0;0;0;0;0;0;0;4659;0;0;0;0;0;0;
30483;4553219;621072384;34877440;575565824;0;0;0;0;0;0;0;0;0;0;0;2345;0;0;0;0;0;0;
30484;3541050;621072384;34877440;575565824;0;0;0;0;0;0;0;0;0;0;0;3828;0;0;0;0;0;0;
30485;4573757;621072384;34877440;575565824;0;0;0;0;0;0;0;0;0;0;0;2224;0;0;0;0;0;0;
30486;3637812;621072384;34877440;575565824;0;0;0;0;0;0;0;0;0;0;0;4579;0;0;0;0;0;0;
30487;4789843;621072384;34877440;575565824;0;0;0;0;0;0;0;0;0;0;0;3477;0;0;0;0;0;0;
30488;3066812;621072384;34877440;575565824;0;0;0;0;0;0;0;0;0;0;0;4047;0;0;0;0;0;0;
30489;4723398;621072384;34877440;575565824;0;0;0;0;0;0;0;0;0;0;0;3757;0;0;0;0;0;0;
30490;2944201;621072384;34877440;575565824;0;0;0;0;0;0;0;0;0;0;0;3286;0;0;0;0;0;0;
30491;5049520;621072384;34877440;575565824;0;0;0;0;0;0;0;0;0;0;0;4178;0;0;0;0;0;0;
30492;3092108;621072384;34877440;575565824;0;0;0;0;0;0;0;0;0;0;0;2755;0;0;0;0;0;0;
30493;5233304;621072384;34877440;575565824;0;0;0;0;0;0;0;0;0;0;0;3145;0;0;0;0;0;0;
30494;2745609;621072384;34877440;575565824;0;0;0;0;0;0;0;0;0;0;0;2935;0;0;0;0;0;0;
30495;4917983;621072384;34877440;575565824;0;0;0;0;0;0;0;0;0;0;0;3246;0;0;0;0;0;0;
30496;2862828;621072384;34877440;575565824;0;0;0;0;0;0;0;0;0;0;0;3276;0;0;0;0;0;0;
30497;4952318;621072384;34877440;575565824;0;0;0;0;0;0;0;0;0;0;0;2935;0;0;0;0;0;0;
30498;3141542;621072384;34877440;575565824;0;0;0;0;0;0;0;0;0;0;0;3417;0;0;0;0;0;0;
30499;5022930;621072384;34877440;575565824;0;0;0;0;0;0;0;0;0;0;0;4268;0;0;0;0;0;0;
30500;3172841;621072384;34877440;575565824;0;0;0;0;0;0;0;0;0;0;0;4087;0;0;0;0;0;0;
30501;5015255;621072384;34877440;575565824;0;0;0;0;0;0;0;0;0;0;0;4138;0;0;0;0;0;0;
30502;3254323;621072384;34877440;575565824;0;0;0;0;0;0;0;0;0;0;0;3226;0;0;0;0;0;0;
30503;4636916;621072384;34877440;575565824;0;0;0;0;0;0;0;0;0;0;0;3477;0;0;0;0;0;0;
30504;3251057;621072384;34877440;575565824;0;0;0;0;0;0;0;0;0;0;0;3566;0;0;0;0;0;0;
30505;4693022;621072384;34877440;575565824;0;0;0;0;0;0;0;0;0;0;0;2524;0;0;0;0;0;0;
30506;3771673;621072384;34877440;575565824;0;0;0;0;0;0;0;0;0;0;0;3486;0;0;0;0;0;0;
30507;4691568;621072384;34877440;575565824;0;0;0;0;0;0;0;0;0;0;0;2655;0;0;0;0;0;0;
30508;3457133;621072384;34877440;575565824;0;0;0;0;0;0;0;0;0;0;0;3767;0;0;0;0;0;0;
30509;4629603;621072384;34877440;575565824;0;0;0;0;0;0;0;0;0;0;0;2706;0;0;0;0;0;0;
30510;3430163;621072384;34877440;575565824;0;0;0;0;0;0;0;0;0;0;0;3356;0;0;0;0;0;0;
30511;4392708;621072384;34877440;575565824;0;0;0;0;0;0;0;0;0;0;0;3186;0;0;0;0;0;0;
30512;3279981;621072384;34877440;575565824;0;0;0;0;0;0;0;0;0;0;0;3426;0;0;0;0;0;0;
30513;4738046;621072384;34877440;575565824;0;0;0;0;0;0;0;0;0;0;0;2955;0;0;0;0;0;0;
30514;3527154;621072384;34877440;575565824;0;0;0;0;0;0;0;0;0;0;0;4007;0;0;0;0;0;0;
30515;4398829;621072384;34877440;575565824;0;0;0;0;0;0;0;0;0;0;0;2875;0;0;0;0;0;0;
30516;3332280;621072384;34877440;575565824;0;0;0;0;0;0;0;0;0;0;0;3236;0;0;0;0;0;0;
30517;5153665;621072384;34881536;575569920;0;0;0;0;0;0;0;0;0;0;0;4278;0;0;0;0;0;0;
30518;3056042;621072384;34885632;575574016;0;0;0;0;0;0;0;0;0;0;0;3256;0;0;0;0;0;0;
30519;4712138;621072384;34885632;575574016;0;0;0;0;0;0;0;0;0;0;0;2435;0;0;0;0;0;0;
30520;2968177;621072384;34885632;575574016;0;0;0;0;0;0;0;0;0;0;0;3477;0;0;0;0;0;0;
30521;4586051;621072384;34885632;575574016;0;0;0;0;0;0;0;0;0;0;0;5030;0;0;0;0;0;0;
30522;2930165;621072384;34885632;575574016;0;0;0;0;0;0;0;0;0;0;0;2354;0;0;0;0;0;0;
30523;4651062;621072384;34885632;575574016;0;0;0;0;0;0;0;0;0;0;0;4248;0;0;0;0;0;0;
30524;3014924;621072384;34877440;575565824;0;0;0;0;0;0;0;0;0;0;0;4018;0;0;0;0;0;0;
30525;5135200;621072384;34877440;575565824;0;0;0;0;0;0;0;0;0;0;0;3747;0;0;0;0;0;0;
30526;3115292;621072384;34877440;575565824;0;0;0;0;0;0;0;0;0;0;0;3767;0;0;0;0;0;0;
30527;4854534;621072384;34877440;575565824;0;0;0;0;0;0;0;0;0;0;0;3116;0;0;0;0;0;0;
30528;3618576;621072384;34877440;575565824;0;0;0;0;0;0;0;0;0;0;0;4178;0;0;0;0;0;0;
30529;7847947;621072384;34877440;575565824;0;0;0;0;0;0;0;0;0;0;0;2966;0;0;0;0;0;0;
30530;9650197;621072384;34877440;575565824;0;0;0;0;0;0;0;0;0;0;0;3447;0;0;0;0;0;0;
30531;5156240;621072384;34877440;575565824;0;0;0;0;0;0;0;0;0;0;0;2274;0;0;0;0;0;0;
30532;3673238;621072384;34877440;575565824;0;0;0;0;0;0;0;0;0;0;0;5140;0;0;0;0;0;0;
30533;4777319;621072384;34877440;575565824;0;0;0;0;0;0;0;0;0;0;0;2906;0;0;0;0;0;0;
30534;4318068;621072384;34877440;575565824;0;0;0;0;0;0;0;0;0;0;0;4248;0;0;0;0;0;0;
30535;5294739;621072384;34877440;575565824;0;0;0;0;0;0;0;0;0;0;0;5501;0;0;0;0;0;0;
30536;3297544;621072384;34877440;575565824;0;0;0;0;0;0;0;0;0;0;0;3387;0;0;0;0;0;0;
30537;4810872;621072384;34877440;575565824;0;0;0;0;0;0;0;0;0;0;0;3667;0;0;0;0;0;0;
30538;3225308;621072384;34877440;575565824;0;0;0;0;0;0;0;0;0;0;0;3236;0;0;0;0;0;0;
30539;4775316;621072384;34877440;575565824;0;0;0;0;0;0;0;0;0;0;0;3707;0;0;0;0;0;0;
30540;3371313;621072384;34877440;575565824;0;0;0;0;0;0;0;0;0;0;0;3546;0;0;0;0;0;0;
30541;4875043;621072384;34877440;575565824;0;0;0;0;0;0;0;0;0;0;0;3267;0;0;0;0;0;0;
30542;3493621;621072384;34877440;575565824;0;0;0;0;0;0;0;0;0;0;0;4258;0;0;0;0;0;0;
30543;4915118;621072384;34877440;575565824;0;0;0;0;0;0;0;0;0;0;0;3457;0;0;0;0;0;0;
30544;3645327;621072384;34877440;575565824;0;0;0;0;0;0;0;0;0;0;0;2916;0;0;0;0;0;0;
30545;5331428;621072384;34877440;575565824;0;0;0;0;0;0;0;0;0;0;0;3246;0;0;0;0;0;0;
30546;3284820;621072384;34877440;575565824;0;0;0;0;0;0;0;0;0;0;0;3968;0;0;0;0;0;0;
30547;4842401;621072384;34877440;575565824;0;0;0;0;0;0;0;0;0;0;0;3787;0;0;0;0;0;0;
30548;3320868;621072384;34877440;575565824;0;0;0;0;0;0;0;0;0;0;0;4328;0;0;0;0;0;0;
30549;4778401;621072384;34877440;575565824;0;0;0;0;0;0;0;0;0;0;0;2846;0;0;0;0;0;0;
30550;3463295;621072384;34877440;575565824;0;0;0;0;0;0;0;0;0;0;0;4028;0;0;0;0;0;0;
30551;4613742;621072384;34877440;575565824;0;0;0;0;0;0;0;0;0;0;0;2765;0;0;0;0;0;0;
30552;3519160;621072384;34877440;575565824;0;0;0;0;0;0;0;0;0;0;0;3657;0;0;0;0;0;0;
30553;4608823;621072384;34877440;575565824;0;0;0;0;0;0;0;0;0;0;0;2394;0;0;0;0;0;0;
30554;3643112;621072384;34877440;575565824;0;0;0;0;0;0;0;0;0;0;0;3817;0;0;0;0;0;0;
30555;4945014;621072384;34877440;575565824;0;0;0;0;0;0;0;0;0;0;0;2956;0;0;0;0;0;0;
30556;3171177;621072384;34877440;575565824;0;0;0;0;0;0;0;0;0;0;0;2746;0;0;0;0;0;0;
30557;4639591;621072384;34877440;575565824;0;0;0;0;0;0;0;0;0;0;0;2846;0;0;0;0;0;0;
30558;2905108;621072384;34877440;575565824;0;0;0;0;0;0;0;0;0;0;0;3497;0;0;0;0;0;0;
30559;4600448;621072384;34877440;575565824;0;0;0;0;0;0;0;0;0;0;0;2865;0;0;0;0;0;0;
30560;2969679;621072384;34877440;575565824;0;0;0;0;0;0;0;0;0;0;0;2615;0;0;0;0;0;0;
30561;4375476;621072384;34877440;575565824;0;0;0;0;0;0;0;0;0;0;0;3136;0;0;0;0;0;0;
30562;2902453;621072384;34877440;575565824;0;0;0;0;0;0;0;0;0;0;0;2846;0;0;0;0;0;0;
30563;4384463;621072384;34877440;575565824;0;0;0;0;0;0;0;0;0;0;0;2766;0;0;0;0;0;0;
30564;3004224;621072384;34877440;575565824;0;0;0;0;0;0;0;0;0;0;0;3166;0;0;0;0;0;0;
30565;4543982;621072384;34877440;575565824;0;0;0;0;0;0;0;0;0;0;0;2805;0;0;0;0;0;0;
30566;3175565;621072384;34877440;575565824;0;0;0;0;0;0;0;0;0;0;0;2745;0;0;0;0;0;0;
30567;4533662;621072384;34877440;575565824;0;0;0;0;0;0;0;0;0;0;0;2595;0;0;0;0;0;0;
30568;3605742;621072384;34877440;575565824;0;0;0;0;0;0;0;0;0;0;0;3456;0;0;0;0;0;0;
30569;5110294;621072384;34877440;575565824;0;0;0;0;0;0;0;0;0;0;0;5219;0;0;0;0;0;0;
30570;4350669;621072384;34877440;575565824;0;0;0;0;0;0;0;0;0;0;0;3507;0;0;0;0;0;0;
30571;5281325;621072384;34877440;575565824;0;0;0;0;0;0;0;0;0;0;0;3927;0;0;0;0;0;0;
30572;4164871;621072384;34877440;575565824;0;0;0;0;0;0;0;0;0;0;0;4429;0;0;0;0;0;0;
30573;5203208;621072384;34877440;575565824;0;0;0;0;0;0;0;0;0;0;0;3336;0;0;0;0;0;0;
30574;3560507;621072384;34877440;575565824;0;0;0;0;0;0;0;0;0;0;0;3006;0;0;0;0;0;0;
30575;4801134;621072384;34877440;575565824;0;0;0;0;0;0;0;0;0;0;0;3978;0;0;0;0;0;0;
30576;3438217;621072384;34877440;575565824;0;0;0;0;0;0;0;0;0;0;0;3737;0;0;0;0;0;0;
30577;4996530;621072384;34877440;575565824;0;0;0;0;0;0;0;0;0;0;0;3857;0;0;0;0;0;0;
30578;3470379;621072384;34877440;575565824;0;0;0;0;0;0;0;0;0;0;0;3506;0;0;0;0;0;0;
30579;5040934;621072384;34877440;575565824;0;0;0;0;0;0;0;0;0;0;0;3667;0;0;0;0;0;0;
30580;3572089;621072384;34877440;575565824;0;0;0;0;0;0;0;0;0;0;0;4248;0;0;0;0;0;0;
30581;4926509;621072384;34877440;575565824;0;0;0;0;0;0;0;0;0;0;0;2635;0;0;0;0;0;0;
30582;3886799;621072384;34877440;575565824;0;0;0;0;0;0;0;0;0;0;0;4177;0;0;0;0;0;0;
30583;4680077;621072384;34877440;575565824;0;0;0;0;0;0;0;0;0;0;0;2875;0;0;0;0;0;0;
30584;3704798;621072384;34877440;575565824;0;0;0;0;0;0;0;0;0;0;0;4388;0;0;0;0;0;0;
30585;4632006;621072384;34877440;575565824;0;0;0;0;0;0;0;0;0;0;0;2866;0;0;0;0;0;0;
30586;3222513;621072384;34877440;575565824;0;0;0;0;0;0;0;0;0;0;0;3917;0;0;0;0;0;0;
30587;4594827;621072384;34877440;575565824;0;0;0;0;0;0;0;0;0;0;0;2535;0;0;0;0;0;0;
30588;3353930;621072384;34877440;575565824;0;0;0;0;0;0;0;0;0;0;0;3787;0;0;0;0;0;0;
30589;4612741;621072384;34877440;575565824;0;0;0;0;0;0;0;0;0;0;0;3156;0;0;0;0;0;0;
30590;3376923;621072384;34877440;575565824;0;0;0;0;0;0;0;0;0;0;0;4218;0;0;0;0;0;0;
30591;4826521;621072384;34877440;575565824;0;0;0;0;0;0;0;0;0;0;0;2434;0;0;0;0;0;0;
30592;3627403;621072384;34877440;575565824;0;0;0;0;0;0;0;0;0;0;0;3507;0;0;0;0;0;0;
30593;4683203;621072384;34877440;575565824;0;0;0;0;0;0;0;0;0;0;0;4358;0;0;0;0;0;0;
30594;3480677;621072384;34877440;575565824;0;0;0;0;0;0;0;0;0;0;0;5430;0;0;0;0;0;0;
30595;4941698;621072384;34877440;575565824;0;0;0;0;0;0;0;0;0;0;0;3457;0;0;0;0;0;0;
30596;4171223;621072384;34877440;575565824;0;0;0;0;0;0;0;0;0;0;0;3557;0;0;0;0;0;0;
30597;5093262;621072384;34877440;575565824;0;0;0;0;0;0;0;0;0;0;0;4448;0;0;0;0;0;0;
30598;4133842;621072384;34877440;575565824;0;0;0;0;0;0;0;0;0;0;0;3807;0;0;0;0;0;0;
30599;5044511;621072384;34877440;575565824;0;0;0;0;0;0;0;0;0;0;0;3026;0;0;0;0;0;0;
30600;4259628;621072384;34877440;575565824;0;0;0;0;0;0;0;0;0;0;0;3507;0;0;0;0;0;0;
30601;4756200;621072384;34877440;575565824;0;0;0;0;0;0;0;0;0;0;0;3006;0;0;0;0;0;0;
30602;4004630;621072384;34877440;575565824;0;0;0;0;0;0;0;0;0;0;0;3427;0;0;0;0;0;0;
30603;4659538;621072384;34877440;575565824;0;0;0;0;0;0;0;0;0;0;0;3015;0;0;0;0;0;0;
30604;4497234;621072384;34877440;575565824;0;0;0;0;0;0;0;0;0;0;0;3317;0;0;0;0;0;0;
30605;4688964;621072384;34877440;575565824;0;0;0;0;0;0;0;0;0;0;0;3477;0;0;0;0;0;0;
30606;3924470;621072384;34877440;575565824;0;0;0;0;0;0;0;0;0;0;0;4048;0;0;0;0;0;0;
30607;4402216;621072384;34877440;575565824;0;0;0;0;0;0;0;0;0;0;0;2585;0;0;0;0;0;0;
30608;3091408;621072384;34877440;575565824;0;0;0;0;0;0;0;0;0;0;0;3727;0;0;0;0;0;0;
30609;4585219;621072384;34877440;575565824;0;0;0;0;0;0;0;0;0;0;0;2625;0;0;0;0;0;0;
30610;3182168;621072384;34877440;575565824;0;0;0;0;0;0;0;0;0;0;0;3437;0;0;0;0;0;0;
30611;4944203;621072384;34877440;575565824;0;0;0;0;0;0;0;0;0;0;0;2044;0;0;0;0;0;0;
30612;3016688;621072384;34877440;575565824;0;0;0;0;0;0;0;0;0;0;0;3086;0;0;0;0;0;0;
30613;4925708;621072384;34877440;575565824;0;0;0;0;0;0;0;0;0;0;0;2665;0;0;0;0;0;0;
30614;4138421;621072384;34877440;575565824;0;0;0;0;0;0;0;0;0;0;0;4017;0;0;0;0;0;0;
30615;5433981;621072384;34877440;575565824;0;0;0;0;0;0;0;0;0;0;0;3597;0;0;0;0;0;0;
30616;3101497;621072384;34877440;575565824;0;0;0;0;0;0;0;0;0;0;0;3606;0;0;0;0;0;0;
30617;4809470;621072384;34877440;575565824;0;0;0;0;0;0;0;0;0;0;0;2955;0;0;0;0;0;0;
30618;3200191;621072384;34877440;575565824;0;0;0;0;0;0;0;0;0;0;0;3857;0;0;0;0;0;0;
30619;5085918;621072384;34877440;575565824;0;0;0;0;0;0;0;0;0;0;0;3617;0;0;0;0;0;0;
30620;3220970;621072384;34877440;575565824;0;0;0;0;0;0;0;0;0;0;0;4218;0;0;0;0;0;0;
30621;4513936;621072384;34877440;575565824;0;0;0;0;0;0;0;0;0;0;0;3636;0;0;0;0;0;0;
30622;3309106;621072384;34877440;575565824;0;0;0;0;0;0;0;0;0;0;0;5380;0;0;0;0;0;0;
30623;4632046;621072384;34877440;575565824;0;0;0;0;0;0;0;0;0;0;0;3126;0;0;0;0;0;0;
30624;4166764;621072384;34877440;575565824;0;0;0;0;0;0;0;0;0;0;0;4939;0;0;0;0;0;0;
30625;4725702;621072384;34877440;575565824;0;0;0;0;0;0;0;0;0;0;0;2786;0;0;0;0;0;0;
30626;3731368;621072384;34877440;575565824;0;0;0;0;0;0;0;0;0;0;0;3587;0;0;0;0;0;0;
30627;5094254;621072384;34877440;575565824;0;0;0;0;0;0;0;0;0;0;0;4609;0;0;0;0;0;0;
30628;3341346;621072384;34877440;575565824;0;0;0;0;0;0;0;0;0;0;0;4298;0;0;0;0;0;0;
30629;4958920;621072384;34877440;575565824;0;0;0;0;0;0;0;0;0;0;0;4749;0;0;0;0;0;0;
30630;3821387;621072384;34877440;575565824;0;0;0;0;0;0;0;0;0;0;0;3577;0;0;0;0;0;0;
30631;5154426;621072384;34877440;575565824;0;0;0;0;0;0;0;0;0;0;0;4288;0;0;0;0;0;0;
30632;3269171;621072384;34877440;575565824;0;0;0;0;0;0;0;0;0;0;0;3998;0;0;0;0;0;0;
30633;4959561;621072384;34877440;575565824;0;0;0;0;0;0;0;0;0;0;0;4799;0;0;0;0;0;0;
30634;3500896;621072384;34877440;575565824;0;0;0;0;0;0;0;0;0;0;0;3356;0;0;0;0;0;0;
30635;5510774;621072384;34881536;575569920;0;0;0;0;0;0;0;0;0;0;0;9628;0;0;0;0;0;0;
30636;4159671;621072384;34885632;575574016;0;0;0;0;0;0;0;0;0;0;0;3797;0;0;0;0;0;0;
30637;5385810;621072384;34885632;575574016;0;0;0;0;0;0;0;0;0;0;0;4048;0;0;0;0;0;0;
30638;4195528;621072384;34885632;575574016;0;0;0;0;0;0;0;0;0;0;0;4929;0;0;0;0;0;0;
30639;5199421;621072384;34885632;575574016;0;0;0;0;0;0;0;0;0;0;0;3527;0;0;0;0;0;0;
30640;3556240;621072384;34885632;575574016;0;0;0;0;0;0;0;0;0;0;0;4168;0;0;0;0;0;0;
30641;5420155;621072384;34885632;575574016;0;0;0;0;0;0;0;0;0;0;0;4508;0;0;0;0;0;0;
30642;4232177;621072384;34877440;575565824;0;0;0;0;0;0;0;0;0;0;0;4559;0;0;0;0;0;0;
30643;4916971;621072384;34877440;575565824;0;0;0;0;0;0;0;0;0;0;0;3617;0;0;0;0;0;0;
30644;3623025;621072384;34877440;575565824;0;0;0;0;0;0;0;0;0;0;0;3597;0;0;0;0;0;0;
30645;5165176;621072384;34877440;575565824;0;0;0;0;0;0;0;0;0;0;0;4068;0;0;0;0;0;0;
30646;3670023;621072384;34877440;575565824;0;0;0;0;0;0;0;0;0;0;0;4738;0;0;0;0;0;0;
30647;5028180;621072384;34877440;575565824;0;0;0;0;0;0;0;0;0;0;0;3717;0;0;0;0;0;0;
30648;3459678;621072384;34877440;575565824;0;0;0;0;0;0;0;0;0;0;0;6392;0;0;0;0;0;0;
30649;4772460;621072384;34877440;575565824;0;0;0;0;0;0;0;0;0;0;0;2696;0;0;0;0;0;0;
30650;2977645;621072384;34877440;575565824;0;0;0;0;0;0;0;0;0;0;0;4398;0;0;0;0;0;0;
30651;4992503;621072384;34877440;575565824;0;0;0;0;0;0;0;0;0;0;0;3928;0;0;0;0;0;0;
30652;3095556;621072384;34877440;575565824;0;0;0;0;0;0;0;0;0;0;0;3897;0;0;0;0;0;0;
30653;5755834;621072384;34877440;575565824;0;0;0;0;0;0;0;0;0;0;0;3957;0;0;0;0;0;0;
30654;3100995;621072384;34877440;575565824;0;0;0;0;0;0;0;0;0;0;0;3967;0;0;0;0;0;0;
30655;5084114;621072384;34877440;575565824;0;0;0;0;0;0;0;0;0;0;0;4538;0;0;0;0;0;0;
30656;3021026;621072384;34877440;575565824;0;0;0;0;0;0;0;0;0;0;0;3927;0;0;0;0;0;0;
30657;5221161;621072384;34877440;575565824;0;0;0;0;0;0;0;0;0;0;0;3958;0;0;0;0;0;0;
30658;3129138;621072384;34877440;575565824;0;0;0;0;0;0;0;0;0;0;0;3486;0;0;0;0;0;0;
30659;4989948;621072384;34877440;575565824;0;0;0;0;0;0;0;0;0;0;0;6182;0;0;0;0;0;0;
30660;3269993;621072384;34877440;575565824;0;0;0;0;0;0;0;0;0;0;0;4369;0;0;0;0;0;0;
30661;5257049;621072384;34877440;575565824;0;0;0;0;0;0;0;0;0;0;0;4168;0;0;0;0;0;0;
30662;3173110;621072384;34877440;575565824;0;0;0;0;0;0;0;0;0;0;0;3417;0;0;0;0;0;0;
30663;5277868;621072384;34877440;575565824;0;0;0;0;0;0;0;0;0;0;0;4629;0;0;0;0;0;0;
30664;3225570;621072384;34877440;575565824;0;0;0;0;0;0;0;0;0;0;0;3847;0;0;0;0;0;0;
30665;4865104;621072384;34877440;575565824;0;0;0;0;0;0;0;0;0;0;0;3316;0;0;0;0;0;0;
30666;3440091;621072384;34877440;575565824;0;0;0;0;0;0;0;0;0;0;0;5511;0;0;0;0;0;0;
30667;5021798;621072384;34877440;575565824;0;0;0;0;0;0;0;0;0;0;0;4789;0;0;0;0;0;0;
30668;3659654;621072384;34877440;575565824;0;0;0;0;0;0;0;0;0;0;0;4007;0;0;0;0;0;0;
30669;5023471;621072384;34877440;575565824;0;0;0;0;0;0;0;0;0;0;0;4930;0;0;0;0;0;0;
30670;3999842;621072384;34877440;575565824;0;0;0;0;0;0;0;0;0;0;0;4057;0;0;0;0;0;0;
30671;5055882;621072384;34877440;575565824;0;0;0;0;0;0;0;0;0;0;0;3176;0;0;0;0;0;0;
30672;3615891;621072384;34877440;575565824;0;0;0;0;0;0;0;0;0;0;0;4027;0;0;0;0;0;0;
30673;4624603;621072384;34877440;575565824;0;0;0;0;0;0;0;0;0;0;0;2665;0;0;0;0;0;0;
30674;3368047;621072384;34877440;575565824;0;0;0;0;0;0;0;0;0;0;0;3767;0;0;0;0;0;0;
30675;4551045;621072384;34877440;575565824;0;0;0;0;0;0;0;0;0;0;0;3136;0;0;0;0;0;0;
30676;3518158;621072384;34877440;575565824;0;0;0;0;0;0;0;0;0;0;0;4168;0;0;0;0;0;0;
30677;4652936;621072384;34877440;575565824;0;0;0;0;0;0;0;0;0;0;0;3036;0;0;0;0;0;0;
30678;3160257;621072384;34877440;575565824;0;0;0;0;0;0;0;0;0;0;0;4859;0;0;0;0;0;0;
30679;4957808;621072384;34877440;575565824;0;0;0;0;0;0;0;0;0;0;0;3016;0;0;0;0;0;0;
30680;3030673;621072384;34877440;575565824;0;0;0;0;0;0;0;0;0;0;0;3757;0;0;0;0;0;0;
30681;5052225;621072384;34877440;575565824;0;0;0;0;0;0;0;0;0;0;0;4318;0;0;0;0;0;0;
30682;3182118;621072384;34877440;575565824;0;0;0;0;0;0;0;0;0;0;0;3607;0;0;0;0;0;0;
30683;4885452;621072384;34877440;575565824;0;0;0;0;0;0;0;0;0;0;0;2404;0;0;0;0;0;0;
30684;3517106;621072384;34877440;575565824;0;0;0;0;0;0;0;0;0;0;0;4018;0;0;0;0;0;0;
30685;4700725;621072384;34877440;575565824;0;0;0;0;0;0;0;0;0;0;0;2154;0;0;0;0;0;0;
30686;3550569;621072384;34877440;575565824;0;0;0;0;0;0;0;0;0;0;0;3597;0;0;0;0;0;0;
30687;5243824;621072384;34877440;575565824;0;0;0;0;0;0;0;0;0;0;0;2946;0;0;0;0;0;0;
30688;3802471;621072384;34877440;575565824;0;0;0;0;0;0;0;0;0;0;0;6072;0;0;0;0;0;0;
30689;4671140;621072384;34877440;575565824;0;0;0;0;0;0;0;0;0;0;0;2625;0;0;0;0;0;0;
30690;3789577;621072384;34877440;575565824;0;0;0;0;0;0;0;0;0;0;0;4088;0;0;0;0;0;0;
30691;4916310;621072384;34877440;575565824;0;0;0;0;0;0;0;0;0;0;0;3327;0;0;0;0;0;0;
30692;3463977;621072384;34877440;575565824;0;0;0;0;0;0;0;0;0;0;0;4148;0;0;0;0;0;0;
30693;5167361;621072384;34877440;575565824;0;0;0;0;0;0;0;0;0;0;0;3948;0;0;0;0;0;0;
30694;3294658;621072384;34877440;575565824;0;0;0;0;0;0;0;0;0;0;0;3977;0;0;0;0;0;0;
30695;5185806;621072384;34877440;575565824;0;0;0;0;0;0;0;0;0;0;0;4158;0;0;0;0;0;0;
30696;3208306;621072384;34877440;575565824;0;0;0;0;0;0;0;0;0;0;0;3968;0;0;0;0;0;0;
30697;5347208;621072384;34877440;575565824;0;0;0;0;0;0;0;0;0;0;0;4899;0;0;0;0;0;0;
30698;3056953;621072384;34877440;575565824;0;0;0;0;0;0;0;0;0;0;0;5300;0;0;0;0;0;0;
30699;5142214;621072384;34877440;575565824;0;0;0;0;0;0;0;0;0;0;0;4298;0;0;0;0;0;0;
30700;3673850;621072384;34877440;575565824;0;0;0;0;0;0;0;0;0;0;0;5300;0;0;0;0;0;0;
30701;4834667;621072384;34877440;575565824;0;0;0;0;0;0;0;0;0;0;0;4258;0;0;0;0;0;0;
30702;3926013;621072384;34877440;575565824;0;0;0;0;0;0;0;0;0;0;0;4088;0;0;0;0;0;0;
30703;5233114;621072384;34877440;575565824;0;0;0;0;0;0;0;0;0;0;0;3637;0;0;0;0;0;0;
30704;4546356;621072384;34877440;575565824;0;0;0;0;0;0;0;0;0;0;0;4900;0;0;0;0;0;0;
30705;4872498;621072384;34877440;575565824;0;0;0;0;0;0;0;0;0;0;0;3226;0;0;0;0;0;0;
30706;3687907;621072384;34877440;575565824;0;0;0;0;0;0;0;0;0;0;0;3216;0;0;0;0;0;0;
30707;5074787;621072384;34877440;575565824;0;0;0;0;0;0;0;0;0;0;0;2685;0;0;0;0;0;0;
30708;3542334;621072384;34877440;575565824;0;0;0;0;0;0;0;0;0;0;0;3467;0;0;0;0;0;0;
30709;5050793;621072384;34877440;575565824;0;0;0;0;0;0;0;0;0;0;0;2535;0;0;0;0;0;0;
30710;3831635;621072384;34877440;575565824;0;0;0;0;0;0;0;0;0;0;0;3326;0;0;0;0;0;0;
30711;5151271;621072384;34877440;575565824;0;0;0;0;0;0;0;0;0;0;0;5240;0;0;0;0;0;0;
30712;3824001;621072384;34877440;575565824;0;0;0;0;0;0;0;0;0;0;0;3837;0;0;0;0;0;0;
30713;5316260;621072384;34877440;575565824;0;0;0;0;0;0;0;0;0;0;0;3787;0;0;0;0;0;0;
30714;3720337;621072384;34877440;575565824;0;0;0;0;0;0;0;0;0;0;0;3817;0;0;0;0;0;0;
30715;4872738;621072384;34877440;575565824;0;0;0;0;0;0;0;0;0;0;0;3006;0;0;0;0;0;0;
30716;4122471;621072384;34877440;575565824;0;0;0;0;0;0;0;0;0;0;0;3787;0;0;0;0;0;0;
30717;5316661;621072384;34877440;575565824;0;0;0;0;0;0;0;0;0;0;0;4238;0;0;0;0;0;0;
30718;4140335;621072384;34877440;575565824;0;0;0;0;0;0;0;0;0;0;0;3677;0;0;0;0;0;0;
30719;5052906;621072384;34877440;575565824;0;0;0;0;0;0;0;0;0;0;0;3336;0;0;0;0;0;0;
30720;3719395;621072384;34877440;575565824;0;0;0;0;0;0;0;0;0;0;0;4238;0;0;0;0;0;0;
30721;4859454;621072384;34877440;575565824;0;0;0;0;0;0;0;0;0;0;0;2975;0;0;0;0;0;0;
30722;4462469;621072384;34877440;575565824;0;0;0;0;0;0;0;0;0;0;0;3878;0;0;0;0;0;0;
30723;4834657;621072384;34877440;575565824;0;0;0;0;0;0;0;0;0;0;0;2624;0;0;0;0;0;0;
30724;3847816;621072384;34877440;575565824;0;0;0;0;0;0;0;0;0;0;0;3938;0;0;0;0;0;0;
30725;4619182;621072384;34877440;575565824;0;0;0;0;0;0;0;0;0;0;0;2454;0;0;0;0;0;0;
30726;3562071;621072384;34877440;575565824;0;0;0;0;0;0;0;0;0;0;0;4007;0;0;0;0;0;0;
30727;4689214;621072384;34877440;575565824;0;0;0;0;0;0;0;0;0;0;0;2865;0;0;0;0;0;0;
30728;3684520;621072384;34877440;575565824;0;0;0;0;0;0;0;0;0;0;0;4248;0;0;0;0;0;0;
30729;4798869;621072384;34877440;575565824;0;0;0;0;0;0;0;0;0;0;0;3036;0;0;0;0;0;0;
30730;3241259;621072384;34877440;575565824;0;0;0;0;0;0;0;0;0;0;0;3737;0;0;0;0;0;0;
30731;4680528;621072384;34877440;575565824;0;0;0;0;0;0;0;0;0;0;0;2725;0;0;0;0;0;0;
30732;3472572;621072384;34877440;575565824;0;0;0;0;0;0;0;0;0;0;0;3136;0;0;0;0;0;0;
30733;4735310;621072384;34877440;575565824;0;0;0;0;0;0;0;0;0;0;0;3146;0;0;0;0;0;0;
30734;4426892;621072384;34877440;575565824;0;0;0;0;0;0;0;0;0;0;0;3637;0;0;0;0;0;0;
30735;4790093;621072384;34877440;575565824;0;0;0;0;0;0;0;0;0;0;0;3627;0;0;0;0;0;0;
30736;3684370;621072384;34877440;575565824;0;0;0;0;0;0;0;0;0;0;0;4529;0;0;0;0;0;0;
30737;5240999;621072384;34877440;575565824;0;0;0;0;0;0;0;0;0;0;0;4408;0;0;0;0;0;0;
30738;4540696;621072384;34877440;575565824;0;0;0;0;0;0;0;0;0;0;0;4919;0;0;0;0;0;0;
30739;5159536;621072384;34877440;575565824;0;0;0;0;0;0;0;0;0;0;0;3607;0;0;0;0;0;0;
30740;4583987;621072384;34877440;575565824;0;0;0;0;0;0;0;0;0;0;0;3927;0;0;0;0;0;0;
30741;5250196;621072384;34877440;575565824;0;0;0;0;0;0;0;0;0;0;0;4569;0;0;0;0;0;0;
30742;3921504;621072384;34877440;575565824;0;0;0;0;0;0;0;0;0;0;0;3777;0;0;0;0;0;0;
30743;5556310;621072384;34877440;575565824;0;0;0;0;0;0;0;0;0;0;0;4669;0;0;0;0;0;0;
30744;3866241;621072384;34877440;575565824;0;0;0;0;0;0;0;0;0;0;0;3747;0;0;0;0;0;0;
30745;5305279;621072384;34877440;575565824;0;0;0;0;0;0;0;0;0;0;0;4669;0;0;0;0;0;0;
30746;3229657;621072384;34877440;575565824;0;0;0;0;0;0;0;0;0;0;0;4078;0;0;0;0;0;0;
30747;5316771;621072384;34877440;575565824;0;0;0;0;0;0;0;0;0;0;0;3787;0;0;0;0;0;0;
30748;3811959;621072384;34877440;575565824;0;0;0;0;0;0;0;0;0;0;0;4820;0;0;0;0;0;0;
30749;4759126;621072384;34877440;575565824;0;0;0;0;0;0;0;0;0;0;0;3677;0;0;0;0;0;0;
30750;4838414;621072384;34877440;575565824;0;0;0;0;0;0;0;0;0;0;0;3156;0;0;0;0;0;0;
30751;4780505;621072384;34877440;575565824;0;0;0;0;0;0;0;0;0;0;0;9057;0;0;0;0;0;0;
30752;4501261;621072384;34877440;575565824;0;0;0;0;0;0;0;0;0;0;0;3807;0;0;0;0;0;0;
30753;4767100;621072384;34877440;575565824;0;0;0;0;0;0;0;0;0;0;0;3327;0;0;0;0;0;0;
30754;3870248;621072384;34877440;575565824;0;0;0;0;0;0;0;0;0;0;0;3126;0;0;0;0;0;0;
30755;4794962;621072384;34877440;575565824;0;0;0;0;0;0;0;0;0;0;0;2535;0;0;0;0;0;0;
30756;3752568;621072384;34877440;575565824;0;0;0;0;0;0;0;0;0;0;0;3566;0;0;0;0;0;0;
30757;4939664;621072384;34877440;575565824;0;0;0;0;0;0;0;0;0;0;0;2324;0;0;0;0;0;0;
30758;3928277;621072384;34877440;575565824;0;0;0;0;0;0;0;0;0;0;0;3627;0;0;0;0;0;0;
30759;8379014;621072384;34877440;575565824;0;0;0;0;0;0;0;0;0;0;0;3527;0;0;0;0;0;0;
30760;9770474;621072384;34877440;575565824;0;0;0;0;0;0;0;0;0;0;0;4008;0;0;0;0;0;0;
30761;5043318;621072384;34877440;575565824;0;0;0;0;0;0;0;0;0;0;0;4629;0;0;0;0;0;0;
30762;3972951;621072384;34877440;575565824;0;0;0;0;0;0;0;0;0;0;0;3286;0;0;0;0;0;0;
30763;5021367;621072384;34877440;575565824;0;0;0;0;0;0;0;0;0;0;0;4478;0;0;0;0;0;0;
30764;3642220;621072384;34877440;575565824;0;0;0;0;0;0;0;0;0;0;0;3878;0;0;0;0;0;0;
30765;5448428;621072384;34877440;575565824;0;0;0;0;0;0;0;0;0;0;0;3537;0;0;0;0;0;0;
30766;3872593;621072384;34877440;575565824;0;0;0;0;0;0;0;0;0;0;0;3808;0;0;0;0;0;0;
30767;4597682;621072384;34877440;575565824;0;0;0;0;0;0;0;0;0;0;0;2966;0;0;0;0;0;0;
30768;3678338;621072384;34877440;575565824;0;0;0;0;0;0;0;0;0;0;0;2946;0;0;0;0;0;0;
30769;5174374;621072384;34877440;575565824;0;0;0;0;0;0;0;0;0;0;0;3707;0;0;0;0;0;0;
30770;4258397;621072384;34877440;575565824;0;0;0;0;0;0;0;0;0;0;0;3496;0;0;0;0;0;0;
30771;5060701;621072384;34877440;575565824;0;0;0;0;0;0;0;0;0;0;0;3657;0;0;0;0;0;0;
30772;4232948;621072384;34877440;575565824;0;0;0;0;0;0;0;0;0;0;0;2886;0;0;0;0;0;0;
30773;4836971;621072384;34877440;575565824;0;0;0;0;0;0;0;0;0;0;0;3246;0;0;0;0;0;0;
30774;3444470;621072384;34877440;575565824;0;0;0;0;0;0;0;0;0;0;0;3276;0;0;0;0;0;0;
30775;5366053;621072384;34877440;575565824;0;0;0;0;0;0;0;0;0;0;0;4158;0;0;0;0;0;0;
30776;3213337;621072384;34877440;575565824;0;0;0;0;0;0;0;0;0;0;0;3577;0;0;0;0;0;0;
30777;4956546;621072384;34877440;575565824;0;0;0;0;0;0;0;0;0;0;0;3567;0;0;0;0;0;0;
30778;3424001;621072384;34877440;575565824;0;0;0;0;0;0;0;0;0;0;0;3025;0;0;0;0;0;0;
30779;4879712;621072384;34877440;575565824;0;0;0;0;0;0;0;0;0;0;0;3055;0;0;0;0;0;0;
30780;3136382;621072384;34877440;575565824;0;0;0;0;0;0;0;0;0;0;0;3517;0;0;0;0;0;0;
30781;4933662;621072384;34877440;575565824;0;0;0;0;0;0;0;0;0;0;0;3256;0;0;0;0;0;0;
30782;3579313;621072384;34877440;575565824;0;0;0;0;0;0;0;0;0;0;0;4098;0;0;0;0;0;0;
30783;5136333;621072384;34877440;575565824;0;0;0;0;0;0;0;0;0;0;0;3807;0;0;0;0;0;0;
30784;3110934;621072384;34877440;575565824;0;0;0;0;0;0;0;0;0;0;0;3667;0;0;0;0;0;0;
30785;5336087;621072384;34877440;575565824;0;0;0;0;0;0;0;0;0;0;0;4439;0;0;0;0;0;0;
30786;3244074;621072384;34877440;575565824;0;0;0;0;0;0;0;0;0;0;0;4559;0;0;0;0;0;0;
30787;5462945;621072384;34877440;575565824;0;0;0;0;0;0;0;0;0;0;0;4448;0;0;0;0;0;0;
30788;2866075;621072384;34877440;575565824;0;0;0;0;0;0;0;0;0;0;0;3677;0;0;0;0;0;0;
30789;5123489;621072384;34877440;575565824;0;0;0;0;0;0;0;0;0;0;0;4528;0;0;0;0;0;0;
30790;3092420;621072384;34877440;575565824;0;0;0;0;0;0;0;0;0;0;0;2965;0;0;0;0;0;0;
30791;5253542;621072384;34877440;575565824;0;0;0;0;0;0;0;0;0;0;0;3196;0;0;0;0;0;0;
30792;3664412;621072384;34877440;575565824;0;0;0;0;0;0;0;0;0;0;0;4358;0;0;0;0;0;0;
30793;5571909;621072384;34877440;575565824;0;0;0;0;0;0;0;0;0;0;0;3647;0;0;0;0;0;0;
30794;3208307;621072384;34877440;575565824;0;0;0;0;0;0;0;0;0;0;0;3326;0;0;0;0;0;0;
30795;5014103;621072384;34877440;575565824;0;0;0;0;0;0;0;0;0;0;0;3617;0;0;0;0;0;0;
30796;3861983;621072384;34877440;575565824;0;0;0;0;0;0;0;0;0;0;0;3176;0;0;0;0;0;0;
30797;5562662;621072384;34877440;575565824;0;0;0;0;0;0;0;0;0;0;0;42610;0;0;0;0;0;0;
30798;3305890;621072384;34877440;575565824;0;0;0;0;0;0;0;0;0;0;0;3457;0;0;0;0;0;0;
30799;5082622;621072384;34877440;575565824;0;0;0;0;0;0;0;0;0;0;0;3487;0;0;0;0;0;0;
30800;3301471;621072384;34877440;575565824;0;0;0;0;0;0;0;0;0;0;0;3417;0;0;0;0;0;0;
30801;4746682;621072384;34877440;575565824;0;0;0;0;0;0;0;0;0;0;0;3938;0;0;0;0;0;0;
30802;3761575;621072384;34877440;575565824;0;0;0;0;0;0;0;0;0;0;0;5229;0;0;0;0;0;0;
30803;4768713;621072384;34877440;575565824;0;0;0;0;0;0;0;0;0;0;0;3257;0;0;0;0;0;0;
30804;3946211;621072384;34877440;575565824;0;0;0;0;0;0;0;0;0;0;0;3657;0;0;0;0;0;0;
30805;4802416;621072384;34877440;575565824;0;0;0;0;0;0;0;0;0;0;0;2594;0;0;0;0;0;0;
30806;4814580;621072384;34877440;575565824;0;0;0;0;0;0;0;0;0;0;0;3366;0;0;0;0;0;0;
30807;4723118;621072384;34877440;575565824;0;0;0;0;0;0;0;0;0;0;0;2384;0;0;0;0;0;0;
30808;4580160;621072384;34877440;575565824;0;0;0;0;0;0;0;0;0;0;0;4829;0;0;0;0;0;0;
30809;5014735;621072384;34877440;575565824;0;0;0;0;0;0;0;0;0;0;0;3306;0;0;0;0;0;0;
30810;4443984;621072384;34877440;575565824;0;0;0;0;0;0;0;0;0;0;0;3256;0;0;0;0;0;0;
30811;4768122;621072384;34877440;575565824;0;0;0;0;0;0;0;0;0;0;0;3376;0;0;0;0;0;0;
30812;4373983;621072384;34877440;575565824;0;0;0;0;0;0;0;0;0;0;0;4228;0;0;0;0;0;0;
30813;4956225;621072384;34877440;575565824;0;0;0;0;0;0;0;0;0;0;0;3206;0;0;0;0;0;0;
30814;3972250;621072384;34877440;575565824;0;0;0;0;0;0;0;0;0;0;0;4729;0;0;0;0;0;0;
30815;4488017;621072384;34877440;575565824;0;0;0;0;0;0;0;0;0;0;0;2635;0;0;0;0;0;0;
30816;4275689;621072384;34877440;575565824;0;0;0;0;0;0;0;0;0;0;0;4348;0;0;0;0;0;0;
30817;4688963;621072384;34877440;575565824;0;0;0;0;0;0;0;0;0;0;0;3397;0;0;0;0;0;0;
30818;4001404;621072384;34877440;575565824;0;0;0;0;0;0;0;0;0;0;0;3526;0;0;0;0;0;0;
30819;4971895;621072384;34877440;575565824;0;0;0;0;0;0;0;0;0;0;0;4288;0;0;0;0;0;0;
30820;3498982;621072384;34877440;575565824;0;0;0;0;0;0;0;0;0;0;0;3737;0;0;0;0;0;0;
30821;5312783;621072384;34877440;575565824;0;0;0;0;0;0;0;0;0;0;0;3998;0;0;0;0;0;0;
30822;3308384;621072384;34877440;575565824;0;0;0;0;0;0;0;0;0;0;0;3306;0;0;0;0;0;0;
30823;4919736;621072384;34877440;575565824;0;0;0;0;0;0;0;0;0;0;0;3968;0;0;0;0;0;0;
30824;3617244;621072384;34877440;575565824;0;0;0;0;0;0;0;0;0;0;0;3487;0;0;0;0;0;0;
30825;5375922;621072384;34877440;575565824;0;0;0;0;0;0;0;0;0;0;0;3456;0;0;0;0;0;0;
30826;4083829;621072384;34877440;575565824;0;0;0;0;0;0;0;0;0;0;0;4608;0;0;0;0;0;0;
30827;5003914;621072384;34877440;575565824;0;0;0;0;0;0;0;0;0;0;0;3827;0;0;0;0;0;0;
30828;2997932;621072384;34877440;575565824;0;0;0;0;0;0;0;0;0;0;0;3717;0;0;0;0;0;0;
30829;5403945;621072384;34877440;575565824;0;0;0;0;0;0;0;0;0;0;0;4108;0;0;0;0;0;0;
30830;2911611;621072384;34877440;575565824;0;0;0;0;0;0;0;0;0;0;0;2976;0;0;0;0;0;0;
30831;4919616;621072384;34877440;575565824;0;0;0;0;0;0;0;0;0;0;0;4288;0;0;0;0;0;0;
30832;3075899;621072384;34877440;575565824;0;0;0;0;0;0;0;0;0;0;0;3005;0;0;0;0;0;0;
30833;4563758;621072384;34877440;575565824;0;0;0;0;0;0;0;0;0;0;0;3276;0;0;0;0;0;0;
30834;3174112;621072384;34877440;575565824;0;0;0;0;0;0;0;0;0;0;0;3787;0;0;0;0;0;0;
30835;4446869;621072384;34877440;575565824;0;0;0;0;0;0;0;0;0;0;0;2555;0;0;0;0;0;0;
30836;3540791;621072384;34877440;575565824;0;0;0;0;0;0;0;0;0;0;0;3456;0;0;0;0;0;0;
30837;4492295;621072384;34877440;575565824;0;0;0;0;0;0;0;0;0;0;0;2686;0;0;0;0;0;0;
30838;3618506;621072384;34877440;575565824;0;0;0;0;0;0;0;0;0;0;0;2815;0;0;0;0;0;0;
30839;4466777;621072384;34877440;575565824;0;0;0;0;0;0;0;0;0;0;0;2505;0;0;0;0;0;0;
30840;3335045;621072384;34877440;575565824;0;0;0;0;0;0;0;0;0;0;0;3346;0;0;0;0;0;0;
30841;4546096;621072384;34877440;575565824;0;0;0;0;0;0;0;0;0;0;0;2976;0;0;0;0;0;0;
30842;3359861;621072384;34877440;575565824;0;0;0;0;0;0;0;0;0;0;0;3957;0;0;0;0;0;0;
30843;4483268;621072384;34877440;575565824;0;0;0;0;0;0;0;0;0;0;0;2584;0;0;0;0;0;0;
30844;3416668;621072384;34877440;575565824;0;0;0;0;0;0;0;0;0;0;0;3156;0;0;0;0;0;0;
30845;4670178;621072384;34877440;575565824;0;0;0;0;0;0;0;0;0;0;0;2985;0;0;0;0;0;0;
30846;3312131;621072384;34877440;575565824;0;0;0;0;0;0;0;0;0;0;0;3557;0;0;0;0;0;0;
30847;4604936;621072384;34877440;575565824;0;0;0;0;0;0;0;0;0;0;0;3476;0;0;0;0;0;0;
30848;3143114;621072384;34877440;575565824;0;0;0;0;0;0;0;0;0;0;0;3797;0;0;0;0;0;0;
30849;4982895;621072384;34877440;575565824;0;0;0;0;0;0;0;0;0;0;0;5601;0;0;0;0;0;0;
30850;3259243;621072384;34877440;575565824;0;0;0;0;0;0;0;0;0;0;0;4258;0;0;0;0;0;0;
30851;4787389;621072384;34877440;575565824;0;0;0;0;0;0;0;0;0;0;0;2645;0;0;0;0;0;0;
30852;3091357;621072384;34877440;575565824;0;0;0;0;0;0;0;0;0;0;0;4539;0;0;0;0;0;0;
30853;4887136;621072384;34877440;575565824;0;0;0;0;0;0;0;0;0;0;0;2485;0;0;0;0;0;0;
30854;2981873;621072384;34877440;575565824;0;0;0;0;0;0;0;0;0;0;0;2755;0;0;0;0;0;0;
30855;4745570;621072384;34877440;575565824;0;0;0;0;0;0;0;0;0;0;0;3376;0;0;0;0;0;0;
30856;3588219;621072384;34877440;575565824;0;0;0;0;0;0;0;0;0;0;0;4077;0;0;0;0;0;0;
30857;4994897;621072384;34877440;575565824;0;0;0;0;0;0;0;0;0;0;0;4639;0;0;0;0;0;0;
30858;3632131;621072384;34877440;575565824;0;0;0;0;0;0;0;0;0;0;0;4508;0;0;0;0;0;0;
30859;5419523;621072384;34877440;575565824;0;0;0;0;0;0;0;0;0;0;0;2986;0;0;0;0;0;0;
30860;3820785;621072384;34877440;575565824;0;0;0;0;0;0;0;0;0;0;0;3747;0;0;0;0;0;0;
30861;4894780;621072384;34877440;575565824;0;0;0;0;0;0;0;0;0;0;0;3086;0;0;0;0;0;0;
30862;3380509;621072384;34877440;575565824;0;0;0;0;0;0;0;0;0;0;0;3316;0;0;0;0;0;0;
30863;4853141;621072384;34877440;575565824;0;0;0;0;0;0;0;0;0;0;0;3527;0;0;0;0;0;0;
30864;4019478;621072384;34877440;575565824;0;0;0;0;0;0;0;0;0;0;0;4198;0;0;0;0;0;0;
30865;4626215;621072384;34877440;575565824;0;0;0;0;0;0;0;0;0;0;0;3156;0;0;0;0;0;0;
30866;3369949;621072384;34877440;575565824;0;0;0;0;0;0;0;0;0;0;0;3016;0;0;0;0;0;0;
30867;4763383;621072384;34877440;575565824;0;0;0;0;0;0;0;0;0;0;0;3267;0;0;0;0;0;0;
30868;3760593;621072384;34877440;575565824;0;0;0;0;0;0;0;0;0;0;0;3586;0;0;0;0;0;0;
30869;4845527;621072384;34877440;575565824;0;0;0;0;0;0;0;0;0;0;0;4098;0;0;0;0;0;0;
30870;3789798;621072384;34877440;575565824;0;0;0;0;0;0;0;0;0;0;0;3376;0;0;0;0;0;0;
30871;4900430;621072384;34877440;575565824;0;0;0;0;0;0;0;0;0;0;0;3647;0;0;0;0;0;0;
30872;3183981;621072384;34877440;575565824;0;0;0;0;0;0;0;0;0;0;0;3357;0;0;0;0;0;0;
30873;4871285;621072384;34877440;575565824;0;0;0;0;0;0;0;0;0;0;0;3657;0;0;0;0;0;0;
30874;3143936;621072384;34877440;575565824;0;0;0;0;0;0;0;0;0;0;0;3697;0;0;0;0;0;0;
30875;4964550;621072384;34877440;575565824;0;0;0;0;0;0;0;0;0;0;0;3576;0;0;0;0;0;0;
30876;3470198;621072384;34877440;575565824;0;0;0;0;0;0;0;0;0;0;0;3517;0;0;0;0;0;0;
30877;5053127;621072384;34877440;575565824;0;0;0;0;0;0;0;0;0;0;0;4037;0;0;0;0;0;0;
30878;3967180;621072384;34877440;575565824;0;0;0;0;0;0;0;0;0;0;0;3427;0;0;0;0;0;0;
30879;4737766;621072384;34877440;575565824;0;0;0;0;0;0;0;0;0;0;0;3066;0;0;0;0;0;0;
30880;3945961;621072384;34877440;575565824;0;0;0;0;0;0;0;0;0;0;0;4068;0;0;0;0;0;0;
30881;4963479;621072384;34877440;575565824;0;0;0;0;0;0;0;0;0;0;0;2976;0;0;0;0;0;0;
30882;3746145;621072384;34877440;575565824;0;0;0;0;0;0;0;0;0;0;0;4308;0;0;0;0;0;0;
30883;4607270;621072384;34877440;575565824;0;0;0;0;0;0;0;0;0;0;0;3487;0;0;0;0;0;0;
30884;3789236;621072384;34877440;575565824;0;0;0;0;0;0;0;0;0;0;0;3396;0;0;0;0;0;0;
30885;4561344;621072384;34877440;575565824;0;0;0;0;0;0;0;0;0;0;0;2975;0;0;0;0;0;0;
30886;3593128;621072384;34877440;575565824;0;0;0;0;0;0;0;0;0;0;0;3768;0;0;0;0;0;0;
30887;4714943;621072384;34877440;575565824;0;0;0;0;0;0;0;0;0;0;0;3116;0;0;0;0;0;0;
30888;4483699;621072384;34877440;575565824;0;0;0;0;0;0;0;0;0;0;0;3527;0;0;0;0;0;0;
30889;4896083;621072384;34877440;575565824;0;0;0;0;0;0;0;0;0;0;0;4358;0;0;0;0;0;0;
30890;3548845;621072384;34877440;575565824;0;0;0;0;0;0;0;0;0;0;0;4738;0;0;0;0;0;0;
30891;4815972;621072384;34877440;575565824;0;0;0;0;0;0;0;0;0;0;0;4038;0;0;0;0;0;0;
30892;4279305;621072384;34877440;575565824;0;0;0;0;0;0;0;0;0;0;0;3957;0;0;0;0;0;0;
30893;5207617;621072384;34877440;575565824;0;0;0;0;0;0;0;0;0;0;0;3677;0;0;0;0;0;0;
30894;3749813;621072384;34877440;575565824;0;0;0;0;0;0;0;0;0;0;0;3526;0;0;0;0;0;0;
30895;4774654;621072384;34877440;575565824;0;0;0;0;0;0;0;0;0;0;0;3506;0;0;0;0;0;0;
30896;3713214;621072384;34877440;575565824;0;0;0;0;0;0;0;0;0;0;0;4529;0;0;0;0;0;0;
30897;4732134;621072384;34877440;575565824;0;0;0;0;0;0;0;0;0;0;0;3547;0;0;0;0;0;0;
30898;4073078;621072384;34877440;575565824;0;0;0;0;0;0;0;0;0;0;0;4057;0;0;0;0;0;0;
30899;4739388;621072384;34877440;575565824;0;0;0;0;0;0;0;0;0;0;0;3727;0;0;0;0;0;0;
30900;4222829;621072384;34877440;575565824;0;0;0;0;0;0;0;0;0;0;0;4037;0;0;0;0;0;0;
30901;4862168;621072384;34877440;575565824;0;0;0;0;0;0;0;0;0;0;0;3106;0;0;0;0;0;0;
30902;4736573;621072384;34877440;575565824;0;0;0;0;0;0;0;0;0;0;0;3737;0;0;0;0;0;0;
30903;4742053;621072384;34877440;575565824;0;0;0;0;0;0;0;0;0;0;0;2855;0;0;0;0;0;0;
30904;4366689;621072384;34877440;575565824;0;0;0;0;0;0;0;0;0;0;0;11512;0;0;0;0;0;0;
30905;4549442;621072384;34877440;575565824;0;0;0;0;0;0;0;0;0;0;0;2745;0;0;0;0;0;0;
30906;4285146;621072384;34877440;575565824;0;0;0;0;0;0;0;0;0;0;0;4899;0;0;0;0;0;0;
30907;4896613;621072384;34877440;575565824;0;0;0;0;0;0;0;0;0;0;0;2685;0;0;0;0;0;0;
30908;4079340;621072384;34877440;575565824;0;0;0;0;0;0;0;0;0;0;0;4609;0;0;0;0;0;0;
30909;4922322;621072384;34877440;575565824;0;0;0;0;0;0;0;0;0;0;0;2905;0;0;0;0;0;0;
30910;3590744;621072384;34877440;575565824;0;0;0;0;0;0;0;0;0;0;0;3677;0;0;0;0;0;0;
30911;4652095;621072384;34877440;575565824;0;0;0;0;0;0;0;0;0;0;0;3396;0;0;0;0;0;0;
30912;3580605;621072384;34877440;575565824;0;0;0;0;0;0;0;0;0;0;0;4118;0;0;0;0;0;0;
30913;4605777;621072384;34877440;575565824;0;0;0;0;0;0;0;0;0;0;0;3506;0;0;0;0;0;0;
30914;3540790;621072384;34877440;575565824;0;0;0;0;0;0;0;0;0;0;0;4057;0;0;0;0;0;0;
30915;4892846;621072384;34877440;575565824;0;0;0;0;0;0;0;0;0;0;0;4789;0;0;0;0;0;0;
30916;12553322;621072384;34877440;575565824;0;0;0;0;0;0;0;0;0;0;0;4248;0;0;0;0;0;0;
30917;4822314;621072384;34877440;575565824;0;0;0;0;0;0;0;0;0;0;0;4077;0;0;0;0;0;0;
30918;3490906;621072384;34877440;575565824;0;0;0;0;0;0;0;0;0;0;0;4779;0;0;0;0;0;0;
30919;4834707;621072384;34877440;575565824;0;0;0;0;0;0;0;0;0;0;0;3587;0;0;0;0;0;0;
30920;3382053;621072384;34877440;575565824;0;0;0;0;0;0;0;0;0;0;0;3547;0;0;0;0;0;0;
30921;5445282;621072384;34877440;575565824;0;0;0;0;0;0;0;0;0;0;0;3016;0;0;0;0;0;0;
30922;3292425;621072384;34877440;575565824;0;0;0;0;0;0;0;0;0;0;0;4588;0;0;0;0;0;0;
30923;5216393;621072384;34877440;575565824;0;0;0;0;0;0;0;0;0;0;0;4148;0;0;0;0;0;0;
30924;3122646;621072384;34877440;575565824;0;0;0;0;0;0;0;0;0;0;0;3647;0;0;0;0;0;0;
30925;5474808;621072384;34877440;575565824;0;0;0;0;0;0;0;0;0;0;0;4078;0;0;0;0;0;0;
30926;3470128;621072384;34877440;575565824;0;0;0;0;0;0;0;0;0;0;0;3827;0;0;0;0;0;0;
30927;5662048;621072384;34877440;575565824;0;0;0;0;0;0;0;0;0;0;0;4900;0;0;0;0;0;0;
30928;3124609;621072384;34877440;575565824;0;0;0;0;0;0;0;0;0;0;0;3386;0;0;0;0;0;0;
30929;5498472;621072384;34877440;575565824;0;0;0;0;0;0;0;0;0;0;0;3336;0;0;0;0;0;0;
30930;4699564;621072384;34877440;575565824;0;0;0;0;0;0;0;0;0;0;0;4619;0;0;0;0;0;0;
30931;5751456;621072384;34877440;575565824;0;0;0;0;0;0;0;0;0;0;0;5120;0;0;0;0;0;0;
30932;3863886;621072384;34877440;575565824;0;0;0;0;0;0;0;0;0;0;0;4458;0;0;0;0;0;0;
30933;5977500;621072384;34877440;575565824;0;0;0;0;0;0;0;0;0;0;0;3316;0;0;0;0;0;0;
30934;4271621;621072384;34877440;575565824;0;0;0;0;0;0;0;0;0;0;0;5130;0;0;0;0;0;0;
30935;4978076;621072384;34877440;575565824;0;0;0;0;0;0;0;0;0;0;0;3607;0;0;0;0;0;0;
30936;3957662;621072384;34877440;575565824;0;0;0;0;0;0;0;0;0;0;0;3707;0;0;0;0;0;0;
30937;4734429;621072384;34877440;575565824;0;0;0;0;0;0;0;0;0;0;0;3316;0;0;0;0;0;0;
30938;4012235;621072384;34877440;575565824;0;0;0;0;0;0;0;0;0;0;0;3848;0;0;0;0;0;0;
30939;4865725;621072384;34877440;575565824;0;0;0;0;0;0;0;0;0;0;0;2495;0;0;0;0;0;0;
30940;4130977;621072384;34877440;575565824;0;0;0;0;0;0;0;0;0;0;0;3156;0;0;0;0;0;0;
30941;4812916;621072384;34877440;575565824;0;0;0;0;0;0;0;0;0;0;0;3587;0;0;0;0;0;0;
30942;4243588;621072384;34877440;575565824;0;0;0;0;0;0;0;0;0;0;0;3787;0;0;0;0;0;0;
30943;4956054;621072384;34877440;575565824;0;0;0;0;0;0;0;0;0;0;0;3757;0;0;0;0;0;0;
30944;3750273;621072384;34877440;575565824;0;0;0;0;0;0;0;0;0;0;0;4048;0;0;0;0;0;0;
30945;5136884;621072384;34877440;575565824;0;0;0;0;0;0;0;0;0;0;0;3636;0;0;0;0;0;0;
30946;4066487;621072384;34877440;575565824;0;0;0;0;0;0;0;0;0;0;0;5200;0;0;0;0;0;0;
30947;5269232;621072384;34877440;575565824;0;0;0;0;0;0;0;0;0;0;0;4799;0;0;0;0;0;0;
30948;4134604;621072384;34877440;575565824;0;0;0;0;0;0;0;0;0;0;0;3927;0;0;0;0;0;0;
30949;5429423;621072384;34877440;575565824;0;0;0;0;0;0;0;0;0;0;0;3757;0;0;0;0;0;0;
30950;4941827;621072384;34877440;575565824;0;0;0;0;0;0;0;0;0;0;0;4028;0;0;0;0;0;0;
30951;5330056;621072384;34877440;575565824;0;0;0;0;0;0;0;0;0;0;0;4498;0;0;0;0;0;0;
30952;4699874;621072384;34877440;575565824;0;0;0;0;0;0;0;0;0;0;0;4518;0;0;0;0;0;0;
30953;5081790;621072384;34877440;575565824;0;0;0;0;0;0;0;0;0;0;0;3597;0;0;0;0;0;0;
30954;4095190;621072384;34877440;575565824;0;0;0;0;0;0;0;0;0;0;0;4579;0;0;0;0;0;0;
30955;5284510;621072384;34877440;575565824;0;0;0;0;0;0;0;0;0;0;0;4639;0;0;0;0;0;0;
30956;3575495;621072384;34877440;575565824;0;0;0;0;0;0;0;0;0;0;0;4278;0;0;0;0;0;0;
30957;5283519;621072384;34877440;575565824;0;0;0;0;0;0;0;0;0;0;0;3857;0;0;0;0;0;0;
30958;4288873;621072384;34877440;575565824;0;0;0;0;0;0;0;0;0;0;0;4609;0;0;0;0;0;0;
30959;5125943;621072384;34877440;575565824;0;0;0;0;0;0;0;0;0;0;0;3847;0;0;0;0;0;0;
30960;4630975;621072384;34877440;575565824;0;0;0;0;0;0;0;0;0;0;0;4338;0;0;0;0;0;0;
30961;5403052;621072384;34877440;575565824;0;0;0;0;0;0;0;0;0;0;0;2865;0;0;0;0;0;0;
30962;3902659;621072384;34877440;575565824;0;0;0;0;0;0;0;0;0;0;0;3677;0;0;0;0;0;0;
30963;5226962;621072384;34877440;575565824;0;0;0;0;0;0;0;0;0;0;0;3596;0;0;0;0;0;0;
30964;3378876;621072384;34877440;575565824;0;0;0;0;0;0;0;0;0;0;0;3206;0;0;0;0;0;0;
30965;5751036;621072384;34877440;575565824;0;0;0;0;0;0;0;0;0;0;0;3656;0;0;0;0;0;0;
30966;3638974;621072384;34877440;575565824;0;0;0;0;0;0;0;0;0;0;0;4989;0;0;0;0;0;0;
30967;5240849;621072384;34877440;575565824;0;0;0;0;0;0;0;0;0;0;0;3888;0;0;0;0;0;0;
30968;4620896;621072384;34877440;575565824;0;0;0;0;0;0;0;0;0;0;0;4728;0;0;0;0;0;0;
30969;5266416;621072384;34877440;575565824;0;0;0;0;0;0;0;0;0;0;0;4438;0;0;0;0;0;0;
30970;4463681;621072384;34877440;575565824;0;0;0;0;0;0;0;0;0;0;0;5530;0;0;0;0;0;0;
30971;5068255;621072384;34877440;575565824;0;0;0;0;0;0;0;0;0;0;0;3987;0;0;0;0;0;0;
30972;4293783;621072384;34877440;575565824;0;0;0;0;0;0;0;0;0;0;0;4057;0;0;0;0;0;0;
30973;6074572;621072384;34877440;575565824;0;0;0;0;0;0;0;0;0;0;0;5340;0;0;0;0;0;0;
30974;4131087;621072384;34877440;575565824;0;0;0;0;0;0;0;0;0;0;0;3817;0;0;0;0;0;0;
30975;5558484;621072384;34877440;575565824;0;0;0;0;0;0;0;0;0;0;0;4028;0;0;0;0;0;0;
30976;4457649;621072384;34877440;575565824;0;0;0;0;0;0;0;0;0;0;0;4057;0;0;0;0;0;0;
30977;5234627;621072384;34877440;575565824;0;0;0;0;0;0;0;0;0;0;0;4218;0;0;0;0;0;0;
30978;4374203;621072384;34877440;575565824;0;0;0;0;0;0;0;0;0;0;0;4147;0;0;0;0;0;0;
30979;5053928;621072384;34877440;575565824;0;0;0;0;0;0;0;0;0;0;0;4218;0;0;0;0;0;0;
30980;4795554;621072384;34877440;575565824;0;0;0;0;0;0;0;0;0;0;0;4278;0;0;0;0;0;0;
30981;5557473;621072384;34877440;575565824;0;0;0;0;0;0;0;0;0;0;0;4338;0;0;0;0;0;0;
30982;15724539;621072384;34877440;575565824;0;0;0;0;0;0;0;0;0;0;0;3777;0;0;0;0;0;0;
30983;4769926;621072384;34877440;575565824;0;0;0;0;0;0;0;0;0;0;0;3427;0;0;0;0;0;0;
30984;5012260;621072384;34877440;575565824;0;0;0;0;0;0;0;0;0;0;0;4188;0;0;0;0;0;0;
30985;5108029;621072384;34877440;575565824;0;0;0;0;0;0;0;0;0;0;0;3356;0;0;0;0;0;0;
30986;4874111;621072384;34877440;575565824;0;0;0;0;0;0;0;0;0;0;0;3296;0;0;0;0;0;0;
30987;4893898;621072384;34877440;575565824;0;0;0;0;0;0;0;0;0;0;0;2916;0;0;0;0;0;0;
30988;4567115;621072384;34877440;575565824;0;0;0;0;0;0;0;0;0;0;0;3466;0;0;0;0;0;0;
30989;4731474;621072384;34877440;575565824;0;0;0;0;0;0;0;0;0;0;0;2775;0;0;0;0;0;0;
30990;4750188;621072384;34877440;575565824;0;0;0;0;0;0;0;0;0;0;0;3086;0;0;0;0;0;0;
30991;4823416;621072384;34877440;575565824;0;0;0;0;0;0;0;0;0;0;0;3086;0;0;0;0;0;0;
30992;4327556;621072384;34877440;575565824;0;0;0;0;0;0;0;0;0;0;0;3968;0;0;0;0;0;0;
30993;4904578;621072384;34877440;575565824;0;0;0;0;0;0;0;0;0;0;0;3106;0;0;0;0;0;0;
30994;4259919;621072384;34877440;575565824;0;0;0;0;0;0;0;0;0;0;0;3797;0;0;0;0;0;0;
30995;4754737;621072384;34877440;575565824;0;0;0;0;0;0;0;0;0;0;0;3126;0;0;0;0;0;0;
30996;4369044;621072384;34877440;575565824;0;0;0;0;0;0;0;0;0;0;0;3747;0;0;0;0;0;0;
30997;4841770;621072384;34877440;575565824;0;0;0;0;0;0;0;0;0;0;0;2766;0;0;0;0;0;0;
30998;3886649;621072384;34877440;575565824;0;0;0;0;0;0;0;0;0;0;0;4428;0;0;0;0;0;0;
30999;4742935;621072384;34877440;575565824;0;0;0;0;0;0;0;0;0;0;0;3456;0;0;0;0;0;0;
31000;3711290;621072384;34877440;575565824;0;0;0;0;0;0;0;0;0;0;0;3807;0;0;0;0;0;0;
31001;4896813;621072384;34877440;575565824;0;0;0;0;0;0;0;0;0;0;0;2965;0;0;0;0;0;0;
31002;3856733;621072384;34877440;575565824;0;0;0;0;0;0;0;0;0;0;0;4038;0;0;0;0;0;0;
31003;5710910;621072384;34877440;575565824;0;0;0;0;0;0;0;0;0;0;0;4769;0;0;0;0;0;0;
31004;4146847;621072384;34877440;575565824;0;0;0;0;0;0;0;0;0;0;0;3727;0;0;0;0;0;0;
31005;5664783;621072384;34877440;575565824;0;0;0;0;0;0;0;0;0;0;0;4609;0;0;0;0;0;0;
31006;3418651;621072384;34877440;575565824;0;0;0;0;0;0;0;0;0;0;0;4869;0;0;0;0;0;0;
31007;5576649;621072384;34877440;575565824;0;0;0;0;0;0;0;0;0;0;0;3927;0;0;0;0;0;0;
31008;3508299;621072384;34877440;575565824;0;0;0;0;0;0;0;0;0;0;0;3527;0;0;0;0;0;0;
31009;4998424;621072384;34877440;575565824;0;0;0;0;0;0;0;0;0;0;0;2685;0;0;0;0;0;0;
31010;3624527;621072384;34877440;575565824;0;0;0;0;0;0;0;0;0;0;0;4148;0;0;0;0;0;0;
31011;4878820;621072384;34877440;575565824;0;0;0;0;0;0;0;0;0;0;0;3808;0;0;0;0;0;0;
31012;3503220;621072384;34877440;575565824;0;0;0;0;0;0;0;0;0;0;0;3817;0;0;0;0;0;0;
31013;4536948;621072384;34877440;575565824;0;0;0;0;0;0;0;0;0;0;0;2905;0;0;0;0;0;0;
31014;3751736;621072384;34877440;575565824;0;0;0;0;0;0;0;0;0;0;0;2755;0;0;0;0;0;0;
31015;4501862;621072384;34877440;575565824;0;0;0;0;0;0;0;0;0;0;0;1984;0;0;0;0;0;0;
31016;4214945;621072384;34877440;575565824;0;0;0;0;0;0;0;0;0;0;0;3527;0;0;0;0;0;0;
31017;4716846;621072384;34877440;575565824;0;0;0;0;0;0;0;0;0;0;0;2825;0;0;0;0;0;0;
31018;5334364;621072384;34877440;575565824;0;0;0;0;0;0;0;0;0;0;0;4478;0;0;0;0;0;0;
31019;4675919;621072384;34877440;575565824;0;0;0;0;0;0;0;0;0;0;0;3827;0;0;0;0;0;0;
31020;4158459;621072384;34877440;575565824;0;0;0;0;0;0;0;0;0;0;0;3577;0;0;0;0;0;0;
31021;4738206;621072384;34877440;575565824;0;0;0;0;0;0;0;0;0;0;0;2855;0;0;0;0;0;0;
31022;4430519;621072384;34877440;575565824;0;0;0;0;0;0;0;0;0;0;0;3076;0;0;0;0;0;0;
31023;4778682;621072384;34877440;575565824;0;0;0;0;0;0;0;0;0;0;0;3246;0;0;0;0;0;0;
31024;4356851;621072384;34877440;575565824;0;0;0;0;0;0;0;0;0;0;0;3617;0;0;0;0;0;0;
31025;4820440;621072384;34877440;575565824;0;0;0;0;0;0;0;0;0;0;0;7224;0;0;0;0;0;0;
31026;4280919;621072384;34877440;575565824;0;0;0;0;0;0;0;0;0;0;0;4379;0;0;0;0;0;0;
31027;4766869;621072384;34877440;575565824;0;0;0;0;0;0;0;0;0;0;0;2575;0;0;0;0;0;0;
31028;3932696;621072384;34877440;575565824;0;0;0;0;0;0;0;0;0;0;0;3616;0;0;0;0;0;0;
31029;4695746;621072384;34877440;575565824;0;0;0;0;0;0;0;0;0;0;0;2635;0;0;0;0;0;0;
31030;3905815;621072384;34877440;575565824;0;0;0;0;0;0;0;0;0;0;0;4509;0;0;0;0;0;0;
31031;4564410;621072384;34877440;575565824;0;0;0;0;0;0;0;0;0;0;0;2545;0;0;0;0;0;0;
31032;3943826;621072384;34877440;575565824;0;0;0;0;0;0;0;0;0;0;0;4077;0;0;0;0;0;0;
31033;4923724;621072384;34877440;575565824;0;0;0;0;0;0;0;0;0;0;0;2856;0;0;0;0;0;0;
31034;4404641;621072384;34877440;575565824;0;0;0;0;0;0;0;0;0;0;0;4709;0;0;0;0;0;0;
31035;5591566;621072384;34877440;575565824;0;0;0;0;0;0;0;0;0;0;0;5851;0;0;0;0;0;0;
31036;4209505;621072384;34877440;575565824;0;0;0;0;0;0;0;0;0;0;0;4509;0;0;0;0;0;0;
31037;4972836;621072384;34877440;575565824;0;0;0;0;0;0;0;0;0;0;0;4799;0;0;0;0;0;0;
31038;4478880;621072384;34877440;575565824;0;0;0;0;0;0;0;0;0;0;0;4108;0;0;0;0;0;0;
31039;5368598;621072384;34877440;575565824;0;0;0;0;0;0;0;0;0;0;0;4799;0;0;0;0;0;0;
31040;4168127;621072384;34877440;575565824;0;0;0;0;0;0;0;0;0;0;0;3587;0;0;0;0;0;0;
31041;5283158;621072384;34877440;575565824;0;0;0;0;0;0;0;0;0;0;0;4659;0;0;0;0;0;0;
31042;3512547;621072384;34877440;575565824;0;0;0;0;0;0;0;0;0;0;0;3246;0;0;0;0;0;0;
31043;5012550;621072384;34877440;575565824;0;0;0;0;0;0;0;0;0;0;0;2996;0;0;0;0;0;0;
31044;3945620;621072384;34877440;575565824;0;0;0;0;0;0;0;0;0;0;0;3767;0;0;0;0;0;0;
31045;5261146;621072384;34877440;575565824;0;0;0;0;0;0;0;0;0;0;0;4919;0;0;0;0;0;0;
31046;4670680;621072384;34877440;575565824;0;0;0;0;0;0;0;0;0;0;0;4328;0;0;0;0;0;0;
31047;5221612;621072384;34877440;575565824;0;0;0;0;0;0;0;0;0;0;0;3596;0;0;0;0;0;0;
31048;5234677;621072384;34877440;575565824;0;0;0;0;0;0;0;0;0;0;0;3256;0;0;0;0;0;0;
31049;5202326;621072384;34877440;575565824;0;0;0;0;0;0;0;0;0;0;0;4459;0;0;0;0;0;0;
31050;3174153;621072384;34877440;575565824;0;0;0;0;0;0;0;0;0;0;0;3146;0;0;0;0;0;0;
31051;5134339;621072384;34877440;575565824;0;0;0;0;0;0;0;0;0;0;0;3847;0;0;0;0;0;0;
31052;3353269;621072384;34877440;575565824;0;0;0;0;0;0;0;0;0;0;0;4638;0;0;0;0;0;0;
31053;5494925;621072384;34877440;575565824;0;0;0;0;0;0;0;0;0;0;0;4048;0;0;0;0;0;0;
31054;4025399;621072384;34877440;575565824;0;0;0;0;0;0;0;0;0;0;0;4018;0;0;0;0;0;0;
31055;5126214;621072384;34877440;575565824;0;0;0;0;0;0;0;0;0;0;0;4017;0;0;0;0;0;0;
31056;3039670;621072384;34877440;575565824;0;0;0;0;0;0;0;0;0;0;0;3527;0;0;0;0;0;0;
31057;4601369;621072384;34877440;575565824;0;0;0;0;0;0;0;0;0;0;0;3707;0;0;0;0;0;0;
31058;2872888;621072384;34877440;575565824;0;0;0;0;0;0;0;0;0;0;0;3667;0;0;0;0;0;0;
31059;4905369;621072384;34877440;575565824;0;0;0;0;0;0;0;0;0;0;0;3176;0;0;0;0;0;0;
31060;3557862;621072384;34877440;575565824;0;0;0;0;0;0;0;0;0;0;0;3156;0;0;0;0;0;0;
31061;5502920;621072384;34877440;575565824;0;0;0;0;0;0;0;0;0;0;0;3597;0;0;0;0;0;0;
31062;3582599;621072384;34877440;575565824;0;0;0;0;0;0;0;0;0;0;0;3116;0;0;0;0;0;0;
31063;4918114;621072384;34877440;575565824;0;0;0;0;0;0;0;0;0;0;0;3537;0;0;0;0;0;0;
31064;3673029;621072384;34877440;575565824;0;0;0;0;0;0;0;0;0;0;0;4719;0;0;0;0;0;0;
31065;4710765;621072384;34877440;575565824;0;0;0;0;0;0;0;0;0;0;0;2916;0;0;0;0;0;0;
31066;3707843;621072384;34877440;575565824;0;0;0;0;0;0;0;0;0;0;0;3977;0;0;0;0;0;0;
31067;5151070;621072384;34877440;575565824;0;0;0;0;0;0;0;0;0;0;0;5511;0;0;0;0;0;0;
31068;3627714;621072384;34877440;575565824;0;0;0;0;0;0;0;0;0;0;0;4288;0;0;0;0;0;0;
31069;5438620;621072384;34877440;575565824;0;0;0;0;0;0;0;0;0;0;0;4388;0;0;0;0;0;0;
31070;3851994;621072384;34877440;575565824;0;0;0;0;0;0;0;0;0;0;0;4638;0;0;0;0;0;0;
31071;5327781;621072384;34877440;575565824;0;0;0;0;0;0;0;0;0;0;0;3717;0;0;0;0;0;0;
31072;3065119;621072384;34877440;575565824;0;0;0;0;0;0;0;0;0;0;0;4208;0;0;0;0;0;0;
31073;5191135;621072384;34877440;575565824;0;0;0;0;0;0;0;0;0;0;0;3847;0;0;0;0;0;0;
31074;3693787;621072384;34877440;575565824;0;0;0;0;0;0;0;0;0;0;0;3747;0;0;0;0;0;0;
31075;5626392;621072384;34877440;575565824;0;0;0;0;0;0;0;0;0;0;0;4238;0;0;0;0;0;0;
31076;3070228;621072384;34877440;575565824;0;0;0;0;0;0;0;0;0;0;0;3566;0;0;0;0;0;0;
31077;4994376;621072384;34877440;575565824;0;0;0;0;0;0;0;0;0;0;0;5430;0;0;0;0;0;0;
31078;3202876;621072384;34877440;575565824;0;0;0;0;0;0;0;0;0;0;0;3757;0;0;0;0;0;0;
31079;5168983;621072384;34877440;575565824;0;0;0;0;0;0;0;0;0;0;0;4498;0;0;0;0;0;0;
31080;3554436;621072384;34877440;575565824;0;0;0;0;0;0;0;0;0;0;0;4349;0;0;0;0;0;0;
31081;4628871;621072384;34877440;575565824;0;0;0;0;0;0;0;0;0;0;0;3075;0;0;0;0;0;0;
31082;3898131;621072384;34877440;575565824;0;0;0;0;0;0;0;0;0;0;0;3516;0;0;0;0;0;0;
31083;4740490;621072384;34877440;575565824;0;0;0;0;0;0;0;0;0;0;0;2555;0;0;0;0;0;0;
31084;4654339;621072384;34877440;575565824;0;0;0;0;0;0;0;0;0;0;0;3236;0;0;0;0;0;0;
31085;4611549;621072384;34877440;575565824;0;0;0;0;0;0;0;0;0;0;0;2705;0;0;0;0;0;0;
31086;4336202;621072384;34877440;575565824;0;0;0;0;0;0;0;0;0;0;0;3516;0;0;0;0;0;0;
31087;4787899;621072384;34877440;575565824;0;0;0;0;0;0;0;0;0;0;0;2645;0;0;0;0;0;0;
31088;3535620;621072384;34877440;575565824;0;0;0;0;0;0;0;0;0;0;0;3867;0;0;0;0;0;0;
31089;4818025;621072384;34877440;575565824;0;0;0;0;0;0;0;0;0;0;0;2675;0;0;0;0;0;0;
31090;3726499;621072384;34877440;575565824;0;0;0;0;0;0;0;0;0;0;0;3707;0;0;0;0;0;0;
31091;4736783;621072384;34877440;575565824;0;0;0;0;0;0;0;0;0;0;0;2976;0;0;0;0;0;0;
31092;3829652;621072384;34877440;575565824;0;0;0;0;0;0;0;0;0;0;0;3036;0;0;0;0;0;0;
31093;4876195;621072384;34877440;575565824;0;0;0;0;0;0;0;0;0;0;0;40977;0;0;0;0;0;0;
31094;3197677;621072384;34877440;575565824;0;0;0;0;0;0;0;0;0;0;0;3968;0;0;0;0;0;0;
31095;4616037;621072384;34877440;575565824;0;0;0;0;0;0;0;0;0;0;0;4609;0;0;0;0;0;0;
31096;3299568;621072384;34877440;575565824;0;0;0;0;0;0;0;0;0;0;0;4087;0;0;0;0;0;0;
31097;4600748;621072384;34877440;575565824;0;0;0;0;0;0;0;0;0;0;0;2665;0;0;0;0;0;0;
31098;3307803;621072384;34877440;575565824;0;0;0;0;0;0;0;0;0;0;0;3667;0;0;0;0;0;0;
31099;4654640;621072384;34877440;575565824;0;0;0;0;0;0;0;0;0;0;0;3156;0;0;0;0;0;0;
31100;3216703;621072384;34877440;575565824;0;0;0;0;0;0;0;0;0;0;0;3617;0;0;0;0;0;0;
31101;4825980;621072384;34877440;575565824;0;0;0;0;0;0;0;0;0;0;0;4268;0;0;0;0;0;0;
31102;3069216;621072384;34877440;575565824;0;0;0;0;0;0;0;0;0;0;0;3266;0;0;0;0;0;0;
31103;4992864;621072384;34877440;575565824;0;0;0;0;0;0;0;0;0;0;0;4378;0;0;0;0;0;0;
31104;3228304;621072384;34877440;575565824;0;0;0;0;0;0;0;0;0;0;0;3677;0;0;0;0;0;0;
31105;5031516;621072384;34877440;575565824;0;0;0;0;0;0;0;0;0;0;0;2695;0;0;0;0;0;0;
31106;3747207;621072384;34877440;575565824;0;0;0;0;0;0;0;0;0;0;0;3186;0;0;0;0;0;0;
31107;5251729;621072384;34877440;575565824;0;0;0;0;0;0;0;0;0;0;0;4028;0;0;0;0;0;0;
31108;4084650;621072384;34877440;575565824;0;0;0;0;0;0;0;0;0;0;0;5761;0;0;0;0;0;0;
31109;5394297;621072384;34877440;575565824;0;0;0;0;0;0;0;0;0;0;0;4218;0;0;0;0;0;0;
31110;4353495;621072384;34877440;575565824;0;0;0;0;0;0;0;0;0;0;0;4408;0;0;0;0;0;0;
31111;4925738;621072384;34877440;575565824;0;0;0;0;0;0;0;0;0;0;0;2895;0;0;0;0;0;0;
31112;4191521;621072384;34877440;575565824;0;0;0;0;0;0;0;0;0;0;0;4479;0;0;0;0;0;0;
31113;4578216;621072384;34877440;575565824;0;0;0;0;0;0;0;0;0;0;0;2455;0;0;0;0;0;0;
31114;3821897;621072384;34877440;575565824;0;0;0;0;0;0;0;0;0;0;0;4238;0;0;0;0;0;0;
31115;4561044;621072384;34877440;575565824;0;0;0;0;0;0;0;0;0;0;0;2745;0;0;0;0;0;0;
31116;3216602;621072384;34877440;575565824;0;0;0;0;0;0;0;0;0;0;0;4288;0;0;0;0;0;0;
31117;4988956;621072384;34877440;575565824;0;0;0;0;0;0;0;0;0;0;0;2765;0;0;0;0;0;0;
31118;3087440;621072384;34877440;575565824;0;0;0;0;0;0;0;0;0;0;0;4428;0;0;0;0;0;0;
31119;5054329;621072384;34877440;575565824;0;0;0;0;0;0;0;0;0;0;0;4077;0;0;0;0;0;0;
31120;3835263;621072384;34877440;575565824;0;0;0;0;0;0;0;0;0;0;0;3617;0;0;0;0;0;0;
31121;4712558;621072384;34877440;575565824;0;0;0;0;0;0;0;0;0;0;0;3166;0;0;0;0;0;0;
31122;3799917;621072384;34877440;575565824;0;0;0;0;0;0;0;0;0;0;0;4248;0;0;0;0;0;0;
31123;4750860;621072384;34877440;575565824;0;0;0;0;0;0;0;0;0;0;0;2855;0;0;0;0;0;0;
31124;3790599;621072384;34877440;575565824;0;0;0;0;0;0;0;0;0;0;0;3868;0;0;0;0;0;0;
31125;4910259;621072384;34877440;575565824;0;0;0;0;0;0;0;0;0;0;0;2505;0;0;0;0;0;0;
31126;3649143;621072384;34877440;575565824;0;0;0;0;0;0;0;0;0;0;0;3537;0;0;0;0;0;0;
31127;5039030;621072384;34877440;575565824;0;0;0;0;0;0;0;0;0;0;0;4359;0;0;0;0;0;0;
31128;3327490;621072384;34877440;575565824;0;0;0;0;0;0;0;0;0;0;0;2915;0;0;0;0;0;0;
31129;5004976;621072384;34877440;575565824;0;0;0;0;0;0;0;0;0;0;0;3066;0;0;0;0;0;0;
31130;3077962;621072384;34877440;575565824;0;0;0;0;0;0;0;0;0;0;0;2866;0;0;0;0;0;0;
31131;5360934;621072384;34877440;575565824;0;0;0;0;0;0;0;0;0;0;0;3837;0;0;0;0;0;0;
31132;3476290;621072384;34877440;575565824;0;0;0;0;0;0;0;0;0;0;0;4298;0;0;0;0;0;0;
31133;4919065;621072384;34877440;575565824;0;0;0;0;0;0;0;0;0;0;0;3176;0;0;0;0;0;0;
31134;3591215;621072384;34877440;575565824;0;0;0;0;0;0;0;0;0;0;0;4789;0;0;0;0;0;0;
31135;5370602;621072384;34877440;575565824;0;0;0;0;0;0;0;0;0;0;0;3687;0;0;0;0;0;0;
31136;3505053;621072384;34877440;575565824;0;0;0;0;0;0;0;0;0;0;0;3516;0;0;0;0;0;0;
31137;5196285;621072384;34877440;575565824;0;0;0;0;0;0;0;0;0;0;0;4168;0;0;0;0;0;0;
31138;3728753;621072384;34877440;575565824;0;0;0;0;0;0;0;0;0;0;0;3857;0;0;0;0;0;0;
31139;5036335;621072384;34877440;575565824;0;0;0;0;0;0;0;0;0;0;0;4208;0;0;0;0;0;0;
31140;3431966;621072384;34877440;575565824;0;0;0;0;0;0;0;0;0;0;0;3757;0;0;0;0;0;0;
31141;5358249;621072384;34877440;575565824;0;0;0;0;0;0;0;0;0;0;0;4047;0;0;0;0;0;0;
31142;3795688;621072384;34877440;575565824;0;0;0;0;0;0;0;0;0;0;0;3988;0;0;0;0;0;0;
31143;5146662;621072384;34877440;575565824;0;0;0;0;0;0;0;0;0;0;0;4208;0;0;0;0;0;0;
31144;3283487;621072384;34877440;575565824;0;0;0;0;0;0;0;0;0;0;0;2945;0;0;0;0;0;0;
31145;4948200;621072384;34877440;575565824;0;0;0;0;0;0;0;0;0;0;0;3897;0;0;0;0;0;0;
31146;3057343;621072384;34877440;575565824;0;0;0;0;0;0;0;0;0;0;0;3247;0;0;0;0;0;0;
31147;5107979;621072384;34877440;575565824;0;0;0;0;0;0;0;0;0;0;0;3667;0;0;0;0;0;0;
31148;3529429;621072384;34877440;575565824;0;0;0;0;0;0;0;0;0;0;0;3596;0;0;0;0;0;0;
31149;5220370;621072384;34877440;575565824;0;0;0;0;0;0;0;0;0;0;0;3707;0;0;0;0;0;0;
31150;3715738;621072384;34877440;575565824;0;0;0;0;0;0;0;0;0;0;0;3637;0;0;0;0;0;0;
31151;5368748;621072384;34877440;575565824;0;0;0;0;0;0;0;0;0;0;0;4088;0;0;0;0;0;0;
31152;3047566;621072384;34877440;575565824;0;0;0;0;0;0;0;0;0;0;0;3897;0;0;0;0;0;0;
31153;4969890;621072384;34877440;575565824;0;0;0;0;0;0;0;0;0;0;0;4388;0;0;0;0;0;0;
31154;3667147;621072384;34877440;575565824;0;0;0;0;0;0;0;0;0;0;0;4659;0;0;0;0;0;0;
31155;4819528;621072384;34877440;575565824;0;0;0;0;0;0;0;0;0;0;0;3446;0;0;0;0;0;0;
31156;3239626;621072384;34877440;575565824;0;0;0;0;0;0;0;0;0;0;0;4038;0;0;0;0;0;0;
31157;4743375;621072384;34877440;575565824;0;0;0;0;0;0;0;0;0;0;0;2736;0;0;0;0;0;0;
31158;3417750;621072384;34877440;575565824;0;0;0;0;0;0;0;0;0;0;0;4177;0;0;0;0;0;0;
31159;4667834;621072384;34877440;575565824;0;0;0;0;0;0;0;0;0;0;0;2986;0;0;0;0;0;0;
31160;3929038;621072384;34877440;575565824;0;0;0;0;0;0;0;0;0;0;0;4298;0;0;0;0;0;0;
31161;5028571;621072384;34877440;575565824;0;0;0;0;0;0;0;0;0;0;0;4348;0;0;0;0;0;0;
31162;4177114;621072384;34877440;575565824;0;0;0;0;0;0;0;0;0;0;0;3657;0;0;0;0;0;0;
31163;5005146;621072384;34877440;575565824;0;0;0;0;0;0;0;0;0;0;0;2475;0;0;0;0;0;0;
31164;3869467;621072384;34877440;575565824;0;0;0;0;0;0;0;0;0;0;0;4499;0;0;0;0;0;0;
31165;4583866;621072384;34877440;575565824;0;0;0;0;0;0;0;0;0;0;0;2996;0;0;0;0;0;0;
31166;4073580;621072384;34877440;575565824;0;0;0;0;0;0;0;0;0;0;0;3056;0;0;0;0;0;0;
31167;4639321;621072384;34877440;575565824;0;0;0;0;0;0;0;0;0;0;0;2474;0;0;0;0;0;0;
31168;4094189;621072384;34877440;575565824;0;0;0;0;0;0;0;0;0;0;0;3416;0;0;0;0;0;0;
31169;4809830;621072384;34877440;575565824;0;0;0;0;0;0;0;0;0;0;0;3447;0;0;0;0;0;0;
31170;3415946;621072384;34877440;575565824;0;0;0;0;0;0;0;0;0;0;0;2936;0;0;0;0;0;0;
31171;4670249;621072384;34877440;575565824;0;0;0;0;0;0;0;0;0;0;0;2445;0;0;0;0;0;0;
31172;3285101;621072384;34877440;575565824;0;0;0;0;0;0;0;0;0;0;0;3316;0;0;0;0;0;0;
31173;4638038;621072384;34877440;575565824;0;0;0;0;0;0;0;0;0;0;0;3867;0;0;0;0;0;0;
31174;3006027;621072384;34877440;575565824;0;0;0;0;0;0;0;0;0;0;0;3406;0;0;0;0;0;0;
31175;4800142;621072384;34877440;575565824;0;0;0;0;0;0;0;0;0;0;0;2765;0;0;0;0;0;0;
31176;3805016;621072384;34877440;575565824;0;0;0;0;0;0;0;0;0;0;0;3286;0;0;0;0;0;0;
31177;5025465;621072384;34877440;575565824;0;0;0;0;0;0;0;0;0;0;0;3496;0;0;0;0;0;0;
31178;3539528;621072384;34877440;575565824;0;0;0;0;0;0;0;0;0;0;0;4188;0;0;0;0;0;0;
31179;5278570;621072384;34877440;575565824;0;0;0;0;0;0;0;0;0;0;0;5420;0;0;0;0;0;0;
31180;4159430;621072384;34877440;575565824;0;0;0;0;0;0;0;0;0;0;0;3517;0;0;0;0;0;0;
31181;5671867;621072384;34877440;575565824;0;0;0;0;0;0;0;0;0;0;0;3967;0;0;0;0;0;0;
31182;3754421;621072384;34877440;575565824;0;0;0;0;0;0;0;0;0;0;0;3727;0;0;0;0;0;0;
31183;5203378;621072384;34877440;575565824;0;0;0;0;0;0;0;0;0;0;0;2976;0;0;0;0;0;0;
31184;3441765;621072384;34877440;575565824;0;0;0;0;0;0;0;0;0;0;0;3467;0;0;0;0;0;0;
31185;5080388;621072384;34877440;575565824;0;0;0;0;0;0;0;0;0;0;0;4057;0;0;0;0;0;0;
